Phytophthora/models/20240430_1251_44/Phytophthora_PA3_RUN9_MAXENT_outputs/Phytophthora_PA3_RUN9.asc
ncols         225
nrows         269
xllcorner     473000.0
yllcorner     4429100.0
cellsize      50.0
NODATA_value  -9999
[rows 162 to 188 of 269, columns 60 to 119 of 225]
3.13455E-1 1.24459E-1 2.8711E-1 2.17177E-1 3.93562E-1 4.85999E-1 5.39192E-1 5.22212E-1 4.7915E-1 4.50265E-1 2.23055E-1 5.27007E-1 5.88355E-1 3.05287E-1 6.57559E-1 3.80889E-1 5.48392E-1 5.27552E-1 5.49773E-1 5.96246E-1 5.9931E-1 6.09729E-1 6.20852E-1 3.51138E-1 7.41584E-1 6.44334E-1 4.27156E-1 3.27493E-1 6.88128E-1 6.28843E-1 5.26378E-1 4.80011E-1 5.40415E-1 5.51475E-1 5.22987E-1 5.14836E-1 5.13559E-1 5.10221E-1 4.89755E-1 5.11164E-1 4.97011E-1 4.92095E-1 1.94618E-1 4.82687E-1 4.50525E-1 4.07537E-1 3.88359E-1 3.46029E-1 3.12435E-1 2.60291E-1 1.77802E-1 2.04589E-1 1.76531E-1 1.72716E-1 1.72934E-1 2.27638E-1 2.8281E-1 3.2534E-1 3.82481E-1 6.42159E-1
9.24502E-2 3.7571E-1 3.72017E-1 4.15347E-1 4.3114E-1 4.04346E-1 1.5543E-1 3.27178E-1 4.37679E-1 5.14515E-1 5.19581E-1 5.06577E-1 5.71783E-1 6.35813E-1 6.1167E-1 4.21537E-1 5.8012E-1 5.20977E-1 4.94985E-1 5.40304E-1 5.37916E-1 5.33158E-1 5.84529E-1 6.43088E-1 6.46616E-1 6.19107E-1 1.84699E-1 4.75083E-1 6.58055E-1 6.18306E-1 5.32301E-1 4.70799E-1 4.1177E-1 3.01855E-1 4.28566E-1 4.61109E-1 4.98485E-1 5.44324E-1 5.77384E-1 5.97917E-1 9.5059E-2 5.64936E-1 5.43082E-1 5.1545E-1 4.64755E-1 4.44726E-1 4.23463E-1 3.97432E-1 3.52379E-1 2.8445E-1 1.94475E-1 2.21912E-1 1.48414E-1 1.70821E-1 1.84189E-1 2.01495E-1 3.26637E-1 3.9699E-1 5.97187E-1 6.37172E-1
3.94826E-1 3.94527E-1 3.52121E-1 3.92347E-1 4.59558E-1 4.39868E-1 4.5344E-1 4.33326E-1 4.85395E-1 1.62809E-1 5.58222E-1 4.76353E-1 4.69089E-1 5.27425E-1 4.79244E-1 -9999 4.66607E-1 3.87716E-1 4.92551E-1 5.14707E-1 4.8242E-1 4.92837E-1 3.89848E-1 6.78147E-1 6.37001E-1 6.36278E-1 6.44143E-1 4.51004E-1 6.84065E-1 6.34227E-1 5.49891E-1 4.70914E-1 4.2402E-1 4.30357E-1 5.07512E-1 5.54908E-1 5.92129E-1 6.34186E-1 6.59782E-1 6.56697E-1 5.73823E-1 4.7507E-1 4.18103E-1 3.78235E-1 3.74753E-1 3.8894E-1 3.68567E-1 3.4379E-1 3.08415E-1 2.45371E-1 1.72674E-1 1.18612E-1 2.30858E-1 2.32899E-1 2.92699E-1 2.91678E-1 3.68984E-1 5.90731E-1 6.3049E-1 2.65461E-1
3.45125E-1 3.73278E-1 4.37595E-1 4.91302E-1 4.56688E-1 4.62964E-1 4.56733E-1 4.20987E-1 4.85616E-1 5.43073E-1 5.95639E-1 5.36401E-1 4.26934E-1 4.15677E-1 3.77044E-1 2.38406E-1 4.02675E-1 4.50011E-1 5.75187E-1 5.87558E-1 5.22667E-1 4.8229E-1 6.49331E-1 6.68814E-1 6.41095E-1 6.30746E-1 6.58374E-1 2.85496E-1 6.64295E-1 6.30029E-1 5.82141E-1 5.4976E-1 3.26831E-1 4.91085E-1 5.25109E-1 6.06003E-1 6.72918E-1 7.27886E-1 4.71104E-1 7.0057E-1 6.09794E-1 5.10959E-1 4.21902E-1 3.65387E-1 3.44655E-1 3.5316E-1 3.29178E-1 3.07119E-1 2.76928E-1 2.3263E-1 1.85596E-1 2.09147E-1 2.42265E-1 2.97555E-1 3.50551E-1 3.55462E-1 5.97032E-1 3.95587E-1 5.90356E-1 5.72158E-1
4.41922E-1 4.73899E-1 5.0722E-1 5.16986E-1 5.07373E-1 4.77163E-1 4.74866E-1 4.52684E-1 5.09305E-1 5.78119E-1 6.34276E-1 6.14208E-1 5.68406E-1 5.38607E-1 5.24759E-1 5.14555E-1 3.3456E-1 6.23879E-1 7.45463E-1 6.99244E-1 6.05763E-1 4.27028E-1 4.84831E-1 3.78983E-1 6.9345E-1 3.95902E-1 6.22844E-1 6.45909E-1 6.6224E-1 6.39264E-1 6.08284E-1 5.94047E-1 4.58623E-1 5.38954E-1 5.49576E-1 5.80043E-1 6.37325E-1 6.8321E-1 6.09656E-1 5.22693E-1 5.31821E-1 5.04426E-1 4.35706E-1 3.64376E-1 3.33522E-1 3.23005E-1 3.08797E-1 2.88417E-1 2.72227E-1 2.47956E-1 2.3293E-1 2.79884E-1 3.25796E-1 3.81305E-1 4.70933E-1 6.21028E-1 5.21284E-1 6.17393E-1 4.51639E-1 6.07967E-1
4.50908E-1 5.02792E-1 5.27122E-1 5.21425E-1 5.44688E-1 5.3279E-1 5.25129E-1 5.05819E-1 5.04296E-1 5.85901E-1 2.7517E-1 6.49435E-1 6.48846E-1 6.13824E-1 6.3662E-1 7.10654E-1 6.76181E-1 7.06711E-1 7.74647E-1 7.47869E-1 5.91175E-1 4.84889E-1 4.80516E-1 6.19182E-1 7.27636E-1 5.63577E-1 5.78852E-1 6.21855E-1 4.15179E-1 6.76982E-1 5.24385E-1 5.35873E-1 5.25556E-1 5.54779E-1 5.34482E-1 5.50257E-1 5.93756E-1 2.28427E-1 5.77718E-1 5.10504E-1 5.18133E-1 4.78069E-1 4.1956E-1 3.51282E-1 3.06974E-1 2.77135E-1 2.56338E-1 2.34765E-1 2.49754E-1 2.32088E-1 2.40918E-1 3.24401E-1 3.74331E-1 4.4751E-1 5.41249E-1 2.95202E-1 4.96628E-1 3.25532E-1 3.90738E-1 3.40648E-1
5.00338E-1 5.5712E-1 5.80206E-1 5.62424E-1 5.74061E-1 5.81087E-1 5.76081E-1 5.47622E-1 5.20186E-1 5.61783E-1 6.10131E-1 6.76323E-1 6.37944E-1 3.93069E-1 6.59517E-1 7.22202E-1 7.89551E-1 4.86218E-1 7.50773E-1 7.75078E-1 6.28142E-1 5.33289E-1 4.82309E-1 5.65576E-1 7.03728E-1 4.79359E-1 5.22712E-1 6.15654E-1 6.51644E-1 4.24232E-1 6.11411E-1 1.32491E-1 5.6478E-1 5.55592E-1 5.44316E-1 5.1598E-1 1.35914E-1 4.93296E-1 4.6501E-1 4.62989E-1 5.08076E-1 4.3684E-1 3.81794E-1 3.10174E-1 2.63285E-1 2.24175E-1 2.19639E-1 2.15969E-1 2.13447E-1 2.57496E-1 2.69763E-1 3.65103E-1 4.16504E-1 4.76526E-1 2.11542E-1 5.79773E-1 1.99527E-1 4.33652E-1 3.5024E-1 2.87954E-1
5.7401E-1 6.36777E-1 6.31977E-1 6.07376E-1 6.19192E-1 1.10861E-1 1.61197E-1 1.54991E-1 5.48279E-1 6.11895E-1 6.32197E-1 6.61887E-1 6.65892E-1 5.24119E-1 5.31836E-1 2.5086E-1 4.69228E-1 7.60937E-1 5.21405E-1 7.47292E-1 5.97937E-1 5.64324E-1 5.26842E-1 3.83452E-1 5.65725E-1 4.6996E-1 4.86667E-1 5.91403E-1 5.92141E-1 5.71518E-1 6.31278E-1 6.51463E-1 3.8365E-1 9.87204E-2 5.28999E-1 5.22415E-1 1.64823E-1 5.15628E-1 4.88533E-1 5.23346E-1 5.38745E-1 4.62137E-1 3.8859E-1 3.18945E-1 2.86419E-1 2.35293E-1 2.09414E-1 1.86929E-1 2.36258E-1 3.13994E-1 3.16491E-1 3.97697E-1 4.60476E-1 3.32071E-1 6.35393E-1 4.8589E-1 2.48629E-1 4.44914E-1 3.66118E-1 3.46958E-1
5.71715E-1 5.60264E-1 5.56931E-1 5.54718E-1 2.86637E-1 5.71742E-1 5.44903E-1 5.19642E-1 5.27061E-1 5.82101E-1 6.4061E-1 6.64081E-1 6.28607E-1 8.42089E-2 5.21547E-1 6.35124E-1 5.96937E-1 5.28816E-1 5.90301E-1 3.26761E-1 5.38502E-1 3.7168E-1 2.71051E-1 4.81351E-1 6.46058E-1 5.20343E-1 5.79641E-1 6.75999E-1 2.35778E-1 5.17544E-1 5.22538E-1 5.96795E-1 6.64963E-1 6.36683E-1 1.93087E-1 1.57867E-1 5.72097E-1 5.78781E-1 5.78483E-1 5.7186E-1 5.91051E-1 5.2767E-1 4.53534E-1 3.83224E-1 3.46092E-1 2.7149E-1 2.30056E-1 1.83784E-1 2.20248E-1 3.28574E-1 4.03449E-1 4.66822E-1 5.10472E-1 3.58516E-1 5.29692E-1 5.48367E-1 5.03537E-1 4.60259E-1 3.96782E-1 3.51769E-1
7.13969E-1 6.80187E-1 6.69306E-1 5.80893E-1 3.03059E-1 6.26069E-1 5.65289E-1 5.68382E-1 5.86433E-1 6.28124E-1 6.2527E-1 5.60856E-1 5.28625E-1 4.64657E-1 5.6086E-1 6.00969E-1 5.34043E-1 5.15282E-1 3.59028E-1 5.63208E-1 1.09968E-1 5.87716E-1 6.16007E-1 5.4833E-1 6.68876E-1 1.80151E-1 4.86119E-1 5.74238E-1 5.33026E-1 4.2738E-1 3.74489E-1 4.56424E-1 6.24931E-1 6.58917E-1 7.03212E-1 7.23678E-1 6.52106E-1 6.2674E-1 5.98779E-1 5.48445E-1 6.10579E-1 5.08395E-1 4.27631E-1 3.59308E-1 3.11276E-1 2.31259E-1 1.8755E-1 1.40623E-1 1.58038E-1 2.25669E-1 3.19909E-1 4.69256E-1 5.56155E-1 4.77083E-1 5.3768E-1 5.97838E-1 5.64007E-1 5.14687E-1 4.77881E-1 4.43969E-1
1.89666E-1 3.66987E-1 5.96958E-1 1.46462E-1 5.64567E-1 5.637E-1 5.4781E-1 5.40796E-1 5.67021E-1 6.22863E-1 5.54706E-1 4.96198E-1 5.43261E-1 3.65496E-1 5.70259E-1 5.46534E-1 6.32421E-1 2.93962E-1 5.8635E-1 5.84096E-1 5.8862E-1 5.65271E-1 6.39893E-1 2.28121E-1 4.97045E-1 4.0324E-1 5.93648E-1 5.99671E-1 5.76931E-1 5.3986E-1 5.61774E-1 6.17999E-1 6.14369E-1 6.69167E-1 6.55577E-1 6.69017E-1 5.94476E-1 5.52753E-1 5.88614E-1 6.50274E-1 6.70471E-1 4.96285E-1 4.57457E-1 3.76217E-1 3.37137E-1 2.34959E-1 1.65698E-1 1.24247E-1 1.4142E-1 2.11017E-1 3.02878E-1 3.91464E-1 4.97158E-1 3.93959E-1 5.50898E-1 6.00429E-1 3.70447E-1 6.00988E-1 5.7096E-1 4.37779E-1
5.73976E-1 5.66849E-1 5.37189E-1 5.58899E-1 5.32298E-1 5.18254E-1 5.35752E-1 5.09607E-1 5.73123E-1 5.92818E-1 5.1826E-1 5.12197E-1 5.29297E-1 1.50037E-1 5.13137E-1 3.80355E-1 3.86905E-1 5.95685E-1 6.07038E-1 6.08319E-1 5.9167E-1 4.58767E-1 5.86986E-1 6.41819E-1 2.31986E-1 4.81068E-1 7.91094E-2 5.25326E-1 5.84976E-1 5.35003E-1 5.62513E-1 5.63609E-1 5.99841E-1 6.5768E-1 4.46169E-1 6.27436E-1 5.60841E-1 4.87597E-1 5.80312E-1 6.21697E-1 5.68264E-1 4.58335E-1 4.2027E-1 3.62325E-1 3.20494E-1 2.11832E-1 1.68208E-1 1.20194E-1 1.95761E-1 2.15493E-1 2.7003E-1 3.43246E-1 4.10254E-1 3.98357E-1 5.35265E-1 6.29931E-1 1.57684E-1 6.32176E-1 5.32364E-1 3.97427E-1
4.46929E-1 4.16048E-1 5.35851E-1 5.23542E-1 4.95415E-1 4.792E-1 5.15986E-1 5.37147E-1 5.58546E-1 5.82734E-1 4.96703E-1 5.29703E-1 5.6528E-1 1.01062E-1 2.56029E-1 6.36124E-1 6.45585E-1 6.14934E-1 6.61673E-1 6.41389E-1 4.65357E-1 6.25904E-1 5.92047E-1 5.37852E-1 4.71707E-1 5.60108E-1 5.85174E-1 5.41856E-1 4.94246E-1 4.60417E-1 4.81345E-1 5.24845E-1 4.99866E-1 4.85685E-1 5.38274E-1 5.173E-1 4.3368E-1 3.91078E-1 6.07386E-1 6.10998E-1 5.87941E-1 4.88103E-1 4.64768E-1 3.43979E-1 2.7851E-1 2.15857E-1 1.71108E-1 1.78041E-1 2.25078E-1 2.50785E-1 3.01636E-1 3.58165E-1 3.98391E-1 2.97828E-1 5.31124E-1 3.88693E-1 6.45626E-1 5.9774E-1 4.98361E-1 4.29717E-1
5.15513E-1 5.23577E-1 4.47806E-1 5.00965E-1 5.05845E-1 5.53476E-1 5.69219E-1 5.26577E-1 5.31179E-1 5.425E-1 5.20719E-1 5.82173E-1 6.00284E-1 2.68619E-1 6.04956E-1 6.30798E-1 6.032E-1 6.18997E-1 6.79069E-1 6.69487E-1 6.34424E-1 6.36887E-1 6.20108E-1 2.08121E-1 4.78303E-1 5.40288E-1 5.80114E-1 1.98414E-1 5.26827E-1 4.63928E-1 4.68457E-1 4.62318E-1 4.65805E-1 4.11825E-1 3.50886E-1 3.3404E-1 2.77329E-1 2.95681E-1 3.75901E-1 5.3417E-1 5.11046E-1 4.40844E-1 3.65347E-1 2.52183E-1 2.40015E-1 1.94593E-1 1.94905E-1 2.25506E-1 2.57056E-1 3.06934E-1 3.46889E-1 4.00068E-1 4.31795E-1 1.16357E-1 4.7288E-1 5.04676E-1 4.92427E-1 5.18719E-1 5.03819E-1 4.26432E-1
5.74765E-1 5.73372E-1 5.60291E-1 5.31215E-1 5.6457E-1 5.74866E-1 5.72475E-1 5.69158E-1 5.33768E-1 5.38858E-1 5.61009E-1 6.06035E-1 6.00656E-1 5.5178E-1 6.0301E-1 6.19606E-1 5.852E-1 5.50956E-1 5.76836E-1 6.38496E-1 6.91486E-1 3.40644E-1 6.48267E-1 -9999 5.68766E-1 6.20202E-1 6.62773E-1 6.76894E-1 4.45454E-1 6.14065E-1 5.42534E-1 2.61623E-1 4.97614E-1 4.15928E-1 3.50813E-1 3.61096E-1 3.75518E-1 3.73628E-1 5.33763E-1 5.71627E-1 5.222E-1 4.43166E-1 3.72166E-1 2.98914E-1 2.69266E-1 1.80635E-1 1.9502E-1 2.28974E-1 2.71047E-1 3.58846E-1 4.31086E-1 4.82597E-1 5.00072E-1 1.90522E-1 3.86817E-1 4.01038E-1 9.60836E-2 4.92443E-1 4.88934E-1 3.94843E-1
6.00247E-1 5.99057E-1 1.05786E-1 5.82605E-1 5.8088E-1 6.02978E-1 5.84378E-1 6.20491E-1 5.01851E-1 4.51694E-1 4.59067E-1 4.7838E-1 5.09098E-1 4.76089E-1 5.97172E-1 3.34559E-1 6.11766E-1 5.88696E-1 6.38916E-1 6.71337E-1 3.53319E-1 7.37837E-1 3.1286E-1 4.64299E-1 6.39105E-1 5.63585E-1 5.15196E-1 5.42859E-1 6.0155E-1 5.71895E-1 5.16754E-1 4.673E-1 4.21696E-1 3.54681E-1 3.13754E-1 3.95153E-1 -9999 -9999 6.09351E-1 5.98738E-1 5.35672E-1 4.7054E-1 4.29632E-1 3.4292E-1 2.8403E-1 2.00771E-1 2.11932E-1 2.51448E-1 3.02797E-1 3.73233E-1 4.45381E-1 5.19148E-1 5.52804E-1 4.10343E-1 4.35607E-1 4.52767E-1 5.06024E-1 5.43477E-1 5.36116E-1 4.05035E-1
5.54042E-1 5.54907E-1 5.79247E-1 5.97441E-1 5.21563E-1 6.61454E-1 6.21361E-1 5.90813E-1 4.75801E-1 4.98906E-1 5.20428E-1 5.47092E-1 3.06938E-1 5.61144E-1 5.26311E-1 5.55203E-1 2.46562E-1 6.17608E-1 6.39139E-1 3.94754E-1 6.74916E-1 7.08223E-1 7.08732E-1 6.72462E-1 6.26659E-1 5.67191E-1 5.93012E-1 5.79725E-1 5.99473E-1 5.7655E-1 5.14097E-1 4.67478E-1 4.34747E-1 3.58964E-1 3.21098E-1 4.21886E-1 5.9171E-1 1.61272E-1 7.46078E-1 6.6756E-1 6.21242E-1 5.45617E-1 4.8551E-1 3.69295E-1 2.6006E-1 1.8379E-1 1.99979E-1 3.04986E-1 3.68374E-1 4.47798E-1 5.01662E-1 5.74538E-1 6.58071E-1 6.32934E-1 5.21842E-1 4.4319E-1 5.15071E-1 4.60854E-1 5.5876E-1 5.11594E-1
5.28417E-1 5.17388E-1 5.31525E-1 6.30143E-1 2.92697E-1 7.44157E-1 6.47914E-1 4.72801E-1 5.11669E-1 5.85074E-1 6.02205E-1 2.48597E-1 5.85423E-1 5.6014E-1 5.06967E-1 5.40093E-1 6.02368E-1 6.18868E-1 4.53666E-1 6.93627E-1 6.74711E-1 7.00939E-1 5.44631E-1 6.73312E-1 5.65399E-1 5.18042E-1 6.05276E-1 6.20502E-1 3.82802E-1 5.72049E-1 5.20614E-1 5.21684E-1 4.68882E-1 4.47347E-1 4.40824E-1 5.52516E-1 6.23187E-1 2.61102E-1 7.59122E-1 7.18882E-1 6.60205E-1 5.75331E-1 5.13969E-1 3.8575E-1 2.84698E-1 1.88014E-1 2.25515E-1 3.10462E-1 3.62725E-1 4.77199E-1 5.37312E-1 5.81159E-1 5.16309E-1 6.11927E-1 4.97508E-1 4.08558E-1 4.9944E-1 2.29779E-1 5.14995E-1 5.09994E-1
4.75755E-1 4.68482E-1 5.34602E-1 6.59525E-1 7.93707E-1 6.10016E-1 6.01189E-1 4.88686E-1 5.69134E-1 6.66656E-1 6.31123E-1 6.5074E-1 5.73476E-1 5.35501E-1 4.92587E-1 5.15773E-1 5.59945E-1 6.00616E-1 6.47742E-1 6.75778E-1 7.33481E-1 6.76356E-1 4.58714E-1 5.50416E-1 5.1675E-1 5.39467E-1 6.50937E-1 6.43135E-1 6.82688E-1 6.20046E-1 5.53658E-1 5.57656E-1 4.86579E-1 4.63107E-1 4.50136E-1 5.42256E-1 6.17674E-1 7.32977E-1 8.07812E-1 4.16161E-1 6.81951E-1 5.86414E-1 5.49482E-1 4.16077E-1 3.12858E-1 1.94295E-1 2.54515E-1 3.58046E-1 4.27197E-1 5.14444E-1 5.92826E-1 6.55839E-1 2.019E-1 5.10469E-1 4.37152E-1 3.95054E-1 4.87774E-1 3.08032E-1 3.90412E-1 4.67591E-1
4.05309E-1 4.32353E-1 5.2196E-1 7.23649E-1 7.46356E-1 6.62582E-1 5.59511E-1 5.6409E-1 6.33872E-1 7.11478E-1 6.46537E-1 6.3735E-1 5.63046E-1 5.0893E-1 4.64388E-1 5.39684E-1 5.85089E-1 5.88231E-1 6.203E-1 6.62266E-1 6.88083E-1 6.58397E-1 6.25015E-1 5.29704E-1 5.94866E-1 6.2927E-1 6.64898E-1 6.41442E-1 6.30628E-1 6.21099E-1 3.40303E-1 5.25306E-1 4.74556E-1 4.6119E-1 4.07922E-1 4.99156E-1 5.732E-1 7.1816E-1 7.63204E-1 3.69094E-1 6.36892E-1 5.56955E-1 5.2114E-1 3.88552E-1 3.04716E-1 2.41662E-1 3.00653E-1 3.72528E-1 4.32649E-1 5.41232E-1 6.16101E-1 6.62725E-1 2.08291E-1 5.32999E-1 4.69548E-1 4.35125E-1 5.02234E-1 1.52502E-1 4.30742E-1 3.65357E-1
4.18559E-1 4.25043E-1 4.68824E-1 5.87504E-1 6.51318E-1 5.9099E-1 6.29371E-1 5.12034E-1 7.20767E-1 3.04893E-1 6.74367E-1 6.16197E-1 5.48734E-1 5.08903E-1 4.49217E-1 5.01009E-1 5.48204E-1 5.61521E-1 6.17254E-1 5.84902E-1 4.95554E-1 4.67345E-1 4.58665E-1 3.04477E-1 6.18666E-1 5.80979E-1 6.0913E-1 5.96488E-1 6.04083E-1 6.10882E-1 1.78351E-1 4.49234E-1 4.09424E-1 4.33527E-1 4.03377E-1 5.17089E-1 5.96819E-1 7.08479E-1 7.47455E-1 6.57278E-1 6.15299E-1 5.83082E-1 5.01287E-1 3.81479E-1 3.03561E-1 3.10376E-1 3.52225E-1 4.17907E-1 4.554E-1 5.40845E-1 6.4565E-1 3.1326E-1 4.27685E-1 5.82321E-1 4.63218E-1 4.48066E-1 5.0398E-1 1.83832E-1 4.71209E-1 4.11492E-1
4.92863E-1 4.85781E-1 4.67523E-1 5.00405E-1 5.90287E-1 6.47346E-1 6.768E-1 7.52042E-1 5.09579E-1 7.66149E-1 6.57409E-1 6.32095E-1 5.44608E-1 4.93424E-1 4.3939E-1 4.69367E-1 5.12026E-1 5.06962E-1 4.05546E-1 3.74424E-1 3.87985E-1 3.94528E-1 3.82315E-1 2.7985E-1 6.04543E-1 5.98134E-1 6.51939E-1 6.50692E-1 6.34105E-1 6.26438E-1 4.61764E-1 4.19131E-1 3.70093E-1 3.97382E-1 4.41696E-1 5.95584E-1 6.59002E-1 6.41657E-1 7.26238E-1 6.10947E-1 5.84287E-1 5.52648E-1 4.53448E-1 3.66779E-1 3.51976E-1 3.96898E-1 4.22859E-1 4.86362E-1 4.70547E-1 5.54637E-1 5.95279E-1 6.38133E-1 4.84969E-1 6.04705E-1 4.68732E-1 4.78117E-1 5.05814E-1 1.38525E-1 4.84902E-1 4.24003E-1
5.67025E-1 5.65242E-1 5.88308E-1 5.5181E-1 6.27643E-1 2.77055E-1 7.47663E-1 2.48829E-1 7.6563E-1 7.38317E-1 6.39337E-1 5.67287E-1 5.29624E-1 4.80962E-1 4.18468E-1 4.21391E-1 4.38908E-1 3.82225E-1 2.43296E-1 2.87905E-1 3.37654E-1 3.47925E-1 3.73737E-1 4.12581E-1 6.36546E-1 6.60217E-1 6.64735E-1 6.05312E-1 6.29432E-1 4.80907E-1 5.17492E-1 4.30803E-1 4.53687E-1 4.53756E-1 4.55813E-1 5.73968E-1 6.76495E-1 6.69399E-1 2.69984E-1 5.83162E-1 5.57893E-1 5.24606E-1 4.12973E-1 3.50217E-1 3.86779E-1 4.57444E-1 5.11075E-1 5.46295E-1 5.19548E-1 5.82264E-1 5.89181E-1 5.9588E-1 5.57959E-1 4.75049E-1 5.41878E-1 3.72821E-1 2.61192E-1 4.11658E-1 4.45151E-1 4.19764E-1
5.29126E-1 6.13228E-1 6.35345E-1 6.06667E-1 2.42805E-1 7.37139E-1 8.18683E-1 7.87838E-1 6.99767E-1 7.07148E-1 5.83421E-1 4.88663E-1 4.59752E-1 4.53363E-1 4.01589E-1 3.64946E-1 3.2239E-1 3.05499E-1 -9999 2.73396E-1 2.746E-1 2.87984E-1 3.41105E-1 2.82463E-1 6.08092E-1 6.05593E-1 5.79094E-1 6.06908E-1 6.1192E-1 5.5398E-1 4.30056E-1 4.25441E-1 3.54215E-1 5.1014E-1 5.05152E-1 5.71379E-1 6.37643E-1 6.31327E-1 6.89783E-1 4.26645E-1 6.61466E-1 4.78194E-1 4.24113E-1 3.8317E-1 4.45993E-1 5.35113E-1 5.92994E-1 6.00878E-1 4.06961E-1 1.94269E-1 5.8729E-1 5.54747E-1 4.79562E-1 2.38323E-1 6.02536E-1 5.32403E-1 1.82429E-1 4.11035E-1 4.49953E-1 4.19285E-1
4.28091E-1 6.19279E-1 6.29772E-1 6.41825E-1 6.58149E-1 7.56919E-1 7.60241E-1 6.44848E-1 6.44392E-1 6.41871E-1 5.20982E-1 4.56706E-1 3.78422E-1 3.26616E-1 2.98059E-1 2.89847E-1 -9999 -9999 2.38706E-1 2.3063E-1 2.17525E-1 2.66541E-1 3.29892E-1 1.18627E-1 5.61695E-1 5.77863E-1 5.88205E-1 6.10348E-1 5.42035E-1 4.94605E-1 4.44606E-1 5.58745E-1 5.84949E-1 6.08489E-1 5.75797E-1 4.98474E-1 5.4942E-1 5.3967E-1 5.01438E-1 3.81254E-1 5.80227E-1 3.89153E-1 4.16494E-1 3.3205E-1 3.54462E-1 4.6734E-1 6.33438E-1 6.93693E-1 5.04922E-1 5.19466E-1 4.57966E-1 4.64568E-1 4.33933E-1 2.30723E-1 4.70233E-1 4.66818E-1 4.65957E-1 3.98446E-1 4.46221E-1 4.24882E-1
5.10642E-1 1.43765E-1 6.74764E-1 6.28613E-1 7.0444E-1 7.27867E-1 6.82941E-1 5.52439E-1 6.3696E-1 6.1204E-1 4.79251E-1 4.49245E-1 4.10674E-1 3.97244E-1 3.65865E-1 3.46148E-1 2.98872E-1 2.53912E-1 2.30627E-1 2.36236E-1 2.70086E-1 3.1637E-1 3.25707E-1 5.57523E-1 5.98873E-1 5.51819E-1 5.55651E-1 5.68892E-1 5.19949E-1 4.87948E-1 4.87682E-1 5.39694E-1 6.16743E-1 2.85597E-1 6.49623E-1 5.62945E-1 5.72365E-1 6.07553E-1 2.77638E-1 6.59674E-1 6.03704E-1 4.13804E-1 4.61244E-1 4.10692E-1 3.89071E-1 4.63717E-1 5.21497E-1 6.55763E-1 5.43568E-1 6.50184E-1 4.34259E-1 4.1117E-1 4.82842E-1 2.49466E-1 4.99625E-1 4.71346E-1 5.06335E-1 4.18391E-1 4.79024E-1 2.12884E-1
6.33206E-1 6.07408E-1 6.66877E-1 6.27729E-1 7.18707E-1 6.88882E-1 5.73695E-1 4.91116E-1 5.39436E-1 5.86109E-1 6.20276E-1 5.21779E-1 5.00547E-1 4.99285E-1 4.45214E-1 4.19788E-1 3.47827E-1 3.09718E-1 3.13178E-1 3.12467E-1 2.20424E-1 2.56735E-1 4.31409E-1 5.05689E-1 5.53783E-1 4.69046E-1 4.6344E-1 4.80141E-1 4.84961E-1 5.084E-1 4.66699E-1 5.27208E-1 5.91555E-1 6.10121E-1 6.62533E-1 4.7958E-1 4.49215E-1 5.66462E-1 6.37049E-1 5.42136E-1 6.13873E-1 3.80194E-1 3.99033E-1 5.31482E-1 4.39465E-1 5.10929E-1 3.77473E-1 2.86168E-1 4.86735E-1 4.67226E-1 3.81811E-1 2.56873E-1 3.5063E-1 3.32959E-1 5.17227E-1 1.41831E-1 5.13638E-1 4.36157E-1 4.8247E-1 4.4804E-1
