Phytophthora/models/20240430_1251_44/Phytophthora_PA3_RUN9_MAXENT_outputs/Phytophthora_PA3_RUN9.asc
ncols         225
nrows         269
xllcorner     473000.0
yllcorner     4429100.0
cellsize      50.0
NODATA_value  -9999
[rows 54 to 80 of 269, columns 0 to 59 of 225]
-9999 -9999 -9999 -9999 -9999 -9999 -9999 -9999 -9999 -9999 -9999 -9999 -9999 -9999 -9999 -9999 -9999 -9999 -9999 -9999 -9999 -9999 5.12183E-3 3.9218E-3 8.59797E-3 1.19795E-2 9.93232E-3 9.72902E-3 1.76317E-2 1.66448E-2 1.92377E-2 1.97291E-2 2.72638E-2 3.00279E-2 3.41654E-2 4.2369E-2 1.70294E-2 4.90309E-2 1.57028E-2 3.36299E-2 2.97314E-2 3.88027E-2 2.76244E-2 3.71577E-2 5.51754E-2 3.04839E-2 2.85364E-2 1.80165E-2 2.6014E-2 4.27798E-2 3.96537E-2 3.23762E-2 3.28294E-2 3.05381E-2 2.60934E-2 1.90736E-2 1.48288E-2 1.02377E-2 9.49084E-3 7.79282E-3
-9999 -9999 -9999 -9999 -9999 -9999 -9999 -9999 -9999 -9999 -9999 -9999 -9999 -9999 -9999 -9999 -9999 -9999 -9999 -9999 -9999 -9999 4.47925E-3 6.3764E-3 4.57528E-3 5.97244E-3 1.4345E-2 1.27029E-2 1.70188E-2 1.31514E-2 1.76703E-2 2.08724E-2 3.16612E-2 3.33229E-2 5.594E-3 4.5072E-2 5.02264E-2 4.35565E-2 3.24607E-2 7.98486E-3 3.87364E-2 1.70054E-2 2.50861E-2 3.78309E-2 7.53907E-2 3.27213E-2 3.05779E-2 3.44061E-2 6.21604E-3 3.24383E-2 2.97754E-2 2.7142E-2 3.10143E-2 1.20934E-2 1.80496E-2 1.34802E-2 1.03016E-2 6.8495E-3 5.99555E-3 5.6561E-3
-9999 -9999 -9999 -9999 -9999 -9999 -9999 -9999 -9999 -9999 -9999 -9999 -9999 -9999 -9999 -9999 -9999 -9999 -9999 -9999 -9999 -9999 3.13169E-3 4.02979E-3 5.09073E-3 6.72208E-3 6.93327E-4 6.52142E-3 9.86725E-3 1.3448E-2 1.47776E-2 1.67779E-2 1.00339E-2 8.63329E-3 3.28905E-2 4.33418E-2 5.33291E-2 6.45217E-2 3.03587E-2 5.53165E-2 5.17013E-2 5.82554E-2 3.52853E-2 4.75009E-2 3.2139E-2 1.71632E-2 2.15829E-2 1.78544E-2 2.72011E-2 2.3851E-2 2.7285E-2 3.06168E-2 4.64638E-3 2.21739E-2 1.54903E-2 1.3614E-2 1.17358E-2 8.15965E-3 6.95612E-3 5.46205E-3
-9999 -9999 -9999 -9999 -9999 -9999 -9999 -9999 -9999 -9999 -9999 -9999 -9999 -9999 -9999 -9999 -9999 -9999 -9999 -9999 -9999 4.48058E-3 2.70391E-3 2.23927E-3 2.07292E-3 4.12918E-3 3.22069E-3 6.64987E-3 8.08065E-3 2.62792E-3 3.18185E-3 6.17427E-3 2.25976E-2 2.177E-2 3.59285E-2 5.24672E-2 5.20548E-2 5.55965E-2 8.80207E-3 5.67161E-2 6.60873E-3 5.11897E-2 1.68567E-2 3.90407E-2 3.20788E-2 2.48507E-2 2.70835E-2 2.73313E-2 2.27826E-2 2.33892E-2 2.52626E-2 1.26138E-2 1.75461E-2 1.28345E-2 1.02216E-2 1.15415E-2 7.90849E-3 9.33601E-3 6.87728E-3 5.34577E-3
-9999 -9999 -9999 -9999 -9999 -9999 -9999 -9999 -9999 -9999 -9999 -9999 -9999 -9999 -9999 -9999 -9999 -9999 3.88059E-4 3.48504E-4 1.65765E-3 2.77498E-3 3.38838E-3 2.14736E-3 1.7667E-3 3.74124E-3 8.27044E-3 7.91617E-3 1.04936E-2 1.57309E-2 1.88989E-2 1.57947E-2 2.85472E-2 3.04419E-2 4.60677E-2 5.77508E-2 6.26734E-2 5.21738E-2 1.35851E-2 5.95412E-2 1.12956E-2 4.74375E-2 4.44134E-3 5.68039E-2 4.12956E-2 2.04831E-2 2.05655E-2 1.43634E-2 1.92407E-2 2.10202E-2 2.56904E-2 1.71188E-2 1.31937E-2 1.07427E-2 1.05771E-2 1.24501E-2 8.04704E-3 8.00743E-3 3.77186E-3 5.02933E-3
-9999 -9999 -9999 -9999 -9999 -9999 -9999 -9999 -9999 -9999 -9999 -9999 -9999 -9999 -9999 -9999 6.20433E-5 1.30418E-4 2.62778E-4 3.35615E-4 1.21632E-3 1.68945E-3 3.41062E-3 4.71558E-3 2.99433E-3 4.17268E-3 1.20206E-2 1.01694E-2 1.38394E-2 1.85741E-2 2.08576E-2 2.11969E-2 2.35369E-2 2.50643E-2 3.62429E-2 5.61288E-2 4.19135E-2 5.14689E-2 4.21342E-2 3.88518E-2 4.22016E-2 4.43161E-2 4.92492E-2 4.88682E-2 3.38182E-3 1.95121E-2 1.81814E-2 1.9774E-2 1.59381E-2 1.89885E-2 2.114E-2 1.57824E-2 1.14126E-2 8.7915E-3 8.56177E-3 9.02783E-3 8.68594E-3 5.8538E-3 5.28181E-3 5.42205E-3
-9999 -9999 -9999 -9999 -9999 -9999 -9999 -9999 -9999 -9999 -9999 -9999 -9999 -9999 -9999 1.23036E-4 1.20015E-4 1.08688E-4 1.20838E-4 2.3249E-4 2.11752E-3 2.53015E-3 3.81653E-3 4.92098E-3 7.2947E-3 6.86231E-3 8.23134E-3 1.21025E-2 1.7632E-2 2.09567E-2 2.47045E-2 2.9504E-2 3.13563E-2 2.93177E-2 3.64157E-2 4.93639E-2 4.94533E-2 4.64276E-2 3.89059E-2 3.57582E-2 3.75289E-2 4.22938E-2 3.79031E-2 4.66372E-2 4.60875E-2 2.18568E-2 1.06671E-2 1.00944E-2 1.40687E-2 1.58816E-2 1.64166E-2 1.78048E-2 1.51363E-2 9.34771E-3 3.4646E-3 3.72129E-3 8.68468E-3 6.91748E-3 5.09164E-4 5.18824E-3
-9999 -9999 -9999 -9999 -9999 -9999 -9999 -9999 -9999 -9999 -9999 -9999 -9999 -9999 6.34788E-4 6.36557E-4 7.18802E-4 7.32117E-4 6.88291E-4 8.279E-4 1.41612E-3 2.52083E-3 3.11115E-3 5.07914E-3 9.15748E-3 1.18234E-2 2.48099E-2 1.87592E-2 2.38159E-2 2.44542E-2 2.47409E-2 3.5488E-2 3.68705E-2 3.21387E-2 3.94379E-2 3.35212E-2 3.39295E-2 2.61E-2 2.32231E-2 2.39576E-2 2.159E-2 2.71022E-2 2.17541E-2 1.98991E-2 2.38352E-2 2.32484E-2 2.21239E-2 2.02739E-2 2.11409E-2 2.08239E-2 1.38989E-2 1.3479E-2 4.95657E-3 1.10172E-2 1.0936E-2 9.13474E-3 8.99063E-3 5.17509E-3 4.0988E-3 4.46294E-3
-9999 -9999 -9999 -9999 -9999 -9999 -9999 -9999 -9999 -9999 -9999 -9999 -9999 1.18303E-4 7.87655E-4 7.73451E-4 8.27723E-4 9.74048E-4 9.35668E-4 1.05769E-3 1.24798E-3 1.75574E-3 3.34407E-3 3.94982E-3 5.0335E-3 1.15262E-2 1.45816E-2 2.3681E-2 3.08998E-2 3.47751E-2 3.61702E-2 3.41737E-2 4.90034E-2 5.01364E-2 4.1699E-2 2.05312E-2 3.03071E-2 2.30022E-2 1.68659E-2 2.01095E-2 1.83313E-2 1.87245E-2 1.84872E-2 1.68752E-2 1.90406E-2 1.74589E-2 1.65994E-2 1.56313E-2 1.54815E-2 2.11858E-3 1.33916E-3 9.97395E-4 9.28639E-3 1.22241E-2 9.89019E-3 1.05807E-2 1.28242E-3 5.45473E-3 4.01912E-3 5.48006E-3
-9999 -9999 -9999 -9999 -9999 -9999 -9999 -9999 -9999 -9999 -9999 -9999 -9999 5.59896E-4 1.0915E-3 9.98062E-4 1.08441E-3 1.30952E-3 1.33996E-3 1.50174E-3 1.67339E-3 3.01084E-3 2.38134E-3 2.99337E-3 4.03281E-3 1.40199E-2 1.91824E-2 2.88191E-2 3.4448E-2 3.33651E-2 3.43239E-2 3.27057E-2 3.77718E-2 4.25063E-2 1.98903E-2 2.90043E-2 2.17246E-2 1.74332E-2 1.25253E-2 1.49268E-2 1.6837E-2 1.73176E-2 1.60665E-2 1.51945E-2 1.51237E-2 1.46662E-2 1.35723E-2 1.5593E-2 1.70358E-2 1.25861E-2 8.44546E-3 7.90803E-3 1.00582E-2 1.18341E-2 1.07072E-2 2.841E-3 7.40679E-3 1.67286E-3 3.34191E-4 6.18738E-3
-9999 -9999 -9999 -9999 -9999 -9999 -9999 -9999 -9999 -9999 -9999 -9999 -9999 7.11495E-4 1.36113E-3 1.19686E-3 1.23485E-3 1.39821E-3 1.58136E-3 1.71474E-3 1.97041E-3 2.3035E-3 3.11618E-3 4.22811E-3 6.63566E-3 1.35316E-2 1.88426E-2 2.5324E-2 3.79156E-2 4.36968E-2 4.25195E-2 4.12628E-2 4.12485E-2 3.1489E-2 3.10811E-2 2.33128E-2 1.77731E-2 1.44854E-2 1.48272E-2 1.72159E-2 1.74182E-2 1.94727E-2 1.95109E-2 1.63122E-2 1.62882E-2 2.01887E-2 1.88591E-2 1.3279E-2 1.33673E-2 1.20241E-2 7.25178E-3 5.87949E-3 9.30258E-3 4.32749E-3 8.26497E-4 1.14962E-2 1.46842E-3 1.74669E-3 4.22692E-3 5.2507E-3
-9999 -9999 -9999 -9999 -9999 -9999 -9999 -9999 -9999 -9999 -9999 -9999 5.80178E-4 9.13634E-4 1.79514E-3 1.53851E-3 1.60836E-3 1.95184E-3 1.98914E-3 2.11953E-3 2.44567E-3 2.60513E-3 3.55733E-3 5.27535E-3 1.16107E-2 2.57849E-2 1.86373E-2 2.70323E-2 3.4955E-2 3.70982E-2 3.89952E-2 4.0758E-2 4.77331E-2 3.92634E-2 2.52761E-2 1.91518E-2 1.50011E-2 1.31441E-2 1.37346E-2 1.69352E-2 1.50978E-2 3.10974E-3 1.43621E-2 1.4675E-2 1.38813E-2 1.67919E-2 1.83068E-2 1.59963E-2 1.46053E-2 1.16603E-2 8.5133E-3 7.3515E-3 9.99005E-4 5.88874E-3 5.68336E-3 5.6161E-3 5.73221E-3 7.59189E-3 5.72913E-3 5.4166E-3
-9999 -9999 -9999 -9999 -9999 -9999 -9999 -9999 -9999 -9999 -9999 -9999 9.09782E-4 3.28871E-3 2.82419E-3 2.3258E-3 2.27859E-3 2.48283E-3 2.73488E-3 2.94209E-3 3.95561E-3 3.0485E-3 6.51286E-3 7.84975E-3 1.04214E-2 1.75421E-2 2.67733E-2 2.75053E-2 2.82349E-2 2.79194E-2 2.36206E-2 1.89668E-2 2.21247E-2 2.04901E-2 1.635E-2 1.11567E-2 1.18573E-2 1.1459E-2 9.62251E-3 1.21926E-2 1.39792E-2 1.34717E-2 1.57516E-2 1.62959E-2 1.53703E-2 1.44857E-2 1.37644E-2 1.41565E-2 1.3756E-2 1.0961E-2 8.32177E-4 4.71633E-3 7.05619E-3 1.65934E-3 6.06878E-3 4.98381E-3 3.53509E-3 4.10705E-3 4.90541E-3 7.76429E-3
-9999 -9999 -9999 -9999 -9999 -9999 -9999 -9999 -9999 -9999 8.42685E-5 5.67189E-4 5.47949E-4 2.64642E-3 2.89626E-3 2.67089E-3 3.04591E-3 3.46262E-3 3.82392E-3 4.57419E-3 5.03869E-3 4.13959E-3 8.93257E-3 1.25822E-2 1.15402E-2 1.20943E-2 2.9826E-2 2.9919E-2 3.35909E-2 3.0654E-2 2.54605E-2 2.23795E-2 1.98115E-2 1.51241E-2 1.224E-2 1.08132E-2 1.23406E-2 1.25481E-2 1.1117E-2 1.0929E-2 1.34812E-2 1.34554E-2 1.73533E-2 1.61957E-2 1.482E-2 1.35843E-2 1.40172E-2 1.46906E-2 1.31908E-2 3.46135E-3 9.21477E-3 7.94332E-3 7.14559E-3 6.63465E-3 6.35092E-3 4.08665E-3 3.22573E-3 3.5206E-3 4.91056E-3 6.50636E-3
-9999 -9999 -9999 -9999 -9999 -9999 -9999 -9999 -9999 4.30533E-5 3.07717E-4 4.55388E-4 1.51944E-3 1.54723E-3 1.81687E-3 1.95329E-3 2.44059E-3 3.37078E-3 4.23891E-3 4.81172E-3 5.42816E-3 4.96631E-3 8.8647E-3 9.07046E-3 8.26065E-3 1.09507E-2 3.57559E-2 2.15386E-2 3.12193E-2 2.98347E-2 2.23195E-2 1.84117E-2 1.65384E-2 1.25034E-2 9.69809E-3 9.77169E-3 1.12055E-2 4.4637E-3 1.45232E-2 1.36376E-2 1.59732E-2 1.44183E-2 1.5348E-2 1.35894E-2 1.34261E-2 1.17602E-2 1.2227E-2 1.10101E-2 1.48125E-2 1.22796E-2 6.83259E-3 7.93485E-3 6.76752E-3 2.04172E-3 4.84841E-3 4.16629E-3 3.75265E-3 3.29187E-3 3.97801E-3 6.53297E-3
-9999 -9999 -9999 -9999 -9999 -9999 -9999 -9999 -9999 -9999 4.8844E-4 5.40947E-4 7.13433E-4 1.066E-3 1.72113E-3 1.88431E-3 2.45574E-3 3.6534E-3 4.47384E-3 5.3365E-3 7.28713E-3 8.32873E-3 1.02732E-2 1.13205E-2 8.03408E-3 1.27174E-2 1.97996E-2 1.8402E-2 1.97874E-2 2.2165E-2 1.91432E-2 1.83347E-2 1.6139E-2 1.27383E-2 9.56039E-3 1.03588E-2 1.22197E-2 1.61894E-2 2.27055E-3 2.03423E-2 2.32976E-2 1.76312E-2 1.59212E-2 1.33099E-2 1.42246E-2 1.23876E-2 1.44874E-2 1.44587E-2 1.56914E-2 9.11141E-4 9.45328E-3 7.20031E-3 6.85119E-3 5.66475E-3 4.5503E-3 1.09839E-3 4.36248E-3 3.89708E-3 3.54189E-3 5.35848E-3
-9999 -9999 -9999 -9999 -9999 -9999 -9999 -9999 -9999 -9999 -9999 -9999 -9999 -9999 2.12656E-3 2.46261E-3 3.28741E-3 5.1402E-3 5.20229E-3 5.26935E-3 8.09732E-3 1.079E-2 1.33537E-2 1.53184E-2 1.68179E-2 1.44216E-2 1.88841E-2 2.18252E-2 2.28805E-2 2.05319E-2 1.90311E-2 2.1559E-2 1.76296E-2 1.41587E-2 1.04563E-2 9.84585E-3 1.08965E-2 1.23847E-2 2.27977E-2 1.80062E-2 1.12883E-2 1.74156E-2 1.84468E-2 1.46743E-2 1.63544E-2 1.51102E-2 1.75481E-2 1.28573E-2 1.50146E-2 1.26519E-2 7.64335E-3 7.1925E-3 1.36968E-3 3.68787E-3 3.29766E-3 4.00432E-3 3.7244E-3 3.60271E-3 3.62438E-3 5.37741E-3
-9999 -9999 -9999 -9999 -9999 -9999 -9999 -9999 -9999 -9999 -9999 -9999 -9999 -9999 -9999 -9999 -9999 -9999 -9999 5.27823E-3 8.02047E-3 1.45886E-2 1.7046E-2 1.8872E-2 2.08281E-2 1.96754E-2 2.05859E-2 2.37367E-2 2.77727E-2 2.53431E-2 2.24537E-2 1.03507E-2 1.96868E-2 1.56836E-2 1.10376E-2 7.86543E-3 7.92521E-3 8.07045E-3 9.79525E-3 1.18351E-2 1.74891E-2 1.67647E-2 1.29481E-2 5.56345E-3 8.14826E-3 1.32504E-2 7.22392E-3 3.14669E-3 1.48579E-2 9.17315E-3 5.6745E-3 6.19623E-3 5.0342E-3 9.52241E-4 3.3775E-3 3.17701E-3 3.39332E-3 3.56016E-3 3.87909E-3 5.44304E-3
-9999 -9999 -9999 -9999 -9999 -9999 -9999 -9999 -9999 -9999 -9999 -9999 -9999 -9999 -9999 -9999 -9999 -9999 -9999 -9999 9.19416E-3 1.74288E-2 1.96694E-2 2.16035E-2 2.43975E-2 2.12312E-2 1.83068E-2 2.30636E-2 1.5766E-2 3.90924E-2 2.55974E-2 2.53043E-2 1.95081E-2 1.64408E-2 1.12164E-2 9.18023E-3 7.5852E-3 8.94183E-3 8.24743E-3 9.09243E-3 1.33168E-2 1.20406E-2 1.53269E-2 1.4039E-2 1.59373E-2 1.49803E-2 1.25542E-2 1.49148E-2 1.02548E-2 7.02815E-3 4.70729E-3 4.75608E-3 3.1112E-3 2.81995E-3 2.99834E-3 3.95368E-3 4.05412E-3 4.74099E-3 5.55903E-3 6.94136E-3
-9999 -9999 -9999 -9999 -9999 -9999 -9999 -9999 -9999 -9999 -9999 -9999 -9999 -9999 -9999 -9999 -9999 -9999 -9999 -9999 -9999 2.01844E-2 1.96917E-2 1.94084E-2 2.27998E-2 1.73928E-2 2.19012E-2 3.26262E-2 4.48124E-2 4.07976E-3 2.79671E-3 1.59862E-2 1.63352E-2 1.73847E-2 1.36628E-2 1.28096E-2 9.61028E-3 7.91447E-3 7.58016E-3 8.92698E-3 1.34047E-2 1.36551E-2 1.47372E-3 1.58784E-2 1.84022E-2 1.70848E-2 1.67869E-2 1.309E-2 8.83945E-3 6.66096E-3 4.97937E-3 4.30162E-3 2.80856E-3 2.94769E-3 3.36784E-3 4.43993E-3 3.95272E-3 3.58917E-3 6.26953E-3 9.81603E-3
-9999 -9999 -9999 -9999 -9999 -9999 -9999 -9999 -9999 -9999 -9999 -9999 -9999 -9999 -9999 -9999 -9999 -9999 -9999 -9999 -9999 -9999 1.96628E-2 1.73839E-2 1.84841E-2 1.57966E-2 2.29377E-2 3.29956E-2 3.55421E-2 2.06105E-2 1.33187E-2 1.58689E-2 1.23271E-2 6.58547E-3 1.55806E-2 1.33236E-2 9.6415E-3 1.03925E-2 9.11769E-3 9.61409E-3 1.33672E-2 8.73011E-3 1.525E-2 1.41492E-2 1.907E-2 1.51093E-2 1.14382E-2 1.81935E-3 9.81362E-3 8.98911E-3 7.02119E-3 5.69028E-3 4.32983E-3 4.46237E-3 4.79422E-3 5.9672E-3 5.17232E-3 4.34714E-3 6.28252E-3 1.13112E-2
-9999 -9999 -9999 -9999 -9999 -9999 -9999 -9999 -9999 -9999 -9999 -9999 -9999 -9999 -9999 -9999 -9999 -9999 -9999 -9999 -9999 -9999 -9999 1.29782E-2 1.3925E-2 1.34463E-2 2.14594E-2 2.72718E-2 2.41512E-2 1.37316E-2 1.15367E-2 1.39362E-2 1.23664E-2 1.74366E-2 1.99481E-2 1.1401E-2 1.64476E-2 1.51706E-2 1.15266E-2 1.0525E-2 3.9099E-3 1.42491E-2 1.31875E-2 1.13944E-2 1.32965E-2 9.06847E-3 8.27824E-3 1.06483E-2 1.11476E-2 6.70749E-3 6.97886E-3 2.019E-3 3.29532E-4 4.76557E-3 5.45022E-3 6.45245E-3 5.66594E-3 5.67591E-3 6.73471E-3 1.32434E-2
-9999 -9999 -9999 -9999 -9999 -9999 -9999 -9999 -9999 -9999 -9999 -9999 -9999 -9999 -9999 -9999 -9999 -9999 -9999 -9999 -9999 -9999 -9999 -9999 -9999 1.12867E-2 1.7546E-2 2.24598E-2 2.2713E-2 1.63558E-2 1.0438E-2 1.27907E-2 1.4042E-2 1.98267E-2 1.82387E-2 2.08806E-2 1.75316E-2 1.69676E-2 1.33583E-2 1.03628E-2 1.53915E-2 1.47683E-2 1.27427E-2 1.0611E-2 9.98746E-3 8.929E-3 9.4412E-3 1.02609E-2 1.50693E-2 1.54031E-2 1.24506E-2 7.46848E-3 6.63838E-3 6.73251E-3 8.98114E-3 1.22192E-2 1.23423E-2 1.66104E-2 1.73055E-2 2.55005E-3
-9999 -9999 -9999 -9999 -9999 -9999 -9999 -9999 -9999 -9999 -9999 -9999 -9999 -9999 -9999 -9999 -9999 -9999 -9999 -9999 -9999 -9999 -9999 -9999 -9999 -9999 -9999 1.71894E-2 1.69598E-2 1.83564E-2 1.29579E-2 9.75801E-3 1.15506E-2 2.31535E-3 6.91303E-3 1.40116E-2 1.64823E-2 9.12425E-3 1.05951E-2 1.03596E-2 1.4729E-2 2.19564E-3 1.55701E-2 1.44374E-2 1.38519E-2 1.28833E-2 1.3296E-2 1.38943E-2 1.57722E-2 1.70921E-2 1.29112E-2 8.43773E-3 4.87074E-3 7.65159E-3 8.15865E-3 1.0176E-2 1.34574E-2 2.21421E-2 1.55105E-2 8.5154E-3
-9999 -9999 -9999 -9999 -9999 -9999 -9999 -9999 -9999 -9999 -9999 -9999 -9999 -9999 -9999 -9999 -9999 -9999 -9999 -9999 -9999 -9999 -9999 -9999 -9999 -9999 -9999 -9999 -9999 1.48206E-2 6.52399E-3 7.58765E-3 4.1399E-3 4.73022E-3 3.00454E-3 3.57682E-3 7.45803E-3 1.36188E-2 6.48339E-3 1.49423E-2 3.03931E-3 1.48782E-2 2.03802E-2 1.38935E-2 1.49593E-2 1.27871E-3 1.55537E-2 1.37852E-2 1.72688E-2 1.73772E-2 1.01594E-2 1.13883E-2 1.01958E-2 9.77223E-3 9.33086E-3 1.23E-2 1.36933E-2 1.55376E-2 1.11196E-2 8.92694E-3
-9999 -9999 -9999 -9999 -9999 -9999 -9999 -9999 -9999 -9999 -9999 -9999 -9999 -9999 -9999 -9999 -9999 -9999 -9999 -9999 -9999 -9999 -9999 -9999 -9999 -9999 -9999 -9999 -9999 -9999 -9999 1.59405E-3 1.45859E-3 1.82624E-3 4.37212E-3 5.7953E-3 7.71283E-3 9.60344E-3 4.97767E-3 6.74866E-3 1.68191E-2 1.57938E-2 1.91502E-2 1.7717E-2 1.58796E-2 1.55591E-2 1.32439E-2 1.5656E-2 2.02389E-2 2.61348E-2 1.74341E-2 1.80359E-2 1.39137E-2 1.31386E-2 1.33188E-2 1.50669E-2 1.35804E-2 1.13552E-2 1.10322E-2 9.8704E-3
-9999 -9999 -9999 -9999 -9999 -9999 -9999 -9999 -9999 -9999 -9999 -9999 -9999 -9999 -9999 -9999 -9999 -9999 -9999 -9999 -9999 -9999 -9999 -9999 -9999 -9999 -9999 -9999 -9999 -9999 -9999 1.05126E-3 1.06068E-3 1.1772E-3 4.18336E-3 4.66269E-3 7.27647E-3 1.18274E-2 1.45547E-2 1.47026E-2 1.2172E-2 9.57881E-3 1.47696E-2 1.28644E-2 9.40786E-3 1.33107E-2 1.38065E-2 1.39621E-2 2.18356E-2 3.27484E-2 3.5991E-3 8.214E-3 2.17491E-2 1.99441E-2 2.06621E-2 2.23775E-2 1.80817E-2 1.63227E-2 2.92843E-2 1.4505E-2
