Phytophthora/models/20240430_1251_44/Phytophthora_PA3_RUN9_MAXENT_outputs/Phytophthora_PA3_RUN9.asc
ncols         225
nrows         269
xllcorner     473000.0
yllcorner     4429100.0
cellsize      50.0
NODATA_value  -9999
[rows 135 to 161 of 269, columns 0 to 59 of 225]
-9999 -9999 -9999 -9999 -9999 -9999 -9999 -9999 -9999 -9999 2.99057E-1 4.58183E-1 2.49924E-1 3.33039E-1 3.32323E-1 3.48368E-1 3.3851E-1 2.86929E-1 1.99099E-1 2.07732E-1 2.84626E-1 3.70615E-1 3.89332E-1 3.43665E-1 3.15033E-1 2.83023E-1 2.792E-1 2.69451E-1 2.25198E-1 2.5904E-2 2.75145E-2 1.7219E-1 1.74096E-1 9.35988E-2 7.91768E-2 6.19691E-2 1.37809E-1 1.85993E-1 2.02847E-1 2.21391E-1 2.3507E-1 2.21445E-1 1.97526E-1 2.00084E-1 2.41899E-1 1.88727E-1 1.94379E-1 2.09536E-1 1.85146E-1 3.27104E-2 3.06137E-1 3.00381E-1 2.26906E-1 1.48027E-1 1.11014E-1 9.97228E-2 8.83665E-2 9.32489E-2 1.6377E-1 2.26878E-1
-9999 -9999 -9999 -9999 -9999 -9999 -9999 -9999 -9999 -9999 2.06219E-1 5.76376E-1 1.77628E-1 4.50246E-1 3.59243E-1 3.94627E-1 1.75945E-1 3.13796E-1 2.95067E-1 3.0679E-1 3.80876E-1 4.983E-1 4.73328E-1 3.81894E-1 3.01625E-1 2.38905E-1 2.10805E-1 1.9707E-1 2.0362E-1 2.12044E-1 1.8409E-1 4.59461E-2 -9999 -9999 1.05588E-1 1.20505E-1 1.35054E-1 1.56788E-1 2.11542E-1 6.36563E-2 2.59693E-1 2.38655E-1 2.67872E-1 3.47548E-1 2.65047E-1 2.25083E-1 2.48582E-1 1.59911E-1 2.5854E-2 1.65365E-1 3.07732E-1 1.12564E-1 2.49532E-1 1.87307E-1 1.43666E-1 1.08563E-1 9.26732E-2 1.0741E-1 1.50919E-1 1.0042E-1
-9999 -9999 -9999 -9999 -9999 -9999 -9999 -9999 -9999 -9999 3.81971E-1 4.9877E-1 4.70193E-1 4.5705E-1 3.45516E-1 3.44273E-1 3.12146E-1 1.15993E-1 3.51817E-1 4.09118E-1 5.61828E-1 5.78147E-1 5.4485E-1 4.19132E-1 3.4353E-1 2.50289E-1 1.97055E-1 1.88268E-1 1.99306E-1 2.21067E-1 2.02814E-1 1.96054E-1 -9999 1.4193E-1 1.53716E-1 1.52559E-1 1.72794E-1 1.87783E-1 2.37842E-1 3.80309E-2 2.64682E-1 2.67661E-1 3.99114E-1 7.96589E-2 2.98998E-1 1.7631E-1 4.60112E-2 2.42967E-2 1.50516E-1 1.51894E-1 3.4062E-1 1.20368E-1 2.66042E-1 2.18056E-1 1.62787E-1 1.21215E-1 1.12139E-1 1.16102E-1 1.60891E-1 3.28123E-1
-9999 -9999 -9999 -9999 -9999 -9999 -9999 -9999 -9999 -9999 2.64921E-1 3.68045E-1 4.02617E-1 4.40575E-1 3.3968E-1 3.39857E-1 2.68454E-1 3.52577E-1 6.76261E-2 4.07329E-1 3.16995E-1 5.05088E-1 1.21198E-1 4.25303E-1 4.12901E-1 3.03458E-1 2.4866E-1 2.31943E-1 2.38362E-1 2.57792E-1 2.37738E-1 1.9773E-1 1.18422E-1 1.77547E-1 1.79208E-1 1.95979E-1 2.32668E-1 7.68374E-2 2.86309E-1 2.87E-1 1.4694E-1 4.03215E-1 1.50596E-1 2.86246E-1 1.95139E-1 1.6374E-1 1.62468E-1 1.39998E-1 1.4198E-1 1.47306E-1 3.48514E-1 2.95446E-1 2.51204E-1 2.31263E-1 1.80579E-1 1.48709E-1 1.28351E-1 1.31601E-1 1.77582E-1 2.57578E-1
-9999 -9999 -9999 -9999 -9999 -9999 -9999 -9999 -9999 -9999 2.9922E-1 3.40908E-1 3.74545E-1 4.07438E-1 4.28233E-1 4.34982E-1 5.62752E-2 2.95624E-1 3.61015E-1 4.02395E-1 3.68505E-1 4.89473E-1 4.72548E-1 4.91716E-1 4.41574E-1 1.44069E-1 2.83796E-1 2.86281E-1 3.33946E-2 1.50444E-1 4.5921E-2 2.43989E-1 1.97729E-1 2.06121E-1 2.17726E-1 2.38486E-1 6.17343E-2 2.51894E-1 3.17495E-1 1.51458E-1 2.54623E-1 3.72434E-1 3.78259E-1 2.30052E-1 1.70044E-1 1.38568E-1 1.34209E-1 1.21317E-1 1.24126E-1 1.61579E-1 3.20101E-1 2.02258E-1 3.17936E-1 2.68914E-1 2.24019E-1 1.75913E-1 1.5551E-1 1.57957E-1 2.15261E-1 2.87254E-1
-9999 -9999 -9999 -9999 -9999 -9999 -9999 -9999 -9999 -9999 2.55856E-1 3.02474E-1 3.46221E-1 3.72101E-1 3.95235E-1 4.07119E-1 4.27047E-1 3.59542E-1 8.97052E-2 4.78296E-1 5.25606E-1 5.0356E-1 4.55109E-1 4.37648E-1 3.7005E-1 3.07037E-1 3.11909E-1 3.03894E-1 3.05936E-1 2.73276E-1 2.55527E-1 9.77781E-2 1.05293E-1 8.31513E-2 2.86766E-1 2.36735E-1 2.45972E-1 2.62364E-1 7.31847E-2 2.88451E-1 3.04441E-1 2.81211E-1 2.87492E-1 1.67855E-1 1.2168E-1 1.12218E-1 1.16177E-1 1.01039E-1 1.07285E-1 1.61967E-1 2.98359E-1 3.57043E-1 2.98245E-1 1.30528E-1 2.40039E-1 1.79793E-1 1.42169E-1 1.6806E-1 2.41134E-1 3.0696E-1
-9999 -9999 -9999 -9999 -9999 -9999 -9999 -9999 -9999 -9999 2.70973E-1 2.90887E-1 3.3853E-1 3.68091E-1 3.73951E-1 3.77112E-1 4.06869E-1 4.16566E-1 5.30427E-1 6.00035E-1 5.5572E-1 5.73987E-1 5.19554E-1 4.36052E-1 3.71905E-1 3.66587E-1 3.66469E-1 3.63903E-1 2.96409E-1 2.54E-1 2.15428E-1 2.2015E-1 2.19479E-1 2.46374E-1 8.82535E-2 3.32429E-1 3.07092E-1 3.14745E-1 4.33371E-1 3.225E-1 3.48706E-1 2.85523E-1 2.02034E-1 1.58194E-1 1.42595E-1 1.18666E-1 1.22253E-1 1.14009E-1 1.33079E-1 2.08881E-1 2.97343E-1 3.74731E-1 3.18554E-1 3.29568E-1 2.94972E-1 2.00032E-1 1.56822E-1 1.67941E-1 2.37288E-1 3.37381E-1
-9999 -9999 -9999 -9999 -9999 -9999 -9999 -9999 -9999 -9999 2.28688E-1 2.61476E-1 3.2564E-1 3.27016E-1 3.28232E-1 3.42521E-1 3.68061E-1 3.92233E-1 2.286E-1 5.60581E-1 6.11664E-1 1.64946E-1 4.76068E-1 4.61652E-1 4.28123E-1 3.83182E-1 3.28076E-1 2.91866E-1 2.55039E-1 2.21748E-1 1.93065E-1 1.99578E-1 2.07172E-1 2.47033E-1 3.3144E-1 3.75082E-1 3.48057E-1 1.49045E-1 4.31874E-1 4.09841E-1 2.88913E-1 2.88784E-1 1.82717E-1 1.64753E-1 1.43973E-1 1.08758E-1 1.08527E-1 1.048E-1 1.32422E-1 2.67587E-1 2.52415E-1 3.51587E-1 2.56682E-1 2.96081E-1 2.62785E-1 1.83273E-1 1.62553E-1 1.79202E-1 2.0627E-1 2.84383E-1
-9999 -9999 -9999 -9999 -9999 -9999 -9999 -9999 -9999 1.20889E-2 1.88069E-1 2.35224E-1 2.69434E-1 2.47068E-1 2.78886E-1 3.06239E-1 3.31754E-1 2.47677E-1 4.7886E-1 5.62211E-1 5.65453E-1 5.5585E-1 5.30255E-1 3.89386E-1 5.23803E-1 4.73057E-1 3.39206E-1 2.68566E-1 2.31131E-1 1.89054E-1 1.80701E-1 1.8183E-1 1.99891E-1 2.49979E-1 3.6872E-1 1.2569E-1 3.48405E-1 3.56368E-1 4.16699E-1 3.50302E-1 2.48705E-1 3.02265E-1 2.29038E-1 2.06868E-1 1.77575E-1 1.52872E-1 1.5054E-1 1.45901E-1 2.00753E-1 1.86851E-1 2.35577E-1 2.51832E-1 2.77622E-1 2.79516E-1 2.29454E-1 1.72303E-1 1.64539E-1 1.90086E-1 2.18139E-1 2.86246E-1
-9999 -9999 -9999 -9999 -9999 -9999 -9999 -9999 -9999 9.17045E-3 1.5804E-1 1.99187E-1 2.1923E-1 2.08062E-1 2.42013E-1 2.96637E-1 2.93337E-1 1.6097E-1 4.8011E-1 4.86362E-1 5.39125E-1 5.09923E-1 5.15403E-1 5.65641E-1 5.45934E-1 4.17494E-1 3.1424E-1 2.67236E-1 2.58256E-1 2.05401E-1 1.62191E-1 1.61428E-1 1.94925E-1 2.67731E-1 3.33532E-1 3.40325E-1 2.6888E-1 3.61678E-1 4.2645E-1 2.82609E-1 2.67379E-1 2.7953E-1 2.63452E-1 2.40387E-1 2.2906E-1 2.06835E-1 2.19756E-1 2.47486E-1 1.89573E-1 1.74266E-1 2.49855E-1 2.01036E-1 2.6653E-1 2.51455E-1 2.13556E-1 1.75433E-1 1.84654E-1 1.99876E-1 2.19587E-1 3.09162E-1
-9999 -9999 -9999 -9999 -9999 -9999 -9999 -9999 -9999 7.45808E-3 1.30877E-1 1.5037E-1 1.68822E-1 1.73055E-1 2.12936E-1 2.67093E-1 2.83357E-1 2.83932E-1 4.68894E-1 5.15073E-1 5.42428E-1 5.45184E-1 4.37015E-1 4.3823E-1 4.07039E-1 1.5954E-1 3.05799E-1 2.90595E-1 3.0614E-1 2.5333E-1 2.3024E-1 1.80787E-1 2.29153E-1 2.87968E-1 3.11756E-1 3.53056E-1 1.55479E-1 3.87589E-1 3.72285E-1 2.31105E-1 3.00374E-1 3.29876E-1 3.09264E-1 2.86561E-1 3.13479E-1 3.00147E-1 3.40569E-1 2.40338E-1 2.29813E-1 2.66736E-1 2.47553E-1 2.42174E-1 3.58879E-1 3.97141E-1 2.89416E-1 2.33388E-1 2.12919E-1 2.10047E-1 2.44399E-1 3.39137E-1
-9999 -9999 -9999 -9999 -9999 -9999 -9999 -9999 6.78269E-2 8.59198E-2 1.09055E-1 1.12465E-1 1.74878E-1 2.21801E-1 1.81847E-1 1.45416E-1 1.15069E-1 3.86203E-1 4.15507E-1 4.33043E-1 4.8248E-1 4.69443E-1 3.315E-1 3.04975E-1 3.21795E-1 3.48559E-1 6.31339E-2 3.70492E-1 3.8754E-1 3.49557E-1 3.53156E-1 2.70713E-1 3.47236E-1 3.41198E-1 3.34843E-1 1.88808E-1 3.47648E-1 4.05203E-1 2.8718E-1 2.20733E-1 3.28813E-1 3.15783E-1 2.70114E-1 3.08272E-1 4.55558E-1 4.65655E-1 3.57795E-1 3.29119E-1 3.48615E-1 3.36383E-1 3.15047E-1 3.83006E-1 4.2984E-1 4.6506E-1 3.65286E-1 3.26026E-1 3.06576E-1 2.63399E-1 2.99666E-1 4.19344E-1
-9999 -9999 -9999 -9999 -9999 -9999 -9999 -9999 7.22058E-2 7.8293E-2 9.89757E-2 7.41618E-2 1.31536E-1 2.08801E-1 1.92659E-1 1.55952E-1 2.83587E-1 3.71815E-1 4.27673E-1 4.51459E-1 4.11485E-1 3.92551E-1 4.04151E-1 4.13873E-1 4.002E-1 3.64969E-1 3.58419E-1 1.5822E-1 4.24145E-1 3.93864E-1 4.18173E-1 3.87457E-1 4.29265E-1 3.78202E-1 3.43185E-1 4.04137E-1 3.75717E-1 3.58454E-1 2.22136E-1 2.1846E-1 3.23091E-1 2.54258E-1 2.63772E-1 3.75694E-1 4.75729E-1 3.97714E-1 3.60638E-1 4.03236E-1 3.44581E-1 3.68343E-1 3.414E-1 4.5224E-1 5.0726E-1 4.50146E-1 3.97193E-1 3.57448E-1 3.26038E-1 2.99247E-1 3.05097E-1 4.04302E-1
-9999 -9999 -9999 -9999 -9999 -9999 -9999 -9999 7.95462E-2 9.24141E-2 6.99896E-2 1.8285E-1 1.16189E-1 1.12386E-1 1.27844E-1 1.47769E-1 1.64338E-1 3.69246E-1 4.92698E-1 4.97897E-1 4.75568E-1 4.92408E-1 4.82386E-1 4.64069E-1 4.30032E-1 3.92293E-1 7.88362E-2 4.28621E-1 1.6959E-1 4.53158E-1 5.035E-1 4.62416E-1 4.30235E-1 7.90813E-2 4.30608E-1 4.74545E-1 4.19888E-1 3.51481E-1 2.44577E-1 2.79065E-1 2.74078E-1 2.87944E-1 3.73844E-1 4.74727E-1 4.63661E-1 4.44082E-1 4.9277E-1 3.95371E-1 4.10968E-1 4.96061E-1 5.33168E-1 5.10323E-1 5.71736E-1 1.41306E-1 2.48847E-1 3.43245E-1 3.80166E-1 3.38063E-1 3.10827E-1 3.87684E-1
-9999 -9999 -9999 -9999 -9999 -9999 -9999 6.08408E-2 1.24789E-1 2.02589E-1 2.08335E-1 1.46039E-1 1.49887E-1 1.55276E-1 1.43508E-1 1.32944E-1 1.70219E-1 3.7041E-1 4.17069E-1 4.86278E-1 4.63563E-1 4.722E-1 4.23977E-1 3.76339E-1 3.79579E-1 3.81612E-1 4.29417E-1 4.37246E-1 4.50957E-1 1.08469E-1 4.77792E-1 5.38391E-1 2.77429E-1 4.55799E-1 4.91219E-1 4.79508E-1 4.36567E-1 3.1414E-1 2.3874E-1 3.21778E-1 3.12492E-1 4.59096E-1 4.46642E-1 4.31436E-1 4.85601E-1 5.47619E-1 5.2437E-1 4.42412E-1 5.39938E-1 5.7462E-1 5.73761E-1 5.56548E-1 5.5588E-1 4.36877E-1 4.24171E-1 3.754E-1 3.78886E-1 3.48914E-1 3.3415E-1 3.81023E-1
-9999 -9999 -9999 -9999 -9999 -9999 -9999 4.71581E-2 1.24859E-1 1.52976E-1 1.59656E-1 1.91156E-1 2.259E-1 2.28686E-1 2.22219E-1 2.07405E-1 2.27205E-1 3.12776E-1 3.3451E-1 3.41488E-1 3.69768E-1 3.62044E-1 3.25106E-1 3.40988E-1 3.54776E-1 3.62315E-1 3.97751E-1 4.71136E-1 8.60097E-2 5.23848E-1 5.00458E-1 4.8641E-1 4.78588E-1 5.20389E-1 4.89532E-1 4.69933E-1 4.21487E-1 2.42061E-1 2.91711E-1 3.55082E-1 3.57529E-1 3.41624E-1 4.62724E-1 4.08729E-1 4.97388E-1 9.34644E-2 1.48371E-1 1.68113E-1 3.96458E-1 1.17611E-1 1.59437E-1 5.87614E-1 5.8112E-1 4.30394E-1 3.95037E-1 3.62167E-1 3.64282E-1 3.79928E-1 3.62328E-1 4.03688E-1
-9999 -9999 -9999 -9999 -9999 -9999 -9999 3.94537E-2 1.95409E-1 2.50171E-1 3.03213E-1 3.67884E-1 4.12391E-1 4.00698E-1 4.0673E-1 3.82616E-1 3.5759E-1 4.78508E-1 3.77649E-1 3.60292E-1 3.74224E-1 3.81133E-1 3.57824E-1 3.88811E-1 3.80505E-1 3.90684E-1 4.70078E-1 5.27714E-1 5.77766E-1 5.81176E-1 5.84065E-1 6.05178E-1 6.29015E-1 5.80513E-1 5.0747E-1 4.98179E-1 4.40763E-1 1.98851E-1 3.50098E-1 3.50379E-1 4.26069E-1 5.19824E-1 5.55944E-1 2.35734E-1 5.65535E-1 6.24879E-1 6.91474E-1 6.93697E-1 7.14177E-1 7.02642E-1 6.54348E-1 6.42462E-1 5.66185E-1 4.60887E-1 4.07121E-1 3.74126E-1 3.78438E-1 3.91134E-1 3.54834E-1 4.15766E-1
-9999 -9999 -9999 -9999 -9999 -9999 6.43404E-2 1.5299E-1 2.21214E-1 3.03776E-1 3.97708E-1 4.45327E-1 4.8619E-1 4.97673E-1 5.08154E-1 4.76276E-1 4.61571E-1 5.96057E-1 4.30659E-1 3.62487E-1 3.47779E-1 3.59174E-1 3.52254E-1 3.45716E-1 3.46537E-1 3.79841E-1 4.58447E-1 4.95134E-1 5.92762E-1 6.47236E-1 6.01487E-1 3.43413E-1 6.33373E-1 5.92794E-1 4.57361E-1 4.61449E-1 3.84675E-1 3.27329E-1 4.05395E-1 4.93559E-1 5.28857E-1 4.88433E-1 2.16255E-1 5.38513E-1 5.88252E-1 6.23232E-1 6.69716E-1 6.92701E-1 7.22301E-1 7.11038E-1 6.80697E-1 6.32335E-1 5.8255E-1 5.09574E-1 3.79378E-1 3.74064E-1 3.58477E-1 3.47338E-1 3.53027E-1 1.93388E-1
-9999 -9999 -9999 -9999 -9999 -9999 4.50997E-2 2.27361E-1 2.68649E-1 3.64008E-1 4.65217E-1 5.06584E-1 5.61945E-1 5.80928E-1 5.74333E-1 5.47768E-1 5.68034E-1 6.68457E-1 4.672E-1 4.1933E-1 3.77293E-1 3.42326E-1 3.13679E-1 2.90734E-1 3.13946E-1 3.36937E-1 4.18622E-1 4.28349E-1 5.31261E-1 6.52698E-1 5.68772E-1 4.18103E-1 6.70757E-1 5.67484E-1 4.50175E-1 4.94695E-1 4.21879E-1 4.58432E-1 4.88529E-1 4.84701E-1 5.26125E-1 3.91874E-1 5.59475E-1 5.74558E-1 6.24963E-1 6.84566E-1 7.0928E-1 7.32849E-1 3.53771E-1 6.88534E-1 6.90419E-1 5.60799E-1 6.13458E-1 5.59515E-1 3.66093E-1 3.79697E-1 3.20336E-1 2.98083E-1 3.36835E-1 3.39104E-1
-9999 -9999 -9999 -9999 -9999 -9999 -9999 2.61174E-1 3.50218E-1 4.48848E-1 5.0276E-1 5.56111E-1 5.98228E-1 6.3815E-1 6.619E-1 6.41758E-1 6.99301E-1 6.84021E-1 5.32373E-1 5.31743E-1 4.9399E-1 4.35682E-1 3.03416E-1 2.07561E-1 2.30941E-1 2.657E-1 4.03951E-1 4.45575E-1 5.35418E-1 6.14598E-1 6.32711E-1 5.64867E-1 6.83183E-1 5.69067E-1 5.46245E-1 5.16242E-1 4.3453E-1 4.57519E-1 4.89839E-1 5.32446E-1 5.52802E-1 5.68148E-1 5.87683E-1 5.96546E-1 6.57501E-1 6.37144E-1 6.6203E-1 7.49019E-1 7.3738E-1 6.17529E-1 6.28395E-1 5.96857E-1 5.69709E-1 2.00204E-1 4.24238E-1 3.8831E-1 3.49257E-1 3.11878E-1 3.44997E-1 3.59535E-1
-9999 -9999 -9999 -9999 -9999 -9999 -9999 2.35791E-1 4.57244E-1 5.10769E-1 5.37222E-1 5.64977E-1 6.11639E-1 6.74258E-1 4.46891E-1 6.40209E-1 7.39544E-1 6.93044E-1 6.04033E-1 6.3538E-1 5.46299E-1 4.1707E-1 2.75636E-1 2.17013E-1 2.18619E-1 2.56981E-1 3.60761E-1 4.57875E-1 5.31575E-1 5.80178E-1 6.28254E-1 6.84552E-1 6.65123E-1 6.03244E-1 6.00344E-1 3.86929E-1 4.33992E-1 5.12614E-1 5.46502E-1 9.51422E-2 6.52499E-1 6.27301E-1 5.53447E-1 5.60614E-1 6.4989E-1 7.33493E-1 7.23592E-1 7.22305E-1 6.47619E-1 5.72537E-1 5.36801E-1 4.93408E-1 4.57386E-1 4.55858E-1 3.17123E-1 4.34338E-1 3.73559E-1 3.49538E-1 4.97995E-1 5.20573E-1
-9999 -9999 -9999 -9999 -9999 -9999 -9999 -9999 1.59773E-1 4.74196E-1 4.55394E-1 4.52061E-1 5.09286E-1 5.86735E-1 6.75715E-1 7.75207E-1 7.78899E-1 5.38392E-1 7.50349E-1 6.99895E-1 5.3509E-1 4.01597E-1 2.95465E-1 2.50168E-1 2.73123E-1 3.10271E-1 3.9611E-1 4.68911E-1 5.62E-1 6.22087E-1 6.9883E-1 7.34408E-1 7.42518E-1 7.08895E-1 5.63797E-1 4.7194E-1 5.25454E-1 6.02139E-1 3.12005E-1 6.64612E-1 6.76993E-1 6.10281E-1 5.18975E-1 5.72203E-1 6.33528E-1 5.73736E-1 6.42963E-1 5.93988E-1 5.33566E-1 5.17253E-1 5.21217E-1 4.88927E-1 4.9219E-1 5.04934E-1 1.84969E-1 6.02988E-1 4.68768E-1 4.65187E-1 4.64152E-1 6.63698E-1
-9999 -9999 -9999 -9999 -9999 -9999 -9999 -9999 2.08484E-1 3.58491E-1 3.1793E-1 3.92841E-1 4.85186E-1 5.7399E-1 6.81765E-1 7.2877E-1 7.22738E-1 7.75585E-1 7.46916E-1 6.77581E-1 5.03387E-1 4.12509E-1 3.18235E-1 3.0557E-1 3.5113E-1 3.77189E-1 4.37661E-1 5.01856E-1 5.96277E-1 6.65644E-1 6.87789E-1 7.1441E-1 7.19236E-1 6.18742E-1 4.16588E-1 5.09942E-1 5.6108E-1 6.4795E-1 6.61113E-1 6.84487E-1 6.23959E-1 5.68968E-1 5.17862E-1 4.42756E-1 5.28893E-1 4.91607E-1 5.97221E-1 5.85328E-1 5.14306E-1 4.63214E-1 4.62166E-1 4.61918E-1 5.42373E-1 4.99713E-1 5.78593E-1 5.92934E-1 5.15646E-1 2.69552E-1 6.52269E-1 5.87462E-1
-9999 -9999 -9999 -9999 -9999 -9999 -9999 -9999 8.07078E-2 2.5009E-1 2.75043E-1 3.60794E-1 4.50775E-1 5.74796E-1 6.14483E-1 7.04096E-1 7.14273E-1 7.2877E-1 7.10154E-1 6.01597E-1 4.69408E-1 4.15225E-1 3.27002E-1 3.64234E-1 4.19513E-1 4.48202E-1 5.09414E-1 5.55762E-1 6.40039E-1 7.09359E-1 7.06456E-1 6.02658E-1 7.14734E-1 4.91101E-1 4.31508E-1 5.51755E-1 6.68924E-1 6.45516E-1 6.80753E-1 6.27414E-1 5.89563E-1 5.30714E-1 4.9278E-1 3.87016E-1 4.50046E-1 4.18487E-1 5.25692E-1 5.17532E-1 5.0135E-1 5.07659E-1 5.42839E-1 4.79173E-1 6.41114E-1 6.29811E-1 6.85786E-1 2.92947E-1 5.07649E-1 6.06057E-1 5.82789E-1 3.34115E-1
-9999 -9999 -9999 -9999 -9999 -9999 -9999 -9999 -9999 2.42984E-1 2.94141E-1 3.43188E-1 5.06441E-1 5.12935E-1 5.55487E-1 6.63118E-1 6.8257E-1 6.77122E-1 6.17697E-1 5.68913E-1 4.52568E-1 4.03065E-1 3.57263E-1 4.15015E-1 4.8025E-1 5.21548E-1 5.75039E-1 6.1546E-1 6.57918E-1 7.50176E-1 7.18268E-1 5.06165E-1 7.07962E-1 5.0252E-1 4.64498E-1 6.43273E-1 6.29294E-1 5.81443E-1 6.11407E-1 6.04425E-1 5.96546E-1 4.97582E-1 4.10583E-1 3.1622E-1 3.43795E-1 3.32502E-1 3.85546E-1 4.24785E-1 4.32164E-1 4.77418E-1 5.31546E-1 6.01349E-1 6.65134E-1 6.94918E-1 7.21081E-1 5.48008E-1 5.6722E-1 5.00518E-1 4.09906E-1 5.15818E-1
-9999 -9999 -9999 -9999 -9999 -9999 -9999 -9999 -9999 3.05503E-1 3.69003E-1 5.01791E-1 5.34159E-1 5.74584E-1 6.19506E-1 6.82181E-1 6.83434E-1 6.76274E-1 6.00317E-1 5.50004E-1 4.83305E-1 4.44533E-1 4.01208E-1 4.4278E-1 5.20327E-1 5.71246E-1 6.33453E-1 6.71089E-1 6.84984E-1 5.47441E-1 7.16107E-1 3.55894E-1 6.098E-1 6.00153E-1 5.54458E-1 4.41357E-1 5.05628E-1 5.82085E-1 5.92088E-1 5.86606E-1 5.79695E-1 4.54861E-1 3.86104E-1 2.9764E-1 3.33644E-1 3.30525E-1 3.61764E-1 3.31537E-1 3.75151E-1 5.02582E-1 5.48602E-1 5.57985E-1 6.15955E-1 6.72847E-1 3.76383E-1 3.18578E-1 2.6516E-1 3.31536E-1 5.61566E-1 6.12522E-1
-9999 -9999 -9999 -9999 -9999 -9999 -9999 -9999 -9999 3.83236E-1 4.01779E-1 4.65991E-1 5.5752E-1 6.33243E-1 6.76326E-1 7.42369E-1 7.23287E-1 7.32543E-1 6.80504E-1 6.64492E-1 5.74535E-1 4.80201E-1 4.15507E-1 4.87825E-1 5.59145E-1 6.21128E-1 6.91597E-1 3.10255E-1 6.87467E-1 7.00342E-1 6.24997E-1 6.71718E-1 5.53446E-1 5.37059E-1 5.78823E-1 6.41298E-1 4.54281E-1 4.37342E-1 5.16788E-1 5.45601E-1 4.82274E-1 4.12506E-1 3.54211E-1 3.15096E-1 4.01739E-1 4.31983E-1 4.45236E-1 4.39702E-1 4.79131E-1 4.92531E-1 4.92762E-1 5.78313E-1 6.50069E-1 5.58909E-1 4.56142E-1 5.70078E-1 5.05457E-1 4.57028E-1 5.40841E-1 6.61848E-1
