Phytophthora/models/20240430_1251_44/Phytophthora_PA3_RUN9_MAXENT_outputs/Phytophthora_PA3_RUN9.asc
ncols         225
nrows         269
xllcorner     473000.0
yllcorner     4429100.0
cellsize      50.0
NODATA_value  -9999
[rows 81 to 107 of 269, columns 60 to 119 of 225]
2.08764E-2 2.15219E-3 1.65498E-2 1.47137E-2 7.31405E-3 7.49674E-3 1.04268E-2 1.34211E-2 1.44302E-2 2.178E-2 8.25935E-3 4.18682E-2 4.08642E-3 4.90946E-2 5.65695E-2 1.15141E-1 1.09549E-1 1.11007E-1 1.05269E-1 9.63897E-2 3.31911E-2 -9999 2.78749E-2 2.40277E-2 2.61114E-2 3.81195E-2 5.48101E-2 7.93248E-2 1.08831E-1 1.53623E-1 1.79947E-1 1.43475E-1 1.15077E-1 1.42026E-1 1.59593E-1 2.12247E-1 2.34762E-1 2.33898E-1 2.101E-1 2.11751E-1 2.02114E-1 2.04419E-1 2.15052E-1 7.19568E-2 1.94375E-1 1.49615E-1 5.37886E-2 4.44643E-1 3.5716E-1 2.35857E-1 1.74886E-1 1.08354E-1 1.46331E-1 1.70337E-1 1.82224E-1 -9999 -9999 -9999 -9999 -9999
2.75769E-2 2.49992E-2 1.93663E-2 1.0772E-2 1.14408E-2 9.50966E-3 9.23682E-3 1.27912E-2 1.37258E-2 1.82477E-2 3.27116E-2 4.06709E-2 4.22935E-2 3.84945E-2 4.06491E-2 6.12482E-2 6.8295E-2 1.07366E-1 1.02782E-1 9.26051E-2 3.05132E-2 -9999 2.96896E-2 2.94209E-2 2.85676E-2 3.96068E-2 5.51856E-2 7.49161E-2 9.48609E-2 1.29556E-1 1.80303E-1 1.53019E-1 1.3884E-1 1.42844E-1 1.55765E-1 2.47173E-1 2.69797E-1 2.38229E-1 2.46359E-1 2.11118E-1 2.24222E-1 1.65964E-1 2.13717E-1 2.081E-1 2.10984E-1 2.76837E-1 2.69433E-1 5.48361E-2 8.12611E-2 4.7476E-2 1.69772E-1 3.86639E-2 2.78573E-1 1.42945E-1 1.35683E-1 2.33892E-2 1.18231E-1 -9999 -9999 -9999
2.40782E-2 1.81652E-2 2.29443E-2 1.61912E-2 1.36102E-2 1.25592E-2 1.3324E-2 1.47125E-2 1.64632E-2 2.16474E-2 2.91099E-2 3.28885E-2 3.41437E-2 3.47642E-2 3.8773E-2 5.60959E-2 6.97946E-2 9.58366E-2 1.09508E-1 1.02137E-1 8.41047E-3 4.08787E-2 -9999 3.74294E-2 3.85144E-2 4.05189E-2 5.02925E-2 6.54804E-2 8.44533E-2 1.21348E-1 1.77176E-1 1.8767E-1 1.99094E-1 7.76594E-2 1.78083E-1 3.64216E-2 2.99369E-1 2.42056E-1 2.52389E-1 2.34989E-1 2.43459E-1 2.22496E-1 2.15232E-1 1.95321E-1 2.03094E-1 2.69742E-1 1.79939E-1 3.58741E-2 1.88399E-1 1.74801E-1 2.09645E-1 1.13542E-1 2.00768E-1 1.9894E-2 1.70546E-1 1.45758E-1 1.2768E-1 1.10047E-1 -9999 -9999
2.72001E-2 3.36531E-2 3.16395E-2 2.4305E-2 1.55913E-2 1.41669E-2 1.66407E-2 4.89318E-3 6.63196E-3 2.84507E-3 3.67807E-2 3.65682E-2 3.34307E-2 3.15909E-2 3.53838E-2 7.41553E-2 9.13009E-2 1.0744E-1 1.22436E-1 1.25035E-1 4.39E-2 5.2378E-2 -9999 3.93457E-2 4.4827E-2 5.15682E-2 5.86028E-2 5.69944E-2 7.24248E-2 1.0222E-1 1.43017E-1 1.98895E-1 1.70374E-1 1.5029E-1 5.03085E-2 3.10663E-1 2.74564E-1 1.78999E-1 1.98153E-1 2.01875E-1 2.10094E-1 1.84099E-1 1.80892E-1 1.62029E-1 1.77051E-1 2.48153E-1 1.19714E-1 4.51821E-2 1.90705E-1 1.98435E-1 2.08879E-1 1.84495E-1 2.10391E-1 2.02485E-1 1.73672E-1 1.40835E-1 1.38602E-1 1.25891E-1 -9999 -9999
3.41591E-2 4.03867E-2 4.07373E-2 3.16986E-2 2.0772E-2 1.35366E-2 1.48247E-2 1.66308E-2 1.81731E-2 2.38469E-2 8.05081E-3 4.11928E-2 3.81439E-2 3.74154E-2 3.88494E-2 7.09717E-2 9.32567E-2 1.19506E-1 1.18859E-1 1.49785E-1 1.13258E-1 5.97798E-2 5.01813E-2 -9999 3.84084E-2 5.7734E-2 7.98816E-2 7.25388E-2 8.5434E-2 1.04855E-1 1.45152E-1 1.74386E-1 1.40767E-1 1.95788E-1 2.16008E-1 3.15652E-1 2.40995E-1 1.8549E-1 1.69071E-1 1.72882E-1 1.89221E-1 1.69027E-1 1.70971E-1 1.52882E-1 2.0728E-1 1.38436E-1 2.47581E-1 1.50982E-1 2.11301E-1 2.3422E-1 2.10731E-1 1.89376E-1 1.94719E-1 1.89263E-1 1.79233E-1 1.55446E-1 1.62747E-1 1.6118E-1 1.30924E-1 -9999
3.01946E-2 3.83439E-2 3.98331E-2 2.62234E-2 2.48737E-2 1.86048E-2 1.44306E-2 1.75166E-2 1.77702E-2 2.40345E-2 4.16449E-2 4.11365E-3 5.08913E-2 4.82589E-2 5.35727E-2 8.0315E-2 9.48171E-2 1.22801E-1 1.40122E-1 1.60741E-1 6.30365E-3 7.86935E-2 6.61816E-2 5.48753E-2 5.64933E-2 9.70057E-2 1.48736E-1 1.60858E-1 1.49877E-1 1.62028E-1 7.1772E-2 1.57878E-1 1.7013E-1 1.73885E-1 2.59771E-1 3.5639E-2 2.62401E-1 2.4792E-1 2.09658E-1 1.97665E-1 2.0187E-1 1.79473E-1 1.71522E-1 2.06977E-1 3.6931E-1 3.4575E-1 3.1022E-1 8.22296E-2 2.66054E-1 4.42102E-2 2.88312E-1 2.47264E-1 2.18429E-1 2.27111E-1 2.31232E-1 2.57776E-1 2.62702E-1 2.50806E-1 2.2825E-1 -9999
2.92408E-2 3.79182E-2 3.97912E-2 2.81826E-2 3.52298E-2 2.48621E-2 1.71538E-2 1.64455E-2 1.67136E-2 2.02894E-2 3.54897E-2 5.31192E-2 5.05675E-2 5.91109E-2 6.15974E-2 8.86665E-2 8.81437E-2 9.75662E-2 1.22637E-1 1.34376E-1 5.327E-2 1.81747E-2 8.69056E-2 7.24289E-2 8.06482E-2 1.26733E-1 1.89907E-1 2.04952E-1 1.63126E-1 1.68607E-1 1.50375E-1 1.57557E-1 1.51637E-1 1.40525E-1 1.96324E-1 2.70778E-1 1.12182E-1 2.80564E-1 2.44183E-1 2.26973E-1 2.23761E-1 2.61762E-1 2.20731E-1 2.17618E-1 2.07254E-1 3.38958E-1 8.78428E-2 4.26213E-1 3.34728E-1 3.69514E-1 3.03991E-1 3.49179E-1 2.91928E-1 3.17428E-1 2.98194E-1 3.44296E-1 3.56642E-1 3.59804E-1 3.20221E-1 1.84423E-1
3.38363E-2 3.24847E-2 4.12366E-2 4.09788E-2 3.9262E-2 3.24782E-2 2.26878E-2 2.02505E-2 1.76538E-2 2.04963E-2 3.49925E-2 5.06692E-2 4.60583E-2 2.61244E-2 8.24377E-2 1.158E-1 1.03823E-1 9.4816E-2 9.14572E-2 1.14907E-1 2.95472E-2 1.18534E-1 1.02005E-1 1.05046E-1 1.12582E-1 1.84542E-1 2.22169E-1 1.84434E-1 1.70742E-1 1.62966E-1 1.27303E-1 1.5069E-1 1.82309E-1 1.41418E-1 1.44231E-1 2.96235E-1 3.02198E-1 1.20174E-1 2.16189E-1 1.99119E-1 2.39792E-1 2.885E-1 3.0317E-1 2.40582E-1 9.78647E-2 2.66637E-1 1.92185E-1 2.2543E-1 2.30676E-1 3.44117E-1 3.46489E-1 1.28036E-1 1.49624E-1 3.19503E-1 3.07915E-1 1.29947E-1 4.06042E-1 4.0488E-1 2.839E-1 1.65673E-1
3.71154E-2 3.2292E-2 4.74047E-2 5.07223E-2 1.04669E-2 4.02656E-2 3.25698E-2 2.93495E-2 2.30767E-2 2.23518E-2 3.7778E-2 4.47693E-2 4.35821E-2 6.06944E-2 7.89878E-2 5.59703E-2 1.12536E-1 9.73384E-2 8.04399E-2 8.10053E-2 1.11487E-1 4.11218E-2 1.37102E-1 1.1725E-1 9.13124E-2 2.51887E-1 1.79687E-1 1.77896E-1 1.41477E-1 1.02303E-1 1.13643E-1 1.76912E-1 2.64786E-1 -9999 1.44457E-1 3.47138E-1 2.55469E-1 1.80316E-1 9.73458E-2 2.31662E-1 2.91941E-1 3.29948E-1 3.79012E-1 3.97707E-1 3.55047E-1 3.42504E-1 3.29624E-1 2.42625E-1 2.43738E-1 4.03016E-1 3.32669E-1 1.44143E-1 2.75234E-1 3.34197E-1 3.30144E-1 4.10924E-1 3.9971E-1 3.70074E-1 2.41018E-1 1.56587E-1
3.47777E-2 3.68102E-2 5.30453E-2 5.95342E-2 5.50808E-2 5.66844E-2 4.67868E-2 4.02934E-2 3.19891E-2 3.15716E-2 3.5009E-2 4.34309E-2 3.8163E-2 5.27127E-2 7.01874E-2 1.36091E-1 1.24746E-1 1.28302E-1 1.08861E-1 8.03905E-2 1.07981E-1 4.08767E-2 1.46504E-1 1.30758E-1 5.69985E-2 2.48068E-1 1.64103E-1 1.37299E-1 1.40927E-1 1.54533E-1 1.31617E-1 -9999 -9999 -9999 -9999 2.7058E-1 2.00202E-1 1.63561E-1 1.98598E-1 2.59256E-1 2.14519E-1 3.8237E-1 3.94298E-1 4.46688E-1 4.83014E-1 1.14462E-1 2.32562E-1 2.9109E-1 2.9465E-1 4.41302E-1 2.99588E-1 2.80902E-1 2.47061E-1 3.23161E-1 3.11376E-1 3.28868E-1 3.37433E-1 2.78781E-1 2.05123E-1 1.93171E-1
3.51077E-2 4.334E-2 6.06551E-2 5.55309E-2 6.17695E-2 7.56495E-2 4.31111E-2 4.97568E-2 3.65852E-2 4.24764E-2 4.11076E-2 4.80018E-2 4.58464E-2 5.63554E-2 7.31224E-2 1.49778E-1 1.44363E-1 1.38739E-1 1.63053E-1 1.04961E-1 1.05011E-1 4.93222E-2 1.53461E-1 2.49903E-1 2.63967E-1 1.45371E-1 1.19871E-1 1.03065E-1 1.15208E-1 -9999 -9999 -9999 -9999 -9999 -9999 1.90487E-1 1.49956E-1 1.42907E-1 1.58506E-1 1.91806E-1 2.52108E-1 3.19806E-1 3.93131E-1 4.58238E-1 8.50156E-2 3.35388E-1 2.19631E-1 3.23986E-1 6.27974E-2 4.64069E-1 2.83732E-1 2.65762E-1 1.12797E-1 2.92429E-1 3.62421E-1 3.46627E-1 3.65089E-1 2.16847E-1 2.55011E-1 2.75787E-1
4.16519E-2 5.986E-2 7.26712E-2 5.69803E-2 5.70039E-2 3.49286E-2 5.72428E-2 1.4335E-2 4.55801E-2 4.80504E-2 5.84825E-2 8.30617E-2 7.6974E-2 9.48786E-2 1.05615E-1 1.69563E-1 1.87983E-2 2.16743E-1 2.10526E-1 1.69108E-1 1.47628E-1 2.23791E-1 2.59842E-1 2.06975E-2 1.66601E-1 1.36219E-1 1.27002E-1 1.07696E-1 -9999 -9999 -9999 -9999 -9999 -9999 -9999 2.05808E-1 1.65121E-1 1.47044E-1 1.58991E-1 1.73923E-1 2.27894E-1 2.83194E-1 3.83475E-1 3.63393E-1 1.80923E-1 2.68077E-2 1.90192E-1 3.49427E-1 4.62754E-1 4.56878E-1 3.42216E-2 1.7506E-1 2.17465E-1 1.91376E-1 1.92547E-1 4.37057E-1 2.95126E-1 2.29135E-1 2.81067E-1 3.24105E-1
4.29958E-2 6.94128E-2 1.90896E-2 2.41359E-2 4.55717E-2 3.71388E-2 5.05061E-2 7.70995E-2 5.65842E-2 4.93202E-2 5.99235E-2 1.02904E-1 1.22866E-1 1.31252E-1 2.13124E-2 9.11666E-2 2.17683E-1 2.11939E-1 2.02934E-1 1.99382E-1 1.84183E-1 2.45635E-1 5.85106E-2 1.55742E-1 1.35633E-1 1.58108E-1 1.44304E-1 1.18064E-1 -9999 -9999 -9999 -9999 -9999 -9999 -9999 -9999 2.16224E-1 2.05014E-1 1.91976E-1 1.92322E-1 2.42198E-1 -9999 -9999 3.6246E-1 2.98772E-1 1.76654E-1 2.16865E-1 2.64111E-1 4.44246E-1 3.5194E-1 2.18094E-1 1.92997E-1 1.84256E-1 1.00549E-1 4.22639E-1 1.67809E-1 3.36959E-1 2.6539E-1 3.25229E-1 3.39399E-1
3.37972E-2 5.74563E-2 6.94838E-2 5.60351E-2 5.4471E-2 3.86682E-2 8.53941E-3 8.36994E-2 3.08347E-2 6.811E-2 7.13285E-2 9.52501E-2 5.70677E-2 1.30942E-1 1.28624E-1 4.27607E-2 1.64931E-1 1.72263E-1 1.52502E-1 1.2083E-1 1.11704E-1 1.90916E-1 2.24513E-1 1.50606E-1 1.35042E-1 1.60712E-2 1.39019E-1 1.00376E-1 -9999 -9999 -9999 -9999 -9999 -9999 -9999 -9999 2.77084E-1 2.63355E-1 2.49741E-1 -9999 -9999 -9999 -9999 2.21341E-1 2.06942E-1 1.46033E-1 1.88251E-1 2.11734E-1 2.92347E-1 3.11373E-1 2.23108E-1 1.92259E-1 1.653E-1 9.35916E-2 4.19621E-1 1.11099E-1 3.60608E-1 2.96316E-1 3.35855E-1 7.28434E-2
2.70019E-2 2.32651E-2 5.0974E-2 5.87033E-2 4.77011E-2 3.53692E-2 4.23562E-2 7.48357E-2 7.95552E-2 6.14637E-2 3.13033E-2 6.61766E-3 7.65635E-2 1.10685E-1 1.27835E-1 1.54169E-1 3.82318E-2 2.65272E-2 1.8852E-1 1.64537E-1 9.01699E-2 1.25654E-1 1.70734E-1 1.22592E-1 1.13584E-1 7.94825E-2 1.40791E-1 8.90309E-2 1.33568E-1 -9999 -9999 -9999 -9999 -9999 -9999 3.82919E-1 -9999 -9999 -9999 -9999 -9999 -9999 -9999 2.08022E-1 1.55916E-1 1.40759E-1 1.63016E-1 2.06524E-1 6.76415E-2 3.83668E-2 8.70827E-2 2.13947E-1 1.97472E-1 1.83491E-1 1.00209E-1 4.8423E-1 2.34992E-1 3.47986E-1 6.2178E-2 3.75853E-1
3.0167E-2 4.40918E-2 3.20911E-2 7.2852E-2 4.89073E-2 4.11266E-2 4.56923E-2 5.50404E-2 6.30325E-2 1.16343E-1 1.18137E-1 1.51589E-1 1.20739E-2 8.62946E-2 8.55106E-2 1.03988E-1 1.19682E-1 1.39617E-1 1.68237E-1 6.18263E-2 5.50168E-2 9.56808E-2 1.07616E-1 1.04768E-1 1.10538E-1 1.74541E-1 1.14556E-1 1.24467E-1 1.29569E-1 -9999 -9999 -9999 -9999 -9999 -9999 -9999 -9999 -9999 -9999 -9999 -9999 -9999 -9999 2.70148E-1 2.91249E-1 2.5899E-1 2.38852E-1 2.91427E-1 1.56032E-1 4.64189E-2 3.89531E-1 3.53881E-1 3.7476E-1 4.13082E-1 7.35433E-2 4.95298E-1 4.88573E-1 4.85978E-1 4.35477E-1 3.71745E-1
1.88236E-2 2.36783E-2 2.4811E-2 3.3737E-2 3.10708E-2 3.27067E-2 3.33744E-2 3.88467E-2 4.27284E-2 5.39016E-2 9.59514E-2 1.0816E-1 1.49481E-1 1.10755E-1 9.16427E-2 8.21456E-2 9.75541E-2 1.01484E-1 8.34412E-2 9.78839E-2 7.79382E-2 6.39765E-2 7.95937E-2 8.97164E-2 1.0017E-1 1.66013E-1 1.12127E-1 1.35642E-1 1.12692E-1 -9999 -9999 -9999 -9999 -9999 -9999 -9999 -9999 -9999 -9999 -9999 -9999 -9999 -9999 1.15759E-1 3.30133E-1 3.00178E-1 2.90832E-1 3.18435E-1 3.27467E-1 3.91253E-1 4.57195E-1 4.2979E-1 2.00577E-1 5.11224E-1 5.41077E-1 4.44407E-1 3.75621E-1 1.52231E-1 8.94952E-2 3.36294E-1
2.07096E-2 2.03612E-2 1.94651E-2 7.05973E-3 2.34715E-2 2.67246E-2 2.88258E-2 3.16149E-2 3.48766E-2 4.35049E-2 5.83848E-2 1.07087E-1 1.42658E-1 7.2264E-2 1.65044E-1 1.07873E-1 8.84232E-2 1.36257E-1 1.33536E-1 8.72032E-2 8.06345E-2 8.83784E-2 1.03119E-1 1.22498E-1 1.26144E-1 3.1278E-2 1.43107E-1 1.59219E-1 1.67543E-1 1.24301E-1 -9999 -9999 -9999 -9999 -9999 -9999 -9999 -9999 -9999 -9999 -9999 -9999 -9999 3.24108E-1 1.79561E-1 3.21794E-1 3.51808E-1 3.77729E-1 3.91905E-1 2.65114E-1 1.54934E-1 6.17408E-1 5.50808E-1 6.20552E-1 5.58775E-1 3.4064E-1 3.01798E-1 1.35022E-1 2.88979E-1 3.11989E-1
2.99197E-2 2.93765E-2 2.88122E-2 2.84369E-2 2.54566E-2 2.47683E-2 2.4273E-2 2.7261E-2 2.74659E-2 3.65361E-2 5.05885E-2 6.74581E-2 1.54593E-1 1.55487E-1 1.42076E-1 1.36196E-1 9.7324E-2 1.28008E-2 2.72604E-2 6.16083E-2 6.15247E-2 7.02768E-2 8.87834E-2 1.08223E-1 1.24432E-1 1.40193E-1 2.51365E-2 1.29788E-1 2.25474E-1 1.19781E-1 1.29682E-1 -9999 -9999 -9999 -9999 -9999 -9999 -9999 -9999 -9999 -9999 -9999 -9999 3.13668E-1 3.26013E-1 3.42652E-1 3.24696E-1 1.85702E-1 2.52374E-1 6.12913E-2 2.37538E-1 2.85299E-1 5.55288E-1 2.08309E-1 4.65248E-1 3.34074E-1 3.32997E-1 1.82432E-1 3.75155E-1 3.09082E-1
3.94178E-2 3.60534E-2 3.56445E-2 3.71701E-2 2.00787E-2 3.81815E-2 2.81508E-2 2.98659E-2 3.10551E-2 4.13173E-2 5.37614E-2 7.13373E-2 2.46486E-2 1.32505E-1 1.55336E-1 1.33931E-1 9.92836E-2 8.30106E-2 6.85029E-2 5.79084E-2 5.98243E-2 6.474E-2 8.41641E-2 1.17924E-1 1.3805E-1 1.51572E-1 1.64294E-1 7.20285E-2 2.16873E-1 1.27083E-1 1.76046E-1 -9999 -9999 -9999 -9999 -9999 -9999 -9999 -9999 -9999 -9999 -9999 2.19156E-1 9.07211E-2 3.38528E-1 3.24337E-1 3.22016E-1 3.77556E-1 3.69367E-1 2.53686E-1 1.75998E-1 3.58334E-1 3.6952E-1 3.44305E-1 3.39023E-1 2.84637E-1 3.03568E-1 5.7069E-2 3.8789E-1 2.79013E-1
5.20694E-2 5.09521E-2 4.66435E-2 4.44608E-2 5.34231E-2 2.02946E-2 5.95959E-2 4.26465E-2 4.15412E-2 5.3956E-2 6.5145E-2 9.07649E-2 3.7725E-2 1.25667E-1 1.24151E-1 1.05966E-1 8.83217E-2 3.08034E-2 5.92038E-2 5.72568E-2 8.03047E-2 6.75097E-2 1.01689E-1 1.19951E-1 1.26734E-1 1.05754E-1 1.06565E-1 8.43613E-2 8.33048E-2 9.1063E-2 1.53783E-1 1.54243E-1 -9999 -9999 -9999 -9999 -9999 -9999 -9999 -9999 -9999 2.67031E-1 2.74673E-1 2.02227E-1 3.18079E-1 3.3762E-1 3.63412E-1 4.55963E-1 2.55275E-1 3.54244E-1 2.57674E-1 2.06165E-1 3.62892E-1 2.59096E-1 2.42044E-1 3.16014E-1 3.36214E-1 3.36008E-1 4.2107E-1 3.36391E-1
6.52801E-2 6.57764E-2 6.49756E-2 5.42291E-2 5.27567E-2 9.83227E-2 4.90457E-2 5.63062E-2 5.37119E-2 7.06127E-2 7.79199E-2 9.84599E-2 1.11978E-1 1.05183E-1 1.63661E-1 9.36622E-2 3.48876E-2 1.30241E-2 5.58027E-2 6.76212E-2 8.90918E-2 1.23101E-1 1.58723E-1 1.71106E-1 1.46814E-1 1.16384E-1 1.18377E-1 5.96481E-2 8.75784E-2 8.02795E-2 1.49026E-1 1.516E-1 -9999 -9999 -9999 -9999 -9999 -9999 -9999 -9999 2.21465E-1 2.45651E-1 2.46592E-1 2.85762E-1 9.97702E-2 1.40505E-1 1.07761E-1 3.27548E-1 4.16116E-2 1.31787E-1 3.26306E-1 2.52629E-1 4.67186E-1 4.17373E-1 3.90284E-1 3.44964E-1 1.41967E-1 8.6124E-2 1.12703E-1 4.10367E-1
7.17178E-2 6.89709E-2 7.53141E-2 7.472E-2 7.97887E-2 9.9853E-2 5.7313E-2 9.68813E-2 7.27284E-2 8.40521E-2 9.73669E-2 7.24187E-2 3.10037E-2 8.87057E-2 9.59269E-3 9.53857E-2 4.29447E-2 1.79195E-2 8.14529E-2 9.01734E-2 1.85629E-1 2.00587E-1 1.56978E-1 1.06842E-1 1.0931E-1 1.02701E-1 1.10279E-1 9.47738E-2 7.30354E-2 8.15271E-2 7.60194E-2 1.00124E-1 1.39234E-1 -9999 -9999 -9999 -9999 -9999 -9999 4.40618E-2 1.83124E-1 2.24797E-1 2.32553E-1 2.58503E-1 2.59006E-1 2.35364E-1 1.4787E-1 6.6196E-2 2.94604E-1 2.39167E-1 4.11891E-2 4.36016E-1 2.20063E-1 4.99113E-1 4.2217E-1 3.22594E-1 3.58213E-1 4.43799E-1 5.28424E-1 2.68633E-1
6.3637E-2 7.62137E-2 4.86E-2 6.16775E-2 7.57869E-2 9.76422E-2 1.40149E-1 1.52029E-1 9.33221E-2 1.95955E-2 1.0454E-1 1.03305E-1 9.13909E-2 7.8618E-2 7.13579E-2 7.53193E-2 1.51573E-2 8.13314E-2 1.0665E-1 1.51864E-1 2.66239E-1 2.42048E-1 1.2206E-1 9.77935E-2 1.09327E-1 1.0056E-1 1.06729E-1 9.37219E-2 6.2909E-2 7.94697E-2 6.40345E-2 8.27567E-2 1.16272E-1 -9999 -9999 -9999 -9999 -9999 -9999 1.51738E-1 2.63049E-1 2.96616E-1 2.99328E-1 3.12183E-1 3.06306E-1 3.49317E-1 2.32021E-1 5.15845E-2 3.37546E-1 2.53298E-1 3.31167E-1 3.47696E-1 3.64353E-1 2.01817E-1 2.67831E-1 4.50089E-1 3.73194E-1 4.28974E-1 5.15871E-1 2.44909E-1
5.91483E-2 8.8585E-2 9.26857E-2 6.81579E-2 6.84765E-2 8.98521E-2 1.13402E-1 1.05295E-2 1.25099E-1 1.10557E-1 9.55896E-2 8.37191E-2 8.36089E-2 7.97796E-2 5.58567E-2 7.08842E-2 1.02503E-1 9.74778E-2 3.39139E-2 2.29297E-1 2.66054E-1 2.43252E-1 1.7483E-1 1.03466E-1 1.00039E-1 7.87725E-2 7.04976E-2 6.52418E-2 4.48008E-2 3.4126E-2 6.01664E-2 7.13141E-2 9.00574E-2 6.48623E-2 -9999 -9999 -9999 1.5724E-1 1.67518E-1 2.29254E-1 1.41409E-1 1.76138E-1 3.2915E-1 8.52268E-2 4.37486E-1 2.30637E-1 4.77761E-1 3.10442E-1 3.46601E-1 3.08822E-1 3.09721E-1 3.42329E-1 3.65963E-1 1.70306E-1 5.08484E-1 2.21581E-1 2.99385E-1 4.38822E-1 5.70215E-1 4.54673E-1
5.8072E-2 8.88686E-2 1.29185E-1 9.1958E-2 7.34174E-2 9.28399E-2 1.96792E-2 5.84475E-2 1.72118E-1 8.53614E-2 5.58608E-2 5.60352E-2 5.66636E-2 5.06797E-2 4.25472E-2 7.6387E-2 9.75523E-2 1.54145E-1 2.25135E-1 8.72285E-2 2.9174E-1 2.26743E-1 1.18839E-1 7.91865E-2 6.52124E-2 7.32759E-2 7.05942E-2 6.36529E-2 5.95661E-2 6.92991E-2 1.16916E-1 4.25897E-2 3.2861E-2 4.17325E-2 5.10976E-2 1.11455E-1 1.74858E-1 2.45356E-1 6.68278E-2 3.40061E-1 3.67873E-1 3.64797E-1 3.62947E-1 5.22989E-1 9.23691E-2 5.6126E-1 3.08545E-1 3.28837E-1 3.78157E-1 3.12176E-1 3.01867E-1 3.26726E-1 3.85497E-1 2.89818E-1 4.55208E-1 3.92576E-1 4.61984E-1 5.42771E-1 2.41543E-1 4.13229E-1
5.34188E-2 7.04823E-2 1.21228E-1 1.1897E-1 1.12611E-1 1.11232E-1 1.21787E-1 6.88009E-2 1.4393E-1 7.14587E-2 4.7959E-2 5.76564E-2 4.71482E-2 3.96527E-2 3.92281E-2 6.8619E-2 8.86406E-2 1.11319E-1 1.58516E-1 1.09004E-1 2.62525E-1 1.36678E-1 9.58368E-2 7.01521E-2 6.04259E-2 6.34394E-2 5.0604E-2 7.34095E-2 6.75752E-2 5.46687E-2 1.05305E-1 4.27673E-2 3.33776E-2 4.35261E-2 4.75974E-2 1.15485E-1 1.89513E-1 2.49293E-1 3.03919E-1 3.88532E-1 1.87441E-1 4.33482E-1 3.93013E-1 4.44731E-1 2.3785E-1 1.10427E-1 2.73163E-1 2.77025E-1 3.98512E-1 2.78755E-1 2.84019E-1 2.86256E-1 3.48561E-1 5.0086E-1 1.51123E-1 1.30072E-1 4.60545E-1 5.65372E-1 5.05453E-1 1.29123E-1
