Phytophthora/models/20240429_1812_56/Phytophthora_PA2_RUN9_MAXENT_outputs/Phytophthora_PA2_RUN9.asc
ncols         225
nrows         269
xllcorner     473000.0
yllcorner     4429100.0
cellsize      50.0
NODATA_value  -9999
[rows 108 to 134 of 269, columns 0 to 59 of 225]
-9999 -9999 -9999 -9999 -9999 -9999 -9999 -9999 -9999 -9999 -9999 2.17411E-1 1.84964E-1 2.40634E-1 2.29662E-1 1.94283E-1 1.72283E-1 1.28944E-1 1.10998E-1 1.2137E-1 1.79098E-1 2.6972E-1 2.48153E-1 2.50518E-1 2.03181E-1 2.60973E-1 2.71869E-1 2.48909E-1 2.30719E-1 2.20811E-1 1.599E-1 1.25235E-1 1.05028E-1 1.01315E-1 1.01969E-1 6.46416E-2 8.44185E-2 8.48586E-2 2.33323E-2 7.29988E-2 5.21234E-2 4.66801E-2 4.58951E-2 5.62527E-2 7.66264E-2 8.70553E-2 6.74605E-2 6.13721E-2 7.16233E-2 9.79012E-2 8.03523E-2 7.35488E-2 6.93801E-2 1.07794E-1 7.70759E-2 7.18141E-2 5.6024E-2 8.91191E-2 1.18154E-1 1.30632E-1
-9999 -9999 -9999 -9999 -9999 -9999 -9999 -9999 -9999 -9999 1.86376E-1 2.19043E-1 1.45245E-1 2.47243E-1 2.38591E-1 1.60413E-1 1.28166E-1 1.01787E-1 1.15477E-1 1.35437E-1 2.03854E-1 2.66196E-1 6.90419E-2 3.49204E-1 2.3049E-1 2.49531E-1 2.38396E-1 2.40221E-1 2.37667E-1 1.7903E-1 1.16364E-1 1.14152E-1 1.21927E-1 1.21559E-1 1.20534E-1 7.95726E-2 9.85352E-2 7.29381E-2 1.97795E-2 1.94005E-2 4.4187E-2 4.54641E-2 5.02261E-2 5.4065E-2 8.93368E-2 1.52549E-1 1.27749E-1 7.40829E-2 3.72134E-2 1.18963E-1 6.95353E-2 8.62564E-2 1.29957E-1 1.22245E-1 6.86236E-2 7.28022E-2 6.04574E-2 1.40351E-1 1.30883E-1 1.17647E-1
-9999 -9999 -9999 -9999 -9999 -9999 -9999 -9999 -9999 -9999 2.01402E-1 2.36005E-1 2.31632E-1 3.27931E-1 2.60405E-1 1.59847E-1 1.11442E-1 1.09342E-1 1.27775E-1 1.48278E-1 2.6225E-1 7.33538E-2 3.07881E-1 2.49977E-1 2.37847E-1 2.71891E-1 2.71829E-1 2.53716E-1 2.04588E-1 1.53992E-1 1.29775E-1 1.37022E-1 1.48996E-1 1.46673E-1 1.43867E-1 1.02501E-1 9.4207E-2 9.28048E-2 7.97488E-2 8.2232E-2 1.47614E-2 5.19506E-2 8.26036E-3 1.47303E-2 6.71828E-2 1.60553E-1 1.6678E-1 1.06863E-1 9.52267E-2 1.35456E-1 5.53785E-2 9.0241E-2 1.56174E-1 1.32444E-1 7.40867E-2 9.07314E-2 1.27455E-1 1.4956E-1 1.08424E-1 9.67889E-2
-9999 -9999 -9999 -9999 -9999 -9999 -9999 -9999 -9999 5.28744E-1 5.69126E-1 6.05031E-1 3.18569E-1 6.05226E-1 5.08165E-1 3.46777E-1 3.0214E-1 3.28328E-1 3.64722E-1 3.43983E-1 2.05946E-1 2.87462E-1 2.92578E-1 2.60582E-1 2.49195E-1 2.21044E-1 1.92394E-1 1.81301E-1 1.63836E-1 1.81114E-1 3.85968E-1 4.10487E-1 4.31686E-1 4.46281E-1 4.69042E-1 2.34308E-1 4.62319E-1 3.79567E-1 3.424E-1 3.22932E-1 4.09929E-2 2.87683E-2 9.78969E-2 1.0587E-1 2.12516E-2 8.47531E-2 1.90375E-1 1.51262E-1 1.40361E-1 1.89265E-1 1.84537E-1 1.1644E-1 2.87571E-1 2.49125E-1 1.54419E-1 1.53588E-1 1.45634E-1 1.06717E-1 1.00571E-1 9.88982E-2
-9999 -9999 -9999 -9999 -9999 -9999 -9999 -9999 2.86526E-1 4.8687E-1 5.36015E-1 4.14182E-1 6.41243E-1 5.33293E-1 4.41051E-1 2.90301E-1 2.86037E-1 3.89339E-1 4.29899E-1 4.51392E-1 2.11499E-1 2.99719E-1 2.30453E-1 2.57826E-1 2.44984E-1 2.33387E-1 2.15016E-1 2.10879E-1 2.10682E-1 2.45724E-1 4.45074E-1 4.3298E-1 4.44062E-1 1.87849E-1 5.12861E-1 5.36867E-1 4.49568E-1 3.53383E-1 3.24943E-1 3.07969E-1 1.11457E-1 4.52001E-2 8.77964E-2 1.0624E-1 1.20823E-1 1.13875E-1 1.48312E-1 1.46398E-1 1.24865E-1 1.59014E-1 1.99054E-1 2.30477E-1 2.67767E-1 2.58999E-1 2.12339E-1 1.87877E-1 1.60085E-1 1.06176E-1 1.08675E-1 1.18156E-1
-9999 -9999 -9999 -9999 -9999 -9999 -9999 -9999 3.74022E-1 4.65798E-1 5.74161E-1 5.3155E-1 5.97863E-1 4.78943E-1 3.77826E-1 2.88127E-1 3.00556E-1 4.07416E-1 4.81519E-1 2.04836E-1 2.87867E-1 1.86239E-1 2.02892E-1 2.52103E-1 2.56925E-1 2.25125E-1 2.16609E-1 2.32105E-1 2.57449E-1 2.60082E-1 4.56365E-1 4.0729E-1 4.31719E-1 3.82912E-1 5.38509E-1 5.33496E-1 4.6545E-1 3.84238E-1 3.52452E-1 2.94284E-1 1.15727E-1 1.08628E-1 1.15444E-1 7.38488E-2 1.19127E-1 1.26933E-1 1.25498E-1 1.37762E-1 1.54124E-1 1.5776E-1 2.4806E-1 2.01837E-1 2.97298E-1 2.61167E-1 2.40386E-1 1.93337E-1 1.08905E-1 1.13717E-1 1.1262E-1 1.32892E-1
-9999 -9999 -9999 -9999 -9999 -9999 -9999 -9999 4.2893E-1 4.79313E-1 2.0889E-1 5.89601E-1 5.28639E-1 4.05491E-1 3.3101E-1 2.76121E-1 2.94945E-1 3.86014E-1 2.26291E-1 3.85494E-1 1.94153E-1 1.88776E-1 2.29138E-1 3.0893E-1 1.90168E-1 1.57267E-1 2.23518E-1 9.39308E-2 9.08798E-2 2.07272E-1 5.02352E-1 4.17455E-1 1.60258E-1 3.6902E-1 4.67357E-1 4.8342E-1 4.13504E-1 3.51205E-1 3.81403E-1 3.35739E-1 1.31809E-1 1.08009E-1 1.10383E-1 1.22466E-1 1.50381E-1 6.44507E-2 1.10689E-1 1.265E-1 1.69412E-1 9.13375E-2 2.58737E-1 2.98217E-1 2.24759E-1 2.85864E-1 2.56535E-1 1.75835E-1 1.32079E-1 1.16424E-1 1.1898E-1 1.3472E-1
-9999 -9999 -9999 -9999 -9999 -9999 -9999 3.45896E-1 4.39538E-1 4.89974E-1 5.78889E-1 5.34266E-1 4.57528E-1 3.51435E-1 2.96542E-1 2.80718E-1 3.02067E-1 2.19084E-1 2.02869E-1 3.00839E-1 1.58764E-1 2.04328E-1 2.73766E-1 5.76058E-2 2.43908E-1 2.1492E-1 2.63916E-1 2.28525E-1 2.29121E-1 2.39709E-1 4.51584E-1 4.3275E-1 4.06293E-1 4.31657E-1 5.24533E-1 5.288E-1 4.84175E-1 4.25187E-1 2.30326E-1 1.29764E-1 5.21402E-2 1.02898E-1 1.29937E-1 1.35919E-1 1.48514E-1 1.30584E-1 1.31396E-1 1.01928E-1 1.82054E-1 1.59526E-1 2.52199E-1 2.74432E-1 1.1646E-1 3.02153E-1 2.76083E-1 1.66448E-1 1.33948E-1 1.2661E-1 1.33773E-1 1.46E-1
-9999 -9999 -9999 -9999 -9999 -9999 2.59181E-1 2.5266E-1 2.49373E-1 1.31494E-1 4.96463E-1 4.14457E-1 3.4578E-1 2.5348E-1 2.35152E-1 3.14879E-1 3.67119E-1 3.08745E-1 2.68134E-1 3.76058E-1 2.79525E-1 3.39634E-1 2.52237E-1 3.495E-1 2.71937E-1 2.67294E-1 2.92787E-1 2.68097E-1 2.66738E-1 2.63603E-1 3.52015E-1 3.0173E-1 2.82273E-1 3.76641E-1 4.05405E-1 4.90208E-1 4.16704E-1 3.66963E-1 3.36564E-1 4.1207E-1 5.04022E-1 4.48279E-1 4.04939E-1 4.32133E-1 4.41316E-1 4.63484E-1 4.20943E-1 4.37369E-1 5.57017E-1 5.44478E-1 5.45175E-1 5.24923E-1 5.36596E-1 6.22842E-1 5.81759E-1 5.14631E-1 4.25902E-1 3.41581E-1 3.48301E-1 3.22442E-1
-9999 -9999 -9999 -9999 -9999 -9999 -9999 3.74535E-1 4.08538E-1 4.29819E-1 4.45214E-1 3.72429E-1 2.86049E-1 2.252E-1 2.32293E-1 3.06888E-1 3.23223E-1 2.4947E-1 2.92942E-1 1.70495E-1 1.35816E-1 2.28392E-1 3.30124E-1 2.85376E-1 2.4258E-1 2.14306E-1 2.61872E-1 2.6932E-1 2.60546E-1 2.23753E-1 2.89898E-1 2.56426E-1 2.67136E-1 3.48241E-1 3.64465E-1 4.4997E-1 3.2192E-1 3.08452E-1 3.13587E-1 3.77765E-1 4.84952E-1 4.51605E-1 4.85509E-1 4.78183E-1 4.23275E-1 3.51245E-1 1.97107E-1 3.22767E-1 1.61883E-1 3.76404E-1 5.77839E-1 5.49687E-1 5.94598E-1 5.44405E-1 6.11119E-1 4.46558E-1 3.21469E-1 2.73718E-1 2.98041E-1 2.2032E-1
-9999 -9999 -9999 -9999 -9999 -9999 -9999 -9999 3.64688E-1 3.81528E-1 4.0355E-1 3.11659E-1 2.43556E-1 2.11348E-1 3.08147E-1 3.10687E-1 2.29702E-1 2.51957E-1 3.06422E-1 3.86092E-1 3.08888E-1 3.32104E-1 2.79983E-1 2.29352E-1 2.03621E-1 1.4307E-1 2.10948E-1 2.3073E-1 2.36147E-1 1.8655E-1 2.94795E-1 2.77711E-1 3.47991E-1 3.21499E-1 3.5551E-1 3.28735E-1 3.09501E-1 3.2426E-1 3.61347E-1 4.3541E-1 5.61716E-1 4.98305E-1 1.61923E-1 5.65837E-1 5.58074E-1 4.63021E-1 3.99413E-1 5.48402E-1 4.21125E-1 5.63669E-1 5.42755E-1 3.42055E-1 4.97795E-1 2.60084E-1 4.52975E-1 3.45362E-1 2.84364E-1 3.12185E-1 3.55098E-1 3.39202E-1
-9999 -9999 -9999 -9999 -9999 -9999 -9999 -9999 -9999 3.74945E-1 3.57663E-1 2.92777E-1 2.51665E-1 3.25392E-1 4.52393E-1 2.12407E-1 2.6634E-1 3.48373E-1 4.22929E-1 4.46995E-1 3.18724E-1 2.98979E-1 2.47373E-1 1.7955E-1 1.68073E-1 1.44867E-1 1.87629E-1 2.00518E-1 2.20961E-1 1.99518E-1 3.43134E-1 3.37464E-1 2.9805E-1 3.30844E-1 3.37525E-1 2.85056E-1 3.0022E-1 3.39505E-1 3.92581E-1 1.92153E-1 4.98409E-1 4.92299E-1 5.1143E-1 5.21616E-1 4.85577E-1 3.90566E-1 3.47753E-1 4.64439E-1 4.17297E-1 5.1557E-1 4.66139E-1 4.1351E-1 2.28435E-1 2.35628E-1 1.77254E-1 1.18701E-1 4.15455E-2 2.54264E-1 1.08065E-1 2.25055E-1
-9999 -9999 -9999 -9999 -9999 -9999 -9999 -9999 -9999 -9999 3.40496E-1 3.14513E-1 2.86578E-1 3.4218E-1 3.64666E-1 2.28082E-1 2.85195E-1 3.59182E-1 3.93957E-1 4.25292E-1 2.73619E-1 2.44321E-1 1.88866E-1 1.48941E-1 1.33601E-1 1.26104E-1 1.92303E-1 1.93309E-1 2.06685E-1 2.35597E-1 2.97288E-1 3.28607E-1 3.61162E-1 3.3461E-1 3.13737E-1 3.31768E-1 3.29452E-1 3.72614E-1 4.12648E-1 2.39882E-1 5.67842E-1 4.10464E-1 4.67794E-1 4.70971E-1 3.97176E-1 3.28803E-1 4.36385E-1 2.95364E-1 4.50491E-1 4.19642E-1 2.4634E-1 2.42904E-1 2.11355E-1 2.05799E-1 1.80491E-1 2.34897E-1 3.36946E-1 3.26617E-1 3.58725E-1 3.00861E-1
-9999 -9999 -9999 -9999 -9999 -9999 -9999 -9999 -9999 -9999 -9999 2.96032E-1 4.99917E-1 5.75161E-1 4.03017E-1 3.4501E-1 2.72392E-1 3.11709E-1 3.44316E-1 4.12825E-1 4.41865E-1 3.90874E-1 3.19629E-1 2.67224E-1 2.82668E-1 3.10967E-1 4.37207E-1 4.21621E-1 4.43372E-1 3.76884E-1 3.66871E-1 4.05089E-1 4.45086E-1 3.85095E-1 4.11986E-1 3.76376E-1 3.46813E-1 4.05128E-1 4.63138E-1 6.46625E-1 5.3726E-1 3.90848E-1 5.0196E-1 4.80688E-1 3.55619E-1 3.11007E-1 1.97798E-1 3.12487E-1 2.56827E-1 2.3769E-1 2.4086E-1 2.84982E-1 2.6885E-1 2.30804E-1 1.48143E-1 4.30236E-1 2.53427E-1 3.90816E-1 3.75327E-1 4.10518E-1
-9999 -9999 -9999 -9999 -9999 -9999 -9999 -9999 -9999 -9999 -9999 -9999 3.04248E-1 4.95577E-1 5.00262E-1 3.91026E-1 2.75043E-1 3.01562E-1 3.25301E-1 4.28563E-1 4.71914E-1 4.19396E-1 3.53913E-1 3.22497E-1 3.18555E-1 3.2354E-1 4.82508E-1 4.21373E-1 4.39092E-1 4.08614E-1 3.60995E-1 3.34428E-1 3.21742E-1 4.0404E-1 4.29324E-1 4.23417E-1 3.84888E-1 4.71695E-1 3.32019E-1 6.36848E-1 4.43089E-1 3.29533E-1 4.4253E-1 4.21813E-1 1.71237E-1 1.93811E-1 2.93173E-1 2.70307E-1 2.73446E-1 3.26206E-1 3.70601E-1 4.18515E-1 4.48537E-1 4.2876E-1 3.58727E-1 2.23789E-1 3.81667E-1 3.62839E-1 3.77658E-1 4.53442E-1
-9999 -9999 -9999 -9999 -9999 -9999 -9999 -9999 -9999 -9999 -9999 -9999 4.85819E-1 3.27613E-1 5.29621E-1 3.05965E-1 2.29307E-1 2.61493E-1 3.33662E-1 4.42745E-1 2.89257E-1 4.35768E-1 4.00021E-1 3.75323E-1 3.77632E-1 3.35555E-1 3.42793E-1 3.90663E-1 4.68579E-1 3.94329E-1 2.60218E-1 2.41561E-1 2.86379E-1 3.57499E-1 4.56174E-1 1.7845E-1 4.38613E-1 5.59798E-1 5.00525E-1 5.36551E-1 3.80641E-1 3.08686E-1 4.22011E-1 3.66328E-1 2.51494E-1 2.85511E-1 3.68435E-1 2.51398E-1 3.05257E-1 3.85068E-1 4.19041E-1 4.57512E-1 4.87191E-1 1.99264E-1 3.29457E-1 3.63705E-1 3.6039E-1 3.52981E-1 3.89899E-1 5.34923E-1
-9999 -9999 -9999 -9999 -9999 -9999 -9999 -9999 -9999 -9999 -9999 -9999 -9999 2.90956E-1 3.46952E-1 2.3328E-1 2.08885E-1 2.97807E-1 3.34374E-1 3.9197E-1 2.21046E-1 4.40247E-1 3.64052E-1 2.93087E-1 3.60616E-1 4.07856E-1 5.60456E-1 3.74772E-1 5.34386E-1 1.76819E-1 1.3798E-1 1.50193E-1 1.91703E-1 2.73274E-1 4.26049E-1 4.38098E-1 1.41121E-1 1.50292E-1 5.98961E-1 4.35913E-1 3.40934E-1 2.9906E-1 3.82299E-1 1.71034E-1 2.16158E-1 3.80791E-1 2.32943E-1 2.39044E-1 3.30132E-1 4.02947E-1 4.05941E-1 4.31807E-1 4.66283E-1 3.72911E-1 3.79907E-1 3.3908E-1 3.27619E-1 3.18099E-1 4.39012E-1 4.96926E-1
-9999 -9999 -9999 -9999 -9999 -9999 -9999 -9999 -9999 -9999 -9999 -9999 -9999 -9999 2.6631E-1 2.11751E-1 2.22108E-1 2.98991E-1 3.30763E-1 3.65703E-1 3.81735E-1 3.67399E-1 4.45858E-1 4.26834E-1 1.79506E-1 4.15799E-1 4.94562E-1 4.64705E-1 3.17401E-1 2.11159E-1 1.20704E-1 1.44413E-1 2.12052E-1 3.59672E-1 3.70134E-1 4.14784E-1 4.4601E-1 5.77143E-1 5.59612E-1 3.67156E-1 3.09013E-1 3.22893E-1 1.89151E-1 2.18794E-1 2.57616E-1 1.71491E-1 1.96331E-1 3.05955E-1 3.93263E-1 4.30577E-1 4.13162E-1 4.43837E-1 4.55097E-1 4.12225E-1 3.82861E-1 3.11577E-1 2.88338E-1 2.92082E-1 4.0186E-1 4.35878E-1
-9999 -9999 -9999 -9999 -9999 -9999 -9999 -9999 -9999 -9999 -9999 -9999 -9999 -9999 2.64031E-1 2.47639E-1 2.88575E-1 3.33152E-1 3.38152E-1 3.7401E-1 4.50869E-1 4.84762E-1 2.50667E-1 4.77459E-1 5.55282E-1 3.83117E-1 3.48934E-1 2.67488E-1 1.99192E-1 1.5246E-1 1.02547E-1 1.53181E-1 2.47664E-1 2.58647E-1 2.77567E-1 3.60795E-1 3.70029E-1 4.8615E-1 4.77892E-1 2.73079E-1 2.33742E-1 2.80224E-1 1.53075E-1 1.42255E-1 1.11709E-1 1.29058E-1 1.57012E-1 2.77185E-1 3.21841E-1 3.23741E-1 3.81411E-1 3.97183E-1 4.21352E-1 3.96922E-1 3.77678E-1 3.01336E-1 2.58747E-1 2.17252E-1 3.54498E-1 4.27034E-1
-9999 -9999 -9999 -9999 -9999 -9999 -9999 -9999 -9999 -9999 -9999 -9999 -9999 -9999 2.59253E-1 2.35347E-1 3.11176E-1 3.31902E-1 3.26568E-1 3.6521E-1 4.73358E-1 2.55945E-1 5.70141E-1 6.68333E-1 3.59586E-1 2.10221E-1 3.94247E-1 2.62343E-1 2.11163E-1 1.80024E-1 1.7446E-1 2.07425E-1 2.37327E-1 2.4061E-1 2.6764E-1 3.14784E-1 3.14912E-1 4.16378E-1 4.08317E-1 2.62937E-1 4.24159E-1 2.17121E-1 1.20838E-1 1.20751E-1 1.11969E-1 1.66264E-1 2.51435E-1 3.33849E-1 3.20751E-1 3.43698E-1 4.16484E-1 4.17832E-1 1.98269E-1 4.30418E-1 3.80505E-1 2.94213E-1 2.43546E-1 2.22047E-1 3.42633E-1 3.23351E-1
-9999 -9999 -9999 -9999 -9999 -9999 -9999 -9999 -9999 -9999 -9999 -9999 -9999 -9999 2.67498E-1 3.03017E-1 2.85089E-1 3.18473E-1 3.40745E-1 3.96313E-1 2.6437E-1 4.85206E-1 1.33125E-1 6.50972E-1 5.73111E-1 3.92685E-1 2.96294E-1 2.27298E-1 2.01179E-1 1.79029E-1 1.90674E-1 1.78433E-1 2.02037E-1 2.26497E-1 2.25736E-1 2.53265E-1 2.75275E-1 3.60706E-1 3.67223E-1 3.93531E-1 1.61422E-1 1.38075E-1 1.26415E-1 1.38553E-1 1.74755E-1 2.39866E-1 2.89286E-1 3.09386E-1 3.20332E-1 3.65065E-1 4.17233E-1 4.14343E-1 1.358E-1 4.4948E-1 3.74458E-1 2.92407E-1 2.24363E-1 1.80734E-1 2.02989E-1 1.05731E-1
-9999 -9999 -9999 -9999 -9999 -9999 -9999 -9999 -9999 -9999 -9999 -9999 -9999 4.82626E-1 3.84169E-1 3.21204E-1 2.8422E-1 3.18854E-1 3.5315E-1 3.51356E-1 4.00319E-1 2.56793E-1 3.22166E-1 3.6106E-1 2.92298E-1 1.80947E-1 1.77527E-1 3.49599E-1 2.42189E-1 2.43104E-1 2.12414E-1 2.1514E-1 2.08211E-1 1.93572E-1 1.7709E-1 1.95105E-1 2.44451E-1 1.40101E-1 3.64726E-1 1.87547E-1 1.44629E-1 1.755E-1 2.18023E-1 2.05534E-1 2.3972E-1 2.68642E-1 2.91769E-1 3.36468E-1 3.68213E-1 4.38936E-1 4.39716E-1 3.64429E-1 4.47526E-1 4.45464E-1 3.5526E-1 2.83082E-1 2.22428E-1 1.80546E-1 1.65628E-1 -9999
-9999 -9999 -9999 -9999 -9999 -9999 -9999 -9999 -9999 -9999 -9999 -9999 3.22409E-1 1.36654E-1 2.58447E-1 1.94634E-1 4.41341E-1 5.25924E-1 3.10036E-1 2.4606E-1 2.17509E-1 2.58918E-1 2.86474E-1 1.06293E-1 1.74031E-1 3.15312E-1 4.10001E-1 1.9524E-1 3.93467E-1 2.679E-1 2.19439E-1 2.42441E-1 2.03466E-1 1.70541E-1 1.48287E-1 1.5771E-1 1.76686E-1 1.12006E-1 2.29564E-1 1.80099E-1 2.17064E-1 2.63362E-1 2.54254E-1 2.54794E-1 2.47383E-1 2.47268E-1 2.81815E-1 3.14414E-1 4.03764E-1 4.65815E-1 4.49684E-1 2.84727E-1 4.79505E-1 4.20487E-1 3.3098E-1 2.66242E-1 2.0482E-1 1.80485E-1 1.6972E-1 1.93403E-1
-9999 -9999 -9999 -9999 -9999 -9999 -9999 -9999 -9999 -9999 -9999 2.79353E-1 4.58706E-1 1.87631E-1 2.12044E-1 1.6355E-1 3.51491E-1 3.13297E-1 2.76918E-1 1.76272E-1 1.6902E-1 4.08003E-1 3.1509E-1 3.33497E-1 2.29708E-1 3.17363E-1 2.7288E-1 1.12401E-1 2.19819E-1 4.63115E-1 2.50537E-1 3.45995E-1 2.73932E-1 2.38859E-1 1.95325E-1 1.3897E-1 2.09291E-1 2.64791E-1 2.14921E-1 2.28701E-1 2.93025E-1 2.94126E-1 3.36918E-1 2.8811E-1 2.34753E-1 1.63049E-1 1.86115E-1 2.29017E-1 3.61641E-1 3.5666E-1 2.31109E-1 3.04345E-1 3.59735E-1 2.53359E-1 2.07317E-1 1.87008E-1 1.2838E-1 1.32689E-1 1.69064E-1 2.2042E-1
-9999 -9999 -9999 -9999 -9999 -9999 -9999 -9999 -9999 -9999 3.08781E-1 2.78451E-1 1.06238E-1 3.14378E-1 2.92053E-1 2.84243E-1 4.37727E-1 3.11963E-1 3.26738E-1 2.23009E-1 2.04087E-1 4.96187E-1 2.21931E-1 3.91451E-1 2.38036E-1 2.73045E-1 4.46611E-1 1.68469E-1 1.32296E-1 3.17255E-1 2.64005E-1 3.15381E-1 3.61427E-1 2.86364E-1 2.18736E-1 1.74177E-1 2.15402E-1 3.24296E-1 3.08719E-1 3.28255E-1 4.0596E-1 4.17556E-1 3.81807E-1 3.00945E-1 2.3964E-1 1.65969E-1 1.90047E-1 2.61287E-1 3.56598E-1 3.36658E-1 2.91988E-1 3.70271E-1 3.9238E-1 2.57621E-1 1.97305E-1 1.71699E-1 1.22238E-1 1.25198E-1 1.59856E-1 2.90665E-1
-9999 -9999 -9999 -9999 -9999 -9999 -9999 -9999 -9999 -9999 4.91753E-1 1.95329E-1 2.78711E-1 1.9611E-1 3.99256E-1 3.97276E-1 1.87787E-1 1.6244E-1 1.56282E-1 1.79834E-1 3.23376E-1 3.78953E-1 2.98514E-1 4.03629E-1 4.0637E-1 4.18192E-2 7.8501E-2 2.3157E-1 2.1066E-1 1.22137E-1 3.19965E-1 3.41031E-1 1.01258E-1 1.75779E-1 2.46907E-1 1.95413E-1 3.51981E-1 4.42734E-1 4.29198E-1 4.92083E-1 4.74209E-1 4.57513E-1 3.52001E-1 3.163E-1 2.18448E-1 1.98478E-1 2.01863E-1 3.39412E-1 3.7623E-1 3.10342E-1 6.57632E-2 4.31026E-1 3.11209E-1 2.3591E-1 1.67603E-1 1.64114E-1 1.29155E-1 1.26877E-1 2.22885E-1 2.92104E-1
-9999 -9999 -9999 -9999 -9999 -9999 -9999 -9999 -9999 2.66363E-2 4.60069E-1 2.54257E-1 1.26434E-1 4.15016E-1 1.54523E-1 5.14205E-1 5.26434E-1 3.41293E-1 2.8182E-1 2.26885E-1 5.18324E-1 5.61437E-1 5.79053E-1 5.87299E-1 4.79375E-1 3.36909E-1 3.47458E-1 9.89955E-2 6.49613E-2 2.34366E-1 1.39803E-1 2.75322E-1 1.49684E-1 1.50776E-1 1.54639E-1 -9999 3.38015E-1 4.03394E-1 4.59519E-1 5.47274E-1 5.35063E-1 4.71306E-1 3.66812E-1 3.12229E-1 2.82052E-1 2.44318E-1 3.35134E-1 3.67821E-1 3.17726E-1 2.47839E-1 3.11637E-1 4.00851E-1 2.78811E-1 2.24476E-1 1.70194E-1 1.71274E-1 1.41242E-1 1.20809E-1 1.10652E-1 3.05898E-1
