Phytophthora/models/20240429_1812_56/Phytophthora_PA2_RUN9_MAXENT_outputs/Phytophthora_PA2_RUN9.asc
ncols         225
nrows         269
xllcorner     473000.0
yllcorner     4429100.0
cellsize      50.0
NODATA_value  -9999
[rows 135 to 161 of 269, columns 0 to 59 of 225]
-9999 -9999 -9999 -9999 -9999 -9999 -9999 -9999 -9999 -9999 4.06469E-1 5.66023E-1 3.88832E-1 5.43363E-1 5.38885E-1 5.95585E-1 5.33368E-1 5.78252E-1 4.33925E-1 3.93857E-1 4.42787E-1 5.33407E-1 6.08914E-1 5.6666E-1 4.92833E-1 3.66642E-1 3.81205E-1 4.17767E-1 3.86896E-1 9.05081E-2 8.54897E-2 2.84613E-1 2.89356E-1 1.03125E-1 1.12057E-1 8.00603E-2 1.68549E-1 2.48692E-1 3.20316E-1 3.98547E-1 3.96178E-1 4.11422E-1 3.68977E-1 3.78173E-1 4.17795E-1 3.53279E-1 3.74283E-1 3.74222E-1 3.43096E-1 8.66221E-2 3.90593E-1 4.28658E-1 3.17192E-1 2.34975E-1 1.94982E-1 1.97416E-1 1.58877E-1 1.45688E-1 2.30596E-1 3.25934E-1
-9999 -9999 -9999 -9999 -9999 -9999 -9999 -9999 -9999 -9999 3.10675E-1 7.35725E-1 3.37532E-1 6.26074E-1 5.52577E-1 5.55327E-1 3.12415E-1 5.30855E-1 5.2516E-1 4.6318E-1 5.48279E-1 6.67631E-1 6.86153E-1 6.41212E-1 5.07903E-1 3.1729E-1 2.98303E-1 2.83298E-1 3.2665E-1 3.53983E-1 2.77746E-1 1.25985E-1 -9999 -9999 1.1985E-1 1.42202E-1 1.80185E-1 2.06609E-1 3.10231E-1 1.66029E-1 4.40475E-1 3.9765E-1 4.27775E-1 5.69335E-1 5.16743E-1 4.55746E-1 4.15625E-1 2.49278E-1 7.88303E-2 2.52236E-1 3.8956E-1 2.60712E-1 4.01392E-1 3.40394E-1 2.80039E-1 2.1271E-1 1.59129E-1 1.52151E-1 1.85473E-1 1.93059E-1
-9999 -9999 -9999 -9999 -9999 -9999 -9999 -9999 -9999 -9999 5.40844E-1 5.59837E-1 4.73182E-1 4.62646E-1 5.25272E-1 5.01189E-1 3.99936E-1 2.89496E-1 5.00477E-1 5.25833E-1 6.88047E-1 7.7047E-1 7.54512E-1 6.44718E-1 5.66367E-1 3.32037E-1 2.97495E-1 3.01746E-1 3.35384E-1 3.83471E-1 3.45206E-1 3.48895E-1 -9999 1.94616E-1 2.08714E-1 2.34367E-1 2.85831E-1 3.64724E-1 3.65684E-1 1.06776E-1 4.19999E-1 3.96445E-1 5.63948E-1 2.7864E-1 5.16145E-1 2.65113E-1 1.20127E-1 7.69221E-2 2.54035E-1 2.3969E-1 4.93284E-1 2.73363E-1 4.24172E-1 3.66723E-1 2.96402E-1 2.20764E-1 1.8298E-1 1.64672E-1 1.91097E-1 3.43688E-1
-9999 -9999 -9999 -9999 -9999 -9999 -9999 -9999 -9999 -9999 4.10283E-1 4.07726E-1 4.32791E-1 4.69051E-1 3.89965E-1 5.09479E-1 3.83381E-1 5.40731E-1 1.56727E-1 4.5123E-1 4.43298E-1 7.00575E-1 3.09298E-1 5.91413E-1 6.40772E-1 4.27748E-1 3.86819E-1 3.7276E-1 3.87666E-1 3.97325E-1 3.62167E-1 3.34991E-1 1.98281E-1 3.25913E-1 3.08775E-1 3.53609E-1 4.06769E-1 1.62857E-1 3.82328E-1 4.0267E-1 2.40276E-1 4.94364E-1 3.31257E-1 5.14414E-1 3.68993E-1 2.76952E-1 2.88495E-1 2.47303E-1 2.20853E-1 2.26584E-1 5.17865E-1 4.20267E-1 3.9091E-1 3.72951E-1 3.1699E-1 2.54007E-1 2.08586E-1 1.84467E-1 2.10202E-1 2.59602E-1
-9999 -9999 -9999 -9999 -9999 -9999 -9999 -9999 -9999 -9999 3.44072E-1 3.90914E-1 4.60472E-1 5.07961E-1 5.46185E-1 5.04687E-1 2.16179E-1 3.73304E-1 4.64838E-1 5.01243E-1 5.58876E-1 6.70811E-1 6.63657E-1 7.0903E-1 6.09013E-1 2.26633E-1 3.57363E-1 4.24268E-1 1.01374E-1 2.36212E-1 1.13954E-1 3.73643E-1 2.75054E-1 3.22286E-1 3.34978E-1 3.79281E-1 1.35747E-1 3.21535E-1 3.96088E-1 2.18265E-1 3.94476E-1 5.68341E-1 5.90262E-1 4.54534E-1 3.40242E-1 2.69345E-1 2.27293E-1 2.05981E-1 1.90137E-1 2.26628E-1 4.89895E-1 3.42035E-1 4.64683E-1 4.21685E-1 3.61388E-1 2.88722E-1 2.34167E-1 2.05031E-1 2.34904E-1 2.76178E-1
-9999 -9999 -9999 -9999 -9999 -9999 -9999 -9999 -9999 -9999 3.11992E-1 3.57383E-1 4.5614E-1 5.16958E-1 5.64107E-1 5.43244E-1 5.23411E-1 4.95002E-1 1.78654E-1 5.69296E-1 6.61735E-1 7.07548E-1 6.62673E-1 6.68964E-1 5.92869E-1 4.3213E-1 4.0378E-1 3.51326E-1 4.26553E-1 3.90894E-1 3.60525E-1 1.70771E-1 1.76816E-1 1.41938E-1 3.58994E-1 3.31772E-1 3.40868E-1 3.44842E-1 1.38477E-1 3.83063E-1 4.31373E-1 5.0336E-1 4.8557E-1 3.53757E-1 2.94092E-1 2.18557E-1 1.92536E-1 1.69107E-1 1.61023E-1 2.17628E-1 4.61099E-1 5.32975E-1 3.91677E-1 2.17081E-1 3.66094E-1 2.98988E-1 2.2202E-1 2.12458E-1 2.56921E-1 2.9024E-1
-9999 -9999 -9999 -9999 -9999 -9999 -9999 -9999 -9999 -9999 3.43937E-1 3.5519E-1 4.64892E-1 5.10275E-1 5.27782E-1 5.21213E-1 4.84868E-1 4.56862E-1 5.9351E-1 6.62637E-1 6.30486E-1 6.48608E-1 6.38376E-1 5.88269E-1 5.68318E-1 5.55683E-1 5.67615E-1 5.61073E-1 4.99207E-1 4.38368E-1 3.50487E-1 3.65773E-1 3.61821E-1 3.46489E-1 1.64166E-1 4.22736E-1 3.99571E-1 3.37819E-1 5.06396E-1 3.97065E-1 4.83267E-1 4.49586E-1 3.14647E-1 2.85925E-1 2.6039E-1 2.71913E-1 2.40715E-1 2.24824E-1 2.37304E-1 3.2249E-1 5.22663E-1 6.00784E-1 4.88056E-1 4.95737E-1 4.41931E-1 2.96331E-1 2.33593E-1 2.09782E-1 2.50814E-1 3.07084E-1
-9999 -9999 -9999 -9999 -9999 -9999 -9999 -9999 -9999 -9999 2.84401E-1 3.44511E-1 4.53425E-1 4.60535E-1 4.39152E-1 4.26104E-1 4.23866E-1 4.26405E-1 3.69639E-1 7.13818E-1 7.44083E-1 3.17229E-1 5.54773E-1 6.30438E-1 6.28347E-1 5.28578E-1 4.98107E-1 4.4433E-1 3.97802E-1 3.49745E-1 2.8178E-1 2.97011E-1 3.02489E-1 3.30666E-1 3.92609E-1 4.44214E-1 3.88229E-1 1.96323E-1 4.8513E-1 4.84258E-1 4.21321E-1 4.1092E-1 2.65443E-1 2.6078E-1 2.41953E-1 2.33456E-1 2.10211E-1 1.99575E-1 2.33015E-1 4.38036E-1 4.81607E-1 5.50418E-1 3.90102E-1 4.45385E-1 3.9431E-1 2.64891E-1 2.32377E-1 2.32184E-1 2.36212E-1 2.80382E-1
-9999 -9999 -9999 -9999 -9999 -9999 -9999 -9999 -9999 1.67261E-2 2.54116E-1 3.65671E-1 4.02676E-1 3.94072E-1 3.754E-1 3.79396E-1 3.81161E-1 3.38121E-1 5.28026E-1 6.93663E-1 6.90978E-1 6.62508E-1 6.69446E-1 5.47292E-1 7.03714E-1 6.26659E-1 5.24597E-1 4.30168E-1 3.56278E-1 3.01506E-1 2.51979E-1 2.59726E-1 2.75363E-1 3.26989E-1 4.67116E-1 1.92841E-1 3.8659E-1 4.02397E-1 4.59101E-1 4.49777E-1 3.82574E-1 4.12077E-1 3.06134E-1 2.9812E-1 2.65595E-1 2.75081E-1 2.61569E-1 2.5633E-1 3.40861E-1 3.93738E-1 4.56215E-1 3.95758E-1 4.12629E-1 4.28879E-1 3.57391E-1 2.4715E-1 2.31821E-1 2.4015E-1 2.48692E-1 2.83226E-1
-9999 -9999 -9999 -9999 -9999 -9999 -9999 -9999 -9999 1.49689E-2 2.84262E-1 3.34036E-1 3.29078E-1 3.14483E-1 3.20489E-1 3.60596E-1 3.51584E-1 2.50633E-1 6.02143E-1 6.53837E-1 6.06763E-1 6.30484E-1 6.58517E-1 7.41893E-1 6.45002E-1 5.24364E-1 4.87567E-1 3.96566E-1 3.50569E-1 2.901E-1 2.16269E-1 2.20353E-1 2.58803E-1 3.40485E-1 4.16288E-1 3.9067E-1 2.65836E-1 3.99024E-1 4.64829E-1 4.04835E-1 3.74469E-1 3.42907E-1 3.26575E-1 3.17861E-1 3.08513E-1 3.27364E-1 3.39286E-1 3.78428E-1 3.78372E-1 3.68892E-1 4.2826E-1 3.17188E-1 3.92923E-1 3.8245E-1 3.2334E-1 2.42682E-1 2.49605E-1 2.62519E-1 2.59784E-1 2.98697E-1
-9999 -9999 -9999 -9999 -9999 -9999 -9999 -9999 -9999 1.64709E-2 2.89174E-1 2.67323E-1 2.67003E-1 2.7144E-1 2.90617E-1 3.2485E-1 3.3612E-1 4.78546E-1 6.48639E-1 5.46719E-1 5.42319E-1 5.5336E-1 5.48854E-1 5.45528E-1 5.27978E-1 2.67855E-1 4.83912E-1 4.01192E-1 3.79192E-1 3.20905E-1 2.83827E-1 2.46797E-1 3.0283E-1 3.66801E-1 3.90702E-1 3.93749E-1 1.86582E-1 4.19525E-1 4.56841E-1 3.7353E-1 3.94041E-1 3.94258E-1 3.87166E-1 3.60772E-1 3.77231E-1 4.21636E-1 4.95018E-1 4.38997E-1 4.1934E-1 4.29275E-1 3.64587E-1 3.49981E-1 4.76854E-1 5.53764E-1 4.12678E-1 3.01457E-1 2.66858E-1 2.53661E-1 2.67834E-1 3.06502E-1
-9999 -9999 -9999 -9999 -9999 -9999 -9999 -9999 1.74631E-1 2.02834E-1 2.62109E-1 2.17962E-1 2.70038E-1 3.55173E-1 3.44716E-1 2.41482E-1 1.80659E-1 5.26713E-1 4.23769E-1 4.13564E-1 4.15916E-1 4.26969E-1 3.9818E-1 3.65786E-1 4.04555E-1 4.86296E-1 1.38267E-1 4.28208E-1 4.14973E-1 3.70487E-1 3.73825E-1 3.08109E-1 3.92943E-1 3.79422E-1 3.78007E-1 2.22922E-1 4.0859E-1 4.80606E-1 4.19263E-1 3.68675E-1 4.26661E-1 4.27344E-1 3.79052E-1 3.20615E-1 5.33644E-1 6.27596E-1 5.63799E-1 5.33428E-1 5.3384E-1 4.5884E-1 4.17542E-1 4.91873E-1 5.77674E-1 6.14947E-1 4.82994E-1 4.21938E-1 3.69966E-1 3.09358E-1 3.29264E-1 3.6764E-1
-9999 -9999 -9999 -9999 -9999 -9999 -9999 -9999 1.848E-1 1.92865E-1 2.24873E-1 1.77892E-1 2.64219E-1 2.70143E-1 2.36445E-1 1.32033E-1 2.5997E-1 3.23517E-1 4.13777E-1 4.48124E-1 4.47331E-1 4.37423E-1 5.30807E-1 5.21318E-1 4.90328E-1 4.52386E-1 4.34866E-1 1.99269E-1 4.39598E-1 3.98991E-1 4.25285E-1 4.45766E-1 4.63605E-1 4.00756E-1 3.21923E-1 4.13929E-1 4.42812E-1 4.53741E-1 3.7241E-1 3.49451E-1 4.13694E-1 3.45604E-1 3.4887E-1 4.39117E-1 5.79072E-1 6.36807E-1 5.81967E-1 5.93321E-1 4.71186E-1 4.62831E-1 4.24615E-1 5.93591E-1 6.37912E-1 5.71116E-1 5.05902E-1 4.62793E-1 3.77847E-1 3.16707E-1 3.03835E-1 3.28375E-1
-9999 -9999 -9999 -9999 -9999 -9999 -9999 -9999 2.00192E-1 2.1888E-1 1.82138E-1 3.01286E-1 1.34371E-1 1.11874E-1 1.09867E-1 1.17926E-1 9.53134E-2 2.49273E-1 4.52006E-1 5.08718E-1 5.06457E-1 5.22091E-1 5.17042E-1 5.13052E-1 4.96818E-1 4.49859E-1 1.32689E-1 4.50086E-1 1.97853E-1 4.04156E-1 4.80649E-1 4.95142E-1 4.34923E-1 1.12575E-1 4.18763E-1 5.01716E-1 4.53686E-1 4.35735E-1 3.61484E-1 3.80032E-1 3.342E-1 3.51359E-1 4.2173E-1 5.12802E-1 6.22685E-1 6.42205E-1 6.32967E-1 5.00563E-1 4.92935E-1 5.71082E-1 6.34662E-1 6.41512E-1 6.70591E-1 2.59456E-1 3.19588E-1 3.55596E-1 4.07593E-1 3.36639E-1 2.92531E-1 2.93936E-1
-9999 -9999 -9999 -9999 -9999 -9999 -9999 1.34747E-1 1.49666E-1 2.88843E-1 2.40043E-1 1.78892E-1 1.86255E-1 1.84846E-1 1.43615E-1 1.13626E-1 1.70864E-1 3.71853E-1 3.63286E-1 4.86603E-1 4.94034E-1 5.1677E-1 4.76652E-1 4.80226E-1 4.32092E-1 4.12674E-1 4.36436E-1 3.86552E-1 4.28637E-1 1.31145E-1 4.0063E-1 5.25315E-1 2.49326E-1 4.25961E-1 4.80805E-1 5.04481E-1 4.7728E-1 4.07418E-1 3.56123E-1 4.12403E-1 3.69372E-1 5.46912E-1 5.81139E-1 5.76387E-1 6.34306E-1 6.72253E-1 6.04011E-1 5.20257E-1 5.98821E-1 6.35478E-1 6.31028E-1 5.8866E-1 5.54741E-1 5.15977E-1 5.0217E-1 4.39922E-1 3.88958E-1 3.25893E-1 2.83355E-1 2.90617E-1
-9999 -9999 -9999 -9999 -9999 -9999 -9999 1.10107E-1 1.58723E-1 1.79375E-1 1.9201E-1 2.67016E-1 3.578E-1 3.38861E-1 3.26669E-1 2.95141E-1 3.01364E-1 3.40433E-1 3.67966E-1 4.2969E-1 4.05458E-1 4.00716E-1 3.67834E-1 4.28801E-1 3.92251E-1 3.80247E-1 3.95454E-1 4.47347E-1 1.18615E-1 4.51044E-1 4.90217E-1 4.19514E-1 4.14547E-1 4.73999E-1 4.63786E-1 4.79662E-1 4.39625E-1 3.59055E-1 3.93551E-1 4.48102E-1 4.82882E-1 5.22987E-1 6.01493E-1 4.62202E-1 5.57095E-1 1.81334E-1 2.33721E-1 2.66104E-1 4.99563E-1 2.70471E-1 2.9796E-1 6.65273E-1 6.28935E-1 4.81545E-1 4.43269E-1 3.83829E-1 3.5418E-1 3.16572E-1 2.72447E-1 3.12056E-1
-9999 -9999 -9999 -9999 -9999 -9999 -9999 1.32083E-1 2.45635E-1 3.04059E-1 3.54729E-1 4.59833E-1 5.13119E-1 5.23222E-1 5.00984E-1 4.13109E-1 3.65229E-1 4.37544E-1 4.19078E-1 4.50895E-1 4.54749E-1 4.81197E-1 4.65592E-1 4.47038E-1 4.1417E-1 4.09906E-1 4.5399E-1 4.90311E-1 5.19843E-1 5.09152E-1 5.90851E-1 5.69535E-1 6.17776E-1 5.9903E-1 5.08243E-1 5.06202E-1 4.60299E-1 3.9634E-1 5.1096E-1 5.44569E-1 6.52674E-1 6.97024E-1 6.70665E-1 3.57187E-1 6.20317E-1 7.00459E-1 7.69342E-1 7.84108E-1 7.98618E-1 7.67992E-1 6.49741E-1 6.94636E-1 5.87264E-1 4.79698E-1 4.42064E-1 4.11424E-1 3.9283E-1 3.54995E-1 3.14392E-1 3.56129E-1
-9999 -9999 -9999 -9999 -9999 -9999 1.94298E-1 2.66882E-1 3.32085E-1 4.31574E-1 4.97328E-1 5.38136E-1 5.7372E-1 5.89486E-1 5.67782E-1 4.74564E-1 4.55312E-1 5.55885E-1 4.90314E-1 4.5216E-1 4.41768E-1 4.41831E-1 4.2641E-1 4.04579E-1 3.82157E-1 3.91499E-1 4.23242E-1 4.36277E-1 5.15175E-1 5.58903E-1 6.00968E-1 3.85392E-1 6.45411E-1 5.94985E-1 4.55932E-1 4.51788E-1 3.73549E-1 3.85138E-1 5.5595E-1 6.29727E-1 6.4891E-1 5.88988E-1 3.10602E-1 6.1984E-1 6.50136E-1 6.96765E-1 7.543E-1 7.77508E-1 8.031E-1 7.34071E-1 7.01959E-1 6.35587E-1 5.72945E-1 5.02821E-1 3.77926E-1 3.78934E-1 3.5558E-1 3.17183E-1 3.07811E-1 2.2701E-1
-9999 -9999 -9999 -9999 -9999 -9999 1.40469E-1 4.1017E-1 4.65335E-1 5.25876E-1 5.20565E-1 5.67204E-1 6.12484E-1 6.25184E-1 5.9932E-1 5.12963E-1 5.26814E-1 6.27657E-1 4.74755E-1 4.41288E-1 4.12022E-1 3.90274E-1 3.79057E-1 3.69839E-1 3.56291E-1 3.4209E-1 3.82453E-1 3.79935E-1 4.44765E-1 5.61309E-1 5.92481E-1 4.42155E-1 6.59737E-1 5.31162E-1 4.23523E-1 5.1123E-1 4.62964E-1 4.62113E-1 5.55872E-1 5.55462E-1 5.95494E-1 4.33319E-1 6.27313E-1 6.46512E-1 7.03662E-1 7.68999E-1 7.86146E-1 7.70301E-1 5.09819E-1 6.99199E-1 6.74059E-1 5.27221E-1 5.59572E-1 5.38141E-1 3.32564E-1 3.66855E-1 3.30381E-1 2.95628E-1 3.00301E-1 4.11999E-1
-9999 -9999 -9999 -9999 -9999 -9999 -9999 4.40709E-1 5.00284E-1 5.97568E-1 5.75827E-1 6.22197E-1 6.60455E-1 6.80668E-1 6.75176E-1 6.02681E-1 6.66626E-1 6.52031E-1 5.29741E-1 5.23929E-1 5.20727E-1 4.91397E-1 3.88431E-1 3.1529E-1 2.96479E-1 2.64491E-1 3.47819E-1 3.68504E-1 4.42107E-1 5.17117E-1 6.04456E-1 5.41954E-1 6.79373E-1 5.33744E-1 5.08856E-1 5.67577E-1 4.32557E-1 4.90499E-1 5.29441E-1 5.60097E-1 5.52171E-1 6.22726E-1 6.40216E-1 6.74399E-1 7.23665E-1 6.73844E-1 6.83236E-1 7.99764E-1 7.69385E-1 6.04722E-1 5.88563E-1 5.42371E-1 5.27538E-1 2.70525E-1 3.9103E-1 4.02722E-1 3.61782E-1 3.40473E-1 3.16914E-1 4.47419E-1
-9999 -9999 -9999 -9999 -9999 -9999 -9999 3.26863E-1 6.0923E-1 6.60996E-1 6.08185E-1 6.27875E-1 6.57634E-1 6.92305E-1 4.61722E-1 5.45101E-1 6.57975E-1 6.56566E-1 5.7099E-1 6.04877E-1 5.38746E-1 4.35791E-1 3.23241E-1 2.729E-1 2.58445E-1 2.55652E-1 3.12068E-1 3.82095E-1 4.47183E-1 4.90279E-1 5.53061E-1 5.76851E-1 6.22597E-1 5.57475E-1 6.0033E-1 3.84793E-1 4.70816E-1 5.12783E-1 5.33511E-1 1.61863E-1 6.79811E-1 6.86628E-1 6.41995E-1 6.7273E-1 7.18669E-1 7.81944E-1 7.68299E-1 7.56571E-1 6.67561E-1 5.39629E-1 4.84624E-1 4.35273E-1 4.01514E-1 4.49495E-1 4.06466E-1 4.3667E-1 3.7587E-1 3.64084E-1 4.44232E-1 6.33423E-1
-9999 -9999 -9999 -9999 -9999 -9999 -9999 -9999 2.51352E-1 6.73449E-1 6.0935E-1 6.04602E-1 6.55816E-1 6.92524E-1 7.6017E-1 8.49583E-1 8.4718E-1 6.38996E-1 8.20078E-1 7.97191E-1 5.84909E-1 4.67952E-1 3.71418E-1 3.20828E-1 3.16409E-1 2.88071E-1 3.35726E-1 3.94605E-1 4.81013E-1 5.4292E-1 6.64765E-1 7.18248E-1 6.96729E-1 7.06905E-1 6.04894E-1 5.30855E-1 5.78908E-1 6.09512E-1 3.52172E-1 6.76703E-1 7.05178E-1 6.66255E-1 5.99318E-1 6.47095E-1 6.4016E-1 5.46773E-1 6.48217E-1 5.74691E-1 5.02989E-1 4.74574E-1 5.09058E-1 4.73996E-1 4.7946E-1 4.77112E-1 3.00934E-1 5.42751E-1 3.87174E-1 3.60918E-1 4.79905E-1 6.17177E-1
-9999 -9999 -9999 -9999 -9999 -9999 -9999 -9999 2.85615E-1 5.08172E-1 4.01885E-1 5.29217E-1 6.28149E-1 6.75539E-1 7.82013E-1 8.20184E-1 7.95551E-1 8.33188E-1 8.32768E-1 7.5645E-1 5.36107E-1 4.524E-1 3.68574E-1 3.40054E-1 3.64834E-1 3.46563E-1 3.81425E-1 4.23213E-1 5.13899E-1 5.86551E-1 6.55089E-1 6.99105E-1 6.76333E-1 6.41149E-1 4.49272E-1 5.44616E-1 5.77671E-1 6.46461E-1 6.02949E-1 7.18674E-1 6.66475E-1 6.27908E-1 5.79646E-1 4.78549E-1 5.31596E-1 4.69036E-1 5.89842E-1 5.72753E-1 4.70375E-1 4.28373E-1 4.6237E-1 4.5244E-1 5.28959E-1 4.71912E-1 5.91462E-1 5.57517E-1 4.23749E-1 2.67583E-1 6.01504E-1 4.72422E-1
-9999 -9999 -9999 -9999 -9999 -9999 -9999 -9999 2.02277E-1 3.08312E-1 4.30064E-1 5.24015E-1 5.70644E-1 6.71771E-1 7.43622E-1 8.02627E-1 7.92569E-1 8.21818E-1 7.93841E-1 6.99232E-1 5.18498E-1 4.5771E-1 3.75917E-1 3.88249E-1 4.14277E-1 3.98808E-1 4.38509E-1 4.71126E-1 5.51856E-1 6.43867E-1 6.67137E-1 5.49136E-1 7.2677E-1 5.36214E-1 4.85841E-1 5.53336E-1 6.76551E-1 6.43897E-1 7.36637E-1 7.2283E-1 6.71405E-1 6.19156E-1 5.42718E-1 4.29359E-1 4.60393E-1 4.02291E-1 4.94413E-1 5.04906E-1 4.87402E-1 4.99478E-1 5.44425E-1 4.58379E-1 6.27067E-1 5.979E-1 6.38602E-1 4.11673E-1 5.38419E-1 4.98827E-1 3.84537E-1 2.1716E-1
-9999 -9999 -9999 -9999 -9999 -9999 -9999 -9999 -9999 3.70748E-1 4.67437E-1 4.98366E-1 6.34157E-1 6.729E-1 7.1372E-1 7.77272E-1 7.91267E-1 7.87805E-1 7.26217E-1 6.75856E-1 4.99334E-1 4.44347E-1 3.92098E-1 4.2745E-1 4.59068E-1 4.5476E-1 4.97221E-1 5.30738E-1 5.70472E-1 6.73682E-1 6.05326E-1 4.93862E-1 7.06664E-1 5.04522E-1 4.65904E-1 6.4559E-1 7.16817E-1 7.24672E-1 7.27288E-1 7.04746E-1 6.54736E-1 5.40611E-1 4.52806E-1 3.68546E-1 3.65146E-1 3.24302E-1 3.6422E-1 3.92447E-1 4.29254E-1 4.78434E-1 5.80356E-1 6.19942E-1 6.53187E-1 6.93535E-1 6.78985E-1 5.85592E-1 4.40105E-1 3.57358E-1 2.0707E-1 4.11097E-1
-9999 -9999 -9999 -9999 -9999 -9999 -9999 -9999 -9999 4.74855E-1 5.21153E-1 6.46466E-1 6.93664E-1 7.14851E-1 7.23117E-1 7.86798E-1 7.84694E-1 7.75791E-1 7.03655E-1 6.58341E-1 5.2036E-1 4.88602E-1 4.30422E-1 4.52542E-1 4.91925E-1 4.93513E-1 5.51539E-1 5.87668E-1 5.90904E-1 4.46566E-1 6.3339E-1 3.96375E-1 6.95092E-1 6.86607E-1 6.68365E-1 6.33919E-1 6.41808E-1 6.18306E-1 6.93788E-1 6.7531E-1 6.29057E-1 4.9303E-1 4.25003E-1 3.45628E-1 3.50273E-1 3.25136E-1 3.41984E-1 3.02285E-1 3.34583E-1 4.86123E-1 5.70363E-1 6.03196E-1 6.53568E-1 6.96636E-1 4.76717E-1 2.90589E-1 2.10474E-1 2.26686E-1 5.13937E-1 5.09273E-1
-9999 -9999 -9999 -9999 -9999 -9999 -9999 -9999 -9999 5.81077E-1 6.35772E-1 6.88564E-1 7.36737E-1 7.59216E-1 7.93396E-1 7.99561E-1 7.53049E-1 7.82657E-1 7.34474E-1 7.24797E-1 6.51732E-1 5.83108E-1 4.78201E-1 5.13811E-1 5.66112E-1 5.99123E-1 6.69354E-1 3.61417E-1 6.40218E-1 6.7299E-1 5.85918E-1 6.53219E-1 6.28534E-1 5.97334E-1 6.93565E-1 7.24018E-1 5.01706E-1 5.15229E-1 5.33337E-1 5.73596E-1 5.06081E-1 4.59491E-1 4.00281E-1 3.64548E-1 4.23235E-1 4.69494E-1 4.67985E-1 4.47933E-1 5.04262E-1 4.99666E-1 4.46806E-1 5.23341E-1 6.67707E-1 5.90346E-1 5.27128E-1 5.69969E-1 4.84463E-1 4.05424E-1 4.68151E-1 6.00631E-1
