Phytophthora/models/20240429_1812_56/Phytophthora_PA2_RUN9_MAXENT_outputs/Phytophthora_PA2_RUN9.asc
ncols         225
nrows         269
xllcorner     473000.0
yllcorner     4429100.0
cellsize      50.0
NODATA_value  -9999
[rows 135 to 161 of 269, columns 120 to 179 of 225]
1.42908E-1 1.59535E-1 2.33896E-1 2.18083E-1 2.7064E-1 4.88807E-1 5.28472E-1 5.721E-1 3.83308E-1 5.70895E-1 6.70756E-1 6.0289E-1 5.7756E-1 5.77241E-1 5.56351E-1 -9999 -9999 -9999 -9999 -9999 -9999 -9999 -9999 -9999 -9999 -9999 -9999 -9999 -9999 -9999 -9999 -9999 -9999 -9999 2.08706E-1 2.56254E-1 3.49206E-1 2.1973E-1 2.13944E-1 2.33783E-1 2.34532E-1 1.35997E-1 2.41328E-1 2.6187E-1 2.73842E-1 2.03303E-1 1.90182E-1 8.89695E-2 9.211E-2 9.29685E-2 1.16574E-1 1.39871E-1 1.48331E-1 1.28325E-1 2.1186E-1 3.20165E-1 3.76019E-1 4.5743E-1 4.27631E-1 4.06635E-1
3.03286E-1 3.78491E-1 4.29388E-1 4.05898E-1 3.95011E-1 3.76863E-1 3.46027E-1 4.63168E-1 5.274E-1 4.62406E-1 3.76082E-1 3.25306E-1 3.42204E-1 3.32618E-1 -9999 -9999 -9999 -9999 -9999 -9999 -9999 -9999 -9999 -9999 -9999 -9999 -9999 -9999 -9999 -9999 -9999 -9999 -9999 -9999 1.37765E-1 4.43067E-1 3.37919E-1 2.90889E-1 3.39765E-1 3.64789E-1 2.57703E-1 3.47622E-1 2.80617E-1 3.06991E-1 3.88861E-1 3.70304E-1 3.20637E-1 2.39634E-1 2.29649E-1 2.09465E-1 1.87687E-1 1.93924E-1 2.9494E-1 2.17378E-1 3.99316E-1 4.3133E-1 4.70972E-1 2.94366E-1 3.43885E-1 4.22415E-1
3.15799E-1 3.41118E-1 3.43762E-1 4.44634E-1 3.22443E-1 3.45619E-1 3.37007E-1 4.19214E-1 5.10685E-1 5.41207E-1 -9999 -9999 -9999 -9999 -9999 -9999 -9999 -9999 -9999 -9999 -9999 -9999 -9999 -9999 -9999 -9999 -9999 -9999 -9999 -9999 -9999 -9999 -9999 -9999 1.70787E-1 3.4417E-1 2.29782E-1 2.67952E-1 4.61585E-1 5.12337E-1 3.54812E-1 3.52158E-1 2.77091E-1 2.78352E-1 3.71296E-1 3.39825E-1 3.22025E-1 2.73494E-1 2.6597E-1 2.51252E-1 2.16048E-1 2.00825E-1 2.62066E-1 2.07269E-1 3.63273E-1 3.49579E-1 3.22641E-1 3.78954E-1 3.41391E-1 2.54164E-1
2.82392E-1 3.23685E-1 4.10964E-1 1.00797E-1 1.61385E-1 3.77255E-1 3.20727E-1 3.73688E-1 3.51507E-1 4.56192E-1 -9999 -9999 -9999 -9999 -9999 -9999 -9999 -9999 -9999 -9999 -9999 -9999 -9999 -9999 -9999 -9999 -9999 -9999 -9999 -9999 -9999 -9999 -9999 -9999 -9999 3.25408E-1 2.83026E-1 3.05965E-1 4.03218E-1 5.07595E-1 2.71769E-1 4.17601E-1 3.00678E-1 2.68434E-1 3.57517E-1 3.02631E-1 3.15942E-1 2.76215E-1 2.92927E-1 2.91944E-1 2.58263E-1 2.20681E-1 2.10106E-1 1.62563E-1 3.47643E-1 2.76151E-1 2.82461E-1 3.53622E-1 4.15316E-1 3.65936E-1
2.91142E-1 3.13445E-1 4.54005E-1 3.98795E-1 4.01985E-1 3.21432E-1 3.30196E-1 3.70151E-1 2.56196E-1 4.33829E-1 5.52704E-1 -9999 -9999 -9999 -9999 -9999 -9999 -9999 -9999 -9999 -9999 -9999 -9999 -9999 -9999 -9999 -9999 -9999 -9999 -9999 -9999 -9999 -9999 -9999 -9999 3.70953E-1 4.11105E-1 3.97796E-1 3.82298E-1 4.9683E-1 2.59815E-1 4.99334E-1 4.49164E-1 3.35734E-1 3.80438E-1 3.16754E-1 3.19358E-1 2.81495E-1 3.11717E-1 3.31973E-1 1.92252E-1 1.49689E-1 1.79971E-1 2.42187E-1 3.142E-1 2.29873E-1 3.16124E-1 4.01493E-1 3.4246E-1 2.06765E-1
3.18071E-1 3.88965E-1 1.86139E-1 3.71777E-1 1.94179E-1 3.83608E-1 3.20869E-1 3.71155E-1 3.71209E-1 4.19115E-1 -9999 -9999 -9999 -9999 -9999 -9999 -9999 -9999 -9999 -9999 -9999 -9999 -9999 -9999 -9999 -9999 -9999 -9999 -9999 -9999 -9999 -9999 -9999 -9999 -9999 2.639E-1 3.17913E-1 3.06693E-1 3.32755E-1 4.15005E-1 2.29609E-1 5.08023E-1 4.58675E-1 4.3429E-1 3.86186E-1 3.24003E-1 3.05154E-1 2.87244E-1 3.24515E-1 3.52796E-1 6.92069E-2 2.25527E-1 2.281E-1 2.09008E-1 2.31812E-1 2.35946E-1 2.92144E-1 3.59455E-1 4.20515E-1 4.63273E-1
4.61578E-1 3.93257E-1 4.77729E-1 4.28742E-1 3.94319E-1 3.04067E-1 2.91074E-1 1.6636E-1 3.25937E-1 1.27895E-1 -9999 -9999 -9999 -9999 -9999 -9999 -9999 -9999 -9999 -9999 -9999 -9999 -9999 -9999 -9999 -9999 -9999 -9999 -9999 -9999 -9999 -9999 -9999 -9999 -9999 -9999 3.18466E-1 3.58966E-1 3.1354E-1 1.35336E-1 3.89331E-1 3.99082E-1 3.63306E-1 3.30918E-1 3.0704E-1 3.24786E-1 3.1005E-1 3.03287E-1 3.30825E-1 3.37213E-1 7.43708E-2 2.0133E-1 1.72033E-1 1.40607E-1 1.22753E-1 9.43014E-2 1.50044E-1 2.49107E-1 3.79839E-1 4.31642E-1
3.29445E-1 5.12155E-1 4.46742E-1 1.98804E-1 3.92245E-1 2.84219E-1 3.11671E-1 1.52657E-1 7.65589E-2 -9999 -9999 -9999 -9999 -9999 -9999 -9999 -9999 -9999 -9999 -9999 -9999 -9999 -9999 -9999 -9999 -9999 -9999 -9999 -9999 -9999 -9999 -9999 -9999 -9999 -9999 -9999 2.7396E-1 8.06138E-2 3.92576E-1 3.61484E-1 2.9902E-1 3.69657E-1 3.3358E-1 3.06758E-1 2.72383E-1 3.19738E-1 2.95282E-1 2.94561E-1 3.26284E-1 3.20467E-1 1.50279E-1 2.26447E-1 1.84123E-1 1.43216E-1 1.3103E-1 1.06991E-1 1.74996E-1 2.28221E-1 2.9386E-1 4.03155E-1
2.37163E-1 4.61999E-1 4.25176E-1 1.46535E-1 3.52673E-1 2.79945E-1 3.61496E-1 1.49588E-1 -9999 -9999 -9999 -9999 -9999 -9999 -9999 -9999 -9999 1.61965E-1 1.58076E-1 1.61368E-1 3.29505E-1 3.11634E-1 1.75867E-1 2.56612E-1 3.02826E-1 3.95328E-1 -9999 -9999 -9999 -9999 -9999 -9999 -9999 -9999 -9999 -9999 1.95727E-1 3.78739E-1 3.65382E-1 3.18693E-1 2.36072E-1 2.93914E-1 2.7775E-1 2.54663E-1 2.21818E-1 3.17574E-1 2.65105E-1 2.65488E-1 2.82733E-1 3.12342E-1 2.34535E-1 2.12144E-1 2.23412E-1 1.84574E-1 1.64478E-1 7.65985E-2 2.0007E-1 2.75543E-1 3.2148E-1 4.02362E-1
4.82737E-1 4.65861E-1 4.08038E-1 4.27208E-1 1.58103E-1 5.89319E-2 -9999 -9999 -9999 -9999 -9999 -9999 -9999 -9999 -9999 -9999 2.25255E-1 1.72362E-1 1.77037E-1 1.86589E-1 3.02927E-1 1.85773E-1 2.87225E-1 2.95257E-1 3.18097E-1 4.17605E-1 -9999 -9999 -9999 -9999 -9999 -9999 -9999 -9999 -9999 -9999 1.7521E-1 3.58681E-1 3.23043E-1 2.63838E-1 1.80336E-1 1.83724E-1 2.13252E-1 2.0767E-1 1.67748E-1 3.08454E-1 2.21741E-1 2.33999E-1 2.53838E-1 2.70375E-1 3.01093E-1 2.06566E-1 7.15934E-2 2.33227E-1 9.37136E-2 2.75077E-1 2.3118E-1 2.05256E-1 2.71877E-1 3.74008E-1
3.62716E-1 2.62037E-1 3.23805E-1 4.48898E-1 3.61149E-1 -9999 -9999 -9999 -9999 -9999 -9999 -9999 -9999 -9999 -9999 -9999 -9999 2.09062E-1 2.07021E-1 2.13659E-1 2.98568E-1 1.51498E-1 3.35046E-1 3.59065E-1 3.71421E-1 4.49827E-1 -9999 -9999 -9999 -9999 -9999 -9999 -9999 -9999 -9999 -9999 8.48816E-2 3.47056E-1 3.08632E-1 2.4785E-1 1.59951E-1 1.41364E-1 1.28423E-1 1.30391E-1 1.17107E-1 2.8438E-1 2.15303E-1 2.08064E-1 2.27109E-1 2.18535E-1 2.62659E-1 2.89193E-1 2.87699E-1 1.81231E-1 4.13538E-1 3.83415E-1 2.83407E-1 2.41455E-1 2.49114E-1 3.18829E-1
3.35975E-1 3.8211E-1 3.95181E-1 -9999 -9999 -9999 -9999 -9999 -9999 -9999 -9999 -9999 -9999 -9999 -9999 -9999 -9999 2.60389E-1 2.62068E-1 2.66858E-1 3.12735E-1 2.91128E-1 -9999 -9999 -9999 -9999 -9999 -9999 -9999 -9999 -9999 -9999 -9999 -9999 -9999 -9999 6.39094E-1 6.64096E-1 6.23966E-1 4.56162E-1 1.95085E-1 1.68512E-1 1.59295E-1 1.35033E-1 8.68613E-2 2.51654E-1 1.71184E-1 1.74331E-1 2.11019E-1 2.11587E-1 2.44703E-1 2.86644E-1 3.71986E-1 1.19632E-1 3.587E-1 2.18087E-1 1.75022E-1 1.41152E-1 1.34054E-1 1.8623E-1
3.40958E-1 3.22804E-1 3.12973E-1 -9999 -9999 -9999 -9999 -9999 -9999 -9999 -9999 -9999 -9999 -9999 -9999 -9999 -9999 3.17724E-1 3.16937E-1 3.08883E-1 4.34403E-1 3.06266E-1 -9999 -9999 -9999 -9999 -9999 -9999 -9999 -9999 -9999 -9999 -9999 -9999 -9999 -9999 -9999 4.25889E-1 7.52508E-1 5.70273E-1 2.62262E-1 2.36959E-1 1.81736E-1 1.63045E-1 7.82005E-2 2.3996E-1 1.36477E-1 1.86744E-1 1.67374E-1 1.41218E-1 7.07089E-2 1.68714E-1 1.22832E-1 1.44377E-1 3.28238E-2 1.57694E-1 1.5836E-1 1.28118E-1 1.00488E-1 1.1703E-1
1.90735E-1 2.85795E-1 2.54311E-1 2.94072E-1 -9999 -9999 -9999 -9999 -9999 -9999 -9999 -9999 -9999 -9999 -9999 -9999 3.34926E-1 3.61419E-1 3.74878E-1 3.70241E-1 4.94419E-1 4.06437E-1 4.2627E-1 5.08387E-1 -9999 -9999 -9999 -9999 -9999 -9999 -9999 -9999 -9999 -9999 -9999 -9999 -9999 5.58582E-1 7.55626E-1 6.49822E-1 3.35982E-1 1.8642E-1 1.61125E-1 2.3505E-1 1.33587E-1 2.4746E-1 1.48265E-1 1.33963E-1 2.04991E-1 1.07432E-1 7.14166E-2 1.03838E-1 9.56764E-2 1.3402E-1 1.17288E-1 1.14437E-1 1.65988E-1 1.59148E-1 1.38305E-1 1.79438E-1
1.07609E-1 3.42352E-1 2.55692E-1 3.10935E-1 1.52535E-1 -9999 -9999 -9999 -9999 -9999 -9999 -9999 -9999 -9999 -9999 4.74212E-1 3.98987E-1 4.17966E-1 4.30504E-1 4.23588E-1 4.9775E-1 5.50793E-1 5.53022E-1 -9999 -9999 -9999 -9999 6.13856E-1 6.1193E-1 5.1085E-1 -9999 -9999 -9999 -9999 -9999 -9999 -9999 6.58342E-1 3.31084E-1 5.49596E-1 3.07301E-1 3.24521E-1 2.91922E-1 2.56358E-1 1.81623E-1 2.5148E-1 2.46227E-1 2.65617E-1 1.56181E-1 1.18998E-1 1.12286E-1 1.39889E-1 2.01313E-1 2.31883E-1 2.00577E-1 1.68526E-1 2.2902E-1 2.18918E-1 1.68878E-1 1.72911E-1
1.09735E-1 3.7402E-1 2.4847E-1 2.97485E-1 1.9613E-1 2.77763E-1 2.90349E-1 3.593E-1 3.1075E-1 -9999 2.50763E-1 1.89577E-1 1.95618E-1 9.45513E-2 2.5658E-1 2.89095E-1 2.62883E-1 4.73254E-1 5.44855E-1 5.5272E-1 5.83331E-1 3.48652E-1 6.26924E-1 -9999 -9999 -9999 3.16215E-1 4.66534E-1 5.91761E-1 6.53353E-1 7.50432E-1 7.07862E-1 7.09102E-1 -9999 -9999 -9999 6.4753E-1 5.20182E-1 6.10115E-1 2.51448E-1 2.72849E-1 2.44237E-1 2.25026E-1 2.20877E-1 2.61481E-1 2.81694E-1 1.84802E-1 1.20481E-1 1.79214E-1 1.8816E-1 2.15512E-1 2.59135E-1 2.6057E-1 2.93045E-1 2.84691E-1 1.75991E-1 2.50545E-1 2.02674E-1 1.68944E-1 1.85064E-1
4.79147E-1 2.75517E-1 4.73196E-1 4.02098E-1 3.63792E-1 2.85162E-1 2.50246E-1 2.65929E-1 3.37221E-1 3.97755E-1 5.71211E-1 3.0132E-1 2.41332E-1 3.19669E-1 3.85831E-1 3.27183E-1 3.82749E-1 4.41721E-1 3.95132E-1 4.26233E-1 1.70534E-1 4.78011E-1 4.90897E-1 5.23102E-1 5.83952E-1 5.09943E-1 5.7783E-1 6.09552E-1 5.82961E-1 5.81678E-1 6.19691E-1 6.37012E-1 6.02169E-1 5.75384E-1 5.02025E-1 3.71927E-1 2.51965E-1 3.21883E-1 3.09688E-1 3.36435E-1 7.56298E-2 3.65041E-1 3.54631E-1 3.38292E-1 3.01727E-1 1.23441E-1 9.7252E-2 1.89009E-1 1.38922E-1 1.78755E-1 1.6365E-1 1.89617E-1 2.24741E-1 2.45716E-1 2.3758E-1 1.62677E-1 2.1779E-1 1.69877E-1 1.48415E-1 2.29299E-1
5.08554E-1 3.67067E-1 2.72828E-1 4.81681E-1 3.91411E-1 2.87471E-1 2.4528E-1 2.66127E-1 3.60307E-1 4.25717E-1 4.24775E-1 5.23024E-1 5.0736E-1 3.22922E-1 3.03801E-1 2.88375E-1 3.23892E-1 3.52268E-1 3.98646E-1 4.48412E-1 4.73391E-1 3.58821E-1 4.81279E-1 3.14791E-1 5.54173E-1 4.8995E-1 5.21813E-1 5.84288E-1 5.91111E-1 5.39847E-1 6.37774E-1 6.21901E-1 6.21905E-1 6.48411E-1 5.77935E-1 3.09269E-1 3.69293E-1 2.94795E-1 2.82241E-1 3.03575E-1 3.18E-1 2.92665E-1 3.32009E-1 2.67736E-1 2.20909E-1 1.36982E-1 1.56555E-1 1.09044E-1 1.46194E-1 1.88386E-1 1.68195E-1 1.89571E-1 2.22306E-1 2.07379E-1 1.9117E-1 6.2991E-2 2.30266E-1 1.72745E-1 2.53542E-1 2.66105E-1
5.61137E-1 5.49696E-1 4.58189E-1 1.72967E-1 4.14948E-1 3.06797E-1 2.64562E-1 2.85257E-1 3.42361E-1 3.96874E-1 2.33492E-1 3.76492E-1 3.17164E-1 2.7195E-1 2.7515E-1 2.61324E-1 3.01347E-1 3.36817E-1 3.74434E-1 3.91794E-1 4.05628E-1 3.19839E-1 4.99025E-1 1.64521E-1 3.06591E-1 2.89821E-1 3.58376E-1 5.66518E-1 5.57374E-1 4.91851E-1 6.10284E-1 5.78348E-1 6.2983E-1 6.53591E-1 5.9137E-1 3.12295E-1 1.59208E-1 3.03013E-1 2.59121E-1 2.84646E-1 2.98633E-1 3.21993E-1 3.43255E-1 2.95624E-1 2.28611E-1 2.02239E-1 2.79484E-1 1.40575E-1 1.77041E-1 1.96583E-1 1.68645E-1 2.02739E-1 2.26883E-1 1.75055E-1 1.91946E-1 9.38236E-2 2.62255E-1 1.8579E-1 2.75109E-1 1.70918E-1
6.04565E-1 3.93572E-1 4.10306E-1 5.29017E-1 5.02625E-1 3.62999E-1 3.18693E-1 3.15786E-1 3.5639E-1 4.10975E-1 3.24334E-1 3.72524E-1 3.22517E-1 2.8639E-1 2.58734E-1 2.27255E-1 2.48337E-1 2.77371E-1 3.12293E-1 3.28542E-1 3.47007E-1 3.3217E-1 3.81421E-1 2.1628E-1 2.85401E-1 5.26275E-1 5.43786E-1 4.91952E-1 5.3651E-1 4.91975E-1 6.21553E-1 6.29526E-1 6.66312E-1 6.72572E-1 5.8714E-1 3.87968E-1 3.93398E-1 2.88766E-1 2.33291E-1 2.54228E-1 2.7481E-1 3.21163E-1 2.92317E-1 3.02079E-1 2.56927E-1 2.08011E-1 1.76609E-1 1.82247E-1 1.85692E-1 1.99353E-1 1.762E-1 1.97871E-1 2.13571E-1 2.24056E-1 1.91141E-1 1.75687E-1 2.54753E-1 2.9362E-1 2.86963E-1 1.47441E-1
6.22334E-1 6.3094E-1 3.82542E-1 5.98098E-1 2.25248E-1 4.59972E-1 3.40568E-1 3.2209E-1 3.73812E-1 2.73338E-1 1.94342E-1 3.69936E-1 3.27397E-1 2.98827E-1 2.60658E-1 1.86223E-1 2.00593E-1 2.14702E-1 2.49898E-1 2.77448E-1 3.04648E-1 3.29988E-1 3.6007E-1 3.21522E-1 3.55884E-1 4.10465E-1 3.67364E-1 3.64984E-1 2.35552E-1 5.08988E-1 6.25857E-1 6.47978E-1 6.74146E-1 6.84235E-1 5.88268E-1 3.80735E-1 3.48158E-1 3.22381E-1 2.38703E-1 2.19995E-1 2.49411E-1 3.01152E-1 9.95647E-2 3.19953E-1 2.62566E-1 1.74748E-1 1.99641E-1 1.84524E-1 1.67471E-1 1.80424E-1 1.6487E-1 1.82805E-1 2.04394E-1 2.2358E-1 1.37465E-1 1.47221E-1 1.9937E-1 2.69382E-1 2.62039E-1 1.47496E-1
4.66953E-1 4.59178E-1 3.72118E-1 4.27858E-1 4.11232E-1 1.43703E-1 3.24976E-1 2.71462E-1 3.23579E-1 2.82664E-1 3.21448E-1 3.03072E-1 2.73678E-1 2.41362E-1 2.11237E-1 2.01933E-1 2.12825E-1 2.44049E-1 2.63798E-1 2.96122E-1 3.25678E-1 1.38142E-1 3.90263E-1 3.34349E-1 3.51446E-1 2.85261E-1 2.29996E-1 1.9475E-1 1.79209E-1 3.82897E-1 4.23264E-1 4.28943E-1 4.47263E-1 4.68247E-1 4.54036E-1 3.62181E-1 3.37997E-1 3.22457E-1 2.52486E-1 2.20076E-1 2.91917E-1 3.4167E-1 2.97333E-1 3.88777E-1 3.37399E-1 4.4427E-2 1.3701E-1 1.32225E-1 1.10546E-1 1.24025E-1 1.81192E-1 2.0842E-1 2.38318E-1 2.45412E-1 6.10483E-2 2.05721E-1 2.40796E-1 2.99217E-1 3.32155E-1 1.73575E-1
4.38584E-1 2.29789E-1 2.19576E-1 4.51304E-1 3.89562E-1 4.07431E-1 3.1476E-1 2.93181E-1 3.40975E-1 2.91123E-1 2.97255E-1 2.72102E-1 2.58469E-1 2.52316E-1 2.23951E-1 2.11342E-1 2.4094E-1 2.87644E-1 3.27319E-1 3.29431E-1 3.48668E-1 1.95244E-1 3.99283E-1 3.61928E-1 3.34156E-1 2.59661E-1 2.376E-1 2.25987E-1 1.37185E-1 4.31174E-1 4.52364E-1 4.25678E-1 4.64042E-1 4.71064E-1 3.95807E-1 2.91948E-1 1.25951E-1 3.09651E-1 2.50144E-1 2.3905E-1 3.04896E-1 3.52148E-1 4.02782E-1 4.01521E-1 3.21878E-1 1.0296E-1 8.42531E-2 1.34593E-1 1.09597E-1 1.06126E-1 1.60056E-1 2.07517E-1 2.13827E-1 2.18089E-1 4.95047E-2 1.92535E-1 2.05868E-1 2.98701E-1 1.96034E-1 1.76029E-1
5.69701E-1 6.38764E-1 4.6866E-1 4.57857E-1 3.75454E-1 3.58614E-1 2.91033E-1 2.88828E-1 3.65317E-1 9.5876E-2 3.27176E-1 3.00955E-1 2.69985E-1 2.6978E-1 2.69644E-1 2.77331E-1 2.94387E-1 3.40829E-1 3.88012E-1 3.78408E-1 3.69185E-1 1.34745E-1 4.08415E-1 3.88948E-1 4.2881E-1 3.34609E-1 2.91295E-1 2.85413E-1 4.67632E-1 2.91984E-1 3.60182E-1 4.44617E-1 4.62154E-1 5.31407E-1 5.22375E-1 3.92756E-1 3.4267E-1 2.75828E-1 2.11313E-1 2.23453E-1 3.09864E-1 3.64586E-1 4.2079E-1 1.96706E-1 3.29747E-1 1.20163E-1 2.86638E-2 1.26176E-1 1.063E-1 9.56122E-2 1.91265E-1 2.61358E-1 2.18877E-1 2.1818E-1 1.55544E-1 2.02607E-1 1.76728E-1 3.86852E-1 2.81112E-1 1.83459E-1
6.0057E-1 5.62263E-1 3.21114E-1 3.36186E-1 2.63774E-1 2.56207E-1 3.52432E-1 2.9651E-1 3.28243E-1 3.0409E-1 3.24594E-1 3.08074E-1 2.76235E-1 2.682E-1 2.89215E-1 3.5749E-1 3.47059E-1 3.87222E-1 4.39284E-1 4.36345E-1 3.29929E-1 3.76589E-1 3.79111E-1 3.98317E-1 4.93534E-1 4.6314E-1 4.61661E-1 4.28614E-1 3.91903E-1 3.8984E-1 5.01441E-1 4.94446E-1 5.30482E-1 4.6574E-1 3.60043E-1 2.84713E-1 2.84973E-1 2.2885E-1 1.77975E-1 1.87492E-1 2.86299E-1 3.57298E-1 4.04329E-1 1.13631E-1 3.64079E-1 1.47586E-1 1.8709E-2 5.44807E-2 1.01429E-1 9.08964E-2 2.61193E-1 2.49672E-1 2.21574E-1 2.3623E-1 1.83773E-1 1.45934E-1 1.80984E-1 2.92823E-1 2.0764E-1 1.25112E-1
4.63312E-1 2.57789E-1 3.11127E-1 2.59304E-1 1.94083E-1 1.96734E-1 2.55974E-1 3.85328E-1 2.97963E-1 3.72672E-1 3.34344E-1 3.37238E-1 3.16887E-1 3.3126E-1 3.41929E-1 4.39461E-1 4.28294E-1 4.20112E-1 4.81451E-1 4.72654E-1 3.29028E-1 3.6901E-1 2.34626E-1 2.03381E-1 2.31126E-1 1.06243E-1 3.97363E-1 2.91617E-1 4.00247E-1 4.72939E-1 5.17759E-1 4.45016E-1 3.17443E-1 2.83129E-1 2.3289E-1 1.63408E-1 2.49003E-1 2.00665E-1 1.51713E-1 1.60878E-1 2.66031E-1 3.22741E-1 3.89647E-1 4.30693E-1 1.33535E-1 1.75097E-1 2.88743E-2 1.23451E-1 1.0916E-1 8.98472E-2 1.1466E-1 3.2601E-1 2.30503E-1 2.38006E-1 1.46712E-1 1.63375E-1 1.68826E-1 1.78596E-1 1.6839E-1 1.30803E-1
3.83199E-1 2.80296E-1 2.06901E-1 1.6831E-1 1.23207E-1 2.52829E-1 3.50428E-1 3.74027E-1 1.68794E-1 3.22816E-1 3.36985E-1 3.63862E-1 3.13205E-1 3.22036E-1 3.1967E-1 4.21006E-1 4.76586E-1 4.16681E-1 4.80335E-1 1.36249E-1 1.18858E-1 2.32477E-1 2.59566E-1 2.47596E-1 2.50565E-1 1.04037E-1 2.34227E-1 2.87096E-1 2.3334E-1 3.98374E-1 3.0358E-1 1.87672E-1 1.30157E-1 1.12477E-1 1.11755E-1 1.33521E-1 2.42919E-1 1.96662E-1 1.56731E-1 1.60434E-1 1.70261E-1 2.23063E-1 2.70829E-1 3.12121E-1 3.22134E-1 1.7831E-1 4.90518E-2 1.21123E-1 1.14843E-1 1.34187E-1 1.54337E-1 2.29155E-1 3.66496E-1 1.92227E-1 2.24516E-1 2.04883E-1 1.64342E-1 1.65416E-1 1.41117E-1 1.28028E-1
