Phytophthora/models/20240429_1812_56/Phytophthora_PA2_RUN9_MAXENT_outputs/Phytophthora_PA2_RUN9.asc
ncols         225
nrows         269
xllcorner     473000.0
yllcorner     4429100.0
cellsize      50.0
NODATA_value  -9999
[rows 108 to 134 of 269, columns 60 to 119 of 225]
1.3413E-1 9.35346E-2 9.81515E-2 1.64348E-1 2.00449E-1 2.6221E-1 2.74252E-1 1.48484E-1 1.37203E-1 1.34228E-1 8.92593E-2 9.84379E-2 7.92259E-2 7.57325E-2 6.9291E-2 1.07942E-1 1.20877E-1 1.30016E-1 1.36978E-1 1.62154E-1 1.99236E-1 1.34072E-1 1.02224E-1 1.10465E-1 1.73603E-1 2.1404E-1 1.1271E-1 1.11886E-1 1.13279E-1 1.08723E-1 1.71539E-1 1.10418E-1 1.11935E-1 1.68102E-1 1.17918E-1 2.16859E-1 2.76003E-1 3.13314E-1 3.61409E-1 4.13665E-1 4.80093E-1 2.72452E-1 4.76737E-1 4.71872E-1 1.46505E-1 2.05732E-1 3.87765E-2 2.61993E-1 3.14844E-1 3.3553E-1 3.47059E-1 3.52464E-1 4.28438E-1 4.63577E-1 4.42251E-1 3.12317E-1 1.17213E-1 3.80904E-1 3.5895E-1 4.41377E-1
1.17695E-1 6.56327E-2 7.72752E-2 9.69217E-2 6.95398E-2 2.50174E-1 2.48509E-1 2.26958E-1 1.94237E-1 1.42501E-1 9.7183E-2 1.02671E-1 8.36769E-2 7.7542E-2 7.47119E-2 1.10693E-1 1.16276E-1 1.20668E-1 1.25508E-1 2.88273E-1 1.71278E-1 1.35652E-1 1.64086E-1 2.27594E-1 2.56904E-1 1.84158E-1 2.27125E-1 1.78135E-1 1.53093E-1 1.72911E-1 2.22233E-1 1.77852E-1 2.02641E-1 1.80006E-1 1.5678E-1 2.08684E-1 2.49674E-1 2.7518E-1 3.37658E-1 4.01469E-1 5.11985E-1 5.58117E-1 3.21235E-1 2.84386E-1 3.49448E-1 2.05981E-1 1.61119E-1 1.2672E-1 2.63013E-1 2.7701E-1 2.34368E-1 1.86836E-1 3.67343E-1 3.83909E-1 4.60957E-1 3.40882E-1 4.23163E-1 3.91583E-1 1.53991E-1 4.87022E-1
1.26993E-1 1.38583E-1 2.52932E-2 8.47969E-2 1.16493E-1 1.63211E-1 1.49068E-1 2.09908E-1 9.99595E-2 1.88616E-1 1.09586E-1 1.11987E-1 9.58558E-2 8.85387E-2 9.34662E-2 1.37874E-1 1.45227E-1 1.27138E-1 6.80613E-2 1.7387E-1 1.52838E-1 2.14392E-1 2.48617E-1 2.73053E-1 2.48531E-1 2.74552E-1 2.55412E-1 2.22981E-1 2.04085E-1 2.11151E-1 2.49802E-1 2.3439E-1 2.26927E-1 2.01927E-1 1.87661E-1 2.29785E-1 2.768E-1 3.36984E-1 3.75595E-1 4.13203E-1 4.67628E-1 4.82639E-1 3.03847E-1 1.61525E-1 2.32703E-1 2.40278E-1 1.13813E-1 3.62448E-1 3.48688E-1 3.59526E-1 3.92026E-1 4.30674E-1 4.80853E-1 4.57632E-1 3.69131E-1 1.44071E-1 1.73735E-1 1.50855E-1 3.55795E-1 1.19981E-1
1.30331E-1 1.42793E-1 1.08716E-1 1.07524E-1 1.14638E-1 1.23369E-1 1.05045E-1 1.39257E-1 5.53922E-2 2.59215E-1 2.02861E-1 1.96356E-1 1.5757E-1 1.53377E-1 1.60706E-1 1.36289E-1 1.43999E-1 1.32211E-1 1.19076E-1 1.52525E-1 2.34622E-1 3.03684E-1 2.96918E-1 3.11364E-1 3.01998E-1 2.6799E-1 2.47069E-1 2.23742E-1 2.2613E-1 2.25125E-1 2.41495E-1 2.21027E-1 2.10824E-1 1.83089E-1 1.53565E-1 1.07395E-1 9.4384E-2 1.20863E-1 1.53735E-1 2.44742E-1 3.68162E-1 2.55151E-1 2.31133E-1 3.81774E-1 1.28149E-1 2.51365E-1 2.61186E-1 3.01291E-1 2.83677E-1 3.22882E-1 4.50296E-1 4.87927E-1 4.61304E-1 4.28134E-1 3.95662E-1 3.04196E-1 3.28181E-1 3.53073E-1 3.47564E-1 2.69514E-1
1.53686E-1 1.36444E-1 1.02151E-1 1.27882E-1 1.07148E-1 1.14464E-1 1.11154E-1 1.36145E-1 2.22095E-1 2.55684E-1 2.40589E-1 2.11461E-1 1.88323E-1 1.83808E-1 1.9237E-1 1.68253E-1 1.76607E-1 1.06799E-1 2.11173E-1 2.24827E-1 2.90624E-1 3.22956E-1 3.5085E-1 2.90697E-1 2.12147E-1 1.46023E-1 4.97775E-2 1.65433E-1 1.72495E-1 2.11117E-1 1.06169E-1 8.06327E-2 2.04004E-1 2.32092E-1 1.76502E-1 1.21234E-1 1.23915E-1 1.38733E-1 1.76389E-1 1.23472E-1 5.59943E-2 2.16284E-1 2.85917E-1 4.59674E-1 1.24085E-1 2.63377E-1 2.76052E-1 3.01362E-1 3.6247E-1 4.22938E-1 5.18309E-1 4.21983E-1 4.55875E-1 4.50275E-1 3.92606E-1 2.85228E-1 2.87725E-1 3.03269E-1 3.56728E-1 4.64739E-1
1.48108E-1 7.39523E-2 1.28287E-1 1.18014E-1 1.01136E-1 1.0324E-1 1.20952E-1 1.63086E-1 2.29357E-1 1.66664E-1 2.92728E-1 1.96534E-1 2.15186E-1 2.10734E-1 2.1898E-1 1.62223E-1 8.60208E-2 9.29268E-2 2.75042E-1 2.55341E-1 3.38383E-1 3.61911E-1 2.05836E-1 3.89868E-1 3.41234E-1 2.76762E-1 2.69385E-1 3.14946E-1 2.9737E-1 2.42847E-1 1.98394E-1 2.14748E-1 2.49134E-1 2.09392E-1 2.09657E-1 1.40597E-1 1.49767E-1 1.71842E-1 1.57019E-1 1.6128E-1 1.5909E-1 1.24974E-1 1.34243E-1 1.15567E-1 2.88872E-1 3.77654E-1 3.0563E-1 3.13816E-1 1.73557E-1 3.28309E-1 4.15178E-1 3.92851E-1 4.38834E-1 4.19745E-1 4.12482E-1 2.61581E-1 2.41594E-1 2.56733E-1 3.10294E-1 3.7089E-1
1.24728E-1 1.45333E-1 1.17673E-1 1.04482E-1 9.65541E-2 1.20894E-1 1.30738E-1 1.63075E-1 3.78927E-2 1.55084E-1 1.42013E-1 2.17923E-1 1.99435E-1 1.97648E-1 2.10818E-1 2.11795E-1 2.82899E-1 2.44356E-1 1.40551E-1 1.85678E-1 1.71481E-1 1.15198E-1 3.16684E-1 3.33022E-1 2.54613E-1 2.26907E-1 3.26249E-1 3.50487E-1 1.93069E-1 1.35788E-1 9.66215E-2 1.16049E-1 2.3534E-1 2.46588E-1 8.02572E-2 5.48495E-2 4.3318E-2 4.00548E-2 1.42042E-1 1.66656E-1 2.49496E-1 2.68527E-1 2.66322E-1 2.90198E-1 4.15022E-1 2.77019E-1 3.74446E-2 3.8284E-1 2.76715E-1 1.1325E-1 1.83591E-1 4.39713E-1 2.94877E-1 5.15705E-1 4.41287E-1 3.19308E-1 3.10123E-1 3.38069E-1 3.18424E-1 4.28505E-1
5.33021E-2 1.35511E-1 1.12117E-1 9.94828E-2 1.07558E-1 1.45201E-1 1.38091E-1 1.17223E-1 1.37853E-1 1.20279E-1 9.84109E-2 1.6415E-1 1.66637E-1 1.58104E-1 1.66889E-1 2.39955E-1 1.1113E-1 1.75818E-1 1.31457E-1 2.01992E-1 3.31973E-1 3.58033E-1 3.19632E-1 2.91901E-1 2.49433E-1 3.14866E-1 3.19444E-1 1.86428E-1 1.41849E-1 1.17551E-1 8.35857E-2 1.59271E-1 1.99908E-1 2.10477E-1 2.23834E-1 6.07738E-2 1.53262E-1 1.46305E-1 1.34565E-1 1.54918E-1 2.23549E-1 2.15291E-1 2.58382E-1 1.52286E-1 4.14482E-1 2.84504E-1 1.744E-1 3.36924E-1 7.54008E-2 2.73878E-1 3.54633E-1 4.50979E-1 3.10151E-1 6.09834E-1 5.56859E-1 4.0479E-1 4.25366E-1 4.56791E-1 4.34838E-1 4.63857E-1
3.48692E-1 2.80736E-1 2.40041E-1 2.5904E-1 2.69929E-1 3.10577E-1 2.75983E-1 1.47152E-1 2.2868E-1 2.02888E-1 2.35186E-1 2.53192E-1 2.99537E-1 3.00514E-1 2.88193E-1 3.71335E-1 4.21237E-1 3.20118E-1 3.77629E-1 3.72214E-1 3.5144E-1 3.28371E-1 3.16449E-1 3.27532E-1 4.20465E-1 3.06543E-1 2.00594E-1 2.0183E-1 1.64796E-1 1.57675E-1 1.76299E-1 1.92824E-1 2.48165E-1 2.84366E-1 3.28125E-1 3.3931E-1 2.02606E-1 1.94928E-1 3.01203E-1 3.80456E-1 4.5698E-1 4.51869E-1 2.88853E-1 4.71836E-1 4.54812E-1 3.61277E-1 3.12876E-1 7.1538E-2 1.75586E-1 5.22712E-2 5.4948E-1 6.02464E-1 6.34066E-1 6.38425E-1 4.83978E-1 3.04194E-1 3.76464E-1 4.37787E-1 4.17103E-1 3.69863E-1
3.00383E-1 2.7749E-1 2.8914E-1 3.12997E-1 3.16066E-1 3.07105E-1 1.49653E-1 2.632E-1 2.27454E-1 1.97891E-1 2.63624E-1 1.3235E-1 3.6123E-1 3.57195E-1 3.24658E-1 2.92418E-1 4.86903E-1 2.94318E-1 3.01663E-1 3.22973E-1 2.83934E-1 2.93217E-1 3.34435E-1 4.08245E-1 3.57794E-1 1.73047E-1 1.54423E-1 1.2649E-1 1.36778E-1 1.21746E-1 1.52296E-1 1.6614E-1 2.18949E-1 2.33209E-1 2.74949E-1 3.4776E-1 1.77514E-1 3.93906E-1 3.796E-1 1.13385E-1 2.49728E-1 2.20836E-1 4.22261E-1 4.69596E-1 4.78371E-1 3.28176E-1 3.53256E-1 2.90021E-1 2.78505E-1 2.62781E-1 3.60162E-1 5.3923E-1 5.59747E-1 5.07672E-1 4.51735E-1 3.4636E-1 3.87029E-1 4.55486E-1 1.84612E-1 4.4799E-1
2.7446E-1 2.80492E-1 2.51058E-1 1.66657E-1 1.88734E-1 3.0097E-1 2.69429E-1 2.4749E-1 2.22946E-1 2.04117E-1 2.79948E-1 3.81381E-1 4.97468E-1 2.22813E-1 3.69024E-1 2.81942E-1 3.21106E-1 2.78429E-1 2.98775E-1 3.06937E-1 2.4125E-1 2.43508E-1 3.53478E-1 3.60716E-1 2.11194E-1 1.65552E-1 1.3782E-1 1.22209E-1 9.83338E-2 1.13539E-1 1.49769E-1 1.5936E-1 1.83456E-1 2.00031E-1 2.49619E-1 3.37833E-1 3.03992E-1 4.07281E-1 4.00029E-1 3.35799E-1 4.57763E-1 4.92757E-1 4.79296E-1 4.23408E-1 4.74735E-1 3.11109E-1 3.07997E-1 2.80255E-1 1.3471E-1 2.82752E-1 4.71955E-1 4.08841E-1 5.4597E-1 5.33617E-1 5.18095E-1 4.04292E-1 3.98405E-1 4.2007E-1 4.63448E-1 4.53931E-1
3.1762E-1 3.83981E-1 3.83912E-1 3.28466E-1 1.06234E-1 2.90905E-1 2.48803E-1 2.32344E-1 2.03292E-1 1.97117E-1 2.64803E-1 2.88671E-1 9.20108E-2 5.02296E-1 2.67276E-1 4.4658E-1 3.15021E-1 2.80476E-1 2.89505E-1 2.3901E-1 1.97892E-1 1.81834E-1 2.90653E-1 3.21547E-1 1.92492E-1 1.6686E-1 1.38171E-1 1.24342E-1 1.27068E-1 1.56111E-1 1.74992E-1 1.67288E-1 1.88331E-1 2.18078E-1 2.85089E-1 3.71626E-1 3.82579E-1 8.459E-2 1.83205E-1 3.34132E-1 4.48444E-1 4.48125E-1 4.54325E-1 4.22185E-1 3.87029E-1 2.75955E-1 2.68304E-1 2.31999E-1 1.51584E-1 2.90788E-1 4.73153E-1 5.31539E-1 3.70353E-1 5.1383E-1 5.68675E-1 4.26306E-1 4.14151E-1 3.84909E-1 4.32002E-1 4.47361E-1
3.45331E-1 4.76797E-1 3.6088E-1 3.25701E-1 1.22021E-1 3.06055E-1 2.53414E-1 2.22702E-1 1.95209E-1 2.26762E-1 2.96061E-1 3.12091E-1 3.391E-1 2.79476E-1 3.43743E-1 3.41619E-1 4.2144E-1 3.96547E-1 3.07586E-1 2.33126E-1 1.7368E-1 1.61958E-1 3.12684E-1 2.66961E-1 2.39241E-1 1.88277E-1 1.509E-1 1.47035E-1 1.81804E-1 2.04258E-1 2.06728E-1 1.78218E-1 1.87815E-1 2.20815E-1 2.98671E-1 2.65061E-1 3.88941E-1 1.54798E-1 3.96796E-1 3.7593E-1 3.93424E-1 4.10248E-1 4.34895E-1 4.21012E-1 3.77447E-1 2.08452E-1 2.09785E-1 2.10762E-1 2.09987E-1 2.53191E-1 4.61234E-1 4.93671E-1 5.61562E-1 5.92553E-1 5.06293E-1 3.91969E-1 4.3918E-1 4.20406E-1 4.00292E-1 4.5617E-1
1.3727E-1 5.4257E-1 3.39182E-1 3.37848E-1 2.6751E-1 3.41781E-1 2.75075E-1 2.48454E-1 2.28572E-1 2.92896E-1 4.61388E-1 4.95656E-1 4.8518E-1 1.60534E-1 4.09965E-1 4.91925E-1 4.90146E-1 3.96676E-1 3.26862E-1 2.65814E-1 2.34437E-1 2.79578E-1 2.96188E-1 3.17917E-1 3.28346E-1 2.79503E-1 2.43122E-1 2.61132E-1 2.92455E-1 3.27544E-1 4.01613E-1 3.41001E-1 2.99468E-1 3.42819E-1 4.22814E-1 3.8624E-1 3.88679E-1 4.30076E-1 1.11582E-1 3.55053E-1 3.31825E-1 3.40958E-1 3.95636E-1 4.11734E-1 3.53186E-1 2.42505E-1 2.40165E-1 2.48411E-1 2.67249E-1 2.97107E-1 3.16697E-1 3.33869E-1 3.96117E-1 4.42631E-1 4.72996E-1 5.40689E-1 4.99954E-1 4.49717E-1 4.41481E-1 4.88298E-1
5.44745E-1 4.70429E-1 3.37307E-1 3.92705E-1 1.75966E-1 3.70667E-1 2.97564E-1 1.82636E-1 1.78937E-1 1.8542E-1 2.85435E-1 4.08604E-1 5.17211E-1 3.14401E-1 5.7938E-1 5.27307E-1 4.92145E-1 3.92332E-1 3.39973E-1 2.88606E-1 3.07053E-1 4.09098E-1 3.07076E-1 4.03185E-1 4.349E-1 3.52471E-1 3.03242E-1 3.33967E-1 3.55448E-1 3.56391E-1 4.27969E-1 3.58615E-1 3.12676E-1 3.19508E-1 4.36436E-1 4.1263E-1 4.59253E-1 4.0072E-1 3.40905E-1 3.07784E-1 3.23297E-1 3.04345E-1 3.64867E-1 3.84794E-1 3.40438E-1 2.34815E-1 2.30037E-1 2.50714E-1 2.87997E-1 3.098E-1 3.35791E-1 3.14313E-1 3.34931E-1 3.78892E-1 4.31972E-1 5.8207E-1 5.63175E-1 4.48661E-1 5.05857E-1 5.03881E-1
4.949E-1 4.02243E-1 4.15413E-1 4.56403E-1 3.16195E-1 3.63815E-1 2.84517E-1 2.0921E-1 1.69247E-1 1.66115E-1 2.36864E-1 2.73964E-1 3.78937E-1 3.0735E-1 5.93277E-1 5.17865E-1 4.49929E-1 3.94853E-1 3.89679E-1 4.0495E-1 4.27878E-1 4.14576E-1 4.99514E-1 5.48519E-1 3.98198E-1 3.93738E-1 3.81943E-1 3.89767E-1 3.85357E-1 3.67891E-1 3.60128E-1 3.63009E-1 3.23173E-1 3.368E-1 5.21396E-1 4.51699E-1 1.96762E-1 3.91288E-1 2.81841E-1 2.61615E-1 2.92104E-1 2.71696E-1 3.05818E-1 3.67853E-1 3.7956E-1 2.72245E-1 2.72906E-1 3.00347E-1 3.29176E-1 3.62108E-1 3.99256E-1 3.68245E-1 3.60833E-1 3.68458E-1 4.47084E-1 6.35571E-1 5.81701E-1 5.26834E-1 3.91654E-1 4.53111E-1
4.42535E-1 4.41212E-1 4.87688E-1 1.85616E-1 3.94356E-1 3.3546E-1 2.57615E-1 2.06262E-1 1.8505E-1 1.87933E-1 2.59074E-1 2.90125E-1 3.20103E-1 4.21259E-1 4.03332E-1 4.95812E-1 4.72041E-1 4.932E-1 5.64043E-1 5.18547E-1 4.839E-1 4.83823E-1 4.41323E-1 3.70477E-1 3.67102E-1 3.76166E-1 4.26274E-1 3.83298E-1 3.71183E-1 6.72879E-2 3.81694E-1 3.34048E-1 3.26293E-1 4.24265E-1 4.95169E-1 3.45165E-1 1.07568E-1 4.03385E-1 2.81325E-1 2.25979E-1 2.55069E-1 2.52605E-1 3.20054E-1 4.22202E-1 3.04498E-1 2.80324E-1 3.22661E-1 3.44385E-1 3.40017E-1 3.93801E-1 4.58609E-1 4.20506E-1 4.03207E-1 4.18919E-1 4.59579E-1 5.98068E-1 6.58995E-1 5.97176E-1 4.77708E-1 5.75348E-1
4.30793E-1 4.81643E-1 5.07639E-1 2.78337E-1 3.79249E-1 3.07353E-1 2.0765E-1 1.91444E-1 1.80322E-1 1.8822E-1 2.73594E-1 3.22576E-1 3.40531E-1 3.33824E-1 9.69163E-2 4.99661E-1 6.4011E-1 6.1087E-1 5.74226E-1 5.32713E-1 3.97869E-1 2.7109E-1 2.69439E-1 3.23224E-1 4.24168E-1 3.77301E-1 4.41275E-1 3.61854E-1 3.49497E-1 1.55292E-1 3.75947E-1 3.00294E-1 2.97982E-1 3.96733E-1 4.83309E-1 2.67911E-1 2.10577E-1 4.21612E-1 2.48661E-1 2.15536E-1 2.52538E-1 2.94906E-1 3.71263E-1 4.45255E-1 3.69847E-1 3.56689E-1 4.2886E-1 4.13258E-1 3.7991E-1 4.22566E-1 4.86608E-1 3.0726E-1 4.23559E-1 4.56514E-1 5.37325E-1 6.55932E-1 6.29955E-1 5.20549E-1 6.15941E-1 5.75926E-1
4.91745E-1 5.97193E-1 5.42316E-1 4.40857E-1 4.88718E-1 4.2675E-1 3.21448E-1 3.31831E-1 3.33211E-1 3.04832E-1 3.12799E-1 3.5824E-1 4.58145E-1 4.20544E-1 4.15937E-1 5.80015E-1 5.52708E-1 5.16355E-1 4.41413E-1 3.25318E-1 2.28131E-1 2.66374E-1 2.62322E-1 3.86683E-1 4.3611E-1 3.19336E-1 4.81168E-1 4.13316E-1 3.79167E-1 1.37237E-1 2.98344E-1 2.34722E-1 2.13057E-1 3.19953E-1 3.98748E-1 1.80835E-1 3.23594E-2 3.08039E-1 1.75686E-1 1.63284E-1 2.09342E-1 2.63658E-1 3.29504E-1 4.06318E-1 4.15525E-1 4.02276E-1 4.71405E-1 4.37574E-1 4.33522E-1 3.88315E-1 4.07723E-1 3.67133E-1 3.56784E-1 4.09905E-1 5.03685E-1 3.74869E-1 3.98522E-1 4.35002E-1 3.87481E-1 3.67566E-1
5.43484E-1 6.27401E-1 5.66692E-1 5.70972E-1 4.79295E-1 4.27375E-1 3.99322E-1 3.81256E-1 3.76406E-1 3.46265E-1 3.27833E-1 3.43435E-1 4.11181E-1 4.01414E-1 2.77951E-1 5.09744E-1 5.1571E-1 4.19343E-1 2.47738E-1 2.30418E-1 2.78103E-1 3.14107E-1 3.23884E-1 3.65396E-1 4.31217E-1 5.50305E-1 4.5341E-1 3.96884E-1 3.52935E-1 2.63162E-1 3.08974E-1 2.45319E-1 2.1262E-1 1.86432E-1 2.13586E-1 1.5544E-1 4.57661E-2 2.81571E-1 2.92135E-1 1.68891E-1 2.2959E-1 2.92196E-1 3.44374E-1 4.53578E-1 5.17946E-1 3.83029E-1 2.70262E-1 2.44249E-1 5.04292E-1 4.31613E-1 4.14164E-1 3.9454E-1 1.77651E-1 4.27407E-1 5.18667E-1 4.05992E-1 3.53135E-1 3.69924E-1 3.39876E-1 3.81905E-1
3.03387E-1 3.40008E-1 3.63388E-1 4.98205E-1 4.54339E-1 4.71085E-1 4.57507E-1 4.27719E-1 3.98779E-1 3.68155E-1 3.61286E-1 3.36208E-1 4.24799E-1 4.40916E-1 5.39962E-1 4.58749E-1 3.60067E-1 3.20358E-1 2.73857E-1 3.28178E-1 3.54943E-1 3.39837E-1 3.41863E-1 3.67121E-1 3.47988E-1 5.72512E-1 4.53427E-1 3.30236E-1 3.24335E-1 3.22981E-1 2.96278E-1 2.55803E-1 2.29741E-1 1.91202E-1 1.76838E-1 1.16825E-1 1.39205E-1 1.9467E-1 2.49182E-1 2.25897E-1 2.29871E-1 1.43769E-1 3.08514E-1 4.18625E-1 5.2652E-1 4.4353E-1 4.79804E-1 5.84005E-1 3.89269E-1 2.90277E-1 4.32058E-1 4.7655E-1 4.37187E-1 4.23397E-1 4.71501E-1 4.19207E-1 3.71237E-1 3.59656E-1 3.18225E-1 2.98017E-1
3.06471E-1 4.01672E-1 4.72094E-1 4.72563E-1 4.4892E-1 5.14765E-1 2.52826E-1 4.70482E-1 4.28615E-1 3.95325E-1 3.94577E-1 3.79446E-1 4.45939E-1 4.86958E-1 4.80121E-1 4.3136E-1 3.44648E-1 3.43569E-1 3.38596E-1 3.64417E-1 4.00852E-1 3.87164E-1 3.50534E-1 3.7138E-1 5.26388E-1 5.49788E-1 3.9474E-1 2.69585E-1 3.02037E-1 2.96142E-1 2.72257E-1 2.58494E-1 2.63066E-1 2.36047E-1 1.70697E-1 1.11337E-1 1.33013E-1 2.00937E-1 2.45792E-1 2.07928E-1 2.93561E-1 2.93627E-1 3.00033E-1 4.50288E-1 4.11554E-1 3.49656E-1 4.89276E-1 5.53169E-1 4.00663E-1 3.8043E-1 4.18056E-1 4.65961E-1 4.26243E-1 4.25977E-1 5.02211E-1 4.59937E-1 1.3613E-1 3.8138E-1 3.64333E-1 3.46468E-1
3.31462E-1 4.15046E-1 4.3118E-1 1.71277E-1 4.76398E-1 5.11509E-1 4.81523E-1 4.28524E-1 4.27978E-1 3.97118E-1 3.62755E-1 3.83381E-1 4.96467E-1 2.52931E-1 5.12126E-1 4.54992E-1 4.26536E-1 4.52519E-1 4.47097E-1 4.46671E-1 4.49413E-1 4.39185E-1 3.99722E-1 3.58946E-1 4.965E-1 5.15102E-1 3.48854E-1 2.99457E-1 3.34644E-1 3.44578E-1 3.28679E-1 3.07128E-1 3.08902E-1 3.33459E-1 2.29204E-1 1.52524E-1 1.32165E-1 1.61901E-1 1.48632E-1 3.49833E-1 2.87696E-1 2.59159E-1 2.6591E-1 4.09171E-1 4.35413E-1 3.62652E-1 5.31172E-1 5.27701E-1 3.34323E-1 3.44979E-1 3.98867E-1 4.93067E-1 4.77252E-1 4.93906E-1 5.95367E-1 4.47917E-1 1.44745E-1 3.76399E-1 3.42894E-1 4.20438E-1
3.02838E-1 3.19686E-1 3.30435E-1 3.29104E-1 4.58894E-1 4.97315E-1 4.61867E-1 3.66856E-1 4.13732E-1 3.86511E-1 4.16502E-1 3.82801E-1 4.49845E-1 4.82475E-1 5.91643E-1 6.94933E-1 6.99066E-1 6.33088E-1 5.75206E-1 5.16538E-1 1.94635E-1 1.96586E-1 5.11359E-1 5.66495E-1 5.67876E-1 4.48293E-1 3.03646E-1 2.59508E-1 3.02859E-1 3.02205E-1 1.74687E-1 1.65048E-1 2.06299E-1 2.60497E-1 2.47429E-1 1.32676E-1 1.9522E-1 2.21563E-1 2.6064E-1 3.65025E-1 2.43811E-1 1.7499E-1 1.94331E-1 3.48214E-1 4.40736E-1 3.1252E-1 4.76377E-1 4.65242E-1 3.20878E-1 2.7063E-1 3.18848E-1 4.13671E-1 3.7022E-1 1.14996E-1 4.85866E-1 4.7853E-1 4.00366E-1 3.70614E-1 2.51284E-1 1.17425E-1
2.76616E-1 2.64727E-1 3.12079E-1 1.43275E-1 4.70649E-1 4.58766E-1 4.52627E-1 4.32075E-1 4.04379E-1 4.17153E-1 4.84232E-1 4.37857E-1 4.31037E-1 4.57419E-1 5.61971E-1 7.27164E-1 2.98744E-1 4.66349E-1 7.28649E-1 7.32463E-1 7.00801E-1 6.59555E-1 6.17787E-1 6.69669E-1 6.20015E-1 4.86988E-1 4.13053E-1 3.45717E-1 4.483E-1 1.021E-1 2.90516E-1 2.73402E-1 2.70326E-1 3.02253E-1 3.6517E-1 3.51724E-1 1.05074E-1 2.47704E-1 2.25824E-1 3.3076E-1 3.22545E-1 1.5562E-1 2.11573E-1 3.53665E-1 4.4372E-1 3.15804E-1 3.17841E-1 3.24244E-1 4.93849E-1 3.3623E-1 3.53823E-1 3.9255E-1 3.27472E-1 3.77401E-1 4.6392E-1 4.95252E-1 3.85987E-1 4.55265E-1 2.69446E-1 2.61584E-1
2.32351E-1 2.42535E-1 1.27206E-1 2.9868E-1 3.92559E-1 4.2962E-1 3.88305E-1 4.10885E-1 4.40202E-1 4.82851E-1 5.66552E-1 4.39162E-1 1.4797E-1 2.7821E-1 1.27086E-1 4.4575E-1 6.28165E-1 6.02335E-1 6.98391E-1 6.62708E-1 6.57787E-1 6.03977E-1 7.0288E-1 6.02747E-1 5.84164E-1 2.24562E-1 2.17144E-1 3.9811E-1 1.84406E-1 2.69729E-1 2.57853E-1 2.19183E-1 2.53744E-1 2.173E-1 3.10132E-1 3.31697E-1 4.0087E-1 1.14772E-1 2.66591E-1 3.62259E-1 3.56686E-1 2.02862E-1 1.85121E-1 3.39763E-1 4.20712E-1 2.90792E-1 3.65484E-1 5.00518E-1 2.43179E-1 3.39416E-1 3.77004E-1 3.2991E-1 4.30412E-1 3.10553E-1 3.83486E-1 4.31968E-1 4.30861E-1 2.73732E-1 4.19496E-1 2.4786E-1
2.17422E-1 2.2826E-1 4.82235E-1 4.04749E-1 2.2149E-1 4.54188E-1 4.12626E-1 4.67876E-1 4.59208E-1 2.61212E-1 5.56749E-1 5.5628E-1 5.03249E-1 5.50953E-1 3.29783E-1 6.96906E-1 6.98826E-1 6.82512E-1 6.62464E-1 6.59258E-1 5.67569E-1 4.31982E-1 6.44415E-1 6.59704E-1 4.87643E-1 4.33581E-1 4.17606E-1 4.76688E-1 1.99322E-1 2.68775E-1 2.58086E-1 1.95957E-1 2.18082E-1 2.21459E-1 2.5823E-1 2.79188E-1 3.75202E-1 2.77916E-1 2.13043E-1 3.36795E-1 3.60879E-1 3.47976E-1 2.24345E-1 3.14998E-1 3.94973E-1 2.70413E-1 3.0926E-1 4.81382E-1 4.99026E-1 4.51822E-1 4.13774E-1 4.14161E-1 3.93505E-1 3.17466E-1 3.52617E-1 3.14805E-1 2.85557E-1 4.48624E-1 2.65766E-1 1.77935E-1
