Phytophthora/models/20240429_1812_56/Phytophthora_PA3_RUN8_MAXENT_outputs/Phytophthora_PA3_RUN8.asc
ncols         225
nrows         269
xllcorner     473000.0
yllcorner     4429100.0
cellsize      50.0
NODATA_value  -9999
[rows 135 to 161 of 269, columns 60 to 119 of 225]
2.51225E-1 1.77255E-1 3.0566E-1 3.56311E-1 3.66612E-1 4.1779E-1 4.49224E-1 4.58289E-1 5.00219E-1 4.86469E-1 5.1955E-1 5.67343E-1 4.36404E-1 4.45605E-1 5.16804E-1 6.13537E-1 6.10503E-1 6.05446E-1 5.8948E-1 5.35127E-1 5.02254E-1 5.23536E-1 6.04448E-1 5.30254E-1 4.77667E-1 4.13834E-1 4.27265E-1 3.73826E-1 2.87471E-1 2.25266E-1 1.87681E-1 1.55066E-1 1.45319E-1 1.63774E-1 1.98415E-1 2.0975E-1 3.11849E-1 3.55552E-1 3.99626E-1 2.56527E-1 3.38634E-1 3.40646E-1 3.23738E-1 3.1229E-1 3.48491E-1 2.45346E-1 2.83686E-1 4.06659E-1 4.43023E-1 4.75888E-1 4.5153E-1 4.44439E-1 2.37654E-1 4.31035E-1 3.79244E-1 3.49804E-1 2.54972E-1 2.43375E-1 2.3212E-1 2.21515E-1
2.5822E-1 3.8966E-1 4.19479E-1 4.16074E-1 4.04549E-1 2.20623E-1 5.08265E-1 5.21325E-1 4.64127E-1 4.23175E-1 4.62258E-1 4.94135E-1 3.36012E-1 2.09825E-1 4.24718E-1 6.41474E-1 6.82406E-1 6.74794E-1 6.3709E-1 5.6609E-1 5.74537E-1 5.83958E-1 5.29424E-1 5.66916E-1 5.69779E-1 5.05977E-1 6.08445E-1 5.40583E-1 4.25279E-1 3.38524E-1 2.28437E-1 1.91586E-1 1.92173E-1 1.94707E-1 2.78608E-1 3.23059E-1 4.37838E-1 5.31116E-1 5.2911E-1 5.44715E-1 4.96668E-1 5.29341E-1 5.07607E-1 5.26823E-1 5.40388E-1 3.91973E-1 4.18346E-1 5.35604E-1 6.11817E-1 6.18979E-1 5.80652E-1 5.53908E-1 5.70794E-1 5.67308E-1 5.3432E-1 3.02264E-1 3.81015E-1 3.18039E-1 3.02101E-1 3.27762E-1
2.96132E-1 4.82026E-1 2.35179E-1 2.66846E-1 1.72087E-1 4.26819E-1 4.72206E-1 4.81175E-1 4.29784E-1 4.03103E-1 4.62304E-1 4.33077E-1 2.67712E-1 3.41317E-1 3.46418E-1 5.99015E-1 6.25414E-1 5.82194E-1 5.83289E-1 5.73047E-1 5.96111E-1 6.20162E-1 6.50028E-1 6.31716E-1 5.34096E-1 4.964E-1 2.73509E-1 4.82474E-1 3.87529E-1 3.07688E-1 2.16787E-1 1.94346E-1 2.0011E-1 2.35276E-1 3.10442E-1 3.85533E-1 4.61551E-1 5.22223E-1 5.87552E-1 5.58104E-1 5.48025E-1 5.31904E-1 5.38775E-1 5.51038E-1 5.79194E-1 4.31199E-1 3.80442E-1 5.5382E-1 5.73475E-1 5.58039E-1 5.82504E-1 5.07524E-1 5.2702E-1 5.14715E-1 5.11368E-1 2.77876E-1 3.35252E-1 3.18099E-1 3.07521E-1 3.34391E-1
2.54864E-1 2.81336E-1 3.77135E-1 3.48335E-1 3.57094E-1 4.13188E-1 3.35593E-1 2.76814E-1 3.01117E-1 4.40069E-1 2.2998E-1 3.2193E-1 3.32232E-1 3.4577E-1 3.79026E-1 5.85701E-1 6.38889E-1 6.42559E-1 7.00221E-1 6.99815E-1 6.82558E-1 6.97405E-1 6.43655E-1 6.27419E-1 5.3412E-1 2.5297E-1 5.00265E-1 4.57945E-1 3.69644E-1 2.9084E-1 2.08358E-1 1.94125E-1 2.19627E-1 2.6628E-1 3.63493E-1 4.32019E-1 5.53402E-1 5.49999E-1 5.66545E-1 5.94577E-1 6.13247E-1 5.00793E-1 5.11987E-1 4.88967E-1 4.52373E-1 4.99339E-1 4.48145E-1 5.01498E-1 5.06321E-1 5.36451E-1 5.38456E-1 4.46845E-1 4.21964E-1 5.09501E-1 4.67688E-1 1.81731E-1 3.40196E-1 2.84673E-1 2.85515E-1 3.0322E-1
4.21166E-1 5.31394E-1 3.93222E-1 3.65025E-1 3.72083E-1 4.20503E-1 3.56147E-1 2.63062E-1 2.11527E-1 3.6857E-1 4.05788E-1 2.9091E-1 1.81707E-1 1.97447E-1 2.6616E-1 5.42994E-1 6.21036E-1 6.8042E-1 7.27548E-1 7.28785E-1 6.56097E-1 5.99153E-1 6.03159E-1 2.70046E-1 5.18378E-1 4.41648E-1 4.27188E-1 3.90606E-1 3.14378E-1 2.43717E-1 2.05904E-1 1.92926E-1 2.41617E-1 2.86764E-1 3.95581E-1 4.47458E-1 5.83806E-1 6.27523E-1 5.65568E-1 6.63937E-1 3.27105E-1 4.59085E-1 4.78313E-1 4.8284E-1 4.78855E-1 4.99029E-1 5.32427E-1 4.88523E-1 4.61611E-1 5.07024E-1 5.11341E-1 4.45173E-1 3.03151E-1 5.03245E-1 4.94799E-1 3.40601E-1 3.30521E-1 3.0709E-1 3.18606E-1 3.50728E-1
1.94601E-1 2.2412E-1 3.36379E-1 3.53219E-1 3.21963E-1 4.14987E-1 3.58247E-1 3.11219E-1 2.35309E-1 2.02849E-1 2.11715E-1 1.77884E-1 2.04161E-1 2.43898E-1 2.80361E-1 5.35656E-1 6.65268E-1 7.26172E-1 7.55233E-1 7.13809E-1 6.39674E-1 6.06238E-1 6.07673E-1 5.54545E-1 4.83002E-1 4.23616E-1 4.12553E-1 3.50673E-1 2.60866E-1 2.17134E-1 2.09103E-1 2.41052E-1 2.98319E-1 3.01153E-1 4.10163E-1 4.79182E-1 5.97478E-1 6.44263E-1 6.81928E-1 7.16372E-1 5.65371E-1 5.3701E-1 5.22854E-1 5.07578E-1 4.86629E-1 4.61909E-1 4.71679E-1 4.54015E-1 4.05899E-1 4.82039E-1 4.66671E-1 4.28751E-1 5.72737E-1 6.68247E-1 3.88168E-1 3.31633E-1 3.62506E-1 3.53316E-1 3.49298E-1 3.64848E-1
3.22614E-1 2.32052E-1 3.72276E-1 4.20882E-1 2.52549E-1 4.48279E-1 3.98771E-1 3.15157E-1 2.45148E-1 1.9207E-1 2.22146E-1 2.13186E-1 2.8492E-1 2.97991E-1 2.99073E-1 4.42043E-1 5.77806E-1 6.13949E-1 6.63022E-1 6.29976E-1 6.56703E-1 6.0091E-1 2.88872E-1 4.92804E-1 4.29265E-1 3.82613E-1 3.57089E-1 2.92899E-1 2.30349E-1 2.17808E-1 2.77503E-1 3.22329E-1 3.89004E-1 3.93541E-1 4.39773E-1 5.16291E-1 6.18173E-1 7.02608E-1 7.06969E-1 7.59015E-1 6.81621E-1 3.41726E-1 6.11763E-1 5.79076E-1 5.06231E-1 4.283E-1 3.94255E-1 3.59247E-1 3.60074E-1 3.65318E-1 4.11566E-1 4.01703E-1 6.12276E-1 5.35773E-1 4.08257E-1 5.35148E-1 5.17969E-1 4.72317E-1 4.60972E-1 4.82602E-1
3.39063E-1 3.9898E-1 4.14076E-1 3.98023E-1 3.95104E-1 4.63877E-1 4.20505E-1 3.31513E-1 2.52782E-1 2.53424E-1 2.88628E-1 2.71185E-1 2.9994E-1 3.34566E-1 3.76122E-1 4.27789E-1 5.3226E-1 5.96694E-1 6.46627E-1 5.96115E-1 4.47273E-1 4.63905E-1 5.47616E-1 4.65157E-1 4.13532E-1 3.71846E-1 2.99311E-1 2.5179E-1 2.16884E-1 2.44126E-1 3.27536E-1 3.85393E-1 4.47306E-1 4.62812E-1 5.09128E-1 5.09006E-1 6.31002E-1 5.40652E-1 7.22025E-1 7.44133E-1 6.78411E-1 6.57026E-1 6.16469E-1 5.73489E-1 4.95633E-1 4.2119E-1 3.83455E-1 3.45073E-1 3.80002E-1 3.85188E-1 4.86252E-1 4.20374E-1 4.96602E-1 5.05217E-1 5.0523E-1 5.27047E-1 4.99872E-1 4.67521E-1 4.39729E-1 4.55556E-1
1.33656E-1 3.92889E-1 5.07088E-1 4.25179E-1 4.46328E-1 4.95878E-1 3.98921E-1 3.21873E-1 2.74426E-1 1.82775E-1 1.65842E-1 3.08233E-1 3.62296E-1 4.15721E-1 4.65091E-1 5.00232E-1 4.74112E-1 6.30794E-1 6.2823E-1 6.62418E-1 6.32201E-1 5.63854E-1 4.98143E-1 4.41864E-1 3.80129E-1 3.53928E-1 2.66154E-1 2.07832E-1 2.19919E-1 2.75891E-1 3.80957E-1 4.60736E-1 5.00159E-1 5.27246E-1 5.56293E-1 5.77684E-1 6.05099E-1 7.12181E-1 7.4959E-1 7.52603E-1 6.37525E-1 6.16862E-1 5.76476E-1 5.47401E-1 5.1791E-1 3.92325E-1 3.4388E-1 3.642E-1 4.08184E-1 3.64141E-1 5.06442E-1 4.04264E-1 5.66921E-1 5.21234E-1 5.16846E-1 5.13059E-1 4.83428E-1 4.31356E-1 4.39516E-1 4.75959E-1
1.4987E-1 2.66269E-1 3.78569E-1 4.49005E-1 4.76584E-1 4.93739E-1 4.04563E-1 3.62994E-1 3.15367E-1 2.41658E-1 2.01874E-1 3.43795E-1 4.01515E-1 4.39367E-1 4.85855E-1 4.99632E-1 5.05541E-1 4.96213E-1 6.22898E-1 6.30368E-1 5.7955E-1 5.08861E-1 4.36997E-1 3.95104E-1 3.3855E-1 3.31631E-1 2.23609E-1 2.05713E-1 2.57072E-1 3.09808E-1 4.56653E-1 5.18361E-1 5.2575E-1 5.22151E-1 5.70831E-1 3.74294E-1 6.41914E-1 6.99463E-1 5.44272E-1 7.61383E-1 6.79405E-1 5.90244E-1 5.27282E-1 5.32014E-1 5.07796E-1 3.77483E-1 3.06005E-1 3.60924E-1 4.23722E-1 3.76607E-1 5.13995E-1 3.97671E-1 5.94684E-1 5.04945E-1 4.58422E-1 4.3506E-1 4.12726E-1 4.03837E-1 4.13652E-1 5.30931E-1
3.72782E-1 2.2149E-1 4.42431E-1 5.12335E-1 5.27004E-1 5.38739E-1 4.44422E-1 4.10519E-1 3.50608E-1 2.95818E-1 2.77369E-1 3.96261E-1 4.19105E-1 4.63047E-1 4.98102E-1 5.20687E-1 2.67094E-1 4.9014E-1 4.77786E-1 6.02312E-1 5.66305E-1 4.59094E-1 3.92785E-1 3.50574E-1 3.17944E-1 3.04685E-1 2.27013E-1 2.12101E-1 2.73058E-1 3.51102E-1 4.62012E-1 4.96506E-1 4.9701E-1 4.85714E-1 5.40306E-1 5.79877E-1 6.16251E-1 4.64147E-1 7.08996E-1 7.37301E-1 7.25552E-1 6.08977E-1 5.09014E-1 5.02706E-1 4.63775E-1 3.55154E-1 3.00507E-1 3.21348E-1 5.86382E-1 4.2309E-1 5.55289E-1 6.26516E-1 5.3766E-1 5.68375E-1 5.26073E-1 4.96662E-1 4.67581E-1 4.62484E-1 4.58718E-1 5.04414E-1
5.00469E-1 5.5388E-1 5.44071E-1 5.66578E-1 5.72591E-1 3.74162E-1 4.71033E-1 4.62161E-1 4.35484E-1 3.51363E-1 4.28116E-1 4.05994E-1 4.28723E-1 4.25834E-1 4.77143E-1 5.74892E-1 6.22255E-1 5.82318E-1 5.26725E-1 6.4385E-1 5.05563E-1 4.37452E-1 3.56946E-1 3.34646E-1 3.19548E-1 2.42385E-1 1.84832E-1 1.81166E-1 2.28868E-1 2.912E-1 4.29945E-1 4.33813E-1 4.30734E-1 4.36722E-1 4.93865E-1 5.76221E-1 6.15693E-1 6.0804E-1 5.28521E-1 6.96316E-1 7.28064E-1 6.91689E-1 5.6633E-1 5.33417E-1 4.73173E-1 1.91209E-1 3.3311E-1 3.348E-1 5.09712E-1 5.44725E-1 6.25501E-1 5.99441E-1 5.32555E-1 3.42708E-1 5.46169E-1 4.75237E-1 4.33763E-1 3.8608E-1 2.3156E-1 4.58573E-1
3.19215E-1 5.22275E-1 4.39844E-1 5.31843E-1 5.06422E-1 4.59425E-1 2.79778E-1 4.95716E-1 4.82957E-1 3.84793E-1 2.58688E-1 5.04477E-1 4.73211E-1 4.63832E-1 4.89809E-1 5.9157E-1 6.31542E-1 5.68367E-1 5.2751E-1 4.80275E-1 5.11057E-1 4.22566E-1 3.24562E-1 3.0263E-1 3.16914E-1 2.42136E-1 1.89868E-1 2.00151E-1 2.28096E-1 3.08161E-1 4.22113E-1 4.43923E-1 4.1309E-1 4.18579E-1 4.80668E-1 5.91402E-1 6.23954E-1 6.26785E-1 6.03775E-1 5.42419E-1 7.22132E-1 6.86325E-1 6.32608E-1 3.39806E-1 2.65398E-1 1.59761E-1 3.74387E-1 3.13052E-1 4.42632E-1 4.85214E-1 4.11231E-1 4.38285E-1 4.82446E-1 5.23066E-1 5.28994E-1 3.39011E-1 4.81334E-1 4.62935E-1 3.96803E-1 2.33409E-1
4.03494E-1 3.34356E-1 3.89201E-1 4.50429E-1 4.13916E-1 4.14605E-1 4.55792E-1 5.10054E-1 5.12359E-1 4.15306E-1 2.64743E-1 3.50779E-1 5.01333E-1 5.08503E-1 5.28675E-1 6.32674E-1 5.29496E-1 5.8662E-1 5.68085E-1 5.46022E-1 5.12741E-1 4.23442E-1 3.38095E-1 3.27984E-1 3.75067E-1 2.78653E-1 2.20769E-1 2.30263E-1 2.26293E-1 3.28154E-1 4.09474E-1 4.45128E-1 4.1022E-1 4.08128E-1 5.04144E-1 5.90132E-1 6.15896E-1 5.89646E-1 5.51004E-1 5.25972E-1 5.51688E-1 6.50661E-1 5.18004E-1 5.90995E-1 3.15153E-1 2.16367E-1 2.18691E-1 2.07104E-1 2.81463E-1 3.62666E-1 3.70175E-1 4.0591E-1 4.52253E-1 5.02439E-1 4.92495E-1 4.50931E-1 4.60425E-1 4.55524E-1 3.57453E-1 2.75254E-1
3.98868E-1 3.16025E-1 3.39061E-1 3.31554E-1 3.43216E-1 3.83155E-1 4.26965E-1 5.71618E-1 2.22626E-1 5.24355E-1 4.19357E-1 4.23277E-1 5.28241E-1 5.55294E-1 3.61665E-1 6.68388E-1 3.82452E-1 5.6885E-1 5.58632E-1 6.07505E-1 5.51413E-1 4.62719E-1 3.84555E-1 3.86629E-1 4.42802E-1 3.32221E-1 2.8479E-1 3.17266E-1 2.87761E-1 3.48032E-1 3.88758E-1 4.15384E-1 4.2289E-1 4.20498E-1 5.32645E-1 5.71282E-1 5.81391E-1 5.32941E-1 4.99244E-1 4.8945E-1 5.22002E-1 5.40934E-1 6.34995E-1 3.57934E-1 2.8848E-1 1.98333E-1 1.69579E-1 2.27104E-1 2.56089E-1 4.79806E-1 2.58794E-1 3.38433E-1 3.93559E-1 4.03641E-1 4.53452E-1 4.06099E-1 4.16077E-1 3.85131E-1 2.9698E-1 2.47307E-1
4.72881E-1 3.75018E-1 3.7346E-1 3.73694E-1 3.7098E-1 3.93591E-1 4.22008E-1 3.94706E-1 5.54406E-1 3.97585E-1 5.23804E-1 4.94797E-1 5.4001E-1 2.84573E-1 5.67104E-1 6.74495E-1 6.27532E-1 5.58335E-1 5.16826E-1 5.78484E-1 5.7359E-1 4.95721E-1 4.47803E-1 4.70262E-1 5.12019E-1 3.91355E-1 3.66419E-1 3.91433E-1 3.47699E-1 4.02454E-1 4.0118E-1 3.92339E-1 4.21645E-1 4.48928E-1 5.37182E-1 5.44193E-1 5.30539E-1 4.80373E-1 4.52901E-1 4.438E-1 4.84504E-1 3.23114E-1 3.9244E-1 3.46711E-1 3.0242E-1 2.12E-1 1.80685E-1 3.94176E-1 3.41544E-1 3.02256E-1 4.34221E-1 2.65164E-1 3.59161E-1 4.34927E-1 4.20981E-1 3.62473E-1 3.62599E-1 2.99991E-1 2.46574E-1 2.5309E-1
5.58348E-1 4.2881E-1 4.63518E-1 4.89353E-1 4.6462E-1 4.70739E-1 4.79884E-1 5.02454E-1 6.10114E-1 6.3177E-1 7.51025E-1 7.33452E-1 7.0336E-1 7.27304E-1 7.2271E-1 7.17426E-1 6.72867E-1 6.26387E-1 5.73425E-1 5.67147E-1 7.1521E-1 6.92206E-1 6.24651E-1 7.08321E-1 6.64635E-1 5.87758E-1 5.8237E-1 5.45396E-1 5.44697E-1 5.56108E-1 5.70944E-1 5.60264E-1 5.41424E-1 5.79836E-1 6.26494E-1 6.5383E-1 6.35789E-1 5.92897E-1 5.58211E-1 5.08384E-1 4.21814E-1 3.44638E-1 3.98635E-1 3.64875E-1 3.32996E-1 3.12797E-1 2.36397E-1 1.95946E-1 3.29002E-1 2.83995E-1 2.11905E-1 2.61928E-1 2.83636E-1 3.1101E-1 3.58367E-1 4.50613E-1 4.33846E-1 4.26375E-1 4.82998E-1 4.92492E-1
4.91335E-1 5.32353E-1 5.6713E-1 5.88014E-1 5.33857E-1 5.23602E-1 3.49327E-1 5.06579E-1 5.93738E-1 6.47536E-1 4.8914E-1 6.81563E-1 7.62202E-1 7.29757E-1 7.11058E-1 6.72667E-1 6.19253E-1 5.91701E-1 6.04933E-1 5.96976E-1 7.14542E-1 6.9807E-1 7.0347E-1 7.57831E-1 6.98225E-1 6.35225E-1 6.27146E-1 5.87625E-1 5.84998E-1 5.76871E-1 6.28676E-1 6.08901E-1 5.64276E-1 6.10943E-1 6.53505E-1 7.10389E-1 6.78641E-1 6.22134E-1 5.4808E-1 5.05008E-1 2.9851E-1 3.9303E-1 4.0178E-1 3.80487E-1 3.80244E-1 3.98739E-1 3.41849E-1 2.71125E-1 3.53453E-1 3.05756E-1 2.24588E-1 4.7158E-1 2.50445E-1 2.79698E-1 3.23266E-1 3.97526E-1 4.14569E-1 4.52239E-1 5.13796E-1 5.04025E-1
5.31944E-1 5.87365E-1 6.12809E-1 4.25902E-1 2.88088E-1 5.44144E-1 4.66213E-1 5.11346E-1 5.4121E-1 6.03088E-1 7.62756E-1 7.77448E-1 7.61565E-1 7.15738E-1 6.86637E-1 6.41068E-1 6.40032E-1 6.5962E-1 7.01642E-1 7.00879E-1 7.33898E-1 5.6688E-1 7.66042E-1 7.80025E-1 7.23137E-1 6.98173E-1 6.85107E-1 6.36736E-1 6.31921E-1 6.22894E-1 6.67624E-1 6.49356E-1 5.33333E-1 6.28587E-1 6.76564E-1 7.26309E-1 7.31114E-1 7.30287E-1 6.14289E-1 4.1581E-1 3.58544E-1 3.97714E-1 3.77701E-1 3.57566E-1 3.6798E-1 4.12715E-1 4.50363E-1 4.54304E-1 3.78875E-1 3.44003E-1 2.93772E-1 2.41236E-1 2.16211E-1 2.17144E-1 2.52678E-1 3.53003E-1 4.05206E-1 4.25564E-1 4.49874E-1 3.93193E-1
5.50095E-1 6.27785E-1 4.54429E-1 6.29932E-1 5.72905E-1 4.95472E-1 4.66842E-1 4.83602E-1 5.0658E-1 5.75785E-1 7.54467E-1 7.89415E-1 7.77644E-1 7.23871E-1 6.9911E-1 6.82635E-1 6.99115E-1 7.30473E-1 7.92431E-1 7.87756E-1 7.58077E-1 7.70326E-1 7.94288E-1 7.87002E-1 7.39428E-1 7.42932E-1 7.22521E-1 6.83816E-1 6.70319E-1 6.62052E-1 6.91542E-1 6.53291E-1 5.1682E-1 6.60228E-1 7.07422E-1 7.27489E-1 7.52167E-1 7.51592E-1 5.75719E-1 6.29197E-1 4.96045E-1 4.88463E-1 4.33745E-1 4.19199E-1 4.32311E-1 4.58059E-1 4.95474E-1 4.93197E-1 4.83807E-1 4.85745E-1 2.90417E-1 2.65895E-1 2.91523E-1 3.11721E-1 3.22657E-1 4.33077E-1 4.03497E-1 4.71724E-1 4.83216E-1 5.21846E-1
5.80266E-1 6.34466E-1 5.00202E-1 5.78451E-1 4.7325E-1 4.02554E-1 4.48108E-1 4.85457E-1 4.47995E-1 5.66211E-1 7.41078E-1 7.62416E-1 7.15706E-1 7.36494E-1 7.09036E-1 7.14512E-1 7.20934E-1 7.05712E-1 7.75544E-1 7.95708E-1 7.7708E-1 7.69555E-1 7.80611E-1 7.78977E-1 7.62271E-1 7.74488E-1 7.60679E-1 7.25771E-1 6.93023E-1 6.70353E-1 6.90666E-1 6.34541E-1 6.21303E-1 6.64284E-1 7.17745E-1 7.46863E-1 7.754E-1 6.92341E-1 8.13383E-1 7.34281E-1 5.50962E-1 4.8108E-1 4.71691E-1 5.12555E-1 5.29781E-1 5.14479E-1 5.49277E-1 5.44526E-1 5.69155E-1 5.17587E-1 3.54297E-1 4.09594E-1 3.796E-1 3.04917E-1 3.71366E-1 4.6705E-1 5.07946E-1 5.45312E-1 5.41632E-1 5.21057E-1
5.70941E-1 3.56611E-1 5.7557E-1 5.10909E-1 4.12116E-1 3.55865E-1 3.40822E-1 4.36498E-1 4.97969E-1 5.47756E-1 5.5691E-1 5.80019E-1 3.56413E-1 5.45388E-1 5.66054E-1 7.01713E-1 4.44051E-1 7.43902E-1 7.20305E-1 7.23618E-1 4.99159E-1 7.69287E-1 7.81125E-1 7.42749E-1 7.51121E-1 7.90462E-1 7.64446E-1 7.51866E-1 7.22186E-1 6.79114E-1 6.70332E-1 6.58688E-1 6.37123E-1 6.83169E-1 7.24797E-1 6.35375E-1 7.41564E-1 6.85117E-1 6.76055E-1 6.24664E-1 6.06439E-1 6.19205E-1 6.22781E-1 6.4407E-1 5.87023E-1 4.61158E-1 4.31858E-1 4.89058E-1 5.22981E-1 5.33014E-1 6.18983E-1 5.24784E-1 6.23612E-1 5.88884E-1 5.33253E-1 4.09168E-1 4.50719E-1 4.06342E-1 5.07169E-1 4.9255E-1
4.9821E-1 4.30096E-1 5.22978E-1 4.55172E-1 3.8067E-1 3.43028E-1 2.79675E-1 2.69379E-1 5.10027E-1 5.17611E-1 5.32267E-1 5.52726E-1 3.73823E-1 5.24459E-1 5.73357E-1 7.00629E-1 6.57489E-1 7.49329E-1 6.8997E-1 6.48838E-1 7.09866E-1 7.95393E-1 7.71489E-1 7.61702E-1 7.53213E-1 7.93569E-1 7.70979E-1 7.65573E-1 7.2443E-1 6.70451E-1 6.6512E-1 6.22281E-1 6.35168E-1 6.59272E-1 7.07317E-1 6.28166E-1 6.62858E-1 6.70026E-1 6.78497E-1 6.00007E-1 5.73028E-1 6.2726E-1 6.5137E-1 6.56768E-1 6.04083E-1 5.25175E-1 5.42726E-1 5.42122E-1 5.22954E-1 5.31099E-1 6.56578E-1 6.69608E-1 6.33164E-1 5.9708E-1 5.18657E-1 3.88394E-1 4.66477E-1 5.23336E-1 4.88036E-1 4.01303E-1
2.8202E-1 5.84601E-1 5.07947E-1 4.47223E-1 3.60448E-1 3.12306E-1 2.64822E-1 2.011E-1 4.82845E-1 5.25637E-1 5.3029E-1 5.49264E-1 2.97013E-1 4.7003E-1 5.64382E-1 6.72986E-1 6.22298E-1 7.2361E-1 6.39928E-1 6.24489E-1 8.03343E-1 8.1158E-1 7.99805E-1 7.8492E-1 7.73013E-1 7.81463E-1 7.62521E-1 7.55102E-1 7.45933E-1 6.85939E-1 6.61262E-1 6.17409E-1 6.12249E-1 6.08214E-1 2.63702E-1 4.40978E-1 4.57916E-1 4.39138E-1 7.12877E-1 7.05743E-1 7.45891E-1 7.24508E-1 6.92112E-1 6.90779E-1 6.52905E-1 5.71438E-1 5.29124E-1 4.68552E-1 4.24858E-1 4.43404E-1 5.75226E-1 6.19461E-1 5.97503E-1 5.5709E-1 5.55448E-1 4.98187E-1 5.5605E-1 5.22789E-1 5.39503E-1 5.67888E-1
5.55468E-1 5.22643E-1 4.70325E-1 4.37235E-1 3.48879E-1 3.12869E-1 1.77454E-1 3.23079E-1 3.80509E-1 4.80787E-1 4.82611E-1 5.00566E-1 5.04124E-1 3.9742E-1 5.27636E-1 6.19914E-1 5.93322E-1 6.16453E-1 6.46966E-1 7.74582E-1 8.23566E-1 6.1156E-1 7.44218E-1 8.02196E-1 7.8941E-1 7.86483E-1 7.45412E-1 7.56285E-1 4.98221E-1 7.0467E-1 6.7192E-1 6.51349E-1 6.22448E-1 2.88483E-1 4.98432E-1 5.18236E-1 5.51735E-1 5.63139E-1 8.20467E-1 6.76128E-1 7.16695E-1 7.39671E-1 7.31214E-1 7.24106E-1 6.82237E-1 5.97814E-1 5.42495E-1 4.56777E-1 3.5256E-1 3.59415E-1 4.77375E-1 5.37282E-1 5.9251E-1 6.67297E-1 6.24714E-1 4.93819E-1 4.99918E-1 5.15128E-1 5.70527E-1 5.95295E-1
5.17578E-1 4.86584E-1 4.50636E-1 4.0706E-1 3.19977E-1 3.40664E-1 3.47311E-1 5.16408E-1 5.06883E-1 5.43041E-1 5.24465E-1 4.82569E-1 4.65341E-1 4.614E-1 4.66134E-1 4.91194E-1 6.9619E-1 5.82362E-1 7.26796E-1 7.66353E-1 7.68994E-1 7.35233E-1 7.64539E-1 7.75725E-1 7.89237E-1 7.31899E-1 7.3855E-1 5.5944E-1 7.42636E-1 7.04591E-1 6.66051E-1 6.23292E-1 5.97959E-1 4.37473E-1 6.13825E-1 6.26599E-1 6.20579E-1 5.62112E-1 2.67448E-1 4.20829E-1 3.55035E-1 6.80722E-1 7.36552E-1 7.75296E-1 7.04654E-1 6.14101E-1 5.50518E-1 4.43147E-1 3.69534E-1 2.71715E-1 2.05255E-1 3.11608E-1 6.52542E-1 6.69394E-1 5.87728E-1 4.12257E-1 4.07661E-1 4.02116E-1 5.32866E-1 5.82114E-1
4.66049E-1 4.23462E-1 4.16315E-1 4.25349E-1 3.67459E-1 3.58132E-1 5.40284E-1 5.55702E-1 5.40359E-1 4.3565E-1 4.9638E-1 4.87071E-1 4.76118E-1 3.258E-1 5.5174E-1 4.70985E-1 6.58198E-1 6.49613E-1 7.01259E-1 7.15779E-1 6.80587E-1 6.7243E-1 7.04562E-1 6.19463E-1 7.61982E-1 7.42729E-1 7.21593E-1 7.01758E-1 6.03061E-1 6.3329E-1 5.89306E-1 5.21566E-1 5.71753E-1 5.37475E-1 6.60217E-1 6.79127E-1 6.92496E-1 6.91278E-1 6.62294E-1 6.16276E-1 5.20253E-1 5.4334E-1 5.75549E-1 5.96105E-1 3.76407E-1 5.84922E-1 4.8143E-1 3.82241E-1 3.43507E-1 2.83346E-1 1.44673E-1 2.12407E-1 3.15229E-1 2.67214E-1 2.96565E-1 2.67402E-1 2.72684E-1 2.68001E-1 4.45483E-1 5.29635E-1
