Phytophthora/models/20240429_1812_56/Phytophthora_PA3_RUN8_MAXENT_outputs/Phytophthora_PA3_RUN8.asc
ncols         225
nrows         269
xllcorner     473000.0
yllcorner     4429100.0
cellsize      50.0
NODATA_value  -9999
[rows 162 to 188 of 269, columns 60 to 119 of 225]
3.76838E-1 2.10804E-1 3.30359E-1 3.29346E-1 3.57356E-1 3.47501E-1 4.70865E-1 4.72466E-1 4.48559E-1 4.4221E-1 3.34307E-1 4.76284E-1 5.01207E-1 3.64894E-1 5.61755E-1 5.50801E-1 6.49895E-1 6.15531E-1 6.22597E-1 6.53544E-1 6.24238E-1 6.09688E-1 6.07833E-1 5.01639E-1 7.53205E-1 6.85557E-1 5.98547E-1 5.40889E-1 6.93851E-1 6.25661E-1 5.72242E-1 5.16588E-1 5.58613E-1 6.17E-1 6.55248E-1 6.51166E-1 6.42487E-1 6.44815E-1 6.08484E-1 5.81901E-1 5.13318E-1 4.79447E-1 3.18408E-1 4.84357E-1 4.4332E-1 4.16956E-1 3.84878E-1 3.30416E-1 3.05014E-1 2.58079E-1 1.4206E-1 2.06024E-1 2.21868E-1 1.31359E-1 1.49902E-1 2.72939E-1 3.06578E-1 3.1813E-1 3.34019E-1 5.73377E-1
2.00635E-1 4.11269E-1 4.41484E-1 4.00601E-1 3.77426E-1 2.86896E-1 2.22675E-1 3.62549E-1 4.70913E-1 4.90458E-1 4.63258E-1 4.29259E-1 4.71177E-1 5.18103E-1 5.20201E-1 5.31167E-1 6.75959E-1 6.34044E-1 5.8416E-1 6.04293E-1 5.69468E-1 5.46662E-1 5.91505E-1 6.90651E-1 6.78805E-1 6.60344E-1 4.4093E-1 6.13668E-1 6.64045E-1 6.09768E-1 5.73411E-1 5.09695E-1 4.45025E-1 5.17745E-1 5.54547E-1 6.06555E-1 6.35863E-1 6.91409E-1 7.19144E-1 7.0849E-1 3.30659E-1 5.85765E-1 5.42788E-1 5.21602E-1 4.76023E-1 5.01126E-1 4.79833E-1 4.56904E-1 4.27642E-1 3.43654E-1 1.9773E-1 2.66924E-1 1.84869E-1 1.38463E-1 1.72673E-1 1.91484E-1 2.83648E-1 3.45108E-1 5.24315E-1 5.98897E-1
4.07252E-1 4.06764E-1 3.54356E-1 3.7579E-1 4.47699E-1 4.13646E-1 4.26498E-1 4.4384E-1 4.48879E-1 2.70449E-1 4.93235E-1 4.03541E-1 3.79652E-1 4.15849E-1 3.9566E-1 -9999 5.97291E-1 5.13322E-1 5.62747E-1 5.817E-1 5.18918E-1 5.07562E-1 5.05341E-1 7.17949E-1 6.72486E-1 6.71154E-1 6.9241E-1 5.93439E-1 6.77786E-1 6.21892E-1 5.92579E-1 5.17923E-1 4.62893E-1 5.7467E-1 6.1047E-1 6.83433E-1 7.23233E-1 7.63682E-1 7.92145E-1 7.76557E-1 6.60977E-1 5.31478E-1 4.29397E-1 3.99599E-1 3.86748E-1 4.31002E-1 4.38234E-1 4.26228E-1 4.01729E-1 3.15672E-1 1.90334E-1 1.11586E-1 2.4415E-1 3.09864E-1 2.94178E-1 2.57398E-1 3.12397E-1 5.01368E-1 5.6707E-1 3.97779E-1
3.47901E-1 3.77344E-1 4.76945E-1 5.53519E-1 4.78874E-1 4.52543E-1 4.78135E-1 4.44058E-1 4.40543E-1 4.59698E-1 5.43613E-1 4.62875E-1 3.51953E-1 3.28147E-1 3.20897E-1 3.33027E-1 4.59384E-1 5.29883E-1 6.32876E-1 6.40871E-1 5.5856E-1 4.9481E-1 6.14967E-1 6.72013E-1 6.61592E-1 6.64835E-1 6.68795E-1 4.88777E-1 6.54029E-1 6.07119E-1 6.07692E-1 5.72242E-1 4.03919E-1 5.85483E-1 6.44664E-1 7.22266E-1 7.71394E-1 8.14328E-1 7.51952E-1 7.99308E-1 6.58725E-1 5.78186E-1 4.70973E-1 4.18667E-1 4.0149E-1 4.32524E-1 4.23456E-1 4.29416E-1 4.11699E-1 3.56684E-1 2.75875E-1 2.66036E-1 2.42279E-1 2.77197E-1 3.11103E-1 3.00597E-1 4.94617E-1 4.87197E-1 5.79243E-1 5.5379E-1
3.79746E-1 4.24619E-1 4.88274E-1 5.1976E-1 5.25661E-1 5.05806E-1 4.94582E-1 4.57425E-1 4.55665E-1 4.98476E-1 6.37571E-1 5.81578E-1 5.31135E-1 4.83973E-1 4.9334E-1 5.83842E-1 4.79944E-1 6.82027E-1 7.92393E-1 7.68878E-1 6.94955E-1 5.29282E-1 5.26954E-1 5.13846E-1 7.22329E-1 5.56283E-1 6.27E-1 6.43976E-1 6.60676E-1 6.11833E-1 6.00514E-1 5.78729E-1 5.72028E-1 5.65105E-1 5.8297E-1 5.7287E-1 6.41028E-1 6.90578E-1 6.16471E-1 5.35028E-1 5.84338E-1 5.8137E-1 5.10524E-1 4.33823E-1 4.01291E-1 4.0885E-1 4.0546E-1 4.06885E-1 4.29923E-1 4.23015E-1 2.96713E-1 3.05516E-1 3.29527E-1 3.66642E-1 4.27571E-1 5.19987E-1 6.13682E-1 5.46319E-1 4.02007E-1 5.02031E-1
4.20109E-1 4.6931E-1 5.0477E-1 5.08544E-1 5.57342E-1 5.53944E-1 5.22383E-1 4.80461E-1 4.37308E-1 5.03808E-1 4.47303E-1 6.3543E-1 6.05261E-1 5.5458E-1 5.86335E-1 7.34493E-1 7.05724E-1 7.34573E-1 8.06635E-1 7.93148E-1 6.66363E-1 5.7909E-1 5.35338E-1 6.57313E-1 7.42512E-1 5.88685E-1 5.80701E-1 6.13999E-1 5.40173E-1 6.42139E-1 5.70475E-1 5.88158E-1 5.1278E-1 5.57061E-1 5.60707E-1 5.36642E-1 5.82129E-1 4.01437E-1 5.50847E-1 5.24791E-1 6.15099E-1 5.81401E-1 5.26857E-1 4.51907E-1 4.12456E-1 3.98087E-1 3.88337E-1 3.78854E-1 4.17488E-1 3.44487E-1 2.67792E-1 3.31276E-1 3.59223E-1 4.1053E-1 4.70067E-1 4.50454E-1 4.45858E-1 3.70064E-1 3.13617E-1 2.55221E-1
4.83626E-1 5.48293E-1 5.65417E-1 5.43332E-1 5.74699E-1 5.80099E-1 5.47583E-1 5.06391E-1 4.37553E-1 4.78948E-1 5.84755E-1 6.44239E-1 6.3244E-1 4.82609E-1 6.15363E-1 7.43285E-1 7.93661E-1 6.32449E-1 8.01719E-1 8.17476E-1 6.83748E-1 6.09382E-1 5.43217E-1 6.18683E-1 7.37202E-1 5.11708E-1 5.2907E-1 6.00351E-1 6.21864E-1 5.62512E-1 6.76967E-1 3.74774E-1 5.72403E-1 5.64134E-1 5.70184E-1 5.14597E-1 3.05446E-1 5.01251E-1 4.67511E-1 4.85004E-1 6.31226E-1 5.63348E-1 5.16315E-1 4.42048E-1 4.06906E-1 3.85693E-1 3.60418E-1 3.47855E-1 3.27638E-1 3.42084E-1 2.90699E-1 3.63853E-1 3.94305E-1 4.32744E-1 3.40248E-1 5.77875E-1 3.04658E-1 3.97471E-1 2.94853E-1 2.39035E-1
5.57066E-1 6.29528E-1 5.97509E-1 5.69698E-1 6.21399E-1 3.06099E-1 3.28483E-1 2.89013E-1 4.53036E-1 5.15054E-1 6.13632E-1 6.39601E-1 6.3474E-1 4.85011E-1 5.44397E-1 5.23456E-1 6.56605E-1 7.929E-1 7.02375E-1 7.51756E-1 6.49475E-1 6.22581E-1 5.77749E-1 5.01054E-1 6.33016E-1 4.94827E-1 4.873E-1 5.79696E-1 5.72912E-1 5.74221E-1 7.13528E-1 6.37953E-1 5.22214E-1 3.0359E-1 5.8256E-1 5.49729E-1 3.74233E-1 5.64644E-1 5.53455E-1 6.05146E-1 6.53556E-1 5.92624E-1 5.22107E-1 4.71306E-1 4.38239E-1 3.74923E-1 3.16358E-1 2.92765E-1 3.29823E-1 3.79384E-1 3.22304E-1 3.77518E-1 4.13265E-1 4.10925E-1 6.53653E-1 4.84832E-1 3.7991E-1 4.51538E-1 3.72104E-1 3.94511E-1
5.39161E-1 5.54605E-1 5.4723E-1 5.54181E-1 4.31181E-1 5.13873E-1 4.76849E-1 4.38414E-1 4.35977E-1 4.91231E-1 6.03653E-1 6.29707E-1 6.07097E-1 2.33926E-1 5.18901E-1 7.11596E-1 6.90895E-1 6.42483E-1 6.77095E-1 5.64548E-1 6.00392E-1 4.66564E-1 4.13239E-1 5.81329E-1 6.89376E-1 5.24557E-1 5.58201E-1 6.63744E-1 4.15032E-1 5.48101E-1 5.12341E-1 5.675E-1 6.74169E-1 6.80759E-1 4.62718E-1 3.94226E-1 6.21088E-1 6.63008E-1 6.63192E-1 6.24665E-1 6.48057E-1 6.15219E-1 5.46211E-1 5.1477E-1 4.73441E-1 3.94384E-1 3.34945E-1 2.80504E-1 3.01421E-1 3.80254E-1 3.82904E-1 4.26559E-1 4.46433E-1 4.76891E-1 5.61443E-1 5.51394E-1 5.46404E-1 4.99733E-1 4.34447E-1 3.60019E-1
7.55242E-1 7.51212E-1 7.5354E-1 6.75839E-1 5.42917E-1 6.40444E-1 5.70617E-1 5.63388E-1 5.88238E-1 6.29168E-1 6.18346E-1 5.63196E-1 5.17482E-1 4.37902E-1 5.51014E-1 6.74016E-1 6.22219E-1 6.34169E-1 5.91093E-1 6.32996E-1 2.92284E-1 5.45685E-1 5.7337E-1 5.64486E-1 6.52584E-1 3.13151E-1 5.06511E-1 6.36046E-1 5.11392E-1 3.8003E-1 3.85585E-1 4.55421E-1 6.24194E-1 6.67591E-1 7.11434E-1 7.2989E-1 6.7085E-1 6.6535E-1 6.61256E-1 6.27035E-1 6.10302E-1 5.53764E-1 4.86078E-1 4.56687E-1 4.12915E-1 3.50055E-1 2.87059E-1 2.10133E-1 2.11481E-1 2.5946E-1 2.88449E-1 3.91675E-1 4.50168E-1 5.64671E-1 5.46564E-1 5.43989E-1 5.55531E-1 4.90483E-1 4.24701E-1 4.05066E-1
4.39118E-1 5.65323E-1 6.92383E-1 4.19012E-1 5.77832E-1 5.49919E-1 5.38182E-1 5.32924E-1 5.73612E-1 6.2841E-1 5.66819E-1 5.42352E-1 5.88993E-1 4.25649E-1 6.00719E-1 6.21691E-1 6.88653E-1 5.51039E-1 6.7572E-1 6.3311E-1 5.72077E-1 5.79566E-1 6.27554E-1 4.1919E-1 5.3189E-1 4.53388E-1 5.2902E-1 5.50028E-1 5.5926E-1 5.39189E-1 5.90159E-1 6.61942E-1 6.42349E-1 6.76137E-1 6.91537E-1 6.48179E-1 5.93872E-1 5.65705E-1 6.26619E-1 6.57222E-1 6.59874E-1 5.44442E-1 5.08664E-1 4.72867E-1 4.36763E-1 3.65228E-1 3.01702E-1 1.8401E-1 1.94797E-1 2.43631E-1 2.75078E-1 3.32317E-1 3.9938E-1 4.78167E-1 5.4471E-1 5.38654E-1 4.47082E-1 5.35606E-1 5.08264E-1 4.33654E-1
5.6724E-1 5.54838E-1 5.8186E-1 6.41694E-1 5.38914E-1 5.008E-1 5.10662E-1 5.00344E-1 5.7839E-1 6.09126E-1 5.49511E-1 5.59209E-1 6.12833E-1 3.34987E-1 5.14059E-1 5.81898E-1 6.47125E-1 6.7274E-1 6.62702E-1 6.44411E-1 5.6873E-1 5.26326E-1 5.81446E-1 5.96179E-1 3.49905E-1 4.51627E-1 1.92855E-1 4.55334E-1 5.2516E-1 4.89755E-1 5.44063E-1 5.08536E-1 5.50269E-1 6.06739E-1 5.67414E-1 6.20733E-1 5.41279E-1 4.89385E-1 5.84861E-1 6.07596E-1 5.73308E-1 5.04442E-1 4.51717E-1 4.35019E-1 4.0874E-1 3.26103E-1 2.95854E-1 1.86257E-1 2.626E-1 2.45857E-1 2.51163E-1 2.98491E-1 3.37321E-1 4.00737E-1 5.12489E-1 5.37784E-1 3.18234E-1 5.74075E-1 5.02929E-1 3.94453E-1
4.33474E-1 4.12961E-1 5.95226E-1 5.48341E-1 5.00883E-1 4.66101E-1 4.88891E-1 5.30419E-1 5.82705E-1 6.17906E-1 5.52591E-1 5.84435E-1 6.20618E-1 3.59008E-1 4.82512E-1 7.74051E-1 7.30221E-1 6.78405E-1 7.14588E-1 7.03303E-1 5.53906E-1 6.00467E-1 5.60865E-1 5.02703E-1 4.56449E-1 5.24824E-1 5.37903E-1 5.14259E-1 4.63636E-1 4.1604E-1 4.6284E-1 4.85079E-1 4.88932E-1 4.44702E-1 4.93121E-1 4.933E-1 4.12765E-1 3.87088E-1 6.02989E-1 6.31048E-1 6.30063E-1 5.70664E-1 5.27504E-1 4.45787E-1 3.99486E-1 3.31376E-1 2.93896E-1 3.19206E-1 2.90948E-1 2.76369E-1 2.73532E-1 3.11103E-1 3.29643E-1 3.16776E-1 5.36364E-1 4.13851E-1 5.91933E-1 5.49161E-1 4.62516E-1 3.76719E-1
5.5309E-1 6.39026E-1 4.61507E-1 4.93854E-1 4.9155E-1 5.06322E-1 5.6858E-1 5.56604E-1 6.05893E-1 5.75048E-1 5.50884E-1 6.31311E-1 6.51332E-1 5.00561E-1 6.39407E-1 7.23396E-1 6.85067E-1 6.86222E-1 7.28E-1 7.02075E-1 6.13061E-1 6.06109E-1 5.82816E-1 2.78149E-1 4.92127E-1 5.16196E-1 5.31394E-1 3.3096E-1 4.96709E-1 4.23507E-1 4.59487E-1 4.50235E-1 4.2642E-1 3.48346E-1 2.89681E-1 2.76172E-1 2.22868E-1 2.63964E-1 4.03985E-1 5.5723E-1 5.74269E-1 5.37305E-1 4.74086E-1 3.60218E-1 3.43147E-1 2.87135E-1 2.90287E-1 3.14996E-1 3.11986E-1 3.33718E-1 3.12245E-1 3.46781E-1 3.57589E-1 1.69919E-1 3.79834E-1 3.46492E-1 4.211E-1 4.82392E-1 4.3645E-1 3.62081E-1
6.99405E-1 6.49378E-1 5.5323E-1 5.13313E-1 5.27279E-1 5.20343E-1 5.98958E-1 5.99225E-1 6.0822E-1 5.60969E-1 5.8769E-1 6.41024E-1 6.71719E-1 5.72816E-1 6.78406E-1 6.6825E-1 6.28612E-1 5.9169E-1 6.04595E-1 6.48716E-1 6.85277E-1 5.29469E-1 6.35438E-1 -9999 6.12832E-1 6.328E-1 6.59574E-1 6.689E-1 5.98065E-1 6.28197E-1 5.31928E-1 3.93426E-1 4.63224E-1 3.65084E-1 3.3401E-1 3.75594E-1 3.73841E-1 3.4328E-1 5.45004E-1 6.18402E-1 5.73873E-1 5.09714E-1 4.60251E-1 3.85837E-1 3.473E-1 2.41174E-1 2.46815E-1 2.58634E-1 2.79686E-1 3.43336E-1 3.76482E-1 4.07686E-1 4.08576E-1 2.89279E-1 3.80038E-1 4.01129E-1 2.77485E-1 4.71861E-1 4.6977E-1 3.75166E-1
6.48512E-1 6.19471E-1 2.91471E-1 5.54956E-1 5.42022E-1 5.57306E-1 6.46524E-1 6.50744E-1 5.55305E-1 4.76606E-1 4.99033E-1 5.24944E-1 5.55803E-1 5.49055E-1 6.44439E-1 5.54151E-1 6.47191E-1 6.18039E-1 6.56812E-1 6.77809E-1 5.46614E-1 7.1574E-1 5.06434E-1 5.88559E-1 6.38076E-1 5.59213E-1 5.24942E-1 5.15943E-1 6.09746E-1 5.73565E-1 5.0185E-1 4.81389E-1 3.93265E-1 3.05569E-1 2.96399E-1 4.14989E-1 -9999 -9999 6.91941E-1 6.77341E-1 6.04826E-1 5.58304E-1 5.07311E-1 4.4666E-1 3.45677E-1 2.4626E-1 2.45523E-1 2.74169E-1 3.06667E-1 3.55216E-1 3.88986E-1 4.4057E-1 4.62634E-1 4.13409E-1 4.65042E-1 4.75702E-1 4.95079E-1 5.03909E-1 4.92674E-1 3.68877E-1
5.75817E-1 5.58871E-1 5.59239E-1 5.73177E-1 5.74025E-1 6.29013E-1 6.71992E-1 7.01221E-1 5.18291E-1 5.62197E-1 5.8269E-1 6.19943E-1 5.22726E-1 6.28376E-1 6.1238E-1 5.86303E-1 4.62469E-1 6.47043E-1 6.62107E-1 5.52561E-1 6.62858E-1 6.88226E-1 7.08989E-1 7.28161E-1 6.35125E-1 5.50954E-1 5.92676E-1 5.74771E-1 6.45462E-1 6.13955E-1 5.19924E-1 4.95461E-1 4.47838E-1 3.61228E-1 3.16954E-1 4.28223E-1 6.11478E-1 3.92355E-1 7.67023E-1 7.45962E-1 6.75157E-1 6.21199E-1 5.63195E-1 4.70923E-1 3.51762E-1 2.28397E-1 2.19977E-1 3.11095E-1 3.49085E-1 4.06495E-1 4.26458E-1 4.7862E-1 5.61515E-1 6.28439E-1 5.28265E-1 4.89559E-1 5.10399E-1 4.7915E-1 4.77158E-1 4.21945E-1
5.48202E-1 5.2498E-1 5.14603E-1 6.05497E-1 4.89243E-1 7.31684E-1 6.88206E-1 4.87314E-1 5.69342E-1 6.75711E-1 6.79493E-1 5.20975E-1 6.60781E-1 6.1879E-1 5.62634E-1 5.78555E-1 6.31066E-1 6.73917E-1 6.10303E-1 6.8905E-1 6.61992E-1 6.78644E-1 6.26893E-1 7.37821E-1 6.18808E-1 5.37417E-1 5.90916E-1 6.25934E-1 5.62534E-1 6.11802E-1 5.52149E-1 5.66124E-1 5.37573E-1 4.82126E-1 4.78026E-1 5.76877E-1 6.34656E-1 4.94404E-1 7.85966E-1 7.43657E-1 6.73719E-1 6.29569E-1 5.63926E-1 4.71972E-1 3.72173E-1 2.1339E-1 2.42076E-1 3.18415E-1 3.46704E-1 4.28818E-1 4.55633E-1 4.83159E-1 4.80258E-1 6.05156E-1 4.90314E-1 4.43638E-1 5.06146E-1 3.24456E-1 4.35014E-1 4.11724E-1
5.11843E-1 4.84721E-1 5.35064E-1 6.47586E-1 7.8147E-1 7.42279E-1 6.70103E-1 5.43994E-1 6.70835E-1 7.2607E-1 7.2437E-1 7.04499E-1 6.33397E-1 5.73111E-1 5.32524E-1 5.62639E-1 5.94172E-1 6.24315E-1 6.53252E-1 6.66457E-1 7.01642E-1 6.59149E-1 6.10236E-1 6.28963E-1 5.92827E-1 6.08247E-1 6.94538E-1 7.12197E-1 7.16954E-1 6.49985E-1 6.01998E-1 6.0361E-1 5.44271E-1 4.89846E-1 4.78545E-1 5.61662E-1 6.15734E-1 7.13691E-1 7.99754E-1 6.41493E-1 6.97817E-1 6.4095E-1 5.93396E-1 4.9337E-1 3.61511E-1 2.08875E-1 2.60161E-1 3.46185E-1 3.90195E-1 4.53937E-1 4.99094E-1 5.46876E-1 3.03573E-1 4.95533E-1 4.52791E-1 4.39982E-1 4.94864E-1 3.7899E-1 3.40057E-1 3.69079E-1
4.80376E-1 4.89229E-1 5.5536E-1 7.29473E-1 7.87912E-1 7.55936E-1 7.21911E-1 6.84092E-1 7.04721E-1 7.64279E-1 7.44438E-1 6.93953E-1 6.19047E-1 5.55791E-1 5.08865E-1 5.87997E-1 6.25431E-1 6.22343E-1 6.3611E-1 6.59427E-1 6.86047E-1 6.42247E-1 6.51442E-1 6.49596E-1 7.03271E-1 7.18136E-1 7.44275E-1 7.02271E-1 6.9587E-1 6.5914E-1 4.73372E-1 5.3538E-1 5.44916E-1 4.83038E-1 4.17966E-1 4.79785E-1 5.32657E-1 6.51024E-1 7.49028E-1 5.59381E-1 6.37248E-1 5.82438E-1 5.53205E-1 4.39864E-1 3.3505E-1 2.40646E-1 2.92217E-1 3.51167E-1 3.85193E-1 4.6717E-1 5.1536E-1 5.83408E-1 2.78462E-1 5.32578E-1 4.82399E-1 4.8119E-1 5.01217E-1 3.22187E-1 3.72851E-1 2.98445E-1
5.07594E-1 4.98528E-1 5.1423E-1 6.45677E-1 7.47077E-1 7.05514E-1 7.36836E-1 6.91768E-1 7.74976E-1 6.05302E-1 7.33527E-1 6.74624E-1 6.09448E-1 5.6166E-1 5.03372E-1 5.59307E-1 5.99689E-1 6.03116E-1 6.36387E-1 6.17607E-1 5.50242E-1 4.99038E-1 4.75812E-1 4.9052E-1 6.99459E-1 6.79057E-1 7.02365E-1 6.84536E-1 6.82363E-1 6.58521E-1 3.4854E-1 4.57622E-1 4.65397E-1 4.56735E-1 3.9387E-1 4.84616E-1 5.45416E-1 6.35408E-1 7.3321E-1 6.52864E-1 6.07715E-1 5.99376E-1 5.41882E-1 4.33506E-1 3.32629E-1 3.00715E-1 3.33684E-1 3.90556E-1 4.03542E-1 4.62785E-1 5.38974E-1 4.0178E-1 4.35908E-1 5.44364E-1 4.87247E-1 4.82666E-1 4.9923E-1 3.27414E-1 4.2166E-1 3.40493E-1
5.73909E-1 5.71925E-1 5.5949E-1 6.10383E-1 7.09831E-1 7.39135E-1 7.56861E-1 8.02531E-1 7.41365E-1 8.20687E-1 7.45382E-1 6.97013E-1 6.17359E-1 5.59147E-1 5.00412E-1 5.3578E-1 5.64689E-1 5.48327E-1 5.05635E-1 4.62357E-1 4.58841E-1 4.37525E-1 4.22763E-1 4.34598E-1 7.03668E-1 6.89212E-1 7.32316E-1 7.1722E-1 6.99292E-1 6.6986E-1 5.18039E-1 4.62782E-1 4.26508E-1 3.73679E-1 4.10321E-1 5.42093E-1 5.92271E-1 6.34077E-1 7.03727E-1 5.85843E-1 5.62412E-1 5.5691E-1 4.81075E-1 4.06821E-1 3.75981E-1 3.80745E-1 4.04613E-1 4.54887E-1 4.2346E-1 4.86162E-1 5.24595E-1 5.30551E-1 4.74755E-1 5.63311E-1 4.53799E-1 4.79334E-1 4.87636E-1 2.8791E-1 4.67802E-1 3.46376E-1
6.36982E-1 6.51922E-1 6.75927E-1 6.71021E-1 7.26021E-1 5.89365E-1 8.12596E-1 6.17122E-1 8.18808E-1 7.86109E-1 7.18383E-1 6.72582E-1 6.06862E-1 5.55732E-1 4.96656E-1 5.10186E-1 5.19917E-1 4.62798E-1 3.7778E-1 3.92532E-1 4.12295E-1 4.05901E-1 4.19135E-1 4.62931E-1 7.19642E-1 7.31099E-1 7.25215E-1 6.39282E-1 6.67246E-1 5.72687E-1 5.23686E-1 4.81297E-1 5.32299E-1 4.25241E-1 4.23123E-1 5.2617E-1 6.06966E-1 6.13569E-1 4.30984E-1 5.55406E-1 5.2985E-1 5.33614E-1 4.42801E-1 3.82688E-1 4.02296E-1 4.27497E-1 4.69203E-1 4.98071E-1 4.63387E-1 5.2355E-1 5.24352E-1 4.92781E-1 4.45229E-1 4.72835E-1 4.98958E-1 4.28688E-1 3.63277E-1 4.75734E-1 4.22375E-1 3.54292E-1
6.1652E-1 7.38888E-1 7.52285E-1 7.25176E-1 5.0944E-1 7.75003E-1 8.51913E-1 8.29317E-1 7.60878E-1 7.51729E-1 6.59558E-1 5.89463E-1 5.61617E-1 5.43028E-1 4.89308E-1 4.69424E-1 4.2244E-1 4.04004E-1 -9999 3.51057E-1 3.55149E-1 3.60228E-1 3.8954E-1 3.49314E-1 6.92267E-1 6.65577E-1 6.46574E-1 6.65129E-1 6.75032E-1 6.06812E-1 4.35652E-1 4.63912E-1 4.56578E-1 4.77425E-1 4.67527E-1 5.27004E-1 5.75945E-1 5.51315E-1 5.93376E-1 4.57618E-1 6.37335E-1 4.87543E-1 4.41776E-1 3.98439E-1 4.32639E-1 4.79024E-1 5.26657E-1 5.49873E-1 4.44117E-1 3.24131E-1 5.03063E-1 4.635E-1 3.892E-1 2.69869E-1 5.69818E-1 5.41044E-1 3.38863E-1 4.37094E-1 4.80266E-1 3.81162E-1
3.94843E-1 6.54089E-1 7.51269E-1 7.06138E-1 6.95586E-1 7.68639E-1 7.81449E-1 6.74833E-1 6.59131E-1 6.56329E-1 5.71302E-1 5.24138E-1 4.67433E-1 4.34778E-1 4.16031E-1 4.50291E-1 -9999 -9999 3.54547E-1 3.33713E-1 3.05284E-1 3.44823E-1 3.95013E-1 2.47506E-1 6.59001E-1 5.99573E-1 6.14621E-1 6.462E-1 6.13564E-1 4.91448E-1 4.51311E-1 5.62002E-1 5.79489E-1 5.69583E-1 5.30468E-1 4.27058E-1 4.66839E-1 4.51446E-1 4.38423E-1 3.78276E-1 5.02525E-1 3.48396E-1 3.74419E-1 3.09025E-1 3.06666E-1 3.68802E-1 4.96481E-1 5.74854E-1 4.31928E-1 4.15983E-1 3.62483E-1 3.64878E-1 3.37864E-1 2.456E-1 4.5693E-1 4.52539E-1 4.66127E-1 4.12224E-1 4.38063E-1 3.22397E-1
5.53803E-1 4.04611E-1 7.35588E-1 6.82278E-1 7.30119E-1 7.53658E-1 7.10929E-1 5.86596E-1 6.32444E-1 6.1482E-1 5.21578E-1 5.07055E-1 4.83689E-1 4.78704E-1 4.5905E-1 4.83851E-1 4.20199E-1 3.70146E-1 3.40536E-1 3.37451E-1 3.55722E-1 3.84646E-1 4.70766E-1 6.85905E-1 6.64047E-1 5.50475E-1 5.7778E-1 5.85249E-1 5.76939E-1 5.64494E-1 5.08471E-1 5.11629E-1 5.70504E-1 4.23204E-1 6.03916E-1 4.67515E-1 4.67394E-1 4.93996E-1 3.50908E-1 5.62909E-1 5.24522E-1 3.71653E-1 3.99057E-1 3.7386E-1 3.31586E-1 3.67257E-1 3.98384E-1 5.02601E-1 4.81269E-1 5.06555E-1 3.42965E-1 3.19225E-1 3.79903E-1 2.72089E-1 4.70819E-1 4.88268E-1 4.88466E-1 4.23226E-1 4.38323E-1 2.68382E-1
6.99202E-1 6.34948E-1 6.81612E-1 6.46386E-1 7.43322E-1 7.24016E-1 6.25616E-1 5.33653E-1 5.43525E-1 5.75122E-1 6.14074E-1 5.50235E-1 5.33936E-1 5.49387E-1 5.19137E-1 5.38545E-1 4.48725E-1 4.07726E-1 4.04849E-1 3.9558E-1 3.28814E-1 4.79212E-1 4.81305E-1 4.86782E-1 5.41589E-1 4.18789E-1 4.58598E-1 4.71798E-1 5.68634E-1 5.549E-1 4.70398E-1 5.03878E-1 5.50404E-1 5.55122E-1 5.90257E-1 4.54931E-1 4.32512E-1 4.48059E-1 5.38344E-1 5.68225E-1 5.31402E-1 3.49925E-1 3.43313E-1 4.55036E-1 3.71707E-1 3.9435E-1 3.68243E-1 2.97404E-1 3.63171E-1 3.77915E-1 3.02075E-1 2.3061E-1 3.06009E-1 3.39929E-1 4.75482E-1 3.01133E-1 4.82674E-1 4.30353E-1 4.56052E-1 4.20547E-1
