Phytophthora/models/20240429_1812_56/Phytophthora_PA3_RUN8_MAXENT_outputs/Phytophthora_PA3_RUN8.asc
ncols         225
nrows         269
xllcorner     473000.0
yllcorner     4429100.0
cellsize      50.0
NODATA_value  -9999
[rows 108 to 134 of 269, columns 0 to 59 of 225]
-9999 -9999 -9999 -9999 -9999 -9999 -9999 -9999 -9999 -9999 -9999 1.74065E-1 2.08705E-1 2.05584E-1 1.98459E-1 1.72742E-1 1.57343E-1 1.20918E-1 1.04003E-1 1.12816E-1 1.61209E-1 2.13186E-1 2.3563E-1 2.66023E-1 2.46057E-1 2.59692E-1 2.30703E-1 2.15349E-1 2.0108E-1 1.96664E-1 1.57461E-1 1.25275E-1 1.03243E-1 9.60765E-2 9.53361E-2 6.98799E-2 9.06252E-2 9.5888E-2 4.83519E-2 8.54743E-2 6.27417E-2 5.91614E-2 5.94567E-2 6.86934E-2 8.58563E-2 8.92323E-2 6.97023E-2 5.77892E-2 6.10169E-2 9.94715E-2 8.70018E-2 8.26777E-2 8.14564E-2 1.16607E-1 8.97749E-2 8.35908E-2 6.51136E-2 9.74359E-2 1.25639E-1 1.47996E-1
-9999 -9999 -9999 -9999 -9999 -9999 -9999 -9999 -9999 -9999 1.51248E-1 1.81521E-1 1.81472E-1 2.12831E-1 2.06471E-1 1.47706E-1 1.19853E-1 9.66151E-2 1.06955E-1 1.23163E-1 1.79173E-1 2.32514E-1 1.12822E-1 2.7555E-1 2.08046E-1 2.13361E-1 2.04727E-1 2.06446E-1 2.0394E-1 1.59282E-1 1.16513E-1 1.11065E-1 1.15495E-1 1.10865E-1 1.0812E-1 8.16443E-2 1.00406E-1 1.03447E-1 4.23201E-2 4.26878E-2 7.40107E-2 5.24642E-2 6.32483E-2 6.86181E-2 9.88866E-2 1.33561E-1 1.20265E-1 7.47221E-2 4.1232E-2 1.17035E-1 1.06204E-1 9.76207E-2 1.35717E-1 1.29444E-1 8.1076E-2 8.40859E-2 7.22037E-2 1.33655E-1 1.37123E-1 1.28925E-1
-9999 -9999 -9999 -9999 -9999 -9999 -9999 -9999 -9999 -9999 1.6717E-1 1.99703E-1 2.5873E-1 2.75902E-1 2.26423E-1 1.45655E-1 1.04114E-1 1.02114E-1 1.15689E-1 1.31111E-1 2.17545E-1 1.43667E-1 2.55633E-1 2.18681E-1 2.10987E-1 2.2691E-1 2.26937E-1 2.1321E-1 1.7409E-1 1.35194E-1 1.25093E-1 1.28998E-1 1.34646E-1 1.27893E-1 1.23131E-1 9.85771E-2 1.07651E-1 9.82525E-2 8.96082E-2 9.50497E-2 3.16978E-2 5.80128E-2 2.04918E-2 3.49012E-2 8.09505E-2 1.52336E-1 1.45064E-1 1.01206E-1 7.90612E-2 1.2753E-1 9.5256E-2 1.2412E-1 1.51114E-1 1.36185E-1 8.86276E-2 1.12921E-1 1.37526E-1 1.46295E-1 1.16852E-1 1.08404E-1
-9999 -9999 -9999 -9999 -9999 -9999 -9999 -9999 -9999 4.63704E-1 5.26018E-1 5.67101E-1 4.24486E-1 5.75082E-1 4.79185E-1 3.00846E-1 2.60819E-1 2.79025E-1 3.05562E-1 2.94491E-1 2.66403E-1 3.50303E-1 2.88017E-1 2.69084E-1 2.60498E-1 2.35718E-1 2.13965E-1 2.04992E-1 1.84203E-1 1.94793E-1 3.55898E-1 3.7082E-1 3.8147E-1 3.87427E-1 4.00676E-1 2.68083E-1 3.72993E-1 3.21223E-1 3.01517E-1 3.0083E-1 8.17966E-2 6.04515E-2 1.16248E-1 1.32947E-1 5.29794E-2 1.42087E-1 1.76763E-1 1.39282E-1 1.31263E-1 1.6549E-1 1.78961E-1 1.75239E-1 2.57552E-1 2.32438E-1 1.62815E-1 1.59228E-1 1.38206E-1 1.09139E-1 1.01623E-1 1.00025E-1
-9999 -9999 -9999 -9999 -9999 -9999 -9999 -9999 3.6358E-1 4.45265E-1 5.16638E-1 5.15394E-1 6.12063E-1 5.1819E-1 4.24093E-1 2.46477E-1 2.39182E-1 3.23439E-1 3.52843E-1 4.01031E-1 3.50109E-1 2.87511E-1 2.47376E-1 2.71032E-1 2.65187E-1 2.53855E-1 2.41995E-1 2.33234E-1 2.26221E-1 2.495E-1 4.00312E-1 3.83477E-1 3.83388E-1 2.37469E-1 4.08682E-1 4.00357E-1 3.49772E-1 2.89947E-1 2.79274E-1 2.82589E-1 1.3745E-1 8.93794E-2 1.37424E-1 1.34966E-1 1.47961E-1 1.2875E-1 1.5295E-1 1.34919E-1 1.15228E-1 1.37969E-1 1.86757E-1 2.20587E-1 2.6119E-1 2.44304E-1 2.11985E-1 1.84217E-1 1.49553E-1 1.11196E-1 1.10222E-1 1.18964E-1
-9999 -9999 -9999 -9999 -9999 -9999 -9999 -9999 4.50929E-1 4.38661E-1 5.55676E-1 6.16323E-1 5.71608E-1 4.66291E-1 3.63602E-1 2.40969E-1 2.47554E-1 3.35893E-1 4.26259E-1 3.46824E-1 2.83502E-1 2.10511E-1 2.26453E-1 2.73672E-1 2.8065E-1 2.52887E-1 2.43465E-1 2.51155E-1 2.64254E-1 2.60892E-1 4.0699E-1 3.56717E-1 3.65295E-1 3.5344E-1 4.03102E-1 3.887E-1 3.66206E-1 3.15197E-1 3.01245E-1 2.67084E-1 1.29141E-1 1.29885E-1 1.42053E-1 1.43205E-1 1.70369E-1 1.42197E-1 1.36087E-1 1.39966E-1 1.41762E-1 1.36993E-1 2.14562E-1 2.26851E-1 2.67956E-1 2.4751E-1 2.26966E-1 1.84554E-1 1.16556E-1 1.18766E-1 1.15417E-1 1.29393E-1
-9999 -9999 -9999 -9999 -9999 -9999 -9999 -9999 4.86297E-1 4.58852E-1 3.29346E-1 5.68808E-1 5.09992E-1 3.9492E-1 3.17461E-1 2.2305E-1 2.35432E-1 3.15754E-1 2.86494E-1 3.48182E-1 2.17069E-1 2.13668E-1 2.55716E-1 3.28466E-1 2.99355E-1 2.59676E-1 3.14054E-1 1.67415E-1 1.57277E-1 2.78654E-1 4.4209E-1 3.89963E-1 2.07154E-1 3.57837E-1 4.1776E-1 4.34377E-1 4.33715E-1 3.94525E-1 3.25979E-1 3.02905E-1 1.43629E-1 1.28316E-1 1.35689E-1 1.53655E-1 1.78546E-1 1.17676E-1 1.50908E-1 1.33158E-1 1.5404E-1 8.93846E-2 2.19264E-1 2.60137E-1 2.93463E-1 2.71908E-1 2.45694E-1 1.81761E-1 1.37494E-1 1.22685E-1 1.17937E-1 1.24111E-1
-9999 -9999 -9999 -9999 -9999 -9999 -9999 3.4257E-1 4.34621E-1 4.63898E-1 6.01403E-1 5.18667E-1 4.44148E-1 3.34622E-1 2.80955E-1 2.34286E-1 2.45533E-1 1.95658E-1 2.64241E-1 2.81233E-1 1.89147E-1 2.34504E-1 2.98553E-1 1.23837E-1 2.73761E-1 2.36951E-1 2.71483E-1 2.36345E-1 2.29092E-1 2.34059E-1 4.20068E-1 3.64194E-1 3.26141E-1 3.25826E-1 3.94997E-1 4.09425E-1 4.07558E-1 3.74471E-1 2.81662E-1 1.99531E-1 9.93118E-2 1.64445E-1 1.57196E-1 1.66892E-1 1.74101E-1 1.46264E-1 1.43236E-1 1.38432E-1 1.63495E-1 1.62051E-1 2.14727E-1 2.52846E-1 1.82079E-1 2.82232E-1 2.54906E-1 1.74779E-1 1.39888E-1 1.32161E-1 1.31885E-1 1.37505E-1
-9999 -9999 -9999 -9999 -9999 -9999 2.57693E-1 2.4829E-1 3.20961E-1 2.15814E-1 4.81091E-1 4.07007E-1 3.38961E-1 2.35863E-1 2.2399E-1 2.946E-1 3.21721E-1 3.25459E-1 3.81219E-1 3.72852E-1 3.04139E-1 3.58063E-1 3.57826E-1 3.61667E-1 2.80823E-1 2.65068E-1 2.7942E-1 2.5258E-1 2.44752E-1 2.40818E-1 3.12457E-1 2.61446E-1 2.32016E-1 2.83219E-1 3.19741E-1 3.62735E-1 3.38927E-1 3.05936E-1 2.74701E-1 3.57659E-1 4.23927E-1 3.90327E-1 4.01801E-1 4.39313E-1 4.72804E-1 4.28469E-1 3.83228E-1 3.8799E-1 4.78554E-1 4.87352E-1 4.75529E-1 4.93052E-1 5.56318E-1 5.66201E-1 5.25669E-1 4.55787E-1 3.9179E-1 3.22516E-1 3.20541E-1 3.68487E-1
-9999 -9999 -9999 -9999 -9999 -9999 -9999 3.17133E-1 3.44831E-1 3.80852E-1 4.3029E-1 3.65008E-1 2.77424E-1 2.19215E-1 2.21024E-1 2.61811E-1 3.30287E-1 2.83597E-1 3.35718E-1 2.718E-1 2.35749E-1 3.31079E-1 3.35323E-1 2.9392E-1 2.52832E-1 2.11646E-1 2.29993E-1 2.28465E-1 2.2566E-1 1.99089E-1 2.53834E-1 2.22451E-1 2.20593E-1 2.72073E-1 2.97898E-1 3.37621E-1 2.71369E-1 2.54583E-1 2.6489E-1 3.35933E-1 4.15526E-1 3.97064E-1 4.31557E-1 4.7932E-1 4.77424E-1 4.27865E-1 2.72563E-1 3.8128E-1 2.29518E-1 4.43853E-1 5.2175E-1 5.19193E-1 5.47381E-1 5.88476E-1 5.53297E-1 4.27216E-1 3.20272E-1 2.54027E-1 2.64127E-1 2.68454E-1
-9999 -9999 -9999 -9999 -9999 -9999 -9999 -9999 3.16777E-1 3.42634E-1 3.84863E-1 2.93694E-1 2.26475E-1 1.98233E-1 2.45221E-1 3.07126E-1 2.43678E-1 2.64581E-1 3.20133E-1 3.72579E-1 3.20003E-1 3.33474E-1 2.86332E-1 2.31534E-1 2.08995E-1 1.45982E-1 1.85415E-1 1.98722E-1 2.0569E-1 1.75032E-1 2.64417E-1 2.46058E-1 2.75429E-1 2.71738E-1 2.9458E-1 2.68135E-1 2.58926E-1 2.72805E-1 3.17301E-1 3.92895E-1 4.78489E-1 4.57266E-1 2.3055E-1 4.7743E-1 4.89202E-1 4.20286E-1 3.57631E-1 4.48251E-1 3.96813E-1 5.45232E-1 5.50426E-1 4.51513E-1 5.66799E-1 3.52919E-1 4.48784E-1 3.5566E-1 2.98158E-1 2.847E-1 3.30875E-1 2.93955E-1
-9999 -9999 -9999 -9999 -9999 -9999 -9999 -9999 -9999 3.24038E-1 3.37965E-1 2.70069E-1 2.28525E-1 2.87511E-1 3.8728E-1 2.34334E-1 2.86238E-1 3.56445E-1 4.19025E-1 4.26709E-1 3.25639E-1 3.13203E-1 2.48942E-1 1.77424E-1 1.71045E-1 1.45214E-1 1.74044E-1 1.84314E-1 1.93407E-1 1.88895E-1 2.92551E-1 2.85813E-1 2.64234E-1 2.87769E-1 2.9896E-1 2.44727E-1 2.53162E-1 2.94072E-1 3.52302E-1 2.7112E-1 5.12913E-1 4.4534E-1 4.44636E-1 4.37668E-1 4.201E-1 3.42366E-1 3.02128E-1 4.16911E-1 4.63865E-1 5.13546E-1 4.50926E-1 4.09743E-1 2.68611E-1 2.79913E-1 2.69769E-1 2.00727E-1 8.72611E-2 2.96791E-1 1.60466E-1 2.91477E-1
-9999 -9999 -9999 -9999 -9999 -9999 -9999 -9999 -9999 -9999 3.19688E-1 2.79688E-1 2.5388E-1 2.89581E-1 3.48197E-1 2.49282E-1 3.00406E-1 3.66298E-1 3.99349E-1 4.07706E-1 2.8433E-1 2.5081E-1 1.80321E-1 1.44054E-1 1.37677E-1 1.34252E-1 1.8861E-1 1.87757E-1 1.87738E-1 2.09449E-1 2.79159E-1 3.02474E-1 3.16777E-1 3.0829E-1 2.96832E-1 2.92158E-1 2.85941E-1 3.36959E-1 3.76175E-1 3.22286E-1 4.776E-1 3.62768E-1 3.91952E-1 3.96328E-1 3.42273E-1 2.82199E-1 3.67571E-1 3.96854E-1 4.3282E-1 3.72975E-1 2.59664E-1 2.55681E-1 2.36955E-1 2.3017E-1 2.08652E-1 2.35925E-1 3.35127E-1 3.58993E-1 3.29306E-1 3.58154E-1
-9999 -9999 -9999 -9999 -9999 -9999 -9999 -9999 -9999 -9999 -9999 2.49888E-1 3.91754E-1 4.8464E-1 3.63899E-1 3.05216E-1 2.56206E-1 2.94707E-1 3.27131E-1 3.8839E-1 4.31074E-1 3.75466E-1 3.0264E-1 2.54968E-1 2.76275E-1 2.93681E-1 3.90761E-1 3.97524E-1 3.83236E-1 3.35155E-1 3.37785E-1 3.42361E-1 3.70259E-1 3.39082E-1 3.69535E-1 3.41572E-1 3.13031E-1 3.77591E-1 4.64482E-1 5.70706E-1 4.81882E-1 3.51637E-1 4.11115E-1 4.0764E-1 3.05229E-1 2.78741E-1 2.65289E-1 4.2872E-1 2.59684E-1 2.35691E-1 2.26658E-1 2.67169E-1 2.60006E-1 2.27884E-1 1.61115E-1 3.74857E-1 3.22816E-1 3.49531E-1 3.54743E-1 4.0255E-1
-9999 -9999 -9999 -9999 -9999 -9999 -9999 -9999 -9999 -9999 -9999 -9999 2.88468E-1 4.36426E-1 4.36316E-1 3.36391E-1 2.56954E-1 2.87938E-1 3.15821E-1 3.99072E-1 4.56917E-1 4.10159E-1 3.46798E-1 3.13102E-1 3.06929E-1 3.07886E-1 4.15825E-1 4.43126E-1 4.20673E-1 3.81236E-1 3.19619E-1 3.10456E-1 2.96669E-1 3.67209E-1 3.87777E-1 3.88527E-1 3.5077E-1 4.37748E-1 3.98439E-1 5.53574E-1 4.03613E-1 2.97631E-1 3.57786E-1 3.53324E-1 1.48345E-1 2.55225E-1 4.07471E-1 2.65752E-1 2.61676E-1 3.08491E-1 3.31924E-1 3.69491E-1 3.98483E-1 3.71377E-1 3.32265E-1 2.80227E-1 3.41144E-1 3.4122E-1 3.68541E-1 4.44383E-1
-9999 -9999 -9999 -9999 -9999 -9999 -9999 -9999 -9999 -9999 -9999 -9999 4.02066E-1 2.69977E-1 4.35516E-1 2.72252E-1 2.21302E-1 2.54584E-1 3.13755E-1 4.14995E-1 4.07039E-1 4.27398E-1 3.91725E-1 3.64038E-1 3.60497E-1 3.00454E-1 3.23709E-1 4.65565E-1 4.57447E-1 3.54256E-1 2.60459E-1 2.45609E-1 2.79775E-1 3.45233E-1 4.04248E-1 2.60329E-1 4.10761E-1 5.0378E-1 5.41762E-1 4.81871E-1 3.41589E-1 2.7281E-1 3.39197E-1 2.85358E-1 3.17797E-1 3.78311E-1 3.33113E-1 2.53675E-1 3.05008E-1 3.69985E-1 3.89351E-1 4.23755E-1 4.39202E-1 2.58218E-1 3.52311E-1 3.31739E-1 3.38841E-1 3.41881E-1 3.71918E-1 4.9724E-1
-9999 -9999 -9999 -9999 -9999 -9999 -9999 -9999 -9999 -9999 -9999 -9999 -9999 2.49291E-1 3.10986E-1 2.15187E-1 1.94066E-1 2.63369E-1 2.99585E-1 3.6159E-1 3.26064E-1 4.26797E-1 4.42873E-1 3.91612E-1 4.20728E-1 3.62665E-1 4.80896E-1 4.78091E-1 4.71425E-1 2.00128E-1 1.65912E-1 1.7587E-1 2.06699E-1 2.66609E-1 3.79099E-1 4.13214E-1 2.21346E-1 2.26567E-1 5.30929E-1 3.96531E-1 2.92738E-1 2.63826E-1 3.27681E-1 2.31317E-1 3.09307E-1 3.19438E-1 2.25837E-1 2.36364E-1 3.21173E-1 3.84108E-1 3.81715E-1 3.92048E-1 4.12655E-1 3.76283E-1 3.31124E-1 3.1346E-1 3.14865E-1 3.06125E-1 3.98947E-1 4.45265E-1
-9999 -9999 -9999 -9999 -9999 -9999 -9999 -9999 -9999 -9999 -9999 -9999 -9999 -9999 2.48628E-1 1.9684E-1 2.04985E-1 2.74525E-1 3.01416E-1 3.35249E-1 4.34145E-1 4.40175E-1 4.35344E-1 4.39875E-1 2.70878E-1 3.73314E-1 4.80332E-1 4.60035E-1 3.11814E-1 2.13499E-1 1.44629E-1 1.59938E-1 2.16315E-1 3.27112E-1 3.30847E-1 3.85333E-1 4.11322E-1 4.94313E-1 4.81672E-1 3.23744E-1 2.62248E-1 2.52694E-1 2.73852E-1 2.85977E-1 2.22251E-1 1.71625E-1 2.07085E-1 3.04285E-1 3.79424E-1 4.10429E-1 3.84284E-1 4.05556E-1 3.95337E-1 3.72698E-1 3.45234E-1 2.91642E-1 2.79962E-1 2.73946E-1 3.42527E-1 3.97016E-1
-9999 -9999 -9999 -9999 -9999 -9999 -9999 -9999 -9999 -9999 -9999 -9999 -9999 -9999 2.55816E-1 2.45639E-1 2.79033E-1 3.21364E-1 3.14418E-1 3.54173E-1 4.66832E-1 5.00224E-1 3.85221E-1 5.63052E-1 5.34195E-1 3.31015E-1 2.92255E-1 2.60591E-1 2.07605E-1 1.53566E-1 1.13158E-1 1.56149E-1 2.35864E-1 2.46073E-1 2.5676E-1 3.34215E-1 3.39182E-1 4.14247E-1 3.97919E-1 2.33728E-1 1.83624E-1 2.3782E-1 1.52864E-1 1.39998E-1 1.10937E-1 1.18683E-1 1.5048E-1 2.47234E-1 2.87255E-1 2.81229E-1 3.36883E-1 3.41814E-1 3.5433E-1 3.61953E-1 3.33078E-1 2.58212E-1 2.27778E-1 1.90598E-1 2.74521E-1 3.48145E-1
-9999 -9999 -9999 -9999 -9999 -9999 -9999 -9999 -9999 -9999 -9999 -9999 -9999 -9999 2.64464E-1 2.45598E-1 2.92356E-1 3.06593E-1 2.92679E-1 3.42968E-1 4.87834E-1 3.84545E-1 5.8338E-1 6.27822E-1 3.56867E-1 1.96527E-1 3.42564E-1 2.50352E-1 2.12032E-1 1.85398E-1 1.73968E-1 2.07841E-1 2.38815E-1 2.37983E-1 2.57553E-1 2.89945E-1 2.85052E-1 3.42569E-1 3.42621E-1 2.1066E-1 3.27084E-1 1.97828E-1 1.27304E-1 1.19796E-1 1.10596E-1 1.50661E-1 2.26065E-1 2.93407E-1 2.83229E-1 3.00828E-1 3.58165E-1 3.58907E-1 2.48737E-1 3.84727E-1 3.38275E-1 2.52218E-1 2.15103E-1 1.89688E-1 2.58599E-1 2.37893E-1
-9999 -9999 -9999 -9999 -9999 -9999 -9999 -9999 -9999 -9999 -9999 -9999 -9999 -9999 2.55451E-1 2.695E-1 2.55243E-1 2.85836E-1 3.02109E-1 3.64177E-1 3.93141E-1 4.97585E-1 2.45886E-1 6.3909E-1 5.48194E-1 3.34482E-1 2.62651E-1 2.16469E-1 1.97218E-1 1.7824E-1 1.84301E-1 1.76631E-1 2.02647E-1 2.26624E-1 2.12761E-1 2.33364E-1 2.45023E-1 2.93983E-1 3.11518E-1 3.14192E-1 1.58002E-1 1.34915E-1 1.22386E-1 1.25873E-1 1.56145E-1 2.11253E-1 2.56869E-1 2.74233E-1 2.80294E-1 3.09429E-1 3.5166E-1 3.5149E-1 1.8758E-1 4.01425E-1 3.35784E-1 2.51353E-1 1.88018E-1 1.5359E-1 1.72968E-1 8.2094E-2
-9999 -9999 -9999 -9999 -9999 -9999 -9999 -9999 -9999 -9999 -9999 -9999 -9999 3.974E-1 3.44111E-1 2.79163E-1 2.5566E-1 2.85013E-1 3.11764E-1 3.61794E-1 4.07875E-1 3.18289E-1 4.15262E-1 4.2561E-1 3.48687E-1 1.95603E-1 1.83621E-1 2.92193E-1 2.25813E-1 2.25675E-1 2.04962E-1 2.04462E-1 1.99054E-1 1.93351E-1 1.60717E-1 1.82015E-1 2.11752E-1 1.36622E-1 2.94328E-1 1.79124E-1 1.45817E-1 1.69521E-1 2.01563E-1 1.89303E-1 2.11959E-1 2.4014E-1 2.5927E-1 2.90938E-1 3.13025E-1 3.63028E-1 3.63388E-1 3.80647E-1 3.94029E-1 3.97259E-1 3.20931E-1 2.49668E-1 1.92288E-1 1.57201E-1 1.2802E-1 -9999
-9999 -9999 -9999 -9999 -9999 -9999 -9999 -9999 -9999 -9999 -9999 -9999 2.91952E-1 2.14824E-1 2.72483E-1 2.14075E-1 3.84205E-1 4.42575E-1 2.83667E-1 2.50769E-1 2.86163E-1 3.3639E-1 3.68172E-1 2.32653E-1 2.36553E-1 2.88082E-1 3.4977E-1 1.73618E-1 2.93481E-1 2.3614E-1 2.07041E-1 2.23881E-1 1.97927E-1 1.62615E-1 1.32209E-1 1.40636E-1 1.5834E-1 1.04345E-1 2.11571E-1 1.69824E-1 1.89309E-1 2.29812E-1 2.32563E-1 2.36769E-1 2.23793E-1 2.20813E-1 2.45475E-1 2.67657E-1 3.31909E-1 3.77769E-1 4.00397E-1 3.30166E-1 4.16921E-1 3.76925E-1 2.96822E-1 2.34625E-1 1.77774E-1 1.56228E-1 1.30561E-1 1.32191E-1
-9999 -9999 -9999 -9999 -9999 -9999 -9999 -9999 -9999 -9999 -9999 2.04864E-1 4.48709E-1 2.75665E-1 2.35114E-1 1.9661E-1 3.07688E-1 2.89433E-1 3.00628E-1 2.21274E-1 2.18084E-1 4.37447E-1 4.15225E-1 4.46896E-1 2.8816E-1 3.26677E-1 2.82922E-1 1.66778E-1 2.51678E-1 3.87723E-1 2.28808E-1 3.26418E-1 2.73167E-1 2.38097E-1 1.9133E-1 1.41063E-1 2.05941E-1 2.55848E-1 2.28235E-1 2.44253E-1 2.90415E-1 2.93655E-1 3.26713E-1 2.88257E-1 2.36863E-1 1.79115E-1 1.97285E-1 2.30897E-1 3.22817E-1 3.29878E-1 3.1657E-1 3.10194E-1 3.57798E-1 2.77E-1 2.21965E-1 1.78355E-1 1.22345E-1 1.32853E-1 1.61036E-1 2.05083E-1
-9999 -9999 -9999 -9999 -9999 -9999 -9999 -9999 -9999 -9999 2.4817E-1 2.85491E-1 1.96604E-1 3.36453E-1 3.1171E-1 2.94224E-1 4.05247E-1 2.86126E-1 2.99466E-1 2.50437E-1 2.43938E-1 4.65694E-1 3.52748E-1 4.51319E-1 3.91212E-1 4.17579E-1 4.611E-1 2.27276E-1 1.7794E-1 3.13065E-1 2.59637E-1 2.69146E-1 3.46551E-1 2.86825E-1 2.13212E-1 1.82151E-1 1.96381E-1 3.1053E-1 3.12106E-1 3.35421E-1 3.86723E-1 3.9966E-1 3.70732E-1 2.97534E-1 2.39093E-1 1.78209E-1 1.95719E-1 2.49381E-1 3.11615E-1 3.14528E-1 3.28554E-1 3.64464E-1 3.83108E-1 2.80621E-1 2.1191E-1 1.62648E-1 1.15615E-1 1.20748E-1 1.41361E-1 2.71087E-1
-9999 -9999 -9999 -9999 -9999 -9999 -9999 -9999 -9999 -9999 4.39038E-1 3.09796E-1 3.05077E-1 3.1339E-1 3.92632E-1 3.84631E-1 2.24383E-1 2.02762E-1 1.87571E-1 2.03859E-1 3.53752E-1 4.21505E-1 4.52547E-1 5.37141E-1 4.53706E-1 1.14072E-1 1.75345E-1 2.84325E-1 2.56799E-1 1.69081E-1 3.0062E-1 3.33174E-1 1.2337E-1 1.97522E-1 2.3063E-1 1.85013E-1 3.19955E-1 3.96385E-1 4.17279E-1 4.7204E-1 4.49303E-1 4.38063E-1 3.48336E-1 3.05898E-1 2.17569E-1 2.02247E-1 2.00612E-1 2.95814E-1 3.22474E-1 2.9793E-1 1.23613E-1 3.94022E-1 3.20742E-1 2.61135E-1 1.72546E-1 1.58554E-1 1.27303E-1 1.27254E-1 1.81982E-1 2.69076E-1
-9999 -9999 -9999 -9999 -9999 -9999 -9999 -9999 -9999 9.57424E-3 4.14938E-1 3.42109E-1 2.15132E-1 4.17524E-1 2.49395E-1 5.30299E-1 4.81348E-1 3.41727E-1 2.87428E-1 2.40949E-1 5.08809E-1 5.65966E-1 5.91571E-1 5.93145E-1 5.15958E-1 4.04597E-1 3.99515E-1 2.00573E-1 1.45414E-1 2.78475E-1 1.75103E-1 2.57687E-1 1.86348E-1 1.73825E-1 1.38881E-1 -9999 3.20914E-1 3.83819E-1 4.35752E-1 5.09284E-1 5.0831E-1 4.56817E-1 3.60419E-1 3.00723E-1 2.68215E-1 2.35962E-1 2.92571E-1 3.1087E-1 2.91067E-1 3.1916E-1 3.10321E-1 3.67454E-1 2.93152E-1 2.49592E-1 1.75475E-1 1.65549E-1 1.38473E-1 1.18482E-1 1.0741E-1 2.75338E-1
