Phytophthora/models/20240429_1812_56/Phytophthora_PA3_RUN8_MAXENT_outputs/Phytophthora_PA3_RUN8.asc
ncols         225
nrows         269
xllcorner     473000.0
yllcorner     4429100.0
cellsize      50.0
NODATA_value  -9999
[rows 135 to 161 of 269, columns 0 to 59 of 225]
-9999 -9999 -9999 -9999 -9999 -9999 -9999 -9999 -9999 -9999 3.48044E-1 5.24776E-1 4.84261E-1 5.20433E-1 5.26603E-1 5.77439E-1 5.92339E-1 5.40195E-1 4.08501E-1 3.54827E-1 4.2805E-1 5.33351E-1 5.95947E-1 5.6056E-1 5.12006E-1 4.15899E-1 4.31364E-1 4.5356E-1 4.12855E-1 1.77297E-1 1.56013E-1 2.61403E-1 2.69748E-1 1.31822E-1 1.31436E-1 1.01912E-1 2.06667E-1 2.84599E-1 3.51733E-1 4.58747E-1 4.52145E-1 4.03964E-1 3.54861E-1 3.51605E-1 3.71071E-1 3.17888E-1 3.22092E-1 3.19411E-1 3.10102E-1 1.48044E-1 3.77351E-1 3.92481E-1 3.28209E-1 2.54503E-1 2.01148E-1 1.96095E-1 1.63292E-1 1.46281E-1 2.10813E-1 2.93083E-1
-9999 -9999 -9999 -9999 -9999 -9999 -9999 -9999 -9999 -9999 2.85198E-1 6.54183E-1 4.29447E-1 5.96239E-1 5.41683E-1 5.67525E-1 4.59569E-1 5.21882E-1 4.92242E-1 4.32345E-1 5.2583E-1 6.37978E-1 6.59445E-1 6.19677E-1 5.05941E-1 3.50571E-1 3.41349E-1 3.33962E-1 3.61885E-1 3.95655E-1 3.79625E-1 2.0824E-1 -9999 -9999 1.5663E-1 1.87276E-1 2.22669E-1 2.56492E-1 3.60571E-1 2.91298E-1 4.523E-1 4.01742E-1 4.1917E-1 5.09033E-1 4.76075E-1 4.15916E-1 3.75881E-1 3.13244E-1 1.3243E-1 2.61298E-1 4.49357E-1 3.37921E-1 4.00464E-1 3.4534E-1 2.80229E-1 2.12288E-1 1.63849E-1 1.57832E-1 1.88326E-1 1.83084E-1
-9999 -9999 -9999 -9999 -9999 -9999 -9999 -9999 -9999 -9999 4.34097E-1 5.25293E-1 5.28756E-1 5.34806E-1 5.25618E-1 5.20936E-1 5.14746E-1 3.99074E-1 4.68283E-1 5.01859E-1 6.53752E-1 7.2151E-1 7.22243E-1 6.35861E-1 5.63819E-1 3.64694E-1 3.29335E-1 3.34519E-1 3.66936E-1 4.06292E-1 3.61161E-1 3.52751E-1 -9999 2.29369E-1 2.55119E-1 2.714E-1 3.1457E-1 3.72947E-1 3.84673E-1 2.08543E-1 4.25707E-1 3.94769E-1 5.20866E-1 3.86719E-1 5.34345E-1 2.85533E-1 1.78331E-1 1.18236E-1 2.28042E-1 2.2174E-1 4.34787E-1 3.51719E-1 4.16513E-1 3.74132E-1 3.04385E-1 2.21728E-1 1.88074E-1 1.68711E-1 1.96275E-1 3.21663E-1
-9999 -9999 -9999 -9999 -9999 -9999 -9999 -9999 -9999 -9999 3.52283E-1 4.05241E-1 4.38731E-1 5.02301E-1 5.05869E-1 5.32465E-1 4.02451E-1 5.02488E-1 2.4357E-1 5.04585E-1 5.4217E-1 7.34906E-1 4.44114E-1 6.71565E-1 6.33834E-1 4.51798E-1 4.05731E-1 3.86843E-1 4.0143E-1 4.14724E-1 3.82986E-1 3.46505E-1 2.97714E-1 3.39532E-1 3.39886E-1 3.75692E-1 4.22014E-1 2.77138E-1 4.16662E-1 4.2726E-1 3.35935E-1 5.30344E-1 4.14555E-1 4.75591E-1 3.53316E-1 2.80239E-1 2.59016E-1 2.09715E-1 1.97269E-1 2.10001E-1 4.40616E-1 4.79834E-1 3.84212E-1 3.76185E-1 3.21264E-1 2.54825E-1 2.12018E-1 1.86471E-1 2.12121E-1 2.61708E-1
-9999 -9999 -9999 -9999 -9999 -9999 -9999 -9999 -9999 -9999 3.40128E-1 3.90471E-1 4.54461E-1 4.96629E-1 5.28997E-1 5.38221E-1 3.15747E-1 4.45714E-1 4.32339E-1 4.72159E-1 5.01724E-1 6.43705E-1 6.4198E-1 6.85627E-1 6.54923E-1 3.64028E-1 4.6496E-1 4.29317E-1 1.96221E-1 3.65192E-1 2.20844E-1 4.03385E-1 3.89607E-1 3.31259E-1 3.62072E-1 4.04631E-1 2.43284E-1 3.87079E-1 4.18212E-1 3.3941E-1 3.80575E-1 5.16316E-1 5.21853E-1 4.1449E-1 3.15688E-1 2.44622E-1 1.96102E-1 1.7427E-1 1.69318E-1 2.16058E-1 4.16428E-1 4.08959E-1 4.41392E-1 4.18158E-1 3.65781E-1 2.92098E-1 2.42901E-1 2.13127E-1 2.44966E-1 2.78883E-1
-9999 -9999 -9999 -9999 -9999 -9999 -9999 -9999 -9999 -9999 3.13334E-1 3.61143E-1 4.45929E-1 4.94454E-1 5.32299E-1 5.1752E-1 4.87455E-1 4.53582E-1 2.70619E-1 5.37638E-1 6.1607E-1 6.64948E-1 6.327E-1 6.44384E-1 5.89309E-1 4.56584E-1 4.66914E-1 4.50891E-1 4.28945E-1 4.04283E-1 3.78491E-1 2.76049E-1 2.77823E-1 2.36385E-1 3.89067E-1 3.50579E-1 3.55353E-1 3.555E-1 2.40335E-1 3.93464E-1 4.08314E-1 4.6157E-1 4.36607E-1 3.23593E-1 2.55073E-1 1.93395E-1 1.65267E-1 1.41376E-1 1.43659E-1 2.05253E-1 3.88067E-1 4.67173E-1 4.27054E-1 3.14428E-1 3.66414E-1 2.98905E-1 2.21737E-1 2.1865E-1 2.67336E-1 2.93725E-1
-9999 -9999 -9999 -9999 -9999 -9999 -9999 -9999 -9999 -9999 3.51634E-1 3.6993E-1 4.60984E-1 5.02703E-1 5.08822E-1 4.94407E-1 4.51823E-1 4.20474E-1 5.61998E-1 6.56779E-1 6.78662E-1 7.04426E-1 6.30384E-1 5.92887E-1 5.74746E-1 5.54674E-1 5.57058E-1 5.40211E-1 4.76555E-1 4.25955E-1 3.51101E-1 3.60674E-1 3.5157E-1 3.6812E-1 2.70114E-1 4.49357E-1 4.24378E-1 4.44435E-1 5.05567E-1 4.08043E-1 4.52882E-1 4.2329E-1 3.11312E-1 2.72891E-1 2.41638E-1 2.25269E-1 1.9298E-1 1.80693E-1 2.02109E-1 2.87395E-1 4.56233E-1 5.31568E-1 4.63048E-1 4.82514E-1 4.4685E-1 3.09215E-1 2.42205E-1 2.16985E-1 2.67112E-1 3.23837E-1
-9999 -9999 -9999 -9999 -9999 -9999 -9999 -9999 -9999 -9999 3.07456E-1 3.60631E-1 4.48301E-1 4.49698E-1 4.16891E-1 4.0164E-1 3.95668E-1 3.93232E-1 3.52555E-1 6.61228E-1 6.94305E-1 4.52196E-1 6.23793E-1 6.3261E-1 6.25769E-1 5.29405E-1 4.9279E-1 4.38273E-1 3.87287E-1 3.35861E-1 2.75648E-1 2.84899E-1 2.92962E-1 3.29165E-1 4.2805E-1 4.56948E-1 4.46837E-1 3.1175E-1 4.7239E-1 4.51055E-1 3.94922E-1 3.63805E-1 2.55909E-1 2.43897E-1 2.182E-1 1.86791E-1 1.70051E-1 1.64732E-1 1.9919E-1 3.46904E-1 4.13618E-1 4.68506E-1 3.72198E-1 4.3096E-1 3.99927E-1 2.77639E-1 2.47436E-1 2.38978E-1 2.41075E-1 2.90147E-1
-9999 -9999 -9999 -9999 -9999 -9999 -9999 -9999 -9999 7.82022E-3 2.78483E-1 3.70955E-1 3.99749E-1 3.74779E-1 3.57202E-1 3.63061E-1 3.57277E-1 2.90011E-1 5.00198E-1 6.40757E-1 6.49304E-1 6.51322E-1 6.62663E-1 6.55221E-1 6.92602E-1 6.11195E-1 5.15654E-1 4.22638E-1 3.44655E-1 2.83438E-1 2.38581E-1 2.47885E-1 2.66255E-1 3.11594E-1 4.35092E-1 3.02707E-1 4.27402E-1 4.00829E-1 4.32775E-1 4.06851E-1 3.52108E-1 3.4812E-1 2.79301E-1 2.65847E-1 2.28936E-1 2.26036E-1 2.20692E-1 2.20512E-1 2.87918E-1 3.40194E-1 3.86526E-1 3.57115E-1 3.82838E-1 4.11813E-1 3.65319E-1 2.66678E-1 2.49587E-1 2.52869E-1 2.59057E-1 2.94836E-1
-9999 -9999 -9999 -9999 -9999 -9999 -9999 -9999 -9999 6.68555E-3 2.78446E-1 3.20544E-1 3.15692E-1 2.94086E-1 3.07629E-1 3.56934E-1 3.31354E-1 2.49977E-1 5.51049E-1 6.13708E-1 5.86468E-1 6.12171E-1 6.39105E-1 7.11573E-1 7.15863E-1 5.89581E-1 4.82804E-1 3.78352E-1 3.35754E-1 2.6932E-1 1.95355E-1 2.04251E-1 2.3861E-1 3.05788E-1 3.74809E-1 3.81049E-1 3.61591E-1 3.8232E-1 4.21904E-1 3.69939E-1 3.21122E-1 3.02004E-1 2.85545E-1 2.72502E-1 2.64613E-1 2.80743E-1 2.9322E-1 3.25724E-1 3.26383E-1 3.3055E-1 3.56832E-1 2.95129E-1 3.67077E-1 3.72594E-1 3.35547E-1 2.66427E-1 2.6997E-1 2.7063E-1 2.61076E-1 3.08312E-1
-9999 -9999 -9999 -9999 -9999 -9999 -9999 -9999 -9999 6.53616E-3 2.59737E-1 2.37968E-1 2.4193E-1 2.45111E-1 2.75632E-1 3.19794E-1 3.22273E-1 4.16431E-1 5.99833E-1 5.4314E-1 5.52834E-1 5.66893E-1 5.65775E-1 5.65139E-1 5.44967E-1 3.92662E-1 4.57378E-1 3.74103E-1 3.55082E-1 2.89805E-1 2.3772E-1 2.1355E-1 2.58591E-1 3.1022E-1 3.39821E-1 3.69884E-1 2.66249E-1 3.79419E-1 3.87454E-1 3.40242E-1 3.16544E-1 3.27935E-1 3.20368E-1 3.12825E-1 3.30934E-1 3.67701E-1 4.11212E-1 3.93321E-1 3.70993E-1 3.74685E-1 3.38769E-1 3.34535E-1 4.43599E-1 5.10124E-1 4.20217E-1 3.32147E-1 2.91031E-1 2.61869E-1 2.72765E-1 3.14339E-1
-9999 -9999 -9999 -9999 -9999 -9999 -9999 -9999 1.46793E-1 1.79988E-1 2.24182E-1 1.79539E-1 2.38611E-1 3.12721E-1 2.91254E-1 2.26587E-1 1.80277E-1 5.08459E-1 4.42372E-1 4.51779E-1 4.73642E-1 4.82104E-1 4.48726E-1 4.10107E-1 4.3754E-1 4.84012E-1 2.28441E-1 4.12905E-1 3.96795E-1 3.40964E-1 3.10791E-1 2.63049E-1 3.31482E-1 3.25583E-1 3.28349E-1 2.79033E-1 3.48246E-1 3.8217E-1 3.37456E-1 2.99853E-1 3.30726E-1 3.36416E-1 3.14181E-1 3.67868E-1 4.71656E-1 5.35142E-1 5.03418E-1 4.78707E-1 4.7465E-1 4.34945E-1 4.04046E-1 4.72036E-1 5.342E-1 5.72734E-1 4.97287E-1 4.50605E-1 3.97455E-1 3.28421E-1 3.43775E-1 3.89036E-1
-9999 -9999 -9999 -9999 -9999 -9999 -9999 -9999 1.51263E-1 1.67356E-1 1.81636E-1 1.51158E-1 2.4339E-1 2.57523E-1 2.51747E-1 1.63708E-1 2.94696E-1 3.55258E-1 4.4245E-1 4.84024E-1 5.14902E-1 5.44163E-1 5.50248E-1 5.3691E-1 5.12715E-1 4.73629E-1 4.14827E-1 2.93136E-1 4.1193E-1 3.57818E-1 3.54561E-1 3.74247E-1 4.07473E-1 3.58376E-1 3.49732E-1 3.95264E-1 3.70894E-1 3.53171E-1 3.02311E-1 2.6427E-1 3.09869E-1 2.8449E-1 2.90568E-1 3.91332E-1 5.42983E-1 5.75195E-1 5.36532E-1 5.3474E-1 4.5827E-1 4.55134E-1 4.28418E-1 5.59075E-1 6.00813E-1 5.67066E-1 5.25281E-1 4.79207E-1 3.92643E-1 3.37818E-1 3.26724E-1 3.45679E-1
-9999 -9999 -9999 -9999 -9999 -9999 -9999 -9999 1.67048E-1 1.8335E-1 1.66906E-1 2.83531E-1 1.53641E-1 1.36094E-1 1.42816E-1 1.53628E-1 1.37348E-1 2.95087E-1 4.79248E-1 5.32625E-1 5.47748E-1 6.15318E-1 6.00953E-1 5.71321E-1 5.03189E-1 4.38754E-1 2.17479E-1 4.27612E-1 2.83931E-1 4.06382E-1 4.21353E-1 4.40814E-1 4.0646E-1 1.83983E-1 3.93605E-1 4.38264E-1 3.90956E-1 3.58657E-1 3.03872E-1 2.93152E-1 2.67551E-1 2.95111E-1 3.71248E-1 5.39611E-1 5.62623E-1 5.77938E-1 5.72091E-1 4.89893E-1 4.89422E-1 5.57655E-1 5.97345E-1 6.19094E-1 6.50149E-1 4.01984E-1 4.65088E-1 4.76457E-1 4.24381E-1 3.56122E-1 3.15205E-1 3.09309E-1
-9999 -9999 -9999 -9999 -9999 -9999 -9999 9.56259E-2 1.5729E-1 2.62181E-1 2.49499E-1 1.98939E-1 2.06265E-1 2.09853E-1 1.75048E-1 1.46615E-1 2.00224E-1 3.83353E-1 4.1024E-1 5.15223E-1 5.37377E-1 5.53985E-1 5.13776E-1 4.92202E-1 4.3356E-1 4.08782E-1 4.24016E-1 4.50383E-1 4.1667E-1 2.19156E-1 4.74376E-1 5.09745E-1 3.5093E-1 4.09969E-1 4.45402E-1 4.4345E-1 4.04262E-1 3.57076E-1 3.1442E-1 3.27605E-1 3.07124E-1 4.38871E-1 5.12075E-1 5.70507E-1 5.70362E-1 6.21882E-1 5.76944E-1 5.1865E-1 5.88784E-1 6.23931E-1 6.51763E-1 6.60977E-1 6.47725E-1 5.29159E-1 5.17068E-1 4.45224E-1 4.0331E-1 3.43035E-1 3.05598E-1 3.02057E-1
-9999 -9999 -9999 -9999 -9999 -9999 -9999 8.48251E-2 1.71721E-1 2.03651E-1 2.16226E-1 2.81399E-1 3.55017E-1 3.44747E-1 3.32884E-1 3.03602E-1 2.93816E-1 3.52697E-1 4.07184E-1 4.67385E-1 4.57265E-1 4.4835E-1 4.0903E-1 4.4392E-1 4.01708E-1 3.77931E-1 3.8706E-1 4.38756E-1 2.11187E-1 4.45538E-1 4.75889E-1 5.0265E-1 4.32735E-1 4.5956E-1 4.41218E-1 4.27234E-1 3.83599E-1 3.45868E-1 3.45136E-1 3.69696E-1 4.01345E-1 4.5438E-1 5.29476E-1 5.3067E-1 5.27406E-1 2.89119E-1 3.54093E-1 3.95584E-1 5.94165E-1 4.00473E-1 4.25505E-1 6.32294E-1 6.08499E-1 4.90155E-1 4.62182E-1 3.97253E-1 3.72571E-1 3.43153E-1 2.94114E-1 3.18037E-1
-9999 -9999 -9999 -9999 -9999 -9999 -9999 1.34821E-1 2.87678E-1 3.51791E-1 4.02488E-1 4.94062E-1 5.38152E-1 5.38834E-1 5.18023E-1 4.3952E-1 3.9031E-1 4.8377E-1 4.73667E-1 5.0143E-1 5.04825E-1 5.17009E-1 4.88889E-1 4.7138E-1 4.32939E-1 4.25078E-1 4.73245E-1 5.11919E-1 5.41985E-1 5.30287E-1 5.82906E-1 6.29953E-1 6.01709E-1 5.68924E-1 5.03963E-1 4.77643E-1 4.22669E-1 4.44108E-1 4.80113E-1 5.06099E-1 5.77114E-1 5.91945E-1 6.0335E-1 4.5475E-1 6.13542E-1 6.81096E-1 7.31699E-1 7.5739E-1 7.74508E-1 7.48653E-1 7.20151E-1 6.7101E-1 5.91092E-1 5.01445E-1 4.65658E-1 4.22155E-1 4.07136E-1 3.73091E-1 3.33205E-1 3.64479E-1
-9999 -9999 -9999 -9999 -9999 -9999 1.60576E-1 2.74595E-1 3.62224E-1 4.64272E-1 5.28536E-1 5.70917E-1 6.03961E-1 6.1423E-1 5.95076E-1 5.0989E-1 4.91527E-1 5.78038E-1 5.26558E-1 4.89812E-1 4.82574E-1 4.76301E-1 4.54679E-1 4.25953E-1 3.99538E-1 4.17296E-1 4.53828E-1 4.70322E-1 5.41226E-1 5.77034E-1 6.05886E-1 5.25919E-1 6.29418E-1 5.78275E-1 4.71106E-1 4.52145E-1 3.82377E-1 4.13799E-1 5.32296E-1 5.66767E-1 5.84058E-1 5.34764E-1 3.98076E-1 5.80655E-1 6.16362E-1 6.75087E-1 7.20823E-1 7.5132E-1 7.81146E-1 7.61601E-1 7.07921E-1 6.30317E-1 5.66108E-1 5.0452E-1 4.01986E-1 4.00782E-1 3.75223E-1 3.37403E-1 3.25717E-1 2.5165E-1
-9999 -9999 -9999 -9999 -9999 -9999 1.35936E-1 3.90852E-1 4.58959E-1 5.30495E-1 5.47381E-1 5.9522E-1 6.39339E-1 6.50988E-1 6.17644E-1 5.45004E-1 5.55848E-1 6.31017E-1 5.07417E-1 4.73137E-1 4.46519E-1 4.16411E-1 3.98161E-1 3.84143E-1 3.81276E-1 3.68247E-1 4.2356E-1 4.21897E-1 4.90007E-1 5.88135E-1 6.18762E-1 5.88193E-1 6.47263E-1 5.51663E-1 4.53831E-1 4.92081E-1 4.73825E-1 4.75598E-1 5.4164E-1 5.33598E-1 5.69652E-1 4.99148E-1 5.68207E-1 5.97563E-1 6.45122E-1 7.29477E-1 7.58031E-1 7.81641E-1 6.25746E-1 7.01293E-1 6.67631E-1 5.36486E-1 5.46691E-1 5.00965E-1 3.54449E-1 3.89671E-1 3.51015E-1 3.05485E-1 3.09976E-1 3.83003E-1
-9999 -9999 -9999 -9999 -9999 -9999 -9999 3.89767E-1 5.00609E-1 5.89978E-1 5.89266E-1 6.37907E-1 6.78418E-1 7.03173E-1 6.94711E-1 6.23881E-1 6.62525E-1 6.46826E-1 5.44825E-1 5.31249E-1 5.25922E-1 4.8929E-1 3.93073E-1 3.24384E-1 3.0345E-1 2.81394E-1 3.95129E-1 4.21118E-1 4.94452E-1 5.53922E-1 6.0581E-1 6.53038E-1 6.64058E-1 5.59306E-1 5.32254E-1 5.58974E-1 4.67428E-1 5.07756E-1 5.30467E-1 5.5154E-1 5.86001E-1 5.64637E-1 5.73231E-1 6.0677E-1 6.68613E-1 7.28925E-1 7.43977E-1 7.74867E-1 7.60598E-1 6.19549E-1 5.91471E-1 5.39672E-1 4.94441E-1 2.75925E-1 3.94779E-1 4.1159E-1 3.91014E-1 3.43454E-1 3.17048E-1 4.18987E-1
-9999 -9999 -9999 -9999 -9999 -9999 -9999 3.20702E-1 5.62425E-1 6.3613E-1 6.11261E-1 6.40497E-1 6.75337E-1 7.11043E-1 6.19432E-1 6.70465E-1 7.21845E-1 6.53049E-1 5.79387E-1 5.98655E-1 5.43722E-1 4.4924E-1 3.28638E-1 2.76384E-1 2.68922E-1 2.8065E-1 3.63934E-1 4.39916E-1 4.98413E-1 5.31901E-1 5.66827E-1 6.56815E-1 6.31514E-1 5.74774E-1 5.92941E-1 4.40439E-1 5.03701E-1 5.33936E-1 5.44638E-1 2.77814E-1 6.34375E-1 6.08116E-1 5.55761E-1 6.02898E-1 6.63832E-1 7.38931E-1 7.34276E-1 7.3564E-1 6.74651E-1 5.63835E-1 5.05892E-1 4.53202E-1 4.13961E-1 4.27489E-1 3.64436E-1 4.40551E-1 3.98662E-1 3.62992E-1 4.44833E-1 5.63874E-1
-9999 -9999 -9999 -9999 -9999 -9999 -9999 -9999 2.40215E-1 6.12895E-1 5.80565E-1 5.90533E-1 6.41777E-1 6.79869E-1 7.42289E-1 8.18932E-1 8.19276E-1 7.29477E-1 7.95707E-1 7.52287E-1 5.83258E-1 4.76874E-1 3.63423E-1 3.17126E-1 3.27199E-1 3.20146E-1 3.92007E-1 4.44052E-1 5.17727E-1 5.69319E-1 6.46122E-1 6.9933E-1 7.26901E-1 6.90159E-1 6.24093E-1 5.61719E-1 6.01105E-1 6.19995E-1 4.91941E-1 6.55014E-1 6.52761E-1 6.05745E-1 5.33342E-1 5.83155E-1 6.09079E-1 5.42646E-1 6.19796E-1 5.82902E-1 5.33026E-1 5.02692E-1 5.214E-1 4.81113E-1 4.77199E-1 4.65892E-1 3.253E-1 5.44223E-1 4.36901E-1 3.94992E-1 4.80771E-1 6.34156E-1
-9999 -9999 -9999 -9999 -9999 -9999 -9999 -9999 2.56368E-1 4.92258E-1 4.14433E-1 5.2604E-1 6.12874E-1 6.57923E-1 7.42343E-1 7.90308E-1 7.83294E-1 8.15666E-1 8.02196E-1 7.38249E-1 5.54025E-1 4.66646E-1 3.70466E-1 3.48305E-1 3.83628E-1 3.82353E-1 4.32869E-1 4.74446E-1 5.46056E-1 6.00076E-1 6.33357E-1 6.79092E-1 7.13992E-1 6.52128E-1 4.82446E-1 5.55588E-1 5.90511E-1 6.51229E-1 6.82615E-1 6.7445E-1 6.21804E-1 5.72427E-1 5.07677E-1 4.5285E-1 5.08772E-1 4.68337E-1 5.57049E-1 5.49589E-1 4.9257E-1 4.61893E-1 4.82376E-1 4.67079E-1 5.28565E-1 4.75972E-1 5.68721E-1 5.75866E-1 4.69365E-1 3.16121E-1 6.19767E-1 5.38271E-1
-9999 -9999 -9999 -9999 -9999 -9999 -9999 -9999 1.85474E-1 3.35451E-1 4.2637E-1 5.13701E-1 5.60096E-1 6.47085E-1 7.06833E-1 7.75415E-1 7.83551E-1 7.99064E-1 7.83209E-1 6.96773E-1 5.47117E-1 4.85592E-1 3.90769E-1 4.04115E-1 4.39963E-1 4.40852E-1 4.91717E-1 5.17845E-1 5.79774E-1 6.35075E-1 6.40311E-1 6.47401E-1 7.00797E-1 5.52572E-1 5.02904E-1 5.73701E-1 6.81789E-1 7.20617E-1 7.31176E-1 6.90252E-1 6.36492E-1 5.67081E-1 4.8486E-1 4.01832E-1 4.39023E-1 4.01708E-1 4.8377E-1 4.78774E-1 4.72939E-1 4.88836E-1 5.46744E-1 4.76042E-1 6.03832E-1 5.85106E-1 6.13284E-1 4.73406E-1 5.36712E-1 5.5584E-1 4.79848E-1 4.08353E-1
-9999 -9999 -9999 -9999 -9999 -9999 -9999 -9999 -9999 3.77166E-1 4.53821E-1 4.89793E-1 6.06532E-1 6.34454E-1 6.76719E-1 7.48919E-1 7.62981E-1 7.62186E-1 7.22552E-1 6.76216E-1 5.35301E-1 4.78972E-1 4.197E-1 4.51129E-1 4.92002E-1 5.06081E-1 5.47068E-1 5.72283E-1 6.01206E-1 6.75798E-1 6.62203E-1 6.17804E-1 6.95761E-1 5.21212E-1 4.92307E-1 6.42493E-1 7.11555E-1 7.24469E-1 7.04878E-1 6.68794E-1 6.13321E-1 5.11714E-1 4.17743E-1 3.47143E-1 3.57149E-1 3.32574E-1 3.73951E-1 4.01094E-1 4.2162E-1 4.77461E-1 5.72286E-1 5.97123E-1 6.22296E-1 6.53544E-1 6.60853E-1 5.74509E-1 5.15073E-1 4.34032E-1 3.80604E-1 4.83427E-1
-9999 -9999 -9999 -9999 -9999 -9999 -9999 -9999 -9999 4.61369E-1 5.01109E-1 6.09101E-1 6.50059E-1 6.74569E-1 6.98698E-1 7.56829E-1 7.52173E-1 7.4334E-1 7.00111E-1 6.6035E-1 5.53379E-1 5.24073E-1 4.64006E-1 4.79528E-1 5.27101E-1 5.46663E-1 5.92582E-1 6.19976E-1 6.23217E-1 5.84953E-1 6.35599E-1 4.57504E-1 6.93877E-1 6.83855E-1 6.74867E-1 6.59882E-1 6.56066E-1 6.16889E-1 6.63675E-1 6.33374E-1 5.82963E-1 4.70469E-1 3.92779E-1 3.30582E-1 3.46202E-1 3.3533E-1 3.58196E-1 3.29755E-1 3.61312E-1 4.77518E-1 5.56867E-1 5.9731E-1 6.37342E-1 6.67037E-1 5.37897E-1 4.61777E-1 3.82432E-1 4.01885E-1 5.45375E-1 5.6325E-1
-9999 -9999 -9999 -9999 -9999 -9999 -9999 -9999 -9999 5.19199E-1 5.91151E-1 6.46674E-1 6.93048E-1 7.18097E-1 7.53241E-1 7.76812E-1 7.45993E-1 7.57975E-1 7.34136E-1 7.24097E-1 6.55283E-1 6.0001E-1 5.01557E-1 5.3443E-1 5.87974E-1 6.25793E-1 6.8351E-1 5.26183E-1 6.76607E-1 6.67116E-1 5.7886E-1 6.58645E-1 6.59897E-1 6.44511E-1 7.06915E-1 7.04906E-1 5.36867E-1 5.31999E-1 5.40124E-1 5.59486E-1 4.87324E-1 4.33645E-1 3.69408E-1 3.39945E-1 4.09778E-1 4.67174E-1 4.75348E-1 4.62269E-1 5.06995E-1 5.09272E-1 4.71581E-1 5.35477E-1 6.53837E-1 7.02721E-1 5.7447E-1 6.00839E-1 5.25536E-1 4.58749E-1 4.99018E-1 6.19557E-1
