Phytophthora/models/20240429_1921_07/Phytophthora_PA3_RUN7_MAXENT_outputs/Phytophthora_PA3_RUN7.asc
ncols         225
nrows         269
xllcorner     473000.0
yllcorner     4429100.0
cellsize      50.0
NODATA_value  -9999
[rows 135 to 161 of 269, columns 60 to 119 of 225]
3.06275E-1 2.19197E-1 3.30093E-1 3.55048E-1 3.41486E-1 4.62819E-1 4.77393E-1 4.41421E-1 5.02733E-1 5.24408E-1 5.52072E-1 5.96223E-1 4.68978E-1 5.20508E-1 5.82043E-1 6.29567E-1 6.00886E-1 5.74687E-1 5.48889E-1 4.41218E-1 3.76983E-1 4.15043E-1 5.23436E-1 4.4876E-1 4.30561E-1 4.2197E-1 4.51627E-1 3.68297E-1 3.04139E-1 2.87378E-1 2.79543E-1 2.49327E-1 2.32226E-1 2.6305E-1 2.97258E-1 2.96461E-1 4.05425E-1 4.43336E-1 4.74582E-1 3.1181E-1 3.89271E-1 3.69251E-1 3.32659E-1 2.96537E-1 3.15434E-1 2.32663E-1 2.76368E-1 4.01024E-1 4.30265E-1 4.57415E-1 4.43005E-1 4.43934E-1 2.70843E-1 4.78177E-1 4.33206E-1 4.59851E-1 3.2604E-1 2.63152E-1 2.30301E-1 2.10326E-1
3.27586E-1 4.48613E-1 4.27352E-1 4.01692E-1 3.75014E-1 2.59217E-1 4.78271E-1 4.80784E-1 4.86055E-1 4.61376E-1 4.87056E-1 5.0572E-1 3.65669E-1 1.55157E-1 4.53988E-1 6.38469E-1 6.55175E-1 6.28916E-1 5.70827E-1 4.65312E-1 4.82234E-1 5.12532E-1 4.63756E-1 5.30626E-1 5.33029E-1 5.002E-1 5.94791E-1 5.11199E-1 4.68268E-1 4.1845E-1 3.37575E-1 3.01173E-1 2.90488E-1 2.95304E-1 3.92304E-1 4.59789E-1 5.70568E-1 6.64707E-1 6.08451E-1 6.4376E-1 5.91464E-1 6.18057E-1 5.77622E-1 5.64776E-1 5.43394E-1 3.5657E-1 3.92543E-1 5.02891E-1 5.8396E-1 6.04526E-1 5.80139E-1 5.73606E-1 5.86292E-1 6.43278E-1 6.33769E-1 4.21363E-1 4.15404E-1 3.23152E-1 2.89296E-1 2.96323E-1
3.20612E-1 5.06453E-1 2.29647E-1 2.6013E-1 2.00407E-1 4.62472E-1 4.92781E-1 4.84883E-1 4.7218E-1 4.38465E-1 4.97652E-1 4.84063E-1 2.02412E-1 3.45476E-1 3.32427E-1 5.66773E-1 5.8974E-1 5.22807E-1 5.10275E-1 4.87199E-1 5.22425E-1 5.64395E-1 5.98061E-1 5.99286E-1 5.15234E-1 4.92093E-1 2.84651E-1 4.9844E-1 4.35981E-1 3.83207E-1 3.17372E-1 2.87701E-1 2.8139E-1 3.27818E-1 4.04654E-1 5.04219E-1 5.64988E-1 5.92185E-1 6.83415E-1 6.4811E-1 6.39806E-1 6.31085E-1 6.25254E-1 6.194E-1 5.9596E-1 3.91151E-1 3.5062E-1 5.16345E-1 5.33367E-1 5.61286E-1 6.04583E-1 5.28103E-1 5.89429E-1 5.90341E-1 6.24067E-1 3.53355E-1 3.57284E-1 3.14563E-1 2.89046E-1 2.9897E-1
2.7907E-1 2.9905E-1 3.85706E-1 3.62125E-1 3.8264E-1 4.71448E-1 3.7596E-1 3.72242E-1 3.92051E-1 5.36479E-1 1.68267E-1 3.1632E-1 3.44125E-1 3.27729E-1 3.44062E-1 5.35072E-1 5.89657E-1 5.74291E-1 6.31119E-1 6.35367E-1 6.18718E-1 6.53243E-1 6.00151E-1 5.80209E-1 5.10625E-1 2.73318E-1 5.00538E-1 4.74793E-1 4.11937E-1 3.64949E-1 2.96515E-1 2.74434E-1 3.04735E-1 3.62572E-1 4.58408E-1 5.45977E-1 6.42427E-1 6.05959E-1 6.379E-1 6.67284E-1 6.93992E-1 5.36866E-1 5.62801E-1 4.85233E-1 4.8959E-1 4.94544E-1 4.26584E-1 4.76507E-1 4.79035E-1 5.38382E-1 5.78019E-1 4.96178E-1 5.06927E-1 5.97861E-1 5.47295E-1 1.56674E-1 3.59718E-1 2.76306E-1 2.63112E-1 2.65955E-1
5.7179E-1 5.76542E-1 3.84777E-1 3.65239E-1 3.84373E-1 4.5186E-1 4.27441E-1 3.4517E-1 2.59776E-1 4.99307E-1 4.21327E-1 2.75511E-1 1.6632E-1 1.70996E-1 2.244E-1 4.76124E-1 5.78488E-1 6.25808E-1 6.77694E-1 6.78458E-1 5.95565E-1 5.3847E-1 5.6007E-1 2.85402E-1 5.34656E-1 4.76954E-1 4.56519E-1 4.24625E-1 3.72226E-1 3.28437E-1 2.86167E-1 2.60686E-1 3.08009E-1 3.62546E-1 4.69601E-1 5.41039E-1 6.54895E-1 6.91019E-1 5.99816E-1 6.94013E-1 3.62741E-1 5.19351E-1 5.30674E-1 5.35677E-1 5.21644E-1 4.98136E-1 5.34254E-1 4.8956E-1 4.64632E-1 5.0928E-1 5.57219E-1 5.36539E-1 3.37203E-1 5.37709E-1 5.7084E-1 3.85146E-1 3.39174E-1 2.94907E-1 2.91019E-1 3.0761E-1
1.77151E-1 2.70596E-1 3.48867E-1 3.67091E-1 3.22833E-1 4.51136E-1 4.10664E-1 3.59395E-1 3.19728E-1 3.11233E-1 2.12411E-1 1.62249E-1 1.81895E-1 2.1442E-1 2.88391E-1 4.9654E-1 6.32716E-1 6.85374E-1 7.12652E-1 6.63821E-1 5.84686E-1 5.57659E-1 5.5851E-1 5.52469E-1 4.99477E-1 4.45698E-1 4.41698E-1 3.96949E-1 3.27434E-1 2.97522E-1 2.84016E-1 3.11202E-1 3.65077E-1 3.6513E-1 4.77073E-1 5.67416E-1 6.70801E-1 7.06874E-1 7.02584E-1 7.08837E-1 5.66291E-1 5.65729E-1 5.72017E-1 5.70213E-1 5.21169E-1 4.67867E-1 4.90239E-1 4.90906E-1 4.34513E-1 5.09899E-1 4.96907E-1 5.43672E-1 6.82519E-1 6.67358E-1 4.192E-1 3.4401E-1 3.56462E-1 3.29972E-1 3.19138E-1 3.27883E-1
3.69607E-1 2.59766E-1 3.93917E-1 3.98491E-1 2.51645E-1 4.36506E-1 3.85772E-1 3.29807E-1 2.8931E-1 2.60606E-1 2.07659E-1 1.82533E-1 2.30229E-1 2.54151E-1 2.89702E-1 3.92315E-1 5.39382E-1 5.70911E-1 6.00875E-1 5.35872E-1 6.2092E-1 5.67307E-1 2.90495E-1 5.12451E-1 4.58854E-1 4.08489E-1 3.97646E-1 3.52429E-1 2.94561E-1 2.74023E-1 3.39259E-1 3.72394E-1 4.34067E-1 4.34984E-1 4.72E-1 5.52503E-1 6.38178E-1 6.85901E-1 7.10398E-1 7.35222E-1 6.28871E-1 3.65136E-1 6.2425E-1 6.00327E-1 5.49577E-1 4.52741E-1 4.21268E-1 3.91885E-1 4.09425E-1 4.20452E-1 4.15692E-1 4.88778E-1 6.6634E-1 5.28928E-1 3.83613E-1 5.18148E-1 4.83669E-1 4.20259E-1 3.9598E-1 4.1641E-1
3.8306E-1 4.75901E-1 4.58352E-1 3.98464E-1 3.88912E-1 4.33682E-1 3.90519E-1 3.33722E-1 2.86828E-1 3.00343E-1 2.54409E-1 2.25081E-1 2.51312E-1 2.81007E-1 3.26467E-1 3.8391E-1 4.93293E-1 5.83738E-1 6.14468E-1 5.10321E-1 4.1703E-1 4.28223E-1 5.33549E-1 4.85212E-1 4.45554E-1 4.09166E-1 3.44933E-1 3.19664E-1 2.76774E-1 2.98943E-1 3.84077E-1 4.2596E-1 4.80967E-1 4.96669E-1 5.39379E-1 5.3849E-1 6.52187E-1 5.60584E-1 7.16004E-1 7.10967E-1 6.26587E-1 6.32142E-1 6.14601E-1 5.8467E-1 5.25406E-1 4.37647E-1 4.08031E-1 3.79598E-1 4.29005E-1 4.54346E-1 5.18112E-1 5.00579E-1 5.23377E-1 4.92313E-1 4.79532E-1 4.75823E-1 4.54996E-1 4.0432E-1 3.75973E-1 4.05724E-1
1.9307E-1 4.93165E-1 5.41512E-1 4.05286E-1 4.25669E-1 4.46946E-1 3.5801E-1 3.253E-1 2.88732E-1 1.88059E-1 1.27746E-1 2.58547E-1 2.94815E-1 3.2658E-1 3.70067E-1 4.13745E-1 4.44598E-1 6.26279E-1 6.1252E-1 6.09553E-1 6.06346E-1 5.41469E-1 4.94569E-1 4.66725E-1 4.20929E-1 4.01973E-1 3.20715E-1 2.76676E-1 2.82167E-1 3.28675E-1 4.32059E-1 4.85594E-1 5.12486E-1 5.40142E-1 5.76372E-1 6.01239E-1 6.163E-1 7.23487E-1 7.23285E-1 7.19545E-1 5.93737E-1 5.92961E-1 5.79023E-1 5.61081E-1 5.23317E-1 3.98033E-1 3.73385E-1 4.09408E-1 4.68961E-1 4.65094E-1 5.43766E-1 3.80817E-1 5.886E-1 5.07324E-1 4.84207E-1 4.63846E-1 4.16604E-1 3.57744E-1 3.81894E-1 4.36901E-1
2.01857E-1 3.74472E-1 3.884E-1 4.04954E-1 4.40991E-1 4.40903E-1 3.80225E-1 3.60124E-1 3.21615E-1 2.93452E-1 1.85171E-1 2.84419E-1 3.26237E-1 3.47827E-1 3.96319E-1 4.314E-1 4.64315E-1 4.6484E-1 6.14188E-1 6.11169E-1 5.39222E-1 4.84109E-1 4.42087E-1 4.32335E-1 3.90675E-1 3.90976E-1 2.81175E-1 2.60208E-1 3.17141E-1 3.6375E-1 5.10403E-1 5.26921E-1 5.15177E-1 5.33891E-1 5.45051E-1 3.90895E-1 6.16036E-1 7.09468E-1 5.36166E-1 7.39634E-1 6.71592E-1 5.80416E-1 5.45638E-1 5.42887E-1 5.26621E-1 3.80461E-1 3.49884E-1 4.39321E-1 4.84931E-1 4.38589E-1 5.59068E-1 3.40338E-1 6.13236E-1 4.9468E-1 4.24307E-1 3.83426E-1 3.46408E-1 3.45899E-1 3.72189E-1 4.89368E-1
4.5023E-1 1.90514E-1 4.30273E-1 4.83492E-1 4.6405E-1 4.703E-1 4.28784E-1 4.0494E-1 3.61417E-1 3.43389E-1 2.4841E-1 3.4047E-1 3.46452E-1 3.66388E-1 4.11911E-1 4.59762E-1 2.46364E-1 4.63042E-1 4.54955E-1 5.68459E-1 5.15281E-1 4.23871E-1 3.96263E-1 3.92321E-1 3.74687E-1 3.68511E-1 2.72746E-1 2.52406E-1 3.10587E-1 3.96138E-1 5.0429E-1 4.99818E-1 4.84459E-1 4.90326E-1 5.31608E-1 5.72009E-1 6.00635E-1 4.47343E-1 7.11476E-1 7.36925E-1 7.45963E-1 6.29495E-1 5.3977E-1 5.31056E-1 4.96026E-1 3.84719E-1 3.52812E-1 4.23542E-1 6.3944E-1 4.47967E-1 6.51086E-1 6.31153E-1 5.46514E-1 5.6176E-1 4.9536E-1 4.43688E-1 3.97576E-1 3.94915E-1 4.20402E-1 4.44264E-1
5.54357E-1 5.70773E-1 4.95091E-1 5.15775E-1 4.64201E-1 3.03679E-1 4.1532E-1 4.2294E-1 4.10177E-1 3.67297E-1 5.03667E-1 3.82784E-1 3.73082E-1 3.52803E-1 4.17633E-1 5.404E-1 5.60695E-1 5.73112E-1 5.24854E-1 6.19107E-1 4.56696E-1 4.18851E-1 3.78143E-1 3.80678E-1 3.86656E-1 3.17358E-1 2.30691E-1 2.23819E-1 2.6223E-1 3.3105E-1 4.75252E-1 4.49699E-1 4.33382E-1 4.40261E-1 4.84351E-1 5.57929E-1 5.93721E-1 5.71E-1 5.89639E-1 7.44511E-1 7.60941E-1 7.32761E-1 6.20405E-1 5.99628E-1 5.49371E-1 1.59386E-1 3.36607E-1 2.46251E-1 5.53773E-1 5.61085E-1 6.27635E-1 6.11375E-1 5.49092E-1 3.43067E-1 5.15316E-1 4.30857E-1 3.73835E-1 3.52664E-1 2.18521E-1 4.28847E-1
2.74694E-1 5.11413E-1 3.91456E-1 4.62677E-1 4.37397E-1 4.16997E-1 2.73234E-1 4.447E-1 4.63279E-1 3.8875E-1 3.30459E-1 5.14896E-1 4.01329E-1 3.905E-1 4.2596E-1 5.51227E-1 5.66787E-1 5.70494E-1 5.23185E-1 4.61188E-1 4.61293E-1 3.90329E-1 3.34951E-1 3.41298E-1 3.82546E-1 3.07334E-1 2.31623E-1 2.39028E-1 2.51759E-1 3.27571E-1 4.52107E-1 4.5935E-1 4.11167E-1 4.10758E-1 4.61021E-1 5.56577E-1 5.78112E-1 5.9637E-1 5.81143E-1 5.87451E-1 7.7489E-1 7.33196E-1 7.06704E-1 3.24835E-1 3.17306E-1 1.82194E-1 4.52713E-1 3.44183E-1 4.58543E-1 4.92945E-1 4.18085E-1 4.42904E-1 4.80828E-1 4.99439E-1 4.92396E-1 2.91176E-1 4.29922E-1 3.7648E-1 3.68311E-1 2.35884E-1
4.04453E-1 3.10966E-1 3.42459E-1 3.91966E-1 3.81424E-1 3.97548E-1 4.46372E-1 4.93408E-1 4.94525E-1 4.24914E-1 2.14692E-1 3.30808E-1 4.29132E-1 4.37626E-1 4.74703E-1 5.85628E-1 4.66641E-1 5.76337E-1 5.44362E-1 5.22805E-1 4.83105E-1 3.9754E-1 3.60486E-1 3.77429E-1 4.4145E-1 3.29704E-1 2.56156E-1 2.63366E-1 2.44105E-1 3.41607E-1 4.23249E-1 4.5871E-1 4.02963E-1 3.92815E-1 4.79148E-1 5.42629E-1 5.64717E-1 5.60546E-1 5.68112E-1 5.84623E-1 6.21145E-1 7.32554E-1 5.61099E-1 5.97268E-1 3.15737E-1 2.14426E-1 2.16654E-1 2.06879E-1 2.76455E-1 3.53222E-1 3.65689E-1 3.90553E-1 4.31959E-1 4.67996E-1 4.37265E-1 4.0014E-1 4.00018E-1 4.12673E-1 3.34259E-1 2.75524E-1
3.97027E-1 2.83066E-1 2.9962E-1 3.11948E-1 3.38007E-1 3.70618E-1 4.39602E-1 6.0163E-1 1.73914E-1 4.89549E-1 3.82774E-1 3.71098E-1 4.522E-1 4.63512E-1 3.13435E-1 6.12122E-1 3.58895E-1 5.60528E-1 5.49993E-1 6.00504E-1 5.21877E-1 4.39922E-1 4.06217E-1 4.29685E-1 4.95482E-1 3.72289E-1 3.11052E-1 3.32192E-1 2.87564E-1 3.54901E-1 4.00398E-1 4.2461E-1 4.10895E-1 3.96621E-1 4.97308E-1 5.25418E-1 5.25735E-1 5.12901E-1 5.24831E-1 5.47202E-1 5.92146E-1 6.45525E-1 6.65677E-1 3.56567E-1 2.78214E-1 1.93257E-1 1.67423E-1 2.14468E-1 2.39816E-1 4.21085E-1 2.38189E-1 3.13669E-1 3.61283E-1 3.60509E-1 4.06665E-1 3.61581E-1 3.7291E-1 3.50165E-1 2.86018E-1 2.56955E-1
4.69454E-1 3.30356E-1 3.36017E-1 3.42233E-1 3.53638E-1 3.76908E-1 4.44335E-1 3.77501E-1 5.27847E-1 3.3107E-1 4.54862E-1 4.25979E-1 4.64076E-1 2.42675E-1 4.94755E-1 6.11338E-1 5.89152E-1 5.43865E-1 5.1318E-1 5.90697E-1 5.44014E-1 4.88913E-1 4.62552E-1 4.93339E-1 5.43434E-1 4.16751E-1 3.84012E-1 3.82615E-1 3.30344E-1 3.94982E-1 3.99808E-1 3.96932E-1 4.14271E-1 4.20405E-1 4.98611E-1 5.00069E-1 4.91184E-1 4.69196E-1 4.78047E-1 5.02635E-1 5.64014E-1 3.01681E-1 4.07001E-1 3.39138E-1 2.87402E-1 1.98855E-1 1.70707E-1 3.45936E-1 3.66925E-1 1.67901E-1 3.88232E-1 2.36056E-1 3.31478E-1 4.00727E-1 3.81819E-1 3.2666E-1 3.25012E-1 2.87662E-1 2.56548E-1 2.72869E-1
5.64051E-1 4.11136E-1 4.33345E-1 4.50672E-1 4.53689E-1 4.86284E-1 5.40504E-1 5.11661E-1 5.79625E-1 5.73262E-1 7.1081E-1 6.88837E-1 6.31202E-1 6.85079E-1 6.74158E-1 6.7312E-1 6.47587E-1 6.24015E-1 5.86773E-1 5.93417E-1 6.68469E-1 6.5234E-1 6.16091E-1 7.11368E-1 6.78204E-1 5.82615E-1 5.70147E-1 5.09537E-1 5.07234E-1 5.30062E-1 5.68813E-1 5.47434E-1 5.33092E-1 5.60532E-1 5.8949E-1 5.92024E-1 5.7393E-1 5.4334E-1 5.40906E-1 5.34074E-1 5.07588E-1 2.8953E-1 3.87399E-1 3.40465E-1 3.1966E-1 3.08026E-1 2.28614E-1 1.92412E-1 3.6624E-1 1.82912E-1 1.0869E-1 2.1744E-1 2.56396E-1 2.84117E-1 3.29122E-1 4.0158E-1 3.92588E-1 3.8551E-1 4.46832E-1 4.86318E-1
4.67562E-1 4.92554E-1 5.08483E-1 5.23115E-1 5.1E-1 5.34262E-1 4.09168E-1 4.94301E-1 5.46737E-1 5.60181E-1 4.64859E-1 6.04035E-1 6.80716E-1 6.7357E-1 6.60788E-1 6.22348E-1 5.90419E-1 5.7749E-1 5.98187E-1 5.90099E-1 6.66215E-1 6.36502E-1 6.7898E-1 7.54095E-1 7.00371E-1 6.19437E-1 6.05987E-1 5.57292E-1 5.48505E-1 5.39415E-1 6.09739E-1 5.7995E-1 5.38297E-1 6.00519E-1 6.38332E-1 6.8197E-1 6.49721E-1 5.86269E-1 5.43898E-1 5.29348E-1 3.43381E-1 4.09724E-1 3.83046E-1 3.48921E-1 3.40584E-1 3.69238E-1 3.14228E-1 2.57429E-1 4.10863E-1 2.18241E-1 1.13456E-1 4.03582E-1 2.29645E-1 2.61817E-1 3.05992E-1 3.6427E-1 3.82288E-1 4.29298E-1 4.94005E-1 4.6773E-1
4.94056E-1 5.41285E-1 5.47021E-1 3.66737E-1 2.8262E-1 5.08704E-1 5.26504E-1 5.25871E-1 5.06387E-1 5.55917E-1 7.25375E-1 6.89181E-1 7.01446E-1 6.49188E-1 6.40179E-1 5.90407E-1 6.04328E-1 6.26177E-1 6.78735E-1 6.62011E-1 6.78012E-1 5.18094E-1 7.35548E-1 7.64549E-1 7.11959E-1 6.70422E-1 6.52006E-1 6.0176E-1 5.93336E-1 5.8597E-1 6.47678E-1 6.10755E-1 5.09696E-1 6.38752E-1 6.79111E-1 7.25191E-1 7.38E-1 7.38245E-1 6.21339E-1 4.46949E-1 3.92227E-1 3.96243E-1 3.55247E-1 3.2299E-1 3.23177E-1 3.76895E-1 3.98718E-1 4.20306E-1 4.51012E-1 4.24566E-1 3.00016E-1 2.15119E-1 2.02924E-1 2.09685E-1 2.46964E-1 3.34599E-1 3.87623E-1 4.03891E-1 4.01854E-1 3.83309E-1
5.39041E-1 5.81465E-1 3.86159E-1 5.60745E-1 5.18183E-1 4.99147E-1 5.09056E-1 5.20795E-1 4.73951E-1 5.391E-1 7.21626E-1 7.27623E-1 7.1794E-1 6.70674E-1 6.52834E-1 6.37788E-1 6.62137E-1 6.98682E-1 7.65213E-1 7.48674E-1 6.88685E-1 7.22281E-1 7.6345E-1 7.6551E-1 7.22081E-1 7.12028E-1 6.84126E-1 6.48385E-1 6.31507E-1 6.25286E-1 6.72057E-1 6.3167E-1 4.93519E-1 6.70496E-1 7.13474E-1 7.29598E-1 7.78589E-1 7.86633E-1 5.04015E-1 6.12296E-1 5.0566E-1 4.76817E-1 4.00109E-1 3.64921E-1 3.66172E-1 4.01056E-1 4.35987E-1 4.61174E-1 4.91709E-1 4.83823E-1 2.7203E-1 2.5227E-1 2.80732E-1 3.08229E-1 3.26413E-1 3.8044E-1 3.52484E-1 4.42971E-1 4.56698E-1 4.96945E-1
5.49029E-1 5.79206E-1 4.13491E-1 5.12346E-1 4.47827E-1 4.29693E-1 5.04102E-1 5.26264E-1 4.34394E-1 5.47468E-1 7.15611E-1 7.20568E-1 6.40327E-1 6.82817E-1 6.67347E-1 6.83517E-1 6.99436E-1 6.70993E-1 7.36784E-1 7.18347E-1 7.0645E-1 7.23166E-1 7.4307E-1 7.49689E-1 7.40519E-1 7.37896E-1 7.14721E-1 6.86749E-1 6.52606E-1 6.31842E-1 6.85859E-1 6.45517E-1 6.44572E-1 6.91326E-1 7.37583E-1 7.64454E-1 8.20803E-1 6.3676E-1 7.95157E-1 7.12185E-1 5.42137E-1 4.50069E-1 4.28122E-1 4.50176E-1 4.53358E-1 4.51103E-1 4.804E-1 5.03517E-1 5.51932E-1 5.21793E-1 3.45295E-1 3.88577E-1 3.57475E-1 2.76593E-1 3.42975E-1 4.32853E-1 4.68349E-1 4.92621E-1 4.89703E-1 4.87341E-1
5.32453E-1 3.11012E-1 4.79832E-1 4.34254E-1 3.80108E-1 3.59469E-1 3.78783E-1 5.0931E-1 4.87126E-1 5.0432E-1 5.28964E-1 5.30557E-1 3.19189E-1 5.00856E-1 5.54727E-1 7.10155E-1 4.8494E-1 7.63209E-1 6.90854E-1 6.73151E-1 4.36931E-1 7.25942E-1 7.45077E-1 7.03731E-1 7.21497E-1 7.96319E-1 7.61261E-1 7.54616E-1 7.32373E-1 6.76446E-1 6.43953E-1 6.66216E-1 6.55595E-1 7.01872E-1 7.48032E-1 7.43271E-1 7.79801E-1 7.09641E-1 6.80337E-1 6.18506E-1 5.89977E-1 5.87408E-1 5.81036E-1 5.83723E-1 5.16957E-1 4.23135E-1 3.98144E-1 4.60876E-1 5.23968E-1 5.52215E-1 6.36914E-1 5.15263E-1 6.27415E-1 5.9038E-1 5.19184E-1 3.40093E-1 3.7132E-1 3.15495E-1 3.92522E-1 4.25569E-1
4.51466E-1 3.52287E-1 4.42846E-1 3.96386E-1 3.51767E-1 3.31553E-1 3.01398E-1 3.13923E-1 5.10648E-1 4.67521E-1 5.04357E-1 5.05608E-1 3.34911E-1 5.0093E-1 5.44718E-1 7.02009E-1 6.91109E-1 7.76303E-1 6.66493E-1 6.18821E-1 6.56153E-1 7.68041E-1 7.39574E-1 7.35122E-1 7.34667E-1 8.11124E-1 7.46336E-1 7.70934E-1 7.3423E-1 6.81162E-1 6.47211E-1 6.28922E-1 6.58151E-1 7.04249E-1 7.54694E-1 6.61231E-1 6.87542E-1 6.70143E-1 6.70864E-1 5.67312E-1 5.33189E-1 5.82036E-1 5.99804E-1 5.95479E-1 5.50908E-1 5.04028E-1 5.25662E-1 5.18692E-1 5.23223E-1 5.64939E-1 6.82359E-1 6.71443E-1 6.15944E-1 5.76597E-1 4.92343E-1 3.23206E-1 3.89299E-1 4.46528E-1 3.74702E-1 3.20925E-1
2.48825E-1 4.99797E-1 4.28911E-1 3.90828E-1 3.40386E-1 3.14421E-1 2.98906E-1 2.4216E-1 4.75187E-1 4.67354E-1 4.90287E-1 4.99958E-1 2.86037E-1 4.53269E-1 5.9887E-1 7.21918E-1 6.73537E-1 7.43931E-1 6.00613E-1 6.07989E-1 7.80568E-1 7.83191E-1 7.79907E-1 7.74395E-1 7.70828E-1 8.09603E-1 7.651E-1 7.66718E-1 7.62979E-1 7.07684E-1 6.55363E-1 6.33751E-1 6.42137E-1 6.68347E-1 2.52428E-1 4.65752E-1 4.68357E-1 4.50312E-1 6.91176E-1 6.72099E-1 7.07596E-1 6.71115E-1 6.3776E-1 6.41598E-1 6.1143E-1 5.61451E-1 5.23294E-1 4.67762E-1 4.44492E-1 4.80588E-1 5.75953E-1 6.0266E-1 5.71551E-1 5.38259E-1 5.14804E-1 4.26113E-1 4.68458E-1 4.3904E-1 4.47391E-1 4.78468E-1
4.672E-1 4.55308E-1 4.13861E-1 3.82769E-1 3.2679E-1 3.27729E-1 1.42316E-1 3.4733E-1 3.38447E-1 4.08455E-1 4.40623E-1 4.60614E-1 4.98436E-1 4.07361E-1 5.797E-1 7.01052E-1 6.64258E-1 6.15696E-1 6.2275E-1 7.57908E-1 7.96142E-1 5.99089E-1 7.29917E-1 7.88099E-1 8.02873E-1 8.23363E-1 7.68639E-1 7.62536E-1 5.45457E-1 7.34636E-1 6.81502E-1 6.83981E-1 6.75481E-1 2.70451E-1 5.0422E-1 5.15837E-1 5.32602E-1 5.03553E-1 7.88055E-1 6.40973E-1 6.75722E-1 7.0113E-1 6.87108E-1 6.83137E-1 6.51007E-1 6.01172E-1 5.52497E-1 4.7226E-1 3.85572E-1 3.96207E-1 5.00104E-1 5.37707E-1 5.71804E-1 6.59319E-1 5.82509E-1 3.9963E-1 4.14961E-1 4.34794E-1 4.76889E-1 5.04721E-1
4.50463E-1 4.2998E-1 3.97934E-1 3.66741E-1 3.1862E-1 3.66734E-1 3.37295E-1 4.67994E-1 4.44431E-1 4.74642E-1 4.64853E-1 4.45305E-1 4.8932E-1 5.0484E-1 5.36572E-1 5.53542E-1 7.26613E-1 5.88323E-1 7.12551E-1 7.53773E-1 7.51356E-1 7.3966E-1 7.93754E-1 8.05791E-1 7.88972E-1 7.66611E-1 7.62267E-1 5.90898E-1 7.53276E-1 7.29397E-1 6.85011E-1 6.64938E-1 6.43769E-1 4.93963E-1 5.7998E-1 5.97955E-1 5.90585E-1 5.03255E-1 2.41081E-1 3.61291E-1 3.32786E-1 6.24503E-1 6.87118E-1 7.22132E-1 6.87084E-1 6.31021E-1 5.80231E-1 4.81407E-1 3.90519E-1 2.97515E-1 2.28441E-1 1.83361E-1 6.4216E-1 6.22941E-1 5.34676E-1 3.35182E-1 3.41956E-1 3.44073E-1 4.59388E-1 5.0226E-1
4.08682E-1 4.02331E-1 4.04128E-1 4.24263E-1 4.11692E-1 2.92903E-1 5.53889E-1 5.19214E-1 4.74625E-1 3.81482E-1 4.50023E-1 5.00548E-1 5.17325E-1 3.7474E-1 6.30457E-1 4.02686E-1 6.75894E-1 6.40077E-1 6.9692E-1 7.05454E-1 6.85956E-1 7.05721E-1 7.79467E-1 6.63282E-1 7.97027E-1 7.68195E-1 7.05194E-1 6.88401E-1 6.05823E-1 6.56939E-1 6.23056E-1 5.81551E-1 6.34178E-1 6.0455E-1 6.20934E-1 6.15369E-1 6.13799E-1 5.99964E-1 5.62622E-1 5.34272E-1 4.78282E-1 5.20882E-1 5.49176E-1 5.76989E-1 3.65174E-1 5.46197E-1 4.76957E-1 3.75967E-1 3.23568E-1 2.68485E-1 1.14197E-1 9.43429E-2 2.31967E-1 1.9344E-1 2.06472E-1 1.86565E-1 2.10782E-1 2.21561E-1 3.79404E-1 4.59288E-1
