Phytophthora/models/20240429_1921_07/Phytophthora_PA3_RUN7_MAXENT_outputs/Phytophthora_PA3_RUN7.asc
ncols         225
nrows         269
xllcorner     473000.0
yllcorner     4429100.0
cellsize      50.0
NODATA_value  -9999
[rows 135 to 161 of 269, columns 0 to 59 of 225]
-9999 -9999 -9999 -9999 -9999 -9999 -9999 -9999 -9999 -9999 3.86209E-1 5.06216E-1 4.19778E-1 4.70041E-1 4.60987E-1 4.99836E-1 4.81321E-1 4.59605E-1 3.57122E-1 3.74749E-1 4.25389E-1 4.81396E-1 5.26595E-1 5.007E-1 4.46096E-1 3.45777E-1 3.56536E-1 3.85403E-1 3.68919E-1 1.74712E-1 1.73922E-1 3.57931E-1 3.72455E-1 1.63906E-1 1.60085E-1 1.09446E-1 1.98982E-1 2.67585E-1 3.13214E-1 3.80188E-1 3.84912E-1 3.72649E-1 3.38216E-1 3.50247E-1 3.87563E-1 3.3096E-1 3.42326E-1 3.40704E-1 3.12445E-1 1.5456E-1 4.23074E-1 4.27694E-1 3.26786E-1 2.4268E-1 2.10092E-1 2.18663E-1 1.97729E-1 2.02866E-1 3.14478E-1 3.76586E-1
-9999 -9999 -9999 -9999 -9999 -9999 -9999 -9999 -9999 -9999 2.85018E-1 6.65472E-1 4.38685E-1 5.68349E-1 4.89499E-1 5.0048E-1 3.75366E-1 4.66583E-1 4.48774E-1 4.55649E-1 5.15272E-1 6.02767E-1 5.97883E-1 5.56475E-1 4.48347E-1 3.03151E-1 2.91441E-1 2.81616E-1 3.16758E-1 3.56493E-1 3.24054E-1 2.07185E-1 -9999 -9999 1.68735E-1 1.84512E-1 2.16391E-1 2.40275E-1 3.23578E-1 2.42028E-1 4.01996E-1 3.76645E-1 4.084E-1 5.1558E-1 4.82699E-1 4.07761E-1 3.9165E-1 2.86145E-1 1.42492E-1 2.87087E-1 4.6922E-1 3.70839E-1 3.99492E-1 3.33614E-1 2.82735E-1 2.35369E-1 2.10281E-1 2.29541E-1 2.89013E-1 2.07801E-1
-9999 -9999 -9999 -9999 -9999 -9999 -9999 -9999 -9999 -9999 5.25542E-1 5.54161E-1 4.95641E-1 4.76384E-1 4.7187E-1 4.53461E-1 4.2513E-1 3.56618E-1 4.92784E-1 5.31839E-1 6.58989E-1 6.97408E-1 6.81321E-1 5.72693E-1 4.98272E-1 3.18099E-1 2.87713E-1 2.8767E-1 3.14532E-1 3.42091E-1 3.23431E-1 3.35903E-1 -9999 2.35896E-1 2.4041E-1 2.55136E-1 2.95051E-1 3.36579E-1 3.50714E-1 1.90604E-1 4.04106E-1 3.96442E-1 5.368E-1 3.76859E-1 4.9344E-1 2.77972E-1 1.78186E-1 1.37144E-1 2.61182E-1 2.64983E-1 5.10516E-1 3.80976E-1 4.12997E-1 3.5359E-1 2.93043E-1 2.45235E-1 2.29934E-1 2.42208E-1 2.80164E-1 4.65777E-1
-9999 -9999 -9999 -9999 -9999 -9999 -9999 -9999 -9999 -9999 3.75921E-1 4.1144E-1 4.23522E-1 4.56236E-1 4.22399E-1 4.70927E-1 3.78714E-1 5.0738E-1 3.0212E-1 5.26619E-1 5.42352E-1 6.8135E-1 4.1022E-1 5.82815E-1 5.68037E-1 3.90539E-1 3.53655E-1 3.36069E-1 3.52275E-1 3.67225E-1 3.41092E-1 3.15049E-1 2.66262E-1 3.22064E-1 3.02299E-1 3.36094E-1 3.69728E-1 2.35639E-1 3.73064E-1 3.85004E-1 3.17587E-1 5.21984E-1 4.07973E-1 4.67967E-1 3.5074E-1 2.81553E-1 2.7481E-1 2.47802E-1 2.40374E-1 2.50848E-1 5.11899E-1 4.85788E-1 3.86689E-1 3.59018E-1 3.13118E-1 2.73446E-1 2.47232E-1 2.54281E-1 3.01533E-1 3.74445E-1
-9999 -9999 -9999 -9999 -9999 -9999 -9999 -9999 -9999 -9999 3.63109E-1 3.79198E-1 4.21998E-1 4.54766E-1 4.79151E-1 4.80293E-1 2.97292E-1 4.7072E-1 5.09034E-1 5.17099E-1 5.34703E-1 6.2939E-1 6.13837E-1 6.44806E-1 5.75293E-1 3.02927E-1 3.83E-1 3.85661E-1 1.80801E-1 2.98243E-1 1.91662E-1 3.53834E-1 3.17024E-1 3.22266E-1 3.15863E-1 3.48896E-1 2.13687E-1 3.49759E-1 3.98027E-1 2.96362E-1 3.89068E-1 5.36265E-1 5.31458E-1 3.9735E-1 3.19005E-1 2.48712E-1 2.2754E-1 2.13853E-1 2.08757E-1 2.4997E-1 4.88395E-1 4.31081E-1 4.50363E-1 3.99195E-1 3.53619E-1 2.96632E-1 2.68754E-1 2.74388E-1 3.29774E-1 3.76818E-1
-9999 -9999 -9999 -9999 -9999 -9999 -9999 -9999 -9999 -9999 3.14189E-1 3.42384E-1 4.04473E-1 4.40407E-1 4.64441E-1 4.79105E-1 4.89866E-1 5.13291E-1 3.26326E-1 5.90566E-1 6.49964E-1 6.47412E-1 6.06709E-1 5.9988E-1 5.24299E-1 3.84952E-1 3.91543E-1 3.78326E-1 3.95146E-1 3.61866E-1 3.42572E-1 2.41642E-1 2.46864E-1 2.27351E-1 3.65197E-1 3.29594E-1 3.38284E-1 3.56467E-1 2.50049E-1 3.75131E-1 4.19897E-1 4.79703E-1 4.31785E-1 3.18214E-1 2.59617E-1 2.05676E-1 1.96272E-1 1.80465E-1 1.79457E-1 2.40083E-1 4.65108E-1 5.19925E-1 4.16166E-1 2.967E-1 3.64826E-1 2.98131E-1 2.5641E-1 2.83983E-1 3.47538E-1 3.93475E-1
-9999 -9999 -9999 -9999 -9999 -9999 -9999 -9999 -9999 -9999 3.18273E-1 3.26943E-1 3.9686E-1 4.20792E-1 4.29515E-1 4.40963E-1 4.54676E-1 4.86306E-1 6.07125E-1 6.76001E-1 6.71203E-1 6.70453E-1 6.06021E-1 5.44954E-1 5.08077E-1 4.85783E-1 4.99863E-1 4.99813E-1 4.43341E-1 3.82313E-1 2.91956E-1 3.08739E-1 3.1459E-1 3.25217E-1 2.36462E-1 4.09117E-1 3.86271E-1 3.91379E-1 4.98688E-1 3.93248E-1 4.58259E-1 4.21056E-1 2.91452E-1 2.6287E-1 2.45397E-1 2.52323E-1 2.43947E-1 2.32932E-1 2.49318E-1 3.35553E-1 5.20754E-1 5.59576E-1 4.61043E-1 4.68766E-1 4.20397E-1 2.86458E-1 2.44259E-1 2.75091E-1 3.20788E-1 3.916E-1
-9999 -9999 -9999 -9999 -9999 -9999 -9999 -9999 -9999 -9999 2.61026E-1 3.01541E-1 3.64307E-1 3.67535E-1 3.71737E-1 3.90675E-1 4.18763E-1 4.68196E-1 2.75E-1 6.71122E-1 6.91854E-1 4.36815E-1 5.62623E-1 5.80508E-1 5.45213E-1 4.70974E-1 4.38781E-1 3.98009E-1 3.62968E-1 3.19696E-1 2.47013E-1 2.61905E-1 2.71417E-1 3.01758E-1 3.84915E-1 4.33564E-1 4.03678E-1 2.93306E-1 4.80772E-1 4.65867E-1 4.09485E-1 3.73502E-1 2.51245E-1 2.4446E-1 2.30501E-1 2.23022E-1 2.1436E-1 2.07322E-1 2.37929E-1 4.09588E-1 4.75142E-1 5.07514E-1 3.87907E-1 4.27229E-1 3.77077E-1 2.61003E-1 2.38966E-1 2.75336E-1 2.99366E-1 3.53216E-1
-9999 -9999 -9999 -9999 -9999 -9999 -9999 -9999 -9999 3.06497E-2 2.23282E-1 2.97953E-1 3.20753E-1 3.16297E-1 3.28903E-1 3.54081E-1 3.88083E-1 3.69106E-1 5.1723E-1 6.2671E-1 6.409E-1 6.2451E-1 6.22942E-1 5.61663E-1 6.23036E-1 5.59745E-1 4.58811E-1 3.79569E-1 3.25631E-1 2.77082E-1 2.22953E-1 2.27098E-1 2.4272E-1 2.96328E-1 4.17831E-1 2.8733E-1 3.99543E-1 4.0835E-1 4.59372E-1 4.34724E-1 3.72347E-1 3.67354E-1 2.91845E-1 2.83125E-1 2.60436E-1 2.64517E-1 2.57902E-1 2.49316E-1 3.18128E-1 3.76428E-1 4.31963E-1 3.83365E-1 4.05899E-1 4.03728E-1 3.34156E-1 2.39287E-1 2.36418E-1 2.75839E-1 3.20883E-1 3.72159E-1
-9999 -9999 -9999 -9999 -9999 -9999 -9999 -9999 -9999 2.71372E-2 2.37778E-1 2.70972E-1 2.78535E-1 2.74174E-1 2.97964E-1 3.35966E-1 3.55286E-1 2.16203E-1 5.63762E-1 5.87153E-1 5.67066E-1 5.81485E-1 5.97732E-1 6.62926E-1 6.2575E-1 5.07181E-1 4.31205E-1 3.68336E-1 3.43551E-1 2.83246E-1 1.97801E-1 1.96869E-1 2.31362E-1 3.05128E-1 3.75531E-1 3.86521E-1 3.4347E-1 4.05532E-1 4.60677E-1 4.08966E-1 3.5533E-1 3.28953E-1 3.19081E-1 3.08581E-1 3.04795E-1 3.10472E-1 3.25211E-1 3.55409E-1 3.39283E-1 3.4666E-1 3.94951E-1 3.18834E-1 3.87135E-1 3.66955E-1 3.09779E-1 2.36175E-1 2.51072E-1 2.81663E-1 3.2035E-1 3.81617E-1
-9999 -9999 -9999 -9999 -9999 -9999 -9999 -9999 -9999 2.8463E-2 2.29812E-1 2.34854E-1 2.48871E-1 2.532E-1 2.81933E-1 3.20039E-1 3.51679E-1 4.47741E-1 5.77733E-1 5.17189E-1 5.26077E-1 5.2268E-1 5.04685E-1 5.07025E-1 4.90462E-1 3.40965E-1 4.34963E-1 3.9042E-1 3.82822E-1 3.23537E-1 2.57457E-1 2.14011E-1 2.62301E-1 3.20134E-1 3.50036E-1 3.91205E-1 2.80903E-1 4.19557E-1 4.36981E-1 3.82294E-1 3.60909E-1 3.73483E-1 3.68559E-1 3.48951E-1 3.73438E-1 3.94037E-1 4.46365E-1 4.05787E-1 3.66665E-1 3.83201E-1 3.62419E-1 3.52832E-1 4.68472E-1 5.09286E-1 3.81658E-1 2.83622E-1 2.71149E-1 2.87614E-1 3.3662E-1 3.96913E-1
-9999 -9999 -9999 -9999 -9999 -9999 -9999 -9999 1.68179E-1 1.84212E-1 2.15564E-1 2.23395E-1 2.84396E-1 3.34983E-1 3.0598E-1 2.20186E-1 1.67898E-1 5.12391E-1 4.14006E-1 4.0686E-1 4.18722E-1 4.13519E-1 3.75134E-1 3.5275E-1 3.83519E-1 4.45726E-1 2.39332E-1 4.40574E-1 4.35541E-1 3.9134E-1 3.62999E-1 2.9403E-1 3.65829E-1 3.61089E-1 3.67573E-1 3.06876E-1 4.02743E-1 4.59045E-1 4.0957E-1 3.6489E-1 3.96797E-1 3.94584E-1 3.55661E-1 3.77029E-1 5.21058E-1 5.82978E-1 5.40234E-1 4.97318E-1 4.84687E-1 4.42977E-1 3.90681E-1 4.55746E-1 5.18996E-1 5.35694E-1 4.29469E-1 3.96641E-1 3.81816E-1 3.55064E-1 3.99617E-1 4.55274E-1
-9999 -9999 -9999 -9999 -9999 -9999 -9999 -9999 1.75249E-1 1.75877E-1 2.11005E-1 1.6229E-1 2.49336E-1 2.8138E-1 2.45648E-1 1.65601E-1 2.82683E-1 3.52881E-1 4.06021E-1 4.26942E-1 4.46657E-1 4.4607E-1 4.65684E-1 4.65436E-1 4.55268E-1 4.43316E-1 4.31943E-1 3.13586E-1 4.64013E-1 4.28987E-1 4.13626E-1 4.02534E-1 4.22643E-1 3.79091E-1 3.60032E-1 4.35042E-1 4.20964E-1 4.28406E-1 3.74556E-1 3.34747E-1 3.83603E-1 3.2232E-1 3.36934E-1 4.31774E-1 5.65671E-1 5.9392E-1 5.51073E-1 5.34639E-1 4.49234E-1 4.54319E-1 3.97518E-1 5.34657E-1 5.70899E-1 5.08504E-1 4.5108E-1 4.35823E-1 4.07376E-1 3.85066E-1 3.87333E-1 4.34271E-1
-9999 -9999 -9999 -9999 -9999 -9999 -9999 -9999 1.91255E-1 2.19592E-1 1.34933E-1 2.88327E-1 1.51168E-1 1.33736E-1 1.34349E-1 1.44707E-1 1.33551E-1 2.85203E-1 4.40339E-1 4.68012E-1 4.74101E-1 5.04716E-1 4.92094E-1 4.79975E-1 4.59934E-1 4.47766E-1 2.46512E-1 4.6087E-1 3.19921E-1 4.50927E-1 4.74278E-1 4.58019E-1 4.0493E-1 1.99046E-1 4.11455E-1 4.79393E-1 4.2784E-1 4.16245E-1 3.6543E-1 3.52866E-1 3.17469E-1 3.35941E-1 4.09738E-1 5.30941E-1 5.72165E-1 5.882E-1 5.84454E-1 4.73155E-1 4.87435E-1 5.50584E-1 5.68414E-1 5.80727E-1 6.09981E-1 3.42234E-1 3.75988E-1 4.20025E-1 4.43107E-1 4.03102E-1 3.70785E-1 3.99727E-1
-9999 -9999 -9999 -9999 -9999 -9999 -9999 1.82097E-1 1.84074E-1 2.91177E-1 2.56621E-1 1.87118E-1 1.8945E-1 1.86332E-1 1.56791E-1 1.33427E-1 1.81411E-1 3.70536E-1 3.56124E-1 4.41858E-1 4.56609E-1 4.74515E-1 4.38869E-1 4.19652E-1 4.02421E-1 4.10076E-1 4.44813E-1 4.50753E-1 4.55156E-1 2.60655E-1 4.66914E-1 4.90073E-1 3.10184E-1 4.05694E-1 4.50819E-1 4.70466E-1 4.32185E-1 3.92019E-1 3.49457E-1 3.65736E-1 3.41829E-1 4.85702E-1 5.47679E-1 5.50356E-1 5.64135E-1 6.25227E-1 5.7675E-1 5.02846E-1 5.87304E-1 6.0945E-1 6.00725E-1 5.88958E-1 5.79833E-1 4.70691E-1 4.65726E-1 4.38006E-1 4.29846E-1 3.95378E-1 3.65014E-1 3.90524E-1
-9999 -9999 -9999 -9999 -9999 -9999 -9999 1.29572E-1 1.80793E-1 1.88055E-1 1.96013E-1 2.45975E-1 3.02881E-1 2.89361E-1 2.7855E-1 2.5553E-1 2.65927E-1 3.16495E-1 3.21688E-1 3.72571E-1 3.73939E-1 3.71008E-1 3.44598E-1 3.73099E-1 3.64002E-1 3.79843E-1 4.08056E-1 4.73049E-1 2.54994E-1 4.89089E-1 4.89384E-1 4.53502E-1 4.04796E-1 4.44123E-1 4.29932E-1 4.42197E-1 4.04744E-1 3.61367E-1 3.57717E-1 3.90431E-1 4.33652E-1 4.8214E-1 5.47339E-1 4.8639E-1 5.14322E-1 3.03882E-1 3.65621E-1 4.03998E-1 5.62702E-1 3.99319E-1 4.03305E-1 6.10734E-1 5.92801E-1 4.52399E-1 4.2552E-1 3.97676E-1 3.94962E-1 3.8283E-1 3.54545E-1 4.10734E-1
-9999 -9999 -9999 -9999 -9999 -9999 -9999 1.08769E-1 2.64842E-1 3.05621E-1 3.5007E-1 4.26939E-1 4.55586E-1 4.56226E-1 4.43061E-1 3.9227E-1 3.68973E-1 4.39493E-1 3.90445E-1 4.20414E-1 4.35892E-1 4.45167E-1 4.3084E-1 4.29938E-1 4.14266E-1 4.08333E-1 4.63095E-1 5.13794E-1 5.48273E-1 5.25306E-1 5.62989E-1 5.62681E-1 5.53212E-1 5.15056E-1 4.46386E-1 4.505E-1 4.10254E-1 4.02796E-1 4.39857E-1 4.85099E-1 6.00666E-1 6.25983E-1 6.20777E-1 4.30366E-1 6.10247E-1 6.79384E-1 7.35112E-1 7.47487E-1 7.55356E-1 7.41815E-1 6.64426E-1 6.5878E-1 5.80937E-1 4.80392E-1 4.43201E-1 4.13973E-1 4.0816E-1 3.96959E-1 3.7277E-1 4.43638E-1
-9999 -9999 -9999 -9999 -9999 -9999 1.8973E-1 2.76468E-1 3.15458E-1 3.90439E-1 4.47635E-1 4.7986E-1 5.05068E-1 5.16426E-1 5.09686E-1 4.54287E-1 4.38258E-1 5.44915E-1 4.49238E-1 4.13154E-1 4.03609E-1 4.0932E-1 4.0064E-1 3.88398E-1 3.81685E-1 3.91997E-1 4.41404E-1 4.80805E-1 5.47483E-1 5.72258E-1 5.74168E-1 4.57389E-1 5.61557E-1 5.08791E-1 3.9058E-1 4.03321E-1 3.3736E-1 3.69742E-1 4.89471E-1 5.34182E-1 5.93744E-1 5.54164E-1 4.07046E-1 5.79879E-1 6.22962E-1 6.71336E-1 7.20729E-1 7.38069E-1 7.63806E-1 7.38739E-1 6.84482E-1 6.362E-1 5.92345E-1 5.1718E-1 4.00153E-1 3.85453E-1 3.70476E-1 3.61246E-1 3.78316E-1 2.16928E-1
-9999 -9999 -9999 -9999 -9999 -9999 1.20154E-1 3.65247E-1 3.9384E-1 4.53746E-1 4.80737E-1 5.13854E-1 5.51511E-1 5.65803E-1 5.54832E-1 5.06587E-1 5.19772E-1 6.14628E-1 4.59539E-1 4.28402E-1 3.95957E-1 3.73369E-1 3.60014E-1 3.4836E-1 3.4918E-1 3.52973E-1 4.04097E-1 4.17785E-1 4.74468E-1 5.73631E-1 5.77071E-1 4.95742E-1 5.72021E-1 4.63966E-1 3.70264E-1 4.31566E-1 3.81696E-1 4.11226E-1 4.73152E-1 4.81479E-1 5.64627E-1 4.90787E-1 5.94294E-1 6.01185E-1 6.56607E-1 7.31829E-1 7.57729E-1 7.57701E-1 6.18012E-1 7.07973E-1 6.66929E-1 5.54793E-1 5.97641E-1 5.67334E-1 3.67972E-1 3.70025E-1 3.26242E-1 3.23974E-1 3.82792E-1 3.81963E-1
-9999 -9999 -9999 -9999 -9999 -9999 -9999 4.48376E-1 4.52318E-1 5.29122E-1 5.32729E-1 5.698E-1 5.99364E-1 6.19159E-1 6.28165E-1 5.89054E-1 6.48055E-1 6.33632E-1 5.09959E-1 5.06253E-1 4.92341E-1 4.59117E-1 3.59048E-1 2.89775E-1 2.88392E-1 2.98505E-1 3.74217E-1 4.02686E-1 4.72766E-1 5.42589E-1 5.76834E-1 5.44357E-1 5.86819E-1 4.60533E-1 4.41547E-1 4.67283E-1 3.78123E-1 4.23068E-1 4.48021E-1 4.94531E-1 5.60287E-1 5.8355E-1 6.03531E-1 6.14805E-1 6.80065E-1 7.07967E-1 7.19681E-1 7.67881E-1 7.50057E-1 6.28662E-1 5.96117E-1 5.84215E-1 5.77618E-1 2.65573E-1 4.36993E-1 3.89069E-1 3.41302E-1 3.39076E-1 3.97401E-1 3.98009E-1
-9999 -9999 -9999 -9999 -9999 -9999 -9999 3.60321E-1 5.84499E-1 5.99801E-1 5.69041E-1 5.80826E-1 6.0594E-1 6.41455E-1 5.39366E-1 6.18269E-1 6.89556E-1 6.44003E-1 5.59087E-1 5.88567E-1 5.17681E-1 4.18589E-1 3.16407E-1 2.77146E-1 2.73356E-1 2.74455E-1 3.30238E-1 4.02593E-1 4.65448E-1 5.06129E-1 5.26583E-1 5.86268E-1 5.65625E-1 5.00323E-1 5.07226E-1 3.3414E-1 3.95148E-1 4.39155E-1 4.67329E-1 2.5939E-1 6.40427E-1 6.31166E-1 5.89673E-1 6.07042E-1 6.68678E-1 7.45959E-1 7.41186E-1 7.31894E-1 6.60205E-1 5.70669E-1 4.91696E-1 4.72139E-1 4.53204E-1 5.14592E-1 4.15373E-1 4.31184E-1 3.68586E-1 3.74195E-1 5.07544E-1 6.03238E-1
-9999 -9999 -9999 -9999 -9999 -9999 -9999 -9999 2.92245E-1 6.01359E-1 5.21395E-1 5.07933E-1 5.36777E-1 5.77288E-1 6.58328E-1 7.79833E-1 7.81948E-1 6.5673E-1 7.51711E-1 7.17345E-1 5.51086E-1 4.42429E-1 3.60863E-1 3.24582E-1 3.31114E-1 3.16587E-1 3.693E-1 4.34341E-1 5.16047E-1 5.66697E-1 6.375E-1 6.8355E-1 6.74139E-1 6.45403E-1 5.3396E-1 4.59809E-1 4.90737E-1 5.44535E-1 4.2109E-1 6.12116E-1 6.42814E-1 5.98844E-1 5.44015E-1 5.65713E-1 5.91138E-1 5.25081E-1 6.08244E-1 5.42609E-1 4.84806E-1 4.78133E-1 5.2321E-1 5.12566E-1 5.24079E-1 5.60291E-1 3.13829E-1 5.72626E-1 4.31885E-1 4.5724E-1 5.17946E-1 6.49752E-1
-9999 -9999 -9999 -9999 -9999 -9999 -9999 -9999 3.76017E-1 4.90887E-1 3.59906E-1 4.454E-1 5.11181E-1 5.62438E-1 6.68334E-1 7.43276E-1 7.23974E-1 7.71938E-1 7.54441E-1 6.84625E-1 5.09549E-1 4.34783E-1 3.6663E-1 3.51452E-1 3.79019E-1 3.62476E-1 4.02752E-1 4.56501E-1 5.47018E-1 6.15151E-1 6.40586E-1 6.85728E-1 6.73928E-1 5.84035E-1 4.14923E-1 4.81693E-1 5.19887E-1 5.87474E-1 5.99762E-1 6.38471E-1 6.05439E-1 5.65031E-1 5.17306E-1 4.27665E-1 4.95494E-1 4.51363E-1 5.56067E-1 5.44175E-1 4.65018E-1 4.28379E-1 4.67307E-1 4.82779E-1 5.54839E-1 5.33471E-1 6.63028E-1 6.28417E-1 4.91584E-1 2.82986E-1 6.533E-1 5.31671E-1
-9999 -9999 -9999 -9999 -9999 -9999 -9999 -9999 1.77769E-1 3.31112E-1 3.58397E-1 4.16656E-1 4.63602E-1 5.64056E-1 6.22639E-1 7.12392E-1 7.13637E-1 7.42951E-1 7.12674E-1 6.19478E-1 4.85678E-1 4.33596E-1 3.67508E-1 3.9344E-1 4.26731E-1 4.13211E-1 4.56088E-1 5.03837E-1 5.91171E-1 6.69074E-1 6.73487E-1 6.60661E-1 6.90761E-1 4.89948E-1 4.30943E-1 5.0454E-1 6.07207E-1 6.30331E-1 6.67641E-1 6.35759E-1 6.03555E-1 5.44132E-1 4.81375E-1 3.82548E-1 4.29932E-1 3.91258E-1 4.8265E-1 4.91778E-1 4.87059E-1 4.93648E-1 5.40346E-1 4.99064E-1 6.51753E-1 6.44962E-1 7.01622E-1 4.45188E-1 5.54175E-1 5.69773E-1 4.85206E-1 3.76771E-1
-9999 -9999 -9999 -9999 -9999 -9999 -9999 -9999 -9999 3.49412E-1 3.66776E-1 3.91625E-1 5.15476E-1 5.41996E-1 5.77634E-1 6.82567E-1 7.01762E-1 7.06276E-1 6.38266E-1 5.9216E-1 4.6669E-1 4.19572E-1 3.84554E-1 4.29457E-1 4.69516E-1 4.64798E-1 5.10033E-1 5.5498E-1 6.05006E-1 7.03794E-1 6.73264E-1 6.49016E-1 6.78569E-1 4.76396E-1 4.29785E-1 5.89808E-1 6.40316E-1 6.46271E-1 6.35578E-1 6.08306E-1 5.83584E-1 4.78917E-1 4.04573E-1 3.25167E-1 3.40446E-1 3.20004E-1 3.6547E-1 4.11603E-1 4.37454E-1 4.92533E-1 5.93118E-1 6.35243E-1 6.76019E-1 7.16707E-1 7.24743E-1 6.03991E-1 5.16248E-1 4.45231E-1 3.56703E-1 4.59884E-1
-9999 -9999 -9999 -9999 -9999 -9999 -9999 -9999 -9999 4.12279E-1 4.19765E-1 5.29392E-1 5.64206E-1 5.88146E-1 6.1485E-1 7.08331E-1 7.07442E-1 7.0324E-1 6.27655E-1 5.84513E-1 4.91524E-1 4.5756E-1 4.15045E-1 4.51673E-1 5.0099E-1 5.03346E-1 5.68955E-1 6.14445E-1 6.34688E-1 6.02157E-1 6.737E-1 4.30531E-1 6.88478E-1 6.40735E-1 6.11947E-1 5.84152E-1 5.74911E-1 5.42242E-1 5.89461E-1 5.69003E-1 5.52229E-1 4.36898E-1 3.84467E-1 3.0732E-1 3.31108E-1 3.1822E-1 3.43738E-1 3.28469E-1 3.75433E-1 4.99435E-1 5.99258E-1 6.62641E-1 7.02215E-1 7.3253E-1 6.35434E-1 4.64076E-1 3.70465E-1 3.73241E-1 5.29539E-1 5.30367E-1
-9999 -9999 -9999 -9999 -9999 -9999 -9999 -9999 -9999 4.91699E-1 5.2784E-1 5.7212E-1 6.11562E-1 6.42647E-1 6.95787E-1 7.65719E-1 7.41203E-1 7.61776E-1 7.08321E-1 6.91111E-1 6.09425E-1 5.27581E-1 4.53591E-1 5.08371E-1 5.59101E-1 5.84321E-1 6.5878E-1 5.06081E-1 6.67141E-1 6.89071E-1 6.14567E-1 6.51901E-1 6.2857E-1 5.90862E-1 6.40578E-1 6.56305E-1 4.52616E-1 4.41882E-1 4.81103E-1 5.1477E-1 4.73326E-1 4.1906E-1 3.72035E-1 3.42301E-1 4.06658E-1 4.37944E-1 4.50835E-1 4.6156E-1 4.46837E-1 4.60462E-1 4.69572E-1 5.7437E-1 7.07167E-1 7.18782E-1 5.02944E-1 5.606E-1 4.94026E-1 4.28919E-1 4.99965E-1 5.91302E-1
