Phytophthora/models/20240429_1921_07/Phytophthora_PA3_RUN7_MAXENT_outputs/Phytophthora_PA3_RUN7.asc
ncols         225
nrows         269
xllcorner     473000.0
yllcorner     4429100.0
cellsize      50.0
NODATA_value  -9999
[rows 108 to 134 of 269, columns 0 to 59 of 225]
-9999 -9999 -9999 -9999 -9999 -9999 -9999 -9999 -9999 -9999 -9999 2.02357E-1 2.09435E-1 2.34255E-1 2.27769E-1 1.92696E-1 1.7395E-1 1.36594E-1 1.27742E-1 1.45339E-1 2.04061E-1 2.9304E-1 3.17695E-1 3.18737E-1 2.55836E-1 2.6955E-1 2.3826E-1 2.0909E-1 1.89386E-1 1.83719E-1 1.60023E-1 1.29202E-1 1.15041E-1 1.15843E-1 1.17222E-1 7.24409E-2 9.07828E-2 9.10159E-2 4.66475E-2 8.29952E-2 6.11173E-2 5.72862E-2 5.96509E-2 7.25343E-2 9.48668E-2 1.07603E-1 8.42816E-2 8.442E-2 9.64935E-2 1.21987E-1 9.59714E-2 8.57513E-2 7.69094E-2 1.07638E-1 7.32054E-2 7.44916E-2 6.89102E-2 1.07248E-1 1.29062E-1 1.33322E-1
-9999 -9999 -9999 -9999 -9999 -9999 -9999 -9999 -9999 -9999 1.77691E-1 2.03671E-1 1.8868E-1 2.46313E-1 2.35004E-1 1.62828E-1 1.36632E-1 1.16455E-1 1.39763E-1 1.65823E-1 2.34704E-1 3.2732E-1 1.28203E-1 3.24586E-1 2.33614E-1 2.3E-1 1.98763E-1 1.9286E-1 1.9084E-1 1.48501E-1 1.18477E-1 1.19974E-1 1.35151E-1 1.39798E-1 1.38585E-1 8.88076E-2 1.0534E-1 9.21078E-2 4.19445E-2 4.12406E-2 6.1267E-2 5.72401E-2 6.58547E-2 7.20946E-2 1.1467E-1 1.75062E-1 1.55876E-1 1.02422E-1 4.01556E-2 1.49551E-1 1.03085E-1 1.00618E-1 1.36284E-1 1.21451E-1 6.73863E-2 8.04888E-2 7.23639E-2 1.45887E-1 1.35327E-1 1.2163E-1
-9999 -9999 -9999 -9999 -9999 -9999 -9999 -9999 -9999 -9999 1.89177E-1 2.20812E-1 2.64919E-1 3.12372E-1 2.50917E-1 1.63523E-1 1.25334E-1 1.31737E-1 1.58579E-1 1.89949E-1 3.14779E-1 1.94709E-1 3.13773E-1 2.52921E-1 2.30672E-1 2.39664E-1 2.18692E-1 1.95873E-1 1.62158E-1 1.27005E-1 1.32521E-1 1.43113E-1 1.6272E-1 1.6943E-1 1.6543E-1 1.13169E-1 1.1216E-1 1.01054E-1 8.77425E-2 9.06498E-2 3.14454E-2 6.11215E-2 2.39291E-2 3.58384E-2 8.8305E-2 1.93842E-1 1.88882E-1 1.38596E-1 1.3195E-1 1.72136E-1 9.47887E-2 1.20664E-1 1.58186E-1 1.33128E-1 7.59131E-2 9.96686E-2 1.33203E-1 1.42859E-1 1.09562E-1 1.063E-1
-9999 -9999 -9999 -9999 -9999 -9999 -9999 -9999 -9999 4.62441E-1 4.91496E-1 5.13508E-1 3.88348E-1 5.26385E-1 4.3992E-1 3.1606E-1 2.94932E-1 3.32318E-1 3.72443E-1 3.76427E-1 3.43499E-1 3.68335E-1 3.01942E-1 2.58354E-1 2.29343E-1 1.89165E-1 1.62275E-1 1.53301E-1 1.44683E-1 1.59962E-1 3.47151E-1 3.74455E-1 4.04557E-1 4.42329E-1 4.82044E-1 3.697E-1 4.80234E-1 4.03018E-1 3.68417E-1 3.52854E-1 8.28727E-2 6.6317E-2 1.29561E-1 1.39111E-1 6.14131E-2 1.54579E-1 2.36089E-1 2.02098E-1 2.10477E-1 2.44547E-1 2.14655E-1 1.90916E-1 2.98276E-1 2.56741E-1 1.53934E-1 1.36847E-1 1.24166E-1 9.12276E-2 8.6176E-2 9.46098E-2
-9999 -9999 -9999 -9999 -9999 -9999 -9999 -9999 3.37685E-1 4.38357E-1 4.75567E-1 4.34744E-1 5.54374E-1 4.54277E-1 3.85874E-1 2.73426E-1 3.03127E-1 4.10173E-1 4.54795E-1 5.28742E-1 3.39104E-1 3.09874E-1 2.42347E-1 2.51532E-1 2.30898E-1 1.97847E-1 1.8214E-1 1.81484E-1 1.86364E-1 2.1326E-1 3.94645E-1 3.9262E-1 4.18939E-1 2.89204E-1 5.15352E-1 5.46037E-1 4.62691E-1 3.74082E-1 3.57479E-1 3.46357E-1 1.44276E-1 9.0485E-2 1.32903E-1 1.38013E-1 1.53863E-1 1.52477E-1 1.95454E-1 1.94527E-1 1.8695E-1 2.19724E-1 2.31351E-1 2.58161E-1 3.02563E-1 2.66936E-1 1.99938E-1 1.54349E-1 1.2618E-1 9.235E-2 9.69033E-2 1.10897E-1
-9999 -9999 -9999 -9999 -9999 -9999 -9999 -9999 3.92137E-1 4.12202E-1 5.04677E-1 5.10059E-1 5.2029E-1 4.19439E-1 3.48379E-1 2.85157E-1 3.27157E-1 4.38936E-1 5.5428E-1 3.45687E-1 3.111E-1 2.05607E-1 2.07577E-1 2.37925E-1 2.30346E-1 1.99459E-1 1.98757E-1 2.10659E-1 2.34366E-1 2.31729E-1 4.18701E-1 3.84722E-1 4.21517E-1 4.1597E-1 5.27844E-1 5.40991E-1 4.83709E-1 4.08417E-1 3.88129E-1 3.33042E-1 1.42247E-1 1.35508E-1 1.44925E-1 1.26216E-1 1.62383E-1 1.63781E-1 1.68048E-1 1.96294E-1 2.12504E-1 2.20506E-1 2.81047E-1 2.53034E-1 3.08116E-1 2.6558E-1 2.2173E-1 1.5641E-1 9.45532E-2 9.53788E-2 1.02495E-1 1.20806E-1
-9999 -9999 -9999 -9999 -9999 -9999 -9999 -9999 4.28332E-1 4.21181E-1 2.90262E-1 5.04367E-1 4.62579E-1 3.67494E-1 3.20537E-1 2.88142E-1 3.34021E-1 4.47842E-1 3.07178E-1 4.27305E-1 2.14596E-1 1.97829E-1 2.27117E-1 2.79888E-1 2.18602E-1 1.85285E-1 2.42823E-1 1.39228E-1 1.40421E-1 2.24623E-1 4.65461E-1 4.15566E-1 2.58397E-1 4.20933E-1 5.08983E-1 5.36397E-1 4.92017E-1 4.29614E-1 4.23104E-1 3.84284E-1 1.62929E-1 1.34719E-1 1.39732E-1 1.53771E-1 1.77627E-1 1.21762E-1 1.74746E-1 1.86655E-1 2.39546E-1 1.1416E-1 2.74289E-1 3.04797E-1 2.85687E-1 2.76144E-1 2.29247E-1 1.46038E-1 1.11488E-1 1.01098E-1 1.0618E-1 1.23363E-1
-9999 -9999 -9999 -9999 -9999 -9999 -9999 3.28406E-1 4.17744E-1 4.36731E-1 5.14195E-1 4.63737E-1 4.12868E-1 3.36318E-1 3.09132E-1 3.13985E-1 3.57295E-1 1.9007E-1 3.45351E-1 3.22769E-1 1.76774E-1 2.09356E-1 2.5566E-1 1.05936E-1 2.29258E-1 2.08041E-1 2.48701E-1 2.14452E-1 2.16141E-1 2.25719E-1 4.46023E-1 4.18333E-1 4.03508E-1 4.30839E-1 5.05176E-1 5.27503E-1 4.89053E-1 4.3991E-1 3.48035E-1 2.52418E-1 1.10899E-1 1.5383E-1 1.59062E-1 1.63194E-1 1.71931E-1 1.58301E-1 1.75091E-1 1.72902E-1 2.50766E-1 2.2684E-1 2.5763E-1 2.92227E-1 1.94913E-1 2.87458E-1 2.412E-1 1.40544E-1 1.13172E-1 1.12014E-1 1.17354E-1 1.37497E-1
-9999 -9999 -9999 -9999 -9999 -9999 2.36122E-1 2.45358E-1 2.81802E-1 1.99229E-1 3.97937E-1 3.45064E-1 3.0669E-1 2.46006E-1 2.4501E-1 3.6442E-1 3.33289E-1 3.51416E-1 3.49271E-1 3.86748E-1 2.81365E-1 3.17512E-1 2.77376E-1 3.15234E-1 2.61466E-1 2.51229E-1 2.65223E-1 2.43824E-1 2.38879E-1 2.33324E-1 3.30689E-1 2.93219E-1 2.86623E-1 3.65929E-1 3.85674E-1 4.48736E-1 3.82652E-1 3.50736E-1 3.61885E-1 4.29561E-1 5.00144E-1 4.51111E-1 4.33902E-1 4.58216E-1 4.78709E-1 4.54643E-1 4.42708E-1 4.75784E-1 5.85322E-1 5.8039E-1 5.29526E-1 5.32391E-1 5.52903E-1 5.63819E-1 5.03471E-1 4.23397E-1 3.67891E-1 3.13334E-1 3.23837E-1 3.28776E-1
-9999 -9999 -9999 -9999 -9999 -9999 -9999 3.17411E-1 3.55594E-1 3.75108E-1 3.75754E-1 3.21481E-1 2.72605E-1 2.43481E-1 2.62411E-1 3.21451E-1 3.43265E-1 2.79199E-1 3.19036E-1 2.57514E-1 2.01294E-1 2.58664E-1 3.03861E-1 2.77696E-1 2.44369E-1 2.13266E-1 2.3826E-1 2.31478E-1 2.30962E-1 2.01668E-1 2.7986E-1 2.52685E-1 2.68341E-1 3.30773E-1 3.43459E-1 4.06341E-1 3.0009E-1 3.05293E-1 3.28704E-1 3.8643E-1 4.71298E-1 4.43319E-1 4.75164E-1 5.03064E-1 4.86545E-1 4.17614E-1 3.1766E-1 4.56434E-1 2.5549E-1 5.08211E-1 5.80087E-1 5.60548E-1 5.65276E-1 5.45124E-1 5.26051E-1 3.95531E-1 2.97937E-1 2.56152E-1 2.81658E-1 2.57947E-1
-9999 -9999 -9999 -9999 -9999 -9999 -9999 -9999 3.39594E-1 3.52576E-1 3.5706E-1 2.78355E-1 2.43248E-1 2.35486E-1 3.16092E-1 3.1336E-1 2.43387E-1 2.61649E-1 3.04542E-1 3.6167E-1 2.85587E-1 2.84242E-1 2.67744E-1 2.36609E-1 2.2171E-1 1.53117E-1 1.98712E-1 1.9559E-1 2.01638E-1 1.63266E-1 2.74844E-1 2.54269E-1 3.10155E-1 2.99467E-1 3.07538E-1 2.93037E-1 2.83751E-1 3.22661E-1 3.77801E-1 4.46932E-1 5.34116E-1 4.97087E-1 2.91158E-1 5.45331E-1 5.36442E-1 4.4833E-1 4.34715E-1 5.80033E-1 4.64762E-1 5.85122E-1 5.68368E-1 4.5574E-1 5.39091E-1 3.5437E-1 4.37022E-1 3.27906E-1 2.84125E-1 2.86737E-1 3.26269E-1 3.23024E-1
-9999 -9999 -9999 -9999 -9999 -9999 -9999 -9999 -9999 3.64666E-1 3.20416E-1 2.65764E-1 2.69364E-1 3.52519E-1 4.01338E-1 2.26956E-1 2.60581E-1 3.14978E-1 3.61622E-1 3.79605E-1 2.63221E-1 2.5496E-1 2.27426E-1 2.01318E-1 1.91085E-1 1.55447E-1 1.76484E-1 1.70327E-1 1.77898E-1 1.69298E-1 2.96834E-1 2.89672E-1 2.7506E-1 2.93283E-1 2.9408E-1 2.67597E-1 2.88294E-1 3.39923E-1 4.00218E-1 3.0917E-1 5.19423E-1 4.92551E-1 5.1727E-1 5.09496E-1 4.76407E-1 3.88322E-1 3.77281E-1 5.34433E-1 5.13753E-1 5.29082E-1 4.88912E-1 4.34648E-1 2.72226E-1 2.71302E-1 2.42844E-1 1.82615E-1 9.61034E-2 2.79764E-1 1.79906E-1 2.85961E-1
-9999 -9999 -9999 -9999 -9999 -9999 -9999 -9999 -9999 -9999 3.28364E-1 3.08617E-1 3.13759E-1 2.91556E-1 3.36222E-1 2.27672E-1 2.63665E-1 3.1127E-1 3.26686E-1 3.38514E-1 2.31339E-1 2.16388E-1 1.7949E-1 1.6713E-1 1.55465E-1 1.3999E-1 1.8381E-1 1.67543E-1 1.55726E-1 1.78608E-1 2.61297E-1 2.85471E-1 3.11009E-1 2.88263E-1 2.73013E-1 3.08247E-1 3.12327E-1 3.69915E-1 4.15652E-1 3.6342E-1 5.2406E-1 4.22005E-1 4.91077E-1 4.69275E-1 3.94658E-1 3.40009E-1 4.78199E-1 4.25879E-1 4.75467E-1 4.11429E-1 2.73452E-1 2.66487E-1 2.38894E-1 2.32415E-1 2.14747E-1 2.37103E-1 3.22645E-1 3.2647E-1 3.42576E-1 3.38252E-1
-9999 -9999 -9999 -9999 -9999 -9999 -9999 -9999 -9999 -9999 -9999 3.12805E-1 4.8574E-1 5.37246E-1 3.56661E-1 2.7018E-1 2.24154E-1 2.49977E-1 2.67938E-1 3.08E-1 3.58893E-1 3.29939E-1 2.8683E-1 2.67732E-1 2.9745E-1 3.36947E-1 4.24461E-1 3.90173E-1 3.56286E-1 3.11448E-1 3.00777E-1 3.27256E-1 3.6545E-1 3.08645E-1 3.35932E-1 3.61199E-1 3.41143E-1 4.07921E-1 4.76603E-1 5.96673E-1 5.08571E-1 4.07703E-1 5.03762E-1 4.84999E-1 3.70325E-1 3.42099E-1 2.48322E-1 4.00368E-1 2.58524E-1 2.4307E-1 2.46512E-1 2.77539E-1 2.66439E-1 2.41984E-1 1.86968E-1 3.82344E-1 3.15445E-1 3.80157E-1 3.73549E-1 4.07484E-1
-9999 -9999 -9999 -9999 -9999 -9999 -9999 -9999 -9999 -9999 -9999 -9999 2.85147E-1 4.80039E-1 4.383E-1 3.11955E-1 2.29209E-1 2.473E-1 2.60046E-1 3.25023E-1 3.98021E-1 3.63933E-1 3.18237E-1 3.17675E-1 3.34991E-1 3.3951E-1 4.76418E-1 4.26311E-1 3.91251E-1 3.35311E-1 2.91029E-1 2.92217E-1 2.80749E-1 3.37726E-1 3.59486E-1 4.09653E-1 3.85291E-1 4.70997E-1 4.28962E-1 5.85805E-1 4.25236E-1 3.60527E-1 4.56624E-1 4.52424E-1 1.64546E-1 2.41678E-1 3.71184E-1 2.56311E-1 2.50392E-1 2.93721E-1 3.26102E-1 3.56195E-1 3.8618E-1 3.84307E-1 3.78399E-1 3.10287E-1 3.84472E-1 3.70812E-1 3.69872E-1 4.41228E-1
-9999 -9999 -9999 -9999 -9999 -9999 -9999 -9999 -9999 -9999 -9999 -9999 5.43541E-1 2.6161E-1 4.66677E-1 2.62875E-1 1.97436E-1 2.18035E-1 2.6376E-1 3.37544E-1 3.18329E-1 3.82972E-1 3.76938E-1 3.76878E-1 3.9466E-1 3.79575E-1 3.77718E-1 4.3849E-1 4.17246E-1 3.22386E-1 2.24016E-1 2.16834E-1 2.59873E-1 3.10336E-1 3.76256E-1 2.83544E-1 4.43425E-1 5.63331E-1 5.52618E-1 5.14743E-1 3.86634E-1 3.404E-1 4.44326E-1 4.13162E-1 3.57687E-1 3.36406E-1 3.37312E-1 2.39091E-1 2.74066E-1 3.33103E-1 3.57364E-1 3.89321E-1 4.25089E-1 2.62779E-1 3.7647E-1 3.84491E-1 3.69335E-1 3.65937E-1 3.81492E-1 5.07807E-1
-9999 -9999 -9999 -9999 -9999 -9999 -9999 -9999 -9999 -9999 -9999 -9999 -9999 3.53482E-1 3.40385E-1 2.02158E-1 1.79094E-1 2.27694E-1 2.62333E-1 3.24522E-1 2.87732E-1 4.09821E-1 4.03832E-1 3.62135E-1 4.10161E-1 4.26389E-1 5.42664E-1 4.4376E-1 4.39992E-1 1.72824E-1 1.39939E-1 1.52794E-1 1.87988E-1 2.47212E-1 3.50783E-1 4.40188E-1 2.56551E-1 2.91228E-1 5.92253E-1 4.30973E-1 3.63612E-1 3.43343E-1 4.33719E-1 2.40937E-1 2.94498E-1 3.21483E-1 2.09428E-1 2.146E-1 2.79076E-1 3.28394E-1 3.51603E-1 3.79469E-1 4.1809E-1 3.86136E-1 3.75278E-1 3.53486E-1 3.46124E-1 3.41099E-1 4.38303E-1 4.67927E-1
-9999 -9999 -9999 -9999 -9999 -9999 -9999 -9999 -9999 -9999 -9999 -9999 -9999 -9999 2.70606E-1 1.83224E-1 1.85922E-1 2.33178E-1 2.62298E-1 3.18606E-1 4.0605E-1 4.1529E-1 4.49665E-1 4.48251E-1 2.93583E-1 4.47273E-1 5.39701E-1 4.63924E-1 2.90948E-1 1.95458E-1 1.21592E-1 1.42786E-1 1.94057E-1 2.81867E-1 3.11958E-1 4.26239E-1 4.61823E-1 5.78982E-1 5.56466E-1 3.76158E-1 3.51588E-1 3.76731E-1 2.8174E-1 3.14861E-1 2.65804E-1 1.69641E-1 1.88888E-1 2.60566E-1 3.09981E-1 3.44473E-1 3.63622E-1 3.92839E-1 4.16393E-1 4.09189E-1 3.77808E-1 3.32109E-1 3.22001E-1 3.37349E-1 4.16192E-1 4.21912E-1
-9999 -9999 -9999 -9999 -9999 -9999 -9999 -9999 -9999 -9999 -9999 -9999 -9999 -9999 2.44609E-1 2.2277E-1 2.34986E-1 2.69459E-1 2.91425E-1 3.53901E-1 4.82394E-1 5.23052E-1 4.04234E-1 5.57222E-1 5.65254E-1 3.75877E-1 3.11311E-1 2.57797E-1 1.9309E-1 1.41819E-1 9.60439E-2 1.30192E-1 1.85949E-1 2.05118E-1 2.42557E-1 3.77936E-1 4.00286E-1 5.07131E-1 4.90799E-1 3.20322E-1 2.67744E-1 3.1662E-1 2.04882E-1 1.74349E-1 1.35821E-1 1.30596E-1 1.50279E-1 2.22073E-1 2.5811E-1 2.70968E-1 3.43534E-1 3.56369E-1 3.88654E-1 3.89111E-1 3.58733E-1 3.09354E-1 2.83376E-1 2.56424E-1 3.71179E-1 4.34634E-1
-9999 -9999 -9999 -9999 -9999 -9999 -9999 -9999 -9999 -9999 -9999 -9999 -9999 -9999 2.36406E-1 2.18843E-1 2.50153E-1 2.79051E-1 3.00236E-1 3.70263E-1 5.23965E-1 4.26748E-1 6.31801E-1 6.58338E-1 2.8904E-1 1.49889E-1 3.68415E-1 2.52225E-1 2.02453E-1 1.62737E-1 1.40966E-1 1.59582E-1 1.79527E-1 1.89522E-1 2.3083E-1 3.37727E-1 3.57998E-1 4.57701E-1 4.50663E-1 2.78359E-1 4.24176E-1 2.46499E-1 1.54271E-1 1.44545E-1 1.28908E-1 1.54579E-1 2.05727E-1 2.67963E-1 2.60531E-1 2.92206E-1 3.68779E-1 3.7191E-1 2.67432E-1 4.07809E-1 3.54806E-1 3.04475E-1 2.8113E-1 2.75014E-1 3.83303E-1 3.45789E-1
-9999 -9999 -9999 -9999 -9999 -9999 -9999 -9999 -9999 -9999 -9999 -9999 -9999 -9999 2.47805E-1 2.68745E-1 2.54968E-1 2.95489E-1 3.32179E-1 4.08526E-1 4.29141E-1 5.62968E-1 2.18934E-1 6.55454E-1 5.65682E-1 3.95036E-1 3.24296E-1 2.29313E-1 1.92686E-1 1.63846E-1 1.4922E-1 1.46413E-1 1.6236E-1 1.81639E-1 1.96197E-1 2.9056E-1 3.23384E-1 4.19879E-1 4.15274E-1 4.01872E-1 2.01957E-1 1.64942E-1 1.47816E-1 1.47915E-1 1.68842E-1 1.90589E-1 2.37794E-1 2.64478E-1 2.79026E-1 3.27136E-1 3.79882E-1 3.81252E-1 2.18411E-1 4.21056E-1 3.54291E-1 2.98481E-1 2.55473E-1 2.28003E-1 2.60362E-1 1.16593E-1
-9999 -9999 -9999 -9999 -9999 -9999 -9999 -9999 -9999 -9999 -9999 -9999 -9999 4.41055E-1 3.46016E-1 3.1612E-1 2.88838E-1 3.16075E-1 3.63045E-1 4.22417E-1 5.21137E-1 3.44049E-1 4.17273E-1 4.18593E-1 3.41153E-1 2.22087E-1 2.42849E-1 3.49661E-1 2.34855E-1 2.18359E-1 1.74923E-1 1.83331E-1 1.66619E-1 1.55273E-1 1.58985E-1 2.39469E-1 3.14292E-1 1.49291E-1 3.68192E-1 2.16031E-1 1.74771E-1 1.90503E-1 2.12275E-1 1.96147E-1 2.05011E-1 2.11564E-1 2.43474E-1 2.91107E-1 3.22577E-1 3.91206E-1 3.98895E-1 3.79014E-1 4.2013E-1 4.07784E-1 3.37758E-1 2.95473E-1 2.57285E-1 2.30083E-1 2.37376E-1 -9999
-9999 -9999 -9999 -9999 -9999 -9999 -9999 -9999 -9999 -9999 -9999 -9999 3.83293E-1 2.30898E-1 2.91625E-1 2.33207E-1 4.00316E-1 4.51479E-1 3.3177E-1 2.90561E-1 3.11394E-1 3.41832E-1 3.62741E-1 2.15628E-1 2.38309E-1 2.99851E-1 4.20959E-1 2.24254E-1 3.84498E-1 2.56035E-1 2.0869E-1 2.2449E-1 1.7644E-1 1.48265E-1 1.39972E-1 1.94315E-1 2.30784E-1 1.10586E-1 2.49683E-1 2.02659E-1 2.27197E-1 2.46744E-1 2.42467E-1 2.28479E-1 2.2145E-1 2.04438E-1 2.4464E-1 2.84566E-1 3.63924E-1 4.19224E-1 4.20427E-1 3.39967E-1 4.44925E-1 3.77084E-1 3.11821E-1 2.73591E-1 2.40138E-1 2.26136E-1 2.27632E-1 2.0307E-1
-9999 -9999 -9999 -9999 -9999 -9999 -9999 -9999 -9999 -9999 -9999 1.88907E-1 4.7456E-1 2.61647E-1 2.48681E-1 2.06298E-1 3.58517E-1 2.09445E-1 2.99148E-1 2.34295E-1 2.48024E-1 4.31646E-1 4.06685E-1 4.05334E-1 2.87846E-1 3.93674E-1 1.56621E-1 1.78367E-1 2.9071E-1 4.46159E-1 1.90465E-1 3.71163E-1 2.75036E-1 2.38944E-1 1.95184E-1 1.56196E-1 2.3853E-1 2.76287E-1 2.10198E-1 2.18652E-1 2.59403E-1 2.54588E-1 2.89729E-1 2.33891E-1 2.00735E-1 1.48375E-1 1.79227E-1 2.28282E-1 3.36985E-1 3.38376E-1 2.8415E-1 3.19703E-1 3.65031E-1 2.54571E-1 2.15765E-1 2.02193E-1 1.76242E-1 1.82207E-1 2.2374E-1 2.61748E-1
-9999 -9999 -9999 -9999 -9999 -9999 -9999 -9999 -9999 -9999 2.70624E-1 3.2968E-1 2.09255E-1 3.25868E-1 2.96981E-1 2.87765E-1 3.80939E-1 2.0855E-1 2.915E-1 2.47806E-1 2.61877E-1 5.22561E-1 3.61001E-1 4.13441E-1 3.3388E-1 3.44641E-1 4.17974E-1 2.26057E-1 1.89794E-1 3.45325E-1 3.43449E-1 3.74871E-1 3.94949E-1 2.87688E-1 2.22461E-1 1.87963E-1 2.06259E-1 3.20228E-1 2.76526E-1 2.88876E-1 3.61977E-1 3.55325E-1 3.22824E-1 2.50946E-1 2.08323E-1 1.59291E-1 1.87484E-1 2.61948E-1 3.31039E-1 3.16589E-1 3.10167E-1 3.81631E-1 3.90584E-1 2.59225E-1 2.02513E-1 1.8422E-1 1.59345E-1 1.73147E-1 1.94816E-1 3.24051E-1
-9999 -9999 -9999 -9999 -9999 -9999 -9999 -9999 -9999 -9999 4.58595E-1 2.83355E-1 3.06623E-1 2.71977E-1 3.70526E-1 3.61657E-1 2.18863E-1 1.94185E-1 1.80907E-1 2.01285E-1 3.41257E-1 3.94567E-1 3.77547E-1 4.47903E-1 4.10909E-1 1.10755E-1 1.62385E-1 2.74399E-1 2.58754E-1 1.82791E-1 3.56424E-1 3.93146E-1 1.45789E-1 2.35299E-1 2.58485E-1 2.23267E-1 3.58387E-1 3.83399E-1 3.93913E-1 4.2593E-1 4.17836E-1 3.9595E-1 3.02302E-1 2.74083E-1 1.9879E-1 1.92391E-1 2.02068E-1 3.1857E-1 3.46254E-1 3.01224E-1 1.33928E-1 4.23823E-1 3.20061E-1 2.40888E-1 1.8515E-1 1.85625E-1 1.6387E-1 1.76263E-1 2.70897E-1 3.32395E-1
-9999 -9999 -9999 -9999 -9999 -9999 -9999 -9999 -9999 6.65234E-2 4.39535E-1 3.21289E-1 2.10111E-1 3.83048E-1 2.27714E-1 4.59758E-1 4.41634E-1 3.12931E-1 2.63221E-1 2.22971E-1 4.55739E-1 4.98459E-1 5.21673E-1 5.27574E-1 4.46301E-1 3.43233E-1 3.49617E-1 1.85082E-1 1.45553E-1 2.76212E-1 2.06691E-1 3.65536E-1 2.21463E-1 2.17041E-1 1.87645E-1 -9999 3.3004E-1 3.72759E-1 4.11675E-1 4.76155E-1 4.72279E-1 4.04649E-1 3.18657E-1 2.77885E-1 2.57031E-1 2.35309E-1 3.10822E-1 3.30226E-1 2.96705E-1 2.84731E-1 3.20817E-1 3.9287E-1 2.88262E-1 2.28739E-1 1.93081E-1 1.97816E-1 1.76653E-1 1.72289E-1 1.24643E-1 3.47016E-1
