Phytophthora/models/20240429_1921_07/Phytophthora_PA3_RUN7_MAXENT_outputs/Phytophthora_PA3_RUN7.asc
ncols         225
nrows         269
xllcorner     473000.0
yllcorner     4429100.0
cellsize      50.0
NODATA_value  -9999
[rows 189 to 215 of 269, columns 0 to 59 of 225]
-9999 -9999 -9999 -9999 -9999 -9999 -9999 -9999 -9999 -9999 -9999 -9999 -9999 -9999 -9999 -9999 5.16415E-1 7.23657E-1 7.16379E-1 6.98159E-1 5.75752E-1 5.00441E-1 4.80942E-1 5.09143E-1 5.53924E-1 5.89255E-1 5.22757E-1 4.43021E-1 4.38039E-1 3.70415E-1 4.48347E-1 4.2693E-1 5.72179E-1 8.06925E-1 6.30202E-1 4.95561E-1 6.2318E-1 6.33086E-1 6.34774E-1 6.7069E-1 5.19606E-1 4.5396E-1 3.51541E-1 3.68503E-1 4.38803E-1 6.87265E-1 7.03055E-1 7.26382E-1 7.133E-1 7.53891E-1 6.75165E-1 5.80164E-1 5.31659E-1 5.57901E-1 5.25882E-1 5.84602E-1 6.39823E-1 6.51805E-1 6.53548E-1 6.39787E-1
-9999 -9999 -9999 -9999 -9999 -9999 -9999 -9999 -9999 -9999 -9999 -9999 -9999 -9999 -9999 6.9335E-1 6.92882E-1 7.51493E-1 7.24636E-1 6.64323E-1 5.24562E-1 4.58773E-1 4.48094E-1 4.84263E-1 4.17251E-1 5.57522E-1 4.55429E-1 3.89526E-1 4.08131E-1 3.45345E-1 4.58908E-1 5.34155E-1 6.38874E-1 6.99853E-1 8.27691E-1 7.82933E-1 5.99372E-1 5.88016E-1 6.208E-1 6.71337E-1 5.31643E-1 3.63071E-1 3.10735E-1 3.66194E-1 4.41086E-1 6.53401E-1 6.53636E-1 6.95375E-1 7.7518E-1 6.66955E-1 5.73397E-1 5.21158E-1 5.35462E-1 5.64776E-1 6.00801E-1 6.58957E-1 6.94759E-1 6.94236E-1 6.60659E-1 6.10631E-1
-9999 -9999 -9999 -9999 -9999 -9999 -9999 -9999 -9999 -9999 -9999 -9999 -9999 -9999 -9999 6.32323E-1 6.13415E-1 6.63719E-1 6.42925E-1 5.2232E-1 4.27845E-1 3.99908E-1 4.1764E-1 4.03646E-1 3.96907E-1 3.51705E-1 3.47751E-1 2.2599E-1 2.36966E-1 2.38715E-1 3.94247E-1 4.39276E-1 4.49813E-1 4.74927E-1 4.3218E-1 6.42386E-1 5.867E-1 5.47703E-1 6.10437E-1 6.75364E-1 6.39385E-1 5.07342E-1 4.5971E-1 5.146E-1 5.02177E-1 3.83166E-1 4.09873E-1 2.868E-1 4.85005E-1 3.97522E-1 4.31634E-1 4.43437E-1 5.1393E-1 5.56911E-1 6.07841E-1 6.81682E-1 7.07549E-1 7.26391E-1 6.85681E-1 6.39782E-1
-9999 -9999 -9999 -9999 -9999 -9999 -9999 -9999 -9999 -9999 -9999 -9999 -9999 -9999 -9999 -9999 6.63248E-1 6.29613E-1 5.34043E-1 4.44674E-1 3.87365E-1 3.91573E-1 3.97505E-1 3.72938E-1 3.55374E-1 3.03799E-1 3.09243E-1 2.77404E-1 2.84411E-1 3.21589E-1 4.6411E-1 4.50272E-1 5.36513E-1 5.99285E-1 6.2696E-1 3.24265E-1 6.15011E-1 6.5462E-1 6.90095E-1 6.49985E-1 4.93587E-1 5.00305E-1 4.61754E-1 4.96395E-1 4.73463E-1 3.4736E-1 2.76251E-1 4.29347E-1 2.50806E-1 2.48641E-1 3.57287E-1 4.13918E-1 4.81105E-1 5.1957E-1 5.35597E-1 6.80846E-1 6.31442E-1 7.57034E-1 7.22875E-1 6.50599E-1
-9999 -9999 -9999 -9999 -9999 -9999 -9999 -9999 -9999 -9999 -9999 -9999 -9999 -9999 -9999 -9999 5.82793E-1 5.19657E-1 4.76556E-1 4.27209E-1 4.37368E-1 4.16782E-1 3.53178E-1 3.34464E-1 3.12612E-1 2.6928E-1 3.00207E-1 3.33898E-1 3.52462E-1 4.30197E-1 5.50789E-1 5.69186E-1 6.00175E-1 6.27359E-1 6.59341E-1 2.87577E-1 7.11799E-1 7.50826E-1 7.16384E-1 5.10947E-1 5.03512E-1 5.65365E-1 6.17843E-1 2.53029E-1 5.1432E-1 4.66243E-1 3.38939E-1 2.51807E-1 2.29568E-1 2.45033E-1 4.17135E-1 4.56328E-1 4.93363E-1 5.26109E-1 5.94006E-1 6.90282E-1 4.48595E-1 7.10858E-1 7.45266E-1 6.81761E-1
-9999 -9999 -9999 -9999 -9999 -9999 -9999 -9999 -9999 -9999 -9999 -9999 -9999 -9999 -9999 -9999 -9999 4.22127E-1 4.18094E-1 4.21666E-1 4.58715E-1 3.60477E-1 3.0768E-1 2.94535E-1 2.86248E-1 2.87453E-1 3.31327E-1 3.79378E-1 4.17548E-1 4.9067E-1 6.1902E-1 6.36887E-1 6.53319E-1 6.4898E-1 6.3269E-1 4.01699E-1 4.85818E-1 7.14439E-1 5.75582E-1 5.50176E-1 6.50811E-1 3.62742E-1 5.91248E-1 4.31905E-1 3.74472E-1 2.9545E-1 2.68028E-1 2.36194E-1 2.37494E-1 3.12438E-1 4.7664E-1 4.64213E-1 4.78152E-1 5.29618E-1 6.26015E-1 6.77464E-1 6.9808E-1 6.90113E-1 6.95127E-1 6.94087E-1
-9999 -9999 -9999 -9999 -9999 -9999 -9999 -9999 -9999 -9999 -9999 -9999 -9999 -9999 -9999 -9999 -9999 -9999 -9999 -9999 -9999 -9999 2.97167E-1 2.91992E-1 3.09744E-1 3.17779E-1 3.61033E-1 4.08689E-1 4.67661E-1 5.53881E-1 6.65525E-1 5.70001E-1 5.31302E-1 5.66763E-1 5.32888E-1 7.28556E-1 7.46977E-1 6.31698E-1 5.82959E-1 6.67453E-1 6.85097E-1 6.53203E-1 3.84726E-1 2.82708E-1 1.89172E-1 1.75567E-1 2.22222E-1 2.37408E-1 2.53295E-1 3.31484E-1 4.53318E-1 4.80184E-1 4.96611E-1 5.58462E-1 5.97446E-1 6.42061E-1 6.68027E-1 6.60795E-1 6.6965E-1 6.34078E-1
-9999 -9999 -9999 -9999 -9999 -9999 -9999 -9999 -9999 -9999 -9999 -9999 -9999 -9999 -9999 -9999 -9999 -9999 -9999 -9999 -9999 -9999 -9999 -9999 4.00438E-1 3.90854E-1 4.18473E-1 4.56014E-1 5.35137E-1 6.59279E-1 7.16671E-1 6.83454E-1 7.21893E-1 7.0605E-1 7.84504E-1 7.00273E-1 7.41519E-1 6.2842E-1 4.50648E-1 5.77546E-1 4.20341E-1 2.6515E-1 1.83475E-1 1.37407E-1 9.41955E-2 1.65663E-1 1.9399E-1 2.68135E-1 3.34859E-1 3.9592E-1 4.53008E-1 4.57793E-1 4.78892E-1 5.46852E-1 5.73713E-1 5.71588E-1 5.9679E-1 5.95175E-1 5.73856E-1 5.77059E-1
-9999 -9999 -9999 -9999 -9999 -9999 -9999 -9999 -9999 -9999 -9999 -9999 -9999 -9999 -9999 -9999 -9999 -9999 -9999 -9999 -9999 -9999 -9999 -9999 -9999 -9999 4.08599E-1 4.50395E-1 5.04982E-1 5.38464E-1 6.98086E-1 7.48533E-1 5.64302E-1 4.03845E-1 5.9622E-1 7.0099E-1 6.41918E-1 5.73183E-1 6.21258E-1 6.3439E-1 2.62212E-1 1.82255E-1 1.66073E-1 1.51075E-1 1.27856E-1 2.22795E-1 2.27199E-1 3.11133E-1 3.43837E-1 3.56363E-1 4.29235E-1 4.55204E-1 4.69071E-1 4.98885E-1 5.3973E-1 5.43709E-1 5.65118E-1 5.58564E-1 5.62641E-1 5.54842E-1
-9999 -9999 -9999 -9999 -9999 -9999 -9999 -9999 -9999 -9999 -9999 -9999 -9999 -9999 -9999 -9999 -9999 -9999 -9999 -9999 -9999 -9999 -9999 -9999 -9999 -9999 -9999 4.12189E-1 4.60619E-1 5.16312E-1 5.77332E-1 6.8206E-1 6.06042E-1 7.05063E-1 5.15889E-1 7.07777E-1 4.94645E-1 6.50967E-1 5.8728E-1 2.327E-1 2.40925E-1 2.68621E-1 2.14981E-1 1.7846E-1 1.93336E-1 3.16338E-1 3.5284E-1 4.05589E-1 4.1149E-1 3.97656E-1 4.40075E-1 4.28346E-1 4.44581E-1 4.63748E-1 4.87396E-1 5.06378E-1 5.3571E-1 5.32273E-1 5.71107E-1 6.32026E-1
-9999 -9999 -9999 -9999 -9999 -9999 -9999 -9999 -9999 -9999 -9999 -9999 -9999 -9999 -9999 -9999 -9999 -9999 -9999 -9999 -9999 -9999 -9999 -9999 -9999 -9999 -9999 4.30578E-1 4.62896E-1 5.14751E-1 6.14988E-1 6.69091E-1 6.70174E-1 5.84909E-1 4.42188E-1 7.1852E-1 3.33473E-1 4.51512E-1 4.80173E-1 4.57784E-1 7.98689E-2 3.19372E-1 2.35983E-1 2.17493E-1 2.22333E-1 3.39573E-1 4.10734E-1 5.10543E-1 4.128E-1 3.76023E-1 4.66043E-1 4.47239E-1 4.40549E-1 4.5448E-1 4.649E-1 4.55025E-1 5.39061E-1 6.8633E-1 6.65596E-1 6.30396E-1
-9999 -9999 -9999 -9999 -9999 -9999 -9999 -9999 -9999 -9999 -9999 -9999 -9999 -9999 -9999 -9999 -9999 -9999 -9999 -9999 -9999 -9999 -9999 -9999 -9999 -9999 -9999 4.77178E-1 5.09494E-1 5.68354E-1 4.5787E-1 6.71431E-1 6.31985E-1 6.11289E-1 6.67865E-1 5.2144E-1 4.15431E-1 3.67226E-1 5.29414E-1 5.638E-1 3.68094E-1 3.37965E-1 2.67145E-1 2.29907E-1 2.33117E-1 4.07862E-1 5.47589E-1 4.53676E-1 4.2441E-1 4.36564E-1 5.04289E-1 4.9119E-1 4.81388E-1 4.71899E-1 4.87755E-1 4.63415E-1 5.02448E-1 3.4265E-1 4.27102E-1 4.52836E-1
-9999 -9999 -9999 -9999 -9999 -9999 -9999 -9999 -9999 -9999 -9999 -9999 -9999 -9999 -9999 -9999 -9999 -9999 -9999 -9999 -9999 -9999 -9999 -9999 -9999 -9999 5.16283E-1 5.78118E-1 6.22349E-1 6.69411E-1 7.62993E-1 -9999 4.45342E-1 5.98363E-1 6.88437E-1 4.32836E-1 4.78675E-1 3.94017E-1 5.10533E-1 3.90222E-1 5.59964E-1 1.09062E-1 3.05329E-1 2.67468E-1 3.02218E-1 6.2011E-1 6.37605E-1 5.47174E-1 5.23841E-1 5.17536E-1 5.09634E-1 4.86203E-1 4.84891E-1 4.58878E-1 4.05969E-1 1.00966E-1 3.57051E-1 3.92455E-1 3.86621E-1 4.24684E-1
-9999 -9999 -9999 -9999 -9999 -9999 -9999 -9999 -9999 -9999 -9999 -9999 -9999 -9999 -9999 -9999 -9999 -9999 -9999 -9999 -9999 -9999 -9999 -9999 -9999 -9999 5.41362E-1 5.10515E-1 3.23933E-1 -9999 -9999 -9999 4.84221E-1 5.70549E-1 4.13817E-1 3.26656E-1 2.32744E-1 4.28066E-1 5.7286E-1 5.94283E-1 3.95464E-1 3.63964E-1 2.49331E-1 8.99656E-2 4.3485E-1 6.54315E-1 6.17178E-1 5.69648E-1 5.73059E-1 5.79121E-1 5.77376E-1 5.40791E-1 5.64885E-1 2.82393E-1 3.7431E-1 3.48279E-1 3.55756E-1 3.87011E-1 3.73264E-1 4.24426E-1
-9999 -9999 -9999 -9999 -9999 -9999 -9999 -9999 -9999 -9999 -9999 -9999 -9999 -9999 -9999 -9999 -9999 -9999 -9999 -9999 -9999 -9999 -9999 -9999 -9999 -9999 -9999 5.48809E-1 -9999 -9999 -9999 -9999 2.83893E-1 3.45964E-1 3.85893E-1 3.34806E-1 2.76811E-1 2.91909E-1 2.70073E-1 2.41624E-1 3.98286E-1 1.48954E-1 3.27926E-1 2.43205E-1 1.4896E-1 5.87571E-1 5.98438E-1 6.47381E-1 6.44862E-1 6.54243E-1 6.22156E-1 6.28354E-1 3.9917E-1 4.88877E-1 3.26328E-1 3.54788E-1 3.7515E-1 4.12459E-1 4.14976E-1 5.65005E-1
-9999 -9999 -9999 -9999 -9999 -9999 -9999 -9999 -9999 -9999 -9999 -9999 -9999 -9999 -9999 -9999 -9999 -9999 -9999 -9999 -9999 -9999 -9999 -9999 -9999 -9999 -9999 -9999 -9999 -9999 -9999 -9999 -9999 3.19697E-1 4.11778E-1 3.14731E-1 2.75406E-1 2.49508E-1 4.88155E-1 4.4359E-1 2.66964E-1 1.15119E-1 2.67334E-1 2.26671E-1 1.79543E-1 5.87769E-1 3.79603E-1 6.35044E-1 7.5939E-1 5.17513E-1 7.14163E-1 5.23805E-1 4.0541E-1 3.65253E-1 3.16266E-1 3.54449E-1 3.68802E-1 4.46154E-1 6.43199E-1 6.56285E-1
-9999 -9999 -9999 -9999 -9999 -9999 -9999 -9999 -9999 -9999 -9999 -9999 -9999 -9999 -9999 -9999 -9999 -9999 -9999 -9999 -9999 -9999 -9999 -9999 -9999 -9999 -9999 -9999 -9999 -9999 -9999 -9999 -9999 -9999 4.40296E-1 2.25861E-1 3.03238E-1 4.27468E-1 3.13826E-1 2.8812E-1 3.66339E-1 2.85391E-1 1.11374E-1 1.41156E-1 2.37812E-1 6.22905E-1 6.75343E-1 7.92713E-1 7.15208E-1 5.06672E-1 6.21378E-1 6.29667E-1 4.82625E-1 4.06223E-1 3.55991E-1 4.1098E-1 4.52116E-1 6.34001E-1 5.50611E-1 7.03569E-1
-9999 -9999 -9999 -9999 -9999 -9999 -9999 -9999 -9999 -9999 -9999 -9999 -9999 -9999 -9999 -9999 -9999 -9999 -9999 -9999 -9999 -9999 -9999 -9999 -9999 -9999 -9999 -9999 -9999 -9999 -9999 -9999 -9999 -9999 4.82276E-1 2.62443E-1 2.63062E-1 4.70084E-1 4.15063E-1 3.82508E-1 4.47601E-1 3.9936E-1 1.82456E-1 1.82592E-1 2.96358E-1 1.36445E-1 6.95343E-1 5.79619E-1 5.49634E-1 4.79053E-1 2.789E-1 4.47774E-1 3.52553E-1 2.92041E-1 2.42747E-1 2.72235E-1 4.10553E-1 5.21189E-1 5.37064E-1 6.3361E-1
-9999 -9999 -9999 -9999 -9999 -9999 -9999 -9999 -9999 -9999 -9999 -9999 -9999 -9999 -9999 -9999 -9999 -9999 -9999 -9999 -9999 -9999 -9999 -9999 -9999 -9999 -9999 -9999 -9999 -9999 -9999 -9999 -9999 -9999 -9999 2.80163E-1 3.10254E-1 2.49332E-1 3.32705E-1 1.75152E-1 1.98587E-1 1.55456E-1 1.98737E-1 2.17561E-1 2.67168E-1 4.29155E-1 2.92077E-1 7.37753E-1 2.72073E-1 6.42487E-1 4.42833E-1 4.65275E-1 3.96495E-1 3.762E-1 3.7099E-1 3.84667E-1 4.6704E-1 5.26408E-1 2.92784E-1 7.05269E-1
-9999 -9999 -9999 -9999 -9999 -9999 -9999 -9999 -9999 -9999 -9999 -9999 -9999 -9999 -9999 -9999 -9999 -9999 -9999 -9999 -9999 -9999 -9999 -9999 -9999 -9999 -9999 -9999 -9999 -9999 -9999 -9999 -9999 -9999 -9999 2.08225E-1 2.54741E-1 2.35847E-1 3.54115E-1 1.31888E-1 1.66326E-1 1.44619E-1 1.41039E-1 2.21362E-1 2.17571E-1 2.75444E-1 2.63599E-1 6.71593E-1 3.66465E-1 4.58318E-1 1.98534E-1 3.99591E-1 3.53434E-1 2.721E-1 2.91642E-1 3.37167E-1 4.30962E-1 2.37639E-1 1.20685E-1 4.31175E-1
-9999 -9999 -9999 -9999 -9999 -9999 -9999 -9999 -9999 -9999 -9999 -9999 -9999 -9999 -9999 -9999 -9999 -9999 -9999 -9999 -9999 -9999 -9999 -9999 -9999 -9999 -9999 -9999 -9999 -9999 -9999 -9999 -9999 -9999 -9999 -9999 3.08178E-1 3.19613E-1 3.37745E-1 2.53974E-1 2.14313E-1 1.97855E-1 1.91625E-1 3.15429E-1 5.57908E-1 2.47037E-1 3.02049E-1 3.91734E-1 6.88603E-1 6.24972E-1 4.19736E-1 4.13414E-1 3.38896E-1 3.62932E-1 3.73619E-1 3.71103E-1 2.84601E-1 4.91217E-1 3.19464E-1 4.40679E-1
-9999 -9999 -9999 -9999 -9999 -9999 -9999 -9999 -9999 -9999 -9999 -9999 -9999 -9999 -9999 -9999 -9999 -9999 -9999 -9999 -9999 -9999 -9999 -9999 -9999 -9999 -9999 -9999 -9999 -9999 -9999 -9999 -9999 -9999 -9999 -9999 3.3082E-1 3.11212E-1 3.2289E-1 2.05385E-1 3.08372E-1 1.78591E-1 1.75933E-1 4.75098E-1 2.00737E-1 4.8398E-1 5.13661E-1 3.14259E-1 7.7343E-1 5.34207E-1 4.95943E-1 3.96842E-1 2.93021E-1 3.1225E-1 3.26126E-1 3.73148E-1 3.13275E-1 3.71291E-1 4.33973E-1 3.92737E-1
-9999 -9999 -9999 -9999 -9999 -9999 -9999 -9999 -9999 -9999 -9999 -9999 -9999 -9999 -9999 -9999 -9999 -9999 -9999 -9999 -9999 -9999 -9999 -9999 -9999 -9999 -9999 -9999 -9999 -9999 -9999 -9999 -9999 -9999 -9999 -9999 3.60219E-1 3.30592E-1 2.76632E-1 2.44773E-1 4.96653E-1 2.77541E-1 2.87309E-1 6.30836E-1 4.29419E-1 3.37109E-1 3.32741E-1 5.72224E-1 6.78323E-1 5.48093E-1 5.64199E-1 5.71902E-1 4.94925E-1 4.98199E-1 4.72756E-1 4.5479E-1 4.11174E-1 5.31928E-1 3.48066E-1 5.43312E-1
-9999 -9999 -9999 -9999 -9999 -9999 -9999 -9999 -9999 -9999 -9999 -9999 -9999 -9999 -9999 -9999 -9999 -9999 -9999 -9999 -9999 -9999 -9999 -9999 -9999 -9999 -9999 -9999 -9999 -9999 -9999 -9999 -9999 -9999 -9999 -9999 2.24405E-1 2.50654E-1 2.73273E-1 2.78107E-1 5.38929E-1 2.9758E-1 2.99601E-1 3.65434E-1 5.61621E-1 3.52713E-1 3.27657E-1 3.79452E-1 3.6942E-1 4.85745E-1 4.82064E-1 4.41302E-1 4.82743E-1 5.45355E-1 4.96497E-1 4.30177E-1 4.05133E-1 4.97494E-1 4.69093E-1 5.54485E-1
-9999 -9999 -9999 -9999 -9999 -9999 -9999 -9999 -9999 -9999 -9999 -9999 -9999 -9999 -9999 -9999 -9999 -9999 -9999 -9999 -9999 -9999 -9999 -9999 -9999 -9999 -9999 -9999 -9999 -9999 -9999 -9999 -9999 -9999 -9999 -9999 -9999 3.14848E-1 3.54601E-1 3.86046E-1 5.88288E-1 3.73237E-1 3.34338E-1 3.34274E-1 4.40725E-1 4.88605E-1 4.138E-1 4.05976E-1 3.39149E-1 3.20909E-1 3.85951E-1 4.10864E-1 4.25946E-1 5.09935E-1 4.17784E-1 4.62771E-1 4.66664E-1 4.57467E-1 4.76847E-1 5.28614E-1
-9999 -9999 -9999 -9999 -9999 -9999 -9999 -9999 -9999 -9999 -9999 -9999 -9999 -9999 -9999 -9999 -9999 -9999 -9999 -9999 -9999 -9999 -9999 -9999 -9999 -9999 -9999 -9999 -9999 -9999 -9999 -9999 -9999 -9999 -9999 -9999 -9999 -9999 3.64442E-1 4.16756E-1 5.0943E-1 6.06045E-1 3.4033E-1 2.87426E-1 5.45768E-1 4.78542E-1 4.38274E-1 4.6047E-1 3.99433E-1 3.40927E-1 3.66857E-1 4.60365E-1 4.85536E-1 3.32147E-1 4.75871E-1 4.42312E-1 4.61746E-1 4.27843E-1 4.6503E-1 5.10432E-1
-9999 -9999 -9999 -9999 -9999 -9999 -9999 -9999 -9999 -9999 -9999 -9999 -9999 -9999 -9999 -9999 -9999 -9999 -9999 -9999 -9999 -9999 -9999 -9999 -9999 -9999 -9999 -9999 -9999 -9999 -9999 -9999 -9999 -9999 -9999 -9999 -9999 -9999 -9999 -9999 3.78655E-1 4.36434E-1 6.49865E-1 4.32426E-1 4.79975E-1 7.05265E-1 5.39056E-1 4.91216E-1 4.25915E-1 3.8384E-1 3.52313E-1 4.29488E-1 4.11896E-1 5.33754E-1 4.625E-1 4.84914E-1 4.39277E-1 4.02994E-1 4.23709E-1 4.66971E-1
