Phytophthora/models/20240506_1402_44/Phytophthora_PA3_RUN8_MAXENT_outputs/Phytophthora_PA3_RUN8.asc
ncols         225
nrows         269
xllcorner     473009.9838
yllcorner     4429051.1748
cellsize      50.0
NODATA_value  -9999
[rows 234 to 259 of 269, columns 120 to 179 of 225]
2.5035E-1 2.79799E-1 2.72512E-1 2.68653E-1 2.95138E-1 3.01513E-1 2.81285E-1 2.70242E-1 2.77727E-1 4.16078E-1 2.20056E-1 4.20649E-1 4.2744E-1 4.52264E-1 4.75315E-1 5.08192E-1 5.15535E-1 4.93673E-1 5.17716E-1 1.74935E-1 3.93343E-1 3.88126E-1 3.29878E-1 2.36852E-1 1.93476E-1 2.69109E-1 3.11756E-1 3.61711E-1 4.14267E-1 4.67689E-1 3.94604E-1 3.83682E-1 4.10468E-1 4.49255E-1 4.90644E-1 5.68E-1 5.71374E-1 1.98903E-1 4.67941E-1 4.33591E-1 4.32087E-1 4.37086E-1 1.24534E-1 3.91658E-1 1.07526E-1 3.39704E-1 2.62314E-1 2.10454E-1 2.21036E-1 2.28276E-1 2.68993E-1 3.52475E-1 5.0979E-1 6.23469E-1 4.06448E-1 6.6253E-1 6.26489E-1 5.67228E-1 5.19045E-1 4.79788E-1
3.05456E-1 3.46272E-1 3.50455E-1 3.27544E-1 3.37236E-1 3.28724E-1 3.28549E-1 3.51717E-1 3.55383E-1 4.83276E-1 2.8299E-1 4.50594E-1 4.80352E-1 4.36218E-1 4.57614E-1 4.89922E-1 4.91489E-1 4.67232E-1 4.94591E-1 4.28787E-1 1.9371E-1 1.9392E-1 2.09786E-1 2.58225E-1 4.19597E-1 5.30136E-1 5.19299E-1 4.55845E-1 4.63828E-1 4.73192E-1 4.31008E-1 4.40521E-1 4.24059E-1 4.5045E-1 4.82774E-1 4.80407E-1 5.5524E-1 4.78995E-1 2.97135E-1 3.67918E-1 2.17834E-1 3.2523E-1 4.47875E-1 3.89159E-1 9.1609E-2 2.67093E-1 2.76709E-1 2.27629E-1 2.37445E-1 2.4934E-1 3.11643E-1 4.38271E-1 5.64047E-1 6.28522E-1 3.45494E-1 6.55037E-1 6.26682E-1 5.56715E-1 5.03448E-1 4.69423E-1
3.89612E-1 4.00669E-1 4.06192E-1 3.91922E-1 3.82848E-1 3.74158E-1 4.14973E-1 4.5691E-1 4.54097E-1 5.61321E-1 3.30578E-1 4.77772E-1 5.28019E-1 4.78593E-1 4.40855E-1 4.38114E-1 4.39276E-1 4.44799E-1 4.69338E-1 4.87973E-1 3.83259E-1 3.59866E-1 4.47444E-1 5.24378E-1 5.23876E-1 5.70475E-1 5.68678E-1 4.80248E-1 5.29926E-1 5.29897E-1 5.03087E-1 4.79275E-1 4.54237E-1 5.40939E-1 4.92599E-1 4.42723E-1 4.51679E-1 4.6185E-1 1.20467E-1 1.60613E-1 2.5098E-1 4.62664E-1 4.20556E-1 3.72112E-1 3.9186E-1 4.29469E-1 3.19624E-1 2.582E-1 2.58164E-1 3.25061E-1 4.34724E-1 5.48958E-1 5.91034E-1 6.27128E-1 2.99465E-1 6.82802E-1 6.374E-1 5.73677E-1 5.18755E-1 4.89343E-1
2.3947E-1 2.84699E-1 2.05614E-1 1.18551E-1 1.00317E-1 1.38266E-1 2.75488E-1 5.4846E-1 5.56883E-1 6.22249E-1 3.42923E-1 5.45138E-1 5.64981E-1 5.24568E-1 4.91395E-1 4.58925E-1 4.18905E-1 4.28017E-1 4.69243E-1 3.54511E-1 3.76202E-1 5.00003E-1 4.9589E-1 4.94999E-1 5.96879E-1 6.0653E-1 5.70428E-1 5.072E-1 6.34474E-1 5.76523E-1 5.40506E-1 5.0636E-1 5.37143E-1 5.04776E-1 4.64372E-1 5.39188E-1 4.07243E-1 4.04515E-1 4.53664E-1 4.70162E-1 2.71377E-1 4.73677E-1 4.24049E-1 3.6115E-1 3.86964E-1 2.59192E-1 2.72503E-1 2.44961E-1 2.73781E-1 3.80751E-1 4.89488E-1 6.21917E-1 6.79613E-1 6.74247E-1 6.76487E-1 5.67971E-1 6.69532E-1 6.14615E-1 5.55489E-1 5.03971E-1
4.97956E-1 4.84599E-1 3.97863E-1 3.84147E-1 4.10193E-1 4.33996E-1 4.90744E-1 2.55684E-1 3.04654E-1 5.75114E-1 3.42333E-1 6.52119E-1 6.4082E-1 6.00319E-1 5.68645E-1 5.2807E-1 4.85818E-1 4.47125E-1 4.51981E-1 3.52451E-1 3.28592E-1 4.73462E-1 4.47909E-1 5.00081E-1 5.87021E-1 6.29603E-1 5.46627E-1 5.78119E-1 6.89358E-1 6.26331E-1 5.80935E-1 5.64717E-1 6.20564E-1 4.81596E-1 4.17357E-1 1.75219E-1 4.23227E-1 1.84183E-1 4.6435E-1 4.43433E-1 4.79029E-1 4.50807E-1 3.85277E-1 3.22273E-1 1.67957E-1 2.17757E-1 2.11532E-1 2.50472E-1 3.51933E-1 4.7672E-1 5.90388E-1 6.64939E-1 3.89149E-1 4.6559E-1 6.64389E-1 5.40085E-1 6.78494E-1 6.4258E-1 5.8091E-1 5.12039E-1
3.45364E-1 3.55578E-1 3.10075E-1 3.56715E-1 4.20205E-1 4.50669E-1 3.29724E-1 5.64365E-1 5.85042E-1 4.62143E-1 1.32355E-1 6.66632E-1 6.94202E-1 6.67388E-1 6.30876E-1 5.83238E-1 5.41944E-1 4.98078E-1 4.73082E-1 3.50256E-1 3.23988E-1 4.1736E-1 4.53331E-1 5.08083E-1 5.4694E-1 5.73496E-1 4.72614E-1 6.52083E-1 6.70885E-1 6.36569E-1 6.18072E-1 6.52386E-1 1.52077E-1 3.40218E-1 5.50252E-1 4.87696E-1 2.34789E-1 3.50303E-1 4.4244E-1 4.09528E-1 4.34919E-1 4.01391E-1 3.39248E-1 2.42104E-1 2.44728E-1 2.30521E-1 2.57363E-1 3.26854E-1 4.08594E-1 4.77565E-1 5.5357E-1 6.25056E-1 2.47865E-1 5.84449E-1 1.79E-1 5.52751E-1 6.81275E-1 6.48446E-1 5.95652E-1 5.30337E-1
3.87445E-1 3.5652E-1 3.51877E-1 4.43712E-1 4.87616E-1 4.93256E-1 2.42555E-1 5.53441E-1 6.15028E-1 3.75204E-1 4.76997E-1 6.16838E-1 4.96029E-1 7.05255E-1 6.54694E-1 6.04073E-1 5.55697E-1 5.04639E-1 4.88363E-1 4.34102E-1 3.74359E-1 4.12882E-1 4.64185E-1 5.24156E-1 4.49362E-1 4.1852E-1 5.08251E-1 6.91737E-1 6.33345E-1 3.25876E-1 3.23682E-1 5.62862E-1 4.79222E-1 6.72671E-1 5.51888E-1 5.24032E-1 5.50058E-1 2.82216E-1 4.71703E-1 4.21633E-1 4.12279E-1 3.56202E-1 3.02639E-1 1.62573E-1 2.44458E-1 2.3191E-1 2.77263E-1 3.55857E-1 4.58727E-1 5.4865E-1 5.41207E-1 5.96802E-1 2.1492E-1 5.61066E-1 5.60559E-1 6.27252E-1 6.37742E-1 6.32871E-1 5.89367E-1 5.55422E-1
4.53516E-1 4.76255E-1 5.17769E-1 5.65354E-1 5.64343E-1 2.66967E-1 5.07886E-1 5.18847E-1 5.2518E-1 2.76749E-1 5.7332E-1 7.37649E-1 7.47427E-1 7.31485E-1 6.95647E-1 6.17914E-1 5.63577E-1 5.06395E-1 4.64413E-1 4.28289E-1 2.04309E-1 4.38538E-1 4.35741E-1 3.46311E-1 2.51807E-1 3.93314E-1 6.16093E-1 5.88171E-1 6.53477E-1 4.19281E-1 4.25086E-1 7.31275E-1 4.83391E-1 6.90119E-1 6.17365E-1 5.66656E-1 6.15674E-1 4.54074E-1 5.52053E-1 4.50947E-1 3.60737E-1 2.97795E-1 2.45155E-1 1.30778E-1 2.32661E-1 2.05325E-1 2.901E-1 4.00688E-1 4.61906E-1 4.74645E-1 5.1868E-1 1.82179E-1 4.79764E-1 5.59049E-1 5.88407E-1 6.14021E-1 5.97437E-1 6.23469E-1 5.85828E-1 5.7234E-1
5.45519E-1 5.71035E-1 6.51973E-1 6.34494E-1 3.25145E-1 5.63058E-1 5.14714E-1 5.00614E-1 4.95485E-1 2.11831E-1 5.79704E-1 7.30873E-1 7.48333E-1 7.2003E-1 6.87253E-1 6.3667E-1 5.75209E-1 5.12218E-1 4.49761E-1 4.43362E-1 2.16223E-1 3.87969E-1 3.30301E-1 1.99509E-1 2.97968E-1 5.30373E-1 4.51845E-1 5.82947E-1 6.52396E-1 6.72895E-1 5.26815E-1 5.01261E-1 2.39505E-1 2.76856E-1 6.6764E-1 6.24136E-1 6.46292E-1 6.55078E-1 5.79754E-1 4.85804E-1 3.49354E-1 2.48719E-1 1.96509E-1 1.08508E-1 1.80681E-1 1.68254E-1 2.60209E-1 3.27366E-1 3.80843E-1 4.24312E-1 4.54001E-1 4.92743E-1 1.66919E-1 5.78288E-1 5.75252E-1 5.54403E-1 5.63321E-1 5.98465E-1 5.9327E-1 5.55053E-1
4.58809E-1 5.67477E-1 6.20609E-1 5.84623E-1 4.31904E-1 5.7187E-1 4.83063E-1 4.49708E-1 5.56505E-1 1.53077E-1 5.06325E-1 6.89077E-1 7.06376E-1 6.86121E-1 6.59629E-1 6.15225E-1 5.63487E-1 5.10318E-1 4.40655E-1 4.47633E-1 1.40459E-1 2.24247E-1 1.1092E-1 3.00527E-1 4.36206E-1 3.84481E-1 5.08121E-1 5.74346E-1 6.33633E-1 6.52902E-1 6.32886E-1 6.74769E-1 4.5067E-1 6.61272E-1 6.48989E-1 6.15725E-1 5.90414E-1 6.02669E-1 5.51528E-1 4.56085E-1 3.21633E-1 2.19525E-1 1.49456E-1 7.93717E-2 1.75159E-1 1.73512E-1 2.51854E-1 3.61152E-1 4.04337E-1 3.46059E-1 3.95208E-1 5.22901E-1 5.28295E-1 5.55978E-1 5.71579E-1 5.66862E-1 5.36879E-1 5.11136E-1 5.37346E-1 4.89215E-1
5.13928E-1 5.56733E-1 5.88641E-1 5.71595E-1 2.52733E-1 5.53043E-1 4.8618E-1 4.51324E-1 5.77709E-1 1.06518E-1 4.41669E-1 6.11168E-1 6.58746E-1 6.47708E-1 6.27562E-1 5.8514E-1 5.36293E-1 4.91471E-1 4.47949E-1 4.20191E-1 2.71769E-2 5.25782E-2 2.55138E-1 3.01837E-1 3.08532E-1 3.94973E-1 4.89751E-1 5.96067E-1 6.30155E-1 6.08489E-1 5.79833E-1 6.07174E-1 3.53614E-1 5.95727E-1 6.06896E-1 5.74889E-1 5.42185E-1 5.56474E-1 5.19671E-1 4.22583E-1 3.14113E-1 2.22893E-1 1.54816E-1 2.15039E-1 2.3841E-1 1.57779E-1 1.10024E-1 1.48231E-1 3.05452E-1 3.86941E-1 4.64523E-1 4.94944E-1 5.15695E-1 5.43424E-1 5.55084E-1 5.1792E-1 4.95382E-1 5.03914E-1 4.63661E-1 3.16763E-1
4.60241E-1 5.18912E-1 5.54187E-1 5.64115E-1 2.61329E-1 5.33682E-1 4.70128E-1 4.32933E-1 4.90504E-1 6.31439E-2 4.01276E-1 5.77174E-1 6.12348E-1 6.04634E-1 5.92204E-1 5.53315E-1 5.05182E-1 4.51617E-1 4.03024E-1 2.983E-1 2.51366E-1 2.78994E-1 2.23563E-1 2.39064E-1 3.14654E-1 4.06583E-1 5.1987E-1 5.90351E-1 5.72953E-1 5.47467E-1 5.29032E-1 5.29109E-1 3.65861E-1 4.72414E-1 5.5779E-1 5.28116E-1 5.01711E-1 5.03526E-1 4.63608E-1 3.70901E-1 2.92333E-1 2.63523E-1 2.43706E-1 1.04976E-1 2.7291E-1 1.56834E-1 1.88524E-1 1.48321E-1 1.44159E-1 2.43741E-1 3.28701E-1 4.07335E-1 4.0967E-1 4.44507E-1 4.25515E-1 4.11406E-1 4.18469E-1 4.71876E-1 4.47917E-1 2.25868E-1
4.24665E-1 5.00353E-1 5.25236E-1 5.2277E-1 5.25989E-1 4.82145E-1 4.4497E-1 4.25301E-1 4.74032E-1 4.22117E-2 4.1787E-1 5.09774E-1 5.60128E-1 5.59622E-1 5.57995E-1 5.34958E-1 4.90785E-1 4.56545E-1 4.13206E-1 1.99844E-1 2.02591E-1 1.9023E-1 1.99054E-1 2.70575E-1 3.55789E-1 4.40387E-1 5.45403E-1 5.50235E-1 5.15314E-1 4.98059E-1 4.76773E-1 4.75662E-1 3.87924E-1 3.05074E-1 5.19889E-1 4.71919E-1 4.6078E-1 3.79902E-1 3.9222E-1 3.75332E-1 2.98363E-1 2.69247E-1 2.92602E-1 2.56128E-1 2.61589E-1 3.33212E-1 1.85202E-1 1.44222E-1 1.50917E-1 2.21794E-1 2.53472E-1 2.91009E-1 3.29897E-1 3.47188E-1 3.53013E-1 3.60927E-1 3.58398E-1 3.68051E-1 3.62036E-1 2.66805E-1
4.24215E-1 4.87332E-1 5.29508E-1 4.80806E-1 4.50664E-1 4.20395E-1 3.98147E-1 3.97882E-1 5.06031E-1 3.49901E-2 4.50604E-1 4.54257E-1 5.0344E-1 5.16206E-1 5.07119E-1 4.92733E-1 4.59702E-1 4.19937E-1 4.04391E-1 1.59419E-1 2.35249E-1 2.0649E-1 2.23658E-1 2.86794E-1 3.69857E-1 4.65672E-1 5.07551E-1 4.7404E-1 4.66244E-1 4.44196E-1 4.27638E-1 4.22514E-1 4.08855E-1 2.06105E-1 4.771E-1 3.90795E-1 4.97456E-1 4.45885E-1 3.79828E-1 3.60112E-1 3.24382E-1 2.54224E-1 2.67214E-1 3.56689E-1 3.73298E-1 3.47608E-1 2.0229E-1 1.63155E-1 1.32375E-1 1.45861E-1 2.11955E-1 2.8321E-1 3.02327E-1 3.13762E-1 3.3393E-1 3.40731E-1 3.71219E-1 3.82821E-1 3.42962E-1 3.45643E-1
4.95617E-1 5.21219E-1 5.20327E-1 3.6741E-1 3.49041E-1 3.76899E-1 3.2982E-1 3.23484E-1 3.17422E-1 2.25886E-2 4.96585E-1 4.38333E-1 4.68577E-1 4.97717E-1 5.00227E-1 4.86939E-1 4.67421E-1 4.14381E-1 3.91957E-1 1.46205E-1 2.87311E-1 2.31052E-1 2.39447E-1 3.0261E-1 4.32802E-1 4.96259E-1 5.00554E-1 4.89185E-1 4.64068E-1 4.37678E-1 4.17026E-1 4.07837E-1 3.8172E-1 1.82407E-1 4.57615E-1 4.00293E-1 5.01078E-1 5.0521E-1 4.00125E-1 3.66894E-1 3.26464E-1 2.75886E-1 2.89226E-1 3.78883E-1 2.92192E-1 1.85607E-1 2.0767E-1 1.64504E-1 1.68653E-1 1.92706E-1 2.55317E-1 2.82905E-1 2.54339E-1 2.71848E-1 2.97717E-1 3.10423E-1 3.99033E-1 3.75461E-1 3.2868E-1 3.38614E-1
6.178E-1 5.14106E-1 4.23837E-1 2.8789E-1 3.34342E-1 3.18003E-1 2.87654E-1 3.29001E-1 1.01602E-1 3.57316E-2 4.17502E-1 4.15856E-1 4.6023E-1 4.68572E-1 4.77136E-1 4.65468E-1 4.4887E-1 4.02676E-1 3.39526E-1 3.3847E-1 3.15653E-1 2.38184E-1 2.57104E-1 3.3631E-1 4.39962E-1 5.09827E-1 4.80322E-1 4.93866E-1 4.63079E-1 4.28577E-1 4.07142E-1 4.08633E-1 2.61023E-1 2.25208E-1 4.65769E-1 4.23792E-1 4.80023E-1 5.17004E-1 3.96305E-1 3.65047E-1 2.94416E-1 2.86542E-1 3.17694E-1 3.84565E-1 4.31476E-1 2.79599E-1 2.51274E-1 1.98234E-1 2.05701E-1 2.30676E-1 2.48147E-1 2.43832E-1 2.21315E-1 2.40817E-1 2.78023E-1 3.07355E-1 3.33957E-1 3.10578E-1 2.79187E-1 -9999
6.10312E-1 5.53961E-1 4.00589E-1 3.16535E-1 3.10447E-1 2.72555E-1 2.66773E-1 2.41205E-1 7.03548E-3 1.76422E-1 3.48481E-1 4.06439E-1 4.58976E-1 4.47862E-1 4.61468E-1 4.56867E-1 4.08447E-1 3.5387E-1 3.33893E-1 3.30692E-1 1.16466E-1 2.71275E-1 3.00547E-1 4.00875E-1 4.39178E-1 4.90457E-1 4.96807E-1 5.19108E-1 4.61076E-1 4.31741E-1 4.1111E-1 4.81102E-1 1.42609E-1 3.9794E-1 4.37582E-1 4.15489E-1 4.34834E-1 5.10255E-1 4.05879E-1 1.54265E-1 3.58929E-1 2.97441E-1 3.20864E-1 1.86945E-1 3.4575E-1 2.9195E-1 2.30088E-1 2.01252E-1 2.04671E-1 2.38688E-1 -9999 -9999 -9999 2.32122E-1 2.69212E-1 2.7188E-1 2.85926E-1 2.58444E-1 -9999 -9999
6.02218E-1 4.79007E-1 4.29379E-1 3.67269E-1 3.4152E-1 3.00789E-1 3.31409E-1 8.48321E-3 6.14926E-2 2.45572E-1 3.115E-1 3.93676E-1 4.63498E-1 4.52772E-1 4.40645E-1 4.46953E-1 3.88995E-1 3.17616E-1 2.8354E-1 3.47789E-1 2.32846E-1 3.20238E-1 3.12675E-1 3.99324E-1 4.62417E-1 4.78659E-1 4.96204E-1 5.17257E-1 4.66624E-1 4.36245E-1 4.23697E-1 3.91875E-1 1.22621E-1 5.27425E-1 4.29122E-1 3.9878E-1 4.01953E-1 4.79842E-1 3.55039E-1 2.42873E-1 3.75047E-1 -9999 -9999 -9999 -9999 -9999 -9999 -9999 -9999 -9999 -9999 -9999 -9999 -9999 -9999 2.46577E-1 2.57342E-1 -9999 -9999 -9999
4.25971E-1 4.49298E-1 4.4708E-1 3.99746E-1 3.62426E-1 3.35852E-1 4.47609E-2 2.76562E-2 2.47188E-1 2.48141E-1 3.34315E-1 4.38462E-1 5.1657E-1 4.95966E-1 4.60459E-1 4.35288E-1 3.72609E-1 3.37861E-1 2.55474E-1 2.61421E-1 -9999 3.11728E-1 3.22254E-1 4.04748E-1 4.69435E-1 4.77908E-1 4.97988E-1 -9999 -9999 -9999 -9999 -9999 -9999 -9999 -9999 -9999 -9999 -9999 -9999 -9999 -9999 -9999 -9999 -9999 -9999 -9999 -9999 -9999 -9999 -9999 -9999 -9999 -9999 -9999 -9999 -9999 -9999 -9999 -9999 -9999
5.31312E-1 2.74685E-1 3.72508E-1 4.04379E-1 3.941E-1 3.97212E-1 1.07512E-2 2.64632E-1 2.90917E-1 2.87831E-1 3.17005E-1 4.07196E-1 4.67869E-1 4.37546E-1 4.04858E-1 3.53276E-1 3.20357E-1 -9999 -9999 -9999 -9999 -9999 -9999 -9999 -9999 -9999 -9999 -9999 -9999 -9999 -9999 -9999 -9999 -9999 -9999 -9999 -9999 -9999 -9999 -9999 -9999 -9999 -9999 -9999 -9999 -9999 -9999 -9999 -9999 -9999 -9999 -9999 -9999 -9999 -9999 -9999 -9999 -9999 -9999 -9999
9.4963E-2 2.29581E-1 1.32214E-1 4.70579E-1 2.09911E-1 1.52324E-2 7.44554E-2 3.63764E-1 3.32034E-1 3.23056E-1 3.1381E-1 3.69238E-1 3.89085E-1 3.64474E-1 3.69314E-1 -9999 -9999 -9999 -9999 -9999 -9999 -9999 -9999 -9999 -9999 -9999 -9999 -9999 -9999 -9999 -9999 -9999 -9999 -9999 -9999 -9999 -9999 -9999 -9999 -9999 -9999 -9999 -9999 -9999 -9999 -9999 -9999 -9999 -9999 -9999 -9999 -9999 -9999 -9999 -9999 -9999 -9999 -9999 -9999 -9999
8.36359E-3 4.21292E-3 1.86782E-3 1.54432E-2 9.43958E-3 9.77918E-2 4.34855E-1 4.22415E-1 3.87505E-1 3.68063E-1 3.44492E-1 3.37999E-1 3.16192E-1 2.82058E-1 2.75744E-1 -9999 -9999 -9999 -9999 -9999 -9999 -9999 -9999 -9999 -9999 -9999 -9999 -9999 -9999 -9999 -9999 -9999 -9999 -9999 -9999 -9999 -9999 -9999 -9999 -9999 -9999 -9999 -9999 -9999 -9999 -9999 -9999 -9999 -9999 -9999 -9999 -9999 -9999 -9999 -9999 -9999 -9999 -9999 -9999 -9999
3.09723E-1 2.94229E-1 4.80308E-2 1.09181E-2 2.37981E-1 3.71292E-1 3.55493E-1 3.90027E-1 -9999 3.70575E-1 3.34891E-1 3.65981E-1 3.03593E-1 -9999 -9999 -9999 -9999 -9999 -9999 -9999 -9999 -9999 -9999 -9999 -9999 -9999 -9999 -9999 -9999 -9999 -9999 -9999 -9999 -9999 -9999 -9999 -9999 -9999 -9999 -9999 -9999 -9999 -9999 -9999 -9999 -9999 -9999 -9999 -9999 -9999 -9999 -9999 -9999 -9999 -9999 -9999 -9999 -9999 -9999 -9999
-9999 -9999 -9999 -9999 -9999 -9999 -9999 -9999 -9999 -9999 -9999 -9999 -9999 -9999 -9999 -9999 -9999 -9999 -9999 -9999 -9999 -9999 -9999 -9999 -9999 -9999 -9999 -9999 -9999 -9999 -9999 -9999 -9999 -9999 -9999 -9999 -9999 -9999 -9999 -9999 -9999 -9999 -9999 -9999 -9999 -9999 -9999 -9999 -9999 -9999 -9999 -9999 -9999 -9999 -9999 -9999 -9999 -9999 -9999 -9999
-9999 -9999 -9999 -9999 -9999 -9999 -9999 -9999 -9999 -9999 -9999 -9999 -9999 -9999 -9999 -9999 -9999 -9999 -9999 -9999 -9999 -9999 -9999 -9999 -9999 -9999 -9999 -9999 -9999 -9999 -9999 -9999 -9999 -9999 -9999 -9999 -9999 -9999 -9999 -9999 -9999 -9999 -9999 -9999 -9999 -9999 -9999 -9999 -9999 -9999 -9999 -9999 -9999 -9999 -9999 -9999 -9999 -9999 -9999 -9999
-9999 -9999 -9999 -9999 -9999 -9999 -9999 -9999 -9999 -9999 -9999 -9999 -9999 -9999 -9999 -9999 -9999 -9999 -9999 -9999 -9999 -9999 -9999 -9999 -9999 -9999 -9999 -9999 -9999 -9999 -9999 -9999 -9999 -9999 -9999 -9999 -9999 -9999 -9999 -9999 -9999 -9999 -9999 -9999 -9999 -9999 -9999 -9999 -9999 -9999 -9999 -9999 -9999 -9999 -9999 -9999 -9999 -9999 -9999 -9999
