Phytophthora/models/20240506_1402_44/Phytophthora_PA3_RUN8_MAXENT_outputs/Phytophthora_PA3_RUN8.asc
ncols         225
nrows         269
xllcorner     473009.9838
yllcorner     4429051.1748
cellsize      50.0
NODATA_value  -9999
[rows 156 to 181 of 269, columns 60 to 119 of 225]
4.10089E-1 1.72493E-1 4.65975E-1 4.27602E-1 3.72486E-1 3.27844E-1 2.93798E-1 3.35903E-1 4.50512E-1 4.3409E-1 4.87745E-1 5.13251E-1 1.80686E-1 5.27274E-1 3.04917E-1 3.94261E-1 5.78075E-1 6.73719E-1 5.97963E-1 5.5963E-1 6.14692E-1 6.93349E-1 6.16046E-1 5.10431E-1 5.13153E-1 6.19867E-1 3.61396E-1 5.75698E-1 5.49902E-1 4.9694E-1 4.65255E-1 4.46038E-1 4.41356E-1 4.06282E-1 5.18141E-1 5.10032E-1 3.56428E-1 2.36242E-1 4.43963E-1 4.05105E-1 3.80069E-1 4.13036E-1 4.20291E-1 4.05927E-1 3.61122E-1 3.36178E-1 3.24596E-1 3.17551E-1 3.70988E-1 4.18671E-1 4.92757E-1 4.78742E-1 4.11788E-1 3.7173E-1 3.47323E-1 3.58813E-1 3.86406E-1 4.02603E-1 1.72323E-1 1.3683E-1
1.00497E-1 4.87959E-1 4.47001E-1 4.04431E-1 3.46254E-1 3.00869E-1 2.90109E-1 3.02041E-1 4.30674E-1 3.79836E-1 4.5041E-1 4.75224E-1 1.26822E-1 2.28361E-1 5.41373E-1 5.43525E-1 5.51873E-1 6.02251E-1 4.99188E-1 5.52172E-1 7.01063E-1 6.46453E-1 6.21035E-1 5.27859E-1 5.56706E-1 6.11537E-1 4.78296E-1 5.70697E-1 5.74235E-1 5.139E-1 4.65812E-1 4.34508E-1 4.31422E-1 4.57588E-1 2.23804E-1 3.08869E-1 3.54121E-1 9.98819E-2 2.95723E-1 4.04548E-1 5.02873E-1 5.07413E-1 4.86545E-1 4.56729E-1 4.09019E-1 3.7598E-1 3.2482E-1 2.71156E-1 2.68186E-1 3.12853E-1 3.96029E-1 4.53843E-1 4.2273E-1 3.8627E-1 3.72808E-1 4.20519E-1 3.84014E-1 3.33359E-1 3.43771E-1 3.72703E-1
4.51581E-1 4.65368E-1 4.27009E-1 3.94028E-1 3.30584E-1 3.11282E-1 1.75173E-1 3.48505E-1 3.14998E-1 3.49741E-1 4.16921E-1 4.41181E-1 4.56763E-1 1.93068E-1 5.0478E-1 5.19834E-1 5.32822E-1 4.79549E-1 4.75138E-1 6.70954E-1 6.29895E-1 2.89052E-1 3.31032E-1 3.73942E-1 5.95296E-1 6.2031E-1 5.59106E-1 4.54874E-1 1.63973E-1 5.27134E-1 4.76082E-1 4.55258E-1 4.38279E-1 2.00518E-1 3.15212E-1 3.35193E-1 3.12434E-1 2.26687E-1 5.38711E-1 3.46582E-1 3.8157E-1 4.755E-1 5.15358E-1 4.80887E-1 4.36267E-1 4.07354E-1 3.49202E-1 2.79019E-1 2.33505E-1 2.71193E-1 3.25276E-1 4.04105E-1 4.49528E-1 4.59481E-1 3.31967E-1 3.0253E-1 3.03474E-1 3.16873E-1 3.40837E-1 3.25837E-1
4.5306E-1 4.19437E-1 4.02553E-1 3.66738E-1 3.28445E-1 3.61462E-1 3.44023E-1 4.211E-1 3.6038E-1 3.84892E-1 4.35401E-1 4.30909E-1 4.38232E-1 4.56769E-1 4.72907E-1 4.23978E-1 5.36343E-1 4.209E-1 5.45226E-1 6.52623E-1 6.75767E-1 6.40636E-1 6.26424E-1 5.54659E-1 3.77067E-1 3.04595E-1 5.3792E-1 1.75374E-1 4.87442E-1 4.95397E-1 4.69146E-1 4.38706E-1 4.13964E-1 3.36983E-1 3.52822E-1 3.86995E-1 4.06818E-1 2.55679E-1 8.69094E-2 1.32298E-1 1.14417E-1 2.2844E-1 2.90646E-1 2.74905E-1 4.53474E-1 4.27316E-1 3.71718E-1 2.89906E-1 2.38527E-1 2.00343E-1 2.75501E-1 3.51638E-1 3.9018E-1 2.0162E-1 2.26461E-1 2.57267E-1 2.59886E-1 2.54348E-1 3.36958E-1 3.88979E-1
3.98648E-1 3.99402E-1 3.88224E-1 3.98013E-1 3.90195E-1 3.05629E-1 4.48575E-1 4.39437E-1 4.12148E-1 3.59152E-1 4.10631E-1 4.45109E-1 4.29244E-1 1.43812E-1 5.23299E-1 2.62731E-1 4.5334E-1 4.41566E-1 5.55258E-1 6.06462E-1 5.85534E-1 5.8784E-1 6.22504E-1 4.06289E-1 5.671E-1 5.97758E-1 2.93829E-1 3.26168E-1 2.20015E-1 3.95694E-1 4.35959E-1 3.87169E-1 4.15578E-1 4.10832E-1 3.90112E-1 3.90782E-1 4.1712E-1 4.2636E-1 3.99949E-1 3.87457E-1 3.679E-1 3.91556E-1 3.52879E-1 4.14645E-1 1.03314E-1 2.48022E-1 2.9909E-1 2.35282E-1 2.04702E-1 1.76056E-1 2.071E-1 1.67634E-1 4.1792E-1 2.33608E-1 2.15196E-1 1.8922E-1 1.92485E-1 2.116E-1 3.47631E-1 3.99955E-1
3.59832E-1 2.0366E-1 3.70273E-1 2.86599E-1 3.46328E-1 3.42033E-1 3.80199E-1 3.80194E-1 3.72324E-1 3.83582E-1 1.71149E-1 2.79075E-1 4.38027E-1 1.65649E-1 5.45002E-1 3.31176E-1 4.69256E-1 4.54838E-1 4.86215E-1 5.35029E-1 5.26897E-1 5.27989E-1 5.61232E-1 3.2998E-1 6.01481E-1 5.30985E-1 2.1284E-1 1.79048E-1 5.23131E-1 4.70805E-1 4.09601E-1 3.62156E-1 4.16632E-1 4.07343E-1 3.78501E-1 3.5426E-1 3.65803E-1 3.80898E-1 3.53632E-1 3.51937E-1 3.46486E-1 2.19379E-1 9.10256E-2 2.37348E-1 2.96537E-1 2.65398E-1 2.4307E-1 2.09443E-1 1.91818E-1 1.72144E-1 1.75482E-1 2.33153E-1 1.93591E-1 1.53287E-1 1.34934E-1 2.21348E-1 2.67481E-1 2.95065E-1 3.22644E-1 4.438E-1
1.68729E-1 4.19077E-1 4.05644E-1 3.48129E-1 3.22077E-1 2.85969E-1 9.00948E-2 1.35145E-1 2.13416E-1 3.49703E-1 4.526E-1 4.02571E-1 4.15236E-1 4.73222E-1 4.91582E-1 3.92045E-1 4.48303E-1 4.39662E-1 4.39971E-1 4.87976E-1 4.78097E-1 4.86653E-1 5.78475E-1 4.99876E-1 5.54493E-1 5.08123E-1 1.4318E-1 2.13152E-1 4.96491E-1 4.44037E-1 3.83876E-1 3.34076E-1 3.95317E-1 2.50033E-1 2.97975E-1 3.08641E-1 3.43646E-1 3.92352E-1 4.11897E-1 4.15574E-1 8.26084E-2 3.57124E-1 3.24917E-1 3.15773E-1 2.90899E-1 2.78801E-1 2.66371E-1 2.49926E-1 2.28099E-1 1.95185E-1 1.61777E-1 2.52098E-1 1.9018E-1 1.5082E-1 2.01521E-1 2.70346E-1 2.83489E-1 3.32092E-1 4.55163E-1 4.64414E-1
3.67269E-1 3.65115E-1 3.41104E-1 3.45135E-1 2.32918E-1 1.83783E-1 3.68807E-1 3.8138E-1 4.80281E-1 1.41481E-1 4.5482E-1 3.87379E-1 3.48782E-1 3.84919E-1 4.31056E-1 1.55952E-1 3.94556E-1 4.03823E-1 4.50645E-1 4.79782E-1 4.43965E-1 4.68587E-1 3.92607E-1 5.29286E-1 5.25015E-1 5.24739E-1 2.74041E-1 2.04842E-1 4.94016E-1 4.45313E-1 3.81635E-1 3.20975E-1 3.3639E-1 3.54811E-1 3.29823E-1 3.61426E-1 4.10149E-1 4.60948E-1 4.97207E-1 4.0945E-1 3.92806E-1 3.41433E-1 2.82559E-1 2.66548E-1 2.59933E-1 2.65999E-1 2.62732E-1 2.54667E-1 2.35223E-1 2.01234E-1 1.77441E-1 1.68419E-1 2.67298E-1 2.73404E-1 3.07807E-1 3.1004E-1 3.45053E-1 5.0373E-1 5.33627E-1 1.48407E-1
3.25179E-1 3.38185E-1 3.94501E-1 4.37809E-1 3.9832E-1 3.98855E-1 4.01944E-1 3.96615E-1 4.64948E-1 4.88749E-1 3.61781E-1 4.28644E-1 3.77281E-1 3.05841E-1 3.95566E-1 3.50275E-1 4.08611E-1 4.4185E-1 5.22373E-1 5.52827E-1 4.933E-1 4.72391E-1 6.09554E-1 6.18554E-1 5.28803E-1 4.26466E-1 4.96187E-1 1.57512E-1 4.72944E-1 4.39636E-1 3.98612E-1 3.87377E-1 3.28415E-1 3.27056E-1 2.85124E-1 3.55164E-1 4.40475E-1 5.18297E-1 2.3067E-1 3.2595E-1 4.50039E-1 3.76501E-1 3.07696E-1 2.78211E-1 2.65445E-1 2.63219E-1 2.5727E-1 2.59049E-1 2.44845E-1 2.25939E-1 2.31276E-1 2.87934E-1 3.00346E-1 3.02141E-1 3.27026E-1 3.68442E-1 5.00094E-1 3.53813E-1 4.04179E-1 3.97917E-1
3.42269E-1 3.7219E-1 4.07408E-1 4.21985E-1 4.15721E-1 4.1332E-1 4.16297E-1 4.12639E-1 4.48953E-1 4.87502E-1 3.05779E-1 4.72091E-1 4.52969E-1 4.13019E-1 4.68477E-1 4.6942E-1 3.92714E-1 5.6645E-1 6.23664E-1 6.17943E-1 5.56222E-1 4.65837E-1 4.94289E-1 3.71799E-1 5.65429E-1 2.1571E-1 4.74236E-1 4.23598E-1 3.54947E-1 4.42523E-1 4.3659E-1 4.32601E-1 4.21955E-1 3.22019E-1 3.14837E-1 3.59582E-1 4.27705E-1 4.05198E-1 3.9511E-1 3.90504E-1 3.62666E-1 3.52486E-1 3.13707E-1 2.6895E-1 2.50423E-1 2.54727E-1 2.51171E-1 2.53831E-1 2.60551E-1 2.65697E-1 2.75165E-1 2.88328E-1 3.15783E-1 3.43553E-1 3.92554E-1 4.9062E-1 3.64152E-1 3.33198E-1 1.71248E-1 4.11023E-1
3.78515E-1 4.16441E-1 4.38638E-1 4.31161E-1 4.53375E-1 4.71508E-1 4.75154E-1 4.6089E-1 4.45971E-1 4.89159E-1 1.77619E-1 3.93475E-1 5.39297E-1 5.25382E-1 5.22489E-1 6.06752E-1 6.52833E-1 6.98921E-1 6.84565E-1 6.75756E-1 5.6253E-1 5.11396E-1 4.91456E-1 5.80265E-1 5.91921E-1 4.8134E-1 4.40413E-1 4.3202E-1 1.74831E-1 4.80859E-1 4.37833E-1 4.43789E-1 3.47086E-1 3.06943E-1 3.16761E-1 3.45169E-1 3.84605E-1 1.13522E-1 3.90437E-1 3.6487E-1 3.61867E-1 3.58985E-1 3.34964E-1 2.88503E-1 2.59462E-1 2.59025E-1 2.54095E-1 2.58018E-1 2.97505E-1 2.79841E-1 2.89445E-1 3.24644E-1 3.55801E-1 3.94924E-1 5.47564E-1 2.44814E-1 5.24718E-1 1.47419E-1 2.93222E-1 2.48012E-1
4.46873E-1 4.95411E-1 5.12034E-1 4.87534E-1 4.98764E-1 5.30016E-1 5.28086E-1 5.04851E-1 4.6875E-1 4.68334E-1 5.13242E-1 5.56884E-1 3.36888E-1 2.3566E-1 5.39961E-1 6.50045E-1 7.71438E-1 5.97049E-1 6.84052E-1 6.91236E-1 5.99643E-1 5.36024E-1 4.94192E-1 5.39949E-1 5.68504E-1 4.23205E-1 3.95557E-1 4.09285E-1 4.50516E-1 2.0699E-1 5.06235E-1 8.61982E-2 3.19806E-1 3.10717E-1 3.17116E-1 3.18607E-1 8.0247E-2 3.31078E-1 3.24194E-1 3.43121E-1 3.77813E-1 3.5954E-1 3.44874E-1 3.02759E-1 2.80534E-1 2.76535E-1 3.03794E-1 3.01275E-1 2.84752E-1 3.04783E-1 3.26738E-1 3.67133E-1 4.00175E-1 4.95282E-1 2.13911E-1 4.90849E-1 1.44276E-1 3.91668E-1 3.05946E-1 3.17325E-1
5.41233E-1 6.00931E-1 5.8757E-1 5.54301E-1 5.73483E-1 1.63448E-1 1.86401E-1 1.72899E-1 5.20765E-1 5.29629E-1 4.37944E-1 4.94645E-1 5.19327E-1 5.85576E-1 3.03127E-1 1.83975E-1 2.9804E-1 5.22601E-1 2.60248E-1 6.95623E-1 6.17544E-1 5.84063E-1 5.37283E-1 4.27283E-1 4.9555E-1 4.28379E-1 3.90342E-1 4.05621E-1 4.39324E-1 3.89597E-1 4.02929E-1 3.20975E-1 1.3791E-1 7.24661E-2 2.21448E-1 2.48701E-1 1.06916E-1 3.9844E-1 4.2284E-1 4.45204E-1 4.41125E-1 4.07025E-1 3.76865E-1 3.3808E-1 3.30028E-1 3.18005E-1 2.9109E-1 2.7221E-1 2.96508E-1 3.31785E-1 3.51181E-1 3.88983E-1 4.46222E-1 3.31962E-1 5.39124E-1 4.71727E-1 1.70792E-1 4.20191E-1 3.5412E-1 4.29478E-1
5.78411E-1 5.9587E-1 6.06929E-1 3.89214E-1 2.65624E-1 6.07786E-1 5.74625E-1 5.46451E-1 5.33709E-1 5.46296E-1 5.86434E-1 6.0934E-1 5.50149E-1 2.18262E-1 6.03717E-1 4.4065E-1 4.08156E-1 3.87996E-1 4.0196E-1 1.49238E-1 4.77348E-1 5.15367E-1 3.67466E-1 4.85813E-1 5.57944E-1 4.85987E-1 4.77107E-1 5.06956E-1 2.25147E-1 4.11366E-1 3.70263E-1 3.74996E-1 4.48167E-1 4.47769E-1 1.29364E-1 1.25539E-1 4.56527E-1 3.09859E-1 2.99724E-1 5.14265E-1 5.11505E-1 4.74082E-1 4.2876E-1 3.88518E-1 3.71057E-1 3.38899E-1 3.0774E-1 2.7668E-1 2.94152E-1 3.50133E-1 4.05944E-1 4.43526E-1 5.34571E-1 3.16371E-1 5.79953E-1 5.23152E-1 3.94908E-1 4.53507E-1 4.21608E-1 4.07471E-1
6.75283E-1 6.69991E-1 6.6813E-1 6.16146E-1 2.8295E-1 6.11759E-1 5.4888E-1 5.33004E-1 5.3004E-1 5.48023E-1 5.75228E-1 5.63499E-1 5.53805E-1 6.0749E-1 5.71553E-1 5.59582E-1 4.78794E-1 2.92907E-1 1.21071E-1 3.96507E-1 1.06053E-1 6.10407E-1 6.45665E-1 6.01039E-1 4.33541E-1 1.85913E-1 4.92099E-1 4.75549E-1 4.07918E-1 2.98822E-1 2.91536E-1 3.5069E-1 4.62309E-1 5.09792E-1 5.5984E-1 4.57245E-1 4.98233E-1 4.93114E-1 3.91479E-1 3.00984E-1 5.64428E-1 5.09718E-1 4.53833E-1 4.08083E-1 3.83387E-1 3.42304E-1 3.18251E-1 2.92855E-1 2.78652E-1 3.18921E-1 3.72244E-1 4.58689E-1 4.88519E-1 3.218E-1 5.17814E-1 5.40533E-1 3.73847E-1 4.84661E-1 4.5593E-1 4.11272E-1
1.88797E-1 2.66866E-1 4.13259E-1 2.28286E-1 6.73182E-1 6.03169E-1 5.56561E-1 5.26274E-1 5.34396E-1 5.66877E-1 5.54177E-1 5.59533E-1 5.75725E-1 2.55204E-1 6.24092E-1 5.97764E-1 6.58198E-1 8.87988E-2 2.98215E-1 4.20543E-1 4.74719E-1 3.4773E-1 4.30696E-1 2.66032E-1 3.11582E-1 5.60387E-1 3.3883E-1 4.05975E-1 4.13209E-1 4.02609E-1 4.34029E-1 4.95651E-1 4.76728E-1 5.4563E-1 3.43395E-1 5.34064E-1 4.75953E-1 4.49202E-1 5.13034E-1 5.90894E-1 6.08302E-1 5.06716E-1 4.73172E-1 4.18406E-1 3.95213E-1 3.36997E-1 2.9513E-1 3.21349E-1 2.89824E-1 2.74308E-1 3.42207E-1 4.05443E-1 4.98716E-1 3.54541E-1 5.09556E-1 5.4295E-1 2.37212E-1 5.23126E-1 4.77553E-1 3.91502E-1
3.94406E-1 4.0709E-1 4.54163E-1 6.20753E-1 6.43174E-1 5.98695E-1 5.7233E-1 5.34618E-1 5.65763E-1 5.77854E-1 5.62572E-1 5.71948E-1 6.01139E-1 1.88165E-1 5.68616E-1 2.85509E-1 2.92061E-1 3.36916E-1 4.06045E-1 4.76405E-1 6.07654E-1 3.7807E-1 4.63956E-1 6.37915E-1 3.61032E-1 2.97526E-1 9.58227E-2 4.20724E-1 4.58692E-1 4.28764E-1 4.44159E-1 4.48597E-1 5.02647E-1 5.42333E-1 2.54357E-1 5.23268E-1 4.59428E-1 4.23574E-1 5.45137E-1 5.9106E-1 5.67264E-1 4.91614E-1 4.64608E-1 4.22333E-1 3.86059E-1 3.3463E-1 2.9552E-1 2.43305E-1 3.39844E-1 2.56735E-1 3.19529E-1 3.76804E-1 4.53613E-1 4.537E-1 5.30728E-1 5.71283E-1 1.65658E-1 5.21614E-1 4.38628E-1 3.90402E-1
3.23296E-1 3.34977E-1 5.38723E-1 5.685E-1 5.84853E-1 5.73005E-1 5.67962E-1 5.78018E-1 5.73559E-1 5.90517E-1 5.42437E-1 5.65747E-1 6.05343E-1 1.93328E-1 2.82164E-1 6.93319E-1 6.41649E-1 5.47561E-1 5.35381E-1 3.83896E-1 3.52798E-1 6.75432E-1 6.41667E-1 6.06581E-1 5.99276E-1 5.2621E-1 5.06289E-1 3.69365E-1 4.31347E-1 3.97105E-1 4.03848E-1 4.28877E-1 2.60183E-1 2.31123E-1 4.67285E-1 4.47147E-1 3.85744E-1 3.68403E-1 5.7375E-1 5.83154E-1 5.75276E-1 4.96949E-1 4.7349E-1 3.83315E-1 3.45853E-1 3.25859E-1 2.9309E-1 3.17579E-1 3.69375E-1 3.52855E-1 3.7068E-1 3.8838E-1 4.25186E-1 3.5277E-1 5.56465E-1 4.1685E-1 4.47359E-1 4.77516E-1 4.23243E-1 3.87322E-1
4.20177E-1 5.35553E-1 4.99104E-1 5.4795E-1 5.65008E-1 6.1418E-1 6.05547E-1 5.55701E-1 5.58007E-1 5.48631E-1 5.66952E-1 6.10951E-1 6.34436E-1 3.00036E-1 6.99602E-1 6.76334E-1 5.9577E-1 5.72335E-1 6.19259E-1 6.28079E-1 6.30614E-1 6.40495E-1 6.53136E-1 4.09418E-1 5.96299E-1 5.49374E-1 5.65373E-1 1.83442E-1 4.79955E-1 4.5431E-1 4.45182E-1 2.75007E-1 3.24091E-1 3.78289E-1 3.48311E-1 3.30617E-1 3.03999E-1 3.58609E-1 4.44586E-1 5.07289E-1 5.00232E-1 4.52748E-1 3.98549E-1 3.17443E-1 3.25831E-1 3.05664E-1 3.05255E-1 3.42127E-1 3.69028E-1 3.82542E-1 4.04803E-1 4.25177E-1 4.45546E-1 1.99201E-1 4.2282E-1 4.0585E-1 2.00063E-1 4.29097E-1 4.23419E-1 3.65665E-1
2.82021E-1 3.58196E-1 5.99556E-1 5.76153E-1 5.97044E-1 6.54878E-1 5.63839E-1 5.79389E-1 5.67021E-1 5.39988E-1 5.75065E-1 6.14532E-1 4.24959E-1 6.00835E-1 5.08478E-1 6.9787E-1 6.41511E-1 5.95619E-1 6.06355E-1 6.20426E-1 6.39036E-1 2.7002E-1 6.2623E-1 4.84288E-1 6.54294E-1 5.87325E-1 6.08751E-1 6.10627E-1 2.87447E-1 5.7083E-1 5.35102E-1 1.99499E-1 4.68209E-1 4.04353E-1 3.765E-1 3.88118E-1 4.94309E-1 5.28294E-1 4.95445E-1 5.17936E-1 5.00487E-1 4.39977E-1 3.80778E-1 3.27153E-1 3.30675E-1 3.01983E-1 3.0976E-1 3.41116E-1 3.73383E-1 4.15921E-1 4.4711E-1 4.75576E-1 4.97606E-1 3.26865E-1 3.74262E-1 3.84136E-1 1.19882E-1 4.5831E-1 4.1819E-1 3.40782E-1
5.25731E-1 5.72105E-1 1.7617E-1 5.97073E-1 6.12831E-1 6.5655E-1 5.20576E-1 6.08364E-1 5.56949E-1 5.01277E-1 5.34738E-1 5.67143E-1 5.96788E-1 4.38062E-1 6.7351E-1 3.59366E-1 6.90159E-1 6.71803E-1 6.57113E-1 5.95978E-1 2.76113E-1 6.31644E-1 2.37249E-1 5.21406E-1 6.29586E-1 5.21474E-1 5.27728E-1 5.54713E-1 5.40219E-1 5.82399E-1 5.55676E-1 2.89747E-1 4.53859E-1 3.94156E-1 3.77962E-1 5.00602E-1 5.98276E-1 6.35913E-1 6.14006E-1 5.86495E-1 5.46601E-1 4.81908E-1 4.35507E-1 3.65101E-1 3.48587E-1 3.10848E-1 3.12991E-1 3.45097E-1 3.82728E-1 4.25775E-1 4.62528E-1 5.03999E-1 5.48435E-1 5.03769E-1 4.22854E-1 4.44313E-1 4.36146E-1 4.78803E-1 4.18053E-1 3.29169E-1
4.80684E-1 5.42733E-1 6.0328E-1 5.4657E-1 3.54804E-1 6.67116E-1 5.21124E-1 5.37094E-1 4.72382E-1 4.92922E-1 5.27437E-1 5.49991E-1 2.40672E-1 6.31685E-1 6.14158E-1 6.84245E-1 3.64987E-1 7.06975E-1 6.91893E-1 3.22788E-1 6.08664E-1 5.87554E-1 5.86634E-1 5.6021E-1 4.45053E-1 4.11561E-1 4.43892E-1 4.73991E-1 4.03275E-1 6.26057E-1 5.97558E-1 3.71312E-1 5.01771E-1 4.59564E-1 4.83444E-1 6.04719E-1 7.0205E-1 2.90036E-1 7.37302E-1 6.63526E-1 6.22512E-1 5.42236E-1 4.7702E-1 3.86342E-1 3.26791E-1 3.23492E-1 3.14092E-1 3.64036E-1 4.10336E-1 4.57404E-1 4.87023E-1 5.46067E-1 6.57011E-1 4.19716E-1 4.42837E-1 4.06433E-1 4.76662E-1 2.16152E-1 4.17265E-1 3.66542E-1
4.44327E-1 4.98036E-1 5.42419E-1 6.01576E-1 2.69114E-1 6.9507E-1 6.8988E-1 5.29372E-1 4.73169E-1 5.57312E-1 5.94126E-1 2.36005E-1 5.96876E-1 6.07755E-1 6.22171E-1 6.69639E-1 6.82851E-1 4.87358E-1 3.45161E-1 6.33466E-1 5.52624E-1 5.35901E-1 4.10764E-1 4.83043E-1 3.59066E-1 3.55307E-1 4.27915E-1 4.94697E-1 2.88355E-1 6.29546E-1 5.4992E-1 5.94615E-1 5.4843E-1 5.65676E-1 5.97891E-1 6.48678E-1 6.75856E-1 3.10088E-1 5.20277E-1 7.02029E-1 6.50689E-1 5.74969E-1 5.08661E-1 4.18008E-1 3.5497E-1 3.32121E-1 3.24029E-1 3.71723E-1 4.17209E-1 4.80181E-1 5.10972E-1 5.60876E-1 4.78238E-1 5.45511E-1 4.07212E-1 3.75055E-1 4.69906E-1 1.49812E-1 3.90255E-1 3.84851E-1
4.07439E-1 4.46753E-1 5.14517E-1 6.0491E-1 7.20723E-1 4.07829E-1 5.62133E-1 4.71873E-1 5.30163E-1 6.22519E-1 4.8662E-1 6.41292E-1 6.05064E-1 5.73107E-1 5.48986E-1 5.81688E-1 6.17936E-1 6.34882E-1 5.91047E-1 5.43201E-1 4.88656E-1 4.26036E-1 2.37926E-1 3.53884E-1 2.90198E-1 3.63392E-1 4.5515E-1 2.68206E-1 6.42693E-1 6.52235E-1 4.02101E-1 5.9975E-1 5.53482E-1 5.50527E-1 5.35744E-1 5.89771E-1 6.29328E-1 7.11908E-1 7.60199E-1 3.35401E-1 6.50028E-1 5.69315E-1 5.2561E-1 4.38118E-1 3.72721E-1 3.12409E-1 3.39787E-1 3.90356E-1 4.43987E-1 5.04169E-1 5.50564E-1 6.10044E-1 1.76812E-1 4.65316E-1 3.87588E-1 3.7946E-1 4.77315E-1 1.8427E-1 2.58442E-1 3.64251E-1
3.72292E-1 4.22458E-1 4.92616E-1 6.33582E-1 6.63089E-1 6.1323E-1 3.17607E-1 5.88016E-1 6.1133E-1 6.70201E-1 4.18984E-1 6.42871E-1 5.99281E-1 5.4375E-1 4.99999E-1 5.20095E-1 5.48573E-1 5.46749E-1 4.53513E-1 3.84095E-1 3.08864E-1 2.80448E-1 3.04808E-1 2.69645E-1 2.92289E-1 3.65006E-1 4.15872E-1 4.38654E-1 5.68958E-1 6.46447E-1 2.9956E-1 5.53334E-1 5.30641E-1 5.25109E-1 4.8666E-1 5.22152E-1 5.80853E-1 7.03607E-1 5.5166E-1 3.10439E-1 6.23362E-1 5.61765E-1 5.10767E-1 4.33851E-1 3.60149E-1 3.33736E-1 3.66049E-1 4.00629E-1 4.45703E-1 5.17105E-1 5.63627E-1 4.00176E-1 2.79453E-1 4.94339E-1 4.12766E-1 4.08171E-1 4.45371E-1 1.34224E-1 3.8474E-1 3.09906E-1
3.81275E-1 4.05731E-1 4.37544E-1 5.17343E-1 5.78577E-1 5.56265E-1 4.60427E-1 3.20065E-1 6.52999E-1 2.7678E-1 6.62009E-1 6.27549E-1 5.86094E-1 5.29542E-1 4.63658E-1 4.5814E-1 4.73811E-1 4.65999E-1 3.30887E-1 2.26291E-1 1.50727E-1 1.33565E-1 1.76281E-1 1.53977E-1 2.80063E-1 2.96097E-1 3.344E-1 3.71284E-1 5.31008E-1 6.41674E-1 2.22722E-1 4.92688E-1 4.56066E-1 4.91091E-1 4.66848E-1 5.1562E-1 5.76513E-1 6.946E-1 5.95172E-1 6.29003E-1 5.87661E-1 5.52998E-1 4.83321E-1 4.13564E-1 3.55496E-1 3.74541E-1 4.02979E-1 4.2473E-1 4.60108E-1 5.14655E-1 5.71746E-1 2.65676E-1 4.60489E-1 5.14983E-1 3.93243E-1 3.95569E-1 4.22032E-1 1.31407E-1 3.72723E-1 3.06794E-1
