Phytophthora/models/20240506_1402_44/Phytophthora_PA3_RUN8_MAXENT_outputs/Phytophthora_PA3_RUN8.asc
ncols         225
nrows         269
xllcorner     473009.9838
yllcorner     4429051.1748
cellsize      50.0
NODATA_value  -9999
[rows 78 to 103 of 269, columns 0 to 59 of 225]
-9999 -9999 -9999 -9999 -9999 -9999 -9999 -9999 -9999 -9999 -9999 -9999 -9999 -9999 -9999 -9999 -9999 -9999 -9999 -9999 -9999 -9999 -9999 -9999 -9999 -9999 -9999 -9999 -9999 8.80129E-3 6.93705E-3 3.72841E-3 3.40462E-3 3.50699E-3 6.08194E-3 4.52015E-3 4.96275E-3 6.36485E-3 2.94511E-3 4.30993E-3 1.86606E-2 1.7772E-2 2.10979E-2 1.97684E-2 1.77127E-2 1.71769E-2 7.77881E-3 1.87319E-2 1.93168E-2 2.18834E-2 2.04057E-2 1.93887E-2 9.17666E-3 1.45988E-2 2.02748E-2 2.14176E-2 2.23942E-2 2.58121E-2 2.15252E-2 1.75305E-2
-9999 -9999 -9999 -9999 -9999 -9999 -9999 -9999 -9999 -9999 -9999 -9999 -9999 -9999 -9999 -9999 -9999 -9999 -9999 -9999 -9999 -9999 -9999 -9999 -9999 -9999 -9999 -9999 -9999 -9999 2.98714E-3 3.29855E-3 3.36593E-3 3.4567E-3 1.01465E-2 5.3198E-3 6.83393E-3 9.6195E-3 6.56315E-3 7.92948E-3 1.37124E-2 1.25729E-2 1.66307E-2 1.49979E-2 1.19783E-2 1.63592E-2 1.83096E-2 8.31911E-3 2.00502E-2 2.83453E-2 4.64497E-3 5.69574E-3 2.15042E-2 9.91496E-3 1.82739E-2 2.68673E-2 2.93689E-2 3.53353E-2 3.60931E-2 2.20248E-2
-9999 -9999 -9999 -9999 -9999 -9999 -9999 -9999 -9999 -9999 -9999 -9999 -9999 -9999 -9999 -9999 -9999 -9999 -9999 -9999 -9999 -9999 -9999 -9999 -9999 -9999 -9999 -9999 -9999 -9999 -9999 4.20342E-3 4.76267E-3 4.45332E-3 5.11103E-3 4.84572E-3 6.10564E-3 7.98845E-3 7.95899E-3 4.29561E-3 1.24748E-2 1.11594E-2 1.57515E-2 1.40376E-2 1.34022E-2 1.52247E-2 1.78567E-2 6.76666E-3 4.96116E-3 1.299E-2 7.97878E-3 2.45848E-2 2.12856E-2 2.66774E-2 5.27765E-3 3.64251E-2 3.90812E-2 1.05926E-2 4.56187E-2 2.57901E-2
-9999 -9999 -9999 -9999 -9999 -9999 -9999 -9999 -9999 -9999 -9999 -9999 -9999 -9999 -9999 -9999 -9999 -9999 -9999 -9999 -9999 -9999 -9999 -9999 -9999 -9999 -9999 -9999 -9999 -9999 -9999 4.97638E-3 6.24636E-3 6.38075E-3 5.5507E-3 5.4938E-3 6.61403E-3 8.37447E-3 3.81569E-3 1.12812E-2 2.87596E-3 1.18355E-2 2.20093E-2 1.78665E-2 1.69053E-2 1.65294E-2 1.80515E-2 2.05682E-2 2.01912E-2 2.25894E-2 1.61602E-2 2.81408E-2 2.5119E-2 3.30389E-2 3.59305E-2 1.14698E-2 8.79082E-3 4.61711E-2 3.4983E-2 3.78481E-2
-9999 -9999 -9999 -9999 -9999 -9999 -9999 -9999 -9999 -9999 -9999 -9999 -9999 -9999 -9999 -9999 -9999 -9999 -9999 -9999 -9999 -9999 -9999 -9999 -9999 -9999 -9999 -9999 -9999 -9999 -9999 -9999 8.35671E-3 8.89667E-3 6.90076E-3 7.55473E-3 7.35633E-3 9.12229E-3 5.47719E-3 1.15708E-2 1.06007E-2 3.96316E-3 5.67618E-3 2.28028E-2 1.39095E-2 1.86607E-2 1.72334E-2 2.03646E-2 1.92721E-2 2.13274E-2 1.67945E-2 1.73059E-2 2.99132E-2 2.70086E-2 4.1177E-2 5.45024E-2 7.97254E-3 5.12901E-2 3.58969E-2 3.45013E-2
-9999 -9999 -9999 -9999 -9999 -9999 -9999 -9999 -9999 -9999 -9999 -9999 -9999 -9999 -9999 -9999 -9999 -9999 -9999 -9999 -9999 -9999 -9999 -9999 -9999 -9999 -9999 -9999 -9999 -9999 -9999 -9999 1.06783E-2 1.038E-2 1.11052E-2 1.48054E-2 1.1009E-2 1.11149E-2 4.62882E-3 1.28011E-2 1.14649E-2 1.4127E-2 2.19258E-2 1.79546E-2 4.37563E-3 1.99319E-2 1.96096E-2 2.33214E-2 2.82842E-2 2.6264E-2 2.52702E-2 1.08115E-2 3.05237E-2 3.13748E-2 3.47732E-2 4.91321E-2 1.42615E-2 5.64468E-2 3.15212E-2 3.30397E-2
-9999 -9999 -9999 -9999 -9999 -9999 -9999 -9999 -9999 -9999 -9999 -9999 -9999 -9999 -9999 -9999 -9999 -9999 -9999 -9999 -9999 -9999 -9999 -9999 -9999 -9999 -9999 -9999 -9999 -9999 -9999 -9999 -9999 1.40011E-2 1.73811E-2 2.00094E-2 1.91903E-2 1.69385E-2 5.7754E-3 1.61978E-2 1.64372E-2 1.80506E-2 2.19326E-2 2.15411E-2 2.21852E-2 3.59932E-3 2.16702E-2 2.52396E-2 3.5287E-2 1.73822E-2 8.12072E-3 2.84559E-2 2.69216E-2 3.63598E-2 3.86364E-2 2.45255E-2 1.10921E-2 4.23266E-2 2.88658E-2 3.01142E-2
-9999 -9999 -9999 -9999 -9999 -9999 -9999 -9999 -9999 -9999 -9999 -9999 -9999 -9999 -9999 -9999 -9999 -9999 -9999 -9999 -9999 -9999 -9999 -9999 -9999 -9999 -9999 -9999 -9999 -9999 -9999 -9999 -9999 2.76118E-2 2.67413E-2 2.00982E-2 1.5159E-2 1.47961E-2 4.82647E-3 1.58666E-2 1.87415E-2 1.65066E-2 1.73411E-2 1.84247E-2 2.27073E-2 9.90872E-3 2.36661E-2 1.22157E-2 1.53451E-2 3.34549E-2 3.06862E-2 6.14934E-3 3.31855E-2 3.46828E-2 4.03127E-2 1.03956E-2 1.03958E-2 2.6712E-2 3.20781E-2 2.84601E-2
-9999 -9999 -9999 -9999 -9999 -9999 -9999 -9999 -9999 -9999 -9999 -9999 -9999 -9999 -9999 -9999 -9999 -9999 -9999 -9999 -9999 -9999 -9999 -9999 -9999 -9999 -9999 -9999 -9999 -9999 -9999 -9999 -9999 1.91257E-2 1.82229E-2 1.82602E-2 1.78837E-2 4.91922E-3 1.24093E-2 2.15881E-2 1.81906E-2 1.84583E-2 1.80511E-2 1.89142E-2 2.46086E-2 2.75586E-2 5.84231E-3 2.65034E-2 2.69346E-2 3.90145E-2 3.54981E-2 3.6631E-2 7.94355E-3 3.65896E-2 4.81868E-2 3.1268E-2 4.39354E-2 8.84729E-3 3.43482E-2 2.96712E-2
-9999 -9999 -9999 -9999 -9999 -9999 -9999 -9999 -9999 -9999 -9999 -9999 -9999 -9999 -9999 -9999 -9999 -9999 -9999 -9999 -9999 -9999 -9999 -9999 -9999 -9999 -9999 -9999 -9999 -9999 -9999 -9999 -9999 1.8666E-2 1.98611E-2 2.07341E-2 6.86261E-3 2.24885E-2 2.10664E-2 2.05879E-2 2.11408E-2 2.17802E-2 2.22134E-2 2.19667E-2 2.85963E-2 2.51133E-2 2.81444E-2 2.63765E-2 2.4573E-2 1.98369E-2 2.89262E-2 3.12896E-2 3.87272E-2 1.63481E-2 1.38976E-2 2.31496E-2 4.00136E-2 3.89141E-2 1.2052E-2 2.99767E-2
-9999 -9999 -9999 -9999 -9999 -9999 -9999 -9999 -9999 -9999 -9999 -9999 -9999 -9999 -9999 -9999 -9999 -9999 -9999 -9999 -9999 -9999 -9999 -9999 -9999 -9999 -9999 -9999 -9999 -9999 -9999 -9999 -9999 1.91224E-2 2.02657E-2 2.2089E-2 2.62215E-2 8.78408E-3 2.37758E-2 2.16348E-2 2.53874E-2 7.2932E-3 2.5554E-2 2.73949E-2 3.76449E-2 5.0393E-3 2.80152E-2 2.49309E-2 2.22937E-2 1.91804E-2 2.31096E-2 2.6015E-2 2.98165E-2 3.03187E-2 4.20271E-2 2.88158E-2 7.8584E-3 6.10449E-3 8.78303E-3 2.80992E-2
-9999 -9999 -9999 -9999 -9999 -9999 -9999 -9999 -9999 -9999 -9999 -9999 -9999 -9999 -9999 -9999 -9999 -9999 -9999 -9999 -9999 -9999 -9999 -9999 -9999 -9999 -9999 -9999 -9999 -9999 -9999 -9999 -9999 1.87227E-2 2.02637E-2 2.25804E-2 2.60777E-2 1.62008E-2 2.69268E-2 2.19119E-2 2.77775E-2 7.70331E-3 2.93867E-2 3.14611E-2 4.72885E-2 1.29908E-2 2.88611E-2 2.41084E-2 2.02181E-2 1.7073E-2 1.93577E-2 2.00127E-2 2.16764E-2 2.32494E-2 3.01181E-2 2.06137E-2 1.97004E-2 2.84678E-2 7.86553E-3 1.52428E-2
-9999 -9999 -9999 -9999 -9999 -9999 -9999 -9999 -9999 -9999 -9999 -9999 -9999 -9999 -9999 -9999 -9999 -9999 -9999 -9999 -9999 -9999 -9999 -9999 -9999 -9999 -9999 -9999 -9999 -9999 -9999 -9999 1.91287E-2 1.72632E-2 1.96357E-2 2.11592E-2 2.62925E-2 2.37248E-2 2.49282E-2 2.2917E-2 2.51803E-2 2.76855E-2 3.62236E-2 3.61396E-2 4.95645E-2 1.82215E-2 3.26477E-2 2.67943E-2 2.04877E-2 1.90134E-2 1.90264E-2 1.62833E-2 1.77117E-2 2.16168E-2 2.82935E-2 1.86357E-2 1.89919E-2 1.27774E-2 1.25538E-2 2.38949E-2
-9999 -9999 -9999 -9999 -9999 -9999 -9999 -9999 -9999 -9999 -9999 -9999 -9999 -9999 -9999 -9999 -9999 -9999 -9999 -9999 4.84765E-3 3.11486E-3 8.47917E-3 4.88745E-3 1.03667E-2 -9999 -9999 -9999 3.88987E-2 5.14909E-3 1.69342E-3 4.34781E-3 1.98959E-2 1.89091E-2 2.06851E-2 2.01119E-2 2.26366E-2 2.35669E-2 8.59365E-3 2.67824E-2 2.49016E-2 3.77481E-2 2.68852E-2 3.96771E-2 3.24797E-2 2.71789E-2 4.13873E-2 3.0185E-2 2.49751E-2 2.12056E-2 2.09873E-2 1.7169E-2 1.73575E-2 2.51149E-2 3.11449E-2 7.9471E-3 7.22502E-3 2.25103E-2 1.58574E-2 5.80135E-3
-9999 -9999 -9999 -9999 -9999 -9999 -9999 -9999 -9999 -9999 -9999 -9999 -9999 -9999 -9999 -9999 -9999 1.9089E-1 4.25415E-2 1.25995E-2 5.31456E-3 3.39917E-3 9.22533E-3 5.39349E-3 1.17295E-2 1.09755E-1 2.57536E-1 4.72627E-1 8.00459E-2 1.16534E-2 3.36226E-3 4.2423E-3 2.50501E-2 1.98512E-2 1.98064E-2 2.0957E-2 2.44187E-2 1.28098E-2 1.22425E-2 2.69586E-2 2.59607E-2 3.68174E-2 1.93257E-2 1.37208E-2 9.06773E-3 4.24267E-2 4.38692E-2 3.78125E-2 2.67998E-2 2.00253E-2 2.34366E-2 1.29991E-2 8.76703E-3 8.28261E-3 2.67023E-3 1.84435E-2 1.2487E-2 1.80433E-2 1.95558E-2 2.15816E-2
-9999 -9999 -9999 -9999 -9999 -9999 -9999 -9999 -9999 -9999 -9999 -9999 -9999 -9999 -9999 -9999 6.5727E-2 5.83606E-2 1.63052E-2 6.12145E-3 3.18174E-3 2.90386E-3 1.04612E-2 3.86931E-3 6.88764E-3 1.86197E-2 1.64521E-2 1.17592E-1 2.72258E-2 6.83247E-3 3.03954E-3 8.19577E-3 3.57339E-2 2.74381E-2 2.77782E-2 2.55213E-2 7.36828E-3 1.20614E-2 5.58647E-3 3.10354E-2 3.11493E-2 4.01592E-2 4.90203E-2 4.42046E-2 3.46227E-2 1.16514E-2 3.7737E-2 3.64497E-2 2.49588E-2 2.27118E-2 1.08568E-2 1.52234E-2 9.12405E-3 1.44296E-3 1.02856E-2 9.93111E-3 1.16364E-2 1.5078E-2 1.98341E-2 7.71596E-3
-9999 -9999 -9999 -9999 -9999 -9999 -9999 -9999 -9999 -9999 -9999 -9999 -9999 -9999 1.53502E-2 1.89828E-2 2.08179E-2 2.02779E-2 8.26705E-3 3.9296E-3 2.28477E-3 4.34657E-3 1.34185E-2 4.02806E-3 4.87615E-3 7.97957E-3 1.5772E-2 1.05641E-2 9.5337E-3 3.65671E-3 2.92207E-3 1.34994E-2 3.05644E-2 3.48148E-2 3.64717E-2 1.00192E-2 3.61641E-2 1.39023E-2 3.73245E-2 3.57912E-2 3.54283E-2 4.80196E-2 5.24544E-2 5.23493E-2 4.02621E-2 2.06266E-2 1.6085E-2 1.29943E-2 1.33585E-2 2.50431E-2 3.40553E-2 3.41579E-2 1.42757E-2 2.60303E-2 1.54158E-2 7.54362E-3 5.57304E-3 4.83871E-3 7.98202E-3 2.01973E-2
-9999 -9999 -9999 -9999 -9999 -9999 -9999 -9999 -9999 -9999 -9999 3.07362E-3 3.7754E-3 5.20316E-3 7.25213E-3 9.37927E-3 1.13684E-2 1.21656E-2 7.49312E-3 4.21986E-3 2.88223E-3 7.33151E-3 1.68161E-2 7.89091E-3 3.82423E-3 5.24613E-3 7.39025E-3 5.25586E-3 5.02607E-3 2.9434E-3 6.99122E-3 2.12934E-2 2.72087E-2 4.01167E-2 4.05364E-2 7.81311E-3 4.34186E-2 1.47641E-2 4.55406E-2 4.36622E-2 5.03594E-2 7.39778E-2 6.58557E-2 1.5367E-2 2.5042E-2 4.00165E-2 3.02907E-2 2.86909E-2 2.73883E-2 2.5934E-2 3.0984E-2 3.6098E-2 3.26393E-2 3.03933E-2 1.86508E-2 9.91464E-3 8.09242E-3 4.46507E-3 6.13257E-3 1.29095E-2
-9999 -9999 -9999 -9999 -9999 -9999 -9999 -9999 -9999 -9999 1.60252E-3 1.56512E-3 1.97004E-3 3.21742E-3 4.74095E-3 6.41405E-3 8.78126E-3 9.89512E-3 7.21806E-3 7.33942E-3 1.03623E-2 1.54372E-2 2.16341E-2 1.53601E-2 1.08577E-2 8.20562E-3 6.44289E-3 5.69047E-3 5.35194E-3 1.47267E-2 1.93511E-2 3.63797E-2 3.57033E-2 5.00116E-2 4.77751E-2 1.07577E-2 4.7597E-2 3.6121E-2 5.50837E-2 5.90391E-2 3.94841E-2 1.63804E-2 3.0077E-2 8.11039E-2 6.14019E-2 5.77727E-2 4.1703E-2 3.20936E-2 2.8793E-2 2.89408E-2 4.03814E-2 4.38953E-2 3.68197E-2 3.60538E-2 3.44492E-2 3.19981E-2 2.75806E-2 1.82373E-2 1.2332E-2 1.77761E-2
-9999 -9999 -9999 -9999 -9999 -9999 -9999 -9999 -9999 -9999 7.08768E-3 8.18331E-3 1.0849E-2 1.65293E-2 2.07858E-2 2.64006E-2 2.38434E-2 3.96941E-2 3.88861E-2 3.44221E-2 3.47845E-2 3.26281E-2 2.84541E-2 3.01955E-2 3.2756E-2 3.68942E-2 4.07339E-2 4.99125E-2 2.55727E-2 6.73612E-2 5.87817E-2 5.98538E-2 6.31661E-2 1.29054E-2 5.82609E-2 2.69929E-2 5.83787E-2 1.55513E-2 6.45417E-2 2.78591E-2 8.18442E-2 9.18598E-2 7.65114E-2 8.77708E-2 7.69006E-2 7.3047E-2 3.65481E-2 3.09939E-2 3.27787E-2 4.17223E-2 6.96606E-2 6.02506E-2 5.23924E-2 5.64008E-2 5.64643E-2 5.04423E-2 4.57188E-2 3.99117E-2 3.37642E-2 3.3985E-2
-9999 -9999 -9999 -9999 -9999 -9999 -9999 -9999 -9999 -9999 9.10641E-3 1.12458E-2 1.44649E-2 1.95697E-2 2.648E-2 3.60189E-2 2.93923E-2 3.45649E-2 5.0805E-2 4.73613E-2 4.34707E-2 3.81327E-2 3.334E-2 3.15982E-2 3.35935E-2 3.6575E-2 4.56725E-2 6.1177E-2 7.64026E-2 2.70274E-2 6.97856E-2 6.85003E-2 6.11042E-2 6.00301E-2 1.30555E-2 2.8558E-2 4.19447E-2 1.24334E-2 2.89023E-2 2.779E-2 7.2099E-2 6.64414E-2 4.75445E-2 6.38625E-2 2.858E-2 4.39624E-2 2.70962E-2 2.65778E-2 3.55837E-2 4.84062E-2 5.93933E-2 1.5672E-2 5.44215E-2 3.54797E-2 5.7702E-2 6.39324E-2 5.24617E-2 4.57099E-2 4.42274E-2 4.3378E-2
-9999 -9999 -9999 -9999 -9999 -9999 -9999 -9999 -9999 -9999 9.17356E-3 1.07373E-2 1.428E-2 2.0238E-2 2.96338E-2 4.21073E-2 5.40687E-2 1.38015E-2 6.54817E-2 5.6662E-2 4.98964E-2 4.42602E-2 3.7451E-2 2.99533E-2 3.01955E-2 3.66163E-2 5.20639E-2 6.305E-2 7.3083E-2 7.32958E-2 7.17196E-2 3.04938E-2 2.14851E-2 6.29955E-2 6.64177E-2 6.00923E-2 5.78095E-2 4.15308E-2 3.1548E-2 6.48296E-2 5.79947E-2 8.03119E-2 4.02704E-2 1.38818E-2 6.8527E-2 3.59131E-2 3.02952E-2 2.81585E-2 3.78773E-2 4.50969E-2 5.03518E-2 5.22348E-2 4.47907E-2 5.92493E-2 3.27259E-2 2.08262E-2 5.90653E-2 5.65071E-2 5.63775E-2 5.32985E-2
-9999 -9999 -9999 -9999 -9999 -9999 -9999 -9999 -9999 -9999 7.98023E-3 1.00327E-2 1.47712E-2 2.26295E-2 3.50963E-2 4.53723E-2 6.07986E-2 1.39929E-2 7.36179E-2 6.35118E-2 6.03401E-2 5.05143E-2 4.00557E-2 2.82366E-2 2.98556E-2 4.04023E-2 4.37431E-2 5.06884E-2 5.33931E-2 5.41137E-2 6.45415E-2 7.51818E-2 1.70259E-2 6.07593E-2 4.58505E-2 5.0111E-2 5.75688E-2 1.89728E-2 1.48368E-2 6.35905E-2 6.25427E-2 3.2884E-2 4.0703E-2 1.36388E-2 5.67413E-2 4.27978E-2 3.66909E-2 3.2382E-2 3.17079E-2 3.68721E-2 4.23828E-2 4.45883E-2 4.45361E-2 4.90742E-2 7.67452E-2 4.71837E-2 2.32909E-2 6.96766E-2 7.43203E-2 6.74147E-2
-9999 -9999 -9999 -9999 -9999 -9999 -9999 -9999 -9999 -9999 -9999 1.26545E-2 2.13144E-2 3.4846E-2 4.25502E-2 5.18337E-2 6.84903E-2 3.06077E-2 1.02791E-1 9.03336E-2 6.84599E-2 5.02292E-2 4.02667E-2 2.87747E-2 2.7562E-2 3.49738E-2 3.26095E-2 4.4684E-2 4.54203E-2 6.62104E-2 7.36059E-2 6.99786E-2 4.10651E-2 5.70326E-2 4.13477E-2 4.96155E-2 5.86592E-2 1.9775E-2 5.53649E-2 2.50184E-2 3.1289E-2 2.98129E-2 2.87717E-2 4.14388E-2 1.0598E-2 4.71413E-2 3.92352E-2 3.3041E-2 2.9778E-2 3.1213E-2 3.5333E-2 3.64429E-2 3.53511E-2 4.1214E-2 6.79949E-2 7.07171E-2 6.45342E-2 2.04237E-2 2.07604E-2 5.10314E-2
-9999 -9999 -9999 -9999 -9999 -9999 -9999 -9999 -9999 -9999 -9999 1.91013E-2 2.98719E-2 4.04476E-2 5.1135E-2 5.91828E-2 9.00024E-2 8.85645E-2 6.27969E-2 7.34072E-2 5.87513E-2 4.79835E-2 3.8406E-2 2.83803E-2 3.29767E-2 3.3474E-2 3.38813E-2 3.7799E-2 4.21307E-2 5.96158E-2 6.3885E-2 1.84483E-2 1.86706E-2 5.05452E-2 4.17183E-2 5.33572E-2 5.22224E-2 2.18789E-2 5.67881E-2 5.09978E-2 4.49716E-2 3.46136E-2 2.35955E-2 3.65792E-2 4.03588E-2 1.24821E-2 4.79462E-2 3.5348E-2 3.27609E-2 2.98119E-2 2.74878E-2 2.81362E-2 2.76319E-2 3.23527E-2 5.95096E-2 6.64637E-2 6.11974E-2 6.83414E-2 7.97331E-2 8.62321E-2
-9999 -9999 -9999 -9999 -9999 -9999 -9999 -9999 -9999 -9999 -9999 9.70206E-3 1.76637E-2 2.00681E-2 3.09968E-2 4.45641E-2 1.48183E-2 7.16893E-2 5.86014E-2 5.48996E-2 4.86993E-2 4.21209E-2 3.28143E-2 2.89823E-2 3.9617E-2 1.95884E-2 2.78328E-2 3.92735E-2 4.54548E-2 4.65763E-2 5.34431E-2 3.36064E-2 5.5903E-2 5.19684E-2 4.45177E-2 4.86255E-2 5.66712E-2 5.33429E-2 3.29197E-2 4.9932E-2 3.98176E-2 3.35791E-2 1.91361E-2 3.4561E-2 3.6299E-2 1.44207E-2 5.47757E-2 3.85152E-2 3.98819E-2 3.04093E-2 2.16578E-2 2.29715E-2 2.42736E-2 2.83884E-2 5.43024E-2 4.79338E-2 6.3775E-2 5.99085E-2 6.8932E-2 7.52652E-2
