Phytophthora/models/20240506_1402_44/Phytophthora_PA3_RUN8_MAXENT_outputs/Phytophthora_PA3_RUN8.asc
ncols         225
nrows         269
xllcorner     473009.9838
yllcorner     4429051.1748
cellsize      50.0
NODATA_value  -9999
[rows 78 to 103 of 269, columns 60 to 119 of 225]
1.71137E-2 1.88175E-2 1.12099E-2 1.15163E-2 3.76584E-3 3.00558E-3 5.53499E-3 1.67432E-2 2.43091E-2 4.09312E-2 5.30635E-2 6.09013E-2 7.87407E-2 9.87882E-2 9.1947E-2 6.48044E-2 4.61397E-2 1.38314E-2 6.48462E-2 7.7634E-2 3.45646E-2 7.86216E-2 8.76167E-2 5.01362E-2 4.01062E-2 6.49968E-2 8.61333E-2 1.13976E-1 1.4806E-1 1.71801E-1 5.57908E-2 1.72583E-1 8.2114E-2 6.33324E-2 2.5556E-1 2.59049E-1 2.67324E-1 2.81752E-1 2.86707E-1 3.3744E-1 3.09226E-1 2.27304E-1 4.24391E-2 1.00865E-1 1.61933E-1 2.16187E-1 3.89899E-1 8.77758E-2 3.15635E-1 2.52988E-1 2.14674E-1 2.10362E-1 2.09242E-1 2.27695E-1 -9999 -9999 -9999 -9999 -9999 -9999
2.31933E-2 3.12183E-3 2.3715E-2 1.5663E-2 8.65605E-3 1.07035E-2 5.12978E-3 3.25888E-3 6.34449E-3 6.26368E-3 3.94234E-2 5.65827E-2 7.90996E-2 5.40019E-2 4.85645E-2 4.35441E-2 1.20924E-1 9.87825E-2 8.65122E-2 7.72385E-2 6.33547E-2 6.23145E-2 5.29942E-2 3.91505E-2 5.25213E-2 6.11897E-2 8.27135E-2 1.11412E-1 1.48822E-1 1.85996E-1 1.05938E-1 1.53447E-1 1.71325E-1 2.05045E-1 2.53046E-1 2.51958E-1 2.56748E-1 2.99432E-1 2.95027E-1 3.14965E-1 3.13668E-1 2.91383E-1 2.30919E-1 1.45094E-1 1.44363E-1 3.42923E-1 4.17219E-1 7.81799E-2 3.41395E-1 2.65575E-1 2.27794E-1 2.34652E-1 2.67806E-1 2.84981E-1 -9999 -9999 -9999 -9999 -9999 -9999
2.99106E-2 4.44028E-3 2.32738E-2 2.1572E-2 7.06361E-3 6.34855E-3 7.9748E-3 5.50594E-3 1.2561E-2 2.12082E-2 6.28171E-3 2.22964E-2 6.51746E-3 4.38824E-2 5.65885E-2 1.13312E-1 1.12484E-1 1.18062E-1 1.09574E-1 9.24722E-2 5.05525E-2 4.8907E-2 4.33413E-2 3.86673E-2 4.57957E-2 5.97551E-2 8.19199E-2 1.08032E-1 1.45253E-1 9.40799E-2 1.86482E-1 1.85338E-1 1.68573E-1 2.03894E-1 2.31951E-1 2.53964E-1 3.01167E-1 3.25441E-1 3.14993E-1 3.16642E-1 3.12731E-1 3.06822E-1 2.24223E-1 7.30377E-2 1.10987E-1 7.49084E-2 5.85055E-2 3.85823E-1 3.16578E-1 2.34413E-1 2.78761E-1 2.20605E-1 2.66527E-1 1.86289E-1 1.63681E-1 2.07551E-1 -9999 -9999 -9999 -9999
3.69842E-2 2.52307E-2 2.74565E-2 1.77997E-2 1.9832E-2 1.24568E-2 6.48825E-3 1.46663E-2 1.46232E-2 1.969E-2 2.71007E-2 3.335E-2 3.46067E-2 3.32464E-2 4.31937E-2 6.86369E-2 8.24924E-2 1.18843E-1 1.05653E-1 8.77186E-2 4.5394E-2 4.50617E-2 4.39219E-2 4.2887E-2 4.34923E-2 5.7288E-2 7.61382E-2 9.56702E-2 1.22906E-1 1.5658E-1 1.03666E-1 8.16795E-2 1.18038E-1 1.98153E-1 2.22578E-1 2.80301E-1 2.94377E-1 1.94816E-1 3.20071E-1 2.21481E-1 2.67865E-1 1.42985E-1 2.10289E-1 3.06676E-1 2.64058E-1 2.57908E-1 2.99584E-1 8.82934E-2 6.38391E-2 4.47506E-2 1.31611E-1 2.36693E-2 3.18822E-1 1.41632E-1 1.15805E-1 6.25361E-2 1.77967E-1 1.2631E-1 -9999 -9999
3.88647E-2 1.24646E-2 3.2522E-2 2.44342E-2 2.29502E-2 2.46293E-2 1.20019E-2 2.35613E-2 2.13126E-2 2.62129E-2 2.76183E-2 2.83566E-2 2.97233E-2 3.46447E-2 5.06605E-2 5.92824E-2 8.22848E-2 1.12319E-1 1.10123E-1 9.43839E-2 1.87491E-2 5.81854E-2 4.81404E-2 4.7318E-2 4.78132E-2 5.33902E-2 6.65732E-2 8.06035E-2 1.01819E-1 1.33711E-1 7.94034E-2 1.70281E-1 1.25836E-1 6.45024E-2 2.33767E-1 5.98677E-2 2.79522E-1 3.29848E-1 3.20336E-1 3.33917E-1 3.47175E-1 3.2106E-1 3.00159E-1 2.74651E-1 2.57803E-1 2.79018E-1 2.53045E-1 5.74285E-2 1.94009E-1 1.30239E-1 3.10861E-1 1.43138E-1 1.43597E-1 5.58384E-2 2.84279E-1 2.3997E-1 1.92068E-1 1.50477E-1 1.37839E-1 -9999
3.70653E-2 1.9713E-2 3.41607E-2 2.7832E-2 2.10843E-2 2.26714E-2 2.4221E-2 5.62113E-3 6.8518E-3 5.17169E-3 3.68481E-2 3.74073E-2 3.74673E-2 4.17471E-2 5.01728E-2 7.34245E-2 9.95315E-2 7.4073E-2 1.20775E-1 1.18633E-1 7.14098E-2 7.22431E-2 6.23945E-2 5.68213E-2 5.84143E-2 7.02956E-2 8.21681E-2 8.61876E-2 9.95372E-2 1.26281E-1 1.20314E-1 1.8239E-1 1.58416E-1 1.7873E-1 6.51001E-2 3.37548E-1 3.4427E-1 2.99929E-1 3.15511E-1 3.22096E-1 3.27618E-1 2.97111E-1 2.76369E-1 2.48082E-1 2.37235E-1 2.82025E-1 2.16139E-1 5.22612E-2 2.09194E-1 1.52679E-1 3.38132E-1 3.08356E-1 3.27566E-1 2.95112E-1 2.47386E-1 2.05609E-1 1.80819E-1 1.51836E-1 1.31872E-1 -9999
3.49668E-2 1.93913E-2 1.62679E-2 3.06446E-2 2.36092E-2 2.01066E-2 2.0875E-2 2.21199E-2 2.53185E-2 3.08846E-2 8.17515E-3 4.45697E-2 4.64663E-2 5.16406E-2 5.78078E-2 7.75967E-2 1.07416E-1 1.02347E-1 5.91548E-2 1.39329E-1 1.46979E-1 8.49662E-2 7.87898E-2 7.6459E-2 7.12857E-2 8.58281E-2 1.08048E-1 1.14193E-1 1.22842E-1 1.35046E-1 1.49813E-1 1.88472E-1 1.2289E-1 2.15191E-1 1.53496E-1 3.59335E-1 3.52702E-1 3.21508E-1 3.03648E-1 3.07528E-1 3.16523E-1 2.88663E-1 2.68696E-1 2.40689E-1 2.86535E-1 2.22336E-1 2.84396E-1 9.12744E-2 2.28503E-1 3.16421E-1 3.06081E-1 2.77188E-1 2.72438E-1 2.46953E-1 2.24744E-1 2.0653E-1 1.99668E-1 1.8173E-1 1.59233E-1 -9999
3.12244E-2 3.63285E-2 1.42243E-2 1.76672E-2 2.58295E-2 2.08365E-2 1.84125E-2 1.90148E-2 2.14985E-2 2.8217E-2 3.96843E-2 7.16377E-3 5.69651E-2 6.21766E-2 7.2122E-2 8.32349E-2 1.06696E-1 1.34701E-1 1.37847E-1 9.09586E-2 9.32098E-3 1.02261E-1 9.08483E-2 9.15652E-2 9.36732E-2 1.05943E-1 1.43292E-1 1.60308E-1 1.60418E-1 1.63452E-1 5.262E-2 1.75837E-1 1.40579E-1 1.63652E-1 3.32263E-1 6.90228E-2 3.608E-1 3.78128E-1 3.43601E-1 3.24518E-1 3.00913E-1 2.69808E-1 2.45162E-1 2.69224E-1 3.85088E-1 3.87652E-1 3.27173E-1 9.67723E-2 2.19156E-1 8.04544E-2 3.58231E-1 3.22342E-1 2.76439E-1 2.59033E-1 2.52049E-1 2.70291E-1 2.65733E-1 2.40407E-1 2.22637E-1 2.10456E-1
2.59253E-2 3.0964E-2 3.14921E-2 1.07496E-2 2.84814E-2 2.27066E-2 1.75868E-2 1.63586E-2 1.90748E-2 2.52128E-2 3.67384E-2 5.44763E-2 3.56981E-2 7.63471E-2 8.72289E-2 9.99682E-2 1.06378E-1 1.18556E-1 1.30154E-1 1.44403E-1 5.45026E-2 3.13463E-2 1.05814E-1 1.07315E-1 1.11278E-1 1.33137E-1 1.83429E-1 1.35497E-1 8.36575E-2 8.61342E-2 1.77394E-1 1.75637E-1 1.1716E-1 1.20941E-1 3.02738E-1 3.33825E-1 1.37997E-1 4.41795E-1 4.06064E-1 3.7492E-1 3.48498E-1 3.4685E-1 2.98254E-1 2.89048E-1 2.1552E-1 4.19316E-1 9.47907E-2 3.99508E-1 3.62182E-1 4.03384E-1 1.94398E-1 3.84472E-1 3.26051E-1 3.1508E-1 3.0179E-1 3.32264E-1 3.47494E-1 3.26451E-1 2.90198E-1 1.97072E-1
2.53165E-2 2.38444E-2 2.785E-2 2.9582E-2 1.37186E-2 2.45307E-2 1.91587E-2 1.75839E-2 1.87709E-2 2.40217E-2 3.60498E-2 5.45381E-2 2.61258E-2 2.44698E-2 9.12082E-2 1.25631E-1 1.23969E-1 1.16094E-1 1.06048E-1 1.24399E-1 4.60254E-2 7.66018E-2 5.01168E-2 1.35457E-1 1.43859E-1 1.76365E-1 1.17608E-1 9.67465E-2 1.9546E-1 1.77659E-1 1.63812E-1 1.76849E-1 1.32207E-1 1.09115E-1 2.51877E-1 3.62511E-1 4.3996E-1 1.72333E-1 4.49649E-1 4.17872E-1 3.98573E-1 3.99943E-1 3.79748E-1 3.24693E-1 2.14182E-1 3.81118E-1 1.52363E-1 2.9183E-1 2.8251E-1 3.88211E-1 3.96438E-1 1.12182E-1 1.09924E-1 1.80536E-1 1.47217E-1 1.0884E-1 3.15587E-1 3.82656E-1 2.93355E-1 1.91804E-1
2.62709E-2 2.44481E-2 3.15838E-2 3.51691E-2 7.15251E-3 2.97096E-2 2.5479E-2 2.40501E-2 2.43156E-2 2.49292E-2 3.65203E-2 5.03584E-2 6.25544E-2 8.37597E-2 1.10372E-1 3.94652E-2 1.34796E-1 1.23819E-1 1.01096E-1 9.89146E-2 1.30149E-1 6.28676E-2 1.4644E-1 9.16049E-2 5.81605E-2 9.81877E-2 1.38846E-1 1.99261E-1 1.70898E-1 1.41358E-1 1.58818E-1 1.98318E-1 1.95528E-1 1.07475E-1 2.59224E-1 3.81081E-1 3.87668E-1 3.76238E-1 1.82392E-1 3.20513E-1 4.4183E-1 4.34685E-1 4.34371E-1 4.30598E-1 4.23495E-1 3.99598E-1 3.89198E-1 3.38309E-1 3.21784E-1 3.94835E-1 3.53249E-1 1.00304E-1 2.81792E-1 2.97275E-1 3.03035E-1 3.66754E-1 3.5002E-1 3.57821E-1 2.60668E-1 2.00508E-1
2.47311E-2 2.54929E-2 3.33741E-2 3.95552E-2 1.71298E-2 2.16039E-2 3.51661E-2 3.18449E-2 3.08249E-2 3.24916E-2 3.48272E-2 4.78199E-2 5.43489E-2 7.32474E-2 9.82558E-2 1.45407E-1 7.07055E-2 1.50995E-1 1.26456E-1 9.65222E-2 1.2064E-1 6.35523E-2 1.49502E-1 1.5347E-1 5.45959E-2 2.19099E-1 1.82076E-1 1.67433E-1 1.53754E-1 1.62398E-1 1.6967E-1 8.41936E-2 -9999 -9999 2.90306E-1 3.38454E-1 3.19063E-1 3.42852E-1 4.14214E-1 4.25179E-1 2.00928E-1 3.71439E-1 4.60518E-1 4.73437E-1 4.72473E-1 1.22044E-1 1.754E-1 2.37319E-1 3.36179E-1 4.01852E-1 3.13058E-1 2.41943E-1 1.18583E-1 2.6634E-1 2.8373E-1 2.636E-1 2.88085E-1 2.74298E-1 2.40687E-1 2.56375E-1
2.38872E-2 2.90428E-2 3.69292E-2 3.65875E-2 4.26857E-2 5.15892E-2 1.56278E-2 3.21108E-2 3.71682E-2 4.14321E-2 3.93523E-2 4.79701E-2 5.61414E-2 7.17482E-2 9.64685E-2 1.49022E-1 7.61881E-2 1.60107E-1 1.59206E-1 1.14436E-1 1.09372E-1 7.08695E-2 1.50555E-1 1.75535E-1 1.65E-1 1.7098E-1 1.57356E-1 1.44487E-1 1.51698E-1 1.89161E-1 -9999 -9999 -9999 -9999 -9999 2.7755E-1 2.77518E-1 3.31579E-1 3.90676E-1 3.6118E-1 3.99194E-1 2.66691E-1 3.47205E-1 4.35623E-1 7.8682E-2 2.87923E-1 2.38091E-1 3.20393E-1 8.42157E-2 3.2353E-1 3.02015E-1 2.61953E-1 7.71319E-2 1.76833E-1 2.67346E-1 2.30759E-1 2.98972E-1 2.04726E-1 2.64493E-1 3.11372E-1
2.17398E-2 3.57875E-2 4.3555E-2 3.7221E-2 3.69173E-2 3.1055E-2 4.23794E-2 1.02531E-2 4.49249E-2 4.67362E-2 4.85311E-2 6.97332E-2 7.96346E-2 1.00981E-1 1.23187E-1 1.53525E-1 3.02743E-2 1.66929E-1 1.92295E-1 1.64563E-1 1.49375E-1 2.05461E-1 2.18721E-1 3.4175E-2 1.74013E-1 1.59369E-1 1.56319E-1 1.39946E-1 1.53934E-1 -9999 -9999 -9999 -9999 -9999 -9999 2.86403E-1 2.93784E-1 3.05839E-1 3.4438E-1 3.54113E-1 3.87775E-1 4.11061E-1 2.97838E-1 1.75999E-1 7.01313E-2 3.54883E-2 3.77021E-1 3.59206E-1 4.15112E-1 2.67286E-1 5.07902E-2 9.39005E-2 2.15626E-1 1.90355E-1 7.99512E-2 2.82942E-1 2.63723E-1 2.25511E-1 2.92186E-1 3.49812E-1
2.54639E-2 3.10312E-2 9.70326E-3 1.01746E-2 2.27109E-2 3.3589E-2 4.04641E-2 3.57455E-2 5.33313E-2 5.09543E-2 5.33966E-2 8.52038E-2 1.11393E-1 7.2576E-2 3.23893E-2 5.83778E-2 1.9373E-1 1.43745E-1 1.19761E-1 1.71337E-1 1.79144E-1 2.17129E-1 5.40192E-2 1.69854E-1 1.63028E-1 1.84913E-1 1.77632E-1 1.48999E-1 1.56113E-1 -9999 -9999 -9999 -9999 -9999 -9999 3.30905E-1 3.26095E-1 3.35527E-1 3.35079E-1 3.29983E-1 3.74285E-1 3.97204E-1 3.79233E-1 2.9346E-1 3.61907E-1 1.55673E-1 1.83544E-1 3.04685E-1 2.83241E-1 2.8583E-1 2.142E-1 2.05975E-1 1.79469E-1 1.14335E-1 2.84806E-1 9.2001E-2 2.86408E-1 2.59057E-1 3.31212E-1 3.6819E-1
2.85022E-2 4.13707E-2 4.77704E-2 4.41604E-2 4.46379E-2 2.05253E-2 9.47854E-3 5.17905E-2 2.22287E-2 7.56635E-2 7.20339E-2 9.26835E-2 3.8935E-2 1.16449E-1 1.28291E-1 2.64979E-2 1.27063E-1 1.39851E-1 1.167E-1 9.86976E-2 1.83573E-1 1.96672E-1 2.03207E-1 1.50762E-1 1.65427E-1 3.5226E-2 1.88497E-1 1.64408E-1 1.71719E-1 -9999 -9999 -9999 -9999 -9999 -9999 3.51618E-1 3.50321E-1 3.66696E-1 3.63188E-1 3.6717E-1 3.95257E-1 -9999 1.32186E-1 2.73325E-1 3.15478E-1 1.72207E-1 1.78395E-1 2.70361E-1 3.27687E-1 2.92556E-1 2.66021E-1 2.53966E-1 2.07492E-1 1.48991E-1 1.85578E-1 9.52632E-2 3.28956E-1 3.1157E-1 2.05445E-1 1.08391E-1
2.88071E-2 3.205E-2 4.42088E-2 5.5804E-2 4.83076E-2 4.50915E-2 5.43181E-2 7.30667E-2 7.78134E-2 3.8379E-2 2.87612E-2 1.53353E-2 6.4232E-2 1.38022E-1 1.2369E-1 1.21731E-1 3.96485E-2 3.27537E-2 1.67699E-1 1.6168E-1 1.1811E-1 1.61644E-1 1.35648E-1 1.15036E-1 1.27015E-1 5.34483E-2 2.08357E-1 8.42884E-2 1.40299E-1 -9999 -9999 -9999 -9999 -9999 4.0369E-1 3.90062E-1 3.73153E-1 1.37822E-1 -9999 -9999 -9999 -9999 2.84348E-1 2.84843E-1 3.1989E-1 2.85228E-1 1.90637E-1 2.37149E-1 1.68985E-1 7.52532E-2 1.11397E-1 3.09548E-1 2.635E-1 2.69017E-1 8.73936E-2 4.25154E-1 1.45259E-1 3.61612E-1 1.11182E-1 4.4883E-1
2.46619E-2 3.97543E-2 3.23392E-2 5.66897E-2 4.538E-2 4.65973E-2 4.36141E-2 4.26622E-2 5.57539E-2 1.17148E-1 1.16021E-1 1.53959E-1 2.30299E-2 1.20914E-1 1.09596E-1 1.14288E-1 1.22861E-1 1.40035E-1 1.80136E-1 9.57506E-2 1.02163E-1 7.85117E-2 7.62468E-2 8.58131E-2 1.01779E-1 2.19184E-1 8.77788E-2 9.43736E-2 1.10756E-1 -9999 -9999 -9999 -9999 -9999 -9999 -9999 -9999 -9999 -9999 -9999 -9999 -9999 2.50386E-1 3.90028E-1 4.44665E-1 3.77635E-1 3.12543E-1 2.67225E-1 2.73345E-1 8.8862E-2 3.9806E-1 3.53272E-1 3.72962E-1 3.03176E-1 6.94918E-2 3.94324E-1 2.77727E-1 2.31197E-1 2.51344E-1 4.5541E-1
2.18261E-2 2.55072E-2 3.35009E-2 4.35096E-2 4.10853E-2 5.13744E-2 5.42253E-2 5.65021E-2 6.11001E-2 7.91419E-2 1.29687E-1 1.201E-1 1.64341E-1 1.00951E-1 1.20043E-1 9.68636E-2 9.96763E-2 1.08443E-1 1.15965E-1 1.20321E-1 7.42268E-2 5.63726E-2 6.35985E-2 8.19524E-2 1.00354E-1 1.24473E-1 7.76497E-2 1.28665E-1 1.07941E-1 1.08411E-1 -9999 -9999 -9999 -9999 -9999 -9999 -9999 -9999 -9999 -9999 -9999 -9999 3.94283E-1 1.54928E-1 4.66348E-1 4.28114E-1 3.99166E-1 2.99301E-1 4.06433E-1 4.74524E-1 3.46437E-1 4.66036E-1 3.3939E-1 3.28821E-1 3.54448E-1 4.12049E-1 3.53634E-1 1.16982E-1 1.13687E-1 4.63009E-1
3.35708E-2 3.16613E-2 2.64439E-2 2.24412E-2 4.33579E-2 4.93928E-2 5.5321E-2 5.9723E-2 6.81425E-2 6.40645E-2 7.75183E-2 1.71904E-1 1.67585E-1 5.02187E-2 1.76788E-1 1.11969E-1 9.55712E-2 9.46331E-2 1.27486E-1 8.97166E-2 5.90612E-2 7.25734E-2 8.8364E-2 1.13071E-1 1.36539E-1 5.91116E-2 1.10144E-1 1.25555E-1 1.91074E-1 2.2004E-1 1.08161E-1 -9999 -9999 -9999 -9999 -9999 -9999 -9999 -9999 -9999 -9999 -9999 4.27623E-1 4.41221E-1 1.91088E-1 3.37765E-1 4.89915E-1 3.95611E-1 4.38363E-1 4.27211E-1 2.25126E-1 6.13182E-1 5.58991E-1 4.50128E-1 5.51872E-1 3.8184E-1 3.64726E-1 1.33678E-1 2.4332E-1 4.70941E-1
4.35251E-2 4.35113E-2 4.49135E-2 4.65687E-2 4.52639E-2 4.36775E-2 4.56825E-2 5.16377E-2 5.80642E-2 7.54972E-2 8.13943E-2 1.05054E-1 1.92202E-1 1.27945E-1 1.1578E-1 9.32191E-2 5.23753E-2 9.34835E-3 3.23575E-2 6.09669E-2 5.01079E-2 6.75068E-2 8.73429E-2 1.16449E-1 1.43795E-1 2.14058E-1 3.70186E-2 7.57088E-2 2.73811E-1 1.32407E-1 1.61368E-1 2.21996E-1 -9999 -9999 -9999 -9999 -9999 -9999 -9999 -9999 -9999 2.47187E-1 3.96285E-1 4.53966E-1 4.50923E-1 4.46987E-1 2.85079E-1 2.04184E-1 2.08689E-1 1.15334E-1 1.86672E-1 1.68594E-1 3.93017E-1 1.48636E-1 4.03775E-1 3.48244E-1 3.64748E-1 1.56146E-1 4.74881E-1 4.46453E-1
5.51486E-2 5.48181E-2 5.27344E-2 5.63526E-2 4.49876E-2 5.93704E-2 5.15713E-2 5.45213E-2 6.22271E-2 7.94258E-2 1.00847E-1 1.29967E-1 3.31887E-2 1.71894E-1 1.30185E-1 6.80204E-2 2.96029E-2 8.70282E-2 6.00247E-2 5.61906E-2 5.67674E-2 7.66367E-2 1.01492E-1 1.35572E-1 1.58443E-1 1.60426E-1 2.46898E-1 7.78236E-2 2.71749E-1 1.47302E-1 2.68501E-1 8.5199E-2 -9999 -9999 -9999 -9999 -9999 -9999 -9999 -9999 -9999 3.26996E-1 2.22895E-1 1.32659E-1 5.04858E-1 4.59031E-1 4.72855E-1 5.14888E-1 5.16947E-1 3.50348E-1 3.12421E-1 2.42905E-1 2.64221E-1 3.51619E-1 3.53632E-1 3.47896E-1 3.85257E-1 1.16174E-1 4.59288E-1 4.07777E-1
7.15751E-2 7.24865E-2 6.8229E-2 6.53901E-2 7.57589E-2 4.09669E-2 9.01204E-2 6.89432E-2 7.36853E-2 8.75918E-2 1.0861E-1 1.38256E-1 3.75975E-2 1.19229E-1 1.10921E-1 6.53434E-2 3.53349E-2 4.32456E-2 5.46562E-2 7.06408E-2 9.34059E-2 1.00928E-1 1.49701E-1 1.62767E-1 1.64135E-1 1.4593E-1 1.42102E-1 4.93573E-2 1.19645E-1 1.29231E-1 1.29459E-1 8.92215E-2 1.5992E-1 -9999 -9999 -9999 -9999 -9999 -9999 -9999 1.55377E-1 2.20645E-1 3.23716E-1 2.2202E-1 2.80393E-1 4.5082E-1 4.79657E-1 5.96533E-1 4.44279E-1 3.81876E-1 2.9837E-1 4.02453E-1 2.78252E-1 1.81489E-1 1.7383E-1 2.77637E-1 3.78316E-1 3.02819E-1 4.77492E-1 4.31681E-1
8.89695E-2 9.21327E-2 9.11427E-2 8.19324E-2 7.70377E-2 1.15867E-1 8.30594E-2 8.92814E-2 8.85939E-2 1.02686E-1 1.18097E-1 1.22199E-1 1.14108E-1 4.21527E-2 1.03773E-1 4.7766E-2 1.28498E-2 2.45462E-2 6.90542E-2 9.25779E-2 1.01901E-1 1.44265E-1 2.00288E-1 1.94791E-1 1.75787E-1 1.50707E-1 1.541E-1 4.49327E-2 1.24381E-1 1.25218E-1 2.43244E-1 1.40121E-1 1.74413E-1 -9999 -9999 -9999 -9999 -9999 -9999 7.75199E-2 1.25786E-1 2.03993E-1 2.23272E-1 3.67962E-1 1.6677E-1 3.07421E-1 1.70466E-1 5.3066E-1 9.30079E-2 1.47678E-1 3.18295E-1 4.18647E-1 3.38996E-1 2.99121E-1 4.30012E-1 4.12809E-1 1.46242E-1 1.1646E-1 1.44333E-1 4.66704E-1
7.37772E-2 4.06976E-2 5.42695E-2 1.01627E-1 1.02262E-1 1.13374E-1 9.66943E-2 1.32455E-1 1.07873E-1 1.16893E-1 8.84966E-2 4.98719E-2 3.08698E-2 4.76414E-2 9.25187E-3 3.1563E-2 6.39008E-2 3.37881E-2 9.45778E-2 1.05625E-1 1.5663E-1 1.9277E-1 1.95891E-1 1.46901E-1 1.45437E-1 1.47213E-1 1.555E-1 1.41768E-1 1.22772E-1 1.78451E-1 9.91767E-2 1.15073E-1 1.74811E-1 -9999 -9999 -9999 -9999 -9999 1.33406E-1 8.23042E-2 1.58142E-1 1.88471E-1 2.15578E-1 2.53109E-1 2.47337E-1 2.48275E-1 2.71326E-1 1.63749E-1 4.9544E-1 2.86079E-1 6.77809E-2 4.45887E-1 3.05241E-1 4.27076E-1 3.20223E-1 3.8756E-1 4.03297E-1 4.43863E-1 4.36201E-1 2.00401E-1
9.16661E-2 1.05495E-1 3.63102E-2 4.6818E-2 1.046E-1 9.12068E-2 1.63266E-1 1.8491E-1 8.45913E-2 2.71481E-2 9.03382E-2 1.30987E-1 1.33067E-1 8.26936E-2 4.84664E-2 3.78628E-2 1.54974E-2 1.00126E-1 1.26129E-1 1.59246E-1 1.87751E-1 2.23965E-1 1.71242E-1 1.45521E-1 1.64182E-1 1.59036E-1 1.65403E-1 1.50345E-1 1.33509E-1 1.98789E-1 7.72188E-2 1.37225E-1 1.5686E-1 2.26644E-1 -9999 -9999 -9999 2.6616E-1 2.31165E-1 2.006E-1 4.12333E-1 3.11379E-1 3.34847E-1 3.3061E-1 3.1225E-1 3.88556E-1 4.65849E-1 1.1386E-1 5.48969E-1 2.98731E-1 3.34433E-1 2.97341E-1 3.26273E-1 2.72215E-1 1.84789E-1 4.34785E-1 4.01299E-1 4.22548E-1 4.83456E-1 1.82524E-1
