Phytophthora/models/20240506_1155_30/Phytophthora_PA3_RUN9_MAXENT_outputs/Phytophthora_PA3_RUN9.asc
ncols         225
nrows         269
xllcorner     473009.9838
yllcorner     4429051.1748
cellsize      50.0
NODATA_value  -9999
[rows 234 to 259 of 269, columns 120 to 179 of 225]
2.82203E-1 2.787E-1 2.59704E-1 2.55037E-1 2.73088E-1 2.71117E-1 2.68431E-1 2.61386E-1 2.6753E-1 4.5328E-1 4.29039E-1 4.9622E-1 3.87879E-1 4.15942E-1 4.50857E-1 4.93105E-1 4.94703E-1 5.12062E-1 5.35244E-1 2.80584E-1 6.33636E-1 6.08826E-1 5.42314E-1 4.42806E-1 3.63511E-1 3.55561E-1 3.99493E-1 4.29218E-1 4.44643E-1 4.25589E-1 3.47353E-1 3.44609E-1 3.84697E-1 4.37246E-1 4.79943E-1 5.83933E-1 5.72511E-1 2.96029E-1 3.73048E-1 3.75371E-1 3.81794E-1 3.899E-1 2.52167E-1 3.71155E-1 1.35095E-1 3.47628E-1 2.98909E-1 2.51692E-1 2.64554E-1 2.64753E-1 3.0012E-1 3.72302E-1 4.61757E-1 5.19303E-1 4.43247E-1 5.62127E-1 5.71641E-1 5.38519E-1 5.12149E-1 4.83942E-1
3.11255E-1 3.22128E-1 3.09794E-1 2.92943E-1 3.02439E-1 2.99561E-1 3.06817E-1 3.35259E-1 3.41135E-1 4.97738E-1 5.03962E-1 5.56121E-1 4.5559E-1 3.89918E-1 4.18803E-1 4.52054E-1 4.72932E-1 4.91768E-1 5.177E-1 5.60275E-1 5.26271E-1 4.94181E-1 4.6196E-1 4.20782E-1 4.1497E-1 4.80994E-1 5.11064E-1 5.19687E-1 5.24138E-1 4.45647E-1 3.99216E-1 4.16576E-1 4.0161E-1 4.4403E-1 4.88039E-1 5.36128E-1 5.40867E-1 3.89819E-1 3.06921E-1 3.36923E-1 2.89762E-1 3.52812E-1 4.04705E-1 3.79549E-1 2.16846E-1 2.47841E-1 3.00409E-1 2.55943E-1 2.53168E-1 2.57331E-1 3.17781E-1 4.13407E-1 5.0463E-1 5.26034E-1 4.11086E-1 5.63622E-1 5.79024E-1 5.3647E-1 5.01885E-1 4.80084E-1
3.34828E-1 3.37598E-1 3.36966E-1 3.26305E-1 3.14033E-1 3.0822E-1 3.64459E-1 4.24752E-1 4.26767E-1 5.64091E-1 5.57999E-1 6.02728E-1 5.10253E-1 4.42089E-1 4.04045E-1 4.17341E-1 4.42687E-1 4.67573E-1 4.79372E-1 4.8775E-1 5.85482E-1 5.36327E-1 5.13174E-1 4.38396E-1 4.51201E-1 5.56411E-1 5.83493E-1 5.85422E-1 5.95862E-1 5.13866E-1 4.83408E-1 4.54639E-1 4.28139E-1 5.44302E-1 5.42778E-1 5.15233E-1 4.15074E-1 3.79856E-1 2.17823E-1 2.49337E-1 3.05555E-1 4.05404E-1 4.10167E-1 3.99616E-1 4.26266E-1 4.81945E-1 3.4771E-1 2.87202E-1 2.7248E-1 3.22738E-1 4.07747E-1 4.99015E-1 5.31096E-1 5.44268E-1 4.1426E-1 6.01942E-1 5.88686E-1 5.49377E-1 5.16714E-1 5.05479E-1
2.78438E-1 3.10496E-1 2.77577E-1 1.98352E-1 1.82405E-1 2.09515E-1 3.12556E-1 4.73645E-1 5.03004E-1 6.31737E-1 5.85693E-1 6.43311E-1 5.40316E-1 4.89993E-1 4.64764E-1 4.44141E-1 4.07919E-1 4.34585E-1 4.69534E-1 3.93414E-1 5.36154E-1 5.28993E-1 4.15257E-1 4.19439E-1 5.68353E-1 6.17719E-1 6.3711E-1 6.39734E-1 6.56857E-1 5.59162E-1 5.14007E-1 4.67601E-1 5.08736E-1 5.73747E-1 5.37051E-1 5.13915E-1 3.5659E-1 3.45774E-1 3.72821E-1 3.98128E-1 3.27011E-1 4.28838E-1 4.36319E-1 4.22297E-1 4.5671E-1 3.26817E-1 3.56661E-1 2.88837E-1 2.93718E-1 3.9061E-1 4.74328E-1 5.69183E-1 6.12592E-1 6.18372E-1 6.12658E-1 5.56807E-1 5.93525E-1 5.81003E-1 5.50711E-1 5.18375E-1
5.21632E-1 5.0497E-1 3.82021E-1 3.30869E-1 3.42515E-1 3.58973E-1 4.001E-1 3.43457E-1 3.8669E-1 6.16768E-1 5.91001E-1 6.92146E-1 5.99002E-1 5.58173E-1 5.39045E-1 5.16444E-1 4.82347E-1 4.39803E-1 4.30017E-1 4.28497E-1 4.4952E-1 4.05653E-1 3.65363E-1 4.46863E-1 6.05044E-1 6.50234E-1 6.65358E-1 6.83686E-1 6.96406E-1 5.91584E-1 5.31542E-1 5.06315E-1 6.33669E-1 5.84727E-1 4.91642E-1 2.60548E-1 3.44125E-1 2.47999E-1 3.8317E-1 4.06967E-1 4.18352E-1 4.19486E-1 4.25352E-1 3.89315E-1 1.85706E-1 3.1027E-1 2.92943E-1 2.84433E-1 3.63702E-1 4.83605E-1 5.99191E-1 6.43074E-1 4.90495E-1 5.1909E-1 5.99841E-1 5.25011E-1 5.9183E-1 6.06293E-1 5.78061E-1 5.26872E-1
4.27905E-1 3.7791E-1 3.21674E-1 3.34069E-1 3.67415E-1 3.84279E-1 3.4528E-1 4.91987E-1 5.19615E-1 6.05378E-1 4.71265E-1 6.68966E-1 6.21225E-1 6.11496E-1 5.93413E-1 5.7217E-1 5.46604E-1 5.03944E-1 4.55286E-1 3.93477E-1 3.63815E-1 3.22946E-1 3.87562E-1 4.72604E-1 6.17494E-1 6.63223E-1 6.69416E-1 7.0557E-1 6.35952E-1 5.59984E-1 5.28333E-1 5.69223E-1 4.48262E-1 5.15087E-1 4.6331E-1 4.00785E-1 2.76174E-1 3.21563E-1 3.884E-1 3.96077E-1 4.27257E-1 4.20617E-1 3.99403E-1 2.86382E-1 2.966E-1 3.17272E-1 3.24454E-1 3.92784E-1 4.75119E-1 5.38309E-1 5.76546E-1 5.81395E-1 4.1555E-1 5.72803E-1 3.58933E-1 5.18898E-1 6.12217E-1 6.21243E-1 5.98891E-1 5.50516E-1
4.22344E-1 3.77154E-1 3.52023E-1 4.02119E-1 4.24368E-1 4.10022E-1 3.10181E-1 5.05474E-1 6.28804E-1 6.11254E-1 6.64179E-1 6.16649E-1 5.44526E-1 6.3628E-1 6.10572E-1 5.87325E-1 5.55243E-1 5.06488E-1 4.73258E-1 4.44961E-1 3.34909E-1 3.26637E-1 4.1648E-1 5.57222E-1 6.07569E-1 6.41375E-1 6.80942E-1 6.77433E-1 5.58256E-1 4.13017E-1 4.05256E-1 6.01904E-1 6.3323E-1 6.62732E-1 4.89545E-1 4.61658E-1 4.49937E-1 3.22606E-1 4.21049E-1 4.11046E-1 4.2873E-1 4.15405E-1 3.82944E-1 1.87326E-1 3.0447E-1 3.32616E-1 3.54782E-1 4.26284E-1 5.01394E-1 5.45785E-1 4.89141E-1 5.12755E-1 3.55895E-1 4.91661E-1 4.78342E-1 5.54195E-1 6.04655E-1 6.21342E-1 6.0137E-1 5.58493E-1
4.98629E-1 4.79508E-1 4.85386E-1 5.01766E-1 4.71991E-1 3.28857E-1 4.24519E-1 4.82955E-1 6.17699E-1 5.77376E-1 7.07748E-1 6.81005E-1 6.71082E-1 6.47976E-1 6.22576E-1 5.91015E-1 5.50203E-1 4.93618E-1 4.42741E-1 4.37508E-1 2.02981E-1 3.52737E-1 4.51904E-1 5.1761E-1 5.40545E-1 6.17262E-1 6.74335E-1 5.50468E-1 5.58224E-1 4.61825E-1 4.56404E-1 6.77811E-1 6.43522E-1 6.82804E-1 5.41179E-1 5.08391E-1 5.19552E-1 4.27046E-1 4.68055E-1 4.27959E-1 3.881E-1 3.73606E-1 3.18805E-1 1.66909E-1 3.29763E-1 2.66665E-1 3.5312E-1 4.50973E-1 4.69765E-1 4.58541E-1 4.63569E-1 3.19465E-1 4.3201E-1 4.68951E-1 5.03999E-1 5.39853E-1 5.88389E-1 5.99015E-1 5.46915E-1 5.02103E-1
5.67502E-1 5.65766E-1 6.1164E-1 5.67634E-1 3.93566E-1 4.69148E-1 4.48779E-1 4.76475E-1 6.12804E-1 5.34314E-1 7.17942E-1 6.93542E-1 6.9865E-1 6.69733E-1 6.42113E-1 6.04563E-1 5.51733E-1 4.87402E-1 4.11448E-1 4.20577E-1 2.50928E-1 3.42316E-1 4.05286E-1 4.33964E-1 5.34125E-1 6.03624E-1 4.73669E-1 5.45043E-1 5.88513E-1 5.99311E-1 5.1028E-1 5.51515E-1 5.43549E-1 5.32371E-1 5.69888E-1 5.58299E-1 5.80783E-1 5.74629E-1 5.24442E-1 4.60206E-1 3.84628E-1 3.10914E-1 2.55536E-1 1.85047E-1 2.63694E-1 1.95223E-1 2.97017E-1 3.65153E-1 4.06695E-1 4.25522E-1 4.24705E-1 4.3488E-1 2.92067E-1 4.92054E-1 5.21368E-1 5.29528E-1 5.59925E-1 5.12627E-1 4.81503E-1 4.27542E-1
4.58083E-1 5.29339E-1 5.80169E-1 5.16346E-1 3.9433E-1 4.49817E-1 4.343E-1 4.25695E-1 6.14642E-1 4.67664E-1 6.86346E-1 6.50854E-1 6.61011E-1 6.40947E-1 6.1395E-1 5.81611E-1 5.34769E-1 4.74485E-1 3.85933E-1 3.89705E-1 1.87674E-1 2.85091E-1 1.88311E-1 4.24706E-1 5.05804E-1 3.90493E-1 4.55496E-1 5.46508E-1 5.93996E-1 6.00538E-1 5.57273E-1 6.21614E-1 6.51711E-1 6.98565E-1 5.67862E-1 5.51258E-1 5.41724E-1 5.5336E-1 5.09381E-1 4.45447E-1 3.68296E-1 2.68085E-1 1.85053E-1 1.59227E-1 2.21841E-1 1.85299E-1 2.87109E-1 4.16845E-1 4.53486E-1 3.61714E-1 3.80283E-1 4.7908E-1 4.72185E-1 5.08988E-1 5.37037E-1 5.41801E-1 5.2717E-1 4.1253E-1 4.09727E-1 3.12087E-1
4.7454E-1 5.24255E-1 5.46146E-1 4.85514E-1 3.24182E-1 4.43792E-1 4.3759E-1 4.25067E-1 6.09013E-1 3.91005E-1 6.40827E-1 5.63395E-1 5.96549E-1 6.01977E-1 5.80251E-1 5.44495E-1 4.94611E-1 4.39051E-1 3.72688E-1 3.44127E-1 5.6266E-2 8.83474E-2 2.99783E-1 2.81163E-1 2.9582E-1 3.69187E-1 4.63036E-1 5.79465E-1 6.0301E-1 5.6198E-1 5.24832E-1 5.69535E-1 6.16848E-1 6.84903E-1 5.51899E-1 5.23319E-1 5.00126E-1 5.18314E-1 4.94894E-1 4.45414E-1 3.7219E-1 2.72469E-1 1.83098E-1 2.62729E-1 3.02502E-1 2.87739E-1 2.66425E-1 3.18713E-1 3.84485E-1 4.05512E-1 5.10397E-1 5.43046E-1 5.44708E-1 5.64133E-1 5.66419E-1 5.15988E-1 4.81921E-1 3.6795E-1 3.18765E-1 1.68822E-1
4.33049E-1 4.96297E-1 5.10809E-1 4.63098E-1 3.2753E-1 4.36473E-1 4.30642E-1 4.1768E-1 4.90567E-1 3.03554E-1 5.78432E-1 4.96442E-1 5.37175E-1 5.41499E-1 5.27147E-1 4.88524E-1 4.3334E-1 3.65426E-1 2.89637E-1 1.54227E-1 1.6303E-1 1.9044E-1 1.59556E-1 1.92168E-1 2.62589E-1 3.50593E-1 4.87602E-1 5.64765E-1 5.38226E-1 5.03142E-1 4.81928E-1 4.90386E-1 6.0126E-1 6.39563E-1 5.16087E-1 4.79495E-1 4.60958E-1 4.61694E-1 4.38163E-1 4.0118E-1 3.47282E-1 3.40635E-1 3.13471E-1 1.13766E-1 3.65181E-1 3.46506E-1 3.05526E-1 2.64069E-1 2.98602E-1 3.88397E-1 4.4383E-1 4.87604E-1 4.62356E-1 4.95869E-1 4.7021E-1 4.37402E-1 4.21865E-1 3.48458E-1 3.04259E-1 1.95888E-1
3.96951E-1 4.90355E-1 4.99631E-1 4.39987E-1 4.21459E-1 4.26612E-1 4.27431E-1 4.29667E-1 4.90461E-1 2.44264E-1 5.42918E-1 4.23342E-1 4.6498E-1 4.64592E-1 4.63109E-1 4.40809E-1 3.87827E-1 3.41076E-1 2.68144E-1 7.47524E-2 6.83541E-2 8.44449E-2 1.08418E-1 1.66882E-1 2.55062E-1 3.60565E-1 4.94588E-1 5.03148E-1 4.64667E-1 4.45943E-1 4.2531E-1 4.32751E-1 5.70265E-1 5.55585E-1 4.75524E-1 4.16156E-1 3.98626E-1 3.76459E-1 4.02778E-1 4.26343E-1 3.71848E-1 3.61271E-1 4.11526E-1 3.15492E-1 3.27901E-1 4.20277E-1 2.25932E-1 1.6817E-1 1.93692E-1 2.84383E-1 2.9778E-1 3.26671E-1 3.60201E-1 3.82495E-1 3.77807E-1 3.65908E-1 3.54429E-1 2.76552E-1 2.58257E-1 2.36009E-1
3.89005E-1 4.77109E-1 5.20492E-1 4.32638E-1 4.06695E-1 3.98492E-1 4.03573E-1 4.17786E-1 5.81816E-1 2.17541E-1 5.39529E-1 3.40665E-1 3.75668E-1 3.74875E-1 3.65509E-1 3.52671E-1 3.13541E-1 2.63844E-1 2.20334E-1 4.67284E-2 6.07265E-2 6.82002E-2 9.09588E-2 1.43933E-1 2.34337E-1 3.50203E-1 4.12893E-1 3.90391E-1 3.92477E-1 3.73253E-1 3.61155E-1 3.63237E-1 5.21248E-1 4.59752E-1 4.23151E-1 3.41283E-1 4.12598E-1 4.15708E-1 4.01438E-1 4.2137E-1 3.92853E-1 3.42417E-1 3.61578E-1 4.28332E-1 4.75839E-1 4.22795E-1 2.49084E-1 1.94054E-1 1.55857E-1 1.71546E-1 2.30488E-1 2.95549E-1 3.19472E-1 3.36419E-1 3.37806E-1 3.22196E-1 3.13435E-1 2.37599E-1 2.07041E-1 1.73699E-1
4.60901E-1 5.19657E-1 5.36863E-1 3.63225E-1 3.40992E-1 3.54951E-1 3.49969E-1 3.60969E-1 4.9289E-1 1.55175E-1 4.98085E-1 3.16629E-1 2.98216E-1 3.10477E-1 3.06355E-1 2.93046E-1 2.68307E-1 2.19093E-1 1.76131E-1 4.82649E-2 6.26969E-2 6.17468E-2 7.90151E-2 1.26659E-1 2.49511E-1 3.51376E-1 3.58678E-1 3.6666E-1 3.51339E-1 3.28129E-1 3.17826E-1 3.18559E-1 4.70701E-1 3.98189E-1 3.9212E-1 3.64525E-1 4.22625E-1 4.49433E-1 4.1452E-1 4.26487E-1 3.9899E-1 3.64697E-1 3.67106E-1 4.26137E-1 3.84984E-1 2.86272E-1 2.50438E-1 1.99758E-1 1.87636E-1 1.81958E-1 2.45102E-1 2.69877E-1 2.54331E-1 2.69782E-1 2.66379E-1 2.58286E-1 2.78503E-1 2.48708E-1 1.95061E-1 1.89945E-1
6.13542E-1 5.56224E-1 4.1073E-1 2.88902E-1 3.16384E-1 3.23138E-1 3.09481E-1 3.59252E-1 3.20408E-1 1.91072E-1 3.58071E-1 2.78869E-1 2.48529E-1 2.28504E-1 2.25112E-1 2.13972E-1 1.94599E-1 1.62752E-1 1.15672E-1 1.02884E-1 5.20123E-2 4.70945E-2 6.67213E-2 1.19102E-1 2.37089E-1 2.95991E-1 2.83189E-1 3.20693E-1 3.03177E-1 2.79437E-1 2.6724E-1 2.79848E-1 3.78613E-1 4.22977E-1 4.09662E-1 3.89184E-1 4.18634E-1 4.44884E-1 3.98783E-1 3.97851E-1 3.6231E-1 3.57918E-1 3.80331E-1 4.03926E-1 4.79182E-1 4.23698E-1 2.83457E-1 2.28886E-1 2.27431E-1 2.38901E-1 2.23977E-1 2.00234E-1 1.88547E-1 2.0406E-1 2.08133E-1 2.07727E-1 2.06684E-1 1.771E-1 1.35745E-1 -9999
6.42683E-1 5.55248E-1 3.75916E-1 3.10664E-1 3.05493E-1 2.80791E-1 2.69833E-1 3.90422E-1 4.3789E-2 3.13265E-1 2.56484E-1 2.43256E-1 2.2134E-1 1.61498E-1 1.57374E-1 1.52029E-1 1.29664E-1 1.05578E-1 8.15744E-2 5.55004E-2 8.26917E-3 4.11109E-2 6.42726E-2 1.23441E-1 1.91949E-1 2.19752E-1 2.42254E-1 2.87476E-1 2.46846E-1 2.33011E-1 2.22794E-1 3.1184E-1 3.24415E-1 5.00405E-1 3.90279E-1 3.88262E-1 3.96646E-1 4.27572E-1 3.80356E-1 2.69986E-1 3.69999E-1 3.46481E-1 3.53756E-1 2.91051E-1 3.62489E-1 3.25838E-1 2.53201E-1 2.37982E-1 2.38798E-1 2.53952E-1 -9999 -9999 -9999 1.48685E-1 1.5702E-1 1.45242E-1 1.36914E-1 1.17254E-1 -9999 -9999
6.44799E-1 4.73788E-1 4.0997E-1 3.53796E-1 3.43819E-1 3.1418E-1 4.41881E-1 5.89818E-2 2.05651E-1 1.96091E-1 1.94072E-1 1.99815E-1 1.89292E-1 1.35157E-1 1.00823E-1 9.86912E-2 8.25818E-2 6.20567E-2 4.46241E-2 3.81823E-2 1.46787E-2 3.49861E-2 4.77508E-2 8.93401E-2 1.47316E-1 1.58067E-1 1.84684E-1 2.22845E-1 1.96244E-1 1.84771E-1 1.90982E-1 3.84007E-1 3.09902E-1 5.24871E-1 3.80339E-1 3.71877E-1 3.73074E-1 3.97319E-1 3.40873E-1 3.02179E-1 3.63677E-1 -9999 -9999 -9999 -9999 -9999 -9999 -9999 -9999 -9999 -9999 -9999 -9999 -9999 -9999 9.33646E-2 8.29597E-2 -9999 -9999 -9999
5.06085E-1 4.54394E-1 4.40141E-1 3.74945E-1 3.67155E-1 3.39668E-1 1.76739E-1 1.64813E-1 2.46932E-1 2.06801E-1 2.2886E-1 2.53334E-1 2.42033E-1 1.67005E-1 1.07745E-1 7.00758E-2 5.0312E-2 3.97818E-2 2.37823E-2 1.74092E-2 -9999 2.2378E-2 3.29693E-2 6.22229E-2 1.06122E-1 1.10773E-1 1.33522E-1 -9999 -9999 -9999 -9999 -9999 -9999 -9999 -9999 -9999 -9999 -9999 -9999 -9999 -9999 -9999 -9999 -9999 -9999 -9999 -9999 -9999 -9999 -9999 -9999 -9999 -9999 -9999 -9999 -9999 -9999 -9999 -9999 -9999
5.44287E-1 4.05136E-1 4.25825E-1 4.14094E-1 4.07384E-1 5.44755E-1 7.99241E-2 4.44291E-1 2.933E-1 2.49584E-1 2.29184E-1 2.50724E-1 2.25633E-1 1.53366E-1 9.8325E-2 6.14766E-2 3.78543E-2 -9999 -9999 -9999 -9999 -9999 -9999 -9999 -9999 -9999 -9999 -9999 -9999 -9999 -9999 -9999 -9999 -9999 -9999 -9999 -9999 -9999 -9999 -9999 -9999 -9999 -9999 -9999 -9999 -9999 -9999 -9999 -9999 -9999 -9999 -9999 -9999 -9999 -9999 -9999 -9999 -9999 -9999 -9999
2.2095E-1 5.01996E-1 3.78202E-1 4.76483E-1 3.83622E-1 1.24273E-1 3.46211E-1 3.83774E-1 3.34783E-1 2.84886E-1 2.3936E-1 2.34829E-1 1.87117E-1 1.27483E-1 8.40044E-2 -9999 -9999 -9999 -9999 -9999 -9999 -9999 -9999 -9999 -9999 -9999 -9999 -9999 -9999 -9999 -9999 -9999 -9999 -9999 -9999 -9999 -9999 -9999 -9999 -9999 -9999 -9999 -9999 -9999 -9999 -9999 -9999 -9999 -9999 -9999 -9999 -9999 -9999 -9999 -9999 -9999 -9999 -9999 -9999 -9999
6.25214E-2 5.55461E-2 3.32228E-2 1.09057E-1 6.94337E-2 4.14897E-1 5.24799E-1 4.24997E-1 3.87864E-1 3.34938E-1 2.64495E-1 2.18024E-1 1.56178E-1 9.88914E-2 6.05087E-2 -9999 -9999 -9999 -9999 -9999 -9999 -9999 -9999 -9999 -9999 -9999 -9999 -9999 -9999 -9999 -9999 -9999 -9999 -9999 -9999 -9999 -9999 -9999 -9999 -9999 -9999 -9999 -9999 -9999 -9999 -9999 -9999 -9999 -9999 -9999 -9999 -9999 -9999 -9999 -9999 -9999 -9999 -9999 -9999 -9999
5.21571E-1 4.91047E-1 3.06587E-1 1.28684E-1 5.12998E-1 4.23493E-1 4.02127E-1 3.99105E-1 -9999 3.32567E-1 2.55019E-1 2.40513E-1 1.50492E-1 -9999 -9999 -9999 -9999 -9999 -9999 -9999 -9999 -9999 -9999 -9999 -9999 -9999 -9999 -9999 -9999 -9999 -9999 -9999 -9999 -9999 -9999 -9999 -9999 -9999 -9999 -9999 -9999 -9999 -9999 -9999 -9999 -9999 -9999 -9999 -9999 -9999 -9999 -9999 -9999 -9999 -9999 -9999 -9999 -9999 -9999 -9999
-9999 -9999 -9999 -9999 -9999 -9999 -9999 -9999 -9999 -9999 -9999 -9999 -9999 -9999 -9999 -9999 -9999 -9999 -9999 -9999 -9999 -9999 -9999 -9999 -9999 -9999 -9999 -9999 -9999 -9999 -9999 -9999 -9999 -9999 -9999 -9999 -9999 -9999 -9999 -9999 -9999 -9999 -9999 -9999 -9999 -9999 -9999 -9999 -9999 -9999 -9999 -9999 -9999 -9999 -9999 -9999 -9999 -9999 -9999 -9999
-9999 -9999 -9999 -9999 -9999 -9999 -9999 -9999 -9999 -9999 -9999 -9999 -9999 -9999 -9999 -9999 -9999 -9999 -9999 -9999 -9999 -9999 -9999 -9999 -9999 -9999 -9999 -9999 -9999 -9999 -9999 -9999 -9999 -9999 -9999 -9999 -9999 -9999 -9999 -9999 -9999 -9999 -9999 -9999 -9999 -9999 -9999 -9999 -9999 -9999 -9999 -9999 -9999 -9999 -9999 -9999 -9999 -9999 -9999 -9999
-9999 -9999 -9999 -9999 -9999 -9999 -9999 -9999 -9999 -9999 -9999 -9999 -9999 -9999 -9999 -9999 -9999 -9999 -9999 -9999 -9999 -9999 -9999 -9999 -9999 -9999 -9999 -9999 -9999 -9999 -9999 -9999 -9999 -9999 -9999 -9999 -9999 -9999 -9999 -9999 -9999 -9999 -9999 -9999 -9999 -9999 -9999 -9999 -9999 -9999 -9999 -9999 -9999 -9999 -9999 -9999 -9999 -9999 -9999 -9999
