Phytophthora/models/20240506_1155_30/Phytophthora_PA3_RUN9_MAXENT_outputs/Phytophthora_PA3_RUN9.asc
ncols         225
nrows         269
xllcorner     473009.9838
yllcorner     4429051.1748
cellsize      50.0
NODATA_value  -9999
[rows 104 to 129 of 269, columns 60 to 119 of 225]
6.53436E-2 8.736E-2 9.14989E-2 7.25592E-2 6.04206E-2 8.68796E-2 1.04415E-1 2.99587E-2 1.64766E-1 1.07767E-1 1.02261E-1 9.45532E-2 9.42402E-2 9.55444E-2 6.86014E-2 7.68806E-2 9.6833E-2 8.63346E-2 3.69535E-2 2.71331E-1 2.91815E-1 2.87634E-1 2.19174E-1 1.51072E-1 1.5862E-1 1.53766E-1 1.5036E-1 1.42278E-1 1.45706E-1 1.3608E-1 1.32648E-1 1.66054E-1 1.85414E-1 1.49669E-1 1.23998E-1 -9999 1.90534E-1 1.9386E-1 2.74456E-1 3.01458E-1 2.43857E-1 2.77074E-1 3.65393E-1 2.78973E-1 5.8272E-1 4.89706E-1 6.5955E-1 4.27393E-1 4.26671E-1 4.2782E-1 4.17285E-1 4.13606E-1 4.07829E-1 2.44764E-1 4.5552E-1 2.79612E-1 2.78946E-1 4.15565E-1 4.97374E-1 3.40026E-1
5.97154E-2 8.55934E-2 1.29215E-1 1.02488E-1 8.14651E-2 8.63495E-2 5.2495E-2 8.46928E-2 1.82181E-1 9.75962E-2 8.92906E-2 8.51729E-2 8.42188E-2 8.44704E-2 7.39562E-2 8.74891E-2 1.00082E-1 1.37116E-1 1.94277E-1 1.30044E-1 3.13288E-1 2.55188E-1 1.73088E-1 1.29113E-1 1.20119E-1 1.21332E-1 1.261E-1 1.32558E-1 1.40692E-1 1.65702E-1 1.97283E-1 1.06742E-1 8.28622E-2 1.31995E-1 1.40787E-1 1.60371E-1 2.11183E-1 2.57932E-1 1.846E-1 3.18852E-1 4.21638E-1 4.45188E-1 4.59929E-1 6.10069E-1 3.96011E-1 6.64063E-1 4.36898E-1 4.18913E-1 4.47632E-1 4.06812E-1 4.18755E-1 4.16762E-1 4.41966E-1 3.79466E-1 4.32953E-1 3.76606E-1 4.23779E-1 4.31045E-1 3.80591E-1 3.7361E-1
6.18205E-2 7.35854E-2 1.20569E-1 1.40138E-1 1.46198E-1 7.609E-2 1.10094E-1 9.03881E-2 1.50644E-1 8.55722E-2 8.06179E-2 8.2213E-2 7.44356E-2 7.52062E-2 8.21321E-2 1.0429E-1 1.22353E-1 1.43594E-1 2.78309E-1 2.34969E-1 2.96373E-1 1.79528E-1 1.45931E-1 1.23198E-1 1.23512E-1 1.236E-1 1.15791E-1 1.76138E-1 1.73683E-1 1.36088E-1 2.04173E-1 1.15787E-1 1.03652E-1 1.45945E-1 1.4577E-1 2.1448E-1 3.02887E-1 3.73204E-1 4.13793E-1 4.50307E-1 3.47797E-1 5.14215E-1 5.38593E-1 6.37946E-1 4.3445E-1 2.4661E-1 3.56649E-1 3.57187E-1 4.84255E-1 3.61915E-1 3.84008E-1 3.75233E-1 4.08106E-1 5.02642E-1 1.93912E-1 2.59318E-1 3.74412E-1 5.38702E-1 3.97659E-1 2.22367E-1
6.53772E-2 5.98468E-2 5.3727E-2 1.04097E-1 1.32909E-1 1.33697E-1 1.75794E-1 1.12542E-1 9.13703E-2 7.91305E-2 7.17776E-2 7.36459E-2 6.07886E-2 6.61619E-2 7.55957E-2 1.03842E-1 1.39936E-1 1.73811E-1 1.99873E-1 2.01359E-1 1.92196E-1 1.57869E-1 1.31326E-1 1.44196E-1 1.80558E-1 1.96153E-1 1.89501E-1 2.28472E-1 1.90596E-1 1.89059E-1 2.33576E-1 1.63817E-1 1.60594E-1 2.05261E-1 2.0688E-1 2.85666E-1 3.75358E-1 4.39525E-1 4.61114E-1 5.12059E-1 5.56693E-1 4.41121E-1 5.44042E-1 6.1257E-1 4.03771E-1 3.79778E-1 2.07559E-1 3.58314E-1 3.67606E-1 3.63493E-1 3.98197E-1 4.04064E-1 4.51977E-1 4.79499E-1 4.88385E-1 3.47044E-1 1.46824E-1 3.4864E-1 3.69812E-1 3.83152E-1
5.69743E-2 4.24631E-2 3.47237E-2 5.58937E-2 4.96176E-2 1.43791E-1 1.73329E-1 1.67278E-1 1.52445E-1 8.58099E-2 7.54163E-2 7.81386E-2 6.62418E-2 6.7916E-2 7.83125E-2 9.7349E-2 1.17513E-1 1.45528E-1 1.85616E-1 2.92713E-1 1.58227E-1 1.4277E-1 1.63733E-1 2.01315E-1 2.26876E-1 2.04244E-1 2.21843E-1 2.48713E-1 2.50953E-1 2.50869E-1 2.45011E-1 2.05376E-1 2.28432E-1 2.49984E-1 2.52827E-1 2.71301E-1 3.44905E-1 4.04145E-1 4.47024E-1 5.16255E-1 6.11171E-1 6.37097E-1 3.85633E-1 3.53223E-1 4.40757E-1 3.72205E-1 2.9978E-1 3.09725E-1 3.00796E-1 3.33261E-1 3.23087E-1 2.97355E-1 3.50084E-1 3.60229E-1 3.99951E-1 3.4245E-1 4.35921E-1 3.76633E-1 1.70029E-1 4.57873E-1
5.81705E-2 6.47876E-2 3.3181E-2 5.40686E-2 7.59986E-2 9.53057E-2 1.12733E-1 1.56486E-1 6.18231E-2 1.48204E-1 9.64063E-2 9.54819E-2 8.43269E-2 8.71099E-2 9.61029E-2 1.11029E-1 1.29108E-1 1.36438E-1 7.26088E-2 1.76807E-1 1.44197E-1 1.7353E-1 2.01413E-1 2.21545E-1 2.15918E-1 2.21459E-1 2.3793E-1 2.59897E-1 2.65312E-1 2.64804E-1 2.64255E-1 2.53964E-1 2.77741E-1 2.83718E-1 2.876E-1 2.9279E-1 3.50774E-1 4.02699E-1 4.26218E-1 4.80028E-1 5.36883E-1 5.44264E-1 3.65474E-1 2.7068E-1 4.02309E-1 3.64242E-1 3.11383E-1 4.51516E-1 4.60025E-1 4.5919E-1 4.45269E-1 4.59891E-1 4.81485E-1 4.31682E-1 3.24057E-1 2.11443E-1 2.26197E-1 2.65274E-1 3.89195E-1 1.43967E-1
6.05594E-2 6.59573E-2 5.31723E-2 6.16884E-2 8.23078E-2 8.99121E-2 9.21414E-2 1.33705E-1 4.32239E-2 1.73805E-1 1.15975E-1 1.08926E-1 9.66965E-2 1.04013E-1 1.17974E-1 1.25013E-1 1.37745E-1 1.44017E-1 1.2786E-1 1.55032E-1 1.68345E-1 2.03465E-1 2.13235E-1 2.16114E-1 2.18079E-1 2.51384E-1 2.5235E-1 2.60256E-1 2.73761E-1 2.83801E-1 2.8164E-1 2.80563E-1 2.96392E-1 3.08411E-1 3.14044E-1 3.14308E-1 2.74295E-1 3.36297E-1 3.65627E-1 4.17007E-1 4.16188E-1 3.37853E-1 3.81976E-1 4.81634E-1 2.73109E-1 3.64394E-1 4.04127E-1 4.52946E-1 4.53943E-1 4.68378E-1 4.58994E-1 4.50736E-1 4.26084E-1 3.79012E-1 3.45907E-1 3.47408E-1 3.54591E-1 4.09995E-1 3.97868E-1 2.41009E-1
6.48746E-2 5.50371E-2 4.98442E-2 7.79356E-2 8.20295E-2 8.50567E-2 9.36099E-2 1.19206E-1 1.9088E-1 1.87753E-1 1.45836E-1 1.15781E-1 1.0886E-1 1.13976E-1 1.2997E-1 1.33683E-1 1.3561E-1 8.07701E-2 1.82662E-1 1.73772E-1 1.78621E-1 1.96886E-1 2.08855E-1 1.75501E-1 1.5921E-1 1.58507E-1 1.22803E-1 1.8804E-1 2.06499E-1 2.30248E-1 1.7903E-1 1.79556E-1 2.71199E-1 3.2323E-1 3.16948E-1 3.23736E-1 3.51076E-1 3.7326E-1 3.86851E-1 2.83408E-1 1.86248E-1 2.67394E-1 4.6468E-1 4.94834E-1 2.55155E-1 3.29082E-1 3.74055E-1 4.22278E-1 4.68283E-1 5.06967E-1 4.49282E-1 4.05133E-1 4.18748E-1 4.0533E-1 3.95755E-1 3.81045E-1 3.77503E-1 4.1231E-1 4.51952E-1 4.41031E-1
6.17886E-2 4.0448E-2 7.10934E-2 7.85733E-2 7.82883E-2 7.83583E-2 1.00046E-1 1.28099E-1 1.93548E-1 9.65032E-2 1.71455E-1 9.2448E-2 1.09378E-1 1.11823E-1 1.22462E-1 1.0066E-1 8.36631E-2 7.48693E-2 1.4807E-1 1.65542E-1 1.76741E-1 1.98542E-1 1.40662E-1 2.37123E-1 2.30345E-1 2.23533E-1 2.44906E-1 3.21202E-1 2.94051E-1 2.50066E-1 2.5022E-1 2.81174E-1 2.63671E-1 2.58222E-1 3.13085E-1 3.30512E-1 3.57929E-1 3.66133E-1 2.96651E-1 2.58013E-1 2.16154E-1 2.33641E-1 2.81602E-1 2.96688E-1 3.91028E-1 4.1704E-1 3.85484E-1 3.29554E-1 2.31684E-1 3.30312E-1 3.24878E-1 3.66153E-1 4.1794E-1 4.01437E-1 4.55563E-1 4.08335E-1 3.70595E-1 3.79978E-1 4.17645E-1 3.62263E-1
6.23775E-2 8.55919E-2 9.33455E-2 9.58066E-2 9.45728E-2 1.09462E-1 1.18889E-1 1.23433E-1 7.41435E-2 1.33444E-1 1.74643E-1 1.21914E-1 1.23231E-1 1.33965E-1 1.46106E-1 1.86655E-1 2.31965E-1 1.45284E-1 1.82332E-1 1.39259E-1 1.26806E-1 1.22434E-1 1.81113E-1 2.49052E-1 2.4289E-1 2.81538E-1 3.71564E-1 3.4991E-1 2.4526E-1 2.1468E-1 2.53074E-1 2.91796E-1 3.08638E-1 3.41579E-1 2.25777E-1 2.30309E-1 2.34383E-1 2.01662E-1 3.00796E-1 3.01811E-1 2.94261E-1 3.17161E-1 3.43415E-1 4.32614E-1 3.725E-1 3.20685E-1 1.73195E-1 3.85505E-1 2.50494E-1 1.61224E-1 2.01412E-1 4.0677E-1 3.73763E-1 5.02743E-1 5.1484E-1 5.02044E-1 4.77361E-1 4.92944E-1 4.51853E-1 4.51534E-1
5.95014E-2 1.11659E-1 1.16049E-1 1.15724E-1 1.27139E-1 1.46175E-1 1.38394E-1 9.89801E-2 1.2095E-1 1.48462E-1 8.26176E-2 1.58493E-1 1.59122E-1 1.58497E-1 1.7552E-1 2.82103E-1 1.0965E-1 2.01054E-1 1.54802E-1 1.91415E-1 2.13468E-1 2.25595E-1 2.37473E-1 2.63848E-1 2.9505E-1 3.87143E-1 3.5349E-1 2.50257E-1 2.13594E-1 2.12811E-1 2.48668E-1 3.05018E-1 3.51338E-1 3.87956E-1 3.94498E-1 2.62625E-1 4.12313E-1 4.27018E-1 4.19164E-1 3.99656E-1 3.45351E-1 2.9373E-1 3.26033E-1 2.77309E-1 3.93998E-1 2.85365E-1 1.98136E-1 3.00508E-1 1.22895E-1 2.29695E-1 2.68305E-1 4.27605E-1 3.85788E-1 5.92369E-1 5.56758E-1 5.2563E-1 5.39768E-1 5.29943E-1 4.71273E-1 4.42119E-1
1.393E-1 1.44086E-1 1.46364E-1 1.6575E-1 1.78792E-1 1.9378E-1 1.70539E-1 9.9032E-2 1.5503E-1 1.58053E-1 1.80462E-1 1.88178E-1 2.0208E-1 1.96748E-1 2.01323E-1 3.06033E-1 2.722E-1 1.77328E-1 1.87711E-1 2.01545E-1 2.14567E-1 2.36604E-1 2.63707E-1 3.24759E-1 3.99254E-1 3.42339E-1 2.36933E-1 2.24704E-1 2.11152E-1 2.28954E-1 2.5467E-1 2.94298E-1 3.79185E-1 4.20243E-1 4.31763E-1 4.40481E-1 3.40489E-1 3.43742E-1 3.89256E-1 4.26134E-1 4.1048E-1 3.87413E-1 2.63874E-1 3.71149E-1 3.67072E-1 3.18014E-1 2.56716E-1 1.50904E-1 1.90873E-1 1.22604E-1 3.46637E-1 4.31725E-1 4.38493E-1 4.36138E-1 3.38342E-1 3.36637E-1 3.97785E-1 4.02662E-1 3.75741E-1 2.40947E-1
1.66922E-1 1.83801E-1 2.0145E-1 2.15198E-1 2.14618E-1 1.97683E-1 1.31768E-1 2.05458E-1 2.16702E-1 2.12243E-1 2.3675E-1 1.02809E-1 2.83871E-1 2.49641E-1 2.50795E-1 3.10038E-1 3.42411E-1 1.79636E-1 2.08933E-1 2.25423E-1 2.29965E-1 2.52004E-1 3.09855E-1 3.92838E-1 3.41408E-1 2.14861E-1 1.96365E-1 1.84785E-1 2.00018E-1 2.24364E-1 2.60018E-1 3.15222E-1 3.93765E-1 4.28273E-1 4.76178E-1 5.02998E-1 3.56541E-1 5.18472E-1 4.86752E-1 2.69577E-1 2.79582E-1 2.52186E-1 2.9316E-1 3.56621E-1 3.706E-1 3.24081E-1 2.65472E-1 2.18327E-1 2.75366E-1 2.18535E-1 1.92608E-1 3.37067E-1 3.60476E-1 3.39284E-1 3.30112E-1 3.67805E-1 3.80298E-1 3.8278E-1 2.45223E-1 4.31317E-1
1.90221E-1 2.08079E-1 2.00176E-1 1.71859E-1 1.66859E-1 2.37121E-1 2.43136E-1 2.55496E-1 2.59114E-1 2.56078E-1 2.99675E-1 3.73054E-1 4.25322E-1 2.48167E-1 3.34564E-1 2.26856E-1 2.60868E-1 2.36605E-1 2.41743E-1 2.30083E-1 2.2837E-1 2.45958E-1 3.60441E-1 3.67017E-1 2.2548E-1 2.09061E-1 1.687E-1 1.7618E-1 2.19962E-1 2.58985E-1 2.86646E-1 3.43926E-1 3.45285E-1 3.61803E-1 4.01506E-1 4.33214E-1 3.46563E-1 4.57117E-1 5.29773E-1 3.67723E-1 4.04136E-1 3.91062E-1 3.45533E-1 3.19773E-1 3.25196E-1 2.64218E-1 2.2381E-1 1.96895E-1 1.93849E-1 2.78745E-1 2.01751E-1 2.14327E-1 3.48539E-1 3.68975E-1 3.756E-1 3.68723E-1 3.44294E-1 3.51546E-1 3.74231E-1 3.67237E-1
2.18456E-1 2.84176E-1 2.97912E-1 2.57544E-1 1.40509E-1 2.43297E-1 2.43843E-1 2.44579E-1 2.40713E-1 2.47908E-1 2.80731E-1 2.90585E-1 1.49923E-1 4.58538E-1 2.4732E-1 3.53676E-1 2.59684E-1 2.57529E-1 2.3054E-1 1.87414E-1 1.91664E-1 2.01489E-1 3.07252E-1 3.11263E-1 2.10487E-1 2.39735E-1 2.19249E-1 2.47573E-1 2.9542E-1 3.53096E-1 3.55581E-1 3.41412E-1 3.40343E-1 3.75566E-1 4.24137E-1 4.61531E-1 4.61848E-1 3.10277E-1 3.8217E-1 3.67185E-1 4.00317E-1 3.8899E-1 3.59478E-1 3.12269E-1 2.8303E-1 2.38593E-1 2.10282E-1 1.84877E-1 1.71802E-1 2.63822E-1 2.38299E-1 3.16028E-1 2.71303E-1 3.25141E-1 3.78742E-1 3.37233E-1 3.34315E-1 3.26026E-1 3.57786E-1 3.35351E-1
2.39769E-1 3.51153E-1 2.95402E-1 2.47598E-1 1.42361E-1 2.40727E-1 2.48865E-1 2.39979E-1 2.29914E-1 2.67875E-1 3.04563E-1 3.0885E-1 3.12218E-1 2.17824E-1 2.91893E-1 2.86361E-1 3.23221E-1 3.12089E-1 2.25208E-1 1.54167E-1 1.52959E-1 2.01755E-1 3.35239E-1 2.80935E-1 2.80567E-1 2.89857E-1 2.82423E-1 3.21087E-1 3.92837E-1 4.37611E-1 4.22792E-1 3.3532E-1 3.19168E-1 3.7299E-1 4.40403E-1 3.82883E-1 5.06435E-1 4.03547E-1 5.23667E-1 4.44693E-1 3.85294E-1 3.76135E-1 3.59078E-1 3.29939E-1 2.83172E-1 2.0176E-1 1.81541E-1 1.74291E-1 1.95389E-1 2.43963E-1 2.84816E-1 3.34261E-1 3.76703E-1 3.7255E-1 2.95751E-1 2.97725E-1 3.31388E-1 3.17605E-1 3.42798E-1 3.73589E-1
1.74905E-1 3.70366E-1 2.67823E-1 2.50307E-1 1.7457E-1 2.40147E-1 2.41496E-1 2.4336E-1 2.42408E-1 3.01259E-1 4.04783E-1 4.44187E-1 4.45557E-1 2.18374E-1 3.08646E-1 3.25293E-1 3.4448E-1 2.804E-1 2.11552E-1 1.56682E-1 1.80179E-1 2.37622E-1 2.72265E-1 2.69256E-1 3.39842E-1 3.44724E-1 3.55155E-1 4.10711E-1 4.73343E-1 4.94408E-1 4.2313E-1 3.36563E-1 2.81998E-1 3.52315E-1 4.56659E-1 5.38624E-1 5.8075E-1 5.40138E-1 3.14219E-1 4.14018E-1 3.55633E-1 3.45424E-1 3.58703E-1 3.51044E-1 2.66062E-1 1.77553E-1 1.7377E-1 1.69686E-1 1.96717E-1 2.24321E-1 2.55506E-1 3.00195E-1 3.52941E-1 3.74527E-1 3.71805E-1 3.64623E-1 3.29562E-1 2.53392E-1 3.05948E-1 3.54603E-1
3.30751E-1 3.12499E-1 2.52444E-1 2.68946E-1 1.55516E-1 2.46309E-1 2.2975E-1 2.10456E-1 1.80331E-1 1.8613E-1 2.57475E-1 3.57606E-1 4.52231E-1 3.20086E-1 4.62405E-1 3.65244E-1 3.33671E-1 2.66149E-1 2.28488E-1 1.9953E-1 2.53898E-1 2.85861E-1 2.57326E-1 3.64573E-1 4.0188E-1 3.8966E-1 4.31829E-1 4.91951E-1 5.30416E-1 4.93918E-1 3.84017E-1 3.21636E-1 2.70602E-1 3.2392E-1 4.76362E-1 5.73629E-1 5.81329E-1 5.39478E-1 4.37084E-1 3.79068E-1 3.30549E-1 3.079E-1 3.39199E-1 3.22376E-1 2.68575E-1 1.908E-1 1.85148E-1 1.99851E-1 2.2687E-1 2.41321E-1 2.56924E-1 2.71144E-1 2.96152E-1 3.23816E-1 3.43212E-1 3.80947E-1 2.8169E-1 2.42897E-1 3.36928E-1 3.49884E-1
3.25956E-1 2.82604E-1 2.77691E-1 2.81279E-1 1.75889E-1 2.45612E-1 2.22026E-1 2.05562E-1 1.84902E-1 1.83163E-1 2.16621E-1 2.55838E-1 3.3643E-1 3.17687E-1 4.48228E-1 3.46353E-1 3.23108E-1 2.89065E-1 2.82348E-1 2.90019E-1 3.22448E-1 3.27042E-1 3.88796E-1 4.40063E-1 3.56051E-1 4.07021E-1 4.9585E-1 5.37265E-1 5.40895E-1 4.14337E-1 2.67692E-1 2.86886E-1 2.57689E-1 3.5265E-1 5.22478E-1 5.84509E-1 3.68597E-1 5.03235E-1 4.0638E-1 3.50565E-1 3.08684E-1 2.8013E-1 2.95989E-1 3.40634E-1 2.9923E-1 2.36965E-1 2.42711E-1 2.447E-1 2.59338E-1 2.7082E-1 2.76959E-1 2.84343E-1 2.95661E-1 2.99119E-1 3.40135E-1 4.02794E-1 3.15472E-1 2.82062E-1 2.49306E-1 2.97161E-1
2.91802E-1 2.8113E-1 2.8728E-1 1.54456E-1 2.23461E-1 2.31076E-1 2.11783E-1 2.01488E-1 1.83892E-1 1.89682E-1 2.31545E-1 2.60283E-1 2.8198E-1 3.59515E-1 3.1265E-1 2.92326E-1 3.25442E-1 3.64601E-1 3.95695E-1 3.52461E-1 3.40357E-1 3.88698E-1 3.80355E-1 3.5272E-1 3.20597E-1 4.00367E-1 5.25296E-1 5.29114E-1 5.12122E-1 2.34968E-1 3.18832E-1 2.97836E-1 2.91992E-1 4.31322E-1 5.40603E-1 4.9019E-1 2.86181E-1 4.97066E-1 3.9211E-1 3.0855E-1 2.6822E-1 2.54781E-1 2.99545E-1 3.66656E-1 2.66717E-1 2.48806E-1 2.83079E-1 2.73986E-1 2.63135E-1 2.78634E-1 2.73907E-1 2.8123E-1 3.09462E-1 3.23456E-1 3.35212E-1 3.73177E-1 3.98549E-1 3.13648E-1 2.70545E-1 3.80022E-1
2.73656E-1 3.0841E-1 2.88175E-1 1.60567E-1 2.13767E-1 2.05796E-1 1.92773E-1 1.91997E-1 1.7602E-1 1.8233E-1 2.31045E-1 2.73377E-1 2.97545E-1 2.70592E-1 7.34484E-2 3.07782E-1 4.15456E-1 4.0204E-1 3.82558E-1 3.58328E-1 3.27307E-1 2.91151E-1 2.9871E-1 3.31458E-1 3.92934E-1 4.11911E-1 5.39581E-1 5.16659E-1 4.9577E-1 3.0011E-1 3.48525E-1 3.09565E-1 3.11632E-1 4.52653E-1 5.45589E-1 3.97936E-1 3.03654E-1 4.96508E-1 3.54456E-1 2.86021E-1 2.65723E-1 2.79748E-1 3.33314E-1 3.73732E-1 3.09056E-1 2.86469E-1 3.34762E-1 3.04915E-1 2.80683E-1 2.83136E-1 2.69918E-1 1.91632E-1 3.02683E-1 3.42125E-1 3.68099E-1 3.70464E-1 3.37944E-1 2.91652E-1 4.10234E-1 4.23228E-1
2.69843E-1 3.01726E-1 2.47982E-1 1.67247E-1 2.02588E-1 1.92958E-1 1.81982E-1 2.02531E-1 2.02405E-1 1.86506E-1 1.99979E-1 2.39772E-1 3.00144E-1 2.73692E-1 2.15439E-1 3.67327E-1 3.48454E-1 3.49233E-1 3.5847E-1 2.95097E-1 2.21614E-1 2.83187E-1 3.31053E-1 3.85326E-1 4.69079E-1 4.26912E-1 5.40381E-1 5.12363E-1 4.7977E-1 2.91613E-1 3.88539E-1 3.38339E-1 3.14128E-1 4.9529E-1 5.10603E-1 3.33456E-1 1.96534E-1 4.59942E-1 3.30017E-1 2.62823E-1 2.59106E-1 2.83326E-1 3.44205E-1 3.84113E-1 3.8116E-1 3.16481E-1 3.51073E-1 3.21649E-1 3.15993E-1 2.77084E-1 2.72442E-1 2.35064E-1 2.40809E-1 3.16156E-1 3.6344E-1 2.81012E-1 3.18177E-1 3.65765E-1 4.19899E-1 4.4223E-1
2.5426E-1 2.63632E-1 1.89424E-1 1.98809E-1 1.87297E-1 1.91328E-1 2.04039E-1 2.1988E-1 2.25034E-1 2.14998E-1 2.01855E-1 2.29545E-1 2.71028E-1 2.54767E-1 1.77392E-1 3.89058E-1 3.47481E-1 2.85275E-1 2.23944E-1 2.18695E-1 2.66577E-1 3.30132E-1 3.83075E-1 4.39489E-1 4.97955E-1 5.70623E-1 5.39239E-1 4.97243E-1 4.64782E-1 3.4942E-1 4.17051E-1 3.81892E-1 3.37301E-1 3.2646E-1 3.19161E-1 2.94296E-1 1.76437E-1 4.2323E-1 4.12317E-1 2.49513E-1 2.50054E-1 2.67881E-1 3.21228E-1 3.75303E-1 3.88297E-1 2.43505E-1 2.35333E-1 2.37761E-1 3.08335E-1 2.74333E-1 2.61244E-1 2.52318E-1 1.81568E-1 3.08762E-1 3.73533E-1 3.34939E-1 2.96879E-1 3.1767E-1 3.77879E-1 4.59638E-1
1.36132E-1 1.38419E-1 1.08827E-1 1.60265E-1 1.89475E-1 2.05384E-1 2.18425E-1 2.37367E-1 2.3704E-1 2.29784E-1 2.20335E-1 2.12508E-1 2.66576E-1 2.79407E-1 3.5819E-1 3.5687E-1 2.33632E-1 1.90492E-1 2.1258E-1 2.80535E-1 3.43551E-1 3.96818E-1 4.57491E-1 4.8618E-1 4.65115E-1 6.22054E-1 5.35558E-1 4.48882E-1 4.55782E-1 4.36745E-1 4.17512E-1 4.25117E-1 3.92251E-1 3.28751E-1 2.86058E-1 2.67113E-1 2.70878E-1 3.20819E-1 3.43846E-1 3.02252E-1 1.97998E-1 1.64807E-1 2.55157E-1 3.16068E-1 3.8342E-1 3.09675E-1 3.87725E-1 4.17824E-1 2.33481E-1 1.93472E-1 2.82798E-1 3.15966E-1 3.06048E-1 3.03159E-1 3.45108E-1 3.32883E-1 2.7173E-1 2.79833E-1 3.19636E-1 3.62454E-1
1.14028E-1 1.34939E-1 1.4285E-1 1.78226E-1 1.99697E-1 2.1178E-1 1.32337E-1 2.33091E-1 2.47155E-1 2.49148E-1 2.53428E-1 2.53523E-1 3.02541E-1 3.3261E-1 3.34208E-1 3.60377E-1 2.53269E-1 2.43265E-1 2.89808E-1 3.65703E-1 4.06232E-1 4.48895E-1 4.76803E-1 4.94963E-1 6.28026E-1 6.07913E-1 4.8204E-1 3.81082E-1 4.24246E-1 4.24674E-1 4.00428E-1 4.13407E-1 4.28366E-1 3.71425E-1 2.89281E-1 2.69985E-1 2.86746E-1 3.41344E-1 3.4607E-1 3.02448E-1 2.74969E-1 2.75526E-1 3.19542E-1 3.93911E-1 3.78888E-1 2.81403E-1 3.90518E-1 4.02451E-1 2.57802E-1 2.63016E-1 2.99314E-1 3.24099E-1 2.95333E-1 2.87575E-1 3.46547E-1 3.31665E-1 1.56309E-1 2.7675E-1 3.44048E-1 3.59467E-1
1.16583E-1 1.50218E-1 1.60458E-1 1.02428E-1 2.12944E-1 2.18221E-1 1.82634E-1 1.91173E-1 2.35811E-1 2.48796E-1 2.464E-1 2.80456E-1 3.70983E-1 1.4475E-1 3.7187E-1 4.25009E-1 3.2529E-1 3.28638E-1 3.65371E-1 4.11126E-1 4.356E-1 4.83211E-1 5.01276E-1 5.0557E-1 6.01341E-1 5.78132E-1 4.25298E-1 3.80405E-1 4.23937E-1 4.25142E-1 4.00917E-1 4.17501E-1 4.41101E-1 4.4006E-1 3.55797E-1 3.04636E-1 2.48235E-1 2.61903E-1 3.09997E-1 4.41106E-1 3.0831E-1 2.79817E-1 3.14502E-1 3.92894E-1 4.01841E-1 2.79501E-1 3.91157E-1 3.7806E-1 2.34502E-1 2.36959E-1 2.73465E-1 3.22322E-1 2.91135E-1 2.93436E-1 3.64293E-1 3.11597E-1 1.52999E-1 2.57439E-1 3.00109E-1 3.35213E-1
