Phytophthora/models/20240506_1155_30/Phytophthora_PA3_RUN9_MAXENT_outputs/Phytophthora_PA3_RUN9.asc
ncols         225
nrows         269
xllcorner     473009.9838
yllcorner     4429051.1748
cellsize      50.0
NODATA_value  -9999
[rows 52 to 77 of 269, columns 0 to 59 of 225]
-9999 -9999 -9999 -9999 -9999 -9999 -9999 -9999 -9999 -9999 -9999 -9999 -9999 -9999 -9999 -9999 -9999 -9999 -9999 -9999 -9999 3.63187E-3 4.53419E-3 5.61002E-3 8.22379E-3 8.92244E-3 7.70845E-3 6.42314E-3 8.20103E-3 8.33121E-3 8.49427E-3 8.75037E-3 9.74829E-3 8.69325E-3 1.16587E-2 1.67978E-2 2.30874E-2 2.48358E-2 2.13704E-2 2.29433E-2 1.90181E-2 1.93281E-2 2.07099E-2 1.39734E-2 1.17124E-2 9.53861E-3 7.33125E-3 5.78479E-3 6.55618E-3 3.95707E-3 4.77328E-3 6.68672E-3 4.30375E-3 7.28497E-3 7.91666E-3 7.28054E-3 2.86237E-3 3.45994E-3 3.7312E-3 3.11377E-3
-9999 -9999 -9999 -9999 -9999 -9999 -9999 -9999 -9999 -9999 -9999 -9999 -9999 -9999 -9999 -9999 -9999 -9999 -9999 -9999 -9999 2.05498E-3 5.3459E-3 3.45555E-3 6.25004E-3 5.86656E-3 5.0465E-3 5.0204E-3 7.24821E-3 7.18962E-3 7.50215E-3 7.81359E-3 1.12937E-2 1.41784E-2 1.82168E-2 2.20367E-2 1.10886E-2 2.27495E-2 1.0248E-2 1.44938E-2 1.79357E-2 2.19524E-2 1.03513E-2 9.84105E-3 1.07386E-2 5.2939E-3 5.55299E-3 4.29903E-3 5.67624E-3 5.91532E-3 7.15951E-3 8.28635E-3 7.52214E-3 8.00902E-3 5.31478E-3 4.65278E-3 4.36146E-3 3.98942E-3 3.80588E-3 3.59154E-3
-9999 -9999 -9999 -9999 -9999 -9999 -9999 -9999 -9999 -9999 -9999 -9999 -9999 -9999 -9999 -9999 -9999 -9999 -9999 -9999 -9999 1.57124E-3 3.99218E-3 4.46209E-3 3.70036E-3 3.93515E-3 7.20717E-3 6.68296E-3 7.48466E-3 5.49351E-3 7.20545E-3 9.75882E-3 1.5967E-2 1.88539E-2 4.41229E-3 2.36224E-2 2.41539E-2 1.79318E-2 1.26937E-2 8.62354E-3 1.59846E-2 7.93987E-3 9.58738E-3 1.13989E-2 1.34632E-2 8.87332E-3 9.21787E-3 7.82634E-3 3.86959E-3 7.02914E-3 7.98014E-3 7.91186E-3 7.64328E-3 4.17764E-3 5.1727E-3 2.77776E-3 3.55512E-3 3.2652E-3 3.15298E-3 3.21837E-3
-9999 -9999 -9999 -9999 -9999 -9999 -9999 -9999 -9999 -9999 -9999 -9999 -9999 -9999 -9999 -9999 -9999 -9999 -9999 -9999 -9999 4.43566E-4 1.38098E-3 1.57436E-3 2.41883E-3 2.90107E-3 6.94647E-4 3.15175E-3 4.28834E-3 5.79039E-3 7.18635E-3 1.1369E-2 9.87524E-3 7.90584E-3 2.23756E-2 2.44459E-2 2.63506E-2 2.7059E-2 1.03438E-2 2.686E-2 2.11598E-2 1.79423E-2 1.07253E-2 1.27705E-2 1.38009E-2 7.38182E-3 6.80709E-3 4.2825E-3 7.23274E-3 7.51068E-3 7.74686E-3 7.60841E-3 3.43549E-3 5.7556E-3 4.92626E-3 4.37928E-3 3.87076E-3 3.55887E-3 3.28782E-3 2.51636E-3
-9999 -9999 -9999 -9999 -9999 -9999 -9999 -9999 -9999 -9999 -9999 -9999 -9999 -9999 -9999 -9999 -9999 -9999 -9999 -9999 1.38436E-4 2.85741E-4 7.73364E-4 7.40349E-4 7.58237E-4 1.87483E-3 1.50351E-3 2.53099E-3 4.52148E-3 1.62968E-3 2.25719E-3 6.55722E-3 2.02754E-2 1.85148E-2 2.41892E-2 2.67715E-2 2.47624E-2 2.31329E-2 1.0672E-2 1.83922E-2 9.48817E-3 1.54544E-2 9.23033E-3 1.05364E-2 8.99757E-3 9.2138E-3 8.41433E-3 7.49078E-3 7.18503E-3 7.14042E-3 5.96895E-3 3.08998E-3 3.91092E-3 4.32371E-3 3.98576E-3 3.91219E-3 2.38334E-3 3.49062E-3 2.39751E-3 3.35704E-3
-9999 -9999 -9999 -9999 -9999 -9999 -9999 -9999 -9999 -9999 -9999 -9999 -9999 -9999 -9999 -9999 -9999 1.18001E-3 3.98552E-4 1.27009E-4 5.03472E-5 1.06001E-4 6.59668E-4 4.72182E-4 6.52793E-4 1.7717E-3 3.51823E-3 3.5185E-3 5.35215E-3 8.39331E-3 9.88426E-3 9.75909E-3 1.94862E-2 2.22353E-2 2.58361E-2 2.64549E-2 2.22818E-2 1.84238E-2 9.123E-3 1.96356E-2 1.01605E-2 1.85187E-2 8.28817E-3 1.33763E-2 9.04675E-3 6.80369E-3 6.20875E-3 4.88826E-3 6.26958E-3 6.81855E-3 5.29609E-3 4.5374E-3 3.81652E-3 3.74468E-3 3.84423E-3 3.66171E-3 2.2776E-3 3.26583E-3 1.82941E-3 3.22051E-3
-9999 -9999 -9999 -9999 -9999 -9999 -9999 -9999 -9999 -9999 -9999 -9999 -9999 -9999 -9999 -9999 6.05213E-5 1.26807E-4 8.59271E-5 4.87348E-5 2.48002E-5 9.11393E-5 8.11626E-4 1.12345E-3 1.24991E-3 2.13418E-3 6.30903E-3 5.45571E-3 7.61546E-3 1.06984E-2 1.33951E-2 1.2802E-2 1.37223E-2 1.46356E-2 1.73181E-2 1.93822E-2 1.23996E-2 1.48836E-2 1.4217E-2 1.4614E-2 1.23025E-2 1.10726E-2 1.57391E-2 9.47622E-3 4.4458E-3 5.27211E-3 5.8824E-3 5.28737E-3 5.24794E-3 5.74188E-3 6.23868E-3 5.02987E-3 3.50934E-3 3.20356E-3 3.16918E-3 2.65757E-3 2.97442E-3 2.71839E-3 2.46868E-3 3.07818E-3
-9999 -9999 -9999 -9999 -9999 -9999 -9999 -9999 -9999 -9999 -9999 -9999 -9999 -9999 9.04359E-6 2.28525E-5 3.35928E-5 3.65483E-5 2.69756E-5 3.65269E-5 4.12899E-5 2.26141E-4 1.23117E-3 2.00379E-3 2.58681E-3 3.46373E-3 8.72923E-3 8.49909E-3 1.00088E-2 1.26545E-2 1.64395E-2 1.73164E-2 1.7065E-2 1.62193E-2 1.66572E-2 1.69831E-2 1.73104E-2 1.88077E-2 1.57282E-2 1.37909E-2 1.25652E-2 9.70403E-3 1.1053E-2 1.3275E-2 1.16155E-2 6.58056E-3 4.16726E-3 3.28293E-3 3.80279E-3 4.90712E-3 4.79215E-3 5.31896E-3 3.90121E-3 2.29992E-3 1.8396E-3 1.89668E-3 3.3014E-3 2.79471E-3 1.34906E-3 2.96006E-3
-9999 -9999 -9999 -9999 -9999 -9999 -9999 -9999 -9999 -9999 -9999 -9999 -9999 5.95203E-6 1.16578E-5 1.67619E-5 2.51068E-5 3.13888E-5 2.57554E-5 2.37653E-5 7.8973E-5 3.5346E-4 1.10914E-3 2.11516E-3 4.08196E-3 4.91444E-3 1.23877E-2 1.18987E-2 1.18303E-2 1.32869E-2 1.70828E-2 2.07522E-2 2.10164E-2 1.84896E-2 1.78933E-2 1.19122E-2 1.51991E-2 1.45006E-2 1.2835E-2 1.20525E-2 1.06724E-2 1.10784E-2 9.03553E-3 8.85405E-3 8.86658E-3 7.76112E-3 6.7195E-3 5.83593E-3 5.07416E-3 3.50212E-3 3.58015E-3 3.95198E-3 2.38002E-3 3.51031E-3 3.60758E-3 3.5714E-3 3.62731E-3 3.18448E-3 2.67658E-3 2.87781E-3
-9999 -9999 -9999 -9999 -9999 -9999 -9999 -9999 -9999 -9999 -9999 -9999 3.35305E-6 2.09418E-6 1.08591E-5 1.56489E-5 2.32468E-5 3.0745E-5 4.99869E-5 1.00889E-4 1.98806E-4 5.90137E-4 1.76354E-3 2.52153E-3 3.82742E-3 6.55175E-3 9.82106E-3 1.38558E-2 1.67643E-2 1.91421E-2 2.08563E-2 2.14558E-2 2.44351E-2 2.26027E-2 1.85837E-2 9.78865E-3 1.43759E-2 1.26336E-2 1.00582E-2 1.03381E-2 9.69062E-3 9.07282E-3 8.22821E-3 7.96385E-3 8.12786E-3 7.23194E-3 6.62722E-3 5.94386E-3 4.60268E-3 1.94155E-3 1.63738E-3 1.32683E-3 2.21519E-3 3.88761E-3 3.65476E-3 3.66702E-3 1.6873E-3 2.89705E-3 2.53788E-3 2.44518E-3
-9999 -9999 -9999 -9999 -9999 -9999 -9999 -9999 -9999 -9999 -9999 -9999 1.91898E-5 3.98938E-5 7.31197E-5 1.28432E-4 2.09885E-4 3.26531E-4 4.72582E-4 6.52328E-4 8.69886E-4 1.7506E-3 1.53041E-3 2.75565E-3 4.52258E-3 1.00625E-2 1.36265E-2 1.85422E-2 2.15937E-2 2.03603E-2 2.15106E-2 1.91923E-2 1.77365E-2 1.54953E-2 9.58085E-3 1.31955E-2 1.1799E-2 1.04298E-2 7.96097E-3 8.14022E-3 8.5814E-3 8.34345E-3 7.36706E-3 7.30708E-3 7.3212E-3 7.17103E-3 6.61458E-3 6.70282E-3 5.1425E-3 2.54742E-3 2.97691E-3 2.35954E-3 2.9928E-3 3.97537E-3 3.7806E-3 1.86867E-3 3.18254E-3 1.54751E-3 1.09511E-3 2.7497E-3
-9999 -9999 -9999 -9999 -9999 -9999 -9999 -9999 -9999 -9999 -9999 -9999 3.14764E-5 6.22909E-5 1.28763E-4 2.22271E-4 3.54106E-4 5.39769E-4 7.72226E-4 1.03636E-3 1.96138E-3 2.18911E-3 2.09332E-3 3.20731E-3 6.23508E-3 1.06479E-2 1.43734E-2 1.8633E-2 2.39963E-2 2.43855E-2 2.40814E-2 2.09781E-2 1.49301E-2 1.1477E-2 1.36228E-2 1.21409E-2 1.01542E-2 8.75519E-3 8.38407E-3 8.20008E-3 7.83887E-3 7.7E-3 7.42223E-3 7.48603E-3 7.64415E-3 8.52153E-3 7.91092E-3 6.33095E-3 4.80184E-3 3.31568E-3 2.13491E-3 1.4801E-3 2.72249E-3 1.68228E-3 1.14963E-3 2.95449E-3 1.79528E-3 1.64756E-3 2.57881E-3 2.84504E-3
-9999 -9999 -9999 -9999 -9999 -9999 -9999 -9999 -9999 -9999 -9999 -9999 4.69742E-5 1.09474E-4 2.13262E-4 3.61763E-4 5.7158E-4 8.61851E-4 1.16307E-3 1.5758E-3 2.62302E-3 2.99095E-3 3.19638E-3 4.5614E-3 1.00816E-2 1.94924E-2 1.47014E-2 1.89956E-2 2.11758E-2 2.0729E-2 2.08026E-2 1.83726E-2 1.23613E-2 1.44106E-2 1.26098E-2 1.0759E-2 8.89539E-3 7.9882E-3 7.8396E-3 7.42439E-3 6.69806E-3 3.34795E-3 3.99519E-3 6.27295E-3 6.23941E-3 6.5988E-3 5.41708E-3 6.52034E-3 5.29693E-3 4.17135E-3 3.25492E-3 2.24235E-3 1.061E-3 1.92896E-3 1.92879E-3 1.717E-3 3.22599E-3 3.89911E-3 3.41106E-3 3.26298E-3
-9999 -9999 -9999 -9999 -9999 -9999 -9999 -9999 -9999 -9999 3.1143E-6 8.90158E-6 8.31542E-5 3.23684E-4 3.70596E-4 5.41816E-4 7.8245E-4 1.15374E-3 1.57941E-3 2.19642E-3 3.60989E-3 3.5553E-3 5.19875E-3 6.21229E-3 8.28055E-3 2.0669E-2 2.70886E-2 2.0659E-2 1.80892E-2 1.63019E-2 1.49319E-2 8.13226E-3 1.10831E-2 1.11107E-2 1.03141E-2 8.59619E-3 8.61581E-3 8.10815E-3 7.33892E-3 7.1093E-3 6.58847E-3 6.62999E-3 5.68091E-3 5.30411E-3 4.34928E-3 4.68916E-3 4.17284E-3 5.8371E-3 4.91909E-3 4.06299E-3 1.5453E-3 1.71511E-3 2.09796E-3 1.43798E-3 2.66999E-3 2.62144E-3 2.54798E-3 2.89806E-3 3.28761E-3 4.04162E-3
-9999 -9999 -9999 -9999 -9999 -9999 -9999 -9999 2.10774E-6 2.09486E-6 1.09582E-6 8.92878E-6 6.6418E-5 3.38432E-4 4.45425E-4 7.22109E-4 1.1385E-3 1.67018E-3 2.31319E-3 2.93992E-3 4.53453E-3 3.40976E-3 6.44071E-3 7.9078E-3 7.73032E-3 1.19395E-2 2.84727E-2 2.44992E-2 2.00865E-2 1.65794E-2 1.39696E-2 9.605E-3 9.84898E-3 8.76703E-3 8.04347E-3 7.82853E-3 8.13308E-3 7.64738E-3 7.52236E-3 7.33034E-3 7.31911E-3 7.39925E-3 7.7354E-3 6.67844E-3 6.34261E-3 6.2075E-3 6.28847E-3 5.76887E-3 3.55676E-3 2.35479E-3 3.60276E-3 3.02257E-3 2.77558E-3 2.2437E-3 2.30531E-3 2.51777E-3 2.36557E-3 2.62076E-3 3.00847E-3 2.64432E-3
-9999 -9999 -9999 -9999 -9999 -9999 -9999 -9999 3.65757E-6 4.29508E-6 3.34081E-6 8.24271E-6 1.33245E-4 2.01923E-4 3.75121E-4 6.79836E-4 1.19522E-3 1.99118E-3 2.896E-3 3.50444E-3 5.27194E-3 4.22884E-3 5.84582E-3 6.50942E-3 6.22071E-3 1.02674E-2 2.77764E-2 1.84308E-2 1.99183E-2 1.61598E-2 1.24693E-2 7.67795E-3 8.73153E-3 7.65136E-3 6.65985E-3 7.26826E-3 7.38732E-3 4.27206E-3 7.84131E-3 8.15439E-3 8.11725E-3 7.8449E-3 7.79395E-3 7.1108E-3 6.88004E-3 6.53364E-3 6.60013E-3 6.26008E-3 5.644E-3 4.51268E-3 2.42876E-3 3.18297E-3 2.62466E-3 1.41464E-3 2.1231E-3 2.39981E-3 2.49907E-3 2.4761E-3 2.60662E-3 3.17918E-3
-9999 -9999 -9999 -9999 -9999 -9999 -9999 -9999 4.88654E-6 5.18722E-6 5.6932E-6 1.10745E-5 9.25246E-5 1.8387E-4 4.23124E-4 7.94494E-4 1.38784E-3 2.45826E-3 3.41366E-3 4.35732E-3 6.32451E-3 7.34001E-3 8.61366E-3 1.03262E-2 8.25949E-3 1.763E-2 1.73377E-2 1.49536E-2 1.37558E-2 1.32053E-2 1.1049E-2 8.33484E-3 8.8911E-3 7.96808E-3 6.67774E-3 7.53855E-3 8.14898E-3 8.81249E-3 4.50901E-3 9.86299E-3 9.33551E-3 8.52549E-3 7.94502E-3 7.06316E-3 7.24515E-3 6.88604E-3 7.44162E-3 7.16943E-3 5.99236E-3 2.01091E-3 3.79421E-3 2.03235E-3 2.42176E-3 2.42056E-3 1.68117E-3 1.23587E-3 2.42674E-3 2.58467E-3 2.53616E-3 3.12072E-3
-9999 -9999 -9999 -9999 -9999 -9999 -9999 -9999 -9999 -9999 7.86666E-6 1.40202E-5 1.00311E-4 2.40439E-4 5.16657E-4 1.00616E-3 1.77802E-3 3.16871E-3 3.89041E-3 4.89768E-3 7.01275E-3 8.64141E-3 1.00399E-2 1.25061E-2 1.46275E-2 1.41745E-2 1.41891E-2 1.54265E-2 1.39985E-2 1.23635E-2 1.15066E-2 1.02309E-2 9.9919E-3 9.01842E-3 7.32429E-3 7.57583E-3 8.08089E-3 8.36526E-3 1.37678E-2 8.71687E-3 5.37713E-3 7.68077E-3 7.86245E-3 7.1973E-3 7.59837E-3 7.18826E-3 7.8805E-3 6.67569E-3 3.98776E-3 4.53713E-3 3.61612E-3 2.8171E-3 1.18719E-3 2.17515E-3 2.17523E-3 2.2217E-3 1.67043E-3 2.38622E-3 2.54308E-3 3.05619E-3
-9999 -9999 -9999 -9999 -9999 -9999 -9999 -9999 -9999 -9999 -9999 -9999 -9999 -9999 -9999 -9999 -9999 3.41012E-3 3.63959E-3 5.50931E-3 7.3668E-3 1.01407E-2 1.16067E-2 1.40898E-2 1.63618E-2 1.56519E-2 1.41227E-2 1.29514E-2 1.35193E-2 1.42999E-2 1.40001E-2 7.613E-3 1.04881E-2 9.53609E-3 7.67626E-3 6.45872E-3 6.50743E-3 6.50691E-3 7.17514E-3 7.64778E-3 8.03652E-3 6.57234E-3 4.8382E-3 4.01027E-3 4.62254E-3 4.89563E-3 4.48761E-3 3.72811E-3 6.19702E-3 4.08721E-3 3.27621E-3 2.74675E-3 1.63793E-3 1.04265E-3 2.02347E-3 2.15146E-3 2.33043E-3 2.57527E-3 2.63979E-3 3.04483E-3
-9999 -9999 -9999 -9999 -9999 -9999 -9999 -9999 -9999 -9999 -9999 -9999 -9999 -9999 -9999 -9999 -9999 -9999 -9999 5.47212E-3 7.86751E-3 1.18199E-2 1.30085E-2 1.52182E-2 1.76498E-2 1.65908E-2 1.5116E-2 1.44244E-2 1.15923E-2 1.9528E-2 1.75097E-2 1.01417E-2 9.76942E-3 9.38933E-3 7.78419E-3 7.41717E-3 6.61781E-3 7.06397E-3 6.56823E-3 6.74107E-3 7.47703E-3 6.85002E-3 6.96314E-3 5.56011E-3 7.64819E-3 7.60465E-3 5.13E-3 7.08477E-3 5.40054E-3 3.67186E-3 2.85172E-3 2.43724E-3 1.83178E-3 1.5811E-3 1.31315E-3 2.22541E-3 2.67518E-3 3.14921E-3 3.54375E-3 3.78623E-3
-9999 -9999 -9999 -9999 -9999 -9999 -9999 -9999 -9999 -9999 -9999 -9999 -9999 -9999 -9999 -9999 -9999 -9999 -9999 -9999 1.02294E-2 1.30554E-2 1.30455E-2 1.46022E-2 1.68686E-2 1.60347E-2 1.8642E-2 2.53982E-2 2.68762E-2 8.55162E-3 5.91182E-3 7.25214E-3 7.08998E-3 8.88338E-3 8.6955E-3 9.2218E-3 7.7777E-3 6.73223E-3 6.27874E-3 6.9801E-3 7.27966E-3 6.37972E-3 3.26815E-3 7.42505E-3 6.58105E-3 6.2122E-3 8.07771E-3 6.63622E-3 4.77698E-3 3.52162E-3 2.93326E-3 2.27236E-3 1.80777E-3 1.93249E-3 1.55043E-3 2.33488E-3 2.60681E-3 2.74436E-3 3.8375E-3 5.17582E-3
-9999 -9999 -9999 -9999 -9999 -9999 -9999 -9999 -9999 -9999 -9999 -9999 -9999 -9999 -9999 -9999 -9999 -9999 -9999 -9999 -9999 1.11024E-2 1.34124E-2 1.38995E-2 1.54021E-2 1.55482E-2 2.13092E-2 3.10552E-2 2.58646E-2 1.3973E-2 1.15683E-2 1.08857E-2 6.43845E-3 5.65653E-3 8.56789E-3 9.68077E-3 8.40367E-3 8.91274E-3 8.13906E-3 8.07577E-3 7.35245E-3 4.31259E-3 8.38533E-3 8.94654E-3 1.05801E-2 8.5325E-3 6.91113E-3 3.01805E-3 4.34013E-3 4.36895E-3 3.74352E-3 3.00958E-3 2.60834E-3 2.89967E-3 2.51402E-3 3.69187E-3 4.05261E-3 3.88234E-3 4.65723E-3 6.29906E-3
-9999 -9999 -9999 -9999 -9999 -9999 -9999 -9999 -9999 -9999 -9999 -9999 -9999 -9999 -9999 -9999 -9999 -9999 -9999 -9999 -9999 -9999 1.11352E-2 1.15306E-2 1.31268E-2 1.46066E-2 2.22363E-2 2.98015E-2 2.05428E-2 1.32667E-2 1.24596E-2 1.2466E-2 1.05199E-2 1.28293E-2 1.21981E-2 6.88355E-3 1.19581E-2 1.33844E-2 1.15555E-2 9.19554E-3 4.64876E-3 8.9704E-3 1.09063E-2 1.02421E-2 1.08478E-2 7.59949E-3 6.97374E-3 7.29339E-3 6.11686E-3 3.53904E-3 3.85392E-3 2.09195E-3 1.45303E-3 2.96869E-3 3.63123E-3 5.53705E-3 5.96377E-3 6.14422E-3 6.19522E-3 8.6954E-3
-9999 -9999 -9999 -9999 -9999 -9999 -9999 -9999 -9999 -9999 -9999 -9999 -9999 -9999 -9999 -9999 -9999 -9999 -9999 -9999 -9999 -9999 -9999 9.31417E-3 1.12091E-2 1.3006E-2 1.93473E-2 2.52343E-2 2.09932E-2 1.52309E-2 1.34424E-2 1.30565E-2 1.84259E-2 1.96454E-2 1.70976E-2 1.46742E-2 1.0427E-2 9.88918E-3 1.12393E-2 9.08433E-3 9.51356E-3 1.04836E-2 1.10657E-2 1.00952E-2 8.7143E-3 7.49279E-3 7.69361E-3 8.02412E-3 9.08356E-3 6.04789E-3 4.32877E-3 4.71393E-3 3.01627E-3 4.91917E-3 6.34328E-3 8.10622E-3 9.17298E-3 1.08142E-2 8.83639E-3 3.85424E-3
-9999 -9999 -9999 -9999 -9999 -9999 -9999 -9999 -9999 -9999 -9999 -9999 -9999 -9999 -9999 -9999 -9999 -9999 -9999 -9999 -9999 -9999 -9999 -9999 -9999 1.15682E-2 1.42088E-2 1.93275E-2 1.91532E-2 2.09325E-2 1.88144E-2 1.4221E-2 1.69943E-2 6.11628E-3 1.17598E-2 1.46611E-2 1.47319E-2 7.8487E-3 9.14239E-3 9.55398E-3 1.18459E-2 5.78387E-3 1.0271E-2 1.09264E-2 1.04743E-2 9.27639E-3 9.91844E-3 1.07096E-2 1.11065E-2 9.2787E-3 7.96161E-3 6.46797E-3 3.6026E-3 6.32479E-3 7.84306E-3 9.12658E-3 1.23277E-2 1.67573E-2 8.4636E-3 8.74053E-3
-9999 -9999 -9999 -9999 -9999 -9999 -9999 -9999 -9999 -9999 -9999 -9999 -9999 -9999 -9999 -9999 -9999 -9999 -9999 -9999 -9999 -9999 -9999 -9999 -9999 -9999 -9999 1.51338E-2 1.45934E-2 1.7305E-2 1.54866E-2 1.21998E-2 1.0926E-2 9.06126E-3 6.87089E-3 7.41441E-3 1.08049E-2 1.20322E-2 7.68844E-3 1.32295E-2 7.06215E-3 1.15424E-2 1.44348E-2 8.57541E-3 9.13113E-3 4.82707E-3 9.33937E-3 1.16156E-2 1.35116E-2 1.26831E-2 1.05244E-2 9.44391E-3 6.01286E-3 8.19272E-3 1.06473E-2 1.27133E-2 1.5603E-2 1.77119E-2 1.31125E-2 1.26633E-2
