Phytophthora/models/20240506_1155_30/Phytophthora_PA3_RUN9_MAXENT_outputs/Phytophthora_PA3_RUN9.asc
ncols         225
nrows         269
xllcorner     473009.9838
yllcorner     4429051.1748
cellsize      50.0
NODATA_value  -9999
[rows 130 to 155 of 269, columns 0 to 59 of 225]
-9999 -9999 -9999 -9999 -9999 -9999 -9999 -9999 -9999 -9999 5.2106E-2 7.15872E-2 2.5031E-1 1.50461E-1 1.81117E-1 1.64475E-1 2.40444E-1 2.33139E-1 2.52511E-1 1.93374E-1 1.81897E-1 2.57456E-1 2.46259E-1 1.92635E-1 2.02094E-1 2.91171E-1 2.7303E-1 2.06603E-1 2.8357E-1 3.16555E-1 1.11487E-1 2.19456E-1 1.5089E-1 1.26392E-1 9.76711E-2 8.7756E-2 1.37649E-1 1.57032E-1 1.14076E-1 1.1366E-1 1.2857E-1 1.33363E-1 1.49877E-1 1.10095E-1 9.40717E-2 8.51033E-2 1.03623E-1 1.28396E-1 2.03783E-1 1.76148E-1 9.19521E-2 1.37048E-1 1.80542E-1 1.37962E-1 1.10104E-1 8.7985E-2 7.38515E-2 7.57621E-2 1.02259E-1 1.24746E-1
-9999 -9999 -9999 -9999 -9999 -9999 -9999 -9999 -9999 7.64016E-2 4.15907E-2 8.79103E-2 1.39353E-1 2.22542E-1 2.17559E-1 2.03441E-1 2.77384E-1 2.49689E-1 2.91321E-1 2.09069E-1 2.08946E-1 3.25178E-1 2.14862E-1 2.48396E-1 1.57769E-1 1.95816E-1 2.74215E-1 1.85536E-1 1.66402E-1 2.39564E-1 2.19725E-1 2.20826E-1 2.08128E-1 1.50305E-1 1.20453E-1 1.22788E-1 1.41787E-1 2.11549E-1 1.65694E-1 1.65383E-1 2.03027E-1 1.98473E-1 1.7975E-1 1.29844E-1 1.07192E-1 9.94914E-2 1.12974E-1 1.60915E-1 2.02598E-1 1.72108E-1 1.13319E-1 1.6656E-1 1.97539E-1 1.37766E-1 1.027E-1 7.81632E-2 6.44889E-2 7.34819E-2 9.22024E-2 1.59104E-1
-9999 -9999 -9999 -9999 -9999 -9999 -9999 -9999 -9999 1.05509E-1 7.69145E-2 4.53438E-2 2.29479E-1 1.64437E-1 2.53263E-1 2.53503E-1 2.19801E-1 2.44552E-1 2.28802E-1 2.17533E-1 2.69371E-1 2.99839E-1 2.29066E-1 2.11722E-1 2.61394E-1 1.16196E-1 1.2229E-1 1.97726E-1 1.7514E-1 1.53149E-1 2.13759E-1 2.3027E-1 9.71592E-2 1.29498E-1 1.29097E-1 1.584E-1 2.59817E-1 2.71167E-1 2.58761E-1 2.57852E-1 2.55477E-1 2.27436E-1 1.80817E-1 1.51431E-1 1.14132E-1 1.22102E-1 1.3815E-1 2.03443E-1 2.07889E-1 1.41638E-1 6.36788E-2 2.04028E-1 1.65634E-1 1.21852E-1 9.21333E-2 7.72702E-2 6.48612E-2 7.92786E-2 1.32235E-1 1.88242E-1
-9999 -9999 -9999 -9999 -9999 -9999 -9999 -9999 -9999 7.91519E-2 8.71029E-2 5.17117E-2 1.46398E-1 2.69631E-1 1.60161E-1 2.52133E-1 2.96563E-1 2.72524E-1 2.47137E-1 2.4123E-1 3.07743E-1 3.48885E-1 3.55707E-1 3.32818E-1 2.8804E-1 2.48354E-1 2.30945E-1 1.14697E-1 9.32552E-2 1.58696E-1 1.67914E-1 2.05051E-1 1.43716E-1 1.23759E-1 9.8546E-2 1.16414E-1 2.3525E-1 2.6413E-1 2.82465E-1 2.75318E-1 2.39699E-1 2.27772E-1 1.99505E-1 1.73046E-1 1.65695E-1 2.04573E-1 2.14217E-1 2.1009E-1 1.69202E-1 1.06894E-1 1.63034E-1 2.24168E-1 1.62991E-1 1.2558E-1 1.02004E-1 9.06194E-2 7.91538E-2 7.74363E-2 6.535E-2 1.94135E-1
-9999 -9999 -9999 -9999 -9999 -9999 -9999 -9999 -9999 1.00001E-1 8.24334E-2 1.20893E-1 2.39088E-1 3.40548E-1 3.34882E-1 3.33887E-1 2.87454E-1 3.40691E-1 2.9159E-1 3.23263E-1 3.3794E-1 3.91724E-1 3.94791E-1 3.32669E-1 2.95867E-1 2.72546E-1 2.47853E-1 2.23399E-1 1.96249E-1 9.1501E-2 8.88963E-2 1.93351E-1 1.94476E-1 1.25478E-1 1.23046E-1 1.13964E-1 1.70577E-1 2.02294E-1 2.01936E-1 1.70368E-1 1.75059E-1 2.21385E-1 2.11729E-1 2.14949E-1 2.64026E-1 2.43115E-1 2.2961E-1 2.00072E-1 1.54512E-1 7.9045E-2 1.89835E-1 2.39591E-1 1.73387E-1 1.38797E-1 1.18542E-1 1.05525E-1 9.22225E-2 9.88146E-2 1.64594E-1 2.30583E-1
-9999 -9999 -9999 -9999 -9999 -9999 -9999 -9999 -9999 8.12116E-2 5.94968E-2 2.05132E-1 3.02757E-1 4.02733E-1 3.64638E-1 3.53175E-1 2.25682E-1 3.29064E-1 3.58258E-1 3.59885E-1 3.9889E-1 4.86228E-1 4.5616E-1 3.61331E-1 2.96041E-1 2.64056E-1 2.29667E-1 2.03017E-1 1.98662E-1 1.75302E-1 1.31267E-1 9.39825E-2 1.58762E-1 1.51316E-1 1.35208E-1 1.32362E-1 1.45307E-1 1.57037E-1 1.75338E-1 1.15893E-1 2.19649E-1 2.23709E-1 2.4299E-1 3.12332E-1 2.77604E-1 2.3841E-1 2.18952E-1 9.50887E-2 7.00123E-2 1.18236E-1 1.5391E-1 1.54843E-1 1.77983E-1 1.55384E-1 1.34232E-1 1.12781E-1 9.55779E-2 1.09899E-1 1.53527E-1 1.2319E-1
-9999 -9999 -9999 -9999 -9999 -9999 -9999 -9999 -9999 9.71244E-2 1.45751E-1 2.02878E-1 3.29757E-1 3.04064E-1 3.40353E-1 3.28751E-1 2.38666E-1 2.19718E-1 3.66877E-1 3.83671E-1 5.18584E-1 5.70858E-1 4.84949E-1 3.67082E-1 3.10374E-1 2.60789E-1 2.13754E-1 1.92216E-1 1.98911E-1 2.0271E-1 1.97527E-1 1.78303E-1 8.79536E-2 1.54899E-1 1.55186E-1 1.56381E-1 1.65801E-1 1.73011E-1 2.02039E-1 1.1408E-1 2.18479E-1 2.38282E-1 3.42484E-1 1.82731E-1 2.05108E-1 1.68554E-1 7.52635E-2 6.51033E-2 1.33874E-1 1.40541E-1 2.42036E-1 1.67623E-1 2.03942E-1 1.78705E-1 1.49875E-1 1.26146E-1 1.13436E-1 1.2434E-1 1.55694E-1 3.00195E-1
-9999 -9999 -9999 -9999 -9999 -9999 -9999 -9999 -9999 9.82806E-2 9.49854E-2 1.34089E-1 3.47648E-1 3.29744E-1 2.52121E-1 3.06355E-1 2.98417E-1 3.66856E-1 2.23186E-1 3.30054E-1 3.89824E-1 4.24404E-1 2.54648E-1 2.74577E-1 3.12817E-1 2.69276E-1 2.2922E-1 2.09334E-1 2.10358E-1 2.08888E-1 2.05076E-1 1.93327E-1 1.13529E-1 1.64514E-1 1.76704E-1 1.82556E-1 1.85204E-1 1.18803E-1 2.1876E-1 2.28674E-1 1.43743E-1 2.63508E-1 2.29643E-1 2.99562E-1 1.73272E-1 1.3323E-1 1.37302E-1 1.33785E-1 1.39194E-1 1.47688E-1 2.75331E-1 2.06597E-1 2.14854E-1 1.95603E-1 1.70508E-1 1.49954E-1 1.33768E-1 1.40374E-1 1.74533E-1 2.25843E-1
-9999 -9999 -9999 -9999 -9999 -9999 -9999 -9999 -9999 9.39236E-2 9.15931E-2 1.26088E-1 3.47925E-1 3.62915E-1 3.67105E-1 3.23415E-1 2.14044E-1 2.83568E-1 3.91949E-1 4.0182E-1 3.95209E-1 4.28228E-1 4.19707E-1 3.87422E-1 2.92451E-1 1.89582E-1 1.93388E-1 2.29195E-1 1.19926E-1 1.47246E-1 1.18923E-1 1.99195E-1 1.3889E-1 2.02929E-1 2.17125E-1 2.16916E-1 1.26997E-1 1.89556E-1 2.48702E-1 1.61825E-1 2.32776E-1 3.64951E-1 3.59098E-1 2.28597E-1 1.72006E-1 1.5639E-1 1.53647E-1 1.42406E-1 1.46066E-1 1.69505E-1 3.04437E-1 2.12428E-1 2.59705E-1 2.22419E-1 2.01076E-1 1.76857E-1 1.56397E-1 1.60983E-1 2.00485E-1 2.34131E-1
-9999 -9999 -9999 -9999 -9999 -9999 -9999 -9999 -9999 7.19957E-2 7.93641E-2 1.2124E-1 3.45864E-1 3.72362E-1 3.92079E-1 3.95748E-1 4.25135E-1 4.05699E-1 2.6135E-1 4.41932E-1 4.77657E-1 4.6429E-1 4.32251E-1 3.90308E-1 3.32014E-1 3.04932E-1 2.41777E-1 1.97235E-1 2.50485E-1 2.38063E-1 2.28519E-1 1.35206E-1 1.33763E-1 1.33175E-1 2.39668E-1 2.39353E-1 2.37965E-1 2.39106E-1 1.68497E-1 2.65099E-1 3.10608E-1 3.61946E-1 3.59714E-1 2.01504E-1 1.62273E-1 1.55582E-1 1.55439E-1 1.43485E-1 1.45853E-1 1.90487E-1 3.28196E-1 3.37301E-1 2.31035E-1 1.45912E-1 2.18298E-1 1.92326E-1 1.62753E-1 1.76834E-1 2.19878E-1 2.35735E-1
-9999 -9999 -9999 -9999 -9999 -9999 -9999 -9999 -9999 6.96555E-2 7.73365E-2 1.14135E-1 3.36554E-1 3.68438E-1 3.87774E-1 4.06248E-1 4.36044E-1 4.53158E-1 5.05034E-1 5.33808E-1 4.73398E-1 4.21713E-1 4.53426E-1 3.94134E-1 3.47756E-1 3.46103E-1 3.23527E-1 2.9765E-1 2.59417E-1 2.36575E-1 2.38201E-1 2.28855E-1 2.18688E-1 2.24212E-1 1.60437E-1 2.64372E-1 2.61163E-1 2.07876E-1 3.27616E-1 3.00983E-1 3.84755E-1 3.46319E-1 2.43998E-1 1.86732E-1 1.64716E-1 1.54167E-1 1.45164E-1 1.3706E-1 1.51413E-1 2.18866E-1 3.34647E-1 3.65766E-1 2.81535E-1 2.57886E-1 2.43438E-1 2.06515E-1 1.68526E-1 1.8314E-1 2.10727E-1 2.35143E-1
-9999 -9999 -9999 -9999 -9999 -9999 -9999 -9999 -9999 5.59055E-2 6.57031E-2 1.04495E-1 3.21236E-1 3.49316E-1 3.78594E-1 3.96581E-1 4.25728E-1 4.64413E-1 3.01934E-1 6.13324E-1 5.76715E-1 3.08626E-1 3.54942E-1 3.88357E-1 3.79035E-1 3.69788E-1 3.16787E-1 2.72789E-1 2.47783E-1 2.25354E-1 2.30512E-1 2.2974E-1 2.30923E-1 2.61746E-1 2.61978E-1 2.88552E-1 2.4912E-1 1.89276E-1 3.61028E-1 4.0364E-1 3.62952E-1 3.36933E-1 2.10955E-1 1.9426E-1 1.75789E-1 1.48818E-1 1.36045E-1 1.31766E-1 1.64632E-1 3.11264E-1 3.28504E-1 3.75325E-1 2.63011E-1 2.77915E-1 2.46909E-1 2.06961E-1 1.77335E-1 1.93576E-1 2.08366E-1 2.16109E-1
-9999 -9999 -9999 -9999 -9999 -9999 -9999 -9999 6.2861E-2 4.57073E-2 5.25977E-2 9.53221E-2 2.81442E-1 3.03639E-1 3.39937E-1 3.71117E-1 4.13258E-1 3.90015E-1 5.89518E-1 5.94092E-1 5.72304E-1 5.01173E-1 4.48996E-1 3.16032E-1 4.24259E-1 4.10639E-1 3.23435E-1 2.65976E-1 2.34299E-1 2.0523E-1 2.22828E-1 2.21712E-1 2.28026E-1 2.89388E-1 3.35052E-1 1.94685E-1 2.69877E-1 3.17332E-1 3.9463E-1 4.07351E-1 3.47426E-1 3.52849E-1 2.50764E-1 2.39884E-1 2.12747E-1 1.94669E-1 1.891E-1 1.7951E-1 2.45555E-1 2.98137E-1 3.30991E-1 3.46411E-1 2.91773E-1 2.9279E-1 2.40146E-1 2.03416E-1 1.88535E-1 2.05466E-1 2.34902E-1 2.5946E-1
-9999 -9999 -9999 -9999 -9999 -9999 -9999 -9999 2.58725E-2 2.85808E-2 4.26216E-2 8.41993E-2 2.48833E-1 2.63252E-1 2.97137E-1 3.41121E-1 3.7207E-1 2.78783E-1 5.75299E-1 5.45122E-1 5.37894E-1 5.20566E-1 5.02527E-1 4.78151E-1 3.52789E-1 2.99705E-1 2.93788E-1 2.77989E-1 2.54388E-1 2.20789E-1 2.07642E-1 2.06664E-1 2.34446E-1 3.15601E-1 3.39542E-1 2.99926E-1 2.07051E-1 3.1921E-1 4.15657E-1 3.78915E-1 3.45172E-1 3.45242E-1 2.87065E-1 2.70606E-1 2.591E-1 2.51738E-1 2.58471E-1 2.98375E-1 2.83794E-1 2.76537E-1 3.20345E-1 2.55308E-1 2.97278E-1 2.87095E-1 2.36558E-1 2.18048E-1 2.14438E-1 2.27376E-1 2.54071E-1 2.83466E-1
-9999 -9999 -9999 -9999 -9999 -9999 -9999 -9999 1.34246E-2 2.03979E-2 3.57537E-2 6.93754E-2 2.02911E-1 2.17831E-1 2.54863E-1 3.00662E-1 3.82476E-1 4.56245E-1 5.40439E-1 5.29607E-1 4.95649E-1 4.74821E-1 4.23585E-1 4.00713E-1 3.52101E-1 1.97264E-1 2.81315E-1 2.87747E-1 2.85009E-1 2.65353E-1 2.70273E-1 2.35256E-1 2.74153E-1 3.36862E-1 3.26183E-1 2.90281E-1 1.91311E-1 3.50145E-1 4.151E-1 3.43217E-1 3.67673E-1 3.52664E-1 3.09259E-1 2.85007E-1 3.06278E-1 3.26622E-1 4.08323E-1 3.70847E-1 3.26929E-1 3.46507E-1 3.22269E-1 2.99817E-1 3.86006E-1 4.15452E-1 3.06598E-1 2.74707E-1 2.47406E-1 2.5038E-1 2.83239E-1 3.09693E-1
-9999 -9999 -9999 -9999 -9999 -9999 -9999 -9999 8.74478E-3 1.49067E-2 2.82321E-2 5.29957E-2 1.7853E-1 2.32473E-1 2.43609E-1 2.28145E-1 2.67375E-1 5.09829E-1 4.74498E-1 3.96276E-1 3.8459E-1 3.57504E-1 3.18286E-1 2.9817E-1 2.94994E-1 2.91771E-1 1.67656E-1 2.94295E-1 3.10605E-1 3.14598E-1 3.47826E-1 2.96646E-1 3.33819E-1 3.33085E-1 3.00845E-1 1.90918E-1 3.06228E-1 4.13301E-1 3.80416E-1 3.23734E-1 3.71537E-1 3.42138E-1 2.8416E-1 2.21519E-1 3.87647E-1 4.70834E-1 4.43827E-1 4.12417E-1 4.10209E-1 3.88162E-1 3.52004E-1 4.10549E-1 4.84737E-1 4.89863E-1 3.56312E-1 3.16125E-1 2.92262E-1 2.69638E-1 3.08985E-1 3.5605E-1
-9999 -9999 -9999 -9999 -9999 -9999 -9999 5.32113E-3 1.13636E-2 1.7471E-2 4.01362E-2 6.28164E-2 1.74221E-1 2.25765E-1 2.24197E-1 2.20114E-1 3.61066E-1 4.42848E-1 4.10116E-1 3.83438E-1 3.39585E-1 2.76245E-1 3.28135E-1 3.27972E-1 3.07409E-1 2.83162E-1 2.98697E-1 1.9455E-1 3.13209E-1 3.41592E-1 4.1584E-1 4.02754E-1 3.76805E-1 3.274E-1 2.46521E-1 2.9155E-1 3.52238E-1 3.99214E-1 3.37216E-1 3.10862E-1 3.72617E-1 2.9977E-1 2.89243E-1 3.36E-1 4.43686E-1 4.60153E-1 4.60629E-1 4.66596E-1 4.21275E-1 3.91703E-1 4.02204E-1 5.13632E-1 5.21954E-1 4.68951E-1 3.74832E-1 3.38785E-1 3.22917E-1 3.10446E-1 3.28172E-1 3.84293E-1
-9999 -9999 -9999 -9999 -9999 -9999 -9999 5.54818E-2 9.46133E-2 1.32016E-1 9.95315E-2 2.21557E-1 1.69599E-1 1.58086E-1 1.64209E-1 1.89979E-1 2.20284E-1 4.04247E-1 4.48539E-1 4.12801E-1 3.84032E-1 3.13921E-1 3.0862E-1 3.12322E-1 3.31305E-1 3.14553E-1 1.80784E-1 3.2144E-1 2.04559E-1 3.24617E-1 4.42352E-1 4.37553E-1 3.42589E-1 1.85971E-1 3.36046E-1 3.95369E-1 4.03549E-1 3.92296E-1 3.34948E-1 3.49875E-1 3.18616E-1 3.03598E-1 3.5173E-1 3.9647E-1 4.9125E-1 4.91887E-1 5.29162E-1 4.46089E-1 4.19108E-1 4.72404E-1 5.50402E-1 5.43264E-1 5.32356E-1 3.03189E-1 2.6556E-1 2.60152E-1 3.49211E-1 3.46642E-1 3.46415E-1 3.8573E-1
-9999 -9999 -9999 -9999 -9999 -9999 -9999 9.2354E-2 1.91944E-1 2.66892E-1 2.61481E-1 2.24927E-1 2.3976E-1 2.28892E-1 2.03772E-1 1.79823E-1 2.45345E-1 3.99394E-1 4.09258E-1 4.25819E-1 4.14584E-1 3.9934E-1 3.62903E-1 3.44359E-1 3.54187E-1 3.47345E-1 3.49268E-1 2.87258E-1 3.47073E-1 2.24799E-1 3.73872E-1 4.43469E-1 2.4527E-1 3.80025E-1 4.28453E-1 4.50147E-1 4.35287E-1 3.83221E-1 3.32235E-1 3.87176E-1 3.44864E-1 4.75414E-1 4.84712E-1 4.21238E-1 5.02874E-1 5.29509E-1 5.01368E-1 4.22481E-1 4.75956E-1 5.29103E-1 5.16985E-1 4.56013E-1 4.47971E-1 4.33064E-1 3.87536E-1 3.60097E-1 3.69816E-1 3.69445E-1 3.68487E-1 3.9958E-1
-9999 -9999 -9999 -9999 -9999 -9999 9.24193E-2 9.21308E-2 2.15277E-1 2.16585E-1 2.44037E-1 2.9974E-1 3.42315E-1 3.25321E-1 3.00746E-1 2.7331E-1 2.7779E-1 3.23953E-1 3.28053E-1 3.63501E-1 3.67112E-1 3.52371E-1 3.28145E-1 3.41297E-1 3.55604E-1 3.57042E-1 3.7553E-1 3.92046E-1 2.24309E-1 4.3873E-1 4.95925E-1 3.94985E-1 3.80698E-1 4.63408E-1 4.57842E-1 4.66293E-1 4.33911E-1 3.35708E-1 3.68324E-1 4.24785E-1 4.34742E-1 4.47899E-1 4.85295E-1 3.93777E-1 4.61895E-1 2.67244E-1 2.9671E-1 3.26581E-1 4.45853E-1 3.81216E-1 3.92115E-1 5.66247E-1 5.4581E-1 4.42291E-1 4.0328E-1 3.77789E-1 3.81286E-1 3.84163E-1 3.78815E-1 4.53984E-1
-9999 -9999 -9999 -9999 -9999 -9999 1.2408E-1 8.24192E-2 2.24469E-1 2.7659E-1 3.43035E-1 4.05556E-1 4.41579E-1 4.18034E-1 4.02769E-1 3.78642E-1 3.38054E-1 3.7272E-1 3.0615E-1 3.18063E-1 3.22934E-1 3.25861E-1 3.22541E-1 3.38456E-1 3.36476E-1 3.52053E-1 3.9213E-1 4.219E-1 4.27442E-1 4.8113E-1 5.29231E-1 4.61251E-1 5.15751E-1 5.24999E-1 4.52946E-1 4.59031E-1 4.16939E-1 2.70265E-1 4.05118E-1 4.29409E-1 4.5214E-1 4.85217E-1 5.03357E-1 2.82871E-1 4.28595E-1 4.84387E-1 5.77286E-1 5.95517E-1 5.94914E-1 5.87302E-1 4.84378E-1 5.76931E-1 5.10519E-1 4.25122E-1 3.87043E-1 3.69328E-1 3.74955E-1 3.75659E-1 3.60094E-1 4.72511E-1
-9999 -9999 -9999 -9999 -9999 1.13935E-1 1.04483E-1 2.54883E-1 2.73727E-1 3.56065E-1 4.41678E-1 4.85045E-1 5.05444E-1 4.8956E-1 4.71631E-1 4.41782E-1 4.10321E-1 4.68212E-1 3.7951E-1 3.17691E-1 3.0244E-1 3.14331E-1 3.17654E-1 3.13973E-1 3.18776E-1 3.59857E-1 4.01548E-1 4.37619E-1 4.79347E-1 5.4969E-1 5.5683E-1 4.12542E-1 5.64755E-1 5.27004E-1 4.26747E-1 4.24102E-1 4.58971E-1 3.79988E-1 4.54248E-1 4.96187E-1 4.9473E-1 3.97702E-1 2.82649E-1 4.39976E-1 5.0573E-1 5.42723E-1 5.98291E-1 6.06408E-1 6.01871E-1 5.3619E-1 5.58186E-1 5.79021E-1 5.22202E-1 4.64654E-1 3.70879E-1 3.65884E-1 3.61582E-1 3.51748E-1 3.63075E-1 2.31682E-1
-9999 -9999 -9999 -9999 -9999 1.15629E-1 6.80589E-2 2.64587E-1 3.42792E-1 4.5121E-1 5.23152E-1 5.48668E-1 5.65123E-1 5.4881E-1 5.22291E-1 4.85658E-1 4.84722E-1 5.27987E-1 4.21787E-1 3.78191E-1 3.42675E-1 3.10525E-1 2.96027E-1 2.68568E-1 3.0645E-1 3.46102E-1 3.95665E-1 4.17481E-1 4.70361E-1 5.93983E-1 5.60905E-1 4.42953E-1 5.94626E-1 5.09786E-1 4.51573E-1 4.66689E-1 3.96677E-1 4.68983E-1 5.03405E-1 4.46138E-1 4.04935E-1 3.17351E-1 4.77759E-1 5.24504E-1 5.95852E-1 6.05246E-1 6.06388E-1 5.64074E-1 4.45926E-1 5.5785E-1 5.73618E-1 5.13146E-1 5.39091E-1 5.34975E-1 3.57736E-1 3.57546E-1 3.29943E-1 3.30411E-1 3.96832E-1 4.10234E-1
-9999 -9999 -9999 -9999 -9999 -9999 2.05212E-1 3.55616E-1 4.31097E-1 5.14717E-1 5.61815E-1 5.87911E-1 5.94808E-1 5.83885E-1 5.70369E-1 5.6865E-1 6.06707E-1 5.81201E-1 4.87702E-1 4.79388E-1 4.47965E-1 3.88337E-1 2.78297E-1 1.99955E-1 2.47379E-1 2.93497E-1 3.68091E-1 4.03221E-1 4.61641E-1 5.64662E-1 6.07824E-1 4.91927E-1 5.92613E-1 5.08668E-1 5.34679E-1 5.20395E-1 4.17583E-1 4.13919E-1 4.36152E-1 4.35659E-1 3.92053E-1 4.96598E-1 5.53178E-1 5.88338E-1 6.07111E-1 4.96212E-1 5.02552E-1 6.1598E-1 6.05387E-1 5.21451E-1 5.46975E-1 5.49531E-1 5.61408E-1 2.78317E-1 4.63043E-1 3.60424E-1 3.44861E-1 3.55102E-1 4.15489E-1 4.23692E-1
-9999 -9999 -9999 -9999 -9999 -9999 1.58217E-1 3.43217E-1 5.54334E-1 5.59911E-1 5.80221E-1 5.9435E-1 6.071E-1 6.15976E-1 4.73641E-1 5.39569E-1 5.96817E-1 6.09372E-1 5.68233E-1 5.89443E-1 5.1006E-1 3.88087E-1 2.78623E-1 2.13623E-1 2.09985E-1 2.54108E-1 3.26599E-1 4.0795E-1 4.57519E-1 5.1585E-1 5.7525E-1 5.39564E-1 5.63409E-1 5.72344E-1 5.57895E-1 3.96864E-1 4.12557E-1 4.57518E-1 4.62151E-1 2.99769E-1 5.31198E-1 5.86545E-1 5.82699E-1 5.85798E-1 6.14769E-1 6.19254E-1 6.20168E-1 6.2231E-1 5.39193E-1 4.86224E-1 4.8688E-1 4.78406E-1 4.59337E-1 5.05486E-1 4.13283E-1 4.52107E-1 3.87348E-1 3.914E-1 5.21207E-1 5.98109E-1
-9999 -9999 -9999 -9999 -9999 -9999 -9999 2.09999E-1 3.11779E-1 5.76564E-1 5.69761E-1 5.73741E-1 6.06076E-1 6.50573E-1 6.85013E-1 7.38171E-1 7.18804E-1 5.37862E-1 6.85198E-1 6.69972E-1 5.11215E-1 3.82864E-1 2.93354E-1 2.32327E-1 2.57017E-1 2.97423E-1 3.54141E-1 4.21593E-1 4.88204E-1 5.42653E-1 6.37541E-1 6.33906E-1 5.66922E-1 6.33778E-1 4.9127E-1 4.19053E-1 4.58375E-1 4.84487E-1 3.52853E-1 5.50845E-1 6.15059E-1 6.07239E-1 5.68416E-1 5.78947E-1 5.83788E-1 5.39453E-1 6.09541E-1 5.58499E-1 4.92961E-1 4.67672E-1 4.61386E-1 4.55914E-1 4.6068E-1 5.51293E-1 2.88297E-1 5.68628E-1 4.28775E-1 4.35145E-1 5.00407E-1 6.05993E-1
