Phytophthora/models/20240429_1921_07/Phytophthora_PA3_RUN3_MAXENT_outputs/Phytophthora_PA3_RUN3.asc
ncols         225
nrows         269
xllcorner     473000.0
yllcorner     4429100.0
cellsize      50.0
NODATA_value  -9999
[rows 81 to 107 of 269, columns 0 to 59 of 225]
-9999 -9999 -9999 -9999 -9999 -9999 -9999 -9999 -9999 -9999 -9999 -9999 -9999 -9999 -9999 -9999 -9999 -9999 -9999 -9999 -9999 -9999 -9999 -9999 -9999 -9999 -9999 -9999 -9999 -9999 -9999 -9999 1.15242E-2 8.84876E-3 8.90644E-3 7.07013E-3 1.004E-2 1.66771E-2 1.76017E-2 1.19757E-2 3.39491E-2 3.04254E-2 3.75779E-2 4.19209E-2 3.89098E-2 2.86853E-2 3.55484E-2 1.58708E-2 1.31939E-2 3.73242E-2 2.29264E-2 5.91277E-2 4.59732E-2 5.02002E-2 1.19939E-2 8.67132E-2 7.44718E-2 2.34942E-2 9.28628E-2 5.52252E-2
-9999 -9999 -9999 -9999 -9999 -9999 -9999 -9999 -9999 -9999 -9999 -9999 -9999 -9999 -9999 -9999 -9999 -9999 -9999 -9999 -9999 -9999 -9999 -9999 -9999 -9999 -9999 -9999 -9999 -9999 -9999 -9999 1.5261E-2 1.521E-2 1.25259E-2 8.43784E-3 1.16006E-2 1.64764E-2 8.19311E-3 2.37834E-2 8.42143E-3 3.19103E-2 2.96375E-2 4.56281E-2 4.3292E-2 3.19645E-2 3.68565E-2 4.30107E-2 4.4711E-2 5.38205E-2 4.40431E-2 6.87827E-2 6.07036E-2 6.57583E-2 6.77243E-2 3.41692E-2 2.09229E-2 7.36918E-2 7.18272E-2 7.76664E-2
-9999 -9999 -9999 -9999 -9999 -9999 -9999 -9999 -9999 -9999 -9999 -9999 -9999 -9999 -9999 -9999 -9999 -9999 -9999 -9999 -9999 -9999 -9999 -9999 -9999 -9999 -9999 -9999 -9999 -9999 -9999 -9999 1.71966E-2 2.11646E-2 1.83487E-2 1.30423E-2 1.04292E-2 1.59972E-2 1.02357E-2 2.18401E-2 2.21141E-2 9.48944E-3 1.3224E-2 5.88072E-2 5.12261E-2 3.89372E-2 3.57331E-2 4.65891E-2 4.57647E-2 5.03413E-2 3.99479E-2 4.79395E-2 7.31854E-2 6.18111E-2 7.81014E-2 1.28981E-1 1.96903E-2 7.89041E-2 6.57608E-2 7.3601E-2
-9999 -9999 -9999 -9999 -9999 -9999 -9999 -9999 -9999 -9999 -9999 -9999 -9999 -9999 -9999 -9999 -9999 -9999 -9999 -9999 -9999 -9999 -9999 -9999 -9999 -9999 -9999 -9999 -9999 -9999 -9999 -9999 -9999 2.43746E-2 3.01995E-2 2.72056E-2 2.2794E-2 2.12108E-2 1.0413E-2 2.88394E-2 3.13098E-2 4.24112E-2 6.70016E-2 5.79628E-2 2.52954E-2 4.46666E-2 3.91697E-2 5.50755E-2 6.63805E-2 5.96108E-2 4.78482E-2 2.64037E-2 6.41626E-2 6.60494E-2 8.11894E-2 1.34426E-1 4.01862E-2 1.10824E-1 5.88765E-2 7.0274E-2
-9999 -9999 -9999 -9999 -9999 -9999 -9999 -9999 -9999 -9999 -9999 -9999 -9999 -9999 -9999 -9999 -9999 -9999 -9999 -9999 -9999 -9999 -9999 -9999 -9999 -9999 -9999 -9999 -9999 -9999 -9999 -9999 -9999 2.99411E-2 3.53333E-2 3.72517E-2 4.69525E-2 3.97214E-2 1.47132E-2 3.8036E-2 5.14113E-2 5.54487E-2 6.27978E-2 6.52347E-2 6.55736E-2 9.51539E-3 4.23535E-2 5.0387E-2 8.731E-2 4.45881E-2 1.65289E-2 5.17206E-2 4.67005E-2 6.30203E-2 9.28193E-2 8.84889E-2 3.66547E-2 6.62297E-2 6.36796E-2 6.60797E-2
-9999 -9999 -9999 -9999 -9999 -9999 -9999 -9999 -9999 -9999 -9999 -9999 -9999 -9999 -9999 -9999 -9999 -9999 -9999 -9999 -9999 -9999 -9999 -9999 -9999 -9999 -9999 -9999 -9999 -9999 -9999 -9999 -9999 -9999 1.15819E-1 3.96287E-2 2.86113E-2 3.24157E-2 1.16231E-2 3.44778E-2 3.41093E-2 3.26475E-2 3.5582E-2 3.71362E-2 4.33831E-2 2.3687E-2 4.87075E-2 2.8627E-2 3.95196E-2 9.66119E-2 5.6884E-2 1.49028E-2 6.17023E-2 6.73518E-2 9.67246E-2 3.1369E-2 1.86488E-2 4.26429E-2 4.98926E-2 4.5764E-2
-9999 -9999 -9999 -9999 -9999 -9999 -9999 -9999 -9999 -9999 -9999 -9999 -9999 -9999 -9999 -9999 -9999 -9999 -9999 -9999 -9999 -9999 -9999 -9999 -9999 -9999 -9999 -9999 -9999 -9999 -9999 -9999 -9999 -9999 6.47144E-2 3.14512E-2 3.99697E-2 1.61673E-2 3.98511E-2 4.62592E-2 3.58279E-2 3.80521E-2 3.44527E-2 3.50525E-2 4.68668E-2 5.25119E-2 1.50117E-2 5.31809E-2 5.08714E-2 8.55429E-2 5.72524E-2 6.47453E-2 1.59745E-2 6.51148E-2 1.01847E-1 8.94207E-2 6.84991E-2 1.84807E-2 5.99205E-2 5.38896E-2
-9999 -9999 -9999 -9999 -9999 -9999 -9999 -9999 -9999 -9999 -9999 -9999 -9999 -9999 -9999 -9999 -9999 -9999 -9999 -9999 -9999 -9999 -9999 -9999 -9999 -9999 -9999 -9999 -9999 -9999 -9999 -9999 -9999 -9999 7.2231E-2 3.64929E-2 1.78415E-2 5.7964E-2 5.04782E-2 4.6262E-2 4.44761E-2 4.78274E-2 4.56819E-2 4.3108E-2 5.61508E-2 4.77385E-2 5.47263E-2 4.94803E-2 4.34257E-2 4.25002E-2 5.36212E-2 5.53868E-2 5.72977E-2 3.00551E-2 3.3353E-2 7.8821E-2 1.01406E-1 8.48795E-2 2.81252E-2 6.26706E-2
-9999 -9999 -9999 -9999 -9999 -9999 -9999 -9999 -9999 -9999 -9999 -9999 -9999 -9999 -9999 -9999 -9999 -9999 -9999 -9999 -9999 -9999 -9999 -9999 -9999 -9999 -9999 -9999 -9999 -9999 -9999 -9999 -9999 -9999 7.56847E-2 4.155E-2 5.3747E-2 2.38986E-2 5.34682E-2 4.90657E-2 4.97546E-2 1.84888E-2 5.07584E-2 5.52507E-2 7.63926E-2 1.15794E-2 5.74137E-2 4.55247E-2 4.14857E-2 3.39066E-2 4.4873E-2 4.39886E-2 5.38658E-2 5.96007E-2 9.55388E-2 1.01154E-1 3.35334E-2 1.80476E-2 2.26449E-2 5.97309E-2
-9999 -9999 -9999 -9999 -9999 -9999 -9999 -9999 -9999 -9999 -9999 -9999 -9999 -9999 -9999 -9999 -9999 -9999 -9999 -9999 -9999 -9999 -9999 -9999 -9999 -9999 -9999 -9999 -9999 -9999 -9999 -9999 -9999 -9999 7.75289E-2 4.38829E-2 5.3754E-2 4.05457E-2 6.0277E-2 4.87635E-2 6.04747E-2 1.9265E-2 5.73737E-2 6.40657E-2 1.00664E-1 2.86534E-2 5.36128E-2 4.30311E-2 3.64766E-2 3.70739E-2 4.01514E-2 3.87123E-2 4.45493E-2 5.35075E-2 7.22032E-2 8.5759E-2 8.95379E-2 6.02433E-2 2.44086E-2 4.31764E-2
-9999 -9999 -9999 -9999 -9999 -9999 -9999 -9999 -9999 -9999 -9999 -9999 -9999 -9999 -9999 -9999 -9999 -9999 -9999 -9999 -9999 -9999 -9999 -9999 -9999 -9999 -9999 -9999 -9999 -9999 -9999 -9999 -9999 5.34995E-2 6.39586E-2 3.46612E-2 4.76649E-2 4.58029E-2 5.05075E-2 4.69522E-2 4.58434E-2 6.0018E-2 6.19492E-2 6.69327E-2 9.57611E-2 3.59297E-2 6.36233E-2 4.84589E-2 3.77444E-2 3.84293E-2 3.01278E-2 2.49642E-2 3.07731E-2 4.17226E-2 6.21538E-2 9.90467E-2 1.03978E-1 3.70502E-2 4.02778E-2 7.44273E-2
-9999 -9999 -9999 -9999 -9999 -9999 -9999 -9999 -9999 -9999 -9999 -9999 -9999 -9999 -9999 -9999 -9999 -9999 -9999 -9999 -9999 -9999 5.45397E-2 5.8697E-2 -9999 -9999 -9999 -9999 -9999 -9999 4.39436E-2 5.10719E-2 5.69408E-2 6.76456E-2 7.1592E-2 3.25315E-2 4.43795E-2 4.6476E-2 2.19442E-2 5.13381E-2 4.61713E-2 7.88227E-2 5.55583E-2 7.28176E-2 7.17188E-2 6.18632E-2 8.59628E-2 5.29935E-2 4.76435E-2 4.0574E-2 3.56458E-2 3.04073E-2 3.46031E-2 6.16903E-2 7.93044E-2 2.88916E-2 2.00754E-2 6.43695E-2 5.09884E-2 2.32308E-2
-9999 -9999 -9999 -9999 -9999 -9999 -9999 -9999 -9999 -9999 -9999 -9999 -9999 -9999 -9999 -9999 -9999 -9999 4.70922E-4 1.4855E-3 4.18841E-2 5.27461E-2 5.80158E-2 6.66026E-2 3.77226E-2 3.93608E-3 4.27378E-3 2.61743E-3 2.05939E-3 3.40065E-3 6.17811E-2 7.25915E-2 7.8463E-2 6.93954E-2 6.44477E-2 3.30031E-2 4.37858E-2 3.01988E-2 3.01255E-2 5.1712E-2 4.79588E-2 6.99551E-2 4.5264E-2 2.87343E-2 2.16919E-2 1.14331E-1 1.0413E-1 7.59641E-2 5.82105E-2 4.3165E-2 4.29798E-2 3.25068E-2 3.46195E-2 3.79288E-2 1.09461E-2 -9999 4.15895E-2 5.98091E-2 6.25575E-2 6.65227E-2
-9999 -9999 -9999 -9999 -9999 -9999 -9999 -9999 -9999 -9999 -9999 -9999 -9999 -9999 -9999 -9999 -9999 6.41584E-4 5.53014E-4 1.35859E-3 3.59177E-2 4.89548E-2 5.65732E-2 6.74526E-2 4.47313E-2 1.21287E-3 4.62056E-4 2.08162E-3 2.17743E-3 4.15982E-3 8.77028E-2 9.98001E-2 1.08321E-1 9.17141E-2 8.38818E-2 3.83157E-2 1.33206E-2 2.53567E-2 1.32309E-2 4.87661E-2 4.73701E-2 6.81897E-2 8.92439E-2 7.16798E-2 5.99926E-2 4.08476E-2 1.10995E-1 7.26243E-2 4.52563E-2 3.91606E-2 1.68365E-2 3.20013E-2 3.65521E-2 8.39373E-3 3.88989E-2 4.17747E-2 3.94118E-2 -9999 6.02208E-2 1.83844E-2
-9999 -9999 -9999 -9999 -9999 -9999 -9999 -9999 -9999 -9999 -9999 -9999 -9999 -9999 6.08752E-4 7.4518E-4 7.71929E-4 9.00163E-4 8.21556E-4 1.62558E-3 3.77182E-2 5.16652E-2 6.98367E-2 8.57974E-2 6.1416E-2 1.85447E-3 1.81694E-3 9.3561E-4 2.34222E-3 4.41719E-3 8.70847E-2 1.13219E-1 9.5228E-2 1.09649E-1 1.01992E-1 1.53543E-2 4.84726E-2 2.40311E-2 5.12218E-2 4.70184E-2 4.69653E-2 7.14303E-2 8.35014E-2 7.64525E-2 6.13455E-2 4.60988E-2 2.48282E-2 2.14218E-2 2.45161E-2 3.88878E-2 4.73128E-2 4.98917E-2 2.94423E-2 4.06805E-2 4.11933E-2 4.45545E-2 3.93987E-2 2.40872E-2 3.13964E-2 4.50204E-2
-9999 -9999 -9999 -9999 -9999 -9999 -9999 -9999 -9999 -9999 -9999 -9999 1.56662E-2 1.94892E-2 2.91213E-2 4.75244E-2 5.14131E-2 5.96022E-2 6.26925E-2 5.63016E-2 3.13753E-2 3.39842E-2 4.29415E-2 5.4027E-2 6.33659E-2 7.10352E-2 7.71282E-2 4.98676E-2 6.84189E-2 7.45366E-2 1.00535E-1 1.25128E-1 8.27942E-2 1.19522E-1 1.29003E-1 3.21127E-2 1.41324E-1 6.46856E-2 1.33623E-1 1.22661E-1 1.49221E-1 2.34932E-1 2.38734E-1 7.22755E-2 9.81862E-2 1.26417E-1 1.02899E-1 9.34864E-2 8.91024E-2 8.08675E-2 1.01614E-1 1.27367E-1 1.16303E-1 1.11638E-1 1.05117E-1 7.39131E-2 5.00382E-2 4.93363E-2 4.9197E-2 7.51831E-2
-9999 -9999 -9999 -9999 -9999 -9999 -9999 -9999 -9999 -9999 -9999 2.02372E-2 2.56444E-2 3.42627E-2 4.76931E-2 7.72715E-2 9.2709E-2 1.00038E-1 1.00228E-1 7.94463E-2 5.82761E-2 4.89473E-2 5.24832E-2 6.29492E-2 7.18303E-2 7.5638E-2 9.67493E-2 1.04435E-1 6.54747E-2 1.12388E-1 1.28723E-1 1.45468E-1 1.06539E-1 1.42732E-1 1.33797E-1 3.60172E-2 1.36727E-1 1.17566E-1 1.38894E-1 1.54658E-1 1.20217E-1 6.41329E-2 1.23418E-1 2.54277E-1 1.67846E-1 1.54894E-1 1.3318E-1 9.51845E-2 8.24645E-2 8.18451E-2 1.02525E-1 1.27171E-1 9.97651E-2 1.01167E-1 1.00161E-1 8.7066E-2 4.79984E-2 6.58389E-2 6.28589E-2 6.88303E-2
-9999 -9999 -9999 -9999 -9999 -9999 -9999 -9999 -9999 -9999 -9999 2.93634E-2 3.78895E-2 5.26342E-2 7.01088E-2 1.1272E-1 9.67196E-2 1.34362E-1 1.22508E-1 9.9251E-2 7.34062E-2 6.38204E-2 5.26915E-2 6.13438E-2 6.88947E-2 7.28763E-2 8.56063E-2 1.11457E-1 6.03355E-2 1.38463E-1 1.49235E-1 1.47962E-1 1.55321E-1 4.17456E-2 1.38217E-1 6.8779E-2 1.45391E-1 4.8213E-2 1.43041E-1 6.97231E-2 1.95859E-1 2.36967E-1 2.26341E-1 2.12598E-1 1.92774E-1 1.77145E-1 9.44502E-2 7.99201E-2 7.97693E-2 1.09991E-1 1.59018E-1 1.45295E-1 1.14895E-1 1.18815E-1 1.21063E-1 9.97916E-2 1.09504E-1 9.78061E-2 7.89148E-2 7.4756E-2
-9999 -9999 -9999 -9999 -9999 -9999 -9999 -9999 -9999 -9999 -9999 3.66772E-2 4.73797E-2 5.58382E-2 7.19927E-2 1.20179E-1 1.02317E-1 1.08844E-1 1.38116E-1 1.20453E-1 9.3752E-2 7.42611E-2 6.201E-2 6.18443E-2 7.01704E-2 7.26056E-2 9.90824E-2 1.43285E-1 1.66327E-1 7.51467E-2 2.02365E-1 1.82122E-1 1.53023E-1 1.4984E-1 4.01666E-2 7.07795E-2 1.03108E-1 3.91314E-2 7.59961E-2 7.52954E-2 1.77204E-1 2.01407E-1 1.88957E-1 1.96434E-1 7.80719E-2 1.09042E-1 7.39798E-2 7.57007E-2 9.25531E-2 1.22651E-1 1.46254E-1 4.91841E-2 1.28835E-1 8.77945E-2 1.3293E-1 1.24185E-1 1.17277E-1 1.01561E-1 8.54095E-2 8.65789E-2
-9999 -9999 -9999 -9999 -9999 -9999 -9999 -9999 -9999 -9999 -9999 3.54488E-2 4.71667E-2 5.51711E-2 7.80795E-2 1.42014E-1 1.67871E-1 4.90985E-2 1.81358E-1 1.43826E-1 1.03569E-1 8.55407E-2 7.24811E-2 6.4201E-2 6.36616E-2 7.07261E-2 1.17818E-1 1.51509E-1 1.63847E-1 1.71747E-1 1.90395E-1 8.91387E-2 6.23347E-2 1.45666E-1 1.58566E-1 1.28086E-1 1.34785E-1 1.16479E-1 8.04209E-2 1.50331E-1 1.48901E-1 2.25308E-1 2.02873E-1 7.96784E-2 1.80309E-1 9.74516E-2 8.61416E-2 7.59467E-2 9.00279E-2 1.09084E-1 1.30767E-1 1.33484E-1 1.13453E-1 1.34417E-1 8.81645E-2 5.1039E-2 1.12439E-1 1.03146E-1 1.03725E-1 1.01751E-1
-9999 -9999 -9999 -9999 -9999 -9999 -9999 -9999 -9999 -9999 -9999 4.93538E-2 6.47939E-2 8.91965E-2 1.43538E-1 2.1247E-1 2.49529E-1 7.83216E-2 2.59575E-1 2.02427E-1 1.60216E-1 1.31898E-1 1.05585E-1 7.86053E-2 9.36254E-2 1.25987E-1 1.52709E-1 1.73735E-1 1.82786E-1 1.61764E-1 2.12132E-1 2.45364E-1 7.59689E-2 1.98069E-1 1.44645E-1 1.41413E-1 1.63998E-1 7.28586E-2 5.62691E-2 1.65925E-1 1.0531E-1 7.57905E-2 1.13698E-1 1.1741E-1 9.24634E-2 8.69973E-2 7.2568E-2 6.47486E-2 5.98476E-2 7.19765E-2 9.31448E-2 1.015E-1 1.00691E-1 1.09752E-1 1.79004E-1 8.52636E-2 4.43425E-2 1.07887E-1 1.06975E-1 9.63001E-2
-9999 -9999 -9999 -9999 -9999 -9999 -9999 -9999 -9999 -9999 -9999 6.02347E-2 9.03058E-2 1.48113E-1 1.69253E-1 2.28617E-1 2.70009E-1 1.34442E-1 3.44214E-1 2.99916E-1 2.00549E-1 1.37045E-1 1.12893E-1 8.93541E-2 8.73375E-2 1.19888E-1 1.32814E-1 1.53457E-1 1.29218E-1 1.98473E-1 2.68253E-1 2.35897E-1 1.52246E-1 1.85951E-1 1.34034E-1 1.51876E-1 1.71993E-1 7.55303E-2 1.70606E-1 7.94388E-2 6.64582E-2 8.63363E-2 1.05936E-1 7.99539E-2 1.82029E-2 9.65707E-2 8.54658E-2 7.07276E-2 6.16153E-2 6.75489E-2 8.46445E-2 8.58201E-2 8.85098E-2 9.46649E-2 1.59878E-1 1.12618E-1 1.0184E-1 3.67424E-2 3.59903E-2 7.41031E-2
-9999 -9999 -9999 -9999 -9999 -9999 -9999 -9999 -9999 -9999 -9999 6.94209E-2 1.31209E-1 1.60541E-1 1.73724E-1 2.3213E-1 2.7682E-1 3.28402E-1 2.65345E-1 2.40806E-1 1.55599E-1 1.27492E-1 1.0999E-1 8.55447E-2 1.04894E-1 1.35978E-1 1.4903E-1 1.66047E-1 1.68128E-1 2.08719E-1 2.38701E-1 7.948E-2 7.62928E-2 1.63259E-1 1.48635E-1 1.68874E-1 1.89173E-1 9.45738E-2 1.99881E-1 1.37293E-1 8.40844E-2 8.69668E-2 7.84248E-2 9.13818E-2 9.55331E-2 3.21864E-2 1.0552E-1 8.58995E-2 7.46487E-2 7.39731E-2 7.19941E-2 7.30702E-2 8.01797E-2 7.75551E-2 1.43843E-1 1.37135E-1 9.45217E-2 9.68954E-2 1.12183E-1 1.16822E-1
-9999 -9999 -9999 -9999 -9999 -9999 -9999 -9999 -9999 -9999 -9999 5.00034E-2 5.54376E-2 6.22103E-2 1.44997E-1 2.04429E-1 1.00413E-1 3.0155E-1 2.26385E-1 1.93543E-1 1.47561E-1 1.33112E-1 1.10748E-1 9.98496E-2 1.7214E-1 1.49467E-1 1.68566E-1 1.74139E-1 1.58973E-1 1.60804E-1 2.00125E-1 1.27565E-1 1.72114E-1 1.52768E-1 1.42387E-1 1.60601E-1 1.92521E-1 1.86748E-1 1.30254E-1 1.40176E-1 6.71632E-2 6.71059E-2 6.05791E-2 7.07263E-2 9.25534E-2 5.82202E-2 1.3995E-1 9.68164E-2 1.01944E-1 7.44052E-2 6.07695E-2 5.98901E-2 6.96541E-2 6.53879E-2 1.14672E-1 1.13555E-1 8.99644E-2 7.43368E-2 8.66412E-2 9.30472E-2
-9999 -9999 -9999 -9999 -9999 -9999 -9999 -9999 -9999 -9999 -9999 7.14086E-2 9.26738E-2 8.47705E-2 1.21847E-1 1.72255E-1 1.5273E-1 2.11263E-1 1.81691E-1 1.705E-1 1.26503E-1 1.23364E-1 1.14288E-1 1.12423E-1 1.90255E-1 1.75614E-1 1.37227E-1 1.32874E-1 1.41066E-1 7.2056E-2 4.88438E-2 1.88868E-1 1.57366E-1 1.32528E-1 1.16722E-1 1.32914E-1 1.49941E-1 1.72811E-1 8.70955E-2 1.42067E-1 7.35461E-2 6.37269E-2 5.7374E-2 6.39166E-2 9.12057E-2 9.72303E-2 3.15268E-2 7.24141E-2 7.91834E-2 6.7057E-2 6.77622E-2 6.66483E-2 6.9204E-2 6.05719E-2 1.05976E-1 9.80786E-2 6.32673E-2 6.11345E-2 6.82517E-2 7.42711E-2
-9999 -9999 -9999 -9999 -9999 -9999 -9999 -9999 -9999 -9999 -9999 1.07684E-1 1.42258E-1 1.66475E-1 9.70309E-2 1.18928E-1 1.66227E-1 1.55597E-1 1.3409E-1 1.16243E-1 1.31566E-1 1.64114E-1 1.40235E-1 2.27773E-1 2.14924E-1 2.57489E-1 1.99291E-1 1.2109E-1 1.26289E-1 2.08217E-1 1.70326E-1 1.50591E-1 1.30692E-1 1.03036E-1 7.90653E-2 4.82738E-2 6.30177E-2 7.64642E-2 4.42826E-2 8.03906E-2 4.94289E-2 4.29545E-2 3.64919E-2 4.52406E-2 5.43278E-2 9.98466E-2 9.73986E-2 -9999 7.03602E-2 7.85193E-2 5.46254E-2 5.49398E-2 5.19414E-2 4.41075E-2 7.12728E-2 8.44033E-2 6.91053E-2 7.30417E-2 8.01239E-2 8.30499E-2
-9999 -9999 -9999 -9999 -9999 -9999 -9999 -9999 -9999 -9999 -9999 1.46326E-1 1.8036E-1 1.98769E-1 1.96391E-1 1.62394E-1 1.64843E-1 1.34303E-1 1.14579E-1 1.13343E-1 1.57771E-1 1.94591E-1 2.18603E-1 9.14813E-2 2.79357E-1 1.39578E-1 5.50051E-2 2.18559E-1 2.05509E-1 1.74903E-1 1.48372E-1 1.31244E-1 1.12204E-1 9.28012E-2 8.24742E-2 5.05501E-2 7.12755E-2 7.3704E-2 3.4565E-2 7.66469E-2 4.8975E-2 4.61571E-2 4.45379E-2 5.34364E-2 5.40303E-2 7.29535E-2 7.86793E-2 8.71667E-2 5.14188E-2 8.21797E-2 6.6105E-2 6.15794E-2 5.43207E-2 8.30083E-2 8.24687E-2 6.12344E-2 5.73025E-2 7.68427E-2 8.49454E-2 1.0283E-1
