Phytophthora/models/20240429_1921_07/Phytophthora_PA3_RUN3_MAXENT_outputs/Phytophthora_PA3_RUN3.asc
ncols         225
nrows         269
xllcorner     473000.0
yllcorner     4429100.0
cellsize      50.0
NODATA_value  -9999
[rows 216 to 242 of 269, columns 120 to 179 of 225]
3.90889E-1 3.36637E-1 2.83944E-1 2.37997E-1 2.32972E-1 2.48867E-1 2.05184E-1 1.97755E-1 1.95716E-1 1.32127E-1 9.91524E-2 7.7578E-2 1.10586E-1 7.46778E-2 1.0286E-1 2.80782E-1 3.68019E-1 3.48188E-1 3.76384E-1 4.02577E-1 4.83772E-1 5.84787E-1 4.8348E-1 5.74892E-1 5.76219E-1 3.77738E-1 4.04762E-1 2.14448E-1 3.2695E-1 2.74525E-1 2.92318E-1 2.8699E-1 4.77643E-1 4.6629E-1 5.77808E-1 2.19091E-1 5.38478E-1 4.46559E-1 4.74986E-1 4.41043E-1 3.79714E-1 4.141E-1 4.35886E-1 4.28522E-1 4.51594E-1 3.8447E-1 3.28748E-1 3.00954E-1 2.71851E-1 2.32622E-1 1.71687E-1 1.06655E-1 9.31941E-2 7.79234E-2 1.16274E-1 1.03463E-1 1.43104E-1 1.25771E-1 1.25731E-1 1.296E-1
3.37885E-1 2.74669E-1 2.57039E-1 2.67711E-1 2.54736E-1 2.62117E-1 2.28213E-1 1.95747E-1 1.90247E-1 1.77641E-1 1.62277E-1 1.75791E-1 1.23762E-1 1.63879E-1 1.20575E-1 2.79511E-1 2.81932E-1 3.14912E-1 3.49409E-1 3.63873E-1 3.83559E-1 4.95294E-1 3.9655E-1 5.77477E-1 5.69388E-1 4.14329E-1 1.31819E-1 3.8655E-1 2.66827E-1 2.73682E-1 3.05239E-1 3.44812E-1 4.8441E-1 2.97438E-1 2.54777E-1 5.63175E-1 4.49991E-1 4.21233E-1 4.82829E-1 4.33915E-1 3.97654E-1 4.90801E-1 2.1982E-1 2.76109E-1 4.82073E-1 3.87457E-1 3.48659E-1 2.9423E-1 2.73281E-1 2.37544E-1 1.44537E-1 1.04675E-1 1.0062E-1 9.35223E-2 5.47587E-2 1.50529E-1 1.12172E-1 1.50065E-1 1.58993E-1 2.09471E-1
5.14691E-1 3.96257E-1 3.43949E-1 3.42316E-1 3.06184E-1 3.10215E-1 2.67394E-1 2.07137E-1 1.86415E-1 1.85879E-1 1.9006E-1 2.09531E-1 2.13467E-1 2.11944E-1 2.33205E-1 2.56311E-1 2.58502E-1 2.68999E-1 3.15193E-1 3.31314E-1 3.48598E-1 3.738E-1 5.29648E-1 5.77959E-1 5.31271E-1 4.06614E-1 3.57923E-1 1.75397E-1 3.04568E-1 2.03802E-1 3.45601E-1 4.84125E-1 2.37311E-1 5.57778E-1 5.20411E-1 5.05764E-1 4.47767E-1 4.77788E-1 5.08692E-1 4.6255E-1 3.81478E-1 4.53357E-1 4.87937E-1 1.76822E-1 4.56624E-1 3.23974E-1 3.59125E-1 2.80811E-1 2.5905E-1 1.96239E-1 1.24523E-1 1.02308E-1 1.05789E-1 4.55387E-2 1.22556E-1 9.80993E-2 1.27486E-1 1.21233E-1 2.27704E-1 2.75488E-1
4.48411E-1 4.3139E-1 4.21757E-1 3.55663E-1 3.2242E-1 3.14011E-1 2.68105E-1 2.18189E-1 2.06913E-1 2.01042E-1 2.11045E-1 2.23501E-1 2.32711E-1 2.24047E-1 2.32731E-1 2.62517E-1 3.0268E-1 3.10981E-1 3.22124E-1 3.17657E-1 3.19499E-1 3.63643E-1 5.16103E-1 5.14582E-1 4.53161E-1 3.90577E-1 2.13901E-1 3.05725E-1 8.4498E-2 2.15551E-1 3.7174E-1 4.15358E-1 2.89259E-1 5.075E-1 4.2998E-1 4.69587E-1 4.88257E-1 5.18114E-1 5.43085E-1 5.19708E-1 3.7984E-1 3.81324E-1 4.35312E-1 5.66512E-1 5.67678E-1 3.8292E-1 3.55458E-1 2.69249E-1 2.30448E-1 1.41258E-1 1.22044E-1 8.18982E-2 1.06783E-1 6.66054E-2 9.53427E-2 1.08956E-1 1.21444E-1 2.64108E-1 2.96326E-1 3.87381E-1
3.72694E-1 3.74197E-1 3.59042E-1 3.33162E-1 3.50871E-1 3.48079E-1 2.92682E-1 2.44665E-1 2.16104E-1 2.06154E-1 2.23313E-1 2.44208E-1 2.5207E-1 2.6818E-1 2.84316E-1 3.28489E-1 3.81849E-1 3.59599E-1 3.55286E-1 3.71723E-1 3.72994E-1 4.78532E-1 5.09289E-1 4.47329E-1 4.42719E-1 3.86941E-1 2.84258E-1 2.88163E-1 2.95778E-1 1.29937E-1 1.81257E-1 3.66361E-1 4.97549E-1 4.45335E-1 3.9822E-1 4.97642E-1 5.3869E-1 5.52456E-1 5.80732E-1 5.60201E-1 4.20479E-1 3.9053E-1 4.34173E-1 5.01642E-1 5.2916E-1 3.77705E-1 3.26518E-1 2.62984E-1 1.95987E-1 1.33796E-1 4.69577E-2 1.13885E-1 5.8706E-2 5.11137E-2 8.999E-2 1.42067E-1 1.32025E-1 2.02591E-1 2.17872E-1 3.47916E-1
1.03893E-1 3.81531E-1 3.48606E-1 3.28467E-1 3.0835E-1 3.52797E-1 3.17758E-1 2.64216E-1 2.33813E-1 2.28624E-1 3.17891E-1 3.41975E-1 3.42993E-1 3.5855E-1 3.68732E-1 4.07503E-1 4.11734E-1 3.76547E-1 3.8097E-1 3.97688E-1 4.81416E-1 5.6237E-1 5.4697E-1 4.79579E-1 5.13527E-1 4.0896E-1 4.71945E-1 3.09545E-1 3.24663E-1 3.37255E-1 4.30006E-1 3.67129E-1 4.15454E-1 3.12205E-1 2.97632E-1 3.60097E-1 3.96329E-1 2.67376E-1 2.2411E-1 3.59383E-1 4.77237E-1 4.29295E-1 4.22271E-1 4.88219E-1 4.77631E-1 2.84607E-1 2.31303E-1 1.57199E-1 2.30113E-1 1.24101E-1 7.85052E-2 5.77953E-2 9.38338E-2 1.01351E-1 1.02886E-1 1.69341E-1 2.24968E-1 2.61896E-1 2.57962E-1 3.79374E-1
4.23714E-1 4.17743E-1 3.79097E-1 3.4763E-1 3.49518E-1 4.02632E-1 3.6295E-1 3.02099E-1 2.6177E-1 2.66424E-1 3.92737E-1 4.3128E-1 3.95334E-1 4.20231E-1 4.34271E-1 4.83632E-1 4.4789E-1 4.14937E-1 4.4072E-1 4.36399E-1 6.28594E-1 6.12559E-1 5.71634E-1 5.66363E-1 6.62471E-1 2.98905E-1 3.80462E-1 2.78738E-1 3.01468E-1 3.32987E-1 3.70881E-1 3.3365E-1 3.84684E-1 2.74532E-1 3.37796E-1 3.66096E-1 3.74296E-1 3.82741E-1 4.05115E-1 2.46614E-1 5.06588E-1 4.59258E-1 4.05896E-1 3.434E-1 3.32361E-1 2.07365E-1 1.75318E-1 1.62145E-1 5.50337E-2 1.31698E-1 1.23758E-1 1.13291E-1 1.36522E-1 1.73172E-1 1.61624E-1 1.9959E-1 2.90915E-1 3.38213E-1 3.4039E-1 3.75241E-1
3.66782E-1 3.64751E-1 4.0593E-1 4.06418E-1 4.0219E-1 4.78607E-1 3.84117E-1 3.20079E-1 2.87987E-1 3.00754E-1 4.16069E-1 5.53454E-1 4.48751E-1 4.85372E-1 4.93992E-1 5.31975E-1 4.85332E-1 4.66236E-1 5.14055E-1 5.0447E-1 6.93739E-1 6.71115E-1 6.49649E-1 6.9716E-1 6.00541E-1 2.28612E-1 3.82464E-1 3.26153E-1 2.90934E-1 2.9919E-1 3.13347E-1 3.13356E-1 3.40074E-1 3.01577E-1 3.06904E-1 3.2071E-1 3.21984E-1 3.43093E-1 3.81849E-1 1.88191E-1 5.17868E-1 4.81608E-1 4.24851E-1 3.96406E-1 3.22984E-1 2.01194E-1 1.83821E-1 1.73079E-1 1.36762E-1 1.26669E-1 1.70576E-1 1.97618E-1 2.18691E-1 2.1526E-1 2.33728E-1 3.59531E-1 3.31189E-1 2.89731E-1 2.7666E-1 3.10242E-1
4.05168E-1 4.2267E-1 5.06791E-1 4.79016E-1 4.91566E-1 5.06717E-1 3.97983E-1 3.62117E-1 3.02915E-1 3.45164E-1 4.53921E-1 5.79551E-1 5.77455E-1 5.57694E-1 5.33698E-1 5.71874E-1 5.99114E-1 5.42737E-1 5.97936E-1 5.47348E-1 6.98741E-1 7.19E-1 6.79217E-1 4.19585E-1 6.27513E-1 4.26262E-1 3.75646E-1 3.3012E-1 2.79394E-1 2.51365E-1 2.639E-1 2.88878E-1 2.82475E-1 2.19218E-1 2.35934E-1 2.68246E-1 2.9966E-1 3.39977E-1 3.81123E-1 2.31576E-1 1.71239E-1 4.80921E-1 4.49809E-1 4.33757E-1 3.81607E-1 2.52992E-1 2.10468E-1 1.78116E-1 1.49369E-1 2.2772E-1 1.45838E-1 1.62399E-1 1.55732E-1 1.54149E-1 1.7095E-1 2.18405E-1 2.64592E-1 2.70095E-1 2.65416E-1 2.83319E-1
5.18159E-1 5.557E-1 5.90632E-1 2.20267E-1 5.90386E-1 4.92126E-1 4.00261E-1 3.5851E-1 2.91325E-1 3.42961E-1 5.06313E-1 6.08062E-1 6.53827E-1 6.36392E-1 5.99214E-1 6.00672E-1 6.75539E-1 6.25391E-1 3.09292E-1 6.95189E-1 7.14251E-1 5.07748E-1 5.95138E-1 6.5646E-1 5.90353E-1 3.98802E-1 3.63683E-1 3.09426E-1 2.64643E-1 3.43258E-1 2.23247E-1 2.66524E-1 2.15632E-1 1.85985E-1 2.32379E-1 2.77866E-1 3.07588E-1 3.7736E-1 4.05834E-1 2.82218E-1 2.71062E-1 4.87536E-1 4.93197E-1 4.91627E-1 4.8384E-1 3.24635E-1 3.02078E-1 2.03681E-1 9.73141E-2 1.3296E-1 1.26456E-1 1.67531E-1 1.78604E-1 1.79633E-1 1.82959E-1 2.08579E-1 2.40213E-1 2.79829E-1 3.00793E-1 9.64323E-2
4.78815E-1 6.5895E-1 3.29481E-1 5.79364E-1 4.63548E-1 3.08664E-1 3.026E-1 2.71807E-1 2.25194E-1 2.72882E-1 4.39956E-1 5.69453E-1 6.25283E-1 5.61233E-1 4.76294E-1 2.87525E-1 4.02356E-1 5.36781E-1 6.82011E-1 6.29732E-1 6.45198E-1 6.25674E-1 3.38461E-1 6.18193E-1 5.6277E-1 4.74787E-1 4.33827E-1 3.92944E-1 3.96339E-1 4.13294E-1 1.71063E-1 2.08061E-1 1.98632E-1 1.87312E-1 2.2783E-1 2.6861E-1 3.29106E-1 3.61968E-1 3.65935E-1 3.07854E-1 5.11858E-1 3.2195E-1 3.54296E-1 4.98167E-1 4.92215E-1 4.7989E-1 4.50953E-1 4.04501E-1 9.45138E-2 1.36021E-1 9.94692E-2 1.1614E-1 1.31697E-1 1.71287E-1 2.18692E-1 3.01827E-1 3.32445E-1 3.73416E-1 1.94107E-1 3.89003E-1
3.72477E-1 3.72352E-1 5.33743E-1 4.05451E-1 3.63933E-1 2.24374E-1 3.23423E-1 2.07701E-1 2.43337E-1 3.28592E-1 4.2815E-1 5.7127E-1 6.2297E-1 6.66193E-1 6.09427E-1 6.36899E-1 6.61651E-1 6.79201E-1 6.70941E-1 5.81947E-1 6.46822E-1 6.12981E-1 2.71364E-1 5.96528E-1 5.23818E-1 4.4942E-1 4.16276E-1 3.82449E-1 4.48387E-1 3.67071E-1 1.55228E-1 1.96982E-1 1.80794E-1 2.0144E-1 2.39555E-1 3.14568E-1 3.30039E-1 3.39534E-1 3.53536E-1 2.03802E-1 4.96217E-1 4.70796E-1 4.33186E-1 4.44337E-1 4.62115E-1 3.57603E-1 3.96299E-1 4.1817E-1 2.29305E-1 1.49747E-1 1.26855E-1 1.40866E-1 1.78758E-1 2.00295E-1 2.52486E-1 3.58058E-1 3.82133E-1 4.08739E-1 3.21454E-1 3.91168E-1
4.97734E-1 4.81622E-1 4.40288E-1 3.67598E-1 3.50849E-1 2.38698E-1 3.02019E-1 2.28685E-1 2.17895E-1 2.60234E-1 4.69661E-1 5.52699E-1 5.92834E-1 6.27111E-1 5.35621E-1 5.7662E-1 6.02996E-1 6.44682E-1 6.1358E-1 6.12226E-1 6.89853E-1 6.29718E-1 2.84845E-1 5.75356E-1 5.23112E-1 4.88801E-1 4.60509E-1 4.23257E-1 4.17767E-1 2.95752E-1 1.57496E-1 1.89476E-1 2.20153E-1 2.77733E-1 3.18064E-1 3.79226E-1 3.54461E-1 3.25597E-1 3.18213E-1 3.19741E-1 4.7978E-1 4.47399E-1 5.01039E-1 4.98186E-1 4.51412E-1 3.57547E-1 3.10051E-1 4.33327E-1 3.3951E-1 2.50162E-1 1.93546E-1 2.15444E-1 2.59906E-1 2.40334E-1 2.98784E-1 3.95463E-1 4.12564E-1 1.72875E-1 5.0155E-1 5.11864E-1
4.27433E-1 5.264E-1 2.88357E-1 3.0797E-1 3.08419E-1 2.79149E-1 2.7525E-1 2.30129E-1 1.93342E-1 2.33596E-1 4.07178E-1 5.19826E-1 5.48751E-1 5.82231E-1 4.54586E-1 4.60096E-1 4.96244E-1 5.34695E-1 6.93627E-1 6.87151E-1 4.43306E-1 3.25985E-1 6.7305E-1 5.89354E-1 6.26293E-1 5.93394E-1 5.1012E-1 4.1666E-1 4.13485E-1 2.39781E-1 1.91295E-1 2.27708E-1 2.29966E-1 3.22371E-1 3.39365E-1 3.59712E-1 3.43823E-1 3.87151E-1 1.86065E-1 4.07713E-1 4.95491E-1 4.41987E-1 4.62303E-1 4.65162E-1 4.6086E-1 3.87822E-1 3.70659E-1 2.99166E-1 3.41563E-1 2.79919E-1 2.44151E-1 3.13441E-1 3.65251E-1 3.32781E-1 3.23818E-1 4.17478E-1 2.70466E-1 4.9164E-1 4.86885E-1 4.62627E-1
3.738E-1 4.33994E-1 1.78725E-1 2.29716E-1 2.93936E-1 2.61851E-1 2.31928E-1 1.89266E-1 1.69697E-1 2.16224E-1 3.22319E-1 4.72137E-1 4.99649E-1 4.85335E-1 4.0366E-1 4.62466E-1 4.91246E-1 5.60757E-1 5.5234E-1 4.34747E-1 7.16638E-1 6.97748E-1 6.85737E-1 6.57787E-1 6.14407E-1 4.23051E-1 4.68052E-1 4.00155E-1 3.3332E-1 2.63176E-1 2.12358E-1 2.28116E-1 2.80624E-1 3.18547E-1 3.00147E-1 3.39168E-1 3.61061E-1 1.09835E-1 3.92971E-1 2.15022E-1 3.1214E-1 4.86592E-1 4.75729E-1 4.64764E-1 5.20944E-1 4.9672E-1 5.10428E-1 1.75447E-1 3.05346E-1 2.11018E-1 1.50894E-1 1.81778E-1 1.85883E-1 1.96194E-1 3.20151E-1 4.34289E-1 2.85333E-1 4.81581E-1 4.54861E-1 4.20139E-1
1.80467E-1 1.06574E-1 1.1411E-1 1.44108E-1 1.60154E-1 2.34414E-1 2.06429E-1 1.60741E-1 1.64338E-1 1.97349E-1 2.51566E-1 2.95489E-1 3.33735E-1 2.75209E-1 2.99955E-1 3.71347E-1 4.00511E-1 4.93804E-1 3.16212E-1 5.86038E-1 5.85881E-1 5.63956E-1 5.45107E-1 5.0736E-1 3.47754E-1 2.72267E-1 2.12159E-1 2.87238E-1 1.49884E-1 1.84293E-1 1.95282E-1 2.18944E-1 2.22127E-1 2.14798E-1 2.54179E-1 3.32038E-1 3.71347E-1 1.95385E-1 3.87577E-1 3.85799E-1 1.65443E-1 1.10386E-1 3.48469E-1 3.41444E-1 3.51849E-1 2.03735E-1 1.79354E-1 5.49067E-2 1.31135E-1 1.04447E-1 1.57377E-1 1.96628E-1 2.53209E-1 3.14186E-1 4.2184E-1 3.07141E-1 6.64928E-1 6.39796E-1 5.79494E-1 5.1313E-1
1.29533E-1 1.08128E-1 1.15288E-1 1.1853E-1 1.18915E-1 2.2606E-1 2.09822E-1 1.91468E-1 1.94198E-1 1.89806E-1 2.47055E-1 2.70458E-1 3.46995E-1 2.68671E-1 3.26297E-1 3.95377E-1 4.39587E-1 4.767E-1 3.99251E-1 5.51935E-1 5.26917E-1 5.26681E-1 3.92715E-1 3.29554E-1 2.91773E-1 2.22081E-1 3.09506E-1 1.91833E-1 1.67924E-1 2.02427E-1 1.98725E-1 1.92724E-1 1.96669E-1 2.21633E-1 2.60423E-1 3.38818E-1 3.82669E-1 3.69635E-1 4.25689E-1 3.58357E-1 3.51459E-1 3.50711E-1 3.42401E-1 3.62097E-1 1.34301E-1 1.11194E-1 1.41971E-1 1.73067E-1 1.05606E-1 9.6448E-2 1.98542E-1 2.386E-1 3.2322E-1 3.92466E-1 1.6913E-1 6.55488E-1 6.37374E-1 6.06841E-1 5.55891E-1 5.02164E-1
1.97688E-1 1.83179E-1 1.58046E-1 1.30536E-1 1.34592E-1 2.22337E-1 2.4771E-1 2.17773E-1 2.30728E-1 2.97156E-1 2.44845E-1 2.73337E-1 3.28121E-1 2.68187E-1 3.61279E-1 4.58851E-1 4.85876E-1 3.19254E-1 4.71451E-1 5.07915E-1 5.21885E-1 3.57745E-1 3.17102E-1 2.99442E-1 2.88025E-1 3.16782E-1 2.49519E-1 1.65217E-1 1.88917E-1 1.80668E-1 1.9419E-1 1.78957E-1 1.83593E-1 2.26841E-1 2.75175E-1 3.57198E-1 3.02061E-1 5.43902E-1 3.79949E-1 3.13545E-1 3.45854E-1 3.5176E-1 3.24147E-1 2.25919E-1 3.97361E-1 1.4228E-1 2.83595E-1 1.79781E-1 1.03398E-1 9.86786E-2 2.60376E-1 3.1823E-1 3.75793E-1 3.83052E-1 4.00026E-1 6.60534E-1 6.15974E-1 5.82771E-1 5.32122E-1 4.83916E-1
1.70711E-1 1.76688E-1 1.71937E-1 1.67937E-1 2.06483E-1 3.24147E-1 3.04532E-1 2.46502E-1 2.45979E-1 3.22139E-1 2.65006E-1 2.70016E-1 3.07252E-1 2.66619E-1 3.25683E-1 3.99707E-1 4.27298E-1 4.21837E-1 4.20959E-1 3.6384E-1 4.88901E-1 4.62485E-1 4.05786E-1 3.52531E-1 3.03142E-1 2.20822E-1 1.84307E-1 1.62885E-1 2.16604E-1 2.28099E-1 2.09943E-1 1.74316E-1 1.96469E-1 2.58925E-1 3.10179E-1 4.19206E-1 4.71415E-1 4.2203E-1 3.59873E-1 3.49118E-1 3.31035E-1 3.32882E-1 1.19427E-1 4.0248E-1 4.67474E-2 1.66253E-1 9.43646E-2 9.29212E-2 1.03182E-1 1.27056E-1 2.754E-1 3.1772E-1 3.21448E-1 4.29883E-1 2.73414E-1 6.8484E-1 6.26653E-1 5.71772E-1 5.30436E-1 4.77526E-1
1.52072E-1 2.1344E-1 2.24772E-1 2.12922E-1 2.58401E-1 3.69844E-1 3.47745E-1 2.97911E-1 2.68813E-1 3.03932E-1 3.1636E-1 3.32398E-1 2.24859E-1 2.42081E-1 3.15033E-1 3.58634E-1 4.15636E-1 3.80361E-1 3.74176E-1 1.56874E-1 4.66602E-1 4.21257E-1 3.76505E-1 3.25906E-1 2.71636E-1 2.23585E-1 2.38873E-1 2.54167E-1 2.61495E-1 2.16106E-1 1.57344E-1 1.58382E-1 1.85299E-1 2.40156E-1 2.96522E-1 4.69578E-1 5.16424E-1 1.54717E-1 4.08349E-1 3.89197E-1 3.70564E-1 3.65443E-1 1.15498E-1 3.897E-1 9.99628E-2 1.65669E-1 1.34418E-1 9.21694E-2 7.94892E-2 8.11401E-2 1.79781E-1 1.96873E-1 3.27477E-1 4.24085E-1 2.78513E-1 6.65478E-1 6.25012E-1 6.12018E-1 5.34367E-1 4.57517E-1
2.99679E-1 3.89251E-1 3.79179E-1 3.47863E-1 3.83811E-1 3.71104E-1 3.23132E-1 3.10109E-1 2.87473E-1 3.28906E-1 3.95595E-1 4.0531E-1 3.15496E-1 2.52728E-1 3.08774E-1 3.8822E-1 4.09729E-1 3.79346E-1 3.77919E-1 4.11888E-1 4.7655E-1 4.45714E-1 4.23176E-1 3.94979E-1 3.59487E-1 2.83818E-1 3.00777E-1 3.05718E-1 3.13992E-1 2.0949E-1 1.60201E-1 1.77067E-1 1.6897E-1 2.31153E-1 2.94557E-1 4.25026E-1 4.62941E-1 3.79554E-1 2.60749E-1 3.51301E-1 2.31575E-1 3.37646E-1 4.49624E-1 4.27724E-1 1.12011E-1 9.7534E-2 1.0263E-1 8.26927E-2 7.10456E-2 8.95203E-2 3.47158E-1 4.63539E-1 5.13634E-1 5.71237E-1 3.62227E-1 7.00809E-1 6.77698E-1 6.15283E-1 5.69072E-1 5.25369E-1
4.56935E-1 4.24436E-1 4.34942E-1 3.98753E-1 4.23189E-1 4.24083E-1 3.73612E-1 3.78058E-1 3.56514E-1 3.89955E-1 4.4355E-1 4.48531E-1 3.66525E-1 2.87237E-1 2.95351E-1 3.31736E-1 3.45008E-1 3.23785E-1 3.30536E-1 3.21113E-1 4.77695E-1 4.51748E-1 4.31492E-1 3.2569E-1 3.5699E-1 3.17188E-1 3.43439E-1 3.45296E-1 3.66409E-1 2.62811E-1 2.2024E-1 1.96489E-1 1.93938E-1 3.27327E-1 3.60511E-1 4.33377E-1 3.18473E-1 3.74953E-1 1.15458E-1 1.49559E-1 2.51766E-1 4.43748E-1 4.03902E-1 4.14653E-1 4.06757E-1 2.10832E-1 1.3714E-1 1.02016E-1 7.73522E-2 1.25747E-1 4.48815E-1 4.85094E-1 4.98689E-1 5.25985E-1 2.93649E-1 7.37433E-1 6.83942E-1 6.37788E-1 6.10376E-1 5.45829E-1
2.83676E-1 3.31179E-1 2.5956E-1 1.4982E-1 1.40514E-1 1.76275E-1 2.31331E-1 4.0648E-1 4.30636E-1 4.8127E-1 4.80149E-1 5.01197E-1 3.95901E-1 3.295E-1 3.15027E-1 3.12948E-1 2.78487E-1 2.90844E-1 3.26104E-1 2.46525E-1 4.29132E-1 4.24687E-1 3.22936E-1 3.44414E-1 4.3823E-1 3.51688E-1 3.74932E-1 3.94261E-1 4.22124E-1 3.06286E-1 2.34776E-1 2.15966E-1 2.77546E-1 3.62618E-1 4.0095E-1 4.48354E-1 3.22694E-1 3.48567E-1 3.70356E-1 3.99027E-1 2.75069E-1 4.72101E-1 4.35473E-1 4.15483E-1 4.08755E-1 1.04024E-1 9.7354E-2 8.57963E-2 8.09181E-2 1.58008E-1 5.25957E-1 5.97457E-1 6.49563E-1 6.45108E-1 6.73379E-1 6.62412E-1 7.1818E-1 6.73179E-1 6.25775E-1 5.67957E-1
5.78141E-1 5.41263E-1 4.12916E-1 3.75107E-1 4.174E-1 4.21168E-1 3.97751E-1 1.94247E-1 2.23032E-1 4.9761E-1 5.06472E-1 5.5008E-1 4.34561E-1 3.68349E-1 3.44998E-1 3.52164E-1 3.21227E-1 2.94868E-1 2.99155E-1 2.99649E-1 3.89456E-1 3.37377E-1 3.13717E-1 3.61051E-1 4.62514E-1 3.87088E-1 4.05869E-1 4.43321E-1 4.79632E-1 3.4839E-1 2.57051E-1 2.57311E-1 3.9138E-1 3.96549E-1 2.98156E-1 1.57177E-1 3.5507E-1 1.65955E-1 3.85949E-1 3.81368E-1 4.67791E-1 4.52682E-1 4.31344E-1 3.87634E-1 1.43021E-1 7.5277E-2 7.59534E-2 9.22968E-2 1.10178E-1 2.11379E-1 6.52195E-1 6.8184E-1 3.92253E-1 4.62041E-1 6.52182E-1 6.30155E-1 7.16079E-1 6.84592E-1 6.35142E-1 6.07822E-1
3.3161E-1 3.09154E-1 2.5885E-1 3.25074E-1 3.97676E-1 4.12932E-1 2.63449E-1 4.60822E-1 4.35544E-1 4.80155E-1 2.40559E-1 4.43339E-1 4.37612E-1 4.0137E-1 3.72243E-1 3.80987E-1 3.56243E-1 3.26736E-1 3.109E-1 2.92164E-1 3.51728E-1 3.03646E-1 3.47782E-1 3.80492E-1 4.77558E-1 4.01638E-1 4.24681E-1 4.91094E-1 4.37844E-1 3.4951E-1 2.74597E-1 3.22673E-1 1.16632E-1 2.27449E-1 3.15023E-1 3.5372E-1 2.13307E-1 2.93974E-1 3.71546E-1 3.49663E-1 4.34671E-1 4.31129E-1 3.96657E-1 2.96479E-1 2.33511E-1 9.75196E-2 9.91713E-2 1.27222E-1 1.53104E-1 2.52566E-1 6.24742E-1 6.37641E-1 2.97906E-1 6.05082E-1 1.97997E-1 6.31099E-1 7.08008E-1 6.73539E-1 6.3389E-1 5.65884E-1
3.52961E-1 3.38803E-1 3.51065E-1 4.81246E-1 5.31447E-1 5.48497E-1 2.85361E-1 5.72681E-1 6.19753E-1 6.02516E-1 6.99802E-1 5.75452E-1 4.20541E-1 5.99232E-1 5.74557E-1 4.64247E-1 4.34367E-1 3.99762E-1 4.28905E-1 3.85528E-1 2.45733E-1 2.32264E-1 2.80592E-1 3.60024E-1 3.9413E-1 4.28169E-1 4.89556E-1 4.88181E-1 4.26918E-1 1.88411E-1 1.54122E-1 3.49815E-1 4.60798E-1 3.82305E-1 3.36404E-1 3.52724E-1 4.04289E-1 2.27473E-1 3.9526E-1 3.33177E-1 3.17516E-1 3.14434E-1 3.22524E-1 1.5041E-1 2.42381E-1 1.64606E-1 1.79223E-1 2.27595E-1 2.68757E-1 3.03309E-1 2.19564E-1 2.49891E-1 6.93186E-2 1.65317E-1 2.81126E-1 6.41584E-1 6.89422E-1 6.64105E-1 6.36979E-1 6.25927E-1
3.09875E-1 3.66383E-1 4.48148E-1 5.07994E-1 5.61962E-1 3.10747E-1 5.27113E-1 5.20469E-1 5.97825E-1 5.51331E-1 6.90642E-1 6.48617E-1 6.06861E-1 6.3019E-1 5.89506E-1 4.86755E-1 4.08398E-1 3.75482E-1 3.69383E-1 3.80566E-1 1.45813E-1 2.44356E-1 3.05947E-1 3.36801E-1 3.64182E-1 4.37946E-1 4.60116E-1 3.95821E-1 4.38963E-1 2.42674E-1 2.06129E-1 4.80502E-1 4.65299E-1 4.76598E-1 3.64741E-1 3.384E-1 4.01836E-1 3.04269E-1 4.251E-1 3.37021E-1 2.37125E-1 2.53043E-1 2.54196E-1 1.38158E-1 2.6036E-1 1.26396E-1 1.82389E-1 2.40189E-1 2.27075E-1 2.27451E-1 2.32255E-1 6.14783E-2 1.48843E-1 1.94337E-1 2.83096E-1 7.18787E-1 6.47586E-1 6.57277E-1 6.20772E-1 6.18391E-1
