Phytophthora/models/20240429_1921_07/Phytophthora_PA3_RUN3_MAXENT_outputs/Phytophthora_PA3_RUN3.asc
ncols         225
nrows         269
xllcorner     473000.0
yllcorner     4429100.0
cellsize      50.0
NODATA_value  -9999
[rows 189 to 215 of 269, columns 120 to 179 of 225]
2.82338E-1 3.01041E-1 2.53007E-1 2.26355E-1 2.35286E-1 2.04346E-1 2.81717E-1 2.84025E-1 2.94191E-1 3.52095E-1 3.62123E-1 3.96945E-1 4.9902E-1 4.3706E-1 3.87829E-1 4.61316E-1 4.85397E-1 5.67772E-1 4.28737E-1 4.86512E-1 2.25561E-1 1.9284E-1 1.63182E-1 1.14719E-1 6.84297E-2 5.98793E-2 7.42265E-2 6.6219E-2 6.57895E-2 1.10088E-1 2.74348E-1 3.14779E-1 3.39069E-1 3.57228E-1 4.01941E-1 4.33398E-1 4.75637E-1 4.81557E-1 4.86319E-1 4.47077E-1 3.13477E-1 1.42338E-1 2.4219E-1 -9999 1.21727E-1 9.72341E-2 9.43883E-2 9.88642E-2 1.04433E-1 1.13413E-1 1.12246E-1 1.25178E-1 1.33305E-1 1.63092E-1 2.34751E-1 2.51765E-1 2.29905E-1 1.85655E-1 1.91387E-1 1.07803E-1
9.73475E-2 2.95083E-1 2.79512E-1 2.49578E-1 2.39304E-1 3.14511E-1 1.6614E-1 3.18482E-1 3.31369E-1 3.95839E-1 4.27064E-1 4.55522E-1 5.67684E-1 5.00364E-1 4.64228E-1 5.20539E-1 2.14906E-1 6.15176E-1 4.06895E-1 4.50569E-1 2.13247E-1 1.646E-1 1.39254E-1 1.03474E-1 7.66558E-2 1.4679E-1 4.1553E-2 1.11514E-1 5.40381E-2 1.10087E-1 2.45461E-1 2.74057E-1 3.33092E-1 3.62592E-1 3.82185E-1 3.8059E-1 4.09628E-1 4.17795E-1 3.77637E-1 3.81552E-1 2.44201E-1 1.40763E-1 2.49496E-1 6.58307E-2 1.96989E-1 1.47244E-1 1.25034E-1 1.00265E-1 1.15128E-1 1.37724E-1 1.33579E-1 1.60513E-1 1.6354E-1 1.85407E-1 2.30158E-1 2.24696E-1 2.35501E-1 2.02152E-1 1.84399E-1 1.69436E-1
2.00615E-1 4.46757E-1 3.65498E-1 3.37201E-1 3.08066E-1 2.88162E-1 2.55658E-1 3.28513E-1 3.0912E-1 3.26725E-1 3.93633E-1 4.31922E-1 5.33092E-1 5.00241E-1 4.7771E-1 3.27393E-1 5.41703E-1 4.70277E-1 3.65443E-1 3.64977E-1 2.61933E-1 2.01173E-1 1.73539E-1 1.59189E-1 1.71087E-1 2.16543E-1 1.01076E-1 9.20493E-2 1.29182E-1 2.02018E-1 1.8527E-1 2.05787E-1 2.45616E-1 2.69316E-1 2.76573E-1 2.41696E-1 2.50647E-1 2.48519E-1 2.66879E-1 2.99931E-1 2.49522E-1 2.69992E-1 2.74514E-1 2.03717E-1 6.75853E-2 1.34884E-1 1.04169E-1 1.10219E-1 1.19559E-1 1.48029E-1 1.50669E-1 1.92316E-1 1.79305E-1 1.93691E-1 2.57014E-1 2.6159E-1 2.9952E-1 1.64495E-1 1.51643E-1 1.78903E-1
3.06184E-1 3.24735E-1 3.87668E-1 3.51506E-1 3.30421E-1 2.88799E-1 3.59588E-1 4.62628E-1 3.41689E-1 3.53496E-1 4.39956E-1 4.73948E-1 4.57196E-1 1.53686E-1 5.05184E-2 2.66105E-1 1.2343E-1 2.08074E-1 3.38375E-1 2.99189E-1 2.351E-1 2.10712E-1 1.82853E-1 1.55481E-1 1.75998E-1 2.18377E-1 1.45548E-1 1.3154E-1 1.8102E-1 2.17378E-1 1.75585E-1 1.89574E-1 2.10371E-1 2.36905E-1 2.38928E-1 2.01766E-1 2.11531E-1 2.13143E-1 2.53292E-1 2.90347E-1 2.25772E-1 2.6147E-1 2.57837E-1 2.33973E-1 1.20416E-1 -9999 -9999 1.23499E-1 1.33849E-1 1.61804E-1 1.70279E-1 2.17864E-1 2.1338E-1 2.0599E-1 2.46887E-1 2.84667E-1 2.97186E-1 9.17726E-2 2.05787E-1 1.77601E-1
4.15876E-1 3.9889E-1 4.75351E-1 3.81035E-1 3.434E-1 3.01332E-1 3.0897E-1 4.77289E-1 4.05536E-1 3.90698E-1 2.58835E-1 8.59933E-2 1.60593E-1 2.03073E-1 3.68302E-1 5.57627E-1 4.94411E-1 2.35456E-1 3.68146E-1 3.47427E-1 2.71561E-1 2.45417E-1 2.11585E-1 1.98969E-1 1.81252E-1 2.17073E-1 1.90661E-1 2.22758E-1 2.35419E-1 2.50064E-1 2.05557E-1 2.18667E-1 2.27473E-1 2.41933E-1 2.54545E-1 2.08597E-1 2.17336E-1 2.1614E-1 2.51324E-1 2.75135E-1 2.09541E-1 2.42307E-1 2.39765E-1 2.07615E-1 1.98322E-1 1.25169E-1 -9999 -9999 1.87913E-1 1.11053E-1 1.19042E-1 1.04716E-1 3.37069E-2 6.05389E-2 3.20216E-1 1.79685E-1 1.29896E-1 2.04939E-1 2E-1 1.89541E-1
4.0799E-1 4.72864E-1 2.43454E-1 4.31206E-1 3.69142E-1 3.20116E-1 3.36042E-1 4.45499E-1 3.43516E-1 9.19409E-2 2.29229E-1 2.29054E-1 2.17941E-1 1.77926E-1 2.39872E-1 2.91428E-1 4.85325E-1 5.39464E-1 4.71012E-1 4.35718E-1 3.66394E-1 3.39249E-1 3.08518E-1 2.42675E-1 1.97874E-1 2.41864E-1 2.55019E-1 2.661E-1 2.69456E-1 2.64114E-1 2.20881E-1 2.40739E-1 2.61776E-1 2.78702E-1 2.90371E-1 2.40769E-1 2.5414E-1 2.49632E-1 2.51995E-1 2.53004E-1 1.89337E-1 1.96194E-1 1.64568E-1 1.79244E-1 1.80047E-1 1.84091E-1 1.18264E-1 1.4259E-1 1.80561E-1 2.02275E-1 2.39047E-1 1.95622E-1 2.65072E-1 1.58378E-1 2.08716E-1 3.14487E-1 2.01411E-1 1.78111E-1 1.82915E-1 2.60324E-1
3.67486E-1 4.23227E-1 3.05831E-1 4.50809E-1 3.81579E-1 3.35169E-1 3.51166E-1 5.29731E-1 4.48944E-1 2.6065E-1 2.37525E-1 1.79466E-1 1.66631E-1 1.45114E-1 2.65328E-1 3.22905E-1 5.93624E-1 1.82739E-1 1.89803E-1 4.42117E-1 4.16478E-1 3.48045E-1 2.34846E-1 1.77636E-1 1.70959E-1 2.63256E-1 2.69819E-1 3.34318E-1 3.27278E-1 3.10659E-1 2.83434E-1 2.89001E-1 3.09547E-1 3.41194E-1 3.50849E-1 2.85287E-1 3.05387E-1 3.17006E-1 3.42134E-1 3.35739E-1 2.43355E-1 2.30057E-1 2.15409E-1 1.97716E-1 1.58171E-1 1.36118E-1 1.55636E-1 2.03484E-1 2.28385E-1 1.57447E-1 1.22949E-1 2.91764E-1 2.58681E-1 1.51396E-1 2.60991E-1 2.8151E-1 1.85871E-1 1.57779E-1 1.42719E-1 2.15628E-1
3.58032E-1 3.52411E-1 4.22908E-1 3.39471E-1 3.68451E-1 3.81188E-1 4.12046E-1 3.54735E-1 1.41734E-1 3.06773E-1 2.50831E-1 1.94311E-1 1.56248E-1 1.68789E-1 3.37639E-1 3.77668E-1 2.22283E-1 2.88963E-1 2.57435E-1 3.20832E-1 1.71943E-1 3.66554E-1 3.1319E-1 2.58121E-1 2.31044E-1 3.37706E-1 3.66612E-1 3.94454E-1 3.82647E-1 3.56124E-1 2.87166E-1 2.98148E-1 3.13355E-1 3.45167E-1 3.74711E-1 2.76862E-1 2.88862E-1 3.06489E-1 3.30663E-1 3.14269E-1 1.96594E-1 1.83835E-1 1.72556E-1 1.45047E-1 1.24344E-1 1.11839E-1 1.35042E-1 8.36425E-2 9.49977E-2 1.58517E-1 2.26768E-1 2.30707E-1 2.67505E-1 1.70196E-1 2.69627E-1 1.61806E-1 1.23669E-1 9.04569E-2 9.25801E-2 6.62829E-2
4.32543E-1 3.80491E-1 4.01091E-1 1.89604E-1 4.06268E-1 4.01544E-1 3.15493E-1 3.85786E-1 1.6344E-1 3.6424E-1 2.45154E-1 1.88555E-1 1.33013E-1 1.45484E-1 2.41753E-1 3.28144E-1 4.35557E-1 2.40214E-1 2.53512E-1 1.97083E-1 2.07769E-1 2.86218E-1 3.07419E-1 2.69717E-1 2.48482E-1 3.85001E-1 3.90695E-1 4.52079E-1 4.11263E-1 3.95494E-1 3.14073E-1 3.17389E-1 3.39511E-1 3.80077E-1 1.57195E-1 1.12805E-1 1.51789E-1 2.69154E-1 3.77666E-1 3.4908E-1 2.36677E-1 2.19273E-1 2.22723E-1 2.22663E-1 2.04868E-1 2.07747E-1 5.74617E-2 1.57902E-1 1.69086E-1 2.38475E-1 1.50852E-1 8.61918E-2 1.37408E-1 6.24874E-2 2.72506E-1 1.74271E-1 1.10845E-1 7.36721E-2 9.07606E-2 5.93107E-2
2.68352E-1 2.25793E-1 3.94418E-1 3.71479E-1 3.79716E-1 3.53991E-1 3.62735E-1 4.34207E-1 1.40962E-1 4.14545E-1 3.09354E-1 2.73168E-1 2.10794E-1 2.07614E-1 1.67045E-1 4.42009E-1 1.17001E-1 1.55954E-1 1.29425E-1 2.95414E-1 2.21468E-1 2.12257E-1 2.70534E-1 2.43932E-1 2.92423E-1 4.54391E-1 4.70614E-1 4.54259E-1 4.50713E-1 4.51769E-1 3.39854E-1 3.47906E-1 2.71112E-1 1.13668E-1 3.74005E-1 3.06081E-1 3.28512E-1 3.48838E-1 2.27685E-1 1.98308E-1 1.12369E-1 2.48121E-1 2.62117E-1 1.03726E-1 1.11592E-1 1.31231E-1 2.34178E-1 2.2971E-1 2.73251E-1 1.85237E-1 1.60173E-1 3.01773E-1 2.75902E-1 2.59061E-1 5.09534E-2 1.2617E-1 9.57224E-2 1.05572E-1 1.08774E-1 8.0397E-2
5.41032E-1 4.82774E-1 1.62544E-1 2.06481E-1 1.24976E-1 3.27767E-1 3.87122E-1 4.5027E-1 4.36238E-1 4.86583E-1 4.1661E-1 3.09199E-1 2.22408E-1 2.12919E-1 1.82819E-1 1.96544E-1 2.16024E-1 2.20705E-1 2.1972E-1 1.97284E-1 1.83084E-1 1.35541E-1 1.38669E-1 1.45179E-1 2.65308E-1 4.57162E-1 4.5071E-1 5.05314E-1 4.96473E-1 4.96669E-1 2.84099E-1 1.40215E-1 3.24261E-1 3.46253E-1 3.62521E-1 2.867E-1 2.86336E-1 2.91788E-1 3.11031E-1 3.35169E-1 1.26475E-1 2.97611E-1 1.20358E-1 1.23294E-1 7.29891E-2 1.16036E-1 1.7585E-1 6.28669E-2 1.51779E-1 1.91365E-1 2.86448E-1 2.67826E-1 2.46529E-1 2.79117E-1 1.50447E-1 1.03991E-1 1.21052E-1 1.22928E-1 1.02941E-1 8.25917E-2
3.01329E-1 3.92221E-1 3.98832E-1 3.88736E-1 4.14836E-1 3.73168E-1 3.70838E-1 1.29931E-1 1.65362E-1 3.48187E-1 2.57794E-1 2.19178E-1 1.8236E-1 1.89479E-1 1.64305E-1 2.00444E-1 1.82677E-1 1.84969E-1 3.24756E-1 1.76676E-1 1.98107E-1 1.47946E-1 1.45774E-1 1.86671E-1 3.61621E-1 4.87207E-1 5.01558E-1 5.33492E-1 5.57961E-1 3.11151E-1 2.20845E-1 3.54543E-1 2.52574E-1 1.10271E-1 2.2387E-1 1.10596E-1 3.0441E-1 2.75552E-1 2.79868E-1 2.18879E-1 1.95458E-1 1.26358E-1 2.56121E-1 2.92894E-1 2.659E-1 2.41726E-1 2.30157E-1 1.84388E-1 2.08505E-1 1.71405E-1 1.93703E-1 1.53245E-1 1.45419E-1 2.20045E-1 1.69602E-1 1.15237E-1 1.14264E-1 1.04093E-1 8.43253E-2 8.80657E-2
2.2473E-1 2.36758E-1 2.41917E-1 2.60265E-1 1.22318E-1 2.42593E-1 2.8224E-1 1.96217E-1 6.71299E-2 2.65411E-1 2.19213E-1 1.90312E-1 1.64843E-1 1.79083E-1 2.1481E-1 2.99188E-1 2.49958E-1 2.30808E-1 2.26408E-1 4.50516E-1 4.28694E-1 4.5721E-1 4.08864E-1 4.15447E-1 4.58115E-1 4.98852E-1 5.49435E-1 5.81999E-1 4.9545E-1 5.92323E-1 5.06465E-1 4.54969E-1 5.06823E-1 4.81509E-1 4.44406E-1 3.0897E-1 1.34773E-1 1.34733E-1 7.36935E-2 2.72776E-1 1.29949E-1 1.49918E-1 1.57956E-1 1.85346E-1 1.94149E-1 1.74282E-1 1.384E-1 1.00667E-1 1.0341E-1 1.15032E-1 1.21953E-1 1.13746E-1 1.043E-1 1.14999E-1 3.16128E-2 8.23653E-2 7.60972E-2 6.78549E-2 8.67932E-2 7.81942E-2
2.01204E-1 2.01819E-1 9.56838E-2 2.2867E-1 1.78199E-1 1.57462E-1 2.1388E-1 1.23819E-1 2.47267E-1 2.3359E-1 2.29708E-1 2.02162E-1 1.88413E-1 1.62E-1 2.27083E-1 3.72036E-1 3.722E-1 3.8156E-1 3.2521E-1 4.13403E-1 4.4031E-1 3.80715E-1 3.64521E-1 4.57454E-1 4.80697E-1 5.25485E-1 5.79617E-1 6.76797E-1 6.3237E-1 5.52339E-1 4.62049E-1 4.27553E-1 4.60264E-1 4.63995E-1 4.26987E-1 2.88879E-1 3.46854E-1 1.59377E-1 2.97297E-1 2.44649E-1 1.12591E-1 1.10425E-1 1.04298E-1 1.13771E-1 1.59597E-1 1.03014E-1 9.90576E-2 9.84297E-2 8.45541E-2 8.82075E-2 9.26416E-2 8.92031E-2 8.47614E-2 8.78358E-2 7.97024E-2 2.59983E-2 1.05724E-1 8.95475E-2 7.99839E-2 1.11809E-1
1.61253E-1 1.83035E-1 3.04669E-1 1.67038E-1 2.07165E-1 2.48378E-1 2.81997E-1 2.3512E-1 3.44038E-1 3.10608E-1 2.70631E-1 2.45297E-1 2.20429E-1 1.75392E-1 2.15804E-1 3.2433E-1 3.40408E-1 3.18654E-1 2.9523E-1 3.59494E-1 3.73935E-1 3.47744E-1 3.94845E-1 4.79759E-1 4.90386E-1 5.41392E-1 6.04608E-1 6.52198E-1 5.36254E-1 4.7084E-1 4.02594E-1 3.73047E-1 3.83222E-1 4.16819E-1 4.61204E-1 3.05156E-1 3.46321E-1 1.17875E-1 3.09282E-1 2.22805E-1 9.66126E-2 9.58928E-2 1.03413E-1 1.32004E-1 1.06811E-1 8.06049E-2 1.31257E-1 1.29485E-1 1.12348E-1 1.11924E-1 1.07683E-1 1.0454E-1 1.00001E-1 8.94568E-2 7.30586E-2 9.61908E-2 6.6718E-2 4.82191E-2 4.7431E-2 7.13504E-2
1.35569E-1 1.81565E-1 7.47418E-2 5.03117E-2 1.23862E-1 3.82712E-1 4.4909E-1 3.47623E-1 4.14119E-1 3.93095E-1 3.77222E-1 3.3093E-1 2.89773E-1 2.0843E-1 2.21903E-1 2.80653E-1 2.88623E-1 2.2131E-1 2.76406E-1 2.9778E-1 3.16238E-1 3.02837E-1 4.47536E-1 4.8917E-1 4.70612E-1 5.36145E-1 5.72915E-1 5.98177E-1 4.86102E-1 4.35016E-1 3.52466E-1 3.18066E-1 3.62758E-1 4.39721E-1 4.97228E-1 1.39023E-1 2.78678E-1 3.07248E-1 2.90885E-1 2.334E-1 1.07227E-1 1.41259E-1 1.9116E-1 1.45024E-1 1.05787E-1 7.11146E-2 1.57923E-1 1.55059E-1 1.41317E-1 1.30634E-1 1.31576E-1 1.27204E-1 1.24984E-1 1.08134E-1 8.56434E-2 7.30548E-2 8.52377E-2 3.62522E-2 5.02924E-2 5.96738E-2
1.56414E-1 6.28563E-2 1.33468E-1 9.88215E-2 3.20084E-1 1.87326E-1 2.39739E-1 8.54322E-2 1.25369E-1 4.0446E-1 3.64607E-1 3.28338E-1 2.93212E-1 2.48328E-1 2.36007E-1 2.40721E-1 1.93912E-1 2.17076E-1 2.25128E-1 2.38178E-1 2.97044E-1 4.28038E-1 4.94448E-1 5.05683E-1 4.51729E-1 5.17854E-1 5.33968E-1 5.35834E-1 4.14653E-1 3.59042E-1 3.07785E-1 3.433E-1 3.65322E-1 4.58922E-1 5.14767E-1 1.53032E-1 3.09444E-1 2.44129E-1 2.20546E-1 2.08121E-1 1.34632E-1 1.62257E-1 1.64103E-1 6.35869E-2 1.44487E-1 1.36377E-1 8.35446E-2 4.41889E-2 9.90903E-2 1.51794E-1 1.54448E-1 1.45735E-1 1.39091E-1 1.21943E-1 1.00594E-1 1.08349E-1 6.96439E-2 3.23846E-2 4.83168E-2 7.43574E-2
1.76676E-1 1.371E-1 1.1976E-1 1.0267E-1 1.03599E-1 3.17091E-1 1.35286E-1 2.49721E-1 2.1946E-1 2.3892E-1 2.56537E-1 2.98007E-1 3.12205E-1 2.44111E-1 2.07346E-1 1.93006E-1 1.61926E-1 2.05963E-1 2.23573E-1 2.42241E-1 2.92974E-1 4.76872E-1 5.00685E-1 5.1446E-1 5.07387E-1 5.09444E-1 4.75878E-1 4.37356E-1 3.73054E-1 3.01778E-1 2.70474E-1 3.34525E-1 3.54741E-1 4.2126E-1 5.34439E-1 2.07616E-1 3.2735E-1 2.53349E-1 2.36029E-1 2.41881E-1 1.52496E-1 6.89676E-2 5.19343E-2 2.08971E-1 2.30295E-1 1.75671E-1 1.81687E-1 1.84478E-1 2.04641E-1 1.81476E-1 7.83754E-2 1.47698E-1 1.89547E-1 1.61171E-1 1.44679E-1 5.41126E-2 5.15369E-2 6.0223E-2 7.00834E-2 9.07677E-2
1.37855E-1 1.33908E-1 1.35844E-1 1.25749E-1 2.86865E-1 1.16796E-1 2.66558E-1 3.31407E-1 3.40308E-1 2.83293E-1 3.23796E-1 2.72783E-1 2.34807E-1 1.97897E-1 1.67252E-1 1.69193E-1 1.64905E-1 2.22784E-1 2.38106E-1 2.82269E-1 3.49858E-1 5.13199E-1 5.30054E-1 5.51396E-1 5.71033E-1 5.44477E-1 5.10142E-1 3.56736E-1 3.14738E-1 2.93095E-1 2.75929E-1 3.36629E-1 3.43322E-1 3.95629E-1 4.97833E-1 3.91178E-1 3.55561E-1 2.29757E-1 2.49132E-1 2.61254E-1 3.02089E-2 1.72214E-1 1.79105E-1 2.16806E-1 2.49728E-1 1.78238E-1 1.6874E-1 1.68117E-1 1.83463E-1 1.69389E-1 1.55939E-1 1.65036E-1 1.82365E-1 1.92983E-1 4.82659E-2 9.29664E-2 6.78435E-2 6.38541E-2 7.42271E-2 1.00847E-1
1.21566E-1 1.22372E-1 1.23302E-1 8.45082E-2 8.67479E-2 1.92484E-1 2.43051E-1 2.19559E-1 3.62591E-1 2.09767E-1 2.94509E-1 2.56343E-1 2.19076E-1 1.77019E-1 1.61505E-1 1.7077E-1 1.65203E-1 2.25722E-1 2.58481E-1 3.13069E-1 3.9622E-1 5.54345E-1 5.75216E-1 5.97712E-1 6.10704E-1 5.77287E-1 4.42202E-1 4.5331E-1 3.75694E-1 2.96598E-1 2.87085E-1 3.50264E-1 3.47542E-1 3.89212E-1 4.19135E-1 3.94418E-1 3.42219E-1 2.07678E-1 2.46743E-1 2.59699E-1 1.76717E-1 1.47547E-1 1.44793E-1 1.84268E-1 2.19465E-1 2.05746E-1 1.55483E-1 1.47655E-1 1.45599E-1 1.42065E-1 1.35979E-1 1.32643E-1 1.22853E-1 8.30756E-2 7.52705E-2 9.01632E-2 7.88409E-2 6.43339E-2 7.84565E-2 1.12154E-1
1.27243E-1 1.53314E-1 9.11291E-2 7.02637E-2 2.01693E-1 2.28089E-1 2.4555E-1 2.10176E-1 2.96037E-1 1.28634E-1 2.2451E-1 2.01751E-1 1.68809E-1 1.49613E-1 1.47533E-1 1.59151E-1 1.86982E-1 2.3546E-1 2.66965E-1 3.38397E-1 4.63811E-1 5.86793E-1 6.07276E-1 6.42237E-1 6.53387E-1 6.11352E-1 5.37732E-1 4.40712E-1 3.65478E-1 3.29124E-1 3.08419E-1 3.41643E-1 3.58408E-1 3.85116E-1 3.03018E-1 3.77786E-1 2.94155E-1 2.10183E-1 2.27033E-1 1.69126E-1 1.4885E-1 1.28755E-1 1.24957E-1 1.50095E-1 1.90576E-1 1.7831E-1 1.40212E-1 1.26845E-1 1.20182E-1 1.19873E-1 1.15768E-1 1.09103E-1 1.02117E-1 8.12039E-2 1.04961E-1 9.40943E-2 7.28729E-2 6.27247E-2 7.33361E-2 1.11553E-1
2.75446E-1 2.06369E-1 1.05905E-1 3.10401E-1 1.91105E-1 1.92203E-1 1.83694E-1 1.58027E-1 1.43973E-1 2.06471E-1 3.56577E-1 1.97921E-1 1.78926E-1 1.58972E-1 1.70406E-1 1.96526E-1 2.39116E-1 2.67772E-1 3.07172E-1 3.5988E-1 5.12585E-1 6.00095E-1 6.24924E-1 5.30683E-1 6.30353E-1 5.89584E-1 5.56298E-1 4.25687E-1 3.70997E-1 3.61915E-1 3.47782E-1 3.48491E-1 3.56169E-1 3.23865E-1 5.343E-1 3.53653E-1 2.8832E-1 2.2157E-1 1.95899E-1 9.8439E-2 1.25073E-1 1.19146E-1 1.06563E-1 1.22279E-1 1.588E-1 1.50361E-1 1.07861E-1 1.04047E-1 1.03135E-1 1.06804E-1 1.04454E-1 9.81988E-2 9.58465E-2 8.28901E-2 6.66804E-2 6.3796E-2 6.05309E-2 6.37584E-2 1.05621E-1 1.22877E-1
2.92047E-1 1.83264E-1 2.06851E-1 3.50552E-1 2.49606E-1 2.71398E-1 2.56844E-1 2.41618E-1 2.39876E-1 2.43848E-1 3.76318E-1 3.2981E-1 2.47079E-1 2.15937E-1 2.1181E-1 2.16759E-1 2.48388E-1 2.62891E-1 3.03349E-1 3.38404E-1 5.25727E-1 5.29263E-1 5.71438E-1 5.51145E-1 5.43403E-1 3.66838E-1 2.9783E-1 1.93777E-1 2.09489E-1 2.18193E-1 2.38946E-1 2.17279E-1 2.29111E-1 1.55858E-1 4.08459E-1 4.19199E-1 3.94483E-1 2.86648E-1 1.89667E-1 1.84761E-1 3.23585E-1 2.91702E-1 2.63748E-1 2.637E-1 3.20849E-1 2.23168E-1 1.60058E-1 1.57169E-1 1.63635E-1 1.70242E-1 1.85122E-1 1.70718E-1 1.73672E-1 1.57618E-1 1.292E-1 1.02929E-1 7.8059E-2 1.30211E-1 1.17876E-1 2.01813E-1
2.11411E-1 1.97147E-1 1.94485E-1 1.36582E-1 2.87507E-1 2.4004E-1 2.20693E-1 1.91209E-1 1.81679E-1 1.82295E-1 2.98066E-1 1.56642E-1 3.43742E-1 2.26191E-1 2.83718E-1 2.59609E-1 2.33222E-1 2.74569E-1 3.16588E-1 3.60765E-1 5.81336E-1 5.68689E-1 5.94567E-1 3.70833E-1 5.49623E-1 3.44877E-1 2.65349E-1 2.32277E-1 2.28407E-1 2.20454E-1 8.91666E-2 1.35455E-1 2.10057E-1 2.10527E-1 1.28545E-1 4.56613E-1 4.53843E-1 2.5188E-1 1.82371E-1 2.5136E-1 2.90204E-1 2.66751E-1 2.50498E-1 2.82839E-1 3.3749E-1 2.21531E-1 2.19314E-1 1.29467E-1 1.57943E-1 1.55389E-1 1.58474E-1 1.46096E-1 1.38132E-1 1.29767E-1 1.21522E-1 9.98998E-2 9.96771E-2 1.21233E-1 2.04623E-1 1.90329E-1
1.96543E-1 2.17634E-1 2.22924E-1 1.62271E-1 1.17547E-1 2.98869E-1 2.04736E-1 1.67877E-1 1.6322E-1 1.56577E-1 1.72958E-1 2.97368E-1 1.62671E-1 2.20387E-1 2.6184E-1 1.83302E-1 1.86755E-1 2.91097E-1 3.2932E-1 3.69816E-1 6.03794E-1 5.53027E-1 2.35917E-1 3.09976E-1 5.5528E-1 3.87265E-1 3.02981E-1 2.6813E-1 2.64709E-1 2.22919E-1 1.08885E-1 2.37623E-1 2.67475E-1 3.00251E-1 2.87091E-1 3.03751E-1 3.37084E-1 2.41606E-1 1.93873E-1 2.60256E-1 2.74808E-1 2.99812E-1 3.16687E-1 3.45334E-1 3.61691E-1 2.66438E-1 2.52227E-1 1.5644E-1 1.66012E-1 1.53536E-1 1.43937E-1 1.18806E-1 1.09033E-1 1.02387E-1 9.99557E-2 9.04115E-2 1.04112E-1 1.32289E-1 1.72745E-1 2.04899E-1
2.41826E-1 2.21658E-1 2.0083E-1 2.05557E-1 2.06113E-1 2.57088E-1 2.50079E-1 1.80414E-1 1.24991E-1 1.19587E-1 1.34552E-1 1.23699E-1 1.62971E-1 1.08364E-1 1.29437E-1 1.29175E-1 1.69726E-1 2.8184E-1 3.19485E-1 3.6415E-1 5.79886E-1 5.85526E-1 5.73255E-1 5.93062E-1 3.14597E-1 2.38401E-1 3.68054E-1 2.87168E-1 2.61569E-1 5.12997E-2 1.30441E-1 2.317E-1 2.38885E-1 3.42058E-1 3.60012E-1 1.31293E-1 3.23304E-1 2.64864E-1 2.53068E-1 2.99332E-1 3.5725E-1 3.4526E-1 3.88352E-1 5.11298E-1 3.91765E-1 3.19681E-1 2.82647E-1 2.70134E-1 2.09293E-1 1.95103E-1 1.48878E-1 9.55848E-2 9.17534E-2 8.64602E-2 8.5312E-2 1.0514E-1 4.2459E-2 6.28891E-2 1.35998E-1 9.88601E-2
3.16156E-1 2.57277E-1 2.00985E-1 1.74243E-1 1.71886E-1 2.07745E-1 2.0472E-1 1.9473E-1 1.12649E-1 9.97152E-2 1.14235E-1 9.87946E-2 1.58944E-1 8.91235E-2 1.1467E-1 1.27546E-1 2.05404E-1 2.78456E-1 3.08716E-1 3.35473E-1 4.89048E-1 5.49898E-1 4.90132E-1 5.45562E-1 5.33493E-1 3.21436E-1 1.46967E-1 3.07683E-1 1.42565E-1 2.28851E-1 2.27545E-1 2.09319E-1 2.4384E-1 3.13896E-1 3.89E-1 1.60225E-1 3.73748E-1 2.93396E-1 2.98487E-1 3.23948E-1 3.97356E-1 3.93169E-1 4.14256E-1 4.44212E-1 4.96541E-1 3.63319E-1 3.11846E-1 2.9638E-1 2.34335E-1 2.2543E-1 1.70312E-1 9.485E-2 7.87276E-2 7.18224E-2 9.25821E-2 9.15452E-2 8.04376E-2 7.92741E-2 6.01328E-2 6.90431E-2
