Phytophthora/models/20240429_1921_07/Phytophthora_PA3_RUN3_MAXENT_outputs/Phytophthora_PA3_RUN3.asc
ncols         225
nrows         269
xllcorner     473000.0
yllcorner     4429100.0
cellsize      50.0
NODATA_value  -9999
[rows 81 to 107 of 269, columns 60 to 119 of 225]
7.17557E-2 1.48563E-2 7.40943E-2 7.08908E-2 4.07959E-2 4.01341E-2 4.46059E-2 2.59493E-2 6.21662E-2 7.08623E-2 2.66573E-2 7.18526E-2 2.40037E-2 1.20021E-1 1.31734E-1 2.58522E-1 2.51695E-1 2.45548E-1 2.31645E-1 2.07105E-1 1.17988E-1 -9999 8.14226E-2 6.72275E-2 6.82388E-2 7.54152E-2 8.73484E-2 1.14213E-1 1.49172E-1 1.17145E-1 2.35132E-1 2.06842E-1 1.61714E-1 1.82899E-1 2.1995E-1 3.97661E-1 4.21192E-1 4.15184E-1 3.92948E-1 4.13794E-1 4.48355E-1 4.58335E-1 4.08066E-1 1.97043E-1 3.03964E-1 2.15594E-1 9.52737E-2 5.64594E-1 5.2293E-1 3.8413E-1 4.29003E-1 3.68791E-1 3.32234E-1 2.43111E-1 3.10652E-1 -9999 -9999 -9999 -9999 -9999
8.36214E-2 6.10479E-2 6.79107E-2 5.21868E-2 6.3159E-2 5.78166E-2 3.87668E-2 6.74662E-2 5.46083E-2 6.14124E-2 9.11576E-2 1.04644E-1 1.05571E-1 9.81166E-2 1.01789E-1 1.52659E-1 1.63842E-1 2.3328E-1 2.28714E-1 2.00106E-1 1.11684E-1 -9999 9.21915E-2 6.8374E-2 6.08926E-2 6.97324E-2 8.4707E-2 1.05207E-1 1.28994E-1 1.69852E-1 1.48682E-1 1.18216E-1 1.2836E-1 1.81125E-1 2.10254E-1 4.37451E-1 4.24838E-1 2.79824E-1 4.07213E-1 3.0009E-1 3.93481E-1 2.47395E-1 3.37045E-1 4.52973E-1 4.3852E-1 4.60844E-1 4.4941E-1 1.36402E-1 1.35625E-1 9.29618E-2 2.74647E-1 1.2875E-1 4.5993E-1 2.301E-1 2.0417E-1 8.8989E-2 2.98516E-1 -9999 -9999 -9999
8.0346E-2 3.22159E-2 7.15756E-2 6.30444E-2 6.43358E-2 6.23089E-2 3.68712E-2 6.57875E-2 5.92737E-2 6.8798E-2 8.24663E-2 8.63452E-2 8.65453E-2 8.56682E-2 9.11004E-2 1.40836E-1 1.66492E-1 2.11264E-1 2.34763E-1 2.11765E-1 3.40069E-2 1.19503E-1 -9999 7.80633E-2 6.92808E-2 6.64271E-2 7.80819E-2 9.52032E-2 1.18539E-1 1.5787E-1 1.26822E-1 2.51859E-1 1.66898E-1 7.14282E-2 2.35807E-1 1.5468E-1 4.3334E-1 4.23486E-1 4.19853E-1 4.30668E-1 4.82593E-1 4.63874E-1 4.52672E-1 4.29627E-1 4.17713E-1 4.34883E-1 3.66607E-1 8.85918E-2 3.16721E-1 2.5914E-1 4.95256E-1 3.94413E-1 2.60801E-1 8.04538E-2 4.68953E-1 3.9799E-1 3.48413E-1 3.05675E-1 -9999 -9999
8.66247E-2 5.388E-2 8.52931E-2 7.02391E-2 5.83473E-2 5.84936E-2 6.31813E-2 1.90597E-2 1.98435E-2 1.5869E-2 9.77924E-2 9.26614E-2 8.43126E-2 7.67529E-2 8.42256E-2 1.75126E-1 2.04819E-1 1.54926E-1 2.44962E-1 2.34779E-1 1.00334E-1 1.3327E-1 -9999 1.00005E-1 7.78748E-2 7.85865E-2 8.64096E-2 8.73263E-2 9.97808E-2 1.29365E-1 1.52946E-1 2.57156E-1 2.23617E-1 1.61621E-1 6.97779E-2 5.17358E-1 4.68356E-1 3.44685E-1 3.64231E-1 3.77206E-1 4.28468E-1 4.03033E-1 3.933E-1 3.67197E-1 3.58167E-1 4.00504E-1 3.20022E-1 9.4384E-2 3.06635E-1 3.05317E-1 5.07836E-1 4.68369E-1 4.86973E-1 4.71301E-1 4.26966E-1 3.23961E-1 2.84365E-1 2.59676E-1 -9999 -9999
8.80221E-2 5.98933E-2 5.4404E-2 8.37328E-2 6.59058E-2 5.34083E-2 6.04653E-2 5.79575E-2 6.00301E-2 7.13971E-2 2.56794E-2 1.00589E-1 9.25769E-2 8.66189E-2 9.02362E-2 1.68459E-1 2.07972E-1 1.97557E-1 1.37851E-1 2.83805E-1 2.1536E-1 1.48725E-1 1.37871E-1 -9999 1.03648E-1 8.6331E-2 1.05211E-1 1.03611E-1 1.12256E-1 1.30605E-1 1.8141E-1 2.08414E-1 2.06946E-1 2.34688E-1 1.53671E-1 5.27056E-1 4.22945E-1 3.45131E-1 3.20805E-1 3.3239E-1 3.98976E-1 3.76247E-1 3.75496E-1 3.48048E-1 3.88289E-1 2.75238E-1 3.938E-1 1.6391E-1 3.60369E-1 4.46102E-1 4.33809E-1 4.0511E-1 3.96129E-1 3.82204E-1 3.4655E-1 2.90293E-1 2.97374E-1 2.94377E-1 2.52939E-1 -9999
5.17239E-2 6.42381E-2 3.1138E-2 3.19267E-2 4.73139E-2 4.31985E-2 4.52253E-2 3.98947E-2 4.01121E-2 5.01995E-2 7.87363E-2 1.65828E-2 8.68373E-2 7.91722E-2 8.91555E-2 1.56672E-1 1.76775E-1 2.11301E-1 2.3326E-1 1.87139E-1 3.16116E-2 1.97572E-1 1.93518E-1 1.76581E-1 1.73455E-1 1.8186E-1 2.26909E-1 2.38798E-1 2.34058E-1 2.37798E-1 8.84689E-2 2.41765E-1 2.73521E-1 2.75842E-1 3.83696E-1 1.82216E-1 5.18524E-1 4.97058E-1 4.52021E-1 4.23155E-1 3.97374E-1 3.64459E-1 3.54212E-1 4.03463E-1 5.69119E-1 5.91139E-1 4.64064E-1 2.10345E-1 3.46495E-1 1.49633E-1 4.50003E-1 4.0568E-1 3.69333E-1 3.66621E-1 3.70986E-1 4.24691E-1 4.25566E-1 4.09785E-1 3.84116E-1 -9999
4.84779E-2 6.05009E-2 6.216E-2 2.27299E-2 5.75159E-2 4.87733E-2 4.00386E-2 3.46339E-2 3.47023E-2 4.19446E-2 6.70374E-2 8.74402E-2 5.24909E-2 9.08921E-2 9.62776E-2 1.62533E-1 1.60714E-1 1.69055E-1 2.04997E-1 2.28208E-1 1.77223E-1 5.61888E-2 1.83184E-1 1.93024E-1 1.85415E-1 2.13796E-1 2.68151E-1 2.0777E-1 1.31802E-1 1.37699E-1 2.38413E-1 2.41526E-1 2.62827E-1 2.52316E-1 3.03027E-1 5.29275E-1 2.61346E-1 5.31498E-1 4.9431E-1 4.64255E-1 4.24036E-1 4.58374E-1 4.06491E-1 4.06155E-1 4.03568E-1 4.93593E-1 1.76017E-1 5.85233E-1 5.15501E-1 5.32508E-1 2.92668E-1 5.0888E-1 4.54283E-1 4.67507E-1 4.42265E-1 5.11499E-1 5.1986E-1 5.23907E-1 4.86867E-1 3.51062E-1
5.38464E-2 5.17208E-2 6.31592E-2 6.2318E-2 3.40308E-2 5.65754E-2 4.37063E-2 3.86952E-2 3.44475E-2 3.94898E-2 6.11468E-2 7.9338E-2 3.5996E-2 3.21218E-2 1.02659E-1 1.98239E-1 1.79122E-1 1.6147E-1 1.58225E-1 1.94989E-1 9.49585E-2 1.22434E-1 9.76834E-2 1.99517E-1 2.01303E-1 2.59859E-1 1.83235E-1 1.37774E-1 2.38137E-1 2.26004E-1 2.03904E-1 2.25043E-1 2.96765E-1 2.58855E-1 2.25065E-1 5.47949E-1 5.53609E-1 2.55329E-1 5.59818E-1 5.31421E-1 4.46823E-1 4.71853E-1 4.838E-1 4.09434E-1 2.73733E-1 5.03666E-1 2.43362E-1 3.38094E-1 3.3164E-1 5.08093E-1 5.12276E-1 2.19796E-1 2.15799E-1 3.26023E-1 2.74617E-1 2.53258E-1 4.98401E-1 5.64292E-1 4.4247E-1 3.23303E-1
5.68076E-2 5.16964E-2 6.95914E-2 7.36656E-2 1.86738E-2 6.56751E-2 5.52605E-2 4.99408E-2 4.17604E-2 3.9228E-2 6.18764E-2 6.9299E-2 7.21596E-2 8.68992E-2 1.11482E-1 7.22009E-2 1.81035E-1 1.54246E-1 1.33695E-1 1.34892E-1 2.1175E-1 9.97877E-2 2.23963E-1 1.42265E-1 9.04409E-2 1.8512E-1 1.84916E-1 2.41557E-1 2.0704E-1 1.98517E-1 1.91542E-1 2.52296E-1 3.54756E-1 -9999 2.16007E-1 5.94267E-1 5.09739E-1 4.67876E-1 2.90167E-1 4.37387E-1 5.00647E-1 5.13189E-1 5.57523E-1 5.75822E-1 5.47212E-1 4.90428E-1 4.83688E-1 4.81165E-1 4.30492E-1 5.53577E-1 5.02265E-1 2.21348E-1 4.4332E-1 4.90714E-1 4.81705E-1 5.86885E-1 5.73534E-1 5.42765E-1 4.05486E-1 3.15718E-1
5.38843E-2 5.70183E-2 7.56434E-2 8.25405E-2 3.9308E-2 5.31703E-2 7.18038E-2 6.22419E-2 5.10033E-2 5.00314E-2 5.66193E-2 6.6367E-2 6.03334E-2 7.37505E-2 9.63993E-2 2.09242E-1 1.03858E-1 1.82256E-1 1.59621E-1 1.24235E-1 1.94413E-1 9.62201E-2 2.29154E-1 2.02062E-1 1.07843E-1 3.13479E-1 2.29824E-1 2.03134E-1 1.95091E-1 2.06436E-1 2.0459E-1 -9999 -9999 -9999 -9999 5.05356E-1 4.38879E-1 4.41307E-1 5.29238E-1 5.17905E-1 2.79192E-1 4.74635E-1 5.6821E-1 6.17923E-1 6.43404E-1 2.22512E-1 2.67065E-1 3.54217E-1 4.5807E-1 5.81654E-1 4.43379E-1 4.00712E-1 2.55683E-1 4.82342E-1 4.71638E-1 5.29988E-1 5.23407E-1 4.53517E-1 3.56923E-1 3.6407E-1
8.33174E-2 9.83747E-2 1.28301E-1 1.14514E-1 1.21016E-1 1.29193E-1 4.20918E-2 6.84155E-2 6.35369E-2 7.33787E-2 7.61152E-2 8.2526E-2 7.69911E-2 8.56618E-2 1.05421E-1 1.91777E-1 9.7196E-2 1.64395E-1 1.88313E-1 1.33169E-1 1.82951E-1 1.091E-1 2.29867E-1 2.97415E-1 2.73389E-1 2.29185E-1 2.1675E-1 1.95903E-1 1.88637E-1 -9999 -9999 -9999 -9999 -9999 -9999 3.83299E-1 3.63687E-1 4.08846E-1 4.81297E-1 4.82761E-1 4.83659E-1 3.60681E-1 4.76876E-1 6.52962E-1 2.5763E-1 4.97517E-1 4.02332E-1 3.70757E-1 1.24886E-1 4.34445E-1 3.51173E-1 3.3499E-1 1.32987E-1 2.50352E-1 4.57189E-1 4.65811E-1 4.58918E-1 2.81045E-1 3.24164E-1 3.65686E-1
8.41488E-2 1.31758E-1 1.49315E-1 1.13897E-1 1.11363E-1 6.44395E-2 9.27855E-2 2.76106E-2 7.34326E-2 8.02145E-2 1.004E-1 1.29731E-1 1.18232E-1 1.28443E-1 1.39776E-1 1.98252E-1 4.82875E-2 1.96962E-1 2.29286E-1 1.98169E-1 2.31518E-1 3.32168E-1 3.47545E-1 7.45244E-2 2.49494E-1 2.15132E-1 1.99232E-1 1.76883E-1 -9999 -9999 -9999 -9999 -9999 -9999 -9999 3.90466E-1 3.666E-1 3.99911E-1 4.27873E-1 4.42181E-1 4.63474E-1 4.88759E-1 5.08092E-1 4.03508E-1 2.09933E-1 7.8288E-2 3.0287E-1 3.976E-1 5.11826E-1 3.84395E-1 7.88214E-2 1.43007E-1 3.36331E-1 3.0903E-1 2.12273E-1 4.90502E-1 3.59925E-1 3.07997E-1 3.33399E-1 3.88097E-1
9.58725E-2 1.25475E-1 4.23858E-2 3.78752E-2 6.25167E-2 7.48099E-2 7.98324E-2 7.92554E-2 8.35443E-2 7.78458E-2 9.78223E-2 1.50203E-1 1.71374E-1 1.00307E-1 4.39326E-2 7.75209E-2 2.4444E-1 1.88401E-1 1.83793E-1 2.32469E-1 3.13888E-1 3.53031E-1 1.10331E-1 2.35231E-1 2.11002E-1 2.43784E-1 2.24984E-1 1.96552E-1 -9999 -9999 -9999 -9999 -9999 -9999 -9999 -9999 4.14768E-1 4.38559E-1 4.42559E-1 4.16521E-1 4.30085E-1 -9999 -9999 4.30128E-1 4.96651E-1 3.2627E-1 3.15839E-1 3.60985E-1 4.21578E-1 4.16135E-1 2.7896E-1 3.05828E-1 3.00294E-1 1.55972E-1 4.58609E-1 2.14761E-1 3.94371E-1 3.37384E-1 3.75638E-1 4.0009E-1
8.70167E-2 1.27211E-1 1.42717E-1 1.12443E-1 1.02833E-1 3.99438E-2 1.9659E-2 9.19687E-2 3.47201E-2 1.02726E-1 1.11585E-1 1.40528E-1 6.51769E-2 1.617E-1 1.82069E-1 7.14022E-2 2.23847E-1 2.26216E-1 2.12103E-1 2.06558E-1 2.28687E-1 2.83339E-1 3.14831E-1 2.11119E-1 2.16941E-1 6.89889E-2 2.59797E-1 2.31279E-1 -9999 -9999 -9999 -9999 -9999 -9999 -9999 -9999 4.7175E-1 4.69766E-1 4.55786E-1 -9999 -9999 -9999 -9999 2.91645E-1 3.89771E-1 2.84448E-1 2.79722E-1 3.43679E-1 3.67026E-1 3.7165E-1 3.02109E-1 3.11296E-1 2.76043E-1 1.40751E-1 3.12963E-1 1.84822E-1 4.10562E-1 3.57839E-1 2.36477E-1 1.32745E-1
7.32149E-2 7.49815E-2 1.21031E-1 1.18096E-1 9.13271E-2 6.3184E-2 7.41922E-2 1.22121E-1 9.94181E-2 5.47894E-2 4.67018E-2 2.13868E-2 7.48152E-2 1.52102E-1 1.71532E-1 1.94098E-1 6.35108E-2 5.85226E-2 2.25968E-1 2.17471E-1 1.7348E-1 1.49568E-1 1.97542E-1 1.48986E-1 1.49988E-1 5.03877E-2 2.55424E-1 1.81917E-1 2.11729E-1 -9999 -9999 -9999 -9999 -9999 -9999 5.90174E-1 -9999 -9999 -9999 -9999 -9999 -9999 -9999 3.69173E-1 2.91708E-1 2.93073E-1 2.79939E-1 3.17551E-1 1.48321E-1 9.43191E-2 1.24141E-1 3.14272E-1 2.60202E-1 2.36053E-1 1.6137E-1 5.05013E-1 2.15984E-1 4.1126E-1 1.34884E-1 4.38817E-1
1.21938E-1 1.62031E-1 1.57628E-1 2.18394E-1 1.47512E-1 1.56432E-1 1.42864E-1 1.5591E-1 1.61982E-1 2.5436E-1 2.70545E-1 2.95882E-1 4.71483E-2 1.95249E-1 1.69384E-1 1.41475E-1 1.54272E-1 1.7628E-1 2.14916E-1 1.10179E-1 1.07961E-1 1.11722E-1 1.07693E-1 1.13823E-1 1.15965E-1 2.47462E-1 1.76407E-1 1.7117E-1 1.69314E-1 -9999 -9999 -9999 -9999 -9999 -9999 -9999 -9999 -9999 -9999 -9999 -9999 -9999 -9999 3.14301E-1 3.56845E-1 4.17464E-1 3.63994E-1 3.80529E-1 3.10813E-1 1.33263E-1 5.7529E-1 5.32634E-1 5.20022E-1 6.37936E-1 2.45819E-1 4.75038E-1 3.30934E-1 2.91527E-1 2.74205E-1 3.86224E-1
9.40637E-2 1.02868E-1 1.09976E-1 1.20739E-1 1.10841E-1 1.39236E-1 1.41941E-1 1.34124E-1 1.3317E-1 1.41158E-1 2.20563E-1 2.57628E-1 3.02175E-1 1.51108E-1 1.73407E-1 1.12851E-1 1.2273E-1 1.21973E-1 1.27317E-1 1.22067E-1 9.6552E-2 8.55221E-2 7.83267E-2 9.16817E-2 1.06209E-1 1.49601E-1 1.8954E-1 1.83522E-1 1.58924E-1 -9999 -9999 -9999 -9999 -9999 -9999 -9999 -9999 -9999 -9999 -9999 -9999 -9999 -9999 1.2044E-1 3.75084E-1 4.42311E-1 3.97561E-1 3.93918E-1 4.1947E-1 4.79614E-1 4.63039E-1 5.45182E-1 3.33205E-1 6.88181E-1 5.95572E-1 3.82105E-1 3.14661E-1 1.20084E-1 9.21386E-2 3.54245E-1
9.51651E-2 9.26282E-2 9.16875E-2 5.99574E-2 9.98242E-2 1.12236E-1 1.17454E-1 1.14656E-1 1.10868E-1 1.19843E-1 1.46484E-1 2.32242E-1 2.97121E-1 1.22174E-1 2.74896E-1 1.39138E-1 1.12633E-1 1.61764E-1 1.62365E-1 1.121E-1 1.09267E-1 1.19529E-1 1.17129E-1 1.38146E-1 1.40121E-1 7.48219E-2 1.98835E-1 1.99218E-1 2.02988E-1 1.26443E-1 -9999 -9999 -9999 -9999 -9999 -9999 -9999 -9999 -9999 -9999 -9999 -9999 -9999 2.99252E-1 1.40637E-1 3.47504E-1 4.38624E-1 4.45867E-1 4.40519E-1 3.63211E-1 3.19741E-1 7.11818E-1 6.92378E-1 6.04709E-1 6.01188E-1 2.7807E-1 2.7814E-1 1.22787E-1 1.84427E-1 3.35671E-1
1.20277E-1 1.17855E-1 1.12099E-1 1.10858E-1 9.47653E-2 7.99091E-2 9.17242E-2 9.05661E-2 1.01442E-1 1.19303E-1 1.43652E-1 1.67731E-1 2.75E-1 2.66972E-1 2.55476E-1 1.77941E-1 1.54129E-1 3.93749E-2 3.88012E-2 6.623E-2 8.62854E-2 9.73782E-2 9.93389E-2 1.25728E-1 1.36353E-1 1.85916E-1 5.5142E-2 1.70526E-1 2.61288E-1 7.79976E-2 1.43594E-1 -9999 -9999 -9999 -9999 -9999 -9999 -9999 -9999 -9999 -9999 -9999 -9999 2.87229E-1 3.21209E-1 4.3971E-1 2.76126E-1 2.00898E-1 2.19685E-1 1.55582E-1 3.446E-1 2.86745E-1 4.90477E-1 2.16391E-1 4.65122E-1 2.55027E-1 2.79394E-1 1.28873E-1 3.48468E-1 3.24259E-1
1.42415E-1 1.35321E-1 1.2842E-1 1.28829E-1 8.87417E-2 1.10627E-1 8.69844E-2 8.84183E-2 1.0562E-1 1.24395E-1 1.53935E-1 1.72768E-1 6.03408E-2 2.43998E-1 2.49454E-1 1.83429E-1 1.51707E-1 1.26311E-1 5.65974E-2 6.36558E-2 8.93973E-2 1.09644E-1 1.12017E-1 1.5281E-1 1.64298E-1 1.40404E-1 2.10538E-1 7.78542E-2 2.33594E-1 8.79359E-2 2.25585E-1 -9999 -9999 -9999 -9999 -9999 -9999 -9999 -9999 -9999 -9999 -9999 3.23519E-1 1.5372E-1 3.24956E-1 4.06052E-1 4.08321E-1 4.29389E-1 4.33695E-1 4.40436E-1 3.14413E-1 2.34667E-1 3.10012E-1 4.05415E-1 4.01113E-1 2.47987E-1 3.19147E-1 1.00147E-1 3.50442E-1 3.02597E-1
1.21764E-1 1.19778E-1 1.08834E-1 1.06408E-1 1.26988E-1 7.46608E-2 1.48939E-1 1.10097E-1 1.16151E-1 1.27916E-1 1.5702E-1 1.90441E-1 6.82624E-2 1.99138E-1 1.92981E-1 1.30786E-1 1.13995E-1 4.20768E-2 5.1282E-2 8.77177E-2 2.06086E-1 1.77266E-1 1.86846E-1 2.21145E-1 2.10144E-1 1.33546E-1 1.29546E-1 4.55456E-2 9.23624E-2 9.22637E-2 1.49411E-1 1.54749E-1 -9999 -9999 -9999 -9999 -9999 -9999 -9999 -9999 -9999 2.65103E-1 2.68588E-1 3.09547E-1 3.85483E-1 4.45423E-1 4.67802E-1 6.21683E-1 3.96202E-1 5.01241E-1 3.81107E-1 4.03151E-1 3.55432E-1 2.42705E-1 2.41586E-1 3.23138E-1 4.22803E-1 3.6382E-1 4.97159E-1 4.27413E-1
1.42016E-1 1.4222E-1 1.40534E-1 1.21629E-1 1.16192E-1 2.28135E-1 1.51173E-1 1.30749E-1 1.40079E-1 1.48727E-1 1.71571E-1 1.77231E-1 1.89073E-1 1.04112E-1 2.44107E-1 1.16026E-1 3.03091E-2 1.53725E-2 6.13538E-2 1.07507E-1 2.13534E-1 2.10654E-1 2.67855E-1 2.89234E-1 2.31509E-1 1.48968E-1 1.52909E-1 4.66166E-2 1.10118E-1 9.19134E-2 2.48507E-1 2.0861E-1 -9999 -9999 -9999 -9999 -9999 -9999 -9999 -9999 2.36928E-1 2.57412E-1 2.42298E-1 2.78644E-1 1.64017E-1 2.95032E-1 2.1975E-1 4.93444E-1 7.03662E-2 2.31598E-1 4.91114E-1 3.99955E-1 3.78853E-1 3.57273E-1 4.94916E-1 4.61291E-1 2.13818E-1 1.6464E-1 1.98209E-1 4.82188E-1
1.20633E-1 7.13379E-2 9.38942E-2 1.57499E-1 1.65976E-1 2.21077E-1 1.52946E-1 1.90908E-1 1.58006E-1 1.69097E-1 1.40918E-1 8.21869E-2 6.53232E-2 1.29279E-1 3.64384E-2 8.69293E-2 9.25051E-2 3.99647E-2 1.0958E-1 1.0859E-1 2.90105E-1 3.18223E-1 2.83508E-1 1.73612E-1 1.62779E-1 1.34832E-1 1.45728E-1 1.23614E-1 1.20953E-1 1.70004E-1 1.5081E-1 1.71015E-1 1.80837E-1 -9999 -9999 -9999 -9999 -9999 -9999 5.54245E-2 2.59597E-1 2.57639E-1 2.40281E-1 2.56227E-1 2.77101E-1 4.16191E-1 3.80175E-1 1.6159E-1 4.4515E-1 4.34135E-1 1.579E-1 5.43194E-1 3.34082E-1 4.96282E-1 4.11866E-1 4.389E-1 4.5788E-1 5.14785E-1 5.26484E-1 2.51346E-1
1.29399E-1 1.46338E-1 5.62887E-2 6.94814E-2 1.47372E-1 1.71352E-1 2.66918E-1 3.04265E-1 1.24352E-1 5.02967E-2 1.43722E-1 1.87339E-1 1.99526E-1 1.91966E-1 1.38855E-1 8.68746E-2 3.23559E-2 1.2932E-1 1.14348E-1 1.57101E-1 3.81919E-1 3.48894E-1 2.17297E-1 1.86574E-1 1.90184E-1 1.41878E-1 1.4941E-1 1.24675E-1 1.05888E-1 1.82447E-1 1.34553E-1 1.79764E-1 1.62681E-1 -9999 -9999 -9999 -9999 -9999 -9999 7.78243E-2 3.55309E-1 3.36486E-1 3.24318E-1 3.0326E-1 3.20672E-1 5.05383E-1 3.85263E-1 1.09152E-1 5.54938E-1 4.70144E-1 4.85592E-1 4.71496E-1 4.58812E-1 2.86641E-1 2.67819E-1 5.23118E-1 4.71843E-1 5.03694E-1 5.79873E-1 2.42967E-1
1.14171E-1 1.53403E-1 1.55077E-1 1.372E-1 8.19699E-2 1.87339E-1 1.8581E-1 2.8183E-2 2.19303E-1 2.03151E-1 1.80423E-1 1.58954E-1 1.63903E-1 1.62999E-1 1.51085E-1 1.08608E-1 1.20707E-1 5.62286E-2 2.47164E-2 2.4042E-1 3.98778E-1 3.70419E-1 2.83405E-1 1.8501E-1 1.73509E-1 1.18746E-1 1.08556E-1 8.0882E-2 7.85968E-2 1.15372E-1 1.37195E-1 1.3565E-1 1.3451E-1 1.09629E-1 -9999 -9999 -9999 1.50507E-1 1.46579E-1 1.81374E-1 1.41943E-1 1.42175E-1 2.13958E-1 1.01362E-1 4.40851E-1 5.00766E-1 6.22614E-1 3.68874E-1 4.41438E-1 5.01322E-1 4.61192E-1 4.61231E-1 4.56444E-1 2.67402E-1 5.70242E-1 2.21051E-1 2.44683E-1 5.01412E-1 6.25293E-1 3.81107E-1
1.10002E-1 1.59703E-1 2.10651E-1 1.49131E-1 1.46737E-1 2.24361E-1 6.53921E-2 1.78562E-1 3.21616E-1 1.83149E-1 1.2333E-1 1.09118E-1 1.09833E-1 1.28195E-1 1.36831E-1 1.93749E-1 1.87609E-1 2.35553E-1 2.26571E-1 1.81744E-1 3.57646E-1 2.84732E-1 1.53513E-1 1.10839E-1 1.00949E-1 8.69613E-2 8.59366E-2 6.62025E-2 7.0451E-2 1.81022E-1 1.99656E-1 6.24259E-2 5.28298E-2 6.69181E-2 1.45037E-1 2.88437E-1 3.35881E-1 4.16603E-1 1.64896E-1 3.2227E-1 4.77729E-1 4.71823E-1 4.69801E-1 6.21017E-1 2.28468E-1 6.54181E-1 2.52885E-1 3.21159E-1 4.47584E-1 4.27283E-1 4.04285E-1 4.07944E-1 4.42553E-1 3.87474E-1 4.75101E-1 4.26457E-1 4.73017E-1 3.88235E-1 2.86836E-1 4.54102E-1
1.14792E-1 1.34656E-1 2.08879E-1 2.08197E-1 1.89325E-1 1.23914E-1 2.5044E-1 1.85243E-1 2.91855E-1 1.57984E-1 9.7606E-2 1.04611E-1 9.09782E-2 1.08556E-1 1.19629E-1 1.71977E-1 1.77287E-1 1.95983E-1 2.3921E-1 2.62378E-1 3.18342E-1 1.62167E-1 1.22234E-1 1.00343E-1 1.02486E-1 1.14014E-1 9.1173E-2 1.69433E-1 1.62822E-1 1.34456E-1 1.76754E-1 8.57273E-2 7.61386E-2 1.35506E-1 1.71713E-1 3.29281E-1 3.95528E-1 4.37097E-1 4.53727E-1 5.08212E-1 2.45356E-1 5.39631E-1 5.0333E-1 5.82515E-1 3.09831E-1 7.83995E-2 2.30804E-1 2.01438E-1 5.15557E-1 3.81729E-1 3.97802E-1 3.83136E-1 4.18759E-1 5.4479E-1 1.95628E-1 1.96297E-1 3.39495E-1 6.0706E-1 4.34857E-1 1.62929E-1
