Phytophthora/models/20240429_1812_56/Phytophthora_PA2_RUN10_MAXENT_outputs/Phytophthora_PA2_RUN10.asc
ncols         225
nrows         269
xllcorner     473000.0
yllcorner     4429100.0
cellsize      50.0
NODATA_value  -9999
[rows 135 to 161 of 269, columns 0 to 59 of 225]
-9999 -9999 -9999 -9999 -9999 -9999 -9999 -9999 -9999 -9999 3.74967E-1 4.86201E-1 2.84922E-1 4.4228E-1 4.31055E-1 4.54603E-1 3.98124E-1 4.65886E-1 3.58998E-1 4.38625E-1 4.91935E-1 5.44833E-1 5.56471E-1 4.89272E-1 4.38961E-1 3.3129E-1 3.39873E-1 3.61077E-1 3.41994E-1 1.39819E-1 1.28832E-1 4.0648E-1 4.06414E-1 1.62013E-1 1.55245E-1 1.02067E-1 1.81443E-1 2.4968E-1 2.90465E-1 2.78875E-1 3.2608E-1 4.03651E-1 3.74998E-1 3.83134E-1 4.07742E-1 3.03375E-1 3.25606E-1 3.19285E-1 2.91116E-1 1.37866E-1 3.58719E-1 4.05631E-1 3.31169E-1 2.62868E-1 2.24875E-1 2.18671E-1 1.60416E-1 1.5828E-1 2.67642E-1 3.51058E-1
-9999 -9999 -9999 -9999 -9999 -9999 -9999 -9999 -9999 -9999 3.29498E-1 6.23577E-1 3.41573E-1 5.2842E-1 4.72224E-1 4.81006E-1 2.7734E-1 4.56707E-1 5.18017E-1 5.27319E-1 5.84605E-1 6.52528E-1 6.44729E-1 5.4422E-1 4.36661E-1 2.76295E-1 2.69289E-1 2.62893E-1 2.91262E-1 2.78204E-1 2.11477E-1 1.65638E-1 -9999 -9999 1.61259E-1 1.72257E-1 2.04467E-1 2.26095E-1 2.8748E-1 1.90557E-1 4.38106E-1 4.19398E-1 4.43993E-1 5.33048E-1 4.23095E-1 3.14482E-1 3.31456E-1 1.65286E-1 1.32573E-1 2.62802E-1 3.37673E-1 2.93899E-1 4.10377E-1 3.65375E-1 3.07736E-1 2.349E-1 1.70609E-1 1.94701E-1 2.71462E-1 2.01339E-1
-9999 -9999 -9999 -9999 -9999 -9999 -9999 -9999 -9999 -9999 4.85905E-1 5.07291E-1 3.74316E-1 3.52523E-1 4.5234E-1 4.46015E-1 3.02165E-1 2.73871E-1 5.49579E-1 5.75348E-1 6.87054E-1 7.12027E-1 6.44833E-1 5.54614E-1 4.88643E-1 2.93623E-1 2.68144E-1 2.67239E-1 2.92659E-1 3.2865E-1 3.30183E-1 3.39425E-1 -9999 2.1472E-1 2.24129E-1 2.39987E-1 2.72895E-1 3.15188E-1 3.84095E-1 1.84221E-1 4.32875E-1 4.31604E-1 5.37715E-1 2.13867E-1 3.28107E-1 2.13615E-1 1.21203E-1 1.20447E-1 2.91365E-1 2.9752E-1 4.93958E-1 2.83727E-1 4.23614E-1 3.82755E-1 3.16313E-1 2.51037E-1 2.10009E-1 2.25469E-1 2.93309E-1 4.47901E-1
-9999 -9999 -9999 -9999 -9999 -9999 -9999 -9999 -9999 -9999 3.77311E-1 3.99663E-1 4.09097E-1 3.83741E-1 2.89009E-1 4.11833E-1 3.75866E-1 5.58755E-1 3.04679E-1 4.74996E-1 4.82055E-1 5.35379E-1 3.29725E-1 4.3248E-1 5.33447E-1 3.47255E-1 3.25477E-1 3.32226E-1 3.50898E-1 3.73996E-1 3.62713E-1 3.4218E-1 2.10945E-1 2.85974E-1 2.78909E-1 3.07723E-1 3.35407E-1 2.02021E-1 3.96683E-1 4.08043E-1 2.54205E-1 4.32291E-1 3.01293E-1 4.08247E-1 3.08311E-1 2.18331E-1 2.78563E-1 2.80962E-1 2.76095E-1 2.86335E-1 5.04078E-1 3.28615E-1 4.05288E-1 3.87229E-1 3.45395E-1 2.96988E-1 2.48175E-1 2.54409E-1 3.17702E-1 3.8596E-1
-9999 -9999 -9999 -9999 -9999 -9999 -9999 -9999 -9999 -9999 3.27802E-1 3.70938E-1 4.16848E-1 4.40424E-1 4.55352E-1 3.99769E-1 2.55271E-1 3.93396E-1 5.58687E-1 5.764E-1 6.01508E-1 5.94422E-1 5.8605E-1 6.04758E-1 4.60974E-1 1.9499E-1 2.42904E-1 3.63509E-1 1.62763E-1 2.20835E-1 1.66567E-1 3.28234E-1 2.25205E-1 3.52032E-1 3.57055E-1 3.67247E-1 1.92629E-1 3.10223E-1 4.11317E-1 2.37371E-1 4.15629E-1 5.01553E-1 5.26778E-1 3.72998E-1 2.96932E-1 2.40764E-1 2.67579E-1 2.53516E-1 2.44934E-1 2.84079E-1 4.71243E-1 2.97448E-1 4.49048E-1 4.14501E-1 3.8222E-1 3.27678E-1 2.79298E-1 2.80374E-1 3.47314E-1 4.05467E-1
-9999 -9999 -9999 -9999 -9999 -9999 -9999 -9999 -9999 -9999 2.69604E-1 3.23148E-1 3.96732E-1 4.35087E-1 4.66515E-1 4.79417E-1 5.56356E-1 5.59047E-1 3.25163E-1 6.14067E-1 6.78913E-1 6.35766E-1 5.88069E-1 5.82723E-1 5.09715E-1 3.59796E-1 3.08413E-1 2.8028E-1 3.95242E-1 3.74661E-1 3.68074E-1 2.00225E-1 2.01293E-1 1.90147E-1 3.83387E-1 3.67075E-1 3.71159E-1 3.74783E-1 2.2052E-1 3.94427E-1 4.5024E-1 4.16149E-1 4.37878E-1 3.03831E-1 2.54411E-1 2.12708E-1 2.30495E-1 2.10824E-1 2.01675E-1 2.70577E-1 4.4344E-1 4.70768E-1 3.46183E-1 2.31074E-1 3.87856E-1 3.32378E-1 2.72153E-1 2.97838E-1 3.65904E-1 4.12135E-1
-9999 -9999 -9999 -9999 -9999 -9999 -9999 -9999 -9999 -9999 2.50054E-1 2.91512E-1 3.75706E-1 4.12665E-1 4.43463E-1 4.77324E-1 5.35665E-1 5.53622E-1 6.32701E-1 6.26629E-1 5.49054E-1 4.95618E-1 5.68817E-1 5.23694E-1 4.87731E-1 4.65839E-1 4.74909E-1 4.89716E-1 4.38649E-1 4.07901E-1 3.36352E-1 3.52066E-1 3.52403E-1 3.26292E-1 2.13821E-1 4.5121E-1 4.35762E-1 3.25085E-1 5.13916E-1 4.3925E-1 4.5691E-1 3.902E-1 3.3084E-1 2.83014E-1 2.77712E-1 2.83185E-1 2.73592E-1 2.5391E-1 2.72736E-1 3.75458E-1 4.72089E-1 5.49142E-1 4.99243E-1 5.04156E-1 4.64388E-1 3.29439E-1 2.67834E-1 3.05427E-1 3.724E-1 4.25755E-1
-9999 -9999 -9999 -9999 -9999 -9999 -9999 -9999 -9999 -9999 1.73391E-1 2.33972E-1 3.48808E-1 3.79615E-1 4.22115E-1 4.54568E-1 4.9029E-1 5.29787E-1 3.55672E-1 6.66358E-1 6.75473E-1 3.39615E-1 4.39703E-1 5.42965E-1 5.36728E-1 4.95211E-1 4.46843E-1 4.33415E-1 4.17587E-1 3.71445E-1 2.98894E-1 3.16862E-1 3.24719E-1 3.48796E-1 3.54381E-1 4.58714E-1 3.79842E-1 2.53515E-1 5.0737E-1 5.00996E-1 3.70105E-1 3.76322E-1 2.7527E-1 2.62644E-1 2.51437E-1 2.35138E-1 2.07743E-1 1.90078E-1 2.4333E-1 4.28556E-1 4.1285E-1 5.32691E-1 4.33786E-1 4.70362E-1 4.21829E-1 2.93401E-1 2.55111E-1 3.10523E-1 3.56365E-1 3.92724E-1
-9999 -9999 -9999 -9999 -9999 -9999 -9999 -9999 -9999 2.56009E-3 1.13252E-1 1.8644E-1 2.54602E-1 2.75823E-1 3.33928E-1 3.78636E-1 4.36214E-1 3.61721E-1 5.65968E-1 5.96825E-1 6.15219E-1 5.83253E-1 5.75588E-1 4.11193E-1 5.85455E-1 5.3815E-1 4.40563E-1 3.92342E-1 3.573E-1 3.03448E-1 2.59754E-1 2.74467E-1 2.90363E-1 3.45036E-1 4.45404E-1 2.57091E-1 3.81098E-1 4.39084E-1 4.92795E-1 4.37063E-1 3.10507E-1 3.91863E-1 3.33121E-1 3.28675E-1 3.06253E-1 3.0328E-1 2.69936E-1 2.2776E-1 2.72795E-1 2.81734E-1 3.71017E-1 3.97495E-1 4.22473E-1 4.28297E-1 3.61359E-1 2.49549E-1 2.4822E-1 3.0797E-1 3.55739E-1 3.96675E-1
-9999 -9999 -9999 -9999 -9999 -9999 -9999 -9999 -9999 1.4983E-3 8.35791E-2 1.43426E-1 1.89588E-1 2.09807E-1 2.47567E-1 3.15973E-1 3.65698E-1 2.33997E-1 5.37077E-1 5.11331E-1 5.2219E-1 5.45321E-1 5.68401E-1 6.25553E-1 4.8625E-1 3.87869E-1 4.25307E-1 4.26913E-1 3.88561E-1 3.15581E-1 2.07638E-1 2.19605E-1 2.69141E-1 3.48985E-1 4.18073E-1 4.32214E-1 2.73229E-1 4.38305E-1 4.9349E-1 3.48318E-1 3.2918E-1 3.68843E-1 3.69226E-1 3.61203E-1 3.58406E-1 3.64658E-1 3.55161E-1 3.42598E-1 2.43912E-1 2.19294E-1 3.45579E-1 2.99647E-1 3.72004E-1 3.63813E-1 3.12229E-1 2.39419E-1 2.66939E-1 3.2051E-1 3.58817E-1 4.03208E-1
-9999 -9999 -9999 -9999 -9999 -9999 -9999 -9999 -9999 9.35949E-4 5.37299E-2 8.6456E-2 1.12086E-1 1.31009E-1 1.70814E-1 2.4408E-1 3.21093E-1 3.27559E-1 5.08011E-1 4.9772E-1 5.02116E-1 4.9931E-1 4.81954E-1 4.86513E-1 4.65454E-1 2.34038E-1 4.30272E-1 4.43404E-1 4.32703E-1 3.70789E-1 2.77908E-1 2.36433E-1 2.92975E-1 3.57963E-1 3.96666E-1 4.28567E-1 2.41974E-1 4.5673E-1 4.54532E-1 2.81194E-1 3.75679E-1 4.13361E-1 4.01447E-1 3.8411E-1 4.14315E-1 4.4518E-1 4.82554E-1 3.34459E-1 2.97422E-1 3.43734E-1 3.50401E-1 3.70314E-1 4.79742E-1 5.2707E-1 4.13362E-1 3.15609E-1 2.94507E-1 3.25447E-1 3.7205E-1 4.10488E-1
-9999 -9999 -9999 -9999 -9999 -9999 -9999 -9999 8.93913E-3 1.53624E-2 3.2546E-2 4.6989E-2 7.2908E-2 1.04714E-1 1.31027E-1 1.46927E-1 1.61587E-1 3.7516E-1 4.0699E-1 4.1063E-1 3.99791E-1 3.9729E-1 3.71471E-1 3.51242E-1 3.74826E-1 4.25777E-1 2.35059E-1 4.69531E-1 4.74097E-1 4.34973E-1 3.98546E-1 3.35589E-1 4.07685E-1 4.06844E-1 4.0863E-1 2.55494E-1 4.37118E-1 4.98069E-1 3.78812E-1 2.89028E-1 4.28952E-1 4.44243E-1 4.14304E-1 3.06589E-1 5.2002E-1 6.09799E-1 4.98762E-1 4.54576E-1 4.70479E-1 4.48134E-1 4.2232E-1 4.97717E-1 5.52308E-1 5.87747E-1 4.89713E-1 4.52832E-1 4.32252E-1 3.96824E-1 4.47328E-1 4.95135E-1
-9999 -9999 -9999 -9999 -9999 -9999 -9999 -9999 1.06801E-2 1.46317E-2 3.35742E-2 2.68592E-2 4.62523E-2 7.24836E-2 1.06218E-1 1.0666E-1 2.27406E-1 2.95435E-1 4.00993E-1 4.28062E-1 3.79117E-1 3.30926E-1 4.53898E-1 4.78934E-1 4.50972E-1 4.09194E-1 4.65773E-1 2.70735E-1 4.83775E-1 4.6298E-1 4.45721E-1 4.40831E-1 4.59323E-1 4.16758E-1 3.08447E-1 3.96919E-1 4.60679E-1 4.47297E-1 2.91311E-1 2.77464E-1 4.18857E-1 3.86288E-1 4.01962E-1 4.65785E-1 4.88935E-1 4.96309E-1 4.9058E-1 5.26677E-1 4.81698E-1 4.89456E-1 4.57466E-1 5.61504E-1 6.00764E-1 5.50281E-1 5.05255E-1 4.8343E-1 4.58865E-1 4.29712E-1 4.22717E-1 4.65387E-1
-9999 -9999 -9999 -9999 -9999 -9999 -9999 -9999 1.81721E-2 2.52906E-2 3.41629E-2 7.80725E-2 4.98154E-2 4.89048E-2 5.71784E-2 9.22129E-2 1.11846E-1 2.59901E-1 4.19007E-1 4.61715E-1 4.49063E-1 3.91153E-1 4.20389E-1 4.41275E-1 4.87123E-1 4.74098E-1 2.36061E-1 4.73568E-1 2.75653E-1 4.2637E-1 4.74501E-1 4.57842E-1 4.34246E-1 1.93508E-1 4.13215E-1 5.08583E-1 4.7027E-1 4.05615E-1 2.79649E-1 3.29199E-1 3.72882E-1 4.01308E-1 4.52967E-1 4.03954E-1 5.25322E-1 5.38235E-1 6.02595E-1 5.17027E-1 5.26595E-1 5.78761E-1 6.10471E-1 5.76737E-1 5.96178E-1 3.22248E-1 3.25229E-1 3.32855E-1 4.83088E-1 4.50243E-1 4.02282E-1 4.04903E-1
-9999 -9999 -9999 -9999 -9999 -9999 -9999 1.59851E-2 2.61323E-2 6.81046E-2 8.33433E-2 8.22778E-2 9.90603E-2 1.07274E-1 9.26867E-2 7.71989E-2 1.39279E-1 3.88625E-1 3.34029E-1 4.29469E-1 4.36276E-1 4.50993E-1 4.22692E-1 4.29566E-1 4.67337E-1 4.59164E-1 4.76584E-1 3.73583E-1 4.79015E-1 2.4305E-1 3.02412E-1 4.43032E-1 2.54382E-1 4.3677E-1 4.82749E-1 5.08658E-1 4.66398E-1 3.33114E-1 2.41772E-1 3.6266E-1 3.96602E-1 5.33271E-1 4.8044E-1 3.68728E-1 5.31231E-1 6.00996E-1 5.92676E-1 5.36641E-1 5.97762E-1 6.20545E-1 5.36977E-1 4.70055E-1 4.67864E-1 5.20464E-1 5.08865E-1 4.76525E-1 4.74195E-1 4.42559E-1 3.94818E-1 3.59127E-1
-9999 -9999 -9999 -9999 -9999 -9999 -9999 1.9241E-2 4.14201E-2 6.77266E-2 9.84024E-2 1.55673E-1 2.19036E-1 2.23857E-1 2.19814E-1 1.9512E-1 2.3924E-1 3.10987E-1 2.88345E-1 3.58784E-1 3.60334E-1 3.63235E-1 3.40661E-1 3.93225E-1 4.25686E-1 4.30422E-1 4.54795E-1 4.96444E-1 2.44784E-1 5.04409E-1 4.25008E-1 3.46074E-1 4.02487E-1 4.7564E-1 4.67017E-1 4.79271E-1 4.16343E-1 2.20924E-1 2.90402E-1 3.94285E-1 4.12802E-1 3.7268E-1 4.86226E-1 3.40807E-1 5.33724E-1 2.89721E-1 3.29353E-1 3.60408E-1 4.69454E-1 3.72133E-1 3.43941E-1 6.2418E-1 6.18918E-1 5.12376E-1 4.8736E-1 4.52375E-1 4.45905E-1 4.23155E-1 3.71671E-1 3.61854E-1
-9999 -9999 -9999 -9999 -9999 -9999 -9999 2.32702E-2 9.93254E-2 1.69803E-1 2.36762E-1 3.40269E-1 4.2333E-1 4.32256E-1 4.5093E-1 4.08168E-1 3.66551E-1 4.12425E-1 3.00678E-1 3.59636E-1 3.91742E-1 4.17428E-1 4.10824E-1 4.64672E-1 4.46615E-1 4.61731E-1 5.24784E-1 5.64879E-1 5.87674E-1 5.73568E-1 5.26449E-1 4.52017E-1 5.961E-1 5.76793E-1 5.03811E-1 4.86752E-1 4.12583E-1 1.72147E-1 3.52949E-1 3.73857E-1 5.00831E-1 5.98285E-1 6.25867E-1 3.5825E-1 5.93541E-1 6.80656E-1 7.39216E-1 7.35865E-1 7.54566E-1 7.33207E-1 5.64145E-1 6.92604E-1 6.28098E-1 5.43265E-1 5.0968E-1 4.85044E-1 4.73096E-1 4.44299E-1 3.90309E-1 4.2927E-1
-9999 -9999 -9999 -9999 -9999 -9999 3.50655E-2 8.31465E-2 1.56448E-1 2.7145E-1 3.60525E-1 4.34123E-1 5.03489E-1 5.30819E-1 5.48486E-1 4.99116E-1 4.73946E-1 5.4981E-1 4.01448E-1 3.42815E-1 3.29316E-1 3.57922E-1 3.64229E-1 3.73525E-1 3.75167E-1 4.29514E-1 4.9432E-1 5.33697E-1 5.89543E-1 6.10873E-1 5.2224E-1 3.40303E-1 5.96514E-1 5.71044E-1 4.42757E-1 4.15874E-1 3.59801E-1 2.58375E-1 3.89664E-1 5.1126E-1 5.96286E-1 5.4261E-1 3.71831E-1 6.11901E-1 6.52269E-1 6.83231E-1 7.20564E-1 7.35832E-1 7.51915E-1 6.65179E-1 6.55513E-1 6.70047E-1 6.28697E-1 5.4795E-1 4.37138E-1 4.24819E-1 4.03612E-1 3.72715E-1 3.68582E-1 2.45782E-1
-9999 -9999 -9999 -9999 -9999 -9999 3.05638E-2 1.81282E-1 2.69308E-1 4.12193E-1 4.80438E-1 5.38564E-1 6.00187E-1 6.28967E-1 6.23718E-1 5.57914E-1 5.64538E-1 6.34188E-1 5.01492E-1 4.49984E-1 3.85149E-1 3.13996E-1 2.82439E-1 2.55132E-1 3.14136E-1 3.62115E-1 4.33761E-1 4.60126E-1 5.17256E-1 6.12405E-1 4.78939E-1 3.45967E-1 6.1805E-1 5.27672E-1 4.28444E-1 4.4775E-1 3.95359E-1 3.96419E-1 4.70535E-1 4.96606E-1 5.63054E-1 4.17648E-1 6.27206E-1 6.41462E-1 6.86537E-1 7.25576E-1 7.28117E-1 6.91366E-1 5.46479E-1 6.92348E-1 6.89366E-1 6.06682E-1 6.23771E-1 5.70831E-1 3.57159E-1 3.53638E-1 3.12444E-1 3.13883E-1 3.96366E-1 3.92983E-1
-9999 -9999 -9999 -9999 -9999 -9999 -9999 1.83419E-1 3.52036E-1 4.94462E-1 5.11776E-1 5.82819E-1 6.22694E-1 6.56715E-1 6.72152E-1 6.22031E-1 6.67783E-1 6.57663E-1 5.57896E-1 5.37866E-1 4.82852E-1 3.89416E-1 2.33954E-1 1.37343E-1 2.24403E-1 2.68421E-1 3.60122E-1 4.09541E-1 5.11216E-1 5.8631E-1 5.67305E-1 4.29353E-1 6.3366E-1 5.28129E-1 4.9503E-1 4.71403E-1 3.72043E-1 4.23319E-1 4.72456E-1 5.04433E-1 5.06105E-1 6.21491E-1 6.41273E-1 6.55787E-1 6.91976E-1 5.91275E-1 5.99654E-1 7.43225E-1 7.38494E-1 6.49186E-1 6.37461E-1 6.19878E-1 6.01956E-1 2.43612E-1 3.81908E-1 3.06715E-1 3.18358E-1 3.59655E-1 4.36864E-1 4.27698E-1
-9999 -9999 -9999 -9999 -9999 -9999 -9999 1.92331E-1 4.16537E-1 5.42618E-1 5.44199E-1 5.96191E-1 6.47213E-1 6.90172E-1 4.8882E-1 5.09552E-1 5.87919E-1 6.57915E-1 5.99987E-1 6.1633E-1 5.38642E-1 4.09101E-1 2.64703E-1 1.68549E-1 1.58499E-1 1.97676E-1 2.81123E-1 4.01688E-1 5.0158E-1 5.59396E-1 5.75178E-1 5.07011E-1 5.99455E-1 5.59896E-1 5.66261E-1 3.31825E-1 4.06669E-1 4.97467E-1 5.23665E-1 2.82487E-1 6.61614E-1 6.70908E-1 6.16538E-1 6.16329E-1 6.81258E-1 7.42097E-1 7.34868E-1 7.33833E-1 6.7369E-1 6.00681E-1 5.42897E-1 5.09496E-1 4.67667E-1 4.40996E-1 2.93236E-1 3.99305E-1 3.88718E-1 4.26488E-1 5.39396E-1 5.42477E-1
-9999 -9999 -9999 -9999 -9999 -9999 -9999 -9999 1.72133E-1 4.85306E-1 4.55951E-1 4.91221E-1 5.68693E-1 6.46352E-1 7.0737E-1 8.14104E-1 8.09407E-1 6.1712E-1 7.92937E-1 7.68915E-1 5.49498E-1 4.18651E-1 3.07372E-1 2.0403E-1 2.35146E-1 2.58801E-1 3.32759E-1 4.18615E-1 5.28372E-1 6.038E-1 6.89713E-1 7.07177E-1 6.51E-1 6.98352E-1 5.28376E-1 4.6818E-1 5.39667E-1 6.0403E-1 3.97438E-1 6.5373E-1 6.88508E-1 6.38631E-1 5.5001E-1 6.02624E-1 6.37722E-1 5.78049E-1 6.38522E-1 5.86996E-1 5.39577E-1 5.24322E-1 5.45271E-1 5.04152E-1 4.99526E-1 5.45578E-1 2.34042E-1 5.56254E-1 4.64809E-1 4.90555E-1 4.55664E-1 5.91983E-1
-9999 -9999 -9999 -9999 -9999 -9999 -9999 -9999 2.31713E-1 3.45232E-1 3.01125E-1 4.17392E-1 5.47908E-1 6.28038E-1 7.26533E-1 7.89616E-1 7.75536E-1 8.05701E-1 8.03129E-1 7.36553E-1 5.31583E-1 4.28208E-1 3.04992E-1 2.59008E-1 3.29758E-1 3.54E-1 4.12856E-1 4.84145E-1 5.74733E-1 6.45098E-1 6.868E-1 6.93751E-1 6.21396E-1 5.97407E-1 4.28042E-1 5.67166E-1 5.85992E-1 6.3443E-1 5.26886E-1 6.89907E-1 6.41397E-1 5.93234E-1 5.40372E-1 4.73596E-1 5.42877E-1 5.03741E-1 5.87698E-1 5.65707E-1 4.89731E-1 4.48134E-1 4.60214E-1 4.7587E-1 5.72622E-1 5.73686E-1 6.19502E-1 5.55413E-1 5.25632E-1 3.22204E-1 5.71433E-1 4.85183E-1
-9999 -9999 -9999 -9999 -9999 -9999 -9999 -9999 8.81043E-2 1.98714E-1 2.71711E-1 3.93491E-1 5.06624E-1 6.02956E-1 6.61355E-1 7.69094E-1 7.68947E-1 7.86958E-1 7.67057E-1 6.78747E-1 4.76258E-1 4.04806E-1 2.86669E-1 3.37788E-1 4.1671E-1 4.41354E-1 4.97293E-1 5.48235E-1 6.26583E-1 6.96841E-1 7.01578E-1 4.92236E-1 7.10148E-1 5.18312E-1 4.78714E-1 5.83242E-1 6.51148E-1 5.44411E-1 6.22731E-1 6.19835E-1 6.08879E-1 5.5039E-1 4.80266E-1 3.90716E-1 4.47421E-1 4.14142E-1 4.8106E-1 4.79137E-1 4.53127E-1 4.5009E-1 5.02859E-1 5.19292E-1 6.74194E-1 6.7806E-1 7.14869E-1 2.88042E-1 4.60436E-1 5.18567E-1 4.35991E-1 2.62937E-1
-9999 -9999 -9999 -9999 -9999 -9999 -9999 -9999 -9999 1.74764E-1 2.54901E-1 3.39798E-1 4.9319E-1 5.23478E-1 5.88E-1 7.26885E-1 7.51929E-1 7.46203E-1 6.95722E-1 6.33211E-1 4.35968E-1 3.60039E-1 3.03253E-1 4.02917E-1 4.85362E-1 5.12112E-1 5.62457E-1 6.01124E-1 6.3793E-1 7.09944E-1 6.07179E-1 4.09768E-1 6.83503E-1 5.62862E-1 5.09727E-1 6.4572E-1 6.23629E-1 5.4747E-1 5.82292E-1 6.02596E-1 6.14045E-1 5.11205E-1 3.99718E-1 2.85084E-1 3.1515E-1 2.98241E-1 3.26408E-1 3.37723E-1 3.35036E-1 4.19954E-1 5.34194E-1 6.34445E-1 7.05983E-1 7.35511E-1 7.25302E-1 4.70697E-1 4.74225E-1 4.08395E-1 2.29824E-1 4.28318E-1
-9999 -9999 -9999 -9999 -9999 -9999 -9999 -9999 -9999 2.63844E-1 3.48366E-1 5.03773E-1 5.72224E-1 6.12038E-1 6.61523E-1 7.56473E-1 7.59942E-1 7.51857E-1 6.88593E-1 6.31131E-1 4.85506E-1 4.14545E-1 3.51526E-1 4.45189E-1 5.30531E-1 5.55557E-1 6.11718E-1 6.40463E-1 6.32241E-1 5.14056E-1 6.68979E-1 3.24243E-1 5.53462E-1 5.81943E-1 5.32846E-1 4.28587E-1 4.59468E-1 5.31595E-1 5.76887E-1 5.91892E-1 5.90925E-1 4.52617E-1 3.53522E-1 2.61078E-1 2.9783E-1 2.89378E-1 3.0361E-1 2.72234E-1 2.96917E-1 4.73698E-1 5.8349E-1 6.02976E-1 6.57584E-1 7.04359E-1 4.79758E-1 3.24254E-1 2.64834E-1 2.55627E-1 5.71392E-1 5.78406E-1
-9999 -9999 -9999 -9999 -9999 -9999 -9999 -9999 -9999 3.3999E-1 3.93038E-1 4.7945E-1 6.00071E-1 6.86109E-1 7.40092E-1 7.9231E-1 7.70569E-1 7.85828E-1 7.41374E-1 7.17154E-1 6.06011E-1 4.8726E-1 4.14367E-1 5.17269E-1 5.99741E-1 6.4692E-1 7.00327E-1 4.83904E-1 6.59818E-1 7.25543E-1 6.52767E-1 6.17159E-1 4.53928E-1 4.36637E-1 5.27804E-1 6.21676E-1 4.54126E-1 4.72119E-1 5.25318E-1 5.39283E-1 4.75592E-1 3.95953E-1 3.45846E-1 3.44056E-1 4.23535E-1 4.79575E-1 4.84237E-1 4.6966E-1 4.26724E-1 4.8282E-1 5.43638E-1 6.33603E-1 6.77058E-1 4.25653E-1 4.27486E-1 5.60444E-1 4.90467E-1 4.33871E-1 5.74268E-1 6.43745E-1
