Phytophthora/models/20240429_1812_56/Phytophthora_PA2_RUN10_MAXENT_outputs/Phytophthora_PA2_RUN10.asc
ncols         225
nrows         269
xllcorner     473000.0
yllcorner     4429100.0
cellsize      50.0
NODATA_value  -9999
[rows 216 to 242 of 269, columns 120 to 179 of 225]
3.73904E-1 3.11201E-1 2.42244E-1 1.75893E-1 1.36085E-1 1.14575E-1 6.57094E-2 3.62021E-2 2.36677E-2 6.10696E-3 3.0619E-3 1.42141E-3 4.89706E-3 9.40892E-3 2.11476E-2 8.43592E-2 2.28699E-1 2.77859E-1 3.4841E-1 4.03145E-1 4.809E-1 5.51871E-1 2.11397E-1 5.28922E-1 5.84194E-1 3.94451E-1 4.10221E-1 2.76864E-1 3.11324E-1 3.16001E-1 3.92489E-1 3.82052E-1 5.41982E-1 3.7147E-1 6.19402E-1 3.21731E-1 5.82711E-1 4.83023E-1 4.54926E-1 4.58094E-1 3.97343E-1 4.42901E-1 4.57938E-1 4.53569E-1 4.74471E-1 3.94503E-1 2.56995E-1 2.47903E-1 2.03047E-1 1.36617E-1 6.5508E-2 2.53625E-2 1.19658E-2 8.78593E-3 2.43812E-2 3.18491E-2 6.70901E-2 8.53881E-2 1.14348E-1 1.42214E-1
3.36257E-1 2.74334E-1 2.41927E-1 2.17901E-1 1.73789E-1 1.55113E-1 1.01242E-1 4.80388E-2 2.40221E-2 1.26913E-2 1.00856E-2 1.27169E-2 4.90075E-3 1.46486E-2 1.7421E-2 7.74001E-2 1.38655E-1 2.03057E-1 2.82043E-1 3.29658E-1 3.62425E-1 4.52637E-1 8.54445E-2 5.48239E-1 5.5174E-1 4.02575E-1 2.03093E-1 4.09333E-1 2.71154E-1 3.10774E-1 4.06304E-1 4.40784E-1 4.15433E-1 3.22435E-1 3.98347E-1 5.66686E-1 4.80438E-1 4.1864E-1 4.76393E-1 4.79657E-1 4.30406E-1 4.92201E-1 2.99148E-1 3.42643E-1 4.9433E-1 4.03783E-1 3.03464E-1 2.09267E-1 2.1403E-1 1.49725E-1 6.16181E-2 2.71435E-2 1.3905E-2 1.30814E-2 1.32364E-2 5.37913E-2 6.25398E-2 1.06881E-1 1.47354E-1 2.19823E-1
4.7175E-1 3.8034E-1 3.19954E-1 2.89143E-1 2.31128E-1 2.06376E-1 1.36409E-1 6.3341E-2 3.24061E-2 1.8582E-2 2.36824E-2 3.01064E-2 3.4864E-2 3.84848E-2 5.00009E-2 7.67199E-2 1.02953E-1 1.44207E-1 2.06574E-1 2.48571E-1 2.78461E-1 3.21973E-1 4.76755E-1 5.5754E-1 4.8797E-1 3.98129E-1 3.8064E-1 2.27979E-1 3.00856E-1 2.47339E-1 4.33386E-1 5.47587E-1 1.87168E-1 5.93965E-1 5.87187E-1 5.39602E-1 4.74054E-1 4.88439E-1 5.21653E-1 4.85281E-1 4.15555E-1 4.70258E-1 4.97637E-1 2.72546E-1 4.79087E-1 3.56489E-1 3.45898E-1 1.70393E-1 1.724E-1 1.25468E-1 5.53333E-2 2.69596E-2 1.42798E-2 7.33254E-3 3.20801E-2 4.38153E-2 8.08333E-2 1.00625E-1 2.10691E-1 2.85689E-1
4.27454E-1 4.15105E-1 3.88292E-1 3.22022E-1 2.84699E-1 2.54491E-1 1.68919E-1 9.03604E-2 6.04165E-2 3.66437E-2 4.79626E-2 6.25766E-2 7.35757E-2 8.2262E-2 9.35645E-2 1.33938E-1 1.83779E-1 2.13798E-1 2.32775E-1 2.30917E-1 2.24918E-1 3.05132E-1 4.71126E-1 4.96837E-1 4.4851E-1 4.1618E-1 2.78494E-1 2.90986E-1 1.45411E-1 2.43085E-1 4.49784E-1 4.18146E-1 2.23568E-1 5.72412E-1 5.18968E-1 5.21979E-1 5.37976E-1 5.79683E-1 5.7808E-1 5.37516E-1 4.10193E-1 4.16589E-1 4.61755E-1 5.58779E-1 5.68648E-1 4.01304E-1 3.57089E-1 1.51684E-1 1.09453E-1 8.68153E-2 4.73315E-2 1.50929E-2 8.40983E-3 1.19579E-2 2.96541E-2 5.71418E-2 8.71662E-2 2.30448E-1 2.59213E-1 3.87956E-1
3.56158E-1 3.60365E-1 3.50287E-1 3.18762E-1 3.05639E-1 2.80072E-1 2.03816E-1 1.3961E-1 9.77446E-2 6.12117E-2 9.05272E-2 1.18055E-1 1.35782E-1 1.49647E-1 1.68868E-1 2.20355E-1 2.94381E-1 3.09719E-1 3.19706E-1 3.30299E-1 3.23536E-1 3.97695E-1 4.57813E-1 4.13544E-1 4.75005E-1 4.08336E-1 3.29711E-1 3.04104E-1 3.02514E-1 1.98997E-1 3.02249E-1 2.74558E-1 4.71252E-1 5.33419E-1 4.76776E-1 5.7528E-1 5.94929E-1 6.16817E-1 6.12995E-1 5.52153E-1 4.35057E-1 4.20589E-1 4.59191E-1 5.15601E-1 5.49216E-1 3.83562E-1 2.90041E-1 1.53138E-1 4.86946E-2 7.8122E-2 1.60621E-2 1.96783E-2 8.2103E-3 1.19706E-2 3.30408E-2 7.88355E-2 1.0283E-1 1.89305E-1 2.08535E-1 3.4909E-1
1.41287E-1 3.24882E-1 3.1968E-1 3.23547E-1 3.25017E-1 3.31171E-1 2.71943E-1 1.96178E-1 1.3618E-1 1.05123E-1 1.85317E-1 2.3328E-1 2.56158E-1 2.75826E-1 2.90426E-1 3.2518E-1 3.68982E-1 3.70121E-1 3.87926E-1 4.01387E-1 4.90105E-1 4.91024E-1 5.59756E-1 4.9874E-1 5.60243E-1 4.59732E-1 5.0297E-1 3.40215E-1 3.94967E-1 4.03643E-1 4.25014E-1 2.27633E-1 4.45314E-1 3.57807E-1 3.53221E-1 4.01238E-1 4.10455E-1 3.26588E-1 2.92075E-1 3.49915E-1 4.82497E-1 4.57589E-1 4.36485E-1 4.8784E-1 4.76395E-1 2.7216E-1 1.76689E-1 1.06316E-1 7.08413E-2 5.29313E-2 1.99604E-2 9.75503E-3 1.99063E-2 3.28823E-2 4.8507E-2 1.1179E-1 1.86754E-1 2.54037E-1 2.73883E-1 3.92239E-1
4.05723E-1 4.2787E-1 4.25541E-1 3.85201E-1 3.80275E-1 4.13054E-1 3.49567E-1 2.58163E-1 1.78964E-1 1.59364E-1 2.87435E-1 3.58633E-1 3.59574E-1 3.88422E-1 4.01531E-1 4.42286E-1 4.37926E-1 4.34483E-1 4.65491E-1 4.62621E-1 6.34993E-1 5.61029E-1 6.04172E-1 5.80547E-1 6.72945E-1 3.77433E-1 3.92162E-1 3.12217E-1 3.78834E-1 4.03138E-1 3.11506E-1 2.33414E-1 4.43683E-1 3.13004E-1 3.74277E-1 3.80823E-1 3.86221E-1 4.17056E-1 4.24601E-1 2.83638E-1 4.86122E-1 4.5358E-1 4.19724E-1 2.81562E-1 3.30108E-1 1.98198E-1 1.22522E-1 1.09145E-1 2.79266E-2 5.74265E-2 3.51604E-2 2.33399E-2 4.08786E-2 7.54286E-2 9.42053E-2 1.59359E-1 2.53891E-1 3.24696E-1 3.52683E-1 3.84865E-1
4.1789E-1 4.17155E-1 4.4358E-1 4.47814E-1 4.42937E-1 5.00079E-1 4.00168E-1 2.98433E-1 2.20717E-1 2.18166E-1 3.55342E-1 5.15683E-1 4.49794E-1 4.88656E-1 4.93019E-1 5.22077E-1 4.92906E-1 4.93046E-1 5.33986E-1 5.27326E-1 6.92686E-1 6.35756E-1 6.67622E-1 6.86079E-1 6.20353E-1 3.21278E-1 4.15154E-1 3.84137E-1 3.58061E-1 3.54906E-1 1.96233E-1 2.45045E-1 3.59525E-1 2.79472E-1 2.90556E-1 3.16452E-1 3.34363E-1 3.77749E-1 4.15897E-1 2.51636E-1 5.0165E-1 4.8593E-1 4.54881E-1 3.91E-1 3.24249E-1 1.92601E-1 1.44912E-1 9.82906E-2 6.66591E-2 3.35474E-2 2.89043E-2 5.15162E-2 8.64607E-2 1.17098E-1 1.50529E-1 3.07337E-1 3.18506E-1 3.03103E-1 3.03436E-1 3.29428E-1
4.6073E-1 4.66062E-1 5.28749E-1 4.90601E-1 5.15132E-1 5.34984E-1 4.2059E-1 3.23591E-1 2.46273E-1 2.80043E-1 4.21584E-1 5.68447E-1 5.76584E-1 5.70934E-1 5.48388E-1 5.739E-1 5.96394E-1 5.55821E-1 5.91245E-1 5.44377E-1 6.41746E-1 6.71952E-1 6.48932E-1 4.57664E-1 6.21759E-1 4.61178E-1 4.22676E-1 4.03627E-1 3.3652E-1 2.78556E-1 1.17167E-1 2.2221E-1 2.63735E-1 1.96467E-1 2.44165E-1 2.74911E-1 3.34397E-1 3.86073E-1 4.1941E-1 2.97519E-1 2.59174E-1 5.00687E-1 4.8053E-1 4.60163E-1 4.05109E-1 2.62646E-1 2.03327E-1 1.36651E-1 8.95232E-2 6.78086E-2 3.31827E-2 5.30262E-2 7.5754E-2 1.01242E-1 1.37998E-1 2.09176E-1 2.76411E-1 2.97015E-1 2.96518E-1 3.01971E-1
5.40444E-1 5.73099E-1 6.0168E-1 3.12104E-1 5.45732E-1 4.81899E-1 4.33043E-1 3.38421E-1 2.42646E-1 3.03028E-1 4.86839E-1 6.13511E-1 6.61684E-1 6.36967E-1 6.04215E-1 5.95946E-1 6.65156E-1 6.11727E-1 3.91585E-1 6.64177E-1 5.63462E-1 5.25738E-1 5.67445E-1 6.2601E-1 6.27098E-1 4.56866E-1 4.32466E-1 3.74246E-1 3.02138E-1 3.22181E-1 6.83054E-2 1.94476E-1 1.78805E-1 1.38994E-1 2.23701E-1 2.87634E-1 3.46092E-1 4.17368E-1 4.15023E-1 3.37435E-1 3.49776E-1 4.91435E-1 5.12877E-1 5.14411E-1 5.03593E-1 3.41613E-1 2.95693E-1 1.82537E-1 5.69107E-2 5.47327E-2 3.59892E-2 6.96699E-2 1.0132E-1 1.32593E-1 1.65279E-1 2.2236E-1 2.67266E-1 3.07959E-1 3.21082E-1 1.52705E-1
4.34252E-1 5.88095E-1 3.47323E-1 4.7464E-1 3.92821E-1 3.04747E-1 2.89778E-1 2.72738E-1 1.8699E-1 2.5422E-1 4.30683E-1 5.68176E-1 6.18603E-1 5.56194E-1 4.96963E-1 3.76015E-1 4.75214E-1 5.61016E-1 6.57693E-1 4.81177E-1 5.69051E-1 5.82545E-1 3.97266E-1 5.7668E-1 5.57981E-1 4.7305E-1 4.5564E-1 3.99947E-1 3.58724E-1 2.8194E-1 3.35403E-2 1.03791E-1 1.04742E-1 1.20238E-1 1.96211E-1 2.75733E-1 3.51266E-1 3.80656E-1 3.5686E-1 3.00953E-1 4.7279E-1 3.65935E-1 4.00129E-1 5.11333E-1 5.13738E-1 4.77186E-1 4.33668E-1 3.44046E-1 6.48478E-2 6.09448E-2 3.72304E-2 5.87294E-2 8.53539E-2 1.33994E-1 2.02841E-1 3.0231E-1 3.39555E-1 3.68115E-1 2.35337E-1 3.77359E-1
2.43599E-1 3.17244E-1 4.39947E-1 3.4911E-1 3.10231E-1 2.02454E-1 3.06037E-1 1.10041E-1 1.769E-1 2.90318E-1 4.19671E-1 5.69965E-1 6.15516E-1 6.47754E-1 5.9658E-1 6.22569E-1 6.43678E-1 6.53205E-1 6.5278E-1 3.72358E-1 6.46766E-1 5.83889E-1 3.76906E-1 5.69388E-1 5.49633E-1 4.82564E-1 4.10114E-1 3.45755E-1 3.44356E-1 1.61437E-1 2.3709E-2 8.84637E-2 9.99253E-2 1.64879E-1 2.3184E-1 3.1998E-1 3.53087E-1 3.36421E-1 3.31085E-1 2.45512E-1 4.70614E-1 4.89844E-1 4.53587E-1 4.62637E-1 4.91404E-1 3.88248E-1 3.92177E-1 3.58751E-1 1.42415E-1 7.95517E-2 6.06359E-2 8.87275E-2 1.3396E-1 1.71038E-1 2.44777E-1 3.62277E-1 3.84595E-1 3.93193E-1 3.2228E-1 3.66649E-1
4.80602E-1 3.92072E-1 3.61866E-1 3.14012E-1 2.86304E-1 1.91766E-1 2.52655E-1 1.23695E-1 1.36918E-1 2.2813E-1 4.35018E-1 5.40053E-1 5.76947E-1 6.35726E-1 5.51992E-1 5.81125E-1 5.95459E-1 6.33079E-1 4.79377E-1 3.93694E-1 6.77062E-1 6.29143E-1 3.8682E-1 5.87491E-1 5.48335E-1 5.11393E-1 4.43841E-1 3.49154E-1 2.72801E-1 5.45526E-2 2.74425E-2 8.80663E-2 1.41465E-1 2.30954E-1 3.0372E-1 3.90482E-1 3.60803E-1 3.17235E-1 2.85949E-1 3.37369E-1 4.71615E-1 4.79069E-1 5.1573E-1 5.1745E-1 4.8896E-1 3.673E-1 3.20979E-1 3.21602E-1 2.40336E-1 1.57563E-1 1.14348E-1 1.58111E-1 2.28191E-1 2.22357E-1 2.94606E-1 3.97153E-1 4.04195E-1 2.16062E-1 4.41145E-1 4.92042E-1
4.00429E-1 4.73215E-1 2.35726E-1 2.53643E-1 2.4675E-1 2.03538E-1 1.88387E-1 1.35062E-1 1.15387E-1 1.87447E-1 3.59517E-1 4.81273E-1 5.04545E-1 5.83772E-1 4.82003E-1 4.7976E-1 5.05559E-1 5.49628E-1 6.71697E-1 5.9939E-1 5.04241E-1 4.19896E-1 6.57758E-1 5.84887E-1 6.23436E-1 5.77105E-1 4.39918E-1 3.32243E-1 2.53849E-1 1.84899E-2 6.22709E-2 1.11884E-1 1.6468E-1 2.92567E-1 3.25976E-1 3.9003E-1 3.85339E-1 3.92976E-1 2.38471E-1 4.17228E-1 4.90048E-1 4.7584E-1 4.88409E-1 4.94418E-1 4.8679E-1 4.12147E-1 3.96524E-1 2.26448E-1 2.93381E-1 2.02201E-1 1.58964E-1 2.45871E-1 3.0759E-1 3.03685E-1 3.21694E-1 4.11489E-1 2.9962E-1 4.71603E-1 5.00415E-1 4.80437E-1
3.44363E-1 3.90178E-1 1.42594E-1 1.7599E-1 2.03159E-1 1.82004E-1 1.33079E-1 9.34454E-2 8.70954E-2 1.47863E-1 2.59949E-1 3.72179E-1 4.12135E-1 4.61333E-1 3.86664E-1 4.4205E-1 5.15622E-1 5.76644E-1 5.61095E-1 4.49264E-1 6.96223E-1 6.82049E-1 6.74656E-1 6.31698E-1 5.94261E-1 3.84258E-1 4.16844E-1 2.9785E-1 7.81748E-2 3.0736E-2 8.4492E-2 1.18482E-1 2.08135E-1 2.64087E-1 2.94615E-1 3.79281E-1 3.96041E-1 1.88425E-1 4.16023E-1 2.86977E-1 3.78925E-1 5.00617E-1 5.03294E-1 4.92439E-1 5.41934E-1 5.09017E-1 5.19086E-1 1.95721E-1 2.95344E-1 1.86132E-1 1.1797E-1 1.65827E-1 1.80699E-1 1.9637E-1 3.18218E-1 4.0694E-1 3.08534E-1 5.1683E-1 4.95088E-1 4.52265E-1
1.46662E-1 8.68873E-2 9.17571E-2 1.08962E-1 1.10188E-1 1.501E-1 9.79819E-2 6.19968E-2 6.47912E-2 1.03425E-1 1.60428E-1 1.67592E-1 2.49602E-1 2.69935E-1 3.22694E-1 4.29981E-1 4.65792E-1 5.39511E-1 4.17152E-1 5.5356E-1 5.83917E-1 5.57077E-1 5.26242E-1 4.79335E-1 3.32034E-1 2.20008E-1 1.83382E-1 1.75039E-1 1.02052E-2 4.15881E-2 8.63326E-2 1.30618E-1 1.84906E-1 2.1141E-1 2.95436E-1 3.80726E-1 4.0598E-1 2.70687E-1 4.28177E-1 4.25893E-1 2.39645E-1 1.84111E-1 3.84676E-1 3.85293E-1 3.86098E-1 2.22595E-1 2.06952E-1 5.81668E-2 1.341E-1 9.80221E-2 1.10603E-1 1.57318E-1 1.84823E-1 2.58474E-1 3.50921E-1 3.68629E-1 5.92605E-1 6.40962E-1 6.12371E-1 5.3484E-1
8.23561E-2 7.06773E-2 7.26758E-2 6.91042E-2 6.43408E-2 1.34888E-1 1.22359E-1 1.0809E-1 9.34978E-2 7.56804E-2 1.13388E-1 1.28399E-1 2.9019E-1 2.81528E-1 3.50085E-1 4.62181E-1 4.86731E-1 5.20673E-1 4.75776E-1 4.9068E-1 4.96035E-1 5.13502E-1 3.84018E-1 3.17588E-1 2.63707E-1 1.93266E-1 2.20706E-1 2.85591E-2 2.05742E-2 6.54977E-2 9.64107E-2 1.33263E-1 1.82456E-1 2.40638E-1 3.0436E-1 3.86263E-1 4.12763E-1 4.01116E-1 4.58398E-1 3.60119E-1 3.76742E-1 3.75864E-1 3.85055E-1 3.86716E-1 2.13793E-1 1.49619E-1 1.61879E-1 1.76755E-1 1.11832E-1 9.41018E-2 1.33441E-1 1.69956E-1 2.23253E-1 3.6087E-1 2.195E-1 6.50028E-1 6.50338E-1 6.18983E-1 5.75706E-1 4.99861E-1
1.46461E-1 1.33044E-1 1.14699E-1 9.27398E-2 9.5622E-2 1.35464E-1 1.69728E-1 1.63878E-1 1.51237E-1 1.63513E-1 1.02823E-1 1.3181E-1 2.73915E-1 2.83474E-1 3.50528E-1 4.53808E-1 4.87841E-1 3.94791E-1 5.28708E-1 2.92122E-1 5.27286E-1 3.9838E-1 3.39E-1 2.8459E-1 2.4263E-1 2.2881E-1 9.23047E-2 1.57963E-2 3.98105E-2 6.28489E-2 1.01801E-1 1.31454E-1 1.80147E-1 2.50182E-1 3.19269E-1 3.99875E-1 3.47131E-1 5.47377E-1 3.78137E-1 2.86413E-1 3.33777E-1 3.5369E-1 3.58188E-1 2.93568E-1 4.14766E-1 1.74917E-1 2.27298E-1 1.39325E-1 1.08691E-1 9.44875E-2 1.68311E-1 2.3272E-1 2.81131E-1 3.44104E-1 3.99456E-1 6.61556E-1 6.47607E-1 5.94554E-1 5.1923E-1 4.46471E-1
1.47244E-1 1.55008E-1 1.51922E-1 1.45862E-1 1.63752E-1 2.77662E-1 2.5262E-1 2.28658E-1 2.08023E-1 2.36686E-1 1.13669E-1 1.25896E-1 2.51197E-1 2.73222E-1 3.40382E-1 4.49682E-1 4.83664E-1 4.89916E-1 4.97724E-1 1.99851E-1 4.58797E-1 4.62755E-1 3.10451E-1 1.74607E-1 9.95505E-2 4.27627E-2 2.46998E-2 1.63201E-2 6.97488E-2 1.00915E-1 9.54834E-2 1.15738E-1 1.90184E-1 2.76445E-1 3.48294E-1 4.48258E-1 4.79636E-1 4.64263E-1 3.57344E-1 3.63594E-1 3.41095E-1 3.74916E-1 1.99499E-1 4.283E-1 7.48498E-2 1.59559E-1 1.01759E-1 1.0056E-1 1.03229E-1 1.07292E-1 1.87188E-1 2.47783E-1 2.39482E-1 3.28571E-1 3.05072E-1 6.5838E-1 6.5831E-1 5.99692E-1 5.28681E-1 4.23542E-1
1.52064E-1 2.08243E-1 2.18309E-1 2.10733E-1 2.6288E-1 3.51689E-1 3.27069E-1 2.97432E-1 2.68549E-1 2.78967E-1 1.97186E-1 2.57986E-1 1.77965E-1 2.34974E-1 2.99121E-1 4.00979E-1 4.28685E-1 4.46348E-1 4.47331E-1 1.55164E-1 4.57598E-1 3.57707E-1 2.44181E-1 1.42E-1 7.49829E-2 5.76912E-2 8.62584E-2 1.16776E-1 1.40549E-1 1.37997E-1 1.20015E-1 1.33045E-1 1.72526E-1 2.51174E-1 3.29605E-1 5.01273E-1 5.36683E-1 2.39344E-1 3.87068E-1 3.78497E-1 3.68645E-1 3.78628E-1 1.93593E-1 4.13761E-1 1.13562E-1 1.85235E-1 1.41544E-1 9.48438E-2 7.59127E-2 6.43232E-2 1.21376E-1 1.54142E-1 2.30496E-1 3.26124E-1 2.91925E-1 6.53347E-1 6.55726E-1 5.91074E-1 5.22461E-1 4.15134E-1
2.91642E-1 3.7138E-1 3.86697E-1 3.44585E-1 3.93091E-1 3.73518E-1 3.59732E-1 3.41477E-1 3.12416E-1 3.34022E-1 3.08974E-1 3.67773E-1 3.06251E-1 2.36078E-1 2.56965E-1 3.75995E-1 4.20016E-1 4.33052E-1 4.39662E-1 3.49688E-1 2.87439E-1 2.46841E-1 1.92909E-1 1.56374E-1 1.57593E-1 1.44322E-1 1.92495E-1 2.00132E-1 2.30314E-1 1.74029E-1 1.54854E-1 1.81819E-1 1.8593E-1 2.44091E-1 3.10633E-1 4.44343E-1 4.64565E-1 3.85744E-1 2.92082E-1 3.47761E-1 2.80932E-1 3.58868E-1 4.41148E-1 4.3681E-1 1.68947E-1 8.60503E-2 9.62039E-2 7.40751E-2 5.47911E-2 5.94131E-2 2.51919E-1 3.63016E-1 4.5118E-1 4.94869E-1 3.8733E-1 7.22329E-1 7.11614E-1 6.54682E-1 5.77727E-1 4.88883E-1
4.26938E-1 4.37592E-1 4.45082E-1 4.2252E-1 4.3324E-1 4.05459E-1 4.02017E-1 4.05158E-1 3.87016E-1 4.0933E-1 3.77815E-1 4.27148E-1 3.91363E-1 3.07806E-1 2.60429E-1 3.16618E-1 3.40002E-1 3.57139E-1 3.52915E-1 2.62709E-1 3.87847E-1 2.92833E-1 2.75223E-1 1.63389E-1 2.21422E-1 2.16096E-1 2.81325E-1 2.66995E-1 3.33581E-1 2.5668E-1 2.34271E-1 2.27824E-1 2.31051E-1 3.5996E-1 3.90296E-1 4.46348E-1 3.57479E-1 3.92408E-1 1.76603E-1 2.22152E-1 2.95014E-1 4.40219E-1 4.20006E-1 4.29956E-1 4.09966E-1 1.96277E-1 1.19032E-1 8.69082E-2 5.73701E-2 9.95352E-2 4.15148E-1 4.77605E-1 4.82E-1 5.09849E-1 3.72725E-1 7.51083E-1 7.17674E-1 6.73564E-1 6.20282E-1 5.45965E-1
3.36751E-1 3.68643E-1 3.18796E-1 2.12199E-1 2.15995E-1 2.16843E-1 2.86298E-1 4.20594E-1 4.43712E-1 4.85637E-1 3.89219E-1 5.07445E-1 4.45258E-1 3.76208E-1 3.34868E-1 3.32426E-1 2.55338E-1 2.658E-1 2.84128E-1 1.55855E-1 2.69451E-1 2.82359E-1 1.63398E-1 2.11108E-1 3.40561E-1 2.87275E-1 3.25203E-1 3.51357E-1 4.28807E-1 3.27187E-1 2.73863E-1 2.63594E-1 3.1648E-1 3.63611E-1 4.04377E-1 4.43886E-1 3.30093E-1 3.4621E-1 3.76329E-1 4.24347E-1 3.14396E-1 4.62029E-1 4.43532E-1 4.25138E-1 3.28576E-1 7.5346E-2 8.12371E-2 6.84011E-2 5.64814E-2 1.24242E-1 4.53384E-1 5.34313E-1 5.61777E-1 5.53779E-1 5.96462E-1 6.76657E-1 7.38782E-1 7.12711E-1 6.68171E-1 5.77243E-1
5.18834E-1 4.94816E-1 3.72022E-1 3.44456E-1 4.34211E-1 4.01249E-1 4.12927E-1 2.63263E-1 2.86768E-1 4.96041E-1 3.64306E-1 5.6406E-1 4.88334E-1 4.28397E-1 3.97199E-1 3.94855E-1 3.19472E-1 2.39436E-1 1.95537E-1 1.15337E-1 1.80377E-1 1.51688E-1 1.60022E-1 2.57823E-1 3.91371E-1 3.46172E-1 3.57893E-1 4.3221E-1 5.20895E-1 3.79685E-1 3.07316E-1 3.03275E-1 3.95589E-1 3.42602E-1 3.1692E-1 2.03662E-1 3.3342E-1 2.095E-1 3.97375E-1 4.18938E-1 4.56031E-1 4.51956E-1 4.42584E-1 3.89943E-1 1.31779E-1 6.42015E-2 5.94195E-2 6.36926E-2 8.611E-2 1.84581E-1 5.79061E-1 5.96992E-1 3.67302E-1 4.2379E-1 5.79826E-1 6.45152E-1 7.25823E-1 7.21347E-1 6.79404E-1 5.81204E-1
3.01559E-1 2.91016E-1 2.49188E-1 2.99164E-1 3.88449E-1 3.91533E-1 3.10869E-1 4.61953E-1 4.48212E-1 4.49229E-1 1.9569E-1 4.8575E-1 4.88763E-1 4.61425E-1 4.31742E-1 4.32222E-1 3.63729E-1 2.78779E-1 2.0071E-1 7.77606E-2 1.18274E-1 1.10667E-1 1.98305E-1 2.99627E-1 4.21748E-1 3.70972E-1 3.54026E-1 5.03103E-1 4.3631E-1 3.79063E-1 3.19196E-1 3.48712E-1 1.3799E-1 2.73359E-1 3.11234E-1 3.46141E-1 2.27144E-1 2.95166E-1 3.83985E-1 3.91593E-1 4.42505E-1 4.41493E-1 4.11314E-1 2.45503E-1 1.85693E-1 6.81462E-2 6.15151E-2 8.50678E-2 1.12924E-1 1.93727E-1 5.47107E-1 5.38866E-1 3.06538E-1 5.08668E-1 2.45091E-1 6.08079E-1 7.36514E-1 7.12841E-1 6.73363E-1 5.85644E-1
3.34347E-1 3.33416E-1 3.29926E-1 4.51594E-1 5.26281E-1 5.19806E-1 3.56668E-1 5.72711E-1 6.27275E-1 5.06671E-1 6.11549E-1 6.4175E-1 5.42388E-1 6.64369E-1 6.07528E-1 5.24392E-1 4.52323E-1 3.57192E-1 2.95135E-1 1.25604E-1 5.11569E-2 6.55347E-2 1.26749E-1 2.40041E-1 2.85855E-1 3.26232E-1 4.36466E-1 4.53922E-1 4.0164E-1 2.72983E-1 2.29496E-1 3.8325E-1 3.61461E-1 4.15891E-1 3.77684E-1 3.86498E-1 4.27527E-1 2.63881E-1 4.14328E-1 3.78468E-1 3.56155E-1 3.54861E-1 3.4836E-1 1.44281E-1 2.27193E-1 9.59378E-2 1.09642E-1 1.66513E-1 2.28872E-1 2.43377E-1 1.65438E-1 1.91402E-1 7.97401E-2 1.26414E-1 1.90168E-1 5.65843E-1 7.14916E-1 6.91746E-1 6.52494E-1 6.19128E-1
3.02376E-1 3.53199E-1 4.30344E-1 5.11322E-1 5.4665E-1 3.58151E-1 5.17359E-1 5.37608E-1 5.88325E-1 3.98862E-1 6.68894E-1 6.98622E-1 6.70616E-1 6.43456E-1 5.9419E-1 5.03513E-1 4.26114E-1 3.31831E-1 2.49103E-1 1.58277E-1 1.80794E-2 6.92828E-2 1.39155E-1 1.79375E-1 1.96821E-1 3.29799E-1 4.18122E-1 3.87993E-1 4.53253E-1 3.13985E-1 2.72525E-1 4.79485E-1 3.52542E-1 4.82662E-1 3.89086E-1 3.81051E-1 4.28106E-1 3.18289E-1 4.09073E-1 3.66512E-1 2.71957E-1 2.74323E-1 2.62626E-1 1.22498E-1 2.13227E-1 5.826E-2 1.10945E-1 1.95409E-1 2.10176E-1 2.12201E-1 1.83089E-1 8.28076E-2 1.41604E-1 1.42633E-1 2.2004E-1 6.80283E-1 6.69902E-1 6.61884E-1 6.09849E-1 5.77194E-1
