Phytophthora/models/20240429_1812_56/Phytophthora_PA2_RUN10_MAXENT_outputs/Phytophthora_PA2_RUN10.asc
ncols         225
nrows         269
xllcorner     473000.0
yllcorner     4429100.0
cellsize      50.0
NODATA_value  -9999
[rows 81 to 107 of 269, columns 0 to 59 of 225]
-9999 -9999 -9999 -9999 -9999 -9999 -9999 -9999 -9999 -9999 -9999 -9999 -9999 -9999 -9999 -9999 -9999 -9999 -9999 -9999 -9999 -9999 -9999 -9999 -9999 -9999 -9999 -9999 -9999 -9999 -9999 -9999 3.97725E-3 5.1124E-3 7.37716E-3 7.46564E-3 1.12974E-2 1.7777E-2 1.75599E-2 1.54626E-2 3.54005E-2 3.36615E-2 3.20921E-2 3.64668E-2 4.07655E-2 3.94207E-2 4.52328E-2 2.59554E-2 2.36238E-2 4.74528E-2 3.43275E-2 6.61995E-2 5.51321E-2 5.81294E-2 2.2937E-2 9.90444E-2 8.8203E-2 3.8047E-2 1.08218E-1 5.92697E-2
-9999 -9999 -9999 -9999 -9999 -9999 -9999 -9999 -9999 -9999 -9999 -9999 -9999 -9999 -9999 -9999 -9999 -9999 -9999 -9999 -9999 -9999 -9999 -9999 -9999 -9999 -9999 -9999 -9999 -9999 -9999 -9999 5.68615E-3 9.43329E-3 1.05527E-2 9.08389E-3 1.31093E-2 1.79029E-2 1.07358E-2 2.38376E-2 1.28384E-2 2.93085E-2 2.41739E-2 5.9836E-2 5.52777E-2 4.26338E-2 4.77524E-2 5.37057E-2 5.53945E-2 6.21123E-2 5.20497E-2 7.81629E-2 6.9917E-2 7.53397E-2 7.1317E-2 5.40632E-2 3.89072E-2 8.90309E-2 7.44459E-2 9.7091E-2
-9999 -9999 -9999 -9999 -9999 -9999 -9999 -9999 -9999 -9999 -9999 -9999 -9999 -9999 -9999 -9999 -9999 -9999 -9999 -9999 -9999 -9999 -9999 -9999 -9999 -9999 -9999 -9999 -9999 -9999 -9999 -9999 7.30604E-3 1.40311E-2 1.24311E-2 1.19215E-2 1.21676E-2 1.78839E-2 1.25592E-2 2.30788E-2 2.33649E-2 1.13321E-2 1.60837E-2 6.8153E-2 4.81652E-2 4.81909E-2 4.57934E-2 5.70722E-2 5.73612E-2 6.17293E-2 4.81338E-2 5.53224E-2 7.81573E-2 6.94518E-2 8.62149E-2 1.35653E-1 3.82371E-2 9.61834E-2 7.31808E-2 7.68396E-2
-9999 -9999 -9999 -9999 -9999 -9999 -9999 -9999 -9999 -9999 -9999 -9999 -9999 -9999 -9999 -9999 -9999 -9999 -9999 -9999 -9999 -9999 -9999 -9999 -9999 -9999 -9999 -9999 -9999 -9999 -9999 -9999 -9999 1.62407E-2 2.03143E-2 2.78848E-2 2.14182E-2 2.33559E-2 1.26817E-2 2.71053E-2 3.12795E-2 3.81308E-2 5.13441E-2 5.26589E-2 2.9088E-2 4.84493E-2 4.96954E-2 6.47777E-2 7.63311E-2 7.11147E-2 5.64395E-2 3.7446E-2 6.96876E-2 7.33655E-2 8.37834E-2 1.45697E-1 6.47302E-2 1.25299E-1 6.87938E-2 8.50927E-2
-9999 -9999 -9999 -9999 -9999 -9999 -9999 -9999 -9999 -9999 -9999 -9999 -9999 -9999 -9999 -9999 -9999 -9999 -9999 -9999 -9999 -9999 -9999 -9999 -9999 -9999 -9999 -9999 -9999 -9999 -9999 -9999 -9999 2.37008E-2 3.38853E-2 3.95579E-2 4.62433E-2 3.92814E-2 1.89607E-2 3.78928E-2 5.27728E-2 5.65237E-2 6.65645E-2 6.56996E-2 6.63194E-2 1.77484E-2 5.22236E-2 6.00548E-2 8.6362E-2 5.74473E-2 2.79148E-2 6.08442E-2 5.7376E-2 7.17502E-2 8.51074E-2 1.01896E-1 5.8139E-2 6.96133E-2 7.39121E-2 8.79905E-2
-9999 -9999 -9999 -9999 -9999 -9999 -9999 -9999 -9999 -9999 -9999 -9999 -9999 -9999 -9999 -9999 -9999 -9999 -9999 -9999 -9999 -9999 -9999 -9999 -9999 -9999 -9999 -9999 -9999 -9999 -9999 -9999 -9999 -9999 1.08898E-1 4.07335E-2 3.16005E-2 3.39306E-2 1.61625E-2 3.81077E-2 4.76299E-2 3.96331E-2 4.26272E-2 4.61049E-2 5.6499E-2 3.38974E-2 5.83106E-2 3.98385E-2 5.21765E-2 9.18489E-2 6.3085E-2 2.66357E-2 6.78505E-2 7.41205E-2 9.16943E-2 4.52746E-2 3.04493E-2 4.50876E-2 6.24182E-2 6.01895E-2
-9999 -9999 -9999 -9999 -9999 -9999 -9999 -9999 -9999 -9999 -9999 -9999 -9999 -9999 -9999 -9999 -9999 -9999 -9999 -9999 -9999 -9999 -9999 -9999 -9999 -9999 -9999 -9999 -9999 -9999 -9999 -9999 -9999 -9999 6.80263E-2 3.50182E-2 3.8847E-2 1.89154E-2 3.59403E-2 5.99201E-2 4.62993E-2 4.7381E-2 4.60125E-2 4.68541E-2 6.07915E-2 6.34277E-2 2.57418E-2 6.21152E-2 6.25836E-2 9.40778E-2 6.78592E-2 7.33888E-2 2.69186E-2 7.05787E-2 1.04602E-1 8.38053E-2 8.06836E-2 3.32022E-2 7.34947E-2 6.8884E-2
-9999 -9999 -9999 -9999 -9999 -9999 -9999 -9999 -9999 -9999 -9999 -9999 -9999 -9999 -9999 -9999 -9999 -9999 -9999 -9999 -9999 -9999 -9999 -9999 -9999 -9999 -9999 -9999 -9999 -9999 -9999 -9999 -9999 -9999 7.55741E-2 3.96131E-2 2.34302E-2 5.9513E-2 6.03069E-2 6.09929E-2 5.51667E-2 5.68917E-2 5.89743E-2 5.55651E-2 7.06023E-2 5.88452E-2 6.20066E-2 6.23302E-2 5.61565E-2 4.77266E-2 4.78745E-2 5.64177E-2 6.53079E-2 4.12186E-2 4.78624E-2 7.35306E-2 1.102E-1 9.4757E-2 4.37668E-2 7.66588E-2
-9999 -9999 -9999 -9999 -9999 -9999 -9999 -9999 -9999 -9999 -9999 -9999 -9999 -9999 -9999 -9999 -9999 -9999 -9999 -9999 -9999 -9999 -9999 -9999 -9999 -9999 -9999 -9999 -9999 -9999 -9999 -9999 -9999 -9999 7.91161E-2 4.60252E-2 6.31116E-2 3.56806E-2 6.70337E-2 6.35403E-2 6.28124E-2 2.98303E-2 6.42646E-2 6.88487E-2 8.79936E-2 2.41595E-2 6.45328E-2 5.93812E-2 5.20513E-2 3.99915E-2 4.05104E-2 5.36615E-2 6.36612E-2 6.97311E-2 9.98857E-2 9.29302E-2 4.68019E-2 3.19145E-2 3.47716E-2 7.22962E-2
-9999 -9999 -9999 -9999 -9999 -9999 -9999 -9999 -9999 -9999 -9999 -9999 -9999 -9999 -9999 -9999 -9999 -9999 -9999 -9999 -9999 -9999 -9999 -9999 -9999 -9999 -9999 -9999 -9999 -9999 -9999 -9999 -9999 -9999 7.68719E-2 4.71909E-2 6.25306E-2 5.20505E-2 7.23953E-2 6.25547E-2 7.21685E-2 3.31558E-2 7.02918E-2 7.73785E-2 1.08382E-1 4.04678E-2 6.86773E-2 5.70824E-2 4.56013E-2 3.20182E-2 3.40019E-2 4.59374E-2 5.39367E-2 6.38837E-2 8.30965E-2 8.49488E-2 8.55887E-2 7.52765E-2 3.52393E-2 4.8028E-2
-9999 -9999 -9999 -9999 -9999 -9999 -9999 -9999 -9999 -9999 -9999 -9999 -9999 -9999 -9999 -9999 -9999 -9999 -9999 -9999 -9999 -9999 -9999 -9999 -9999 -9999 -9999 -9999 -9999 -9999 -9999 -9999 -9999 4.31684E-2 5.85986E-2 3.75313E-2 5.7663E-2 5.56086E-2 5.56647E-2 5.49681E-2 5.88747E-2 6.8598E-2 7.23393E-2 7.97586E-2 1.07686E-1 5.01629E-2 7.86122E-2 6.33648E-2 4.76571E-2 3.77419E-2 2.73053E-2 2.91343E-2 3.63125E-2 4.96077E-2 7.06076E-2 8.9491E-2 8.82295E-2 5.30577E-2 5.0966E-2 7.51087E-2
-9999 -9999 -9999 -9999 -9999 -9999 -9999 -9999 -9999 -9999 -9999 -9999 -9999 -9999 -9999 -9999 -9999 -9999 -9999 -9999 -9999 -9999 5.03753E-2 6.17888E-2 -9999 -9999 -9999 -9999 -9999 -9999 4.32547E-2 5.1876E-2 5.62992E-2 6.20186E-2 6.86282E-2 3.55184E-2 4.82086E-2 5.01171E-2 3.01466E-2 6.13827E-2 5.90804E-2 8.56163E-2 6.72245E-2 8.42677E-2 8.37959E-2 7.44856E-2 9.92956E-2 6.8662E-2 6.23351E-2 5.03772E-2 3.63056E-2 3.67137E-2 4.20534E-2 6.75659E-2 8.6137E-2 4.52393E-2 3.53138E-2 8.02505E-2 6.08387E-2 3.60417E-2
-9999 -9999 -9999 -9999 -9999 -9999 -9999 -9999 -9999 -9999 -9999 -9999 -9999 -9999 -9999 -9999 -9999 -9999 9.53907E-4 1.99002E-3 2.33043E-2 4.03101E-2 5.44308E-2 6.97673E-2 5.13154E-2 1.58436E-2 1.81766E-2 8.58164E-3 7.15E-3 8.89788E-3 6.26089E-2 7.38376E-2 8.02398E-2 7.1021E-2 6.7536E-2 3.70993E-2 5.11692E-2 3.94611E-2 3.62043E-2 6.26491E-2 6.14012E-2 8.07399E-2 6.46004E-2 4.40512E-2 3.69329E-2 1.17808E-1 1.22506E-1 9.22516E-2 6.08169E-2 4.70085E-2 4.01966E-2 2.69982E-2 3.63412E-2 2.98715E-2 1.6363E-2 -9999 3.40314E-2 6.87963E-2 6.88602E-2 7.70585E-2
-9999 -9999 -9999 -9999 -9999 -9999 -9999 -9999 -9999 -9999 -9999 -9999 -9999 -9999 -9999 -9999 -9999 1.89178E-3 1.5248E-3 2.61674E-3 2.01146E-2 3.73537E-2 5.29263E-2 6.96731E-2 5.79698E-2 4.4951E-3 2.30692E-3 7.01752E-3 7.7598E-3 1.12658E-2 8.52825E-2 9.33686E-2 1.03169E-1 9.26876E-2 8.49518E-2 3.98117E-2 2.55935E-2 3.49708E-2 2.19389E-2 6.06914E-2 6.04223E-2 8.07775E-2 1.03426E-1 8.39515E-2 7.42608E-2 5.07245E-2 1.09672E-1 7.10506E-2 4.47555E-2 3.83233E-2 1.62256E-2 1.69541E-2 2.64722E-2 8.59929E-3 3.54143E-2 2.83324E-2 2.49786E-2 -9999 5.53172E-2 1.98054E-2
-9999 -9999 -9999 -9999 -9999 -9999 -9999 -9999 -9999 -9999 -9999 -9999 -9999 -9999 2.0317E-3 2.61637E-3 2.78176E-3 3.16848E-3 2.47624E-3 3.94697E-3 2.52897E-2 3.69253E-2 6.10385E-2 8.49308E-2 7.72175E-2 6.46896E-3 6.34517E-3 3.95459E-3 8.20046E-3 1.25249E-2 8.66666E-2 1.02111E-1 9.07754E-2 1.07111E-1 9.82232E-2 2.25754E-2 6.03168E-2 3.50064E-2 6.23042E-2 6.00534E-2 5.94897E-2 8.40008E-2 9.96828E-2 9.09152E-2 7.60607E-2 6.63231E-2 3.08384E-2 2.60342E-2 2.95017E-2 3.75434E-2 3.58366E-2 4.2859E-2 3.23624E-2 4.70364E-2 4.4292E-2 3.17163E-2 2.27816E-2 1.38055E-2 2.43305E-2 5.64435E-2
-9999 -9999 -9999 -9999 -9999 -9999 -9999 -9999 -9999 -9999 -9999 -9999 1.20516E-2 1.77442E-2 2.8885E-2 4.74247E-2 5.17717E-2 5.87838E-2 5.69654E-2 4.58773E-2 2.37742E-2 2.05948E-2 3.25588E-2 4.80965E-2 6.20259E-2 6.57856E-2 6.56334E-2 4.36176E-2 6.16494E-2 7.47176E-2 1.00415E-1 1.17627E-1 8.43945E-2 1.13629E-1 1.25036E-1 4.71342E-2 1.33407E-1 7.44467E-2 1.45981E-1 1.42763E-1 1.7198E-1 2.50116E-1 2.49256E-1 1.15173E-1 1.35286E-1 1.2859E-1 1.06246E-1 8.98813E-2 9.30652E-2 8.55262E-2 8.8036E-2 1.23126E-1 1.31684E-1 1.32838E-1 1.15598E-1 5.54777E-2 2.54096E-2 2.3835E-2 3.03745E-2 7.73725E-2
-9999 -9999 -9999 -9999 -9999 -9999 -9999 -9999 -9999 -9999 -9999 1.20883E-2 1.88934E-2 3.363E-2 4.92993E-2 7.78711E-2 9.15817E-2 9.88806E-2 1.02455E-1 7.46253E-2 4.78735E-2 3.3404E-2 3.39306E-2 5.00671E-2 6.57466E-2 7.84534E-2 1.01881E-1 1.07284E-1 8.31861E-2 1.24974E-1 1.25922E-1 1.44451E-1 1.04031E-1 1.29804E-1 1.36453E-1 5.76734E-2 1.3852E-1 1.17463E-1 1.502E-1 1.67867E-1 1.46506E-1 1.10563E-1 1.54959E-1 2.7451E-1 1.92382E-1 1.76016E-1 1.42193E-1 1.0228E-1 8.95572E-2 8.4197E-2 8.5922E-2 1.23137E-1 1.18618E-1 1.19623E-1 1.18414E-1 1.03253E-1 4.01946E-2 3.76107E-2 4.44702E-2 5.73555E-2
-9999 -9999 -9999 -9999 -9999 -9999 -9999 -9999 -9999 -9999 -9999 2.16166E-2 3.48487E-2 6.12271E-2 7.47768E-2 1.07689E-1 1.02869E-1 1.37791E-1 1.3974E-1 1.03596E-1 7.90299E-2 5.90726E-2 3.67902E-2 5.20415E-2 7.07996E-2 8.62395E-2 1.0416E-1 1.26055E-1 8.16619E-2 1.47156E-1 1.58497E-1 1.59567E-1 1.42668E-1 5.89208E-2 1.49665E-1 9.29615E-2 1.4532E-1 7.01234E-2 1.49082E-1 9.55147E-2 2.00584E-1 2.48691E-1 2.3579E-1 2.3833E-1 1.81686E-1 1.93962E-1 1.02659E-1 8.69822E-2 8.64391E-2 1.02589E-1 1.38519E-1 1.31113E-1 1.3033E-1 1.3914E-1 1.41723E-1 1.25206E-1 8.96948E-2 8.83817E-2 7.24675E-2 7.17654E-2
-9999 -9999 -9999 -9999 -9999 -9999 -9999 -9999 -9999 -9999 -9999 2.76234E-2 4.44023E-2 6.33409E-2 8.88677E-2 1.3823E-1 1.19477E-1 1.25487E-1 1.55232E-1 1.40255E-1 1.00929E-1 7.13087E-2 4.76571E-2 4.90184E-2 6.88231E-2 8.24779E-2 1.13273E-1 1.54441E-1 1.57192E-1 9.32715E-2 1.77312E-1 1.65886E-1 1.47596E-1 1.42229E-1 6.8921E-2 9.79924E-2 1.20676E-1 6.21414E-2 1.00315E-1 1.01553E-1 1.97278E-1 2.11717E-1 1.87217E-1 2.23862E-1 8.19362E-2 1.12319E-1 7.97276E-2 7.6002E-2 9.86558E-2 1.31184E-1 1.3142E-1 6.46401E-2 1.30929E-1 1.08769E-1 1.43872E-1 1.45126E-1 1.218E-1 1.06249E-1 9.76441E-2 9.95113E-2
-9999 -9999 -9999 -9999 -9999 -9999 -9999 -9999 -9999 -9999 -9999 2.12449E-2 3.7441E-2 5.75364E-2 9.17988E-2 1.56397E-1 1.73251E-1 7.39028E-2 1.89427E-1 1.59914E-1 1.10674E-1 8.12701E-2 5.52809E-2 4.3325E-2 5.63963E-2 7.48694E-2 1.26144E-1 1.61533E-1 1.64547E-1 1.62273E-1 1.81235E-1 1.05487E-1 8.34929E-2 1.54822E-1 1.67855E-1 1.48396E-1 1.47033E-1 1.15978E-1 1.03308E-1 1.6349E-1 1.7344E-1 2.47196E-1 1.73349E-1 6.88306E-2 1.98675E-1 1.17172E-1 9.48376E-2 8.27986E-2 1.14083E-1 1.30248E-1 1.35634E-1 1.38648E-1 1.21245E-1 1.48613E-1 1.12826E-1 7.82178E-2 1.32136E-1 1.25819E-1 1.19851E-1 1.21445E-1
-9999 -9999 -9999 -9999 -9999 -9999 -9999 -9999 -9999 -9999 -9999 2.60546E-2 5.10817E-2 8.54974E-2 1.47186E-1 2.23302E-1 2.53986E-1 1.1171E-1 2.66726E-1 2.15851E-1 1.72528E-1 1.25657E-1 9.04836E-2 5.42331E-2 7.4545E-2 1.14104E-1 1.57173E-1 1.87757E-1 1.68692E-1 1.60408E-1 2.02497E-1 2.15157E-1 9.42186E-2 1.78592E-1 1.40406E-1 1.5739E-1 1.8493E-1 1.00385E-1 8.8148E-2 1.75628E-1 1.17225E-1 9.20167E-2 1.19052E-1 3.58426E-2 9.31828E-2 1.04068E-1 9.25609E-2 7.76803E-2 6.92137E-2 8.70894E-2 1.16777E-1 1.2265E-1 1.20995E-1 1.28464E-1 1.85433E-1 1.03606E-1 6.71948E-2 1.23073E-1 1.25219E-1 1.17908E-1
-9999 -9999 -9999 -9999 -9999 -9999 -9999 -9999 -9999 -9999 -9999 3.5836E-2 7.95392E-2 1.4085E-1 1.6992E-1 2.40557E-1 2.75585E-1 1.67306E-1 3.26881E-1 2.90806E-1 1.99532E-1 1.36644E-1 1.05946E-1 6.74913E-2 6.7502E-2 1.02372E-1 1.19514E-1 1.64083E-1 1.38887E-1 2.13181E-1 2.56598E-1 2.14305E-1 1.49638E-1 1.69345E-1 1.3485E-1 1.55376E-1 1.90426E-1 1.05356E-1 1.76297E-1 1.04447E-1 8.16426E-2 9.38961E-2 7.69553E-2 9.7125E-2 2.24583E-2 1.12166E-1 1.06322E-1 8.74826E-2 6.99665E-2 7.45675E-2 1.0238E-1 1.05621E-1 1.02158E-1 1.10935E-1 1.75146E-1 1.31248E-1 1.19268E-1 6.01852E-2 6.00414E-2 9.39336E-2
-9999 -9999 -9999 -9999 -9999 -9999 -9999 -9999 -9999 -9999 -9999 6.09829E-2 1.16308E-1 1.61746E-1 1.84645E-1 2.45596E-1 2.73248E-1 3.21407E-1 2.43232E-1 2.15771E-1 1.73972E-1 1.40565E-1 1.05287E-1 7.65815E-2 9.87252E-2 1.27802E-1 1.49016E-1 1.63414E-1 1.51209E-1 1.94032E-1 2.08471E-1 9.58106E-2 9.25461E-2 1.47117E-1 1.34109E-1 1.3032E-1 1.58037E-1 9.71311E-2 1.80553E-1 1.53764E-1 9.92403E-2 1.02231E-1 7.07122E-2 1.088E-1 1.07362E-1 3.66761E-2 1.24564E-1 1.05402E-1 8.68158E-2 7.39849E-2 7.47234E-2 8.30968E-2 7.83653E-2 8.74807E-2 1.54705E-1 1.56504E-1 1.16845E-1 1.19382E-1 1.28179E-1 1.29966E-1
-9999 -9999 -9999 -9999 -9999 -9999 -9999 -9999 -9999 -9999 -9999 4.37371E-2 5.2245E-2 6.15285E-2 1.2725E-1 1.86859E-1 1.45051E-1 2.65618E-1 2.27313E-1 2.05925E-1 1.67783E-1 1.40009E-1 1.02375E-1 1.0754E-1 1.81454E-1 1.1203E-1 1.27158E-1 1.60976E-1 1.47653E-1 1.52233E-1 1.80577E-1 1.29858E-1 1.80483E-1 1.72868E-1 1.60098E-1 1.56895E-1 1.70218E-1 1.61328E-1 1.29736E-1 1.49673E-1 8.24403E-2 8.25911E-2 6.46758E-2 9.27401E-2 9.47111E-2 7.44673E-2 1.44701E-1 1.15741E-1 1.11993E-1 7.65825E-2 5.16172E-2 5.93025E-2 5.5014E-2 6.76975E-2 1.15753E-1 1.11907E-1 1.0961E-1 9.75321E-2 1.08597E-1 1.13995E-1
-9999 -9999 -9999 -9999 -9999 -9999 -9999 -9999 -9999 -9999 -9999 6.71459E-2 9.04325E-2 8.06986E-2 1.04826E-1 1.54239E-1 1.64847E-1 1.96737E-1 2.00827E-1 1.90405E-1 1.39188E-1 1.23267E-1 1.25818E-1 1.35215E-1 1.28401E-1 1.39777E-1 1.3469E-1 1.30073E-1 1.30414E-1 8.50377E-2 7.16697E-2 1.86316E-1 1.79041E-1 1.6053E-1 1.40335E-1 1.398E-1 1.58126E-1 1.82249E-1 1.0511E-1 1.56874E-1 8.895E-2 7.53054E-2 6.56701E-2 8.45886E-2 8.96976E-2 9.52623E-2 2.80477E-2 9.20648E-2 8.33738E-2 6.73542E-2 6.24694E-2 6.45009E-2 5.07592E-2 4.89087E-2 9.07043E-2 8.72574E-2 6.89703E-2 7.76204E-2 8.61411E-2 9.16416E-2
-9999 -9999 -9999 -9999 -9999 -9999 -9999 -9999 -9999 -9999 -9999 1.04403E-1 1.36801E-1 1.54864E-1 1.10297E-1 1.36693E-1 1.80557E-1 1.74753E-1 1.4966E-1 1.2108E-1 1.38302E-1 1.75467E-1 1.64085E-1 2.32281E-1 9.42418E-2 2.14425E-1 1.71298E-1 1.17485E-1 1.23079E-1 1.86308E-1 1.79594E-1 1.74357E-1 1.5359E-1 1.18497E-1 8.68614E-2 6.11479E-2 8.26548E-2 9.80944E-2 5.91915E-2 9.38534E-2 5.99004E-2 5.06806E-2 3.90204E-2 5.31687E-2 5.9455E-2 9.6511E-2 9.20045E-2 -9999 7.48856E-2 9.21617E-2 6.71609E-2 6.18606E-2 4.99772E-2 4.10258E-2 4.47265E-2 6.25541E-2 7.11571E-2 8.01502E-2 9.05341E-2 9.57529E-2
-9999 -9999 -9999 -9999 -9999 -9999 -9999 -9999 -9999 -9999 -9999 1.38956E-1 1.63284E-1 1.78488E-1 1.98775E-1 1.782E-1 1.80798E-1 1.5169E-1 1.25396E-1 1.23605E-1 1.74971E-1 2.14166E-1 2.36723E-1 4.29498E-2 2.41151E-1 1.31369E-1 7.24742E-2 1.8105E-1 1.81913E-1 1.74404E-1 1.71258E-1 1.50934E-1 1.30292E-1 1.00952E-1 8.66375E-2 6.36972E-2 9.07707E-2 9.53674E-2 5.1523E-2 9.16205E-2 5.9226E-2 5.43321E-2 5.05951E-2 5.8111E-2 5.95353E-2 8.14123E-2 7.4726E-2 7.2848E-2 4.32366E-2 1.04089E-1 8.5795E-2 7.804E-2 6.44906E-2 7.35297E-2 6.92822E-2 3.78826E-2 4.68504E-2 7.29206E-2 9.66521E-2 1.25537E-1
