Phytophthora/models/20240429_1812_56/Phytophthora_PA2_RUN10_MAXENT_outputs/Phytophthora_PA2_RUN10.asc
ncols         225
nrows         269
xllcorner     473000.0
yllcorner     4429100.0
cellsize      50.0
NODATA_value  -9999
[rows 54 to 80 of 269, columns 60 to 119 of 225]
3.96531E-2 1.34767E-2 3.94142E-2 3.02405E-2 5.63203E-2 8.92009E-2 1.0558E-1 6.53621E-2 1.34591E-1 1.42275E-1 9.88393E-2 9.04392E-2 9.09671E-2 1.54167E-1 1.61368E-1 1.40421E-1 1.20697E-1 9.58953E-2 1.0276E-1 1.24511E-1 1.54445E-1 1.73066E-1 1.89049E-1 8.99764E-2 2.01984E-1 -9999 -9999 -9999 -9999 -9999 -9999 -9999 -9999 -9999 -9999 -9999 -9999 -9999 -9999 -9999 -9999 -9999 -9999 -9999 -9999 -9999 -9999 -9999 -9999 -9999 -9999 -9999 -9999 -9999 -9999 -9999 -9999 -9999 -9999 -9999
3.87971E-2 2.93061E-2 4.5436E-2 1.79433E-2 5.85566E-2 1.02545E-1 1.08461E-1 8.44834E-2 1.12297E-1 1.02477E-1 1.00585E-1 1.2549E-1 1.61021E-1 9.32336E-2 2.40378E-1 1.6788E-1 1.43532E-1 1.20267E-1 9.67245E-2 1.03495E-1 1.50276E-1 2.06348E-1 1.8603E-1 7.00689E-2 2.0275E-1 3.23627E-1 -9999 -9999 -9999 -9999 4.16479E-1 -9999 -9999 -9999 -9999 -9999 -9999 -9999 -9999 -9999 -9999 -9999 -9999 -9999 -9999 -9999 -9999 -9999 -9999 -9999 -9999 -9999 -9999 -9999 -9999 -9999 -9999 -9999 -9999 -9999
1.13841E-2 1.64982E-2 3.20036E-2 2.39283E-2 2.60245E-2 4.73294E-2 5.51313E-2 6.89306E-2 7.38193E-2 5.70815E-2 8.64822E-2 7.75539E-2 1.23815E-1 1.3108E-1 2.69916E-2 8.23086E-2 1.17941E-1 1.00692E-1 8.57141E-2 7.94028E-2 1.06618E-1 8.90287E-2 7.00433E-2 7.37495E-2 1.04897E-1 1.87586E-1 1.72561E-1 1.35947E-1 1.48275E-1 5.80539E-2 2.95363E-1 2.23572E-1 -9999 -9999 -9999 -9999 -9999 -9999 -9999 -9999 -9999 -9999 -9999 -9999 -9999 -9999 -9999 -9999 -9999 -9999 -9999 -9999 -9999 -9999 -9999 -9999 -9999 -9999 -9999 -9999
2.5685E-2 2.79431E-2 2.96598E-2 3.98738E-2 4.67526E-2 8.49277E-2 7.7366E-2 3.5311E-2 7.54893E-2 7.47122E-2 7.02925E-2 6.20287E-2 4.22451E-2 3.2107E-2 9.51605E-2 4.33646E-2 1.22523E-1 1.13514E-1 1.03956E-1 1.03497E-1 9.90284E-2 7.42299E-2 7.29456E-2 -9999 5.34435E-2 1.78288E-1 1.72032E-1 1.4076E-1 1.31201E-1 5.57856E-2 2.27109E-1 2.72087E-1 -9999 -9999 -9999 -9999 -9999 -9999 -9999 -9999 -9999 -9999 -9999 -9999 -9999 -9999 -9999 -9999 -9999 -9999 -9999 -9999 -9999 -9999 -9999 -9999 -9999 -9999 -9999 -9999
2.34581E-2 2.47873E-2 2.37985E-2 3.09366E-2 4.8361E-2 9.52663E-2 9.14662E-2 4.60433E-2 6.44571E-2 7.87316E-2 7.25099E-2 6.36765E-2 3.67475E-2 3.69282E-2 6.91844E-2 3.5488E-2 5.84965E-2 1.43244E-1 1.26164E-1 1.50289E-1 1.24691E-1 7.20494E-2 6.53673E-2 8.46262E-2 4.36392E-2 1.87772E-1 1.79221E-1 1.52229E-1 1.2623E-1 1.00568E-1 1.98488E-1 3.02109E-1 3.24897E-1 -9999 -9999 -9999 -9999 -9999 -9999 -9999 -9999 -9999 -9999 -9999 -9999 -9999 -9999 -9999 -9999 -9999 -9999 -9999 -9999 -9999 -9999 -9999 -9999 -9999 -9999 -9999
2.51216E-2 2.29592E-2 1.94472E-2 2.49396E-2 3.37063E-2 8.16819E-2 1.04465E-1 8.51284E-2 6.5684E-2 3.62095E-2 6.74397E-2 7.28535E-2 7.1231E-2 6.82753E-2 8.31096E-2 1.00534E-1 1.18762E-1 7.00196E-2 1.66506E-1 1.53493E-1 1.48272E-1 8.05187E-2 7.41331E-2 8.50414E-2 7.42981E-2 1.94065E-1 1.88268E-1 1.64973E-1 1.32278E-1 9.09607E-2 1.66172E-1 2.7204E-1 3.02408E-1 -9999 -9999 -9999 -9999 -9999 -9999 -9999 -9999 -9999 -9999 -9999 -9999 -9999 -9999 -9999 -9999 -9999 -9999 -9999 -9999 -9999 -9999 -9999 -9999 -9999 -9999 -9999
2.44052E-2 2.32743E-2 2.08384E-2 2.46701E-2 2.89173E-2 7.40998E-2 9.80493E-2 7.83711E-2 7.94635E-2 8.3253E-2 2.99327E-2 8.26434E-2 8.41477E-2 8.14474E-2 8.40045E-2 9.17308E-2 1.00579E-1 1.28715E-1 5.39664E-2 6.38183E-2 1.5415E-1 8.6642E-2 7.54379E-2 8.4877E-2 1.08903E-1 1.48154E-1 1.91929E-1 1.73635E-1 1.43261E-1 1.17801E-1 1.6932E-1 2.57669E-1 3.02313E-1 -9999 -9999 -9999 -9999 -9999 -9999 -9999 -9999 -9999 -9999 -9999 -9999 -9999 -9999 -9999 -9999 -9999 -9999 -9999 -9999 -9999 -9999 -9999 -9999 -9999 -9999 -9999
1.41713E-2 1.3799E-2 1.60631E-2 1.94157E-2 1.99656E-2 2.64252E-2 2.946E-2 2.59975E-2 2.70584E-2 3.64723E-2 6.94688E-2 4.32715E-2 4.85845E-2 8.85991E-2 8.86494E-2 9.27553E-2 9.48677E-2 1.0489E-1 9.39146E-2 6.07033E-2 7.5354E-2 8.83569E-2 8.15449E-2 8.39559E-2 9.70034E-2 7.37132E-2 9.61462E-2 8.44482E-2 7.11854E-2 7.74226E-2 1.48594E-1 2.65002E-1 2.8682E-1 1.33381E-1 -9999 -9999 -9999 -9999 -9999 -9999 -9999 -9999 -9999 -9999 -9999 -9999 -9999 -9999 -9999 -9999 -9999 -9999 -9999 -9999 -9999 -9999 -9999 -9999 -9999 -9999
1.50893E-2 1.47699E-2 1.73251E-2 2.32806E-2 2.8458E-2 3.00508E-2 2.57403E-2 2.47677E-2 2.82515E-2 3.71253E-2 3.15925E-2 7.65385E-2 8.35512E-2 5.95706E-2 6.31683E-2 6.87077E-2 3.42011E-2 4.34101E-2 1.08232E-1 8.18729E-2 4.05422E-2 9.90312E-2 9.11075E-2 8.94659E-2 9.78967E-2 6.96065E-2 1.0081E-1 8.69689E-2 7.01036E-2 9.04014E-2 1.61147E-1 2.29985E-1 2.86668E-1 2.59964E-1 1.2973E-1 -9999 -9999 -9999 -9999 -9999 -9999 -9999 -9999 -9999 -9999 -9999 -9999 -9999 -9999 -9999 -9999 -9999 -9999 -9999 -9999 -9999 -9999 -9999 -9999 -9999
1.54707E-2 1.51361E-2 1.91716E-2 1.71144E-2 2.77522E-2 2.91567E-2 2.21466E-2 2.98904E-2 2.94448E-2 2.43895E-2 6.43757E-2 7.36574E-2 7.61327E-2 8.4289E-2 5.66068E-2 7.00727E-2 9.70303E-2 9.81931E-2 9.61164E-2 1.13635E-1 1.3014E-1 7.21652E-2 3.82646E-2 8.10487E-2 9.96112E-2 8.35593E-2 1.07042E-1 9.36184E-2 7.9326E-2 1.05552E-1 2.33169E-1 2.05956E-1 3.06431E-1 1.08173E-1 2.33057E-1 1.16714E-1 -9999 -9999 -9999 -9999 -9999 -9999 -9999 -9999 -9999 -9999 -9999 -9999 -9999 -9999 -9999 -9999 -9999 -9999 -9999 -9999 -9999 -9999 -9999 -9999
1.35504E-2 1.39765E-2 1.72137E-2 2.15234E-2 1.39207E-2 3.2862E-2 2.79205E-2 2.75058E-2 2.94638E-2 1.65509E-2 7.50995E-2 7.06111E-2 6.70563E-2 7.86458E-2 9.37116E-2 3.8519E-2 9.73505E-2 8.61355E-2 8.16768E-2 1.07751E-1 7.59005E-2 1.36859E-1 7.9729E-2 3.21417E-2 1.50221E-2 7.85739E-2 9.30157E-2 8.96892E-2 9.46526E-2 1.22792E-1 1.44121E-1 2.05492E-1 1.51927E-1 2.30263E-1 2.2653E-1 2.5828E-1 -9999 -9999 -9999 -9999 -9999 -9999 -9999 -9999 -9999 -9999 -9999 -9999 -9999 -9999 -9999 -9999 -9999 -9999 -9999 -9999 -9999 -9999 -9999 -9999
1.54441E-2 1.6228E-2 1.88968E-2 2.40171E-2 1.25842E-2 3.54924E-2 2.63824E-2 2.49379E-2 2.76241E-2 3.72446E-2 7.0039E-2 6.34814E-2 5.8321E-2 7.47436E-2 9.2089E-2 4.09666E-2 1.00001E-1 9.21286E-2 7.70336E-2 7.19398E-2 3.5036E-2 9.43823E-2 7.48437E-2 8.229E-2 9.20766E-2 3.34681E-2 9.70401E-2 9.78005E-2 1.07678E-1 1.39921E-1 2.52901E-1 8.78103E-2 2.82935E-1 2.16702E-1 2.20128E-1 2.55463E-1 2.04149E-1 1.8846E-1 -9999 -9999 -9999 -9999 -9999 -9999 -9999 -9999 -9999 -9999 -9999 -9999 -9999 -9999 -9999 -9999 -9999 -9999 -9999 -9999 -9999 -9999
2.03805E-2 2.04214E-2 2.21344E-2 2.66283E-2 1.78315E-2 7.17123E-2 5.27376E-2 4.61117E-2 4.57151E-2 5.20106E-2 5.24997E-2 4.25745E-2 4.63091E-2 5.85622E-2 7.54434E-2 9.91714E-2 4.95213E-2 9.48933E-2 7.27622E-2 5.59816E-2 1.30417E-2 3.90478E-2 4.962E-2 6.15695E-2 6.79409E-2 7.67779E-2 2.71524E-2 6.10274E-2 8.57344E-2 3.66903E-2 1.24086E-1 3.74048E-2 2.18749E-1 1.79422E-1 2.41626E-1 2.3299E-1 1.78977E-1 1.85882E-1 1.14556E-1 1.7808E-1 -9999 -9999 -9999 -9999 -9999 -9999 -9999 -9999 -9999 -9999 -9999 -9999 -9999 -9999 -9999 -9999 -9999 -9999 -9999 -9999
1.20537E-2 2.65398E-2 2.90334E-2 2.42565E-2 1.72119E-2 6.35764E-2 6.97623E-2 5.6208E-2 5.15199E-2 5.58915E-2 5.97378E-2 5.32829E-2 5.29554E-2 6.68357E-2 7.85631E-2 9.65743E-2 6.35288E-2 1.23982E-1 1.11041E-1 5.28807E-2 2.50103E-2 6.05893E-2 5.81856E-2 6.83484E-2 7.20428E-2 3.18853E-2 7.91603E-2 7.8849E-2 3.94228E-2 1.03138E-1 2.00685E-1 1.67914E-1 9.51089E-2 2.08291E-1 2.49893E-1 8.38206E-2 6.63827E-2 1.24776E-1 1.73254E-1 1.82961E-1 1.77746E-1 1.6029E-1 1.91846E-1 -9999 -9999 -9999 -9999 -9999 -9999 -9999 -9999 -9999 -9999 -9999 -9999 -9999 -9999 -9999 -9999 -9999
1.88045E-2 1.79996E-2 1.54017E-2 2.28163E-2 3.68426E-2 5.90375E-2 5.91767E-2 3.32944E-2 6.20929E-2 6.9694E-2 7.08319E-2 6.44511E-2 6.12361E-2 7.35234E-2 4.69882E-2 9.19298E-2 4.07444E-2 8.82406E-2 8.3509E-2 5.28681E-2 3.88099E-2 7.78328E-2 7.19783E-2 7.26553E-2 2.4986E-2 7.74954E-2 7.5867E-2 7.68029E-2 3.51131E-2 9.65851E-2 1.34136E-1 1.12753E-1 9.62424E-2 3.91656E-2 2.48295E-1 8.45162E-2 1.94088E-1 1.96745E-1 1.88302E-1 1.8119E-1 1.48173E-1 1.48475E-1 1.79478E-1 2.07986E-1 1.1385E-1 -9999 -9999 -9999 -9999 -9999 -9999 -9999 -9999 -9999 -9999 -9999 -9999 -9999 -9999 -9999
1.90329E-2 1.30062E-2 1.23868E-2 1.38701E-2 3.65417E-2 6.7795E-2 6.83112E-2 7.82354E-2 4.48946E-2 4.94069E-2 3.73422E-2 3.73499E-2 6.96531E-2 7.02278E-2 3.14563E-2 9.22066E-2 7.81687E-2 7.01311E-2 6.21205E-2 6.66768E-2 1.98758E-2 9.16099E-2 2.81684E-2 3.06948E-2 5.59917E-2 7.56495E-2 6.86001E-2 7.43016E-2 5.46125E-2 9.63361E-2 1.23555E-1 1.03431E-1 1.24401E-1 2.34132E-1 1.57701E-1 1.93815E-1 1.82221E-1 1.81343E-1 1.62659E-1 1.39365E-1 1.08296E-1 1.24556E-1 1.52017E-1 1.76299E-1 2.13461E-1 -9999 -9999 -9999 -9999 -9999 -9999 -9999 -9999 -9999 -9999 -9999 -9999 -9999 -9999 -9999
1.87543E-2 1.7878E-2 2.24654E-2 3.12026E-2 2.43226E-2 7.08281E-2 6.22574E-2 7.27669E-2 7.87138E-2 7.8534E-2 8.50738E-2 8.74785E-2 5.94496E-2 7.70982E-2 8.34881E-2 9.05281E-2 7.24816E-2 6.4749E-2 5.43233E-2 5.7744E-2 3.28528E-2 1.07984E-1 1.0581E-1 6.49601E-2 3.84926E-2 7.86143E-2 6.87875E-2 6.76551E-2 7.14055E-2 8.66658E-2 1.48189E-1 1.33808E-1 1.37542E-1 1.36107E-1 6.56776E-2 8.48536E-2 1.4536E-1 1.44185E-1 1.44729E-1 1.0758E-1 8.46173E-2 1.04887E-1 1.33721E-1 1.60154E-1 2.4741E-1 -9999 -9999 -9999 -9999 -9999 -9999 -9999 -9999 -9999 -9999 -9999 -9999 -9999 -9999 -9999
1.74132E-2 6.39887E-3 2.03855E-2 2.67258E-2 2.11287E-2 7.23495E-2 6.30451E-2 6.22406E-2 6.7692E-2 6.82856E-2 6.6601E-2 7.53062E-2 9.73198E-2 8.47216E-2 7.82524E-2 8.24212E-2 6.19803E-2 5.52886E-2 4.60882E-2 5.08553E-2 4.79819E-2 1.00621E-1 9.01086E-2 6.79508E-2 5.33746E-2 7.35519E-2 6.25772E-2 6.7757E-2 4.25833E-2 9.09577E-2 1.4834E-1 1.55261E-1 1.47597E-1 1.07657E-1 7.4823E-2 1.67496E-1 -9999 1.03876E-1 1.30818E-1 1.15178E-1 9.50387E-2 1.16596E-1 1.33831E-1 1.58118E-1 1.47615E-1 -9999 -9999 -9999 -9999 -9999 -9999 -9999 -9999 -9999 -9999 -9999 -9999 -9999 -9999 -9999
1.7394E-2 1.37164E-2 2.48839E-2 2.27765E-2 3.26041E-2 6.55327E-2 6.07835E-2 5.65271E-2 6.34651E-2 7.30721E-2 6.43192E-2 5.38175E-2 6.25217E-2 9.23007E-2 7.73181E-2 8.05049E-2 6.01916E-2 5.82234E-2 5.55608E-2 5.63553E-2 6.0052E-2 7.36006E-2 7.59144E-2 6.57144E-2 6.71564E-2 6.76155E-2 7.09733E-2 5.15164E-2 4.83362E-2 8.72196E-2 1.42464E-1 1.58834E-1 8.28093E-2 8.14799E-2 1.40879E-1 9.97633E-2 8.10356E-2 1.19116E-1 1.08743E-1 1.42835E-1 1.18847E-1 1.87624E-1 2.19054E-1 1.26254E-1 9.58577E-2 2.46915E-1 -9999 -9999 -9999 -9999 -9999 -9999 -9999 -9999 -9999 -9999 -9999 -9999 -9999 -9999
1.96874E-2 2.21448E-2 1.84932E-2 1.87482E-2 3.20577E-2 4.60961E-2 3.9195E-2 5.19612E-2 7.05083E-2 7.68221E-2 7.16839E-2 5.63814E-2 4.83222E-2 7.31038E-2 1.02246E-1 9.57169E-2 7.38255E-2 7.31383E-2 7.0634E-2 3.28736E-2 8.09285E-2 7.30176E-2 8.41534E-2 6.80315E-2 7.09292E-2 7.75794E-2 4.21469E-2 6.51564E-2 5.80905E-2 7.75338E-2 1.36773E-1 1.53261E-1 6.20433E-2 1.01461E-1 9.81439E-2 7.61323E-2 8.91478E-2 1.19176E-1 1.74991E-1 7.70448E-2 8.61856E-2 1.12504E-1 7.50975E-2 1.07762E-1 1.46395E-1 3.05849E-1 2.97753E-1 -9999 -9999 -9999 -9999 -9999 -9999 -9999 -9999 -9999 -9999 -9999 -9999 -9999
7.9159E-3 1.15076E-2 1.63289E-2 6.60587E-3 2.33221E-2 5.33174E-2 6.29709E-2 5.98101E-2 5.24462E-2 6.65196E-2 6.84544E-2 5.46999E-2 4.9325E-2 7.65331E-2 3.49609E-2 1.17039E-1 8.93368E-2 8.69082E-2 8.46892E-2 3.53566E-2 7.88149E-2 3.77322E-2 6.95883E-2 7.2239E-2 4.98811E-2 3.71842E-2 7.93594E-2 7.62295E-2 4.02358E-2 7.61812E-2 1.3993E-1 1.47912E-1 1.57238E-1 1.44728E-1 1.321E-1 9.99903E-2 6.80141E-2 8.24204E-2 1.27598E-1 1.2371E-1 1.02799E-1 1.15356E-1 1.82035E-1 1.38783E-1 8.70515E-2 2.01631E-1 2.15566E-1 -9999 -9999 -9999 -9999 -9999 -9999 -9999 -9999 -9999 -9999 -9999 -9999 -9999
6.78111E-3 6.11126E-3 1.17268E-2 1.49405E-2 2.27291E-2 4.62623E-2 5.66096E-2 6.96628E-2 3.95666E-2 7.99319E-2 8.28278E-2 6.93154E-2 8.56447E-2 9.86689E-2 1.10974E-1 5.86114E-2 5.54167E-2 3.76961E-2 4.04727E-2 5.14098E-2 3.01164E-2 3.00931E-2 3.05959E-2 4.62379E-2 9.13657E-2 1.24103E-1 8.01249E-2 3.52304E-2 3.09403E-2 3.25851E-2 1.30658E-1 1.40408E-1 1.45999E-1 1.37084E-1 1.44015E-1 1.55841E-1 9.04967E-2 1.45896E-1 1.27982E-1 1.04207E-1 1.08557E-1 1.08976E-1 1.54062E-1 1.72689E-1 1.21901E-1 2.24657E-1 2.88903E-1 -9999 -9999 -9999 -9999 -9999 -9999 -9999 -9999 -9999 -9999 -9999 -9999 -9999
2.81017E-2 1.44835E-2 1.40147E-2 3.53702E-2 4.02877E-2 4.37067E-2 1.62244E-2 2.09006E-2 7.00595E-2 8.53311E-2 1.16801E-1 9.8507E-2 1.1488E-1 1.22561E-1 1.40512E-1 1.7935E-1 1.72078E-1 1.24705E-1 1.59894E-1 2.23201E-1 9.12413E-2 1.49299E-1 1.70301E-1 1.70591E-1 2.6108E-1 2.10582E-1 1.66543E-1 1.9101E-1 1.71707E-1 1.07651E-1 2.97467E-1 3.32892E-1 3.23048E-1 3.16297E-1 3.64845E-1 4.37012E-1 4.25677E-1 3.94431E-1 3.524E-1 3.0688E-1 3.41366E-1 2.48245E-1 4.42906E-1 4.56136E-1 5.1268E-1 3.82125E-1 3.87248E-1 3.9816E-1 -9999 -9999 -9999 -9999 -9999 -9999 -9999 -9999 -9999 -9999 -9999 -9999
1.95524E-2 1.79529E-2 1.34071E-2 3.218E-2 3.64018E-2 4.33811E-2 2.00619E-2 5.38102E-2 5.88349E-2 6.65585E-2 9.36411E-2 7.96635E-2 9.28728E-2 1.05109E-1 1.37116E-1 1.82313E-1 1.8393E-1 1.71656E-1 2.14526E-1 7.48644E-2 2.15323E-1 1.75401E-1 1.91995E-1 2.34963E-1 2.31227E-1 1.67362E-1 1.62292E-1 1.9201E-1 2.17165E-1 1.77458E-1 2.56123E-1 3.5287E-1 3.63192E-1 3.67876E-1 3.52636E-1 4.29988E-1 4.42878E-1 3.91497E-1 3.33419E-1 3.45802E-1 4.26443E-1 4.52316E-1 3.16644E-1 4.94324E-1 5.58903E-1 3.47087E-1 4.45293E-1 4.20836E-1 4.35218E-1 3.68761E-1 -9999 -9999 -9999 -9999 -9999 -9999 -9999 -9999 -9999 -9999
2.34635E-2 2.50278E-2 3.27881E-2 3.38898E-2 3.74166E-2 4.19799E-2 1.7797E-2 5.23698E-2 5.37821E-2 6.86302E-2 1.09742E-1 9.96908E-2 9.63386E-2 1.0295E-1 1.29244E-1 1.68449E-1 1.91492E-1 2.07358E-1 1.81366E-1 1.31845E-1 1.8107E-1 1.95883E-1 2.04201E-1 1.72627E-1 9.77954E-2 1.32835E-1 1.46911E-1 1.83259E-1 2.19281E-1 2.42939E-1 1.65916E-1 1.79313E-1 2.59662E-1 3.81397E-1 3.8194E-1 4.01737E-1 3.8312E-1 3.80817E-1 3.56042E-1 4.1086E-1 4.86093E-1 5.46823E-1 2.75378E-1 2.76533E-1 4.09872E-1 5.59965E-1 4.9102E-1 4.74129E-1 4.68866E-1 3.90883E-1 2.52541E-1 1.95357E-1 -9999 -9999 -9999 -9999 -9999 -9999 -9999 -9999
3.7206E-2 4.14423E-2 3.15671E-2 4.13323E-2 2.2178E-2 1.88719E-2 2.81244E-2 5.16992E-2 6.73714E-2 8.35831E-2 1.32111E-1 1.23662E-1 1.32622E-1 1.41604E-1 1.52814E-1 1.57321E-1 1.15424E-1 5.66647E-2 1.28685E-1 1.57757E-1 6.91948E-2 1.57995E-1 1.5487E-1 6.79417E-2 3.6437E-2 9.43297E-2 1.40703E-1 1.93008E-1 2.33889E-1 2.67632E-1 2.08216E-1 3.51392E-1 2.33919E-1 2.0676E-1 3.9954E-1 4.23922E-1 3.93283E-1 4.09424E-1 4.16109E-1 5.01063E-1 5.58827E-1 4.57858E-1 1.75405E-1 3.09701E-1 3.80959E-1 3.25814E-1 4.87611E-1 2.54649E-1 4.80976E-1 4.04772E-1 2.73004E-1 2.65505E-1 2.74675E-1 -9999 -9999 -9999 -9999 -9999 -9999 -9999
4.46626E-2 1.43197E-2 4.89522E-2 4.00461E-2 3.33162E-2 3.75449E-2 2.50906E-2 2.0451E-2 2.51256E-2 2.72593E-2 1.03981E-1 1.24992E-1 1.41783E-1 1.03809E-1 1.07092E-1 1.26001E-1 1.75781E-1 1.44695E-1 1.43899E-1 1.44978E-1 1.41547E-1 -9999 8.46285E-2 5.37994E-2 5.42965E-2 1.03047E-1 1.48466E-1 2.00423E-1 2.43651E-1 2.93072E-1 2.93429E-1 3.45466E-1 3.47221E-1 3.69843E-1 3.99039E-1 4.21316E-1 3.87257E-1 4.12154E-1 4.15755E-1 4.47562E-1 5.19529E-1 5.24979E-1 4.59356E-1 3.90876E-1 3.63547E-1 5.24149E-1 4.82157E-1 2.52441E-1 5.2268E-1 4.13144E-1 2.84016E-1 3.02184E-1 3.34116E-1 -9999 -9999 -9999 -9999 -9999 -9999 -9999
