Phytophthora/models/20240501_1439_25/Phytophthora_PA3_RUN10_MAXENT_outputs/Phytophthora_PA3_RUN10.asc
ncols         225
nrows         269
xllcorner     473000.0
yllcorner     4429100.0
cellsize      50.0
NODATA_value  -9999
[rows 108 to 134 of 269, columns 60 to 119 of 225]
5.80504E-2 5.34119E-2 6.15172E-2 1.16554E-1 1.39384E-1 1.61033E-1 1.72397E-1 7.38262E-2 7.50607E-2 6.90733E-2 4.54584E-2 4.9701E-2 3.70367E-2 3.45336E-2 4.05785E-2 6.81713E-2 8.60197E-2 1.04932E-1 1.17259E-1 9.32487E-2 1.43563E-1 9.88483E-2 6.94508E-2 6.61235E-2 8.79551E-2 1.15481E-1 8.50585E-2 1.24356E-1 1.09778E-1 1.08E-1 1.21753E-1 6.63196E-2 6.11583E-2 1.03009E-1 1.06668E-1 1.57041E-1 2.09508E-1 2.67449E-1 3.19353E-1 3.64811E-1 3.9564E-1 3.59048E-1 4.53616E-1 4.62776E-1 1.46223E-1 2.01885E-1 1.01338E-1 2.33447E-1 2.4861E-1 2.7625E-1 2.96414E-1 3.30666E-1 4.1386E-1 4.76433E-1 4.36104E-1 2.52492E-1 7.09929E-2 2.69424E-1 3.34597E-1 3.71415E-1
5.16468E-2 6.77265E-2 4.77131E-2 6.3984E-2 6.77536E-2 1.42655E-1 1.70039E-1 1.48654E-1 1.14328E-1 7.72672E-2 5.14242E-2 5.46481E-2 4.27946E-2 3.74183E-2 4.15329E-2 7.14169E-2 8.25598E-2 1.00369E-1 1.04062E-1 1.95479E-1 1.20679E-1 9.32446E-2 1.01315E-1 1.22573E-1 1.35637E-1 1.22516E-1 1.24286E-1 1.50749E-1 1.34914E-1 1.35523E-1 1.26329E-1 9.46668E-2 1.08967E-1 1.16798E-1 1.09879E-1 1.47414E-1 1.93434E-1 2.34349E-1 2.96256E-1 3.73817E-1 4.71337E-1 4.78008E-1 3.51021E-1 1.99457E-1 2.81286E-1 2.01912E-1 1.88305E-1 2.70445E-1 2.98707E-1 3.06145E-1 2.92106E-1 2.81079E-1 3.76325E-1 3.95132E-1 3.95195E-1 2.99455E-1 3.96033E-1 3.65179E-1 1.21206E-1 4.27381E-1
5.99998E-2 6.90523E-2 4.70646E-2 6.5052E-2 7.53926E-2 1.01928E-1 1.05579E-1 1.40747E-1 4.51678E-2 1.11413E-1 6.36695E-2 6.56542E-2 5.50031E-2 4.92848E-2 5.68548E-2 9.10524E-2 1.07344E-1 1.06034E-1 4.07921E-2 1.12329E-1 1.09722E-1 1.3262E-1 1.43104E-1 1.55583E-1 1.33201E-1 1.66681E-1 1.59564E-1 1.65716E-1 1.65573E-1 1.58203E-1 1.60868E-1 1.5038E-1 1.51827E-1 1.40356E-1 1.38356E-1 1.71223E-1 2.36796E-1 3.09032E-1 3.30778E-1 3.85778E-1 4.23449E-1 4.41162E-1 2.40573E-1 2.08521E-1 1.9249E-1 1.99148E-1 2.10758E-1 3.77279E-1 3.25062E-1 3.46046E-1 3.29542E-1 3.52991E-1 3.96214E-1 3.76334E-1 3.29775E-1 2.24345E-1 2.6111E-1 2.96056E-1 3.7549E-1 1.41097E-1
6.37366E-2 6.37239E-2 6.4341E-2 6.62547E-2 7.67821E-2 9.40441E-2 8.91284E-2 1.24489E-1 3.50532E-2 1.69133E-1 1.18078E-1 1.12818E-1 9.02493E-2 9.37888E-2 1.0541E-1 9.20985E-2 1.06762E-1 1.01279E-1 5.92924E-2 8.63598E-2 1.25102E-1 1.51026E-1 1.41023E-1 1.31551E-1 1.19793E-1 1.68157E-1 1.53214E-1 1.43751E-1 1.49381E-1 1.56881E-1 1.83881E-1 1.71599E-1 1.67007E-1 1.66588E-1 1.53882E-1 1.45268E-1 1.36864E-1 1.93139E-1 2.15308E-1 2.82785E-1 3.31905E-1 2.50164E-1 2.66389E-1 2.99358E-1 1.70675E-1 1.87072E-1 2.79955E-1 2.79696E-1 2.87766E-1 3.20177E-1 3.53939E-1 3.74868E-1 3.54435E-1 3.40361E-1 3.2026E-1 2.95704E-1 3.43091E-1 3.82605E-1 3.74976E-1 1.99141E-1
7.19542E-2 6.52704E-2 6.27944E-2 7.18839E-2 7.68644E-2 8.68532E-2 9.36114E-2 1.27596E-1 1.97056E-1 1.58396E-1 1.43886E-1 1.23431E-1 1.09398E-1 1.12699E-1 1.30796E-1 1.07817E-1 1.14335E-1 5.13166E-2 1.32414E-1 1.16389E-1 1.53038E-1 1.52183E-1 1.39328E-1 1.43539E-1 1.28846E-1 1.45036E-1 8.3916E-2 1.54766E-1 1.56857E-1 1.78617E-1 1.472E-1 1.31614E-1 1.89175E-1 1.89697E-1 1.70607E-1 1.8046E-1 1.75107E-1 2.20088E-1 2.39304E-1 2.4368E-1 1.48329E-1 2.60932E-1 3.19294E-1 3.58994E-1 1.58539E-1 3.13558E-1 2.74378E-1 3.08619E-1 3.5559E-1 3.9952E-1 3.85256E-1 3.21553E-1 3.38846E-1 3.486E-1 3.48887E-1 3.0587E-1 3.46709E-1 3.85047E-1 4.37595E-1 3.97476E-1
6.73319E-2 5.36E-2 6.53701E-2 7.2443E-2 6.82917E-2 7.58904E-2 1.03435E-1 1.49196E-1 1.89827E-1 8.65877E-2 1.82243E-1 1.2322E-1 1.09361E-1 1.13821E-1 1.34403E-1 1.24278E-1 1.03203E-1 7.24615E-2 1.61586E-1 1.19388E-1 1.65593E-1 1.64134E-1 1.26098E-1 1.67419E-1 1.565E-1 1.68301E-1 1.74968E-1 2.25389E-1 1.90507E-1 1.54485E-1 1.72608E-1 1.87987E-1 1.92474E-1 1.75354E-1 1.97962E-1 1.77141E-1 2.06596E-1 2.38303E-1 2.46999E-1 2.3627E-1 2.04096E-1 2.08743E-1 2.2832E-1 1.75657E-1 2.10169E-1 2.73574E-1 2.71929E-1 2.47554E-1 2.13596E-1 2.37342E-1 2.50417E-1 2.63519E-1 2.911E-1 3.28049E-1 3.32064E-1 2.62794E-1 2.76487E-1 3.33218E-1 4.04207E-1 3.72075E-1
6.98196E-2 6.78666E-2 7.02937E-2 6.6568E-2 6.64894E-2 9.00434E-2 1.16029E-1 1.32867E-1 8.95338E-2 1.10238E-1 8.2303E-2 9.90738E-2 1.13515E-1 1.1697E-1 1.41086E-1 1.38198E-1 1.81817E-1 8.95182E-2 8.97308E-2 1.16901E-1 1.32556E-1 1.05193E-1 1.55845E-1 1.63931E-1 1.51002E-1 1.79445E-1 2.49145E-1 2.30157E-1 1.23649E-1 9.58456E-2 1.2237E-1 1.08782E-1 1.58516E-1 1.85486E-1 1.30294E-1 1.49131E-1 1.27924E-1 1.30462E-1 1.67896E-1 1.81554E-1 2.10346E-1 2.41337E-1 2.58673E-1 2.87728E-1 2.9767E-1 1.91459E-1 8.05505E-2 2.74411E-1 1.98015E-1 1.51698E-1 1.90642E-1 3.1646E-1 3.00141E-1 3.65231E-1 3.61931E-1 3.26519E-1 3.47521E-1 4.20404E-1 3.28789E-1 3.66096E-1
5.1946E-2 7.10555E-2 6.66608E-2 6.18529E-2 7.05008E-2 1.03403E-1 1.09505E-1 1.00085E-1 1.16286E-1 1.25641E-1 5.37044E-2 1.17974E-1 1.1317E-1 1.13012E-1 1.32728E-1 1.86786E-1 5.87914E-2 9.9718E-2 8.27618E-2 1.04841E-1 1.60603E-1 1.5925E-1 1.49926E-1 1.64554E-1 1.54026E-1 2.38955E-1 2.0547E-1 1.22652E-1 8.34932E-2 8.05907E-2 1.11491E-1 1.21675E-1 1.72053E-1 1.92767E-1 1.87622E-1 1.37247E-1 1.82376E-1 1.95087E-1 2.34002E-1 2.1591E-1 2.51581E-1 2.01044E-1 2.57865E-1 2.35152E-1 2.71929E-1 1.82234E-1 1.52173E-1 1.97234E-1 1.12518E-1 1.97505E-1 2.79774E-1 3.28512E-1 3.25106E-1 4.99872E-1 4.92199E-1 4.09774E-1 4.59909E-1 5.26744E-1 5.23677E-1 4.39287E-1
1.57882E-1 1.47289E-1 1.3181E-1 1.54908E-1 1.71053E-1 1.90034E-1 1.70473E-1 1.43354E-1 1.79987E-1 1.89611E-1 1.7128E-1 1.77341E-1 2.08364E-1 2.04558E-1 2.1949E-1 2.88629E-1 2.74806E-1 1.75641E-1 1.91226E-1 1.89679E-1 1.83828E-1 1.96283E-1 1.89622E-1 1.9477E-1 2.57398E-1 1.986E-1 1.27325E-1 1.19155E-1 9.26093E-2 1.01435E-1 1.83797E-1 1.55186E-1 2.03762E-1 2.36757E-1 2.44096E-1 2.48967E-1 2.31291E-1 2.34053E-1 2.69914E-1 2.68849E-1 2.34715E-1 2.58567E-1 2.08822E-1 2.55636E-1 2.69607E-1 2.02658E-1 1.54263E-1 9.40932E-2 1.57874E-1 9.37189E-2 3.16087E-1 3.72788E-1 4.26937E-1 4.21753E-1 3.08852E-1 2.40663E-1 3.35136E-1 4.15468E-1 4.16244E-1 2.02742E-1
1.52361E-1 1.52723E-1 1.55898E-1 1.71892E-1 1.65362E-1 1.78321E-1 1.30137E-1 1.65553E-1 1.86193E-1 1.73551E-1 2.08621E-1 7.13663E-2 2.56291E-1 2.24611E-1 2.31156E-1 2.23402E-1 2.82872E-1 1.51201E-1 1.79624E-1 1.88464E-1 1.68719E-1 1.76753E-1 2.04143E-1 2.43705E-1 1.9028E-1 1.14256E-1 9.79953E-2 8.02082E-2 7.61116E-2 9.27465E-2 1.24318E-1 1.38015E-1 1.84719E-1 2.06557E-1 2.52673E-1 2.87592E-1 2.29942E-1 3.16325E-1 2.9645E-1 1.79567E-1 1.86606E-1 1.83636E-1 2.41027E-1 2.68027E-1 2.96597E-1 2.36335E-1 1.97571E-1 1.46102E-1 2.23719E-1 1.64095E-1 2.47118E-1 3.09383E-1 3.13967E-1 3.12203E-1 2.94828E-1 2.6473E-1 3.36645E-1 4.09699E-1 3.17909E-1 3.95764E-1
1.45323E-1 1.71783E-1 1.71613E-1 1.38891E-1 1.30883E-1 1.91272E-1 1.55576E-1 1.7944E-1 1.84405E-1 1.80745E-1 2.39408E-1 2.62597E-1 3.47241E-1 2.32371E-1 2.6584E-1 1.56189E-1 1.89891E-1 1.77662E-1 1.82873E-1 1.66394E-1 1.41225E-1 1.50373E-1 2.21552E-1 2.13094E-1 1.01005E-1 1.18258E-1 7.86625E-2 7.18557E-2 8.02383E-2 9.65512E-2 1.29401E-1 1.41089E-1 1.66054E-1 1.84221E-1 2.44108E-1 3.05678E-1 2.97466E-1 3.36649E-1 3.24271E-1 2.98245E-1 2.37395E-1 2.76212E-1 2.70588E-1 2.58171E-1 2.90331E-1 1.97004E-1 1.77332E-1 1.57706E-1 9.88921E-2 1.93837E-1 2.39366E-1 2.6309E-1 3.02648E-1 3.46009E-1 3.53541E-1 3.17832E-1 3.52349E-1 3.89636E-1 4.11338E-1 4.73572E-1
1.62149E-1 2.06478E-1 2.0528E-1 1.73676E-1 1.0345E-1 1.57656E-1 1.56627E-1 1.61095E-1 1.58917E-1 1.63682E-1 2.15795E-1 2.23053E-1 1.08455E-1 3.5686E-1 1.56886E-1 2.97947E-1 2.02144E-1 1.86428E-1 1.76338E-1 1.33441E-1 1.16804E-1 1.15769E-1 1.87033E-1 1.57433E-1 9.8054E-2 1.33794E-1 9.66137E-2 9.854E-2 1.06974E-1 1.37957E-1 1.59594E-1 1.56674E-1 1.85686E-1 2.18029E-1 2.71765E-1 3.18238E-1 3.17337E-1 2.02965E-1 2.67594E-1 3.09859E-1 2.40685E-1 2.71956E-1 2.73041E-1 2.43141E-1 2.22331E-1 1.65148E-1 1.50979E-1 1.27944E-1 1.00434E-1 2.25214E-1 2.46231E-1 2.93796E-1 2.73402E-1 3.3606E-1 3.40932E-1 3.00134E-1 3.24565E-1 3.55714E-1 3.86843E-1 3.92367E-1
1.85756E-1 2.88554E-1 2.14306E-1 1.78626E-1 1.14548E-1 1.62121E-1 1.674E-1 1.58704E-1 1.52293E-1 1.81828E-1 2.27422E-1 2.45E-1 2.72827E-1 2.12201E-1 2.21226E-1 2.21917E-1 2.58711E-1 2.43132E-1 1.72261E-1 1.16913E-1 9.99342E-2 1.09759E-1 2.04273E-1 1.29176E-1 1.37414E-1 1.55166E-1 1.22759E-1 1.29235E-1 1.59553E-1 1.82383E-1 1.95499E-1 1.73745E-1 1.91946E-1 2.34313E-1 2.81565E-1 3.10957E-1 3.3291E-1 2.62144E-1 3.50976E-1 3.15656E-1 2.4013E-1 2.50977E-1 2.55E-1 2.40793E-1 2.15806E-1 1.32696E-1 1.14925E-1 1.12905E-1 1.20496E-1 1.9653E-1 2.62617E-1 2.94549E-1 3.28705E-1 3.42724E-1 3.3982E-1 2.95065E-1 3.26412E-1 3.70681E-1 3.80511E-1 4.10003E-1
1.40925E-1 2.85611E-1 1.88927E-1 1.77606E-1 1.61181E-1 1.70083E-1 1.63109E-1 1.7145E-1 1.68297E-1 2.1887E-1 3.06942E-1 3.51042E-1 3.50203E-1 1.87569E-1 2.31919E-1 2.50264E-1 2.70852E-1 1.99525E-1 1.52977E-1 1.14993E-1 1.23456E-1 1.63684E-1 1.41216E-1 1.45372E-1 1.97718E-1 2.17263E-1 1.87048E-1 2.08796E-1 2.37583E-1 2.58637E-1 2.85539E-1 2.46858E-1 2.22709E-1 2.70857E-1 3.49254E-1 3.5367E-1 3.53148E-1 3.91671E-1 2.20471E-1 2.7733E-1 2.06799E-1 2.16464E-1 2.39773E-1 2.44054E-1 1.97596E-1 1.30764E-1 1.27043E-1 1.28762E-1 1.38183E-1 1.51882E-1 1.84095E-1 2.28663E-1 2.90366E-1 3.32837E-1 3.41632E-1 3.43673E-1 3.20774E-1 2.97145E-1 3.45075E-1 3.96867E-1
2.55996E-1 2.37969E-1 1.89164E-1 2.05951E-1 1.39198E-1 1.90277E-1 1.60888E-1 1.27154E-1 1.36558E-1 1.4684E-1 2.04262E-1 3.07883E-1 3.77529E-1 2.54616E-1 3.80639E-1 2.85458E-1 2.65714E-1 1.88269E-1 1.59744E-1 1.33741E-1 1.74909E-1 2.0193E-1 1.46185E-1 2.35384E-1 2.5074E-1 2.60735E-1 2.41877E-1 2.7422E-1 2.90856E-1 2.73486E-1 3.01856E-1 2.7396E-1 2.42807E-1 2.47158E-1 3.33683E-1 3.28005E-1 3.48311E-1 3.30191E-1 2.70003E-1 2.35187E-1 1.80546E-1 1.75632E-1 2.05487E-1 2.10044E-1 1.9061E-1 1.34422E-1 1.32115E-1 1.46458E-1 1.67613E-1 1.72117E-1 1.98557E-1 2.11714E-1 2.42208E-1 2.80557E-1 3.18598E-1 3.72371E-1 3.36543E-1 3.32489E-1 3.27455E-1 3.76917E-1
2.76153E-1 2.17944E-1 2.09944E-1 2.17068E-1 1.80171E-1 1.96026E-1 1.60275E-1 1.54538E-1 1.14634E-1 1.28301E-1 1.57029E-1 1.9491E-1 2.87821E-1 3.0315E-1 3.83456E-1 2.81505E-1 2.62901E-1 2.123E-1 1.92726E-1 1.96481E-1 2.419E-1 2.01449E-1 2.68655E-1 3.00266E-1 1.76645E-1 2.4782E-1 2.83023E-1 2.8845E-1 2.77204E-1 2.20981E-1 2.14113E-1 2.51464E-1 2.38413E-1 2.46626E-1 3.8124E-1 3.48767E-1 2.44808E-1 3.26002E-1 2.57394E-1 2.18875E-1 1.6964E-1 1.62463E-1 1.76801E-1 2.17933E-1 2.16459E-1 1.5661E-1 1.59405E-1 1.77422E-1 2.01271E-1 2.15934E-1 2.47668E-1 2.58668E-1 2.72779E-1 2.76837E-1 3.37357E-1 4.27374E-1 4.01719E-1 3.3837E-1 3.16207E-1 3.71329E-1
2.4617E-1 2.51025E-1 2.4492E-1 1.44719E-1 1.71798E-1 1.95017E-1 1.49492E-1 1.28561E-1 1.20455E-1 1.28321E-1 1.65138E-1 1.99611E-1 2.39253E-1 2.9055E-1 2.96331E-1 2.5866E-1 2.78984E-1 2.89737E-1 2.75855E-1 2.14577E-1 2.01992E-1 2.15168E-1 2.05682E-1 1.76807E-1 1.61469E-1 2.74013E-1 3.04455E-1 2.93682E-1 2.63796E-1 1.12232E-1 2.10569E-1 2.43913E-1 2.47727E-1 3.07649E-1 3.65822E-1 2.85124E-1 1.8136E-1 3.38252E-1 2.65334E-1 1.94718E-1 1.52619E-1 1.5608E-1 1.95741E-1 2.58567E-1 1.83864E-1 1.80049E-1 2.10602E-1 2.12237E-1 2.07476E-1 2.28101E-1 2.48923E-1 2.60848E-1 3.10106E-1 3.20364E-1 3.45221E-1 4.13465E-1 4.47292E-1 4.19202E-1 3.71649E-1 3.82546E-1
2.4501E-1 2.85646E-1 2.65627E-1 1.75376E-1 1.66029E-1 1.57233E-1 1.31596E-1 1.22992E-1 1.22844E-1 1.21276E-1 1.76274E-1 2.06051E-1 2.39903E-1 2.24563E-1 6.19068E-2 2.48658E-1 3.49237E-1 3.31981E-1 2.65424E-1 2.10844E-1 1.71122E-1 1.22927E-1 1.22757E-1 1.45505E-1 1.90132E-1 3.14051E-1 3.17205E-1 2.81759E-1 2.59946E-1 1.6443E-1 2.23173E-1 2.29692E-1 2.35176E-1 3.03076E-1 3.62024E-1 2.33881E-1 2.33509E-1 3.46897E-1 2.4046E-1 1.98272E-1 1.69603E-1 2.01222E-1 2.50149E-1 2.94842E-1 2.38501E-1 2.40114E-1 2.9742E-1 2.70219E-1 2.43721E-1 2.51825E-1 2.51231E-1 2.26138E-1 3.01096E-1 3.69811E-1 4.21385E-1 4.37635E-1 4.49778E-1 4.6775E-1 4.70543E-1 4.65541E-1
1.86117E-1 2.39649E-1 1.68926E-1 1.4711E-1 1.32283E-1 1.40449E-1 1.18473E-1 1.33676E-1 1.29489E-1 1.22076E-1 1.34087E-1 1.74665E-1 2.53403E-1 2.33504E-1 2.35092E-1 3.37646E-1 3.08912E-1 2.93431E-1 2.2983E-1 1.69436E-1 1.54177E-1 1.79095E-1 1.91158E-1 2.56904E-1 3.19306E-1 3.30648E-1 3.50685E-1 3.20734E-1 2.85282E-1 1.72981E-1 2.14765E-1 2.07254E-1 1.94479E-1 2.79494E-1 3.1191E-1 1.65962E-1 1.03524E-1 2.90073E-1 1.95717E-1 1.7019E-1 1.57936E-1 2.04286E-1 2.51573E-1 3.06238E-1 2.87843E-1 2.41318E-1 2.8032E-1 2.4353E-1 2.53413E-1 2.16731E-1 2.37406E-1 2.3061E-1 2.59774E-1 3.06639E-1 3.70752E-1 3.23274E-1 3.18647E-1 3.85714E-1 4.00583E-1 3.76113E-1
2.21721E-1 2.09849E-1 1.70583E-1 1.38738E-1 1.24442E-1 1.46644E-1 1.41013E-1 1.43797E-1 1.54279E-1 1.45701E-1 1.41613E-1 1.64986E-1 2.16108E-1 2.09921E-1 1.06534E-1 3.73028E-1 3.06181E-1 2.3236E-1 1.3072E-1 1.16745E-1 1.83624E-1 2.00573E-1 2.0719E-1 2.71501E-1 3.18193E-1 4.14522E-1 3.46749E-1 3.12758E-1 2.78142E-1 2.34434E-1 2.25543E-1 2.23297E-1 1.93097E-1 1.57231E-1 1.8533E-1 1.50467E-1 1.10614E-1 2.80191E-1 2.91595E-1 1.81446E-1 1.69707E-1 2.05554E-1 2.42015E-1 3.15319E-1 3.31654E-1 2.7077E-1 2.36053E-1 2.34547E-1 2.62544E-1 2.26835E-1 2.47833E-1 2.67277E-1 2.02872E-1 3.175E-1 4.04388E-1 3.21549E-1 3.08969E-1 3.56182E-1 3.58926E-1 4.01867E-1
9.83499E-2 1.01196E-1 1.05835E-1 1.07714E-1 1.37036E-1 1.71775E-1 1.58172E-1 1.66517E-1 1.6784E-1 1.6576E-1 1.6534E-1 1.61258E-1 2.21339E-1 2.27986E-1 3.04694E-1 3.29078E-1 2.06505E-1 1.60635E-1 1.30338E-1 1.66185E-1 2.50656E-1 2.40931E-1 2.51599E-1 2.91047E-1 3.23802E-1 4.23678E-1 3.62841E-1 2.70236E-1 2.81581E-1 2.55937E-1 2.40641E-1 2.37184E-1 2.13394E-1 1.75656E-1 1.74462E-1 1.4616E-1 1.65584E-1 2.60833E-1 3.01191E-1 2.23692E-1 1.86924E-1 1.68173E-1 2.61291E-1 3.28092E-1 3.51001E-1 2.72616E-1 3.17864E-1 3.75429E-1 2.48395E-1 2.27306E-1 2.85373E-1 3.25051E-1 2.96854E-1 3.31281E-1 3.70214E-1 3.47498E-1 3.08488E-1 3.37286E-1 3.24433E-1 3.34156E-1
9.25343E-2 1.11072E-1 1.22297E-1 1.38262E-1 1.55604E-1 1.95606E-1 1.29792E-1 1.75385E-1 2.00972E-1 1.9209E-1 1.95568E-1 1.92724E-1 2.43212E-1 2.49506E-1 2.6371E-1 3.01304E-1 2.13067E-1 2.03533E-1 1.92918E-1 2.37055E-1 3.27244E-1 3.10886E-1 2.84272E-1 3.24176E-1 4.31032E-1 4.32788E-1 3.26102E-1 2.28615E-1 2.64414E-1 2.64724E-1 2.47322E-1 2.41494E-1 2.49357E-1 2.26864E-1 1.8158E-1 1.53834E-1 1.84363E-1 2.43486E-1 3.224E-1 2.94908E-1 1.99312E-1 2.22685E-1 2.49811E-1 3.51831E-1 3.06822E-1 2.52747E-1 3.51633E-1 3.87E-1 2.45942E-1 2.55244E-1 3.32453E-1 3.74836E-1 3.32503E-1 3.42567E-1 4.10558E-1 3.70389E-1 2.24799E-1 3.45455E-1 3.91885E-1 3.77299E-1
9.41286E-2 1.4295E-1 1.36368E-1 9.71461E-2 1.7493E-1 2.15413E-1 1.81568E-1 1.92664E-1 1.86645E-1 1.95932E-1 1.81486E-1 2.14253E-1 2.97987E-1 8.71894E-2 3.06406E-1 3.30064E-1 2.54982E-1 2.61505E-1 2.50595E-1 2.78766E-1 3.55342E-1 3.49985E-1 3.32274E-1 3.20807E-1 4.31392E-1 4.16105E-1 2.8698E-1 2.54774E-1 2.96383E-1 2.87099E-1 2.6572E-1 2.66366E-1 2.85079E-1 3.17149E-1 2.34329E-1 1.81966E-1 1.92664E-1 2.53749E-1 2.81976E-1 3.51719E-1 2.23902E-1 2.1281E-1 2.2945E-1 3.30001E-1 3.34636E-1 2.5858E-1 3.82115E-1 3.79877E-1 2.25955E-1 2.45488E-1 3.21181E-1 4.04811E-1 3.71463E-1 3.69696E-1 4.79891E-1 3.62647E-1 2.31953E-1 3.35051E-1 3.45441E-1 3.44274E-1
1.28717E-1 1.63286E-1 1.59993E-1 1.93063E-1 2.37259E-1 2.2156E-1 1.80991E-1 1.71539E-1 1.80341E-1 1.99336E-1 2.44993E-1 2.48681E-1 3.20161E-1 2.68177E-1 3.90535E-1 4.47733E-1 4.05228E-1 3.24743E-1 3.04851E-1 3.06615E-1 2.36754E-1 2.44014E-1 3.27224E-1 4.21649E-1 4.3357E-1 3.74893E-1 2.5617E-1 2.26478E-1 2.59582E-1 2.47973E-1 2.13839E-1 2.09899E-1 2.3769E-1 2.82971E-1 2.82939E-1 1.94255E-1 1.9164E-1 2.22206E-1 2.74098E-1 3.6795E-1 2.33707E-1 1.76561E-1 2.02334E-1 3.34472E-1 3.81609E-1 1.99737E-1 3.16299E-1 3.27685E-1 2.43902E-1 2.08725E-1 2.61088E-1 3.20226E-1 2.69559E-1 1.91981E-1 3.7754E-1 3.64253E-1 3.24008E-1 3.35494E-1 3.0113E-1 7.24242E-2
1.41173E-1 1.55255E-1 1.2938E-1 1.68493E-1 2.4089E-1 2.0993E-1 1.85958E-1 1.7448E-1 1.83478E-1 2.10992E-1 2.76775E-1 2.43859E-1 2.56735E-1 3.01692E-1 2.73249E-1 4.33108E-1 2.67169E-1 3.2206E-1 3.9612E-1 4.02477E-1 4.43353E-1 4.0019E-1 4.35957E-1 4.59578E-1 4.37925E-1 3.57773E-1 3.24858E-1 2.76357E-1 3.43738E-1 1.74024E-1 2.41207E-1 2.45818E-1 2.44124E-1 2.78592E-1 3.32783E-1 3.24249E-1 1.80954E-1 2.35338E-1 2.58165E-1 3.37177E-1 2.98624E-1 1.61726E-1 2.22455E-1 3.46306E-1 3.92325E-1 2.10902E-1 2.79548E-1 2.99988E-1 3.4928E-1 2.51526E-1 2.7783E-1 3.37834E-1 2.91684E-1 3.05017E-1 3.97367E-1 4.22438E-1 3.50608E-1 4.06638E-1 1.72038E-1 2.03223E-1
1.26705E-1 1.51976E-1 4.93376E-2 1.98049E-1 1.86407E-1 1.95332E-1 1.68604E-1 1.84838E-1 2.02054E-1 2.20989E-1 3.00174E-1 2.63512E-1 1.6548E-1 2.4305E-1 8.99208E-2 3.30285E-1 3.61483E-1 3.33819E-1 4.7037E-1 4.15866E-1 4.6671E-1 3.79988E-1 4.27197E-1 4.64877E-1 3.98314E-1 2.60017E-1 2.39554E-1 3.35367E-1 2.35721E-1 2.04757E-1 2.33025E-1 2.18624E-1 2.6154E-1 2.41291E-1 3.27143E-1 3.44951E-1 3.53854E-1 2.04901E-1 2.82902E-1 3.92298E-1 3.48569E-1 2.19951E-1 2.00071E-1 3.37444E-1 3.77568E-1 2.20658E-1 2.71342E-1 3.51007E-1 2.78866E-1 2.73618E-1 2.91304E-1 3.12025E-1 3.35205E-1 2.92248E-1 3.52213E-1 3.84415E-1 4.04437E-1 1.7493E-1 3.21957E-1 2.14026E-1
1.26983E-1 1.48813E-1 2.96809E-1 1.9655E-1 1.48928E-1 2.02077E-1 1.95792E-1 2.13516E-1 2.21121E-1 1.9087E-1 3.1622E-1 3.11286E-1 2.93646E-1 3.45612E-1 1.2888E-1 4.36647E-1 4.50991E-1 4.15442E-1 4.2359E-1 3.88739E-1 3.63692E-1 2.50339E-1 4.82954E-1 4.49508E-1 3.40569E-1 3.44819E-1 3.20287E-1 3.68121E-1 2.08664E-1 2.15233E-1 2.44257E-1 1.93553E-1 2.24024E-1 2.40164E-1 2.77553E-1 3.15059E-1 3.72012E-1 3.5163E-1 3.12907E-1 3.56892E-1 3.87914E-1 3.62541E-1 2.44781E-1 3.22287E-1 3.5906E-1 2.0969E-1 2.51949E-1 3.73136E-1 3.78185E-1 3.38114E-1 3.14529E-1 3.2013E-1 3.65627E-1 2.95943E-1 3.40511E-1 3.05265E-1 2.15999E-1 3.13344E-1 2.09035E-1 1.54499E-1
