Phytophthora/models/20240501_1439_25/Phytophthora_PA3_RUN10_MAXENT_outputs/Phytophthora_PA3_RUN10.asc
ncols         225
nrows         269
xllcorner     473000.0
yllcorner     4429100.0
cellsize      50.0
NODATA_value  -9999
[rows 162 to 188 of 269, columns 60 to 119 of 225]
2.92921E-1 1.31136E-1 2.77978E-1 2.07271E-1 3.06783E-1 3.43203E-1 3.95679E-1 3.69945E-1 3.31146E-1 3.39658E-1 3.96405E-1 4.25465E-1 4.65678E-1 4.04624E-1 5.72902E-1 3.96144E-1 5.24309E-1 4.98163E-1 5.00654E-1 5.2888E-1 5.31501E-1 5.48237E-1 5.69877E-1 3.58179E-1 7.08395E-1 5.69951E-1 5.05151E-1 4.6145E-1 5.77837E-1 5.30222E-1 4.91389E-1 4.69231E-1 5.22155E-1 5.43875E-1 4.82566E-1 4.53696E-1 4.2661E-1 4.10781E-1 3.7154E-1 3.61203E-1 3.04772E-1 2.78221E-1 2.13836E-1 2.86231E-1 2.70575E-1 2.75129E-1 2.54744E-1 2.18177E-1 1.89919E-1 1.58033E-1 1.06178E-1 1.99113E-1 1.64124E-1 9.50631E-2 1.07211E-1 1.73542E-1 2.49477E-1 3.15734E-1 3.23049E-1 4.99194E-1
9.35707E-2 3.61211E-1 3.99054E-1 3.2062E-1 2.89954E-1 2.43338E-1 2.02705E-1 2.65795E-1 3.28121E-1 3.99251E-1 4.28945E-1 4.39636E-1 4.95188E-1 5.40939E-1 5.5611E-1 4.00864E-1 5.50991E-1 4.95437E-1 4.57962E-1 4.83563E-1 4.79781E-1 4.86698E-1 5.35041E-1 6.40708E-1 6.04824E-1 5.58442E-1 4.17684E-1 5.01752E-1 5.57692E-1 5.48556E-1 4.89353E-1 4.55607E-1 4.17371E-1 3.70141E-1 3.86761E-1 4.06443E-1 4.17679E-1 4.53121E-1 4.70991E-1 4.37745E-1 2.20788E-1 3.55824E-1 3.5931E-1 3.6497E-1 3.39305E-1 3.33699E-1 3.05111E-1 2.76331E-1 2.43277E-1 1.91533E-1 1.30456E-1 1.93203E-1 1.47613E-1 1.02828E-1 1.43295E-1 2.32048E-1 2.8029E-1 3.3884E-1 5.08551E-1 4.90856E-1
3.41947E-1 3.30148E-1 2.87272E-1 2.85257E-1 3.1358E-1 2.98805E-1 3.14836E-1 3.34791E-1 4.58161E-1 2.8128E-1 4.35242E-1 4.3237E-1 4.42342E-1 4.99053E-1 4.78993E-1 -9999 4.56054E-1 3.99631E-1 4.5154E-1 4.62552E-1 4.32769E-1 4.58227E-1 4.05674E-1 6.72264E-1 5.92564E-1 5.5335E-1 5.54079E-1 4.96519E-1 5.85602E-1 5.70169E-1 5.02474E-1 4.4899E-1 4.2002E-1 4.21147E-1 4.53028E-1 4.95103E-1 5.18787E-1 5.44736E-1 5.28167E-1 4.97132E-1 3.91013E-1 3.35645E-1 2.8622E-1 2.65178E-1 2.5872E-1 2.729E-1 2.5971E-1 2.40752E-1 2.14447E-1 1.66092E-1 1.19071E-1 8.56779E-2 2.18403E-1 2.53237E-1 3.10862E-1 2.799E-1 3.32892E-1 5.05302E-1 5.21092E-1 3.24008E-1
2.70022E-1 2.91262E-1 3.57919E-1 4.17934E-1 3.58492E-1 3.49465E-1 3.69933E-1 3.56508E-1 3.92838E-1 3.94641E-1 4.56122E-1 4.57366E-1 4.05012E-1 4.09627E-1 4.03309E-1 3.31456E-1 4.05868E-1 4.50031E-1 5.38508E-1 5.32723E-1 4.71801E-1 4.55893E-1 6.23953E-1 6.19744E-1 5.93782E-1 5.54842E-1 5.59111E-1 4.44588E-1 5.86226E-1 5.8648E-1 5.4894E-1 5.3323E-1 3.32987E-1 4.60513E-1 5.02448E-1 5.63808E-1 6.07002E-1 6.09759E-1 5.26678E-1 5.43202E-1 4.22401E-1 3.87172E-1 3.04941E-1 2.67578E-1 2.48244E-1 2.54898E-1 2.34405E-1 2.25713E-1 2.0497E-1 1.7417E-1 1.54368E-1 2.22958E-1 2.5242E-1 2.74431E-1 3.19548E-1 3.24605E-1 5.24715E-1 3.98947E-1 4.64314E-1 4.07016E-1
3.33541E-1 3.6604E-1 4.07306E-1 4.22287E-1 4.19718E-1 3.84419E-1 3.94096E-1 3.869E-1 4.30321E-1 4.38249E-1 4.99317E-1 5.14102E-1 5.11355E-1 5.11469E-1 5.21573E-1 5.58646E-1 3.73648E-1 6.35413E-1 7.38517E-1 6.88536E-1 5.8026E-1 5.22639E-1 5.13142E-1 3.7602E-1 6.51221E-1 4.50114E-1 5.08183E-1 5.11716E-1 5.44662E-1 5.63324E-1 5.77505E-1 5.58356E-1 4.16885E-1 4.71091E-1 4.71497E-1 4.86539E-1 5.16746E-1 5.01702E-1 4.02194E-1 3.60683E-1 4.03113E-1 3.98155E-1 3.40958E-1 2.85148E-1 2.51726E-1 2.49233E-1 2.35435E-1 2.25456E-1 2.25719E-1 2.18174E-1 2.13616E-1 2.5449E-1 3.05507E-1 3.6408E-1 4.44716E-1 5.74902E-1 5.60978E-1 4.74765E-1 3.25815E-1 4.25604E-1
3.46025E-1 3.90304E-1 4.14884E-1 4.08505E-1 4.39427E-1 4.31561E-1 4.42126E-1 4.35161E-1 4.25855E-1 4.50073E-1 3.9518E-1 5.17378E-1 5.29943E-1 5.28887E-1 6.02096E-1 7.26922E-1 6.83272E-1 7.11941E-1 7.87711E-1 7.45113E-1 5.81744E-1 4.94091E-1 5.01279E-1 5.93997E-1 6.99897E-1 4.95932E-1 5.05269E-1 5.28008E-1 4.74269E-1 5.80718E-1 4.52444E-1 4.74231E-1 4.18634E-1 4.49625E-1 4.31148E-1 4.21442E-1 4.03704E-1 2.87524E-1 3.76772E-1 3.71117E-1 4.15255E-1 3.87283E-1 3.43244E-1 2.85578E-1 2.43328E-1 2.27638E-1 2.11281E-1 1.96448E-1 2.30784E-1 2.19016E-1 2.28231E-1 3.0158E-1 3.59338E-1 4.31488E-1 5.1913E-1 3.99458E-1 3.68397E-1 2.85841E-1 2.54048E-1 2.23739E-1
3.91079E-1 4.46387E-1 4.66166E-1 4.49063E-1 4.58182E-1 4.48745E-1 4.64999E-1 4.38732E-1 4.24033E-1 4.62579E-1 4.94098E-1 5.27854E-1 5.29335E-1 4.82836E-1 5.87289E-1 7.16736E-1 7.82375E-1 4.99617E-1 7.57165E-1 7.80475E-1 6.25331E-1 5.42424E-1 4.96517E-1 5.46597E-1 6.82788E-1 4.5642E-1 4.74548E-1 5.60124E-1 5.59301E-1 5.60301E-1 5.43689E-1 3.31263E-1 4.10275E-1 3.96213E-1 3.92757E-1 3.54184E-1 2.21007E-1 3.16257E-1 3.21406E-1 3.32734E-1 4.21926E-1 3.62306E-1 3.24931E-1 2.648E-1 2.2813E-1 2.06249E-1 2.20029E-1 2.10381E-1 2.01303E-1 2.38959E-1 2.58095E-1 3.42432E-1 4.01708E-1 4.56344E-1 2.63585E-1 5.33309E-1 2.65977E-1 2.99863E-1 2.45718E-1 1.98545E-1
4.62924E-1 5.35988E-1 4.77288E-1 4.39528E-1 4.72194E-1 2.95306E-1 3.29001E-1 3.06391E-1 4.19007E-1 4.69861E-1 4.98187E-1 5.2419E-1 5.38449E-1 4.6485E-1 5.01391E-1 5.31716E-1 6.54227E-1 7.73626E-1 7.06325E-1 7.32808E-1 5.9392E-1 5.77466E-1 5.40702E-1 3.93867E-1 5.70261E-1 4.47924E-1 4.62574E-1 5.45168E-1 5.23626E-1 5.18214E-1 5.70225E-1 4.94775E-1 3.59183E-1 2.39825E-1 3.62432E-1 3.49254E-1 2.5508E-1 3.50508E-1 3.5152E-1 4.27993E-1 4.67502E-1 3.9455E-1 3.4404E-1 2.83267E-1 2.65441E-1 2.31087E-1 2.02908E-1 1.82789E-1 2.29146E-1 2.93062E-1 3.0725E-1 3.86536E-1 4.61235E-1 3.83107E-1 6.22729E-1 4.03242E-1 3.07672E-1 3.3932E-1 2.79953E-1 3.4803E-1
4.52035E-1 4.57412E-1 4.16415E-1 4.14663E-1 3.9293E-1 4.52037E-1 4.37249E-1 4.16946E-1 4.2293E-1 4.56552E-1 5.01152E-1 5.24823E-1 4.99016E-1 3.70276E-1 4.87261E-1 6.32972E-1 6.12451E-1 5.72997E-1 5.98923E-1 5.43575E-1 5.32922E-1 4.03567E-1 2.99896E-1 4.78842E-1 6.27211E-1 4.69365E-1 5.28937E-1 6.28415E-1 2.25993E-1 4.29307E-1 3.99249E-1 4.70023E-1 5.1176E-1 4.73607E-1 3.18678E-1 2.84181E-1 4.11394E-1 4.28775E-1 4.40316E-1 4.47853E-1 5.3147E-1 4.73221E-1 4.10801E-1 3.43198E-1 3.19273E-1 2.59226E-1 2.16916E-1 1.86951E-1 2.30408E-1 3.22866E-1 3.96948E-1 4.62196E-1 5.17365E-1 4.58933E-1 5.30349E-1 4.62222E-1 4.07698E-1 3.8897E-1 3.38494E-1 3.30513E-1
6.01263E-1 5.61665E-1 5.70702E-1 4.92236E-1 4.64612E-1 5.49036E-1 5.19984E-1 5.22043E-1 5.35548E-1 5.61747E-1 5.4997E-1 4.99319E-1 5.55346E-1 3.87908E-1 4.91947E-1 6.2593E-1 5.91567E-1 5.41049E-1 5.17881E-1 5.65615E-1 3.36264E-1 5.52702E-1 5.77927E-1 4.61434E-1 5.83527E-1 3.46636E-1 4.07605E-1 5.31685E-1 4.58032E-1 3.35417E-1 3.14202E-1 3.561E-1 5.21254E-1 5.36138E-1 5.3695E-1 5.65642E-1 5.24772E-1 4.97312E-1 4.55887E-1 4.44828E-1 5.23349E-1 4.52363E-1 3.8022E-1 3.12961E-1 2.77506E-1 2.11515E-1 1.80736E-1 1.47561E-1 1.72686E-1 2.34671E-1 3.22813E-1 4.69761E-1 5.59154E-1 5.93813E-1 5.14992E-1 4.92828E-1 4.46083E-1 4.19635E-1 3.99397E-1 3.54606E-1
3.68262E-1 4.32219E-1 4.9755E-1 3.40767E-1 5.89628E-1 5.21382E-1 5.04E-1 4.93695E-1 5.16506E-1 5.61929E-1 4.90017E-1 4.82839E-1 5.82016E-1 2.85768E-1 4.11972E-1 4.62368E-1 6.20562E-1 4.7865E-1 5.83003E-1 6.06002E-1 5.31942E-1 5.41966E-1 5.91772E-1 5.17453E-1 4.32556E-1 3.2613E-1 4.48277E-1 4.86952E-1 5.15859E-1 4.69808E-1 4.87498E-1 5.45302E-1 5.27396E-1 5.31455E-1 4.9198E-1 4.90182E-1 4.76491E-1 4.4505E-1 4.7222E-1 5.37436E-1 6.02061E-1 4.40873E-1 4.07224E-1 3.23881E-1 2.94389E-1 2.08789E-1 1.58533E-1 1.94931E-1 1.76278E-1 2.24892E-1 3.08879E-1 4.03095E-1 5.06299E-1 4.89077E-1 5.35231E-1 5.16615E-1 4.19613E-1 5.02507E-1 4.82602E-1 3.4698E-1
4.17971E-1 4.22715E-1 4.4746E-1 5.44319E-1 5.2448E-1 4.90871E-1 4.95922E-1 4.70628E-1 5.28053E-1 5.40339E-1 4.67116E-1 4.74617E-1 4.71933E-1 2.6089E-1 3.59523E-1 4.00447E-1 5.9906E-1 5.93199E-1 6.31213E-1 6.20266E-1 5.28172E-1 4.93737E-1 5.4157E-1 5.7356E-1 2.35432E-1 3.47747E-1 2.19952E-1 3.74064E-1 4.77582E-1 4.15855E-1 4.44225E-1 4.15587E-1 4.15042E-1 4.52071E-1 4.04217E-1 4.78815E-1 4.38514E-1 3.82439E-1 5.16925E-1 5.61459E-1 5.11383E-1 4.12947E-1 3.78139E-1 3.26117E-1 2.88656E-1 2.00398E-1 1.64538E-1 1.07648E-1 2.06922E-1 2.35446E-1 2.8577E-1 3.59156E-1 4.30705E-1 4.03054E-1 5.34357E-1 5.73473E-1 3.92792E-1 5.2432E-1 4.44297E-1 3.347E-1
3.53172E-1 3.3812E-1 5.38663E-1 5.25031E-1 4.94333E-1 4.54952E-1 4.84364E-1 5.05336E-1 5.42389E-1 5.40802E-1 4.38295E-1 4.75351E-1 4.73481E-1 2.91309E-1 3.44749E-1 5.96691E-1 6.65592E-1 6.26202E-1 6.26045E-1 6.20923E-1 4.9889E-1 5.5245E-1 5.61587E-1 5.27783E-1 3.89299E-1 4.56562E-1 4.28426E-1 3.86026E-1 3.7532E-1 3.34945E-1 3.55271E-1 3.43344E-1 3.1112E-1 2.90541E-1 3.54246E-1 3.97072E-1 3.23819E-1 2.95834E-1 5.42525E-1 5.54128E-1 5.20151E-1 4.18566E-1 4.09918E-1 2.94161E-1 2.44907E-1 2.02078E-1 1.68963E-1 1.74428E-1 2.70237E-1 2.5989E-1 3.15317E-1 3.74427E-1 4.20778E-1 2.97795E-1 5.35577E-1 3.74157E-1 5.48307E-1 4.81595E-1 4.37149E-1 3.74877E-1
4.0478E-1 5.61489E-1 5.30101E-1 5.16638E-1 5.03805E-1 5.26024E-1 5.68277E-1 5.37405E-1 5.13339E-1 4.70291E-1 4.46841E-1 5.08546E-1 4.78025E-1 3.88493E-1 5.04315E-1 6.22598E-1 6.07143E-1 6.18114E-1 6.41144E-1 6.32104E-1 5.64638E-1 5.82214E-1 5.91373E-1 2.52383E-1 4.16019E-1 4.58992E-1 4.15245E-1 2.73548E-1 3.46484E-1 3.06342E-1 3.24298E-1 2.83193E-1 2.73702E-1 2.50142E-1 2.3187E-1 2.32437E-1 1.86511E-1 2.28464E-1 2.97477E-1 4.44321E-1 4.26489E-1 3.71011E-1 3.16732E-1 2.20974E-1 2.29018E-1 1.89113E-1 1.87369E-1 2.10072E-1 2.52064E-1 3.0177E-1 3.51441E-1 4.12331E-1 4.55684E-1 1.37132E-1 4.02496E-1 3.89379E-1 3.92202E-1 4.19725E-1 4.59501E-1 3.78406E-1
5.26206E-1 5.85229E-1 5.4587E-1 5.37047E-1 5.67731E-1 5.80493E-1 6.29376E-1 6.05407E-1 5.39122E-1 4.91839E-1 5.05557E-1 5.32281E-1 4.99376E-1 4.26113E-1 5.49736E-1 5.4523E-1 5.46447E-1 5.28858E-1 5.66595E-1 6.07211E-1 6.29464E-1 5.38172E-1 6.01101E-1 -9999 5.23845E-1 5.55679E-1 5.57607E-1 5.26193E-1 4.43202E-1 4.55398E-1 3.89789E-1 2.84805E-1 3.27389E-1 2.88999E-1 2.56012E-1 2.99725E-1 3.78699E-1 3.61573E-1 4.10842E-1 4.68312E-1 4.29453E-1 3.63186E-1 3.12239E-1 2.52595E-1 2.48732E-1 1.72967E-1 1.81218E-1 2.05073E-1 2.62494E-1 3.42077E-1 4.31484E-1 4.99605E-1 5.27482E-1 2.5622E-1 3.81816E-1 3.59794E-1 2.8417E-1 4.49587E-1 4.76649E-1 3.90375E-1
5.67612E-1 5.37278E-1 3.66203E-1 5.31477E-1 5.49894E-1 6.01256E-1 6.63291E-1 6.43167E-1 4.72319E-1 4.06795E-1 4.23676E-1 4.45976E-1 4.2585E-1 4.82137E-1 5.38496E-1 4.6228E-1 5.43196E-1 5.56391E-1 5.95438E-1 6.09301E-1 5.49339E-1 6.75241E-1 4.86059E-1 5.20362E-1 5.49009E-1 4.83053E-1 4.25695E-1 4.08569E-1 4.23384E-1 3.94283E-1 3.52707E-1 3.20507E-1 2.95078E-1 2.43441E-1 2.20656E-1 3.96611E-1 -9999 -9999 5.05754E-1 5.09556E-1 4.55291E-1 3.93002E-1 3.67466E-1 2.93564E-1 2.65702E-1 1.86616E-1 1.92659E-1 2.28047E-1 2.90925E-1 3.63193E-1 4.56022E-1 5.36414E-1 5.49178E-1 4.19644E-1 4.48559E-1 4.62649E-1 4.56326E-1 4.69628E-1 5.17059E-1 4.2275E-1
5.48029E-1 5.42768E-1 5.34442E-1 5.41827E-1 5.33821E-1 6.19631E-1 6.87805E-1 6.47813E-1 4.28412E-1 4.69062E-1 4.78251E-1 4.8213E-1 4.02403E-1 5.46705E-1 6.21733E-1 6.12309E-1 4.77217E-1 5.43661E-1 5.78334E-1 5.27489E-1 6.28909E-1 6.81208E-1 6.41408E-1 6.0912E-1 5.40206E-1 4.77502E-1 4.95948E-1 4.45433E-1 4.46298E-1 4.29679E-1 3.627E-1 3.36157E-1 3.32661E-1 2.68305E-1 2.99537E-1 4.16764E-1 6.11496E-1 4.0248E-1 6.36881E-1 5.84037E-1 5.33941E-1 4.5531E-1 4.09722E-1 3.12082E-1 2.42221E-1 1.97545E-1 1.97856E-1 2.78229E-1 3.55321E-1 4.35486E-1 5.13205E-1 5.98739E-1 6.08568E-1 6.0498E-1 4.93328E-1 4.39657E-1 4.71392E-1 4.52222E-1 5.41017E-1 5.24902E-1
5.21887E-1 5.2436E-1 5.39439E-1 5.84912E-1 4.95412E-1 6.84827E-1 6.38146E-1 4.0848E-1 4.62391E-1 5.59E-1 5.18295E-1 4.28903E-1 5.15128E-1 5.42993E-1 5.82367E-1 5.87062E-1 5.41876E-1 5.63158E-1 5.52619E-1 6.34437E-1 6.57276E-1 6.91322E-1 5.48905E-1 6.57893E-1 5.13807E-1 4.41269E-1 4.70442E-1 4.5363E-1 3.97072E-1 4.41254E-1 3.80706E-1 3.89187E-1 3.95303E-1 3.98192E-1 4.41826E-1 5.8402E-1 5.28063E-1 4.49643E-1 6.65012E-1 6.16356E-1 5.83345E-1 4.95831E-1 4.49798E-1 3.40644E-1 2.64178E-1 2.28084E-1 2.20669E-1 2.88471E-1 3.60056E-1 4.69143E-1 5.50349E-1 5.96826E-1 4.76039E-1 5.50449E-1 4.68499E-1 4.00318E-1 4.64939E-1 3.71819E-1 5.06182E-1 5.30651E-1
4.82548E-1 4.82795E-1 5.33719E-1 6.22924E-1 7.23589E-1 6.76723E-1 5.26376E-1 4.50352E-1 5.42649E-1 6.1638E-1 5.5285E-1 5.74869E-1 5.59158E-1 5.29852E-1 4.82761E-1 4.97062E-1 5.46539E-1 5.71221E-1 6.17302E-1 6.66822E-1 7.27052E-1 7.00003E-1 5.35596E-1 5.20329E-1 4.7612E-1 4.91151E-1 5.35621E-1 5.2236E-1 5.35101E-1 5.0291E-1 4.17947E-1 4.23149E-1 4.22842E-1 4.01893E-1 3.9524E-1 5.20865E-1 5.61873E-1 6.44954E-1 7.28538E-1 5.68203E-1 5.93328E-1 5.08898E-1 4.78412E-1 3.68095E-1 2.88671E-1 1.98197E-1 2.51806E-1 3.35272E-1 4.21578E-1 5.13595E-1 6.08617E-1 6.40814E-1 2.97843E-1 4.64854E-1 4.35738E-1 3.94347E-1 4.54215E-1 4.60671E-1 4.33458E-1 5.11744E-1
4.28104E-1 4.53532E-1 5.2175E-1 7.0214E-1 7.34128E-1 5.84761E-1 5.09304E-1 5.75318E-1 6.06639E-1 6.33091E-1 5.69251E-1 5.80482E-1 5.42251E-1 4.86511E-1 4.49737E-1 5.27319E-1 5.7058E-1 5.8871E-1 6.32793E-1 6.86788E-1 7.356E-1 7.20539E-1 6.79395E-1 5.68234E-1 6.10001E-1 6.13699E-1 6.24204E-1 5.5679E-1 5.55284E-1 5.04324E-1 3.32361E-1 3.67635E-1 3.99183E-1 3.86881E-1 3.51836E-1 4.56054E-1 5.33641E-1 6.38879E-1 7.04059E-1 5.25384E-1 5.53687E-1 4.99625E-1 4.49953E-1 3.46132E-1 2.73158E-1 2.34622E-1 2.85331E-1 3.50381E-1 4.25E-1 5.37511E-1 6.11138E-1 6.49569E-1 2.03605E-1 5.47587E-1 4.81748E-1 4.62608E-1 4.95924E-1 3.64798E-1 5.20186E-1 4.54672E-1
4.35901E-1 4.42759E-1 4.76434E-1 5.7778E-1 6.18505E-1 5.65056E-1 5.8675E-1 5.56045E-1 6.53509E-1 5.32321E-1 5.96668E-1 5.83336E-1 5.20195E-1 4.78328E-1 4.2977E-1 4.9085E-1 5.31566E-1 5.57314E-1 6.339E-1 6.22952E-1 5.75676E-1 5.64091E-1 5.49489E-1 3.71136E-1 6.48083E-1 5.75962E-1 5.82079E-1 5.48863E-1 5.39444E-1 4.83092E-1 2.563E-1 3.19786E-1 3.2678E-1 3.70604E-1 3.52922E-1 4.84236E-1 5.55814E-1 6.20862E-1 7.08781E-1 5.93195E-1 5.7303E-1 5.31107E-1 4.49444E-1 3.47259E-1 2.7736E-1 2.90963E-1 3.32271E-1 3.9169E-1 4.55182E-1 5.47752E-1 6.25499E-1 5.71136E-1 4.35879E-1 6.0992E-1 4.65791E-1 4.83542E-1 5.18218E-1 3.82227E-1 4.68597E-1 4.87181E-1
4.95099E-1 4.99782E-1 5.27954E-1 6.17279E-1 5.78499E-1 6.07975E-1 6.38619E-1 6.80499E-1 6.2656E-1 6.91223E-1 5.82795E-1 5.8992E-1 5.10124E-1 4.6004E-1 4.1575E-1 4.61327E-1 5.01109E-1 5.16791E-1 4.4507E-1 4.44676E-1 4.86292E-1 4.98873E-1 4.90275E-1 3.47335E-1 6.254E-1 5.94963E-1 6.23786E-1 5.98126E-1 5.67009E-1 4.82463E-1 3.35055E-1 3.27704E-1 3.90081E-1 4.64063E-1 4.02028E-1 5.59468E-1 6.03479E-1 6.63248E-1 6.9943E-1 5.94845E-1 5.59433E-1 5.21646E-1 4.26946E-1 3.49878E-1 3.31176E-1 3.66357E-1 3.94591E-1 4.54361E-1 4.76086E-1 5.29034E-1 5.75611E-1 6.14048E-1 5.53487E-1 6.3406E-1 5.01238E-1 5.32972E-1 5.27883E-1 3.71099E-1 4.79957E-1 4.79737E-1
5.58556E-1 5.67685E-1 5.93047E-1 5.55869E-1 5.80413E-1 5.09201E-1 6.81709E-1 5.85465E-1 7.03111E-1 6.94591E-1 6.01679E-1 5.32562E-1 4.97243E-1 4.45759E-1 3.97438E-1 4.1848E-1 4.39178E-1 4.1039E-1 3.73939E-1 3.96184E-1 4.40724E-1 4.53711E-1 4.83442E-1 4.83074E-1 6.70245E-1 6.53835E-1 6.29036E-1 5.32328E-1 5.16258E-1 4.04121E-1 3.4981E-1 3.50514E-1 4.61761E-1 4.88198E-1 4.22047E-1 5.52307E-1 6.02424E-1 6.2811E-1 3.39016E-1 5.73334E-1 5.46396E-1 5.09048E-1 4.01935E-1 3.42701E-1 3.70709E-1 4.27115E-1 4.80154E-1 5.23262E-1 5.01826E-1 5.31026E-1 5.71364E-1 6.05111E-1 6.02403E-1 5.07275E-1 5.62719E-1 4.0462E-1 2.60482E-1 4.18705E-1 5.49447E-1 5.35893E-1
5.42093E-1 5.87133E-1 5.79211E-1 5.52151E-1 5.06596E-1 6.62757E-1 7.58067E-1 7.35906E-1 6.79353E-1 6.91152E-1 5.65815E-1 4.89737E-1 4.56263E-1 4.29561E-1 3.82152E-1 3.7472E-1 3.54507E-1 4.49945E-1 -9999 4.52413E-1 3.8833E-1 3.98861E-1 4.59146E-1 3.85508E-1 6.20264E-1 5.88468E-1 5.45566E-1 5.16929E-1 4.85764E-1 4.13276E-1 3.08568E-1 3.22139E-1 4.2271E-1 4.17007E-1 4.60643E-1 5.46481E-1 5.95059E-1 6.08694E-1 6.57711E-1 4.32945E-1 6.66085E-1 4.7422E-1 4.15352E-1 3.83143E-1 4.39508E-1 5.16295E-1 5.7343E-1 5.58461E-1 4.54656E-1 4.13443E-1 5.68676E-1 5.91305E-1 5.32029E-1 3.51724E-1 6.10888E-1 5.08973E-1 3.55684E-1 4.2036E-1 5.61013E-1 5.36893E-1
3.1905E-1 4.87962E-1 5.64058E-1 5.69353E-1 5.81732E-1 7.01797E-1 7.2546E-1 6.1467E-1 6.15861E-1 6.1759E-1 5.14787E-1 4.59495E-1 3.93045E-1 3.87325E-1 4.14012E-1 4.63374E-1 -9999 -9999 4.15674E-1 3.7999E-1 3.29226E-1 3.49456E-1 4.08102E-1 1.66983E-1 5.8829E-1 5.35269E-1 5.27324E-1 4.83654E-1 4.2676E-1 3.64711E-1 3.5614E-1 5.2556E-1 4.98556E-1 5.16421E-1 5.21372E-1 4.4567E-1 4.86835E-1 4.52021E-1 4.47994E-1 3.70168E-1 5.6038E-1 3.86023E-1 3.89929E-1 3.22489E-1 3.59465E-1 4.84059E-1 6.46417E-1 6.57491E-1 4.95803E-1 5.16052E-1 5.30883E-1 5.44784E-1 5.1463E-1 3.0698E-1 5.36674E-1 4.75968E-1 4.78436E-1 4.55249E-1 5.75759E-1 5.28735E-1
4.34679E-1 4.0039E-1 5.97186E-1 5.85733E-1 6.63046E-1 6.95325E-1 6.45033E-1 5.35226E-1 6.11729E-1 5.98519E-1 4.84954E-1 4.56565E-1 4.23994E-1 4.0332E-1 3.83371E-1 4.26881E-1 4.1237E-1 3.56804E-1 3.24867E-1 3.32406E-1 3.44659E-1 3.84235E-1 3.94259E-1 6.07132E-1 6.0281E-1 4.89614E-1 4.82989E-1 4.63026E-1 4.31657E-1 4.3676E-1 5.34043E-1 5.08991E-1 5.34628E-1 4.64437E-1 5.69894E-1 4.63815E-1 5.11649E-1 5.28938E-1 4.27757E-1 6.07088E-1 5.82785E-1 4.19144E-1 4.3475E-1 3.95937E-1 4.03561E-1 5.00975E-1 5.35996E-1 6.45472E-1 6.31443E-1 6.62917E-1 5.18737E-1 5.05104E-1 5.63569E-1 3.30786E-1 5.70449E-1 5.00598E-1 5.20322E-1 4.85151E-1 5.00511E-1 4.37514E-1
5.81333E-1 6.04397E-1 6.20654E-1 6.02515E-1 7.03549E-1 6.64824E-1 5.45268E-1 4.81882E-1 5.33534E-1 5.99215E-1 5.99114E-1 5.22684E-1 4.99236E-1 4.92647E-1 4.58355E-1 4.86804E-1 4.20515E-1 3.95536E-1 4.09175E-1 4.01252E-1 2.70781E-1 3.08084E-1 4.48293E-1 4.73853E-1 4.94047E-1 3.734E-1 3.72433E-1 3.71119E-1 4.26237E-1 4.77611E-1 4.50272E-1 4.96836E-1 5.41718E-1 5.48615E-1 5.8438E-1 4.67051E-1 4.58906E-1 5.11341E-1 6.03448E-1 5.88089E-1 5.85045E-1 4.03642E-1 3.96615E-1 5.05695E-1 4.4171E-1 5.1169E-1 4.92125E-1 3.7513E-1 5.02049E-1 5.74384E-1 4.78445E-1 3.52425E-1 4.63362E-1 4.42735E-1 5.79719E-1 4.12908E-1 5.49752E-1 5.04613E-1 5.26509E-1 5.14594E-1
