Phytophthora/models/20240501_1439_25/Phytophthora_PA3_RUN10_MAXENT_outputs/Phytophthora_PA3_RUN10.asc
ncols         225
nrows         269
xllcorner     473000.0
yllcorner     4429100.0
cellsize      50.0
NODATA_value  -9999
[rows 189 to 215 of 269, columns 60 to 119 of 225]
5.70461E-1 5.90284E-1 5.93835E-1 6.01268E-1 6.80883E-1 5.46546E-1 4.7282E-1 4.33378E-1 4.46071E-1 5.98231E-1 3.98719E-1 5.89988E-1 6.07105E-1 5.87717E-1 5.27844E-1 5.32432E-1 4.74863E-1 4.59117E-1 4.85762E-1 1.98498E-1 3.12832E-1 3.33146E-1 3.38857E-1 3.42232E-1 5.61966E-1 4.72101E-1 4.58652E-1 3.84446E-1 3.6308E-1 4.38473E-1 4.32555E-1 5.02296E-1 5.68637E-1 5.85704E-1 6.19026E-1 5.45395E-1 3.30665E-1 2.33739E-1 3.96604E-1 5.88602E-1 1.95136E-1 4.0185E-1 4.35446E-1 5.45731E-1 4.80839E-1 3.51094E-1 4.78615E-1 3.20339E-1 3.83742E-1 4.05485E-1 4.3111E-1 4.52476E-1 6.14978E-1 6.56961E-1 5.99429E-1 4.43237E-1 5.89762E-1 5.31247E-1 5.24665E-1 5.00325E-1
5.55951E-1 5.95096E-1 5.91714E-1 6.27213E-1 6.61821E-1 5.2701E-1 4.74025E-1 4.56951E-1 4.68998E-1 5.8582E-1 7.18221E-1 7.13907E-1 6.77391E-1 6.60609E-1 5.7423E-1 5.80934E-1 5.05599E-1 4.98207E-1 3.67067E-1 3.71259E-1 3.43577E-1 3.51006E-1 3.65518E-1 3.28631E-1 4.29624E-1 4.13926E-1 4.02642E-1 3.84179E-1 4.10213E-1 4.65164E-1 4.62039E-1 5.04615E-1 5.55637E-1 5.55725E-1 2.19466E-1 4.26131E-1 4.26925E-1 3.48935E-1 3.2817E-1 3.85691E-1 3.7498E-1 2.12123E-1 4.94551E-1 5.06947E-1 4.99074E-1 5.25051E-1 4.80002E-1 5.22089E-1 4.18114E-1 3.05833E-1 3.38319E-1 3.38003E-1 4.60899E-1 5.22115E-1 2.23439E-1 5.80324E-1 6.15426E-1 5.11937E-1 5.19198E-1 4.74039E-1
5.56741E-1 5.7131E-1 5.80905E-1 6.54127E-1 6.45331E-1 6.29897E-1 6.03684E-1 5.87974E-1 5.7948E-1 6.32757E-1 4.54192E-1 6.48021E-1 6.19569E-1 6.7952E-1 4.34226E-1 5.67233E-1 4.05289E-1 4.1254E-1 4.8814E-1 4.3691E-1 3.84503E-1 3.99854E-1 4.16557E-1 3.95586E-1 4.2902E-1 4.47815E-1 4.49701E-1 3.87377E-1 5.62343E-1 5.35806E-1 4.99457E-1 5.57973E-1 5.96725E-1 2.64117E-1 5.16659E-1 4.6896E-1 3.68341E-1 3.80438E-1 4.18853E-1 4.51666E-1 4.17173E-1 4.3272E-1 3.53132E-1 4.83039E-1 4.85712E-1 5.40244E-1 4.05174E-1 3.64262E-1 2.07506E-1 3.30577E-1 2.50491E-1 2.67199E-1 3.56798E-1 4.04151E-1 4.12765E-1 2.54297E-1 5.34074E-1 4.07418E-1 4.59203E-1 4.55842E-1
5.8077E-1 5.43815E-1 6.03295E-1 3.08186E-1 3.32387E-1 3.95408E-1 3.84078E-1 4.37794E-1 5.69221E-1 6.42669E-1 3.49371E-1 6.26513E-1 5.40884E-1 5.1796E-1 5.68877E-1 6.25783E-1 4.13281E-1 4.57741E-1 4.76863E-1 4.4398E-1 3.77824E-1 3.78046E-1 3.9272E-1 3.91854E-1 4.1084E-1 3.71142E-1 3.91514E-1 3.31086E-1 5.69741E-1 4.73901E-1 5.13019E-1 4.95056E-1 4.98384E-1 5.24125E-1 1.9775E-1 1.90007E-1 4.36233E-1 3.11545E-1 3.56827E-1 4.087E-1 4.21769E-1 4.25941E-1 4.49439E-1 3.59979E-1 3.22039E-1 5.09314E-1 3.97146E-1 3.47924E-1 2.86709E-1 3.08972E-1 2.45369E-1 2.58501E-1 2.80699E-1 3.29422E-1 3.78762E-1 1.47678E-1 5.1428E-1 4.67267E-1 4.6379E-1 3.85117E-1
6.04556E-1 5.6286E-1 5.93771E-1 4.86253E-1 3.32033E-1 3.34608E-1 6.77472E-1 7.63812E-1 7.49292E-1 3.7756E-1 3.94695E-1 7.2635E-1 6.39517E-1 5.62686E-1 6.56969E-1 6.47508E-1 4.01427E-1 6.91036E-1 4.69603E-1 4.51364E-1 3.7057E-1 4.56705E-1 5.27189E-1 4.78324E-1 4.85096E-1 4.57193E-1 4.51039E-1 3.77177E-1 5.62413E-1 4.67036E-1 5.21024E-1 5.05647E-1 4.74895E-1 5.54886E-1 1.94223E-1 2.32932E-1 4.22032E-1 4.03925E-1 4.00306E-1 3.73124E-1 3.62809E-1 3.57884E-1 3.27438E-1 3.91736E-1 3.94406E-1 2.40531E-1 3.79087E-1 3.12825E-1 2.62198E-1 2.44781E-1 2.68142E-1 3.02506E-1 3.6823E-1 3.75417E-1 4.41342E-1 4.64293E-1 6.00014E-1 5.37539E-1 4.36356E-1 3.70943E-1
6.42577E-1 4.44573E-1 5.53879E-1 3.68129E-1 3.68367E-1 5.5712E-1 7.1548E-1 6.73099E-1 6.98663E-1 7.37303E-1 5.51352E-1 6.09061E-1 6.70468E-1 6.30469E-1 5.08973E-1 5.11651E-1 6.10546E-1 6.31005E-1 4.50287E-1 4.70587E-1 4.55723E-1 5.23109E-1 4.85563E-1 6.18004E-1 5.92978E-1 5.56561E-1 4.94121E-1 5.35763E-1 6.05845E-1 5.75432E-1 4.94896E-1 4.64157E-1 4.19388E-1 4.48063E-1 2.16766E-1 3.38356E-1 3.12587E-1 3.28305E-1 3.45137E-1 3.29415E-1 3.28039E-1 3.00969E-1 3.12618E-1 3.36227E-1 3.75276E-1 2.94215E-1 3.85148E-1 2.8045E-1 2.86556E-1 3.0025E-1 3.30671E-1 3.64053E-1 3.83739E-1 4.29476E-1 4.33638E-1 4.48044E-1 3.68912E-1 5.04422E-1 4.47384E-1 3.76813E-1
5.91453E-1 4.98424E-1 3.83318E-1 3.89313E-1 3.91843E-1 6.28217E-1 6.32441E-1 6.48283E-1 6.68758E-1 5.49547E-1 4.48559E-1 5.17122E-1 5.3999E-1 5.32006E-1 5.15227E-1 5.18016E-1 4.96232E-1 4.16741E-1 4.34373E-1 3.07812E-1 4.70051E-1 4.79378E-1 5.89949E-1 6.44789E-1 6.01958E-1 5.64266E-1 5.21073E-1 5.58756E-1 5.64841E-1 5.41673E-1 4.86635E-1 4.39759E-1 4.02409E-1 4.02482E-1 1.57121E-1 2.95364E-1 2.91027E-1 3.15996E-1 3.4571E-1 2.97395E-1 3.19845E-1 2.96493E-1 3.02573E-1 3.19995E-1 1.7257E-1 1.18903E-1 2.57805E-1 3.32461E-1 3.32676E-1 3.67209E-1 4.22649E-1 4.46644E-1 4.67103E-1 4.50806E-1 4.38746E-1 4.46245E-1 2.95253E-1 4.57553E-1 4.57999E-1 4.15987E-1
4.38892E-1 4.95742E-1 4.91143E-1 4.55751E-1 4.86511E-1 6.95265E-1 7.53378E-1 6.23281E-1 6.14604E-1 5.62913E-1 5.56759E-1 5.42955E-1 5.31174E-1 5.0703E-1 5.16462E-1 4.78881E-1 3.27072E-1 5.05445E-1 5.5409E-1 5.74947E-1 6.19654E-1 5.79052E-1 5.75046E-1 6.23267E-1 6.08641E-1 7.15101E-1 5.59983E-1 5.73249E-1 4.80682E-1 4.50797E-1 4.35494E-1 4.5064E-1 3.96234E-1 4.00501E-1 1.68013E-1 2.41305E-1 2.58692E-1 2.94668E-1 3.54855E-1 3.04116E-1 2.18001E-1 2.03345E-1 2.12648E-1 1.51799E-1 1.90748E-1 1.23619E-1 3.05207E-1 3.5268E-1 3.69738E-1 4.16436E-1 5.03266E-1 5.13237E-1 4.97984E-1 4.5574E-1 2.75194E-1 3.76971E-1 3.63262E-1 2.28301E-1 4.25875E-1 3.94646E-1
1.96286E-1 6.00642E-1 5.49441E-1 5.31866E-1 6.41554E-1 7.07208E-1 5.99874E-1 7.22495E-1 7.41865E-1 7.07374E-1 7.03147E-1 6.25472E-1 4.60918E-1 4.43317E-1 4.43706E-1 4.1972E-1 6.14902E-1 6.36917E-1 6.20354E-1 6.19106E-1 5.60685E-1 5.608E-1 5.34535E-1 6.19977E-1 6.59975E-1 4.50541E-1 3.92973E-1 4.07755E-1 4.39348E-1 5.39683E-1 4.59714E-1 4.0867E-1 3.89779E-1 3.83701E-1 2.61008E-1 2.22719E-1 2.00253E-1 2.3427E-1 2.79651E-1 3.34931E-1 1.09057E-1 2.00911E-1 2.02115E-1 2.24756E-1 1.96138E-1 2.5648E-1 3.82944E-1 3.79188E-1 4.57853E-1 4.67581E-1 5.44168E-1 5.77123E-1 5.62069E-1 3.74202E-1 4.44763E-1 2.77516E-1 2.53672E-1 2.56539E-1 1.4003E-1 3.99578E-1
6.75547E-1 6.69191E-1 7.13682E-1 6.41268E-1 6.06086E-1 7.44436E-1 6.28683E-1 6.99854E-1 5.83075E-1 5.66127E-1 5.07643E-1 4.43279E-1 4.0665E-1 4.5643E-1 4.60571E-1 6.47509E-1 6.34958E-1 6.84064E-1 6.26584E-1 5.74021E-1 5.37701E-1 5.60118E-1 5.09521E-1 3.26606E-1 3.98331E-1 3.49267E-1 2.98867E-1 2.97163E-1 4.70242E-1 4.40103E-1 3.98156E-1 3.8153E-1 3.74041E-1 3.55671E-1 2.95197E-1 2.0055E-1 1.93076E-1 2.0946E-1 2.30978E-1 2.26391E-1 1.95599E-1 2.63145E-1 7.44023E-2 2.09132E-1 2.32401E-1 3.01778E-1 3.4897E-1 3.98717E-1 4.73834E-1 4.72847E-1 3.81563E-1 4.50273E-1 4.45079E-1 4.60917E-1 4.81333E-1 3.68853E-1 2.80397E-1 2.75921E-1 2.94234E-1 1.33425E-1
5.69128E-1 5.59564E-1 5.86683E-1 5.90302E-1 5.12402E-1 4.50782E-1 5.26751E-1 5.10828E-1 4.66309E-1 4.09314E-1 3.72935E-1 3.40717E-1 3.56759E-1 5.37102E-1 6.55561E-1 6.24581E-1 6.65681E-1 7.03822E-1 6.6957E-1 5.85814E-1 5.26093E-1 5.30362E-1 6.30733E-1 5.17555E-1 3.84201E-1 3.18867E-1 3.66597E-1 4.33503E-1 4.07156E-1 4.00334E-1 3.8567E-1 4.11383E-1 3.99959E-1 2.98266E-1 2.40221E-1 1.74897E-1 1.73828E-1 1.74061E-1 1.9574E-1 1.83939E-1 1.66379E-1 2.16093E-1 1.48077E-1 2.7239E-1 2.54379E-1 3.12809E-1 3.576E-1 4.19195E-1 5.12938E-1 4.9068E-1 4.32484E-1 4.72299E-1 2.46134E-1 4.96233E-1 4.41802E-1 2.97073E-1 2.26159E-1 3.57182E-1 3.01831E-1 4.13072E-1
5.16027E-1 5.27816E-1 4.78182E-1 6.99799E-1 5.20683E-1 4.92739E-1 4.86374E-1 4.63677E-1 4.51517E-1 4.04464E-1 3.61629E-1 3.56608E-1 5.77299E-1 5.87598E-1 6.81237E-1 5.44896E-1 6.60596E-1 7.0275E-1 7.20911E-1 6.83725E-1 6.24058E-1 4.7337E-1 4.85205E-1 2.96587E-1 2.62712E-1 2.53389E-1 4.12239E-1 4.05776E-1 4.29638E-1 3.80933E-1 2.89203E-1 3.07788E-1 2.46531E-1 3.24693E-1 2.29831E-1 1.65089E-1 1.50264E-1 1.43307E-1 1.60574E-1 1.48354E-1 1.32535E-1 1.77726E-1 3.18234E-1 2.4432E-1 2.70028E-1 3.17198E-1 3.76202E-1 4.54476E-1 5.52946E-1 5.07379E-1 4.39652E-1 4.4192E-1 1.36246E-1 4.45148E-1 3.15886E-1 1.95661E-1 1.44562E-1 2.97603E-1 2.36786E-1 3.02193E-1
5.0046E-1 4.8477E-1 3.60968E-1 5.1282E-1 4.59581E-1 4.67723E-1 4.6813E-1 4.14089E-1 3.91598E-1 3.17307E-1 2.33585E-1 4.3857E-1 3.90942E-1 5.34984E-1 5.65859E-1 5.4356E-1 5.66728E-1 6.11331E-1 6.07312E-1 5.73269E-1 2.37444E-1 2.79125E-1 1.82401E-1 1.53961E-1 1.96031E-1 4.17061E-1 3.87093E-1 4.23215E-1 4.46468E-1 3.87086E-1 3.47618E-1 3.19349E-1 2.83032E-1 3.17212E-1 2.0805E-1 1.70853E-1 1.53766E-1 1.42525E-1 1.64088E-1 1.51467E-1 1.90422E-1 2.36846E-1 4.31662E-1 3.011E-1 3.58382E-1 4.04888E-1 4.93527E-1 6.34234E-1 5.59249E-1 5.31573E-1 4.69175E-1 4.91766E-1 2.25269E-1 4.34964E-1 3.19797E-1 2.02628E-1 1.44889E-1 3.04181E-1 2.35777E-1 2.832E-1
4.50297E-1 3.12697E-1 4.45801E-1 4.20224E-1 3.96866E-1 3.98866E-1 4.54606E-1 4.73536E-1 4.46401E-1 3.62367E-1 3.89586E-1 4.90613E-1 4.77809E-1 5.26137E-1 6.09819E-1 5.89133E-1 6.05123E-1 6.32643E-1 6.32756E-1 6.22302E-1 5.46614E-1 3.0483E-1 2.38586E-1 2.43198E-1 2.77325E-1 4.24834E-1 4.60572E-1 5.08E-1 5.44579E-1 4.55117E-1 3.67984E-1 3.23333E-1 2.87845E-1 2.76368E-1 3.79172E-1 1.34148E-1 2.2755E-1 1.68542E-1 2.08984E-1 1.94696E-1 2.13863E-1 2.63296E-1 3.16899E-1 3.67333E-1 2.7934E-1 4.6739E-1 6.21287E-1 6.85325E-1 5.45502E-1 5.03071E-1 4.55227E-1 4.91929E-1 5.60084E-1 4.38346E-1 3.9928E-1 2.61597E-1 2.58749E-1 2.68343E-1 2.46925E-1 2.46053E-1
5.82265E-1 5.5085E-1 5.35919E-1 4.90553E-1 4.66248E-1 5.04713E-1 5.14487E-1 5.41685E-1 4.95768E-1 4.87866E-1 4.54428E-1 4.86774E-1 5.30455E-1 5.7591E-1 6.1952E-1 5.99346E-1 6.3737E-1 6.52091E-1 6.34262E-1 6.30979E-1 5.34761E-1 3.35707E-1 2.92332E-1 3.23535E-1 4.21107E-1 4.79819E-1 5.03783E-1 6.02155E-1 6.44399E-1 5.36817E-1 4.46583E-1 3.7683E-1 3.25834E-1 2.89745E-1 2.69889E-1 2.80682E-1 2.86529E-1 3.10747E-1 2.22634E-1 2.59702E-1 2.34584E-1 2.81219E-1 3.29004E-1 4.33488E-1 2.85367E-1 5.69512E-1 7.00291E-1 7.06015E-1 5.76075E-1 5.61454E-1 4.60206E-1 5.41291E-1 6.18721E-1 4.7747E-1 4.77237E-1 3.41252E-1 2.9271E-1 2.43088E-1 2.10174E-1 2.27067E-1
6.56618E-1 6.52831E-1 6.36372E-1 5.88484E-1 5.72853E-1 5.47329E-1 5.29362E-1 5.03297E-1 4.94009E-1 5.24306E-1 4.87878E-1 5.25287E-1 5.7295E-1 5.72111E-1 5.56111E-1 5.89946E-1 6.3372E-1 6.3245E-1 6.40492E-1 2.38016E-1 3.92955E-1 3.4703E-1 3.0034E-1 3.75892E-1 4.37138E-1 4.85086E-1 5.32678E-1 6.34639E-1 7.35856E-1 6.69191E-1 5.29299E-1 4.21645E-1 3.61655E-1 3.35963E-1 3.16713E-1 2.76974E-1 2.97395E-1 2.75421E-1 1.66716E-1 3.18523E-1 2.87984E-1 2.99631E-1 3.47575E-1 4.20289E-1 2.85772E-1 6.78338E-1 7.27179E-1 6.55475E-1 5.73171E-1 5.85503E-1 5.06741E-1 6.5551E-1 6.26697E-1 4.97064E-1 4.90669E-1 3.65059E-1 3.17888E-1 2.6892E-1 2.29871E-1 2.02932E-1
6.39856E-1 6.98365E-1 6.39413E-1 5.87225E-1 5.28672E-1 5.50276E-1 5.45567E-1 4.95039E-1 5.4066E-1 5.69088E-1 5.24997E-1 5.66163E-1 5.89659E-1 5.74281E-1 6.03773E-1 6.08501E-1 6.48742E-1 6.26218E-1 6.25652E-1 3.00592E-1 4.09905E-1 3.10956E-1 2.90859E-1 3.95938E-1 4.75368E-1 5.25152E-1 5.49985E-1 5.65364E-1 7.13022E-1 7.37524E-1 6.59463E-1 4.74153E-1 4.20932E-1 3.8927E-1 3.57465E-1 3.15265E-1 3.12752E-1 3.02446E-1 2.98119E-1 3.34757E-1 3.87129E-1 3.17666E-1 3.48299E-1 4.17707E-1 4.43928E-1 6.10438E-1 6.6877E-1 5.515E-1 4.21234E-1 5.88404E-1 5.96602E-1 3.73935E-1 4.0512E-1 5.15102E-1 5.11812E-1 3.78274E-1 3.4219E-1 3.06137E-1 2.68678E-1 2.37844E-1
4.98629E-1 5.90383E-1 5.18231E-1 4.79008E-1 4.43483E-1 4.92051E-1 5.16632E-1 4.73055E-1 5.14478E-1 5.50401E-1 5.04664E-1 5.4555E-1 5.62101E-1 5.70613E-1 5.83202E-1 5.76015E-1 5.90518E-1 5.70338E-1 5.58587E-1 3.29475E-1 3.43692E-1 2.91827E-1 3.52731E-1 4.06331E-1 4.83928E-1 5.11602E-1 5.35778E-1 5.35259E-1 5.87684E-1 7.24853E-1 7.33712E-1 6.08786E-1 5.39696E-1 4.93548E-1 4.54476E-1 3.2382E-1 3.11684E-1 3.10467E-1 3.47219E-1 1.83949E-1 3.37193E-1 3.63843E-1 3.09479E-1 3.49952E-1 3.97722E-1 3.01627E-1 5.05369E-1 5.91655E-1 5.54069E-1 5.84975E-1 6.56222E-1 3.85065E-1 4.38724E-1 5.54411E-1 5.61304E-1 4.85745E-1 4.50896E-1 4.08861E-1 3.54649E-1 3.0654E-1
5.0166E-1 6.37532E-1 5.63712E-1 5.16021E-1 5.00039E-1 5.74229E-1 5.57652E-1 5.25355E-1 5.47788E-1 5.93154E-1 5.16444E-1 5.46619E-1 5.41869E-1 5.58997E-1 5.67581E-1 5.54629E-1 5.77673E-1 5.56898E-1 5.81126E-1 3.81857E-1 3.6984E-1 3.35718E-1 3.85573E-1 4.41096E-1 4.83105E-1 5.33387E-1 5.5713E-1 5.63894E-1 5.64547E-1 6.13866E-1 7.45311E-1 4.44766E-1 4.10387E-1 5.28616E-1 2.61872E-1 3.36071E-1 4.75284E-1 4.31262E-1 3.83092E-1 3.29546E-1 2.46546E-1 3.58851E-1 2.97775E-1 3.54183E-1 3.99244E-1 5.22437E-1 5.24428E-1 5.56477E-1 5.52814E-1 5.61622E-1 6.43701E-1 4.99407E-1 6.01497E-1 6.04727E-1 6.27807E-1 2.78757E-1 1.37747E-1 3.36165E-1 2.49413E-1 7.35889E-2
7.43035E-1 4.50842E-1 6.17241E-1 5.7426E-1 5.60723E-1 6.31066E-1 6.02793E-1 5.84055E-1 5.78159E-1 5.77069E-1 5.06612E-1 5.1699E-1 5.0072E-1 5.23331E-1 5.28767E-1 5.1468E-1 5.19914E-1 4.87683E-1 4.69009E-1 4.69215E-1 3.48839E-1 3.62981E-1 3.96197E-1 4.58875E-1 4.42195E-1 5.40058E-1 5.72452E-1 5.98136E-1 5.80096E-1 5.22956E-1 5.6826E-1 5.02152E-1 5.35432E-1 5.82137E-1 4.91723E-1 3.87433E-1 3.27321E-1 3.07992E-1 2.75556E-1 2.49852E-1 2.41846E-1 2.90101E-1 3.68505E-1 1.7883E-1 1.10332E-1 2.92387E-1 3.92513E-1 5.171E-1 5.30029E-1 5.78339E-1 4.42744E-1 5.06084E-1 5.67701E-1 5.42287E-1 5.74688E-1 3.05045E-1 3.00173E-1 2.44874E-1 1.93927E-1 2.05658E-1
5.49259E-1 6.46625E-1 6.31317E-1 4.24772E-1 6.44032E-1 6.26877E-1 3.70128E-1 3.75598E-1 4.87917E-1 5.18501E-1 3.76869E-1 3.80589E-1 4.54599E-1 4.8951E-1 5.03277E-1 4.49047E-1 5.35395E-1 3.9543E-1 3.83977E-1 3.16547E-1 8.82813E-2 3.79707E-1 4.51729E-1 4.21974E-1 4.08747E-1 5.65658E-1 5.77196E-1 5.81068E-1 6.59505E-1 5.103E-1 4.47381E-1 4.493E-1 4.44842E-1 4.93594E-1 5.05336E-1 3.6629E-1 3.02625E-1 2.9519E-1 2.60462E-1 2.7494E-1 2.61474E-1 2.66157E-1 2.3628E-1 2.19565E-1 2.18683E-1 3.75268E-1 6.23608E-1 5.33462E-1 5.84837E-1 5.95893E-1 4.81939E-1 3.8528E-1 3.27557E-1 3.15953E-1 3.59118E-1 2.0407E-1 3.04577E-1 2.55904E-1 2.3361E-1 1.94704E-1
5.42557E-1 6.02272E-1 6.26608E-1 6.53743E-1 3.4416E-1 7.2918E-1 4.22284E-1 2.67535E-1 2.10064E-1 2.29742E-1 2.02647E-1 4.22578E-1 4.01261E-1 2.09127E-1 4.79523E-1 3.86055E-1 5.19117E-1 3.87377E-1 3.29356E-1 2.90018E-1 2.39461E-1 3.87874E-1 3.58893E-1 3.14634E-1 4.02365E-1 6.02523E-1 5.27281E-1 6.2274E-1 5.7523E-1 5.30703E-1 4.16734E-1 6.01154E-1 4.89805E-1 5.10342E-1 4.53015E-1 3.52611E-1 3.08238E-1 3.03233E-1 2.81738E-1 3.11229E-1 2.99053E-1 3.0572E-1 2.91625E-1 2.67494E-1 2.92051E-1 4.06254E-1 4.50134E-1 5.04154E-1 4.60643E-1 5.45266E-1 4.36109E-1 3.69759E-1 3.02649E-1 2.67154E-1 2.44161E-1 2.51726E-1 3.41095E-1 2.78245E-1 2.45519E-1 2.07505E-1
4.96247E-1 5.57988E-1 5.88174E-1 5.70431E-1 4.55907E-1 3.82574E-1 2.77121E-1 2.11687E-1 1.44403E-1 1.33197E-1 1.88311E-1 2.83983E-1 2.70791E-1 3.02042E-1 3.19456E-1 2.19785E-1 2.99232E-1 2.8342E-1 1.90296E-1 1.73381E-1 1.47353E-1 8.22123E-2 1.99121E-1 2.29781E-1 2.70304E-1 4.6123E-1 4.87717E-1 5.08737E-1 4.07679E-1 4.18294E-1 4.03449E-1 4.94982E-1 4.51494E-1 3.36536E-1 4.44156E-1 3.84203E-1 3.59735E-1 3.25048E-1 3.1978E-1 3.55217E-1 4.08524E-1 3.92778E-1 3.7145E-1 3.33455E-1 3.00098E-1 2.79349E-1 3.26112E-1 5.63631E-1 7.5364E-1 4.69475E-1 3.24166E-1 2.75882E-1 2.22873E-1 1.96178E-1 1.91161E-1 4.554E-1 3.33498E-1 2.56852E-1 2.50532E-1 2.74286E-1
4.27039E-1 6.03387E-1 6.05921E-1 5.67585E-1 4.59073E-1 4.10346E-1 2.82676E-1 2.06609E-1 1.88481E-1 1.73409E-1 1.90014E-1 2.05938E-1 2.35525E-1 2.36429E-1 3.54889E-1 2.90912E-1 2.07741E-1 1.40445E-1 1.87152E-1 2.0635E-1 1.66028E-1 1.08039E-1 2.23205E-1 2.36393E-1 2.72712E-1 4.82481E-1 4.86115E-1 3.87754E-1 3.96792E-1 3.97805E-1 3.85404E-1 4.21491E-1 4.55467E-1 4.61439E-1 3.28925E-1 3.96448E-1 4.00697E-1 4.08735E-1 4.10246E-1 4.27051E-1 4.7207E-1 4.59659E-1 1.96695E-1 3.44284E-1 2.63918E-1 3.26338E-1 4.87349E-1 6.80641E-1 5.92302E-1 4.07782E-1 3.40351E-1 3.21979E-1 2.31386E-1 1.82197E-1 2.11771E-1 4.00493E-1 4.21313E-1 2.74379E-1 2.57582E-1 2.41276E-1
5.41532E-1 5.84023E-1 5.8509E-1 5.89868E-1 2.60958E-1 3.58536E-1 2.39679E-1 2.05262E-1 2.03383E-1 1.65656E-1 1.80779E-1 1.87796E-1 1.87386E-1 2.03763E-1 2.01557E-1 2.82371E-1 1.52061E-1 7.88277E-2 2.24413E-1 2.42582E-1 2.01262E-1 1.67E-1 2.17576E-1 2.92319E-1 3.16963E-1 5.52117E-1 5.47464E-1 4.24411E-1 3.77934E-1 3.793E-1 4.12839E-1 4.39214E-1 4.53444E-1 4.69169E-1 5.00351E-1 3.53497E-1 4.43524E-1 4.42683E-1 4.32795E-1 4.61111E-1 5.59192E-1 4.23233E-1 4.53697E-1 3.19164E-1 2.53341E-1 3.35893E-1 4.659E-1 5.96601E-1 2.84341E-1 4.35669E-1 3.74269E-1 2.943E-1 3.8758E-1 3.52154E-1 3.07347E-1 3.80887E-1 4.80576E-1 2.90839E-1 2.74535E-1 2.71071E-1
5.66803E-1 5.82933E-1 5.6043E-1 6.14953E-1 3.84558E-1 3.18185E-1 2.45379E-1 2.27523E-1 1.95744E-1 1.72145E-1 1.75758E-1 1.80558E-1 1.7693E-1 1.87552E-1 1.99691E-1 2.47031E-1 1.5474E-1 1.07202E-1 2.70147E-1 2.6519E-1 2.44658E-1 1.59189E-1 3.05633E-1 3.49111E-1 3.74899E-1 6.14721E-1 6.04577E-1 4.68952E-1 4.17155E-1 4.05599E-1 4.12547E-1 4.17535E-1 4.39638E-1 4.44682E-1 4.83743E-1 4.88641E-1 3.10689E-1 3.14351E-1 3.04007E-1 3.44129E-1 3.9782E-1 5.3396E-1 3.13179E-1 2.33726E-1 3.19933E-1 3.86157E-1 4.69131E-1 5.77801E-1 6.72964E-1 5.39591E-1 4.62588E-1 3.12124E-1 4.31171E-1 4.02307E-1 4.04541E-1 4.16498E-1 3.08672E-1 4.39398E-1 3.86605E-1 3.44754E-1
5.5084E-1 6.59181E-1 6.42804E-1 5.96585E-1 1.89607E-1 2.67513E-1 2.42346E-1 2.1414E-1 2.01813E-1 1.75501E-1 1.61626E-1 1.76947E-1 1.80326E-1 1.86634E-1 1.82034E-1 7.98415E-2 1.925E-1 2.05592E-1 2.82206E-1 2.87165E-1 2.85822E-1 1.3001E-1 3.5548E-1 4.20498E-1 4.58688E-1 6.72148E-1 6.6147E-1 5.00759E-1 4.86427E-1 4.96883E-1 4.64808E-1 4.04016E-1 3.4251E-1 4.08341E-1 4.70232E-1 4.50649E-1 4.12431E-1 3.97774E-1 3.87734E-1 3.90268E-1 3.64081E-1 2.50043E-1 3.16512E-1 4.57026E-1 4.50706E-1 4.33715E-1 5.1193E-1 2.88702E-1 7.52411E-1 6.06381E-1 5.20563E-1 4.36046E-1 4.65277E-1 4.22119E-1 4.59206E-1 5.04871E-1 4.41204E-1 2.74956E-1 4.4357E-1 4.3839E-1
