Phytophthora/models/20240501_1439_25/Phytophthora_PA3_RUN10_MAXENT_outputs/Phytophthora_PA3_RUN10.asc
ncols         225
nrows         269
xllcorner     473000.0
yllcorner     4429100.0
cellsize      50.0
NODATA_value  -9999
[rows 81 to 107 of 269, columns 0 to 59 of 225]
-9999 -9999 -9999 -9999 -9999 -9999 -9999 -9999 -9999 -9999 -9999 -9999 -9999 -9999 -9999 -9999 -9999 -9999 -9999 -9999 -9999 -9999 -9999 -9999 -9999 -9999 -9999 -9999 -9999 -9999 -9999 -9999 2.5407E-3 2.41105E-3 3.07861E-3 4.29241E-3 6.12685E-3 9.47935E-3 1.04982E-2 1.24346E-2 1.42992E-2 1.36402E-2 1.5887E-2 1.53668E-2 1.62663E-2 1.79982E-2 1.94366E-2 1.83256E-2 1.61932E-2 2.64687E-2 2.40317E-2 2.98268E-2 2.55761E-2 2.51259E-2 1.50252E-2 3.80947E-2 3.26393E-2 2.17596E-2 4.59672E-2 2.58478E-2
-9999 -9999 -9999 -9999 -9999 -9999 -9999 -9999 -9999 -9999 -9999 -9999 -9999 -9999 -9999 -9999 -9999 -9999 -9999 -9999 -9999 -9999 -9999 -9999 -9999 -9999 -9999 -9999 -9999 -9999 -9999 -9999 3.42469E-3 4.08906E-3 4.11435E-3 4.93686E-3 6.86115E-3 8.98289E-3 8.83299E-3 1.05333E-2 8.58042E-3 1.06154E-2 1.30997E-2 2.26319E-2 2.15239E-2 2.04837E-2 2.40676E-2 2.48102E-2 2.37479E-2 2.25163E-2 3.14749E-2 3.51957E-2 3.55937E-2 3.76933E-2 3.43561E-2 3.55118E-2 2.39541E-2 3.23602E-2 3.39546E-2 3.98524E-2
-9999 -9999 -9999 -9999 -9999 -9999 -9999 -9999 -9999 -9999 -9999 -9999 -9999 -9999 -9999 -9999 -9999 -9999 -9999 -9999 -9999 -9999 -9999 -9999 -9999 -9999 -9999 -9999 -9999 -9999 -9999 -9999 4.85647E-3 6.02786E-3 4.62322E-3 5.70645E-3 6.07173E-3 8.63871E-3 8.57807E-3 9.74605E-3 8.93773E-3 7.46665E-3 1.00929E-2 2.22441E-2 1.97232E-2 2.27918E-2 2.34544E-2 3.03595E-2 2.39652E-2 2.3965E-2 2.46773E-2 3.25957E-2 3.75372E-2 3.83445E-2 4.28426E-2 5.89798E-2 2.35584E-2 3.87986E-2 2.85586E-2 3.28101E-2
-9999 -9999 -9999 -9999 -9999 -9999 -9999 -9999 -9999 -9999 -9999 -9999 -9999 -9999 -9999 -9999 -9999 -9999 -9999 -9999 -9999 -9999 -9999 -9999 -9999 -9999 -9999 -9999 -9999 -9999 -9999 -9999 -9999 6.64766E-3 7.1504E-3 1.1676E-2 9.54107E-3 1.06192E-2 9.40899E-3 1.09007E-2 1.25727E-2 1.41931E-2 2.22254E-2 2.49246E-2 1.89224E-2 2.0073E-2 2.44098E-2 3.62726E-2 3.28565E-2 3.00796E-2 2.24032E-2 2.68634E-2 3.12155E-2 4.12776E-2 4.53513E-2 6.51267E-2 4.41649E-2 5.65207E-2 2.93053E-2 3.30817E-2
-9999 -9999 -9999 -9999 -9999 -9999 -9999 -9999 -9999 -9999 -9999 -9999 -9999 -9999 -9999 -9999 -9999 -9999 -9999 -9999 -9999 -9999 -9999 -9999 -9999 -9999 -9999 -9999 -9999 -9999 -9999 -9999 -9999 8.51141E-3 1.18257E-2 1.96519E-2 2.3367E-2 1.82535E-2 1.47005E-2 1.52966E-2 1.9962E-2 2.06896E-2 2.42973E-2 2.45158E-2 2.27318E-2 1.17206E-2 2.45291E-2 2.97336E-2 3.97249E-2 3.97617E-2 1.93511E-2 2.56614E-2 2.67306E-2 3.74429E-2 4.66374E-2 6.67568E-2 3.96872E-2 2.98504E-2 3.22429E-2 3.5572E-2
-9999 -9999 -9999 -9999 -9999 -9999 -9999 -9999 -9999 -9999 -9999 -9999 -9999 -9999 -9999 -9999 -9999 -9999 -9999 -9999 -9999 -9999 -9999 -9999 -9999 -9999 -9999 -9999 -9999 -9999 -9999 -9999 -9999 -9999 3.70188E-2 2.14831E-2 1.63434E-2 1.50876E-2 1.2628E-2 1.72275E-2 2.25891E-2 1.84582E-2 1.95405E-2 2.14546E-2 2.62245E-2 2.44847E-2 2.34156E-2 2.24904E-2 3.85516E-2 4.62172E-2 3.02541E-2 1.66044E-2 2.65239E-2 3.35634E-2 4.73148E-2 3.78447E-2 1.94769E-2 2.29722E-2 2.68997E-2 2.8198E-2
-9999 -9999 -9999 -9999 -9999 -9999 -9999 -9999 -9999 -9999 -9999 -9999 -9999 -9999 -9999 -9999 -9999 -9999 -9999 -9999 -9999 -9999 -9999 -9999 -9999 -9999 -9999 -9999 -9999 -9999 -9999 -9999 -9999 -9999 2.08031E-2 1.63713E-2 1.60518E-2 1.29806E-2 2.37329E-2 2.51428E-2 2.18488E-2 2.1974E-2 2.22246E-2 2.31101E-2 3.17641E-2 2.75302E-2 1.45228E-2 2.21264E-2 2.56912E-2 4.93584E-2 2.87574E-2 3.01762E-2 1.64175E-2 2.91137E-2 4.96969E-2 5.19112E-2 3.64428E-2 2.34562E-2 3.1579E-2 3.36159E-2
-9999 -9999 -9999 -9999 -9999 -9999 -9999 -9999 -9999 -9999 -9999 -9999 -9999 -9999 -9999 -9999 -9999 -9999 -9999 -9999 -9999 -9999 -9999 -9999 -9999 -9999 -9999 -9999 -9999 -9999 -9999 -9999 -9999 -9999 2.30608E-2 1.81958E-2 1.65924E-2 2.2623E-2 2.43845E-2 2.83535E-2 2.67474E-2 2.59819E-2 3.18318E-2 3.04642E-2 3.94012E-2 2.8393E-2 2.22038E-2 2.47005E-2 2.39134E-2 2.01195E-2 2.76716E-2 2.24317E-2 2.4887E-2 2.5525E-2 3.5864E-2 5.31489E-2 5.4867E-2 4.37985E-2 3.27915E-2 3.52722E-2
-9999 -9999 -9999 -9999 -9999 -9999 -9999 -9999 -9999 -9999 -9999 -9999 -9999 -9999 -9999 -9999 -9999 -9999 -9999 -9999 -9999 -9999 -9999 -9999 -9999 -9999 -9999 -9999 -9999 -9999 -9999 -9999 -9999 -9999 2.32657E-2 2.16707E-2 2.47937E-2 2.40826E-2 2.82015E-2 3.04137E-2 3.00393E-2 2.27742E-2 3.28516E-2 4.03308E-2 4.95411E-2 1.44756E-2 2.30407E-2 2.46749E-2 2.3092E-2 1.79688E-2 1.9988E-2 2.2518E-2 2.89831E-2 3.13354E-2 4.71658E-2 5.48781E-2 4.42637E-2 2.38925E-2 2.54796E-2 3.08141E-2
-9999 -9999 -9999 -9999 -9999 -9999 -9999 -9999 -9999 -9999 -9999 -9999 -9999 -9999 -9999 -9999 -9999 -9999 -9999 -9999 -9999 -9999 -9999 -9999 -9999 -9999 -9999 -9999 -9999 -9999 -9999 -9999 -9999 -9999 2.53079E-2 2.39601E-2 2.86814E-2 3.08286E-2 2.98434E-2 2.88834E-2 3.80134E-2 2.80288E-2 3.65133E-2 4.76061E-2 6.54079E-2 2.476E-2 2.85178E-2 2.40635E-2 1.93102E-2 1.71576E-2 1.75444E-2 2.0157E-2 2.46341E-2 3.04722E-2 4.21573E-2 5.66709E-2 5.80943E-2 3.50626E-2 2.4213E-2 2.65328E-2
-9999 -9999 -9999 -9999 -9999 -9999 -9999 -9999 -9999 -9999 -9999 -9999 -9999 -9999 -9999 -9999 -9999 -9999 -9999 -9999 -9999 -9999 -9999 -9999 -9999 -9999 -9999 -9999 -9999 -9999 -9999 -9999 -9999 1.73977E-2 2.27918E-2 2.46684E-2 3.5873E-2 3.32237E-2 2.93577E-2 2.98371E-2 3.45159E-2 4.80693E-2 4.06329E-2 5.40616E-2 6.08983E-2 2.80846E-2 3.51582E-2 2.85639E-2 2.15173E-2 1.75109E-2 1.48039E-2 1.47754E-2 1.92281E-2 2.67328E-2 3.80033E-2 4.87324E-2 5.07448E-2 2.83211E-2 2.50662E-2 2.48612E-2
-9999 -9999 -9999 -9999 -9999 -9999 -9999 -9999 -9999 -9999 -9999 -9999 -9999 -9999 -9999 -9999 -9999 -9999 -9999 -9999 -9999 -9999 1.56364E-2 1.64858E-2 -9999 -9999 -9999 -9999 -9999 -9999 1.60859E-2 1.78105E-2 1.91351E-2 2.16629E-2 2.5952E-2 2.40518E-2 3.16027E-2 2.72815E-2 2.57052E-2 3.28181E-2 3.65678E-2 5.07292E-2 5.66648E-2 5.42069E-2 6.15661E-2 4.72704E-2 4.85277E-2 3.24572E-2 2.8844E-2 2.22086E-2 1.73277E-2 1.76845E-2 2.22264E-2 3.89441E-2 4.35451E-2 2.69881E-2 2.07176E-2 2.90671E-2 2.56459E-2 1.94001E-2
-9999 -9999 -9999 -9999 -9999 -9999 -9999 -9999 -9999 -9999 -9999 -9999 -9999 -9999 -9999 -9999 -9999 -9999 1.9809E-3 2.30479E-3 1.36571E-2 1.51835E-2 1.61854E-2 1.82313E-2 8.57379E-3 8.59744E-3 1.72475E-2 6.58919E-3 5.33567E-3 3.43274E-3 1.90307E-2 2.26575E-2 2.61821E-2 2.23413E-2 2.43035E-2 2.35134E-2 2.9057E-2 3.04992E-2 3.02292E-2 3.47796E-2 3.86319E-2 4.88864E-2 6.8311E-2 4.39761E-2 2.83718E-2 5.8216E-2 6.15346E-2 4.75341E-2 3.13647E-2 2.30238E-2 1.89736E-2 1.65394E-2 2.15851E-2 2.06142E-2 1.38707E-2 -9999 1.47016E-2 2.43056E-2 2.44366E-2 2.6192E-2
-9999 -9999 -9999 -9999 -9999 -9999 -9999 -9999 -9999 -9999 -9999 -9999 -9999 -9999 -9999 -9999 -9999 2.23072E-3 1.85615E-3 1.72569E-3 9.9866E-3 1.293E-2 1.47417E-2 1.70025E-2 8.94596E-3 2.91681E-3 2.71572E-3 4.92612E-3 5.58518E-3 4.15327E-3 2.63542E-2 2.5043E-2 2.84882E-2 2.96888E-2 2.86069E-2 2.55307E-2 2.21765E-2 3.05392E-2 1.82911E-2 3.49368E-2 3.85831E-2 5.53218E-2 7.12974E-2 4.16185E-2 3.45794E-2 5.02483E-2 5.97343E-2 3.67995E-2 2.13441E-2 1.77362E-2 1.43714E-2 1.29542E-2 1.58054E-2 8.74393E-3 1.8977E-2 1.92354E-2 1.51551E-2 -9999 2.89426E-2 5.82189E-3
-9999 -9999 -9999 -9999 -9999 -9999 -9999 -9999 -9999 -9999 -9999 -9999 -9999 -9999 2.07537E-3 2.50361E-3 2.54605E-3 2.75388E-3 2.14914E-3 1.87327E-3 1.02543E-2 1.29793E-2 1.71531E-2 2.07099E-2 1.14116E-2 4.19975E-3 3.83136E-3 4.23228E-3 5.35433E-3 4.46139E-3 2.56727E-2 2.69602E-2 2.86949E-2 3.298E-2 3.26712E-2 2.21577E-2 3.22424E-2 3.12576E-2 3.44112E-2 3.85462E-2 3.84022E-2 5.86944E-2 7.32628E-2 4.64287E-2 3.48228E-2 5.67784E-2 2.64817E-2 1.81319E-2 1.9208E-2 1.64508E-2 1.76602E-2 2.16708E-2 1.89764E-2 2.11711E-2 2.4258E-2 2.15527E-2 1.86018E-2 1.12354E-2 1.4434E-2 2.1779E-2
-9999 -9999 -9999 -9999 -9999 -9999 -9999 -9999 -9999 -9999 -9999 -9999 6.47061E-3 7.74782E-3 9.99152E-3 1.27406E-2 1.36245E-2 1.48695E-2 1.40433E-2 1.23032E-2 9.5475E-3 9.75222E-3 1.22414E-2 1.52083E-2 1.7755E-2 1.79941E-2 1.67662E-2 1.43141E-2 1.59023E-2 2.16091E-2 2.98119E-2 3.14074E-2 2.92378E-2 2.90768E-2 3.60476E-2 2.05281E-2 4.51006E-2 3.84837E-2 4.29476E-2 5.19015E-2 7.35858E-2 1.19162E-1 1.20972E-1 6.30897E-2 6.69843E-2 3.79356E-2 3.0975E-2 2.82928E-2 2.82375E-2 2.63049E-2 2.63539E-2 3.80035E-2 3.925E-2 4.27905E-2 4.14675E-2 2.83279E-2 1.85784E-2 1.5317E-2 1.82161E-2 2.81179E-2
-9999 -9999 -9999 -9999 -9999 -9999 -9999 -9999 -9999 -9999 -9999 7.66621E-3 9.16727E-3 1.39667E-2 1.80998E-2 2.31704E-2 2.61206E-2 2.8297E-2 2.79371E-2 2.0405E-2 1.63812E-2 1.36221E-2 1.45065E-2 1.73503E-2 2.01205E-2 2.37475E-2 2.97431E-2 3.00993E-2 3.18545E-2 3.74003E-2 3.73236E-2 4.08818E-2 3.47605E-2 3.17549E-2 3.27254E-2 2.34902E-2 3.84005E-2 3.79913E-2 4.41161E-2 5.84678E-2 8.58526E-2 7.31514E-2 1.05847E-1 1.02157E-1 6.09607E-2 5.01441E-2 4.72729E-2 3.35942E-2 2.8107E-2 2.50924E-2 2.77895E-2 3.52172E-2 3.53129E-2 3.69539E-2 3.76561E-2 3.19192E-2 1.52199E-2 2.03093E-2 2.0134E-2 2.24024E-2
-9999 -9999 -9999 -9999 -9999 -9999 -9999 -9999 -9999 -9999 -9999 1.29217E-2 1.57571E-2 2.48057E-2 2.73886E-2 3.07019E-2 3.60962E-2 3.81937E-2 3.98178E-2 2.68763E-2 2.39758E-2 2.11685E-2 1.62943E-2 1.94452E-2 2.1816E-2 2.59449E-2 3.16203E-2 3.81304E-2 3.92137E-2 4.2649E-2 4.70195E-2 4.69204E-2 3.64271E-2 2.25072E-2 3.50725E-2 3.47433E-2 3.94948E-2 3.04468E-2 4.34625E-2 5.08088E-2 9.27295E-2 1.20606E-1 1.08627E-1 9.82557E-2 7.44832E-2 6.99216E-2 3.44888E-2 2.7472E-2 2.59977E-2 2.93999E-2 4.40057E-2 3.68415E-2 3.8323E-2 4.20421E-2 4.45531E-2 3.9814E-2 3.60415E-2 3.42645E-2 2.4653E-2 2.50731E-2
-9999 -9999 -9999 -9999 -9999 -9999 -9999 -9999 -9999 -9999 -9999 1.88345E-2 2.19829E-2 2.66595E-2 3.28177E-2 3.98784E-2 4.47917E-2 4.35446E-2 4.4032E-2 3.94886E-2 3.16033E-2 2.59534E-2 2.06252E-2 2.09275E-2 2.39276E-2 2.81121E-2 3.84774E-2 5.53067E-2 5.14003E-2 4.84889E-2 5.54137E-2 4.66437E-2 4.07048E-2 3.62501E-2 2.57762E-2 3.82611E-2 3.58673E-2 2.52402E-2 4.96804E-2 5.32791E-2 8.75553E-2 1.14426E-1 1.07275E-1 9.21935E-2 2.96315E-2 4.02186E-2 2.6307E-2 2.5205E-2 2.94574E-2 3.69163E-2 4.17889E-2 2.64068E-2 3.68867E-2 4.3362E-2 5.01227E-2 4.66649E-2 3.77287E-2 3.22341E-2 3.12628E-2 3.20369E-2
-9999 -9999 -9999 -9999 -9999 -9999 -9999 -9999 -9999 -9999 -9999 1.77024E-2 2.11864E-2 2.60204E-2 3.68926E-2 5.39481E-2 5.59896E-2 3.38338E-2 5.85045E-2 5.1915E-2 3.92694E-2 3.14942E-2 2.5909E-2 2.26263E-2 2.31148E-2 2.83787E-2 4.78092E-2 6.13801E-2 5.97024E-2 5.28433E-2 5.20039E-2 4.6462E-2 3.66618E-2 4.16857E-2 4.40504E-2 3.83865E-2 3.68685E-2 3.65433E-2 4.39581E-2 5.52821E-2 8.3082E-2 1.29668E-1 1.27355E-1 3.49584E-2 8.77424E-2 3.88764E-2 3.02195E-2 2.72406E-2 3.35916E-2 3.68867E-2 3.64765E-2 3.61529E-2 3.64141E-2 4.30114E-2 5.62422E-2 3.94059E-2 3.91907E-2 4.08036E-2 3.83554E-2 3.78282E-2
-9999 -9999 -9999 -9999 -9999 -9999 -9999 -9999 -9999 -9999 -9999 1.75471E-2 2.36164E-2 3.20973E-2 5.05938E-2 7.27578E-2 7.81318E-2 4.7567E-2 7.83808E-2 6.56812E-2 5.82414E-2 4.38611E-2 3.54477E-2 2.5632E-2 3.22241E-2 4.70068E-2 6.0503E-2 6.9633E-2 6.10269E-2 5.27697E-2 6.55051E-2 6.45796E-2 4.11904E-2 5.08584E-2 3.99955E-2 4.14582E-2 4.34572E-2 3.77039E-2 3.48692E-2 5.71264E-2 5.60725E-2 6.2093E-2 9.17371E-2 4.34858E-2 4.0538E-2 3.85502E-2 3.02695E-2 2.57957E-2 2.2367E-2 2.60967E-2 3.44765E-2 3.68787E-2 3.65962E-2 4.30733E-2 6.93255E-2 4.84194E-2 3.91318E-2 4.32431E-2 4.66114E-2 4.40855E-2
-9999 -9999 -9999 -9999 -9999 -9999 -9999 -9999 -9999 -9999 -9999 2.17369E-2 3.52329E-2 5.59073E-2 6.01515E-2 8.1104E-2 9.01088E-2 7.98271E-2 1.05845E-1 1.01955E-1 7.18032E-2 4.6456E-2 3.9723E-2 3.06926E-2 3.04198E-2 4.67707E-2 5.43789E-2 6.20535E-2 4.77416E-2 7.4923E-2 9.03926E-2 6.51775E-2 5.4355E-2 4.3398E-2 3.52271E-2 3.95236E-2 4.38891E-2 3.86691E-2 5.00972E-2 5.42818E-2 5.32609E-2 5.97841E-2 5.52791E-2 5.92279E-2 9.73262E-3 3.64731E-2 4.1406E-2 3.02022E-2 2.46302E-2 2.65343E-2 3.28892E-2 3.19636E-2 3.11883E-2 3.7087E-2 7.20732E-2 5.23714E-2 4.27346E-2 3.57628E-2 3.63335E-2 4.45833E-2
-9999 -9999 -9999 -9999 -9999 -9999 -9999 -9999 -9999 -9999 -9999 3.01714E-2 5.5066E-2 6.36213E-2 6.54387E-2 7.86411E-2 8.43281E-2 1.13814E-1 1.01849E-1 6.97929E-2 5.86225E-2 4.6635E-2 3.9361E-2 3.04509E-2 3.82374E-2 5.80878E-2 6.59595E-2 6.65219E-2 6.09173E-2 7.33896E-2 6.41303E-2 4.27946E-2 4.00261E-2 3.83629E-2 3.37849E-2 4.44841E-2 5.68719E-2 5.22969E-2 4.51201E-2 4.77765E-2 4.70431E-2 5.08856E-2 4.44098E-2 4.64086E-2 3.88276E-2 1.87037E-2 5.01856E-2 4.13599E-2 3.31526E-2 3.1346E-2 2.73145E-2 2.74589E-2 2.48245E-2 3.0285E-2 6.39881E-2 7.37852E-2 4.98838E-2 4.74315E-2 4.96036E-2 4.89141E-2
-9999 -9999 -9999 -9999 -9999 -9999 -9999 -9999 -9999 -9999 -9999 2.00121E-2 2.15071E-2 2.30647E-2 5.13982E-2 5.65441E-2 7.28014E-2 9.38614E-2 7.20142E-2 6.54102E-2 5.76169E-2 4.93579E-2 4.06742E-2 3.70243E-2 6.9095E-2 6.52159E-2 6.35573E-2 6.81943E-2 5.6288E-2 5.02199E-2 5.15809E-2 4.81282E-2 4.94964E-2 4.46434E-2 4.02611E-2 4.4605E-2 5.1463E-2 4.88669E-2 4.63825E-2 4.57419E-2 3.3133E-2 3.09778E-2 2.9457E-2 3.66624E-2 3.46165E-2 4.3865E-2 5.23686E-2 4.66326E-2 4.75217E-2 3.41495E-2 2.34977E-2 2.3383E-2 2.05129E-2 2.47301E-2 4.86764E-2 6.30345E-2 4.8574E-2 3.90695E-2 4.5672E-2 4.72509E-2
-9999 -9999 -9999 -9999 -9999 -9999 -9999 -9999 -9999 -9999 -9999 2.87744E-2 3.37576E-2 2.90803E-2 3.28336E-2 5.2503E-2 6.18685E-2 6.35635E-2 6.19702E-2 5.9723E-2 4.98446E-2 4.72704E-2 4.48988E-2 4.37943E-2 7.16621E-2 7.88224E-2 5.39483E-2 4.49561E-2 4.10262E-2 4.25751E-2 3.0108E-2 5.11074E-2 5.26049E-2 4.36672E-2 3.7217E-2 3.47316E-2 4.02238E-2 4.68482E-2 3.56265E-2 3.69369E-2 3.34126E-2 2.90173E-2 2.66715E-2 3.26502E-2 4.29694E-2 3.19057E-2 8.64809E-3 3.37588E-2 3.59319E-2 3.02298E-2 2.44372E-2 2.28807E-2 2.24592E-2 2.0432E-2 4.9592E-2 5.49394E-2 3.21317E-2 3.25384E-2 3.79804E-2 3.8966E-2
-9999 -9999 -9999 -9999 -9999 -9999 -9999 -9999 -9999 -9999 -9999 3.9345E-2 4.84563E-2 4.84333E-2 5.14791E-2 5.7127E-2 6.08758E-2 6.24043E-2 5.10128E-2 4.3858E-2 5.3123E-2 6.79662E-2 5.92986E-2 9.58926E-2 7.73504E-2 7.06619E-2 4.40211E-2 4.22951E-2 4.30385E-2 4.35077E-2 5.07862E-2 4.95025E-2 4.3116E-2 3.16451E-2 2.71112E-2 2.7442E-2 3.07115E-2 3.60662E-2 3.20973E-2 3.1975E-2 2.43566E-2 2.1334E-2 1.88418E-2 2.55683E-2 2.38627E-2 3.05979E-2 2.8144E-2 -9999 2.5967E-2 3.47315E-2 2.62672E-2 2.31889E-2 1.97906E-2 2.04621E-2 3.6666E-2 3.42507E-2 3.39226E-2 3.59692E-2 4.08291E-2 4.09838E-2
-9999 -9999 -9999 -9999 -9999 -9999 -9999 -9999 -9999 -9999 -9999 5.4691E-2 5.54571E-2 5.7602E-2 6.71097E-2 6.30678E-2 6.91836E-2 5.38636E-2 4.49672E-2 4.52399E-2 6.84259E-2 8.80321E-2 1.00605E-1 3.2809E-2 1.01036E-1 5.18216E-2 2.74712E-2 4.46011E-2 4.45809E-2 4.5007E-2 5.26476E-2 4.42486E-2 3.666E-2 2.85675E-2 2.97362E-2 2.68111E-2 3.72206E-2 3.52849E-2 2.94783E-2 3.21587E-2 2.46428E-2 2.37923E-2 2.41492E-2 3.09686E-2 2.97401E-2 2.70105E-2 2.42415E-2 3.12927E-2 1.22748E-2 3.71615E-2 3.49322E-2 3.09989E-2 2.65258E-2 4.42555E-2 4.32281E-2 2.14638E-2 2.60759E-2 3.90627E-2 4.54545E-2 5.60737E-2
