Phytophthora/models/20240506_1522_03/Phytophthora_PA3_RUN1_MAXENT_outputs/Phytophthora_PA3_RUN1.asc
ncols         225
nrows         269
xllcorner     473009.9838
yllcorner     4429051.1748
cellsize      50.0
NODATA_value  -9999
[rows 208 to 233 of 269, columns 120 to 179 of 225]
9.0943E-2 9.19313E-2 5.89408E-2 8.75815E-2 6.76107E-2 5.40817E-2 5.82007E-2 4.98668E-2 1.63697E-1 8.15676E-2 9.30901E-2 8.91507E-2 7.9679E-2 6.74865E-2 6.34142E-2 5.63032E-2 6.62817E-2 1.06125E-1 1.06327E-1 1.36408E-1 2.12851E-1 3.63594E-1 4.12933E-1 5.17878E-1 5.53954E-1 5.90373E-1 5.19651E-1 4.86873E-1 3.47965E-1 3.30871E-1 3.32861E-1 3.23889E-1 3.55184E-1 3.36403E-1 4.08229E-1 5.45043E-1 4.99048E-1 3.73271E-1 3.57249E-1 2.65282E-1 2.89534E-1 2.04917E-1 2.22339E-1 2.21343E-1 2.78102E-1 2.60022E-1 1.91961E-1 1.55529E-1 1.35766E-1 1.42161E-1 1.63744E-1 1.58923E-1 1.23964E-1 6.49575E-2 6.37992E-2 6.29226E-2 7.19813E-2 9.62113E-2 1.21342E-1 2.01014E-1
1.9683E-1 1.33054E-1 7.46305E-2 1.7726E-1 5.17362E-2 4.99495E-2 4.36825E-2 3.66972E-2 4.6063E-2 1.86564E-1 1.88034E-1 8.97643E-2 8.43361E-2 7.71197E-2 7.6396E-2 7.71683E-2 1.03207E-1 1.25501E-1 1.26362E-1 1.49561E-1 2.46255E-1 3.70569E-1 4.07457E-1 4.17059E-1 4.85315E-1 5.63466E-1 4.88563E-1 3.94879E-1 3.11291E-1 3.30951E-1 3.44443E-1 3.02166E-1 3.15768E-1 2.78582E-1 5.16016E-1 5.25968E-1 4.87754E-1 3.42849E-1 2.63539E-1 1.50035E-1 2.56013E-1 1.86811E-1 1.9971E-1 1.94126E-1 2.4128E-1 2.32848E-1 1.68205E-1 1.29709E-1 1.21179E-1 1.3342E-1 1.55964E-1 1.52854E-1 1.5049E-1 8.32848E-2 4.40243E-2 3.98368E-2 5.28648E-2 9.29241E-2 1.77958E-1 2.07534E-1
1.94582E-1 1.30473E-1 1.18494E-1 1.81437E-1 6.18052E-2 4.5364E-2 4.00158E-2 3.60678E-2 3.69557E-2 7.56937E-2 1.43381E-1 1.31479E-1 8.75002E-2 7.72512E-2 7.82503E-2 9.7509E-2 1.04886E-1 1.26079E-1 1.5577E-1 1.75519E-1 3.14769E-1 3.49973E-1 4.07003E-1 4.28407E-1 4.80409E-1 5.10431E-1 4.12789E-1 3.15177E-1 3.1304E-1 3.36108E-1 3.31029E-1 2.95936E-1 2.96922E-1 2.6105E-1 5.2314E-1 5.28442E-1 5.63131E-1 3.56174E-1 2.09035E-1 1.79269E-1 2.44712E-1 2.15988E-1 1.90688E-1 1.55499E-1 2.11953E-1 1.896E-1 1.43312E-1 1.0546E-1 1.11202E-1 1.20335E-1 1.38288E-1 1.31102E-1 1.35931E-1 1.0715E-1 6.92285E-2 5.17798E-2 3.34829E-2 1.03503E-1 9.62858E-2 2.48328E-1
1.63818E-1 1.42839E-1 1.27615E-1 1.06917E-1 1.42218E-1 4.45161E-2 3.51408E-2 2.99122E-2 2.80777E-2 2.8924E-2 1.49925E-1 6.13547E-2 1.46935E-1 1.08357E-1 1.30614E-1 1.17851E-1 1.03184E-1 1.4061E-1 1.80303E-1 2.03783E-1 3.92703E-1 3.65064E-1 3.94026E-1 3.20848E-1 4.40537E-1 4.50331E-1 3.4789E-1 3.04885E-1 2.89492E-1 2.87581E-1 1.9472E-1 2.14053E-1 2.77256E-1 3.06799E-1 3.41202E-1 5.28613E-1 6.07882E-1 3.11304E-1 2.10179E-1 2.39646E-1 2.05062E-1 2.00581E-1 1.91942E-1 1.75529E-1 2.42925E-1 1.91082E-1 1.96825E-1 9.68055E-2 1.1848E-1 1.25509E-1 1.31827E-1 1.20126E-1 1.15532E-1 1.13081E-1 1.05347E-1 9.40847E-2 7.1143E-2 6.20093E-2 1.23249E-1 1.89194E-1
1.74134E-1 1.76426E-1 1.50796E-1 9.29921E-2 7.29635E-2 1.20962E-1 3.61926E-2 2.85918E-2 2.62112E-2 2.35796E-2 2.19307E-2 1.47696E-1 7.90309E-2 9.5888E-2 1.07533E-1 8.31611E-2 8.49555E-2 1.39082E-1 1.96001E-1 2.12775E-1 4.04062E-1 3.25231E-1 2.14216E-1 2.82532E-1 4.18621E-1 4.23305E-1 3.09836E-1 2.92059E-1 2.75092E-1 2.34569E-1 1.85007E-1 2.57626E-1 3.0251E-1 3.75736E-1 4.22934E-1 4.51117E-1 4.26486E-1 2.69824E-1 2.04713E-1 2.86104E-1 2.23484E-1 2.78812E-1 2.84891E-1 2.56429E-1 2.99054E-1 2.55268E-1 2.24475E-1 1.45389E-1 1.38484E-1 1.4472E-1 1.48636E-1 1.26646E-1 1.03153E-1 9.80591E-2 9.38975E-2 8.92111E-2 9.60863E-2 1.0218E-1 1.25757E-1 1.6186E-1
2.41508E-1 2.01999E-1 1.73205E-1 1.39496E-1 1.12213E-1 1.31858E-1 1.01782E-1 3.50773E-2 2.24184E-2 1.99992E-2 1.87638E-2 3.14464E-2 7.32347E-2 4.78573E-2 5.37764E-2 6.18624E-2 8.12278E-2 1.54394E-1 2.09246E-1 2.30128E-1 3.91675E-1 3.6903E-1 3.59231E-1 4.40069E-1 3.50693E-1 4.00876E-1 3.90516E-1 3.39817E-1 2.81238E-1 1.26383E-1 2.12808E-1 2.75556E-1 3.25377E-1 5.03822E-1 4.73357E-1 4.01615E-1 3.75719E-1 3.28211E-1 2.62228E-1 3.2469E-1 3.20767E-1 3.39076E-1 3.74927E-1 4.26686E-1 3.88604E-1 3.28686E-1 2.67598E-1 2.47042E-1 1.75796E-1 1.8742E-1 1.60877E-1 1.08659E-1 9.36372E-2 8.75341E-2 8.29924E-2 9.70021E-2 4.00401E-2 7.18346E-2 1.36522E-1 1.05848E-1
3.35853E-1 2.63933E-1 2.01957E-1 1.47303E-1 1.33114E-1 1.32542E-1 1.11624E-1 9.26573E-2 2.17315E-2 1.8079E-2 1.67414E-2 1.32997E-2 7.97418E-2 3.54344E-2 4.60237E-2 6.3713E-2 1.06063E-1 1.74283E-1 2.09568E-1 2.21926E-1 3.16647E-1 4.16118E-1 3.25424E-1 4.83774E-1 5.2676E-1 4.35659E-1 2.53444E-1 3.34902E-1 2.22757E-1 2.5631E-1 2.96513E-1 2.72881E-1 3.72946E-1 4.72063E-1 5.70313E-1 3.21026E-1 4.41465E-1 3.93504E-1 3.33763E-1 3.66122E-1 3.6102E-1 4.00256E-1 3.69246E-1 3.3953E-1 4.76649E-1 3.95835E-1 3.03617E-1 2.89812E-1 2.161E-1 2.33161E-1 1.87927E-1 1.05465E-1 8.79806E-2 7.9834E-2 9.2811E-2 8.81186E-2 1.06382E-1 7.86505E-2 9.07831E-2 9.40168E-2
3.46513E-1 2.95388E-1 2.39166E-1 1.80625E-1 1.55055E-1 1.45367E-1 1.18154E-1 9.85452E-2 7.67981E-2 2.32136E-2 1.30039E-2 9.74003E-3 5.46731E-2 3.48891E-2 3.54986E-2 1.08376E-1 1.62496E-1 1.81467E-1 1.8999E-1 2.06343E-1 2.77928E-1 4.33148E-1 2.46687E-1 4.78465E-1 5.49473E-1 4.52437E-1 4.00604E-1 3.00066E-1 3.00147E-1 2.8758E-1 2.71013E-1 2.71693E-1 5.25929E-1 5.01503E-1 6.455E-1 3.2632E-1 5.06778E-1 4.27339E-1 3.84311E-1 3.63142E-1 4.1716E-1 4.5747E-1 4.44713E-1 3.7949E-1 4.08986E-1 4.52642E-1 3.42434E-1 3.10088E-1 2.97353E-1 2.67931E-1 1.87044E-1 1.10486E-1 9.73597E-2 8.28811E-2 1.02019E-1 9.32273E-2 9.22091E-2 8.52203E-2 8.78304E-2 1.01061E-1
3.41879E-1 2.92769E-1 2.713E-1 2.43765E-1 2.07375E-1 1.80419E-1 1.46542E-1 1.00133E-1 1.00375E-1 7.2848E-2 6.71948E-2 6.80097E-2 2.78957E-2 6.03138E-2 5.11603E-2 9.53887E-2 1.29571E-1 1.46001E-1 1.7012E-1 2.07252E-1 2.42904E-1 4.47292E-1 2.0483E-1 5.45304E-1 5.58481E-1 4.60056E-1 2.8642E-1 4.22217E-1 3.02995E-1 3.04676E-1 2.95734E-1 3.81897E-1 5.01087E-1 4.60126E-1 5.07367E-1 5.16987E-1 4.67868E-1 3.83236E-1 4.53881E-1 4.0217E-1 4.79782E-1 5.01953E-1 3.58354E-1 3.33675E-1 4.11202E-1 4.39821E-1 3.8139E-1 2.95164E-1 3.11493E-1 2.95338E-1 1.62141E-1 1.0891E-1 1.06166E-1 9.86112E-2 5.91769E-2 1.23746E-1 7.64832E-2 1.0021E-1 1.22242E-1 1.54105E-1
5.62772E-1 4.7716E-1 4.20264E-1 3.62357E-1 2.92001E-1 2.39712E-1 1.8717E-1 1.19874E-1 9.46948E-2 9.50299E-2 9.36387E-2 8.51767E-2 7.60848E-2 7.71047E-2 9.71382E-2 9.25798E-2 1.10554E-1 1.36777E-1 1.73986E-1 2.05947E-1 2.44065E-1 3.36149E-1 5.32499E-1 6.33633E-1 5.42264E-1 4.97797E-1 4.81168E-1 3.12082E-1 3.26757E-1 2.73109E-1 3.07066E-1 5.43836E-1 3.50874E-1 6.45609E-1 6.14401E-1 5.14933E-1 4.58096E-1 4.57768E-1 4.79169E-1 4.20414E-1 4.41836E-1 4.25043E-1 4.96952E-1 2.90796E-1 4.13911E-1 4.02119E-1 4.1563E-1 2.68199E-1 2.90422E-1 2.76466E-1 1.36977E-1 1.06539E-1 1.12976E-1 6.19817E-2 1.39055E-1 7.34218E-2 8.21894E-2 9.66069E-2 1.99441E-1 2.39766E-1
5.00321E-1 5.08941E-1 4.7494E-1 3.75703E-1 3.22817E-1 2.7613E-1 2.13584E-1 1.53819E-1 1.35922E-1 1.08053E-1 9.9533E-2 9.88785E-2 9.6107E-2 1.07222E-1 1.14762E-1 1.31952E-1 1.73231E-1 2.02227E-1 2.16116E-1 2.30211E-1 2.50038E-1 3.53458E-1 5.84358E-1 6.40495E-1 4.993E-1 5.39932E-1 4.19361E-1 3.5777E-1 2.04348E-1 2.51544E-1 3.33752E-1 4.56866E-1 3.87301E-1 6.6031E-1 5.32745E-1 4.67387E-1 5.12906E-1 5.43014E-1 4.95695E-1 4.56224E-1 4.07645E-1 4.08095E-1 4.46493E-1 4.86737E-1 5.36182E-1 5.14035E-1 4.20617E-1 2.38991E-1 2.33899E-1 1.9317E-1 1.15288E-1 8.7735E-2 1.22129E-1 8.22051E-2 8.98906E-2 8.145E-2 8.35476E-2 1.76748E-1 2.9195E-1 3.56435E-1
3.60724E-1 3.97661E-1 3.96796E-1 3.53935E-1 3.36883E-1 2.95724E-1 2.44665E-1 1.97551E-1 1.66405E-1 1.32757E-1 1.40907E-1 1.50057E-1 1.49463E-1 1.6086E-1 1.77012E-1 2.22241E-1 2.91291E-1 3.00659E-1 2.99548E-1 3.1694E-1 3.4618E-1 5.20417E-1 6.39316E-1 5.58693E-1 5.38775E-1 5.33065E-1 4.76277E-1 3.71384E-1 3.59519E-1 2.28287E-1 3.64967E-1 3.85503E-1 5.46713E-1 5.78582E-1 4.62895E-1 5.04515E-1 5.30675E-1 5.49261E-1 4.98478E-1 4.25875E-1 4.4218E-1 3.85035E-1 4.35115E-1 4.83283E-1 5.01915E-1 3.97935E-1 3.02683E-1 2.55375E-1 1.32603E-1 1.88784E-1 5.96868E-2 1.30474E-1 7.86905E-2 6.34699E-2 8.49774E-2 1.08155E-1 1.02894E-1 1.45057E-1 2.07515E-1 3.25778E-1
2.06936E-1 3.56165E-1 3.92079E-1 3.88365E-1 3.84955E-1 3.27664E-1 2.72364E-1 2.16738E-1 1.85263E-1 1.68049E-1 2.10901E-1 2.40476E-1 2.41061E-1 2.55241E-1 2.86161E-1 3.67556E-1 3.96326E-1 3.69705E-1 3.90454E-1 4.1205E-1 4.76684E-1 6.04859E-1 7.01798E-1 5.31028E-1 5.86436E-1 5.69122E-1 5.83992E-1 3.7312E-1 4.09979E-1 3.9018E-1 5.13744E-1 4.13701E-1 5.82287E-1 4.3899E-1 4.30323E-1 5.16017E-1 5.21908E-1 4.51808E-1 4.04237E-1 3.81858E-1 4.18688E-1 3.28344E-1 3.03334E-1 3.17895E-1 3.11627E-1 2.2294E-1 1.41848E-1 2.04354E-1 2.26487E-1 1.3735E-1 6.85011E-2 6.0142E-2 9.43131E-2 9.53899E-2 8.62695E-2 1.17245E-1 1.70642E-1 2.03201E-1 2.20739E-1 3.57858E-1
4.5318E-1 4.81064E-1 4.91834E-1 4.55881E-1 4.27627E-1 3.89204E-1 3.29439E-1 2.51743E-1 2.16859E-1 2.28615E-1 3.20579E-1 3.96214E-1 3.84454E-1 4.06356E-1 4.42625E-1 5.26645E-1 5.00688E-1 4.62434E-1 5.10465E-1 5.20532E-1 7.0508E-1 7.11525E-1 7.41748E-1 6.66755E-1 7.36428E-1 5.73234E-1 4.74738E-1 3.58314E-1 4.07897E-1 4.35157E-1 4.64882E-1 3.9047E-1 5.46869E-1 3.90704E-1 4.53066E-1 4.78799E-1 5.04813E-1 5.03601E-1 4.84465E-1 3.28376E-1 3.90418E-1 3.47165E-1 2.57732E-1 1.74407E-1 2.09304E-1 1.88547E-1 1.11154E-1 9.24951E-2 5.00768E-2 1.42829E-1 1.46786E-1 1.22321E-1 1.57418E-1 1.78265E-1 1.55956E-1 1.53575E-1 2.20593E-1 2.86893E-1 3.13321E-1 3.58081E-1
4.88616E-1 4.7503E-1 5.08562E-1 5.36361E-1 5.14503E-1 4.96511E-1 3.89555E-1 2.91061E-1 2.81019E-1 3.07819E-1 4.43039E-1 6.1109E-1 5.56948E-1 5.84688E-1 5.99845E-1 6.55373E-1 6.06158E-1 5.81255E-1 6.48118E-1 6.58867E-1 7.93957E-1 8.02869E-1 8.17236E-1 7.94985E-1 7.39302E-1 5.19208E-1 5.17173E-1 4.38673E-1 4.01725E-1 4.03091E-1 3.68332E-1 3.72092E-1 4.48703E-1 3.5146E-1 3.57714E-1 3.76086E-1 4.06911E-1 4.3521E-1 4.57806E-1 2.81051E-1 3.73838E-1 4.08405E-1 3.43202E-1 2.74624E-1 2.65024E-1 2.20027E-1 1.71279E-1 1.39078E-1 1.40254E-1 1.51408E-1 1.94848E-1 2.26305E-1 2.4704E-1 2.19429E-1 2.25325E-1 3.06833E-1 2.98408E-1 2.81798E-1 2.85928E-1 3.06676E-1
5.53183E-1 5.38147E-1 5.97013E-1 5.61803E-1 5.83211E-1 5.14049E-1 3.71276E-1 2.73845E-1 2.6458E-1 3.27246E-1 4.17599E-1 6.09401E-1 6.39614E-1 6.21756E-1 6.08399E-1 6.80362E-1 6.98174E-1 6.484E-1 6.74496E-1 6.87487E-1 7.73088E-1 8.14704E-1 7.95455E-1 6.49982E-1 7.06458E-1 6.13474E-1 5.50396E-1 4.74655E-1 3.93795E-1 3.91688E-1 2.95035E-1 3.57716E-1 3.59841E-1 2.77313E-1 3.09383E-1 3.46688E-1 4.01358E-1 4.50029E-1 4.48092E-1 3.04645E-1 2.16975E-1 3.93083E-1 4.08151E-1 3.71681E-1 3.31931E-1 2.82686E-1 2.24239E-1 1.61661E-1 1.67125E-1 2.90149E-1 1.64664E-1 1.8196E-1 1.63553E-1 1.48633E-1 1.67957E-1 2.05431E-1 2.38838E-1 2.66305E-1 2.7818E-1 2.70948E-1
6.53276E-1 6.94234E-1 6.91702E-1 4.79544E-1 5.94983E-1 4.60316E-1 3.68193E-1 2.71657E-1 2.23499E-1 2.91968E-1 4.31922E-1 5.92931E-1 6.83596E-1 6.54787E-1 6.27247E-1 6.6611E-1 7.43139E-1 7.08809E-1 5.49559E-1 7.73832E-1 7.52081E-1 7.19295E-1 7.03762E-1 6.85136E-1 7.01017E-1 6.15061E-1 5.46944E-1 4.70154E-1 3.81607E-1 4.68306E-1 2.40069E-1 3.40826E-1 3.08163E-1 2.43619E-1 3.0742E-1 3.65236E-1 4.16605E-1 4.8589E-1 4.38168E-1 3.33736E-1 2.65356E-1 3.74497E-1 4.18549E-1 4.27599E-1 4.23291E-1 3.93187E-1 3.43403E-1 2.24717E-1 9.91854E-2 1.516E-1 1.26963E-1 1.60503E-1 1.74048E-1 1.73095E-1 1.77659E-1 1.95984E-1 2.3601E-1 2.82197E-1 2.80414E-1 1.70283E-1
5.78115E-1 6.71346E-1 4.9123E-1 5.26281E-1 4.0526E-1 3.1259E-1 3.41543E-1 2.36397E-1 2.05734E-1 2.60445E-1 3.84616E-1 5.72879E-1 6.54731E-1 6.03922E-1 5.49402E-1 4.62969E-1 6.04128E-1 6.78832E-1 7.5357E-1 7.16756E-1 7.78458E-1 7.71809E-1 6.00836E-1 7.12318E-1 6.82169E-1 5.53142E-1 5.09768E-1 4.46204E-1 4.31493E-1 4.30631E-1 2.0333E-1 3.29265E-1 3.09191E-1 2.6879E-1 3.312E-1 3.89717E-1 4.69177E-1 4.77417E-1 3.91826E-1 3.34519E-1 3.63843E-1 2.83268E-1 3.24004E-1 4.05448E-1 4.04822E-1 4.45885E-1 4.43546E-1 3.77341E-1 8.95505E-2 1.10734E-1 1.0394E-1 1.19463E-1 1.4647E-1 1.88844E-1 2.1798E-1 2.42808E-1 2.81926E-1 2.98574E-1 2.11738E-1 2.95262E-1
4.92926E-1 4.93693E-1 5.16568E-1 3.92128E-1 2.98932E-1 1.85328E-1 2.84321E-1 1.07837E-1 1.90854E-1 2.70973E-1 3.54127E-1 5.25498E-1 6.16824E-1 6.41581E-1 5.76373E-1 6.17277E-1 6.99323E-1 7.46048E-1 7.39084E-1 6.45287E-1 7.7788E-1 7.2889E-1 5.8668E-1 7.0046E-1 6.58664E-1 5.61519E-1 4.88519E-1 4.32695E-1 4.89623E-1 3.55074E-1 1.96263E-1 3.54578E-1 2.72117E-1 3.11235E-1 3.9033E-1 4.57913E-1 4.78007E-1 4.20333E-1 3.57565E-1 2.7937E-1 3.36117E-1 3.44761E-1 3.3699E-1 3.56644E-1 3.5286E-1 3.05242E-1 3.59168E-1 3.70038E-1 2.35208E-1 1.26435E-1 1.25836E-1 1.46348E-1 1.92492E-1 2.29193E-1 2.7071E-1 3.10815E-1 3.38885E-1 3.30034E-1 2.85223E-1 3.19138E-1
6.29672E-1 5.94064E-1 4.74532E-1 3.60617E-1 2.85102E-1 1.94259E-1 2.58255E-1 1.04202E-1 1.51881E-1 1.98329E-1 3.22294E-1 4.517E-1 5.35721E-1 6.24576E-1 5.07163E-1 5.56996E-1 6.24997E-1 7.22793E-1 6.59723E-1 6.49288E-1 8.02473E-1 7.40321E-1 5.86807E-1 6.91317E-1 6.55655E-1 5.95347E-1 5.56924E-1 4.8145E-1 4.69516E-1 2.43162E-1 2.47372E-1 3.78213E-1 3.26006E-1 4.05838E-1 4.78748E-1 5.25026E-1 4.86623E-1 3.86988E-1 3.17715E-1 3.18772E-1 3.18866E-1 3.36294E-1 3.70162E-1 3.85986E-1 3.74564E-1 3.09019E-1 2.79936E-1 3.95468E-1 3.32884E-1 2.72266E-1 2.25236E-1 2.49758E-1 2.91989E-1 2.94789E-1 3.32184E-1 3.70977E-1 3.66228E-1 2.40028E-1 4.0284E-1 4.9245E-1
4.54484E-1 5.25108E-1 3.01154E-1 2.53909E-1 2.33759E-1 2.11935E-1 2.09525E-1 1.5283E-1 1.34271E-1 1.60707E-1 2.81408E-1 4.19571E-1 5.04392E-1 5.91683E-1 4.34025E-1 4.10362E-1 4.83862E-1 5.70519E-1 7.35749E-1 7.12411E-1 6.7013E-1 6.14311E-1 7.53349E-1 7.10861E-1 7.41471E-1 6.73315E-1 5.49824E-1 4.64186E-1 4.29991E-1 1.42668E-1 3.47398E-1 3.67607E-1 3.739E-1 4.78058E-1 4.90291E-1 5.24601E-1 4.99076E-1 4.53255E-1 2.96542E-1 3.67883E-1 3.32079E-1 3.30162E-1 3.48009E-1 3.64444E-1 3.54883E-1 3.39098E-1 3.24538E-1 2.74429E-1 3.2653E-1 2.77871E-1 2.90071E-1 3.86642E-1 4.29855E-1 4.08826E-1 3.99292E-1 3.98423E-1 3.19172E-1 4.5113E-1 5.02642E-1 4.55679E-1
3.50565E-1 3.86382E-1 1.53357E-1 1.68676E-1 1.85957E-1 2.04592E-1 1.54788E-1 1.24291E-1 1.19391E-1 1.421E-1 2.29681E-1 3.71915E-1 4.77092E-1 4.56252E-1 3.46058E-1 3.53971E-1 4.56515E-1 5.45164E-1 5.47015E-1 5.77857E-1 7.43656E-1 7.72564E-1 7.66042E-1 7.28555E-1 6.90871E-1 4.59574E-1 4.78031E-1 4.45844E-1 2.72358E-1 1.89481E-1 3.67732E-1 3.54775E-1 4.30245E-1 4.36316E-1 4.24089E-1 5.07644E-1 4.8005E-1 2.83257E-1 4.36748E-1 3.04126E-1 2.82903E-1 3.31773E-1 3.46705E-1 3.44445E-1 4.013E-1 4.35925E-1 4.06648E-1 1.64485E-1 2.4619E-1 1.89775E-1 1.79129E-1 2.39702E-1 2.74886E-1 3.19181E-1 4.05337E-1 4.11089E-1 3.4779E-1 5.25392E-1 5.18195E-1 4.35233E-1
2.61791E-1 1.4915E-1 1.2782E-1 1.57529E-1 1.56606E-1 1.68206E-1 1.19389E-1 1.13282E-1 1.13025E-1 1.43299E-1 2.96122E-1 3.33639E-1 4.59132E-1 3.69111E-1 3.66429E-1 3.9745E-1 4.74216E-1 5.49505E-1 4.88492E-1 6.63665E-1 7.05698E-1 7.06672E-1 6.74284E-1 6.10609E-1 4.50229E-1 3.59152E-1 3.70655E-1 4.33236E-1 1.26584E-1 3.1002E-1 3.90609E-1 3.79277E-1 3.90454E-1 3.65416E-1 4.3928E-1 4.9299E-1 4.70225E-1 3.60053E-1 4.88757E-1 4.58796E-1 2.81254E-1 1.97526E-1 3.36621E-1 3.46844E-1 3.60557E-1 3.53503E-1 2.86833E-1 1.00144E-1 2.65205E-1 1.96477E-1 1.57065E-1 2.20454E-1 2.95736E-1 4.16222E-1 4.54351E-1 3.17664E-1 4.93405E-1 5.55564E-1 4.81756E-1 4.12794E-1
1.68839E-1 1.20162E-1 1.06901E-1 1.11775E-1 1.05398E-1 1.46624E-1 1.21793E-1 1.36064E-1 1.38139E-1 1.63753E-1 2.60677E-1 3.15858E-1 4.88843E-1 3.74857E-1 3.86487E-1 4.22644E-1 4.7123E-1 5.00852E-1 5.01529E-1 6.07599E-1 6.22102E-1 6.34383E-1 4.69827E-1 3.92741E-1 3.55153E-1 3.59816E-1 4.85192E-1 2.26529E-1 2.0196E-1 3.70451E-1 3.69599E-1 3.5146E-1 3.60691E-1 4.04507E-1 4.5111E-1 4.91687E-1 4.70347E-1 4.918E-1 5.62829E-1 4.10323E-1 3.85656E-1 3.36997E-1 3.4588E-1 3.36251E-1 2.23274E-1 2.41559E-1 2.13422E-1 3.10727E-1 2.18827E-1 1.86411E-1 1.84726E-1 2.57626E-1 4.31385E-1 5.42817E-1 4.13327E-1 5.56174E-1 5.96066E-1 5.31381E-1 4.56384E-1 4.24688E-1
2.45924E-1 1.69061E-1 1.17059E-1 1.04753E-1 1.00388E-1 1.56227E-1 1.43214E-1 1.48312E-1 1.51527E-1 2.39578E-1 2.50529E-1 3.31837E-1 4.53858E-1 3.7182E-1 4.07183E-1 4.51559E-1 4.46254E-1 3.76396E-1 4.72526E-1 5.44796E-1 5.59154E-1 4.52921E-1 4.0984E-1 3.99182E-1 4.30389E-1 4.74667E-1 3.72462E-1 1.63819E-1 3.02201E-1 3.92151E-1 3.76569E-1 3.24084E-1 3.5262E-1 3.93955E-1 4.55318E-1 4.939E-1 4.58951E-1 6.58392E-1 4.88595E-1 3.22447E-1 3.85511E-1 3.57778E-1 3.37257E-1 2.73007E-1 3.38216E-1 2.73963E-1 4.27402E-1 2.90777E-1 2.097E-1 1.97887E-1 2.38628E-1 3.5813E-1 5.0592E-1 5.56694E-1 6.13552E-1 6.04068E-1 6.26502E-1 5.53627E-1 4.58104E-1 4.25955E-1
2.08354E-1 1.73295E-1 1.41897E-1 1.42981E-1 1.53353E-1 2.17587E-1 1.75141E-1 1.65441E-1 1.64488E-1 2.95359E-1 2.61621E-1 3.40288E-1 3.94346E-1 3.52238E-1 3.71865E-1 4.13511E-1 4.39405E-1 4.57147E-1 4.67355E-1 4.10371E-1 5.39779E-1 5.94121E-1 5.11859E-1 4.0654E-1 3.43085E-1 2.68004E-1 2.46233E-1 2.14227E-1 3.59518E-1 4.03063E-1 3.33932E-1 2.74588E-1 3.54996E-1 4.13288E-1 4.72552E-1 5.48356E-1 6.01379E-1 5.95468E-1 3.97015E-1 3.90742E-1 3.46478E-1 3.59726E-1 2.30608E-1 3.72434E-1 6.25891E-2 3.27548E-1 2.34849E-1 1.79907E-1 2.11639E-1 2.40367E-1 2.82517E-1 3.90057E-1 4.504E-1 5.32154E-1 5.06321E-1 6.02493E-1 6.29082E-1 5.41321E-1 4.6183E-1 4.21022E-1
