Phytophthora/models/20240506_1522_03/Phytophthora_PA3_RUN1_MAXENT_outputs/Phytophthora_PA3_RUN1.asc
ncols         225
nrows         269
xllcorner     473009.9838
yllcorner     4429051.1748
cellsize      50.0
NODATA_value  -9999
[rows 130 to 155 of 269, columns 120 to 179 of 225]
9.53306E-2 1.65862E-1 1.62186E-1 1.57993E-1 3.22723E-1 3.9751E-1 4.96219E-1 5.13606E-1 4.60623E-1 5.25094E-1 5.81622E-1 6.25583E-1 6.39261E-1 5.48928E-1 4.46969E-1 4.77424E-1 4.73238E-1 -9999 -9999 -9999 -9999 -9999 -9999 -9999 -9999 -9999 1.71376E-1 2.25283E-1 2.558E-1 2.77583E-1 3.17725E-1 2.61176E-1 2.58229E-1 1.48362E-1 2.92537E-1 3.28753E-1 2.89025E-1 2.51411E-1 2.45984E-1 2.25681E-1 1.57663E-1 2.73246E-1 3.12207E-1 3.10387E-1 2.6625E-1 2.27643E-1 1.97843E-1 1.61089E-1 1.03663E-1 7.12207E-2 8.55767E-2 5.89792E-2 1.66347E-1 1.73391E-1 1.69623E-1 1.90301E-1 2.98258E-1 2.69901E-1 2.57078E-1 2.4064E-1
1.1835E-1 1.2568E-1 1.14781E-1 1.61636E-1 2.88898E-1 3.75922E-1 4.12298E-1 4.82096E-1 3.82065E-1 3.58537E-1 4.4709E-1 6.4587E-1 6.80144E-1 6.28029E-1 5.00813E-1 4.88676E-1 4.697E-1 -9999 -9999 -9999 -9999 -9999 -9999 -9999 -9999 -9999 2.4386E-1 2.89227E-1 3.13623E-1 3.28733E-1 3.17806E-1 -9999 1.73064E-1 2.84975E-1 2.85476E-1 2.37193E-1 2.57334E-1 2.55638E-1 2.22938E-1 2.25909E-1 2.36741E-1 2.48127E-1 3.04459E-1 3.97316E-1 3.92278E-1 2.82741E-1 2.35076E-1 1.77485E-1 1.28583E-1 1.09066E-1 1.10862E-1 1.262E-1 1.29877E-1 2.11166E-1 2.37206E-1 2.45766E-1 3.148E-1 3.29259E-1 2.86819E-1 2.80309E-1
1.06588E-1 9.45181E-2 7.84333E-2 1.62827E-1 2.48412E-1 3.00344E-1 3.67642E-1 2.54522E-1 2.90716E-1 5.17058E-1 5.94684E-1 6.55786E-1 6.85667E-1 6.52124E-1 6.24873E-1 5.35748E-1 -9999 -9999 -9999 -9999 -9999 -9999 -9999 -9999 -9999 -9999 -9999 -9999 -9999 -9999 -9999 -9999 -9999 2.58714E-1 2.91505E-1 2.58572E-1 2.69731E-1 2.31736E-1 1.92661E-1 2.08373E-1 2.35054E-1 2.53907E-1 1.83852E-1 3.0786E-1 4.312E-1 3.77306E-1 2.82182E-1 1.91998E-1 1.48153E-1 1.34854E-1 1.43595E-1 1.40585E-1 5.28405E-2 2.24529E-1 2.12479E-1 2.15008E-1 2.74725E-1 3.23212E-1 3.64743E-1 3.25992E-1
1.02172E-1 9.31162E-2 9.88365E-2 1.92487E-1 2.56444E-1 3.28595E-1 4.01148E-1 2.9859E-1 4.72386E-1 4.78081E-1 5.57714E-1 5.61149E-1 5.7786E-1 5.47414E-1 5.68091E-1 4.61402E-1 -9999 -9999 -9999 -9999 -9999 -9999 -9999 -9999 -9999 -9999 -9999 -9999 -9999 -9999 -9999 -9999 -9999 1.74454E-1 2.449E-1 3.1856E-1 3.40622E-1 2.47178E-1 1.9316E-1 2.2939E-1 2.51439E-1 2.11598E-1 1.48628E-1 2.94018E-1 4.15474E-1 3.74871E-1 3.2173E-1 1.82351E-1 1.55882E-1 1.7774E-1 1.91092E-1 1.89613E-1 1.91093E-1 1.70175E-1 3.0883E-1 1.43728E-1 2.40894E-1 4.59033E-1 4.18033E-1 3.65358E-1
9.84596E-2 1.07724E-1 1.67305E-1 2.18557E-1 2.74825E-1 3.50305E-1 4.41557E-1 5.03332E-1 3.85544E-1 5.14232E-1 5.14683E-1 4.83312E-1 4.82579E-1 4.94695E-1 4.43793E-1 2.78879E-1 -9999 -9999 -9999 -9999 -9999 -9999 -9999 -9999 -9999 -9999 -9999 -9999 -9999 -9999 -9999 -9999 -9999 2.71896E-1 2.22734E-1 3.24445E-1 4.21899E-1 2.6427E-1 2.25437E-1 2.50509E-1 2.55825E-1 1.72787E-1 2.68427E-1 2.991E-1 3.36882E-1 3.46149E-1 3.27314E-1 1.66004E-1 1.69492E-1 1.91872E-1 2.16158E-1 2.36138E-1 2.25799E-1 1.92804E-1 3.27394E-1 4.20147E-1 4.1487E-1 4.73794E-1 4.41145E-1 3.8814E-1
1.49112E-1 1.78053E-1 2.21858E-1 3.01272E-1 3.12254E-1 3.63234E-1 4.42783E-1 5.36777E-1 5.58308E-1 5.31873E-1 4.65862E-1 4.38977E-1 4.90958E-1 5.00584E-1 4.95664E-1 -9999 -9999 -9999 -9999 -9999 -9999 -9999 -9999 -9999 -9999 -9999 -9999 -9999 -9999 -9999 -9999 -9999 -9999 3.01276E-1 2.06748E-1 3.01866E-1 2.85825E-1 2.91287E-1 3.07043E-1 2.85508E-1 1.9489E-1 2.52496E-1 2.50118E-1 2.59601E-1 3.23683E-1 3.15748E-1 2.85729E-1 1.98493E-1 1.84253E-1 2.13837E-1 2.3862E-1 2.5754E-1 3.10012E-1 2.36184E-1 4.26194E-1 4.70954E-1 4.7376E-1 3.15349E-1 3.17682E-1 3.5583E-1
1.96715E-1 2.18786E-1 2.53438E-1 3.19558E-1 2.66734E-1 3.32964E-1 4.3552E-1 5.0418E-1 6.07343E-1 6.35544E-1 5.12972E-1 -9999 -9999 -9999 -9999 -9999 -9999 -9999 -9999 -9999 -9999 -9999 -9999 -9999 -9999 -9999 -9999 -9999 -9999 -9999 -9999 -9999 -9999 -9999 2.12413E-1 2.53557E-1 1.88658E-1 2.56659E-1 4.68273E-1 4.10149E-1 2.8191E-1 2.78609E-1 2.36732E-1 2.23555E-1 2.99299E-1 2.76459E-1 2.97119E-1 2.23665E-1 2.12413E-1 2.24564E-1 2.59169E-1 2.58721E-1 3.45107E-1 2.14315E-1 3.71104E-1 4.20732E-1 3.93375E-1 4.06991E-1 3.42606E-1 2.45692E-1
2.19514E-1 2.57036E-1 3.43822E-1 2.06859E-1 2.27284E-1 3.7801E-1 4.13268E-1 4.55506E-1 4.2264E-1 6.03518E-1 6.07839E-1 -9999 -9999 -9999 -9999 -9999 -9999 -9999 -9999 -9999 -9999 -9999 -9999 -9999 -9999 -9999 -9999 -9999 -9999 -9999 -9999 -9999 -9999 -9999 1.54024E-1 2.82595E-1 2.9662E-1 2.53833E-1 3.97968E-1 4.54417E-1 3.10358E-1 3.57398E-1 2.63905E-1 2.23143E-1 2.82596E-1 2.34375E-1 3.03269E-1 2.32718E-1 2.37939E-1 2.41276E-1 2.46481E-1 2.55141E-1 2.64715E-1 2.78838E-1 3.88938E-1 3.04058E-1 3.25239E-1 3.90559E-1 3.46736E-1 2.94495E-1
2.37409E-1 2.45685E-1 3.66991E-1 3.34176E-1 3.55748E-1 2.84591E-1 3.68152E-1 4.05626E-1 3.23389E-1 4.85684E-1 5.93383E-1 5.46138E-1 -9999 -9999 -9999 -9999 -9999 -9999 -9999 -9999 -9999 -9999 -9999 -9999 -9999 -9999 -9999 -9999 -9999 -9999 -9999 -9999 -9999 -9999 2.26451E-1 2.99113E-1 3.68688E-1 3.17893E-1 3.45311E-1 4.74302E-1 3.06111E-1 4.21001E-1 3.94624E-1 2.65881E-1 2.91039E-1 2.4107E-1 3.04344E-1 2.33916E-1 2.54253E-1 2.6753E-1 1.6165E-1 1.57079E-1 1.80828E-1 2.57949E-1 2.94429E-1 2.43343E-1 3.36977E-1 4.1159E-1 2.85211E-1 2.54505E-1
2.49244E-1 2.93759E-1 2.55137E-1 3.38007E-1 2.35165E-1 3.54524E-1 3.35358E-1 3.54295E-1 3.51414E-1 4.14988E-1 3.26621E-1 -9999 -9999 -9999 -9999 -9999 -9999 -9999 -9999 -9999 -9999 -9999 -9999 -9999 -9999 -9999 -9999 -9999 -9999 -9999 -9999 -9999 -9999 -9999 -9999 1.54348E-1 2.33686E-1 2.31584E-1 2.45032E-1 3.99385E-1 3.13854E-1 4.11579E-1 3.94367E-1 3.43831E-1 2.81668E-1 2.38792E-1 2.97865E-1 2.45802E-1 2.69115E-1 2.72597E-1 1.23033E-1 2.09248E-1 2.15298E-1 2.48043E-1 2.385E-1 2.35893E-1 3.16697E-1 3.10939E-1 3.56475E-1 3.78177E-1
2.87678E-1 2.9509E-1 3.61325E-1 3.40475E-1 3.2803E-1 3.72559E-1 3.45654E-1 2.39126E-1 3.64365E-1 2.42746E-1 -9999 -9999 -9999 -9999 -9999 -9999 -9999 -9999 -9999 -9999 -9999 -9999 -9999 -9999 -9999 -9999 -9999 -9999 -9999 -9999 -9999 -9999 -9999 -9999 -9999 8.81853E-2 2.239E-1 2.49979E-1 2.04139E-1 2.19964E-1 4.37657E-1 4.16286E-1 3.55199E-1 3.03505E-1 2.4723E-1 2.29723E-1 2.83641E-1 2.57226E-1 2.73834E-1 2.64838E-1 1.29693E-1 2.05484E-1 1.91735E-1 1.88914E-1 1.72089E-1 1.45856E-1 2.13861E-1 2.64399E-1 3.43183E-1 3.28183E-1
2.1164E-1 3.95203E-1 3.44523E-1 2.17739E-1 3.53491E-1 3.63951E-1 3.43709E-1 2.10315E-1 1.82828E-1 3.27013E-1 -9999 -9999 -9999 -9999 -9999 -9999 1.77678E-1 6.88336E-2 7.69334E-2 1.31183E-1 1.10083E-1 2.25105E-1 1.25307E-1 1.32905E-1 1.96118E-1 2.29046E-1 -9999 -9999 -9999 -9999 -9999 -9999 -9999 -9999 -9999 2.47808E-1 1.69209E-1 1.31405E-1 2.78619E-1 3.14207E-1 3.88072E-1 3.82141E-1 3.04254E-1 2.58882E-1 2.03485E-1 2.23645E-1 2.47946E-1 2.51415E-1 2.61892E-1 2.53611E-1 1.54383E-1 2.04649E-1 1.83609E-1 1.6969E-1 1.5871E-1 1.31962E-1 1.42925E-1 2.01739E-1 2.52075E-1 2.89962E-1
2.54433E-1 4.35301E-1 3.61847E-1 1.98197E-1 3.2957E-1 3.46954E-1 3.57395E-1 2.19541E-1 3.29544E-1 -9999 -9999 -9999 -9999 -9999 -9999 -9999 1.79786E-1 8.55171E-2 1.04373E-1 1.41441E-1 2.82567E-1 2.81235E-1 1.27247E-1 1.61954E-1 2.45133E-1 2.95074E-1 3.3312E-1 -9999 -9999 -9999 -9999 -9999 -9999 -9999 -9999 2.72097E-1 1.81016E-1 2.95423E-1 2.94003E-1 2.76841E-1 2.71754E-1 3.28606E-1 2.64952E-1 2.0242E-1 1.44576E-1 2.19166E-1 2.16445E-1 2.17542E-1 2.20157E-1 2.55022E-1 2.02428E-1 1.75677E-1 1.88182E-1 1.73786E-1 1.59478E-1 6.80288E-2 1.82653E-1 2.39998E-1 2.69112E-1 2.95572E-1
3.63581E-1 3.47735E-1 2.85666E-1 3.02165E-1 1.93453E-1 1.63579E-1 2.11639E-1 3.48844E-1 -9999 -9999 -9999 -9999 -9999 -9999 -9999 -9999 1.62677E-1 8.91527E-2 1.37158E-1 1.60441E-1 2.67929E-1 2.02338E-1 1.8363E-1 2.64883E-1 2.86004E-1 3.34953E-1 3.5877E-1 -9999 -9999 -9999 -9999 -9999 -9999 -9999 -9999 3.36922E-1 1.8569E-1 3.32705E-1 2.85618E-1 2.25239E-1 1.98522E-1 1.80586E-1 2.24387E-1 1.74472E-1 8.27211E-2 2.0811E-1 1.67348E-1 1.81861E-1 1.88581E-1 2.41751E-1 2.90582E-1 1.7821E-1 1.20419E-1 2.14779E-1 9.84583E-2 2.42633E-1 2.04322E-1 1.8047E-1 2.17633E-1 2.83548E-1
2.72549E-1 2.46931E-1 2.71809E-1 3.37124E-1 3.15305E-1 2.31313E-1 -9999 -9999 -9999 -9999 -9999 -9999 -9999 -9999 -9999 -9999 2.11494E-1 1.5082E-1 1.78351E-1 1.96768E-1 2.18862E-1 9.19249E-2 2.4392E-1 3.26483E-1 3.39228E-1 3.4437E-1 3.81616E-1 -9999 -9999 -9999 -9999 -9999 -9999 -9999 -9999 4.67607E-1 2.49816E-1 3.92913E-1 3.18519E-1 2.41672E-1 1.85382E-1 1.39662E-1 1.18878E-1 1.79611E-1 5.09957E-2 1.65503E-1 1.51631E-1 1.53032E-1 1.60517E-1 1.90284E-1 2.98528E-1 3.20609E-1 2.71656E-1 1.47939E-1 3.61652E-1 3.16392E-1 2.41642E-1 1.99155E-1 1.9065E-1 2.33915E-1
2.74545E-1 3.68993E-1 4.01084E-1 3.83593E-1 3.19003E-1 -9999 -9999 -9999 -9999 -9999 -9999 -9999 -9999 -9999 -9999 -9999 2.61366E-1 2.24112E-1 2.35616E-1 2.75727E-1 2.71096E-1 2.81475E-1 3.23928E-1 -9999 -9999 -9999 -9999 -9999 -9999 -9999 -9999 -9999 -9999 -9999 -9999 -9999 4.2539E-1 4.639E-1 4.12687E-1 3.1517E-1 2.4457E-1 1.77808E-1 1.38725E-1 1.12728E-1 4.79036E-2 1.39189E-1 1.17522E-1 1.20944E-1 1.46991E-1 1.55125E-1 2.02051E-1 2.57594E-1 2.93153E-1 1.38686E-1 2.48469E-1 2.39221E-1 1.86188E-1 1.55089E-1 1.3767E-1 1.92811E-1
2.71823E-1 1.77048E-1 2.46046E-1 2.66743E-1 -9999 -9999 -9999 -9999 -9999 -9999 -9999 -9999 -9999 -9999 -9999 -9999 2.02995E-1 2.76954E-1 3.0248E-1 3.34258E-1 3.96218E-1 3.21624E-1 3.71377E-1 4.77236E-1 -9999 -9999 -9999 -9999 -9999 -9999 -9999 -9999 -9999 -9999 -9999 -9999 6.95748E-1 5.02234E-1 5.83273E-1 4.58217E-1 3.45527E-1 2.47859E-1 1.6567E-1 1.42083E-1 5.21404E-2 1.56132E-1 9.45305E-2 1.18541E-1 1.12739E-1 1.06205E-1 6.16616E-2 1.47344E-1 1.20084E-1 1.25006E-1 6.70882E-2 1.45288E-1 1.50644E-1 1.16256E-1 8.43107E-2 9.80808E-2
2.22161E-1 1.65606E-1 1.27561E-1 1.64482E-1 1.50311E-1 -9999 -9999 -9999 -9999 -9999 -9999 -9999 -9999 -9999 -9999 1.7029E-1 1.72771E-1 3.28172E-1 3.8548E-1 3.8204E-1 4.71113E-1 4.4789E-1 4.60016E-1 5.57345E-1 -9999 -9999 -9999 -9999 -9999 -9999 -9999 -9999 -9999 -9999 -9999 -9999 6.06646E-1 5.3037E-1 6.36362E-1 5.82549E-1 4.54754E-1 2.07151E-1 1.41327E-1 2.31664E-1 9.21898E-2 1.59784E-1 1.1129E-1 7.92445E-2 1.25318E-1 7.36001E-2 7.04054E-2 9.38414E-2 1.08202E-1 1.15923E-1 9.26573E-2 1.07321E-1 1.52253E-1 1.32455E-1 1.10949E-1 1.36656E-1
1.20783E-1 3.40801E-1 1.26806E-1 1.76702E-1 1.02009E-1 1.16787E-1 6.78565E-2 1.54162E-1 3.5188E-1 -9999 -9999 -9999 1.46591E-1 2.22965E-1 2.05481E-1 3.85265E-1 2.57092E-1 4.18259E-1 4.55259E-1 4.58878E-1 5.2629E-1 5.81862E-1 6.01774E-1 6.3434E-1 -9999 5.64963E-1 6.13678E-1 6.28555E-1 6.37549E-1 5.46072E-1 6.62101E-1 6.35728E-1 6.38847E-1 -9999 -9999 -9999 5.19556E-1 4.89824E-1 3.1515E-1 4.2083E-1 4.03848E-1 3.50646E-1 2.80658E-1 2.65161E-1 1.49205E-1 1.64372E-1 1.78898E-1 1.91497E-1 8.39653E-2 7.18574E-2 8.29832E-2 1.13215E-1 1.50892E-1 1.53016E-1 1.19907E-1 1.23965E-1 1.80733E-1 1.81354E-1 1.58628E-1 1.56139E-1
1.3862E-1 3.74826E-1 1.69382E-1 1.43403E-1 7.54864E-2 9.99114E-2 9.9003E-2 1.80759E-1 2.20004E-1 3.95548E-1 3.08529E-1 2.40616E-1 2.02055E-1 1.24478E-1 2.89197E-1 2.64978E-1 2.16712E-1 3.98095E-1 5.19645E-1 5.54372E-1 5.91348E-1 3.68249E-1 6.23525E-1 6.46851E-1 4.76507E-1 3.69139E-1 4.16998E-1 4.90838E-1 6.05924E-1 6.50896E-1 6.23231E-1 5.77779E-1 5.95909E-1 5.90616E-1 -9999 -9999 5.64256E-1 2.87809E-1 3.76452E-1 2.27539E-1 3.31403E-1 2.87578E-1 2.31047E-1 2.69879E-1 2.72963E-1 2.44419E-1 1.93349E-1 7.66831E-2 8.5734E-2 9.58153E-2 1.1853E-1 1.48154E-1 1.76449E-1 1.7171E-1 1.51647E-1 1.5073E-1 2.41797E-1 2.06302E-1 1.61309E-1 1.68748E-1
2.29143E-1 2.02957E-1 3.72277E-1 1.6576E-1 8.96916E-2 9.52452E-2 7.18395E-2 9.52749E-2 1.09705E-1 1.36857E-1 5.2524E-1 3.21562E-1 2.23748E-1 3.45899E-1 3.50083E-1 1.81969E-1 2.92075E-1 3.84395E-1 4.11422E-1 5.01013E-1 4.53134E-1 5.95107E-1 5.63492E-1 5.8052E-1 6.50505E-1 5.20042E-1 5.6908E-1 6.20129E-1 6.1869E-1 6.18705E-1 5.35677E-1 5.43189E-1 5.25864E-1 5.05072E-1 5.30116E-1 5.5494E-1 4.11812E-1 4.83397E-1 3.70545E-1 3.22267E-1 1.83945E-1 3.1804E-1 3.06706E-1 2.75511E-1 2.6588E-1 1.76048E-1 1.18422E-1 1.46707E-1 8.94976E-2 1.16662E-1 1.53912E-1 1.95747E-1 2.4158E-1 2.00923E-1 2.27286E-1 1.74298E-1 2.52226E-1 2.04483E-1 1.83822E-1 2.41249E-1
2.74797E-1 2.21872E-1 1.85956E-1 2.82E-1 1.1063E-1 1.20826E-1 8.61128E-2 1.1131E-1 1.50312E-1 1.51214E-1 2.0974E-1 5.25577E-1 4.72449E-1 2.21613E-1 1.5061E-1 2.07659E-1 2.83899E-1 3.26579E-1 4.09045E-1 4.95012E-1 5.82965E-1 5.0295E-1 5.83342E-1 3.76637E-1 6.19357E-1 5.1906E-1 5.13474E-1 5.91395E-1 6.03297E-1 5.58259E-1 5.17607E-1 5.12854E-1 5.18705E-1 5.60609E-1 5.79326E-1 4.54923E-1 4.0797E-1 4.02272E-1 3.54844E-1 3.3451E-1 3.01653E-1 2.39313E-1 2.68928E-1 2.47492E-1 1.99567E-1 1.59467E-1 1.49734E-1 9.69891E-2 9.48609E-2 1.23673E-1 1.70992E-1 2.21165E-1 2.70471E-1 2.2039E-1 2.01898E-1 1.25128E-1 2.43677E-1 2.05771E-1 3.04142E-1 3.18582E-1
2.94951E-1 3.20373E-1 2.89499E-1 2.44122E-1 2.5711E-1 2.12863E-1 1.66592E-1 1.92791E-1 2.08457E-1 2.07286E-1 1.40511E-1 2.21475E-1 1.89977E-1 1.40235E-1 1.81685E-1 2.20777E-1 2.75558E-1 3.10261E-1 3.84811E-1 4.33114E-1 4.84131E-1 4.36309E-1 5.67598E-1 4.31862E-1 4.104E-1 2.63699E-1 3.32151E-1 5.40542E-1 5.53744E-1 4.85007E-1 4.64449E-1 4.45351E-1 5.13794E-1 5.51653E-1 5.54985E-1 4.00396E-1 3.44634E-1 5.04072E-1 3.02766E-1 2.96821E-1 3.10278E-1 2.82655E-1 3.05289E-1 3.23964E-1 2.38601E-1 2.59736E-1 2.75858E-1 1.09154E-1 1.0965E-1 1.35341E-1 1.80148E-1 2.36015E-1 2.69484E-1 1.79713E-1 1.94082E-1 1.38485E-1 2.58528E-1 2.56492E-1 3.47991E-1 2.49966E-1
3.4083E-1 2.68825E-1 2.82073E-1 3.35782E-1 3.46678E-1 2.96211E-1 2.05884E-1 2.07315E-1 2.10365E-1 1.99894E-1 1.60073E-1 2.06217E-1 2.12458E-1 1.78782E-1 1.74392E-1 1.83796E-1 2.02658E-1 2.20457E-1 2.7388E-1 3.22027E-1 3.90112E-1 3.6341E-1 4.15877E-1 2.71435E-1 2.41609E-1 3.91161E-1 4.95393E-1 4.76601E-1 4.62668E-1 4.27852E-1 4.11799E-1 4.34282E-1 4.77771E-1 4.55995E-1 4.49941E-1 4.12111E-1 4.53411E-1 4.26663E-1 2.45236E-1 2.40315E-1 3.0008E-1 3.1148E-1 2.87212E-1 3.36171E-1 2.82449E-1 2.13334E-1 1.81534E-1 1.13005E-1 1.14738E-1 1.42945E-1 2.00543E-1 2.44395E-1 2.85319E-1 2.48982E-1 2.0492E-1 1.96876E-1 2.92217E-1 3.76863E-1 3.87064E-1 2.17512E-1
3.87015E-1 3.72872E-1 2.41471E-1 3.52577E-1 1.96989E-1 3.15798E-1 2.41063E-1 2.09208E-1 1.99141E-1 1.30056E-1 1.34234E-1 2.26676E-1 2.71858E-1 2.11293E-1 1.97556E-1 1.69442E-1 1.74919E-1 1.55219E-1 1.55548E-1 2.09931E-1 2.82383E-1 3.29999E-1 4.17103E-1 3.99866E-1 3.95599E-1 3.67491E-1 3.46702E-1 4.89702E-1 1.54434E-1 4.27958E-1 3.91892E-1 4.27178E-1 4.65037E-1 4.47306E-1 4.2023E-1 4.25066E-1 4.37276E-1 4.08688E-1 3.17911E-1 2.048E-1 2.92654E-1 3.34456E-1 2.07189E-1 3.2608E-1 2.71127E-1 1.73306E-1 1.42911E-1 1.32836E-1 1.14096E-1 1.52682E-1 1.95237E-1 2.46711E-1 3.02286E-1 2.86357E-1 1.77841E-1 1.89235E-1 2.84929E-1 3.81793E-1 4.01299E-1 2.27894E-1
3.74141E-1 3.70718E-1 2.99827E-1 3.65802E-1 3.65591E-1 2.25271E-1 3.2112E-1 2.88802E-1 2.48726E-1 2.06255E-1 3.08241E-1 3.50353E-1 3.68931E-1 3.08937E-1 2.71914E-1 2.18815E-1 2.22805E-1 2.58489E-1 2.74587E-1 2.48936E-1 2.7217E-1 2.42449E-1 3.89623E-1 3.64041E-1 3.58211E-1 3.42899E-1 2.87406E-1 2.61957E-1 1.82775E-1 3.90827E-1 3.78137E-1 4.13078E-1 4.62533E-1 4.62622E-1 4.0987E-1 4.38511E-1 4.40512E-1 4.08714E-1 3.72114E-1 3.10014E-1 3.12618E-1 3.46803E-1 2.64335E-1 3.34272E-1 3.25218E-1 8.49177E-2 1.37639E-1 1.31326E-1 1.11411E-1 1.51461E-1 2.06319E-1 2.77186E-1 3.52464E-1 3.29239E-1 1.56719E-1 2.58808E-1 3.10661E-1 4.03767E-1 4.21986E-1 2.45935E-1
