Phytophthora/models/20240506_1522_03/Phytophthora_PA3_RUN1_MAXENT_outputs/Phytophthora_PA3_RUN1.asc
ncols         225
nrows         269
xllcorner     473009.9838
yllcorner     4429051.1748
cellsize      50.0
NODATA_value  -9999
[rows 52 to 77 of 269, columns 60 to 119 of 225]
1.78519E-3 8.61254E-4 1.26131E-3 2.66475E-3 3.33956E-3 3.61044E-3 6.59323E-3 3.99934E-3 9.59603E-3 1.17673E-2 1.42609E-2 1.15479E-2 5.64758E-3 8.81873E-3 9.22405E-3 8.47288E-3 8.87782E-3 8.59712E-3 8.53002E-3 9.58016E-3 1.13957E-2 1.2945E-2 1.33979E-2 8.19738E-3 -9999 -9999 -9999 -9999 -9999 -9999 -9999 -9999 -9999 -9999 -9999 -9999 -9999 -9999 -9999 -9999 -9999 -9999 -9999 -9999 -9999 -9999 -9999 -9999 -9999 -9999 -9999 -9999 -9999 -9999 -9999 -9999 -9999 -9999 -9999 -9999
1.82536E-3 6.8993E-4 1.80067E-3 1.91239E-3 3.54145E-3 4.34912E-3 5.94323E-3 5.07492E-3 8.60541E-3 7.89868E-3 4.87519E-3 3.98639E-3 4.05862E-3 6.98726E-3 9.15073E-3 9.03295E-3 8.02511E-3 6.57107E-3 6.60543E-3 7.49921E-3 9.388E-3 1.18983E-2 1.30147E-2 7.93367E-3 1.63782E-2 1.96246E-2 -9999 -9999 -9999 -9999 -9999 -9999 -9999 -9999 -9999 -9999 -9999 -9999 -9999 -9999 -9999 -9999 -9999 -9999 -9999 -9999 -9999 -9999 -9999 -9999 -9999 -9999 -9999 -9999 -9999 -9999 -9999 -9999 -9999 -9999
1.66381E-3 1.13442E-3 1.80012E-3 1.1898E-3 3.19959E-3 4.16936E-3 5.2513E-3 4.99533E-3 4.6503E-3 3.66356E-3 3.35033E-3 3.64992E-3 6.65236E-3 5.86995E-3 1.58225E-2 1.13059E-2 9.42845E-3 7.67877E-3 5.73389E-3 5.80164E-3 9.25031E-3 1.51672E-2 1.21444E-2 5.82229E-3 1.42611E-2 1.74742E-2 1.46833E-2 9.9005E-3 1.41888E-2 3.49352E-2 6.86699E-2 3.98573E-2 -9999 -9999 -9999 -9999 -9999 -9999 -9999 -9999 -9999 -9999 -9999 -9999 -9999 -9999 -9999 -9999 -9999 -9999 -9999 -9999 -9999 -9999 -9999 -9999 -9999 -9999 -9999 -9999
7.2729E-4 1.00198E-3 1.89327E-3 1.94234E-3 2.29227E-3 2.9331E-3 4.18042E-3 4.8661E-3 4.12756E-3 2.82635E-3 3.83509E-3 3.54775E-3 6.45696E-3 1.13951E-2 4.93665E-3 6.03917E-3 1.01601E-2 8.87121E-3 6.9461E-3 7.14896E-3 1.34652E-2 1.10561E-2 7.7793E-3 8.24666E-3 1.27977E-2 1.28082E-2 1.28013E-2 1.14945E-2 1.29425E-2 7.79275E-3 6.60144E-2 3.83239E-2 3.8729E-2 -9999 -9999 -9999 -9999 -9999 -9999 -9999 -9999 -9999 -9999 -9999 -9999 -9999 -9999 -9999 -9999 -9999 -9999 -9999 -9999 -9999 -9999 -9999 -9999 -9999 -9999 -9999
1.1185E-3 1.42342E-3 1.85236E-3 2.88031E-3 3.42707E-3 4.10119E-3 4.34884E-3 2.55339E-3 3.98261E-3 3.1486E-3 2.92506E-3 2.23232E-3 1.73148E-3 1.97698E-3 5.11372E-3 2.78811E-3 7.55367E-3 8.55352E-3 8.04429E-3 9.40928E-3 1.13345E-2 7.37783E-3 7.95029E-3 1.01802E-2 6.42665E-3 9.24719E-3 1.25309E-2 1.30231E-2 1.37145E-2 5.94754E-3 3.80046E-2 4.13779E-2 4.18522E-2 -9999 -9999 -9999 -9999 -9999 -9999 -9999 -9999 -9999 -9999 -9999 -9999 -9999 -9999 -9999 -9999 -9999 -9999 -9999 -9999 -9999 -9999 -9999 -9999 -9999 -9999 -9999
1.00079E-3 1.21163E-3 1.33157E-3 2.20771E-3 3.71359E-3 4.87411E-3 4.8383E-3 2.67335E-3 3.31165E-3 3.34979E-3 2.59441E-3 1.98038E-3 1.09793E-3 1.21987E-3 2.1863E-3 2.22667E-3 3.83291E-3 8.98227E-3 8.80366E-3 1.32293E-2 1.31524E-2 6.05012E-3 6.94821E-3 8.72105E-3 6.03294E-3 1.30788E-2 1.45649E-2 1.43849E-2 1.13328E-2 1.07449E-2 1.96985E-2 5.47334E-2 6.22749E-2 -9999 -9999 -9999 -9999 -9999 -9999 -9999 -9999 -9999 -9999 -9999 -9999 -9999 -9999 -9999 -9999 -9999 -9999 -9999 -9999 -9999 -9999 -9999 -9999 -9999 -9999 -9999
9.91075E-4 9.57008E-4 9.02119E-4 1.33583E-3 1.95044E-3 3.19067E-3 5.28734E-3 4.12296E-3 2.83402E-3 1.81894E-3 2.3704E-3 2.29476E-3 2.30277E-3 3.26011E-3 4.13625E-3 4.88523E-3 6.14488E-3 5.21012E-3 1.15403E-2 1.27054E-2 1.63726E-2 6.47536E-3 6.11097E-3 8.45953E-3 7.20468E-3 1.01546E-2 1.30264E-2 1.28715E-2 1.03568E-2 9.16009E-3 1.31497E-2 5.20399E-2 5.42303E-2 2.46774E-2 -9999 -9999 -9999 -9999 -9999 -9999 -9999 -9999 -9999 -9999 -9999 -9999 -9999 -9999 -9999 -9999 -9999 -9999 -9999 -9999 -9999 -9999 -9999 -9999 -9999 -9999
8.52375E-4 8.43988E-4 8.28034E-4 1.12026E-3 1.37713E-3 2.56095E-3 4.55114E-3 3.38248E-3 3.23876E-3 3.17153E-3 1.65703E-3 3.51637E-3 3.78984E-3 4.00173E-3 4.15745E-3 4.40085E-3 5.70391E-3 7.91658E-3 5.17127E-3 6.11739E-3 1.53231E-2 7.11062E-3 6.29861E-3 7.82476E-3 8.15677E-3 7.02045E-3 1.10338E-2 1.12352E-2 1.04596E-2 8.56254E-3 1.17657E-2 3.22792E-2 4.65994E-2 2.79811E-2 -9999 -9999 -9999 -9999 -9999 -9999 -9999 -9999 -9999 -9999 -9999 -9999 -9999 -9999 -9999 -9999 -9999 -9999 -9999 -9999 -9999 -9999 -9999 -9999 -9999 -9999
7.3712E-4 7.65415E-4 9.69389E-4 1.35923E-3 1.51379E-3 1.77368E-3 2.6561E-3 2.32215E-3 2.59782E-3 2.97828E-3 2.68747E-3 2.17994E-3 2.7379E-3 4.52839E-3 4.90258E-3 5.42104E-3 5.90262E-3 6.939E-3 7.58566E-3 6.05832E-3 9.60176E-3 7.11706E-3 7.47656E-3 8.0233E-3 7.96949E-3 6.55119E-3 9.5122E-3 9.29723E-3 9.29951E-3 1.02151E-2 1.40551E-2 3.66703E-2 5.69886E-2 2.69592E-2 5.0472E-2 -9999 -9999 -9999 -9999 -9999 -9999 -9999 -9999 -9999 -9999 -9999 -9999 -9999 -9999 -9999 -9999 -9999 -9999 -9999 -9999 -9999 -9999 -9999 -9999 -9999
7.06011E-4 7.43178E-4 1.00294E-3 1.45123E-3 1.88691E-3 1.96221E-3 1.7671E-3 1.82315E-3 2.43803E-3 2.62761E-3 1.41027E-3 3.35926E-3 4.3095E-3 3.6791E-3 4.06839E-3 4.45937E-3 2.83989E-3 3.41273E-3 7.41346E-3 7.46839E-3 3.59663E-3 7.93374E-3 8.28679E-3 8.84131E-3 7.75216E-3 5.82669E-3 8.96664E-3 8.21223E-3 7.88317E-3 1.11418E-2 1.8499E-2 3.18667E-2 5.54598E-2 4.41428E-2 2.40664E-2 3.7907E-2 -9999 -9999 -9999 -9999 -9999 -9999 -9999 -9999 -9999 -9999 -9999 -9999 -9999 -9999 -9999 -9999 -9999 -9999 -9999 -9999 -9999 -9999 -9999 -9999
6.60091E-4 6.82082E-4 9.3531E-4 1.06437E-3 1.90386E-3 1.60656E-3 1.2486E-3 1.48359E-3 2.02506E-3 1.68064E-3 2.30679E-3 3.44526E-3 4.46129E-3 4.85756E-3 3.76088E-3 4.51884E-3 6.13607E-3 6.30467E-3 6.80222E-3 8.17031E-3 9.29468E-3 7.74464E-3 4.45658E-3 7.27583E-3 8.52042E-3 6.7252E-3 8.8009E-3 7.55398E-3 7.63851E-3 1.08539E-2 2.16713E-2 2.93874E-2 5.20605E-2 1.99765E-2 3.6094E-2 1.90333E-2 -9999 -9999 -9999 -9999 -9999 -9999 -9999 -9999 -9999 -9999 -9999 -9999 -9999 -9999 -9999 -9999 -9999 -9999 -9999 -9999 -9999 -9999 -9999 -9999
6.02652E-4 6.4152E-4 8.85822E-4 1.2083E-3 1.0049E-3 1.69491E-3 1.50452E-3 1.58915E-3 2.03963E-3 1.32148E-3 2.74069E-3 3.35568E-3 3.67239E-3 4.77102E-3 5.47024E-3 2.88239E-3 6.15032E-3 5.59858E-3 5.42435E-3 8.02932E-3 7.66934E-3 1.4652E-2 6.59769E-3 3.07143E-3 2.78119E-3 7.32698E-3 7.22328E-3 7.346E-3 9.26407E-3 1.30324E-2 1.3157E-2 2.78715E-2 2.79725E-2 3.34852E-2 3.28612E-2 3.77385E-2 2.40035E-2 -9999 -9999 -9999 -9999 -9999 -9999 -9999 -9999 -9999 -9999 -9999 -9999 -9999 -9999 -9999 -9999 -9999 -9999 -9999 -9999 -9999 -9999 -9999
7.34312E-4 8.02218E-4 9.80346E-4 1.35781E-3 1.00286E-3 2.10972E-3 1.71361E-3 1.72084E-3 2.02536E-3 2.5443E-3 2.88281E-3 2.93787E-3 3.13732E-3 4.40257E-3 5.58127E-3 3.0617E-3 6.109E-3 5.91804E-3 4.83771E-3 4.86232E-3 2.95582E-3 1.07251E-2 5.92735E-3 6.56866E-3 7.94835E-3 3.17338E-3 7.03014E-3 8.22084E-3 1.10819E-2 1.54055E-2 2.31448E-2 1.39592E-2 4.46367E-2 3.16439E-2 3.36706E-2 4.36134E-2 3.39829E-2 2.84132E-2 1.48922E-2 1.34131E-2 -9999 -9999 -9999 -9999 -9999 -9999 -9999 -9999 -9999 -9999 -9999 -9999 -9999 -9999 -9999 -9999 -9999 -9999 -9999 -9999
1.02239E-3 1.07098E-3 1.12724E-3 1.55793E-3 1.31269E-3 2.80783E-3 2.23533E-3 1.98346E-3 2.16065E-3 2.76005E-3 2.79838E-3 2.41517E-3 3.0034E-3 4.18122E-3 5.80685E-3 6.70312E-3 4.33944E-3 7.16316E-3 5.02162E-3 3.72632E-3 1.04927E-3 4.59649E-3 4.364E-3 6.01948E-3 6.5092E-3 6.24382E-3 3.28125E-3 7.00763E-3 1.111E-2 6.43504E-3 1.62379E-2 7.44024E-3 4.01347E-2 3.15314E-2 5.38931E-2 4.64337E-2 3.40708E-2 3.32865E-2 2.29783E-2 3.30895E-2 3.58753E-2 3.16256E-2 -9999 -9999 -9999 -9999 -9999 -9999 -9999 -9999 -9999 -9999 -9999 -9999 -9999 -9999 -9999 -9999 -9999 -9999
8.04496E-4 1.40437E-3 1.54856E-3 1.65035E-3 1.41668E-3 2.83761E-3 3.24308E-3 2.62568E-3 2.75028E-3 3.29676E-3 3.66492E-3 3.30686E-3 3.32425E-3 4.92103E-3 5.72342E-3 6.75029E-3 6.00929E-3 1.25142E-2 9.08809E-3 3.33406E-3 1.89359E-3 5.05633E-3 5.00497E-3 6.69943E-3 6.27182E-3 3.37894E-3 7.27581E-3 8.63299E-3 5.9031E-3 1.16985E-2 1.69466E-2 2.60268E-2 1.6153E-2 3.60829E-2 5.36894E-2 1.90062E-2 1.5953E-2 2.58714E-2 3.42907E-2 3.98399E-2 3.51461E-2 2.91404E-2 3.4862E-2 2.52777E-2 -9999 -9999 -9999 -9999 -9999 -9999 -9999 -9999 -9999 -9999 -9999 -9999 -9999 -9999 -9999 -9999
9.74131E-4 1.04295E-3 9.86216E-4 1.65219E-3 2.59483E-3 2.92483E-3 3.64359E-3 2.42035E-3 3.83508E-3 4.49639E-3 4.55464E-3 4.18412E-3 4.1485E-3 5.15734E-3 3.89584E-3 6.14638E-3 3.84649E-3 7.67221E-3 7.42594E-3 3.26607E-3 3.06571E-3 5.79535E-3 5.90188E-3 6.35684E-3 2.89531E-3 6.67215E-3 7.87466E-3 9.28478E-3 5.22261E-3 9.92527E-3 9.97764E-3 9.44317E-3 1.28113E-2 6.06011E-3 5.24362E-2 1.83012E-2 3.84083E-2 4.09607E-2 4.402E-2 4.08487E-2 2.81219E-2 2.57086E-2 3.54342E-2 4.87213E-2 4.14454E-2 8.90947E-2 -9999 -9999 -9999 -9999 -9999 -9999 -9999 -9999 -9999 -9999 -9999 -9999 -9999 -9999
9.62675E-4 8.32758E-4 8.53944E-4 1.14405E-3 2.61117E-3 3.41769E-3 4.3515E-3 5.59056E-3 3.93121E-3 4.48077E-3 3.2933E-3 2.85106E-3 4.40027E-3 5.11586E-3 3.01003E-3 6.51145E-3 5.48284E-3 5.7792E-3 3.836E-3 4.51134E-3 1.42708E-3 6.16572E-3 3.04537E-3 3.50117E-3 5.53859E-3 7.05567E-3 7.20608E-3 9.27493E-3 7.59168E-3 9.68045E-3 9.06442E-3 8.11673E-3 1.31851E-2 4.22381E-2 3.35487E-2 3.39445E-2 3.46741E-2 3.64062E-2 3.58407E-2 2.97565E-2 2.03565E-2 2.05715E-2 2.69821E-2 4.09515E-2 5.92612E-2 -9999 -9999 -9999 -9999 -9999 -9999 -9999 -9999 -9999 -9999 -9999 -9999 -9999 -9999 -9999
9.12461E-4 1.1537E-3 1.42486E-3 2.06861E-3 1.99858E-3 3.57193E-3 3.85591E-3 5.73815E-3 6.54801E-3 6.85485E-3 7.09895E-3 6.68541E-3 4.26225E-3 5.79048E-3 6.44956E-3 6.87186E-3 5.33745E-3 4.83737E-3 3.92189E-3 3.98973E-3 2.64146E-3 8.8447E-3 9.75346E-3 6.30924E-3 4.31058E-3 7.1895E-3 7.07364E-3 8.61067E-3 1.01201E-2 1.03278E-2 1.14503E-2 1.07465E-2 1.37036E-2 1.92572E-2 1.58542E-2 2.09292E-2 1.92971E-2 2.13626E-2 2.94536E-2 2.26961E-2 1.56683E-2 1.74222E-2 2.26328E-2 3.33077E-2 8.08797E-2 8.47826E-2 -9999 -9999 -9999 -9999 -9999 -9999 -9999 -9999 -9999 -9999 -9999 -9999 -9999 -9999
8.47781E-4 4.80884E-4 1.45486E-3 1.97163E-3 1.85377E-3 3.68355E-3 3.90724E-3 4.73852E-3 5.72873E-3 6.05824E-3 6.20255E-3 7.12587E-3 8.5638E-3 7.24791E-3 6.64331E-3 6.16409E-3 4.40575E-3 4.04923E-3 3.29244E-3 3.21819E-3 4.39898E-3 9.26595E-3 9.33387E-3 6.32005E-3 5.70366E-3 6.75377E-3 7.55018E-3 8.79996E-3 7.02476E-3 1.11691E-2 1.35424E-2 1.42969E-2 1.41602E-2 1.12591E-2 1.4677E-2 2.10823E-2 1.77458E-2 1.96623E-2 2.09938E-2 2.02422E-2 1.51402E-2 1.90484E-2 2.37374E-2 4.97327E-2 6.7947E-2 7.76196E-2 -9999 -9999 -9999 -9999 -9999 -9999 -9999 -9999 -9999 -9999 -9999 -9999 -9999 -9999
8.60689E-4 7.3079E-4 1.60201E-3 1.95736E-3 2.70444E-3 3.63941E-3 3.82069E-3 4.69521E-3 5.62535E-3 6.43916E-3 5.72287E-3 5.35494E-3 6.03734E-3 8.40925E-3 6.95085E-3 6.17609E-3 4.28004E-3 4.26164E-3 3.94916E-3 3.86655E-3 4.65729E-3 7.10548E-3 8.37069E-3 6.55476E-3 7.00392E-3 7.41444E-3 7.62767E-3 6.22623E-3 7.35596E-3 1.06905E-2 1.37868E-2 1.48873E-2 8.96082E-3 9.07302E-3 1.34325E-2 1.14949E-2 1.36808E-2 2.40567E-2 2.06194E-2 2.0883E-2 1.78187E-2 4.34744E-2 6.57652E-2 6.01837E-2 5.50428E-2 9.90667E-2 1.15499E-1 -9999 -9999 -9999 -9999 -9999 -9999 -9999 -9999 -9999 -9999 -9999 -9999 -9999
1.11089E-3 1.11799E-3 1.52153E-3 1.75786E-3 3.05153E-3 3.14968E-3 3.2777E-3 5.09358E-3 6.54472E-3 6.90118E-3 7.04035E-3 5.59874E-3 6.05968E-3 7.97689E-3 9.32317E-3 7.9973E-3 5.43359E-3 5.33849E-3 4.73416E-3 2.4825E-3 6.8316E-3 8.44386E-3 9.57816E-3 6.52748E-3 6.88611E-3 7.31552E-3 5.126E-3 8.17368E-3 8.02991E-3 1.13032E-2 1.41481E-2 1.39787E-2 7.20354E-3 1.07896E-2 1.049E-2 8.60618E-3 9.67906E-3 1.40616E-2 2.96287E-2 1.38897E-2 2.02237E-2 4.00353E-2 3.71849E-2 4.24195E-2 6.60194E-2 1.10709E-1 1.18273E-1 -9999 -9999 -9999 -9999 -9999 -9999 -9999 -9999 -9999 -9999 -9999 -9999 -9999
9.29515E-4 1.28229E-3 9.91733E-4 4.20885E-4 1.71049E-3 3.89541E-3 5.20827E-3 6.28018E-3 6.55444E-3 7.84282E-3 8.37347E-3 7.58593E-3 8.64595E-3 1.08107E-2 4.65121E-3 1.2461E-2 9.71505E-3 9.04363E-3 8.45438E-3 3.90902E-3 9.48185E-3 9.94573E-3 8.02841E-3 8.75484E-3 8.22165E-3 7.24102E-3 1.56829E-2 1.68737E-2 1.06674E-2 1.59842E-2 2.21986E-2 2.19165E-2 2.50372E-2 2.3502E-2 2.03008E-2 1.62217E-2 1.12359E-2 1.44668E-2 2.48426E-2 2.84944E-2 3.90491E-2 7.59747E-2 7.90495E-2 7.13957E-2 3.55013E-2 6.45166E-2 9.9403E-2 -9999 -9999 -9999 -9999 -9999 -9999 -9999 -9999 -9999 -9999 -9999 -9999 -9999
1.53603E-3 7.98598E-4 1.19883E-3 9.55096E-4 1.68641E-3 2.67979E-3 4.19496E-3 6.53412E-3 5.3009E-3 1.09347E-2 1.14116E-2 9.303E-3 1.23752E-2 2.06127E-2 2.20674E-2 1.33697E-2 1.36897E-2 1.09393E-2 1.04946E-2 8.67308E-3 8.01736E-3 8.4914E-3 8.12061E-3 1.06534E-2 2.24408E-2 4.10009E-2 2.74026E-2 1.43002E-2 1.2822E-2 1.6721E-2 2.10455E-2 3.46914E-2 4.30074E-2 4.37344E-2 4.72924E-2 4.01726E-2 2.60479E-2 4.5438E-2 3.63738E-2 3.12151E-2 3.78476E-2 6.2288E-2 7.42958E-2 9.34593E-2 6.66419E-2 1.11818E-1 1.79877E-1 1.42487E-1 -9999 -9999 -9999 -9999 -9999 -9999 -9999 -9999 -9999 -9999 -9999 -9999
2.65131E-3 1.21958E-3 1.45168E-3 1.27358E-3 1.82131E-3 2.87638E-3 1.7576E-3 2.69086E-3 9.06823E-3 1.43926E-2 1.46922E-2 1.28092E-2 1.66539E-2 2.00944E-2 3.13541E-2 3.34985E-2 2.92904E-2 2.17762E-2 3.49377E-2 3.85763E-2 1.38025E-2 2.10247E-2 1.91231E-2 2.3776E-2 6.2176E-2 4.54657E-2 2.58455E-2 3.72806E-2 3.48417E-2 2.801E-2 3.16904E-2 5.382E-2 5.83414E-2 5.99047E-2 7.86349E-2 8.82603E-2 8.8479E-2 8.74123E-2 7.73737E-2 5.87426E-2 5.36597E-2 5.53992E-2 1.34075E-1 1.49717E-1 1.80046E-1 1.78898E-1 1.88958E-1 1.58634E-1 1.646E-1 1.55107E-1 -9999 -9999 -9999 -9999 -9999 -9999 -9999 -9999 -9999 -9999
2.20937E-3 2.1671E-3 1.992E-3 1.58081E-3 1.98763E-3 3.10055E-3 2.07895E-3 5.37577E-3 9.17629E-3 1.2587E-2 1.48504E-2 1.49707E-2 2.02633E-2 2.41784E-2 3.1097E-2 3.3008E-2 3.58213E-2 3.34534E-2 5.84206E-2 2.931E-2 6.03808E-2 3.402E-2 4.67276E-2 8.32548E-2 8.22899E-2 4.01188E-2 3.61419E-2 4.49539E-2 6.13414E-2 5.65841E-2 5.67689E-2 8.06115E-2 9.58839E-2 1.06035E-1 1.03853E-1 1.3264E-1 1.50018E-1 1.29233E-1 1.0699E-1 1.20379E-1 1.18257E-1 1.72424E-1 1.34095E-1 2.35644E-1 2.96383E-1 2.27129E-1 2.57131E-1 2.19285E-1 2.14877E-1 1.64579E-1 1.10905E-1 7.74502E-2 -9999 -9999 -9999 -9999 -9999 -9999 -9999 -9999
4.17166E-3 4.10963E-3 4.08225E-3 2.2701E-3 2.5659E-3 3.3262E-3 1.95915E-3 5.30676E-3 8.94666E-3 1.60855E-2 2.37498E-2 2.81718E-2 3.40558E-2 3.53728E-2 3.98368E-2 4.35137E-2 5.16259E-2 5.85721E-2 7.67443E-2 6.37154E-2 5.51966E-2 6.46036E-2 1.02844E-1 8.42388E-2 4.09433E-2 4.55035E-2 4.71425E-2 6.31039E-2 9.56258E-2 1.0374E-1 5.60575E-2 6.15354E-2 9.54074E-2 1.54661E-1 1.7991E-1 1.83388E-1 1.9571E-1 1.96995E-1 1.90951E-1 2.4164E-1 2.75851E-1 2.87055E-1 1.94331E-1 1.7991E-1 3.34515E-1 4.51211E-1 3.5588E-1 3.08685E-1 2.64727E-1 1.91176E-1 1.30439E-1 9.80765E-2 9.73671E-2 -9999 -9999 -9999 -9999 -9999 -9999 -9999
