Phytophthora/models/20240506_1522_03/Phytophthora_PA3_RUN1_MAXENT_outputs/Phytophthora_PA3_RUN1.asc
ncols         225
nrows         269
xllcorner     473009.9838
yllcorner     4429051.1748
cellsize      50.0
NODATA_value  -9999
[rows 130 to 155 of 269, columns 60 to 119 of 225]
9.44174E-2 1.31716E-1 1.1812E-1 1.32635E-1 2.22187E-1 2.05601E-1 1.64811E-1 1.29289E-1 1.89546E-1 1.92471E-1 2.0202E-1 2.21297E-1 2.81265E-1 2.89288E-1 3.68804E-1 4.47811E-1 3.98664E-1 3.39784E-1 3.06461E-1 3.49266E-1 3.60419E-1 4.149E-1 5.91452E-1 6.85683E-1 6.58769E-1 6.37094E-1 4.48104E-1 3.86434E-1 4.45502E-1 4.06234E-1 2.59821E-1 2.5351E-1 2.67788E-1 3.0317E-1 3.02971E-1 2.12636E-1 2.37046E-1 2.67916E-1 3.53947E-1 4.23609E-1 3.31684E-1 2.07475E-1 2.48946E-1 3.51057E-1 4.28355E-1 2.44669E-1 3.4242E-1 3.29285E-1 2.41828E-1 1.78898E-1 2.32273E-1 2.83968E-1 2.15813E-1 1.35844E-1 3.12358E-1 2.50586E-1 1.75619E-1 1.64231E-1 1.24756E-1 4.56197E-2
1.0798E-1 1.08635E-1 1.12199E-1 1.433E-1 2.34209E-1 1.8569E-1 1.77869E-1 1.69222E-1 1.83092E-1 2.07473E-1 2.38579E-1 2.25063E-1 2.45762E-1 3.36749E-1 3.45897E-1 4.53378E-1 2.73444E-1 3.22786E-1 5.13929E-1 5.67394E-1 6.10236E-1 6.14098E-1 5.87148E-1 6.8386E-1 6.43036E-1 6.02865E-1 5.16346E-1 4.63903E-1 5.40669E-1 2.76069E-1 3.37251E-1 3.40264E-1 3.40547E-1 3.56661E-1 4.41926E-1 4.42705E-1 2.15438E-1 2.87561E-1 3.324E-1 3.97106E-1 3.98264E-1 2.05698E-1 2.86521E-1 3.68998E-1 4.33052E-1 2.42914E-1 2.16424E-1 2.10727E-1 3.20489E-1 2.0055E-1 2.21509E-1 2.08271E-1 1.64622E-1 2.20619E-1 3.009E-1 2.75688E-1 2.17657E-1 2.46771E-1 1.27121E-1 1.26867E-1
9.27024E-2 1.02803E-1 5.09108E-2 1.44146E-1 1.77691E-1 1.69374E-1 1.43914E-1 1.63417E-1 1.98646E-1 2.23505E-1 2.695E-1 2.04032E-1 1.42194E-1 2.21347E-1 1.06859E-1 3.77935E-1 4.24959E-1 4.52287E-1 6.11001E-1 6.17267E-1 6.26718E-1 5.76977E-1 6.57714E-1 6.00917E-1 6.25816E-1 3.75102E-1 3.26799E-1 4.54551E-1 3.11017E-1 3.24332E-1 2.9853E-1 2.8145E-1 3.24787E-1 3.13473E-1 3.97799E-1 4.69295E-1 4.60514E-1 2.27024E-1 3.5458E-1 4.88985E-1 4.56315E-1 3.22748E-1 3.09062E-1 3.60497E-1 4.02132E-1 2.38314E-1 2.4783E-1 2.75322E-1 1.75032E-1 1.69205E-1 1.98631E-1 1.51113E-1 2.10674E-1 1.87982E-1 2.15658E-1 2.24899E-1 2.32013E-1 1.23193E-1 1.76976E-1 1.07871E-1
9.01469E-2 1.1E-1 2.81311E-1 1.79619E-1 1.17805E-1 1.77594E-1 1.74325E-1 2.02071E-1 2.02054E-1 1.57726E-1 2.84413E-1 3.23351E-1 2.96775E-1 4.30545E-1 1.86236E-1 5.19103E-1 5.50255E-1 5.43418E-1 5.79903E-1 5.74875E-1 5.26358E-1 4.43933E-1 7.09933E-1 6.66173E-1 5.78032E-1 5.89385E-1 5.68801E-1 5.68463E-1 2.83206E-1 3.36196E-1 3.12559E-1 2.46355E-1 2.84924E-1 3.14686E-1 3.68272E-1 4.67728E-1 4.89647E-1 3.85549E-1 3.92435E-1 5.17146E-1 5.37887E-1 4.88212E-1 4.50941E-1 3.50423E-1 4.04382E-1 2.53646E-1 2.73505E-1 3.61238E-1 3.4512E-1 3.36815E-1 2.86429E-1 2.71982E-1 2.37251E-1 2.40094E-1 2.40364E-1 2.01957E-1 1.40547E-1 2.18656E-1 1.16938E-1 9.2631E-2
1.10909E-1 8.77214E-2 1.69449E-1 1.79385E-1 1.36384E-1 1.8023E-1 1.96192E-1 1.57392E-1 2.0304E-1 2.70779E-1 3.1716E-1 3.86416E-1 2.96934E-1 4.12537E-1 4.52785E-1 4.8849E-1 5.49124E-1 5.55128E-1 5.74843E-1 4.37354E-1 4.40151E-1 5.30995E-1 6.6556E-1 5.48654E-1 5.54319E-1 5.95343E-1 6.17767E-1 4.19922E-1 3.39388E-1 3.5705E-1 2.95084E-1 2.39807E-1 2.25987E-1 2.57048E-1 3.07406E-1 3.84085E-1 5.33022E-1 5.28642E-1 5.44057E-1 3.68209E-1 5.52323E-1 5.4371E-1 4.86519E-1 3.72613E-1 3.93718E-1 2.52044E-1 2.65671E-1 3.76624E-1 4.01807E-1 4.176E-1 4.07745E-1 3.37027E-1 2.12313E-1 3.50822E-1 3.15085E-1 2.72106E-1 1.82985E-1 1.39153E-1 1.03578E-1 9.98241E-2
1.54855E-1 2.16065E-1 1.99625E-1 1.75292E-1 1.48356E-1 9.73325E-2 1.65313E-1 1.93429E-1 2.63742E-1 2.64626E-1 3.18663E-1 3.73289E-1 2.53533E-1 1.68014E-1 3.31039E-1 4.17634E-1 5.16247E-1 5.27795E-1 4.66259E-1 3.72373E-1 4.47065E-1 5.26376E-1 5.15696E-1 5.504E-1 5.40593E-1 4.55202E-1 4.68131E-1 3.56408E-1 4.2713E-1 3.66588E-1 2.76763E-1 2.25032E-1 2.1152E-1 2.24772E-1 3.10017E-1 3.78253E-1 4.92533E-1 5.74873E-1 4.58032E-1 5.50808E-1 5.42036E-1 5.85669E-1 5.14537E-1 4.44401E-1 4.3451E-1 2.72851E-1 2.62776E-1 3.55038E-1 4.31884E-1 4.39127E-1 4.2365E-1 3.50172E-1 2.72511E-1 3.99657E-1 4.1808E-1 2.23987E-1 1.94655E-1 1.44272E-1 1.19458E-1 1.32343E-1
1.63317E-1 2.72161E-1 1.01409E-1 1.15639E-1 1.09686E-1 2.08876E-1 2.61559E-1 3.08205E-1 2.66968E-1 2.56929E-1 3.35505E-1 3.55091E-1 1.72995E-1 2.2985E-1 2.29421E-1 3.41426E-1 4.93495E-1 4.61523E-1 4.58902E-1 4.61139E-1 5.54175E-1 6.2289E-1 6.39714E-1 6.45729E-1 4.85619E-1 4.21536E-1 2.26587E-1 4.51402E-1 4.35736E-1 3.37526E-1 2.56868E-1 2.16462E-1 2.06207E-1 2.60699E-1 3.40178E-1 4.35135E-1 4.83909E-1 4.68012E-1 6.10736E-1 6.29114E-1 6.35823E-1 6.31309E-1 6.02592E-1 5.34569E-1 5.25495E-1 3.49641E-1 2.73592E-1 4.43211E-1 4.63606E-1 4.22444E-1 5.00964E-1 3.77701E-1 3.89689E-1 4.14363E-1 4.41764E-1 2.32475E-1 1.9194E-1 1.73146E-1 1.53475E-1 1.7004E-1
1.31091E-1 1.50036E-1 1.93426E-1 2.24614E-1 1.82507E-1 2.34694E-1 2.43265E-1 2.83308E-1 2.35217E-1 3.45329E-1 1.36593E-1 2.24336E-1 2.20398E-1 2.12837E-1 2.37309E-1 3.27848E-1 5.05632E-1 5.40781E-1 6.01961E-1 6.42272E-1 6.55063E-1 6.86983E-1 6.30301E-1 5.59545E-1 3.87478E-1 2.85428E-1 4.36972E-1 4.96524E-1 4.24249E-1 3.28197E-1 2.41992E-1 2.02218E-1 2.27326E-1 3.03481E-1 3.94332E-1 4.93097E-1 5.22627E-1 4.66122E-1 6.24414E-1 6.5685E-1 6.85833E-1 5.3652E-1 6.0705E-1 5.29592E-1 5.20269E-1 4.75381E-1 4.04903E-1 4.46485E-1 4.57995E-1 4.70942E-1 5.11686E-1 3.74174E-1 3.76095E-1 4.42046E-1 4.10615E-1 1.29839E-1 2.39702E-1 1.87124E-1 1.76888E-1 1.91698E-1
2.97507E-1 3.53271E-1 2.13619E-1 2.51444E-1 2.00416E-1 1.94965E-1 2.65126E-1 2.82591E-1 1.95965E-1 3.314E-1 2.86696E-1 2.11062E-1 1.07632E-1 1.18486E-1 1.62947E-1 3.43464E-1 4.87626E-1 6.1396E-1 6.91751E-1 6.91653E-1 6.46356E-1 5.78681E-1 5.44887E-1 3.43218E-1 5.30653E-1 5.06322E-1 5.0262E-1 4.58481E-1 3.69376E-1 2.83196E-1 2.3491E-1 2.02259E-1 2.53549E-1 3.29106E-1 4.37194E-1 5.25782E-1 5.76609E-1 6.23555E-1 6.02818E-1 7.00859E-1 4.04664E-1 4.78441E-1 4.43098E-1 4.68899E-1 5.29561E-1 5.2031E-1 5.16772E-1 4.62017E-1 3.86508E-1 4.32041E-1 4.87304E-1 4.08623E-1 2.84005E-1 4.54774E-1 3.19447E-1 2.73989E-1 2.40174E-1 1.96587E-1 2.017E-1 2.22117E-1
1.03727E-1 1.90231E-1 2.08298E-1 2.66274E-1 1.69962E-1 2.43875E-1 2.52172E-1 2.91076E-1 2.11703E-1 1.70849E-1 1.48901E-1 9.97532E-2 1.15152E-1 1.69884E-1 2.33031E-1 3.36373E-1 5.38351E-1 6.56258E-1 7.27017E-1 6.79985E-1 6.27086E-1 5.78107E-1 4.91533E-1 5.33885E-1 5.20288E-1 4.87698E-1 4.78648E-1 4.16723E-1 3.17512E-1 2.53077E-1 2.39532E-1 2.79443E-1 3.32519E-1 3.53624E-1 4.72187E-1 5.76176E-1 6.31066E-1 6.88713E-1 6.60433E-1 6.93312E-1 5.7277E-1 5.41092E-1 5.48992E-1 5.39165E-1 5.30645E-1 4.95798E-1 5.00251E-1 4.79624E-1 3.73312E-1 3.66957E-1 5.1909E-1 4.35768E-1 5.66505E-1 4.38455E-1 2.84568E-1 2.65684E-1 2.64752E-1 2.34441E-1 2.2787E-1 2.49521E-1
1.37465E-1 1.34054E-1 2.60686E-1 2.65793E-1 1.66753E-1 2.76769E-1 2.81264E-1 2.29036E-1 1.93578E-1 1.59118E-1 1.28788E-1 1.20375E-1 1.69014E-1 2.90098E-1 2.9884E-1 3.83869E-1 5.87216E-1 6.19523E-1 7.07512E-1 5.37065E-1 6.07097E-1 5.74698E-1 3.30546E-1 5.12827E-1 4.87074E-1 4.32687E-1 4.25347E-1 3.62388E-1 2.84033E-1 2.50057E-1 3.16904E-1 3.66582E-1 4.31839E-1 4.47023E-1 4.87223E-1 5.88075E-1 6.32913E-1 6.32064E-1 7.28365E-1 7.37128E-1 5.41115E-1 3.77641E-1 5.64798E-1 5.45371E-1 4.97546E-1 4.24702E-1 3.63302E-1 3.14002E-1 3.24225E-1 4.89739E-1 3.61224E-1 5.44402E-1 6.14117E-1 4.17888E-1 2.35071E-1 3.55442E-1 3.48618E-1 2.9276E-1 2.6998E-1 2.90212E-1
1.71798E-1 2.84894E-1 3.37117E-1 2.87525E-1 2.57118E-1 3.21241E-1 3.14227E-1 2.53951E-1 2.1252E-1 1.96923E-1 1.92422E-1 1.86603E-1 2.72648E-1 3.28605E-1 3.45373E-1 3.97048E-1 5.35813E-1 6.30801E-1 6.48944E-1 5.1623E-1 4.34426E-1 3.96001E-1 4.95158E-1 5.02041E-1 4.60076E-1 4.2755E-1 3.66811E-1 3.22164E-1 2.72395E-1 2.94693E-1 3.97569E-1 4.63464E-1 5.25105E-1 5.50912E-1 5.90783E-1 6.0704E-1 6.87198E-1 6.19794E-1 7.48473E-1 7.82857E-1 6.74941E-1 6.27717E-1 5.94239E-1 5.25011E-1 4.50524E-1 3.79044E-1 3.13016E-1 2.62745E-1 3.06591E-1 3.75887E-1 4.26469E-1 4.88762E-1 5.71642E-1 3.91992E-1 3.63301E-1 3.31895E-1 3.50489E-1 2.93734E-1 2.72991E-1 2.83534E-1
1.22782E-1 3.54944E-1 4.82179E-1 2.82737E-1 3.46601E-1 3.9492E-1 3.24865E-1 2.80981E-1 3.15929E-1 2.34764E-1 1.63343E-1 2.66969E-1 3.64835E-1 4.05255E-1 4.5047E-1 4.76782E-1 4.37942E-1 6.21623E-1 5.62607E-1 5.61869E-1 5.86926E-1 5.04387E-1 4.81112E-1 4.74362E-1 4.26036E-1 4.15764E-1 3.38042E-1 2.75871E-1 2.77675E-1 3.51742E-1 4.84599E-1 5.73017E-1 6.12286E-1 5.84403E-1 6.02859E-1 6.53155E-1 6.94956E-1 7.82223E-1 7.42681E-1 7.92323E-1 6.43131E-1 6.25391E-1 5.82041E-1 5.02813E-1 4.31117E-1 3.38279E-1 2.68451E-1 2.76839E-1 3.256E-1 3.72811E-1 5.40502E-1 4.19757E-1 5.68422E-1 4.64408E-1 4.16653E-1 3.73733E-1 3.19657E-1 2.53368E-1 2.80087E-1 3.00243E-1
1.3958E-1 2.60732E-1 3.25686E-1 3.05389E-1 4.10599E-1 4.2504E-1 3.70718E-1 3.33073E-1 3.33973E-1 2.80687E-1 1.94066E-1 3.08236E-1 4.02266E-1 4.34518E-1 4.92498E-1 4.85139E-1 4.36981E-1 4.37781E-1 5.9177E-1 5.92546E-1 5.89846E-1 4.70805E-1 4.61733E-1 4.25705E-1 3.83362E-1 3.81112E-1 2.74934E-1 2.43797E-1 2.97389E-1 3.82888E-1 5.61021E-1 6.19672E-1 6.17196E-1 5.6935E-1 4.95273E-1 4.47421E-1 5.89971E-1 7.76984E-1 5.97667E-1 7.58469E-1 7.09551E-1 5.8017E-1 5.35843E-1 4.77364E-1 4.40548E-1 3.37407E-1 2.62993E-1 3.41392E-1 3.77091E-1 4.07974E-1 5.78106E-1 3.44658E-1 5.28442E-1 4.57059E-1 3.62723E-1 3.0442E-1 2.57488E-1 2.50744E-1 2.83408E-1 3.81955E-1
3.0833E-1 1.8511E-1 3.77259E-1 4.31635E-1 4.25797E-1 4.56809E-1 3.88603E-1 3.91877E-1 3.45071E-1 3.10282E-1 2.56814E-1 3.76777E-1 4.15625E-1 4.41151E-1 5.11008E-1 4.86477E-1 2.7381E-1 4.51525E-1 6.62549E-1 5.74357E-1 5.75583E-1 4.06429E-1 4.00025E-1 3.64824E-1 3.48157E-1 3.42202E-1 2.52309E-1 2.29483E-1 2.93098E-1 4.06237E-1 5.55912E-1 5.81615E-1 5.57676E-1 5.55325E-1 5.64256E-1 5.80406E-1 6.04321E-1 4.97542E-1 7.58097E-1 7.19621E-1 7.64206E-1 6.3881E-1 5.26975E-1 4.58291E-1 4.23418E-1 3.36296E-1 2.81211E-1 4.75242E-1 6.00411E-1 4.54671E-1 6.62749E-1 5.86512E-1 4.8222E-1 4.66563E-1 4.10423E-1 3.61512E-1 3.01549E-1 2.95445E-1 2.94599E-1 3.13649E-1
4.17229E-1 5.21758E-1 4.43003E-1 4.80976E-1 3.83034E-1 2.93939E-1 3.27544E-1 4.25048E-1 4.3573E-1 3.76479E-1 4.83513E-1 4.69721E-1 4.47945E-1 4.33239E-1 4.80155E-1 4.89189E-1 4.06846E-1 4.69297E-1 5.37448E-1 6.48531E-1 4.16963E-1 3.97174E-1 3.35375E-1 3.10435E-1 3.30892E-1 3.1932E-1 2.42415E-1 2.29111E-1 2.79699E-1 3.80093E-1 5.13532E-1 5.24675E-1 4.9078E-1 4.97634E-1 5.30146E-1 5.78455E-1 5.87728E-1 4.62295E-1 5.86506E-1 7.73849E-1 7.12765E-1 7.34406E-1 6.26033E-1 5.31652E-1 4.51359E-1 1.68616E-1 2.96972E-1 2.81386E-1 4.67767E-1 4.95884E-1 6.34233E-1 5.51636E-1 4.82114E-1 2.70089E-1 3.80427E-1 3.5824E-1 3.14893E-1 2.73165E-1 1.5055E-1 3.33412E-1
2.63364E-1 4.65254E-1 3.66536E-1 4.93881E-1 4.7884E-1 4.30833E-1 2.61714E-1 3.54023E-1 4.76847E-1 4.38737E-1 3.9839E-1 5.60279E-1 4.38556E-1 4.67341E-1 4.93112E-1 5.07163E-1 4.15697E-1 4.87493E-1 4.98312E-1 4.6087E-1 4.35542E-1 3.64873E-1 2.9892E-1 2.76322E-1 3.26538E-1 3.17339E-1 2.38619E-1 2.38283E-1 2.63826E-1 3.59556E-1 4.70189E-1 4.96167E-1 4.36492E-1 4.37935E-1 4.92295E-1 5.77554E-1 6.07112E-1 5.90332E-1 5.20701E-1 5.11879E-1 7.71927E-1 6.84168E-1 7.00078E-1 3.21437E-1 2.79502E-1 1.70669E-1 4.16394E-1 3.49271E-1 4.23344E-1 4.64479E-1 4.4499E-1 4.59612E-1 4.8551E-1 4.26391E-1 3.97961E-1 2.40595E-1 3.3701E-1 2.20312E-1 2.41741E-1 1.97823E-1
4.65195E-1 2.72286E-1 3.46602E-1 4.42564E-1 4.20433E-1 4.34728E-1 4.47155E-1 4.7713E-1 4.95195E-1 4.89845E-1 2.56574E-1 3.57699E-1 4.72037E-1 5.2286E-1 5.25215E-1 5.24942E-1 3.72047E-1 4.9634E-1 5.3585E-1 5.28727E-1 4.96855E-1 3.97366E-1 3.50404E-1 3.24795E-1 4.20487E-1 3.52616E-1 2.61844E-1 2.55274E-1 2.48234E-1 3.6078E-1 4.2194E-1 4.73715E-1 3.98218E-1 3.92296E-1 4.94323E-1 5.60038E-1 5.74888E-1 5.71643E-1 5.54728E-1 5.76559E-1 6.45755E-1 6.98971E-1 5.00752E-1 5.67735E-1 2.52048E-1 1.78386E-1 2.03162E-1 2.01006E-1 2.49197E-1 3.3573E-1 4.07615E-1 4.14632E-1 4.46629E-1 4.34772E-1 3.85877E-1 3.50823E-1 2.98116E-1 3.10406E-1 2.5997E-1 1.93739E-1
3.71457E-1 2.70985E-1 3.43123E-1 3.59308E-1 3.47012E-1 4.01949E-1 4.71914E-1 5.92567E-1 2.43425E-1 4.96458E-1 4.08929E-1 4.0739E-1 5.06962E-1 4.8929E-1 3.82647E-1 5.45983E-1 3.46724E-1 5.22098E-1 5.62569E-1 6.13476E-1 5.60217E-1 4.49038E-1 4.18644E-1 4.02118E-1 4.85799E-1 4.0722E-1 3.2341E-1 3.31318E-1 3.01833E-1 3.83051E-1 3.98446E-1 4.24985E-1 3.9835E-1 3.9714E-1 5.22358E-1 5.4109E-1 5.35917E-1 5.12126E-1 5.08453E-1 5.31696E-1 5.36119E-1 6.64958E-1 5.67924E-1 2.94468E-1 2.00317E-1 1.53254E-1 1.32918E-1 1.86901E-1 2.44558E-1 3.52404E-1 2.67965E-1 2.98875E-1 3.33403E-1 3.29828E-1 3.43787E-1 3.46055E-1 3.36515E-1 3.07275E-1 2.43262E-1 1.99492E-1
5.05645E-1 3.35427E-1 4.01782E-1 3.85593E-1 3.80324E-1 4.12822E-1 4.81612E-1 4.66936E-1 6.12871E-1 3.67361E-1 4.89768E-1 5.03637E-1 5.56151E-1 3.90067E-1 5.85414E-1 5.60505E-1 5.54219E-1 5.43001E-1 5.45719E-1 6.25494E-1 6.29205E-1 5.34114E-1 5.0057E-1 4.99175E-1 5.53217E-1 4.84604E-1 4.25985E-1 4.09464E-1 3.54296E-1 4.21062E-1 3.99242E-1 3.98679E-1 4.20565E-1 4.31707E-1 5.32114E-1 4.99128E-1 4.84142E-1 4.55519E-1 4.41255E-1 4.54019E-1 4.53863E-1 2.47593E-1 2.7278E-1 2.15016E-1 1.80094E-1 1.40264E-1 1.23298E-1 2.74027E-1 2.80322E-1 1.44573E-1 3.7444E-1 2.143E-1 2.62883E-1 2.96984E-1 2.90974E-1 2.92083E-1 2.80631E-1 2.40641E-1 2.3152E-1 2.15378E-1
5.37498E-1 4.21233E-1 4.72415E-1 4.83035E-1 4.56447E-1 4.51235E-1 4.543E-1 4.83375E-1 5.17163E-1 4.70275E-1 5.84457E-1 5.97015E-1 5.11002E-1 6.24652E-1 6.29837E-1 6.20704E-1 5.77809E-1 5.45337E-1 5.11754E-1 5.92209E-1 5.87311E-1 5.63244E-1 5.88602E-1 6.52563E-1 6.12974E-1 5.32674E-1 5.12156E-1 4.25649E-1 4.10984E-1 4.24692E-1 4.37676E-1 4.35682E-1 4.32173E-1 4.64193E-1 5.07064E-1 4.64436E-1 4.48628E-1 4.0699E-1 3.81976E-1 3.73094E-1 3.47008E-1 2.01134E-1 2.16352E-1 1.91213E-1 1.79223E-1 1.59438E-1 1.28119E-1 1.28009E-1 2.10831E-1 8.09848E-2 1.49216E-1 2.35844E-1 2.36462E-1 2.82244E-1 2.98521E-1 2.90895E-1 2.94329E-1 3.00216E-1 3.42487E-1 2.97196E-1
4.32553E-1 5.11922E-1 5.6166E-1 5.53225E-1 5.08371E-1 4.49726E-1 2.94013E-1 3.92805E-1 4.26697E-1 4.40925E-1 4.4012E-1 5.26485E-1 5.83263E-1 6.62373E-1 6.44155E-1 5.93976E-1 5.2871E-1 5.03227E-1 5.24917E-1 5.54203E-1 5.70721E-1 4.7059E-1 6.27578E-1 7.24037E-1 6.43609E-1 5.73021E-1 5.67262E-1 4.54408E-1 4.46051E-1 4.31795E-1 4.90159E-1 4.72592E-1 4.37726E-1 5.09728E-1 5.54673E-1 5.76058E-1 5.44621E-1 4.62636E-1 3.73781E-1 3.22812E-1 2.32417E-1 2.1565E-1 1.87659E-1 1.74501E-1 1.73656E-1 1.84742E-1 1.63704E-1 1.72283E-1 2.44804E-1 9.43386E-2 1.14609E-1 3.59878E-1 2.00719E-1 2.43654E-1 2.81601E-1 2.80371E-1 3.0755E-1 3.46109E-1 3.60545E-1 2.53631E-1
4.89584E-1 5.62731E-1 5.5119E-1 4.05622E-1 3.36227E-1 3.7722E-1 4.42958E-1 5.05203E-1 5.23175E-1 6.04019E-1 6.68645E-1 6.06743E-1 7.3019E-1 6.96038E-1 6.4615E-1 5.7442E-1 5.63145E-1 5.84779E-1 6.36713E-1 6.46341E-1 6.26069E-1 4.80589E-1 7.12494E-1 7.44599E-1 6.63257E-1 6.46624E-1 6.13564E-1 5.1239E-1 4.94054E-1 4.79011E-1 5.41223E-1 5.1829E-1 4.17069E-1 5.64189E-1 6.09157E-1 6.56228E-1 6.78596E-1 6.44929E-1 4.49894E-1 2.92561E-1 2.34767E-1 1.96487E-1 1.53028E-1 1.42736E-1 1.49151E-1 1.76012E-1 2.07501E-1 2.87756E-1 2.85324E-1 2.78776E-1 2.75345E-1 1.84996E-1 1.55558E-1 1.81957E-1 2.0865E-1 2.43965E-1 2.85581E-1 2.79553E-1 2.33252E-1 2.21736E-1
5.28744E-1 5.43296E-1 3.73297E-1 5.69343E-1 5.38643E-1 4.90554E-1 4.6494E-1 4.97945E-1 5.34328E-1 5.92891E-1 6.64399E-1 6.38699E-1 6.66038E-1 6.59287E-1 6.20912E-1 5.87436E-1 6.1392E-1 6.32518E-1 7.03529E-1 7.23762E-1 6.35958E-1 6.82502E-1 7.46793E-1 7.31195E-1 6.62339E-1 6.95214E-1 6.35089E-1 5.59058E-1 5.36228E-1 5.16445E-1 5.53933E-1 5.11959E-1 3.83341E-1 5.84526E-1 6.43602E-1 6.61508E-1 7.11847E-1 7.00127E-1 4.35147E-1 4.31966E-1 3.19427E-1 2.60605E-1 1.87086E-1 1.72119E-1 1.74758E-1 1.88696E-1 2.38288E-1 3.03572E-1 3.12696E-1 3.56056E-1 2.44195E-1 2.14053E-1 2.16476E-1 2.25191E-1 2.28417E-1 1.83269E-1 1.79025E-1 2.8049E-1 3.15531E-1 3.40077E-1
5.02338E-1 5.24854E-1 3.75095E-1 5.66229E-1 4.93439E-1 4.21315E-1 4.49107E-1 5.15122E-1 4.82587E-1 5.76496E-1 6.53039E-1 6.52349E-1 5.09544E-1 6.25094E-1 6.04111E-1 6.07202E-1 6.04265E-1 5.26093E-1 6.51942E-1 6.52985E-1 6.105E-1 6.88777E-1 7.2856E-1 6.93199E-1 6.75237E-1 7.20377E-1 6.27455E-1 5.59061E-1 5.57483E-1 5.16046E-1 5.58859E-1 5.00938E-1 5.15937E-1 5.84871E-1 6.55356E-1 6.59244E-1 7.16448E-1 5.54111E-1 6.75378E-1 5.49163E-1 3.96453E-1 2.80053E-1 2.45337E-1 2.46046E-1 2.37763E-1 2.19358E-1 2.48707E-1 3.16133E-1 3.78763E-1 4.00543E-1 3.90279E-1 3.31243E-1 2.43306E-1 1.77008E-1 2.205E-1 2.63516E-1 2.89608E-1 3.20128E-1 3.43645E-1 3.67857E-1
5.16661E-1 3.24009E-1 4.98533E-1 5.50497E-1 4.52668E-1 3.61881E-1 3.91863E-1 5.25685E-1 5.45977E-1 5.96304E-1 6.38751E-1 6.22129E-1 4.17825E-1 5.8958E-1 5.91419E-1 5.7443E-1 4.05543E-1 6.66043E-1 7.14577E-1 5.92826E-1 4.35287E-1 6.91006E-1 7.57159E-1 6.66533E-1 6.70039E-1 7.19964E-1 6.03335E-1 5.35223E-1 5.5973E-1 4.9957E-1 4.78415E-1 5.2395E-1 5.05105E-1 5.5098E-1 6.40724E-1 6.422E-1 6.93922E-1 5.72057E-1 5.88968E-1 5.07435E-1 4.3486E-1 4.12537E-1 3.97738E-1 3.59465E-1 3.01403E-1 2.50798E-1 2.32089E-1 3.15048E-1 4.07699E-1 4.38949E-1 4.65005E-1 2.75774E-1 3.52655E-1 3.21847E-1 3.14584E-1 3.26128E-1 3.42336E-1 2.3887E-1 2.71427E-1 3.61707E-1
