Phytophthora/models/20240430_1411_30/Phytophthora_PA3_RUN2_MAXENT_outputs/Phytophthora_PA3_RUN2.asc
ncols         225
nrows         269
xllcorner     473000.0
yllcorner     4429100.0
cellsize      50.0
NODATA_value  -9999
[rows 135 to 161 of 269, columns 0 to 59 of 225]
-9999 -9999 -9999 -9999 -9999 -9999 -9999 -9999 -9999 -9999 2.89935E-1 4.44606E-1 3.11725E-1 3.28699E-1 3.44861E-1 3.98925E-1 3.89385E-1 3.23817E-1 2.52613E-1 2.60703E-1 3.2193E-1 3.64618E-1 3.78459E-1 3.54942E-1 3.34168E-1 3.01042E-1 2.9467E-1 2.9304E-1 2.71719E-1 8.32931E-2 7.84612E-2 1.86479E-1 1.918E-1 1.05063E-1 9.58516E-2 7.77176E-2 1.27696E-1 1.64982E-1 1.92987E-1 2.5357E-1 2.46586E-1 2.07371E-1 1.81739E-1 1.74204E-1 1.85201E-1 1.73251E-1 1.65141E-1 1.53896E-1 1.56602E-1 6.61324E-2 2.56656E-1 2.48042E-1 1.98499E-1 1.52888E-1 1.2391E-1 1.14016E-1 1.03937E-1 1.08606E-1 1.45231E-1 1.70179E-1
-9999 -9999 -9999 -9999 -9999 -9999 -9999 -9999 -9999 -9999 1.9441E-1 4.91443E-1 2.77892E-1 4.06875E-1 3.46635E-1 3.95432E-1 2.88544E-1 3.62205E-1 3.29236E-1 3.4421E-1 3.85553E-1 4.42103E-1 4.30228E-1 3.89886E-1 3.14285E-1 2.49747E-1 2.26939E-1 2.20174E-1 2.31719E-1 2.7365E-1 2.35622E-1 1.06318E-1 -9999 -9999 1.21392E-1 1.3247E-1 1.50021E-1 1.68592E-1 2.26442E-1 1.31143E-1 2.51487E-1 2.27159E-1 2.40735E-1 2.77128E-1 2.64426E-1 2.22632E-1 1.94268E-1 1.63974E-1 5.94242E-2 1.85978E-1 2.67995E-1 1.58438E-1 2.3822E-1 1.93435E-1 1.56314E-1 1.26723E-1 1.13844E-1 1.28608E-1 1.52742E-1 9.82518E-2
-9999 -9999 -9999 -9999 -9999 -9999 -9999 -9999 -9999 -9999 3.5741E-1 4.23427E-1 4.65235E-1 4.71883E-1 3.50819E-1 3.6555E-1 3.80701E-1 2.37778E-1 3.78681E-1 4.40634E-1 5.03788E-1 5.15714E-1 4.9658E-1 4.19083E-1 3.61701E-1 2.63881E-1 2.17231E-1 2.12706E-1 2.28838E-1 2.43627E-1 2.22176E-1 2.3017E-1 -9999 1.67981E-1 1.68487E-1 1.73301E-1 1.9752E-1 2.16585E-1 2.39361E-1 9.87085E-2 2.71485E-1 2.49252E-1 3.28235E-1 1.79588E-1 2.85604E-1 1.90986E-1 8.51143E-2 5.40599E-2 1.44618E-1 1.49543E-1 2.6876E-1 1.72489E-1 2.43415E-1 2.09913E-1 1.7015E-1 1.39586E-1 1.31351E-1 1.40902E-1 1.65301E-1 2.60835E-1
-9999 -9999 -9999 -9999 -9999 -9999 -9999 -9999 -9999 -9999 2.67886E-1 3.45793E-1 3.83605E-1 4.68257E-1 4.13633E-1 4.16735E-1 3.10484E-1 3.92415E-1 1.74588E-1 4.46418E-1 3.74654E-1 5.08645E-1 2.40037E-1 4.63026E-1 4.48505E-1 3.27871E-1 2.60131E-1 2.42575E-1 2.5318E-1 2.88333E-1 2.59214E-1 2.18108E-1 1.81111E-1 2.22723E-1 2.03727E-1 2.2322E-1 2.77342E-1 1.47198E-1 2.88471E-1 2.8725E-1 2.07243E-1 3.55345E-1 2.12301E-1 2.70259E-1 2.12341E-1 1.83573E-1 1.5429E-1 1.25166E-1 1.33136E-1 1.42758E-1 2.76919E-1 2.91914E-1 2.28781E-1 2.18205E-1 1.9038E-1 1.65755E-1 1.46755E-1 1.57614E-1 1.92952E-1 2.43173E-1
-9999 -9999 -9999 -9999 -9999 -9999 -9999 -9999 -9999 -9999 2.84252E-1 3.28225E-1 3.7601E-1 4.16064E-1 4.69373E-1 5.09129E-1 1.60062E-1 3.64212E-1 3.82805E-1 3.80118E-1 3.66711E-1 4.74241E-1 4.43085E-1 4.93763E-1 4.69914E-1 2.29716E-1 3.20357E-1 2.90174E-1 9.35897E-2 2.14734E-1 1.13062E-1 2.85551E-1 2.51455E-1 2.34287E-1 2.24837E-1 2.48765E-1 1.32176E-1 2.88591E-1 3.11771E-1 2.06673E-1 2.69005E-1 3.49242E-1 3.22513E-1 2.11145E-1 1.6511E-1 1.34685E-1 1.16963E-1 1.08201E-1 1.17424E-1 1.47122E-1 2.54276E-1 2.36372E-1 2.81877E-1 2.53686E-1 2.23903E-1 1.90559E-1 1.69389E-1 1.79972E-1 2.24314E-1 2.51263E-1
-9999 -9999 -9999 -9999 -9999 -9999 -9999 -9999 -9999 -9999 2.60243E-1 3.02407E-1 3.58388E-1 3.95519E-1 4.25241E-1 4.42381E-1 4.27396E-1 3.93704E-1 1.87424E-1 4.41438E-1 4.53174E-1 4.5066E-1 4.26058E-1 4.24695E-1 3.78803E-1 3.11294E-1 3.40273E-1 3.11667E-1 2.99396E-1 2.59443E-1 2.5502E-1 1.64484E-1 1.71752E-1 1.53439E-1 2.88805E-1 2.3869E-1 2.46931E-1 2.84591E-1 1.37142E-1 2.90036E-1 2.6093E-1 2.90532E-1 2.3456E-1 1.67253E-1 1.26804E-1 1.08257E-1 9.87815E-2 9.1941E-2 1.0199E-1 1.42069E-1 2.44017E-1 3.24838E-1 2.8601E-1 1.83914E-1 2.35159E-1 1.99267E-1 1.67606E-1 1.94541E-1 2.43825E-1 2.75009E-1
-9999 -9999 -9999 -9999 -9999 -9999 -9999 -9999 -9999 -9999 2.85327E-1 3.09059E-1 3.64514E-1 3.96355E-1 4.01375E-1 4.04351E-1 4.06074E-1 4.23774E-1 4.73785E-1 5.22408E-1 5.08763E-1 5.34717E-1 4.67165E-1 4.13945E-1 3.68239E-1 3.53718E-1 3.45497E-1 3.27756E-1 2.77986E-1 2.45247E-1 2.06579E-1 2.23115E-1 2.42281E-1 2.69939E-1 1.52555E-1 3.12412E-1 2.92369E-1 3.32078E-1 3.82425E-1 2.87194E-1 3.05179E-1 2.72643E-1 1.86198E-1 1.54343E-1 1.30495E-1 1.12477E-1 1.07903E-1 1.05574E-1 1.25744E-1 1.78479E-1 2.83444E-1 3.1906E-1 2.79434E-1 2.99062E-1 2.80794E-1 2.19239E-1 1.83647E-1 2.0821E-1 2.29297E-1 3.09081E-1
-9999 -9999 -9999 -9999 -9999 -9999 -9999 -9999 -9999 -9999 2.59878E-1 2.94792E-1 3.43818E-1 3.54185E-1 3.45148E-1 3.56427E-1 3.67321E-1 3.86286E-1 1.9678E-1 4.94868E-1 5.47006E-1 2.78714E-1 4.94011E-1 4.65858E-1 4.16542E-1 3.55445E-1 3.11054E-1 2.77835E-1 2.41229E-1 2.08805E-1 1.83919E-1 1.96253E-1 2.03797E-1 2.28063E-1 3.1917E-1 3.6233E-1 3.51728E-1 2.14014E-1 3.46944E-1 3.1634E-1 2.80413E-1 2.34011E-1 1.62272E-1 1.46479E-1 1.25794E-1 1.00572E-1 9.66485E-2 9.85445E-2 1.19467E-1 1.96613E-1 2.50213E-1 2.74206E-1 2.38188E-1 2.69799E-1 2.55938E-1 2.04182E-1 1.88623E-1 2.12103E-1 2.13717E-1 2.82967E-1
-9999 -9999 -9999 -9999 -9999 -9999 -9999 -9999 -9999 4.54543E-2 2.37341E-1 2.83668E-1 3.00735E-1 2.91659E-1 3.05466E-1 3.22856E-1 3.34813E-1 2.91501E-1 4.10772E-1 5.06671E-1 4.95082E-1 5.01678E-1 5.13608E-1 4.41693E-1 5.15105E-1 4.20543E-1 3.29336E-1 2.6531E-1 2.17346E-1 1.79061E-1 1.64994E-1 1.72863E-1 1.83796E-1 2.17894E-1 3.05877E-1 1.89683E-1 3.41757E-1 3.34878E-1 3.21824E-1 2.99016E-1 2.52501E-1 2.23079E-1 1.84676E-1 1.67703E-1 1.43252E-1 1.28388E-1 1.2888E-1 1.28214E-1 1.56653E-1 1.98901E-1 2.23513E-1 2.14134E-1 2.40222E-1 2.51954E-1 2.30302E-1 1.91646E-1 1.90265E-1 2.16315E-1 2.46573E-1 3.00033E-1
-9999 -9999 -9999 -9999 -9999 -9999 -9999 -9999 -9999 3.85733E-2 2.16613E-1 2.39191E-1 2.46782E-1 2.42787E-1 2.66506E-1 3.06149E-1 3.0129E-1 1.71318E-1 4.36289E-1 4.85162E-1 5.02833E-1 4.72237E-1 4.70348E-1 5.25833E-1 5.27104E-1 4.33841E-1 3.20784E-1 2.62322E-1 2.39355E-1 1.91715E-1 1.44594E-1 1.48444E-1 1.71197E-1 2.13479E-1 2.57514E-1 2.88658E-1 2.80251E-1 3.18873E-1 3.14364E-1 2.85337E-1 2.29426E-1 2.10114E-1 2.0166E-1 1.83322E-1 1.78132E-1 1.71016E-1 1.78106E-1 1.90605E-1 1.8665E-1 1.98909E-1 2.08013E-1 1.88681E-1 2.3435E-1 2.3658E-1 2.21631E-1 1.965E-1 2.02388E-1 2.16475E-1 2.42567E-1 3.22099E-1
-9999 -9999 -9999 -9999 -9999 -9999 -9999 -9999 -9999 3.42268E-2 1.86794E-1 1.89526E-1 2.02611E-1 2.06155E-1 2.32399E-1 2.70598E-1 2.83662E-1 3.28811E-1 4.58658E-1 4.5237E-1 4.86141E-1 4.99273E-1 4.08717E-1 4.17873E-1 4.02747E-1 2.60555E-1 3.40952E-1 2.81347E-1 2.7156E-1 2.22395E-1 1.75338E-1 1.49928E-1 1.76789E-1 2.09253E-1 2.35564E-1 3.03937E-1 1.9734E-1 2.95992E-1 2.9072E-1 2.5947E-1 2.21296E-1 2.2599E-1 2.21634E-1 2.39284E-1 2.39797E-1 2.34913E-1 2.55693E-1 2.49217E-1 2.19135E-1 2.28973E-1 2.21529E-1 2.27902E-1 2.97279E-1 3.2764E-1 2.77433E-1 2.40383E-1 2.21717E-1 2.25221E-1 2.57983E-1 3.58043E-1
-9999 -9999 -9999 -9999 -9999 -9999 -9999 -9999 1.18671E-1 1.42323E-1 1.64611E-1 1.608E-1 1.99909E-1 2.25364E-1 2.16945E-1 1.82572E-1 1.4519E-1 4.19166E-1 3.88747E-1 4.21647E-1 4.73688E-1 4.80662E-1 3.67698E-1 3.45171E-1 3.48891E-1 3.73694E-1 1.47877E-1 3.65441E-1 3.30351E-1 2.85483E-1 2.50835E-1 2.01179E-1 2.41016E-1 2.46143E-1 2.52186E-1 2.06879E-1 2.81575E-1 2.79588E-1 2.52942E-1 2.21284E-1 2.20159E-1 2.17906E-1 2.20508E-1 2.81132E-1 3.71997E-1 3.49318E-1 3.34803E-1 3.04789E-1 2.92489E-1 2.8823E-1 2.80261E-1 3.2487E-1 3.72282E-1 3.86923E-1 3.44286E-1 3.25814E-1 3.06425E-1 2.78058E-1 3.06003E-1 3.91639E-1
-9999 -9999 -9999 -9999 -9999 -9999 -9999 -9999 1.23758E-1 1.39231E-1 1.4819E-1 1.15523E-1 1.79486E-1 2.11155E-1 2.15666E-1 1.88212E-1 2.78505E-1 3.53109E-1 3.99652E-1 4.4579E-1 4.6477E-1 4.62264E-1 4.60086E-1 4.52029E-1 4.35768E-1 4.0158E-1 3.60145E-1 2.29408E-1 3.8014E-1 3.13513E-1 3.17368E-1 2.90755E-1 3.07294E-1 2.92302E-1 3.01406E-1 3.38407E-1 2.73858E-1 2.69367E-1 2.27917E-1 1.95394E-1 2.06267E-1 1.99004E-1 2.24893E-1 3.29051E-1 4.36183E-1 3.94205E-1 3.66006E-1 3.48143E-1 3.08906E-1 3.33086E-1 3.22381E-1 4.02758E-1 4.38715E-1 4.05424E-1 3.81535E-1 3.581E-1 3.31796E-1 3.12402E-1 3.03143E-1 3.78919E-1
-9999 -9999 -9999 -9999 -9999 -9999 -9999 -9999 1.35791E-1 1.55814E-1 9.21569E-2 2.11951E-1 1.58781E-1 1.53834E-1 1.65134E-1 1.86865E-1 1.93176E-1 3.22721E-1 4.30557E-1 4.73285E-1 4.65421E-1 5.31153E-1 5.10129E-1 4.87999E-1 4.41845E-1 4.01928E-1 1.64125E-1 3.94057E-1 2.29835E-1 4.19994E-1 4.2894E-1 3.85068E-1 3.64579E-1 1.43475E-1 3.72169E-1 3.53619E-1 3.11978E-1 2.98624E-1 2.56242E-1 2.27189E-1 2.04658E-1 2.3292E-1 3.15529E-1 4.18797E-1 4.35736E-1 4.02602E-1 4.07001E-1 3.56563E-1 3.76886E-1 4.27907E-1 4.54274E-1 4.79018E-1 5.3762E-1 2.42173E-1 3.31266E-1 3.92979E-1 3.76053E-1 3.4245E-1 3.06648E-1 3.62696E-1
-9999 -9999 -9999 -9999 -9999 -9999 -9999 1.29846E-1 1.52599E-1 2.1648E-1 2.13351E-1 1.88323E-1 1.99263E-1 2.0777E-1 1.93877E-1 1.82381E-1 2.24471E-1 3.75399E-1 3.86774E-1 4.58389E-1 4.47422E-1 4.65675E-1 4.29041E-1 3.93664E-1 3.67769E-1 3.52732E-1 3.87233E-1 4.1027E-1 4.17178E-1 2.02619E-1 4.86697E-1 4.88885E-1 3.07478E-1 3.91582E-1 3.79676E-1 3.67521E-1 3.43607E-1 3.13379E-1 2.69847E-1 2.52477E-1 2.37728E-1 3.28229E-1 4.36048E-1 4.67587E-1 4.21104E-1 4.49979E-1 4.49718E-1 4.10248E-1 4.89022E-1 5.00988E-1 5.54647E-1 5.30849E-1 5.08631E-1 4.12963E-1 4.27505E-1 4.03717E-1 3.80686E-1 3.5591E-1 3.32447E-1 3.45596E-1
-9999 -9999 -9999 -9999 -9999 -9999 -9999 9.74714E-2 1.63785E-1 1.93473E-1 2.0316E-1 2.42095E-1 2.83961E-1 2.89009E-1 2.87638E-1 2.76921E-1 2.81281E-1 3.40646E-1 3.61462E-1 3.62946E-1 3.88676E-1 3.81788E-1 3.51715E-1 3.5244E-1 3.34817E-1 3.26374E-1 3.50483E-1 4.26581E-1 1.88027E-1 4.85554E-1 5.05284E-1 4.65386E-1 4.52255E-1 4.24135E-1 3.88602E-1 3.75204E-1 3.50988E-1 3.14613E-1 2.8849E-1 2.88215E-1 3.11347E-1 3.54963E-1 4.34657E-1 3.93323E-1 4.46646E-1 1.88686E-1 2.50366E-1 2.72547E-1 4.41071E-1 2.39051E-1 2.86989E-1 5.24591E-1 4.80407E-1 3.91724E-1 3.74552E-1 3.70311E-1 3.70397E-1 3.78546E-1 3.5755E-1 3.5659E-1
-9999 -9999 -9999 -9999 -9999 -9999 -9999 8.4119E-2 2.42186E-1 2.96339E-1 3.56009E-1 4.15193E-1 4.471E-1 4.53648E-1 4.53212E-1 4.18928E-1 4.01923E-1 4.66155E-1 4.29928E-1 4.04951E-1 4.18122E-1 4.16106E-1 3.91401E-1 3.83264E-1 3.62999E-1 3.66271E-1 4.35121E-1 4.91253E-1 5.39584E-1 5.39139E-1 5.83713E-1 6.07091E-1 5.32601E-1 4.94202E-1 4.34005E-1 4.20279E-1 3.874E-1 3.90445E-1 3.88938E-1 4.00263E-1 4.32866E-1 4.27328E-1 4.7066E-1 3.16396E-1 5.30892E-1 5.66999E-1 6.03626E-1 6.31978E-1 6.46882E-1 6.3852E-1 6.12217E-1 5.51437E-1 4.86944E-1 4.24404E-1 3.94591E-1 3.87509E-1 3.9651E-1 4.0491E-1 3.67716E-1 3.87319E-1
-9999 -9999 -9999 -9999 -9999 -9999 1.28843E-1 2.20118E-1 2.82875E-1 3.58354E-1 4.31651E-1 4.75726E-1 5.08025E-1 5.24649E-1 5.27412E-1 4.85007E-1 4.69531E-1 5.37642E-1 4.48197E-1 3.90509E-1 3.81181E-1 3.78226E-1 3.60676E-1 3.40059E-1 3.32472E-1 3.68946E-1 4.38731E-1 4.88435E-1 5.55791E-1 5.89332E-1 6.21309E-1 4.82098E-1 5.6752E-1 5.10647E-1 4.16153E-1 4.08069E-1 3.61932E-1 3.94569E-1 4.46747E-1 4.42781E-1 4.42634E-1 4.46645E-1 2.85387E-1 4.96401E-1 5.00556E-1 5.46233E-1 6.01316E-1 6.27683E-1 6.66956E-1 6.55918E-1 6.31887E-1 5.32873E-1 4.85799E-1 4.34702E-1 3.68696E-1 3.76888E-1 3.77509E-1 3.67384E-1 3.60199E-1 1.94378E-1
-9999 -9999 -9999 -9999 -9999 -9999 8.7031E-2 2.78711E-1 3.27373E-1 3.95879E-1 4.58873E-1 5.04825E-1 5.52073E-1 5.78496E-1 5.61542E-1 5.25858E-1 5.29636E-1 5.80406E-1 4.50773E-1 4.07596E-1 3.75519E-1 3.40081E-1 3.1607E-1 2.99349E-1 3.22392E-1 3.53177E-1 4.20766E-1 4.51794E-1 5.24742E-1 6.02025E-1 6.32759E-1 5.50351E-1 5.96829E-1 5.13008E-1 4.30631E-1 4.40158E-1 4.07893E-1 4.22E-1 4.47971E-1 4.42929E-1 4.96828E-1 3.9246E-1 4.693E-1 4.75298E-1 5.26278E-1 6.09597E-1 6.74743E-1 6.94063E-1 4.59767E-1 6.38144E-1 5.89523E-1 4.98024E-1 5.09404E-1 4.5633E-1 3.52082E-1 3.66697E-1 3.42758E-1 3.2418E-1 3.54561E-1 3.02916E-1
-9999 -9999 -9999 -9999 -9999 -9999 -9999 3.17773E-1 3.56143E-1 4.34197E-1 4.8217E-1 5.34663E-1 5.81369E-1 6.1972E-1 6.40618E-1 5.87486E-1 6.05735E-1 5.89641E-1 4.91585E-1 4.73537E-1 4.44814E-1 3.95067E-1 3.09922E-1 2.63341E-1 2.81327E-1 3.30009E-1 4.23958E-1 4.67942E-1 5.33487E-1 5.81233E-1 6.06375E-1 5.86991E-1 6.01248E-1 5.13542E-1 4.92603E-1 4.89416E-1 4.3661E-1 4.57194E-1 4.66142E-1 5.20415E-1 5.22304E-1 4.7333E-1 4.6856E-1 4.85163E-1 5.67965E-1 6.17657E-1 6.45415E-1 7.06922E-1 6.75721E-1 5.60824E-1 5.48749E-1 5.22104E-1 4.92779E-1 2.1853E-1 3.71645E-1 3.53498E-1 3.50635E-1 3.32304E-1 3.65259E-1 3.14764E-1
-9999 -9999 -9999 -9999 -9999 -9999 -9999 2.50392E-1 4.16805E-1 4.60468E-1 4.94978E-1 5.36168E-1 5.83795E-1 6.38353E-1 5.38593E-1 6.25784E-1 6.76362E-1 6.16294E-1 5.40559E-1 5.42998E-1 4.78398E-1 3.89382E-1 2.96332E-1 2.66158E-1 2.78002E-1 3.21318E-1 4.00031E-1 4.70449E-1 5.14354E-1 5.42283E-1 5.48475E-1 6.22624E-1 6.01144E-1 5.29796E-1 5.21585E-1 4.18155E-1 4.62262E-1 4.93178E-1 5.35426E-1 2.09921E-1 5.70328E-1 5.04333E-1 4.57553E-1 4.89658E-1 5.65176E-1 6.58677E-1 6.53207E-1 6.45734E-1 6.02005E-1 5.35118E-1 4.92719E-1 4.59199E-1 4.22797E-1 4.2422E-1 3.27652E-1 3.80956E-1 3.70175E-1 3.5855E-1 4.35953E-1 4.84869E-1
-9999 -9999 -9999 -9999 -9999 -9999 -9999 -9999 2.19912E-1 4.35299E-1 4.21494E-1 4.46547E-1 4.94754E-1 5.47347E-1 6.16766E-1 7.16155E-1 7.18967E-1 5.79809E-1 6.67392E-1 6.20037E-1 5.00039E-1 4.03994E-1 3.19969E-1 2.95138E-1 3.23845E-1 3.67953E-1 4.3444E-1 4.75868E-1 5.2406E-1 5.57068E-1 6.04834E-1 6.68834E-1 6.75945E-1 6.15842E-1 5.37948E-1 4.91773E-1 5.29136E-1 5.81075E-1 4.14429E-1 5.92654E-1 5.73563E-1 5.17178E-1 4.55584E-1 4.82709E-1 5.30658E-1 5.11727E-1 5.73685E-1 5.366E-1 5.13448E-1 4.96659E-1 4.94418E-1 4.65711E-1 4.50971E-1 4.577E-1 2.49457E-1 5.00927E-1 4.44216E-1 4.41508E-1 4.50058E-1 5.7417E-1
-9999 -9999 -9999 -9999 -9999 -9999 -9999 -9999 2.76421E-1 3.61644E-1 3.24411E-1 3.9943E-1 4.65705E-1 5.21949E-1 6.08359E-1 6.67207E-1 6.62775E-1 7.0373E-1 6.7731E-1 6.11506E-1 4.88349E-1 4.17244E-1 3.47045E-1 3.38586E-1 3.84378E-1 4.14043E-1 4.60399E-1 4.95399E-1 5.41395E-1 5.77071E-1 5.92158E-1 6.55526E-1 6.59488E-1 5.66205E-1 4.50623E-1 5.0141E-1 5.64715E-1 6.17724E-1 6.27017E-1 5.90103E-1 5.46184E-1 4.92278E-1 4.28508E-1 3.87139E-1 4.54856E-1 4.46337E-1 5.22276E-1 5.23802E-1 4.87562E-1 4.59999E-1 4.55174E-1 4.52548E-1 4.88712E-1 4.6895E-1 5.43202E-1 5.55597E-1 4.65882E-1 2.77528E-1 5.86442E-1 5.59306E-1
-9999 -9999 -9999 -9999 -9999 -9999 -9999 -9999 1.26662E-1 2.80467E-1 3.11788E-1 3.73033E-1 4.27542E-1 5.10001E-1 5.67737E-1 6.41291E-1 6.51324E-1 6.75174E-1 6.49265E-1 5.73933E-1 4.79372E-1 4.27079E-1 3.58226E-1 3.8104E-1 4.321E-1 4.65385E-1 5.0789E-1 5.31871E-1 5.77193E-1 6.10704E-1 6.11489E-1 6.12177E-1 6.37856E-1 4.90829E-1 4.49952E-1 5.22516E-1 6.30199E-1 6.35907E-1 6.79683E-1 5.95259E-1 5.50438E-1 4.7411E-1 3.94577E-1 3.41223E-1 3.94205E-1 3.88036E-1 4.56385E-1 4.70663E-1 4.80371E-1 4.88097E-1 5.00598E-1 4.80037E-1 5.65758E-1 5.56922E-1 5.8293E-1 3.99318E-1 4.79251E-1 5.44987E-1 5.53993E-1 4.21154E-1
-9999 -9999 -9999 -9999 -9999 -9999 -9999 -9999 -9999 2.90259E-1 3.1532E-1 3.53565E-1 4.47122E-1 4.88365E-1 5.17716E-1 5.99613E-1 6.15827E-1 6.23965E-1 5.76666E-1 5.43032E-1 4.68878E-1 4.21001E-1 3.84088E-1 4.21076E-1 4.77653E-1 5.19165E-1 5.51394E-1 5.7382E-1 5.97386E-1 6.65489E-1 6.48096E-1 5.97775E-1 6.16948E-1 4.79561E-1 4.53462E-1 5.63848E-1 6.29625E-1 6.39423E-1 6.08141E-1 5.66267E-1 5.27204E-1 4.27119E-1 3.50501E-1 2.9418E-1 3.2737E-1 3.31699E-1 3.74868E-1 4.14772E-1 4.39414E-1 4.89938E-1 5.51335E-1 5.69814E-1 5.85945E-1 6.11956E-1 6.20629E-1 5.31404E-1 5.28806E-1 5.2363E-1 4.71031E-1 5.38176E-1
-9999 -9999 -9999 -9999 -9999 -9999 -9999 -9999 -9999 3.3365E-1 3.55228E-1 4.41538E-1 4.91528E-1 5.29869E-1 5.43256E-1 6.13039E-1 6.05784E-1 6.02558E-1 5.56456E-1 5.29639E-1 4.80563E-1 4.58086E-1 4.16457E-1 4.47454E-1 5.111E-1 5.50922E-1 5.9144E-1 6.23102E-1 6.50069E-1 5.54334E-1 6.48985E-1 4.19453E-1 6.47671E-1 6.01124E-1 5.90379E-1 5.66946E-1 5.77057E-1 5.49012E-1 5.57847E-1 5.25082E-1 4.94823E-1 3.96372E-1 3.35009E-1 2.85781E-1 3.23888E-1 3.31848E-1 3.63733E-1 3.67607E-1 4.08607E-1 4.80105E-1 5.38311E-1 6.04418E-1 6.2422E-1 6.30833E-1 4.6414E-1 4.26773E-1 3.90105E-1 4.41373E-1 5.62888E-1 5.57477E-1
-9999 -9999 -9999 -9999 -9999 -9999 -9999 -9999 -9999 3.57985E-1 4.23399E-1 4.77416E-1 5.27071E-1 5.71394E-1 6.04187E-1 6.57614E-1 6.33999E-1 6.47789E-1 6.12122E-1 6.01942E-1 5.43871E-1 4.93292E-1 4.40736E-1 4.90126E-1 5.47487E-1 5.90551E-1 6.37893E-1 4.36296E-1 6.61585E-1 6.22008E-1 5.40627E-1 6.11186E-1 6.31915E-1 6.11433E-1 6.24964E-1 6.04178E-1 4.84688E-1 4.67527E-1 4.7979E-1 4.7755E-1 4.2712E-1 3.66437E-1 3.18649E-1 3.07244E-1 3.77191E-1 4.25507E-1 4.50913E-1 4.70457E-1 4.24517E-1 4.37204E-1 4.5278E-1 5.45273E-1 6.44524E-1 6.70116E-1 4.41501E-1 5.44524E-1 5.18233E-1 4.88456E-1 5.24381E-1 5.69946E-1
