Phytophthora/models/20240430_1411_30/Phytophthora_PA3_RUN2_MAXENT_outputs/Phytophthora_PA3_RUN2.asc
ncols         225
nrows         269
xllcorner     473000.0
yllcorner     4429100.0
cellsize      50.0
NODATA_value  -9999
[rows 189 to 215 of 269, columns 60 to 119 of 225]
6.08162E-1 6.05904E-1 5.93815E-1 5.90416E-1 6.24448E-1 5.16588E-1 4.68903E-1 4.37422E-1 4.42098E-1 5.27787E-1 3.33756E-1 5.2785E-1 5.49311E-1 5.34337E-1 4.88696E-1 4.92165E-1 4.45878E-1 4.23367E-1 4.40919E-1 1.87908E-1 3.55538E-1 3.7856E-1 3.98022E-1 4.21288E-1 5.74642E-1 5.36995E-1 5.54727E-1 5.05119E-1 4.89663E-1 4.92885E-1 4.87554E-1 5.25145E-1 5.63623E-1 5.61884E-1 5.64337E-1 5.3992E-1 3.67668E-1 1.8788E-1 1.85255E-1 4.73587E-1 1.85659E-1 3.63958E-1 3.96675E-1 4.94267E-1 5.38047E-1 3.05602E-1 5.31306E-1 2.26568E-1 2.75864E-1 2.79786E-1 3.07233E-1 3.1586E-1 4.53449E-1 5.60503E-1 5.3542E-1 3.31971E-1 5.41104E-1 5.04391E-1 5.21389E-1 5.6024E-1
5.67692E-1 5.775E-1 5.55859E-1 5.6294E-1 5.75283E-1 4.62529E-1 4.25059E-1 4.27633E-1 4.50466E-1 5.29304E-1 6.29713E-1 6.2296E-1 5.92183E-1 5.66141E-1 5.0048E-1 5.053E-1 4.47462E-1 4.44956E-1 3.46272E-1 3.9784E-1 3.95741E-1 4.20649E-1 4.45351E-1 4.36997E-1 5.21643E-1 5.39833E-1 6.07914E-1 5.46099E-1 5.07447E-1 4.83528E-1 5.01244E-1 5.07554E-1 5.27341E-1 5.17404E-1 1.77385E-1 3.31765E-1 3.12064E-1 2.88895E-1 2.77286E-1 3.01046E-1 2.68529E-1 2.16523E-1 4.21952E-1 4.53155E-1 5.14602E-1 5.46611E-1 4.63406E-1 4.3211E-1 4.15212E-1 2.17379E-1 2.46936E-1 2.32053E-1 3.32133E-1 3.66425E-1 2.40389E-1 5.7322E-1 5.30722E-1 4.74705E-1 4.93794E-1 5.21743E-1
5.4877E-1 5.37501E-1 5.23439E-1 5.49582E-1 5.41924E-1 5.25197E-1 5.12898E-1 5.09244E-1 5.10554E-1 5.68987E-1 3.82065E-1 6.91165E-1 6.53116E-1 5.84804E-1 4.50176E-1 4.8881E-1 4.40047E-1 4.25284E-1 4.76758E-1 4.65143E-1 4.42404E-1 4.74516E-1 5.0114E-1 5.01444E-1 5.31382E-1 5.72546E-1 6.41358E-1 6.04101E-1 6.02794E-1 4.97177E-1 5.11806E-1 5.18998E-1 4.96116E-1 1.97604E-1 4.91586E-1 4.3897E-1 2.64217E-1 2.73335E-1 3.16596E-1 3.63716E-1 3.18823E-1 3.39854E-1 2.93778E-1 4.23123E-1 4.44747E-1 4.64007E-1 3.79397E-1 3.52583E-1 2.74635E-1 3.22065E-1 2.13671E-1 2.0987E-1 2.71806E-1 2.86541E-1 3.07445E-1 2.40974E-1 4.28776E-1 3.8342E-1 4.31057E-1 4.93874E-1
5.46683E-1 4.93215E-1 5.09854E-1 2.35812E-1 3.08843E-1 4.09028E-1 3.26671E-1 3.45368E-1 5.30783E-1 5.57098E-1 3.21441E-1 6.66271E-1 6.11423E-1 5.2813E-1 3.96438E-1 4.70998E-1 4.43984E-1 4.79851E-1 5.05897E-1 4.99011E-1 4.67418E-1 4.80487E-1 5.06008E-1 5.32417E-1 5.39856E-1 4.9315E-1 5.42942E-1 5.25467E-1 6.65107E-1 4.36043E-1 4.83254E-1 4.22313E-1 3.52302E-1 3.91861E-1 2.77137E-1 2.82734E-1 4.41102E-1 2.41382E-1 2.92215E-1 3.55473E-1 3.81943E-1 3.43784E-1 3.54576E-1 3.65053E-1 3.10679E-1 4.19529E-1 3.42927E-1 3.24444E-1 2.92469E-1 2.87511E-1 2.90546E-1 2.18827E-1 2.1923E-1 2.43718E-1 2.59764E-1 1.37423E-1 4.16044E-1 4.12582E-1 4.22751E-1 4.27068E-1
5.41561E-1 4.86342E-1 4.91946E-1 4.54595E-1 3.70284E-1 3.83795E-1 6.13841E-1 6.01089E-1 6.52206E-1 3.53758E-1 3.83259E-1 7.25419E-1 6.91488E-1 5.86529E-1 6.07702E-1 5.89251E-1 4.75004E-1 6.49989E-1 5.41825E-1 5.30731E-1 4.81255E-1 5.661E-1 6.32753E-1 6.22961E-1 6.28153E-1 5.34872E-1 5.36675E-1 5.34834E-1 6.4E-1 4.95416E-1 4.9251E-1 4.34507E-1 3.46563E-1 4.86695E-1 2.7744E-1 2.95994E-1 4.02139E-1 3.59304E-1 4.00608E-1 3.84641E-1 3.68204E-1 3.07766E-1 2.43933E-1 2.86553E-1 2.80091E-1 2.57333E-1 3.18355E-1 2.94994E-1 2.6634E-1 2.70597E-1 3.10542E-1 3.29513E-1 3.48269E-1 3.23269E-1 3.36742E-1 4.2435E-1 5.10518E-1 4.51615E-1 4.0267E-1 4.04712E-1
5.46288E-1 4.00244E-1 4.898E-1 3.88439E-1 4.16247E-1 5.53302E-1 5.55084E-1 6.51101E-1 5.85005E-1 6.82081E-1 6.3055E-1 5.68305E-1 6.87561E-1 6.4682E-1 5.70437E-1 5.72955E-1 6.54936E-1 6.99574E-1 6.27838E-1 6.08183E-1 5.76292E-1 5.42807E-1 4.1087E-1 6.74932E-1 6.15163E-1 5.56198E-1 5.331E-1 5.69079E-1 6.27843E-1 6.04029E-1 4.78729E-1 4.04046E-1 3.3808E-1 4.60883E-1 3.06526E-1 3.41951E-1 3.72924E-1 3.86047E-1 3.83469E-1 3.60692E-1 3.52515E-1 3.21283E-1 3.13468E-1 3.22008E-1 3.07085E-1 2.72427E-1 3.12962E-1 2.66955E-1 2.8459E-1 3.16731E-1 3.54392E-1 3.73676E-1 3.847E-1 4.02129E-1 4.07618E-1 4.77459E-1 3.50808E-1 4.42082E-1 4.0099E-1 3.85643E-1
5.06053E-1 4.42268E-1 3.95406E-1 4.24417E-1 4.53655E-1 6.00378E-1 4.7155E-1 7.13968E-1 6.36673E-1 3.97575E-1 5.81896E-1 5.93858E-1 5.83807E-1 5.89411E-1 5.97335E-1 6.32035E-1 6.62672E-1 5.32261E-1 6.20225E-1 3.22862E-1 4.70139E-1 4.10036E-1 6.11668E-1 6.1075E-1 5.53696E-1 5.29669E-1 5.04363E-1 5.54835E-1 5.80906E-1 5.98996E-1 4.72204E-1 4.12258E-1 3.59149E-1 4.30187E-1 2.63979E-1 3.15222E-1 3.53951E-1 3.57446E-1 3.60152E-1 3.09783E-1 3.19451E-1 3.02029E-1 2.86453E-1 2.94502E-1 1.77169E-1 1.17068E-1 2.64093E-1 2.99875E-1 3.23434E-1 3.71169E-1 4.08092E-1 4.14163E-1 4.22685E-1 4.34797E-1 4.92087E-1 4.60951E-1 3.07167E-1 4.062E-1 3.9336E-1 3.8433E-1
4.05802E-1 4.75298E-1 4.95007E-1 4.9916E-1 5.42693E-1 5.96697E-1 7.41994E-1 6.45954E-1 6.84828E-1 6.28617E-1 5.98788E-1 5.83477E-1 5.83563E-1 5.7635E-1 6.04747E-1 6.27879E-1 3.52533E-1 6.46184E-1 6.31677E-1 6.4698E-1 6.071E-1 5.89191E-1 5.58752E-1 5.66049E-1 5.441E-1 6.15799E-1 5.6538E-1 5.9656E-1 5.6266E-1 5.50883E-1 4.24526E-1 4.60482E-1 3.76248E-1 3.89937E-1 2.47394E-1 2.77275E-1 3.19475E-1 3.27977E-1 3.41791E-1 2.8893E-1 2.10658E-1 2.03387E-1 2.02369E-1 1.41215E-1 2.08425E-1 1.66451E-1 2.82046E-1 3.43091E-1 3.6631E-1 4.13048E-1 4.52972E-1 4.44725E-1 4.39042E-1 4.82087E-1 1.83824E-1 3.6924E-1 3.49433E-1 2.18671E-1 3.55074E-1 3.39699E-1
1.95515E-1 5.50965E-1 5.54508E-1 5.64151E-1 6.24025E-1 7.08475E-1 4.78757E-1 7.71715E-1 7.30822E-1 6.91177E-1 6.88394E-1 6.41824E-1 5.42532E-1 5.4732E-1 5.66018E-1 6.12824E-1 6.91272E-1 6.81877E-1 6.32714E-1 5.99371E-1 5.53738E-1 5.44525E-1 5.03274E-1 5.49539E-1 5.63666E-1 4.695E-1 4.52554E-1 4.85908E-1 5.07754E-1 5.16095E-1 4.80101E-1 4.55269E-1 4.00473E-1 3.80125E-1 2.1315E-1 2.68063E-1 2.6061E-1 2.71617E-1 2.81019E-1 2.86476E-1 1.0076E-1 1.85742E-1 1.92237E-1 2.27634E-1 2.16965E-1 2.54397E-1 3.09438E-1 3.60007E-1 4.46642E-1 4.61672E-1 5.03724E-1 5.17421E-1 5.34017E-1 2.54089E-1 4.43082E-1 1.90302E-1 1.21134E-1 1.86279E-1 1.596E-1 4.00335E-1
5.9031E-1 6.14653E-1 6.68825E-1 6.67107E-1 6.84871E-1 7.02269E-1 6.74287E-1 7.25898E-1 6.29931E-1 6.11356E-1 5.73403E-1 5.34538E-1 5.17065E-1 5.62468E-1 5.66519E-1 7.14885E-1 7.29734E-1 6.83228E-1 6.05918E-1 5.53361E-1 5.11229E-1 5.20017E-1 4.65781E-1 2.74628E-1 4.11378E-1 4.04964E-1 3.81375E-1 3.92057E-1 4.93056E-1 4.79989E-1 4.41211E-1 4.10631E-1 3.94978E-1 3.34369E-1 2.61433E-1 2.54545E-1 2.46518E-1 2.46994E-1 2.44991E-1 2.09363E-1 1.55527E-1 2.25394E-1 6.73501E-2 2.12973E-1 2.46883E-1 2.91334E-1 3.41188E-1 4.00489E-1 4.84489E-1 5.30008E-1 3.03917E-1 2.97258E-1 3.30179E-1 4.1997E-1 3.70661E-1 3.10262E-1 1.89534E-1 1.96203E-1 2.28333E-1 1.55641E-1
5.48123E-1 5.71139E-1 6.36047E-1 6.87174E-1 5.93852E-1 5.19822E-1 6.68188E-1 6.16973E-1 5.66071E-1 5.24509E-1 4.86749E-1 4.60698E-1 4.72021E-1 6.01232E-1 6.76712E-1 6.61781E-1 7.33984E-1 6.85928E-1 6.33459E-1 5.44756E-1 4.75395E-1 4.68838E-1 5.21219E-1 4.70006E-1 3.99132E-1 3.80288E-1 3.97182E-1 4.30784E-1 4.60137E-1 4.39041E-1 4.17133E-1 4.08327E-1 3.79001E-1 2.95128E-1 2.71141E-1 2.16531E-1 2.14604E-1 2.15333E-1 2.18794E-1 1.74455E-1 1.51077E-1 1.82548E-1 1.26016E-1 2.329E-1 2.48912E-1 3.01404E-1 3.56864E-1 4.20047E-1 5.03178E-1 5.33612E-1 4.32424E-1 4.31346E-1 1.38814E-1 4.53423E-1 3.93894E-1 3.14352E-1 2.66614E-1 3.07819E-1 1.90091E-1 2.85833E-1
5.47178E-1 5.89216E-1 6.38708E-1 7.50292E-1 6.29042E-1 6.12724E-1 5.89298E-1 5.56529E-1 5.44803E-1 5.08088E-1 4.65905E-1 4.62961E-1 5.91035E-1 4.4811E-1 5.45452E-1 4.69035E-1 6.97634E-1 6.75018E-1 6.54618E-1 5.93447E-1 5.17799E-1 4.47594E-1 4.5701E-1 3.28313E-1 3.1712E-1 3.37332E-1 4.22921E-1 4.55408E-1 4.68243E-1 4.16715E-1 2.62193E-1 2.62632E-1 2.40716E-1 3.17699E-1 2.44152E-1 1.90303E-1 1.78721E-1 1.73208E-1 1.88865E-1 1.76521E-1 1.39049E-1 1.54722E-1 2.59468E-1 2.23141E-1 2.40216E-1 2.97181E-1 3.54395E-1 4.24186E-1 4.89435E-1 4.61451E-1 3.89002E-1 4.17587E-1 1.26897E-1 4.25033E-1 3.31207E-1 2.38815E-1 2.07534E-1 2.91587E-1 1.61978E-1 2.12539E-1
5.76117E-1 6.41707E-1 4.40673E-1 6.36437E-1 5.69095E-1 5.64408E-1 5.48363E-1 5.03494E-1 4.82019E-1 4.26183E-1 3.31808E-1 4.53846E-1 3.45601E-1 5.17403E-1 6.28588E-1 6.56907E-1 6.55504E-1 6.00788E-1 5.52508E-1 4.91631E-1 2.07509E-1 3.01712E-1 2.36965E-1 2.21139E-1 2.73928E-1 3.91212E-1 4.38873E-1 4.76353E-1 4.81549E-1 4.17121E-1 3.34996E-1 3.02414E-1 2.89452E-1 3.16904E-1 1.9946E-1 1.74281E-1 1.59273E-1 1.5764E-1 1.7273E-1 1.71115E-1 2.02725E-1 2.17759E-1 3.20277E-1 2.73117E-1 2.93856E-1 3.48545E-1 4.23187E-1 5.30095E-1 4.99432E-1 4.65884E-1 4.07112E-1 4.622E-1 1.9442E-1 4.18045E-1 3.35632E-1 2.51566E-1 2.11614E-1 2.71224E-1 1.91861E-1 2.22826E-1
5.54201E-1 3.10228E-1 5.76498E-1 5.3143E-1 5.18286E-1 5.1496E-1 5.3899E-1 5.47828E-1 5.24542E-1 4.64317E-1 4.4128E-1 4.91811E-1 4.94956E-1 5.73186E-1 6.45764E-1 6.81819E-1 6.81472E-1 6.03881E-1 5.56577E-1 5.18984E-1 4.71419E-1 3.21332E-1 2.87504E-1 3.10943E-1 3.27376E-1 3.88342E-1 5.0719E-1 5.47513E-1 5.55159E-1 4.78881E-1 3.95381E-1 3.48127E-1 3.10836E-1 2.57683E-1 2.99762E-1 1.26726E-1 2.05985E-1 1.66607E-1 1.95002E-1 1.93803E-1 2.22353E-1 2.4854E-1 2.65699E-1 3.08748E-1 2.55004E-1 3.83196E-1 5.00933E-1 5.59886E-1 4.8176E-1 4.3796E-1 3.89943E-1 4.44761E-1 3.84309E-1 4.32649E-1 3.87902E-1 2.96926E-1 2.75492E-1 2.46218E-1 2.44805E-1 2.45392E-1
6.61924E-1 6.5004E-1 5.97047E-1 5.57999E-1 5.33206E-1 5.51302E-1 5.62598E-1 5.62527E-1 5.38021E-1 5.19246E-1 5.02143E-1 5.42977E-1 5.82137E-1 6.17835E-1 6.67997E-1 6.74137E-1 6.69393E-1 5.96782E-1 5.44687E-1 5.45072E-1 4.63568E-1 3.36843E-1 3.30796E-1 3.67879E-1 4.20664E-1 4.90429E-1 5.50051E-1 6.16155E-1 6.2926E-1 5.46662E-1 4.6568E-1 3.97311E-1 3.40948E-1 3.06786E-1 2.58841E-1 2.38963E-1 2.80884E-1 2.55885E-1 1.97656E-1 2.20251E-1 2.29983E-1 2.70058E-1 2.95556E-1 3.51089E-1 2.33804E-1 4.44022E-1 5.52522E-1 5.86082E-1 5.19621E-1 4.843E-1 3.85821E-1 4.58221E-1 5.70698E-1 4.8243E-1 4.21247E-1 3.2627E-1 2.98172E-1 2.60954E-1 2.24657E-1 2.20284E-1
6.40298E-1 6.31565E-1 6.14896E-1 5.83193E-1 5.53852E-1 5.6411E-1 5.41149E-1 5.20128E-1 5.06538E-1 5.41023E-1 5.16422E-1 5.58327E-1 6.12436E-1 6.57119E-1 6.15615E-1 6.64382E-1 6.2497E-1 5.72537E-1 5.34341E-1 1.80893E-1 3.71342E-1 3.4399E-1 3.46656E-1 3.98474E-1 4.63089E-1 5.34417E-1 5.73754E-1 6.42386E-1 6.866E-1 6.24225E-1 5.077E-1 4.22269E-1 3.81867E-1 3.57468E-1 3.28802E-1 2.71948E-1 2.64026E-1 2.51815E-1 1.43191E-1 2.41812E-1 2.57891E-1 2.84154E-1 3.13265E-1 3.47659E-1 2.006E-1 5.08362E-1 5.70231E-1 5.76556E-1 5.88591E-1 5.24868E-1 4.14547E-1 5.1133E-1 5.46113E-1 4.86091E-1 4.39313E-1 3.36711E-1 3.01495E-1 2.63895E-1 2.29639E-1 1.93265E-1
6.23897E-1 6.2145E-1 5.89896E-1 5.69917E-1 5.38603E-1 5.49286E-1 5.32586E-1 4.8997E-1 5.24276E-1 5.56629E-1 5.26014E-1 5.7053E-1 6.04665E-1 6.72923E-1 7.05555E-1 6.26764E-1 6.04972E-1 5.57349E-1 5.14112E-1 2.11966E-1 3.74172E-1 3.29741E-1 3.42736E-1 4.16136E-1 4.97077E-1 5.53943E-1 5.97365E-1 6.56356E-1 7.06644E-1 6.63901E-1 5.78643E-1 4.44982E-1 4.05586E-1 3.83736E-1 3.5282E-1 3.01469E-1 2.89652E-1 2.66273E-1 2.65845E-1 2.6689E-1 3.01167E-1 2.77935E-1 3.07672E-1 3.48846E-1 3.67288E-1 4.65956E-1 5.42516E-1 5.49071E-1 2.9205E-1 5.90184E-1 5.01883E-1 3.32619E-1 2.21289E-1 5.09672E-1 4.44465E-1 3.27149E-1 2.98549E-1 2.73153E-1 2.43273E-1 2.07371E-1
4.53524E-1 5.28862E-1 4.92143E-1 4.75902E-1 4.5822E-1 4.87336E-1 4.87415E-1 4.53186E-1 4.88101E-1 5.22131E-1 4.81683E-1 5.26664E-1 5.5711E-1 5.87043E-1 6.04201E-1 5.7142E-1 5.48745E-1 5.05522E-1 4.61933E-1 2.89356E-1 3.13972E-1 2.89236E-1 3.44417E-1 4.13112E-1 4.9533E-1 5.25391E-1 5.63624E-1 6.24869E-1 6.36565E-1 6.5418E-1 6.37867E-1 5.2786E-1 4.76288E-1 4.42766E-1 4.04634E-1 2.86773E-1 2.71816E-1 2.607E-1 2.67899E-1 1.55644E-1 2.53206E-1 2.71407E-1 2.55998E-1 2.97316E-1 3.24632E-1 2.63628E-1 4.23596E-1 4.66627E-1 5.45209E-1 5.79716E-1 5.98736E-1 3.26635E-1 2.60846E-1 4.88775E-1 4.69121E-1 3.88916E-1 3.59922E-1 3.29747E-1 2.91167E-1 2.49631E-1
4.22085E-1 5.51101E-1 5.04408E-1 4.77108E-1 4.83152E-1 5.19262E-1 4.87298E-1 4.57995E-1 4.75755E-1 5.15216E-1 4.55737E-1 4.95308E-1 5.17909E-1 5.42378E-1 5.56963E-1 5.42968E-1 5.26113E-1 4.83409E-1 4.64672E-1 3.0736E-1 3.04777E-1 2.93918E-1 3.50586E-1 4.18821E-1 4.78039E-1 5.34091E-1 5.51987E-1 5.69541E-1 6.06606E-1 6.37043E-1 6.60327E-1 3.71156E-1 3.2743E-1 4.57083E-1 2.04756E-1 2.88158E-1 3.47089E-1 2.98673E-1 2.55034E-1 1.95533E-1 1.75296E-1 2.76525E-1 2.47396E-1 2.83588E-1 3.22624E-1 4.26858E-1 4.18103E-1 4.36716E-1 4.72519E-1 4.8887E-1 6.20942E-1 4.77505E-1 5.92652E-1 5.81363E-1 5.95975E-1 2.72666E-1 1.1739E-1 3.17812E-1 2.53085E-1 8.30874E-2
6.54854E-1 3.75635E-1 5.31548E-1 4.90569E-1 4.88428E-1 5.28834E-1 4.91673E-1 4.67356E-1 4.65137E-1 4.72446E-1 4.23197E-1 4.44621E-1 4.63127E-1 4.84574E-1 4.9399E-1 4.87359E-1 4.78975E-1 4.34032E-1 3.19976E-1 4.05433E-1 2.76936E-1 2.94397E-1 3.35717E-1 4.03777E-1 4.21601E-1 5.1846E-1 5.47522E-1 5.5937E-1 5.71571E-1 4.85667E-1 5.17644E-1 3.84615E-1 3.81638E-1 4.03702E-1 3.24963E-1 2.55218E-1 1.9972E-1 1.92983E-1 1.62785E-1 1.44872E-1 1.48795E-1 1.81262E-1 2.07931E-1 1.30408E-1 8.08715E-2 2.30226E-1 3.14622E-1 4.16682E-1 4.39428E-1 4.95099E-1 4.67023E-1 4.55212E-1 6.09121E-1 6.1835E-1 5.70478E-1 3.05539E-1 3.09484E-1 2.54893E-1 2.234E-1 2.16448E-1
4.0277E-1 5.57147E-1 5.75798E-1 3.48161E-1 5.26356E-1 5.39592E-1 2.62841E-1 3.66999E-1 4.42235E-1 4.51741E-1 3.65016E-1 3.72372E-1 4.10868E-1 4.32284E-1 4.47454E-1 4.17291E-1 4.61903E-1 3.54201E-1 3.03681E-1 2.21523E-1 7.98014E-2 2.87475E-1 3.47481E-1 3.73703E-1 3.78889E-1 5.14064E-1 5.39185E-1 5.4344E-1 5.91509E-1 5.68373E-1 5.52205E-1 3.46368E-1 3.66375E-1 3.9956E-1 3.60795E-1 2.56713E-1 2.03508E-1 1.96268E-1 1.65822E-1 1.787E-1 1.72314E-1 1.73031E-1 1.42026E-1 1.34765E-1 1.27956E-1 2.39321E-1 4.94533E-1 4.67021E-1 4.92437E-1 5.45526E-1 5.2957E-1 4.69674E-1 3.57496E-1 3.52227E-1 3.51042E-1 2.11897E-1 2.88036E-1 2.6242E-1 2.51424E-1 2.25266E-1
5.25908E-1 5.5325E-1 5.57887E-1 5.53254E-1 2.44242E-1 5.90712E-1 4.02457E-1 2.96203E-1 2.51875E-1 2.72499E-1 2.45636E-1 3.34361E-1 3.5867E-1 1.8955E-1 3.97921E-1 3.47039E-1 4.1708E-1 3.26752E-1 2.90375E-1 2.24329E-1 2.09106E-1 3.03154E-1 2.99122E-1 2.93615E-1 3.62595E-1 5.18914E-1 4.9222E-1 5.64401E-1 5.38225E-1 5.33376E-1 4.82867E-1 5.64611E-1 4.64299E-1 4.80996E-1 3.54543E-1 2.69176E-1 2.27222E-1 2.19592E-1 1.97931E-1 2.22801E-1 2.14048E-1 2.13774E-1 2.01757E-1 1.8088E-1 2.38066E-1 3.06633E-1 3.13259E-1 4.17672E-1 4.29226E-1 5.74063E-1 5.00401E-1 3.86916E-1 3.3157E-1 3.03458E-1 2.68346E-1 2.68948E-1 3.08293E-1 2.82008E-1 2.78578E-1 2.50886E-1
5.42724E-1 5.92682E-1 5.27009E-1 4.80673E-1 3.88862E-1 3.45433E-1 2.89367E-1 2.43785E-1 1.89357E-1 1.79099E-1 2.0749E-1 2.39586E-1 2.57244E-1 2.88727E-1 2.76412E-1 2.00057E-1 2.43942E-1 2.25402E-1 1.73521E-1 1.63812E-1 1.39353E-1 6.4503E-2 1.85104E-1 2.13106E-1 2.47082E-1 3.94468E-1 4.28635E-1 4.53308E-1 4.09053E-1 4.24283E-1 4.1807E-1 4.34905E-1 4.83919E-1 2.84098E-1 4.88638E-1 3.88496E-1 3.00196E-1 2.55919E-1 2.42386E-1 2.72395E-1 3.19223E-1 3.20557E-1 2.91642E-1 2.823E-1 2.75136E-1 2.23536E-1 2.62458E-1 5.20016E-1 6.60435E-1 4.76313E-1 3.86921E-1 2.98498E-1 2.82651E-1 2.61704E-1 2.3344E-1 3.7796E-1 3.01543E-1 2.58553E-1 2.64589E-1 3.0069E-1
3.54559E-1 5.80904E-1 5.26614E-1 4.71085E-1 3.96252E-1 3.44085E-1 2.97318E-1 2.48795E-1 2.1919E-1 1.91581E-1 2.12154E-1 2.15823E-1 2.15899E-1 2.17796E-1 2.79597E-1 2.28276E-1 1.83591E-1 1.12152E-1 1.61442E-1 1.84159E-1 1.51656E-1 9.69783E-2 2.09414E-1 2.27107E-1 2.54653E-1 4.0808E-1 4.12109E-1 3.61452E-1 3.68287E-1 3.68779E-1 3.76087E-1 4.18513E-1 4.74299E-1 5.34351E-1 2.30851E-1 4.35378E-1 3.87764E-1 3.8124E-1 3.75784E-1 3.94167E-1 4.09737E-1 3.86882E-1 1.30841E-1 2.77107E-1 1.55479E-1 1.97835E-1 3.47057E-1 5.35467E-1 4.67315E-1 4.351E-1 3.64779E-1 4.01714E-1 2.52301E-1 1.95248E-1 3.07015E-1 4.05119E-1 3.17516E-1 2.75629E-1 2.69627E-1 2.69515E-1
5.84031E-1 5.53108E-1 5.13257E-1 4.801E-1 1.92704E-1 3.11174E-1 2.55079E-1 2.37408E-1 2.18907E-1 1.97678E-1 2.07976E-1 2.00695E-1 1.97945E-1 1.95585E-1 1.82032E-1 2.0937E-1 1.3831E-1 5.9483E-2 1.81747E-1 2.0607E-1 1.75222E-1 1.7201E-1 2.1168E-1 2.55209E-1 2.89888E-1 4.58945E-1 4.44728E-1 3.60049E-1 3.26284E-1 3.26304E-1 3.68853E-1 4.01386E-1 4.37289E-1 4.59226E-1 5.22129E-1 2.44445E-1 4.62108E-1 4.65094E-1 4.494E-1 4.71188E-1 4.88416E-1 3.31385E-1 3.71676E-1 3.12259E-1 1.51008E-1 2.20124E-1 3.42497E-1 5.17944E-1 2.29968E-1 3.52384E-1 3.80292E-1 2.34499E-1 4.11477E-1 4.08425E-1 3.7048E-1 3.44798E-1 4.50491E-1 3.01611E-1 2.89035E-1 2.95094E-1
5.56818E-1 5.38735E-1 4.95615E-1 4.96558E-1 3.22158E-1 2.75321E-1 2.43465E-1 2.22354E-1 2.13251E-1 1.93937E-1 1.87122E-1 1.85535E-1 1.78121E-1 1.71749E-1 1.69559E-1 1.80628E-1 1.33907E-1 7.86367E-2 2.08649E-1 2.19057E-1 2.01643E-1 1.4571E-1 2.42134E-1 2.96544E-1 3.3084E-1 5.03553E-1 4.82392E-1 3.80622E-1 3.38317E-1 3.22587E-1 3.44231E-1 3.66873E-1 4.04757E-1 4.19757E-1 4.48407E-1 4.526E-1 2.95677E-1 2.82227E-1 2.77031E-1 2.96991E-1 3.26022E-1 4.78068E-1 3.28014E-1 2.7843E-1 2.20522E-1 2.8305E-1 3.4918E-1 5.69675E-1 6.48014E-1 4.2732E-1 4.4876E-1 2.25031E-1 4.33906E-1 3.81401E-1 3.93379E-1 4.49567E-1 2.31866E-1 4.46073E-1 3.93219E-1 3.53444E-1
5.32343E-1 5.72273E-1 4.95597E-1 4.03725E-1 1.35218E-1 2.43043E-1 2.33348E-1 2.10899E-1 2.12974E-1 1.8451E-1 1.6412E-1 1.66374E-1 1.6377E-1 1.62166E-1 1.51283E-1 6.26027E-2 1.60021E-1 1.56997E-1 2.15903E-1 2.35794E-1 2.29327E-1 1.03368E-1 2.7362E-1 3.41394E-1 3.85635E-1 5.44684E-1 5.17307E-1 4.06741E-1 3.70728E-1 3.65466E-1 3.62746E-1 3.61809E-1 3.61084E-1 3.8809E-1 3.73408E-1 3.19776E-1 2.65199E-1 2.55213E-1 2.52223E-1 2.7391E-1 2.52135E-1 3.60077E-1 3.73593E-1 4.05723E-1 3.4002E-1 3.76243E-1 3.86584E-1 2.49278E-1 7.08824E-1 4.80742E-1 5.40346E-1 4.83145E-1 4.22523E-1 3.67117E-1 3.95833E-1 4.34374E-1 4.86078E-1 2.02303E-1 4.85486E-1 4.21378E-1
