Phytophthora/models/20240430_1411_30/Phytophthora_PA3_RUN2_MAXENT_outputs/Phytophthora_PA3_RUN2.asc
ncols         225
nrows         269
xllcorner     473000.0
yllcorner     4429100.0
cellsize      50.0
NODATA_value  -9999
[rows 108 to 134 of 269, columns 60 to 119 of 225]
6.64108E-2 5.91069E-2 5.79548E-2 8.55985E-2 1.64894E-1 1.76393E-1 1.4198E-1 7.02671E-2 7.08396E-2 6.39665E-2 4.72829E-2 5.35506E-2 4.61657E-2 4.63745E-2 5.08349E-2 8.23605E-2 9.73082E-2 1.12765E-1 1.1934E-1 9.76671E-2 1.52599E-1 1.22042E-1 9.48852E-2 9.505E-2 1.18346E-1 1.43024E-1 9.71919E-2 7.9801E-2 8.76924E-2 8.24613E-2 1.02162E-1 6.46685E-2 6.12251E-2 7.37725E-2 7.11667E-2 1.50402E-1 2.24873E-1 2.92319E-1 3.11251E-1 3.66907E-1 4.53275E-1 3.30617E-1 3.76841E-1 3.92803E-1 2.23801E-1 2.90802E-1 9.80776E-2 3.2375E-1 2.53162E-1 3.00356E-1 3.24537E-1 3.19534E-1 3.40664E-1 3.6941E-1 3.15336E-1 3.00199E-1 1.44287E-1 3.50685E-1 4.2303E-1 4.0816E-1
6.49206E-2 6.21736E-2 5.72816E-2 6.69686E-2 8.17817E-2 1.42122E-1 1.34136E-1 1.2503E-1 9.69955E-2 6.89385E-2 5.1753E-2 5.82247E-2 5.2806E-2 5.00529E-2 5.56532E-2 8.51913E-2 9.34383E-2 1.07046E-1 1.0968E-1 1.55394E-1 1.36223E-1 1.18434E-1 1.27511E-1 1.49819E-1 1.65363E-1 1.59317E-1 1.37122E-1 1.32023E-1 1.29995E-1 1.21942E-1 1.10475E-1 8.26375E-2 8.65931E-2 9.2059E-2 1.05991E-1 1.58549E-1 2.16694E-1 2.65362E-1 2.8518E-1 3.39878E-1 4.06028E-1 4.84841E-1 3.29496E-1 1.69291E-1 3.03596E-1 2.69239E-1 3.02051E-1 2.07041E-1 3.47587E-1 3.95702E-1 3.01963E-1 2.0829E-1 3.48707E-1 3.68159E-1 3.54487E-1 2.65814E-1 4.71805E-1 4.13349E-1 1.70879E-1 4.80247E-1
6.37479E-2 7.97849E-2 3.2449E-2 1.01698E-1 1.18805E-1 1.08372E-1 1.01766E-1 1.18209E-1 4.45745E-2 9.06409E-2 6.25012E-2 7.01175E-2 6.66538E-2 6.48308E-2 7.21538E-2 1.03514E-1 1.15474E-1 1.10568E-1 4.91377E-2 1.23636E-1 1.29995E-1 1.54955E-1 1.68886E-1 1.8099E-1 1.73779E-1 1.87104E-1 1.61933E-1 1.53183E-1 1.51553E-1 1.32733E-1 1.23005E-1 1.06807E-1 1.14376E-1 1.19284E-1 1.34813E-1 1.86277E-1 2.37246E-1 2.81835E-1 2.83119E-1 3.14251E-1 3.04642E-1 3.21215E-1 2.14224E-1 1.46654E-1 2.67167E-1 2.934E-1 1.93803E-1 4.12132E-1 3.92978E-1 3.9553E-1 3.1547E-1 3.40504E-1 3.54745E-1 3.53653E-1 3.25786E-1 1.70695E-1 2.31626E-1 2.6551E-1 4.99475E-1 1.43384E-1
6.32438E-2 7.53837E-2 9.95233E-2 1.09645E-1 9.81955E-2 1.02577E-1 9.50397E-2 1.14099E-1 3.70309E-2 1.31035E-1 1.04301E-1 1.10059E-1 1.03642E-1 1.16344E-1 1.22594E-1 1.06149E-1 1.14699E-1 1.09095E-1 7.71713E-2 1.04152E-1 1.44204E-1 1.73326E-1 1.75763E-1 1.80908E-1 1.82518E-1 2.05975E-1 1.66587E-1 1.63399E-1 1.68313E-1 1.54607E-1 1.6294E-1 1.40361E-1 1.40485E-1 1.42135E-1 1.45683E-1 1.53857E-1 1.22268E-1 1.86093E-1 2.03004E-1 2.48622E-1 2.39398E-1 1.78315E-1 2.10363E-1 3.59246E-1 2.53054E-1 3.09848E-1 2.85331E-1 3.31601E-1 3.22158E-1 3.1874E-1 3.25104E-1 3.19145E-1 2.9557E-1 2.9E-1 2.86806E-1 2.97873E-1 3.79805E-1 4.88607E-1 5.0353E-1 2.51053E-1
7.53638E-2 9.44565E-2 9.93236E-2 9.53435E-2 9.07145E-2 9.76E-2 1.0067E-1 1.27325E-1 1.66237E-1 1.62613E-1 1.29792E-1 1.28949E-1 1.25584E-1 1.35118E-1 1.49765E-1 1.31129E-1 1.41456E-1 6.92597E-2 1.33104E-1 1.39546E-1 1.75711E-1 1.90623E-1 2.19102E-1 2.29799E-1 1.82332E-1 1.55304E-1 5.45848E-2 1.72626E-1 1.65316E-1 1.85859E-1 1.17121E-1 9.12965E-2 1.95233E-1 1.68294E-1 1.57044E-1 1.62907E-1 1.91403E-1 2.26887E-1 2.3593E-1 1.84108E-1 6.45576E-2 2.51275E-1 2.89877E-1 4.17846E-1 2.47079E-1 3.13957E-1 2.5894E-1 3.12785E-1 3.53442E-1 3.45095E-1 3.08259E-1 2.961E-1 3.26595E-1 3.49412E-1 3.39078E-1 3.09268E-1 3.44547E-1 4.08503E-1 4.66533E-1 4.17597E-1
8.25399E-2 6.53225E-2 8.63385E-2 8.88927E-2 8.42648E-2 9.05315E-2 1.13132E-1 1.44358E-1 2.04218E-1 1.23733E-1 1.95883E-1 1.63212E-1 1.64244E-1 1.73637E-1 2.01621E-1 1.73275E-1 9.76655E-2 7.4742E-2 1.95553E-1 1.77348E-1 2.1276E-1 2.1291E-1 1.59974E-1 2.48765E-1 2.10819E-1 2.04354E-1 1.92695E-1 1.99851E-1 1.73136E-1 1.4873E-1 1.409E-1 1.50314E-1 2.10865E-1 1.94151E-1 1.84269E-1 1.94416E-1 2.26238E-1 2.70394E-1 2.6286E-1 2.41471E-1 1.88904E-1 1.66781E-1 1.81983E-1 1.79545E-1 3.2523E-1 3.78891E-1 3.94895E-1 2.67696E-1 2.03626E-1 2.34835E-1 2.28506E-1 2.47545E-1 3.43824E-1 4.45677E-1 3.96674E-1 3.13732E-1 3.13589E-1 3.58197E-1 4.43815E-1 3.99247E-1
9.39597E-2 9.60488E-2 8.25711E-2 8.28344E-2 8.4554E-2 1.06476E-1 1.15159E-1 1.2896E-1 5.14264E-2 1.63685E-1 1.39908E-1 1.59342E-1 1.70845E-1 1.86364E-1 2.07709E-1 1.7371E-1 1.77163E-1 1.28241E-1 1.40117E-1 1.76436E-1 1.48327E-1 9.3276E-2 2.43636E-1 2.11644E-1 1.69737E-1 1.83531E-1 2.08577E-1 1.87339E-1 1.28238E-1 1.01258E-1 9.27904E-2 1.03595E-1 1.55906E-1 1.93842E-1 1.01025E-1 1.11757E-1 1.11113E-1 9.04303E-2 1.82719E-1 1.89649E-1 2.14191E-1 2.36609E-1 2.67866E-1 3.6995E-1 4.23915E-1 3.51441E-1 9.49757E-2 3.64511E-1 2.09552E-1 1.08701E-1 1.47347E-1 3.52388E-1 3.70368E-1 5.02085E-1 4.1516E-1 3.61516E-1 3.74619E-1 4.38663E-1 4.19184E-1 4.81697E-1
4.61287E-2 8.35837E-2 7.7507E-2 7.80129E-2 9.02365E-2 1.21784E-1 1.16364E-1 1.16501E-1 1.33829E-1 1.08345E-1 5.90808E-2 1.22396E-1 1.28395E-1 1.40865E-1 1.51375E-1 1.69671E-1 6.64381E-2 1.22434E-1 1.11354E-1 1.41848E-1 2.08691E-1 2.12963E-1 1.99864E-1 1.91622E-1 1.71898E-1 2.12487E-1 1.87107E-1 1.24374E-1 9.33895E-2 8.15343E-2 7.72916E-2 1.0407E-1 1.34781E-1 1.5431E-1 1.96333E-1 1.14335E-1 2.23797E-1 2.32645E-1 2.38004E-1 2.27044E-1 2.33553E-1 1.74575E-1 3.24759E-1 2.97117E-1 3.92692E-1 3.42851E-1 2.93389E-1 3.43649E-1 7.10143E-2 2.15277E-1 3.07243E-1 3.83388E-1 3.69301E-1 4.98495E-1 4.25113E-1 3.74522E-1 4.4681E-1 4.94919E-1 5.55919E-1 5.64272E-1
1.71813E-1 1.37717E-1 1.33301E-1 1.62975E-1 1.8512E-1 2.11416E-1 2.37934E-1 1.55793E-1 1.68358E-1 1.61044E-1 1.76271E-1 1.79176E-1 2.03544E-1 2.17946E-1 2.23743E-1 2.58641E-1 2.54417E-1 1.99656E-1 2.17617E-1 2.23837E-1 2.23225E-1 2.13855E-1 2.18714E-1 2.15629E-1 2.35898E-1 2.12173E-1 1.51368E-1 1.29405E-1 9.8869E-2 9.12905E-2 1.02766E-1 1.02985E-1 1.47508E-1 1.86544E-1 2.72098E-1 2.93718E-1 2.45014E-1 2.46871E-1 3.54441E-1 3.32026E-1 3.03488E-1 2.90539E-1 2.75907E-1 3.48775E-1 3.08675E-1 2.66758E-1 2.82513E-1 1.08217E-1 1.76759E-1 4.8905E-2 3.50273E-1 4.17156E-1 4.63752E-1 3.86769E-1 2.84902E-1 2.64217E-1 3.6517E-1 4.16567E-1 4.73466E-1 3.16306E-1
1.47505E-1 1.49492E-1 1.63572E-1 1.93103E-1 2.19859E-1 2.58299E-1 1.58947E-1 2.1911E-1 1.92552E-1 1.80277E-1 2.0633E-1 7.77501E-2 2.49676E-1 2.79669E-1 2.538E-1 2.31179E-1 2.50723E-1 1.73815E-1 1.89081E-1 2.03273E-1 1.94328E-1 2.06455E-1 2.2717E-1 2.39389E-1 2.01803E-1 1.50456E-1 1.2247E-1 9.74996E-2 8.31091E-2 8.04757E-2 9.71493E-2 9.65578E-2 1.32946E-1 1.63198E-1 2.26909E-1 2.94373E-1 2.19282E-1 3.73702E-1 3.58002E-1 1.28188E-1 2.00316E-1 1.83586E-1 3.44013E-1 3.26438E-1 3.14308E-1 2.54472E-1 2.44376E-1 2.33798E-1 2.39592E-1 1.62734E-1 2.24522E-1 2.954E-1 3.18166E-1 3.02785E-1 3.04102E-1 3.30676E-1 3.81076E-1 4.25824E-1 2.49652E-1 4.25603E-1
1.85559E-1 2.0543E-1 1.89815E-1 1.2723E-1 1.61113E-1 2.20479E-1 2.06998E-1 1.97306E-1 1.96589E-1 1.91456E-1 2.26797E-1 2.82728E-1 3.79959E-1 2.31215E-1 2.90498E-1 1.65454E-1 2.00893E-1 1.80819E-1 1.91144E-1 1.89835E-1 1.72843E-1 1.90505E-1 2.33377E-1 2.14151E-1 1.39039E-1 1.34211E-1 9.74448E-2 8.04699E-2 7.8924E-2 8.52494E-2 9.97692E-2 9.81696E-2 1.19941E-1 1.44363E-1 2.0157E-1 2.67448E-1 3.30996E-1 3.75423E-1 3.81028E-1 3.53287E-1 2.76744E-1 3.15241E-1 3.07494E-1 2.84538E-1 2.91631E-1 2.20463E-1 2.05545E-1 1.91455E-1 1.37968E-1 2.13608E-1 2.50419E-1 2.75304E-1 3.41956E-1 3.72521E-1 3.97006E-1 3.68122E-1 3.60915E-1 4.03015E-1 4.83078E-1 5.09036E-1
2.10723E-1 2.35245E-1 2.15755E-1 1.9266E-1 9.30611E-2 1.90284E-1 1.82898E-1 1.84184E-1 1.7878E-1 1.81979E-1 2.25516E-1 2.52792E-1 8.48663E-2 3.58369E-1 1.6961E-1 2.74828E-1 2.10297E-1 1.98055E-1 1.89584E-1 1.60162E-1 1.54245E-1 1.6358E-1 2.13193E-1 1.81293E-1 1.24895E-1 1.38328E-1 1.04084E-1 9.63433E-2 9.74206E-2 1.10774E-1 1.1766E-1 1.06755E-1 1.29346E-1 1.63644E-1 2.32151E-1 3.00172E-1 3.40672E-1 1.08421E-1 2.28411E-1 3.54098E-1 2.72127E-1 2.72528E-1 2.74605E-1 2.53334E-1 2.2843E-1 1.8551E-1 1.78291E-1 1.52506E-1 1.18888E-1 1.77279E-1 2.14584E-1 3.35227E-1 3.28681E-1 4.72173E-1 4.93618E-1 4.61473E-1 4.01842E-1 3.72742E-1 4.08361E-1 4.63188E-1
2.4716E-1 2.53334E-1 1.93654E-1 1.8444E-1 1.04909E-1 2.10287E-1 1.94592E-1 1.87941E-1 1.77328E-1 2.01339E-1 2.41188E-1 2.6362E-1 3.46695E-1 2.71299E-1 2.39625E-1 2.56017E-1 2.65879E-1 2.4876E-1 2.01787E-1 1.56015E-1 1.41042E-1 1.63246E-1 2.34083E-1 1.70453E-1 1.56634E-1 1.56716E-1 1.20502E-1 1.20298E-1 1.29953E-1 1.34306E-1 1.37371E-1 1.14482E-1 1.26488E-1 1.67681E-1 2.44825E-1 2.68566E-1 3.3966E-1 1.75169E-1 3.36601E-1 2.92332E-1 2.33274E-1 2.41925E-1 2.3905E-1 2.29959E-1 2.04755E-1 1.42093E-1 1.29509E-1 1.20982E-1 1.16025E-1 1.51468E-1 2.5064E-1 3.13436E-1 3.90433E-1 4.61126E-1 4.80275E-1 4.59598E-1 4.36085E-1 3.81885E-1 4.02555E-1 4.45964E-1
9.36238E-2 2.99378E-1 1.90705E-1 1.91438E-1 2.07359E-1 2.16139E-1 1.87537E-1 2.04705E-1 1.94986E-1 2.30243E-1 2.90971E-1 3.21421E-1 3.45509E-1 1.73112E-1 2.70016E-1 2.79327E-1 2.70863E-1 2.24118E-1 1.88529E-1 1.56639E-1 1.7684E-1 2.16681E-1 2.08044E-1 2.0086E-1 2.05953E-1 2.07738E-1 1.70801E-1 1.71364E-1 1.7654E-1 1.77752E-1 1.87226E-1 1.53723E-1 1.37076E-1 1.81714E-1 2.43765E-1 2.6265E-1 2.7618E-1 3.65738E-1 1.21891E-1 2.69961E-1 1.85625E-1 1.92293E-1 1.99704E-1 1.98935E-1 1.67344E-1 1.20437E-1 1.1466E-1 1.10528E-1 1.17189E-1 1.35943E-1 1.86131E-1 2.45093E-1 3.16779E-1 3.70638E-1 4.0801E-1 4.35011E-1 4.37866E-1 3.44002E-1 3.92213E-1 4.51257E-1
2.84768E-1 2.62305E-1 2.00181E-1 2.26519E-1 1.38002E-1 2.12598E-1 1.74476E-1 1.25822E-1 1.44723E-1 1.509E-1 1.97158E-1 2.88312E-1 3.64868E-1 2.64149E-1 3.61764E-1 2.91681E-1 2.72898E-1 2.26182E-1 2.04718E-1 1.86457E-1 2.22972E-1 2.5879E-1 2.13638E-1 2.51756E-1 2.49777E-1 2.54193E-1 2.06032E-1 2.0961E-1 2.01218E-1 1.8719E-1 2.05004E-1 1.65046E-1 1.40195E-1 1.52736E-1 1.92206E-1 1.97804E-1 2.4063E-1 2.19756E-1 2.13242E-1 1.86025E-1 1.43568E-1 1.4364E-1 1.5335E-1 1.52698E-1 1.47032E-1 1.17418E-1 1.13906E-1 1.20987E-1 1.40399E-1 1.53013E-1 1.9516E-1 2.2785E-1 2.71873E-1 3.23196E-1 3.6868E-1 4.5637E-1 5.00625E-1 4.90124E-1 5.11008E-1 4.56601E-1
2.34002E-1 2.01192E-1 2.07975E-1 2.77012E-1 2.49616E-1 2.16204E-1 1.71268E-1 1.63914E-1 1.55832E-1 1.54106E-1 1.78996E-1 2.18428E-1 2.99816E-1 2.79554E-1 3.94283E-1 2.97482E-1 2.76121E-1 2.48144E-1 2.32697E-1 2.33728E-1 2.76919E-1 2.583E-1 3.07939E-1 3.11331E-1 2.04354E-1 2.25401E-1 2.05305E-1 1.88168E-1 1.7543E-1 1.67268E-1 1.63871E-1 1.38847E-1 1.16118E-1 1.28348E-1 1.85317E-1 2.05073E-1 1.33358E-1 2.1542E-1 1.73666E-1 1.56768E-1 1.27466E-1 1.26879E-1 1.29481E-1 1.52297E-1 1.48279E-1 1.18249E-1 1.17928E-1 1.27474E-1 1.61377E-1 1.85143E-1 2.33934E-1 2.72014E-1 3.05659E-1 3.26266E-1 3.92669E-1 5.06545E-1 5.61708E-1 5.3492E-1 4.80424E-1 5.56933E-1
1.98262E-1 2.11596E-1 2.44559E-1 1.13009E-1 2.22757E-1 2.072E-1 1.68146E-1 1.64649E-1 1.63764E-1 1.70972E-1 2.05887E-1 2.30032E-1 2.66017E-1 3.63114E-1 2.64311E-1 3.00076E-1 2.80765E-1 3.06714E-1 2.60661E-1 2.28171E-1 2.26185E-1 2.38593E-1 2.26185E-1 2.05714E-1 2.36821E-1 2.75355E-1 2.31722E-1 1.8912E-1 1.79346E-1 4.21711E-2 1.53792E-1 1.29389E-1 1.16267E-1 1.35012E-1 1.66056E-1 1.5887E-1 8.0888E-2 2.16414E-1 1.65291E-1 1.3117E-1 1.08256E-1 1.1538E-1 1.34044E-1 1.62493E-1 1.29858E-1 1.28612E-1 1.5021E-1 1.56253E-1 1.67519E-1 1.95129E-1 2.89747E-1 3.24816E-1 3.49963E-1 3.79041E-1 4.15292E-1 4.95933E-1 5.57472E-1 5.90371E-1 5.48212E-1 5.52284E-1
1.88004E-1 2.24137E-1 2.59171E-1 1.81097E-1 1.90281E-1 1.6657E-1 1.57995E-1 1.57177E-1 1.68088E-1 1.55518E-1 2.14169E-1 2.19536E-1 2.47394E-1 2.55115E-1 5.63581E-2 2.87409E-1 3.12025E-1 2.90147E-1 2.6733E-1 2.41167E-1 2.11991E-1 1.72367E-1 1.66183E-1 1.78144E-1 2.11948E-1 2.95523E-1 2.44952E-1 1.86043E-1 1.77309E-1 1.0441E-1 1.61372E-1 1.2162E-1 1.0821E-1 1.27236E-1 1.50556E-1 1.25137E-1 1.6425E-1 2.12956E-1 1.41481E-1 1.24397E-1 1.11302E-1 1.31642E-1 1.5381E-1 1.7387E-1 1.52433E-1 1.69757E-1 2.15584E-1 2.09043E-1 2.05451E-1 2.21613E-1 3.02399E-1 2.82598E-1 3.71252E-1 4.2658E-1 4.91037E-1 5.75968E-1 6.19431E-1 5.37512E-1 5.69289E-1 5.32176E-1
1.49001E-1 1.86726E-1 1.97908E-1 1.87852E-1 1.52004E-1 1.49562E-1 1.41463E-1 1.61054E-1 1.5415E-1 1.4429E-1 1.51448E-1 1.816E-1 2.29769E-1 2.38001E-1 2.28959E-1 3.7324E-1 3.43374E-1 3.16566E-1 2.61633E-1 2.235E-1 2.2297E-1 2.37646E-1 2.40699E-1 2.77571E-1 3.07067E-1 2.32767E-1 2.71008E-1 2.13102E-1 2.0026E-1 1.01103E-1 1.48296E-1 1.12271E-1 9.16022E-2 1.06215E-1 1.22217E-1 1.03225E-1 3.22904E-2 1.63544E-1 1.06368E-1 9.7844E-2 9.66079E-2 1.21488E-1 1.44189E-1 1.89091E-1 1.92549E-1 1.96624E-1 2.4855E-1 2.42533E-1 2.36633E-1 2.01232E-1 2.55621E-1 3.21911E-1 3.79221E-1 3.81746E-1 4.38309E-1 4.93913E-1 4.98668E-1 4.85851E-1 4.6378E-1 4.31395E-1
1.70531E-1 1.99038E-1 2.26962E-1 2.0562E-1 1.46939E-1 1.59784E-1 1.54749E-1 1.61206E-1 1.81058E-1 1.70751E-1 1.60711E-1 1.75623E-1 2.08793E-1 2.07922E-1 1.23238E-1 3.09798E-1 3.00727E-1 2.61026E-1 1.89101E-1 1.79894E-1 2.53226E-1 2.56246E-1 2.51733E-1 2.68551E-1 3.57662E-1 3.89859E-1 2.61165E-1 2.13272E-1 1.97059E-1 1.96574E-1 1.73192E-1 1.22604E-1 9.37427E-2 6.71844E-2 7.31051E-2 8.7469E-2 4.59339E-2 1.63698E-1 1.38804E-1 9.71679E-2 1.1101E-1 1.56208E-1 1.99451E-1 2.66238E-1 2.94994E-1 2.67332E-1 2.02869E-1 1.69336E-1 3.17681E-1 2.75094E-1 3.49193E-1 3.82338E-1 2.29694E-1 4.18258E-1 4.51178E-1 4.20722E-1 3.97417E-1 4.19813E-1 4.14316E-1 4.26035E-1
1.134E-1 1.30626E-1 1.73255E-1 1.75257E-1 1.45041E-1 1.87611E-1 1.90916E-1 1.87595E-1 1.98323E-1 1.93362E-1 1.82198E-1 1.70995E-1 2.06275E-1 2.13621E-1 2.56584E-1 2.76411E-1 2.22033E-1 2.02265E-1 1.87358E-1 2.24072E-1 3.01932E-1 2.7429E-1 2.67204E-1 2.94125E-1 3.53811E-1 3.84567E-1 2.66608E-1 2.00034E-1 1.96455E-1 1.91467E-1 1.62696E-1 1.30628E-1 1.0348E-1 7.62635E-2 6.71733E-2 6.42289E-2 9.40953E-2 1.62422E-1 2.00743E-1 1.69508E-1 1.6167E-1 1.1693E-1 2.43668E-1 3.11865E-1 3.30783E-1 2.858E-1 3.08363E-1 3.65606E-1 3.26864E-1 3.08274E-1 4.17894E-1 4.6067E-1 4.08059E-1 4.19899E-1 4.41439E-1 4.25533E-1 4.12554E-1 4.09344E-1 3.80159E-1 3.87113E-1
1.11292E-1 1.3835E-1 1.88399E-1 1.94124E-1 1.65618E-1 2.25014E-1 1.34314E-1 2.34073E-1 2.32103E-1 2.1843E-1 2.09298E-1 1.94865E-1 2.20027E-1 2.18955E-1 2.33839E-1 2.53959E-1 2.23351E-1 2.333E-1 2.29345E-1 2.7353E-1 3.55287E-1 3.27334E-1 2.8785E-1 3.09276E-1 3.7885E-1 3.47514E-1 2.51454E-1 1.79668E-1 1.85339E-1 1.71602E-1 1.51131E-1 1.32109E-1 1.19179E-1 9.63123E-2 7.27295E-2 6.95119E-2 9.80191E-2 1.45641E-1 2.29184E-1 1.81502E-1 1.80337E-1 1.89449E-1 2.13176E-1 2.88525E-1 2.59897E-1 2.42958E-1 3.14523E-1 3.5036E-1 2.87565E-1 3.25879E-1 4.08798E-1 4.4276E-1 4.18512E-1 4.43158E-1 4.82002E-1 4.66487E-1 2.54312E-1 4.50376E-1 4.34402E-1 4.25585E-1
1.12138E-1 1.4226E-1 1.73731E-1 8.50745E-2 1.95708E-1 2.28268E-1 2.54851E-1 2.58466E-1 2.33222E-1 2.25188E-1 2.00325E-1 2.16344E-1 2.55851E-1 8.35254E-2 2.77481E-1 2.85652E-1 2.72358E-1 2.98099E-1 3.00604E-1 3.27883E-1 4.10371E-1 3.93633E-1 3.44287E-1 3.10925E-1 3.57783E-1 3.19568E-1 2.29784E-1 1.98303E-1 2.08503E-1 2.05708E-1 1.95368E-1 1.64048E-1 1.50368E-1 1.41228E-1 1.15858E-1 1.12736E-1 1.413E-1 1.85482E-1 1.64309E-1 2.47245E-1 1.69397E-1 1.79676E-1 2.03739E-1 2.8136E-1 2.876E-1 2.67341E-1 3.60932E-1 3.63128E-1 2.75803E-1 3.12183E-1 3.99787E-1 4.78866E-1 4.82108E-1 5.35404E-1 5.45822E-1 4.75059E-1 2.69275E-1 4.9169E-1 4.63612E-1 4.89823E-1
1.37392E-1 1.60748E-1 2.06584E-1 2.32834E-1 2.29365E-1 2.25861E-1 2.53906E-1 2.44319E-1 2.33578E-1 2.30716E-1 2.59083E-1 2.58537E-1 2.99225E-1 2.68674E-1 3.52007E-1 4.03224E-1 4.26206E-1 4.42354E-1 4.36617E-1 4.26718E-1 1.99695E-1 1.85586E-1 3.8945E-1 3.79044E-1 3.70851E-1 2.98456E-1 2.14942E-1 1.83522E-1 1.99693E-1 2.26791E-1 1.48511E-1 1.37448E-1 1.63105E-1 1.6904E-1 1.77973E-1 1.09868E-1 1.59022E-1 1.74175E-1 2.02646E-1 2.50557E-1 1.8259E-1 1.66122E-1 1.97415E-1 3.03044E-1 3.33961E-1 2.70593E-1 3.98916E-1 3.71592E-1 3.01974E-1 2.88706E-1 3.43877E-1 4.31464E-1 4.62133E-1 2.11159E-1 4.61617E-1 4.42939E-1 4.7742E-1 4.75041E-1 3.90637E-1 1.5318E-1
1.37705E-1 1.56242E-1 1.66028E-1 8.27303E-2 2.36114E-1 2.08541E-1 2.15607E-1 2.23738E-1 2.27181E-1 2.49229E-1 2.99454E-1 2.8061E-1 2.934E-1 3.11876E-1 2.72387E-1 4.60112E-1 1.95285E-1 3.37778E-1 4.85683E-1 5.05956E-1 5.00769E-1 4.99353E-1 4.92159E-1 4.88233E-1 4.57309E-1 3.45718E-1 2.74278E-1 2.27057E-1 2.65702E-1 8.23231E-2 1.81241E-1 1.65931E-1 1.65188E-1 1.82224E-1 2.25637E-1 1.9596E-1 1.11646E-1 2.09639E-1 1.93467E-1 2.4282E-1 2.23148E-1 1.65075E-1 2.2069E-1 3.32646E-1 3.62438E-1 2.84152E-1 3.6149E-1 3.65841E-1 4.32261E-1 3.56634E-1 3.88859E-1 5.06824E-1 4.66454E-1 4.2736E-1 4.39294E-1 4.44997E-1 4.1011E-1 4.28098E-1 2.38413E-1 3.15828E-1
1.33923E-1 1.5348E-1 5.21002E-2 2.32066E-1 2.2882E-1 2.09603E-1 1.93794E-1 2.24417E-1 2.59696E-1 3.14294E-1 4.02675E-1 3.56423E-1 1.30128E-1 2.39338E-1 6.988E-2 3.21912E-1 4.14831E-1 3.82058E-1 4.31434E-1 4.26061E-1 4.55284E-1 4.41927E-1 5.01338E-1 4.82364E-1 4.30784E-1 2.35956E-1 2.24509E-1 3.20699E-1 1.58405E-1 1.91919E-1 1.67316E-1 1.38813E-1 1.42104E-1 1.47348E-1 1.9701E-1 2.06747E-1 2.67347E-1 1.49519E-1 2.41587E-1 3.01804E-1 2.81614E-1 2.23761E-1 2.21341E-1 3.45292E-1 3.69872E-1 2.77484E-1 3.53742E-1 4.83513E-1 3.08949E-1 4.4682E-1 4.28573E-1 4.81352E-1 4.83375E-1 3.80725E-1 3.97206E-1 4.07557E-1 4.03818E-1 1.89791E-1 3.54886E-1 3.10598E-1
1.34246E-1 1.57731E-1 2.47316E-1 2.37086E-1 1.6639E-1 2.35248E-1 2.2916E-1 2.81413E-1 3.38144E-1 2.20122E-1 4.21734E-1 3.94864E-1 3.3027E-1 3.65453E-1 1.42362E-1 4.18739E-1 4.15543E-1 4.02115E-1 4.03496E-1 4.01077E-1 3.97881E-1 3.27476E-1 4.5065E-1 4.30291E-1 3.34251E-1 3.23881E-1 3.10025E-1 3.01332E-1 2.02389E-1 2.01023E-1 1.69079E-1 1.25471E-1 1.35004E-1 1.56823E-1 1.86385E-1 2.1267E-1 2.80619E-1 2.89429E-1 2.70895E-1 3.52209E-1 3.36456E-1 3.33913E-1 2.70181E-1 3.51566E-1 3.74196E-1 2.82016E-1 3.38324E-1 4.39477E-1 4.83671E-1 5.25554E-1 4.90976E-1 4.85916E-1 5.11277E-1 3.8924E-1 3.82981E-1 3.41465E-1 2.69463E-1 3.58344E-1 2.8952E-1 2.62546E-1
