Phytophthora/models/20240430_1411_30/Phytophthora_PA3_RUN2_MAXENT_outputs/Phytophthora_PA3_RUN2.asc
ncols         225
nrows         269
xllcorner     473000.0
yllcorner     4429100.0
cellsize      50.0
NODATA_value  -9999
[rows 189 to 215 of 269, columns 120 to 179 of 225]
4.94721E-1 4.19637E-1 3.26494E-1 3.03909E-1 2.87422E-1 2.09985E-1 2.93308E-1 3.22826E-1 3.48729E-1 4.08316E-1 4.23078E-1 4.45358E-1 5.03642E-1 4.70126E-1 4.23431E-1 4.17576E-1 4.05368E-1 4.29256E-1 5.53425E-1 5.18968E-1 2.76827E-1 2.51238E-1 2.23293E-1 1.68128E-1 1.22382E-1 1.24209E-1 1.31702E-1 1.20523E-1 1.18878E-1 1.54315E-1 2.4124E-1 2.65612E-1 2.96225E-1 3.19945E-1 3.30049E-1 4.28122E-1 4.84148E-1 4.86015E-1 4.35914E-1 4.15093E-1 4.01749E-1 3.22961E-1 3.64757E-1 -9999 2.48613E-1 2.63725E-1 2.4552E-1 2.28034E-1 2.39574E-1 2.75548E-1 2.76141E-1 3.03627E-1 3.16245E-1 3.51225E-1 4.33925E-1 4.83251E-1 4.81231E-1 4.35646E-1 4.67965E-1 4.4103E-1
2.5864E-1 4.64398E-1 3.65455E-1 3.18477E-1 2.99911E-1 2.98694E-1 1.6416E-1 3.49772E-1 3.78509E-1 4.44487E-1 4.636E-1 4.80504E-1 5.43577E-1 5.07092E-1 4.72585E-1 4.51198E-1 1.59493E-1 5.24601E-1 4.65265E-1 4.82071E-1 2.68483E-1 2.30503E-1 2.00321E-1 1.56595E-1 1.21313E-1 1.88236E-1 1.00892E-1 1.49994E-1 1.12036E-1 1.57356E-1 2.3473E-1 2.59778E-1 2.71226E-1 2.91699E-1 3.20467E-1 3.68277E-1 3.96145E-1 4.18511E-1 3.51726E-1 3.84941E-1 3.82507E-1 3.99314E-1 3.15134E-1 6.29936E-2 2.82078E-1 2.78444E-1 2.5201E-1 2.38318E-1 2.64104E-1 3.06384E-1 3.02715E-1 3.41631E-1 3.49335E-1 3.72848E-1 4.1409E-1 4.44638E-1 4.67313E-1 4.54201E-1 4.30031E-1 3.93042E-1
5.05345E-1 5.16653E-1 3.18403E-1 3.42465E-1 3.20748E-1 2.72452E-1 2.49432E-1 3.2054E-1 3.35551E-1 3.39429E-1 2.83899E-1 2.98961E-1 3.47283E-1 3.25252E-1 3.16743E-1 1.92976E-1 3.6069E-1 4.44508E-1 4.02886E-1 3.42907E-1 3.66682E-1 3.18486E-1 2.82151E-1 2.40154E-1 2.14369E-1 2.59058E-1 1.87413E-1 1.76955E-1 2.00544E-1 2.50625E-1 2.45315E-1 2.58029E-1 2.65725E-1 2.82287E-1 3.34348E-1 3.25878E-1 3.34133E-1 3.54003E-1 3.56772E-1 4.09672E-1 4.28858E-1 4.16314E-1 3.66159E-1 2.97397E-1 1.02255E-1 2.28773E-1 2.07651E-1 2.35201E-1 2.50534E-1 2.96257E-1 3.34115E-1 3.82496E-1 3.7758E-1 3.95494E-1 4.49544E-1 4.71288E-1 5.08643E-1 5.09419E-1 4.96735E-1 3.96431E-1
4.31604E-1 5.21415E-1 3.2187E-1 3.57658E-1 3.35187E-1 2.71263E-1 3.40567E-1 3.98174E-1 3.59897E-1 3.54704E-1 3.09058E-1 2.89115E-1 3.55075E-1 1.62181E-1 5.16718E-2 2.73217E-1 1.776E-1 3.2599E-1 3.05997E-1 2.95576E-1 3.30141E-1 3.02766E-1 2.73458E-1 2.42712E-1 2.43095E-1 2.58302E-1 1.98331E-1 1.98963E-1 2.33435E-1 2.53143E-1 2.28095E-1 2.3325E-1 2.34764E-1 2.48538E-1 2.93744E-1 3.05119E-1 3.2832E-1 3.38986E-1 3.88001E-1 4.01987E-1 3.81586E-1 3.74213E-1 3.55078E-1 3.09552E-1 1.78754E-1 -9999 -9999 1.7044E-1 2.48104E-1 2.97534E-1 3.48302E-1 4.02356E-1 4.14388E-1 4.17924E-1 4.43936E-1 5.13413E-1 5.35667E-1 4.30247E-1 4.77705E-1 3.99595E-1
4.62772E-1 5.23407E-1 5.0562E-1 3.73609E-1 3.54541E-1 3.06854E-1 3.16008E-1 4.07655E-1 3.95535E-1 3.70946E-1 2.23235E-1 9.49531E-2 2.56447E-1 2.14778E-1 2.85729E-1 4.29436E-1 3.88574E-1 3.26173E-1 3.57238E-1 3.10876E-1 3.42368E-1 3.14068E-1 2.81459E-1 2.56813E-1 2.38819E-1 2.62457E-1 2.36522E-1 2.53681E-1 2.58652E-1 2.74365E-1 2.51766E-1 2.56494E-1 2.54497E-1 2.69074E-1 3.05487E-1 3.10564E-1 3.28297E-1 3.35535E-1 3.80871E-1 3.9337E-1 3.66723E-1 3.50767E-1 3.43571E-1 2.87938E-1 2.74812E-1 1.53751E-1 -9999 -9999 2.67789E-1 2.12037E-1 2.21851E-1 1.97356E-1 1.14549E-1 2.03072E-1 5.29756E-1 5.55828E-1 4.87952E-1 5.01381E-1 4.48048E-1 4.20119E-1
4.41022E-1 5.03762E-1 4.6858E-1 4.49415E-1 4.03997E-1 3.41528E-1 3.55298E-1 4.27702E-1 2.77596E-1 1.67082E-1 2.73483E-1 2.25824E-1 2.18832E-1 1.9274E-1 2.13667E-1 1.3741E-1 3.71079E-1 4.16609E-1 4.07778E-1 3.4358E-1 3.90767E-1 3.60757E-1 3.34618E-1 2.92366E-1 2.596E-1 2.79649E-1 2.96452E-1 3.00275E-1 2.9051E-1 2.80845E-1 2.56073E-1 2.68246E-1 2.79254E-1 2.97482E-1 3.33799E-1 3.40477E-1 3.6154E-1 3.67244E-1 3.75256E-1 3.61068E-1 3.32224E-1 2.94817E-1 2.67631E-1 2.5409E-1 2.47542E-1 2.69027E-1 1.65251E-1 1.95508E-1 3.28973E-1 3.77276E-1 4.47394E-1 5.06301E-1 5.18244E-1 2.80696E-1 5.36429E-1 5.39233E-1 4.21878E-1 3.95454E-1 4.11665E-1 4.68587E-1
4.14808E-1 4.58219E-1 5.17365E-1 5.29709E-1 4.3856E-1 3.82852E-1 3.93017E-1 4.97046E-1 5.13053E-1 3.96667E-1 2.21694E-1 1.93973E-1 1.87419E-1 1.68007E-1 2.20968E-1 1.50722E-1 4.27668E-1 3.19193E-1 1.77943E-1 3.32106E-1 4.05503E-1 3.59445E-1 2.8515E-1 2.4392E-1 2.35187E-1 2.99196E-1 3.12396E-1 3.57755E-1 3.46842E-1 3.2614E-1 2.64108E-1 2.73309E-1 3.13191E-1 3.46889E-1 3.82239E-1 3.77468E-1 4.02193E-1 4.183E-1 4.40458E-1 4.2571E-1 4.03477E-1 3.58696E-1 3.4861E-1 2.96335E-1 2.62242E-1 1.9819E-1 2.2549E-1 2.65872E-1 3.58914E-1 4.39853E-1 3.72784E-1 5.18024E-1 4.82772E-1 3.10741E-1 4.70257E-1 4.58399E-1 3.80134E-1 3.56606E-1 3.33679E-1 4.25207E-1
3.3623E-1 3.34956E-1 3.9312E-1 4.13069E-1 3.4615E-1 3.27871E-1 3.50138E-1 2.23812E-1 2.03729E-1 3.05552E-1 2.38936E-1 2.07234E-1 1.84534E-1 1.97083E-1 2.76874E-1 2.35033E-1 1.91864E-1 3.13433E-1 2.60194E-1 2.97928E-1 1.95363E-1 3.69955E-1 3.40003E-1 3.06891E-1 2.88407E-1 3.51942E-1 3.89031E-1 4.06177E-1 3.94813E-1 3.69844E-1 3.08134E-1 3.07779E-1 3.42898E-1 3.66782E-1 4.3121E-1 3.93083E-1 4.12836E-1 4.268E-1 4.26326E-1 4.25077E-1 3.71768E-1 3.49238E-1 3.39647E-1 2.74507E-1 2.4528E-1 2.13161E-1 2.40857E-1 2.58616E-1 2.84435E-1 2.9403E-1 3.2426E-1 3.09995E-1 3.66182E-1 3.21217E-1 4.34966E-1 3.53703E-1 3.2068E-1 2.86447E-1 2.60253E-1 2.55668E-1
3.95877E-1 3.46883E-1 3.48796E-1 2.87136E-1 3.68805E-1 3.30352E-1 3.92825E-1 3.15427E-1 1.54802E-1 3.26563E-1 2.20147E-1 1.8898E-1 1.61526E-1 1.86224E-1 2.52187E-1 2.5925E-1 4.60375E-1 2.65264E-1 2.69073E-1 2.41872E-1 3.09086E-1 3.45431E-1 3.49458E-1 3.22798E-1 3.13207E-1 3.93034E-1 4.1709E-1 4.51381E-1 4.18372E-1 4.0496E-1 3.47272E-1 3.52026E-1 3.68666E-1 4.17173E-1 2.77911E-1 2.53838E-1 3.86535E-1 4.83951E-1 4.88989E-1 4.75035E-1 4.44488E-1 4.29931E-1 4.48045E-1 4.76327E-1 4.52789E-1 4.12038E-1 2.00009E-1 3.71547E-1 3.37014E-1 3.73667E-1 3.89797E-1 2.22129E-1 3.79484E-1 1.80763E-1 4.55645E-1 3.7188E-1 3.16711E-1 2.50311E-1 2.59496E-1 2.33404E-1
3.96336E-1 3.72178E-1 3.51162E-1 4.01981E-1 4.00372E-1 3.83259E-1 3.83537E-1 3.41297E-1 1.73315E-1 3.52877E-1 2.51998E-1 2.32306E-1 2.05578E-1 2.26166E-1 2.18446E-1 4.40823E-1 3.05276E-1 3.30709E-1 2.79276E-1 3.20124E-1 3.36845E-1 3.13491E-1 3.40007E-1 3.16415E-1 3.57693E-1 4.51218E-1 4.74277E-1 4.65706E-1 4.54025E-1 4.57946E-1 3.97177E-1 3.89807E-1 4.26914E-1 1.83779E-1 3.99967E-1 3.80769E-1 4.28283E-1 4.51042E-1 4.70975E-1 5.0089E-1 4.39604E-1 4.6817E-1 5.33058E-1 3.89407E-1 4.32995E-1 4.75737E-1 4.72736E-1 4.58418E-1 4.82296E-1 4.40573E-1 4.26476E-1 4.41143E-1 4.50957E-1 4.32183E-1 1.4178E-1 3.30253E-1 2.81213E-1 2.60729E-1 2.21553E-1 2.40734E-1
4.15546E-1 4.55777E-1 2.48026E-1 3.69237E-1 1.42481E-1 3.6678E-1 3.14299E-1 3.34671E-1 4.41531E-1 4.07614E-1 3.24025E-1 2.6763E-1 2.19643E-1 2.30049E-1 2.30405E-1 2.59251E-1 2.9968E-1 2.95932E-1 2.87141E-1 2.66533E-1 3.17725E-1 2.58059E-1 2.56912E-1 2.57787E-1 3.57911E-1 4.7061E-1 4.71156E-1 5.04536E-1 4.93097E-1 4.93569E-1 4.61278E-1 2.79811E-1 4.2991E-1 3.6805E-1 3.94118E-1 3.55716E-1 3.63561E-1 3.66392E-1 3.84165E-1 4.68678E-1 4.17047E-1 5.31839E-1 4.23258E-1 4.39418E-1 2.36102E-1 4.52156E-1 5.04984E-1 2.07378E-1 4.99655E-1 4.86754E-1 4.26083E-1 3.97505E-1 3.98333E-1 4.37355E-1 2.49137E-1 3.0001E-1 3.00017E-1 2.76001E-1 2.55718E-1 2.65511E-1
2.096E-1 3.31484E-1 3.32142E-1 3.60134E-1 3.28943E-1 2.91438E-1 2.66707E-1 8.98332E-2 2.72479E-1 3.28991E-1 2.49114E-1 2.2128E-1 1.93022E-1 2.02983E-1 2.02172E-1 2.40123E-1 2.48025E-1 2.43543E-1 3.19139E-1 2.42409E-1 3.26742E-1 2.62957E-1 2.44047E-1 2.98039E-1 4.27336E-1 5.00208E-1 5.123E-1 5.2995E-1 5.53794E-1 4.93346E-1 4.54752E-1 3.9417E-1 4.15096E-1 1.74705E-1 3.74781E-1 2.48847E-1 3.90762E-1 3.63253E-1 4.23297E-1 3.95848E-1 3.42655E-1 4.32003E-1 5.30788E-1 5.18957E-1 4.76013E-1 4.55634E-1 3.92476E-1 3.30011E-1 3.67568E-1 3.5607E-1 3.40279E-1 2.76456E-1 2.3652E-1 3.19052E-1 3.27097E-1 3.00002E-1 2.97839E-1 2.74091E-1 2.64573E-1 2.6818E-1
1.78491E-1 1.93427E-1 2.16594E-1 2.32762E-1 9.06887E-2 1.80366E-1 2.36735E-1 2.30478E-1 1.10446E-1 2.67333E-1 1.94838E-1 1.74425E-1 1.51133E-1 1.52105E-1 1.77584E-1 2.60171E-1 2.3772E-1 2.30063E-1 2.39778E-1 3.34403E-1 3.0622E-1 4.00923E-1 3.73186E-1 4.21669E-1 4.91559E-1 5.9061E-1 6.26424E-1 6.8926E-1 6.74764E-1 6.28618E-1 5.23809E-1 4.51538E-1 4.93913E-1 4.43095E-1 4.04192E-1 4.08641E-1 3.15013E-1 3.72102E-1 1.34477E-1 3.89089E-1 2.77599E-1 3.12287E-1 3.42589E-1 3.93369E-1 3.98927E-1 3.92717E-1 2.71397E-1 2.02453E-1 2.62562E-1 2.8437E-1 2.90272E-1 2.65199E-1 2.18039E-1 2.31799E-1 8.89683E-2 2.738E-1 2.76717E-1 2.65194E-1 2.96755E-1 2.84381E-1
1.89446E-1 2.00978E-1 8.26541E-2 2.10337E-1 1.66929E-1 1.79302E-1 2.12707E-1 2.51832E-1 2.68725E-1 2.45361E-1 1.94247E-1 1.68629E-1 1.54849E-1 1.40342E-1 1.76624E-1 2.82548E-1 2.8098E-1 2.68954E-1 2.66837E-1 2.96142E-1 3.8653E-1 3.93487E-1 3.8715E-1 4.57922E-1 4.95629E-1 5.97219E-1 6.32956E-1 7.11738E-1 6.41653E-1 5.64739E-1 4.68669E-1 4.06319E-1 4.31407E-1 4.06795E-1 3.64662E-1 3.43165E-1 4.051E-1 3.98255E-1 4.33825E-1 3.24038E-1 2.41738E-1 2.53888E-1 2.5649E-1 2.53223E-1 2.72882E-1 1.96356E-1 2.89097E-1 2.239E-1 1.98147E-1 2.2579E-1 2.48722E-1 2.38456E-1 2.23032E-1 2.08575E-1 1.62935E-1 1.00033E-1 3.15625E-1 3.14414E-1 2.95142E-1 3.4414E-1
1.63808E-1 1.78109E-1 2.39194E-1 1.82632E-1 1.8377E-1 2.15161E-1 2.4272E-1 3.0969E-1 3.0216E-1 2.53802E-1 1.93378E-1 1.7548E-1 1.63146E-1 1.44505E-1 1.71571E-1 2.78949E-1 2.89437E-1 2.66417E-1 2.26691E-1 2.47391E-1 3.53703E-1 3.66794E-1 3.95012E-1 4.52191E-1 4.81531E-1 5.84424E-1 6.21053E-1 6.43336E-1 5.58687E-1 4.91261E-1 4.03118E-1 3.53546E-1 3.53606E-1 3.60105E-1 3.78231E-1 3.49781E-1 4.1788E-1 2.59497E-1 3.92707E-1 3.19243E-1 2.01529E-1 2.40237E-1 2.63216E-1 2.42063E-1 2.10102E-1 1.40128E-1 3.09503E-1 3.07411E-1 2.45102E-1 2.89856E-1 3.08859E-1 2.92553E-1 2.80207E-1 2.43595E-1 1.94297E-1 2.69901E-1 2.76993E-1 2.51463E-1 2.65809E-1 3.31029E-1
1.38796E-1 1.56722E-1 6.31801E-2 6.01784E-2 1.03266E-1 2.74277E-1 3.65582E-1 4.11623E-1 3.34515E-1 2.83277E-1 2.31869E-1 2.08959E-1 1.94035E-1 1.63157E-1 1.70369E-1 2.50138E-1 2.51779E-1 1.92061E-1 1.87166E-1 2.04725E-1 2.99094E-1 3.15471E-1 4.01792E-1 4.33457E-1 4.44427E-1 5.52922E-1 5.72065E-1 5.78719E-1 4.96832E-1 4.38629E-1 3.44132E-1 2.99522E-1 3.25261E-1 3.62199E-1 3.87625E-1 2.8021E-1 3.96922E-1 3.71115E-1 3.51154E-1 3.1608E-1 2.29672E-1 2.45326E-1 3.18501E-1 3.38798E-1 3.75038E-1 3.46079E-1 3.68742E-1 3.34583E-1 3.44549E-1 3.59401E-1 3.61746E-1 3.47915E-1 3.31039E-1 2.88981E-1 2.47507E-1 2.39937E-1 2.45468E-1 1.76525E-1 2.28548E-1 2.65456E-1
1.59497E-1 5.6928E-2 1.66984E-1 1.48358E-1 2.70652E-1 2.13419E-1 3.19002E-1 1.94585E-1 1.83148E-1 3.71864E-1 2.58665E-1 2.26118E-1 2.07094E-1 1.83657E-1 1.83025E-1 2.24002E-1 1.96898E-1 1.7962E-1 1.6482E-1 1.75054E-1 2.94805E-1 3.79948E-1 4.21149E-1 4.23433E-1 4.04207E-1 5.14034E-1 5.18984E-1 5.06273E-1 4.22904E-1 3.65419E-1 2.7632E-1 2.77724E-1 3.14075E-1 3.59638E-1 3.90378E-1 2.99462E-1 3.11865E-1 2.78746E-1 2.69449E-1 2.78554E-1 2.65513E-1 2.7422E-1 3.47273E-1 3.06276E-1 3.93606E-1 3.744E-1 3.9844E-1 2.19575E-1 4.21359E-1 4.27011E-1 4.10018E-1 3.71671E-1 3.50041E-1 3.09474E-1 2.69445E-1 2.96454E-1 2.27813E-1 1.51454E-1 1.88075E-1 2.30586E-1
1.78538E-1 1.72324E-1 1.7752E-1 1.76532E-1 1.7285E-1 3.22253E-1 2.30208E-1 2.54541E-1 2.48558E-1 2.84664E-1 2.65744E-1 2.76227E-1 2.7647E-1 2.36547E-1 2.14236E-1 2.07581E-1 1.6206E-1 1.5495E-1 1.70174E-1 1.91275E-1 2.24616E-1 3.30001E-1 3.44841E-1 3.47356E-1 3.50268E-1 4.58606E-1 4.13832E-1 3.81548E-1 3.33507E-1 2.80304E-1 2.62476E-1 2.67769E-1 3.12817E-1 3.42015E-1 4.13446E-1 3.2951E-1 2.94022E-1 2.53667E-1 2.62723E-1 2.99059E-1 2.502E-1 2.60626E-1 1.84881E-1 4.87265E-1 4.17798E-1 3.74309E-1 4.03077E-1 4.27663E-1 4.57339E-1 4.83704E-1 3.95916E-1 4.52799E-1 3.84935E-1 3.33898E-1 2.92603E-1 1.07713E-1 1.67908E-1 1.70508E-1 2.01627E-1 2.57775E-1
1.79345E-1 1.87009E-1 2.03584E-1 2.12403E-1 3.12396E-1 1.61549E-1 1.9297E-1 2.27938E-1 2.54052E-1 2.72553E-1 2.98264E-1 2.67742E-1 2.40521E-1 2.14527E-1 1.93774E-1 1.91138E-1 1.58037E-1 1.68957E-1 1.93175E-1 2.34313E-1 2.78325E-1 3.6029E-1 3.63131E-1 3.62619E-1 3.80493E-1 4.73683E-1 4.23415E-1 3.20418E-1 2.74907E-1 2.57245E-1 2.54897E-1 2.50887E-1 2.86448E-1 3.1284E-1 4.17248E-1 3.30451E-1 2.8612E-1 2.35076E-1 2.76222E-1 3.39496E-1 7.35686E-2 3.24214E-1 3.46855E-1 3.936E-1 4.25192E-1 3.62196E-1 3.76802E-1 3.93422E-1 3.80036E-1 3.82093E-1 3.73628E-1 3.7535E-1 3.63631E-1 3.37686E-1 9.83102E-2 2.3035E-1 1.93583E-1 1.79796E-1 2.07653E-1 2.62534E-1
1.83924E-1 1.97206E-1 2.0587E-1 2.3411E-1 1.59002E-1 1.77561E-1 1.61872E-1 1.37365E-1 2.81367E-1 2.09473E-1 2.63169E-1 2.46106E-1 2.25478E-1 1.9954E-1 1.8831E-1 1.90375E-1 1.74256E-1 1.93433E-1 2.15148E-1 2.651E-1 3.18636E-1 4.06541E-1 4.16969E-1 4.03297E-1 3.99254E-1 4.81258E-1 3.77415E-1 3.56646E-1 2.93412E-1 2.54112E-1 2.47053E-1 2.4762E-1 2.7338E-1 2.93072E-1 3.90389E-1 3.28524E-1 2.77459E-1 2.12757E-1 2.73922E-1 3.26808E-1 2.49837E-1 2.5647E-1 2.95689E-1 3.51778E-1 3.92943E-1 3.75024E-1 3.49161E-1 3.60283E-1 3.44544E-1 3.40187E-1 3.38589E-1 3.19831E-1 2.31555E-1 1.55325E-1 1.43571E-1 1.94043E-1 1.91599E-1 1.74892E-1 2.0188E-1 2.6282E-1
2.05667E-1 2.43312E-1 2.60142E-1 2.52356E-1 1.57006E-1 1.66995E-1 1.71697E-1 1.4223E-1 2.4812E-1 1.51797E-1 2.01363E-1 1.98765E-1 1.8287E-1 1.67003E-1 1.63169E-1 1.69186E-1 1.91844E-1 2.24932E-1 2.35929E-1 2.91372E-1 3.67756E-1 4.43581E-1 4.67999E-1 4.58414E-1 4.58003E-1 5.04816E-1 4.14776E-1 3.30921E-1 2.79053E-1 2.50684E-1 2.49985E-1 2.40964E-1 2.6404E-1 2.89101E-1 3.63138E-1 3.23926E-1 2.69173E-1 2.22501E-1 2.51234E-1 2.30759E-1 2.09548E-1 2.15447E-1 2.60473E-1 3.04244E-1 3.51636E-1 3.4292E-1 3.17737E-1 3.21046E-1 3.15697E-1 3.07434E-1 3.03566E-1 2.79299E-1 2.2435E-1 1.55453E-1 1.39547E-1 1.47447E-1 1.51862E-1 1.61598E-1 1.87458E-1 2.5631E-1
2.65594E-1 3.69659E-1 2.55089E-1 3.05339E-1 1.51111E-1 1.45867E-1 1.32439E-1 1.09758E-1 9.54391E-2 1.46537E-1 2.53451E-1 1.8071E-1 1.73942E-1 1.61495E-1 1.58078E-1 1.75605E-1 2.17598E-1 2.4686E-1 2.66501E-1 3.14423E-1 4.03185E-1 4.67748E-1 4.99081E-1 5.15826E-1 5.29607E-1 5.00152E-1 4.34925E-1 3.21651E-1 2.75397E-1 2.58353E-1 2.63535E-1 2.2704E-1 2.45108E-1 2.97838E-1 4.02E-1 3.36311E-1 2.77013E-1 2.45362E-1 2.43361E-1 1.74303E-1 1.96478E-1 1.91075E-1 2.16242E-1 2.61402E-1 3.13161E-1 3.07497E-1 2.65965E-1 2.77628E-1 2.87824E-1 2.89102E-1 2.811E-1 2.66291E-1 2.5344E-1 1.80502E-1 1.28678E-1 1.33851E-1 1.18062E-1 1.55419E-1 2.31527E-1 2.65123E-1
2.8948E-1 2.64643E-1 2.78078E-1 3.10269E-1 1.84265E-1 1.54617E-1 1.44396E-1 1.28251E-1 1.21015E-1 1.17034E-1 2.72698E-1 2.27847E-1 1.99362E-1 1.8175E-1 1.74974E-1 2.01642E-1 2.37128E-1 2.57324E-1 2.88626E-1 3.40108E-1 4.74865E-1 5.03139E-1 5.14048E-1 5.49978E-1 4.75329E-1 3.71241E-1 2.93553E-1 2.05138E-1 2.03348E-1 1.97022E-1 1.94519E-1 1.63487E-1 1.71103E-1 2.27337E-1 3.34899E-1 3.66746E-1 3.2974E-1 2.77894E-1 2.20027E-1 2.01489E-1 2.54747E-1 2.74896E-1 2.82485E-1 2.93626E-1 3.45856E-1 3.12326E-1 2.60416E-1 2.72987E-1 2.90877E-1 3.06824E-1 3.35785E-1 3.17005E-1 3.13234E-1 2.65063E-1 1.95581E-1 1.4291E-1 9.89547E-2 1.75966E-1 1.66288E-1 2.6248E-1
2.47562E-1 2.4731E-1 2.5158E-1 1.92286E-1 2.60733E-1 1.16386E-1 1.20632E-1 1.01356E-1 9.29243E-2 8.89119E-2 1.98514E-1 1.0181E-1 2.10977E-1 1.59106E-1 1.99263E-1 2.24201E-1 2.37209E-1 2.65537E-1 3.07873E-1 3.6168E-1 5.26016E-1 5.50643E-1 5.31923E-1 5.08218E-1 4.81575E-1 3.62951E-1 2.80242E-1 2.35366E-1 2.18379E-1 2.02459E-1 1.35803E-1 1.90001E-1 2.24221E-1 2.5915E-1 1.52399E-1 4.17459E-1 3.90831E-1 2.95516E-1 2.48799E-1 2.43299E-1 2.41932E-1 2.61877E-1 2.81649E-1 3.14014E-1 3.50067E-1 3.15914E-1 2.94528E-1 2.31725E-1 2.67353E-1 2.81193E-1 3.05005E-1 2.89538E-1 2.74724E-1 2.55847E-1 2.33674E-1 1.85703E-1 1.47242E-1 1.37915E-1 1.93334E-1 2.62473E-1
2.30246E-1 2.4323E-1 2.40576E-1 1.8929E-1 1.51003E-1 2.08069E-1 1.05472E-1 9.46316E-2 8.71927E-2 7.9797E-2 8.72889E-2 1.56429E-1 1.45863E-1 1.65052E-1 1.9958E-1 1.91295E-1 2.14254E-1 2.80246E-1 3.14415E-1 3.69783E-1 5.4724E-1 6.22143E-1 2.8982E-1 4.00319E-1 5.03277E-1 3.98877E-1 3.12999E-1 2.64239E-1 2.47683E-1 2.2088E-1 1.84163E-1 1.87089E-1 2.39832E-1 2.62897E-1 3.9808E-1 4.72125E-1 3.61273E-1 2.88647E-1 2.57037E-1 2.73322E-1 2.56279E-1 3.32961E-1 3.57869E-1 3.81438E-1 3.94823E-1 3.72595E-1 3.49484E-1 2.63048E-1 2.68156E-1 2.61639E-1 2.79483E-1 2.4809E-1 2.24472E-1 2.07286E-1 1.94223E-1 1.6388E-1 1.76087E-1 1.93637E-1 2.13253E-1 2.43277E-1
2.69655E-1 2.50676E-1 2.32897E-1 2.0937E-1 1.87361E-1 1.79728E-1 1.65892E-1 9.48338E-2 6.97857E-2 6.40458E-2 7.50968E-2 6.20396E-2 1.38311E-1 1.1781E-1 1.39696E-1 1.59728E-1 2.00271E-1 2.74025E-1 3.18225E-1 3.62239E-1 5.27445E-1 5.77213E-1 5.39501E-1 5.23109E-1 4.47796E-1 4.19412E-1 3.60114E-1 2.79714E-1 2.69365E-1 6.84866E-2 2.24727E-1 1.81812E-1 2.03172E-1 2.74921E-1 3.7728E-1 2.11765E-1 3.66763E-1 3.26208E-1 2.9576E-1 2.87227E-1 2.95352E-1 3.87066E-1 4.32226E-1 5.09766E-1 4.43906E-1 4.21912E-1 4.09591E-1 3.65353E-1 3.18404E-1 3.06032E-1 2.70239E-1 2.08865E-1 1.96139E-1 1.80332E-1 1.68647E-1 1.70158E-1 6.28984E-2 9.26692E-2 1.58331E-1 1.25252E-1
3.19243E-1 2.78033E-1 2.34183E-1 1.93698E-1 1.63601E-1 1.5743E-1 1.46114E-1 1.34092E-1 5.71671E-2 5.68379E-2 6.81152E-2 5.49532E-2 1.37667E-1 1.12124E-1 1.3649E-1 1.60833E-1 2.22018E-1 2.76668E-1 3.0958E-1 3.32231E-1 4.61041E-1 5.19579E-1 4.91348E-1 4.66139E-1 4.45764E-1 4.49788E-1 3.16955E-1 3.17351E-1 2.77483E-1 2.33414E-1 1.84292E-1 1.71189E-1 2.04415E-1 2.99323E-1 3.81302E-1 2.90213E-1 4.25018E-1 3.66947E-1 3.41941E-1 3.3588E-1 3.80338E-1 4.42772E-1 4.4574E-1 4.37091E-1 5.45248E-1 4.7572E-1 4.59527E-1 4.0857E-1 3.46426E-1 3.25841E-1 2.85325E-1 2.02454E-1 1.72736E-1 1.55073E-1 1.73335E-1 1.38783E-1 1.64493E-1 1.76196E-1 1.65693E-1 1.89027E-1
