Phytophthora/models/20240517_1023_21/Phytophthora_PA3_allRun_MAXENT_outputs/projMaxent.asc
ncols         225
nrows         269
xllcorner     473009.9838
yllcorner     4429051.1748
cellsize      50.0
NODATA_value  -9999
[rows 78 to 103 of 269, columns 60 to 119 of 225]
2.22914E-2 1.65458E-2 1.34659E-2 7.43596E-3 4.23478E-3 6.2885E-3 1.11163E-2 5.59521E-3 6.24432E-3 2.08443E-2 4.16212E-2 4.04429E-2 5.58784E-2 3.82279E-2 3.5984E-2 1.45767E-2 1.53588E-2 7.5108E-3 6.79413E-3 9.73593E-3 1.64603E-2 3.15209E-2 1.76301E-2 1.1847E-2 1.08461E-2 1.79818E-2 2.92701E-2 3.31621E-2 2.54735E-2 1.49583E-1 6.24101E-2 3.23246E-2 6.19499E-2 5.67038E-2 1.43497E-1 2.43958E-1 2.41837E-1 1.25904E-1 1.49428E-1 2.5111E-1 2.65835E-1 1.02881E-1 4.63917E-2 1.4155E-1 2.15169E-1 1.39846E-1 1.69103E-1 2.16142E-1 3.98294E-1 4.54381E-1 4.1615E-1 3.51353E-1 1.95135E-1 2.38458E-1 -9999 -9999 -9999 -9999 -9999 -9999
9.51923E-3 1.06389E-2 7.16191E-3 3.17632E-3 3.19347E-3 3.90299E-3 4.27694E-3 5.49393E-3 3.53678E-3 8.90471E-3 2.93243E-2 2.69618E-2 1.74672E-2 2.21083E-2 1.92951E-2 1.0452E-2 1.23389E-2 1.09469E-2 1.02051E-2 1.54622E-2 2.89365E-2 2.88191E-2 1.55353E-2 1.43555E-2 8.68307E-3 1.15378E-2 1.69682E-2 3.76584E-2 3.30382E-2 3.06614E-2 2.47332E-2 3.48285E-2 6.12001E-2 9.86312E-2 2.16353E-1 2.57032E-1 2.64746E-1 1.82067E-1 1.27067E-1 1.26327E-1 1.52625E-1 1.15181E-1 9.47774E-2 8.1245E-2 1.36773E-1 1.9478E-1 1.69987E-1 2.62513E-1 4.13717E-1 4.82881E-1 4.9219E-1 5.24591E-1 5.13718E-1 4.81941E-1 -9999 -9999 -9999 -9999 -9999 -9999
5.78606E-3 4.84034E-3 5.22096E-3 3.53334E-3 4.23773E-3 3.84869E-3 4.59158E-3 9.91514E-3 1.06321E-2 4.84345E-3 6.5025E-3 2.81688E-2 2.30089E-2 1.79701E-2 7.16438E-3 8.36927E-3 7.32013E-3 7.23634E-3 8.44869E-3 1.6727E-2 2.85038E-2 3.19512E-2 1.55363E-2 1.08997E-2 8.71846E-3 1.17406E-2 2.19036E-2 3.54927E-2 3.048E-2 2.14333E-2 2.43718E-2 2.59866E-2 4.63242E-2 1.4042E-1 2.52295E-1 2.82881E-1 3.10658E-1 2.31405E-1 7.26531E-2 5.10252E-2 6.57858E-2 1.03536E-1 7.55292E-2 7.25968E-2 8.17478E-2 1.13472E-1 7.93821E-2 2.81654E-1 4.105E-1 4.88068E-1 4.3149E-1 4.17772E-1 4.72249E-1 4.51537E-1 3.8785E-1 1.32699E-1 -9999 -9999 -9999 -9999
5.17461E-3 8.47725E-3 6.67341E-3 4.82087E-3 6.44185E-3 4.71164E-3 5.63541E-3 7.34009E-3 8.1445E-3 5.10351E-3 6.14877E-3 6.03145E-3 1.33678E-2 1.12448E-2 9.74656E-3 9.56375E-3 7.88819E-3 7.38563E-3 8.67151E-3 1.37596E-2 2.77476E-2 3.71389E-2 1.67573E-2 9.65581E-3 1.14864E-2 1.34385E-2 1.91857E-2 3.017E-2 3.85156E-2 3.82048E-2 4.44658E-2 3.47077E-2 2.68307E-2 1.89286E-1 2.57206E-1 2.63864E-1 1.73538E-1 1.2103E-1 6.6623E-2 4.72382E-2 4.2893E-2 4.26652E-2 7.3006E-2 2.56561E-1 1.20144E-1 7.23626E-2 5.57172E-2 7.97195E-2 1.61288E-1 2.04162E-1 2.16804E-1 2.51897E-1 3.31042E-1 2.439E-1 2.04669E-1 6.72833E-2 3.28178E-2 3.73919E-2 -9999 -9999
5.14778E-3 1.15063E-2 1.59385E-2 7.51245E-3 4.22424E-3 5.39715E-3 4.67402E-3 4.06261E-3 4.3783E-3 4.63641E-3 5.55173E-3 5.84482E-3 7.4035E-3 7.85467E-3 8.72459E-3 1.10221E-2 1.33368E-2 1.43113E-2 1.11491E-2 1.62113E-2 1.99932E-2 3.01366E-2 1.62493E-2 1.45277E-2 1.98998E-2 1.27531E-2 2.01736E-2 3.28608E-2 3.54528E-2 3.97589E-2 4.26587E-2 7.35173E-2 3.46377E-2 5.49287E-2 2.07302E-1 1.20512E-1 5.33536E-2 6.35143E-2 8.09021E-2 8.28639E-2 6.52383E-2 6.69646E-2 1.81466E-1 2.57247E-1 1.05446E-1 8.24542E-2 4.98471E-2 9.31263E-2 2.59923E-1 1.72991E-1 3.01201E-1 3.99447E-1 4.12622E-1 4.24071E-1 2.25932E-1 5.97853E-2 3.47625E-2 8.20238E-2 7.37652E-2 -9999
3.54896E-3 4.63531E-3 5.79296E-3 8.18314E-3 3.08183E-3 3.14684E-3 2.81999E-3 3.1901E-3 5.113E-3 7.89862E-3 5.44937E-3 6.00627E-3 8.2423E-3 9.91793E-3 9.34235E-3 1.31688E-2 1.9719E-2 9.11332E-3 1.12034E-2 1.65874E-2 1.97269E-2 2.03033E-2 1.9572E-2 1.47072E-2 5.27906E-2 4.0754E-2 3.40043E-2 3.22927E-2 5.69683E-2 6.06231E-2 4.93771E-2 1.21617E-1 2.02068E-1 6.39957E-2 4.2541E-2 5.53323E-2 6.22073E-2 5.9142E-2 6.58851E-2 1.21559E-1 1.50654E-1 1.35105E-1 2.79676E-1 1.96092E-1 6.43354E-2 9.39441E-2 5.3775E-2 7.12342E-2 1.52539E-1 2.5015E-1 3.9908E-1 5.6151E-1 5.57448E-1 4.05074E-1 1.71197E-1 1.05315E-1 3.21229E-2 8.02018E-2 6.7058E-2 -9999
5.87674E-3 2.83533E-3 3.94951E-3 8.55354E-3 4.08027E-3 3.45075E-3 3.16043E-3 5.11277E-3 9.75029E-3 1.82823E-2 9.60795E-3 5.37143E-3 9.77982E-3 2.53591E-2 2.19204E-2 1.71211E-2 2.3645E-2 1.48995E-2 1.13706E-2 1.76143E-2 2.05473E-2 2.44858E-2 1.59896E-2 3.72072E-2 7.95025E-2 9.66892E-2 1.13829E-1 3.48443E-2 4.0459E-2 5.89933E-2 4.27204E-2 1.00632E-1 1.72673E-1 8.862E-2 5.66469E-2 4.66999E-2 5.20321E-2 4.53709E-2 5.07889E-2 1.28946E-1 2.17666E-1 2.07238E-1 2.5008E-1 2.13743E-1 8.17163E-2 7.66009E-2 1.01246E-1 9.15359E-2 1.83755E-1 4.0254E-1 4.99872E-1 5.22097E-1 4.59818E-1 1.88906E-1 1.00814E-1 8.98389E-2 9.48162E-2 3.00117E-2 3.58081E-2 -9999
7.9384E-3 7.48766E-3 5.01969E-3 4.99488E-3 3.9505E-3 3.25217E-3 3.05928E-3 5.45443E-3 8.48988E-3 1.28757E-2 1.38461E-2 1.04243E-2 9.48086E-3 3.22306E-2 4.15991E-2 2.95607E-2 5.29245E-2 7.53022E-2 5.27977E-2 4.48429E-2 2.01891E-2 2.62943E-2 7.40372E-2 1.10129E-1 1.0038E-1 1.01121E-1 1.32324E-1 5.16726E-2 3.77905E-2 3.49974E-2 2.60455E-2 5.71593E-2 1.74694E-1 1.00749E-1 8.09615E-2 3.86754E-2 4.03644E-2 4.05104E-2 7.2272E-2 1.71773E-1 2.77911E-1 2.71302E-1 2.43598E-1 2.94732E-1 2.32352E-1 1.63921E-1 1.89465E-1 1.27379E-1 1.31834E-1 2.07792E-1 4.27947E-1 5.37596E-1 2.10975E-1 1.04391E-1 1.01193E-1 1.17142E-1 1.43734E-1 1.43288E-1 1.31503E-1 1.1088E-1
6.11071E-3 8.30486E-3 5.10657E-3 3.55695E-3 3.67683E-3 3.76275E-3 3.674E-3 4.50321E-3 7.73481E-3 1.25875E-2 1.83809E-2 1.17296E-2 1.3572E-2 2.07013E-2 2.92579E-2 2.7981E-2 4.68951E-2 6.52931E-2 4.70854E-2 3.79408E-2 2.62436E-2 4.82481E-2 5.32719E-2 7.73388E-2 8.7535E-2 8.50875E-2 5.88459E-2 3.25138E-2 3.4448E-2 4.58622E-2 4.82907E-2 9.87622E-2 1.97964E-1 1.00257E-1 1.0261E-1 7.61735E-2 4.41534E-2 5.22222E-2 1.75757E-1 2.74085E-1 3.72302E-1 3.52564E-1 3.14729E-1 1.60656E-1 1.15773E-1 1.43963E-1 1.02615E-1 8.82631E-2 1.08189E-1 1.50767E-1 4.21971E-1 2.80837E-1 1.26204E-1 1.16659E-1 1.49477E-1 1.4877E-1 1.42664E-1 1.82347E-1 1.47527E-1 1.10153E-1
9.75429E-3 9.07283E-3 8.45491E-3 4.85664E-3 5.44639E-3 9.47383E-3 6.20692E-3 6.85949E-3 7.3402E-3 8.83607E-3 1.24449E-2 1.15777E-2 1.06077E-2 1.49547E-2 2.33079E-2 1.82016E-2 2.27094E-2 6.83934E-2 7.31807E-2 7.77313E-2 3.08542E-2 4.0258E-2 4.25063E-2 6.37861E-2 8.12687E-2 6.38716E-2 3.69574E-2 2.02981E-2 3.35466E-2 6.53027E-2 6.57565E-2 9.68235E-2 1.96249E-1 1.34934E-1 1.21282E-1 1.39204E-1 8.26456E-2 6.93564E-2 2.13027E-1 4.67605E-1 4.66853E-1 4.50682E-1 2.56223E-1 1.23142E-1 8.89109E-2 2.51393E-1 7.41265E-2 8.05317E-2 7.97198E-2 1.6408E-1 3.59894E-1 1.03169E-1 6.66284E-2 8.15042E-2 9.57316E-2 6.87235E-2 1.08248E-1 1.87639E-1 1.4848E-1 1.0072E-1
3.29354E-2 1.00766E-2 9.72696E-3 1.23097E-2 1.19521E-2 2.11475E-2 1.51033E-2 1.08716E-2 9.99785E-3 2.1842E-2 8.06673E-3 1.72457E-2 3.77097E-2 2.63667E-2 2.97067E-2 4.66764E-2 8.37057E-2 9.67028E-2 8.94564E-2 1.13929E-1 7.62229E-2 3.3711E-2 7.99489E-2 1.09613E-1 1.16934E-1 6.64941E-2 3.82131E-2 3.63474E-2 4.89728E-2 5.50365E-2 6.25833E-2 6.62451E-2 1.34481E-1 1.59111E-1 1.3996E-1 1.32211E-1 8.80157E-2 5.91209E-2 6.82922E-2 2.02106E-1 3.89271E-1 3.85898E-1 2.83566E-1 1.16816E-1 7.41104E-2 8.68097E-2 8.71678E-2 9.38877E-2 1.08397E-1 1.67539E-1 1.60779E-1 4.22475E-2 8.5344E-2 8.58106E-2 9.71369E-2 1.05064E-1 9.11697E-2 1.53499E-1 1.32765E-1 1.03983E-1
2.51934E-2 1.05057E-2 1.32071E-2 1.80801E-2 2.20932E-2 1.65344E-2 1.36301E-2 2.02163E-2 1.44296E-2 1.34979E-2 2.26096E-2 4.54189E-2 5.77887E-2 6.85857E-2 8.05851E-2 7.20528E-2 8.38395E-2 1.41909E-1 1.35171E-1 1.22707E-1 7.50826E-2 3.5834E-2 9.69391E-2 1.54775E-1 1.3646E-1 1.31454E-1 1.3084E-1 1.15823E-1 9.84982E-2 6.86384E-2 7.42366E-2 5.48544E-2 -9999 -9999 1.10821E-1 1.14081E-1 7.0677E-2 4.61662E-2 8.2767E-2 2.17296E-1 2.32114E-1 2.23871E-1 4.17343E-1 1.6065E-1 1.32153E-1 6.06741E-2 1.41454E-1 2.27619E-1 1.91166E-1 1.46443E-1 8.93101E-2 3.13006E-2 5.38007E-2 6.2183E-2 3.53765E-2 4.02911E-2 1.0025E-1 1.17679E-1 1.22441E-1 1.24552E-1
1.39639E-2 1.88901E-2 4.08704E-2 4.62018E-2 4.93327E-2 3.96809E-2 3.72484E-2 2.3714E-2 2.23E-2 1.68224E-2 4.91539E-2 3.16642E-2 3.06778E-2 3.69897E-2 3.35439E-2 5.13111E-2 1.06516E-1 1.66771E-1 1.01758E-1 7.03193E-2 4.35439E-2 3.56106E-2 1.16524E-1 1.05275E-1 1.43279E-1 1.69037E-1 1.37238E-1 1.12965E-1 6.40099E-2 6.70629E-2 -9999 -9999 -9999 -9999 -9999 1.12245E-1 6.76296E-2 3.88916E-2 5.15656E-2 2.00844E-1 3.92085E-1 2.5221E-1 2.302E-1 2.28508E-1 1.78962E-1 1.30491E-1 6.25841E-2 1.23566E-1 1.49727E-1 1.92493E-1 1.28239E-1 6.23829E-2 3.88104E-2 2.37549E-2 2.33009E-2 3.21493E-2 5.37024E-2 5.08837E-2 5.66993E-2 8.08213E-2
5.82273E-3 2.53512E-2 3.3701E-2 4.42285E-2 3.8245E-2 2.18557E-2 4.00394E-2 1.06274E-2 1.05146E-2 1.9011E-2 5.79035E-2 6.98263E-2 7.58441E-2 7.71776E-2 4.47369E-2 6.78618E-2 7.84397E-2 1.33714E-1 1.32395E-1 1.45553E-1 8.36834E-2 7.22477E-2 1.08847E-1 5.5965E-2 1.06122E-1 2.04246E-1 1.37054E-1 9.75423E-2 7.95025E-2 -9999 -9999 -9999 -9999 -9999 -9999 1.38737E-1 8.57526E-2 5.26455E-2 1.03343E-1 2.65475E-1 4.34389E-1 5.7963E-1 4.80936E-1 3.20161E-1 1.92168E-1 1.00552E-1 6.2252E-2 8.85317E-2 6.25033E-2 6.41905E-2 3.66602E-2 3.62983E-2 3.20149E-2 1.23204E-2 1.19905E-2 1.53056E-2 2.36351E-2 1.77389E-2 4.73095E-2 6.93021E-2
7.79365E-3 1.04324E-2 1.41109E-2 2.67077E-2 1.46015E-2 1.39391E-2 2.39407E-2 1.90359E-2 9.61169E-3 2.0166E-2 5.35046E-2 8.8993E-2 9.42999E-2 7.2187E-2 4.70679E-2 6.17573E-2 9.12807E-2 1.21589E-1 1.17759E-1 1.54952E-1 5.41327E-2 9.42357E-2 1.29602E-1 9.52839E-2 8.78893E-2 1.66932E-1 1.86708E-1 1.07997E-1 1.0477E-1 -9999 -9999 -9999 -9999 -9999 -9999 2.05072E-1 8.89186E-2 7.70884E-2 1.81617E-1 2.58063E-1 2.98411E-1 5.26407E-1 4.18871E-1 2.86649E-1 2.2274E-1 1.80969E-1 1.11866E-1 3.53642E-2 2.41949E-2 3.42908E-2 3.4791E-2 4.52541E-2 3.62368E-2 1.71374E-2 3.12371E-2 2.52049E-2 2.30555E-2 1.50452E-2 3.46212E-2 5.98965E-2
1.37207E-2 2.81051E-2 3.23149E-2 1.44666E-2 9.98804E-3 1.00092E-2 1.5897E-2 3.55361E-2 1.81731E-2 1.83133E-2 3.58156E-2 8.59846E-2 7.23801E-2 6.64002E-2 8.76106E-2 6.26185E-2 1.20305E-1 1.4445E-1 1.47167E-1 1.18646E-1 5.03495E-2 1.57559E-1 1.81647E-1 1.49263E-1 8.26138E-2 7.26201E-2 1.00863E-1 1.12855E-1 1.8935E-1 -9999 -9999 -9999 -9999 -9999 -9999 1.91283E-1 7.90296E-2 1.00716E-1 1.53029E-1 2.31364E-1 3.95279E-1 -9999 2.78578E-1 2.86795E-1 2.03082E-1 1.6328E-1 1.05478E-1 4.58372E-2 5.39607E-2 1.01673E-1 7.33779E-2 2.72769E-2 1.8196E-2 1.7542E-2 3.00097E-2 2.66338E-2 2.05812E-2 1.59901E-2 2.16632E-2 3.05882E-2
6.42007E-3 1.12354E-2 2.62359E-2 1.56528E-2 1.64706E-2 1.55963E-2 2.76191E-2 2.32635E-2 1.09794E-2 1.36063E-2 2.84945E-2 5.89931E-2 6.60459E-2 8.02094E-2 6.73067E-2 8.2162E-2 6.65843E-2 5.74121E-2 4.3656E-2 3.02549E-2 6.05915E-2 1.22313E-1 1.03187E-1 1.08077E-1 9.27893E-2 5.48563E-2 4.9485E-2 7.04147E-2 1.36142E-1 -9999 -9999 -9999 -9999 -9999 2.493E-1 1.00646E-1 8.49346E-2 6.09623E-2 -9999 -9999 -9999 -9999 1.68908E-1 2.59661E-1 2.61078E-1 1.66388E-1 4.78136E-2 4.35027E-2 4.84366E-2 7.6576E-2 5.64043E-2 2.94186E-2 3.44929E-2 2.74149E-2 3.34606E-2 3.47909E-2 1.46558E-2 1.55915E-2 2.30873E-2 3.16693E-2
3.87915E-3 6.66723E-3 9.7747E-3 1.36209E-2 1.21958E-2 1.63976E-2 2.44106E-2 3.81409E-2 2.26825E-2 2.80921E-2 7.30168E-2 8.80306E-2 7.98312E-2 5.23646E-2 6.41924E-2 5.24329E-2 3.11885E-2 2.33292E-2 2.46451E-2 2.68417E-2 8.04691E-2 3.37091E-2 4.63492E-2 6.35293E-2 7.74094E-2 5.05403E-2 6.32331E-2 6.6986E-2 7.76947E-2 -9999 -9999 -9999 -9999 -9999 -9999 -9999 -9999 -9999 -9999 -9999 -9999 -9999 1.58018E-1 1.52908E-1 2.46359E-1 1.08534E-1 2.57811E-2 3.13798E-2 5.04005E-2 6.32944E-2 6.86973E-2 4.85432E-2 4.11703E-2 3.88958E-2 3.26055E-2 3.41787E-2 1.8038E-2 1.28248E-2 2.42063E-2 2.7534E-2
4.85927E-3 6.9172E-3 1.37502E-2 1.09927E-2 1.06489E-2 2.13813E-2 2.5376E-2 2.5604E-2 2.48198E-2 2.90701E-2 8.08667E-2 1.1288E-1 7.06535E-2 5.2361E-2 7.15198E-2 3.52957E-2 3.32962E-2 3.48454E-2 2.67841E-2 1.03296E-1 2.69477E-2 2.27026E-2 4.69789E-2 6.36634E-2 6.27363E-2 3.58457E-2 6.97944E-2 8.49483E-2 1.04198E-1 9.50207E-2 -9999 -9999 -9999 -9999 -9999 -9999 -9999 -9999 -9999 -9999 -9999 -9999 3.45641E-1 1.68357E-1 1.23242E-1 6.95833E-2 3.50942E-2 5.05943E-2 7.98763E-2 1.10941E-1 1.38719E-1 1.72862E-1 4.32244E-2 5.69022E-2 4.01741E-2 3.0766E-2 2.4272E-2 1.48926E-2 2.939E-2 3.45158E-2
5.44805E-3 4.93956E-3 7.65931E-3 7.49344E-3 1.20517E-2 1.43908E-2 1.68071E-2 1.92943E-2 1.67233E-2 1.85366E-2 3.42449E-2 5.32067E-2 6.1297E-2 2.42322E-2 3.4935E-2 7.10342E-2 4.9568E-2 6.6531E-2 2.56489E-2 1.97549E-2 1.57218E-2 3.26913E-2 6.64548E-2 8.90945E-2 7.83924E-2 4.04017E-2 4.37726E-2 6.01444E-2 6.96846E-2 6.17726E-2 4.03623E-2 -9999 -9999 -9999 -9999 -9999 -9999 -9999 -9999 -9999 -9999 -9999 4.64937E-1 1.26293E-1 3.8031E-2 3.22811E-2 3.66305E-2 6.79657E-2 1.21966E-1 8.59304E-2 1.42763E-1 1.44065E-1 1.27655E-1 7.86292E-2 4.58563E-2 3.62033E-2 3.16793E-2 2.06719E-2 6.61667E-2 4.98711E-2
1.5952E-2 6.10511E-3 5.81133E-3 6.98598E-3 6.19584E-3 5.64683E-3 1.16346E-2 1.49911E-2 1.07905E-2 2.03203E-2 4.95641E-2 8.75478E-2 7.64765E-2 2.23372E-2 3.77693E-2 9.30268E-2 1.10141E-1 4.60219E-2 1.64449E-2 1.25844E-2 1.11277E-2 2.7256E-2 6.9402E-2 1.88035E-1 8.05332E-2 4.32653E-2 2.46068E-2 3.12194E-2 4.84279E-2 6.17956E-2 5.86992E-2 6.28344E-2 -9999 -9999 -9999 -9999 -9999 -9999 -9999 -9999 -9999 3.51473E-1 3.34551E-1 1.16397E-1 3.30149E-2 2.32121E-2 2.3716E-2 6.16737E-2 7.67511E-2 8.50231E-2 4.83453E-2 5.66275E-2 1.08627E-1 6.1348E-2 5.12446E-2 5.06482E-2 4.93687E-2 2.83652E-2 1.20902E-1 3.86811E-2
2.44171E-2 1.13708E-2 8.11906E-3 1.02068E-2 1.05847E-2 1.99127E-2 1.77081E-2 1.05134E-2 9.15242E-3 2.77924E-2 6.86647E-2 1.01889E-1 3.83184E-2 2.66902E-2 5.05037E-2 1.15771E-1 1.52347E-1 8.17894E-2 3.02027E-2 1.48384E-2 1.33822E-2 2.0084E-2 3.77692E-2 7.85546E-2 5.02916E-2 4.23406E-2 4.11646E-2 3.7682E-2 1.32407E-1 1.55236E-1 1.96356E-1 2.62091E-1 -9999 -9999 -9999 -9999 -9999 -9999 -9999 -9999 -9999 1.51411E-1 1.24052E-1 5.06241E-2 3.02823E-2 3.23234E-2 5.09321E-2 9.85119E-2 1.23815E-1 1.20216E-1 4.34482E-2 4.39425E-2 6.4443E-2 4.85389E-2 5.97755E-2 9.39918E-2 7.29099E-2 4.75861E-2 6.47301E-2 2.70802E-2
3.32725E-2 2.1346E-2 1.28378E-2 1.19749E-2 1.30075E-2 1.41467E-2 2.18124E-2 1.90585E-2 2.12758E-2 3.18436E-2 5.24602E-2 1.13915E-1 3.10585E-2 3.33956E-2 3.41299E-2 1.15379E-1 1.36922E-1 9.15662E-2 4.21301E-2 2.27497E-2 2.04272E-2 1.98192E-2 2.61306E-2 3.19627E-2 3.0526E-2 6.49063E-2 7.39072E-2 8.18218E-2 2.67395E-1 1.94801E-1 1.98352E-1 1.37917E-1 2.09109E-1 -9999 -9999 -9999 -9999 -9999 -9999 -9999 1.6726E-1 8.69588E-2 6.19452E-2 5.74196E-2 4.30477E-2 3.98475E-2 8.81059E-2 7.6293E-2 5.60385E-2 1.22597E-1 8.92036E-2 3.4638E-2 6.53123E-2 3.11239E-2 6.01339E-2 7.19273E-2 5.6548E-2 5.85847E-2 6.2079E-2 6.42564E-2
2.15022E-2 2.60924E-2 1.84966E-2 1.50108E-2 1.31524E-2 3.15921E-2 7.94623E-3 1.34183E-2 2.28931E-2 3.42435E-2 4.46698E-2 4.91229E-2 5.23288E-2 3.19561E-2 2.58829E-2 5.29116E-2 5.65548E-2 3.22572E-2 4.05443E-2 2.20106E-2 2.467E-2 2.30074E-2 2.24049E-2 2.58485E-2 3.21616E-2 6.50203E-2 6.88441E-2 5.41314E-2 1.35516E-1 1.19461E-1 1.73337E-1 6.86924E-2 5.94985E-2 -9999 -9999 -9999 -9999 -9999 -9999 2.11114E-1 7.90436E-2 5.65923E-2 3.75888E-2 3.68107E-2 5.0248E-2 7.61428E-2 8.5653E-2 5.69049E-2 2.79153E-2 3.967E-2 6.94725E-2 4.5874E-2 7.09446E-2 3.97575E-2 5.24582E-2 4.79474E-2 7.9416E-2 6.12201E-2 6.07087E-2 6.91756E-2
1.27618E-2 1.51761E-2 1.19152E-2 1.75901E-2 2.24781E-2 4.16798E-2 6.11349E-3 1.03853E-2 1.84786E-2 2.49433E-2 2.72528E-2 5.46234E-2 7.03774E-2 4.30287E-2 2.80956E-2 3.95419E-2 4.07354E-2 4.60191E-2 6.66187E-2 4.72967E-2 4.83247E-2 2.76407E-2 2.4347E-2 2.66321E-2 4.34155E-2 4.51416E-2 4.45113E-2 3.07812E-2 3.7707E-2 5.26589E-2 6.72562E-2 5.00305E-2 5.87848E-2 -9999 -9999 -9999 -9999 -9999 5.72399E-1 1.35893E-1 5.43333E-2 5.20905E-2 5.01669E-2 7.41642E-2 1.07336E-1 7.34932E-2 6.64444E-2 3.96185E-2 4.40635E-2 6.43985E-2 5.28144E-2 5.88164E-2 4.29726E-2 4.20814E-2 5.93816E-2 1.74239E-1 1.61517E-1 1.57779E-1 1.74126E-1 6.9143E-2
2.51849E-2 2.71606E-2 1.35904E-2 1.70575E-2 3.19947E-2 3.3647E-2 1.60837E-2 5.99896E-3 1.08905E-2 1.57201E-2 2.86995E-2 9.35671E-2 1.07958E-1 6.66043E-2 7.5574E-2 6.9627E-2 5.94535E-2 1.22535E-1 1.56146E-1 7.99676E-2 7.17377E-2 4.26139E-2 3.04311E-2 3.25345E-2 3.48091E-2 3.28422E-2 2.60498E-2 2.45863E-2 2.40359E-2 3.19259E-2 2.83759E-2 3.40059E-2 5.5914E-2 5.39685E-2 -9999 -9999 -9999 6.236E-1 2.27523E-1 4.70211E-2 2.67749E-2 2.93554E-2 2.8155E-2 3.91918E-2 5.89044E-2 5.13161E-2 4.57147E-2 2.6165E-2 4.94709E-2 6.36167E-2 4.15108E-2 5.68156E-2 6.69938E-2 2.67196E-2 6.7049E-2 1.65329E-1 2.00242E-1 2.13214E-1 1.18863E-1 8.29244E-2
