Phytophthora/models/20240517_1023_21/Phytophthora_PA3_allRun_MAXENT_outputs/projMaxent.asc
ncols         225
nrows         269
xllcorner     473009.9838
yllcorner     4429051.1748
cellsize      50.0
NODATA_value  -9999
[rows 208 to 233 of 269, columns 60 to 119 of 225]
4.64764E-1 6.08697E-1 8.3475E-1 7.15333E-1 8.30073E-1 4.64501E-1 1.59065E-1 1.51066E-1 1.38767E-1 1.8473E-1 2.77865E-1 4.09314E-1 5.08735E-1 5.6734E-1 5.31115E-1 6.37341E-1 3.39965E-1 2.75955E-1 2.10068E-1 1.14014E-1 4.60988E-2 1.15386E-1 1.4599E-1 1.57807E-1 4.41875E-1 9.22245E-1 9.67896E-1 9.71975E-1 9.36608E-1 8.70242E-1 8.62533E-1 8.18527E-1 8.38225E-1 8.14904E-1 6.30096E-1 5.46541E-1 6.44064E-1 6.73519E-1 5.14614E-1 4.7362E-1 4.49907E-1 3.30536E-1 1.68682E-1 1.89907E-1 2.44811E-1 3.26573E-1 3.98761E-1 5.57359E-1 7.53269E-1 6.32528E-1 3.22759E-1 7.38874E-1 8.03786E-1 7.96214E-1 7.67172E-1 5.11951E-1 3.10345E-1 2.47759E-1 2.16707E-1 1.58446E-1
4.86592E-1 5.60594E-1 9.59678E-1 9.07724E-1 6.17193E-1 7.62486E-1 6.81684E-1 6.38579E-1 3.6214E-1 3.26829E-1 3.62775E-1 2.6364E-1 3.22663E-1 2.26753E-1 4.39337E-1 5.02612E-1 2.36794E-1 2.04372E-1 2.6437E-1 1.80276E-1 9.63211E-2 7.96397E-2 1.57017E-1 1.85874E-1 6.54215E-1 8.72693E-1 9.39243E-1 9.64612E-1 8.95638E-1 7.86632E-1 8.77458E-1 9.49127E-1 9.03628E-1 8.49526E-1 8.92444E-1 5.93524E-1 7.06978E-1 6.61935E-1 6.36222E-1 6.4392E-1 5.86027E-1 5.17052E-1 4.29337E-1 3.93432E-1 3.97433E-1 3.96577E-1 4.23672E-1 4.84347E-1 5.87963E-1 3.07427E-1 4.48636E-1 8.08137E-1 8.22238E-1 8.03594E-1 7.22587E-1 3.92819E-1 2.47054E-1 2.87083E-1 2.05026E-1 1.61423E-1
5.18003E-1 4.79096E-1 8.40586E-1 8.98036E-1 6.92684E-1 8.20967E-1 8.12003E-1 6.64735E-1 7.07048E-1 4.34862E-1 2.139E-1 1.97841E-1 2.11027E-1 1.67432E-1 1.9388E-1 3.10004E-1 1.63436E-1 1.6058E-1 2.62876E-1 2.62343E-1 1.55885E-1 6.11458E-2 1.58928E-1 1.54822E-1 4.56326E-1 6.58832E-1 7.59636E-1 7.82418E-1 8.21733E-1 6.60626E-1 6.05712E-1 9.60645E-1 9.64796E-1 8.59179E-1 9.07568E-1 9.16763E-1 8.68406E-1 8.33965E-1 7.17226E-1 6.91916E-1 7.77606E-1 6.26714E-1 5.079E-1 4.88891E-1 3.68523E-1 3.50748E-1 2.90102E-1 4.77087E-1 6.86653E-1 3.3215E-1 3.1223E-1 3.2179E-1 5.39534E-1 5.80244E-1 6.28786E-1 3.30487E-1 1.79933E-1 2.19459E-1 1.71337E-1 2.1022E-1
5.37255E-1 5.02058E-1 6.98468E-1 8.62476E-1 6.57566E-1 7.9024E-1 5.93069E-1 3.96625E-1 7.09597E-1 2.98252E-1 2.10201E-1 1.75669E-1 1.78999E-1 2.13348E-1 1.86569E-1 1.85159E-1 1.35861E-1 8.90606E-2 2.3287E-1 3.16442E-1 2.10504E-1 6.08516E-2 1.42552E-1 1.9461E-1 4.06051E-1 6.07686E-1 6.81798E-1 6.16296E-1 5.49666E-1 6.62254E-1 5.75337E-1 6.63319E-1 9.77054E-1 9.02691E-1 7.82737E-1 8.38964E-1 8.72642E-1 8.48336E-1 8.45251E-1 8.55857E-1 8.00151E-1 7.12634E-1 3.95408E-1 2.11052E-1 2.80248E-1 4.30618E-1 4.73648E-1 6.10746E-1 6.14615E-1 2.36705E-1 4.16169E-1 2.65451E-1 3.05835E-1 3.79419E-1 4.85014E-1 3.30787E-1 1.70582E-1 3.05856E-1 2.08226E-1 2.13702E-1
7.34632E-1 7.05687E-1 9.26639E-1 8.42789E-1 5.27565E-1 7.17918E-1 5.1635E-1 3.74447E-1 5.48931E-1 2.44154E-1 1.49011E-1 1.69803E-1 2.51474E-1 2.60947E-1 2.16049E-1 1.62393E-1 1.41114E-1 7.30524E-2 2.5835E-1 3.44914E-1 2.59431E-1 1.00746E-1 2.70912E-1 4.01453E-1 5.7777E-1 6.58871E-1 8.22672E-1 6.4963E-1 5.37453E-1 6.33841E-1 7.74419E-1 6.81903E-1 8.80511E-1 9.39133E-1 8.47908E-1 7.02977E-1 7.13113E-1 7.05604E-1 6.94246E-1 6.99366E-1 7.65921E-1 5.61902E-1 5.6864E-1 2.17903E-1 1.45172E-1 2.50363E-1 4.65154E-1 4.03382E-1 2.63049E-1 5.91182E-1 7.7282E-1 4.03711E-1 4.92753E-1 7.28718E-1 6.07509E-1 6.25633E-1 6.18329E-1 4.44334E-1 2.26713E-1 3.89539E-1
7.08219E-1 6.18982E-1 8.78936E-1 8.3466E-1 6.36905E-1 6.62108E-1 5.03164E-1 2.9486E-1 3.13481E-1 2.17739E-1 1.4348E-1 1.48857E-1 1.89466E-1 2.50739E-1 2.10321E-1 1.72476E-1 1.66028E-1 7.83767E-2 2.533E-1 3.37422E-1 3.27952E-1 4.42619E-1 6.81635E-1 7.19455E-1 6.62526E-1 6.83231E-1 8.88208E-1 8.18955E-1 7.55576E-1 6.22691E-1 6.83704E-1 6.36508E-1 7.36356E-1 9.12798E-1 8.96503E-1 7.98135E-1 5.19231E-1 4.96423E-1 4.90437E-1 4.64835E-1 4.74669E-1 6.45575E-1 6.17047E-1 4.20657E-1 2.59425E-1 1.99889E-1 5.21145E-1 2.52839E-1 7.23716E-1 6.55789E-1 8.30714E-1 7.25337E-1 7.88812E-1 8.80867E-1 6.06068E-1 4.33037E-1 5.91906E-1 6.87767E-1 4.23198E-1 7.5612E-1
4.45996E-1 4.65914E-1 5.59958E-1 5.59661E-1 4.17784E-1 6.49648E-1 6.63557E-1 3.64191E-1 2.57187E-1 2.64887E-1 1.96091E-1 1.65403E-1 1.55935E-1 1.49994E-1 1.58433E-1 8.70549E-2 2.24047E-1 1.15262E-1 2.92604E-1 3.94662E-1 3.38905E-1 2.84503E-1 6.70874E-1 8.53529E-1 9.15939E-1 9.33806E-1 9.25569E-1 8.8352E-1 8.2424E-1 6.52935E-1 5.64081E-1 4.54188E-1 6.44796E-1 8.59854E-1 8.31793E-1 7.68931E-1 7.27628E-1 7.82205E-1 8.14857E-1 7.91538E-1 6.28886E-1 7.2269E-1 7.76039E-1 7.08693E-1 4.8429E-1 3.19753E-1 5.71803E-1 2.3605E-1 7.53582E-1 6.86324E-1 8.17308E-1 7.98796E-1 9.08328E-1 8.58074E-1 7.64975E-1 4.72078E-1 5.69329E-1 6.39247E-1 6.67255E-1 8.52731E-1
2.85264E-1 2.77851E-1 3.47492E-1 3.56475E-1 2.63877E-1 2.24489E-1 4.35278E-1 4.79609E-1 3.29346E-1 1.95969E-1 1.81191E-1 1.76479E-1 1.27087E-1 8.47104E-2 9.1501E-2 1.17408E-1 1.73375E-1 1.34774E-1 3.37669E-1 3.74807E-1 3.45805E-1 4.33955E-1 7.93855E-1 9.04201E-1 9.41017E-1 9.53574E-1 9.54611E-1 8.84028E-1 8.60746E-1 4.86241E-1 5.73005E-1 4.85047E-1 7.66847E-1 8.46002E-1 8.12495E-1 7.78404E-1 7.65416E-1 7.57527E-1 8.08268E-1 8.38261E-1 7.94974E-1 7.66494E-1 7.83745E-1 6.20969E-1 6.06993E-1 6.6517E-1 6.04075E-1 4.72778E-1 5.39403E-1 6.95722E-1 7.49971E-1 8.35993E-1 8.69587E-1 7.9119E-1 5.89403E-1 4.29168E-1 4.33588E-1 6.02718E-1 7.47968E-1 8.10271E-1
3.41492E-1 3.61259E-1 2.97426E-1 2.06292E-1 1.65901E-1 1.62492E-1 3.15568E-1 3.56428E-1 5.685E-1 3.41362E-1 2.12472E-1 1.8042E-1 1.23411E-1 1.0932E-1 1.3551E-1 3.06633E-1 1.20015E-1 1.14638E-1 2.94089E-1 3.48369E-1 4.34266E-1 6.1778E-1 8.28589E-1 9.33171E-1 9.12198E-1 8.6128E-1 9.01394E-1 9.34446E-1 7.63667E-1 8.08484E-1 7.14885E-1 7.23542E-1 7.56327E-1 8.697E-1 8.60635E-1 8.2661E-1 7.76307E-1 7.14224E-1 7.59638E-1 7.25799E-1 6.324E-1 7.15094E-1 7.43851E-1 8.07723E-1 8.9795E-1 8.81335E-1 8.48493E-1 5.53486E-1 2.89685E-1 7.1415E-1 7.70192E-1 8.56653E-1 8.00082E-1 6.67295E-1 2.90062E-1 3.32114E-1 4.39366E-1 4.64711E-1 6.56519E-1 8.05651E-1
3.92476E-1 3.7223E-1 2.81096E-1 1.90286E-1 1.88147E-1 1.2041E-1 3.50889E-1 5.27116E-1 5.76472E-1 5.73956E-1 5.2553E-1 4.80619E-1 4.73796E-1 5.18629E-1 5.48134E-1 5.49564E-1 4.71343E-1 1.02649E-1 1.98568E-1 4.53068E-1 6.2216E-1 7.54071E-1 8.51413E-1 9.4133E-1 9.63954E-1 9.29401E-1 8.73885E-1 7.16447E-1 8.04031E-1 9.1264E-1 9.26214E-1 8.24003E-1 9.00165E-1 9.22461E-1 8.65876E-1 8.45881E-1 8.33321E-1 7.52322E-1 7.56159E-1 6.42258E-1 4.30095E-1 7.83202E-1 7.85708E-1 7.7395E-1 8.83147E-1 8.77035E-1 7.79546E-1 7.1337E-1 5.70171E-1 5.03339E-1 7.19448E-1 8.056E-1 7.10297E-1 3.48785E-1 3.68844E-1 4.51016E-1 5.18503E-1 3.41902E-1 5.33013E-1 8.14029E-1
3.59875E-1 2.63872E-1 2.12123E-1 1.72279E-1 1.28902E-1 2.27535E-1 4.78418E-1 5.4548E-1 6.30867E-1 6.58605E-1 6.29909E-1 6.05664E-1 6.03929E-1 6.47215E-1 6.77687E-1 6.20897E-1 5.52983E-1 2.95272E-1 6.03901E-1 3.72469E-1 5.68237E-1 7.92354E-1 8.69164E-1 9.08117E-1 9.2505E-1 9.31755E-1 8.55102E-1 8.91454E-1 8.7395E-1 8.80768E-1 9.57278E-1 9.49636E-1 9.35596E-1 9.14724E-1 7.17786E-1 7.49541E-1 7.47355E-1 7.439E-1 6.80839E-1 6.26612E-1 4.90841E-1 7.72647E-1 7.98629E-1 8.44439E-1 7.92567E-1 7.56535E-1 8.12635E-1 8.37294E-1 8.17395E-1 4.63579E-1 5.16075E-1 4.75559E-1 4.47332E-1 4.19933E-1 4.3934E-1 4.0546E-1 2.55151E-1 2.31769E-1 5.11285E-1 8.19706E-1
2.34713E-1 1.73023E-1 1.36215E-1 8.28656E-2 6.77502E-2 1.60029E-1 5.02068E-1 5.96668E-1 6.49903E-1 6.78591E-1 7.09184E-1 7.25157E-1 7.37046E-1 7.65612E-1 7.52901E-1 6.52641E-1 6.16843E-1 3.83598E-1 5.95462E-1 6.91994E-1 7.65497E-1 8.23501E-1 8.22204E-1 8.35052E-1 8.50864E-1 8.4407E-1 8.00411E-1 9.01893E-1 9.45488E-1 9.4612E-1 9.37441E-1 9.17917E-1 8.7157E-1 8.36988E-1 6.98509E-1 6.49949E-1 6.25799E-1 6.19568E-1 5.91066E-1 5.84234E-1 5.21727E-1 7.44329E-1 8.24748E-1 8.68121E-1 8.7367E-1 8.4926E-1 8.7001E-1 8.66454E-1 8.26796E-1 6.37495E-1 6.43664E-1 7.54493E-1 6.55182E-1 5.11091E-1 4.90152E-1 5.23244E-1 3.10646E-1 3.12013E-1 4.90214E-1 6.24471E-1
1.89609E-1 1.71379E-1 1.49833E-1 1.15972E-1 5.23717E-2 8.43299E-2 4.92764E-1 5.84461E-1 6.24639E-1 6.61722E-1 7.0172E-1 7.30304E-1 7.5882E-1 7.82901E-1 7.84021E-1 7.71529E-1 6.96236E-1 5.42974E-1 6.34835E-1 6.82725E-1 7.52979E-1 7.70541E-1 7.58653E-1 4.79318E-1 2.9879E-1 4.83668E-1 7.00946E-1 7.72281E-1 8.36563E-1 7.02063E-1 8.58934E-1 8.7282E-1 7.43726E-1 6.70024E-1 6.68148E-1 5.94128E-1 5.17968E-1 5.29184E-1 5.11011E-1 5.8726E-1 4.38793E-1 6.83245E-1 7.59259E-1 7.81831E-1 7.86698E-1 7.75584E-1 7.67563E-1 7.82061E-1 8.04E-1 5.82724E-1 4.01912E-1 7.47126E-1 8.84518E-1 8.10756E-1 4.76192E-1 5.61928E-1 4.33704E-1 4.96632E-1 5.20182E-1 4.69857E-1
2.0841E-1 1.38659E-1 8.54924E-2 5.19115E-2 4.50684E-2 7.82149E-2 4.8407E-1 5.47209E-1 5.93873E-1 6.39635E-1 6.94941E-1 7.33157E-1 7.75942E-1 7.98403E-1 7.96664E-1 8.01044E-1 7.82076E-1 6.95247E-1 6.63484E-1 7.42744E-1 7.76437E-1 7.21395E-1 6.93485E-1 3.03552E-1 4.3608E-1 3.9168E-1 5.23298E-1 6.91011E-1 6.96106E-1 6.77824E-1 7.16335E-1 7.11629E-1 6.79427E-1 6.49768E-1 5.4244E-1 5.17097E-1 4.01576E-1 3.7321E-1 3.71875E-1 3.65527E-1 4.29764E-1 4.50267E-1 6.53174E-1 5.29793E-1 4.07498E-1 4.25542E-1 4.93622E-1 5.65405E-1 6.94331E-1 7.16544E-1 2.03492E-1 5.79985E-1 8.47467E-1 8.73891E-1 9.19098E-1 8.57489E-1 4.90698E-1 4.43058E-1 6.23423E-1 6.18012E-1
5.24878E-2 9.31494E-2 8.26676E-2 1.0032E-1 1.04131E-1 6.85729E-2 1.21306E-1 3.22662E-1 3.77982E-1 4.26579E-1 4.75861E-1 5.28088E-1 7.07911E-1 7.11931E-1 6.57311E-1 8.03024E-1 8.2035E-1 7.70536E-1 6.659E-1 7.92055E-1 8.0989E-1 7.43368E-1 6.02347E-1 4.33895E-1 3.83814E-1 5.03654E-1 6.51363E-1 6.69932E-1 6.59588E-1 6.03005E-1 4.84022E-1 5.51575E-1 6.31508E-1 6.62049E-1 5.88439E-1 5.02552E-1 4.34239E-1 4.49785E-1 4.69244E-1 5.3325E-1 6.00489E-1 5.94133E-1 4.50518E-1 3.6998E-1 2.96277E-1 3.24968E-1 3.48387E-1 1.79407E-1 3.7522E-1 4.07142E-1 4.2869E-1 3.19568E-1 7.77547E-1 8.82861E-1 8.5279E-1 7.80442E-1 5.14986E-1 4.29294E-1 5.24689E-1 7.96226E-1
1.40018E-1 8.46364E-2 7.76861E-2 1.12445E-1 1.21278E-1 1.31935E-1 2.3709E-1 5.73109E-1 6.4226E-1 7.13231E-1 7.76614E-1 8.30192E-1 8.51038E-1 8.5722E-1 8.78553E-1 7.39309E-1 8.24144E-1 8.51888E-1 6.25791E-1 8.04859E-1 8.09177E-1 7.68045E-1 5.52079E-1 5.42594E-1 4.69028E-1 6.27421E-1 7.19936E-1 7.41344E-1 6.46568E-1 6.71609E-1 6.78387E-1 6.57606E-1 6.64431E-1 6.63989E-1 6.37012E-1 5.36234E-1 3.91255E-1 3.72738E-1 4.54247E-1 5.36901E-1 5.67815E-1 5.92497E-1 5.59801E-1 3.70481E-1 2.10296E-1 2.1756E-1 2.43296E-1 2.50297E-1 2.87507E-1 5.04011E-1 4.67807E-1 1.82111E-1 7.28617E-1 8.41605E-1 7.72878E-1 6.94302E-1 4.12002E-1 3.01351E-1 2.3453E-1 5.72196E-1
2.10222E-1 9.37415E-2 1.06713E-1 1.11425E-1 1.33547E-1 1.63474E-1 4.21413E-1 6.43488E-1 7.15612E-1 7.89642E-1 8.52022E-1 8.97741E-1 9.0653E-1 8.66265E-1 9.01124E-1 9.08473E-1 7.38376E-1 8.48267E-1 8.77677E-1 6.43757E-1 8.03088E-1 7.95197E-1 6.00882E-1 6.06385E-1 6.38354E-1 6.74475E-1 8.05844E-1 8.36855E-1 8.25177E-1 8.12309E-1 7.52549E-1 6.8057E-1 6.27943E-1 5.73601E-1 5.76752E-1 5.83728E-1 5.43441E-1 5.07822E-1 5.39647E-1 6.0286E-1 6.11794E-1 5.99554E-1 4.29501E-1 3.19292E-1 1.84466E-1 2.55429E-1 3.01716E-1 3.79798E-1 6.21499E-1 8.09238E-1 8.18741E-1 3.45667E-1 7.04246E-1 6.8896E-1 6.71922E-1 6.14343E-1 5.20071E-1 2.03053E-1 1.81371E-1 3.25511E-1
1.27222E-1 1.03513E-1 1.11888E-1 1.13348E-1 1.55722E-1 2.52242E-1 5.23401E-1 7.13727E-1 7.84776E-1 8.52914E-1 9.04365E-1 9.40352E-1 9.47579E-1 8.54007E-1 8.5884E-1 8.57413E-1 8.5223E-1 7.12231E-1 9.14396E-1 8.67684E-1 6.39572E-1 7.90843E-1 7.0513E-1 5.04981E-1 6.29031E-1 6.49288E-1 6.90742E-1 7.20961E-1 7.24832E-1 7.06641E-1 6.80464E-1 6.23392E-1 3.96517E-1 4.31001E-1 5.42302E-1 5.63621E-1 5.7575E-1 5.94117E-1 5.70028E-1 6.2861E-1 5.94326E-1 5.61559E-1 4.10278E-1 3.35153E-1 2.03119E-1 2.59223E-1 4.27945E-1 6.3403E-1 7.92858E-1 8.26075E-1 8.23444E-1 5.39589E-1 2.48742E-1 5.05086E-1 3.56256E-1 3.2741E-1 3.05394E-1 1.9521E-1 1.37965E-1 1.27086E-1
2.0329E-1 1.74669E-1 1.36823E-1 1.60739E-1 2.74033E-1 3.7629E-1 7.29931E-1 7.79759E-1 8.46925E-1 9.05729E-1 9.4567E-1 9.6909E-1 9.59881E-1 9.14419E-1 9.53349E-1 8.99285E-1 8.23555E-1 6.99618E-1 8.41215E-1 8.81119E-1 6.06108E-1 7.70933E-1 7.12464E-1 4.21655E-1 5.99748E-1 5.61849E-1 5.51003E-1 5.83088E-1 6.07499E-1 5.84598E-1 5.76022E-1 4.79623E-1 3.78354E-1 4.51205E-1 5.35227E-1 5.32745E-1 5.72187E-1 6.27687E-1 6.33894E-1 5.79776E-1 5.21369E-1 4.69295E-1 4.19429E-1 3.10723E-1 1.94813E-1 2.59652E-1 5.34656E-1 7.96387E-1 8.13645E-1 8.22361E-1 8.27126E-1 4.17291E-1 6.78888E-1 6.23216E-1 4.77694E-1 4.48537E-1 2.14967E-1 1.41314E-1 1.14678E-1 1.26585E-1
2.93218E-1 4.09651E-1 3.66913E-1 3.58383E-1 3.89091E-1 3.95681E-1 8.00241E-1 8.47064E-1 8.96785E-1 9.40964E-1 9.70135E-1 9.84551E-1 9.72759E-1 9.46246E-1 9.77436E-1 9.53638E-1 9.32E-1 8.31296E-1 7.47649E-1 8.52753E-1 7.6559E-1 6.8237E-1 6.94122E-1 4.04093E-1 4.99322E-1 4.38906E-1 4.90832E-1 4.92167E-1 5.16732E-1 4.67172E-1 3.30215E-1 3.82905E-1 4.85393E-1 3.64857E-1 4.01918E-1 5.20361E-1 5.26438E-1 5.81637E-1 6.03723E-1 5.39942E-1 4.73299E-1 4.06785E-1 2.64731E-1 2.30225E-1 2.58461E-1 3.21141E-1 6.6795E-1 7.792E-1 7.97088E-1 8.0958E-1 7.64626E-1 7.00351E-1 7.59882E-1 8.83136E-1 8.25E-1 5.3442E-1 2.06624E-1 1.56756E-1 1.35517E-1 1.54619E-1
5.36175E-1 6.20086E-1 6.19673E-1 5.33993E-1 5.12343E-1 5.46477E-1 7.46473E-1 9.07624E-1 9.40105E-1 9.65462E-1 9.81869E-1 9.91168E-1 9.82409E-1 9.51119E-1 9.80201E-1 9.4002E-1 9.12262E-1 8.92628E-1 8.3714E-1 6.30451E-1 6.21713E-1 5.58737E-1 6.86836E-1 5.26011E-1 5.17671E-1 5.20597E-1 3.36942E-1 3.46443E-1 5.37251E-1 3.56165E-1 4.92023E-1 4.81926E-1 4.67946E-1 4.31771E-1 4.07792E-1 5.13146E-1 5.18833E-1 5.55612E-1 5.58951E-1 5.09159E-1 4.49263E-1 4.05859E-1 3.83987E-1 1.95661E-1 3.73907E-1 3.18915E-1 5.85018E-1 7.80045E-1 7.87841E-1 7.96903E-1 7.26749E-1 7.71997E-1 8.20244E-1 9.04496E-1 8.49388E-1 4.5036E-1 1.71016E-1 1.60335E-1 1.53777E-1 2.3293E-1
5.88867E-1 5.24542E-1 5.59535E-1 4.6898E-1 5.73264E-1 6.62463E-1 8.09503E-1 9.4679E-1 9.63467E-1 9.74722E-1 9.8539E-1 9.87484E-1 9.5316E-1 9.6418E-1 9.8405E-1 9.52291E-1 9.02447E-1 8.8152E-1 8.53231E-1 8.08358E-1 7.49247E-1 4.8015E-1 6.61155E-1 7.01811E-1 6.97366E-1 6.7885E-1 6.27176E-1 3.62871E-1 5.51616E-1 4.18987E-1 5.56334E-1 5.58409E-1 5.23481E-1 4.59693E-1 3.90393E-1 5.4404E-1 5.75925E-1 5.46474E-1 5.80403E-1 5.60319E-1 5.19554E-1 4.76032E-1 3.97928E-1 1.87304E-1 3.97318E-1 2.98813E-1 4.38392E-1 7.87954E-1 7.86599E-1 7.07753E-1 8.2659E-1 8.29946E-1 8.00719E-1 8.78462E-1 7.89497E-1 3.58369E-1 1.59749E-1 1.32269E-1 1.43177E-1 2.00145E-1
5.02718E-1 5.06865E-1 5.27732E-1 4.857E-1 6.26904E-1 8.49906E-1 9.41776E-1 9.61061E-1 9.6836E-1 9.75812E-1 9.80776E-1 9.47526E-1 9.50513E-1 9.79343E-1 9.77719E-1 9.46383E-1 9.1004E-1 9.05463E-1 8.79106E-1 8.29423E-1 7.31916E-1 4.85114E-1 7.27717E-1 7.89878E-1 8.18542E-1 7.87303E-1 6.99497E-1 4.87034E-1 4.5831E-1 5.89106E-1 6.21807E-1 5.10382E-1 4.7598E-1 6.1398E-1 6.2698E-1 6.48681E-1 6.21483E-1 5.92105E-1 6.22864E-1 6.21545E-1 5.91269E-1 5.568E-1 4.39727E-1 1.97299E-1 3.93308E-1 3.00112E-1 3.42593E-1 6.70095E-1 8.06819E-1 5.91932E-1 5.6608E-1 8.57607E-1 7.12566E-1 6.9907E-1 5.37612E-1 2.56931E-1 1.43545E-1 1.30023E-1 1.29264E-1 1.62177E-1
6.26805E-1 5.1048E-1 6.69301E-1 9.48883E-1 9.68347E-1 9.71982E-1 9.7157E-1 9.70323E-1 9.72457E-1 9.72126E-1 9.18485E-1 9.04383E-1 9.62789E-1 9.6328E-1 9.51458E-1 9.27005E-1 9.15731E-1 9.09784E-1 9.07477E-1 8.74893E-1 7.81816E-1 6.18468E-1 6.9505E-1 8.15058E-1 8.58516E-1 8.47217E-1 7.64014E-1 6.12231E-1 4.33747E-1 6.43773E-1 6.72322E-1 6.60651E-1 6.06002E-1 7.00083E-1 6.94409E-1 6.91623E-1 5.85993E-1 5.84843E-1 6.52205E-1 6.55885E-1 6.49191E-1 6.23043E-1 5.05424E-1 3.39781E-1 4.50021E-1 2.91319E-1 2.60613E-1 4.20786E-1 5.23144E-1 6.95154E-1 3.98272E-1 8.11385E-1 5.30601E-1 8.14288E-1 5.56341E-1 1.13751E-1 1.27421E-1 1.28573E-1 1.22632E-1 1.17701E-1
7.02547E-1 4.82136E-1 9.12143E-1 9.6012E-1 9.7469E-1 9.79987E-1 9.79153E-1 9.74963E-1 9.45836E-1 8.86873E-1 8.5985E-1 9.35409E-1 9.4164E-1 9.27957E-1 9.45864E-1 9.43686E-1 9.23465E-1 9.10909E-1 9.13402E-1 9.11335E-1 8.33215E-1 8.20691E-1 6.439E-1 8.63319E-1 8.99131E-1 9.07233E-1 8.41967E-1 7.49964E-1 5.72359E-1 6.00602E-1 6.71223E-1 6.78111E-1 6.9176E-1 7.23525E-1 7.34474E-1 7.30111E-1 6.85881E-1 6.58208E-1 6.73102E-1 6.83841E-1 6.84793E-1 6.78169E-1 6.61914E-1 4.88999E-1 6.21485E-1 7.33575E-1 6.37811E-1 4.36158E-1 6.13084E-1 8.51372E-1 8.06565E-1 8.10396E-1 7.66001E-1 8.52241E-1 8.51297E-1 3.89366E-1 1.47525E-1 1.17463E-1 1.04914E-1 1.14913E-1
6.93263E-1 5.30213E-1 9.25393E-1 9.56342E-1 9.74643E-1 9.47589E-1 9.09414E-1 8.76124E-1 8.34976E-1 8.62694E-1 9.03402E-1 9.2015E-1 9.22947E-1 9.27077E-1 7.58135E-1 7.18313E-1 8.14518E-1 6.87184E-1 9.05941E-1 8.93692E-1 8.94432E-1 8.80162E-1 6.97289E-1 8.92793E-1 9.23545E-1 9.27017E-1 8.95414E-1 8.23963E-1 7.32543E-1 5.49785E-1 7.1924E-1 7.12553E-1 7.31065E-1 7.66669E-1 7.9248E-1 7.82153E-1 7.36694E-1 7.03519E-1 6.95646E-1 7.01831E-1 7.01376E-1 6.93837E-1 6.79374E-1 5.44205E-1 7.12857E-1 7.94554E-1 8.52539E-1 8.50933E-1 8.25506E-1 8.82162E-1 8.75553E-1 6.13677E-1 7.38835E-1 5.41859E-1 9.06007E-1 8.43624E-1 2.12083E-1 1.2653E-1 1.08133E-1 1.49701E-1
