Phytophthora/models/20240517_1023_21/Phytophthora_PA3_allRun_MAXENT_outputs/projMaxent.asc
ncols         225
nrows         269
xllcorner     473009.9838
yllcorner     4429051.1748
cellsize      50.0
NODATA_value  -9999
[rows 104 to 129 of 269, columns 120 to 179 of 225]
4.46547E-2 5.59337E-2 -9999 -9999 -9999 -9999 -9999 -9999 -9999 -9999 -9999 -9999 -9999 -9999 -9999 -9999 -9999 -9999 -9999 -9999 -9999 -9999 -9999 -9999 -9999 -9999 -9999 -9999 -9999 -9999 -9999 -9999 -9999 -9999 -9999 1.53234E-1 8.78252E-2 4.90644E-2 5.69678E-2 5.81483E-2 3.68243E-2 4.04691E-2 8.9106E-2 1.42695E-1 1.84368E-1 2.01412E-1 8.81372E-2 5.11099E-2 1.05943E-1 1.58108E-1 1.84099E-1 1.09195E-1 6.75874E-2 5.05478E-2 4.75878E-2 3.85431E-2 4.7568E-2 1.4223E-1 8.03348E-2 3.86419E-2
4.00654E-2 5.92144E-2 6.44735E-2 -9999 -9999 -9999 -9999 -9999 -9999 -9999 -9999 -9999 -9999 -9999 -9999 -9999 -9999 -9999 -9999 -9999 -9999 -9999 -9999 -9999 -9999 -9999 -9999 -9999 -9999 -9999 -9999 -9999 -9999 -9999 1.0888E-1 8.89971E-2 5.98314E-2 6.53406E-2 1.17339E-1 1.04307E-1 1.29113E-1 1.1103E-1 9.98248E-2 8.1177E-2 9.26434E-2 9.37019E-2 7.72213E-2 7.22586E-2 8.98511E-2 1.06725E-1 1.82261E-1 1.04739E-1 7.56057E-2 6.75825E-2 6.05432E-2 4.01071E-2 4.56312E-2 8.1789E-2 5.1068E-2 3.65713E-2
3.81387E-2 5.25558E-2 5.79958E-2 5.89405E-2 -9999 -9999 -9999 -9999 -9999 -9999 -9999 -9999 -9999 -9999 -9999 -9999 -9999 -9999 -9999 -9999 -9999 -9999 -9999 -9999 -9999 -9999 -9999 -9999 -9999 -9999 -9999 -9999 -9999 -9999 7.44791E-2 5.37915E-2 6.30001E-2 7.8588E-2 1.51084E-1 1.27841E-1 1.29981E-1 8.40482E-2 5.48297E-2 4.4613E-2 8.21257E-2 5.12841E-2 4.98333E-2 6.78239E-2 7.22212E-2 7.00978E-2 9.15353E-2 6.6463E-2 9.09976E-2 9.98937E-2 6.87752E-2 7.60156E-2 4.78219E-2 4.17399E-2 3.94017E-2 4.05118E-2
8.42383E-2 5.78613E-2 7.06762E-2 7.90467E-2 9.19702E-2 -9999 -9999 -9999 -9999 -9999 -9999 -9999 -9999 -9999 -9999 -9999 -9999 -9999 -9999 -9999 -9999 -9999 -9999 -9999 -9999 -9999 -9999 -9999 -9999 -9999 -9999 -9999 5.89323E-2 6.67024E-2 6.45513E-2 7.84017E-2 8.52419E-2 1.0353E-1 1.30252E-1 8.14448E-2 4.92408E-2 3.50744E-2 5.51215E-2 4.83943E-2 4.07269E-2 4.02919E-2 3.5834E-2 3.79782E-2 6.20672E-2 7.55849E-2 7.53136E-2 5.33393E-2 6.78238E-2 8.30732E-2 5.00653E-2 4.93235E-2 4.4146E-2 4.45561E-2 4.21449E-2 3.9649E-2
2.00096E-1 1.64379E-1 1.47276E-1 9.8341E-2 2.27479E-1 1.84107E-1 -9999 -9999 -9999 -9999 -9999 -9999 -9999 -9999 -9999 -9999 -9999 -9999 -9999 -9999 -9999 -9999 -9999 -9999 -9999 -9999 -9999 -9999 -9999 -9999 -9999 4.86031E-2 5.68886E-2 6.22316E-2 5.80519E-2 9.44008E-2 1.53161E-1 1.54212E-1 1.25595E-1 6.61151E-2 5.76272E-2 4.06256E-2 4.76161E-2 3.9056E-2 3.79939E-2 2.47237E-2 2.31303E-2 3.01596E-2 3.74403E-2 4.67741E-2 5.76975E-2 5.64613E-2 6.30614E-2 9.16159E-2 8.22052E-2 6.03732E-2 4.73325E-2 3.96396E-2 4.1254E-2 6.41868E-2
7.49168E-2 2.32252E-1 1.83996E-1 1.78609E-1 2.22755E-1 1.59658E-1 1.10392E-1 -9999 -9999 -9999 -9999 -9999 -9999 -9999 -9999 -9999 -9999 -9999 -9999 -9999 -9999 -9999 -9999 -9999 -9999 -9999 -9999 -9999 -9999 -9999 -9999 7.89672E-2 1.49592E-1 2.30292E-1 1.49619E-1 1.45543E-1 1.63894E-1 2.83611E-1 2.06249E-1 9.13251E-2 8.37243E-2 5.94893E-2 4.68176E-2 3.03402E-2 3.73103E-2 2.38833E-2 2.00079E-2 2.02043E-2 2.64434E-2 3.13512E-2 4.24741E-2 5.286E-2 5.18148E-2 8.4063E-2 1.04314E-1 5.45872E-2 4.04018E-2 3.73514E-2 3.74355E-2 4.93426E-2
7.35326E-2 2.5355E-1 2.00516E-1 1.75216E-1 1.25882E-1 9.01919E-2 1.37799E-1 1.19528E-1 -9999 -9999 -9999 -9999 -9999 -9999 -9999 -9999 -9999 -9999 -9999 -9999 -9999 -9999 -9999 -9999 -9999 -9999 -9999 -9999 -9999 -9999 -9999 1.37354E-1 1.12381E-1 1.34749E-1 1.12071E-1 1.73793E-1 2.60565E-1 2.49126E-1 1.63113E-1 8.58092E-2 6.9402E-2 7.05897E-2 4.6641E-2 2.97946E-2 2.99061E-2 2.46801E-2 2.3042E-2 1.84567E-2 1.96757E-2 2.3799E-2 3.60744E-2 4.72025E-2 4.74948E-2 5.87395E-2 8.05897E-2 6.01409E-2 4.98805E-2 3.80375E-2 3.60561E-2 4.10735E-2
5.89228E-2 2.73739E-1 2.42466E-1 1.57646E-1 1.56352E-1 1.34154E-1 1.35615E-1 1.26665E-1 1.90664E-1 -9999 -9999 -9999 -9999 -9999 -9999 -9999 -9999 -9999 -9999 -9999 -9999 -9999 -9999 -9999 -9999 -9999 -9999 -9999 -9999 -9999 1.42579E-1 1.04928E-1 1.15128E-1 1.08957E-1 6.00722E-2 1.19692E-1 2.29423E-1 2.17749E-1 9.45857E-2 8.24826E-2 8.36728E-2 5.81246E-2 4.69529E-2 2.45814E-2 1.33691E-2 2.34826E-2 2.24604E-2 2.10523E-2 1.75469E-2 1.79669E-2 3.60725E-2 4.84989E-2 4.01487E-2 5.02673E-2 4.2467E-2 3.70929E-2 4.13991E-2 3.5447E-2 3.32932E-2 2.97715E-2
7.28127E-2 1.02787E-1 1.94923E-1 1.82754E-1 2.02164E-1 1.22295E-1 1.00134E-1 1.31879E-1 1.77445E-1 -9999 -9999 -9999 -9999 -9999 -9999 -9999 -9999 -9999 -9999 -9999 -9999 -9999 -9999 -9999 -9999 -9999 -9999 -9999 -9999 1.62928E-1 1.95529E-1 1.2513E-1 1.68183E-1 2.32564E-1 1.09049E-1 2.13302E-1 2.11744E-1 1.99991E-1 9.05176E-2 8.13444E-2 6.92474E-2 5.41765E-2 3.24701E-2 2.38902E-2 2.71035E-2 3.74377E-2 1.7183E-2 2.2591E-2 1.65541E-2 1.67657E-2 2.91438E-2 3.2031E-2 2.85852E-2 2.92834E-2 2.6681E-2 2.74113E-2 2.79132E-2 2.74613E-2 3.1474E-2 3.25403E-2
1.01881E-1 1.05265E-1 1.58464E-1 1.89387E-1 2.26081E-1 1.98846E-1 1.00298E-1 1.69647E-1 2.47599E-1 -9999 -9999 -9999 -9999 -9999 -9999 -9999 -9999 -9999 -9999 -9999 -9999 -9999 -9999 -9999 -9999 -9999 -9999 -9999 -9999 1.75839E-1 1.73293E-1 9.83038E-2 9.54722E-2 1.77053E-1 1.75223E-1 2.73461E-1 2.63176E-1 2.48127E-1 1.34476E-1 1.09912E-1 1.00701E-1 6.64812E-2 4.14031E-2 3.66459E-2 4.90452E-2 3.83109E-2 2.24193E-2 2.5499E-2 2.20549E-2 2.39744E-2 1.99395E-2 2.12669E-2 2.37394E-2 2.27512E-2 2.61601E-2 2.61772E-2 2.47184E-2 2.56948E-2 3.5393E-2 3.51629E-2
1.53266E-1 3.19638E-1 3.05843E-1 2.28662E-1 2.72228E-1 2.89867E-1 1.55709E-1 2.64046E-1 -9999 -9999 -9999 -9999 -9999 -9999 -9999 -9999 -9999 -9999 -9999 -9999 -9999 -9999 -9999 -9999 -9999 -9999 -9999 -9999 -9999 2.42635E-1 2.08795E-1 9.45518E-2 9.28863E-2 1.20414E-1 2.39136E-1 3.35805E-1 3.24366E-1 3.10011E-1 3.14602E-1 1.98046E-1 1.7159E-1 8.82775E-2 5.62399E-2 4.8581E-2 7.81539E-2 3.06472E-2 2.36535E-2 2.02594E-2 3.27412E-2 4.37628E-2 2.43243E-2 1.79029E-2 2.11984E-2 2.28554E-2 2.20183E-2 2.28501E-2 2.31681E-2 2.71759E-2 3.86495E-2 4.8137E-2
1.51342E-1 1.80265E-1 3.88631E-1 3.10481E-1 2.89584E-1 3.68833E-1 2.63795E-1 2.59869E-1 2.26682E-1 -9999 -9999 -9999 -9999 -9999 -9999 -9999 -9999 -9999 -9999 -9999 -9999 -9999 -9999 -9999 -9999 -9999 -9999 -9999 -9999 -9999 2.873E-1 1.56283E-1 1.42789E-1 1.12151E-1 1.70861E-1 3.57138E-1 3.88381E-1 3.82237E-1 3.87923E-1 3.82893E-1 2.65722E-1 2.33507E-1 1.25913E-1 9.59244E-2 1.02718E-1 4.73848E-2 3.17712E-2 2.7519E-2 3.44741E-2 4.82487E-2 3.23308E-2 1.77703E-2 2.02762E-2 2.22489E-2 2.0626E-2 2.2868E-2 2.6466E-2 3.64047E-2 4.4309E-2 4.70167E-2
1.25219E-1 2.39662E-1 3.52302E-1 2.67946E-1 3.91569E-1 2.95857E-1 9.49111E-2 2.2056E-1 3.08212E-1 -9999 -9999 -9999 -9999 -9999 -9999 -9999 -9999 -9999 -9999 -9999 -9999 -9999 -9999 -9999 -9999 -9999 -9999 -9999 -9999 -9999 -9999 1.55546E-1 1.5741E-1 1.49121E-1 2.66956E-1 2.72762E-1 3.43319E-1 4.05674E-1 4.5532E-1 4.4424E-1 3.90214E-1 1.9131E-1 1.70041E-1 7.91275E-2 5.74458E-2 7.18987E-2 5.95383E-2 3.36471E-2 3.01258E-2 3.34962E-2 3.78118E-2 3.3959E-2 2.43101E-2 2.03055E-2 1.98949E-2 2.28698E-2 3.10227E-2 4.318E-2 5.4213E-2 6.70528E-2
1.66874E-1 8.87934E-2 2.79456E-1 3.86068E-1 3.35977E-1 1.76862E-1 3.09501E-1 3.84556E-1 -9999 -9999 -9999 -9999 -9999 -9999 -9999 -9999 -9999 -9999 -9999 -9999 -9999 -9999 -9999 -9999 -9999 1.42825E-1 3.0269E-1 -9999 -9999 -9999 -9999 1.07959E-1 1.45027E-1 1.40835E-1 3.3733E-1 3.56193E-1 3.32785E-1 3.09902E-1 3.81468E-1 4.83067E-1 4.34449E-1 2.82264E-1 2.74214E-1 9.74336E-2 5.2815E-2 2.93614E-2 2.9406E-2 3.66462E-2 4.1878E-2 3.74218E-2 8.46085E-2 1.26364E-1 5.86622E-2 3.4355E-2 2.33935E-2 2.44534E-2 3.44105E-2 5.24802E-2 5.45205E-2 7.0689E-2
2.59871E-1 8.90348E-2 1.28516E-1 4.39381E-1 2.64869E-1 1.81991E-1 4.02183E-1 4.22375E-1 -9999 -9999 -9999 -9999 -9999 -9999 -9999 -9999 -9999 -9999 -9999 -9999 -9999 -9999 -9999 -9999 -9999 1.24927E-1 3.26336E-1 4.42574E-1 -9999 -9999 -9999 5.49192E-2 1.26246E-1 8.94456E-2 1.02718E-1 1.69899E-1 4.40446E-1 4.2378E-1 4.53442E-1 4.74927E-1 3.11674E-1 2.71863E-1 1.87927E-1 8.79723E-2 4.47593E-2 2.13752E-2 3.06719E-2 3.04869E-2 3.34685E-2 3.3151E-2 3.33877E-2 4.24292E-2 3.1076E-2 2.95452E-2 3.45154E-2 3.86853E-2 4.66304E-2 7.2627E-2 7.50663E-2 9.63007E-2
3.29405E-1 2.18178E-1 8.98621E-2 9.9173E-2 2.39343E-1 3.64048E-1 3.39958E-1 -9999 -9999 -9999 -9999 -9999 -9999 -9999 -9999 -9999 -9999 -9999 -9999 -9999 -9999 -9999 -9999 -9999 4.04E-2 1.53007E-1 2.95652E-1 4.76802E-1 2.28798E-1 3.79536E-1 3.28122E-1 3.69533E-1 3.39303E-1 1.34552E-1 9.17028E-2 1.45728E-1 3.34377E-1 3.50679E-1 3.02037E-1 2.35009E-1 1.86096E-1 1.88047E-1 1.48267E-1 1.28502E-1 9.08189E-2 3.62147E-2 2.43625E-2 2.79051E-2 2.95039E-2 3.42296E-2 3.04279E-2 3.1433E-2 2.48164E-2 2.39411E-2 3.11881E-2 3.8409E-2 4.27737E-2 6.32332E-2 8.93308E-2 1.55222E-1
2.50396E-1 3.56379E-1 1.94917E-1 1.15564E-1 3.15213E-1 5.03334E-1 4.51093E-1 -9999 -9999 -9999 -9999 -9999 -9999 -9999 -9999 -9999 -9999 -9999 -9999 -9999 -9999 -9999 -9999 7.88286E-2 8.71602E-2 1.45279E-1 1.02014E-1 1.4297E-1 1.21105E-1 2.08256E-1 3.07895E-1 2.8248E-1 3.5664E-1 1.58134E-1 6.28495E-2 8.32698E-2 2.55904E-1 3.80646E-1 3.26325E-1 2.30403E-1 2.36342E-1 2.06501E-1 2.09166E-1 3.03993E-1 2.45991E-1 7.88043E-2 2.95282E-2 2.37344E-2 3.73009E-2 5.07514E-2 3.18189E-2 3.08292E-2 2.79507E-2 2.17097E-2 2.87349E-2 3.50895E-2 4.01314E-2 5.81098E-2 7.22275E-2 9.50925E-2
2.58336E-1 3.6542E-1 3.3649E-1 1.13643E-1 3.52379E-1 4.6958E-1 4.08795E-1 -9999 -9999 -9999 -9999 -9999 -9999 -9999 -9999 -9999 -9999 -9999 -9999 -9999 -9999 -9999 -9999 1.3986E-1 2.83696E-1 3.18412E-1 1.30406E-1 1.18976E-1 1.17543E-1 1.74259E-1 2.16002E-1 2.81961E-1 3.72445E-1 1.68825E-1 7.72686E-2 8.65362E-2 1.59965E-1 3.17789E-1 3.15005E-1 2.01824E-1 2.29482E-1 2.95462E-1 3.95463E-1 3.65328E-1 3.16292E-1 1.31515E-1 5.22532E-2 4.22371E-2 4.48535E-2 4.65628E-2 3.15629E-2 2.93338E-2 3.25076E-2 2.59998E-2 2.83962E-2 3.00508E-2 3.48183E-2 4.68735E-2 4.82418E-2 5.61006E-2
1.89962E-1 3.18395E-1 3.82259E-1 1.64804E-1 3.6778E-1 4.77177E-1 4.42733E-1 -9999 -9999 -9999 -9999 -9999 -9999 -9999 -9999 -9999 -9999 -9999 -9999 -9999 -9999 -9999 -9999 2.46071E-1 -9999 3.20324E-1 1.60797E-1 1.12548E-1 1.56897E-1 2.58151E-1 9.67569E-2 1.18997E-1 2.8263E-1 2.24599E-1 2.96305E-1 2.88052E-1 2.889E-1 3.36172E-1 2.82507E-1 1.44743E-1 2.19958E-1 1.96877E-1 2.28334E-1 3.44153E-1 3.76517E-1 1.55526E-1 8.58789E-2 4.73822E-2 3.5581E-2 2.20055E-2 2.91299E-2 2.83592E-2 3.19807E-2 2.80425E-2 2.55238E-2 2.54193E-2 3.69155E-2 3.76642E-2 4.01896E-2 4.81685E-2
1.84521E-1 2.92728E-1 3.45859E-1 1.50983E-1 2.73918E-1 2.35438E-1 3.97464E-1 4.34699E-1 3.12219E-1 4.06587E-1 3.77298E-1 -9999 -9999 -9999 -9999 -9999 -9999 -9999 -9999 -9999 -9999 -9999 -9999 -9999 -9999 -9999 1.06184E-1 1.14179E-1 1.29329E-1 2.01821E-1 9.12684E-2 6.91327E-2 1.35807E-1 3.4957E-1 3.54909E-1 3.43445E-1 3.30245E-1 3.17674E-1 1.51718E-1 1.33326E-1 2.4997E-1 2.08307E-1 1.3959E-1 1.63395E-1 2.10144E-1 1.39839E-1 9.8362E-2 6.42676E-2 4.0246E-2 3.10457E-2 1.43662E-2 2.33572E-2 2.5856E-2 3.62866E-2 2.62285E-2 1.61166E-2 2.04652E-2 2.6825E-2 2.98405E-2 3.71982E-2
1.93903E-1 2.29023E-1 1.74814E-1 9.67719E-2 2.41051E-1 1.75719E-1 1.68966E-1 3.06808E-1 3.79139E-1 3.93312E-1 3.30495E-1 -9999 -9999 -9999 -9999 -9999 -9999 -9999 -9999 -9999 -9999 -9999 -9999 -9999 -9999 -9999 3.68685E-1 3.35172E-1 2.00642E-1 1.66888E-1 1.3166E-1 1.17153E-1 1.67062E-1 4.07637E-1 4.22919E-1 4.13298E-1 3.78039E-1 2.86829E-1 1.03789E-1 1.37857E-1 2.07158E-1 1.22813E-1 1.30846E-1 2.0441E-1 2.62756E-1 1.82895E-1 1.2261E-1 7.62575E-2 5.90685E-2 3.3991E-2 1.5987E-2 1.63442E-2 2.34732E-2 2.60199E-2 2.57612E-2 1.94754E-2 1.66757E-2 1.52469E-2 1.98242E-2 3.4235E-2
1.0997E-1 6.93006E-2 1.0036E-1 1.55291E-1 1.35874E-1 1.02918E-1 1.42308E-1 2.93481E-1 3.89317E-1 2.68626E-1 2.89877E-1 -9999 -9999 -9999 -9999 -9999 -9999 -9999 -9999 -9999 -9999 -9999 -9999 -9999 -9999 -9999 3.08911E-1 3.97411E-1 2.86896E-1 1.87697E-1 1.15449E-1 1.21203E-1 1.41016E-1 4.0139E-1 4.92301E-1 4.06695E-1 3.69319E-1 1.48696E-1 1.19826E-1 1.56512E-1 1.53918E-1 1.2036E-1 1.40351E-1 3.12099E-1 2.59745E-1 1.44886E-1 1.09251E-1 7.77327E-2 6.05931E-2 3.94477E-2 2.61973E-2 1.3497E-2 1.91688E-2 2.18952E-2 2.61425E-2 2.17658E-2 1.1205E-2 2.13946E-2 2.32564E-2 3.99223E-2
5.74415E-2 6.41878E-2 2.3589E-1 1.41875E-1 9.14517E-2 6.85315E-2 1.21332E-1 2.41129E-1 2.79749E-1 2.72698E-1 3.17568E-1 3.66169E-1 -9999 -9999 -9999 -9999 -9999 -9999 -9999 -9999 -9999 -9999 -9999 -9999 -9999 -9999 2.81072E-1 4.21975E-1 3.13186E-1 1.22503E-1 7.40053E-2 9.51496E-2 1.02804E-1 3.84367E-1 4.33726E-1 3.28294E-1 3.45888E-1 1.41036E-1 1.27935E-1 2.30936E-1 2.42383E-1 1.21681E-1 1.67733E-1 2.22006E-1 1.88032E-1 9.92105E-2 7.4431E-2 5.03044E-2 4.67675E-2 3.56822E-2 2.45635E-2 2.07181E-2 2.29184E-2 3.34139E-2 2.97107E-2 1.87681E-2 1.61308E-2 3.35963E-2 3.07838E-2 5.221E-2
5.79418E-2 1.05409E-1 1.77981E-1 7.52026E-2 5.85443E-2 5.09656E-2 1.14886E-1 1.49216E-1 2.21373E-1 1.71116E-1 3.26653E-1 2.3973E-1 -9999 -9999 -9999 -9999 -9999 -9999 -9999 -9999 -9999 -9999 -9999 -9999 -9999 -9999 3.07736E-1 3.62726E-1 4.1702E-1 1.84996E-1 9.94744E-2 9.82305E-2 1.14547E-1 3.63677E-1 4.12395E-1 3.48131E-1 3.33815E-1 1.59434E-1 1.12528E-1 1.91128E-1 2.38459E-1 1.3835E-1 1.17529E-1 2.67777E-1 2.35781E-1 8.23966E-2 5.52864E-2 3.92673E-2 4.6994E-2 4.50487E-2 1.75636E-2 2.37231E-2 3.23084E-2 4.33292E-2 3.36421E-2 1.71769E-2 2.95116E-2 3.21075E-2 3.70717E-2 5.03019E-2
5.94992E-2 1.6124E-1 6.74808E-2 4.07537E-2 3.41451E-2 4.05794E-2 1.45571E-1 2.8301E-1 1.82426E-1 2.22746E-1 3.75297E-1 3.75922E-1 4.00215E-1 4.27705E-1 -9999 -9999 -9999 -9999 -9999 -9999 -9999 -9999 -9999 -9999 -9999 -9999 2.99304E-1 3.25714E-1 2.43886E-1 1.63566E-1 1.27964E-1 1.20091E-1 1.7053E-1 3.75093E-1 3.68735E-1 2.40595E-1 2.55503E-1 2.49831E-1 2.03347E-1 1.79891E-1 1.20016E-1 9.63801E-2 2.16369E-1 4.59803E-1 4.11282E-1 1.05122E-1 4.77933E-2 3.75081E-2 4.1592E-2 3.82402E-2 1.63549E-2 2.63643E-2 2.93621E-2 3.52635E-2 3.19944E-2 3.09764E-2 3.2873E-2 3.59626E-2 4.24012E-2 5.08885E-2
1.58136E-1 2.61123E-1 7.83186E-2 3.83278E-2 3.49216E-2 7.8391E-2 1.12791E-1 1.85651E-1 1.685E-1 1.58663E-1 3.94132E-1 4.58699E-1 4.44107E-1 4.30551E-1 4.45632E-1 4.79649E-1 -9999 -9999 -9999 -9999 -9999 -9999 -9999 -9999 -9999 -9999 1.81908E-1 3.33813E-1 2.98182E-1 1.82117E-1 2.54701E-1 1.70851E-1 2.22302E-1 2.74454E-1 2.80405E-1 2.92655E-1 1.58253E-1 2.52755E-1 2.86286E-1 3.41184E-1 1.63326E-1 1.59932E-1 4.8619E-1 4.45887E-1 4.09424E-1 1.37811E-1 5.31373E-2 3.59542E-2 2.94245E-2 2.35611E-2 2.17636E-2 2.82766E-2 3.21909E-2 3.80475E-2 3.81549E-2 4.02891E-2 3.51068E-2 4.16836E-2 4.75251E-2 5.23969E-2
