Phytophthora/models/20240517_1023_21/Phytophthora_PA3_allRun_MAXENT_outputs/projMaxent.asc
ncols         225
nrows         269
xllcorner     473009.9838
yllcorner     4429051.1748
cellsize      50.0
NODATA_value  -9999
[rows 156 to 181 of 269, columns 0 to 59 of 225]
-9999 -9999 -9999 -9999 -9999 -9999 -9999 4.93304E-1 3.02521E-1 1.83853E-1 5.35556E-1 8.14235E-1 9.89253E-1 9.99646E-1 9.99991E-1 9.99994E-1 9.99999E-1 9.99994E-1 9.99994E-1 9.99114E-1 9.41982E-1 8.4792E-1 8.57665E-1 8.89622E-1 9.50355E-1 8.44895E-1 8.00619E-1 9.73902E-1 8.89125E-1 8.09127E-1 7.50177E-1 4.81357E-1 4.26859E-1 5.35616E-1 5.87417E-1 8.85707E-1 9.81727E-1 9.85903E-1 9.91427E-1 9.9931E-1 9.87276E-1 9.86581E-1 7.67563E-1 5.51974E-1 5.72226E-1 8.31757E-1 7.76949E-1 6.60998E-1 5.74299E-1 4.81579E-1 5.02518E-1 4.44589E-1 4.68749E-1 6.17217E-1 6.38009E-1 4.82266E-1 5.3763E-1 3.43337E-1 3.67902E-1 2.63958E-1
-9999 -9999 -9999 -9999 -9999 -9999 -9999 3.67258E-1 1.62779E-1 2.04582E-1 6.84434E-1 8.52655E-1 9.44982E-1 9.99778E-1 9.98667E-1 9.73851E-1 9.99998E-1 9.99999E-1 9.99994E-1 9.9349E-1 7.5256E-1 7.40349E-1 8.85519E-1 9.86914E-1 9.91601E-1 8.73713E-1 8.8612E-1 9.46402E-1 8.94767E-1 8.54314E-1 6.65526E-1 3.58848E-1 5.0886E-1 6.24399E-1 7.34409E-1 9.3951E-1 9.98127E-1 9.95334E-1 9.65301E-1 9.99567E-1 9.94587E-1 9.24032E-1 6.16269E-1 5.3657E-1 6.40287E-1 7.53245E-1 7.67167E-1 6.39638E-1 5.20063E-1 6.75099E-1 7.87208E-1 6.64796E-1 5.52481E-1 7.8721E-1 7.67003E-1 4.4356E-1 4.10905E-1 5.30256E-1 2.55884E-1 2.03189E-1
-9999 -9999 -9999 -9999 -9999 -9999 -9999 -9999 1.73881E-1 2.84351E-1 6.72615E-1 8.63729E-1 9.5282E-1 9.82929E-1 9.26767E-1 9.44007E-1 9.99948E-1 9.99958E-1 9.99898E-1 9.91119E-1 9.10637E-1 8.20542E-1 8.9904E-1 9.94325E-1 9.9769E-1 9.44492E-1 9.74424E-1 9.65587E-1 9.29105E-1 7.08836E-1 4.28279E-1 3.4143E-1 6.26264E-1 7.89226E-1 8.81579E-1 9.76943E-1 9.98968E-1 9.97315E-1 9.2215E-1 9.17096E-1 8.03298E-1 8.64203E-1 7.15857E-1 6.48395E-1 7.1464E-1 5.24231E-1 5.34291E-1 4.82881E-1 5.61498E-1 8.3444E-1 8.49415E-1 8.57322E-1 7.25651E-1 8.47019E-1 7.28797E-1 5.65097E-1 7.50678E-1 3.49083E-1 1.62503E-1 2.42858E-1
-9999 -9999 -9999 -9999 -9999 -9999 -9999 -9999 2.83553E-1 3.16722E-1 5.14885E-1 8.9442E-1 9.6453E-1 9.96205E-1 9.54014E-1 9.99755E-1 9.99788E-1 9.99751E-1 9.99623E-1 9.98363E-1 9.64384E-1 8.80018E-1 9.64139E-1 9.96846E-1 9.98932E-1 9.95097E-1 9.99462E-1 9.32254E-1 7.34021E-1 5.01704E-1 4.20354E-1 2.41416E-1 4.27671E-1 6.66732E-1 8.87274E-1 8.92058E-1 9.00844E-1 8.26204E-1 7.66645E-1 6.72921E-1 7.631E-1 8.31811E-1 7.75329E-1 5.22033E-1 4.36941E-1 3.94065E-1 3.3337E-1 3.017E-1 5.67939E-1 8.48506E-1 8.50573E-1 8.10345E-1 7.62857E-1 8.2319E-1 4.84425E-1 5.95922E-1 3.92004E-1 2.11477E-1 2.36225E-1 2.71593E-1
-9999 -9999 -9999 -9999 -9999 -9999 -9999 -9999 2.15549E-1 3.22393E-1 4.19165E-1 7.40435E-1 9.60712E-1 9.99945E-1 9.9531E-1 9.99874E-1 9.99167E-1 9.99762E-1 9.99704E-1 9.93633E-1 9.29285E-1 8.96984E-1 9.71532E-1 9.9703E-1 9.9224E-1 9.88161E-1 9.82242E-1 7.67109E-1 5.66243E-1 4.79052E-1 3.57727E-1 3.06152E-1 4.61431E-1 5.34884E-1 6.36642E-1 6.78428E-1 7.89945E-1 8.025E-1 7.85641E-1 7.51467E-1 7.95804E-1 6.76826E-1 4.90459E-1 3.5229E-1 3.41342E-1 3.71097E-1 3.50132E-1 3.24612E-1 4.57268E-1 6.77994E-1 7.90156E-1 5.79962E-1 6.3828E-1 6.83847E-1 4.75575E-1 7.89847E-1 4.79816E-1 2.51371E-1 2.60669E-1 3.04724E-1
-9999 -9999 -9999 -9999 -9999 -9999 -9999 2.99893E-1 2.16474E-1 1.94004E-1 3.3253E-1 6.78076E-1 9.50002E-1 9.99666E-1 9.99787E-1 9.95232E-1 9.7122E-1 9.96953E-1 9.97619E-1 9.56445E-1 8.0449E-1 8.54369E-1 8.62077E-1 9.74703E-1 9.47283E-1 9.81606E-1 9.46465E-1 6.57096E-1 5.93539E-1 4.51858E-1 2.1781E-1 4.07112E-1 5.34941E-1 5.63326E-1 5.83545E-1 7.15939E-1 8.66649E-1 8.65379E-1 8.27651E-1 9.03226E-1 9.21828E-1 6.814E-1 4.15781E-1 2.99205E-1 3.44364E-1 4.0977E-1 4.07231E-1 3.77654E-1 3.79611E-1 5.30799E-1 8.1735E-1 5.85314E-1 7.11149E-1 7.14027E-1 5.32894E-1 7.81517E-1 5.06044E-1 2.58161E-1 2.33983E-1 1.89473E-1
-9999 -9999 -9999 -9999 -9999 -9999 -9999 2.35112E-1 2.51031E-1 1.13639E-1 2.96534E-1 6.37682E-1 9.49597E-1 9.98241E-1 9.98894E-1 9.75255E-1 8.97302E-1 8.18184E-1 9.31019E-1 9.51538E-1 8.47629E-1 8.9045E-1 8.70236E-1 9.11359E-1 8.85037E-1 9.78149E-1 9.294E-1 6.52866E-1 5.82146E-1 2.89841E-1 3.42051E-1 4.45115E-1 6.59969E-1 8.03796E-1 8.18849E-1 8.24346E-1 8.68265E-1 8.92678E-1 8.46885E-1 9.15398E-1 9.6157E-1 6.04555E-1 4.7987E-1 3.78242E-1 4.47616E-1 4.4953E-1 4.39494E-1 5.07048E-1 6.49212E-1 8.47625E-1 8.46165E-1 6.27824E-1 8.5606E-1 8.04727E-1 6.58943E-1 6.89559E-1 7.72087E-1 5.64229E-1 1.21932E-1 6.09738E-2
-9999 -9999 -9999 -9999 -9999 -9999 1.0472E-1 1.12648E-1 1.09441E-1 1.81117E-1 3.63784E-1 8.11568E-1 9.66566E-1 9.40207E-1 9.80938E-1 9.39641E-1 8.3577E-1 9.91528E-1 9.58175E-1 9.24203E-1 9.6604E-1 9.62475E-1 9.45421E-1 8.56579E-1 8.73798E-1 7.9005E-1 8.50816E-1 6.96679E-1 5.2619E-1 2.68497E-1 4.28425E-1 5.4332E-1 6.59782E-1 7.74859E-1 8.43461E-1 8.04146E-1 7.63298E-1 8.91594E-1 8.45308E-1 9.33571E-1 9.61143E-1 5.28015E-1 4.07078E-1 4.23888E-1 5.53684E-1 5.79642E-1 6.44057E-1 5.89642E-1 6.21754E-1 8.72737E-1 5.94666E-1 5.49993E-1 8.19743E-1 7.71646E-1 6.33457E-1 6.76388E-1 5.17199E-1 1.99727E-1 1.08946E-1 1.24178E-1
-9999 -9999 -9999 -9999 -9999 9.12759E-2 1.76777E-1 2.44801E-1 2.86417E-1 4.7135E-1 6.34844E-1 8.93251E-1 8.76961E-1 8.11239E-1 6.86185E-1 5.89614E-1 8.92899E-1 9.79294E-1 9.41015E-1 9.89753E-1 9.86562E-1 8.69144E-1 9.67884E-1 9.10849E-1 9.19585E-1 7.08371E-1 7.09537E-1 5.21546E-1 2.82386E-1 2.47E-1 3.17905E-1 5.43985E-1 6.21332E-1 7.06829E-1 8.16772E-1 8.10893E-1 7.58775E-1 7.96016E-1 8.55192E-1 8.48117E-1 8.59478E-1 5.37078E-1 4.18319E-1 5.17438E-1 5.25166E-1 5.43091E-1 6.51742E-1 6.23577E-1 4.59153E-1 5.45288E-1 3.75677E-1 7.28847E-1 7.96349E-1 6.39334E-1 4.39688E-1 2.59971E-1 1.69293E-1 1.32538E-1 1.38133E-1 1.29317E-1
-9999 -9999 -9999 -9999 -9999 9.90983E-2 2.73572E-1 4.5799E-1 5.51373E-1 8.78405E-1 7.32476E-1 8.07951E-1 7.70985E-1 5.51241E-1 5.48812E-1 6.54995E-1 8.73822E-1 8.8257E-1 9.42668E-1 9.98918E-1 8.69648E-1 5.95343E-1 8.94112E-1 8.97169E-1 7.46056E-1 5.92615E-1 6.19867E-1 3.54043E-1 3.26692E-1 2.98194E-1 3.45893E-1 4.95533E-1 6.40166E-1 7.00176E-1 8.43011E-1 8.81266E-1 7.91948E-1 6.02704E-1 8.74081E-1 9.37891E-1 7.27224E-1 4.63219E-1 5.13109E-1 5.3002E-1 5.67347E-1 6.36692E-1 5.64316E-1 4.94748E-1 4.31864E-1 3.85524E-1 5.40133E-1 7.38918E-1 6.57049E-1 3.27447E-1 3.05246E-1 1.54952E-1 1.57475E-1 1.33307E-1 1.53637E-1 2.12158E-1
-9999 -9999 -9999 -9999 3.43639E-2 1.04099E-1 3.64263E-1 6.27694E-1 7.62924E-1 9.52677E-1 8.26516E-1 8.63141E-1 6.09648E-1 2.89319E-1 5.64039E-1 6.97922E-1 7.94617E-1 9.47373E-1 9.48392E-1 9.33568E-1 7.93617E-1 3.85206E-1 5.20983E-1 5.19266E-1 4.71451E-1 6.02061E-1 5.4248E-1 4.35158E-1 3.35623E-1 3.57292E-1 4.91574E-1 6.28004E-1 7.88552E-1 8.54275E-1 8.75803E-1 8.19926E-1 5.33115E-1 4.40353E-1 6.98681E-1 9.26443E-1 7.3839E-1 5.38338E-1 6.06877E-1 7.08922E-1 8.13393E-1 7.39492E-1 5.35461E-1 4.58226E-1 3.22016E-1 4.32064E-1 7.1931E-1 6.81184E-1 4.07433E-1 1.33727E-1 1.18561E-1 6.74583E-2 1.28805E-1 1.50692E-1 2.74732E-1 7.3678E-1
-9999 -9999 -9999 -9999 2.97461E-2 9.23998E-2 2.8677E-1 6.38505E-1 8.05967E-1 8.26228E-1 9.74355E-1 8.65681E-1 5.28786E-1 3.04002E-1 5.68839E-1 8.5612E-1 8.7356E-1 9.20517E-1 8.45019E-1 7.78068E-1 5.9862E-1 4.0085E-1 5.14476E-1 5.09515E-1 4.19449E-1 4.30862E-1 2.71736E-1 3.41618E-1 3.70268E-1 4.64687E-1 6.54288E-1 7.42351E-1 9.20758E-1 9.67405E-1 9.16769E-1 6.75677E-1 5.10744E-1 4.5859E-1 6.07737E-1 6.82863E-1 5.10395E-1 6.04511E-1 8.19951E-1 7.79273E-1 6.95231E-1 5.89699E-1 6.15259E-1 5.05499E-1 3.59752E-1 4.98874E-1 5.59323E-1 4.585E-1 1.66202E-1 1.01348E-1 1.37732E-1 6.90088E-2 1.02417E-1 1.91093E-1 5.90662E-1 7.85174E-1
-9999 -9999 -9999 -9999 5.16031E-2 1.09274E-1 2.69174E-1 5.55388E-1 6.82047E-1 6.60921E-1 8.674E-1 6.91357E-1 2.9674E-1 4.13723E-1 7.21686E-1 7.8183E-1 8.60005E-1 8.12643E-1 7.30752E-1 4.5372E-1 3.79542E-1 2.43082E-1 2.38986E-1 2.36723E-1 2.23255E-1 1.93785E-1 3.39324E-1 3.23808E-1 4.66545E-1 6.63024E-1 8.37973E-1 8.88177E-1 9.62652E-1 8.88433E-1 6.90093E-1 5.64211E-1 5.57294E-1 4.96485E-1 6.18565E-1 5.33681E-1 4.29237E-1 6.42177E-1 8.12425E-1 6.69506E-1 4.98444E-1 4.11123E-1 5.14174E-1 4.44095E-1 2.75822E-1 2.26082E-1 2.8018E-1 3.53317E-1 1.37592E-1 1.00503E-1 1.03567E-1 6.16072E-2 1.25376E-1 2.41321E-1 2.95231E-1 8.49363E-1
-9999 -9999 -9999 -9999 4.77073E-2 1.24188E-1 2.32117E-1 5.0848E-1 6.5058E-1 6.70747E-1 6.71174E-1 4.30057E-1 2.5405E-1 4.5917E-1 5.42758E-1 3.90417E-1 4.43295E-1 4.67974E-1 4.20187E-1 3.10126E-1 2.25084E-1 2.55023E-1 2.10644E-1 2.86108E-1 3.13789E-1 3.30755E-1 3.51104E-1 4.92925E-1 6.07196E-1 7.50044E-1 9.05685E-1 8.57092E-1 8.63072E-1 6.60656E-1 5.94378E-1 5.85781E-1 4.97562E-1 5.66025E-1 6.86035E-1 5.53919E-1 4.68877E-1 6.14971E-1 7.83429E-1 6.57269E-1 4.20064E-1 3.18115E-1 3.60492E-1 2.8248E-1 2.23035E-1 1.63257E-1 2.06363E-1 2.3166E-1 1.04508E-1 9.73559E-2 7.10714E-2 1.27033E-1 2.39472E-1 2.64765E-1 3.18002E-1 5.61124E-1
-9999 -9999 -9999 7.93528E-2 5.38998E-2 1.22187E-1 2.85244E-1 5.16929E-1 8.15683E-1 8.11305E-1 6.71695E-1 3.29048E-1 3.12333E-1 4.83425E-1 4.40185E-1 3.28751E-1 3.29516E-1 3.26545E-1 1.78581E-1 2.18889E-1 2.02017E-1 2.12051E-1 2.48599E-1 3.50653E-1 4.1394E-1 4.92629E-1 6.18527E-1 7.96853E-1 7.3428E-1 8.14661E-1 7.35626E-1 5.54331E-1 6.00976E-1 5.76737E-1 5.40333E-1 5.09317E-1 5.05915E-1 5.84785E-1 7.04745E-1 5.36862E-1 4.80948E-1 5.5754E-1 6.00235E-1 4.6615E-1 3.56372E-1 3.28351E-1 2.66197E-1 2.2669E-1 1.86523E-1 1.50623E-1 2.82513E-1 2.43378E-1 8.95462E-2 8.85772E-2 1.61053E-1 2.4881E-1 3.66458E-1 4.47945E-1 4.40103E-1 4.62711E-1
-9999 -9999 -9999 1.71031E-1 1.14803E-1 1.1187E-1 2.86735E-1 6.09531E-1 8.49926E-1 9.29007E-1 8.57214E-1 5.27903E-1 6.95659E-1 3.27055E-1 2.71981E-1 1.80569E-1 2.76357E-1 1.45584E-1 1.53501E-1 1.56659E-1 2.0373E-1 2.61063E-1 4.08815E-1 5.773E-1 6.42323E-1 6.64892E-1 8.07383E-1 8.62209E-1 7.26968E-1 7.22653E-1 6.64482E-1 5.76829E-1 5.70961E-1 5.33283E-1 4.89348E-1 4.71328E-1 5.46661E-1 5.39164E-1 5.15232E-1 4.71049E-1 4.37319E-1 4.06013E-1 3.81055E-1 2.97877E-1 2.79492E-1 2.68525E-1 1.85714E-1 1.93772E-1 2.01088E-1 2.40559E-1 1.97107E-1 9.37508E-2 1.03784E-1 1.58531E-1 2.46581E-1 3.85956E-1 3.76063E-1 4.34604E-1 4.30916E-1 3.70626E-1
-9999 -9999 -9999 2.55661E-1 1.16743E-1 1.63001E-1 3.10059E-1 5.92394E-1 7.9797E-1 8.25776E-1 7.48553E-1 5.17376E-1 3.13733E-1 2.63244E-1 2.18831E-1 2.45652E-1 1.98175E-1 1.68826E-1 1.51415E-1 2.92907E-1 5.42803E-1 6.43706E-1 7.90943E-1 8.81868E-1 9.37873E-1 9.18441E-1 8.61353E-1 8.48E-1 7.10073E-1 6.63455E-1 5.99378E-1 6.28491E-1 5.96738E-1 5.43794E-1 4.86337E-1 4.3731E-1 5.43602E-1 5.22161E-1 4.33564E-1 3.92818E-1 3.39603E-1 2.78023E-1 2.41516E-1 2.13996E-1 1.70867E-1 1.43459E-1 1.2484E-1 1.32463E-1 1.56574E-1 1.94929E-1 7.64286E-2 1.08067E-1 2.08973E-1 2.03642E-1 2.77943E-1 3.62664E-1 3.27802E-1 3.68447E-1 4.04088E-1 4.54483E-1
-9999 -9999 -9999 9.88469E-2 1.1654E-1 2.9602E-1 4.64401E-1 6.13364E-1 7.84885E-1 7.64791E-1 5.23721E-1 3.91223E-1 4.19328E-1 4.17809E-1 3.06535E-1 3.24486E-1 2.75066E-1 2.16298E-1 2.516E-1 5.71175E-1 8.0534E-1 8.76764E-1 9.08392E-1 9.24138E-1 9.97302E-1 9.96384E-1 9.55922E-1 8.59038E-1 6.65988E-1 6.23677E-1 5.44546E-1 5.95833E-1 6.99798E-1 6.09828E-1 4.78956E-1 4.26776E-1 4.38221E-1 4.23706E-1 4.47308E-1 4.31576E-1 3.02259E-1 2.63584E-1 2.23982E-1 1.94766E-1 1.48692E-1 1.4152E-1 1.75456E-1 1.36752E-1 2.20475E-1 1.25045E-1 1.62107E-1 2.19183E-1 2.4144E-1 2.93746E-1 4.12925E-1 4.96627E-1 3.95528E-1 5.52104E-1 4.90061E-1 4.9257E-1
-9999 -9999 -9999 1.3829E-1 2.38479E-1 3.53522E-1 5.34263E-1 7.27075E-1 8.93977E-1 6.03371E-1 5.28728E-1 5.43567E-1 5.95671E-1 4.92247E-1 4.36051E-1 4.37645E-1 3.46791E-1 3.10938E-1 3.57306E-1 6.44302E-1 7.07711E-1 7.97215E-1 8.60989E-1 8.72981E-1 9.44465E-1 9.21224E-1 8.18196E-1 7.59824E-1 6.3882E-1 5.37892E-1 5.25981E-1 5.92832E-1 5.48813E-1 4.45918E-1 4.17566E-1 3.90569E-1 3.40647E-1 2.79281E-1 3.2256E-1 3.81993E-1 3.61383E-1 3.28289E-1 2.94008E-1 3.07017E-1 1.88619E-1 1.53337E-1 1.14722E-1 6.97379E-2 8.24071E-2 1.51986E-1 2.12117E-1 2.7616E-1 3.66991E-1 3.70909E-1 4.52679E-1 5.04686E-1 6.06416E-1 6.98655E-1 6.31064E-1 5.31038E-1
1.2256E-1 1.30724E-1 1.58723E-1 2.45642E-1 3.37552E-1 3.95508E-1 5.64314E-1 6.42846E-1 7.64173E-1 5.80992E-1 6.26261E-1 6.59697E-1 6.3541E-1 7.5717E-1 6.02288E-1 5.36583E-1 3.90664E-1 4.8332E-1 4.95527E-1 5.40914E-1 6.31159E-1 7.59005E-1 7.64123E-1 6.76334E-1 7.14145E-1 6.01008E-1 6.648E-1 7.21025E-1 5.76636E-1 4.08935E-1 3.68627E-1 4.15698E-1 3.69604E-1 3.12498E-1 3.23065E-1 3.76014E-1 3.74772E-1 2.95921E-1 3.84309E-1 4.57804E-1 4.33942E-1 3.81361E-1 3.42173E-1 2.87919E-1 1.56383E-1 1.42066E-1 1.40917E-1 1.16718E-1 1.8166E-1 2.01719E-1 2.08939E-1 3.71318E-1 5.11903E-1 4.20738E-1 5.59722E-1 6.72615E-1 6.09113E-1 6.87494E-1 7.31762E-1 6.42249E-1
1.82749E-1 2.38288E-1 2.95854E-1 3.99163E-1 4.67903E-1 5.40155E-1 7.30316E-1 8.35992E-1 6.88715E-1 7.17025E-1 7.35678E-1 4.57203E-1 5.43309E-1 8.80148E-1 6.30948E-1 4.73384E-1 4.77932E-1 5.42247E-1 7.50954E-1 7.766E-1 7.32617E-1 7.27836E-1 7.46196E-1 6.12265E-1 4.81846E-1 4.25402E-1 6.89636E-1 6.97111E-1 5.41118E-1 4.83545E-1 3.88119E-1 3.01968E-1 2.6348E-1 2.94955E-1 3.26886E-1 3.39019E-1 4.26669E-1 4.12184E-1 5.12955E-1 4.54713E-1 4.12941E-1 4.60648E-1 2.28731E-1 2.02044E-1 2.31362E-1 1.8943E-1 2.66011E-1 2.70952E-1 2.12654E-1 2.65095E-1 3.71161E-1 5.23977E-1 4.93889E-1 4.99347E-1 5.53067E-1 5.97384E-1 4.64362E-1 4.56845E-1 6.03391E-1 7.11025E-1
-9999 3.50772E-1 4.27454E-1 5.27949E-1 5.96129E-1 6.66747E-1 8.51338E-1 8.78791E-1 6.97666E-1 5.72408E-1 5.78532E-1 5.17296E-1 6.67908E-1 6.58438E-1 4.88558E-1 4.76024E-1 5.55917E-1 6.63051E-1 9.10916E-1 8.66595E-1 8.00544E-1 8.11189E-1 6.71776E-1 4.97171E-1 4.95315E-1 4.03361E-1 5.19355E-1 6.97287E-1 8.34279E-1 8.73789E-1 6.99079E-1 6.28892E-1 5.16421E-1 5.84122E-1 3.19302E-1 2.6317E-1 3.484E-1 4.99691E-1 5.84822E-1 5.05773E-1 4.00288E-1 3.53768E-1 2.22084E-1 2.3911E-1 4.13398E-1 4.18755E-1 4.99154E-1 1.96042E-1 2.49285E-1 3.66591E-1 4.97616E-1 5.02459E-1 3.95335E-1 5.03277E-1 4.97038E-1 6.53022E-1 4.7694E-1 3.97636E-1 4.4294E-1 5.39835E-1
-9999 -9999 5.89695E-1 7.26794E-1 7.88311E-1 8.35678E-1 9.10561E-1 8.12601E-1 6.24136E-1 5.60705E-1 3.07321E-1 4.75824E-1 6.75095E-1 8.30281E-1 6.622E-1 5.4394E-1 5.28262E-1 6.35047E-1 7.74182E-1 6.08679E-1 5.94676E-1 6.61274E-1 5.57046E-1 5.91225E-1 4.23188E-1 3.97765E-1 4.05175E-1 7.91221E-1 8.77524E-1 8.92021E-1 9.11255E-1 8.47043E-1 7.18294E-1 5.96878E-1 2.93904E-1 2.6131E-1 3.702E-1 7.6587E-1 8.18989E-1 4.33083E-1 6.1679E-1 4.00656E-1 3.13476E-1 4.44922E-1 6.01878E-1 5.10229E-1 4.92514E-1 2.6698E-1 3.52531E-1 4.12289E-1 5.03147E-1 4.8303E-1 5.31283E-1 5.11191E-1 4.78783E-1 5.68316E-1 4.88429E-1 3.94698E-1 3.71392E-1 4.58769E-1
-9999 -9999 -9999 8.5519E-1 8.96921E-1 8.83849E-1 8.84897E-1 9.26123E-1 9.83163E-1 6.43312E-1 2.38431E-1 3.87871E-1 6.99657E-1 9.8518E-1 9.72647E-1 6.26636E-1 5.4314E-1 5.64206E-1 5.94714E-1 5.53455E-1 4.99786E-1 4.92566E-1 4.96152E-1 6.3879E-1 4.87321E-1 3.59045E-1 4.0468E-1 9.12802E-1 9.52919E-1 9.36869E-1 8.75239E-1 7.74132E-1 6.88059E-1 4.57177E-1 2.64464E-1 3.2393E-1 4.3475E-1 6.07186E-1 7.37624E-1 7.68425E-1 9.29983E-1 7.57491E-1 4.72445E-1 7.77289E-1 5.01212E-1 5.79819E-1 3.06367E-1 2.95705E-1 3.25726E-1 4.13882E-1 6.07177E-1 6.25499E-1 5.65109E-1 5.92546E-1 6.2058E-1 6.47499E-1 6.20137E-1 3.97904E-1 3.08145E-1 3.22076E-1
-9999 -9999 -9999 8.83975E-1 8.68178E-1 8.60649E-1 8.32723E-1 9.40439E-1 9.74879E-1 8.7618E-1 2.36403E-1 3.58548E-1 4.46229E-1 7.16725E-1 6.329E-1 5.49295E-1 5.65618E-1 4.96383E-1 5.26335E-1 6.46258E-1 6.23594E-1 4.00033E-1 4.37848E-1 6.80043E-1 7.06924E-1 5.93471E-1 5.86666E-1 9.31857E-1 9.54464E-1 9.19555E-1 8.55416E-1 5.65847E-1 5.97612E-1 4.88755E-1 3.6258E-1 4.42893E-1 5.07529E-1 4.96449E-1 2.8815E-1 5.89397E-1 9.32311E-1 9.31608E-1 7.74907E-1 8.54268E-1 4.09085E-1 3.13558E-1 2.88614E-1 3.45004E-1 4.27436E-1 4.9541E-1 5.14016E-1 5.50935E-1 7.03372E-1 7.40557E-1 8.16174E-1 9.63654E-1 9.32717E-1 6.76231E-1 3.82085E-1 2.56539E-1
-9999 -9999 -9999 -9999 8.41548E-1 8.96388E-1 9.75107E-1 9.82323E-1 9.27037E-1 6.32605E-1 4.82019E-1 6.1244E-1 6.8646E-1 6.00248E-1 5.8167E-1 5.75168E-1 4.85549E-1 5.40802E-1 5.41861E-1 4.27568E-1 3.69797E-1 3.65802E-1 3.63526E-1 5.49126E-1 7.95412E-1 8.02769E-1 5.86467E-1 9.05391E-1 9.52311E-1 9.05482E-1 8.62042E-1 6.67612E-1 4.6861E-1 3.23232E-1 2.80382E-1 4.71714E-1 4.87742E-1 3.07373E-1 3.03337E-1 3.33617E-1 3.36861E-1 4.79709E-1 6.50038E-1 6.81422E-1 4.55494E-1 3.15222E-1 3.06815E-1 5.02653E-1 5.71095E-1 5.15032E-1 4.90122E-1 4.42995E-1 7.09387E-1 9.65357E-1 8.84165E-1 9.40745E-1 9.03066E-1 8.52351E-1 6.37256E-1 2.84764E-1
