Phytophthora/models/20240506_1155_30/Phytophthora_PA3_RUN10_MAXENT_outputs/Phytophthora_PA3_RUN10.asc
ncols         225
nrows         269
xllcorner     473009.9838
yllcorner     4429051.1748
cellsize      50.0
NODATA_value  -9999
[rows 130 to 155 of 269, columns 60 to 119 of 225]
1.4077E-1 1.65883E-1 1.71053E-1 2.41166E-1 2.75987E-1 2.65618E-1 1.98459E-1 1.89229E-1 2.15599E-1 2.66539E-1 2.86601E-1 3.05202E-1 3.58229E-1 2.33505E-1 3.03765E-1 4.06493E-1 3.70247E-1 3.27589E-1 3.5586E-1 4.16158E-1 3.33996E-1 3.57863E-1 5.27712E-1 5.7124E-1 5.20462E-1 5.22113E-1 4.20739E-1 3.81683E-1 4.11755E-1 4.02297E-1 3.29266E-1 3.33516E-1 3.69118E-1 3.63015E-1 3.6768E-1 2.83169E-1 2.80794E-1 3.02322E-1 3.4622E-1 3.65039E-1 3.37423E-1 2.28645E-1 2.80128E-1 2.99976E-1 3.67799E-1 2.85708E-1 3.30223E-1 3.04059E-1 2.88185E-1 2.49705E-1 2.95914E-1 3.21813E-1 2.93021E-1 1.89929E-1 3.44377E-1 3.15428E-1 2.85791E-1 2.88625E-1 2.48409E-1 6.8115E-2
1.50227E-1 1.47236E-1 1.30082E-1 1.47894E-1 2.72924E-1 2.4065E-1 1.93844E-1 1.8437E-1 2.18062E-1 2.64996E-1 3.18689E-1 2.5439E-1 2.8224E-1 3.65219E-1 2.58523E-1 3.99154E-1 2.337E-1 3.1241E-1 4.17226E-1 4.48568E-1 4.72341E-1 4.60821E-1 5.15182E-1 5.27973E-1 5.06696E-1 4.918E-1 4.39361E-1 4.05641E-1 4.41796E-1 2.52524E-1 3.4912E-1 3.6188E-1 3.59329E-1 3.584E-1 3.95788E-1 3.87521E-1 2.6542E-1 3.18591E-1 3.4288E-1 3.48896E-1 3.56618E-1 2.33702E-1 2.98306E-1 3.09049E-1 3.7675E-1 2.88235E-1 2.96002E-1 2.55521E-1 3.14862E-1 2.63915E-1 2.79912E-1 3.02578E-1 2.81344E-1 2.91187E-1 3.35807E-1 3.3702E-1 3.04138E-1 3.16125E-1 1.5463E-1 1.57868E-1
1.53176E-1 1.77963E-1 7.493E-2 2.60436E-1 2.23966E-1 1.84991E-1 1.7424E-1 2.02861E-1 2.4399E-1 2.80817E-1 3.30725E-1 3.16673E-1 1.73445E-1 3.27156E-1 9.9695E-2 3.92696E-1 4.11208E-1 4.23611E-1 5.15433E-1 5.10716E-1 5.07802E-1 4.54312E-1 5.02338E-1 5.2289E-1 5.09523E-1 3.74939E-1 3.52579E-1 4.17673E-1 3.09457E-1 2.9015E-1 2.95464E-1 3.34872E-1 3.53152E-1 3.44384E-1 3.82794E-1 4.05866E-1 3.94339E-1 2.75095E-1 3.56073E-1 4.05811E-1 3.93348E-1 3.40328E-1 3.17532E-1 3.00841E-1 3.5823E-1 2.92908E-1 2.88077E-1 2.88304E-1 2.03232E-1 2.63188E-1 2.62261E-1 2.69305E-1 2.7518E-1 2.70911E-1 2.90595E-1 2.88803E-1 2.89168E-1 1.3055E-1 2.21864E-1 1.61853E-1
1.68045E-1 1.71113E-1 2.51452E-1 2.31603E-1 1.73816E-1 2.0019E-1 2.12904E-1 2.62691E-1 2.93881E-1 2.4541E-1 3.52287E-1 3.76577E-1 3.75475E-1 4.55087E-1 1.46133E-1 4.45999E-1 4.76568E-1 4.7115E-1 4.90615E-1 4.78396E-1 4.62089E-1 4.14504E-1 5.52614E-1 5.18055E-1 4.87175E-1 4.92383E-1 4.67391E-1 4.49654E-1 3.52847E-1 3.24878E-1 3.27653E-1 3.03263E-1 3.22105E-1 3.36997E-1 3.63568E-1 4.18116E-1 4.03001E-1 3.84446E-1 3.92337E-1 4.40229E-1 4.38591E-1 4.10955E-1 3.97364E-1 2.9062E-1 3.5068E-1 3.1156E-1 3.29135E-1 3.50636E-1 3.25174E-1 3.51653E-1 3.26227E-1 3.22269E-1 3.36327E-1 3.16376E-1 3.24146E-1 2.89736E-1 1.34282E-1 2.10759E-1 1.68716E-1 1.38899E-1
1.9616E-1 1.22298E-1 2.14678E-1 2.33593E-1 2.06154E-1 1.99295E-1 2.39447E-1 2.70592E-1 3.18365E-1 3.41457E-1 3.7667E-1 4.20138E-1 3.84044E-1 4.38231E-1 3.07218E-1 4.40892E-1 4.88692E-1 4.83844E-1 4.95093E-1 4.11319E-1 4.20204E-1 4.79852E-1 5.53401E-1 4.8371E-1 4.90472E-1 5.13631E-1 4.96689E-1 4.25659E-1 3.68844E-1 3.45659E-1 2.95741E-1 2.9431E-1 2.75808E-1 2.9376E-1 3.24009E-1 3.79762E-1 4.56323E-1 4.36705E-1 4.56717E-1 3.54305E-1 4.80695E-1 4.60066E-1 4.14524E-1 3.14923E-1 3.40548E-1 3.12411E-1 3.284E-1 3.9003E-1 3.87281E-1 3.92487E-1 4.12526E-1 3.77279E-1 2.4114E-1 3.91657E-1 3.88039E-1 3.35774E-1 1.66873E-1 1.76773E-1 1.47533E-1 1.40427E-1
1.71098E-1 2.46352E-1 2.58918E-1 2.14384E-1 2.05854E-1 1.16368E-1 2.96177E-1 3.17376E-1 3.39144E-1 3.54993E-1 3.85502E-1 4.09683E-1 2.9677E-1 1.74832E-1 2.72158E-1 3.74311E-1 4.53974E-1 4.65243E-1 4.26247E-1 3.65305E-1 4.14619E-1 4.73943E-1 4.78586E-1 4.99819E-1 4.89435E-1 4.10542E-1 3.91331E-1 3.91614E-1 3.91979E-1 3.65507E-1 2.87177E-1 2.70713E-1 2.60803E-1 2.7216E-1 3.35093E-1 3.8508E-1 4.50748E-1 4.74553E-1 4.41457E-1 4.87028E-1 4.88773E-1 5.00823E-1 4.35562E-1 3.692E-1 3.66284E-1 3.22182E-1 3.27083E-1 3.81984E-1 4.15414E-1 4.19281E-1 4.4105E-1 4.0917E-1 3.87713E-1 4.32316E-1 4.49046E-1 2.42639E-1 2.10756E-1 1.75042E-1 1.49319E-1 1.61695E-1
1.5172E-1 3.04216E-1 1.40642E-1 1.43423E-1 1.16478E-1 2.37148E-1 3.30847E-1 3.57595E-1 3.59144E-1 3.52384E-1 3.79503E-1 3.33753E-1 1.53418E-1 2.41692E-1 2.48321E-1 3.40048E-1 4.53719E-1 4.35628E-1 4.37174E-1 4.37011E-1 4.9834E-1 5.46387E-1 5.5024E-1 5.54041E-1 3.88989E-1 3.36031E-1 1.9087E-1 4.03595E-1 4.01863E-1 3.53565E-1 2.85022E-1 2.61298E-1 2.53893E-1 3.03096E-1 3.66887E-1 4.33493E-1 4.53396E-1 4.88491E-1 5.00178E-1 5.24723E-1 5.46892E-1 5.25831E-1 4.83171E-1 4.09247E-1 4.52739E-1 3.87651E-1 3.35006E-1 4.19989E-1 4.42133E-1 4.03003E-1 4.86652E-1 4.48516E-1 4.49237E-1 4.61878E-1 4.82628E-1 2.3008E-1 2.31195E-1 2.00563E-1 1.7631E-1 1.88543E-1
1.52139E-1 2.09031E-1 2.16158E-1 2.26262E-1 2.11672E-1 2.45748E-1 2.70937E-1 2.88729E-1 3.17371E-1 3.56349E-1 1.27101E-1 1.74562E-1 2.10886E-1 2.22953E-1 2.47013E-1 3.22643E-1 4.57119E-1 4.9215E-1 5.24732E-1 5.30028E-1 5.28613E-1 5.52211E-1 5.16055E-1 4.81818E-1 3.23717E-1 2.24726E-1 3.59066E-1 4.46777E-1 4.15505E-1 3.4729E-1 2.7964E-1 2.54078E-1 2.69672E-1 3.30654E-1 4.02628E-1 4.61925E-1 4.7851E-1 4.8291E-1 5.42346E-1 5.443E-1 5.7179E-1 5.00487E-1 5.41257E-1 5.04916E-1 5.09766E-1 4.81637E-1 4.31167E-1 4.22344E-1 4.49617E-1 4.4E-1 4.94059E-1 4.65627E-1 4.72664E-1 4.84358E-1 4.46126E-1 1.40983E-1 2.70351E-1 2.14054E-1 1.96106E-1 2.06557E-1
2.9457E-1 3.1734E-1 2.67381E-1 2.68843E-1 2.25542E-1 2.3792E-1 2.72111E-1 3.09505E-1 2.1769E-1 3.07553E-1 2.36786E-1 2.23381E-1 1.47346E-1 1.48378E-1 1.90601E-1 3.62379E-1 4.70106E-1 5.48795E-1 5.81355E-1 5.73985E-1 5.53978E-1 5.19638E-1 4.67967E-1 2.43418E-1 3.81359E-1 3.78641E-1 4.34452E-1 4.42938E-1 3.80206E-1 3.18437E-1 2.8124E-1 2.50289E-1 2.93844E-1 3.57083E-1 4.38319E-1 4.89685E-1 5.23339E-1 5.47051E-1 5.50055E-1 5.97277E-1 3.73995E-1 4.26708E-1 4.02514E-1 4.21886E-1 5.1989E-1 5.17247E-1 4.92461E-1 4.3071E-1 3.64491E-1 4.01085E-1 4.77548E-1 4.80596E-1 2.80656E-1 3.50416E-1 2.7588E-1 2.69319E-1 2.71183E-1 2.25671E-1 2.23267E-1 2.31366E-1
1.75868E-1 1.94612E-1 2.5665E-1 2.79773E-1 2.10767E-1 2.50171E-1 2.72747E-1 3.16467E-1 2.75832E-1 1.85098E-1 1.79934E-1 1.28346E-1 1.21483E-1 1.57854E-1 2.53461E-1 3.92166E-1 5.07429E-1 5.59568E-1 6.05444E-1 5.82251E-1 5.53858E-1 5.19231E-1 4.45708E-1 4.38063E-1 4.18689E-1 4.33095E-1 4.62188E-1 4.12162E-1 3.32958E-1 2.98118E-1 2.79639E-1 3.14702E-1 3.55322E-1 3.79404E-1 4.6456E-1 5.26371E-1 5.55604E-1 5.88443E-1 6.01018E-1 6.29231E-1 5.09245E-1 4.47024E-1 4.41661E-1 4.48018E-1 5.04407E-1 5.10531E-1 4.86271E-1 4.38598E-1 3.46574E-1 3.24047E-1 5.07656E-1 4.49338E-1 4.77661E-1 4.51208E-1 2.85374E-1 2.78216E-1 2.95869E-1 2.64731E-1 2.37073E-1 2.34132E-1
2.75373E-1 1.6164E-1 3.31548E-1 2.92574E-1 1.83794E-1 3.00307E-1 3.14027E-1 2.54826E-1 2.30346E-1 1.52023E-1 1.35253E-1 1.26903E-1 1.61516E-1 2.98483E-1 2.92489E-1 4.32718E-1 5.34306E-1 5.31632E-1 5.91737E-1 5.39145E-1 5.35061E-1 5.1392E-1 2.65823E-1 4.38852E-1 4.45468E-1 4.34506E-1 4.19248E-1 3.75937E-1 3.16314E-1 2.88526E-1 3.38811E-1 3.84316E-1 4.35905E-1 4.56056E-1 4.84958E-1 5.46056E-1 5.70543E-1 6.21641E-1 6.13148E-1 6.4228E-1 5.59682E-1 2.93541E-1 4.8902E-1 4.79041E-1 4.63153E-1 4.424E-1 4.21954E-1 3.7056E-1 3.77833E-1 4.74259E-1 4.38118E-1 5.11966E-1 4.35065E-1 3.86671E-1 2.55157E-1 3.31089E-1 3.41213E-1 3.11959E-1 2.87135E-1 2.61085E-1
3.08157E-1 3.22662E-1 3.46783E-1 2.94109E-1 2.76544E-1 3.5889E-1 3.74319E-1 2.99616E-1 2.56309E-1 2.44927E-1 2.07385E-1 1.92114E-1 2.54458E-1 2.91464E-1 3.28574E-1 4.09429E-1 5.25889E-1 5.26819E-1 5.26177E-1 5.15581E-1 3.85991E-1 3.89224E-1 4.25638E-1 4.48902E-1 4.58206E-1 4.21623E-1 3.70863E-1 3.41401E-1 3.02508E-1 3.23166E-1 3.9679E-1 4.52477E-1 5.07011E-1 5.28807E-1 5.51202E-1 5.67792E-1 6.0714E-1 5.30559E-1 6.28154E-1 6.5799E-1 6.17953E-1 5.41847E-1 5.36362E-1 5.11057E-1 4.55779E-1 4.17505E-1 3.80837E-1 3.48363E-1 3.91619E-1 4.45152E-1 4.92691E-1 4.92666E-1 4.76891E-1 3.95787E-1 3.5323E-1 3.30888E-1 3.2833E-1 3.06441E-1 2.69886E-1 2.34377E-1
1.53685E-1 3.56201E-1 4.13335E-1 3.0961E-1 3.61176E-1 4.29095E-1 3.63404E-1 3.01457E-1 3.10399E-1 2.82004E-1 1.67813E-1 2.97116E-1 3.81118E-1 3.98834E-1 4.38178E-1 4.21723E-1 4.07734E-1 5.42152E-1 4.60425E-1 5.22619E-1 5.00511E-1 4.51512E-1 4.19801E-1 4.62706E-1 4.23608E-1 4.02409E-1 3.48417E-1 3.0225E-1 3.02782E-1 3.64345E-1 4.5243E-1 5.18678E-1 5.56788E-1 5.49365E-1 5.6373E-1 5.90583E-1 6.21179E-1 6.693E-1 6.35733E-1 6.69971E-1 6.25738E-1 5.72423E-1 5.49085E-1 5.08916E-1 4.96403E-1 3.8945E-1 3.44941E-1 3.68638E-1 4.1724E-1 4.38581E-1 5.50838E-1 3.74729E-1 5.2137E-1 4.60372E-1 4.09141E-1 3.6272E-1 3.18926E-1 2.68425E-1 2.49218E-1 2.28366E-1
1.87872E-1 2.71358E-1 3.35711E-1 3.97361E-1 4.33078E-1 4.5047E-1 3.52235E-1 3.27225E-1 3.30385E-1 3.07851E-1 1.86022E-1 3.58509E-1 4.31085E-1 4.4465E-1 4.89352E-1 4.10315E-1 3.69622E-1 4.81015E-1 5.15813E-1 4.41845E-1 5.01841E-1 4.40297E-1 4.26689E-1 4.20442E-1 3.86695E-1 3.6749E-1 2.99274E-1 2.75709E-1 3.12086E-1 3.76743E-1 4.84092E-1 5.3463E-1 5.50163E-1 5.08845E-1 5.42223E-1 4.2357E-1 6.01635E-1 6.69183E-1 4.65161E-1 6.34115E-1 6.73239E-1 6.0079E-1 5.44816E-1 5.34527E-1 4.99375E-1 4.13882E-1 3.17466E-1 4.23723E-1 3.37322E-1 3.26806E-1 4.48138E-1 2.5127E-1 4.78491E-1 4.30747E-1 3.66652E-1 3.09535E-1 2.72539E-1 2.4303E-1 2.30982E-1 2.92607E-1
3.76797E-1 1.99474E-1 4.00357E-1 4.33638E-1 4.47715E-1 4.60564E-1 3.64148E-1 4.10063E-1 3.79029E-1 3.35739E-1 2.53815E-1 4.05218E-1 4.39001E-1 4.61554E-1 5.08574E-1 4.2802E-1 2.43942E-1 4.18854E-1 5.73289E-1 4.24507E-1 4.75071E-1 3.87857E-1 3.7272E-1 3.76176E-1 3.54194E-1 3.33018E-1 2.75947E-1 2.50413E-1 3.02854E-1 3.81705E-1 4.58625E-1 5.03575E-1 5.17128E-1 4.77167E-1 5.11387E-1 5.34008E-1 5.70698E-1 4.94769E-1 6.40856E-1 5.65895E-1 6.71677E-1 6.32266E-1 5.67213E-1 5.17045E-1 4.86138E-1 4.19414E-1 3.24287E-1 4.65704E-1 4.56682E-1 4.33626E-1 5.96268E-1 5.6195E-1 4.19096E-1 4.07078E-1 3.67416E-1 3.49195E-1 3.11749E-1 2.80834E-1 2.31675E-1 3.00806E-1
4.03802E-1 4.68713E-1 4.37199E-1 4.66644E-1 4.70343E-1 3.19148E-1 3.83202E-1 4.69773E-1 4.94712E-1 4.31697E-1 4.06645E-1 4.28614E-1 4.7072E-1 4.46803E-1 4.77049E-1 4.47105E-1 4.36997E-1 4.4225E-1 5.2286E-1 5.2479E-1 3.86576E-1 3.71089E-1 3.10123E-1 3.31245E-1 3.27552E-1 3.04773E-1 2.5536E-1 2.33877E-1 2.83134E-1 3.57902E-1 4.16938E-1 4.60455E-1 4.62739E-1 4.56931E-1 5.09125E-1 5.57645E-1 5.40421E-1 4.71314E-1 4.85742E-1 6.57174E-1 5.68519E-1 6.52177E-1 6.30784E-1 5.65297E-1 4.49038E-1 1.80668E-1 2.90562E-1 2.23843E-1 3.68813E-1 4.11322E-1 5.13767E-1 4.32122E-1 3.81119E-1 2.37381E-1 3.5007E-1 3.35013E-1 3.09947E-1 2.36512E-1 1.29428E-1 2.72785E-1
2.22981E-1 4.15219E-1 3.70294E-1 4.83679E-1 4.49667E-1 4.12068E-1 2.98453E-1 4.93811E-1 5.17711E-1 4.46936E-1 4.42804E-1 4.70649E-1 4.58637E-1 4.59234E-1 4.93175E-1 4.83774E-1 4.65378E-1 4.546E-1 4.91638E-1 4.26777E-1 4.0496E-1 3.46877E-1 2.73635E-1 2.93255E-1 3.03836E-1 2.82454E-1 2.3452E-1 2.23547E-1 2.5976E-1 3.31185E-1 3.79679E-1 4.29407E-1 4.16153E-1 4.33447E-1 4.78301E-1 5.40962E-1 5.72491E-1 5.10107E-1 4.84498E-1 5.06466E-1 6.7948E-1 5.7903E-1 6.39792E-1 3.17012E-1 2.40908E-1 1.72046E-1 4.5443E-1 3.11905E-1 3.57221E-1 3.79085E-1 3.39991E-1 3.35827E-1 3.68863E-1 3.61065E-1 3.48718E-1 2.4583E-1 3.16337E-1 2.87021E-1 2.085E-1 1.54016E-1
4.12555E-1 2.9694E-1 3.14808E-1 4.42806E-1 4.11392E-1 4.45151E-1 4.98995E-1 5.26386E-1 5.19586E-1 3.95538E-1 1.98198E-1 3.64729E-1 4.92024E-1 4.83576E-1 5.04441E-1 5.19881E-1 4.07649E-1 4.56695E-1 5.24197E-1 5.03306E-1 4.46522E-1 3.61877E-1 2.97543E-1 3.27133E-1 3.50594E-1 3.08779E-1 2.51254E-1 2.30948E-1 2.35128E-1 3.07738E-1 3.41486E-1 3.93834E-1 3.75974E-1 3.88713E-1 4.5526E-1 5.09289E-1 5.45744E-1 5.2046E-1 4.91032E-1 5.14744E-1 6.53356E-1 6.1023E-1 3.32628E-1 4.86307E-1 2.88172E-1 1.88643E-1 2.1157E-1 2.15104E-1 2.46929E-1 2.96028E-1 3.12395E-1 3.10505E-1 3.46353E-1 3.67705E-1 3.50352E-1 3.25457E-1 3.09496E-1 2.98006E-1 2.31744E-1 1.5542E-1
3.68987E-1 2.61372E-1 2.91028E-1 3.05093E-1 3.46392E-1 4.48591E-1 5.22692E-1 5.20906E-1 2.28593E-1 4.72502E-1 4.10867E-1 4.21658E-1 4.93594E-1 4.47089E-1 3.81035E-1 5.49862E-1 3.40862E-1 4.90922E-1 5.42537E-1 5.44779E-1 4.85445E-1 3.96773E-1 3.49212E-1 3.95718E-1 4.06998E-1 3.62352E-1 3.03909E-1 2.9563E-1 2.80399E-1 3.04629E-1 3.22017E-1 3.54762E-1 3.63616E-1 3.81576E-1 4.63131E-1 4.95813E-1 5.19137E-1 4.84421E-1 4.89701E-1 5.33492E-1 5.82651E-1 5.83513E-1 4.16112E-1 3.21239E-1 2.21048E-1 1.51555E-1 1.23558E-1 1.86667E-1 2.458E-1 3.60503E-1 2.35296E-1 2.31834E-1 2.62115E-1 2.87557E-1 3.16579E-1 3.25466E-1 3.20154E-1 2.97415E-1 2.2209E-1 1.59609E-1
4.31597E-1 3.34321E-1 3.50317E-1 3.40951E-1 3.73683E-1 4.61856E-1 5.31388E-1 3.60065E-1 5.59906E-1 3.95003E-1 4.49105E-1 4.6479E-1 4.86739E-1 3.06968E-1 5.61464E-1 5.63333E-1 5.39588E-1 5.07058E-1 5.30208E-1 5.35217E-1 5.41705E-1 4.70345E-1 4.23494E-1 4.75119E-1 4.64173E-1 4.17053E-1 3.59336E-1 3.61486E-1 3.3857E-1 3.59418E-1 3.43066E-1 3.21476E-1 3.51361E-1 3.90159E-1 4.62863E-1 4.72857E-1 4.87419E-1 4.55586E-1 4.46813E-1 4.88888E-1 5.26673E-1 2.69441E-1 3.06667E-1 2.28706E-1 1.78383E-1 1.29549E-1 1.05984E-1 2.43149E-1 2.89793E-1 2.31639E-1 4.00925E-1 1.90307E-1 2.13745E-1 2.56815E-1 2.7004E-1 2.85039E-1 2.88464E-1 2.12973E-1 1.81449E-1 1.56855E-1
4.37737E-1 4.03176E-1 4.32429E-1 4.44519E-1 4.43661E-1 4.77996E-1 4.93621E-1 3.5176E-1 5.01754E-1 4.8758E-1 5.43829E-1 5.29696E-1 5.07995E-1 5.27852E-1 5.88966E-1 5.77943E-1 5.51435E-1 5.28555E-1 4.98582E-1 5.49154E-1 5.08831E-1 4.93801E-1 4.97181E-1 5.78051E-1 5.12107E-1 4.41462E-1 4.22376E-1 3.95633E-1 3.92246E-1 3.97852E-1 3.91123E-1 3.63082E-1 3.53944E-1 3.9654E-1 4.42492E-1 4.50752E-1 4.63568E-1 4.62119E-1 4.222E-1 4.37449E-1 4.10607E-1 2.1037E-1 2.71715E-1 2.1089E-1 1.61288E-1 1.3177E-1 1.04049E-1 1.03712E-1 2.16761E-1 1.44508E-1 2.44067E-1 2.39219E-1 2.07643E-1 2.41493E-1 2.60706E-1 2.63714E-1 2.73017E-1 2.95256E-1 2.83855E-1 2.45736E-1
4.39088E-1 5.173E-1 5.34398E-1 5.18836E-1 4.76923E-1 4.75525E-1 3.33393E-1 3.70776E-1 4.63822E-1 5.04993E-1 3.96952E-1 5.25017E-1 6.04603E-1 5.89934E-1 5.98589E-1 5.5587E-1 5.09512E-1 4.87802E-1 5.13806E-1 4.95376E-1 4.75075E-1 4.48636E-1 5.82574E-1 6.25869E-1 5.43045E-1 4.7645E-1 4.96579E-1 4.40718E-1 4.38573E-1 4.2801E-1 4.43069E-1 4.06253E-1 3.9243E-1 4.44816E-1 4.93399E-1 5.3801E-1 5.41894E-1 5.13231E-1 4.43978E-1 4.27779E-1 2.47112E-1 2.36365E-1 2.26565E-1 2.05432E-1 1.92712E-1 1.73592E-1 1.37878E-1 1.43227E-1 2.40792E-1 1.55481E-1 2.1527E-1 3.36359E-1 1.93253E-1 2.26569E-1 2.53396E-1 2.56454E-1 2.84321E-1 3.02001E-1 3.22441E-1 2.94335E-1
4.84312E-1 5.24909E-1 5.1277E-1 4.10507E-1 2.99858E-1 4.82131E-1 3.75983E-1 4.4152E-1 5.05165E-1 5.72921E-1 6.13775E-1 6.29653E-1 6.49265E-1 6.26471E-1 5.84476E-1 5.3423E-1 5.37014E-1 5.56075E-1 5.96262E-1 6.04783E-1 5.55585E-1 4.35163E-1 6.37597E-1 6.41673E-1 5.58394E-1 5.43244E-1 5.49465E-1 4.9683E-1 4.90196E-1 4.7607E-1 4.85799E-1 4.47993E-1 4.10169E-1 4.9893E-1 5.43572E-1 6.04835E-1 6.35223E-1 6.37848E-1 5.3898E-1 2.49602E-1 2.39965E-1 2.32983E-1 1.88123E-1 1.6876E-1 1.71248E-1 1.70986E-1 1.80197E-1 2.5448E-1 2.99013E-1 2.54936E-1 3.16127E-1 2.0339E-1 1.70188E-1 1.84886E-1 2.03456E-1 2.2672E-1 2.61112E-1 2.75239E-1 2.77845E-1 2.17262E-1
4.90992E-1 4.91902E-1 3.54978E-1 5.23837E-1 5.03787E-1 4.86752E-1 4.86819E-1 4.62376E-1 5.44812E-1 5.78549E-1 6.08908E-1 6.19782E-1 6.19768E-1 6.02113E-1 5.86968E-1 5.73489E-1 5.88584E-1 5.95226E-1 6.35008E-1 6.44449E-1 5.7877E-1 6.22194E-1 6.63781E-1 6.35829E-1 5.64462E-1 6.00301E-1 5.72346E-1 5.30155E-1 5.35181E-1 5.15984E-1 5.09828E-1 4.61037E-1 4.18694E-1 5.40086E-1 5.87116E-1 6.38621E-1 6.76093E-1 6.30824E-1 3.85137E-1 4.35836E-1 3.36827E-1 2.70961E-1 2.12857E-1 2.05368E-1 2.08388E-1 2.0151E-1 2.28753E-1 2.61155E-1 2.83512E-1 3.2279E-1 2.21274E-1 2.11023E-1 2.15868E-1 2.20491E-1 2.22532E-1 2.2977E-1 2.21742E-1 2.58652E-1 2.72749E-1 2.84751E-1
4.76235E-1 4.85465E-1 3.85383E-1 5.30734E-1 4.58527E-1 4.10435E-1 4.53566E-1 4.60956E-1 4.97235E-1 5.56946E-1 6.05094E-1 5.95836E-1 5.36765E-1 5.86419E-1 5.9267E-1 5.94684E-1 5.93152E-1 5.58798E-1 6.15957E-1 6.1914E-1 5.64272E-1 6.36695E-1 6.66812E-1 6.05532E-1 5.82529E-1 6.15129E-1 5.70327E-1 5.3283E-1 5.49998E-1 5.30393E-1 5.25957E-1 4.63602E-1 4.83454E-1 5.5111E-1 6.12095E-1 6.55993E-1 6.08059E-1 3.71608E-1 5.7935E-1 4.85858E-1 3.67066E-1 2.86673E-1 2.5295E-1 2.58564E-1 2.59906E-1 2.47507E-1 2.77106E-1 3.07172E-1 3.91616E-1 3.92606E-1 3.36694E-1 2.95404E-1 2.62461E-1 2.21642E-1 2.4341E-1 2.45254E-1 2.63813E-1 2.93183E-1 3.11102E-1 3.34296E-1
4.71067E-1 3.08154E-1 4.64601E-1 5.0767E-1 4.15228E-1 3.6111E-1 4.42247E-1 4.2432E-1 4.5767E-1 5.45522E-1 5.92156E-1 5.72658E-1 3.99225E-1 5.69394E-1 5.83417E-1 5.89322E-1 4.26955E-1 6.41458E-1 6.57594E-1 5.46642E-1 3.80155E-1 6.44136E-1 6.80677E-1 5.79639E-1 5.79068E-1 6.23546E-1 5.65383E-1 5.37842E-1 5.52167E-1 5.34035E-1 5.0442E-1 5.0059E-1 4.74772E-1 5.13578E-1 6.12793E-1 5.47479E-1 5.1122E-1 4.42075E-1 4.84446E-1 4.2851E-1 3.66696E-1 3.51067E-1 3.40775E-1 3.30233E-1 2.96012E-1 2.64832E-1 2.56351E-1 3.34485E-1 4.17137E-1 4.45218E-1 4.38366E-1 3.11216E-1 3.39782E-1 2.95048E-1 2.87487E-1 3.13914E-1 3.41875E-1 2.88672E-1 3.50728E-1 3.59958E-1
