Phytophthora/models/20240506_1155_30/Phytophthora_PA3_RUN10_MAXENT_outputs/Phytophthora_PA3_RUN10.asc
ncols         225
nrows         269
xllcorner     473009.9838
yllcorner     4429051.1748
cellsize      50.0
NODATA_value  -9999
[rows 104 to 129 of 269, columns 0 to 59 of 225]
-9999 -9999 -9999 -9999 -9999 -9999 -9999 -9999 -9999 -9999 -9999 8.70947E-3 1.95981E-2 1.77769E-2 1.92132E-2 2.6901E-2 4.2365E-2 4.62849E-2 5.06276E-2 5.35924E-2 4.98176E-2 4.69034E-2 4.80109E-2 5.23922E-2 3.55835E-2 3.99422E-2 5.04963E-2 4.15458E-2 4.1991E-2 4.38377E-2 2.50542E-2 4.89397E-2 5.08834E-2 4.29717E-2 3.3835E-2 2.90417E-2 3.4694E-2 3.68359E-2 3.06285E-2 3.74908E-2 4.14399E-2 3.74624E-2 3.40663E-2 3.79338E-2 4.31751E-2 2.90303E-2 9.3123E-3 3.44524E-2 4.78679E-2 3.56975E-2 2.57934E-2 2.05271E-2 1.98686E-2 1.95241E-2 4.5123E-2 5.31547E-2 4.63619E-2 4.64609E-2 5.3179E-2 6.04712E-2
-9999 -9999 -9999 -9999 -9999 -9999 -9999 -9999 -9999 -9999 -9999 9.09663E-3 2.8274E-2 2.67973E-2 3.17925E-2 4.55492E-2 5.10201E-2 5.37488E-2 4.76284E-2 4.09353E-2 4.55662E-2 5.59868E-2 5.81024E-2 5.01268E-2 3.33075E-2 5.73875E-2 4.38637E-2 4.34254E-2 4.68739E-2 4.93895E-2 5.51253E-2 5.75809E-2 5.26999E-2 3.60838E-2 3.0743E-2 2.88846E-2 4.24478E-2 4.21823E-2 3.21811E-2 3.43989E-2 3.71879E-2 3.47177E-2 3.15593E-2 3.98699E-2 3.21664E-2 2.9627E-2 2.60825E-2 3.01465E-2 2.45171E-2 4.5065E-2 3.17327E-2 2.67489E-2 2.18631E-2 3.55588E-2 3.76855E-2 4.31895E-2 3.50262E-2 4.3848E-2 5.06451E-2 5.15859E-2
-9999 -9999 -9999 -9999 -9999 -9999 -9999 -9999 -9999 -9999 1.53439E-2 1.31395E-2 3.56775E-2 3.72316E-2 4.81238E-2 4.92089E-2 5.0857E-2 4.29704E-2 3.75986E-2 3.85021E-2 5.16719E-2 6.55541E-2 7.40734E-2 1.40985E-2 5.78723E-2 4.71076E-2 2.35904E-2 4.46166E-2 4.82197E-2 5.28103E-2 5.72255E-2 5.29874E-2 4.35363E-2 3.36281E-2 3.50842E-2 3.73818E-2 4.78235E-2 4.11995E-2 2.95038E-2 3.44712E-2 3.59475E-2 3.67312E-2 3.54192E-2 4.00713E-2 3.9949E-2 3.53211E-2 2.54066E-2 2.91421E-2 1.24447E-2 4.32519E-2 4.17017E-2 3.60961E-2 3.21068E-2 5.05831E-2 4.85031E-2 2.83056E-2 2.95117E-2 5.18026E-2 6.41993E-2 7.87777E-2
-9999 -9999 -9999 -9999 -9999 -9999 -9999 -9999 -9999 -9999 2.40249E-2 1.94735E-2 4.02034E-2 4.78698E-2 5.17502E-2 5.14077E-2 4.20039E-2 3.29771E-2 3.2047E-2 4.05379E-2 5.82938E-2 6.5941E-2 3.27915E-2 3.56515E-2 5.18235E-2 4.84238E-2 4.61071E-2 4.55142E-2 5.19009E-2 5.11109E-2 4.59016E-2 4.20798E-2 3.85186E-2 3.74004E-2 4.06449E-2 4.46309E-2 5.11253E-2 4.49437E-2 2.20965E-2 3.5768E-2 3.53382E-2 3.59043E-2 4.04065E-2 4.80897E-2 5.53752E-2 4.83663E-2 4.19974E-2 3.30976E-2 2.81166E-2 5.83537E-2 5.1129E-2 5.04318E-2 5.45756E-2 5.53425E-2 6.31586E-2 3.1418E-2 3.38349E-2 6.50484E-2 8.39885E-2 8.88188E-2
-9999 -9999 -9999 -9999 -9999 -9999 -9999 -9999 -9999 -9999 2.52509E-2 2.27177E-2 5.86428E-2 6.96513E-2 7.23551E-2 5.59286E-2 4.34404E-2 3.54672E-2 4.53402E-2 5.85954E-2 7.9066E-2 4.85533E-2 1.56555E-2 6.99762E-2 5.59124E-2 5.42291E-2 5.5189E-2 5.40037E-2 5.64765E-2 4.9202E-2 4.2598E-2 5.00062E-2 5.73512E-2 5.90401E-2 6.21275E-2 6.73879E-2 6.62456E-2 6.14718E-2 2.8792E-2 2.66666E-2 4.05706E-2 3.06807E-2 3.79413E-2 5.03138E-2 6.37327E-2 7.23952E-2 6.73616E-2 5.18416E-2 1.96491E-2 6.336E-2 6.08744E-2 6.15814E-2 8.2591E-2 6.5376E-2 5.82327E-2 3.36426E-2 4.15197E-2 7.90967E-2 8.78942E-2 5.9569E-2
-9999 -9999 -9999 -9999 -9999 -9999 -9999 -9999 -9999 3.9379E-2 3.23305E-2 3.18685E-2 9.85341E-2 1.00155E-1 9.30147E-2 6.74439E-2 4.85405E-2 5.19115E-2 6.52445E-2 7.87142E-2 8.82935E-2 1.94201E-2 6.33778E-2 7.64414E-2 7.21554E-2 6.9897E-2 6.38357E-2 5.5391E-2 5.41963E-2 4.82436E-2 5.81021E-2 7.32637E-2 8.92189E-2 8.79193E-2 9.02914E-2 9.08514E-2 8.63873E-2 8.1157E-2 7.2906E-2 6.65652E-2 2.99667E-2 3.48588E-2 1.66616E-2 2.91959E-2 5.76594E-2 7.21026E-2 7.77441E-2 6.88091E-2 4.29688E-2 6.72126E-2 5.97525E-2 6.85209E-2 8.23964E-2 7.70381E-2 6.48474E-2 5.4119E-2 6.43921E-2 7.32892E-2 5.93048E-2 4.58399E-2
-9999 -9999 -9999 -9999 -9999 -9999 -9999 5.61842E-2 3.60131E-2 4.29552E-2 3.90703E-2 6.12223E-2 8.55948E-2 1.29276E-1 1.13237E-1 8.0924E-2 6.96069E-2 8.01309E-2 9.5641E-2 1.22286E-1 3.40426E-2 3.89275E-2 9.2457E-2 8.05032E-2 7.47646E-2 6.80267E-2 6.30992E-2 6.28215E-2 7.31894E-2 7.47866E-2 8.44347E-2 1.06346E-1 1.12361E-1 1.10499E-1 1.17079E-1 8.57664E-2 1.13014E-1 1.06126E-1 9.22189E-2 8.26012E-2 4.9364E-2 2.89943E-2 4.13968E-2 5.23122E-2 2.92511E-2 6.1955E-2 8.26978E-2 7.47397E-2 6.07467E-2 7.21407E-2 7.64857E-2 6.25453E-2 8.44549E-2 8.41512E-2 7.95518E-2 7.55657E-2 6.29534E-2 5.76002E-2 4.78382E-2 4.19099E-2
-9999 -9999 -9999 -9999 -9999 -9999 -9999 5.08582E-2 3.63895E-2 3.99621E-2 6.24424E-2 8.54242E-2 1.73621E-1 1.56155E-1 1.27755E-1 8.19588E-2 9.1293E-2 1.21039E-1 1.27431E-1 6.69549E-2 3.26125E-2 9.64028E-2 9.55002E-2 8.89804E-2 8.90194E-2 8.68865E-2 8.7131E-2 9.08587E-2 1.10747E-1 1.11393E-1 1.13406E-1 1.39129E-1 1.41544E-1 9.46577E-2 1.58766E-1 1.63559E-1 1.50666E-1 1.32248E-1 1.05837E-1 1.04415E-1 8.87554E-2 5.07291E-2 5.57679E-2 6.28869E-2 6.78317E-2 6.56844E-2 7.73587E-2 7.49335E-2 5.75116E-2 5.42547E-2 9.03313E-2 8.00551E-2 8.72545E-2 8.34942E-2 9.1479E-2 7.12266E-2 5.58788E-2 4.70513E-2 4.93465E-2 5.39626E-2
-9999 -9999 -9999 -9999 -9999 -9999 -9999 1.50467E-1 1.42278E-1 1.39323E-1 1.58648E-1 1.99839E-1 2.25111E-1 1.85087E-1 1.39048E-1 9.93385E-2 1.19332E-1 1.53453E-1 1.17092E-1 2.11411E-2 9.97156E-2 1.02062E-1 1.03073E-1 1.07788E-1 1.14704E-1 1.14357E-1 1.187E-1 1.20469E-1 1.41822E-1 1.43501E-1 1.61295E-1 1.67523E-1 1.76261E-1 1.78249E-1 2.09229E-1 2.06031E-1 1.94952E-1 1.76135E-1 1.46253E-1 1.29235E-1 1.12828E-1 8.77255E-2 7.34486E-2 6.95163E-2 7.48569E-2 7.1062E-2 7.25571E-2 7.9885E-2 7.90157E-2 5.14712E-2 9.50826E-2 8.83481E-2 8.88199E-2 8.38701E-2 8.40886E-2 7.52041E-2 5.10906E-2 4.78282E-2 5.1158E-2 5.38482E-2
-9999 -9999 -9999 -9999 -9999 -9999 -9999 1.554E-1 1.54923E-1 1.48271E-1 9.28649E-2 2.0516E-1 2.19736E-1 1.6819E-1 1.28902E-1 1.09732E-1 1.27871E-1 1.73463E-1 4.18776E-2 8.91735E-2 1.13748E-1 1.03933E-1 1.14421E-1 1.15172E-1 1.12771E-1 1.19077E-1 1.384E-1 8.49439E-2 9.3423E-2 1.41806E-1 1.60858E-1 1.65226E-1 1.11713E-1 1.84252E-1 1.96715E-1 2.0759E-1 1.94972E-1 1.75139E-1 1.36315E-1 1.34641E-1 1.26746E-1 1.03307E-1 8.83204E-2 8.9848E-2 9.47566E-2 7.02621E-2 8.72286E-2 9.03654E-2 1.00417E-1 3.48587E-2 1.15702E-1 1.15248E-1 9.73344E-2 9.99339E-2 1.05856E-1 9.35468E-2 6.73708E-2 6.28263E-2 6.30816E-2 6.7812E-2
-9999 -9999 -9999 -9999 -9999 -9999 1.0333E-1 1.31665E-1 1.4096E-1 1.49739E-1 1.80989E-1 2.15565E-1 2.02138E-1 1.36844E-1 1.31551E-1 1.52717E-1 1.57205E-1 4.84436E-2 6.58821E-2 1.07374E-1 1.03892E-1 1.12655E-1 1.24329E-1 6.69177E-2 1.43528E-1 1.47965E-1 1.53981E-1 1.44452E-1 1.54697E-1 1.51892E-1 1.61523E-1 1.65002E-1 1.76219E-1 1.99144E-1 1.97908E-1 2.11533E-1 1.95424E-1 1.69371E-1 9.83999E-2 8.76751E-2 9.23715E-2 1.17793E-1 1.0222E-1 1.1125E-1 1.22031E-1 1.10222E-1 1.08177E-1 1.11755E-1 1.1257E-1 7.84469E-2 1.39817E-1 1.22808E-1 7.79005E-2 1.27036E-1 1.49534E-1 1.15585E-1 8.67648E-2 8.68186E-2 1.03359E-1 1.11277E-1
-9999 -9999 -9999 -9999 -9999 -9999 9.78048E-2 1.0218E-1 1.21988E-1 8.41617E-2 1.83894E-1 2.12909E-1 1.8184E-1 1.16929E-1 1.21182E-1 1.4116E-1 1.12864E-1 1.1643E-1 1.04747E-1 1.03853E-1 1.1163E-1 1.2094E-1 1.26162E-1 1.43585E-1 1.47651E-1 1.69157E-1 1.66262E-1 1.53357E-1 1.64685E-1 1.65765E-1 1.69692E-1 1.69703E-1 1.78134E-1 1.90736E-1 1.80488E-1 2.03156E-1 1.80572E-1 1.51551E-1 1.11493E-1 1.44134E-1 1.58995E-1 1.39311E-1 1.23737E-1 1.36501E-1 1.49069E-1 1.34648E-1 1.34872E-1 1.51142E-1 1.24082E-1 9.90449E-2 1.57343E-1 1.31793E-1 1.3482E-1 1.5001E-1 1.62002E-1 1.34888E-1 1.09955E-1 1.03516E-1 1.0757E-1 1.22637E-1
-9999 -9999 -9999 -9999 -9999 -9999 9.82272E-2 1.2722E-1 1.31816E-1 1.70646E-1 2.20915E-1 1.98038E-1 1.50198E-1 1.42029E-1 1.27605E-1 1.05534E-1 1.35337E-1 9.17797E-2 9.17499E-2 7.54666E-2 8.39005E-2 1.09388E-1 1.45346E-1 1.43377E-1 1.53211E-1 1.55462E-1 1.50479E-1 1.50113E-1 1.59627E-1 1.54628E-1 1.58798E-1 1.58468E-1 1.76468E-1 1.56496E-1 1.50479E-1 1.70971E-1 1.42935E-1 1.12571E-1 1.13361E-1 1.50285E-1 1.72009E-1 1.60297E-1 1.49683E-1 1.68758E-1 1.74238E-1 1.54828E-1 1.12717E-1 1.88048E-1 3.80037E-2 1.10925E-1 1.66929E-1 1.47809E-1 1.65477E-1 1.71756E-1 1.7331E-1 1.54325E-1 1.2126E-1 9.30349E-2 8.90217E-2 1.04243E-1
-9999 -9999 -9999 -9999 -9999 -9999 -9999 1.65274E-1 2.18678E-1 2.25037E-1 2.24595E-1 1.49144E-1 1.22432E-1 1.40771E-1 1.0841E-1 1.12543E-1 8.19294E-2 8.0389E-2 8.78631E-2 1.04472E-1 1.14473E-1 1.43958E-1 1.54441E-1 1.32473E-1 1.44006E-1 1.35314E-1 1.25805E-1 1.32715E-1 1.54085E-1 1.46552E-1 1.61924E-1 1.6712E-1 1.64276E-1 1.29242E-1 1.24977E-1 1.13162E-1 1.17684E-1 1.14456E-1 1.3016E-1 1.55825E-1 1.86907E-1 1.75106E-1 9.30936E-2 1.99697E-1 2.28576E-1 1.95091E-1 1.82035E-1 2.37857E-1 6.51001E-2 1.27862E-1 1.17703E-1 9.65734E-2 1.42443E-1 1.06065E-1 1.52416E-1 1.28584E-1 1.16558E-1 1.11821E-1 1.31522E-1 1.60342E-1
-9999 -9999 -9999 -9999 -9999 -9999 -9999 1.73973E-1 1.44555E-1 2.06282E-1 2.03898E-1 1.40042E-1 1.42603E-1 1.79546E-1 1.61096E-1 8.17427E-2 9.6161E-2 1.18506E-1 1.32699E-1 1.4523E-1 1.39984E-1 1.5528E-1 1.28128E-1 1.0712E-1 1.30165E-1 1.37064E-1 1.16178E-1 1.2344E-1 1.5542E-1 1.60789E-1 1.68853E-1 1.44951E-1 1.14123E-1 1.27352E-1 1.26699E-1 1.23264E-1 1.13956E-1 1.30598E-1 1.43895E-1 1.13736E-1 2.08357E-1 1.89707E-1 2.00776E-1 2.14766E-1 2.50684E-1 2.09087E-1 2.02986E-1 1.39506E-1 5.63593E-2 1.10223E-1 1.37353E-1 1.4543E-1 1.02771E-1 9.26186E-2 8.7439E-2 6.04918E-2 3.58992E-2 9.28641E-2 9.14074E-2 1.59614E-1
-9999 -9999 -9999 -9999 -9999 -9999 -9999 -9999 1.38376E-1 1.54556E-1 1.73024E-1 1.65423E-1 2.26967E-1 1.21681E-1 1.45895E-1 8.96206E-2 9.42924E-2 1.12283E-1 1.24837E-1 1.38636E-1 1.42253E-1 1.31923E-1 1.01171E-1 8.19303E-2 1.0745E-1 1.43568E-1 1.26887E-1 1.28359E-1 1.3192E-1 1.35596E-1 1.14029E-1 1.16424E-1 1.37034E-1 1.46306E-1 1.3617E-1 1.51535E-1 1.31443E-1 1.57943E-1 1.62281E-1 1.33607E-1 2.28955E-1 1.98193E-1 2.28909E-1 2.05006E-1 2.1977E-1 1.8044E-1 1.99173E-1 4.23958E-2 6.16401E-2 1.37314E-1 1.13264E-1 8.92435E-2 7.27833E-2 6.62183E-2 6.08551E-2 7.01065E-2 9.25172E-2 1.29816E-1 1.74863E-1 1.92838E-1
-9999 -9999 -9999 -9999 -9999 -9999 -9999 -9999 -9999 1.63081E-1 1.35233E-1 1.27005E-1 1.64346E-1 2.58144E-1 1.67141E-1 1.36014E-1 1.06136E-1 1.18275E-1 1.36727E-1 1.6243E-1 1.78835E-1 1.48998E-1 1.11521E-1 1.07432E-1 1.48095E-1 1.85698E-1 1.61473E-1 1.40341E-1 1.48195E-1 1.03665E-1 1.09481E-1 1.44597E-1 1.68983E-1 1.57998E-1 1.71952E-1 1.86059E-1 1.49053E-1 1.76436E-1 2.01589E-1 2.35814E-1 2.31728E-1 1.86634E-1 2.14639E-1 1.86346E-1 1.82739E-1 1.94555E-1 2.09074E-2 3.43802E-2 1.14138E-1 7.10069E-2 6.94255E-2 7.52116E-2 6.73009E-2 6.92533E-2 1.39143E-1 1.39945E-1 1.18373E-1 1.47774E-1 2.01484E-1 2.33244E-1
-9999 -9999 -9999 -9999 -9999 -9999 -9999 -9999 -9999 -9999 -9999 2.33894E-1 9.25703E-2 2.97157E-1 2.15465E-1 1.60131E-1 1.14418E-1 1.21476E-1 1.40949E-1 1.56031E-1 1.69551E-1 1.6282E-1 1.42025E-1 1.48401E-1 1.7402E-1 1.98531E-1 2.20517E-1 1.2967E-1 1.42869E-1 1.08074E-1 1.36547E-1 1.48981E-1 1.53213E-1 1.75823E-1 1.60742E-1 1.90161E-1 1.70342E-1 1.97466E-1 1.64923E-1 2.5729E-1 2.15775E-1 1.77383E-1 1.95465E-1 1.54093E-1 8.04033E-2 1.85827E-2 2.68944E-2 1.26015E-1 8.84672E-2 9.45312E-2 1.04918E-1 1.16E-1 1.00645E-1 1.0486E-1 1.61976E-1 1.29414E-1 1.30557E-1 1.70342E-1 2.19875E-1 2.5986E-1
-9999 -9999 -9999 -9999 -9999 -9999 -9999 -9999 -9999 -9999 -9999 1.06678E-1 2.67585E-1 1.26671E-1 1.95801E-1 1.34123E-1 1.03502E-1 1.10055E-1 1.34894E-1 1.62002E-1 1.46719E-1 1.74873E-1 1.79276E-1 1.88458E-1 2.09154E-1 2.10671E-1 2.69898E-1 1.0485E-1 1.64952E-1 1.45977E-1 1.2752E-1 1.28632E-1 1.44933E-1 1.6664E-1 1.43238E-1 1.29387E-1 1.87647E-1 2.28244E-1 2.23352E-1 2.53072E-1 1.9361E-1 1.74918E-1 1.97495E-1 8.48573E-2 3.22142E-2 2.80043E-2 9.89973E-2 9.52315E-2 1.07254E-1 1.27288E-1 1.5279E-1 1.60689E-1 1.31606E-1 7.67432E-2 1.40571E-1 1.34491E-1 1.59882E-1 1.99812E-1 2.22316E-1 3.06067E-1
-9999 -9999 -9999 -9999 -9999 -9999 -9999 -9999 -9999 -9999 -9999 -9999 1.66954E-1 1.75006E-1 1.49443E-1 1.13931E-1 8.81462E-2 1.17534E-1 1.77941E-1 1.84001E-1 1.38784E-1 1.93933E-1 2.18894E-1 2.05623E-1 2.25859E-1 2.27535E-1 2.30692E-1 1.02973E-1 2.12087E-1 9.44827E-2 8.73579E-2 9.61443E-2 1.02911E-1 1.11112E-1 1.5422E-1 2.10468E-1 1.1316E-1 1.33776E-1 2.25701E-1 2.25739E-1 1.56938E-1 1.75538E-1 1.01975E-1 1.3478E-2 1.94388E-2 8.05824E-2 7.53446E-2 7.47608E-2 1.04692E-1 1.33536E-1 1.63274E-1 1.7051E-1 1.42784E-1 1.22068E-1 1.24303E-1 1.418E-1 1.63964E-1 1.77084E-1 2.21543E-1 2.50144E-1
-9999 -9999 -9999 -9999 -9999 -9999 -9999 -9999 -9999 -9999 -9999 -9999 -9999 9.32896E-2 1.21538E-1 1.05527E-1 9.8227E-2 1.5402E-1 1.8663E-1 1.92393E-1 2.05569E-1 2.36299E-1 2.59004E-1 2.73089E-1 1.92445E-1 2.72684E-1 2.39544E-1 1.71208E-1 1.6296E-1 8.08139E-2 6.2829E-2 6.8865E-2 9.26204E-2 1.21789E-1 1.63852E-1 2.21714E-1 2.0624E-1 2.3405E-1 2.32172E-1 2.03038E-1 1.46649E-1 1.19462E-1 1.88968E-2 1.71711E-2 5.43237E-2 4.89319E-2 5.80769E-2 8.27629E-2 1.1001E-1 1.3832E-1 1.80579E-1 1.89973E-1 1.36832E-1 1.28764E-1 1.40366E-1 1.36532E-1 1.49653E-1 1.52771E-1 1.81584E-1 1.8868E-1
-9999 -9999 -9999 -9999 -9999 -9999 -9999 -9999 -9999 -9999 -9999 -9999 -9999 1.12827E-1 1.3033E-1 1.12271E-1 1.19492E-1 1.73236E-1 1.742E-1 2.06564E-1 2.44731E-1 2.6571E-1 2.03805E-1 3.14282E-1 3.23566E-1 2.77367E-1 2.10386E-1 1.72395E-1 1.28137E-1 7.12206E-2 5.65772E-2 7.78576E-2 1.20155E-1 1.4461E-1 1.60429E-1 2.16266E-1 2.16761E-1 2.27121E-1 2.18071E-1 1.68659E-1 9.01844E-2 1.17133E-1 8.30936E-2 6.11784E-2 4.17013E-2 4.12255E-2 5.25371E-2 8.20599E-2 1.13974E-1 1.35412E-1 1.7442E-1 1.79601E-1 1.36001E-1 1.42098E-1 1.52854E-1 1.31387E-1 1.30148E-1 1.25565E-1 1.57103E-1 1.70337E-1
-9999 -9999 -9999 -9999 -9999 -9999 -9999 -9999 -9999 -9999 -9999 -9999 -9999 1.52718E-1 1.42096E-1 1.17596E-1 1.30163E-1 1.74047E-1 1.78818E-1 2.15938E-1 2.65085E-1 2.22447E-1 3.38367E-1 3.36415E-1 1.53497E-1 1.02277E-1 2.19004E-1 1.66844E-1 1.28789E-1 1.03484E-1 9.45951E-2 1.34129E-1 1.38415E-1 1.51617E-1 1.71912E-1 1.88579E-1 1.89151E-1 1.96199E-1 1.72711E-1 9.65102E-2 1.29029E-1 8.49505E-2 4.96051E-2 4.05963E-2 3.56344E-2 4.76146E-2 7.29303E-2 1.00805E-1 1.16761E-1 1.48995E-1 1.77534E-1 1.73128E-1 9.84154E-2 1.7448E-1 1.6942E-1 1.24922E-1 1.24559E-1 1.22476E-1 1.62973E-1 9.77898E-2
-9999 -9999 -9999 -9999 -9999 -9999 -9999 -9999 -9999 -9999 -9999 -9999 -9999 1.46064E-1 1.27942E-1 1.28794E-1 1.64241E-1 1.89538E-1 2.11401E-1 2.33793E-1 2.16394E-1 2.77279E-1 6.8413E-2 2.35573E-1 2.61923E-1 1.90438E-1 1.47137E-1 1.50788E-1 1.21828E-1 1.06546E-1 1.11194E-1 1.37569E-1 1.42666E-1 1.49365E-1 1.34397E-1 1.58499E-1 1.63725E-1 1.48314E-1 1.07125E-1 1.04589E-1 6.78499E-2 4.81225E-2 3.63727E-2 3.38298E-2 4.18203E-2 6.42039E-2 9.59279E-2 1.17342E-1 1.34461E-1 1.54421E-1 1.74562E-1 1.63512E-1 8.21641E-2 1.78964E-1 1.77672E-1 1.20872E-1 9.73233E-2 9.49503E-2 1.24127E-1 3.21271E-2
-9999 -9999 -9999 -9999 -9999 -9999 -9999 -9999 -9999 -9999 -9999 -9999 1.49904E-1 1.95043E-1 2.29139E-1 2.63389E-1 2.34659E-1 2.97679E-1 2.74359E-1 2.15029E-1 1.89256E-1 3.10061E-1 2.08485E-1 1.82759E-1 1.68102E-1 1.47971E-1 1.01181E-1 1.55304E-1 1.55567E-1 1.43264E-1 1.42536E-1 1.6023E-1 1.23321E-1 1.14433E-1 9.15324E-2 1.30792E-1 1.47813E-1 4.00326E-2 9.21868E-2 7.88037E-2 5.47656E-2 5.53804E-2 6.14767E-2 5.6549E-2 6.45427E-2 7.97467E-2 1.10097E-1 1.27311E-1 1.53579E-1 1.8E-1 1.67359E-1 1.60618E-1 1.67734E-1 1.85044E-1 1.64152E-1 1.26957E-1 1.08571E-1 1.01732E-1 7.9662E-2 4.39496E-2
-9999 -9999 -9999 -9999 -9999 -9999 -9999 -9999 -9999 -9999 -9999 4.53267E-2 2.78297E-1 1.33145E-1 1.61814E-1 1.51659E-1 2.73681E-1 3.51545E-1 1.78592E-1 1.71576E-1 1.71679E-1 1.73756E-1 1.66513E-1 9.9047E-2 9.8216E-2 2.70817E-1 3.75544E-1 9.97995E-2 1.48761E-1 1.98266E-1 2.13246E-1 1.97449E-1 1.53422E-1 1.08997E-1 7.7202E-2 9.60437E-2 1.14712E-1 5.67707E-2 1.02076E-1 6.94533E-2 6.45922E-2 8.12186E-2 1.09489E-1 9.12062E-2 9.01994E-2 9.44442E-2 1.11929E-1 1.29592E-1 1.69164E-1 1.85304E-1 1.65113E-1 1.42188E-1 1.80237E-1 1.82972E-1 1.42861E-1 1.11304E-1 9.76065E-2 9.89761E-2 7.80827E-2 4.94344E-2
