Phytophthora/models/20240506_1155_30/Phytophthora_PA3_RUN10_MAXENT_outputs/Phytophthora_PA3_RUN10.asc
ncols         225
nrows         269
xllcorner     473009.9838
yllcorner     4429051.1748
cellsize      50.0
NODATA_value  -9999
[rows 78 to 103 of 269, columns 0 to 59 of 225]
-9999 -9999 -9999 -9999 -9999 -9999 -9999 -9999 -9999 -9999 -9999 -9999 -9999 -9999 -9999 -9999 -9999 -9999 -9999 -9999 -9999 -9999 -9999 -9999 -9999 -9999 -9999 -9999 -9999 1.07964E-2 5.34762E-3 2.52405E-3 2.15707E-3 2.63353E-3 4.49034E-3 4.43846E-3 5.85024E-3 6.57205E-3 7.06085E-3 9.08648E-3 1.32603E-2 1.50489E-2 2.00105E-2 1.53584E-2 1.41175E-2 1.47526E-2 1.56861E-2 1.51728E-2 1.9753E-2 2.06458E-2 1.79588E-2 1.65815E-2 1.49402E-2 1.17899E-2 1.4086E-2 1.99513E-2 1.95248E-2 2.23411E-2 1.62992E-2 1.32773E-2
-9999 -9999 -9999 -9999 -9999 -9999 -9999 -9999 -9999 -9999 -9999 -9999 -9999 -9999 -9999 -9999 -9999 -9999 -9999 -9999 -9999 -9999 -9999 -9999 -9999 -9999 -9999 -9999 -9999 -9999 1.58351E-3 1.77783E-3 1.78224E-3 1.83477E-3 1.02269E-2 3.87696E-3 5.16629E-3 6.84535E-3 8.52549E-3 1.10946E-2 1.13125E-2 1.23391E-2 1.72543E-2 1.39134E-2 1.14337E-2 1.59435E-2 1.21617E-2 1.21774E-2 1.89626E-2 2.21488E-2 1.10398E-2 1.32759E-2 1.81336E-2 1.97269E-2 2.17889E-2 2.61651E-2 2.21636E-2 2.4057E-2 3.42121E-2 2.12499E-2
-9999 -9999 -9999 -9999 -9999 -9999 -9999 -9999 -9999 -9999 -9999 -9999 -9999 -9999 -9999 -9999 -9999 -9999 -9999 -9999 -9999 -9999 -9999 -9999 -9999 -9999 -9999 -9999 -9999 -9999 -9999 2.33458E-3 2.56032E-3 2.6295E-3 3.76699E-3 3.63365E-3 4.72342E-3 5.9516E-3 6.58339E-3 7.92453E-3 9.32793E-3 7.90074E-3 1.22836E-2 1.01798E-2 1.01363E-2 1.35365E-2 1.34727E-2 1.30666E-2 1.2649E-2 2.02224E-2 1.72509E-2 2.1451E-2 2.06461E-2 2.29218E-2 1.31646E-2 3.02541E-2 3.2384E-2 1.82127E-2 4.00935E-2 2.26872E-2
-9999 -9999 -9999 -9999 -9999 -9999 -9999 -9999 -9999 -9999 -9999 -9999 -9999 -9999 -9999 -9999 -9999 -9999 -9999 -9999 -9999 -9999 -9999 -9999 -9999 -9999 -9999 -9999 -9999 -9999 -9999 2.83172E-3 3.64992E-3 4.12172E-3 3.62512E-3 4.26017E-3 5.26505E-3 6.17644E-3 6.41935E-3 7.53894E-3 5.24135E-3 6.06413E-3 1.67405E-2 1.40483E-2 1.37907E-2 1.69709E-2 1.94125E-2 1.95707E-2 1.86564E-2 1.87499E-2 2.23597E-2 2.36713E-2 2.45546E-2 2.92474E-2 3.09031E-2 2.54556E-2 2.1162E-2 3.29929E-2 2.53385E-2 3.6839E-2
-9999 -9999 -9999 -9999 -9999 -9999 -9999 -9999 -9999 -9999 -9999 -9999 -9999 -9999 -9999 -9999 -9999 -9999 -9999 -9999 -9999 -9999 -9999 -9999 -9999 -9999 -9999 -9999 -9999 -9999 -9999 -9999 6.47166E-3 6.27794E-3 3.92691E-3 4.77013E-3 5.42724E-3 6.4129E-3 6.59126E-3 6.75426E-3 5.52721E-3 4.8867E-3 9.34347E-3 1.43506E-2 1.12885E-2 1.77089E-2 1.9547E-2 2.18531E-2 2.01792E-2 1.94048E-2 1.98858E-2 2.20433E-2 2.52515E-2 2.82518E-2 3.59893E-2 4.21441E-2 1.91191E-2 4.38668E-2 2.56946E-2 2.35919E-2
-9999 -9999 -9999 -9999 -9999 -9999 -9999 -9999 -9999 -9999 -9999 -9999 -9999 -9999 -9999 -9999 -9999 -9999 -9999 -9999 -9999 -9999 -9999 -9999 -9999 -9999 -9999 -9999 -9999 -9999 -9999 -9999 8.6008E-3 7.44092E-3 6.76174E-3 1.0259E-2 7.34105E-3 7.18159E-3 6.37287E-3 6.67861E-3 6.86796E-3 7.58545E-3 1.33127E-2 1.64749E-2 8.96909E-3 1.32994E-2 1.81738E-2 2.48174E-2 2.56342E-2 2.41527E-2 2.13153E-2 2.2132E-2 2.51712E-2 3.16928E-2 3.36189E-2 4.09469E-2 2.99547E-2 4.74582E-2 2.52875E-2 2.47815E-2
-9999 -9999 -9999 -9999 -9999 -9999 -9999 -9999 -9999 -9999 -9999 -9999 -9999 -9999 -9999 -9999 -9999 -9999 -9999 -9999 -9999 -9999 -9999 -9999 -9999 -9999 -9999 -9999 -9999 -9999 -9999 -9999 -9999 1.17616E-2 1.61703E-2 1.84945E-2 1.79114E-2 1.33456E-2 1.15659E-2 1.02693E-2 1.20121E-2 1.26284E-2 1.62156E-2 1.59957E-2 1.36664E-2 7.24077E-3 1.76592E-2 2.44564E-2 2.91284E-2 3.09158E-2 1.92667E-2 2.45646E-2 2.60005E-2 3.38864E-2 3.41893E-2 3.83388E-2 2.47872E-2 3.84274E-2 2.34852E-2 2.74477E-2
-9999 -9999 -9999 -9999 -9999 -9999 -9999 -9999 -9999 -9999 -9999 -9999 -9999 -9999 -9999 -9999 -9999 -9999 -9999 -9999 -9999 -9999 -9999 -9999 -9999 -9999 -9999 -9999 -9999 -9999 -9999 -9999 -9999 2.24443E-2 2.2013E-2 1.77612E-2 1.33474E-2 1.07365E-2 8.73645E-3 1.14394E-2 1.62446E-2 1.32612E-2 1.35855E-2 1.48519E-2 1.85029E-2 1.63558E-2 1.65939E-2 1.9416E-2 3.09278E-2 3.02657E-2 3.21771E-2 1.57093E-2 2.80426E-2 3.23464E-2 3.67976E-2 2.68914E-2 2.45941E-2 2.31016E-2 2.54565E-2 3.11861E-2
-9999 -9999 -9999 -9999 -9999 -9999 -9999 -9999 -9999 -9999 -9999 -9999 -9999 -9999 -9999 -9999 -9999 -9999 -9999 -9999 -9999 -9999 -9999 -9999 -9999 -9999 -9999 -9999 -9999 -9999 -9999 -9999 -9999 1.61974E-2 1.64754E-2 1.34062E-2 1.03485E-2 7.16118E-3 1.19065E-2 1.72485E-2 1.56249E-2 1.52103E-2 1.59421E-2 1.70909E-2 2.51548E-2 2.05719E-2 1.11573E-2 1.79212E-2 2.49692E-2 3.78791E-2 3.24483E-2 3.24664E-2 1.65802E-2 3.14897E-2 4.05333E-2 3.47956E-2 3.74203E-2 2.20006E-2 3.04294E-2 3.16054E-2
-9999 -9999 -9999 -9999 -9999 -9999 -9999 -9999 -9999 -9999 -9999 -9999 -9999 -9999 -9999 -9999 -9999 -9999 -9999 -9999 -9999 -9999 -9999 -9999 -9999 -9999 -9999 -9999 -9999 -9999 -9999 -9999 -9999 1.60941E-2 1.7329E-2 1.46606E-2 1.10781E-2 1.32151E-2 1.55544E-2 2.13418E-2 1.73212E-2 1.57838E-2 2.36569E-2 2.48582E-2 3.00834E-2 2.44187E-2 1.82536E-2 2.17856E-2 2.26433E-2 1.70934E-2 2.74423E-2 2.22906E-2 2.63421E-2 2.70441E-2 3.16692E-2 3.38355E-2 3.71664E-2 3.3369E-2 2.73658E-2 2.91832E-2
-9999 -9999 -9999 -9999 -9999 -9999 -9999 -9999 -9999 -9999 -9999 -9999 -9999 -9999 -9999 -9999 -9999 -9999 -9999 -9999 -9999 -9999 -9999 -9999 -9999 -9999 -9999 -9999 -9999 -9999 -9999 -9999 -9999 1.62477E-2 1.64132E-2 1.70439E-2 1.7686E-2 1.68646E-2 2.07426E-2 2.46251E-2 2.23364E-2 1.44423E-2 2.39317E-2 3.07032E-2 3.45623E-2 1.24976E-2 1.84044E-2 2.18615E-2 2.22043E-2 1.63278E-2 1.96081E-2 2.17634E-2 3.08907E-2 3.30396E-2 4.02654E-2 3.39351E-2 2.57091E-2 1.66011E-2 1.97794E-2 2.55973E-2
-9999 -9999 -9999 -9999 -9999 -9999 -9999 -9999 -9999 -9999 -9999 -9999 -9999 -9999 -9999 -9999 -9999 -9999 -9999 -9999 -9999 -9999 -9999 -9999 -9999 -9999 -9999 -9999 -9999 -9999 -9999 -9999 -9999 1.56712E-2 1.89266E-2 2.26861E-2 2.45517E-2 2.41031E-2 2.16139E-2 1.87977E-2 2.72432E-2 1.99667E-2 2.8522E-2 3.41617E-2 4.06568E-2 2.37253E-2 2.51336E-2 2.19228E-2 1.71542E-2 1.23333E-2 1.61104E-2 1.87699E-2 2.68098E-2 3.01255E-2 3.78273E-2 3.29689E-2 3.16172E-2 3.1292E-2 1.6254E-2 1.79518E-2
-9999 -9999 -9999 -9999 -9999 -9999 -9999 -9999 -9999 -9999 -9999 -9999 -9999 -9999 -9999 -9999 -9999 -9999 -9999 -9999 -9999 -9999 -9999 -9999 -9999 -9999 -9999 -9999 -9999 -9999 -9999 -9999 1.46288E-2 1.35212E-2 1.73484E-2 2.0392E-2 2.57188E-2 2.30629E-2 1.75928E-2 1.74903E-2 2.70086E-2 3.20981E-2 3.23084E-2 3.74171E-2 4.24342E-2 2.97504E-2 3.16832E-2 2.91478E-2 1.99937E-2 1.41861E-2 1.59856E-2 1.58232E-2 2.36152E-2 2.98977E-2 3.73737E-2 3.10279E-2 3.10863E-2 2.8742E-2 2.0061E-2 1.93613E-2
-9999 -9999 -9999 -9999 -9999 -9999 -9999 -9999 -9999 -9999 -9999 -9999 -9999 -9999 -9999 -9999 -9999 -9999 -9999 -9999 3.24316E-3 3.03542E-3 7.79437E-3 3.71279E-3 4.9588E-3 -9999 -9999 -9999 1.17714E-2 2.97859E-3 1.65059E-3 4.54266E-3 1.70171E-2 1.58475E-2 1.82783E-2 1.89982E-2 2.25925E-2 1.6304E-2 1.4179E-2 1.98413E-2 2.74536E-2 3.33663E-2 3.86488E-2 3.77149E-2 4.09924E-2 3.92829E-2 3.87383E-2 3.24757E-2 2.75377E-2 1.73093E-2 1.72562E-2 1.7055E-2 2.51249E-2 3.40841E-2 3.62654E-2 2.29194E-2 2.45598E-2 2.60608E-2 2.08332E-2 1.5041E-2
-9999 -9999 -9999 -9999 -9999 -9999 -9999 -9999 -9999 -9999 -9999 -9999 -9999 -9999 -9999 -9999 -9999 2.14357E-2 9.61557E-3 5.08613E-3 3.53178E-3 3.2995E-3 8.50581E-3 4.3247E-3 5.6935E-3 3.8688E-2 8.6764E-2 7.42466E-2 2.13812E-2 5.8014E-3 3.01574E-3 4.6774E-3 2.3417E-2 1.86525E-2 1.91834E-2 1.75861E-2 1.85215E-2 1.65233E-2 1.72361E-2 2.07131E-2 2.95644E-2 3.43653E-2 4.29922E-2 3.5122E-2 2.42282E-2 3.96426E-2 4.41547E-2 3.99252E-2 2.4694E-2 1.6296E-2 1.63885E-2 1.34734E-2 1.54793E-2 1.60702E-2 1.21601E-2 1.49566E-2 9.93237E-3 1.46417E-2 1.66437E-2 2.07719E-2
-9999 -9999 -9999 -9999 -9999 -9999 -9999 -9999 -9999 -9999 -9999 -9999 -9999 -9999 -9999 -9999 1.25449E-2 1.17816E-2 5.53398E-3 3.50791E-3 2.44825E-3 2.87838E-3 8.45818E-3 3.08557E-3 4.03583E-3 6.8808E-3 1.22209E-2 2.47603E-2 1.19559E-2 4.74404E-3 3.02513E-3 7.14091E-3 2.81488E-2 2.57422E-2 2.2042E-2 1.97158E-2 1.52774E-2 1.92156E-2 1.02107E-2 2.43075E-2 3.59035E-2 4.43183E-2 5.14494E-2 4.34552E-2 3.69799E-2 3.6332E-2 4.33229E-2 3.14109E-2 1.91343E-2 1.37249E-2 1.57983E-2 1.51384E-2 1.1153E-2 5.82111E-3 1.49348E-2 1.93224E-2 1.61987E-2 1.83349E-2 2.29463E-2 6.37998E-3
-9999 -9999 -9999 -9999 -9999 -9999 -9999 -9999 -9999 -9999 -9999 -9999 -9999 -9999 5.07138E-3 6.72785E-3 7.204E-3 7.03434E-3 3.62924E-3 2.49473E-3 2.05041E-3 4.05815E-3 1.10163E-2 3.59024E-3 3.68277E-3 4.30633E-3 5.80868E-3 9.01955E-3 5.8754E-3 3.49939E-3 3.15608E-3 1.06852E-2 3.08492E-2 3.03436E-2 2.91962E-2 1.86273E-2 2.54695E-2 2.26693E-2 2.64258E-2 3.33624E-2 4.11348E-2 5.49288E-2 6.19905E-2 5.5111E-2 4.39428E-2 5.50318E-2 3.23893E-2 1.92476E-2 1.78394E-2 1.45194E-2 1.99575E-2 2.62617E-2 1.92332E-2 2.5167E-2 2.68699E-2 1.951E-2 1.56916E-2 1.10948E-2 1.33554E-2 2.44542E-2
-9999 -9999 -9999 -9999 -9999 -9999 -9999 -9999 -9999 -9999 -9999 1.66167E-3 2.26562E-3 3.31992E-3 4.39985E-3 5.62748E-3 6.73648E-3 7.36734E-3 5.27447E-3 3.26271E-3 2.55429E-3 6.12754E-3 1.33779E-2 6.90131E-3 3.57569E-3 4.2738E-3 4.27234E-3 4.08588E-3 3.38773E-3 3.33292E-3 7.95618E-3 1.8247E-2 3.34321E-2 3.12243E-2 2.92513E-2 1.37812E-2 3.15354E-2 2.54394E-2 3.23919E-2 4.37182E-2 5.30902E-2 7.23577E-2 7.12897E-2 4.49311E-2 5.67001E-2 3.64387E-2 2.57834E-2 2.45291E-2 2.25787E-2 1.8952E-2 1.94046E-2 2.86963E-2 2.81602E-2 3.35436E-2 3.09341E-2 2.09878E-2 1.75895E-2 8.29789E-3 1.11457E-2 1.94459E-2
-9999 -9999 -9999 -9999 -9999 -9999 -9999 -9999 -9999 -9999 1.26033E-3 1.20369E-3 1.52171E-3 2.87645E-3 4.61928E-3 6.00414E-3 7.55309E-3 9.59138E-3 8.18297E-3 7.39368E-3 9.55063E-3 1.37366E-2 1.86777E-2 1.38648E-2 9.96622E-3 7.51738E-3 5.7373E-3 5.23491E-3 8.96271E-3 1.54071E-2 2.09204E-2 3.29395E-2 4.09275E-2 3.72169E-2 3.38986E-2 1.91846E-2 3.02452E-2 2.95336E-2 3.82366E-2 5.79368E-2 6.75585E-2 4.6043E-2 8.07472E-2 8.28035E-2 5.64176E-2 5.23222E-2 5.04321E-2 3.51312E-2 2.70468E-2 2.18788E-2 2.5941E-2 3.21706E-2 3.25012E-2 3.6932E-2 3.77948E-2 3.0929E-2 2.09632E-2 2.00872E-2 1.44301E-2 1.95437E-2
-9999 -9999 -9999 -9999 -9999 -9999 -9999 -9999 -9999 -9999 6.47702E-3 7.08099E-3 9.93176E-3 1.82918E-2 2.16394E-2 2.31619E-2 3.23942E-2 3.92078E-2 4.39486E-2 3.40717E-2 3.6718E-2 3.32108E-2 2.64869E-2 2.80247E-2 2.8357E-2 3.37411E-2 4.05586E-2 4.89711E-2 5.29622E-2 5.63524E-2 5.35866E-2 5.3731E-2 4.68847E-2 2.61373E-2 3.91543E-2 3.84004E-2 3.56575E-2 2.75191E-2 4.41352E-2 5.54678E-2 8.29616E-2 9.96016E-2 9.5652E-2 1.00522E-1 6.59454E-2 7.34241E-2 4.52348E-2 3.16712E-2 2.80372E-2 2.78149E-2 4.24855E-2 3.92614E-2 4.00063E-2 4.821E-2 5.32345E-2 4.70059E-2 3.81652E-2 3.5754E-2 2.70903E-2 3.10835E-2
-9999 -9999 -9999 -9999 -9999 -9999 -9999 -9999 -9999 -9999 1.01409E-2 1.22196E-2 1.59583E-2 2.26315E-2 3.15349E-2 4.02153E-2 4.60484E-2 4.97975E-2 5.4055E-2 5.34538E-2 4.791E-2 4.08638E-2 3.45121E-2 3.32405E-2 3.58919E-2 4.22666E-2 5.22644E-2 6.39134E-2 6.00919E-2 5.48809E-2 5.53298E-2 5.20348E-2 4.99039E-2 4.51908E-2 2.98118E-2 4.45528E-2 3.79055E-2 2.30003E-2 5.68764E-2 6.62468E-2 8.00064E-2 9.27065E-2 8.05519E-2 6.9111E-2 2.86131E-2 5.01748E-2 3.1087E-2 2.61306E-2 3.11851E-2 3.42602E-2 4.02823E-2 2.60403E-2 3.5867E-2 5.02863E-2 5.78723E-2 5.96823E-2 3.80546E-2 3.35802E-2 3.69453E-2 4.26993E-2
-9999 -9999 -9999 -9999 -9999 -9999 -9999 -9999 -9999 -9999 8.97647E-3 1.10385E-2 1.54363E-2 2.29758E-2 3.54192E-2 4.79841E-2 5.23813E-2 3.57542E-2 6.42683E-2 6.20408E-2 5.48385E-2 4.68665E-2 3.92564E-2 3.30791E-2 3.59266E-2 4.38665E-2 5.97868E-2 7.22034E-2 6.64247E-2 5.84885E-2 5.48523E-2 5.39203E-2 4.49152E-2 5.27302E-2 5.34561E-2 4.41702E-2 3.77886E-2 3.46826E-2 4.61167E-2 6.43902E-2 7.47334E-2 9.87782E-2 7.52015E-2 2.21485E-2 8.51459E-2 4.48832E-2 3.20368E-2 2.6514E-2 3.62066E-2 3.83812E-2 3.41785E-2 3.2594E-2 3.43964E-2 5.02638E-2 5.98879E-2 4.78972E-2 4.37354E-2 4.58992E-2 4.80152E-2 4.96772E-2
-9999 -9999 -9999 -9999 -9999 -9999 -9999 -9999 -9999 -9999 8.09633E-3 1.06094E-2 1.65002E-2 2.64027E-2 3.94998E-2 5.01711E-2 5.78684E-2 3.58554E-2 7.08336E-2 6.85346E-2 6.22046E-2 5.13183E-2 4.30034E-2 3.21191E-2 3.66633E-2 4.87721E-2 5.60436E-2 6.32202E-2 5.84508E-2 5.60376E-2 5.92025E-2 5.8042E-2 3.56473E-2 4.8158E-2 4.11342E-2 4.27812E-2 4.01413E-2 3.28793E-2 3.07001E-2 6.53168E-2 7.10619E-2 7.07645E-2 8.2793E-2 2.63759E-2 5.67056E-2 5.80898E-2 4.62287E-2 3.8726E-2 3.38372E-2 3.53398E-2 3.765E-2 3.5676E-2 3.58601E-2 5.03467E-2 6.57464E-2 5.90711E-2 4.64933E-2 5.48467E-2 6.43477E-2 5.76169E-2
-9999 -9999 -9999 -9999 -9999 -9999 -9999 -9999 -9999 -9999 -9999 1.37653E-2 2.42506E-2 3.79281E-2 4.57897E-2 5.80792E-2 6.87396E-2 7.2305E-2 8.73995E-2 8.31623E-2 6.90886E-2 5.47263E-2 4.83245E-2 3.60418E-2 3.57237E-2 4.54094E-2 4.75395E-2 5.71167E-2 5.3532E-2 7.08863E-2 6.74643E-2 5.70708E-2 5.15141E-2 4.35884E-2 2.93349E-2 3.81268E-2 3.81276E-2 3.40268E-2 4.37998E-2 6.12852E-2 6.30004E-2 5.90002E-2 4.95648E-2 7.29827E-2 1.85976E-2 4.79376E-2 5.93787E-2 4.6193E-2 3.91388E-2 3.76713E-2 3.93496E-2 3.10836E-2 2.94883E-2 4.39789E-2 6.689E-2 6.35193E-2 5.29962E-2 4.79589E-2 4.96123E-2 6.38838E-2
-9999 -9999 -9999 -9999 -9999 -9999 -9999 -9999 -9999 -9999 -9999 2.29928E-2 3.40563E-2 4.47455E-2 5.80755E-2 6.15519E-2 7.83705E-2 8.25631E-2 7.52204E-2 6.68761E-2 6.67203E-2 5.93521E-2 4.87171E-2 3.86683E-2 4.49967E-2 5.05729E-2 5.41044E-2 5.23961E-2 5.17327E-2 6.07308E-2 5.16864E-2 3.85993E-2 3.96447E-2 3.47096E-2 2.64381E-2 4.44585E-2 4.46295E-2 4.41569E-2 3.76545E-2 4.56105E-2 5.28674E-2 5.32485E-2 4.56417E-2 5.49918E-2 3.90342E-2 2.47796E-2 6.36096E-2 5.50767E-2 4.54051E-2 3.68272E-2 3.17931E-2 2.48822E-2 2.03916E-2 3.21866E-2 5.92744E-2 6.92791E-2 6.32167E-2 6.63266E-2 7.01782E-2 7.35478E-2
-9999 -9999 -9999 -9999 -9999 -9999 -9999 -9999 -9999 -9999 -9999 1.10733E-2 1.81184E-2 2.06364E-2 3.07963E-2 4.25408E-2 3.86462E-2 6.21259E-2 5.78905E-2 6.40143E-2 6.19684E-2 5.42208E-2 4.42051E-2 4.29288E-2 5.73854E-2 3.74538E-2 3.78199E-2 5.23818E-2 5.02312E-2 4.69117E-2 4.4919E-2 4.68356E-2 4.70709E-2 3.94158E-2 3.42124E-2 4.04393E-2 4.26891E-2 4.14793E-2 3.80786E-2 4.01637E-2 4.11218E-2 4.10074E-2 3.13704E-2 4.33766E-2 3.35405E-2 3.99636E-2 5.15165E-2 5.89539E-2 5.53073E-2 4.00277E-2 2.52836E-2 2.04E-2 1.79061E-2 2.34819E-2 5.21677E-2 5.66207E-2 6.51144E-2 5.88741E-2 6.48684E-2 7.27148E-2
