Phytophthora/models/20240506_1155_30/Phytophthora_PA3_RUN10_MAXENT_outputs/Phytophthora_PA3_RUN10.asc
ncols         225
nrows         269
xllcorner     473009.9838
yllcorner     4429051.1748
cellsize      50.0
NODATA_value  -9999
[rows 182 to 207 of 269, columns 60 to 119 of 225]
4.1307E-1 3.9213E-1 3.46087E-1 4.32094E-1 4.61888E-1 4.8033E-1 5.35773E-1 5.6693E-1 5.22002E-1 6.27429E-1 5.94046E-1 6.29411E-1 5.5835E-1 4.75649E-1 3.83641E-1 3.48248E-1 3.70123E-1 3.33067E-1 1.94511E-1 1.28065E-1 1.1392E-1 9.95623E-2 9.27276E-2 6.90037E-2 1.86364E-1 2.29802E-1 2.64902E-1 3.06796E-1 4.89845E-1 5.65729E-1 4.37005E-1 3.5716E-1 4.07845E-1 5.24096E-1 4.83738E-1 6.26532E-1 6.57945E-1 6.53038E-1 6.32489E-1 6.68344E-1 6.31014E-1 5.83988E-1 4.78674E-1 3.56808E-1 3.43451E-1 4.25434E-1 4.42761E-1 4.97478E-1 5.13681E-1 5.77096E-1 6.00383E-1 6.37448E-1 4.90873E-1 6.18675E-1 5.16698E-1 5.33325E-1 4.67435E-1 2.64858E-1 3.52949E-1 3.16623E-1
4.68307E-1 4.99804E-1 4.65259E-1 4.16086E-1 4.26785E-1 4.05567E-1 5.796E-1 4.15968E-1 6.27007E-1 6.3761E-1 6.02414E-1 5.65028E-1 5.3462E-1 4.4069E-1 3.29144E-1 2.73444E-1 2.46349E-1 1.74843E-1 1.84499E-1 1.05591E-1 8.32538E-2 8.60301E-2 9.46212E-2 1.21517E-1 2.42729E-1 3.01355E-1 3.20502E-1 3.29941E-1 4.84216E-1 4.76364E-1 4.80769E-1 3.92357E-1 4.72735E-1 5.44541E-1 4.82404E-1 5.82258E-1 6.35311E-1 6.78764E-1 3.05856E-1 6.2937E-1 5.89634E-1 5.28328E-1 4.26778E-1 3.39984E-1 3.81039E-1 4.78015E-1 5.2427E-1 5.48354E-1 5.14424E-1 5.59792E-1 5.76441E-1 6.01344E-1 5.88034E-1 4.98657E-1 4.97381E-1 3.56987E-1 2.19212E-1 3.47888E-1 4.10424E-1 3.36301E-1
4.0481E-1 5.52974E-1 4.65803E-1 3.918E-1 3.15839E-1 5.80599E-1 6.45594E-1 6.39555E-1 6.2726E-1 6.35999E-1 5.91419E-1 4.75889E-1 4.38006E-1 3.74919E-1 2.6456E-1 1.89234E-1 1.34085E-1 1.06194E-1 1.00743E-1 1.24312E-1 6.35009E-2 6.95104E-2 8.51687E-2 8.61278E-2 2.9817E-1 3.11166E-1 3.45592E-1 3.69025E-1 4.88701E-1 4.5712E-1 3.9615E-1 3.79786E-1 4.68916E-1 4.53825E-1 5.17801E-1 5.60605E-1 6.02559E-1 6.11508E-1 6.3246E-1 3.96727E-1 6.31104E-1 4.99977E-1 4.22635E-1 3.56753E-1 4.36851E-1 5.14688E-1 5.72443E-1 5.57774E-1 4.36638E-1 3.88122E-1 5.55115E-1 5.74309E-1 5.02643E-1 2.61616E-1 4.87957E-1 4.22057E-1 2.50839E-1 3.3719E-1 4.26108E-1 3.61048E-1
2.94982E-1 4.15989E-1 4.65075E-1 4.55844E-1 5.28933E-1 6.5087E-1 6.69012E-1 6.15514E-1 6.11481E-1 5.98274E-1 5.37994E-1 4.45545E-1 3.39781E-1 2.6249E-1 1.99184E-1 1.31658E-1 9.30148E-2 7.73679E-2 9.88906E-2 7.92323E-2 6.49947E-2 7.31111E-2 1.00573E-1 5.57426E-2 3.33777E-1 3.28262E-1 3.98218E-1 4.48905E-1 4.90904E-1 3.95683E-1 3.84913E-1 5.34521E-1 4.69493E-1 4.87244E-1 5.30934E-1 5.54874E-1 5.79157E-1 5.47065E-1 5.18472E-1 3.83769E-1 6.06543E-1 4.57017E-1 4.40842E-1 3.3981E-1 3.73451E-1 5.10184E-1 6.01767E-1 6.05776E-1 5.31678E-1 5.03743E-1 5.02065E-1 5.33794E-1 4.719E-1 2.95765E-1 4.50764E-1 3.65753E-1 3.32207E-1 2.99762E-1 4.02001E-1 3.69078E-1
3.10556E-1 2.79635E-1 5.18484E-1 5.03562E-1 6.20065E-1 6.51626E-1 6.31353E-1 5.71068E-1 5.90833E-1 5.74908E-1 4.97967E-1 4.55472E-1 3.73184E-1 2.72139E-1 1.80563E-1 1.34565E-1 9.35985E-2 5.81197E-2 4.90894E-2 5.70019E-2 7.04013E-2 1.14243E-1 9.01179E-2 1.94416E-1 2.96423E-1 3.29219E-1 4.26735E-1 4.92365E-1 4.83459E-1 4.76844E-1 5.77825E-1 5.11377E-1 5.43689E-1 4.57287E-1 5.78361E-1 5.61095E-1 5.63475E-1 5.58026E-1 4.42444E-1 5.24688E-1 5.67695E-1 4.49929E-1 4.44751E-1 4.19229E-1 3.7227E-1 4.86598E-1 5.26675E-1 5.89977E-1 5.30871E-1 5.6812E-1 4.91235E-1 4.67631E-1 4.93862E-1 2.82607E-1 4.7604E-1 3.87335E-1 3.81517E-1 3.28769E-1 3.26089E-1 2.68833E-1
4.88793E-1 4.6428E-1 5.55091E-1 5.90315E-1 6.36925E-1 6.32408E-1 5.67676E-1 5.0733E-1 5.36161E-1 5.29485E-1 5.16747E-1 5.2327E-1 4.52718E-1 3.58991E-1 2.25481E-1 1.31804E-1 6.97265E-2 5.13194E-2 6.41898E-2 6.94177E-2 5.46392E-2 6.38741E-2 1.00862E-1 1.52665E-1 2.55469E-1 3.03545E-1 3.96364E-1 4.62519E-1 4.89412E-1 5.34023E-1 4.8867E-1 5.2062E-1 5.50722E-1 5.54352E-1 5.80112E-1 5.29003E-1 4.99429E-1 5.2962E-1 4.74106E-1 4.22902E-1 5.32078E-1 3.67797E-1 4.31953E-1 4.93783E-1 3.88001E-1 4.31839E-1 3.53101E-1 2.94454E-1 3.88667E-1 3.81385E-1 3.81789E-1 2.64839E-1 3.31648E-1 3.19358E-1 4.88922E-1 2.88605E-1 4.08479E-1 3.61065E-1 3.38904E-1 3.39301E-1
4.29263E-1 4.65461E-1 4.9856E-1 5.17608E-1 5.12932E-1 4.74184E-1 4.01748E-1 3.34015E-1 3.53473E-1 4.70124E-1 2.48573E-1 4.7039E-1 4.46589E-1 3.57656E-1 2.25547E-1 1.29541E-1 7.42392E-2 6.09231E-2 7.87827E-2 3.62464E-2 7.18266E-2 7.32949E-2 8.54502E-2 1.23969E-1 2.69805E-1 3.60776E-1 4.28881E-1 4.33883E-1 4.38401E-1 4.94804E-1 4.93866E-1 5.46062E-1 6.11053E-1 5.9918E-1 5.96497E-1 5.28488E-1 3.28866E-1 1.81285E-1 2.18231E-1 4.34721E-1 2.43399E-1 3.43268E-1 4.41391E-1 5.00683E-1 4.53187E-1 2.5088E-1 3.55356E-1 1.76658E-1 2.11862E-1 2.54912E-1 2.95992E-1 3.09053E-1 4.35048E-1 4.40979E-1 4.40018E-1 2.94925E-1 4.4079E-1 3.88568E-1 3.21181E-1 3.15074E-1
4.01891E-1 4.60171E-1 4.39918E-1 4.42086E-1 3.91451E-1 3.43271E-1 2.82849E-1 2.62896E-1 2.40867E-1 3.55374E-1 3.54138E-1 4.08875E-1 3.53054E-1 3.08233E-1 1.96295E-1 1.13864E-1 6.27841E-2 5.07896E-2 5.96147E-2 6.15991E-2 6.67522E-2 8.77739E-2 1.0945E-1 1.28579E-1 2.22978E-1 3.17979E-1 3.88191E-1 4.10898E-1 4.82495E-1 5.18211E-1 5.59074E-1 5.67111E-1 5.84389E-1 5.65796E-1 2.28429E-1 4.12167E-1 3.86247E-1 3.32415E-1 2.91509E-1 3.05167E-1 2.96014E-1 2.15045E-1 4.04109E-1 4.75088E-1 4.56983E-1 4.48961E-1 3.4834E-1 3.86829E-1 2.93301E-1 1.81869E-1 1.6556E-1 1.7827E-1 2.74221E-1 3.61818E-1 1.66123E-1 4.05977E-1 4.43642E-1 3.48007E-1 3.05494E-1 2.74092E-1
3.80908E-1 3.77654E-1 3.57004E-1 3.66085E-1 2.71665E-1 2.61893E-1 2.26749E-1 2.06758E-1 1.66951E-1 1.94197E-1 1.12023E-1 2.34698E-1 1.49392E-1 1.43753E-1 9.89381E-2 7.58543E-2 6.37251E-2 8.10631E-2 6.49477E-2 6.78266E-2 8.03648E-2 1.11606E-1 1.4757E-1 1.7166E-1 2.2311E-1 3.08099E-1 3.67164E-1 3.42074E-1 5.99441E-1 5.30216E-1 6.07243E-1 5.84457E-1 5.49086E-1 2.46149E-1 5.65928E-1 4.64968E-1 3.0399E-1 2.41009E-1 2.63498E-1 3.02969E-1 2.70739E-1 3.14929E-1 2.35603E-1 3.63079E-1 3.70949E-1 4.71652E-1 3.55076E-1 2.64188E-1 1.52802E-1 2.4934E-1 1.24625E-1 1.40887E-1 2.0361E-1 2.50486E-1 2.71322E-1 1.63997E-1 4.15879E-1 3.18458E-1 3.49185E-1 3.22201E-1
3.63704E-1 3.0327E-1 3.01914E-1 9.97819E-2 8.84033E-2 8.77443E-2 7.50706E-2 6.86652E-2 1.20186E-1 1.25989E-1 4.69977E-2 1.32233E-1 6.5997E-2 7.05512E-2 1.08457E-1 9.24799E-2 4.29548E-2 3.78852E-2 5.44974E-2 7.01635E-2 8.49185E-2 1.00076E-1 1.28316E-1 1.54009E-1 1.97893E-1 2.32875E-1 2.72344E-1 2.65516E-1 5.97852E-1 4.28631E-1 5.48258E-1 5.15892E-1 4.2835E-1 4.69407E-1 2.35457E-1 1.51621E-1 3.93313E-1 2.07625E-1 2.2327E-1 2.7072E-1 2.87947E-1 2.81633E-1 2.93046E-1 2.38778E-1 2.24282E-1 3.60429E-1 3.72228E-1 2.82341E-1 2.06033E-1 2.22729E-1 1.70917E-1 1.45404E-1 1.39161E-1 1.65809E-1 2.30856E-1 1.07003E-1 4.00282E-1 3.59039E-1 3.5103E-1 2.52377E-1
3.43307E-1 2.77243E-1 1.92671E-1 1.49738E-1 5.59235E-2 4.41557E-2 1.51833E-1 1.62526E-1 1.23479E-1 4.37903E-2 3.84305E-2 8.31986E-2 6.95754E-2 5.04273E-2 8.70717E-2 8.83181E-2 3.60599E-2 9.81085E-2 5.3633E-2 6.7577E-2 7.78816E-2 1.54785E-1 2.23839E-1 2.04425E-1 2.42426E-1 2.74521E-1 2.95842E-1 2.82507E-1 6.21591E-1 4.14022E-1 5.11761E-1 4.99776E-1 4.0469E-1 5.38545E-1 1.66545E-1 2.07449E-1 4.03547E-1 3.26461E-1 3.13918E-1 2.74981E-1 2.53514E-1 2.05572E-1 1.8617E-1 2.33458E-1 2.66811E-1 2.37255E-1 3.29606E-1 2.62447E-1 1.97764E-1 1.66868E-1 1.77545E-1 1.85972E-1 2.36581E-1 2.08984E-1 2.46981E-1 3.26774E-1 4.00383E-1 4.10349E-1 3.51383E-1 2.76688E-1
3.10497E-1 1.41787E-1 1.44235E-1 8.75049E-2 4.92208E-2 7.6692E-2 1.69272E-1 1.25466E-1 1.25896E-1 1.18196E-1 4.95281E-2 4.4397E-2 6.42485E-2 6.14917E-2 4.33962E-2 3.99827E-2 6.00878E-2 7.22575E-2 4.67198E-2 6.32631E-2 1.12469E-1 2.04656E-1 2.04711E-1 3.66995E-1 3.49761E-1 3.55487E-1 3.25765E-1 3.84978E-1 6.62851E-1 5.80274E-1 4.9051E-1 4.65776E-1 4.06293E-1 4.34036E-1 1.86236E-1 3.18731E-1 2.88741E-1 2.91866E-1 2.77807E-1 2.51547E-1 2.24425E-1 1.79335E-1 1.77226E-1 1.89358E-1 2.23304E-1 2.59748E-1 2.64291E-1 2.18217E-1 2.10108E-1 2.13116E-1 2.40881E-1 2.54881E-1 2.38905E-1 2.71085E-1 2.57343E-1 3.48667E-1 2.24676E-1 3.68235E-1 3.3686E-1 2.67207E-1
2.18978E-1 1.51228E-1 7.6981E-2 6.22885E-2 4.59902E-2 9.77292E-2 7.95836E-2 9.89466E-2 9.96411E-2 4.63828E-2 3.44576E-2 3.66525E-2 4.02601E-2 4.08413E-2 4.35761E-2 4.23363E-2 4.13208E-2 2.9796E-2 4.38366E-2 3.14668E-2 1.24825E-1 1.64774E-1 3.0174E-1 4.07272E-1 3.88662E-1 4.05347E-1 3.66147E-1 4.24371E-1 5.83562E-1 5.76477E-1 5.03192E-1 4.24143E-1 3.93393E-1 4.25637E-1 1.25747E-1 2.62631E-1 2.75404E-1 3.05301E-1 3.07914E-1 2.29961E-1 2.21745E-1 1.83163E-1 1.74967E-1 1.6544E-1 9.41513E-2 1.08565E-1 2.02272E-1 2.57157E-1 2.37313E-1 2.69779E-1 3.26971E-1 3.40957E-1 3.22719E-1 2.67077E-1 2.5236E-1 2.7921E-1 2.09706E-1 3.27538E-1 3.24644E-1 2.83803E-1
1.1742E-1 1.08835E-1 7.84518E-2 5.50842E-2 5.61672E-2 1.07015E-1 1.27492E-1 7.06063E-2 5.48559E-2 4.8102E-2 3.13596E-2 3.3304E-2 3.49614E-2 3.15616E-2 3.66437E-2 3.15309E-2 1.57552E-2 4.03954E-2 6.54542E-2 1.05916E-1 2.37586E-1 2.8034E-1 3.28241E-1 4.23469E-1 3.83712E-1 4.33081E-1 3.19618E-1 3.6643E-1 4.03991E-1 5.01676E-1 4.15446E-1 3.82051E-1 3.04574E-1 3.18545E-1 1.82333E-1 2.25378E-1 2.55055E-1 2.92752E-1 2.90177E-1 2.56857E-1 2.0401E-1 1.7391E-1 1.68129E-1 1.00522E-1 1.24189E-1 6.83852E-2 2.17318E-1 2.67067E-1 2.83924E-1 3.22208E-1 3.88341E-1 3.92734E-1 3.70791E-1 2.94364E-1 1.43217E-1 2.93701E-1 2.5913E-1 1.57775E-1 3.5994E-1 3.3139E-1
4.30962E-2 1.09771E-1 8.85031E-2 6.35435E-2 8.24285E-2 9.54645E-2 5.95927E-2 8.28367E-2 7.44549E-2 6.59653E-2 6.12653E-2 4.48664E-2 2.44954E-2 2.1394E-2 2.129E-2 2.39771E-2 5.19871E-2 7.23679E-2 9.92421E-2 1.48907E-1 2.01695E-1 2.72349E-1 3.05054E-1 3.8708E-1 3.33362E-1 2.10201E-1 1.65296E-1 1.82358E-1 3.19484E-1 5.88275E-1 4.93241E-1 3.81841E-1 3.43272E-1 3.21882E-1 2.68449E-1 1.96907E-1 1.801E-1 2.20025E-1 2.3054E-1 2.38458E-1 8.50805E-2 1.46248E-1 1.29632E-1 1.34513E-1 1.02345E-1 1.52155E-1 2.62319E-1 2.49776E-1 3.7849E-1 3.58336E-1 3.95522E-1 4.18624E-1 3.62227E-1 2.11856E-1 2.68464E-1 1.71973E-1 2.10014E-1 2.39981E-1 1.09201E-1 3.55727E-1
1.37982E-1 1.07187E-1 9.61254E-2 8.35404E-2 6.58958E-2 8.94434E-2 8.64932E-2 6.49537E-2 4.28932E-2 3.5672E-2 2.89654E-2 2.31029E-2 1.75052E-2 1.98388E-2 2.34269E-2 6.06771E-2 6.43699E-2 1.04661E-1 1.1425E-1 1.31397E-1 2.1052E-1 3.23458E-1 3.60374E-1 1.58816E-1 2.6162E-1 1.11999E-1 7.71643E-2 9.95568E-2 3.43941E-1 4.61573E-1 4.30385E-1 3.92133E-1 3.66742E-1 2.86076E-1 2.19539E-1 1.82334E-1 1.80381E-1 1.95585E-1 1.8205E-1 1.62068E-1 1.5448E-1 1.34816E-1 5.46818E-2 1.29133E-1 1.27748E-1 1.83325E-1 2.21039E-1 2.72628E-1 3.73084E-1 3.4916E-1 2.54507E-1 2.85268E-1 2.06961E-1 2.98698E-1 3.06136E-1 2.53593E-1 2.23219E-1 2.01298E-1 2.55711E-1 1.39738E-1
1.01194E-1 8.56304E-2 6.67441E-2 6.20668E-2 4.66822E-2 5.5032E-2 5.38434E-2 3.38899E-2 3.09256E-2 2.48207E-2 1.85995E-2 1.50526E-2 1.66888E-2 3.71216E-2 7.84767E-2 6.43804E-2 1.18276E-1 1.70039E-1 1.96545E-1 2.04701E-1 2.4881E-1 3.00427E-1 3.33582E-1 2.31622E-1 2.06728E-1 1.18124E-1 1.36181E-1 2.11371E-1 3.31633E-1 4.31402E-1 4.54553E-1 4.48251E-1 4.00443E-1 2.27151E-1 1.87956E-1 1.52479E-1 1.57176E-1 1.62865E-1 1.52972E-1 1.26362E-1 1.27576E-1 1.64526E-1 8.54576E-2 2.06102E-1 1.55336E-1 2.04765E-1 2.47922E-1 3.23168E-1 4.07877E-1 3.89865E-1 2.70466E-1 3.74815E-1 1.33056E-1 3.26038E-1 3.35005E-1 2.49432E-1 2.28675E-1 2.77306E-1 1.88924E-1 3.24786E-1
8.41563E-2 6.81046E-2 4.62981E-2 1.24608E-1 5.40047E-2 3.37334E-2 3.02695E-2 2.64977E-2 2.66922E-2 2.44123E-2 1.90516E-2 2.31628E-2 6.02047E-2 9.75867E-2 1.4091E-1 7.91779E-2 1.57689E-1 2.34227E-1 2.68279E-1 2.77963E-1 2.50825E-1 1.60575E-1 1.91561E-1 1.67383E-1 1.1584E-1 1.03888E-1 2.10652E-1 2.46898E-1 4.33922E-1 3.9864E-1 2.96922E-1 3.23379E-1 2.09777E-1 2.65726E-1 1.91226E-1 1.4661E-1 1.24409E-1 1.24748E-1 1.26856E-1 1.03945E-1 1.01705E-1 1.34046E-1 1.71782E-1 2.40012E-1 1.76389E-1 2.30384E-1 3.06168E-1 3.9881E-1 4.50078E-1 4.16906E-1 2.96319E-1 2.96982E-1 1.00168E-1 3.01486E-1 2.32773E-1 1.36091E-1 9.91295E-2 2.3779E-1 1.39601E-1 1.90427E-1
7.08333E-2 5.08577E-2 2.29726E-2 4.5462E-2 3.40405E-2 2.95718E-2 2.53856E-2 1.94532E-2 1.93344E-2 1.85781E-2 1.96215E-2 6.39489E-2 4.73457E-2 9.84623E-2 1.48089E-1 1.77034E-1 2.29549E-1 3.14249E-1 3.30602E-1 3.4005E-1 8.68178E-2 1.87312E-1 9.416E-2 7.8551E-2 1.10137E-1 2.91433E-1 2.97111E-1 4.30016E-1 5.89653E-1 4.63127E-1 4.01038E-1 3.46819E-1 3.63178E-1 2.68488E-1 1.81136E-1 2.12964E-1 1.44842E-1 1.36102E-1 1.45579E-1 1.25971E-1 1.12064E-1 1.32017E-1 2.2282E-1 1.96252E-1 1.96203E-1 2.59246E-1 3.48651E-1 4.36367E-1 4.09655E-1 3.79961E-1 3.28703E-1 3.70144E-1 1.659E-1 2.86671E-1 1.88139E-1 1.35096E-1 9.78541E-2 2.34555E-1 1.47239E-1 1.74988E-1
5.36415E-2 2.1695E-2 3.18184E-2 2.65911E-2 2.28795E-2 1.88498E-2 2.21533E-2 2.42021E-2 2.60912E-2 2.58876E-2 5.60335E-2 9.89065E-2 1.01005E-1 1.54251E-1 2.5453E-1 3.08445E-1 3.64654E-1 4.17885E-1 4.07499E-1 3.41396E-1 2.2848E-1 1.59827E-1 1.15151E-1 1.31375E-1 2.31509E-1 3.40434E-1 4.4881E-1 5.79814E-1 6.52173E-1 5.54132E-1 4.44161E-1 3.40977E-1 2.7989E-1 2.8923E-1 3.22383E-1 1.27446E-1 2.29207E-1 1.58342E-1 1.80963E-1 1.74257E-1 1.3582E-1 1.61368E-1 2.03276E-1 2.2987E-1 1.73891E-1 3.61221E-1 4.59839E-1 5.01352E-1 4.26893E-1 3.4617E-1 3.28582E-1 4.12385E-1 3.43845E-1 3.01297E-1 2.62628E-1 1.90291E-1 1.97421E-1 2.03586E-1 1.73267E-1 1.77275E-1
8.18482E-2 5.61538E-2 4.32559E-2 3.50375E-2 3.00767E-2 2.73477E-2 2.9519E-2 3.44765E-2 3.78792E-2 5.2531E-2 8.2323E-2 1.23208E-1 1.73484E-1 2.37295E-1 3.53984E-1 4.14573E-1 4.80353E-1 5.32313E-1 4.87356E-1 3.21027E-1 2.66928E-1 1.89224E-1 1.52368E-1 1.97015E-1 3.27031E-1 4.2323E-1 5.48777E-1 7.06501E-1 7.13685E-1 6.4009E-1 5.62445E-1 4.09102E-1 3.24076E-1 2.60739E-1 2.41183E-1 3.35713E-1 2.0861E-1 2.19374E-1 2.16309E-1 2.09915E-1 1.76372E-1 1.92164E-1 2.40893E-1 3.18723E-1 2.05273E-1 4.57358E-1 5.27389E-1 5.31334E-1 4.27665E-1 4.21222E-1 3.5448E-1 4.76555E-1 4.40921E-1 3.59089E-1 3.54026E-1 2.86636E-1 2.28923E-1 1.75882E-1 1.47002E-1 1.67558E-1
1.66428E-1 1.3316E-1 1.06017E-1 7.50088E-2 6.35586E-2 4.66766E-2 4.19147E-2 3.58028E-2 4.58225E-2 7.84128E-2 1.12009E-1 1.60238E-1 2.33441E-1 2.69094E-1 3.28884E-1 4.68151E-1 5.4647E-1 5.90421E-1 5.53564E-1 2.22949E-1 3.68813E-1 2.80414E-1 2.28611E-1 3.19681E-1 3.97528E-1 4.62638E-1 5.5792E-1 7.30627E-1 7.72487E-1 7.39538E-1 6.45282E-1 4.90985E-1 3.76646E-1 3.23776E-1 3.08281E-1 3.0094E-1 3.33421E-1 1.86636E-1 1.16621E-1 2.40621E-1 2.2997E-1 2.20321E-1 2.44813E-1 3.2335E-1 1.85813E-1 4.95672E-1 5.59856E-1 5.11052E-1 4.25531E-1 4.76321E-1 4.53554E-1 5.04121E-1 5.00921E-1 4.0057E-1 3.95634E-1 3.20257E-1 2.6364E-1 2.10079E-1 1.71348E-1 1.55999E-1
2.14398E-1 2.6433E-1 1.82523E-1 1.16565E-1 7.19085E-2 6.00097E-2 5.13234E-2 4.02374E-2 6.54194E-2 1.1137E-1 1.57635E-1 2.2631E-1 2.80999E-1 3.03774E-1 4.15717E-1 5.36184E-1 6.14022E-1 6.36118E-1 6.12083E-1 2.95945E-1 4.2658E-1 3.31488E-1 2.91088E-1 4.33452E-1 5.22153E-1 5.43885E-1 5.64334E-1 6.29371E-1 7.60553E-1 7.61749E-1 7.39567E-1 5.88212E-1 4.72186E-1 3.94506E-1 3.52765E-1 3.32255E-1 3.16404E-1 3.09483E-1 1.90473E-1 2.02255E-1 2.74887E-1 2.52569E-1 2.51457E-1 3.08929E-1 3.27118E-1 3.97177E-1 4.78617E-1 4.31482E-1 2.61983E-1 4.87997E-1 5.18594E-1 3.09178E-1 3.26828E-1 4.23416E-1 4.30447E-1 3.4679E-1 3.01657E-1 2.59672E-1 2.19492E-1 1.95201E-1
2.51028E-1 3.36623E-1 2.30185E-1 1.46664E-1 9.51226E-2 6.70305E-2 5.55679E-2 4.2855E-2 7.23959E-2 1.27196E-1 1.96101E-1 2.7538E-1 3.43042E-1 3.77922E-1 4.74281E-1 5.78151E-1 6.40564E-1 6.65568E-1 6.3263E-1 4.32012E-1 4.71283E-1 3.72978E-1 4.55919E-1 5.43952E-1 6.42168E-1 6.19954E-1 6.1531E-1 6.15842E-1 7.25199E-1 7.81636E-1 7.4895E-1 7.20395E-1 6.4E-1 5.52154E-1 4.97873E-1 4.3237E-1 3.88615E-1 3.39047E-1 2.76075E-1 1.27197E-1 2.49192E-1 2.69045E-1 3.03609E-1 3.3335E-1 3.44127E-1 1.91013E-1 3.20044E-1 4.26661E-1 3.75083E-1 4.70607E-1 5.38219E-1 2.99295E-1 3.5462E-1 4.63329E-1 4.75024E-1 4.26316E-1 3.73855E-1 3.23381E-1 2.58583E-1 2.30117E-1
2.73182E-1 4.89796E-1 3.72076E-1 2.1674E-1 1.63141E-1 1.11704E-1 7.00374E-2 4.88785E-2 8.25411E-2 1.46957E-1 2.182E-1 3.25027E-1 3.77371E-1 4.38757E-1 5.33873E-1 6.17456E-1 6.70858E-1 6.65828E-1 6.51177E-1 4.52535E-1 5.2566E-1 4.58298E-1 5.25077E-1 6.07174E-1 6.53001E-1 6.89675E-1 6.94025E-1 6.50544E-1 6.70954E-1 7.35717E-1 7.7289E-1 4.91097E-1 4.7097E-1 4.93466E-1 2.55908E-1 3.14686E-1 3.1761E-1 2.37593E-1 1.93547E-1 2.40211E-1 2.04412E-1 2.53907E-1 2.10953E-1 3.14638E-1 3.71878E-1 3.88345E-1 3.74955E-1 4.10731E-1 3.8547E-1 4.20045E-1 5.20208E-1 3.51407E-1 5.48932E-1 5.48958E-1 4.99791E-1 2.23616E-1 8.29633E-2 1.55781E-1 1.00923E-1 6.24623E-2
5.48367E-1 3.19011E-1 5.49157E-1 3.8213E-1 2.56305E-1 1.59005E-1 8.96694E-2 5.4188E-2 8.35769E-2 1.41783E-1 2.04619E-1 3.34205E-1 3.68722E-1 4.5879E-1 5.41955E-1 6.27461E-1 6.39769E-1 5.96763E-1 5.03167E-1 4.65443E-1 4.57181E-1 4.82402E-1 5.25945E-1 5.86194E-1 5.81471E-1 6.70649E-1 7.17435E-1 6.8837E-1 6.83528E-1 6.23886E-1 6.96784E-1 5.69156E-1 5.83155E-1 5.76241E-1 4.9726E-1 4.23153E-1 2.95394E-1 2.3343E-1 1.98328E-1 1.78018E-1 1.8444E-1 2.2532E-1 2.41938E-1 2.13517E-1 1.1558E-1 2.1183E-1 2.95192E-1 4.08116E-1 3.95283E-1 4.11496E-1 3.68513E-1 2.71761E-1 3.05521E-1 2.81425E-1 3.17495E-1 2.03277E-1 2.54652E-1 1.71462E-1 1.1345E-1 1.31369E-1
