Phytophthora/models/20240430_1626_40/Phytophthora_PA3_RUN6_MAXENT_outputs/Phytophthora_PA3_RUN6.asc
ncols         225
nrows         269
xllcorner     473000.0
yllcorner     4429100.0
cellsize      50.0
NODATA_value  -9999
[rows 216 to 242 of 269, columns 120 to 179 of 225]
4.22116E-1 3.70922E-1 3.27546E-1 2.77202E-1 2.45273E-1 2.48603E-1 2.21006E-1 1.77386E-1 1.93666E-1 6.14959E-2 3.94381E-2 2.96056E-2 5.5398E-2 5.98287E-2 6.76698E-2 2.0273E-1 3.76698E-1 3.13787E-1 3.10394E-1 3.10174E-1 3.85731E-1 4.5862E-1 3.96401E-1 4.59999E-1 4.66981E-1 3.6791E-1 3.78641E-1 3.25431E-1 2.45262E-1 2.00938E-1 2.36187E-1 2.33469E-1 4.4024E-1 4.68411E-1 5.5649E-1 3.52214E-1 4.60631E-1 3.5842E-1 3.53497E-1 3.31678E-1 3.08204E-1 3.69916E-1 3.97026E-1 3.8682E-1 4.91205E-1 5.14875E-1 4.85268E-1 4.80269E-1 4.53814E-1 4.08147E-1 3.14146E-1 1.98265E-1 1.86897E-1 1.34943E-1 1.94507E-1 1.63455E-1 1.8411E-1 1.58383E-1 1.44042E-1 1.29583E-1
3.44253E-1 2.73744E-1 2.62836E-1 2.75872E-1 2.60948E-1 2.62614E-1 2.40537E-1 1.85708E-1 1.68137E-1 1.75346E-1 1.53515E-1 1.50924E-1 4.54222E-2 1.36557E-1 8.77339E-2 2.23584E-1 2.3612E-1 2.47732E-1 2.9272E-1 2.8642E-1 2.76074E-1 3.76023E-1 3.40257E-1 4.44543E-1 4.36282E-1 3.82291E-1 2.90731E-1 3.54389E-1 1.97215E-1 1.97978E-1 2.41061E-1 2.99804E-1 4.60673E-1 4.86628E-1 4.81754E-1 4.67149E-1 3.76043E-1 2.93944E-1 4.06649E-1 3.40227E-1 3.58937E-1 4.73029E-1 4.3982E-1 4.69218E-1 5.13931E-1 5.16955E-1 4.92297E-1 4.51366E-1 4.40301E-1 4.01374E-1 2.61615E-1 1.73354E-1 1.8453E-1 1.56368E-1 1.01642E-1 1.99587E-1 1.51666E-1 1.90743E-1 2.04146E-1 2.67167E-1
5.16471E-1 4.15162E-1 3.66612E-1 3.59543E-1 3.17945E-1 3.07678E-1 2.75979E-1 1.94873E-1 1.64134E-1 1.74392E-1 1.74302E-1 1.86515E-1 1.67862E-1 1.67209E-1 1.94464E-1 1.89771E-1 2.04738E-1 2.32011E-1 2.74664E-1 2.72459E-1 2.65253E-1 2.721E-1 4.10062E-1 4.32325E-1 3.75007E-1 3.72876E-1 3.93864E-1 2.81392E-1 2.12977E-1 1.86511E-1 2.65002E-1 4.30889E-1 4.2258E-1 5.48638E-1 5.18578E-1 3.96236E-1 3.34273E-1 3.51063E-1 4.18228E-1 3.37628E-1 3.37881E-1 4.1353E-1 4.83918E-1 4.27062E-1 4.9311E-1 4.35073E-1 4.75131E-1 4.18101E-1 4.13787E-1 3.38957E-1 1.96793E-1 1.55278E-1 1.74554E-1 8.614E-2 1.84143E-1 1.34732E-1 1.7462E-1 1.54549E-1 3.23109E-1 3.86403E-1
4.25438E-1 4.26856E-1 4.32547E-1 3.72236E-1 3.31286E-1 3.03435E-1 2.65317E-1 2.05528E-1 1.94562E-1 1.7632E-1 1.67227E-1 1.77326E-1 1.81517E-1 2.01381E-1 1.99592E-1 2.20015E-1 2.69988E-1 2.71391E-1 2.70675E-1 2.55716E-1 2.43894E-1 2.71846E-1 3.96924E-1 3.7569E-1 3.2252E-1 3.73387E-1 3.38957E-1 2.45033E-1 1.53128E-1 1.74485E-1 2.94473E-1 4.51723E-1 4.48927E-1 5.05309E-1 4.46025E-1 3.85516E-1 3.91499E-1 4.26286E-1 4.30042E-1 3.78578E-1 3.26011E-1 3.50017E-1 4.06945E-1 5.68874E-1 5.78612E-1 4.70801E-1 4.43806E-1 3.78324E-1 3.81239E-1 2.21933E-1 1.51811E-1 1.14129E-1 1.62721E-1 9.62915E-2 1.434E-1 1.53209E-1 1.61641E-1 3.54266E-1 3.98885E-1 4.99431E-1
3.68686E-1 3.74922E-1 3.70787E-1 3.59757E-1 3.58375E-1 3.32833E-1 2.96876E-1 2.30069E-1 2.1186E-1 1.81247E-1 1.94255E-1 2.13416E-1 2.13753E-1 2.32483E-1 2.44473E-1 2.93557E-1 3.48919E-1 3.10506E-1 2.78525E-1 2.92057E-1 2.79972E-1 3.62272E-1 3.9844E-1 2.93249E-1 3.25763E-1 3.55999E-1 3.57273E-1 2.13508E-1 2.09982E-1 1.83051E-1 3.34543E-1 4.34822E-1 4.87569E-1 4.63769E-1 4.17651E-1 4.33365E-1 4.56627E-1 4.87572E-1 4.7124E-1 4.32568E-1 3.49768E-1 3.75215E-1 4.47661E-1 5.0974E-1 5.31618E-1 4.22632E-1 3.46528E-1 3.4959E-1 3.42283E-1 1.92614E-1 7.37452E-2 1.77303E-1 9.00347E-2 8.12527E-2 1.42774E-1 2.0063E-1 1.85018E-1 2.90527E-1 2.64131E-1 4.31365E-1
2.30205E-1 3.1304E-1 2.92856E-1 3.19802E-1 3.42232E-1 3.42345E-1 3.00556E-1 2.38568E-1 2.13928E-1 2.02471E-1 2.67889E-1 2.92208E-1 2.7528E-1 2.9177E-1 3.09779E-1 3.51395E-1 3.52606E-1 2.87024E-1 2.7691E-1 2.8864E-1 3.81065E-1 4.5647E-1 4.4267E-1 3.18202E-1 3.99901E-1 4.69903E-1 4.59333E-1 2.46218E-1 2.6629E-1 2.80159E-1 3.70514E-1 3.45056E-1 3.9604E-1 3.09006E-1 2.9675E-1 3.29502E-1 3.37364E-1 3.45559E-1 3.24102E-1 3.52486E-1 3.81637E-1 3.82241E-1 4.08989E-1 4.48797E-1 4.41837E-1 2.87513E-1 1.9854E-1 1.89764E-1 3.98812E-1 2.12799E-1 8.50645E-2 9.23166E-2 1.45587E-1 1.64918E-1 1.65387E-1 2.69688E-1 3.5152E-1 4.03635E-1 3.66056E-1 4.72146E-1
3.72858E-1 3.94142E-1 4.09397E-1 4.05399E-1 3.84528E-1 3.81115E-1 3.41055E-1 2.64712E-1 2.25093E-1 2.25352E-1 3.21013E-1 3.64271E-1 3.08798E-1 3.39937E-1 3.6167E-1 3.96398E-1 3.64891E-1 3.0164E-1 3.23638E-1 3.02135E-1 4.99854E-1 5.06545E-1 4.69137E-1 4.37006E-1 5.6172E-1 4.73043E-1 3.38607E-1 2.37343E-1 2.82578E-1 3.19159E-1 3.43225E-1 3.19728E-1 3.73304E-1 2.85776E-1 3.44875E-1 3.30819E-1 3.31132E-1 3.52866E-1 3.43911E-1 3.30765E-1 4.03233E-1 3.53906E-1 3.32712E-1 2.504E-1 3.11391E-1 2.21873E-1 1.3401E-1 1.47563E-1 1.0324E-1 2.62477E-1 2.20586E-1 1.78682E-1 2.34319E-1 2.71056E-1 2.66109E-1 3.24213E-1 4.44246E-1 4.80316E-1 4.63264E-1 4.75433E-1
3.55856E-1 3.74371E-1 4.67933E-1 4.6615E-1 4.31213E-1 4.6744E-1 3.53663E-1 2.61442E-1 2.48756E-1 2.53312E-1 3.21094E-1 4.43606E-1 3.44556E-1 3.87815E-1 3.95084E-1 4.16104E-1 3.756E-1 3.42948E-1 3.95074E-1 3.68281E-1 5.74113E-1 5.68414E-1 5.43203E-1 5.72879E-1 5.8816E-1 4.07347E-1 3.44436E-1 2.97769E-1 2.92781E-1 3.02105E-1 3.13516E-1 3.18483E-1 3.33408E-1 2.95184E-1 2.9086E-1 2.87012E-1 2.85466E-1 3.13044E-1 3.31552E-1 3.09953E-1 4.17663E-1 3.90273E-1 3.77262E-1 3.38744E-1 3.16272E-1 2.50819E-1 2.03428E-1 1.65101E-1 2.1648E-1 3.14402E-1 3.40033E-1 3.08631E-1 3.46815E-1 3.46115E-1 3.64266E-1 5.07731E-1 4.70758E-1 4.2091E-1 3.78514E-1 3.97446E-1
4.0642E-1 4.55314E-1 5.40511E-1 5.26795E-1 5.27956E-1 4.96904E-1 3.38243E-1 2.63017E-1 2.59122E-1 2.91596E-1 3.35309E-1 4.39866E-1 4.40961E-1 4.30335E-1 4.17756E-1 4.44016E-1 4.70243E-1 4.23339E-1 4.69884E-1 4.71364E-1 6.24272E-1 6.31826E-1 6.09777E-1 5.23845E-1 5.60273E-1 4.28648E-1 3.69845E-1 3.48572E-1 2.919E-1 2.6192E-1 2.93583E-1 3.09301E-1 2.8229E-1 2.41049E-1 2.6561E-1 2.69123E-1 2.83589E-1 3.1117E-1 3.38162E-1 3.30636E-1 3.24721E-1 4.16643E-1 4.05924E-1 4.19259E-1 3.98297E-1 3.41148E-1 2.7557E-1 1.92912E-1 2.15166E-1 4.62934E-1 2.99894E-1 2.66042E-1 2.69515E-1 2.58935E-1 2.67399E-1 3.08109E-1 3.73082E-1 3.73341E-1 3.30447E-1 3.35253E-1
4.99362E-1 5.59603E-1 6.04454E-1 4.96257E-1 5.82005E-1 4.33912E-1 3.5057E-1 2.82456E-1 2.36464E-1 2.74971E-1 3.77479E-1 4.60765E-1 5.10492E-1 5.00759E-1 4.72032E-1 4.70748E-1 5.41664E-1 5.01304E-1 4.42494E-1 5.72521E-1 6.34255E-1 5.99259E-1 5.38287E-1 5.30952E-1 5.34261E-1 4.35604E-1 4.06189E-1 3.42716E-1 2.88488E-1 3.84517E-1 2.75095E-1 2.98668E-1 2.45958E-1 2.22319E-1 2.65655E-1 2.78044E-1 2.86923E-1 3.64607E-1 3.51694E-1 3.48129E-1 4.0467E-1 4.46537E-1 4.43207E-1 4.72421E-1 5.0328E-1 4.07242E-1 4.37259E-1 3.01898E-1 1.87519E-1 2.9156E-1 2.3287E-1 2.6739E-1 2.85998E-1 3.03471E-1 2.77222E-1 3.01709E-1 3.2573E-1 3.62547E-1 3.62405E-1 2.88496E-1
3.66487E-1 4.34947E-1 3.85781E-1 3.91289E-1 3.23056E-1 3.48378E-1 3.3094E-1 2.95678E-1 2.39429E-1 2.48981E-1 3.21097E-1 4.31828E-1 4.88373E-1 5.14041E-1 4.65363E-1 4.22227E-1 5.22055E-1 5.59725E-1 5.6347E-1 5.40323E-1 5.74742E-1 5.06391E-1 4.72154E-1 4.94996E-1 4.60768E-1 3.60082E-1 3.3791E-1 3.0089E-1 3.16832E-1 3.27348E-1 2.33229E-1 2.55799E-1 2.34124E-1 2.18258E-1 2.58704E-1 2.80041E-1 3.30218E-1 3.53841E-1 3.05372E-1 3.25781E-1 3.89884E-1 3.72308E-1 4.10059E-1 4.32482E-1 4.57731E-1 4.49795E-1 5.09313E-1 4.69625E-1 1.73985E-1 2.26053E-1 1.58374E-1 1.72557E-1 2.02476E-1 2.62686E-1 3.12678E-1 3.31093E-1 3.42747E-1 3.72791E-1 3.49041E-1 3.73938E-1
2.31151E-1 3.23866E-1 3.33453E-1 2.32073E-1 2.08799E-1 1.8529E-1 3.14677E-1 1.06635E-1 2.73022E-1 3.23486E-1 3.15985E-1 4.43678E-1 4.97559E-1 5.43005E-1 4.90485E-1 5.15687E-1 5.36547E-1 5.6518E-1 5.71031E-1 5.27219E-1 5.76499E-1 5.11565E-1 4.60805E-1 4.89582E-1 4.53361E-1 3.56405E-1 3.51241E-1 3.2298E-1 3.65451E-1 3.02992E-1 2.2851E-1 2.53597E-1 2.02116E-1 2.46317E-1 2.81869E-1 3.26231E-1 3.38196E-1 3.07929E-1 2.77767E-1 3.10142E-1 3.84117E-1 3.95025E-1 4.27731E-1 4.32534E-1 3.81413E-1 2.99321E-1 4.73011E-1 4.80739E-1 3.19495E-1 2.33922E-1 1.7073E-1 1.91806E-1 2.64252E-1 2.93902E-1 3.49243E-1 3.8669E-1 3.86781E-1 3.99137E-1 3.75883E-1 3.45377E-1
2.82814E-1 2.67072E-1 2.53603E-1 2.2262E-1 1.97883E-1 2.18166E-1 3.09062E-1 1.40141E-1 1.88602E-1 2.42584E-1 3.54735E-1 4.37521E-1 4.83982E-1 5.22828E-1 4.42727E-1 4.65784E-1 4.84758E-1 5.2564E-1 5.28722E-1 5.64152E-1 6.16385E-1 5.61537E-1 4.75119E-1 4.93274E-1 4.5009E-1 4.20723E-1 4.00202E-1 3.70163E-1 3.55051E-1 2.66726E-1 2.39916E-1 2.26599E-1 2.45818E-1 3.12758E-1 3.45667E-1 3.84494E-1 3.45814E-1 2.83829E-1 2.77121E-1 3.31403E-1 3.63432E-1 3.96155E-1 4.50756E-1 4.45819E-1 4.02087E-1 3.06118E-1 3.97953E-1 5.31876E-1 4.6711E-1 3.90038E-1 3.00415E-1 2.85045E-1 3.73166E-1 3.15176E-1 4.01271E-1 4.16876E-1 4.03851E-1 3.36583E-1 4.36061E-1 4.98565E-1
2.0305E-1 2.92721E-1 1.48011E-1 1.79976E-1 1.8635E-1 2.53108E-1 2.88354E-1 2.11399E-1 1.90852E-1 2.19068E-1 3.16124E-1 4.23087E-1 4.64894E-1 5.02419E-1 3.736E-1 3.36851E-1 3.84881E-1 4.09273E-1 5.86333E-1 6.08139E-1 5.86488E-1 5.21352E-1 6.00599E-1 5.11437E-1 5.59408E-1 5.03358E-1 4.24412E-1 3.69051E-1 3.55084E-1 2.40882E-1 2.74754E-1 2.59566E-1 2.60881E-1 3.58886E-1 3.58414E-1 3.732E-1 3.31191E-1 3.27481E-1 2.94104E-1 3.46116E-1 3.95772E-1 3.86615E-1 4.32879E-1 4.31927E-1 4.4164E-1 4.70393E-1 5.18951E-1 4.45112E-1 4.77043E-1 4.11252E-1 3.81449E-1 4.13239E-1 4.68337E-1 4.26519E-1 4.1966E-1 4.30872E-1 4.02425E-1 4.71335E-1 4.75585E-1 4.48709E-1
2.15551E-1 3.07187E-1 8.19681E-2 1.18598E-1 1.66538E-1 2.59486E-1 2.38742E-1 1.89146E-1 1.82403E-1 2.18394E-1 2.54422E-1 3.97907E-1 4.44323E-1 4.34935E-1 2.94589E-1 3.18091E-1 3.64397E-1 4.26166E-1 4.97781E-1 5.49918E-1 6.15408E-1 6.00367E-1 6.01738E-1 5.6739E-1 5.36038E-1 3.15459E-1 4.21735E-1 3.60466E-1 3.14186E-1 2.66834E-1 2.79327E-1 2.58944E-1 3.07212E-1 3.34282E-1 3.18267E-1 3.54073E-1 3.3959E-1 2.61242E-1 3.75922E-1 3.58176E-1 4.16034E-1 4.1766E-1 4.27022E-1 4.34611E-1 5.55165E-1 6.29557E-1 6.39545E-1 3.07211E-1 4.46368E-1 3.08301E-1 2.19889E-1 2.45713E-1 2.45043E-1 2.38066E-1 3.89508E-1 4.33519E-1 4.01022E-1 5.0398E-1 4.76161E-1 4.31454E-1
2.13334E-1 1.37139E-1 1.47277E-1 1.83125E-1 1.89657E-1 2.29046E-1 1.82526E-1 1.67854E-1 1.74319E-1 2.20086E-1 2.72937E-1 3.30896E-1 3.79385E-1 3.13013E-1 2.87102E-1 3.74216E-1 3.77559E-1 4.80818E-1 5.05921E-1 5.6436E-1 5.5449E-1 5.25717E-1 5.17318E-1 5.06316E-1 3.53335E-1 2.39034E-1 2.39107E-1 3.41098E-1 2.29491E-1 2.47468E-1 2.80636E-1 2.82692E-1 2.85713E-1 2.6503E-1 3.18089E-1 3.88361E-1 4.0698E-1 4.30349E-1 4.67515E-1 4.704E-1 3.9627E-1 3.16887E-1 3.82937E-1 4.11408E-1 5.56949E-1 4.93757E-1 4.04108E-1 1.59416E-1 3.93025E-1 2.1799E-1 9.1361E-2 1.17373E-1 1.30611E-1 2.00603E-1 2.8824E-1 4.43501E-1 5.0769E-1 5.34789E-1 5.25731E-1 4.59662E-1
1.67242E-1 1.49729E-1 1.68351E-1 1.72702E-1 1.56491E-1 2.13656E-1 1.86113E-1 1.86059E-1 2.1102E-1 2.24431E-1 2.82655E-1 3.165E-1 3.91446E-1 2.8966E-1 3.00683E-1 3.92806E-1 3.72804E-1 4.18913E-1 4.93956E-1 5.14225E-1 4.96366E-1 4.71276E-1 3.83025E-1 3.21037E-1 2.9197E-1 2.56018E-1 3.79288E-1 2.7927E-1 2.50828E-1 2.66248E-1 2.93134E-1 2.65958E-1 2.6834E-1 2.88943E-1 3.21888E-1 3.9167E-1 4.22708E-1 5.30014E-1 5.27229E-1 4.13137E-1 4.08907E-1 3.67204E-1 3.74605E-1 5.35904E-1 5.76849E-1 4.83438E-1 3.86401E-1 4.14839E-1 3.16844E-1 1.95544E-1 1.07032E-1 1.21176E-1 1.86065E-1 2.61235E-1 2.69594E-1 5.60664E-1 5.4742E-1 5.19972E-1 4.97445E-1 4.58877E-1
2.7509E-1 2.53627E-1 2.10496E-1 1.65316E-1 1.53057E-1 1.84298E-1 1.52155E-1 1.89305E-1 2.34685E-1 3.11999E-1 2.82328E-1 3.21275E-1 3.70707E-1 2.80516E-1 3.30931E-1 4.29725E-1 3.81736E-1 3.40924E-1 4.00248E-1 4.28729E-1 4.76962E-1 3.41247E-1 3.29919E-1 3.28633E-1 3.56019E-1 3.98962E-1 3.36981E-1 2.55383E-1 2.6494E-1 2.50677E-1 2.89643E-1 2.49657E-1 2.40037E-1 2.83283E-1 3.36103E-1 4.12984E-1 4.36479E-1 6.11985E-1 4.41368E-1 3.1131E-1 4.03968E-1 3.29843E-1 3.89396E-1 5.45947E-1 6.51764E-1 5.01099E-1 5.69398E-1 4.24251E-1 3.41634E-1 2.07174E-1 1.3794E-1 1.69951E-1 2.18538E-1 2.28846E-1 4.75158E-1 5.82929E-1 5.53383E-1 5.10683E-1 4.52691E-1 4.53681E-1
2.25029E-1 2.44346E-1 2.13521E-1 1.94854E-1 1.93527E-1 2.85283E-1 2.27465E-1 2.04903E-1 2.24507E-1 3.28537E-1 3.01258E-1 3.22181E-1 3.53884E-1 2.82562E-1 2.92929E-1 3.69153E-1 3.72889E-1 3.48545E-1 3.60878E-1 3.26624E-1 4.44939E-1 4.61619E-1 4.34557E-1 3.88877E-1 3.79993E-1 2.87564E-1 2.87447E-1 2.5311E-1 2.86461E-1 2.89637E-1 2.79716E-1 2.26584E-1 2.6982E-1 3.32095E-1 3.87956E-1 4.90418E-1 5.94965E-1 6.1024E-1 3.82988E-1 3.76362E-1 3.31148E-1 3.41987E-1 3.76416E-1 6.26355E-1 2.47142E-1 3.99703E-1 2.59742E-1 2.99709E-1 3.13209E-1 2.88985E-1 2.0267E-1 2.16015E-1 1.76035E-1 2.32413E-1 3.94289E-1 6.22012E-1 5.90005E-1 5.36245E-1 4.88001E-1 4.65468E-1
1.85796E-1 2.54244E-1 2.51763E-1 2.36136E-1 2.59077E-1 3.01141E-1 2.5915E-1 2.33448E-1 2.30827E-1 3.09448E-1 3.3899E-1 3.64306E-1 2.60195E-1 2.52658E-1 2.74651E-1 3.59215E-1 3.39909E-1 3.04439E-1 3.13717E-1 1.51491E-1 4.30182E-1 4.3451E-1 4.14123E-1 3.95975E-1 3.66915E-1 3.09738E-1 3.20464E-1 3.15611E-1 3.13884E-1 2.76894E-1 2.27905E-1 2.11061E-1 2.47783E-1 3.0945E-1 3.74842E-1 5.35887E-1 5.87873E-1 4.09904E-1 4.01814E-1 3.99875E-1 3.59559E-1 3.52768E-1 4.10617E-1 5.90185E-1 2.59261E-1 3.94468E-1 4.21638E-1 3.22517E-1 2.58307E-1 1.94196E-1 1.3932E-1 1.24892E-1 1.80102E-1 2.45288E-1 2.84372E-1 5.9453E-1 5.8342E-1 5.27259E-1 4.52482E-1 4.21027E-1
2.58646E-1 3.50823E-1 3.54548E-1 2.9578E-1 3.27204E-1 2.80084E-1 2.6976E-1 2.7066E-1 2.50629E-1 3.26662E-1 4.32258E-1 4.58497E-1 3.94223E-1 3.10956E-1 2.80249E-1 3.52818E-1 3.39258E-1 2.94548E-1 3.17396E-1 3.66489E-1 4.96463E-1 4.79082E-1 4.92197E-1 4.88502E-1 4.89577E-1 3.77255E-1 3.81681E-1 3.70099E-1 3.66261E-1 2.62279E-1 2.69962E-1 2.93298E-1 2.55644E-1 3.43986E-1 4.30772E-1 5.40894E-1 5.66719E-1 4.54033E-1 4.34875E-1 4.13162E-1 3.40949E-1 4.38745E-1 4.67192E-1 4.88408E-1 3.04238E-1 2.05609E-1 2.2568E-1 1.89623E-1 1.44314E-1 1.32577E-1 2.06369E-1 2.51564E-1 2.9347E-1 3.60902E-1 3.81689E-1 6.43216E-1 6.54101E-1 5.78982E-1 5.00675E-1 4.57914E-1
3.45626E-1 3.79326E-1 4.13297E-1 3.66279E-1 3.71248E-1 3.1791E-1 3.13894E-1 3.46856E-1 3.30701E-1 3.79065E-1 4.73487E-1 4.92687E-1 4.31325E-1 3.26457E-1 2.91345E-1 3.09089E-1 2.79284E-1 2.83912E-1 2.85555E-1 3.0252E-1 5.25958E-1 5.02745E-1 5.2792E-1 4.68116E-1 4.83091E-1 4.02973E-1 4.13844E-1 4.06748E-1 4.16068E-1 3.16962E-1 3.57195E-1 2.99288E-1 2.69828E-1 4.42537E-1 4.93134E-1 5.56842E-1 4.02289E-1 4.16976E-1 3.03076E-1 3.83209E-1 4.17923E-1 4.94598E-1 4.91839E-1 4.88585E-1 5.00108E-1 3.48016E-1 2.68596E-1 2.50348E-1 1.61325E-1 1.83763E-1 3.31789E-1 4.0203E-1 3.80106E-1 3.83009E-1 4.58589E-1 7.3096E-1 6.73114E-1 5.94054E-1 5.27708E-1 4.77474E-1
3.39887E-1 4.21068E-1 4.54145E-1 3.0753E-1 2.94335E-1 2.9347E-1 2.93145E-1 3.50626E-1 3.88795E-1 4.4961E-1 5.03048E-1 5.33032E-1 4.52813E-1 3.64411E-1 3.24502E-1 3.23701E-1 2.6771E-1 2.73633E-1 3.21359E-1 2.48282E-1 4.76479E-1 5.01897E-1 4.38176E-1 4.72209E-1 5.5463E-1 4.35778E-1 4.42265E-1 4.58639E-1 4.66575E-1 3.60051E-1 3.73723E-1 2.97101E-1 3.82711E-1 4.89368E-1 5.36716E-1 5.4443E-1 3.74301E-1 4.28363E-1 4.20927E-1 5.1546E-1 4.7993E-1 5.69305E-1 5.75864E-1 4.92321E-1 4.52019E-1 1.88791E-1 2.09718E-1 2.36134E-1 2.0284E-1 2.72163E-1 4.50445E-1 5.46632E-1 5.81293E-1 5.22441E-1 6.17469E-1 7.42374E-1 7.16499E-1 6.57112E-1 5.94849E-1 4.89146E-1
5.11893E-1 4.91749E-1 3.98185E-1 3.24891E-1 3.77822E-1 3.2391E-1 3.2904E-1 3.43431E-1 3.64863E-1 4.98957E-1 5.28076E-1 5.69898E-1 4.79139E-1 3.88758E-1 3.62424E-1 3.66449E-1 3.30492E-1 3.12772E-1 3.23141E-1 3.08323E-1 4.44087E-1 4.23625E-1 4.21062E-1 4.76523E-1 5.70703E-1 4.66676E-1 4.77341E-1 5.03997E-1 5.2646E-1 3.96188E-1 3.74833E-1 3.43525E-1 4.97238E-1 5.32317E-1 5.27269E-1 4.08599E-1 3.83702E-1 4.02331E-1 4.208E-1 5.59644E-1 5.75714E-1 5.78314E-1 5.41778E-1 4.44032E-1 2.0694E-1 1.61025E-1 1.89533E-1 2.5748E-1 2.94241E-1 3.8394E-1 6.06117E-1 6.92515E-1 5.56216E-1 5.43087E-1 5.78747E-1 7.10828E-1 7.16193E-1 6.58844E-1 5.98062E-1 4.90693E-1
3.54765E-1 2.86326E-1 2.29258E-1 2.58704E-1 3.44077E-1 3.14276E-1 3.09224E-1 4.22084E-1 4.05129E-1 4.94426E-1 4.91456E-1 5.54796E-1 4.55995E-1 4.08325E-1 3.78844E-1 3.89785E-1 3.73621E-1 3.41808E-1 3.363E-1 3.09882E-1 4.35205E-1 4.0998E-1 4.67597E-1 5.02966E-1 5.80261E-1 4.97092E-1 5.2017E-1 5.39395E-1 4.50805E-1 3.63894E-1 3.67382E-1 4.43148E-1 4.04329E-1 4.96028E-1 3.94914E-1 3.94523E-1 3.73341E-1 4.47469E-1 4.33783E-1 5.47891E-1 5.88346E-1 5.64034E-1 4.79628E-1 3.05913E-1 2.92818E-1 2.23965E-1 2.70044E-1 3.38175E-1 3.71668E-1 4.28815E-1 5.94014E-1 6.62296E-1 5.22838E-1 6.07278E-1 4.10531E-1 6.76452E-1 7.18655E-1 6.54638E-1 6.05641E-1 5.10928E-1
2.83944E-1 2.82036E-1 2.96163E-1 3.86341E-1 4.28236E-1 3.80936E-1 3.55981E-1 4.85307E-1 5.45118E-1 5.46091E-1 6.82162E-1 6.64751E-1 5.90453E-1 5.54243E-1 4.75849E-1 4.2612E-1 4.07755E-1 3.9309E-1 4.36969E-1 3.71124E-1 2.53341E-1 2.6469E-1 3.20312E-1 3.87456E-1 4.20115E-1 4.84934E-1 5.41826E-1 4.75314E-1 3.82301E-1 3.74077E-1 3.3786E-1 5.02684E-1 4.93888E-1 4.33077E-1 3.79435E-1 4.2235E-1 4.56561E-1 4.34476E-1 4.71492E-1 5.56511E-1 6.54055E-1 6.08077E-1 5.4576E-1 2.91139E-1 4.8862E-1 3.31796E-1 4.00378E-1 4.864E-1 5.52941E-1 5.14234E-1 3.93549E-1 4.13859E-1 2.81237E-1 2.27921E-1 2.58416E-1 5.74736E-1 6.8284E-1 6.52587E-1 6.13052E-1 6.20232E-1
2.64009E-1 3.32466E-1 3.84267E-1 4.3154E-1 4.51276E-1 3.49079E-1 4.01278E-1 4.37622E-1 5.4288E-1 5.23427E-1 6.7622E-1 6.38206E-1 5.63011E-1 5.50739E-1 5.13007E-1 4.06637E-1 3.77374E-1 3.66643E-1 4.00307E-1 3.90211E-1 1.63094E-1 2.84063E-1 3.33214E-1 3.6752E-1 4.00476E-1 4.57629E-1 4.65102E-1 3.56558E-1 3.94659E-1 3.79935E-1 3.56541E-1 5.08174E-1 4.98106E-1 5.14359E-1 4.04307E-1 4.1662E-1 4.53247E-1 4.83617E-1 4.90158E-1 5.40737E-1 5.13867E-1 5.26338E-1 4.38381E-1 2.58787E-1 4.90322E-1 2.61278E-1 3.87217E-1 5.02253E-1 5.10598E-1 4.55556E-1 3.71969E-1 3.33431E-1 3.60405E-1 2.6491E-1 3.10451E-1 6.98091E-1 6.211E-1 6.70519E-1 6.35944E-1 6.5593E-1
