Phytophthora/models/20240430_1626_40/Phytophthora_PA3_RUN6_MAXENT_outputs/Phytophthora_PA3_RUN6.asc
ncols         225
nrows         269
xllcorner     473000.0
yllcorner     4429100.0
cellsize      50.0
NODATA_value  -9999
[rows 108 to 134 of 269, columns 0 to 59 of 225]
-9999 -9999 -9999 -9999 -9999 -9999 -9999 -9999 -9999 -9999 -9999 7.10509E-2 6.03733E-2 8.21572E-2 8.95337E-2 7.9719E-2 7.39499E-2 5.52643E-2 4.74869E-2 4.81492E-2 7.82382E-2 9.98758E-2 9.07603E-2 8.60858E-2 6.29085E-2 5.15996E-2 4.3642E-2 3.75319E-2 3.98256E-2 4.01827E-2 3.78095E-2 2.57611E-2 2.25635E-2 1.45626E-2 1.75828E-2 1.9282E-2 2.42258E-2 2.11059E-2 1.45426E-2 1.85381E-2 1.32969E-2 1.35557E-2 1.72934E-2 2.49354E-2 3.00488E-2 2.48246E-2 1.68215E-2 1.35111E-2 1.4974E-2 2.40118E-2 2.49376E-2 2.49265E-2 2.83983E-2 4.28938E-2 3.27836E-2 2.07987E-2 2.18844E-2 4.40427E-2 5.32746E-2 4.91964E-2
-9999 -9999 -9999 -9999 -9999 -9999 -9999 -9999 -9999 -9999 8.88825E-2 7.68846E-2 6.85642E-2 9.94526E-2 1.00808E-1 7.42494E-2 6.44215E-2 4.66828E-2 5.24772E-2 5.85594E-2 9.45711E-2 1.10799E-1 4.66969E-2 1.00253E-1 6.5634E-2 4.9565E-2 4.19466E-2 4.14074E-2 4.46018E-2 3.41525E-2 2.62858E-2 1.98377E-2 1.73807E-2 1.7543E-2 2.05877E-2 2.36059E-2 2.78355E-2 2.22976E-2 1.4709E-2 1.47521E-2 1.34115E-2 1.20328E-2 1.72477E-2 2.38344E-2 3.67023E-2 4.00811E-2 3.48395E-2 1.98127E-2 8.467E-3 3.24304E-2 2.83852E-2 3.26919E-2 5.44871E-2 5.03088E-2 2.74884E-2 2.54139E-2 2.71938E-2 6.69592E-2 5.95712E-2 3.5008E-2
-9999 -9999 -9999 -9999 -9999 -9999 -9999 -9999 -9999 -9999 1.15376E-1 1.03174E-1 1.15743E-1 1.41962E-1 1.17335E-1 8.07771E-2 6.19317E-2 5.24793E-2 6.2723E-2 7.16886E-2 1.28749E-1 7.8102E-2 9.88002E-2 8.54049E-2 7.20744E-2 5.88785E-2 5.28622E-2 4.56865E-2 3.83825E-2 2.9986E-2 2.34784E-2 2.05554E-2 2.25016E-2 2.21217E-2 2.42981E-2 2.97489E-2 2.9511E-2 2.69675E-2 2.24385E-2 2.43977E-2 1.09423E-2 1.35958E-2 1.03206E-2 1.60477E-2 2.86946E-2 4.60328E-2 4.20894E-2 2.95705E-2 2.38539E-2 3.75913E-2 3.15081E-2 4.17391E-2 6.25927E-2 5.71128E-2 3.35904E-2 4.07691E-2 6.56393E-2 7.35255E-2 4.38269E-2 3.06833E-2
-9999 -9999 -9999 -9999 -9999 -9999 -9999 -9999 -9999 2.95857E-1 3.20438E-1 2.91711E-1 2.65823E-1 3.02752E-1 2.43664E-1 1.4601E-1 1.26164E-1 1.30901E-1 1.48898E-1 1.45016E-1 1.79568E-1 1.66232E-1 1.5797E-1 1.37929E-1 1.20594E-1 1.02954E-1 7.54529E-2 7.78546E-2 6.445E-2 4.50137E-2 7.4643E-2 6.63858E-2 6.7491E-2 7.51521E-2 7.81367E-2 6.06543E-2 6.87727E-2 5.55829E-2 4.87946E-2 5.55067E-2 2.64288E-2 2.12194E-2 3.284E-2 4.17877E-2 2.94813E-2 3.89245E-2 6.32135E-2 5.0813E-2 4.67956E-2 5.84685E-2 5.76752E-2 6.26795E-2 9.99657E-2 9.40216E-2 6.66314E-2 6.59013E-2 6.34245E-2 4.39361E-2 2.72727E-2 2.61505E-2
-9999 -9999 -9999 -9999 -9999 -9999 -9999 -9999 2.98221E-1 2.90261E-1 3.2771E-1 3.01348E-1 3.56663E-1 2.84194E-1 2.26297E-1 1.16463E-1 1.12847E-1 1.82424E-1 1.96622E-1 2.29898E-1 1.81641E-1 1.79744E-1 1.51763E-1 1.48163E-1 1.17859E-1 9.39814E-2 7.11977E-2 6.64114E-2 7.08126E-2 6.69642E-2 9.00335E-2 8.13353E-2 7.52242E-2 5.77052E-2 9.00379E-2 8.58331E-2 6.89676E-2 5.39772E-2 5.11666E-2 6.26247E-2 4.31789E-2 3.02278E-2 3.88269E-2 4.58322E-2 5.65646E-2 4.08903E-2 5.64303E-2 5.222E-2 4.60504E-2 5.24899E-2 6.51385E-2 7.91666E-2 1.0234E-1 1.01119E-1 9.28169E-2 7.34516E-2 5.4849E-2 3.88603E-2 3.14298E-2 3.17894E-2
-9999 -9999 -9999 -9999 -9999 -9999 -9999 -9999 3.12113E-1 2.79773E-1 3.51896E-1 3.43818E-1 3.7975E-1 2.80809E-1 2.0193E-1 1.19862E-1 1.23411E-1 2.14519E-1 2.47808E-1 1.27278E-1 1.91619E-1 1.34549E-1 1.41181E-1 1.22769E-1 1.08879E-1 9.81782E-2 8.74319E-2 8.79853E-2 9.02585E-2 7.84021E-2 1.01904E-1 7.35654E-2 7.4632E-2 7.34353E-2 9.84696E-2 8.74804E-2 7.78203E-2 6.10284E-2 5.43597E-2 6.57559E-2 4.65747E-2 4.25601E-2 4.8022E-2 4.35706E-2 6.39925E-2 4.85813E-2 5.03076E-2 5.56626E-2 5.67554E-2 5.37474E-2 7.86269E-2 7.83349E-2 1.09496E-1 1.05415E-1 1.02918E-1 8.26377E-2 4.78323E-2 4.11929E-2 3.40686E-2 3.56939E-2
-9999 -9999 -9999 -9999 -9999 -9999 -9999 -9999 3.45483E-1 2.93377E-1 2.67465E-1 3.7074E-1 3.39337E-1 2.20441E-1 1.86412E-1 1.25315E-1 1.34268E-1 2.32267E-1 1.34676E-1 1.7695E-1 1.52389E-1 1.39693E-1 1.34303E-1 1.34386E-1 1.23389E-1 1.02543E-1 1.11147E-1 8.05953E-2 7.85177E-2 7.41294E-2 1.20581E-1 8.58427E-2 6.03201E-2 7.71362E-2 9.64807E-2 9.36397E-2 8.89059E-2 7.00234E-2 6.11722E-2 7.93176E-2 5.64832E-2 5.24689E-2 5.41505E-2 6.18047E-2 7.78426E-2 4.63202E-2 5.33812E-2 5.18269E-2 6.34232E-2 3.01041E-2 8.10671E-2 1.0187E-1 9.97342E-2 1.17273E-1 1.1036E-1 7.33155E-2 5.48955E-2 4.39292E-2 3.51409E-2 4.0828E-2
-9999 -9999 -9999 -9999 -9999 -9999 -9999 3.00672E-1 3.20809E-1 3.01246E-1 3.7692E-1 3.56537E-1 2.96675E-1 1.96005E-1 1.95512E-1 1.62794E-1 1.67433E-1 1.12168E-1 1.97706E-1 1.46532E-1 1.09769E-1 1.16088E-1 1.28662E-1 9.41964E-2 1.33928E-1 1.21937E-1 1.29189E-1 1.0555E-1 9.68167E-2 8.35604E-2 1.18546E-1 8.95469E-2 8.20557E-2 8.76843E-2 1.10552E-1 1.05089E-1 9.80541E-2 7.55654E-2 5.20856E-2 6.95048E-2 5.51321E-2 6.08721E-2 6.70722E-2 7.41443E-2 8.15508E-2 5.24985E-2 5.47044E-2 4.83776E-2 6.7227E-2 5.95812E-2 8.35381E-2 1.00352E-1 9.285E-2 1.2563E-1 1.18662E-1 7.2733E-2 5.58608E-2 4.85139E-2 4.76093E-2 5.60115E-2
-9999 -9999 -9999 -9999 -9999 -9999 1.96367E-1 1.52886E-1 1.45221E-1 1.40882E-1 2.34713E-1 2.08205E-1 1.72619E-1 1.17153E-1 1.34499E-1 2.15292E-1 2.19366E-1 1.80505E-1 1.60756E-1 1.19394E-1 1.26422E-1 1.38974E-1 1.36979E-1 1.71261E-1 1.34624E-1 1.39963E-1 1.40614E-1 1.21963E-1 1.04939E-1 9.06593E-2 1.09425E-1 7.93255E-2 7.25582E-2 9.51723E-2 1.00416E-1 9.50512E-2 7.66018E-2 5.92624E-2 5.40388E-2 9.60394E-2 1.3222E-1 1.21568E-1 1.19368E-1 1.36427E-1 1.52244E-1 1.31984E-1 1.19319E-1 1.25396E-1 1.60772E-1 1.57994E-1 1.64674E-1 1.82591E-1 2.09274E-1 2.31152E-1 2.06494E-1 1.67225E-1 1.38488E-1 1.2295E-1 1.16933E-1 1.05179E-1
-9999 -9999 -9999 -9999 -9999 -9999 -9999 1.97307E-1 1.77696E-1 1.96642E-1 2.37902E-1 1.86049E-1 1.39528E-1 1.24474E-1 1.60226E-1 2.14468E-1 2.03377E-1 1.11799E-1 1.00815E-1 9.55171E-2 1.11204E-1 1.27581E-1 1.63173E-1 1.47687E-1 1.3937E-1 1.32384E-1 1.50482E-1 1.43698E-1 1.272E-1 9.70319E-2 1.08497E-1 8.03343E-2 8.10809E-2 1.0046E-1 1.00251E-1 9.89969E-2 6.17536E-2 5.36384E-2 5.68694E-2 8.45235E-2 1.2167E-1 1.1367E-1 1.31448E-1 1.48872E-1 1.4272E-1 1.06636E-1 8.16683E-2 1.15651E-1 5.96556E-2 1.44199E-1 1.76382E-1 1.7263E-1 2.05457E-1 2.01511E-1 2.06311E-1 1.56451E-1 1.08126E-1 6.88263E-2 7.6159E-2 8.79138E-2
-9999 -9999 -9999 -9999 -9999 -9999 -9999 -9999 2.45635E-1 2.33628E-1 2.54357E-1 1.62276E-1 1.44399E-1 1.61035E-1 2.11809E-1 1.64916E-1 8.49167E-2 7.92247E-2 9.13697E-2 1.16131E-1 1.34226E-1 1.50688E-1 1.4827E-1 1.27267E-1 1.41094E-1 1.06825E-1 1.48233E-1 1.59242E-1 1.61395E-1 1.33272E-1 1.78766E-1 1.25208E-1 1.27651E-1 1.13444E-1 1.04506E-1 7.08584E-2 5.90775E-2 6.27414E-2 7.02221E-2 1.09465E-1 1.50528E-1 1.41498E-1 1.02661E-1 1.67142E-1 1.69135E-1 1.11246E-1 9.34646E-2 1.47186E-1 9.66287E-2 1.51129E-1 1.45138E-1 1.3047E-1 1.5133E-1 1.30497E-1 1.35741E-1 1.01682E-1 7.36734E-2 6.67626E-2 1.01088E-1 1.19713E-1
-9999 -9999 -9999 -9999 -9999 -9999 -9999 -9999 -9999 2.78932E-1 2.57827E-1 1.84022E-1 1.77735E-1 2.28016E-1 2.30533E-1 1.12325E-1 1.06036E-1 1.19634E-1 1.32909E-1 1.42437E-1 1.38022E-1 1.52523E-1 1.29672E-1 1.03364E-1 1.24708E-1 1.18222E-1 1.51056E-1 1.59793E-1 1.72363E-1 1.64396E-1 2.38366E-1 1.7291E-1 1.25009E-1 1.16977E-1 1.04822E-1 6.7215E-2 6.28828E-2 6.92678E-2 8.55482E-2 9.86103E-2 1.53662E-1 1.46057E-1 1.52721E-1 1.52797E-1 1.48104E-1 9.10303E-2 7.95092E-2 1.25217E-1 1.18327E-1 1.27938E-1 1.20255E-1 1.11895E-1 5.65288E-2 5.51647E-2 4.62164E-2 3.99327E-2 2.42252E-2 5.72528E-2 5.86789E-2 1.05305E-1
-9999 -9999 -9999 -9999 -9999 -9999 -9999 -9999 -9999 -9999 2.34542E-1 1.95987E-1 1.549E-1 1.88954E-1 1.67381E-1 1.05184E-1 1.24344E-1 1.39238E-1 1.34107E-1 1.39704E-1 1.39688E-1 1.32521E-1 1.09255E-1 9.51529E-2 9.57145E-2 1.16587E-1 1.70675E-1 1.715E-1 1.6375E-1 1.7604E-1 2.20076E-1 1.65695E-1 1.37812E-1 1.07703E-1 9.28879E-2 8.4607E-2 7.72451E-2 9.13708E-2 1.03454E-1 1.36219E-1 1.76307E-1 1.15806E-1 1.35693E-1 1.36189E-1 1.22184E-1 8.11643E-2 1.30392E-1 9.4088E-2 1.05442E-1 1.0171E-1 5.61429E-2 5.38705E-2 4.82805E-2 4.37621E-2 3.78525E-2 5.0008E-2 7.15053E-2 8.61989E-2 9.49066E-2 1.00731E-1
-9999 -9999 -9999 -9999 -9999 -9999 -9999 -9999 -9999 -9999 -9999 1.83667E-1 3.34852E-1 4.08635E-1 1.96207E-1 1.29667E-1 9.28347E-2 9.64895E-2 9.65107E-2 1.03259E-1 1.52132E-1 1.25766E-1 9.70498E-2 9.10561E-2 1.26281E-1 2.28102E-1 3.29646E-1 3.22131E-1 3.12534E-1 2.51377E-1 1.92757E-1 1.56634E-1 1.34996E-1 9.60895E-2 1.05547E-1 1.05263E-1 8.99034E-2 1.17867E-1 1.65006E-1 2.38719E-1 1.84723E-1 1.15974E-1 1.47057E-1 1.42827E-1 1.04542E-1 7.39838E-2 4.97154E-2 7.88736E-2 5.12711E-2 4.31297E-2 4.66589E-2 5.69346E-2 5.15514E-2 4.61997E-2 3.20437E-2 8.65644E-2 9.20622E-2 9.98145E-2 1.07529E-1 1.33554E-1
-9999 -9999 -9999 -9999 -9999 -9999 -9999 -9999 -9999 -9999 -9999 -9999 2.04681E-1 3.82897E-1 2.80114E-1 1.6545E-1 9.56382E-2 9.51834E-2 8.89759E-2 1.05027E-1 1.72414E-1 1.51255E-1 1.20613E-1 1.23709E-1 1.50607E-1 2.27669E-1 3.88805E-1 3.53545E-1 3.50757E-1 2.50228E-1 1.85694E-1 1.47335E-1 1.0729E-1 1.0953E-1 1.00229E-1 1.25422E-1 1.02492E-1 1.65574E-1 1.96507E-1 2.3215E-1 1.392E-1 8.60449E-2 1.27424E-1 1.21286E-1 3.86676E-2 5.35181E-2 8.3953E-2 6.45337E-2 5.21918E-2 6.11938E-2 7.18097E-2 7.9329E-2 8.16482E-2 8.40922E-2 1.08358E-1 9.86524E-2 1.02932E-1 1.10444E-1 1.21709E-1 1.84427E-1
-9999 -9999 -9999 -9999 -9999 -9999 -9999 -9999 -9999 -9999 -9999 -9999 3.85783E-1 2.11295E-1 2.7457E-1 1.33806E-1 7.97615E-2 7.54713E-2 8.65308E-2 1.16192E-1 1.80297E-1 1.89967E-1 1.62302E-1 1.76566E-1 1.8944E-1 2.4173E-1 2.91094E-1 3.61821E-1 3.73029E-1 2.54503E-1 1.48455E-1 1.07068E-1 9.76758E-2 9.94461E-2 1.03443E-1 1.05426E-1 1.30542E-1 2.22301E-1 2.13183E-1 1.867E-1 1.07986E-1 7.85344E-2 1.23807E-1 1.02065E-1 8.73677E-2 8.03107E-2 9.67146E-2 7.22989E-2 7.36759E-2 8.56989E-2 1.00224E-1 9.93718E-2 1.09139E-1 7.01126E-2 9.78154E-2 1.01148E-1 1.08238E-1 1.38015E-1 1.63027E-1 2.53736E-1
-9999 -9999 -9999 -9999 -9999 -9999 -9999 -9999 -9999 -9999 -9999 -9999 -9999 2.12715E-1 1.9446E-1 9.75298E-2 6.66151E-2 8.00562E-2 1.07319E-1 1.41699E-1 1.86021E-1 2.21068E-1 2.13761E-1 2.05301E-1 2.29581E-1 2.91963E-1 4.56516E-1 3.58365E-1 3.86225E-1 1.1756E-1 7.79662E-2 5.89104E-2 5.44668E-2 6.92549E-2 1.08443E-1 1.46183E-1 1.0825E-1 1.27758E-1 2.27199E-1 1.38114E-1 9.33671E-2 8.60532E-2 1.19401E-1 5.49779E-2 7.3453E-2 9.65985E-2 5.91665E-2 5.79394E-2 7.1933E-2 9.84242E-2 1.17846E-1 1.13111E-1 1.22986E-1 9.91243E-2 9.72013E-2 1.04263E-1 1.18782E-1 1.31766E-1 1.91552E-1 2.24513E-1
-9999 -9999 -9999 -9999 -9999 -9999 -9999 -9999 -9999 -9999 -9999 -9999 -9999 -9999 1.54273E-1 8.87157E-2 6.81476E-2 9.80529E-2 1.15494E-1 1.41323E-1 2.0791E-1 2.31088E-1 2.87385E-1 2.79997E-1 2.40233E-1 3.10746E-1 4.21909E-1 3.3949E-1 2.2899E-1 1.24245E-1 5.59303E-2 4.92009E-2 6.09903E-2 8.04847E-2 1.0712E-1 1.52835E-1 1.62686E-1 2.20167E-1 2.05128E-1 1.03658E-1 8.47782E-2 1.01565E-1 6.76127E-2 6.6528E-2 7.12954E-2 4.96415E-2 6.07814E-2 9.12599E-2 1.03177E-1 1.12956E-1 1.32452E-1 1.30712E-1 1.22941E-1 1.12711E-1 1.09964E-1 1.06196E-1 1.10628E-1 1.30971E-1 1.74315E-1 1.99128E-1
-9999 -9999 -9999 -9999 -9999 -9999 -9999 -9999 -9999 -9999 -9999 -9999 -9999 -9999 1.4073E-1 1.34198E-1 1.01937E-1 1.39605E-1 1.30243E-1 1.70812E-1 2.86633E-1 3.56266E-1 3.59223E-1 4.02611E-1 4.2581E-1 2.34097E-1 1.77026E-1 1.7372E-1 1.22476E-1 6.79995E-2 4.27093E-2 5.57194E-2 6.91199E-2 7.35489E-2 8.4484E-2 1.3443E-1 1.3574E-1 1.80286E-1 1.7187E-1 7.78302E-2 6.36325E-2 8.08127E-2 4.18744E-2 4.12923E-2 3.1922E-2 3.3995E-2 4.46125E-2 7.32596E-2 8.56209E-2 8.29006E-2 1.21143E-1 1.11757E-1 1.10981E-1 1.13677E-1 1.06787E-1 8.86127E-2 8.39486E-2 7.95975E-2 1.34707E-1 1.5243E-1
-9999 -9999 -9999 -9999 -9999 -9999 -9999 -9999 -9999 -9999 -9999 -9999 -9999 -9999 1.4495E-1 1.32901E-1 1.09665E-1 1.33423E-1 1.24118E-1 1.75391E-1 3.32557E-1 3.56603E-1 4.92346E-1 5.18485E-1 2.27029E-1 9.80443E-2 2.21398E-1 1.70336E-1 1.29569E-1 8.24091E-2 6.47769E-2 8.11633E-2 7.71809E-2 7.84598E-2 8.85802E-2 1.17936E-1 1.195E-1 1.54021E-1 1.46716E-1 8.0599E-2 1.10616E-1 5.91096E-2 3.30482E-2 3.30231E-2 3.22137E-2 4.44461E-2 6.43668E-2 1.00097E-1 8.38703E-2 1.01424E-1 1.3956E-1 1.23848E-1 9.45281E-2 1.39385E-1 1.16225E-1 8.99942E-2 8.32074E-2 9.10763E-2 1.33614E-1 1.01055E-1
-9999 -9999 -9999 -9999 -9999 -9999 -9999 -9999 -9999 -9999 -9999 -9999 -9999 -9999 1.27162E-1 1.34732E-1 1.34696E-1 1.38958E-1 1.47891E-1 2.24454E-1 3.4892E-1 4.19958E-1 2.53101E-1 4.68796E-1 4.05804E-1 2.40869E-1 1.71038E-1 1.43946E-1 1.13348E-1 7.94301E-2 7.04226E-2 7.47732E-2 7.67106E-2 8.58887E-2 7.44222E-2 9.69046E-2 1.08928E-1 1.32197E-1 1.28907E-1 1.08244E-1 4.81257E-2 3.65227E-2 3.38595E-2 3.78228E-2 4.73932E-2 6.2208E-2 1.05565E-1 1.00787E-1 9.33386E-2 1.18559E-1 1.42131E-1 1.24591E-1 8.53457E-2 1.63833E-1 1.24304E-1 9.27672E-2 7.17108E-2 6.72942E-2 7.96777E-2 3.54547E-2
-9999 -9999 -9999 -9999 -9999 -9999 -9999 -9999 -9999 -9999 -9999 -9999 -9999 3.0587E-1 1.82062E-1 1.85609E-1 1.60291E-1 1.77806E-1 2.02116E-1 2.55534E-1 3.46312E-1 2.0036E-1 2.82954E-1 2.79735E-1 2.19075E-1 1.19148E-1 1.01207E-1 2.00424E-1 1.27625E-1 9.83292E-2 7.85889E-2 9.78627E-2 7.13233E-2 6.54205E-2 6.007E-2 7.60099E-2 1.0395E-1 4.54158E-2 1.02894E-1 6.16255E-2 4.28152E-2 4.98103E-2 5.86199E-2 5.67614E-2 7.73307E-2 8.32381E-2 1.05305E-1 1.1973E-1 1.26706E-1 1.51787E-1 1.55999E-1 1.31353E-1 1.60404E-1 1.78278E-1 1.29953E-1 1.00759E-1 7.95734E-2 7.49077E-2 6.27262E-2 -9999
-9999 -9999 -9999 -9999 -9999 -9999 -9999 -9999 -9999 -9999 -9999 -9999 2.17794E-1 1.42599E-1 1.48892E-1 1.22239E-1 2.74484E-1 3.02321E-1 1.87795E-1 1.34277E-1 1.42048E-1 1.91326E-1 2.11176E-1 1.29759E-1 9.99785E-2 1.62317E-1 2.87094E-1 9.89086E-2 2.02571E-1 1.32977E-1 1.14849E-1 1.09601E-1 7.6517E-2 6.06874E-2 5.29115E-2 6.08797E-2 7.79242E-2 4.02082E-2 6.99466E-2 5.13046E-2 5.35003E-2 6.94655E-2 9.03926E-2 8.70884E-2 9.75411E-2 8.45961E-2 1.00727E-1 1.1329E-1 1.45436E-1 1.68667E-1 1.74893E-1 1.20144E-1 1.95902E-1 1.72721E-1 1.25759E-1 9.88133E-2 7.89765E-2 8.3949E-2 6.92829E-2 7.19684E-2
-9999 -9999 -9999 -9999 -9999 -9999 -9999 -9999 -9999 -9999 -9999 1.09858E-1 3.68801E-1 1.49797E-1 1.2194E-1 8.75177E-2 2.2332E-1 1.28462E-1 1.76218E-1 1.07679E-1 1.14931E-1 3.04064E-1 2.76966E-1 2.79251E-1 1.60306E-1 3.0092E-1 1.16336E-1 1.03263E-1 1.66166E-1 3.05822E-1 1.01272E-1 1.99162E-1 1.17663E-1 1.1324E-1 9.34817E-2 7.34024E-2 1.16337E-1 1.38864E-1 8.40118E-2 9.05559E-2 1.23381E-1 1.31924E-1 1.86214E-1 1.26671E-1 1.28548E-1 9.59132E-2 1.13869E-1 1.36415E-1 1.97577E-1 1.9408E-1 1.34836E-1 1.66056E-1 2.07064E-1 1.46219E-1 1.1436E-1 8.91731E-2 6.85042E-2 8.28116E-2 9.33128E-2 1.05853E-1
-9999 -9999 -9999 -9999 -9999 -9999 -9999 -9999 -9999 -9999 2.44095E-1 1.8057E-1 2.15493E-1 2.00349E-1 1.56998E-1 1.31957E-1 2.10459E-1 1.11737E-1 1.60823E-1 1.15322E-1 1.4553E-1 3.85755E-1 4.16346E-1 2.98055E-1 2.18471E-1 2.52864E-1 3.18643E-1 1.18335E-1 8.11159E-2 1.99544E-1 1.60822E-1 1.76791E-1 1.67577E-1 1.36164E-1 1.0621E-1 9.82743E-2 1.07503E-1 1.76936E-1 1.44765E-1 1.37611E-1 2.10968E-1 2.09068E-1 1.98586E-1 1.44002E-1 1.33366E-1 1.0215E-1 1.17519E-1 1.54898E-1 1.93049E-1 1.87961E-1 1.58056E-1 2.1268E-1 2.31604E-1 1.5999E-1 1.12157E-1 9.62624E-2 7.24526E-2 7.62415E-2 9.43983E-2 1.72837E-1
-9999 -9999 -9999 -9999 -9999 -9999 -9999 -9999 -9999 -9999 3.06921E-1 1.84612E-1 1.93925E-1 1.47698E-1 2.05948E-1 2.00019E-1 8.76912E-2 7.98737E-2 7.37826E-2 1.05597E-1 2.0416E-1 2.58437E-1 2.48397E-1 3.30901E-1 2.84771E-1 1.07277E-1 1.1984E-1 1.47496E-1 1.19919E-1 6.49178E-2 1.63809E-1 1.96643E-1 4.7446E-2 7.67445E-2 9.86084E-2 1.11208E-1 1.86698E-1 2.03645E-1 2.06297E-1 2.39556E-1 2.42218E-1 2.49748E-1 1.84745E-1 1.70699E-1 1.12382E-1 1.283E-1 1.24957E-1 1.86085E-1 2.04357E-1 1.78637E-1 9.55803E-2 2.42495E-1 1.92204E-1 1.46682E-1 9.29556E-2 8.79566E-2 7.70357E-2 8.57217E-2 1.36328E-1 1.83783E-1
-9999 -9999 -9999 -9999 -9999 -9999 -9999 -9999 -9999 1.02087E-2 2.78136E-1 2.34023E-1 1.80398E-1 2.38122E-1 1.87385E-1 2.81481E-1 3.05412E-1 1.86067E-1 1.59035E-1 1.50162E-1 3.43256E-1 3.9339E-1 4.32407E-1 4.32909E-1 3.54741E-1 2.7559E-1 2.54249E-1 1.77326E-1 1.21787E-1 1.17971E-1 6.32943E-2 1.47261E-1 6.86693E-2 6.45166E-2 7.12667E-2 -9999 1.65089E-1 2.0014E-1 2.30691E-1 2.69847E-1 2.63749E-1 2.42793E-1 1.9995E-1 1.72784E-1 1.60989E-1 1.56932E-1 1.9173E-1 1.93566E-1 1.72003E-1 1.69205E-1 1.83041E-1 2.32576E-1 1.78933E-1 1.33892E-1 9.72044E-2 9.34232E-2 8.36329E-2 8.13047E-2 7.17325E-2 2.00284E-1
