Phytophthora/models/20240430_1626_40/Phytophthora_PA3_RUN6_MAXENT_outputs/Phytophthora_PA3_RUN6.asc
ncols         225
nrows         269
xllcorner     473000.0
yllcorner     4429100.0
cellsize      50.0
NODATA_value  -9999
[rows 135 to 161 of 269, columns 0 to 59 of 225]
-9999 -9999 -9999 -9999 -9999 -9999 -9999 -9999 -9999 -9999 2.85798E-1 4.09825E-1 2.95686E-1 3.35499E-1 3.32921E-1 3.44133E-1 3.4508E-1 3.00052E-1 2.34399E-1 3.04964E-1 3.56649E-1 4.69216E-1 4.91193E-1 4.25464E-1 3.687E-1 3.0171E-1 2.91847E-1 2.82508E-1 2.27741E-1 1.26296E-1 1.09776E-1 1.77118E-1 1.49269E-1 4.60514E-2 6.21867E-2 4.23057E-2 9.62368E-2 1.38597E-1 1.79162E-1 2.19789E-1 2.5513E-1 2.38266E-1 2.2004E-1 2.16516E-1 2.47951E-1 2.16838E-1 2.13864E-1 1.90879E-1 1.71965E-1 1.35995E-1 2.44909E-1 2.53703E-1 2.05768E-1 1.36262E-1 1.13094E-1 1.11616E-1 1.02518E-1 1.07388E-1 1.6498E-1 2.13661E-1
-9999 -9999 -9999 -9999 -9999 -9999 -9999 -9999 -9999 -9999 1.87684E-1 4.9759E-1 4.4112E-1 4.41225E-1 3.8836E-1 4.56144E-1 3.68597E-1 3.57721E-1 4.39729E-1 4.13215E-1 4.59486E-1 5.99406E-1 5.82493E-1 4.73342E-1 3.79636E-1 2.66566E-1 2.19378E-1 1.91675E-1 1.95198E-1 2.00605E-1 1.86678E-1 1.73899E-1 -9999 -9999 6.42948E-2 8.44568E-2 1.04631E-1 1.22138E-1 1.84976E-1 2.04454E-1 2.68907E-1 2.63224E-1 2.86995E-1 3.56709E-1 3.24508E-1 2.42998E-1 2.21261E-1 1.4357E-1 1.11087E-1 1.4458E-1 2.59753E-1 2.62051E-1 2.35037E-1 1.83846E-1 1.55164E-1 1.18067E-1 1.01067E-1 1.0851E-1 1.40247E-1 1.19763E-1
-9999 -9999 -9999 -9999 -9999 -9999 -9999 -9999 -9999 -9999 3.4274E-1 3.85662E-1 3.98041E-1 4.43413E-1 3.5112E-1 3.88733E-1 3.24968E-1 3.24894E-1 4.18849E-1 4.50011E-1 6.18671E-1 6.77685E-1 6.13089E-1 4.90654E-1 4.11454E-1 2.55244E-1 1.9815E-1 1.92859E-1 2.01202E-1 2.22487E-1 2.08E-1 2.26234E-1 -9999 1.21294E-1 1.24896E-1 1.37267E-1 1.59343E-1 1.83429E-1 2.46099E-1 1.83385E-1 2.62962E-1 2.80793E-1 3.90947E-1 3.04787E-1 2.85631E-1 1.50316E-1 1.09391E-1 9.57141E-2 1.38764E-1 1.36482E-1 2.96004E-1 2.76087E-1 2.63468E-1 2.22088E-1 1.74798E-1 1.30641E-1 1.19277E-1 1.16363E-1 1.44739E-1 2.7943E-1
-9999 -9999 -9999 -9999 -9999 -9999 -9999 -9999 -9999 -9999 2.52032E-1 2.83444E-1 3.29866E-1 3.9027E-1 3.91935E-1 3.78087E-1 2.60217E-1 4.46704E-1 2.95381E-1 4.24233E-1 5.4599E-1 6.05709E-1 4.34218E-1 4.89453E-1 4.74382E-1 3.02757E-1 2.44509E-1 2.35923E-1 2.39688E-1 2.58796E-1 2.39743E-1 2.15768E-1 2.30191E-1 1.92307E-1 1.76754E-1 1.9442E-1 2.2858E-1 2.09067E-1 2.79675E-1 2.85077E-1 2.11902E-1 3.8601E-1 3.50022E-1 2.82725E-1 1.77166E-1 1.40533E-1 1.49664E-1 1.31713E-1 1.3073E-1 1.35902E-1 3.0878E-1 3.0918E-1 2.47304E-1 2.40957E-1 1.8398E-1 1.5738E-1 1.34884E-1 1.32637E-1 1.60242E-1 2.21448E-1
-9999 -9999 -9999 -9999 -9999 -9999 -9999 -9999 -9999 -9999 2.1716E-1 2.91421E-1 3.51934E-1 3.95939E-1 4.41078E-1 4.95588E-1 3.01153E-1 3.78686E-1 3.76798E-1 4.18328E-1 4.47375E-1 5.27621E-1 5.24421E-1 5.53167E-1 4.95003E-1 2.94816E-1 2.79271E-1 2.90751E-1 1.98194E-1 2.60429E-1 1.91961E-1 2.35976E-1 1.94042E-1 2.46357E-1 2.29071E-1 2.42615E-1 2.02804E-1 2.3959E-1 3.19662E-1 2.5611E-1 2.51034E-1 4.03304E-1 3.99004E-1 2.4184E-1 1.68292E-1 1.2937E-1 1.31917E-1 1.18605E-1 1.21293E-1 1.51969E-1 3.03321E-1 3.09633E-1 3.0972E-1 2.71621E-1 2.1905E-1 1.79695E-1 1.62844E-1 1.59178E-1 1.94703E-1 2.52834E-1
-9999 -9999 -9999 -9999 -9999 -9999 -9999 -9999 -9999 -9999 1.98031E-1 2.744E-1 3.4554E-1 3.92894E-1 4.3789E-1 4.64016E-1 5.0794E-1 3.96407E-1 3.2292E-1 4.84466E-1 5.60014E-1 5.48463E-1 5.1918E-1 5.18128E-1 4.47764E-1 3.23332E-1 3.16078E-1 3.16155E-1 3.21946E-1 2.8108E-1 2.56658E-1 2.08359E-1 1.96057E-1 1.86667E-1 2.70461E-1 2.36876E-1 2.43876E-1 2.47587E-1 2.72949E-1 2.81066E-1 3.21195E-1 3.61969E-1 3.10052E-1 1.7504E-1 1.29305E-1 1.14197E-1 1.20074E-1 1.04796E-1 1.11956E-1 1.60179E-1 2.9574E-1 3.56403E-1 2.90646E-1 2.15419E-1 2.29176E-1 1.85945E-1 1.61534E-1 1.69571E-1 2.17389E-1 2.69525E-1
-9999 -9999 -9999 -9999 -9999 -9999 -9999 -9999 -9999 -9999 2.74004E-1 3.07194E-1 3.79918E-1 4.25028E-1 4.29822E-1 4.26865E-1 4.39035E-1 4.32017E-1 5.25948E-1 5.93256E-1 6.03159E-1 5.74294E-1 5.5153E-1 4.96602E-1 4.46595E-1 4.12306E-1 4.00551E-1 3.97389E-1 3.31791E-1 3.01236E-1 2.3181E-1 2.29035E-1 2.205E-1 2.37532E-1 2.569E-1 3.49383E-1 3.24305E-1 3.09503E-1 4.42796E-1 3.54064E-1 4.02608E-1 3.7271E-1 2.35031E-1 1.82479E-1 1.75015E-1 1.48639E-1 1.45604E-1 1.37807E-1 1.5792E-1 2.41075E-1 3.60716E-1 4.23119E-1 3.54005E-1 3.56001E-1 3.15263E-1 2.24673E-1 2.01386E-1 1.83909E-1 2.26877E-1 3.0739E-1
-9999 -9999 -9999 -9999 -9999 -9999 -9999 -9999 -9999 -9999 2.49544E-1 3.10286E-1 4.10591E-1 4.16101E-1 4.02002E-1 3.92389E-1 3.81696E-1 3.65275E-1 2.86813E-1 6.19568E-1 6.40168E-1 4.77647E-1 5.13693E-1 5.18419E-1 5.02585E-1 4.50329E-1 3.91075E-1 3.56922E-1 3.03802E-1 2.71383E-1 2.11992E-1 2.12671E-1 2.15484E-1 2.49363E-1 3.45369E-1 3.98779E-1 3.55827E-1 3.10317E-1 4.4752E-1 4.3796E-1 3.79585E-1 3.58118E-1 2.35611E-1 2.14726E-1 1.8246E-1 1.43531E-1 1.40965E-1 1.38948E-1 1.66433E-1 3.10099E-1 3.37323E-1 3.90922E-1 2.78117E-1 3.41945E-1 2.93958E-1 2.13367E-1 1.94392E-1 2.11848E-1 1.979E-1 2.38402E-1
-9999 -9999 -9999 -9999 -9999 -9999 -9999 -9999 -9999 7.15763E-3 2.35311E-1 3.15218E-1 3.57652E-1 3.23851E-1 3.50768E-1 3.58986E-1 3.42873E-1 2.7358E-1 4.79812E-1 6.01524E-1 5.99603E-1 5.92306E-1 5.74086E-1 5.40756E-1 5.73855E-1 5.09541E-1 3.8559E-1 3.26739E-1 2.98938E-1 2.48328E-1 2.16168E-1 2.07174E-1 2.267E-1 2.73556E-1 3.87677E-1 3.50987E-1 3.60622E-1 3.66656E-1 4.36582E-1 4.1633E-1 3.58819E-1 3.61463E-1 2.82364E-1 2.55405E-1 2.06098E-1 1.85751E-1 1.97269E-1 2.09058E-1 2.72149E-1 2.98058E-1 3.27155E-1 3.05875E-1 3.27451E-1 3.42045E-1 2.78885E-1 2.14393E-1 1.99407E-1 2.13103E-1 2.19015E-1 2.66837E-1
-9999 -9999 -9999 -9999 -9999 -9999 -9999 -9999 -9999 5.83467E-3 2.25321E-1 2.89822E-1 3.06574E-1 2.8082E-1 3.02802E-1 3.53544E-1 3.11869E-1 2.18232E-1 5.29696E-1 5.44281E-1 6.1945E-1 5.76259E-1 5.75736E-1 6.11938E-1 5.87684E-1 4.48072E-1 3.3851E-1 3.11387E-1 3.02835E-1 2.56142E-1 2.1047E-1 2.00099E-1 2.37686E-1 2.94476E-1 3.60426E-1 3.73724E-1 3.13561E-1 3.85979E-1 4.48304E-1 3.94298E-1 3.55443E-1 3.29003E-1 3.03632E-1 2.68726E-1 2.5525E-1 2.43108E-1 2.76524E-1 3.14807E-1 3.05667E-1 3.03249E-1 3.24444E-1 2.65474E-1 3.28828E-1 3.23586E-1 2.71323E-1 2.21224E-1 2.26498E-1 2.20072E-1 2.27098E-1 2.83978E-1
-9999 -9999 -9999 -9999 -9999 -9999 -9999 -9999 -9999 5.18684E-3 2.01837E-1 2.29032E-1 2.35833E-1 2.32629E-1 2.67599E-1 3.16906E-1 2.95823E-1 3.92256E-1 5.12451E-1 5.00806E-1 5.52913E-1 6.13371E-1 4.99882E-1 4.83088E-1 4.5454E-1 3.13219E-1 3.269E-1 3.18474E-1 3.43305E-1 3.04395E-1 2.70948E-1 2.32329E-1 2.73468E-1 3.179E-1 3.43933E-1 3.80633E-1 3.27957E-1 4.14459E-1 4.30065E-1 3.76384E-1 3.67758E-1 3.70389E-1 3.39514E-1 3.02323E-1 3.41226E-1 3.50649E-1 3.95774E-1 3.67468E-1 3.51664E-1 3.59515E-1 3.11632E-1 2.99573E-1 4.03437E-1 4.52016E-1 3.62653E-1 2.76239E-1 2.54794E-1 2.22397E-1 2.31951E-1 3.04292E-1
-9999 -9999 -9999 -9999 -9999 -9999 -9999 -9999 1.18056E-1 1.43222E-1 1.86E-1 1.69702E-1 2.48812E-1 3.03685E-1 2.90794E-1 2.16248E-1 1.54584E-1 4.36182E-1 4.07424E-1 4.22323E-1 4.99281E-1 5.20522E-1 3.70073E-1 3.34405E-1 3.50653E-1 3.63306E-1 2.79772E-1 3.75693E-1 4.13925E-1 3.84912E-1 3.99604E-1 3.30579E-1 3.96453E-1 3.83408E-1 3.68669E-1 3.25013E-1 3.79194E-1 4.32764E-1 3.83371E-1 3.50522E-1 3.93598E-1 3.72736E-1 3.04255E-1 3.14498E-1 4.75345E-1 4.94861E-1 4.5275E-1 4.33075E-1 4.31833E-1 4.05503E-1 4.00297E-1 4.5567E-1 5.08469E-1 5.35652E-1 4.53543E-1 3.76576E-1 3.44756E-1 2.90418E-1 3.00757E-1 4.08462E-1
-9999 -9999 -9999 -9999 -9999 -9999 -9999 -9999 1.3591E-1 1.30846E-1 1.6393E-1 1.36988E-1 1.77993E-1 2.05728E-1 2.0609E-1 1.22265E-1 2.54232E-1 2.92359E-1 4.08906E-1 4.57441E-1 4.32185E-1 4.27887E-1 4.4784E-1 4.62583E-1 4.43711E-1 3.84507E-1 3.75532E-1 3.41487E-1 4.36766E-1 4.14518E-1 4.59425E-1 4.47301E-1 4.75242E-1 4.2089E-1 3.68229E-1 4.27694E-1 4.15619E-1 4.23653E-1 3.55612E-1 3.3866E-1 3.89599E-1 3.11101E-1 3.00317E-1 4.11196E-1 5.32816E-1 4.79004E-1 4.82605E-1 4.78291E-1 4.1301E-1 4.30536E-1 4.25394E-1 5.35078E-1 5.73876E-1 5.2179E-1 4.55454E-1 4.02614E-1 3.45546E-1 3.16871E-1 3.17574E-1 4.26481E-1
-9999 -9999 -9999 -9999 -9999 -9999 -9999 -9999 1.28042E-1 1.40675E-1 1.28301E-1 2.30072E-1 1.09359E-1 9.22237E-2 1.02686E-1 1.21122E-1 1.02339E-1 2.48813E-1 4.53282E-1 5.70525E-1 5.43578E-1 5.48903E-1 5.42333E-1 5.15876E-1 4.77959E-1 4.09413E-1 3.07322E-1 4.41767E-1 3.88253E-1 4.72584E-1 5.4344E-1 5.33931E-1 4.79164E-1 3.4357E-1 4.66811E-1 5.116E-1 4.75033E-1 4.51422E-1 3.91654E-1 3.91015E-1 3.50133E-1 3.32153E-1 4.13408E-1 5.27095E-1 5.52474E-1 5.0741E-1 5.49257E-1 4.62335E-1 4.62749E-1 5.4284E-1 5.93411E-1 6.03665E-1 6.29637E-1 4.72927E-1 4.36102E-1 3.76827E-1 3.9062E-1 3.51242E-1 3.26147E-1 4.31914E-1
-9999 -9999 -9999 -9999 -9999 -9999 -9999 1.46387E-1 1.34537E-1 2.2579E-1 1.75803E-1 1.39334E-1 1.52465E-1 1.5813E-1 1.3146E-1 1.24116E-1 1.98507E-1 4.45281E-1 3.95181E-1 5.67455E-1 5.29327E-1 5.34006E-1 4.86164E-1 4.32911E-1 4.42821E-1 4.15231E-1 4.45065E-1 4.54511E-1 4.57856E-1 4.10901E-1 5.48521E-1 6.00435E-1 4.47156E-1 5.06356E-1 5.37081E-1 5.35265E-1 5.19805E-1 4.61633E-1 4.17134E-1 4.34865E-1 3.99303E-1 5.20956E-1 5.58467E-1 5.24262E-1 5.46311E-1 5.69557E-1 5.63514E-1 4.71627E-1 5.69712E-1 6.08074E-1 6.35854E-1 6.19645E-1 6.17439E-1 5.12455E-1 4.82294E-1 4.36538E-1 3.95244E-1 3.67401E-1 3.56427E-1 4.26561E-1
-9999 -9999 -9999 -9999 -9999 -9999 -9999 1.18838E-1 1.37641E-1 1.56986E-1 1.40505E-1 2.10729E-1 2.72252E-1 2.78898E-1 2.78941E-1 3.00731E-1 3.90762E-1 4.04472E-1 4.29665E-1 4.51273E-1 4.56165E-1 4.28739E-1 3.80126E-1 4.16239E-1 4.3358E-1 4.06392E-1 4.33299E-1 4.96663E-1 3.88797E-1 5.56541E-1 6.01286E-1 5.96181E-1 5.33053E-1 5.73195E-1 5.54043E-1 5.44636E-1 5.2338E-1 4.54798E-1 4.55256E-1 4.71143E-1 4.83637E-1 4.83899E-1 5.57043E-1 5.10984E-1 5.56569E-1 3.97593E-1 4.65999E-1 5.06468E-1 6.24106E-1 5.40637E-1 5.72927E-1 6.52451E-1 6.29826E-1 5.16938E-1 4.5344E-1 4.06063E-1 3.98321E-1 4.15014E-1 4.08804E-1 4.45953E-1
-9999 -9999 -9999 -9999 -9999 -9999 -9999 9.11054E-2 1.93582E-1 2.67612E-1 3.51567E-1 4.3259E-1 4.94918E-1 4.91563E-1 5.02019E-1 4.59962E-1 4.57023E-1 5.59973E-1 4.62788E-1 4.47677E-1 4.50042E-1 4.56152E-1 4.33379E-1 4.82471E-1 4.6322E-1 4.6842E-1 5.28011E-1 5.73956E-1 6.32392E-1 6.4933E-1 6.99849E-1 7.01307E-1 7.02337E-1 6.77191E-1 6.21947E-1 6.20444E-1 5.86739E-1 5.42168E-1 5.51257E-1 5.49726E-1 5.63883E-1 5.78525E-1 6.11504E-1 4.87912E-1 6.15642E-1 6.48346E-1 7.06703E-1 7.20657E-1 7.32433E-1 7.36038E-1 7.03994E-1 6.94217E-1 6.24378E-1 5.4161E-1 4.79306E-1 4.59803E-1 4.68454E-1 4.82002E-1 4.33274E-1 4.79752E-1
-9999 -9999 -9999 -9999 -9999 -9999 1.72295E-1 1.83215E-1 2.54228E-1 3.80137E-1 4.69129E-1 5.12936E-1 5.57261E-1 5.62979E-1 5.68753E-1 5.19567E-1 5.08188E-1 6.38504E-1 5.46123E-1 4.76892E-1 4.53628E-1 4.67636E-1 4.62917E-1 4.61954E-1 4.52658E-1 4.69412E-1 5.31759E-1 5.66743E-1 6.62455E-1 7.1124E-1 7.26155E-1 7.01318E-1 7.29105E-1 6.95508E-1 6.01332E-1 6.06175E-1 5.41326E-1 4.7841E-1 5.69936E-1 5.96627E-1 5.92532E-1 5.55597E-1 5.00819E-1 6.12416E-1 6.4462E-1 6.61054E-1 7.06751E-1 7.28077E-1 7.49843E-1 7.32267E-1 7.23964E-1 6.66817E-1 6.23206E-1 5.80334E-1 4.56482E-1 4.75326E-1 4.67997E-1 4.44133E-1 4.40233E-1 2.90838E-1
-9999 -9999 -9999 -9999 -9999 -9999 9.63057E-2 3.20046E-1 3.47731E-1 4.64487E-1 5.4494E-1 5.69631E-1 6.24808E-1 6.29275E-1 6.11031E-1 5.52207E-1 5.95703E-1 6.80367E-1 5.52567E-1 5.17571E-1 4.98627E-1 4.98823E-1 4.65474E-1 4.30545E-1 4.34131E-1 4.38437E-1 5.09889E-1 5.14123E-1 6.32246E-1 7.1758E-1 7.25574E-1 7.21152E-1 7.54513E-1 6.81276E-1 5.97319E-1 6.45717E-1 5.75286E-1 5.56788E-1 5.85346E-1 5.77758E-1 5.98574E-1 5.43262E-1 6.23739E-1 6.49696E-1 6.86161E-1 7.20517E-1 7.43316E-1 7.4595E-1 6.92304E-1 7.06317E-1 7.24709E-1 6.10689E-1 6.51277E-1 5.99555E-1 4.42052E-1 4.96972E-1 4.4362E-1 3.90071E-1 3.8865E-1 4.38048E-1
-9999 -9999 -9999 -9999 -9999 -9999 -9999 3.80748E-1 4.38758E-1 5.35287E-1 5.50165E-1 6.02791E-1 6.43556E-1 6.62406E-1 6.81274E-1 6.36569E-1 6.85054E-1 7.17589E-1 6.21886E-1 6.30007E-1 6.08237E-1 5.62741E-1 4.45923E-1 3.29976E-1 4.28899E-1 4.13316E-1 5.31306E-1 5.66573E-1 6.37402E-1 6.87082E-1 7.27919E-1 7.36607E-1 7.68286E-1 6.89233E-1 6.75387E-1 6.80962E-1 5.55938E-1 5.7246E-1 6.00742E-1 6.25966E-1 6.24667E-1 6.424E-1 6.56396E-1 6.80629E-1 7.18331E-1 7.20758E-1 7.28497E-1 7.66484E-1 7.56105E-1 6.57839E-1 6.85993E-1 6.48979E-1 6.15356E-1 3.125E-1 4.80414E-1 5.00454E-1 4.65403E-1 4.01604E-1 3.78225E-1 4.51638E-1
-9999 -9999 -9999 -9999 -9999 -9999 -9999 2.63968E-1 5.06962E-1 5.60916E-1 5.49096E-1 5.95296E-1 6.46069E-1 6.94225E-1 6.58298E-1 6.56792E-1 6.98632E-1 7.15749E-1 6.74051E-1 7.02274E-1 6.49252E-1 5.57917E-1 4.05894E-1 3.54746E-1 3.60188E-1 3.97426E-1 4.99078E-1 5.85018E-1 6.39969E-1 6.59295E-1 6.88184E-1 7.25079E-1 7.33436E-1 6.99951E-1 7.2275E-1 4.99195E-1 5.40365E-1 6.23061E-1 6.43829E-1 5.4929E-1 7.13576E-1 6.98013E-1 6.54504E-1 6.68953E-1 7.24007E-1 7.56603E-1 7.50266E-1 7.47348E-1 6.876E-1 6.3041E-1 6.37919E-1 5.86479E-1 5.24037E-1 5.07364E-1 4.14553E-1 4.97657E-1 4.36489E-1 3.89692E-1 5.05816E-1 5.79207E-1
-9999 -9999 -9999 -9999 -9999 -9999 -9999 -9999 2.25606E-1 5.05357E-1 4.08668E-1 4.30225E-1 5.02654E-1 5.91216E-1 6.6694E-1 7.97331E-1 8.21949E-1 7.90375E-1 8.27796E-1 8.0186E-1 6.3749E-1 5.14919E-1 4.27576E-1 3.9148E-1 4.05132E-1 4.42548E-1 5.18447E-1 5.96514E-1 6.46352E-1 6.75108E-1 7.40554E-1 7.72069E-1 7.83759E-1 7.75493E-1 6.72253E-1 5.88193E-1 6.38043E-1 7.02488E-1 6.6939E-1 7.47025E-1 7.50075E-1 7.18113E-1 6.67531E-1 6.88415E-1 7.20616E-1 6.5959E-1 7.22651E-1 6.86803E-1 6.4049E-1 6.34842E-1 6.25509E-1 5.81138E-1 5.47512E-1 5.07683E-1 2.80223E-1 5.71354E-1 4.39426E-1 3.94104E-1 4.83078E-1 5.84328E-1
-9999 -9999 -9999 -9999 -9999 -9999 -9999 -9999 2.64414E-1 3.94369E-1 2.71398E-1 3.7194E-1 4.88284E-1 5.76821E-1 6.73315E-1 7.72244E-1 7.84554E-1 8.36639E-1 8.27389E-1 7.84322E-1 6.11387E-1 5.36046E-1 4.53392E-1 4.42651E-1 4.74257E-1 4.90976E-1 5.36837E-1 5.89966E-1 6.54599E-1 6.91861E-1 7.19557E-1 7.4509E-1 7.51561E-1 6.84695E-1 5.01626E-1 6.2811E-1 6.53407E-1 7.35307E-1 7.32858E-1 7.6247E-1 7.24489E-1 6.91751E-1 6.48723E-1 5.9483E-1 6.46167E-1 6.03896E-1 6.89068E-1 6.82963E-1 6.26057E-1 5.78673E-1 5.76342E-1 5.45679E-1 5.66565E-1 4.89985E-1 5.50994E-1 5.64744E-1 4.37818E-1 2.59307E-1 5.5451E-1 4.97449E-1
-9999 -9999 -9999 -9999 -9999 -9999 -9999 -9999 1.534E-1 2.46079E-1 2.51032E-1 3.58908E-1 4.74472E-1 5.76252E-1 6.36789E-1 7.61969E-1 8.08075E-1 8.19947E-1 8.08638E-1 7.39808E-1 5.70271E-1 5.47902E-1 4.69042E-1 4.84537E-1 5.21466E-1 5.3413E-1 5.8108E-1 6.21784E-1 6.71814E-1 7.13867E-1 7.1547E-1 6.78424E-1 7.47577E-1 5.44572E-1 5.32199E-1 6.48663E-1 7.58084E-1 7.69975E-1 7.80811E-1 7.37077E-1 7.20418E-1 6.72339E-1 6.29383E-1 5.50224E-1 5.86616E-1 5.45779E-1 6.32321E-1 6.28629E-1 6.16648E-1 6.03897E-1 6.28675E-1 5.39446E-1 6.28222E-1 5.85116E-1 5.97055E-1 3.98939E-1 4.59882E-1 4.91266E-1 4.02814E-1 4.26919E-1
-9999 -9999 -9999 -9999 -9999 -9999 -9999 -9999 -9999 2.91413E-1 3.19231E-1 3.77093E-1 5.27783E-1 5.55132E-1 6.03762E-1 7.67534E-1 7.98799E-1 7.96889E-1 7.60036E-1 7.23443E-1 5.73007E-1 5.45877E-1 4.91871E-1 5.19236E-1 5.56276E-1 5.81778E-1 6.23677E-1 6.58656E-1 6.7697E-1 7.37597E-1 7.05505E-1 6.5088E-1 7.23619E-1 5.72915E-1 5.6586E-1 7.32718E-1 7.74289E-1 7.40615E-1 7.21426E-1 7.12847E-1 7.10986E-1 6.31598E-1 5.62399E-1 4.96362E-1 5.0311E-1 4.53193E-1 5.26352E-1 5.54811E-1 5.64591E-1 5.76667E-1 6.26985E-1 6.29367E-1 6.2691E-1 6.33292E-1 6.20357E-1 4.78345E-1 4.24769E-1 3.38806E-1 2.62195E-1 4.26771E-1
-9999 -9999 -9999 -9999 -9999 -9999 -9999 -9999 -9999 3.98887E-1 3.93442E-1 5.07577E-1 5.56472E-1 5.85335E-1 6.22952E-1 7.74885E-1 7.76701E-1 7.73128E-1 7.32273E-1 6.9667E-1 5.94755E-1 5.70364E-1 5.28728E-1 5.33997E-1 5.81257E-1 6.14268E-1 6.72426E-1 6.8898E-1 6.80306E-1 6.7531E-1 7.05503E-1 4.59127E-1 6.70644E-1 6.96352E-1 6.96781E-1 6.93106E-1 6.7547E-1 6.61721E-1 6.91394E-1 6.9305E-1 6.903E-1 5.97883E-1 5.39646E-1 4.6027E-1 4.81459E-1 4.49925E-1 4.96373E-1 4.62879E-1 4.95036E-1 5.77556E-1 6.04044E-1 6.07006E-1 6.14187E-1 6.27897E-1 5.83522E-1 3.90827E-1 3.52842E-1 3.4479E-1 5.60282E-1 5.87419E-1
-9999 -9999 -9999 -9999 -9999 -9999 -9999 -9999 -9999 4.09411E-1 4.31848E-1 4.73398E-1 5.53038E-1 6.33041E-1 7.20935E-1 7.68687E-1 7.42147E-1 7.56339E-1 7.2613E-1 7.26786E-1 6.64385E-1 5.94807E-1 5.38602E-1 5.76431E-1 6.31549E-1 6.96589E-1 7.36729E-1 6.7252E-1 6.97844E-1 7.02472E-1 5.91082E-1 6.42641E-1 5.89258E-1 5.80437E-1 6.76353E-1 7.0786E-1 5.26507E-1 5.39698E-1 6.37974E-1 6.61654E-1 6.01042E-1 5.52668E-1 4.96936E-1 4.25938E-1 5.21214E-1 5.51625E-1 5.71757E-1 5.8505E-1 5.50813E-1 5.42535E-1 5.10241E-1 5.73324E-1 6.44268E-1 6.06367E-1 4.65231E-1 4.88258E-1 4.39267E-1 4.46029E-1 5.06743E-1 6.55087E-1
