Phytophthora/models/20240430_1626_40/Phytophthora_PA3_RUN6_MAXENT_outputs/Phytophthora_PA3_RUN6.asc
ncols         225
nrows         269
xllcorner     473000.0
yllcorner     4429100.0
cellsize      50.0
NODATA_value  -9999
[rows 162 to 188 of 269, columns 0 to 59 of 225]
-9999 -9999 -9999 -9999 -9999 -9999 -9999 -9999 1.86251E-1 3.92114E-1 4.21957E-1 4.76387E-1 5.77534E-1 6.4006E-1 7.36347E-1 7.50822E-1 7.62507E-1 7.60746E-1 7.52873E-1 7.11886E-1 6.08879E-1 5.5455E-1 5.39111E-1 5.93243E-1 6.63091E-1 7.13058E-1 7.90264E-1 6.84413E-1 6.54693E-1 6.40777E-1 3.3351E-1 4.5609E-1 4.94477E-1 5.36674E-1 6.40919E-1 6.47889E-1 6.31311E-1 6.77761E-1 7.13932E-1 6.60182E-1 6.59584E-1 5.9806E-1 5.20807E-1 4.66601E-1 5.5422E-1 6.03869E-1 5.86089E-1 5.89728E-1 6.0306E-1 4.59087E-1 4.3139E-1 4.74597E-1 5.52474E-1 6.46277E-1 4.68186E-1 4.87974E-1 4.30951E-1 5.24754E-1 5.43954E-1 6.29974E-1
-9999 -9999 -9999 -9999 -9999 -9999 -9999 1.9654E-1 2.08861E-1 1.70428E-1 3.76814E-1 3.86237E-1 4.66739E-1 6.61156E-1 7.3424E-1 7.49125E-1 6.55433E-1 6.74393E-1 6.99253E-1 6.35959E-1 5.78088E-1 5.70825E-1 5.52606E-1 5.9397E-1 6.66817E-1 7.16315E-1 7.8148E-1 7.32684E-1 6.09863E-1 5.46314E-1 6.30033E-1 6.44315E-1 6.74592E-1 7.24046E-1 7.06267E-1 6.33472E-1 6.92052E-1 7.37536E-1 6.97004E-1 6.80336E-1 6.84845E-1 5.83723E-1 4.99124E-1 4.84835E-1 5.91576E-1 6.39684E-1 5.94378E-1 5.61595E-1 5.10175E-1 4.7399E-1 4.53317E-1 4.50171E-1 4.93121E-1 5.40461E-1 5.48219E-1 4.64382E-1 4.92832E-1 4.41153E-1 5.88817E-1 2.96555E-1
-9999 -9999 -9999 -9999 -9999 -9999 -9999 1.79532E-1 2.11928E-1 1.87893E-1 1.93684E-1 3.33687E-1 4.40772E-1 5.61665E-1 6.84727E-1 7.48622E-1 5.50145E-1 7.48149E-1 5.35852E-1 6.27307E-1 6.0471E-1 5.71708E-1 5.39508E-1 5.51333E-1 6.34964E-1 6.66104E-1 7.42147E-1 7.30574E-1 5.99562E-1 4.70365E-1 5.01747E-1 5.29462E-1 5.8802E-1 6.06697E-1 6.92721E-1 7.35906E-1 6.47534E-1 7.39284E-1 7.31497E-1 7.27531E-1 7.06879E-1 5.80651E-1 5.48965E-1 5.3007E-1 6.42877E-1 6.79181E-1 6.23391E-1 5.57679E-1 5.29118E-1 5.28687E-1 4.69346E-1 4.90549E-1 5.43932E-1 5.93014E-1 4.56731E-1 5.46496E-1 4.82266E-1 2.1347E-1 4.47096E-1 3.53399E-1
-9999 -9999 -9999 -9999 -9999 -9999 1.05995E-1 8.69243E-2 8.60437E-2 1.3103E-1 2.2961E-1 3.1441E-1 3.61226E-1 4.80884E-1 6.089E-1 5.42885E-1 6.67967E-1 6.23929E-1 5.85213E-1 6.70768E-1 6.10949E-1 5.73788E-1 5.31851E-1 5.17428E-1 5.99481E-1 6.13499E-1 6.81984E-1 6.61075E-1 5.12129E-1 6.60592E-1 4.28013E-1 4.11065E-1 4.36024E-1 4.4382E-1 6.14429E-1 6.48056E-1 6.71718E-1 6.39019E-1 7.37172E-1 7.08463E-1 7.07839E-1 6.12024E-1 6.18746E-1 5.67889E-1 6.58187E-1 5.69688E-1 6.45615E-1 5.83565E-1 5.22712E-1 4.88507E-1 4.88111E-1 5.09844E-1 4.20121E-1 5.40302E-1 4.13798E-1 3.68827E-1 4.21852E-1 3.30722E-1 2.42998E-1 1.96164E-1
-9999 -9999 -9999 -9999 -9999 2.09694E-1 1.65844E-1 1.43232E-1 1.86189E-1 3.08506E-1 4.97412E-1 4.70914E-1 4.83306E-1 5.25193E-1 6.29902E-1 6.37695E-1 5.56112E-1 5.77862E-1 6.10202E-1 5.56221E-1 5.35197E-1 4.93919E-1 4.69187E-1 4.5069E-1 5.12818E-1 4.66067E-1 4.7322E-1 4.1014E-1 5.41878E-1 2.57705E-1 3.12854E-1 3.72702E-1 4.46908E-1 5.42499E-1 6.08037E-1 6.10206E-1 6.02589E-1 6.0397E-1 7.16733E-1 7.32331E-1 7.3563E-1 6.13324E-1 6.63606E-1 6.40869E-1 6.35617E-1 6.92996E-1 6.56028E-1 6.25189E-1 5.51637E-1 4.87154E-1 5.14634E-1 5.83331E-1 4.65283E-1 3.98687E-1 2.6374E-1 3.7911E-1 4.57999E-1 3.04043E-1 3.14941E-1 2.90919E-1
-9999 -9999 -9999 -9999 -9999 2.0199E-1 1.92038E-1 2.64708E-1 3.36721E-1 4.11627E-1 5.56801E-1 4.82501E-1 4.54161E-1 3.56569E-1 5.26531E-1 4.2836E-1 4.96907E-1 5.33281E-1 5.26726E-1 4.93034E-1 4.89463E-1 3.85545E-1 4.79857E-1 4.09926E-1 4.68652E-1 3.54182E-1 3.70493E-1 3.6102E-1 3.7103E-1 3.73803E-1 4.24151E-1 4.68586E-1 4.96471E-1 6.54805E-1 6.69285E-1 6.41882E-1 6.31237E-1 7.04037E-1 7.21474E-1 6.8311E-1 6.57417E-1 6.26079E-1 6.6272E-1 6.45176E-1 6.61228E-1 6.92516E-1 6.5729E-1 5.93598E-1 5.94898E-1 5.81922E-1 5.37565E-1 5.48083E-1 2.11966E-1 3.02308E-1 2.65714E-1 1.61991E-1 3.38912E-1 3.39219E-1 3.86183E-1 4.01048E-1
-9999 -9999 -9999 -9999 -9999 2.09599E-1 3.00566E-1 3.74923E-1 4.20958E-1 4.68745E-1 5.68296E-1 5.12377E-1 4.8597E-1 5.63832E-1 4.60786E-1 4.54763E-1 5.13786E-1 5.77578E-1 5.47777E-1 5.30634E-1 3.74564E-1 3.3112E-1 4.6773E-1 3.21131E-1 4.48787E-1 2.75739E-1 2.31509E-1 4.44076E-1 4.01899E-1 4.58386E-1 5.25287E-1 5.79162E-1 6.51632E-1 7.41408E-1 7.10738E-1 6.08301E-1 7.13965E-1 7.26323E-1 6.982E-1 6.51067E-1 5.93991E-1 6.04776E-1 6.66257E-1 6.16902E-1 6.22483E-1 6.84001E-1 6.57006E-1 6.16622E-1 5.23719E-1 4.53879E-1 3.51323E-1 3.60264E-1 3.96491E-1 4.31762E-1 3.64799E-1 2.95138E-1 4.35052E-1 4.93081E-1 5.01215E-1 4.91664E-1
-9999 -9999 -9999 -9999 -9999 2.52353E-1 3.50336E-1 4.04949E-1 4.8491E-1 5.06702E-1 5.98634E-1 5.57544E-1 3.8118E-1 5.11086E-1 5.0047E-1 5.29775E-1 5.04604E-1 5.31459E-1 4.74885E-1 4.27754E-1 3.19072E-1 3.47649E-1 3.53095E-1 2.06509E-1 2.97755E-1 1.49502E-1 4.67676E-1 4.066E-1 4.59918E-1 5.5249E-1 6.58112E-1 7.1942E-1 7.356E-1 7.59839E-1 6.22188E-1 6.45575E-1 7.16481E-1 6.84215E-1 6.87246E-1 5.91683E-1 5.32786E-1 5.41446E-1 5.36827E-1 5.47696E-1 6.13134E-1 6.81098E-1 6.22025E-1 5.27771E-1 5.23575E-1 4.32074E-1 3.83363E-1 3.88834E-1 3.75536E-1 3.44796E-1 3.20588E-1 3.79379E-1 4.14881E-1 4.57459E-1 5.10181E-1 5.69509E-1
-9999 -9999 -9999 -9999 8.41977E-3 2.88512E-1 3.79531E-1 4.21983E-1 4.99015E-1 5.49322E-1 6.57549E-1 5.997E-1 3.8057E-1 5.76853E-1 5.86429E-1 5.54219E-1 4.75991E-1 4.11656E-1 4.09766E-1 3.62118E-1 2.90094E-1 2.99316E-1 2.95473E-1 3.0163E-1 1.64687E-1 2.44455E-1 3.64728E-1 4.44242E-1 5.23174E-1 5.86119E-1 6.89334E-1 7.22785E-1 6.55153E-1 6.36191E-1 6.08581E-1 7.13801E-1 6.80944E-1 6.70651E-1 6.24698E-1 5.13465E-1 4.89666E-1 4.84712E-1 4.86873E-1 4.78595E-1 5.54221E-1 7.12435E-1 6.29278E-1 5.19602E-1 4.66297E-1 4.07417E-1 3.7787E-1 4.5394E-1 3.98477E-1 3.72244E-1 5.05745E-1 2.48846E-1 3.24082E-1 3.85798E-1 4.78142E-1 5.10924E-1
-9999 -9999 -9999 -9999 4.84522E-2 1.77668E-1 1.81963E-1 2.2814E-1 2.9371E-1 3.308E-1 3.19971E-1 3.27952E-1 3.32676E-1 3.70182E-1 3.53191E-1 3.69893E-1 2.75645E-1 2.19598E-1 1.19669E-1 2.08724E-1 1.09048E-1 1.46208E-1 1.44375E-1 1.54734E-1 1.86654E-1 3.6353E-1 5.06741E-1 6.17421E-1 6.84158E-1 6.94134E-1 6.80645E-1 5.39598E-1 7.1388E-1 7.56315E-1 7.8813E-1 7.59435E-1 7.54115E-1 7.43099E-1 6.68513E-1 5.75925E-1 5.45073E-1 5.36002E-1 5.34063E-1 5.42822E-1 5.4649E-1 6.84754E-1 5.72503E-1 4.46184E-1 4.70241E-1 4.2142E-1 4.57896E-1 5.05642E-1 4.75361E-1 5.2167E-1 4.7067E-1 5.73429E-1 5.47595E-1 5.99564E-1 6.59621E-1 6.98727E-1
-9999 -9999 -9999 -9999 9.89523E-2 1.72287E-1 1.62133E-1 2.37841E-1 2.90357E-1 3.10754E-1 3.68735E-1 4.2396E-1 3.88513E-1 2.87192E-1 2.57888E-1 1.86725E-1 2.4961E-1 1.84374E-1 2.44965E-1 1.3636E-1 1.04898E-1 1.27765E-1 1.39389E-1 1.72195E-1 1.92501E-1 3.87608E-1 4.87939E-1 5.14646E-1 5.5712E-1 6.59446E-1 6.9141E-1 7.01108E-1 7.09298E-1 7.90635E-1 7.73392E-1 7.46277E-1 7.38975E-1 6.79209E-1 6.05645E-1 5.30835E-1 5.29713E-1 5.17947E-1 4.9705E-1 5.00133E-1 4.94445E-1 5.93052E-1 5.22161E-1 4.46339E-1 4.46278E-1 4.6499E-1 4.89908E-1 4.42028E-1 2.85396E-1 2.86771E-1 3.08727E-1 4.71072E-1 6.43549E-1 6.35088E-1 5.62693E-1 5.1605E-1
-9999 -9999 -9999 -9999 8.00081E-2 1.59331E-1 1.8056E-1 2.2612E-1 2.63303E-1 2.66241E-1 2.81923E-1 3.28444E-1 2.82812E-1 2.40124E-1 1.39387E-1 1.32881E-1 2.43183E-1 1.81939E-1 1.2155E-1 1.51548E-1 1.39895E-1 1.67989E-1 1.973E-1 2.42715E-1 2.77155E-1 4.18184E-1 4.63139E-1 5.6887E-1 6.50508E-1 6.77714E-1 6.71786E-1 6.90167E-1 7.71428E-1 7.59065E-1 7.52837E-1 7.3021E-1 7.18716E-1 6.28405E-1 5.8271E-1 5.17499E-1 5.33441E-1 4.91929E-1 4.26216E-1 4.38817E-1 4.85311E-1 5.33446E-1 5.38001E-1 4.57275E-1 4.55582E-1 5.11893E-1 2.61265E-1 4.91779E-1 3.60827E-1 3.57495E-1 3.43256E-1 3.45209E-1 4.78256E-1 6.87537E-1 6.34598E-1 5.56656E-1
-9999 -9999 -9999 -9999 7.69444E-2 9.7521E-2 1.56321E-1 2.62497E-1 3.01112E-1 2.64863E-1 2.75661E-1 2.89283E-1 2.07682E-1 3.33872E-1 1.71813E-1 1.43306E-1 2.2147E-1 1.55326E-1 1.62364E-1 2.02202E-1 2.26551E-1 2.47252E-1 2.48214E-1 3.31994E-1 3.63892E-1 6.08002E-1 5.89071E-1 6.26044E-1 6.26021E-1 6.40681E-1 5.79758E-1 6.50795E-1 7.32114E-1 7.34364E-1 7.2444E-1 7.08003E-1 6.4768E-1 6.01698E-1 6.34004E-1 5.41778E-1 5.31236E-1 5.09219E-1 4.2772E-1 4.45635E-1 5.23004E-1 4.92974E-1 5.39072E-1 5.34776E-1 4.35291E-1 4.62523E-1 3.73898E-1 3.48642E-1 3.65497E-1 4.16026E-1 4.05132E-1 4.16754E-1 2.92517E-1 4.66708E-1 5.13489E-1 5.20827E-1
-9999 -9999 -9999 7.15731E-2 6.38992E-2 1.04659E-1 1.44654E-1 2.4336E-1 2.74397E-1 3.05655E-1 2.90056E-1 3.21096E-1 4.3808E-1 1.81826E-1 1.91868E-1 2.41141E-1 2.10143E-1 2.40358E-1 2.86099E-1 2.99814E-1 3.65914E-1 4.11712E-1 4.39251E-1 4.15811E-1 5.15749E-1 6.24332E-1 7.22238E-1 7.13756E-1 6.63914E-1 6.38502E-1 5.22861E-1 5.21667E-1 6.95448E-1 6.97211E-1 6.81988E-1 6.67325E-1 6.2608E-1 6.16645E-1 6.63598E-1 5.32403E-1 5.33973E-1 5.60817E-1 4.71307E-1 4.68642E-1 5.43546E-1 5.27126E-1 5.37892E-1 3.70095E-1 3.07531E-1 3.81438E-1 4.18881E-1 4.38146E-1 4.51497E-1 4.72396E-1 4.07874E-1 4.17143E-1 4.12552E-1 3.34516E-1 4.04571E-1 4.8985E-1
1.87192E-2 2.40058E-2 3.98484E-2 7.01626E-2 1.09517E-1 2.41782E-1 3.33663E-1 3.74055E-1 2.89379E-1 3.62358E-1 3.01456E-1 1.95688E-1 2.23059E-1 2.6951E-1 2.88483E-1 4.24248E-1 3.86007E-1 4.85157E-1 5.04869E-1 4.57123E-1 6.56796E-1 6.49003E-1 6.69255E-1 5.24569E-1 6.85312E-1 6.72643E-1 7.69583E-1 7.40581E-1 7.04652E-1 6.09643E-1 5.0616E-1 4.62734E-1 6.14672E-1 6.52402E-1 6.65415E-1 7.53221E-1 7.2784E-1 7.25502E-1 7.57343E-1 6.89795E-1 5.6456E-1 5.99456E-1 5.38034E-1 4.99785E-1 3.11076E-1 4.95934E-1 3.60962E-1 1.70803E-1 1.98485E-1 2.28633E-1 2.0946E-1 2.71148E-1 3.31772E-1 3.56436E-1 3.8353E-1 5.05907E-1 4.75924E-1 5.86466E-1 4.86531E-1 6.01217E-1
-9999 3.53601E-2 4.5992E-2 6.7294E-2 1.02132E-1 2.94932E-1 3.34184E-1 3.33593E-1 3.32886E-1 3.28409E-1 3.33839E-1 1.0106E-1 3.15882E-1 3.51022E-1 3.88434E-1 5.56096E-1 5.35797E-1 5.64131E-1 5.49453E-1 5.98746E-1 7.188E-1 7.29896E-1 7.3733E-1 6.89872E-1 7.44615E-1 6.90844E-1 7.1792E-1 7.75715E-1 7.05446E-1 5.77928E-1 4.73064E-1 4.25512E-1 4.52324E-1 6.25624E-1 6.74101E-1 7.60435E-1 7.67295E-1 7.50655E-1 7.66135E-1 7.11062E-1 6.07725E-1 6.19056E-1 4.9258E-1 6.56547E-1 3.4146E-1 2.37739E-1 2.08902E-1 1.94129E-1 1.73921E-1 2.29054E-1 2.24063E-1 2.53436E-1 3.65707E-1 4.49554E-1 5.01372E-1 5.96428E-1 5.49739E-1 5.78508E-1 6.802E-1 6.13529E-1
-9999 -9999 8.30792E-2 9.64922E-2 1.40557E-1 2.61386E-1 3.449E-1 3.18952E-1 3.11336E-1 3.57235E-1 3.3588E-1 4.58714E-1 4.0172E-1 4.03502E-1 4.23386E-1 5.08567E-1 5.11269E-1 5.42851E-1 4.94273E-1 5.03286E-1 5.39325E-1 5.72944E-1 6.00895E-1 5.666E-1 4.49264E-1 6.03178E-1 7.54487E-1 7.87808E-1 7.13916E-1 6.53407E-1 5.30709E-1 4.65919E-1 4.2074E-1 5.99862E-1 6.89936E-1 7.5917E-1 7.74912E-1 7.71354E-1 7.78155E-1 7.29501E-1 6.64977E-1 5.01387E-1 5.49802E-1 4.44117E-1 3.75579E-1 2.69903E-1 2.91647E-1 2.94934E-1 3.67414E-1 3.72916E-1 2.84331E-1 3.67872E-1 4.37469E-1 4.72745E-1 4.8364E-1 6.65982E-1 6.18922E-1 5.72147E-1 6.18881E-1 5.67006E-1
-9999 -9999 -9999 1.45046E-1 2.02433E-1 3.09388E-1 3.79513E-1 3.3689E-1 2.94842E-1 2.95011E-1 3.17021E-1 4.43703E-1 4.18873E-1 4.07774E-1 4.10899E-1 4.76351E-1 3.60095E-1 3.99429E-1 4.13886E-1 3.3812E-1 4.79414E-1 4.01071E-1 2.53171E-1 3.66399E-1 5.99977E-1 4.05311E-1 5.78878E-1 7.40158E-1 7.49122E-1 7.26906E-1 6.05115E-1 5.39293E-1 4.42333E-1 5.68255E-1 6.96244E-1 7.51432E-1 7.687E-1 7.84639E-1 7.90975E-1 6.41657E-1 6.53549E-1 5.31226E-1 4.42785E-1 4.90786E-1 5.2088E-1 4.51511E-1 3.71664E-1 3.24655E-1 4.27967E-1 5.37583E-1 3.67551E-1 5.07582E-1 4.69659E-1 4.61315E-1 4.83789E-1 6.68784E-1 6.16791E-1 5.59893E-1 5.06085E-1 5.29659E-1
-9999 -9999 -9999 -9999 2.14511E-1 3.55454E-1 4.0213E-1 4.07486E-1 3.24102E-1 2.94438E-1 2.63401E-1 3.35476E-1 3.38899E-1 3.22081E-1 3.39577E-1 4.25466E-1 4.43103E-1 4.81463E-1 3.71391E-1 4.00674E-1 4.89213E-1 5.24193E-1 4.58719E-1 5.01438E-1 5.8341E-1 5.88319E-1 5.69625E-1 6.82828E-1 7.48075E-1 7.20483E-1 6.63445E-1 6.57084E-1 5.27171E-1 5.57702E-1 6.78798E-1 7.4937E-1 7.62835E-1 7.83153E-1 7.8264E-1 7.56697E-1 5.33046E-1 4.41728E-1 3.8608E-1 4.71969E-1 5.07769E-1 3.59691E-1 3.31752E-1 4.06229E-1 4.97521E-1 5.5928E-1 5.25855E-1 5.12962E-1 4.8253E-1 4.97673E-1 4.72453E-1 6.76187E-1 6.29744E-1 6.33103E-1 6.18394E-1 5.09232E-1
-9999 -9999 -9999 -9999 4.13702E-1 4.67993E-1 4.74392E-1 3.19463E-1 4.54855E-1 3.96144E-1 1.71645E-1 2.95602E-1 3.16118E-1 3.40657E-1 4.08455E-1 6.6868E-1 6.71335E-1 6.6E-1 6.14283E-1 6.56215E-1 6.97099E-1 5.9796E-1 6.06634E-1 5.07047E-1 5.79103E-1 5.81863E-1 6.62889E-1 6.61928E-1 6.81202E-1 6.93536E-1 6.77769E-1 6.57842E-1 6.42456E-1 5.89261E-1 6.53389E-1 5.42162E-1 5.43467E-1 5.64899E-1 5.08096E-1 5.79662E-1 4.80692E-1 4.35303E-1 3.97387E-1 4.20672E-1 4.54752E-1 5.66072E-1 4.13867E-1 4.34828E-1 6.80757E-1 7.83523E-1 7.32803E-1 6.63107E-1 6.42815E-1 6.36457E-1 6.10167E-1 6.59074E-1 6.5091E-1 6.97372E-1 4.59537E-1 4.18755E-1
-9999 -9999 -9999 -9999 -9999 -9999 4.36954E-1 3.55956E-1 3.46334E-1 3.94813E-1 2.63509E-1 2.35099E-1 2.70853E-1 3.54873E-1 4.11718E-1 6.81159E-1 6.67909E-1 6.44995E-1 5.81167E-1 5.27419E-1 6.76896E-1 6.57157E-1 4.26742E-1 3.41834E-1 5.14087E-1 4.30535E-1 5.44123E-1 5.71111E-1 5.58856E-1 6.27862E-1 6.15717E-1 6.52511E-1 6.54643E-1 6.74896E-1 6.77539E-1 5.37492E-1 5.42509E-1 5.46521E-1 5.96727E-1 5.91215E-1 4.47336E-1 3.16331E-1 3.30496E-1 3.73557E-1 4.36885E-1 5.33982E-1 5.15034E-1 6.02872E-1 6.21021E-1 5.75925E-1 3.52193E-1 4.99988E-1 5.93662E-1 6.1856E-1 5.80614E-1 5.75216E-1 6.71692E-1 5.41225E-1 5.04868E-1 4.7209E-1
-9999 -9999 -9999 -9999 -9999 -9999 -9999 -9999 -9999 2.30133E-1 2.08203E-1 2.12424E-1 2.98647E-1 4.18693E-1 4.10706E-1 6.7221E-1 6.41283E-1 6.10601E-1 4.70223E-1 3.38476E-1 3.82641E-1 4.29689E-1 3.53141E-1 4.2017E-1 2.48736E-1 3.66687E-1 5.20057E-1 5.50863E-1 5.51914E-1 5.61238E-1 5.34096E-1 6.23625E-1 6.67529E-1 6.72944E-1 6.72765E-1 5.1259E-1 5.42516E-1 3.12599E-1 5.86469E-1 4.90018E-1 3.99952E-1 3.52104E-1 3.385E-1 3.41264E-1 4.13373E-1 5.71609E-1 5.50198E-1 5.87807E-1 6.43388E-1 5.79392E-1 5.99409E-1 5.44647E-1 5.98233E-1 6.57666E-1 6.03243E-1 5.36043E-1 3.13564E-1 3.51132E-1 3.94348E-1 4.68265E-1
-9999 -9999 -9999 -9999 -9999 -9999 -9999 -9999 -9999 -9999 2.03056E-1 1.72452E-1 3.36011E-1 3.23132E-1 4.21585E-1 6.84463E-1 6.40822E-1 6.50901E-1 5.76133E-1 5.54236E-1 4.63937E-1 4.28567E-1 3.08686E-1 4.0353E-1 2.27044E-1 4.43913E-1 4.80545E-1 5.38677E-1 5.61436E-1 5.77912E-1 5.06457E-1 5.75896E-1 6.20106E-1 6.8568E-1 6.86712E-1 5.5247E-1 5.30261E-1 5.62915E-1 5.35334E-1 4.59113E-1 3.75757E-1 3.83094E-1 3.83649E-1 3.06043E-1 3.35799E-1 5.32853E-1 5.36074E-1 6.20777E-1 6.38341E-1 5.92392E-1 5.56535E-1 5.37994E-1 6.48524E-1 6.85844E-1 6.29322E-1 5.88523E-1 4.56952E-1 4.64936E-1 4.62677E-1 5.13332E-1
-9999 -9999 -9999 -9999 -9999 -9999 -9999 -9999 -9999 -9999 -9999 -9999 -9999 3.60749E-1 4.65597E-1 6.89145E-1 6.9869E-1 6.37731E-1 6.43397E-1 6.41179E-1 5.55545E-1 5.29362E-1 4.37492E-1 3.76537E-1 6.52576E-1 4.99809E-1 5.42442E-1 5.94228E-1 5.91589E-1 5.96485E-1 5.22872E-1 5.51374E-1 5.19998E-1 5.64671E-1 7.07732E-1 5.71674E-1 4.90172E-1 5.16416E-1 5.53517E-1 3.4102E-1 3.50944E-1 3.64754E-1 4.08601E-1 3.20361E-1 3.499E-1 5.79395E-1 5.96694E-1 6.79489E-1 6.39086E-1 6.06694E-1 6.01906E-1 6.4679E-1 7.11141E-1 7.10563E-1 6.76605E-1 5.95093E-1 5.09887E-1 5.15819E-1 4.74017E-1 4.77725E-1
-9999 -9999 -9999 -9999 -9999 -9999 -9999 -9999 -9999 -9999 -9999 -9999 -9999 -9999 5.16389E-1 7.41651E-1 6.69021E-1 7.2053E-1 7.28389E-1 6.19989E-1 3.63178E-1 3.12763E-1 3.75786E-1 4.6004E-1 5.10921E-1 5.13938E-1 5.19771E-1 5.80275E-1 6.2127E-1 6.72569E-1 6.92815E-1 6.45122E-1 5.68274E-1 7.17607E-1 7.31948E-1 3.30373E-1 2.80037E-1 6.16557E-1 3.4618E-1 4.04605E-1 2.96996E-1 3.00134E-1 2.93489E-1 2.64979E-1 3.51021E-1 6.07473E-1 6.40366E-1 7.03155E-1 6.52878E-1 6.20776E-1 6.05111E-1 7.15175E-1 6.67435E-1 5.76733E-1 5.23283E-1 5.66511E-1 5.27871E-1 5.48252E-1 4.75145E-1 4.10726E-1
-9999 -9999 -9999 -9999 -9999 -9999 -9999 -9999 -9999 -9999 -9999 -9999 -9999 -9999 -9999 7.66257E-1 6.58501E-1 7.21511E-1 7.31105E-1 6.62291E-1 4.03408E-1 4.19236E-1 4.46383E-1 3.81526E-1 4.7896E-1 5.37672E-1 5.58043E-1 6.1078E-1 6.48296E-1 6.77125E-1 6.86531E-1 7.08619E-1 7.04144E-1 6.3224E-1 5.96653E-1 3.04998E-1 3.18541E-1 3.12302E-1 3.99582E-1 4.47009E-1 3.25703E-1 3.55254E-1 3.54237E-1 3.66229E-1 4.41231E-1 6.69313E-1 5.94796E-1 6.73294E-1 6.42071E-1 6.02305E-1 6.18752E-1 6.90052E-1 5.55442E-1 5.52416E-1 5.60008E-1 5.61385E-1 5.04884E-1 5.13851E-1 4.08056E-1 4.66532E-1
-9999 -9999 -9999 -9999 -9999 -9999 -9999 -9999 -9999 -9999 -9999 -9999 -9999 -9999 -9999 7.48941E-1 6.74494E-1 6.87949E-1 7.35123E-1 6.47711E-1 4.74852E-1 4.43133E-1 4.37457E-1 4.42583E-1 4.60227E-1 5.89045E-1 6.24388E-1 5.88353E-1 5.88848E-1 5.30131E-1 6.07719E-1 6.5725E-1 7.00164E-1 7.20705E-1 6.57098E-1 5.08952E-1 3.47567E-1 5.29388E-1 5.60949E-1 5.98571E-1 4.5535E-1 4.1647E-1 3.94338E-1 3.82321E-1 3.77604E-1 6.05621E-1 6.66102E-1 6.68726E-1 6.32886E-1 5.59435E-1 6.73988E-1 6.61162E-1 5.90965E-1 6.1152E-1 5.43704E-1 5.36339E-1 5.08426E-1 4.52901E-1 5.84855E-1 6.26212E-1
