Phytophthora/models/20240430_1411_30/Phytophthora_PA3_RUN1_MAXENT_outputs/Phytophthora_PA3_RUN1.asc
ncols         225
nrows         269
xllcorner     473000.0
yllcorner     4429100.0
cellsize      50.0
NODATA_value  -9999
[rows 54 to 80 of 269, columns 60 to 119 of 225]
3.68151E-3 1.21868E-3 4.38141E-3 3.93707E-3 6.58803E-3 8.17704E-3 1.14706E-2 8.94956E-3 2.03681E-2 2.16526E-2 1.32724E-2 1.06546E-2 1.36398E-2 2.92052E-2 2.68783E-2 2.30114E-2 1.95163E-2 1.57813E-2 1.69499E-2 2.05799E-2 2.6388E-2 3.2587E-2 3.6735E-2 1.68045E-2 3.01677E-2 -9999 -9999 -9999 -9999 -9999 -9999 -9999 -9999 -9999 -9999 -9999 -9999 -9999 -9999 -9999 -9999 -9999 -9999 -9999 -9999 -9999 -9999 -9999 -9999 -9999 -9999 -9999 -9999 -9999 -9999 -9999 -9999 -9999 -9999 -9999
3.71314E-3 2.93921E-3 4.63174E-3 2.35295E-3 7.09454E-3 1.05957E-2 1.2573E-2 1.15647E-2 1.37567E-2 1.22687E-2 1.10377E-2 1.2573E-2 2.5936E-2 1.97725E-2 6.00542E-2 2.97659E-2 2.24509E-2 1.84195E-2 1.5892E-2 1.8766E-2 3.07231E-2 4.6924E-2 3.531E-2 1.29294E-2 3.14003E-2 4.07659E-2 -9999 -9999 -9999 -9999 1.09644E-1 -9999 -9999 -9999 -9999 -9999 -9999 -9999 -9999 -9999 -9999 -9999 -9999 -9999 -9999 -9999 -9999 -9999 -9999 -9999 -9999 -9999 -9999 -9999 -9999 -9999 -9999 -9999 -9999 -9999
1.24352E-3 2.21788E-3 4.47672E-3 4.61396E-3 5.01552E-3 7.32812E-3 9.23352E-3 1.40449E-2 1.04287E-2 8.49069E-3 1.20497E-2 1.24484E-2 2.85914E-2 3.36025E-2 1.11825E-2 1.73264E-2 2.2643E-2 1.7238E-2 1.55113E-2 1.92399E-2 3.58317E-2 2.28999E-2 1.28437E-2 1.68063E-2 1.875E-2 2.63635E-2 2.57977E-2 2.01464E-2 2.14896E-2 6.63231E-3 8.47682E-2 5.35009E-2 -9999 -9999 -9999 -9999 -9999 -9999 -9999 -9999 -9999 -9999 -9999 -9999 -9999 -9999 -9999 -9999 -9999 -9999 -9999 -9999 -9999 -9999 -9999 -9999 -9999 -9999 -9999 -9999
2.6187E-3 3.28272E-3 4.15859E-3 7.61496E-3 9.05491E-3 1.31261E-2 1.11259E-2 5.11687E-3 9.87653E-3 9.05403E-3 9.56314E-3 9.47154E-3 9.62352E-3 6.90952E-3 1.64542E-2 7.30723E-3 2.42602E-2 2.023E-2 1.90374E-2 2.50355E-2 3.44791E-2 1.68554E-2 1.35132E-2 -9999 9.33054E-3 2.3677E-2 2.54101E-2 2.13205E-2 2.54572E-2 6.50511E-3 5.05114E-2 6.58554E-2 -9999 -9999 -9999 -9999 -9999 -9999 -9999 -9999 -9999 -9999 -9999 -9999 -9999 -9999 -9999 -9999 -9999 -9999 -9999 -9999 -9999 -9999 -9999 -9999 -9999 -9999 -9999 -9999
2.36429E-3 2.96074E-3 3.10069E-3 5.06574E-3 9.95364E-3 1.73816E-2 1.66812E-2 7.58414E-3 1.07894E-2 1.06242E-2 9.74443E-3 8.93996E-3 6.76392E-3 5.30121E-3 8.83965E-3 5.04544E-3 1.14465E-2 3.25636E-2 2.55432E-2 3.97741E-2 3.95232E-2 1.57392E-2 1.21873E-2 1.67152E-2 8.96355E-3 3.22224E-2 2.88983E-2 2.55998E-2 2.3957E-2 1.8026E-2 3.71692E-2 8.81791E-2 1.04838E-1 -9999 -9999 -9999 -9999 -9999 -9999 -9999 -9999 -9999 -9999 -9999 -9999 -9999 -9999 -9999 -9999 -9999 -9999 -9999 -9999 -9999 -9999 -9999 -9999 -9999 -9999 -9999
2.72427E-3 3.10209E-3 2.96145E-3 4.27487E-3 6.12288E-3 1.57411E-2 2.31169E-2 1.44935E-2 1.15075E-2 5.92554E-3 8.44314E-3 8.84551E-3 8.7229E-3 9.54493E-3 1.06425E-2 1.39462E-2 2.16542E-2 1.82602E-2 4.51119E-2 4.50385E-2 4.46456E-2 1.55092E-2 1.3721E-2 1.7064E-2 1.69438E-2 3.77036E-2 3.31267E-2 2.85672E-2 2.38385E-2 2.06559E-2 2.59025E-2 7.86626E-2 9.99589E-2 -9999 -9999 -9999 -9999 -9999 -9999 -9999 -9999 -9999 -9999 -9999 -9999 -9999 -9999 -9999 -9999 -9999 -9999 -9999 -9999 -9999 -9999 -9999 -9999 -9999 -9999 -9999
2.64477E-3 3.36846E-3 3.55989E-3 4.78017E-3 5.79968E-3 1.5624E-2 2.27562E-2 1.28047E-2 1.23333E-2 1.32441E-2 4.57618E-3 1.31522E-2 1.41306E-2 1.28428E-2 1.30201E-2 1.35513E-2 1.49126E-2 2.59682E-2 1.5765E-2 2.30297E-2 4.96634E-2 1.67579E-2 1.42978E-2 1.72708E-2 2.49134E-2 3.219E-2 3.53006E-2 3.31743E-2 3.06186E-2 2.81524E-2 3.17478E-2 5.90523E-2 8.82591E-2 -9999 -9999 -9999 -9999 -9999 -9999 -9999 -9999 -9999 -9999 -9999 -9999 -9999 -9999 -9999 -9999 -9999 -9999 -9999 -9999 -9999 -9999 -9999 -9999 -9999 -9999 -9999
2.2854E-3 2.84515E-3 3.90898E-3 5.62385E-3 5.87014E-3 7.88393E-3 9.39218E-3 7.50255E-3 7.49862E-3 9.2829E-3 1.47827E-2 9.13429E-3 1.23148E-2 2.14335E-2 2.02098E-2 2.08033E-2 2.04811E-2 2.43094E-2 2.81709E-2 2.11728E-2 3.08634E-2 1.92161E-2 1.67118E-2 1.91023E-2 2.5277E-2 1.83595E-2 1.93937E-2 1.74067E-2 1.66239E-2 2.648E-2 4.23187E-2 8.25805E-2 9.17191E-2 4.25337E-2 -9999 -9999 -9999 -9999 -9999 -9999 -9999 -9999 -9999 -9999 -9999 -9999 -9999 -9999 -9999 -9999 -9999 -9999 -9999 -9999 -9999 -9999 -9999 -9999 -9999 -9999
2.51509E-3 3.08977E-3 4.16398E-3 7.63989E-3 1.08731E-2 8.55475E-3 6.09061E-3 6.83326E-3 7.7299E-3 9.84705E-3 6.59893E-3 1.50912E-2 1.97132E-2 1.68405E-2 1.88122E-2 1.96146E-2 8.83663E-3 1.07346E-2 2.69096E-2 2.65819E-2 9.96156E-3 2.35646E-2 2.11626E-2 2.13024E-2 2.54596E-2 1.77088E-2 2.3075E-2 1.94783E-2 1.72492E-2 2.64041E-2 6.08549E-2 8.3761E-2 9.50106E-2 8.64069E-2 4.92367E-2 -9999 -9999 -9999 -9999 -9999 -9999 -9999 -9999 -9999 -9999 -9999 -9999 -9999 -9999 -9999 -9999 -9999 -9999 -9999 -9999 -9999 -9999 -9999 -9999 -9999
2.73991E-3 3.38811E-3 5.09525E-3 7.99054E-3 1.36077E-2 9.95995E-3 6.44555E-3 8.15629E-3 8.1285E-3 7.43805E-3 1.44461E-2 1.43418E-2 1.69814E-2 2.08268E-2 1.72279E-2 2.14468E-2 2.45641E-2 2.39004E-2 2.21074E-2 3.15218E-2 4.19078E-2 2.14304E-2 1.15185E-2 2.31637E-2 2.5059E-2 1.8843E-2 2.60793E-2 2.28586E-2 2.11058E-2 2.91748E-2 7.36563E-2 9.45067E-2 1.11185E-1 3.31729E-2 8.34413E-2 4.14978E-2 -9999 -9999 -9999 -9999 -9999 -9999 -9999 -9999 -9999 -9999 -9999 -9999 -9999 -9999 -9999 -9999 -9999 -9999 -9999 -9999 -9999 -9999 -9999 -9999
2.34335E-3 3.12809E-3 4.29787E-3 6.79721E-3 5.6124E-3 1.03635E-2 7.53689E-3 6.76284E-3 8.13053E-3 5.00853E-3 1.43976E-2 1.43966E-2 1.54203E-2 1.894E-2 2.66281E-2 1.21953E-2 2.56929E-2 2.02527E-2 1.83878E-2 3.04443E-2 2.88942E-2 4.18587E-2 1.7606E-2 7.79822E-3 4.27799E-3 1.36508E-2 1.85918E-2 2.01134E-2 2.2521E-2 3.26812E-2 4.40085E-2 1.08183E-1 5.78163E-2 6.46034E-2 6.9846E-2 1.00082E-1 -9999 -9999 -9999 -9999 -9999 -9999 -9999 -9999 -9999 -9999 -9999 -9999 -9999 -9999 -9999 -9999 -9999 -9999 -9999 -9999 -9999 -9999 -9999 -9999
3.1957E-3 4.09332E-3 5.3965E-3 8.41967E-3 5.45153E-3 1.20011E-2 6.93901E-3 6.09811E-3 7.32584E-3 1.09335E-2 1.30038E-2 1.26789E-2 1.40128E-2 1.81311E-2 2.56064E-2 1.35835E-2 2.84349E-2 2.23264E-2 1.62284E-2 1.69278E-2 9.43016E-3 2.4036E-2 1.50437E-2 1.7052E-2 2.02381E-2 7.46632E-3 2.08647E-2 2.15078E-2 2.63901E-2 3.8923E-2 1.05427E-1 5.52767E-2 1.06892E-1 5.67331E-2 7.19982E-2 9.92349E-2 5.97572E-2 6.45206E-2 -9999 -9999 -9999 -9999 -9999 -9999 -9999 -9999 -9999 -9999 -9999 -9999 -9999 -9999 -9999 -9999 -9999 -9999 -9999 -9999 -9999 -9999
4.11316E-3 4.64721E-3 6.02895E-3 8.63564E-3 7.18579E-3 1.87666E-2 1.09796E-2 8.71513E-3 8.71528E-3 1.15849E-2 1.18316E-2 9.48343E-3 1.27772E-2 1.67211E-2 2.39814E-2 3.64932E-2 1.83857E-2 2.97521E-2 1.81582E-2 1.42967E-2 2.33119E-3 9.57552E-3 1.16547E-2 1.4464E-2 1.7798E-2 2.50174E-2 9.32007E-3 2.26371E-2 3.09678E-2 1.35362E-2 5.12869E-2 2.35144E-2 9.82245E-2 6.24949E-2 1.0707E-1 1.13264E-1 6.64166E-2 7.60832E-2 4.7405E-2 7.07782E-2 -9999 -9999 -9999 -9999 -9999 -9999 -9999 -9999 -9999 -9999 -9999 -9999 -9999 -9999 -9999 -9999 -9999 -9999 -9999 -9999
2.92795E-3 7.50373E-3 8.57558E-3 9.6116E-3 6.38306E-3 1.83611E-2 1.8768E-2 1.23189E-2 1.0789E-2 1.33163E-2 1.4504E-2 1.23362E-2 1.39404E-2 1.97592E-2 2.59039E-2 3.41501E-2 2.61228E-2 4.79109E-2 3.9616E-2 1.34128E-2 5.62314E-3 1.32348E-2 1.37784E-2 1.68498E-2 2.09614E-2 1.15713E-2 2.8582E-2 2.77845E-2 1.51568E-2 3.49342E-2 6.20167E-2 7.63498E-2 4.16168E-2 8.56411E-2 1.14165E-1 3.5161E-2 2.61388E-2 5.44179E-2 6.62628E-2 7.98979E-2 6.92082E-2 5.71483E-2 8.30961E-2 -9999 -9999 -9999 -9999 -9999 -9999 -9999 -9999 -9999 -9999 -9999 -9999 -9999 -9999 -9999 -9999 -9999
3.58292E-3 5.44655E-3 5.19197E-3 8.45451E-3 1.16245E-2 1.63322E-2 1.76039E-2 8.91374E-3 1.59131E-2 2.03003E-2 1.97764E-2 1.6752E-2 1.56072E-2 2.3216E-2 1.68771E-2 3.20487E-2 1.20887E-2 2.35557E-2 2.27235E-2 1.19093E-2 1.13969E-2 2.1161E-2 1.8609E-2 2.02722E-2 8.37761E-3 2.96697E-2 2.80834E-2 2.76721E-2 1.27193E-2 2.96761E-2 3.51165E-2 2.99682E-2 2.92205E-2 6.4074E-3 1.17034E-1 3.5874E-2 7.68615E-2 8.33033E-2 7.93682E-2 8.42599E-2 5.9393E-2 5.52327E-2 7.85809E-2 1.059E-1 7.46784E-2 -9999 -9999 -9999 -9999 -9999 -9999 -9999 -9999 -9999 -9999 -9999 -9999 -9999 -9999 -9999
3.69857E-3 3.95669E-3 4.39874E-3 4.97956E-3 1.20796E-2 1.57279E-2 1.80063E-2 2.25102E-2 1.57986E-2 1.91428E-2 1.2749E-2 1.19068E-2 2.05702E-2 2.69465E-2 1.16986E-2 3.22623E-2 2.10897E-2 1.61069E-2 1.20522E-2 1.85102E-2 3.61121E-3 3.01889E-2 9.19738E-3 9.94798E-3 2.05164E-2 2.71587E-2 2.46252E-2 2.78665E-2 2.20311E-2 3.10305E-2 3.09015E-2 2.46498E-2 3.28581E-2 1.13175E-1 8.9991E-2 8.29993E-2 6.56239E-2 7.65641E-2 6.67095E-2 5.73981E-2 4.1544E-2 4.2817E-2 6.07663E-2 7.80841E-2 1.14374E-1 -9999 -9999 -9999 -9999 -9999 -9999 -9999 -9999 -9999 -9999 -9999 -9999 -9999 -9999 -9999
3.73162E-3 5.62389E-3 8.18946E-3 1.06891E-2 9.18255E-3 1.68242E-2 1.6221E-2 1.98243E-2 2.37568E-2 2.72886E-2 3.365E-2 3.217E-2 2.14271E-2 2.99966E-2 2.99668E-2 3.12258E-2 2.02812E-2 1.61148E-2 1.25109E-2 1.45209E-2 9.16765E-3 4.23032E-2 4.2118E-2 2.16141E-2 1.41719E-2 2.92079E-2 2.55053E-2 2.22176E-2 2.99904E-2 3.22876E-2 3.52232E-2 3.18261E-2 3.58491E-2 5.94619E-2 3.75167E-2 3.23211E-2 4.40454E-2 5.22906E-2 6.91195E-2 4.54636E-2 3.50532E-2 3.82025E-2 5.31807E-2 6.98196E-2 1.72601E-1 -9999 -9999 -9999 -9999 -9999 -9999 -9999 -9999 -9999 -9999 -9999 -9999 -9999 -9999 -9999
3.25038E-3 1.49727E-3 8.23913E-3 1.08408E-2 8.32333E-3 1.77318E-2 1.64292E-2 1.72072E-2 2.02605E-2 2.29643E-2 2.83134E-2 3.37292E-2 3.93192E-2 3.24694E-2 2.77135E-2 2.83251E-2 1.83258E-2 1.58774E-2 1.28679E-2 1.39646E-2 1.99249E-2 4.02307E-2 3.34839E-2 1.84681E-2 1.71654E-2 2.38111E-2 1.85381E-2 2.16053E-2 1.76433E-2 3.28132E-2 4.03628E-2 3.90382E-2 4.04569E-2 3.6931E-2 2.8247E-2 5.63451E-2 -9999 3.50082E-2 4.05325E-2 3.80108E-2 3.46644E-2 4.42272E-2 5.05174E-2 7.15584E-2 1.67482E-1 -9999 -9999 -9999 -9999 -9999 -9999 -9999 -9999 -9999 -9999 -9999 -9999 -9999 -9999 -9999
3.35498E-3 3.28259E-3 8.444E-3 1.04881E-2 1.34694E-2 1.73474E-2 1.66652E-2 1.60764E-2 1.87561E-2 2.34195E-2 2.56936E-2 2.835E-2 3.26516E-2 4.0176E-2 2.84964E-2 2.82179E-2 1.78528E-2 1.65302E-2 1.51464E-2 1.84003E-2 2.11822E-2 3.38061E-2 2.70843E-2 1.76425E-2 1.96651E-2 2.11429E-2 2.30792E-2 2.00713E-2 1.94193E-2 3.00358E-2 3.87776E-2 4.27277E-2 2.31765E-2 2.87478E-2 4.63145E-2 4.28814E-2 2.28725E-2 4.24239E-2 4.56996E-2 5.09505E-2 4.50592E-2 9.72099E-2 1.44031E-1 1.47501E-1 1.44769E-1 2.18585E-1 -9999 -9999 -9999 -9999 -9999 -9999 -9999 -9999 -9999 -9999 -9999 -9999 -9999 -9999
5.84642E-3 5.71251E-3 4.91206E-3 4.00585E-3 1.17471E-2 1.49628E-2 1.51828E-2 2.00927E-2 2.55921E-2 2.63537E-2 2.92848E-2 2.867E-2 3.59838E-2 4.77973E-2 4.50382E-2 3.34835E-2 2.06612E-2 1.95687E-2 1.79758E-2 8.68651E-3 2.71764E-2 3.85832E-2 2.97087E-2 1.96797E-2 2.26786E-2 2.78459E-2 1.64196E-2 2.70699E-2 2.41102E-2 3.00656E-2 3.80844E-2 4.02975E-2 1.71807E-2 3.0767E-2 2.8688E-2 2.95405E-2 3.47547E-2 4.01387E-2 7.25911E-2 3.14786E-2 4.80271E-2 1.24764E-1 1.24283E-1 1.29416E-1 1.1142E-1 2.15778E-1 2.31278E-1 -9999 -9999 -9999 -9999 -9999 -9999 -9999 -9999 -9999 -9999 -9999 -9999 -9999
2.51103E-3 2.65371E-3 3.01245E-3 1.26112E-3 4.81843E-3 1.1241E-2 1.76881E-2 2.26071E-2 2.90963E-2 3.09525E-2 2.89826E-2 2.79488E-2 3.50005E-2 4.14601E-2 1.29913E-2 5.08011E-2 2.76914E-2 2.58775E-2 2.51593E-2 9.44111E-3 2.20058E-2 1.43535E-2 1.90555E-2 2.29795E-2 2.0865E-2 1.51576E-2 3.07864E-2 2.95876E-2 1.83114E-2 3.14732E-2 4.03705E-2 4.65546E-2 4.8367E-2 3.88251E-2 3.66295E-2 3.61348E-2 2.60975E-2 3.0028E-2 3.58258E-2 4.05512E-2 3.77933E-2 9.8098E-2 1.12583E-1 4.92998E-2 3.37711E-2 8.71637E-2 1.0733E-1 -9999 -9999 -9999 -9999 -9999 -9999 -9999 -9999 -9999 -9999 -9999 -9999 -9999
2.36875E-3 1.44292E-3 2.26857E-3 2.78229E-3 4.15286E-3 7.57851E-3 1.23305E-2 1.95211E-2 1.4649E-2 3.23309E-2 2.91905E-2 2.50167E-2 3.05649E-2 4.61292E-2 5.31716E-2 2.94782E-2 2.71395E-2 2.13428E-2 1.96306E-2 1.81574E-2 8.51528E-3 9.20872E-3 6.86742E-3 1.47913E-2 4.2932E-2 7.09683E-2 3.89751E-2 1.60702E-2 1.28045E-2 1.15787E-2 2.80982E-2 3.72717E-2 4.33042E-2 4.25269E-2 4.42743E-2 4.54567E-2 2.45703E-2 3.7671E-2 3.07645E-2 2.90791E-2 3.54654E-2 4.08867E-2 4.68091E-2 5.61668E-2 5.00931E-2 1.07504E-1 1.9915E-1 -9999 -9999 -9999 -9999 -9999 -9999 -9999 -9999 -9999 -9999 -9999 -9999 -9999
3.72909E-3 2.1899E-3 1.96567E-3 4.18587E-3 5.16172E-3 8.15164E-3 4.07347E-3 6.57813E-3 2.62885E-2 3.37025E-2 5.13332E-2 4.40261E-2 5.10462E-2 5.78925E-2 8.39586E-2 1.13673E-1 1.08274E-1 7.68588E-2 1.28713E-1 1.20598E-1 3.46128E-2 4.91157E-2 5.40604E-2 5.97498E-2 1.52661E-1 7.40517E-2 4.35706E-2 4.84951E-2 4.74159E-2 3.07684E-2 6.41001E-2 8.87606E-2 9.38089E-2 1.01626E-1 1.32088E-1 1.97358E-1 1.77249E-1 1.41449E-1 1.15504E-1 9.5776E-2 1.20798E-1 9.39524E-2 1.81397E-1 1.9313E-1 2.91166E-1 2.55943E-1 2.57239E-1 2.15655E-1 -9999 -9999 -9999 -9999 -9999 -9999 -9999 -9999 -9999 -9999 -9999 -9999
2.73459E-3 2.50778E-3 2.04092E-3 3.70615E-3 4.89165E-3 7.77605E-3 4.79741E-3 1.43428E-2 1.89278E-2 2.47623E-2 4.2978E-2 4.07135E-2 4.50073E-2 5.2368E-2 6.43709E-2 8.16611E-2 8.37833E-2 7.40719E-2 1.18956E-1 7.36229E-2 9.99351E-2 5.23777E-2 7.5461E-2 1.3144E-1 1.2753E-1 4.90032E-2 4.69065E-2 5.46239E-2 6.62611E-2 5.42721E-2 6.78007E-2 9.71992E-2 1.11617E-1 1.26498E-1 1.29922E-1 2.04948E-1 2.24072E-1 1.64158E-1 1.21199E-1 1.28819E-1 1.50324E-1 1.81491E-1 1.51125E-1 2.62148E-1 3.62566E-1 2.18023E-1 2.73966E-1 1.86881E-1 2.16544E-1 1.76263E-1 -9999 -9999 -9999 -9999 -9999 -9999 -9999 -9999 -9999 -9999
3.14577E-3 3.451E-3 4.08623E-3 3.61784E-3 4.93125E-3 7.04772E-3 3.98357E-3 1.31394E-2 1.59396E-2 2.60572E-2 5.18669E-2 4.81859E-2 4.29701E-2 4.59651E-2 5.5288E-2 8.08925E-2 8.6721E-2 9.34516E-2 1.0938E-1 8.27539E-2 5.78683E-2 7.34468E-2 1.16401E-1 9.45896E-2 4.17545E-2 4.14381E-2 4.66869E-2 5.80379E-2 7.64113E-2 7.49379E-2 4.01475E-2 4.4461E-2 7.7627E-2 1.34703E-1 1.42692E-1 1.82607E-1 1.93914E-1 2.01013E-1 1.63866E-1 1.82893E-1 2.35747E-1 3.43603E-1 1.87222E-1 1.54125E-1 2.85487E-1 4.3753E-1 3.01582E-1 2.28074E-1 2.46992E-1 1.75287E-1 1.20814E-1 1.068E-1 -9999 -9999 -9999 -9999 -9999 -9999 -9999 -9999
5.12648E-3 5.76766E-3 4.57898E-3 4.76935E-3 3.48252E-3 3.49832E-3 6.1852E-3 1.44078E-2 2.04068E-2 3.32296E-2 5.97277E-2 6.16555E-2 6.94957E-2 7.94679E-2 8.2818E-2 7.53588E-2 4.86111E-2 2.0588E-2 5.8152E-2 5.14402E-2 1.51411E-2 5.13558E-2 8.67649E-2 2.9225E-2 1.65631E-2 3.38188E-2 4.95055E-2 7.08771E-2 9.2283E-2 1.02537E-1 5.53983E-2 9.82336E-2 6.95888E-2 7.27571E-2 1.60213E-1 1.95232E-1 2.01369E-1 2.57483E-1 2.32527E-1 3.01435E-1 3.26678E-1 2.72649E-1 1.03587E-1 1.51798E-1 2.92063E-1 2.8713E-1 2.63352E-1 1.12824E-1 2.78245E-1 1.93953E-1 1.46668E-1 1.57573E-1 1.71316E-1 -9999 -9999 -9999 -9999 -9999 -9999 -9999
7.21669E-3 2.39792E-3 7.35134E-3 5.08947E-3 4.93987E-3 6.27199E-3 5.46715E-3 5.66927E-3 7.51813E-3 8.21565E-3 4.35E-2 5.83614E-2 7.77942E-2 7.0059E-2 6.7411E-2 8.31824E-2 8.87778E-2 5.51047E-2 5.47856E-2 5.3036E-2 4.35077E-2 -9999 2.91526E-2 2.24459E-2 2.5812E-2 3.63186E-2 5.10194E-2 7.46982E-2 1.00668E-1 1.44286E-1 9.74151E-2 9.80944E-2 1.02861E-1 1.67387E-1 1.68032E-1 1.99444E-1 1.84781E-1 2.12378E-1 2.19831E-1 2.34844E-1 2.87486E-1 2.77383E-1 2.28338E-1 1.8357E-1 1.96122E-1 3.83548E-1 3.24845E-1 1.39116E-1 3.54107E-1 2.29043E-1 1.24957E-1 1.66147E-1 2.26559E-1 -9999 -9999 -9999 -9999 -9999 -9999 -9999
