Phytophthora/models/20240430_1411_30/Phytophthora_PA3_RUN1_MAXENT_outputs/Phytophthora_PA3_RUN1.asc
ncols         225
nrows         269
xllcorner     473000.0
yllcorner     4429100.0
cellsize      50.0
NODATA_value  -9999
[rows 162 to 188 of 269, columns 120 to 179 of 225]
1.84256E-1 3.52677E-1 2.28831E-1 1.95959E-1 2.43708E-1 4.06052E-1 4.76095E-1 5.20819E-1 3.12375E-1 3.65378E-1 3.10894E-1 6.3174E-1 5.54788E-1 5.43866E-1 5.25088E-1 6.20294E-1 6.57077E-1 6.74899E-1 6.44935E-1 5.73952E-1 4.42423E-1 3.6784E-1 3.6569E-1 3.20947E-1 3.23142E-1 1.25295E-1 1.67645E-1 2.3303E-1 3.66753E-1 3.1369E-1 1.71266E-1 1.30097E-1 9.97722E-2 9.34867E-2 1.16635E-1 1.86935E-1 1.99979E-1 1.8864E-1 1.85816E-1 2.33318E-1 2.78023E-1 3.37018E-1 3.96559E-1 4.66607E-1 4.41307E-1 2.03599E-1 3.16459E-1 2.60183E-1 2.05456E-1 1.79305E-1 2.6719E-1 2.40124E-1 5.30139E-1 3.79738E-1 3.00581E-1 1.73078E-1 3.78327E-1 3.82059E-1 3.81893E-1 2.98445E-1
3.86732E-1 3.5973E-1 2.98749E-1 3.12472E-1 1.70826E-1 4.03365E-1 4.70362E-1 5.04874E-1 5.49547E-1 6.1168E-1 5.77903E-1 4.51653E-1 5.43142E-1 4.98952E-1 4.43259E-1 5.18834E-1 6.36822E-1 6.85987E-1 1.12887E-1 4.78428E-1 2.89496E-1 1.79645E-1 5.28264E-1 1.66382E-1 1.23655E-1 1.08371E-1 1.63401E-1 1.74187E-1 1.94334E-1 2.37221E-1 1.3313E-1 1.09268E-1 9.44064E-2 1.0669E-1 1.69826E-1 2.50082E-1 2.41612E-1 2.29953E-1 2.10903E-1 2.38166E-1 2.77787E-1 3.41522E-1 4.09946E-1 2.8116E-1 3.9823E-1 4.12074E-1 1.63478E-1 3.28008E-1 2.39041E-1 3.20827E-2 9.01594E-2 1.50884E-1 1.51652E-1 3.42328E-1 1.39344E-1 4.38785E-1 3.63552E-1 3.6521E-1 3.93865E-1 4.13393E-1
4.1218E-1 3.78496E-1 3.29509E-1 2.91858E-1 2.17005E-1 3.82998E-1 4.25347E-1 4.54571E-1 4.96678E-1 5.59231E-1 6.0772E-1 3.79922E-1 5.77452E-1 5.01898E-1 4.16546E-1 4.42974E-1 3.30535E-1 5.20659E-1 4.17899E-1 2.99511E-1 1.69804E-1 1.58027E-1 3.3081E-1 1.46424E-1 2.35945E-1 1.81495E-1 1.93958E-1 1.89382E-1 1.95225E-1 1.18013E-1 1.2364E-1 1.14165E-1 1.39496E-1 1.59284E-1 2.12074E-1 3.20009E-1 3.09799E-1 2.92687E-1 2.53567E-1 2.3445E-1 2.60131E-1 3.0964E-1 3.64227E-1 3.85692E-1 4.17731E-1 1.19788E-1 2.11692E-1 2.851E-1 2.17309E-1 1.41983E-1 1.64768E-1 2.87272E-1 4.44692E-1 4.33394E-1 3.84254E-1 4.31549E-1 4.29075E-1 4.21146E-1 4.16473E-1 4.51648E-1
4.43937E-1 3.77544E-1 3.15633E-1 2.75262E-1 2.77269E-1 4.04489E-1 4.47126E-1 4.74441E-1 4.61849E-1 5.35003E-1 6.38576E-1 4.62123E-1 6.71894E-1 6.72568E-1 3.8526E-1 1.49964E-1 1.87555E-1 4.03767E-1 2.43637E-1 2.18782E-1 2.29756E-1 2.417E-1 2.00215E-1 3.14648E-1 2.86814E-1 2.59836E-1 2.49011E-1 2.168E-1 2.30862E-1 1.20471E-1 1.13978E-1 1.43265E-1 1.6196E-1 1.97143E-1 2.7849E-1 4.02897E-1 4.19499E-1 3.61854E-1 3.01107E-1 2.72779E-1 2.4104E-1 2.71134E-1 3.22867E-1 3.38791E-1 3.73944E-1 3.61721E-1 2.55184E-1 3.08902E-1 2.02537E-1 1.62924E-1 1.84825E-1 2.73097E-1 3.12249E-1 5.36879E-1 2.58225E-1 4.57752E-1 4.74016E-1 4.88164E-1 4.99293E-1 4.98274E-1
5.55625E-1 4.17765E-1 3.51981E-1 3.26907E-1 3.15415E-1 3.6288E-1 4.25631E-1 4.74251E-1 5.27014E-1 5.7283E-1 6.11824E-1 5.1708E-1 6.94737E-1 6.01405E-1 5.32445E-1 2.57779E-1 2.84244E-1 4.6281E-1 3.7137E-1 3.7292E-1 3.26342E-1 4.51934E-1 4.37277E-1 5.40984E-1 5.23062E-1 3.71217E-1 3.36187E-1 3.46197E-1 4.04973E-1 1.98732E-1 3.7444E-1 2.16437E-1 2.50334E-1 3.2973E-1 4.34068E-1 4.10484E-1 4.03404E-1 3.50742E-1 3.01521E-1 2.7922E-1 2.59886E-1 2.42769E-1 2.61779E-1 3.02941E-1 3.6164E-1 3.36994E-1 4.03842E-1 3.10969E-1 4.06281E-1 3.55556E-1 2.49833E-1 2.00195E-1 2.46312E-1 1.29111E-1 1.50163E-1 2.87998E-1 4.01568E-1 5.91417E-1 6.12586E-1 6.15791E-1
2.57805E-1 3.97151E-1 2.924E-1 3.08105E-1 3.02324E-1 3.53118E-1 3.94323E-1 4.21736E-1 5.09442E-1 6.15827E-1 6.65359E-1 4.65452E-1 5.84502E-1 4.07541E-1 3.67061E-1 3.69643E-1 4.36464E-1 4.94628E-1 3.32839E-1 3.72648E-1 5.26846E-1 4.59649E-1 4.10268E-1 4.62994E-1 6.2462E-1 4.97181E-1 3.85575E-1 3.20996E-1 3.57143E-1 4.17544E-1 3.58645E-1 2.59855E-1 3.10016E-1 4.85332E-1 5.1374E-1 5.02569E-1 4.36814E-1 3.89788E-1 3.48964E-1 3.10709E-1 3.21332E-1 2.91436E-1 2.65644E-1 2.85325E-1 1.2148E-1 4.89032E-1 4.31443E-1 3.06351E-1 1.33931E-1 2.04654E-1 1.98264E-1 1.83972E-1 1.56012E-1 1.86273E-1 2.10833E-1 2.8796E-1 1.51023E-1 3.57418E-1 2.97439E-1 5.19669E-1
2.63386E-1 1.95478E-1 3.34332E-1 3.08057E-1 3.01852E-1 3.51967E-1 4.18489E-1 3.7398E-1 3.96411E-1 4.9821E-1 5.82466E-1 5.28215E-1 5.95386E-1 5.15666E-1 2.61117E-1 2.87129E-1 4.28708E-1 5.03742E-1 5.18888E-1 4.93156E-1 5.0258E-1 5.17356E-1 5.52853E-1 4.83291E-1 4.20714E-1 4.25507E-1 5.31242E-1 4.45618E-1 4.02051E-1 2.95184E-1 3.24815E-1 3.17335E-1 1.594E-1 5.44086E-1 5.27984E-1 2.36721E-1 2.42231E-1 2.72551E-1 2.63933E-1 3.46458E-1 3.44053E-1 3.20136E-1 2.85033E-1 2.39544E-1 2.84027E-1 5.34614E-1 4.57693E-1 3.95362E-1 3.69596E-1 3.91589E-1 1.31799E-1 1.84203E-1 1.65964E-1 1.78377E-1 1.54675E-1 3.05593E-1 2.98873E-1 4.67607E-1 4.64618E-1 3.59798E-1
2.48104E-1 2.53795E-1 2.31533E-1 2.62656E-1 3.51424E-1 4.83712E-1 5.48542E-1 4.40562E-1 3.75012E-1 4.71498E-1 5.09656E-1 6.93109E-1 3.70874E-1 3.0292E-1 5.17273E-1 4.79109E-1 4.92709E-1 4.8606E-1 4.80959E-1 4.77122E-1 4.72179E-1 5.04633E-1 5.16554E-1 5.31005E-1 3.1225E-1 4.26468E-1 1.7311E-1 2.60471E-1 2.65995E-1 2.02203E-1 1.76366E-1 1.23051E-1 2.27541E-1 1.55648E-1 4.55331E-1 4.09854E-1 4.41377E-1 3.47733E-1 3.4796E-1 2.25105E-1 3.42762E-1 3.19615E-1 2.90294E-1 2.26044E-1 2.88431E-1 4.93988E-1 4.57084E-1 4.33704E-1 4.13956E-1 4.05666E-1 2.04822E-1 2.2971E-1 2.33472E-1 1.0882E-1 2.25078E-1 3.2535E-1 3.48504E-1 3.77007E-1 5.13356E-1 4.76528E-1
3.27165E-1 2.76659E-1 2.16888E-1 1.6608E-1 1.63411E-1 2.67074E-1 4.8416E-1 2.54979E-1 6.25674E-1 4.71075E-1 4.53277E-1 6.59747E-1 6.22076E-1 5.25005E-1 4.89756E-1 4.37205E-1 4.61631E-1 4.56801E-1 4.53571E-1 4.64862E-1 4.55456E-1 4.99761E-1 5.07023E-1 5.47897E-1 3.02478E-1 4.27404E-1 3.76524E-1 3.56542E-1 2.91425E-1 2.46561E-1 1.96444E-1 1.16985E-1 1.86855E-1 5.47368E-1 5.09166E-1 4.54598E-1 3.55839E-1 2.43462E-1 3.13045E-1 3.25657E-1 3.12572E-1 2.9587E-1 2.75054E-1 2.47008E-1 2.91851E-1 4.70791E-1 2.97522E-1 4.14596E-1 3.88804E-1 3.82831E-1 1.69651E-1 2.52975E-1 1.23822E-1 2.20357E-1 2.19961E-1 3.43893E-1 3.69816E-1 3.58569E-1 5.81443E-1 4.99351E-1
3.2203E-1 2.54841E-1 2.29852E-1 1.20836E-1 8.14985E-2 1.0595E-1 1.29803E-1 1.88799E-1 4.27042E-1 4.31973E-1 5.69447E-1 6.51926E-1 5.89036E-1 4.78726E-1 4.34109E-1 3.49303E-1 3.77623E-1 5.16779E-1 5.06239E-1 3.83108E-1 3.45921E-1 3.78604E-1 3.86563E-1 4.25689E-1 2.9546E-1 4.49609E-1 3.51854E-1 3.43421E-1 3.45072E-1 3.76891E-1 3.74883E-1 3.10048E-1 3.18108E-1 3.38774E-1 3.70724E-1 2.87441E-1 2.43774E-1 2.08439E-1 3.06477E-1 2.98884E-1 2.99793E-1 2.89559E-1 2.63913E-1 2.38588E-1 2.10117E-1 4.13822E-1 2.74996E-1 3.54143E-1 4.02887E-1 4.13966E-1 2.89351E-1 2.24828E-1 2.83347E-1 2.64944E-1 2.62295E-1 3.32611E-1 3.13757E-1 4.80264E-1 5.8112E-1 4.30746E-1
3.17674E-1 2.74595E-1 2.4208E-1 1.93157E-1 1.39094E-1 7.47138E-2 1.05075E-1 1.46303E-1 1.91412E-1 2.56483E-1 5.49087E-1 6.14627E-1 4.58232E-1 4.74842E-1 3.96431E-1 3.22534E-1 2.55941E-1 2.4829E-1 5.10277E-1 3.84366E-1 4.36653E-1 3.46044E-1 4.04155E-1 4.44791E-1 2.96865E-1 5.0228E-1 4.33522E-1 3.94222E-1 3.90777E-1 2.45723E-1 4.08286E-1 3.43758E-1 3.60165E-1 2.23687E-1 3.67114E-1 2.39329E-1 1.94652E-1 1.74239E-1 2.52104E-1 2.65492E-1 2.54812E-1 2.53246E-1 2.60741E-1 2.21113E-1 1.00251E-1 1.44312E-1 1.49869E-1 2.11913E-1 3.16225E-1 3.35553E-1 1.85562E-1 2.268E-1 2.64005E-1 2.53691E-1 2.55574E-1 3.25143E-1 4.19299E-1 5.02029E-1 5.30606E-1 3.45512E-1
3.29827E-1 3.3843E-1 2.59277E-1 2.09318E-1 1.38898E-1 1.49282E-1 1.06912E-1 1.31067E-1 1.55652E-1 1.89421E-1 2.94143E-1 3.34373E-1 5.47409E-1 3.58556E-1 4.54823E-1 3.00522E-1 2.46329E-1 2.16083E-1 2.94447E-1 2.25423E-1 4.5313E-1 3.23589E-1 4.2856E-1 2.86335E-1 4.12456E-1 4.67118E-1 2.88326E-1 2.23717E-1 2.57847E-1 4.16794E-1 3.95714E-1 3.94397E-1 4.08833E-1 1.45404E-1 3.23578E-1 2.37517E-1 1.93165E-1 1.75663E-1 3.06211E-1 1.60579E-1 3.03812E-1 2.82663E-1 2.80749E-1 3.74854E-1 8.51444E-2 7.81831E-2 1.12034E-1 2.12429E-1 3.64824E-1 4.01572E-1 3.14548E-1 3.73197E-1 3.18063E-1 2.60235E-1 2.87636E-1 5.05371E-1 4.73258E-1 4.19713E-1 4.29455E-1 3.14911E-1
3.35114E-1 3.80306E-1 3.09107E-1 2.22988E-1 1.92893E-1 1.55912E-1 1.63084E-1 1.02294E-1 1.26941E-1 1.57333E-1 2.40322E-1 2.39022E-1 2.68894E-1 4.61057E-1 2.67124E-1 4.0555E-1 2.22294E-1 2.05059E-1 1.9707E-1 4.95615E-1 2.60633E-1 3.28862E-1 4.46138E-1 2.74122E-1 3.8105E-1 5.73134E-1 4.51507E-1 3.87033E-1 3.82837E-1 4.0881E-1 3.88833E-1 4.44806E-1 3.66575E-1 4.83745E-1 2.88107E-1 2.06904E-1 1.81052E-1 1.69735E-1 3.06638E-1 2.18624E-1 3.34897E-1 3.22926E-1 2.92419E-1 3.24638E-1 2.64692E-2 1.28248E-1 1.48697E-1 1.25801E-1 5.82474E-1 5.34242E-1 3.91281E-1 4.6257E-1 3.42904E-1 2.88166E-1 4.19962E-1 5.26361E-1 4.58649E-1 3.83234E-1 2.98665E-1 2.83662E-1
3.37475E-1 4.36205E-1 3.0944E-1 2.2977E-1 2.10274E-1 1.66045E-1 1.61508E-1 1.63667E-1 1.57263E-1 1.3812E-1 1.9693E-1 1.98595E-1 2.25786E-1 2.23164E-1 4.58655E-1 4.16522E-1 2.62592E-1 2.09472E-1 2.37929E-1 2.37558E-1 5.11633E-1 3.68907E-1 4.79048E-1 2.63967E-1 3.97658E-1 5.68214E-1 3.25291E-1 3.70879E-1 3.77285E-1 4.06973E-1 4.21369E-1 5.32105E-1 2.89266E-1 4.96734E-1 3.03701E-1 2.09335E-1 2.08095E-1 1.85132E-1 1.77486E-1 1.14255E-1 3.56364E-1 3.13252E-1 2.86719E-1 2.49729E-1 1.14491E-1 8.36821E-2 1.74117E-1 1.6612E-1 5.1531E-1 5.40724E-1 3.00034E-1 4.04996E-1 2.99564E-1 2.23502E-1 1.83092E-1 5.20556E-1 4.38813E-1 2.75884E-1 1.96187E-1 1.96842E-1
2.62844E-1 3.91057E-1 2.44129E-1 1.684E-1 1.72565E-1 1.87652E-1 1.55102E-1 1.70667E-1 1.81065E-1 1.29048E-1 1.41486E-1 1.33173E-1 1.71763E-1 1.79386E-1 2.31548E-1 4.31192E-1 4.95426E-1 2.83859E-1 3.33028E-1 3.21727E-1 2.16588E-1 3.13136E-1 4.98426E-1 1.82373E-1 3.02404E-1 2.79193E-1 2.16479E-1 3.09144E-1 2.06607E-1 3.37879E-1 3.77284E-1 1.9525E-1 5.11175E-1 2.86979E-1 1.92147E-1 1.9974E-1 2.05867E-1 2.10361E-1 1.15291E-1 2.8356E-1 3.96888E-1 3.72257E-1 3.28295E-1 3.57946E-1 7.13325E-2 1.07669E-1 2.20137E-1 2.66569E-1 4.37029E-1 3.66851E-1 2.62365E-1 3.48551E-1 3.15125E-1 2.03892E-1 2.19434E-1 3.11026E-1 2.99461E-1 2.60371E-1 1.61858E-1 1.26033E-1
3.03798E-1 3.94791E-1 2.34238E-1 1.71597E-1 1.80863E-1 2.06184E-1 1.60514E-1 1.46047E-1 1.56563E-1 1.45772E-1 1.39345E-1 1.48837E-1 1.69749E-1 1.79152E-1 2.06839E-1 4.11114E-1 3.08411E-1 2.94221E-1 3.4357E-1 3.2612E-1 2.29253E-1 3.20169E-1 3.4235E-1 2.82559E-1 3.0911E-1 1.10931E-1 2.61595E-1 3.13904E-1 2.72443E-1 1.25443E-1 1.02332E-1 1.74412E-1 2.14543E-1 1.99382E-1 2.05962E-1 2.33446E-1 2.57533E-1 2.13193E-1 2.50699E-1 2.98231E-1 3.52988E-1 3.33872E-1 2.88595E-1 2.71273E-1 1.9124E-1 2.1031E-1 2.31147E-1 2.82951E-1 3.01983E-1 3.348E-1 3.66958E-1 3.72201E-1 3.17066E-1 2.82583E-1 2.54319E-1 3.09927E-1 2.78277E-1 2.48163E-1 2.01485E-1 1.70663E-1
4.5661E-1 3.91168E-1 2.16891E-1 1.86306E-1 2.20009E-1 2.36574E-1 1.65051E-1 1.37818E-1 1.28545E-1 1.05214E-1 1.54641E-1 1.25534E-1 1.41855E-1 1.36148E-1 1.70128E-1 2.45948E-1 3.38457E-1 4.49092E-1 3.7998E-1 3.43129E-1 2.57016E-1 3.38573E-1 4.56848E-1 2.0441E-1 2.11971E-1 2.72621E-1 2.0088E-1 2.94923E-1 2.69828E-2 2.19856E-1 1.36446E-1 2.9337E-1 3.26476E-1 2.05922E-1 2.29742E-1 2.75083E-1 1.14602E-1 3.15401E-1 3.08497E-1 2.91836E-1 3.54835E-1 3.17993E-1 2.9127E-1 2.84834E-1 2.48417E-1 6.59296E-2 2.85074E-1 4.90668E-1 4.3931E-1 4.44541E-1 4.3282E-1 3.70007E-1 2.73857E-1 2.55081E-1 2.12443E-1 1.69115E-1 1.87216E-1 2.24122E-1 1.79128E-1 1.54269E-1
3.53806E-1 2.87773E-1 2.17473E-1 2.2803E-1 2.26962E-1 2.46187E-1 1.79828E-1 1.49855E-1 1.09411E-1 1.17051E-1 1.35766E-1 1.34581E-1 1.26761E-1 1.41693E-1 1.62932E-1 2.30026E-1 3.43794E-1 4.03664E-1 6.1358E-1 3.59415E-1 2.80115E-1 3.67092E-1 3.54097E-1 2.29655E-1 2.82162E-1 3.27424E-1 2.64414E-1 2.81237E-1 1.31373E-1 2.14699E-1 1.60059E-1 2.02972E-1 2.5897E-1 3.30755E-1 2.45012E-1 2.72393E-1 1.99508E-1 2.85525E-1 2.77311E-1 2.85701E-1 3.45495E-1 2.81565E-1 2.60683E-1 2.40624E-1 3.32795E-1 1.06431E-1 4.46499E-1 4.10056E-1 4.32033E-1 4.18393E-1 3.57491E-1 3.06062E-1 2.83408E-1 2.41056E-1 1.75038E-1 1.25186E-1 1.07075E-1 1.4204E-1 1.61007E-1 1.6915E-1
1.38449E-1 3.31617E-1 2.43202E-1 2.26936E-1 2.80339E-1 2.82608E-1 2.13803E-1 1.82134E-1 1.20534E-1 1.0573E-1 1.20555E-1 1.38948E-1 1.3456E-1 1.42377E-1 1.76913E-1 2.33867E-1 2.44987E-1 3.54821E-1 5.56581E-1 6.40989E-1 2.81307E-1 4.71402E-1 1.92405E-1 3.45111E-1 2.9073E-1 5.56374E-2 2.29647E-1 1.8915E-1 1.31814E-1 2.53891E-1 1.1776E-1 1.54156E-1 2.7275E-1 3.47909E-1 4.1881E-1 1.71324E-1 3.0413E-1 2.74769E-1 2.66067E-1 2.74217E-1 3.70984E-1 3.01661E-1 2.53564E-1 2.22486E-1 2.33698E-1 1.98326E-1 4.14622E-1 3.6077E-1 2.53174E-1 2.42353E-1 2.70596E-1 2.70864E-1 2.603E-1 1.87811E-1 1.26254E-1 1.35858E-1 1.55515E-1 1.65343E-1 2.15558E-1 1.70222E-1
3.0742E-1 3.99249E-1 2.43313E-1 2.35445E-1 3.30901E-1 2.66589E-1 1.82151E-1 1.61761E-1 1.14518E-1 1.05434E-1 1.33135E-1 1.49621E-1 1.64337E-1 1.74526E-1 2.07177E-1 2.00265E-1 2.32996E-1 2.58948E-1 3.85184E-1 4.49972E-1 3.64485E-1 3.97425E-1 3.43822E-1 4.94837E-1 1.42902E-1 1.81592E-1 1.33811E-1 1.32856E-1 1.17816E-1 1.13035E-1 5.9516E-2 5.99278E-2 9.551E-2 2.13147E-1 2.30046E-1 3.20057E-1 2.69662E-1 2.50169E-1 2.3514E-1 2.6133E-1 2.51588E-1 3.16156E-1 1.77692E-1 1.10472E-1 2.07181E-2 8.48744E-2 2.74547E-1 2.34721E-1 1.67967E-1 1.6171E-1 2.03656E-1 1.92239E-1 1.59727E-1 1.38262E-1 1.70548E-1 1.33982E-1 1.82394E-1 2.18855E-1 2.10761E-1 9.47741E-2
4.48276E-1 4.35181E-1 2.2825E-1 2.9172E-1 3.37124E-1 2.38376E-1 1.86047E-1 1.79209E-1 1.29259E-1 1.31617E-1 1.47271E-1 1.62045E-1 1.80469E-1 2.06717E-1 1.89989E-1 1.73927E-1 2.0745E-1 2.80536E-1 3.25749E-1 5.40595E-1 3.35967E-1 1.97071E-1 1.29158E-1 1.58732E-1 1.74028E-1 1.30168E-1 1.14605E-1 9.80523E-2 9.5228E-2 9.65498E-2 5.62385E-2 1.01116E-1 8.29638E-2 7.65546E-2 3.86104E-1 2.53761E-1 1.94179E-1 1.59175E-1 1.72174E-1 2.25056E-1 3.33538E-1 4.44563E-1 1.83998E-1 8.82018E-2 5.15256E-2 6.84648E-2 8.22777E-2 2.53405E-1 2.32158E-1 2.34001E-1 1.97254E-1 1.58395E-1 1.27626E-1 1.68261E-1 1.52153E-1 1.22291E-1 2.35962E-1 2.43914E-1 2.31372E-1 1.00492E-1
1.75914E-1 3.02008E-1 2.4494E-1 3.6459E-1 3.39151E-1 2.34708E-1 1.97641E-1 1.88443E-1 1.56518E-1 1.56343E-1 1.64184E-1 1.75564E-1 1.89189E-1 2.23666E-1 2.47706E-1 2.05008E-1 2.25161E-1 3.06334E-1 3.90011E-1 5.75088E-1 3.49237E-1 5.26532E-1 1.51808E-1 1.86211E-1 2.26287E-1 1.66611E-1 1.38932E-1 9.4224E-2 8.59979E-2 6.74153E-2 4.39702E-2 8.39879E-2 6.99543E-2 7.23135E-2 1.35061E-1 1.78579E-1 1.18549E-1 2.22472E-1 1.47421E-1 2.00796E-1 2.62458E-1 3.01886E-1 1.23471E-1 2.18499E-1 2.10511E-1 1.31484E-1 5.63314E-2 8.03183E-2 2.64639E-1 1.88859E-1 1.62516E-1 1.24585E-1 1.22711E-1 1.5338E-1 1.50006E-1 1.29487E-1 2.16947E-1 2.84867E-1 2.10713E-1 1.15864E-1
1.79015E-1 1.73519E-1 2.7021E-1 1.0502E-1 3.35776E-1 2.49734E-1 2.02056E-1 2.19363E-1 1.52109E-1 1.66949E-1 2.10474E-1 2.1901E-1 2.16324E-1 2.52691E-1 2.66614E-1 2.29128E-1 2.53993E-1 2.89405E-1 3.59394E-1 6.03853E-1 2.91632E-1 2.05842E-1 1.9548E-1 9.73534E-2 3.48613E-1 2.31094E-1 1.74288E-1 1.16991E-1 9.57797E-2 7.30247E-2 3.90198E-2 5.85933E-2 7.0612E-2 6.45021E-2 6.92881E-2 2.97522E-1 2.48897E-1 1.52722E-1 2.45582E-1 2.85917E-1 3.29778E-1 3.57009E-1 1.77202E-1 1.33535E-1 1.09865E-1 8.06917E-2 1.21976E-1 1.28272E-1 1.3793E-1 1.1143E-1 9.96313E-2 9.1013E-2 1.31364E-1 1.79501E-1 1.87601E-1 1.58266E-1 1.62007E-1 1.61352E-1 1.65586E-1 1.60653E-1
2.39549E-1 2.02966E-1 1.45404E-1 1.48956E-1 1.80378E-1 2.44272E-1 2.26268E-1 2.12385E-1 1.56461E-1 2.0198E-1 2.72388E-1 2.67073E-1 2.71387E-1 2.78667E-1 2.72299E-1 2.29804E-1 2.69037E-1 3.02068E-1 3.32E-1 6.47394E-2 2.66693E-1 2.27013E-1 1.67584E-1 2.91796E-1 8.86662E-2 2.7531E-1 1.95312E-1 1.489E-1 1.09157E-1 9.11816E-2 7.17741E-2 3.99936E-2 4.56472E-2 5.17368E-2 6.04365E-2 2.49839E-1 2.61901E-1 2.58986E-1 3.14121E-1 3.56925E-1 3.82628E-1 4.20239E-1 2.53364E-1 3.27713E-2 1.49697E-1 1.00473E-1 1.72659E-1 2.38187E-1 1.27432E-1 9.29907E-2 1.00179E-1 1.15302E-1 1.65085E-1 1.94155E-1 2.2985E-1 2.1104E-1 2.42078E-1 2.30765E-1 1.82206E-1 1.68799E-1
2.35112E-1 2.26578E-1 2.03758E-1 1.82484E-1 5.98915E-2 3.34662E-1 2.57358E-1 2.15552E-1 1.99628E-1 2.63677E-1 2.59568E-1 2.56645E-1 2.9661E-1 2.74475E-1 2.55008E-1 3.09066E-1 3.35506E-1 3.78548E-1 4.48043E-1 1.49952E-1 1.06038E-1 1.57713E-1 1.17909E-1 9.62702E-2 2.82549E-1 2.03982E-1 1.06713E-1 1.07854E-1 8.8706E-2 8.72788E-2 1.43115E-1 1.15304E-1 1.21393E-1 1.65157E-1 1.92425E-1 2.81914E-1 3.42849E-1 2.53594E-1 4.61316E-1 4.76442E-1 3.86457E-1 3.76547E-1 3.98626E-1 8.69944E-2 2.18003E-1 1.97342E-1 2.2458E-1 1.15344E-1 1.16255E-1 8.85295E-2 9.90875E-2 1.47536E-1 1.72163E-1 2.13316E-1 2.72927E-1 2.86411E-1 3.10243E-1 2.72393E-1 2.06822E-1 1.38438E-1
2.46955E-1 2.31126E-1 2.14401E-1 2.10018E-1 3.4178E-1 4.32097E-1 2.43549E-1 2.42726E-1 2.32434E-1 3.06452E-1 2.82878E-1 3.06589E-1 3.89914E-1 3.09318E-1 2.77218E-1 3.4454E-1 3.57902E-1 3.08476E-1 2.05532E-1 4.62264E-1 1.61078E-1 1.66818E-1 1.34067E-1 8.2759E-2 1.08578E-1 1.68159E-1 1.59835E-1 1.11795E-1 7.2702E-2 8.08563E-2 1.32362E-1 2.04252E-1 2.36742E-1 2.78718E-1 2.90862E-1 3.7479E-1 4.67003E-1 4.3845E-1 4.95921E-1 4.61055E-1 4.14875E-1 2.94425E-1 4.29571E-1 7.32742E-2 2.44735E-1 2.83478E-1 1.33485E-1 1.14669E-1 1.12313E-1 1.07943E-1 1.4607E-1 1.71465E-1 2.06134E-1 2.71084E-1 3.43798E-1 3.74206E-1 3.98865E-1 3.26941E-1 2.72873E-1 1.71945E-1
2.45202E-1 2.08154E-1 1.89048E-1 1.77085E-1 2.72365E-1 3.46999E-1 2.54424E-1 2.65255E-1 2.53395E-1 3.31967E-1 3.23848E-1 3.57098E-1 4.65723E-1 3.66916E-1 3.33587E-1 3.90127E-1 3.82385E-1 4.90659E-1 4.35421E-1 3.39289E-1 2.2029E-1 1.68464E-1 1.29874E-1 8.39734E-2 6.79218E-2 1.31671E-1 9.3979E-2 1.30033E-1 7.19411E-2 8.95516E-2 1.48622E-1 2.06761E-1 2.51148E-1 2.8895E-1 3.21477E-1 4.47943E-1 3.75712E-1 5.91419E-1 5.88146E-1 5.93902E-1 5.19538E-1 2.89832E-1 4.30816E-1 2.42813E-1 1.20537E-1 1.89032E-1 1.60403E-1 1.34662E-1 1.22683E-1 1.66776E-1 1.89984E-1 2.13104E-1 2.3942E-1 3.2484E-1 4.32565E-1 4.88262E-1 4.30074E-1 2.33306E-1 2.63951E-1 2.67871E-1
