Phytophthora/models/20240430_1411_30/Phytophthora_PA3_RUN1_MAXENT_outputs/Phytophthora_PA3_RUN1.asc
ncols         225
nrows         269
xllcorner     473000.0
yllcorner     4429100.0
cellsize      50.0
NODATA_value  -9999
[rows 81 to 107 of 269, columns 60 to 119 of 225]
1.20433E-2 4.21977E-3 9.36978E-3 8.54313E-3 3.24583E-3 3.46514E-3 4.64519E-3 5.85222E-3 7.27038E-3 1.21493E-2 9.2932E-3 2.12716E-2 1.13066E-2 3.00726E-2 3.67237E-2 1.1701E-1 1.26304E-1 1.23625E-1 1.11142E-1 9.94615E-2 2.8756E-2 -9999 2.28545E-2 2.09918E-2 2.48851E-2 3.55052E-2 4.86933E-2 6.8023E-2 9.40706E-2 1.05712E-1 1.64022E-1 1.19189E-1 9.03153E-2 1.20318E-1 1.41447E-1 2.07739E-1 2.30718E-1 2.2532E-1 2.01798E-1 2.1072E-1 2.13496E-1 2.02287E-1 1.80855E-1 9.50479E-2 1.19697E-1 1.05266E-1 5.32538E-2 4.39343E-1 3.26602E-1 1.93533E-1 1.59207E-1 8.19154E-2 1.26666E-1 1.38885E-1 1.54266E-1 -9999 -9999 -9999 -9999 -9999
1.62611E-2 1.32793E-2 1.16029E-2 5.87671E-3 7.28591E-3 4.73303E-3 3.6378E-3 6.32845E-3 7.23124E-3 1.05667E-2 1.9483E-2 2.46931E-2 2.60899E-2 2.32108E-2 2.55417E-2 5.48511E-2 6.39581E-2 1.12532E-1 1.06635E-1 9.26575E-2 2.6593E-2 -9999 2.5039E-2 2.5689E-2 2.73169E-2 3.70923E-2 4.89205E-2 6.30165E-2 7.89535E-2 1.10554E-1 1.28893E-1 1.1648E-1 9.25773E-2 1.16807E-1 1.32916E-1 2.33852E-1 2.50752E-1 1.71364E-1 2.26583E-1 1.65049E-1 2.09291E-1 1.39225E-1 1.7718E-1 2.05565E-1 1.93038E-1 2.16735E-1 2.22155E-1 1.14606E-1 9.52037E-2 6.27512E-2 1.1988E-1 4.54528E-2 2.75917E-1 1.08585E-1 8.94224E-2 3.72883E-2 9.77392E-2 -9999 -9999 -9999
1.47508E-2 9.63464E-3 1.40169E-2 1.0146E-2 8.75149E-3 7.64731E-3 5.89773E-3 8.98158E-3 9.4449E-3 1.36356E-2 1.8993E-2 2.12679E-2 2.28107E-2 2.32218E-2 3.10492E-2 5.13527E-2 6.11753E-2 8.59779E-2 1.0196E-1 9.75031E-2 6.35867E-3 3.23789E-2 -9999 3.08768E-2 3.57487E-2 3.86086E-2 4.52913E-2 5.64994E-2 7.30329E-2 1.05845E-1 1.17177E-1 1.91132E-1 1.49951E-1 6.58379E-2 1.49643E-1 1.28233E-1 2.77699E-1 2.22364E-1 2.33017E-1 2.21212E-1 2.50622E-1 2.31389E-1 2.23846E-1 2.02262E-1 2.03657E-1 2.41868E-1 1.91767E-1 7.05405E-2 1.39392E-1 1.07184E-1 2.02091E-1 8.38278E-2 1.50529E-1 4.4048E-2 1.54648E-1 1.36078E-1 1.19358E-1 1.04609E-1 -9999 -9999
1.69772E-2 1.59968E-2 1.97253E-2 1.52502E-2 1.03163E-2 8.78296E-3 1.0021E-2 4.45544E-3 5.5596E-3 5.93598E-3 2.4726E-2 2.57584E-2 2.45716E-2 2.45243E-2 2.99031E-2 7.15587E-2 8.30578E-2 7.65222E-2 1.07647E-1 1.21498E-1 4.21388E-2 3.92753E-2 -9999 3.31096E-2 4.04032E-2 4.72461E-2 5.13841E-2 4.88917E-2 6.032E-2 8.26415E-2 1.07165E-1 1.98741E-1 1.72691E-1 1.13596E-1 6.4012E-2 3.23494E-1 2.79785E-1 1.62553E-1 1.81637E-1 1.91199E-1 2.19171E-1 1.90835E-1 1.85604E-1 1.64216E-1 1.72983E-1 2.25532E-1 1.16826E-1 7.29388E-2 1.4123E-1 1.25783E-1 2.0308E-1 1.87157E-1 2.08604E-1 1.9918E-1 1.69451E-1 1.3525E-1 1.34087E-1 1.23914E-1 -9999 -9999
2.1865E-2 2.0093E-2 1.91528E-2 1.99203E-2 1.36435E-2 8.75568E-3 9.29446E-3 1.03299E-2 1.13435E-2 1.55053E-2 1.02256E-2 2.80417E-2 2.72009E-2 2.83701E-2 3.27844E-2 6.79421E-2 8.61889E-2 9.75305E-2 7.67372E-2 1.60607E-1 1.26563E-1 4.30067E-2 3.90714E-2 -9999 3.39674E-2 5.08633E-2 6.72605E-2 5.96493E-2 6.90795E-2 8.55567E-2 1.18903E-1 1.51388E-1 1.72119E-1 1.91422E-1 1.44067E-1 3.40593E-1 2.33446E-1 1.74036E-1 1.59969E-1 1.68933E-1 2.07988E-1 1.81969E-1 1.86077E-1 1.64363E-1 2.09432E-1 1.46176E-1 2.03872E-1 9.45924E-2 1.5953E-1 2.12081E-1 2.09094E-1 1.94475E-1 1.96777E-1 1.9016E-1 1.80694E-1 1.55244E-1 1.61036E-1 1.62927E-1 1.31998E-1 -9999
1.8948E-2 2.46376E-2 1.68862E-2 1.21993E-2 1.43913E-2 1.11093E-2 8.68363E-3 1.031E-2 1.03512E-2 1.48005E-2 3.10177E-2 1.34328E-2 3.99251E-2 3.97412E-2 4.80781E-2 8.2109E-2 9.20134E-2 1.16258E-1 1.2876E-1 1.3428E-1 2.14314E-2 6.33072E-2 5.59935E-2 4.93471E-2 5.29469E-2 8.55324E-2 1.26785E-1 1.31552E-1 1.20725E-1 1.29696E-1 6.25847E-2 1.34061E-1 2.01196E-1 2.07279E-1 2.67772E-1 1.30903E-1 2.80483E-1 2.74153E-1 2.39088E-1 2.29556E-1 2.32501E-1 2.02565E-1 1.94685E-1 2.26116E-1 4.39172E-1 5.11906E-1 2.82017E-1 1.19319E-1 2.17751E-1 1.26632E-1 2.47296E-1 2.13136E-1 1.90302E-1 1.9986E-1 2.07876E-1 2.64258E-1 2.656E-1 2.5722E-1 2.42246E-1 -9999
1.95944E-2 2.53674E-2 2.50606E-2 1.09257E-2 2.05591E-2 1.48125E-2 1.04921E-2 1.01528E-2 1.01224E-2 1.25348E-2 2.66841E-2 4.00329E-2 3.06672E-2 4.8013E-2 5.14858E-2 8.3605E-2 8.42072E-2 9.18571E-2 1.16595E-1 1.31797E-1 8.67545E-2 3.12941E-2 7.27327E-2 6.28477E-2 7.19578E-2 1.07755E-1 1.64168E-1 1.4918E-1 9.45522E-2 1.00291E-1 1.27007E-1 1.40497E-1 2.02384E-1 2.05341E-1 1.8717E-1 2.91073E-1 1.86809E-1 3.04103E-1 2.7287E-1 2.58749E-1 2.46431E-1 3.0094E-1 2.4618E-1 2.31941E-1 1.83508E-1 3.47018E-1 1.98484E-1 4.48765E-1 3.45282E-1 3.84402E-1 1.93192E-1 3.16592E-1 2.56829E-1 2.90887E-1 2.71207E-1 3.6298E-1 3.69978E-1 3.92275E-1 3.6235E-1 1.90941E-1
2.25967E-2 2.22146E-2 2.78185E-2 2.49768E-2 1.76026E-2 1.93918E-2 1.39358E-2 1.26017E-2 1.10611E-2 1.29731E-2 2.61388E-2 3.77345E-2 2.38917E-2 2.69762E-2 6.64631E-2 1.0858E-1 9.59848E-2 8.86523E-2 8.62482E-2 1.10684E-1 3.60682E-2 7.34951E-2 5.63214E-2 8.71874E-2 9.62074E-2 1.53141E-1 1.51574E-1 1.15011E-1 1.39145E-1 1.33431E-1 1.08578E-1 1.32701E-1 2.3417E-1 2.24378E-1 1.30896E-1 3.398E-1 3.3222E-1 1.45998E-1 2.43537E-1 2.30388E-1 2.55972E-1 3.09832E-1 3.35484E-1 2.47355E-1 1.10214E-1 2.6334E-1 1.69006E-1 1.95852E-1 2.16673E-1 3.64793E-1 3.15858E-1 1.61065E-1 1.4534E-1 2.19401E-1 1.97017E-1 2.48048E-1 4.11437E-1 4.55906E-1 3.08545E-1 1.64416E-1
2.42538E-2 2.26393E-2 3.42875E-2 3.39177E-2 1.34538E-2 2.49837E-2 1.98416E-2 1.79041E-2 1.41493E-2 1.45889E-2 2.93438E-2 3.37056E-2 3.37155E-2 4.74664E-2 6.46341E-2 5.96187E-2 9.98025E-2 8.51962E-2 7.12451E-2 6.95548E-2 1.03877E-1 3.94153E-2 1.13807E-1 8.11869E-2 6.59494E-2 1.66949E-1 1.2826E-1 1.47433E-1 1.17141E-1 8.60577E-2 9.75332E-2 1.52732E-1 2.768E-1 -9999 1.34933E-1 4.31791E-1 2.79397E-1 1.82984E-1 1.36701E-1 2.27124E-1 3.07273E-1 3.48891E-1 4.24036E-1 4.49826E-1 4.21944E-1 3.48409E-1 3.13949E-1 2.3752E-1 2.49238E-1 4.42563E-1 2.98425E-1 1.38638E-1 2.24026E-1 2.8747E-1 2.90364E-1 4.52866E-1 4.55929E-1 4.26378E-1 2.57211E-1 1.53744E-1
2.12608E-2 2.60712E-2 4.12934E-2 4.33079E-2 2.60659E-2 3.0025E-2 2.90436E-2 2.45296E-2 1.94817E-2 2.11091E-2 2.85348E-2 3.53142E-2 3.00154E-2 4.2115E-2 5.91671E-2 1.28024E-1 8.28516E-2 1.17405E-1 1.01175E-1 7.11201E-2 9.91761E-2 4.26975E-2 1.33727E-1 1.07913E-1 1.26274E-1 2.18798E-1 1.37904E-1 1.15501E-1 1.20138E-1 1.28028E-1 1.12161E-1 -9999 -9999 -9999 -9999 3.37563E-1 2.18166E-1 1.7059E-1 2.27833E-1 2.82472E-1 2.21448E-1 3.73176E-1 4.27338E-1 5.01039E-1 5.4312E-1 2.25561E-1 2.40735E-1 2.39119E-1 2.91954E-1 4.63525E-1 2.57612E-1 2.20704E-1 1.43302E-1 2.74345E-1 2.83741E-1 3.95508E-1 4.02925E-1 3.05507E-1 2.08925E-1 1.90879E-1
2.32961E-2 3.18943E-2 5.15163E-2 4.53538E-2 4.9811E-2 6.67515E-2 3.01618E-2 3.2763E-2 2.50972E-2 3.29392E-2 3.36926E-2 4.08797E-2 3.56908E-2 4.36559E-2 5.99554E-2 1.48475E-1 1.02381E-1 1.32226E-1 1.66633E-1 9.29175E-2 9.63578E-2 5.0078E-2 1.29483E-1 2.31132E-1 2.31958E-1 1.28207E-1 1.10375E-1 9.52398E-2 1.05104E-1 -9999 -9999 -9999 -9999 -9999 -9999 2.24017E-1 1.62002E-1 1.49238E-1 1.79112E-1 2.00379E-1 2.64221E-1 2.62177E-1 3.79674E-1 5.00432E-1 2.74035E-1 4.92924E-1 4.06892E-1 2.95725E-1 1.52337E-1 4.6642E-1 2.43941E-1 2.2208E-1 9.78288E-2 2.10207E-1 3.88165E-1 4.35112E-1 3.8983E-1 2.03991E-1 2.49515E-1 2.62874E-1
2.54735E-2 4.40748E-2 5.84667E-2 4.26258E-2 4.51679E-2 2.54886E-2 4.4407E-2 2.25769E-2 3.15159E-2 3.75448E-2 5.22547E-2 7.85071E-2 6.59901E-2 7.95016E-2 9.10703E-2 1.72476E-1 7.77318E-2 2.0926E-1 2.25749E-1 1.64063E-1 1.45137E-1 2.47262E-1 2.50462E-1 7.79033E-2 1.41028E-1 1.22883E-1 1.16774E-1 1.0005E-1 -9999 -9999 -9999 -9999 -9999 -9999 -9999 2.35142E-1 1.90903E-1 1.68347E-1 1.82345E-1 1.98371E-1 2.53503E-1 3.03658E-1 3.45461E-1 2.87537E-1 1.14879E-1 6.3701E-2 2.02471E-1 3.52496E-1 4.91448E-1 4.37913E-1 8.6677E-2 1.24437E-1 1.76412E-1 2.33649E-1 2.59586E-1 4.82934E-1 2.72657E-1 2.13626E-1 2.7721E-1 3.12463E-1
2.6856E-2 4.9565E-2 2.45724E-2 1.94955E-2 2.54325E-2 2.56917E-2 3.69082E-2 5.28344E-2 4.05028E-2 3.64847E-2 4.79502E-2 9.62713E-2 1.14865E-1 9.08351E-2 5.71419E-2 1.0394E-1 2.34719E-1 2.05031E-1 2.0742E-1 2.0608E-1 2.38399E-1 2.70825E-1 1.2707E-1 1.28192E-1 1.19503E-1 1.39964E-1 1.29504E-1 1.07323E-1 -9999 -9999 -9999 -9999 -9999 -9999 -9999 -9999 2.33386E-1 2.23344E-1 2.13218E-1 2.19805E-1 2.6935E-1 -9999 -9999 3.15077E-1 2.98794E-1 1.39396E-1 1.85743E-1 3.20465E-1 4.38832E-1 3.34544E-1 1.74513E-1 1.58996E-1 1.55125E-1 9.85428E-2 4.304E-1 3.0113E-1 3.1911E-1 2.47736E-1 3.22495E-1 3.2911E-1
2.36232E-2 4.39003E-2 5.50206E-2 3.82601E-2 3.68155E-2 1.97255E-2 1.44753E-2 6.20247E-2 2.7121E-2 5.32082E-2 5.45674E-2 8.08405E-2 6.50148E-2 1.30504E-1 1.41125E-1 1.02277E-1 2.21245E-1 2.16097E-1 1.98422E-1 1.93625E-1 1.37138E-1 1.65395E-1 2.01525E-1 1.2281E-1 1.12354E-1 5.0232E-2 1.2355E-1 9.24008E-2 -9999 -9999 -9999 -9999 -9999 -9999 -9999 -9999 2.83758E-1 2.72017E-1 2.63352E-1 -9999 -9999 -9999 -9999 1.87799E-1 1.93196E-1 1.18537E-1 1.58042E-1 1.92044E-1 2.86736E-1 2.72763E-1 1.75615E-1 1.6154E-1 1.43768E-1 8.28075E-2 3.70876E-1 2.84775E-1 3.39799E-1 2.73897E-1 2.54113E-1 1.73613E-1
1.99638E-2 2.30234E-2 4.79924E-2 4.42854E-2 3.32481E-2 2.39633E-2 2.99404E-2 5.80541E-2 6.27434E-2 4.78313E-2 4.30178E-2 1.93722E-2 4.81154E-2 9.91649E-2 1.12879E-1 1.29146E-1 9.36418E-2 9.26629E-2 2.02636E-1 1.91004E-1 8.64933E-2 9.62238E-2 1.4712E-1 9.76213E-2 8.78757E-2 3.75733E-2 1.27049E-1 6.35416E-2 1.08199E-1 -9999 -9999 -9999 -9999 -9999 -9999 3.98995E-1 -9999 -9999 -9999 -9999 -9999 -9999 -9999 1.92757E-1 1.3833E-1 1.22764E-1 1.4467E-1 1.78926E-1 6.23087E-2 1.05467E-1 9.96946E-2 1.79219E-1 1.66395E-1 1.89901E-1 2.60845E-1 4.92024E-1 2.5649E-1 3.33513E-1 2.05695E-1 3.83872E-1
2.06694E-2 3.55675E-2 4.16705E-2 6.32904E-2 3.35295E-2 3.05576E-2 3.19169E-2 3.60084E-2 4.21591E-2 1.10347E-1 1.33701E-1 1.52283E-1 2.66543E-2 7.33751E-2 7.06595E-2 7.29417E-2 8.32146E-2 1.00217E-1 1.44297E-1 6.24929E-2 4.19599E-2 7.12493E-2 8.26517E-2 8.02273E-2 8.45215E-2 1.63883E-1 8.59471E-2 1.00296E-1 1.12936E-1 -9999 -9999 -9999 -9999 -9999 -9999 -9999 -9999 -9999 -9999 -9999 -9999 -9999 -9999 2.70493E-1 3.21059E-1 3.08717E-1 2.87356E-1 2.97225E-1 2.06452E-1 1.93654E-1 4.39097E-1 4.0179E-1 4.47747E-1 6.55851E-1 4.11503E-1 5.59206E-1 4.72927E-1 4.41575E-1 3.90648E-1 3.92729E-1
1.32659E-2 1.56514E-2 1.57827E-2 2.496E-2 2.17421E-2 2.49125E-2 2.65564E-2 3.0345E-2 3.27232E-2 4.23912E-2 9.7158E-2 1.35483E-1 1.64201E-1 7.81771E-2 7.29548E-2 5.65357E-2 6.62674E-2 6.63522E-2 7.97038E-2 7.26758E-2 5.94654E-2 4.95897E-2 5.75477E-2 6.50712E-2 7.32416E-2 1.25874E-1 8.54449E-2 1.13959E-1 9.84601E-2 -9999 -9999 -9999 -9999 -9999 -9999 -9999 -9999 -9999 -9999 -9999 -9999 -9999 -9999 1.80467E-1 3.52571E-1 3.49614E-1 3.38962E-1 3.13971E-1 3.75367E-1 4.4457E-1 4.50011E-1 4.78813E-1 2.61142E-1 7.34981E-1 6.45665E-1 4.65313E-1 3.75086E-1 2.11664E-1 1.64127E-1 3.65452E-1
1.63068E-2 1.49889E-2 1.30006E-2 6.31114E-3 1.72006E-2 2.08946E-2 2.29513E-2 2.5878E-2 2.9268E-2 3.24625E-2 4.5055E-2 1.06387E-1 1.6721E-1 9.59767E-2 1.59126E-1 7.88043E-2 6.35749E-2 1.19553E-1 1.23892E-1 6.80185E-2 6.94866E-2 7.71885E-2 8.38733E-2 9.66601E-2 9.88599E-2 7.57918E-2 1.13941E-1 1.30604E-1 1.49708E-1 1.13289E-1 -9999 -9999 -9999 -9999 -9999 -9999 -9999 -9999 -9999 -9999 -9999 -9999 -9999 3.27693E-1 2.19612E-1 3.1387E-1 4.00575E-1 3.75383E-1 3.92965E-1 3.51397E-1 4.87648E-1 7.48397E-1 7.02823E-1 6.47651E-1 6.10921E-1 3.30417E-1 2.96091E-1 1.64196E-1 2.45867E-1 3.414E-1
2.23735E-2 2.16168E-2 2.08667E-2 2.3277E-2 2.11014E-2 1.99404E-2 1.98484E-2 2.25755E-2 2.3383E-2 3.12594E-2 4.00614E-2 5.05592E-2 1.51344E-1 1.78088E-1 1.66103E-1 1.32436E-1 1.16457E-1 2.46187E-2 2.09901E-2 3.94182E-2 5.19132E-2 5.8983E-2 7.0254E-2 8.69093E-2 9.87524E-2 1.22864E-1 3.99777E-2 9.49818E-2 2.19293E-1 8.90153E-2 1.14497E-1 -9999 -9999 -9999 -9999 -9999 -9999 -9999 -9999 -9999 -9999 -9999 -9999 3.23471E-1 3.38067E-1 3.7744E-1 2.86749E-1 2.39032E-1 2.57156E-1 2.12245E-1 3.83772E-1 3.49389E-1 5.49545E-1 2.92758E-1 4.89405E-1 3.28789E-1 3.25313E-1 1.99856E-1 3.98356E-1 3.38858E-1
2.84051E-2 2.57241E-2 2.49161E-2 2.66082E-2 1.91829E-2 3.35616E-2 2.21731E-2 2.41563E-2 2.51592E-2 3.37354E-2 4.74118E-2 6.09773E-2 3.59237E-2 1.1996E-1 1.61159E-1 1.23299E-1 8.02176E-2 8.32775E-2 3.6717E-2 3.52439E-2 5.02868E-2 5.99582E-2 7.27782E-2 1.05028E-1 1.20836E-1 1.28578E-1 1.48283E-1 1.02768E-1 2.12032E-1 9.2307E-2 1.7368E-1 -9999 -9999 -9999 -9999 -9999 -9999 -9999 -9999 -9999 -9999 -9999 4.32381E-1 1.84561E-1 3.61619E-1 3.65575E-1 3.63764E-1 4.14149E-1 4.1775E-1 3.12786E-1 2.25977E-1 2.94755E-1 3.14251E-1 3.45641E-1 3.45384E-1 2.73314E-1 3.12238E-1 1.72156E-1 4.10373E-1 3.08984E-1
4.05227E-2 3.91853E-2 3.51745E-2 3.44638E-2 4.70597E-2 2.15123E-2 5.24207E-2 3.27782E-2 3.25071E-2 4.25981E-2 5.21213E-2 7.20047E-2 4.12447E-2 9.40393E-2 9.44741E-2 6.50294E-2 4.8779E-2 2.14428E-2 3.28626E-2 4.04309E-2 8.49703E-2 7.8982E-2 1.15611E-1 1.27151E-1 1.24478E-1 8.62226E-2 8.05902E-2 3.99846E-2 6.00238E-2 6.57728E-2 1.12361E-1 1.07253E-1 -9999 -9999 -9999 -9999 -9999 -9999 -9999 -9999 -9999 2.17425E-1 2.39408E-1 4.21139E-1 4.9638E-1 3.79189E-1 4.0863E-1 6.30389E-1 3.145E-1 3.58921E-1 2.31661E-1 2.56497E-1 2.98236E-1 2.50524E-1 2.47235E-1 2.61955E-1 3.32595E-1 3.09204E-1 4.41086E-1 3.55218E-1
5.05087E-2 5.08601E-2 5.08912E-2 4.17564E-2 4.12271E-2 9.74588E-2 5.92018E-2 4.08586E-2 3.99872E-2 5.32029E-2 6.03946E-2 7.566E-2 8.16201E-2 5.84241E-2 1.22875E-1 5.15824E-2 1.58312E-2 6.72605E-3 3.17781E-2 5.11955E-2 9.61824E-2 1.45377E-1 2.1371E-1 2.05298E-1 1.51951E-1 9.90588E-2 9.27835E-2 4.14325E-2 6.52158E-2 6.04842E-2 1.51442E-1 1.27102E-1 -9999 -9999 -9999 -9999 -9999 -9999 -9999 -9999 1.66577E-1 2.00685E-1 2.03786E-1 2.55939E-1 1.54932E-1 1.89606E-1 1.08282E-1 4.38098E-1 1.03787E-1 2.12109E-1 3.02963E-1 3.27993E-1 4.21819E-1 3.67041E-1 4.12384E-1 3.41014E-1 1.99435E-1 2.06336E-1 2.85185E-1 4.32379E-1
5.25668E-2 3.73965E-2 4.61589E-2 6.19405E-2 6.72147E-2 7.75631E-2 5.87228E-2 7.58655E-2 5.18464E-2 6.11509E-2 6.22822E-2 4.32994E-2 2.95524E-2 4.71605E-2 2.27051E-2 4.63765E-2 2.08423E-2 1.2082E-2 5.58643E-2 6.91547E-2 2.04898E-1 2.68197E-1 2.09861E-1 1.10302E-1 1.02945E-1 8.6232E-2 8.74114E-2 7.08423E-2 5.54637E-2 7.37834E-2 6.06388E-2 8.50794E-2 1.33962E-1 -9999 -9999 -9999 -9999 -9999 -9999 1.05384E-1 1.39259E-1 1.83324E-1 1.84807E-1 2.07182E-1 2.15999E-1 2.28525E-1 1.63958E-1 1.89699E-1 2.94461E-1 2.15677E-1 1.33478E-1 4.37838E-1 2.90462E-1 5.14065E-1 3.84308E-1 3.18216E-1 3.65602E-1 4.63464E-1 5.60945E-1 3.13294E-1
5.11499E-2 6.26472E-2 3.18809E-2 3.38134E-2 5.58793E-2 6.70773E-2 1.23413E-1 1.65383E-1 5.42239E-2 2.96984E-2 6.62449E-2 7.85573E-2 7.22807E-2 4.93708E-2 4.1432E-2 3.87215E-2 2.25374E-2 7.47117E-2 7.78247E-2 1.18352E-1 3.221E-1 2.93136E-1 1.32878E-1 1.04243E-1 1.11128E-1 9.03844E-2 9.17535E-2 7.47064E-2 4.9269E-2 8.13534E-2 5.44486E-2 7.60173E-2 1.07757E-1 -9999 -9999 -9999 -9999 -9999 -9999 9.24131E-2 2.47465E-1 2.54301E-1 2.51321E-1 2.5697E-1 2.56378E-1 3.71844E-1 2.98383E-1 1.22641E-1 3.75346E-1 2.50947E-1 3.19966E-1 3.2681E-1 3.58888E-1 2.37127E-1 3.26572E-1 4.53461E-1 3.75771E-1 4.67992E-1 5.76149E-1 2.97387E-1
4.97933E-2 7.86329E-2 7.68811E-2 5.08377E-2 3.9008E-2 6.50181E-2 8.13993E-2 1.62285E-2 8.95797E-2 7.94376E-2 7.05074E-2 6.48449E-2 6.72126E-2 6.34054E-2 3.49711E-2 4.21143E-2 6.04857E-2 5.67274E-2 1.77931E-2 2.25324E-1 3.41251E-1 2.76663E-1 2.00085E-1 1.17366E-1 1.06791E-1 7.1432E-2 6.06549E-2 5.02326E-2 3.47522E-2 2.64066E-2 5.60308E-2 8.01346E-2 9.77879E-2 6.69727E-2 -9999 -9999 -9999 1.08088E-1 1.17758E-1 1.87714E-1 1.75272E-1 1.86633E-1 2.67983E-1 1.53056E-1 3.9893E-1 3.91921E-1 5.92554E-1 2.99917E-1 3.34272E-1 3.21499E-1 3.16648E-1 3.4321E-1 3.64385E-1 1.95573E-1 5.30185E-1 2.35399E-1 2.6022E-1 4.49568E-1 6.2703E-1 4.1214E-1
4.6988E-2 8.02201E-2 1.25822E-1 7.0516E-2 5.41333E-2 6.8007E-2 3.34552E-2 6.87129E-2 1.55679E-1 6.41202E-2 4.45044E-2 4.68006E-2 4.85669E-2 4.33191E-2 3.11753E-2 6.20105E-2 7.33007E-2 1.20991E-1 1.90211E-1 1.36236E-1 3.53632E-1 2.4569E-1 1.18946E-1 8.13355E-2 7.09237E-2 7.48198E-2 6.95527E-2 5.75741E-2 5.52832E-2 8.37465E-2 1.59382E-1 4.35976E-2 3.29414E-2 4.00775E-2 4.47763E-2 9.64461E-2 1.51264E-1 2.21024E-1 1.26951E-1 2.97109E-1 3.88187E-1 3.81862E-1 3.55999E-1 5.60396E-1 2.55261E-1 6.53954E-1 2.46382E-1 2.77254E-1 3.49355E-1 2.87677E-1 2.9615E-1 3.29981E-1 3.82448E-1 3.34112E-1 4.6485E-1 3.81123E-1 4.66136E-1 4.9656E-1 4.44445E-1 4.12706E-1
4.08007E-2 5.48936E-2 1.2017E-1 1.28651E-1 8.80222E-2 5.61626E-2 8.8836E-2 7.06011E-2 1.27543E-1 5.4878E-2 3.95253E-2 5.03655E-2 4.20157E-2 3.53639E-2 3.70374E-2 6.8964E-2 7.85447E-2 8.90534E-2 1.33311E-1 2.43365E-1 2.86101E-1 1.24019E-1 9.01815E-2 7.21195E-2 6.67706E-2 7.25888E-2 5.4659E-2 9.59069E-2 8.55898E-2 5.67193E-2 1.34562E-1 4.44061E-2 3.40097E-2 5.00736E-2 4.53962E-2 1.09478E-1 1.88993E-1 2.66381E-1 3.30026E-1 4.14889E-1 2.74659E-1 4.64368E-1 4.15982E-1 4.99088E-1 2.56714E-1 1.13217E-1 2.07381E-1 2.04994E-1 4.02705E-1 2.48341E-1 2.6905E-1 2.6295E-1 3.30326E-1 5.24236E-1 1.55235E-1 2.22193E-1 3.82361E-1 6.25476E-1 4.86184E-1 2.14821E-1
