Phytophthora/models/20240430_1411_30/Phytophthora_PA3_RUN1_MAXENT_outputs/Phytophthora_PA3_RUN1.asc
ncols         225
nrows         269
xllcorner     473000.0
yllcorner     4429100.0
cellsize      50.0
NODATA_value  -9999
[rows 108 to 134 of 269, columns 120 to 179 of 225]
2.96317E-1 3.12963E-1 3.4086E-1 3.11378E-1 -9999 -9999 -9999 -9999 -9999 -9999 -9999 -9999 -9999 -9999 -9999 -9999 -9999 -9999 -9999 -9999 -9999 -9999 -9999 -9999 -9999 -9999 -9999 -9999 -9999 -9999 -9999 -9999 -9999 -9999 -9999 4.66777E-1 2.38625E-1 4.4632E-1 5.01985E-1 4.68954E-1 3.54123E-1 3.4885E-1 3.316E-1 4.46778E-1 3.47115E-1 3.02878E-1 1.90756E-1 3.41405E-1 4.16294E-1 4.53796E-1 5.00011E-1 4.95889E-1 4.74565E-1 3.14648E-1 2.83407E-1 1.92609E-1 2.2601E-1 1.74264E-1 1.74159E-1 1.88304E-1
4.39385E-1 1.88513E-1 2.79536E-1 3.36117E-1 3.10261E-1 -9999 -9999 -9999 -9999 -9999 -9999 -9999 -9999 -9999 -9999 -9999 -9999 -9999 -9999 -9999 -9999 -9999 -9999 -9999 -9999 -9999 -9999 -9999 -9999 -9999 -9999 -9999 1.94663E-1 1.76121E-1 3.92216E-1 4.35079E-1 4.96337E-1 3.57874E-1 4.32439E-1 4.38508E-1 4.2252E-1 4.19168E-1 2.77395E-1 4.03896E-1 3.99283E-1 1.30813E-1 2.03468E-1 2.01241E-1 3.72046E-1 4.02355E-1 4.52868E-1 4.54135E-1 3.58294E-1 2.63866E-1 2.84967E-1 2.24343E-1 1.88288E-1 1.32688E-1 1.49377E-1 1.55637E-1
2.45172E-1 3.68534E-1 1.90449E-1 3.40277E-1 3.1512E-1 4.33187E-1 -9999 -9999 -9999 -9999 -9999 -9999 -9999 -9999 -9999 -9999 -9999 -9999 -9999 -9999 -9999 -9999 -9999 -9999 -9999 -9999 -9999 -9999 -9999 -9999 -9999 -9999 1.224E-1 2.68789E-1 3.55817E-1 4.46007E-1 4.56729E-1 2.94E-1 2.51416E-1 2.72196E-1 3.79358E-1 3.79499E-1 3.72571E-1 3.63284E-1 3.31132E-1 1.29983E-1 1.07966E-1 1.15582E-1 3.30943E-1 3.54097E-1 4.07179E-1 3.57489E-1 2.94533E-1 2.78715E-1 2.48344E-1 1.85889E-1 1.36715E-1 1.10411E-1 1.21575E-1 1.33935E-1
3.51886E-1 3.2837E-1 2.58099E-1 3.673E-1 3.35208E-1 3.72758E-1 5.44692E-1 -9999 -9999 -9999 -9999 -9999 -9999 -9999 -9999 -9999 -9999 -9999 -9999 -9999 -9999 -9999 -9999 -9999 -9999 -9999 -9999 -9999 -9999 -9999 -9999 -9999 2.02468E-1 3.70464E-1 3.95924E-1 3.88747E-1 4.03881E-1 4.03696E-1 2.40976E-1 2.05595E-1 1.90229E-1 2.89244E-1 2.82835E-1 2.75066E-1 2.66529E-1 1.94738E-2 7.33978E-2 1.21251E-1 2.65152E-1 2.77802E-1 3.03537E-1 2.92833E-1 2.1951E-1 1.90053E-1 1.61514E-1 1.18691E-1 9.66426E-2 8.3991E-2 8.55927E-2 9.09426E-2
2.51243E-1 2.3802E-1 3.71064E-1 3.64747E-1 3.7147E-1 2.40819E-1 4.1721E-1 3.54045E-1 -9999 -9999 -9999 -9999 -9999 -9999 -9999 -9999 -9999 -9999 -9999 -9999 -9999 -9999 -9999 -9999 -9999 -9999 -9999 -9999 -9999 -9999 -9999 1.32393E-1 2.6574E-1 2.89647E-1 3.04661E-1 2.80691E-1 3.63991E-1 3.67777E-1 1.68342E-1 1.57206E-1 1.43985E-1 1.40062E-1 1.86883E-1 2.30328E-1 1.02334E-1 1.03017E-1 7.88607E-2 1.73476E-1 2.30966E-1 2.39539E-1 2.63641E-1 2.14805E-1 1.56363E-1 1.83699E-1 1.18491E-1 8.30702E-2 7.87553E-2 7.73893E-2 7.06008E-2 7.56168E-2
2.55453E-1 3.34142E-1 3.70916E-1 2.70106E-1 4.1897E-1 3.68886E-1 5.11726E-1 4.39086E-1 -9999 -9999 -9999 -9999 -9999 -9999 -9999 -9999 -9999 -9999 -9999 -9999 -9999 -9999 -9999 -9999 -9999 -9999 -9999 -9999 -9999 -9999 2.23649E-1 1.97819E-1 2.09781E-1 2.39855E-1 2.62316E-1 2.239E-1 3.37284E-1 3.37618E-1 1.32094E-1 1.2928E-1 1.16241E-1 1.24593E-1 1.19461E-1 1.98412E-1 4.0538E-2 1.16589E-1 9.10845E-2 1.76947E-1 2.00708E-1 2.07484E-1 2.25171E-1 1.64464E-1 1.99937E-1 1.27249E-1 7.41636E-2 7.59225E-2 6.82372E-2 6.90983E-2 6.18984E-2 6.85783E-2
3.19612E-1 3.41839E-1 3.89103E-1 2.9754E-1 4.18838E-1 3.58501E-1 3.91187E-1 5.69027E-1 -9999 -9999 -9999 -9999 -9999 -9999 -9999 -9999 -9999 -9999 -9999 -9999 -9999 -9999 -9999 -9999 -9999 -9999 -9999 -9999 -9999 -9999 2.04241E-1 2.09486E-1 1.94586E-1 2.20582E-1 2.49008E-1 2.22562E-1 3.66417E-1 3.75641E-1 1.61114E-1 1.60225E-1 1.34249E-1 1.33597E-1 1.21347E-1 1.28217E-1 1.78835E-1 1.12136E-1 9.23663E-2 1.57415E-1 1.66615E-1 1.79342E-1 1.76799E-1 1.68189E-1 1.20407E-1 7.22009E-2 6.24138E-2 6.66247E-2 6.09968E-2 6.28809E-2 6.99697E-2 9.60246E-2
3.49509E-1 3.75784E-1 3.71709E-1 4.25936E-1 3.74047E-1 5.2844E-1 4.16308E-1 6.42679E-1 -9999 -9999 -9999 -9999 -9999 -9999 -9999 -9999 -9999 -9999 -9999 -9999 -9999 -9999 -9999 -9999 -9999 -9999 -9999 -9999 -9999 -9999 2.66515E-1 2.46464E-1 1.78253E-1 2.23432E-1 2.32712E-1 1.79071E-1 1.93327E-1 2.46884E-1 2.26239E-1 1.86083E-1 1.58917E-1 1.59723E-1 1.41149E-1 1.38232E-1 1.0694E-1 8.54019E-2 7.99099E-2 1.30195E-1 1.31757E-1 1.42529E-1 1.39055E-1 8.71786E-2 7.12504E-2 5.98024E-2 5.75842E-2 5.65164E-2 6.14608E-2 7.42513E-2 8.86649E-2 1.25676E-1
2.14676E-1 4.78725E-1 4.47536E-1 4.15368E-1 5.24174E-1 5.52828E-1 5.43505E-1 4.89962E-1 -9999 -9999 -9999 -9999 -9999 -9999 -9999 -9999 -9999 -9999 -9999 -9999 -9999 -9999 -9999 -9999 -9999 -9999 -9999 -9999 -9999 -9999 -9999 3.08516E-1 3.40431E-1 3.46195E-1 4.3097E-1 3.95296E-1 4.16508E-1 4.63226E-1 5.25177E-1 3.93896E-1 2.73571E-1 2.54239E-1 2.23041E-1 1.99E-1 1.57628E-1 3.35443E-2 2.42461E-1 2.18735E-1 2.23277E-1 2.02186E-1 1.54052E-1 1.32056E-1 1.34696E-1 1.23968E-1 1.12372E-1 1.09051E-1 1.42869E-1 1.73803E-1 1.91462E-1 2.1709E-1
1.88806E-1 3.18476E-1 4.82107E-1 3.36659E-1 5.31118E-1 5.04324E-1 1.18731E-1 3.60306E-1 -9999 -9999 -9999 -9999 -9999 -9999 -9999 -9999 -9999 -9999 -9999 -9999 -9999 -9999 -9999 -9999 -9999 -9999 -9999 -9999 -9999 -9999 -9999 -9999 3.49102E-1 3.63378E-1 3.19437E-1 2.7912E-1 4.89922E-1 5.2634E-1 6.12457E-1 6.38774E-1 3.87471E-1 3.1516E-1 2.51091E-1 2.2488E-1 1.86293E-1 2.53303E-1 2.70512E-1 2.56383E-1 2.22932E-1 1.54777E-1 1.46466E-1 1.21106E-1 1.16605E-1 1.27219E-1 1.48414E-1 1.59329E-1 2.03191E-1 2.38474E-1 2.3882E-1 2.67643E-1
4.47284E-1 1.94419E-1 3.21699E-1 7.43531E-1 4.69838E-1 4.57008E-1 3.52574E-1 2.57732E-1 -9999 -9999 -9999 -9999 -9999 -9999 -9999 -9999 -9999 -9999 -9999 -9999 -9999 -9999 -9999 -9999 -9999 -9999 -9999 -9999 -9999 -9999 -9999 -9999 3.51369E-1 3.74062E-1 4.10003E-1 4.37515E-1 4.68605E-1 2.84429E-1 5.53765E-1 6.09747E-1 5.50815E-1 5.01357E-1 3.24801E-1 2.95133E-1 3.30648E-1 2.71688E-1 2.4333E-1 2.58212E-1 1.65402E-1 1.72301E-1 1.82597E-1 1.43546E-1 1.218E-1 1.40167E-1 2.39255E-1 2.28087E-1 2.64487E-1 2.77813E-1 2.8118E-1 3.394E-1
3.98188E-1 4.9263E-1 6.2702E-1 5.3985E-1 6.41851E-1 1.58797E-1 3.35129E-1 -9999 -9999 -9999 -9999 -9999 -9999 -9999 -9999 -9999 -9999 -9999 -9999 -9999 -9999 -9999 -9999 -9999 -9999 -9999 3.67122E-1 -9999 -9999 -9999 -9999 -9999 3.44618E-1 3.69707E-1 4.02812E-1 4.27827E-1 5.10347E-1 6.28948E-1 6.40374E-1 6.62188E-1 5.82166E-1 5.39733E-1 4.84411E-1 4.04683E-1 2.95502E-1 2.56052E-1 9.42419E-2 1.47645E-1 1.68769E-1 2.14664E-1 2.05317E-1 1.58149E-1 1.41281E-1 1.90804E-1 3.26017E-1 2.44074E-1 2.88516E-1 2.96946E-1 3.30666E-1 4.29085E-1
3.18143E-1 4.283E-1 2.3818E-1 2.14305E-1 5.27081E-1 4.77177E-1 -9999 -9999 -9999 -9999 -9999 -9999 -9999 -9999 -9999 -9999 -9999 -9999 -9999 -9999 -9999 -9999 -9999 -9999 -9999 2.60677E-1 2.6783E-1 -9999 -9999 -9999 -9999 -9999 3.63727E-1 3.56292E-1 3.77643E-1 3.73896E-1 4.8113E-1 6.08528E-1 6.70322E-1 5.45268E-1 6.04915E-1 5.65105E-1 4.74705E-1 3.57454E-1 2.63751E-1 2.15433E-1 5.64231E-2 1.80202E-1 2.02E-1 2.69836E-1 2.50449E-1 1.74536E-1 1.47147E-1 3.14577E-1 3.15818E-1 2.05253E-1 2.37016E-1 2.91471E-1 4.24677E-1 4.95524E-1
4.47581E-1 3.38076E-1 2.4597E-1 2.84224E-1 3.39692E-1 3.97615E-1 -9999 -9999 -9999 -9999 -9999 -9999 -9999 -9999 -9999 -9999 -9999 -9999 -9999 -9999 -9999 -9999 -9999 -9999 3.57737E-1 4.19746E-1 2.12659E-1 2.78625E-1 3.34386E-1 2.95715E-1 4.12061E-1 -9999 -9999 3.11102E-1 2.96697E-1 2.94932E-1 3.47144E-1 4.97921E-1 5.95077E-1 5.5319E-1 5.38403E-1 5.79599E-1 4.38601E-1 3.40336E-1 1.67735E-1 1.17912E-1 2.08805E-1 8.20566E-2 2.35642E-1 3.00155E-1 2.81889E-1 1.54812E-1 1.60344E-1 2.50133E-1 2.05719E-1 2.45813E-1 2.80227E-1 4.08803E-1 4.88318E-1 5.32369E-1
4.42343E-1 3.51641E-1 1.76564E-1 2.41974E-1 2.50351E-1 4.84653E-1 -9999 -9999 -9999 -9999 -9999 -9999 -9999 -9999 -9999 -9999 -9999 -9999 -9999 -9999 -9999 -9999 -9999 -9999 4.69091E-1 4.35809E-1 2.41421E-1 3.90897E-1 3.68403E-1 2.75669E-1 4.20238E-1 3.84024E-1 3.78128E-1 3.52919E-1 2.89687E-1 2.57431E-1 2.96501E-1 3.65563E-1 5.1808E-1 5.68515E-1 5.07925E-1 4.97127E-1 2.01432E-1 1.44697E-1 1.20725E-1 1.39273E-1 2.22685E-1 2.54831E-1 2.99704E-1 3.54039E-1 3.28144E-1 1.75505E-1 2.72601E-1 2.37839E-1 1.4413E-1 1.88159E-1 2.84435E-1 4.19502E-1 4.67021E-1 5.21623E-1
4.38339E-1 4.85168E-1 4.42586E-1 4.13646E-1 4.0419E-1 5.04349E-1 -9999 -9999 -9999 -9999 -9999 -9999 -9999 -9999 -9999 -9999 -9999 -9999 -9999 -9999 -9999 -9999 -9999 -9999 -9999 -9999 5.1806E-1 2.92056E-1 3.54958E-1 2.93364E-1 4.4069E-1 3.27579E-1 3.8412E-1 3.59739E-1 3.26317E-1 2.85864E-1 3.54953E-1 3.76376E-1 4.03979E-1 3.5965E-1 3.52198E-1 3.96133E-1 2.52505E-1 1.56757E-1 1.09856E-1 1.71188E-1 2.40358E-1 2.57362E-1 3.31792E-1 2.01653E-1 3.37885E-1 2.99213E-1 2.7151E-1 1.40316E-1 1.43715E-1 2.06559E-1 3.36329E-1 3.85586E-1 4.31539E-1 4.82671E-1
4.64819E-1 5.00537E-1 3.66723E-1 5.7537E-1 5.74128E-1 5.69767E-1 5.22406E-1 5.14555E-1 -9999 -9999 3.93063E-1 -9999 -9999 -9999 -9999 -9999 -9999 -9999 -9999 -9999 -9999 -9999 -9999 -9999 -9999 -9999 -9999 2.74798E-1 3.99591E-1 3.01389E-1 4.17919E-1 3.76029E-1 3.81457E-1 3.73562E-1 4.20643E-1 3.99984E-1 3.73529E-1 2.56252E-1 1.97538E-1 2.36313E-1 2.3915E-1 2.63324E-1 2.53235E-1 1.39424E-1 1.2062E-1 1.41973E-1 2.33093E-1 2.46422E-1 2.68742E-1 3.58839E-1 1.46016E-1 2.9391E-1 2.67734E-1 1.31058E-1 1.63678E-1 2.16377E-1 2.62474E-1 3.47169E-1 3.91257E-1 4.33892E-1
4.83069E-1 4.98537E-1 6.23041E-1 4.30569E-1 6.28152E-1 4.45057E-1 4.02406E-1 4.17726E-1 4.58317E-1 3.78662E-1 2.0896E-1 -9999 -9999 -9999 -9999 -9999 -9999 -9999 -9999 -9999 -9999 -9999 -9999 -9999 -9999 -9999 -9999 4.82621E-1 2.58443E-1 4.10058E-1 4.28171E-1 3.81068E-1 3.64082E-1 3.6454E-1 3.46261E-1 3.00136E-1 1.76171E-1 1.63313E-1 1.74552E-1 2.04665E-1 1.88211E-1 2.27463E-1 2.52569E-1 2.74597E-1 3.07529E-1 2.81811E-1 2.24743E-1 2.10709E-1 1.95692E-1 1.73403E-1 1.01198E-1 1.81406E-1 1.94289E-1 1.54847E-1 1.78227E-1 1.82949E-1 2.25182E-1 3.01317E-1 3.02535E-1 2.22804E-1
4.60766E-1 4.67167E-1 5.28598E-1 5.11769E-1 3.26908E-1 2.98688E-1 2.86445E-1 2.93388E-1 3.18246E-1 3.00136E-1 2.49854E-1 -9999 -9999 -9999 -9999 -9999 -9999 -9999 -9999 -9999 -9999 -9999 -9999 -9999 -9999 -9999 -9999 4.14796E-1 2.02623E-1 3.50083E-1 4.08469E-1 3.80195E-1 3.47661E-1 3.95354E-1 2.47213E-1 2.98097E-1 1.19572E-1 1.32637E-1 1.53998E-1 1.95319E-1 2.05858E-1 2.15566E-1 2.15188E-1 2.23544E-1 2.77171E-1 2.75905E-1 2.22981E-1 1.92312E-1 1.71656E-1 1.52479E-1 1.39173E-1 5.12671E-2 1.01104E-1 1.493E-1 1.68303E-1 1.52706E-1 1.70429E-1 2.46024E-1 1.37686E-1 2.15066E-1
5.78225E-1 4.20921E-1 2.79613E-1 2.86761E-1 2.57469E-1 2.31907E-1 2.42236E-1 2.59754E-1 2.80428E-1 1.82776E-1 2.35323E-1 -9999 -9999 -9999 -9999 -9999 -9999 -9999 -9999 -9999 -9999 -9999 -9999 -9999 -9999 -9999 -9999 3.87246E-1 3.14989E-1 1.98336E-1 4.43997E-1 4.3736E-1 3.78683E-1 3.54943E-1 3.06483E-1 8.62642E-2 1.34749E-1 1.43987E-1 1.79493E-1 2.39958E-1 2.64439E-1 2.80734E-1 2.68358E-1 2.50069E-1 2.53843E-1 2.72249E-1 2.55541E-1 1.79696E-1 1.59757E-1 1.41272E-1 1.59826E-1 1.03747E-1 8.34595E-2 1.23922E-1 1.34024E-1 2.8131E-1 2.7708E-1 1.24782E-1 1.77911E-1 3.38659E-1
4.34638E-1 3.08511E-1 2.54187E-1 1.98428E-1 1.76974E-1 1.96415E-1 2.05434E-1 2.31727E-1 2.2056E-1 1.55548E-1 3.44584E-1 2.2328E-1 -9999 -9999 -9999 -9999 -9999 -9999 -9999 -9999 -9999 -9999 -9999 -9999 -9999 -9999 -9999 3.88774E-1 3.65694E-1 3.90519E-1 2.98222E-1 4.43063E-1 3.66579E-1 3.90453E-1 3.85905E-1 2.976E-1 2.37577E-1 1.9362E-1 1.94385E-1 2.50569E-1 2.71684E-1 1.5828E-1 2.86746E-1 2.78986E-1 2.64974E-1 2.50891E-1 2.61726E-1 2.05925E-1 1.85695E-1 1.70876E-1 8.91944E-2 1.0797E-1 1.05405E-1 1.13708E-1 1.08116E-1 2.03592E-1 3.09277E-1 2.24405E-1 3.08714E-1 4.35985E-1
2.68618E-1 3.43403E-1 2.63935E-1 2.04221E-1 1.70597E-1 1.74251E-1 1.82269E-1 2.56941E-1 2.73769E-1 3.2663E-1 3.16998E-1 3.70167E-1 3.87233E-1 -9999 -9999 -9999 -9999 -9999 -9999 -9999 -9999 -9999 -9999 -9999 -9999 -9999 -9999 4.34942E-1 3.48542E-1 3.30205E-1 4.68656E-1 4.16686E-1 3.98485E-1 4.15743E-1 2.43444E-1 3.17279E-1 2.48004E-1 2.0317E-1 1.88237E-1 2.4165E-1 2.97844E-1 1.84144E-1 3.02081E-1 2.98293E-1 2.69989E-1 2.32076E-1 2.32667E-1 1.98202E-1 2.07345E-1 2.52885E-1 1.87593E-1 1.27769E-1 1.36758E-1 1.44249E-1 1.31471E-1 1.84735E-1 1.75314E-1 3.11481E-1 3.09288E-1 4.12221E-1
3.60313E-1 3.27048E-1 2.33206E-1 1.70758E-1 1.37295E-1 1.38982E-1 1.38838E-1 3.08798E-1 2.27314E-1 3.76632E-1 3.94992E-1 4.59925E-1 4.38431E-1 4.09088E-1 -9999 -9999 -9999 -9999 -9999 -9999 -9999 -9999 -9999 -9999 -9999 -9999 -9999 2.67341E-1 2.38212E-1 2.88419E-1 4.63975E-1 2.44722E-1 4.33426E-1 4.40071E-1 3.91245E-1 3.7866E-1 2.69117E-1 2.18098E-1 2.27336E-1 2.18733E-1 2.72574E-1 3.66746E-1 3.21002E-1 3.13887E-1 2.91398E-1 2.48766E-1 2.4047E-1 1.93616E-1 1.39384E-1 1.32863E-1 2.68578E-1 1.90402E-1 1.67443E-1 1.70009E-1 1.65774E-1 2.02496E-1 1.70039E-1 3.45939E-1 3.40302E-1 3.80872E-1
1.65916E-1 2.15606E-1 1.48504E-1 1.04898E-1 9.99221E-2 -9999 3.02667E-1 3.52874E-1 3.03361E-1 3.68789E-1 4.82067E-1 5.64795E-1 5.36462E-1 4.74694E-1 4.00455E-1 4.19095E-1 -9999 -9999 -9999 -9999 -9999 -9999 -9999 -9999 -9999 -9999 -9999 3.20074E-1 3.3166E-1 3.47318E-1 3.72784E-1 3.73175E-1 3.87332E-1 1.78888E-1 3.87865E-1 5.52141E-1 4.2989E-1 3.91556E-1 3.31101E-1 3.41319E-1 1.91879E-1 3.93899E-1 4.14446E-1 4.46544E-1 3.96763E-1 2.98432E-1 2.73011E-1 2.1542E-1 1.25508E-1 8.38042E-2 1.00106E-1 5.69772E-2 1.88443E-1 1.90934E-1 1.97274E-1 1.65672E-1 3.95003E-1 3.73868E-1 3.62543E-1 3.63312E-1
2.12693E-1 1.85023E-1 1.37072E-1 1.23607E-1 2.08831E-1 3.08059E-1 3.29145E-1 3.30472E-1 2.41849E-1 2.20849E-1 3.20122E-1 5.48426E-1 5.43421E-1 5.54158E-1 4.14686E-1 4.19683E-1 -9999 -9999 -9999 -9999 -9999 -9999 -9999 -9999 -9999 -9999 -9999 -9999 3.97645E-1 -9999 -9999 -9999 -9999 4.10044E-1 3.49806E-1 3.43584E-1 3.77072E-1 3.67557E-1 3.03588E-1 3.24418E-1 2.9015E-1 3.05751E-1 4.51297E-1 5.87847E-1 5.32E-1 3.34142E-1 3.03672E-1 2.20385E-1 1.60352E-1 1.3216E-1 1.45646E-1 1.27676E-1 1.26545E-1 1.99101E-1 2.26075E-1 2.67981E-1 3.48866E-1 3.91955E-1 3.502E-1 4.01661E-1
2.21613E-1 1.79337E-1 1.34298E-1 1.51408E-1 2.39043E-1 3.74956E-1 4.00429E-1 1.68487E-1 1.99551E-1 4.21176E-1 4.96973E-1 4.87322E-1 5.31484E-1 4.79179E-1 5.61471E-1 5.3275E-1 -9999 -9999 -9999 -9999 -9999 -9999 -9999 -9999 -9999 -9999 -9999 -9999 -9999 -9999 -9999 -9999 -9999 -9999 3.46781E-1 3.92792E-1 4.05297E-1 3.0412E-1 2.69676E-1 2.98009E-1 2.53161E-1 3.33002E-1 2.41033E-1 4.35113E-1 5.49148E-1 4.15526E-1 3.41236E-1 2.0602E-1 1.87682E-1 1.44338E-1 1.68955E-1 1.60661E-1 3.94476E-2 2.16103E-1 1.61979E-1 2.48878E-1 3.78094E-1 3.53222E-1 4.60825E-1 4.28041E-1
1.9399E-1 1.5798E-1 1.24187E-1 1.97801E-1 2.53095E-1 4.12064E-1 4.657E-1 2.46564E-1 4.76908E-1 4.57463E-1 4.76859E-1 4.63414E-1 4.66772E-1 4.39133E-1 4.85728E-1 -9999 -9999 -9999 -9999 -9999 -9999 -9999 -9999 -9999 -9999 -9999 -9999 -9999 -9999 -9999 -9999 -9999 -9999 -9999 2.8713E-1 4.7098E-1 4.91994E-1 3.17593E-1 2.67929E-1 3.22327E-1 2.80918E-1 2.90197E-1 1.79004E-1 4.03463E-1 5.31211E-1 4.57861E-1 3.5992E-1 2.18878E-1 1.89228E-1 2.15199E-1 2.35307E-1 2.22826E-1 2.51317E-1 1.59977E-1 2.96252E-1 1.19285E-1 2.41988E-1 5.27577E-1 4.92498E-1 4.69941E-1
