Phytophthora/models/20240430_1155_37/Phytophthora_PA3_RUN2_MAXENT_outputs/Phytophthora_PA3_RUN2.asc
ncols         225
nrows         269
xllcorner     473000.0
yllcorner     4429100.0
cellsize      50.0
NODATA_value  -9999
[rows 189 to 215 of 269, columns 120 to 179 of 225]
3.70617E-1 3.20183E-1 2.55912E-1 2.51159E-1 2.5349E-1 2.26063E-1 3.24026E-1 3.47785E-1 3.63382E-1 4.08394E-1 4.21652E-1 4.44585E-1 4.90674E-1 4.70463E-1 4.2349E-1 4.34381E-1 4.22907E-1 4.47121E-1 5.68087E-1 4.97495E-1 2.63121E-1 2.35232E-1 2.09958E-1 1.58051E-1 1.12454E-1 1.06519E-1 1.12709E-1 1.00963E-1 1.042E-1 1.33138E-1 2.2288E-1 2.44408E-1 2.73822E-1 3.05528E-1 3.14546E-1 3.67122E-1 4.10501E-1 4.13318E-1 3.71998E-1 3.36756E-1 2.50385E-1 1.88955E-1 2.37178E-1 -9999 1.46786E-1 1.54466E-1 1.39969E-1 1.27968E-1 1.34429E-1 1.53436E-1 1.38607E-1 1.55058E-1 1.61745E-1 1.78145E-1 2.22643E-1 2.54953E-1 2.5755E-1 2.34794E-1 2.53531E-1 2.5396E-1
1.77026E-1 3.63132E-1 2.93206E-1 2.58636E-1 2.61911E-1 3.26684E-1 1.78285E-1 3.76936E-1 3.93742E-1 4.45203E-1 4.63921E-1 4.83309E-1 5.33824E-1 5.11844E-1 4.72047E-1 4.72142E-1 1.66472E-1 5.39937E-1 4.57034E-1 4.70452E-1 2.53126E-1 2.14497E-1 1.8176E-1 1.42117E-1 1.07695E-1 1.68368E-1 8.62067E-2 1.32314E-1 9.59176E-2 1.36949E-1 2.21007E-1 2.45223E-1 2.52992E-1 2.72553E-1 2.95166E-1 3.11996E-1 3.40505E-1 3.55531E-1 3.05954E-1 3.20233E-1 2.40596E-1 2.72977E-1 2.03685E-1 3.62779E-2 1.76175E-1 1.66934E-1 1.45749E-1 1.39092E-1 1.55228E-1 1.79677E-1 1.58839E-1 1.81063E-1 1.8621E-1 1.96093E-1 2.11525E-1 2.30536E-1 2.46842E-1 2.44392E-1 2.31541E-1 2.11982E-1
5.28081E-1 5.10284E-1 3.44005E-1 3.74566E-1 3.62152E-1 3.21467E-1 2.99314E-1 3.74246E-1 3.86967E-1 3.65456E-1 3.37839E-1 3.55345E-1 3.97522E-1 3.87573E-1 3.82046E-1 2.38527E-1 4.23448E-1 4.77966E-1 4.45287E-1 3.67397E-1 3.0309E-1 2.56277E-1 2.21576E-1 1.84779E-1 1.68446E-1 2.33833E-1 1.65938E-1 1.57269E-1 1.82369E-1 2.27536E-1 2.02433E-1 2.1118E-1 2.15161E-1 2.29294E-1 2.60216E-1 2.19897E-1 2.24911E-1 2.38393E-1 2.45887E-1 2.77427E-1 2.5301E-1 2.45518E-1 2.16649E-1 1.79492E-1 5.20526E-2 1.23811E-1 1.11216E-1 1.31212E-1 1.40314E-1 1.62615E-1 1.73268E-1 1.99351E-1 1.99055E-1 2.064E-1 2.28007E-1 2.40743E-1 2.68718E-1 2.77445E-1 2.67706E-1 2.05507E-1
4.29535E-1 5.27573E-1 3.4534E-1 3.86789E-1 3.76284E-1 3.22646E-1 3.8628E-1 4.38617E-1 4.15221E-1 3.88991E-1 3.69801E-1 3.43771E-1 3.8602E-1 2.07773E-1 6.77207E-2 3.05946E-1 2.245E-1 3.93308E-1 3.55604E-1 3.24239E-1 2.75157E-1 2.47795E-1 2.20333E-1 1.91931E-1 1.96803E-1 2.34356E-1 1.77603E-1 1.8145E-1 2.17378E-1 2.30959E-1 1.86452E-1 1.9046E-1 1.91605E-1 2.01993E-1 2.28357E-1 2.01726E-1 2.1734E-1 2.25456E-1 2.65287E-1 2.6525E-1 2.17272E-1 2.12269E-1 2.02941E-1 1.76013E-1 1.0875E-1 -9999 -9999 8.95255E-2 1.39143E-1 1.68683E-1 1.85745E-1 2.17495E-1 2.26483E-1 2.27324E-1 2.34865E-1 2.66659E-1 2.91899E-1 2.34864E-1 2.50377E-1 2.08987E-1
4.80705E-1 5.17268E-1 4.97059E-1 3.98738E-1 3.88198E-1 3.52681E-1 3.70307E-1 4.46754E-1 4.54186E-1 4.13544E-1 2.7897E-1 1.22433E-1 3.15304E-1 2.60535E-1 3.51469E-1 4.5709E-1 4.24773E-1 3.98517E-1 4.08524E-1 3.49467E-1 2.93434E-1 2.65483E-1 2.35151E-1 2.11363E-1 1.98504E-1 2.40104E-1 2.16366E-1 2.36202E-1 2.42542E-1 2.52965E-1 2.10556E-1 2.13571E-1 2.10649E-1 2.22315E-1 2.42045E-1 2.10866E-1 2.21542E-1 2.24226E-1 2.55341E-1 2.52143E-1 2.01499E-1 1.91075E-1 1.89528E-1 1.59501E-1 1.51963E-1 8.20566E-2 -9999 -9999 1.43592E-1 1.10299E-1 1.04288E-1 8.78206E-2 4.93752E-2 9.42819E-2 2.89198E-1 3.11677E-1 2.80139E-1 2.72163E-1 2.35503E-1 2.22723E-1
4.63535E-1 5.0387E-1 4.81184E-1 4.61455E-1 4.27515E-1 3.81639E-1 4.03542E-1 4.7093E-1 3.07002E-1 1.99074E-1 3.32342E-1 2.75918E-1 2.67521E-1 2.33024E-1 2.60433E-1 1.90775E-1 4.13818E-1 4.53659E-1 4.61223E-1 3.86895E-1 3.3825E-1 3.07766E-1 2.79645E-1 2.41812E-1 2.20038E-1 2.60884E-1 2.74193E-1 2.77693E-1 2.6764E-1 2.54969E-1 2.13872E-1 2.23641E-1 2.35508E-1 2.48814E-1 2.66363E-1 2.34164E-1 2.47304E-1 2.49224E-1 2.52463E-1 2.25045E-1 1.7505E-1 1.55252E-1 1.45285E-1 1.37719E-1 1.35394E-1 1.44527E-1 9.40901E-2 1.10683E-1 1.82346E-1 2.1621E-1 2.43376E-1 2.88036E-1 2.86106E-1 1.33594E-1 2.93939E-1 2.94116E-1 2.30997E-1 2.0646E-1 2.13407E-1 2.44149E-1
4.45312E-1 4.77763E-1 5.34229E-1 5.23969E-1 4.56305E-1 4.14312E-1 4.3338E-1 5.17745E-1 5.34597E-1 4.35482E-1 2.73758E-1 2.38451E-1 2.28097E-1 1.99335E-1 2.66258E-1 2.01259E-1 4.6216E-1 3.5956E-1 1.88509E-1 3.49841E-1 3.46504E-1 3.02398E-1 2.43898E-1 2.09927E-1 2.05429E-1 2.81617E-1 2.82074E-1 3.25907E-1 3.23273E-1 2.9833E-1 2.13577E-1 2.22505E-1 2.68265E-1 2.95487E-1 3.10711E-1 2.64656E-1 2.77998E-1 2.86134E-1 2.97683E-1 2.67874E-1 2.12891E-1 1.88573E-1 1.88152E-1 1.61225E-1 1.4618E-1 1.07774E-1 1.2337E-1 1.44792E-1 1.98084E-1 2.58858E-1 1.82746E-1 2.64272E-1 2.49232E-1 1.41663E-1 2.4315E-1 2.47773E-1 2.05558E-1 1.88224E-1 1.63567E-1 2.19744E-1
3.61608E-1 3.54096E-1 3.9046E-1 4.02581E-1 3.45735E-1 3.44301E-1 3.68509E-1 2.62287E-1 2.35064E-1 3.28123E-1 2.78564E-1 2.37936E-1 2.08479E-1 2.17306E-1 3.05912E-1 2.79891E-1 1.94186E-1 3.37591E-1 2.91115E-1 3.08577E-1 1.59134E-1 3.3227E-1 3.03792E-1 2.77752E-1 2.66608E-1 3.51023E-1 3.76978E-1 3.91601E-1 3.89181E-1 3.51767E-1 2.4902E-1 2.50895E-1 2.94053E-1 3.14899E-1 3.51683E-1 2.71439E-1 2.91825E-1 2.99831E-1 2.94987E-1 2.77749E-1 2.01121E-1 1.86779E-1 1.86245E-1 1.52592E-1 1.27102E-1 9.89958E-2 1.11373E-1 1.24292E-1 1.34018E-1 1.40073E-1 1.5287E-1 1.50783E-1 1.84222E-1 1.42291E-1 2.22526E-1 1.74367E-1 1.53889E-1 1.30577E-1 1.10137E-1 1.11547E-1
4.22176E-1 3.75699E-1 3.62341E-1 2.96003E-1 3.6422E-1 3.37047E-1 4.10524E-1 3.47023E-1 1.69955E-1 3.52847E-1 2.51498E-1 2.11007E-1 1.75768E-1 1.9656E-1 2.70837E-1 2.98823E-1 4.84363E-1 2.91405E-1 2.95529E-1 2.66159E-1 2.7437E-1 3.00508E-1 3.06211E-1 2.81684E-1 2.87572E-1 3.8843E-1 4.0533E-1 4.3281E-1 4.08124E-1 3.82682E-1 2.82758E-1 2.90662E-1 3.16248E-1 3.51734E-1 2.16619E-1 1.65006E-1 2.73545E-1 3.45072E-1 3.41767E-1 3.17737E-1 2.48564E-1 2.37197E-1 2.50372E-1 2.70684E-1 2.4391E-1 1.88927E-1 7.7868E-2 1.68057E-1 1.56034E-1 1.7054E-1 1.89194E-1 1.00588E-1 2.07193E-1 8.5946E-2 2.42299E-1 1.88118E-1 1.53638E-1 1.0858E-1 1.11197E-1 1.02474E-1
4.49392E-1 4.21362E-1 3.69462E-1 4.00299E-1 3.92625E-1 3.82512E-1 3.88823E-1 3.69162E-1 1.98662E-1 3.87039E-1 2.90707E-1 2.63687E-1 2.29371E-1 2.41019E-1 2.27205E-1 4.58677E-1 3.33128E-1 3.62458E-1 3.1005E-1 3.36501E-1 3.02201E-1 2.74401E-1 2.92477E-1 2.70378E-1 3.186E-1 4.37621E-1 4.54164E-1 4.51339E-1 4.41526E-1 4.37117E-1 3.29726E-1 3.26711E-1 3.68105E-1 1.50165E-1 3.27525E-1 2.69876E-1 3.017E-1 3.15714E-1 3.44857E-1 3.55682E-1 2.51482E-1 2.6128E-1 3.04072E-1 2.01793E-1 2.26853E-1 2.33855E-1 2.18596E-1 2.11654E-1 2.20019E-1 1.96205E-1 2.0892E-1 2.21497E-1 2.33767E-1 2.28474E-1 6.06623E-2 1.62946E-1 1.27966E-1 1.12983E-1 9.01394E-2 1.02956E-1
4.29568E-1 4.70552E-1 2.78113E-1 4.0701E-1 1.45663E-1 3.79859E-1 3.36137E-1 3.65889E-1 4.58772E-1 4.14284E-1 3.53049E-1 2.97693E-1 2.44414E-1 2.47986E-1 2.37695E-1 2.65989E-1 3.07497E-1 3.05372E-1 3.01903E-1 2.76142E-1 2.76032E-1 2.20282E-1 2.23704E-1 2.2079E-1 3.24013E-1 4.56311E-1 4.5471E-1 4.87012E-1 4.80021E-1 4.7194E-1 3.86273E-1 2.3076E-1 3.61488E-1 3.14082E-1 3.23446E-1 2.54744E-1 2.56245E-1 2.57942E-1 2.71154E-1 3.13199E-1 2.32108E-1 2.99815E-1 2.27917E-1 2.38639E-1 9.74087E-2 2.1102E-1 2.4364E-1 6.91598E-2 2.28471E-1 2.24468E-1 2.07608E-1 1.95976E-1 1.98207E-1 2.26202E-1 1.11766E-1 1.40708E-1 1.38443E-1 1.1991E-1 1.05236E-1 1.17645E-1
2.43995E-1 3.68489E-1 3.74284E-1 3.86188E-1 3.49643E-1 3.21891E-1 2.93854E-1 1.02637E-1 3.08777E-1 3.4934E-1 2.84111E-1 2.50774E-1 2.14461E-1 2.15957E-1 2.09112E-1 2.44887E-1 2.53102E-1 2.50706E-1 3.42042E-1 2.44024E-1 2.78733E-1 2.18544E-1 2.02736E-1 2.55707E-1 3.82203E-1 4.82769E-1 4.97425E-1 5.12752E-1 5.32994E-1 4.78938E-1 4.03132E-1 3.33786E-1 3.63484E-1 1.44406E-1 3.23721E-1 1.74659E-1 2.77864E-1 2.5889E-1 2.96691E-1 2.70567E-1 1.89806E-1 2.55624E-1 2.98285E-1 2.91285E-1 2.50178E-1 2.07391E-1 1.70626E-1 1.35522E-1 1.62207E-1 1.66477E-1 1.67859E-1 1.38203E-1 1.19556E-1 1.65022E-1 1.74478E-1 1.40677E-1 1.35103E-1 1.18878E-1 1.12965E-1 1.17863E-1
1.69006E-1 1.85618E-1 2.1001E-1 2.24815E-1 8.75503E-2 2.03735E-1 2.66096E-1 2.44505E-1 1.15206E-1 2.90703E-1 2.43214E-1 2.16908E-1 1.88138E-1 1.8542E-1 2.06708E-1 2.96479E-1 2.70012E-1 2.58715E-1 2.7045E-1 3.74507E-1 3.18828E-1 4.00955E-1 3.72552E-1 4.20534E-1 4.86451E-1 5.74489E-1 6.10638E-1 6.60051E-1 6.56847E-1 6.11189E-1 5.2296E-1 4.52836E-1 5.00991E-1 4.60707E-1 4.0711E-1 3.299E-1 2.47584E-1 3.03513E-1 9.51586E-2 2.83059E-1 1.30488E-1 1.46337E-1 1.59844E-1 1.83128E-1 1.80045E-1 1.66842E-1 1.09284E-1 8.80086E-2 1.12356E-1 1.25288E-1 1.24492E-1 1.14934E-1 9.5852E-2 1.05071E-1 3.41819E-2 1.05684E-1 1.0431E-1 9.68036E-2 1.03045E-1 1.05086E-1
1.72552E-1 1.92496E-1 7.70609E-2 2.08096E-1 1.63388E-1 1.92712E-1 2.24881E-1 2.67823E-1 2.68389E-1 2.66807E-1 2.49224E-1 2.1836E-1 2.00976E-1 1.78699E-1 2.14276E-1 3.28138E-1 3.26183E-1 3.13185E-1 3.13719E-1 3.30682E-1 3.81061E-1 3.91153E-1 3.90545E-1 4.61511E-1 4.92597E-1 5.81752E-1 6.16108E-1 6.77326E-1 6.22923E-1 5.601E-1 4.77186E-1 4.1363E-1 4.48581E-1 4.2639E-1 3.71114E-1 2.81346E-1 3.28021E-1 3.32135E-1 3.39315E-1 2.36733E-1 1.12683E-1 1.17536E-1 1.17569E-1 1.15547E-1 1.18469E-1 8.56234E-2 1.26316E-1 9.251E-2 8.14172E-2 9.34318E-2 1.01355E-1 1.00029E-1 9.60281E-2 9.22864E-2 7.13534E-2 3.31075E-2 1.11304E-1 1.05552E-1 9.74483E-2 1.23292E-1
1.53385E-1 1.7438E-1 2.18916E-1 1.81943E-1 1.83177E-1 2.34431E-1 2.59286E-1 3.24667E-1 3.13958E-1 2.85832E-1 2.5594E-1 2.34305E-1 2.15672E-1 1.90893E-1 2.16195E-1 3.38299E-1 3.43897E-1 3.25314E-1 2.74253E-1 2.8153E-1 3.53101E-1 3.77456E-1 4.02097E-1 4.53128E-1 4.77541E-1 5.66362E-1 5.99074E-1 6.16488E-1 5.53338E-1 4.96956E-1 4.15588E-1 3.66818E-1 3.75136E-1 3.86352E-1 3.85262E-1 2.89613E-1 3.37318E-1 2.04824E-1 3.1967E-1 2.35723E-1 9.38747E-2 1.09919E-1 1.21421E-1 1.11242E-1 9.63586E-2 6.12958E-2 1.31188E-1 1.28451E-1 1.01234E-1 1.19841E-1 1.26208E-1 1.22483E-1 1.20004E-1 1.05425E-1 8.16129E-2 9.63498E-2 9.4784E-2 8.07112E-2 8.33568E-2 1.13739E-1
1.32224E-1 1.49084E-1 5.57933E-2 5.83669E-2 1.03967E-1 2.75686E-1 3.6267E-1 4.17669E-1 3.56951E-1 3.18882E-1 2.97535E-1 2.70467E-1 2.475E-1 2.114E-1 2.13057E-1 3.07385E-1 3.05735E-1 2.3449E-1 2.29367E-1 2.39554E-1 3.04933E-1 3.31312E-1 4.01127E-1 4.33458E-1 4.44047E-1 5.34808E-1 5.53081E-1 5.58147E-1 4.98832E-1 4.49828E-1 3.64196E-1 3.18446E-1 3.49886E-1 3.88637E-1 3.94002E-1 2.39164E-1 3.23778E-1 3.04449E-1 2.86837E-1 2.30328E-1 1.06752E-1 1.12291E-1 1.44776E-1 1.60229E-1 1.69171E-1 1.59896E-1 1.59656E-1 1.43882E-1 1.4626E-1 1.52956E-1 1.52745E-1 1.49043E-1 1.4332E-1 1.25869E-1 1.05196E-1 8.7997E-2 8.6927E-2 6.16223E-2 7.48543E-2 8.96407E-2
1.53031E-1 5.28108E-2 1.62148E-1 1.39335E-1 2.65581E-1 2.21189E-1 3.08287E-1 1.93821E-1 1.75712E-1 3.6687E-1 3.07776E-1 2.78054E-1 2.5391E-1 2.2482E-1 2.22757E-1 2.77542E-1 2.45735E-1 2.23224E-1 2.04728E-1 2.1161E-1 3.0796E-1 3.84723E-1 4.1779E-1 4.22685E-1 4.06203E-1 4.94248E-1 5.01588E-1 4.94728E-1 4.33454E-1 3.86056E-1 2.94753E-1 2.95332E-1 3.42272E-1 3.88103E-1 3.97053E-1 2.65252E-1 2.62258E-1 2.36935E-1 2.25134E-1 2.07841E-1 1.24078E-1 1.27609E-1 1.63328E-1 1.41914E-1 1.84132E-1 1.7065E-1 1.87229E-1 8.48677E-2 1.91181E-1 1.89456E-1 1.80177E-1 1.64756E-1 1.5687E-1 1.37165E-1 1.15422E-1 1.05791E-1 8.35252E-2 5.14981E-2 6.28273E-2 8.10059E-2
1.62706E-1 1.57575E-1 1.62362E-1 1.546E-1 1.5185E-1 3.07872E-1 2.27519E-1 2.38189E-1 2.37253E-1 2.80009E-1 2.87367E-1 2.86729E-1 2.83675E-1 2.46936E-1 2.2765E-1 2.36653E-1 1.81219E-1 1.72804E-1 1.88456E-1 2.23892E-1 3.02252E-1 4.03736E-1 4.21638E-1 4.28264E-1 4.20362E-1 4.50889E-1 4.17235E-1 3.94961E-1 3.57485E-1 3.08562E-1 2.74326E-1 2.75542E-1 3.32774E-1 3.62174E-1 4.04721E-1 3.13652E-1 2.69027E-1 2.35589E-1 2.36008E-1 2.40235E-1 1.4089E-1 1.5298E-1 9.48182E-2 2.82222E-1 2.29223E-1 1.96709E-1 2.15135E-1 2.22097E-1 2.33694E-1 2.51521E-1 1.83271E-1 2.10507E-1 1.7447E-1 1.48663E-1 1.309E-1 4.44195E-2 7.98808E-2 7.95553E-2 9.24898E-2 1.20432E-1
1.57364E-1 1.68562E-1 1.82158E-1 1.82972E-1 2.74712E-1 1.7682E-1 1.95064E-1 2.28274E-1 2.38845E-1 2.70273E-1 3.18744E-1 2.86112E-1 2.54698E-1 2.26302E-1 2.05353E-1 2.13099E-1 1.77364E-1 1.8537E-1 2.11501E-1 2.72568E-1 3.68468E-1 4.3489E-1 4.40767E-1 4.48607E-1 4.51125E-1 4.68073E-1 4.30388E-1 3.4726E-1 3.03937E-1 2.89311E-1 2.70484E-1 2.62542E-1 3.07759E-1 3.40746E-1 4.04568E-1 2.93199E-1 2.60995E-1 2.22468E-1 2.48414E-1 2.72432E-1 3.54573E-2 1.83641E-1 1.99175E-1 2.23543E-1 2.28801E-1 1.85563E-1 1.96855E-1 2.06233E-1 1.90048E-1 1.89565E-1 1.65548E-1 1.72376E-1 1.65385E-1 1.51161E-1 3.74014E-2 1.17025E-1 9.43167E-2 8.54791E-2 9.79457E-2 1.2312E-1
1.63286E-1 1.71645E-1 1.75023E-1 1.86426E-1 1.27326E-1 1.75256E-1 1.6821E-1 1.47201E-1 2.65518E-1 2.08832E-1 2.86671E-1 2.64946E-1 2.39801E-1 2.11139E-1 1.97692E-1 2.16843E-1 1.95639E-1 2.11505E-1 2.33617E-1 3.04373E-1 4.09037E-1 4.77623E-1 4.88811E-1 4.88102E-1 4.73642E-1 4.80677E-1 4.01827E-1 3.76597E-1 3.23976E-1 2.90539E-1 2.66751E-1 2.63651E-1 2.97037E-1 3.25039E-1 3.8312E-1 2.91154E-1 2.55625E-1 1.99208E-1 2.46989E-1 2.66939E-1 1.35825E-1 1.42228E-1 1.67001E-1 1.95597E-1 2.05652E-1 1.86784E-1 1.77988E-1 1.86179E-1 1.70944E-1 1.6525E-1 1.48264E-1 1.40812E-1 1.04668E-1 6.34288E-2 5.50208E-2 9.51167E-2 9.62078E-2 8.60473E-2 9.46543E-2 1.21384E-1
1.78759E-1 2.04675E-1 2.18152E-1 2.16214E-1 1.42703E-1 1.67224E-1 1.71405E-1 1.48242E-1 2.35701E-1 1.56227E-1 2.32689E-1 2.24571E-1 2.01383E-1 1.79755E-1 1.77513E-1 1.97003E-1 2.18497E-1 2.45967E-1 2.54419E-1 3.29919E-1 4.5234E-1 5.11436E-1 5.2966E-1 5.37987E-1 5.24468E-1 5.06937E-1 4.32315E-1 3.59968E-1 3.18669E-1 2.85436E-1 2.72804E-1 2.62944E-1 2.92668E-1 3.14251E-1 3.83564E-1 2.82344E-1 2.49745E-1 2.08123E-1 2.29578E-1 1.84919E-1 1.14826E-1 1.19034E-1 1.44729E-1 1.66849E-1 1.81058E-1 1.6637E-1 1.58236E-1 1.62034E-1 1.56056E-1 1.46923E-1 1.30514E-1 1.18672E-1 9.50787E-2 7.00424E-2 6.08142E-2 7.25674E-2 6.86995E-2 8.0365E-2 8.71292E-2 1.14772E-1
2.29263E-1 3.21291E-1 2.00479E-1 2.46543E-1 1.34615E-1 1.45353E-1 1.35388E-1 1.17262E-1 1.05051E-1 1.57234E-1 2.67196E-1 2.11304E-1 1.99761E-1 1.82426E-1 1.79633E-1 2.07803E-1 2.50246E-1 2.72557E-1 2.82573E-1 3.52178E-1 4.81459E-1 5.30582E-1 5.54983E-1 5.9607E-1 5.76908E-1 5.09156E-1 4.48746E-1 3.53766E-1 3.20868E-1 2.99337E-1 2.93846E-1 2.53135E-1 2.80152E-1 3.27672E-1 3.96641E-1 2.8406E-1 2.52567E-1 2.27891E-1 2.20473E-1 1.3403E-1 1.06034E-1 1.0331E-1 1.15691E-1 1.41147E-1 1.56271E-1 1.45096E-1 1.31473E-1 1.3757E-1 1.41035E-1 1.37841E-1 1.16254E-1 1.12323E-1 1.07738E-1 7.75844E-2 5.66089E-2 6.57801E-2 5.94426E-2 7.69312E-2 1.05074E-1 1.22714E-1
2.742E-1 2.4256E-1 2.51998E-1 2.74584E-1 1.87752E-1 2.02327E-1 1.92487E-1 1.79668E-1 1.72578E-1 1.68481E-1 3.27144E-1 2.94039E-1 2.67184E-1 2.45876E-1 2.29146E-1 2.30062E-1 2.61827E-1 2.72956E-1 2.90348E-1 3.49648E-1 4.94659E-1 5.05396E-1 5.23568E-1 5.61484E-1 4.69371E-1 2.83488E-1 2.26552E-1 1.67187E-1 1.70242E-1 1.7276E-1 1.80652E-1 1.53064E-1 1.62596E-1 2.1561E-1 2.87686E-1 3.5023E-1 3.32309E-1 2.91516E-1 2.2733E-1 2.02165E-1 2.65479E-1 2.86183E-1 2.95233E-1 3.10555E-1 3.0545E-1 2.01021E-1 1.79118E-1 1.87551E-1 1.99103E-1 2.078E-1 2.18588E-1 2.0916E-1 2.08057E-1 1.77743E-1 1.28407E-1 9.54943E-2 6.99162E-2 1.21283E-1 9.69326E-2 1.7782E-1
2.38276E-1 2.27839E-1 2.25878E-1 1.70049E-1 2.44885E-1 1.51194E-1 1.59379E-1 1.4188E-1 1.37468E-1 1.33345E-1 2.6149E-1 1.2436E-1 2.74305E-1 2.24555E-1 2.5364E-1 2.50592E-1 2.65102E-1 2.80615E-1 3.10884E-1 3.68169E-1 5.39394E-1 5.49265E-1 5.43148E-1 5.42405E-1 4.75565E-1 2.74795E-1 2.17142E-1 1.87274E-1 1.79369E-1 1.75071E-1 1.25819E-1 1.82963E-1 2.02613E-1 2.31305E-1 1.21626E-1 3.93564E-1 3.83743E-1 3.02672E-1 2.53642E-1 2.4631E-1 2.55224E-1 2.74063E-1 2.9683E-1 3.29246E-1 3.16371E-1 2.01344E-1 1.9641E-1 1.60184E-1 1.80848E-1 1.89499E-1 1.95098E-1 1.88699E-1 1.77488E-1 1.67342E-1 1.53992E-1 1.20582E-1 9.61993E-2 9.21787E-2 1.29485E-1 1.81197E-1
2.25306E-1 2.29545E-1 2.19359E-1 1.70495E-1 1.40556E-1 2.38463E-1 1.37912E-1 1.29788E-1 1.26998E-1 1.18934E-1 1.33685E-1 2.07129E-1 1.83531E-1 2.14493E-1 2.47286E-1 2.16185E-1 2.36248E-1 2.99448E-1 3.17298E-1 3.7368E-1 5.59366E-1 6.0481E-1 2.84436E-1 4.2277E-1 4.91355E-1 3.02211E-1 2.44568E-1 2.09654E-1 2.03116E-1 1.91264E-1 1.7669E-1 1.75377E-1 2.14118E-1 2.29728E-1 3.31203E-1 4.57199E-1 3.66352E-1 2.89807E-1 2.53482E-1 2.71514E-1 2.73086E-1 3.48212E-1 3.7134E-1 3.90286E-1 3.58709E-1 2.41196E-1 2.27902E-1 1.81468E-1 1.79681E-1 1.71958E-1 1.74439E-1 1.60053E-1 1.43804E-1 1.34789E-1 1.29942E-1 1.10407E-1 1.1848E-1 1.28228E-1 1.39251E-1 1.55862E-1
2.63012E-1 2.43153E-1 2.18467E-1 1.9631E-1 1.84664E-1 2.11929E-1 1.92146E-1 1.23213E-1 9.91496E-2 9.42064E-2 1.15728E-1 9.86912E-2 1.84518E-1 1.58535E-1 1.84004E-1 1.81179E-1 2.18249E-1 2.88625E-1 3.21393E-1 3.67779E-1 5.44006E-1 5.71023E-1 5.42151E-1 5.37139E-1 4.58571E-1 3.32755E-1 2.78868E-1 2.22318E-1 2.2004E-1 5.47086E-2 2.19176E-1 1.70421E-1 1.85106E-1 2.31862E-1 3.08825E-1 2.1658E-1 3.74754E-1 3.2509E-1 2.88475E-1 2.81503E-1 3.03436E-1 3.94385E-1 4.36227E-1 4.91558E-1 4.04084E-1 2.82668E-1 2.6458E-1 2.42946E-1 2.11662E-1 1.97202E-1 1.66092E-1 1.34124E-1 1.27565E-1 1.19666E-1 1.15557E-1 1.17246E-1 3.91122E-2 6.1131E-2 9.87321E-2 7.7474E-2
2.94965E-1 2.58313E-1 2.21716E-1 1.87415E-1 1.64642E-1 1.89451E-1 1.73906E-1 1.57476E-1 8.01656E-2 8.19085E-2 1.02916E-1 8.67982E-2 1.85693E-1 1.46113E-1 1.74503E-1 1.78674E-1 2.41746E-1 2.91254E-1 3.15082E-1 3.38201E-1 4.89435E-1 5.19451E-1 4.97725E-1 4.86188E-1 4.49108E-1 3.45782E-1 2.59913E-1 2.51832E-1 2.41571E-1 1.97202E-1 1.71457E-1 1.56759E-1 1.81001E-1 2.36547E-1 3.11968E-1 3.02422E-1 4.25766E-1 3.64362E-1 3.32239E-1 3.2242E-1 3.79799E-1 4.4269E-1 4.50032E-1 4.43084E-1 4.79924E-1 3.23227E-1 2.99523E-1 2.72236E-1 2.33115E-1 2.14034E-1 1.785E-1 1.32642E-1 1.15798E-1 1.04757E-1 1.19127E-1 9.39856E-2 1.12289E-1 1.18541E-1 1.07924E-1 1.21329E-1
