Phytophthora/models/20240430_1155_37/Phytophthora_PA3_RUN2_MAXENT_outputs/Phytophthora_PA3_RUN2.asc
ncols         225
nrows         269
xllcorner     473000.0
yllcorner     4429100.0
cellsize      50.0
NODATA_value  -9999
[rows 108 to 134 of 269, columns 60 to 119 of 225]
1.28672E-1 1.13544E-1 1.16087E-1 1.52975E-1 2.56508E-1 3.32325E-1 2.78058E-1 1.47361E-1 1.62407E-1 1.4904E-1 9.41029E-2 1.01556E-1 8.46556E-2 7.98838E-2 8.55715E-2 1.41795E-1 1.59343E-1 1.71729E-1 1.81993E-1 1.41515E-1 2.0541E-1 1.70405E-1 1.4068E-1 1.38343E-1 1.73636E-1 2.00669E-1 1.47315E-1 1.26179E-1 1.33009E-1 1.22203E-1 1.61634E-1 1.23268E-1 1.22741E-1 1.42553E-1 1.4296E-1 3.01964E-1 3.78025E-1 4.35368E-1 4.53356E-1 4.99814E-1 5.71111E-1 4.46473E-1 4.95148E-1 5.08913E-1 3.21797E-1 3.95783E-1 1.40658E-1 4.44323E-1 3.52131E-1 3.88507E-1 4.02914E-1 4.0068E-1 3.99527E-1 3.91996E-1 3.36907E-1 3.08289E-1 1.49831E-1 3.60638E-1 4.36665E-1 4.39448E-1
1.24996E-1 1.2553E-1 1.09599E-1 1.22856E-1 1.58522E-1 2.86926E-1 2.58824E-1 2.26762E-1 1.95237E-1 1.47172E-1 9.63792E-2 1.01977E-1 9.074E-2 8.29815E-2 9.01183E-2 1.43275E-1 1.52431E-1 1.65321E-1 1.7043E-1 2.07918E-1 1.82904E-1 1.65435E-1 1.83591E-1 2.11771E-1 2.30794E-1 2.19185E-1 2.05108E-1 1.94379E-1 1.89201E-1 1.79359E-1 1.83483E-1 1.59032E-1 1.67855E-1 1.68369E-1 1.88448E-1 2.97369E-1 3.54462E-1 3.97256E-1 4.20482E-1 4.67004E-1 5.26137E-1 5.85229E-1 4.75868E-1 2.88242E-1 4.35924E-1 3.77833E-1 4.13509E-1 2.76729E-1 4.62968E-1 4.95225E-1 3.9099E-1 2.65556E-1 4.36258E-1 4.23288E-1 3.82974E-1 3.05177E-1 4.74672E-1 4.02849E-1 1.66948E-1 4.73588E-1
1.2401E-1 1.44655E-1 5.54608E-2 1.73333E-1 1.95642E-1 2.38188E-1 2.13797E-1 2.10856E-1 8.46488E-2 1.74817E-1 1.10437E-1 1.15719E-1 1.06558E-1 1.00963E-1 1.0925E-1 1.6492E-1 1.78297E-1 1.65351E-1 7.63907E-2 1.72691E-1 1.76579E-1 2.1111E-1 2.30059E-1 2.40432E-1 2.28014E-1 2.43766E-1 2.2945E-1 2.24139E-1 2.17108E-1 1.98592E-1 2.07737E-1 1.89981E-1 1.96819E-1 1.94832E-1 2.13895E-1 3.18601E-1 3.72748E-1 4.01168E-1 4.1717E-1 4.43746E-1 4.27587E-1 4.44366E-1 3.4043E-1 2.58489E-1 3.85931E-1 4.02125E-1 2.71815E-1 4.96496E-1 4.80238E-1 4.78824E-1 3.98159E-1 4.17558E-1 4.27332E-1 4.21154E-1 3.9908E-1 2.18075E-1 2.68377E-1 2.68475E-1 4.7358E-1 1.25569E-1
1.30707E-1 1.46574E-1 1.79278E-1 1.87312E-1 1.71218E-1 2.01889E-1 1.83564E-1 1.93206E-1 5.67001E-2 2.1861E-1 2.02302E-1 2.05013E-1 1.82194E-1 1.9478E-1 1.94639E-1 1.62143E-1 1.68721E-1 1.60576E-1 1.17474E-1 1.58593E-1 2.23432E-1 2.60945E-1 2.69772E-1 2.72685E-1 2.60748E-1 2.52542E-1 2.19102E-1 2.18077E-1 2.21773E-1 2.09217E-1 2.09217E-1 1.88532E-1 1.86855E-1 1.83328E-1 1.747E-1 1.4521E-1 1.10471E-1 1.49576E-1 1.75836E-1 2.22675E-1 3.00901E-1 2.45431E-1 2.7686E-1 4.17663E-1 3.23206E-1 3.99158E-1 3.65069E-1 4.04136E-1 3.95319E-1 3.98366E-1 4.56326E-1 4.48392E-1 4.28354E-1 4.22835E-1 4.06295E-1 3.48995E-1 3.86484E-1 4.657E-1 4.66329E-1 2.12362E-1
1.54293E-1 1.78203E-1 1.83122E-1 1.67503E-1 1.5758E-1 1.91333E-1 1.86672E-1 2.0813E-1 2.43671E-1 2.42227E-1 2.34685E-1 2.28083E-1 2.11048E-1 2.18048E-1 2.24002E-1 1.88999E-1 1.957E-1 9.89255E-2 1.87129E-1 1.99087E-1 2.58819E-1 2.79969E-1 3.13269E-1 3.33423E-1 2.66608E-1 1.93578E-1 6.67705E-2 2.33105E-1 2.29015E-1 2.45855E-1 1.45876E-1 1.13665E-1 2.37987E-1 2.0662E-1 1.7875E-1 1.49096E-1 1.64994E-1 1.83146E-1 1.9977E-1 1.62619E-1 8.35277E-2 3.32947E-1 3.54471E-1 4.63988E-1 3.067E-1 4.18223E-1 3.39239E-1 3.94895E-1 4.23555E-1 4.18951E-1 4.3708E-1 4.26459E-1 4.601E-1 4.77885E-1 4.47363E-1 3.61042E-1 3.64855E-1 4.02512E-1 4.3085E-1 3.8945E-1
1.58684E-1 1.29331E-1 1.53382E-1 1.53965E-1 1.44977E-1 1.73515E-1 2.02732E-1 2.2913E-1 2.82443E-1 1.63873E-1 3.05636E-1 2.68475E-1 2.50542E-1 2.59681E-1 2.70621E-1 2.35231E-1 1.30393E-1 9.49994E-2 2.54986E-1 2.33925E-1 2.96461E-1 3.00537E-1 2.37196E-1 3.29001E-1 2.86565E-1 2.45204E-1 2.36986E-1 2.42516E-1 2.20346E-1 1.94533E-1 1.63595E-1 1.78866E-1 2.47614E-1 2.2444E-1 1.98532E-1 1.73579E-1 1.97583E-1 2.20671E-1 2.24668E-1 2.31356E-1 2.56748E-1 2.19782E-1 2.34536E-1 2.15971E-1 3.76704E-1 4.59844E-1 4.71464E-1 3.5029E-1 2.82583E-1 3.21105E-1 3.67804E-1 3.7009E-1 4.57315E-1 5.4591E-1 4.89427E-1 3.54285E-1 3.35061E-1 3.55706E-1 4.03737E-1 3.85087E-1
1.79123E-1 1.7E-1 1.46972E-1 1.4363E-1 1.43978E-1 1.96635E-1 2.01554E-1 2.14674E-1 8.24593E-2 2.08397E-1 2.14524E-1 2.44613E-1 2.47625E-1 2.58136E-1 2.71389E-1 2.16419E-1 2.12274E-1 1.52048E-1 1.71872E-1 2.42509E-1 2.13567E-1 1.33263E-1 3.43587E-1 2.90087E-1 2.31975E-1 2.15539E-1 2.35915E-1 2.22078E-1 1.70922E-1 1.31866E-1 1.06276E-1 1.21399E-1 1.83789E-1 2.16073E-1 1.09802E-1 9.67882E-2 9.08903E-2 7.21531E-2 1.44767E-1 1.70329E-1 2.69958E-1 2.96316E-1 3.18541E-1 4.06143E-1 4.8954E-1 4.33432E-1 1.20473E-1 4.35529E-1 2.85357E-1 1.64429E-1 2.48437E-1 4.75779E-1 4.88159E-1 5.9514E-1 5.12632E-1 4.0267E-1 3.9297E-1 4.21084E-1 3.70983E-1 4.47622E-1
8.9333E-2 1.48632E-1 1.3559E-1 1.33026E-1 1.49974E-1 2.17978E-1 2.06487E-1 2.0193E-1 2.14279E-1 1.70484E-1 9.1934E-2 1.86258E-1 1.9039E-1 1.96107E-1 2.09583E-1 1.99246E-1 7.61432E-2 1.65693E-1 1.52552E-1 1.95687E-1 2.91862E-1 2.95904E-1 2.78565E-1 2.63503E-1 2.29612E-1 2.19829E-1 2.08563E-1 1.61597E-1 1.25777E-1 1.07178E-1 9.03884E-2 1.26237E-1 1.61669E-1 1.79023E-1 2.06651E-1 9.82317E-2 1.85915E-1 1.848E-1 1.7777E-1 2.00835E-1 2.87433E-1 2.24541E-1 3.58627E-1 3.29194E-1 4.33688E-1 4.12535E-1 3.7774E-1 4.16885E-1 1.08139E-1 2.96739E-1 4.60395E-1 5.06466E-1 4.89293E-1 5.8441E-1 5.00311E-1 3.95694E-1 4.35071E-1 4.52531E-1 4.79996E-1 5.09747E-1
3.28278E-1 2.72083E-1 2.58428E-1 2.98642E-1 3.21831E-1 3.52958E-1 3.68424E-1 2.679E-1 2.73997E-1 2.51447E-1 2.90807E-1 3.0091E-1 3.33692E-1 3.29881E-1 3.37509E-1 3.54862E-1 3.45178E-1 3.10818E-1 3.35962E-1 3.39094E-1 3.10724E-1 3.02263E-1 3.01993E-1 2.96478E-1 2.9693E-1 2.31298E-1 1.90045E-1 1.75069E-1 1.39709E-1 1.30186E-1 1.46561E-1 1.52103E-1 2.0962E-1 2.51557E-1 3.22185E-1 3.46549E-1 3.04555E-1 2.87797E-1 3.9132E-1 4.11367E-1 5.28632E-1 5.03478E-1 4.8256E-1 5.46915E-1 4.83922E-1 3.58909E-1 3.71013E-1 1.5812E-1 2.785E-1 8.35937E-2 5.80731E-1 6.29698E-1 6.53544E-1 5.8124E-1 4.73782E-1 3.90358E-1 4.67721E-1 4.8295E-1 5.17998E-1 3.52486E-1
2.84597E-1 2.73853E-1 2.92747E-1 3.32045E-1 3.55331E-1 3.9567E-1 2.67134E-1 3.28122E-1 2.92851E-1 2.66103E-1 3.21507E-1 1.31179E-1 3.73962E-1 3.83547E-1 3.58474E-1 3.32807E-1 3.51069E-1 2.73556E-1 2.90316E-1 3.00455E-1 2.65128E-1 2.8212E-1 2.91535E-1 2.94235E-1 2.59199E-1 1.7827E-1 1.56729E-1 1.33714E-1 1.16717E-1 1.12581E-1 1.36866E-1 1.41615E-1 1.86401E-1 2.1352E-1 2.77459E-1 3.53864E-1 2.66916E-1 4.08586E-1 3.86109E-1 1.60454E-1 3.98636E-1 3.59874E-1 5.58541E-1 5.30934E-1 4.92596E-1 3.48622E-1 3.45531E-1 3.30242E-1 3.30126E-1 2.72481E-1 4.68076E-1 5.32238E-1 5.40826E-1 5.03994E-1 4.83281E-1 4.52972E-1 4.78494E-1 4.99531E-1 2.82989E-1 4.84496E-1
3.14312E-1 3.49257E-1 3.35457E-1 2.31092E-1 2.76768E-1 3.28908E-1 3.15664E-1 3.028E-1 2.93007E-1 2.80531E-1 3.42945E-1 4.0051E-1 4.75222E-1 3.26339E-1 3.92535E-1 2.34018E-1 3.01646E-1 2.72735E-1 2.78696E-1 2.75853E-1 2.3122E-1 2.49763E-1 2.72606E-1 2.53712E-1 1.94535E-1 1.58716E-1 1.22731E-1 1.06076E-1 1.03757E-1 1.14651E-1 1.38422E-1 1.41414E-1 1.63323E-1 1.8404E-1 2.43105E-1 3.18725E-1 3.85875E-1 3.96874E-1 4.03124E-1 4.28358E-1 4.89668E-1 5.34818E-1 5.18683E-1 4.80611E-1 4.62649E-1 3.09418E-1 3.00288E-1 2.91847E-1 2.1433E-1 3.39051E-1 4.94519E-1 5.2285E-1 5.56114E-1 5.67365E-1 5.6957E-1 4.90723E-1 4.56969E-1 4.78233E-1 5.22968E-1 5.65521E-1
3.38053E-1 3.60408E-1 3.44053E-1 3.2186E-1 1.59446E-1 2.98654E-1 2.80737E-1 2.77376E-1 2.65056E-1 2.60388E-1 3.36667E-1 3.65727E-1 1.20448E-1 4.40769E-1 2.30876E-1 3.62581E-1 3.00275E-1 2.77934E-1 2.62988E-1 2.29436E-1 2.0001E-1 2.04198E-1 2.36665E-1 2.22135E-1 1.74161E-1 1.59827E-1 1.24778E-1 1.19229E-1 1.24291E-1 1.43821E-1 1.5914E-1 1.48256E-1 1.71047E-1 2.00211E-1 2.67939E-1 3.37001E-1 3.66333E-1 1.1031E-1 2.45733E-1 4.26357E-1 4.81266E-1 4.80859E-1 4.77996E-1 4.47715E-1 3.92832E-1 2.67424E-1 2.73732E-1 2.45121E-1 1.957E-1 2.98782E-1 4.52509E-1 5.61812E-1 5.45143E-1 6.59633E-1 6.4712E-1 5.62566E-1 4.95068E-1 4.50822E-1 4.65075E-1 5.11582E-1
3.70366E-1 3.64148E-1 3.12077E-1 3.09151E-1 1.77821E-1 3.18382E-1 2.93576E-1 2.75923E-1 2.56153E-1 2.82283E-1 3.49876E-1 3.75344E-1 4.37968E-1 3.53089E-1 3.18468E-1 3.38579E-1 3.42759E-1 3.16618E-1 2.67847E-1 2.1633E-1 1.74577E-1 1.8768E-1 2.46957E-1 2.1955E-1 2.06708E-1 1.75138E-1 1.38113E-1 1.43395E-1 1.57785E-1 1.64518E-1 1.77813E-1 1.54685E-1 1.6589E-1 2.02037E-1 2.71196E-1 3.09456E-1 3.55878E-1 1.83171E-1 3.49132E-1 3.51913E-1 4.33211E-1 4.41658E-1 4.28725E-1 4.10464E-1 3.56671E-1 2.14151E-1 2.02184E-1 2.00226E-1 1.98069E-1 2.64764E-1 4.92043E-1 5.41337E-1 6.05521E-1 6.44204E-1 6.55972E-1 5.75056E-1 5.29432E-1 4.58992E-1 4.59871E-1 5.01986E-1
1.69929E-1 4.22726E-1 3.22482E-1 3.28021E-1 3.55269E-1 3.3778E-1 2.94695E-1 3.03704E-1 2.77883E-1 3.11062E-1 3.97945E-1 4.27245E-1 4.46535E-1 2.5412E-1 3.75859E-1 4.07204E-1 3.85488E-1 3.32425E-1 2.8848E-1 2.41413E-1 2.30199E-1 2.77085E-1 2.82526E-1 2.86673E-1 2.89836E-1 2.47228E-1 2.15352E-1 2.20046E-1 2.27961E-1 2.45452E-1 3.13391E-1 2.73179E-1 2.46167E-1 2.95758E-1 3.4168E-1 3.23745E-1 3.33829E-1 4.12392E-1 1.43429E-1 3.49791E-1 3.12829E-1 3.20124E-1 3.17562E-1 3.05394E-1 2.68138E-1 2.08029E-1 2.02914E-1 2.05107E-1 2.19545E-1 2.53488E-1 3.39073E-1 3.90528E-1 4.60924E-1 4.9603E-1 5.33154E-1 6.05744E-1 5.8452E-1 4.79641E-1 5.03854E-1 5.59617E-1
4.54876E-1 4.06529E-1 3.30673E-1 3.57545E-1 2.39297E-1 3.42685E-1 2.75199E-1 1.98553E-1 2.17426E-1 2.21033E-1 3.00218E-1 3.94405E-1 4.56031E-1 3.47468E-1 4.57677E-1 4.15014E-1 3.85139E-1 3.33353E-1 3.01036E-1 2.67532E-1 2.80882E-1 3.16783E-1 2.83747E-1 3.33309E-1 3.38076E-1 2.90727E-1 2.5653E-1 2.49874E-1 2.54996E-1 2.64266E-1 3.3533E-1 2.90279E-1 2.45872E-1 2.5755E-1 3.12151E-1 3.13653E-1 3.54692E-1 3.2679E-1 3.23745E-1 3.01165E-1 2.82663E-1 2.82063E-1 2.82366E-1 2.60838E-1 2.39754E-1 2.0014E-1 1.9722E-1 2.10365E-1 2.37443E-1 2.59591E-1 3.36005E-1 3.54825E-1 3.95135E-1 4.37865E-1 4.84044E-1 6.10564E-1 6.51275E-1 6.14108E-1 6.02257E-1 5.64314E-1
3.90003E-1 3.57736E-1 3.69847E-1 4.19709E-1 3.93262E-1 3.32146E-1 2.60307E-1 2.35112E-1 2.17242E-1 2.12564E-1 2.68311E-1 3.15878E-1 4.04027E-1 3.55847E-1 4.71973E-1 4.19802E-1 3.88449E-1 3.52733E-1 3.35612E-1 3.2184E-1 3.19359E-1 3.29082E-1 3.67646E-1 3.93873E-1 3.44212E-1 3.18392E-1 2.91929E-1 2.70572E-1 2.6941E-1 2.87931E-1 3.32209E-1 2.9615E-1 2.4206E-1 2.47015E-1 3.12429E-1 3.08123E-1 2.15874E-1 3.13052E-1 2.64982E-1 2.59633E-1 2.55277E-1 2.45435E-1 2.41357E-1 2.52374E-1 2.50633E-1 2.14297E-1 2.17883E-1 2.2388E-1 2.62259E-1 2.9593E-1 3.76753E-1 3.97697E-1 4.17853E-1 4.20558E-1 4.90574E-1 6.31792E-1 6.86191E-1 6.46541E-1 5.90915E-1 6.61417E-1
3.45415E-1 3.65091E-1 4.08004E-1 2.22699E-1 3.65004E-1 3.09872E-1 2.49758E-1 2.30778E-1 2.25996E-1 2.32044E-1 3.01541E-1 3.30188E-1 3.59488E-1 4.49979E-1 3.71512E-1 4.25503E-1 4.14036E-1 4.04937E-1 3.98248E-1 3.60079E-1 3.31243E-1 3.51429E-1 3.53712E-1 3.38729E-1 3.75351E-1 3.68055E-1 3.15158E-1 2.67407E-1 2.67359E-1 7.55652E-2 3.07844E-1 2.7287E-1 2.33934E-1 2.43075E-1 2.79398E-1 2.52148E-1 1.32065E-1 3.04577E-1 2.47691E-1 2.17315E-1 2.17604E-1 2.17092E-1 2.38789E-1 2.62213E-1 2.30721E-1 2.21253E-1 2.47043E-1 2.63444E-1 2.81691E-1 3.31343E-1 4.38371E-1 4.40541E-1 4.52931E-1 4.57086E-1 4.97273E-1 6.10316E-1 6.54931E-1 6.84599E-1 6.53705E-1 6.36526E-1
3.28617E-1 3.71952E-1 4.17532E-1 3.43011E-1 3.50994E-1 2.78289E-1 2.35944E-1 2.26149E-1 2.2742E-1 2.37664E-1 3.14483E-1 3.48176E-1 3.68785E-1 3.72307E-1 1.10632E-1 4.78099E-1 4.84281E-1 4.49732E-1 4.11625E-1 3.70153E-1 3.14319E-1 2.81204E-1 2.85131E-1 3.04823E-1 3.45346E-1 3.93268E-1 3.22482E-1 2.61628E-1 2.57026E-1 1.76405E-1 3.01573E-1 2.39943E-1 2.16747E-1 2.25395E-1 2.53649E-1 2.06882E-1 2.64793E-1 2.90052E-1 2.18296E-1 2.01735E-1 2.13384E-1 2.33105E-1 2.57655E-1 2.70456E-1 2.55867E-1 2.65784E-1 3.11654E-1 3.16962E-1 3.14598E-1 3.57446E-1 4.6621E-1 4.39026E-1 4.78748E-1 4.99945E-1 5.5093E-1 6.65533E-1 6.94517E-1 6.17465E-1 6.43497E-1 6.25482E-1
3.98495E-1 4.55198E-1 4.79754E-1 4.95124E-1 4.15175E-1 3.76119E-1 3.27025E-1 3.58145E-1 3.74254E-1 3.48707E-1 3.5321E-1 3.91959E-1 4.46769E-1 4.51613E-1 3.97421E-1 4.59589E-1 4.25471E-1 3.91708E-1 3.40757E-1 2.98906E-1 2.89877E-1 3.14106E-1 3.24769E-1 3.74643E-1 4.06787E-1 3.13274E-1 3.71665E-1 3.10886E-1 3.00943E-1 1.67267E-1 2.46429E-1 1.93657E-1 1.6502E-1 1.74349E-1 1.98301E-1 1.46253E-1 4.37349E-2 2.0037E-1 1.47944E-1 1.41656E-1 1.66121E-1 1.90272E-1 2.14992E-1 2.46441E-1 2.67283E-1 2.90626E-1 3.39773E-1 3.4525E-1 3.39375E-1 3.15161E-1 3.83726E-1 4.41427E-1 4.74229E-1 4.55666E-1 4.9413E-1 5.0767E-1 4.80155E-1 4.65191E-1 4.33682E-1 4.2237E-1
4.13438E-1 4.65701E-1 5.19783E-1 4.91356E-1 4.02215E-1 3.89763E-1 3.86923E-1 3.92546E-1 4.10078E-1 3.8034E-1 3.50621E-1 3.78013E-1 4.15239E-1 4.08694E-1 2.43587E-1 3.93855E-1 3.90275E-1 3.49734E-1 2.71025E-1 2.55442E-1 3.2188E-1 3.33669E-1 3.29466E-1 3.48863E-1 4.4347E-1 4.67202E-1 3.56397E-1 3.02348E-1 2.91374E-1 3.02043E-1 2.65335E-1 2.03088E-1 1.63966E-1 1.20204E-1 1.28675E-1 1.22054E-1 6.35789E-2 1.88479E-1 1.71728E-1 1.33768E-1 1.77573E-1 2.23928E-1 2.61878E-1 3.03207E-1 3.43958E-1 3.68535E-1 2.7029E-1 2.22624E-1 4.02991E-1 3.63968E-1 4.45122E-1 4.74439E-1 2.83859E-1 4.77088E-1 4.9003E-1 4.43027E-1 4.23553E-1 4.1846E-1 3.96705E-1 4.0715E-1
3.30327E-1 3.65463E-1 4.54929E-1 4.37728E-1 3.91101E-1 4.28574E-1 4.3542E-1 4.25131E-1 4.24655E-1 4.03054E-1 3.72524E-1 3.5921E-1 3.98802E-1 4.04444E-1 4.21974E-1 3.54685E-1 3.16882E-1 2.9231E-1 2.67183E-1 3.03117E-1 3.61921E-1 3.43443E-1 3.3452E-1 3.72123E-1 4.53741E-1 4.44572E-1 3.48409E-1 2.75364E-1 2.7864E-1 2.77816E-1 2.45967E-1 2.0855E-1 1.66349E-1 1.34087E-1 1.12348E-1 9.1422E-2 1.21761E-1 1.83435E-1 2.11421E-1 1.88932E-1 2.34576E-1 1.63201E-1 2.99345E-1 3.38844E-1 3.56863E-1 3.48574E-1 3.62261E-1 4.04245E-1 4.0428E-1 3.63414E-1 4.7431E-1 4.96205E-1 4.51946E-1 4.57257E-1 4.59657E-1 4.37818E-1 4.34161E-1 4.2098E-1 3.85744E-1 3.88908E-1
3.19723E-1 3.74985E-1 4.43773E-1 4.51489E-1 4.14482E-1 4.71565E-1 3.25542E-1 4.71435E-1 4.61691E-1 4.26522E-1 3.96912E-1 3.7619E-1 3.95007E-1 3.9153E-1 3.81683E-1 3.2752E-1 3.11069E-1 3.18767E-1 3.07558E-1 3.50981E-1 4.11271E-1 3.91228E-1 3.50491E-1 3.84298E-1 4.38187E-1 4.06377E-1 3.23831E-1 2.48752E-1 2.55894E-1 2.45757E-1 2.28556E-1 2.04074E-1 1.83142E-1 1.54964E-1 1.1658E-1 9.18996E-2 1.21105E-1 1.59742E-1 2.29125E-1 1.86571E-1 2.31483E-1 2.38944E-1 2.5483E-1 3.03787E-1 2.94486E-1 2.98E-1 3.47258E-1 3.78301E-1 3.30832E-1 3.53635E-1 4.44849E-1 4.61051E-1 4.44121E-1 4.58587E-1 4.7909E-1 4.63683E-1 2.55498E-1 4.50158E-1 4.16973E-1 4.25598E-1
3.17741E-1 3.71371E-1 4.18163E-1 2.43841E-1 4.48111E-1 4.68827E-1 4.96789E-1 4.7813E-1 4.49961E-1 4.35129E-1 3.94098E-1 4.06292E-1 4.35252E-1 1.64246E-1 4.19816E-1 3.61132E-1 3.55102E-1 3.78011E-1 3.80534E-1 3.99438E-1 4.59464E-1 4.49371E-1 4.01725E-1 3.72215E-1 3.98978E-1 3.70095E-1 2.94509E-1 2.63634E-1 2.76048E-1 2.79132E-1 2.74852E-1 2.3864E-1 2.1634E-1 2.00847E-1 1.66503E-1 1.36725E-1 1.65096E-1 2.03851E-1 1.58411E-1 2.35072E-1 2.18131E-1 2.20835E-1 2.36427E-1 2.85274E-1 3.05867E-1 3.17472E-1 3.81443E-1 3.7987E-1 3.04831E-1 3.27972E-1 4.18043E-1 4.70485E-1 4.85738E-1 5.27718E-1 5.27881E-1 4.65423E-1 2.67182E-1 4.7209E-1 4.40042E-1 4.81933E-1
2.63844E-1 2.91163E-1 3.45194E-1 3.90326E-1 3.85298E-1 4.47678E-1 4.73596E-1 4.64006E-1 4.25744E-1 4.23381E-1 4.5359E-1 4.49514E-1 4.77915E-1 4.19071E-1 5.01976E-1 5.50357E-1 5.72244E-1 5.81864E-1 5.94108E-1 5.78234E-1 2.52469E-1 2.35681E-1 4.76008E-1 4.58385E-1 4.32065E-1 3.38964E-1 2.68581E-1 2.372E-1 2.54929E-1 2.8614E-1 2.33951E-1 2.19459E-1 2.59434E-1 2.50306E-1 2.53493E-1 1.45937E-1 1.89098E-1 2.02731E-1 2.20875E-1 2.40761E-1 1.86322E-1 1.61875E-1 1.86367E-1 2.49979E-1 2.95511E-1 2.86521E-1 3.72564E-1 3.4281E-1 2.93987E-1 2.69469E-1 2.99681E-1 3.54849E-1 3.82648E-1 1.65716E-1 3.98967E-1 4.37372E-1 4.62254E-1 4.60503E-1 4.00094E-1 1.5716E-1
2.51836E-1 2.73027E-1 2.72472E-1 1.34809E-1 3.85768E-1 4.14094E-1 4.16135E-1 4.11357E-1 4.05623E-1 4.27786E-1 4.90839E-1 4.51007E-1 4.63952E-1 4.93362E-1 4.16119E-1 5.96066E-1 2.90778E-1 4.72672E-1 6.10065E-1 6.07758E-1 5.51439E-1 5.48027E-1 5.63569E-1 5.3521E-1 4.99654E-1 3.79754E-1 3.20094E-1 2.79353E-1 3.08268E-1 1.08664E-1 2.6773E-1 2.48131E-1 2.41687E-1 2.52661E-1 2.78817E-1 2.21524E-1 1.35174E-1 2.30949E-1 2.09952E-1 2.28461E-1 2.06466E-1 1.53118E-1 1.93916E-1 2.60522E-1 3.06005E-1 2.89915E-1 3.49999E-1 3.32901E-1 3.79587E-1 3.19365E-1 3.25637E-1 4.15448E-1 3.93771E-1 3.55494E-1 3.71362E-1 4.23931E-1 3.9836E-1 4.14893E-1 2.46031E-1 3.14004E-1
2.3879E-1 2.63377E-1 8.91773E-2 3.79733E-1 3.63437E-1 3.98557E-1 3.72008E-1 3.97482E-1 4.34484E-1 4.82098E-1 5.65837E-1 5.35133E-1 2.26672E-1 4.02509E-1 1.14699E-1 4.78252E-1 5.61865E-1 5.33134E-1 5.60448E-1 5.41793E-1 5.09291E-1 5.04965E-1 5.5087E-1 5.46512E-1 4.83981E-1 2.73478E-1 2.73199E-1 3.59171E-1 1.94276E-1 2.41088E-1 2.42299E-1 2.10205E-1 2.11817E-1 2.13978E-1 2.47722E-1 2.24464E-1 2.71866E-1 1.62887E-1 2.47481E-1 2.6965E-1 2.3993E-1 1.98853E-1 1.91083E-1 2.59024E-1 2.99699E-1 2.71539E-1 3.23873E-1 4.12706E-1 2.48988E-1 3.89431E-1 3.46557E-1 4.01743E-1 3.86184E-1 3.15027E-1 3.32877E-1 3.81076E-1 3.83732E-1 1.7793E-1 3.5978E-1 3.02434E-1
2.3844E-1 2.61877E-1 3.50961E-1 3.60407E-1 2.78821E-1 4.24374E-1 4.04076E-1 4.57339E-1 5.14101E-1 3.65224E-1 5.75712E-1 5.53371E-1 5.03183E-1 5.28771E-1 2.13498E-1 5.60157E-1 5.4959E-1 5.31523E-1 5.23071E-1 5.07259E-1 4.61522E-1 3.95954E-1 4.97598E-1 4.85493E-1 4.01874E-1 3.54479E-1 3.42693E-1 3.31115E-1 2.56897E-1 2.48775E-1 2.42328E-1 1.8822E-1 1.97374E-1 2.15105E-1 2.30896E-1 2.24532E-1 2.72425E-1 2.88717E-1 2.63703E-1 3.09964E-1 2.72027E-1 2.62212E-1 2.19694E-1 2.49695E-1 2.84768E-1 2.57422E-1 2.97167E-1 3.64995E-1 3.89921E-1 4.21371E-1 3.81488E-1 3.82036E-1 4.1699E-1 3.21141E-1 3.23021E-1 3.33997E-1 2.47679E-1 3.44842E-1 2.89469E-1 2.54544E-1
