Phytophthora/models/20240430_1155_37/Phytophthora_PA3_RUN2_MAXENT_outputs/Phytophthora_PA3_RUN2.asc
ncols         225
nrows         269
xllcorner     473000.0
yllcorner     4429100.0
cellsize      50.0
NODATA_value  -9999
[rows 216 to 242 of 269, columns 120 to 179 of 225]
4.40705E-1 4.00401E-1 3.52696E-1 3.0765E-1 2.84704E-1 2.77484E-1 2.38649E-1 2.08152E-1 1.83264E-1 1.01634E-1 9.03036E-2 7.59669E-2 1.11087E-1 1.49288E-1 1.66415E-1 2.85216E-1 3.98139E-1 4.05999E-1 4.21817E-1 4.34562E-1 4.82385E-1 5.18801E-1 4.97933E-1 4.94801E-1 4.73384E-1 3.44734E-1 3.64528E-1 3.46263E-1 2.92758E-1 2.24718E-1 2.59347E-1 2.63087E-1 3.84768E-1 4.35891E-1 5.19382E-1 3.27884E-1 5.51629E-1 5.04002E-1 4.51482E-1 4.30091E-1 3.56069E-1 4.24288E-1 4.50572E-1 4.36631E-1 4.44491E-1 3.26334E-1 2.97617E-1 2.64059E-1 2.3202E-1 2.03956E-1 1.71314E-1 1.31544E-1 1.14289E-1 1.01847E-1 1.29401E-1 1.17355E-1 2.16194E-1 2.20513E-1 2.3685E-1 2.51499E-1
4.32705E-1 3.76298E-1 3.37707E-1 3.28576E-1 2.85973E-1 2.83609E-1 2.56854E-1 2.25563E-1 1.92364E-1 1.6684E-1 1.68959E-1 1.73418E-1 9.41128E-2 1.91313E-1 1.65896E-1 2.71124E-1 3.21925E-1 3.46684E-1 4.01084E-1 4.00401E-1 4.0581E-1 4.49914E-1 4.60545E-1 4.82705E-1 4.70078E-1 3.83996E-1 1.7755E-1 3.2468E-1 2.40831E-1 2.23025E-1 2.6774E-1 3.19274E-1 4.35774E-1 4.80729E-1 3.07156E-1 5.65269E-1 5.13804E-1 4.47998E-1 4.4134E-1 4.65158E-1 4.08061E-1 5.02344E-1 3.42634E-1 4.97244E-1 4.74279E-1 3.34012E-1 3.05834E-1 2.68984E-1 2.35384E-1 2.05537E-1 1.59761E-1 1.29406E-1 1.16378E-1 1.1022E-1 4.29954E-2 2.15826E-1 2.0796E-1 2.46019E-1 2.77715E-1 3.34165E-1
5.13016E-1 4.38674E-1 3.90694E-1 3.55254E-1 3.15564E-1 3.09521E-1 2.84875E-1 2.4418E-1 2.05518E-1 1.77794E-1 1.92717E-1 1.99661E-1 2.08252E-1 2.14078E-1 2.26658E-1 2.77253E-1 2.96478E-1 3.21787E-1 3.64501E-1 3.70305E-1 3.71531E-1 3.79092E-1 4.504E-1 4.72585E-1 4.51204E-1 3.75095E-1 3.71858E-1 2.93505E-1 2.64656E-1 2.443E-1 3.08373E-1 3.86774E-1 4.03952E-1 5.06015E-1 4.95734E-1 5.17576E-1 4.78558E-1 4.6911E-1 4.7795E-1 4.68257E-1 3.7778E-1 4.28432E-1 4.9671E-1 2.11106E-1 4.63481E-1 3.09064E-1 3.0321E-1 2.65487E-1 2.31646E-1 1.87177E-1 1.44968E-1 1.23625E-1 1.13609E-1 4.00322E-2 1.33311E-1 1.89867E-1 2.29354E-1 2.37142E-1 3.3071E-1 3.88192E-1
4.69855E-1 4.39999E-1 4.26011E-1 3.82672E-1 3.38456E-1 3.10866E-1 2.83644E-1 2.3359E-1 2.1246E-1 1.93328E-1 2.15708E-1 2.30508E-1 2.39553E-1 2.58215E-1 2.64073E-1 3.15094E-1 3.57797E-1 3.59846E-1 3.64665E-1 3.523E-1 3.39121E-1 3.61295E-1 4.27805E-1 4.30577E-1 4.0196E-1 3.44696E-1 3.47492E-1 2.98523E-1 1.03671E-1 2.30002E-1 3.48173E-1 4.51413E-1 4.91291E-1 4.53405E-1 4.36365E-1 4.89967E-1 5.12753E-1 5.24866E-1 5.32851E-1 5.15881E-1 3.6042E-1 4.04187E-1 4.6341E-1 5.45206E-1 4.97111E-1 3.23204E-1 2.92392E-1 2.54913E-1 2.21603E-1 1.57396E-1 1.23476E-1 9.25932E-2 1.15343E-1 9.47429E-2 1.23698E-1 2.07422E-1 2.32916E-1 3.4177E-1 3.73533E-1 4.44878E-1
4.66608E-1 4.49055E-1 4.24E-1 3.91178E-1 3.75433E-1 3.38863E-1 2.89139E-1 2.55845E-1 2.33022E-1 2.12111E-1 2.4742E-1 2.68924E-1 2.74016E-1 2.93864E-1 3.15255E-1 3.68755E-1 3.97171E-1 3.91776E-1 3.82555E-1 3.83979E-1 3.70015E-1 3.9863E-1 4.17685E-1 3.99511E-1 3.88865E-1 3.37954E-1 3.51348E-1 2.45288E-1 2.49715E-1 2.09718E-1 2.33058E-1 4.55743E-1 4.41477E-1 4.18712E-1 4.12383E-1 5.17997E-1 5.70383E-1 5.98783E-1 5.9678E-1 5.83944E-1 4.12527E-1 4.11572E-1 4.54986E-1 4.84226E-1 4.47035E-1 2.71063E-1 2.27817E-1 2.39083E-1 2.07741E-1 1.38827E-1 5.03769E-2 1.25595E-1 8.80093E-2 9.0872E-2 1.26438E-1 2.33709E-1 2.47554E-1 3.17076E-1 3.22308E-1 4.28958E-1
1.71193E-1 4.12017E-1 3.66354E-1 3.58953E-1 3.36703E-1 3.65642E-1 3.29696E-1 2.68862E-1 2.44655E-1 2.49229E-1 3.75452E-1 3.98376E-1 3.96803E-1 4.14854E-1 4.1334E-1 4.00666E-1 4.11193E-1 3.98757E-1 3.93348E-1 4.07175E-1 4.72378E-1 4.96251E-1 4.76673E-1 4.52817E-1 4.78854E-1 4.63653E-1 4.3808E-1 3.10354E-1 2.91926E-1 3.08809E-1 3.26981E-1 3.20952E-1 3.29731E-1 2.97618E-1 3.01878E-1 3.34911E-1 3.97776E-1 4.38661E-1 4.39441E-1 4.34634E-1 4.23602E-1 3.87722E-1 3.926E-1 3.97461E-1 3.70388E-1 2.22791E-1 1.73946E-1 1.34889E-1 2.1039E-1 1.51204E-1 1.27457E-1 1.26345E-1 1.58271E-1 1.77374E-1 1.95965E-1 2.8115E-1 3.35356E-1 3.79547E-1 3.91169E-1 4.58862E-1
4.20111E-1 4.10127E-1 4.10003E-1 3.80124E-1 3.76754E-1 4.12731E-1 3.71214E-1 3.08102E-1 2.67447E-1 2.80244E-1 4.11881E-1 4.42201E-1 4.37686E-1 4.51895E-1 4.48664E-1 4.36282E-1 4.27893E-1 4.22661E-1 4.34149E-1 4.29906E-1 5.49807E-1 5.47008E-1 5.26525E-1 5.29907E-1 5.6544E-1 4.97029E-1 4.1975E-1 3.09871E-1 2.98447E-1 3.09534E-1 3.08987E-1 2.84048E-1 2.96983E-1 2.66844E-1 3.07807E-1 3.24204E-1 3.59099E-1 3.85408E-1 4.03685E-1 4.01104E-1 4.17608E-1 3.77906E-1 3.50645E-1 2.89393E-1 2.98948E-1 1.89066E-1 1.36052E-1 1.33292E-1 5.07494E-2 1.3957E-1 1.80204E-1 1.83165E-1 2.0839E-1 2.37519E-1 2.53492E-1 3.25346E-1 3.86821E-1 4.24394E-1 4.38111E-1 4.62735E-1
3.77096E-1 3.88535E-1 4.18324E-1 4.27992E-1 4.25547E-1 4.66734E-1 3.92983E-1 3.20816E-1 2.95206E-1 2.9419E-1 4.20981E-1 4.91835E-1 4.64185E-1 4.83245E-1 4.76563E-1 4.60751E-1 4.45384E-1 4.58466E-1 4.9256E-1 4.9963E-1 6.22377E-1 6.10898E-1 5.98583E-1 6.25238E-1 6.3842E-1 4.57268E-1 3.99224E-1 3.36412E-1 3.03111E-1 2.92987E-1 2.92298E-1 2.65831E-1 2.62479E-1 2.60137E-1 2.82531E-1 2.89708E-1 3.16112E-1 3.48775E-1 3.7741E-1 2.92398E-1 4.58641E-1 4.30113E-1 3.92272E-1 3.41906E-1 3.19777E-1 2.09233E-1 1.78028E-1 1.44597E-1 1.40894E-1 1.004E-1 2.13488E-1 2.40504E-1 2.66094E-1 2.74994E-1 3.07064E-1 4.20492E-1 4.23824E-1 4.05892E-1 4.05341E-1 4.29985E-1
4.2282E-1 4.22597E-1 4.73862E-1 4.84224E-1 4.84857E-1 4.96275E-1 3.91513E-1 3.25353E-1 3.10718E-1 3.25641E-1 4.32752E-1 5.01835E-1 5.16204E-1 5.19873E-1 5.10622E-1 5.09333E-1 5.30837E-1 5.2386E-1 5.74474E-1 6.00411E-1 7.00604E-1 6.77427E-1 6.94894E-1 5.2975E-1 6.33089E-1 4.61552E-1 4.09893E-1 3.59801E-1 3.01765E-1 2.6931E-1 2.74247E-1 2.49599E-1 2.24378E-1 2.13258E-1 2.38976E-1 2.50598E-1 2.96464E-1 3.41252E-1 3.83564E-1 4.41942E-1 2.04171E-1 4.47985E-1 4.38232E-1 4.30375E-1 3.80229E-1 2.57259E-1 2.20819E-1 1.71699E-1 1.50312E-1 1.87757E-1 1.98093E-1 2.25089E-1 2.41599E-1 2.53842E-1 2.79906E-1 3.38642E-1 3.83077E-1 3.98337E-1 4.02983E-1 4.28582E-1
4.76843E-1 4.87567E-1 5.39535E-1 2.46459E-1 5.37461E-1 4.98042E-1 4.03122E-1 3.37266E-1 2.89261E-1 3.35312E-1 4.66654E-1 5.2263E-1 5.74573E-1 5.90583E-1 5.75933E-1 5.6068E-1 6.09066E-1 6.02338E-1 4.21654E-1 6.4678E-1 7.14038E-1 6.71998E-1 6.86088E-1 6.61152E-1 5.83172E-1 4.43899E-1 4.06051E-1 3.50123E-1 2.98038E-1 3.03522E-1 2.55161E-1 2.32142E-1 1.96154E-1 1.93199E-1 2.32867E-1 2.55889E-1 3.03618E-1 3.69345E-1 4.22967E-1 4.50007E-1 4.61449E-1 5.03118E-1 4.79287E-1 4.76111E-1 4.37664E-1 2.95665E-1 2.66231E-1 2.09036E-1 9.63909E-2 1.54313E-1 1.93618E-1 2.35679E-1 2.57389E-1 2.78314E-1 3.00827E-1 3.47446E-1 3.73535E-1 4.06325E-1 4.36166E-1 2.57122E-1
5.9376E-1 5.79159E-1 3.85039E-1 5.50462E-1 4.62489E-1 3.47466E-1 3.26464E-1 2.63796E-1 2.17202E-1 2.54206E-1 3.83289E-1 4.63829E-1 5.24354E-1 5.96931E-1 5.94071E-1 3.70737E-1 4.98853E-1 6.72596E-1 6.40913E-1 6.10337E-1 6.01518E-1 5.87884E-1 4.96964E-1 5.89232E-1 5.34973E-1 5.04163E-1 4.65318E-1 4.22468E-1 3.92923E-1 3.45259E-1 1.95559E-1 1.77063E-1 1.60042E-1 1.76069E-1 2.13249E-1 2.45057E-1 2.97956E-1 3.46288E-1 3.83529E-1 4.02567E-1 4.22861E-1 5.00954E-1 5.33061E-1 4.97658E-1 4.47377E-1 3.92928E-1 3.60697E-1 3.15051E-1 8.15134E-2 1.76285E-1 1.45187E-1 1.66339E-1 1.85061E-1 2.23505E-1 2.73064E-1 4.07752E-1 4.29903E-1 4.59583E-1 4.73195E-1 4.93909E-1
5.22057E-1 5.75209E-1 5.3648E-1 4.46597E-1 3.78089E-1 2.48077E-1 2.69025E-1 1.42077E-1 2.08421E-1 2.76444E-1 3.79605E-1 4.73015E-1 5.30771E-1 5.85436E-1 5.86222E-1 6.17336E-1 6.17941E-1 6.2765E-1 6.21174E-1 5.94912E-1 5.89817E-1 5.96261E-1 3.1698E-1 5.83468E-1 5.27362E-1 5.00726E-1 4.54195E-1 4.13561E-1 4.10018E-1 3.34301E-1 1.84829E-1 1.67055E-1 1.65852E-1 1.97501E-1 2.33359E-1 2.75662E-1 3.10342E-1 3.43486E-1 3.667E-1 3.24312E-1 4.12709E-1 4.52751E-1 5.25586E-1 5.28168E-1 4.14287E-1 3.2379E-1 3.40519E-1 3.15228E-1 2.36449E-1 1.83992E-1 1.58282E-1 1.80781E-1 2.26345E-1 2.49678E-1 2.98384E-1 4.47866E-1 4.56709E-1 5.03415E-1 5.07415E-1 4.47898E-1
4.87143E-1 4.76146E-1 4.55684E-1 4.25065E-1 3.56245E-1 2.38159E-1 2.40323E-1 1.48132E-1 1.83513E-1 2.43629E-1 3.96813E-1 4.65439E-1 5.13884E-1 5.46257E-1 5.28229E-1 5.72934E-1 5.81276E-1 5.93192E-1 6.05914E-1 6.2772E-1 6.35853E-1 6.24971E-1 3.56952E-1 5.82693E-1 5.36442E-1 5.27495E-1 4.81212E-1 4.30258E-1 3.9204E-1 3.18128E-1 1.7536E-1 1.74311E-1 1.92769E-1 2.41205E-1 2.81427E-1 3.20797E-1 3.41869E-1 3.65096E-1 4.01112E-1 4.22203E-1 4.17242E-1 4.45752E-1 5.03643E-1 4.96525E-1 4.41774E-1 3.11672E-1 2.99523E-1 3.24834E-1 2.92333E-1 2.47294E-1 2.15997E-1 2.36364E-1 2.70791E-1 2.84782E-1 3.3008E-1 4.76032E-1 4.86866E-1 3.01302E-1 5.05028E-1 4.67832E-1
4.10117E-1 4.33627E-1 3.58681E-1 3.79439E-1 3.3278E-1 2.48522E-1 2.0925E-1 1.85323E-1 1.7484E-1 2.17206E-1 3.69394E-1 4.45649E-1 4.86458E-1 5.13223E-1 4.79391E-1 4.90685E-1 5.3283E-1 5.66157E-1 6.44055E-1 6.59154E-1 5.84594E-1 4.48451E-1 6.55904E-1 5.87034E-1 5.77815E-1 5.70922E-1 5.04144E-1 4.32348E-1 3.9579E-1 3.08316E-1 1.87467E-1 1.96856E-1 2.07615E-1 2.71355E-1 3.06186E-1 3.33883E-1 3.56927E-1 3.83252E-1 3.34416E-1 4.08888E-1 4.47879E-1 4.39516E-1 4.64013E-1 4.61509E-1 4.3223E-1 3.60084E-1 3.42182E-1 2.17681E-1 3.0203E-1 2.70292E-1 2.43558E-1 2.9255E-1 3.30581E-1 3.32797E-1 3.50667E-1 4.93826E-1 5.36842E-1 5.4934E-1 4.94225E-1 4.58152E-1
3.81689E-1 4.25541E-1 2.84388E-1 3.0286E-1 2.99189E-1 2.21622E-1 1.86798E-1 1.6743E-1 1.60079E-1 2.06522E-1 3.28656E-1 4.1864E-1 4.54015E-1 4.57563E-1 4.04776E-1 4.59658E-1 5.17858E-1 5.86211E-1 6.53488E-1 5.88999E-1 6.72504E-1 6.35772E-1 6.24845E-1 6.01326E-1 5.68845E-1 4.99789E-1 4.86553E-1 4.25639E-1 3.92752E-1 3.06739E-1 1.98965E-1 2.08046E-1 2.35851E-1 2.82902E-1 3.04046E-1 3.40581E-1 3.74666E-1 1.68558E-1 4.36723E-1 4.45246E-1 5.19579E-1 4.65035E-1 4.72516E-1 4.57521E-1 4.71267E-1 4.21848E-1 4.105E-1 1.48648E-1 3.16428E-1 2.54183E-1 2.00541E-1 2.38248E-1 2.51033E-1 2.67627E-1 3.58065E-1 5.28535E-1 5.3022E-1 5.16317E-1 4.7645E-1 4.40991E-1
1.90905E-1 1.58246E-1 1.62284E-1 1.74241E-1 1.74216E-1 2.12392E-1 1.81351E-1 1.66879E-1 1.67312E-1 1.95239E-1 2.55091E-1 3.03379E-1 3.31567E-1 3.30378E-1 3.5042E-1 4.40902E-1 4.7832E-1 5.48775E-1 5.37912E-1 5.93624E-1 5.75354E-1 5.50563E-1 5.3792E-1 5.18094E-1 4.2908E-1 2.84603E-1 2.68459E-1 2.88421E-1 2.43238E-1 1.94173E-1 1.79835E-1 1.8944E-1 2.03027E-1 2.29862E-1 2.69058E-1 3.15417E-1 3.64359E-1 3.59669E-1 3.85798E-1 3.95852E-1 3.31913E-1 1.63374E-1 3.53848E-1 3.46027E-1 3.45332E-1 2.20309E-1 1.85509E-1 5.27659E-2 1.47861E-1 1.37865E-1 2.20707E-1 2.54981E-1 2.74848E-1 3.59693E-1 4.54961E-1 4.45821E-1 5.93535E-1 5.7314E-1 5.53781E-1 4.98931E-1
1.54888E-1 1.43783E-1 1.50659E-1 1.47781E-1 1.42716E-1 1.99166E-1 1.90525E-1 1.89632E-1 1.82479E-1 1.85334E-1 2.43255E-1 2.86525E-1 3.38598E-1 3.29562E-1 3.63796E-1 4.65713E-1 4.95247E-1 5.67725E-1 6.09063E-1 5.66523E-1 5.3081E-1 5.12084E-1 4.52365E-1 4.17575E-1 3.68387E-1 2.87571E-1 3.12536E-1 2.69931E-1 2.28112E-1 2.0024E-1 1.85449E-1 1.84728E-1 1.99734E-1 2.39238E-1 2.7869E-1 3.25085E-1 3.82939E-1 4.55731E-1 3.99169E-1 3.70563E-1 3.23101E-1 3.38352E-1 3.45261E-1 4.00609E-1 2.10856E-1 2.28373E-1 1.91322E-1 1.70509E-1 1.32293E-1 1.28163E-1 2.31178E-1 2.57503E-1 3.02111E-1 3.98651E-1 2.49027E-1 6.25443E-1 5.78729E-1 5.55217E-1 5.33315E-1 4.9531E-1
2.10185E-1 1.94895E-1 1.79817E-1 1.52045E-1 1.46451E-1 1.95612E-1 1.70308E-1 2.03667E-1 2.08663E-1 2.38736E-1 2.50345E-1 2.90227E-1 3.3275E-1 3.27407E-1 3.51434E-1 4.40929E-1 5.03282E-1 5.32818E-1 5.37825E-1 5.29296E-1 5.08789E-1 4.24431E-1 3.9512E-1 3.83808E-1 3.63842E-1 3.26144E-1 2.88927E-1 2.50595E-1 2.12702E-1 1.94289E-1 1.86744E-1 1.82653E-1 1.99591E-1 2.4769E-1 2.91807E-1 3.39791E-1 4.16943E-1 4.72112E-1 3.80281E-1 2.94846E-1 2.69476E-1 2.96271E-1 3.7497E-1 3.98484E-1 3.63567E-1 2.36149E-1 2.22063E-1 1.57369E-1 1.30134E-1 1.31694E-1 2.55168E-1 2.87615E-1 3.21396E-1 3.78513E-1 5.53109E-1 6.31905E-1 5.80501E-1 5.37224E-1 4.92933E-1 4.79454E-1
2.01955E-1 2.08494E-1 2.00291E-1 1.81957E-1 1.81502E-1 2.46024E-1 2.29835E-1 2.217E-1 2.3031E-1 2.66444E-1 2.86352E-1 2.89091E-1 3.24149E-1 3.30168E-1 3.55695E-1 4.47884E-1 4.77437E-1 4.8466E-1 4.90079E-1 3.90942E-1 4.87184E-1 4.59068E-1 4.27222E-1 3.9956E-1 3.71919E-1 2.95361E-1 2.62656E-1 2.35218E-1 2.30564E-1 2.22074E-1 1.92366E-1 1.80707E-1 2.06151E-1 2.62044E-1 3.07361E-1 3.64809E-1 4.70751E-1 4.89437E-1 3.66845E-1 3.05851E-1 2.86965E-1 3.27863E-1 1.84433E-1 3.77591E-1 8.77687E-2 1.81851E-1 1.29898E-1 1.2591E-1 1.28025E-1 1.51417E-1 3.02413E-1 3.3523E-1 3.21884E-1 3.54647E-1 3.97354E-1 6.54597E-1 6.03945E-1 5.48063E-1 5.14788E-1 4.70554E-1
2.05089E-1 2.43221E-1 2.31931E-1 2.12374E-1 2.13199E-1 2.90435E-1 2.70264E-1 2.51474E-1 2.42308E-1 2.78855E-1 3.22774E-1 3.24378E-1 2.84347E-1 3.02585E-1 3.26924E-1 4.21266E-1 4.16384E-1 4.34978E-1 4.40317E-1 1.50377E-1 4.58445E-1 4.35352E-1 4.07227E-1 3.7534E-1 3.35496E-1 2.64492E-1 2.6616E-1 2.66239E-1 2.60021E-1 2.29855E-1 1.83894E-1 1.77158E-1 1.98715E-1 2.50206E-1 2.95386E-1 3.72715E-1 4.23054E-1 2.67397E-1 3.88376E-1 3.23146E-1 3.26806E-1 3.47723E-1 1.74744E-1 3.5644E-1 1.56888E-1 1.71291E-1 1.58302E-1 1.24506E-1 1.12207E-1 1.20012E-1 2.4617E-1 2.59899E-1 3.11153E-1 3.45797E-1 4.78682E-1 6.4272E-1 5.9866E-1 5.2266E-1 4.90592E-1 4.5431E-1
3.26753E-1 3.76456E-1 3.6996E-1 3.29036E-1 3.15236E-1 3.39311E-1 3.28119E-1 3.13786E-1 2.87957E-1 3.18635E-1 4.10421E-1 4.10698E-1 3.74139E-1 3.35982E-1 3.50437E-1 4.20107E-1 4.27479E-1 4.41809E-1 4.63449E-1 4.12409E-1 5.62453E-1 5.43298E-1 5.17774E-1 4.87049E-1 4.25878E-1 3.06387E-1 3.15364E-1 3.17728E-1 3.12261E-1 2.30654E-1 1.59902E-1 1.63243E-1 1.60891E-1 1.98736E-1 2.40916E-1 3.35329E-1 3.79848E-1 3.85141E-1 3.78325E-1 3.8892E-1 4.27107E-1 4.6311E-1 4.41785E-1 4.02925E-1 1.45794E-1 9.39367E-2 1.34041E-1 1.10774E-1 9.76424E-2 1.17842E-1 3.62862E-1 4.21952E-1 4.56282E-1 4.79824E-1 5.09401E-1 7.29926E-1 7.12003E-1 6.4857E-1 6.01666E-1 5.48159E-1
3.78912E-1 4.11532E-1 4.26269E-1 3.76256E-1 3.71341E-1 3.87766E-1 3.79782E-1 3.68067E-1 3.40085E-1 3.63481E-1 4.5214E-1 4.52371E-1 4.17287E-1 3.68155E-1 3.34527E-1 3.90301E-1 3.96104E-1 4.14196E-1 4.15463E-1 3.65798E-1 5.30404E-1 5.14111E-1 4.91104E-1 4.32932E-1 4.38738E-1 3.37383E-1 3.50208E-1 3.56295E-1 3.5819E-1 2.77999E-1 2.00572E-1 1.89733E-1 1.84319E-1 2.4926E-1 2.84498E-1 3.45334E-1 3.08634E-1 3.34115E-1 1.31505E-1 2.3238E-1 4.54971E-1 4.39588E-1 3.86993E-1 3.92898E-1 3.64961E-1 1.77298E-1 1.41476E-1 1.24178E-1 1.02647E-1 1.43629E-1 4.42564E-1 4.84565E-1 4.7112E-1 5.02457E-1 4.20271E-1 7.57248E-1 7.19116E-1 6.61641E-1 6.18461E-1 5.60471E-1
4.25772E-1 4.62272E-1 4.21684E-1 2.19379E-1 1.70137E-1 2.41035E-1 4.28122E-1 4.12609E-1 3.8792E-1 4.18734E-1 4.91724E-1 4.93416E-1 4.49225E-1 4.11218E-1 3.79324E-1 4.11796E-1 3.75862E-1 3.91375E-1 3.98206E-1 2.56819E-1 4.88184E-1 4.74771E-1 4.25544E-1 4.50757E-1 4.85221E-1 3.67434E-1 3.86921E-1 4.03857E-1 4.08698E-1 3.22459E-1 2.27778E-1 2.10028E-1 2.35856E-1 2.88768E-1 3.25282E-1 3.75348E-1 3.1724E-1 3.66827E-1 3.91086E-1 3.96055E-1 4.73589E-1 4.52007E-1 3.96737E-1 3.69217E-1 3.28299E-1 8.16259E-2 1.16629E-1 1.12259E-1 1.07837E-1 1.81087E-1 5.14969E-1 5.61489E-1 5.86248E-1 5.68874E-1 6.58317E-1 7.91053E-1 7.46079E-1 7.05287E-1 6.60367E-1 5.70071E-1
4.78061E-1 4.48568E-1 4.03717E-1 3.93829E-1 3.65226E-1 3.73708E-1 4.17788E-1 3.48184E-1 3.83597E-1 4.87832E-1 5.26305E-1 5.30962E-1 4.83702E-1 4.46647E-1 4.26999E-1 4.55141E-1 4.2795E-1 3.90192E-1 3.6965E-1 3.29146E-1 4.47923E-1 4.18649E-1 4.2167E-1 4.67711E-1 5.08092E-1 3.9511E-1 4.2643E-1 4.49225E-1 4.62334E-1 3.68163E-1 2.60411E-1 2.53065E-1 3.0367E-1 3.42735E-1 3.86676E-1 2.65127E-1 3.57124E-1 2.14514E-1 3.68684E-1 3.75382E-1 4.61289E-1 4.3039E-1 3.88814E-1 3.40028E-1 1.257E-1 1.03921E-1 1.01951E-1 1.12874E-1 1.20912E-1 2.03007E-1 5.68903E-1 6.07751E-1 5.5827E-1 6.19851E-1 6.16557E-1 7.83134E-1 7.64223E-1 7.12798E-1 6.66721E-1 5.55097E-1
4.33406E-1 3.45129E-1 3.07967E-1 3.21563E-1 3.10111E-1 3.61524E-1 4.31298E-1 4.38075E-1 4.04879E-1 4.83486E-1 4.18111E-1 5.69135E-1 5.00079E-1 4.74073E-1 4.55099E-1 4.86758E-1 4.50974E-1 4.10325E-1 3.7469E-1 3.305E-1 4.0879E-1 3.95101E-1 4.42091E-1 4.82164E-1 5.21894E-1 4.1279E-1 4.53885E-1 4.87301E-1 4.73746E-1 3.96434E-1 2.76756E-1 3.17292E-1 1.35119E-1 3.55868E-1 3.24191E-1 3.45576E-1 3.59531E-1 3.68369E-1 3.36327E-1 3.45015E-1 4.05236E-1 3.94921E-1 3.61111E-1 2.63435E-1 2.39705E-1 1.13013E-1 1.11177E-1 1.29935E-1 1.50649E-1 2.2895E-1 5.69451E-1 5.91862E-1 3.40824E-1 6.36471E-1 2.4847E-1 7.66289E-1 7.36025E-1 7.03333E-1 6.68247E-1 5.74396E-1
4.15228E-1 3.95846E-1 3.75198E-1 4.2372E-1 4.36E-1 4.75092E-1 4.66217E-1 5.0237E-1 5.04022E-1 5.31648E-1 7.01123E-1 7.3137E-1 7.16198E-1 6.59429E-1 6.0637E-1 5.56368E-1 5.36905E-1 4.93916E-1 4.74645E-1 3.98446E-1 2.35616E-1 2.44948E-1 2.86674E-1 3.37917E-1 3.79571E-1 4.20345E-1 4.66353E-1 4.89019E-1 4.89452E-1 3.50602E-1 3.05941E-1 4.72098E-1 4.24769E-1 3.65912E-1 3.54413E-1 3.64246E-1 4.03068E-1 3.6626E-1 3.80135E-1 3.52157E-1 3.01078E-1 2.92687E-1 2.78537E-1 1.40193E-1 2.16018E-1 1.61849E-1 1.74843E-1 2.04806E-1 2.3535E-1 2.63926E-1 2.49669E-1 2.62819E-1 1.00178E-1 2.254E-1 2.83261E-1 6.07825E-1 6.68933E-1 6.44548E-1 6.2036E-1 6.07827E-1
3.81773E-1 4.08457E-1 4.29751E-1 4.47832E-1 4.74821E-1 4.65049E-1 5.20194E-1 4.89669E-1 5.00583E-1 5.13647E-1 6.82798E-1 6.76527E-1 6.58402E-1 6.21784E-1 5.88156E-1 5.29743E-1 5.06314E-1 4.83586E-1 4.53162E-1 3.99779E-1 1.43404E-1 2.46576E-1 2.914E-1 3.29966E-1 3.73949E-1 4.18001E-1 4.51901E-1 4.29492E-1 4.56611E-1 4.94488E-1 4.25167E-1 4.44626E-1 4.37168E-1 4.13218E-1 3.78241E-1 3.51389E-1 3.90653E-1 4.26809E-1 3.8058E-1 3.33555E-1 2.51803E-1 2.51221E-1 2.3944E-1 1.01106E-1 2.12374E-1 1.37496E-1 1.75735E-1 2.10783E-1 2.24366E-1 2.39592E-1 2.52871E-1 9.3196E-2 2.51552E-1 1.95591E-1 2.54354E-1 6.15171E-1 6.26868E-1 6.32316E-1 6.00916E-1 5.91315E-1
