Phytophthora/models/20240430_1155_37/Phytophthora_PA3_RUN2_MAXENT_outputs/Phytophthora_PA3_RUN2.asc
ncols         225
nrows         269
xllcorner     473000.0
yllcorner     4429100.0
cellsize      50.0
NODATA_value  -9999
[rows 216 to 242 of 269, columns 60 to 119 of 225]
3.9201E-1 3.10317E-1 2.70178E-1 2.35568E-1 2.99064E-1 3.72249E-1 3.53657E-1 3.40857E-1 3.48297E-1 2.96517E-1 2.5209E-1 2.69028E-1 2.88467E-1 3.02786E-1 2.23289E-1 2.87385E-1 4.29839E-1 3.19459E-1 4.66327E-1 4.95782E-1 6.09249E-1 6.05083E-1 6.87653E-1 7.40571E-1 7.68701E-1 8.18031E-1 7.70778E-1 7.28864E-1 7.383E-1 6.70925E-1 8.30261E-1 7.79766E-1 7.33568E-1 6.96496E-1 7.53464E-1 4.53352E-1 4.71147E-1 5.15272E-1 5.77248E-1 6.44297E-1 6.61156E-1 7.01786E-1 7.12777E-1 6.66598E-1 6.34856E-1 6.14405E-1 6.12096E-1 6.62715E-1 7.60343E-1 7.53704E-1 6.58103E-1 6.3744E-1 5.96146E-1 5.61906E-1 5.02587E-1 4.61789E-1 4.84922E-1 4.94153E-1 4.72951E-1 4.49914E-1
2.44641E-1 2.18809E-1 2.42795E-1 2.68501E-1 3.02849E-1 3.39688E-1 3.2225E-1 3.35627E-1 3.45305E-1 2.94776E-1 2.78299E-1 2.92954E-1 2.74706E-1 2.37811E-1 2.42953E-1 3.1321E-1 4.35008E-1 3.22208E-1 4.80944E-1 5.15692E-1 6.34533E-1 6.91737E-1 7.17111E-1 7.68687E-1 8.34446E-1 6.40539E-1 7.90526E-1 7.49211E-1 6.15204E-1 7.84025E-1 8.30362E-1 8.11856E-1 7.84754E-1 7.55035E-1 7.25326E-1 4.9575E-1 4.67953E-1 5.36424E-1 6.12181E-1 6.58311E-1 6.67316E-1 6.76521E-1 7.15116E-1 7.01E-1 6.64391E-1 6.54102E-1 6.81126E-1 7.01602E-1 4.65843E-1 7.35774E-1 6.61012E-1 5.98974E-1 5.76561E-1 5.54829E-1 4.80808E-1 4.31029E-1 4.88849E-1 5.60042E-1 5.55083E-1 4.78578E-1
2.64748E-1 2.81849E-1 2.74297E-1 2.61261E-1 2.79875E-1 1.41166E-1 3.00891E-1 3.13719E-1 3.77071E-1 3.55741E-1 3.39938E-1 3.39062E-1 2.86678E-1 2.00941E-1 2.32136E-1 3.24163E-1 3.51631E-1 1.48805E-1 3.40121E-1 3.9852E-1 6.4053E-1 6.89644E-1 7.17886E-1 7.77941E-1 7.99103E-1 7.95624E-1 7.89427E-1 6.90541E-1 7.94853E-1 7.96136E-1 8.51931E-1 8.30574E-1 8.07377E-1 7.80515E-1 7.04013E-1 5.13745E-1 5.22752E-1 5.35406E-1 5.63842E-1 6.09893E-1 6.18629E-1 6.93368E-1 7.19187E-1 5.03617E-1 7.19597E-1 7.12742E-1 7.48538E-1 7.40881E-1 4.04922E-1 3.93587E-1 6.78447E-1 6.26582E-1 6.21813E-1 6.06001E-1 5.33781E-1 4.76722E-1 5.24723E-1 5.63437E-1 5.56364E-1 5.53746E-1
2.5251E-1 2.49458E-1 2.37514E-1 2.34975E-1 2.30863E-1 2.8663E-1 2.77906E-1 3.04248E-1 4.08407E-1 4.38391E-1 3.93597E-1 3.41757E-1 3.34171E-1 3.43226E-1 3.62433E-1 4.19336E-1 4.09981E-1 4.14666E-1 4.9204E-1 4.37149E-1 5.48404E-1 6.70489E-1 7.30643E-1 7.51793E-1 7.67501E-1 7.59267E-1 7.41778E-1 8.18405E-1 8.12825E-1 7.58889E-1 8.6704E-1 8.41486E-1 8.29756E-1 7.91878E-1 7.15696E-1 4.82977E-1 4.85785E-1 5.13934E-1 5.29765E-1 5.78336E-1 5.4813E-1 6.87553E-1 6.73529E-1 7.05305E-1 7.35999E-1 4.79629E-1 7.48021E-1 7.11599E-1 6.63099E-1 4.0365E-1 5.28487E-1 6.46957E-1 6.79109E-1 6.39723E-1 5.76889E-1 4.99625E-1 5.53123E-1 3.91184E-1 4.75076E-1 5.08926E-1
2.34198E-1 2.44924E-1 2.31422E-1 2.21335E-1 2.22406E-1 2.58802E-1 2.91782E-1 3.49141E-1 4.30502E-1 4.72174E-1 4.5641E-1 4.04131E-1 3.93718E-1 3.9918E-1 4.24161E-1 4.89661E-1 4.79977E-1 1.77812E-1 3.9943E-1 4.31834E-1 5.33935E-1 5.86408E-1 7.00426E-1 7.15328E-1 7.30421E-1 7.62435E-1 6.76422E-1 7.52387E-1 7.34E-1 7.77808E-1 8.62166E-1 8.4909E-1 8.29854E-1 7.92679E-1 7.15414E-1 4.70199E-1 4.52425E-1 4.96292E-1 5.38647E-1 5.68104E-1 5.43955E-1 6.58795E-1 6.29267E-1 6.53883E-1 6.79806E-1 6.90018E-1 6.74926E-1 6.43043E-1 6.21015E-1 3.53305E-1 6.76741E-1 6.69363E-1 6.81422E-1 3.24904E-1 5.68597E-1 5.23063E-1 5.20612E-1 5.04267E-1 4.7932E-1 2.13531E-1
1.66957E-1 1.6909E-1 1.65324E-1 1.65263E-1 1.37983E-1 2.68157E-1 3.22461E-1 3.80181E-1 4.21844E-1 5.18864E-1 6.19842E-1 5.73325E-1 5.60982E-1 5.63811E-1 5.84551E-1 6.10811E-1 5.91492E-1 5.34318E-1 5.30275E-1 5.24906E-1 4.74331E-1 5.16638E-1 5.80575E-1 6.41001E-1 4.18002E-1 8.32319E-1 7.91978E-1 8.39804E-1 8.46049E-1 6.84884E-1 8.56673E-1 8.41449E-1 8.05049E-1 7.51115E-1 6.88019E-1 5.29293E-1 4.93976E-1 5.49595E-1 5.90419E-1 5.84469E-1 3.6826E-1 5.37691E-1 4.83764E-1 4.90813E-1 5.19839E-1 5.60286E-1 5.36476E-1 4.96989E-1 4.40343E-1 4.78093E-1 5.87089E-1 6.23257E-1 5.67334E-1 5.65633E-1 5.74362E-1 2.37109E-1 2.17505E-1 4.97963E-1 4.54917E-1 4.87162E-1
1.35423E-1 1.46824E-1 1.31003E-1 8.14927E-2 9.96362E-2 7.79073E-2 3.07677E-1 3.40633E-1 4.06938E-1 5.33048E-1 6.49714E-1 6.35001E-1 6.10948E-1 6.23226E-1 6.32934E-1 6.53879E-1 6.34718E-1 6.15992E-1 5.99954E-1 5.80533E-1 4.9772E-1 4.82305E-1 4.87172E-1 1.40795E-1 5.30653E-1 7.38295E-1 7.31196E-1 7.38386E-1 6.66681E-1 8.39836E-1 7.5295E-1 7.46982E-1 7.03484E-1 6.60536E-1 6.5295E-1 5.27258E-1 5.02866E-1 5.46645E-1 4.60077E-1 3.62438E-1 3.84306E-1 2.92267E-1 4.83233E-1 3.06553E-1 3.93878E-1 4.61319E-1 4.51645E-1 4.34696E-1 4.29484E-1 5.10285E-1 3.30465E-1 3.07025E-1 5.37761E-1 5.04764E-1 5.24999E-1 5.16403E-1 5.20537E-1 4.72039E-1 4.41704E-1 4.51438E-1
3.8552E-2 1.21305E-1 8.58284E-2 8.42105E-2 1.04386E-1 1.62604E-1 1.56007E-1 1.05699E-1 1.24299E-1 1.8993E-1 3.23493E-1 3.42121E-1 6.44208E-1 6.5551E-1 4.92753E-1 6.89046E-1 6.96151E-1 6.87556E-1 6.73476E-1 6.46944E-1 5.54265E-1 4.84878E-1 4.42301E-1 4.58282E-1 4.84732E-1 7.07102E-1 7.78675E-1 6.29716E-1 6.62241E-1 6.88084E-1 7.83904E-1 7.02138E-1 6.87879E-1 6.85443E-1 6.21616E-1 3.9576E-1 3.73224E-1 4.20696E-1 4.36811E-1 3.67522E-1 2.98221E-1 4.57768E-1 2.15494E-1 3.63333E-1 4.12454E-1 2.52288E-1 3.20197E-1 1.34185E-1 5.08531E-1 2.31021E-1 5.57595E-1 5.76928E-1 5.81624E-1 5.31734E-1 5.56003E-1 5.34999E-1 5.1875E-1 4.83995E-1 4.61695E-1 4.20267E-1
8.85623E-2 1.09206E-1 6.12596E-2 7.68852E-2 1.04855E-1 2.01074E-1 2.69854E-1 4.28857E-1 3.51266E-1 3.23921E-1 4.60976E-1 4.95262E-1 6.88636E-1 6.57437E-1 5.23952E-1 6.58434E-1 7.29341E-1 7.42771E-1 4.82561E-1 6.98229E-1 6.05448E-1 5.48772E-1 4.92519E-1 4.58056E-1 4.95686E-1 7.36912E-1 7.50984E-1 7.57074E-1 7.59624E-1 7.57109E-1 7.19498E-1 7.06296E-1 6.85688E-1 6.62419E-1 5.98412E-1 3.91927E-1 2.46783E-1 2.7081E-1 3.19318E-1 3.28053E-1 2.6883E-1 2.39503E-1 3.0698E-1 3.06435E-1 2.77963E-1 2.23893E-1 2.8406E-1 3.26838E-1 3.43576E-1 3.0965E-1 4.52495E-1 2.1444E-1 5.97002E-1 5.52126E-1 5.66817E-1 5.30955E-1 5.31033E-1 4.21898E-1 5.03962E-1 4.72332E-1
1.09551E-1 5.80598E-2 6.71165E-2 7.53525E-2 9.84415E-2 2.00171E-1 2.24461E-1 4.35032E-1 4.35087E-1 3.30652E-1 5.1688E-1 6.11317E-1 6.94132E-1 7.23274E-1 6.59202E-1 6.76277E-1 5.87142E-1 7.65739E-1 7.68255E-1 5.11235E-1 6.3968E-1 5.94251E-1 5.38483E-1 4.87774E-1 4.80196E-1 7.16015E-1 7.32505E-1 7.41146E-1 7.3552E-1 7.30591E-1 7.03189E-1 6.92106E-1 6.60477E-1 6.59219E-1 5.71969E-1 3.97267E-1 2.53183E-1 2.80118E-1 3.35878E-1 3.31733E-1 2.48505E-1 2.67164E-1 3.11441E-1 3.04849E-1 2.80932E-1 3.18291E-1 2.66292E-1 2.92323E-1 3.48558E-1 4.0981E-1 4.13682E-1 3.81098E-1 6.23025E-1 3.13885E-1 4.87474E-1 5.67095E-1 5.10832E-1 5.44424E-1 5.55554E-1 4.13008E-1
1.09448E-1 6.05729E-2 6.61281E-2 6.98117E-2 8.47376E-2 1.59898E-1 1.86754E-1 2.49428E-1 3.74242E-1 4.4371E-1 6.55139E-1 7.0396E-1 7.51902E-1 4.2681E-1 6.62942E-1 8.26963E-1 8.19844E-1 7.16554E-1 8.32246E-1 8.18094E-1 5.67986E-1 6.9933E-1 6.50148E-1 5.601E-1 5.34714E-1 5.23196E-1 5.5754E-1 5.34189E-1 5.32711E-1 5.72967E-1 7.08889E-1 6.87441E-1 5.93338E-1 6.52039E-1 6.10008E-1 6.21887E-1 5.92394E-1 5.84707E-1 5.80515E-1 5.26866E-1 3.50088E-1 3.97769E-1 5.1895E-1 4.83824E-1 4.27462E-1 3.55125E-1 3.61883E-1 4.43665E-1 4.92447E-1 5.53885E-1 6.78771E-1 7.34989E-1 5.45783E-1 7.97996E-1 5.85818E-1 5.10441E-1 4.40154E-1 4.36158E-1 4.65045E-1 4.94503E-1
1.23305E-1 1.43435E-1 1.3072E-1 7.531E-2 1.14729E-1 2.1244E-1 2.96007E-1 3.51344E-1 4.21229E-1 4.91141E-1 7.09267E-1 7.51204E-1 7.90132E-1 7.00559E-1 7.54384E-1 8.31257E-1 8.34752E-1 6.80498E-1 8.24674E-1 7.62251E-1 4.29728E-1 7.00063E-1 6.50527E-1 3.47615E-1 5.48034E-1 5.32946E-1 5.06135E-1 4.71633E-1 4.82116E-1 5.41328E-1 6.97066E-1 6.7648E-1 6.53632E-1 6.07998E-1 5.91312E-1 6.05059E-1 5.78573E-1 5.86508E-1 6.13213E-1 5.95886E-1 4.22752E-1 4.23449E-1 4.99256E-1 4.70855E-1 4.53024E-1 3.64956E-1 4.27455E-1 4.93293E-1 5.43428E-1 6.04958E-1 7.21961E-1 4.80957E-1 5.59863E-1 7.3216E-1 6.2546E-1 3.81595E-1 3.34406E-1 3.08252E-1 3.03979E-1 5.03707E-1
1.36577E-1 1.52498E-1 1.53587E-1 1.52757E-1 1.87512E-1 3.02892E-1 3.4688E-1 4.18984E-1 4.72058E-1 5.59445E-1 7.32198E-1 7.91522E-1 8.26678E-1 8.26682E-1 7.43438E-1 7.96819E-1 8.07574E-1 8.17513E-1 6.76516E-1 7.50092E-1 7.21384E-1 6.95328E-1 6.40091E-1 3.44882E-1 5.63956E-1 5.51228E-1 5.29988E-1 4.83715E-1 4.43631E-1 5.11091E-1 4.67422E-1 6.28161E-1 5.95463E-1 5.67526E-1 5.56363E-1 5.74472E-1 5.64313E-1 5.70327E-1 5.84657E-1 5.56084E-1 3.94114E-1 3.90117E-1 4.13014E-1 4.6888E-1 4.61578E-1 3.71567E-1 4.40675E-1 5.13618E-1 5.65917E-1 6.2031E-1 7.35093E-1 7.94893E-1 7.39924E-1 6.73026E-1 5.49236E-1 3.5707E-1 3.42206E-1 3.32123E-1 3.11931E-1 3.69983E-1
1.33636E-1 1.74383E-1 1.87512E-1 1.88174E-1 2.27566E-1 3.53193E-1 3.64312E-1 3.74624E-1 4.41006E-1 5.35027E-1 7.31381E-1 7.56735E-1 8.24414E-1 8.40769E-1 7.79054E-1 7.91857E-1 7.71454E-1 7.95574E-1 7.95239E-1 5.56572E-1 6.19299E-1 5.85391E-1 6.44549E-1 6.03426E-1 5.882E-1 5.83824E-1 2.93853E-1 3.40489E-1 5.04568E-1 4.4633E-1 6.3873E-1 5.72501E-1 5.5807E-1 5.42255E-1 5.27738E-1 5.48305E-1 5.63131E-1 5.64251E-1 5.65211E-1 5.35806E-1 3.70196E-1 3.7315E-1 4.21871E-1 4.09017E-1 4.67079E-1 3.70249E-1 4.35148E-1 5.01289E-1 5.68428E-1 6.43824E-1 7.28147E-1 7.36634E-1 7.57383E-1 7.26959E-1 5.93854E-1 3.89724E-1 3.41341E-1 3.48104E-1 3.60028E-1 3.76946E-1
1.60646E-1 1.89943E-1 2.30166E-1 2.34386E-1 2.64748E-1 4.43909E-1 4.14228E-1 4.23036E-1 4.63268E-1 5.47678E-1 7.5117E-1 7.81217E-1 6.93503E-1 8.39152E-1 8.1278E-1 8.19786E-1 7.28357E-1 7.55076E-1 7.73797E-1 7.47339E-1 6.9635E-1 4.50697E-1 6.40126E-1 6.41141E-1 6.42881E-1 6.27716E-1 6.29906E-1 2.71149E-1 5.99515E-1 5.71892E-1 6.44645E-1 6.22102E-1 5.92479E-1 5.6774E-1 5.44482E-1 5.74538E-1 5.9532E-1 5.7166E-1 5.78262E-1 5.80528E-1 4.31255E-1 4.1214E-1 4.27126E-1 3.32225E-1 4.71056E-1 3.72603E-1 4.21639E-1 4.46723E-1 4.70252E-1 5.71935E-1 7.09228E-1 7.532E-1 7.65267E-1 7.32044E-1 6.18053E-1 4.03273E-1 3.57492E-1 3.40422E-1 3.49537E-1 3.53693E-1
3.95813E-1 4.5464E-1 5.15647E-1 5.67514E-1 5.44345E-1 6.63994E-1 6.82296E-1 6.63482E-1 6.69199E-1 6.95881E-1 7.18419E-1 7.7139E-1 7.83296E-1 7.4307E-1 7.43947E-1 7.18229E-1 6.01592E-1 6.27367E-1 6.36536E-1 6.207E-1 6.47926E-1 4.21244E-1 6.47602E-1 6.34079E-1 6.61603E-1 6.87932E-1 6.69719E-1 6.05563E-1 5.60353E-1 6.40201E-1 6.93196E-1 6.75333E-1 6.27241E-1 6.04077E-1 5.61234E-1 5.53746E-1 5.91721E-1 5.81437E-1 5.27907E-1 6.24657E-1 6.36847E-1 6.05384E-1 6.28032E-1 4.8972E-1 6.55841E-1 5.01597E-1 5.27333E-1 4.81272E-1 5.18213E-1 5.71323E-1 5.46321E-1 6.04994E-1 4.4227E-1 5.48442E-1 4.90269E-1 3.93206E-1 3.33103E-1 2.89944E-1 2.98555E-1 2.68979E-1
4.71082E-1 5.23042E-1 5.66183E-1 6.38406E-1 6.51552E-1 6.90395E-1 7.1982E-1 7.40501E-1 7.2234E-1 7.21539E-1 7.44804E-1 7.63973E-1 7.42382E-1 7.33936E-1 7.15266E-1 7.13363E-1 6.49736E-1 6.69777E-1 6.83553E-1 6.36264E-1 6.2175E-1 6.38915E-1 6.70701E-1 6.44745E-1 6.62523E-1 7.12161E-1 7.25004E-1 6.97127E-1 3.93986E-1 6.67785E-1 7.31695E-1 6.76387E-1 5.94762E-1 5.98996E-1 6.00375E-1 6.04134E-1 5.89404E-1 6.29871E-1 5.99953E-1 6.80809E-1 6.58984E-1 6.06074E-1 6.15424E-1 6.50626E-1 7.00736E-1 5.42545E-1 5.067E-1 5.61208E-1 5.03922E-1 5.70264E-1 2.9272E-1 6.12439E-1 3.42666E-1 6.14439E-1 5.23525E-1 3.47206E-1 3.21901E-1 2.95946E-1 2.88244E-1 2.50661E-1
4.55687E-1 5.28247E-1 5.90996E-1 6.27214E-1 7.05885E-1 7.37053E-1 7.39221E-1 7.57676E-1 7.86976E-1 7.45332E-1 7.1326E-1 6.90459E-1 6.87203E-1 6.78393E-1 7.07531E-1 7.44906E-1 6.98115E-1 7.04448E-1 7.21201E-1 6.23659E-1 6.26909E-1 6.38051E-1 4.48693E-1 6.77265E-1 6.90393E-1 7.05677E-1 7.1398E-1 7.10134E-1 6.90206E-1 6.85961E-1 7.08787E-1 6.84228E-1 6.6026E-1 6.38186E-1 6.23355E-1 6.63438E-1 6.23443E-1 6.20964E-1 6.69735E-1 6.96461E-1 6.51676E-1 6.58161E-1 6.76058E-1 7.16426E-1 7.54869E-1 5.90775E-1 5.84684E-1 5.7665E-1 5.54206E-1 5.62287E-1 4.40286E-1 4.4609E-1 6.36242E-1 5.92833E-1 5.04134E-1 3.47937E-1 3.49626E-1 3.53168E-1 3.57722E-1 3.20755E-1
4.80263E-1 5.32225E-1 5.94815E-1 6.69614E-1 7.29515E-1 8.05052E-1 7.90863E-1 7.7659E-1 6.8529E-1 7.56318E-1 6.9008E-1 6.89145E-1 7.13526E-1 7.18043E-1 7.47511E-1 7.30316E-1 7.63306E-1 7.29014E-1 7.25847E-1 6.50027E-1 6.65592E-1 6.77171E-1 4.80414E-1 7.13071E-1 7.19301E-1 6.87818E-1 6.34645E-1 7.07292E-1 7.1614E-1 6.48182E-1 7.53244E-1 7.27468E-1 7.01296E-1 6.83538E-1 6.72922E-1 6.97375E-1 6.7937E-1 6.39934E-1 6.8578E-1 7.06657E-1 6.71682E-1 6.89971E-1 7.05283E-1 7.5057E-1 7.94899E-1 6.34923E-1 6.29566E-1 6.25028E-1 6.21198E-1 6.26607E-1 5.20401E-1 4.63152E-1 2.92268E-1 4.77441E-1 4.1368E-1 2.96252E-1 3.22054E-1 3.31212E-1 3.20176E-1 2.90352E-1
4.6831E-1 5.19352E-1 5.60686E-1 6.23113E-1 7.19501E-1 7.84537E-1 7.95866E-1 7.60301E-1 7.33878E-1 6.53689E-1 6.1707E-1 6.21998E-1 4.63653E-1 6.46474E-1 5.66033E-1 6.97468E-1 7.13248E-1 7.20776E-1 6.55889E-1 6.25291E-1 6.89501E-1 7.09067E-1 7.3333E-1 7.69072E-1 7.4672E-1 7.32614E-1 7.11739E-1 6.62145E-1 6.73096E-1 4.8525E-1 7.73865E-1 7.49717E-1 7.35518E-1 7.13872E-1 6.98588E-1 7.07169E-1 7.0929E-1 6.89971E-1 6.98031E-1 6.89128E-1 6.89475E-1 7.06658E-1 7.23738E-1 7.65024E-1 7.80414E-1 6.58256E-1 6.68869E-1 6.67325E-1 6.60642E-1 6.44134E-1 5.44153E-1 5.10319E-1 5.75896E-1 4.99796E-1 4.15863E-1 3.22701E-1 3.45791E-1 3.41257E-1 3.17744E-1 2.841E-1
4.92572E-1 5.67563E-1 6.01247E-1 6.45547E-1 7.02331E-1 7.39547E-1 7.26965E-1 5.44883E-1 6.02342E-1 5.22308E-1 5.22518E-1 5.89553E-1 5.91754E-1 6.43098E-1 5.00023E-1 6.89046E-1 5.46902E-1 6.98535E-1 6.83178E-1 6.60655E-1 7.48941E-1 7.72331E-1 7.02643E-1 8.09023E-1 8.33591E-1 7.80934E-1 7.55517E-1 7.32603E-1 6.98007E-1 6.66275E-1 7.49182E-1 7.64408E-1 7.57516E-1 7.23752E-1 7.10094E-1 6.9488E-1 6.87157E-1 6.77509E-1 6.68962E-1 6.5014E-1 6.52352E-1 6.75105E-1 6.98822E-1 7.47074E-1 7.26194E-1 6.91057E-1 7.09906E-1 6.99454E-1 6.77261E-1 6.35593E-1 5.34556E-1 5.63675E-1 5.95663E-1 5.56218E-1 4.85591E-1 3.74026E-1 4.0427E-1 3.61487E-1 3.56829E-1 3.58734E-1
4.9112E-1 5.4392E-1 5.75377E-1 5.45503E-1 5.24108E-1 3.68014E-1 6.0457E-1 5.33977E-1 3.60755E-1 4.32067E-1 4.07189E-1 5.70804E-1 6.04145E-1 6.04861E-1 4.8892E-1 3.80301E-1 5.84093E-1 7.03379E-1 6.95136E-1 6.43954E-1 7.44883E-1 7.77739E-1 6.97881E-1 8.03711E-1 5.54115E-1 8.28654E-1 7.85103E-1 7.56171E-1 7.33888E-1 6.65902E-1 4.25224E-1 7.76945E-1 7.67046E-1 7.37723E-1 7.3177E-1 7.36875E-1 7.06392E-1 6.78906E-1 6.82489E-1 6.53489E-1 6.558E-1 7.1607E-1 7.48354E-1 7.78448E-1 7.78715E-1 7.21505E-1 7.29897E-1 7.30422E-1 6.98782E-1 6.31247E-1 5.04871E-1 5.30088E-1 6.36641E-1 3.45614E-1 5.58507E-1 4.31421E-1 3.6512E-1 4.21439E-1 3.10544E-1 4.18112E-1
4.94335E-1 5.16543E-1 2.53042E-1 5.10277E-1 4.47298E-1 4.31451E-1 4.09697E-1 3.84228E-1 4.01043E-1 5.11176E-1 5.43655E-1 5.72242E-1 5.68752E-1 5.74844E-1 6.20999E-1 6.87846E-1 7.07506E-1 7.0519E-1 6.95788E-1 6.2229E-1 7.52478E-1 7.81101E-1 5.77648E-1 7.91297E-1 7.93146E-1 7.99455E-1 8.27728E-1 7.83126E-1 7.68862E-1 7.61954E-1 7.60899E-1 7.80261E-1 7.94392E-1 7.68022E-1 7.50871E-1 7.57431E-1 7.28686E-1 6.69545E-1 6.91706E-1 6.5486E-1 6.52002E-1 7.31921E-1 7.48266E-1 7.79953E-1 7.89034E-1 7.18969E-1 7.18139E-1 4.28787E-1 7.29586E-1 6.44711E-1 2.28371E-1 5.23504E-2 3.79155E-1 6.3449E-1 5.35823E-1 4.54813E-1 4.23121E-1 4.24444E-1 4.07769E-1 4.28854E-1
4.24032E-1 4.86081E-1 3.94995E-1 3.77314E-1 5.06748E-1 3.6473E-1 3.80513E-1 3.63593E-1 3.51482E-1 3.65584E-1 3.578E-1 4.27391E-1 5.64726E-1 5.88259E-1 6.17026E-1 7.02479E-1 4.40892E-1 6.98232E-1 5.20259E-1 4.40089E-1 7.4121E-1 7.70101E-1 8.03263E-1 7.71159E-1 7.56734E-1 7.69771E-1 4.70167E-1 5.93629E-1 8.01069E-1 7.91889E-1 8.19048E-1 7.67486E-1 8.03891E-1 7.80251E-1 7.60202E-1 7.63761E-1 7.53362E-1 7.04369E-1 6.36589E-1 6.64634E-1 7.11853E-1 7.46717E-1 6.2066E-1 6.11158E-1 7.92493E-1 7.12589E-1 7.26342E-1 7.56715E-1 7.40298E-1 6.61687E-1 3.90077E-1 5.36657E-1 5.55745E-1 4.31772E-1 4.28691E-1 4.33057E-1 4.48498E-1 4.66326E-1 2.16798E-1 5.11131E-1
5.79659E-1 5.81387E-1 4.80379E-1 4.45661E-1 4.68547E-1 4.4144E-1 4.60032E-1 4.29121E-1 4.45812E-1 4.78928E-1 4.56337E-1 4.62204E-1 5.27257E-1 6.12986E-1 5.84747E-1 3.79783E-1 6.04533E-1 5.85667E-1 5.57929E-1 5.79854E-1 6.91224E-1 6.03867E-1 6.56491E-1 7.42204E-1 7.3076E-1 7.87446E-1 6.84645E-1 8.01904E-1 6.58124E-1 7.89606E-1 8.73688E-1 7.07835E-1 8.21749E-1 7.95351E-1 7.70112E-1 7.57079E-1 7.4876E-1 7.33932E-1 6.64786E-1 6.62265E-1 4.49156E-1 6.92445E-1 7.28597E-1 7.25395E-1 7.63982E-1 7.35463E-1 7.27352E-1 7.49198E-1 7.54756E-1 7.29614E-1 6.25015E-1 5.43055E-1 4.57481E-1 4.91947E-1 4.64201E-1 3.16878E-1 2.91992E-1 2.92412E-1 3.72026E-1 4.349E-1
6.11926E-1 7.28571E-1 7.45742E-1 6.3763E-1 5.88308E-1 3.97618E-1 3.90894E-1 3.70921E-1 3.66335E-1 3.9082E-1 4.31313E-1 4.58257E-1 4.97345E-1 5.36645E-1 5.35081E-1 6.85592E-1 7.05215E-1 6.14554E-1 6.12474E-1 6.56253E-1 6.66865E-1 6.63392E-1 3.71856E-1 -9999 3.24885E-1 4.16786E-1 5.98132E-1 7.268E-1 7.56731E-1 7.39459E-1 6.31563E-1 4.27524E-1 5.21085E-1 4.69347E-1 4.52028E-1 4.95151E-1 4.80268E-1 4.62103E-1 4.12764E-1 3.20933E-1 6.4588E-1 6.01082E-1 6.07174E-1 6.69831E-1 6.43576E-1 7.27685E-1 7.45812E-1 6.79614E-1 6.91534E-1 4.17047E-1 6.21824E-1 6.05631E-1 5.45924E-1 5.33788E-1 5.46251E-1 4.22849E-1 3.96893E-1 3.63145E-1 4.24894E-1 4.83422E-1
7.07986E-1 6.67839E-1 7.42126E-1 7.07575E-1 6.20193E-1 4.12593E-1 4.0224E-1 3.78628E-1 3.57624E-1 3.85639E-1 4.30909E-1 4.11679E-1 3.37991E-1 4.95597E-1 5.1213E-1 6.09687E-1 6.57007E-1 7.46692E-1 6.9214E-1 7.27958E-1 7.22323E-1 7.03307E-1 6.59637E-1 5.31473E-1 5.20242E-1 5.77934E-1 5.2644E-1 7.67182E-1 7.50594E-1 7.09345E-1 5.79966E-1 5.5787E-1 4.61233E-1 4.33954E-1 4.56144E-1 4.8456E-1 4.5443E-1 4.51098E-1 2.64914E-1 5.20588E-1 5.82554E-1 6.25396E-1 6.5994E-1 6.9805E-1 7.15489E-1 6.69805E-1 6.15153E-1 7.01668E-1 6.75853E-1 6.91476E-1 6.04214E-1 5.21388E-1 4.86941E-1 4.65909E-1 4.66121E-1 3.99798E-1 3.73928E-1 3.61328E-1 5.01837E-1 4.704E-1
