Phytophthora/models/20240430_1155_37/Phytophthora_PA3_RUN4_MAXENT_outputs/Phytophthora_PA3_RUN4.asc
ncols         225
nrows         269
xllcorner     473000.0
yllcorner     4429100.0
cellsize      50.0
NODATA_value  -9999
[rows 135 to 161 of 269, columns 0 to 59 of 225]
-9999 -9999 -9999 -9999 -9999 -9999 -9999 -9999 -9999 -9999 3.12567E-1 4.67245E-1 3.90963E-1 4.74991E-1 4.79687E-1 5.27986E-1 4.74542E-1 4.66668E-1 3.65832E-1 4.38472E-1 4.41823E-1 5.43938E-1 5.8808E-1 5.69119E-1 5.12345E-1 3.82407E-1 3.88238E-1 3.97157E-1 3.59175E-1 1.97995E-1 2.01371E-1 3.71166E-1 3.00472E-1 1.20521E-1 1.41606E-1 8.0172E-2 1.74351E-1 2.44036E-1 3.09511E-1 3.76737E-1 3.92947E-1 4.0392E-1 3.62247E-1 3.69273E-1 3.86654E-1 3.09082E-1 3.19732E-1 3.24562E-1 3.08539E-1 1.93617E-1 3.84006E-1 3.94349E-1 3.15391E-1 2.13152E-1 1.67996E-1 1.87681E-1 1.67208E-1 1.68554E-1 2.39423E-1 2.85491E-1
-9999 -9999 -9999 -9999 -9999 -9999 -9999 -9999 -9999 -9999 2.76175E-1 6.0725E-1 4.75636E-1 5.75089E-1 5.23477E-1 5.71617E-1 4.80723E-1 4.91506E-1 4.94455E-1 4.81509E-1 5.50299E-1 6.56938E-1 6.57417E-1 6.25269E-1 5.20077E-1 3.2282E-1 3.1067E-1 2.89134E-1 3.07395E-1 3.15982E-1 2.50464E-1 2.41303E-1 -9999 -9999 1.26449E-1 1.52857E-1 1.82499E-1 2.14523E-1 3.12201E-1 2.86667E-1 4.1878E-1 4.1011E-1 4.38659E-1 5.21224E-1 4.83942E-1 3.88708E-1 3.79649E-1 2.671E-1 1.65192E-1 2.50063E-1 4.39321E-1 4.17167E-1 4.12702E-1 3.20701E-1 2.50449E-1 1.86346E-1 1.62233E-1 1.75728E-1 2.29024E-1 1.63746E-1
-9999 -9999 -9999 -9999 -9999 -9999 -9999 -9999 -9999 -9999 4.31386E-1 5.11504E-1 4.75061E-1 4.76091E-1 5.02913E-1 5.02282E-1 4.33307E-1 4.09466E-1 4.83502E-1 5.37032E-1 6.95023E-1 7.20697E-1 7.21229E-1 6.4985E-1 5.71561E-1 3.28059E-1 2.88851E-1 2.86412E-1 3.08614E-1 3.25945E-1 2.83618E-1 3.09298E-1 -9999 2.11883E-1 2.09891E-1 2.2347E-1 2.59428E-1 2.90466E-1 3.23222E-1 2.31993E-1 4.17641E-1 4.31847E-1 5.4615E-1 4.41692E-1 4.6708E-1 2.795E-1 1.98515E-1 1.53839E-1 2.33087E-1 2.38907E-1 5.01869E-1 4.26766E-1 4.30784E-1 3.60772E-1 2.74314E-1 1.99721E-1 1.82951E-1 1.88006E-1 2.28001E-1 3.64013E-1
-9999 -9999 -9999 -9999 -9999 -9999 -9999 -9999 -9999 -9999 3.0858E-1 3.87306E-1 4.18281E-1 4.58639E-1 4.24244E-1 4.93758E-1 3.84489E-1 5.20646E-1 3.4281E-1 4.98522E-1 6.01684E-1 6.79143E-1 5.2886E-1 6.23256E-1 6.40915E-1 4.01214E-1 3.53655E-1 3.30077E-1 3.4016E-1 3.52044E-1 3.14633E-1 2.74987E-1 2.79092E-1 2.96366E-1 2.73448E-1 3.05729E-1 3.4195E-1 2.61443E-1 3.73794E-1 3.93267E-1 3.21958E-1 5.15795E-1 4.61163E-1 4.89854E-1 3.63731E-1 2.66396E-1 2.58515E-1 2.20191E-1 2.15023E-1 2.28268E-1 5.02054E-1 4.54841E-1 4.03217E-1 3.72042E-1 2.93972E-1 2.32781E-1 2.02201E-1 2.00764E-1 2.39045E-1 3.09186E-1
-9999 -9999 -9999 -9999 -9999 -9999 -9999 -9999 -9999 -9999 3.2552E-1 3.72798E-1 4.14828E-1 4.57319E-1 4.90426E-1 4.78286E-1 3.60166E-1 4.60008E-1 4.76965E-1 4.89865E-1 5.09124E-1 6.53669E-1 6.51171E-1 6.93459E-1 6.25102E-1 3.59457E-1 3.78631E-1 4.0178E-1 2.35427E-1 3.2818E-1 2.29977E-1 3.30008E-1 2.61508E-1 3.29033E-1 2.95722E-1 3.35986E-1 2.44631E-1 3.20736E-1 4.18705E-1 3.27396E-1 3.91695E-1 5.43995E-1 5.37264E-1 4.23327E-1 3.36891E-1 2.3161E-1 2.06205E-1 1.90101E-1 1.85727E-1 2.39168E-1 4.77324E-1 4.38407E-1 4.60898E-1 4.12204E-1 3.43418E-1 2.66061E-1 2.34504E-1 2.31596E-1 2.82257E-1 3.49212E-1
-9999 -9999 -9999 -9999 -9999 -9999 -9999 -9999 -9999 -9999 2.81186E-1 3.34936E-1 3.96712E-1 4.39292E-1 4.66629E-1 4.68305E-1 4.60247E-1 4.76517E-1 3.52354E-1 5.57589E-1 6.38726E-1 6.53132E-1 6.3204E-1 6.45173E-1 5.91379E-1 4.03238E-1 3.96639E-1 3.7141E-1 4.15422E-1 3.68353E-1 3.29935E-1 2.53228E-1 2.42477E-1 2.40217E-1 3.63411E-1 3.16806E-1 3.23397E-1 3.4213E-1 3.09668E-1 3.78795E-1 4.47683E-1 4.85279E-1 4.46675E-1 3.30736E-1 2.50898E-1 1.87591E-1 1.80927E-1 1.58693E-1 1.60478E-1 2.37445E-1 4.52929E-1 5.10313E-1 4.14765E-1 3.12947E-1 3.56214E-1 2.65537E-1 2.15276E-1 2.41894E-1 3.0427E-1 3.62974E-1
-9999 -9999 -9999 -9999 -9999 -9999 -9999 -9999 -9999 -9999 3.18817E-1 3.24045E-1 3.94587E-1 4.30364E-1 4.26406E-1 4.11339E-1 4.08177E-1 4.311E-1 5.78335E-1 6.1376E-1 6.01758E-1 6.22181E-1 6.18304E-1 5.8059E-1 5.55038E-1 5.1574E-1 5.30597E-1 5.29159E-1 4.798E-1 4.18832E-1 2.97464E-1 3.01123E-1 2.98653E-1 3.17927E-1 3.09741E-1 4.3049E-1 3.96689E-1 3.78608E-1 5.19931E-1 4.24135E-1 4.55109E-1 4.15869E-1 2.97131E-1 2.57674E-1 2.43989E-1 2.4698E-1 2.43039E-1 2.28012E-1 2.48196E-1 3.66497E-1 5.29711E-1 5.68618E-1 4.99433E-1 5.05307E-1 4.40417E-1 2.64235E-1 2.12543E-1 2.31809E-1 3.03207E-1 3.8414E-1
-9999 -9999 -9999 -9999 -9999 -9999 -9999 -9999 -9999 -9999 2.70044E-1 3.08953E-1 3.72978E-1 3.72916E-1 3.49908E-1 3.50679E-1 3.67599E-1 3.95041E-1 2.86414E-1 6.23824E-1 6.66893E-1 5.03453E-1 5.73862E-1 6.23582E-1 5.94742E-1 5.02565E-1 4.69949E-1 4.35797E-1 3.79371E-1 3.37201E-1 2.43803E-1 2.5029E-1 2.61174E-1 3.08799E-1 3.98282E-1 4.67895E-1 4.08486E-1 3.48735E-1 4.97714E-1 4.6616E-1 4.0424E-1 3.64664E-1 2.61161E-1 2.54406E-1 2.32222E-1 2.17617E-1 2.18013E-1 2.08335E-1 2.45137E-1 4.12459E-1 4.81765E-1 5.13978E-1 4.07703E-1 4.64766E-1 3.92076E-1 2.40104E-1 2.14813E-1 2.34684E-1 2.72652E-1 3.16994E-1
-9999 -9999 -9999 -9999 -9999 -9999 -9999 -9999 -9999 4.65587E-3 2.28705E-1 3.02421E-1 3.18687E-1 2.93145E-1 3.03168E-1 3.17149E-1 3.33821E-1 2.73792E-1 4.76198E-1 5.94539E-1 6.26319E-1 6.36618E-1 6.50989E-1 6.00908E-1 6.66441E-1 5.82726E-1 4.93015E-1 4.12348E-1 3.48748E-1 2.92626E-1 2.3002E-1 2.21545E-1 2.47158E-1 3.13037E-1 4.33315E-1 3.65923E-1 4.08989E-1 4.33338E-1 4.70599E-1 4.33663E-1 3.65228E-1 3.57502E-1 3.05732E-1 2.98784E-1 2.65393E-1 2.71192E-1 2.78321E-1 2.68914E-1 3.24145E-1 3.79006E-1 4.35033E-1 4.0646E-1 4.30082E-1 4.32002E-1 3.45886E-1 2.25293E-1 2.15316E-1 2.43871E-1 2.77333E-1 3.18354E-1
-9999 -9999 -9999 -9999 -9999 -9999 -9999 -9999 -9999 3.59574E-3 2.142E-1 2.43494E-1 2.4855E-1 2.34862E-1 2.64882E-1 3.09487E-1 2.98176E-1 2.0841E-1 5.02903E-1 5.59435E-1 5.66595E-1 5.96803E-1 6.27245E-1 6.96759E-1 6.3539E-1 5.237E-1 4.49323E-1 3.70281E-1 3.63521E-1 2.99565E-1 2.05032E-1 1.99656E-1 2.42665E-1 3.11287E-1 3.87347E-1 4.18095E-1 3.44059E-1 4.3799E-1 4.66878E-1 4.07874E-1 3.45982E-1 3.36858E-1 3.35624E-1 3.23016E-1 3.19096E-1 3.26165E-1 3.48539E-1 3.64058E-1 3.38972E-1 3.47753E-1 3.9559E-1 3.44125E-1 4.05949E-1 3.93259E-1 3.22653E-1 2.2395E-1 2.30134E-1 2.38045E-1 2.60661E-1 3.22355E-1
-9999 -9999 -9999 -9999 -9999 -9999 -9999 -9999 -9999 3.24536E-3 1.82642E-1 1.81412E-1 1.97338E-1 1.99529E-1 2.35731E-1 2.84053E-1 2.88091E-1 3.59018E-1 5.29247E-1 5.13954E-1 5.42468E-1 5.57154E-1 5.56849E-1 5.6832E-1 5.58367E-1 3.94674E-1 4.33085E-1 3.90977E-1 4.1417E-1 3.5647E-1 2.55856E-1 2.19427E-1 2.62948E-1 3.16252E-1 3.62428E-1 4.21178E-1 3.41189E-1 4.3921E-1 4.35803E-1 3.80868E-1 3.50504E-1 3.74229E-1 3.80368E-1 3.59676E-1 3.95405E-1 4.22637E-1 4.5137E-1 4.10214E-1 3.67617E-1 3.84965E-1 3.84439E-1 3.85364E-1 4.84608E-1 5.1656E-1 4.12049E-1 2.77699E-1 2.50876E-1 2.40665E-1 2.77045E-1 3.31039E-1
-9999 -9999 -9999 -9999 -9999 -9999 -9999 -9999 1.17511E-1 1.42541E-1 1.52586E-1 1.42552E-1 2.18495E-1 2.56999E-1 2.24175E-1 1.62114E-1 1.36886E-1 4.56038E-1 4.13563E-1 4.2457E-1 4.2958E-1 4.31008E-1 3.94207E-1 3.67812E-1 4.01534E-1 4.40963E-1 2.79167E-1 4.39767E-1 4.68009E-1 4.16034E-1 3.60101E-1 3.04488E-1 3.68491E-1 3.7203E-1 3.90054E-1 3.5756E-1 4.36181E-1 4.64821E-1 4.13893E-1 3.68E-1 4.01705E-1 4.13696E-1 3.64474E-1 3.70473E-1 5.47679E-1 5.90547E-1 5.47514E-1 5.01851E-1 4.88001E-1 4.64309E-1 4.2634E-1 4.88185E-1 5.41847E-1 5.58571E-1 4.76353E-1 3.9583E-1 3.65809E-1 3.17645E-1 3.49662E-1 4.09726E-1
-9999 -9999 -9999 -9999 -9999 -9999 -9999 -9999 1.03341E-1 1.18496E-1 1.29925E-1 1.10865E-1 1.80983E-1 2.12347E-1 2.16224E-1 1.32727E-1 2.66629E-1 3.24854E-1 4.14641E-1 4.49759E-1 4.44133E-1 4.31103E-1 4.74071E-1 4.7774E-1 4.58819E-1 4.2683E-1 4.20927E-1 3.66E-1 4.98439E-1 4.53959E-1 4.13549E-1 4.00481E-1 4.26978E-1 3.98539E-1 3.6712E-1 4.49461E-1 4.44297E-1 4.32696E-1 3.785E-1 3.34657E-1 3.91061E-1 3.46234E-1 3.38062E-1 4.75182E-1 5.69368E-1 6.02875E-1 5.59155E-1 5.40117E-1 4.80748E-1 4.88951E-1 4.48137E-1 5.58869E-1 5.96172E-1 5.55801E-1 4.85998E-1 4.20931E-1 3.74621E-1 3.48207E-1 3.50785E-1 3.86922E-1
-9999 -9999 -9999 -9999 -9999 -9999 -9999 -9999 1.14949E-1 1.32157E-1 1.11554E-1 2.33874E-1 1.18556E-1 1.05678E-1 1.13099E-1 1.23543E-1 1.14846E-1 2.70259E-1 4.43764E-1 5.06312E-1 5.10885E-1 5.35812E-1 5.22964E-1 5.06339E-1 4.72314E-1 4.41366E-1 2.97116E-1 4.85617E-1 4.0114E-1 4.75684E-1 4.7835E-1 4.59904E-1 4.26936E-1 2.66593E-1 4.34328E-1 4.95434E-1 4.44242E-1 4.20861E-1 3.69195E-1 3.5327E-1 3.45563E-1 3.48262E-1 4.45114E-1 5.13545E-1 5.85733E-1 5.9619E-1 5.92798E-1 5.11349E-1 5.27428E-1 5.77241E-1 5.9367E-1 6.06753E-1 6.34833E-1 4.47424E-1 4.29994E-1 3.68048E-1 4.14098E-1 3.63084E-1 3.2675E-1 3.38765E-1
-9999 -9999 -9999 -9999 -9999 -9999 -9999 1.11125E-1 1.35205E-1 2.21711E-1 2.09098E-1 1.55866E-1 1.61195E-1 1.64789E-1 1.38003E-1 1.15903E-1 1.74219E-1 3.87489E-1 3.78541E-1 4.84456E-1 4.9843E-1 5.21216E-1 4.91245E-1 4.32433E-1 4.07406E-1 4.13624E-1 4.6101E-1 4.60159E-1 4.7549E-1 3.44572E-1 4.42225E-1 4.85521E-1 3.46536E-1 4.29315E-1 4.60546E-1 4.77718E-1 4.37108E-1 3.9652E-1 3.52592E-1 3.66363E-1 3.68869E-1 4.94394E-1 5.62292E-1 5.50093E-1 5.76376E-1 6.37947E-1 6.05526E-1 5.26663E-1 6.19548E-1 6.354E-1 6.14516E-1 5.79806E-1 5.71637E-1 5.04702E-1 4.82741E-1 4.0925E-1 3.95161E-1 3.50664E-1 3.16764E-1 3.18888E-1
-9999 -9999 -9999 -9999 -9999 -9999 -9999 9.45355E-2 1.39649E-1 1.66246E-1 1.70606E-1 2.23792E-1 2.79873E-1 2.77574E-1 2.67794E-1 2.42682E-1 2.87029E-1 3.23703E-1 3.73986E-1 4.37132E-1 4.22647E-1 4.11297E-1 3.69143E-1 3.89752E-1 3.80352E-1 3.90734E-1 4.28556E-1 5.08109E-1 3.41388E-1 5.19216E-1 4.96272E-1 4.43869E-1 4.3064E-1 4.57207E-1 4.36737E-1 4.48453E-1 4.08985E-1 3.67668E-1 3.59176E-1 3.92424E-1 4.40513E-1 4.93405E-1 5.6072E-1 4.99418E-1 5.49774E-1 3.98252E-1 4.64088E-1 4.97362E-1 6.07788E-1 4.86372E-1 4.82902E-1 6.15831E-1 5.93215E-1 4.74788E-1 4.28019E-1 3.66899E-1 3.6273E-1 3.49606E-1 3.13815E-1 3.33671E-1
-9999 -9999 -9999 -9999 -9999 -9999 -9999 9.83622E-2 2.45494E-1 3.1748E-1 3.50121E-1 4.30375E-1 4.63303E-1 4.61189E-1 4.47089E-1 3.69358E-1 3.57231E-1 4.70861E-1 4.03104E-1 4.34892E-1 4.48802E-1 4.5301E-1 4.314E-1 4.40115E-1 4.29302E-1 4.29285E-1 4.92141E-1 5.53207E-1 5.97295E-1 5.7281E-1 5.91227E-1 5.67949E-1 5.79173E-1 5.38101E-1 4.79156E-1 4.74369E-1 4.31951E-1 4.39008E-1 4.63143E-1 5.1128E-1 6.2611E-1 6.4992E-1 6.60168E-1 5.22598E-1 6.52094E-1 7.07255E-1 7.45126E-1 7.57857E-1 7.6556E-1 7.43794E-1 6.44671E-1 6.53873E-1 5.79402E-1 4.88498E-1 4.30562E-1 3.94389E-1 3.92759E-1 3.74697E-1 3.41198E-1 3.9416E-1
-9999 -9999 -9999 -9999 -9999 -9999 1.61827E-1 2.1927E-1 3.01198E-1 4.13607E-1 4.63397E-1 5.08802E-1 5.37301E-1 5.51061E-1 5.41153E-1 4.54919E-1 4.39458E-1 5.63955E-1 4.82299E-1 4.41942E-1 4.23088E-1 4.31527E-1 4.21157E-1 4.0665E-1 4.02414E-1 4.11997E-1 4.72574E-1 5.22939E-1 5.86469E-1 6.05901E-1 6.0355E-1 5.33065E-1 5.8707E-1 5.31724E-1 4.29008E-1 4.34815E-1 3.79587E-1 4.04362E-1 5.16869E-1 5.59856E-1 6.35371E-1 6.07908E-1 5.13728E-1 6.37285E-1 6.61402E-1 6.91817E-1 7.29869E-1 7.47529E-1 7.72769E-1 7.1934E-1 6.7576E-1 6.25976E-1 5.66328E-1 4.90509E-1 3.74271E-1 3.68875E-1 3.54771E-1 3.36516E-1 3.5421E-1 2.12623E-1
-9999 -9999 -9999 -9999 -9999 -9999 9.73813E-2 3.09213E-1 3.66583E-1 4.63164E-1 5.02355E-1 5.42701E-1 5.97253E-1 6.1057E-1 5.88402E-1 5.21541E-1 5.58558E-1 6.28502E-1 4.76053E-1 4.46273E-1 4.12584E-1 4.02481E-1 3.87598E-1 3.74888E-1 3.56428E-1 3.59527E-1 4.30391E-1 4.3579E-1 5.20393E-1 6.08319E-1 6.08298E-1 5.48026E-1 5.97728E-1 5.03502E-1 4.16141E-1 4.54309E-1 4.24413E-1 4.5598E-1 5.15998E-1 5.37064E-1 6.18531E-1 5.46457E-1 6.41342E-1 6.41506E-1 6.78401E-1 7.40844E-1 7.68071E-1 7.56742E-1 6.81768E-1 7.13593E-1 6.64483E-1 5.508E-1 5.50246E-1 4.90546E-1 3.34979E-1 3.70252E-1 3.0584E-1 2.82361E-1 3.25491E-1 3.28379E-1
-9999 -9999 -9999 -9999 -9999 -9999 -9999 3.59535E-1 4.45943E-1 5.4794E-1 5.41411E-1 5.97863E-1 6.47236E-1 6.72026E-1 6.8078E-1 6.26324E-1 6.67167E-1 6.52043E-1 5.47175E-1 5.34331E-1 5.14597E-1 4.74654E-1 3.80934E-1 2.76431E-1 3.09775E-1 2.92202E-1 4.0652E-1 4.39093E-1 5.18473E-1 5.80428E-1 5.9587E-1 5.51778E-1 6.02518E-1 4.99764E-1 4.77552E-1 4.91397E-1 4.32853E-1 4.79035E-1 5.03507E-1 5.55452E-1 5.98577E-1 6.31776E-1 6.38185E-1 6.40076E-1 7.02316E-1 7.11746E-1 7.20479E-1 7.78775E-1 7.6308E-1 6.41557E-1 5.97854E-1 5.65472E-1 5.25334E-1 2.43531E-1 3.85095E-1 3.65059E-1 3.32511E-1 2.89537E-1 3.29412E-1 3.49123E-1
-9999 -9999 -9999 -9999 -9999 -9999 -9999 3.30994E-1 5.28837E-1 5.88831E-1 5.61719E-1 6.00961E-1 6.4917E-1 6.96297E-1 6.39654E-1 6.34471E-1 6.77323E-1 6.69323E-1 5.94603E-1 6.06226E-1 5.41095E-1 4.48479E-1 3.05527E-1 2.5074E-1 2.47217E-1 2.62044E-1 3.4399E-1 4.4169E-1 5.01075E-1 5.33615E-1 5.39737E-1 5.59246E-1 5.77453E-1 5.19765E-1 5.19302E-1 3.75941E-1 4.28103E-1 4.86869E-1 5.15258E-1 3.70394E-1 6.81509E-1 6.56748E-1 6.14475E-1 6.32195E-1 6.90465E-1 7.55348E-1 7.51169E-1 7.41499E-1 6.90022E-1 5.9164E-1 5.10013E-1 4.72541E-1 4.34824E-1 4.41887E-1 3.22685E-1 3.9958E-1 3.46429E-1 3.18868E-1 4.61688E-1 4.9367E-1
-9999 -9999 -9999 -9999 -9999 -9999 -9999 -9999 2.59098E-1 5.64326E-1 4.95167E-1 5.15168E-1 5.64773E-1 6.2247E-1 7.07857E-1 8.26528E-1 8.28229E-1 7.5274E-1 8.05461E-1 7.63196E-1 5.85978E-1 4.64511E-1 3.5431E-1 3.10922E-1 3.21298E-1 3.10264E-1 3.88041E-1 4.6586E-1 5.26642E-1 5.68525E-1 6.31953E-1 6.76786E-1 6.62949E-1 6.46573E-1 5.63056E-1 5.0697E-1 5.44984E-1 6.13795E-1 5.48601E-1 6.6461E-1 6.74013E-1 6.28808E-1 5.72569E-1 5.94173E-1 6.26455E-1 5.71939E-1 6.31824E-1 5.81425E-1 5.37816E-1 5.22348E-1 5.53199E-1 5.22373E-1 5.11449E-1 5.24235E-1 2.93677E-1 4.78719E-1 3.64899E-1 3.55824E-1 4.16367E-1 5.71625E-1
-9999 -9999 -9999 -9999 -9999 -9999 -9999 -9999 3.05597E-1 4.68821E-1 3.52307E-1 4.52741E-1 5.31332E-1 5.95803E-1 7.00254E-1 7.94785E-1 7.89335E-1 8.23209E-1 8.04608E-1 7.43838E-1 5.44572E-1 4.47141E-1 3.62953E-1 3.5251E-1 3.80751E-1 3.596E-1 4.13644E-1 4.73473E-1 5.48582E-1 5.97495E-1 6.20031E-1 6.63272E-1 6.35874E-1 5.90657E-1 4.11507E-1 5.01029E-1 5.59328E-1 6.53342E-1 6.30741E-1 6.76485E-1 6.36508E-1 5.9457E-1 5.44465E-1 4.79283E-1 5.40367E-1 4.99729E-1 5.78666E-1 5.66851E-1 5.08414E-1 4.79726E-1 5.07148E-1 5.04961E-1 5.54477E-1 5.29613E-1 5.95891E-1 5.25389E-1 3.97281E-1 2.29849E-1 5.69073E-1 5.03171E-1
-9999 -9999 -9999 -9999 -9999 -9999 -9999 -9999 1.41107E-1 3.12418E-1 3.25545E-1 4.11387E-1 4.84221E-1 5.85888E-1 6.54377E-1 7.66349E-1 7.75454E-1 7.94406E-1 7.73056E-1 6.93787E-1 5.10408E-1 4.53623E-1 3.70448E-1 4.05104E-1 4.40591E-1 4.2099E-1 4.74147E-1 5.24647E-1 5.90168E-1 6.38534E-1 6.41381E-1 5.87636E-1 6.54741E-1 4.63527E-1 4.13891E-1 5.38425E-1 6.65595E-1 6.59635E-1 7.02428E-1 6.73598E-1 6.34494E-1 5.72452E-1 5.07284E-1 4.29984E-1 4.74341E-1 4.36668E-1 5.10587E-1 5.12455E-1 5.08328E-1 5.16542E-1 5.68215E-1 5.34012E-1 6.43694E-1 6.34478E-1 6.51688E-1 3.76691E-1 4.39935E-1 5.15497E-1 4.53003E-1 4.00089E-1
-9999 -9999 -9999 -9999 -9999 -9999 -9999 -9999 -9999 3.39121E-1 3.54818E-1 3.97475E-1 5.17227E-1 5.5674E-1 6.05227E-1 7.30079E-1 7.44987E-1 7.49415E-1 7.04323E-1 6.62741E-1 4.96546E-1 4.44251E-1 3.97377E-1 4.49107E-1 4.9373E-1 4.86037E-1 5.32282E-1 5.80147E-1 6.11401E-1 6.81927E-1 6.2327E-1 5.82742E-1 6.44003E-1 4.4614E-1 4.22272E-1 6.18466E-1 6.76959E-1 6.87599E-1 6.75114E-1 6.45606E-1 6.13781E-1 5.20977E-1 4.45805E-1 3.70391E-1 3.88398E-1 3.48206E-1 4.04388E-1 4.4089E-1 4.56209E-1 5.16271E-1 6.11068E-1 6.39396E-1 6.65874E-1 6.94764E-1 6.7984E-1 4.96151E-1 4.70256E-1 3.78965E-1 2.77954E-1 4.20687E-1
-9999 -9999 -9999 -9999 -9999 -9999 -9999 -9999 -9999 4.18836E-1 4.05484E-1 5.13219E-1 5.63906E-1 6.05268E-1 6.36214E-1 7.41834E-1 7.36561E-1 7.32352E-1 6.82876E-1 6.46479E-1 5.17726E-1 4.94467E-1 4.39387E-1 4.71737E-1 5.30897E-1 5.33214E-1 6.01419E-1 6.29413E-1 6.34665E-1 5.98137E-1 6.46605E-1 3.94057E-1 6.49653E-1 6.19623E-1 6.08353E-1 6.05968E-1 6.16259E-1 5.94572E-1 6.28163E-1 6.05267E-1 5.81231E-1 4.80904E-1 4.24195E-1 3.48798E-1 3.79196E-1 3.48016E-1 3.85897E-1 3.71923E-1 4.13088E-1 5.33258E-1 6.30207E-1 6.62983E-1 6.89274E-1 7.06529E-1 5.7357E-1 4.18492E-1 3.61089E-1 3.3776E-1 4.8127E-1 5.16655E-1
-9999 -9999 -9999 -9999 -9999 -9999 -9999 -9999 -9999 4.2857E-1 4.87314E-1 5.50283E-1 6.08072E-1 6.55003E-1 7.06918E-1 7.64201E-1 7.42157E-1 7.54453E-1 7.18955E-1 7.08171E-1 6.37932E-1 5.7821E-1 4.8277E-1 5.49299E-1 6.11955E-1 6.41777E-1 6.98217E-1 5.97405E-1 6.76398E-1 6.87051E-1 5.63968E-1 5.97978E-1 6.00772E-1 5.82505E-1 6.47549E-1 6.69044E-1 4.89731E-1 4.71136E-1 5.34967E-1 5.54759E-1 5.14836E-1 4.60199E-1 4.16667E-1 3.62782E-1 4.64093E-1 4.97302E-1 5.19787E-1 5.41094E-1 5.05261E-1 5.21012E-1 5.35886E-1 6.05191E-1 6.96399E-1 6.59696E-1 4.53933E-1 5.09806E-1 4.51639E-1 4.26773E-1 4.57871E-1 5.74298E-1
