Phytophthora/models/20240430_1155_37/Phytophthora_PA3_RUN4_MAXENT_outputs/Phytophthora_PA3_RUN4.asc
ncols         225
nrows         269
xllcorner     473000.0
yllcorner     4429100.0
cellsize      50.0
NODATA_value  -9999
[rows 54 to 80 of 269, columns 60 to 119 of 225]
2.28083E-2 1.20013E-2 2.96242E-2 2.99724E-2 3.96338E-2 6.73727E-2 8.8376E-2 9.02785E-2 1.2478E-1 1.24267E-1 8.32392E-2 7.44734E-2 1.20891E-1 1.73374E-1 1.53669E-1 1.17566E-1 1.01708E-1 7.8911E-2 8.2803E-2 1.02596E-1 1.3887E-1 1.60633E-1 1.82179E-1 1.31688E-1 1.59975E-1 -9999 -9999 -9999 -9999 -9999 -9999 -9999 -9999 -9999 -9999 -9999 -9999 -9999 -9999 -9999 -9999 -9999 -9999 -9999 -9999 -9999 -9999 -9999 -9999 -9999 -9999 -9999 -9999 -9999 -9999 -9999 -9999 -9999 -9999 -9999
2.38967E-2 2.37426E-2 2.96474E-2 1.93636E-2 4.12557E-2 8.20041E-2 9.12705E-2 8.67136E-2 1.04729E-1 8.3791E-2 8.48315E-2 1.06574E-1 1.62003E-1 1.51478E-1 2.20829E-1 1.41754E-1 1.11826E-1 9.00484E-2 7.54231E-2 9.02978E-2 1.40242E-1 1.88494E-1 1.75944E-1 9.1385E-2 1.64989E-1 2.71191E-1 -9999 -9999 -9999 -9999 3.99492E-1 -9999 -9999 -9999 -9999 -9999 -9999 -9999 -9999 -9999 -9999 -9999 -9999 -9999 -9999 -9999 -9999 -9999 -9999 -9999 -9999 -9999 -9999 -9999 -9999 -9999 -9999 -9999 -9999 -9999
1.14176E-2 1.50167E-2 2.08809E-2 2.39218E-2 2.78847E-2 6.13176E-2 6.73775E-2 7.79263E-2 5.99932E-2 5.98888E-2 7.56413E-2 6.76675E-2 1.11749E-1 1.22899E-1 5.20662E-2 8.55227E-2 8.64609E-2 6.55114E-2 5.60555E-2 6.36375E-2 8.1423E-2 7.78376E-2 6.41822E-2 5.91714E-2 8.91718E-2 1.29836E-1 1.22885E-1 9.62244E-2 9.61842E-2 3.76223E-2 2.53207E-1 2.20314E-1 -9999 -9999 -9999 -9999 -9999 -9999 -9999 -9999 -9999 -9999 -9999 -9999 -9999 -9999 -9999 -9999 -9999 -9999 -9999 -9999 -9999 -9999 -9999 -9999 -9999 -9999 -9999 -9999
1.36378E-2 1.62256E-2 1.8901E-2 2.89177E-2 3.78404E-2 7.68599E-2 6.09536E-2 4.00067E-2 5.41553E-2 5.26333E-2 5.34792E-2 4.9497E-2 2.97757E-2 1.89769E-2 6.38741E-2 4.28118E-2 9.27173E-2 7.59982E-2 7.0469E-2 7.50857E-2 7.46986E-2 5.06733E-2 5.71641E-2 -9999 7.22902E-2 1.21886E-1 1.19598E-1 9.06664E-2 9.34663E-2 3.1675E-2 1.91771E-1 2.3214E-1 -9999 -9999 -9999 -9999 -9999 -9999 -9999 -9999 -9999 -9999 -9999 -9999 -9999 -9999 -9999 -9999 -9999 -9999 -9999 -9999 -9999 -9999 -9999 -9999 -9999 -9999 -9999 -9999
1.23105E-2 1.41484E-2 1.36655E-2 2.04927E-2 3.52737E-2 7.8053E-2 7.7089E-2 4.76777E-2 5.43669E-2 5.79711E-2 5.48321E-2 4.59732E-2 2.42431E-2 1.85059E-2 3.9499E-2 3.15609E-2 6.7199E-2 1.03569E-1 8.77211E-2 9.95348E-2 8.56541E-2 4.75712E-2 4.94044E-2 7.22186E-2 6.74246E-2 1.53298E-1 1.24207E-1 9.99353E-2 9.40257E-2 6.22007E-2 1.36773E-1 2.4494E-1 2.95009E-1 -9999 -9999 -9999 -9999 -9999 -9999 -9999 -9999 -9999 -9999 -9999 -9999 -9999 -9999 -9999 -9999 -9999 -9999 -9999 -9999 -9999 -9999 -9999 -9999 -9999 -9999 -9999
1.41524E-2 1.39819E-2 1.20143E-2 1.59397E-2 2.33163E-2 6.52767E-2 8.43135E-2 6.6348E-2 5.44442E-2 4.32742E-2 4.73742E-2 4.96988E-2 4.69388E-2 4.12391E-2 4.85307E-2 5.94409E-2 8.28523E-2 7.88476E-2 1.22403E-1 1.13853E-1 9.80125E-2 4.94642E-2 4.18717E-2 5.27341E-2 7.57695E-2 1.53371E-1 1.34385E-1 1.10235E-1 9.08269E-2 6.05713E-2 1.11563E-1 2.37017E-1 2.91361E-1 -9999 -9999 -9999 -9999 -9999 -9999 -9999 -9999 -9999 -9999 -9999 -9999 -9999 -9999 -9999 -9999 -9999 -9999 -9999 -9999 -9999 -9999 -9999 -9999 -9999 -9999 -9999
1.35513E-2 1.51476E-2 1.40447E-2 1.74194E-2 2.09067E-2 6.10093E-2 7.75768E-2 5.86187E-2 5.4206E-2 5.78424E-2 3.92311E-2 6.32616E-2 6.12956E-2 5.31988E-2 5.33354E-2 5.55522E-2 6.12494E-2 8.93763E-2 5.74207E-2 8.89613E-2 1.11027E-1 5.59144E-2 4.28937E-2 5.23644E-2 8.12271E-2 1.44795E-1 1.40573E-1 1.24417E-1 1.08246E-1 7.96955E-2 9.71594E-2 1.89462E-1 2.61366E-1 -9999 -9999 -9999 -9999 -9999 -9999 -9999 -9999 -9999 -9999 -9999 -9999 -9999 -9999 -9999 -9999 -9999 -9999 -9999 -9999 -9999 -9999 -9999 -9999 -9999 -9999 -9999
7.4527E-3 8.22617E-3 9.90664E-3 1.20857E-2 1.2715E-2 1.75844E-2 1.91788E-2 1.73877E-2 1.54156E-2 2.12018E-2 5.33468E-2 4.46486E-2 5.46296E-2 6.90473E-2 6.38404E-2 6.59245E-2 6.55652E-2 7.48131E-2 7.64503E-2 4.9145E-2 8.14978E-2 5.72612E-2 4.45718E-2 5.09216E-2 7.13049E-2 6.93215E-2 6.39866E-2 5.45163E-2 5.17627E-2 5.70041E-2 1.14168E-1 1.87504E-1 2.3292E-1 1.87592E-1 -9999 -9999 -9999 -9999 -9999 -9999 -9999 -9999 -9999 -9999 -9999 -9999 -9999 -9999 -9999 -9999 -9999 -9999 -9999 -9999 -9999 -9999 -9999 -9999 -9999 -9999
8.14913E-3 8.728E-3 1.04739E-2 1.53668E-2 1.85981E-2 1.99792E-2 1.4656E-2 1.73101E-2 1.60941E-2 2.26372E-2 3.59894E-2 5.41384E-2 6.66956E-2 6.52274E-2 7.21559E-2 7.29852E-2 3.82285E-2 5.23369E-2 7.7376E-2 5.86872E-2 3.74707E-2 6.96617E-2 6.09479E-2 5.59664E-2 7.10791E-2 6.85831E-2 7.42723E-2 5.95246E-2 4.96948E-2 6.22407E-2 1.17435E-1 1.86844E-1 2.21075E-1 2.32965E-1 1.82983E-1 -9999 -9999 -9999 -9999 -9999 -9999 -9999 -9999 -9999 -9999 -9999 -9999 -9999 -9999 -9999 -9999 -9999 -9999 -9999 -9999 -9999 -9999 -9999 -9999 -9999
9.02842E-3 9.14272E-3 1.22438E-2 1.68024E-2 2.19541E-2 2.35248E-2 1.70901E-2 1.89955E-2 1.72121E-2 2.0808E-2 5.56658E-2 5.09215E-2 5.6107E-2 6.71794E-2 7.0158E-2 7.69387E-2 7.68106E-2 7.40846E-2 6.44637E-2 7.09652E-2 8.41049E-2 6.84703E-2 5.46366E-2 7.92992E-2 6.97693E-2 8.02727E-2 8.58961E-2 6.83287E-2 5.62523E-2 6.87895E-2 1.68087E-1 2.13214E-1 2.51259E-1 1.40706E-1 2.2743E-1 1.75363E-1 -9999 -9999 -9999 -9999 -9999 -9999 -9999 -9999 -9999 -9999 -9999 -9999 -9999 -9999 -9999 -9999 -9999 -9999 -9999 -9999 -9999 -9999 -9999 -9999
7.43091E-3 8.40503E-3 1.06341E-2 1.42153E-2 1.43745E-2 2.42429E-2 1.78733E-2 1.54139E-2 1.76123E-2 1.75034E-2 5.42095E-2 5.0848E-2 5.12707E-2 6.14477E-2 8.40183E-2 5.18663E-2 7.80298E-2 6.12567E-2 5.43678E-2 6.65679E-2 5.02782E-2 8.56472E-2 5.63166E-2 3.80379E-2 2.30218E-2 6.22783E-2 6.11751E-2 6.09254E-2 6.50367E-2 8.07493E-2 1.12873E-1 2.38419E-1 1.9063E-1 1.94895E-1 1.88612E-1 2.3417E-1 -9999 -9999 -9999 -9999 -9999 -9999 -9999 -9999 -9999 -9999 -9999 -9999 -9999 -9999 -9999 -9999 -9999 -9999 -9999 -9999 -9999 -9999 -9999 -9999
9.14484E-3 9.75458E-3 1.14513E-2 1.5741E-2 1.43931E-2 2.43982E-2 1.64817E-2 1.36412E-2 1.59091E-2 2.54603E-2 4.78626E-2 4.46392E-2 4.7788E-2 6.00119E-2 7.98496E-2 5.71748E-2 8.55331E-2 6.58946E-2 4.77968E-2 4.60205E-2 2.39497E-2 6.06281E-2 4.63237E-2 4.86347E-2 6.24217E-2 3.72215E-2 6.74853E-2 6.52344E-2 7.77899E-2 1.01262E-1 2.19015E-1 1.71178E-1 2.29876E-1 1.65743E-1 1.70873E-1 2.10789E-1 1.77376E-1 1.87338E-1 -9999 -9999 -9999 -9999 -9999 -9999 -9999 -9999 -9999 -9999 -9999 -9999 -9999 -9999 -9999 -9999 -9999 -9999 -9999 -9999 -9999 -9999
1.29171E-2 1.26711E-2 1.35907E-2 1.76606E-2 2.00165E-2 5.27723E-2 3.86161E-2 3.00271E-2 2.86486E-2 3.64763E-2 3.56229E-2 2.7083E-2 3.56821E-2 4.53973E-2 6.06255E-2 8.45546E-2 6.201E-2 6.80018E-2 4.43481E-2 3.30684E-2 7.20486E-3 2.63287E-2 3.05211E-2 3.21659E-2 3.87289E-2 5.18233E-2 2.60733E-2 4.89077E-2 5.92751E-2 3.76415E-2 1.34862E-1 5.98132E-2 1.5076E-1 1.20952E-1 1.67806E-1 1.81965E-1 1.42189E-1 1.65368E-1 1.26264E-1 1.56978E-1 -9999 -9999 -9999 -9999 -9999 -9999 -9999 -9999 -9999 -9999 -9999 -9999 -9999 -9999 -9999 -9999 -9999 -9999 -9999 -9999
1.22034E-2 1.8053E-2 1.80064E-2 1.93873E-2 1.9078E-2 5.57375E-2 5.69521E-2 4.49413E-2 3.74155E-2 4.17769E-2 4.47545E-2 3.45173E-2 3.75639E-2 5.22045E-2 6.61387E-2 8.31688E-2 7.32499E-2 8.56186E-2 6.63152E-2 2.77926E-2 1.25235E-2 3.0016E-2 3.40263E-2 3.70637E-2 4.50851E-2 3.51864E-2 5.56236E-2 5.34306E-2 4.38799E-2 7.57062E-2 1.51059E-1 1.48796E-1 6.80935E-2 1.3719E-1 1.73394E-1 9.4057E-2 7.15747E-2 1.37356E-1 1.3386E-1 1.50459E-1 1.47099E-1 1.18696E-1 1.78253E-1 -9999 -9999 -9999 -9999 -9999 -9999 -9999 -9999 -9999 -9999 -9999 -9999 -9999 -9999 -9999 -9999 -9999
1.23838E-2 1.49727E-2 1.46296E-2 1.79982E-2 2.35516E-2 5.24821E-2 5.45136E-2 4.02441E-2 5.12092E-2 5.71503E-2 5.75977E-2 4.73012E-2 4.17201E-2 5.88776E-2 5.52121E-2 7.90201E-2 4.36205E-2 6.38656E-2 5.38235E-2 2.48499E-2 2.01493E-2 4.48326E-2 4.21022E-2 4.2348E-2 2.35692E-2 5.75472E-2 5.28644E-2 5.20948E-2 4.09256E-2 6.96252E-2 9.07458E-2 7.03487E-2 5.7896E-2 2.23079E-2 1.72372E-1 9.17691E-2 1.45608E-1 1.47044E-1 1.41133E-1 1.39427E-1 1.1318E-1 1.07653E-1 1.57216E-1 1.95542E-1 1.52369E-1 -9999 -9999 -9999 -9999 -9999 -9999 -9999 -9999 -9999 -9999 -9999 -9999 -9999 -9999 -9999
1.22645E-2 1.29884E-2 1.35507E-2 1.44178E-2 2.46653E-2 4.76071E-2 5.10522E-2 6.11815E-2 5.34492E-2 5.78046E-2 4.9296E-2 4.70891E-2 5.59855E-2 6.65857E-2 4.2043E-2 7.50377E-2 5.14777E-2 3.94599E-2 3.40153E-2 4.01876E-2 1.19789E-2 5.9835E-2 2.62018E-2 3.03703E-2 4.64519E-2 4.97762E-2 4.58633E-2 5.12503E-2 5.28816E-2 7.26768E-2 8.49624E-2 6.48564E-2 7.86074E-2 1.67366E-1 1.51813E-1 1.49504E-1 1.24799E-1 1.23377E-1 1.14347E-1 1.04345E-1 7.70967E-2 8.1049E-2 1.12119E-1 1.48692E-1 1.98431E-1 -9999 -9999 -9999 -9999 -9999 -9999 -9999 -9999 -9999 -9999 -9999 -9999 -9999 -9999 -9999
1.2737E-2 1.54288E-2 1.68177E-2 2.0237E-2 2.21291E-2 4.94587E-2 4.40597E-2 5.25236E-2 5.98506E-2 6.37121E-2 7.29887E-2 7.33148E-2 6.04034E-2 7.08296E-2 7.04231E-2 7.02704E-2 4.73325E-2 3.71965E-2 2.98398E-2 3.16722E-2 2.00874E-2 6.79587E-2 7.04794E-2 5.24698E-2 4.04882E-2 5.37626E-2 4.72118E-2 4.24943E-2 5.52452E-2 6.87686E-2 1.08637E-1 9.40571E-2 9.27255E-2 1.01128E-1 7.48664E-2 6.50931E-2 7.24473E-2 9.30502E-2 1.02177E-1 8.30292E-2 6.34763E-2 6.98964E-2 9.27185E-2 1.25196E-1 2.16428E-1 -9999 -9999 -9999 -9999 -9999 -9999 -9999 -9999 -9999 -9999 -9999 -9999 -9999 -9999 -9999
1.14116E-2 6.60509E-3 1.74169E-2 2.00896E-2 2.12326E-2 5.10985E-2 4.41418E-2 4.44821E-2 4.99101E-2 5.32024E-2 6.15602E-2 6.85181E-2 7.4777E-2 6.62232E-2 6.09834E-2 6.11108E-2 4.21499E-2 3.5273E-2 2.83969E-2 2.73715E-2 3.0256E-2 5.96865E-2 5.64965E-2 3.98625E-2 4.73157E-2 4.9144E-2 4.56436E-2 4.29593E-2 4.38264E-2 6.93495E-2 1.15278E-1 1.21412E-1 1.10482E-1 7.08879E-2 8.0171E-2 9.66789E-2 -9999 7.18552E-2 7.24325E-2 6.89042E-2 6.17282E-2 7.69069E-2 8.45845E-2 1.23256E-1 2.12564E-1 -9999 -9999 -9999 -9999 -9999 -9999 -9999 -9999 -9999 -9999 -9999 -9999 -9999 -9999 -9999
1.16365E-2 1.15857E-2 1.70795E-2 1.93135E-2 2.64435E-2 5.01891E-2 4.39641E-2 4.23132E-2 4.81304E-2 5.41258E-2 5.55386E-2 5.74244E-2 6.20564E-2 6.94409E-2 5.92916E-2 5.89267E-2 3.99736E-2 3.66508E-2 3.38803E-2 3.52116E-2 3.59435E-2 4.96478E-2 4.80212E-2 3.61821E-2 3.85747E-2 4.22618E-2 4.77021E-2 4.37181E-2 4.34557E-2 6.59841E-2 1.07921E-1 1.28558E-1 1.03281E-1 8.09398E-2 1.00507E-1 5.82208E-2 3.68079E-2 8.08953E-2 6.29552E-2 8.92346E-2 7.46536E-2 1.29163E-1 1.71398E-1 1.95198E-1 2.08564E-1 2.65531E-1 -9999 -9999 -9999 -9999 -9999 -9999 -9999 -9999 -9999 -9999 -9999 -9999 -9999 -9999
1.5478E-2 1.51224E-2 1.32191E-2 1.17219E-2 2.3301E-2 4.42533E-2 4.1618E-2 5.21068E-2 6.2514E-2 6.64728E-2 6.51174E-2 5.85974E-2 7.24612E-2 8.4823E-2 8.04946E-2 6.91788E-2 4.61715E-2 4.28189E-2 3.87655E-2 2.03135E-2 4.72426E-2 5.83303E-2 5.3601E-2 3.92759E-2 4.438E-2 5.18149E-2 4.15918E-2 5.1409E-2 4.5664E-2 5.91507E-2 9.83289E-2 1.24501E-1 7.59519E-2 7.01381E-2 6.14992E-2 4.50888E-2 5.46962E-2 8.67468E-2 1.19111E-1 5.15083E-2 6.06396E-2 1.47258E-1 1.84768E-1 2.04839E-1 1.53032E-1 2.48366E-1 2.7125E-1 -9999 -9999 -9999 -9999 -9999 -9999 -9999 -9999 -9999 -9999 -9999 -9999 -9999
8.17304E-3 9.84278E-3 8.35729E-3 5.97853E-3 1.49665E-2 3.99692E-2 4.87251E-2 5.93563E-2 7.16742E-2 7.72169E-2 7.06169E-2 6.12471E-2 7.73998E-2 8.45752E-2 4.77944E-2 9.11604E-2 6.21794E-2 5.42888E-2 4.83962E-2 2.13052E-2 4.84468E-2 3.12181E-2 4.16886E-2 4.89587E-2 5.01455E-2 4.21599E-2 5.80453E-2 5.43914E-2 4.57432E-2 5.98805E-2 1.07051E-1 1.39668E-1 1.44431E-1 1.14084E-1 9.86793E-2 6.73149E-2 5.72405E-2 4.94874E-2 7.23557E-2 7.4672E-2 5.84941E-2 1.31845E-1 1.7622E-1 1.17717E-1 1.13045E-1 1.41615E-1 1.6111E-1 -9999 -9999 -9999 -9999 -9999 -9999 -9999 -9999 -9999 -9999 -9999 -9999 -9999
7.19428E-3 4.72638E-3 8.00162E-3 8.14507E-3 1.42535E-2 3.45798E-2 4.57714E-2 5.85079E-2 5.27897E-2 7.34768E-2 6.88467E-2 5.88828E-2 7.23837E-2 8.42059E-2 9.10094E-2 7.38346E-2 6.83684E-2 4.47092E-2 3.68742E-2 4.53853E-2 3.14087E-2 3.00614E-2 3.29097E-2 3.80216E-2 7.99463E-2 9.64439E-2 7.46297E-2 3.41749E-2 2.56712E-2 3.56654E-2 9.31627E-2 1.09933E-1 1.19511E-1 1.09752E-1 1.11706E-1 1.18043E-1 8.20968E-2 9.08549E-2 7.10786E-2 5.57113E-2 6.35756E-2 6.85494E-2 8.44869E-2 9.82473E-2 1.04379E-1 1.64324E-1 2.53995E-1 -9999 -9999 -9999 -9999 -9999 -9999 -9999 -9999 -9999 -9999 -9999 -9999 -9999
2.39308E-2 1.23965E-2 9.15948E-3 2.03635E-2 2.4624E-2 3.15452E-2 1.85905E-2 2.56099E-2 5.7081E-2 6.13012E-2 8.44984E-2 7.44695E-2 8.53882E-2 9.47985E-2 1.1338E-1 1.57216E-1 1.59755E-1 1.03555E-1 1.354E-1 1.49467E-1 9.72031E-2 1.09596E-1 1.05459E-1 1.12619E-1 2.15002E-1 1.99383E-1 1.20349E-1 1.42137E-1 1.61991E-1 1.38399E-1 2.346E-1 2.83404E-1 2.82376E-1 2.87254E-1 3.34483E-1 4.09244E-1 3.69974E-1 3.0543E-1 2.55469E-1 2.16363E-1 2.23666E-1 1.6091E-1 3.05249E-1 3.29274E-1 4.61354E-1 4.53234E-1 4.59977E-1 4.43228E-1 -9999 -9999 -9999 -9999 -9999 -9999 -9999 -9999 -9999 -9999 -9999 -9999
1.46494E-2 1.35497E-2 7.66031E-3 1.75168E-2 2.19273E-2 3.13893E-2 2.6252E-2 4.15233E-2 4.39757E-2 4.89334E-2 7.15976E-2 6.59379E-2 7.182E-2 8.0509E-2 9.65589E-2 1.34193E-1 1.32394E-1 1.04163E-1 1.36766E-1 9.3406E-2 1.63226E-1 9.42628E-2 1.33596E-1 1.72712E-1 1.81634E-1 1.27911E-1 1.13346E-1 1.32852E-1 1.6061E-1 1.62757E-1 3.05055E-1 3.0633E-1 3.27663E-1 3.44779E-1 3.29424E-1 4.15328E-1 4.22818E-1 3.27345E-1 2.53149E-1 2.5459E-1 3.15476E-1 3.27958E-1 2.58877E-1 3.92892E-1 4.81501E-1 3.77073E-1 4.55038E-1 3.63589E-1 3.73821E-1 3.09259E-1 -9999 -9999 -9999 -9999 -9999 -9999 -9999 -9999 -9999 -9999
1.69434E-2 2.1011E-2 2.70476E-2 1.81192E-2 2.2106E-2 2.9171E-2 2.2013E-2 4.03617E-2 3.93098E-2 5.04781E-2 8.16117E-2 7.63836E-2 7.38609E-2 7.91729E-2 9.81325E-2 1.17803E-1 1.30984E-1 1.42458E-1 1.46982E-1 1.32847E-1 9.23683E-2 1.2329E-1 1.4699E-1 1.41336E-1 9.6629E-2 1.00646E-1 1.08806E-1 1.35919E-1 1.76278E-1 1.86969E-1 2.11317E-1 2.27915E-1 2.92548E-1 3.60869E-1 3.58574E-1 3.87317E-1 3.75485E-1 3.62451E-1 3.28174E-1 3.54935E-1 4.20489E-1 4.68037E-1 3.01333E-1 2.56681E-1 3.55885E-1 5.21409E-1 4.56842E-1 3.91185E-1 4.08699E-1 3.0697E-1 2.03996E-1 1.77045E-1 -9999 -9999 -9999 -9999 -9999 -9999 -9999 -9999
2.66184E-2 2.91798E-2 2.85743E-2 2.78769E-2 2.05624E-2 2.25412E-2 3.17246E-2 4.58079E-2 5.19457E-2 6.48295E-2 9.78666E-2 9.14275E-2 9.91574E-2 1.07562E-1 1.23784E-1 1.42847E-1 1.0252E-1 5.6357E-2 1.10128E-1 9.61323E-2 3.40586E-2 8.03052E-2 1.29058E-1 6.12282E-2 3.2322E-2 8.35825E-2 1.15119E-1 1.65971E-1 2.03946E-1 2.45437E-1 2.54005E-1 3.05518E-1 2.82799E-1 3.04103E-1 3.86475E-1 4.08462E-1 3.82743E-1 4.01208E-1 3.9E-1 4.5682E-1 5.20512E-1 4.28699E-1 1.87616E-1 3.39933E-1 4.3866E-1 3.40312E-1 3.99929E-1 2.7686E-1 4.23207E-1 3.17457E-1 2.23893E-1 2.44957E-1 2.55818E-1 -9999 -9999 -9999 -9999 -9999 -9999 -9999
3.40033E-2 1.51937E-2 3.18402E-2 2.81374E-2 2.05947E-2 2.49074E-2 2.63977E-2 2.53689E-2 2.69942E-2 3.68581E-2 9.50228E-2 9.89058E-2 1.13485E-1 1.09744E-1 1.19452E-1 1.50165E-1 1.44883E-1 9.17102E-2 8.79864E-2 8.45519E-2 6.76677E-2 -9999 5.75379E-2 4.64911E-2 5.62413E-2 8.20843E-2 1.15044E-1 1.67172E-1 2.15814E-1 2.97047E-1 3.22261E-1 3.01401E-1 3.01706E-1 4.07401E-1 3.8725E-1 3.99712E-1 3.63715E-1 3.96299E-1 3.97328E-1 4.18201E-1 4.93166E-1 5.04208E-1 3.99527E-1 3.97371E-1 3.48212E-1 4.72541E-1 4.05201E-1 2.78587E-1 4.65503E-1 3.43294E-1 1.93069E-1 2.38687E-1 3.01107E-1 -9999 -9999 -9999 -9999 -9999 -9999 -9999
