Phytophthora/models/20240430_1155_37/Phytophthora_PA3_RUN4_MAXENT_outputs/Phytophthora_PA3_RUN4.asc
ncols         225
nrows         269
xllcorner     473000.0
yllcorner     4429100.0
cellsize      50.0
NODATA_value  -9999
[rows 216 to 242 of 269, columns 120 to 179 of 225]
4.28844E-1 3.79103E-1 3.26726E-1 2.75239E-1 2.48136E-1 2.52256E-1 2.00774E-1 1.62228E-1 1.60528E-1 4.73539E-2 3.27218E-2 2.25543E-2 5.14488E-2 7.92023E-2 9.13998E-2 2.31599E-1 3.78E-1 3.51711E-1 3.73893E-1 3.9858E-1 5.12216E-1 5.9524E-1 5.82915E-1 5.9321E-1 5.77807E-1 3.9029E-1 4.15636E-1 3.40569E-1 3.31133E-1 2.60566E-1 3.04058E-1 2.98934E-1 5.035E-1 5.46379E-1 6.10731E-1 4.69114E-1 5.88697E-1 5.01077E-1 4.25028E-1 3.8996E-1 3.32531E-1 4.08795E-1 4.38541E-1 4.23839E-1 4.66225E-1 3.54349E-1 3.20166E-1 2.7486E-1 2.32568E-1 1.92723E-1 1.37792E-1 8.48655E-2 7.49347E-2 5.58344E-2 9.23707E-2 7.81113E-2 1.30834E-1 1.23453E-1 1.23683E-1 1.21741E-1
3.86127E-1 3.08707E-1 2.77868E-1 2.84469E-1 2.50007E-1 2.62286E-1 2.24106E-1 1.83815E-1 1.45006E-1 1.51886E-1 1.24635E-1 1.3863E-1 3.55439E-2 1.39981E-1 9.8254E-2 2.34362E-1 2.51377E-1 2.81755E-1 3.54428E-1 3.61949E-1 3.85935E-1 5.05251E-1 5.43625E-1 5.84776E-1 5.73632E-1 4.27453E-1 2.92579E-1 3.94441E-1 2.77599E-1 2.63281E-1 3.20017E-1 3.81539E-1 5.54414E-1 5.23746E-1 4.97333E-1 6.30368E-1 5.31725E-1 4.16812E-1 4.59757E-1 4.28046E-1 3.94066E-1 5.17883E-1 4.41919E-1 4.69461E-1 5.00521E-1 3.53704E-1 3.21648E-1 2.72717E-1 2.30341E-1 1.89447E-1 1.16096E-1 7.67289E-2 7.62665E-2 6.84423E-2 4.15419E-2 1.34268E-1 1.12928E-1 1.48208E-1 1.64E-1 2.25268E-1
5.46692E-1 4.42314E-1 3.86885E-1 3.5487E-1 3.19317E-1 3.29074E-1 2.81509E-1 2.10567E-1 1.63349E-1 1.4929E-1 1.46512E-1 1.71841E-1 1.68219E-1 1.65813E-1 1.86036E-1 2.05858E-1 2.29363E-1 2.61983E-1 3.26231E-1 3.40797E-1 3.63787E-1 3.97177E-1 5.38455E-1 5.79816E-1 5.51527E-1 4.20308E-1 4.16534E-1 3.15805E-1 2.9465E-1 2.36817E-1 3.68717E-1 5.10898E-1 5.01667E-1 5.94462E-1 5.65696E-1 5.42187E-1 4.72533E-1 4.4319E-1 4.75366E-1 4.25037E-1 3.70667E-1 4.70652E-1 5.13731E-1 3.68668E-1 4.69866E-1 2.99597E-1 3.11659E-1 2.62315E-1 2.20417E-1 1.56154E-1 8.80954E-2 7.08578E-2 7.32096E-2 3.12305E-2 9.65909E-2 9.88371E-2 1.30504E-1 1.25734E-1 2.48347E-1 3.13197E-1
4.78143E-1 4.58251E-1 4.51377E-1 3.91422E-1 3.33428E-1 3.25628E-1 2.71184E-1 2.03266E-1 1.75487E-1 1.54876E-1 1.73656E-1 1.87947E-1 1.96952E-1 2.19422E-1 2.20399E-1 2.53845E-1 3.11422E-1 3.14688E-1 3.29826E-1 3.24473E-1 3.34644E-1 3.89482E-1 5.19159E-1 5.24035E-1 4.79979E-1 4.0198E-1 3.52276E-1 3.2511E-1 1.76968E-1 2.27113E-1 4.06107E-1 5.35714E-1 5.22528E-1 5.41985E-1 4.82755E-1 5.04704E-1 5.11816E-1 5.08762E-1 5.02549E-1 4.78973E-1 3.57598E-1 3.69238E-1 4.33535E-1 5.69805E-1 5.41248E-1 3.29104E-1 2.92999E-1 2.44836E-1 2.04412E-1 1.0345E-1 6.90806E-2 4.60703E-2 6.78061E-2 5.02746E-2 8.01095E-2 1.11958E-1 1.22303E-1 2.53132E-1 3.15285E-1 4.15629E-1
4.33428E-1 4.29084E-1 4.09719E-1 3.81746E-1 3.82503E-1 3.68078E-1 3.09411E-1 2.37305E-1 2.05556E-1 1.8178E-1 2.16251E-1 2.39519E-1 2.43806E-1 2.69148E-1 2.90102E-1 3.49043E-1 4.00422E-1 3.72076E-1 3.5643E-1 3.90153E-1 3.99426E-1 4.79527E-1 5.16783E-1 4.79783E-1 4.68114E-1 3.98052E-1 3.81877E-1 2.74626E-1 2.60801E-1 2.29498E-1 3.99854E-1 5.33146E-1 5.55753E-1 4.86776E-1 4.49255E-1 5.37315E-1 5.70511E-1 5.82562E-1 5.66654E-1 5.33731E-1 3.84518E-1 3.92309E-1 4.5718E-1 4.99919E-1 4.94339E-1 3.10314E-1 2.35603E-1 2.22701E-1 1.8553E-1 8.55575E-2 2.93368E-2 8.49639E-2 4.55433E-2 4.41826E-2 8.06949E-2 1.43521E-1 1.41316E-1 2.15669E-1 2.29634E-1 3.80009E-1
2.19806E-1 3.46626E-1 3.18951E-1 3.22233E-1 3.05104E-1 3.60978E-1 3.21266E-1 2.52475E-1 2.19402E-1 2.19044E-1 3.31424E-1 3.56031E-1 3.43919E-1 3.67074E-1 3.87334E-1 4.18186E-1 4.28919E-1 3.79308E-1 3.7804E-1 4.05248E-1 5.2278E-1 5.93963E-1 5.69499E-1 4.96546E-1 5.5176E-1 4.95379E-1 4.99771E-1 3.23665E-1 3.10217E-1 3.48757E-1 4.52279E-1 4.41355E-1 4.30257E-1 3.38847E-1 3.16658E-1 3.71843E-1 3.97566E-1 3.68094E-1 3.34678E-1 3.72071E-1 4.36314E-1 4.23979E-1 4.33512E-1 4.74116E-1 4.45155E-1 2.14079E-1 1.31438E-1 1.02823E-1 1.89778E-1 1.07313E-1 5.19569E-2 5.52278E-2 8.56369E-2 9.96198E-2 1.09285E-1 1.86179E-1 2.5145E-1 3.06731E-1 3.073E-1 4.16899E-1
3.72528E-1 3.66482E-1 3.7622E-1 3.55096E-1 3.55609E-1 4.15135E-1 3.72109E-1 2.9466E-1 2.57148E-1 2.67227E-1 4.14948E-1 4.52239E-1 4.05336E-1 4.44683E-1 4.59588E-1 4.85287E-1 4.64271E-1 4.22103E-1 4.57428E-1 4.4413E-1 6.44841E-1 6.47826E-1 6.062E-1 6.08606E-1 6.76179E-1 4.76221E-1 4.2749E-1 3.03772E-1 3.05376E-1 3.63845E-1 4.11622E-1 3.89937E-1 3.85876E-1 2.98071E-1 3.50673E-1 3.7474E-1 3.88012E-1 3.87505E-1 3.74529E-1 3.25004E-1 4.28566E-1 3.97049E-1 3.75801E-1 2.45164E-1 3.02124E-1 1.52531E-1 8.76364E-2 9.41057E-2 3.38818E-2 9.18522E-2 9.63852E-2 1.0033E-1 1.36348E-1 1.6756E-1 1.7326E-1 2.22918E-1 3.29321E-1 3.79592E-1 3.90193E-1 4.26057E-1
3.17969E-1 3.36603E-1 4.13915E-1 4.27724E-1 4.15366E-1 5.01853E-1 3.83229E-1 3.03538E-1 2.87289E-1 3.12427E-1 4.39254E-1 5.51745E-1 4.72824E-1 5.1239E-1 5.14507E-1 5.32554E-1 5.00764E-1 4.86119E-1 5.43232E-1 5.22741E-1 7.14994E-1 7.04339E-1 6.80067E-1 7.18483E-1 6.88943E-1 4.11074E-1 3.9348E-1 3.25426E-1 2.98388E-1 3.27132E-1 3.72903E-1 3.51188E-1 3.37855E-1 3.07617E-1 3.18397E-1 3.28692E-1 3.25783E-1 3.40223E-1 3.57562E-1 3.17273E-1 4.63096E-1 4.37499E-1 4.13028E-1 3.44693E-1 2.89469E-1 1.58378E-1 1.24881E-1 9.81627E-2 9.14548E-2 8.6577E-2 1.52036E-1 1.81433E-1 2.10549E-1 2.16832E-1 2.49176E-1 3.89915E-1 3.75887E-1 3.44919E-1 3.34527E-1 3.71816E-1
3.77824E-1 4.09825E-1 4.9331E-1 4.94067E-1 5.10044E-1 5.33319E-1 3.7439E-1 3.03926E-1 3.03073E-1 3.62428E-1 4.72974E-1 5.79791E-1 5.86403E-1 5.77937E-1 5.57617E-1 5.80256E-1 6.04528E-1 5.7143E-1 6.23069E-1 6.17396E-1 7.57084E-1 7.53539E-1 7.46536E-1 6.74121E-1 6.79387E-1 4.58965E-1 3.94551E-1 3.44E-1 2.83987E-1 2.63998E-1 3.34465E-1 3.14947E-1 2.82496E-1 2.34554E-1 2.54003E-1 2.76701E-1 2.98895E-1 3.33194E-1 3.69168E-1 3.48657E-1 3.18702E-1 4.64108E-1 4.45324E-1 4.34493E-1 3.69346E-1 2.27147E-1 1.69951E-1 1.17772E-1 9.77879E-2 1.57332E-1 1.30253E-1 1.56193E-1 1.66234E-1 1.69445E-1 1.97578E-1 2.51514E-1 3.12094E-1 3.2797E-1 3.07977E-1 3.28342E-1
4.78138E-1 5.11915E-1 5.64357E-1 4.06602E-1 5.89262E-1 5.13157E-1 3.86756E-1 3.16879E-1 2.7167E-1 3.51846E-1 5.19731E-1 6.08546E-1 6.57883E-1 6.54427E-1 6.25035E-1 6.21147E-1 6.80782E-1 6.46754E-1 5.57601E-1 7.01984E-1 7.71815E-1 7.15391E-1 7.03935E-1 7.01702E-1 6.32685E-1 4.33064E-1 3.91597E-1 3.20289E-1 2.69053E-1 3.45089E-1 2.97003E-1 2.79396E-1 2.24537E-1 2.01815E-1 2.4751E-1 2.85423E-1 3.05982E-1 3.92475E-1 4.01488E-1 3.68257E-1 4.21097E-1 5.00508E-1 4.96238E-1 5.05552E-1 4.8043E-1 2.88293E-1 2.51764E-1 1.60208E-1 6.48675E-2 1.17081E-1 1.18307E-1 1.63476E-1 1.83395E-1 2.03015E-1 2.10663E-1 2.55907E-1 2.92819E-1 3.38841E-1 3.47882E-1 2.47468E-1
4.85051E-1 5.46149E-1 4.55173E-1 5.2216E-1 4.56741E-1 3.57045E-1 3.31005E-1 2.56931E-1 2.09965E-1 2.6521E-1 4.52421E-1 5.68803E-1 6.294E-1 6.43775E-1 6.02574E-1 5.33934E-1 6.36515E-1 6.74653E-1 6.93996E-1 6.78636E-1 6.75195E-1 6.45987E-1 5.77939E-1 6.4331E-1 5.85337E-1 5.09029E-1 4.57478E-1 4.10821E-1 4.19493E-1 4.25196E-1 2.19435E-1 2.05666E-1 1.8584E-1 1.86199E-1 2.26764E-1 2.70915E-1 3.32233E-1 3.75704E-1 3.55843E-1 3.26179E-1 4.40758E-1 4.23056E-1 4.67157E-1 4.93624E-1 4.96671E-1 4.19808E-1 3.74876E-1 3.14296E-1 7.49671E-2 1.14127E-1 8.48799E-2 1.03595E-1 1.27312E-1 1.7349E-1 2.37514E-1 3.36724E-1 3.67619E-1 4.17618E-1 3.64165E-1 4.19465E-1
3.85644E-1 4.46648E-1 4.73587E-1 3.42393E-1 3.11614E-1 1.97259E-1 2.52402E-1 8.88348E-2 2.5294E-1 3.3284E-1 4.43129E-1 5.70951E-1 6.28242E-1 6.70249E-1 6.34808E-1 6.6037E-1 6.74701E-1 6.90637E-1 6.81139E-1 6.52013E-1 6.53159E-1 6.40822E-1 5.10832E-1 6.28269E-1 5.56427E-1 4.6649E-1 4.51068E-1 4.13294E-1 4.49916E-1 4.01744E-1 1.98765E-1 1.85875E-1 1.77867E-1 2.03655E-1 2.41851E-1 3.09975E-1 3.3617E-1 3.49323E-1 3.37258E-1 2.86658E-1 4.18237E-1 4.53058E-1 4.86744E-1 4.84804E-1 4.3691E-1 2.94227E-1 3.31846E-1 3.12687E-1 1.86474E-1 1.21974E-1 9.43559E-2 1.15057E-1 1.66692E-1 2.02656E-1 2.72915E-1 3.95074E-1 4.14545E-1 4.39881E-1 4.00118E-1 3.75953E-1
3.9084E-1 4.04278E-1 3.7695E-1 3.21031E-1 2.89869E-1 1.9885E-1 2.34767E-1 1.1733E-1 1.705E-1 2.55422E-1 4.70776E-1 5.53178E-1 6.00264E-1 6.28731E-1 5.66972E-1 6.03943E-1 6.18843E-1 6.48696E-1 6.56849E-1 6.84444E-1 6.97388E-1 6.58308E-1 5.30817E-1 6.07432E-1 5.55287E-1 5.25538E-1 4.86153E-1 4.40368E-1 4.20597E-1 3.72013E-1 1.81268E-1 1.82944E-1 2.11961E-1 2.66516E-1 3.0851E-1 3.68396E-1 3.65361E-1 3.47597E-1 3.37188E-1 3.41577E-1 4.1533E-1 4.45429E-1 5.13659E-1 4.96401E-1 4.29937E-1 2.58664E-1 2.44816E-1 2.87422E-1 2.81734E-1 2.17601E-1 1.65852E-1 1.72357E-1 2.31285E-1 2.29805E-1 3.27057E-1 4.36434E-1 4.40789E-1 3.34634E-1 4.50227E-1 4.46205E-1
2.95661E-1 4.20306E-1 2.44079E-1 2.72983E-1 2.67989E-1 2.25499E-1 2.23436E-1 1.68561E-1 1.63097E-1 2.23513E-1 4.1807E-1 5.21609E-1 5.60371E-1 5.82891E-1 4.64916E-1 4.52893E-1 5.14488E-1 5.44739E-1 6.94972E-1 7.07993E-1 6.44237E-1 5.74242E-1 6.92535E-1 6.19775E-1 6.29939E-1 6.01279E-1 5.21728E-1 4.35046E-1 4.18307E-1 3.52397E-1 1.92152E-1 2.13851E-1 2.23846E-1 3.05429E-1 3.32049E-1 3.64278E-1 3.41061E-1 3.41145E-1 2.83887E-1 3.69705E-1 4.44294E-1 4.32616E-1 4.73146E-1 4.66803E-1 4.52742E-1 3.46975E-1 3.19271E-1 2.21172E-1 2.85653E-1 2.44464E-1 2.09739E-1 2.77218E-1 3.33317E-1 3.24819E-1 3.55764E-1 4.61418E-1 4.17583E-1 4.95187E-1 4.39967E-1 3.96109E-1
2.73719E-1 3.60505E-1 1.50503E-1 1.85851E-1 2.36608E-1 1.98086E-1 1.74076E-1 1.49941E-1 1.48989E-1 2.10647E-1 3.35999E-1 4.82044E-1 5.14863E-1 4.95221E-1 3.63529E-1 4.10347E-1 4.77532E-1 5.61263E-1 6.23767E-1 6.41618E-1 7.08266E-1 6.8819E-1 6.80363E-1 6.5983E-1 6.16389E-1 4.43505E-1 4.87003E-1 4.19963E-1 4.08989E-1 3.45159E-1 2.02948E-1 2.24046E-1 2.66202E-1 3.10463E-1 3.0847E-1 3.55206E-1 3.54808E-1 2.34231E-1 3.88408E-1 3.50371E-1 4.36959E-1 4.59886E-1 4.66575E-1 4.69101E-1 5.06064E-1 4.36648E-1 4.24406E-1 1.35441E-1 2.62814E-1 1.87482E-1 1.36062E-1 1.71015E-1 1.87061E-1 1.97551E-1 3.36601E-1 4.73529E-1 4.11984E-1 4.71257E-1 4.18339E-1 3.70843E-1
1.53082E-1 1.14986E-1 1.19525E-1 1.39669E-1 1.48414E-1 1.88307E-1 1.5919E-1 1.50983E-1 1.59739E-1 2.0612E-1 2.51514E-1 3.11134E-1 3.36165E-1 2.89652E-1 2.78372E-1 3.58421E-1 3.9623E-1 5.13443E-1 5.00509E-1 5.90082E-1 5.80427E-1 5.53527E-1 5.43737E-1 5.24835E-1 3.79733E-1 2.12046E-1 2.04834E-1 2.85467E-1 2.39926E-1 1.89197E-1 1.79665E-1 2.01205E-1 2.12399E-1 2.16885E-1 2.51578E-1 3.32346E-1 3.64777E-1 3.57934E-1 3.97959E-1 3.89042E-1 2.81751E-1 2.09772E-1 3.15895E-1 3.11995E-1 3.3291E-1 1.49179E-1 1.16508E-1 3.2398E-2 9.59842E-2 7.14085E-2 9.71942E-2 1.26091E-1 1.43761E-1 2.32927E-1 3.58721E-1 5.60806E-1 6.21338E-1 5.93935E-1 5.67909E-1 4.84871E-1
1.16739E-1 1.05467E-1 1.20035E-1 1.23427E-1 1.18089E-1 1.78092E-1 1.74648E-1 1.8275E-1 2.03235E-1 1.95229E-1 2.43862E-1 2.87127E-1 3.41575E-1 2.66495E-1 2.91631E-1 3.82823E-1 4.09163E-1 4.72716E-1 5.09785E-1 5.54086E-1 5.19269E-1 5.00475E-1 4.0611E-1 3.37741E-1 2.9122E-1 2.16198E-1 3.03195E-1 2.6065E-1 2.19527E-1 1.94736E-1 1.83699E-1 1.84922E-1 1.9652E-1 2.22946E-1 2.56258E-1 3.37393E-1 3.79919E-1 4.59082E-1 4.37782E-1 3.5911E-1 2.90632E-1 2.95604E-1 3.09495E-1 3.58232E-1 2.60313E-1 1.2505E-1 9.80256E-2 9.65899E-2 7.3053E-2 6.29879E-2 1.09581E-1 1.29416E-1 1.90652E-1 2.74078E-1 2.60849E-1 6.59955E-1 6.08462E-1 5.7603E-1 5.41896E-1 4.81482E-1
1.9965E-1 1.82897E-1 1.61064E-1 1.25506E-1 1.24653E-1 1.88201E-1 1.78487E-1 2.05493E-1 2.39568E-1 2.83046E-1 2.51149E-1 2.90494E-1 3.26405E-1 2.62332E-1 3.0218E-1 4.15283E-1 4.00975E-1 3.80695E-1 4.58131E-1 4.63892E-1 4.88837E-1 3.42991E-1 3.04374E-1 2.9929E-1 3.13395E-1 3.10313E-1 2.73845E-1 2.36659E-1 2.0042E-1 1.7968E-1 1.8197E-1 1.76591E-1 1.79436E-1 2.25338E-1 2.75402E-1 3.62729E-1 3.81481E-1 5.38757E-1 3.94896E-1 2.60997E-1 2.77797E-1 2.49672E-1 3.0398E-1 2.97051E-1 3.46501E-1 1.39736E-1 1.55226E-1 1.03864E-1 7.70118E-2 6.63104E-2 1.32122E-1 1.60708E-1 2.00147E-1 2.53215E-1 4.58293E-1 6.70621E-1 6.10127E-1 5.52225E-1 4.88017E-1 4.71445E-1
1.77991E-1 1.92287E-1 1.6987E-1 1.54137E-1 1.61887E-1 2.58787E-1 2.34025E-1 2.27308E-1 2.4142E-1 3.13137E-1 2.93792E-1 2.86915E-1 3.09733E-1 2.64734E-1 2.81106E-1 3.58164E-1 3.85361E-1 3.88311E-1 3.96503E-1 3.48669E-1 4.62285E-1 4.33115E-1 4.01049E-1 3.75534E-1 3.53321E-1 2.73878E-1 2.42975E-1 2.18727E-1 2.21843E-1 2.2072E-1 1.93026E-1 1.73204E-1 1.9902E-1 2.59557E-1 3.13537E-1 4.25176E-1 5.17756E-1 5.09155E-1 3.50696E-1 2.71612E-1 2.4381E-1 2.85825E-1 2.26781E-1 3.57232E-1 8.59664E-2 1.2201E-1 6.70309E-2 7.00084E-2 7.8039E-2 9.62664E-2 1.94504E-1 2.10184E-1 1.9546E-1 2.57848E-1 3.95595E-1 7.14661E-1 6.38653E-1 5.64926E-1 5.17352E-1 4.70486E-1
1.55025E-1 2.11172E-1 2.00886E-1 1.83551E-1 1.94115E-1 2.93009E-1 2.70216E-1 2.59403E-1 2.53199E-1 3.12175E-1 3.38529E-1 3.29451E-1 2.33283E-1 2.3283E-1 2.48185E-1 3.27072E-1 3.34422E-1 3.29404E-1 3.34546E-1 1.57974E-1 4.27429E-1 4.04662E-1 3.77356E-1 3.46985E-1 3.10339E-1 2.3834E-1 2.47501E-1 2.55989E-1 2.58101E-1 2.18151E-1 1.54159E-1 1.52353E-1 1.87119E-1 2.42673E-1 2.98733E-1 4.55022E-1 5.07356E-1 3.17942E-1 3.5565E-1 3.08532E-1 2.82666E-1 2.90593E-1 2.11194E-1 3.44748E-1 9.62119E-2 1.04148E-1 1.04341E-1 7.23625E-2 6.44476E-2 6.47124E-2 1.23954E-1 1.32242E-1 1.88947E-1 2.54359E-1 3.2063E-1 6.74962E-1 6.30275E-1 5.26578E-1 4.80292E-1 4.2553E-1
2.86896E-1 3.62057E-1 3.57489E-1 3.12271E-1 3.16947E-1 3.06068E-1 3.05736E-1 3.03326E-1 2.79885E-1 3.343E-1 4.32163E-1 4.20365E-1 3.40816E-1 2.56054E-1 2.61663E-1 3.23684E-1 3.40187E-1 3.3051E-1 3.57918E-1 3.51499E-1 5.23014E-1 5.0477E-1 4.80346E-1 4.5098E-1 3.93699E-1 2.82514E-1 3.01268E-1 3.13621E-1 3.17802E-1 2.15245E-1 1.56909E-1 1.75026E-1 1.60743E-1 2.22268E-1 2.78038E-1 4.12665E-1 4.53391E-1 3.74665E-1 2.91591E-1 3.30997E-1 3.16943E-1 3.59987E-1 3.7337E-1 3.40495E-1 1.53975E-1 4.49193E-2 5.46722E-2 4.27842E-2 3.71962E-2 4.88618E-2 2.51731E-1 3.28006E-1 3.68837E-1 4.17922E-1 4.43262E-1 7.0938E-1 6.92538E-1 5.9783E-1 5.28611E-1 4.90914E-1
3.32379E-1 3.8173E-1 4.19091E-1 3.66974E-1 3.7991E-1 3.52209E-1 3.65686E-1 3.97316E-1 3.72943E-1 3.93961E-1 4.8302E-1 4.70968E-1 3.93395E-1 2.89043E-1 2.44161E-1 2.85564E-1 2.84996E-1 3.01572E-1 3.00972E-1 2.70835E-1 4.83016E-1 4.68747E-1 4.47159E-1 3.64762E-1 3.94468E-1 3.18436E-1 3.42324E-1 3.5966E-1 3.70094E-1 2.67425E-1 2.14683E-1 1.91231E-1 1.82008E-1 3.03551E-1 3.42497E-1 4.24726E-1 3.05288E-1 3.20395E-1 1.96935E-1 2.83025E-1 3.28491E-1 3.80286E-1 3.29226E-1 3.36978E-1 3.14258E-1 9.81982E-2 6.6854E-2 5.35192E-2 3.97218E-2 6.46021E-2 3.45439E-1 4.00835E-1 3.91449E-1 4.38518E-1 4.80054E-1 7.70881E-1 6.99664E-1 6.11805E-1 5.463E-1 5.01775E-1
3.29276E-1 4.07507E-1 4.20131E-1 2.92718E-1 2.59797E-1 2.90921E-1 3.34132E-1 4.16859E-1 4.43234E-1 4.76712E-1 5.32361E-1 5.22094E-1 4.29129E-1 3.3863E-1 2.9311E-1 3.11145E-1 2.66704E-1 2.80294E-1 3.15712E-1 2.14659E-1 4.29812E-1 4.18354E-1 3.46356E-1 3.81628E-1 4.62017E-1 3.5296E-1 3.84087E-1 4.10982E-1 4.22936E-1 3.13705E-1 2.37224E-1 1.99208E-1 2.74046E-1 3.5378E-1 3.93035E-1 4.46629E-1 3.10211E-1 3.15832E-1 3.52755E-1 3.82557E-1 3.53447E-1 4.24717E-1 3.71032E-1 3.36792E-1 2.46153E-1 4.36949E-2 5.09242E-2 4.95061E-2 4.83299E-2 1.03009E-1 4.71062E-1 5.39554E-1 5.87816E-1 5.79166E-1 6.64396E-1 7.7198E-1 7.39813E-1 6.72276E-1 6.04745E-1 5.13406E-1
5.24553E-1 5.08101E-1 4.33685E-1 3.83094E-1 3.75839E-1 3.40725E-1 3.86158E-1 3.71306E-1 3.9186E-1 5.28456E-1 5.74901E-1 5.69625E-1 4.72186E-1 3.81507E-1 3.50363E-1 3.63858E-1 3.30005E-1 3.07071E-1 2.91167E-1 2.48504E-1 3.80948E-1 3.40094E-1 3.38504E-1 3.99379E-1 4.89553E-1 3.86324E-1 4.25295E-1 4.59807E-1 4.83787E-1 3.61155E-1 2.51879E-1 2.4686E-1 3.79117E-1 4.04382E-1 3.89423E-1 3.2134E-1 3.38312E-1 2.78719E-1 3.4407E-1 3.65281E-1 4.19095E-1 3.92709E-1 3.59605E-1 2.98209E-1 9.42958E-2 4.16758E-2 4.21021E-2 5.23491E-2 5.92639E-2 1.2831E-1 5.68787E-1 6.2072E-1 5.37483E-1 5.457E-1 6.34784E-1 7.46977E-1 7.31451E-1 6.79287E-1 6.10754E-1 4.89909E-1
3.90472E-1 3.26986E-1 2.64955E-1 2.9726E-1 3.11353E-1 3.33877E-1 3.5193E-1 4.76461E-1 4.51787E-1 5.24649E-1 5.09079E-1 5.46441E-1 4.67871E-1 4.16457E-1 3.85005E-1 4.04414E-1 3.8452E-1 3.35962E-1 2.99855E-1 2.38458E-1 3.35592E-1 3.1011E-1 3.6743E-1 4.16024E-1 4.98269E-1 3.99782E-1 4.57011E-1 5.00705E-1 4.6775E-1 3.53007E-1 2.54576E-1 3.33102E-1 2.62938E-1 3.50218E-1 3.12451E-1 3.3633E-1 2.74329E-1 3.31987E-1 3.14311E-1 3.25247E-1 3.84748E-1 3.67441E-1 3.22597E-1 1.88151E-1 1.70392E-1 5.28635E-2 5.44463E-2 7.05851E-2 8.76327E-2 1.5998E-1 5.7209E-1 5.95829E-1 4.73745E-1 6.06417E-1 3.9634E-1 7.35363E-1 7.16234E-1 6.65539E-1 6.12981E-1 5.16741E-1
3.73749E-1 3.44742E-1 3.42347E-1 4.22395E-1 4.59659E-1 4.83737E-1 4.56684E-1 5.94486E-1 6.17459E-1 6.34618E-1 7.63704E-1 7.17479E-1 6.38957E-1 6.27233E-1 5.51395E-1 4.81266E-1 4.55402E-1 4.2265E-1 4.17787E-1 3.1201E-1 1.9435E-1 1.99715E-1 2.50487E-1 3.19261E-1 3.72843E-1 4.28362E-1 4.92615E-1 5.12666E-1 4.66472E-1 3.63471E-1 2.87083E-1 4.56741E-1 4.86914E-1 3.93649E-1 3.32607E-1 3.39061E-1 3.62434E-1 3.18695E-1 3.46595E-1 3.06568E-1 2.90958E-1 2.7611E-1 2.6147E-1 1.11314E-1 1.91132E-1 1.02318E-1 1.16331E-1 1.47279E-1 1.80491E-1 2.04257E-1 1.43296E-1 1.52724E-1 9.19286E-2 1.05339E-1 1.57122E-1 5.98867E-1 6.65619E-1 6.30407E-1 5.948E-1 5.96856E-1
3.38867E-1 3.84541E-1 4.27401E-1 4.56698E-1 5.00818E-1 4.35042E-1 5.34807E-1 5.4499E-1 6.01084E-1 6.01202E-1 7.39085E-1 7.04595E-1 6.36571E-1 5.99072E-1 5.62244E-1 4.46942E-1 4.13207E-1 3.82992E-1 3.78492E-1 3.45761E-1 1.11537E-1 2.0466E-1 2.60855E-1 3.06405E-1 3.62388E-1 4.21417E-1 4.61671E-1 3.85898E-1 4.20033E-1 3.82364E-1 3.12003E-1 4.80014E-1 4.95167E-1 4.69697E-1 3.70414E-1 3.23255E-1 3.53733E-1 3.54543E-1 3.38019E-1 2.76188E-1 2.02922E-1 2.22775E-1 2.09538E-1 9.97097E-2 1.98121E-1 7.99208E-2 1.15821E-1 1.54178E-1 1.62377E-1 1.64798E-1 1.41347E-1 8.26058E-2 1.04425E-1 8.57948E-2 1.35204E-1 6.56382E-1 6.06481E-1 6.40294E-1 5.87256E-1 5.93403E-1
