Phytophthora/models/20240430_1155_37/Phytophthora_PA3_RUN4_MAXENT_outputs/Phytophthora_PA3_RUN4.asc
ncols         225
nrows         269
xllcorner     473000.0
yllcorner     4429100.0
cellsize      50.0
NODATA_value  -9999
[rows 162 to 188 of 269, columns 0 to 59 of 225]
-9999 -9999 -9999 -9999 -9999 -9999 -9999 -9999 2.19423E-1 3.9498E-1 4.95967E-1 5.64175E-1 6.2813E-1 6.80273E-1 7.40972E-1 7.71853E-1 7.85334E-1 7.81696E-1 7.72571E-1 7.29698E-1 6.16709E-1 5.30353E-1 4.87767E-1 5.71962E-1 6.46492E-1 6.65905E-1 7.59271E-1 6.2663E-1 6.45438E-1 6.21445E-1 2.91892E-1 4.65984E-1 4.86428E-1 4.56198E-1 6.09691E-1 6.33967E-1 6.17679E-1 6.06697E-1 6.22524E-1 5.62995E-1 5.87852E-1 5.21987E-1 4.60685E-1 4.19853E-1 5.1808E-1 5.72446E-1 5.58875E-1 5.75217E-1 5.63278E-1 4.23277E-1 4.41421E-1 5.18068E-1 6.15348E-1 7.0234E-1 4.80402E-1 5.02107E-1 4.40155E-1 4.38976E-1 5.01071E-1 5.40826E-1
-9999 -9999 -9999 -9999 -9999 -9999 -9999 1.93081E-1 2.23294E-1 1.94384E-1 4.56904E-1 4.8228E-1 5.57348E-1 6.80206E-1 7.55775E-1 7.59015E-1 6.50604E-1 6.7299E-1 7.61063E-1 7.08841E-1 6.07224E-1 5.48732E-1 5.17105E-1 5.67479E-1 6.45919E-1 6.78665E-1 7.59485E-1 7.11287E-1 6.1415E-1 4.97138E-1 5.66733E-1 6.11376E-1 6.37939E-1 6.75093E-1 6.68113E-1 5.54895E-1 6.86018E-1 6.75678E-1 6.22435E-1 6.08852E-1 6.34333E-1 5.39635E-1 4.71334E-1 4.58097E-1 5.71097E-1 6.20856E-1 5.81425E-1 5.64783E-1 4.97525E-1 4.53272E-1 4.55444E-1 4.88137E-1 5.57603E-1 6.10933E-1 5.94504E-1 4.11653E-1 4.70613E-1 4.11807E-1 5.49312E-1 2.43098E-1
-9999 -9999 -9999 -9999 -9999 -9999 -9999 2.01134E-1 2.33607E-1 2.61514E-1 2.78971E-1 4.32311E-1 4.97111E-1 6.0077E-1 7.20362E-1 7.89713E-1 5.9707E-1 7.81085E-1 5.92717E-1 6.86516E-1 6.09502E-1 5.67271E-1 5.2599E-1 5.33284E-1 6.20417E-1 6.34884E-1 7.21093E-1 7.17776E-1 6.04697E-1 4.10285E-1 4.67369E-1 4.92654E-1 5.37893E-1 5.59546E-1 6.40534E-1 7.24137E-1 6.02224E-1 6.93809E-1 6.72668E-1 6.79023E-1 6.79085E-1 5.68347E-1 5.45328E-1 5.13932E-1 6.32324E-1 6.78648E-1 6.18107E-1 5.55203E-1 5.45835E-1 5.25781E-1 4.66577E-1 5.17035E-1 5.89378E-1 6.3906E-1 4.65501E-1 5.27617E-1 4.80491E-1 2.05503E-1 4.54302E-1 3.48435E-1
-9999 -9999 -9999 -9999 -9999 -9999 1.4079E-1 1.26758E-1 1.29348E-1 1.70378E-1 2.92904E-1 3.98156E-1 3.87502E-1 5.35183E-1 6.69369E-1 5.87228E-1 7.67747E-1 6.98958E-1 6.46724E-1 7.36845E-1 6.37085E-1 5.81901E-1 5.3223E-1 5.05379E-1 5.86915E-1 5.8948E-1 6.67669E-1 6.61607E-1 4.78455E-1 6.06773E-1 3.7892E-1 3.64808E-1 3.8343E-1 3.98461E-1 5.55815E-1 6.32429E-1 6.73616E-1 5.76232E-1 7.04834E-1 6.71627E-1 7.04469E-1 6.19884E-1 6.16079E-1 5.66491E-1 6.57525E-1 5.19882E-1 6.55187E-1 5.90825E-1 5.40119E-1 4.94219E-1 4.71622E-1 5.20198E-1 4.56218E-1 6.04886E-1 4.44444E-1 3.22588E-1 4.0825E-1 3.55768E-1 2.50329E-1 1.90719E-1
-9999 -9999 -9999 -9999 -9999 2.06336E-1 1.78973E-1 1.65128E-1 2.07378E-1 2.96913E-1 4.59571E-1 4.38514E-1 4.49083E-1 5.43869E-1 6.12395E-1 7.03438E-1 6.29755E-1 6.48903E-1 6.58606E-1 6.02355E-1 5.3065E-1 4.87102E-1 4.48033E-1 4.11565E-1 4.64005E-1 4.30736E-1 4.67243E-1 3.77934E-1 5.04163E-1 2.68743E-1 2.8696E-1 3.34759E-1 3.9755E-1 4.9446E-1 5.87766E-1 6.33501E-1 6.36213E-1 5.88925E-1 7.11121E-1 7.29435E-1 7.2682E-1 6.16794E-1 6.51341E-1 6.44707E-1 6.15762E-1 6.80365E-1 6.49743E-1 6.13513E-1 5.45626E-1 4.79322E-1 4.5231E-1 5.05686E-1 4.09551E-1 4.1465E-1 2.57304E-1 2.96482E-1 4.13694E-1 2.81646E-1 2.61283E-1 2.24189E-1
-9999 -9999 -9999 -9999 -9999 2.04797E-1 2.06696E-1 2.85956E-1 3.31752E-1 3.88099E-1 5.3761E-1 4.80904E-1 4.446E-1 3.39653E-1 5.37956E-1 4.94586E-1 5.48639E-1 5.78753E-1 5.59852E-1 5.08118E-1 4.73656E-1 3.80132E-1 4.51872E-1 3.75085E-1 4.1347E-1 3.34885E-1 3.38071E-1 3.24905E-1 3.51429E-1 3.42519E-1 3.89196E-1 4.33038E-1 4.60882E-1 5.78093E-1 6.56503E-1 6.75196E-1 6.53592E-1 6.67242E-1 7.26393E-1 6.82128E-1 6.76013E-1 6.56266E-1 6.51598E-1 6.57818E-1 6.72293E-1 6.86583E-1 6.43499E-1 5.7771E-1 5.91242E-1 5.70934E-1 4.67055E-1 4.4524E-1 2.06035E-1 2.77784E-1 2.39123E-1 1.29657E-1 2.98633E-1 2.81914E-1 2.99961E-1 2.96249E-1
-9999 -9999 -9999 -9999 -9999 2.21893E-1 2.96706E-1 3.50913E-1 4.06894E-1 4.71878E-1 5.8104E-1 5.42273E-1 5.22292E-1 5.38729E-1 4.99508E-1 5.01615E-1 5.37853E-1 5.52884E-1 5.1481E-1 4.84523E-1 3.74954E-1 3.37729E-1 4.46414E-1 3.1226E-1 4.19999E-1 2.7199E-1 2.12403E-1 4.4159E-1 3.8919E-1 4.32078E-1 4.91844E-1 5.50515E-1 6.12306E-1 6.7912E-1 6.96867E-1 6.16695E-1 7.05048E-1 7.26996E-1 6.99172E-1 6.49083E-1 5.95379E-1 6.15425E-1 6.56609E-1 6.14089E-1 6.183E-1 6.57305E-1 6.28718E-1 5.91554E-1 5.14172E-1 4.52487E-1 3.04908E-1 2.76164E-1 3.01987E-1 3.30193E-1 3.07468E-1 2.117E-1 3.57955E-1 3.98396E-1 3.98632E-1 3.73474E-1
-9999 -9999 -9999 -9999 -9999 2.76743E-1 3.35392E-1 3.99059E-1 4.87647E-1 5.30397E-1 6.33131E-1 5.97407E-1 4.26967E-1 5.55583E-1 5.36361E-1 5.22439E-1 5.07082E-1 4.97463E-1 4.59725E-1 4.17074E-1 3.42817E-1 3.43054E-1 3.5601E-1 2.0911E-1 2.93353E-1 1.54261E-1 4.9524E-1 4.24309E-1 4.56693E-1 5.31141E-1 6.25572E-1 6.94002E-1 7.25585E-1 7.41177E-1 6.10787E-1 6.62716E-1 7.0865E-1 6.79503E-1 6.69354E-1 5.657E-1 4.92418E-1 4.91294E-1 5.19375E-1 5.39203E-1 5.9749E-1 6.34233E-1 5.68826E-1 4.76968E-1 4.83309E-1 4.03893E-1 3.08428E-1 2.96405E-1 2.77138E-1 2.6634E-1 2.80134E-1 2.86993E-1 3.57922E-1 3.94667E-1 4.29719E-1 4.53263E-1
-9999 -9999 -9999 -9999 5.21973E-3 3.15414E-1 3.84163E-1 4.27367E-1 5.23734E-1 6.00659E-1 7.08592E-1 6.59419E-1 4.54484E-1 6.13455E-1 5.96265E-1 5.54762E-1 4.36567E-1 4.05125E-1 4.30486E-1 3.80503E-1 3.06795E-1 3.40412E-1 3.46699E-1 3.66576E-1 2.51316E-1 3.1025E-1 4.15001E-1 4.65219E-1 5.2428E-1 5.76644E-1 6.71066E-1 7.198E-1 6.52064E-1 6.00297E-1 6.08206E-1 7.02961E-1 6.67596E-1 6.40915E-1 5.89399E-1 4.73554E-1 4.37162E-1 4.33488E-1 4.38826E-1 4.58084E-1 5.36696E-1 6.51367E-1 5.58024E-1 4.62799E-1 4.18244E-1 3.62162E-1 2.90611E-1 3.63862E-1 3.28482E-1 3.28527E-1 4.09748E-1 2.31287E-1 2.9619E-1 3.48038E-1 4.22818E-1 4.25559E-1
-9999 -9999 -9999 -9999 3.45022E-2 1.29073E-1 1.45955E-1 1.63318E-1 2.28423E-1 2.70192E-1 1.90564E-1 2.23787E-1 2.32654E-1 2.49545E-1 2.27305E-1 2.57845E-1 1.67885E-1 1.37214E-1 6.89013E-2 1.27652E-1 1.06861E-1 1.38809E-1 1.4434E-1 1.59458E-1 2.04627E-1 4.09453E-1 5.36439E-1 6.21875E-1 6.71608E-1 6.84744E-1 6.94315E-1 5.25905E-1 7.55317E-1 7.5292E-1 7.85169E-1 7.66427E-1 7.44293E-1 7.20663E-1 6.44427E-1 5.47902E-1 5.21125E-1 5.20226E-1 5.32051E-1 5.45188E-1 5.4959E-1 6.27909E-1 5.34259E-1 4.46694E-1 4.59084E-1 4.11822E-1 4.57558E-1 5.15869E-1 5.08771E-1 5.48772E-1 5.58911E-1 6.50104E-1 6.30764E-1 6.74746E-1 7.23518E-1 7.43289E-1
-9999 -9999 -9999 -9999 6.38262E-2 1.19869E-1 1.33719E-1 1.63862E-1 2.1568E-1 2.38222E-1 2.68079E-1 3.19413E-1 2.91647E-1 1.68866E-1 1.68117E-1 1.16383E-1 1.58524E-1 1.01194E-1 1.58162E-1 9.75368E-2 9.97655E-2 1.20834E-1 1.37119E-1 1.65943E-1 1.95593E-1 4.21718E-1 5.24396E-1 4.99296E-1 5.04024E-1 6.38607E-1 7.29874E-1 7.43513E-1 7.24169E-1 7.66415E-1 7.55216E-1 7.43062E-1 7.19416E-1 6.49738E-1 5.7798E-1 4.9303E-1 4.91459E-1 4.83482E-1 4.77929E-1 5.12305E-1 5.11736E-1 5.64404E-1 5.02216E-1 4.36378E-1 4.27693E-1 4.61109E-1 5.02531E-1 4.18611E-1 3.84437E-1 3.96605E-1 4.26711E-1 5.94939E-1 7.19116E-1 7.10954E-1 6.36459E-1 6.0654E-1
-9999 -9999 -9999 -9999 4.71424E-2 1.29058E-1 1.51173E-1 1.55644E-1 1.86754E-1 1.93399E-1 1.89523E-1 2.36285E-1 1.76529E-1 1.40053E-1 1.00094E-1 1.158E-1 1.79566E-1 1.29166E-1 8.46974E-2 1.05816E-1 1.23902E-1 1.5141E-1 1.83039E-1 2.14983E-1 2.66873E-1 4.41712E-1 4.64025E-1 5.76266E-1 6.39626E-1 6.74532E-1 7.0424E-1 7.20587E-1 7.51375E-1 7.30059E-1 7.26035E-1 7.14889E-1 6.90555E-1 5.97328E-1 5.50089E-1 4.76705E-1 4.93854E-1 4.5924E-1 4.18857E-1 4.57776E-1 4.8886E-1 5.08404E-1 5.14003E-1 4.41788E-1 4.5749E-1 5.30473E-1 2.74699E-1 5.69337E-1 4.67222E-1 4.70319E-1 4.59983E-1 4.85314E-1 6.10086E-1 7.51755E-1 7.0605E-1 6.48377E-1
-9999 -9999 -9999 -9999 6.25672E-2 8.91821E-2 1.3552E-1 1.90164E-1 2.24475E-1 1.97639E-1 1.88508E-1 2.14229E-1 1.29605E-1 2.41959E-1 1.2589E-1 1.21744E-1 1.64835E-1 1.15154E-1 1.10337E-1 1.34518E-1 1.83452E-1 1.98818E-1 2.23164E-1 2.87711E-1 3.33747E-1 5.87288E-1 5.51254E-1 6.16836E-1 6.06728E-1 6.26386E-1 6.18372E-1 6.36885E-1 7.05448E-1 6.97282E-1 6.92589E-1 6.81844E-1 6.22426E-1 5.84922E-1 6.15085E-1 5.22625E-1 5.43362E-1 5.30935E-1 4.58354E-1 4.81299E-1 5.49113E-1 5.0202E-1 5.45636E-1 5.31838E-1 4.50374E-1 4.50073E-1 4.60055E-1 4.53152E-1 4.77831E-1 5.27992E-1 5.19447E-1 5.52165E-1 3.78372E-1 6.00558E-1 6.00947E-1 6.11832E-1
-9999 -9999 -9999 5.47295E-2 5.26697E-2 8.69419E-2 1.27535E-1 1.89371E-1 2.27476E-1 2.49216E-1 2.10369E-1 2.52667E-1 2.98289E-1 1.44569E-1 1.37767E-1 1.87582E-1 1.54156E-1 1.69695E-1 1.95931E-1 2.02935E-1 2.96799E-1 3.44352E-1 3.93202E-1 3.9054E-1 4.68255E-1 5.32223E-1 6.78917E-1 6.52824E-1 5.97271E-1 5.65058E-1 5.18026E-1 5.26193E-1 6.71459E-1 6.60052E-1 6.5578E-1 6.45403E-1 6.28072E-1 6.3724E-1 6.8542E-1 5.7604E-1 5.86564E-1 6.09334E-1 5.23767E-1 5.2514E-1 5.96439E-1 5.54753E-1 5.23571E-1 3.57867E-1 3.54564E-1 4.73211E-1 5.17577E-1 5.4139E-1 5.59868E-1 5.77429E-1 5.01261E-1 5.13535E-1 5.38552E-1 4.70554E-1 5.19935E-1 5.73781E-1
1.30035E-2 1.82379E-2 3.17394E-2 5.38735E-2 8.25329E-2 1.81562E-1 2.21643E-1 2.84079E-1 2.15836E-1 2.70101E-1 2.73792E-1 1.51398E-1 1.95542E-1 2.50226E-1 2.46889E-1 3.4706E-1 2.94345E-1 3.6923E-1 3.84071E-1 3.76304E-1 6.37703E-1 6.65806E-1 6.95711E-1 4.99991E-1 6.62162E-1 6.92398E-1 8.16578E-1 7.80304E-1 7.34433E-1 6.32208E-1 5.05073E-1 5.0455E-1 6.37888E-1 6.66709E-1 6.68029E-1 7.65308E-1 7.56501E-1 7.69239E-1 8.03333E-1 7.53147E-1 6.37698E-1 6.65197E-1 6.06756E-1 5.84608E-1 3.73888E-1 5.18206E-1 4.72012E-1 2.73269E-1 3.15667E-1 3.54738E-1 3.42423E-1 4.19228E-1 4.73063E-1 4.72895E-1 4.82485E-1 6.18029E-1 5.79786E-1 6.54927E-1 5.93332E-1 7.00435E-1
-9999 2.38598E-2 3.26444E-2 4.83164E-2 7.56357E-2 1.90357E-1 2.33211E-1 2.50739E-1 2.73457E-1 2.41147E-1 2.99876E-1 8.8684E-2 2.68564E-1 3.12518E-1 3.26652E-1 4.33307E-1 4.13515E-1 4.56064E-1 4.4491E-1 5.34117E-1 7.3529E-1 7.44886E-1 7.66953E-1 6.98322E-1 7.4633E-1 7.35301E-1 7.8616E-1 8.20479E-1 7.57529E-1 6.31846E-1 5.1267E-1 4.57325E-1 4.89097E-1 6.33568E-1 6.92902E-1 7.84917E-1 8.00922E-1 8.02482E-1 8.2483E-1 7.90144E-1 7.01347E-1 6.97405E-1 5.57052E-1 7.14701E-1 4.94775E-1 3.80912E-1 3.37614E-1 3.02211E-1 2.92015E-1 3.65531E-1 3.66188E-1 4.04443E-1 4.99087E-1 5.38045E-1 6.09071E-1 6.82751E-1 6.19166E-1 6.49153E-1 7.0452E-1 6.81092E-1
-9999 -9999 5.34618E-2 6.41489E-2 9.33789E-2 1.8332E-1 2.30852E-1 2.27952E-1 2.49518E-1 3.1775E-1 3.12651E-1 3.70581E-1 3.70639E-1 3.54984E-1 3.54371E-1 4.16473E-1 4.1103E-1 4.46778E-1 4.21167E-1 4.71096E-1 6.08797E-1 6.29886E-1 6.54717E-1 6.38304E-1 5.40069E-1 7.13292E-1 8.43677E-1 8.52972E-1 7.96193E-1 7.25074E-1 5.88563E-1 5.01971E-1 4.48294E-1 6.15417E-1 7.05203E-1 7.96248E-1 8.19176E-1 8.30321E-1 8.46097E-1 8.22617E-1 7.24664E-1 5.64326E-1 6.05961E-1 5.83852E-1 5.41161E-1 4.22853E-1 4.38755E-1 4.14803E-1 4.65626E-1 4.95966E-1 4.22072E-1 4.70315E-1 5.22869E-1 5.97439E-1 5.8033E-1 7.16646E-1 6.51189E-1 5.89688E-1 6.46752E-1 6.09782E-1
-9999 -9999 -9999 9.02059E-2 1.18346E-1 2.17281E-1 2.77057E-1 2.48015E-1 2.26315E-1 2.43958E-1 2.49994E-1 3.91992E-1 3.88998E-1 3.51188E-1 3.28672E-1 3.70939E-1 2.92153E-1 3.35428E-1 3.69023E-1 2.85639E-1 5.6987E-1 4.84982E-1 3.05529E-1 4.57384E-1 6.14716E-1 5.38047E-1 7.09319E-1 8.343E-1 8.27539E-1 7.88692E-1 6.59237E-1 5.77266E-1 4.73121E-1 5.8902E-1 7.10663E-1 8.01553E-1 8.25286E-1 8.46129E-1 8.64021E-1 6.88116E-1 7.75111E-1 6.70647E-1 5.82777E-1 6.34366E-1 6.62675E-1 5.86217E-1 5.19222E-1 4.57648E-1 5.34475E-1 6.00908E-1 4.32768E-1 6.09885E-1 5.8275E-1 5.8013E-1 5.22402E-1 7.33531E-1 6.71481E-1 6.0537E-1 5.51837E-1 5.77398E-1
-9999 -9999 -9999 -9999 1.44017E-1 2.60287E-1 3.1212E-1 3.31433E-1 2.65273E-1 2.38499E-1 1.97535E-1 2.96172E-1 2.93711E-1 2.66738E-1 2.63864E-1 3.26137E-1 3.52573E-1 3.96633E-1 3.35078E-1 3.98695E-1 5.4895E-1 5.91943E-1 5.45661E-1 5.57329E-1 6.10599E-1 7.3196E-1 7.10567E-1 8.06145E-1 8.31303E-1 7.91972E-1 7.13981E-1 6.74829E-1 5.46885E-1 5.7729E-1 6.95063E-1 8.01093E-1 8.26741E-1 8.48311E-1 8.65678E-1 8.414E-1 6.73412E-1 5.84526E-1 5.35846E-1 6.2513E-1 6.46482E-1 4.99015E-1 4.46835E-1 5.44364E-1 5.56268E-1 6.1599E-1 6.24546E-1 5.97286E-1 5.53137E-1 5.82383E-1 5.66525E-1 7.59342E-1 7.06477E-1 6.87811E-1 6.55176E-1 5.94666E-1
-9999 -9999 -9999 -9999 3.8094E-1 3.93418E-1 3.82391E-1 2.66793E-1 4.34109E-1 3.57166E-1 1.09651E-1 2.38874E-1 2.49159E-1 2.5639E-1 3.2009E-1 6.91652E-1 7.03737E-1 7.09146E-1 6.92526E-1 7.49857E-1 8.09643E-1 6.8847E-1 7.53379E-1 6.75377E-1 6.8761E-1 7.29613E-1 7.9417E-1 7.92738E-1 7.81395E-1 7.655E-1 7.25208E-1 6.86146E-1 6.43486E-1 6.03674E-1 6.75785E-1 5.97576E-1 6.354E-1 6.72102E-1 6.1852E-1 6.85797E-1 6.16411E-1 5.46926E-1 5.10987E-1 5.50306E-1 5.92284E-1 6.82275E-1 4.88031E-1 5.46206E-1 7.35081E-1 8.40586E-1 8.00649E-1 7.19402E-1 7.10902E-1 7.18752E-1 7.14116E-1 7.07999E-1 6.85471E-1 7.04228E-1 5.14103E-1 4.49103E-1
-9999 -9999 -9999 -9999 -9999 -9999 3.73016E-1 3.23854E-1 3.35016E-1 3.6136E-1 2.15917E-1 1.79656E-1 2.01961E-1 2.57391E-1 3.07802E-1 7.21668E-1 7.22177E-1 7.08958E-1 6.84822E-1 6.65193E-1 7.61979E-1 7.73574E-1 5.96342E-1 5.62121E-1 6.87271E-1 5.68709E-1 6.96616E-1 7.12562E-1 6.74238E-1 7.04616E-1 6.66453E-1 6.76825E-1 6.70441E-1 6.92264E-1 7.03283E-1 5.97766E-1 6.3324E-1 6.56483E-1 7.04135E-1 7.20012E-1 5.83755E-1 4.3843E-1 4.38608E-1 4.90282E-1 5.55967E-1 6.56756E-1 6.5493E-1 7.05458E-1 6.93518E-1 6.86188E-1 5.13193E-1 6.12812E-1 6.79107E-1 6.99934E-1 6.74981E-1 6.27126E-1 6.97425E-1 6.02666E-1 5.5655E-1 4.89173E-1
-9999 -9999 -9999 -9999 -9999 -9999 -9999 -9999 -9999 1.94012E-1 1.59386E-1 1.50028E-1 1.85582E-1 2.58228E-1 3.23651E-1 7.31408E-1 7.09164E-1 6.78794E-1 5.87262E-1 4.76779E-1 5.96567E-1 6.21385E-1 5.71345E-1 6.15587E-1 3.26742E-1 4.80332E-1 6.40074E-1 6.6041E-1 6.45582E-1 6.31959E-1 5.8875E-1 6.4247E-1 6.95349E-1 7.19195E-1 7.28208E-1 5.84792E-1 6.40735E-1 4.20616E-1 6.51014E-1 6.36677E-1 5.30452E-1 4.5422E-1 4.19707E-1 4.52034E-1 5.33936E-1 6.81912E-1 6.68851E-1 7.06421E-1 6.93809E-1 6.61837E-1 6.43443E-1 5.89887E-1 6.65322E-1 7.16284E-1 6.64214E-1 5.70738E-1 4.02572E-1 4.35048E-1 4.65744E-1 5.20551E-1
-9999 -9999 -9999 -9999 -9999 -9999 -9999 -9999 -9999 -9999 1.51803E-1 1.16477E-1 2.06267E-1 2.28375E-1 3.43193E-1 7.52981E-1 7.21424E-1 7.27387E-1 6.69553E-1 6.57342E-1 6.43197E-1 5.94435E-1 5.04479E-1 5.71761E-1 2.80384E-1 5.87632E-1 5.85354E-1 6.2688E-1 6.35992E-1 6.31189E-1 5.46663E-1 6.0875E-1 6.6974E-1 7.41084E-1 7.52815E-1 6.39463E-1 6.10255E-1 7.0043E-1 5.70799E-1 5.98432E-1 4.93326E-1 4.62018E-1 4.31033E-1 4.06283E-1 4.62864E-1 6.49837E-1 6.3016E-1 7.22377E-1 6.78442E-1 6.35149E-1 6.19851E-1 5.81164E-1 6.82878E-1 7.11342E-1 6.75617E-1 6.23508E-1 5.27755E-1 5.45392E-1 5.35242E-1 5.71399E-1
-9999 -9999 -9999 -9999 -9999 -9999 -9999 -9999 -9999 -9999 -9999 -9999 -9999 2.71085E-1 3.95929E-1 7.64175E-1 7.85433E-1 6.96137E-1 7.0425E-1 7.40658E-1 7.07181E-1 6.88029E-1 6.18862E-1 5.4218E-1 7.05426E-1 6.3897E-1 6.55675E-1 6.80136E-1 6.59645E-1 6.3086E-1 5.51234E-1 5.82813E-1 5.91671E-1 6.59351E-1 7.72366E-1 6.68933E-1 5.91578E-1 6.64725E-1 6.79794E-1 4.74736E-1 4.57069E-1 4.46505E-1 4.54713E-1 4.15069E-1 4.64237E-1 6.77134E-1 6.99352E-1 7.23806E-1 6.83384E-1 6.52265E-1 6.50078E-1 6.69966E-1 7.0706E-1 7.21429E-1 7.42675E-1 6.38664E-1 5.89789E-1 6.02503E-1 5.60224E-1 5.38144E-1
-9999 -9999 -9999 -9999 -9999 -9999 -9999 -9999 -9999 -9999 -9999 -9999 -9999 -9999 5.28648E-1 8.29483E-1 7.51308E-1 8.07746E-1 7.94433E-1 7.22013E-1 4.82818E-1 4.28953E-1 5.1773E-1 5.60508E-1 5.90382E-1 6.17132E-1 6.25721E-1 6.64048E-1 6.72604E-1 6.94718E-1 7.03988E-1 6.74747E-1 6.38394E-1 7.85168E-1 7.94695E-1 4.69592E-1 3.82095E-1 7.15511E-1 5.06765E-1 5.22988E-1 3.82954E-1 3.27972E-1 3.39988E-1 3.64936E-1 4.62126E-1 7.24835E-1 7.31704E-1 7.75445E-1 7.28418E-1 6.87532E-1 6.47593E-1 7.10658E-1 6.90514E-1 6.42102E-1 6.21794E-1 6.77139E-1 6.64171E-1 6.90256E-1 6.29155E-1 5.60427E-1
-9999 -9999 -9999 -9999 -9999 -9999 -9999 -9999 -9999 -9999 -9999 -9999 -9999 -9999 -9999 8.44616E-1 7.26146E-1 8.14848E-1 7.98062E-1 7.5717E-1 4.71963E-1 5.48788E-1 5.59569E-1 4.56227E-1 5.98002E-1 6.67516E-1 6.71184E-1 7.00545E-1 7.05515E-1 7.16191E-1 7.17996E-1 7.49129E-1 7.61343E-1 7.3574E-1 7.12424E-1 3.79095E-1 4.90487E-1 4.76978E-1 5.3433E-1 5.52049E-1 3.94545E-1 4.15583E-1 4.21508E-1 4.73998E-1 5.56384E-1 7.85222E-1 6.47822E-1 7.58685E-1 7.20921E-1 6.73513E-1 6.60426E-1 6.93794E-1 6.08166E-1 6.32976E-1 6.57248E-1 6.78892E-1 6.54984E-1 6.62061E-1 5.46837E-1 5.71287E-1
-9999 -9999 -9999 -9999 -9999 -9999 -9999 -9999 -9999 -9999 -9999 -9999 -9999 -9999 -9999 8.36119E-1 7.68754E-1 7.88256E-1 7.89361E-1 6.9446E-1 5.62483E-1 5.48464E-1 5.40801E-1 5.56053E-1 5.62277E-1 7.15904E-1 7.34972E-1 6.83128E-1 6.67756E-1 5.72836E-1 6.539E-1 7.39808E-1 7.80346E-1 8.0558E-1 7.32935E-1 5.93109E-1 4.38787E-1 6.33044E-1 6.29493E-1 6.44966E-1 5.11546E-1 4.73073E-1 4.56789E-1 4.72952E-1 4.89293E-1 7.33025E-1 7.49023E-1 7.57323E-1 7.12787E-1 6.35997E-1 7.05997E-1 6.7362E-1 6.39409E-1 6.82608E-1 6.49972E-1 6.65066E-1 6.63704E-1 5.79998E-1 7.134E-1 7.20861E-1
