Phytophthora/models/20240529_1714_25/Phytophthora_PA3_RUN3_MAXENT_outputs/projMaxent.asc
ncols         225
nrows         269
xllcorner     473009.9838
yllcorner     4429051.1748
cellsize      50.0
NODATA_value  -9999
[rows 26 to 51 of 269, columns 59 to 117 of 225]
2.27824E-3 3.944E-3 6.45E-3 6.78035E-3 1.04232E-2 3.82308E-3 4.00079E-3 5.1986E-3 9.9948E-3 8.77633E-3 7.34189E-3 5.69004E-3 6.15537E-3 5.83904E-3 2.75028E-3 3.00122E-3 5.18182E-3 4.7109E-3 3.61248E-3 3.89365E-3 7.65672E-3 1.33252E-2 1.6586E-2 1.64648E-2 1.02655E-2 8.85119E-3 1.03607E-2 9.45023E-3 1.81838E-2 1.87474E-2 1.71635E-2 1.43048E-2 1.40141E-2 7.92568E-3 1.66632E-2 1.76573E-2 1.8383E-2 1.60885E-2 7.00117E-3 3.7647E-5 2.82397E-5 3.50469E-5 6.76569E-5 8.67811E-5 2.1899E-4 3.99959E-4 1.61571E-4 9.5485E-5 8.74635E-5 7.60173E-5 7.34173E-5 9.04628E-5 9.99493E-5 1.05564E-4 1.7138E-4 2.18699E-4 1.47272E-4 1.19347E-4 1.58763E-4
4.2129E-3 6.18545E-3 9.90057E-3 8.48109E-3 8.25989E-3 3.63415E-3 6.0529E-3 8.94852E-3 1.44604E-2 1.37547E-2 1.05776E-2 9.91453E-3 8.35663E-3 4.18678E-3 4.25835E-3 3.91101E-3 3.50464E-3 3.16013E-3 3.85355E-3 3.84146E-3 6.33307E-3 9.89787E-3 1.0377E-2 1.79856E-2 1.20597E-2 1.04904E-2 9.1852E-3 7.96892E-3 1.80981E-2 2.1479E-2 1.62437E-2 1.47009E-2 1.53548E-2 6.68017E-3 8.25682E-3 1.51045E-2 2.61951E-2 3.67425E-2 1.18632E-2 6.13728E-5 4.59182E-5 5.07201E-5 6.66342E-5 1.02587E-4 4.01624E-4 3.75257E-4 2.57822E-4 2.70134E-4 2.21557E-4 1.2042E-4 8.93873E-5 1.0265E-4 1.10023E-4 1.07239E-4 1.25384E-4 1.98923E-4 2.30237E-4 2.72968E-4 2.79286E-4
5.56637E-3 5.09063E-3 6.6388E-3 5.73518E-3 5.01993E-3 3.74614E-3 9.00467E-3 1.49997E-2 1.45142E-2 1.47116E-2 1.06196E-2 1.03698E-2 1.13091E-2 9.87167E-3 1.25337E-2 9.41235E-3 7.82714E-3 4.32205E-3 3.84932E-3 3.8945E-3 4.45515E-3 4.19734E-3 8.77469E-3 1.16254E-2 2.13395E-2 1.80088E-2 1.32729E-2 2.0945E-2 1.43109E-2 3.29828E-2 2.28608E-2 1.55577E-2 1.19464E-2 6.64969E-3 1.05371E-2 2.03528E-2 3.38767E-2 3.38869E-2 1.55385E-2 7.47279E-5 5.59101E-5 5.29159E-5 5.08629E-5 4.13023E-5 1.06985E-4 2.42896E-4 3.32261E-4 4.65097E-4 4.37223E-4 2.83107E-4 1.46123E-4 9.37718E-5 8.26921E-5 1.17388E-4 1.11416E-4 1.51138E-4 4.60579E-4 3.20347E-4 2.65337E-4
4.38971E-3 2.22882E-3 5.4844E-3 6.80325E-3 3.6532E-3 3.05821E-3 5.64072E-3 1.45992E-2 1.43121E-2 1.28701E-2 1.12822E-2 1.36451E-2 7.32974E-3 6.65153E-3 9.88787E-3 1.09241E-2 9.86895E-3 5.74166E-3 5.7044E-3 2.93003E-3 4.53628E-3 6.85876E-3 3.7031E-3 6.60783E-3 1.12124E-2 1.3528E-2 1.31047E-2 2.72842E-2 2.54738E-2 3.62172E-2 2.63528E-2 1.5043E-2 8.98725E-3 1.06205E-2 1.50444E-2 1.95202E-2 2.93711E-2 3.26003E-2 2.43188E-2 1.32206E-4 9.23514E-5 8.47817E-5 6.33905E-5 3.82374E-5 7.90426E-5 3.30051E-4 2.3197E-4 2.2836E-4 3.07806E-4 2.2972E-4 1.98306E-4 1.24273E-4 8.04092E-5 1.22385E-4 1.49136E-4 2.45642E-4 2.82445E-4 2.77203E-4 2.72126E-4
7.67024E-3 7.6737E-3 5.28621E-3 5.42931E-3 4.06117E-3 4.96283E-3 1.06467E-2 1.51655E-2 1.78206E-2 1.57143E-2 1.25995E-2 1.15283E-2 5.13608E-3 4.54699E-3 6.77355E-3 9.08095E-3 8.60763E-3 4.76902E-3 4.25535E-3 4.3331E-3 1.0808E-2 9.3846E-3 2.77545E-3 4.47831E-3 7.24178E-3 1.51559E-2 1.73321E-2 1.47053E-2 2.70724E-2 2.86286E-2 2.73207E-2 1.44986E-2 1.00992E-2 1.54685E-2 2.11502E-2 2.69263E-2 3.42525E-2 3.54336E-2 4.0714E-2 2.70219E-4 1.89301E-4 1.89171E-4 2.10593E-4 9.94776E-5 3.17925E-4 3.01935E-4 1.32275E-4 1.0565E-4 1.03864E-4 1.0144E-4 2.54845E-4 3.01045E-4 1.59677E-4 1.22719E-4 1.3862E-4 2.62893E-4 2.22731E-4 1.65075E-4 2.12124E-4
1.612E-2 1.58382E-2 9.69722E-3 1.28242E-2 5.14608E-3 6.46415E-3 1.21024E-2 1.66334E-2 2.53986E-2 2.06617E-2 1.63293E-2 1.07441E-2 6.04416E-3 7.12382E-3 9.25754E-3 8.17598E-3 5.06582E-3 3.6739E-3 2.73602E-3 2.79463E-3 6.76872E-3 7.3675E-3 3.35933E-3 5.31744E-3 1.13991E-2 1.85065E-2 1.43412E-2 1.47185E-2 3.5961E-2 2.62952E-2 2.23841E-2 1.83882E-2 1.23346E-2 1.97604E-2 1.80085E-2 1.45087E-2 2.02477E-2 3.80887E-2 3.41711E-2 2.04413E-4 1.95554E-4 3.61921E-4 4.28973E-4 3.12723E-4 4.0308E-4 1.43033E-4 1.06231E-4 1.18567E-4 1.16027E-4 8.38874E-5 1.34681E-4 1.91076E-4 1.78207E-4 1.60503E-4 1.90887E-4 3.03363E-4 2.70204E-4 1.62661E-4 1.14627E-4
2.10918E-2 1.8427E-2 1.88731E-2 1.93133E-2 7.12425E-3 1.23217E-2 1.8887E-2 2.48134E-2 3.08563E-2 1.59285E-2 8.07608E-3 5.87604E-3 8.82907E-3 1.15142E-2 1.23656E-2 6.32786E-3 3.88964E-3 3.7936E-3 3.42341E-3 2.98392E-3 2.71834E-3 3.5709E-3 2.76472E-3 6.16956E-3 1.2651E-2 1.65005E-4 1.40402E-4 1.85442E-4 3.57143E-4 2.51315E-4 2.06298E-4 8.19894E-3 7.1369E-3 1.32586E-2 1.39064E-2 1.29133E-2 1.49215E-2 2.7079E-2 2.50704E-4 8.134E-5 6.9697E-5 1.41144E-4 1.89728E-4 2.34701E-4 1.6396E-4 8.41601E-5 1.22457E-4 9.1275E-5 7.98054E-5 8.43536E-5 1.22439E-4 1.22917E-4 1.45594E-4 2.37824E-4 2.15085E-4 2.85286E-4 3.15825E-4 1.5909E-4 1.08118E-4
1.48459E-2 1.56249E-2 1.62309E-2 1.47741E-2 8.99305E-3 1.66159E-2 2.15444E-2 2.31834E-2 2.78421E-2 2.33569E-2 6.91503E-3 6.88017E-3 9.27937E-3 8.44398E-3 5.01746E-3 8.85754E-3 1.02582E-2 6.52466E-3 6.20262E-3 7.68626E-3 6.17646E-3 3.36614E-3 4.95381E-3 7.57011E-5 9.3154E-5 1.30264E-4 1.12935E-4 1.20039E-4 1.69643E-4 1.49749E-4 1.00429E-4 6.30455E-3 8.37912E-3 9.183E-3 8.11948E-3 9.84046E-3 1.45294E-2 1.50447E-2 3.52969E-4 3.77655E-5 6.88024E-5 1.38483E-4 1.68458E-4 1.50669E-4 1.4692E-4 9.36403E-5 9.75577E-5 8.67697E-5 9.20254E-5 8.68839E-5 1.36857E-4 1.3163E-4 1.92891E-4 4.09044E-4 3.31047E-4 3.41824E-4 3.50926E-4 2.19909E-4 9.94671E-5
9.19547E-3 1.30591E-2 1.38273E-2 1.44846E-2 1.30343E-2 1.21136E-2 2.01527E-2 2.15022E-2 2.61367E-2 1.61778E-2 7.80603E-3 7.96818E-3 9.41407E-3 1.22958E-2 1.5718E-2 2.0856E-2 1.42438E-2 7.72144E-3 5.62854E-3 4.51802E-3 1.40896E-2 7.61586E-3 8.55865E-3 1.06307E-4 1.11601E-4 7.268E-5 6.53116E-5 7.17169E-5 8.09137E-5 6.31105E-5 1.1835E-4 9.34202E-5 7.96045E-3 6.51638E-3 6.95863E-3 1.2337E-2 1.95827E-2 1.38709E-4 1.29645E-4 5.64148E-5 9.17107E-5 1.19836E-4 1.72108E-4 1.43296E-4 1.34275E-4 8.57358E-5 1.91149E-4 1.84728E-4 1.29814E-4 9.33342E-5 1.18749E-4 1.11513E-4 1.48918E-4 3.78548E-4 4.93497E-4 4.59582E-4 4.52733E-4 2.30155E-4 2.04191E-4
7.47332E-3 1.07665E-2 1.17758E-2 1.3019E-2 1.13449E-2 1.31453E-2 1.9864E-2 1.98165E-2 8.94233E-3 1.03961E-2 9.09123E-3 6.92294E-5 8.12196E-3 1.57872E-2 1.83199E-2 7.89311E-3 5.84412E-3 5.52604E-3 2.879E-3 2.27542E-3 4.17885E-3 3.82444E-3 5.12825E-5 9.36656E-5 1.14757E-4 6.70933E-5 7.42927E-5 6.62226E-5 7.35602E-5 6.47289E-5 9.98622E-5 7.60344E-5 9.88286E-5 1.03305E-4 1.59254E-2 1.5306E-2 6.7825E-3 1.08341E-4 1.09541E-4 6.52365E-5 1.25331E-4 2.06537E-4 1.93874E-4 1.71121E-4 2.6323E-4 1.96927E-4 3.07386E-4 3.67619E-4 2.59062E-4 1.65211E-4 1.6482E-4 1.86356E-4 1.61183E-4 5.43031E-4 6.19319E-4 6.59307E-4 4.7174E-4 3.69235E-4 3.10854E-4
4.36378E-3 6.30713E-3 1.00786E-2 1.18488E-2 1.31924E-2 1.63719E-2 8.87681E-3 6.13375E-3 4.89805E-3 5.60726E-3 7.74273E-3 5.1629E-5 6.44352E-5 2.1329E-4 7.11183E-5 5.90171E-5 5.17747E-5 4.89199E-5 2.30956E-3 2.76986E-3 2.96489E-3 2.94307E-3 6.03693E-5 1.05559E-4 1.10494E-4 9.72234E-5 9.16444E-5 7.82658E-5 1.23229E-4 6.11026E-5 1.50572E-4 1.2584E-4 1.72333E-4 1.35535E-4 1.38783E-4 1.34878E-4 6.03113E-5 1.0698E-4 1.36199E-4 1.02313E-4 1.09693E-4 2.09162E-4 6.35835E-4 3.19442E-4 3.19392E-4 2.4698E-4 2.96484E-4 5.95984E-4 6.99002E-4 4.22608E-4 2.50203E-4 2.05285E-4 1.86444E-4 3.11689E-4 7.92388E-4 8.65273E-4 5.76862E-4 4.21553E-4 4.12439E-4
2.67321E-3 5.37198E-3 8.88024E-3 1.08518E-2 1.20346E-2 7.24262E-3 4.19163E-3 4.47195E-3 4.06018E-3 5.05627E-3 8.63201E-5 1.0491E-4 2.19191E-4 2.40915E-4 7.25628E-5 3.59159E-5 6.14712E-5 3.59024E-5 2.78811E-5 6.64785E-5 9.45189E-5 1.38134E-4 3.1468E-4 3.52725E-4 2.54003E-4 2.55005E-4 2.07887E-4 1.51734E-4 1.47868E-4 6.10038E-4 3.20182E-4 2.93722E-4 2.95081E-4 3.18296E-4 2.37263E-4 1.5898E-4 1.69434E-4 1.89054E-4 2.02331E-4 1.81059E-4 1.43433E-4 2.42942E-4 8.66388E-4 7.22459E-4 3.10632E-4 2.75814E-4 3.39314E-4 3.49876E-4 8.84394E-4 1.06527E-3 3.24485E-4 2.17088E-4 2.18853E-4 3.84803E-4 6.82369E-4 7.86505E-4 6.36245E-4 6.34318E-4 3.55468E-4
2.79559E-3 1.19433E-2 1.21534E-2 1.35534E-2 1.40066E-2 5.87792E-3 5.64171E-3 6.67289E-3 5.8088E-3 8.72199E-3 2.16359E-4 3.04574E-4 6.96565E-4 1.05018E-3 2.92634E-4 1.4559E-4 1.16439E-4 1.10844E-4 1.83909E-4 1.38054E-4 1.98021E-4 3.91382E-4 5.86393E-4 7.53237E-4 6.03006E-4 3.06414E-4 1.4737E-4 3.9608E-4 3.75733E-4 3.43347E-4 2.16543E-4 3.90812E-4 4.5715E-4 4.73929E-4 3.66302E-4 3.25742E-4 2.35374E-4 1.77029E-4 1.98698E-4 1.5873E-4 2.31905E-4 3.87567E-4 5.95973E-4 4.8956E-4 3.1714E-4 2.45106E-4 2.38896E-4 4.56883E-4 1.36014E-3 1.20604E-3 8.11554E-4 2.59943E-4 2.74774E-4 3.83656E-4 4.8709E-4 5.37929E-4 5.32061E-4 4.63974E-4 3.01445E-4
5.42E-3 8.00574E-3 1.22585E-2 2.6947E-2 2.55213E-2 1.66893E-2 1.35814E-2 1.70757E-2 1.81552E-2 1.96677E-2 2.5035E-4 4.12896E-4 7.33477E-4 8.44763E-4 2.76002E-4 3.21612E-4 1.90496E-4 1.4322E-4 2.71173E-4 3.39083E-4 3.3332E-4 3.39396E-4 5.79277E-4 8.2509E-4 3.81626E-4 4.09E-4 1.58983E-4 2.02624E-4 1.76122E-4 1.6966E-4 2.51739E-4 3.36366E-4 3.82478E-4 3.84668E-4 4.42842E-4 5.10438E-4 3.02484E-4 1.67169E-4 1.52934E-4 2.59579E-4 4.5791E-4 6.6637E-4 3.93989E-4 4.13583E-4 3.63467E-4 2.26317E-4 5.16751E-4 9.84873E-4 1.21493E-3 1.28748E-3 1.11156E-3 8.93639E-4 6.83257E-4 9.54393E-4 7.98507E-4 5.06485E-4 4.13021E-4 4.71533E-4 2.76652E-4
7.67729E-3 7.9876E-3 1.08004E-2 1.34901E-2 1.96851E-2 1.88868E-2 1.63662E-2 3.21556E-2 3.57068E-2 2.71834E-2 2.87012E-4 3.85864E-4 7.39909E-4 6.84412E-4 3.47483E-4 3.57617E-4 1.78054E-4 1.32349E-4 1.97845E-4 2.26996E-4 1.84381E-4 4.41801E-4 4.80549E-4 5.80443E-4 4.31891E-4 3.34002E-4 1.49354E-4 2.10479E-4 2.94871E-4 3.15753E-4 2.87161E-4 3.27185E-4 4.54314E-4 6.30934E-4 7.57952E-4 4.22678E-4 2.19662E-4 1.91289E-4 2.57278E-4 5.17375E-4 5.4228E-4 4.80986E-4 3.5347E-4 5.65887E-4 9.2678E-4 8.72561E-4 7.8219E-4 1.20359E-3 1.14622E-3 8.26688E-4 8.26899E-4 1.12658E-3 8.4874E-4 8.23191E-4 6.93155E-4 5.897E-4 4.49874E-4 3.12281E-4 2.91655E-4
1.22985E-2 1.28224E-2 1.84512E-2 1.41301E-2 1.8538E-2 1.67087E-2 2.08662E-2 5.50433E-2 4.48217E-2 2.91229E-2 4.66877E-4 4.57641E-4 6.08081E-4 6.81508E-4 2.85383E-4 1.43572E-4 1.91592E-4 1.88791E-4 2.36251E-4 2.23594E-4 1.82194E-4 3.85593E-4 4.17877E-4 5.34143E-4 4.6392E-4 2.87155E-4 1.6841E-4 2.34148E-4 3.05642E-4 3.7212E-4 1.98312E-4 3.39529E-4 4.02728E-4 5.97416E-4 6.04605E-4 3.19425E-4 2.30884E-4 2.4428E-4 3.49276E-4 4.40751E-4 7.58383E-4 3.84612E-4 3.85523E-4 6.94839E-4 9.26288E-4 6.36628E-4 4.69553E-4 1.15741E-3 1.25075E-3 1.22796E-3 6.94869E-4 5.00054E-4 1.15592E-3 9.16073E-4 2.91982E-4 3.995E-4 2.87583E-4 1.884E-4 1.84958E-4
2.31787E-2 2.04136E-2 3.62402E-2 2.40354E-2 2.26502E-2 1.64523E-2 2.30993E-2 4.63696E-2 2.98895E-2 2.50832E-2 5.73244E-4 6.07505E-4 5.89723E-4 6.65604E-4 2.73087E-4 2.58357E-4 3.36597E-4 3.74314E-4 2.27738E-4 1.87285E-4 3.18206E-4 4.60513E-4 5.40017E-4 7.08686E-4 7.54764E-4 2.70526E-4 2.76657E-4 2.44749E-4 1.53006E-4 2.49545E-4 3.96165E-4 3.82739E-4 3.91965E-4 6.52589E-4 4.33713E-4 3.45902E-4 2.89722E-4 2.88913E-4 3.47942E-4 4.34437E-4 7.29919E-4 5.14207E-4 6.24959E-4 7.30365E-4 5.86503E-4 4.15679E-4 4.21931E-4 5.99401E-4 1.20232E-3 1.21434E-3 1.22936E-3 5.72034E-4 7.99149E-4 8.90345E-4 3.40109E-4 3.36322E-4 3.68556E-4 3.16905E-4 2.46305E-4
2.50888E-2 2.57996E-2 4.00116E-2 2.76959E-2 2.14502E-2 2.68364E-2 3.24992E-2 5.37794E-2 4.94927E-2 3.44044E-2 6.1663E-4 1.10168E-3 7.96756E-4 5.39623E-4 3.82836E-4 4.7863E-4 4.1777E-4 3.40147E-4 3.63534E-4 2.77466E-4 2.0084E-4 2.8098E-4 4.37336E-4 8.59381E-4 6.42E-4 5.58993E-4 4.85632E-4 4.03219E-4 3.46252E-4 4.13133E-4 3.94097E-4 3.68263E-4 5.32325E-4 6.5719E-4 3.19377E-4 3.84485E-4 4.29691E-4 3.61338E-4 3.72174E-4 3.50268E-4 5.66748E-4 7.18992E-4 7.53448E-4 7.74744E-4 6.69679E-4 5.30007E-4 5.65363E-4 5.25018E-4 7.22734E-4 8.06569E-4 1.24137E-3 1.20661E-3 6.61611E-4 6.83827E-4 3.19334E-4 4.19375E-4 4.95139E-4 2.89801E-4 2.97798E-4
3.25843E-2 3.59522E-2 3.42289E-2 2.40422E-2 1.70576E-2 2.75562E-2 3.97515E-2 8.05316E-2 7.9927E-2 4.24072E-2 4.37245E-2 2.572E-4 5.90256E-4 5.93002E-4 6.30111E-4 6.84806E-4 4.58146E-4 2.17808E-4 2.33518E-4 2.00046E-4 1.6472E-4 2.44857E-4 2.88761E-4 1.04047E-3 7.52229E-4 7.39709E-4 5.92018E-4 5.08691E-4 4.16114E-4 4.9752E-4 6.7568E-4 7.32545E-4 8.35945E-4 4.68552E-4 4.27307E-4 3.73237E-4 4.0281E-4 4.36956E-4 4.10038E-4 3.74312E-4 4.9974E-4 9.57086E-4 1.12335E-3 1.13713E-3 8.66064E-4 5.98025E-4 5.25508E-4 6.98582E-4 5.13592E-4 4.2666E-4 1.06183E-3 9.25688E-4 4.01567E-4 3.38669E-4 2.34813E-4 2.27966E-4 2.41531E-4 2.19083E-4 4.48876E-4
5.98259E-2 4.22596E-2 1.81801E-2 1.18062E-2 1.2561E-2 1.63528E-2 2.69189E-2 6.33316E-2 6.30289E-2 6.63229E-2 3.38274E-2 4.79737E-4 1.20142E-3 1.07132E-3 5.7894E-4 7.17612E-4 4.2671E-4 1.31104E-4 2.42099E-4 2.33754E-4 2.84246E-4 4.03668E-4 3.21256E-4 3.99974E-4 1.02513E-3 8.84879E-4 4.10268E-4 6.75104E-4 5.17071E-4 7.39093E-4 7.56825E-4 7.68688E-4 7.53169E-4 6.86271E-4 4.31923E-4 2.90745E-4 2.84467E-4 3.72493E-4 5.54005E-4 5.11779E-4 5.35841E-4 2.01155E-3 1.98372E-3 1.89625E-3 1.22615E-3 5.65528E-4 5.75185E-4 7.14119E-4 4.93732E-4 4.79923E-4 1.0376E-3 6.41621E-4 2.6393E-4 2.33645E-4 2.83247E-4 3.88789E-4 3.02617E-4 2.41632E-4 6.42216E-4
6.23711E-2 2.24588E-2 1.90265E-2 1.29717E-2 1.40144E-2 1.75818E-2 2.27425E-2 5.48609E-2 6.17821E-2 1.19755E-1 5.11259E-2 5.45192E-2 1.5899E-3 1.21659E-3 5.32239E-4 5.78667E-4 5.50675E-4 1.39692E-4 2.95678E-4 5.46084E-4 4.9196E-4 4.72692E-4 4.02918E-4 4.09095E-4 1.46096E-3 1.3145E-3 1.08138E-3 1.03093E-3 8.20457E-4 6.41968E-4 5.47061E-4 3.70055E-4 6.0437E-4 6.55856E-4 5.47826E-4 3.74487E-4 2.94302E-4 3.96637E-4 4.1882E-4 3.88747E-4 5.17079E-4 1.89806E-3 2.06539E-3 1.62909E-3 1.53841E-3 8.10445E-4 5.01546E-4 4.67044E-4 7.02626E-4 8.0937E-4 1.07769E-3 4.51445E-4 2.61318E-4 2.05469E-4 2.07721E-4 2.494E-4 3.42785E-4 3.42296E-4 4.20243E-4
3.82587E-2 1.87324E-2 4.03432E-2 2.55242E-2 1.64962E-2 1.96645E-2 2.7328E-2 4.95084E-2 4.01865E-2 5.90664E-2 8.23507E-2 8.40401E-2 1.47939E-1 8.82856E-4 6.97255E-4 1.30234E-3 6.70948E-4 1.25913E-4 3.96744E-4 5.0554E-4 4.40039E-4 3.81983E-4 5.35203E-4 5.46955E-4 1.3282E-3 9.94691E-4 7.73473E-4 3.7602E-4 6.17022E-4 6.5359E-4 5.97255E-4 3.84273E-4 4.81681E-4 6.32329E-4 5.87311E-4 3.75718E-4 2.21117E-4 2.15272E-4 1.98293E-4 2.58458E-4 3.62253E-4 1.19184E-3 1.8743E-3 1.04593E-3 1.37161E-3 1.25544E-3 1.22743E-3 1.26553E-3 1.33068E-3 1.32291E-3 1.21737E-3 4.54674E-4 2.90912E-4 1.97828E-4 1.96683E-4 1.66721E-4 1.66044E-4 2.31292E-4 3.30805E-4
1.96212E-2 2.90829E-2 2.36112E-2 1.49932E-2 1.71292E-2 1.73393E-2 2.46763E-2 4.12484E-2 5.45028E-2 5.27431E-2 6.29784E-2 8.22914E-2 1.4856E-1 1.18577E-3 1.19474E-3 1.39786E-3 4.21721E-4 2.23976E-4 3.9585E-4 4.40486E-4 6.22439E-4 4.01023E-4 9.74426E-4 1.03609E-3 1.2201E-3 8.36232E-4 5.81688E-4 2.38276E-4 4.15536E-4 6.59152E-4 5.57189E-4 4.97606E-4 4.92649E-4 4.4634E-4 4.97646E-4 3.8273E-4 3.65359E-4 2.49111E-4 4.66664E-4 6.91991E-4 6.10275E-4 6.86419E-4 1.14165E-3 7.37241E-4 8.34145E-4 9.58682E-4 1.10594E-3 1.15811E-3 1.34679E-3 1.39657E-3 1.06924E-3 8.47986E-4 4.41719E-4 2.6423E-4 2.24521E-4 1.84945E-4 1.14109E-4 1.17261E-4 3.04778E-4
1.14572E-2 8.93805E-3 1.51575E-2 1.13141E-2 1.69377E-2 9.83993E-3 1.72311E-2 3.14068E-2 9.69301E-2 7.12404E-2 8.11969E-2 6.28592E-2 6.98506E-2 1.0913E-1 1.04874E-1 8.85101E-4 4.2163E-4 2.25703E-4 5.82229E-4 6.64828E-4 8.5856E-4 1.00264E-3 1.51821E-3 1.76468E-3 1.33914E-3 3.73968E-4 3.99608E-4 3.54522E-4 5.74123E-4 9.65564E-4 6.75708E-4 5.70558E-4 5.7843E-4 5.22837E-4 5.20303E-4 5.41701E-4 4.24402E-4 3.236E-4 3.12258E-4 4.2041E-4 2.9731E-4 5.25042E-4 1.04519E-3 7.68879E-4 5.03297E-4 4.68493E-4 5.88861E-4 5.89585E-4 5.68996E-4 1.39652E-3 7.64287E-4 4.80578E-4 4.03409E-4 7.42612E-4 3.45221E-4 2.47941E-4 2.27227E-4 2.61502E-4 2.95846E-4
1.00315E-2 1.05933E-2 1.29658E-2 1.52373E-2 1.02836E-2 7.98607E-3 1.4611E-2 3.57191E-2 9.49884E-2 1.02715E-1 3.69831E-2 3.78431E-2 3.34109E-2 1.10124E-1 1.04327E-1 5.06733E-2 2.53659E-2 2.87774E-4 4.27635E-4 4.53496E-4 1.02733E-3 1.52248E-3 1.86885E-3 2.34331E-3 1.16941E-3 1.00592E-3 9.50475E-4 1.01068E-3 8.00647E-4 9.25801E-4 6.75766E-4 6.91075E-4 6.70869E-4 6.60577E-4 7.3127E-4 7.56382E-4 5.91962E-4 4.97347E-4 3.63873E-4 4.31846E-4 7.02372E-4 9.20422E-4 8.95976E-4 5.87005E-4 4.91529E-4 4.75649E-4 5.38892E-4 5.87464E-4 6.93005E-4 1.38793E-3 5.00056E-4 3.9425E-4 2.84742E-4 5.07202E-4 8.47607E-4 4.66987E-4 3.07333E-4 3.33515E-4 2.67406E-4
7.88255E-3 2.12164E-2 2.22844E-2 1.22436E-2 6.42979E-3 7.53578E-3 1.29501E-2 3.1432E-2 1.01739E-1 1.04932E-1 1.0909E-1 1.17415E-1 1.34365E-1 1.00114E-1 6.7761E-2 5.24549E-2 3.02006E-2 3.12778E-2 3.96888E-2 4.71818E-4 8.97283E-4 1.46138E-3 2.05951E-3 9.43089E-4 1.33206E-3 1.08263E-3 7.99989E-4 8.3512E-4 5.97115E-4 8.13424E-4 7.12525E-4 7.30757E-4 8.20758E-4 7.65679E-4 6.86324E-4 9.03237E-4 7.67381E-4 7.76366E-4 4.96314E-4 5.61643E-4 1.20783E-3 1.08289E-3 7.65769E-4 5.37484E-4 4.70993E-4 4.55969E-4 4.55653E-4 4.48712E-4 5.873E-4 8.05034E-4 3.97818E-4 6.04935E-4 3.21488E-4 3.05531E-4 3.86125E-4 4.08633E-4 4.63597E-4 6.37773E-4 1.01949E-3
