Phytophthora/models/20240529_1714_25/Phytophthora_PA3_RUN3_MAXENT_outputs/projMaxent.asc
ncols         225
nrows         269
xllcorner     473009.9838
yllcorner     4429051.1748
cellsize      50.0
NODATA_value  -9999
[rows 234 to 259 of 269, columns 59 to 117 of 225]
6.8044E-1 6.15999E-1 6.91227E-1 7.68397E-1 9.3516E-1 9.53401E-1 9.72692E-1 9.59971E-1 9.58258E-1 9.37703E-1 9.00321E-1 6.52641E-1 9.18025E-1 9.15841E-1 8.11047E-1 9.64403E-1 9.12334E-1 8.20207E-1 9.69632E-1 8.67896E-1 7.85061E-1 9.75082E-1 9.93163E-1 8.92483E-1 8.06242E-1 8.55865E-1 9.89774E-1 9.87299E-1 9.01772E-1 9.74254E-1 8.79106E-1 9.70354E-1 9.06307E-1 7.93873E-1 8.24347E-1 8.23627E-1 8.4078E-1 9.38717E-1 9.34834E-1 9.33314E-1 9.43743E-1 7.79355E-1 8.05002E-1 9.04052E-1 8.46764E-1 9.43334E-1 8.31255E-1 7.53538E-1 9.11588E-1 8.67446E-1 8.04104E-1 8.66474E-1 6.76781E-1 7.83357E-1 7.51815E-1 7.02757E-1 7.10128E-1 2.55742E-1 2.39218E-1
7.83607E-1 6.5782E-1 9.01042E-1 9.24363E-1 9.52194E-1 9.56478E-1 9.58356E-1 9.57588E-1 8.74517E-1 9.08961E-1 9.87844E-1 8.08943E-1 9.27115E-1 9.70514E-1 9.56506E-1 6.81278E-1 8.0584E-1 6.9023E-1 9.67346E-1 9.31345E-1 9.31308E-1 8.83901E-1 9.88569E-1 8.49163E-1 9.61397E-1 9.67502E-1 8.59633E-1 9.60402E-1 9.63609E-1 7.86471E-1 7.38459E-1 7.49522E-1 9.27217E-1 8.63504E-1 8.58949E-1 7.64218E-1 8.36126E-1 9.49399E-1 9.44976E-1 9.41924E-1 9.50275E-1 8.05603E-1 7.50579E-1 7.84789E-1 8.97268E-1 8.75979E-1 9.57906E-1 8.71039E-1 8.49893E-1 9.15438E-1 8.12936E-1 8.18061E-1 8.92454E-1 7.81919E-1 7.68426E-1 7.82108E-1 7.69943E-1 6.63083E-1 4.46241E-1
8.67311E-1 8.18477E-1 9.17232E-1 9.29841E-1 9.33474E-1 8.86983E-1 8.34836E-1 7.96643E-1 9.62249E-1 9.41784E-1 9.82953E-1 9.65353E-1 8.67063E-1 7.35583E-1 6.36118E-1 7.38468E-1 8.17684E-1 7.50426E-1 9.6476E-1 9.65026E-1 9.10016E-1 8.65978E-1 9.84556E-1 8.94237E-1 9.74969E-1 9.12358E-1 9.7863E-1 8.48515E-1 9.66911E-1 9.41891E-1 8.68168E-1 9.23329E-1 8.56206E-1 7.99145E-1 9.76375E-1 8.07002E-1 9.60426E-1 9.62476E-1 9.58957E-1 9.55033E-1 9.61624E-1 8.61376E-1 9.73263E-1 9.77372E-1 9.78045E-1 9.39809E-1 9.77484E-1 8.87148E-1 9.40891E-1 9.44935E-1 7.71635E-1 8.15438E-1 9.66506E-1 9.58171E-1 9.58578E-1 8.68101E-1 8.04734E-1 8.00843E-1 6.37715E-1
8.68407E-1 9.17841E-1 9.27062E-1 5.27816E-1 5.46794E-1 4.19266E-1 7.67948E-1 9.39367E-1 8.91908E-1 8.90224E-1 7.36739E-1 9.53357E-1 9.05727E-1 9.14563E-1 9.22323E-1 8.57535E-1 8.99292E-1 7.73595E-1 9.38704E-1 9.37453E-1 8.94427E-1 8.04316E-1 9.28241E-1 9.46614E-1 8.68816E-1 9.69418E-1 8.53238E-1 8.83669E-1 9.2954E-1 9.7128E-1 9.39837E-1 9.5263E-1 9.922E-1 8.66607E-1 9.59012E-1 8.63029E-1 9.74988E-1 9.70748E-1 9.59818E-1 9.6446E-1 9.67424E-1 9.64882E-1 9.75266E-1 9.77742E-1 9.48405E-1 9.75871E-1 9.78776E-1 8.53631E-1 9.90975E-1 9.91174E-1 9.40109E-1 8.57316E-1 7.74931E-1 8.53572E-1 9.11282E-1 9.07247E-1 9.63148E-1 9.63167E-1 9.56018E-1
7.05568E-1 6.35421E-1 4.98333E-1 4.53508E-1 4.48258E-1 5.311E-1 5.34054E-1 4.98322E-1 7.11827E-1 7.72201E-1 7.50522E-1 7.68745E-1 7.4759E-1 8.22788E-1 7.99744E-1 8.61507E-1 8.86869E-1 7.0028E-1 9.37451E-1 9.00756E-1 8.9563E-1 8.59519E-1 8.82113E-1 8.69834E-1 8.07575E-1 8.3518E-1 9.31495E-1 6.99404E-1 9.29868E-1 9.27336E-1 8.83521E-1 9.55882E-1 9.74554E-1 9.33912E-1 9.65594E-1 9.00897E-1 9.72535E-1 9.68442E-1 9.64542E-1 9.2806E-1 9.64616E-1 9.68366E-1 9.68626E-1 9.07646E-1 9.03123E-1 9.75803E-1 9.75886E-1 8.45578E-1 9.13695E-1 9.61678E-1 9.32717E-1 7.37796E-1 9.66686E-1 9.67406E-1 9.68514E-1 9.69059E-1 9.30989E-1 9.39614E-1 9.24464E-1
8.37843E-1 8.22546E-1 7.83012E-1 8.6708E-1 5.49418E-1 7.88261E-1 7.44682E-1 6.15882E-1 7.40675E-1 8.75516E-1 9.28883E-1 8.81749E-1 7.89021E-1 8.67449E-1 9.76308E-1 8.4726E-1 9.07027E-1 8.26144E-1 9.78739E-1 9.78991E-1 9.79614E-1 8.51576E-1 8.48089E-1 8.40358E-1 8.98086E-1 7.96157E-1 9.65815E-1 9.23988E-1 8.44864E-1 8.81629E-1 8.73942E-1 8.95018E-1 6.50312E-1 8.87634E-1 9.34016E-1 8.98371E-1 9.02497E-1 9.65496E-1 9.60811E-1 9.58699E-1 9.10298E-1 8.52364E-1 9.14375E-1 9.71061E-1 8.27297E-1 9.53211E-1 9.72675E-1 8.25583E-1 9.25534E-1 8.20204E-1 8.31331E-1 8.71247E-1 9.49148E-1 9.39568E-1 9.3987E-1 9.40093E-1 9.39679E-1 9.3922E-1 9.3544E-1
7.01377E-1 4.54501E-1 4.40565E-1 7.43014E-1 5.85803E-1 8.72846E-1 6.79509E-1 5.12926E-1 5.76757E-1 8.081E-1 8.14005E-1 7.65328E-1 7.91514E-1 6.88373E-1 8.64266E-1 9.50177E-1 9.8279E-1 8.64961E-1 8.32433E-1 9.65393E-1 9.52789E-1 9.6528E-1 9.80942E-1 8.70775E-1 9.5551E-1 7.90038E-1 8.86498E-1 9.05646E-1 9.3574E-1 8.44297E-1 9.35244E-1 9.79957E-1 8.90524E-1 8.0412E-1 9.08106E-1 8.61029E-1 8.23661E-1 9.61055E-1 9.56525E-1 9.53581E-1 8.61523E-1 9.5917E-1 8.99399E-1 7.7903E-1 9.53788E-1 8.58802E-1 9.69145E-1 8.41308E-1 9.30146E-1 7.74386E-1 7.56829E-1 8.81363E-1 9.32766E-1 9.20005E-1 9.17601E-1 9.16486E-1 9.15716E-1 6.92639E-1 5.97698E-1
5.18499E-1 5.10844E-1 6.64843E-1 6.41524E-1 7.90296E-1 8.81786E-1 6.91251E-1 5.53922E-1 8.2659E-1 9.61643E-1 9.65569E-1 8.82729E-1 4.83918E-1 6.86999E-1 7.20086E-1 9.68225E-1 7.60008E-1 6.55945E-1 7.73618E-1 9.44523E-1 9.84508E-1 9.81192E-1 9.80857E-1 9.80426E-1 9.45056E-1 8.62227E-1 8.19374E-1 8.93818E-1 9.70016E-1 9.6949E-1 9.6842E-1 9.51681E-1 9.26475E-1 8.67534E-1 9.67521E-1 8.23187E-1 8.38374E-1 9.446E-1 9.06096E-1 8.52365E-1 9.53622E-1 9.57105E-1 9.09752E-1 9.6924E-1 9.75069E-1 9.60527E-1 9.16971E-1 8.61596E-1 8.2475E-1 6.60912E-1 6.63062E-1 7.08354E-1 7.70655E-1 8.08476E-1 8.84968E-1 8.83323E-1 8.81935E-1 6.86014E-1 4.01325E-1
7.02439E-1 9.5835E-1 7.03228E-1 5.96615E-1 5.45241E-1 5.95569E-1 5.15209E-1 7.35977E-1 8.56227E-1 9.13128E-1 9.26494E-1 8.48441E-1 9.03786E-1 8.87665E-1 9.64023E-1 9.78488E-1 9.50434E-1 8.65639E-1 7.23243E-1 9.53855E-1 9.91529E-1 9.89845E-1 9.86438E-1 9.80549E-1 9.77498E-1 9.73544E-1 8.85168E-1 8.58255E-1 9.61838E-1 9.60537E-1 9.59776E-1 9.48577E-1 6.87092E-1 9.40812E-1 9.49122E-1 8.3731E-1 9.26304E-1 7.08293E-1 7.40212E-1 7.83268E-1 7.31508E-1 7.66155E-1 8.97039E-1 9.42959E-1 7.33125E-1 8.85178E-1 9.19407E-1 8.63099E-1 8.59428E-1 5.04393E-1 8.5261E-1 6.37393E-1 6.3372E-1 5.55885E-1 6.81405E-1 6.19119E-1 8.38201E-1 8.2747E-1 3.41465E-1
8.58981E-1 9.21509E-1 5.6378E-1 6.61155E-1 8.42682E-1 8.25235E-1 5.83291E-1 8.39782E-1 8.60061E-1 8.91417E-1 8.5504E-1 6.96295E-1 9.68337E-1 8.27748E-1 9.75578E-1 9.77618E-1 9.51122E-1 9.75346E-1 8.69385E-1 9.6571E-1 9.79789E-1 9.79994E-1 9.90898E-1 9.79417E-1 9.76953E-1 9.74198E-1 9.70585E-1 9.63951E-1 8.14284E-1 7.53474E-1 7.14034E-1 6.32226E-1 8.74385E-1 9.22216E-1 9.31783E-1 7.9715E-1 7.69219E-1 8.7493E-1 9.81166E-1 7.88339E-1 9.06932E-1 7.30657E-1 8.16729E-1 5.93987E-1 8.19812E-1 9.19729E-1 7.66703E-1 8.65181E-1 8.75914E-1 9.30601E-1 7.33197E-1 6.29463E-1 7.19046E-1 4.18325E-1 2.93153E-1 3.16796E-1 2.40091E-1 3.50099E-1 3.50847E-1
6.4874E-1 5.85289E-1 7.61817E-1 5.7259E-1 8.8028E-1 9.1248E-1 6.31041E-1 8.53252E-1 7.84854E-1 6.97575E-1 5.93027E-1 5.44071E-1 8.10591E-1 9.45473E-1 9.75078E-1 9.77006E-1 9.59971E-1 9.73844E-1 9.3006E-1 9.58075E-1 9.77142E-1 9.77903E-1 9.82252E-1 9.85169E-1 9.76223E-1 9.74621E-1 9.72497E-1 9.69883E-1 9.66918E-1 9.63257E-1 8.74182E-1 5.41722E-1 8.80957E-1 8.58392E-1 8.87229E-1 7.89784E-1 8.8017E-1 9.34455E-1 9.68767E-1 9.33272E-1 9.01024E-1 7.95934E-1 6.40787E-1 7.43046E-1 9.52978E-1 9.52588E-1 9.68444E-1 9.65273E-1 9.4648E-1 9.34991E-1 8.31398E-1 6.74093E-1 6.11785E-1 4.35303E-1 4.45645E-1 6.41923E-1 5.61348E-1 3.1753E-1 4.09949E-1
8.24624E-1 9.44617E-1 9.57546E-1 8.43122E-1 8.44322E-1 7.5325E-1 7.12031E-1 5.96246E-1 6.71774E-1 8.29406E-1 8.65386E-1 8.22999E-1 9.5011E-1 9.73168E-1 9.74229E-1 9.75168E-1 9.66563E-1 9.74815E-1 9.36013E-1 9.27085E-1 9.603E-1 9.42229E-1 9.63604E-1 9.86727E-1 9.77205E-1 9.75141E-1 9.74079E-1 9.72652E-1 9.70484E-1 9.67315E-1 9.64457E-1 7.87955E-1 7.20764E-1 8.99062E-1 7.19436E-1 7.87556E-1 7.84661E-1 9.7888E-1 9.55614E-1 9.3775E-1 9.66662E-1 8.54171E-1 6.54974E-1 9.51683E-1 9.4118E-1 9.60381E-1 8.7518E-1 9.23927E-1 8.78897E-1 8.76871E-1 7.98574E-1 6.73972E-1 4.83904E-1 2.33819E-1 2.34913E-1 3.87089E-1 3.03426E-1 2.32558E-1 2.51406E-1
8.35635E-1 8.4241E-1 9.43825E-1 8.92779E-1 7.51749E-1 5.82927E-1 5.39684E-1 5.40962E-1 8.37973E-1 8.32237E-1 7.26232E-1 9.15691E-1 9.55849E-1 9.71809E-1 9.66606E-1 9.57276E-1 7.67816E-1 9.39422E-1 9.51129E-1 8.99089E-1 6.85881E-1 8.19779E-1 9.36486E-1 9.71617E-1 9.70655E-1 9.86752E-1 9.57581E-1 9.62937E-1 9.64206E-1 9.70125E-1 9.6746E-1 9.72894E-1 9.45084E-1 9.30471E-1 7.73963E-1 9.48669E-1 7.35453E-1 9.10662E-1 9.48975E-1 8.97166E-1 9.21182E-1 8.73113E-1 9.50377E-1 6.46351E-1 7.23024E-1 5.42203E-1 4.75235E-1 7.54274E-1 8.54917E-1 8.08929E-1 7.47014E-1 5.87082E-1 4.35271E-1 3.14104E-1 2.88269E-1 1.95368E-1 2.62319E-1 2.48206E-1 2.95091E-1
8.85921E-1 8.42418E-1 8.13513E-1 6.44785E-1 7.10044E-1 7.24342E-1 5.41234E-1 7.61549E-1 5.82553E-1 8.92769E-1 9.56179E-1 9.24507E-1 9.07398E-1 8.99691E-1 8.95199E-1 9.30483E-1 7.62195E-1 8.34738E-1 9.40474E-1 8.15977E-1 7.5749E-1 8.95311E-1 9.53477E-1 9.71524E-1 9.73567E-1 9.74934E-1 9.87322E-1 9.84971E-1 9.71691E-1 9.54884E-1 9.33813E-1 7.82674E-1 9.78546E-1 7.59529E-1 8.85553E-1 9.48779E-1 8.63211E-1 8.42361E-1 9.48164E-1 8.70863E-1 4.34198E-1 5.67061E-1 8.43587E-1 8.03298E-1 4.76908E-1 7.32049E-1 7.77686E-1 5.9307E-1 7.64159E-1 5.25503E-1 5.24272E-1 6.14148E-1 6.46557E-1 5.73931E-1 4.93252E-1 3.34288E-1 4.24601E-1 4.11498E-1 4.17219E-1
8.60967E-1 7.9197E-1 6.28262E-1 6.27498E-1 6.87632E-1 5.85833E-1 5.87349E-1 6.80847E-1 6.65701E-1 9.19428E-1 9.4694E-1 9.43796E-1 9.22883E-1 9.10212E-1 8.74275E-1 9.14589E-1 8.25269E-1 9.1284E-1 8.72083E-1 8.00725E-1 7.95334E-1 9.01518E-1 9.5673E-1 9.61015E-1 9.64935E-1 9.67526E-1 9.69623E-1 9.7089E-1 9.63678E-1 9.57452E-1 9.61154E-1 7.18562E-1 7.81622E-1 6.80085E-1 8.43204E-1 8.8924E-1 8.83906E-1 8.65062E-1 6.99377E-1 4.58924E-1 5.32472E-1 6.66066E-1 6.25765E-1 7.87189E-1 6.58714E-1 7.10642E-1 6.3306E-1 5.79553E-1 8.90105E-1 7.10489E-1 6.85261E-1 7.0316E-1 6.4845E-1 6.30258E-1 6.16462E-1 5.1855E-1 4.60638E-1 4.65133E-1 4.78935E-1
7.79829E-1 7.30094E-1 6.61057E-1 6.90463E-1 7.60351E-1 7.7693E-1 7.78588E-1 8.64086E-1 5.87417E-1 7.79398E-1 8.57055E-1 9.23206E-1 9.14959E-1 8.804E-1 8.84908E-1 8.96574E-1 6.90174E-1 8.8549E-1 8.5884E-1 8.58739E-1 8.27342E-1 9.33763E-1 9.39539E-1 9.4582E-1 9.52651E-1 9.57536E-1 9.13123E-1 8.77722E-1 8.77797E-1 9.36577E-1 9.17161E-1 8.81386E-1 9.68544E-1 9.59745E-1 9.54086E-1 8.77921E-1 6.56016E-1 6.11129E-1 6.50687E-1 4.01908E-1 7.33263E-1 5.79509E-1 6.01256E-1 6.61371E-1 6.89505E-1 5.87479E-1 5.64478E-1 7.32297E-1 8.92932E-1 9.26072E-1 8.71757E-1 7.80006E-1 7.09588E-1 6.11796E-1 6.37861E-1 6.12981E-1 6.25981E-1 5.88531E-1 5.53899E-1
6.67171E-1 6.73624E-1 7.47976E-1 7.49213E-1 7.47034E-1 7.73588E-1 8.28926E-1 7.85473E-1 5.54664E-1 6.70409E-1 7.53613E-1 8.36216E-1 8.41599E-1 8.94714E-1 7.64262E-1 7.20001E-1 5.66634E-1 8.39994E-1 7.72673E-1 7.84792E-1 8.68489E-1 9.11518E-1 9.16558E-1 9.2562E-1 9.36918E-1 9.44984E-1 8.55626E-1 7.93599E-1 8.8829E-1 8.99769E-1 8.08884E-1 8.9762E-1 8.96875E-1 9.18208E-1 9.55776E-1 9.53665E-1 8.33587E-1 7.03271E-1 3.33843E-1 5.00289E-1 7.0789E-1 7.45512E-1 6.92542E-1 6.89699E-1 6.69127E-1 8.48535E-1 8.80891E-1 9.52467E-1 9.45331E-1 8.39755E-1 8.97164E-1 9.13701E-1 8.88621E-1 7.31938E-1 7.94866E-1 8.60706E-1 8.85845E-1 7.34383E-1 8.22896E-1
6.75901E-1 6.93904E-1 7.08453E-1 6.00054E-1 5.87161E-1 5.26905E-1 6.35176E-1 6.27215E-1 6.4613E-1 6.757E-1 7.9863E-1 7.80592E-1 7.20986E-1 8.02077E-1 7.66249E-1 5.90678E-1 5.2195E-1 7.92402E-1 7.23559E-1 7.78695E-1 8.26367E-1 8.8766E-1 8.77395E-1 8.98938E-1 9.16018E-1 9.15373E-1 7.94584E-1 7.91173E-1 9.22325E-1 8.2835E-1 7.94643E-1 8.6282E-1 8.5901E-1 8.65791E-1 8.7424E-1 8.92156E-1 7.95239E-1 8.70184E-1 4.61549E-1 6.38915E-1 6.6627E-1 7.03684E-1 7.42064E-1 6.62049E-1 7.62467E-1 8.7489E-1 8.6762E-1 9.45525E-1 8.37516E-1 7.442E-1 6.23554E-1 5.49504E-1 8.57109E-1 8.98162E-1 7.82213E-1 7.09201E-1 7.30612E-1 7.10557E-1 8.0808E-1
6.75725E-1 7.07929E-1 5.74433E-1 7.06315E-1 6.98137E-1 4.72694E-1 6.53385E-1 5.17792E-1 6.47442E-1 5.40664E-1 6.99224E-1 7.28497E-1 7.2907E-1 7.53579E-1 7.86417E-1 7.22398E-1 5.29445E-1 6.145E-1 4.05142E-1 4.17666E-1 5.52305E-1 6.59314E-1 8.03367E-1 8.74882E-1 8.96373E-1 7.80816E-1 7.41705E-1 7.75701E-1 6.67872E-1 5.62787E-1 8.03308E-1 8.45414E-1 8.41267E-1 8.11093E-1 7.83489E-1 7.82426E-1 7.7573E-1 7.25852E-1 4.31509E-1 4.86611E-1 6.95556E-1 8.07147E-1 6.16961E-1 6.51426E-1 7.98797E-1 7.18174E-1 7.46416E-1 7.18016E-1 8.93405E-1 7.43321E-1 9.09923E-1 7.76419E-1 6.41185E-1 5.61142E-1 8.01795E-1 6.35895E-1 7.02143E-1 7.85218E-1 7.69621E-1
4.98028E-1 4.73674E-1 5.59623E-1 8.10279E-1 6.33615E-1 7.29156E-1 6.0361E-1 7.41516E-1 7.17511E-1 4.95394E-1 3.35768E-1 4.51787E-1 6.35555E-1 5.37727E-1 6.19258E-1 5.1156E-1 3.33812E-1 3.05206E-1 2.02572E-1 3.15902E-1 5.05899E-1 7.1031E-1 8.26315E-1 8.54794E-1 8.51001E-1 8.17093E-1 7.54561E-1 7.23271E-1 5.83109E-1 5.73682E-1 8.0458E-1 7.77535E-1 7.85827E-1 7.45903E-1 7.69225E-1 6.55846E-1 7.06532E-1 8.40625E-1 6.59487E-1 6.49027E-1 9.29188E-1 7.37697E-1 7.05735E-1 7.59945E-1 8.37309E-1 6.50283E-1 8.66687E-1 7.1982E-1 7.2618E-1 5.40949E-1 5.1674E-1 8.16346E-1 8.71879E-1 3.97841E-1 6.24175E-1 6.64564E-1 7.54845E-1 7.14968E-1 5.18909E-1
6.96469E-1 5.37107E-1 5.30363E-1 5.17178E-1 6.73657E-1 6.00498E-1 7.85644E-1 8.35044E-1 6.51358E-1 3.60799E-1 3.37274E-1 3.95344E-1 4.3007E-1 6.53077E-1 6.6221E-1 3.26314E-1 2.94862E-1 3.82972E-1 3.24561E-1 2.80293E-1 4.55965E-1 7.54353E-1 8.29554E-1 7.57199E-1 7.49296E-1 7.65596E-1 8.53849E-1 6.05357E-1 4.99497E-1 4.70547E-1 6.74659E-1 5.92096E-1 7.47735E-1 7.41029E-1 6.80519E-1 7.23469E-1 8.2159E-1 8.3409E-1 9.30601E-1 7.41257E-1 9.82245E-1 5.71159E-1 6.97769E-1 8.13361E-1 7.76938E-1 9.68986E-1 9.39531E-1 9.2703E-1 7.10097E-1 7.60271E-1 5.17923E-1 7.21446E-1 7.3556E-1 6.27407E-1 3.94052E-1 5.9988E-1 8.48509E-1 8.19151E-1 5.67022E-1
-9999 -9999 -9999 8.76963E-1 7.80199E-1 5.40431E-1 6.52099E-1 5.26332E-1 2.51441E-1 3.18379E-1 6.65618E-1 7.05528E-1 6.63036E-1 8.2812E-1 5.54322E-1 4.26453E-1 4.46218E-1 5.21328E-1 4.57984E-1 4.37809E-1 5.30383E-1 5.02664E-1 4.36487E-1 5.21299E-1 5.40495E-1 6.84346E-1 8.27812E-1 6.68119E-1 8.2106E-1 4.15029E-1 4.29313E-1 4.96509E-1 6.8133E-1 6.06368E-1 6.33814E-1 6.78577E-1 7.43619E-1 8.2802E-1 9.72305E-1 9.34958E-1 9.81788E-1 5.73471E-1 7.2566E-1 8.30651E-1 8.67476E-1 9.54581E-1 8.93027E-1 9.56161E-1 6.75736E-1 8.88999E-1 6.27084E-1 7.20738E-1 5.46088E-1 6.2428E-1 6.77765E-1 6.8123E-1 8.13675E-1 8.36629E-1 7.60761E-1
-9999 -9999 -9999 -9999 -9999 7.59526E-1 6.78499E-1 4.52183E-1 3.7583E-1 5.8325E-1 8.31885E-1 7.74968E-1 6.66316E-1 5.02969E-1 5.94349E-1 4.96236E-1 2.7979E-1 4.39499E-1 4.66449E-1 5.78612E-1 6.73649E-1 6.65098E-1 6.17789E-1 5.51343E-1 4.91459E-1 5.2618E-1 6.36253E-1 6.32559E-1 8.99842E-1 7.36026E-1 6.24384E-1 4.80775E-1 6.1032E-1 5.86759E-1 5.68237E-1 8.8129E-1 9.17318E-1 7.64319E-1 7.86134E-1 9.66964E-1 7.34829E-1 6.22036E-1 8.42544E-1 9.631E-1 9.61628E-1 8.14548E-1 6.231E-1 9.56915E-1 8.23438E-1 9.58723E-1 8.76876E-1 7.80111E-1 7.09707E-1 8.32618E-1 9.52424E-1 8.10949E-1 8.80576E-1 -9999 -9999
-9999 -9999 -9999 -9999 -9999 -9999 -9999 4.44243E-1 3.78764E-1 6.36561E-1 7.87511E-1 6.14763E-1 4.73711E-1 7.82971E-1 6.93104E-1 5.25679E-1 6.24004E-1 3.10989E-1 2.77192E-1 3.84061E-1 3.68194E-1 4.39599E-1 6.62464E-1 6.7123E-1 6.02742E-1 6.74818E-1 6.01861E-1 8.87751E-1 7.71402E-1 8.58756E-1 8.2321E-1 6.11707E-1 4.93269E-1 4.24249E-1 6.93032E-1 6.86327E-1 8.33831E-1 7.55576E-1 6.40843E-1 9.14421E-1 6.53091E-1 9.09231E-1 8.7094E-1 9.00361E-1 9.19971E-1 9.19071E-1 7.85139E-1 8.48496E-1 9.56604E-1 9.59371E-1 9.82481E-1 9.7271E-1 9.40329E-1 -9999 -9999 -9999 -9999 -9999 -9999
-9999 -9999 -9999 -9999 -9999 -9999 -9999 -9999 4.46667E-1 4.89284E-1 5.29509E-1 3.74994E-1 6.03165E-1 7.3317E-1 7.17538E-1 6.798E-1 5.4184E-1 6.86343E-1 5.07466E-1 4.00917E-1 4.39469E-1 5.03467E-1 4.72867E-1 3.63412E-1 4.75458E-1 5.62008E-1 6.83681E-1 9.10323E-1 8.08949E-1 7.71084E-1 7.55574E-1 5.99094E-1 3.88344E-1 4.41835E-1 8.22822E-1 8.57135E-1 9.12689E-1 8.00353E-1 6.7735E-1 9.14184E-1 7.54328E-1 8.09801E-1 8.34094E-1 9.1238E-1 8.80132E-1 7.89052E-1 9.61996E-1 9.49326E-1 8.43079E-1 9.76839E-1 -9999 -9999 -9999 -9999 -9999 -9999 -9999 -9999 -9999
-9999 -9999 -9999 -9999 -9999 -9999 -9999 -9999 -9999 -9999 4.90024E-1 4.15585E-1 2.51614E-1 2.94133E-1 4.59324E-1 5.53152E-1 7.31986E-1 6.2372E-1 5.5929E-1 4.8039E-1 5.33869E-1 7.1044E-1 3.78131E-1 4.02432E-1 6.88448E-1 8.6364E-1 8.30263E-1 9.22075E-1 9.11799E-1 6.45938E-1 6.04619E-1 4.89312E-1 6.55115E-1 7.08578E-1 8.20752E-1 8.27694E-1 8.55863E-1 8.35857E-1 8.76506E-1 9.51026E-1 7.26049E-1 9.1531E-1 9.70707E-1 9.20652E-1 8.63926E-1 8.19302E-1 9.47046E-1 9.07314E-1 8.75206E-1 -9999 -9999 -9999 -9999 -9999 -9999 -9999 -9999 -9999 -9999
