Phytophthora/models/20240529_1714_25/Phytophthora_PA3_RUN3_MAXENT_outputs/projMaxent.asc
ncols         225
nrows         269
xllcorner     473009.9838
yllcorner     4429051.1748
cellsize      50.0
NODATA_value  -9999
[rows 78 to 103 of 269, columns 118 to 176 of 225]
5.38112E-4 4.99389E-4 1.38958E-3 9.54125E-4 8.51777E-4 5.0081E-4 1.17003E-1 1.13671E-1 1.17226E-1 1.13133E-1 1.15171E-1 1.20008E-1 8.33848E-4 5.62959E-4 2.33408E-4 4.68493E-4 2.76497E-4 2.78499E-4 5.15118E-4 1.0191E-3 2.38842E-3 2.4433E-3 1.19035E-3 1.3703E-3 3.04941E-3 3.76802E-3 2.21068E-3 1.29381E-3 1.41683E-3 1.92291E-3 3.97156E-3 1.86668E-3 1.08141E-3 1.32938E-3 2.00122E-3 2.16454E-3 3.90546E-3 3.71165E-3 3.78636E-3 3.7841E-3 2.08893E-3 1.5294E-3 1.43535E-3 2.15082E-1 1.6256E-1 6.46343E-2 1.67439E-1 1.06892E-1 7.22221E-2 8.12062E-2 2.1881E-1 3.54055E-1 2.15841E-1 1.75894E-3 1.12784E-3 1.5588E-3 1.6397E-3 1.20118E-3 5.69802E-4
7.58726E-4 1.05794E-3 1.86847E-3 6.9606E-4 5.91721E-4 3.98715E-2 1.20804E-1 1.30017E-1 1.38633E-1 1.32319E-1 8.73998E-2 1.26632E-1 1.45089E-3 1.43175E-3 4.0742E-4 5.43645E-4 3.78636E-4 4.70824E-4 3.43301E-4 6.814E-4 1.70531E-3 1.85344E-3 2.17166E-3 1.37514E-3 2.40026E-3 3.14254E-3 1.88473E-3 1.33051E-3 1.28056E-3 2.09512E-3 3.17413E-3 4.09491E-3 1.32031E-3 9.43712E-4 9.22646E-4 9.77752E-4 3.38879E-3 3.8571E-3 4.26468E-3 3.93077E-3 2.03978E-3 9.13565E-4 1.28441E-3 8.0555E-2 2.0184E-1 1.06506E-1 1.20198E-1 4.80205E-2 7.91932E-2 8.86279E-2 9.02654E-2 9.03055E-2 1.38855E-1 1.40387E-3 2.26127E-3 3.01954E-3 7.84188E-4 1.05569E-3 1.08745E-3
1.00726E-3 7.96347E-4 1.19353E-3 1.55204E-3 6.21197E-4 5.35556E-2 1.34044E-1 1.42367E-1 1.34181E-1 1.16492E-1 9.88804E-2 1.32735E-1 1.61816E-3 1.7826E-3 7.06157E-4 5.92508E-4 8.94061E-4 7.47055E-4 4.29426E-4 6.54558E-4 1.38508E-3 1.21816E-3 1.41113E-3 1.90802E-3 2.21567E-3 2.02044E-3 1.63662E-3 1.03662E-3 1.29581E-3 1.82297E-3 2.64026E-3 4.37369E-3 1.74841E-3 9.54085E-4 8.5443E-4 8.48638E-4 1.78783E-3 2.66216E-3 2.55225E-3 1.91503E-3 2.76502E-3 4.07289E-3 1.19886E-1 1.03321E-1 7.40643E-2 4.93712E-2 3.76306E-2 3.9862E-2 6.56992E-2 1.25823E-1 9.5421E-2 6.00458E-2 9.52503E-2 3.0023E-3 2.53353E-3 2.83322E-3 2.18016E-3 3.70875E-3 9.95242E-4
1.21606E-3 1.2336E-3 6.65879E-4 8.48297E-4 3.50314E-2 4.34076E-2 1.36326E-1 1.34038E-1 1.24366E-1 1.18178E-1 1.10116E-1 1.36279E-1 1.78806E-3 2.03317E-3 7.81188E-4 6.36786E-4 8.39628E-4 1.10148E-3 7.5936E-4 1.67916E-3 1.39388E-3 2.24062E-3 2.716E-3 1.94692E-3 7.45218E-4 1.09349E-3 1.13627E-3 1.47983E-3 1.51151E-3 1.50655E-3 2.37072E-3 3.9846E-3 1.42495E-3 1.02658E-3 1.40034E-3 7.17648E-4 1.47688E-3 2.41647E-3 3.34714E-3 3.28402E-3 2.5124E-3 2.27481E-3 2.13875E-3 2.72001E-1 1.14336E-1 1.27985E-1 5.60155E-2 3.80165E-2 4.36594E-2 1.04192E-1 1.33823E-1 6.6503E-2 2.35337E-1 4.01751E-3 2.72159E-3 2.43748E-3 2.08387E-3 2.40738E-3 6.87622E-4
1.40333E-3 1.57257E-3 5.37553E-4 3.8457E-4 6.10893E-2 1.12462E-1 1.26101E-1 1.22808E-1 1.15218E-1 5.87031E-2 8.55121E-2 1.40613E-1 1.6484E-1 2.20853E-3 7.44846E-4 6.98775E-4 7.28005E-4 1.05159E-3 1.2473E-3 1.86499E-3 2.13251E-3 3.9704E-3 3.35358E-3 1.3925E-3 8.18621E-4 6.86406E-4 9.34651E-4 9.99601E-4 1.11137E-3 1.4458E-3 1.24759E-3 2.2111E-3 1.15299E-3 8.23313E-4 1.18152E-3 1.90472E-3 1.94727E-3 2.44727E-3 3.74714E-3 4.40626E-3 4.36091E-3 4.51616E-3 4.61927E-3 4.52422E-3 2.89034E-1 2.22413E-1 9.25862E-2 5.41205E-2 6.63958E-2 5.37911E-2 9.35412E-2 1.11721E-1 1.74541E-3 2.88319E-3 2.95636E-3 2.2299E-3 1.72722E-3 1.3668E-3 1.98226E-3
6.4312E-4 8.62832E-4 2.61732E-4 2.4606E-4 4.41354E-2 5.11664E-2 1.29051E-1 1.34603E-1 6.04747E-2 6.38233E-2 7.35557E-2 1.56532E-1 2.18864E-3 2.50827E-3 8.31325E-4 6.42664E-4 7.47382E-4 9.63889E-4 1.10965E-3 1.09697E-3 1.1607E-3 1.94489E-3 1.33362E-3 1.1724E-3 1.26775E-3 6.68979E-4 1.18667E-3 1.01521E-3 1.31909E-3 1.34959E-3 3.22068E-3 2.79021E-3 1.49248E-3 1.3968E-3 1.07986E-3 8.50231E-4 9.14833E-4 2.54623E-3 3.56121E-3 4.21024E-3 4.38194E-3 3.69943E-3 3.84005E-3 4.77974E-3 2.71235E-3 3.46133E-1 2.15282E-1 1.44825E-1 6.19719E-2 5.0658E-2 1.04609E-1 2.55301E-3 1.24212E-3 1.38551E-3 2.76896E-3 2.33498E-3 2.04114E-3 2.41366E-3 1.70244E-3
8.67692E-2 1.19461E-3 6.30143E-4 3.12E-2 3.4448E-2 5.7131E-2 1.30121E-1 1.42494E-1 1.02729E-1 1.25528E-1 1.58809E-1 1.74505E-1 2.39807E-3 2.69522E-3 9.56045E-4 6.57449E-4 8.11641E-4 1.00131E-3 1.67314E-3 1.15269E-3 1.4697E-3 1.65511E-3 1.22534E-3 1.18828E-3 1.49674E-3 6.21596E-4 9.58977E-4 1.32031E-3 2.38917E-3 2.88489E-3 2.13344E-3 4.00367E-3 4.92055E-3 2.95889E-3 9.34482E-4 9.91511E-4 9.8621E-4 1.76946E-3 2.12162E-3 2.99973E-3 4.34286E-3 3.30298E-3 2.49464E-3 2.74503E-3 4.92157E-3 3.27989E-3 2.03621E-3 1.19687E-1 9.96589E-2 5.6232E-2 7.4799E-2 1.94027E-3 1.24652E-3 8.90373E-4 1.1404E-3 1.05713E-3 8.33247E-4 1.12191E-3 1.14432E-3
1.84612E-1 1.40731E-3 5.5847E-4 1.8961E-2 4.44723E-2 5.12393E-2 1.05018E-1 1.49226E-1 1.55817E-1 2.0587E-3 2.3282E-3 2.26054E-3 2.52603E-3 2.46837E-3 8.6777E-4 7.94113E-4 1.10272E-3 1.66394E-3 2.90169E-3 1.25914E-3 1.68105E-3 1.38387E-3 1.42101E-3 1.10868E-3 1.14314E-3 6.45498E-4 1.04993E-3 1.43508E-3 1.78487E-3 3.09723E-3 4.02679E-3 4.03816E-3 2.94185E-3 2.365E-3 7.31209E-4 1.58947E-3 2.61155E-3 2.03141E-3 1.94832E-3 2.21783E-3 4.17223E-3 4.40706E-3 3.19563E-3 1.90093E-3 4.996E-3 4.91207E-3 1.81447E-1 1.89411E-1 1.14398E-1 1.00798E-1 6.31237E-2 5.75843E-4 9.47614E-4 1.045E-3 1.07535E-3 1.69602E-3 8.47533E-4 8.1495E-4 1.52465E-3
1.90837E-1 1.73934E-1 4.36391E-4 3.77663E-2 5.0972E-2 8.75272E-2 1.76808E-1 9.63732E-2 1.71945E-1 2.19112E-3 2.54824E-3 9.60493E-4 1.12739E-3 9.40085E-4 7.97464E-4 1.26408E-3 2.1864E-3 2.62948E-3 2.24018E-3 6.58494E-4 1.04199E-3 1.37776E-3 1.43037E-3 1.21482E-3 1.22143E-3 9.4733E-4 2.03277E-3 3.70047E-3 3.82123E-3 3.87397E-3 3.94234E-3 4.23327E-3 4.445E-3 2.80003E-3 2.60272E-3 3.21154E-3 4.1167E-3 4.10774E-3 4.04978E-3 3.34108E-3 4.2549E-3 4.41702E-3 3.47316E-3 1.46537E-1 2.02309E-1 4.01202E-3 1.8645E-1 3.26327E-1 1.4261E-1 1.05593E-1 1.0362E-1 6.99852E-4 4.40126E-4 5.9179E-4 1.3584E-3 1.74695E-3 1.26795E-3 8.87248E-4 7.78515E-4
1.9185E-1 1.72514E-1 3.84082E-2 3.78087E-2 3.87832E-2 7.04634E-2 1.13641E-1 1.12027E-1 2.29861E-3 1.75719E-3 1.34729E-3 4.0198E-4 5.09274E-4 7.62775E-4 8.19572E-4 1.45328E-3 2.17477E-3 1.68637E-3 1.25566E-3 6.28617E-4 1.04355E-3 1.52378E-3 1.67143E-3 1.81889E-3 1.7781E-3 3.34075E-3 2.77434E-3 3.76483E-3 3.9049E-3 3.86254E-3 3.85334E-3 4.7494E-3 4.09775E-3 4.23131E-3 4.33979E-3 4.30832E-3 4.2646E-3 3.50648E-3 1.61392E-3 2.74475E-3 4.32305E-3 4.49631E-3 3.4276E-3 1.9441E-1 1.16057E-1 1.59751E-1 2.21095E-1 2.10199E-1 1.45212E-1 9.84234E-2 9.91889E-2 9.06812E-4 5.34062E-4 4.41007E-4 8.75003E-4 8.92454E-4 9.01082E-4 7.1043E-4 7.13678E-4
1.85991E-1 1.16897E-1 5.82493E-2 5.1047E-2 6.95464E-2 9.94088E-2 1.67677E-1 1.6918E-1 1.11327E-3 7.35044E-4 4.4793E-4 4.96825E-4 4.37492E-4 5.00234E-4 8.51513E-4 1.2194E-3 1.88027E-3 1.57396E-3 7.56004E-4 7.89159E-4 1.19363E-3 2.35807E-3 2.98588E-3 2.8601E-3 1.60103E-3 3.93767E-3 4.87207E-3 5.72263E-3 5.09825E-3 7.01368E-3 6.21725E-3 6.4939E-3 5.21178E-3 5.04673E-3 5.37888E-3 5.13579E-3 3.01484E-3 1.43981E-3 1.18259E-3 1.842E-3 2.87364E-3 4.33921E-3 2.45774E-3 1.35951E-1 1.38272E-1 1.39805E-1 1.57266E-1 1.46818E-1 1.50555E-1 1.01881E-1 8.84726E-2 9.36464E-2 9.38243E-4 1.06373E-3 5.52365E-4 2.81605E-4 3.06345E-4 3.51063E-4 5.34741E-4
1.79988E-1 1.00599E-1 9.38829E-2 7.90389E-2 7.98144E-2 1.5157E-1 1.62475E-1 1.60527E-1 1.10281E-3 6.24454E-4 5.20563E-4 2.92472E-4 2.80295E-4 3.7951E-4 5.42769E-4 1.24192E-3 1.56663E-3 1.63715E-3 8.55141E-4 1.29548E-3 2.92441E-3 3.28647E-3 3.04958E-3 2.90532E-3 1.95076E-3 4.39177E-3 6.35095E-3 8.2694E-3 1.02015E-2 1.13993E-2 5.37699E-3 7.39505E-3 6.58431E-3 5.39285E-3 4.55729E-3 4.92253E-3 2.75999E-3 1.41428E-3 1.31554E-3 2.43467E-3 4.83942E-3 4.79703E-3 2.61013E-3 1.87878E-3 2.19641E-1 9.62051E-2 2.15322E-1 1.36957E-1 1.10719E-1 1.0101E-1 8.62544E-2 7.59686E-2 7.24792E-2 1.10605E-3 8.51853E-4 5.05877E-4 5.08676E-4 6.16144E-4 4.16895E-4
1.21086E-1 1.24146E-1 1.26475E-1 1.10549E-1 1.06492E-1 1.81416E-1 1.59577E-1 1.51124E-1 1.1363E-3 7.25233E-4 5.61938E-4 3.28091E-4 3.48249E-4 6.10341E-4 9.46836E-4 1.44205E-3 1.57664E-3 1.56012E-3 1.34052E-3 1.67881E-3 3.55323E-3 3.53313E-3 3.25889E-3 1.56489E-3 1.32982E-3 4.31722E-3 7.83656E-3 1.0907E-2 1.39926E-2 1.57189E-2 7.28883E-3 7.09859E-3 5.36307E-3 6.09301E-3 4.47548E-3 2.02702E-3 1.92864E-3 9.15527E-4 1.36983E-3 2.02488E-3 5.90328E-3 4.01793E-3 4.0741E-3 3.22472E-3 2.23453E-3 9.70074E-2 2.1083E-1 2.69454E-1 1.12525E-1 1.07373E-1 1.13089E-1 9.1541E-2 6.21186E-2 8.20271E-2 1.22484E-3 9.85165E-4 8.9317E-4 7.77722E-4 5.49179E-4
1.04108E-1 1.3933E-1 1.92057E-1 1.4206E-1 1.25641E-1 1.86688E-1 1.68266E-1 1.44442E-1 1.62417E-3 8.4326E-4 4.42299E-4 3.41349E-4 5.56111E-4 9.98209E-4 1.33983E-3 1.74143E-3 1.39992E-3 1.55195E-3 2.08556E-3 3.12807E-3 4.16724E-3 3.90395E-3 2.62316E-3 2.71009E-3 2.2788E-3 5.65289E-3 9.44261E-3 1.30696E-2 1.66263E-2 1.85406E-2 1.17588E-2 1.08271E-2 5.49867E-3 2.9764E-3 3.86109E-3 3.47607E-3 1.18724E-3 1.1665E-3 1.46314E-3 2.24314E-3 4.22135E-3 4.05652E-3 4.52044E-3 3.10634E-3 2.81851E-3 1.53573E-1 1.12349E-1 1.2018E-1 1.04875E-1 8.24336E-2 5.95059E-2 6.0825E-2 6.80374E-2 7.51214E-2 1.02128E-1 9.21807E-4 7.62129E-4 6.26196E-4 4.71499E-4
7.76297E-2 1.29862E-1 1.94164E-1 1.69002E-1 1.3721E-1 1.82463E-1 1.72917E-1 1.41413E-1 1.29185E-1 8.35958E-4 4.23865E-4 5.13594E-4 9.35744E-4 2.10198E-3 2.00007E-3 1.77434E-3 1.56095E-3 1.81807E-3 4.17526E-3 4.26504E-3 4.37955E-3 3.89214E-3 3.18231E-3 2.7353E-3 3.76925E-3 4.51036E-3 8.4769E-3 1.54568E-2 1.81562E-2 1.92661E-2 1.77051E-2 7.5378E-3 1.03213E-2 6.72492E-3 4.96436E-3 3.92338E-3 1.73275E-3 1.7963E-3 1.57542E-3 2.25635E-3 4.02629E-3 2.79975E-3 5.19891E-3 4.25418E-3 4.37586E-3 1.77297E-1 1.3705E-1 1.07924E-1 9.56029E-2 1.14431E-1 8.59938E-2 9.92177E-2 7.08439E-2 5.3615E-2 5.46044E-2 9.65114E-4 9.33475E-4 4.92326E-4 4.56433E-4
8.48241E-2 1.20205E-1 1.29267E-1 1.11144E-1 1.06396E-1 1.31978E-1 2.00545E-1 1.63004E-1 1.47795E-3 1.27867E-3 8.82689E-4 5.94393E-4 1.0929E-3 2.11383E-3 3.06329E-3 2.04004E-3 2.35796E-3 3.57102E-3 4.09505E-3 2.97017E-3 2.44839E-3 3.93786E-3 3.68825E-3 3.22075E-3 3.53916E-3 6.04638E-3 9.29592E-3 1.257E-2 1.53809E-2 1.67049E-2 1.45546E-2 7.32867E-3 4.18725E-3 1.42241E-3 2.21766E-3 3.55719E-3 1.58713E-3 1.00681E-3 8.73773E-4 1.76972E-3 4.18765E-3 4.6171E-3 5.28096E-3 5.11201E-3 3.54849E-3 2.47419E-3 1.52146E-1 1.70787E-1 1.39513E-1 2.54572E-1 2.01985E-1 1.22773E-1 1.0596E-1 8.33145E-2 8.0438E-2 9.97134E-4 1.06315E-3 5.59381E-4 4.89201E-4
1.09133E-1 7.77836E-2 6.14327E-2 4.68238E-2 7.75423E-2 1.87384E-1 2.2471E-3 1.65408E-3 1.4193E-3 8.96252E-4 1.44584E-3 2.86622E-3 1.83126E-3 2.3008E-3 3.10507E-3 3.45251E-3 3.52681E-3 3.83145E-3 4.15263E-3 3.02552E-3 2.80487E-3 2.02509E-3 3.56755E-3 3.30317E-3 3.39571E-3 4.99821E-3 7.18924E-3 9.55852E-3 1.18268E-2 1.28924E-2 1.15745E-2 5.76756E-3 2.43399E-3 2.10636E-3 1.74649E-3 1.02556E-3 1.02492E-3 8.78958E-4 7.94295E-4 1.94623E-3 4.42414E-3 5.44192E-3 5.33553E-3 5.22199E-3 2.86855E-3 2.56015E-3 2.32878E-1 3.21114E-1 2.56544E-1 2.46346E-1 2.38349E-1 2.14673E-1 1.35959E-1 8.90403E-2 8.86913E-2 9.27589E-4 9.85064E-4 8.21591E-4 9.71373E-4
9.71313E-2 7.98734E-2 7.3966E-2 8.05708E-2 1.2151E-1 1.54089E-1 1.76857E-3 1.34967E-3 1.26364E-3 1.44385E-3 1.59312E-3 2.27768E-3 2.06835E-3 1.93739E-3 3.5879E-3 3.71782E-3 3.74602E-3 4.0635E-3 4.28166E-3 3.06951E-3 2.98518E-3 1.71762E-3 3.47779E-3 3.19E-3 3.16532E-3 4.20951E-3 5.34349E-3 6.70667E-3 7.54045E-3 8.67828E-3 8.82419E-3 4.23933E-3 2.19785E-3 2.50201E-3 3.29146E-3 2.17901E-3 9.47467E-4 8.79407E-4 8.80247E-4 2.98783E-3 5.52431E-3 5.5303E-3 5.48039E-3 5.37684E-3 3.4331E-3 1.98185E-1 1.56196E-1 2.27517E-1 1.77405E-1 1.74929E-1 3.00987E-1 2.51884E-1 1.46092E-1 1.1941E-1 1.28186E-3 9.32483E-4 1.01204E-3 7.04113E-4 1.04918E-3
9.36427E-2 5.21307E-2 8.55632E-2 2.01696E-1 2.06758E-1 2.5726E-3 2.77622E-3 2.91813E-3 3.03157E-3 2.3125E-3 1.26816E-3 1.49781E-3 1.43249E-3 2.55726E-3 3.97051E-3 3.97287E-3 4.07746E-3 4.28806E-3 3.90164E-3 3.35364E-3 2.43388E-3 1.57794E-3 2.3044E-3 1.51121E-3 1.99703E-3 3.32638E-3 3.74916E-3 4.24125E-3 4.71648E-3 4.97775E-3 4.52697E-3 3.70828E-3 1.63246E-3 2.21665E-3 3.3771E-3 2.79317E-3 9.67212E-4 8.38048E-4 9.80525E-4 4.82098E-3 5.55714E-3 5.63544E-3 5.69167E-3 5.6784E-3 2.98163E-1 2.74684E-1 1.90999E-1 1.26089E-1 1.41581E-1 1.9207E-1 2.87414E-1 2.14906E-1 1.59438E-1 1.50304E-1 1.72071E-3 1.32787E-3 1.18578E-3 7.05428E-4 5.78322E-4
9.01864E-2 5.24713E-2 9.67782E-2 2.09465E-1 2.66472E-3 2.79013E-3 3.12034E-3 2.81635E-3 3.48596E-3 2.79185E-3 1.56855E-3 1.44627E-3 1.94186E-3 2.68757E-3 4.22866E-3 4.23705E-3 4.33157E-3 4.35183E-3 4.41818E-3 3.23148E-3 1.67159E-3 1.77274E-3 3.28592E-3 4.12845E-3 1.9562E-3 2.59572E-3 2.56781E-3 2.56195E-3 2.54351E-3 2.53526E-3 2.61919E-3 2.59696E-3 1.25075E-3 1.28041E-3 2.28726E-3 1.40038E-3 6.4036E-4 5.7975E-4 1.70711E-3 5.37263E-3 5.55632E-3 5.75017E-3 5.89012E-3 3.55318E-1 2.77878E-1 2.84433E-1 1.34944E-1 1.46208E-1 1.75396E-1 2.03789E-1 2.95647E-1 2.3051E-1 1.48401E-1 1.94519E-3 1.82301E-3 1.56367E-3 1.62971E-3 1.19246E-3 7.34985E-4
1.64442E-1 4.97413E-2 6.17159E-2 1.92846E-1 1.9319E-3 2.77113E-3 2.79734E-3 2.34768E-3 3.23436E-3 3.68785E-3 1.76453E-3 1.94107E-3 2.37945E-3 3.78862E-3 3.6649E-3 1.97466E-3 4.36141E-3 4.50726E-3 4.70328E-3 3.60394E-3 1.94923E-3 3.08445E-3 4.6795E-3 2.19856E-3 2.52277E-3 2.41666E-3 2.40234E-3 1.70303E-3 1.07353E-3 1.00808E-3 1.32131E-3 1.36112E-3 1.00562E-3 1.24582E-3 1.37692E-3 9.01283E-4 9.03415E-4 9.48482E-4 2.18154E-3 4.27443E-3 4.53369E-3 5.77901E-3 2.88805E-1 3.09703E-1 3.46486E-1 1.87462E-1 1.06117E-1 1.78312E-1 1.60359E-1 1.88342E-1 2.79406E-1 2.38537E-1 1.78783E-3 2.54693E-3 1.75514E-3 1.99463E-3 2.86761E-3 2.77013E-3 1.1208E-3
1.35919E-1 3.31101E-2 7.0368E-2 6.7519E-4 1.31978E-3 2.2965E-3 2.70997E-3 3.3299E-3 3.55179E-3 2.64368E-3 2.27381E-3 2.3151E-3 2.39284E-3 4.09776E-3 4.26893E-3 4.34504E-3 4.33917E-3 4.49019E-3 3.1901E-3 2.51623E-3 2.17822E-3 4.69822E-3 4.48541E-3 1.2778E-3 2.42189E-3 2.28342E-3 2.247E-3 2.2455E-3 1.14005E-3 1.48229E-3 1.45254E-3 7.16377E-4 9.29432E-4 2.56454E-3 2.93395E-3 1.869E-3 1.81731E-3 1.93776E-3 1.64616E-1 1.6447E-1 2.83065E-1 3.57137E-1 2.54403E-1 1.97414E-1 2.6372E-1 1.87227E-1 1.77365E-1 1.83883E-1 1.77086E-1 1.97784E-1 2.26159E-1 2.54775E-3 1.66709E-3 2.1585E-3 1.4829E-3 1.35442E-3 1.75189E-3 1.6861E-3 1.16562E-3
1.53659E-1 1.02944E-1 6.50853E-2 7.06526E-4 9.49285E-4 1.23207E-3 1.90764E-3 2.57442E-3 3.56085E-3 3.07515E-3 1.6954E-3 1.72398E-3 2.87302E-3 4.29184E-3 4.46473E-3 4.50809E-3 4.46658E-3 3.6249E-3 6.13539E-3 4.77764E-3 5.13752E-3 3.97325E-3 3.89019E-3 2.59107E-3 1.9336E-3 2.2419E-3 2.16781E-3 1.07224E-3 1.21929E-3 2.20536E-3 2.0361E-3 1.24119E-3 7.53165E-4 2.52554E-3 2.86271E-3 1.77096E-3 2.4671E-3 2.17544E-3 1.49148E-1 1.33311E-1 3.91991E-1 3.81243E-1 3.19663E-1 2.18689E-1 2.13448E-1 1.69318E-1 9.56447E-2 1.11377E-1 2.12384E-1 2.25921E-1 1.76931E-1 1.82744E-3 2.00787E-3 1.63138E-3 1.35701E-3 1.30743E-3 1.08246E-3 1.30215E-3 7.14081E-4
2.03825E-1 1.41823E-1 6.8485E-2 6.01251E-4 9.57257E-4 1.21178E-3 1.51402E-3 8.38744E-4 2.05018E-3 3.84786E-3 2.31039E-3 2.90377E-3 3.45579E-3 4.5473E-3 4.73242E-3 4.75186E-3 4.88806E-3 2.34586E-3 3.67233E-3 3.31812E-3 3.01657E-3 2.05581E-3 2.60665E-3 2.664E-3 2.32258E-3 1.69635E-3 1.24445E-3 1.22725E-3 1.12188E-3 1.99591E-3 2.02187E-3 1.56809E-3 1.08956E-3 1.45672E-3 3.3531E-3 2.45075E-3 2.45134E-3 2.0392E-1 1.92653E-1 1.82886E-1 4.42207E-1 4.35625E-1 3.02321E-1 2.68231E-1 2.82036E-1 1.6399E-1 2.71976E-1 3.40806E-1 3.45066E-1 1.97746E-1 1.52965E-1 1.62067E-1 3.06348E-3 2.19459E-3 2.07818E-3 2.14707E-3 7.90516E-4 9.48529E-4 1.90973E-3
2.85901E-1 2.00886E-1 7.78253E-2 6.07799E-4 1.30562E-3 1.70958E-3 1.53134E-3 9.62556E-4 2.46826E-3 3.934E-3 3.89706E-3 4.16463E-3 4.49842E-3 4.77352E-3 4.98698E-3 4.99837E-3 4.96171E-3 3.34346E-3 3.73908E-3 3.12366E-3 3.22775E-3 1.61625E-3 1.95027E-3 2.43455E-3 2.01651E-3 1.5374E-3 9.29699E-4 1.15645E-3 7.70287E-4 1.41963E-3 1.06892E-3 1.05147E-3 1.47209E-3 1.64306E-3 2.33771E-3 1.46489E-3 1.3184E-3 2.09059E-1 2.74667E-1 4.19736E-1 3.96655E-1 3.98935E-1 1.70498E-1 1.37815E-1 1.51099E-1 1.46993E-1 3.10065E-1 2.39183E-1 1.77057E-1 1.90904E-1 1.71381E-1 2.10439E-1 2.7561E-3 2.40568E-3 2.53555E-3 2.44445E-3 8.86794E-4 9.78587E-4 1.6683E-3
2.20714E-1 2.46173E-1 7.80577E-2 1.76389E-3 1.68466E-3 1.46548E-3 2.28358E-3 1.35989E-3 3.76493E-3 3.92746E-3 4.00544E-3 4.20704E-3 4.61295E-3 4.93963E-3 5.17081E-3 4.47587E-3 5.18318E-3 5.1008E-3 5.30786E-3 3.64069E-3 2.8816E-3 4.05631E-3 2.71222E-3 1.33861E-3 1.09817E-3 6.20658E-4 1.32085E-3 1.00674E-3 8.7612E-4 1.33954E-3 7.76993E-4 1.61101E-3 1.70365E-3 1.55652E-3 1.39536E-3 1.16844E-3 1.73862E-3 1.52618E-1 1.9429E-1 1.74014E-1 1.35714E-1 1.56313E-1 1.1236E-1 1.02926E-1 1.37104E-1 2.56627E-1 2.08958E-1 3.86164E-1 1.28746E-1 1.57231E-1 2.27504E-1 2.85284E-1 1.71258E-1 2.01943E-3 1.82064E-3 1.52224E-3 1.22552E-3 8.81457E-4 1.04104E-3
