Phytophthora/models/20240529_1714_25/Phytophthora_PA3_RUN3_MAXENT_outputs/projMaxent.asc
ncols         225
nrows         269
xllcorner     473009.9838
yllcorner     4429051.1748
cellsize      50.0
NODATA_value  -9999
[rows 52 to 77 of 269, columns 59 to 117 of 225]
1.05624E-2 1.98083E-2 2.19537E-2 1.51969E-2 8.51049E-3 8.59675E-3 1.80464E-2 6.05712E-2 1.14216E-1 1.01148E-1 1.15692E-1 1.1083E-1 1.0729E-1 1.39039E-1 1.03518E-1 7.04999E-2 5.84406E-2 6.2918E-2 4.89613E-2 3.24712E-2 3.98283E-2 6.49204E-2 8.96192E-4 5.45405E-4 8.6291E-4 9.1174E-4 7.26106E-4 8.46973E-4 7.80442E-4 9.43411E-4 4.83146E-4 1.67366E-3 1.01226E-3 8.42081E-4 8.95732E-4 7.53689E-4 8.30923E-4 9.71773E-4 7.38004E-4 1.19428E-3 1.0467E-3 8.33329E-4 1.17795E-3 7.07844E-4 4.87899E-4 4.93182E-4 5.4396E-4 5.066E-4 7.84942E-4 7.64254E-4 4.31319E-4 8.79095E-4 4.69078E-4 3.73561E-4 3.00734E-4 2.33248E-4 2.66171E-4 1.16873E-3 2.17227E-3
1.31458E-2 2.9069E-2 2.89192E-2 1.34088E-2 2.04251E-2 2.47726E-2 3.56932E-2 7.82487E-2 9.87991E-2 8.13449E-2 6.27846E-2 6.71395E-2 6.09131E-2 8.20461E-2 1.40705E-1 1.24806E-1 1.09668E-1 7.93724E-2 6.31757E-2 3.14249E-2 4.24581E-2 4.62136E-2 5.71181E-2 5.2687E-2 1.56501E-1 1.51826E-1 9.38807E-4 1.48278E-3 1.50736E-3 1.432E-3 1.57315E-3 2.21754E-3 1.06976E-3 8.18951E-4 8.26833E-4 7.91549E-4 7.5282E-4 8.50116E-4 7.45598E-4 8.81814E-4 6.06215E-4 4.33363E-4 7.93303E-4 8.03843E-4 6.68694E-4 5.40608E-4 5.36393E-4 7.60557E-4 1.42185E-3 6.55537E-4 4.62871E-4 5.05362E-4 4.13496E-4 3.90043E-4 3.79203E-4 4.13151E-4 3.04875E-4 5.42104E-4 1.52465E-3
2.26698E-2 5.4181E-2 2.23728E-2 8.8893E-3 2.47456E-2 3.55281E-2 6.60784E-2 7.71215E-2 5.69947E-2 5.0583E-2 6.27382E-2 5.22499E-2 4.73279E-2 8.02194E-2 1.80153E-1 1.25783E-1 9.27671E-2 7.9471E-2 5.8915E-2 3.34103E-2 4.86293E-2 4.59886E-2 4.50975E-2 5.30368E-2 1.59381E-1 1.38791E-1 9.92634E-2 3.10008E-3 3.07474E-3 2.38705E-3 1.28143E-1 1.83696E-1 1.47803E-3 8.04195E-4 7.80337E-4 7.93484E-4 8.98936E-4 8.37482E-4 7.09963E-4 7.13096E-4 5.39148E-4 8.84762E-4 5.45768E-4 6.24619E-4 6.21013E-4 6.0135E-4 1.0358E-3 1.49558E-3 2.03308E-3 5.37803E-4 5.19124E-4 4.8406E-4 4.61245E-4 3.98962E-4 5.31682E-4 7.95531E-4 1.82593E-3 1.72262E-3 5.51008E-4
3.43866E-2 4.63594E-2 1.01465E-2 1.23631E-2 2.59212E-2 5.53163E-2 9.54402E-2 8.09739E-2 9.31545E-2 5.60478E-2 5.83727E-2 7.34596E-2 5.87156E-2 1.28193E-1 1.57941E-1 1.61863E-1 1.16698E-1 1.04234E-1 5.90447E-2 5.14654E-2 5.46511E-2 6.2606E-2 5.14952E-2 2.65019E-2 4.98537E-2 1.8782E-1 9.18458E-2 1.66507E-1 1.51016E-1 1.50506E-1 9.74723E-2 1.40282E-1 1.39945E-1 1.11172E-3 9.59989E-4 9.77909E-4 1.14198E-3 8.29047E-4 8.14933E-4 5.97868E-4 4.15253E-4 7.99046E-4 3.13347E-4 5.29321E-4 5.67707E-4 5.98215E-4 7.84605E-4 8.05735E-4 1.20159E-3 8.08449E-4 6.57427E-4 5.35003E-4 5.56013E-4 6.82494E-4 1.5433E-3 2.82994E-3 1.63849E-3 1.57723E-3 1.07488E-3
3.78296E-2 2.54067E-2 1.08919E-2 1.94713E-2 2.02078E-2 2.8069E-2 3.94416E-2 3.38123E-2 3.27449E-2 4.5819E-2 3.90046E-2 7.92652E-2 3.87201E-2 1.01094E-1 1.45625E-1 8.39263E-2 9.4808E-2 9.42044E-2 7.75493E-2 7.10618E-2 5.84004E-2 5.1828E-2 5.26822E-2 5.32526E-2 9.63086E-2 2.17959E-1 6.80637E-2 7.0122E-2 7.23761E-2 1.69249E-1 4.50654E-2 1.41115E-1 1.69741E-1 1.799E-3 1.34173E-3 1.26737E-3 1.30225E-3 1.0403E-3 8.63508E-4 5.76744E-4 4.04853E-4 6.84146E-4 4.53961E-4 4.89179E-4 8.54618E-4 8.56026E-4 6.81489E-4 6.07341E-4 4.97034E-4 6.63083E-4 1.23276E-3 8.20678E-4 1.23479E-3 2.58981E-3 2.32833E-3 3.0109E-3 2.96341E-3 1.8234E-3 1.77E-3
3.02841E-2 1.43592E-2 1.65661E-2 1.36363E-2 1.90769E-2 2.64682E-2 4.67229E-2 3.37465E-2 4.02435E-2 5.58858E-2 2.23113E-2 1.79688E-2 2.15766E-2 4.16404E-2 3.84127E-2 6.97676E-2 9.2725E-2 1.66091E-1 1.90273E-1 7.73419E-2 6.55904E-2 5.9985E-2 6.55669E-2 5.36288E-2 9.05467E-2 1.30603E-1 8.17988E-2 3.96103E-2 7.6817E-2 1.7627E-1 7.32078E-2 1.45722E-1 1.5273E-1 1.50178E-1 1.98233E-3 1.74432E-3 1.30758E-3 1.21529E-3 9.12919E-4 4.14505E-4 4.0628E-4 5.962E-4 5.45865E-4 5.20042E-4 8.76317E-4 6.34974E-4 5.89281E-4 6.33291E-4 4.50845E-4 5.04021E-4 1.46668E-3 2.02132E-3 2.32487E-3 3.27797E-3 3.14163E-3 3.31196E-3 3.34002E-3 1.97699E-3 1.73367E-3
2.24299E-2 1.54585E-2 2.32208E-2 1.79861E-2 3.07882E-2 4.28789E-2 5.59673E-2 4.17922E-2 4.61962E-2 2.85886E-2 4.16336E-2 1.55576E-2 1.42697E-2 1.67632E-2 3.1817E-2 5.82692E-2 2.61123E-2 6.28585E-2 1.08551E-1 7.93313E-2 7.17543E-2 6.26817E-2 3.49515E-2 4.15342E-2 4.33591E-2 6.64418E-2 7.54604E-2 5.08409E-2 1.01689E-1 1.41628E-1 1.02392E-1 6.22677E-2 1.52172E-1 1.53354E-1 2.37897E-3 2.3362E-3 2.06877E-3 2.11466E-3 1.91243E-3 6.03208E-4 4.75922E-4 7.14515E-4 1.18884E-3 1.28428E-3 9.89693E-4 8.56799E-4 8.33491E-4 7.06905E-4 6.82942E-4 1.43557E-3 4.10903E-3 3.56185E-3 1.80296E-3 3.41877E-3 3.60942E-3 3.6714E-3 3.60962E-3 1.93694E-3 2.03918E-3
2.106E-2 1.98424E-2 2.51259E-2 2.90294E-2 4.01872E-2 4.21423E-2 4.96643E-2 6.55758E-2 4.7227E-2 2.29822E-2 2.81886E-2 6.18289E-2 3.68437E-2 2.16214E-2 1.60497E-2 1.89911E-2 2.44187E-2 4.65091E-2 6.55951E-2 8.62212E-2 1.27145E-1 6.70402E-2 3.49583E-2 2.54307E-2 2.37124E-2 3.09989E-2 5.19915E-2 4.82117E-2 1.42934E-1 1.99587E-1 1.23831E-1 6.34293E-2 1.80177E-1 1.71819E-1 2.02979E-3 2.27866E-3 2.58625E-3 1.55415E-3 1.40264E-3 7.03842E-4 7.32019E-4 1.03187E-3 1.04679E-3 7.42049E-4 8.13046E-4 9.85848E-4 9.46439E-4 9.22735E-4 1.77459E-3 2.21453E-3 4.32908E-3 3.82573E-3 2.08915E-3 2.57873E-3 3.57873E-3 4.07708E-3 2.89251E-3 2.40816E-3 3.43821E-3
1.77363E-2 2.6147E-2 3.09336E-2 3.03535E-2 2.90583E-2 3.54519E-2 4.73155E-2 4.78434E-2 4.26622E-2 3.83893E-2 1.77325E-2 2.70191E-2 2.61888E-2 4.18526E-2 3.54767E-2 3.44591E-2 5.06416E-2 5.84089E-2 5.19416E-2 8.25141E-2 1.0151E-1 9.0022E-2 4.18151E-2 2.38479E-2 2.57725E-2 2.69079E-2 6.50871E-2 6.41678E-2 1.19537E-1 1.41541E-1 1.32514E-1 1.89691E-1 2.83089E-1 2.79514E-1 2.1336E-1 1.97213E-3 1.80316E-3 1.70339E-3 1.79532E-3 6.46536E-4 4.6966E-4 8.95508E-4 8.51879E-4 7.47411E-4 1.37952E-3 1.28889E-3 1.18747E-3 2.42298E-3 3.95084E-3 2.91971E-3 2.34831E-3 2.82347E-3 1.75612E-3 1.89689E-3 4.86259E-3 5.35799E-3 5.10582E-3 4.92565E-3 2.22034E-3
2.49206E-2 4.17653E-2 4.50875E-2 4.30005E-2 4.72036E-2 4.99941E-2 5.73173E-2 1.99254E-2 2.66987E-2 1.82492E-2 1.56315E-2 1.9964E-2 1.01773E-2 2.78298E-2 6.99557E-2 6.05803E-2 7.46477E-2 1.03113E-1 9.15497E-2 7.93412E-2 1.38774E-1 2.03814E-1 5.68585E-2 3.7274E-2 3.77171E-2 2.74036E-2 7.53914E-2 1.03405E-1 1.02385E-1 1.20353E-1 1.46052E-1 1.60745E-1 2.80261E-1 2.73045E-1 2.49228E-1 2.08594E-1 1.67292E-3 1.65328E-3 1.01916E-3 4.45793E-4 4.48166E-4 9.03791E-4 1.4139E-3 1.23023E-3 1.73832E-3 1.51349E-3 1.65666E-3 3.58829E-3 4.51675E-3 3.50396E-3 2.81283E-3 4.95578E-3 4.04098E-3 2.93089E-3 3.67647E-3 4.93375E-3 3.88477E-3 2.70678E-3 2.16316E-3
1.99898E-2 4.73957E-2 6.61551E-2 6.77744E-2 8.29675E-2 7.88684E-2 6.17103E-2 2.80379E-2 1.87585E-2 2.04858E-2 1.87732E-2 2.76374E-2 2.18529E-2 2.75893E-2 5.70943E-2 6.57574E-2 1.37778E-1 1.39371E-1 9.19109E-2 1.11903E-1 1.6496E-1 1.56234E-1 1.09615E-1 7.22524E-2 5.44136E-2 2.58875E-2 6.42162E-2 7.58985E-2 1.23141E-1 1.38974E-1 1.4345E-1 1.24994E-1 2.79398E-1 2.78929E-1 2.62136E-1 2.35459E-1 1.70766E-1 1.81257E-3 8.329E-4 3.75453E-4 5.29142E-4 1.18314E-3 1.59443E-3 1.00128E-3 1.32013E-3 2.14767E-3 1.99565E-3 3.77398E-3 4.70438E-3 4.24902E-3 1.87325E-3 2.52236E-3 4.69166E-3 2.43635E-3 2.11407E-3 2.87121E-3 3.31151E-3 2.48613E-3 1.4852E-3
2.60453E-2 3.55138E-2 4.97959E-2 6.67903E-2 7.17389E-2 8.45298E-2 5.75848E-2 2.47283E-2 1.47651E-2 2.7422E-2 3.82192E-2 2.71017E-2 3.94722E-2 4.41595E-2 6.04655E-2 5.30805E-2 1.48083E-1 1.31712E-1 1.41227E-1 7.83375E-2 1.55937E-1 9.89089E-2 7.19254E-2 6.8645E-2 4.79621E-2 1.10372E-1 9.55682E-2 3.73867E-2 1.15198E-1 1.49017E-1 1.32418E-1 9.64803E-2 2.92097E-1 3.24688E-1 2.82303E-1 2.78591E-1 2.70279E-1 2.4024E-3 1.51483E-3 7.07245E-4 7.49474E-4 1.21638E-3 1.16362E-3 1.25569E-3 2.61014E-3 3.82573E-3 1.57892E-3 1.97909E-3 2.91987E-3 3.39153E-3 2.91788E-3 4.98704E-3 5.29696E-3 5.31373E-3 4.45297E-3 5.49411E-3 3.93368E-3 2.30914E-3 2.14222E-3
3.64127E-2 3.14819E-2 3.00815E-2 6.33278E-2 6.92303E-2 8.3589E-2 3.47156E-2 2.96197E-2 1.21769E-2 1.43393E-2 3.40635E-2 3.24122E-2 4.03178E-2 5.297E-2 5.22286E-2 5.6818E-2 1.4435E-1 1.32358E-1 1.36661E-1 5.39353E-2 4.92496E-2 4.99196E-2 7.32049E-2 4.27226E-2 8.86568E-2 7.5433E-2 1.07377E-1 5.37932E-2 8.97371E-2 2.28558E-1 1.89224E-1 1.29958E-1 1.65882E-1 2.95337E-1 2.96099E-1 3.02187E-1 3.02584E-1 2.92937E-1 2.96506E-1 2.64025E-3 2.18233E-3 1.69818E-3 1.7968E-3 2.66276E-3 3.54206E-3 4.29756E-3 1.93659E-3 2.38219E-3 3.36368E-3 3.3213E-3 3.67354E-3 3.94137E-3 5.7656E-3 5.75188E-3 5.80203E-3 5.83079E-3 6.20573E-3 2.69149E-3 3.59665E-3
3.68446E-2 3.2669E-2 2.97597E-2 6.4058E-2 6.69768E-2 4.95853E-2 2.15196E-2 1.99664E-2 1.97902E-2 2.03318E-2 4.04764E-2 4.03321E-2 3.09371E-2 5.96458E-2 6.64725E-2 7.52945E-2 7.65518E-2 1.34633E-1 1.05662E-1 3.91022E-2 4.19138E-2 4.4509E-2 5.60724E-2 3.15147E-2 2.89207E-2 3.76753E-2 3.87171E-2 4.79945E-2 1.00432E-1 1.97168E-1 3.32244E-1 2.58063E-1 6.39324E-2 1.67304E-1 3.04854E-1 3.1995E-1 3.19446E-1 3.07685E-1 3.02055E-1 3.06466E-1 2.76982E-1 3.6303E-3 4.06665E-3 5.29637E-3 4.44521E-3 5.13676E-3 3.44747E-3 4.22777E-3 5.045E-3 3.41768E-3 3.24703E-3 3.2983E-3 7.49976E-3 6.17076E-3 6.89665E-3 4.20992E-3 2.41391E-3 2.5919E-3 2.45775E-3
2.49713E-2 4.30196E-2 4.87101E-2 6.28278E-2 6.11337E-2 7.73824E-2 4.42939E-2 2.65963E-2 5.38954E-2 4.66299E-2 3.5102E-2 4.08309E-2 3.60759E-2 3.11903E-2 5.14253E-2 7.01857E-2 7.12533E-2 5.15615E-2 4.3902E-2 4.36223E-2 4.02204E-2 4.02518E-2 3.02641E-2 2.68611E-2 1.96118E-2 2.67412E-2 2.81072E-2 3.54132E-2 5.5706E-2 2.00977E-1 2.58053E-1 2.8609E-1 1.64425E-1 8.9747E-2 2.14794E-1 3.34167E-1 3.89091E-1 3.82127E-1 3.40505E-1 2.99213E-1 3.04656E-1 3.26142E-1 2.75355E-1 3.86726E-1 4.33468E-3 3.88302E-3 3.78876E-3 4.57224E-3 4.66186E-3 3.60498E-3 3.64396E-3 6.56432E-3 6.9652E-3 7.37368E-3 7.07518E-3 1.47357E-3 1.5683E-3 1.96619E-3 1.84306E-3
1.297E-2 2.49684E-2 4.43636E-2 6.33135E-2 4.31167E-2 6.30034E-2 6.80487E-2 3.62488E-2 4.68794E-2 5.89685E-2 3.49781E-2 3.67072E-2 4.3598E-2 3.47314E-2 3.61593E-2 5.83501E-2 1.03812E-1 6.95345E-2 4.56726E-2 5.08664E-2 3.52239E-2 2.91875E-2 7.04332E-2 3.68037E-2 2.71809E-2 3.37271E-2 3.45339E-2 6.33778E-2 1.13238E-1 1.91199E-1 2.26262E-1 2.47289E-1 1.69563E-1 7.84563E-2 6.19897E-2 2.20199E-1 3.90305E-1 3.26456E-1 3.20009E-1 3.20724E-1 3.54539E-1 3.83086E-1 2.4672E-1 3.80734E-1 3.62001E-1 3.37582E-1 4.38961E-3 6.69216E-3 7.04104E-3 4.6516E-3 4.96346E-3 6.96186E-3 6.9976E-3 6.97196E-3 2.62843E-3 1.35379E-3 2.36993E-3 2.25414E-3 2.02271E-3
1.65569E-2 3.30671E-2 5.77694E-2 7.05263E-2 5.58619E-2 4.74703E-2 4.12364E-2 3.10427E-2 5.08347E-2 7.39734E-2 7.94577E-2 6.60343E-2 5.81245E-2 4.5676E-2 4.17387E-2 7.52229E-2 1.14084E-1 5.24871E-2 1.98951E-2 5.06887E-2 1.40315E-1 5.6097E-2 9.86686E-2 1.22415E-1 5.51665E-2 4.01836E-2 4.424E-2 8.38912E-2 1.0092E-1 1.65501E-1 2.08097E-1 2.22741E-1 2.3597E-1 2.16636E-1 1.27677E-1 1.23275E-1 1.44445E-1 1.75175E-1 3.22636E-1 3.52287E-1 3.91073E-1 2.47013E-1 1.05775E-1 1.46145E-1 3.66801E-1 4.9158E-1 5.82779E-3 6.35303E-3 6.64135E-3 4.90288E-3 6.38818E-3 5.77995E-3 2.6799E-3 9.57962E-4 1.05415E-3 1.6313E-3 2.92666E-3 2.01023E-3 2.40572E-3
3.68375E-2 4.66496E-2 5.96471E-2 6.00675E-2 6.27192E-2 4.13579E-2 2.59114E-2 2.80659E-2 4.96694E-2 6.80904E-2 3.45253E-2 3.29787E-2 4.87957E-2 4.58332E-2 4.44559E-2 4.99266E-2 8.68282E-2 5.7834E-2 3.20205E-2 3.08003E-2 1.35011E-1 7.65794E-2 1.13533E-1 1.18729E-1 5.96967E-2 6.41568E-2 5.8547E-2 6.34201E-2 5.5628E-2 9.48019E-2 1.54898E-1 1.93846E-1 2.27552E-1 2.51966E-1 2.89482E-1 1.00472E-1 3.85752E-2 7.61461E-2 2.37076E-1 3.86771E-1 3.73571E-1 1.26957E-1 5.16553E-2 1.17859E-1 3.35326E-1 4.74371E-1 4.43539E-3 3.72411E-3 2.77417E-3 3.09687E-3 3.64972E-3 3.3527E-3 8.06931E-4 9.83762E-4 9.62645E-4 2.23501E-3 3.35512E-3 2.58399E-3 2.04526E-3
2.47638E-2 4.58804E-2 6.695E-2 5.9712E-2 6.10565E-2 3.20874E-2 2.20037E-2 2.9929E-2 3.93203E-2 3.8295E-2 3.96576E-2 2.82975E-2 3.8124E-2 3.20704E-2 4.51574E-2 3.65693E-2 3.84083E-2 4.38141E-2 5.2165E-2 4.7367E-2 6.77653E-2 1.014E-1 1.07725E-1 7.0222E-2 2.76904E-2 8.57895E-2 1.09507E-1 7.69898E-2 1.19085E-1 8.88267E-2 1.33344E-1 2.0569E-1 2.16276E-1 2.33995E-1 2.54201E-1 3.2341E-1 1.60353E-1 2.56963E-1 3.27293E-1 1.79E-1 1.40821E-1 9.22135E-2 1.30652E-1 1.7234E-1 3.61002E-1 4.0454E-1 6.19803E-3 4.10875E-3 2.43162E-3 2.14291E-3 1.9747E-3 1.08816E-3 8.24094E-4 8.13008E-4 1.02907E-3 1.76782E-3 2.54948E-3 2.70595E-3 2.02932E-3
1.88917E-2 2.25469E-2 5.95155E-2 6.04842E-2 6.06122E-2 1.57496E-2 1.54327E-2 2.05029E-2 2.92135E-2 2.42057E-2 3.01511E-2 2.09086E-2 2.4855E-2 2.91797E-2 3.9819E-2 3.2612E-2 3.89915E-2 4.08379E-2 3.92708E-2 6.42799E-2 1.03648E-1 1.09393E-1 6.64049E-2 5.41095E-2 2.08537E-2 2.90845E-2 8.54615E-2 1.35893E-1 1.14304E-1 1.10398E-1 5.67468E-2 8.36731E-2 2.05656E-1 2.50874E-1 2.62111E-1 2.53799E-1 3.02322E-1 1.51149E-1 3.15882E-1 9.80899E-2 2.98568E-1 3.2785E-1 3.43704E-1 2.52778E-1 3.33218E-1 3.55473E-1 4.89942E-1 6.24809E-3 3.64867E-3 2.12272E-3 2.0053E-3 1.41946E-3 1.45831E-3 9.42134E-4 1.17741E-3 1.7802E-3 1.7379E-3 2.02645E-3 1.90642E-3
1.68594E-2 4.67711E-2 5.62251E-2 6.10512E-2 5.78617E-2 1.75375E-2 1.37879E-2 1.41869E-2 3.31314E-2 3.09126E-2 2.32878E-2 2.4347E-2 2.22324E-2 2.65744E-2 3.3677E-2 3.23135E-2 6.54498E-2 6.04741E-2 4.11721E-2 4.949E-2 8.00186E-2 8.96473E-2 4.53652E-2 5.684E-2 2.77904E-2 2.55599E-2 4.07943E-2 6.99441E-2 7.75341E-2 1.09061E-1 1.14962E-1 6.78677E-2 1.33623E-1 2.39738E-1 2.16425E-1 2.44742E-1 3.04762E-1 3.46742E-1 2.21528E-1 2.34494E-1 2.56638E-1 3.23584E-1 4.58957E-1 2.96544E-1 3.83806E-1 4.75135E-1 4.8804E-1 4.85403E-1 5.11155E-3 2.23729E-3 1.53908E-3 1.71171E-3 1.83705E-3 9.06085E-4 1.06004E-3 1.36215E-3 1.86674E-3 1.146E-3 6.71858E-4
1.93346E-2 5.75563E-2 5.32618E-2 4.20173E-2 2.98478E-2 2.20934E-2 1.51433E-2 1.52036E-2 2.48159E-2 5.48752E-2 4.56957E-2 2.83869E-2 2.77303E-2 3.70669E-2 8.50857E-2 5.90204E-2 9.04274E-2 5.40697E-2 5.83373E-2 8.16898E-2 6.79973E-2 5.62569E-2 5.50635E-2 3.89324E-2 3.31312E-2 6.75446E-2 7.18325E-2 8.01154E-2 1.19225E-1 9.1104E-2 6.10033E-2 8.5689E-2 1.42638E-1 1.46835E-1 2.3223E-1 2.65497E-1 3.01926E-1 3.20641E-1 1.08002E-1 3.16754E-1 4.56204E-1 4.47674E-1 4.3922E-1 3.96385E-1 4.76066E-1 6.1963E-1 2.81247E-1 4.91058E-1 5.83088E-3 1.8816E-3 1.84114E-3 3.01372E-3 2.03717E-3 9.91589E-4 1.08997E-3 1.30925E-3 1.74199E-3 2.41526E-3 1.39622E-3
2.60194E-2 4.03969E-2 2.39461E-2 4.39223E-2 2.19043E-2 1.42835E-2 1.49986E-2 1.50487E-2 1.80322E-2 5.03107E-2 7.7503E-2 7.3102E-2 7.49845E-2 5.09105E-2 4.97001E-2 4.2005E-2 6.40365E-2 6.24514E-2 9.41545E-2 9.30724E-2 1.10189E-1 4.14838E-2 5.90756E-2 7.21163E-2 3.8993E-2 6.94134E-2 8.87375E-2 8.48003E-2 1.05792E-1 8.0573E-2 8.72183E-2 1.11457E-1 1.03619E-1 1.03473E-1 1.85343E-1 2.23011E-1 1.7455E-1 2.44093E-1 1.43902E-1 1.54077E-1 2.47632E-1 2.52476E-1 1.79322E-1 1.12119E-1 2.69052E-1 2.83147E-1 4.43576E-1 5.09251E-1 4.43581E-3 2.53286E-3 2.03129E-3 1.90485E-3 1.08112E-3 8.71737E-4 9.43082E-4 1.00753E-3 1.63547E-3 2.50016E-3 2.62088E-3
2.98087E-2 1.69421E-2 1.65179E-2 3.27685E-2 2.16518E-2 1.39359E-2 1.36488E-2 2.14493E-2 2.8215E-2 7.27187E-2 7.96584E-2 8.46673E-2 5.08959E-2 3.19365E-2 5.12796E-2 6.24808E-2 5.86192E-2 6.53286E-2 1.24524E-1 7.79985E-2 1.41111E-1 8.82346E-2 6.87914E-2 6.05264E-2 4.56971E-2 6.12888E-2 6.08058E-2 4.38084E-2 1.24024E-1 1.65233E-1 1.655E-1 1.36356E-1 9.56955E-2 1.22993E-1 1.34434E-1 1.19064E-1 1.76033E-1 1.36173E-1 1.55258E-1 1.70735E-1 1.98495E-1 2.46699E-1 8.92962E-2 1.21942E-1 1.59397E-1 3.81462E-1 5.55788E-1 3.98895E-1 2.93545E-1 4.78822E-3 3.38193E-3 2.25214E-3 1.16736E-3 1.64106E-3 1.39729E-3 1.47516E-3 1.81141E-3 2.01476E-3 2.9112E-3
1.66035E-2 7.80438E-3 1.49796E-2 2.06088E-2 1.42867E-2 2.20144E-2 1.79641E-2 3.0315E-2 3.87477E-2 7.72507E-2 8.08606E-2 8.50733E-2 3.655E-2 3.66209E-2 6.40645E-2 8.26975E-2 6.42433E-2 4.37492E-2 6.46877E-2 7.66936E-2 8.9474E-2 8.33262E-2 2.53366E-2 7.12428E-2 5.83166E-2 6.5458E-2 6.44135E-2 5.29909E-2 5.82363E-2 7.61449E-2 1.66644E-1 2.19539E-1 1.0177E-1 9.16891E-2 1.04752E-1 1.06101E-1 1.71682E-1 2.8752E-1 3.30729E-1 2.13723E-1 2.35085E-1 2.51843E-1 1.80362E-1 1.44442E-1 3.26133E-1 4.02038E-1 5.18912E-1 3.96129E-1 3.86869E-1 4.88297E-1 4.20963E-1 3.14328E-3 1.9357E-3 3.12573E-3 2.39792E-3 1.83881E-3 1.79955E-3 8.07311E-4 1.71416E-3
2.10955E-2 1.97979E-2 2.44449E-2 3.15678E-2 1.98542E-2 1.30493E-2 2.6502E-2 7.03574E-2 3.98855E-2 7.81478E-2 8.17278E-2 8.32547E-2 7.89829E-2 6.88495E-2 8.13928E-2 6.22533E-2 4.38817E-2 3.79229E-2 4.56957E-2 6.62918E-2 5.69187E-2 9.87842E-2 1.20187E-1 1.16788E-1 7.88048E-2 6.75919E-2 5.00303E-2 6.58812E-2 7.43003E-2 9.37534E-2 9.70065E-2 2.51519E-1 9.91525E-2 9.92192E-2 1.17684E-1 1.31001E-1 2.89221E-1 3.24102E-1 3.36516E-1 2.85526E-1 3.0267E-1 3.48579E-1 3.49499E-1 4.67569E-1 3.74957E-1 4.1446E-1 5.34383E-1 3.99653E-1 4.70492E-1 4.97776E-1 3.03981E-1 3.2348E-1 3.90807E-1 3.8258E-3 2.30449E-3 2.44028E-3 2.17944E-3 2.01887E-3 2.04179E-3
