Phytophthora/models/20240529_1714_25/Phytophthora_PA3_RUN9_MAXENT_outputs/projMaxent.asc
ncols         225
nrows         269
xllcorner     473009.9838
yllcorner     4429051.1748
cellsize      50.0
NODATA_value  -9999
[rows 0 to 25 of 269, columns 59 to 117 of 225]
-9999 -9999 -9999 -9999 4.80137E-3 -9999 -9999 -9999 -9999 -9999 -9999 -9999 -9999 -9999 -9999 -9999 -9999 -9999 -9999 -9999 -9999 -9999 -9999 -9999 -9999 -9999 -9999 -9999 -9999 -9999 -9999 -9999 -9999 -9999 -9999 -9999 -9999 -9999 -9999 -9999 -9999 -9999 -9999 -9999 -9999 -9999 -9999 -9999 -9999 -9999 -9999 -9999 -9999 -9999 -9999 -9999 -9999 -9999 -9999
-9999 5.19958E-3 5.16439E-3 4.41387E-3 3.96368E-3 2.42157E-3 2.56844E-3 -9999 -9999 -9999 -9999 -9999 -9999 -9999 -9999 -9999 -9999 -9999 -9999 -9999 -9999 -9999 -9999 -9999 -9999 -9999 -9999 -9999 -9999 -9999 -9999 -9999 -9999 -9999 -9999 -9999 -9999 -9999 -9999 -9999 -9999 -9999 -9999 -9999 -9999 -9999 -9999 -9999 -9999 -9999 -9999 -9999 -9999 -9999 -9999 -9999 -9999 -9999 -9999
5.55777E-3 9.08685E-3 8.50441E-3 6.17626E-3 5.02392E-3 3.58162E-3 2.80205E-3 3.11695E-3 -9999 -9999 -9999 -9999 -9999 -9999 -9999 -9999 -9999 -9999 -9999 -9999 -9999 -9999 -9999 -9999 -9999 -9999 -9999 -9999 -9999 -9999 -9999 -9999 -9999 -9999 -9999 -9999 -9999 -9999 -9999 -9999 -9999 -9999 -9999 -9999 -9999 -9999 -9999 -9999 -9999 -9999 -9999 -9999 -9999 -9999 -9999 -9999 -9999 -9999 -9999
1.0972E-2 1.02659E-2 5.68295E-3 5.64597E-3 4.32731E-3 3.75487E-3 3.03689E-3 3.4217E-3 4.00891E-3 -9999 -9999 -9999 -9999 -9999 -9999 -9999 -9999 -9999 -9999 -9999 -9999 -9999 -9999 -9999 -9999 -9999 -9999 -9999 -9999 -9999 -9999 -9999 -9999 -9999 -9999 -9999 -9999 -9999 -9999 -9999 -9999 -9999 -9999 -9999 -9999 -9999 -9999 -9999 -9999 -9999 -9999 -9999 -9999 -9999 -9999 -9999 -9999 -9999 -9999
8.05707E-3 4.10534E-3 3.61735E-3 5.87239E-3 5.11769E-3 3.99227E-3 3.36932E-3 3.88265E-3 5.25471E-3 5.63079E-3 6.30189E-3 -9999 -9999 -9999 -9999 -9999 -9999 -9999 -9999 -9999 -9999 -9999 -9999 -9999 -9999 -9999 -9999 -9999 -9999 -9999 -9999 -9999 -9999 -9999 -9999 -9999 -9999 -9999 -9999 -9999 -9999 -9999 -9999 -9999 -9999 -9999 -9999 -9999 -9999 -9999 -9999 -9999 -9999 -9999 -9999 -9999 -9999 -9999 -9999
5.83427E-3 3.17885E-3 3.13082E-3 3.03094E-3 4.62621E-3 4.66921E-3 3.34953E-3 2.63158E-3 3.3911E-3 2.96699E-3 2.32937E-3 3.30586E-3 -9999 -9999 -9999 -9999 -9999 -9999 -9999 -9999 -9999 -9999 -9999 -9999 -9999 -9999 -9999 -9999 -9999 -9999 -9999 -9999 -9999 -9999 -9999 -9999 -9999 -9999 -9999 -9999 -9999 -9999 -9999 -9999 -9999 -9999 -9999 -9999 -9999 -9999 -9999 -9999 -9999 -9999 -9999 -9999 -9999 -9999 -9999
9.2314E-3 6.81148E-3 2.5477E-3 2.21031E-3 3.09985E-3 4.94255E-3 4.02107E-3 3.21894E-3 2.40868E-3 2.98842E-3 2.40882E-3 2.12464E-3 3.28637E-3 -9999 -9999 -9999 -9999 -9999 -9999 -9999 -9999 -9999 -9999 -9999 -9999 -9999 -9999 -9999 -9999 -9999 3.96262E-2 2.62045E-2 -9999 -9999 -9999 -9999 -9999 -9999 -9999 -9999 -9999 -9999 -9999 -9999 -9999 -9999 -9999 -9999 -9999 -9999 -9999 -9999 -9999 -9999 -9999 -9999 -9999 -9999 -9999
4.83166E-3 2.16039E-3 2.37246E-3 2.7789E-3 3.88867E-3 4.13729E-3 5.4608E-3 4.91345E-3 5.00188E-3 3.05445E-3 2.59845E-3 1.6592E-3 1.70202E-3 1.41773E-3 -9999 -9999 -9999 -9999 -9999 -9999 -9999 -9999 -9999 -9999 -9999 -9999 -9999 -9999 -9999 5.18507E-2 3.11039E-2 1.30678E-2 8.67916E-3 -9999 -9999 -9999 -9999 -9999 -9999 -9999 -9999 -9999 -9999 -9999 -9999 -9999 -9999 -9999 -9999 -9999 -9999 -9999 -9999 -9999 -9999 -9999 -9999 -9999 -9999
2.16456E-3 1.56522E-3 2.11655E-3 2.13324E-3 2.32342E-3 3.74353E-3 4.341E-3 6.34065E-3 6.51662E-3 3.10853E-3 1.19187E-3 1.10381E-3 1.31282E-3 1.60165E-3 2.26605E-3 2.75392E-3 1.07208E-2 -9999 -9999 -9999 -9999 -9999 -9999 -9999 -9999 2.2072E-2 2.10262E-2 3.32452E-2 3.81938E-2 4.00422E-2 2.02805E-2 1.59558E-2 1.17805E-2 5.19325E-3 5.05658E-3 6.21771E-3 8.67831E-3 1.26728E-2 3.80164E-2 -9999 -9999 -9999 -9999 -9999 -9999 -9999 -9999 -9999 -9999 -9999 -9999 -9999 -9999 -9999 -9999 -9999 -9999 -9999 -9999
2.31911E-3 1.72169E-3 2.21661E-3 1.78042E-3 1.24872E-3 2.4924E-3 3.79237E-3 7.96071E-3 4.86401E-3 2.07264E-3 1.18522E-3 1.73829E-3 1.49202E-3 2.60269E-3 3.40405E-3 3.16637E-3 5.49347E-3 7.35612E-3 3.21672E-3 3.94945E-3 8.39701E-3 1.01533E-2 1.20024E-2 1.15552E-2 8.36504E-3 8.52504E-3 1.8141E-2 2.70407E-2 1.50592E-2 1.60173E-2 1.06326E-2 9.47247E-3 4.93683E-3 2.31936E-3 3.51154E-3 4.90444E-3 7.9975E-3 2.39734E-2 8.18555E-2 6.29035E-2 -9999 -9999 -9999 -9999 -9999 -9999 -9999 -9999 -9999 -9999 -9999 -9999 -9999 -9999 -9999 -9999 -9999 -9999 -9999
2.24746E-3 2.53048E-3 2.38794E-3 1.70789E-3 1.71182E-3 2.32874E-3 2.89049E-3 4.66032E-3 3.07745E-3 1.7481E-3 1.88839E-3 1.61746E-3 1.06025E-3 1.61952E-3 4.10071E-3 2.88457E-3 3.3727E-3 4.12666E-3 4.56494E-3 3.06638E-3 2.25419E-3 2.27757E-3 4.98459E-3 1.08653E-2 1.59725E-2 1.1785E-2 1.22574E-2 1.28193E-2 1.13062E-2 7.7808E-3 8.36827E-3 7.74217E-3 3.64852E-3 2.67725E-3 5.02626E-3 7.98285E-3 1.04311E-2 3.23237E-2 6.7959E-2 8.44315E-2 9.22907E-2 4.7987E-2 -9999 -9999 -9999 -9999 -9999 -9999 -9999 -9999 -9999 -9999 -9999 -9999 -9999 -9999 -9999 -9999 -9999
2.30611E-3 3.13916E-3 1.91241E-3 1.68636E-3 2.03298E-3 3.21483E-3 4.35437E-3 4.31051E-3 2.63735E-3 1.6536E-3 1.78709E-3 1.54978E-3 1.11785E-3 8.83917E-4 2.05028E-3 1.06314E-3 2.27754E-3 3.18194E-3 3.34657E-3 3.44842E-3 2.1644E-3 2.02024E-3 4.56291E-3 9.72243E-3 1.42102E-2 1.47095E-2 1.65551E-2 1.39482E-2 1.56773E-4 1.58108E-4 9.91558E-5 5.45548E-5 5.87689E-5 4.30701E-3 6.22111E-3 7.29779E-3 1.06541E-2 3.70294E-2 4.51694E-2 8.13456E-2 6.39983E-2 5.72962E-2 2.47501E-4 1.86217E-4 -9999 -9999 -9999 -9999 -9999 -9999 -9999 -9999 -9999 -9999 -9999 -9999 -9999 -9999 -9999
2.66216E-3 2.90315E-3 1.94662E-3 1.76788E-3 2.34031E-3 4.50658E-3 4.7911E-3 3.12069E-3 2.01065E-3 1.5936E-3 1.48996E-3 1.22249E-3 9.9582E-4 7.86491E-4 1.24234E-3 1.38913E-3 1.15295E-3 1.39041E-3 1.69068E-3 1.76906E-3 1.61242E-3 2.29765E-3 3.58199E-3 4.13906E-3 5.04624E-3 8.94834E-3 7.30864E-3 7.94786E-3 1.115E-4 1.57695E-4 1.51817E-4 4.35769E-5 4.96803E-5 6.62265E-5 4.59938E-5 5.86732E-5 9.45063E-3 3.17677E-2 5.67626E-2 6.1477E-2 5.62102E-2 4.41989E-2 6.12905E-4 2.00514E-4 1.71776E-4 -9999 -9999 -9999 -9999 -9999 -9999 -9999 -9999 -9999 -9999 -9999 -9999 -9999 -9999
2.51134E-3 2.16311E-3 2.21447E-3 1.91781E-3 3.04145E-3 6.26487E-3 5.30542E-3 2.43101E-3 2.05989E-3 2.35875E-3 1.98854E-3 1.40488E-3 1.18139E-3 8.15576E-4 8.14647E-4 1.33346E-3 6.77126E-4 9.06942E-4 1.00939E-3 1.58601E-3 2.57419E-3 2.99035E-3 3.04927E-3 5.62679E-3 6.31909E-3 1.02692E-2 6.59459E-3 6.73479E-3 7.63139E-3 2.85938E-4 7.29608E-5 7.3044E-5 6.30754E-5 7.25395E-5 7.1179E-5 5.82231E-5 7.82099E-5 1.7074E-2 6.48518E-2 6.88298E-2 6.57336E-2 5.89813E-2 4.6263E-2 4.59985E-2 2.80439E-2 3.02543E-4 3.21111E-4 -9999 -9999 -9999 -9999 -9999 -9999 -9999 -9999 -9999 -9999 -9999 -9999
2.37611E-3 2.15445E-3 2.91882E-3 2.9487E-3 4.86094E-3 5.16161E-3 3.52919E-3 3.07513E-3 2.44607E-3 2.55416E-3 2.57991E-3 1.86865E-3 1.77351E-3 1.30939E-3 1.14368E-3 9.22726E-4 6.63383E-4 7.21342E-4 8.8591E-4 1.28665E-3 2.9078E-3 4.44962E-3 4.14377E-3 6.62661E-3 9.70008E-3 1.11674E-2 7.37738E-3 6.58025E-3 1.20368E-2 1.95769E-2 4.53542E-5 2.74273E-5 4.11198E-5 5.46067E-5 5.25345E-5 1.45232E-4 1.61543E-4 1.79945E-4 6.03662E-2 7.45045E-2 7.93191E-2 6.69592E-2 5.85817E-2 5.67318E-2 5.55661E-2 5.21069E-2 5.55279E-2 9.15926E-4 1.04122E-3 -9999 -9999 -9999 -9999 -9999 -9999 -9999 -9999 -9999 -9999
2.53286E-3 2.49778E-3 3.53715E-3 6.30942E-3 7.04877E-3 7.28408E-3 3.82451E-3 2.69087E-3 2.15199E-3 2.03374E-3 2.09394E-3 1.91495E-3 2.70197E-3 1.89979E-3 1.39094E-3 1.12124E-3 9.00188E-4 8.93381E-4 9.25988E-4 1.14841E-3 1.76129E-3 2.46187E-3 5.24816E-3 9.16397E-3 1.37556E-2 1.4144E-2 1.15605E-2 2.4539E-2 4.23797E-2 1.61743E-2 3.58251E-3 4.65623E-5 1.56461E-4 1.20906E-4 1.60731E-4 5.56177E-4 3.62157E-4 3.23143E-4 2.768E-4 4.47376E-2 4.66718E-2 4.49472E-2 3.84675E-2 4.29589E-2 3.00066E-2 5.77435E-2 4.03397E-2 5.3348E-2 7.56133E-4 5.89525E-4 -9999 -9999 -9999 -9999 -9999 -9999 -9999 -9999 -9999
3.44515E-3 3.7482E-3 6.67305E-3 1.09655E-2 1.39747E-2 1.26041E-2 4.09802E-3 2.36163E-3 1.82835E-3 1.2547E-3 1.25291E-3 1.53663E-3 2.28036E-3 1.97505E-3 2.7311E-3 1.57589E-3 1.48412E-3 1.62654E-3 1.31585E-3 1.406E-3 1.43881E-3 2.70214E-3 4.15024E-3 4.57854E-3 6.75198E-3 9.81262E-3 2.86708E-2 3.59531E-2 4.13007E-2 1.05306E-2 1.36531E-2 1.30978E-4 2.20646E-4 1.09674E-4 3.28406E-4 3.9696E-4 1.5933E-4 1.36986E-4 1.10058E-4 1.42111E-4 2.44681E-4 1.76298E-4 1.09578E-2 8.58958E-3 2.62736E-2 1.83093E-2 2.46611E-2 2.22755E-2 3.58459E-4 3.90941E-4 3.10138E-4 2.34207E-4 -9999 -9999 -9999 -9999 -9999 -9999 -9999
6.09247E-3 9.79831E-3 1.16295E-2 1.21721E-2 1.43426E-2 6.19867E-3 3.51491E-3 2.89019E-3 2.40799E-3 1.65019E-3 1.48575E-3 2.12224E-3 2.85754E-3 2.15204E-3 2.68596E-3 3.78742E-3 4.42297E-3 4.54917E-3 6.58533E-3 3.06399E-3 2.7986E-3 3.54035E-3 5.09085E-3 4.62676E-3 3.9724E-3 5.96467E-3 1.0948E-2 8.35364E-3 1.17865E-2 7.31055E-3 9.49563E-3 9.46489E-5 1.21167E-4 1.73837E-4 1.23918E-4 1.0779E-4 5.74707E-5 5.59552E-5 7.91446E-5 8.37378E-5 1.03827E-4 8.96383E-5 8.16883E-5 6.01517E-5 6.14029E-5 1.37174E-2 2.46417E-2 1.43723E-2 1.76451E-4 2.29815E-4 2.78426E-4 3.79886E-4 4.64715E-4 2.25058E-4 -9999 -9999 -9999 -9999 -9999
7.42052E-3 5.23876E-3 7.5532E-3 1.29164E-2 1.1894E-2 5.67458E-3 8.52588E-3 1.14812E-2 5.58081E-3 2.55429E-3 2.35798E-3 2.69392E-3 2.38729E-3 2.7707E-3 4.91434E-3 7.33225E-3 8.33372E-3 8.98574E-3 9.20376E-3 1.07384E-2 4.45877E-3 5.17401E-3 1.17495E-2 5.87525E-3 5.32576E-3 5.38988E-3 1.03493E-2 9.23088E-3 7.20461E-3 5.63099E-3 4.73717E-3 4.26517E-3 1.04188E-4 2.49633E-4 1.82392E-4 9.37655E-5 4.68203E-5 4.82607E-5 5.47221E-5 5.83953E-5 5.69557E-5 5.52138E-5 5.80637E-5 6.20301E-5 7.58231E-5 1.01504E-4 1.84395E-4 2.57756E-4 1.84767E-4 2.0531E-4 2.60707E-4 4.12345E-4 6.23304E-4 3.54118E-4 1.71541E-4 -9999 -9999 -9999 -9999
1.0683E-2 7.68033E-3 1.25179E-2 1.65889E-2 1.09768E-2 6.08013E-3 6.59098E-3 9.55122E-3 5.51408E-3 3.30332E-3 3.16501E-3 3.19411E-3 2.61825E-3 6.41185E-3 1.06127E-2 1.10011E-2 1.00138E-2 1.12293E-2 1.23606E-2 1.3264E-2 1.36706E-2 1.4603E-2 1.58038E-2 1.6829E-2 6.97004E-3 5.84098E-3 1.656E-2 1.47667E-2 7.05054E-3 5.42935E-3 4.20195E-3 4.86979E-3 7.00697E-5 1.60535E-4 1.18714E-4 8.28423E-5 6.56539E-5 5.30618E-5 1.16197E-4 1.52682E-4 9.06605E-5 6.33533E-5 5.21767E-5 5.31182E-5 8.51591E-5 1.01076E-4 1.23299E-4 1.91997E-4 2.24089E-4 1.95455E-4 1.88054E-4 2.4048E-4 2.74784E-4 2.95267E-4 3.21375E-4 3.27107E-4 2.22397E-4 -9999 -9999
2.1703E-2 2.36589E-2 2.5295E-2 1.75464E-2 1.60944E-2 6.00836E-3 4.53886E-3 4.74855E-3 4.70195E-3 3.88106E-3 4.7797E-3 3.47961E-3 3.61666E-3 7.33423E-3 9.29662E-3 9.87855E-3 1.23969E-2 1.34722E-2 1.36137E-2 1.39555E-2 1.53924E-2 1.56634E-2 1.70093E-2 1.78268E-2 1.89159E-2 1.88851E-2 1.31276E-2 1.17943E-2 7.08633E-3 4.23909E-3 7.54785E-3 7.51074E-3 4.27014E-3 8.91278E-5 8.55144E-5 7.04242E-5 4.90033E-5 3.64452E-5 3.80182E-5 8.47269E-5 7.27021E-5 5.02026E-5 4.88941E-5 8.03911E-5 1.1273E-4 9.31347E-5 1.03261E-4 9.95109E-5 1.69624E-4 2.78895E-4 2.27179E-4 2.20833E-4 2.02884E-4 2.1274E-4 3.08508E-4 3.39662E-4 2.50208E-4 4.1216E-4 3.83979E-4
1.35347E-2 1.4526E-2 1.52533E-2 1.45728E-2 1.01044E-2 6.09286E-3 5.02668E-3 5.2803E-3 5.2275E-3 3.99037E-3 5.49802E-3 3.50112E-3 4.13571E-3 6.52717E-3 9.45078E-3 1.39849E-2 1.4894E-2 1.51515E-2 1.39359E-2 1.26633E-2 1.67816E-2 1.76899E-2 2.00658E-2 2.05474E-2 2.11269E-2 2.21003E-2 1.57785E-2 1.61075E-2 2.24234E-2 1.03472E-2 7.0033E-3 4.52997E-3 5.33407E-3 5.70843E-3 8.29815E-5 7.8919E-5 6.18381E-5 5.17647E-5 3.53381E-5 3.08105E-5 3.15767E-5 2.86063E-5 3.8412E-5 1.64565E-4 1.50763E-4 5.88261E-5 5.31194E-5 5.8398E-5 1.05652E-4 3.4821E-4 3.33818E-4 2.83808E-4 2.89799E-4 2.3366E-4 2.41883E-4 2.52973E-4 2.49008E-4 4.79793E-4 3.12246E-4
9.84787E-3 1.26337E-2 9.1366E-3 9.1583E-3 6.27875E-3 3.7363E-3 2.576E-3 2.0624E-3 1.81092E-3 3.02753E-3 3.44243E-3 3.77579E-3 4.09559E-3 4.50723E-3 7.62309E-3 1.30447E-2 1.95022E-2 1.63762E-2 1.39306E-2 1.19427E-2 1.62343E-2 1.82033E-2 2.05308E-2 2.3816E-2 2.39788E-2 2.35295E-2 2.21826E-2 2.00383E-2 2.74394E-2 1.6112E-2 1.42108E-2 6.95853E-3 4.38416E-3 6.75512E-3 1.03018E-2 1.23771E-4 1.32586E-4 7.9371E-5 5.66281E-5 2.81827E-5 3.60592E-5 3.77269E-5 4.47775E-5 1.12355E-4 1.23281E-4 8.29553E-5 7.38186E-5 8.54096E-5 1.25619E-4 2.25791E-4 2.4709E-4 1.95308E-4 1.93535E-4 2.03318E-4 2.07903E-4 2.35123E-4 3.3654E-4 4.52122E-4 7.37437E-4
1.02148E-2 6.04491E-3 3.65078E-3 4.57069E-3 4.38102E-3 2.25128E-3 1.78104E-3 2.18139E-3 2.21397E-3 4.26358E-3 3.24912E-3 2.9876E-3 2.06186E-3 3.05064E-3 3.68386E-3 8.51877E-3 2.30738E-2 1.31948E-2 1.27313E-2 1.06729E-2 1.60218E-2 1.83056E-2 1.93886E-2 2.15539E-2 2.72271E-2 2.8936E-2 2.14579E-2 1.2519E-2 1.64763E-2 1.42298E-2 1.79259E-2 1.74687E-2 8.05516E-3 9.92112E-3 1.04502E-2 1.27305E-4 1.79344E-4 9.74252E-5 3.95588E-5 3.3572E-5 5.32985E-5 3.18302E-5 5.49633E-5 1.11521E-4 2.82899E-4 1.99416E-4 1.84398E-4 2.49034E-4 3.10493E-4 2.83896E-4 1.12029E-4 1.4E-4 2.30365E-4 1.67917E-4 1.55695E-4 2.09257E-4 2.03192E-4 3.43994E-4 4.65195E-4
3.46217E-3 2.44914E-3 4.77008E-3 4.56525E-3 5.84703E-3 2.34501E-3 1.91215E-3 2.72683E-3 4.0265E-3 4.0366E-3 3.87066E-3 2.79394E-3 2.62635E-3 2.64512E-3 3.79768E-3 9.33304E-3 3.42099E-2 1.53648E-2 7.92497E-3 1.24238E-2 1.67187E-2 1.68867E-2 1.94653E-2 1.94618E-2 2.35323E-2 3.01295E-2 2.14111E-2 1.12613E-2 9.3364E-3 8.64124E-3 1.91128E-2 2.04511E-2 1.69713E-2 1.53672E-2 1.50081E-2 1.49855E-2 2.33931E-4 1.08768E-4 6.13568E-5 3.22892E-5 4.01501E-5 3.90316E-5 6.46907E-5 1.47219E-4 3.74467E-4 4.05436E-4 2.6429E-4 1.55852E-4 2.36109E-4 2.77962E-4 1.78182E-4 1.54351E-4 1.88633E-4 2.1406E-4 1.621E-4 1.54909E-4 1.64975E-4 2.3628E-4 3.32642E-4
2.70962E-3 2.53229E-3 4.52379E-3 9.87943E-3 1.23863E-2 4.11923E-3 2.4065E-3 4.31811E-3 6.66285E-3 5.34652E-3 4.14905E-3 4.00031E-3 6.16451E-3 1.02784E-2 4.28089E-3 7.09815E-3 2.76155E-2 1.06786E-2 4.13682E-3 8.73514E-3 1.24088E-2 1.66964E-2 2.07941E-2 2.07312E-2 1.87796E-2 1.6977E-2 1.4254E-2 1.05717E-2 1.0609E-2 2.33692E-2 2.49444E-2 2.16814E-2 1.7793E-2 1.66492E-2 1.52974E-2 3.24023E-2 4.10883E-2 2.00619E-2 6.79889E-5 3.67802E-5 3.24343E-5 4.52819E-5 1.13543E-4 2.06986E-4 4.29725E-4 6.34859E-4 2.31969E-4 9.85558E-5 9.46483E-5 1.40155E-4 1.30601E-4 1.33228E-4 1.60415E-4 2.38625E-4 3.11163E-4 1.7616E-4 1.56581E-4 1.92354E-4 2.48875E-4
