Phytophthora/models/20240529_1714_25/Phytophthora_PA3_RUN9_MAXENT_outputs/projMaxent.asc
ncols         225
nrows         269
xllcorner     473009.9838
yllcorner     4429051.1748
cellsize      50.0
NODATA_value  -9999
[rows 182 to 207 of 269, columns 0 to 58 of 225]
-9999 -9999 -9999 -9999 -9999 -9999 -9999 -9999 -9999 5.47803E-1 7.07684E-1 8.32703E-1 9.01233E-1 9.23782E-1 6.21767E-1 4.25258E-1 2.65427E-1 3.45087E-1 3.97975E-1 3.48028E-1 3.60006E-1 3.70989E-1 3.31365E-1 3.49144E-1 3.11381E-1 3.66989E-1 3.96842E-1 4.86365E-1 7.72868E-1 8.12767E-1 7.31981E-1 6.41601E-1 7.68239E-1 7.25608E-1 5.7099E-1 6.15333E-1 8.00119E-1 7.06242E-1 8.30432E-1 7.27287E-1 3.49034E-1 1.95844E-1 3.65741E-1 4.90053E-1 3.44583E-1 2.15486E-1 4.20142E-1 4.8087E-1 5.10889E-1 5.18307E-1 5.18668E-1 3.71119E-1 4.78821E-1 8.0513E-1 7.59341E-1 6.71282E-1 6.67522E-1 7.13316E-1 5.18185E-1
-9999 -9999 -9999 -9999 -9999 -9999 -9999 -9999 -9999 -9999 5.19315E-1 6.74018E-1 8.65339E-1 9.13402E-1 5.92469E-1 3.71256E-1 2.73591E-1 5.01301E-1 4.90951E-1 3.73079E-1 3.21799E-1 4.48597E-1 4.62559E-1 4.09779E-1 2.77816E-1 3.1659E-1 2.57322E-1 2.74742E-1 7.21522E-1 7.58634E-1 5.33775E-1 5.76113E-1 5.93759E-1 6.6261E-1 7.48426E-1 7.35785E-1 8.48552E-1 8.00861E-1 8.65312E-1 7.17936E-1 2.98449E-1 1.70995E-1 2.47612E-1 2.22506E-1 1.87478E-1 1.7864E-1 4.50532E-1 4.30627E-1 6.08159E-1 7.31887E-1 4.85782E-1 3.51663E-1 3.81385E-1 6.44745E-1 7.49796E-1 5.25334E-1 4.53769E-1 4.64745E-1 4.19021E-1
-9999 -9999 -9999 -9999 -9999 -9999 -9999 -9999 -9999 -9999 -9999 -9999 -9999 8.85426E-1 7.52478E-1 4.57579E-1 3.07417E-1 3.83328E-1 5.30309E-1 2.97764E-1 2.85748E-1 5.38831E-1 7.4297E-1 5.48924E-1 4.06443E-1 2.99136E-1 2.87871E-1 3.09352E-1 3.58536E-1 3.09117E-1 3.60956E-1 4.44087E-1 4.27265E-1 5.2111E-1 7.85186E-1 7.92459E-1 7.73042E-1 7.90159E-1 9.33059E-1 5.18458E-1 2.50468E-1 2.76596E-1 2.45963E-1 1.59941E-1 1.38058E-1 2.21264E-1 4.53411E-1 4.6184E-1 5.7655E-1 6.18716E-1 6.67622E-1 3.93059E-1 4.63167E-1 7.97112E-1 5.34106E-1 3.66456E-1 3.765E-1 4.20675E-1 3.43452E-1
-9999 -9999 -9999 -9999 -9999 -9999 -9999 -9999 -9999 -9999 -9999 -9999 -9999 -9999 7.89034E-1 7.09102E-1 4.96472E-1 3.31404E-1 3.76688E-1 3.5045E-1 5.02438E-1 7.60221E-1 7.69922E-1 6.41035E-1 5.86888E-1 3.29154E-1 2.91861E-1 3.51283E-1 3.02679E-1 3.08426E-1 5.89316E-1 7.08949E-1 5.52779E-1 6.20248E-1 7.46091E-1 4.64159E-1 5.62432E-1 6.8211E-1 8.16131E-1 5.43816E-1 6.5679E-1 7.18203E-1 2.76682E-1 1.24542E-1 1.18551E-1 2.38864E-1 5.05801E-1 6.70669E-1 6.36539E-1 6.57099E-1 7.55406E-1 7.12572E-1 4.84923E-1 4.30103E-1 4.67838E-1 4.42873E-1 4.1509E-1 4.03477E-1 3.59234E-1
-9999 -9999 -9999 -9999 -9999 -9999 -9999 -9999 -9999 -9999 -9999 -9999 -9999 -9999 -9999 6.88324E-1 6.08505E-1 3.97677E-1 4.8701E-1 5.37381E-1 6.58873E-1 7.15891E-1 7.32373E-1 8.2218E-1 5.86899E-1 2.83267E-1 3.42419E-1 3.56873E-1 3.90512E-1 3.91309E-1 5.98948E-1 7.83583E-1 7.16677E-1 6.13016E-1 5.71369E-1 3.67338E-1 5.56975E-1 6.69326E-1 8.35765E-1 7.66892E-1 7.72762E-1 7.70772E-1 3.94004E-1 1.61922E-1 1.62654E-1 2.02106E-1 5.1431E-1 6.85031E-1 6.94832E-1 6.72104E-1 5.64436E-1 7.85633E-1 3.75015E-1 4.07752E-1 4.54909E-1 4.37133E-1 3.47362E-1 4.46076E-1 3.64232E-1
-9999 -9999 -9999 -9999 -9999 -9999 -9999 -9999 -9999 -9999 -9999 -9999 -9999 -9999 -9999 6.15403E-1 7.21488E-1 7.36624E-1 8.30427E-1 8.32253E-1 7.72328E-1 5.86634E-1 7.30456E-1 7.57605E-1 7.18736E-1 4.82476E-1 4.02478E-1 4.10954E-1 3.61535E-1 3.07509E-1 3.39712E-1 5.40753E-1 6.81347E-1 8.44664E-1 6.60811E-1 6.49097E-1 4.39379E-1 9.05269E-1 7.40006E-1 8.70176E-1 8.50789E-1 5.66145E-1 3.15296E-1 1.701E-1 1.48716E-1 1.93524E-1 3.78281E-1 7.53704E-1 7.55929E-1 4.76309E-1 7.96163E-1 6.74349E-1 3.87482E-1 4.08377E-1 3.8849E-1 3.8511E-1 3.18684E-1 4.23504E-1 3.57825E-1
-9999 -9999 -9999 -9999 -9999 -9999 -9999 -9999 -9999 -9999 -9999 -9999 -9999 -9999 -9999 -9999 7.7391E-1 8.99114E-1 8.89932E-1 8.89427E-1 7.01102E-1 4.01629E-1 6.2679E-1 5.03905E-1 6.41904E-1 3.72463E-1 2.95141E-1 3.87034E-1 3.78854E-1 4.26594E-1 5.77543E-1 7.24443E-1 9.12469E-1 9.69979E-1 9.40159E-1 7.3742E-1 3.58545E-1 9.2227E-1 8.70271E-1 9.01392E-1 8.71235E-1 7.88686E-1 3.34399E-1 1.96769E-1 1.14179E-1 2.37899E-1 5.47943E-1 5.3492E-1 4.5277E-1 8.86226E-1 8.43969E-1 7.09157E-1 3.90778E-1 3.31852E-1 2.98263E-1 3.054E-1 3.98998E-1 4.59524E-1 4.18271E-1
-9999 -9999 -9999 -9999 -9999 -9999 -9999 -9999 -9999 -9999 -9999 -9999 -9999 -9999 -9999 7.49918E-1 8.59312E-1 9.15551E-1 9.03142E-1 8.1616E-1 4.7068E-1 3.63677E-1 5.31719E-1 5.60361E-1 6.91095E-1 5.25666E-1 1.9783E-1 2.59395E-1 6.92641E-1 7.72897E-1 8.36754E-1 8.82895E-1 9.18752E-1 9.38809E-1 9.70815E-1 6.79707E-1 5.28874E-1 8.85638E-1 8.91102E-1 9.31008E-1 8.74408E-1 6.47447E-1 4.4898E-1 2.63798E-1 1.44264E-1 1.87532E-1 3.32373E-1 3.72329E-1 3.43132E-1 7.20145E-1 7.1418E-1 6.67578E-1 3.53965E-1 3.19058E-1 2.90861E-1 3.92987E-1 4.20766E-1 4.21851E-1 3.5303E-1
-9999 -9999 -9999 -9999 -9999 -9999 -9999 -9999 -9999 -9999 -9999 -9999 -9999 -9999 -9999 5.77393E-1 7.36557E-1 9.35517E-1 8.68854E-1 5.53975E-1 3.48302E-1 3.89967E-1 3.97671E-1 3.88883E-1 5.80221E-1 4.51186E-1 1.97246E-1 1.97766E-1 6.55983E-1 7.61406E-1 8.29359E-1 8.87231E-1 9.02874E-1 7.88462E-1 8.0147E-1 6.22835E-1 5.20599E-1 7.52795E-1 8.88091E-1 9.3535E-1 8.31191E-1 6.27977E-1 3.03109E-1 2.42817E-1 1.60054E-1 1.97163E-1 2.77079E-1 2.03772E-1 3.07929E-1 5.13616E-1 6.02074E-1 4.971E-1 3.44645E-1 3.18984E-1 3.95882E-1 3.0792E-1 4.03519E-1 5.22613E-1 2.82987E-1
-9999 -9999 -9999 -9999 -9999 -9999 -9999 -9999 -9999 -9999 -9999 -9999 -9999 -9999 -9999 -9999 9.22877E-1 9.35669E-1 5.48404E-1 3.99043E-1 3.91348E-1 2.99881E-1 2.3182E-1 2.20737E-1 2.182E-1 2.29917E-1 1.4907E-1 1.47967E-1 3.95126E-1 7.20745E-1 6.87366E-1 6.70713E-1 7.32183E-1 7.06152E-1 6.72359E-1 4.83459E-1 8.02866E-1 9.17402E-1 9.57681E-1 9.02888E-1 7.72352E-1 6.61783E-1 3.96337E-1 1.8875E-1 1.33878E-1 2.43736E-1 2.00619E-1 1.67091E-1 3.14144E-1 3.11929E-1 4.34849E-1 4.11016E-1 3.00034E-1 2.66901E-1 2.40328E-1 3.77798E-1 3.28579E-1 4.72491E-1 3.75197E-1
-9999 -9999 -9999 -9999 -9999 -9999 -9999 -9999 -9999 -9999 -9999 -9999 -9999 -9999 -9999 -9999 9.14136E-1 9.16931E-1 6.3218E-1 4.40453E-1 4.72152E-1 3.88345E-1 2.23379E-1 1.84586E-1 2.07227E-1 2.41382E-1 1.85799E-1 2.68163E-1 2.3629E-1 3.63695E-1 6.85494E-1 7.70338E-1 8.14966E-1 7.66704E-1 8.29511E-1 6.77665E-1 9.39359E-1 9.82595E-1 9.49862E-1 8.45069E-1 6.87019E-1 5.40873E-1 3.134E-1 1.23089E-1 1.33326E-1 1.83338E-1 1.0631E-1 1.04575E-1 1.31044E-1 1.24476E-1 2.88181E-1 3.25808E-1 2.97931E-1 2.76285E-1 4.00705E-1 4.80255E-1 4.80589E-1 2.94593E-1 4.71029E-1
-9999 -9999 -9999 -9999 -9999 -9999 -9999 -9999 -9999 -9999 -9999 -9999 -9999 -9999 -9999 -9999 6.47861E-1 5.61431E-1 4.27594E-1 3.56098E-1 3.02705E-1 2.58822E-1 1.84437E-1 1.75428E-1 1.88436E-1 2.551E-1 2.85798E-1 2.46482E-1 2.82932E-1 3.71403E-1 7.5691E-1 8.74301E-1 8.96976E-1 9.14321E-1 8.90329E-1 9.06232E-1 9.38518E-1 9.46463E-1 8.94033E-1 8.06428E-1 5.30948E-1 3.14223E-1 2.56748E-1 1.22111E-1 8.21588E-2 8.77023E-2 5.52239E-2 8.13953E-2 9.1879E-2 1.37298E-1 4.14105E-1 2.87453E-1 2.54151E-1 3.16991E-1 4.09852E-1 4.76587E-1 4.55558E-1 3.1934E-1 5.38837E-1
-9999 -9999 -9999 -9999 -9999 -9999 -9999 -9999 -9999 -9999 -9999 -9999 -9999 -9999 -9999 -9999 -9999 -9999 -9999 -9999 -9999 -9999 1.47979E-1 1.41627E-1 1.70617E-1 2.3675E-1 2.23601E-1 2.68359E-1 4.0278E-1 8.11187E-1 9.10343E-1 9.32178E-1 9.33411E-1 9.11089E-1 8.97188E-1 9.36552E-1 9.36162E-1 9.07306E-1 8.83955E-1 8.78883E-1 8.71957E-1 4.81111E-1 2.05108E-1 7.63403E-2 5.40127E-2 4.95108E-2 6.59244E-2 1.19577E-1 1.2758E-1 2.41621E-1 3.94467E-1 3.1317E-1 2.96443E-1 3.654E-1 5.38005E-1 5.16789E-1 3.49309E-1 3.08772E-1 3.44957E-1
-9999 -9999 -9999 -9999 -9999 -9999 -9999 -9999 -9999 -9999 -9999 -9999 -9999 -9999 -9999 -9999 -9999 -9999 -9999 -9999 -9999 -9999 -9999 1.45517E-1 2.29219E-1 2.5443E-1 2.05149E-1 2.8919E-1 3.59281E-1 7.45141E-1 9.42153E-1 9.36948E-1 9.44896E-1 6.76577E-1 8.03179E-1 9.80762E-1 9.48128E-1 8.45733E-1 9.17859E-1 9.27425E-1 8.4248E-1 3.33842E-1 1.48669E-1 6.02942E-2 4.01949E-2 6.61383E-2 1.14092E-1 1.49734E-1 1.70867E-1 2.53214E-1 3.1519E-1 2.476E-1 2.72861E-1 5.05536E-1 5.10336E-1 3.95584E-1 3.81017E-1 4.29129E-1 3.17505E-1
-9999 -9999 -9999 -9999 -9999 -9999 -9999 -9999 -9999 -9999 -9999 -9999 -9999 -9999 -9999 -9999 -9999 -9999 -9999 -9999 -9999 -9999 -9999 -9999 -9999 -9999 2.88253E-1 2.65194E-1 2.51399E-1 4.6619E-1 6.96477E-1 9.4782E-1 9.01021E-1 4.64594E-1 9.25673E-1 8.97506E-1 9.45882E-1 7.17677E-1 8.38553E-1 8.66437E-1 5.74303E-1 3.13124E-1 2.0429E-1 8.25705E-2 1.06735E-1 1.48041E-1 1.84621E-1 2.92541E-1 3.53421E-1 2.56163E-1 1.88641E-1 1.92154E-1 2.56974E-1 3.34353E-1 1.81998E-1 2.63036E-1 4.98453E-1 5.77429E-1 7.09233E-1
-9999 -9999 -9999 -9999 -9999 -9999 -9999 -9999 -9999 -9999 -9999 -9999 -9999 -9999 -9999 -9999 -9999 -9999 -9999 -9999 -9999 -9999 -9999 -9999 -9999 -9999 -9999 4.04888E-1 3.66456E-1 4.58378E-1 4.41269E-1 5.83453E-1 9.08231E-1 8.62121E-1 9.43447E-1 9.60425E-1 9.62274E-1 8.84122E-1 8.96905E-1 6.95841E-1 4.38215E-1 3.58172E-1 2.76325E-1 9.6011E-2 1.36098E-1 1.34663E-1 2.41285E-1 4.59802E-1 4.86689E-1 4.74102E-1 2.08618E-1 1.91357E-1 2.06589E-1 2.18076E-1 1.65681E-1 3.08059E-1 4.39858E-1 4.92313E-1 6.88434E-1
-9999 -9999 -9999 -9999 -9999 -9999 -9999 -9999 -9999 -9999 -9999 -9999 -9999 -9999 -9999 -9999 -9999 -9999 -9999 -9999 -9999 -9999 -9999 -9999 -9999 -9999 -9999 7.22385E-1 6.7229E-1 5.54288E-1 5.37189E-1 8.67968E-1 9.06906E-1 9.02673E-1 9.38451E-1 9.41916E-1 9.05476E-1 9.23092E-1 8.63863E-1 4.96968E-1 4.42853E-1 4.88246E-1 2.45066E-1 8.39221E-2 8.40702E-2 8.0519E-2 1.69779E-1 4.95018E-1 4.07944E-1 2.75786E-1 1.34124E-1 1.57881E-1 1.07299E-1 1.2448E-1 1.43992E-1 1.8312E-1 2.47131E-1 3.89094E-1 5.60575E-1
-9999 -9999 -9999 -9999 -9999 -9999 -9999 -9999 -9999 -9999 -9999 -9999 -9999 -9999 -9999 -9999 -9999 -9999 -9999 -9999 -9999 -9999 -9999 -9999 -9999 -9999 -9999 7.35161E-1 7.00242E-1 6.25959E-1 7.8699E-1 9.2421E-1 8.32787E-1 8.93466E-1 9.4764E-1 9.49349E-1 7.06024E-1 5.73104E-1 5.20853E-1 7.78695E-1 8.17068E-1 6.45877E-1 2.20449E-1 1.22751E-1 8.4946E-2 1.11788E-1 1.42891E-1 1.97321E-1 1.66881E-1 1.39417E-1 1.36993E-1 1.33543E-1 1.26728E-1 1.52277E-1 1.40073E-1 1.80796E-1 1.88555E-1 2.94976E-1 4.1549E-1
-9999 -9999 -9999 -9999 -9999 -9999 -9999 -9999 -9999 -9999 -9999 -9999 -9999 -9999 -9999 -9999 -9999 -9999 -9999 -9999 -9999 -9999 -9999 -9999 -9999 -9999 7.38935E-1 7.84723E-1 5.72016E-1 6.82453E-1 8.86576E-1 -9999 8.59907E-1 9.53345E-1 9.14975E-1 7.95095E-1 6.70262E-1 6.16523E-1 6.95795E-1 9.18218E-1 8.14923E-1 4.72146E-1 2.60572E-1 1.98736E-1 1.43894E-1 1.34173E-1 1.38138E-1 1.72639E-1 1.32266E-1 1.97594E-1 1.52235E-1 1.77333E-1 3.83726E-1 2.71152E-1 1.16494E-1 1.11095E-1 2.82828E-1 3.75354E-1 3.29206E-1
-9999 -9999 -9999 -9999 -9999 -9999 -9999 -9999 -9999 -9999 -9999 -9999 -9999 -9999 -9999 -9999 -9999 -9999 -9999 -9999 -9999 -9999 -9999 -9999 -9999 -9999 6.68268E-1 6.21648E-1 3.8308E-1 -9999 -9999 -9999 9.1352E-1 9.42877E-1 8.98108E-1 6.84873E-1 6.16735E-1 8.08313E-1 9.17516E-1 9.08211E-1 7.25173E-1 5.3857E-1 3.19194E-1 2.2682E-1 2.44172E-1 1.8642E-1 1.64629E-1 1.94458E-1 2.07405E-1 1.97706E-1 2.78047E-1 3.43895E-1 5.34023E-1 2.18666E-1 1.85308E-1 2.67694E-1 3.32869E-1 2.83556E-1 2.50498E-1
-9999 -9999 -9999 -9999 -9999 -9999 -9999 -9999 -9999 -9999 -9999 -9999 -9999 -9999 -9999 -9999 -9999 -9999 -9999 -9999 -9999 -9999 -9999 -9999 -9999 -9999 4.91605E-1 4.83297E-1 -9999 -9999 -9999 -9999 5.08062E-1 6.032E-1 5.2211E-1 5.55047E-1 5.51309E-1 5.10461E-1 7.33528E-1 6.85736E-1 5.97558E-1 5.90542E-1 3.4608E-1 2.13673E-1 2.24519E-1 2.76588E-1 2.77688E-1 4.18919E-1 4.23845E-1 4.86859E-1 4.63506E-1 3.94463E-1 3.53931E-1 2.71035E-1 2.28167E-1 2.11921E-1 1.81986E-1 1.81961E-1 2.44483E-1
-9999 -9999 -9999 -9999 -9999 -9999 -9999 -9999 -9999 -9999 -9999 -9999 -9999 -9999 -9999 -9999 -9999 -9999 -9999 -9999 -9999 -9999 -9999 -9999 -9999 -9999 -9999 -9999 -9999 -9999 -9999 -9999 -9999 6.31593E-1 6.53408E-1 8.87102E-1 5.76452E-1 4.59862E-1 6.11075E-1 5.88642E-1 4.54744E-1 3.39059E-1 5.39015E-1 4.69161E-1 3.15188E-1 5.05446E-1 7.81391E-1 8.79577E-1 8.78826E-1 4.91044E-1 5.09571E-1 2.84001E-1 2.3635E-1 2.31365E-1 1.73869E-1 1.06842E-1 1.3091E-1 2.89527E-1 4.87779E-1
-9999 -9999 -9999 -9999 -9999 -9999 -9999 -9999 -9999 -9999 -9999 -9999 -9999 -9999 -9999 -9999 -9999 -9999 -9999 -9999 -9999 -9999 -9999 -9999 -9999 -9999 -9999 -9999 -9999 -9999 -9999 -9999 -9999 -9999 3.80945E-1 5.03832E-1 2.68804E-1 2.20116E-1 2.87109E-1 2.46141E-1 2.29135E-1 1.6494E-1 3.15249E-1 6.26635E-1 7.20933E-1 9.01846E-1 9.45785E-1 9.2232E-1 9.15794E-1 6.54789E-1 5.54274E-1 3.57162E-1 2.16831E-1 1.82902E-1 1.22532E-1 1.43826E-1 3.99537E-1 5.71297E-1 4.57098E-1
-9999 -9999 -9999 -9999 -9999 -9999 -9999 -9999 -9999 -9999 -9999 -9999 -9999 -9999 -9999 -9999 -9999 -9999 -9999 -9999 -9999 -9999 -9999 -9999 -9999 -9999 -9999 -9999 -9999 -9999 -9999 -9999 -9999 -9999 3.61802E-1 3.52912E-1 3.93722E-1 3.57196E-1 3.2929E-1 3.92603E-1 5.07464E-1 5.03004E-1 2.33198E-1 2.97564E-1 7.38191E-1 8.47241E-1 6.81838E-1 6.35307E-1 6.94967E-1 6.33433E-1 5.92846E-1 3.53151E-1 2.31781E-1 1.5359E-1 1.44817E-1 4.13101E-1 7.48428E-1 5.76274E-1 7.3958E-1
-9999 -9999 -9999 -9999 -9999 -9999 -9999 -9999 -9999 -9999 -9999 -9999 -9999 -9999 -9999 -9999 -9999 -9999 -9999 -9999 -9999 -9999 -9999 -9999 -9999 -9999 -9999 -9999 -9999 -9999 -9999 -9999 -9999 -9999 -9999 6.47271E-1 6.9995E-1 6.63356E-1 4.10672E-1 5.89191E-1 6.33925E-1 7.43686E-1 6.71059E-1 1.68019E-1 3.8851E-1 6.74754E-1 3.98364E-1 4.71788E-1 5.43774E-1 5.26914E-1 4.85985E-1 3.08807E-1 2.12709E-1 1.92807E-1 3.57789E-1 5.13031E-1 5.36796E-1 6.63858E-1 8.62595E-1
-9999 -9999 -9999 -9999 -9999 -9999 -9999 -9999 -9999 -9999 -9999 -9999 -9999 -9999 -9999 -9999 -9999 -9999 -9999 -9999 -9999 -9999 -9999 -9999 -9999 -9999 -9999 -9999 -9999 -9999 -9999 -9999 -9999 -9999 -9999 7.21086E-1 7.24922E-1 8.59764E-1 8.79341E-1 7.27155E-1 6.26682E-1 6.94655E-1 6.4976E-1 4.0039E-1 2.49969E-1 2.64068E-1 2.92175E-1 4.09778E-1 6.2663E-1 7.75683E-1 4.76949E-1 2.47272E-1 2.41255E-1 3.41859E-1 5.00978E-1 4.73558E-1 4.97561E-1 6.2952E-1 7.2601E-1
