Phytophthora/models/20240529_1714_25/Phytophthora_PA3_RUN9_MAXENT_outputs/projMaxent.asc
ncols         225
nrows         269
xllcorner     473009.9838
yllcorner     4429051.1748
cellsize      50.0
NODATA_value  -9999
[rows 234 to 259 of 269, columns 118 to 176 of 225]
3.10439E-1 5.24205E-1 6.45088E-1 6.03487E-1 5.56727E-1 3.96738E-1 4.7881E-1 6.12701E-1 5.1145E-1 3.96243E-1 4.33656E-1 6.33885E-1 7.65549E-1 7.03838E-1 5.55532E-1 4.28078E-1 6.0435E-1 6.52279E-1 7.44863E-1 5.27567E-1 7.59212E-1 8.19054E-1 9.10601E-1 8.95123E-1 8.7091E-1 7.20833E-1 6.18776E-1 6.25877E-1 6.6809E-1 6.27227E-1 5.69615E-1 5.07777E-1 4.81203E-1 4.3799E-1 4.93573E-1 5.4784E-1 5.28384E-1 6.59346E-1 7.30509E-1 7.44434E-1 4.08244E-1 4.67211E-1 3.20328E-1 2.58772E-1 5.31956E-1 3.55748E-1 1.9843E-1 3.27995E-1 2.94981E-1 2.6002E-1 2.14834E-1 1.57628E-1 1.1081E-1 1.13599E-1 4.24567E-1 5.87832E-1 4.23348E-1 4.1228E-1 3.97791E-1
3.7502E-1 5.00576E-1 5.58052E-1 6.36947E-1 5.98705E-1 4.75938E-1 5.54681E-1 5.93962E-1 5.30339E-1 5.9563E-1 5.65512E-1 6.92904E-1 7.88232E-1 7.60771E-1 6.54285E-1 5.11071E-1 6.02973E-1 7.53631E-1 6.76718E-1 4.86639E-1 7.44231E-1 8.57478E-1 8.55461E-1 7.6907E-1 7.27798E-1 7.46218E-1 6.4704E-1 6.14089E-1 6.5373E-1 6.70149E-1 6.00049E-1 5.19764E-1 5.04343E-1 4.75323E-1 5.08053E-1 5.39247E-1 5.34557E-1 7.16523E-1 7.47198E-1 7.22045E-1 5.75112E-1 4.62462E-1 2.93735E-1 4.26489E-1 3.42232E-1 2.94825E-1 3.43372E-1 3.55402E-1 2.73396E-1 2.08802E-1 1.79313E-1 1.15898E-1 1.41484E-1 1.86817E-1 2.91124E-1 4.61715E-1 4.82361E-1 4.34309E-1 4.15594E-1
3.74163E-1 3.77917E-1 5.17449E-1 5.34409E-1 6.0826E-1 4.38792E-1 5.24367E-1 6.22976E-1 6.16838E-1 6.56999E-1 6.76477E-1 7.40884E-1 8.02267E-1 8.35508E-1 7.5013E-1 5.94663E-1 6.38047E-1 6.56676E-1 4.90681E-1 5.16676E-1 6.33052E-1 6.59967E-1 8.76971E-1 7.29015E-1 6.13563E-1 5.1223E-1 6.21848E-1 6.95873E-1 7.58135E-1 7.10358E-1 7.13458E-1 6.61098E-1 6.07493E-1 5.71756E-1 5.99574E-1 6.14572E-1 6.46703E-1 8.07644E-1 7.19838E-1 5.26198E-1 5.47052E-1 3.29345E-1 3.29359E-1 3.56811E-1 2.71565E-1 3.05729E-1 3.91193E-1 2.96011E-1 1.87274E-1 2.15713E-1 2.25717E-1 1.57798E-1 1.6669E-1 2.03959E-1 1.858E-1 2.9354E-1 5.23652E-1 5.6776E-1 4.61171E-1
7.48901E-1 4.20233E-1 5.18317E-1 8.82088E-1 5.83162E-1 6.07364E-1 7.41845E-1 8.53306E-1 7.25891E-1 7.4038E-1 7.18396E-1 7.08593E-1 7.99137E-1 8.35505E-1 7.92749E-1 6.93424E-1 6.00173E-1 5.93311E-1 5.17727E-1 6.07302E-1 6.65993E-1 6.2491E-1 7.51185E-1 5.51142E-1 4.18544E-1 4.68442E-1 7.22007E-1 7.07022E-1 7.79757E-1 7.73564E-1 7.94574E-1 7.45634E-1 6.97661E-1 5.92707E-1 6.10241E-1 6.68557E-1 7.71312E-1 7.85848E-1 5.64024E-1 5.44547E-1 3.2099E-1 3.04544E-1 3.8793E-1 4.07815E-1 3.47312E-1 3.16771E-1 3.5798E-1 2.53317E-1 1.78888E-1 1.76679E-1 2.29366E-1 2.59768E-1 2.80007E-1 2.74984E-1 2.71124E-1 3.16827E-1 5.09848E-1 6.00443E-1 5.62051E-1
7.30022E-1 5.01339E-1 7.149E-1 9.14131E-1 5.52706E-1 8.16127E-1 7.46273E-1 8.41956E-1 7.58969E-1 8.90582E-1 9.0186E-1 9.09699E-1 8.20392E-1 8.4263E-1 8.51617E-1 7.36089E-1 7.15066E-1 7.19898E-1 6.38663E-1 5.82385E-1 5.94517E-1 6.76109E-1 7.30299E-1 4.66603E-1 3.91934E-1 4.76107E-1 7.42907E-1 7.73148E-1 8.73666E-1 8.03828E-1 7.8739E-1 7.17674E-1 6.96902E-1 6.40592E-1 6.81051E-1 7.93825E-1 7.6944E-1 7.17213E-1 5.4628E-1 5.70867E-1 2.89972E-1 3.6242E-1 5.97437E-1 4.75608E-1 4.33951E-1 2.8562E-1 2.23976E-1 2.23269E-1 1.99262E-1 1.76482E-1 2.09153E-1 2.98745E-1 3.4535E-1 3.39196E-1 3.21926E-1 2.80021E-1 4.79574E-1 6.85136E-1 5.68312E-1
9.5187E-1 4.74701E-1 4.70616E-1 5.60715E-1 5.17889E-1 7.03565E-1 8.4061E-1 8.41368E-1 8.10036E-1 9.05409E-1 9.08235E-1 9.85168E-1 9.71814E-1 9.32669E-1 8.52073E-1 7.39549E-1 7.14133E-1 8.33827E-1 7.29529E-1 6.25444E-1 6.20945E-1 6.24161E-1 5.18241E-1 3.60098E-1 4.89381E-1 5.91327E-1 7.93037E-1 8.2105E-1 8.42641E-1 6.86384E-1 7.07893E-1 6.79832E-1 5.24942E-1 7.06247E-1 8.6507E-1 8.66455E-1 7.15961E-1 5.77041E-1 6.99695E-1 6.10176E-1 2.45741E-1 3.85844E-1 8.12589E-1 4.25877E-1 3.91928E-1 2.98328E-1 2.7831E-1 2.21476E-1 1.8772E-1 2.25317E-1 2.7018E-1 3.22454E-1 3.43707E-1 3.41187E-1 3.77788E-1 2.49143E-1 3.83894E-1 5.76276E-1 5.16293E-1
5.73439E-1 3.29132E-1 3.49827E-1 4.43856E-1 5.44115E-1 7.38614E-1 8.38773E-1 8.30681E-1 8.29798E-1 9.13866E-1 9.33156E-1 9.74523E-1 9.81103E-1 9.30755E-1 9.02647E-1 7.81449E-1 7.28517E-1 7.52335E-1 8.00138E-1 6.76533E-1 6.28639E-1 6.1766E-1 3.96456E-1 3.7839E-1 5.61043E-1 6.2849E-1 8.60386E-1 8.72204E-1 8.66234E-1 6.22485E-1 6.98821E-1 6.55554E-1 5.7956E-1 7.89474E-1 8.75837E-1 7.85208E-1 6.61425E-1 6.08212E-1 5.65332E-1 6.1322E-1 2.13016E-1 3.08305E-1 6.60197E-1 3.58728E-1 3.89497E-1 2.82198E-1 3.23564E-1 2.2643E-1 1.96666E-1 2.9949E-1 3.09405E-1 3.33432E-1 3.46851E-1 3.34724E-1 3.54081E-1 1.83791E-1 1.97225E-1 4.10456E-1 4.21679E-1
6.07193E-1 7.11625E-1 8.22798E-1 7.60475E-1 7.11548E-1 7.13735E-1 8.20576E-1 7.84377E-1 8.29324E-1 9.10891E-1 9.65593E-1 9.55617E-1 9.85824E-1 9.23322E-1 8.24788E-1 9.2804E-1 9.17193E-1 7.4855E-1 6.04079E-1 6.69227E-1 5.93824E-1 5.64685E-1 4.05351E-1 5.2249E-1 6.78298E-1 7.10971E-1 6.80532E-1 8.41795E-1 8.03212E-1 6.64581E-1 6.11815E-1 6.72157E-1 6.02104E-1 7.2484E-1 8.71849E-1 7.56178E-1 6.77276E-1 5.87289E-1 4.5525E-1 6.19131E-1 3.77593E-1 2.80447E-1 4.96664E-1 2.9946E-1 2.49189E-1 2.20563E-1 3.24125E-1 1.9141E-1 2.24524E-1 3.05295E-1 3.11604E-1 4.28592E-1 3.61751E-1 3.99211E-1 3.0217E-1 1.38334E-1 2.56213E-1 3.66603E-1 2.46064E-1
6.39158E-1 8.47381E-1 8.3664E-1 8.15889E-1 8.44935E-1 8.28524E-1 8.03758E-1 7.5977E-1 8.53887E-1 9.12717E-1 9.71903E-1 9.25978E-1 9.83227E-1 9.12048E-1 8.37699E-1 7.31393E-1 7.32773E-1 6.52461E-1 6.41298E-1 6.32808E-1 5.69883E-1 5.8708E-1 4.43918E-1 5.02896E-1 7.14282E-1 6.25615E-1 6.45864E-1 5.88837E-1 5.77668E-1 6.20262E-1 7.21564E-1 7.48577E-1 6.78204E-1 7.17586E-1 8.62241E-1 8.45317E-1 7.28062E-1 5.38152E-1 4.55908E-1 4.50331E-1 2.86623E-1 3.29635E-1 3.8663E-1 2.86536E-1 2.09679E-1 3.43585E-1 3.37509E-1 2.0189E-1 2.58713E-1 2.86735E-1 2.77041E-1 3.26209E-1 3.54151E-1 4.34565E-1 3.57283E-1 1.66434E-1 1.22865E-1 1.30524E-1 1.05422E-1
6.96067E-1 6.57696E-1 6.60131E-1 6.84729E-1 8.46835E-1 7.57883E-1 9.22254E-1 9.23179E-1 7.46416E-1 8.79062E-1 9.3594E-1 8.72388E-1 9.71746E-1 8.85789E-1 7.63269E-1 7.24488E-1 6.60739E-1 6.99922E-1 7.13632E-1 6.02553E-1 4.55892E-1 4.54494E-1 3.05158E-1 3.65808E-1 3.74043E-1 5.78193E-1 5.7619E-1 3.97831E-1 6.12839E-1 6.52588E-1 7.66792E-1 7.46436E-1 6.13177E-1 6.69477E-1 8.28561E-1 8.53115E-1 6.72E-1 4.45825E-1 4.78935E-1 3.05529E-1 2.79818E-1 4.48786E-1 4.33111E-1 3.51964E-1 2.96241E-1 4.28088E-1 4.66184E-1 4.10275E-1 4.16065E-1 5.67861E-1 3.72574E-1 2.55924E-1 2.73276E-1 4.41559E-1 2.97202E-1 2.56019E-1 1.59819E-1 1.09698E-1 7.18229E-2
6.48364E-1 7.86473E-1 7.29636E-1 8.16032E-1 8.77345E-1 7.41606E-1 9.17491E-1 9.05419E-1 7.54849E-1 8.35383E-1 9.04378E-1 7.87597E-1 9.47718E-1 7.66755E-1 8.26031E-1 7.12165E-1 7.08397E-1 6.46498E-1 5.85479E-1 5.01917E-1 4.2667E-1 4.61646E-1 1.86708E-1 3.11833E-1 4.07546E-1 3.05947E-1 3.54432E-1 4.62817E-1 5.32027E-1 7.40511E-1 7.70146E-1 7.54346E-1 5.54683E-1 5.98339E-1 7.37181E-1 8.40306E-1 6.20533E-1 5.21966E-1 3.66003E-1 2.35326E-1 2.73989E-1 4.23112E-1 3.34113E-1 3.24271E-1 3.68316E-1 2.48326E-1 5.8401E-1 7.98775E-1 6.71912E-1 7.77321E-1 3.55478E-1 2.65547E-1 2.56101E-1 3.22284E-1 3.11091E-1 2.47024E-1 1.67541E-1 1.10923E-1 5.61038E-2
4.00316E-1 6.06456E-1 6.91871E-1 8.60775E-1 8.8893E-1 7.76237E-1 8.47798E-1 8.66546E-1 7.41112E-1 7.82613E-1 8.54243E-1 6.72361E-1 9.10878E-1 7.43532E-1 7.4448E-1 6.57834E-1 6.94046E-1 6.7109E-1 6.19835E-1 4.55918E-1 3.98273E-1 2.50781E-1 2.443E-1 2.26512E-1 2.22418E-1 2.5245E-1 3.2611E-1 5.00473E-1 7.13659E-1 7.29722E-1 7.65966E-1 6.65947E-1 5.38196E-1 4.33934E-1 6.88203E-1 7.56306E-1 5.13113E-1 4.38726E-1 2.43371E-1 2.16461E-1 2.37614E-1 3.18308E-1 2.29662E-1 2.74505E-1 2.78439E-1 2.17307E-1 6.0337E-1 7.95296E-1 4.37131E-1 3.98437E-1 4.09548E-1 3.67171E-1 3.2279E-1 2.82533E-1 2.67025E-1 2.02735E-1 1.17904E-1 9.08242E-2 5.44552E-2
2.87197E-1 2.55105E-1 4.67218E-1 7.89219E-1 7.51547E-1 8.62883E-1 8.11026E-1 7.90401E-1 7.69841E-1 8.47889E-1 8.46357E-1 5.7875E-1 8.91372E-1 5.66869E-1 5.67136E-1 5.80336E-1 6.54075E-1 6.11293E-1 5.45222E-1 3.79764E-1 2.81333E-1 1.57689E-1 1.12012E-1 1.35655E-1 1.26584E-1 1.85576E-1 3.3672E-1 4.76779E-1 6.67905E-1 7.39724E-1 7.26847E-1 5.91161E-1 4.924E-1 3.98883E-1 6.82322E-1 6.31525E-1 4.70292E-1 3.10341E-1 2.81053E-1 1.68542E-1 2.654E-1 2.995E-1 2.32727E-1 2.89763E-1 3.09602E-1 2.61639E-1 4.30406E-1 5.74702E-1 2.78189E-1 1.31335E-1 2.30305E-1 1.94122E-1 2.04872E-1 2.17513E-1 2.16922E-1 1.47317E-1 7.85249E-2 4.86054E-2 7.84401E-2
3.92074E-1 3.03094E-1 3.14431E-1 4.25826E-1 4.32772E-1 4.20437E-1 7.12125E-1 8.00718E-1 7.50433E-1 8.40947E-1 8.70384E-1 5.30924E-1 8.46436E-1 4.11678E-1 4.30514E-1 4.61181E-1 5.23829E-1 5.08196E-1 4.50584E-1 2.82081E-1 2.21661E-1 1.22721E-1 8.49883E-2 7.90104E-2 1.22459E-1 1.59725E-1 3.52681E-1 4.29746E-1 5.77614E-1 6.50115E-1 6.83035E-1 5.37899E-1 4.07322E-1 3.80342E-1 6.42927E-1 5.56134E-1 4.86714E-1 2.34522E-1 3.25381E-1 2.51312E-1 1.68463E-1 2.36035E-1 2.22623E-1 2.90217E-1 3.27898E-1 2.89925E-1 3.54248E-1 6.6124E-1 4.55876E-1 1.4071E-1 1.07144E-1 9.65002E-2 1.33795E-1 1.52863E-1 1.71522E-1 1.19362E-1 7.11773E-2 4.52992E-2 1.7722E-1
4.05336E-1 4.02259E-1 3.91793E-1 4.65315E-1 3.92728E-1 2.86105E-1 5.17677E-1 8.28717E-1 6.76881E-1 8.06222E-1 9.1614E-1 4.35093E-1 7.09409E-1 3.84244E-1 3.46195E-1 4.12399E-1 4.39697E-1 4.02447E-1 3.54807E-1 2.10911E-1 1.32398E-1 1.15534E-1 7.90582E-2 9.87088E-2 1.16518E-1 2.17321E-1 3.82859E-1 4.0495E-1 4.56155E-1 5.47305E-1 5.70621E-1 4.18146E-1 3.04877E-1 2.86642E-1 5.2823E-1 4.66855E-1 4.04849E-1 2.93277E-1 3.64678E-1 2.78223E-1 1.61688E-1 2.07692E-1 2.17141E-1 2.84336E-1 3.62945E-1 3.20667E-1 2.98199E-1 5.67029E-1 6.47521E-1 4.15532E-1 1.32801E-1 7.21731E-2 1.08581E-1 1.21962E-1 1.44656E-1 9.45336E-2 5.769E-2 5.35753E-2 1.6243E-1
3.83004E-1 3.79914E-1 4.30497E-1 5.04635E-1 3.02092E-1 1.735E-1 5.35246E-1 6.75139E-1 5.85323E-1 7.61181E-1 8.03911E-1 5.24614E-1 5.90407E-1 3.83677E-1 3.47492E-1 2.60248E-1 3.07405E-1 2.92671E-1 2.26829E-1 1.50355E-1 1.09825E-1 8.89172E-2 4.57716E-2 8.32617E-2 1.23033E-1 1.74693E-1 3.26674E-1 3.83211E-1 3.44672E-1 4.1438E-1 4.24521E-1 2.47255E-1 1.8912E-1 2.771E-1 4.16592E-1 4.79632E-1 4.11794E-1 3.23238E-1 2.89209E-1 3.1651E-1 1.42143E-1 1.90971E-1 2.51016E-1 2.34688E-1 3.69877E-1 3.93036E-1 3.71762E-1 2.93107E-1 1.96044E-1 1.56403E-1 1.25744E-1 1.52919E-1 1.07194E-1 -9999 -9999 5.6864E-2 4.73321E-2 4.79416E-2 8.65427E-2
5.79987E-1 4.43678E-1 4.45094E-1 4.30855E-1 3.23843E-1 1.76529E-1 2.62388E-1 4.80839E-1 3.15235E-1 6.05094E-1 1.54188E-1 6.71156E-1 4.30305E-1 2.81434E-1 2.8236E-1 1.69235E-1 2.00201E-1 2.03038E-1 1.73963E-1 1.29744E-1 5.88774E-2 4.31814E-2 1.80658E-2 5.10578E-2 1.05996E-1 1.59385E-1 2.17151E-1 2.87285E-1 2.89506E-1 3.23216E-1 3.7635E-1 2.48665E-1 1.92702E-1 2.85431E-1 3.35068E-1 5.53451E-1 3.70031E-1 2.53869E-1 2.29365E-1 3.38946E-1 1.59886E-1 1.70213E-1 2.09747E-1 2.12357E-1 3.13788E-1 3.00595E-1 2.81288E-1 1.83822E-1 1.3044E-1 -9999 -9999 -9999 -9999 -9999 -9999 -9999 -9999 3.15258E-2 5.08947E-2
7.88298E-1 5.94685E-1 4.86712E-1 4.00782E-1 3.17784E-1 2.49249E-1 2.53599E-1 2.8586E-1 4.06781E-1 6.13467E-2 3.61214E-1 4.60305E-1 3.53654E-1 2.37736E-1 1.92864E-1 1.33588E-1 1.17211E-1 1.32274E-1 1.12625E-1 9.14964E-2 3.86099E-2 2.57568E-2 1.38175E-2 3.0589E-2 7.10182E-2 1.00714E-1 1.27718E-1 1.4427E-1 2.41701E-1 2.65934E-1 2.82471E-1 1.97124E-1 1.76641E-1 4.36841E-1 2.76147E-1 3.64522E-1 2.44397E-1 2.00956E-1 2.57147E-1 -9999 -9999 -9999 -9999 -9999 -9999 -9999 -9999 -9999 -9999 -9999 -9999 -9999 -9999 -9999 -9999 -9999 -9999 -9999 -9999
7.38057E-1 7.11876E-1 6.72736E-1 4.76518E-1 3.60891E-1 2.84028E-1 2.86771E-1 2.68777E-1 2.63851E-1 1.10655E-1 3.28837E-1 5.61355E-1 4.10743E-1 3.17876E-1 2.13082E-1 1.47983E-1 1.07981E-1 9.32852E-2 6.89365E-2 3.96254E-2 -9999 -9999 -9999 -9999 -9999 -9999 -9999 -9999 -9999 -9999 -9999 -9999 -9999 -9999 -9999 -9999 -9999 -9999 -9999 -9999 -9999 -9999 -9999 -9999 -9999 -9999 -9999 -9999 -9999 -9999 -9999 -9999 -9999 -9999 -9999 -9999 -9999 -9999 -9999
5.67839E-1 6.83895E-1 6.13263E-1 6.30891E-1 4.90068E-1 3.25711E-1 3.65167E-1 5.77122E-1 6.62672E-2 3.32554E-1 2.04047E-1 4.86202E-1 5.02236E-1 4.61411E-1 3.08559E-1 1.6752E-1 1.37802E-1 8.2373E-2 -9999 -9999 -9999 -9999 -9999 -9999 -9999 -9999 -9999 -9999 -9999 -9999 -9999 -9999 -9999 -9999 -9999 -9999 -9999 -9999 -9999 -9999 -9999 -9999 -9999 -9999 -9999 -9999 -9999 -9999 -9999 -9999 -9999 -9999 -9999 -9999 -9999 -9999 -9999 -9999 -9999
6.29343E-1 8.33408E-1 6.40812E-1 6.362E-1 6.04973E-1 4.55758E-1 5.48489E-1 1.14848E-1 2.55606E-1 2.49556E-1 2.18462E-1 5.5027E-1 5.86512E-1 5.07691E-1 3.55678E-1 1.89779E-1 2.11247E-1 -9999 -9999 -9999 -9999 -9999 -9999 -9999 -9999 -9999 -9999 -9999 -9999 -9999 -9999 -9999 -9999 -9999 -9999 -9999 -9999 -9999 -9999 -9999 -9999 -9999 -9999 -9999 -9999 -9999 -9999 -9999 -9999 -9999 -9999 -9999 -9999 -9999 -9999 -9999 -9999 -9999 -9999
8.28233E-1 5.65575E-1 1.02772E-1 1.68933E-1 1.53939E-1 1.44152E-1 8.14166E-2 3.59035E-1 3.61797E-1 3.07175E-1 2.15412E-1 6.59067E-1 6.19484E-1 5.32516E-1 4.16236E-1 -9999 -9999 -9999 -9999 -9999 -9999 -9999 -9999 -9999 -9999 -9999 -9999 -9999 -9999 -9999 -9999 -9999 -9999 -9999 -9999 -9999 -9999 -9999 -9999 -9999 -9999 -9999 -9999 -9999 -9999 -9999 -9999 -9999 -9999 -9999 -9999 -9999 -9999 -9999 -9999 -9999 -9999 -9999 -9999
-9999 -9999 -9999 -9999 -9999 -9999 -9999 -9999 -9999 -9999 -9999 6.85818E-1 5.83147E-1 -9999 -9999 -9999 -9999 -9999 -9999 -9999 -9999 -9999 -9999 -9999 -9999 -9999 -9999 -9999 -9999 -9999 -9999 -9999 -9999 -9999 -9999 -9999 -9999 -9999 -9999 -9999 -9999 -9999 -9999 -9999 -9999 -9999 -9999 -9999 -9999 -9999 -9999 -9999 -9999 -9999 -9999 -9999 -9999 -9999 -9999
-9999 -9999 -9999 -9999 -9999 -9999 -9999 -9999 -9999 -9999 -9999 -9999 -9999 -9999 -9999 -9999 -9999 -9999 -9999 -9999 -9999 -9999 -9999 -9999 -9999 -9999 -9999 -9999 -9999 -9999 -9999 -9999 -9999 -9999 -9999 -9999 -9999 -9999 -9999 -9999 -9999 -9999 -9999 -9999 -9999 -9999 -9999 -9999 -9999 -9999 -9999 -9999 -9999 -9999 -9999 -9999 -9999 -9999 -9999
-9999 -9999 -9999 -9999 -9999 -9999 -9999 -9999 -9999 -9999 -9999 -9999 -9999 -9999 -9999 -9999 -9999 -9999 -9999 -9999 -9999 -9999 -9999 -9999 -9999 -9999 -9999 -9999 -9999 -9999 -9999 -9999 -9999 -9999 -9999 -9999 -9999 -9999 -9999 -9999 -9999 -9999 -9999 -9999 -9999 -9999 -9999 -9999 -9999 -9999 -9999 -9999 -9999 -9999 -9999 -9999 -9999 -9999 -9999
-9999 -9999 -9999 -9999 -9999 -9999 -9999 -9999 -9999 -9999 -9999 -9999 -9999 -9999 -9999 -9999 -9999 -9999 -9999 -9999 -9999 -9999 -9999 -9999 -9999 -9999 -9999 -9999 -9999 -9999 -9999 -9999 -9999 -9999 -9999 -9999 -9999 -9999 -9999 -9999 -9999 -9999 -9999 -9999 -9999 -9999 -9999 -9999 -9999 -9999 -9999 -9999 -9999 -9999 -9999 -9999 -9999 -9999 -9999
