Phytophthora/models/20240529_1714_25/Phytophthora_PA3_RUN9_MAXENT_outputs/projMaxent.asc
ncols         225
nrows         269
xllcorner     473009.9838
yllcorner     4429051.1748
cellsize      50.0
NODATA_value  -9999
[rows 182 to 207 of 269, columns 118 to 176 of 225]
6.98288E-1 6.30686E-1 8.08965E-1 8.34254E-1 5.22055E-1 5.87992E-1 5.35835E-1 4.90871E-1 3.81722E-1 2.81333E-1 1.94309E-1 8.14074E-2 8.08392E-2 7.81241E-2 9.69903E-2 1.54869E-1 2.15046E-1 1.95898E-1 1.42605E-1 2.02322E-1 3.35673E-1 4.84481E-1 4.78933E-1 4.95362E-1 6.80424E-1 5.77634E-1 3.83605E-1 1.87586E-1 1.13419E-1 7.73294E-2 8.60974E-2 6.16683E-2 4.77358E-2 7.60395E-2 1.89234E-1 4.16702E-1 5.17181E-1 3.33968E-1 2.14091E-1 4.77301E-1 6.47925E-1 3.01974E-1 6.16281E-1 6.84228E-1 5.56568E-1 4.65438E-1 4.7053E-1 2.35735E-1 1.21453E-1 1.73168E-1 2.52602E-1 2.33047E-1 1.57934E-1 1.77605E-1 3.37245E-1 4.10863E-1 4.46185E-1 4.32962E-1 4.48186E-1
8.75589E-1 8.5967E-1 6.81482E-1 6.96584E-1 6.30155E-1 5.46918E-1 6.41265E-1 5.19944E-1 4.09508E-1 3.10654E-1 2.10819E-1 1.78991E-1 1.50485E-1 1.75495E-1 9.81702E-2 1.32502E-1 2.78621E-1 3.8773E-1 2.42407E-1 1.47958E-1 2.96338E-1 6.88808E-1 6.30727E-1 5.61047E-1 5.05112E-1 5.02425E-1 3.76077E-1 2.19426E-1 1.53009E-1 1.07137E-1 6.28789E-2 8.70559E-2 8.00156E-2 6.12019E-2 1.4484E-1 3.33713E-1 2.38971E-1 1.95735E-1 2.60398E-1 4.33394E-1 4.48672E-1 3.62366E-1 6.85133E-1 7.25031E-1 5.54244E-1 5.10433E-1 4.49294E-1 2.96044E-1 3.07217E-1 1.92031E-1 2.85015E-1 1.57867E-1 8.64548E-2 1.8458E-1 4.87391E-1 4.09358E-1 4.40984E-1 4.83001E-1 4.70752E-1
9.06804E-1 8.80949E-1 6.98998E-1 6.50868E-1 6.91501E-1 5.62443E-1 4.4079E-1 5.18381E-1 3.15614E-1 2.82164E-1 2.56531E-1 3.21335E-1 3.60178E-1 3.098E-1 1.72721E-1 1.3266E-1 1.41314E-1 3.11788E-1 2.98184E-1 1.84073E-1 1.97658E-1 3.05727E-1 6.03614E-1 4.42685E-1 2.47388E-1 5.40515E-1 3.37479E-1 2.0168E-1 1.97209E-1 1.17161E-1 5.11128E-2 4.72134E-2 9.43108E-2 1.17234E-1 1.44667E-1 1.4147E-1 1.19362E-1 1.46848E-1 2.69692E-1 3.43078E-1 4.02453E-1 4.8969E-1 7.44199E-1 7.68577E-1 5.70285E-1 5.60011E-1 6.42554E-1 6.33426E-1 5.63773E-1 4.62504E-1 3.9653E-1 2.37313E-1 2.27644E-1 4.29202E-1 5.43659E-1 3.76361E-1 2.55495E-1 3.6915E-1 6.78579E-1
9.00603E-1 8.87927E-1 6.60963E-1 7.2824E-1 7.54004E-1 6.38764E-1 4.59981E-1 5.49248E-1 4.66683E-1 3.57805E-1 3.68878E-1 4.30296E-1 4.67812E-1 4.97333E-1 4.7469E-1 2.62598E-1 1.55709E-1 1.97695E-1 2.21571E-1 2.05986E-1 1.75377E-1 1.88592E-1 4.6819E-1 3.56282E-1 2.19889E-1 1.88091E-1 2.56768E-1 1.81801E-1 1.40155E-1 9.69457E-2 5.8393E-2 4.03654E-2 1.6416E-1 3.09177E-1 4.88752E-1 5.00065E-1 2.8324E-1 3.25979E-1 4.75651E-1 3.64096E-1 3.347E-1 6.21984E-1 7.64877E-1 7.83046E-1 7.68431E-1 5.00257E-1 6.35582E-1 3.10609E-1 2.75678E-1 2.14791E-1 1.07344E-1 8.03535E-2 2.41745E-1 3.43324E-1 3.73394E-1 2.90078E-1 3.88045E-1 4.71055E-1 7.49426E-1
7.81884E-1 8.80654E-1 6.55212E-1 7.46735E-1 7.75674E-1 7.36135E-1 6.95557E-1 5.42211E-1 5.11689E-1 4.50208E-1 4.85568E-1 5.3495E-1 5.6895E-1 6.07712E-1 6.43403E-1 5.38225E-1 3.03082E-1 2.10417E-1 2.29932E-1 2.2826E-1 2.3264E-1 4.16163E-1 3.84698E-1 3.9186E-1 2.32247E-1 1.56851E-1 2.46319E-1 1.9422E-1 1.29493E-1 9.01358E-2 4.17906E-2 6.07036E-2 2.50488E-1 3.37382E-1 3.79467E-1 4.09944E-1 5.34201E-1 6.6712E-1 6.40294E-1 4.15756E-1 3.95497E-1 6.94881E-1 7.88837E-1 8.05794E-1 7.45368E-1 3.21293E-1 3.70956E-1 3.81281E-1 2.23779E-1 1.64864E-1 8.50141E-2 1.16944E-1 1.46292E-1 1.99376E-1 2.57181E-1 4.02706E-1 4.89888E-1 5.41859E-1 7.13707E-1
6.7531E-1 8.92032E-1 8.26576E-1 6.52616E-1 6.93534E-1 7.53134E-1 6.13919E-1 4.84864E-1 5.5338E-1 5.49406E-1 5.84536E-1 6.35203E-1 6.66517E-1 7.06684E-1 7.43134E-1 7.10897E-1 4.66454E-1 2.83788E-1 2.43091E-1 2.67577E-1 3.16604E-1 6.76755E-1 7.56481E-1 5.0944E-1 1.99142E-1 1.6013E-1 2.40132E-1 1.83592E-1 1.10729E-1 8.40703E-2 5.03967E-2 8.60503E-2 3.04617E-1 3.77639E-1 3.81997E-1 4.30548E-1 6.35559E-1 6.75063E-1 5.18798E-1 3.96981E-1 4.28504E-1 6.47539E-1 8.22954E-1 8.4723E-1 7.88168E-1 6.95502E-1 3.53091E-1 3.71871E-1 2.15372E-1 1.56914E-1 1.09492E-1 1.13456E-1 1.39368E-1 1.87936E-1 2.69643E-1 4.47527E-1 4.78809E-1 5.69298E-1 6.1164E-1
6.94415E-1 8.64965E-1 8.42943E-1 7.62279E-1 6.58503E-1 7.76151E-1 5.95863E-1 4.4762E-1 5.73597E-1 6.30261E-1 6.55904E-1 7.15613E-1 7.36383E-1 7.68388E-1 8.05479E-1 7.76871E-1 5.52066E-1 3.7882E-1 2.67874E-1 2.5111E-1 5.05769E-1 7.06093E-1 7.38936E-1 6.83649E-1 3.80091E-1 1.33073E-1 1.1334E-1 1.19541E-1 8.05061E-2 6.24845E-2 5.64138E-2 7.56199E-2 2.41715E-1 3.25495E-1 3.19893E-1 4.43565E-1 5.82514E-1 5.62442E-1 3.97018E-1 3.35509E-1 3.47198E-1 5.17646E-1 6.07586E-1 8.146E-1 7.70354E-1 7.53225E-1 4.09247E-1 2.54758E-1 1.76065E-1 1.33605E-1 1.23496E-1 1.73602E-1 2.07767E-1 2.45505E-1 3.38217E-1 4.51219E-1 4.82912E-1 5.16704E-1 6.24512E-1
6.70791E-1 7.21493E-1 7.16196E-1 7.28996E-1 8.19769E-1 7.95646E-1 7.51613E-1 6.17689E-1 4.66463E-1 7.0157E-1 7.08386E-1 7.72364E-1 7.88916E-1 8.09635E-1 8.42176E-1 8.13839E-1 6.45304E-1 4.28806E-1 2.46787E-1 3.73297E-1 5.54189E-1 5.11101E-1 4.04923E-1 4.2034E-1 4.17364E-1 9.8614E-2 7.86487E-2 9.17658E-2 9.40937E-2 7.9387E-2 9.04089E-2 1.17597E-1 2.4823E-1 3.05647E-1 3.18453E-1 5.11151E-1 3.38971E-1 3.57355E-1 3.75156E-1 3.36383E-1 3.68629E-1 4.65464E-1 5.60876E-1 7.87798E-1 7.9091E-1 5.28372E-1 4.7439E-1 2.47364E-1 1.99844E-1 1.75928E-1 1.72689E-1 2.70457E-1 2.94296E-1 3.03915E-1 3.64459E-1 4.0671E-1 4.58085E-1 5.07213E-1 5.55596E-1
8.26158E-1 8.23412E-1 7.17287E-1 6.76262E-1 6.76408E-1 6.97491E-1 7.4245E-1 6.88707E-1 7.1672E-1 7.6855E-1 7.76071E-1 8.09215E-1 8.2211E-1 8.37491E-1 8.75601E-1 7.72792E-1 5.87353E-1 3.21987E-1 3.2647E-1 3.95896E-1 3.47845E-1 3.17553E-1 3.15165E-1 3.75287E-1 2.93893E-1 7.30315E-2 1.29615E-1 1.60125E-1 1.72742E-1 1.47251E-1 1.26258E-1 1.81083E-1 2.90973E-1 3.04834E-1 2.6843E-1 3.98656E-1 3.01275E-1 3.09569E-1 3.05666E-1 2.42186E-1 3.50702E-1 4.4597E-1 6.29616E-1 7.96943E-1 8.15405E-1 7.17402E-1 6.24677E-1 3.73554E-1 1.71568E-1 2.26419E-1 2.16837E-1 2.90288E-1 3.38952E-1 3.91419E-1 3.53014E-1 4.36629E-1 4.56898E-1 5.61463E-1 4.36089E-1
8.22577E-1 6.84719E-1 6.7125E-1 8.52322E-1 8.16879E-1 6.78226E-1 7.41073E-1 7.5863E-1 7.94502E-1 8.51331E-1 8.11507E-1 7.89541E-1 8.39617E-1 8.00047E-1 6.40326E-1 5.07204E-1 4.17866E-1 5.98406E-1 3.99167E-1 3.77467E-1 3.12114E-1 2.6265E-1 2.5354E-1 3.85613E-1 3.68603E-1 8.47707E-2 1.00671E-1 1.52637E-1 1.39787E-1 1.26853E-1 1.69808E-1 2.10963E-1 2.80429E-1 2.87294E-1 1.8857E-1 2.88396E-1 3.3647E-1 3.12667E-1 2.92643E-1 2.44642E-1 3.14317E-1 4.64393E-1 7.621E-1 7.99544E-1 8.16304E-1 8.04867E-1 6.97464E-1 4.02085E-1 2.66502E-1 2.6837E-1 1.42077E-1 2.78755E-1 3.49076E-1 4.11229E-1 3.21929E-1 4.10189E-1 6.35646E-1 7.96468E-1 5.08219E-1
8.15952E-1 6.45909E-1 6.52372E-1 8.96271E-1 8.57042E-1 5.6215E-1 7.04393E-1 7.31712E-1 7.72694E-1 8.62278E-1 8.4049E-1 8.06035E-1 5.82019E-1 4.90473E-1 3.94113E-1 2.38395E-1 3.32841E-1 4.86046E-1 4.94641E-1 4.43189E-1 4.25617E-1 3.47816E-1 2.49238E-1 3.23135E-1 3.39801E-1 1.47781E-1 9.31958E-2 1.57823E-1 1.5116E-1 1.79105E-1 2.04076E-1 2.68517E-1 3.86929E-1 3.66723E-1 2.06096E-1 2.59646E-1 3.24563E-1 3.31637E-1 3.31227E-1 2.78374E-1 3.27717E-1 4.95898E-1 7.44625E-1 7.87792E-1 8.00555E-1 7.81786E-1 6.6356E-1 4.67385E-1 4.13834E-1 5.02123E-1 4.05929E-1 2.18949E-1 2.69877E-1 2.7347E-1 2.77831E-1 3.3388E-1 8.44842E-1 9.26047E-1 5.64511E-1
8.26014E-1 6.48167E-1 5.22023E-1 8.43229E-1 8.13884E-1 5.62889E-1 6.79292E-1 7.3918E-1 7.63044E-1 8.82346E-1 8.45781E-1 5.8051E-1 5.92956E-1 4.3011E-1 3.2945E-1 2.5075E-1 2.27916E-1 4.33463E-1 4.23722E-1 7.33291E-1 5.11869E-1 2.85609E-1 2.07657E-1 2.69879E-1 2.50992E-1 1.17464E-1 1.06165E-1 1.81235E-1 2.78284E-1 2.80244E-1 2.58721E-1 2.7486E-1 3.35356E-1 3.25756E-1 2.8838E-1 3.65161E-1 3.77135E-1 3.85615E-1 3.74637E-1 2.99403E-1 3.32133E-1 5.67106E-1 7.11266E-1 7.4059E-1 7.28574E-1 7.27717E-1 6.53975E-1 4.97018E-1 4.74292E-1 4.96591E-1 3.68967E-1 4.21794E-1 3.63544E-1 3.5291E-1 3.74579E-1 4.86909E-1 9.19849E-1 8.07172E-1 3.78313E-1
8.11009E-1 6.50095E-1 4.75624E-1 6.87248E-1 7.69925E-1 7.32944E-1 5.17892E-1 7.65616E-1 8.36617E-1 9.17421E-1 9.12454E-1 6.52692E-1 4.29597E-1 4.47294E-1 4.79707E-1 3.34283E-1 3.16441E-1 3.40932E-1 4.12966E-1 5.62117E-1 5.96582E-1 4.31322E-1 2.96146E-1 3.4707E-1 1.96261E-1 1.10877E-1 1.29448E-1 2.04874E-1 2.69115E-1 3.89425E-1 3.68816E-1 3.15185E-1 3.88001E-1 3.4175E-1 3.64572E-1 4.74461E-1 5.37744E-1 4.76582E-1 4.31907E-1 3.07433E-1 3.35351E-1 7.53061E-1 7.62311E-1 7.63479E-1 7.6211E-1 6.78693E-1 5.61714E-1 4.96323E-1 4.78571E-1 5.10654E-1 4.85596E-1 4.83939E-1 5.50091E-1 5.48826E-1 4.83421E-1 5.26665E-1 9.06484E-1 8.543E-1 4.79724E-1
8.31427E-1 7.03777E-1 6.16679E-1 4.48397E-1 7.62439E-1 7.94606E-1 4.55163E-1 8.47523E-1 8.63658E-1 8.52173E-1 7.43402E-1 5.49758E-1 5.08721E-1 5.32897E-1 4.96151E-1 3.89646E-1 3.72896E-1 3.41173E-1 3.40346E-1 2.86973E-1 3.75858E-1 5.23751E-1 5.09751E-1 5.32849E-1 3.02116E-1 1.94328E-1 1.60711E-1 2.28175E-1 3.16913E-1 3.88179E-1 4.32454E-1 3.90781E-1 4.21078E-1 3.2209E-1 4.42114E-1 6.46569E-1 5.94992E-1 5.46293E-1 4.4696E-1 4.02238E-1 3.85915E-1 7.51095E-1 7.85892E-1 7.60031E-1 5.9155E-1 5.5627E-1 5.08566E-1 5.37625E-1 5.36227E-1 5.53146E-1 4.42734E-1 3.98928E-1 5.56528E-1 5.63582E-1 5.76977E-1 7.43053E-1 9.01327E-1 7.65392E-1 3.90031E-1
6.79685E-1 8.50417E-1 7.11456E-1 5.37268E-1 5.67783E-1 8.05845E-1 6.68108E-1 7.02318E-1 8.42913E-1 7.78565E-1 6.2126E-1 2.66791E-1 2.64564E-1 3.28124E-1 3.33712E-1 3.73803E-1 3.52407E-1 4.1194E-1 2.67248E-1 2.01291E-1 2.45481E-1 4.01513E-1 5.54388E-1 6.12859E-1 4.64939E-1 2.35601E-1 1.58648E-1 3.3979E-1 3.8452E-1 4.24345E-1 4.38564E-1 4.31533E-1 3.8353E-1 3.21122E-1 4.63838E-1 6.01E-1 6.31473E-1 5.94159E-1 5.13877E-1 5.48333E-1 4.87687E-1 6.47894E-1 8.10428E-1 8.02933E-1 6.67302E-1 6.04433E-1 6.14993E-1 6.0575E-1 5.23657E-1 4.5624E-1 4.06964E-1 5.03936E-1 6.03689E-1 4.97998E-1 3.97597E-1 4.80873E-1 7.64068E-1 6.57695E-1 3.57896E-1
4.73918E-1 7.42307E-1 8.57375E-1 5.82033E-1 5.21394E-1 7.11877E-1 7.83701E-1 6.54423E-1 8.09444E-1 8.60049E-1 8.10893E-1 4.5566E-1 3.63758E-1 4.1937E-1 3.28763E-1 3.76775E-1 2.41448E-1 2.74817E-1 2.5852E-1 2.18333E-1 2.6245E-1 3.81344E-1 4.26025E-1 4.92967E-1 4.89702E-1 2.75512E-1 2.14676E-1 3.93671E-1 4.49894E-1 4.90479E-1 4.63736E-1 5.34068E-1 4.1696E-1 3.80928E-1 5.08811E-1 5.80434E-1 5.47777E-1 5.03821E-1 5.11738E-1 5.49045E-1 5.71449E-1 6.11235E-1 8.24846E-1 8.21653E-1 7.01106E-1 5.95522E-1 6.00467E-1 5.93526E-1 5.4265E-1 4.82474E-1 5.59109E-1 6.48622E-1 6.38729E-1 4.83908E-1 3.97765E-1 4.88903E-1 6.10856E-1 3.41344E-1 2.17681E-1
5.1145E-1 6.91542E-1 7.42926E-1 6.23885E-1 6.29351E-1 6.55941E-1 7.60899E-1 6.54504E-1 6.40999E-1 8.73861E-1 8.34991E-1 4.63273E-1 4.26623E-1 4.24813E-1 3.77356E-1 3.39937E-1 1.91665E-1 1.48558E-1 2.13585E-1 1.80597E-1 2.10409E-1 2.04932E-1 2.32554E-1 2.17895E-1 2.92607E-1 3.01511E-1 3.30409E-1 4.59109E-1 5.67154E-1 5.40794E-1 5.6303E-1 5.72069E-1 4.65252E-1 5.23889E-1 5.78015E-1 5.41932E-1 5.71791E-1 5.51455E-1 5.16902E-1 5.07417E-1 5.1995E-1 5.087E-1 8.00883E-1 8.47239E-1 6.66804E-1 4.86147E-1 5.6587E-1 6.88804E-1 6.12555E-1 6.90295E-1 6.45946E-1 6.49208E-1 5.23039E-1 4.3039E-1 3.66705E-1 4.90439E-1 3.5476E-1 2.61754E-1 3.17598E-1
7.30443E-1 6.98829E-1 7.13548E-1 7.40528E-1 5.59409E-1 4.80333E-1 4.00143E-1 3.32481E-1 4.23701E-1 4.96766E-1 5.82808E-1 3.83825E-1 4.27809E-1 4.73566E-1 3.40118E-1 2.30724E-1 1.65281E-1 1.22797E-1 1.72983E-1 1.85816E-1 2.19192E-1 2.25498E-1 3.22125E-1 2.72279E-1 2.87205E-1 3.46547E-1 4.88453E-1 5.64156E-1 5.79066E-1 5.04883E-1 6.54111E-1 6.68204E-1 5.5322E-1 4.92986E-1 5.38698E-1 5.30898E-1 5.40851E-1 5.34458E-1 5.21712E-1 5.06743E-1 5.26828E-1 5.07719E-1 5.49739E-1 6.8711E-1 6.15352E-1 5.11021E-1 6.12198E-1 7.27431E-1 6.87333E-1 6.68625E-1 5.59712E-1 4.48884E-1 3.75909E-1 2.96604E-1 2.6881E-1 3.4925E-1 3.50073E-1 3.23079E-1 3.69736E-1
7.94397E-1 6.61098E-1 6.00384E-1 5.54182E-1 5.99595E-1 3.37198E-1 2.1378E-1 2.32657E-1 3.72882E-1 4.9645E-1 5.48047E-1 4.16031E-1 3.58103E-1 4.59697E-1 3.439E-1 2.37013E-1 2.02872E-1 2.78453E-1 3.51154E-1 4.02346E-1 4.10637E-1 4.44332E-1 4.44706E-1 5.16685E-1 4.29658E-1 3.39254E-1 5.38463E-1 6.02295E-1 6.37798E-1 7.62318E-1 6.04217E-1 5.14019E-1 3.90806E-1 4.02863E-1 5.23694E-1 4.82187E-1 5.10418E-1 5.03544E-1 5.6574E-1 5.58628E-1 4.867E-1 4.88062E-1 5.02563E-1 5.9021E-1 4.94226E-1 4.86425E-1 5.44043E-1 6.86774E-1 6.43755E-1 5.19175E-1 3.65547E-1 3.69511E-1 3.8043E-1 2.77538E-1 2.43551E-1 3.24287E-1 2.63037E-1 2.93169E-1 3.66486E-1
7.51606E-1 6.9947E-1 6.33193E-1 5.22194E-1 5.05646E-1 4.84497E-1 4.91239E-1 5.84504E-1 6.74436E-1 6.23364E-1 5.68028E-1 5.27403E-1 4.75709E-1 4.05758E-1 2.83767E-1 1.74356E-1 1.40653E-1 1.85078E-1 2.88865E-1 3.29684E-1 3.52184E-1 4.41605E-1 3.62443E-1 2.58458E-1 3.40669E-1 4.79875E-1 5.87991E-1 6.46071E-1 7.4392E-1 7.95174E-1 5.29929E-1 5.50641E-1 4.14297E-1 3.11581E-1 4.69317E-1 4.61401E-1 5.13895E-1 5.61279E-1 6.01275E-1 6.18369E-1 5.13393E-1 4.41076E-1 5.05389E-1 5.27559E-1 3.80809E-1 4.19716E-1 5.00765E-1 5.67698E-1 5.2794E-1 3.9062E-1 3.01408E-1 2.59607E-1 2.96527E-1 2.82762E-1 2.05003E-1 2.74429E-1 3.22908E-1 2.19332E-1 4.83997E-1
5.62217E-1 5.49981E-1 5.91849E-1 6.29863E-1 4.96679E-1 6.59279E-1 6.66238E-1 6.62119E-1 6.93542E-1 5.48891E-1 5.45926E-1 5.66344E-1 4.7073E-1 4.28064E-1 3.93564E-1 2.51019E-1 1.76553E-1 1.6034E-1 2.86113E-1 2.99608E-1 2.21758E-1 4.33401E-1 2.80204E-1 2.6014E-1 3.66858E-1 4.97757E-1 6.87357E-1 7.13654E-1 7.58889E-1 6.19167E-1 5.43849E-1 6.03819E-1 4.52251E-1 3.00945E-1 3.53071E-1 4.98122E-1 5.67027E-1 5.8095E-1 5.68878E-1 5.87298E-1 5.79227E-1 5.3024E-1 4.69127E-1 4.67139E-1 4.1134E-1 4.68396E-1 5.93663E-1 5.81021E-1 7.35766E-1 7.75258E-1 6.08602E-1 4.25451E-1 5.55274E-1 5.79394E-1 2.75352E-1 3.44719E-1 3.10723E-1 2.88364E-1 2.38948E-1
5.4029E-1 5.15595E-1 5.20214E-1 6.7085E-1 4.85653E-1 3.84759E-1 5.07577E-1 9.25323E-1 7.87467E-1 8.44418E-1 9.0813E-1 8.79297E-1 5.56336E-1 3.78402E-1 3.35033E-1 2.35452E-1 1.65429E-1 1.37026E-1 1.49823E-1 1.40137E-1 2.39936E-1 3.04579E-1 2.43153E-1 4.37175E-1 4.9887E-1 6.52664E-1 6.90409E-1 7.3284E-1 7.06281E-1 5.50908E-1 5.15632E-1 5.07163E-1 3.83832E-1 2.63485E-1 3.66276E-1 5.30217E-1 5.56446E-1 5.7666E-1 5.63917E-1 5.75016E-1 5.70304E-1 5.69861E-1 5.66617E-1 6.36903E-1 4.84098E-1 5.45561E-1 6.23942E-1 6.91422E-1 7.68812E-1 8.24669E-1 7.53572E-1 5.78235E-1 6.23937E-1 6.59223E-1 4.31124E-1 4.34713E-1 3.63515E-1 2.33988E-1 1.7739E-1
6.53663E-1 6.15543E-1 6.39618E-1 4.38292E-1 7.85481E-1 5.75486E-1 5.73698E-1 8.2394E-1 7.88231E-1 8.19748E-1 9.65683E-1 9.61934E-1 8.05345E-1 3.88173E-1 3.5178E-1 2.57436E-1 1.88125E-1 1.28076E-1 7.73846E-2 1.11326E-1 1.64375E-1 2.35225E-1 3.60444E-1 5.75912E-1 6.67206E-1 6.67186E-1 5.72549E-1 7.03855E-1 6.94746E-1 5.26048E-1 4.29815E-1 4.34583E-1 2.5625E-1 3.31545E-1 3.87731E-1 4.96586E-1 5.29999E-1 5.86178E-1 5.50925E-1 5.38298E-1 4.84472E-1 5.89289E-1 6.15187E-1 7.46024E-1 6.34073E-1 5.16469E-1 6.2778E-1 6.22614E-1 6.57426E-1 6.83124E-1 6.71172E-1 5.99717E-1 6.67333E-1 6.86694E-1 4.28606E-1 3.17002E-1 3.18182E-1 2.71691E-1 1.64431E-1
7.21747E-1 6.97729E-1 5.43476E-1 4.54417E-1 7.92408E-1 5.94274E-1 4.05745E-1 5.9822E-1 5.82394E-1 5.33085E-1 8.64589E-1 8.50933E-1 8.4429E-1 7.04266E-1 6.25891E-1 3.66249E-1 2.54616E-1 1.36228E-1 5.84711E-2 1.81042E-1 2.22833E-1 3.43309E-1 4.51225E-1 6.90756E-1 7.50189E-1 7.31935E-1 7.21727E-1 7.18614E-1 6.19331E-1 4.71764E-1 4.10916E-1 3.20293E-1 2.56447E-1 4.10554E-1 4.24068E-1 5.00032E-1 5.92096E-1 5.98477E-1 5.79922E-1 5.9056E-1 4.50855E-1 5.36123E-1 6.97363E-1 7.87855E-1 7.5152E-1 5.6657E-1 6.66795E-1 5.99125E-1 5.71248E-1 6.41435E-1 6.17685E-1 6.7195E-1 7.54095E-1 7.5105E-1 4.17341E-1 2.77715E-1 3.09469E-1 1.90904E-1 1.92695E-1
4.65014E-1 3.44775E-1 4.16951E-1 5.83809E-1 5.45355E-1 4.98076E-1 4.60587E-1 5.9361E-1 6.08907E-1 5.54695E-1 7.6972E-1 8.50698E-1 8.23194E-1 7.85859E-1 7.33971E-1 4.99413E-1 3.29633E-1 2.19344E-1 1.25561E-1 1.96293E-1 2.11204E-1 4.96899E-1 6.30449E-1 7.69156E-1 8.40415E-1 7.99771E-1 7.97317E-1 7.63231E-1 5.60595E-1 4.62987E-1 3.16176E-1 2.93651E-1 2.99905E-1 4.29149E-1 3.9774E-1 5.15287E-1 6.72764E-1 7.09733E-1 8.03849E-1 7.3947E-1 6.2252E-1 5.33914E-1 6.31982E-1 7.12699E-1 6.19072E-1 4.88047E-1 6.23848E-1 5.92738E-1 7.11179E-1 7.14264E-1 6.44904E-1 5.78137E-1 6.79983E-1 7.32519E-1 3.71417E-1 2.35821E-1 2.03197E-1 2.03624E-1 1.55647E-1
5.44844E-1 3.79392E-1 5.18241E-1 5.48409E-1 3.97383E-1 3.81021E-1 4.35423E-1 4.52886E-1 5.39846E-1 5.59808E-1 5.33922E-1 7.68924E-1 7.9363E-1 7.56602E-1 6.76864E-1 6.26993E-1 5.38848E-1 3.74807E-1 1.30213E-1 1.72022E-1 2.55357E-1 5.02806E-1 6.89761E-1 8.25874E-1 8.94299E-1 8.44042E-1 8.3213E-1 8.02065E-1 6.39473E-1 4.63439E-1 3.8044E-1 3.93525E-1 3.18315E-1 4.59996E-1 4.0749E-1 5.49072E-1 8.45158E-1 8.97114E-1 8.00902E-1 6.44613E-1 6.19039E-1 6.35921E-1 6.99671E-1 6.14669E-1 7.3462E-1 4.5061E-1 5.87261E-1 5.91455E-1 6.12634E-1 6.51147E-1 4.06645E-1 3.27616E-1 4.72587E-1 5.63324E-1 3.43725E-1 1.82216E-1 1.78995E-1 1.61149E-1 1.46553E-1
