Phytophthora/models/20240506_1155_30/Phytophthora_PA3_RUN2_MAXENT_outputs/Phytophthora_PA3_RUN2.asc
ncols         225
nrows         269
xllcorner     473009.9838
yllcorner     4429051.1748
cellsize      50.0
NODATA_value  -9999
[rows 234 to 259 of 269, columns 60 to 119 of 225]
3.31514E-1 3.69799E-1 4.10305E-1 5.1284E-1 7.10327E-1 6.02182E-1 7.9544E-1 7.13612E-1 6.80943E-1 6.32616E-1 6.07462E-1 6.12964E-1 4.11607E-1 6.88989E-1 5.68307E-1 7.40905E-1 7.86809E-1 8.08284E-1 7.35402E-1 7.29705E-1 7.32868E-1 7.4382E-1 7.31317E-1 7.61153E-1 7.71509E-1 7.75045E-1 7.80032E-1 7.33678E-1 8.07876E-1 7.42964E-1 7.27196E-1 6.28619E-1 6.02255E-1 6.44138E-1 6.61963E-1 6.89749E-1 7.25702E-1 7.34269E-1 7.6809E-1 7.22E-1 6.53425E-1 6.58055E-1 6.48313E-1 6.47179E-1 6.85293E-1 6.96076E-1 7.21696E-1 7.28705E-1 7.79803E-1 8.0361E-1 8.05126E-1 7.21166E-1 5.96867E-1 7.0684E-1 6.18881E-1 5.51235E-1 4.83281E-1 3.959E-1 3.21703E-1 2.92232E-1
3.35611E-1 3.79146E-1 4.17363E-1 5.27284E-1 6.79467E-1 7.70188E-1 7.84847E-1 6.84891E-1 6.27223E-1 5.91263E-1 5.91373E-1 6.22427E-1 6.60363E-1 7.489E-1 6.13084E-1 7.00723E-1 6.43965E-1 7.94886E-1 7.73667E-1 7.21906E-1 7.28891E-1 7.53877E-1 5.41554E-1 6.08168E-1 7.13237E-1 7.7829E-1 7.90517E-1 7.84448E-1 7.53522E-1 7.46401E-1 7.03385E-1 6.77969E-1 6.33314E-1 6.68471E-1 6.84573E-1 6.99396E-1 7.09687E-1 7.42011E-1 7.25871E-1 6.63997E-1 6.16244E-1 6.17752E-1 6.13701E-1 6.17931E-1 5.88106E-1 7.03564E-1 7.31695E-1 7.66855E-1 7.89723E-1 7.96493E-1 7.8817E-1 7.19445E-1 7.46859E-1 7.4358E-1 6.47732E-1 5.47676E-1 3.22277E-1 3.28418E-1 3.13968E-1 3.07267E-1
3.36735E-1 3.78812E-1 4.09008E-1 4.48394E-1 4.96252E-1 5.38099E-1 6.9421E-1 6.61885E-1 5.63116E-1 5.7348E-1 5.47635E-1 6.78749E-1 6.91764E-1 7.14826E-1 6.06446E-1 3.95177E-1 6.36481E-1 7.86771E-1 8.12553E-1 7.12119E-1 7.23357E-1 7.58247E-1 5.50386E-1 7.81214E-1 4.94071E-1 7.82662E-1 7.8681E-1 7.92633E-1 8.01711E-1 7.56027E-1 5.82896E-1 6.83804E-1 6.48256E-1 6.78498E-1 6.99348E-1 7.2577E-1 6.98774E-1 6.92642E-1 6.7208E-1 6.59194E-1 5.4999E-1 5.9224E-1 6.10935E-1 6.30885E-1 6.31108E-1 7.21274E-1 6.95888E-1 7.53852E-1 7.81923E-1 7.86794E-1 7.32951E-1 5.83241E-1 6.0932E-1 4.24698E-1 5.84003E-1 5.13561E-1 2.26053E-1 2.45567E-1 1.63349E-1 2.88448E-1
3.66529E-1 3.78196E-1 2.09526E-1 4.21355E-1 4.63346E-1 4.48635E-1 5.15558E-1 4.53707E-1 4.62547E-1 5.74788E-1 6.5011E-1 6.71382E-1 6.34023E-1 6.94956E-1 7.23892E-1 7.21645E-1 6.72868E-1 7.66812E-1 8.16787E-1 7.80558E-1 7.23742E-1 7.37044E-1 4.87297E-1 7.58387E-1 7.79146E-1 5.8769E-1 6.68916E-1 7.8113E-1 8.19824E-1 8.20712E-1 7.53858E-1 6.69894E-1 6.62934E-1 7.02601E-1 7.086E-1 7.44741E-1 7.17534E-1 6.32429E-1 6.82512E-1 6.17946E-1 4.91236E-1 5.83491E-1 5.57949E-1 5.80865E-1 6.47711E-1 6.87355E-1 6.815E-1 4.41462E-1 7.75179E-1 7.86996E-1 5.48884E-1 1.95883E-1 6.85844E-1 7.01964E-1 6.55585E-1 6.48103E-1 4.2781E-1 3.28818E-1 3.07748E-1 3.1538E-1
3.28951E-1 3.84373E-1 3.74093E-1 3.05387E-1 4.71191E-1 3.4619E-1 4.03415E-1 4.13994E-1 4.06823E-1 4.73667E-1 5.05779E-1 5.5575E-1 6.54707E-1 6.91751E-1 6.95541E-1 6.88377E-1 4.84941E-1 7.21474E-1 6.72501E-1 5.7769E-1 6.48003E-1 5.34758E-1 7.31786E-1 7.4598E-1 7.28154E-1 7.15271E-1 4.41013E-1 5.00334E-1 8.05294E-1 8.15939E-1 7.9945E-1 7.30857E-1 7.45533E-1 7.64484E-1 7.48966E-1 7.54428E-1 7.53455E-1 6.44131E-1 4.90472E-1 5.09494E-1 6.33169E-1 6.65557E-1 4.27538E-1 4.38491E-1 6.76124E-1 6.80319E-1 6.89017E-1 6.11347E-1 7.34956E-1 7.6264E-1 5.47664E-1 6.90948E-1 6.24404E-1 3.8796E-1 3.58206E-1 3.5083E-1 2.34601E-1 2.16629E-1 1.86805E-1 4.57263E-1
4.82345E-1 4.99057E-1 4.26708E-1 3.55388E-1 4.35739E-1 4.10192E-1 4.77264E-1 4.71418E-1 4.9151E-1 5.31853E-1 5.34481E-1 5.37351E-1 6.17686E-1 6.91517E-1 6.54702E-1 4.95829E-1 6.20647E-1 6.18695E-1 6.31296E-1 6.31374E-1 6.28192E-1 4.27969E-1 5.8065E-1 7.08266E-1 6.87476E-1 7.43217E-1 6.51059E-1 7.50026E-1 5.61331E-1 6.47031E-1 7.9589E-1 6.73656E-1 8.06162E-1 8.1553E-1 7.84196E-1 7.44871E-1 7.22587E-1 6.87516E-1 5.16361E-1 5.5555E-1 3.7942E-1 5.54024E-1 5.22925E-1 5.34053E-1 6.46331E-1 7.22708E-1 7.06075E-1 5.95087E-1 6.07807E-1 6.9462E-1 6.89929E-1 7.89159E-1 7.67854E-1 8.01897E-1 6.97416E-1 5.34474E-1 4.78858E-1 4.8929E-1 4.5675E-1 3.70055E-1
4.0807E-1 5.63077E-1 5.84272E-1 4.31885E-1 4.83789E-1 4.78234E-1 4.774E-1 4.68504E-1 4.5509E-1 4.69417E-1 4.69807E-1 5.05118E-1 5.50702E-1 5.95181E-1 5.29761E-1 5.91756E-1 6.44751E-1 6.20568E-1 5.41426E-1 4.08376E-1 5.32991E-1 7.05552E-1 5.47004E-1 3.98676E-1 4.07041E-1 4.98711E-1 7.122E-1 7.42919E-1 7.70399E-1 7.86843E-1 7.77305E-1 6.74839E-1 7.698E-1 7.80758E-1 7.80436E-1 7.34874E-1 6.62905E-1 6.47793E-1 5.54586E-1 4.29374E-1 5.95528E-1 4.58044E-1 4.82009E-1 5.79185E-1 6.76269E-1 7.42399E-1 6.84366E-1 4.97948E-1 6.98966E-1 5.77466E-1 6.72773E-1 8.1545E-1 8.23138E-1 7.98779E-1 7.74639E-1 6.25142E-1 4.85291E-1 3.8818E-1 4.52548E-1 5.22797E-1
5.11033E-1 6.03807E-1 6.24443E-1 5.56502E-1 5.34723E-1 5.08343E-1 4.82951E-1 4.38223E-1 4.30264E-1 4.53821E-1 4.33139E-1 4.00458E-1 3.80131E-1 5.2325E-1 4.41864E-1 4.84725E-1 5.57537E-1 7.09351E-1 5.02976E-1 6.61599E-1 7.54621E-1 7.99649E-1 8.33626E-1 6.98933E-1 6.06937E-1 5.55194E-1 6.60756E-1 8.49962E-1 7.87027E-1 7.67685E-1 7.81666E-1 7.44695E-1 6.66773E-1 7.18783E-1 7.49265E-1 7.15418E-1 6.0509E-1 5.78204E-1 4.11779E-1 6.38536E-1 5.02207E-1 5.16625E-1 5.71551E-1 6.32483E-1 6.5775E-1 6.74001E-1 4.59106E-1 6.64224E-1 6.64913E-1 6.32491E-1 6.68012E-1 7.59659E-1 7.69917E-1 7.51364E-1 7.42198E-1 7.00788E-1 5.62214E-1 5.01894E-1 6.51211E-1 6.09733E-1
6.0112E-1 6.46348E-1 6.87901E-1 6.39856E-1 5.8805E-1 5.24326E-1 4.65419E-1 4.29926E-1 5.0567E-1 5.07754E-1 3.4353E-1 3.68958E-1 4.51472E-1 6.68995E-1 6.59515E-1 5.34939E-1 5.46251E-1 7.08348E-1 6.48728E-1 5.19331E-1 6.79522E-1 7.49493E-1 7.33114E-1 6.69545E-1 6.23548E-1 5.76178E-1 4.24645E-1 8.07446E-1 8.04616E-1 7.24306E-1 7.90695E-1 5.12794E-1 5.71804E-1 6.38624E-1 6.85656E-1 6.76894E-1 5.33285E-1 3.16971E-1 4.06436E-1 4.71374E-1 5.57428E-1 5.96684E-1 6.30081E-1 6.55842E-1 6.88299E-1 6.87692E-1 4.16269E-1 6.00362E-1 3.80358E-1 4.81541E-1 7.31378E-1 7.1245E-1 6.77282E-1 6.93646E-1 6.94822E-1 7.00771E-1 6.45726E-1 6.22401E-1 6.98766E-1 6.83471E-1
6.04281E-1 6.6504E-1 6.87993E-1 6.60416E-1 6.05368E-1 5.24541E-1 4.42395E-1 3.82019E-1 3.55763E-1 2.97314E-1 1.97352E-1 3.54978E-1 3.57942E-1 5.55804E-1 6.73925E-1 6.44467E-1 6.03387E-1 7.50947E-1 7.22975E-1 8.16271E-1 8.13753E-1 5.51407E-1 7.72935E-1 7.43559E-1 7.3426E-1 7.36386E-1 7.03915E-1 4.65224E-1 4.72611E-1 5.4144E-1 6.22951E-1 6.59567E-1 5.44995E-1 5.9685E-1 6.09831E-1 6.06828E-1 3.61381E-1 3.651E-1 4.27001E-1 5.97633E-1 5.99535E-1 5.96525E-1 5.44792E-1 5.99292E-1 7.92526E-1 5.58109E-1 1.36765E-1 3.53376E-1 6.46483E-1 7.07099E-1 7.43318E-1 7.1155E-1 6.35568E-1 6.1039E-1 6.15715E-1 6.32797E-1 5.52187E-1 5.1888E-1 6.06662E-1 4.99534E-1
6.21154E-1 6.05849E-1 6.16713E-1 6.72385E-1 5.86834E-1 4.94525E-1 3.8752E-1 3.1458E-1 2.68654E-1 2.31855E-1 2.90343E-1 3.38599E-1 3.98492E-1 6.31313E-1 6.77893E-1 6.31184E-1 6.96922E-1 8.0487E-1 7.65379E-1 7.63375E-1 7.47742E-1 7.47046E-1 6.89357E-1 7.65709E-1 7.59282E-1 7.60613E-1 7.81913E-1 8.01173E-1 7.35026E-1 6.37409E-1 6.37028E-1 5.19944E-1 4.98346E-1 5.53113E-1 5.49414E-1 5.52256E-1 3.22818E-1 3.97108E-1 4.60773E-1 5.95561E-1 6.23536E-1 4.26866E-1 6.55351E-1 7.80502E-1 7.96474E-1 5.51737E-1 5.22491E-1 6.2884E-1 6.72521E-1 7.23003E-1 7.38585E-1 7.06681E-1 6.6281E-1 6.55093E-1 6.69719E-1 5.93942E-1 5.36764E-1 4.49921E-1 4.44118E-1 4.24359E-1
6.82115E-1 5.88853E-1 5.80005E-1 6.16815E-1 4.63882E-1 3.44202E-1 3.12656E-1 3.27286E-1 2.99475E-1 3.40493E-1 4.36012E-1 2.74564E-1 5.08708E-1 6.99695E-1 5.21972E-1 5.41018E-1 6.78902E-1 8.74856E-1 7.89161E-1 6.81818E-1 7.41268E-1 7.70439E-1 6.36236E-1 7.69657E-1 7.40418E-1 7.32731E-1 7.36874E-1 7.50691E-1 7.21232E-1 6.63635E-1 5.90205E-1 2.28472E-1 5.09394E-1 5.7714E-1 5.96916E-1 4.34481E-1 4.89406E-1 4.47366E-1 5.53072E-1 6.05479E-1 6.22455E-1 6.44641E-1 6.06776E-1 6.71818E-1 5.71433E-1 6.33119E-1 4.94613E-1 6.65811E-1 6.76158E-1 6.94758E-1 7.12584E-1 7.05749E-1 6.69392E-1 6.49687E-1 6.60683E-1 6.00279E-1 5.3337E-1 4.48041E-1 3.99037E-1 3.79368E-1
6.47627E-1 6.59955E-1 5.8725E-1 3.97576E-1 2.95833E-1 2.65631E-1 3.07481E-1 3.47548E-1 3.69446E-1 1.81195E-1 3.49422E-1 2.36742E-1 3.727E-1 5.18531E-1 4.68791E-1 5.06349E-1 7.31922E-1 8.77452E-1 8.14903E-1 7.37923E-1 7.40365E-1 7.75249E-1 7.8944E-1 6.5128E-1 6.02402E-1 7.69162E-1 7.41989E-1 7.27643E-1 7.88026E-1 8.43035E-1 5.86786E-1 4.43052E-1 5.2451E-1 6.16374E-1 6.60534E-1 5.99013E-1 5.9326E-1 4.98316E-1 5.82978E-1 5.99733E-1 5.71882E-1 5.70185E-1 5.98595E-1 5.37937E-1 6.16396E-1 6.59411E-1 3.84554E-1 6.92035E-1 6.86244E-1 6.86732E-1 6.91128E-1 6.87043E-1 6.78024E-1 6.7305E-1 6.72047E-1 6.32062E-1 5.52004E-1 5.11462E-1 4.51632E-1 3.75087E-1
6.03927E-1 5.09934E-1 3.86083E-1 3.53696E-1 2.93385E-1 2.94813E-1 3.24969E-1 1.47881E-1 3.57935E-1 2.55159E-1 4.22634E-1 1.8477E-1 2.48244E-1 4.13246E-1 4.27152E-1 5.35028E-1 6.09836E-1 8.51015E-1 7.77033E-1 7.6162E-1 7.34438E-1 7.8084E-1 8.13982E-1 8.29868E-1 8.39395E-1 7.14539E-1 8.24069E-1 8.90229E-1 7.47457E-1 7.05451E-1 6.88632E-1 5.97615E-1 4.40567E-1 6.55728E-1 7.29697E-1 6.94202E-1 6.65305E-1 5.28944E-1 5.67826E-1 5.11573E-1 6.29046E-1 5.86563E-1 4.32909E-1 6.36211E-1 6.52094E-1 6.63044E-1 4.42956E-1 7.22395E-1 6.95646E-1 6.91171E-1 6.78343E-1 6.6863E-1 6.35797E-1 6.48083E-1 6.62263E-1 6.85719E-1 6.62721E-1 6.35394E-1 5.67249E-1 4.7069E-1
6.05174E-1 5.17968E-1 3.97863E-1 4.85692E-1 3.14883E-1 2.46268E-1 3.18674E-1 1.54989E-1 2.98195E-1 4.45873E-1 3.20009E-1 2.07914E-1 2.49009E-1 3.88591E-1 4.1635E-1 5.66805E-1 4.82689E-1 7.6864E-1 7.32531E-1 5.61563E-1 6.83174E-1 7.58135E-1 8.16584E-1 8.64568E-1 9.00315E-1 8.97669E-1 8.72391E-1 6.09311E-1 6.34301E-1 6.97773E-1 5.65609E-1 6.3205E-1 5.32395E-1 5.22341E-1 7.58735E-1 7.93755E-1 7.57223E-1 6.00996E-1 5.98539E-1 6.18571E-1 6.81492E-1 6.77766E-1 6.19097E-1 6.81029E-1 6.52303E-1 6.30275E-1 4.24867E-1 5.48218E-1 6.48314E-1 7.01297E-1 7.14316E-1 6.90807E-1 6.44728E-1 6.47556E-1 6.68607E-1 6.58461E-1 6.47777E-1 6.57753E-1 6.10391E-1 5.69362E-1
4.73085E-1 5.19765E-1 4.36173E-1 3.56146E-1 3.7586E-1 3.57159E-1 3.20335E-1 1.71209E-1 4.31941E-1 3.60707E-1 3.34722E-1 2.67047E-1 2.79095E-1 3.40214E-1 3.93424E-1 5.14728E-1 3.94287E-1 6.73106E-1 6.41727E-1 4.9963E-1 6.4216E-1 7.39159E-1 7.88572E-1 8.16012E-1 8.28299E-1 8.44262E-1 8.24318E-1 7.73641E-1 8.63927E-1 7.71038E-1 5.80042E-1 5.80551E-1 6.14902E-1 6.93989E-1 7.64134E-1 6.44248E-1 7.2374E-1 7.6332E-1 3.93112E-1 5.83642E-1 5.90871E-1 6.30612E-1 5.11042E-1 5.95627E-1 5.43175E-1 5.3592E-1 2.22111E-1 5.92877E-1 4.22166E-1 5.9901E-1 7.19147E-1 7.04917E-1 6.70729E-1 6.79258E-1 6.39677E-1 6.36137E-1 6.54028E-1 6.76368E-1 6.16027E-1 6.52013E-1
6.73504E-1 5.39861E-1 3.51867E-1 3.00552E-1 2.23878E-1 1.81186E-1 2.60566E-1 2.87232E-1 1.96475E-1 2.05848E-1 3.20301E-1 3.80987E-1 3.64051E-1 3.44679E-1 4.53643E-1 4.72416E-1 3.25886E-1 3.95788E-1 3.9206E-1 4.6222E-1 5.21767E-1 5.3842E-1 5.48592E-1 5.62715E-1 6.24188E-1 7.62033E-1 7.4749E-1 7.6419E-1 7.15815E-1 6.26242E-1 5.83093E-1 6.04329E-1 6.02893E-1 3.50796E-1 3.66406E-1 4.78208E-1 4.68037E-1 3.722E-1 4.2749E-1 4.86674E-1 5.3996E-1 4.93605E-1 5.17284E-1 4.73616E-1 4.37429E-1 4.59306E-1 5.46775E-1 5.41315E-1 4.92509E-1 5.98818E-1 4.50901E-1 4.78911E-1 6.68988E-1 6.55542E-1 3.55137E-1 3.89534E-1 6.33373E-1 3.8963E-1 6.76347E-1 6.51215E-1
5.35211E-1 3.20116E-1 2.87252E-1 2.31862E-1 2.00414E-1 1.69075E-1 1.72224E-1 3.45065E-1 1.27295E-1 1.58093E-1 2.22091E-1 3.86486E-1 4.02704E-1 3.47604E-1 4.61966E-1 3.20502E-1 2.85048E-1 2.86766E-1 2.70268E-1 3.06517E-1 3.45153E-1 3.75253E-1 3.94115E-1 4.48982E-1 5.91084E-1 6.38214E-1 7.1845E-1 6.03592E-1 5.08569E-1 5.28943E-1 5.86851E-1 6.60925E-1 6.4591E-1 6.57741E-1 6.48239E-1 3.16456E-1 4.61381E-1 2.46997E-1 4.17007E-1 4.38737E-1 4.54204E-1 1.86207E-1 4.01962E-1 3.65733E-1 3.17237E-1 3.71684E-1 4.8048E-1 1.9645E-1 1.45431E-1 1.70587E-1 2.66721E-1 4.41386E-1 3.88068E-1 6.83105E-1 5.47148E-1 5.08552E-1 6.47486E-1 6.44578E-1 4.77771E-1 5.30825E-1
3.33769E-1 2.46739E-1 2.24115E-1 1.95735E-1 1.99241E-1 2.02102E-1 2.49168E-1 1.90353E-1 1.07137E-1 1.41076E-1 2.70185E-1 3.82894E-1 4.03495E-1 3.6243E-1 3.10789E-1 4.09891E-1 2.96401E-1 3.73423E-1 2.24762E-1 2.62271E-1 2.86887E-1 3.28124E-1 3.78581E-1 4.49135E-1 5.18083E-1 7.03411E-1 6.50321E-1 6.45141E-1 4.92989E-1 5.16896E-1 5.66264E-1 5.9437E-1 5.96155E-1 6.338E-1 5.19828E-1 4.53841E-1 2.72374E-1 2.83041E-1 3.18535E-1 3.4864E-1 1.69053E-1 2.89107E-1 2.65493E-1 2.38048E-1 1.12672E-1 2.40585E-1 2.90044E-1 2.43428E-1 3.50012E-1 3.73641E-1 4.18198E-1 3.62309E-1 4.34453E-1 3.14261E-1 6.13137E-1 4.54988E-1 5.40502E-1 5.38251E-1 5.46029E-1 3.40526E-1
3.31229E-1 2.69351E-1 1.84968E-1 1.79289E-1 2.047E-1 2.43831E-1 3.44124E-1 1.45782E-1 1.22193E-1 1.24719E-1 2.05228E-1 2.02485E-1 2.34945E-1 2.4803E-1 2.2361E-1 3.05643E-1 3.39374E-1 3.29188E-1 2.05291E-1 2.36541E-1 2.80235E-1 3.2823E-1 3.69614E-1 3.7489E-1 3.74542E-1 6.75016E-1 4.09642E-1 5.63515E-1 4.09022E-1 4.55852E-1 4.81764E-1 4.85729E-1 4.96098E-1 3.80274E-1 3.36783E-1 3.55578E-1 3.80195E-1 2.72263E-1 3.24221E-1 3.09389E-1 2.79485E-1 1.75465E-1 3.14722E-1 2.72037E-1 2.22037E-1 3.01977E-1 3.28977E-1 3.65942E-1 4.00404E-1 4.14671E-1 4.01584E-1 3.88159E-1 3.72995E-1 4.8057E-1 5.34723E-1 4.94358E-1 3.79428E-1 4.45836E-1 4.06854E-1 3.4168E-1
3.17221E-1 2.61232E-1 2.60042E-1 1.8774E-1 1.5792E-1 2.88379E-1 1.49029E-1 1.38114E-1 1.36071E-1 1.20066E-1 1.25489E-1 1.99616E-1 2.3353E-1 2.39528E-1 1.99876E-1 1.6657E-1 1.65877E-1 2.84074E-1 1.79393E-1 2.34867E-1 2.65804E-1 2.79907E-1 2.90687E-1 3.17922E-1 4.33616E-1 4.73854E-1 4.77485E-1 3.26779E-1 3.31746E-1 3.54194E-1 3.32842E-1 3.49569E-1 3.62387E-1 3.26143E-1 3.41007E-1 3.59769E-1 3.44184E-1 1.47425E-1 3.0846E-1 1.8153E-1 3.68946E-1 2.08809E-1 2.0717E-1 3.21571E-1 2.33018E-1 2.59768E-1 1.53486E-1 2.41182E-1 2.68859E-1 4.08478E-1 3.91479E-1 3.49581E-1 3.38683E-1 3.0779E-1 4.62666E-1 4.27313E-1 4.08005E-1 3.03737E-1 2.67533E-1 3.40376E-1
2.67004E-1 2.79408E-1 2.29668E-1 2.19118E-1 1.90904E-1 1.92433E-1 1.45513E-1 1.44803E-1 1.34725E-1 1.31992E-1 1.47095E-1 8.85974E-2 1.25593E-1 1.6198E-1 1.77714E-1 1.61917E-1 1.66673E-1 2.45912E-1 1.95939E-1 1.96299E-1 2.03565E-1 2.11378E-1 2.29017E-1 2.51778E-1 2.74705E-1 3.95831E-1 3.72328E-1 3.60714E-1 2.42523E-1 2.61826E-1 2.99744E-1 2.99738E-1 3.7041E-1 3.75076E-1 3.60969E-1 3.66014E-1 3.55853E-1 3.68615E-1 2.49027E-1 2.39838E-1 3.50943E-1 3.7251E-1 3.32725E-1 2.39593E-1 3.3351E-1 2.72232E-1 3.39208E-1 3.76884E-1 1.49929E-1 3.89878E-1 3.9113E-1 3.80525E-1 3.37746E-1 3.1045E-1 2.38934E-1 4.55809E-1 2.38243E-1 2.57472E-1 2.14585E-1 5.69152E-2
-9999 -9999 -9999 1.86765E-1 2.25377E-1 1.59773E-1 1.76061E-1 1.84251E-1 1.60371E-1 1.55158E-1 1.14885E-1 8.76254E-2 9.12717E-2 1.1971E-1 1.42586E-1 1.59488E-1 1.85771E-1 2.18404E-1 2.27548E-1 2.38675E-1 2.2605E-1 2.15636E-1 1.98085E-1 1.98222E-1 1.97862E-1 2.27543E-1 2.56065E-1 1.90893E-1 2.73271E-1 2.1597E-1 2.46987E-1 2.70349E-1 3.73334E-1 4.43753E-1 4.08563E-1 3.79836E-1 3.54677E-1 3.21002E-1 3.29727E-1 3.20802E-1 3.52953E-1 3.70109E-1 4.31727E-1 3.90144E-1 2.49673E-1 1.24266E-1 3.10724E-1 3.49256E-1 3.67996E-1 4.13408E-1 4.19499E-1 3.83691E-1 1.97592E-1 1.26339E-1 1.5591E-1 1.43598E-1 3.87431E-1 4.10931E-1 2.0238E-1 2.24521E-1
-9999 -9999 -9999 -9999 1.7431E-1 2.26942E-1 2.50361E-1 2.511E-1 1.96867E-1 1.43966E-1 9.36736E-2 6.37322E-2 6.49936E-2 1.13841E-1 1.32057E-1 1.54668E-1 1.65358E-1 2.04626E-1 2.06638E-1 2.13702E-1 2.21285E-1 2.33647E-1 2.38642E-1 2.19913E-1 1.81601E-1 1.86818E-1 1.79301E-1 1.40343E-1 1.76797E-1 2.20746E-1 2.12918E-1 2.62784E-1 3.54162E-1 3.87761E-1 3.6503E-1 3.40414E-1 3.3492E-1 3.23834E-1 2.62577E-1 3.79319E-1 1.32301E-1 4.02308E-1 3.16884E-1 2.77956E-1 2.82963E-1 2.69817E-1 1.7893E-1 3.67928E-1 3.6033E-1 1.64729E-1 2.43491E-1 1.89945E-1 3.62904E-1 3.54687E-1 -9999 -9999 -9999 -9999 -9999 -9999
-9999 -9999 -9999 -9999 -9999 -9999 2.62515E-1 2.59454E-1 1.90244E-1 1.30239E-1 8.74146E-2 5.6718E-2 5.53295E-2 7.97993E-2 1.42909E-1 1.00363E-1 2.4142E-1 1.51857E-1 1.47338E-1 1.76021E-1 2.00987E-1 2.01439E-1 2.16618E-1 2.02207E-1 1.73647E-1 1.45028E-1 1.51179E-1 1.21824E-1 1.54182E-1 2.01272E-1 2.46004E-1 2.98431E-1 3.48475E-1 3.768E-1 3.98086E-1 3.69352E-1 3.47075E-1 3.22612E-1 1.26924E-1 4.10371E-1 2.71685E-1 3.94585E-1 2.98753E-1 2.54223E-1 2.5328E-1 3.11862E-1 4.55666E-1 2.62888E-1 2.24138E-1 3.0126E-1 3.74936E-1 -9999 -9999 -9999 -9999 -9999 -9999 -9999 -9999 -9999
-9999 -9999 -9999 -9999 -9999 -9999 -9999 -9999 1.62853E-1 7.93553E-2 7.38837E-2 2.6329E-2 2.76943E-2 3.36541E-2 4.71472E-2 9.89435E-2 1.21052E-1 1.33102E-1 1.01859E-1 1.36336E-1 1.87436E-1 1.74365E-1 1.92928E-1 1.88171E-1 1.57812E-1 1.19608E-1 1.44283E-1 1.38723E-1 1.52535E-1 2.04174E-1 2.4867E-1 3.13675E-1 3.72034E-1 4.38578E-1 4.60351E-1 4.34751E-1 3.88534E-1 3.35819E-1 2.14272E-1 3.06515E-1 3.37561E-1 3.88031E-1 3.96635E-1 3.31666E-1 2.91164E-1 3.42425E-1 4.87209E-1 4.37867E-1 2.65355E-1 -9999 -9999 -9999 -9999 -9999 -9999 -9999 -9999 -9999 -9999 -9999
