Phytophthora/models/20240506_1155_30/Phytophthora_PA3_RUN2_MAXENT_outputs/Phytophthora_PA3_RUN2.asc
ncols         225
nrows         269
xllcorner     473009.9838
yllcorner     4429051.1748
cellsize      50.0
NODATA_value  -9999
[rows 156 to 181 of 269, columns 0 to 59 of 225]
-9999 -9999 -9999 -9999 -9999 -9999 -9999 2.08671E-1 2.55233E-1 3.69559E-1 4.0547E-1 4.85368E-1 5.95152E-1 7.11602E-1 8.17536E-1 8.04482E-1 7.85812E-1 8.14039E-1 7.94818E-1 7.00886E-1 5.03008E-1 3.88842E-1 2.97491E-1 2.81554E-1 3.26507E-1 3.67593E-1 4.11907E-1 4.5677E-1 5.27524E-1 5.88411E-1 6.21095E-1 6.12481E-1 5.38701E-1 5.15946E-1 3.90159E-1 4.80478E-1 5.29847E-1 6.00491E-1 4.88997E-1 6.8298E-1 6.23824E-1 5.58933E-1 5.02876E-1 4.66195E-1 4.93523E-1 4.75794E-1 6.12049E-1 6.0645E-1 5.42833E-1 4.80152E-1 4.37673E-1 4.36595E-1 4.94463E-1 4.49555E-1 4.83079E-1 4.5894E-1 3.78631E-1 2.59324E-1 5.29484E-1 4.50399E-1
-9999 -9999 -9999 -9999 -9999 -9999 -9999 1.82775E-1 1.23876E-1 2.41034E-1 3.41124E-1 4.60423E-1 5.84571E-1 7.59358E-1 7.89092E-1 8.16142E-1 8.258E-1 8.33676E-1 8.07199E-1 6.61953E-1 5.06474E-1 4.05041E-1 3.13698E-1 3.28738E-1 3.79928E-1 4.25241E-1 4.60086E-1 4.92228E-1 5.68203E-1 6.45352E-1 6.11726E-1 3.61333E-1 6.25378E-1 4.14591E-1 4.01717E-1 5.16712E-1 6.47476E-1 5.36848E-1 6.39288E-1 6.34138E-1 5.9687E-1 5.42733E-1 5.08332E-1 3.68329E-1 4.14957E-1 3.9845E-1 5.12583E-1 5.53246E-1 5.72074E-1 5.90619E-1 5.48585E-1 4.85895E-1 6.0761E-1 5.7931E-1 5.77966E-1 2.9314E-1 4.07712E-1 4.25882E-1 3.95866E-1 2.1427E-1
-9999 -9999 -9999 -9999 -9999 -9999 -9999 -9999 1.71884E-1 2.54695E-1 3.73631E-1 4.76105E-1 6.56039E-1 7.06548E-1 7.42521E-1 7.71925E-1 7.86393E-1 7.84019E-1 7.0199E-1 6.02343E-1 4.95753E-1 4.04169E-1 3.44586E-1 3.79986E-1 4.40895E-1 4.98512E-1 5.25416E-1 5.48249E-1 5.73377E-1 6.63556E-1 5.43573E-1 3.15251E-1 6.42646E-1 4.54606E-1 4.65422E-1 6.8431E-1 6.2414E-1 5.85515E-1 6.13078E-1 6.26746E-1 6.0231E-1 5.70753E-1 4.0781E-1 3.12671E-1 3.39502E-1 3.3822E-1 4.08975E-1 4.75431E-1 5.41479E-1 5.74188E-1 5.80209E-1 6.34294E-1 6.81112E-1 6.69912E-1 6.50598E-1 4.87681E-1 4.34871E-1 3.76608E-1 2.08248E-1 4.00752E-1
-9999 -9999 -9999 -9999 -9999 -9999 -9999 -9999 2.20765E-1 3.37644E-1 4.94934E-1 6.48812E-1 6.95923E-1 7.44954E-1 7.7188E-1 7.6305E-1 7.61952E-1 7.58523E-1 6.54998E-1 5.72164E-1 5.07405E-1 4.48195E-1 3.84886E-1 4.19312E-1 4.92872E-1 5.49966E-1 5.73506E-1 5.84518E-1 5.71599E-1 4.39664E-1 6.48754E-1 3.14033E-1 5.21126E-1 5.53493E-1 5.3651E-1 4.58065E-1 5.39162E-1 6.2867E-1 6.43912E-1 6.32723E-1 6.07693E-1 4.72143E-1 3.71772E-1 2.94388E-1 3.26343E-1 3.45626E-1 3.89385E-1 3.96638E-1 5.03421E-1 5.97756E-1 5.87218E-1 5.89103E-1 6.12996E-1 6.2849E-1 3.72139E-1 2.40178E-1 2.11396E-1 2.27858E-1 4.62918E-1 5.12323E-1
-9999 -9999 -9999 -9999 -9999 -9999 -9999 -9999 2.95301E-1 4.82609E-1 5.10754E-1 5.98296E-1 7.01679E-1 7.73255E-1 7.82951E-1 7.78205E-1 7.66056E-1 7.63486E-1 6.80404E-1 6.29923E-1 5.57817E-1 4.56249E-1 4.04776E-1 4.63273E-1 5.36748E-1 5.84835E-1 6.18492E-1 3.43163E-1 5.28774E-1 6.03842E-1 5.81482E-1 6.49421E-1 4.92013E-1 4.9384E-1 5.6098E-1 6.62032E-1 5.09779E-1 4.72231E-1 5.38552E-1 5.736E-1 5.05305E-1 4.23294E-1 3.47463E-1 3.13612E-1 3.78869E-1 4.0746E-1 4.36973E-1 4.67158E-1 5.06862E-1 5.33764E-1 5.62006E-1 6.99181E-1 6.47878E-1 3.31214E-1 3.67867E-1 4.72975E-1 4.40119E-1 4.4459E-1 4.85228E-1 5.82824E-1
-9999 -9999 -9999 -9999 -9999 -9999 -9999 2.03549E-1 2.96152E-1 3.96561E-1 5.20426E-1 6.3726E-1 7.35765E-1 7.89236E-1 7.89367E-1 7.39397E-1 7.54559E-1 7.41291E-1 7.10045E-1 6.32877E-1 5.26839E-1 4.48552E-1 4.12191E-1 4.87892E-1 5.67841E-1 6.19229E-1 7.04217E-1 3.74519E-1 5.53423E-1 5.63078E-1 3.80565E-1 4.95199E-1 5.02648E-1 3.20345E-1 5.68237E-1 5.79435E-1 5.71027E-1 6.0462E-1 6.56509E-1 5.99249E-1 5.93077E-1 4.96338E-1 3.73097E-1 3.60221E-1 4.40473E-1 4.79563E-1 4.9505E-1 5.23828E-1 5.45732E-1 4.38813E-1 4.80873E-1 5.36587E-1 6.45131E-1 6.00947E-1 4.33134E-1 4.90723E-1 4.66168E-1 4.65488E-1 5.07213E-1 5.90767E-1
-9999 -9999 -9999 -9999 -9999 -9999 -9999 1.9857E-1 2.98448E-1 1.75171E-1 5.32846E-1 5.42128E-1 6.38412E-1 7.79939E-1 7.79529E-1 6.09627E-1 4.09585E-1 4.16883E-1 5.80714E-1 5.46181E-1 5.11504E-1 4.64702E-1 4.23092E-1 4.78176E-1 5.72086E-1 6.52074E-1 7.43181E-1 5.98689E-1 5.49357E-1 5.7713E-1 6.13145E-1 6.96824E-1 7.35817E-1 7.40803E-1 6.49518E-1 3.90469E-1 6.71946E-1 6.86511E-1 6.55326E-1 6.31334E-1 6.20454E-1 4.86263E-1 3.78655E-1 3.99671E-1 5.00537E-1 5.49702E-1 5.49075E-1 5.51848E-1 5.23519E-1 4.67555E-1 4.98612E-1 5.29501E-1 5.70617E-1 5.76657E-1 5.58885E-1 2.85785E-1 5.039E-1 4.73789E-1 6.38224E-1 3.36452E-1
-9999 -9999 -9999 -9999 -9999 -9999 8.10999E-2 2.17677E-1 2.58625E-1 3.76327E-1 3.47166E-1 4.58718E-1 5.61497E-1 7.03035E-1 7.38413E-1 7.24925E-1 5.1562E-1 7.07746E-1 2.80861E-1 5.39686E-1 5.39391E-1 4.83977E-1 4.35891E-1 4.56659E-1 5.52935E-1 6.30349E-1 7.27494E-1 7.14345E-1 5.6007E-1 5.26024E-1 5.58618E-1 6.12267E-1 6.67736E-1 6.92328E-1 7.32165E-1 7.36215E-1 4.33637E-1 6.70068E-1 6.73841E-1 6.9312E-1 6.56289E-1 5.03323E-1 4.39027E-1 4.63662E-1 5.66495E-1 5.97072E-1 5.80759E-1 5.77373E-1 5.63219E-1 5.3656E-1 5.19889E-1 5.56673E-1 6.13203E-1 7.00101E-1 5.67312E-1 5.69437E-1 4.94495E-1 2.86225E-1 5.36538E-1 4.78335E-1
-9999 -9999 -9999 -9999 -9999 1.60022E-2 6.72196E-2 1.92104E-1 2.01689E-1 2.27346E-1 3.37131E-1 4.40109E-1 4.76538E-1 6.17217E-1 6.42286E-1 4.44332E-1 6.30039E-1 5.02402E-1 3.22028E-1 5.45151E-1 5.46331E-1 4.86509E-1 4.3675E-1 4.30586E-1 5.23928E-1 5.79071E-1 6.84435E-1 6.7375E-1 5.41998E-1 6.14305E-1 4.54748E-1 4.77148E-1 5.32798E-1 5.7415E-1 6.54981E-1 6.64124E-1 6.31638E-1 3.65813E-1 6.74711E-1 6.11434E-1 6.40184E-1 5.19727E-1 5.19825E-1 5.09345E-1 5.93517E-1 2.98416E-1 6.16684E-1 6.13033E-1 5.82359E-1 5.44176E-1 5.32116E-1 5.70666E-1 5.2965E-1 6.33618E-1 5.11164E-1 5.16762E-1 4.30891E-1 4.05809E-1 3.10362E-1 3.15737E-1
-9999 -9999 -9999 -9999 -9999 2.01376E-2 6.35535E-2 2.62479E-1 3.01638E-1 3.74491E-1 4.22002E-1 4.12918E-1 4.13356E-1 4.85882E-1 5.34905E-1 6.03833E-1 5.55179E-1 5.45291E-1 5.52583E-1 5.1092E-1 5.22652E-1 4.57025E-1 4.19606E-1 4.11814E-1 4.75185E-1 4.95338E-1 5.63065E-1 5.25283E-1 6.21878E-1 4.11341E-1 3.58986E-1 4.21189E-1 4.86139E-1 5.50335E-1 6.11218E-1 5.99985E-1 5.58851E-1 4.26856E-1 6.13641E-1 6.83408E-1 6.41287E-1 3.63073E-1 4.68942E-1 5.13065E-1 3.96E-1 5.29834E-1 6.35788E-1 6.38179E-1 6.08547E-1 5.62548E-1 5.50175E-1 5.96037E-1 5.04891E-1 4.9113E-1 4.4852E-1 4.67806E-1 5.0417E-1 3.94424E-1 3.4996E-1 3.45743E-1
-9999 -9999 -9999 -9999 2.55467E-2 2.16014E-2 5.49008E-2 3.84574E-1 4.47393E-1 5.00545E-1 4.90707E-1 4.42341E-1 4.05284E-1 3.13144E-1 4.53517E-1 4.59317E-1 4.91152E-1 5.12811E-1 5.12395E-1 4.63139E-1 4.44611E-1 3.78617E-1 4.32966E-1 4.04786E-1 4.30462E-1 4.18924E-1 4.19101E-1 4.60302E-1 4.37204E-1 4.11964E-1 4.46936E-1 5.02002E-1 5.56262E-1 6.50239E-1 6.59525E-1 6.08159E-1 5.0726E-1 4.64478E-1 6.60384E-1 6.38486E-1 6.26521E-1 5.53653E-1 5.02566E-1 6.06116E-1 6.30417E-1 6.51461E-1 6.64882E-1 6.39478E-1 6.36272E-1 6.47283E-1 5.90561E-1 5.91788E-1 3.43564E-1 3.78496E-1 3.86009E-1 2.37785E-1 3.94041E-1 3.65743E-1 3.76185E-1 3.92007E-1
-9999 -9999 -9999 -9999 2.87179E-2 2.22322E-2 5.05761E-2 4.99184E-1 5.56284E-1 5.68483E-1 5.33513E-1 4.90185E-1 4.61837E-1 4.55063E-1 4.11839E-1 4.34295E-1 4.9012E-1 5.21349E-1 4.96145E-1 4.55415E-1 4.13413E-1 3.65501E-1 4.4598E-1 3.67738E-1 4.37588E-1 4.03216E-1 3.44666E-1 5.49767E-1 5.86563E-1 5.72026E-1 5.69857E-1 6.24965E-1 6.97898E-1 7.57407E-1 6.92673E-1 4.02952E-1 6.76885E-1 6.58547E-1 6.34385E-1 6.67538E-1 5.26495E-1 5.47842E-1 6.24886E-1 6.19364E-1 6.42061E-1 6.70169E-1 6.76518E-1 6.56855E-1 6.04425E-1 5.15968E-1 4.31958E-1 3.99069E-1 3.73608E-1 3.91781E-1 3.65574E-1 3.30144E-1 4.86954E-1 5.30383E-1 4.98149E-1 4.77336E-1
-9999 -9999 -9999 -9999 2.30196E-2 2.41493E-2 7.41599E-2 4.67912E-1 5.49919E-1 5.50751E-1 5.08444E-1 4.65576E-1 3.27818E-1 4.25143E-1 3.99961E-1 4.1094E-1 4.08918E-1 4.15969E-1 3.9293E-1 3.60722E-1 3.479E-1 3.69535E-1 3.96032E-1 2.74126E-1 3.2863E-1 3.10471E-1 5.59152E-1 5.86198E-1 6.32912E-1 6.95692E-1 7.28461E-1 7.70885E-1 7.92281E-1 7.70858E-1 4.18862E-1 6.55324E-1 7.06858E-1 6.3707E-1 6.93574E-1 5.74237E-1 5.0191E-1 5.10888E-1 5.67478E-1 5.99936E-1 6.52746E-1 6.95848E-1 6.64005E-1 5.75712E-1 5.33895E-1 4.6065E-1 3.82807E-1 3.39831E-1 3.34964E-1 3.49028E-1 3.64263E-1 4.66217E-1 5.1914E-1 5.58939E-1 6.25039E-1 6.25491E-1
-9999 -9999 -9999 -9999 2.14876E-2 2.61693E-2 9.76886E-2 4.1525E-1 5.0371E-1 5.10559E-1 4.82449E-1 4.24933E-1 2.56056E-1 4.19507E-1 4.17831E-1 3.84246E-1 3.10186E-1 2.87477E-1 3.00553E-1 2.79684E-1 2.95637E-1 3.38752E-1 3.76791E-1 3.7067E-1 3.64544E-1 5.49983E-1 6.04676E-1 6.47239E-1 6.97527E-1 7.31789E-1 7.62487E-1 7.74961E-1 6.07179E-1 4.62109E-1 6.25033E-1 7.48738E-1 6.70755E-1 6.69329E-1 6.40544E-1 5.33003E-1 4.89965E-1 5.09313E-1 5.3084E-1 5.63123E-1 6.26068E-1 7.3979E-1 6.28431E-1 4.8316E-1 4.33078E-1 3.7458E-1 3.17017E-1 3.56793E-1 3.41844E-1 3.84167E-1 4.90164E-1 4.37949E-1 5.13558E-1 6.26888E-1 6.96617E-1 6.83353E-1
-9999 -9999 -9999 1.20953E-2 1.2071E-2 2.9384E-2 1.10061E-1 3.42476E-1 4.27175E-1 4.5034E-1 1.96186E-1 2.18945E-1 3.61284E-1 4.25398E-1 3.6817E-1 3.04594E-1 2.3738E-1 1.98754E-1 1.24946E-1 2.17403E-1 2.29006E-1 2.83384E-1 3.23869E-1 3.42547E-1 3.90336E-1 4.81163E-1 6.20205E-1 6.5179E-1 6.64952E-1 6.544E-1 5.24627E-1 3.18252E-1 6.42952E-1 6.83185E-1 7.57994E-1 6.91377E-1 6.87388E-1 7.02773E-1 5.78053E-1 5.14338E-1 4.88327E-1 5.11164E-1 5.28976E-1 5.45339E-1 5.58697E-1 6.80429E-1 5.45393E-1 3.85606E-1 3.63136E-1 3.13566E-1 3.24544E-1 3.69191E-1 3.60716E-1 4.07306E-1 4.9212E-1 5.78826E-1 5.46006E-1 5.91245E-1 7.05972E-1 7.77329E-1
-9999 -9999 -9999 1.75413E-2 2.27917E-2 6.07275E-2 1.23794E-1 2.81928E-1 3.56767E-1 3.70915E-1 3.73689E-1 4.15298E-1 4.14887E-1 2.70164E-1 2.52415E-1 1.35345E-1 1.90444E-1 1.24552E-1 1.84937E-1 1.71065E-1 2.0866E-1 2.8875E-1 3.48345E-1 3.84976E-1 4.17765E-1 4.71995E-1 5.50598E-1 3.51709E-1 3.45428E-1 4.87788E-1 6.40975E-1 6.2117E-1 6.39565E-1 7.6205E-1 7.22881E-1 6.98856E-1 7.20417E-1 6.31907E-1 5.37475E-1 4.96586E-1 4.75994E-1 4.80936E-1 4.85128E-1 5.09889E-1 4.67691E-1 5.67494E-1 4.69778E-1 3.15282E-1 3.01735E-1 3.20937E-1 3.43707E-1 3.33403E-1 2.87159E-1 2.89609E-1 3.63144E-1 5.53871E-1 6.24939E-1 5.46421E-1 4.48138E-1 4.55524E-1
-9999 -9999 -9999 8.06478E-2 7.48769E-2 1.42483E-1 1.72126E-1 2.30581E-1 2.69236E-1 2.73729E-1 2.60117E-1 2.88986E-1 2.48814E-1 1.97222E-1 1.38376E-1 1.40716E-1 1.6161E-1 1.43509E-1 1.28681E-1 1.75599E-1 2.3716E-1 3.30347E-1 4.22333E-1 4.48565E-1 4.86459E-1 4.94838E-1 3.63387E-1 5.81285E-1 6.08265E-1 6.31384E-1 6.14904E-1 6.32892E-1 7.24888E-1 7.01942E-1 6.96705E-1 7.04114E-1 7.13744E-1 6.07229E-1 5.39289E-1 4.98506E-1 4.85609E-1 4.61079E-1 4.25017E-1 3.94908E-1 3.73534E-1 4.24766E-1 4.2705E-1 2.96776E-1 2.81882E-1 3.39973E-1 1.88827E-1 4.27811E-1 2.8745E-1 3.08849E-1 3.19917E-1 3.33816E-1 4.47351E-1 5.02244E-1 3.89038E-1 4.65239E-1
-9999 -9999 -9999 7.33425E-2 9.70075E-2 1.25469E-1 1.84418E-1 2.82906E-1 3.08858E-1 2.75119E-1 2.44887E-1 2.54817E-1 2.07949E-1 2.68429E-1 1.61853E-1 1.35854E-1 1.48457E-1 1.38979E-1 1.58442E-1 2.11483E-1 2.96352E-1 3.8909E-1 4.88851E-1 5.23675E-1 5.36402E-1 5.52353E-1 5.00919E-1 6.08219E-1 6.0426E-1 5.90937E-1 5.48346E-1 5.85935E-1 6.89753E-1 7.02775E-1 7.01466E-1 7.2272E-1 6.60579E-1 6.05971E-1 6.21245E-1 5.58982E-1 5.29352E-1 5.05222E-1 4.42193E-1 4.05673E-1 4.30195E-1 4.1874E-1 4.65306E-1 4.26674E-1 3.16427E-1 2.95162E-1 3.33055E-1 3.05002E-1 3.28642E-1 3.58645E-1 3.55137E-1 3.56551E-1 1.42981E-1 3.8749E-1 2.53516E-1 4.24888E-1
-9999 -9999 -9999 8.6167E-2 9.86843E-2 1.32715E-1 1.84112E-1 2.80447E-1 3.0312E-1 2.96015E-1 2.48302E-1 2.55533E-1 3.40717E-1 1.982E-1 1.87102E-1 1.77648E-1 1.57926E-1 1.9005E-1 2.42112E-1 2.87366E-1 3.98046E-1 5.19832E-1 5.99891E-1 6.02822E-1 6.29182E-1 3.97613E-1 6.84253E-1 6.79155E-1 6.20058E-1 5.57821E-1 4.97385E-1 4.92736E-1 6.70308E-1 6.83253E-1 6.77148E-1 6.96993E-1 6.36992E-1 5.91467E-1 6.38494E-1 5.56879E-1 5.30639E-1 5.4217E-1 4.74992E-1 4.29752E-1 4.72917E-1 4.87715E-1 4.46656E-1 3.06489E-1 2.71546E-1 3.65407E-1 3.8538E-1 4.03011E-1 3.9851E-1 3.95102E-1 2.64188E-1 2.36349E-1 3.48235E-1 3.26917E-1 2.43695E-1 2.82193E-1
4.2347E-2 5.4834E-2 7.744E-2 1.042E-1 1.33957E-1 1.88019E-1 2.5803E-1 2.89812E-1 1.40816E-1 1.40121E-1 2.40591E-1 7.97735E-2 8.80434E-2 2.20752E-1 2.39175E-1 2.69241E-1 2.67059E-1 3.99218E-1 4.81302E-1 4.43581E-1 5.01017E-1 5.94228E-1 6.32032E-1 3.13869E-1 5.06396E-1 3.9374E-1 6.90322E-1 6.8794E-1 6.1188E-1 5.08214E-1 4.34064E-1 4.28868E-1 6.4107E-1 6.47164E-1 6.59382E-1 7.01843E-1 5.92934E-1 5.4958E-1 6.14763E-1 5.734E-1 5.26239E-1 5.56088E-1 5.15744E-1 4.66143E-1 3.41984E-1 5.3484E-1 4.59248E-1 3.0929E-1 3.4482E-1 3.36634E-1 3.57975E-1 4.28614E-1 4.33116E-1 3.55442E-1 2.78676E-1 3.86718E-1 3.47661E-1 3.40023E-1 3.66538E-1 4.12494E-1
4.98182E-2 6.79175E-2 8.45612E-2 1.10402E-1 1.48537E-1 2.33339E-1 2.86544E-1 2.88461E-1 2.76794E-1 1.23533E-1 2.06881E-1 1.06758E-1 1.34569E-1 3.02973E-1 3.5124E-1 4.17456E-1 4.08354E-1 4.64243E-1 5.29742E-1 5.94635E-1 6.54282E-1 7.25423E-1 7.04804E-1 4.93704E-1 6.47041E-1 4.38218E-1 6.7222E-1 7.27813E-1 6.20907E-1 5.06298E-1 4.36325E-1 3.97379E-1 4.94051E-1 6.4268E-1 6.22709E-1 6.41562E-1 5.94894E-1 5.16734E-1 5.8E-1 5.54325E-1 5.36653E-1 5.68542E-1 4.89287E-1 6.64725E-1 4.90997E-1 5.16353E-1 4.09385E-1 3.54192E-1 3.68573E-1 4.10035E-1 4.07077E-1 4.2675E-1 3.91792E-1 3.138E-1 4.09433E-1 4.11903E-1 3.38488E-1 3.09262E-1 3.43472E-1 4.14569E-1
-9999 1.07808E-1 1.22069E-1 1.43038E-1 1.82294E-1 2.41865E-1 2.86523E-1 2.83052E-1 2.64514E-1 2.74412E-1 2.77047E-1 2.98129E-1 3.15067E-1 3.23335E-1 3.33744E-1 3.39373E-1 3.94202E-1 4.98349E-1 4.71184E-1 5.01432E-1 5.03909E-1 5.48312E-1 5.52873E-1 5.5693E-1 5.62667E-1 3.87665E-1 7.16804E-1 7.73616E-1 6.91192E-1 5.90181E-1 5.06259E-1 4.46316E-1 4.39183E-1 6.66389E-1 5.8264E-1 5.50255E-1 5.47788E-1 4.95781E-1 5.4072E-1 5.30102E-1 5.76306E-1 5.03741E-1 5.00275E-1 5.19978E-1 4.91145E-1 4.90873E-1 5.0389E-1 4.80215E-1 4.86468E-1 5.00764E-1 4.63204E-1 3.29909E-1 3.23413E-1 5.09755E-1 2.8575E-1 4.465E-1 3.74763E-1 2.99755E-1 3.29378E-1 3.7923E-1
-9999 -9999 1.54571E-1 1.99847E-1 2.48811E-1 2.88912E-1 3.20783E-1 2.91533E-1 2.55505E-1 2.42096E-1 2.67207E-1 2.68155E-1 3.21263E-1 3.77596E-1 4.16184E-1 4.24407E-1 3.79098E-1 4.32275E-1 4.78658E-1 2.23033E-1 4.53988E-1 3.99334E-1 2.20977E-1 4.67227E-1 5.67213E-1 4.63317E-1 4.42842E-1 7.32816E-1 7.75848E-1 7.48542E-1 6.31778E-1 5.20004E-1 4.64412E-1 5.77109E-1 6.40101E-1 5.49169E-1 5.58355E-1 5.98523E-1 6.0736E-1 2.30034E-1 5.81358E-1 6.15338E-1 5.27513E-1 5.49614E-1 5.58627E-1 4.9387E-1 5.38189E-1 5.12755E-1 5.2376E-1 5.74254E-1 2.56433E-1 5.29855E-1 5.31468E-1 4.9827E-1 2.57987E-1 4.69903E-1 4.06035E-1 3.24174E-1 3.03016E-1 3.40283E-1
-9999 -9999 -9999 2.50205E-1 2.91193E-1 3.14912E-1 3.2947E-1 3.19467E-1 2.75528E-1 2.39144E-1 2.50023E-1 3.25478E-1 3.40076E-1 3.62948E-1 3.71504E-1 4.06745E-1 4.80782E-1 5.44457E-1 5.31442E-1 5.15535E-1 3.47114E-1 4.5046E-1 5.29561E-1 5.21713E-1 5.3314E-1 5.39266E-1 3.65605E-1 6.49242E-1 7.69025E-1 7.32535E-1 7.12238E-1 6.90643E-1 5.26938E-1 5.41816E-1 6.87622E-1 5.903E-1 5.62185E-1 6.46352E-1 5.94667E-1 5.06563E-1 5.30917E-1 4.83569E-1 4.79223E-1 5.24536E-1 4.59826E-1 4.28694E-1 3.19298E-1 5.18821E-1 3.56895E-1 3.95572E-1 5.93403E-1 5.61442E-1 5.21836E-1 5.10258E-1 3.36403E-1 4.86121E-1 4.4251E-1 3.90116E-1 3.64905E-1 3.01125E-1
-9999 -9999 -9999 2.4873E-1 3.14268E-1 3.3363E-1 1.93556E-1 1.10839E-1 3.1276E-1 2.76423E-1 1.23168E-1 2.27726E-1 2.54197E-1 3.1342E-1 3.59179E-1 3.99729E-1 4.89515E-1 5.44449E-1 5.75291E-1 5.77712E-1 5.9529E-1 2.97976E-1 5.07686E-1 4.37284E-1 4.71342E-1 4.90119E-1 5.53886E-1 6.03195E-1 6.46246E-1 7.25206E-1 6.81811E-1 6.49477E-1 6.64896E-1 5.57919E-1 6.57499E-1 6.59172E-1 5.85747E-1 6.54515E-1 5.31009E-1 5.37385E-1 5.77675E-1 5.69844E-1 5.61848E-1 5.66086E-1 5.504E-1 5.43639E-1 2.33596E-1 2.93478E-1 5.71615E-1 6.85427E-1 6.39554E-1 5.25676E-1 4.94185E-1 4.78996E-1 4.63144E-1 4.83319E-1 4.8675E-1 5.41562E-1 3.03646E-1 2.34399E-1
-9999 -9999 -9999 -9999 3.12941E-1 3.48711E-1 2.81842E-1 2.43304E-1 2.57432E-1 2.68538E-1 1.86943E-1 1.769E-1 2.23734E-1 3.31422E-1 3.91511E-1 4.82937E-1 5.60809E-1 5.6106E-1 5.24743E-1 4.08539E-1 3.09967E-1 3.79785E-1 1.92626E-1 3.50773E-1 4.23024E-1 3.75418E-1 4.68217E-1 4.97607E-1 5.26608E-1 5.62486E-1 6.69416E-1 6.05974E-1 5.71315E-1 6.57545E-1 6.81688E-1 6.91859E-1 6.59976E-1 6.61524E-1 6.84719E-1 7.2919E-1 5.84154E-1 5.02722E-1 4.98787E-1 5.48366E-1 5.43522E-1 5.34114E-1 5.08006E-1 4.78382E-1 5.08069E-1 5.00347E-1 3.98699E-1 3.7327E-1 4.25411E-1 4.53939E-1 4.33258E-1 4.22483E-1 5.08424E-1 4.40218E-1 3.07876E-1 2.79646E-1
