Phytophthora/models/20240506_1155_30/Phytophthora_PA3_RUN2_MAXENT_outputs/Phytophthora_PA3_RUN2.asc
ncols         225
nrows         269
xllcorner     473009.9838
yllcorner     4429051.1748
cellsize      50.0
NODATA_value  -9999
[rows 52 to 77 of 269, columns 60 to 119 of 225]
3.00051E-3 1.25017E-3 2.60317E-3 6.90008E-3 8.18579E-3 9.62667E-3 1.5294E-2 5.68035E-3 2.5344E-2 3.51869E-2 4.58057E-2 3.87865E-2 1.38625E-2 2.94022E-2 2.89736E-2 2.79012E-2 3.10141E-2 3.04062E-2 3.10041E-2 3.44731E-2 3.93387E-2 4.8348E-2 4.61377E-2 1.65542E-2 -9999 -9999 -9999 -9999 -9999 -9999 -9999 -9999 -9999 -9999 -9999 -9999 -9999 -9999 -9999 -9999 -9999 -9999 -9999 -9999 -9999 -9999 -9999 -9999 -9999 -9999 -9999 -9999 -9999 -9999 -9999 -9999 -9999 -9999 -9999 -9999
3.21153E-3 1.11973E-3 5.01877E-3 4.3936E-3 9.33048E-3 1.11221E-2 1.52205E-2 1.01829E-2 2.6171E-2 3.03354E-2 2.5604E-2 2.0601E-2 1.48252E-2 3.22734E-2 3.52093E-2 3.07612E-2 2.74983E-2 2.35639E-2 2.51406E-2 3.03843E-2 3.69651E-2 4.46442E-2 4.42558E-2 1.76678E-2 4.36857E-2 4.51109E-2 -9999 -9999 -9999 -9999 -9999 -9999 -9999 -9999 -9999 -9999 -9999 -9999 -9999 -9999 -9999 -9999 -9999 -9999 -9999 -9999 -9999 -9999 -9999 -9999 -9999 -9999 -9999 -9999 -9999 -9999 -9999 -9999 -9999 -9999
3.13841E-3 2.78228E-3 5.48744E-3 2.25207E-3 9.48611E-3 1.1968E-2 1.52983E-2 1.30841E-2 1.73606E-2 1.6925E-2 1.7037E-2 1.90612E-2 3.29442E-2 2.12528E-2 6.07635E-2 3.32793E-2 2.85574E-2 2.40906E-2 2.06582E-2 2.34176E-2 3.62342E-2 5.11115E-2 4.01753E-2 1.20341E-2 4.15134E-2 4.24933E-2 3.79576E-2 2.75843E-2 3.33814E-2 6.49694E-2 9.78286E-2 5.21711E-2 -9999 -9999 -9999 -9999 -9999 -9999 -9999 -9999 -9999 -9999 -9999 -9999 -9999 -9999 -9999 -9999 -9999 -9999 -9999 -9999 -9999 -9999 -9999 -9999 -9999 -9999 -9999 -9999
1.18022E-3 2.2113E-3 5.71181E-3 5.14854E-3 5.79524E-3 7.21698E-3 1.09608E-2 1.47933E-2 1.58446E-2 1.12104E-2 1.9342E-2 2.04591E-2 3.75943E-2 4.88294E-2 1.28347E-2 2.27128E-2 2.66191E-2 2.44671E-2 2.10531E-2 2.55424E-2 4.78321E-2 3.67344E-2 2.85781E-2 2.63423E-2 3.55894E-2 3.58245E-2 3.69457E-2 3.25133E-2 3.23563E-2 2.14985E-2 1.02451E-1 6.68586E-2 6.97929E-2 -9999 -9999 -9999 -9999 -9999 -9999 -9999 -9999 -9999 -9999 -9999 -9999 -9999 -9999 -9999 -9999 -9999 -9999 -9999 -9999 -9999 -9999 -9999 -9999 -9999 -9999 -9999
2.97785E-3 3.97533E-3 5.37997E-3 9.05492E-3 1.16855E-2 1.44411E-2 1.49659E-2 6.48555E-3 1.5598E-2 1.52494E-2 1.68993E-2 1.60802E-2 1.55865E-2 1.39916E-2 2.12552E-2 6.74872E-3 2.36717E-2 2.31248E-2 2.31266E-2 3.09228E-2 4.01443E-2 2.34983E-2 2.33001E-2 2.91399E-2 1.42408E-2 3.17465E-2 3.86733E-2 3.5703E-2 3.33594E-2 1.50096E-2 6.86612E-2 7.89056E-2 6.48801E-2 -9999 -9999 -9999 -9999 -9999 -9999 -9999 -9999 -9999 -9999 -9999 -9999 -9999 -9999 -9999 -9999 -9999 -9999 -9999 -9999 -9999 -9999 -9999 -9999 -9999 -9999 -9999
2.77986E-3 3.58813E-3 4.17482E-3 7.10366E-3 1.22466E-2 1.71829E-2 1.79717E-2 8.41652E-3 1.3316E-2 1.63442E-2 1.57148E-2 1.50893E-2 9.954E-3 9.11426E-3 1.14062E-2 4.60016E-3 8.30251E-3 2.65411E-2 2.6067E-2 4.31543E-2 4.05485E-2 1.84761E-2 1.9649E-2 2.6705E-2 1.21981E-2 3.82761E-2 4.18997E-2 3.88975E-2 3.07411E-2 2.25526E-2 4.56786E-2 1.02527E-1 1.29002E-1 -9999 -9999 -9999 -9999 -9999 -9999 -9999 -9999 -9999 -9999 -9999 -9999 -9999 -9999 -9999 -9999 -9999 -9999 -9999 -9999 -9999 -9999 -9999 -9999 -9999 -9999 -9999
2.84689E-3 3.26229E-3 3.37367E-3 5.07193E-3 7.75242E-3 1.37225E-2 2.11596E-2 1.55865E-2 1.17404E-2 6.25145E-3 1.48064E-2 1.51438E-2 1.44742E-2 1.47888E-2 1.5196E-2 1.62076E-2 1.8755E-2 1.1002E-2 3.78483E-2 3.75077E-2 4.23663E-2 1.85464E-2 1.79718E-2 2.52398E-2 2.22301E-2 3.62416E-2 3.79933E-2 3.61873E-2 2.79638E-2 1.9781E-2 3.03951E-2 9.87566E-2 1.22256E-1 4.14091E-2 -9999 -9999 -9999 -9999 -9999 -9999 -9999 -9999 -9999 -9999 -9999 -9999 -9999 -9999 -9999 -9999 -9999 -9999 -9999 -9999 -9999 -9999 -9999 -9999 -9999 -9999
2.71372E-3 3.17065E-3 3.43835E-3 4.77127E-3 6.09064E-3 1.24948E-2 1.90275E-2 1.2814E-2 1.29632E-2 1.48289E-2 5.03896E-3 1.93614E-2 1.946E-2 1.8172E-2 1.71536E-2 1.63624E-2 1.79636E-2 2.40646E-2 1.19147E-2 1.1406E-2 3.81779E-2 1.84146E-2 1.77607E-2 2.4365E-2 3.18605E-2 2.33875E-2 3.41625E-2 3.32077E-2 2.84881E-2 2.21707E-2 2.82011E-2 6.43954E-2 9.94346E-2 4.64443E-2 -9999 -9999 -9999 -9999 -9999 -9999 -9999 -9999 -9999 -9999 -9999 -9999 -9999 -9999 -9999 -9999 -9999 -9999 -9999 -9999 -9999 -9999 -9999 -9999 -9999 -9999
2.57642E-3 3.07642E-3 4.13764E-3 5.98587E-3 6.93764E-3 8.8038E-3 1.1434E-2 9.59058E-3 1.10189E-2 1.34165E-2 1.45905E-2 9.51412E-3 1.17472E-2 2.29088E-2 2.16089E-2 2.13235E-2 2.12715E-2 2.32231E-2 2.17955E-2 1.62774E-2 1.75227E-2 1.85947E-2 1.96836E-2 2.4012E-2 3.03078E-2 2.22218E-2 3.01132E-2 2.76892E-2 2.62813E-2 2.7932E-2 3.59073E-2 8.58624E-2 1.17416E-1 4.50371E-2 1.27893E-1 -9999 -9999 -9999 -9999 -9999 -9999 -9999 -9999 -9999 -9999 -9999 -9999 -9999 -9999 -9999 -9999 -9999 -9999 -9999 -9999 -9999 -9999 -9999 -9999 -9999
2.53525E-3 3.10339E-3 4.16305E-3 6.57454E-3 9.03891E-3 8.13386E-3 6.67058E-3 7.77447E-3 9.95154E-3 1.25423E-2 5.1524E-3 1.80537E-2 2.36255E-2 1.61745E-2 1.63795E-2 1.67821E-2 6.93989E-3 8.72345E-3 2.51873E-2 2.04893E-2 6.36356E-3 2.11911E-2 2.19332E-2 2.44044E-2 2.81489E-2 1.95657E-2 2.90714E-2 2.50381E-2 2.2611E-2 2.98143E-2 4.4782E-2 7.25098E-2 1.09066E-1 1.0424E-1 4.28633E-2 1.06707E-1 -9999 -9999 -9999 -9999 -9999 -9999 -9999 -9999 -9999 -9999 -9999 -9999 -9999 -9999 -9999 -9999 -9999 -9999 -9999 -9999 -9999 -9999 -9999 -9999
2.44813E-3 2.97202E-3 4.07725E-3 4.21491E-3 8.56179E-3 7.00199E-3 5.22603E-3 6.7943E-3 8.77722E-3 7.07959E-3 1.17784E-2 1.71308E-2 2.17733E-2 2.6064E-2 1.55883E-2 1.88991E-2 2.71662E-2 2.54024E-2 2.33101E-2 2.65735E-2 2.88277E-2 1.53384E-2 8.70976E-3 2.35799E-2 2.58498E-2 2.26815E-2 2.72608E-2 2.32404E-2 2.21508E-2 2.78574E-2 5.44201E-2 5.82569E-2 1.06695E-1 3.11743E-2 9.45982E-2 3.89601E-2 -9999 -9999 -9999 -9999 -9999 -9999 -9999 -9999 -9999 -9999 -9999 -9999 -9999 -9999 -9999 -9999 -9999 -9999 -9999 -9999 -9999 -9999 -9999 -9999
2.24871E-3 2.71334E-3 3.68585E-3 5.55594E-3 3.66729E-3 7.83337E-3 6.52085E-3 6.71915E-3 8.90965E-3 4.50913E-3 1.37593E-2 1.65102E-2 1.89804E-2 2.40189E-2 2.97346E-2 9.48518E-3 2.80791E-2 2.35548E-2 2.05081E-2 2.85802E-2 2.20933E-2 3.66913E-2 1.908E-2 7.78085E-3 6.01124E-3 2.41145E-2 2.27353E-2 2.25566E-2 2.62762E-2 3.28386E-2 3.2094E-2 5.50255E-2 3.86105E-2 7.54843E-2 7.97753E-2 1.0248E-1 5.0935E-2 -9999 -9999 -9999 -9999 -9999 -9999 -9999 -9999 -9999 -9999 -9999 -9999 -9999 -9999 -9999 -9999 -9999 -9999 -9999 -9999 -9999 -9999 -9999
2.58696E-3 3.17522E-3 4.15956E-3 5.88025E-3 3.17451E-3 9.19647E-3 6.84973E-3 6.74486E-3 8.66361E-3 1.17479E-2 1.28237E-2 1.43177E-2 1.62589E-2 2.25084E-2 2.89765E-2 1.05017E-2 2.96353E-2 2.41715E-2 1.85318E-2 1.76862E-2 1.1497E-2 2.93825E-2 1.63123E-2 1.86757E-2 2.18847E-2 7.08331E-3 2.39904E-2 2.3938E-2 2.98471E-2 3.94492E-2 5.77273E-2 1.65475E-2 8.32479E-2 6.59181E-2 8.15443E-2 1.03575E-1 8.04712E-2 7.3304E-2 2.82365E-2 2.43364E-2 -9999 -9999 -9999 -9999 -9999 -9999 -9999 -9999 -9999 -9999 -9999 -9999 -9999 -9999 -9999 -9999 -9999 -9999 -9999 -9999
3.22022E-3 3.68702E-3 4.44195E-3 6.32551E-3 4.01738E-3 1.15348E-2 8.47568E-3 7.5454E-3 8.58202E-3 1.12298E-2 1.21666E-2 1.15649E-2 1.53009E-2 2.17237E-2 2.92699E-2 3.44706E-2 1.49177E-2 2.93679E-2 1.93991E-2 1.36078E-2 4.42695E-3 1.285E-2 1.39331E-2 1.78935E-2 2.18246E-2 2.64789E-2 7.42562E-3 1.99356E-2 3.25688E-2 1.08388E-2 3.08602E-2 1.41692E-2 6.21901E-2 7.12343E-2 1.12797E-1 1.01961E-1 7.66877E-2 8.52125E-2 5.16929E-2 9.56561E-2 1.01416E-1 9.13407E-2 -9999 -9999 -9999 -9999 -9999 -9999 -9999 -9999 -9999 -9999 -9999 -9999 -9999 -9999 -9999 -9999 -9999 -9999
1.71762E-3 4.73909E-3 5.77386E-3 5.96097E-3 3.77408E-3 1.03382E-2 1.27654E-2 9.85281E-3 1.01457E-2 1.27569E-2 1.45425E-2 1.42829E-2 1.63246E-2 2.36484E-2 2.98138E-2 3.34601E-2 2.04051E-2 4.71765E-2 3.51502E-2 1.20061E-2 6.31952E-3 1.41108E-2 1.56857E-2 1.95593E-2 2.35294E-2 9.685E-3 2.91821E-2 2.91383E-2 1.33135E-2 3.62438E-2 4.90123E-2 5.01808E-2 3.67191E-2 8.10095E-2 1.06736E-1 2.56918E-2 2.12746E-2 5.07072E-2 8.20164E-2 9.95669E-2 9.35945E-2 8.38526E-2 1.02319E-1 5.08075E-2 -9999 -9999 -9999 -9999 -9999 -9999 -9999 -9999 -9999 -9999 -9999 -9999 -9999 -9999 -9999 -9999
2.64032E-3 2.83317E-3 2.58893E-3 5.20975E-3 8.85697E-3 9.31629E-3 1.15151E-2 6.49146E-3 1.44969E-2 1.77677E-2 1.78297E-2 1.68058E-2 1.77236E-2 2.45407E-2 1.63417E-2 2.97811E-2 1.13865E-2 2.79483E-2 2.61938E-2 1.12027E-2 9.43507E-3 1.72045E-2 1.76758E-2 2.03786E-2 6.73032E-3 2.94012E-2 3.12147E-2 3.15521E-2 1.23634E-2 3.47568E-2 3.49096E-2 3.29631E-2 3.52129E-2 1.89808E-2 1.00846E-1 2.39138E-2 7.67843E-2 8.43739E-2 9.04127E-2 9.72859E-2 7.25211E-2 7.74543E-2 1.04018E-1 1.40257E-1 7.51237E-2 2.04898E-1 -9999 -9999 -9999 -9999 -9999 -9999 -9999 -9999 -9999 -9999 -9999 -9999 -9999 -9999
2.47883E-3 1.87431E-3 1.96649E-3 2.77373E-3 8.95991E-3 1.11321E-2 1.39318E-2 2.00584E-2 1.16386E-2 1.39915E-2 9.78332E-3 9.14244E-3 2.01874E-2 2.40728E-2 9.92321E-3 3.01892E-2 2.24652E-2 1.88757E-2 1.41279E-2 1.51242E-2 6.13702E-3 2.21604E-2 5.85535E-3 7.28268E-3 1.81293E-2 2.7997E-2 3.00004E-2 3.28392E-2 2.30911E-2 3.59111E-2 3.23939E-2 2.89779E-2 3.9134E-2 9.43033E-2 5.03493E-2 6.41114E-2 6.55465E-2 7.77582E-2 7.79843E-2 6.9148E-2 5.12787E-2 5.83352E-2 8.05855E-2 1.1232E-1 1.6474E-1 -9999 -9999 -9999 -9999 -9999 -9999 -9999 -9999 -9999 -9999 -9999 -9999 -9999 -9999 -9999
2.40591E-3 2.95049E-3 4.09598E-3 7.19146E-3 5.884E-3 1.21861E-2 1.38048E-2 1.90986E-2 2.28822E-2 2.4263E-2 2.73749E-2 3.13256E-2 1.87865E-2 2.82211E-2 3.23615E-2 3.04437E-2 2.25269E-2 1.81276E-2 1.3556E-2 1.32204E-2 1.01684E-2 3.18463E-2 3.05159E-2 2.11021E-2 1.11367E-2 2.89884E-2 2.91589E-2 3.06754E-2 3.56524E-2 3.71676E-2 3.71922E-2 3.70634E-2 4.15668E-2 5.83656E-2 2.77241E-2 3.31334E-2 4.12209E-2 5.2389E-2 6.38772E-2 5.05483E-2 3.99724E-2 4.70532E-2 6.35202E-2 9.32048E-2 1.89959E-1 1.51673E-1 -9999 -9999 -9999 -9999 -9999 -9999 -9999 -9999 -9999 -9999 -9999 -9999 -9999 -9999
2.20262E-3 8.78625E-4 4.06899E-3 6.05758E-3 5.11289E-3 1.28595E-2 1.4605E-2 1.76153E-2 2.13737E-2 2.30097E-2 2.26631E-2 2.72915E-2 4.00003E-2 3.43226E-2 3.21776E-2 2.86468E-2 1.92233E-2 1.59496E-2 1.20381E-2 1.11136E-2 1.38282E-2 3.24522E-2 3.12564E-2 1.93791E-2 1.68418E-2 2.57513E-2 2.53766E-2 2.86987E-2 2.00702E-2 4.12309E-2 4.36541E-2 4.52857E-2 4.68589E-2 4.14636E-2 2.1095E-2 4.70179E-2 2.73818E-2 3.27322E-2 4.4273E-2 4.315E-2 3.76996E-2 4.71858E-2 5.82371E-2 1.29703E-1 9.67388E-2 1.06016E-1 -9999 -9999 -9999 -9999 -9999 -9999 -9999 -9999 -9999 -9999 -9999 -9999 -9999 -9999
2.36686E-3 2.0214E-3 5.1966E-3 5.64149E-3 8.64661E-3 1.15736E-2 1.39471E-2 1.84316E-2 2.24508E-2 2.58464E-2 2.28181E-2 2.012E-2 2.5225E-2 4.23268E-2 3.38534E-2 2.78209E-2 1.85411E-2 1.66266E-2 1.4108E-2 1.31864E-2 1.70957E-2 2.48201E-2 2.96314E-2 1.97906E-2 2.24206E-2 2.48009E-2 2.66873E-2 1.99546E-2 2.28776E-2 4.12874E-2 4.47016E-2 4.91543E-2 2.24161E-2 2.73766E-2 4.73363E-2 4.19704E-2 3.46645E-2 3.66592E-2 3.75888E-2 4.81838E-2 4.23433E-2 9.44529E-2 1.0366E-1 6.26471E-2 6.00449E-2 1.4956E-1 2.04116E-1 -9999 -9999 -9999 -9999 -9999 -9999 -9999 -9999 -9999 -9999 -9999 -9999 -9999
3.01436E-3 3.76327E-3 4.29412E-3 5.9208E-3 9.1653E-3 9.03765E-3 9.33379E-3 1.44032E-2 2.09065E-2 2.49222E-2 2.54687E-2 2.04773E-2 1.8133E-2 3.14307E-2 4.19781E-2 3.07408E-2 2.10491E-2 1.91323E-2 1.60861E-2 8.66564E-3 2.37946E-2 2.51255E-2 3.24932E-2 2.07299E-2 2.43454E-2 2.86335E-2 1.46027E-2 2.58653E-2 2.69333E-2 4.0321E-2 4.64504E-2 4.99282E-2 1.79903E-2 4.27169E-2 3.899E-2 3.58731E-2 3.54561E-2 3.50603E-2 5.73332E-2 3.51464E-2 4.95011E-2 4.46287E-2 3.37007E-2 6.01533E-2 1.42222E-1 2.14358E-1 2.36192E-1 -9999 -9999 -9999 -9999 -9999 -9999 -9999 -9999 -9999 -9999 -9999 -9999 -9999
1.33955E-3 3.25346E-3 2.91441E-3 1.07098E-3 5.64983E-3 1.29423E-2 1.6777E-2 1.75003E-2 1.84476E-2 2.54709E-2 2.74502E-2 2.59078E-2 2.42593E-2 3.95867E-2 1.424E-2 5.0127E-2 3.31353E-2 2.76397E-2 2.37858E-2 1.18743E-2 2.86301E-2 3.39908E-2 2.83684E-2 3.26329E-2 2.42196E-2 1.79464E-2 5.03991E-2 4.63389E-2 2.27852E-2 5.12331E-2 6.58998E-2 7.33448E-2 8.04685E-2 7.18487E-2 6.69137E-2 5.72867E-2 3.22145E-2 4.53501E-2 5.81464E-2 6.65162E-2 7.73066E-2 7.98199E-2 1.11264E-1 1.27109E-1 4.70116E-2 1.36687E-1 1.80652E-1 -9999 -9999 -9999 -9999 -9999 -9999 -9999 -9999 -9999 -9999 -9999 -9999 -9999
1.37769E-3 2.04312E-3 2.60046E-3 3.47341E-3 5.48409E-3 8.33883E-3 1.3716E-2 2.39359E-2 1.36247E-2 3.73432E-2 4.13679E-2 3.99295E-2 5.21393E-2 7.8018E-2 8.15905E-2 3.19228E-2 2.76713E-2 1.67074E-2 1.84519E-2 1.80417E-2 1.31344E-2 1.98668E-2 1.51589E-2 2.95798E-2 8.05317E-2 1.08699E-1 6.83518E-2 4.10121E-2 4.07348E-2 2.44467E-2 6.50817E-2 9.42564E-2 1.13925E-1 1.14638E-1 1.13792E-1 1.03421E-1 5.2225E-2 9.19058E-2 8.11785E-2 6.80391E-2 6.59374E-2 8.53214E-2 1.043E-1 1.27556E-1 9.40447E-2 1.83743E-1 2.84288E-1 1.87866E-1 -9999 -9999 -9999 -9999 -9999 -9999 -9999 -9999 -9999 -9999 -9999 -9999
4.2973E-3 2.43383E-3 2.77406E-3 4.05413E-3 5.8033E-3 9.21904E-3 3.54927E-3 6.00066E-3 3.38379E-2 5.06315E-2 5.69241E-2 5.61605E-2 7.36788E-2 8.42169E-2 9.12908E-2 8.24394E-2 6.70171E-2 4.79963E-2 6.69744E-2 9.39599E-2 1.97308E-2 3.90557E-2 5.26075E-2 6.7486E-2 1.53729E-1 1.14274E-1 5.98529E-2 6.36281E-2 6.31334E-2 3.08178E-2 8.03796E-2 1.18451E-1 1.34611E-1 1.43609E-1 1.74307E-1 1.85806E-1 1.75819E-1 1.60654E-1 1.35314E-1 1.02593E-1 9.54038E-2 8.20955E-2 1.52884E-1 1.74976E-1 2.44145E-1 1.85069E-1 1.96069E-1 2.47181E-1 2.46358E-1 2.43286E-1 -9999 -9999 -9999 -9999 -9999 -9999 -9999 -9999 -9999 -9999
4.16963E-3 3.9914E-3 3.79432E-3 4.49851E-3 6.2829E-3 9.83818E-3 4.77496E-3 1.8984E-2 3.05821E-2 4.54622E-2 5.68458E-2 6.39412E-2 8.7073E-2 1.02423E-1 1.10541E-1 1.00985E-1 9.23798E-2 8.63461E-2 1.06033E-1 4.34614E-2 1.15375E-1 6.30979E-2 9.83309E-2 1.62604E-1 1.70556E-1 9.16183E-2 8.1981E-2 9.7902E-2 1.11427E-1 7.70188E-2 8.31118E-2 1.50671E-1 1.79743E-1 2.0807E-1 2.19663E-1 2.72974E-1 2.86598E-1 2.35264E-1 1.85632E-1 1.80554E-1 1.76704E-1 2.07454E-1 1.71551E-1 2.6837E-1 3.60703E-1 1.93718E-1 2.77839E-1 2.7001E-1 2.82423E-1 2.48164E-1 2.06198E-1 1.5951E-1 -9999 -9999 -9999 -9999 -9999 -9999 -9999 -9999
6.5824E-3 6.21449E-3 5.48062E-3 5.50849E-3 7.22836E-3 1.02871E-2 4.32836E-3 1.89861E-2 3.17299E-2 5.54915E-2 8.07798E-2 9.78788E-2 1.16483E-1 1.27161E-1 1.31917E-1 1.37834E-1 1.42612E-1 1.44525E-1 1.40291E-1 8.83593E-2 9.9822E-2 1.10323E-1 1.62138E-1 1.65079E-1 9.7545E-2 9.41627E-2 1.12711E-1 1.38471E-1 1.6988E-1 1.60655E-1 5.72831E-2 7.42685E-2 1.41661E-1 2.6734E-1 3.0006E-1 3.31903E-1 3.5566E-1 3.40402E-1 2.99302E-1 3.26163E-1 3.50961E-1 3.93536E-1 2.07454E-1 2.33062E-1 3.68787E-1 4.77948E-1 3.71196E-1 3.38951E-1 3.28785E-1 2.78161E-1 2.35216E-1 1.95467E-1 1.82523E-1 -9999 -9999 -9999 -9999 -9999 -9999 -9999
