Phytophthora/models/20240506_1155_30/Phytophthora_PA3_RUN2_MAXENT_outputs/Phytophthora_PA3_RUN2.asc
ncols         225
nrows         269
xllcorner     473009.9838
yllcorner     4429051.1748
cellsize      50.0
NODATA_value  -9999
[rows 104 to 129 of 269, columns 120 to 179 of 225]
3.98374E-1 3.987E-1 -9999 -9999 -9999 -9999 -9999 -9999 -9999 -9999 -9999 -9999 -9999 -9999 -9999 -9999 -9999 -9999 -9999 -9999 -9999 -9999 -9999 -9999 -9999 -9999 -9999 -9999 -9999 -9999 -9999 -9999 -9999 -9999 -9999 2.73274E-1 2.59784E-1 3.12148E-1 3.03265E-1 3.03077E-1 2.91022E-1 2.85957E-1 2.7558E-1 1.5474E-1 1.18601E-1 1.31589E-1 1.42561E-1 1.85152E-1 1.68119E-1 2.89109E-1 2.80396E-1 2.75621E-1 1.52915E-1 1.34836E-1 1.24305E-1 1.09938E-1 5.15668E-2 7.7743E-2 8.37416E-2 2.32908E-2
3.60642E-1 3.53036E-1 3.64621E-1 -9999 -9999 -9999 -9999 -9999 -9999 -9999 -9999 -9999 -9999 -9999 -9999 -9999 -9999 -9999 -9999 -9999 -9999 -9999 -9999 -9999 -9999 -9999 -9999 -9999 -9999 -9999 -9999 -9999 -9999 -9999 2.00721E-1 2.19503E-1 1.78821E-1 2.40069E-1 1.81086E-1 1.61419E-1 1.74267E-1 1.63581E-1 1.39109E-1 1.05111E-1 3.21312E-2 6.29467E-2 9.68885E-2 1.20223E-1 1.23551E-1 2.23171E-1 3.03911E-1 3.12986E-1 1.8456E-1 1.66551E-1 8.34474E-2 6.90854E-2 9.62624E-2 8.40034E-2 5.14678E-2 9.25824E-2
3.36563E-1 3.48877E-1 3.47416E-1 3.46581E-1 -9999 -9999 -9999 -9999 -9999 -9999 -9999 -9999 -9999 -9999 -9999 -9999 -9999 -9999 -9999 -9999 -9999 -9999 -9999 -9999 -9999 -9999 -9999 -9999 -9999 -9999 -9999 -9999 -9999 -9999 2.75991E-1 1.70147E-1 2.90543E-1 1.34991E-1 3.64606E-1 2.94139E-1 2.7955E-1 2.86186E-1 2.89127E-1 2.64203E-1 9.97839E-2 1.47796E-1 1.58996E-1 1.87142E-1 2.74481E-1 1.68901E-1 1.69469E-1 1.40306E-1 1.25998E-1 6.81601E-2 1.11227E-1 1.20522E-1 8.48046E-2 3.45506E-2 9.41149E-2 1.04604E-1
2.39676E-1 2.59274E-1 3.3636E-1 3.5417E-1 3.49686E-1 -9999 -9999 -9999 -9999 -9999 -9999 -9999 -9999 -9999 -9999 -9999 -9999 -9999 -9999 -9999 -9999 -9999 -9999 -9999 -9999 -9999 -9999 -9999 -9999 -9999 -9999 -9999 1.41297E-1 1.90431E-1 3.30628E-1 3.63138E-1 1.27607E-1 3.05911E-1 3.85774E-1 3.49792E-1 2.61939E-1 2.39332E-1 2.21191E-1 2.74633E-1 1.7335E-1 1.63602E-1 1.1851E-1 1.82793E-1 2.50654E-1 2.38453E-1 3.09607E-1 3.43991E-1 2.94995E-1 1.99691E-1 1.56148E-1 8.91548E-2 1.06094E-1 8.94148E-2 9.40907E-2 1.05662E-1
3.67524E-1 1.27568E-1 2.30413E-1 3.40005E-1 3.37085E-1 3.71849E-1 -9999 -9999 -9999 -9999 -9999 -9999 -9999 -9999 -9999 -9999 -9999 -9999 -9999 -9999 -9999 -9999 -9999 -9999 -9999 -9999 -9999 -9999 -9999 -9999 -9999 1.39697E-1 1.65049E-1 1.12276E-1 2.31701E-1 2.70678E-1 3.48277E-1 2.62316E-1 3.08139E-1 3.3399E-1 2.97274E-1 2.84331E-1 2.06225E-1 2.39283E-1 1.833E-1 9.87656E-2 1.01815E-1 1.05574E-1 2.26705E-1 1.96828E-1 2.66368E-1 3.24067E-1 2.42202E-1 1.74383E-1 1.63057E-1 1.26598E-1 1.00221E-1 7.6083E-2 8.19605E-2 8.54537E-2
1.49812E-1 2.98861E-1 1.29207E-1 3.23788E-1 3.17412E-1 4.08862E-1 3.67945E-1 -9999 -9999 -9999 -9999 -9999 -9999 -9999 -9999 -9999 -9999 -9999 -9999 -9999 -9999 -9999 -9999 -9999 -9999 -9999 -9999 -9999 -9999 -9999 -9999 1.52397E-1 8.46637E-2 2.04254E-1 2.76816E-1 3.07113E-1 3.27808E-1 2.15898E-1 1.95068E-1 2.12803E-1 2.65953E-1 2.44074E-1 2.44972E-1 2.09747E-1 1.59384E-1 7.99801E-2 6.39129E-2 6.71609E-2 1.93493E-1 1.44597E-1 2.21603E-1 2.51251E-1 1.90445E-1 1.68902E-1 1.42334E-1 1.06035E-1 7.7972E-2 6.14954E-2 6.38695E-2 6.74788E-2
3.16929E-1 2.63434E-1 1.7565E-1 3.15637E-1 3.0635E-1 3.34833E-1 4.63972E-1 3.16398E-1 -9999 -9999 -9999 -9999 -9999 -9999 -9999 -9999 -9999 -9999 -9999 -9999 -9999 -9999 -9999 -9999 -9999 -9999 -9999 -9999 -9999 -9999 -9999 1.90692E-1 1.20548E-1 2.45756E-1 2.66411E-1 2.99683E-1 2.46171E-1 2.78642E-1 1.77506E-1 1.50164E-1 1.44733E-1 2.13635E-1 1.80021E-1 1.50996E-1 1.36672E-1 2.7549E-2 4.70568E-2 7.37508E-2 1.48964E-1 1.12404E-1 1.90516E-1 2.25078E-1 1.57684E-1 1.38023E-1 1.08761E-1 7.53102E-2 6.04424E-2 4.99487E-2 4.94163E-2 5.03903E-2
2.25236E-1 2.48224E-1 3.01495E-1 3.06302E-1 3.13179E-1 2.16309E-1 3.60735E-1 3.84452E-1 3.93726E-1 -9999 -9999 -9999 -9999 -9999 -9999 -9999 -9999 -9999 -9999 -9999 -9999 -9999 -9999 -9999 -9999 -9999 -9999 -9999 -9999 -9999 1.61873E-1 8.23141E-2 2.11041E-1 2.08908E-1 2.07015E-1 2.46471E-1 2.2972E-1 1.9544E-1 1.42193E-1 1.11967E-1 1.02938E-1 1.02414E-1 1.36705E-1 1.17152E-1 4.95703E-2 7.33937E-2 4.97742E-2 9.74078E-2 1.19629E-1 8.76005E-2 1.61146E-1 1.59683E-1 1.16135E-1 1.17995E-1 7.70897E-2 5.39645E-2 4.70933E-2 4.16687E-2 3.85487E-2 3.81414E-2
2.25398E-1 2.79093E-1 2.70647E-1 1.77585E-1 3.28444E-1 2.94349E-1 4.50715E-1 4.58625E-1 4.56271E-1 -9999 -9999 -9999 -9999 -9999 -9999 -9999 -9999 -9999 -9999 -9999 -9999 -9999 -9999 -9999 -9999 -9999 -9999 -9999 -9999 2.17364E-1 1.80846E-1 1.66612E-1 1.94047E-1 1.86327E-1 1.79951E-1 1.96824E-1 1.98912E-1 1.52839E-1 1.01734E-1 9.3582E-2 8.75802E-2 8.45125E-2 7.71994E-2 1.11955E-1 2.18716E-2 8.77209E-2 5.4337E-2 9.73954E-2 9.11713E-2 6.88653E-2 1.44461E-1 1.23839E-1 1.19558E-1 8.05508E-2 5.00729E-2 4.45871E-2 3.79849E-2 3.5638E-2 3.10118E-2 3.27861E-2
2.66186E-1 2.96481E-1 3.25337E-1 1.95483E-1 3.06519E-1 2.42398E-1 3.80159E-1 5.62737E-1 5.03069E-1 -9999 -9999 -9999 -9999 -9999 -9999 -9999 -9999 -9999 -9999 -9999 -9999 -9999 -9999 -9999 -9999 -9999 -9999 -9999 -9999 1.95439E-1 1.98E-1 1.983E-1 2.09933E-1 1.96792E-1 1.95309E-1 2.25263E-1 2.93529E-1 2.6716E-1 1.45634E-1 1.3932E-1 1.23603E-1 1.12761E-1 9.73402E-2 8.99618E-2 7.39288E-2 7.97277E-2 6.21374E-2 1.0555E-1 6.28907E-2 7.88323E-2 1.45305E-1 1.49477E-1 9.87362E-2 6.22566E-2 5.10281E-2 4.63903E-2 4.11222E-2 3.86192E-2 4.28008E-2 5.56776E-2
2.22963E-1 3.15611E-1 3.24636E-1 3.62879E-1 2.85042E-1 4.42009E-1 4.2855E-1 5.99715E-1 -9999 -9999 -9999 -9999 -9999 -9999 -9999 -9999 -9999 -9999 -9999 -9999 -9999 -9999 -9999 -9999 -9999 -9999 -9999 -9999 -9999 2.42219E-1 2.5963E-1 2.47794E-1 1.8135E-1 2.25525E-1 2.30687E-1 2.39306E-1 2.42023E-1 2.49005E-1 2.41511E-1 2.06644E-1 1.78139E-1 1.60858E-1 1.35035E-1 1.14416E-1 8.01676E-2 6.09144E-2 7.13171E-2 6.93171E-2 4.2117E-2 1.01656E-1 1.47929E-1 1.02187E-1 7.85587E-2 6.46287E-2 5.67595E-2 5.04599E-2 5.02572E-2 5.92412E-2 7.14743E-2 9.30791E-2
9.69799E-2 3.29174E-1 3.32152E-1 2.83461E-1 3.89296E-1 4.82743E-1 4.89217E-1 5.19377E-1 5.18131E-1 -9999 -9999 -9999 -9999 -9999 -9999 -9999 -9999 -9999 -9999 -9999 -9999 -9999 -9999 -9999 -9999 -9999 -9999 -9999 -9999 -9999 3.12628E-1 2.08471E-1 2.68022E-1 2.69693E-1 3.0349E-1 3.17254E-1 3.23717E-1 3.55311E-1 4.02588E-1 3.29957E-1 2.48719E-1 2.06113E-1 1.64069E-1 1.30278E-1 9.42229E-2 3.28281E-2 1.15438E-1 3.86911E-2 7.8337E-2 1.3265E-1 8.81112E-2 8.4611E-2 8.15039E-2 7.16741E-2 6.53513E-2 7.40805E-2 9.06678E-2 1.096E-1 1.1926E-1 1.37195E-1
1.452E-1 1.50248E-1 3.4905E-1 2.06488E-1 4.59699E-1 4.63026E-1 2.16174E-1 4.98462E-1 6.17084E-1 -9999 -9999 -9999 -9999 -9999 -9999 -9999 -9999 -9999 -9999 -9999 -9999 -9999 -9999 -9999 -9999 -9999 -9999 -9999 -9999 -9999 -9999 2.31385E-1 3.14465E-1 3.06052E-1 2.07387E-1 1.88675E-1 4.16544E-1 4.40803E-1 5.12243E-1 5.51637E-1 4.08813E-1 2.98451E-1 2.18324E-1 1.74379E-1 1.39155E-1 1.30782E-1 5.49401E-2 7.50728E-2 2.06956E-1 1.28769E-1 1.1269E-1 1.04252E-1 9.43195E-2 9.84988E-2 1.14065E-1 1.36743E-1 1.63428E-1 1.87071E-1 1.91421E-1 2.12536E-1
3.36972E-1 1.67711E-1 2.68273E-1 6.18218E-1 3.50514E-1 4.28056E-1 3.97162E-1 4.19465E-1 -9999 -9999 -9999 -9999 -9999 -9999 -9999 -9999 -9999 -9999 -9999 -9999 -9999 -9999 -9999 -9999 -9999 2.86021E-1 3.89598E-1 -9999 -9999 -9999 -9999 3.77866E-1 3.67389E-1 3.58717E-1 3.81484E-1 4.41464E-1 4.08584E-1 2.37776E-1 5.31793E-1 5.91063E-1 6.01682E-1 5.28995E-1 3.61092E-1 3.13573E-1 2.92969E-1 4.50236E-2 5.69757E-2 2.62369E-1 1.89022E-1 1.9658E-1 1.89301E-1 1.67902E-1 1.44909E-1 1.55949E-1 2.35486E-1 2.51684E-1 2.61984E-1 2.7105E-1 2.8206E-1 3.28294E-1
2.70738E-1 2.96069E-1 5.16322E-1 4.83295E-1 5.9209E-1 2.8526E-1 4.57454E-1 4.35285E-1 -9999 -9999 -9999 -9999 -9999 -9999 -9999 -9999 -9999 -9999 -9999 -9999 -9999 -9999 -9999 -9999 -9999 9.39702E-2 3.90753E-1 4.68053E-1 -9999 -9999 -9999 3.73703E-1 3.56364E-1 3.47501E-1 3.66844E-1 4.28403E-1 5.0391E-1 5.97014E-1 6.19265E-1 6.45759E-1 6.21776E-1 5.31251E-1 4.4043E-1 2.97555E-1 1.30461E-1 1.10252E-1 1.39491E-1 1.57593E-1 1.73585E-1 2.01956E-1 1.83027E-1 1.50941E-1 1.34146E-1 1.92573E-1 2.78643E-1 2.61062E-1 2.68514E-1 2.8419E-1 3.26297E-1 3.99314E-1
1.81122E-1 2.64401E-1 3.21718E-1 3.40048E-1 5.17092E-1 5.30176E-1 5.51999E-1 -9999 -9999 -9999 -9999 -9999 -9999 -9999 -9999 -9999 -9999 -9999 -9999 -9999 -9999 -9999 -9999 -9999 1.86471E-1 1.87614E-1 3.99167E-1 4.91914E-1 4.53021E-1 3.75339E-1 3.74376E-1 3.99455E-1 3.6917E-1 3.17798E-1 3.31327E-1 3.81395E-1 4.78495E-1 6.11009E-1 6.14378E-1 4.24077E-1 5.77336E-1 5.06927E-1 3.80517E-1 2.22591E-1 1.74973E-1 2.02986E-1 7.32327E-2 1.58954E-1 1.7179E-1 2.16627E-1 1.97925E-1 1.46247E-1 1.28673E-1 2.48646E-1 2.63748E-1 1.98867E-1 2.26384E-1 2.82075E-1 3.86797E-1 4.44832E-1
3.5174E-1 2.33283E-1 2.09902E-1 3.06346E-1 4.16198E-1 4.92938E-1 5.1971E-1 -9999 -9999 -9999 -9999 -9999 -9999 -9999 -9999 -9999 -9999 -9999 -9999 -9999 -9999 -9999 -9999 1.96564E-1 2.65563E-1 2.87107E-1 1.78721E-1 5.22451E-1 4.15848E-1 3.12908E-1 4.0105E-1 4.10212E-1 3.76157E-1 3.15469E-1 2.85011E-1 3.11164E-1 3.61846E-1 4.8866E-1 5.68787E-1 4.59002E-1 4.76312E-1 4.95438E-1 3.72401E-1 3.11128E-1 1.66517E-1 1.23226E-1 1.7805E-1 9.54554E-2 2.00708E-1 2.55962E-1 2.44809E-1 1.48094E-1 1.74347E-1 2.04467E-1 2.02179E-1 2.00012E-1 2.24643E-1 3.29075E-1 4.20674E-1 4.67028E-1
3.72566E-1 2.55425E-1 1.71983E-1 3.02659E-1 3.67928E-1 5.53479E-1 3.33327E-1 -9999 -9999 -9999 -9999 -9999 -9999 -9999 -9999 -9999 -9999 -9999 -9999 -9999 -9999 -9999 -9999 2.90631E-1 3.86315E-1 3.62353E-1 1.8921E-1 4.67725E-1 4.1752E-1 2.90254E-1 4.08417E-1 4.21314E-1 3.91982E-1 3.29828E-1 2.66608E-1 2.59632E-1 3.10874E-1 4.16201E-1 4.79866E-1 5.06236E-1 4.61365E-1 3.88456E-1 3.33536E-1 1.57063E-1 1.27228E-1 1.49598E-1 2.15888E-1 2.03608E-1 2.2363E-1 2.94839E-1 2.66908E-1 1.67945E-1 2.11918E-1 1.92278E-1 1.29321E-1 1.52135E-1 2.14051E-1 3.22009E-1 3.6328E-1 4.07717E-1
3.5353E-1 4.55832E-1 4.48526E-1 4.00795E-1 4.83039E-1 6.10746E-1 6.81527E-1 -9999 -9999 -9999 -9999 -9999 -9999 -9999 -9999 -9999 -9999 -9999 -9999 -9999 -9999 -9999 -9999 4.58573E-1 -9999 2.31667E-1 5.04709E-1 2.72411E-1 4.03619E-1 3.43068E-1 4.36015E-1 3.60608E-1 3.84732E-1 3.35066E-1 3.02386E-1 2.8322E-1 3.34235E-1 3.59423E-1 3.88826E-1 3.49654E-1 3.71791E-1 3.77062E-1 2.54321E-1 3.03055E-1 2.6656E-1 2.49294E-1 2.33206E-1 2.23235E-1 2.39247E-1 1.64567E-1 2.20016E-1 2.27059E-1 1.79726E-1 1.25567E-1 1.11787E-1 1.48261E-1 2.25381E-1 2.68949E-1 2.96172E-1 3.28221E-1
3.92537E-1 4.67451E-1 3.4594E-1 5.6731E-1 6.5682E-1 6.35548E-1 6.49497E-1 6.7742E-1 6.45955E-1 5.19571E-1 5.19273E-1 -9999 -9999 -9999 -9999 -9999 -9999 -9999 -9999 -9999 -9999 -9999 -9999 -9999 -9999 -9999 4.03097E-1 1.797E-1 3.76769E-1 2.96075E-1 4.28817E-1 4.03556E-1 3.72632E-1 3.28702E-1 3.5997E-1 3.40475E-1 3.18225E-1 2.24511E-1 1.7485E-1 2.13477E-1 2.64002E-1 2.69098E-1 2.31694E-1 1.20885E-1 1.57981E-1 1.34601E-1 2.25295E-1 2.25344E-1 2.29463E-1 2.79779E-1 1.14228E-1 1.97465E-1 1.94937E-1 1.07843E-1 1.22027E-1 1.47389E-1 1.77758E-1 2.17633E-1 2.38221E-1 3.10873E-1
3.77842E-1 4.68792E-1 7.17102E-1 5.1765E-1 6.9333E-1 5.71367E-1 5.84899E-1 6.29415E-1 6.6253E-1 6.30841E-1 3.76034E-1 -9999 -9999 -9999 -9999 -9999 -9999 -9999 -9999 -9999 -9999 -9999 -9999 -9999 -9999 -9999 3.35683E-1 3.60394E-1 1.56184E-1 3.74219E-1 4.00475E-1 3.90907E-1 3.46633E-1 3.32753E-1 3.06519E-1 2.54406E-1 1.70104E-1 1.47659E-1 1.47512E-1 1.81741E-1 2.06076E-1 2.32719E-1 2.46483E-1 2.55247E-1 2.74786E-1 2.76144E-1 2.25799E-1 2.02056E-1 1.80055E-1 1.45469E-1 9.21094E-2 1.13447E-1 1.33572E-1 1.17377E-1 1.21257E-1 1.17447E-1 1.79517E-1 1.4091E-1 2.05435E-1 1.6389E-1
3.60422E-1 3.94245E-1 5.61839E-1 6.18333E-1 5.12043E-1 4.86148E-1 5.26574E-1 5.76096E-1 6.08329E-1 5.7013E-1 5.15419E-1 -9999 -9999 -9999 -9999 -9999 -9999 -9999 -9999 -9999 -9999 -9999 -9999 -9999 -9999 -9999 3.46138E-1 3.45315E-1 1.49869E-1 3.48704E-1 3.82373E-1 3.86759E-1 3.46255E-1 3.56687E-1 3.05078E-1 2.7781E-1 1.50185E-1 1.39396E-1 1.57166E-1 2.05871E-1 2.3696E-1 2.45352E-1 2.5346E-1 2.66546E-1 3.02878E-1 2.89007E-1 2.47767E-1 2.0797E-1 1.77883E-1 1.43927E-1 1.10722E-1 4.42818E-2 7.60469E-2 1.17456E-1 1.26613E-1 1.21722E-1 9.17057E-2 1.40349E-1 1.38567E-1 1.62104E-1
3.93151E-1 3.67457E-1 4.00622E-1 4.22376E-1 4.26434E-1 4.37064E-1 4.99405E-1 5.62382E-1 5.79445E-1 3.80274E-1 5.47913E-1 6.22505E-1 -9999 -9999 -9999 -9999 -9999 -9999 -9999 -9999 -9999 -9999 -9999 -9999 -9999 -9999 2.03899E-1 3.17726E-1 2.44433E-1 1.35836E-1 3.4414E-1 3.96262E-1 3.70605E-1 3.45714E-1 3.07727E-1 9.01769E-2 2.13909E-1 1.4167E-1 1.72576E-1 2.28026E-1 2.6406E-1 2.81755E-1 2.96421E-1 2.87593E-1 2.76832E-1 2.78794E-1 2.43144E-1 1.82658E-1 1.55188E-1 1.27274E-1 1.07427E-1 8.23545E-2 6.97795E-2 9.55876E-2 1.08563E-1 1.87475E-1 1.70959E-1 1.08515E-1 1.49132E-1 2.54733E-1
2.52595E-1 3.21447E-1 3.97906E-1 3.80542E-1 3.82591E-1 4.49296E-1 5.09649E-1 5.62493E-1 5.41251E-1 3.30276E-1 6.24223E-1 5.2824E-1 -9999 -9999 -9999 -9999 -9999 -9999 -9999 -9999 -9999 -9999 -9999 -9999 -9999 -9999 2.3676E-1 3.11709E-1 2.84798E-1 3.08939E-1 1.76212E-1 3.67895E-1 3.59202E-1 3.37535E-1 2.94797E-1 2.51119E-1 2.08137E-1 1.63513E-1 1.69597E-1 2.11805E-1 2.43646E-1 1.34024E-1 3.40695E-1 3.33382E-1 2.99958E-1 2.62549E-1 2.39927E-1 1.84095E-1 1.62238E-1 1.38172E-1 7.33776E-2 8.92832E-2 1.01317E-1 1.09056E-1 1.07629E-1 1.43637E-1 2.18524E-1 1.84574E-1 2.70429E-1 3.32058E-1
1.57969E-1 2.96388E-1 3.52098E-1 3.4334E-1 3.4771E-1 4.07542E-1 4.83282E-1 5.57327E-1 5.04338E-1 5.28372E-1 5.88603E-1 6.16544E-1 5.96489E-1 5.51295E-1 -9999 -9999 -9999 -9999 -9999 -9999 -9999 -9999 -9999 -9999 -9999 -9999 3.63221E-1 3.18864E-1 2.80231E-1 2.7888E-1 3.37607E-1 2.97379E-1 3.59269E-1 3.46724E-1 1.49119E-1 2.92003E-1 2.29955E-1 1.74694E-1 1.61663E-1 2.09876E-1 2.68403E-1 1.43129E-1 3.35865E-1 3.37369E-1 3.04863E-1 2.54892E-1 2.25183E-1 1.90042E-1 1.81566E-1 1.95755E-1 1.2063E-1 1.2185E-1 1.26132E-1 1.41997E-1 1.32762E-1 1.98052E-1 1.62979E-1 2.54217E-1 2.49707E-1 2.90954E-1
1.98879E-1 2.46576E-1 2.79367E-1 2.6991E-1 2.93367E-1 4.67127E-1 5.75878E-1 5.87827E-1 3.97368E-1 6.20836E-1 6.3964E-1 6.51316E-1 6.232E-1 5.48335E-1 4.82132E-1 5.02287E-1 -9999 -9999 -9999 -9999 -9999 -9999 -9999 -9999 -9999 -9999 6.55114E-2 2.0532E-1 2.22964E-1 2.59273E-1 3.37974E-1 1.40069E-1 3.62004E-1 3.52817E-1 2.68395E-1 3.57952E-1 2.60099E-1 1.97366E-1 1.98714E-1 2.09999E-1 2.56968E-1 3.06683E-1 3.45245E-1 3.39732E-1 3.21208E-1 2.84895E-1 2.5309E-1 2.05943E-1 1.42336E-1 1.11755E-1 1.68715E-1 2.13309E-1 1.4575E-1 1.64504E-1 1.62552E-1 2.41515E-1 1.20513E-1 2.39837E-1 2.28868E-1 2.62633E-1
