Phytophthora/models/20240429_1812_56/Phytophthora_PA2_RUN5_MAXENT_outputs/Phytophthora_PA2_RUN5.asc
ncols         225
nrows         269
xllcorner     473000.0
yllcorner     4429100.0
cellsize      50.0
NODATA_value  -9999
[rows 189 to 215 of 269, columns 0 to 59 of 225]
-9999 -9999 -9999 -9999 -9999 -9999 -9999 -9999 -9999 -9999 -9999 -9999 -9999 -9999 -9999 -9999 6.37295E-1 8.79621E-1 8.71599E-1 8.26006E-1 4.62409E-1 3.84294E-1 3.56976E-1 3.69953E-1 4.26172E-1 6.56084E-1 6.2781E-1 5.79383E-1 5.39072E-1 5.19154E-1 6.00177E-1 6.20363E-1 6.90726E-1 8.21821E-1 6.86693E-1 4.35189E-1 6.63423E-1 6.65854E-1 6.80323E-1 6.67762E-1 3.29404E-1 2.72267E-1 1.8976E-1 2.02376E-1 3.06522E-1 7.52665E-1 7.69366E-1 7.84057E-1 7.72874E-1 7.88781E-1 7.02154E-1 5.94964E-1 5.5972E-1 5.8839E-1 5.4754E-1 6.01047E-1 6.42819E-1 6.31805E-1 6.57543E-1 6.41618E-1
-9999 -9999 -9999 -9999 -9999 -9999 -9999 -9999 -9999 -9999 -9999 -9999 -9999 -9999 -9999 7.60062E-1 7.70862E-1 8.94557E-1 8.75031E-1 7.98861E-1 4.08452E-1 3.45458E-1 3.23502E-1 3.61366E-1 2.92642E-1 5.52019E-1 5.20777E-1 5.16671E-1 4.99901E-1 4.88406E-1 5.93956E-1 6.49107E-1 7.32529E-1 7.94786E-1 7.71829E-1 7.36497E-1 6.25587E-1 6.06151E-1 6.58083E-1 6.56536E-1 3.34971E-1 1.96066E-1 1.61082E-1 2.04312E-1 3.18905E-1 7.29026E-1 7.10256E-1 7.4576E-1 8.18944E-1 6.99009E-1 5.82184E-1 5.32297E-1 5.62527E-1 5.98316E-1 6.19858E-1 6.83779E-1 6.93601E-1 6.75252E-1 6.59898E-1 6.0054E-1
-9999 -9999 -9999 -9999 -9999 -9999 -9999 -9999 -9999 -9999 -9999 -9999 -9999 -9999 -9999 6.50176E-1 5.3338E-1 7.27776E-1 7.04468E-1 6.11098E-1 3.78162E-1 3.42877E-1 3.47725E-1 3.30064E-1 2.97821E-1 1.96943E-1 1.82994E-1 1.66487E-1 1.55142E-1 2.33485E-1 4.74141E-1 5.43411E-1 6.03791E-1 6.08321E-1 3.39768E-1 6.83518E-1 6.12674E-1 5.59699E-1 6.4174E-1 6.91338E-1 6.70959E-1 5.39063E-1 4.88231E-1 5.4405E-1 5.41798E-1 2.22131E-1 2.31695E-1 1.71504E-1 3.01925E-1 2.79849E-1 4.6035E-1 4.58434E-1 5.41771E-1 5.94387E-1 6.54392E-1 7.57709E-1 6.99284E-1 7.8464E-1 7.41861E-1 6.68145E-1
-9999 -9999 -9999 -9999 -9999 -9999 -9999 -9999 -9999 -9999 -9999 -9999 -9999 -9999 -9999 -9999 7.24269E-1 6.97621E-1 6.06161E-1 5.35706E-1 3.28677E-1 3.27239E-1 3.27091E-1 3.06764E-1 2.56008E-1 1.55275E-1 1.57628E-1 1.45003E-1 1.70231E-1 2.5769E-1 5.0567E-1 5.12008E-1 5.55263E-1 6.07773E-1 4.84868E-1 3.69299E-1 6.54466E-1 6.95462E-1 7.17882E-1 6.65118E-1 5.09073E-1 5.19694E-1 5.1155E-1 5.2833E-1 4.92766E-1 1.77626E-1 1.54983E-1 2.42733E-1 1.35151E-1 1.68791E-1 3.94221E-1 4.33678E-1 5.09426E-1 5.49559E-1 5.62723E-1 7.51986E-1 5.82545E-1 8.1182E-1 7.82857E-1 6.90177E-1
-9999 -9999 -9999 -9999 -9999 -9999 -9999 -9999 -9999 -9999 -9999 -9999 -9999 -9999 -9999 -9999 6.49346E-1 5.95388E-1 5.46597E-1 5.08875E-1 3.64131E-1 3.3925E-1 2.88157E-1 2.62585E-1 2.15221E-1 1.34928E-1 1.56438E-1 1.72688E-1 1.91633E-1 2.95771E-1 5.40394E-1 5.58803E-1 6.02361E-1 6.34621E-1 5.7734E-1 3.22149E-1 7.52454E-1 7.84917E-1 7.49753E-1 5.46052E-1 5.23676E-1 5.83307E-1 6.41248E-1 3.0241E-1 5.57217E-1 2.91909E-1 1.88883E-1 1.44269E-1 1.29191E-1 1.72195E-1 4.54227E-1 4.81575E-1 5.26448E-1 5.53645E-1 6.17806E-1 7.54707E-1 3.92931E-1 7.55033E-1 7.97888E-1 7.16048E-1
-9999 -9999 -9999 -9999 -9999 -9999 -9999 -9999 -9999 -9999 -9999 -9999 -9999 -9999 -9999 -9999 -9999 4.93243E-1 4.75971E-1 4.8873E-1 3.71336E-1 2.91207E-1 2.62112E-1 2.31994E-1 2.01443E-1 1.52108E-1 1.81161E-1 2.15633E-1 2.36675E-1 3.68548E-1 6.35309E-1 6.51771E-1 6.71262E-1 5.15242E-1 4.93738E-1 3.21752E-1 4.21196E-1 7.49454E-1 6.20086E-1 5.81803E-1 6.70179E-1 3.95988E-1 6.01462E-1 4.71417E-1 4.28644E-1 1.75925E-1 1.62887E-1 1.44821E-1 1.49175E-1 2.4181E-1 5.24796E-1 4.83351E-1 4.96708E-1 5.55102E-1 6.66627E-1 7.38627E-1 7.4576E-1 7.34176E-1 7.52506E-1 7.22499E-1
-9999 -9999 -9999 -9999 -9999 -9999 -9999 -9999 -9999 -9999 -9999 -9999 -9999 -9999 -9999 -9999 -9999 -9999 -9999 -9999 -9999 -9999 2.61629E-1 2.41256E-1 2.19776E-1 1.80569E-1 2.10426E-1 2.41639E-1 2.91293E-1 4.52248E-1 6.92227E-1 4.53991E-1 4.26343E-1 4.43775E-1 4.57771E-1 7.55937E-1 7.81821E-1 6.79956E-1 6.15345E-1 6.90955E-1 6.9403E-1 6.58053E-1 4.12952E-1 3.18347E-1 2.49763E-1 1.07578E-1 1.39634E-1 1.56301E-1 1.71441E-1 2.60279E-1 5.03856E-1 5.09694E-1 5.19017E-1 5.92774E-1 6.22384E-1 6.89878E-1 7.18192E-1 7.03835E-1 7.25614E-1 6.66791E-1
-9999 -9999 -9999 -9999 -9999 -9999 -9999 -9999 -9999 -9999 -9999 -9999 -9999 -9999 -9999 -9999 -9999 -9999 -9999 -9999 -9999 -9999 -9999 -9999 4.40492E-1 3.7677E-1 3.99818E-1 4.15256E-1 5.11333E-1 6.81185E-1 6.72403E-1 6.98177E-1 6.76384E-1 5.72486E-1 7.83245E-1 7.1759E-1 7.49902E-1 6.49292E-1 4.8307E-1 6.2084E-1 1.29887E-1 7.27465E-2 5.16075E-2 3.75379E-2 3.37197E-2 1.75644E-1 2.12476E-1 2.96204E-1 3.59811E-1 4.46008E-1 5.32464E-1 5.20271E-1 5.14899E-1 5.91053E-1 5.98409E-1 5.7913E-1 6.15583E-1 6.15763E-1 5.91065E-1 5.8406E-1
-9999 -9999 -9999 -9999 -9999 -9999 -9999 -9999 -9999 -9999 -9999 -9999 -9999 -9999 -9999 -9999 -9999 -9999 -9999 -9999 -9999 -9999 -9999 -9999 -9999 -9999 3.83305E-1 4.10151E-1 4.70496E-1 5.85398E-1 7.03674E-1 7.54126E-1 4.43389E-1 4.45469E-1 7.10839E-1 7.04378E-1 6.32827E-1 5.77757E-1 6.26855E-1 6.5923E-1 6.90829E-2 4.41244E-2 4.16608E-2 3.98179E-2 4.38254E-2 2.29414E-1 2.3544E-1 3.47734E-1 3.76223E-1 4.21727E-1 5.13875E-1 5.15954E-1 4.98831E-1 5.16668E-1 5.49599E-1 5.56768E-1 5.92721E-1 5.81378E-1 5.83161E-1 5.68237E-1
-9999 -9999 -9999 -9999 -9999 -9999 -9999 -9999 -9999 -9999 -9999 -9999 -9999 -9999 -9999 -9999 -9999 -9999 -9999 -9999 -9999 -9999 -9999 -9999 -9999 -9999 -9999 3.58242E-1 4.10055E-1 5.18181E-1 5.75142E-1 6.94127E-1 4.65025E-1 7.46909E-1 6.70937E-1 6.90611E-1 4.82751E-1 6.43423E-1 5.86181E-1 2.83456E-1 6.29086E-2 7.3499E-2 5.4271E-2 4.56506E-2 7.03563E-2 3.30604E-1 3.72637E-1 4.20116E-1 4.24795E-1 4.44619E-1 5.27304E-1 5.07821E-1 4.90938E-1 4.83481E-1 4.85276E-1 5.19516E-1 5.55607E-1 5.44459E-1 5.96553E-1 6.63129E-1
-9999 -9999 -9999 -9999 -9999 -9999 -9999 -9999 -9999 -9999 -9999 -9999 -9999 -9999 -9999 -9999 -9999 -9999 -9999 -9999 -9999 -9999 -9999 -9999 -9999 -9999 -9999 3.89207E-1 4.16238E-1 5.21788E-1 6.20315E-1 6.87726E-1 5.80416E-1 4.70894E-1 6.46079E-1 7.29005E-1 3.38974E-1 4.58469E-1 4.97978E-1 4.71392E-1 1.93095E-2 9.63519E-2 5.84232E-2 5.3817E-2 7.96163E-2 3.37373E-1 4.04822E-1 4.95116E-1 3.94215E-1 3.8122E-1 5.2701E-1 4.93701E-1 4.82262E-1 5.03235E-1 5.02593E-1 4.8281E-1 5.6339E-1 6.96269E-1 6.82435E-1 6.48473E-1
-9999 -9999 -9999 -9999 -9999 -9999 -9999 -9999 -9999 -9999 -9999 -9999 -9999 -9999 -9999 -9999 -9999 -9999 -9999 -9999 -9999 -9999 -9999 -9999 -9999 -9999 -9999 4.50299E-1 4.71121E-1 5.72376E-1 4.96091E-1 6.99213E-1 6.43161E-1 5.20429E-1 6.04154E-1 5.32081E-1 4.26314E-1 3.67405E-1 5.54055E-1 6.07809E-1 1.11662E-1 1.03228E-1 7.14478E-2 5.76949E-2 8.22822E-2 3.94902E-1 5.11235E-1 4.25073E-1 3.88316E-1 4.18456E-1 5.22799E-1 5.00091E-1 5.08127E-1 5.18318E-1 5.40514E-1 4.73178E-1 5.09141E-1 3.77557E-1 4.59194E-1 4.91741E-1
-9999 -9999 -9999 -9999 -9999 -9999 -9999 -9999 -9999 -9999 -9999 -9999 -9999 -9999 -9999 -9999 -9999 -9999 -9999 -9999 -9999 -9999 -9999 -9999 -9999 -9999 5.38494E-1 6.11919E-1 6.4021E-1 6.8907E-1 7.8062E-1 -9999 4.75311E-1 6.97328E-1 6.78931E-1 3.76527E-1 4.22094E-1 3.4344E-1 2.85572E-1 4.34036E-1 2.32382E-1 3.08164E-2 8.72089E-2 7.46382E-2 1.31161E-1 6.30619E-1 6.40848E-1 5.70204E-1 5.2327E-1 5.02678E-1 5.03767E-1 4.66906E-1 4.78946E-1 4.54332E-1 4.06082E-1 1.11526E-1 3.69344E-1 4.11308E-1 4.17835E-1 4.54699E-1
-9999 -9999 -9999 -9999 -9999 -9999 -9999 -9999 -9999 -9999 -9999 -9999 -9999 -9999 -9999 -9999 -9999 -9999 -9999 -9999 -9999 -9999 -9999 -9999 -9999 -9999 5.56359E-1 5.57544E-1 3.76913E-1 -9999 -9999 -9999 5.17906E-1 6.07554E-1 4.63195E-1 2.75548E-1 1.24412E-1 3.22866E-1 5.1035E-1 4.46286E-1 1.34104E-1 1.18134E-1 5.97215E-2 2.47014E-2 1.97039E-1 6.59252E-1 6.32528E-1 5.83133E-1 5.6734E-1 5.77269E-1 5.90063E-1 5.34005E-1 5.61869E-1 3.11487E-1 3.64442E-1 3.6276E-1 3.79305E-1 4.02198E-1 3.92956E-1 4.4731E-1
-9999 -9999 -9999 -9999 -9999 -9999 -9999 -9999 -9999 -9999 -9999 -9999 -9999 -9999 -9999 -9999 -9999 -9999 -9999 -9999 -9999 -9999 -9999 -9999 -9999 -9999 -9999 5.67744E-1 -9999 -9999 -9999 -9999 2.92825E-1 3.72968E-1 4.35583E-1 2.86882E-1 1.345E-1 2.42782E-1 2.19595E-1 1.57081E-1 1.29476E-1 8.26664E-2 9.31538E-2 6.64974E-2 5.23337E-2 6.06553E-1 6.1035E-1 6.62171E-1 6.48155E-1 6.75932E-1 6.29909E-1 6.32408E-1 4.27919E-1 4.8769E-1 3.32928E-1 3.79778E-1 3.97789E-1 4.29296E-1 4.26342E-1 5.91168E-1
-9999 -9999 -9999 -9999 -9999 -9999 -9999 -9999 -9999 -9999 -9999 -9999 -9999 -9999 -9999 -9999 -9999 -9999 -9999 -9999 -9999 -9999 -9999 -9999 -9999 -9999 -9999 -9999 -9999 -9999 -9999 -9999 -9999 3.51302E-1 4.65045E-1 1.63177E-1 2.26711E-1 2.0371E-1 4.40195E-1 3.20238E-1 9.90018E-2 6.64081E-2 7.86379E-2 5.88206E-2 1.12506E-1 5.97401E-1 4.03651E-1 6.50417E-1 7.82994E-1 5.92359E-1 7.38637E-1 5.39736E-1 4.13125E-1 3.74237E-1 3.27251E-1 3.70256E-1 3.81585E-1 4.59576E-1 6.73405E-1 5.30095E-1
-9999 -9999 -9999 -9999 -9999 -9999 -9999 -9999 -9999 -9999 -9999 -9999 -9999 -9999 -9999 -9999 -9999 -9999 -9999 -9999 -9999 -9999 -9999 -9999 -9999 -9999 -9999 -9999 -9999 -9999 -9999 -9999 -9999 -9999 5.00959E-1 1.20839E-1 2.5024E-1 3.76156E-1 2.64498E-1 2.78758E-1 1.22538E-1 7.59002E-2 5.42897E-2 5.88486E-2 1.24732E-1 6.65524E-1 6.76461E-1 8.07447E-1 7.27123E-1 4.10794E-1 6.29786E-1 6.45313E-1 5.00448E-1 4.1188E-1 3.69461E-1 4.30815E-1 4.68819E-1 6.49236E-1 4.21676E-1 7.32047E-1
-9999 -9999 -9999 -9999 -9999 -9999 -9999 -9999 -9999 -9999 -9999 -9999 -9999 -9999 -9999 -9999 -9999 -9999 -9999 -9999 -9999 -9999 -9999 -9999 -9999 -9999 -9999 -9999 -9999 -9999 -9999 -9999 -9999 -9999 4.34885E-1 1.44642E-1 1.45188E-1 2.73141E-1 3.01046E-1 2.7855E-1 3.65487E-1 3.23071E-1 2.37463E-1 2.42992E-1 3.30035E-1 2.16166E-1 6.70963E-1 5.58097E-1 5.32371E-1 2.93824E-1 9.2067E-2 2.68872E-1 1.94431E-1 1.50091E-1 1.15882E-1 1.39424E-1 2.35449E-1 3.18797E-1 2.61629E-1 5.10465E-1
-9999 -9999 -9999 -9999 -9999 -9999 -9999 -9999 -9999 -9999 -9999 -9999 -9999 -9999 -9999 -9999 -9999 -9999 -9999 -9999 -9999 -9999 -9999 -9999 -9999 -9999 -9999 -9999 -9999 -9999 -9999 -9999 -9999 -9999 -9999 1.90691E-1 2.12068E-1 1.56029E-1 2.53776E-1 2.2379E-1 3.02344E-1 2.63533E-1 2.52603E-1 2.58381E-1 3.19691E-1 5.58771E-1 5.16459E-1 7.2851E-1 2.78483E-1 5.58516E-1 2.2549E-1 2.7809E-1 2.21553E-1 2.06985E-1 2.13394E-1 2.16766E-1 2.68831E-1 3.59601E-1 1.28787E-1 5.69657E-1
-9999 -9999 -9999 -9999 -9999 -9999 -9999 -9999 -9999 -9999 -9999 -9999 -9999 -9999 -9999 -9999 -9999 -9999 -9999 -9999 -9999 -9999 -9999 -9999 -9999 -9999 -9999 -9999 -9999 -9999 -9999 -9999 -9999 -9999 -9999 1.26597E-1 1.58578E-1 1.40751E-1 2.21328E-1 1.89896E-1 2.62194E-1 2.43058E-1 2.35549E-1 2.58751E-1 2.6451E-1 4.70221E-1 4.89022E-1 6.54362E-1 3.86982E-1 2.86104E-1 6.86847E-2 2.3439E-1 1.93747E-1 1.41199E-1 1.57503E-1 1.90518E-1 1.56921E-1 1.35257E-1 7.73758E-2 3.84812E-1
-9999 -9999 -9999 -9999 -9999 -9999 -9999 -9999 -9999 -9999 -9999 -9999 -9999 -9999 -9999 -9999 -9999 -9999 -9999 -9999 -9999 -9999 -9999 -9999 -9999 -9999 -9999 -9999 -9999 -9999 -9999 -9999 -9999 -9999 -9999 -9999 1.98523E-1 1.98727E-1 1.94815E-1 2.01626E-1 2.58109E-1 2.32568E-1 2.59161E-1 3.47384E-1 4.70262E-1 3.87124E-1 4.95244E-1 5.68044E-1 7.05129E-1 4.16752E-1 1.49874E-1 2.44312E-1 1.84055E-1 2.00522E-1 2.17593E-1 2.21926E-1 9.99787E-2 2.00984E-1 2.81158E-1 2.17767E-1
-9999 -9999 -9999 -9999 -9999 -9999 -9999 -9999 -9999 -9999 -9999 -9999 -9999 -9999 -9999 -9999 -9999 -9999 -9999 -9999 -9999 -9999 -9999 -9999 -9999 -9999 -9999 -9999 -9999 -9999 -9999 -9999 -9999 -9999 -9999 -9999 2.2164E-1 2.08355E-1 2.1464E-1 1.25873E-1 2.39545E-1 2.19472E-1 2.64488E-1 3.74423E-1 1.59106E-1 4.60002E-1 4.98121E-1 5.00675E-1 7.51587E-1 3.81808E-1 3.03261E-1 2.27704E-1 1.54941E-1 1.6836E-1 1.8314E-1 2.2311E-1 9.85459E-2 2.09505E-1 2.66773E-1 3.70957E-1
-9999 -9999 -9999 -9999 -9999 -9999 -9999 -9999 -9999 -9999 -9999 -9999 -9999 -9999 -9999 -9999 -9999 -9999 -9999 -9999 -9999 -9999 -9999 -9999 -9999 -9999 -9999 -9999 -9999 -9999 -9999 -9999 -9999 -9999 -9999 -9999 3.398E-1 3.10815E-1 2.54595E-1 2.14155E-1 4.32748E-1 3.94455E-1 4.39262E-1 5.62036E-1 3.89313E-1 3.55658E-1 3.57892E-1 5.91922E-1 7.18302E-1 4.09344E-1 5.9266E-1 5.95062E-1 5.18612E-1 5.35707E-1 5.15086E-1 4.36478E-1 3.24544E-1 5.60161E-1 4.51705E-1 5.27497E-1
-9999 -9999 -9999 -9999 -9999 -9999 -9999 -9999 -9999 -9999 -9999 -9999 -9999 -9999 -9999 -9999 -9999 -9999 -9999 -9999 -9999 -9999 -9999 -9999 -9999 -9999 -9999 -9999 -9999 -9999 -9999 -9999 -9999 -9999 -9999 -9999 2.06542E-1 2.32142E-1 2.47926E-1 2.42325E-1 4.76564E-1 4.45837E-1 4.7807E-1 5.15952E-1 5.19051E-1 3.72463E-1 3.46694E-1 4.02093E-1 4.02205E-1 5.18978E-1 5.05041E-1 4.64319E-1 5.07035E-1 5.8319E-1 4.66292E-1 3.48303E-1 4.16879E-1 5.10599E-1 4.58107E-1 5.49812E-1
-9999 -9999 -9999 -9999 -9999 -9999 -9999 -9999 -9999 -9999 -9999 -9999 -9999 -9999 -9999 -9999 -9999 -9999 -9999 -9999 -9999 -9999 -9999 -9999 -9999 -9999 -9999 -9999 -9999 -9999 -9999 -9999 -9999 -9999 -9999 -9999 -9999 2.98697E-1 3.39657E-1 3.63114E-1 5.34727E-1 5.22039E-1 5.18274E-1 5.14897E-1 3.99121E-1 5.02729E-1 4.39376E-1 4.28209E-1 3.53462E-1 3.49159E-1 4.02375E-1 4.3683E-1 4.59463E-1 5.53127E-1 3.11398E-1 4.88934E-1 4.76737E-1 4.56209E-1 4.581E-1 5.17488E-1
-9999 -9999 -9999 -9999 -9999 -9999 -9999 -9999 -9999 -9999 -9999 -9999 -9999 -9999 -9999 -9999 -9999 -9999 -9999 -9999 -9999 -9999 -9999 -9999 -9999 -9999 -9999 -9999 -9999 -9999 -9999 -9999 -9999 -9999 -9999 -9999 -9999 -9999 3.41483E-1 3.92681E-1 4.79564E-1 5.80882E-1 5.30202E-1 5.17608E-1 5.23939E-1 4.98632E-1 4.69665E-1 4.94776E-1 4.3139E-1 3.56262E-1 3.87736E-1 4.93312E-1 5.26747E-1 2.54989E-1 5.00178E-1 4.50434E-1 4.62146E-1 4.13078E-1 4.56616E-1 5.16301E-1
-9999 -9999 -9999 -9999 -9999 -9999 -9999 -9999 -9999 -9999 -9999 -9999 -9999 -9999 -9999 -9999 -9999 -9999 -9999 -9999 -9999 -9999 -9999 -9999 -9999 -9999 -9999 -9999 -9999 -9999 -9999 -9999 -9999 -9999 -9999 -9999 -9999 -9999 -9999 -9999 2.73933E-1 4.04462E-1 6.3851E-1 5.70657E-1 5.94293E-1 7.4826E-1 5.65926E-1 5.32838E-1 4.65231E-1 4.10749E-1 3.65005E-1 4.56593E-1 2.83062E-1 5.54647E-1 4.71072E-1 4.93579E-1 4.24325E-1 3.84165E-1 4.09974E-1 4.67603E-1
