Phytophthora/models/20240429_1812_56/Phytophthora_PA2_RUN5_MAXENT_outputs/Phytophthora_PA2_RUN5.asc
ncols         225
nrows         269
xllcorner     473000.0
yllcorner     4429100.0
cellsize      50.0
NODATA_value  -9999
[rows 108 to 134 of 269, columns 60 to 119 of 225]
1.31569E-1 1.22617E-1 1.3365E-1 2.10179E-1 2.26843E-1 2.77304E-1 3.36371E-1 1.88392E-1 1.65999E-1 1.52636E-1 7.27979E-2 7.91856E-2 5.78081E-2 5.24935E-2 5.14946E-2 8.12581E-2 9.92815E-2 1.1468E-1 1.32911E-1 1.41161E-1 2.22002E-1 1.54107E-1 1.11444E-1 1.07687E-1 1.55209E-1 1.89604E-1 1.12941E-1 1.3041E-1 1.36658E-1 1.34555E-1 1.79133E-1 1.24293E-1 1.18029E-1 1.51727E-1 1.36195E-1 2.36181E-1 2.99929E-1 3.56746E-1 4.10869E-1 4.71845E-1 5.46042E-1 3.10313E-1 5.63375E-1 5.52134E-1 2.45725E-1 2.85742E-1 7.57725E-2 2.16509E-1 3.62233E-1 3.8059E-1 4.10614E-1 4.44404E-1 5.12759E-1 5.41506E-1 5.23102E-1 3.9472E-1 1.4651E-1 4.16901E-1 4.60423E-1 4.94089E-1
1.18767E-1 5.96123E-2 8.24028E-2 1.29925E-1 7.47847E-2 3.17765E-1 3.00715E-1 2.8183E-1 2.38979E-1 1.59189E-1 7.88216E-2 8.23013E-2 6.42185E-2 5.5244E-2 5.66696E-2 8.44279E-2 9.54368E-2 1.09929E-1 1.26071E-1 2.3012E-1 1.8491E-1 1.47196E-1 1.6846E-1 2.1158E-1 2.38799E-1 1.9352E-1 2.07078E-1 1.85447E-1 1.78663E-1 1.87888E-1 2.22726E-1 1.8649E-1 1.99276E-1 1.79633E-1 1.67803E-1 2.18102E-1 2.69766E-1 3.09378E-1 3.77532E-1 4.53028E-1 5.58084E-1 6.05374E-1 3.6482E-1 3.99626E-1 4.12247E-1 2.69842E-1 1.57499E-1 1.58458E-1 2.2654E-1 2.38567E-1 2.59196E-1 2.46621E-1 3.52792E-1 3.95782E-1 5.52114E-1 4.49296E-1 5.2382E-1 4.40542E-1 1.88576E-1 5.61839E-1
1.26678E-1 1.41434E-1 3.74069E-2 8.43011E-2 1.47329E-1 2.22941E-1 2.0527E-1 2.50499E-1 1.07887E-1 2.15024E-1 9.53386E-2 9.63455E-2 7.98243E-2 7.09643E-2 7.58451E-2 1.07837E-1 1.24089E-1 1.14783E-1 5.71274E-2 1.52235E-1 1.69094E-1 2.15428E-1 2.39453E-1 2.56504E-1 2.27661E-1 2.54708E-1 2.42248E-1 2.33084E-1 2.28623E-1 2.24247E-1 2.61546E-1 2.49281E-1 2.38766E-1 2.13781E-1 2.02398E-1 2.42953E-1 3.143E-1 3.79895E-1 4.20356E-1 4.66968E-1 5.01402E-1 5.41458E-1 3.93134E-1 1.89382E-1 3.04239E-1 2.92864E-1 1.26591E-1 3.94047E-1 3.81399E-1 4.11604E-1 4.52907E-1 4.9849E-1 5.47E-1 5.3616E-1 4.15212E-1 2.07117E-1 2.26369E-1 2.24338E-1 4.63265E-1 1.17287E-1
1.34446E-1 1.47575E-1 9.76478E-2 1.10845E-1 1.49196E-1 1.63715E-1 1.47759E-1 1.87055E-1 6.66066E-2 2.74998E-1 2.30497E-1 2.20438E-1 1.72985E-1 1.77629E-1 1.96039E-1 1.41263E-1 1.57074E-1 1.57091E-1 1.18144E-1 1.4622E-1 1.91173E-1 2.37366E-1 2.31449E-1 2.34234E-1 2.28315E-1 2.55938E-1 2.30343E-1 2.25113E-1 2.37544E-1 2.43831E-1 2.75931E-1 2.57304E-1 2.38099E-1 2.10117E-1 1.75619E-1 1.12015E-1 9.95115E-2 1.30879E-1 1.77997E-1 3.10104E-1 4.34337E-1 3.35332E-1 3.10783E-1 4.08865E-1 1.33327E-1 2.5097E-1 2.83228E-1 3.33159E-1 3.2746E-1 3.73563E-1 4.94226E-1 5.28914E-1 5.12552E-1 4.93371E-1 4.73282E-1 3.79503E-1 4.21886E-1 4.56531E-1 4.35554E-1 2.82532E-1
1.68805E-1 1.23176E-1 8.63504E-2 1.5266E-1 1.34141E-1 1.50562E-1 1.52143E-1 1.90362E-1 2.76886E-1 3.12128E-1 2.7983E-1 2.46566E-1 2.10664E-1 2.10457E-1 2.39125E-1 1.81094E-1 1.96339E-1 1.11149E-1 2.14347E-1 2.0441E-1 2.32921E-1 2.54944E-1 2.75285E-1 1.74969E-1 1.34393E-1 1.28053E-1 6.88539E-2 1.34766E-1 1.38382E-1 1.78251E-1 1.16311E-1 1.02604E-1 2.07491E-1 2.58758E-1 1.89826E-1 1.19785E-1 1.27406E-1 1.53431E-1 2.03084E-1 1.44883E-1 1.13594E-1 2.24519E-1 3.75674E-1 4.82933E-1 1.21974E-1 2.08778E-1 3.20595E-1 3.59156E-1 4.20524E-1 4.70195E-1 5.51783E-1 4.72394E-1 5.1202E-1 5.10319E-1 4.49399E-1 3.51296E-1 3.68894E-1 3.97184E-1 4.58709E-1 4.95393E-1
1.67045E-1 6.86613E-2 1.44321E-1 1.36965E-1 1.20316E-1 1.29515E-1 1.66696E-1 2.28193E-1 3.16049E-1 2.10394E-1 2.89498E-1 1.89059E-1 2.42991E-1 2.52114E-1 2.81604E-1 1.3533E-1 9.1245E-2 7.94941E-2 1.85755E-1 2.40725E-1 2.80533E-1 2.85351E-1 1.3389E-1 3.01812E-1 2.73961E-1 2.6501E-1 2.64178E-1 3.05799E-1 2.86748E-1 2.49749E-1 2.21529E-1 2.53052E-1 2.34916E-1 1.89044E-1 2.20868E-1 1.48858E-1 1.70793E-1 2.03776E-1 1.39774E-1 1.52886E-1 1.66079E-1 1.5941E-1 1.7002E-1 1.4368E-1 3.0916E-1 3.59449E-1 3.02934E-1 3.78664E-1 1.90356E-1 3.95385E-1 4.79715E-1 4.36483E-1 4.84599E-1 4.10917E-1 4.47134E-1 3.01368E-1 2.95734E-1 3.37312E-1 4.16302E-1 4.19637E-1
1.17442E-1 1.67663E-1 1.36895E-1 1.24466E-1 1.16838E-1 1.53882E-1 1.81924E-1 2.34642E-1 7.64839E-2 1.82908E-1 2.14328E-1 2.55217E-1 2.15874E-1 2.4593E-1 2.69289E-1 2.28004E-1 2.78988E-1 2.183E-1 1.69084E-1 1.34685E-1 1.28715E-1 1.03621E-1 1.87133E-1 2.5739E-1 1.98253E-1 2.20508E-1 2.97911E-1 3.00689E-1 1.90515E-1 1.40584E-1 1.16333E-1 1.44465E-1 2.55207E-1 2.71314E-1 8.86453E-2 5.62246E-2 5.35464E-2 5.52621E-2 1.61547E-1 2.07297E-1 2.95384E-1 3.28399E-1 3.20872E-1 3.41838E-1 3.59484E-1 2.86205E-1 6.50227E-2 3.84427E-1 3.30516E-1 1.50095E-1 2.20317E-1 4.94367E-1 3.02898E-1 5.58376E-1 4.83023E-1 3.75121E-1 3.75446E-1 4.25936E-1 4.15942E-1 4.75904E-1
6.56578E-2 1.54413E-1 1.26622E-1 1.15123E-1 1.25301E-1 1.79573E-1 1.92751E-1 1.46808E-1 2.0331E-1 1.90954E-1 1.06919E-1 1.99227E-1 1.9359E-1 1.87335E-1 2.2312E-1 2.40688E-1 1.02691E-1 1.69558E-1 1.37337E-1 1.89126E-1 2.70703E-1 2.7912E-1 2.43891E-1 2.22484E-1 1.97973E-1 2.63812E-1 2.66091E-1 1.74336E-1 1.26817E-1 1.10663E-1 9.66419E-2 1.72226E-1 2.2417E-1 2.34985E-1 2.44324E-1 5.94529E-2 1.61055E-1 1.559E-1 1.40587E-1 1.84924E-1 2.60627E-1 2.50446E-1 2.86336E-1 1.55713E-1 3.97449E-1 2.83814E-1 1.53042E-1 3.16863E-1 1.06847E-1 3.08472E-1 3.387E-1 5.06913E-1 3.2749E-1 6.41915E-1 5.76645E-1 4.35978E-1 4.69089E-1 5.27714E-1 5.02277E-1 4.39131E-1
3.7805E-1 2.96471E-1 2.57253E-1 2.93705E-1 3.11377E-1 3.61781E-1 3.29089E-1 1.51683E-1 3.04046E-1 2.76502E-1 3.10111E-1 3.27835E-1 3.57956E-1 3.41483E-1 3.56486E-1 4.4789E-1 4.79043E-1 3.45972E-1 3.83947E-1 3.82504E-1 2.73666E-1 2.51794E-1 2.43194E-1 2.48927E-1 2.94814E-1 2.17853E-1 1.55693E-1 1.54989E-1 1.20145E-1 1.18226E-1 1.4207E-1 1.62365E-1 2.26381E-1 2.65525E-1 3.13222E-1 3.08522E-1 1.53751E-1 1.4915E-1 2.24651E-1 3.95041E-1 4.76142E-1 4.52472E-1 2.59463E-1 4.8976E-1 4.46333E-1 3.39418E-1 2.98245E-1 8.45593E-2 1.58249E-1 9.58928E-2 6.01679E-1 6.53566E-1 6.29314E-1 6.64143E-1 5.23019E-1 3.4813E-1 4.4314E-1 5.23002E-1 4.79307E-1 3.94495E-1
3.32774E-1 3.00073E-1 3.11854E-1 3.49647E-1 3.53131E-1 3.27546E-1 1.47139E-1 3.13816E-1 2.8877E-1 2.55594E-1 3.42295E-1 1.58341E-1 4.29734E-1 4.10618E-1 3.90549E-1 3.80709E-1 4.80518E-1 3.0008E-1 3.07064E-1 3.24106E-1 2.0822E-1 2.21273E-1 2.4744E-1 2.81672E-1 2.49526E-1 1.32454E-1 1.1752E-1 9.81221E-2 9.56351E-2 9.43972E-2 1.27557E-1 1.46734E-1 1.99165E-1 2.16727E-1 2.76466E-1 3.39411E-1 1.50111E-1 3.74938E-1 3.4204E-1 1.47605E-1 2.53152E-1 2.45032E-1 3.71865E-1 4.94371E-1 4.80022E-1 3.30948E-1 3.40422E-1 2.91557E-1 2.96614E-1 3.14284E-1 3.65113E-1 5.95343E-1 6.10935E-1 5.40441E-1 4.7439E-1 3.83324E-1 4.46442E-1 5.34278E-1 2.6869E-1 5.58014E-1
2.88214E-1 2.73908E-1 2.18204E-1 1.74973E-1 1.58589E-1 3.12966E-1 2.98815E-1 2.91711E-1 2.81489E-1 2.68845E-1 3.6732E-1 4.97239E-1 5.30244E-1 2.53252E-1 4.52368E-1 3.14383E-1 3.57964E-1 2.93198E-1 2.99675E-1 2.96832E-1 1.68387E-1 1.8146E-1 2.42114E-1 2.37181E-1 1.4543E-1 1.22957E-1 1.01659E-1 8.79493E-2 7.91274E-2 9.59649E-2 1.32033E-1 1.48521E-1 1.72474E-1 1.86305E-1 2.46379E-1 3.23834E-1 2.38371E-1 3.85894E-1 3.76353E-1 2.71938E-1 4.72254E-1 5.25746E-1 5.0248E-1 4.44405E-1 4.6767E-1 3.03369E-1 2.94594E-1 2.73637E-1 1.60973E-1 3.16651E-1 4.80196E-1 3.74111E-1 5.89634E-1 5.68105E-1 5.53062E-1 4.58826E-1 4.59254E-1 4.92276E-1 5.51977E-1 4.5748E-1
3.55974E-1 4.16562E-1 4.10253E-1 3.56147E-1 1.21032E-1 3.02543E-1 2.63938E-1 2.59984E-1 2.44844E-1 2.42624E-1 3.39013E-1 3.86515E-1 1.40729E-1 5.6805E-1 3.10182E-1 4.81952E-1 3.39265E-1 2.95916E-1 2.80304E-1 2.24661E-1 1.33599E-1 1.31089E-1 1.99993E-1 2.07006E-1 1.31946E-1 1.27579E-1 9.7122E-2 9.39791E-2 1.04991E-1 1.39761E-1 1.64502E-1 1.6298E-1 1.91364E-1 2.18978E-1 2.96514E-1 3.61096E-1 3.70471E-1 1.16092E-1 1.65615E-1 2.85777E-1 4.75689E-1 4.76488E-1 4.74888E-1 4.31791E-1 3.80484E-1 2.65409E-1 2.6444E-1 2.2676E-1 1.606E-1 2.90264E-1 5.11109E-1 5.73497E-1 3.55403E-1 4.8203E-1 6.02711E-1 4.50957E-1 4.71318E-1 4.482E-1 5.07848E-1 5.00428E-1
3.87372E-1 4.6027E-1 3.66533E-1 3.49022E-1 1.34528E-1 3.2489E-1 2.794E-1 2.5282E-1 2.31721E-1 2.73042E-1 3.60052E-1 3.97922E-1 4.14338E-1 2.75467E-1 3.84781E-1 3.83778E-1 4.21556E-1 3.79993E-1 2.86526E-1 2.26048E-1 1.20536E-1 1.16372E-1 2.2033E-1 1.83105E-1 1.74072E-1 1.49556E-1 1.14516E-1 1.24434E-1 1.58739E-1 1.8309E-1 2.00496E-1 1.79535E-1 1.96923E-1 2.34582E-1 3.16452E-1 2.05114E-1 3.686E-1 1.5773E-1 3.72505E-1 4.06687E-1 4.28732E-1 4.43426E-1 4.43953E-1 4.20155E-1 3.64727E-1 2.02847E-1 1.94268E-1 1.96424E-1 1.97763E-1 2.52259E-1 4.79095E-1 5.23808E-1 5.96531E-1 6.20974E-1 4.65615E-1 3.74624E-1 4.95953E-1 4.72219E-1 4.6257E-1 5.33424E-1
1.82282E-1 5.15168E-1 3.50475E-1 3.58885E-1 2.16329E-1 3.58175E-1 2.90219E-1 2.84834E-1 2.61092E-1 3.29191E-1 4.70029E-1 5.18838E-1 5.51178E-1 2.3594E-1 4.48559E-1 4.56633E-1 4.33964E-1 3.3668E-1 2.64667E-1 2.09089E-1 1.59632E-1 2.12212E-1 2.24493E-1 2.41076E-1 2.67432E-1 2.35848E-1 2.06563E-1 2.33498E-1 2.68232E-1 3.08788E-1 3.99082E-1 3.53679E-1 3.18421E-1 3.71039E-1 4.82882E-1 4.37256E-1 4.34633E-1 4.14088E-1 1.67203E-1 4.0266E-1 3.75752E-1 3.88259E-1 4.14002E-1 4.10486E-1 3.45549E-1 2.37335E-1 2.33433E-1 2.43278E-1 2.63062E-1 2.86678E-1 3.27896E-1 3.67483E-1 4.45287E-1 4.85486E-1 5.11211E-1 5.5552E-1 5.08972E-1 4.63573E-1 4.64865E-1 5.33585E-1
5.25205E-1 4.6985E-1 3.48141E-1 4.02736E-1 1.77932E-1 3.88294E-1 2.86024E-1 2.0857E-1 2.10165E-1 2.2368E-1 3.37167E-1 4.67633E-1 5.66932E-1 3.50569E-1 6.04091E-1 4.84656E-1 4.31391E-1 3.29397E-1 2.72906E-1 2.19202E-1 2.24509E-1 2.97777E-1 2.30493E-1 3.24582E-1 3.58131E-1 3.08014E-1 2.71841E-1 2.97954E-1 3.28568E-1 3.47596E-1 4.4254E-1 3.90286E-1 3.41493E-1 3.41674E-1 4.83207E-1 4.59533E-1 5.01246E-1 4.42493E-1 3.97063E-1 3.56741E-1 3.62844E-1 3.53105E-1 3.86402E-1 3.6746E-1 3.33859E-1 2.41598E-1 2.39295E-1 2.65998E-1 3.0045E-1 3.06533E-1 3.42088E-1 3.36741E-1 3.70216E-1 4.15513E-1 4.60114E-1 5.86423E-1 4.94879E-1 3.83385E-1 5.17303E-1 5.38282E-1
4.74985E-1 4.04175E-1 4.16288E-1 4.57508E-1 2.46785E-1 3.74116E-1 2.72942E-1 2.12497E-1 1.77298E-1 1.79939E-1 2.63727E-1 3.19138E-1 4.66592E-1 3.49081E-1 6.16193E-1 4.83422E-1 4.13792E-1 3.4711E-1 3.23299E-1 3.11159E-1 3.05926E-1 3.07985E-1 3.88425E-1 4.44029E-1 3.4661E-1 3.56487E-1 3.46239E-1 3.49741E-1 3.62331E-1 3.68334E-1 3.2422E-1 4.10591E-1 3.63367E-1 3.60878E-1 5.38178E-1 4.84581E-1 2.23459E-1 4.46593E-1 3.34439E-1 3.16117E-1 3.42578E-1 3.21204E-1 3.36349E-1 3.72425E-1 3.80768E-1 2.89714E-1 2.97629E-1 3.19326E-1 3.50463E-1 3.69183E-1 4.08017E-1 3.98559E-1 4.01189E-1 3.96721E-1 4.71277E-1 6.28736E-1 5.09238E-1 4.81426E-1 3.29598E-1 3.85007E-1
4.21749E-1 4.40112E-1 4.86459E-1 1.98796E-1 3.96832E-1 3.35517E-1 2.54612E-1 2.09286E-1 1.9173E-1 2.00816E-1 2.85465E-1 3.33784E-1 3.85638E-1 5.27032E-1 3.84929E-1 4.79008E-1 4.48444E-1 4.40297E-1 4.50318E-1 3.86185E-1 3.29484E-1 3.50624E-1 3.52823E-1 3.22813E-1 3.05033E-1 3.05074E-1 3.96822E-1 3.52323E-1 3.61828E-1 9.67841E-2 3.9579E-1 3.82047E-1 3.66747E-1 4.14398E-1 5.17741E-1 4.04453E-1 1.58858E-1 4.6487E-1 3.3828E-1 2.7699E-1 3.07192E-1 3.02411E-1 3.59601E-1 4.26361E-1 3.39905E-1 3.20339E-1 3.6194E-1 3.722E-1 3.68902E-1 4.11092E-1 4.7007E-1 4.45716E-1 4.43516E-1 4.43609E-1 4.75332E-1 5.86024E-1 6.47205E-1 5.48997E-1 4.05016E-1 5.88231E-1
4.09996E-1 4.65423E-1 5.09499E-1 2.40777E-1 3.78447E-1 2.90233E-1 2.20748E-1 2.01166E-1 1.92321E-1 2.05789E-1 3.04732E-1 3.67162E-1 4.04467E-1 4.21281E-1 1.09408E-1 4.58604E-1 5.8663E-1 5.31221E-1 4.73255E-1 4.03823E-1 2.84171E-1 2.1677E-1 2.25125E-1 2.6873E-1 3.62162E-1 2.65077E-1 4.09922E-1 3.37128E-1 3.44616E-1 1.41675E-1 3.97671E-1 3.40747E-1 3.44191E-1 4.11246E-1 5.08033E-1 3.34542E-1 2.17531E-1 4.69621E-1 3.10222E-1 2.75987E-1 3.23527E-1 3.64508E-1 4.30007E-1 4.70838E-1 4.15025E-1 3.99119E-1 4.64532E-1 4.42255E-1 4.0847E-1 4.42984E-1 4.95615E-1 2.64766E-1 4.69332E-1 4.93311E-1 5.5377E-1 6.4989E-1 5.93573E-1 4.75201E-1 6.36271E-1 6.06742E-1
4.80898E-1 5.58503E-1 5.32312E-1 3.45463E-1 4.60574E-1 3.86861E-1 3.1193E-1 3.40492E-1 3.47846E-1 3.20545E-1 3.44701E-1 4.10355E-1 5.20042E-1 5.26055E-1 4.68013E-1 5.88091E-1 5.60818E-1 4.98575E-1 4.00434E-1 3.02602E-1 2.19719E-1 2.60706E-1 2.79438E-1 3.84918E-1 4.59291E-1 3.21875E-1 5.08589E-1 4.4334E-1 4.35668E-1 1.73984E-1 3.73954E-1 3.13628E-1 2.95595E-1 3.92919E-1 4.50461E-1 2.49209E-1 7.59789E-2 3.74968E-1 2.36785E-1 2.2179E-1 2.79383E-1 3.37375E-1 3.97508E-1 4.44014E-1 4.41027E-1 3.88505E-1 4.48261E-1 4.15563E-1 3.99904E-1 3.70125E-1 4.20109E-1 3.3955E-1 3.331E-1 4.50186E-1 5.17852E-1 3.25833E-1 4.33111E-1 4.66417E-1 4.2947E-1 4.08919E-1
5.22296E-1 5.79733E-1 4.79E-1 5.37849E-1 4.42462E-1 3.98094E-1 3.89274E-1 3.89287E-1 3.96004E-1 3.64096E-1 3.49675E-1 3.90119E-1 4.67288E-1 4.72309E-1 3.03976E-1 5.25379E-1 4.98813E-1 4.13011E-1 2.562E-1 2.2039E-1 2.60259E-1 2.91E-1 3.00148E-1 3.53334E-1 4.73579E-1 5.14735E-1 4.80177E-1 4.25932E-1 4.11688E-1 2.65862E-1 3.92266E-1 3.30522E-1 2.91903E-1 2.37486E-1 2.7745E-1 2.22492E-1 7.99925E-2 3.65073E-1 3.54731E-1 2.29809E-1 3.11022E-1 3.78544E-1 4.27613E-1 5.04044E-1 5.06637E-1 2.74906E-1 2.29712E-1 2.26624E-1 4.56221E-1 4.11082E-1 4.13449E-1 3.75193E-1 2.01931E-1 4.72551E-1 5.20889E-1 4.18551E-1 3.84727E-1 4.02123E-1 3.83187E-1 4.06263E-1
3.37184E-1 3.64022E-1 3.02826E-1 4.53834E-1 4.24772E-1 4.46665E-1 4.47599E-1 4.34519E-1 4.15744E-1 3.94156E-1 3.864E-1 3.7435E-1 4.65348E-1 4.99179E-1 5.6188E-1 4.63189E-1 3.68729E-1 3.15933E-1 2.58778E-1 3.03297E-1 3.28963E-1 3.16842E-1 3.19487E-1 3.76699E-1 3.03325E-1 5.79663E-1 4.74642E-1 3.65819E-1 3.86573E-1 4.03122E-1 3.79408E-1 3.44472E-1 3.06453E-1 2.64047E-1 2.47737E-1 1.83537E-1 2.2412E-1 2.28647E-1 2.77769E-1 3.07527E-1 2.42919E-1 1.79482E-1 3.13092E-1 4.13384E-1 5.14821E-1 4.28018E-1 4.52816E-1 5.09491E-1 2.96463E-1 2.26088E-1 4.44461E-1 5.0622E-1 4.51241E-1 4.47612E-1 4.68657E-1 4.2354E-1 4.04772E-1 4.00594E-1 3.64134E-1 3.57657E-1
3.16813E-1 3.90081E-1 4.2929E-1 4.62562E-1 4.54429E-1 5.11027E-1 2.4494E-1 4.82886E-1 4.62006E-1 4.29164E-1 4.25932E-1 4.13997E-1 4.76777E-1 5.06482E-1 5.03897E-1 4.21536E-1 3.54965E-1 3.48243E-1 3.25285E-1 3.61E-1 3.92223E-1 3.79426E-1 3.4004E-1 3.94096E-1 5.3925E-1 5.48987E-1 4.25931E-1 3.11294E-1 3.56178E-1 3.63289E-1 3.51875E-1 3.43495E-1 3.4865E-1 3.23031E-1 2.52063E-1 1.73214E-1 2.13359E-1 2.89491E-1 2.54361E-1 2.1525E-1 3.62217E-1 3.66234E-1 3.72771E-1 4.83424E-1 4.2555E-1 3.40182E-1 4.28512E-1 4.67719E-1 3.41764E-1 3.70935E-1 4.53703E-1 4.80616E-1 4.37119E-1 4.42552E-1 4.97985E-1 4.68487E-1 1.75811E-1 4.36482E-1 4.19587E-1 4.24834E-1
3.22026E-1 3.97943E-1 4.35596E-1 1.95682E-1 5.07351E-1 5.15452E-1 4.20779E-1 3.90326E-1 4.49018E-1 4.36829E-1 4.07893E-1 4.43264E-1 5.34123E-1 2.44138E-1 5.48957E-1 4.67575E-1 4.31147E-1 4.51028E-1 4.39918E-1 4.41036E-1 4.54021E-1 4.52062E-1 4.058E-1 3.79286E-1 4.85014E-1 4.98854E-1 3.74746E-1 3.39094E-1 3.90378E-1 4.19683E-1 4.20707E-1 4.05641E-1 4.11354E-1 4.37954E-1 3.38224E-1 2.39312E-1 1.81298E-1 1.80516E-1 1.78598E-1 4.05911E-1 3.41443E-1 3.14708E-1 3.22225E-1 4.31396E-1 4.36631E-1 3.48256E-1 4.69421E-1 4.51909E-1 2.87891E-1 3.27668E-1 4.16297E-1 4.95838E-1 4.89282E-1 5.2023E-1 5.8846E-1 4.64845E-1 1.78963E-1 4.2702E-1 4.20627E-1 5.10064E-1
3.1931E-1 3.47845E-1 3.86706E-1 3.33701E-1 4.8978E-1 5.08408E-1 4.13941E-1 2.85421E-1 4.32094E-1 4.26219E-1 4.64688E-1 4.56199E-1 5.29226E-1 5.35759E-1 6.39706E-1 6.73464E-1 6.83816E-1 6.32228E-1 4.91224E-1 4.15824E-1 2.38213E-1 2.45377E-1 5.24107E-1 5.67346E-1 5.59684E-1 4.51228E-1 3.32279E-1 2.97952E-1 3.58192E-1 3.48571E-1 1.99823E-1 1.94819E-1 2.21894E-1 3.01473E-1 2.70121E-1 1.71234E-1 2.73005E-1 3.24034E-1 3.57475E-1 4.1858E-1 2.56812E-1 1.8488E-1 2.08654E-1 3.32507E-1 3.99154E-1 3.28015E-1 4.35116E-1 4.42103E-1 3.20151E-1 2.73474E-1 3.45816E-1 4.33364E-1 3.93876E-1 1.61583E-1 5.06986E-1 5.09617E-1 4.27198E-1 3.91775E-1 2.76186E-1 8.89847E-2
2.91772E-1 3.12355E-1 3.77233E-1 2.13641E-1 4.98086E-1 4.6478E-1 4.50382E-1 4.27436E-1 4.10568E-1 4.39428E-1 5.20308E-1 4.73564E-1 4.94252E-1 5.56943E-1 5.71136E-1 7.15562E-1 3.43989E-1 4.15216E-1 6.88358E-1 6.86051E-1 6.59062E-1 6.32662E-1 4.95186E-1 6.50724E-1 5.92558E-1 4.95431E-1 4.3292E-1 3.78766E-1 4.69355E-1 1.50141E-1 3.62656E-1 3.62744E-1 3.72627E-1 4.08705E-1 4.64046E-1 4.24892E-1 1.51208E-1 3.45197E-1 3.12434E-1 3.76926E-1 3.01773E-1 1.60678E-1 2.16982E-1 3.34542E-1 3.98472E-1 3.27685E-1 2.50795E-1 2.58123E-1 4.64272E-1 3.43961E-1 3.83565E-1 3.49492E-1 2.96228E-1 4.21649E-1 4.75052E-1 5.14673E-1 4.52621E-1 5.16447E-1 3.09512E-1 3.25158E-1
2.59078E-1 2.98611E-1 1.36355E-1 2.78732E-1 4.24648E-1 4.35115E-1 3.83763E-1 4.07286E-1 4.51785E-1 5.02867E-1 5.99441E-1 4.04454E-1 2.18984E-1 3.23605E-1 1.36977E-1 4.26441E-1 6.39115E-1 5.99972E-1 6.55844E-1 6.23985E-1 6.05952E-1 5.87193E-1 6.65998E-1 5.02771E-1 5.8632E-1 2.23844E-1 2.1016E-1 3.83338E-1 2.03835E-1 3.18208E-1 3.18699E-1 2.90228E-1 3.3889E-1 3.06487E-1 3.92852E-1 3.96612E-1 4.6069E-1 1.60828E-1 3.56836E-1 4.24161E-1 3.44612E-1 2.18679E-1 1.92829E-1 3.19279E-1 3.73309E-1 2.92697E-1 3.67935E-1 4.49294E-1 2.23174E-1 2.91337E-1 4.06911E-1 2.73374E-1 4.62425E-1 3.59919E-1 4.19831E-1 4.54714E-1 4.7135E-1 2.63377E-1 4.53453E-1 3.00617E-1
2.57193E-1 3.03964E-1 5.12768E-1 4.49201E-1 2.10902E-1 4.66748E-1 4.21084E-1 4.85675E-1 4.60417E-1 2.79724E-1 5.75637E-1 5.97702E-1 5.55155E-1 6.12011E-1 3.30241E-1 6.97408E-1 6.69015E-1 6.36536E-1 6.11868E-1 5.9019E-1 5.2838E-1 4.03846E-1 6.12729E-1 6.19053E-1 4.9001E-1 4.52311E-1 4.43877E-1 4.78871E-1 1.82175E-1 3.27311E-1 3.18494E-1 2.5357E-1 2.86554E-1 2.93707E-1 3.27296E-1 3.58571E-1 4.40845E-1 2.72617E-1 2.39374E-1 4.29729E-1 3.70808E-1 3.39395E-1 2.29907E-1 2.92928E-1 3.41395E-1 2.6481E-1 3.09038E-1 4.35034E-1 4.62247E-1 4.20963E-1 4.40353E-1 4.43898E-1 3.61209E-1 3.71881E-1 3.98463E-1 3.68754E-1 3.22645E-1 4.48281E-1 2.99944E-1 2.19441E-1
