Phytophthora/models/20240429_1812_56/Phytophthora_PA2_RUN5_MAXENT_outputs/Phytophthora_PA2_RUN5.asc
ncols         225
nrows         269
xllcorner     473000.0
yllcorner     4429100.0
cellsize      50.0
NODATA_value  -9999
[rows 135 to 161 of 269, columns 120 to 179 of 225]
1.48737E-1 1.53463E-1 1.9983E-1 2.10008E-1 2.84915E-1 5.09678E-1 5.53335E-1 5.8657E-1 3.52524E-1 5.75314E-1 6.80272E-1 6.26205E-1 6.19585E-1 6.29258E-1 6.19356E-1 -9999 -9999 -9999 -9999 -9999 -9999 -9999 -9999 -9999 -9999 -9999 -9999 -9999 -9999 -9999 -9999 -9999 -9999 -9999 1.96311E-1 3.2371E-1 3.6986E-1 2.43887E-1 2.39335E-1 2.68004E-1 2.8522E-1 1.44945E-1 2.9457E-1 3.00001E-1 2.9178E-1 2.0113E-1 1.74045E-1 9.13396E-2 1.06966E-1 1.21339E-1 1.5781E-1 1.85486E-1 1.9952E-1 1.66423E-1 2.64195E-1 3.40858E-1 2.76114E-1 4.14948E-1 4.10461E-1 3.87413E-1
3.0469E-1 3.59431E-1 3.84058E-1 3.91627E-1 4.07604E-1 4.01031E-1 3.8592E-1 4.96558E-1 4.52739E-1 4.6809E-1 3.92784E-1 3.44236E-1 3.82379E-1 3.81755E-1 -9999 -9999 -9999 -9999 -9999 -9999 -9999 -9999 -9999 -9999 -9999 -9999 -9999 -9999 -9999 -9999 -9999 -9999 -9999 -9999 1.84415E-1 4.89852E-1 4.00757E-1 3.44516E-1 3.90057E-1 4.07526E-1 2.22705E-1 3.94694E-1 3.32653E-1 3.3993E-1 3.8638E-1 3.43807E-1 2.95257E-1 2.2981E-1 2.28373E-1 2.48332E-1 2.46318E-1 2.61053E-1 3.41523E-1 2.48277E-1 4.04635E-1 2.8273E-1 3.19712E-1 1.63672E-1 1.90048E-1 2.91502E-1
3.22141E-1 3.41053E-1 3.41031E-1 4.25987E-1 2.84677E-1 3.37043E-1 3.84976E-1 4.64512E-1 5.05174E-1 5.2642E-1 -9999 -9999 -9999 -9999 -9999 -9999 -9999 -9999 -9999 -9999 -9999 -9999 -9999 -9999 -9999 -9999 -9999 -9999 -9999 -9999 -9999 -9999 -9999 -9999 2.28466E-1 4.25801E-1 2.91727E-1 3.32812E-1 4.92166E-1 4.946E-1 3.74609E-1 3.89313E-1 3.09864E-1 3.04868E-1 3.4812E-1 3.14814E-1 2.97384E-1 2.69286E-1 2.56047E-1 2.72949E-1 2.7025E-1 2.81997E-1 3.44477E-1 2.46235E-1 3.68422E-1 2.3722E-1 2.36386E-1 2.83432E-1 2.09679E-1 1.37325E-1
3.02483E-1 3.35601E-1 3.92814E-1 1.40864E-1 1.78977E-1 4.00247E-1 3.64217E-1 4.22267E-1 3.13955E-1 4.74984E-1 -9999 -9999 -9999 -9999 -9999 -9999 -9999 -9999 -9999 -9999 -9999 -9999 -9999 -9999 -9999 -9999 -9999 -9999 -9999 -9999 -9999 -9999 -9999 -9999 -9999 4.11505E-1 3.55809E-1 3.64188E-1 4.57262E-1 5.32336E-1 2.65481E-1 4.47288E-1 3.37303E-1 2.93594E-1 3.33598E-1 2.81316E-1 2.95372E-1 2.65901E-1 2.82585E-1 3.13533E-1 3.17203E-1 2.93595E-1 2.95639E-1 2.28198E-1 3.8509E-1 1.85767E-1 2.10745E-1 2.42238E-1 3.01325E-1 2.32074E-1
3.1159E-1 3.2693E-1 3.83489E-1 4.29051E-1 4.47931E-1 2.79047E-1 3.6733E-1 4.15529E-1 2.45581E-1 4.58069E-1 5.52029E-1 -9999 -9999 -9999 -9999 -9999 -9999 -9999 -9999 -9999 -9999 -9999 -9999 -9999 -9999 -9999 -9999 -9999 -9999 -9999 -9999 -9999 -9999 -9999 -9999 4.39633E-1 4.72436E-1 4.35734E-1 4.35382E-1 5.19251E-1 2.66253E-1 5.14206E-1 4.57342E-1 3.48002E-1 3.52665E-1 2.9563E-1 3.00997E-1 2.79567E-1 3.06701E-1 3.40214E-1 1.56204E-1 1.48891E-1 1.96878E-1 3.41969E-1 3.85968E-1 1.60867E-1 2.2613E-1 2.84251E-1 2.44618E-1 1.29689E-1
3.33747E-1 3.79341E-1 1.84984E-1 4.04941E-1 2.19788E-1 4.17962E-1 3.52441E-1 4.17641E-1 3.78829E-1 4.52462E-1 -9999 -9999 -9999 -9999 -9999 -9999 -9999 -9999 -9999 -9999 -9999 -9999 -9999 -9999 -9999 -9999 -9999 -9999 -9999 -9999 -9999 -9999 -9999 -9999 -9999 2.58365E-1 3.93983E-1 3.72509E-1 4.04562E-1 4.75129E-1 2.51826E-1 5.18715E-1 4.61361E-1 4.12175E-1 3.58846E-1 3.01948E-1 2.88185E-1 2.87753E-1 3.27255E-1 3.65448E-1 9.68129E-2 2.70958E-1 2.99079E-1 3.02954E-1 2.7306E-1 1.70244E-1 2.14646E-1 2.44149E-1 2.93004E-1 2.64795E-1
4.60569E-1 3.04738E-1 4.77222E-1 4.70226E-1 4.13381E-1 3.37839E-1 3.34717E-1 1.73638E-1 3.70331E-1 1.58929E-1 -9999 -9999 -9999 -9999 -9999 -9999 -9999 -9999 -9999 -9999 -9999 -9999 -9999 -9999 -9999 -9999 -9999 -9999 -9999 -9999 -9999 -9999 -9999 -9999 -9999 -9999 3.63768E-1 4.1677E-1 2.93416E-1 1.8501E-1 4.30576E-1 4.10173E-1 3.69178E-1 3.29864E-1 2.98201E-1 2.96073E-1 2.8676E-1 2.9793E-1 3.40012E-1 3.55118E-1 9.49007E-2 2.43158E-1 2.1996E-1 1.99184E-1 1.80501E-1 1.35144E-1 1.96988E-1 2.88958E-1 4.00653E-1 4.07197E-1
2.57777E-1 5.00146E-1 4.52616E-1 2.20344E-1 4.6401E-1 3.20936E-1 3.54669E-1 1.63699E-1 1.19723E-1 -9999 -9999 -9999 -9999 -9999 -9999 -9999 -9999 -9999 -9999 -9999 -9999 -9999 -9999 -9999 -9999 -9999 -9999 -9999 -9999 -9999 -9999 -9999 -9999 -9999 -9999 -9999 2.46678E-1 1.40946E-1 4.46352E-1 4.16058E-1 3.45847E-1 3.69384E-1 3.34975E-1 3.05552E-1 2.80885E-1 2.95972E-1 2.77544E-1 2.86016E-1 3.3568E-1 3.48603E-1 1.42165E-1 2.64795E-1 2.24708E-1 1.87258E-1 1.7911E-1 1.46198E-1 2.11698E-1 2.56705E-1 3.16553E-1 3.90691E-1
2.25371E-1 4.48251E-1 4.38815E-1 1.92166E-1 4.18734E-1 3.37036E-1 3.74953E-1 1.78082E-1 -9999 -9999 -9999 -9999 -9999 -9999 -9999 -9999 -9999 1.90853E-1 2.08424E-1 2.31263E-1 4.15685E-1 3.65742E-1 2.07538E-1 2.61463E-1 3.01206E-1 3.66572E-1 -9999 -9999 -9999 -9999 -9999 -9999 -9999 -9999 -9999 -9999 2.12761E-1 4.30331E-1 4.0843E-1 3.62741E-1 2.77811E-1 3.24156E-1 2.96147E-1 2.70973E-1 2.5595E-1 2.91703E-1 2.57125E-1 2.60877E-1 3.06541E-1 3.60543E-1 2.40535E-1 2.2147E-1 2.77012E-1 2.31132E-1 2.166E-1 7.73818E-2 2.26673E-1 2.82074E-1 3.29696E-1 3.74119E-1
4.5705E-1 4.75792E-1 3.65958E-1 4.42508E-1 1.87936E-1 1.00321E-1 -9999 -9999 -9999 -9999 -9999 -9999 -9999 -9999 -9999 -9999 2.14108E-1 1.98522E-1 2.22335E-1 2.52467E-1 3.92247E-1 2.43185E-1 2.81E-1 2.91475E-1 3.20869E-1 3.89325E-1 -9999 -9999 -9999 -9999 -9999 -9999 -9999 -9999 -9999 -9999 1.72435E-1 3.87738E-1 3.58983E-1 3.11783E-1 2.21571E-1 2.21989E-1 2.46362E-1 2.36883E-1 2.40733E-1 2.85329E-1 2.29764E-1 2.39042E-1 2.78783E-1 3.25414E-1 3.56786E-1 2.12254E-1 1.1245E-1 3.0052E-1 1.10095E-1 3.1343E-1 2.5627E-1 2.22042E-1 2.71137E-1 3.32851E-1
2.93092E-1 2.54813E-1 3.10544E-1 5.08752E-1 4.33276E-1 -9999 -9999 -9999 -9999 -9999 -9999 -9999 -9999 -9999 -9999 -9999 -9999 2.22779E-1 2.35716E-1 2.6238E-1 3.41688E-1 1.59754E-1 3.37374E-1 3.59874E-1 3.60028E-1 4.12986E-1 -9999 -9999 -9999 -9999 -9999 -9999 -9999 -9999 -9999 -9999 1.16665E-1 3.68063E-1 3.38394E-1 2.93633E-1 2.05347E-1 1.77164E-1 1.6158E-1 1.70019E-1 2.2647E-1 2.83964E-1 2.22078E-1 2.18977E-1 2.56863E-1 2.6591E-1 3.2432E-1 3.74041E-1 2.62146E-1 1.44956E-1 4.4175E-1 3.89194E-1 2.92299E-1 2.43924E-1 2.44205E-1 2.90539E-1
2.64428E-1 4.21646E-1 4.46398E-1 -9999 -9999 -9999 -9999 -9999 -9999 -9999 -9999 -9999 -9999 -9999 -9999 -9999 -9999 2.71665E-1 2.89264E-1 3.12285E-1 3.35002E-1 2.95116E-1 -9999 -9999 -9999 -9999 -9999 -9999 -9999 -9999 -9999 -9999 -9999 -9999 -9999 -9999 6.15766E-1 7.08178E-1 6.90783E-1 5.23693E-1 2.55082E-1 2.15445E-1 1.9842E-1 1.72017E-1 1.29593E-1 2.77811E-1 1.80228E-1 1.95208E-1 2.46719E-1 2.42799E-1 3.08656E-1 3.57053E-1 4.34292E-1 1.70858E-1 3.76187E-1 2.72189E-1 2.11324E-1 1.67353E-1 1.5086E-1 2.03316E-1
2.81841E-1 3.66927E-1 3.67514E-1 -9999 -9999 -9999 -9999 -9999 -9999 -9999 -9999 -9999 -9999 -9999 -9999 -9999 -9999 3.39021E-1 3.57008E-1 3.63405E-1 4.58178E-1 3.40971E-1 -9999 -9999 -9999 -9999 -9999 -9999 -9999 -9999 -9999 -9999 -9999 -9999 -9999 -9999 -9999 5.28236E-1 7.95723E-1 6.28536E-1 3.34227E-1 2.97913E-1 2.34127E-1 2.06483E-1 7.68796E-2 2.68154E-1 1.53967E-1 2.19823E-1 1.85785E-1 1.521E-1 7.32873E-2 2.29672E-1 1.9283E-1 2.23894E-1 6.78547E-2 2.14431E-1 1.90663E-1 1.49758E-1 1.13732E-1 1.33156E-1
1.64713E-1 3.17964E-1 2.9036E-1 3.53231E-1 -9999 -9999 -9999 -9999 -9999 -9999 -9999 -9999 -9999 -9999 -9999 -9999 3.62015E-1 3.94569E-1 4.22123E-1 4.25707E-1 5.29546E-1 4.66745E-1 4.8337E-1 5.37981E-1 -9999 -9999 -9999 -9999 -9999 -9999 -9999 -9999 -9999 -9999 -9999 -9999 -9999 5.69418E-1 8.01095E-1 6.85138E-1 4.12895E-1 2.15523E-1 1.79649E-1 2.88315E-1 1.35028E-1 2.7479E-1 1.91461E-1 1.40728E-1 2.1765E-1 1.32709E-1 1.16246E-1 1.52799E-1 1.48152E-1 1.96077E-1 1.24975E-1 1.22569E-1 1.84462E-1 1.56442E-1 1.29017E-1 1.6395E-1
1.06353E-1 3.59092E-1 2.94555E-1 3.78741E-1 2.17546E-1 -9999 -9999 -9999 -9999 -9999 -9999 -9999 -9999 -9999 -9999 4.93957E-1 4.35651E-1 4.63E-1 4.94697E-1 4.91412E-1 5.57813E-1 5.92799E-1 5.98532E-1 -9999 -9999 -9999 -9999 6.15586E-1 6.09491E-1 4.3592E-1 -9999 -9999 -9999 -9999 -9999 -9999 -9999 7.29459E-1 4.48192E-1 6.01766E-1 4.06611E-1 3.96916E-1 3.61116E-1 3.33941E-1 2.24802E-1 2.82001E-1 2.73377E-1 2.83784E-1 1.6984E-1 1.33055E-1 1.37879E-1 1.78567E-1 2.44932E-1 2.76052E-1 1.7397E-1 1.41902E-1 2.26878E-1 2.04756E-1 1.63715E-1 1.80689E-1
1.15199E-1 3.63763E-1 2.87319E-1 3.64465E-1 2.26602E-1 3.78578E-1 3.88644E-1 4.55925E-1 4.01837E-1 -9999 3.04845E-1 2.50813E-1 2.5422E-1 1.05012E-1 2.66732E-1 2.81378E-1 2.82114E-1 4.99924E-1 6.06546E-1 6.13096E-1 6.44999E-1 3.61978E-1 6.59516E-1 -9999 -9999 -9999 3.40207E-1 4.18331E-1 5.86001E-1 6.55195E-1 7.37675E-1 7.02584E-1 6.91305E-1 -9999 -9999 -9999 6.85606E-1 4.88262E-1 6.74606E-1 3.25596E-1 3.70875E-1 3.33087E-1 3.06223E-1 2.94047E-1 3.23299E-1 3.24709E-1 2.18207E-1 1.23478E-1 1.85987E-1 1.8289E-1 2.09808E-1 2.52452E-1 2.74503E-1 3.06924E-1 2.31016E-1 1.36092E-1 2.50499E-1 2.03428E-1 1.77403E-1 1.87972E-1
4.34937E-1 3.40371E-1 4.79528E-1 4.76016E-1 4.36791E-1 3.65498E-1 3.2816E-1 3.37547E-1 4.15655E-1 4.07342E-1 6.16808E-1 3.70795E-1 3.12031E-1 3.73495E-1 4.40095E-1 3.82282E-1 4.38493E-1 5.03409E-1 3.84126E-1 4.27951E-1 2.37695E-1 5.44573E-1 5.37559E-1 5.51172E-1 5.932E-1 5.83719E-1 6.35452E-1 6.55446E-1 6.27433E-1 6.14239E-1 6.27392E-1 6.41657E-1 5.99635E-1 5.53491E-1 4.99592E-1 3.99664E-1 2.19983E-1 3.71397E-1 3.74536E-1 4.26364E-1 1.42387E-1 4.50329E-1 4.31977E-1 4.15573E-1 3.74837E-1 1.89617E-1 1.2559E-1 2.17094E-1 1.52874E-1 1.81288E-1 1.67285E-1 1.91535E-1 2.27442E-1 2.41596E-1 2.26508E-1 1.30832E-1 2.34122E-1 1.7202E-1 1.61545E-1 2.11628E-1
5.37573E-1 4.06448E-1 3.38357E-1 4.45982E-1 4.68175E-1 3.50403E-1 3.09377E-1 3.29772E-1 4.39944E-1 4.80466E-1 4.98981E-1 5.52995E-1 4.89328E-1 3.78746E-1 3.44818E-1 3.34284E-1 3.7152E-1 4.05096E-1 4.65774E-1 5.2178E-1 5.39362E-1 3.43617E-1 5.65634E-1 3.73195E-1 5.87125E-1 5.70494E-1 5.88269E-1 6.31023E-1 6.25721E-1 5.69943E-1 6.45643E-1 6.1541E-1 6.09685E-1 6.42022E-1 5.50859E-1 3.33336E-1 2.66875E-1 3.34926E-1 3.24682E-1 3.67261E-1 3.97929E-1 3.19387E-1 4.20159E-1 3.55979E-1 3.02964E-1 1.88797E-1 1.88875E-1 1.31946E-1 1.55263E-1 1.89138E-1 1.75306E-1 1.94936E-1 2.35947E-1 1.85006E-1 2.09805E-1 8.6077E-2 2.55831E-1 1.81247E-1 2.50832E-1 2.25851E-1
4.98659E-1 5.40083E-1 4.8134E-1 2.26718E-1 4.78301E-1 3.62681E-1 3.21825E-1 3.57557E-1 4.20542E-1 4.78592E-1 2.57315E-1 4.48042E-1 3.75452E-1 3.16696E-1 3.13221E-1 2.97509E-1 3.37682E-1 3.74718E-1 4.27079E-1 4.54192E-1 4.73081E-1 3.18942E-1 5.48746E-1 2.34003E-1 3.38893E-1 3.12985E-1 3.81668E-1 6.18649E-1 5.76929E-1 5.23286E-1 6.155E-1 5.72764E-1 6.22016E-1 6.49271E-1 5.69133E-1 3.19564E-1 2.05226E-1 3.25834E-1 2.95186E-1 3.39599E-1 3.59806E-1 3.79625E-1 4.29505E-1 3.76118E-1 3.0723E-1 2.70123E-1 2.9798E-1 1.51784E-1 1.72275E-1 1.93751E-1 1.74134E-1 2.09455E-1 2.41415E-1 1.39283E-1 2.09063E-1 1.05939E-1 2.97084E-1 2.17184E-1 2.66275E-1 1.71846E-1
5.51451E-1 3.59563E-1 3.5836E-1 4.79239E-1 5.3783E-1 4.1921E-1 3.86276E-1 3.85905E-1 4.33923E-1 4.95676E-1 3.49599E-1 4.4766E-1 3.87575E-1 3.32974E-1 2.95472E-1 2.5607E-1 2.78155E-1 3.0859E-1 3.52327E-1 3.80936E-1 4.11321E-1 3.35534E-1 4.24241E-1 2.44773E-1 2.90698E-1 6.44743E-1 6.3452E-1 6.08787E-1 5.81673E-1 5.07357E-1 6.08883E-1 6.15202E-1 6.47782E-1 6.54616E-1 5.56969E-1 3.63743E-1 3.60731E-1 2.96182E-1 2.65878E-1 3.0142E-1 3.33397E-1 3.9591E-1 3.38862E-1 3.85897E-1 3.36009E-1 2.67316E-1 2.04526E-1 1.83625E-1 1.81591E-1 1.93322E-1 1.76901E-1 2.0406E-1 2.28062E-1 2.35112E-1 1.91734E-1 1.82376E-1 3.06522E-1 3.11252E-1 2.78137E-1 1.60808E-1
6.12854E-1 6.28127E-1 3.6304E-1 5.90912E-1 2.64365E-1 4.73648E-1 3.9147E-1 3.70772E-1 4.38792E-1 2.78863E-1 2.36599E-1 4.48866E-1 3.87575E-1 3.5219E-1 2.99949E-1 2.06876E-1 2.20929E-1 2.3664E-1 2.80962E-1 3.17513E-1 3.60984E-1 3.64336E-1 4.29255E-1 3.90433E-1 4.39829E-1 5.0151E-1 4.46197E-1 4.71912E-1 2.82166E-1 5.21264E-1 6.21422E-1 6.42995E-1 6.6866E-1 6.75878E-1 5.58775E-1 3.59486E-1 3.41067E-1 3.31938E-1 2.71714E-1 2.45523E-1 2.87355E-1 3.64796E-1 1.57701E-1 4.05216E-1 3.40336E-1 2.41512E-1 2.27419E-1 1.93674E-1 1.7235E-1 1.78477E-1 1.66937E-1 1.902E-1 2.1672E-1 2.35569E-1 1.16505E-1 1.41074E-1 2.61358E-1 3.10311E-1 2.76972E-1 1.69449E-1
4.76522E-1 4.72516E-1 3.25466E-1 4.43052E-1 4.22287E-1 1.53737E-1 3.42992E-1 3.10143E-1 3.91078E-1 2.92936E-1 3.99176E-1 3.74095E-1 3.31267E-1 2.87012E-1 2.45906E-1 2.06899E-1 2.17033E-1 2.46591E-1 2.62838E-1 3.20273E-1 3.73185E-1 1.77053E-1 4.51136E-1 3.89204E-1 4.05937E-1 2.32783E-1 1.81894E-1 1.61588E-1 1.09978E-1 2.82202E-1 4.04271E-1 4.14377E-1 4.37351E-1 4.58874E-1 4.37525E-1 3.63487E-1 3.45563E-1 3.24122E-1 2.69535E-1 2.41102E-1 3.22213E-1 3.99677E-1 2.92471E-1 4.77668E-1 4.19387E-1 6.29334E-2 1.59996E-1 1.40206E-1 1.15088E-1 1.25036E-1 1.76734E-1 2.05544E-1 2.39679E-1 2.51627E-1 7.62621E-2 2.59999E-1 3.28173E-1 3.7223E-1 3.46253E-1 2.12984E-1
4.14813E-1 2.30768E-1 2.25884E-1 4.61974E-1 3.91677E-1 3.9267E-1 3.33949E-1 3.38747E-1 4.10536E-1 3.05099E-1 3.70671E-1 3.30942E-1 3.0389E-1 2.80496E-1 2.43201E-1 1.97323E-1 2.21364E-1 2.689E-1 3.0652E-1 3.35031E-1 3.9048E-1 2.11197E-1 4.45093E-1 3.9768E-1 3.73365E-1 1.96044E-1 1.86272E-1 1.87498E-1 7.72587E-2 3.11001E-1 4.24462E-1 4.13535E-1 4.53023E-1 4.67009E-1 3.35851E-1 2.32396E-1 1.42837E-1 3.19427E-1 2.79172E-1 2.68083E-1 3.40098E-1 4.1363E-1 4.80893E-1 4.91871E-1 4.14604E-1 1.66286E-1 9.5608E-2 1.50014E-1 1.15965E-1 1.13059E-1 1.64217E-1 2.08069E-1 2.22919E-1 2.27822E-1 7.0195E-2 2.30044E-1 2.82582E-1 3.96623E-1 1.9609E-1 1.87408E-1
5.55117E-1 5.90326E-1 3.6832E-1 4.55287E-1 3.7112E-1 3.3153E-1 2.882E-1 3.32769E-1 4.34844E-1 1.60018E-1 3.99777E-1 3.55096E-1 3.10856E-1 2.90983E-1 2.74798E-1 2.4986E-1 2.74165E-1 3.20082E-1 3.69102E-1 3.76004E-1 4.07524E-1 1.82766E-1 4.62993E-1 4.36171E-1 4.77473E-1 2.60572E-1 2.36811E-1 2.48893E-1 3.45393E-1 2.37201E-1 3.62196E-1 4.1913E-1 4.37151E-1 5.01139E-1 5.00382E-1 3.88441E-1 3.37522E-1 2.76179E-1 2.42509E-1 2.62926E-1 3.49996E-1 4.1655E-1 4.89066E-1 2.49363E-1 4.20059E-1 1.84249E-1 3.72551E-2 1.47595E-1 1.16253E-1 1.06501E-1 1.96959E-1 2.5142E-1 2.22082E-1 2.28992E-1 1.35304E-1 2.68393E-1 2.43692E-1 4.08207E-1 3.13298E-1 2.09222E-1
5.47747E-1 5.35617E-1 3.1744E-1 3.63801E-1 2.87791E-1 2.4999E-1 3.11771E-1 3.26599E-1 3.71437E-1 2.81663E-1 3.70978E-1 3.48993E-1 3.0895E-1 2.8199E-1 2.87929E-1 3.12259E-1 3.20263E-1 3.67558E-1 4.25731E-1 4.46281E-1 2.75312E-1 4.21332E-1 4.44108E-1 4.70406E-1 5.63239E-1 3.65392E-1 3.60747E-1 3.56205E-1 3.0311E-1 3.03869E-1 4.77282E-1 4.34396E-1 4.63911E-1 4.39202E-1 3.61941E-1 2.87504E-1 2.68329E-1 2.30546E-1 2.03363E-1 2.16892E-1 3.24086E-1 4.00926E-1 4.67954E-1 1.92477E-1 4.5276E-1 2.22589E-1 2.67742E-2 8.02474E-2 1.10506E-1 1.13331E-1 2.49982E-1 2.52271E-1 2.29247E-1 2.5483E-1 1.74799E-1 1.42613E-1 2.80324E-1 3.3547E-1 2.38531E-1 1.53096E-1
4.63371E-1 2.25122E-1 3.56735E-1 2.97407E-1 2.29144E-1 2.00863E-1 2.4921E-1 3.63244E-1 2.84651E-1 4.15509E-1 3.85114E-1 3.75018E-1 3.51791E-1 3.4617E-1 3.47231E-1 3.95657E-1 4.02737E-1 4.13669E-1 4.78451E-1 5.06563E-1 2.89734E-1 4.22176E-1 2.49379E-1 2.4935E-1 2.7485E-1 1.09666E-1 3.04691E-1 1.68219E-1 3.16411E-1 3.74005E-1 4.8285E-1 4.08918E-1 3.10511E-1 2.85904E-1 2.47907E-1 1.73812E-1 2.25243E-1 1.97786E-1 1.68096E-1 1.79484E-1 2.9682E-1 3.66624E-1 4.4757E-1 5.09083E-1 1.96668E-1 2.48595E-1 3.62063E-2 1.29765E-1 1.08201E-1 1.04275E-1 1.45066E-1 3.25506E-1 2.58368E-1 2.66726E-1 1.23819E-1 1.60441E-1 2.43898E-1 2.41268E-1 2.06002E-1 1.55445E-1
2.54115E-1 1.98363E-1 1.60958E-1 1.2372E-1 1.19779E-1 2.3962E-1 3.29331E-1 3.70751E-1 1.67631E-1 3.60064E-1 3.81479E-1 4.00098E-1 3.55938E-1 3.49801E-1 3.40426E-1 4.13587E-1 4.72718E-1 4.59344E-1 5.25142E-1 1.96165E-1 1.57058E-1 2.49463E-1 3.2615E-1 3.33148E-1 3.58345E-1 1.47557E-1 3.62796E-1 4.05658E-1 2.62314E-1 4.13298E-1 2.33027E-1 1.40931E-1 9.77827E-2 8.38334E-2 8.83443E-2 1.34124E-1 2.06082E-1 1.88247E-1 1.6606E-1 1.75989E-1 2.03531E-1 2.6371E-1 3.27356E-1 3.84243E-1 4.12397E-1 2.33896E-1 5.80431E-2 1.4921E-1 1.28033E-1 1.4408E-1 1.90401E-1 3.1385E-1 3.62899E-1 1.7088E-1 2.67827E-1 2.6569E-1 2.2194E-1 2.23241E-1 1.76087E-1 1.49532E-1
