Phytophthora/models/20240429_1812_56/Phytophthora_PA2_RUN5_MAXENT_outputs/Phytophthora_PA2_RUN5.asc
ncols         225
nrows         269
xllcorner     473000.0
yllcorner     4429100.0
cellsize      50.0
NODATA_value  -9999
[rows 54 to 80 of 269, columns 0 to 59 of 225]
-9999 -9999 -9999 -9999 -9999 -9999 -9999 -9999 -9999 -9999 -9999 -9999 -9999 -9999 -9999 -9999 -9999 -9999 -9999 -9999 -9999 -9999 9.38123E-3 6.66107E-3 1.78636E-2 2.38675E-2 1.90525E-2 1.75628E-2 2.62702E-2 2.60007E-2 2.62177E-2 2.71688E-2 3.13827E-2 3.20613E-2 4.24446E-2 6.33603E-2 3.4242E-2 8.20619E-2 3.51779E-2 5.70022E-2 3.78194E-2 5.65441E-2 3.99131E-2 5.43797E-2 7.79778E-2 1.13723E-2 2.0584E-2 1.33985E-2 2.05659E-2 1.70584E-2 3.13021E-2 3.68635E-2 3.40767E-2 3.37593E-2 1.67549E-2 2.87683E-2 2.55135E-2 1.96449E-2 2.00212E-2 2.55769E-2
-9999 -9999 -9999 -9999 -9999 -9999 -9999 -9999 -9999 -9999 -9999 -9999 -9999 -9999 -9999 -9999 -9999 -9999 -9999 -9999 -9999 -9999 1.42034E-2 1.0979E-2 1.0571E-2 1.80447E-2 2.84163E-2 2.47564E-2 3.14181E-2 2.57034E-2 2.56048E-2 2.58156E-2 3.25423E-2 3.89629E-2 1.03334E-2 6.86732E-2 7.1589E-2 6.30461E-2 4.80517E-2 1.41189E-2 6.56801E-2 3.34845E-2 3.99567E-2 6.0365E-2 6.27632E-2 2.61945E-2 3.42753E-2 3.39654E-2 9.68064E-3 2.67617E-2 3.53092E-2 2.82317E-2 3.12651E-2 1.02663E-2 2.08009E-2 1.26732E-2 1.66501E-2 1.32428E-2 1.20457E-2 1.95084E-2
-9999 -9999 -9999 -9999 -9999 -9999 -9999 -9999 -9999 -9999 -9999 -9999 -9999 -9999 -9999 -9999 -9999 -9999 -9999 -9999 -9999 -9999 1.1777E-2 1.19621E-2 1.42888E-2 1.35648E-2 4.3762E-3 2.11071E-2 2.46746E-2 3.05676E-2 4.61347E-2 4.35382E-2 4.26287E-2 3.83755E-2 9.76659E-2 8.23815E-2 8.59309E-2 9.39629E-2 2.90895E-2 7.28483E-2 5.82613E-2 6.56735E-2 4.59972E-2 5.675E-2 5.44635E-2 2.24218E-2 2.5743E-2 1.25998E-2 2.64966E-2 2.40217E-2 2.58203E-2 2.89328E-2 7.69295E-3 2.21718E-2 1.70383E-2 2.11218E-2 1.96995E-2 1.58944E-2 1.52765E-2 1.36396E-2
-9999 -9999 -9999 -9999 -9999 -9999 -9999 -9999 -9999 -9999 -9999 -9999 -9999 -9999 -9999 -9999 -9999 -9999 -9999 -9999 -9999 1.90854E-2 1.3533E-2 9.05398E-3 6.95233E-3 9.57161E-3 8.88235E-3 1.48796E-2 1.80775E-2 6.52059E-3 1.28522E-2 2.42335E-2 7.74315E-2 7.31117E-2 8.58378E-2 7.99949E-2 7.34802E-2 6.45336E-2 1.91817E-2 5.47483E-2 1.37053E-2 4.0275E-2 2.15771E-2 4.13055E-2 2.39113E-2 1.52759E-2 1.68491E-2 1.99255E-2 1.59609E-2 1.7322E-2 1.99577E-2 6.6762E-3 1.14669E-2 1.24129E-2 1.10849E-2 1.8626E-2 8.29631E-3 1.90465E-2 1.16621E-2 2.05572E-2
-9999 -9999 -9999 -9999 -9999 -9999 -9999 -9999 -9999 -9999 -9999 -9999 -9999 -9999 -9999 -9999 -9999 -9999 2.3629E-2 2.55651E-2 9.8003E-3 1.31174E-2 1.76024E-2 1.12954E-2 7.02405E-3 1.16131E-2 2.92535E-2 1.40911E-2 1.66465E-2 2.52007E-2 4.25749E-2 3.75683E-2 6.80745E-2 5.15651E-2 7.48147E-2 7.03724E-2 8.10075E-2 5.79956E-2 1.71659E-2 6.10851E-2 1.37806E-2 5.0239E-2 1.40374E-2 4.68839E-2 3.27591E-2 1.33674E-2 1.19618E-2 9.54728E-3 1.19331E-2 1.55641E-2 1.37598E-2 1.42796E-2 1.14552E-2 1.09068E-2 1.26361E-2 2.19918E-2 8.99539E-3 1.72143E-2 8.01027E-3 1.99355E-2
-9999 -9999 -9999 -9999 -9999 -9999 -9999 -9999 -9999 -9999 -9999 -9999 -9999 -9999 -9999 -9999 1.64042E-2 1.66543E-2 2.17542E-2 3.14063E-2 1.01354E-2 1.0363E-2 1.80796E-2 2.11788E-2 1.48264E-2 1.10182E-2 2.57175E-2 1.32173E-2 1.61189E-2 2.4192E-2 4.08192E-2 4.27312E-2 4.18643E-2 4.35844E-2 5.77532E-2 6.11417E-2 2.88186E-2 4.06974E-2 4.84579E-2 3.89488E-2 2.81318E-2 2.30975E-2 3.89657E-2 2.32139E-2 7.40487E-3 7.64381E-3 1.15664E-2 1.37401E-2 1.09343E-2 1.24853E-2 1.59119E-2 1.34091E-2 1.08878E-2 9.87469E-3 1.12076E-2 1.35E-2 1.6411E-2 1.22997E-2 1.27964E-2 2.12559E-2
-9999 -9999 -9999 -9999 -9999 -9999 -9999 -9999 -9999 -9999 -9999 -9999 -9999 -9999 -9999 3.33043E-2 1.82319E-2 1.36108E-2 1.08355E-2 1.827E-2 1.43719E-2 1.53643E-2 1.63546E-2 1.87997E-2 2.28578E-2 1.77587E-2 2.06664E-2 1.3585E-2 1.67727E-2 2.22233E-2 4.3009E-2 5.06698E-2 5.36823E-2 5.25241E-2 6.27983E-2 5.6486E-2 6.18402E-2 5.37835E-2 4.72072E-2 3.65115E-2 2.88197E-2 2.42987E-2 2.7634E-2 3.59761E-2 3.5561E-2 1.01898E-2 5.29202E-3 4.78548E-3 6.23276E-3 1.09207E-2 1.25543E-2 1.41712E-2 1.40505E-2 7.1412E-3 5.81737E-3 8.34525E-3 2.27924E-2 1.73395E-2 4.35099E-3 2.02474E-2
-9999 -9999 -9999 -9999 -9999 -9999 -9999 -9999 -9999 -9999 -9999 -9999 -9999 -9999 2.21626E-2 7.95315E-3 9.17213E-3 8.11989E-3 5.90521E-3 5.598E-3 9.96625E-3 1.57895E-2 1.60527E-2 2.08267E-2 3.21256E-2 2.54666E-2 4.80465E-2 2.74021E-2 2.88905E-2 3.37147E-2 3.67389E-2 5.01115E-2 5.29561E-2 4.92704E-2 6.8446E-2 4.11043E-2 6.66951E-2 4.79419E-2 4.39324E-2 3.96038E-2 2.23343E-2 2.9886E-2 2.10293E-2 1.80941E-2 2.23884E-2 2.62025E-2 2.34824E-2 2.32612E-2 2.436E-2 1.18296E-2 7.48174E-3 9.70547E-3 4.48384E-3 1.20898E-2 1.61626E-2 2.03263E-2 1.87037E-2 1.59316E-2 1.40006E-2 1.33931E-2
-9999 -9999 -9999 -9999 -9999 -9999 -9999 -9999 -9999 -9999 -9999 -9999 -9999 4.74189E-3 1.41672E-2 6.58434E-3 7.22972E-3 6.68935E-3 5.69766E-3 5.31573E-3 7.77428E-3 9.82463E-3 2.1577E-2 1.57482E-2 1.44798E-2 1.81131E-2 1.79227E-2 3.20187E-2 3.82157E-2 4.84498E-2 5.30631E-2 4.92049E-2 6.90924E-2 7.06132E-2 7.17188E-2 3.00436E-2 6.11844E-2 4.35441E-2 3.28719E-2 3.49782E-2 2.10153E-2 2.22418E-2 1.97119E-2 1.86406E-2 1.97446E-2 1.99316E-2 1.81321E-2 1.81205E-2 1.73032E-2 3.7282E-3 1.62865E-3 1.54992E-3 4.10298E-3 1.10097E-2 1.3392E-2 2.07089E-2 5.01316E-3 1.66398E-2 1.39214E-2 1.31122E-2
-9999 -9999 -9999 -9999 -9999 -9999 -9999 -9999 -9999 -9999 -9999 -9999 -9999 1.5932E-2 1.75398E-2 8.50062E-3 9.06559E-3 8.65785E-3 7.86625E-3 7.80907E-3 1.13918E-2 2.23293E-2 1.93243E-2 2.03876E-2 2.4428E-2 2.98569E-2 2.46532E-2 3.94561E-2 4.62038E-2 4.94346E-2 5.06014E-2 5.10064E-2 6.04242E-2 5.01721E-2 2.77948E-2 6.20508E-2 4.80576E-2 3.52926E-2 2.76864E-2 2.90754E-2 2.09159E-2 2.38318E-2 1.99027E-2 2.01576E-2 1.78998E-2 1.8276E-2 1.60487E-2 1.90493E-2 2.13808E-2 6.7287E-3 5.46524E-3 5.77722E-3 1.11797E-2 1.22524E-2 1.55114E-2 6.51883E-3 1.87347E-2 5.65254E-3 3.32799E-3 1.82781E-2
-9999 -9999 -9999 -9999 -9999 -9999 -9999 -9999 -9999 -9999 -9999 -9999 -9999 1.69113E-2 1.83932E-2 9.59451E-3 9.56364E-3 8.69358E-3 8.25523E-3 8.28862E-3 1.27439E-2 1.78878E-2 2.012E-2 2.21814E-2 2.77148E-2 2.81732E-2 3.01677E-2 3.72877E-2 5.06956E-2 6.48982E-2 6.54612E-2 6.31008E-2 6.10136E-2 3.76757E-2 5.84467E-2 4.96726E-2 4.29007E-2 3.27811E-2 3.61218E-2 4.00551E-2 2.42066E-2 2.92939E-2 2.65875E-2 2.40384E-2 2.06458E-2 2.69455E-2 2.50858E-2 1.79184E-2 1.68742E-2 1.16746E-2 3.20557E-3 2.32076E-3 1.19776E-2 7.42776E-3 2.60257E-3 1.51767E-2 6.39977E-3 6.29698E-3 1.48096E-2 1.49605E-2
-9999 -9999 -9999 -9999 -9999 -9999 -9999 -9999 -9999 -9999 -9999 -9999 1.58749E-2 2.24189E-2 2.18137E-2 1.16577E-2 1.15607E-2 1.10807E-2 9.42369E-3 9.30882E-3 1.46013E-2 1.80425E-2 1.97775E-2 2.31109E-2 4.24121E-2 5.15725E-2 3.39719E-2 4.4572E-2 5.36618E-2 5.9991E-2 6.38276E-2 6.88836E-2 4.76143E-2 7.65012E-2 5.43199E-2 4.52221E-2 4.02621E-2 3.59458E-2 3.81497E-2 4.71221E-2 2.51524E-2 7.87886E-3 1.06749E-2 2.35101E-2 1.96144E-2 2.28718E-2 1.68812E-2 2.39383E-2 2.29411E-2 1.7725E-2 8.29654E-3 6.21765E-3 1.50645E-3 4.16497E-3 9.25318E-3 6.88059E-3 1.91096E-2 2.45434E-2 1.8796E-2 1.46946E-2
-9999 -9999 -9999 -9999 -9999 -9999 -9999 -9999 -9999 -9999 -9999 -9999 2.81823E-2 6.81728E-2 4.58723E-2 2.86388E-2 2.58096E-2 2.30669E-2 2.11732E-2 1.94062E-2 1.4238E-2 1.25568E-2 1.63182E-2 1.76204E-2 2.54693E-2 3.93154E-2 6.87893E-2 5.27026E-2 4.97848E-2 5.40532E-2 4.26919E-2 1.8253E-2 3.97072E-2 3.66491E-2 3.29269E-2 1.49244E-2 1.78452E-2 1.76155E-2 1.63663E-2 2.4038E-2 2.6952E-2 2.90674E-2 2.31011E-2 2.14663E-2 1.3887E-2 1.61983E-2 1.25429E-2 2.71368E-2 2.79922E-2 2.22856E-2 3.07102E-3 5.616E-3 1.12714E-2 3.70621E-3 1.20337E-2 1.69055E-2 1.54098E-2 1.74262E-2 2.03793E-2 2.53266E-2
-9999 -9999 -9999 -9999 -9999 -9999 -9999 -9999 -9999 -9999 5.7399E-3 2.85411E-2 1.76252E-2 5.25173E-2 3.88362E-2 2.60546E-2 2.85492E-2 2.75602E-2 2.80298E-2 3.17804E-2 1.58876E-2 1.40223E-2 1.89303E-2 2.34152E-2 2.51663E-2 3.35754E-2 6.89541E-2 5.32705E-2 5.98164E-2 6.89604E-2 5.38487E-2 3.53135E-2 4.19629E-2 3.20704E-2 2.78725E-2 1.68369E-2 2.09071E-2 2.16491E-2 2.29388E-2 2.56701E-2 3.38873E-2 3.28277E-2 4.14534E-2 3.60136E-2 3.08473E-2 2.97648E-2 3.08945E-2 3.08871E-2 1.75498E-2 9.71073E-3 1.77791E-2 1.58056E-2 1.28664E-2 9.1468E-3 1.06232E-2 1.66611E-2 1.40026E-2 1.55011E-2 2.07547E-2 1.29621E-2
-9999 -9999 -9999 -9999 -9999 -9999 -9999 -9999 -9999 2.02084E-2 1.96536E-2 2.26945E-2 4.25107E-2 2.24147E-2 2.63577E-2 1.9077E-2 2.21975E-2 2.54166E-2 2.86818E-2 3.0234E-2 1.60822E-2 1.42373E-2 1.81821E-2 1.85399E-2 2.12052E-2 3.52703E-2 8.35779E-2 3.59532E-2 5.1647E-2 7.34625E-2 5.07243E-2 2.76752E-2 3.93009E-2 3.03091E-2 2.50584E-2 1.80729E-2 2.19669E-2 9.81234E-3 3.41055E-2 3.471E-2 3.83341E-2 3.59766E-2 3.61738E-2 3.3586E-2 3.39913E-2 2.99614E-2 3.21643E-2 3.08032E-2 3.82624E-2 3.156E-2 7.22653E-3 1.42389E-2 1.22E-2 3.99576E-3 1.01331E-2 1.82639E-2 1.6664E-2 1.48941E-2 1.70943E-2 2.19797E-2
-9999 -9999 -9999 -9999 -9999 -9999 -9999 -9999 -9999 -9999 2.15991E-2 2.1242E-2 1.21807E-2 1.46912E-2 2.63051E-2 2.26565E-2 2.33279E-2 3.08345E-2 3.0804E-2 3.27804E-2 1.86928E-2 1.72286E-2 1.81006E-2 2.02059E-2 2.11139E-2 3.9281E-2 2.78114E-2 3.46937E-2 3.28546E-2 4.9092E-2 4.76973E-2 3.72198E-2 4.48222E-2 3.70733E-2 2.62415E-2 2.11071E-2 2.57319E-2 3.47069E-2 9.55787E-3 4.91261E-2 5.52204E-2 4.45721E-2 3.88699E-2 3.3745E-2 3.34905E-2 3.24253E-2 3.38346E-2 3.63169E-2 4.13136E-2 7.08743E-3 1.74182E-2 7.06249E-3 1.28775E-2 1.09305E-2 7.41841E-3 6.2503E-3 2.02718E-2 1.81182E-2 1.50493E-2 1.78593E-2
-9999 -9999 -9999 -9999 -9999 -9999 -9999 -9999 -9999 -9999 -9999 -9999 -9999 -9999 3.6288E-2 2.90429E-2 3.41038E-2 3.94164E-2 3.45256E-2 2.94691E-2 1.85149E-2 2.04071E-2 2.28932E-2 2.72543E-2 3.34862E-2 3.78509E-2 3.2175E-2 4.75464E-2 4.77596E-2 5.19531E-2 5.48941E-2 6.04371E-2 5.54898E-2 4.52771E-2 2.98878E-2 2.03311E-2 2.38276E-2 2.8633E-2 5.08403E-2 3.2609E-2 2.15759E-2 4.62488E-2 4.64635E-2 3.94674E-2 4.02211E-2 4.01368E-2 4.30988E-2 3.39246E-2 2.03164E-2 3.19235E-2 1.4285E-2 1.39008E-2 3.62788E-3 1.07298E-2 1.17153E-2 1.8895E-2 1.05032E-2 1.7571E-2 1.49632E-2 1.75579E-2
-9999 -9999 -9999 -9999 -9999 -9999 -9999 -9999 -9999 -9999 -9999 -9999 -9999 -9999 -9999 -9999 -9999 -9999 -9999 3.19581E-2 1.82716E-2 2.5688E-2 2.89073E-2 3.36947E-2 4.10333E-2 5.95028E-2 5.06669E-2 4.57986E-2 6.14295E-2 7.48284E-2 6.64821E-2 3.0223E-2 6.5891E-2 5.51274E-2 3.4146E-2 1.77463E-2 1.85791E-2 2.08278E-2 2.14721E-2 2.98087E-2 4.83786E-2 3.71218E-2 2.05915E-2 1.53365E-2 1.69016E-2 1.91151E-2 1.60947E-2 1.30616E-2 4.288E-2 2.6502E-2 1.12653E-2 1.26111E-2 7.4886E-3 3.49167E-3 1.25361E-2 1.53799E-2 1.6326E-2 1.62343E-2 1.4794E-2 1.70224E-2
-9999 -9999 -9999 -9999 -9999 -9999 -9999 -9999 -9999 -9999 -9999 -9999 -9999 -9999 -9999 -9999 -9999 -9999 -9999 -9999 2.05959E-2 3.07562E-2 3.2896E-2 3.81682E-2 4.70174E-2 6.31782E-2 6.27501E-2 5.41841E-2 4.23687E-2 1.25626E-1 7.62841E-2 5.36043E-2 6.93145E-2 5.99337E-2 3.88647E-2 2.17027E-2 1.86927E-2 2.20982E-2 2.10298E-2 2.51941E-2 3.82666E-2 3.63763E-2 4.29033E-2 2.77789E-2 4.08898E-2 4.05049E-2 2.03019E-2 4.17597E-2 3.11384E-2 2.00399E-2 9.54362E-3 1.00256E-2 9.33441E-3 8.94329E-3 6.35726E-3 1.85641E-2 1.71407E-2 1.78549E-2 1.87391E-2 2.02543E-2
-9999 -9999 -9999 -9999 -9999 -9999 -9999 -9999 -9999 -9999 -9999 -9999 -9999 -9999 -9999 -9999 -9999 -9999 -9999 -9999 -9999 3.65654E-2 3.293E-2 3.48415E-2 4.42296E-2 5.07815E-2 6.17547E-2 8.90582E-2 1.22507E-1 3.05828E-2 1.72024E-2 3.34962E-2 4.46819E-2 6.43156E-2 4.7863E-2 2.84486E-2 2.36423E-2 1.94877E-2 1.93259E-2 2.77703E-2 3.96053E-2 4.09936E-2 1.0151E-2 4.50471E-2 2.91855E-2 2.67348E-2 4.81471E-2 3.8649E-2 2.78538E-2 2.00365E-2 1.10694E-2 9.41107E-3 8.40316E-3 9.93446E-3 7.46017E-3 1.96615E-2 1.58684E-2 1.32978E-2 2.01119E-2 2.76685E-2
-9999 -9999 -9999 -9999 -9999 -9999 -9999 -9999 -9999 -9999 -9999 -9999 -9999 -9999 -9999 -9999 -9999 -9999 -9999 -9999 -9999 -9999 3.46712E-2 3.37184E-2 3.7302E-2 4.47005E-2 6.14189E-2 8.72258E-2 1.01507E-1 7.30386E-2 4.59157E-2 5.33086E-2 2.60363E-2 2.00792E-2 3.76613E-2 2.98662E-2 2.25577E-2 2.38726E-2 2.19761E-2 3.02359E-2 4.19277E-2 1.73251E-2 4.33027E-2 4.24899E-2 5.00946E-2 4.54462E-2 3.89367E-2 9.3065E-3 2.44708E-2 2.72036E-2 1.53453E-2 1.17873E-2 1.25541E-2 1.36904E-2 1.00825E-2 2.37846E-2 1.88754E-2 1.47693E-2 1.95579E-2 3.07629E-2
-9999 -9999 -9999 -9999 -9999 -9999 -9999 -9999 -9999 -9999 -9999 -9999 -9999 -9999 -9999 -9999 -9999 -9999 -9999 -9999 -9999 -9999 -9999 2.4977E-2 2.8838E-2 3.83559E-2 5.63762E-2 7.28073E-2 6.77353E-2 4.88707E-2 3.59444E-2 4.14003E-2 4.26333E-2 5.39502E-2 5.46299E-2 1.37739E-2 3.66892E-2 3.50314E-2 2.98721E-2 3.52549E-2 1.52911E-2 4.81018E-2 4.05413E-2 3.81005E-2 4.17311E-2 3.21759E-2 2.87981E-2 3.34352E-2 3.02197E-2 1.22352E-2 1.03888E-2 4.54438E-3 2.73643E-3 8.99074E-3 1.07797E-2 2.37908E-2 1.93939E-2 1.78407E-2 2.00015E-2 3.21594E-2
-9999 -9999 -9999 -9999 -9999 -9999 -9999 -9999 -9999 -9999 -9999 -9999 -9999 -9999 -9999 -9999 -9999 -9999 -9999 -9999 -9999 -9999 -9999 -9999 -9999 3.91497E-2 5.61572E-2 6.94703E-2 6.66157E-2 6.09142E-2 1.93024E-2 2.1747E-2 2.47789E-2 3.80674E-2 4.38456E-2 4.62616E-2 2.38054E-2 2.84877E-2 4.26384E-2 3.34989E-2 4.77756E-2 5.15744E-2 4.25753E-2 3.6186E-2 3.41027E-2 3.80946E-2 3.66771E-2 3.78492E-2 5.20864E-2 3.61764E-2 2.25727E-2 3.6241E-2 1.75527E-2 2.93214E-2 3.96488E-2 6.55263E-2 6.08985E-2 7.43428E-2 7.62252E-2 1.77353E-2
-9999 -9999 -9999 -9999 -9999 -9999 -9999 -9999 -9999 -9999 -9999 -9999 -9999 -9999 -9999 -9999 -9999 -9999 -9999 -9999 -9999 -9999 -9999 -9999 -9999 -9999 -9999 5.08369E-2 4.76457E-2 6.02754E-2 2.19202E-2 1.76399E-2 2.33106E-2 1.91307E-2 2.77876E-2 3.79208E-2 4.18819E-2 1.90497E-2 3.64717E-2 3.52377E-2 4.89358E-2 1.41724E-2 3.67987E-2 4.73416E-2 4.63827E-2 5.35907E-2 4.92866E-2 4.69482E-2 5.09333E-2 5.4004E-2 4.3029E-2 3.78814E-2 1.53222E-2 3.16722E-2 3.4861E-2 5.12832E-2 6.09833E-2 8.82626E-2 4.32714E-2 3.45075E-2
-9999 -9999 -9999 -9999 -9999 -9999 -9999 -9999 -9999 -9999 -9999 -9999 -9999 -9999 -9999 -9999 -9999 -9999 -9999 -9999 -9999 -9999 -9999 -9999 -9999 -9999 -9999 -9999 -9999 4.66275E-2 1.77076E-2 1.41466E-2 7.1442E-3 8.75295E-3 1.29807E-2 1.82579E-2 3.12199E-2 4.21617E-2 1.82381E-2 4.99653E-2 1.56961E-2 3.97142E-2 5.47211E-2 2.58944E-2 3.32966E-2 1.32131E-2 3.82334E-2 4.62203E-2 5.03273E-2 4.86884E-2 3.92149E-2 4.2761E-2 2.28531E-2 3.0765E-2 3.48606E-2 5.48788E-2 5.54878E-2 6.1995E-2 4.83894E-2 3.72925E-2
-9999 -9999 -9999 -9999 -9999 -9999 -9999 -9999 -9999 -9999 -9999 -9999 -9999 -9999 -9999 -9999 -9999 -9999 -9999 -9999 -9999 -9999 -9999 -9999 -9999 -9999 -9999 -9999 -9999 -9999 -9999 3.11601E-3 3.20424E-3 3.316E-3 7.00194E-3 1.10882E-2 1.90268E-2 2.77479E-2 1.50264E-2 1.71451E-2 4.83344E-2 4.41005E-2 4.76285E-2 5.17802E-2 5.16667E-2 5.85249E-2 2.7332E-2 4.8707E-2 5.55054E-2 6.41002E-2 5.44437E-2 5.54594E-2 2.87486E-2 3.40321E-2 4.23516E-2 6.10799E-2 5.25564E-2 4.88758E-2 4.40603E-2 4.53639E-2
-9999 -9999 -9999 -9999 -9999 -9999 -9999 -9999 -9999 -9999 -9999 -9999 -9999 -9999 -9999 -9999 -9999 -9999 -9999 -9999 -9999 -9999 -9999 -9999 -9999 -9999 -9999 -9999 -9999 -9999 -9999 3.15462E-3 3.20355E-3 2.48866E-3 1.14353E-2 6.64594E-3 1.09556E-2 1.92178E-2 1.8223E-2 2.15064E-2 3.24031E-2 2.84499E-2 3.44158E-2 3.20291E-2 2.34488E-2 4.3233E-2 4.47258E-2 2.47641E-2 5.76657E-2 9.00406E-2 1.96798E-2 2.41499E-2 5.91327E-2 2.95844E-2 4.52071E-2 7.95617E-2 6.76491E-2 6.51538E-2 9.58053E-2 6.42079E-2
