Phytophthora/models/20240430_1155_37/Phytophthora_PA3_RUN5_MAXENT_outputs/Phytophthora_PA3_RUN5.asc
ncols         225
nrows         269
xllcorner     473000.0
yllcorner     4429100.0
cellsize      50.0
NODATA_value  -9999
[rows 189 to 215 of 269, columns 120 to 179 of 225]
1.48292E-1 1.49867E-1 1.41036E-1 2.29639E-1 2.35433E-1 2.24043E-1 3.36164E-1 3.59319E-1 3.41138E-1 4.15939E-1 4.26804E-1 4.48617E-1 5.00547E-1 4.7594E-1 4.34268E-1 4.95106E-1 3.52205E-1 3.23341E-1 5.1446E-1 4.89242E-1 1.47741E-1 1.29402E-1 1.17778E-1 5.8486E-2 2.99552E-2 4.0805E-2 5.16271E-2 4.69344E-2 4.82113E-2 5.27503E-2 1.46588E-1 1.61597E-1 2.0088E-1 3.12397E-1 3.94178E-1 4.18356E-1 4.78532E-1 4.7035E-1 4.42617E-1 3.87771E-1 2.40582E-1 1.64436E-1 1.4923E-1 -9999 4.89196E-2 7.94512E-2 6.64256E-2 6.23705E-2 6.73685E-2 1.05412E-1 1.0106E-1 1.39634E-1 1.45318E-1 1.62167E-1 2.02338E-1 2.22184E-1 2.25094E-1 2.11788E-1 2.20024E-1 1.42602E-1
9.69983E-2 2.52395E-1 2.7575E-1 2.42827E-1 2.43674E-1 3.42523E-1 1.10471E-1 3.8513E-1 3.55355E-1 4.49551E-1 4.66199E-1 4.84948E-1 5.46021E-1 5.14459E-1 4.82524E-1 5.30704E-1 2.1425E-1 6.06683E-1 5.15612E-1 4.79147E-1 1.47973E-1 1.17718E-1 7.31114E-2 4.36017E-2 2.49207E-2 1.17376E-1 3.37965E-2 9.35875E-2 4.65891E-2 6.41843E-2 1.77322E-1 2.08227E-1 1.77708E-1 1.96089E-1 2.50783E-1 3.09553E-1 4.24874E-1 4.21098E-1 3.7268E-1 3.65324E-1 2.16546E-1 1.71808E-1 1.92255E-1 1.4153E-2 7.25681E-2 8.0288E-2 6.84384E-2 8.91836E-2 1.00405E-1 1.54886E-1 1.24866E-1 1.63038E-1 1.66635E-1 1.75727E-1 1.91711E-1 1.99501E-1 2.15055E-1 2.14138E-1 2.10861E-1 1.51615E-1
2.88544E-1 2.92052E-1 1.96158E-1 2.77255E-1 3.0643E-1 2.97976E-1 2.64636E-1 3.42513E-1 3.31135E-1 3.5022E-1 3.34446E-1 3.52295E-1 4.02752E-1 3.91407E-1 3.80395E-1 2.47386E-1 4.31316E-1 4.09848E-1 3.51377E-1 3.39239E-1 2.95928E-1 2.4067E-1 1.76274E-1 1.08002E-1 7.90694E-2 1.69792E-1 1.20186E-1 1.47138E-1 1.75356E-1 2.68172E-1 2.17311E-1 1.94427E-1 1.6223E-1 1.73947E-1 2.15835E-1 1.66067E-1 1.72402E-1 1.85071E-1 2.06435E-1 2.84873E-1 2.20012E-1 2.15632E-1 2.01742E-1 1.6266E-1 1.76863E-2 5.61751E-2 5.71461E-2 1.14799E-1 1.26558E-1 1.46151E-1 1.51261E-1 1.75984E-1 1.73172E-1 1.79022E-1 2.04044E-1 2.14232E-1 2.50585E-1 2.06507E-1 2.01621E-1 1.38482E-1
1.72087E-1 2.22539E-1 1.84787E-1 2.68343E-1 3.16679E-1 3.04674E-1 3.40466E-1 4.10366E-1 3.55278E-1 3.68921E-1 3.56311E-1 3.34748E-1 3.42583E-1 2.0493E-1 6.98114E-2 2.66161E-1 1.76251E-1 2.5035E-1 3.0438E-1 2.73901E-1 2.39774E-1 1.99671E-1 1.69967E-1 1.36034E-1 1.50841E-1 2.01617E-1 1.23761E-1 1.64884E-1 2.34955E-1 2.77845E-1 1.73076E-1 1.66151E-1 1.55143E-1 1.53877E-1 1.98007E-1 1.4071E-1 1.59252E-1 1.78097E-1 2.34638E-1 2.82337E-1 1.9699E-1 1.98792E-1 1.9008E-1 1.67284E-1 1.02877E-1 -9999 -9999 3.20428E-2 8.51686E-2 1.50873E-1 1.61124E-1 1.89836E-1 1.93267E-1 1.92266E-1 2.02846E-1 2.27505E-1 2.55513E-1 1.54912E-1 2.08645E-1 1.64905E-1
2.77955E-1 2.19602E-1 2.34914E-1 2.60598E-1 2.74825E-1 2.88039E-1 3.27588E-1 4.09016E-1 4.15178E-1 3.92599E-1 2.37749E-1 1.11785E-1 1.75172E-1 1.40473E-1 2.47021E-1 4.02626E-1 3.6618E-1 2.20963E-1 3.23643E-1 3.01754E-1 2.55635E-1 2.2432E-1 1.96974E-1 1.92842E-1 1.81579E-1 2.52297E-1 1.98755E-1 2.76188E-1 2.87976E-1 3.43635E-1 2.42496E-1 2.2085E-1 1.88636E-1 2.01072E-1 2.53031E-1 2.01127E-1 2.23611E-1 2.21537E-1 2.41968E-1 2.67928E-1 1.84163E-1 1.83911E-1 1.79919E-1 1.53033E-1 1.45607E-1 3.41711E-2 -9999 -9999 5.12444E-2 6.00915E-2 8.94E-2 7.56608E-2 4.8593E-2 9.64239E-2 2.46808E-1 1.94657E-1 1.77143E-1 2.21829E-1 2.1243E-1 2.06698E-1
2.80814E-1 2.61111E-1 1.91394E-1 2.72028E-1 2.66497E-1 2.9946E-1 3.5574E-1 4.2294E-1 2.96236E-1 1.383E-1 2.20065E-1 1.88348E-1 1.86936E-1 1.27015E-1 1.38714E-1 1.5296E-1 3.67014E-1 4.09546E-1 4.22826E-1 3.87928E-1 3.65905E-1 3.42621E-1 3.15952E-1 2.71746E-1 2.52958E-1 3.29438E-1 3.50847E-1 3.50957E-1 2.90073E-1 2.70686E-1 2.22222E-1 2.21668E-1 2.50016E-1 2.42687E-1 2.7357E-1 2.23275E-1 2.51795E-1 2.48421E-1 2.47702E-1 2.49177E-1 1.64179E-1 1.51519E-1 1.37704E-1 1.35997E-1 1.33028E-1 1.42594E-1 9.92577E-2 1.15287E-1 1.10351E-1 1.81148E-1 1.95323E-1 1.86159E-1 2.16862E-1 1.15203E-1 1.9769E-1 2.50802E-1 2.04521E-1 1.45131E-1 1.90585E-1 2.30998E-1
2.92061E-1 2.91131E-1 2.39815E-1 3.02367E-1 2.97347E-1 3.10964E-1 3.77663E-1 4.67779E-1 4.27674E-1 3.14509E-1 1.66797E-1 1.55199E-1 1.50597E-1 9.1151E-2 1.45291E-1 1.41239E-1 4.40524E-1 1.77471E-1 1.32617E-1 3.37634E-1 3.72155E-1 3.20832E-1 2.52381E-1 2.23035E-1 2.21504E-1 3.44629E-1 2.74937E-1 4.20702E-1 4.23417E-1 3.57226E-1 1.3923E-1 1.57325E-1 3.43808E-1 3.70017E-1 3.77331E-1 2.72619E-1 2.84467E-1 2.88808E-1 2.99219E-1 3.0425E-1 2.00331E-1 1.8278E-1 1.76069E-1 1.55393E-1 1.39167E-1 1.13504E-1 1.28106E-1 1.51573E-1 1.83536E-1 1.68295E-1 1.38415E-1 2.06506E-1 1.81815E-1 1.0547E-1 2.03431E-1 2.25189E-1 1.81676E-1 1.5845E-1 9.06782E-2 2.0292E-1
3.35895E-1 2.86166E-1 2.31107E-1 1.91799E-1 2.40784E-1 3.6776E-1 3.81983E-1 3.1257E-1 1.15109E-1 2.89964E-1 1.76073E-1 1.41509E-1 1.13486E-1 1.01251E-1 1.78965E-1 3.07771E-1 2.92369E-1 2.65471E-1 2.32353E-1 2.58737E-1 1.48656E-1 3.30979E-1 3.07115E-1 2.9817E-1 2.98222E-1 4.14274E-1 4.47395E-1 4.75663E-1 4.79833E-1 3.64679E-1 1.67367E-1 1.72963E-1 3.51949E-1 3.74563E-1 3.9552E-1 2.08868E-1 2.95859E-1 3.13638E-1 3.19798E-1 2.91359E-1 1.85504E-1 1.69418E-1 1.65092E-1 1.39071E-1 8.0426E-2 9.68904E-2 1.08876E-1 8.85966E-2 8.22287E-2 1.28078E-1 1.54127E-1 1.53215E-1 1.75681E-1 1.09083E-1 1.94502E-1 1.43626E-1 1.25547E-1 8.19428E-2 4.18075E-2 6.18286E-2
4.23859E-1 3.34747E-1 2.31419E-1 1.3975E-1 2.21766E-1 2.48579E-1 3.20912E-1 3.35408E-1 8.31746E-2 2.61469E-1 9.55108E-2 7.31428E-2 5.74017E-2 6.37457E-2 1.23914E-1 3.32391E-1 4.71446E-1 2.35248E-1 2.37851E-1 2.04363E-1 1.99618E-1 2.54428E-1 2.9496E-1 2.80864E-1 3.10084E-1 4.54095E-1 4.75094E-1 5.1952E-1 4.39948E-1 3.69115E-1 2.05369E-1 2.32131E-1 3.73778E-1 3.96039E-1 2.54842E-1 1.90211E-1 2.33171E-1 3.08913E-1 3.5484E-1 3.22562E-1 2.21192E-1 2.06338E-1 2.09948E-1 2.15459E-1 1.89779E-1 1.66995E-1 8.17232E-2 1.40174E-1 1.43004E-1 1.66158E-1 1.36493E-1 9.61672E-2 1.39168E-1 8.68946E-2 1.94153E-1 1.53609E-1 1.16551E-1 4.41897E-2 5.41398E-2 6.72398E-2
3.35981E-1 2.65312E-1 2.47447E-1 2.29028E-1 2.06945E-1 2.29129E-1 2.765E-1 3.96058E-1 1.69802E-1 4.07269E-1 1.40904E-1 1.30948E-1 1.08666E-1 1.0651E-1 8.79118E-2 4.74136E-1 1.76633E-1 2.23998E-1 1.97093E-1 2.94776E-1 2.40551E-1 2.13532E-1 2.61293E-1 2.53737E-1 3.33006E-1 5.04728E-1 5.27594E-1 5.35284E-1 4.8259E-1 4.98599E-1 2.90522E-1 2.9951E-1 3.49442E-1 2.17938E-1 3.79973E-1 3.02433E-1 3.22088E-1 3.33168E-1 2.84876E-1 2.59242E-1 1.62532E-1 2.273E-1 2.46086E-1 1.53518E-1 1.47943E-1 1.48722E-1 1.88805E-1 1.84006E-1 1.97568E-1 1.51519E-1 1.49078E-1 2.13913E-1 2.02198E-1 1.9503E-1 7.41568E-2 9.4369E-2 5.12178E-2 3.65122E-2 3.13599E-2 4.92162E-2
4.28965E-1 4.38709E-1 2.24656E-1 2.12535E-1 1.06393E-1 2.31318E-1 2.41768E-1 3.8738E-1 4.17873E-1 4.14918E-1 2.63506E-1 2.16133E-1 1.66664E-1 1.35707E-1 1.08983E-1 1.51867E-1 2.31986E-1 2.10148E-1 2.17158E-1 1.93097E-1 1.86733E-1 1.12419E-1 1.68796E-1 1.77582E-1 3.35878E-1 5.24502E-1 4.84717E-1 5.71582E-1 5.36942E-1 5.55923E-1 2.95879E-1 2.00907E-1 3.7666E-1 3.39263E-1 3.71826E-1 2.90107E-1 2.86946E-1 2.88396E-1 3.05419E-1 3.12598E-1 1.65514E-1 2.55853E-1 1.65749E-1 1.69248E-1 1.10335E-1 1.43226E-1 1.76009E-1 8.73264E-2 1.4514E-1 1.63481E-1 2.03796E-1 1.89524E-1 1.75916E-1 1.92311E-1 1.01223E-1 6.06345E-2 5.7835E-2 4.50674E-2 3.83262E-2 9.52178E-2
2.01751E-1 3.55671E-1 3.61268E-1 3.02943E-1 2.03068E-1 2.5176E-1 1.9457E-1 1.20754E-1 2.40702E-1 3.3339E-1 1.8382E-1 1.50939E-1 1.10487E-1 8.8549E-2 8.65146E-2 1.32916E-1 1.56502E-1 1.43976E-1 3.08433E-1 1.32169E-1 1.84422E-1 1.02571E-1 9.52701E-2 2.04765E-1 4.28002E-1 5.54985E-1 5.80225E-1 5.94297E-1 6.09693E-1 4.74749E-1 3.39377E-1 3.434E-1 3.46879E-1 2.12183E-1 3.04381E-1 1.86018E-1 3.0738E-1 2.85885E-1 2.99463E-1 2.46079E-1 1.85453E-1 1.67328E-1 2.40288E-1 2.51403E-1 2.19537E-1 1.92515E-1 1.7381E-1 1.36039E-1 1.56988E-1 1.50595E-1 1.61834E-1 1.32559E-1 1.17193E-1 1.53541E-1 1.54313E-1 6.4822E-2 6.85075E-2 5.43526E-2 6.72013E-2 9.84905E-2
8.97584E-2 9.60134E-2 1.28763E-1 1.25149E-1 3.78521E-2 1.22072E-1 1.63826E-1 1.36394E-1 9.25434E-2 1.89373E-1 7.34904E-2 6.54441E-2 4.9827E-2 4.34338E-2 5.33497E-2 1.51252E-1 1.24695E-1 1.05394E-1 1.22211E-1 2.47334E-1 2.38382E-1 2.72453E-1 2.57792E-1 3.54979E-1 5.17534E-1 5.91824E-1 6.46796E-1 6.72899E-1 6.32754E-1 6.58891E-1 5.41392E-1 4.07726E-1 5.77006E-1 5.50593E-1 4.9514E-1 3.41246E-1 2.4024E-1 2.3692E-1 1.32816E-1 2.88873E-1 1.30252E-1 1.43399E-1 1.4905E-1 1.63523E-1 1.61596E-1 1.37625E-1 1.03741E-1 8.70423E-2 7.09642E-2 9.77076E-2 1.08158E-1 9.87049E-2 8.66079E-2 9.22645E-2 2.75303E-2 6.27818E-2 6.99231E-2 6.59082E-2 8.08091E-2 8.35586E-2
7.14283E-2 1.19394E-1 6.20813E-2 1.49456E-1 5.52661E-2 7.91778E-2 8.57719E-2 7.33861E-2 1.00547E-1 1.53917E-1 8.98152E-2 6.88352E-2 7.0244E-2 5.04159E-2 7.79078E-2 2.21638E-1 2.36376E-1 2.10689E-1 2.15721E-1 2.16081E-1 2.61153E-1 3.23422E-1 3.79297E-1 5.41624E-1 5.67611E-1 6.2288E-1 6.58594E-1 7.06749E-1 6.79976E-1 6.27731E-1 5.11813E-1 3.6075E-1 5.35494E-1 5.22095E-1 4.66586E-1 3.12389E-1 3.58305E-1 2.67707E-1 2.35624E-1 2.14044E-1 1.14262E-1 1.14206E-1 1.01896E-1 1.14077E-1 1.24418E-1 8.70072E-2 7.69438E-2 4.44967E-2 3.87241E-2 4.86468E-2 6.55057E-2 7.30942E-2 7.65799E-2 7.86687E-2 6.42172E-2 2.44949E-2 8.35746E-2 7.44306E-2 7.29225E-2 9.7384E-2
7.20594E-2 1.27858E-1 1.85882E-1 1.41607E-1 8.41594E-2 1.1147E-1 1.16122E-1 1.32755E-1 1.54901E-1 1.79196E-1 1.18048E-1 1.06489E-1 9.75429E-2 8.51936E-2 1.29686E-1 3.88629E-1 4.07724E-1 3.96807E-1 1.96396E-1 1.82097E-1 2.69064E-1 4.47811E-1 4.88273E-1 5.47187E-1 5.6102E-1 6.17413E-1 6.53923E-1 6.79089E-1 6.16558E-1 5.68635E-1 4.34292E-1 3.32538E-1 4.16114E-1 4.8622E-1 4.89892E-1 3.26665E-1 3.59628E-1 2.17236E-1 3.37953E-1 2.46393E-1 9.85951E-2 1.02664E-1 1.01583E-1 1.18505E-1 1.01492E-1 3.46404E-2 5.18395E-2 4.70259E-2 4.42792E-2 5.22145E-2 7.01081E-2 7.61379E-2 8.77916E-2 7.78551E-2 5.80734E-2 6.88417E-2 5.36611E-2 4.37648E-2 4.42385E-2 6.6567E-2
6.27894E-2 1.16904E-1 4.73117E-2 3.75328E-2 8.72805E-2 2.32781E-1 2.89355E-1 2.75601E-1 2.96982E-1 2.48656E-1 1.43746E-1 1.28091E-1 1.15929E-1 9.56159E-2 1.28178E-1 3.55908E-1 3.62184E-1 1.61017E-1 1.54788E-1 1.63003E-1 2.41777E-1 4.09585E-1 5.01642E-1 5.38646E-1 5.37627E-1 5.98049E-1 6.20023E-1 6.32712E-1 5.73726E-1 5.33261E-1 3.99401E-1 3.03944E-1 3.9819E-1 4.94234E-1 5.08301E-1 2.28643E-1 3.24665E-1 3.30551E-1 3.11882E-1 2.43415E-1 1.05284E-1 1.20304E-1 1.49317E-1 1.44633E-1 7.71338E-2 4.28188E-2 6.02458E-2 5.2667E-2 5.40592E-2 6.61004E-2 9.87419E-2 1.06503E-1 1.15248E-1 9.96789E-2 8.06793E-2 6.30696E-2 6.76112E-2 4.10322E-2 4.6651E-2 5.27031E-2
8.7236E-2 4.43103E-2 1.08006E-1 6.06976E-2 2.25028E-1 1.16314E-1 1.57621E-1 6.98112E-2 1.24117E-1 2.32062E-1 1.28816E-1 1.20077E-1 1.11711E-1 9.74787E-2 1.3014E-1 3.12439E-1 2.53453E-1 1.76914E-1 1.48826E-1 1.68438E-1 3.05427E-1 4.84027E-1 5.33485E-1 5.42802E-1 5.09842E-1 5.70138E-1 5.82327E-1 5.78821E-1 5.14896E-1 4.73026E-1 2.59704E-1 2.36772E-1 3.95559E-1 5.03438E-1 5.16539E-1 2.3759E-1 3.18007E-1 2.79931E-1 2.32884E-1 2.25537E-1 1.23046E-1 1.37002E-1 1.50463E-1 1.05385E-1 1.39284E-1 1.17354E-1 8.27111E-2 3.56409E-2 5.86235E-2 8.20708E-2 1.1412E-1 1.09702E-1 1.25475E-1 1.09644E-1 9.07183E-2 7.84408E-2 6.30669E-2 1.87424E-2 2.12624E-2 2.73339E-2
1.38625E-1 1.02219E-1 9.92481E-2 7.91162E-2 5.23623E-2 2.30877E-1 1.51124E-1 1.38112E-1 1.35791E-1 1.87027E-1 2.14852E-1 2.23335E-1 2.4164E-1 2.15767E-1 2.2314E-1 2.5176E-1 1.27564E-1 1.1549E-1 1.33208E-1 2.02778E-1 2.684E-1 4.85884E-1 5.11586E-1 5.20305E-1 5.32625E-1 5.56634E-1 5.30443E-1 5.07226E-1 4.70563E-1 3.92697E-1 2.58807E-1 2.05424E-1 4.10468E-1 4.66306E-1 5.17269E-1 2.87265E-1 3.36511E-1 2.91382E-1 2.06162E-1 1.71698E-1 1.09526E-1 1.17434E-1 9.96522E-2 2.21765E-1 2.17982E-1 1.85438E-1 1.98099E-1 1.34352E-1 1.06561E-1 1.63204E-1 1.04114E-1 1.38055E-1 1.40888E-1 1.20135E-1 1.15994E-1 4.10466E-2 4.05567E-2 4.17819E-2 5.77032E-2 9.48808E-2
9.81961E-2 1.03566E-1 1.06424E-1 9.76679E-2 1.66817E-1 1.07108E-1 1.63576E-1 1.92402E-1 1.95438E-1 2.01838E-1 2.83404E-1 2.51771E-1 2.2057E-1 1.9787E-1 1.94358E-1 1.8195E-1 1.2615E-1 1.22487E-1 1.61137E-1 3.22849E-1 4.25481E-1 5.13075E-1 5.2839E-1 5.49309E-1 5.73247E-1 5.79349E-1 5.51835E-1 4.58786E-1 4.16314E-1 4.02175E-1 2.66508E-1 1.96594E-1 3.45661E-1 4.50589E-1 4.98115E-1 3.66643E-1 3.41439E-1 2.78274E-1 2.1562E-1 2.03305E-1 3.88437E-2 1.52245E-1 1.88108E-1 2.14318E-1 2.23208E-1 1.78256E-1 1.83174E-1 1.6445E-1 8.31959E-2 9.75768E-2 1.10877E-1 1.34913E-1 1.31982E-1 1.23336E-1 3.56936E-2 9.58913E-2 5.60435E-2 5.96935E-2 8.70486E-2 1.0955E-1
9.32233E-2 9.45828E-2 7.06996E-2 5.13712E-2 7.35016E-2 1.25862E-1 1.50064E-1 1.31522E-1 2.19309E-1 1.35242E-1 2.53759E-1 2.32407E-1 2.09269E-1 1.84497E-1 1.88158E-1 2.23294E-1 1.58583E-1 1.61341E-1 1.82931E-1 3.71917E-1 4.66947E-1 5.50562E-1 5.66298E-1 5.84702E-1 6.00348E-1 5.99284E-1 5.20153E-1 5.0576E-1 4.52299E-1 3.65618E-1 2.66553E-1 2.06733E-1 3.18307E-1 4.29945E-1 4.45605E-1 3.70079E-1 3.38364E-1 1.83829E-1 2.19304E-1 2.3003E-1 6.7369E-2 9.15825E-2 1.48871E-1 1.86582E-1 1.98229E-1 1.85839E-1 1.67336E-1 1.66486E-1 8.6776E-2 8.63895E-2 1.1123E-1 8.98643E-2 9.38253E-2 5.41393E-2 5.20663E-2 4.87556E-2 7.93937E-2 7.58588E-2 8.43775E-2 1.09395E-1
1.01268E-1 1.16678E-1 7.23573E-2 4.86987E-2 8.99766E-2 1.49691E-1 1.52151E-1 1.30676E-1 1.79759E-1 9.02402E-2 1.76971E-1 1.81324E-1 1.53961E-1 1.17168E-1 1.37194E-1 1.6758E-1 1.86416E-1 2.20122E-1 2.09356E-1 4.1027E-1 5.10742E-1 5.7949E-1 5.93966E-1 6.28218E-1 6.39859E-1 6.30349E-1 5.6829E-1 4.9802E-1 4.52654E-1 3.05496E-1 2.81279E-1 2.35302E-1 3.22432E-1 3.27584E-1 3.90305E-1 3.55853E-1 3.18416E-1 2.12848E-1 2.11798E-1 9.75864E-2 5.9227E-2 8.16602E-2 1.20689E-1 1.60916E-1 1.78701E-1 1.65057E-1 1.50795E-1 1.4646E-1 9.82732E-2 8.12999E-2 1.06469E-1 6.94034E-2 4.83344E-2 6.32862E-2 6.85551E-2 7.14366E-2 5.8932E-2 7.09646E-2 7.6502E-2 1.03005E-1
9.63316E-2 2.16434E-1 5.24544E-2 1.05098E-1 8.16265E-2 1.31131E-1 1.21612E-1 1.04962E-1 9.38393E-2 1.35093E-1 2.60396E-1 1.82567E-1 1.76651E-1 1.51374E-1 1.72284E-1 1.7501E-1 2.63226E-1 2.58246E-1 2.17647E-1 4.28613E-1 5.39619E-1 5.93123E-1 6.11231E-1 5.95308E-1 6.43116E-1 6.25251E-1 5.81374E-1 4.91897E-1 4.61168E-1 3.51131E-1 3.48856E-1 2.31325E-1 3.49752E-1 3.51061E-1 5.10167E-1 3.3769E-1 3.15992E-1 2.77478E-1 1.85616E-1 5.28425E-2 5.20029E-2 5.70946E-2 6.61768E-2 1.34851E-1 1.5278E-1 1.43849E-1 1.27173E-1 1.26429E-1 1.07786E-1 9.97171E-2 9.59623E-2 8.98291E-2 8.50937E-2 6.99257E-2 5.89888E-2 6.00608E-2 5.60646E-2 6.77674E-2 9.29602E-2 1.08336E-1
1.66329E-1 1.52727E-1 1.48891E-1 1.47111E-1 1.63436E-1 1.86383E-1 1.63348E-1 1.74762E-1 1.66829E-1 1.84362E-1 3.64274E-1 3.31793E-1 3.08288E-1 2.84555E-1 2.78122E-1 2.66964E-1 3.01996E-1 2.49455E-1 2.17571E-1 3.69922E-1 5.41972E-1 5.41436E-1 5.76683E-1 5.87278E-1 5.37399E-1 3.39177E-1 2.83206E-1 2.16435E-1 2.27114E-1 2.37165E-1 2.27737E-1 1.66945E-1 2.22153E-1 2.25557E-1 3.73242E-1 4.07821E-1 4.04352E-1 3.46053E-1 1.58196E-1 8.87473E-2 1.49027E-1 1.98993E-1 2.46225E-1 3.48636E-1 3.47502E-1 2.29112E-1 2.03102E-1 2.04567E-1 2.07832E-1 1.91407E-1 2.12792E-1 1.87943E-1 1.94486E-1 1.72912E-1 1.0336E-1 6.94627E-2 5.34795E-2 1.08388E-1 8.43533E-2 1.6652E-1
1.59735E-1 1.25066E-1 1.23849E-1 7.34348E-2 1.4355E-1 8.09878E-2 9.62293E-2 9.7875E-2 1.28459E-1 1.49341E-1 3.02642E-1 1.4738E-1 3.36056E-1 2.71809E-1 3.12092E-1 2.91155E-1 2.97196E-1 2.41761E-1 2.46558E-1 3.62759E-1 5.87341E-1 5.74136E-1 5.95687E-1 4.98159E-1 5.40353E-1 3.23121E-1 2.67479E-1 2.40964E-1 2.3762E-1 2.11298E-1 1.37847E-1 1.56511E-1 2.50253E-1 2.67498E-1 2.05428E-1 4.44888E-1 4.55995E-1 3.17005E-1 2.00725E-1 1.52629E-1 1.47927E-1 1.85034E-1 2.66999E-1 3.65672E-1 3.6349E-1 2.24999E-1 2.28485E-1 1.76927E-1 1.97393E-1 1.97988E-1 1.94048E-1 1.82285E-1 1.45955E-1 1.32382E-1 1.36209E-1 8.44915E-2 5.09456E-2 4.44376E-2 1.32926E-1 1.52978E-1
1.75031E-1 1.47005E-1 1.22836E-1 7.96644E-2 4.99503E-2 1.03475E-1 7.32015E-2 8.43608E-2 1.25385E-1 1.34656E-1 1.88683E-1 2.71976E-1 1.67368E-1 2.34305E-1 2.81154E-1 2.20991E-1 2.34363E-1 3.02134E-1 2.48014E-1 3.4273E-1 6.05678E-1 5.82688E-1 3.84752E-1 4.51481E-1 5.48307E-1 3.56718E-1 2.96913E-1 2.6672E-1 2.64838E-1 2.51908E-1 1.72726E-1 2.47632E-1 2.87539E-1 3.08153E-1 3.28116E-1 3.97041E-1 3.96027E-1 1.94482E-1 1.46527E-1 1.74078E-1 2.14715E-1 3.49064E-1 3.97942E-1 4.25423E-1 3.95954E-1 2.62808E-1 2.53814E-1 1.99291E-1 1.98027E-1 1.88222E-1 1.80229E-1 1.47961E-1 9.58283E-2 8.39707E-2 1.09201E-1 8.51742E-2 7.24935E-2 6.11734E-2 5.29097E-2 5.65715E-2
2.52317E-1 2.40118E-1 1.70268E-1 1.42522E-1 1.13458E-1 9.89594E-2 7.08672E-2 5.87495E-2 6.37031E-2 7.84253E-2 1.60938E-1 1.45334E-1 2.00879E-1 1.40299E-1 1.77126E-1 1.44222E-1 1.68308E-1 2.61447E-1 2.74316E-1 3.43129E-1 5.88256E-1 5.85002E-1 5.73964E-1 5.93804E-1 4.34584E-1 3.01525E-1 3.38513E-1 2.81639E-1 2.73744E-1 9.61339E-2 2.09596E-1 2.32857E-1 2.62284E-1 3.17423E-1 3.4368E-1 2.74565E-1 3.65253E-1 2.36324E-1 1.61418E-1 1.48375E-1 1.81173E-1 3.52099E-1 4.55423E-1 5.28687E-1 4.33774E-1 3.08339E-1 2.78869E-1 2.67816E-1 2.26476E-1 2.07712E-1 1.70995E-1 1.12612E-1 9.68344E-2 8.58472E-2 1.12333E-1 1.00456E-1 3.61302E-2 5.68375E-2 9.5711E-2 7.53824E-2
2.87386E-1 2.60916E-1 2.34013E-1 1.95981E-1 1.21463E-1 1.04668E-1 7.76741E-2 5.58201E-2 4.25424E-2 6.21492E-2 1.3794E-1 1.29258E-1 2.22974E-1 1.20476E-1 1.61151E-1 1.36187E-1 2.16861E-1 3.07893E-1 3.03332E-1 2.95642E-1 5.31203E-1 5.5243E-1 4.9771E-1 5.53938E-1 5.31493E-1 3.4212E-1 2.33653E-1 3.03417E-1 2.16083E-1 2.22587E-1 2.22022E-1 1.80015E-1 2.56317E-1 2.9704E-1 3.75635E-1 3.09994E-1 4.55898E-1 2.99295E-1 2.1306E-1 1.82714E-1 2.33459E-1 3.6729E-1 4.33941E-1 4.90244E-1 4.96013E-1 3.37321E-1 2.96122E-1 2.88613E-1 2.43251E-1 2.26246E-1 1.8228E-1 1.29432E-1 1.12033E-1 8.30231E-2 1.15354E-1 8.10338E-2 8.019E-2 7.62372E-2 5.41786E-2 5.53857E-2
