Phytophthora/models/20240430_1155_37/Phytophthora_PA3_RUN5_MAXENT_outputs/Phytophthora_PA3_RUN5.asc
ncols         225
nrows         269
xllcorner     473000.0
yllcorner     4429100.0
cellsize      50.0
NODATA_value  -9999
[rows 81 to 107 of 269, columns 0 to 59 of 225]
-9999 -9999 -9999 -9999 -9999 -9999 -9999 -9999 -9999 -9999 -9999 -9999 -9999 -9999 -9999 -9999 -9999 -9999 -9999 -9999 -9999 -9999 -9999 -9999 -9999 -9999 -9999 -9999 -9999 -9999 -9999 -9999 2.34793E-3 2.4606E-3 3.62319E-3 4.29683E-3 5.89632E-3 9.19204E-3 1.07448E-2 1.18707E-2 2.63207E-2 1.46215E-2 8.90474E-3 1.06456E-2 9.89032E-3 1.53047E-2 1.58274E-2 1.2435E-2 1.89487E-2 3.34284E-2 2.25183E-2 3.52304E-2 3.06361E-2 3.39483E-2 1.66871E-2 6.39672E-2 5.53361E-2 1.59149E-2 6.46117E-2 5.00071E-2
-9999 -9999 -9999 -9999 -9999 -9999 -9999 -9999 -9999 -9999 -9999 -9999 -9999 -9999 -9999 -9999 -9999 -9999 -9999 -9999 -9999 -9999 -9999 -9999 -9999 -9999 -9999 -9999 -9999 -9999 -9999 -9999 3.68554E-3 5.42731E-3 4.81038E-3 5.40084E-3 7.12385E-3 1.00222E-2 8.08907E-3 1.58852E-2 1.05936E-2 1.02439E-2 6.01789E-3 2.24821E-2 1.88382E-2 2.39605E-2 2.91953E-2 3.43643E-2 3.61855E-2 3.98815E-2 3.35092E-2 3.97023E-2 3.54946E-2 3.89229E-2 4.58295E-2 4.07504E-2 3.10153E-2 4.44953E-2 1.83989E-2 6.45841E-2
-9999 -9999 -9999 -9999 -9999 -9999 -9999 -9999 -9999 -9999 -9999 -9999 -9999 -9999 -9999 -9999 -9999 -9999 -9999 -9999 -9999 -9999 -9999 -9999 -9999 -9999 -9999 -9999 -9999 -9999 -9999 -9999 9.12033E-3 8.063E-3 3.99906E-3 3.51901E-3 4.79002E-3 8.12452E-3 7.46484E-3 9.47985E-3 9.70525E-3 4.50968E-3 6.42945E-3 2.63439E-2 1.88482E-2 2.74166E-2 2.82156E-2 3.37322E-2 3.50368E-2 3.94117E-2 3.34784E-2 3.6423E-2 4.20084E-2 3.75024E-2 4.68948E-2 8.12634E-2 2.89018E-2 6.49298E-2 2.11224E-2 2.05938E-2
-9999 -9999 -9999 -9999 -9999 -9999 -9999 -9999 -9999 -9999 -9999 -9999 -9999 -9999 -9999 -9999 -9999 -9999 -9999 -9999 -9999 -9999 -9999 -9999 -9999 -9999 -9999 -9999 -9999 -9999 -9999 -9999 -9999 9.83691E-3 6.5005E-3 6.26368E-3 5.93534E-3 8.66863E-3 5.27508E-3 9.28599E-3 1.14252E-2 1.28472E-2 1.66773E-2 1.43122E-2 1.0589E-2 1.59171E-2 2.37391E-2 3.73427E-2 4.43994E-2 4.33634E-2 3.67361E-2 2.88565E-2 4.15678E-2 3.98175E-2 4.92591E-2 8.49344E-2 4.51828E-2 7.83295E-2 3.27683E-2 3.0463E-2
-9999 -9999 -9999 -9999 -9999 -9999 -9999 -9999 -9999 -9999 -9999 -9999 -9999 -9999 -9999 -9999 -9999 -9999 -9999 -9999 -9999 -9999 -9999 -9999 -9999 -9999 -9999 -9999 -9999 -9999 -9999 -9999 -9999 1.19087E-2 2.07662E-2 2.20627E-2 2.73222E-2 2.57749E-2 1.66826E-2 1.51473E-2 2.10303E-2 1.78543E-2 1.77073E-2 1.68374E-2 1.93803E-2 7.11755E-3 2.25365E-2 3.81851E-2 5.53346E-2 4.22803E-2 2.24607E-2 3.92368E-2 3.54208E-2 4.0445E-2 5.62262E-2 7.48637E-2 4.23504E-2 4.64622E-2 3.68721E-2 4.41054E-2
-9999 -9999 -9999 -9999 -9999 -9999 -9999 -9999 -9999 -9999 -9999 -9999 -9999 -9999 -9999 -9999 -9999 -9999 -9999 -9999 -9999 -9999 -9999 -9999 -9999 -9999 -9999 -9999 -9999 -9999 -9999 -9999 -9999 -9999 9.27895E-2 2.8484E-2 2.33217E-2 2.32966E-2 1.36535E-2 2.14828E-2 2.02272E-2 1.35047E-2 1.37267E-2 1.56805E-2 2.53216E-2 1.46309E-2 2.24009E-2 2.29989E-2 3.89041E-2 5.74229E-2 3.77153E-2 1.75029E-2 3.78972E-2 3.72708E-2 4.9331E-2 3.64861E-2 1.40775E-2 2.82942E-2 3.15761E-2 4.16316E-2
-9999 -9999 -9999 -9999 -9999 -9999 -9999 -9999 -9999 -9999 -9999 -9999 -9999 -9999 -9999 -9999 -9999 -9999 -9999 -9999 -9999 -9999 -9999 -9999 -9999 -9999 -9999 -9999 -9999 -9999 -9999 -9999 -9999 -9999 6.6198E-2 1.80435E-2 1.68493E-2 8.18902E-3 1.21459E-2 2.21946E-2 1.63984E-2 1.60005E-2 1.93141E-2 1.86603E-2 4.0322E-2 2.82255E-2 1.1099E-2 2.46558E-2 3.00245E-2 5.03787E-2 3.6272E-2 4.01886E-2 1.00725E-2 3.78908E-2 5.03369E-2 5.73279E-2 5.30344E-2 2.91716E-2 5.34952E-2 4.70022E-2
-9999 -9999 -9999 -9999 -9999 -9999 -9999 -9999 -9999 -9999 -9999 -9999 -9999 -9999 -9999 -9999 -9999 -9999 -9999 -9999 -9999 -9999 -9999 -9999 -9999 -9999 -9999 -9999 -9999 -9999 -9999 -9999 -9999 -9999 7.54018E-2 2.33175E-2 1.37279E-2 1.853E-2 2.004E-2 3.5711E-2 1.89887E-2 1.97554E-2 3.80531E-2 3.72355E-2 4.61928E-2 3.16158E-2 2.5466E-2 3.00731E-2 2.35206E-2 1.45538E-2 8.50685E-3 1.25788E-2 2.09768E-2 1.68418E-2 2.78392E-2 5.6293E-2 6.29276E-2 6.12971E-2 3.84303E-2 5.11326E-2
-9999 -9999 -9999 -9999 -9999 -9999 -9999 -9999 -9999 -9999 -9999 -9999 -9999 -9999 -9999 -9999 -9999 -9999 -9999 -9999 -9999 -9999 -9999 -9999 -9999 -9999 -9999 -9999 -9999 -9999 -9999 -9999 -9999 -9999 5.38856E-2 1.98793E-2 2.23623E-2 1.57601E-2 3.42869E-2 4.19169E-2 3.13072E-2 1.36895E-2 3.72428E-2 4.45834E-2 5.70484E-2 1.22633E-2 2.21286E-2 2.62269E-2 3.37798E-2 1.74154E-2 8.20576E-3 1.62245E-2 2.90268E-2 3.34377E-2 4.5771E-2 6.03928E-2 3.55678E-2 2.49262E-2 2.38488E-2 4.28435E-2
-9999 -9999 -9999 -9999 -9999 -9999 -9999 -9999 -9999 -9999 -9999 -9999 -9999 -9999 -9999 -9999 -9999 -9999 -9999 -9999 -9999 -9999 -9999 -9999 -9999 -9999 -9999 -9999 -9999 -9999 -9999 -9999 -9999 -9999 8.16459E-2 3.68391E-2 4.40379E-2 4.28329E-2 3.89089E-2 2.45223E-2 4.82068E-2 2.84947E-2 4.99331E-2 4.93232E-2 6.7995E-2 1.81305E-2 3.81315E-2 2.65055E-2 1.86816E-2 9.52561E-3 7.37699E-3 1.54603E-2 2.29738E-2 2.88117E-2 3.63714E-2 5.07013E-2 5.43618E-2 4.84455E-2 1.22897E-2 1.50136E-2
-9999 -9999 -9999 -9999 -9999 -9999 -9999 -9999 -9999 -9999 -9999 -9999 -9999 -9999 -9999 -9999 -9999 -9999 -9999 -9999 -9999 -9999 -9999 -9999 -9999 -9999 -9999 -9999 -9999 -9999 -9999 -9999 -9999 4.72931E-2 6.12877E-2 3.28751E-2 4.1153E-2 4.13754E-2 2.24404E-2 1.86947E-2 3.686E-2 5.0431E-2 5.11274E-2 4.9329E-2 6.3657E-2 2.65276E-2 5.24755E-2 4.34731E-2 2.89361E-2 1.08685E-2 5.48495E-3 9.60794E-3 1.69906E-2 2.04027E-2 2.80897E-2 5.24744E-2 5.79139E-2 2.90802E-2 1.80066E-2 2.3593E-2
-9999 -9999 -9999 -9999 -9999 -9999 -9999 -9999 -9999 -9999 -9999 -9999 -9999 -9999 -9999 -9999 -9999 -9999 -9999 -9999 -9999 -9999 6.57443E-2 4.71494E-2 -9999 -9999 -9999 -9999 -9999 -9999 4.30024E-2 5.19078E-2 5.46463E-2 6.05512E-2 6.46707E-2 2.98473E-2 4.00365E-2 2.57839E-2 1.16211E-2 2.99995E-2 3.96684E-2 5.52978E-2 4.88999E-2 5.1323E-2 5.49555E-2 5.30142E-2 5.91357E-2 4.52765E-2 4.31111E-2 1.83991E-2 7.07665E-3 9.51857E-3 1.83008E-2 2.49219E-2 3.26103E-2 2.82415E-2 1.62371E-2 3.70283E-2 2.04764E-2 1.25595E-2
-9999 -9999 -9999 -9999 -9999 -9999 -9999 -9999 -9999 -9999 -9999 -9999 -9999 -9999 -9999 -9999 -9999 -9999 3.09854E-4 1.02929E-3 4.78384E-2 6.55267E-2 7.12424E-2 6.38036E-2 2.72614E-2 1.46398E-3 2.65943E-3 1.23873E-3 1.09788E-3 2.05263E-3 5.96652E-2 7.21613E-2 8.1588E-2 7.2857E-2 6.72994E-2 2.70122E-2 2.68809E-2 1.63914E-2 1.31239E-2 3.1919E-2 4.05031E-2 5.05875E-2 4.44649E-2 3.50142E-2 2.78194E-2 6.79829E-2 6.49867E-2 5.40665E-2 5.03722E-2 2.67692E-2 8.69152E-3 7.97016E-3 1.54131E-2 1.71483E-2 7.12376E-3 -9999 7.19505E-3 1.74044E-2 1.60799E-2 2.23666E-2
-9999 -9999 -9999 -9999 -9999 -9999 -9999 -9999 -9999 -9999 -9999 -9999 -9999 -9999 -9999 -9999 -9999 3.27841E-4 2.76317E-4 1.05404E-3 4.41102E-2 6.3378E-2 5.83742E-2 4.89954E-2 2.58217E-2 4.22373E-4 4.77016E-4 1.10383E-3 1.26648E-3 2.58502E-3 8.01171E-2 9.37537E-2 1.10093E-1 9.66465E-2 7.24936E-2 2.80538E-2 1.31024E-2 1.4873E-2 8.21356E-3 2.58064E-2 3.86711E-2 4.62767E-2 5.50229E-2 5.03545E-2 4.53033E-2 3.90423E-2 6.79356E-2 5.19308E-2 3.81516E-2 2.16622E-2 5.11793E-3 5.9022E-3 8.07058E-3 2.62773E-3 1.18875E-2 2.35844E-2 9.3713E-3 -9999 9.53192E-3 4.3165E-3
-9999 -9999 -9999 -9999 -9999 -9999 -9999 -9999 -9999 -9999 -9999 -9999 -9999 -9999 2.47908E-4 3.87099E-4 3.60239E-4 3.53547E-4 2.4621E-4 8.0523E-4 4.8499E-2 6.39262E-2 7.67636E-2 7.49604E-2 3.85278E-2 5.7523E-4 6.79223E-4 8.55981E-4 1.4284E-3 3.05355E-3 8.734E-2 1.06817E-1 1.10019E-1 1.1251E-1 1.0574E-1 1.88174E-2 2.38703E-2 1.66449E-2 2.80766E-2 3.12785E-2 3.72433E-2 4.57601E-2 5.10388E-2 4.98871E-2 4.64714E-2 4.29207E-2 2.58615E-2 2.28757E-2 2.25839E-2 1.72004E-2 9.06718E-3 7.76926E-3 8.27738E-3 1.40372E-2 2.10944E-2 2.60352E-2 2.18113E-2 9.73724E-3 1.05704E-2 1.8244E-2
-9999 -9999 -9999 -9999 -9999 -9999 -9999 -9999 -9999 -9999 -9999 -9999 1.14932E-2 1.52338E-2 1.90179E-2 3.18207E-2 3.28583E-2 3.86128E-2 3.77943E-2 3.18136E-2 1.9503E-2 2.50413E-2 2.97605E-2 3.24785E-2 3.57358E-2 3.3104E-2 2.98166E-2 2.21414E-2 3.84574E-2 6.34138E-2 9.72151E-2 1.16484E-1 9.93277E-2 1.07847E-1 9.20638E-2 2.96421E-2 4.4754E-2 3.14587E-2 8.09979E-2 9.60443E-2 1.4295E-1 1.81375E-1 1.82226E-1 9.52332E-2 1.15329E-1 7.45783E-2 6.55582E-2 8.22562E-2 6.95433E-2 4.8969E-2 3.82469E-2 3.89705E-2 5.57979E-2 7.07655E-2 8.43067E-2 5.72979E-2 3.80062E-2 1.68059E-2 2.27961E-2 3.58126E-2
-9999 -9999 -9999 -9999 -9999 -9999 -9999 -9999 -9999 -9999 -9999 9.57927E-3 1.07595E-2 2.22202E-2 3.65284E-2 5.79063E-2 6.50687E-2 7.5183E-2 8.55193E-2 6.47955E-2 3.91153E-2 3.65485E-2 4.34913E-2 4.28774E-2 4.32778E-2 3.82154E-2 3.78464E-2 4.92476E-2 5.49716E-2 9.62469E-2 1.1412E-1 1.24662E-1 1.15396E-1 1.25429E-1 9.82967E-2 3.50526E-2 5.44431E-2 5.4522E-2 8.21803E-2 1.34081E-1 1.42525E-1 9.19669E-2 1.41874E-1 1.9175E-1 1.34735E-1 1.19844E-1 1.11378E-1 8.81834E-2 6.23183E-2 4.52681E-2 3.49459E-2 4.06513E-2 5.69939E-2 7.21657E-2 7.03701E-2 4.53367E-2 1.55621E-2 1.76744E-2 2.20179E-2 2.85091E-2
-9999 -9999 -9999 -9999 -9999 -9999 -9999 -9999 -9999 -9999 -9999 1.87423E-2 2.26606E-2 4.95038E-2 5.68892E-2 9.02623E-2 1.08511E-1 1.30458E-1 1.2148E-1 8.56332E-2 5.25686E-2 5.12279E-2 3.93171E-2 4.44284E-2 3.77646E-2 3.77229E-2 4.84235E-2 9.24038E-2 7.60328E-2 1.12825E-1 1.30299E-1 1.27227E-1 1.34984E-1 5.68794E-2 9.36559E-2 5.68468E-2 6.35576E-2 3.79389E-2 6.94299E-2 6.60382E-2 1.73635E-1 1.81496E-1 1.7218E-1 1.61752E-1 1.34343E-1 1.22137E-1 8.79722E-2 6.00275E-2 5.09221E-2 5.05205E-2 4.85499E-2 4.56006E-2 5.97043E-2 8.4565E-2 9.84414E-2 5.99454E-2 3.12926E-2 2.63113E-2 2.81888E-2 3.58669E-2
-9999 -9999 -9999 -9999 -9999 -9999 -9999 -9999 -9999 -9999 -9999 3.58005E-2 4.49041E-2 5.39907E-2 6.0809E-2 1.04719E-1 1.21554E-1 1.28652E-1 1.352E-1 1.20955E-1 7.30165E-2 6.21084E-2 5.25015E-2 5.20632E-2 5.70707E-2 6.2203E-2 7.69768E-2 9.87787E-2 1.14922E-1 8.47394E-2 1.64142E-1 1.50495E-1 1.32375E-1 1.30871E-1 6.61319E-2 7.89543E-2 7.06571E-2 3.3872E-2 1.0065E-1 9.96042E-2 1.52592E-1 1.52104E-1 1.42441E-1 1.41583E-1 5.29042E-2 9.3257E-2 6.06723E-2 5.97737E-2 5.73919E-2 5.62713E-2 4.90688E-2 2.84369E-2 6.80614E-2 1.06772E-1 1.3144E-1 1.17318E-1 4.28802E-2 3.81667E-2 4.38988E-2 5.2412E-2
-9999 -9999 -9999 -9999 -9999 -9999 -9999 -9999 -9999 -9999 -9999 3.57044E-2 4.47625E-2 5.35183E-2 7.28127E-2 1.26362E-1 1.47728E-1 8.23465E-2 1.5937E-1 1.3464E-1 7.82755E-2 6.57067E-2 5.55717E-2 5.01398E-2 5.25153E-2 5.82763E-2 7.91668E-2 9.61804E-2 1.07239E-1 1.19872E-1 1.55139E-1 1.13994E-1 9.08827E-2 1.29515E-1 1.44764E-1 8.78217E-2 7.22275E-2 5.09807E-2 6.79485E-2 1.20964E-1 1.34257E-1 1.6329E-1 1.47297E-1 5.51047E-2 1.35171E-1 6.62189E-2 5.48862E-2 4.77919E-2 5.49517E-2 5.69084E-2 5.12706E-2 6.0841E-2 6.44501E-2 1.25689E-1 1.1108E-1 8.01774E-2 6.74055E-2 6.16665E-2 5.03334E-2 5.48641E-2
-9999 -9999 -9999 -9999 -9999 -9999 -9999 -9999 -9999 -9999 -9999 5.70452E-2 6.99703E-2 8.87092E-2 1.26671E-1 1.93092E-1 2.26566E-1 1.27838E-1 2.40499E-1 1.97632E-1 1.43217E-1 1.20962E-1 1.01233E-1 8.16426E-2 8.61645E-2 8.82168E-2 1.03142E-1 1.17461E-1 1.24854E-1 1.3877E-1 2.00735E-1 2.28475E-1 1.28364E-1 2.05349E-1 1.67295E-1 1.18418E-1 1.15559E-1 6.72132E-2 6.29127E-2 1.44135E-1 6.92085E-2 5.88713E-2 7.0284E-2 5.83146E-2 6.39848E-2 5.85901E-2 3.59579E-2 3.87838E-2 3.12904E-2 3.89459E-2 5.63829E-2 5.84136E-2 5.99412E-2 1.00877E-1 1.32051E-1 9.5138E-2 5.32821E-2 8.41265E-2 9.29625E-2 5.32742E-2
-9999 -9999 -9999 -9999 -9999 -9999 -9999 -9999 -9999 -9999 -9999 6.45656E-2 8.68037E-2 1.20248E-1 1.43698E-1 2.05253E-1 2.37498E-1 1.8772E-1 2.85444E-1 2.47794E-1 1.62211E-1 1.24903E-1 1.05614E-1 8.69844E-2 7.9682E-2 8.05051E-2 8.84282E-2 1.0298E-1 9.86387E-2 1.48776E-1 2.26274E-1 2.21438E-1 1.95581E-1 2.06576E-1 1.10268E-1 8.80497E-2 1.22631E-1 7.5344E-2 1.22324E-1 1.07354E-1 5.60344E-2 5.90768E-2 5.45366E-2 5.73898E-2 6.67536E-3 4.69868E-2 5.63651E-2 4.02518E-2 4.2547E-2 5.28971E-2 7.1241E-2 5.12683E-2 4.62183E-2 8.95512E-2 1.19313E-1 9.92086E-2 7.99675E-2 5.59554E-2 5.87894E-2 5.96847E-2
-9999 -9999 -9999 -9999 -9999 -9999 -9999 -9999 -9999 -9999 -9999 7.38864E-2 1.07701E-1 1.30044E-1 1.52593E-1 2.17975E-1 2.47757E-1 2.76537E-1 2.57877E-1 2.19223E-1 1.42707E-1 1.19518E-1 1.01818E-1 8.5616E-2 8.91002E-2 8.65126E-2 9.57828E-2 1.07844E-1 1.1593E-1 1.59997E-1 2.25626E-1 1.40979E-1 1.43488E-1 1.48104E-1 8.37221E-2 5.88094E-2 6.45789E-2 4.20791E-2 7.7487E-2 7.88714E-2 4.85345E-2 5.60889E-2 4.64231E-2 5.61802E-2 4.48246E-2 2.44188E-2 6.3639E-2 5.57199E-2 5.0377E-2 5.35379E-2 6.27921E-2 4.29033E-2 3.20707E-2 6.30116E-2 1.07463E-1 1.03692E-1 8.9865E-2 9.15778E-2 1.03793E-1 1.03089E-1
-9999 -9999 -9999 -9999 -9999 -9999 -9999 -9999 -9999 -9999 -9999 3.8657E-2 6.00678E-2 6.32221E-2 1.18817E-1 2.07867E-1 1.4624E-1 2.68278E-1 2.20231E-1 1.8852E-1 1.33699E-1 1.16671E-1 9.85983E-2 8.74271E-2 1.17523E-1 8.97892E-2 1.00555E-1 1.17919E-1 1.13761E-1 1.41828E-1 2.1123E-1 1.78432E-1 1.78203E-1 1.133E-1 8.29851E-2 6.15674E-2 6.37585E-2 7.21509E-2 6.39775E-2 6.83374E-2 3.17388E-2 3.23032E-2 2.99027E-2 3.60343E-2 2.10567E-2 4.28849E-2 6.99987E-2 5.81279E-2 5.82874E-2 5.33392E-2 5.76063E-2 3.70546E-2 2.43451E-2 3.87005E-2 9.17099E-2 8.85483E-2 8.30092E-2 4.9977E-2 7.14152E-2 7.33119E-2
-9999 -9999 -9999 -9999 -9999 -9999 -9999 -9999 -9999 -9999 -9999 6.62272E-2 7.21317E-2 4.94548E-2 6.06963E-2 9.00067E-2 1.56735E-1 2.14716E-1 1.86265E-1 1.66329E-1 1.16041E-1 1.06767E-1 1.0318E-1 7.70388E-2 1.19669E-1 1.04138E-1 1.02197E-1 1.07634E-1 1.18526E-1 1.07454E-1 9.82106E-2 1.88003E-1 1.51778E-1 1.14504E-1 8.97229E-2 6.47685E-2 7.4566E-2 9.85864E-2 6.1221E-2 8.60127E-2 4.07316E-2 4.3895E-2 3.77316E-2 3.19543E-2 1.75657E-2 1.99096E-2 5.42622E-3 3.19312E-2 4.94784E-2 4.90402E-2 5.19812E-2 3.25399E-2 2.16743E-2 2.80801E-2 8.4543E-2 8.04939E-2 6.63084E-2 4.00201E-2 4.81652E-2 5.32077E-2
-9999 -9999 -9999 -9999 -9999 -9999 -9999 -9999 -9999 -9999 -9999 1.12734E-1 1.28894E-1 1.19969E-1 1.00711E-1 1.40737E-1 1.62735E-1 1.48108E-1 1.26829E-1 1.09288E-1 1.1025E-1 1.23272E-1 1.14321E-1 1.42009E-1 1.26646E-1 1.38564E-1 1.30358E-1 1.10767E-1 1.1167E-1 1.57837E-1 1.62859E-1 1.43212E-1 1.32013E-1 7.78935E-2 6.21049E-2 2.92422E-2 5.01288E-2 5.37901E-2 2.78445E-2 4.00038E-2 2.03783E-2 2.18448E-2 2.27609E-2 2.72111E-2 1.31775E-2 2.02149E-2 1.84052E-2 -9999 2.49405E-2 5.29967E-2 2.68401E-2 2.15796E-2 1.76228E-2 3.54943E-2 5.53973E-2 9.09197E-2 5.30173E-2 5.80115E-2 7.11124E-2 5.9681E-2
-9999 -9999 -9999 -9999 -9999 -9999 -9999 -9999 -9999 -9999 -9999 1.58345E-1 1.90383E-1 1.72052E-1 2.03724E-1 1.59856E-1 1.51254E-1 1.29122E-1 1.10582E-1 1.06873E-1 1.24305E-1 1.39494E-1 1.47911E-1 5.4257E-2 1.73216E-1 1.14459E-1 6.30314E-2 1.42937E-1 1.35356E-1 1.3787E-1 1.45458E-1 1.37676E-1 1.05619E-1 7.4885E-2 8.59489E-2 4.31706E-2 6.43454E-2 5.00228E-2 2.52965E-2 4.31091E-2 2.36332E-2 2.90634E-2 2.68381E-2 2.85633E-2 3.04746E-2 3.26515E-2 1.88031E-2 1.43753E-2 1.02074E-2 3.49171E-2 2.81183E-2 2.73339E-2 2.47683E-2 5.23206E-2 6.32472E-2 3.6852E-2 4.17946E-2 8.19426E-2 9.2917E-2 1.10123E-1
