Phytophthora/models/20240430_1155_37/Phytophthora_PA3_RUN5_MAXENT_outputs/Phytophthora_PA3_RUN5.asc
ncols         225
nrows         269
xllcorner     473000.0
yllcorner     4429100.0
cellsize      50.0
NODATA_value  -9999
[rows 54 to 80 of 269, columns 60 to 119 of 225]
1.02943E-2 4.41846E-3 1.69068E-2 2.02419E-2 2.96262E-2 5.31008E-2 7.1142E-2 6.35946E-2 9.68191E-2 1.00508E-1 9.54392E-2 9.60643E-2 1.00631E-1 1.43395E-1 1.32329E-1 1.06631E-1 9.44684E-2 7.28881E-2 7.0338E-2 9.33139E-2 1.30614E-1 1.41682E-1 1.56302E-1 8.80587E-2 1.43451E-1 -9999 -9999 -9999 -9999 -9999 -9999 -9999 -9999 -9999 -9999 -9999 -9999 -9999 -9999 -9999 -9999 -9999 -9999 -9999 -9999 -9999 -9999 -9999 -9999 -9999 -9999 -9999 -9999 -9999 -9999 -9999 -9999 -9999 -9999 -9999
9.0289E-3 1.11808E-2 1.62711E-2 1.18839E-2 2.86589E-2 6.79212E-2 6.87905E-2 6.1499E-2 8.19934E-2 7.54308E-2 9.67639E-2 9.90576E-2 1.33522E-1 8.82527E-2 1.71901E-1 1.20918E-1 1.03697E-1 9.08103E-2 6.7426E-2 8.92377E-2 1.24654E-1 1.61267E-1 1.57869E-1 6.81076E-2 1.38924E-1 2.63285E-1 -9999 -9999 -9999 -9999 3.58469E-1 -9999 -9999 -9999 -9999 -9999 -9999 -9999 -9999 -9999 -9999 -9999 -9999 -9999 -9999 -9999 -9999 -9999 -9999 -9999 -9999 -9999 -9999 -9999 -9999 -9999 -9999 -9999 -9999 -9999
3.03974E-3 8.16474E-3 1.6379E-2 1.72756E-2 2.03089E-2 4.20465E-2 4.80251E-2 5.8867E-2 3.09268E-2 3.62164E-2 6.17223E-2 5.51424E-2 7.39605E-2 8.17958E-2 2.63218E-2 6.79917E-2 7.15481E-2 6.15308E-2 5.15576E-2 5.37318E-2 6.59406E-2 6.57284E-2 2.23124E-2 2.58742E-2 2.76945E-2 8.23271E-2 1.22541E-1 9.43551E-2 8.90189E-2 3.93934E-2 2.35034E-1 2.11428E-1 -9999 -9999 -9999 -9999 -9999 -9999 -9999 -9999 -9999 -9999 -9999 -9999 -9999 -9999 -9999 -9999 -9999 -9999 -9999 -9999 -9999 -9999 -9999 -9999 -9999 -9999 -9999 -9999
6.25306E-3 9.3704E-3 1.65494E-2 2.17981E-2 2.9147E-2 6.11625E-2 4.60119E-2 1.47647E-2 2.8613E-2 3.05907E-2 5.35083E-2 4.74385E-2 4.20219E-2 3.80005E-2 3.87973E-2 1.68388E-2 7.4112E-2 6.58364E-2 6.05149E-2 6.10183E-2 6.07618E-2 4.51022E-2 2.08382E-2 -9999 1.65329E-2 7.1461E-2 8.95939E-2 6.4865E-2 1.09166E-1 1.96564E-2 1.94616E-1 2.25957E-1 -9999 -9999 -9999 -9999 -9999 -9999 -9999 -9999 -9999 -9999 -9999 -9999 -9999 -9999 -9999 -9999 -9999 -9999 -9999 -9999 -9999 -9999 -9999 -9999 -9999 -9999 -9999 -9999
6.47632E-3 9.87598E-3 9.14314E-3 1.75075E-2 2.69183E-2 5.99386E-2 6.22067E-2 2.51458E-2 2.57962E-2 3.00355E-2 5.08778E-2 4.11882E-2 3.60137E-2 1.43686E-2 2.42221E-2 1.26402E-2 3.94087E-2 7.76358E-2 6.92544E-2 7.49262E-2 6.90797E-2 4.60691E-2 2.03434E-2 2.07282E-2 1.37471E-2 6.80546E-2 8.46083E-2 7.80106E-2 1.06935E-1 4.95647E-2 1.63559E-1 2.2943E-1 2.65212E-1 -9999 -9999 -9999 -9999 -9999 -9999 -9999 -9999 -9999 -9999 -9999 -9999 -9999 -9999 -9999 -9999 -9999 -9999 -9999 -9999 -9999 -9999 -9999 -9999 -9999 -9999 -9999
9.30106E-3 1.30127E-2 9.64059E-3 1.50803E-2 2.06741E-2 5.24197E-2 6.62089E-2 6.43009E-2 2.77875E-2 1.38708E-2 2.56603E-2 2.54893E-2 2.37519E-2 1.93573E-2 2.19414E-2 3.16301E-2 6.54155E-2 4.29126E-2 8.66027E-2 8.18168E-2 7.83553E-2 3.82165E-2 2.21674E-2 2.47791E-2 2.66466E-2 8.53612E-2 9.71272E-2 9.26438E-2 9.14822E-2 4.44546E-2 4.77193E-2 2.23799E-1 2.62869E-1 -9999 -9999 -9999 -9999 -9999 -9999 -9999 -9999 -9999 -9999 -9999 -9999 -9999 -9999 -9999 -9999 -9999 -9999 -9999 -9999 -9999 -9999 -9999 -9999 -9999 -9999 -9999
8.78963E-3 1.32641E-2 1.30496E-2 1.50006E-2 1.87134E-2 4.89843E-2 6.22042E-2 5.72006E-2 3.72544E-2 3.09596E-2 1.02751E-2 2.78144E-2 3.47867E-2 3.12579E-2 3.73322E-2 4.02883E-2 4.93074E-2 6.7783E-2 3.7082E-2 4.62013E-2 8.66609E-2 4.69246E-2 2.76465E-2 2.99617E-2 4.34154E-2 8.72007E-2 1.05195E-1 1.30362E-1 1.18054E-1 8.35167E-2 7.4754E-2 1.93161E-1 2.43655E-1 -9999 -9999 -9999 -9999 -9999 -9999 -9999 -9999 -9999 -9999 -9999 -9999 -9999 -9999 -9999 -9999 -9999 -9999 -9999 -9999 -9999 -9999 -9999 -9999 -9999 -9999 -9999
5.99102E-3 7.20366E-3 8.29495E-3 9.86566E-3 1.07049E-2 1.49673E-2 1.70365E-2 1.65269E-2 1.30989E-2 1.32754E-2 2.64935E-2 1.8654E-2 3.40667E-2 5.98519E-2 5.82787E-2 5.73524E-2 5.73869E-2 6.07422E-2 5.74333E-2 3.65864E-2 5.34105E-2 5.51977E-2 2.94823E-2 3.36588E-2 4.41538E-2 4.07926E-2 4.31053E-2 4.9057E-2 4.93541E-2 5.69831E-2 1.26958E-1 1.84534E-1 2.21553E-1 1.34109E-1 -9999 -9999 -9999 -9999 -9999 -9999 -9999 -9999 -9999 -9999 -9999 -9999 -9999 -9999 -9999 -9999 -9999 -9999 -9999 -9999 -9999 -9999 -9999 -9999 -9999 -9999
6.24692E-3 7.47857E-3 8.86929E-3 1.1687E-2 1.40786E-2 1.69541E-2 1.05507E-2 1.65792E-2 1.32913E-2 1.41802E-2 1.54535E-2 3.02581E-2 4.92024E-2 5.05711E-2 5.11886E-2 5.28834E-2 2.49422E-2 3.09061E-2 6.20278E-2 5.59386E-2 2.75436E-2 6.37492E-2 5.31552E-2 4.37921E-2 4.80821E-2 4.18517E-2 7.11595E-2 5.87561E-2 4.9077E-2 6.0264E-2 1.31518E-1 1.75271E-1 2.12082E-1 2.22048E-1 1.23292E-1 -9999 -9999 -9999 -9999 -9999 -9999 -9999 -9999 -9999 -9999 -9999 -9999 -9999 -9999 -9999 -9999 -9999 -9999 -9999 -9999 -9999 -9999 -9999 -9999 -9999
7.65043E-3 7.46815E-3 9.56668E-3 1.01461E-2 1.54172E-2 1.90798E-2 1.21423E-2 1.44835E-2 1.33864E-2 1.27411E-2 3.54294E-2 3.2318E-2 4.80469E-2 5.97114E-2 4.86713E-2 5.52495E-2 6.14372E-2 5.98962E-2 5.39662E-2 5.83721E-2 6.67088E-2 4.98771E-2 3.37199E-2 6.66383E-2 4.45981E-2 5.85623E-2 7.26464E-2 6.11297E-2 5.27028E-2 6.55208E-2 1.62874E-1 1.83616E-1 2.36434E-1 1.08455E-1 2.07484E-1 1.17417E-1 -9999 -9999 -9999 -9999 -9999 -9999 -9999 -9999 -9999 -9999 -9999 -9999 -9999 -9999 -9999 -9999 -9999 -9999 -9999 -9999 -9999 -9999 -9999 -9999
6.66553E-3 6.99468E-3 8.63945E-3 1.10178E-2 9.39007E-3 1.91727E-2 1.32915E-2 7.91459E-3 1.15032E-2 9.11851E-3 3.59496E-2 4.45003E-2 4.91838E-2 5.57223E-2 6.59338E-2 3.11324E-2 6.23933E-2 5.18706E-2 4.72235E-2 5.44432E-2 4.28863E-2 6.90709E-2 4.07574E-2 1.38942E-2 5.65074E-3 2.45229E-2 3.62783E-2 6.03547E-2 5.98754E-2 7.46851E-2 1.16352E-1 2.00487E-1 1.39817E-1 1.97668E-1 1.79815E-1 2.04583E-1 -9999 -9999 -9999 -9999 -9999 -9999 -9999 -9999 -9999 -9999 -9999 -9999 -9999 -9999 -9999 -9999 -9999 -9999 -9999 -9999 -9999 -9999 -9999 -9999
6.98323E-3 7.49175E-3 8.82737E-3 1.16679E-2 7.83755E-3 1.84255E-2 1.5307E-2 9.14985E-3 9.54848E-3 2.27237E-2 3.49201E-2 3.8515E-2 4.44321E-2 5.33912E-2 6.45911E-2 3.3507E-2 6.79048E-2 5.73779E-2 4.62617E-2 4.16865E-2 1.76213E-2 5.3544E-2 3.21168E-2 2.65339E-2 2.56338E-2 1.20989E-2 3.81186E-2 4.977E-2 6.91634E-2 8.8392E-2 1.99825E-1 1.0672E-1 2.14852E-1 1.73984E-1 1.66332E-1 1.88868E-1 1.76378E-1 1.85287E-1 -9999 -9999 -9999 -9999 -9999 -9999 -9999 -9999 -9999 -9999 -9999 -9999 -9999 -9999 -9999 -9999 -9999 -9999 -9999 -9999 -9999 -9999
9.14416E-3 9.38922E-3 1.01826E-2 1.28828E-2 1.105E-2 3.89916E-2 3.20889E-2 2.72285E-2 2.23108E-2 3.43601E-2 3.60678E-2 1.93433E-2 3.42227E-2 4.05829E-2 4.9822E-2 6.57703E-2 3.9292E-2 5.70575E-2 4.33133E-2 3.4342E-2 5.63307E-3 2.40458E-2 2.41788E-2 2.11296E-2 1.99652E-2 2.6777E-2 1.20576E-2 3.18567E-2 5.55528E-2 2.6135E-2 9.32438E-2 3.86902E-2 1.352E-1 1.16579E-1 1.50052E-1 1.63452E-1 1.43067E-1 1.53978E-1 1.17015E-1 1.48377E-1 -9999 -9999 -9999 -9999 -9999 -9999 -9999 -9999 -9999 -9999 -9999 -9999 -9999 -9999 -9999 -9999 -9999 -9999 -9999 -9999
6.16696E-3 1.18089E-2 1.23635E-2 1.28442E-2 1.00423E-2 3.86364E-2 4.14376E-2 3.61489E-2 3.31878E-2 3.59042E-2 3.98696E-2 2.8756E-2 3.74948E-2 4.56367E-2 5.33873E-2 6.49792E-2 4.82575E-2 6.51689E-2 5.493E-2 2.64666E-2 6.42025E-3 2.36046E-2 2.66926E-2 2.2803E-2 2.52521E-2 1.52815E-2 3.57261E-2 3.37575E-2 3.14765E-2 6.31322E-2 1.23416E-1 1.13029E-1 6.35558E-2 1.25791E-1 1.54267E-1 7.08375E-2 6.02026E-2 1.17788E-1 1.40615E-1 1.39983E-1 1.46165E-1 9.90014E-2 1.65927E-1 -9999 -9999 -9999 -9999 -9999 -9999 -9999 -9999 -9999 -9999 -9999 -9999 -9999 -9999 -9999 -9999 -9999
8.60196E-3 9.21936E-3 8.66496E-3 1.18159E-2 1.6685E-2 3.58705E-2 3.71008E-2 2.5971E-2 4.02484E-2 4.54079E-2 4.82077E-2 4.52454E-2 3.62417E-2 5.05166E-2 4.11757E-2 6.43925E-2 2.61965E-2 5.14569E-2 4.47884E-2 1.59389E-2 1.77752E-2 4.47402E-2 3.17625E-2 2.72366E-2 1.21623E-2 3.76024E-2 4.28597E-2 3.89739E-2 2.37474E-2 6.11598E-2 9.59997E-2 8.22976E-2 7.60816E-2 1.78574E-2 1.53666E-1 6.99161E-2 1.42062E-1 1.40729E-1 1.36233E-1 1.32873E-1 1.24189E-1 8.70263E-2 1.4629E-1 1.71697E-1 1.01163E-1 -9999 -9999 -9999 -9999 -9999 -9999 -9999 -9999 -9999 -9999 -9999 -9999 -9999 -9999 -9999
8.33859E-3 7.15195E-3 7.16027E-3 7.64154E-3 1.71533E-2 3.45466E-2 3.68364E-2 4.36262E-2 3.28548E-2 3.65846E-2 3.04726E-2 3.29849E-2 5.16658E-2 5.52309E-2 2.63781E-2 6.17537E-2 3.63583E-2 2.27819E-2 2.50939E-2 3.76913E-2 9.75495E-3 5.12533E-2 2.06942E-2 1.7958E-2 3.11958E-2 3.57237E-2 3.90324E-2 3.83283E-2 3.97628E-2 6.36672E-2 9.45759E-2 7.86971E-2 9.0434E-2 1.40556E-1 1.19492E-1 1.461E-1 1.26912E-1 1.21555E-1 1.1562E-1 1.08541E-1 7.08235E-2 5.334E-2 1.03323E-1 1.42839E-1 1.75587E-1 -9999 -9999 -9999 -9999 -9999 -9999 -9999 -9999 -9999 -9999 -9999 -9999 -9999 -9999 -9999
8.71627E-3 9.24318E-3 1.12378E-2 1.40615E-2 1.40483E-2 3.61957E-2 3.32582E-2 3.84339E-2 4.29084E-2 4.57076E-2 5.32135E-2 5.68042E-2 4.82923E-2 5.84258E-2 5.6956E-2 5.85614E-2 4.70442E-2 2.87711E-2 2.23476E-2 3.31044E-2 1.73643E-2 5.45646E-2 5.91954E-2 4.98514E-2 2.55157E-2 3.97956E-2 4.55902E-2 2.24516E-2 3.31599E-2 5.14059E-2 9.82508E-2 9.28076E-2 9.78633E-2 1.11138E-1 5.7844E-2 3.8645E-2 5.28209E-2 1.00275E-1 1.05592E-1 9.26831E-2 5.99262E-2 5.34298E-2 8.76383E-2 1.26903E-1 1.80858E-1 -9999 -9999 -9999 -9999 -9999 -9999 -9999 -9999 -9999 -9999 -9999 -9999 -9999 -9999 -9999
8.16073E-3 3.78324E-3 1.10639E-2 1.34585E-2 1.28841E-2 3.71663E-2 3.34424E-2 3.36764E-2 3.70643E-2 3.94985E-2 4.46645E-2 5.01055E-2 5.79483E-2 5.39354E-2 5.00638E-2 5.25169E-2 4.14237E-2 3.68956E-2 3.05536E-2 2.80748E-2 3.23632E-2 4.9424E-2 4.92292E-2 2.47189E-2 1.54086E-2 2.05163E-2 1.5883E-2 2.00058E-2 2.19821E-2 5.13957E-2 1.0791E-1 1.06171E-1 1.10338E-1 9.77647E-2 5.64512E-2 8.36141E-2 -9999 2.79358E-2 7.28725E-2 6.97064E-2 5.17752E-2 7.78024E-2 7.25769E-2 1.22789E-1 1.60813E-1 -9999 -9999 -9999 -9999 -9999 -9999 -9999 -9999 -9999 -9999 -9999 -9999 -9999 -9999 -9999
8.49283E-3 8.11449E-3 1.15671E-2 1.2642E-2 1.75806E-2 3.57395E-2 3.33002E-2 3.2787E-2 3.64228E-2 4.05043E-2 4.17669E-2 4.17985E-2 4.61887E-2 5.40585E-2 4.86296E-2 5.12125E-2 4.06995E-2 3.78824E-2 3.50814E-2 3.44861E-2 3.36734E-2 4.17478E-2 4.37434E-2 2.42638E-2 2.05109E-2 1.87824E-2 2.09264E-2 2.2116E-2 2.04672E-2 3.91129E-2 8.65792E-2 1.15305E-1 7.3897E-2 8.32816E-2 1.10027E-1 9.13312E-2 3.96367E-2 3.41426E-2 5.72538E-2 9.8155E-2 8.68848E-2 1.28089E-1 1.55642E-1 1.4905E-1 1.49573E-1 2.20671E-1 -9999 -9999 -9999 -9999 -9999 -9999 -9999 -9999 -9999 -9999 -9999 -9999 -9999 -9999
9.77041E-3 1.07449E-2 1.05708E-2 9.67429E-3 1.57217E-2 2.99996E-2 2.87677E-2 3.55612E-2 4.34037E-2 4.57709E-2 4.65365E-2 4.24081E-2 4.719E-2 5.70589E-2 6.1803E-2 5.87131E-2 4.64915E-2 4.41682E-2 4.09918E-2 1.99917E-2 4.08982E-2 4.5437E-2 4.7786E-2 2.94089E-2 2.85597E-2 3.09928E-2 2.22929E-2 3.49904E-2 2.35721E-2 2.62765E-2 5.63905E-2 9.18029E-2 5.85871E-2 9.58545E-2 8.76685E-2 7.96676E-2 8.93941E-2 9.76332E-2 1.13759E-1 4.61167E-2 6.43519E-2 1.20851E-1 1.2958E-1 1.48671E-1 1.1999E-1 2.20775E-1 2.33831E-1 -9999 -9999 -9999 -9999 -9999 -9999 -9999 -9999 -9999 -9999 -9999 -9999 -9999
4.32764E-3 7.5768E-3 3.63776E-3 2.39835E-3 1.12443E-2 2.99986E-2 3.47847E-2 3.97144E-2 4.52809E-2 4.98682E-2 4.74523E-2 4.23113E-2 4.75144E-2 5.44392E-2 2.84138E-2 7.05668E-2 5.48451E-2 5.21837E-2 4.85786E-2 2.17007E-2 4.41043E-2 2.5384E-2 2.60207E-2 3.30166E-2 4.1122E-2 2.30866E-2 4.70444E-2 5.40932E-2 3.39835E-2 3.46305E-2 7.08802E-2 1.11012E-1 1.27064E-1 1.0761E-1 9.9005E-2 9.64024E-2 7.74415E-2 6.01268E-2 7.2661E-2 8.84723E-2 7.36985E-2 1.13368E-1 1.5438E-1 5.9335E-2 2.99902E-2 7.27055E-2 1.39886E-1 -9999 -9999 -9999 -9999 -9999 -9999 -9999 -9999 -9999 -9999 -9999 -9999 -9999
4.06194E-3 2.102E-3 3.22389E-3 5.15043E-3 1.1159E-2 2.79253E-2 3.4914E-2 4.23946E-2 2.81191E-2 5.06621E-2 4.88832E-2 4.27246E-2 5.00082E-2 5.75167E-2 6.3731E-2 4.13371E-2 3.75852E-2 2.69472E-2 3.92566E-2 3.75254E-2 1.77784E-2 1.00417E-2 8.74583E-3 1.55885E-2 6.14052E-2 7.97466E-2 6.64499E-2 3.04584E-2 1.43373E-2 1.33562E-2 5.13499E-2 7.55001E-2 9.64501E-2 9.97299E-2 9.50248E-2 7.35621E-2 3.39371E-2 4.41828E-2 4.45554E-2 4.85769E-2 5.10857E-2 5.39946E-2 5.9617E-2 5.86786E-2 5.67678E-2 1.37589E-1 2.28725E-1 -9999 -9999 -9999 -9999 -9999 -9999 -9999 -9999 -9999 -9999 -9999 -9999 -9999
1.78115E-2 5.13699E-3 6.55042E-3 1.35653E-2 2.01266E-2 2.43747E-2 1.09248E-2 1.41366E-2 3.85313E-2 4.31967E-2 6.6258E-2 5.91458E-2 6.52068E-2 6.73031E-2 8.51287E-2 1.23008E-1 1.21129E-1 9.92121E-2 1.19367E-1 1.31625E-1 7.68286E-2 5.05309E-2 6.13937E-2 8.24246E-2 1.87176E-1 2.04533E-1 7.9296E-2 7.10835E-2 8.08064E-2 4.87471E-2 1.62755E-1 2.25252E-1 2.63129E-1 3.12116E-1 3.50033E-1 4.23758E-1 3.32221E-1 2.31015E-1 1.93165E-1 1.64077E-1 2.59755E-1 1.48695E-1 3.24793E-1 3.26181E-1 4.81546E-1 3.78405E-1 3.7205E-1 4.45816E-1 -9999 -9999 -9999 -9999 -9999 -9999 -9999 -9999 -9999 -9999 -9999 -9999
8.63339E-3 5.85686E-3 6.89111E-3 1.24477E-2 2.06213E-2 2.36904E-2 1.37327E-2 2.95848E-2 3.14015E-2 3.59263E-2 5.8064E-2 5.36121E-2 5.74034E-2 6.04547E-2 7.48178E-2 1.0715E-1 1.07754E-1 9.94568E-2 1.18009E-1 7.71012E-2 1.60652E-1 6.27357E-2 1.36604E-1 1.6055E-1 1.69439E-1 1.00163E-1 8.11015E-2 9.2185E-2 1.23556E-1 9.16351E-2 1.34249E-1 2.18528E-1 3.04753E-1 3.66996E-1 3.50962E-1 4.14417E-1 4.17467E-1 3.58372E-1 2.2017E-1 2.336E-1 3.09052E-1 3.25294E-1 3.03514E-1 4.42277E-1 4.91597E-1 3.14454E-1 4.45206E-1 3.72513E-1 4.16145E-1 3.35789E-1 -9999 -9999 -9999 -9999 -9999 -9999 -9999 -9999 -9999 -9999
8.26787E-3 8.00214E-3 8.67238E-3 1.04779E-2 1.72105E-2 2.21557E-2 1.20069E-2 2.86891E-2 2.83452E-2 3.63349E-2 6.46909E-2 6.13207E-2 6.05206E-2 6.07521E-2 7.50435E-2 1.11381E-1 1.14569E-1 1.20338E-1 1.1923E-1 9.7525E-2 6.48377E-2 1.32081E-1 1.40911E-1 1.38542E-1 1.09168E-1 7.38597E-2 8.03174E-2 1.20962E-1 1.98461E-1 1.44116E-1 8.82294E-2 1.04707E-1 2.07543E-1 3.87009E-1 3.82092E-1 3.98322E-1 3.77385E-1 3.70739E-1 3.45269E-1 3.72956E-1 4.23438E-1 4.77182E-1 2.94255E-1 2.30132E-1 4.00012E-1 5.04326E-1 4.72308E-1 4.39661E-1 4.41091E-1 2.71129E-1 1.82406E-1 1.75869E-1 -9999 -9999 -9999 -9999 -9999 -9999 -9999 -9999
1.54526E-2 1.45798E-2 8.77951E-3 1.25152E-2 1.51545E-2 1.29822E-2 1.94247E-2 3.0765E-2 3.3419E-2 4.3437E-2 7.44201E-2 7.14153E-2 7.71943E-2 8.09996E-2 9.05824E-2 1.18266E-1 9.57919E-2 4.51474E-2 9.72848E-2 9.93414E-2 2.39207E-2 8.1101E-2 1.28633E-1 6.64816E-2 1.99691E-2 4.71486E-2 1.03354E-1 1.78773E-1 2.04861E-1 2.50004E-1 1.5672E-1 2.39511E-1 2.1196E-1 2.50217E-1 4.06286E-1 4.22323E-1 3.87694E-1 3.9253E-1 3.8548E-1 4.37631E-1 4.86809E-1 4.54753E-1 2.35457E-1 3.2683E-1 3.50444E-1 3.32381E-1 4.35569E-1 2.26348E-1 4.53125E-1 2.94463E-1 2.3496E-1 2.37586E-1 2.48557E-1 -9999 -9999 -9999 -9999 -9999 -9999 -9999
2.52917E-2 7.63835E-3 1.37402E-2 1.18825E-2 1.94912E-2 2.18391E-2 1.84661E-2 1.49409E-2 2.0154E-2 1.90341E-2 7.17729E-2 7.446E-2 8.51817E-2 7.52318E-2 7.86841E-2 9.95195E-2 1.26346E-1 6.81647E-2 8.42377E-2 9.37203E-2 4.31967E-2 -9999 4.81163E-2 3.12591E-2 2.65074E-2 5.16427E-2 9.2937E-2 1.83446E-1 2.13799E-1 2.78694E-1 3.02953E-1 2.85964E-1 2.62338E-1 3.99099E-1 4.08665E-1 4.22348E-1 3.91733E-1 4.01211E-1 3.92817E-1 4.11683E-1 4.73603E-1 4.81416E-1 4.41343E-1 4.00914E-1 3.82899E-1 4.43827E-1 4.37793E-1 2.56007E-1 4.78417E-1 3.95193E-1 1.09149E-1 2.1855E-1 2.81911E-1 -9999 -9999 -9999 -9999 -9999 -9999 -9999
