Phytophthora/models/20240430_1155_37/Phytophthora_PA3_RUN5_MAXENT_outputs/Phytophthora_PA3_RUN5.asc
ncols         225
nrows         269
xllcorner     473000.0
yllcorner     4429100.0
cellsize      50.0
NODATA_value  -9999
[rows 108 to 134 of 269, columns 60 to 119 of 225]
5.62025E-2 5.34286E-2 8.8046E-2 1.41045E-1 1.68803E-1 2.27493E-1 2.40394E-1 1.30132E-1 9.47739E-2 1.27466E-1 5.41027E-2 7.3241E-2 3.89736E-2 2.93984E-2 2.63431E-2 5.27088E-2 6.70679E-2 7.18525E-2 8.70133E-2 1.10951E-1 1.87404E-1 1.4257E-1 9.34197E-2 7.0458E-2 1.15566E-1 1.37326E-1 6.39993E-2 7.0009E-2 8.42756E-2 8.64985E-2 1.43753E-1 8.69874E-2 6.81545E-2 8.11306E-2 8.62559E-2 2.00788E-1 3.04734E-1 4.25618E-1 4.75698E-1 5.10203E-1 5.52693E-1 4.04975E-1 5.27025E-1 5.13376E-1 2.23938E-1 2.29928E-1 7.3809E-2 1.94956E-1 2.27546E-1 2.77576E-1 3.06635E-1 4.45072E-1 4.59131E-1 4.59875E-1 4.064E-1 3.28978E-1 7.90454E-2 2.05033E-1 3.69958E-1 4.62055E-1
4.86974E-2 3.09891E-2 3.59591E-2 6.07451E-2 5.59929E-2 2.45881E-1 2.23487E-1 1.94577E-1 1.76013E-1 1.3602E-1 6.99113E-2 7.39311E-2 5.1987E-2 3.57193E-2 3.02571E-2 6.18115E-2 8.41532E-2 1.0294E-1 1.16882E-1 1.70398E-1 1.64853E-1 1.42258E-1 1.6353E-1 2.0667E-1 2.34379E-1 1.72692E-1 1.25753E-1 1.05184E-1 1.12101E-1 1.20547E-1 1.58146E-1 1.26063E-1 1.19335E-1 1.04106E-1 1.12214E-1 2.05389E-1 3.08271E-1 3.88922E-1 4.46399E-1 4.87866E-1 5.47347E-1 5.71404E-1 4.17898E-1 2.79158E-1 4.16681E-1 2.08461E-1 1.17072E-1 1.38635E-1 2.03167E-1 2.48092E-1 3.68109E-1 3.17607E-1 3.79985E-1 3.90329E-1 4.37117E-1 3.61421E-1 4.76853E-1 2.19412E-1 1.24528E-1 4.86471E-1
6.21624E-2 5.86857E-2 2.20697E-2 4.76461E-2 8.59282E-2 1.99874E-1 1.79294E-1 1.82884E-1 7.52283E-2 1.62273E-1 7.94323E-2 8.26851E-2 6.19358E-2 4.9275E-2 4.55671E-2 7.41152E-2 1.08536E-1 8.76511E-2 5.35125E-2 1.22041E-1 1.54261E-1 1.99953E-1 2.22979E-1 2.361E-1 1.4575E-1 1.39534E-1 1.39141E-1 1.37118E-1 1.42236E-1 1.25581E-1 1.79575E-1 1.65537E-1 1.5087E-1 1.30451E-1 1.42772E-1 2.42465E-1 4.13109E-1 4.52137E-1 4.62533E-1 4.86441E-1 4.78844E-1 4.88421E-1 2.48963E-1 1.13321E-1 2.1965E-1 1.93013E-1 9.67422E-2 2.56295E-1 3.13619E-1 4.44642E-1 4.59172E-1 4.74216E-1 4.86884E-1 4.71624E-1 3.98906E-1 2.56137E-1 2.7571E-1 2.94211E-1 4.5146E-1 1.28532E-1
7.77081E-2 6.94343E-2 5.21175E-2 6.25156E-2 8.18165E-2 1.28994E-1 1.38028E-1 1.53605E-1 4.2766E-2 1.94436E-1 1.87509E-1 1.88864E-1 1.10837E-1 1.54882E-1 1.75131E-1 1.10676E-1 1.25828E-1 1.18411E-1 5.98266E-2 1.13739E-1 1.75388E-1 2.17556E-1 2.23177E-1 2.16935E-1 1.55213E-1 1.9267E-1 1.44958E-1 1.45618E-1 1.80239E-1 1.99036E-1 2.11891E-1 1.82371E-1 1.45297E-1 1.348E-1 1.32706E-1 8.13721E-2 5.61371E-2 8.21377E-2 1.50196E-1 2.43267E-1 3.4578E-1 2.80162E-1 2.31107E-1 2.8563E-1 1.24523E-1 1.61296E-1 1.73307E-1 2.48333E-1 3.52659E-1 4.39154E-1 5.44564E-1 5.40739E-1 5.19354E-1 5.08379E-1 4.81052E-1 3.18001E-1 4.14702E-1 4.50544E-1 3.97188E-1 2.1918E-1
1.26325E-1 7.62513E-2 5.40297E-2 9.14074E-2 8.12041E-2 1.38975E-1 1.44794E-1 1.62686E-1 1.99249E-1 2.01937E-1 2.16718E-1 1.95196E-1 1.29506E-1 1.53943E-1 2.0119E-1 1.42583E-1 1.4521E-1 7.60431E-2 1.48675E-1 1.5385E-1 2.10085E-1 2.32409E-1 2.51859E-1 2.10486E-1 1.81701E-1 1.72519E-1 7.76561E-2 1.78146E-1 1.76692E-1 2.02679E-1 1.18787E-1 1.09312E-1 2.03749E-1 1.88698E-1 1.03303E-1 6.32172E-2 7.99443E-2 1.21642E-1 1.91213E-1 1.58973E-1 1.51831E-1 2.65107E-1 3.68982E-1 4.3865E-1 9.7534E-2 1.52038E-1 1.9399E-1 3.81158E-1 4.55537E-1 4.86139E-1 5.5334E-1 5.19743E-1 5.4678E-1 5.33554E-1 4.58425E-1 3.57225E-1 3.69756E-1 4.05962E-1 4.29473E-1 4.16622E-1
1.05293E-1 5.09651E-2 7.176E-2 8.66506E-2 8.14499E-2 1.13216E-1 1.57438E-1 1.84644E-1 2.20465E-1 1.21643E-1 2.32169E-1 1.58158E-1 1.35893E-1 1.76545E-1 2.2612E-1 1.27873E-1 9.14768E-2 6.56456E-2 1.40113E-1 1.68837E-1 2.39476E-1 2.52342E-1 1.69258E-1 2.74354E-1 2.6172E-1 2.50037E-1 2.48501E-1 2.64399E-1 2.45049E-1 2.23175E-1 1.18341E-1 1.91027E-1 2.39209E-1 1.23451E-1 1.0494E-1 8.25363E-2 1.40342E-1 2.06845E-1 1.6126E-1 1.72523E-1 1.86775E-1 2.19755E-1 2.29687E-1 1.95943E-1 2.07255E-1 2.64093E-1 2.63693E-1 3.80068E-1 2.73681E-1 3.87955E-1 4.75599E-1 3.5634E-1 3.87264E-1 3.6499E-1 3.6784E-1 2.30526E-1 2.54837E-1 3.48211E-1 3.99736E-1 3.30701E-1
1.03437E-1 1.01141E-1 8.71425E-2 1.0106E-1 1.10576E-1 1.5537E-1 1.66196E-1 1.85068E-1 8.91913E-2 1.29779E-1 1.46711E-1 1.63005E-1 1.21327E-1 1.58457E-1 2.20387E-1 1.60244E-1 1.68786E-1 1.15401E-1 9.77476E-2 1.2131E-1 1.53287E-1 1.34075E-1 2.13349E-1 2.50062E-1 1.75076E-1 2.23368E-1 2.5788E-1 2.50871E-1 1.84102E-1 8.89824E-2 4.88068E-2 7.68297E-2 1.70425E-1 1.68733E-1 6.97159E-2 3.93136E-2 4.64575E-2 6.32185E-2 9.71291E-2 1.12849E-1 1.93301E-1 2.89221E-1 2.43666E-1 2.63098E-1 4.19686E-1 2.89479E-1 7.0345E-2 3.00514E-1 2.51406E-1 1.85733E-1 2.44756E-1 4.488E-1 4.17658E-1 5.78943E-1 4.9502E-1 4.0476E-1 3.93218E-1 4.18512E-1 3.71617E-1 3.69103E-1
7.86232E-2 9.73158E-2 8.15978E-2 9.85338E-2 9.77766E-2 1.75283E-1 1.6414E-1 1.24321E-1 1.70999E-1 1.51544E-1 3.7977E-2 9.13376E-2 8.52767E-2 9.03817E-2 1.69376E-1 1.57824E-1 5.5671E-2 1.26738E-1 1.02252E-1 1.43695E-1 2.38436E-1 2.48143E-1 2.34657E-1 2.28784E-1 2.13731E-1 2.36866E-1 2.31967E-1 1.77376E-1 8.16919E-2 5.60746E-2 4.0895E-2 1.04303E-1 1.76133E-1 1.65551E-1 1.52257E-1 4.30491E-2 8.7922E-2 9.03634E-2 7.1555E-2 1.10462E-1 1.92955E-1 1.49538E-1 1.95342E-1 1.5549E-1 3.10358E-1 2.21247E-1 1.34294E-1 2.29933E-1 9.41005E-2 2.30498E-1 3.41597E-1 4.86225E-1 4.93887E-1 6.52081E-1 5.75764E-1 4.24178E-1 4.41643E-1 4.67279E-1 4.46269E-1 4.1182E-1
3.62474E-1 2.41686E-1 2.15084E-1 3.17919E-1 3.24827E-1 3.52952E-1 2.66092E-1 1.04983E-1 1.93301E-1 1.81732E-1 2.25527E-1 2.7533E-1 3.30523E-1 2.50838E-1 3.28191E-1 3.75449E-1 3.50405E-1 3.28494E-1 3.65149E-1 3.68163E-1 2.74982E-1 2.38755E-1 2.66971E-1 2.79517E-1 3.00334E-1 2.26092E-1 1.88604E-1 1.83279E-1 9.39568E-2 7.73703E-2 7.9575E-2 9.73378E-2 2.11017E-1 2.22067E-1 2.47731E-1 2.17174E-1 1.72627E-1 1.63293E-1 1.89868E-1 2.91689E-1 4.15924E-1 3.43665E-1 2.65298E-1 4.44526E-1 4.3805E-1 2.46414E-1 1.96766E-1 7.07315E-2 1.24318E-1 9.63666E-2 6.09856E-1 7.20994E-1 7.07516E-1 6.90368E-1 5.79497E-1 3.74571E-1 4.90664E-1 5.2923E-1 5.04658E-1 3.72523E-1
2.99055E-1 2.41338E-1 2.54946E-1 3.55598E-1 3.12705E-1 3.46772E-1 1.0912E-1 1.80433E-1 1.93698E-1 1.74463E-1 3.27361E-1 1.42335E-1 3.8973E-1 3.02166E-1 3.01671E-1 3.32316E-1 3.91126E-1 2.71028E-1 2.8513E-1 3.18146E-1 2.0115E-1 2.54046E-1 2.71892E-1 2.91545E-1 2.61553E-1 1.72078E-1 1.55297E-1 1.14914E-1 7.64423E-2 7.38326E-2 9.51796E-2 9.87162E-2 1.6315E-1 1.41776E-1 2.5632E-1 3.67995E-1 1.97388E-1 4.11435E-1 3.00652E-1 1.6569E-1 3.15006E-1 3.3865E-1 3.6617E-1 5.09566E-1 5.54905E-1 3.62282E-1 2.86438E-1 1.92305E-1 1.70166E-1 1.96717E-1 4.89248E-1 6.5437E-1 6.6281E-1 5.24374E-1 4.65888E-1 3.96466E-1 5.00842E-1 5.43333E-1 3.5215E-1 5.30334E-1
2.38575E-1 3.16567E-1 2.85417E-1 2.47186E-1 1.26036E-1 1.5724E-1 1.66881E-1 2.12366E-1 2.4736E-1 2.74206E-1 3.48625E-1 4.085E-1 4.47737E-1 2.96749E-1 4.03684E-1 2.63405E-1 3.14252E-1 2.85348E-1 3.1239E-1 3.12969E-1 1.69861E-1 2.25038E-1 2.65377E-1 2.55336E-1 1.9218E-1 1.6361E-1 8.968E-2 5.70591E-2 5.49782E-2 9.34744E-2 1.39915E-1 1.40836E-1 1.47789E-1 1.22822E-1 2.39437E-1 3.5664E-1 3.22864E-1 4.1025E-1 4.10508E-1 2.96228E-1 4.18916E-1 6.02742E-1 5.49978E-1 4.57002E-1 5.3651E-1 3.4545E-1 2.53617E-1 2.11012E-1 9.89869E-2 2.20311E-1 4.39446E-1 4.35099E-1 5.65795E-1 5.56787E-1 5.79022E-1 5.18226E-1 5.07414E-1 5.22477E-1 5.51522E-1 5.13916E-1
3.13472E-1 3.90534E-1 3.8424E-1 3.42867E-1 1.06012E-1 1.88333E-1 1.61728E-1 1.92805E-1 2.24069E-1 1.90037E-1 2.90911E-1 2.89919E-1 1.53626E-1 4.53651E-1 2.51413E-1 3.99587E-1 3.23687E-1 3.07559E-1 2.98054E-1 2.31759E-1 1.40218E-1 1.5782E-1 2.25273E-1 2.27079E-1 1.58708E-1 1.67989E-1 7.71219E-2 6.97918E-2 8.93549E-2 1.6686E-1 1.99902E-1 1.78901E-1 1.91357E-1 1.77193E-1 3.1404E-1 3.75052E-1 3.89053E-1 1.94785E-1 2.59379E-1 3.59478E-1 4.48257E-1 5.59765E-1 5.5831E-1 5.21307E-1 4.73798E-1 3.07763E-1 3.11968E-1 1.90207E-1 9.6818E-2 1.77513E-1 3.97571E-1 5.00678E-1 4.13618E-1 5.33049E-1 6.09581E-1 4.93878E-1 4.84943E-1 4.98951E-1 5.17578E-1 5.20612E-1
3.83371E-1 4.16735E-1 3.58421E-1 3.45127E-1 1.36159E-1 2.22894E-1 2.13027E-1 2.41006E-1 2.55353E-1 2.82784E-1 3.57172E-1 3.78616E-1 3.95021E-1 2.64701E-1 1.81067E-1 3.45152E-1 3.7943E-1 3.57055E-1 3.04177E-1 2.50655E-1 1.25535E-1 1.33245E-1 2.32898E-1 2.18003E-1 2.10292E-1 1.78108E-1 8.78125E-2 1.26507E-1 1.78747E-1 1.95762E-1 2.29152E-1 2.06514E-1 2.11653E-1 2.27151E-1 3.19385E-1 2.79981E-1 3.8398E-1 2.35741E-1 3.88602E-1 4.31738E-1 4.25605E-1 5.28182E-1 5.22517E-1 5.07102E-1 4.47335E-1 2.40924E-1 1.59659E-1 1.51369E-1 1.27266E-1 1.55808E-1 3.92596E-1 4.71992E-1 6.1526E-1 6.31654E-1 5.71572E-1 4.61375E-1 5.48897E-1 5.13879E-1 5.07594E-1 5.55279E-1
2.41946E-1 4.6188E-1 3.61542E-1 3.67444E-1 2.25857E-1 2.64655E-1 1.99979E-1 3.13523E-1 2.85227E-1 3.25519E-1 4.32878E-1 4.62119E-1 4.74191E-1 2.75118E-1 2.90227E-1 4.28672E-1 4.16529E-1 3.61627E-1 3.17324E-1 2.3697E-1 1.50349E-1 2.89904E-1 2.88553E-1 2.77679E-1 3.21979E-1 2.47057E-1 2.00903E-1 2.65959E-1 2.83489E-1 3.20036E-1 4.35935E-1 3.93614E-1 3.63952E-1 4.10946E-1 4.88229E-1 4.22162E-1 4.27735E-1 4.38622E-1 2.52383E-1 3.93321E-1 2.99342E-1 4.30195E-1 4.37387E-1 4.30377E-1 3.87133E-1 2.7503E-1 2.22949E-1 2.34049E-1 2.15689E-1 2.0217E-1 2.58571E-1 3.31709E-1 5.12887E-1 5.60596E-1 5.87261E-1 6.45609E-1 5.20686E-1 3.90641E-1 4.13112E-1 5.35233E-1
4.57006E-1 4.28259E-1 3.57617E-1 3.97346E-1 2.40656E-1 3.69246E-1 1.75659E-1 1.31728E-1 2.13447E-1 2.39233E-1 3.49258E-1 4.25784E-1 4.80972E-1 3.45054E-1 4.99307E-1 4.39607E-1 4.14804E-1 3.60314E-1 3.30697E-1 2.76267E-1 2.95262E-1 3.42147E-1 2.30082E-1 3.66463E-1 3.77435E-1 3.31418E-1 3.0309E-1 3.0627E-1 3.20324E-1 3.46163E-1 4.6153E-1 4.17205E-1 3.72663E-1 3.79193E-1 4.74698E-1 4.24404E-1 4.5714E-1 4.26278E-1 4.10316E-1 3.30298E-1 2.91117E-1 3.9769E-1 4.07681E-1 3.88768E-1 3.63737E-1 2.86945E-1 2.6201E-1 2.88285E-1 2.93416E-1 2.15086E-1 2.64571E-1 2.76357E-1 4.10754E-1 5.07241E-1 5.45788E-1 6.62326E-1 5.96657E-1 3.36109E-1 4.18929E-1 4.89356E-1
4.11651E-1 3.77922E-1 3.92084E-1 4.28566E-1 3.19382E-1 3.41895E-1 1.62777E-1 1.25219E-1 1.16069E-1 1.10152E-1 1.75546E-1 2.05709E-1 4.253E-1 3.42514E-1 4.95498E-1 4.41775E-1 4.12643E-1 3.77842E-1 3.65626E-1 3.55578E-1 3.46773E-1 3.53479E-1 4.01734E-1 4.34224E-1 3.67886E-1 3.63938E-1 3.47878E-1 3.35527E-1 3.40523E-1 3.6072E-1 2.36183E-1 4.25657E-1 3.76212E-1 3.78569E-1 4.93798E-1 4.33353E-1 2.8409E-1 4.19184E-1 3.547E-1 3.40694E-1 3.34817E-1 3.63941E-1 3.65188E-1 3.82067E-1 3.8878E-1 3.28435E-1 3.32567E-1 3.45003E-1 3.7165E-1 2.94954E-1 3.2099E-1 3.3327E-1 4.32618E-1 4.91674E-1 5.52892E-1 6.84843E-1 6.38367E-1 5.26137E-1 3.65628E-1 4.38344E-1
3.67045E-1 3.8759E-1 4.27389E-1 2.55911E-1 3.78216E-1 2.84538E-1 1.66123E-1 1.40122E-1 1.6675E-1 1.69263E-1 2.51989E-1 2.66336E-1 2.88646E-1 4.50763E-1 3.66613E-1 4.43984E-1 4.35068E-1 4.33753E-1 4.40862E-1 3.95268E-1 3.54603E-1 3.72492E-1 3.68199E-1 3.37812E-1 3.49927E-1 3.49924E-1 3.76345E-1 3.3402E-1 3.38746E-1 1.234E-1 2.51791E-1 3.92866E-1 3.71526E-1 3.95333E-1 4.65033E-1 3.73652E-1 2.21691E-1 4.181E-1 3.46049E-1 3.10362E-1 3.42488E-1 3.39998E-1 3.73902E-1 4.12307E-1 3.63724E-1 3.42703E-1 3.72275E-1 3.87699E-1 3.81879E-1 3.4502E-1 3.68418E-1 3.39244E-1 4.67742E-1 5.28073E-1 5.59419E-1 6.58149E-1 6.89255E-1 6.47066E-1 5.02538E-1 5.26156E-1
3.53695E-1 3.96194E-1 4.34357E-1 2.95573E-1 3.57724E-1 2.01169E-1 1.56703E-1 1.69426E-1 2.07158E-1 2.22128E-1 3.37066E-1 3.71504E-1 3.90174E-1 3.07734E-1 7.7968E-2 4.47814E-1 5.19636E-1 4.82195E-1 4.41876E-1 3.97944E-1 3.20383E-1 2.68709E-1 2.51107E-1 2.49274E-1 3.42745E-1 3.27998E-1 3.84385E-1 3.25772E-1 3.26975E-1 1.52611E-1 2.7233E-1 2.78525E-1 3.51949E-1 3.73336E-1 4.48322E-1 3.24056E-1 2.76901E-1 4.09369E-1 3.20605E-1 2.99342E-1 3.43736E-1 3.70941E-1 4.08116E-1 4.30217E-1 4.05053E-1 3.98251E-1 4.45255E-1 4.43749E-1 4.30514E-1 4.32511E-1 4.14627E-1 2.55103E-1 4.59734E-1 5.63949E-1 6.09577E-1 6.94993E-1 6.70159E-1 5.92301E-1 6.66258E-1 6.48762E-1
4.10266E-1 4.71161E-1 4.75062E-1 3.94257E-1 3.7688E-1 2.77182E-1 2.30806E-1 3.54802E-1 4.24534E-1 3.94216E-1 4.01956E-1 4.3908E-1 4.97801E-1 4.94372E-1 2.19259E-1 4.62317E-1 4.35818E-1 4.10857E-1 3.62142E-1 3.13762E-1 2.969E-1 3.22444E-1 3.41615E-1 4.19473E-1 4.80953E-1 3.86569E-1 4.85104E-1 4.28221E-1 4.21581E-1 2.02412E-1 2.73051E-1 2.54073E-1 2.94799E-1 3.28301E-1 3.66109E-1 1.70404E-1 1.07688E-1 2.94825E-1 2.25901E-1 2.1883E-1 2.61633E-1 3.04132E-1 3.38856E-1 3.70132E-1 3.87113E-1 3.75968E-1 4.19415E-1 4.11979E-1 4.07127E-1 3.28956E-1 3.43984E-1 2.8287E-1 3.31458E-1 4.96267E-1 5.42215E-1 4.03293E-1 4.4484E-1 4.49629E-1 4.14866E-1 4.17081E-1
4.14103E-1 4.69406E-1 4.45871E-1 4.75257E-1 3.46807E-1 3.25343E-1 3.07995E-1 3.6635E-1 4.6261E-1 4.28666E-1 4.03588E-1 4.25917E-1 4.66815E-1 4.25154E-1 1.79389E-1 4.20716E-1 4.16483E-1 3.72069E-1 2.71221E-1 2.41638E-1 3.14446E-1 3.19836E-1 2.3654E-1 2.53415E-1 4.92212E-1 5.14621E-1 4.67707E-1 4.17711E-1 4.08071E-1 2.90197E-1 3.08407E-1 2.85784E-1 2.9425E-1 1.29911E-1 1.73381E-1 1.25335E-1 7.78265E-2 2.78888E-1 2.78805E-1 1.74978E-1 2.62829E-1 3.3564E-1 3.70361E-1 4.09952E-1 4.45383E-1 3.33594E-1 2.97545E-1 2.92269E-1 4.48833E-1 3.1789E-1 3.51753E-1 3.83056E-1 2.39404E-1 5.26521E-1 5.34844E-1 4.32328E-1 4.04209E-1 4.00023E-1 3.75373E-1 4.01715E-1
2.91769E-1 2.9469E-1 3.10389E-1 3.02091E-1 3.04542E-1 3.4214E-1 3.25244E-1 3.74772E-1 4.28457E-1 4.50202E-1 4.26874E-1 4.09364E-1 4.5607E-1 4.64579E-1 4.82886E-1 3.83219E-1 3.41994E-1 3.09008E-1 2.2466E-1 2.94161E-1 3.35917E-1 3.11132E-1 2.43685E-1 3.27393E-1 4.06831E-1 5.35146E-1 4.61188E-1 3.82591E-1 3.90496E-1 3.97301E-1 3.26213E-1 3.43264E-1 3.00653E-1 2.50699E-1 1.73117E-1 1.08884E-1 1.68152E-1 2.19042E-1 2.47813E-1 2.74498E-1 2.58561E-1 2.28209E-1 3.30396E-1 3.75828E-1 4.5366E-1 4.12116E-1 4.31201E-1 4.74608E-1 3.56252E-1 2.25095E-1 4.34302E-1 5.41482E-1 3.95732E-1 4.89149E-1 4.98599E-1 4.29852E-1 4.15631E-1 4.0077E-1 3.64563E-1 3.74911E-1
2.34384E-1 2.69956E-1 2.95937E-1 3.44695E-1 3.96947E-1 4.57862E-1 2.58659E-1 4.20275E-1 5.08115E-1 4.72277E-1 4.51199E-1 4.29991E-1 4.55359E-1 4.59108E-1 4.34813E-1 3.62147E-1 3.37161E-1 3.36519E-1 2.65929E-1 3.85103E-1 4.26212E-1 3.92735E-1 3.11852E-1 4.44914E-1 5.20431E-1 5.12966E-1 4.30359E-1 3.46977E-1 3.6599E-1 3.6514E-1 3.47962E-1 3.39936E-1 3.2686E-1 2.98271E-1 1.98038E-1 1.05758E-1 1.84538E-1 2.46066E-1 2.46461E-1 2.31798E-1 3.01444E-1 3.45465E-1 3.54223E-1 4.0808E-1 3.98497E-1 3.59357E-1 4.1452E-1 4.47837E-1 2.72844E-1 2.82661E-1 5.08157E-1 5.26925E-1 4.74166E-1 4.76826E-1 5.13875E-1 4.55335E-1 2.58915E-1 4.21923E-1 3.9473E-1 4.12435E-1
2.16834E-1 2.69397E-1 2.82207E-1 2.04871E-1 4.70935E-1 5.00586E-1 3.41121E-1 2.67138E-1 3.83834E-1 4.73717E-1 4.43009E-1 4.53042E-1 4.95897E-1 2.0946E-1 4.59975E-1 3.95652E-1 3.82928E-1 4.07657E-1 4.12766E-1 4.36465E-1 4.92648E-1 4.99206E-1 4.14986E-1 4.31882E-1 4.79106E-1 4.80246E-1 3.96758E-1 3.66346E-1 3.90348E-1 4.04624E-1 4.08728E-1 3.83803E-1 3.69775E-1 3.66587E-1 3.0161E-1 1.99374E-1 1.95596E-1 2.05353E-1 2.00951E-1 3.31572E-1 3.277E-1 3.10782E-1 3.26035E-1 3.78911E-1 4.05275E-1 3.73506E-1 4.46027E-1 4.39463E-1 2.49746E-1 2.73384E-1 4.82049E-1 5.36277E-1 5.33751E-1 5.49843E-1 5.65482E-1 4.49827E-1 2.60449E-1 4.22098E-1 4.01087E-1 4.60568E-1
2.26231E-1 2.19256E-1 2.54244E-1 3.27421E-1 4.18567E-1 5.05221E-1 3.26937E-1 2.21287E-1 3.45307E-1 4.55454E-1 5.00361E-1 4.61162E-1 5.19808E-1 4.65544E-1 5.36249E-1 6.17135E-1 6.33577E-1 6.10134E-1 5.62359E-1 5.23948E-1 3.6541E-1 3.66975E-1 5.41808E-1 5.59866E-1 5.29864E-1 4.19242E-1 3.40058E-1 3.0971E-1 3.39411E-1 3.46973E-1 2.79553E-1 2.65313E-1 2.79631E-1 3.11724E-1 2.93734E-1 2.00742E-1 2.10809E-1 2.96703E-1 3.21951E-1 3.48247E-1 2.5033E-1 1.46742E-1 2.30176E-1 2.97676E-1 3.58001E-1 3.12197E-1 3.94048E-1 3.83938E-1 3.25237E-1 2.62294E-1 3.40024E-1 3.91339E-1 3.76387E-1 2.08169E-1 4.2344E-1 4.63144E-1 4.25051E-1 3.99245E-1 3.17361E-1 6.23019E-2
1.86101E-1 1.7325E-1 2.81496E-1 2.15845E-1 4.19237E-1 4.29777E-1 3.26509E-1 2.89349E-1 3.38668E-1 4.02024E-1 5.44734E-1 3.29918E-1 3.67069E-1 5.34147E-1 4.8333E-1 6.40386E-1 4.11143E-1 4.79588E-1 6.55722E-1 6.56948E-1 6.18816E-1 6.02356E-1 5.42393E-1 6.1039E-1 5.65183E-1 4.48974E-1 4.02802E-1 3.6334E-1 4.06091E-1 2.01489E-1 3.51804E-1 3.62206E-1 3.55334E-1 3.7094E-1 3.98587E-1 3.4492E-1 1.96359E-1 3.20414E-1 3.01504E-1 3.26763E-1 2.74299E-1 1.30984E-1 2.35594E-1 3.01692E-1 3.62117E-1 3.22466E-1 2.94829E-1 2.93799E-1 4.14887E-1 3.4738E-1 3.64834E-1 3.55762E-1 3.20323E-1 3.66927E-1 3.95046E-1 4.54411E-1 4.13408E-1 4.38193E-1 2.69724E-1 2.37905E-1
1.71029E-1 2.03115E-1 1.02144E-1 2.93183E-1 3.104E-1 3.06031E-1 2.72215E-1 3.25623E-1 4.11598E-1 4.62133E-1 6.00649E-1 3.98428E-1 2.40173E-1 4.10505E-1 1.52754E-1 4.77899E-1 6.08433E-1 5.91652E-1 6.35221E-1 6.12848E-1 5.881E-1 5.78597E-1 6.28729E-1 5.46632E-1 5.64294E-1 2.94025E-1 2.81314E-1 3.81569E-1 2.5102E-1 2.21984E-1 2.69934E-1 2.88209E-1 3.29809E-1 3.19296E-1 3.64548E-1 3.38399E-1 3.83279E-1 2.1566E-1 3.38485E-1 3.66075E-1 3.02852E-1 2.4051E-1 2.25898E-1 2.92721E-1 3.48314E-1 2.87274E-1 3.54583E-1 4.15104E-1 2.6777E-1 3.36566E-1 3.76612E-1 3.10303E-1 3.94325E-1 3.25136E-1 3.5141E-1 4.0452E-1 4.05003E-1 2.04833E-1 3.89838E-1 2.73416E-1
2.26619E-1 2.41715E-1 3.82198E-1 3.70852E-1 1.8641E-1 3.56385E-1 3.28132E-1 4.68953E-1 5.05745E-1 3.85386E-1 5.91784E-1 5.90631E-1 5.42469E-1 5.75414E-1 2.52272E-1 6.2436E-1 6.17021E-1 6.00578E-1 5.94506E-1 5.8123E-1 5.35348E-1 3.32861E-1 5.91611E-1 5.9025E-1 4.9768E-1 4.26146E-1 4.14577E-1 4.22103E-1 2.03806E-1 2.63797E-1 3.06744E-1 2.51332E-1 3.01867E-1 3.14009E-1 3.31316E-1 3.21899E-1 3.73674E-1 3.0586E-1 2.86058E-1 3.887E-1 3.25044E-1 3.09528E-1 2.55237E-1 2.77119E-1 3.27331E-1 2.86642E-1 3.21131E-1 3.98061E-1 4.11157E-1 4.03023E-1 3.92847E-1 3.88592E-1 3.48775E-1 3.30978E-1 3.38547E-1 3.49422E-1 2.57967E-1 3.7087E-1 2.8138E-1 2.2056E-1
