Phytophthora/models/20240604_1618_19/Phytophthora_PA3_RUN4_MAXENT_outputs/projMaxent.asc
ncols         225
nrows         269
xllcorner     473009.9838
yllcorner     4429051.1748
cellsize      50.0
NODATA_value  -9999
[rows 104 to 129 of 269, columns 0 to 58 of 225]
-9999 -9999 -9999 -9999 -9999 -9999 -9999 -9999 -9999 -9999 -9999 1.84773E-1 1.55217E-1 1.68091E-1 1.75279E-1 3.59556E-1 2.05204E-1 8.43163E-2 6.04699E-2 4.93517E-2 4.52715E-2 4.69565E-2 3.28581E-2 4.51376E-2 1.97124E-1 3.89399E-1 1.79038E-1 6.30807E-2 1.15753E-1 2.60052E-1 1.07804E-1 8.52468E-2 6.02684E-2 4.61002E-2 7.38086E-2 9.00903E-2 7.2541E-2 4.65443E-2 5.75682E-2 3.24742E-2 2.19758E-2 1.37636E-2 1.14484E-2 6.80751E-3 1.76056E-2 2.1494E-2 1.29984E-2 2.82123E-2 2.65668E-2 9.6143E-3 1.48806E-2 9.11542E-3 1.03782E-2 1.4132E-2 4.59446E-2 2.64134E-2 6.80615E-3 1.18177E-2 2.67967E-2
-9999 -9999 -9999 -9999 -9999 -9999 -9999 -9999 -9999 -9999 -9999 3.96327E-1 3.30046E-1 3.30915E-1 3.07882E-1 3.30209E-1 1.693E-1 8.24931E-2 1.0312E-1 9.30285E-2 1.356E-1 1.04292E-1 7.57193E-2 2.87584E-1 3.63671E-1 3.52997E-1 2.80888E-1 1.27776E-1 1.26522E-1 9.92258E-2 4.72923E-2 6.99939E-2 6.49439E-2 5.36397E-2 8.36181E-2 8.31638E-2 1.13542E-1 1.08261E-1 1.00188E-1 3.83797E-2 3.30311E-2 2.07882E-2 1.62822E-2 1.49226E-2 1.43169E-2 4.78422E-2 5.97394E-2 3.89156E-2 3.01307E-2 2.94831E-2 1.93469E-2 1.13697E-2 9.37603E-3 1.39989E-2 2.83629E-2 9.09185E-3 4.75246E-3 6.59582E-3 1.06118E-2
-9999 -9999 -9999 -9999 -9999 -9999 -9999 -9999 -9999 -9999 5.39115E-1 6.59757E-1 4.56919E-1 5.30718E-1 2.47298E-1 1.93247E-1 1.71584E-1 1.37412E-1 1.00189E-1 7.73374E-2 1.69749E-1 1.75672E-1 2.8254E-1 2.26434E-1 3.72818E-1 2.42087E-1 1.38468E-1 1.5591E-1 1.59499E-1 9.40329E-2 5.27918E-2 3.83957E-2 4.75104E-2 5.44016E-2 1.19734E-1 9.80146E-2 1.33109E-1 1.09783E-1 1.30004E-1 5.32444E-2 4.06715E-2 2.10842E-2 1.44924E-2 2.73663E-2 6.68683E-2 6.42451E-2 5.33224E-2 3.75873E-2 4.2219E-2 4.86848E-2 2.46427E-2 2.41926E-2 3.15663E-2 3.03024E-2 1.78621E-2 4.78429E-3 6.9236E-3 7.9255E-3 8.39776E-3
-9999 -9999 -9999 -9999 -9999 -9999 -9999 -9999 -9999 -9999 4.99456E-1 7.33537E-1 6.59285E-1 3.07541E-1 1.96561E-1 2.27815E-1 2.02192E-1 1.97683E-1 1.12278E-1 1.10617E-1 2.45037E-1 5.10568E-1 6.18836E-1 6.40014E-1 3.20075E-1 1.58285E-1 1.04942E-1 1.08141E-1 1.02884E-1 8.35068E-2 7.26659E-2 6.04072E-2 4.55924E-2 7.32353E-2 1.28964E-1 1.08726E-1 1.46355E-1 1.22618E-1 1.18387E-1 9.55132E-2 6.08968E-2 4.42046E-2 3.30235E-2 6.71381E-2 9.50025E-2 8.66757E-2 5.76457E-2 6.68127E-2 7.01288E-2 6.99986E-2 8.28756E-2 7.57356E-2 7.25748E-2 5.26726E-2 1.22688E-2 4.48982E-3 5.94013E-3 7.7019E-3 9.35623E-3
-9999 -9999 -9999 -9999 -9999 -9999 -9999 -9999 -9999 -9999 3.86558E-1 6.0225E-1 5.39214E-1 3.84685E-1 1.99885E-1 2.5467E-1 1.73187E-1 2.16744E-1 2.24378E-1 1.51986E-1 3.16074E-1 8.60479E-1 6.21187E-1 4.68169E-1 1.43433E-1 1.10684E-1 5.66331E-2 6.60076E-2 8.34791E-2 8.23062E-2 7.61341E-2 5.83525E-2 4.09005E-2 1.02864E-1 1.84183E-1 1.44952E-1 1.39933E-1 2.18761E-1 1.40755E-1 1.35013E-1 1.56775E-1 8.33857E-2 4.42075E-2 4.05647E-2 8.02937E-2 1.01162E-1 1.03977E-1 6.66829E-2 4.51162E-2 9.6203E-2 1.36552E-1 8.26151E-2 1.22314E-1 9.49273E-2 2.00791E-2 1.5326E-2 1.79991E-2 1.83426E-2 1.28398E-2
-9999 -9999 -9999 -9999 -9999 -9999 -9999 -9999 -9999 -9999 3.72688E-1 4.25622E-1 5.85383E-1 5.36411E-1 2.28132E-1 2.09954E-1 1.63576E-1 3.81753E-1 4.3477E-1 2.60018E-1 5.69357E-1 8.30487E-1 8.30177E-1 4.00019E-1 1.84437E-1 9.81188E-2 4.28153E-2 3.0057E-2 4.64531E-2 6.5665E-2 6.46581E-2 4.96862E-2 8.31073E-2 1.99654E-1 2.0279E-1 1.93106E-1 2.39091E-1 2.60443E-1 1.9885E-1 1.97225E-1 1.39486E-1 1.77718E-1 6.39005E-2 3.37267E-2 5.78114E-2 1.19759E-1 1.34193E-1 1.04297E-1 9.60305E-2 1.34604E-1 1.5377E-1 1.5582E-1 1.61939E-1 1.02724E-1 2.79221E-2 4.48863E-2 5.09087E-2 3.02352E-2 1.14906E-2
-9999 -9999 -9999 -9999 -9999 -9999 -9999 -9999 -9999 8.56371E-1 5.60934E-1 6.30943E-1 4.23979E-1 4.37992E-1 3.80442E-1 2.46293E-1 2.72468E-1 5.34975E-1 4.91513E-1 3.14675E-1 7.83472E-1 7.75572E-1 5.57303E-1 3.54363E-1 2.34408E-1 8.70988E-2 3.6586E-2 2.96818E-2 3.3769E-2 4.96272E-2 6.11627E-2 8.13426E-2 1.75765E-1 3.04273E-1 3.02572E-1 2.51725E-1 2.89382E-1 2.55851E-1 2.26477E-1 2.22023E-1 1.90363E-1 1.59146E-1 1.87958E-1 1.06152E-1 6.5942E-2 1.54726E-1 1.31728E-1 1.30867E-1 1.37069E-1 1.17909E-1 1.02165E-1 1.61117E-1 2.04485E-1 1.25595E-1 3.07727E-2 6.64113E-2 8.16398E-2 2.02343E-2 9.00518E-3
-9999 -9999 -9999 -9999 -9999 -9999 -9999 -9999 8.73689E-1 6.36035E-1 5.99954E-1 7.55281E-1 4.95636E-1 4.3416E-1 3.5257E-1 1.96845E-1 3.52386E-1 6.45878E-1 6.30952E-1 8.17531E-1 8.79258E-1 6.4951E-1 3.66101E-1 1.97221E-1 1.11534E-1 7.16712E-2 4.88907E-2 4.63174E-2 3.90188E-2 3.63843E-2 3.93235E-2 1.00752E-1 2.42292E-1 3.08503E-1 4.1842E-1 4.10216E-1 3.30135E-1 2.57552E-1 2.39863E-1 2.80723E-1 2.91669E-1 2.19176E-1 2.76153E-1 2.41956E-1 1.8334E-1 1.2346E-1 1.28578E-1 1.4176E-1 1.69442E-1 1.82042E-1 9.05847E-2 1.65732E-1 3.03954E-1 2.90499E-1 1.1529E-1 1.74574E-1 9.41862E-2 1.94423E-2 9.11494E-3
-9999 -9999 -9999 -9999 -9999 -9999 -9999 -9999 6.21119E-1 4.58318E-1 6.6099E-1 8.27531E-1 5.77388E-1 5.04506E-1 2.3047E-1 2.05796E-1 3.23895E-1 5.58512E-1 9.22557E-1 7.82628E-1 9.18401E-1 5.64401E-1 3.55224E-1 1.516E-1 1.32796E-1 9.74359E-2 7.79167E-2 6.45957E-2 5.14744E-2 4.97187E-2 5.24095E-2 1.19523E-1 3.16164E-1 4.3665E-1 4.38955E-1 4.79331E-1 3.90568E-1 3.42802E-1 2.8052E-1 3.17496E-1 2.99279E-1 2.67637E-1 2.81603E-1 3.85987E-1 3.53376E-1 1.65316E-1 1.4001E-1 1.46768E-1 2.09298E-1 2.8813E-1 1.2902E-1 1.37034E-1 3.48796E-1 4.1843E-1 2.50978E-1 1.40169E-1 7.13979E-2 1.43475E-2 9.05836E-3
-9999 -9999 -9999 -9999 -9999 -9999 -9999 -9999 5.88711E-1 6.87252E-1 7.32649E-1 7.02957E-1 6.72533E-1 4.73132E-1 3.05737E-1 2.40513E-1 4.23405E-1 9.55649E-1 8.77879E-1 8.4805E-1 6.03256E-1 4.9494E-1 3.67186E-1 2.21563E-1 3.22839E-1 3.91551E-1 4.43091E-1 2.12925E-1 1.05344E-1 1.20328E-1 1.60044E-1 1.63744E-1 1.47998E-1 4.69602E-1 6.05304E-1 5.31251E-1 4.23202E-1 3.80771E-1 2.77908E-1 2.82456E-1 3.63689E-1 3.57536E-1 3.24078E-1 4.11197E-1 4.28674E-1 3.32389E-1 2.99429E-1 1.8319E-1 2.39102E-1 2.57354E-1 1.91692E-1 1.03859E-1 4.04595E-1 4.23799E-1 2.85178E-1 1.23422E-1 8.20873E-2 1.72726E-2 9.64378E-3
-9999 -9999 -9999 -9999 -9999 -9999 -9999 3.41723E-1 8.3581E-1 9.05825E-1 7.80509E-1 4.54081E-1 4.5629E-1 5.01491E-1 4.73794E-1 4.09452E-1 3.81893E-1 5.2235E-1 8.50971E-1 5.23077E-1 5.56298E-1 5.97398E-1 3.77652E-1 2.55105E-1 5.64268E-1 4.3655E-1 4.83725E-1 2.14402E-1 1.51008E-1 1.37872E-1 1.84662E-1 1.96383E-1 1.37005E-1 2.79056E-1 4.80633E-1 4.96138E-1 4.27005E-1 2.47984E-1 2.33182E-1 1.53118E-1 1.8034E-1 3.32767E-1 4.00211E-1 3.83405E-1 4.49171E-1 4.31034E-1 4.47184E-1 2.77644E-1 2.77582E-1 4.37868E-1 2.23646E-1 2.75775E-1 2.66154E-1 3.60604E-1 2.17887E-1 1.25986E-1 7.39141E-2 2.15183E-2 1.65203E-2
-9999 -9999 -9999 -9999 -9999 -9999 2.65153E-1 4.04733E-1 7.7518E-1 7.91838E-1 6.72197E-1 4.83806E-1 6.45769E-1 5.2423E-1 3.97466E-1 3.98439E-1 2.48403E-1 4.00417E-1 6.86711E-1 5.35355E-1 5.67521E-1 6.61106E-1 3.57611E-1 3.729E-1 4.92191E-1 5.55736E-1 2.38574E-1 1.42777E-1 1.2079E-1 9.57544E-2 9.25207E-2 8.88419E-2 1.08285E-1 2.71582E-1 4.32927E-1 3.80138E-1 3.62299E-1 2.77827E-1 2.24098E-1 1.60827E-1 1.84355E-1 1.95671E-1 2.52084E-1 4.65747E-1 6.25543E-1 5.22111E-1 4.9316E-1 4.14381E-1 6.04466E-1 5.37065E-1 3.64315E-1 4.33647E-1 3.67188E-1 3.72204E-1 1.83297E-1 1.40539E-1 1.33496E-1 8.20221E-2 7.03961E-2
-9999 -9999 -9999 -9999 -9999 -9999 -9999 4.78897E-1 4.11872E-1 5.89977E-1 5.72059E-1 5.52165E-1 4.13705E-1 3.95492E-1 3.59085E-1 2.66448E-1 2.72613E-1 4.26854E-1 6.434E-1 4.15963E-1 4.95773E-1 5.19108E-1 3.82593E-1 3.37536E-1 3.5713E-1 2.93093E-1 2.72365E-1 1.88062E-1 1.74098E-1 1.06162E-1 7.16154E-2 5.83058E-2 8.76466E-2 3.7591E-1 3.88068E-1 2.39551E-1 2.47466E-1 2.67404E-1 2.78853E-1 3.4656E-1 3.73856E-1 2.01557E-1 2.30558E-1 5.16461E-1 6.1042E-1 4.63233E-1 4.32373E-1 5.8089E-1 4.08851E-1 4.65115E-1 3.35467E-1 2.85326E-1 2.21729E-1 5.08072E-1 1.9349E-1 1.54926E-1 1.07098E-1 9.17392E-2 6.28033E-2
-9999 -9999 -9999 -9999 -9999 -9999 -9999 -9999 4.28976E-1 4.17444E-1 4.02876E-1 3.02876E-1 2.83669E-1 3.3522E-1 3.83369E-1 2.00108E-1 2.15734E-1 2.54246E-1 4.07523E-1 3.65889E-1 2.82714E-1 3.30436E-1 4.00144E-1 3.57059E-1 3.09935E-1 6.27894E-1 7.7691E-1 3.63678E-1 2.9113E-1 2.29916E-1 1.47445E-1 7.05954E-2 1.30115E-1 3.10603E-1 2.25674E-1 1.7508E-1 1.842E-1 2.87297E-1 2.94868E-1 5.20941E-1 7.17977E-1 4.22976E-1 2.9186E-1 5.53501E-1 4.75416E-1 3.33913E-1 2.4352E-1 3.76003E-1 2.33231E-1 2.30592E-1 2.45216E-1 2.40701E-1 3.21737E-1 1.75043E-1 1.90558E-1 1.80812E-1 1.28994E-1 9.77226E-2 1.14764E-1
-9999 -9999 -9999 -9999 -9999 -9999 -9999 -9999 3.30729E-1 4.18782E-1 4.45201E-1 3.48001E-1 3.07867E-1 4.04685E-1 3.4296E-1 2.32342E-1 3.31472E-1 2.6067E-1 3.03707E-1 2.44072E-1 2.13044E-1 2.297E-1 1.75982E-1 1.97666E-1 2.2982E-1 6.3801E-1 9.48051E-1 5.84962E-1 4.61259E-1 4.53363E-1 2.26559E-1 1.42549E-1 1.48029E-1 1.02532E-1 4.97293E-2 5.16636E-2 7.03134E-2 9.08547E-2 2.61077E-1 5.39875E-1 7.13342E-1 3.85119E-1 4.98754E-1 5.12283E-1 3.3633E-1 1.87974E-1 1.11506E-1 2.92064E-1 2.97988E-1 1.9166E-1 1.75598E-1 1.24648E-1 8.71286E-2 8.71294E-2 9.5414E-2 6.1412E-2 5.68474E-2 1.61535E-1 5.21982E-2
-9999 -9999 -9999 -9999 -9999 -9999 -9999 -9999 -9999 3.4695E-1 4.20409E-1 4.52554E-1 4.86855E-1 4.64673E-1 2.87258E-1 2.69631E-1 3.34998E-1 2.43309E-1 1.93315E-1 1.99017E-1 1.51265E-1 1.51161E-1 2.98035E-1 1.93545E-1 1.90791E-1 6.96607E-1 9.80832E-1 9.57865E-1 4.55364E-1 4.50287E-1 3.76694E-1 1.90344E-1 1.05226E-1 5.14898E-2 5.34107E-2 8.19015E-2 1.33806E-1 1.43574E-1 3.62051E-1 5.23417E-1 2.95897E-1 2.23842E-1 3.92517E-1 5.80868E-1 2.38182E-1 1.08095E-1 1.90514E-1 2.23711E-1 2.07069E-1 1.12497E-1 4.40766E-2 4.46838E-2 3.76821E-2 4.14511E-2 5.04997E-2 4.32849E-2 6.2866E-2 8.75004E-2 3.07423E-2
-9999 -9999 -9999 -9999 -9999 -9999 -9999 -9999 -9999 -9999 4.93007E-1 4.15515E-1 7.01175E-1 5.87984E-1 2.55696E-1 2.43432E-1 2.59604E-1 1.98549E-1 1.93589E-1 1.92675E-1 1.92119E-1 1.99777E-1 2.62771E-1 1.98329E-1 2.62023E-1 6.97963E-1 9.90876E-1 9.80951E-1 6.66855E-1 7.34269E-1 4.96453E-1 1.61392E-1 6.32368E-2 5.66941E-2 6.92686E-2 1.12342E-1 1.31426E-1 2.13488E-1 3.11585E-1 4.83844E-1 2.31779E-1 2.70221E-1 3.23883E-1 4.09664E-1 1.23313E-1 1.20702E-1 1.91397E-1 1.95697E-1 1.29489E-1 2.89668E-2 3.81844E-2 3.81403E-2 4.68221E-2 4.64811E-2 5.34966E-2 5.75449E-2 4.87868E-2 5.67561E-2 3.42056E-2
-9999 -9999 -9999 -9999 -9999 -9999 -9999 -9999 -9999 -9999 -9999 -9999 7.73191E-1 5.63509E-1 3.69588E-1 2.2327E-1 2.62145E-1 2.96597E-1 2.71284E-1 2.37464E-1 3.10337E-1 2.77674E-1 2.91455E-1 2.43937E-1 1.91696E-1 3.46119E-1 9.18436E-1 7.64129E-1 6.37754E-1 6.724E-1 2.87704E-1 1.01228E-1 6.67581E-2 7.22831E-2 9.59022E-2 2.26309E-1 2.8258E-1 2.98297E-1 4.07625E-1 3.20502E-1 1.88514E-1 2.33814E-1 3.42472E-1 3.24476E-1 7.22644E-2 1.51647E-1 2.36348E-1 1.02302E-1 3.30838E-2 3.2083E-2 4.77032E-2 6.94816E-2 1.03154E-1 6.5213E-2 6.65601E-2 6.56522E-2 4.5446E-2 4.99694E-2 4.49031E-2
-9999 -9999 -9999 -9999 -9999 -9999 -9999 -9999 -9999 -9999 -9999 -9999 8.8568E-1 3.02939E-1 4.04846E-1 1.83311E-1 1.94517E-1 2.51766E-1 3.62823E-1 4.50118E-1 4.62597E-1 4.22235E-1 3.46362E-1 3.13962E-1 2.57646E-1 2.63998E-1 7.89186E-1 6.71777E-1 5.50451E-1 2.31255E-1 1.31782E-1 6.52664E-2 6.96383E-2 8.49935E-2 1.23144E-1 2.73934E-1 4.03403E-1 4.51332E-1 5.70166E-1 3.23819E-1 2.27321E-1 2.05066E-1 2.84013E-1 1.96012E-1 1.53488E-1 1.41134E-1 1.38418E-1 3.9285E-2 3.2397E-2 3.42131E-2 4.36191E-2 5.29832E-2 1.13571E-1 6.32163E-2 8.43502E-2 4.73141E-2 3.68644E-2 3.87571E-2 5.24129E-2
-9999 -9999 -9999 -9999 -9999 -9999 -9999 -9999 -9999 -9999 -9999 -9999 -9999 3.9513E-1 3.09586E-1 1.49617E-1 1.47327E-1 2.16403E-1 3.46052E-1 4.39683E-1 4.93447E-1 4.98229E-1 4.75251E-1 3.63474E-1 4.10164E-1 3.91789E-1 9.04452E-1 6.30791E-1 3.54317E-1 1.16016E-1 6.95601E-2 6.04227E-2 6.46347E-2 7.85751E-2 1.41534E-1 3.58139E-1 2.36538E-1 4.39745E-1 7.808E-1 2.46703E-1 2.34323E-1 2.55594E-1 3.36871E-1 1.31557E-1 1.73457E-1 1.28708E-1 4.85258E-2 4.63915E-2 4.19343E-2 3.93658E-2 4.42926E-2 4.79623E-2 7.71385E-2 8.00311E-2 5.69215E-2 4.67382E-2 4.47163E-2 4.49135E-2 6.06568E-2
-9999 -9999 -9999 -9999 -9999 -9999 -9999 -9999 -9999 -9999 -9999 -9999 -9999 2.46936E-1 1.98684E-1 1.33929E-1 1.67274E-1 3.39182E-1 5.07773E-1 3.88751E-1 4.91569E-1 4.78704E-1 4.57209E-1 6.88867E-1 7.80229E-1 8.49103E-1 9.58232E-1 5.78721E-1 1.59744E-1 7.81273E-2 6.51003E-2 6.44653E-2 6.05952E-2 8.17755E-2 2.25693E-1 3.56767E-1 3.13156E-1 5.80107E-1 7.17538E-1 1.99309E-1 1.46222E-1 1.64927E-1 2.47837E-1 1.93751E-1 1.8771E-1 6.411E-2 7.64902E-2 6.42119E-2 8.76462E-2 6.47791E-2 9.01075E-2 7.25521E-2 7.24724E-2 6.42189E-2 4.99402E-2 5.71957E-2 5.53655E-2 4.83684E-2 7.85234E-2
-9999 -9999 -9999 -9999 -9999 -9999 -9999 -9999 -9999 -9999 -9999 -9999 -9999 -9999 2.08843E-1 1.52506E-1 2.18153E-1 3.83511E-1 4.46028E-1 3.72433E-1 3.51055E-1 3.54051E-1 6.78659E-1 9.48139E-1 8.16042E-1 8.335E-1 3.55159E-1 1.9198E-1 1.45797E-1 8.36924E-2 7.78697E-2 8.40574E-2 6.64065E-2 8.5443E-2 1.42105E-1 2.49378E-1 1.90573E-1 4.87884E-1 4.98824E-1 1.96342E-1 1.21043E-1 1.05127E-1 1.16187E-1 7.2713E-2 4.45396E-2 5.47146E-2 7.0227E-2 6.76093E-2 8.12208E-2 5.29453E-2 1.0456E-1 7.49949E-2 1.03539E-1 9.35405E-2 6.56529E-2 8.35188E-2 7.0118E-2 4.77789E-2 9.64719E-2
-9999 -9999 -9999 -9999 -9999 -9999 -9999 -9999 -9999 -9999 -9999 -9999 -9999 -9999 2.21152E-1 1.98168E-1 3.10931E-1 3.06089E-1 3.01603E-1 3.38667E-1 3.54271E-1 8.85156E-1 9.50845E-1 9.09948E-1 7.12219E-1 4.00545E-1 4.20445E-1 2.01709E-1 1.36066E-1 1.01247E-1 7.88126E-2 8.76291E-2 8.75463E-2 9.25386E-2 1.10438E-1 1.52258E-1 1.66974E-1 4.45368E-1 6.69242E-1 1.72296E-1 1.9085E-1 1.20225E-1 9.75893E-2 6.48617E-2 4.78883E-2 5.18856E-2 5.78716E-2 5.45606E-2 5.68724E-2 5.85438E-2 7.0545E-2 5.17679E-2 6.29814E-2 8.034E-2 7.58713E-2 7.85875E-2 5.44632E-2 5.61653E-2 1.18731E-1
-9999 -9999 -9999 -9999 -9999 -9999 -9999 -9999 -9999 -9999 -9999 -9999 -9999 -9999 2.41943E-1 2.49138E-1 2.82465E-1 2.67611E-1 2.66703E-1 3.62808E-1 7.71123E-1 9.3114E-1 9.50635E-1 9.99439E-1 9.8545E-1 8.93892E-1 2.95415E-1 1.60399E-1 1.1464E-1 1.0086E-1 7.27756E-2 7.69172E-2 9.16077E-2 8.87004E-2 9.37176E-2 1.09603E-1 1.43926E-1 3.52993E-1 4.9347E-1 2.65335E-1 1.23147E-1 9.68507E-2 8.60919E-2 5.09654E-2 5.55182E-2 6.81336E-2 1.03277E-1 5.80505E-2 4.93147E-2 5.9532E-2 5.67505E-2 6.5685E-2 6.41028E-2 1.1133E-1 8.18052E-2 6.56656E-2 4.24232E-2 4.86255E-2 7.32438E-2
-9999 -9999 -9999 -9999 -9999 -9999 -9999 -9999 -9999 -9999 -9999 -9999 -9999 4.27323E-1 2.92325E-1 2.64353E-1 2.15472E-1 2.26334E-1 3.36998E-1 8.08906E-1 9.04884E-1 8.13247E-1 9.75748E-1 8.40939E-1 7.8846E-1 7.76127E-1 5.76413E-1 2.76935E-1 1.34088E-1 9.75689E-2 7.87732E-2 8.99627E-2 8.23009E-2 7.87602E-2 8.01424E-2 9.82084E-2 1.08665E-1 1.60622E-1 3.65381E-1 1.07071E-1 1.01538E-1 1.11922E-1 1.05113E-1 6.03241E-2 5.31371E-2 8.21087E-2 1.10149E-1 8.70283E-2 6.11036E-2 6.88821E-2 9.51445E-2 1.18103E-1 1.22328E-1 1.02894E-1 8.60784E-2 7.88541E-2 6.84313E-2 6.38136E-2 8.57355E-2
-9999 -9999 -9999 -9999 -9999 -9999 -9999 -9999 -9999 -9999 -9999 -9999 3.68126E-1 4.29355E-1 2.63734E-1 2.10312E-1 1.59303E-1 2.32043E-1 2.34446E-1 3.04972E-1 7.0354E-1 8.59394E-1 5.90907E-1 5.4637E-1 4.1077E-1 5.41769E-1 6.33922E-1 4.32979E-1 2.1869E-1 1.26511E-1 1.10373E-1 1.17142E-1 8.93892E-2 6.88496E-2 7.03066E-2 9.05551E-2 8.1069E-2 6.23247E-2 1.45167E-1 8.62074E-2 9.14493E-2 1.32021E-1 1.10769E-1 7.22364E-2 7.00322E-2 8.94216E-2 7.80855E-2 7.39364E-2 8.69737E-2 8.78673E-2 1.11652E-1 1.54507E-1 1.42363E-1 9.66681E-2 7.50224E-2 7.62529E-2 7.16267E-2 7.12669E-2 8.66085E-2
