Phytophthora/models/20240604_1618_19/Phytophthora_PA3_RUN4_MAXENT_outputs/projMaxent.asc
ncols         225
nrows         269
xllcorner     473009.9838
yllcorner     4429051.1748
cellsize      50.0
NODATA_value  -9999
[rows 156 to 181 of 269, columns 118 to 176 of 225]
2.70062E-1 2.04069E-1 2.58897E-1 2.09188E-1 2.60148E-1 2.15334E-1 1.82473E-1 2.65705E-1 1.54777E-1 1.14498E-1 2.06629E-1 4.46268E-1 3.59298E-1 2.39442E-1 3.1107E-1 3.04596E-1 2.38299E-1 2.15636E-1 2.21707E-1 1.69695E-1 1.79741E-1 2.8114E-1 4.93547E-1 6.72366E-1 4.69462E-1 2.582E-1 2.00018E-1 1.92404E-1 2.83559E-1 3.03441E-1 1.44297E-1 4.08426E-1 1.89344E-1 2.17491E-1 3.39162E-1 3.75912E-1 5.15005E-1 5.31269E-1 4.37309E-1 5.00936E-1 2.54177E-1 1.23281E-1 1.4535E-1 2.00657E-1 2.25013E-1 2.77581E-1 3.30845E-1 2.85429E-1 1.51268E-1 1.68768E-1 1.74118E-1 2.14155E-1 2.71525E-1 2.9905E-1 3.29909E-1 4.77633E-1 5.6059E-1 4.01608E-1 3.45139E-1
3.44527E-1 2.36668E-1 2.46111E-1 2.82611E-1 4.12575E-1 3.3544E-1 3.04766E-1 1.86126E-1 2.84041E-1 1.94471E-1 2.01012E-1 3.22385E-1 2.21049E-1 2.32026E-1 1.98192E-1 1.93042E-1 1.72702E-1 2.03928E-1 2.41965E-1 2.3217E-1 2.59421E-1 2.58707E-1 4.02721E-1 6.25892E-1 4.78955E-1 3.01814E-1 2.62853E-1 2.8646E-1 4.2517E-1 3.62976E-1 3.11374E-1 2.6275E-1 1.63828E-1 2.13028E-1 3.98037E-1 4.67371E-1 3.27641E-1 2.02646E-1 2.58385E-1 3.24673E-1 1.9018E-1 1.18889E-1 1.75054E-1 2.44958E-1 2.73457E-1 3.08074E-1 4.77332E-1 3.69025E-1 1.09217E-1 1.90083E-1 2.31989E-1 2.86092E-1 3.33507E-1 3.11238E-1 3.20871E-1 4.03966E-1 7.604E-1 5.68232E-1 3.21859E-1
3.71669E-1 5.24346E-1 4.18302E-1 3.65443E-1 4.81695E-1 3.27206E-1 1.97782E-1 1.38057E-1 1.63201E-1 2.81061E-1 2.65309E-1 3.28745E-1 1.60863E-1 1.56893E-1 1.76497E-1 1.49659E-1 1.48324E-1 1.98963E-1 2.44847E-1 2.97662E-1 3.19307E-1 3.09912E-1 6.26891E-1 6.95514E-1 6.27423E-1 5.14364E-1 5.8178E-1 6.31618E-1 7.24721E-1 6.71245E-1 2.25051E-1 1.78964E-1 1.8225E-1 2.15926E-1 3.3106E-1 2.87602E-1 1.74681E-1 1.66016E-1 1.52828E-1 1.7949E-1 1.3727E-1 8.99563E-2 1.38554E-1 2.13179E-1 2.80534E-1 2.31668E-1 5.06513E-1 4.53484E-1 1.37893E-1 2.39606E-1 2.78671E-1 3.66278E-1 5.11862E-1 3.81831E-1 3.28714E-1 4.1957E-1 6.41949E-1 5.51233E-1 2.36463E-1
2.25202E-1 2.59522E-1 3.44597E-1 3.96244E-1 2.89194E-1 1.80267E-1 1.4229E-1 1.33155E-1 1.85449E-1 2.03587E-1 2.42304E-1 2.26301E-1 1.90143E-1 1.86086E-1 1.63228E-1 1.3938E-1 1.23144E-1 3.46859E-1 5.57886E-1 3.96508E-1 4.26469E-1 5.29981E-1 7.26523E-1 7.19635E-1 7.70801E-1 7.31691E-1 6.10311E-1 5.23687E-1 8.80138E-1 7.65694E-1 2.49621E-1 2.0925E-1 1.95642E-1 1.84814E-1 1.67909E-1 1.08294E-1 1.10678E-1 1.32495E-1 1.51818E-1 1.41563E-1 1.32492E-1 9.0076E-2 1.17451E-1 1.96233E-1 2.09168E-1 3.37481E-1 4.07394E-1 4.45082E-1 1.49878E-1 3.03931E-1 3.88968E-1 4.63925E-1 3.80973E-1 5.26431E-1 5.29702E-1 4.7096E-1 4.98871E-1 4.3004E-1 2.238E-1
7.98746E-2 1.08467E-1 2.27296E-1 1.88124E-1 1.36279E-1 1.52952E-1 1.33476E-1 1.55437E-1 1.70385E-1 1.77538E-1 2.14801E-1 2.01382E-1 2.19778E-1 1.9946E-1 1.5309E-1 1.8594E-1 1.85578E-1 3.69462E-1 7.04244E-1 5.34639E-1 4.77307E-1 5.50715E-1 6.15463E-1 6.93642E-1 5.80088E-1 4.09589E-1 2.58738E-1 1.27308E-1 4.39612E-1 5.45608E-1 2.40482E-1 3.08113E-1 1.36857E-1 1.04321E-1 8.88902E-2 6.35189E-2 9.44439E-2 1.1893E-1 1.28185E-1 1.00681E-1 1.12677E-1 1.30207E-1 1.09931E-1 1.74825E-1 2.07286E-1 3.3678E-1 5.94009E-1 5.2779E-1 1.55608E-1 3.0527E-1 3.57115E-1 5.15279E-1 5.28144E-1 6.55947E-1 8.98932E-1 5.54992E-1 3.03558E-1 2.53183E-1 2.02574E-1
8.48927E-2 1.56209E-1 8.29307E-2 1.308E-1 1.10599E-1 1.31818E-1 1.24898E-1 1.16676E-1 1.20571E-1 1.3265E-1 1.23572E-1 1.71993E-1 1.51139E-1 2.37752E-1 2.1792E-1 3.31475E-1 4.00365E-1 5.84268E-1 8.78886E-1 7.47746E-1 7.92411E-1 7.84907E-1 4.83852E-1 3.35612E-1 3.1178E-1 1.73939E-1 1.30183E-1 1.27769E-1 2.06479E-1 3.63322E-1 2.77604E-1 1.87517E-1 9.78577E-2 9.51351E-2 6.55694E-2 5.09959E-2 9.89401E-2 9.43241E-2 1.01377E-1 9.48026E-2 9.05393E-2 2.3997E-1 2.4213E-1 2.50281E-1 3.86455E-1 5.54614E-1 6.76902E-1 6.03605E-1 4.60695E-1 4.29186E-1 4.29016E-1 5.31945E-1 6.35286E-1 6.50048E-1 8.66522E-1 4.14191E-1 2.49385E-1 1.34987E-1 2.92433E-1
1.54093E-1 2.17581E-1 1.28705E-1 1.41691E-1 1.24409E-1 1.1757E-1 1.02347E-1 1.17455E-1 1.27047E-1 1.28592E-1 1.20807E-1 1.73129E-1 3.1852E-1 2.94329E-1 3.44798E-1 3.94375E-1 3.50381E-1 4.2458E-1 8.21872E-1 9.56742E-1 5.52036E-1 7.59183E-1 2.81809E-1 1.18003E-1 2.22662E-1 1.69524E-1 1.46556E-1 1.85699E-1 1.8573E-1 2.05127E-1 1.44222E-1 1.2357E-1 9.24263E-2 8.39309E-2 5.97565E-2 5.58462E-2 6.64442E-2 7.06703E-2 7.32031E-2 7.50439E-2 6.48323E-2 1.73196E-1 2.26398E-1 2.99146E-1 4.18995E-1 5.39887E-1 8.06634E-1 8.61145E-1 2.70917E-1 3.85473E-1 3.51867E-1 1.65134E-1 2.95967E-1 4.33228E-1 6.51251E-1 7.37389E-1 2.97352E-1 4.17617E-1 5.12104E-1
2.07422E-1 1.88821E-1 8.76262E-2 1.08066E-1 1.02245E-1 1.08817E-1 9.41159E-2 1.18014E-1 9.08864E-2 9.29343E-2 1.04819E-1 1.61722E-1 2.57823E-1 3.35354E-1 5.08017E-1 4.80766E-1 3.8139E-1 3.66656E-1 4.24414E-1 5.8336E-1 8.21603E-1 6.57552E-1 3.26472E-1 2.9792E-1 3.90804E-1 2.40076E-1 3.61523E-1 4.40563E-1 2.5056E-1 1.23036E-1 1.31297E-1 6.58354E-2 8.77006E-2 8.12929E-2 8.30413E-2 9.19707E-2 7.7328E-2 8.57427E-2 9.74547E-2 1.04526E-1 1.08944E-1 2.15839E-1 2.07933E-1 1.41875E-1 2.67537E-1 3.79494E-1 5.83386E-1 5.90523E-1 5.31087E-1 5.82859E-1 6.48295E-1 5.51709E-1 4.04148E-1 5.58098E-1 9.73163E-1 9.16251E-1 8.24397E-1 8.17198E-1 7.81276E-1
2.30355E-1 1.93645E-1 1.17415E-1 8.32407E-2 8.1194E-2 8.63201E-2 1.08431E-1 1.38034E-1 1.22928E-1 8.44698E-2 1.11114E-1 1.83662E-1 2.22802E-1 2.79608E-1 5.82317E-1 5.64728E-1 3.0952E-1 1.77417E-1 2.89547E-1 3.11545E-1 3.19081E-1 5.77596E-1 7.45342E-1 6.06311E-1 5.82982E-1 5.31688E-1 5.63958E-1 5.11194E-1 2.66099E-1 1.25936E-1 1.35853E-1 7.207E-2 1.04797E-1 1.09574E-1 9.94521E-2 1.30132E-1 1.26675E-1 1.3572E-1 1.71341E-1 2.62909E-1 2.96208E-1 3.27308E-1 4.02732E-1 2.29863E-1 2.58616E-1 3.25574E-1 6.66589E-1 9.02173E-1 9.35659E-1 8.18841E-1 6.5502E-1 5.45024E-1 3.95471E-1 4.39041E-1 5.51906E-1 6.32382E-1 6.94861E-1 8.80656E-1 9.24761E-1
2.2353E-1 1.42043E-1 1.28026E-1 1.08886E-1 6.22485E-2 6.27548E-2 9.20856E-2 1.22344E-1 1.47199E-1 1.14617E-1 1.51526E-1 2.88974E-1 2.99518E-1 4.45055E-1 5.64525E-1 4.14754E-1 3.5502E-1 2.82406E-1 2.37767E-1 2.69693E-1 3.9613E-1 6.31335E-1 7.03109E-1 6.19687E-1 5.19857E-1 5.5057E-1 5.86789E-1 4.55751E-1 2.6776E-1 2.1365E-1 1.68621E-1 1.07039E-1 2.73545E-1 2.88669E-1 1.72898E-1 1.64021E-1 1.56546E-1 1.46662E-1 2.02383E-1 2.77384E-1 4.85556E-1 4.64431E-1 4.71976E-1 3.90524E-1 2.47271E-1 2.83047E-1 6.88698E-1 6.97017E-1 8.13333E-1 8.1193E-1 5.56226E-1 3.51992E-1 3.09631E-1 2.88944E-1 4.0022E-1 4.96473E-1 7.16039E-1 7.96911E-1 7.82805E-1
8.24165E-2 4.62455E-2 6.50524E-2 1.07669E-1 7.71949E-2 6.72767E-2 5.72797E-2 6.8365E-2 9.35812E-2 1.23419E-1 1.69373E-1 2.63265E-1 3.17196E-1 4.30386E-1 4.59887E-1 2.48221E-1 1.74838E-1 2.61612E-1 3.6757E-1 5.01103E-1 6.24547E-1 7.70941E-1 7.24281E-1 7.53244E-1 7.53834E-1 6.97119E-1 7.14831E-1 6.47365E-1 4.69148E-1 4.1316E-1 2.40524E-1 4.19556E-1 6.59937E-1 2.00065E-1 1.80401E-1 1.93096E-1 2.25606E-1 2.57974E-1 3.1837E-1 4.52074E-1 4.81934E-1 5.33712E-1 5.73999E-1 4.22765E-1 3.28246E-1 3.71655E-1 3.53355E-1 5.77923E-1 5.88044E-1 5.61538E-1 3.59781E-1 4.6679E-1 4.98268E-1 3.33747E-1 4.3731E-1 5.12809E-1 4.87283E-1 5.60231E-1 3.38447E-1
4.93456E-2 3.97938E-2 5.87897E-2 7.59904E-2 1.00048E-1 1.02651E-1 8.83933E-2 9.69617E-2 1.09633E-1 9.96016E-2 1.56208E-1 2.6118E-1 3.13287E-1 4.49992E-1 3.7181E-1 3.3483E-1 4.74004E-1 5.58144E-1 6.69837E-1 6.65665E-1 6.10498E-1 5.19361E-1 5.22287E-1 4.9026E-1 4.93936E-1 6.30394E-1 7.19227E-1 6.80266E-1 6.02145E-1 6.49562E-1 6.28971E-1 4.695E-1 6.36587E-1 2.52549E-1 1.00167E-1 3.7581E-1 7.56345E-1 5.96462E-1 5.67204E-1 6.18299E-1 7.08346E-1 7.03892E-1 6.28581E-1 4.45212E-1 3.23866E-1 3.73924E-1 5.33396E-1 7.09943E-1 5.03519E-1 3.25083E-1 4.29815E-1 6.29633E-1 6.20021E-1 4.73112E-1 5.06267E-1 5.83177E-1 4.44996E-1 3.58903E-1 3.69844E-1
3.43179E-2 4.93792E-2 6.25132E-2 5.40836E-2 7.61294E-2 1.21865E-1 1.4084E-1 2.06091E-1 1.98857E-1 9.51096E-2 1.56514E-1 2.77573E-1 3.96036E-1 4.992E-1 4.35647E-1 4.13319E-1 5.94082E-1 5.23345E-1 3.56068E-1 3.62087E-1 4.22207E-1 3.88067E-1 2.87363E-1 3.54042E-1 3.111E-1 3.27667E-1 5.59957E-1 5.67277E-1 3.51627E-1 5.27944E-1 4.33844E-1 3.89277E-1 5.05165E-1 2.08297E-1 1.73706E-1 2.18385E-1 7.69663E-1 8.47877E-1 6.78958E-1 3.84137E-1 6.79651E-1 7.61357E-1 6.44673E-1 4.25831E-1 3.65213E-1 3.62861E-1 6.24717E-1 9.47041E-1 7.61769E-1 5.52003E-1 5.30473E-1 5.02233E-1 5.77467E-1 4.37099E-1 5.52707E-1 4.93154E-1 3.77266E-1 2.52344E-1 2.53648E-1
3.76613E-2 3.22987E-2 3.79379E-2 4.10575E-2 5.66377E-2 7.8543E-2 8.27091E-2 1.19091E-1 2.29836E-1 1.82401E-1 3.04401E-1 2.9838E-1 4.609E-1 6.565E-1 6.18248E-1 5.13855E-1 5.00825E-1 3.47072E-1 2.48753E-1 2.46607E-1 3.32988E-1 3.21251E-1 2.90042E-1 3.75249E-1 3.33582E-1 4.03295E-1 5.11528E-1 5.7685E-1 5.1505E-1 4.78702E-1 5.16372E-1 4.11688E-1 3.52292E-1 2.0652E-1 1.98717E-1 4.41688E-1 8.99186E-1 8.42974E-1 5.21547E-1 2.06098E-1 4.23856E-1 6.4728E-1 6.1106E-1 2.95083E-1 2.94766E-1 3.22659E-1 5.1145E-1 9.19507E-1 5.92235E-1 6.32763E-1 6.98895E-1 7.377E-1 5.52309E-1 5.25164E-1 3.57194E-1 2.38235E-1 2.23175E-1 1.96822E-1 1.89333E-1
1.11367E-1 5.99318E-2 3.95104E-2 3.66056E-2 2.88867E-2 4.05461E-2 2.9996E-2 3.77511E-2 6.48301E-2 1.62271E-1 3.57272E-1 3.55428E-1 4.01856E-1 5.09514E-1 3.26522E-1 3.23067E-1 4.3402E-1 4.14468E-1 3.36426E-1 3.86727E-1 4.65807E-1 3.45745E-1 2.6563E-1 4.13681E-1 4.72732E-1 4.56186E-1 6.63023E-1 6.31846E-1 4.55178E-1 4.27996E-1 5.29935E-1 6.08862E-1 4.4152E-1 3.3053E-1 3.57003E-1 4.88182E-1 5.70696E-1 3.42371E-1 1.717E-1 1.66097E-1 4.47707E-1 5.76466E-1 4.92791E-1 3.48722E-1 3.05428E-1 2.55153E-1 5.50067E-1 6.98534E-1 6.91188E-1 7.07745E-1 7.81233E-1 8.28632E-1 8.6166E-1 7.35672E-1 4.03408E-1 2.35372E-1 1.92517E-1 1.785E-1 1.81062E-1
2.5736E-1 1.5844E-1 7.35468E-2 3.72846E-2 2.94953E-2 4.48684E-2 3.12637E-2 1.86671E-2 2.72634E-2 7.01501E-2 1.59527E-1 3.54213E-1 6.67077E-1 7.35686E-1 4.30538E-1 3.29906E-1 3.51831E-1 3.41053E-1 3.48421E-1 3.29698E-1 5.15333E-1 3.89673E-1 3.36153E-1 3.88342E-1 4.80537E-1 5.16213E-1 5.59661E-1 7.75358E-1 6.54015E-1 5.62968E-1 6.52983E-1 6.37573E-1 5.12087E-1 5.57745E-1 6.66999E-1 5.03407E-1 4.22545E-1 2.96741E-1 1.57686E-1 2.44898E-1 4.98418E-1 5.49188E-1 5.34185E-1 3.39807E-1 3.98464E-1 3.13791E-1 4.59721E-1 5.99268E-1 6.12608E-1 5.47326E-1 7.19336E-1 7.35194E-1 7.84794E-1 6.12337E-1 2.73488E-1 2.31863E-1 1.86467E-1 1.80776E-1 2.29843E-1
2.92079E-1 2.00726E-1 1.51656E-1 7.2881E-2 2.46817E-2 3.88955E-2 2.21462E-2 1.12662E-2 1.59049E-2 2.63473E-2 5.91933E-2 1.51136E-1 3.26759E-1 4.33643E-1 6.16041E-1 4.48539E-1 4.59466E-1 2.67183E-1 3.37122E-1 2.85355E-1 3.13182E-1 4.07861E-1 5.22717E-1 3.99133E-1 4.83667E-1 4.68153E-1 3.94575E-1 6.94068E-1 6.24846E-1 6.20825E-1 5.61147E-1 5.01502E-1 4.94314E-1 5.33851E-1 6.60087E-1 5.29395E-1 3.19936E-1 2.76653E-1 1.90515E-1 2.75395E-1 4.10294E-1 5.11273E-1 5.22089E-1 3.23349E-1 3.48164E-1 4.85115E-1 2.52889E-1 3.54857E-1 4.28111E-1 4.7104E-1 5.84059E-1 6.72132E-1 7.57092E-1 5.88338E-1 3.38972E-1 2.49447E-1 2.23524E-1 2.39561E-1 3.14479E-1
2.73483E-1 2.48962E-1 2.08033E-1 1.7511E-1 5.53129E-2 2.67913E-2 2.02375E-2 8.18129E-3 1.03106E-2 2.15127E-2 2.90098E-2 4.50287E-2 9.87652E-2 1.55637E-1 2.00057E-1 5.39461E-1 4.28884E-1 3.42101E-1 2.24951E-1 2.27734E-1 2.24458E-1 4.16546E-1 3.25016E-1 4.58681E-1 4.70422E-1 4.55212E-1 3.63884E-1 4.40473E-1 4.81509E-1 5.06854E-1 5.32175E-1 4.59344E-1 5.28713E-1 6.05673E-1 7.49413E-1 7.75262E-1 6.36445E-1 3.46502E-1 2.36807E-1 4.25751E-1 4.77146E-1 5.15271E-1 4.49621E-1 3.44962E-1 3.68701E-1 5.36791E-1 1.67305E-1 3.79555E-1 3.98641E-1 4.94889E-1 7.29452E-1 7.37856E-1 6.60815E-1 5.94238E-1 4.31187E-1 3.19551E-1 2.86157E-1 4.38226E-1 4.43682E-1
3.73736E-1 2.96265E-1 3.43041E-1 2.34053E-1 1.31737E-1 3.5728E-2 2.34566E-2 1.14953E-2 1.0109E-2 2.40017E-2 2.86225E-2 3.82727E-2 4.90402E-2 6.64115E-2 1.03914E-1 9.77661E-2 5.24787E-1 6.03343E-1 2.85742E-1 2.14841E-1 2.85789E-1 2.78856E-1 4.8044E-1 3.18832E-1 4.54402E-1 5.85297E-1 3.83401E-1 4.71703E-1 6.3678E-1 6.56649E-1 6.64462E-1 5.89983E-1 5.17434E-1 7.11974E-1 7.09227E-1 6.41798E-1 6.27715E-1 4.78812E-1 4.01616E-1 5.83579E-1 5.67682E-1 4.22978E-1 4.70748E-1 3.39206E-1 3.34863E-1 3.54106E-1 4.78131E-1 2.94208E-1 3.00249E-1 4.28114E-1 6.03498E-1 5.81137E-1 4.08259E-1 3.38106E-1 3.93277E-1 5.15138E-1 3.13915E-1 4.21775E-1 3.96702E-1
5.60119E-1 5.01143E-1 4.93763E-1 3.75144E-1 1.32737E-1 5.06584E-2 2.56091E-2 1.74123E-2 1.0738E-2 1.79593E-2 2.36465E-2 3.14762E-2 3.52823E-2 3.47949E-2 6.51288E-2 7.14191E-2 1.44039E-1 3.55291E-1 6.07944E-1 2.27208E-1 2.96409E-1 3.4012E-1 3.9914E-1 3.64909E-1 4.02519E-1 5.90674E-1 3.83718E-1 3.16638E-1 4.44917E-1 7.09933E-1 7.20107E-1 7.23739E-1 5.95128E-1 6.97168E-1 8.7298E-1 6.09097E-1 6.1363E-1 4.83655E-1 3.64474E-1 6.08297E-1 5.21699E-1 5.09567E-1 4.8438E-1 4.33896E-1 3.96683E-1 3.39826E-1 3.65608E-1 3.49394E-1 3.08468E-1 3.65303E-1 4.15142E-1 5.20377E-1 4.24422E-1 3.32054E-1 3.17364E-1 4.78936E-1 5.10794E-1 5.96099E-1 4.70007E-1
6.62094E-1 5.61556E-1 6.4222E-1 4.06424E-1 1.40548E-1 8.49893E-2 4.56286E-2 2.4519E-2 1.45531E-2 1.46615E-2 2.01364E-2 2.90101E-2 3.03663E-2 2.53564E-2 4.32614E-2 9.04681E-2 7.89626E-2 2.17175E-1 2.85781E-1 2.1341E-1 3.02051E-1 3.15922E-1 3.96003E-1 4.17491E-1 2.51222E-1 5.05337E-1 5.99096E-1 3.37079E-1 7.0607E-1 7.272E-1 7.06689E-1 6.02283E-1 6.36414E-1 5.89734E-1 6.06162E-1 5.38153E-1 5.71279E-1 5.90928E-1 5.29975E-1 7.57367E-1 6.63398E-1 5.01633E-1 4.75645E-1 5.13209E-1 5.14214E-1 3.4143E-1 4.71143E-1 4.08555E-1 3.58685E-1 2.96855E-1 3.31844E-1 3.37389E-1 3.72039E-1 2.70111E-1 2.03524E-1 2.31194E-1 3.53587E-1 4.8978E-1 4.84191E-1
7.02007E-1 6.90124E-1 7.45975E-1 3.18352E-1 1.24708E-1 9.67055E-2 8.05508E-2 5.70784E-2 4.81651E-2 2.38069E-2 1.47463E-2 1.76234E-2 1.98937E-2 1.7691E-2 3.14723E-2 5.42345E-2 5.60568E-2 1.08052E-1 1.57971E-1 1.64573E-1 2.82754E-1 2.95189E-1 4.09779E-1 4.86654E-1 3.81694E-1 4.65577E-1 7.98902E-1 8.63813E-1 7.41668E-1 7.86744E-1 4.50485E-1 7.18624E-1 6.27857E-1 7.94844E-1 8.72205E-1 5.92982E-1 6.35203E-1 5.46622E-1 4.45787E-1 6.46744E-1 4.66871E-1 5.33465E-1 4.86679E-1 5.24309E-1 4.90904E-1 3.32459E-1 4.9184E-1 2.20416E-1 4.05941E-1 3.83361E-1 3.35472E-1 3.16341E-1 3.13499E-1 1.79568E-1 1.33299E-1 1.64583E-1 1.95405E-1 2.45394E-1 3.07474E-1
7.06328E-1 7.29384E-1 6.87715E-1 2.60659E-1 1.42885E-1 1.19504E-1 1.045E-1 1.26373E-1 1.97704E-1 9.82535E-2 2.57292E-2 1.71638E-2 1.78093E-2 2.34311E-2 4.03591E-2 8.59514E-2 6.46397E-2 6.87333E-2 1.28336E-1 1.96899E-1 3.09672E-1 2.501E-1 4.32904E-1 6.25278E-1 4.9951E-1 6.87203E-1 6.09986E-1 7.14028E-1 6.26908E-1 7.48452E-1 6.64968E-1 6.2271E-1 6.73402E-1 6.76625E-1 9.32891E-1 8.73451E-1 6.85435E-1 6.64889E-1 6.7367E-1 4.6583E-1 4.66624E-1 4.80182E-1 4.82024E-1 5.18537E-1 5.12642E-1 5.04343E-1 5.17282E-1 4.22355E-1 9.45563E-1 5.09135E-1 5.6074E-1 3.6842E-1 2.31694E-1 2.18622E-1 1.75413E-1 1.74031E-1 1.49279E-1 1.66694E-1 2.01945E-1
6.31472E-1 7.24223E-1 5.16129E-1 2.30877E-1 1.83253E-1 1.60683E-1 1.36997E-1 2.13268E-1 2.32271E-1 1.83073E-1 7.96405E-2 2.73231E-2 1.77102E-2 4.09509E-2 4.63645E-2 7.29527E-2 7.57718E-2 9.93531E-2 1.72062E-1 2.22929E-1 3.18391E-1 3.48354E-1 4.87319E-1 7.35237E-1 6.36216E-1 7.43821E-1 2.89425E-1 1.24249E-1 4.83569E-1 6.25618E-1 5.17537E-1 3.95759E-1 5.34209E-1 5.40755E-1 5.36145E-1 7.94997E-1 8.5052E-1 7.49278E-1 5.6044E-1 5.95044E-1 5.091E-1 5.07197E-1 5.84735E-1 5.15434E-1 3.76154E-1 3.91602E-1 4.69991E-1 5.63475E-1 8.16167E-1 5.33649E-1 3.90415E-1 2.29991E-1 2.17645E-1 2.62558E-1 3.01465E-1 1.73438E-1 1.6465E-1 1.844E-1 1.5885E-1
7.10948E-1 6.35124E-1 8.50266E-1 3.05908E-1 1.92534E-1 1.7405E-1 1.80451E-1 3.53773E-1 2.74866E-1 1.68596E-1 1.15707E-1 6.67655E-2 4.19789E-2 4.66263E-2 7.42655E-2 6.52573E-2 7.5833E-2 1.15598E-1 1.55261E-1 1.87971E-1 2.19983E-1 4.85027E-1 4.13223E-1 5.75871E-1 8.38304E-1 5.34548E-1 1.36464E-1 1.45482E-1 1.77859E-1 4.44509E-1 2.87702E-1 1.32262E-1 2.35722E-1 3.70174E-1 2.64038E-1 2.83662E-1 6.68288E-1 5.62046E-1 4.70928E-1 5.64479E-1 5.05728E-1 4.51375E-1 5.32339E-1 4.59289E-1 2.72374E-1 2.93869E-1 1.85113E-1 4.40636E-1 4.15558E-1 3.85382E-1 3.32307E-1 2.82191E-1 2.43861E-1 3.8662E-1 4.42811E-1 3.47145E-1 3.2447E-1 2.02923E-1 1.79926E-1
6.25113E-1 5.45304E-1 9.19861E-1 7.96013E-1 2.81112E-1 3.29235E-1 3.73642E-1 4.40278E-1 3.38546E-1 2.63097E-1 1.47691E-1 7.79156E-2 6.44123E-2 6.38347E-2 1.10232E-1 1.0567E-1 9.64333E-2 1.03837E-1 1.22969E-1 1.49686E-1 1.83198E-1 4.372E-1 2.69992E-1 2.79303E-1 6.25052E-1 2.72568E-1 1.86039E-1 1.2214E-1 9.22953E-2 1.18162E-1 9.77262E-2 7.61297E-2 6.17272E-2 8.23862E-2 1.3075E-1 2.02596E-1 4.8839E-1 3.70068E-1 2.95063E-1 3.93569E-1 4.41031E-1 3.29907E-1 5.75032E-1 5.03833E-1 2.8116E-1 3.51693E-1 3.36405E-1 4.51059E-1 1.6286E-1 2.04107E-1 2.06259E-1 2.1996E-1 1.84358E-1 2.09124E-1 3.10983E-1 2.76329E-1 4.54296E-1 2.87338E-1 2.66207E-1
