Phytophthora/models/20240604_1618_19/Phytophthora_PA3_RUN4_MAXENT_outputs/projMaxent.asc
ncols         225
nrows         269
xllcorner     473009.9838
yllcorner     4429051.1748
cellsize      50.0
NODATA_value  -9999
[rows 208 to 233 of 269, columns 118 to 176 of 225]
4.31399E-1 2.52896E-1 2.78976E-1 3.3476E-1 4.89322E-1 5.76526E-1 3.91177E-1 3.63316E-1 4.67938E-1 5.448E-1 4.98175E-1 4.30333E-1 5.98633E-1 6.21623E-1 5.57022E-1 4.29995E-1 2.4246E-1 1.33198E-1 1.35981E-1 1.76012E-1 2.36522E-1 4.49788E-1 5.72641E-1 8.77925E-1 9.68461E-1 8.76456E-1 8.60751E-1 7.69798E-1 4.92609E-1 3.78077E-1 3.65924E-1 3.55547E-1 3.42254E-1 4.44651E-1 4.01963E-1 5.23141E-1 9.60121E-1 8.68363E-1 4.74577E-1 5.55805E-1 5.69603E-1 6.25878E-1 6.72722E-1 6.00447E-1 5.24787E-1 6.03967E-1 5.61135E-1 5.07311E-1 3.68254E-1 3.88562E-1 2.69011E-1 1.97662E-1 3.20757E-1 5.11518E-1 4.0427E-1 2.00586E-1 1.90478E-1 1.12534E-1 6.87884E-2
3.44917E-1 2.03032E-1 2.90807E-1 6.24515E-1 5.07354E-1 3.1563E-1 2.66875E-1 3.43076E-1 3.35098E-1 4.91931E-1 4.66468E-1 5.05619E-1 5.32872E-1 4.43515E-1 4.29123E-1 2.83052E-1 1.6198E-1 1.26318E-1 1.62554E-1 1.7893E-1 2.2265E-1 3.57302E-1 5.57664E-1 8.67208E-1 9.85467E-1 9.3783E-1 9.44076E-1 6.23994E-1 4.8221E-1 3.95021E-1 3.83023E-1 4.0707E-1 4.08962E-1 3.84606E-1 4.01595E-1 5.67045E-1 8.83822E-1 8.26457E-1 4.14582E-1 4.69098E-1 5.44043E-1 6.1167E-1 6.28883E-1 5.31309E-1 3.79225E-1 6.20959E-1 5.80383E-1 5.46911E-1 2.99254E-1 2.46904E-1 2.27106E-1 1.88785E-1 2.57657E-1 4.90325E-1 4.93842E-1 2.6308E-1 2.10912E-1 1.25902E-1 8.76768E-2
3.1523E-1 2.73633E-1 5.74284E-1 6.41388E-1 3.29084E-1 2.81135E-1 2.42493E-1 2.43926E-1 2.14276E-1 3.85804E-1 4.42688E-1 4.3483E-1 5.91173E-1 2.73651E-1 2.24261E-1 2.61863E-1 2.09239E-1 1.5646E-1 1.8636E-1 2.05036E-1 2.94729E-1 3.80226E-1 5.70479E-1 8.78457E-1 9.81391E-1 9.61706E-1 9.36763E-1 6.10161E-1 4.58767E-1 3.77448E-1 3.78215E-1 4.44377E-1 4.8714E-1 4.53097E-1 4.61622E-1 6.74352E-1 9.1107E-1 8.52331E-1 5.31475E-1 5.30435E-1 5.24583E-1 5.40811E-1 5.34263E-1 4.95024E-1 3.59584E-1 5.25799E-1 6.13179E-1 6.31219E-1 2.43193E-1 2.26805E-1 2.23436E-1 1.92467E-1 2.53034E-1 3.60342E-1 3.31318E-1 2.40862E-1 1.90913E-1 1.44177E-1 8.20155E-2
3.68465E-1 3.03774E-1 6.12847E-1 4.60442E-1 2.8193E-1 3.09509E-1 1.90554E-1 1.75901E-1 1.59715E-1 1.91252E-1 3.21795E-1 3.37275E-1 2.90979E-1 2.16905E-1 2.13399E-1 1.81001E-1 2.31457E-1 1.72294E-1 1.8669E-1 2.47235E-1 3.47086E-1 4.83481E-1 6.71557E-1 9.16981E-1 9.32024E-1 9.89389E-1 9.17576E-1 6.5254E-1 4.55982E-1 4.16417E-1 4.74311E-1 5.01189E-1 5.44717E-1 7.1915E-1 7.45339E-1 7.93455E-1 9.09222E-1 9.6088E-1 7.4212E-1 6.61202E-1 5.63881E-1 5.14431E-1 5.24261E-1 3.87117E-1 3.4778E-1 4.98824E-1 5.99294E-1 7.81483E-1 4.17627E-1 2.16236E-1 1.91046E-1 2.12614E-1 2.43722E-1 2.4356E-1 2.07899E-1 1.81813E-1 1.80989E-1 1.82909E-1 1.17587E-1
3.61203E-1 5.17204E-1 4.84203E-1 5.38986E-1 3.90424E-1 3.48043E-1 2.51487E-1 1.8814E-1 1.31004E-1 1.44426E-1 1.98292E-1 2.09915E-1 1.75975E-1 2.04347E-1 2.90685E-1 1.95677E-1 2.03699E-1 1.66303E-1 1.78117E-1 2.38198E-1 2.9928E-1 5.66685E-1 7.26574E-1 9.72947E-1 9.20571E-1 9.48345E-1 9.28261E-1 8.3409E-1 5.57618E-1 4.78777E-1 5.32555E-1 5.3722E-1 6.64718E-1 6.83929E-1 6.39262E-1 5.23728E-1 9.77075E-1 9.97527E-1 6.9811E-1 5.80817E-1 5.45473E-1 5.06174E-1 4.9379E-1 5.07446E-1 4.82793E-1 3.84231E-1 5.57531E-1 8.24517E-1 6.38854E-1 2.98602E-1 2.21791E-1 2.46081E-1 2.24477E-1 1.88214E-1 1.52027E-1 1.33032E-1 1.57041E-1 1.23588E-1 1.05234E-1
6.22319E-1 7.96498E-1 7.30873E-1 5.98519E-1 4.89196E-1 2.99163E-1 2.44334E-1 1.90275E-1 1.32967E-1 1.22412E-1 1.32339E-1 1.5958E-1 1.9178E-1 1.30555E-1 1.37391E-1 1.49493E-1 1.31846E-1 1.21505E-1 1.57584E-1 2.43383E-1 3.96387E-1 5.38938E-1 6.92471E-1 9.80639E-1 9.68997E-1 9.22329E-1 8.96593E-1 8.59848E-1 7.05994E-1 5.66678E-1 5.91405E-1 4.90242E-1 6.92576E-1 6.49939E-1 4.63753E-1 6.48975E-1 9.30531E-1 8.17353E-1 6.47042E-1 5.57603E-1 5.25038E-1 3.71627E-1 3.70108E-1 5.8447E-1 6.05024E-1 7.35592E-1 7.31704E-1 7.31689E-1 7.02994E-1 3.95133E-1 2.89358E-1 2.88471E-1 2.19412E-1 1.71899E-1 1.30323E-1 1.18446E-1 1.02605E-1 8.89115E-2 3.68914E-2
9.07258E-1 8.52534E-1 8.00773E-1 7.23578E-1 4.79055E-1 3.24494E-1 4.07916E-1 4.4692E-1 2.35811E-1 1.75247E-1 9.06832E-2 7.76741E-2 8.51108E-2 8.37246E-2 9.17909E-2 9.87066E-2 1.00966E-1 1.1219E-1 2.13596E-1 3.50393E-1 4.26961E-1 4.98555E-1 6.02856E-1 9.57819E-1 9.56351E-1 9.17834E-1 7.46874E-1 8.12745E-1 7.576E-1 6.50543E-1 7.09598E-1 6.81865E-1 6.20539E-1 5.97511E-1 4.7118E-1 8.416E-1 8.99731E-1 7.10292E-1 7.21714E-1 5.74414E-1 4.09268E-1 5.82635E-1 5.28643E-1 6.27736E-1 5.94785E-1 5.22123E-1 6.75217E-1 8.64957E-1 8.87866E-1 6.18586E-1 3.91675E-1 3.57911E-1 2.50793E-1 1.65515E-1 1.18775E-1 8.01537E-2 6.8083E-2 6.27888E-2 8.47553E-2
8.01056E-1 8.26857E-1 8.03444E-1 7.47716E-1 4.81209E-1 5.11602E-1 4.82972E-1 3.62083E-1 3.18399E-1 3.42402E-1 2.31996E-1 1.36843E-1 4.86308E-2 3.91249E-2 6.31932E-2 1.1383E-1 9.63593E-2 1.70425E-1 3.71729E-1 4.17717E-1 4.64951E-1 5.07541E-1 5.83706E-1 8.29759E-1 9.1495E-1 9.05183E-1 6.1483E-1 6.14865E-1 8.10232E-1 8.9974E-1 8.00494E-1 6.51207E-1 6.22318E-1 5.59666E-1 7.85522E-1 8.95495E-1 8.97387E-1 7.25743E-1 7.03755E-1 6.12851E-1 6.0911E-1 6.07167E-1 5.19736E-1 4.07134E-1 6.76565E-1 4.26801E-1 5.4355E-1 7.51599E-1 8.88525E-1 7.68644E-1 3.62792E-1 3.51651E-1 2.44889E-1 1.58259E-1 9.35691E-2 5.9973E-2 5.60477E-2 3.70901E-2 9.22456E-2
9.20837E-1 8.30807E-1 7.80649E-1 6.47165E-1 5.26811E-1 5.81395E-1 5.77985E-1 5.15277E-1 4.43165E-1 3.24618E-1 3.30996E-1 2.28834E-1 1.41853E-1 1.06328E-1 9.13795E-2 1.04509E-1 1.54511E-1 2.96282E-1 3.39938E-1 3.7565E-1 4.8669E-1 5.3665E-1 5.44176E-1 6.28662E-1 8.7521E-1 9.15173E-1 6.60879E-1 7.4225E-1 8.11344E-1 8.11567E-1 4.37181E-1 6.98855E-1 6.41423E-1 6.0773E-1 9.2291E-1 9.66174E-1 7.41282E-1 7.90269E-1 6.53407E-1 5.73003E-1 5.68043E-1 5.55927E-1 5.92331E-1 5.36782E-1 7.58945E-1 6.2908E-1 6.52125E-1 7.25989E-1 5.69843E-1 4.75946E-1 2.34452E-1 1.86985E-1 1.28614E-1 1.11064E-1 7.5259E-2 5.89146E-2 2.90119E-2 6.22117E-2 1.43952E-1
9.13428E-1 9.79685E-1 8.54817E-1 5.655E-1 6.65571E-1 6.29473E-1 6.52308E-1 5.44244E-1 4.13218E-1 3.39234E-1 3.03512E-1 1.97005E-1 1.53864E-1 1.84859E-1 1.9216E-1 2.55236E-1 3.27363E-1 3.09988E-1 3.11559E-1 3.78285E-1 4.36153E-1 4.85735E-1 4.98523E-1 4.87276E-1 7.88439E-1 7.50394E-1 6.52858E-1 6.9193E-1 8.65725E-1 9.02168E-1 6.2103E-1 8.26836E-1 6.6969E-1 7.9988E-1 9.77856E-1 9.65008E-1 5.95572E-1 5.82168E-1 6.12287E-1 5.41088E-1 5.908E-1 5.22188E-1 6.23639E-1 5.27203E-1 7.08377E-1 5.355E-1 5.79802E-1 6.46509E-1 3.74239E-1 4.15803E-1 2.79086E-1 1.05184E-1 1.03871E-1 1.01121E-1 5.93143E-2 2.08443E-2 5.72724E-2 8.96995E-2 3.84945E-1
6.48791E-1 9.45354E-1 8.32796E-1 8.27267E-1 7.3109E-1 6.37386E-1 5.86757E-1 5.02212E-1 4.43725E-1 4.2287E-1 2.83168E-1 1.85578E-1 1.78915E-1 1.90152E-1 2.11008E-1 3.21731E-1 3.61459E-1 3.51697E-1 4.19061E-1 4.69089E-1 5.0503E-1 4.74198E-1 4.2814E-1 4.42569E-1 6.31086E-1 6.7088E-1 5.35214E-1 6.3078E-1 8.46255E-1 8.76377E-1 6.68041E-1 8.35607E-1 7.44862E-1 9.94977E-1 9.87622E-1 6.5555E-1 5.60671E-1 5.22603E-1 6.5716E-1 6.44926E-1 5.11568E-1 5.16012E-1 5.99076E-1 3.66121E-1 4.28568E-1 7.56483E-1 7.14345E-1 5.37579E-1 2.42493E-1 3.54245E-1 3.23281E-1 1.13846E-1 9.59397E-2 5.55503E-2 3.30833E-2 4.60305E-2 8.61615E-2 1.85567E-1 4.58449E-1
5.0352E-1 6.73044E-1 7.63738E-1 7.99122E-1 7.65534E-1 7.40318E-1 6.91486E-1 6.36119E-1 5.74859E-1 4.91872E-1 3.77168E-1 2.48948E-1 2.00485E-1 2.04388E-1 3.04311E-1 3.62386E-1 4.10276E-1 4.93769E-1 4.99222E-1 4.64232E-1 4.06277E-1 4.37817E-1 4.61002E-1 6.29703E-1 7.85928E-1 6.55982E-1 5.07875E-1 5.96007E-1 9.11502E-1 7.67692E-1 7.47035E-1 8.03525E-1 9.01231E-1 9.96962E-1 9.38344E-1 5.28759E-1 4.98988E-1 5.11344E-1 6.23199E-1 6.36497E-1 6.5739E-1 7.00901E-1 6.54965E-1 3.15567E-1 3.86832E-1 7.54818E-1 7.92508E-1 5.51721E-1 2.2456E-1 3.41622E-1 3.78043E-1 1.27792E-1 2.84936E-2 4.17483E-2 4.08151E-2 8.29616E-2 1.52157E-1 2.0902E-1 4.01135E-1
4.56702E-1 5.93317E-1 6.55874E-1 7.20924E-1 6.67455E-1 6.93024E-1 6.74716E-1 6.47144E-1 5.21185E-1 4.11525E-1 4.64737E-1 2.83447E-1 2.47692E-1 3.15842E-1 4.05778E-1 4.43366E-1 3.92407E-1 5.10985E-1 5.37859E-1 4.79837E-1 4.39527E-1 5.30782E-1 5.70388E-1 8.71021E-1 6.92249E-1 5.77602E-1 5.83639E-1 7.89633E-1 9.09791E-1 6.05869E-1 5.41617E-1 7.41762E-1 9.95944E-1 9.77224E-1 9.10901E-1 4.64704E-1 4.39766E-1 4.51504E-1 6.72702E-1 8.29691E-1 7.69965E-1 7.78954E-1 6.72236E-1 2.98883E-1 3.10897E-1 5.55457E-1 6.91965E-1 6.47975E-1 2.16475E-1 1.70888E-1 3.25539E-1 1.26365E-1 5.35173E-2 4.38705E-2 9.50376E-2 1.66585E-1 2.39676E-1 3.05238E-1 5.75184E-1
6.46345E-1 5.85555E-1 5.19933E-1 6.98332E-1 6.72582E-1 6.669E-1 6.98197E-1 6.96824E-1 5.24534E-1 3.83977E-1 5.29061E-1 4.63815E-1 5.36579E-1 4.97829E-1 4.85904E-1 5.16479E-1 4.4074E-1 4.91996E-1 4.92932E-1 5.31486E-1 5.10084E-1 5.71752E-1 6.57272E-1 9.17277E-1 6.69461E-1 6.33712E-1 6.74026E-1 8.33737E-1 8.50702E-1 4.32319E-1 5.28224E-1 7.87314E-1 9.70073E-1 9.83714E-1 7.47113E-1 4.98372E-1 4.83897E-1 5.9139E-1 7.47274E-1 7.45587E-1 7.21172E-1 8.02297E-1 6.42887E-1 4.09705E-1 2.39868E-1 3.8026E-1 4.79346E-1 5.04937E-1 3.02118E-1 1.16925E-1 3.97125E-2 7.61229E-2 5.41148E-2 5.94729E-2 1.51601E-1 3.2243E-1 5.12783E-1 4.22037E-1 5.77233E-1
6.5033E-1 7.31638E-1 6.56514E-1 5.39326E-1 6.95129E-1 7.5806E-1 7.57171E-1 7.22809E-1 4.81522E-1 4.20153E-1 6.01905E-1 5.88891E-1 6.90515E-1 5.60099E-1 4.76977E-1 5.58586E-1 5.50124E-1 5.61128E-1 5.35457E-1 5.72168E-1 6.05794E-1 5.98883E-1 7.43992E-1 9.43895E-1 7.30209E-1 7.2615E-1 8.44006E-1 7.8636E-1 6.22823E-1 5.34168E-1 5.22045E-1 7.20375E-1 9.3946E-1 9.54391E-1 6.27797E-1 5.50842E-1 6.00695E-1 7.01803E-1 7.26139E-1 6.24324E-1 4.7741E-1 7.25128E-1 6.49493E-1 5.91603E-1 2.72447E-1 3.20946E-1 3.18972E-1 3.05535E-1 2.59974E-1 1.60416E-1 9.03008E-2 9.96254E-2 9.10295E-2 7.35261E-2 1.49098E-1 3.39643E-1 6.57805E-1 5.67367E-1 6.34173E-1
5.05873E-1 7.53473E-1 7.27089E-1 7.61242E-1 7.44081E-1 6.51547E-1 7.26257E-1 5.7468E-1 3.39108E-1 4.20041E-1 6.10591E-1 6.61796E-1 7.28292E-1 6.47494E-1 6.40771E-1 6.57419E-1 5.97459E-1 6.86052E-1 6.27386E-1 5.78015E-1 6.6031E-1 7.70638E-1 9.76967E-1 9.86967E-1 9.30691E-1 8.51471E-1 8.29019E-1 6.69901E-1 8.03731E-1 5.79693E-1 5.09106E-1 6.34196E-1 9.29762E-1 8.91203E-1 5.1589E-1 5.67711E-1 6.13544E-1 6.85662E-1 5.07921E-1 4.3766E-1 4.10323E-1 6.26946E-1 5.74208E-1 5.77622E-1 6.16521E-1 5.19891E-1 3.39736E-1 2.14595E-1 1.87327E-1 1.38216E-1 1.13918E-1 1.5326E-1 7.57956E-2 7.13646E-2 1.35915E-1 3.76851E-1 4.48357E-1 5.28141E-1 6.37596E-1
7.79495E-1 8.1377E-1 8.27012E-1 8.46693E-1 9.3237E-1 7.62159E-1 6.62457E-1 5.22346E-1 3.58607E-1 3.4014E-1 2.99604E-1 3.54257E-1 4.54137E-1 6.50428E-1 7.61979E-1 7.00513E-1 6.44734E-1 6.64208E-1 7.40572E-1 7.00773E-1 6.53518E-1 8.78543E-1 9.92286E-1 9.89574E-1 8.18706E-1 7.46853E-1 6.83734E-1 7.98794E-1 7.45333E-1 7.12131E-1 5.2431E-1 7.42909E-1 9.05316E-1 9.19267E-1 4.97408E-1 5.30452E-1 6.5707E-1 5.99011E-1 4.96811E-1 4.85275E-1 5.08432E-1 6.1981E-1 7.76461E-1 6.05118E-1 5.16781E-1 6.84937E-1 3.34802E-1 2.2048E-1 1.94958E-1 1.42697E-1 8.70091E-2 7.51861E-2 6.09143E-2 6.67519E-2 1.75632E-1 4.19645E-1 4.41285E-1 5.15473E-1 6.46799E-1
7.0638E-1 9.06311E-1 9.98214E-1 9.62834E-1 9.29216E-1 5.80684E-1 5.1802E-1 5.03812E-1 4.20544E-1 3.19841E-1 2.86985E-1 3.00678E-1 4.12936E-1 6.97666E-1 8.59549E-1 8.9876E-1 8.03455E-1 6.6846E-1 7.84684E-1 9.51179E-1 6.94231E-1 9.29085E-1 9.71723E-1 7.72717E-1 7.56834E-1 7.12644E-1 7.55514E-1 7.90145E-1 7.66535E-1 7.34846E-1 5.43644E-1 9.32254E-1 9.13904E-1 9.44882E-1 5.20175E-1 6.27105E-1 6.38465E-1 4.86683E-1 4.87024E-1 5.45281E-1 5.00818E-1 6.36531E-1 6.66824E-1 7.04574E-1 6.81788E-1 6.86583E-1 2.49772E-1 2.08901E-1 2.41243E-1 1.91584E-1 6.14527E-2 5.92733E-2 5.41879E-2 7.8168E-2 3.39614E-1 5.49479E-1 5.9406E-1 6.21969E-1 6.54791E-1
1.95422E-1 3.983E-1 8.23791E-1 8.91463E-1 5.59799E-1 2.22355E-1 2.88524E-1 4.26475E-1 3.92446E-1 3.28682E-1 3.22815E-1 3.90749E-1 5.06296E-1 7.05428E-1 8.95875E-1 8.51061E-1 7.4679E-1 7.0139E-1 6.99171E-1 8.6113E-1 8.98188E-1 9.31915E-1 9.56825E-1 7.7466E-1 7.29932E-1 7.27371E-1 7.76725E-1 7.95839E-1 7.20435E-1 6.59777E-1 5.76385E-1 9.5763E-1 8.84631E-1 7.8436E-1 5.91906E-1 6.65616E-1 6.40102E-1 5.22555E-1 5.32921E-1 6.12324E-1 5.32259E-1 6.63505E-1 4.60291E-1 5.05139E-1 7.45599E-1 7.76463E-1 2.56694E-1 1.78634E-1 1.90731E-1 2.04229E-1 1.10748E-1 6.55368E-2 6.26476E-2 1.29028E-1 5.5979E-1 6.13112E-1 6.26925E-1 6.48034E-1 6.70008E-1
1.80616E-1 1.67449E-1 1.75119E-1 2.68416E-1 2.53843E-1 1.54718E-1 2.35157E-1 3.06501E-1 3.02387E-1 5.00568E-1 3.35616E-1 4.42748E-1 5.58843E-1 7.37527E-1 8.88277E-1 7.48079E-1 6.38448E-1 6.26229E-1 6.1926E-1 7.19716E-1 9.54172E-1 9.57531E-1 8.85212E-1 8.1758E-1 7.7473E-1 7.34101E-1 7.17782E-1 8.04643E-1 8.04991E-1 5.69624E-1 5.6043E-1 9.46365E-1 8.94443E-1 6.97204E-1 6.86645E-1 7.47062E-1 7.69621E-1 6.35372E-1 6.71353E-1 6.36746E-1 6.14842E-1 6.38592E-1 3.73581E-1 4.34192E-1 6.9712E-1 6.75741E-1 2.4004E-1 1.93937E-1 1.86866E-1 3.07518E-1 2.1814E-1 1.60813E-1 1.10242E-1 1.35162E-1 3.71979E-1 6.65645E-1 6.61769E-1 7.0706E-1 6.67212E-1
1.6281E-1 2.4523E-1 2.42311E-1 2.38652E-1 1.80249E-1 1.7288E-1 2.83841E-1 2.88888E-1 3.15797E-1 4.43952E-1 3.65415E-1 3.58776E-1 4.73775E-1 7.95439E-1 9.03821E-1 7.18125E-1 5.82745E-1 4.90821E-1 5.5031E-1 6.55429E-1 8.0566E-1 9.74563E-1 9.16622E-1 8.07169E-1 8.65923E-1 7.43865E-1 7.55185E-1 6.76749E-1 6.40075E-1 5.08385E-1 7.80846E-1 8.08886E-1 9.21164E-1 7.09153E-1 7.2741E-1 8.09724E-1 8.20349E-1 7.1011E-1 7.49561E-1 7.05928E-1 5.87417E-1 4.53696E-1 4.57292E-1 4.76798E-1 4.70027E-1 3.31587E-1 1.76702E-1 1.96284E-1 2.60047E-1 3.79457E-1 2.55235E-1 2.25411E-1 1.88492E-1 1.65022E-1 3.30885E-1 7.34816E-1 6.42259E-1 6.86397E-1 8.20972E-1
1.51762E-1 1.90688E-1 3.67914E-1 4.25902E-1 3.27749E-1 2.81161E-1 3.13198E-1 3.1702E-1 2.77768E-1 3.21413E-1 2.74615E-1 3.34346E-1 4.66016E-1 9.09769E-1 8.93918E-1 5.75243E-1 4.82959E-1 4.7883E-1 5.50261E-1 7.55909E-1 7.69037E-1 9.91541E-1 9.80112E-1 8.44786E-1 8.13341E-1 8.07526E-1 7.52227E-1 5.72071E-1 5.21823E-1 3.53478E-1 7.56247E-1 8.17493E-1 6.51014E-1 5.77149E-1 6.87894E-1 6.24807E-1 6.96314E-1 6.67639E-1 7.12352E-1 5.68926E-1 5.93743E-1 7.28705E-1 6.84631E-1 6.25347E-1 4.77995E-1 3.12814E-1 2.15706E-1 2.46215E-1 3.9705E-1 1.84432E-1 2.18945E-1 1.48323E-1 1.01882E-1 1.21952E-1 4.96017E-1 6.76367E-1 6.82947E-1 7.85113E-1 6.03756E-1
1.80247E-1 1.62366E-1 2.85895E-1 4.65911E-1 3.87136E-1 3.31959E-1 3.22017E-1 2.93327E-1 2.36178E-1 2.49396E-1 2.6317E-1 3.20601E-1 5.445E-1 8.779E-1 7.41365E-1 5.47907E-1 5.27989E-1 5.5325E-1 5.52538E-1 7.47216E-1 8.15693E-1 9.83198E-1 9.90152E-1 9.1416E-1 8.53263E-1 7.51824E-1 6.33058E-1 5.2339E-1 5.42537E-1 7.70777E-1 7.48367E-1 7.06588E-1 5.46023E-1 6.29091E-1 5.28141E-1 4.69965E-1 5.15117E-1 5.51955E-1 7.16859E-1 6.63168E-1 5.29137E-1 5.70694E-1 6.61537E-1 5.13326E-1 4.03323E-1 3.23613E-1 2.89005E-1 3.45667E-1 3.80008E-1 1.35142E-1 2.03104E-1 1.34834E-1 7.98931E-2 1.31615E-1 6.6843E-1 5.77309E-1 7.40464E-1 5.11091E-1 4.3264E-1
1.97898E-1 1.51085E-1 2.00415E-1 3.6485E-1 3.83632E-1 3.18376E-1 3.13491E-1 3.64694E-1 2.99275E-1 3.16677E-1 3.59025E-1 3.4738E-1 6.69792E-1 8.41146E-1 6.31223E-1 4.98253E-1 5.41133E-1 6.2079E-1 6.29944E-1 8.78858E-1 9.1998E-1 9.74326E-1 9.6193E-1 8.09657E-1 7.14709E-1 5.94678E-1 5.38749E-1 5.20865E-1 8.05904E-1 8.44231E-1 8.37637E-1 5.82191E-1 5.86138E-1 6.12264E-1 4.79811E-1 4.29295E-1 5.27429E-1 5.12482E-1 8.037E-1 7.99495E-1 4.65152E-1 4.1574E-1 3.62809E-1 4.44723E-1 3.33918E-1 3.97327E-1 3.70398E-1 7.021E-1 4.59619E-1 2.87755E-1 1.89519E-1 1.30749E-1 9.39303E-2 2.69976E-1 6.63382E-1 6.70205E-1 5.42219E-1 4.87202E-1 4.11318E-1
2.29484E-1 1.96089E-1 2.47893E-1 4.59431E-1 4.58199E-1 3.05186E-1 3.05376E-1 4.01908E-1 3.21494E-1 3.44707E-1 3.9652E-1 4.97215E-1 8.11501E-1 8.69451E-1 5.77E-1 5.30045E-1 6.36193E-1 7.02359E-1 8.09248E-1 8.87374E-1 8.42792E-1 9.90208E-1 9.76261E-1 7.27138E-1 7.57559E-1 7.29758E-1 6.53819E-1 7.20287E-1 8.60267E-1 7.62088E-1 8.09036E-1 5.08768E-1 5.52322E-1 5.67576E-1 4.70141E-1 4.28404E-1 5.19085E-1 4.8089E-1 8.16193E-1 8.26156E-1 4.21319E-1 3.84931E-1 3.70228E-1 4.10115E-1 4.35711E-1 3.72341E-1 5.61408E-1 8.05224E-1 4.61955E-1 2.06759E-1 1.87104E-1 1.96685E-1 1.07118E-1 2.1212E-1 5.51469E-1 4.6649E-1 6.57653E-1 4.73382E-1 3.83851E-1
1.67766E-1 2.06233E-1 3.67551E-1 5.16094E-1 4.84004E-1 3.64885E-1 4.19192E-1 4.64736E-1 3.79633E-1 3.48187E-1 3.89141E-1 6.19006E-1 9.14499E-1 9.09478E-1 5.52678E-1 4.99771E-1 6.09966E-1 6.96168E-1 6.76773E-1 7.01991E-1 8.23453E-1 9.75502E-1 9.91462E-1 9.14463E-1 9.8783E-1 9.77933E-1 9.73114E-1 9.42461E-1 8.20993E-1 7.80188E-1 8.19553E-1 5.42325E-1 5.09499E-1 5.03305E-1 5.15591E-1 5.44901E-1 5.51209E-1 5.89884E-1 9.20332E-1 8.53921E-1 4.09793E-1 4.38213E-1 4.00359E-1 3.88087E-1 6.16676E-1 3.58103E-1 2.04361E-1 3.74114E-1 3.17045E-1 2.17038E-1 2.27867E-1 2.11553E-1 1.20313E-1 1.15643E-1 2.42419E-1 3.36419E-1 5.0591E-1 4.31133E-1 3.50174E-1
