Phytophthora/models/20240604_1618_19/Phytophthora_PA3_RUN4_MAXENT_outputs/projMaxent.asc
ncols         225
nrows         269
xllcorner     473009.9838
yllcorner     4429051.1748
cellsize      50.0
NODATA_value  -9999
[rows 26 to 51 of 269, columns 59 to 117 of 225]
2.43541E-3 2.62945E-3 4.44528E-3 5.45314E-3 1.11775E-2 8.16385E-3 3.15946E-3 4.33321E-3 1.01017E-2 7.97898E-3 6.65611E-3 4.79167E-3 4.79427E-3 4.73279E-3 1.76655E-3 2.51389E-3 1.68535E-2 3.91836E-3 3.05287E-3 3.52912E-3 8.40283E-3 1.51457E-2 1.85591E-2 1.39075E-2 7.72072E-3 5.82967E-3 6.78333E-3 1.07761E-2 1.20409E-2 1.28935E-2 1.20368E-2 1.00143E-2 9.60655E-3 9.02594E-3 1.32403E-2 1.59415E-2 1.72232E-2 1.43574E-2 3.95905E-3 3.55949E-5 2.94666E-5 4.38038E-5 1.01898E-4 1.61562E-4 2.41519E-4 5.18066E-4 2.10212E-4 7.95481E-5 5.38287E-5 4.47983E-5 4.59153E-5 6.74546E-5 8.3825E-5 9.75246E-5 2.13472E-4 2.91873E-4 1.36568E-4 1.05288E-4 1.7552E-4
2.606E-3 4.03534E-3 1.0688E-2 1.09854E-2 1.0283E-2 7.94021E-3 5.42149E-3 8.22364E-3 1.6622E-2 1.39784E-2 8.79018E-3 7.61084E-3 6.76267E-3 3.27874E-3 3.56659E-3 3.83098E-3 8.33623E-3 2.62454E-3 2.36693E-3 2.71668E-3 4.16763E-3 9.12542E-3 1.11002E-2 2.00067E-2 1.01779E-2 7.49043E-3 5.41817E-3 5.62654E-3 1.26567E-2 1.75988E-2 1.27052E-2 1.19742E-2 1.16493E-2 8.47904E-3 1.01208E-2 1.5001E-2 2.12817E-2 2.39229E-2 6.03173E-3 4.79617E-5 4.07373E-5 5.41375E-5 8.20615E-5 2.35715E-4 6.38229E-4 5.19138E-4 3.87925E-4 4.51536E-4 2.5377E-4 9.4526E-5 5.82799E-5 7.46252E-5 9.06793E-5 9.73591E-5 1.22081E-4 2.7422E-4 3.02554E-4 4.45861E-4 5.77469E-4
3.43697E-3 4.84815E-3 1.23875E-2 1.04336E-2 1.13201E-2 5.15362E-3 8.36889E-3 1.76839E-2 2.20803E-2 1.73828E-2 1.0234E-2 9.07876E-3 1.01918E-2 1.24184E-2 1.64357E-2 3.43226E-2 2.79848E-2 4.18521E-3 2.97344E-3 2.67828E-3 3.90467E-3 5.90439E-3 7.17023E-3 1.35908E-2 2.46485E-2 1.55574E-2 9.04947E-3 1.6101E-2 1.05551E-2 3.08644E-2 2.05402E-2 1.44829E-2 1.50978E-2 8.12782E-3 1.12218E-2 1.44692E-2 2.52894E-2 2.70276E-2 1.00706E-2 6.57162E-5 4.84871E-5 4.41754E-5 4.82922E-5 6.20979E-5 1.80574E-4 3.48671E-4 4.59284E-4 7.665E-4 8.33912E-4 5.27024E-4 1.67725E-4 7.57098E-5 5.89791E-5 1.07193E-4 1.08421E-4 1.85607E-4 6.57579E-4 1.74967E-3 1.4241E-3
5.11597E-3 4.84424E-3 1.06979E-2 1.0732E-2 3.50848E-3 2.72738E-3 5.85758E-3 1.67328E-2 2.82091E-2 2.05202E-2 1.17778E-2 1.21278E-2 6.14015E-3 8.24567E-3 1.87477E-2 3.83691E-2 2.46412E-2 5.5733E-3 4.58548E-3 2.97809E-3 3.58367E-3 5.64376E-3 4.75695E-3 4.63669E-3 1.24506E-2 1.36838E-2 9.57563E-3 2.26795E-2 3.3598E-2 6.21369E-2 2.2612E-2 1.0689E-2 9.66145E-3 7.26712E-3 1.60569E-2 1.59809E-2 2.57116E-2 3.07996E-2 2.08349E-2 1.28195E-4 7.64802E-5 6.94227E-5 5.75664E-5 4.79368E-5 8.79034E-5 2.60362E-4 2.89762E-4 2.89543E-4 6.41368E-4 6.78726E-4 6.91627E-4 3.60326E-4 1.38903E-4 1.99153E-4 2.57928E-4 6.72876E-4 1.38637E-3 1.31518E-3 7.2844E-4
1.10973E-2 1.25462E-2 5.36254E-3 4.59361E-3 3.13346E-3 3.85529E-3 9.97126E-3 1.73278E-2 3.35681E-2 4.34145E-2 1.6905E-2 1.13956E-2 3.97427E-3 5.24562E-3 2.47004E-2 3.83241E-2 1.16892E-2 3.50026E-3 4.214E-3 6.85722E-3 1.15242E-2 9.66115E-3 4.81514E-3 4.17858E-3 5.0997E-3 1.39032E-2 1.50517E-2 1.29595E-2 3.71404E-2 9.56801E-2 2.05049E-2 8.80454E-3 9.51041E-3 1.29865E-2 1.96066E-2 1.86871E-2 4.07882E-2 4.06117E-2 3.92853E-2 2.08391E-4 2.5595E-4 2.69359E-4 2.87165E-4 1.95536E-4 4.85349E-4 5.27599E-4 1.29494E-4 9.31575E-5 9.75191E-5 1.35009E-4 5.65099E-4 7.63687E-4 4.06993E-4 2.99432E-4 3.70985E-4 9.19577E-4 6.07055E-4 2.48618E-4 3.18512E-4
1.84006E-2 2.17477E-2 9.98122E-3 1.44433E-2 4.51159E-3 5.15595E-3 1.26067E-2 1.94159E-2 4.17812E-2 4.66873E-2 3.19009E-2 1.15552E-2 4.79154E-3 8.80861E-3 3.85134E-2 3.17193E-2 4.3292E-3 2.09098E-3 1.96321E-3 4.00268E-3 8.50911E-3 9.00241E-3 5.72874E-3 6.01933E-3 9.45877E-3 1.62766E-2 1.39253E-2 1.43225E-2 5.58105E-2 5.88554E-2 1.63398E-2 1.26575E-2 1.51852E-2 1.76054E-2 9.8552E-3 1.12746E-2 2.36007E-2 4.77377E-2 3.52073E-2 2.65592E-4 2.83864E-4 6.38029E-4 7.75194E-4 5.02618E-4 5.55862E-4 1.44512E-4 1.12423E-4 1.44087E-4 6.82949E-5 9.17644E-5 1.62536E-4 2.40532E-4 2.24282E-4 2.17632E-4 3.31251E-4 4.53089E-4 2.57336E-4 1.42165E-4 1.1875E-4
1.48583E-2 2.06354E-2 1.95328E-2 1.96419E-2 6.42167E-3 1.47577E-2 2.61695E-2 3.47104E-2 3.03279E-2 2.20881E-2 1.60101E-2 6.82104E-3 9.49953E-3 1.65426E-2 3.39101E-2 1.80772E-2 2.80942E-3 2.14657E-3 2.11215E-3 3.18458E-3 4.20558E-3 4.40231E-3 4.11623E-3 7.13074E-3 7.0711E-3 2.34377E-4 1.44726E-4 2.0878E-4 5.08059E-4 4.34948E-4 3.10631E-4 7.73602E-3 7.66137E-3 1.05103E-2 1.05506E-2 1.05099E-2 2.47476E-2 3.39027E-2 3.72002E-4 1.03971E-4 5.83963E-5 1.64341E-4 3.07193E-4 4.22161E-4 1.1751E-4 8.14078E-5 9.21184E-5 1.00828E-4 7.10317E-5 7.06059E-5 1.11161E-4 1.04858E-4 1.25175E-4 2.32179E-4 2.07755E-4 2.7564E-4 2.88002E-4 1.51303E-4 1.19908E-4
1.98685E-2 1.67234E-2 1.55561E-2 1.38625E-2 7.82543E-3 1.93774E-2 2.95372E-2 3.26479E-2 4.58882E-2 4.17362E-2 1.0886E-2 1.41593E-2 2.59671E-2 3.04665E-2 2.40217E-2 1.75595E-2 8.45123E-3 4.22575E-3 4.36341E-3 8.33728E-3 1.28781E-2 5.12703E-3 8.95637E-3 1.00333E-4 1.03052E-4 1.0182E-4 6.37037E-5 9.27458E-5 1.06674E-4 2.00906E-4 1.40294E-4 6.17223E-3 4.8538E-3 6.3684E-3 8.94151E-3 1.70924E-2 1.75786E-2 2.97454E-2 4.32831E-4 6.77881E-5 6.03146E-5 1.67115E-4 2.38479E-4 2.27185E-4 2.0697E-4 8.91049E-5 1.63035E-4 9.88528E-5 9.42551E-5 7.88473E-5 1.33142E-4 1.16038E-4 1.68292E-4 3.61921E-4 2.54918E-4 2.96097E-4 3.26327E-4 1.85584E-4 1.35465E-4
1.25335E-2 1.51656E-2 1.30727E-2 1.34068E-2 1.37088E-2 1.34946E-2 2.00676E-2 3.09134E-2 4.87033E-2 5.33473E-2 2.00412E-2 1.04922E-2 2.4489E-2 3.52903E-2 5.78959E-2 2.59302E-2 1.22636E-2 5.03726E-3 4.26861E-3 5.99029E-3 1.1889E-2 1.43366E-2 1.21512E-2 9.78103E-5 7.24583E-5 8.55015E-5 5.92161E-5 6.11946E-5 6.19538E-5 4.43788E-5 1.0102E-4 7.81991E-5 5.95084E-3 7.62736E-3 1.10437E-2 1.11103E-2 1.64615E-2 2.79091E-4 1.48133E-4 5.07121E-5 1.3472E-4 1.3692E-4 2.4954E-4 2.19872E-4 2.26538E-4 1.20039E-4 3.40553E-4 3.03496E-4 1.76649E-4 9.8885E-5 1.19895E-4 9.87024E-5 1.33085E-4 4.03043E-4 4.66861E-4 4.17616E-4 4.43596E-4 2.14165E-4 1.97881E-4
6.75901E-3 1.29989E-2 1.36287E-2 1.39301E-2 1.33239E-2 1.55429E-2 2.9305E-2 1.82541E-2 1.00504E-2 9.13997E-3 7.07467E-3 6.70778E-5 6.22991E-3 2.04894E-2 2.2742E-2 7.27312E-3 3.69214E-3 2.94724E-3 2.50796E-3 2.60094E-3 4.33486E-3 4.55938E-3 8.17807E-5 1.22382E-4 9.16595E-5 6.07018E-5 6.67253E-5 5.26436E-5 5.31104E-5 4.55182E-5 1.07169E-4 8.95684E-5 2.08909E-4 2.12086E-4 1.41457E-2 9.22332E-3 6.70928E-3 1.42222E-4 9.35014E-5 1.01036E-4 3.18876E-4 2.74833E-4 3.01658E-4 1.29484E-4 4.18714E-4 1.87556E-4 7.36472E-4 8.75438E-4 4.81513E-4 2.14163E-4 1.93514E-4 1.92186E-4 1.40289E-4 6.34744E-4 6.93999E-4 7.02883E-4 4.61806E-4 3.56527E-4 3.06197E-4
5.832E-3 9.33466E-3 1.12783E-2 1.20388E-2 1.38081E-2 2.59508E-2 1.38547E-2 5.86216E-3 3.78626E-3 3.81522E-3 4.98919E-3 5.99354E-5 1.23786E-4 4.07739E-4 1.72862E-4 5.31899E-5 4.27926E-5 3.54714E-5 1.95722E-3 2.59495E-3 3.13923E-3 3.18163E-3 6.88564E-5 1.07423E-4 1.19701E-4 7.92216E-5 7.60871E-5 5.33196E-5 8.73309E-5 6.9204E-5 2.07444E-4 2.6008E-4 3.27582E-4 1.45617E-4 1.11933E-4 1.18844E-4 8.96682E-5 1.08124E-4 1.05622E-4 1.06169E-4 2.19324E-4 3.66118E-4 6.63701E-4 3.89556E-4 4.01268E-4 2.9363E-4 4.95106E-4 7.53137E-4 2.16023E-3 1.02796E-3 4.09231E-4 2.76605E-4 2.11863E-4 4.10241E-4 1.12503E-3 1.14653E-3 6.45017E-4 3.70789E-4 3.79435E-4
3.63137E-3 7.93079E-3 8.53367E-3 9.39069E-3 1.52565E-2 1.10622E-2 4.44455E-3 4.15669E-3 2.91549E-3 3.09487E-3 7.64969E-5 1.02466E-4 3.06677E-4 2.83884E-4 1.32193E-4 4.8189E-5 4.68091E-5 3.32708E-5 3.26289E-5 7.03611E-5 1.3222E-4 2.00533E-4 3.34002E-4 1.96341E-4 2.2254E-4 1.89303E-4 1.70869E-4 9.57061E-5 1.13056E-4 3.23059E-4 2.88975E-4 3.63769E-4 2.89093E-4 2.70581E-4 1.73587E-4 1.8076E-4 3.04483E-4 2.19922E-4 1.68451E-4 2.09834E-4 2.08121E-4 2.80322E-4 1.23613E-3 9.64796E-4 4.57896E-4 6.69295E-4 4.23598E-4 4.83776E-4 2.2348E-3 3.07311E-3 7.71116E-4 3.47457E-4 3.22481E-4 6.86791E-4 1.18127E-3 1.21297E-3 8.08412E-4 6.72301E-4 5.74944E-4
3.60781E-3 1.06348E-2 1.83155E-2 1.83532E-2 2.23305E-2 7.14119E-3 5.67487E-3 7.06689E-3 4.69554E-3 5.25469E-3 2.09046E-4 3.2864E-4 1.09427E-3 1.60974E-3 2.66573E-4 1.60653E-4 1.49118E-4 1.29998E-4 1.32023E-4 1.34058E-4 2.46998E-4 4.4884E-4 6.37201E-4 5.42278E-4 6.52158E-4 2.80013E-4 2.26636E-4 2.14027E-4 1.62975E-4 1.19655E-4 1.47495E-4 2.90372E-4 3.67902E-4 3.75124E-4 3.31997E-4 4.70253E-4 3.92726E-4 2.92288E-4 2.51462E-4 2.59137E-4 2.76404E-4 3.33699E-4 6.51652E-4 5.16013E-4 5.19707E-4 6.36052E-4 4.28079E-4 6.57111E-4 1.61462E-3 1.95008E-3 2.29548E-3 4.4801E-4 4.52459E-4 7.50426E-4 1.15672E-3 1.06017E-3 7.30327E-4 5.34379E-4 5.26152E-4
4.93238E-3 9.08659E-3 1.50281E-2 4.17697E-2 2.72605E-2 1.72253E-2 1.14297E-2 1.51602E-2 1.91E-2 1.54146E-2 2.92265E-4 5.49565E-4 1.25676E-3 1.32842E-3 2.39466E-4 2.87412E-4 2.48044E-4 1.87055E-4 2.06497E-4 1.8818E-4 2.82865E-4 4.37504E-4 5.12357E-4 1.12349E-3 4.91499E-4 3.17006E-4 1.75992E-4 1.4456E-4 1.09371E-4 9.13152E-5 1.30385E-4 2.80538E-4 3.02579E-4 3.00861E-4 4.36366E-4 6.2304E-4 2.63928E-4 2.83096E-4 2.84501E-4 3.96699E-4 5.4311E-4 6.33453E-4 3.49679E-4 4.03484E-4 3.25229E-4 3.88305E-4 8.54411E-4 1.50517E-3 2.24434E-3 2.03891E-3 2.96538E-3 2.59442E-3 1.92133E-3 2.07318E-3 2.36465E-3 8.89919E-4 7.95711E-4 6.11214E-4 3.31406E-4
6.56994E-3 7.64197E-3 9.65836E-3 1.33682E-2 2.51118E-2 2.0497E-2 1.29502E-2 3.09165E-2 4.93321E-2 3.84271E-2 7.60062E-4 1.21044E-3 1.42593E-3 9.06795E-4 2.01311E-4 2.45799E-4 2.77317E-4 1.93074E-4 2.15775E-4 2.10554E-4 2.71615E-4 5.57018E-4 3.91994E-4 6.30156E-4 5.30887E-4 3.38029E-4 1.80993E-4 1.57491E-4 1.48445E-4 1.51737E-4 1.62095E-4 2.48391E-4 3.89294E-4 6.16427E-4 6.57153E-4 5.41024E-4 2.60722E-4 2.75512E-4 3.95011E-4 4.39821E-4 6.54932E-4 4.26521E-4 2.93657E-4 5.51398E-4 1.08102E-3 1.07918E-3 9.26687E-4 1.59416E-3 1.92941E-3 1.00276E-3 1.78827E-3 2.95525E-3 2.72806E-3 3.83731E-3 1.54655E-3 9.61713E-4 4.4494E-4 5.58478E-4 3.01115E-4
1.5368E-2 1.94223E-2 1.79471E-2 1.42013E-2 2.45379E-2 1.79415E-2 1.73328E-2 5.15857E-2 4.535E-2 3.19477E-2 1.39833E-3 1.79645E-3 1.22592E-3 1.09339E-3 2.41855E-4 1.97153E-4 2.97451E-4 3.32167E-4 3.26369E-4 2.8577E-4 3.02813E-4 4.29552E-4 3.5493E-4 5.25442E-4 5.49537E-4 2.71458E-4 2.11154E-4 2.09331E-4 1.73481E-4 2.18613E-4 2.35343E-4 2.41947E-4 3.3136E-4 7.09437E-4 7.3413E-4 3.66736E-4 2.55159E-4 2.77672E-4 3.50592E-4 4.48917E-4 9.92846E-4 3.20375E-4 3.17817E-4 6.78129E-4 1.03784E-3 6.19162E-4 4.74027E-4 1.69516E-3 1.86311E-3 2.14812E-3 1.04765E-3 9.87817E-4 5.30059E-3 3.74372E-3 5.50041E-4 5.36579E-4 3.63574E-4 3.69494E-4 2.45443E-4
3.79949E-2 3.67648E-2 4.43193E-2 3.43126E-2 1.82615E-2 1.74579E-2 2.29718E-2 4.53134E-2 2.37318E-2 2.12941E-2 1.11978E-3 1.4698E-3 8.7947E-4 8.31145E-4 2.37937E-4 2.45363E-4 3.71132E-4 3.35484E-4 4.47007E-4 3.63501E-4 4.53412E-4 4.72808E-4 4.43645E-4 9.33813E-4 1.07664E-3 2.01276E-4 2.74243E-4 2.52606E-4 1.69788E-4 2.63804E-4 2.75023E-4 2.84333E-4 3.22015E-4 5.78021E-4 5.81915E-4 4.13991E-4 3.08201E-4 3.02373E-4 4.12756E-4 2.25209E-4 9.56556E-4 4.99805E-4 5.77242E-4 6.64401E-4 4.98727E-4 3.45207E-4 4.12719E-4 7.39752E-4 2.08841E-3 1.74639E-3 1.71032E-3 1.85437E-3 4.32945E-3 3.74326E-3 3.9238E-4 4.60881E-4 2.05164E-4 2.33298E-4 2.4123E-4
5.35318E-2 4.97443E-2 4.47823E-2 4.108E-2 2.79744E-2 2.26807E-2 3.8061E-2 5.3796E-2 4.29818E-2 2.59792E-2 8.50157E-4 1.50384E-3 1.60218E-3 6.75614E-4 4.25308E-4 4.59677E-4 3.74714E-4 4.23802E-4 5.03166E-4 3.52646E-4 3.51762E-4 3.09831E-4 4.39142E-4 8.97174E-4 1.05174E-3 7.88673E-4 3.61527E-4 2.67107E-4 2.26706E-4 3.08091E-4 3.11886E-4 2.83473E-4 5.75539E-4 9.74407E-4 3.73167E-4 3.96382E-4 4.36779E-4 1.95365E-4 3.70811E-4 3.04623E-4 5.36526E-4 8.5903E-4 8.01451E-4 7.13459E-4 6.14778E-4 4.73456E-4 6.09652E-4 6.01961E-4 1.10961E-3 1.53176E-3 2.02942E-3 5.67977E-3 3.13085E-3 1.67726E-3 3.27405E-4 7.02651E-4 3.45593E-4 2.94379E-4 6.39365E-4
7.06019E-2 5.96013E-2 5.57554E-2 2.55809E-2 1.65793E-2 4.76092E-2 1.05741E-1 1.05117E-1 8.31048E-2 3.30811E-2 3.71819E-2 4.70788E-4 7.40782E-4 7.68121E-4 6.58394E-4 8.61572E-4 4.20803E-4 2.60296E-4 2.66996E-4 2.32331E-4 2.48416E-4 2.6453E-4 2.57911E-4 8.57577E-4 1.27176E-3 1.82099E-3 8.64681E-4 4.52181E-4 3.25471E-4 4.44254E-4 6.97437E-4 8.52909E-4 8.33479E-4 5.37231E-4 2.80591E-4 2.30053E-4 2.19436E-4 3.14433E-4 4.21632E-4 3.19432E-4 4.40281E-4 1.18742E-3 1.70184E-3 1.30971E-3 8.8016E-4 4.99587E-4 5.15167E-4 8.51703E-4 6.09529E-4 5.4925E-4 2.12942E-3 4.53235E-3 1.51075E-3 3.7818E-4 4.23591E-4 4.8435E-4 4.86538E-4 3.66154E-4 7.79736E-4
8.0175E-2 5.47502E-2 2.07759E-2 1.10295E-2 8.98061E-3 1.32053E-2 4.60756E-2 2.44629E-1 1.86713E-1 1.50816E-1 4.27047E-2 5.73935E-4 1.92225E-3 1.9839E-3 1.01224E-3 8.08993E-4 6.23435E-4 1.99612E-4 2.10369E-4 2.37195E-4 2.65722E-4 2.36724E-4 3.36548E-4 6.69532E-4 1.23158E-3 1.39409E-3 4.52818E-4 6.33039E-4 4.42396E-4 5.6404E-4 5.43126E-4 9.0543E-4 9.42483E-4 6.0361E-4 3.70296E-4 2.36004E-4 2.11119E-4 3.00576E-4 6.12859E-4 2.98351E-4 5.82056E-4 3.30281E-3 3.67573E-3 2.74208E-3 1.36094E-3 5.32266E-4 5.22343E-4 8.21473E-4 5.59653E-4 5.81316E-4 2.09597E-3 2.87817E-3 8.16657E-4 2.18641E-4 2.78185E-4 5.04341E-4 5.5004E-4 4.32771E-4 8.70474E-4
6.44807E-2 3.54745E-2 2.96885E-2 1.81458E-2 9.97334E-3 1.27744E-2 1.88014E-2 4.11442E-2 1.01542E-1 2.71733E-1 1.14239E-1 1.31989E-1 4.22808E-3 3.13077E-3 6.25684E-4 6.4127E-4 4.01112E-4 1.93581E-4 1.97936E-4 2.94262E-4 2.40388E-4 2.54471E-4 4.23303E-4 9.05768E-4 2.55208E-3 1.56722E-3 9.537E-4 9.67367E-4 4.89839E-4 6.85874E-4 4.53751E-4 3.89075E-4 5.04686E-4 5.58836E-4 5.61523E-4 2.89786E-4 2.31337E-4 2.95088E-4 3.32076E-4 3.18745E-4 5.49503E-4 3.22343E-3 3.759E-3 2.82183E-3 1.94126E-3 8.99001E-4 4.22332E-4 4.49787E-4 8.19812E-4 1.09532E-3 2.6568E-3 1.86736E-3 7.70659E-4 1.83506E-4 1.83858E-4 2.41397E-4 7.87582E-4 5.15718E-4 6.55158E-4
4.91738E-2 3.91332E-2 5.11484E-2 4.03279E-2 1.12988E-2 1.33377E-2 2.17268E-2 2.89776E-2 4.29947E-2 6.1492E-2 1.18275E-1 2.28528E-1 5.04309E-1 1.9861E-3 7.54464E-4 1.62052E-3 6.0047E-4 1.90643E-4 2.52516E-4 2.7239E-4 2.50466E-4 3.04214E-4 1.00304E-3 8.1436E-4 7.89332E-4 9.5205E-4 8.39672E-4 2.45502E-4 4.73323E-4 5.26786E-4 4.49438E-4 3.16333E-4 3.31336E-4 6.24505E-4 6.08218E-4 2.87984E-4 2.51709E-4 2.49365E-4 2.50427E-4 3.0397E-4 4.72914E-4 1.26827E-3 3.39512E-3 1.89688E-3 2.24003E-3 1.5512E-3 1.48772E-3 1.80105E-3 1.91963E-3 2.24183E-3 5.58293E-3 2.27651E-3 7.55056E-4 1.84459E-4 1.65425E-4 1.7081E-4 2.7356E-4 3.69465E-4 4.9293E-4
2.62307E-2 6.19453E-2 4.36911E-2 1.89717E-2 1.10561E-2 1.06008E-2 1.65803E-2 3.35874E-2 5.00475E-2 3.73818E-2 4.45286E-2 8.97163E-2 4.46932E-1 2.28109E-3 1.47852E-3 1.6775E-3 6.04452E-4 2.2676E-4 2.63797E-4 3.48955E-4 8.50774E-4 7.24974E-4 1.36433E-3 1.24522E-3 1.60554E-3 8.4751E-4 4.1548E-4 3.58859E-4 4.76156E-4 5.21339E-4 4.27584E-4 3.49274E-4 4.27476E-4 5.33137E-4 4.23235E-4 3.26333E-4 3.57966E-4 2.97322E-4 3.57375E-4 5.36644E-4 7.72211E-4 9.0726E-4 1.68099E-3 1.33208E-3 1.42954E-3 1.28125E-3 1.42699E-3 1.6438E-3 2.11822E-3 4.19497E-3 6.72818E-3 4.93559E-3 7.34506E-4 2.4279E-4 1.76933E-4 2.00348E-4 1.98749E-4 2.64284E-4 3.45757E-4
1.87965E-2 1.96841E-2 3.12305E-2 2.16617E-2 1.91743E-2 7.8869E-3 1.19856E-2 2.70848E-2 5.58541E-2 6.12132E-2 5.65091E-2 4.01807E-2 5.46494E-2 1.01593E-1 1.05665E-1 1.10036E-3 6.06466E-4 3.83796E-4 5.13092E-4 6.96798E-4 2.21095E-3 1.51122E-3 2.01574E-3 1.97051E-3 9.85076E-4 6.60384E-4 7.77772E-4 6.04431E-4 9.88524E-4 6.79973E-4 6.90878E-4 4.73973E-4 8.1164E-4 6.94511E-4 4.28478E-4 4.06685E-4 3.89834E-4 3.67733E-4 4.35133E-4 5.35621E-4 5.28598E-4 8.16184E-4 1.58799E-3 1.25229E-3 9.39075E-4 6.97995E-4 8.36585E-4 7.86193E-4 7.08918E-4 8.40611E-3 7.2007E-3 2.10716E-3 6.0224E-4 9.82347E-4 3.16168E-4 2.2344E-4 2.02473E-4 2.47484E-4 5.87543E-4
1.56278E-2 1.52305E-2 1.35719E-2 2.13955E-2 1.43711E-2 7.30752E-3 1.04988E-2 2.90797E-2 1.20154E-1 1.19497E-1 3.47325E-2 3.49784E-2 4.62826E-2 9.92932E-2 1.08174E-1 3.57991E-2 3.16929E-2 5.68159E-4 9.16264E-4 1.07217E-3 1.41188E-3 2.82624E-3 1.89012E-3 3.24339E-3 1.56569E-3 1.0281E-3 1.06673E-3 7.56013E-4 7.73025E-4 8.98443E-4 6.97193E-4 5.07442E-4 1.11871E-3 8.4971E-4 3.92092E-4 7.80364E-4 4.78947E-4 4.9317E-4 5.08848E-4 7.26414E-4 1.37964E-3 1.28123E-3 1.17993E-3 8.46307E-4 8.9663E-4 7.59867E-4 7.94687E-4 4.92275E-4 6.67338E-4 5.3832E-3 4.19067E-3 1.18033E-3 3.14079E-4 5.75846E-4 9.90172E-4 4.85327E-4 2.76674E-4 3.59745E-4 6.08501E-4
1.15646E-2 2.52774E-2 1.48442E-2 1.27203E-2 8.5842E-3 8.20973E-3 1.06658E-2 2.68892E-2 7.31222E-2 1.19735E-1 7.36938E-2 1.07123E-1 7.77177E-2 8.45997E-2 4.16012E-2 3.50093E-2 2.93154E-2 2.76405E-2 4.64109E-2 7.92491E-4 1.46034E-3 2.22124E-3 1.60004E-3 1.15728E-3 1.7933E-3 1.07875E-3 6.85076E-4 6.77822E-4 4.5643E-4 8.87641E-4 6.78919E-4 6.98992E-4 1.01148E-3 7.43981E-4 6.43129E-4 4.76836E-4 7.52936E-4 5.46384E-4 4.11898E-4 1.02817E-3 2.02779E-3 1.03143E-3 8.73919E-4 6.09323E-4 7.14055E-4 7.40174E-4 5.63122E-4 4.75448E-4 6.80776E-4 3.61244E-3 3.05921E-3 1.61437E-3 3.44277E-4 2.81332E-4 3.4635E-4 4.95622E-4 6.69899E-4 7.62315E-4 1.83434E-3
