Phytophthora/models/20240604_1618_19/Phytophthora_PA3_RUN5_MAXENT_outputs/projMaxent.asc
ncols         225
nrows         269
xllcorner     473009.9838
yllcorner     4429051.1748
cellsize      50.0
NODATA_value  -9999
[rows 52 to 77 of 269, columns 0 to 58 of 225]
-9999 -9999 -9999 -9999 -9999 -9999 -9999 -9999 -9999 -9999 -9999 -9999 -9999 -9999 -9999 -9999 -9999 -9999 -9999 -9999 -9999 -9999 1.5615E-2 2.00673E-2 5.72911E-2 7.10459E-2 3.6254E-2 2.36856E-2 3.61396E-2 2.40576E-2 2.64872E-2 3.84587E-2 8.94178E-2 1.15098E-1 1.21342E-1 1.41541E-1 1.63787E-1 1.92584E-1 2.19324E-1 2.5104E-1 3.12075E-1 2.91839E-1 2.3183E-1 1.86778E-1 1.77984E-1 1.65917E-1 1.21254E-1 1.32351E-1 1.36032E-1 1.31578E-1 1.69607E-1 1.2044E-1 1.08403E-1 1.11248E-1 1.05403E-1 1.01325E-1 2.84783E-2 5.67624E-2 4.28575E-2
-9999 -9999 -9999 -9999 -9999 -9999 -9999 -9999 -9999 -9999 -9999 -9999 -9999 -9999 -9999 -9999 -9999 -9999 -9999 -9999 -9999 -9999 2.87656E-2 1.53053E-2 3.01573E-2 5.67684E-2 2.80053E-2 2.05274E-2 4.31925E-2 3.31355E-2 3.23031E-2 3.28019E-2 1.10269E-1 1.15331E-1 1.28108E-1 1.46255E-1 1.14527E-1 1.89849E-1 1.645E-1 1.44218E-1 2.15926E-1 2.18174E-1 1.24252E-1 1.89482E-1 2.06111E-1 1.618E-1 1.8935E-1 1.14173E-1 1.48601E-1 1.53702E-1 1.54336E-1 1.08145E-1 1.24224E-1 1.45201E-1 1.21647E-1 7.35503E-2 4.07818E-2 3.39091E-2 4.37726E-2
-9999 -9999 -9999 -9999 -9999 -9999 -9999 -9999 -9999 -9999 -9999 -9999 -9999 -9999 -9999 -9999 -9999 -9999 -9999 -9999 -9999 -9999 2.18414E-2 2.88356E-2 3.4681E-2 4.47066E-2 7.26381E-2 6.73013E-2 8.4306E-2 4.38553E-2 3.06474E-2 3.20378E-2 9.07502E-2 1.2349E-1 7.18925E-2 1.48038E-1 1.64554E-1 1.91851E-1 1.3355E-1 1.10075E-1 1.97022E-1 1.85169E-1 8.10318E-2 8.89295E-2 2.06421E-1 1.90133E-1 2.13072E-1 2.06694E-1 1.03655E-1 1.7506E-1 9.6392E-2 7.3263E-2 8.77605E-2 7.97615E-2 1.32058E-1 7.636E-2 5.92271E-2 2.50162E-2 3.29418E-2
-9999 -9999 -9999 -9999 -9999 -9999 -9999 -9999 -9999 -9999 -9999 -9999 -9999 -9999 -9999 -9999 -9999 -9999 -9999 -9999 -9999 -9999 2.07991E-2 3.90738E-2 4.64493E-2 6.23297E-2 5.86868E-2 9.66604E-2 9.55038E-2 8.40068E-2 4.9384E-2 4.57956E-2 9.01048E-2 9.10187E-2 1.47192E-1 1.52987E-1 1.63167E-1 1.89988E-1 1.92986E-1 1.58267E-1 1.15855E-1 1.63675E-1 1.46871E-1 1.858E-1 1.4366E-1 1.81636E-1 1.41021E-1 9.08411E-2 1.02142E-1 7.41868E-2 5.80737E-2 8.41213E-2 2.94009E-2 5.19671E-2 7.60769E-2 5.23322E-2 5.70025E-2 2.04931E-2 1.59283E-2
-9999 -9999 -9999 -9999 -9999 -9999 -9999 -9999 -9999 -9999 -9999 -9999 -9999 -9999 -9999 -9999 -9999 -9999 -9999 -9999 -9999 1.79496E-2 2.16759E-2 2.40077E-2 1.65394E-2 3.19353E-2 6.13312E-2 1.02308E-1 5.92244E-2 5.37833E-2 5.62053E-2 3.02893E-2 9.00204E-2 1.37057E-1 1.4635E-1 1.34252E-1 9.36858E-2 1.02888E-1 7.87393E-2 1.51268E-1 3.05667E-2 9.62337E-2 8.48363E-2 1.27479E-1 8.76965E-2 8.45829E-2 7.25084E-2 5.57147E-2 4.32072E-2 4.00948E-2 4.53231E-2 5.75439E-2 6.25985E-2 6.29809E-2 4.70547E-2 4.05489E-2 4.02565E-2 1.98476E-2 1.64459E-2
-9999 -9999 -9999 -9999 -9999 -9999 -9999 -9999 -9999 -9999 -9999 -9999 -9999 -9999 -9999 -9999 -9999 -9999 3.28453E-2 2.66438E-2 2.41961E-2 2.20748E-2 2.9497E-2 1.97726E-2 8.88592E-3 2.38819E-2 3.06864E-2 3.62942E-2 3.28816E-2 4.98674E-2 6.21277E-2 4.33955E-2 5.23061E-2 1.10088E-1 1.08234E-1 7.88892E-2 4.54514E-2 4.34668E-2 6.92449E-2 1.163E-1 2.71895E-2 7.28511E-2 3.03424E-2 7.4567E-2 5.65034E-2 5.63312E-2 5.80823E-2 4.38283E-2 2.94925E-2 7.6698E-2 5.62849E-2 3.98975E-2 2.93742E-2 4.53667E-2 4.53583E-2 3.24268E-2 1.9798E-2 1.8729E-2 2.10608E-2
-9999 -9999 -9999 -9999 -9999 -9999 -9999 -9999 -9999 -9999 -9999 -9999 -9999 -9999 -9999 -9999 1.64161E-2 2.86952E-2 3.75273E-2 2.99266E-2 4.17157E-2 4.06764E-2 4.9301E-2 3.16373E-2 2.49437E-2 1.82895E-2 4.53796E-2 4.80929E-2 2.74967E-2 2.95773E-2 3.30994E-2 3.85433E-2 7.6843E-2 7.38591E-2 4.99326E-2 3.59594E-2 4.05961E-2 4.82633E-2 7.37959E-2 6.91369E-2 4.50651E-2 7.21353E-2 8.97449E-2 8.16552E-2 2.20243E-2 5.9477E-2 4.86394E-2 5.35204E-2 8.87442E-2 8.29433E-2 4.29617E-2 3.02837E-2 2.01648E-2 1.39387E-2 1.86149E-2 2.20015E-2 2.47422E-2 1.7703E-2 2.44258E-2
-9999 -9999 -9999 -9999 -9999 -9999 -9999 -9999 -9999 -9999 -9999 -9999 -9999 -9999 2.15406E-2 2.60492E-2 2.58543E-2 2.55003E-2 3.16038E-2 4.09314E-2 8.06619E-2 7.06724E-2 3.59939E-2 6.91665E-2 7.27598E-2 7.05151E-2 8.15693E-2 7.51847E-2 3.76704E-2 2.91665E-2 2.62789E-2 4.44712E-2 1.01287E-1 5.40403E-2 3.45233E-2 3.22944E-2 3.72577E-2 4.99417E-2 5.26972E-2 5.20003E-2 4.34795E-2 5.73598E-2 4.99159E-2 4.79933E-2 8.18377E-2 8.78311E-2 4.73226E-2 5.98808E-2 8.8225E-2 8.3278E-2 3.10452E-2 4.00146E-2 6.08465E-2 1.96141E-2 1.15109E-2 9.96041E-3 1.14214E-2 1.62998E-2 8.43266E-3
-9999 -9999 -9999 -9999 -9999 -9999 -9999 -9999 -9999 -9999 -9999 -9999 -9999 1.57553E-2 2.45529E-2 2.88824E-2 3.63404E-2 2.47355E-2 1.52752E-2 6.2605E-2 6.83914E-2 6.59518E-2 4.17953E-2 7.09962E-2 7.47126E-2 7.46897E-2 7.71511E-2 6.74138E-2 3.61354E-2 2.90997E-2 2.46962E-2 3.86756E-2 7.54272E-2 5.34646E-2 3.11733E-2 3.73308E-2 3.80889E-2 4.00843E-2 3.27115E-2 4.08685E-2 5.24575E-2 5.38548E-2 4.64352E-2 3.10795E-2 5.12306E-2 8.11798E-2 7.93019E-2 3.61785E-2 3.4186E-2 4.66682E-2 3.33706E-2 3.22761E-2 3.88828E-2 2.71194E-2 1.94293E-2 1.43994E-2 1.32586E-2 1.12855E-2 1.26003E-2
-9999 -9999 -9999 -9999 -9999 -9999 -9999 -9999 -9999 -9999 -9999 -9999 -9999 6.44647E-3 2.8753E-2 3.03563E-2 2.22045E-2 1.53147E-2 1.5923E-2 3.85922E-2 3.26122E-2 3.51793E-2 4.22395E-2 6.43718E-2 6.70763E-2 7.07189E-2 7.4212E-2 7.4781E-2 7.63483E-2 4.47318E-2 4.7352E-2 5.2265E-2 5.53507E-2 3.85749E-2 3.02161E-2 2.34232E-2 3.80085E-2 3.45768E-2 2.66089E-2 2.66885E-2 2.94428E-2 2.46543E-2 3.28086E-2 2.66955E-2 2.78678E-2 6.19371E-2 6.2135E-2 2.84442E-2 3.46678E-2 1.70873E-2 1.30349E-2 8.90944E-3 3.17243E-2 1.5626E-2 1.46659E-2 1.21231E-2 6.25638E-3 9.64358E-3 9.60376E-3
-9999 -9999 -9999 -9999 -9999 -9999 -9999 -9999 -9999 -9999 -9999 -9999 -9999 9.51048E-3 2.33083E-2 2.7203E-2 1.53962E-2 1.21284E-2 3.14185E-2 3.08948E-2 2.4106E-2 1.63455E-2 3.18864E-2 3.55876E-2 3.70227E-2 6.34857E-2 6.89896E-2 7.11158E-2 7.81633E-2 7.69666E-2 9.26061E-2 5.4423E-2 3.99506E-2 3.3591E-2 2.08313E-2 2.07573E-2 2.13798E-2 2.43115E-2 1.86042E-2 2.13028E-2 2.89008E-2 2.69427E-2 2.79595E-2 2.62981E-2 2.08354E-2 2.76279E-2 2.69907E-2 3.04717E-2 3.21615E-2 3.47567E-2 2.00357E-2 1.33365E-2 9.09069E-3 1.4003E-2 3.42924E-2 1.16571E-2 1.39009E-2 8.11884E-3 3.24256E-3
-9999 -9999 -9999 -9999 -9999 -9999 -9999 -9999 -9999 -9999 -9999 -9999 1.3947E-2 1.35065E-2 2.91358E-2 2.62166E-2 1.36242E-2 1.2729E-2 3.09973E-2 2.55567E-2 2.0156E-2 1.96811E-2 2.48871E-2 2.85519E-2 2.88632E-2 5.80156E-2 6.21528E-2 7.0115E-2 5.94308E-2 8.28183E-2 7.29763E-2 3.68703E-2 4.71264E-2 4.32893E-2 2.4957E-2 2.3166E-2 2.58847E-2 2.25052E-2 1.55606E-2 1.90763E-2 2.56054E-2 3.4141E-2 3.03153E-2 2.00372E-2 1.69274E-2 1.76673E-2 3.07286E-2 5.05481E-2 3.21685E-2 2.6574E-2 1.46107E-2 1.16948E-2 5.53132E-3 1.15768E-2 7.40448E-3 2.81535E-2 1.06325E-2 1.27898E-2 1.66132E-2
-9999 -9999 -9999 -9999 -9999 -9999 -9999 -9999 -9999 -9999 -9999 -9999 1.67806E-2 2.15341E-2 3.517E-2 2.6598E-2 1.66048E-2 3.95861E-2 3.10576E-2 2.33843E-2 1.81057E-2 1.77622E-2 2.00545E-2 2.69187E-2 5.22713E-2 5.66872E-2 5.87091E-2 6.96968E-2 4.8999E-2 4.84894E-2 3.46069E-2 2.8411E-2 3.04882E-2 4.06721E-2 2.13887E-2 2.07281E-2 2.01688E-2 1.50283E-2 1.36173E-2 2.1462E-2 2.17639E-2 1.80278E-2 3.55412E-2 2.30469E-2 1.87857E-2 1.85477E-2 2.90262E-2 4.94683E-2 4.14038E-2 1.82797E-2 1.11978E-2 8.01034E-3 2.49048E-3 8.97973E-3 9.49221E-3 1.04757E-2 2.44015E-2 1.75567E-2 1.96937E-2
-9999 -9999 -9999 -9999 -9999 -9999 -9999 -9999 -9999 -9999 -9999 -9999 6.84311E-2 3.27687E-2 2.78932E-2 2.23642E-2 2.40315E-2 3.49254E-2 2.42268E-2 1.93255E-2 1.85572E-2 1.80477E-2 1.92885E-2 2.95633E-2 4.82923E-2 5.3547E-2 6.16324E-2 6.84146E-2 7.55829E-2 3.19158E-2 2.77387E-2 3.32197E-2 3.70868E-2 4.18174E-2 2.33663E-2 1.86002E-2 1.40776E-2 1.35213E-2 1.11359E-2 1.22006E-2 1.39387E-2 1.45744E-2 2.40685E-2 4.03263E-2 5.09336E-2 4.82134E-2 5.2998E-2 1.99191E-2 1.6866E-2 9.53115E-3 3.46176E-3 7.26256E-3 7.01475E-3 3.6615E-3 9.7594E-3 6.40848E-3 9.17909E-3 9.72358E-3 1.67322E-2
-9999 -9999 -9999 -9999 -9999 -9999 -9999 -9999 -9999 -9999 5.26266E-3 1.36508E-2 1.80619E-2 3.40755E-2 2.37795E-2 1.66132E-2 1.91679E-2 4.82946E-2 2.91027E-2 2.18649E-2 2.03252E-2 1.99506E-2 2.65873E-2 4.07092E-2 4.25705E-2 4.87568E-2 6.06212E-2 6.54886E-2 7.04583E-2 3.79954E-2 2.45227E-2 3.19395E-2 2.41332E-2 2.41222E-2 1.73838E-2 1.68358E-2 1.39907E-2 1.09268E-2 9.8611E-3 1.04682E-2 1.2361E-2 1.514E-2 2.77972E-2 3.38686E-2 3.46463E-2 3.42536E-2 3.8371E-2 3.14384E-2 1.66543E-2 1.0923E-2 2.44647E-2 1.36127E-2 1.07117E-2 1.08043E-2 1.00636E-2 8.88645E-3 9.89695E-3 8.86775E-3 1.53989E-2
-9999 -9999 -9999 -9999 -9999 -9999 -9999 -9999 2.06242E-2 1.32721E-2 1.03824E-2 9.23363E-3 1.52884E-2 2.74052E-2 2.04976E-2 1.56665E-2 1.20258E-2 2.17412E-2 2.86844E-2 1.99913E-2 1.67716E-2 1.70094E-2 2.34012E-2 2.8419E-2 3.28691E-2 4.81389E-2 5.67807E-2 5.80404E-2 3.34005E-2 3.53457E-2 2.65068E-2 2.23766E-2 1.50468E-2 1.54088E-2 1.54669E-2 1.94821E-2 1.60132E-2 8.30144E-3 1.30651E-2 1.82304E-2 1.98316E-2 2.06141E-2 3.23067E-2 3.2546E-2 2.54321E-2 2.03097E-2 2.06378E-2 2.34458E-2 2.82877E-2 3.42187E-2 2.2934E-2 1.08019E-2 1.16001E-2 5.03943E-3 8.71684E-3 8.12112E-3 7.83222E-3 7.82482E-3 9.11282E-3
-9999 -9999 -9999 -9999 -9999 -9999 -9999 -9999 -9999 -9999 1.75248E-2 1.59871E-2 1.34274E-2 1.95181E-2 1.64015E-2 1.11209E-2 1.03365E-2 2.6421E-2 2.44524E-2 1.83203E-2 1.53015E-2 1.60103E-2 1.70949E-2 1.80415E-2 2.13052E-2 4.81628E-2 5.49186E-2 3.00698E-2 1.81106E-2 2.43455E-2 1.86598E-2 1.60934E-2 1.37388E-2 1.00567E-2 9.9081E-3 1.31192E-2 1.98105E-2 1.98583E-2 5.94634E-3 1.9138E-2 2.0262E-2 2.6844E-2 2.39056E-2 2.54927E-2 2.43628E-2 1.58613E-2 1.61989E-2 1.88601E-2 2.26308E-2 1.05262E-2 1.80254E-2 9.02791E-3 9.27719E-3 6.86109E-3 9.89398E-3 9.09915E-3 1.03212E-2 6.64957E-3 9.02435E-3
-9999 -9999 -9999 -9999 -9999 -9999 -9999 -9999 -9999 -9999 -9999 -9999 -9999 2.17007E-2 1.5136E-2 9.54236E-3 1.04298E-2 2.67755E-2 2.65113E-2 1.7394E-2 1.68297E-2 2.05888E-2 2.00931E-2 2.07509E-2 2.13369E-2 3.18998E-2 5.53136E-2 2.46632E-2 1.99769E-2 1.67916E-2 1.28119E-2 1.20913E-2 1.07888E-2 9.45882E-3 7.80044E-3 1.05476E-2 1.12505E-2 1.59115E-2 1.49215E-2 1.50577E-2 1.26095E-2 1.93791E-2 1.62119E-2 1.91037E-2 2.27508E-2 2.0545E-2 2.084E-2 2.7808E-2 2.54648E-2 3.55571E-2 2.69165E-2 1.45271E-2 3.10571E-3 7.55842E-3 1.30977E-2 2.94859E-2 2.72625E-2 1.11398E-2 1.91343E-2
-9999 -9999 -9999 -9999 -9999 -9999 -9999 -9999 -9999 -9999 -9999 -9999 -9999 -9999 -9999 -9999 -9999 -9999 -9999 1.04294E-2 1.83343E-2 3.42792E-2 3.34092E-2 3.06258E-2 3.06243E-2 3.09519E-2 5.44488E-2 2.92725E-2 2.54215E-2 2.08648E-2 1.17064E-2 1.00413E-2 1.08849E-2 1.27455E-2 8.62769E-3 8.01803E-3 7.8202E-3 1.14705E-2 1.19598E-2 1.42904E-2 1.19052E-2 1.19145E-2 1.20995E-2 1.13452E-2 2.09979E-2 2.50485E-2 1.84928E-2 1.35364E-2 2.76869E-2 1.92901E-2 1.58597E-2 1.65933E-2 5.70556E-3 2.69303E-3 8.69433E-3 1.00095E-2 1.30697E-2 1.41216E-2 1.2632E-2
-9999 -9999 -9999 -9999 -9999 -9999 -9999 -9999 -9999 -9999 -9999 -9999 -9999 -9999 -9999 -9999 -9999 -9999 -9999 -9999 1.38425E-2 2.14662E-2 2.97426E-2 3.86746E-2 4.36058E-2 3.47162E-2 1.48377E-2 1.97966E-2 1.23642E-2 1.58235E-2 9.73506E-3 1.30767E-2 9.82084E-3 1.09027E-2 1.60523E-2 1.39717E-2 9.6111E-3 1.34218E-2 1.14521E-2 1.19561E-2 1.03025E-2 1.16526E-2 1.07298E-2 1.28949E-2 1.24801E-2 1.63171E-2 1.8421E-2 2.23184E-2 1.30589E-2 9.34873E-3 1.41192E-2 1.16183E-2 4.6731E-3 4.39616E-3 6.86825E-3 1.01957E-2 1.07666E-2 9.44726E-3 9.02607E-3
-9999 -9999 -9999 -9999 -9999 -9999 -9999 -9999 -9999 -9999 -9999 -9999 -9999 -9999 -9999 -9999 -9999 -9999 -9999 -9999 -9999 3.14736E-2 2.19738E-2 3.59882E-2 3.29752E-2 1.89843E-2 1.73586E-2 1.69173E-2 1.66195E-2 5.80583E-3 5.52937E-3 1.33392E-2 1.16869E-2 1.04746E-2 1.81805E-2 1.50866E-2 1.81686E-2 1.73278E-2 1.01346E-2 1.03788E-2 1.53112E-2 1.91E-2 6.68618E-3 2.09029E-2 1.17939E-2 1.63361E-2 2.29649E-2 1.88794E-2 1.04972E-2 1.02876E-2 1.89384E-2 9.92154E-3 4.5027E-3 4.81735E-3 7.52273E-3 1.01219E-2 1.1062E-2 1.36424E-2 1.00114E-2
-9999 -9999 -9999 -9999 -9999 -9999 -9999 -9999 -9999 -9999 -9999 -9999 -9999 -9999 -9999 -9999 -9999 -9999 -9999 -9999 -9999 -9999 3.11184E-2 3.18733E-2 2.20051E-2 8.71261E-3 1.02442E-2 1.30986E-2 1.70156E-2 1.88099E-2 1.18381E-2 1.45826E-2 1.71922E-2 8.66774E-3 1.43004E-2 2.11434E-2 2.40008E-2 1.73493E-2 9.55929E-3 7.61505E-3 1.39925E-2 2.59316E-2 2.74133E-2 2.63866E-2 3.01797E-2 2.98212E-2 2.89814E-2 1.27287E-2 2.86977E-2 2.84936E-2 3.03145E-2 1.34421E-2 7.53969E-3 7.69483E-3 1.1737E-2 1.05465E-2 1.54459E-2 2.5133E-2 2.20973E-2
-9999 -9999 -9999 -9999 -9999 -9999 -9999 -9999 -9999 -9999 -9999 -9999 -9999 -9999 -9999 -9999 -9999 -9999 -9999 -9999 -9999 -9999 -9999 2.73923E-2 1.42136E-2 8.72668E-3 7.57183E-3 1.06391E-2 1.14061E-2 1.24052E-2 1.56148E-2 2.62368E-2 2.37123E-2 1.93629E-2 1.73437E-2 1.89151E-2 1.77551E-2 1.31178E-2 7.33883E-3 1.05159E-2 9.74152E-3 2.23281E-2 1.4011E-2 1.08086E-2 2.34687E-2 2.32703E-2 2.09751E-2 2.3804E-2 2.89297E-2 2.66797E-2 2.99741E-2 1.27129E-2 2.77713E-3 1.15384E-2 1.58802E-2 1.20364E-2 1.81539E-2 2.3999E-2 2.41347E-2
-9999 -9999 -9999 -9999 -9999 -9999 -9999 -9999 -9999 -9999 -9999 -9999 -9999 -9999 -9999 -9999 -9999 -9999 -9999 -9999 -9999 -9999 -9999 -9999 7.85086E-3 9.00881E-3 9.56259E-3 1.07501E-2 1.34028E-2 1.75849E-2 3.05041E-2 4.80199E-2 5.47585E-2 4.51243E-2 2.99261E-2 1.82395E-2 2.04607E-2 2.18647E-2 1.14423E-2 1.49743E-2 1.88756E-2 1.81845E-2 9.88605E-3 1.09617E-2 2.04678E-2 2.17028E-2 2.00102E-2 1.16282E-2 2.46747E-2 2.04162E-2 2.12657E-2 1.98027E-2 1.059E-2 1.14652E-2 1.94701E-2 1.50955E-2 2.63213E-2 4.27188E-2 5.63354E-2
-9999 -9999 -9999 -9999 -9999 -9999 -9999 -9999 -9999 -9999 -9999 -9999 -9999 -9999 -9999 -9999 -9999 -9999 -9999 -9999 -9999 -9999 -9999 -9999 -9999 -9999 1.12915E-2 1.30593E-2 1.87022E-2 2.65578E-2 3.21951E-2 3.27091E-2 4.28621E-2 1.96579E-2 2.58746E-2 2.9019E-2 2.82151E-2 3.12646E-2 2.35521E-2 2.31758E-2 2.60601E-2 9.99152E-3 2.25651E-2 2.48955E-2 2.50454E-2 2.65125E-2 1.63025E-2 1.49209E-2 1.33285E-2 1.16072E-2 9.81397E-3 1.10971E-2 1.35708E-2 1.34411E-2 2.03362E-2 2.7236E-2 3.67727E-2 4.64893E-2 5.75155E-2
-9999 -9999 -9999 -9999 -9999 -9999 -9999 -9999 -9999 -9999 -9999 -9999 -9999 -9999 -9999 -9999 -9999 -9999 -9999 -9999 -9999 -9999 -9999 -9999 -9999 -9999 -9999 -9999 -9999 3.95068E-2 2.34277E-2 1.7851E-2 2.64429E-2 2.0854E-2 1.41733E-2 1.07205E-2 1.87207E-2 3.53045E-2 2.06684E-2 3.00339E-2 1.09049E-2 1.57573E-2 2.81859E-2 2.92515E-2 2.98646E-2 5.62301E-3 1.36871E-2 1.25138E-2 1.05663E-2 7.89707E-3 1.01453E-2 1.75989E-2 1.47981E-2 1.94487E-2 2.32278E-2 2.89491E-2 2.74734E-2 5.2052E-2 1.78879E-2
