Phytophthora/models/20240604_1618_19/Phytophthora_PA3_RUN5_MAXENT_outputs/projMaxent.asc
ncols         225
nrows         269
xllcorner     473009.9838
yllcorner     4429051.1748
cellsize      50.0
NODATA_value  -9999
[rows 26 to 51 of 269, columns 59 to 117 of 225]
1.71012E-3 1.2843E-3 1.82503E-3 1.96948E-3 3.30566E-3 6.57146E-3 3.98813E-3 5.02747E-3 1.03507E-2 1.02044E-2 1.0359E-2 8.63885E-3 9.87729E-3 1.0613E-2 4.93668E-3 6.22868E-3 1.53929E-2 5.62422E-3 8.58796E-3 9.5904E-3 2.07004E-2 3.95478E-2 4.47393E-2 4.45432E-2 2.4164E-2 1.83054E-2 2.13513E-2 3.04136E-2 3.92959E-2 4.00154E-2 3.77122E-2 3.28036E-2 3.2575E-2 2.41775E-2 2.22879E-2 3.26436E-2 3.76659E-2 4.59984E-2 1.59478E-2 9.55849E-5 7.71177E-5 1.14793E-4 2.77955E-4 4.4499E-4 9.58451E-4 1.91193E-3 6.50342E-4 3.21607E-4 2.63297E-4 2.33069E-4 2.45132E-4 3.5047E-4 4.38248E-4 5.14792E-4 8.50387E-4 1.09735E-3 6.90549E-4 5.27291E-4 7.74729E-4
1.28494E-3 1.7143E-3 3.28237E-3 3.64348E-3 2.98493E-3 5.91219E-3 6.07463E-3 8.01631E-3 1.47525E-2 1.48204E-2 1.27232E-2 1.26006E-2 1.26997E-2 7.31026E-3 8.26522E-3 8.03581E-3 8.56985E-3 6.59084E-3 7.66169E-3 8.93631E-3 8.93527E-3 2.66579E-2 2.70517E-2 4.90853E-2 3.18041E-2 2.38368E-2 1.80121E-2 1.72126E-2 3.49981E-2 4.67841E-2 3.83894E-2 3.83502E-2 4.12075E-2 2.29985E-2 2.7126E-2 4.4304E-2 6.61016E-2 7.9823E-2 2.46594E-2 1.45479E-4 1.13098E-4 1.44607E-4 2.29231E-4 4.45933E-4 1.63724E-3 1.65072E-3 1.06844E-3 1.08184E-3 7.74392E-4 3.86597E-4 2.7802E-4 3.54665E-4 4.3481E-4 4.66509E-4 6.07378E-4 9.8473E-4 1.2185E-3 1.44026E-3 6.32509E-4
1.59657E-3 2.04918E-3 5.46593E-3 4.38268E-3 6.90806E-3 4.63156E-3 8.72167E-3 1.61094E-2 1.80584E-2 1.87002E-2 1.43417E-2 1.44772E-2 1.89663E-2 2.13949E-2 3.13826E-2 2.48844E-2 2.0039E-2 7.69675E-3 8.24005E-3 8.16937E-3 9.88799E-3 1.44088E-2 2.23711E-2 3.18544E-2 5.54596E-2 4.75963E-2 2.88473E-2 4.4174E-2 3.05246E-2 7.01355E-2 5.52105E-2 4.02833E-2 3.50413E-2 2.29522E-2 3.37803E-2 5.09068E-2 8.52717E-2 8.5928E-2 3.6938E-2 2.00331E-4 1.52277E-4 1.39678E-4 1.52006E-4 1.72563E-4 4.38763E-4 9.87841E-4 1.49435E-3 1.93989E-3 1.79722E-3 1.25522E-3 5.78968E-4 3.31493E-4 2.79336E-4 4.73859E-4 4.93167E-4 7.7513E-4 9.21662E-4 2.06346E-3 1.63234E-3
3.10684E-3 3.17956E-3 6.45041E-3 8.9695E-3 3.67794E-3 2.85932E-3 5.80027E-3 1.74201E-2 2.08566E-2 2.00768E-2 1.66876E-2 1.92236E-2 1.17162E-2 1.39523E-2 2.59911E-2 2.22078E-2 2.72735E-2 1.2751E-2 1.20706E-2 7.75647E-3 3.95723E-3 6.80195E-3 1.02685E-2 1.65055E-2 2.86045E-2 3.4963E-2 3.02598E-2 6.35679E-2 6.49932E-2 8.01096E-2 5.77962E-2 3.41902E-2 2.50853E-2 1.18337E-2 4.1916E-2 5.29704E-2 8.18133E-2 9.14576E-2 6.84213E-2 3.79294E-4 2.59977E-4 2.47923E-4 2.06651E-4 1.47402E-4 3.0696E-4 3.91763E-4 9.94883E-4 9.03233E-4 1.42334E-3 1.17533E-3 1.0729E-3 5.98039E-4 3.18001E-4 4.99314E-4 6.85911E-4 1.39861E-3 1.92496E-3 1.56329E-3 1.42702E-3
1.03127E-2 9.29556E-3 5.22349E-3 4.71456E-3 3.20995E-3 3.97728E-3 1.03463E-2 1.87316E-2 2.57506E-2 2.74893E-2 2.02474E-2 1.76334E-2 7.90605E-3 9.22389E-3 1.84887E-2 2.70757E-2 2.02108E-2 8.91039E-3 9.77052E-3 1.20241E-2 1.39338E-2 9.67345E-3 9.42265E-3 1.35095E-2 1.75001E-2 2.91673E-2 3.00336E-2 3.24712E-2 6.47916E-2 8.54082E-2 5.29502E-2 2.74233E-2 2.6454E-2 4.07025E-2 5.31524E-2 3.41379E-2 9.67551E-2 1.01373E-1 8.32513E-2 2.47505E-4 6.33676E-4 6.48277E-4 7.50031E-4 4.4962E-4 7.8631E-4 1.3892E-3 4.87139E-4 3.80795E-4 4.10929E-4 4.34785E-4 1.35102E-3 1.65299E-3 7.44606E-4 5.06125E-4 6.20913E-4 1.41947E-3 1.19685E-3 8.25801E-4 9.91831E-4
1.75866E-2 1.76444E-2 9.93219E-3 1.21724E-2 3.87559E-3 5.00478E-3 1.25789E-2 2.17815E-2 3.50742E-2 3.55353E-2 2.89826E-2 1.65751E-2 1.00152E-2 1.59388E-2 2.69363E-2 2.49094E-2 1.03394E-2 6.06056E-3 5.10484E-3 7.83956E-3 1.35199E-2 1.41569E-2 1.10159E-2 1.52585E-2 3.00993E-2 3.43682E-2 3.39859E-2 3.01939E-2 8.18813E-2 7.40384E-2 4.46569E-2 3.77157E-2 3.49972E-2 4.48228E-2 1.73176E-2 3.47109E-2 5.2856E-2 5.49939E-2 9.72982E-2 6.31832E-4 6.12337E-4 1.34674E-3 1.70895E-3 1.45746E-3 1.73092E-3 5.18652E-4 3.9428E-4 4.19732E-4 1.23252E-4 3.00718E-4 5.80434E-4 8.2488E-4 7.04774E-4 5.82807E-4 7.29458E-4 1.27863E-3 1.11743E-3 6.72951E-4 5.67605E-4
9.13903E-3 1.97703E-2 1.76458E-2 1.62468E-2 5.25351E-3 1.11402E-2 2.23463E-2 3.43066E-2 1.72764E-2 2.70989E-2 1.31074E-2 8.52686E-3 1.66224E-2 2.89944E-2 1.61288E-2 1.77821E-2 7.37343E-3 6.28261E-3 6.40359E-3 7.73986E-3 8.57536E-3 7.98621E-3 9.6143E-3 1.84562E-2 1.21204E-2 3.94109E-4 3.06412E-4 3.78407E-4 7.68086E-4 6.69592E-4 4.71992E-4 8.57666E-3 1.61683E-2 2.67995E-2 3.04631E-2 2.73933E-2 3.72453E-2 7.67592E-2 8.47105E-4 2.48569E-4 1.76926E-4 4.68588E-4 7.72573E-4 1.0114E-3 1.74652E-4 3.00599E-4 1.73923E-4 3.15406E-4 2.71435E-4 2.8734E-4 4.40052E-4 4.29447E-4 4.95107E-4 8.18083E-4 6.85446E-4 9.97806E-4 1.20876E-3 7.01264E-4 3.45015E-4
1.92721E-2 1.77738E-2 1.56609E-2 1.3396E-2 7.77652E-3 1.87054E-2 2.69788E-2 3.57582E-2 3.29917E-2 4.37282E-2 1.13596E-2 1.21933E-2 2.17985E-2 2.49405E-2 1.83244E-2 2.25304E-2 2.11928E-2 1.1517E-2 1.25054E-2 2.15371E-2 2.1624E-2 1.03487E-2 1.68622E-2 2.03836E-4 2.20726E-4 1.08689E-4 6.27172E-5 1.16795E-4 8.9859E-5 2.74006E-4 2.48639E-4 1.63858E-2 1.58923E-2 1.78537E-2 1.6814E-2 2.1539E-2 3.70014E-2 5.88251E-2 3.15876E-4 1.41012E-4 1.75794E-4 4.05824E-4 5.79989E-4 5.86417E-4 3.55025E-4 1.33927E-4 3.50997E-4 2.90919E-4 2.84903E-4 2.65744E-4 4.53471E-4 4.32812E-4 6.57973E-4 1.45422E-3 1.03125E-3 1.16115E-3 1.32552E-3 8.48599E-4 5.53033E-4
1.36829E-2 1.72591E-2 1.54195E-2 1.38699E-2 1.50394E-2 1.61534E-2 3.09827E-2 3.81115E-2 2.95366E-2 3.65449E-2 1.49384E-2 1.41918E-2 2.28381E-2 2.02477E-2 5.04549E-2 4.77335E-2 2.91745E-2 1.38282E-2 1.23142E-2 1.38856E-2 8.94376E-3 2.00241E-2 2.042E-2 1.01399E-4 7.32425E-5 1.4172E-4 1.24875E-4 1.353E-4 1.49821E-4 1.32808E-4 2.36083E-4 1.77356E-4 1.48189E-2 1.24453E-2 1.42778E-2 2.59835E-2 5.31613E-2 4.337E-4 1.63577E-4 4.15576E-5 3.23013E-4 3.72351E-4 5.89286E-4 5.27762E-4 5.22547E-4 3.05994E-4 7.46717E-4 6.65452E-4 4.15984E-4 2.88687E-4 3.86734E-4 3.51673E-4 4.80228E-4 1.46135E-3 1.79797E-3 1.71187E-3 1.77735E-3 8.78807E-4 8.23527E-4
4.49729E-3 1.73273E-2 1.58959E-2 1.54465E-2 1.63313E-2 2.21966E-2 3.5371E-2 1.68138E-2 1.64632E-2 1.8656E-2 1.48601E-2 1.14909E-4 1.60551E-2 4.21361E-2 4.6101E-2 1.68375E-2 1.0244E-2 8.80575E-3 6.51011E-3 6.16008E-3 6.58138E-3 7.03729E-3 1.35605E-4 2.16653E-4 1.09349E-4 1.26163E-4 1.26062E-4 1.1091E-4 1.23918E-4 1.2971E-4 1.91866E-4 1.41575E-4 2.06618E-4 2.1471E-4 3.19401E-2 3.15665E-2 1.99066E-2 2.02171E-4 1.15215E-4 1.33161E-4 5.50747E-4 6.30208E-4 6.4301E-4 1.5922E-4 7.29544E-4 2.2814E-4 1.24184E-3 1.65684E-3 1.03467E-3 6.09965E-4 5.85713E-4 6.53732E-4 5.49294E-4 2.37767E-3 2.50655E-3 2.53797E-3 1.67333E-3 1.26657E-3 1.07736E-3
8.41997E-3 1.19728E-2 1.60669E-2 1.73508E-2 2.32859E-2 3.0723E-2 1.64642E-2 1.15376E-2 8.63165E-3 9.26397E-3 1.21711E-2 1.04252E-4 1.49364E-4 3.24352E-4 1.88295E-4 1.1767E-4 8.96792E-5 7.90493E-5 4.94775E-3 6.49896E-3 6.97767E-3 7.14704E-3 1.30391E-4 2.05508E-4 2.07245E-4 1.78828E-4 1.54121E-4 1.19759E-4 2.07295E-4 1.3866E-4 3.02971E-4 2.66584E-4 3.74789E-4 2.78382E-4 2.99438E-4 3.39511E-4 1.99528E-4 1.64177E-4 1.36317E-4 1.92172E-4 4.40098E-4 8.46743E-4 1.24948E-3 1.17094E-3 1.16662E-3 8.52787E-4 1.10886E-3 7.76753E-4 2.94201E-3 1.86406E-3 9.61776E-4 7.73008E-4 6.82357E-4 1.37773E-3 3.60231E-3 3.65491E-3 2.14864E-3 1.29097E-3 1.2853E-3
6.46924E-3 1.209E-2 1.66078E-2 1.88384E-2 2.51102E-2 1.43819E-2 8.18802E-3 8.25844E-3 6.86731E-3 8.1557E-3 1.47906E-4 2.0975E-4 6.0716E-4 2.32177E-4 2.33249E-4 9.35415E-5 1.11902E-4 6.84788E-5 6.00177E-5 1.40636E-4 2.34571E-4 3.63469E-4 7.13097E-4 2.18328E-4 5.1709E-4 4.85961E-4 3.96336E-4 2.82936E-4 1.9365E-4 3.18965E-4 6.17463E-4 6.21123E-4 6.8215E-4 8.25956E-4 6.44252E-4 5.82454E-4 7.46889E-4 4.50926E-4 2.98203E-4 4.5537E-4 6.2751E-4 9.05891E-4 3.33513E-3 2.1059E-3 4.18887E-4 1.1878E-3 1.12098E-3 1.17878E-3 3.76189E-3 4.70347E-3 1.51015E-3 9.28948E-4 9.52074E-4 2.12676E-3 3.96397E-3 4.17789E-3 2.70556E-3 2.24763E-3 1.64845E-3
7.17471E-3 1.02071E-2 2.68008E-2 3.01401E-2 3.19726E-2 1.277E-2 1.13924E-2 1.2663E-2 9.81793E-3 1.46541E-2 4.31868E-4 7.1782E-4 2.11802E-3 2.73537E-3 7.06031E-4 3.74852E-4 3.1556E-4 2.08794E-4 1.6244E-4 2.06937E-4 3.8569E-4 9.62226E-4 1.33383E-3 6.31264E-4 1.07369E-3 7.89108E-4 4.85987E-4 2.49872E-4 1.86156E-4 1.41804E-4 4.13685E-4 7.8906E-4 1.09159E-3 1.28825E-3 1.24705E-3 1.50578E-3 1.18496E-3 8.19146E-4 6.06509E-4 6.83736E-4 7.95929E-4 1.08992E-3 1.7618E-3 1.45164E-3 8.08178E-4 9.20748E-4 5.98466E-4 1.02195E-3 2.07072E-3 4.37723E-3 3.91015E-3 1.04548E-3 1.2301E-3 2.03877E-3 2.44186E-3 2.64246E-3 2.28989E-3 1.62702E-3 1.48012E-3
1.20876E-2 2.02795E-2 2.73844E-2 6.61706E-2 4.3286E-2 4.14384E-2 2.93593E-2 3.45338E-2 3.68998E-2 4.16292E-2 5.92261E-4 1.05288E-3 2.23178E-3 2.41215E-3 6.6005E-4 7.90289E-4 5.64682E-4 3.21945E-4 2.5591E-4 1.98892E-4 3.42407E-4 8.54628E-4 1.21116E-3 1.97674E-3 9.61023E-4 8.85909E-4 3.91381E-4 2.14191E-4 1.68268E-4 1.42316E-4 3.972E-4 6.74869E-4 8.91847E-4 1.03638E-3 1.56914E-3 1.59702E-3 4.13694E-4 7.01782E-4 6.69954E-4 1.12279E-3 1.58708E-3 1.81913E-3 8.90106E-4 9.64434E-4 8.8354E-4 8.09352E-4 1.89004E-3 3.53689E-3 4.2731E-3 2.92009E-3 4.67627E-3 4.21682E-3 3.19662E-3 2.76146E-3 3.87657E-3 1.41837E-3 1.76802E-3 1.75562E-3 6.30311E-4
1.53108E-2 1.75349E-2 2.37066E-2 3.18162E-2 5.0338E-2 4.94948E-2 3.76031E-2 7.27426E-2 8.57901E-2 7.02094E-2 8.72217E-4 1.2186E-3 2.32503E-3 1.26063E-3 2.16523E-4 3.69341E-4 5.37012E-4 3.93318E-4 3.20781E-4 2.88587E-4 4.61149E-4 1.19315E-3 9.85355E-4 1.24245E-3 1.27876E-3 8.40321E-4 3.7882E-4 2.31821E-4 1.83654E-4 1.84601E-4 4.70873E-4 6.49005E-4 1.09014E-3 1.85496E-3 1.3381E-3 1.49845E-3 8.42989E-4 7.57191E-4 1.04136E-3 7.82855E-4 1.72416E-3 1.25306E-3 7.37212E-4 1.1228E-3 2.14861E-3 2.34063E-3 2.03802E-3 3.50295E-3 4.00563E-3 1.40722E-3 3.32291E-3 4.59694E-3 3.55678E-3 3.72303E-3 1.15936E-3 8.31074E-4 5.72178E-4 1.43298E-3 5.21144E-4
2.81269E-2 3.35677E-2 4.20768E-2 3.7004E-2 4.8636E-2 4.6308E-2 5.13991E-2 1.33647E-1 1.07838E-1 7.46619E-2 1.52756E-3 1.00896E-3 1.86818E-3 1.89754E-3 6.62038E-4 4.25398E-4 4.25791E-4 6.03805E-4 4.92879E-4 4.3233E-4 5.71716E-4 6.42539E-4 9.09447E-4 1.23858E-3 7.75312E-4 7.86366E-4 4.47307E-4 3.1814E-4 2.16058E-4 2.60421E-4 4.80604E-4 6.94147E-4 9.38679E-4 1.54029E-3 1.82699E-3 1.05615E-3 7.32962E-4 8.32455E-4 1.12681E-3 1.29536E-3 2.25517E-3 8.96595E-4 7.49338E-4 1.27372E-3 1.80117E-3 1.25336E-3 1.01918E-3 3.61128E-3 4.18691E-3 4.21037E-3 2.24332E-3 1.60172E-3 4.73515E-3 1.92286E-3 9.91182E-4 1.02273E-3 1.02206E-3 6.21743E-4 5.00361E-4
6.42345E-2 6.36919E-2 1.0355E-1 7.8492E-2 2.47932E-2 4.75532E-2 6.28671E-2 1.19475E-1 6.6583E-2 6.04455E-2 1.85024E-3 1.7909E-3 1.74578E-3 1.46614E-3 6.58508E-4 6.02222E-4 8.33806E-4 4.16934E-4 6.15945E-4 5.72235E-4 9.02496E-4 1.02987E-3 6.50861E-4 1.81005E-3 1.63155E-3 6.56497E-4 6.81152E-4 5.61369E-4 3.44355E-4 5.63286E-4 7.17876E-4 7.70299E-4 8.86205E-4 9.2531E-4 1.39055E-3 9.98811E-4 8.57642E-4 9.31931E-4 1.07953E-3 3.31106E-4 2.03649E-3 1.15053E-3 1.17876E-3 1.1962E-3 8.73599E-4 6.83546E-4 8.40653E-4 1.5601E-3 4.01261E-3 4.11543E-3 3.68726E-3 1.74696E-3 3.18973E-3 2.32317E-3 9.86012E-4 5.06969E-4 1.4021E-4 3.08954E-4 3.93756E-4
7.61514E-2 8.11276E-2 5.63354E-2 8.00475E-2 6.1837E-2 2.88176E-2 9.1326E-2 1.34559E-1 1.07645E-1 7.44433E-2 1.71877E-3 2.20372E-3 2.93393E-3 1.31587E-3 8.61879E-4 1.04154E-3 8.5977E-4 8.49478E-4 4.96158E-4 3.67707E-4 5.3548E-4 5.69145E-4 9.89212E-4 1.23939E-3 1.58818E-3 1.33778E-3 9.90533E-4 6.92086E-4 5.90322E-4 7.79064E-4 7.80216E-4 7.8338E-4 1.2265E-3 1.81182E-3 8.93852E-4 1.02934E-3 1.1795E-3 2.6861E-4 9.0625E-4 8.68397E-4 1.36051E-3 1.58752E-3 1.4136E-3 1.27776E-3 1.03541E-3 8.58963E-4 1.09754E-3 1.18648E-3 2.00448E-3 2.37645E-3 3.43833E-3 3.90683E-3 2.40774E-3 2.23338E-3 3.75277E-4 7.64272E-4 2.33307E-4 4.38025E-4 1.2949E-3
9.37454E-2 1.00582E-1 7.83475E-2 6.66025E-2 4.18358E-2 7.37894E-2 1.09559E-1 2.0686E-1 1.80248E-1 8.11209E-2 9.40619E-2 8.31142E-4 6.66317E-4 1.50362E-3 7.9239E-4 1.62836E-3 9.08554E-4 5.05467E-4 3.58255E-4 3.36423E-4 4.25561E-4 3.28122E-4 2.66463E-4 1.08958E-3 1.92162E-3 1.83896E-3 1.34058E-3 9.66561E-4 7.82145E-4 1.06285E-3 1.58738E-3 1.75195E-3 1.42265E-3 1.31124E-3 4.53055E-4 3.4551E-4 2.95138E-4 5.32356E-4 9.40941E-4 8.66558E-4 1.15603E-3 2.26547E-3 2.53067E-3 2.19694E-3 1.47388E-3 9.04099E-4 8.97699E-4 1.42696E-3 1.10214E-3 9.26742E-4 2.71176E-3 3.04693E-3 1.18023E-3 8.74179E-4 8.23742E-4 6.88718E-4 6.28541E-4 6.55366E-4 1.6502E-3
1.31726E-1 1.07017E-1 1.49237E-2 3.19463E-2 2.53326E-2 3.56653E-2 6.09824E-2 1.65605E-1 1.56566E-1 1.43911E-1 6.40482E-2 1.03391E-3 3.30333E-3 2.64123E-3 1.3188E-3 1.03855E-3 1.0835E-3 3.3508E-4 2.45332E-4 3.03241E-4 3.24702E-4 2.37222E-4 3.90714E-4 7.85475E-4 2.53279E-3 1.9965E-3 9.97773E-4 1.44964E-3 1.03975E-3 7.35291E-4 6.98121E-4 1.91537E-3 2.1968E-3 1.55337E-3 9.53668E-4 5.96435E-4 5.68862E-4 7.92769E-4 1.25805E-3 3.64199E-4 1.20827E-3 5.68701E-3 4.96218E-3 3.98003E-3 2.27879E-3 9.61415E-4 8.81099E-4 1.25478E-3 8.80385E-4 8.8979E-4 2.28681E-3 1.86427E-3 6.44998E-4 5.22361E-4 7.34747E-4 1.05129E-3 7.33789E-4 7.30812E-4 2.03521E-3
1.26091E-1 4.26953E-2 3.05619E-2 4.01858E-2 2.76059E-2 3.24327E-2 4.46614E-2 4.05798E-2 1.3043E-1 2.5293E-1 1.00439E-1 1.23276E-1 4.23903E-3 3.0895E-3 1.11187E-3 1.23508E-3 3.57625E-4 3.40294E-4 1.91963E-4 2.3876E-4 2.01765E-4 2.35153E-4 5.57413E-4 1.42035E-3 4.011E-3 3.11009E-3 1.09853E-3 1.52259E-3 5.11922E-4 1.2762E-3 1.11275E-3 9.04228E-4 1.31402E-3 1.31679E-3 1.11139E-3 6.82142E-4 5.63809E-4 7.09709E-4 7.86801E-4 7.70739E-4 1.15178E-3 5.2807E-3 5.22301E-3 3.72533E-3 3.07226E-3 1.59798E-3 7.91215E-4 7.47563E-4 1.20315E-3 1.54898E-3 2.46709E-3 1.21503E-3 5.84543E-4 4.16729E-4 4.61882E-4 6.60433E-4 8.87711E-4 5.56322E-4 1.4078E-3
7.77218E-2 5.36575E-2 5.79086E-2 8.41529E-2 2.98532E-2 3.31902E-2 5.09463E-2 2.98638E-2 7.03636E-2 1.0385E-1 1.47449E-1 2.01828E-1 3.64028E-1 2.21178E-3 1.35906E-3 2.94975E-3 4.91171E-4 2.8486E-4 2.12354E-4 2.17465E-4 2.2265E-4 3.38149E-4 1.55193E-3 1.58521E-3 8.70902E-4 2.16462E-3 1.57454E-3 7.08669E-4 1.14914E-3 1.25419E-3 1.07842E-3 7.60136E-4 8.37408E-4 1.2349E-3 1.09934E-3 6.75543E-4 4.62513E-4 4.43347E-4 3.6697E-4 3.994E-4 6.20587E-4 2.7449E-3 4.64176E-3 2.32139E-3 3.10308E-3 2.62966E-3 2.49284E-3 2.63142E-3 2.72262E-3 2.81216E-3 3.25604E-3 1.4293E-3 6.1753E-4 3.68713E-4 3.89307E-4 4.14454E-4 3.82741E-4 3.7069E-4 1.03578E-3
3.61127E-2 7.86051E-2 6.11617E-2 3.99708E-2 2.7606E-2 2.66305E-2 4.09432E-2 7.31703E-2 8.65757E-2 8.68254E-2 9.78681E-2 1.54521E-1 3.67038E-1 2.74247E-3 2.58613E-3 3.13675E-3 4.4547E-4 2.40895E-4 2.26806E-4 3.19408E-4 9.48581E-4 1.05601E-3 2.41922E-3 2.65293E-3 3.04416E-3 1.75516E-3 1.07849E-3 6.97423E-4 9.84213E-4 1.2839E-3 1.073E-3 8.93063E-4 9.48607E-4 9.06996E-4 9.44929E-4 7.58193E-4 7.31281E-4 4.41725E-4 3.73991E-4 4.91363E-4 8.81046E-4 1.76509E-3 2.76229E-3 1.75092E-3 1.97435E-3 2.13138E-3 2.40618E-3 2.53141E-3 2.90673E-3 3.60742E-3 3.70755E-3 2.70171E-3 8.981E-4 4.3754E-4 3.87554E-4 4.23487E-4 3.57067E-4 3.97757E-4 4.16149E-4
2.50713E-2 2.15965E-2 3.17321E-2 3.60848E-2 3.64858E-2 1.64766E-2 2.8904E-2 6.03696E-2 6.42381E-2 1.36692E-1 1.34704E-1 1.02282E-1 1.34216E-1 2.0448E-1 2.01245E-1 1.41702E-3 4.92067E-4 4.38191E-4 2.7602E-4 4.08655E-4 2.8566E-3 3.00255E-3 3.84179E-3 4.41963E-3 1.2002E-3 9.01538E-4 1.12149E-3 9.96692E-4 1.05716E-3 9.98228E-4 1.27049E-3 1.13405E-3 1.28396E-3 1.15272E-3 1.04461E-3 1.02971E-3 8.63916E-4 6.96184E-4 6.58481E-4 7.10317E-4 8.75667E-4 1.47034E-3 2.37809E-3 1.14881E-3 9.96654E-4 9.57371E-4 1.27267E-3 1.23388E-3 1.13042E-3 4.24773E-3 3.07681E-3 1.19945E-3 7.5049E-4 1.35897E-3 5.51566E-4 4.22063E-4 4.19054E-4 5.49792E-4 8.57167E-4
1.97423E-2 1.35951E-2 1.00256E-2 2.60853E-2 2.2806E-2 1.31666E-2 2.29455E-2 6.18969E-2 1.91044E-1 1.732E-1 7.77732E-2 7.94969E-2 8.73341E-2 8.03936E-2 2.28225E-1 9.91907E-2 5.99514E-2 7.47389E-4 1.06458E-3 1.47922E-3 1.2594E-3 4.46125E-3 5.08193E-3 5.76466E-3 2.61863E-3 2.27176E-3 2.0457E-3 9.86025E-4 1.85036E-3 1.91342E-3 1.23792E-3 5.84712E-4 1.34472E-3 1.26623E-3 4.43477E-4 1.40867E-3 1.15575E-3 1.08626E-3 9.52499E-4 1.25473E-3 1.89272E-3 2.11419E-3 2.0626E-3 1.32369E-3 1.09123E-3 9.7927E-4 1.03304E-3 4.42756E-4 6.0751E-4 1.37098E-3 1.93944E-3 7.87683E-4 4.37325E-4 7.7643E-4 1.32595E-3 7.37024E-4 4.94714E-4 6.62053E-4 7.7821E-4
1.30969E-2 1.71801E-2 7.30794E-3 1.44844E-2 1.28927E-2 1.3478E-2 2.06651E-2 5.38277E-2 6.57759E-2 1.95427E-1 1.13619E-1 2.00189E-1 9.55825E-2 1.9053E-1 1.1286E-1 9.45044E-2 6.99035E-2 6.99815E-2 1.03474E-1 1.35084E-3 2.73984E-3 3.78687E-3 1.72021E-3 2.31311E-3 3.06727E-3 2.3697E-3 1.58159E-3 1.67778E-3 1.23306E-3 1.63233E-3 1.30514E-3 1.42078E-3 1.57627E-3 1.39915E-3 1.31711E-3 5.23195E-4 1.38773E-3 7.38187E-4 4.14972E-4 1.4886E-3 2.89701E-3 2.28663E-3 1.69024E-3 1.13009E-3 8.81689E-4 8.56891E-4 8.10511E-4 7.88651E-4 1.0488E-3 1.88572E-3 1.52619E-3 1.07502E-3 4.30426E-4 3.70468E-4 5.08609E-4 7.06234E-4 5.60713E-4 5.68108E-4 1.42207E-3
