Phytophthora/models/20240604_1618_19/Phytophthora_PA3_RUN5_MAXENT_outputs/projMaxent.asc
ncols         225
nrows         269
xllcorner     473009.9838
yllcorner     4429051.1748
cellsize      50.0
NODATA_value  -9999
[rows 130 to 155 of 269, columns 118 to 176 of 225]
3.59009E-1 2.08122E-1 6.66069E-1 5.73003E-1 1.30151E-1 7.52753E-2 5.02974E-2 1.03349E-1 1.23424E-1 2.20519E-1 2.54235E-1 2.27824E-1 4.33063E-1 6.51395E-1 6.58887E-1 6.64025E-1 6.55755E-1 7.0159E-1 1.50902E-2 1.6007E-2 1.59122E-2 1.35754E-2 1.24365E-2 1.14474E-2 1.08194E-2 1.17732E-2 1.29454E-2 1.34047E-2 1.54104E-2 6.34459E-1 5.99021E-1 5.38005E-1 5.54617E-1 5.55468E-1 4.76432E-1 2.2971E-1 6.73862E-1 4.90074E-1 2.77937E-1 2.44967E-1 2.03968E-1 2.68426E-1 4.03532E-1 6.8561E-1 6.5827E-1 6.23626E-1 3.88292E-1 2.87856E-1 2.11471E-1 1.70274E-1 1.41439E-1 9.05435E-2 1.50677E-1 1.45403E-1 1.70873E-1 1.40659E-1 1.57374E-1 3.40453E-1 3.56472E-1
3.45697E-1 4.58156E-1 5.9886E-1 3.17792E-1 1.07362E-1 6.4673E-2 5.68882E-2 7.75902E-2 1.4611E-1 1.78971E-1 1.97277E-1 9.73405E-2 3.00551E-1 6.88843E-1 6.97993E-1 6.99808E-1 6.58387E-1 6.69882E-1 1.33744E-2 1.37987E-2 1.18045E-2 6.53568E-3 1.01386E-2 9.98339E-3 1.05034E-2 1.17011E-2 1.32558E-2 1.36697E-2 1.66324E-2 1.74509E-2 7.19917E-1 1.06604E-2 1.16453E-2 4.73241E-3 7.55267E-3 5.96412E-1 6.25242E-1 4.0161E-1 2.89155E-1 2.22588E-1 1.25014E-1 1.59026E-1 2.91709E-1 4.59182E-1 6.83388E-1 5.61779E-1 3.77518E-1 3.06917E-1 2.61751E-1 2.56377E-1 2.53245E-1 1.71023E-1 2.03899E-1 1.89032E-1 1.04566E-1 1.35783E-1 2.0916E-1 3.94432E-1 2.39329E-1
5.49316E-1 5.35885E-1 4.9926E-1 1.59411E-1 6.59307E-2 6.95192E-2 7.69594E-2 8.50352E-2 1.93437E-1 8.05306E-2 7.61817E-2 2.18582E-1 3.93457E-1 6.58403E-1 6.81998E-1 6.91444E-1 6.61777E-1 6.79958E-1 1.25349E-2 1.23677E-2 1.18475E-2 6.78758E-3 9.43818E-3 9.24723E-3 1.04737E-2 1.29946E-2 1.31817E-2 1.48429E-2 1.68034E-2 1.54109E-2 1.37723E-2 1.25065E-2 1.25451E-2 9.09109E-3 6.6177E-3 4.51269E-1 4.93413E-1 5.71548E-1 4.73572E-1 2.06039E-1 1.38722E-1 2.20471E-1 2.95183E-1 3.9174E-1 4.78035E-1 6.02558E-1 4.80229E-1 3.81731E-1 3.25738E-1 2.81532E-1 2.28333E-1 1.88876E-1 1.66194E-1 1.88537E-1 8.72369E-2 1.49084E-1 1.40718E-1 2.95275E-1 2.74509E-1
5.10524E-1 6.25966E-1 5.15604E-1 1.39373E-1 3.57621E-2 5.21947E-2 7.05017E-2 9.17422E-2 2.35398E-1 1.88719E-1 3.34577E-1 4.03544E-1 3.00694E-1 6.26061E-1 6.41874E-1 6.50494E-1 6.2803E-1 1.14591E-2 1.11851E-2 1.07049E-2 1.04028E-2 8.15869E-3 9.23192E-3 9.4424E-3 1.037E-2 1.2627E-2 1.39823E-2 1.52596E-2 1.71289E-2 1.06685E-2 1.67948E-2 1.75189E-2 1.74658E-2 1.67261E-2 1.07817E-2 3.47516E-1 3.50619E-1 6.70054E-1 6.13676E-1 3.55146E-1 2.06556E-1 2.66723E-1 4.10788E-1 5.27575E-1 2.95767E-1 4.77123E-1 4.96998E-1 4.34372E-1 2.70081E-1 2.14404E-1 2.36255E-1 2.0331E-1 1.78097E-1 2.1541E-1 3.02807E-1 2.56177E-1 2.38572E-1 1.73093E-1 2.93149E-1
4.89072E-1 5.47761E-1 3.62663E-1 9.17703E-2 4.61803E-2 9.05539E-2 1.15764E-1 1.42057E-1 4.58427E-1 5.21633E-1 3.98593E-1 6.3684E-1 5.34688E-1 5.64795E-1 6.32858E-1 6.62602E-1 6.58518E-1 1.19855E-2 1.05578E-2 9.56415E-3 9.51832E-3 9.46697E-3 9.37867E-3 9.57605E-3 1.07203E-2 1.24091E-2 1.44147E-2 1.64783E-2 1.76033E-2 7.77328E-3 1.61792E-2 1.73519E-2 1.6698E-2 1.42447E-2 8.46717E-3 9.39413E-3 4.10578E-1 6.45912E-1 6.38917E-1 5.67568E-1 3.73485E-1 2.77103E-1 4.52015E-1 6.17387E-1 5.5002E-1 3.70966E-1 3.43377E-1 5.53733E-1 4.72942E-1 2.23103E-1 2.24397E-1 2.62774E-1 2.33061E-1 2.3641E-1 3.27286E-1 2.54058E-1 2.99348E-1 6.00437E-1 4.82913E-1
4.27317E-1 3.67621E-1 2.74663E-1 1.28222E-1 5.87967E-2 6.54123E-2 9.95538E-2 3.05639E-1 4.36936E-1 5.63122E-1 6.43075E-1 6.45465E-1 6.36257E-1 5.7716E-1 6.85996E-1 7.04747E-1 1.38212E-2 1.29719E-2 1.0943E-2 9.48609E-3 9.42208E-3 9.4702E-3 9.41274E-3 9.53768E-3 1.07747E-2 1.24192E-2 1.42636E-2 1.64157E-2 1.89148E-2 1.79912E-2 1.1029E-2 1.56016E-2 1.4565E-2 1.24558E-2 8.15405E-3 9.80296E-3 4.08096E-1 4.50263E-1 4.84085E-1 5.93694E-1 6.4806E-1 4.30513E-1 4.92268E-1 7.21503E-1 6.7492E-1 4.23032E-1 3.22889E-1 3.46264E-1 3.20244E-1 3.26607E-1 2.0405E-1 2.71576E-1 3.2887E-1 3.19128E-1 4.4337E-1 2.87089E-1 3.40353E-1 5.75041E-1 3.57791E-1
3.26372E-1 2.27786E-1 1.75737E-1 9.55276E-2 5.51252E-2 6.04689E-2 1.05557E-1 2.38453E-1 3.28703E-1 5.58891E-1 6.39808E-1 6.50493E-1 1.11939E-2 1.28568E-2 1.57382E-2 1.73708E-2 1.50285E-2 1.29782E-2 1.11178E-2 9.68466E-3 9.35209E-3 9.47816E-3 8.30048E-3 9.53419E-3 1.05844E-2 1.21265E-2 1.37751E-2 1.54074E-2 1.64858E-2 1.60051E-2 1.45524E-2 1.3489E-2 1.26997E-2 1.14283E-2 9.73513E-3 1.39547E-2 4.43674E-1 4.01247E-1 3.79346E-1 4.99131E-1 6.90827E-1 7.27221E-1 5.08357E-1 5.78498E-1 6.46024E-1 6.25554E-1 3.44042E-1 3.11411E-1 2.52133E-1 2.71447E-1 2.27683E-1 2.36918E-1 4.52221E-1 6.94286E-1 6.80405E-1 3.95351E-1 2.95175E-1 4.63032E-1 3.78259E-1
2.58154E-1 1.65848E-1 1.45701E-1 7.22962E-2 5.18138E-2 2.04494E-2 6.60338E-2 2.68562E-1 4.14278E-1 5.45372E-1 6.34096E-1 6.41526E-1 1.23205E-2 1.38167E-2 1.70909E-2 1.78218E-2 1.50397E-2 1.25422E-2 1.06313E-2 9.26963E-3 8.80019E-3 9.29473E-3 7.26023E-3 9.56004E-3 1.01608E-2 1.1555E-2 1.29411E-2 1.40631E-2 1.44147E-2 1.38668E-2 1.26276E-2 9.86571E-3 9.09616E-3 7.98713E-3 1.03796E-2 1.34454E-2 1.2846E-2 5.30657E-1 6.66068E-1 6.24455E-1 6.84225E-1 7.54408E-1 4.57148E-1 4.24949E-1 5.03942E-1 5.22861E-1 3.56676E-1 2.59405E-1 3.20949E-1 2.6521E-1 1.74334E-1 2.85577E-1 6.07404E-1 5.98289E-1 6.95527E-1 4.52824E-1 3.81766E-1 3.6539E-1 3.80721E-1
2.03934E-1 1.86251E-1 1.05305E-1 5.88505E-2 6.35849E-2 7.90726E-2 1.57097E-1 4.17895E-1 4.09463E-1 5.5251E-1 5.48256E-1 6.41745E-1 6.98194E-1 1.55723E-2 8.44113E-3 1.57995E-2 1.39008E-2 1.16673E-2 1.00876E-2 6.24653E-3 6.30721E-3 8.79094E-3 8.60294E-3 6.63027E-3 9.68315E-3 1.05349E-2 1.16323E-2 1.24647E-2 1.26266E-2 1.21929E-2 1.11036E-2 6.67914E-3 5.36359E-3 5.89512E-3 7.75278E-3 1.10453E-2 1.48098E-2 7.15917E-1 7.01778E-1 6.60775E-1 6.81455E-1 6.76041E-1 4.64269E-1 4.45174E-1 3.3479E-1 3.16519E-1 3.33244E-1 2.44936E-1 2.54005E-1 3.11486E-1 2.53024E-1 2.70366E-1 3.26243E-1 5.31936E-1 6.65155E-1 6.90272E-1 5.04928E-1 2.89208E-1 3.35576E-1
2.4558E-1 1.56643E-1 6.91637E-2 4.82169E-2 2.9861E-2 1.01454E-1 2.29493E-1 4.99395E-1 4.35959E-1 5.71672E-1 6.41711E-1 6.54573E-1 7.7862E-3 1.40895E-2 1.36249E-2 1.31211E-2 1.19095E-2 9.99504E-3 7.68712E-3 5.14065E-3 4.95773E-3 8.36506E-3 8.59696E-3 8.31074E-3 8.86376E-3 9.47893E-3 1.03016E-2 1.09831E-2 1.11217E-2 1.07562E-2 8.78229E-3 6.01377E-3 5.01264E-3 4.91993E-3 6.5611E-3 1.09763E-2 1.49948E-2 7.15588E-1 7.31544E-1 7.08125E-1 5.49425E-1 5.69183E-1 6.04286E-1 8.04019E-1 6.02405E-1 4.16192E-1 3.72572E-1 3.95586E-1 3.16448E-1 3.78959E-1 3.58302E-1 3.10438E-1 1.09667E-1 2.711E-1 6.10813E-1 7.32662E-1 6.00941E-1 3.82892E-1 4.22766E-1
3.58652E-1 1.58844E-1 8.03987E-2 6.35449E-2 6.47727E-2 1.19493E-1 3.96993E-1 5.16708E-1 5.35152E-1 5.11739E-1 6.28995E-1 4.35111E-1 1.27317E-2 1.1754E-2 1.11711E-2 1.08404E-2 8.13673E-3 6.59079E-3 5.45509E-3 4.15012E-3 4.60343E-3 5.55251E-3 8.45956E-3 8.75414E-3 8.02349E-3 7.89289E-3 8.31752E-3 8.34441E-3 7.805E-3 9.61336E-3 9.65042E-3 7.2957E-3 5.93947E-3 4.85738E-3 5.64497E-3 1.02633E-2 1.4926E-2 3.16139E-1 6.04159E-1 7.14727E-1 6.21795E-1 3.58382E-1 7.08372E-1 7.74912E-1 7.45014E-1 7.07092E-1 6.7254E-1 6.19163E-1 4.14919E-1 3.48695E-1 3.7276E-1 3.00473E-1 2.05762E-1 3.99809E-1 3.05261E-1 3.3125E-1 4.71352E-1 3.97151E-1 3.56254E-1
3.49312E-1 1.60166E-1 7.57063E-2 7.56669E-2 8.53286E-2 1.0338E-1 4.43498E-1 3.83659E-1 5.58642E-1 4.97434E-1 3.09508E-1 1.17799E-2 1.10749E-2 1.03329E-2 9.64977E-3 8.17109E-3 5.0862E-3 4.95382E-3 4.2541E-3 3.90338E-3 4.58522E-3 5.61027E-3 5.59952E-3 8.72521E-3 8.13195E-3 6.37682E-3 6.4481E-3 7.3384E-3 7.71666E-3 8.703E-3 9.78443E-3 8.75165E-3 7.26875E-3 5.79267E-3 6.05785E-3 8.25174E-3 9.537E-3 9.63802E-3 5.42347E-1 1.64654E-1 5.61422E-1 4.38179E-1 3.83313E-1 7.36229E-1 7.13879E-1 6.87984E-1 6.50383E-1 6.18793E-1 5.47614E-1 3.86913E-1 4.28238E-1 3.84056E-1 6.47481E-1 6.55798E-1 3.15279E-1 2.11602E-1 2.619E-1 1.82958E-1 3.41278E-1
1.83588E-1 1.88125E-1 6.05152E-2 1.19104E-1 1.37239E-1 1.28339E-1 4.25628E-1 4.60329E-1 6.00578E-1 4.13002E-1 1.06428E-2 1.04515E-2 9.70492E-3 9.16716E-3 8.69915E-3 8.143E-3 5.09131E-3 3.98788E-3 2.67995E-1 2.84903E-1 3.26043E-1 4.04951E-1 5.23444E-1 5.33697E-1 3.38272E-1 2.55558E-1 2.4441E-1 4.35131E-1 8.19621E-3 8.3077E-3 9.18597E-3 9.59584E-3 8.8216E-3 7.13754E-3 6.77166E-3 7.52931E-3 8.32141E-3 1.295E-2 5.67948E-1 4.969E-1 5.1854E-1 3.40129E-1 2.98426E-1 4.46732E-1 6.79089E-1 6.59194E-1 6.18402E-1 6.15607E-1 6.01699E-1 6.00471E-1 6.28868E-1 7.54453E-1 8.01775E-1 7.61453E-1 6.77878E-1 3.02539E-1 2.03465E-1 1.58435E-1 3.52382E-1
1.81879E-1 1.83735E-1 1.97895E-1 2.65622E-1 2.63294E-1 2.59739E-1 1.92207E-1 2.77053E-1 5.90998E-3 9.99475E-3 9.65229E-3 9.01841E-3 8.56034E-3 7.9534E-3 7.78831E-3 7.34674E-3 6.97932E-3 3.55029E-3 2.4775E-1 2.83157E-1 2.99726E-1 3.74718E-1 3.6934E-1 3.75168E-1 2.02016E-1 1.77956E-1 2.59629E-1 3.37742E-1 9.7942E-3 9.77108E-3 1.10145E-2 1.08768E-2 1.0007E-2 2.91242E-3 7.2222E-3 8.01042E-3 8.83166E-3 1.06618E-2 4.49099E-1 5.31266E-1 5.94015E-1 3.1802E-1 2.73529E-1 3.50082E-1 3.93162E-1 3.99393E-1 4.22912E-1 6.13849E-1 5.92717E-1 5.34063E-1 5.75699E-1 7.37744E-1 7.79179E-1 8.08421E-1 5.18322E-1 4.62656E-1 2.08301E-1 2.94102E-1 3.65717E-1
2.62832E-1 1.32293E-1 1.68649E-1 1.92849E-1 4.5113E-1 5.0763E-1 4.86435E-1 1.04437E-2 1.02633E-2 9.12778E-3 8.50349E-3 7.97074E-3 7.58288E-3 7.58708E-3 7.76384E-3 7.92077E-3 7.46049E-3 3.18105E-3 2.37339E-1 2.79971E-1 2.38458E-1 2.29469E-1 2.65444E-1 1.47374E-1 2.53492E-1 2.78762E-1 3.20714E-1 4.23933E-1 1.09487E-2 1.23952E-2 1.39707E-2 1.20246E-2 1.01921E-2 7.85109E-3 7.4751E-3 9.26309E-3 1.28761E-2 1.40076E-2 2.11964E-1 4.47604E-1 5.64271E-1 2.63888E-1 3.66636E-1 3.50479E-1 3.06208E-1 2.51026E-1 2.46718E-1 5.65592E-1 5.80905E-1 3.06463E-1 2.79164E-1 4.91255E-1 5.76686E-1 6.99063E-1 8.21799E-1 5.10114E-1 4.26802E-1 3.73343E-1 4.19578E-1
7.99753E-2 1.06244E-1 1.53575E-1 3.53997E-1 4.87248E-1 7.76009E-3 8.6663E-3 7.98467E-3 9.81231E-3 8.7909E-3 7.87876E-3 7.75328E-3 8.42178E-3 8.81804E-3 8.66088E-3 4.82409E-3 3.78309E-3 3.66185E-3 3.53876E-3 3.02859E-1 2.99912E-1 2.81376E-1 2.90342E-1 2.2558E-1 6.28356E-3 9.87613E-3 1.01973E-2 9.11582E-3 1.21702E-2 1.3067E-2 1.44652E-2 1.2132E-2 1.16725E-2 9.0598E-3 7.16976E-3 9.23745E-3 1.76532E-2 1.97586E-2 8.23955E-1 7.09897E-1 7.64815E-1 3.81974E-1 6.87306E-1 6.35008E-1 3.92716E-1 2.70554E-1 1.73018E-1 3.45205E-1 3.61515E-1 2.67012E-1 3.28468E-1 2.89351E-1 4.00119E-1 3.4873E-1 5.95543E-1 5.79691E-1 6.48715E-1 3.77111E-1 4.07843E-1
1.73003E-1 1.11075E-1 1.8469E-1 2.93935E-1 4.29916E-1 7.32243E-3 9.26981E-3 5.2078E-3 9.52606E-3 9.55501E-3 9.44067E-3 9.23617E-3 1.02048E-2 1.13089E-2 1.00821E-2 6.84879E-3 6.13936E-3 5.93088E-3 5.55754E-3 3.8986E-1 3.13213E-1 3.51378E-1 3.50363E-1 4.01335E-1 1.25101E-2 1.35359E-2 1.41596E-2 1.42909E-2 1.42862E-2 1.43735E-2 1.40742E-2 1.50188E-2 1.26216E-2 1.08583E-2 8.21788E-3 9.07924E-3 1.52232E-2 1.90168E-2 8.06641E-1 5.11424E-1 8.04113E-1 5.10664E-1 7.16115E-1 6.80021E-1 4.63774E-1 3.37595E-1 1.84489E-1 3.48998E-1 2.68087E-1 2.58547E-1 1.80067E-1 1.39749E-1 1.34189E-1 3.05274E-1 5.17998E-1 8.03537E-1 4.60775E-1 4.6378E-1 4.7942E-1
1.60516E-1 1.19479E-1 1.54312E-1 1.34579E-1 1.64798E-1 3.50562E-1 9.27436E-3 5.62709E-3 9.76068E-3 1.05439E-2 1.15701E-2 1.1005E-2 1.19155E-2 1.30581E-2 1.15049E-2 8.99696E-3 6.96881E-3 6.86805E-3 4.32248E-1 4.62075E-1 3.54396E-1 4.01736E-1 4.36947E-1 4.77709E-1 7.18937E-1 7.52479E-1 1.62738E-2 1.63879E-2 1.64087E-2 1.41328E-2 1.35805E-2 1.93071E-2 1.39847E-2 1.33054E-2 1.01714E-2 3.79781E-3 1.01691E-2 1.61062E-2 7.92077E-1 7.69075E-1 6.94797E-1 4.77222E-1 7.30319E-1 5.8879E-1 5.36064E-1 6.31555E-1 3.90284E-1 4.09328E-1 2.84258E-1 1.38336E-1 1.97358E-1 1.55094E-1 2.64016E-1 3.10443E-1 4.07497E-1 7.08769E-1 7.15931E-1 5.15698E-1 4.221E-1
1.39212E-1 1.24995E-1 1.35855E-1 1.10374E-1 1.36893E-1 3.54535E-1 3.45453E-1 8.44532E-3 9.50556E-3 1.06491E-2 1.25908E-2 6.1182E-3 4.92611E-3 8.88111E-3 1.26275E-2 1.2086E-2 5.72446E-1 5.02421E-1 2.83243E-1 3.47726E-1 4.53209E-1 4.73232E-1 5.72015E-1 5.94602E-1 7.74479E-1 1.82964E-2 1.38135E-2 1.79278E-2 1.79335E-2 7.35008E-1 7.68826E-1 7.95678E-1 1.94756E-2 1.35754E-2 1.00758E-2 7.8696E-3 7.99197E-3 8.35948E-3 5.98635E-1 8.19906E-1 3.21017E-1 5.72954E-1 7.88627E-1 7.50894E-1 7.24842E-1 6.74139E-1 5.82541E-1 3.8741E-1 3.08556E-1 2.14806E-1 2.48426E-1 2.14508E-1 2.51312E-1 3.18386E-1 3.77618E-1 6.52803E-1 6.81291E-1 4.3179E-1 3.45264E-1
9.94589E-2 1.42883E-1 1.02621E-1 1.4144E-1 1.44437E-1 1.78635E-1 2.35716E-1 3.41605E-1 4.78201E-1 5.15285E-1 5.61636E-1 1.1414E-2 6.53377E-1 6.20802E-1 6.48278E-1 6.27047E-1 5.88541E-1 5.03114E-1 3.91991E-1 5.84408E-1 5.69862E-1 5.84708E-1 7.23542E-1 6.07012E-1 8.32962E-1 2.12981E-2 6.75108E-3 6.2596E-1 6.60523E-1 7.2912E-1 7.43782E-1 6.88164E-1 7.17757E-1 5.01836E-1 4.42426E-1 6.0809E-3 7.90759E-3 9.73318E-3 6.3954E-1 6.74491E-1 6.80229E-1 5.09586E-1 6.73167E-1 7.72637E-1 7.36027E-1 7.00665E-1 6.94591E-1 3.91522E-1 3.24764E-1 1.48874E-1 2.33062E-1 2.54622E-1 2.85443E-1 2.88435E-1 4.04652E-1 6.51733E-1 6.26131E-1 2.98751E-1 3.04306E-1
1.32257E-1 2.13647E-1 2.38998E-1 2.0937E-1 1.24522E-1 1.42186E-1 1.4028E-1 1.308E-1 3.83531E-1 4.24871E-1 5.13722E-1 6.13985E-1 6.28178E-1 5.85784E-1 5.90702E-1 6.14424E-1 5.38401E-1 6.37802E-1 7.1493E-1 7.79353E-1 7.55042E-1 7.0007E-1 4.52204E-1 7.34273E-1 8.75763E-1 7.82363E-1 8.14894E-1 8.12309E-1 7.21608E-1 6.33413E-1 5.87275E-1 5.70075E-1 4.01244E-1 4.04913E-1 4.33841E-1 2.61194E-1 4.52066E-1 6.556E-1 5.80794E-1 5.42294E-1 6.23339E-1 7.54126E-1 2.77807E-1 7.35165E-1 7.75058E-1 7.36923E-1 6.57602E-1 3.11743E-1 1.36035E-1 2.07421E-1 2.84549E-1 3.8161E-1 3.89952E-1 3.62022E-1 4.19981E-1 6.13761E-1 4.72917E-1 3.78488E-1 4.00012E-1
2.46893E-1 2.8383E-1 2.89447E-1 2.14181E-1 1.90451E-1 1.69425E-1 1.15639E-1 1.3171E-1 2.57533E-1 3.07561E-1 4.58113E-1 5.56532E-1 5.86201E-1 5.59201E-1 5.23179E-1 5.34863E-1 4.8851E-1 6.17913E-1 6.89968E-1 6.60049E-1 7.19629E-1 6.99496E-1 7.11817E-1 7.76402E-1 7.39995E-1 4.78909E-1 5.63525E-1 5.65491E-1 5.21238E-1 4.29972E-1 3.63361E-1 4.37476E-1 4.16516E-1 3.94377E-1 4.28183E-1 4.10396E-1 4.74844E-1 6.26934E-1 5.9848E-1 5.29955E-1 5.56696E-1 5.63292E-1 5.04297E-1 5.96538E-1 7.7415E-1 6.92398E-1 6.10799E-1 3.20594E-1 2.45719E-1 2.44027E-1 2.66105E-1 3.34635E-1 4.49215E-1 4.61547E-1 4.97578E-1 4.14034E-1 3.32743E-1 2.94068E-1 4.68498E-1
4.02035E-1 2.63924E-1 2.06181E-1 1.67237E-1 1.90266E-1 7.19685E-2 1.85313E-1 2.03384E-1 2.24842E-1 3.19833E-1 3.92222E-1 4.81523E-1 4.59201E-1 5.29928E-1 4.44692E-1 3.48002E-1 4.62737E-1 5.90908E-1 5.40944E-1 6.07783E-1 6.60416E-1 6.48713E-1 8.15899E-1 8.16013E-1 6.81314E-1 3.26736E-1 4.59237E-1 2.53951E-1 2.28198E-1 2.66372E-1 1.89285E-1 2.0879E-1 2.85696E-1 3.31302E-1 4.29828E-1 4.92876E-1 5.45479E-1 5.62397E-1 5.23364E-1 4.68181E-1 5.07405E-1 3.69979E-1 5.05105E-1 6.79791E-1 6.30945E-1 4.3235E-1 5.0888E-1 3.90258E-1 2.55897E-1 2.43398E-1 3.14668E-1 3.86413E-1 4.40418E-1 4.8106E-1 5.14269E-1 5.01023E-1 3.71278E-1 3.87721E-1 4.7926E-1
3.66424E-1 3.25272E-1 3.14393E-1 1.80139E-1 1.89483E-1 2.122E-1 2.17903E-1 2.26169E-1 2.60495E-1 3.02337E-1 3.87986E-1 4.66382E-1 4.42873E-1 4.38158E-1 3.75114E-1 3.10422E-1 4.88522E-1 5.51431E-1 4.69075E-1 6.10603E-1 6.06149E-1 6.91917E-1 8.06672E-1 8.51392E-1 7.66422E-1 5.4696E-1 5.28575E-1 5.65497E-1 4.64633E-1 4.33213E-1 2.29256E-1 1.46501E-1 1.53304E-1 2.11543E-1 3.20261E-1 4.68839E-1 4.36472E-1 3.15114E-1 3.14666E-1 4.14074E-1 3.66718E-1 2.44263E-1 2.93157E-1 4.4307E-1 4.33133E-1 3.88004E-1 4.30846E-1 3.46487E-1 2.41286E-1 2.45684E-1 2.89302E-1 3.93989E-1 4.06663E-1 4.52298E-1 4.12178E-1 4.57987E-1 4.6325E-1 4.86897E-1 4.99055E-1
3.91896E-1 3.56394E-1 3.57309E-1 3.38773E-1 2.18331E-1 2.49606E-1 1.20482E-1 2.23702E-1 2.09967E-1 2.26956E-1 3.32448E-1 4.39474E-1 3.13783E-1 5.02374E-1 4.31954E-1 4.83608E-1 4.36954E-1 4.36458E-1 3.73583E-1 4.24409E-1 5.55275E-1 6.94759E-1 7.98627E-1 8.44149E-1 7.94311E-1 6.42863E-1 5.80162E-1 3.97127E-1 3.01203E-1 4.64006E-1 1.63031E-1 2.09437E-1 1.68713E-1 2.13733E-1 2.57791E-1 4.0154E-1 4.04671E-1 2.80252E-1 3.18175E-1 4.54384E-1 1.62824E-1 1.17621E-1 1.83341E-1 2.97681E-1 1.85849E-1 3.49291E-1 4.08247E-1 3.04431E-1 2.69532E-1 2.72462E-1 2.71494E-1 3.14846E-1 3.87605E-1 4.34815E-1 4.61442E-1 5.27795E-1 5.35397E-1 4.13406E-1 4.21832E-1
5.38937E-1 5.22076E-1 5.10746E-1 4.90894E-1 4.58791E-1 3.91584E-1 3.18349E-1 1.10115E-1 1.98004E-1 2.23919E-1 3.64405E-1 4.8201E-1 4.02579E-1 3.2138E-1 4.76732E-1 5.00378E-1 4.02459E-1 3.28385E-1 2.93949E-1 2.33991E-1 2.57768E-1 4.11012E-1 5.23502E-1 4.60028E-1 6.90505E-1 5.11178E-1 3.53744E-1 2.93973E-1 3.63682E-1 4.46382E-1 1.82243E-1 3.19574E-1 2.28589E-1 2.56836E-1 2.69696E-1 3.71474E-1 4.4121E-1 5.07078E-1 5.04284E-1 4.52947E-1 1.98235E-1 1.50945E-1 1.87831E-1 2.81132E-1 3.4303E-1 3.61172E-1 4.07189E-1 2.1176E-1 3.15333E-1 2.92316E-1 2.82934E-1 3.05804E-1 3.54406E-1 4.1637E-1 5.18368E-1 5.57829E-1 2.66875E-1 3.93752E-1 4.28997E-1
