Phytophthora/models/20240604_1618_19/Phytophthora_PA3_RUN5_MAXENT_outputs/projMaxent.asc
ncols         225
nrows         269
xllcorner     473009.9838
yllcorner     4429051.1748
cellsize      50.0
NODATA_value  -9999
[rows 104 to 129 of 269, columns 0 to 58 of 225]
-9999 -9999 -9999 -9999 -9999 -9999 -9999 -9999 -9999 -9999 -9999 1.46925E-1 1.23765E-1 1.22094E-1 1.1596E-1 1.93879E-1 1.68163E-1 9.48378E-2 7.22794E-2 6.23151E-2 5.97344E-2 6.22958E-2 5.20589E-2 7.37038E-2 1.21284E-1 2.49003E-1 2.42505E-1 1.09696E-1 1.6441E-1 3.04099E-1 8.71729E-2 1.20233E-1 8.50619E-2 5.75199E-2 7.74257E-2 7.25368E-2 7.02689E-2 6.3203E-2 3.92878E-2 3.81114E-2 2.82951E-2 2.0745E-2 1.82753E-2 1.04517E-2 1.30376E-2 2.10927E-2 1.82481E-2 3.68058E-2 4.06387E-2 1.57505E-2 2.13639E-2 9.91035E-3 7.77112E-3 1.56966E-2 4.50469E-2 2.289E-2 1.38094E-2 1.82556E-2 3.86118E-2
-9999 -9999 -9999 -9999 -9999 -9999 -9999 -9999 -9999 -9999 -9999 3.22475E-1 2.82883E-1 2.65935E-1 2.0672E-1 2.69161E-1 1.79354E-1 9.09608E-2 1.1281E-1 1.07423E-1 1.57711E-1 1.28849E-1 1.1034E-1 1.64138E-1 2.10518E-1 3.93217E-1 3.99871E-1 1.68923E-1 1.64524E-1 1.51231E-1 8.24009E-2 1.07323E-1 9.18213E-2 6.54241E-2 9.92908E-2 1.0173E-1 1.46807E-1 1.34239E-1 7.25914E-2 4.08612E-2 4.0308E-2 2.78815E-2 2.53048E-2 2.40845E-2 1.86231E-2 4.06069E-2 4.70266E-2 2.47737E-2 3.46412E-2 4.93365E-2 2.56632E-2 1.30696E-2 9.73148E-3 2.46259E-2 2.50612E-2 1.55237E-2 8.23529E-3 1.23217E-2 1.89967E-2
-9999 -9999 -9999 -9999 -9999 -9999 -9999 -9999 -9999 -9999 3.94301E-1 5.69209E-1 5.10298E-1 4.40509E-1 2.23363E-1 2.01148E-1 1.7032E-1 1.43206E-1 1.14044E-1 9.68401E-2 1.96395E-1 2.08936E-1 2.43667E-1 1.60073E-1 2.94885E-1 2.72406E-1 1.09229E-1 2.26036E-1 2.50039E-1 1.50553E-1 8.47624E-2 6.24213E-2 6.58171E-2 7.05455E-2 1.61143E-1 1.7018E-1 1.90298E-1 1.57011E-1 1.04452E-1 6.06851E-2 4.75653E-2 2.99036E-2 2.25611E-2 3.95211E-2 9.53749E-2 9.30295E-2 5.21909E-2 2.72187E-2 4.25527E-2 6.78828E-2 3.45233E-2 3.22633E-2 4.26703E-2 3.41556E-2 2.1147E-2 1.05106E-2 1.20886E-2 1.7858E-2 1.89025E-2
-9999 -9999 -9999 -9999 -9999 -9999 -9999 -9999 -9999 -9999 3.60129E-1 6.46946E-1 5.53422E-1 2.80361E-1 2.00859E-1 2.17E-1 1.94747E-1 2.00597E-1 1.29896E-1 1.39983E-1 2.75978E-1 4.02722E-1 3.63997E-1 3.45796E-1 3.14976E-1 1.73363E-1 1.57457E-1 1.73894E-1 1.59887E-1 1.23905E-1 1.04309E-1 8.87251E-2 6.7188E-2 1.02373E-1 1.92425E-1 2.03637E-1 2.16342E-1 2.05236E-1 8.46633E-2 1.19188E-1 7.58763E-2 5.68451E-2 4.8475E-2 9.16298E-2 1.19453E-1 1.21947E-1 9.48419E-2 8.59605E-2 1.09849E-1 1.28034E-1 1.34684E-1 1.17957E-1 1.2318E-1 4.16797E-2 2.16745E-2 8.38848E-3 1.17758E-2 1.80606E-2 2.03583E-2
-9999 -9999 -9999 -9999 -9999 -9999 -9999 -9999 -9999 -9999 3.30521E-1 5.86142E-1 4.72106E-1 3.73568E-1 2.02033E-1 2.55517E-1 1.86916E-1 2.37856E-1 2.61519E-1 1.99006E-1 3.49992E-1 5.53042E-1 3.06455E-1 4.3522E-1 1.8749E-1 1.5247E-1 7.94761E-2 9.10737E-2 1.1102E-1 1.14704E-1 1.07049E-1 8.35949E-2 6.03171E-2 1.34576E-1 2.27575E-1 2.42066E-1 2.57674E-1 2.64125E-1 9.82561E-2 9.33376E-2 1.72792E-1 8.60518E-2 5.90032E-2 6.54565E-2 1.07302E-1 1.24592E-1 1.45601E-1 1.44153E-1 1.07974E-1 1.49961E-1 2.03191E-1 1.76786E-1 1.66335E-1 7.36168E-2 4.08815E-2 2.43882E-2 3.99147E-2 3.5029E-2 2.43344E-2
-9999 -9999 -9999 -9999 -9999 -9999 -9999 -9999 -9999 -9999 3.84467E-1 4.66618E-1 5.21308E-1 5.37405E-1 2.4787E-1 2.36852E-1 1.95449E-1 4.36971E-1 5.181E-1 3.38295E-1 3.91415E-1 3.99033E-1 5.80372E-1 4.4106E-1 2.20556E-1 1.1665E-1 5.14395E-2 3.65846E-2 5.60725E-2 8.45031E-2 8.69644E-2 7.06154E-2 1.11305E-1 2.43688E-1 2.69877E-1 2.88554E-1 2.98731E-1 2.86781E-1 2.60056E-1 2.68661E-1 1.15765E-1 1.55345E-1 3.57326E-2 2.98571E-2 9.10541E-2 1.68348E-1 1.67528E-1 1.53881E-1 1.55338E-1 2.01492E-1 1.92468E-1 2.1751E-1 1.93934E-1 9.36145E-2 5.94629E-2 9.56003E-2 8.63973E-2 4.4878E-2 2.2043E-2
-9999 -9999 -9999 -9999 -9999 -9999 -9999 -9999 -9999 8.30773E-1 6.04333E-1 6.45204E-1 2.88165E-1 4.90281E-1 4.3574E-1 3.0741E-1 3.37346E-1 6.02421E-1 5.86253E-1 3.69866E-1 4.4203E-1 4.93018E-1 5.62015E-1 3.74933E-1 2.48559E-1 9.81632E-2 4.47894E-2 3.73978E-2 4.22325E-2 6.16759E-2 7.51891E-2 1.05513E-1 2.1739E-1 3.06614E-1 3.26031E-1 2.09509E-1 3.15735E-1 2.90654E-1 2.68792E-1 3.05456E-1 2.13264E-1 1.31265E-1 2.08099E-1 1.43423E-1 5.34532E-2 1.9157E-1 1.7777E-1 1.6624E-1 1.7458E-1 1.4662E-1 1.62215E-1 1.86047E-1 2.22266E-1 1.2496E-1 6.48764E-2 1.16725E-1 1.03082E-1 3.73428E-2 1.80547E-2
-9999 -9999 -9999 -9999 -9999 -9999 -9999 -9999 8.10972E-1 7.39422E-1 7.23748E-1 6.98198E-1 5.74884E-1 5.46553E-1 4.57266E-1 2.49141E-1 4.35683E-1 7.30995E-1 7.42452E-1 5.24807E-1 5.96883E-1 5.59617E-1 4.12238E-1 2.24455E-1 1.33228E-1 8.68571E-2 5.99067E-2 5.49949E-2 4.57139E-2 4.26084E-2 4.55866E-2 1.19866E-1 2.77929E-1 2.12461E-1 3.46397E-1 3.39425E-1 3.0872E-1 2.73549E-1 2.77081E-1 3.36124E-1 3.91562E-1 2.6608E-1 3.60922E-1 3.68256E-1 2.92042E-1 1.97569E-1 1.70066E-1 1.66551E-1 1.74169E-1 1.59866E-1 1.28877E-1 2.2846E-1 2.95826E-1 2.5255E-1 1.76739E-1 1.95868E-1 1.2261E-1 3.86551E-2 1.80454E-2
-9999 -9999 -9999 -9999 -9999 -9999 -9999 -9999 7.69703E-1 7.03658E-1 8.16519E-1 8.97282E-1 7.3469E-1 6.68406E-1 3.57921E-1 2.59412E-1 4.19583E-1 6.99488E-1 6.79281E-1 4.99812E-1 7.13391E-1 6.57452E-1 4.21667E-1 2.01525E-1 1.72874E-1 1.24E-1 9.26331E-2 7.22648E-2 5.66236E-2 5.75635E-2 5.95777E-2 1.34485E-1 3.20367E-1 3.70824E-1 3.48774E-1 3.4696E-1 3.51215E-1 3.42763E-1 3.11277E-1 3.57316E-1 4.04252E-1 4.42103E-1 4.62266E-1 4.99355E-1 4.61715E-1 2.95031E-1 2.05955E-1 1.94685E-1 2.0361E-1 2.04937E-1 1.56032E-1 1.72717E-1 3.33354E-1 3.32876E-1 2.60294E-1 1.82943E-1 1.24154E-1 3.0894E-2 1.85298E-2
-9999 -9999 -9999 -9999 -9999 -9999 -9999 -9999 7.2275E-1 8.69285E-1 6.84689E-1 9.0018E-1 8.39266E-1 7.77359E-1 4.59516E-1 3.21628E-1 5.48183E-1 9.5505E-1 6.80132E-1 6.602E-1 6.95187E-1 6.4598E-1 4.51593E-1 2.69518E-1 3.05748E-1 3.41947E-1 3.42125E-1 1.20135E-1 5.89682E-2 1.04442E-1 1.46205E-1 1.47677E-1 9.19204E-2 3.6529E-1 3.85064E-1 3.36301E-1 3.19242E-1 3.19757E-1 2.7796E-1 3.27033E-1 4.3408E-1 4.64579E-1 4.91717E-1 5.41269E-1 5.62962E-1 3.91078E-1 3.91668E-1 2.71234E-1 2.33903E-1 1.69344E-1 1.95068E-1 1.2065E-1 2.34733E-1 3.19183E-1 2.42593E-1 1.82831E-1 1.41143E-1 3.56767E-2 1.72268E-2
-9999 -9999 -9999 -9999 -9999 -9999 -9999 5.50766E-1 9.24622E-1 9.70121E-1 9.49403E-1 8.90747E-1 8.37506E-1 7.31788E-1 6.90127E-1 6.41054E-1 6.3925E-1 5.26114E-1 5.02419E-1 6.8732E-1 6.75573E-1 6.97202E-1 4.62366E-1 1.70015E-1 6.318E-1 5.56264E-1 4.65327E-1 2.16217E-1 1.59571E-1 1.42792E-1 1.63465E-1 1.83226E-1 1.45108E-1 2.68063E-1 3.88723E-1 4.12309E-1 4.13518E-1 2.60847E-1 1.68133E-1 1.14204E-1 1.32529E-1 3.45104E-1 4.77433E-1 5.09674E-1 5.7712E-1 6.02446E-1 6.23608E-1 4.4808E-1 2.73814E-1 2.60684E-1 2.10134E-1 1.9371E-1 1.09114E-1 2.41905E-1 2.28865E-1 1.93225E-1 1.15138E-1 4.09214E-2 3.15803E-2
-9999 -9999 -9999 -9999 -9999 -9999 4.02883E-1 5.76235E-1 9.03247E-1 7.99906E-1 9.31035E-1 8.74936E-1 8.43316E-1 6.59691E-1 6.14287E-1 6.08907E-1 4.30047E-1 6.14902E-1 7.85596E-1 6.84284E-1 7.09353E-1 7.48996E-1 3.60451E-1 4.12E-1 5.89059E-1 5.78394E-1 2.49999E-1 1.54519E-1 1.32531E-1 1.11776E-1 1.05922E-1 1.0134E-1 1.11751E-1 2.01895E-1 2.72691E-1 3.61202E-1 3.93024E-1 2.83562E-1 2.13084E-1 2.13421E-1 2.15843E-1 2.30274E-1 2.86831E-1 4.89518E-1 6.32036E-1 6.25563E-1 6.57939E-1 6.12013E-1 4.16749E-1 3.398E-1 2.71583E-1 2.68115E-1 1.82082E-1 2.45798E-1 2.39429E-1 2.05423E-1 1.76127E-1 1.19364E-1 1.04376E-1
-9999 -9999 -9999 -9999 -9999 -9999 -9999 5.27419E-1 4.96982E-1 7.40208E-1 7.99098E-1 7.74455E-1 6.15238E-1 6.52089E-1 5.79938E-1 4.4005E-1 4.69806E-1 6.82962E-1 7.99666E-1 4.3735E-1 4.53188E-1 4.58722E-1 4.07504E-1 3.87359E-1 4.51469E-1 3.3468E-1 2.642E-1 1.96826E-1 1.90412E-1 1.31068E-1 8.95404E-2 7.16101E-2 8.72676E-2 2.063E-1 2.06151E-1 2.33975E-1 3.02537E-1 2.48912E-1 2.69128E-1 4.10965E-1 3.93687E-1 2.41885E-1 2.86166E-1 5.01138E-1 5.81061E-1 5.20535E-1 4.10339E-1 5.10965E-1 1.7191E-1 2.00177E-1 1.74872E-1 1.6112E-1 1.20882E-1 3.03785E-1 2.55788E-1 2.20672E-1 1.94592E-1 1.14562E-1 6.99959E-2
-9999 -9999 -9999 -9999 -9999 -9999 -9999 -9999 6.52124E-1 6.63545E-1 6.46868E-1 4.66613E-1 4.2009E-1 5.50691E-1 5.07207E-1 3.5645E-1 3.64642E-1 3.51165E-1 5.10602E-1 4.50202E-1 3.38694E-1 3.59364E-1 4.1693E-1 3.72314E-1 3.91497E-1 6.94634E-1 6.48207E-1 3.43164E-1 3.4322E-1 3.14569E-1 1.95489E-1 8.86636E-2 9.61723E-2 1.38668E-1 1.54931E-1 1.80717E-1 1.89654E-1 2.69361E-1 3.31866E-1 5.81035E-1 6.87032E-1 4.04487E-1 1.74073E-1 5.04259E-1 5.00621E-1 4.24365E-1 3.37374E-1 3.0663E-1 1.4442E-1 1.32516E-1 1.23173E-1 9.09778E-2 1.4378E-1 9.03623E-2 2.06304E-1 2.4113E-1 2.16926E-1 1.1556E-1 8.17714E-2
-9999 -9999 -9999 -9999 -9999 -9999 -9999 -9999 4.76093E-1 5.95576E-1 6.45531E-1 4.48427E-1 4.1329E-1 5.12523E-1 4.32182E-1 4.03565E-1 5.69218E-1 4.37481E-1 4.43522E-1 3.61998E-1 2.77907E-1 2.84081E-1 1.81102E-1 1.99618E-1 3.04354E-1 7.46978E-1 8.18068E-1 5.06779E-1 5.38081E-1 5.64565E-1 2.49016E-1 1.12572E-1 7.95607E-2 6.29703E-2 5.90707E-2 6.7792E-2 7.48378E-2 1.02252E-1 3.21476E-1 4.38814E-1 6.19586E-1 3.91158E-1 5.26845E-1 4.53406E-1 3.91524E-1 2.92705E-1 1.67531E-1 1.7108E-1 1.74395E-1 1.15322E-1 1.05781E-1 1.24268E-1 1.15857E-1 1.19222E-1 1.16169E-1 5.38348E-2 3.29792E-2 1.16522E-1 2.59872E-2
-9999 -9999 -9999 -9999 -9999 -9999 -9999 -9999 -9999 5.18279E-1 5.92999E-1 5.01383E-1 6.53394E-1 4.52884E-1 4.34446E-1 4.65705E-1 5.46197E-1 3.96842E-1 3.15328E-1 3.06761E-1 2.09888E-1 1.76997E-1 1.93229E-1 1.42334E-1 2.39893E-1 7.72568E-1 8.71243E-1 8.59335E-1 5.44173E-1 5.11913E-1 2.85386E-1 1.27028E-1 7.69548E-2 6.59653E-2 7.58066E-2 1.10671E-1 1.45811E-1 1.81806E-1 4.38231E-1 3.82231E-1 3.35757E-1 2.96853E-1 4.15932E-1 4.11404E-1 3.04256E-1 1.58483E-1 1.49003E-1 1.31976E-1 1.22219E-1 9.3087E-2 7.38967E-2 6.07067E-2 4.75117E-2 4.79218E-2 5.74861E-2 4.05942E-2 4.31855E-2 5.51419E-2 3.92969E-2
-9999 -9999 -9999 -9999 -9999 -9999 -9999 -9999 -9999 -9999 5.21052E-1 6.10964E-1 6.36527E-1 6.18751E-1 4.09497E-1 3.98221E-1 4.34462E-1 3.32235E-1 3.1865E-1 3.11642E-1 2.73169E-1 2.32448E-1 2.24234E-1 1.84208E-1 3.44174E-1 8.07567E-1 9.19316E-1 8.8682E-1 5.56426E-1 6.25852E-1 3.69868E-1 1.55475E-1 8.87053E-2 8.67869E-2 1.05679E-1 1.55954E-1 1.62418E-1 2.91968E-1 3.30457E-1 4.21622E-1 2.96993E-1 3.55725E-1 3.2617E-1 2.52057E-1 1.75832E-1 1.29628E-1 1.25659E-1 1.18046E-1 8.05059E-2 3.85906E-2 4.11903E-2 4.03433E-2 4.0613E-2 3.38035E-2 3.17782E-2 3.58573E-2 3.17944E-2 5.36054E-2 4.92682E-2
-9999 -9999 -9999 -9999 -9999 -9999 -9999 -9999 -9999 -9999 -9999 -9999 5.76159E-1 6.37343E-1 4.839E-1 3.40848E-1 4.34641E-1 4.77543E-1 4.43777E-1 3.80396E-1 3.86909E-1 3.46332E-1 3.2618E-1 2.7521E-1 2.67505E-1 5.45642E-1 7.5584E-1 5.69469E-1 4.7454E-1 5.52577E-1 3.24909E-1 1.57062E-1 1.10674E-1 1.18143E-1 1.38666E-1 2.98707E-1 3.63997E-1 3.81534E-1 2.5354E-1 3.27049E-1 2.57937E-1 3.21255E-1 3.16183E-1 1.84383E-1 7.37052E-2 9.87441E-2 1.43501E-1 9.71991E-2 5.19812E-2 4.49355E-2 5.82035E-2 7.69048E-2 9.26436E-2 4.69485E-2 3.03469E-2 2.81473E-2 3.48564E-2 5.93965E-2 7.13824E-2
-9999 -9999 -9999 -9999 -9999 -9999 -9999 -9999 -9999 -9999 -9999 -9999 8.98634E-1 4.12899E-1 4.92957E-1 2.98531E-1 3.61632E-1 4.25852E-1 5.22573E-1 6.12439E-1 4.80139E-1 5.56944E-1 4.79484E-1 4.42994E-1 4.03991E-1 3.66647E-1 6.07418E-1 4.88858E-1 4.07894E-1 3.28176E-1 2.31468E-1 1.23345E-1 1.20885E-1 1.46369E-1 1.32477E-1 2.34795E-1 4.96713E-1 4.83892E-1 4.04999E-1 3.79735E-1 2.78992E-1 2.66467E-1 2.32854E-1 1.0375E-1 9.32534E-2 9.40487E-2 9.7813E-2 7.45667E-2 5.56157E-2 5.58088E-2 6.84849E-2 7.61382E-2 1.16803E-1 3.13872E-2 4.39988E-2 4.5287E-2 4.39589E-2 6.12894E-2 8.05781E-2
-9999 -9999 -9999 -9999 -9999 -9999 -9999 -9999 -9999 -9999 -9999 -9999 -9999 5.58644E-1 4.52925E-1 2.77424E-1 2.52823E-1 3.29871E-1 4.77897E-1 6.04528E-1 5.00358E-1 6.56722E-1 6.1665E-1 4.61955E-1 4.93635E-1 5.20939E-1 7.42242E-1 4.57308E-1 3.68808E-1 2.40613E-1 1.39856E-1 1.16356E-1 9.85177E-2 8.96806E-2 1.44447E-1 4.94507E-1 1.90821E-1 2.73958E-1 5.90488E-1 3.38509E-1 2.59761E-1 3.39423E-1 1.93428E-1 8.31448E-2 1.22879E-1 1.03396E-1 1.07684E-1 8.31263E-2 7.21635E-2 6.41833E-2 6.93246E-2 6.95607E-2 8.3444E-2 5.69285E-2 5.09191E-2 5.5209E-2 6.56125E-2 7.31544E-2 8.43677E-2
-9999 -9999 -9999 -9999 -9999 -9999 -9999 -9999 -9999 -9999 -9999 -9999 -9999 2.8627E-1 3.37009E-1 2.59777E-1 2.89224E-1 5.12909E-1 6.60763E-1 5.57119E-1 6.25999E-1 6.40453E-1 6.58801E-1 8.18835E-1 7.53897E-1 9.43584E-1 8.27918E-1 4.16233E-1 2.9086E-1 1.33895E-1 1.04014E-1 8.81143E-2 7.68469E-2 8.32146E-2 2.2075E-1 4.74089E-1 4.21714E-1 5.61235E-1 5.74219E-1 2.98849E-1 1.88994E-1 2.23291E-1 1.46796E-1 1.26581E-1 1.43189E-1 1.49373E-1 1.55766E-1 1.17224E-1 1.35082E-1 1.0197E-1 1.35913E-1 1.14709E-1 7.65525E-2 6.28251E-2 6.37465E-2 7.5676E-2 9.0933E-2 8.2242E-2 9.00528E-2
-9999 -9999 -9999 -9999 -9999 -9999 -9999 -9999 -9999 -9999 -9999 -9999 -9999 -9999 3.53406E-1 2.89396E-1 4.07657E-1 5.79693E-1 5.82957E-1 5.47552E-1 5.8533E-1 5.7265E-1 6.57498E-1 9.78001E-1 9.6931E-1 9.19445E-1 4.73289E-1 3.26286E-1 2.73954E-1 1.22146E-1 9.27791E-2 8.89463E-2 8.41732E-2 9.70411E-2 1.69667E-1 3.35071E-1 2.67783E-1 4.09785E-1 4.06705E-1 3.01718E-1 1.92481E-1 1.63648E-1 1.40582E-1 1.26488E-1 1.08799E-1 1.20203E-1 1.37285E-1 1.22546E-1 1.29963E-1 8.51279E-2 1.58977E-1 1.22761E-1 1.12576E-1 1.05048E-1 9.41667E-2 1.11266E-1 1.14671E-1 9.19847E-2 1.0832E-1
-9999 -9999 -9999 -9999 -9999 -9999 -9999 -9999 -9999 -9999 -9999 -9999 -9999 -9999 4.03667E-1 3.63593E-1 4.97582E-1 4.57965E-1 4.15952E-1 5.16151E-1 5.81985E-1 8.86713E-1 9.78276E-1 9.70488E-1 8.54179E-1 5.97142E-1 5.62418E-1 3.34468E-1 2.58832E-1 1.97854E-1 1.48282E-1 1.51297E-1 1.35462E-1 1.32931E-1 1.62546E-1 2.18721E-1 2.33797E-1 3.93155E-1 4.65832E-1 2.35357E-1 2.31569E-1 1.81518E-1 1.7363E-1 1.35888E-1 1.25153E-1 1.08566E-1 1.15911E-1 9.66656E-2 9.70525E-2 1.00759E-1 1.14465E-1 9.40776E-2 5.63641E-2 1.37484E-1 1.25495E-1 1.12594E-1 9.87887E-2 1.11246E-1 1.61627E-1
-9999 -9999 -9999 -9999 -9999 -9999 -9999 -9999 -9999 -9999 -9999 -9999 -9999 -9999 3.37844E-1 3.11588E-1 4.14428E-1 4.03901E-1 3.98694E-1 5.17547E-1 7.8903E-1 9.7681E-1 6.55299E-1 9.81818E-1 9.62604E-1 8.90333E-1 3.6692E-1 2.72708E-1 2.26463E-1 2.1071E-1 1.55746E-1 1.56189E-1 1.61704E-1 1.42658E-1 1.28199E-1 1.6831E-1 2.08297E-1 2.68837E-1 3.21055E-1 2.70343E-1 1.89727E-1 1.63784E-1 1.44704E-1 1.09455E-1 1.24749E-1 1.46527E-1 1.84676E-1 1.08768E-1 9.06047E-2 1.03944E-1 1.00357E-1 1.20286E-1 5.36253E-2 1.94665E-1 1.53699E-1 1.03525E-1 6.97806E-2 9.53922E-2 1.58772E-1
-9999 -9999 -9999 -9999 -9999 -9999 -9999 -9999 -9999 -9999 -9999 -9999 -9999 5.39073E-1 5.12806E-1 4.80143E-1 3.76822E-1 3.98661E-1 5.63943E-1 8.46499E-1 9.06311E-1 9.6332E-1 9.78357E-1 9.08188E-1 9.14877E-1 9.00318E-1 5.15724E-1 3.30017E-1 2.65304E-1 1.95962E-1 1.51391E-1 1.6566E-1 1.59761E-1 1.39622E-1 8.77288E-2 1.62922E-1 1.65039E-1 1.31881E-1 2.59561E-1 1.73044E-1 1.73974E-1 1.77758E-1 1.75196E-1 1.22434E-1 1.2104E-1 1.56314E-1 1.93755E-1 1.55485E-1 1.06182E-1 1.13189E-1 1.57378E-1 1.65895E-1 1.86567E-1 1.78768E-1 1.5871E-1 1.32025E-1 1.18481E-1 1.29497E-1 1.09887E-1
-9999 -9999 -9999 -9999 -9999 -9999 -9999 -9999 -9999 -9999 -9999 -9999 5.58058E-1 4.69295E-1 4.7573E-1 4.01739E-1 2.95871E-1 3.54804E-1 4.12327E-1 4.71552E-1 8.28617E-1 9.62982E-1 7.85345E-1 5.99603E-1 5.88446E-1 7.52256E-1 7.8107E-1 4.66448E-1 2.85236E-1 2.58797E-1 2.06545E-1 1.94049E-1 1.60892E-1 1.05555E-1 9.36319E-2 1.59906E-1 1.64307E-1 1.25041E-1 2.25091E-1 1.22893E-1 1.1242E-1 1.66558E-1 1.69759E-1 1.24273E-1 1.33248E-1 1.57478E-1 1.38649E-1 1.33999E-1 1.37779E-1 1.36279E-1 1.5492E-1 2.0154E-1 2.28923E-1 1.66565E-1 1.32224E-1 1.20468E-1 1.17936E-1 1.47518E-1 1.10719E-1
