Phytophthora/models/20240430_1626_40/Phytophthora_PA3_RUN5_MAXENT_outputs/Phytophthora_PA3_RUN5.asc
ncols         225
nrows         269
xllcorner     473000.0
yllcorner     4429100.0
cellsize      50.0
NODATA_value  -9999
[rows 162 to 188 of 269, columns 0 to 59 of 225]
-9999 -9999 -9999 -9999 -9999 -9999 -9999 -9999 6.67313E-2 2.90525E-1 2.73871E-1 3.1511E-1 4.00766E-1 4.7674E-1 6.18835E-1 7.407E-1 7.54627E-1 7.5227E-1 7.29569E-1 6.82137E-1 5.92032E-1 4.62365E-1 4.51326E-1 5.80129E-1 6.36425E-1 6.83768E-1 7.60805E-1 5.60875E-1 6.68213E-1 6.41312E-1 2.10615E-1 3.05014E-1 3.48491E-1 3.24645E-1 5.3566E-1 6.15853E-1 6.01655E-1 6.50111E-1 6.82826E-1 6.24706E-1 6.26853E-1 5.70412E-1 5.06257E-1 4.76229E-1 5.56305E-1 6.15672E-1 6.1081E-1 5.85249E-1 5.74095E-1 2.55697E-1 3.52004E-1 5.00113E-1 5.92453E-1 6.80352E-1 4.27541E-1 4.76589E-1 3.3747E-1 3.2494E-1 5.70121E-1 6.20109E-1
-9999 -9999 -9999 -9999 -9999 -9999 -9999 6.42642E-2 7.55799E-2 9.73984E-2 2.36968E-1 2.54079E-1 3.25961E-1 4.89189E-1 6.28789E-1 6.82477E-1 5.49022E-1 5.68674E-1 6.66369E-1 6.32674E-1 5.62501E-1 4.94433E-1 5.06872E-1 5.71832E-1 6.32554E-1 6.88799E-1 7.59644E-1 7.04477E-1 6.36488E-1 5.26517E-1 5.2761E-1 5.23532E-1 5.46234E-1 5.93135E-1 5.92528E-1 4.67036E-1 6.65735E-1 7.14128E-1 6.76468E-1 6.57517E-1 6.58248E-1 5.79219E-1 5.23942E-1 4.90708E-1 5.98495E-1 6.62074E-1 5.69125E-1 5.33935E-1 3.987E-1 3.93623E-1 4.50162E-1 4.6801E-1 5.53286E-1 5.90998E-1 6.24415E-1 3.60392E-1 4.22364E-1 3.65176E-1 6.10393E-1 2.52666E-1
-9999 -9999 -9999 -9999 -9999 -9999 -9999 9.73833E-2 1.22472E-1 1.55095E-1 1.44061E-1 2.38152E-1 3.31484E-1 4.03607E-1 5.81445E-1 7.52368E-1 5.30311E-1 7.44637E-1 4.56061E-1 6.15166E-1 5.51339E-1 5.41058E-1 5.21866E-1 5.45801E-1 6.08102E-1 6.48787E-1 7.21132E-1 7.16846E-1 6.12691E-1 4.37037E-1 3.86623E-1 4.139E-1 4.53709E-1 4.76554E-1 5.68749E-1 6.95504E-1 5.02773E-1 7.26223E-1 7.10791E-1 7.08518E-1 6.95001E-1 6.01673E-1 5.6412E-1 5.66961E-1 6.49619E-1 7.03269E-1 5.86239E-1 4.48234E-1 4.60525E-1 5.27507E-1 4.86534E-1 5.13555E-1 5.47042E-1 6.15535E-1 4.53078E-1 5.96755E-1 4.89752E-1 1.4376E-1 4.78865E-1 3.98281E-1
-9999 -9999 -9999 -9999 -9999 -9999 6.29906E-2 5.56157E-2 5.5177E-2 4.98515E-2 1.28152E-1 1.90638E-1 1.6727E-1 3.40399E-1 5.14816E-1 5.39117E-1 6.78156E-1 5.62777E-1 4.69827E-1 6.69659E-1 6.38063E-1 5.99082E-1 5.48697E-1 5.14177E-1 5.74792E-1 6.01299E-1 6.65799E-1 6.55659E-1 4.82942E-1 6.34326E-1 3.13369E-1 3.11301E-1 3.36171E-1 3.48323E-1 4.91516E-1 6.16765E-1 6.69075E-1 5.40076E-1 7.28262E-1 6.75385E-1 7.06645E-1 6.38728E-1 6.29396E-1 6.06006E-1 6.70775E-1 4.77552E-1 6.55281E-1 5.38692E-1 4.37947E-1 4.47038E-1 4.77089E-1 4.9233E-1 4.54009E-1 5.36917E-1 4.25238E-1 3.57405E-1 4.45733E-1 4.15796E-1 2.05362E-1 2.0958E-1
-9999 -9999 -9999 -9999 -9999 1.19329E-1 8.33489E-2 6.21602E-2 7.34284E-2 1.37496E-1 4.27069E-1 3.63505E-1 3.14956E-1 5.63042E-1 6.2818E-1 6.31562E-1 5.69905E-1 5.97871E-1 6.08412E-1 5.18193E-1 4.57823E-1 4.41283E-1 4.02688E-1 3.70353E-1 3.98492E-1 3.71398E-1 3.86988E-1 3.07116E-1 4.19028E-1 2.26791E-1 2.34736E-1 2.70042E-1 3.06914E-1 4.16745E-1 5.10738E-1 5.99944E-1 6.18035E-1 6.0101E-1 6.82551E-1 7.27953E-1 7.28288E-1 5.21525E-1 6.30257E-1 6.5299E-1 5.56198E-1 6.75347E-1 6.93057E-1 6.64804E-1 5.2415E-1 4.31383E-1 5.10152E-1 5.61332E-1 4.64909E-1 3.59781E-1 3.39689E-1 3.92278E-1 4.71814E-1 3.65685E-1 3.20863E-1 3.24469E-1
-9999 -9999 -9999 -9999 -9999 9.51896E-2 8.38245E-2 1.08055E-1 1.66816E-1 2.55728E-1 5.52438E-1 4.04514E-1 3.28892E-1 3.2497E-1 5.52568E-1 4.48409E-1 4.3536E-1 4.53493E-1 3.95539E-1 3.07027E-1 1.93424E-1 3.42075E-1 3.85929E-1 3.29787E-1 3.52008E-1 2.97825E-1 2.88011E-1 2.82385E-1 2.69418E-1 2.70627E-1 3.30195E-1 3.24029E-1 3.04615E-1 5.43133E-1 5.86172E-1 6.45027E-1 6.10501E-1 5.85725E-1 7.19906E-1 6.69726E-1 6.52294E-1 6.41392E-1 6.42133E-1 6.88669E-1 6.90723E-1 7.13667E-1 6.87766E-1 6.05991E-1 5.95874E-1 5.68757E-1 5.05767E-1 5.19844E-1 1.80268E-1 1.78017E-1 1.81001E-1 1.19343E-1 3.78782E-1 3.71871E-1 3.81694E-1 3.90698E-1
-9999 -9999 -9999 -9999 -9999 8.50228E-2 1.31568E-1 1.90311E-1 2.58271E-1 3.82711E-1 5.71048E-1 4.80516E-1 4.48956E-1 5.68286E-1 4.49103E-1 3.85483E-1 4.17789E-1 4.78288E-1 4.0252E-1 3.38164E-1 1.90418E-1 2.62253E-1 3.7251E-1 2.10617E-1 3.48277E-1 1.54083E-1 1.4198E-1 3.29548E-1 3.08478E-1 3.40007E-1 3.92712E-1 4.46503E-1 5.15994E-1 6.32528E-1 6.47262E-1 5.06443E-1 7.13739E-1 7.23562E-1 6.94664E-1 6.33367E-1 5.97758E-1 6.29219E-1 6.80771E-1 6.5808E-1 6.57024E-1 6.90845E-1 6.69262E-1 6.21658E-1 5.09029E-1 4.53428E-1 3.19723E-1 2.42549E-1 2.22394E-1 2.3961E-1 2.18761E-1 2.83569E-1 4.2407E-1 4.6478E-1 4.66755E-1 4.574E-1
-9999 -9999 -9999 -9999 -9999 1.29267E-1 2.00305E-1 2.59582E-1 3.5986E-1 4.29463E-1 6.25012E-1 5.52113E-1 3.57374E-1 4.86905E-1 4.76614E-1 5.41155E-1 4.47425E-1 4.67284E-1 3.71791E-1 2.94664E-1 2.02837E-1 2.52189E-1 3.01701E-1 1.24131E-1 2.23854E-1 9.56602E-2 3.68114E-1 3.29717E-1 3.60766E-1 4.22896E-1 5.03729E-1 5.73396E-1 6.09843E-1 6.59591E-1 4.45489E-1 6.64969E-1 7.08852E-1 6.7892E-1 6.73841E-1 5.8993E-1 5.11773E-1 3.58557E-1 4.88955E-1 5.54478E-1 6.25556E-1 6.6899E-1 6.25444E-1 4.1078E-1 5.21156E-1 4.03616E-1 3.37893E-1 4.04251E-1 3.06555E-1 2.23767E-1 2.72305E-1 3.62006E-1 4.30564E-1 4.66502E-1 5.00842E-1 5.27568E-1
-9999 -9999 -9999 -9999 8.39238E-3 2.03173E-1 2.72539E-1 3.06834E-1 3.77419E-1 4.65773E-1 6.97813E-1 6.41133E-1 3.8984E-1 6.10948E-1 6.24254E-1 5.69884E-1 3.92779E-1 3.08729E-1 4.07381E-1 3.08374E-1 2.04139E-1 2.31866E-1 2.37803E-1 2.52023E-1 1.89319E-1 2.45359E-1 3.24682E-1 3.61821E-1 4.11637E-1 4.63008E-1 5.50963E-1 6.03562E-1 5.12928E-1 4.63441E-1 5.61231E-1 7.04843E-1 6.71513E-1 6.53455E-1 6.10646E-1 5.11752E-1 4.20618E-1 3.53872E-1 3.34938E-1 3.89233E-1 5.58643E-1 6.61003E-1 5.87701E-1 4.87862E-1 4.32442E-1 3.82199E-1 3.75075E-1 4.50324E-1 4.12903E-1 3.48803E-1 4.94516E-1 3.18436E-1 3.78509E-1 4.33909E-1 5.06842E-1 5.13389E-1
-9999 -9999 -9999 -9999 1.79962E-2 1.06965E-1 1.19702E-1 1.37958E-1 2.06039E-1 2.56467E-1 1.9923E-1 2.2964E-1 3.00457E-1 3.35807E-1 3.30703E-1 4.07748E-1 1.96882E-1 1.60511E-1 1.034E-1 1.03321E-1 8.75422E-2 1.08162E-1 1.13989E-1 1.31127E-1 1.83721E-1 4.57415E-1 5.65483E-1 6.32228E-1 6.73343E-1 6.76806E-1 6.0608E-1 4.32732E-1 7.24078E-1 7.52945E-1 7.69813E-1 7.50906E-1 7.37009E-1 7.18134E-1 6.52623E-1 5.45747E-1 4.78731E-1 4.19406E-1 4.26528E-1 4.69277E-1 5.01287E-1 5.51845E-1 4.63663E-1 3.86752E-1 3.84209E-1 3.68092E-1 4.6208E-1 5.02333E-1 5.04683E-1 5.18025E-1 5.03767E-1 5.81194E-1 5.66071E-1 6.07034E-1 6.59688E-1 6.91478E-1
-9999 -9999 -9999 -9999 3.19735E-2 1.06903E-1 1.07042E-1 1.65376E-1 1.96049E-1 2.32381E-1 3.4253E-1 3.77983E-1 3.47124E-1 2.50256E-1 2.392E-1 1.76506E-1 2.04341E-1 1.69214E-1 2.32525E-1 1.63903E-1 7.41695E-2 1.08982E-1 1.18279E-1 1.25788E-1 1.48196E-1 4.93419E-1 5.63134E-1 4.36572E-1 4.44862E-1 5.86376E-1 6.85281E-1 7.11791E-1 7.16367E-1 7.75945E-1 7.55894E-1 7.31742E-1 7.14554E-1 6.57081E-1 5.96965E-1 4.48258E-1 4.67042E-1 4.13386E-1 3.82764E-1 5.00657E-1 4.96726E-1 4.7568E-1 4.16733E-1 3.59528E-1 3.57015E-1 4.02707E-1 4.9302E-1 3.99714E-1 3.69056E-1 3.84961E-1 4.19753E-1 5.47216E-1 6.51528E-1 6.5498E-1 4.51997E-1 5.27518E-1
-9999 -9999 -9999 -9999 3.63481E-2 9.60689E-2 1.13577E-1 1.43302E-1 1.74822E-1 1.99165E-1 2.26951E-1 2.97425E-1 2.37866E-1 2.04613E-1 9.66951E-2 1.95528E-1 2.55464E-1 2.03714E-1 1.56995E-1 1.41454E-1 7.7087E-2 1.13629E-1 1.58326E-1 1.35299E-1 1.89496E-1 3.8953E-1 4.64941E-1 6.14057E-1 6.51783E-1 6.6882E-1 6.68782E-1 6.8587E-1 7.4832E-1 7.42242E-1 7.32007E-1 7.09552E-1 6.8061E-1 5.95331E-1 5.45726E-1 4.3889E-1 5.04676E-1 4.34204E-1 3.45227E-1 4.42788E-1 4.61545E-1 4.21091E-1 4.2649E-1 3.66969E-1 3.77408E-1 4.48786E-1 2.17418E-1 5.05309E-1 4.31866E-1 4.52785E-1 4.44089E-1 4.8449E-1 5.67345E-1 6.74721E-1 6.19078E-1 5.62825E-1
-9999 -9999 -9999 -9999 6.10351E-2 7.56615E-2 1.06489E-1 1.74288E-1 2.01287E-1 2.01205E-1 2.40631E-1 2.81647E-1 1.52597E-1 2.81592E-1 1.63682E-1 1.87364E-1 2.53939E-1 1.95439E-1 1.80178E-1 1.27474E-1 8.28104E-2 8.70759E-2 1.26387E-1 1.42475E-1 1.85723E-1 3.9767E-1 3.84201E-1 5.1435E-1 5.95554E-1 6.57229E-1 5.69437E-1 6.7111E-1 7.09667E-1 7.11725E-1 6.99346E-1 6.70557E-1 6.00772E-1 5.59433E-1 5.86286E-1 4.72825E-1 5.37969E-1 5.15579E-1 3.91937E-1 4.62751E-1 5.08443E-1 4.15107E-1 4.45468E-1 4.45433E-1 3.90864E-1 4.18262E-1 4.15966E-1 4.22143E-1 4.58659E-1 4.73675E-1 4.56207E-1 5.26861E-1 2.20987E-1 5.68788E-1 4.7619E-1 5.19525E-1
-9999 -9999 -9999 6.24456E-2 3.72668E-2 3.63896E-2 4.04246E-2 1.04478E-1 1.84703E-1 2.32046E-1 2.51721E-1 3.19409E-1 3.98444E-1 2.00092E-1 1.31318E-1 2.51187E-1 2.3729E-1 2.63388E-1 2.95023E-1 1.99244E-1 1.53214E-1 1.80882E-1 2.15983E-1 1.85669E-1 2.90645E-1 3.807E-1 7.11528E-1 7.3859E-1 6.82843E-1 6.49446E-1 3.99995E-1 4.81736E-1 6.7449E-1 6.74482E-1 6.52122E-1 6.17796E-1 5.85023E-1 5.92022E-1 6.3503E-1 5.31404E-1 5.66008E-1 5.61932E-1 5.07133E-1 4.9671E-1 5.44204E-1 4.60751E-1 4.70446E-1 2.72471E-1 2.16113E-1 3.69528E-1 4.69599E-1 4.92141E-1 5.24254E-1 5.15769E-1 3.74109E-1 4.05779E-1 3.93094E-1 3.74022E-1 4.58526E-1 4.15102E-1
5.59751E-3 1.32256E-2 2.68472E-2 4.13732E-2 4.64084E-2 1.16016E-1 1.65954E-1 1.75565E-1 1.2797E-1 2.27787E-1 2.88988E-1 1.47766E-1 1.50593E-1 2.59746E-1 2.85209E-1 4.11418E-1 3.62435E-1 4.38147E-1 4.56323E-1 4.52173E-1 6.42924E-1 6.64343E-1 6.99967E-1 3.66626E-1 6.10259E-1 5.08088E-1 7.90322E-1 7.57661E-1 7.19797E-1 5.6525E-1 3.43162E-1 3.70006E-1 6.05089E-1 6.38811E-1 6.30583E-1 6.98481E-1 6.87178E-1 6.99134E-1 7.32422E-1 6.86612E-1 6.11989E-1 6.10429E-1 5.5718E-1 5.39684E-1 2.85532E-1 4.20928E-1 3.01857E-1 1.86551E-1 2.12163E-1 2.34469E-1 2.076E-1 2.52235E-1 2.60333E-1 2.05806E-1 2.12972E-1 4.64554E-1 4.00303E-1 4.03111E-1 3.9834E-1 5.24711E-1
-9999 1.26329E-2 1.88501E-2 2.45996E-2 4.28148E-2 1.62858E-1 2.0433E-1 1.97445E-1 2.2392E-1 2.08919E-1 3.1029E-1 5.72409E-2 2.08391E-1 3.09512E-1 3.41979E-1 5.19888E-1 4.85695E-1 5.15872E-1 5.08282E-1 5.71174E-1 7.00616E-1 7.19371E-1 7.38558E-1 6.43612E-1 7.75633E-1 5.64742E-1 7.22836E-1 7.71378E-1 7.10137E-1 5.37759E-1 4.12689E-1 3.35753E-1 4.54502E-1 5.96836E-1 6.41127E-1 7.1509E-1 7.3023E-1 7.31273E-1 7.54468E-1 7.20194E-1 6.47392E-1 6.39825E-1 5.14447E-1 6.55105E-1 4.28117E-1 2.54091E-1 2.18608E-1 1.36959E-1 1.83803E-1 2.54051E-1 2.30449E-1 2.5672E-1 2.91762E-1 2.27077E-1 3.12722E-1 4.96487E-1 4.1787E-1 3.6234E-1 4.36887E-1 5.4476E-1
-9999 -9999 2.59952E-2 2.48741E-2 3.01934E-2 1.40056E-1 2.50883E-1 2.04131E-1 2.11415E-1 3.5155E-1 3.31276E-1 3.89331E-1 3.59345E-1 3.49069E-1 3.63975E-1 4.75135E-1 4.72128E-1 5.12638E-1 4.95533E-1 5.33511E-1 6.09635E-1 6.21217E-1 6.31077E-1 6.35603E-1 4.22723E-1 4.56054E-1 7.73731E-1 7.89681E-1 7.22239E-1 6.63874E-1 5.76412E-1 4.38978E-1 3.6993E-1 5.70993E-1 6.51929E-1 7.2415E-1 7.50293E-1 7.57231E-1 7.74394E-1 7.50792E-1 6.8103E-1 4.72979E-1 5.99509E-1 4.97436E-1 4.73244E-1 2.66295E-1 3.11457E-1 2.07784E-1 1.71859E-1 2.49038E-1 1.976E-1 2.02881E-1 2.49849E-1 3.60549E-1 2.68171E-1 6.10093E-1 5.15476E-1 4.49191E-1 3.92702E-1 4.62745E-1
-9999 -9999 -9999 3.80552E-2 5.96666E-2 1.65812E-1 3.39773E-1 2.66112E-1 2.09954E-1 2.65956E-1 2.84409E-1 4.1897E-1 3.76131E-1 3.46722E-1 3.41665E-1 4.29866E-1 3.6799E-1 4.27866E-1 4.69297E-1 3.04134E-1 5.83415E-1 4.07065E-1 2.2087E-1 3.18582E-1 4.42172E-1 3.96085E-1 3.92667E-1 7.5598E-1 7.48439E-1 7.24347E-1 6.17741E-1 5.64226E-1 4.13623E-1 5.44836E-1 6.5411E-1 7.24999E-1 7.53862E-1 7.76977E-1 7.95891E-1 5.34002E-1 6.72772E-1 5.79309E-1 4.9928E-1 5.46677E-1 5.73532E-1 3.79573E-1 3.27684E-1 2.39909E-1 2.05007E-1 3.43804E-1 1.35714E-1 3.34832E-1 2.95283E-1 2.76485E-1 2.16984E-1 6.74839E-1 5.80046E-1 4.86943E-1 3.99999E-1 4.75758E-1
-9999 -9999 -9999 -9999 9.20805E-2 2.31613E-1 3.57763E-1 3.70683E-1 2.90023E-1 2.81096E-1 2.21709E-1 2.91801E-1 2.93518E-1 2.74041E-1 2.83371E-1 3.90762E-1 4.2566E-1 4.83212E-1 4.3589E-1 4.85911E-1 4.95626E-1 5.61032E-1 5.05642E-1 3.76352E-1 3.84324E-1 4.76204E-1 4.65205E-1 7.16118E-1 7.52536E-1 7.22702E-1 6.67089E-1 6.40104E-1 5.13529E-1 5.33047E-1 6.36797E-1 7.25243E-1 7.54432E-1 7.78541E-1 7.98368E-1 7.37275E-1 5.77526E-1 5.04797E-1 4.75889E-1 5.43642E-1 5.38562E-1 3.1628E-1 2.21036E-1 3.12259E-1 1.78753E-1 3.85773E-1 4.1417E-1 4.09409E-1 3.25446E-1 3.16034E-1 2.65804E-1 7.34693E-1 6.91405E-1 6.59515E-1 6.18016E-1 5.33546E-1
-9999 -9999 -9999 -9999 4.32229E-1 4.82945E-1 4.48277E-1 2.76088E-1 4.96011E-1 4.36775E-1 1.36783E-1 2.79976E-1 2.92372E-1 3.00077E-1 3.5721E-1 6.10838E-1 6.3469E-1 6.57314E-1 6.43514E-1 6.82484E-1 7.28749E-1 5.04743E-1 6.54728E-1 5.24017E-1 4.78764E-1 5.86681E-1 6.85011E-1 6.85221E-1 6.81632E-1 6.96504E-1 6.76131E-1 6.42168E-1 5.92596E-1 5.51477E-1 6.15652E-1 4.27454E-1 4.58902E-1 4.90415E-1 4.47544E-1 4.61679E-1 3.82726E-1 3.31101E-1 3.07849E-1 3.38812E-1 4.30428E-1 6.22212E-1 2.63553E-1 2.82553E-1 5.16245E-1 7.91716E-1 7.44501E-1 7.09316E-1 6.36108E-1 5.79299E-1 5.5338E-1 7.05722E-1 6.78242E-1 6.97626E-1 4.7925E-1 3.76769E-1
-9999 -9999 -9999 -9999 -9999 -9999 4.28385E-1 2.68677E-1 3.8479E-1 4.33025E-1 2.71631E-1 2.33187E-1 2.62563E-1 3.04171E-1 3.46794E-1 6.34282E-1 6.61276E-1 6.56028E-1 6.46596E-1 5.9888E-1 5.87635E-1 6.2839E-1 4.24791E-1 3.62188E-1 4.50851E-1 5.07999E-1 6.12422E-1 5.93115E-1 5.41468E-1 6.45588E-1 6.1501E-1 6.20849E-1 6.11382E-1 6.31638E-1 6.44784E-1 4.27566E-1 4.5651E-1 4.82854E-1 5.26901E-1 5.01928E-1 3.53265E-1 2.641E-1 2.58541E-1 2.94623E-1 3.95564E-1 6.06407E-1 5.19151E-1 4.53954E-1 4.55929E-1 5.57083E-1 4.22202E-1 4.83451E-1 5.97508E-1 6.30619E-1 5.43153E-1 6.16244E-1 6.77988E-1 5.49408E-1 5.02663E-1 5.02808E-1
-9999 -9999 -9999 -9999 -9999 -9999 -9999 -9999 -9999 1.80533E-1 1.93981E-1 1.83738E-1 2.82799E-1 3.49617E-1 3.67386E-1 6.61215E-1 6.08484E-1 4.84248E-1 3.90472E-1 3.00443E-1 5.22632E-1 4.50689E-1 4.20964E-1 3.72108E-1 3.24155E-1 3.93707E-1 4.47567E-1 5.47443E-1 5.44045E-1 5.96708E-1 5.51495E-1 5.76547E-1 6.28143E-1 6.51674E-1 6.5968E-1 4.08895E-1 4.59588E-1 2.26725E-1 4.07676E-1 4.0895E-1 3.29772E-1 2.49567E-1 2.56956E-1 2.68986E-1 3.81265E-1 6.21629E-1 5.60827E-1 5.36822E-1 4.68693E-1 3.87444E-1 4.07225E-1 3.91476E-1 6.47613E-1 6.83448E-1 6.38127E-1 5.28886E-1 4.15948E-1 4.14831E-1 4.47929E-1 4.60219E-1
-9999 -9999 -9999 -9999 -9999 -9999 -9999 -9999 -9999 -9999 1.72109E-1 1.06361E-1 2.99057E-1 2.76885E-1 3.94693E-1 6.75493E-1 5.75159E-1 5.22604E-1 4.66092E-1 5.18111E-1 5.20111E-1 4.06974E-1 3.27044E-1 3.35561E-1 2.9038E-1 3.35447E-1 4.0038E-1 5.51425E-1 6.02143E-1 5.90703E-1 5.16628E-1 5.5044E-1 5.98289E-1 6.68864E-1 6.87431E-1 4.57736E-1 4.61882E-1 5.12962E-1 3.37232E-1 3.76183E-1 2.72535E-1 2.11526E-1 2.21879E-1 2.10763E-1 2.57407E-1 4.95852E-1 3.61066E-1 5.16401E-1 5.14266E-1 4.48683E-1 4.65636E-1 4.83302E-1 6.57597E-1 6.87262E-1 6.37408E-1 5.93103E-1 5.08898E-1 5.13897E-1 5.24697E-1 4.81938E-1
-9999 -9999 -9999 -9999 -9999 -9999 -9999 -9999 -9999 -9999 -9999 -9999 -9999 3.21426E-1 4.29428E-1 6.70127E-1 6.51131E-1 4.25409E-1 5.17195E-1 5.92934E-1 5.20287E-1 4.45707E-1 3.55045E-1 2.81688E-1 4.53937E-1 3.95059E-1 5.37996E-1 6.28204E-1 6.14204E-1 5.86581E-1 5.2483E-1 5.48435E-1 4.80536E-1 6.05679E-1 7.14463E-1 4.93639E-1 4.09073E-1 3.96167E-1 4.4262E-1 2.2922E-1 2.05466E-1 1.79979E-1 3.04682E-1 2.01869E-1 2.20954E-1 5.64485E-1 5.43246E-1 5.88035E-1 5.35065E-1 5.15295E-1 5.6492E-1 6.31488E-1 6.81782E-1 6.94555E-1 6.63601E-1 5.99585E-1 5.62693E-1 5.75646E-1 4.90634E-1 3.52121E-1
-9999 -9999 -9999 -9999 -9999 -9999 -9999 -9999 -9999 -9999 -9999 -9999 -9999 -9999 5.10297E-1 7.39024E-1 5.76944E-1 6.95194E-1 6.74101E-1 4.81289E-1 1.22695E-1 9.20811E-2 1.4461E-1 1.80744E-1 2.09879E-1 3.86928E-1 4.89165E-1 6.16582E-1 6.23094E-1 6.35524E-1 6.38413E-1 6.22066E-1 5.61379E-1 7.12058E-1 7.40352E-1 3.00461E-1 2.43447E-1 6.25782E-1 3.90163E-1 3.0937E-1 1.26321E-1 9.97925E-2 1.50245E-1 1.28659E-1 1.83058E-1 4.85854E-1 4.81207E-1 6.56995E-1 5.78276E-1 5.73294E-1 6.15381E-1 6.7262E-1 6.24205E-1 5.64233E-1 5.5896E-1 6.00714E-1 5.97029E-1 6.22516E-1 4.94954E-1 3.76827E-1
-9999 -9999 -9999 -9999 -9999 -9999 -9999 -9999 -9999 -9999 -9999 -9999 -9999 -9999 -9999 7.53001E-1 5.39843E-1 7.254E-1 7.37279E-1 5.71031E-1 1.55747E-1 2.08148E-1 2.29105E-1 1.13355E-1 2.63669E-1 4.75503E-1 5.55931E-1 6.19747E-1 6.27531E-1 6.31225E-1 6.4626E-1 6.83896E-1 6.90922E-1 6.58944E-1 6.66418E-1 1.95176E-1 2.68624E-1 3.79075E-1 4.52376E-1 3.83928E-1 1.82777E-1 2.16517E-1 2.17563E-1 2.27244E-1 3.35567E-1 6.79868E-1 4.38718E-1 6.50423E-1 6.13869E-1 5.81538E-1 6.10165E-1 6.57989E-1 5.21769E-1 5.56401E-1 5.91439E-1 6.19463E-1 5.27017E-1 5.30133E-1 3.02312E-1 3.16086E-1
-9999 -9999 -9999 -9999 -9999 -9999 -9999 -9999 -9999 -9999 -9999 -9999 -9999 -9999 -9999 7.43017E-1 5.78721E-1 6.60811E-1 7.02491E-1 4.72909E-1 2.81377E-1 2.58744E-1 2.59262E-1 2.19852E-1 2.32828E-1 5.80444E-1 6.55818E-1 6.19904E-1 5.88867E-1 5.37058E-1 5.78651E-1 6.33736E-1 7.02323E-1 7.32618E-1 6.67432E-1 4.67423E-1 1.82169E-1 3.04465E-1 4.8155E-1 5.50199E-1 2.80109E-1 2.37455E-1 2.20127E-1 2.21908E-1 2.91793E-1 5.76344E-1 6.32585E-1 7.13433E-1 6.70351E-1 5.2894E-1 6.55439E-1 6.21002E-1 5.48931E-1 5.89241E-1 5.84131E-1 5.86088E-1 4.99201E-1 3.01401E-1 4.95789E-1 5.2316E-1
