Phytophthora/models/20240430_1626_40/Phytophthora_PA3_RUN5_MAXENT_outputs/Phytophthora_PA3_RUN5.asc
ncols         225
nrows         269
xllcorner     473000.0
yllcorner     4429100.0
cellsize      50.0
NODATA_value  -9999
[rows 162 to 188 of 269, columns 60 to 119 of 225]
2.53837E-1 1.2339E-1 2.38802E-1 1.78973E-1 3.32275E-1 3.93605E-1 4.87968E-1 4.93448E-1 3.89806E-1 2.80911E-1 1.91273E-1 3.28022E-1 5.20137E-1 3.74431E-1 5.87911E-1 3.71609E-1 5.3309E-1 5.43371E-1 5.56946E-1 5.98177E-1 6.08034E-1 5.99598E-1 5.93269E-1 3.69448E-1 6.96329E-1 6.23938E-1 4.93338E-1 4.71357E-1 6.60515E-1 6.11242E-1 4.61679E-1 4.55888E-1 5.12321E-1 5.37871E-1 4.98427E-1 5.13986E-1 5.24897E-1 5.22359E-1 4.85357E-1 5.37874E-1 4.99903E-1 4.25656E-1 2.9851E-1 4.43852E-1 4.57239E-1 4.01443E-1 3.56399E-1 3.00106E-1 2.80222E-1 2.28282E-1 1.35257E-1 1.79587E-1 2.34245E-1 1.83637E-1 1.34253E-1 1.52428E-1 1.7268E-1 1.78939E-1 2.22744E-1 5.42814E-1
1.10079E-1 3.17321E-1 2.31433E-1 3.10112E-1 3.3462E-1 2.75507E-1 1.80015E-1 1.97201E-1 2.27212E-1 3.35472E-1 3.46479E-1 3.8627E-1 5.49602E-1 5.80074E-1 5.52503E-1 4.31633E-1 5.40381E-1 5.1706E-1 5.139E-1 5.46259E-1 5.54663E-1 5.35255E-1 5.88124E-1 6.44627E-1 6.30848E-1 5.96363E-1 4.18656E-1 5.02981E-1 6.35943E-1 5.89032E-1 5.44612E-1 4.86538E-1 4.30458E-1 4.19634E-1 4.16145E-1 4.67837E-1 5.11877E-1 5.72175E-1 6.12985E-1 6.36679E-1 3.29375E-1 5.56138E-1 5.20937E-1 5.0224E-1 4.68545E-1 4.85352E-1 4.69176E-1 4.48948E-1 3.86541E-1 2.91904E-1 1.66417E-1 2.0694E-1 1.55183E-1 1.38084E-1 1.03887E-1 9.62041E-2 2.23535E-1 3.02219E-1 4.98372E-1 5.33015E-1
3.61527E-1 3.81642E-1 2.24745E-1 2.4139E-1 3.62621E-1 2.71291E-1 3.16849E-1 2.86438E-1 3.27248E-1 2.22421E-1 4.43853E-1 3.44192E-1 3.74897E-1 4.83466E-1 4.02698E-1 -9999 4.51716E-1 3.01136E-1 5.02587E-1 5.23552E-1 5.06622E-1 4.9814E-1 4.3323E-1 6.65994E-1 6.35104E-1 6.02692E-1 5.37049E-1 4.9244E-1 6.43434E-1 5.91401E-1 5.48031E-1 4.83219E-1 4.40823E-1 4.5887E-1 4.59481E-1 5.33603E-1 5.86335E-1 6.40676E-1 6.83694E-1 6.69773E-1 5.97389E-1 5.04364E-1 4.29845E-1 4.04428E-1 3.9456E-1 4.26606E-1 4.26934E-1 3.8809E-1 3.24714E-1 2.28107E-1 1.33279E-1 7.63824E-2 1.81096E-1 1.59377E-1 1.939E-1 1.51748E-1 2.57117E-1 4.67829E-1 5.28962E-1 2.92279E-1
3.33404E-1 3.66591E-1 4.48636E-1 5.11848E-1 4.14704E-1 3.91551E-1 3.7508E-1 3.19117E-1 3.5669E-1 4.46018E-1 5.05969E-1 4.53393E-1 3.00534E-1 3.12413E-1 2.50631E-1 1.4029E-1 2.61989E-1 3.63167E-1 5.56207E-1 5.73217E-1 5.38442E-1 4.93079E-1 5.94296E-1 6.25309E-1 6.24395E-1 5.54104E-1 6.26807E-1 4.0958E-1 6.15967E-1 5.79626E-1 5.61515E-1 5.32519E-1 3.55913E-1 4.50416E-1 4.97905E-1 5.78171E-1 6.40844E-1 7.00564E-1 5.78254E-1 6.36488E-1 6.03493E-1 5.33719E-1 4.48057E-1 4.05464E-1 3.91709E-1 4.14918E-1 4.03832E-1 3.55294E-1 2.92932E-1 2.19242E-1 1.67536E-1 1.77097E-1 1.76526E-1 2.32419E-1 2.8081E-1 2.26879E-1 4.59863E-1 4.07201E-1 4.55323E-1 4.32284E-1
4.16479E-1 4.5915E-1 5.13838E-1 5.4301E-1 5.07029E-1 4.21941E-1 4.10509E-1 3.62724E-1 3.9391E-1 5.02885E-1 5.67758E-1 6.08043E-1 5.57111E-1 4.9948E-1 4.73526E-1 3.57054E-1 2.95747E-1 5.97478E-1 6.90113E-1 6.70352E-1 6.1898E-1 2.70489E-1 3.62076E-1 3.67758E-1 6.5731E-1 4.31706E-1 5.85587E-1 6.04541E-1 5.74131E-1 5.823E-1 5.62704E-1 5.47105E-1 4.59174E-1 4.49214E-1 4.69709E-1 4.98042E-1 5.66127E-1 5.90188E-1 5.53839E-1 5.37188E-1 5.76385E-1 5.66125E-1 5.07052E-1 4.43176E-1 4.17331E-1 4.30646E-1 4.16189E-1 3.55638E-1 2.98643E-1 2.52579E-1 2.29694E-1 2.49126E-1 2.80997E-1 3.27547E-1 5.01202E-1 5.27299E-1 5.52527E-1 4.46188E-1 3.0275E-1 4.86739E-1
4.57583E-1 5.02377E-1 5.33385E-1 5.39037E-1 5.72226E-1 5.4155E-1 5.06434E-1 4.34496E-1 4.16643E-1 5.4994E-1 4.59194E-1 5.94409E-1 6.27686E-1 5.74378E-1 5.67778E-1 6.58453E-1 6.31148E-1 6.53136E-1 7.19286E-1 6.98346E-1 5.59966E-1 3.4384E-1 3.47203E-1 6.12764E-1 6.69531E-1 4.52447E-1 5.19443E-1 5.81991E-1 4.40287E-1 6.06504E-1 5.31785E-1 3.92554E-1 4.24621E-1 4.53957E-1 4.62678E-1 4.77728E-1 5.30654E-1 3.44998E-1 5.37573E-1 5.25493E-1 5.862E-1 5.57059E-1 5.11037E-1 4.4975E-1 4.15772E-1 3.74874E-1 3.31094E-1 2.79932E-1 2.89897E-1 2.41876E-1 2.27763E-1 3.55804E-1 3.82296E-1 4.71978E-1 5.37247E-1 3.98189E-1 4.13385E-1 2.24834E-1 2.46837E-1 2.03576E-1
5.12325E-1 5.69331E-1 5.92066E-1 5.8701E-1 6.11933E-1 5.94894E-1 5.72444E-1 4.67695E-1 4.18494E-1 5.61958E-1 6.08528E-1 6.59633E-1 5.36722E-1 4.23553E-1 5.87281E-1 6.71966E-1 7.23545E-1 4.499E-1 7.31088E-1 7.30277E-1 6.14884E-1 4.09165E-1 3.52673E-1 5.60031E-1 6.52612E-1 3.24897E-1 4.69851E-1 5.63976E-1 5.88039E-1 4.71757E-1 5.92464E-1 2.95125E-1 4.78125E-1 4.72947E-1 4.83111E-1 4.72895E-1 2.33563E-1 4.42613E-1 4.81355E-1 4.93144E-1 5.91178E-1 5.33336E-1 4.93216E-1 4.00363E-1 3.21557E-1 2.68967E-1 2.56059E-1 2.55843E-1 2.41277E-1 2.76795E-1 2.62326E-1 4.12742E-1 4.41068E-1 4.94495E-1 2.53638E-1 4.95189E-1 1.75411E-1 2.79336E-1 1.96903E-1 1.49485E-1
5.6849E-1 6.45161E-1 6.42631E-1 6.33007E-1 6.60223E-1 3.94326E-1 3.68466E-1 2.55538E-1 4.54E-1 6.35795E-1 6.15315E-1 6.28715E-1 6.22197E-1 3.31347E-1 2.79293E-1 3.83377E-1 4.87864E-1 6.15923E-1 5.10774E-1 6.44338E-1 4.42529E-1 4.11972E-1 3.86136E-1 3.6743E-1 4.91115E-1 2.99269E-1 3.81992E-1 5.37594E-1 5.39373E-1 5.24532E-1 5.85986E-1 4.98134E-1 3.496E-1 2.61336E-1 4.25584E-1 4.43321E-1 3.02765E-1 4.69285E-1 4.36278E-1 5.85751E-1 6.28488E-1 5.60608E-1 4.82464E-1 3.66107E-1 3.37489E-1 2.67591E-1 2.53809E-1 2.57528E-1 3.3767E-1 4.3061E-1 3.90525E-1 4.44871E-1 4.80078E-1 3.92258E-1 5.95745E-1 3.76876E-1 2.25768E-1 3.15774E-1 2.30448E-1 2.26666E-1
5.65118E-1 5.99306E-1 5.15827E-1 5.03439E-1 4.57675E-1 5.62396E-1 4.98734E-1 4.25348E-1 4.43743E-1 5.75773E-1 6.54757E-1 6.63386E-1 5.88464E-1 1.1595E-1 3.10315E-1 5.83694E-1 5.40206E-1 4.55766E-1 5.25283E-1 3.86263E-1 4.19922E-1 2.48686E-1 2.63011E-1 4.78073E-1 6.13855E-1 3.21184E-1 5.34264E-1 5.93628E-1 2.25554E-1 4.48891E-1 4.29046E-1 4.75846E-1 5.57298E-1 5.65271E-1 3.58266E-1 3.43187E-1 5.77783E-1 5.48066E-1 5.39486E-1 6.27066E-1 6.80425E-1 6.19963E-1 5.6645E-1 4.92123E-1 4.65443E-1 3.30597E-1 2.902E-1 2.5268E-1 2.92269E-1 4.27902E-1 4.4556E-1 4.82119E-1 5.05012E-1 4.80104E-1 5.44736E-1 4.91251E-1 3.53591E-1 3.52029E-1 2.79933E-1 2.44223E-1
7.14958E-1 7.29931E-1 7.41827E-1 5.21828E-1 4.29774E-1 6.36992E-1 5.50161E-1 5.61728E-1 5.98501E-1 6.78072E-1 6.70028E-1 5.03925E-1 3.638E-1 2.38701E-1 3.73246E-1 5.4281E-1 3.83625E-1 3.69747E-1 3.3418E-1 4.35299E-1 2.11042E-1 4.94929E-1 5.73256E-1 5.11232E-1 5.38672E-1 2.05497E-1 4.42652E-1 5.5636E-1 4.37873E-1 3.50819E-1 2.2814E-1 4.0656E-1 5.39483E-1 5.81586E-1 6.35593E-1 6.48052E-1 6.42198E-1 6.42672E-1 6.02383E-1 4.79715E-1 6.64099E-1 5.79811E-1 5.25274E-1 4.6522E-1 4.1333E-1 2.88857E-1 2.14422E-1 1.47939E-1 1.51779E-1 2.51881E-1 3.59836E-1 4.44674E-1 4.99492E-1 5.70117E-1 5.04389E-1 5.57204E-1 4.49403E-1 4.13196E-1 3.91825E-1 4.52159E-1
4.52329E-1 5.20396E-1 5.58726E-1 2.65781E-1 4.47049E-1 5.25176E-1 5.82986E-1 6.02912E-1 6.26615E-1 6.63302E-1 6.19882E-1 3.92391E-1 3.9725E-1 2.25769E-1 4.43416E-1 3.59029E-1 4.75579E-1 2.46817E-1 4.27919E-1 4.61203E-1 4.74436E-1 4.35885E-1 5.12803E-1 4.23997E-1 3.93127E-1 3.0015E-1 3.79861E-1 4.8881E-1 4.8355E-1 4.59359E-1 4.94617E-1 5.58652E-1 5.54991E-1 5.93234E-1 5.25152E-1 6.3073E-1 5.84257E-1 5.63979E-1 6.1671E-1 6.75024E-1 6.91434E-1 5.55942E-1 5.38566E-1 4.78111E-1 4.6592E-1 3.22784E-1 1.79978E-1 1.16997E-1 1.18277E-1 2.17618E-1 3.4223E-1 3.99712E-1 4.58163E-1 4.99333E-1 5.14784E-1 5.59195E-1 3.81862E-1 5.7324E-1 5.67953E-1 4.53477E-1
6.00007E-1 5.9335E-1 5.08878E-1 4.79757E-1 4.43221E-1 5.04568E-1 5.87708E-1 5.67836E-1 6.15682E-1 6.35793E-1 5.89525E-1 4.40852E-1 3.86681E-1 2.3296E-1 3.51234E-1 2.39665E-1 3.17035E-1 3.96121E-1 4.4473E-1 4.62777E-1 4.70242E-1 3.41406E-1 4.29356E-1 5.99841E-1 1.34334E-1 3.10606E-1 2.00313E-1 4.20605E-1 4.66126E-1 4.27704E-1 4.70758E-1 4.59455E-1 4.99785E-1 5.64367E-1 4.50294E-1 6.06038E-1 5.44334E-1 5.014E-1 6.23836E-1 6.52095E-1 6.235E-1 5.43071E-1 5.22902E-1 4.83892E-1 4.60681E-1 2.57239E-1 2.02986E-1 1.01013E-1 1.6861E-1 1.84967E-1 2.56422E-1 3.71898E-1 4.09029E-1 3.83243E-1 5.16877E-1 5.7459E-1 3.48957E-1 5.69974E-1 5.16402E-1 2.86476E-1
3.46911E-1 3.08185E-1 5.03191E-1 4.66213E-1 4.49108E-1 4.84961E-1 5.60685E-1 5.76677E-1 6.09822E-1 6.21269E-1 5.48605E-1 5.39941E-1 5.10889E-1 2.4651E-1 2.63843E-1 4.92565E-1 4.79065E-1 4.57405E-1 5.26719E-1 4.65486E-1 4.36457E-1 5.65008E-1 5.3744E-1 4.13403E-1 3.4211E-1 4.59548E-1 4.80164E-1 4.26084E-1 4.23629E-1 3.89771E-1 4.25793E-1 4.53595E-1 3.84703E-1 3.55405E-1 4.98295E-1 5.11101E-1 4.4735E-1 4.19459E-1 6.31756E-1 6.35228E-1 6.1446E-1 5.34979E-1 5.28484E-1 4.30806E-1 4.0225E-1 3.22498E-1 2.46234E-1 1.70809E-1 1.72843E-1 1.99757E-1 2.47228E-1 3.54855E-1 4.0089E-1 2.72228E-1 5.24071E-1 3.41353E-1 5.27864E-1 5.44906E-1 3.94667E-1 3.15037E-1
3.96886E-1 4.13385E-1 3.40107E-1 5.01536E-1 5.90213E-1 5.85919E-1 6.10132E-1 5.90536E-1 5.6638E-1 5.44316E-1 5.37667E-1 6.0587E-1 6.28575E-1 3.96713E-1 5.23734E-1 5.38494E-1 4.942E-1 4.89128E-1 5.96364E-1 5.94782E-1 6.11711E-1 6.02748E-1 5.78219E-1 1.21966E-1 4.21534E-1 4.49955E-1 4.78196E-1 2.77239E-1 4.58507E-1 4.06143E-1 3.8737E-1 3.14874E-1 3.65205E-1 3.22558E-1 2.32009E-1 2.18806E-1 1.59197E-1 1.74146E-1 3.32566E-1 5.41392E-1 5.35459E-1 4.99989E-1 4.58096E-1 3.44183E-1 3.46843E-1 2.79584E-1 2.59698E-1 2.23964E-1 2.06012E-1 2.48145E-1 2.66321E-1 3.45165E-1 4.15574E-1 8.16108E-2 3.81768E-1 3.85683E-1 3.32247E-1 3.77984E-1 3.76929E-1 3.03142E-1
4.09653E-1 3.89084E-1 4.55062E-1 4.83734E-1 6.35473E-1 6.25479E-1 6.60724E-1 6.44331E-1 5.80479E-1 5.55443E-1 5.84699E-1 6.34077E-1 5.76213E-1 5.16967E-1 5.0809E-1 5.91234E-1 5.38219E-1 4.9342E-1 5.26734E-1 6.67434E-1 6.78534E-1 4.94024E-1 5.90124E-1 -9999 5.26377E-1 5.55889E-1 5.89665E-1 6.06907E-1 4.62942E-1 5.80317E-1 5.17222E-1 3.57585E-1 4.71788E-1 3.85663E-1 2.55689E-1 2.35022E-1 2.15416E-1 2.02903E-1 5.4907E-1 5.94571E-1 5.57333E-1 5.02406E-1 4.58899E-1 3.99536E-1 4.09097E-1 2.79299E-1 2.62128E-1 2.36501E-1 2.59729E-1 3.96388E-1 4.57258E-1 4.84266E-1 4.88342E-1 1.16135E-1 2.39557E-1 2.06563E-1 1.1747E-1 3.16727E-1 4.03455E-1 2.70391E-1
5.68183E-1 5.07011E-1 2.73591E-1 5.40764E-1 6.08462E-1 6.52884E-1 6.99063E-1 6.85199E-1 5.47056E-1 5.0131E-1 4.85289E-1 4.38424E-1 4.0724E-1 2.68839E-1 5.18455E-1 4.21833E-1 5.59183E-1 5.37047E-1 6.68444E-1 6.77676E-1 5.12173E-1 7.00334E-1 3.03924E-1 3.06735E-1 5.56415E-1 5.02499E-1 4.83153E-1 4.91675E-1 5.53153E-1 5.60319E-1 4.79361E-1 3.19999E-1 3.10768E-1 2.50613E-1 2.04528E-1 2.38586E-1 -9999 -9999 6.22695E-1 6.35955E-1 5.95224E-1 5.4303E-1 5.21819E-1 4.37577E-1 3.59625E-1 2.80645E-1 2.58391E-1 2.7293E-1 3.07094E-1 3.77671E-1 4.32886E-1 5.12863E-1 5.31503E-1 3.49682E-1 3.03432E-1 3.06718E-1 3.16864E-1 4.16921E-1 4.83202E-1 2.71373E-1
5.33098E-1 4.93555E-1 5.33837E-1 5.85592E-1 5.39799E-1 7.0014E-1 7.22649E-1 6.93447E-1 5.28862E-1 5.02973E-1 5.10257E-1 5.091E-1 3.00194E-1 4.56112E-1 4.02896E-1 4.20704E-1 2.8625E-1 5.22594E-1 6.09624E-1 4.67752E-1 6.64142E-1 6.70537E-1 6.82984E-1 6.55901E-1 5.54158E-1 4.97739E-1 5.34431E-1 5.34461E-1 5.05541E-1 5.80276E-1 4.50969E-1 3.20213E-1 3.21415E-1 2.37925E-1 1.78486E-1 2.35793E-1 4.15072E-1 2.57193E-1 7.54626E-1 6.75477E-1 6.39119E-1 5.87033E-1 5.61045E-1 4.29539E-1 2.46532E-1 1.73454E-1 1.85968E-1 3.81117E-1 4.25809E-1 4.72396E-1 5.01447E-1 5.45025E-1 6.27639E-1 5.36151E-1 4.8623E-1 3.43458E-1 3.73578E-1 3.02765E-1 4.84105E-1 4.27779E-1
5.92864E-1 5.02185E-1 5.08785E-1 6.81424E-1 5.38274E-1 7.63078E-1 7.09045E-1 4.7191E-1 5.64969E-1 6.2953E-1 6.22477E-1 4.37463E-1 5.46644E-1 5.06981E-1 4.01161E-1 4.20769E-1 5.35208E-1 5.05823E-1 5.65777E-1 7.01959E-1 6.55658E-1 6.53676E-1 5.33188E-1 6.39076E-1 5.33179E-1 4.9007E-1 5.44804E-1 5.79411E-1 4.49844E-1 5.90211E-1 4.41006E-1 4.43703E-1 3.68318E-1 3.57425E-1 3.13022E-1 3.90424E-1 4.82796E-1 4.50696E-1 6.73943E-1 7.33082E-1 6.82866E-1 6.18988E-1 5.93808E-1 3.87924E-1 2.64037E-1 1.59263E-1 2.09322E-1 3.15599E-1 3.76433E-1 4.94222E-1 5.24938E-1 5.50655E-1 4.69709E-1 5.55111E-1 4.59851E-1 2.76346E-1 3.4013E-1 1.8486E-1 4.57232E-1 4.23718E-1
5.81307E-1 4.9069E-1 5.5811E-1 7.02807E-1 7.95936E-1 6.80629E-1 6.01788E-1 3.73537E-1 5.89956E-1 7.2693E-1 6.23665E-1 6.86832E-1 5.4216E-1 4.90911E-1 4.25751E-1 4.4202E-1 5.03514E-1 5.72707E-1 6.75955E-1 6.72942E-1 6.69093E-1 6.42643E-1 5.43118E-1 5.23117E-1 5.0218E-1 5.36313E-1 6.21734E-1 5.3078E-1 6.55194E-1 6.13611E-1 4.72648E-1 5.53605E-1 4.12625E-1 3.93781E-1 3.47357E-1 3.96997E-1 5.46446E-1 7.12223E-1 7.75363E-1 5.77668E-1 6.84094E-1 6.17921E-1 6.1069E-1 4.18997E-1 2.77878E-1 1.80178E-1 2.64644E-1 4.2649E-1 4.67721E-1 5.19765E-1 5.63847E-1 6.00876E-1 2.52648E-1 4.45078E-1 3.2371E-1 2.36897E-1 3.0256E-1 1.57379E-1 2.13403E-1 3.94732E-1
5.33866E-1 4.86553E-1 6.06212E-1 7.46037E-1 7.90204E-1 7.30008E-1 4.27029E-1 4.79796E-1 6.82692E-1 7.7498E-1 6.35456E-1 6.85259E-1 5.51356E-1 5.09407E-1 4.4139E-1 5.19013E-1 5.78747E-1 5.4953E-1 6.32462E-1 6.45632E-1 6.43235E-1 6.16E-1 6.58415E-1 5.57486E-1 6.12228E-1 6.34204E-1 6.66823E-1 6.41579E-1 6.37311E-1 6.27341E-1 3.83015E-1 5.17036E-1 4.27759E-1 4.33552E-1 3.19125E-1 3.81367E-1 5.05603E-1 6.69131E-1 6.76024E-1 5.18735E-1 6.45059E-1 5.7953E-1 5.79969E-1 3.53509E-1 2.7237E-1 2.12431E-1 2.91669E-1 3.83357E-1 4.65522E-1 5.3189E-1 5.8118E-1 5.23824E-1 2.05122E-1 4.64104E-1 3.8377E-1 3.18384E-1 3.59306E-1 1.58695E-1 2.1797E-1 1.88331E-1
5.58115E-1 4.85602E-1 5.2504E-1 6.77596E-1 6.94068E-1 5.79931E-1 5.82303E-1 5.41056E-1 7.79344E-1 6.04498E-1 7.3288E-1 6.50794E-1 5.60563E-1 5.46231E-1 4.72831E-1 5.13785E-1 5.82916E-1 5.94781E-1 6.12737E-1 5.74699E-1 5.11016E-1 4.93372E-1 4.78094E-1 3.86202E-1 6.2904E-1 5.96972E-1 6.22074E-1 6.14614E-1 6.21846E-1 6.25281E-1 2.70994E-1 3.61415E-1 2.94438E-1 3.6937E-1 3.00669E-1 4.17874E-1 5.4332E-1 6.58209E-1 7.03539E-1 6.47964E-1 6.17689E-1 6.0374E-1 5.54833E-1 3.30924E-1 2.75527E-1 3.05754E-1 3.35056E-1 4.24306E-1 4.63218E-1 5.34674E-1 6.01475E-1 4.33545E-1 3.94055E-1 5.66858E-1 4.49285E-1 3.78296E-1 3.93727E-1 1.57259E-1 2.7347E-1 2.61579E-1
6.16082E-1 5.19437E-1 4.02668E-1 4.14545E-1 6.26809E-1 6.95144E-1 7.561E-1 7.91246E-1 6.61779E-1 7.72726E-1 6.91575E-1 6.91778E-1 5.83311E-1 5.57397E-1 4.99001E-1 5.51192E-1 6.10208E-1 5.61339E-1 4.26259E-1 3.13238E-1 3.59074E-1 3.61522E-1 4.13954E-1 3.6045E-1 5.93568E-1 5.95957E-1 6.36983E-1 6.38346E-1 6.37751E-1 6.34832E-1 3.01953E-1 2.79199E-1 2.03075E-1 2.29209E-1 3.69826E-1 5.85785E-1 6.23437E-1 5.61927E-1 6.97427E-1 5.9825E-1 5.78525E-1 5.66799E-1 4.83699E-1 3.3254E-1 3.28026E-1 4.35931E-1 3.88645E-1 5.02041E-1 4.09354E-1 5.52828E-1 5.18208E-1 5.90404E-1 5.03401E-1 5.6836E-1 4.54709E-1 4.34483E-1 3.9147E-1 1.53464E-1 2.45615E-1 2.29454E-1
6.67112E-1 6.26014E-1 6.2129E-1 4.80587E-1 6.00622E-1 5.92416E-1 7.50762E-1 6.12756E-1 7.90308E-1 7.62194E-1 6.73229E-1 6.13431E-1 5.73407E-1 5.54318E-1 4.97219E-1 5.10661E-1 5.17348E-1 3.30121E-1 1.61426E-1 2.01911E-1 2.90515E-1 3.42901E-1 4.28642E-1 4.8675E-1 6.31323E-1 6.36962E-1 6.40611E-1 5.87138E-1 6.20591E-1 4.60315E-1 4.98881E-1 3.2986E-1 2.72454E-1 2.67512E-1 3.2937E-1 5.07373E-1 6.41791E-1 5.50916E-1 3.18014E-1 5.70719E-1 5.46342E-1 5.38116E-1 4.52571E-1 3.51169E-1 3.67121E-1 4.91098E-1 5.27115E-1 5.53448E-1 4.76467E-1 5.51548E-1 5.1264E-1 5.65202E-1 5.20454E-1 4.71089E-1 5.10399E-1 3.55389E-1 2.38414E-1 1.63707E-1 1.78245E-1 1.83289E-1
4.78786E-1 6.89313E-1 6.79051E-1 5.3843E-1 3.21815E-1 7.72529E-1 8.14942E-1 7.97816E-1 7.38839E-1 7.26776E-1 6.34093E-1 4.48779E-1 4.54282E-1 5.36595E-1 4.85306E-1 4.52393E-1 2.94118E-1 2.27696E-1 -9999 1.84247E-1 2.27192E-1 2.76875E-1 3.07095E-1 2.62243E-1 5.90983E-1 5.85572E-1 5.85964E-1 6.0522E-1 5.62385E-1 4.37415E-1 3.12633E-1 2.65316E-1 2.16528E-1 3.51618E-1 4.30223E-1 5.35641E-1 6.14908E-1 6.00839E-1 6.29752E-1 3.8941E-1 6.25317E-1 5.08831E-1 4.73243E-1 3.78487E-1 4.94336E-1 5.32624E-1 5.71808E-1 5.89529E-1 3.00729E-1 3.60344E-1 5.70348E-1 5.35514E-1 4.69704E-1 1.51737E-1 5.34739E-1 4.3785E-1 1.76757E-1 2.02793E-1 2.24577E-1 1.63825E-1
2.82848E-1 6.39171E-1 5.49108E-1 5.6449E-1 6.46024E-1 7.54715E-1 7.62985E-1 6.78864E-1 6.61515E-1 6.50539E-1 5.71699E-1 4.52123E-1 3.12424E-1 2.62802E-1 2.36031E-1 2.51954E-1 -9999 -9999 2.01006E-1 1.99236E-1 1.86316E-1 2.35131E-1 2.862E-1 9.52369E-2 5.76107E-1 5.37082E-1 5.63767E-1 5.98416E-1 3.62353E-1 3.5166E-1 2.67938E-1 3.79195E-1 3.66598E-1 4.66027E-1 4.90239E-1 4.17277E-1 4.97662E-1 4.30422E-1 3.08252E-1 3.30975E-1 4.88751E-1 2.8976E-1 3.88854E-1 2.01229E-1 2.35169E-1 4.26358E-1 5.26097E-1 5.82173E-1 3.15041E-1 4.13825E-1 3.27771E-1 4.0128E-1 3.64172E-1 2.16406E-1 3.95252E-1 3.07306E-1 2.91022E-1 2.10298E-1 1.97081E-1 2.10063E-1
3.15281E-1 3.03281E-1 6.36807E-1 5.68887E-1 7.25692E-1 7.39191E-1 6.96902E-1 5.70393E-1 6.34963E-1 6.11025E-1 5.33059E-1 4.86549E-1 3.66318E-1 3.5421E-1 3.13616E-1 3.10916E-1 2.59315E-1 2.31502E-1 2.27385E-1 2.51335E-1 2.73025E-1 3.11341E-1 4.048E-1 5.81341E-1 5.7227E-1 5.01705E-1 5.34181E-1 5.52027E-1 3.92158E-1 3.4481E-1 3.10568E-1 3.8918E-1 5.25615E-1 4.34244E-1 5.58262E-1 5.0934E-1 5.03816E-1 5.27524E-1 3.4464E-1 5.67276E-1 5.05784E-1 3.19589E-1 4.10308E-1 3.14699E-1 2.3833E-1 3.82457E-1 4.59535E-1 5.33776E-1 4.10762E-1 5.19767E-1 3.50098E-1 3.53994E-1 3.91568E-1 2.04434E-1 4.24007E-1 2.98779E-1 3.91712E-1 2.6286E-1 2.95897E-1 1.34027E-1
5.14956E-1 4.55186E-1 6.97551E-1 6.48776E-1 7.27337E-1 7.0374E-1 6.2401E-1 5.1705E-1 5.64443E-1 5.87332E-1 6.05622E-1 5.65785E-1 4.93205E-1 5.351E-1 4.41732E-1 4.36408E-1 3.2262E-1 3.4651E-1 3.6309E-1 3.75136E-1 2.94198E-1 3.11466E-1 4.30876E-1 4.48396E-1 4.91751E-1 4.16873E-1 4.29548E-1 4.63054E-1 3.99156E-1 4.0571E-1 3.07168E-1 3.82325E-1 4.87224E-1 5.01871E-1 6.08696E-1 3.88245E-1 3.73399E-1 4.90054E-1 5.61849E-1 5.42165E-1 5.13162E-1 2.25501E-1 3.13921E-1 4.6649E-1 2.65151E-1 4.27509E-1 2.94464E-1 1.44413E-1 3.75313E-1 4.02497E-1 3.28768E-1 2.16057E-1 3.06981E-1 2.81258E-1 4.50394E-1 2.51781E-1 4.24986E-1 3.17087E-1 3.56348E-1 1.91831E-1
