Phytophthora/models/20240430_1626_40/Phytophthora_PA3_RUN5_MAXENT_outputs/Phytophthora_PA3_RUN5.asc
ncols         225
nrows         269
xllcorner     473000.0
yllcorner     4429100.0
cellsize      50.0
NODATA_value  -9999
[rows 189 to 215 of 269, columns 120 to 179 of 225]
2.15115E-1 2.04906E-1 1.72176E-1 2.62982E-1 2.51283E-1 1.83023E-1 2.92134E-1 3.33342E-1 3.20539E-1 4.00943E-1 4.11536E-1 4.33515E-1 4.96611E-1 4.63027E-1 4.38562E-1 4.71432E-1 3.28701E-1 2.84818E-1 4.9068E-1 4.71045E-1 1.39722E-1 1.23921E-1 1.09436E-1 5.54589E-2 3.20514E-2 5.1829E-2 5.96558E-2 5.46517E-2 4.74828E-2 4.96455E-2 1.51967E-1 1.66676E-1 2.00764E-1 2.97729E-1 3.70708E-1 4.51963E-1 5.12686E-1 5.11064E-1 4.70212E-1 4.42635E-1 4.03284E-1 2.99613E-1 2.65828E-1 -9999 1.01763E-1 1.60778E-1 1.31642E-1 1.24486E-1 1.40748E-1 2.39325E-1 2.4975E-1 3.24185E-1 3.35128E-1 3.72054E-1 4.54808E-1 4.87153E-1 4.89224E-1 4.66988E-1 4.78647E-1 2.98058E-1
1.41528E-1 3.33728E-1 3.22359E-1 2.80074E-1 2.61902E-1 2.75802E-1 9.06103E-2 3.56657E-1 3.34612E-1 4.34235E-1 4.50273E-1 4.68518E-1 5.43043E-1 4.99367E-1 4.8925E-1 5.05218E-1 1.77055E-1 5.78488E-1 4.9854E-1 4.53311E-1 1.37E-1 1.12152E-1 6.90562E-2 4.25576E-2 2.64219E-2 1.28333E-1 4.17932E-2 9.49158E-2 4.94533E-2 5.9029E-2 1.84637E-1 2.14109E-1 1.80282E-1 1.92634E-1 2.4372E-1 3.3616E-1 4.52714E-1 4.47442E-1 3.88275E-1 4.09902E-1 3.60368E-1 2.85297E-1 3.18781E-1 2.34968E-2 1.33661E-1 1.61497E-1 1.55184E-1 1.95983E-1 2.20558E-1 3.23207E-1 2.94453E-1 3.66685E-1 3.71975E-1 3.91133E-1 4.34489E-1 4.5056E-1 4.7475E-1 4.50996E-1 4.55819E-1 3.38913E-1
2.09482E-1 2.39807E-1 1.32758E-1 1.89436E-1 2.10513E-1 1.9965E-1 1.84631E-1 2.60684E-1 2.56281E-1 3.07293E-1 2.62756E-1 2.78489E-1 3.35925E-1 3.18238E-1 2.99402E-1 1.71792E-1 3.13286E-1 3.0628E-1 2.54659E-1 2.72028E-1 3.44879E-1 2.92694E-1 2.14687E-1 1.31815E-1 9.20077E-2 1.58232E-1 1.33623E-1 1.61563E-1 1.71288E-1 2.5882E-1 2.76758E-1 2.47982E-1 2.06591E-1 2.15357E-1 2.79915E-1 2.49616E-1 2.56106E-1 2.74204E-1 2.92779E-1 4.17496E-1 4.03112E-1 3.94558E-1 3.72746E-1 2.98971E-1 4.07102E-2 1.37111E-1 1.36815E-1 2.51501E-1 2.7611E-1 3.22468E-1 3.57807E-1 4.08297E-1 3.99044E-1 4.11248E-1 4.68223E-1 4.90906E-1 5.45215E-1 4.68062E-1 4.62316E-1 3.44546E-1
1.35639E-1 1.80259E-1 1.24671E-1 1.83013E-1 2.15552E-1 1.98979E-1 2.52669E-1 3.33298E-1 2.74626E-1 3.19914E-1 2.81363E-1 2.60029E-1 2.76515E-1 1.27772E-1 4.12746E-2 2.13495E-1 1.13028E-1 1.67651E-1 2.19921E-1 2.11804E-1 2.76577E-1 2.29648E-1 1.95768E-1 1.56861E-1 1.58603E-1 1.84696E-1 1.20593E-1 1.61469E-1 2.1484E-1 2.93196E-1 2.22882E-1 2.12002E-1 1.95826E-1 1.91506E-1 2.58749E-1 2.26143E-1 2.54984E-1 2.7716E-1 3.4773E-1 4.2048E-1 3.71487E-1 3.77457E-1 3.60374E-1 3.22934E-1 1.92063E-1 -9999 -9999 7.90639E-2 1.9551E-1 3.25671E-1 3.71921E-1 4.2605E-1 4.29222E-1 4.28116E-1 4.5174E-1 5.2157E-1 5.45913E-1 3.64572E-1 4.74018E-1 3.90756E-1
1.90425E-1 1.81905E-1 1.85024E-1 1.79538E-1 1.88387E-1 1.96652E-1 2.28415E-1 3.2415E-1 3.26607E-1 3.39698E-1 1.64991E-1 6.65307E-2 1.30853E-1 1.09355E-1 1.5458E-1 3.58191E-1 2.86207E-1 1.34815E-1 2.22464E-1 2.21474E-1 2.785E-1 2.40606E-1 2.10244E-1 2.18367E-1 2.07093E-1 2.50748E-1 1.81402E-1 2.69746E-1 2.72493E-1 3.72073E-1 3.02468E-1 2.75102E-1 2.34326E-1 2.46192E-1 3.22321E-1 3.06034E-1 3.39379E-1 3.38151E-1 3.64848E-1 4.11301E-1 3.55587E-1 3.59807E-1 3.50027E-1 3.0122E-1 2.8455E-1 7.15773E-2 -9999 -9999 1.21779E-1 1.37932E-1 2.16338E-1 1.87089E-1 1.24581E-1 2.44253E-1 5.30456E-1 4.67719E-1 3.99549E-1 4.63383E-1 4.76307E-1 4.54755E-1
2.0828E-1 2.15844E-1 1.45564E-1 2.02658E-1 1.9447E-1 2.13051E-1 2.58677E-1 3.33798E-1 2.24501E-1 9.32453E-2 1.59351E-1 1.48681E-1 1.4642E-1 9.93914E-2 9.54796E-2 8.74976E-2 2.85176E-1 3.05245E-1 2.90986E-1 2.86972E-1 3.89603E-1 3.67111E-1 3.41549E-1 2.92357E-1 2.61056E-1 3.06617E-1 3.39195E-1 3.80068E-1 3.1577E-1 3.00503E-1 2.76694E-1 2.71922E-1 3.00925E-1 2.95061E-1 3.47277E-1 3.35584E-1 3.77174E-1 3.74231E-1 3.75601E-1 3.86801E-1 3.27285E-1 3.06289E-1 2.73622E-1 2.72656E-1 2.6433E-1 2.79683E-1 1.9457E-1 2.25143E-1 2.36042E-1 3.70511E-1 4.25542E-1 4.17307E-1 4.77968E-1 2.78911E-1 4.67941E-1 5.45446E-1 4.30077E-1 3.38828E-1 4.36813E-1 5.05756E-1
2.34971E-1 2.37689E-1 1.86636E-1 2.43154E-1 2.25076E-1 2.33366E-1 2.88214E-1 3.88215E-1 3.37328E-1 2.44672E-1 1.2047E-1 1.21545E-1 1.20676E-1 7.24374E-2 9.6312E-2 8.24879E-2 3.56212E-1 1.47938E-1 9.5579E-2 2.64042E-1 4.07495E-1 3.58376E-1 2.76562E-1 2.37158E-1 2.21742E-1 3.52006E-1 2.93669E-1 4.56904E-1 4.43913E-1 3.93576E-1 1.82781E-1 1.96296E-1 3.99649E-1 4.30454E-1 4.60094E-1 3.94323E-1 4.18847E-1 4.28567E-1 4.48189E-1 4.69242E-1 3.95513E-1 3.64171E-1 3.45563E-1 3.08018E-1 2.7188E-1 2.27283E-1 2.53891E-1 2.99396E-1 3.48423E-1 3.30737E-1 3.24248E-1 4.71373E-1 4.60068E-1 3.05243E-1 4.9223E-1 4.72729E-1 3.79537E-1 3.37224E-1 2.44727E-1 4.04011E-1
3.14945E-1 2.71513E-1 2.22761E-1 1.78935E-1 2.14565E-1 3.14142E-1 3.33172E-1 2.35766E-1 7.65492E-2 2.45899E-1 1.22857E-1 1.01624E-1 8.59994E-2 7.64206E-2 1.38594E-1 2.18908E-1 2.45366E-1 2.34231E-1 2.06294E-1 2.48841E-1 1.64318E-1 3.5773E-1 3.27908E-1 3.01111E-1 2.85885E-1 3.78952E-1 4.46627E-1 4.8969E-1 4.89954E-1 3.87797E-1 2.23983E-1 2.25399E-1 4.21168E-1 4.44663E-1 4.91825E-1 3.31308E-1 4.39787E-1 4.59596E-1 4.62116E-1 4.51423E-1 3.54745E-1 3.22482E-1 3.09567E-1 2.62115E-1 1.77458E-1 2.35248E-1 2.63523E-1 2.16671E-1 2.03949E-1 2.95047E-1 3.52942E-1 3.41827E-1 3.73692E-1 2.8536E-1 4.6523E-1 3.41534E-1 2.97671E-1 2.09419E-1 1.17824E-1 1.71065E-1
3.99223E-1 3.12936E-1 2.18319E-1 1.2555E-1 2.03565E-1 2.04858E-1 2.72143E-1 2.89042E-1 6.34591E-2 1.9384E-1 6.47305E-2 5.21234E-2 4.42564E-2 5.20207E-2 9.2814E-2 2.43425E-1 3.71995E-1 2.09621E-1 2.13145E-1 1.90078E-1 2.58471E-1 3.10733E-1 3.32051E-1 3.06968E-1 3.05609E-1 4.37672E-1 4.83545E-1 5.38737E-1 4.5341E-1 3.94806E-1 2.72053E-1 2.97742E-1 4.4561E-1 4.65116E-1 3.26645E-1 2.9741E-1 3.53188E-1 4.48947E-1 5.06434E-1 4.96995E-1 4.28731E-1 4.05296E-1 4.08283E-1 4.23674E-1 3.98478E-1 3.88084E-1 2.14357E-1 3.38277E-1 3.35835E-1 3.89546E-1 3.22223E-1 2.27934E-1 2.93625E-1 1.91127E-1 4.28765E-1 3.41685E-1 2.79597E-1 1.3011E-1 1.66289E-1 1.79334E-1
2.94944E-1 2.3266E-1 2.30374E-1 2.16736E-1 1.91115E-1 1.98765E-1 2.37033E-1 3.49528E-1 1.28542E-1 3.14393E-1 8.66865E-2 8.2789E-2 7.04372E-2 7.66599E-2 7.62997E-2 4.25124E-1 1.60304E-1 1.9076E-1 1.66847E-1 2.69432E-1 2.90748E-1 2.68407E-1 3.09313E-1 2.92252E-1 3.45235E-1 4.66991E-1 5.21386E-1 5.51152E-1 4.94975E-1 5.24227E-1 3.73066E-1 3.769E-1 4.19289E-1 2.62437E-1 4.67517E-1 4.42274E-1 4.69895E-1 4.70008E-1 4.06164E-1 4.07041E-1 3.35285E-1 4.51748E-1 4.80409E-1 3.32235E-1 3.38855E-1 3.64836E-1 4.4353E-1 4.40607E-1 4.57341E-1 3.80747E-1 3.47347E-1 4.47323E-1 4.43872E-1 4.143E-1 1.82611E-1 2.38628E-1 1.45828E-1 1.04156E-1 9.33904E-2 1.56106E-1
3.97666E-1 4.19924E-1 1.98073E-1 1.87786E-1 9.36055E-2 1.98029E-1 2.01866E-1 3.34484E-1 3.87185E-1 3.55396E-1 1.87689E-1 1.4796E-1 1.14798E-1 9.66867E-2 9.05696E-2 1.42556E-1 2.19586E-1 1.94882E-1 1.996E-1 1.90294E-1 2.41087E-1 1.52884E-1 2.13731E-1 2.2014E-1 3.42798E-1 5.36569E-1 5.00474E-1 5.89766E-1 5.49909E-1 5.82879E-1 3.77681E-1 2.54375E-1 4.53781E-1 4.01088E-1 4.5308E-1 4.21475E-1 4.22644E-1 4.15066E-1 4.31779E-1 4.73587E-1 3.35967E-1 4.96761E-1 3.51699E-1 3.59455E-1 2.80616E-1 3.80107E-1 4.35271E-1 2.57791E-1 3.89512E-1 4.02964E-1 4.36797E-1 4.06454E-1 3.96734E-1 4.3189E-1 2.56001E-1 1.68699E-1 1.52271E-1 1.47113E-1 1.28267E-1 2.66956E-1
1.51741E-1 3.06777E-1 3.28514E-1 2.7886E-1 1.80285E-1 2.12955E-1 1.60248E-1 8.64089E-2 1.85657E-1 2.78009E-1 1.29017E-1 1.03387E-1 7.51192E-2 6.2529E-2 7.11056E-2 1.19278E-1 1.46344E-1 1.32741E-1 2.37827E-1 1.28896E-1 2.27756E-1 1.36479E-1 1.21429E-1 2.33034E-1 4.30304E-1 5.59233E-1 5.99715E-1 6.09713E-1 6.23762E-1 4.95019E-1 4.1384E-1 4.22416E-1 4.10748E-1 2.52979E-1 3.67524E-1 2.79595E-1 4.46679E-1 4.17131E-1 4.23076E-1 3.65427E-1 3.40437E-1 3.22355E-1 4.75164E-1 4.89628E-1 4.76252E-1 4.80619E-1 4.22571E-1 3.65778E-1 3.76878E-1 3.48619E-1 3.45537E-1 2.83887E-1 2.51533E-1 3.24921E-1 3.62916E-1 1.67115E-1 2.13347E-1 1.7717E-1 2.104E-1 2.80591E-1
8.01935E-2 8.75698E-2 1.28052E-1 1.29519E-1 3.38004E-2 9.05758E-2 1.17409E-1 1.24652E-1 7.5218E-2 1.45649E-1 3.86833E-2 3.41514E-2 2.53527E-2 2.21847E-2 3.02685E-2 1.1328E-1 1.01474E-1 8.83398E-2 1.00486E-1 1.66463E-1 1.92974E-1 2.60872E-1 2.41915E-1 3.39713E-1 5.20115E-1 5.91576E-1 6.47424E-1 6.81325E-1 6.3084E-1 6.5868E-1 5.34317E-1 3.90102E-1 5.50042E-1 5.13952E-1 4.77112E-1 4.09343E-1 2.97919E-1 2.87429E-1 1.53488E-1 3.67976E-1 2.95498E-1 3.27977E-1 3.52126E-1 3.97564E-1 4.09141E-1 3.88209E-1 2.9298E-1 2.32406E-1 1.92456E-1 2.4987E-1 2.82156E-1 2.57766E-1 2.18366E-1 2.29615E-1 8.04908E-2 2.12116E-1 2.66106E-1 2.56112E-1 3.1432E-1 2.89124E-1
7.1803E-2 1.1773E-1 5.66292E-2 1.47444E-1 4.94365E-2 6.6435E-2 7.09584E-2 6.08334E-2 8.49594E-2 1.17474E-1 4.52514E-2 3.3363E-2 3.39072E-2 2.39542E-2 4.41939E-2 1.52774E-1 1.93442E-1 1.71977E-1 1.46742E-1 1.71739E-1 2.30731E-1 3.00094E-1 3.55887E-1 5.27216E-1 5.73882E-1 6.21923E-1 6.59256E-1 7.14801E-1 6.84388E-1 6.20619E-1 4.93499E-1 3.35891E-1 4.97331E-1 4.77797E-1 4.41037E-1 3.70672E-1 4.32635E-1 3.2022E-1 2.94798E-1 2.74705E-1 2.63229E-1 2.70412E-1 2.50905E-1 2.69353E-1 3.04979E-1 2.27788E-1 2.42646E-1 1.29182E-1 1.11143E-1 1.3624E-1 1.88052E-1 2.03566E-1 2.07595E-1 2.03301E-1 1.69763E-1 9.31545E-2 3.28367E-1 2.89461E-1 2.61296E-1 3.28128E-1
7.09452E-2 1.23055E-1 2.02873E-1 1.2227E-1 6.92239E-2 8.03805E-2 8.68124E-2 9.7441E-2 1.1278E-1 1.28596E-1 6.45944E-2 5.39319E-2 4.88531E-2 4.11578E-2 7.36146E-2 2.82361E-1 3.26586E-1 2.92925E-1 1.26931E-1 1.40432E-1 2.49211E-1 4.19518E-1 4.68509E-1 5.37564E-1 5.67245E-1 6.17882E-1 6.58373E-1 6.88105E-1 6.06919E-1 5.48798E-1 4.08909E-1 3.03249E-1 3.74118E-1 4.35291E-1 4.66297E-1 3.84552E-1 4.29617E-1 2.61967E-1 4.0351E-1 3.22989E-1 2.26808E-1 2.59671E-1 2.59903E-1 2.74919E-1 2.44776E-1 9.76046E-2 1.67661E-1 1.56164E-1 1.2903E-1 1.57036E-1 2.14299E-1 2.24034E-1 2.498E-1 2.16922E-1 1.64512E-1 2.54929E-1 2.36019E-1 1.98266E-1 2.08356E-1 2.70937E-1
6.1475E-2 1.1411E-1 3.96116E-2 3.20898E-2 6.92839E-2 1.92797E-1 2.58334E-1 2.50467E-1 2.51009E-1 2.0852E-1 8.23776E-2 6.86442E-2 5.97657E-2 4.62909E-2 6.82934E-2 2.40933E-1 2.58254E-1 1.07178E-1 1.18522E-1 1.20247E-1 2.18536E-1 3.75625E-1 4.88734E-1 5.29917E-1 5.41468E-1 5.98299E-1 6.21432E-1 6.34528E-1 5.53017E-1 5.04692E-1 3.71265E-1 2.70498E-1 3.49587E-1 4.41367E-1 4.86447E-1 2.64499E-1 3.87186E-1 3.88714E-1 3.67737E-1 3.28462E-1 2.56126E-1 2.80082E-1 3.50639E-1 3.41038E-1 2.21626E-1 1.34437E-1 2.01092E-1 1.80889E-1 1.75833E-1 2.06981E-1 2.90583E-1 3.03245E-1 3.19634E-1 2.76971E-1 2.36685E-1 2.34066E-1 2.45945E-1 1.46117E-1 1.85449E-1 2.13078E-1
8.65977E-2 4.22562E-2 1.0555E-1 6.59528E-2 2.05589E-1 1.14639E-1 1.54972E-1 6.36617E-2 1.11917E-1 1.94761E-1 7.46327E-2 6.6071E-2 6.05188E-2 5.19802E-2 7.05303E-2 2.10612E-1 1.6695E-1 1.15078E-1 1.12466E-1 1.20077E-1 2.72777E-1 4.61232E-1 5.29979E-1 5.37746E-1 5.10818E-1 5.70584E-1 5.82639E-1 5.72911E-1 4.89035E-1 4.38297E-1 2.32028E-1 2.04889E-1 3.44481E-1 4.50107E-1 4.93587E-1 2.69665E-1 3.72742E-1 3.25645E-1 2.70902E-1 2.97505E-1 2.9763E-1 3.10583E-1 3.58469E-1 2.76987E-1 3.60727E-1 3.3234E-1 2.52441E-1 1.22973E-1 1.86426E-1 2.49631E-1 3.25979E-1 3.10535E-1 3.393E-1 3.01327E-1 2.66262E-1 2.98488E-1 2.07324E-1 6.92023E-2 7.73949E-2 1.00885E-1
1.58177E-1 1.14999E-1 1.10334E-1 9.80957E-2 6.52229E-2 2.34268E-1 1.47355E-1 1.47649E-1 1.39457E-1 1.70188E-1 1.82571E-1 1.94844E-1 2.02842E-1 1.72507E-1 1.71531E-1 1.77354E-1 8.65613E-2 9.42657E-2 1.04613E-1 1.49955E-1 1.95089E-1 4.10548E-1 4.41295E-1 4.46924E-1 4.50377E-1 5.57521E-1 5.21332E-1 4.6357E-1 4.363E-1 3.54218E-1 2.38996E-1 1.8328E-1 3.66737E-1 4.18984E-1 5.02084E-1 2.90084E-1 3.52257E-1 3.02045E-1 2.15632E-1 2.05087E-1 2.06617E-1 2.19831E-1 2.03637E-1 4.35263E-1 4.48656E-1 4.14342E-1 4.38011E-1 3.34205E-1 2.69286E-1 3.8365E-1 2.87778E-1 3.65128E-1 3.69571E-1 3.2251E-1 3.10673E-1 1.1281E-1 1.031E-1 1.00456E-1 1.60253E-1 2.58803E-1
1.18672E-1 1.1897E-1 1.21979E-1 1.22433E-1 1.92631E-1 8.69665E-2 1.40416E-1 1.66592E-1 1.82522E-1 1.8016E-1 2.26986E-1 2.00226E-1 1.76837E-1 1.56802E-1 1.52964E-1 1.28807E-1 8.49421E-2 9.92863E-2 1.28538E-1 2.50678E-1 3.32564E-1 4.4124E-1 4.60621E-1 4.76877E-1 4.95855E-1 5.79058E-1 5.3918E-1 4.24193E-1 3.76064E-1 3.61345E-1 2.42919E-1 1.73547E-1 3.03421E-1 3.96653E-1 4.82569E-1 3.8674E-1 3.59237E-1 2.85767E-1 2.2792E-1 2.4641E-1 7.85811E-2 2.88227E-1 3.5994E-1 4.1712E-1 4.64345E-1 4.06501E-1 4.14464E-1 3.83572E-1 2.18175E-1 2.51699E-1 3.09435E-1 3.51109E-1 3.46527E-1 3.29376E-1 1.02068E-1 2.10384E-1 1.27241E-1 1.5483E-1 2.33182E-1 2.90223E-1
1.13011E-1 1.1932E-1 8.9612E-2 7.22957E-2 8.23044E-2 1.09777E-1 1.28688E-1 1.09624E-1 2.3348E-1 1.27769E-1 1.98807E-1 1.83178E-1 1.65689E-1 1.44982E-1 1.48818E-1 1.57084E-1 1.04745E-1 1.32646E-1 1.51197E-1 2.99044E-1 3.79413E-1 4.86976E-1 5.06469E-1 5.14279E-1 5.19229E-1 5.9259E-1 4.89125E-1 4.77818E-1 3.92172E-1 2.75592E-1 2.40456E-1 1.80588E-1 2.73694E-1 3.68958E-1 4.22808E-1 3.96532E-1 3.57479E-1 1.92663E-1 2.32363E-1 2.75366E-1 1.35449E-1 1.8408E-1 2.91953E-1 3.70998E-1 4.25552E-1 4.28906E-1 3.8868E-1 3.82932E-1 2.24266E-1 2.25318E-1 3.08201E-1 2.53312E-1 2.29409E-1 1.42357E-1 1.51776E-1 1.34654E-1 2.05101E-1 1.97176E-1 2.26244E-1 2.92381E-1
1.25942E-1 1.49992E-1 9.08676E-2 5.94412E-2 8.82278E-2 1.31319E-1 1.33244E-1 1.10054E-1 1.76383E-1 8.61492E-2 1.25817E-1 1.32916E-1 1.16629E-1 8.75186E-2 9.99975E-2 1.11382E-1 1.23423E-1 1.8333E-1 1.74617E-1 3.36444E-1 4.31329E-1 5.21149E-1 5.46216E-1 5.71182E-1 5.7305E-1 6.2533E-1 5.45785E-1 4.55857E-1 3.91619E-1 2.52965E-1 2.48357E-1 2.02231E-1 2.75295E-1 2.7378E-1 3.49209E-1 3.92473E-1 3.34163E-1 2.23746E-1 2.27693E-1 1.13626E-1 1.20597E-1 1.58323E-1 2.41604E-1 3.27172E-1 3.93954E-1 3.95043E-1 3.59429E-1 3.46096E-1 2.46716E-1 2.14136E-1 2.99087E-1 2.0562E-1 1.35589E-1 1.57721E-1 1.76642E-1 1.63075E-1 1.52334E-1 1.85457E-1 2.04217E-1 2.84186E-1
9.45472E-2 2.21376E-1 7.02682E-2 1.27645E-1 8.06097E-2 1.14494E-1 1.03995E-1 8.65417E-2 7.52944E-2 1.06007E-1 2.12234E-1 1.24466E-1 1.22511E-1 1.04663E-1 1.25284E-1 1.18602E-1 2.11285E-1 2.15315E-1 1.81741E-1 3.56288E-1 4.67174E-1 5.42469E-1 5.73176E-1 5.27075E-1 5.81673E-1 6.13852E-1 5.63232E-1 4.53375E-1 4.01323E-1 2.92235E-1 3.07777E-1 1.94915E-1 2.93725E-1 2.93182E-1 4.84433E-1 3.86859E-1 3.37944E-1 2.78545E-1 1.68848E-1 7.20652E-2 1.10923E-1 1.16011E-1 1.41009E-1 2.76336E-1 3.50047E-1 3.58543E-1 3.1105E-1 3.0623E-1 2.62336E-1 2.51165E-1 2.75855E-1 2.53389E-1 2.38066E-1 1.76966E-1 1.48833E-1 1.36662E-1 1.24653E-1 1.76644E-1 2.5537E-1 2.74537E-1
1.45838E-1 1.65341E-1 1.5367E-1 1.54673E-1 1.32408E-1 1.08935E-1 9.26633E-2 9.66328E-2 9.03815E-2 1.01959E-1 2.53484E-1 2.16006E-1 1.88483E-1 1.71051E-1 1.70994E-1 1.985E-1 2.32834E-1 2.05598E-1 2.00422E-1 3.43964E-1 4.83276E-1 5.1267E-1 5.40025E-1 5.39475E-1 5.29392E-1 4.66502E-1 3.91993E-1 2.97907E-1 2.94006E-1 2.84803E-1 2.68273E-1 1.92672E-1 2.48746E-1 2.5154E-1 4.27054E-1 3.98042E-1 3.75123E-1 2.80258E-1 1.17759E-1 7.25583E-2 1.21092E-1 1.63206E-1 2.05197E-1 3.01242E-1 3.78349E-1 3.75604E-1 3.18637E-1 3.19241E-1 3.21825E-1 3.03065E-1 3.55249E-1 3.12144E-1 3.17067E-1 2.65843E-1 1.57926E-1 1.02174E-1 7.58907E-2 1.609E-1 1.51962E-1 2.7854E-1
1.45693E-1 1.23141E-1 1.24177E-1 8.33841E-2 1.35735E-1 4.53902E-2 5.30813E-2 5.22422E-2 6.724E-2 7.99165E-2 1.99901E-1 1.01143E-1 2.21494E-1 1.7356E-1 2.24482E-1 2.19433E-1 2.21314E-1 2.0866E-1 2.28628E-1 3.41358E-1 5.36532E-1 5.53748E-1 5.54134E-1 4.35284E-1 5.27247E-1 4.57832E-1 3.79078E-1 3.34246E-1 3.09835E-1 2.5275E-1 1.62728E-1 1.76274E-1 2.87927E-1 3.12021E-1 2.49036E-1 4.396E-1 4.28835E-1 2.59137E-1 1.61213E-1 1.34521E-1 1.20108E-1 1.49334E-1 2.20153E-1 3.17023E-1 3.83403E-1 3.71207E-1 3.58193E-1 2.73057E-1 3.08231E-1 3.12357E-1 3.28085E-1 3.04715E-1 2.46442E-1 2.19908E-1 2.22139E-1 1.36492E-1 7.77177E-2 6.51285E-2 1.9658E-1 2.37053E-1
1.56162E-1 1.29772E-1 1.11292E-1 8.08417E-2 5.17722E-2 7.25527E-2 4.01222E-2 4.50392E-2 6.60824E-2 7.1798E-2 1.05746E-1 1.70677E-1 1.20847E-1 1.52003E-1 1.88381E-1 1.70319E-1 1.87318E-1 2.41987E-1 2.31485E-1 3.22386E-1 5.56179E-1 5.69713E-1 3.4765E-1 3.97033E-1 5.40873E-1 4.84526E-1 3.84237E-1 3.55615E-1 3.25361E-1 2.79458E-1 2.00777E-1 2.81811E-1 3.32131E-1 3.65459E-1 4.06654E-1 3.72717E-1 3.27526E-1 1.54307E-1 1.21286E-1 1.57631E-1 1.63611E-1 2.96612E-1 3.45956E-1 3.85165E-1 4.19295E-1 4.24106E-1 4.05994E-1 3.05952E-1 3.09915E-1 3.03961E-1 3.13283E-1 2.56295E-1 1.69213E-1 1.44309E-1 1.79805E-1 1.36167E-1 1.19318E-1 1.04242E-1 9.18954E-2 9.81438E-2
2.26E-1 2.06232E-1 1.45586E-1 1.26243E-1 8.9759E-2 6.36441E-2 4.69697E-2 3.1626E-2 3.28748E-2 4.08349E-2 8.83429E-2 7.81107E-2 1.25823E-1 9.62539E-2 1.17779E-1 1.12999E-1 1.32389E-1 2.25425E-1 2.56489E-1 3.24762E-1 5.346E-1 5.65206E-1 5.4862E-1 5.49051E-1 4.13565E-1 4.25705E-1 4.50304E-1 3.7175E-1 3.47633E-1 1.10022E-1 2.39723E-1 2.67801E-1 3.05207E-1 3.87287E-1 4.64602E-1 2.07467E-1 2.90676E-1 1.88121E-1 1.29197E-1 1.20954E-1 1.42022E-1 3.06469E-1 4.09242E-1 5.0986E-1 4.618E-1 4.76207E-1 4.51836E-1 4.15824E-1 3.5321E-1 3.3421E-1 2.99664E-1 1.96462E-1 1.67063E-1 1.44251E-1 1.80991E-1 1.57948E-1 5.52559E-2 8.91768E-2 1.6139E-1 1.25451E-1
2.72806E-1 2.38738E-1 2.07285E-1 1.68569E-1 1.02548E-1 7.35772E-2 5.31834E-2 3.49123E-2 2.1843E-2 3.23976E-2 7.5626E-2 6.9052E-2 1.50742E-1 8.79153E-2 1.12109E-1 1.0675E-1 1.60828E-1 2.7406E-1 2.84447E-1 2.79117E-1 4.64507E-1 5.1523E-1 4.95115E-1 5.09074E-1 5.20661E-1 4.51953E-1 2.81792E-1 3.8172E-1 2.50972E-1 2.51046E-1 2.62147E-1 2.08745E-1 3.04489E-1 4.07327E-1 4.7878E-1 2.42014E-1 3.79612E-1 2.41668E-1 1.68124E-1 1.71796E-1 2.03213E-1 3.28034E-1 3.77916E-1 4.20466E-1 5.40798E-1 5.08123E-1 4.78729E-1 4.48135E-1 3.75904E-1 3.60894E-1 3.15543E-1 2.17321E-1 1.85294E-1 1.36285E-1 1.84721E-1 1.25705E-1 1.26221E-1 1.30145E-1 1.10041E-1 1.14406E-1
