Phytophthora/models/20240430_1626_40/Phytophthora_PA3_RUN5_MAXENT_outputs/Phytophthora_PA3_RUN5.asc
ncols         225
nrows         269
xllcorner     473000.0
yllcorner     4429100.0
cellsize      50.0
NODATA_value  -9999
[rows 81 to 107 of 269, columns 60 to 119 of 225]
8.70147E-3 3.09415E-3 4.87024E-3 3.82654E-3 2.14338E-3 1.61344E-3 3.04504E-3 2.62598E-3 3.07108E-3 7.03752E-3 9.01612E-3 1.85296E-2 9.28727E-3 2.38415E-2 2.91025E-2 5.97433E-2 6.0913E-2 6.07645E-2 5.51601E-2 5.03157E-2 9.01396E-3 -9999 1.00645E-2 1.01585E-2 1.08949E-2 1.64029E-2 3.12951E-2 5.77535E-2 7.4301E-2 7.31356E-2 1.14874E-1 9.58196E-2 8.5931E-2 1.02244E-1 1.18738E-1 1.67617E-1 1.84428E-1 1.8341E-1 1.63332E-1 1.62205E-1 1.62444E-1 1.59022E-1 1.47722E-1 8.25028E-2 1.14248E-1 1.0445E-1 5.18344E-2 3.24836E-1 2.58517E-1 1.63212E-1 8.12461E-2 4.34994E-2 6.23046E-2 1.33412E-1 1.60056E-1 -9999 -9999 -9999 -9999 -9999
1.45928E-2 1.00666E-2 7.00905E-3 2.62842E-3 2.9847E-3 1.6654E-3 1.49522E-3 2.32867E-3 3.25953E-3 6.20818E-3 1.78295E-2 2.15992E-2 2.20283E-2 2.00605E-2 2.21219E-2 3.85495E-2 4.08913E-2 5.49123E-2 5.27502E-2 4.69592E-2 8.25112E-3 -9999 9.5324E-3 1.39003E-2 1.45388E-2 1.93925E-2 3.20669E-2 5.65468E-2 6.85574E-2 8.89208E-2 9.38412E-2 8.08447E-2 8.61266E-2 1.03587E-1 1.16637E-1 1.91699E-1 2.0525E-1 1.5625E-1 1.97542E-1 1.28618E-1 1.70665E-1 1.18416E-1 1.47495E-1 1.67067E-1 1.62248E-1 1.94282E-1 1.59132E-1 9.67143E-2 9.36792E-2 3.90023E-2 6.4483E-2 3.29505E-2 2.68585E-1 6.77477E-2 5.17734E-2 1.94033E-2 6.25045E-2 -9999 -9999 -9999
8.27609E-3 7.91706E-3 8.91182E-3 5.32623E-3 3.91682E-3 2.45945E-3 2.12735E-3 3.33183E-3 4.32209E-3 8.14314E-3 1.55818E-2 1.87618E-2 1.97323E-2 1.98115E-2 2.34789E-2 3.61123E-2 4.25147E-2 5.25797E-2 5.59499E-2 5.14209E-2 2.77568E-3 1.17601E-2 -9999 1.96747E-2 2.7782E-2 2.42622E-2 2.8866E-2 5.08439E-2 6.22995E-2 8.53483E-2 8.79151E-2 1.29926E-1 1.06471E-1 6.4115E-2 1.30063E-1 9.42249E-2 2.09271E-1 1.98089E-1 2.03958E-1 1.95191E-1 2.01301E-1 1.82252E-1 1.73275E-1 1.57421E-1 1.61478E-1 2.03629E-1 1.34782E-1 5.14896E-2 8.44953E-2 5.24033E-2 8.54497E-2 4.31942E-2 9.01266E-2 2.20853E-2 7.86857E-2 6.7875E-2 6.7102E-2 6.15605E-2 -9999 -9999
9.1987E-3 1.41364E-2 1.67558E-2 1.24529E-2 5.81071E-3 3.18569E-3 3.91865E-3 1.8788E-3 2.59975E-3 3.75527E-3 2.1375E-2 2.17314E-2 2.04252E-2 2.00639E-2 2.14748E-2 4.34006E-2 5.13391E-2 4.95563E-2 6.36956E-2 6.13495E-2 2.53165E-2 1.61814E-2 -9999 1.44424E-2 2.99983E-2 3.17006E-2 3.68822E-2 3.06852E-2 5.58775E-2 7.78574E-2 9.8741E-2 1.37508E-1 1.2364E-1 1.0965E-1 6.51565E-2 2.26783E-1 2.0578E-1 1.4529E-1 1.69145E-1 1.69549E-1 1.74889E-1 1.53714E-1 1.50633E-1 1.37088E-1 1.48408E-1 1.93925E-1 6.1562E-2 6.41844E-2 8.964E-2 6.5701E-2 9.43457E-2 8.15491E-2 1.00908E-1 1.07985E-1 9.04822E-2 8.67159E-2 1.04976E-1 1.12517E-1 -9999 -9999
1.90547E-2 1.6667E-2 1.55638E-2 1.80927E-2 8.23581E-3 3.32232E-3 3.25997E-3 4.45124E-3 5.24443E-3 9.14408E-3 8.49257E-3 2.42596E-2 2.31354E-2 2.3018E-2 2.31408E-2 4.24253E-2 5.22354E-2 5.97247E-2 4.76182E-2 7.92073E-2 7.11405E-2 1.83079E-2 1.45774E-2 -9999 1.21013E-2 2.85978E-2 5.97014E-2 3.87368E-2 6.286E-2 8.00567E-2 1.075E-1 1.20652E-1 1.2324E-1 1.39462E-1 1.18024E-1 2.51065E-1 1.98035E-1 1.64782E-1 1.52741E-1 1.4821E-1 1.58024E-1 1.43981E-1 1.41578E-1 1.29522E-1 1.67855E-1 1.13268E-1 1.5929E-1 6.10522E-2 8.89879E-2 1.22104E-1 1.26097E-1 1.12016E-1 1.28901E-1 1.32564E-1 1.39861E-1 1.66271E-1 1.75197E-1 1.74548E-1 1.5177E-1 -9999
1.56203E-2 1.85167E-2 1.34943E-2 8.44618E-3 1.04155E-2 6.68414E-3 3.95981E-3 6.41446E-3 7.07661E-3 1.14732E-2 2.57265E-2 1.16383E-2 3.23125E-2 3.14051E-2 3.26517E-2 4.68523E-2 5.37732E-2 6.59656E-2 7.24816E-2 6.92676E-2 1.22288E-2 3.15268E-2 2.27699E-2 1.81906E-2 1.97372E-2 4.61754E-2 1.05814E-1 1.22156E-1 9.04952E-2 1.26289E-1 6.59527E-2 1.2235E-1 1.44361E-1 1.5236E-1 2.0096E-1 1.24877E-1 2.64139E-1 2.49947E-1 1.94978E-1 1.7357E-1 1.82231E-1 1.67173E-1 1.59167E-1 1.83141E-1 2.88039E-1 3.50737E-1 2.48733E-1 6.94777E-2 1.3938E-1 9.06744E-2 2.14428E-1 1.74481E-1 1.64007E-1 2.0373E-1 2.13117E-1 2.49524E-1 2.63642E-1 2.57046E-1 2.36413E-1 -9999
1.51836E-2 1.84003E-2 1.95056E-2 8.20569E-3 1.80641E-2 1.10363E-2 6.0234E-3 7.14231E-3 7.27528E-3 8.14485E-3 1.93322E-2 3.29744E-2 2.70671E-2 3.74546E-2 3.87662E-2 5.38425E-2 5.26478E-2 5.69318E-2 6.55206E-2 7.13445E-2 4.38223E-2 1.75328E-2 4.01659E-2 2.61733E-2 3.34721E-2 6.74512E-2 1.2847E-1 1.28101E-1 9.13159E-2 1.02012E-1 1.22003E-1 1.23752E-1 1.4468E-1 1.53501E-1 1.65927E-1 2.71722E-1 1.72774E-1 2.88258E-1 2.15153E-1 1.83881E-1 2.03085E-1 2.24794E-1 1.96475E-1 1.97203E-1 1.68444E-1 3.04659E-1 1.31742E-1 3.13366E-1 2.79635E-1 3.2395E-1 1.83913E-1 2.79415E-1 2.37023E-1 2.54921E-1 2.51846E-1 2.97947E-1 3.21184E-1 3.26756E-1 3.00082E-1 1.92137E-1
1.633E-2 1.57332E-2 1.94067E-2 2.04652E-2 1.53534E-2 1.77851E-2 1.0892E-2 1.08561E-2 9.34303E-3 1.05386E-2 2.00565E-2 3.19364E-2 2.05148E-2 2.25291E-2 4.7183E-2 6.76707E-2 6.16431E-2 5.67375E-2 5.30593E-2 6.40631E-2 2.04817E-2 5.64319E-2 4.12218E-2 4.81625E-2 5.41149E-2 1.23265E-1 1.19841E-1 1.0485E-1 1.25333E-1 1.31417E-1 1.0786E-1 1.24045E-1 1.66747E-1 1.69019E-1 1.32581E-1 2.85931E-1 3.01756E-1 1.18875E-1 1.12044E-1 1.02732E-1 1.70689E-1 2.54545E-1 2.54951E-1 2.18871E-1 6.01067E-2 1.37121E-1 1.39644E-1 1.49765E-1 1.81367E-1 3.00461E-1 2.66336E-1 1.4741E-1 1.46362E-1 2.05024E-1 1.89152E-1 1.82462E-1 3.18969E-1 3.48472E-1 2.77203E-1 1.81631E-1
1.65338E-2 1.47949E-2 2.02606E-2 2.29132E-2 1.09717E-2 2.11938E-2 1.78854E-2 1.64407E-2 1.18332E-2 1.36178E-2 2.44976E-2 2.94304E-2 2.30776E-2 3.9898E-2 4.98728E-2 4.03331E-2 6.88577E-2 6.13354E-2 5.06504E-2 5.3385E-2 6.76253E-2 2.47332E-2 8.74945E-2 5.70217E-2 4.7341E-2 1.20746E-1 9.52874E-2 1.32098E-1 8.80338E-2 4.69211E-2 7.23512E-2 1.47005E-1 1.96693E-1 -9999 1.44376E-1 3.19383E-1 2.61435E-1 1.02183E-1 6.11348E-2 1.16934E-1 2.33681E-1 2.92426E-1 3.09247E-1 3.1327E-1 3.10429E-1 3.0282E-1 2.71126E-1 1.31623E-1 1.61422E-1 3.38715E-1 2.48867E-1 1.35341E-1 2.14407E-1 2.52388E-1 2.56635E-1 3.22961E-1 3.35034E-1 3.1497E-1 2.32437E-1 1.41387E-1
1.57618E-2 1.58996E-2 2.07429E-2 2.40859E-2 1.78821E-2 2.16079E-2 2.45964E-2 2.18294E-2 1.80799E-2 1.81628E-2 2.34482E-2 2.81305E-2 2.13661E-2 3.58526E-2 4.63923E-2 8.04321E-2 5.82386E-2 7.95018E-2 6.63602E-2 5.54045E-2 6.69185E-2 2.47478E-2 9.21861E-2 8.85092E-2 8.00344E-2 1.72949E-1 8.87345E-2 7.31479E-2 1.1795E-1 1.28124E-1 7.96079E-2 -9999 -9999 -9999 -9999 2.71873E-1 1.92977E-1 9.3148E-2 1.17781E-1 1.86842E-1 1.94705E-1 3.03868E-1 3.31157E-1 3.53354E-1 3.94405E-1 1.49034E-1 2.17791E-1 1.70241E-1 2.06211E-1 3.64172E-1 2.45821E-1 1.87856E-1 1.14897E-1 2.30824E-1 2.2715E-1 2.79661E-1 2.93319E-1 2.43242E-1 2.09563E-1 1.54769E-1
1.70249E-2 1.9751E-2 2.4847E-2 2.45105E-2 2.77681E-2 3.27716E-2 1.93626E-2 2.66533E-2 2.01075E-2 2.50335E-2 2.67623E-2 3.05167E-2 3.16784E-2 3.89941E-2 5.00471E-2 9.61559E-2 7.27492E-2 9.29808E-2 9.78332E-2 7.31002E-2 7.37191E-2 3.53729E-2 1.10011E-1 1.56978E-1 1.53917E-1 9.01931E-2 6.02296E-2 5.28408E-2 7.90496E-2 -9999 -9999 -9999 -9999 -9999 -9999 1.94794E-1 9.5407E-2 7.15901E-2 7.68543E-2 1.02758E-1 1.68463E-1 2.4154E-1 3.03966E-1 3.61354E-1 1.91961E-1 3.51074E-1 2.83627E-1 2.83145E-1 1.53248E-1 3.47416E-1 2.28184E-1 2.18963E-1 6.68347E-2 1.73086E-1 2.79731E-1 3.21756E-1 2.8077E-1 1.85741E-1 2.38577E-1 2.66021E-1
1.85163E-2 2.48099E-2 2.94451E-2 2.58904E-2 2.60573E-2 1.70725E-2 2.78171E-2 1.52954E-2 2.68219E-2 2.83627E-2 3.58523E-2 4.69352E-2 4.75482E-2 6.03848E-2 6.66229E-2 1.10594E-1 4.72032E-2 1.21082E-1 1.31592E-1 1.0384E-1 9.69698E-2 1.38899E-1 1.65195E-1 5.74362E-2 1.25096E-1 8.93855E-2 7.65996E-2 6.5242E-2 -9999 -9999 -9999 -9999 -9999 -9999 -9999 2.05233E-1 1.18201E-1 8.52803E-2 8.22475E-2 9.77217E-2 1.46936E-1 2.14152E-1 2.89533E-1 2.2227E-1 1.31823E-1 6.13921E-2 1.8927E-1 3.20633E-1 3.88297E-1 3.39725E-1 9.2515E-2 1.00711E-1 9.84288E-2 1.53704E-1 1.8934E-1 3.63702E-1 2.62419E-1 2.08147E-1 2.6736E-1 3.2148E-1
1.9422E-2 2.63983E-2 1.41699E-2 1.42698E-2 2.03171E-2 1.15129E-2 2.5517E-2 3.03344E-2 3.17297E-2 3.04724E-2 3.92259E-2 5.88137E-2 6.99082E-2 5.94117E-2 3.63978E-2 6.89228E-2 1.34577E-1 1.20114E-1 1.23115E-1 1.21515E-1 1.27868E-1 1.61366E-1 8.55217E-2 1.06093E-1 8.09652E-2 9.16307E-2 8.10705E-2 6.88342E-2 -9999 -9999 -9999 -9999 -9999 -9999 -9999 -9999 1.67943E-1 1.27979E-1 1.05353E-1 1.20187E-1 1.84406E-1 -9999 -9999 2.93948E-1 1.8146E-1 8.49467E-2 1.36905E-1 2.59284E-1 3.32686E-1 3.0198E-1 1.42855E-1 9.66799E-2 8.56719E-2 7.30574E-2 3.32951E-1 2.24467E-1 2.95065E-1 2.38476E-1 2.97871E-1 3.31226E-1
1.55346E-2 2.24911E-2 2.79195E-2 2.51244E-2 2.61972E-2 1.13518E-2 1.11788E-2 3.28834E-2 1.93944E-2 3.89807E-2 4.67496E-2 5.8012E-2 4.18107E-2 7.67837E-2 7.90177E-2 6.01726E-2 1.27476E-1 1.254E-1 1.15135E-1 1.06185E-1 9.17945E-2 1.24769E-1 1.45026E-1 1.09446E-1 7.61055E-2 2.51762E-2 6.29861E-2 4.55693E-2 -9999 -9999 -9999 -9999 -9999 -9999 -9999 -9999 2.4978E-1 1.72012E-1 1.64297E-1 -9999 -9999 -9999 -9999 1.21152E-1 1.04945E-1 7.15249E-2 1.15465E-1 1.11868E-1 2.64351E-1 2.76181E-1 1.20729E-1 8.9595E-2 7.57764E-2 7.49056E-2 2.92605E-1 2.18862E-1 3.1516E-1 2.69147E-1 2.45061E-1 1.7872E-1
1.30297E-2 1.15812E-2 2.2448E-2 2.47271E-2 2.3746E-2 1.22122E-2 2.12332E-2 3.08232E-2 3.47562E-2 3.03388E-2 3.10746E-2 1.75307E-2 4.42665E-2 6.29913E-2 6.52477E-2 9.12743E-2 5.60854E-2 5.35269E-2 1.16418E-1 1.02656E-1 4.99091E-2 7.16714E-2 9.60701E-2 8.32303E-2 5.85487E-2 1.99614E-2 7.43122E-2 4.66153E-2 1.01574E-1 -9999 -9999 -9999 -9999 -9999 -9999 3.00056E-1 -9999 -9999 -9999 -9999 -9999 -9999 -9999 1.05376E-1 6.45257E-2 6.49446E-2 8.88606E-2 1.1521E-1 3.93597E-2 8.26364E-2 6.52538E-2 1.03532E-1 1.08827E-1 1.50349E-1 2.00982E-1 3.93969E-1 2.21152E-1 2.92244E-1 1.76245E-1 3.49409E-1
1.53249E-2 2.03628E-2 1.9138E-2 3.3567E-2 2.67594E-2 1.13152E-2 1.63245E-2 2.64341E-2 3.46405E-2 6.31082E-2 7.89097E-2 9.05308E-2 1.78905E-2 4.88092E-2 5.64892E-2 6.12212E-2 6.75394E-2 7.30884E-2 8.04212E-2 3.73056E-2 1.64624E-2 5.96971E-2 6.15812E-2 6.95949E-2 5.58941E-2 8.94741E-2 6.20468E-2 8.27998E-2 1.00021E-1 -9999 -9999 -9999 -9999 -9999 -9999 -9999 -9999 -9999 -9999 -9999 -9999 -9999 -9999 1.55028E-1 1.74282E-1 1.37078E-1 1.46333E-1 2.15498E-1 9.08985E-2 1.20989E-1 2.88774E-1 2.58192E-1 3.27686E-1 5.03574E-1 3.12463E-1 4.41957E-1 3.59302E-1 3.29236E-1 3.14784E-1 3.9226E-1
6.64046E-3 1.09672E-2 1.19473E-2 1.90671E-2 1.26761E-2 8.98029E-3 9.89787E-3 1.38813E-2 1.63242E-2 3.00646E-2 6.10405E-2 7.97443E-2 9.02489E-2 5.7481E-2 5.94169E-2 4.52258E-2 5.72979E-2 5.8844E-2 5.0257E-2 6.63233E-2 4.90086E-2 3.58615E-2 4.69635E-2 4.19387E-2 3.8101E-2 6.34916E-2 5.62671E-2 8.64925E-2 7.04369E-2 -9999 -9999 -9999 -9999 -9999 -9999 -9999 -9999 -9999 -9999 -9999 -9999 -9999 -9999 1.10085E-1 2.02684E-1 1.68188E-1 1.90549E-1 2.587E-1 2.49586E-1 2.66613E-1 3.86725E-1 4.00478E-1 2.31996E-1 6.08283E-1 5.28387E-1 3.83081E-1 3.24074E-1 1.99101E-1 1.44091E-1 3.02919E-1
8.90081E-3 9.1762E-3 9.18767E-3 2.26036E-3 8.23815E-3 8.3756E-3 8.83302E-3 1.12371E-2 1.45621E-2 2.31811E-2 3.8516E-2 6.77259E-2 9.10777E-2 5.4354E-2 8.96268E-2 5.9545E-2 5.15834E-2 7.15014E-2 7.33052E-2 4.87194E-2 5.27509E-2 6.02818E-2 6.51173E-2 8.31135E-2 6.07833E-2 3.60675E-2 8.29832E-2 1.35027E-1 1.45633E-1 8.33595E-2 -9999 -9999 -9999 -9999 -9999 -9999 -9999 -9999 -9999 -9999 -9999 -9999 -9999 2.31457E-1 1.51589E-1 1.50417E-1 2.45672E-1 2.96117E-1 3.37212E-1 2.70318E-1 3.70175E-1 6.24448E-1 5.64769E-1 5.438E-1 5.11995E-1 3.27514E-1 2.18928E-1 9.94878E-2 1.65411E-1 2.5955E-1
1.4954E-2 1.61336E-2 1.59838E-2 1.55927E-2 1.3073E-2 1.15384E-2 8.86369E-3 1.07699E-2 1.0138E-2 1.46349E-2 2.15184E-2 3.58805E-2 9.02486E-2 1.01482E-1 9.80848E-2 8.10688E-2 7.47685E-2 1.82633E-2 1.51631E-2 3.71284E-2 4.57448E-2 4.94027E-2 5.87419E-2 7.15031E-2 7.75328E-2 6.98783E-2 2.79347E-2 1.11191E-1 1.82826E-1 8.12334E-2 6.16734E-2 -9999 -9999 -9999 -9999 -9999 -9999 -9999 -9999 -9999 -9999 -9999 -9999 2.73129E-1 2.32334E-1 1.91482E-1 1.53675E-1 1.41578E-1 1.58071E-1 1.82593E-1 2.90319E-1 2.62951E-1 4.47106E-1 2.69948E-1 4.18313E-1 3.05338E-1 3.08567E-1 1.63757E-1 3.93035E-1 3.04136E-1
1.8104E-2 1.56281E-2 1.65807E-2 1.95199E-2 1.26882E-2 2.15392E-2 1.29138E-2 1.40281E-2 1.11295E-2 1.58917E-2 2.30009E-2 3.60735E-2 2.93161E-2 8.2824E-2 9.68743E-2 8.05823E-2 5.78311E-2 5.06342E-2 3.46118E-2 2.69552E-2 3.26644E-2 3.85147E-2 5.94002E-2 9.17096E-2 1.08936E-1 1.21237E-1 1.0876E-1 1.05833E-1 1.97727E-1 7.4402E-2 9.12249E-2 -9999 -9999 -9999 -9999 -9999 -9999 -9999 -9999 -9999 -9999 -9999 2.75611E-1 1.20388E-1 3.10185E-1 2.25906E-1 2.15581E-1 2.99706E-1 2.58766E-1 1.72836E-1 2.12062E-1 2.62205E-1 2.59397E-1 2.42708E-1 2.31188E-1 1.87512E-1 2.10262E-1 1.21137E-1 4.13493E-1 2.41389E-1
2.93775E-2 2.80813E-2 2.61544E-2 2.478E-2 2.75114E-2 1.14427E-2 3.20606E-2 2.25207E-2 1.62563E-2 2.38362E-2 2.88062E-2 5.04935E-2 3.72361E-2 7.94794E-2 7.61099E-2 5.77632E-2 4.65432E-2 2.37048E-2 2.56424E-2 2.32215E-2 4.33742E-2 3.78634E-2 8.95967E-2 1.15791E-1 1.18965E-1 6.76789E-2 6.01956E-2 2.984E-2 3.65665E-2 3.67269E-2 5.80603E-2 7.75908E-2 -9999 -9999 -9999 -9999 -9999 -9999 -9999 -9999 -9999 2.10344E-1 2.11788E-1 2.66403E-1 3.34312E-1 3.32226E-1 3.68263E-1 4.50262E-1 2.84631E-1 2.34519E-1 2.0401E-1 1.461E-1 2.03783E-1 1.94584E-1 1.95204E-1 1.98267E-1 2.3271E-1 2.05479E-1 4.23553E-1 3.63238E-1
3.67453E-2 3.60517E-2 3.45552E-2 3.01112E-2 2.99551E-2 4.63301E-2 2.98121E-2 2.86132E-2 2.00202E-2 3.09702E-2 3.34592E-2 5.1045E-2 6.96441E-2 5.02795E-2 9.09194E-2 5.44282E-2 1.76929E-2 4.42366E-3 1.85641E-2 3.04816E-2 4.69795E-2 1.15919E-1 1.40508E-1 1.39073E-1 1.26819E-1 7.01716E-2 7.03409E-2 3.32403E-2 3.99979E-2 3.45606E-2 7.92971E-2 1.22515E-1 -9999 -9999 -9999 -9999 -9999 -9999 -9999 -9999 1.26993E-1 1.41201E-1 1.98318E-1 2.16994E-1 1.04207E-1 1.25725E-1 1.08333E-1 3.45334E-1 6.32385E-2 1.34058E-1 2.10901E-1 2.41283E-1 4.04718E-1 3.21757E-1 3.57212E-1 2.64189E-1 1.29995E-1 1.6811E-1 2.63983E-1 4.395E-1
3.75486E-2 2.76267E-2 3.13925E-2 3.89854E-2 4.0848E-2 4.75194E-2 3.22026E-2 5.3529E-2 2.97355E-2 3.59126E-2 4.16267E-2 2.70652E-2 1.78418E-2 3.457E-2 2.40101E-2 5.05136E-2 1.15116E-2 6.19749E-3 2.98405E-2 4.84353E-2 1.51758E-1 1.7497E-1 1.32913E-1 8.95518E-2 9.11055E-2 6.30654E-2 6.70818E-2 4.40682E-2 2.58334E-2 3.67353E-2 4.16823E-2 5.86751E-2 1.02861E-1 -9999 -9999 -9999 -9999 -9999 -9999 6.98858E-2 7.83044E-2 1.17454E-1 1.37704E-1 1.7784E-1 2.10203E-1 1.45905E-1 9.10427E-2 1.26222E-1 1.56471E-1 1.38291E-1 8.82644E-2 4.07736E-1 2.13484E-1 4.77672E-1 3.81047E-1 2.54628E-1 3.13927E-1 4.38263E-1 4.76839E-1 3.24442E-1
3.83341E-2 4.26708E-2 2.59122E-2 2.13239E-2 4.43613E-2 5.12E-2 6.87594E-2 8.22735E-2 3.77479E-2 2.08159E-2 4.77847E-2 5.53245E-2 3.697E-2 2.75667E-2 3.16813E-2 2.98815E-2 1.41764E-2 3.55187E-2 4.87019E-2 1.01595E-1 2.15438E-1 1.97383E-1 1.15984E-1 9.10295E-2 9.61557E-2 6.15575E-2 6.51405E-2 5.44486E-2 2.36221E-2 3.9278E-2 3.65652E-2 3.97099E-2 1.09842E-1 -9999 -9999 -9999 -9999 -9999 -9999 4.62497E-2 1.12871E-1 1.47435E-1 1.56933E-1 2.03761E-1 2.30702E-1 3.01308E-1 2.55778E-1 7.16785E-2 1.90413E-1 1.42633E-1 2.49968E-1 3.27261E-1 3.55843E-1 2.37988E-1 3.32433E-1 4.32095E-1 3.66665E-1 4.15059E-1 4.7456E-1 2.9636E-1
3.9206E-2 5.10296E-2 5.23363E-2 2.4982E-2 2.35625E-2 4.71774E-2 6.18469E-2 1.07713E-2 7.08693E-2 6.51608E-2 5.70497E-2 4.32623E-2 4.18247E-2 3.72839E-2 1.74495E-2 2.65862E-2 5.09634E-2 5.7686E-2 1.91021E-2 1.45644E-1 2.373E-1 1.85027E-1 1.3307E-1 8.6071E-2 8.54061E-2 5.10225E-2 3.78324E-2 3.75628E-2 1.46338E-2 1.44466E-2 3.30932E-2 4.59246E-2 1.00496E-1 4.38339E-2 -9999 -9999 -9999 1.03969E-1 1.05156E-1 1.00882E-1 8.7139E-2 1.0714E-1 1.92156E-1 1.34627E-1 3.29344E-1 2.65593E-1 4.29357E-1 1.98444E-1 1.71908E-1 1.92529E-1 2.5159E-1 3.21117E-1 3.58527E-1 1.99451E-1 4.91946E-1 2.14006E-1 2.04949E-1 4.31793E-1 5.07838E-1 3.90675E-1
4.07353E-2 5.20531E-2 6.68861E-2 5.43112E-2 2.89596E-2 3.83697E-2 2.87011E-2 3.94065E-2 9.26564E-2 5.15159E-2 1.91389E-2 2.29315E-2 2.15943E-2 1.43912E-2 1.03647E-2 2.22385E-2 3.81595E-2 8.06105E-2 9.81765E-2 6.77039E-2 2.36034E-1 1.56948E-1 8.99951E-2 6.81233E-2 4.43491E-2 4.86449E-2 4.33527E-2 3.93739E-2 3.36589E-2 3.91485E-2 1.21559E-1 2.94031E-2 1.85106E-2 2.13687E-2 3.11797E-2 6.426E-2 1.19497E-1 1.59015E-1 8.59956E-2 2.27183E-1 3.27055E-1 3.3665E-1 3.1359E-1 4.0703E-1 1.76456E-1 4.66721E-1 2.01988E-1 2.1783E-1 1.90713E-1 1.97517E-1 2.83497E-1 3.03111E-1 3.5041E-1 2.90163E-1 4.09414E-1 2.78056E-1 4.64769E-1 4.33579E-1 3.57398E-1 4.18457E-1
2.37993E-2 4.76112E-2 6.48274E-2 7.01457E-2 6.47032E-2 4.7796E-2 7.24914E-2 4.03474E-2 7.45299E-2 4.66339E-2 1.90024E-2 3.3182E-2 2.16783E-2 1.21191E-2 1.12781E-2 2.31627E-2 3.2397E-2 4.02605E-2 8.53222E-2 1.18218E-1 1.72708E-1 1.02496E-1 7.41936E-2 5.40177E-2 3.61113E-2 3.47247E-2 2.60114E-2 4.54336E-2 4.31212E-2 3.49697E-2 1.20339E-1 2.6497E-2 1.6982E-2 2.31731E-2 2.45102E-2 6.15574E-2 1.11708E-1 1.6189E-1 2.26773E-1 3.53873E-1 2.27544E-1 3.74982E-1 3.35607E-1 3.60344E-1 1.88152E-1 7.98396E-2 1.35303E-1 1.31007E-1 2.34892E-1 1.97431E-1 2.43943E-1 2.49716E-1 3.20595E-1 4.25932E-1 1.73925E-1 1.36523E-1 4.00494E-1 5.34237E-1 4.66597E-1 1.76012E-1
