Phytophthora/models/20240430_1311_16/Phytophthora_PA3_RUN7_MAXENT_outputs/Phytophthora_PA3_RUN7.asc
ncols         225
nrows         269
xllcorner     473000.0
yllcorner     4429100.0
cellsize      50.0
NODATA_value  -9999
[rows 108 to 134 of 269, columns 60 to 119 of 225]
5.53008E-2 5.14792E-2 5.12208E-2 1.08981E-1 1.32047E-1 1.3828E-1 1.62471E-1 6.27419E-2 5.45592E-2 5.09223E-2 2.92738E-2 3.62999E-2 2.74872E-2 2.68349E-2 3.13957E-2 5.48303E-2 6.44003E-2 7.56767E-2 8.22875E-2 6.9029E-2 1.4119E-1 9.95419E-2 7.60939E-2 7.62048E-2 1.08026E-1 1.5637E-1 1.06079E-1 1.24243E-1 1.29511E-1 1.19784E-1 1.30602E-1 7.42713E-2 7.35249E-2 1.0698E-1 1.18071E-1 1.9234E-1 2.5724E-1 3.2319E-1 3.78037E-1 4.4262E-1 5.15324E-1 3.40542E-1 5.39094E-1 5.1735E-1 1.66217E-1 2.4731E-1 8.9746E-2 2.15777E-1 2.89324E-1 3.41742E-1 3.79902E-1 3.86293E-1 4.74691E-1 5.2838E-1 4.60682E-1 3.28446E-1 9.44406E-2 3.05319E-1 4.07241E-1 4.18666E-1
4.99764E-2 3.34427E-2 3.35646E-2 5.75844E-2 3.93584E-2 1.47657E-1 1.49822E-1 1.33235E-1 1.01826E-1 6.23079E-2 3.40374E-2 3.98598E-2 3.11905E-2 2.8877E-2 3.28387E-2 5.69779E-2 6.29106E-2 7.14871E-2 7.46592E-2 1.63245E-1 1.24083E-1 9.93339E-2 1.10648E-1 1.38766E-1 1.6401E-1 1.59438E-1 1.65362E-1 1.67809E-1 1.57278E-1 1.49827E-1 1.42192E-1 1.02034E-1 1.16138E-1 1.24543E-1 1.36175E-1 1.88713E-1 2.45955E-1 2.86863E-1 3.56536E-1 4.41035E-1 5.60235E-1 5.93297E-1 3.15198E-1 1.94828E-1 3.06137E-1 2.34956E-1 1.70017E-1 2.14595E-1 2.67716E-1 2.90846E-1 2.77168E-1 2.59843E-1 3.34964E-1 3.71375E-1 4.72738E-1 3.20699E-1 4.85653E-1 4.05332E-1 1.42265E-1 5.2288E-1
5.1186E-2 6.51904E-2 2.5323E-2 4.61359E-2 7.10862E-2 8.60593E-2 8.45319E-2 1.23971E-1 3.90631E-2 9.14451E-2 3.92715E-2 4.43848E-2 3.81837E-2 3.64141E-2 4.14551E-2 6.88034E-2 7.79307E-2 7.37368E-2 2.77311E-2 1.00348E-1 1.12028E-1 1.40675E-1 1.58745E-1 1.76892E-1 1.61264E-1 2.23088E-1 2.00341E-1 1.9205E-1 1.87966E-1 1.71549E-1 1.6441E-1 1.46164E-1 1.52557E-1 1.52388E-1 1.62545E-1 2.15206E-1 2.9989E-1 3.77343E-1 3.83078E-1 4.43099E-1 4.69124E-1 4.911E-1 2.55415E-1 1.33348E-1 2.36424E-1 2.56178E-1 1.55238E-1 4.28914E-1 4.05013E-1 4.31456E-1 4.01713E-1 4.43935E-1 4.97108E-1 4.69171E-1 3.3995E-1 1.76273E-1 2.04846E-1 2.63067E-1 4.48282E-1 1.25412E-1
5.1091E-2 6.07311E-2 4.90852E-2 5.43118E-2 7.05944E-2 7.49576E-2 6.79511E-2 1.02064E-1 2.9603E-2 1.4029E-1 8.98769E-2 8.99045E-2 7.64796E-2 8.44313E-2 9.31607E-2 6.58648E-2 7.42962E-2 7.12985E-2 3.87475E-2 6.62462E-2 1.1167E-1 1.41643E-1 1.32675E-1 1.3369E-1 1.41822E-1 2.07488E-1 1.77124E-1 1.70092E-1 1.73509E-1 1.72962E-1 2.0991E-1 1.87591E-1 1.86472E-1 1.81475E-1 1.76299E-1 1.64142E-1 1.54309E-1 2.18293E-1 2.37051E-1 3.56733E-1 3.82223E-1 2.43478E-1 2.69284E-1 3.70628E-1 1.44291E-1 2.22834E-1 2.79983E-1 3.32562E-1 3.36815E-1 3.93745E-1 4.24286E-1 4.35072E-1 3.97043E-1 3.67293E-1 3.49337E-1 3.39217E-1 4.05875E-1 4.72632E-1 4.43784E-1 2.63889E-1
6.27343E-2 5.27983E-2 4.30074E-2 6.8744E-2 6.36758E-2 6.98424E-2 7.38203E-2 1.01313E-1 1.71602E-1 1.39027E-1 1.15208E-1 1.01563E-1 9.4921E-2 1.00499E-1 1.17859E-1 8.56945E-2 9.16862E-2 3.85687E-2 9.8126E-2 9.77723E-2 1.40032E-1 1.49403E-1 1.58419E-1 1.14278E-1 9.94163E-2 1.22586E-1 6.91015E-2 1.15258E-1 1.12488E-1 1.41553E-1 1.1105E-1 9.79461E-2 1.78766E-1 2.1704E-1 1.9327E-1 1.83857E-1 2.00006E-1 2.53853E-1 2.8624E-1 2.2505E-1 1.18792E-1 2.04798E-1 3.68453E-1 4.869E-1 1.40537E-1 2.25885E-1 3.15788E-1 3.61132E-1 4.42989E-1 4.93518E-1 4.68066E-1 3.71783E-1 4.03521E-1 4.21154E-1 4.01483E-1 3.46191E-1 3.80109E-1 4.13507E-1 4.87307E-1 4.48498E-1
6.49308E-2 3.34374E-2 6.59531E-2 6.25332E-2 5.76462E-2 6.27101E-2 8.28048E-2 1.29475E-1 1.99175E-1 9.45652E-2 1.45896E-1 8.41444E-2 1.13216E-1 1.22176E-1 1.46974E-1 7.67582E-2 5.58932E-2 4.05419E-2 1.04814E-1 1.21959E-1 1.75511E-1 1.77999E-1 9.44934E-2 2.02534E-1 1.8886E-1 2.10227E-1 2.04318E-1 2.57838E-1 2.16969E-1 1.7015E-1 1.82127E-1 1.97844E-1 2.0029E-1 1.72936E-1 2.29141E-1 2.13285E-1 2.522E-1 3.14492E-1 2.30479E-1 2.01379E-1 1.57681E-1 1.64898E-1 1.8338E-1 1.6802E-1 2.95805E-1 3.29456E-1 3.12602E-1 2.98763E-1 1.77919E-1 2.90042E-1 3.01141E-1 3.17997E-1 3.97298E-1 3.97013E-1 4.0856E-1 3.00776E-1 3.0737E-1 3.56455E-1 4.43383E-1 3.81988E-1
4.92421E-2 7.11933E-2 6.3601E-2 5.84552E-2 5.69051E-2 7.54096E-2 9.48478E-2 1.22623E-1 5.16107E-2 9.59864E-2 8.80149E-2 1.04353E-1 1.03332E-1 1.2697E-1 1.44569E-1 1.23685E-1 1.60418E-1 8.98447E-2 8.97906E-2 7.74959E-2 9.50182E-2 7.93705E-2 1.25813E-1 1.69096E-1 1.40543E-1 1.88664E-1 2.79368E-1 2.65691E-1 1.30307E-1 9.73676E-2 1.06791E-1 1.13504E-1 1.95056E-1 2.28732E-1 1.06025E-1 1.08731E-1 1.10498E-1 1.07386E-1 2.05064E-1 2.34593E-1 2.54719E-1 2.85027E-1 3.18937E-1 3.86069E-1 3.51592E-1 2.5557E-1 8.14492E-2 3.67784E-1 2.44461E-1 1.19001E-1 1.67274E-1 4.32397E-1 3.08061E-1 5.00395E-1 4.30338E-1 3.76023E-1 3.92447E-1 4.57191E-1 3.99498E-1 4.39337E-1
3.02741E-2 6.63055E-2 5.87987E-2 5.51661E-2 6.12553E-2 8.79713E-2 9.94299E-2 6.98055E-2 1.00224E-1 9.28842E-2 3.75154E-2 9.09511E-2 9.55335E-2 1.00521E-1 1.12459E-1 1.51193E-1 4.55054E-2 7.39294E-2 6.21115E-2 9.33662E-2 1.68278E-1 1.72479E-1 1.51883E-1 1.47985E-1 1.48544E-1 2.78434E-1 2.54369E-1 1.28332E-1 8.73786E-2 8.09877E-2 9.01105E-2 1.25786E-1 1.73891E-1 1.97169E-1 2.29457E-1 1.06647E-1 2.32582E-1 2.44202E-1 2.56957E-1 2.7069E-1 2.97885E-1 2.18135E-1 3.39688E-1 2.26829E-1 3.9146E-1 2.63637E-1 1.62591E-1 2.95874E-1 8.54112E-2 2.23609E-1 2.7971E-1 4.57353E-1 3.36786E-1 6.46773E-1 5.8405E-1 4.9186E-1 5.33055E-1 6.00928E-1 5.89757E-1 4.3946E-1
1.9107E-1 1.56527E-1 1.45953E-1 1.76105E-1 1.89533E-1 2.29005E-1 2.11755E-1 1.14139E-1 1.9975E-1 1.83598E-1 1.69456E-1 1.7413E-1 1.99436E-1 2.07543E-1 2.15396E-1 3.24252E-1 3.20061E-1 1.89219E-1 2.15234E-1 2.18475E-1 1.82394E-1 1.76521E-1 1.77398E-1 1.94212E-1 2.82966E-1 2.59159E-1 1.50455E-1 1.32903E-1 9.92864E-2 9.90786E-2 1.36672E-1 1.30908E-1 1.81035E-1 2.26884E-1 2.93642E-1 3.10457E-1 1.93779E-1 2.01745E-1 2.85226E-1 3.81874E-1 3.17368E-1 3.21634E-1 2.03552E-1 3.50612E-1 3.17531E-1 2.65585E-1 2.32981E-1 8.32193E-2 1.21595E-1 7.30452E-2 4.30716E-1 5.12858E-1 5.21237E-1 5.14867E-1 3.42177E-1 2.68511E-1 3.65507E-1 4.66172E-1 4.32781E-1 2.57002E-1
1.71697E-1 1.67968E-1 1.82253E-1 2.14145E-1 2.21138E-1 2.10736E-1 1.10979E-1 2.09292E-1 1.95476E-1 1.73151E-1 2.04214E-1 6.69072E-2 2.57908E-1 2.60145E-1 2.4635E-1 2.27183E-1 3.26748E-1 1.68576E-1 1.82177E-1 1.98118E-1 1.53641E-1 1.68354E-1 2.13433E-1 2.73068E-1 2.37094E-1 1.39843E-1 1.18643E-1 9.21661E-2 8.51157E-2 8.9008E-2 1.19107E-1 1.18931E-1 1.61405E-1 1.94268E-1 2.65325E-1 3.30295E-1 1.88475E-1 3.94154E-1 3.72787E-1 1.75669E-1 1.70352E-1 1.70986E-1 2.58039E-1 3.42773E-1 3.4763E-1 2.54168E-1 2.46406E-1 2.04686E-1 2.46202E-1 1.89876E-1 2.1523E-1 3.84942E-1 4.02203E-1 3.60761E-1 3.44891E-1 2.9915E-1 3.74282E-1 4.79136E-1 2.74204E-1 4.50844E-1
1.65575E-1 1.66472E-1 1.40939E-1 1.15716E-1 1.1406E-1 2.22841E-1 2.06385E-1 1.96077E-1 1.92641E-1 1.831E-1 2.3919E-1 3.06826E-1 4.01228E-1 1.82699E-1 2.93773E-1 1.55788E-1 1.9549E-1 1.76037E-1 2.03685E-1 1.94975E-1 1.3528E-1 1.56166E-1 2.63049E-1 2.47655E-1 1.20228E-1 1.36995E-1 9.86676E-2 8.51208E-2 8.37383E-2 9.36264E-2 1.23857E-1 1.22358E-1 1.43727E-1 1.69236E-1 2.33954E-1 3.17966E-1 2.61803E-1 4.11815E-1 3.98266E-1 2.81742E-1 2.98123E-1 3.43008E-1 3.28289E-1 2.96712E-1 3.36641E-1 2.24819E-1 2.05287E-1 1.8053E-1 1.10812E-1 2.26891E-1 2.6258E-1 2.35426E-1 4.0966E-1 4.49059E-1 4.34287E-1 3.68083E-1 3.86404E-1 4.36607E-1 4.97517E-1 4.44865E-1
2.14083E-1 2.75605E-1 2.62039E-1 2.11137E-1 8.98109E-2 1.99852E-1 1.78489E-1 1.78132E-1 1.70327E-1 1.70453E-1 2.14831E-1 2.43746E-1 9.24881E-2 4.37322E-1 1.67176E-1 3.26419E-1 2.00474E-1 1.96386E-1 2.10318E-1 1.57758E-1 1.20278E-1 1.27189E-1 2.3926E-1 2.16712E-1 1.11533E-1 1.4286E-1 1.05676E-1 9.87127E-2 1.00775E-1 1.25558E-1 1.43991E-1 1.32094E-1 1.55873E-1 1.94136E-1 2.75299E-1 3.55317E-1 3.72162E-1 1.70813E-1 2.21605E-1 2.86752E-1 2.93674E-1 3.02637E-1 3.07273E-1 2.65893E-1 2.38025E-1 1.91941E-1 1.69664E-1 1.41834E-1 1.05767E-1 2.01921E-1 3.01636E-1 4.10104E-1 2.74303E-1 3.86667E-1 4.78954E-1 3.74512E-1 3.997E-1 3.90071E-1 4.40559E-1 4.22885E-1
2.5541E-1 3.61008E-1 2.40414E-1 2.05328E-1 9.69491E-2 2.18895E-1 1.92567E-1 1.78477E-1 1.71698E-1 1.96033E-1 2.36308E-1 2.56875E-1 2.94028E-1 1.87445E-1 2.26095E-1 2.43697E-1 2.97915E-1 2.92546E-1 2.16581E-1 1.56146E-1 1.09883E-1 1.26672E-1 2.53904E-1 1.53104E-1 1.44459E-1 1.55036E-1 1.19862E-1 1.21745E-1 1.41791E-1 1.57889E-1 1.65718E-1 1.40632E-1 1.54199E-1 2.01033E-1 2.95577E-1 2.35978E-1 3.77202E-1 2.13377E-1 3.96802E-1 3.59128E-1 2.52608E-1 2.71963E-1 2.8842E-1 2.70024E-1 2.41058E-1 1.43766E-1 1.29574E-1 1.22764E-1 1.20789E-1 1.71824E-1 3.01835E-1 3.55811E-1 4.34347E-1 4.79401E-1 3.73779E-1 3.16666E-1 4.18837E-1 4.16461E-1 4.2354E-1 4.74466E-1
1.36845E-1 3.89009E-1 2.07795E-1 2.04951E-1 1.32063E-1 2.27318E-1 1.92599E-1 1.98346E-1 2.02855E-1 2.67463E-1 3.58869E-1 3.99E-1 4.17147E-1 1.52314E-1 2.5376E-1 2.64661E-1 2.8271E-1 2.10755E-1 1.68193E-1 1.3434E-1 1.44897E-1 1.89539E-1 1.73315E-1 1.65953E-1 1.94886E-1 2.18224E-1 1.82847E-1 2.03639E-1 2.21435E-1 2.32126E-1 2.53847E-1 2.07963E-1 1.85326E-1 2.40781E-1 3.62812E-1 3.82454E-1 3.85981E-1 4.06263E-1 1.84707E-1 3.17667E-1 2.21899E-1 2.40333E-1 2.93719E-1 3.1081E-1 2.41643E-1 1.46456E-1 1.39097E-1 1.36104E-1 1.42195E-1 1.60447E-1 2.07555E-1 2.65138E-1 3.40108E-1 4.00597E-1 4.30988E-1 4.23648E-1 3.91063E-1 3.38624E-1 3.82684E-1 4.44079E-1
3.52282E-1 3.09664E-1 2.06088E-1 2.55073E-1 1.14709E-1 2.35296E-1 1.88174E-1 1.42559E-1 1.61685E-1 1.67499E-1 2.23517E-1 3.4676E-1 4.45941E-1 2.27056E-1 4.44407E-1 3.01749E-1 2.81751E-1 2.01412E-1 1.75802E-1 1.55108E-1 2.0875E-1 2.65804E-1 1.70033E-1 2.43209E-1 2.68914E-1 2.79946E-1 2.32883E-1 2.74355E-1 2.75447E-1 2.46162E-1 2.76307E-1 2.28328E-1 1.96193E-1 2.1122E-1 3.30252E-1 3.41924E-1 3.96377E-1 3.47017E-1 2.87614E-1 2.37653E-1 1.81731E-1 1.7996E-1 2.42163E-1 2.60725E-1 2.37215E-1 1.43458E-1 1.3911E-1 1.47082E-1 1.66279E-1 1.76775E-1 2.16728E-1 2.43166E-1 2.84805E-1 3.3583E-1 3.87852E-1 4.67486E-1 3.70556E-1 3.33346E-1 4.32233E-1 4.51983E-1
3.14532E-1 2.3775E-1 2.41509E-1 2.92172E-1 1.60961E-1 2.36535E-1 1.84718E-1 1.68788E-1 1.45747E-1 1.513E-1 1.73467E-1 2.04906E-1 3.20631E-1 2.75976E-1 4.56716E-1 2.93202E-1 2.58287E-1 2.12019E-1 2.08857E-1 2.37592E-1 3.13323E-1 2.58458E-1 3.36256E-1 3.63227E-1 2.04216E-1 2.73364E-1 2.75384E-1 2.84485E-1 2.60852E-1 2.11563E-1 1.73415E-1 2.11803E-1 1.86239E-1 2.05419E-1 3.65297E-1 3.58425E-1 1.75581E-1 3.46356E-1 2.37804E-1 2.00687E-1 1.62084E-1 1.61592E-1 1.99263E-1 2.57307E-1 2.42273E-1 1.50441E-1 1.51545E-1 1.69536E-1 1.91444E-1 2.1651E-1 2.62964E-1 2.93133E-1 3.19133E-1 3.38283E-1 4.14445E-1 5.45E-1 4.35553E-1 3.87548E-1 2.91497E-1 3.40484E-1
2.68247E-1 2.76591E-1 3.05121E-1 1.21154E-1 2.23319E-1 2.20626E-1 1.72841E-1 1.61196E-1 1.51584E-1 1.57317E-1 1.83495E-1 2.104E-1 2.48188E-1 3.61955E-1 2.52076E-1 2.75828E-1 2.71589E-1 3.04706E-1 3.04735E-1 2.69791E-1 2.75182E-1 2.76491E-1 2.50576E-1 2.01413E-1 1.79501E-1 2.57E-1 3.27046E-1 2.85394E-1 2.57966E-1 6.63632E-2 2.09271E-1 1.91305E-1 1.94045E-1 2.60272E-1 3.33861E-1 2.59605E-1 1.16431E-1 3.60609E-1 2.3559E-1 1.70174E-1 1.40049E-1 1.48005E-1 1.97931E-1 2.71949E-1 1.70617E-1 1.59908E-1 1.99394E-1 2.04138E-1 2.01409E-1 2.34991E-1 3.10764E-1 3.40316E-1 3.64546E-1 3.92747E-1 4.2674E-1 4.9852E-1 5.6755E-1 4.71439E-1 3.41577E-1 4.77593E-1
2.57365E-1 3.04906E-1 3.29751E-1 1.38616E-1 1.94788E-1 1.76074E-1 1.5862E-1 1.56653E-1 1.57406E-1 1.49144E-1 2.0226E-1 2.21456E-1 2.43525E-1 2.47496E-1 4.21873E-2 2.33649E-1 3.8681E-1 3.47893E-1 3.0804E-1 2.77626E-1 2.40991E-1 1.48783E-1 1.35197E-1 1.54178E-1 2.16581E-1 2.56964E-1 3.48492E-1 2.69372E-1 2.46871E-1 9.56406E-2 2.16009E-1 1.75912E-1 1.77608E-1 2.44926E-1 3.12134E-1 1.81291E-1 1.38966E-1 3.54332E-1 1.90887E-1 1.65899E-1 1.4669E-1 1.82863E-1 2.4581E-1 2.8986E-1 2.20652E-1 2.22959E-1 3.04536E-1 2.69993E-1 2.47348E-1 2.63851E-1 3.20169E-1 2.04021E-1 3.89884E-1 4.52634E-1 5.33368E-1 5.725E-1 5.36606E-1 4.78509E-1 5.64896E-1 5.07598E-1
1.72687E-1 2.2899E-1 1.84314E-1 1.05064E-1 1.4334E-1 1.55408E-1 1.44025E-1 1.60015E-1 1.51844E-1 1.43965E-1 1.52005E-1 1.83929E-1 2.68621E-1 2.47187E-1 2.17045E-1 4.37521E-1 4.11228E-1 3.69978E-1 3.00742E-1 2.40999E-1 2.24883E-1 2.46374E-1 2.46738E-1 3.15316E-1 3.86287E-1 3.21864E-1 4.10972E-1 3.4107E-1 2.97682E-1 1.15685E-1 2.11404E-1 1.66304E-1 1.48839E-1 2.21476E-1 2.56109E-1 1.29352E-1 5.42862E-2 2.73928E-1 1.38937E-1 1.26308E-1 1.19053E-1 1.67404E-1 2.25263E-1 2.91895E-1 2.80625E-1 2.25988E-1 3.00753E-1 2.58404E-1 2.55981E-1 2.15862E-1 2.79975E-1 2.54895E-1 2.83773E-1 3.85759E-1 4.81748E-1 3.30613E-1 4.1076E-1 4.68125E-1 4.38916E-1 4.04807E-1
1.99677E-1 2.29739E-1 1.71103E-1 1.7848E-1 1.35079E-1 1.61221E-1 1.622E-1 1.68181E-1 1.76326E-1 1.67893E-1 1.68166E-1 1.77469E-1 2.25062E-1 2.05563E-1 1.00768E-1 3.9458E-1 3.63344E-1 2.887E-1 1.57799E-1 1.54773E-1 2.57357E-1 2.72124E-1 2.70516E-1 3.15656E-1 4.17265E-1 4.83019E-1 3.86244E-1 3.32775E-1 2.80231E-1 1.72839E-1 2.31555E-1 1.79856E-1 1.42997E-1 1.038E-1 1.14423E-1 1.10051E-1 5.22744E-2 2.63007E-1 2.49645E-1 1.24476E-1 1.37244E-1 1.97209E-1 2.59154E-1 3.62934E-1 3.75749E-1 1.91348E-1 1.78531E-1 1.91266E-1 3.12023E-1 2.73471E-1 3.11214E-1 3.0442E-1 1.98835E-1 4.19714E-1 5.0662E-1 3.86778E-1 3.4777E-1 3.96696E-1 3.93288E-1 4.29367E-1
8.7476E-2 9.68712E-2 8.36193E-2 1.34115E-1 1.33464E-1 1.87002E-1 1.92869E-1 1.95209E-1 1.89523E-1 1.84487E-1 1.93537E-1 1.80934E-1 2.41665E-1 2.4223E-1 3.31886E-1 3.49934E-1 2.28326E-1 1.85861E-1 1.59098E-1 2.09954E-1 3.2488E-1 3.05985E-1 3.03312E-1 3.43866E-1 2.9467E-1 5.40308E-1 3.97084E-1 2.7631E-1 2.72492E-1 2.60798E-1 2.30536E-1 1.9264E-1 1.64467E-1 1.16368E-1 1.03088E-1 8.78409E-2 1.19609E-1 1.74684E-1 2.33107E-1 2.02122E-1 1.23103E-1 1.08041E-1 2.16806E-1 3.22044E-1 4.0865E-1 3.00154E-1 3.59894E-1 4.36138E-1 2.16259E-1 1.95726E-1 3.72309E-1 4.39931E-1 4.01526E-1 4.0902E-1 4.59592E-1 4.00011E-1 3.59662E-1 3.6654E-1 3.39675E-1 3.44981E-1
8.15804E-2 1.07857E-1 1.33455E-1 1.51409E-1 1.51964E-1 2.26931E-1 1.07619E-1 2.29205E-1 2.24426E-1 2.141E-1 2.26201E-1 2.23759E-1 2.85545E-1 2.8696E-1 2.9658E-1 3.22795E-1 2.25738E-1 2.2047E-1 2.13803E-1 2.65723E-1 3.91765E-1 3.68655E-1 3.26601E-1 3.61678E-1 5.38846E-1 5.15264E-1 3.53E-1 2.27537E-1 2.58787E-1 2.42653E-1 2.12041E-1 1.97759E-1 1.96894E-1 1.6174E-1 1.09959E-1 9.13562E-2 1.2571E-1 2.0908E-1 2.41298E-1 2.07746E-1 1.95922E-1 2.20223E-1 2.5282E-1 3.90544E-1 3.15771E-1 2.38853E-1 3.7627E-1 4.14749E-1 2.60498E-1 3.11251E-1 4.08491E-1 4.56907E-1 4.0356E-1 4.11701E-1 4.97922E-1 4.52827E-1 1.93124E-1 4.0578E-1 4.14878E-1 3.89633E-1
8.41924E-2 1.19856E-1 1.39574E-1 6.2974E-2 1.86816E-1 2.29302E-1 1.87584E-1 2.02067E-1 2.22886E-1 2.13035E-1 1.97453E-1 2.31037E-1 3.25975E-1 9.43679E-2 3.37368E-1 3.54159E-1 2.9475E-1 3.16141E-1 3.08504E-1 3.41951E-1 4.53818E-1 4.44337E-1 3.90913E-1 3.67241E-1 5.04487E-1 4.77301E-1 3.08815E-1 2.56763E-1 2.92325E-1 2.94515E-1 2.67208E-1 2.4813E-1 2.51704E-1 2.72711E-1 1.81021E-1 1.39553E-1 1.22107E-1 1.56401E-1 1.98659E-1 3.66554E-1 1.92701E-1 1.95239E-1 2.28798E-1 3.68919E-1 3.7173E-1 2.53344E-1 4.24886E-1 4.20498E-1 2.38677E-1 2.88301E-1 3.96207E-1 5.04477E-1 4.60149E-1 4.91676E-1 5.95406E-1 4.38551E-1 1.8945E-1 3.94504E-1 3.87232E-1 4.06652E-1
1.25013E-1 1.49269E-1 1.75246E-1 1.60248E-1 2.58066E-1 2.26501E-1 1.87686E-1 1.4559E-1 2.19706E-1 2.18815E-1 2.74677E-1 2.63392E-1 3.4343E-1 3.07835E-1 4.46553E-1 5.25659E-1 5.34168E-1 4.65507E-1 3.46181E-1 3.06154E-1 2.39453E-1 2.52528E-1 4.31957E-1 5.18232E-1 5.17914E-1 4.19486E-1 2.58343E-1 2.15066E-1 2.58376E-1 2.39999E-1 1.32835E-1 1.23224E-1 1.33183E-1 1.8895E-1 1.7962E-1 1.1171E-1 1.67029E-1 2.09404E-1 2.7439E-1 3.71853E-1 2.06842E-1 1.61839E-1 1.99076E-1 3.68994E-1 4.12597E-1 2.24836E-1 3.93228E-1 4.06104E-1 2.63223E-1 2.33787E-1 3.15937E-1 4.24821E-1 3.59587E-1 1.83012E-1 4.83461E-1 4.38891E-1 3.59944E-1 3.38353E-1 2.36334E-1 5.32994E-2
1.24123E-1 1.41978E-1 1.49047E-1 1.30848E-1 2.60783E-1 2.04151E-1 2.08591E-1 2.11194E-1 2.09403E-1 2.34862E-1 3.08526E-1 2.84452E-1 2.98802E-1 3.38909E-1 3.26455E-1 5.60109E-1 2.77525E-1 3.37295E-1 5.58837E-1 5.7948E-1 6.27741E-1 5.99831E-1 4.93019E-1 6.12088E-1 5.5357E-1 4.48449E-1 3.64503E-1 2.83466E-1 3.84551E-1 1.17271E-1 2.22182E-1 2.18853E-1 2.17151E-1 2.59972E-1 3.44928E-1 3.23477E-1 1.13763E-1 2.40167E-1 2.37369E-1 3.53273E-1 2.98745E-1 1.57072E-1 2.40999E-1 3.92754E-1 4.35506E-1 2.38658E-1 2.52938E-1 2.83206E-1 4.557E-1 3.04593E-1 3.61841E-1 3.79743E-1 2.98873E-1 3.89999E-1 4.64261E-1 4.75439E-1 3.8091E-1 4.42195E-1 1.68502E-1 2.26468E-1
1.16936E-1 1.3695E-1 4.75733E-2 1.33725E-1 2.02155E-1 2.00922E-1 1.80044E-1 2.0619E-1 2.40449E-1 2.86627E-1 4.01601E-1 2.51031E-1 1.39937E-1 1.9381E-1 7.62336E-2 3.02486E-1 4.58459E-1 4.20649E-1 5.45107E-1 5.2027E-1 5.87004E-1 5.52643E-1 6.23917E-1 5.01144E-1 5.297E-1 2.25078E-1 1.8794E-1 3.42616E-1 1.77762E-1 2.08285E-1 2.02395E-1 1.70549E-1 2.04194E-1 1.85596E-1 2.9688E-1 3.30363E-1 3.92876E-1 1.44806E-1 2.99177E-1 4.23897E-1 3.60509E-1 2.18683E-1 2.13328E-1 3.95674E-1 4.32716E-1 2.27871E-1 3.30487E-1 4.56806E-1 2.79163E-1 2.94626E-1 3.91613E-1 3.04249E-1 4.51931E-1 3.28035E-1 4.10763E-1 4.28971E-1 4.29653E-1 1.77929E-1 3.35403E-1 2.30018E-1
1.17483E-1 1.3929E-1 3.0504E-1 2.17999E-1 1.06212E-1 2.25894E-1 2.12582E-1 2.63258E-1 2.5311E-1 1.65352E-1 4.0003E-1 3.97916E-1 3.38549E-1 4.05689E-1 1.66479E-1 5.42081E-1 5.32372E-1 5.09279E-1 5.04123E-1 5.00867E-1 4.90953E-1 3.44572E-1 5.96785E-1 5.83741E-1 4.11255E-1 4.15891E-1 3.81832E-1 4.22969E-1 1.40392E-1 2.1926E-1 2.03029E-1 1.50911E-1 1.80829E-1 2.04154E-1 2.57924E-1 3.16966E-1 4.07681E-1 2.9747E-1 2.68602E-1 4.37116E-1 4.16986E-1 4.02849E-1 2.68745E-1 3.97685E-1 4.23258E-1 2.25427E-1 2.85133E-1 4.58898E-1 4.93312E-1 4.40825E-1 4.33659E-1 4.31234E-1 3.8922E-1 3.32546E-1 3.74245E-1 3.15096E-1 2.36335E-1 3.5788E-1 2.26549E-1 1.68806E-1
