Phytophthora/models/20240430_1311_16/Phytophthora_PA3_RUN7_MAXENT_outputs/Phytophthora_PA3_RUN7.asc
ncols         225
nrows         269
xllcorner     473000.0
yllcorner     4429100.0
cellsize      50.0
NODATA_value  -9999
[rows 135 to 161 of 269, columns 120 to 179 of 225]
1.41142E-1 1.38141E-1 1.69684E-1 1.90922E-1 2.51798E-1 3.94844E-1 4.53083E-1 4.96739E-1 3.2249E-1 5.01279E-1 5.85006E-1 5.28062E-1 5.13123E-1 5.19386E-1 5.27523E-1 -9999 -9999 -9999 -9999 -9999 -9999 -9999 -9999 -9999 -9999 -9999 -9999 -9999 -9999 -9999 -9999 -9999 -9999 -9999 2.36379E-1 4.44019E-1 5.22653E-1 3.00017E-1 2.85531E-1 3.10823E-1 2.97672E-1 1.99537E-1 3.47772E-1 3.75358E-1 4.1362E-1 3.62845E-1 3.34747E-1 1.66603E-1 1.83905E-1 1.9716E-1 2.34287E-1 2.71809E-1 2.45942E-1 1.61296E-1 2.95263E-1 3.79687E-1 3.83962E-1 5.02767E-1 4.86727E-1 4.65471E-1
2.75199E-1 2.99286E-1 3.14367E-1 3.44025E-1 3.8376E-1 4.55259E-1 4.50452E-1 5.94798E-1 6.26427E-1 5.7251E-1 4.84272E-1 4.34002E-1 4.63292E-1 4.56101E-1 -9999 -9999 -9999 -9999 -9999 -9999 -9999 -9999 -9999 -9999 -9999 -9999 -9999 -9999 -9999 -9999 -9999 -9999 -9999 -9999 2.58797E-1 5.46004E-1 4.24021E-1 3.67808E-1 3.97483E-1 3.92614E-1 2.39477E-1 3.84739E-1 3.39502E-1 3.80883E-1 4.65935E-1 3.87172E-1 3.46194E-1 2.23919E-1 2.22453E-1 2.46194E-1 2.60469E-1 2.7028E-1 3.6341E-1 2.11328E-1 4.05856E-1 3.15472E-1 3.48987E-1 2.13984E-1 2.17656E-1 3.04746E-1
2.90742E-1 2.97173E-1 2.95677E-1 3.82557E-1 2.99399E-1 4.0591E-1 4.43635E-1 5.57667E-1 6.61909E-1 6.80928E-1 -9999 -9999 -9999 -9999 -9999 -9999 -9999 -9999 -9999 -9999 -9999 -9999 -9999 -9999 -9999 -9999 -9999 -9999 -9999 -9999 -9999 -9999 -9999 -9999 3.54504E-1 4.32198E-1 2.97823E-1 3.67249E-1 5.69594E-1 5.72695E-1 3.97624E-1 4.02201E-1 3.28327E-1 3.38167E-1 4.24138E-1 3.58645E-1 3.33308E-1 2.50245E-1 2.42099E-1 2.63952E-1 2.77639E-1 2.81413E-1 3.64276E-1 2.12975E-1 3.64651E-1 2.67657E-1 2.43869E-1 2.98274E-1 2.30142E-1 1.63856E-1
2.72412E-1 2.98347E-1 3.55501E-1 1.72842E-1 2.08887E-1 4.55263E-1 4.15995E-1 4.97494E-1 4.44651E-1 6.06527E-1 -9999 -9999 -9999 -9999 -9999 -9999 -9999 -9999 -9999 -9999 -9999 -9999 -9999 -9999 -9999 -9999 -9999 -9999 -9999 -9999 -9999 -9999 -9999 -9999 -9999 4.307E-1 3.82655E-1 4.34537E-1 5.43649E-1 6.16072E-1 3.82091E-1 5.00348E-1 3.76381E-1 3.38788E-1 4.22775E-1 3.3044E-1 3.16025E-1 2.47005E-1 2.64148E-1 2.97919E-1 3.21515E-1 2.99979E-1 2.84919E-1 1.66294E-1 3.66825E-1 2.0027E-1 2.1676E-1 2.07271E-1 2.86644E-1 2.37548E-1
2.80407E-1 2.94561E-1 3.61707E-1 3.96656E-1 4.2135E-1 3.42025E-1 4.09131E-1 4.85644E-1 3.67601E-1 5.70935E-1 6.98766E-1 -9999 -9999 -9999 -9999 -9999 -9999 -9999 -9999 -9999 -9999 -9999 -9999 -9999 -9999 -9999 -9999 -9999 -9999 -9999 -9999 -9999 -9999 -9999 -9999 5.00078E-1 5.62984E-1 5.29458E-1 5.34501E-1 6.20671E-1 3.98577E-1 6.02373E-1 5.58254E-1 4.19005E-1 4.48636E-1 3.50503E-1 3.2251E-1 2.58672E-1 2.80671E-1 3.10171E-1 1.90251E-1 1.79033E-1 2.12747E-1 3.15017E-1 3.68856E-1 1.68838E-1 2.48413E-1 2.85486E-1 2.21013E-1 1.71134E-1
3.01559E-1 3.48973E-1 2.21522E-1 3.88467E-1 2.49291E-1 4.62489E-1 3.99416E-1 4.74825E-1 4.67505E-1 5.43853E-1 -9999 -9999 -9999 -9999 -9999 -9999 -9999 -9999 -9999 -9999 -9999 -9999 -9999 -9999 -9999 -9999 -9999 -9999 -9999 -9999 -9999 -9999 -9999 -9999 -9999 2.9223E-1 4.19037E-1 3.95104E-1 4.57625E-1 5.50886E-1 3.88199E-1 6.15316E-1 5.6961E-1 5.16858E-1 4.55208E-1 3.57517E-1 3.00458E-1 2.65966E-1 2.97816E-1 3.31519E-1 1.2911E-1 2.78439E-1 2.92986E-1 2.87713E-1 2.39128E-1 1.52494E-1 2.31726E-1 2.43019E-1 3.04723E-1 3.0918E-1
3.74546E-1 2.80404E-1 4.27784E-1 4.2595E-1 4.08329E-1 4.40957E-1 4.21566E-1 2.81631E-1 4.81033E-1 2.88187E-1 -9999 -9999 -9999 -9999 -9999 -9999 -9999 -9999 -9999 -9999 -9999 -9999 -9999 -9999 -9999 -9999 -9999 -9999 -9999 -9999 -9999 -9999 -9999 -9999 -9999 -9999 4.07517E-1 4.5484E-1 3.81811E-1 2.84687E-1 5.18205E-1 4.94398E-1 4.54312E-1 4.08449E-1 3.70568E-1 3.34214E-1 2.77713E-1 2.65493E-1 3.01399E-1 3.19562E-1 1.24951E-1 2.49476E-1 2.20971E-1 2.03357E-1 1.82729E-1 1.03352E-1 1.70355E-1 2.95567E-1 3.99652E-1 3.95766E-1
2.34078E-1 4.24377E-1 3.94793E-1 2.32229E-1 4.36438E-1 4.2655E-1 4.43435E-1 2.54624E-1 2.13634E-1 -9999 -9999 -9999 -9999 -9999 -9999 -9999 -9999 -9999 -9999 -9999 -9999 -9999 -9999 -9999 -9999 -9999 -9999 -9999 -9999 -9999 -9999 -9999 -9999 -9999 -9999 -9999 2.96959E-1 2.1018E-1 5.12158E-1 4.84774E-1 4.10408E-1 4.51553E-1 4.10834E-1 3.77045E-1 3.45597E-1 3.26276E-1 2.56468E-1 2.46093E-1 2.92638E-1 3.11406E-1 1.67894E-1 2.6664E-1 2.24773E-1 1.94029E-1 1.79356E-1 1.17899E-1 1.8655E-1 2.30134E-1 2.96742E-1 3.59659E-1
2.29431E-1 4.1391E-1 4.07314E-1 2.06867E-1 3.93782E-1 4.32633E-1 5.05712E-1 2.96913E-1 -9999 -9999 -9999 -9999 -9999 -9999 -9999 -9999 -9999 1.64403E-1 1.99012E-1 1.96679E-1 3.55491E-1 2.50767E-1 1.51689E-1 1.97877E-1 2.46116E-1 3.13252E-1 -9999 -9999 -9999 -9999 -9999 -9999 -9999 -9999 -9999 -9999 3.02105E-1 4.93158E-1 4.66627E-1 4.21533E-1 3.24959E-1 4.04697E-1 3.74765E-1 3.43184E-1 3.15393E-1 3.11182E-1 2.2865E-1 2.24403E-1 2.68875E-1 3.29709E-1 2.58907E-1 2.2266E-1 2.58867E-1 2.1675E-1 1.92194E-1 6.21144E-2 2.40256E-1 2.94751E-1 3.41127E-1 3.76075E-1
4.11129E-1 4.15207E-1 3.31481E-1 3.89005E-1 2.05455E-1 1.72389E-1 -9999 -9999 -9999 -9999 -9999 -9999 -9999 -9999 -9999 -9999 2.49975E-1 1.9463E-1 2.24295E-1 2.31144E-1 3.44047E-1 1.67467E-1 2.18386E-1 2.47179E-1 2.81389E-1 3.42441E-1 -9999 -9999 -9999 -9999 -9999 -9999 -9999 -9999 -9999 -9999 2.2989E-1 4.49684E-1 4.12831E-1 3.56008E-1 2.52304E-1 2.64474E-1 3.1661E-1 3.10202E-1 2.81896E-1 2.94161E-1 1.96944E-1 2.06356E-1 2.39927E-1 2.88159E-1 3.74405E-1 2.21658E-1 1.26512E-1 2.53263E-1 7.32215E-2 2.69421E-1 2.67966E-1 2.51253E-1 3.00095E-1 3.57816E-1
2.96366E-1 2.56961E-1 2.93604E-1 4.33336E-1 3.82619E-1 -9999 -9999 -9999 -9999 -9999 -9999 -9999 -9999 -9999 -9999 -9999 -9999 2.59795E-1 2.56997E-1 2.62517E-1 2.7433E-1 9.27752E-2 2.68555E-1 3.02632E-1 3.145E-1 3.50621E-1 -9999 -9999 -9999 -9999 -9999 -9999 -9999 -9999 -9999 -9999 2.02063E-1 4.25877E-1 3.86994E-1 3.26911E-1 2.2403E-1 2.06777E-1 1.93165E-1 1.99881E-1 2.49802E-1 2.74407E-1 1.87799E-1 1.86684E-1 2.12396E-1 2.31809E-1 3.4595E-1 3.84644E-1 2.66637E-1 1.21961E-1 4.14722E-1 3.81433E-1 3.0824E-1 2.74563E-1 2.82805E-1 3.24129E-1
2.799E-1 3.91444E-1 3.98503E-1 -9999 -9999 -9999 -9999 -9999 -9999 -9999 -9999 -9999 -9999 -9999 -9999 -9999 -9999 3.1153E-1 3.15143E-1 3.22377E-1 3.28154E-1 2.61926E-1 -9999 -9999 -9999 -9999 -9999 -9999 -9999 -9999 -9999 -9999 -9999 -9999 -9999 -9999 5.63733E-1 6.40292E-1 6.09158E-1 4.81968E-1 2.51636E-1 2.2081E-1 2.14477E-1 1.76258E-1 1.10981E-1 2.69477E-1 1.68811E-1 1.7914E-1 2.08947E-1 2.06954E-1 2.59575E-1 2.5998E-1 3.84387E-1 1.89164E-1 3.68328E-1 2.81655E-1 2.1463E-1 1.81797E-1 1.78606E-1 2.40144E-1
2.80551E-1 2.74251E-1 3.08623E-1 -9999 -9999 -9999 -9999 -9999 -9999 -9999 -9999 -9999 -9999 -9999 -9999 -9999 -9999 3.64022E-1 3.67676E-1 3.6167E-1 4.82874E-1 3.03139E-1 -9999 -9999 -9999 -9999 -9999 -9999 -9999 -9999 -9999 -9999 -9999 -9999 -9999 -9999 -9999 5.68657E-1 7.58776E-1 6.09651E-1 3.38016E-1 2.97513E-1 2.31995E-1 2.15311E-1 7.11902E-2 2.66648E-1 1.39494E-1 1.98674E-1 1.21314E-1 9.81955E-2 4.68802E-2 1.70412E-1 1.61906E-1 1.90102E-1 7.87913E-2 2.05726E-1 1.86495E-1 1.55383E-1 1.27801E-1 1.45108E-1
1.53273E-1 2.0447E-1 1.91518E-1 2.34119E-1 -9999 -9999 -9999 -9999 -9999 -9999 -9999 -9999 -9999 -9999 -9999 -9999 3.15074E-1 4.12212E-1 4.16594E-1 4.02412E-1 5.43375E-1 4.1999E-1 4.26418E-1 5.09326E-1 -9999 -9999 -9999 -9999 -9999 -9999 -9999 -9999 -9999 -9999 -9999 -9999 -9999 5.57847E-1 7.61339E-1 6.69574E-1 3.5198E-1 1.8145E-1 1.52747E-1 2.93735E-1 1.21021E-1 2.86271E-1 1.57514E-1 1.0724E-1 1.8203E-1 1.11274E-1 9.93021E-2 1.26943E-1 1.31308E-1 1.73955E-1 1.28176E-1 1.37766E-1 1.89801E-1 1.73595E-1 1.54858E-1 1.84814E-1
1.04142E-1 3.07582E-1 1.83204E-1 2.64866E-1 1.62757E-1 -9999 -9999 -9999 -9999 -9999 -9999 -9999 -9999 -9999 -9999 5.05615E-1 4.32691E-1 4.68754E-1 4.78177E-1 4.71289E-1 5.57816E-1 5.81494E-1 5.77521E-1 -9999 -9999 -9999 -9999 5.7774E-1 5.68123E-1 4.2917E-1 -9999 -9999 -9999 -9999 -9999 -9999 -9999 6.56521E-1 4.28504E-1 5.70157E-1 4.02912E-1 4.15302E-1 3.77649E-1 2.91808E-1 1.968E-1 2.39432E-1 2.79233E-1 2.51521E-1 1.39288E-1 1.2039E-1 1.21146E-1 1.51039E-1 2.05252E-1 2.38105E-1 1.73455E-1 1.60393E-1 2.29865E-1 2.1916E-1 1.90647E-1 2.00651E-1
1.14074E-1 3.09456E-1 1.71374E-1 2.30425E-1 1.26724E-1 1.92753E-1 1.97573E-1 3.62506E-1 2.21024E-1 -9999 3.65197E-1 3.12597E-1 2.88485E-1 1.53598E-1 3.11758E-1 3.44928E-1 3.35998E-1 5.26109E-1 6.09656E-1 6.20168E-1 6.53188E-1 3.0915E-1 6.48794E-1 -9999 -9999 -9999 3.57746E-1 4.2866E-1 5.52122E-1 6.02421E-1 6.3537E-1 6.12475E-1 6.00729E-1 -9999 -9999 -9999 6.27333E-1 4.10572E-1 6.01907E-1 3.32001E-1 3.50197E-1 3.16385E-1 2.97726E-1 2.95724E-1 3.42119E-1 3.23332E-1 2.08413E-1 8.66551E-2 1.50458E-1 1.58839E-1 1.79276E-1 2.12044E-1 2.34913E-1 2.68829E-1 2.24749E-1 1.67458E-1 2.68193E-1 2.29619E-1 2.04773E-1 2.27795E-1
3.80838E-1 2.85135E-1 3.73875E-1 3.31407E-1 2.67243E-1 2.50149E-1 2.03587E-1 2.24239E-1 3.06564E-1 3.52766E-1 6.20382E-1 3.93488E-1 3.12386E-1 3.5571E-1 4.74915E-1 3.33459E-1 4.45309E-1 5.39806E-1 4.62396E-1 5.02729E-1 3.4173E-1 5.09912E-1 5.63915E-1 5.737E-1 6.06484E-1 5.22711E-1 6.07491E-1 6.37126E-1 6.06952E-1 5.69212E-1 5.20037E-1 5.49761E-1 5.04664E-1 4.7815E-1 4.85572E-1 5.011E-1 3.40401E-1 4.81321E-1 4.72123E-1 4.92414E-1 2.13289E-1 5.11734E-1 5.05864E-1 4.84339E-1 4.35687E-1 1.71732E-1 1.49967E-1 1.94929E-1 1.58194E-1 1.8422E-1 1.82294E-1 2.14105E-1 2.51311E-1 2.6668E-1 2.69721E-1 1.90138E-1 2.78751E-1 2.19371E-1 2.10246E-1 3.21301E-1
4.41275E-1 3.29878E-1 2.76141E-1 3.96355E-1 3.1189E-1 2.80397E-1 2.17536E-1 2.64679E-1 3.61836E-1 4.10018E-1 3.63585E-1 5.4703E-1 4.46066E-1 2.76879E-1 2.82537E-1 3.07022E-1 3.74984E-1 4.10065E-1 4.94237E-1 5.60759E-1 5.98166E-1 4.28246E-1 5.89221E-1 3.40005E-1 5.80716E-1 5.03496E-1 5.55013E-1 6.17147E-1 6.16716E-1 5.14574E-1 5.34834E-1 5.25652E-1 5.17678E-1 5.40405E-1 5.15868E-1 4.13367E-1 3.6379E-1 4.12236E-1 4.36499E-1 4.59444E-1 4.42162E-1 3.94886E-1 4.645E-1 3.90577E-1 3.32424E-1 1.657E-1 1.68082E-1 1.38113E-1 1.67544E-1 1.96673E-1 1.96602E-1 2.23784E-1 2.72484E-1 2.37527E-1 2.73461E-1 1.4098E-1 3.0794E-1 2.27361E-1 3.52895E-1 3.24231E-1
4.37942E-1 4.59432E-1 4.21642E-1 2.49653E-1 4.3731E-1 3.53411E-1 2.89133E-1 3.25124E-1 3.52103E-1 3.81428E-1 1.85311E-1 3.10502E-1 2.50135E-1 2.22234E-1 2.78164E-1 2.97592E-1 3.64013E-1 4.08363E-1 4.65768E-1 5.02509E-1 5.33784E-1 4.15846E-1 6.06125E-1 3.23288E-1 3.38484E-1 2.60615E-1 3.13177E-1 5.75361E-1 5.61137E-1 4.73019E-1 5.20169E-1 4.89344E-1 5.31036E-1 5.45243E-1 5.29674E-1 4.04336E-1 3.03654E-1 4.64563E-1 4.10605E-1 4.24926E-1 4.11509E-1 4.45071E-1 4.78025E-1 4.15086E-1 3.38934E-1 3.0118E-1 3.2975E-1 1.56958E-1 1.83407E-1 2.08996E-1 1.9909E-1 2.42411E-1 2.78999E-1 1.95598E-1 2.70293E-1 1.62703E-1 3.67828E-1 2.61223E-1 3.55068E-1 2.12222E-1
5.09952E-1 3.58243E-1 3.53478E-1 4.64819E-1 5.20381E-1 4.60129E-1 3.8352E-1 3.90895E-1 4.06582E-1 4.38801E-1 2.62943E-1 3.28122E-1 3.07608E-1 2.80036E-1 3.01167E-1 2.88365E-1 3.17439E-1 3.37499E-1 3.85825E-1 4.19965E-1 4.54781E-1 4.05834E-1 4.85865E-1 3.00672E-1 3.05178E-1 5.9452E-1 6.15329E-1 5.95465E-1 5.08388E-1 4.76476E-1 5.3847E-1 5.30487E-1 5.64019E-1 5.51088E-1 5.05327E-1 4.32421E-1 4.50917E-1 4.35253E-1 3.77957E-1 3.95031E-1 3.95838E-1 4.4564E-1 3.92221E-1 4.18799E-1 3.62843E-1 2.42757E-1 1.94337E-1 1.90172E-1 2.04319E-1 2.17534E-1 2.1515E-1 2.4463E-1 2.70158E-1 2.82241E-1 2.46151E-1 2.34399E-1 3.78577E-1 4.03868E-1 3.51627E-1 1.85856E-1
5.71315E-1 5.83974E-1 3.7388E-1 5.41529E-1 2.93678E-1 5.12829E-1 4.23654E-1 4.02402E-1 4.25366E-1 2.79333E-1 2.02978E-1 3.50862E-1 3.59256E-1 3.1432E-1 3.18476E-1 2.64146E-1 2.85866E-1 2.59725E-1 2.64514E-1 3.22731E-1 3.72424E-1 4.15335E-1 4.55167E-1 4.12331E-1 4.42694E-1 4.80006E-1 4.32815E-1 4.20989E-1 2.30636E-1 4.95378E-1 5.40233E-1 5.47451E-1 5.71418E-1 5.67987E-1 5.11077E-1 4.42354E-1 4.25551E-1 4.4225E-1 3.56026E-1 3.44511E-1 3.58249E-1 4.16153E-1 2.24464E-1 4.3244E-1 3.54634E-1 1.90641E-1 2.06171E-1 2.11185E-1 1.95971E-1 2.0963E-1 2.09693E-1 2.3184E-1 2.56104E-1 2.74727E-1 1.65151E-1 1.90258E-1 2.98265E-1 3.90751E-1 3.40233E-1 1.93551E-1
4.36741E-1 4.28968E-1 3.11052E-1 3.86582E-1 3.77466E-1 2.07149E-1 3.87499E-1 3.52294E-1 4.12287E-1 3.54378E-1 5.20371E-1 5.15797E-1 4.84099E-1 4.45276E-1 3.89054E-1 2.93617E-1 3.07437E-1 3.36048E-1 3.50568E-1 3.76296E-1 4.00182E-1 2.37033E-1 4.52734E-1 3.9372E-1 3.93606E-1 2.44952E-1 1.93202E-1 1.64212E-1 1.04666E-1 3.00222E-1 4.00632E-1 3.86424E-1 4.06851E-1 4.18785E-1 4.11546E-1 3.89309E-1 3.64819E-1 3.59233E-1 3.38177E-1 2.96557E-1 3.23408E-1 3.79222E-1 2.91838E-1 4.32073E-1 3.94809E-1 5.05628E-2 1.45741E-1 1.48942E-1 1.30736E-1 1.55073E-1 2.58407E-1 2.91281E-1 3.18951E-1 3.17743E-1 1.4611E-1 3.30844E-1 3.94565E-1 4.73857E-1 4.15768E-1 2.48993E-1
4.07279E-1 2.55503E-1 2.48436E-1 4.19119E-1 3.59278E-1 4.09408E-1 3.68356E-1 3.87304E-1 4.33886E-1 3.64827E-1 5.01838E-1 4.86952E-1 4.6345E-1 4.48934E-1 3.9284E-1 2.81909E-1 3.06947E-1 3.4194E-1 3.70907E-1 4.03489E-1 4.28702E-1 2.73153E-1 4.52486E-1 4.0352E-1 3.6852E-1 2.11656E-1 1.91105E-1 1.81092E-1 7.18659E-2 3.16574E-1 4.17338E-1 3.77058E-1 4.19608E-1 4.25322E-1 3.42447E-1 2.83685E-1 1.88765E-1 3.58432E-1 3.36815E-1 3.14945E-1 3.3115E-1 3.88187E-1 4.42195E-1 4.47258E-1 3.96216E-1 1.46613E-1 6.78315E-2 1.51861E-1 1.22775E-1 1.38329E-1 2.42505E-1 3.03266E-1 2.92337E-1 2.98115E-1 1.33431E-1 2.95429E-1 3.32641E-1 4.71279E-1 2.03296E-1 1.98967E-1
5.54389E-1 6.11291E-1 4.31663E-1 4.2862E-1 3.35557E-1 3.45085E-1 3.4949E-1 3.9719E-1 4.93248E-1 2.62183E-1 5.58244E-1 5.1872E-1 4.8115E-1 4.86076E-1 4.68347E-1 3.47852E-1 3.49545E-1 3.79958E-1 4.17134E-1 4.19174E-1 4.28964E-1 2.39746E-1 4.69034E-1 4.53797E-1 4.88041E-1 2.88927E-1 2.4034E-1 2.31503E-1 3.2954E-1 2.28424E-1 3.2238E-1 3.87305E-1 3.96128E-1 4.75531E-1 4.84408E-1 3.99625E-1 3.44196E-1 3.19208E-1 3.04132E-1 3.11646E-1 3.48994E-1 4.05327E-1 4.67506E-1 2.76746E-1 3.96812E-1 1.97747E-1 3.73104E-2 1.28083E-1 1.15545E-1 1.28094E-1 3.03307E-1 3.73353E-1 2.84769E-1 2.92595E-1 2.03438E-1 3.21222E-1 2.86622E-1 3.84563E-1 3.72129E-1 2.36512E-1
5.57343E-1 5.56605E-1 3.46282E-1 3.57087E-1 2.79682E-1 2.7832E-1 3.40603E-1 4.02309E-1 4.05024E-1 4.00026E-1 5.40009E-1 5.15773E-1 4.77862E-1 4.54309E-1 4.58548E-1 4.11337E-1 3.78747E-1 4.13784E-1 4.67279E-1 4.58185E-1 3.02075E-1 4.29655E-1 4.31544E-1 4.65953E-1 5.74353E-1 4.19603E-1 3.99511E-1 2.98005E-1 2.58435E-1 2.77828E-1 4.5894E-1 4.43084E-1 4.62261E-1 4.34837E-1 3.534E-1 2.99211E-1 2.86852E-1 2.71182E-1 2.62179E-1 2.7044E-1 3.23327E-1 3.9312E-1 4.45369E-1 2.23504E-1 4.29694E-1 2.35303E-1 2.31062E-2 7.67261E-2 1.06441E-1 1.40989E-1 3.92704E-1 3.52233E-1 2.93597E-1 3.20694E-1 2.40606E-1 2.02956E-1 2.76936E-1 3.41235E-1 2.74459E-1 1.854E-1
4.29157E-1 2.39636E-1 3.40759E-1 2.88171E-1 2.31962E-1 2.41269E-1 2.92177E-1 4.44229E-1 4.03483E-1 5.23444E-1 5.53992E-1 5.43156E-1 5.21584E-1 5.22653E-1 5.2714E-1 5.11581E-1 4.70576E-1 4.52323E-1 5.12244E-1 4.99631E-1 3.01238E-1 4.16182E-1 2.75068E-1 2.74462E-1 2.98772E-1 1.50761E-1 3.58574E-1 1.69672E-1 2.80556E-1 3.83327E-1 4.59928E-1 4.05983E-1 2.95151E-1 2.66896E-1 2.39376E-1 2.01969E-1 2.47112E-1 2.29369E-1 2.3144E-1 2.37734E-1 2.98271E-1 3.5257E-1 4.26526E-1 4.76684E-1 2.22852E-1 2.43175E-1 2.86333E-2 1.25654E-1 1.16236E-1 1.43697E-1 2.28119E-1 4.57862E-1 3.1195E-1 3.23115E-1 1.88916E-1 2.18748E-1 2.79921E-1 2.6298E-1 2.5287E-1 2.13996E-1
2.69182E-1 2.27958E-1 1.93868E-1 1.61165E-1 1.64018E-1 3.33953E-1 4.32946E-1 5.01748E-1 3.37173E-1 5.19245E-1 5.35665E-1 5.41608E-1 5.00624E-1 5.10701E-1 5.16533E-1 5.57801E-1 5.94752E-1 5.36605E-1 5.94588E-1 2.7813E-1 2.17065E-1 3.13906E-1 3.7436E-1 3.74869E-1 3.71688E-1 1.30056E-1 3.57356E-1 4.41285E-1 2.51953E-1 4.20281E-1 2.25175E-1 1.34974E-1 1.00029E-1 9.20411E-2 1.03026E-1 1.75056E-1 2.4546E-1 2.30564E-1 2.34617E-1 2.4113E-1 2.66828E-1 3.29448E-1 3.94063E-1 4.48328E-1 4.77804E-1 2.99587E-1 5.68669E-2 1.7521E-1 1.58497E-1 1.78899E-1 2.77341E-1 4.16451E-1 4.87531E-1 2.2764E-1 3.27088E-1 3.51357E-1 2.86108E-1 2.85411E-1 2.43802E-1 2.23636E-1
