Phytophthora/models/20240430_1311_16/Phytophthora_PA3_RUN7_MAXENT_outputs/Phytophthora_PA3_RUN7.asc
ncols         225
nrows         269
xllcorner     473000.0
yllcorner     4429100.0
cellsize      50.0
NODATA_value  -9999
[rows 81 to 107 of 269, columns 0 to 59 of 225]
-9999 -9999 -9999 -9999 -9999 -9999 -9999 -9999 -9999 -9999 -9999 -9999 -9999 -9999 -9999 -9999 -9999 -9999 -9999 -9999 -9999 -9999 -9999 -9999 -9999 -9999 -9999 -9999 -9999 -9999 -9999 -9999 6.07497E-4 5.59846E-4 7.34535E-4 1.20937E-3 1.80904E-3 3.1678E-3 3.94109E-3 3.24082E-3 6.88474E-3 5.7331E-3 5.66285E-3 6.24742E-3 6.44179E-3 7.41533E-3 9.63843E-3 6.05071E-3 5.61213E-3 1.2205E-2 9.76079E-3 1.86109E-2 1.40197E-2 1.59699E-2 6.16709E-3 2.80448E-2 2.31692E-2 8.72816E-3 3.03123E-2 1.65597E-2
-9999 -9999 -9999 -9999 -9999 -9999 -9999 -9999 -9999 -9999 -9999 -9999 -9999 -9999 -9999 -9999 -9999 -9999 -9999 -9999 -9999 -9999 -9999 -9999 -9999 -9999 -9999 -9999 -9999 -9999 -9999 -9999 8.88333E-4 1.04633E-3 1.07368E-3 1.47458E-3 2.16766E-3 3.23395E-3 2.18443E-3 4.90393E-3 2.6788E-3 5.82841E-3 5.15076E-3 9.42794E-3 9.1842E-3 9.063E-3 1.13822E-2 1.40428E-2 1.40058E-2 1.48558E-2 1.6745E-2 2.39569E-2 2.15675E-2 2.44242E-2 2.57633E-2 1.76162E-2 1.09107E-2 2.35838E-2 1.72531E-2 2.48139E-2
-9999 -9999 -9999 -9999 -9999 -9999 -9999 -9999 -9999 -9999 -9999 -9999 -9999 -9999 -9999 -9999 -9999 -9999 -9999 -9999 -9999 -9999 -9999 -9999 -9999 -9999 -9999 -9999 -9999 -9999 -9999 -9999 1.35336E-3 1.58843E-3 1.35682E-3 1.88591E-3 2.03293E-3 3.23933E-3 2.656E-3 4.71833E-3 5.10514E-3 2.55459E-3 3.57246E-3 1.33404E-2 1.07875E-2 1.18774E-2 1.17172E-2 1.70603E-2 1.29944E-2 1.47117E-2 1.40696E-2 1.96649E-2 2.82198E-2 2.48621E-2 3.13451E-2 5.31172E-2 1.22921E-2 2.7876E-2 1.74361E-2 1.86513E-2
-9999 -9999 -9999 -9999 -9999 -9999 -9999 -9999 -9999 -9999 -9999 -9999 -9999 -9999 -9999 -9999 -9999 -9999 -9999 -9999 -9999 -9999 -9999 -9999 -9999 -9999 -9999 -9999 -9999 -9999 -9999 -9999 -9999 1.97253E-3 2.28754E-3 3.85016E-3 3.57965E-3 4.39447E-3 2.67922E-3 5.7601E-3 6.44983E-3 8.29694E-3 1.27841E-2 1.21134E-2 6.62537E-3 1.26612E-2 1.35316E-2 2.24269E-2 2.1408E-2 1.94173E-2 1.54278E-2 1.19494E-2 2.46089E-2 2.80833E-2 3.59596E-2 5.96797E-2 2.6055E-2 4.63884E-2 2.01982E-2 2.13477E-2
-9999 -9999 -9999 -9999 -9999 -9999 -9999 -9999 -9999 -9999 -9999 -9999 -9999 -9999 -9999 -9999 -9999 -9999 -9999 -9999 -9999 -9999 -9999 -9999 -9999 -9999 -9999 -9999 -9999 -9999 -9999 -9999 -9999 2.58005E-3 3.55419E-3 7.68213E-3 1.03244E-2 9.09041E-3 4.49917E-3 8.21033E-3 1.08779E-2 1.09343E-2 1.2699E-2 1.34316E-2 1.4932E-2 4.66259E-3 1.54524E-2 1.94637E-2 3.34477E-2 2.1159E-2 8.06763E-3 1.87846E-2 1.7466E-2 2.66627E-2 4.43305E-2 4.87735E-2 2.48406E-2 2.55139E-2 2.31921E-2 2.39524E-2
-9999 -9999 -9999 -9999 -9999 -9999 -9999 -9999 -9999 -9999 -9999 -9999 -9999 -9999 -9999 -9999 -9999 -9999 -9999 -9999 -9999 -9999 -9999 -9999 -9999 -9999 -9999 -9999 -9999 -9999 -9999 -9999 -9999 -9999 2.27702E-2 1.11265E-2 7.99616E-3 9.32421E-3 4.67601E-3 1.05844E-2 1.13729E-2 9.70559E-3 1.07423E-2 1.22026E-2 1.62519E-2 1.04791E-2 1.65244E-2 1.08913E-2 1.95754E-2 4.07062E-2 1.72878E-2 6.41361E-3 1.77157E-2 2.09534E-2 3.7703E-2 2.17208E-2 9.37721E-3 1.79523E-2 1.89756E-2 1.73029E-2
-9999 -9999 -9999 -9999 -9999 -9999 -9999 -9999 -9999 -9999 -9999 -9999 -9999 -9999 -9999 -9999 -9999 -9999 -9999 -9999 -9999 -9999 -9999 -9999 -9999 -9999 -9999 -9999 -9999 -9999 -9999 -9999 -9999 -9999 1.14258E-2 8.51283E-3 1.03611E-2 5.28235E-3 1.0646E-2 1.41978E-2 1.1819E-2 1.25045E-2 1.31378E-2 1.3851E-2 1.9827E-2 2.10847E-2 6.23028E-3 1.69851E-2 1.80605E-2 3.60027E-2 1.59698E-2 1.89696E-2 6.36817E-3 1.93793E-2 3.81527E-2 4.42536E-2 2.84893E-2 1.08053E-2 2.43143E-2 2.18078E-2
-9999 -9999 -9999 -9999 -9999 -9999 -9999 -9999 -9999 -9999 -9999 -9999 -9999 -9999 -9999 -9999 -9999 -9999 -9999 -9999 -9999 -9999 -9999 -9999 -9999 -9999 -9999 -9999 -9999 -9999 -9999 -9999 -9999 -9999 1.33456E-2 1.04629E-2 6.59923E-3 1.45993E-2 1.43916E-2 1.60896E-2 1.60096E-2 1.7682E-2 1.97898E-2 1.95011E-2 2.67347E-2 2.00077E-2 1.74926E-2 1.66558E-2 1.55609E-2 1.29921E-2 1.12724E-2 1.23405E-2 1.59437E-2 1.03527E-2 1.66003E-2 4.21018E-2 4.72448E-2 3.65996E-2 1.44918E-2 2.53318E-2
-9999 -9999 -9999 -9999 -9999 -9999 -9999 -9999 -9999 -9999 -9999 -9999 -9999 -9999 -9999 -9999 -9999 -9999 -9999 -9999 -9999 -9999 -9999 -9999 -9999 -9999 -9999 -9999 -9999 -9999 -9999 -9999 -9999 -9999 1.4382E-2 1.18617E-2 1.54846E-2 9.18693E-3 1.79854E-2 1.84323E-2 2.19093E-2 1.06841E-2 2.40166E-2 2.8199E-2 4.21903E-2 6.8419E-3 1.77504E-2 1.57081E-2 1.52747E-2 1.19435E-2 9.41653E-3 1.16671E-2 1.48686E-2 1.68742E-2 3.28713E-2 4.89033E-2 2.24022E-2 1.22363E-2 1.14392E-2 2.29457E-2
-9999 -9999 -9999 -9999 -9999 -9999 -9999 -9999 -9999 -9999 -9999 -9999 -9999 -9999 -9999 -9999 -9999 -9999 -9999 -9999 -9999 -9999 -9999 -9999 -9999 -9999 -9999 -9999 -9999 -9999 -9999 -9999 -9999 -9999 1.65646E-2 1.39267E-2 1.76959E-2 1.63386E-2 2.172E-2 1.91073E-2 2.97294E-2 1.42513E-2 2.93338E-2 3.59961E-2 6.40323E-2 1.22371E-2 2.02429E-2 1.57096E-2 1.29098E-2 1.05576E-2 8.40088E-3 1.02112E-2 1.19902E-2 1.49781E-2 2.30397E-2 3.95805E-2 4.28843E-2 2.31434E-2 1.01131E-2 1.50291E-2
-9999 -9999 -9999 -9999 -9999 -9999 -9999 -9999 -9999 -9999 -9999 -9999 -9999 -9999 -9999 -9999 -9999 -9999 -9999 -9999 -9999 -9999 -9999 -9999 -9999 -9999 -9999 -9999 -9999 -9999 -9999 -9999 -9999 1.18793E-2 1.49429E-2 1.48807E-2 2.12357E-2 2.20217E-2 2.21526E-2 2.0608E-2 2.43341E-2 4.01448E-2 3.69315E-2 4.29424E-2 5.73568E-2 1.68527E-2 2.64674E-2 1.90965E-2 1.40244E-2 1.06311E-2 6.34344E-3 6.79647E-3 8.54184E-3 1.20908E-2 1.86573E-2 3.2521E-2 3.59986E-2 1.16461E-2 1.09046E-2 1.71713E-2
-9999 -9999 -9999 -9999 -9999 -9999 -9999 -9999 -9999 -9999 -9999 -9999 -9999 -9999 -9999 -9999 -9999 -9999 -9999 -9999 -9999 -9999 9.79076E-3 1.00919E-2 -9999 -9999 -9999 -9999 -9999 -9999 9.92263E-3 1.04726E-2 1.12518E-2 1.4293E-2 1.75874E-2 1.49638E-2 2.02368E-2 2.13473E-2 1.1897E-2 2.7166E-2 2.55941E-2 4.97634E-2 4.14516E-2 4.6075E-2 4.78717E-2 3.21389E-2 3.80617E-2 2.12582E-2 1.88133E-2 1.35577E-2 7.77318E-3 7.97976E-3 9.61476E-3 1.91589E-2 2.44066E-2 1.01404E-2 6.85193E-3 1.62773E-2 1.27208E-2 7.23362E-3
-9999 -9999 -9999 -9999 -9999 -9999 -9999 -9999 -9999 -9999 -9999 -9999 -9999 -9999 -9999 -9999 -9999 -9999 1.11872E-5 5.5143E-5 1.06056E-2 1.06059E-2 1.05736E-2 1.17141E-2 2.97658E-3 5.20991E-5 8.1544E-5 4.23776E-5 3.01449E-5 7.01046E-5 1.21499E-2 1.39327E-2 1.56713E-2 1.37753E-2 1.52793E-2 1.51265E-2 2.0097E-2 1.533E-2 1.56992E-2 2.88627E-2 2.72984E-2 4.24327E-2 3.81453E-2 2.12851E-2 1.40427E-2 5.42169E-2 4.84345E-2 3.26099E-2 2.40639E-2 1.61751E-2 9.60311E-3 7.04504E-3 8.70277E-3 8.83162E-3 3.73837E-3 -9999 5.62786E-3 1.15889E-2 1.2238E-2 1.49874E-2
-9999 -9999 -9999 -9999 -9999 -9999 -9999 -9999 -9999 -9999 -9999 -9999 -9999 -9999 -9999 -9999 -9999 1.14107E-5 9.93521E-6 3.6456E-5 7.62982E-3 9.1741E-3 1.00989E-2 1.15341E-2 3.2966E-3 1.86019E-5 1.06285E-5 3.40491E-5 3.15832E-5 8.82345E-5 1.83462E-2 1.97841E-2 2.12749E-2 1.89263E-2 2.06532E-2 1.89434E-2 9.31855E-3 1.39067E-2 9.29148E-3 2.76514E-2 2.67913E-2 4.13383E-2 5.82342E-2 3.28183E-2 2.49816E-2 2.64452E-2 5.22318E-2 3.17063E-2 1.89395E-2 1.52892E-2 4.96099E-3 5.98857E-3 7.54988E-3 2.38538E-3 8.91376E-3 7.79273E-3 5.88618E-3 -9999 1.06214E-2 2.74654E-3
-9999 -9999 -9999 -9999 -9999 -9999 -9999 -9999 -9999 -9999 -9999 -9999 -9999 -9999 9.30766E-6 1.14536E-5 1.2111E-5 1.39339E-5 1.1451E-5 3.94483E-5 7.68581E-3 9.79529E-3 1.26211E-2 1.48744E-2 4.50294E-3 2.54139E-5 2.82181E-5 1.89421E-5 3.5053E-5 9.34979E-5 1.83655E-2 2.39385E-2 2.01271E-2 2.33647E-2 2.65572E-2 1.04328E-2 2.24768E-2 1.46536E-2 2.87992E-2 2.68071E-2 2.65435E-2 4.40562E-2 5.33822E-2 3.39565E-2 2.48918E-2 2.70547E-2 1.36458E-2 1.04668E-2 1.15258E-2 1.38156E-2 1.05069E-2 1.10416E-2 8.02067E-3 1.11898E-2 1.04853E-2 9.17579E-3 7.70735E-3 4.24109E-3 5.95592E-3 1.07166E-2
-9999 -9999 -9999 -9999 -9999 -9999 -9999 -9999 -9999 -9999 -9999 -9999 2.93842E-3 3.51889E-3 4.68013E-3 6.55866E-3 7.3398E-3 8.39382E-3 8.27155E-3 8.08751E-3 6.27893E-3 6.87497E-3 8.42298E-3 1.01787E-2 1.18397E-2 1.25539E-2 1.31317E-2 9.65592E-3 1.38187E-2 1.49468E-2 2.15777E-2 2.62717E-2 1.85973E-2 2.24489E-2 3.15085E-2 1.14997E-2 3.1524E-2 1.96062E-2 4.20862E-2 4.00223E-2 6.14938E-2 1.13477E-1 1.13807E-1 3.39873E-2 3.38946E-2 3.18217E-2 2.5958E-2 2.53749E-2 2.34561E-2 2.06655E-2 2.16141E-2 2.71294E-2 2.9351E-2 2.95456E-2 2.65242E-2 1.59098E-2 9.21058E-3 8.33878E-3 1.00552E-2 1.72496E-2
-9999 -9999 -9999 -9999 -9999 -9999 -9999 -9999 -9999 -9999 -9999 3.89316E-3 4.6664E-3 7.12812E-3 9.6357E-3 1.35165E-2 1.67832E-2 1.80672E-2 1.77882E-2 1.43136E-2 1.07722E-2 9.58578E-3 1.05116E-2 1.22231E-2 1.38753E-2 1.65188E-2 1.9672E-2 2.37842E-2 1.77925E-2 2.65327E-2 2.84376E-2 3.14857E-2 2.42884E-2 2.71521E-2 2.68664E-2 1.22808E-2 3.18723E-2 3.18674E-2 4.30624E-2 5.21609E-2 6.0822E-2 4.56788E-2 5.94191E-2 9.13435E-2 4.57325E-2 3.8125E-2 3.29632E-2 2.39459E-2 2.05256E-2 1.92528E-2 2.14139E-2 2.7626E-2 2.60719E-2 2.66931E-2 2.67166E-2 2.23799E-2 1.08118E-2 1.17912E-2 1.35092E-2 1.61399E-2
-9999 -9999 -9999 -9999 -9999 -9999 -9999 -9999 -9999 -9999 -9999 6.57748E-3 8.02378E-3 1.15688E-2 1.48269E-2 2.09904E-2 2.1354E-2 2.7031E-2 2.41164E-2 1.8285E-2 1.36533E-2 1.29845E-2 1.11326E-2 1.26681E-2 1.35956E-2 1.62032E-2 1.98937E-2 2.75768E-2 1.88688E-2 3.59125E-2 3.5916E-2 3.40378E-2 3.31449E-2 1.14566E-2 2.90246E-2 1.83797E-2 3.67358E-2 1.75158E-2 4.09879E-2 2.79345E-2 9.08727E-2 1.11031E-1 8.9205E-2 7.28153E-2 5.14293E-2 4.86001E-2 2.32224E-2 1.93431E-2 1.926E-2 2.39687E-2 3.40547E-2 3.30428E-2 3.03005E-2 3.32421E-2 3.44437E-2 2.77779E-2 2.36854E-2 2.1388E-2 1.81392E-2 1.83097E-2
-9999 -9999 -9999 -9999 -9999 -9999 -9999 -9999 -9999 -9999 -9999 9.85362E-3 1.14453E-2 1.32233E-2 1.67151E-2 2.42179E-2 2.55343E-2 2.62194E-2 3.00026E-2 2.59694E-2 1.90659E-2 1.66427E-2 1.36088E-2 1.33225E-2 1.41877E-2 1.68685E-2 2.44177E-2 3.83674E-2 4.68141E-2 2.63162E-2 5.79551E-2 4.63993E-2 3.45953E-2 3.16887E-2 1.25497E-2 2.05588E-2 2.64001E-2 1.45453E-2 2.8305E-2 2.83433E-2 7.44794E-2 9.16113E-2 8.09338E-2 6.68456E-2 1.91131E-2 2.79161E-2 1.77245E-2 1.82535E-2 2.21844E-2 2.74218E-2 3.27554E-2 1.53749E-2 3.61639E-2 3.04117E-2 4.49929E-2 3.8226E-2 2.83639E-2 2.42735E-2 2.29938E-2 2.26034E-2
-9999 -9999 -9999 -9999 -9999 -9999 -9999 -9999 -9999 -9999 -9999 1.12544E-2 1.2722E-2 1.41326E-2 2.03187E-2 3.40087E-2 4.28639E-2 1.67302E-2 4.73362E-2 3.76914E-2 2.54019E-2 2.05739E-2 1.7415E-2 1.49483E-2 1.37436E-2 1.74516E-2 3.20937E-2 4.26009E-2 4.67657E-2 4.73633E-2 5.07272E-2 2.74095E-2 1.95629E-2 3.25496E-2 3.76209E-2 3.20628E-2 3.24672E-2 2.90187E-2 2.74299E-2 4.94401E-2 6.18224E-2 1.08939E-1 1.05614E-1 2.44774E-2 6.11859E-2 2.45632E-2 2.05347E-2 1.88871E-2 2.23373E-2 2.58006E-2 2.90198E-2 3.34612E-2 3.20847E-2 4.03663E-2 3.57544E-2 2.229E-2 3.47585E-2 3.14383E-2 2.83971E-2 2.72274E-2
-9999 -9999 -9999 -9999 -9999 -9999 -9999 -9999 -9999 -9999 -9999 1.15547E-2 1.38623E-2 1.8877E-2 3.31131E-2 5.67993E-2 7.08459E-2 3.06582E-2 7.55332E-2 5.55704E-2 4.83261E-2 3.69817E-2 2.91126E-2 2.06086E-2 2.47167E-2 3.48803E-2 4.24718E-2 4.86291E-2 4.9503E-2 4.24059E-2 5.38796E-2 6.69811E-2 2.69734E-2 4.76204E-2 2.99424E-2 2.85828E-2 3.55427E-2 1.98713E-2 1.8343E-2 4.80076E-2 4.4434E-2 3.70971E-2 6.2641E-2 4.82841E-2 2.81392E-2 1.81219E-2 1.42694E-2 1.27097E-2 1.16583E-2 1.52771E-2 2.43596E-2 2.76122E-2 2.90408E-2 3.24125E-2 6.67106E-2 3.58913E-2 2.10815E-2 4.17245E-2 4.04768E-2 3.44079E-2
-9999 -9999 -9999 -9999 -9999 -9999 -9999 -9999 -9999 -9999 -9999 1.46519E-2 2.16369E-2 3.76567E-2 4.24528E-2 6.54975E-2 8.36247E-2 4.90128E-2 1.23347E-1 1.00019E-1 6.44207E-2 3.73591E-2 3.08272E-2 2.39364E-2 2.29153E-2 3.46066E-2 3.82696E-2 4.25773E-2 3.19038E-2 5.87636E-2 7.66613E-2 6.19117E-2 4.23774E-2 4.22273E-2 2.67567E-2 2.76472E-2 3.79992E-2 2.05453E-2 4.35343E-2 2.73274E-2 3.15541E-2 3.77913E-2 3.82849E-2 3.19943E-2 4.18936E-3 2.03408E-2 1.93213E-2 1.46732E-2 1.24853E-2 1.55187E-2 2.23815E-2 2.32058E-2 2.4237E-2 2.87004E-2 6.15501E-2 4.28998E-2 3.82269E-2 1.98276E-2 2.05513E-2 3.21201E-2
-9999 -9999 -9999 -9999 -9999 -9999 -9999 -9999 -9999 -9999 -9999 1.77858E-2 3.74558E-2 4.334E-2 4.53334E-2 6.82622E-2 8.9073E-2 1.22473E-1 1.01325E-1 7.06079E-2 4.49153E-2 3.37722E-2 2.95204E-2 2.14833E-2 2.71696E-2 3.93327E-2 4.22481E-2 4.65838E-2 4.77554E-2 6.41587E-2 6.49357E-2 2.52995E-2 2.34766E-2 3.70055E-2 2.62911E-2 2.70211E-2 3.46887E-2 2.10202E-2 4.0972E-2 3.65178E-2 3.26999E-2 3.35154E-2 2.4014E-2 2.84724E-2 2.6376E-2 7.06872E-3 2.64972E-2 2.00928E-2 1.68608E-2 1.94922E-2 1.95934E-2 1.94663E-2 1.92495E-2 2.37558E-2 5.67294E-2 6.11959E-2 3.59332E-2 3.74785E-2 4.70572E-2 4.73873E-2
-9999 -9999 -9999 -9999 -9999 -9999 -9999 -9999 -9999 -9999 -9999 1.30754E-2 1.38469E-2 1.52565E-2 4.35568E-2 5.76926E-2 4.99383E-2 1.11685E-1 6.51044E-2 5.17641E-2 4.29689E-2 3.69308E-2 3.05188E-2 2.43621E-2 5.00791E-2 4.60708E-2 4.79638E-2 5.02573E-2 4.37388E-2 4.38188E-2 4.97881E-2 3.38924E-2 4.06419E-2 3.31741E-2 2.60672E-2 2.58949E-2 3.33307E-2 3.61092E-2 3.00263E-2 3.47561E-2 2.12738E-2 1.88301E-2 1.61205E-2 2.05656E-2 2.10672E-2 1.72145E-2 3.32814E-2 2.31093E-2 2.61188E-2 2.04762E-2 1.75428E-2 1.68007E-2 1.67187E-2 1.99222E-2 4.4358E-2 5.41408E-2 3.51795E-2 2.73122E-2 3.43577E-2 3.77137E-2
-9999 -9999 -9999 -9999 -9999 -9999 -9999 -9999 -9999 -9999 -9999 1.89611E-2 2.3016E-2 2.01776E-2 2.73579E-2 4.53876E-2 5.05436E-2 6.21219E-2 4.82306E-2 4.50932E-2 3.67659E-2 3.58069E-2 3.02531E-2 2.74092E-2 5.57371E-2 5.58386E-2 3.67615E-2 3.34245E-2 3.57149E-2 2.32729E-2 1.69306E-2 4.60643E-2 3.80103E-2 2.94648E-2 2.43337E-2 2.23758E-2 2.776E-2 3.90989E-2 1.87381E-2 3.00892E-2 2.1615E-2 1.81572E-2 1.63371E-2 1.8224E-2 1.93009E-2 1.69917E-2 3.89895E-3 1.54657E-2 1.8906E-2 1.73551E-2 1.81067E-2 1.57551E-2 1.56758E-2 1.70108E-2 4.83589E-2 4.94438E-2 2.40088E-2 2.24316E-2 2.82694E-2 3.10994E-2
-9999 -9999 -9999 -9999 -9999 -9999 -9999 -9999 -9999 -9999 -9999 2.98297E-2 3.81926E-2 4.52901E-2 3.22728E-2 4.01854E-2 5.16226E-2 4.47505E-2 3.53999E-2 3.11411E-2 3.83763E-2 4.87882E-2 3.72988E-2 6.9929E-2 6.13921E-2 4.66395E-2 2.86988E-2 1.93568E-2 1.98366E-2 3.39242E-2 4.06321E-2 3.55528E-2 3.0406E-2 2.20666E-2 1.89538E-2 1.91376E-2 2.13345E-2 2.80249E-2 1.84214E-2 2.87373E-2 1.30471E-2 1.11075E-2 9.7385E-3 1.25092E-2 1.12667E-2 1.45275E-2 1.38518E-2 -9999 1.20312E-2 1.63233E-2 1.40343E-2 1.29767E-2 1.23242E-2 1.39149E-2 3.47402E-2 3.54946E-2 2.81045E-2 2.82314E-2 3.25836E-2 3.45384E-2
-9999 -9999 -9999 -9999 -9999 -9999 -9999 -9999 -9999 -9999 -9999 4.3601E-2 5.32253E-2 5.90329E-2 6.26317E-2 5.23555E-2 5.25419E-2 3.77366E-2 3.0558E-2 3.08065E-2 4.91075E-2 6.27869E-2 7.00398E-2 2.8223E-2 8.68376E-2 2.51561E-2 1.16674E-2 3.21076E-2 2.89724E-2 2.79527E-2 3.65709E-2 3.14798E-2 2.56358E-2 2.00695E-2 2.09641E-2 1.76934E-2 2.58611E-2 2.65954E-2 1.57447E-2 2.81299E-2 1.34665E-2 1.26146E-2 1.26597E-2 1.69334E-2 1.54504E-2 1.35207E-2 1.19724E-2 1.23122E-2 5.80072E-3 1.7123E-2 1.8136E-2 1.73264E-2 1.59116E-2 3.34492E-2 3.8066E-2 2.16982E-2 2.31011E-2 3.31094E-2 3.53312E-2 4.45994E-2
