Phytophthora/models/20240430_1311_16/Phytophthora_PA3_RUN7_MAXENT_outputs/Phytophthora_PA3_RUN7.asc
ncols         225
nrows         269
xllcorner     473000.0
yllcorner     4429100.0
cellsize      50.0
NODATA_value  -9999
[rows 216 to 242 of 269, columns 120 to 179 of 225]
3.9158E-1 3.40878E-1 2.95588E-1 2.48428E-1 2.25304E-1 2.09588E-1 1.80834E-1 1.50721E-1 1.4177E-1 7.57132E-2 5.53626E-2 4.49806E-2 7.01403E-2 6.29211E-2 7.25005E-2 1.678E-1 2.87268E-1 2.5352E-1 2.74207E-1 2.89176E-1 3.64813E-1 4.90318E-1 4.67538E-1 4.66621E-1 4.70788E-1 3.51485E-1 3.68182E-1 2.18795E-1 2.51726E-1 1.88885E-1 1.84443E-1 1.86413E-1 4.07436E-1 4.66366E-1 5.34064E-1 2.09322E-1 4.27519E-1 3.47976E-1 3.26493E-1 3.22427E-1 3.32586E-1 4.04827E-1 4.36345E-1 4.31814E-1 4.85813E-1 4.7794E-1 4.47913E-1 4.08786E-1 3.68387E-1 3.25546E-1 2.21393E-1 1.36035E-1 1.25866E-1 1.01308E-1 1.65349E-1 1.19309E-1 2.16598E-1 1.87995E-1 1.73252E-1 1.72501E-1
3.37522E-1 2.7902E-1 2.56104E-1 2.62692E-1 2.37014E-1 2.14349E-1 1.95389E-1 1.68545E-1 1.42807E-1 1.27968E-1 1.09243E-1 1.14372E-1 6.02023E-2 1.10879E-1 7.96523E-2 1.73542E-1 1.94437E-1 2.17379E-1 2.62681E-1 2.61189E-1 2.6824E-1 3.79728E-1 4.26698E-1 4.51105E-1 4.46254E-1 3.84915E-1 1.63821E-1 3.30412E-1 1.96429E-1 1.8466E-1 1.90659E-1 2.39574E-1 4.59827E-1 3.51883E-1 3.08713E-1 4.48781E-1 3.52733E-1 2.87761E-1 3.31887E-1 3.53136E-1 3.85542E-1 4.99951E-1 3.18742E-1 3.54684E-1 5.09485E-1 4.67617E-1 4.52814E-1 4.0751E-1 3.67388E-1 3.21203E-1 1.71372E-1 1.25639E-1 1.30763E-1 1.13537E-1 7.10349E-2 2.14825E-1 1.64185E-1 2.2775E-1 2.14504E-1 2.68906E-1
5.51262E-1 4.09134E-1 3.37984E-1 3.31147E-1 2.81275E-1 2.49626E-1 2.24009E-1 1.78074E-1 1.54406E-1 1.35869E-1 1.26793E-1 1.34366E-1 1.36604E-1 1.36934E-1 1.48639E-1 1.69288E-1 1.85043E-1 2.05526E-1 2.38315E-1 2.40602E-1 2.46793E-1 2.57252E-1 4.15788E-1 4.39712E-1 3.96625E-1 3.70851E-1 3.46421E-1 1.77002E-1 2.21133E-1 1.37807E-1 2.26625E-1 3.92354E-1 3.10286E-1 5.21944E-1 4.60671E-1 3.82075E-1 3.27819E-1 3.3382E-1 3.6414E-1 3.58475E-1 3.7119E-1 4.60842E-1 4.98678E-1 2.82336E-1 4.71477E-1 3.77421E-1 4.45961E-1 3.99389E-1 3.5931E-1 2.49657E-1 1.3907E-1 1.18478E-1 1.27903E-1 4.74766E-2 1.95227E-1 1.4737E-1 1.81586E-1 1.75252E-1 3.06145E-1 3.44537E-1
4.99443E-1 4.69233E-1 4.4119E-1 3.51482E-1 2.92093E-1 2.4103E-1 2.13768E-1 1.75587E-1 1.61358E-1 1.46321E-1 1.44539E-1 1.53053E-1 1.583E-1 1.71287E-1 1.74621E-1 2.00991E-1 2.31953E-1 2.30876E-1 2.34656E-1 2.24723E-1 2.22904E-1 2.45837E-1 3.93289E-1 3.55012E-1 3.01729E-1 3.50153E-1 2.26658E-1 2.40117E-1 8.40529E-2 1.33538E-1 2.52633E-1 3.93174E-1 3.53955E-1 4.53326E-1 3.61999E-1 3.50565E-1 3.79076E-1 3.96982E-1 4.10235E-1 4.13284E-1 3.6584E-1 3.80555E-1 4.30271E-1 5.79821E-1 6.0709E-1 4.51267E-1 4.27897E-1 3.846E-1 3.51866E-1 1.66791E-1 1.17882E-1 7.17976E-2 1.12671E-1 9.30807E-2 1.62E-1 1.62152E-1 1.74242E-1 3.2473E-1 4.20193E-1 5.09484E-1
3.84875E-1 3.93723E-1 3.73948E-1 3.34393E-1 3.29092E-1 2.73839E-1 2.28496E-1 1.91161E-1 1.75436E-1 1.56118E-1 1.64943E-1 1.80133E-1 1.83886E-1 1.97731E-1 2.10167E-1 2.49021E-1 2.92924E-1 2.57537E-1 2.44451E-1 2.55106E-1 2.52377E-1 3.67457E-1 3.81898E-1 2.76857E-1 2.86765E-1 3.38784E-1 2.79024E-1 2.15175E-1 2.01083E-1 1.12965E-1 1.74562E-1 3.86228E-1 4.70417E-1 3.84863E-1 3.31215E-1 3.83062E-1 4.36568E-1 4.64836E-1 4.68212E-1 4.66472E-1 3.96677E-1 3.91136E-1 4.32179E-1 5.05141E-1 5.64131E-1 4.50014E-1 3.83633E-1 3.74666E-1 3.71357E-1 1.56829E-1 3.99908E-2 1.38527E-1 8.92218E-2 7.01617E-2 1.52539E-1 2.22558E-1 1.91447E-1 2.64121E-1 3.33563E-1 4.85596E-1
1.38543E-1 3.26544E-1 3.02097E-1 3.15763E-1 2.88526E-1 2.90173E-1 2.56253E-1 2.054E-1 1.87641E-1 1.83159E-1 2.44923E-1 2.62367E-1 2.57523E-1 2.70892E-1 2.77284E-1 3.09926E-1 2.99537E-1 2.50333E-1 2.45307E-1 2.57753E-1 3.38424E-1 4.57741E-1 3.91806E-1 3.01104E-1 3.60268E-1 4.04303E-1 4.26718E-1 2.42752E-1 2.40294E-1 2.5259E-1 3.64852E-1 3.57582E-1 3.64469E-1 2.48718E-1 2.38803E-1 2.78863E-1 3.2181E-1 2.56207E-1 2.28E-1 3.04455E-1 4.2146E-1 4.00739E-1 3.8748E-1 4.50802E-1 4.61942E-1 2.85722E-1 2.18364E-1 1.49829E-1 4.17225E-1 1.96245E-1 1.04989E-1 1.05144E-1 1.79628E-1 1.79033E-1 1.70819E-1 2.61069E-1 3.26461E-1 3.56695E-1 3.60703E-1 5.28986E-1
3.6938E-1 3.64378E-1 3.58573E-1 3.35749E-1 3.31624E-1 3.32861E-1 2.95092E-1 2.37174E-1 2.03392E-1 2.04305E-1 3.00716E-1 3.32864E-1 2.8587E-1 3.08749E-1 3.20152E-1 3.65575E-1 3.1411E-1 2.67627E-1 2.8666E-1 2.78847E-1 5.02071E-1 5.13556E-1 4.22631E-1 4.06324E-1 5.59314E-1 3.45646E-1 3.35146E-1 2.30598E-1 2.39576E-1 2.63578E-1 3.40505E-1 3.11036E-1 3.23504E-1 2.14699E-1 2.86224E-1 2.88219E-1 3.02411E-1 3.21713E-1 3.36626E-1 2.31907E-1 4.2366E-1 3.86363E-1 3.56111E-1 2.77395E-1 3.07299E-1 2.07818E-1 1.53979E-1 1.63827E-1 8.13591E-2 2.50887E-1 2.06409E-1 1.77422E-1 2.32113E-1 2.99171E-1 2.5834E-1 2.76288E-1 3.98426E-1 4.60658E-1 4.65392E-1 5.08766E-1
3.21329E-1 3.32296E-1 3.88207E-1 3.92573E-1 3.8182E-1 4.15599E-1 3.08955E-1 2.4826E-1 2.25668E-1 2.21489E-1 3.01157E-1 4.49219E-1 3.15156E-1 3.50765E-1 3.57624E-1 3.92948E-1 3.36223E-1 3.12186E-1 3.62612E-1 3.53441E-1 6.03097E-1 5.89254E-1 5.27197E-1 5.85268E-1 5.41721E-1 2.67219E-1 3.41429E-1 2.77415E-1 2.40523E-1 2.42554E-1 3.16345E-1 2.85512E-1 2.78684E-1 2.55002E-1 2.55762E-1 2.43356E-1 2.51117E-1 2.80573E-1 3.18406E-1 1.98233E-1 4.47531E-1 4.2565E-1 3.86871E-1 3.26194E-1 2.98618E-1 2.12537E-1 1.80687E-1 1.55272E-1 2.22682E-1 2.8198E-1 3.89622E-1 3.26975E-1 3.54244E-1 3.52615E-1 3.78683E-1 4.96698E-1 4.3815E-1 3.95606E-1 3.85114E-1 4.20689E-1
3.6593E-1 3.96536E-1 5.01507E-1 4.68161E-1 4.79936E-1 4.46231E-1 3.10891E-1 2.52643E-1 2.3845E-1 2.59186E-1 3.19553E-1 4.54796E-1 4.4246E-1 4.16861E-1 3.93433E-1 4.36978E-1 4.73763E-1 4.0245E-1 4.67758E-1 4.37246E-1 6.50618E-1 6.57885E-1 6.17997E-1 4.10445E-1 5.4212E-1 4.1001E-1 3.47648E-1 2.95981E-1 2.39099E-1 2.11733E-1 2.98805E-1 2.71486E-1 2.29871E-1 1.78715E-1 1.92547E-1 2.01442E-1 2.30507E-1 2.75519E-1 3.23842E-1 2.41707E-1 2.1573E-1 4.48398E-1 4.17974E-1 3.94318E-1 3.56586E-1 2.69645E-1 2.21869E-1 1.7301E-1 2.17456E-1 4.58069E-1 3.54174E-1 2.65798E-1 2.38399E-1 2.35522E-1 2.66835E-1 3.37116E-1 3.78468E-1 3.74038E-1 3.59655E-1 3.78294E-1
4.91385E-1 5.50131E-1 5.98751E-1 3.33012E-1 5.93007E-1 4.20053E-1 3.22433E-1 2.62557E-1 2.22201E-1 2.50668E-1 3.69511E-1 4.80575E-1 5.42074E-1 5.18124E-1 4.74935E-1 4.74127E-1 5.79501E-1 5.10471E-1 3.02341E-1 6.09999E-1 6.90343E-1 5.1718E-1 5.1933E-1 5.41892E-1 4.95476E-1 3.93103E-1 3.49473E-1 2.84434E-1 2.38268E-1 3.44982E-1 2.82456E-1 2.56545E-1 1.79265E-1 1.57714E-1 1.95022E-1 2.08935E-1 2.37E-1 3.15188E-1 3.48245E-1 2.79454E-1 3.06952E-1 4.7413E-1 4.63895E-1 4.55941E-1 4.72986E-1 3.48516E-1 3.94558E-1 2.72921E-1 1.45283E-1 2.9898E-1 2.59193E-1 2.7068E-1 2.82422E-1 2.66996E-1 2.69748E-1 3.02621E-1 3.37159E-1 3.78501E-1 3.94371E-1 2.0341E-1
2.13686E-1 3.2004E-1 1.61611E-1 2.59532E-1 2.1369E-1 3.24867E-1 2.98433E-1 2.60386E-1 2.1522E-1 2.25235E-1 2.86807E-1 4.33226E-1 5.04319E-1 4.79041E-1 3.98543E-1 2.91889E-1 4.15635E-1 5.16171E-1 5.99794E-1 5.9695E-1 5.90823E-1 5.19625E-1 3.21183E-1 5.01923E-1 4.38681E-1 3.32678E-1 2.89801E-1 2.53533E-1 2.63709E-1 3.10796E-1 2.56584E-1 2.32758E-1 2.01434E-1 1.82775E-1 2.1481E-1 2.13141E-1 2.73082E-1 3.09642E-1 3.14194E-1 2.59968E-1 4.02659E-1 3.18028E-1 3.52504E-1 4.36776E-1 4.40754E-1 4.22177E-1 5.07808E-1 4.8064E-1 1.07967E-1 2.01692E-1 1.18751E-1 1.25868E-1 1.45393E-1 1.81358E-1 2.60582E-1 3.43273E-1 3.68711E-1 4.0824E-1 2.79687E-1 4.26822E-1
1.61947E-1 1.65036E-1 2.08414E-1 1.28603E-1 1.30906E-1 2.01861E-1 2.71619E-1 1.51777E-1 2.44466E-1 2.90025E-1 2.77523E-1 4.429E-1 5.1075E-1 5.63897E-1 4.91995E-1 5.37964E-1 5.774E-1 6.16285E-1 6.04E-1 5.70125E-1 5.69773E-1 5.08678E-1 2.98854E-1 4.82209E-1 4.00751E-1 3.16183E-1 2.9262E-1 2.63594E-1 3.40701E-1 3.01437E-1 2.46915E-1 2.23454E-1 1.76243E-1 1.96803E-1 2.2817E-1 2.65526E-1 2.80201E-1 2.8772E-1 2.96904E-1 1.94915E-1 3.89231E-1 4.14317E-1 4.03417E-1 4.05351E-1 3.9955E-1 2.76118E-1 4.57194E-1 5.10569E-1 3.00597E-1 2.08093E-1 1.26646E-1 1.37642E-1 1.77511E-1 2.00789E-1 2.89658E-1 3.93108E-1 4.09351E-1 4.42386E-1 3.80431E-1 3.88656E-1
1.66304E-1 1.97029E-1 1.66288E-1 1.14309E-1 1.21496E-1 2.08255E-1 2.52233E-1 1.69797E-1 1.84852E-1 2.16731E-1 3.33788E-1 4.32079E-1 4.88418E-1 5.2597E-1 4.13093E-1 4.73257E-1 5.05502E-1 5.62177E-1 5.67746E-1 5.95002E-1 6.02754E-1 5.21357E-1 3.03268E-1 4.62833E-1 4.0601E-1 3.65955E-1 3.46749E-1 3.20508E-1 3.33197E-1 2.88831E-1 2.37408E-1 2.03286E-1 2.22278E-1 2.86967E-1 3.17648E-1 3.37995E-1 3.07547E-1 2.84418E-1 2.77109E-1 2.84482E-1 3.82682E-1 3.98208E-1 4.46953E-1 4.35634E-1 3.89059E-1 2.82244E-1 3.9052E-1 5.05385E-1 4.8554E-1 3.61662E-1 2.15813E-1 2.02894E-1 2.48746E-1 2.29926E-1 3.41214E-1 4.29941E-1 4.40868E-1 2.45158E-1 4.76561E-1 4.60443E-1
1.23384E-1 1.96557E-1 9.6507E-2 9.30458E-2 1.1239E-1 2.40566E-1 2.28789E-1 1.9344E-1 1.7619E-1 1.93651E-1 2.82326E-1 4.11177E-1 4.53716E-1 4.8419E-1 3.32337E-1 3.36148E-1 3.69707E-1 4.0243E-1 6.11744E-1 6.25633E-1 4.30171E-1 3.19048E-1 5.7309E-1 4.73434E-1 5.41341E-1 5.02007E-1 4.11285E-1 3.21197E-1 3.37906E-1 2.81507E-1 2.52644E-1 2.51261E-1 2.33136E-1 3.42547E-1 3.39178E-1 3.15761E-1 2.97811E-1 3.19192E-1 1.9249E-1 3.53847E-1 4.109E-1 3.87419E-1 4.04284E-1 4.01239E-1 4.05261E-1 4.26571E-1 5.13773E-1 4.23411E-1 5.04646E-1 4.14709E-1 3.25054E-1 3.34736E-1 3.81304E-1 3.42574E-1 3.7231E-1 4.51811E-1 3.50603E-1 5.19398E-1 4.74014E-1 4.22984E-1
1.09033E-1 1.44301E-1 5.21895E-2 6.67239E-2 1.03643E-1 2.25907E-1 1.98206E-1 1.70297E-1 1.61673E-1 1.84544E-1 2.13517E-1 3.87845E-1 4.226E-1 3.8209E-1 2.61415E-1 2.9859E-1 3.53679E-1 4.2345E-1 4.4963E-1 4.40663E-1 6.28342E-1 6.02369E-1 5.90564E-1 5.62433E-1 5.24668E-1 3.09732E-1 3.7606E-1 3.13064E-1 3.36412E-1 2.81156E-1 2.64927E-1 2.54554E-1 3.01037E-1 3.35635E-1 2.91398E-1 2.93496E-1 3.18954E-1 1.49768E-1 3.66732E-1 2.47746E-1 3.17936E-1 4.11153E-1 4.1159E-1 4.00687E-1 5.61148E-1 6.55172E-1 6.80662E-1 2.27853E-1 4.45189E-1 2.7481E-1 1.74741E-1 1.77766E-1 1.89223E-1 2.06656E-1 3.65317E-1 4.69686E-1 3.63611E-1 5.03335E-1 4.48353E-1 3.9817E-1
1.56204E-1 1.07538E-1 1.14153E-1 1.37962E-1 1.55056E-1 1.88712E-1 1.61047E-1 1.47321E-1 1.46097E-1 1.75064E-1 2.42012E-1 3.24941E-1 3.54417E-1 2.55866E-1 2.51869E-1 3.35237E-1 3.70347E-1 4.71213E-1 3.83456E-1 6.01389E-1 5.64793E-1 5.32327E-1 5.16981E-1 4.77964E-1 3.04907E-1 2.16133E-1 2.04577E-1 3.20149E-1 2.72849E-1 2.29764E-1 2.54104E-1 2.57168E-1 2.41595E-1 2.2192E-1 2.62141E-1 3.38854E-1 3.88751E-1 2.80335E-1 4.25593E-1 4.2024E-1 2.49358E-1 1.83102E-1 3.81757E-1 4.03087E-1 5.71211E-1 4.78487E-1 4.06439E-1 1.14722E-1 3.47842E-1 1.55546E-1 4.29636E-2 5.32666E-2 6.21863E-2 9.97722E-2 1.94748E-1 3.28646E-1 5.44604E-1 5.16978E-1 4.84559E-1 4.28671E-1
1.20152E-1 1.10424E-1 1.21071E-1 1.22701E-1 1.22553E-1 1.75693E-1 1.67189E-1 1.64821E-1 1.68641E-1 1.7777E-1 2.65526E-1 3.10325E-1 3.63005E-1 2.42491E-1 2.64692E-1 3.62911E-1 3.94365E-1 4.44566E-1 4.35541E-1 5.71327E-1 5.08513E-1 4.81247E-1 3.33877E-1 2.76747E-1 2.52013E-1 2.1426E-1 3.48663E-1 3.0424E-1 2.5981E-1 2.38103E-1 2.56127E-1 2.19583E-1 2.07852E-1 2.31704E-1 2.71795E-1 3.50169E-1 4.0655E-1 4.59203E-1 4.72851E-1 3.81948E-1 3.60977E-1 3.6849E-1 3.73234E-1 5.45326E-1 4.53002E-1 3.58476E-1 3.36225E-1 3.38849E-1 2.89294E-1 1.44197E-1 4.70989E-2 5.41407E-2 7.76243E-2 1.28873E-1 9.23565E-2 5.80839E-1 5.33923E-1 4.90854E-1 4.56083E-1 4.23665E-1
1.92239E-1 1.81757E-1 1.54804E-1 1.24076E-1 1.23543E-1 1.57454E-1 1.69299E-1 1.75274E-1 1.94488E-1 2.90858E-1 2.72856E-1 3.14213E-1 3.33471E-1 2.39433E-1 2.68826E-1 3.68893E-1 4.0113E-1 3.15408E-1 4.27178E-1 4.69738E-1 4.79842E-1 2.88138E-1 2.63993E-1 2.58208E-1 2.65317E-1 3.51449E-1 3.25561E-1 2.85042E-1 2.44282E-1 2.05E-1 2.47184E-1 1.98472E-1 1.89475E-1 2.36312E-1 2.9064E-1 3.73653E-1 3.6166E-1 6.20094E-1 4.08502E-1 2.88984E-1 3.20365E-1 3.30955E-1 3.90001E-1 5.12435E-1 7.04666E-1 3.85512E-1 5.09044E-1 3.74963E-1 3.19453E-1 1.48482E-1 6.17212E-2 7.36118E-2 9.34131E-2 1.20106E-1 2.38838E-1 5.91498E-1 5.31328E-1 4.68492E-1 4.17686E-1 4.15743E-1
1.75391E-1 1.7158E-1 1.64258E-1 1.53987E-1 1.65542E-1 2.26047E-1 2.06658E-1 1.90209E-1 1.97153E-1 3.01531E-1 3.08541E-1 3.13624E-1 3.11977E-1 2.391E-1 2.55941E-1 3.44033E-1 3.73381E-1 3.76907E-1 3.72541E-1 3.34792E-1 4.53653E-1 4.30635E-1 4.05195E-1 3.77526E-1 3.6612E-1 3.13059E-1 2.9923E-1 2.69409E-1 2.62458E-1 2.61302E-1 2.68013E-1 1.90264E-1 2.0657E-1 2.7839E-1 3.36679E-1 4.5321E-1 5.67133E-1 5.42034E-1 3.80314E-1 3.19362E-1 3.16697E-1 3.58453E-1 2.70821E-1 7.02125E-1 1.4413E-1 3.61665E-1 2.63053E-1 2.93622E-1 2.71669E-1 1.9484E-1 7.99358E-2 8.98974E-2 8.15346E-2 1.20252E-1 1.57855E-1 6.29631E-1 5.5242E-1 4.87085E-1 4.42028E-1 4.21562E-1
1.43848E-1 1.91936E-1 2.02569E-1 1.91922E-1 2.05011E-1 2.65332E-1 2.4042E-1 2.15975E-1 2.07471E-1 2.61662E-1 3.43952E-1 3.48047E-1 2.17391E-1 2.16838E-1 2.34324E-1 3.1148E-1 3.23468E-1 3.2185E-1 3.17537E-1 1.23086E-1 4.25316E-1 4.09083E-1 3.86925E-1 3.61869E-1 3.33982E-1 2.90621E-1 3.02648E-1 3.00602E-1 2.91994E-1 2.24199E-1 1.77666E-1 1.67003E-1 1.95409E-1 2.58716E-1 3.21953E-1 5.22593E-1 5.83382E-1 2.4277E-1 3.97581E-1 3.53681E-1 3.59218E-1 3.70647E-1 3.30174E-1 6.75438E-1 2.07299E-1 3.53858E-1 3.74028E-1 2.67972E-1 1.95576E-1 1.24925E-1 5.91224E-2 5.33926E-2 8.1137E-2 1.23447E-1 1.39142E-1 6.10424E-1 5.57837E-1 4.81441E-1 4.27469E-1 4.00642E-1
2.04716E-1 2.73097E-1 2.722E-1 2.47957E-1 2.83423E-1 2.89382E-1 2.74718E-1 2.55888E-1 2.29565E-1 2.89761E-1 4.36738E-1 4.39767E-1 3.249E-1 2.49183E-1 2.45123E-1 2.7888E-1 2.86653E-1 2.8136E-1 2.953E-1 3.12645E-1 5.10242E-1 4.83643E-1 4.75786E-1 4.50092E-1 4.0879E-1 3.29547E-1 3.45853E-1 3.4587E-1 3.3799E-1 2.07104E-1 2.02604E-1 2.15313E-1 1.95576E-1 2.87274E-1 3.72637E-1 5.20605E-1 5.56655E-1 4.50577E-1 3.18056E-1 3.62435E-1 1.93956E-1 3.38078E-1 4.64455E-1 4.98912E-1 1.68984E-1 8.42648E-2 1.39547E-1 1.063E-1 6.93978E-2 6.07471E-2 1.11949E-1 1.4805E-1 1.7901E-1 2.35958E-1 2.11196E-1 6.63103E-1 6.33759E-1 5.51422E-1 4.95186E-1 4.62444E-1
2.78155E-1 3.02117E-1 3.20817E-1 2.92711E-1 3.40314E-1 3.38995E-1 3.28504E-1 3.28695E-1 2.9947E-1 3.53162E-1 4.82833E-1 4.80651E-1 3.69593E-1 2.73943E-1 2.36179E-1 2.49366E-1 2.499E-1 2.59964E-1 2.57134E-1 2.16382E-1 4.83838E-1 4.69936E-1 4.54978E-1 3.39574E-1 3.76686E-1 3.58211E-1 3.79719E-1 3.83512E-1 3.83189E-1 2.61409E-1 2.82404E-1 2.33438E-1 2.22074E-1 4.15388E-1 4.63616E-1 5.34979E-1 3.73538E-1 4.10563E-1 1.91019E-1 2.43268E-1 2.65898E-1 4.47628E-1 4.66132E-1 4.60637E-1 4.24257E-1 2.18788E-1 1.56089E-1 1.40921E-1 7.7996E-2 8.80994E-2 1.85418E-1 2.46847E-1 2.50181E-1 2.64109E-1 2.28667E-1 7.2218E-1 6.52474E-1 5.79322E-1 5.27609E-1 4.87364E-1
2.15925E-1 2.6327E-1 2.3677E-1 1.48326E-1 1.58882E-1 1.82302E-1 2.41337E-1 3.56229E-1 3.78595E-1 4.5586E-1 5.31247E-1 5.30836E-1 3.93764E-1 3.09719E-1 2.70615E-1 2.65385E-1 2.35579E-1 2.44246E-1 2.77325E-1 1.9253E-1 4.43526E-1 4.35365E-1 3.28316E-1 3.49691E-1 4.65396E-1 3.85208E-1 4.1615E-1 4.31939E-1 4.27871E-1 3.03669E-1 2.95868E-1 2.58474E-1 3.33742E-1 4.752E-1 5.21512E-1 5.32047E-1 3.80264E-1 3.89975E-1 4.27402E-1 5.09681E-1 3.32203E-1 5.30645E-1 5.55429E-1 4.48561E-1 3.48068E-1 8.94921E-2 1.25588E-1 1.23457E-1 9.28503E-2 1.30626E-1 2.84471E-1 4.01151E-1 4.82009E-1 4.1551E-1 5.34699E-1 6.97331E-1 7.01665E-1 6.40008E-1 5.84862E-1 5.06862E-1
4.84969E-1 4.4496E-1 3.17664E-1 2.76848E-1 3.37446E-1 3.34575E-1 3.53418E-1 2.19356E-1 2.39611E-1 5.00445E-1 5.72001E-1 5.76367E-1 4.32662E-1 3.51216E-1 3.1141E-1 2.99852E-1 2.76849E-1 2.60084E-1 2.79191E-1 2.59764E-1 4.15494E-1 3.45173E-1 3.16137E-1 3.5934E-1 4.90281E-1 4.09458E-1 4.45098E-1 4.77395E-1 4.97311E-1 3.52067E-1 3.24369E-1 3.14824E-1 4.97484E-1 5.31967E-1 4.48912E-1 2.63372E-1 4.04922E-1 2.38026E-1 4.25706E-1 5.54216E-1 5.34936E-1 5.60711E-1 5.12015E-1 3.83773E-1 1.04657E-1 8.15328E-2 1.05196E-1 1.35158E-1 1.40949E-1 1.99473E-1 4.83968E-1 6.36363E-1 3.42093E-1 3.42791E-1 5.09085E-1 6.66032E-1 7.10455E-1 6.5902E-1 6.0279E-1 5.10125E-1
2.84677E-1 2.25133E-1 1.82639E-1 2.1759E-1 2.8573E-1 3.2386E-1 2.65514E-1 4.20065E-1 3.84757E-1 4.92399E-1 3.79455E-1 4.85573E-1 4.28217E-1 3.88186E-1 3.41664E-1 3.26334E-1 3.11817E-1 2.93454E-1 3.03151E-1 2.72055E-1 3.96657E-1 3.29541E-1 3.69032E-1 3.86337E-1 5.12639E-1 4.37107E-1 4.80828E-1 5.15048E-1 4.34823E-1 3.4936E-1 3.46933E-1 4.04228E-1 2.73826E-1 3.82744E-1 3.85683E-1 4.10172E-1 2.8043E-1 3.42009E-1 4.44041E-1 5.54121E-1 5.40105E-1 5.34748E-1 4.31894E-1 2.172E-1 2.07767E-1 1.11114E-1 1.50284E-1 2.04684E-1 2.2458E-1 2.72131E-1 4.88859E-1 5.99645E-1 3.04784E-1 4.88405E-1 2.09293E-1 6.67854E-1 7.05874E-1 6.58658E-1 6.15752E-1 5.35739E-1
2.95109E-1 2.65247E-1 2.60218E-1 3.57276E-1 4.09899E-1 4.12859E-1 2.73921E-1 4.90144E-1 5.59313E-1 5.77964E-1 7.10245E-1 5.77851E-1 4.47004E-1 5.46725E-1 4.62617E-1 3.79757E-1 3.60715E-1 3.44097E-1 4.16656E-1 3.48944E-1 2.51176E-1 2.31951E-1 2.74621E-1 3.4977E-1 3.88307E-1 4.50398E-1 4.97939E-1 4.52676E-1 3.79161E-1 2.24346E-1 2.12389E-1 4.30531E-1 5.24373E-1 3.82987E-1 3.45522E-1 4.13133E-1 4.55968E-1 3.00634E-1 5.05141E-1 5.92564E-1 6.7975E-1 6.38497E-1 5.69219E-1 2.19889E-1 4.28046E-1 2.21867E-1 2.87752E-1 3.64246E-1 4.19452E-1 3.76035E-1 2.11814E-1 2.31388E-1 7.75343E-2 1.0543E-1 1.37612E-1 5.66766E-1 6.59624E-1 6.27077E-1 5.97918E-1 6.28158E-1
2.53742E-1 2.85742E-1 3.4827E-1 3.93136E-1 4.45182E-1 2.70873E-1 4.41156E-1 4.35718E-1 5.52456E-1 5.53623E-1 6.86084E-1 6.00262E-1 5.51794E-1 5.20919E-1 4.62152E-1 3.57905E-1 3.35141E-1 3.27875E-1 3.60436E-1 4.08315E-1 1.3716E-1 2.56044E-1 3.15364E-1 3.53093E-1 3.91757E-1 4.55114E-1 4.37588E-1 3.3725E-1 3.76601E-1 2.67023E-1 2.59645E-1 5.13259E-1 5.41255E-1 5.0433E-1 3.76204E-1 3.97775E-1 4.47699E-1 3.61455E-1 5.10746E-1 5.93455E-1 5.31034E-1 5.13891E-1 4.27474E-1 2.04224E-1 4.44938E-1 1.55286E-1 2.59041E-1 3.42042E-1 3.31472E-1 2.71614E-1 1.7324E-1 8.72989E-2 1.58108E-1 1.36791E-1 1.57572E-1 6.39185E-1 6.1242E-1 6.39255E-1 6.21486E-1 6.65525E-1
