Phytophthora/models/20240529_1714_25/Phytophthora_PA3_RUN2_MAXENT_outputs/projMaxent.asc
ncols         225
nrows         269
xllcorner     473009.9838
yllcorner     4429051.1748
cellsize      50.0
NODATA_value  -9999
[rows 78 to 103 of 269, columns 118 to 176 of 225]
8.12175E-4 6.50945E-4 1.93175E-3 1.54867E-3 1.35278E-3 7.48655E-4 8.47237E-2 7.27867E-2 7.11187E-2 6.68242E-2 7.79893E-2 8.73171E-2 1.28019E-3 8.69828E-4 3.51432E-4 6.69554E-4 3.5447E-4 3.6771E-4 6.89851E-4 1.21544E-3 2.78383E-3 3.07731E-3 1.42673E-3 1.47966E-3 3.08482E-3 3.6476E-3 2.44991E-3 1.43211E-3 1.72022E-3 2.65781E-3 5.21546E-3 2.95403E-3 1.66408E-3 2.0919E-3 3.76368E-3 3.83691E-3 6.15726E-3 5.43812E-3 5.58238E-3 5.65517E-3 2.96191E-3 2.44847E-3 2.00255E-3 1.6335E-1 1.33127E-1 5.4748E-2 1.24864E-1 7.41222E-2 4.70516E-2 5.03927E-2 1.46689E-1 2.3128E-1 1.59852E-1 2.29947E-3 1.48821E-3 2.0474E-3 2.17541E-3 1.65307E-3 7.34872E-4
1.06861E-3 1.5988E-3 2.79425E-3 1.14538E-3 9.10534E-4 3.15555E-2 8.38288E-2 8.08005E-2 8.84061E-2 9.64632E-2 7.07762E-2 8.2321E-2 1.51685E-3 1.86254E-3 5.33423E-4 7.16914E-4 5.00306E-4 5.97937E-4 3.92671E-4 7.57469E-4 2.15022E-3 2.2061E-3 2.06879E-3 1.39405E-3 2.33559E-3 3.63916E-3 2.05365E-3 1.42934E-3 1.52267E-3 2.867E-3 4.72977E-3 5.9654E-3 2.06216E-3 1.42004E-3 1.52652E-3 1.64894E-3 5.7623E-3 5.42297E-3 5.81388E-3 6.19628E-3 3.21422E-3 1.3476E-3 1.71015E-3 6.4406E-2 1.57208E-1 8.51921E-2 8.12704E-2 2.98798E-2 4.80925E-2 5.22002E-2 5.32536E-2 5.51568E-2 9.0909E-2 1.64567E-3 2.75602E-3 3.65581E-3 9.48376E-4 1.33519E-3 1.40228E-3
1.47438E-3 1.14695E-3 1.57942E-3 2.26985E-3 9.64073E-4 4.25672E-2 9.80648E-2 9.70879E-2 9.66077E-2 1.06224E-1 8.61136E-2 7.32582E-2 1.34486E-3 1.5925E-3 8.24714E-4 7.376E-4 1.00129E-3 9.12616E-4 4.98583E-4 7.10462E-4 1.27387E-3 1.17211E-3 1.30725E-3 1.5941E-3 2.36202E-3 2.33468E-3 1.79762E-3 1.08602E-3 1.53258E-3 2.46528E-3 4.02071E-3 5.9999E-3 2.72866E-3 1.39601E-3 1.28947E-3 1.30377E-3 2.94177E-3 3.75565E-3 3.78262E-3 2.8791E-3 4.1879E-3 5.36358E-3 8.83029E-2 7.95451E-2 5.61954E-2 4.37994E-2 2.39478E-2 2.44394E-2 3.98108E-2 7.91568E-2 5.84661E-2 3.51613E-2 5.62001E-2 3.32956E-3 2.82015E-3 3.27985E-3 2.61367E-3 4.33103E-3 1.20923E-3
1.69486E-3 1.70493E-3 8.5905E-4 1.20929E-3 2.88587E-2 3.40036E-2 1.019E-1 1.03637E-1 1.02058E-1 1.03821E-1 7.82993E-2 7.92023E-2 1.72514E-3 1.94349E-3 8.03454E-4 6.90055E-4 9.48403E-4 1.15249E-3 9.05321E-4 1.72864E-3 1.38626E-3 2.18875E-3 2.59502E-3 1.91439E-3 8.11992E-4 1.20222E-3 1.23679E-3 1.63155E-3 1.86385E-3 2.12343E-3 3.29574E-3 6.10278E-3 2.23258E-3 1.57927E-3 2.29522E-3 1.16823E-3 2.49903E-3 3.45003E-3 4.61156E-3 4.79564E-3 3.29297E-3 3.13596E-3 2.91212E-3 2.11364E-1 9.84707E-2 9.62528E-2 3.86067E-2 2.40944E-2 2.73861E-2 6.8695E-2 8.82551E-2 4.06012E-2 1.39446E-1 3.88594E-3 2.8486E-3 2.60432E-3 2.33776E-3 2.83765E-3 7.73654E-4
1.92647E-3 2.28092E-3 8.90355E-4 6.04978E-4 5.05195E-2 9.98893E-2 1.07496E-1 1.08794E-1 1.00363E-1 4.79119E-2 5.76837E-2 9.38651E-2 9.25781E-2 2.02123E-3 6.56263E-4 6.5962E-4 7.53214E-4 1.0585E-3 1.25693E-3 2.01354E-3 2.04166E-3 3.89993E-3 3.67149E-3 1.58071E-3 8.23367E-4 6.83331E-4 9.62075E-4 1.15355E-3 1.4163E-3 2.10919E-3 1.68651E-3 3.27706E-3 1.84859E-3 1.37903E-3 2.0653E-3 3.10385E-3 2.9999E-3 3.67293E-3 5.0394E-3 5.61372E-3 5.60894E-3 6.16412E-3 6.17399E-3 5.67315E-3 2.56279E-1 1.58841E-1 7.00295E-2 3.74602E-2 4.48601E-2 3.57271E-2 6.33355E-2 7.41698E-2 1.81583E-3 2.89889E-3 3.25496E-3 2.28931E-3 1.78495E-3 1.50343E-3 2.19032E-3
8.53996E-4 1.16658E-3 3.79853E-4 3.61008E-4 3.72069E-2 4.54274E-2 1.12511E-1 1.09927E-1 4.50456E-2 4.2308E-2 4.72181E-2 8.67089E-2 1.83135E-3 2.09563E-3 7.00602E-4 5.79011E-4 7.28343E-4 1.00954E-3 1.23755E-3 1.11785E-3 1.34777E-3 2.30203E-3 1.52126E-3 1.32185E-3 1.39957E-3 6.74397E-4 1.38678E-3 1.32628E-3 1.88076E-3 1.90301E-3 5.12165E-3 4.24643E-3 2.28225E-3 2.11775E-3 1.7813E-3 1.40278E-3 1.47117E-3 4.37457E-3 4.93062E-3 5.29451E-3 5.81917E-3 5.49204E-3 5.6749E-3 5.97831E-3 3.61946E-3 2.55585E-1 1.5123E-1 1.04519E-1 4.52512E-2 3.15252E-2 7.32595E-2 3.55753E-3 1.60273E-3 1.69573E-3 3.32322E-3 2.66231E-3 2.14625E-3 2.55617E-3 1.82444E-3
7.67084E-2 1.84643E-3 9.26925E-4 2.61775E-2 3.0493E-2 5.21156E-2 1.11805E-1 1.1392E-1 7.31575E-2 7.90648E-2 1.14394E-1 9.8789E-2 1.90227E-3 2.11264E-3 7.75743E-4 5.60104E-4 7.40221E-4 9.88167E-4 1.87397E-3 1.13764E-3 1.72403E-3 1.83075E-3 1.37696E-3 1.32545E-3 1.64409E-3 6.53851E-4 1.18548E-3 1.81444E-3 3.33877E-3 4.48989E-3 3.18775E-3 5.03519E-3 6.61357E-3 4.33545E-3 1.46232E-3 1.49328E-3 1.44675E-3 2.45707E-3 2.49541E-3 3.64953E-3 5.65229E-3 4.67038E-3 3.45425E-3 3.91458E-3 5.77463E-3 5.26237E-3 2.95238E-3 8.54795E-2 6.78228E-2 4.0059E-2 4.83614E-2 2.54988E-3 1.70079E-3 1.13908E-3 1.3847E-3 1.2057E-3 8.77068E-4 1.19159E-3 1.21075E-3
1.4883E-1 2.28088E-3 8.33551E-4 1.5687E-2 4.11278E-2 4.90223E-2 1.02725E-1 1.17324E-1 1.08381E-1 2.52459E-3 2.66746E-3 2.52971E-3 2.1989E-3 2.37303E-3 7.041E-4 6.42797E-4 9.91037E-4 1.67953E-3 3.30614E-3 1.2539E-3 1.99101E-3 1.59556E-3 1.68771E-3 1.33505E-3 1.36677E-3 7.30881E-4 1.32775E-3 1.96122E-3 2.70493E-3 4.6224E-3 5.91428E-3 5.54673E-3 3.65969E-3 3.29295E-3 1.03743E-3 2.26222E-3 3.33124E-3 2.30782E-3 2.22111E-3 2.80272E-3 4.83216E-3 5.30884E-3 4.27231E-3 2.58035E-3 6.23538E-3 6.2033E-3 1.8807E-1 1.50565E-1 9.22339E-2 7.66999E-2 4.87746E-2 8.11509E-4 1.31564E-3 1.38212E-3 1.34599E-3 2.02689E-3 9.25534E-4 8.63236E-4 1.73365E-3
1.41E-1 1.38247E-1 6.57269E-4 3.26571E-2 4.77243E-2 8.50433E-2 1.29588E-1 5.92066E-2 1.13718E-1 2.41623E-3 2.71232E-3 1.15762E-3 1.23613E-3 8.7011E-4 6.59133E-4 1.04034E-3 2.0055E-3 2.64908E-3 2.45901E-3 6.6726E-4 1.20124E-3 1.6313E-3 1.83146E-3 1.67194E-3 1.64809E-3 1.19752E-3 2.55475E-3 4.59855E-3 5.02628E-3 5.29484E-3 5.41052E-3 5.6428E-3 5.15147E-3 3.19029E-3 3.35767E-3 4.90199E-3 5.2958E-3 5.07488E-3 5.24216E-3 4.88769E-3 5.40859E-3 5.17828E-3 4.95449E-3 1.14891E-1 1.56986E-1 5.74726E-3 1.55312E-1 2.55047E-1 1.0754E-1 7.68272E-2 7.94243E-2 9.92347E-4 5.87896E-4 7.89018E-4 1.78099E-3 2.12704E-3 1.42886E-3 9.86842E-4 8.56035E-4
1.53172E-1 1.36802E-1 3.13659E-2 3.39675E-2 3.71419E-2 5.47408E-2 7.13494E-2 7.57858E-2 2.63918E-3 2.05862E-3 1.60154E-3 4.01663E-4 5.12565E-4 6.9395E-4 6.80766E-4 1.22223E-3 1.97505E-3 1.62281E-3 1.33547E-3 6.988E-4 1.17298E-3 1.96398E-3 2.24059E-3 2.69543E-3 2.64805E-3 4.01078E-3 2.42346E-3 3.79256E-3 4.16202E-3 4.74247E-3 5.06055E-3 5.30927E-3 4.52261E-3 4.48711E-3 5.66028E-3 6.21778E-3 5.63959E-3 5.56652E-3 2.4193E-3 4.33489E-3 6.12906E-3 5.79573E-3 5.33129E-3 1.69071E-1 9.4065E-2 1.32048E-1 1.80754E-1 1.92188E-1 1.05106E-1 6.84586E-2 7.49574E-2 1.27966E-3 7.26257E-4 5.86473E-4 1.17556E-3 1.08377E-3 1.04048E-3 8.03227E-4 7.99171E-4
1.50078E-1 9.25214E-2 5.03051E-2 4.70281E-2 6.19603E-2 7.14286E-2 1.23319E-1 1.22984E-1 1.43872E-3 8.82416E-4 5.55175E-4 5.34546E-4 4.62744E-4 4.80653E-4 7.80536E-4 1.09563E-3 1.70055E-3 1.48216E-3 7.4754E-4 8.56651E-4 1.29753E-3 3.02025E-3 3.23434E-3 3.34289E-3 2.25503E-3 4.34402E-3 3.4127E-3 3.61912E-3 3.52572E-3 5.63913E-3 5.48427E-3 6.10614E-3 6.26637E-3 6.37686E-3 6.90174E-3 7.01719E-3 5.11987E-3 2.3041E-3 1.81784E-3 3.07615E-3 5.02973E-3 6.68911E-3 4.14699E-3 1.23892E-1 1.24806E-1 1.26061E-1 1.34888E-1 1.32779E-1 1.10017E-1 6.93946E-2 6.21319E-2 6.80551E-2 1.2608E-3 1.48471E-3 7.05114E-4 3.26248E-4 3.42514E-4 3.91673E-4 6.08663E-4
1.46307E-1 7.97038E-2 8.42891E-2 6.79915E-2 7.38199E-2 1.10737E-1 1.22416E-1 1.10931E-1 1.45333E-3 8.05046E-4 7.04147E-4 3.1793E-4 3.13546E-4 4.06715E-4 5.44716E-4 1.19306E-3 1.44756E-3 1.52287E-3 8.10852E-4 1.35722E-3 3.56224E-3 3.47149E-3 2.93699E-3 3.15905E-3 2.57917E-3 4.3346E-3 3.89588E-3 3.48132E-3 4.17913E-3 6.19074E-3 3.27257E-3 5.50459E-3 6.81854E-3 6.10822E-3 6.02422E-3 6.78024E-3 4.44581E-3 2.1691E-3 1.9483E-3 4.03065E-3 7.62985E-3 7.685E-3 4.99413E-3 3.20475E-3 1.87606E-1 8.45355E-2 1.9467E-1 1.36577E-1 8.29736E-2 6.94669E-2 5.88962E-2 5.25796E-2 5.07884E-2 1.4561E-3 1.10599E-3 6.24541E-4 6.16327E-4 7.49269E-4 4.71532E-4
1.12934E-1 1.28082E-1 1.32041E-1 1.00456E-1 9.48911E-2 1.44057E-1 1.24001E-1 1.15065E-1 1.6335E-3 1.04195E-3 8.34663E-4 3.62103E-4 4.04541E-4 7.28275E-4 1.06734E-3 1.46872E-3 1.49552E-3 1.40185E-3 1.22006E-3 1.64892E-3 3.62563E-3 3.55369E-3 3.41434E-3 1.89243E-3 1.58892E-3 4.04068E-3 3.79768E-3 4.0458E-3 4.45711E-3 5.1833E-3 3.00775E-3 3.94107E-3 4.47798E-3 5.48991E-3 5.84165E-3 2.59239E-3 2.90886E-3 1.2942E-3 2.03536E-3 3.34984E-3 8.34088E-3 7.26997E-3 7.12052E-3 5.62639E-3 3.85761E-3 8.43726E-2 2.44624E-1 2.36887E-1 8.65275E-2 7.77471E-2 7.86817E-2 6.26829E-2 4.20999E-2 5.84024E-2 1.66546E-3 1.29319E-3 1.13561E-3 9.44753E-4 6.38213E-4
9.87369E-2 1.45876E-1 1.60233E-1 1.3235E-1 1.20857E-1 1.58075E-1 1.45184E-1 1.19742E-1 2.33049E-3 1.32177E-3 6.6237E-4 4.79701E-4 7.6404E-4 1.31328E-3 1.54988E-3 1.83739E-3 1.33413E-3 1.33802E-3 1.8239E-3 2.84068E-3 3.69431E-3 3.70869E-3 2.93589E-3 3.18543E-3 2.62403E-3 4.41858E-3 4.67517E-3 4.87002E-3 4.76625E-3 5.92877E-3 5.66805E-3 5.63198E-3 4.08876E-3 2.7215E-3 4.99287E-3 4.94875E-3 1.58734E-3 1.56352E-3 2.16358E-3 3.32041E-3 6.8928E-3 6.50559E-3 7.41596E-3 6.31542E-3 4.74512E-3 1.35719E-1 1.05339E-1 9.8457E-2 8.0691E-2 6.13201E-2 4.14489E-2 4.19022E-2 4.84371E-2 5.55167E-2 7.77286E-2 1.2207E-3 9.63282E-4 7.77395E-4 5.4444E-4
7.59665E-2 1.36244E-1 1.58491E-1 1.44351E-1 1.2349E-1 1.68442E-1 1.57309E-1 1.29036E-1 1.11218E-1 1.3855E-3 6.50844E-4 7.74876E-4 1.35681E-3 2.50469E-3 2.35451E-3 1.87806E-3 1.48386E-3 1.53508E-3 3.09928E-3 3.39289E-3 3.56967E-3 3.60398E-3 3.3922E-3 3.07781E-3 3.70872E-3 3.21419E-3 4.61999E-3 5.34538E-3 5.66057E-3 6.79328E-3 8.22204E-3 3.49436E-3 7.28133E-3 6.83412E-3 7.38642E-3 5.8986E-3 2.34907E-3 2.30804E-3 2.2196E-3 3.36584E-3 6.19005E-3 4.77164E-3 8.07561E-3 7.20626E-3 7.03316E-3 1.5015E-1 1.54762E-1 8.71414E-2 7.28772E-2 8.73248E-2 6.34164E-2 7.61721E-2 5.21248E-2 3.99544E-2 4.05317E-2 1.29453E-3 1.21283E-3 6.19009E-4 5.5644E-4
7.75328E-2 1.05997E-1 1.33019E-1 1.08278E-1 1.03661E-1 1.33763E-1 1.73323E-1 1.51496E-1 2.54463E-3 1.96325E-3 1.34166E-3 8.89733E-4 1.52456E-3 2.5072E-3 3.25703E-3 2.17666E-3 2.31096E-3 2.89938E-3 2.82813E-3 1.95191E-3 1.76503E-3 3.19302E-3 3.38499E-3 3.46582E-3 3.66368E-3 4.51536E-3 5.02815E-3 4.63474E-3 5.87629E-3 6.70492E-3 7.00935E-3 3.84173E-3 3.25014E-3 1.58969E-3 3.30005E-3 5.33428E-3 2.1279E-3 1.27903E-3 1.22087E-3 2.66587E-3 7.05798E-3 7.61998E-3 7.58413E-3 7.25014E-3 6.73545E-3 3.63507E-3 1.54528E-1 1.33657E-1 1.02831E-1 1.97849E-1 1.55705E-1 9.43874E-2 8.24604E-2 6.38371E-2 6.11902E-2 1.3724E-3 1.42321E-3 7.12956E-4 6.14507E-4
9.3063E-2 7.40518E-2 5.54814E-2 3.98423E-2 7.32976E-2 1.68064E-1 3.92995E-3 2.86295E-3 2.15978E-3 1.21437E-3 1.91386E-3 3.70574E-3 1.96226E-3 2.77085E-3 3.48845E-3 3.35138E-3 3.18454E-3 2.89976E-3 2.80137E-3 1.89254E-3 2.05291E-3 1.56432E-3 3.30888E-3 3.09821E-3 3.21123E-3 4.08404E-3 5.09972E-3 5.833E-3 6.22802E-3 6.36606E-3 6.25599E-3 4.19303E-3 2.38518E-3 2.47776E-3 2.49531E-3 1.39209E-3 1.32532E-3 1.16433E-3 1.14823E-3 2.85705E-3 7.66489E-3 7.91276E-3 7.22923E-3 6.81864E-3 3.86977E-3 3.5514E-3 1.90206E-1 2.23363E-1 1.94862E-1 1.93976E-1 1.9367E-1 1.79394E-1 1.12948E-1 7.229E-2 7.04174E-2 1.30558E-3 1.34749E-3 1.09453E-3 1.27397E-3
8.64818E-2 7.61899E-2 6.62936E-2 6.75876E-2 1.11174E-1 1.44239E-1 2.97728E-3 1.97825E-3 1.70028E-3 1.57484E-3 1.76306E-3 2.79212E-3 2.17711E-3 2.22439E-3 3.84719E-3 3.35084E-3 2.90846E-3 3.39627E-3 3.33537E-3 2.3358E-3 2.4348E-3 1.40402E-3 3.1683E-3 2.8368E-3 2.97289E-3 4.01259E-3 4.57406E-3 5.17657E-3 5.78476E-3 5.75925E-3 5.62875E-3 3.25062E-3 1.97578E-3 2.994E-3 4.42606E-3 2.82558E-3 1.17592E-3 1.1963E-3 1.33926E-3 4.5693E-3 8.32796E-3 7.82134E-3 6.88678E-3 6.16676E-3 4.98554E-3 1.42133E-1 1.26431E-1 1.75744E-1 1.35548E-1 1.39954E-1 2.5106E-1 2.21743E-1 1.26912E-1 1.03246E-1 1.99015E-3 1.36121E-3 1.42958E-3 9.46501E-4 1.41867E-3
7.87171E-2 4.67822E-2 7.37825E-2 1.47555E-1 1.54978E-1 3.66648E-3 3.42684E-3 3.4691E-3 3.12675E-3 2.27747E-3 1.25844E-3 1.53585E-3 1.50205E-3 2.71295E-3 4.30668E-3 3.78104E-3 3.495E-3 4.27048E-3 4.35712E-3 3.24899E-3 2.25832E-3 1.48358E-3 2.24543E-3 1.48417E-3 2.00618E-3 3.58702E-3 3.88209E-3 4.25118E-3 4.61255E-3 4.652E-3 4.67122E-3 3.88536E-3 1.56879E-3 2.3515E-3 3.68134E-3 3.53066E-3 1.25084E-3 1.18898E-3 1.53197E-3 7.09821E-3 8.18818E-3 7.39108E-3 6.81429E-3 6.78668E-3 2.63526E-1 2.1913E-1 1.89656E-1 9.72425E-2 1.11173E-1 1.62054E-1 2.58422E-1 1.94102E-1 1.45103E-1 1.37122E-1 2.84683E-3 2.07628E-3 1.80937E-3 9.85234E-4 7.93391E-4
7.66363E-2 4.45063E-2 7.92749E-2 1.45798E-1 3.31683E-3 3.46902E-3 3.55944E-3 3.24596E-3 3.50046E-3 2.806E-3 1.56102E-3 1.23909E-3 1.64769E-3 2.9911E-3 4.43282E-3 4.15497E-3 4.258E-3 4.75414E-3 4.85453E-3 3.31917E-3 1.59222E-3 1.84652E-3 3.52454E-3 4.53712E-3 2.28233E-3 2.82101E-3 2.5673E-3 3.24843E-3 3.53875E-3 3.42455E-3 3.57123E-3 3.46883E-3 1.4446E-3 1.42866E-3 2.51452E-3 1.81048E-3 8.74019E-4 8.55034E-4 2.62027E-3 8.26317E-3 7.18132E-3 7.08481E-3 7.70736E-3 3.03995E-1 2.32665E-1 2.28426E-1 1.37691E-1 1.20066E-1 1.47025E-1 1.80612E-1 2.76913E-1 2.18372E-1 1.40626E-1 3.44034E-3 3.149E-3 2.58832E-3 2.58917E-3 1.80261E-3 9.96207E-4
1.41636E-1 4.17277E-2 4.85086E-2 1.446E-1 2.68261E-3 3.22942E-3 3.37817E-3 2.8521E-3 3.82681E-3 3.99494E-3 1.69285E-3 1.60325E-3 2.36979E-3 4.12828E-3 3.80909E-3 1.82422E-3 4.17645E-3 4.57959E-3 4.47434E-3 3.43239E-3 2.51538E-3 3.387E-3 5.53643E-3 2.41161E-3 3.16945E-3 2.53006E-3 2.56794E-3 2.06229E-3 1.33746E-3 1.27733E-3 1.73562E-3 1.70512E-3 1.2239E-3 1.42222E-3 1.59499E-3 1.25428E-3 1.33132E-3 1.50288E-3 3.56039E-3 7.49978E-3 8.12422E-3 9.36129E-3 2.72289E-1 2.8301E-1 3.34404E-1 1.86799E-1 1.16234E-1 1.55554E-1 1.39102E-1 1.72882E-1 2.70458E-1 2.36934E-1 3.02645E-3 4.18381E-3 2.83002E-3 2.97207E-3 4.30109E-3 4.02822E-3 1.51646E-3
1.31598E-1 2.64777E-2 5.42804E-2 9.13073E-4 1.98139E-3 3.34061E-3 3.54971E-3 3.7991E-3 4.10314E-3 3.11867E-3 2.16432E-3 2.32124E-3 2.16615E-3 3.7629E-3 3.86427E-3 4.18646E-3 4.54574E-3 4.79393E-3 2.7229E-3 2.37826E-3 2.36639E-3 5.68566E-3 5.33336E-3 1.36428E-3 3.12319E-3 2.77285E-3 2.66808E-3 2.71497E-3 1.35541E-3 1.7071E-3 1.82376E-3 9.80553E-4 1.31492E-3 3.36511E-3 3.57819E-3 2.92213E-3 2.97168E-3 2.97567E-3 1.5277E-1 1.46531E-1 2.66248E-1 3.23401E-1 2.24923E-1 1.86621E-1 2.36911E-1 1.96594E-1 1.84533E-1 1.63896E-1 1.63446E-1 1.9066E-1 2.12846E-1 3.97778E-3 2.80539E-3 3.83208E-3 2.56527E-3 2.21794E-3 2.74106E-3 2.51081E-3 1.65191E-3
1.47401E-1 9.45363E-2 5.39355E-2 1.04458E-3 1.52043E-3 1.98662E-3 2.71431E-3 3.37416E-3 4.20007E-3 3.6589E-3 1.7515E-3 1.77784E-3 2.72051E-3 3.77612E-3 3.86651E-3 4.5511E-3 4.9912E-3 3.32235E-3 4.89131E-3 3.94188E-3 5.3114E-3 6.19992E-3 5.05402E-3 3.45631E-3 2.85872E-3 2.77667E-3 2.7209E-3 1.30205E-3 1.4813E-3 2.6223E-3 2.6011E-3 1.91437E-3 1.14799E-3 3.57371E-3 4.1412E-3 2.89476E-3 3.67994E-3 3.5537E-3 1.3437E-1 1.16672E-1 3.42676E-1 3.59176E-1 2.85113E-1 2.15749E-1 2.07021E-1 2.10532E-1 9.4141E-2 1.04466E-1 1.97495E-1 1.91617E-1 1.59051E-1 3.1203E-3 3.29191E-3 2.58062E-3 2.09995E-3 1.94379E-3 1.52478E-3 1.83033E-3 9.10056E-4
1.77249E-1 1.37733E-1 6.14874E-2 9.71752E-4 1.64001E-3 2.27858E-3 2.36677E-3 1.09873E-3 2.3106E-3 4.31172E-3 2.45135E-3 2.89324E-3 3.32875E-3 4.17878E-3 3.95404E-3 4.74298E-3 4.82211E-3 2.1258E-3 3.10029E-3 2.95854E-3 2.78035E-3 3.01207E-3 3.18247E-3 3.34355E-3 2.99252E-3 2.56744E-3 1.91854E-3 1.60561E-3 1.42529E-3 2.60932E-3 2.83156E-3 2.31202E-3 1.65111E-3 2.27655E-3 4.65691E-3 3.88055E-3 3.7366E-3 1.95044E-1 1.796E-1 1.76025E-1 3.71486E-1 3.82077E-1 2.70509E-1 2.4771E-1 2.60424E-1 1.93326E-1 2.39264E-1 3.05888E-1 3.09158E-1 1.87097E-1 1.35338E-1 1.38335E-1 4.72788E-3 3.20074E-3 2.99293E-3 2.99402E-3 1.01877E-3 1.2626E-3 2.60032E-3
2.50804E-1 1.83212E-1 7.44051E-2 1.07912E-3 2.47245E-3 3.08918E-3 2.54151E-3 1.38312E-3 2.93057E-3 4.42413E-3 4.38816E-3 4.13622E-3 3.78611E-3 4.12313E-3 4.52214E-3 4.30581E-3 4.70444E-3 3.39984E-3 3.44993E-3 3.35316E-3 3.66567E-3 2.58099E-3 2.49361E-3 3.19812E-3 2.70364E-3 2.56317E-3 1.51772E-3 1.55576E-3 1.01712E-3 2.07314E-3 1.68439E-3 1.63991E-3 2.2999E-3 2.37515E-3 4.10782E-3 2.47033E-3 2.30875E-3 1.83926E-1 2.39945E-1 3.71777E-1 3.65342E-1 3.68678E-1 1.68778E-1 1.40408E-1 1.49633E-1 1.79366E-1 3.12272E-1 2.30684E-1 1.65604E-1 1.53838E-1 1.50716E-1 1.86317E-1 4.16316E-3 3.34681E-3 3.3779E-3 3.2767E-3 1.18029E-3 1.39023E-3 2.47015E-3
2.16803E-1 2.25897E-1 6.904E-2 2.88809E-3 2.98677E-3 3.01614E-3 3.60675E-3 2.19381E-3 5.33747E-3 5.27584E-3 4.99522E-3 4.39625E-3 4.59064E-3 4.50821E-3 4.60778E-3 4.63501E-3 4.77478E-3 5.57409E-3 5.83747E-3 5.27827E-3 4.01429E-3 4.90891E-3 3.41541E-3 1.73858E-3 1.59268E-3 1.00991E-3 2.04057E-3 1.39828E-3 1.31542E-3 2.2858E-3 1.37695E-3 2.63864E-3 3.30759E-3 3.00636E-3 2.46268E-3 1.94643E-3 3.05263E-3 1.49173E-1 1.85551E-1 1.7827E-1 1.29127E-1 1.501E-1 1.07155E-1 1.00285E-1 1.3636E-1 2.88901E-1 1.77267E-1 3.26987E-1 1.13657E-1 1.45323E-1 1.8898E-1 2.71324E-1 1.44539E-1 2.86241E-3 2.49195E-3 2.20254E-3 1.79707E-3 1.34481E-3 1.49624E-3
