Phytophthora/models/20240529_1714_25/Phytophthora_PA3_RUN2_MAXENT_outputs/projMaxent.asc
ncols         225
nrows         269
xllcorner     473009.9838
yllcorner     4429051.1748
cellsize      50.0
NODATA_value  -9999
[rows 0 to 25 of 269, columns 59 to 117 of 225]
-9999 -9999 -9999 -9999 2.15523E-3 -9999 -9999 -9999 -9999 -9999 -9999 -9999 -9999 -9999 -9999 -9999 -9999 -9999 -9999 -9999 -9999 -9999 -9999 -9999 -9999 -9999 -9999 -9999 -9999 -9999 -9999 -9999 -9999 -9999 -9999 -9999 -9999 -9999 -9999 -9999 -9999 -9999 -9999 -9999 -9999 -9999 -9999 -9999 -9999 -9999 -9999 -9999 -9999 -9999 -9999 -9999 -9999 -9999 -9999
-9999 1.36316E-3 1.57952E-3 1.67225E-3 1.368E-3 9.41376E-4 1.18824E-3 -9999 -9999 -9999 -9999 -9999 -9999 -9999 -9999 -9999 -9999 -9999 -9999 -9999 -9999 -9999 -9999 -9999 -9999 -9999 -9999 -9999 -9999 -9999 -9999 -9999 -9999 -9999 -9999 -9999 -9999 -9999 -9999 -9999 -9999 -9999 -9999 -9999 -9999 -9999 -9999 -9999 -9999 -9999 -9999 -9999 -9999 -9999 -9999 -9999 -9999 -9999 -9999
2.13726E-3 3.50751E-3 3.67571E-3 3.18178E-3 2.57695E-3 1.66532E-3 9.95208E-4 1.07865E-3 -9999 -9999 -9999 -9999 -9999 -9999 -9999 -9999 -9999 -9999 -9999 -9999 -9999 -9999 -9999 -9999 -9999 -9999 -9999 -9999 -9999 -9999 -9999 -9999 -9999 -9999 -9999 -9999 -9999 -9999 -9999 -9999 -9999 -9999 -9999 -9999 -9999 -9999 -9999 -9999 -9999 -9999 -9999 -9999 -9999 -9999 -9999 -9999 -9999 -9999 -9999
4.07741E-3 3.99563E-3 2.71489E-3 2.82606E-3 2.25304E-3 1.83812E-3 1.17815E-3 1.41147E-3 1.96101E-3 -9999 -9999 -9999 -9999 -9999 -9999 -9999 -9999 -9999 -9999 -9999 -9999 -9999 -9999 -9999 -9999 -9999 -9999 -9999 -9999 -9999 -9999 -9999 -9999 -9999 -9999 -9999 -9999 -9999 -9999 -9999 -9999 -9999 -9999 -9999 -9999 -9999 -9999 -9999 -9999 -9999 -9999 -9999 -9999 -9999 -9999 -9999 -9999 -9999 -9999
3.08862E-3 1.91204E-3 1.88081E-3 2.99405E-3 2.54448E-3 1.66866E-3 1.29157E-3 1.59889E-3 2.46593E-3 2.33383E-3 2.25017E-3 -9999 -9999 -9999 -9999 -9999 -9999 -9999 -9999 -9999 -9999 -9999 -9999 -9999 -9999 -9999 -9999 -9999 -9999 -9999 -9999 -9999 -9999 -9999 -9999 -9999 -9999 -9999 -9999 -9999 -9999 -9999 -9999 -9999 -9999 -9999 -9999 -9999 -9999 -9999 -9999 -9999 -9999 -9999 -9999 -9999 -9999 -9999 -9999
2.48694E-3 1.74825E-3 1.80554E-3 1.82347E-3 2.6477E-3 2.31602E-3 1.19909E-3 8.74587E-4 1.38996E-3 1.12056E-3 8.37818E-4 1.23243E-3 -9999 -9999 -9999 -9999 -9999 -9999 -9999 -9999 -9999 -9999 -9999 -9999 -9999 -9999 -9999 -9999 -9999 -9999 -9999 -9999 -9999 -9999 -9999 -9999 -9999 -9999 -9999 -9999 -9999 -9999 -9999 -9999 -9999 -9999 -9999 -9999 -9999 -9999 -9999 -9999 -9999 -9999 -9999 -9999 -9999 -9999 -9999
4.37684E-3 3.46601E-3 1.49459E-3 1.36027E-3 1.75718E-3 2.49595E-3 1.68056E-3 1.28281E-3 9.00561E-4 1.11763E-3 9.93132E-4 8.20206E-4 1.68065E-3 -9999 -9999 -9999 -9999 -9999 -9999 -9999 -9999 -9999 -9999 -9999 -9999 -9999 -9999 -9999 -9999 -9999 1.00497E-2 8.36738E-3 -9999 -9999 -9999 -9999 -9999 -9999 -9999 -9999 -9999 -9999 -9999 -9999 -9999 -9999 -9999 -9999 -9999 -9999 -9999 -9999 -9999 -9999 -9999 -9999 -9999 -9999 -9999
2.64561E-3 1.33271E-3 1.4307E-3 1.63563E-3 2.20895E-3 2.33337E-3 2.99712E-3 2.73491E-3 2.73266E-3 1.8242E-3 1.61058E-3 7.24862E-4 1.15705E-3 8.92282E-4 -9999 -9999 -9999 -9999 -9999 -9999 -9999 -9999 -9999 -9999 -9999 -9999 -9999 -9999 -9999 1.9679E-2 1.06802E-2 3.74859E-3 3.25791E-3 -9999 -9999 -9999 -9999 -9999 -9999 -9999 -9999 -9999 -9999 -9999 -9999 -9999 -9999 -9999 -9999 -9999 -9999 -9999 -9999 -9999 -9999 -9999 -9999 -9999 -9999
1.33502E-3 1.01445E-3 1.31174E-3 1.34741E-3 1.4755E-3 2.18143E-3 2.50879E-3 3.38786E-3 3.50242E-3 1.95005E-3 8.04929E-4 5.64569E-4 7.99788E-4 8.76645E-4 9.43779E-4 1.04315E-3 3.78871E-3 -9999 -9999 -9999 -9999 -9999 -9999 -9999 -9999 7.68872E-3 5.42513E-3 9.6622E-3 1.13382E-2 1.18134E-2 5.64877E-3 4.82973E-3 4.80848E-3 2.31454E-3 1.80179E-3 1.90204E-3 2.4724E-3 3.38385E-3 9.85821E-3 -9999 -9999 -9999 -9999 -9999 -9999 -9999 -9999 -9999 -9999 -9999 -9999 -9999 -9999 -9999 -9999 -9999 -9999 -9999 -9999
1.42693E-3 1.07185E-3 1.38607E-3 1.2208E-3 9.3013E-4 1.52613E-3 2.21649E-3 4.08075E-3 2.79058E-3 1.49146E-3 9.3347E-4 1.03924E-3 7.04679E-4 1.33089E-3 1.35235E-3 1.92429E-3 2.95161E-3 2.55176E-3 1.23552E-3 1.72221E-3 3.60636E-3 3.78763E-3 3.54116E-3 3.39815E-3 2.73487E-3 2.64986E-3 6.35092E-3 1.13451E-2 4.5112E-3 5.50527E-3 3.2096E-3 3.30596E-3 2.02619E-3 9.11365E-4 1.241E-3 1.72464E-3 2.69992E-3 9.92615E-3 2.79056E-2 1.98611E-2 -9999 -9999 -9999 -9999 -9999 -9999 -9999 -9999 -9999 -9999 -9999 -9999 -9999 -9999 -9999 -9999 -9999 -9999 -9999
1.37016E-3 1.4978E-3 1.31356E-3 1.04795E-3 1.19851E-3 1.39794E-3 1.75392E-3 2.60177E-3 2.00928E-3 1.28178E-3 1.35457E-3 1.06215E-3 5.78807E-4 9.74568E-4 2.1565E-3 1.58649E-3 2.12721E-3 2.40405E-3 2.81142E-3 1.35885E-3 9.30556E-4 8.62373E-4 1.69098E-3 3.87383E-3 6.57646E-3 5.40349E-3 6.05491E-3 6.30326E-3 3.90735E-3 2.57912E-3 3.36819E-3 3.0405E-3 1.52842E-3 1.1104E-3 1.96861E-3 3.86267E-3 5.02791E-3 1.33825E-2 2.40059E-2 2.92681E-2 3.23565E-2 1.3104E-2 -9999 -9999 -9999 -9999 -9999 -9999 -9999 -9999 -9999 -9999 -9999 -9999 -9999 -9999 -9999 -9999 -9999
1.37572E-3 1.82569E-3 1.11822E-3 1.11201E-3 1.33901E-3 1.7319E-3 2.26708E-3 2.25327E-3 1.69558E-3 1.18481E-3 1.23487E-3 1.1054E-3 7.80215E-4 4.69493E-4 1.33651E-3 5.59516E-4 1.69124E-3 1.97809E-3 2.15499E-3 2.37143E-3 1.47743E-3 1.12783E-3 1.98221E-3 4.19387E-3 7.14656E-3 7.56177E-3 8.04479E-3 7.00898E-3 9.3219E-5 1.05749E-4 7.85974E-5 4.87099E-5 5.50535E-5 1.6703E-3 3.11656E-3 3.65262E-3 5.24638E-3 1.51586E-2 1.77408E-2 2.96785E-2 2.2388E-2 2.29292E-2 1.19505E-4 1.07756E-4 -9999 -9999 -9999 -9999 -9999 -9999 -9999 -9999 -9999 -9999 -9999 -9999 -9999 -9999 -9999
1.57312E-3 1.74904E-3 1.09509E-3 1.17798E-3 1.46276E-3 2.10888E-3 2.26946E-3 1.74111E-3 1.41761E-3 1.15028E-3 1.07526E-3 9.24151E-4 6.73334E-4 4.1026E-4 8.70383E-4 1.04837E-3 6.87012E-4 1.12219E-3 1.23627E-3 1.13233E-3 1.02993E-3 1.81281E-3 2.49005E-3 2.40787E-3 3.36267E-3 5.31827E-3 4.31723E-3 4.66494E-3 7.24415E-5 1.05211E-4 1.36323E-4 3.31456E-5 3.34963E-5 4.58804E-5 2.77963E-5 4.18421E-5 5.24462E-3 1.40198E-2 2.16515E-2 2.36925E-2 2.21711E-2 1.58025E-2 3.95601E-4 9.81904E-5 8.53296E-5 -9999 -9999 -9999 -9999 -9999 -9999 -9999 -9999 -9999 -9999 -9999 -9999 -9999 -9999
1.49691E-3 1.40849E-3 1.40286E-3 1.36902E-3 1.5955E-3 2.26485E-3 2.22317E-3 1.51519E-3 1.38719E-3 1.60055E-3 1.37398E-3 1.04037E-3 9.163E-4 4.77855E-4 5.39179E-4 1.01348E-3 3.90228E-4 8.19563E-4 8.34588E-4 1.09722E-3 1.66076E-3 2.04218E-3 2.24944E-3 3.78238E-3 4.17928E-3 6.03643E-3 4.00891E-3 4.1395E-3 3.78023E-3 2.46983E-4 5.22858E-5 5.1048E-5 5.31112E-5 6.23968E-5 5.52113E-5 3.56242E-5 5.07782E-5 9.38554E-3 2.63313E-2 2.48817E-2 2.41688E-2 2.15076E-2 1.53557E-2 1.84028E-2 8.99164E-3 1.37091E-4 1.3071E-4 -9999 -9999 -9999 -9999 -9999 -9999 -9999 -9999 -9999 -9999 -9999 -9999
1.43647E-3 1.4267E-3 1.86666E-3 1.81165E-3 1.90724E-3 1.9062E-3 1.83344E-3 1.85743E-3 1.69227E-3 1.77793E-3 1.73497E-3 1.33236E-3 1.18E-3 6.51964E-4 6.58592E-4 6.03916E-4 3.89658E-4 5.20881E-4 8.0771E-4 1.04911E-3 1.90825E-3 2.52732E-3 1.69025E-3 3.65038E-3 5.64294E-3 6.43348E-3 4.51998E-3 3.20194E-3 5.70444E-3 1.10205E-2 3.40702E-5 1.85283E-5 3.10916E-5 4.33683E-5 3.47899E-5 7.10638E-5 9.82821E-5 1.47973E-4 2.56334E-2 2.76632E-2 2.63084E-2 2.55004E-2 2.4214E-2 2.35414E-2 1.9055E-2 1.41041E-2 1.40753E-2 4.26029E-4 4.56506E-4 -9999 -9999 -9999 -9999 -9999 -9999 -9999 -9999 -9999 -9999
1.49935E-3 1.55682E-3 2.10047E-3 2.78761E-3 2.55099E-3 2.58107E-3 2.13264E-3 1.90675E-3 1.64082E-3 1.55322E-3 1.48549E-3 1.34497E-3 1.71897E-3 9.14027E-4 7.39468E-4 6.80912E-4 6.61093E-4 7.25571E-4 8.28595E-4 9.97416E-4 1.41551E-3 1.75512E-3 2.87599E-3 3.19357E-3 5.58581E-3 8.01872E-3 4.47522E-3 1.11712E-2 2.09014E-2 9.00855E-3 1.62686E-3 3.38025E-5 1.04939E-4 7.19571E-5 8.80353E-5 3.4484E-4 2.5522E-4 2.27641E-4 1.87902E-4 1.5795E-2 1.49339E-2 1.42601E-2 1.56757E-2 1.92094E-2 9.06761E-3 1.83777E-2 8.24137E-3 1.93551E-2 3.55844E-4 3.01829E-4 -9999 -9999 -9999 -9999 -9999 -9999 -9999 -9999 -9999
1.91421E-3 2.14188E-3 3.27383E-3 3.72551E-3 4.71194E-3 5.35075E-3 2.74203E-3 1.73672E-3 1.23438E-3 7.00163E-4 7.0532E-4 9.9537E-4 1.25269E-3 9.12804E-4 1.34636E-3 9.05545E-4 9.89872E-4 1.19318E-3 9.28319E-4 9.74872E-4 9.66406E-4 2.11144E-3 3.00713E-3 2.99755E-3 4.00475E-3 5.33532E-3 1.63855E-2 1.89965E-2 2.0307E-2 5.79038E-3 5.42137E-3 9.73146E-5 1.60122E-4 6.43994E-5 1.74248E-4 2.76581E-4 1.20573E-4 1.04245E-4 8.55137E-5 1.05701E-4 1.39371E-4 1.26245E-4 6.00366E-3 3.58461E-3 1.21153E-2 6.21348E-3 1.17319E-2 9.88632E-3 2.26879E-4 2.32485E-4 1.63822E-4 1.28982E-4 -9999 -9999 -9999 -9999 -9999 -9999 -9999
2.94899E-3 3.91293E-3 4.46866E-3 4.52593E-3 5.76051E-3 3.54471E-3 2.42146E-3 1.99366E-3 1.7787E-3 8.0281E-4 7.88584E-4 1.39807E-3 1.81407E-3 1.00251E-3 1.15394E-3 2.16768E-3 2.78842E-3 2.89137E-3 4.01626E-3 2.22865E-3 2.05333E-3 2.2233E-3 3.27568E-3 3.74073E-3 2.6572E-3 3.13028E-3 5.49637E-3 2.99398E-3 4.91563E-3 3.27839E-3 4.01119E-3 6.73597E-5 8.51139E-5 9.18733E-5 6.65296E-5 6.30086E-5 3.59732E-5 3.96011E-5 6.79903E-5 7.24924E-5 7.95988E-5 6.26299E-5 6.10706E-5 3.66595E-5 4.01903E-5 7.60931E-3 1.22596E-2 7.29333E-3 1.36533E-4 1.6471E-4 1.89761E-4 2.48325E-4 3.17348E-4 1.39281E-4 -9999 -9999 -9999 -9999 -9999
2.8448E-3 2.20256E-3 3.04347E-3 5.46379E-3 5.62644E-3 3.21802E-3 4.92635E-3 6.17309E-3 3.66499E-3 1.65327E-3 1.58152E-3 1.83228E-3 1.59018E-3 1.50753E-3 2.56752E-3 4.32563E-3 4.55116E-3 4.8278E-3 4.87078E-3 6.33679E-3 3.2028E-3 3.70414E-3 6.71006E-3 2.88174E-3 2.50163E-3 2.67481E-3 6.49827E-3 5.36974E-3 5.03412E-3 2.70586E-3 1.96508E-3 1.82316E-3 6.57063E-5 1.11664E-4 1.21026E-4 6.3249E-5 2.69625E-5 3.06074E-5 3.3674E-5 3.66961E-5 3.1303E-5 3.09642E-5 3.61611E-5 3.78214E-5 5.86528E-5 9.29004E-5 1.54995E-4 1.96776E-4 1.42458E-4 1.48426E-4 1.6822E-4 2.31082E-4 3.2943E-4 2.23302E-4 1.43661E-4 -9999 -9999 -9999 -9999
3.94729E-3 3.18314E-3 4.46523E-3 7.30506E-3 5.2874E-3 3.31529E-3 3.633E-3 5.1936E-3 3.53934E-3 2.32975E-3 2.13123E-3 2.21523E-3 1.70545E-3 4.11184E-3 6.01734E-3 5.94676E-3 5.52698E-3 5.99379E-3 6.54069E-3 7.03313E-3 7.42203E-3 8.05E-3 8.25655E-3 9.70328E-3 3.87146E-3 3.20686E-3 1.10042E-2 9.26158E-3 4.62951E-3 3.16874E-3 1.69998E-3 2.02054E-3 4.15973E-5 1.19364E-4 9.8618E-5 7.07655E-5 4.60304E-5 3.03167E-5 8.8613E-5 1.14858E-4 6.54178E-5 4.44953E-5 3.32911E-5 3.29018E-5 7.01665E-5 8.96572E-5 1.06021E-4 1.5787E-4 1.74693E-4 1.47888E-4 1.36048E-4 1.56628E-4 1.60213E-4 1.51173E-4 1.33673E-4 2.18727E-4 1.34655E-4 -9999 -9999
7.04646E-3 6.89375E-3 7.25786E-3 7.1857E-3 7.5671E-3 3.52347E-3 2.74205E-3 2.82148E-3 2.99363E-3 2.65982E-3 3.0099E-3 2.25921E-3 2.18704E-3 4.43904E-3 5.16544E-3 5.19609E-3 6.41715E-3 7.41542E-3 7.70984E-3 7.02964E-3 7.76188E-3 7.66006E-3 7.9099E-3 8.59922E-3 1.06454E-2 9.95118E-3 8.5829E-3 7.15495E-3 4.7594E-3 2.4487E-3 3.59413E-3 4.0653E-3 1.90775E-3 7.35616E-5 7.11975E-5 5.83227E-5 4.55441E-5 2.79589E-5 2.97458E-5 7.13013E-5 5.60994E-5 3.65691E-5 2.95762E-5 5.36791E-5 8.86578E-5 8.22524E-5 8.93112E-5 8.97512E-5 1.454E-4 2.10577E-4 1.66725E-4 1.56614E-4 1.42715E-4 1.45242E-4 1.72868E-4 1.88168E-4 1.34369E-4 1.71313E-4 1.59221E-4
6.61908E-3 6.45726E-3 6.14988E-3 6.31608E-3 5.11843E-3 3.59624E-3 3.17872E-3 3.17114E-3 3.31204E-3 2.65648E-3 3.33261E-3 1.80255E-3 2.41145E-3 4.23654E-3 5.35237E-3 6.70883E-3 6.97516E-3 8.10223E-3 7.02806E-3 5.20948E-3 8.35422E-3 8.57461E-3 9.96495E-3 9.65947E-3 1.04842E-2 1.16954E-2 9.82642E-3 6.64309E-3 1.33022E-2 4.73E-3 3.07646E-3 2.41355E-3 2.31651E-3 2.76126E-3 6.97349E-5 6.04747E-5 5.46805E-5 5.10828E-5 2.749E-5 2.78676E-5 2.85665E-5 2.11936E-5 3.17454E-5 1.24343E-4 1.16037E-4 4.06556E-5 3.11643E-5 3.44685E-5 6.87691E-5 2.4725E-4 2.38691E-4 2.05949E-4 2.12066E-4 1.75141E-4 1.7876E-4 1.95592E-4 1.45217E-4 3.1575E-4 2.10729E-4
5.09409E-3 5.91233E-3 4.27391E-3 4.45963E-3 3.57676E-3 2.00051E-3 1.30145E-3 1.03183E-3 9.25736E-4 1.92441E-3 2.25451E-3 1.85484E-3 2.11785E-3 3.20429E-3 4.794E-3 6.51889E-3 8.16687E-3 8.376E-3 6.60221E-3 4.38687E-3 7.54349E-3 1.0093E-2 1.09616E-2 1.12929E-2 1.17468E-2 1.26213E-2 1.33146E-2 7.11712E-3 1.62633E-2 6.47382E-3 5.01057E-3 2.98774E-3 1.82559E-3 3.22367E-3 5.58142E-3 8.89045E-5 9.90118E-5 7.39641E-5 5.48434E-5 2.49945E-5 3.29242E-5 2.82455E-5 3.90418E-5 9.71545E-5 1.06574E-4 7.34298E-5 6.59223E-5 5.33801E-5 7.73155E-5 1.31466E-4 1.56228E-4 1.17318E-4 9.4923E-5 1.2027E-4 1.6159E-4 1.81154E-4 2.48911E-4 2.25942E-4 4.36424E-4
5.44958E-3 3.34303E-3 2.09079E-3 2.55334E-3 2.67412E-3 9.89508E-4 7.4308E-4 1.02121E-3 9.88362E-4 2.65753E-3 2.07233E-3 1.59179E-3 1.15477E-3 2.18182E-3 2.66319E-3 4.85194E-3 8.51282E-3 6.77182E-3 6.05986E-3 3.82335E-3 7.42301E-3 1.05656E-2 1.06086E-2 1.02286E-2 1.2983E-2 1.54633E-2 1.30598E-2 7.76765E-3 7.98859E-3 5.75816E-3 7.42268E-3 6.52982E-3 3.47054E-3 6.12069E-3 6.06419E-3 1.0076E-4 1.28667E-4 9.27949E-5 5.3598E-5 2.44725E-5 4.86888E-5 2.01987E-5 4.25084E-5 7.44417E-5 2.0216E-4 1.50052E-4 1.38578E-4 1.54028E-4 1.78507E-4 1.52945E-4 5.95952E-5 8.1434E-5 1.10807E-4 9.27748E-5 1.01845E-4 1.63426E-4 1.58537E-4 2.43508E-4 2.56863E-4
1.84843E-3 1.1243E-3 1.61974E-3 1.66812E-3 2.1327E-3 1.11298E-3 7.84642E-4 1.24371E-3 2.4065E-3 2.40947E-3 2.25917E-3 1.55528E-3 1.59301E-3 1.8353E-3 2.55518E-3 5.12925E-3 1.10695E-2 7.64827E-3 3.70041E-3 4.84565E-3 8.63652E-3 1.01077E-2 1.11406E-2 1.04062E-2 1.26464E-2 1.51773E-2 1.17451E-2 7.49705E-3 4.73234E-3 4.4577E-3 1.01079E-2 8.72269E-3 6.43907E-3 7.54194E-3 8.69927E-3 8.63915E-3 2.12973E-4 7.45747E-5 5.70578E-5 2.13961E-5 3.1765E-5 2.70133E-5 4.31299E-5 8.99143E-5 2.4896E-4 2.50241E-4 1.84547E-4 1.11321E-4 1.556E-4 1.95884E-4 1.38477E-4 1.21226E-4 1.24459E-4 1.37901E-4 1.08509E-4 1.3033E-4 1.36202E-4 1.83151E-4 2.3746E-4
1.10184E-3 1.1388E-3 2.12007E-3 4.38461E-3 5.27621E-3 1.79699E-3 1.07293E-3 2.50435E-3 3.49618E-3 3.07014E-3 1.87439E-3 1.91511E-3 3.68437E-3 5.69595E-3 2.82873E-3 4.07598E-3 9.29775E-3 5.81904E-3 2.44574E-3 4.63913E-3 6.79745E-3 1.01231E-2 1.2337E-2 1.21324E-2 1.10353E-2 9.8589E-3 8.56695E-3 4.66155E-3 4.89681E-3 1.36154E-2 1.38241E-2 1.14621E-2 8.26362E-3 6.30752E-3 6.46769E-3 1.50317E-2 2.02472E-2 9.52295E-3 5.32138E-5 2.63565E-5 1.95898E-5 2.65536E-5 6.60553E-5 1.15701E-4 2.76858E-4 3.48184E-4 1.5212E-4 8.44836E-5 7.7108E-5 1.11678E-4 1.05061E-4 1.07383E-4 1.32042E-4 1.97398E-4 2.39413E-4 1.43558E-4 1.33484E-4 1.58183E-4 1.96162E-4
