Phytophthora/models/20240529_1714_25/Phytophthora_PA3_RUN2_MAXENT_outputs/projMaxent.asc
ncols         225
nrows         269
xllcorner     473009.9838
yllcorner     4429051.1748
cellsize      50.0
NODATA_value  -9999
[rows 156 to 181 of 269, columns 59 to 117 of 225]
6.36593E-1 4.31426E-1 4.23377E-1 3.43655E-1 3.71712E-1 3.1183E-1 2.0645E-1 1.34187E-1 3.00333E-1 3.76908E-1 3.88964E-1 5.52769E-1 6.88915E-1 5.54729E-1 5.38824E-1 5.52673E-1 5.30071E-1 5.08196E-1 6.78874E-1 6.31747E-1 2.7491E-1 6.39431E-1 7.49169E-1 7.27633E-1 7.25469E-1 7.17907E-1 7.55849E-1 7.53926E-1 6.1108E-1 4.98524E-1 4.1419E-1 4.1297E-1 5.15541E-1 6.41109E-1 6.83943E-1 7.2736E-1 7.42951E-1 7.41964E-1 7.96635E-1 7.43182E-1 7.09596E-1 5.77094E-1 5.18143E-1 4.49877E-1 5.31004E-1 5.33808E-1 4.69823E-1 4.39058E-1 5.25662E-1 4.8781E-1 4.1611E-1 4.11827E-1 4.29519E-1 2.27307E-1 1.54645E-1 1.07996E-1 2.84504E-1 4.05207E-1 3.89283E-1
5.95249E-1 4.28866E-1 4.42593E-1 3.91199E-1 3.991E-1 3.11978E-1 2.0738E-1 1.51635E-1 2.72172E-1 2.88426E-1 3.73112E-1 5.26937E-1 5.91245E-1 6.49781E-1 5.13188E-1 5.53101E-1 5.65358E-1 5.06659E-1 5.69253E-1 5.76844E-1 4.25154E-1 7.52736E-1 7.09981E-1 7.08534E-1 7.35818E-1 7.47427E-1 7.40195E-1 7.69998E-1 7.34478E-1 6.336E-1 5.28668E-1 6.60294E-1 7.02943E-1 6.14863E-1 6.79712E-1 3.72193E-1 6.22399E-1 6.56825E-1 6.05105E-1 6.33519E-1 5.69039E-1 5.9116E-1 6.76832E-1 5.92853E-1 5.11775E-1 5.03385E-1 5.9607E-1 5.64246E-1 5.62137E-1 3.75264E-1 4.41658E-1 5.65674E-1 4.78839E-1 1.67615E-1 1.57023E-1 1.87515E-1 2.30309E-1 3.08138E-1 3.02624E-1
3.42808E-1 4.29866E-1 3.89404E-1 3.93606E-1 4.95266E-1 2.54642E-1 1.83879E-1 1.4133E-1 2.30283E-1 3.43312E-1 4.77247E-1 5.84475E-1 4.9277E-1 4.64656E-1 6.26518E-1 6.68551E-1 6.9794E-1 5.95718E-1 4.98046E-1 4.06722E-1 7.57052E-1 7.79095E-1 7.60856E-1 7.61193E-1 7.838E-1 7.73336E-1 7.45678E-1 7.56914E-1 7.60936E-1 7.57412E-1 7.58505E-1 7.44502E-1 6.7396E-1 6.50051E-1 4.09928E-1 4.55247E-1 5.58463E-1 5.05228E-1 3.7294E-1 4.11828E-1 3.83783E-1 4.66031E-1 6.52485E-1 6.75584E-1 5.79321E-1 6.28794E-1 5.68765E-1 5.53587E-1 5.61223E-1 3.0065E-1 4.8224E-1 4.82613E-1 2.8292E-1 3.46803E-1 3.6767E-1 2.10887E-1 1.76971E-1 2.07571E-1 2.57939E-1
4.72571E-1 4.1968E-1 3.73825E-1 4.22599E-1 4.77494E-1 1.74541E-1 2.54635E-1 2.85466E-1 3.51538E-1 4.00177E-1 5.81995E-1 7.04353E-1 4.31282E-1 4.41708E-1 7.87201E-1 7.76672E-1 7.21216E-1 4.60039E-1 3.68647E-1 4.38855E-1 7.22223E-1 7.69119E-1 7.77457E-1 7.25552E-1 5.68922E-1 6.08261E-1 7.82575E-1 7.56377E-1 7.71855E-1 7.22238E-1 7.49016E-1 5.29927E-1 7.23775E-1 6.48989E-1 4.24581E-1 7.00993E-1 6.5352E-1 6.04518E-1 4.2746E-1 4.66188E-1 5.12172E-1 4.06851E-1 4.48215E-1 4.76172E-1 5.04894E-1 5.95738E-1 5.67933E-1 5.31455E-1 5.1713E-1 4.94014E-1 3.2493E-1 3.99694E-1 1.70643E-1 4.55126E-1 4.48886E-1 2.57425E-1 1.66466E-1 1.65014E-1 2.02815E-1
5.57174E-1 3.92873E-1 2.78486E-1 3.42926E-1 3.20656E-1 2.52663E-1 2.98292E-1 3.79663E-1 4.36565E-1 4.18722E-1 4.60298E-1 5.59048E-1 5.12347E-1 5.51668E-1 8.36937E-1 7.76984E-1 5.84801E-1 4.1801E-1 3.34535E-1 4.69707E-1 5.26151E-1 5.69441E-1 5.98542E-1 6.68051E-1 6.9716E-1 6.47028E-1 6.03445E-1 7.5219E-1 7.36176E-1 7.69055E-1 6.39939E-1 3.5735E-1 6.69367E-1 6.65038E-1 7.01204E-1 7.18426E-1 6.67658E-1 7.07347E-1 7.17827E-1 7.05191E-1 6.96469E-1 5.27565E-1 4.07728E-1 4.29371E-1 3.47072E-1 3.33051E-1 3.61997E-1 3.22392E-1 2.89515E-1 2.41649E-1 1.3146E-1 7.85234E-2 7.21138E-2 3.25675E-1 3.44666E-1 1.70742E-1 1.26634E-1 7.7837E-2 8.11069E-2
4.62463E-1 2.21793E-1 1.84397E-1 1.43605E-1 1.08414E-1 2.64644E-1 4.86119E-1 5.95148E-1 6.18413E-1 5.8751E-1 5.46632E-1 8.6876E-1 6.01258E-1 6.74059E-1 8.26785E-1 7.63787E-1 6.33845E-1 6.3771E-1 4.27637E-1 6.12843E-1 7.06129E-1 7.29326E-1 6.37793E-1 7.04075E-1 6.03845E-1 7.65576E-1 6.01585E-1 7.39329E-1 7.63991E-1 5.96292E-1 7.4019E-1 4.25578E-1 6.2002E-1 6.23827E-1 4.68174E-1 4.59631E-1 3.69324E-1 4.94393E-1 4.8508E-1 6.17492E-1 6.66059E-1 6.46671E-1 3.96838E-1 4.55342E-1 4.27464E-1 3.67699E-1 2.43608E-1 1.66733E-1 2.10067E-1 1.44999E-1 9.12676E-2 6.81917E-2 6.84662E-2 2.02985E-1 2.00497E-1 5.66535E-2 3.76308E-2 8.23941E-2 1.18401E-1
2.41033E-1 3.29309E-1 4.48175E-1 4.0789E-1 1.85166E-1 3.53553E-1 6.54495E-1 7.00157E-1 4.51539E-1 6.82951E-1 7.06118E-1 7.71249E-1 4.87674E-1 7.80507E-1 7.82719E-1 7.40544E-1 6.836E-1 7.58276E-1 5.26719E-1 6.05853E-1 7.00289E-1 7.10517E-1 6.34793E-1 7.22757E-1 7.45242E-1 7.5891E-1 7.74693E-1 7.93468E-1 7.19211E-1 7.51465E-1 4.72627E-1 5.68334E-1 4.22544E-1 3.63123E-1 3.52638E-1 4.4749E-1 3.27943E-1 2.89207E-1 2.50418E-1 2.64463E-1 3.22943E-1 6.0723E-1 5.75187E-1 5.44193E-1 3.85944E-1 2.76029E-1 2.11629E-1 2.38685E-1 2.4776E-1 1.42187E-1 7.29606E-2 6.94008E-2 1.23115E-1 8.18294E-2 5.34934E-2 7.84237E-2 1.01115E-1 5.20788E-2 1.08707E-1
3.65827E-1 4.47066E-1 4.69128E-1 2.30959E-1 3.39199E-1 5.98155E-1 6.09239E-1 5.46417E-1 7.30303E-1 8.52594E-1 6.71616E-1 4.82992E-1 5.11736E-1 5.60195E-1 7.52357E-1 6.69816E-1 6.05988E-1 7.2401E-1 2.96247E-1 4.8573E-1 5.16236E-1 4.71558E-1 5.49984E-1 6.63005E-1 6.62201E-1 6.59343E-1 7.46509E-1 7.90364E-1 6.80599E-1 7.43652E-1 7.36369E-1 6.87721E-1 4.07669E-1 3.49922E-1 4.06758E-1 5.56796E-1 4.80022E-1 3.45949E-1 2.95636E-1 3.20829E-1 2.64474E-1 2.889E-1 4.29416E-1 2.8518E-1 1.81048E-1 1.25772E-1 1.80046E-1 2.39523E-1 1.77715E-1 1.09221E-1 5.76819E-2 1.09336E-1 1.59694E-1 1.15413E-1 1.05652E-1 1.41341E-1 1.54907E-1 1.72886E-1 2.35441E-1
2.71515E-1 3.79758E-1 4.26874E-1 5.49474E-1 5.23567E-1 4.5951E-1 6.10677E-1 5.06678E-1 6.07128E-1 7.23018E-1 4.92916E-1 6.58349E-1 5.73185E-1 4.58642E-1 6.10865E-1 4.88876E-1 7.77213E-1 5.6583E-1 4.62734E-1 7.19761E-1 5.04972E-1 4.42538E-1 5.521E-1 6.96193E-1 7.70801E-1 7.03163E-1 6.79055E-1 7.69991E-1 7.29992E-1 7.6665E-1 7.11596E-1 7.31341E-1 4.95657E-1 3.10791E-1 6.36972E-1 6.8989E-1 6.41719E-1 4.88868E-1 3.19235E-1 3.51687E-1 1.6436E-1 1.13268E-1 1.46725E-1 1.45231E-1 9.22412E-2 1.06075E-1 2.34789E-1 1.98205E-1 8.93583E-2 6.09531E-2 5.67225E-2 1.09112E-1 1.63306E-1 1.48712E-1 1.20517E-1 1.35363E-1 1.51933E-1 3.51647E-1 2.91142E-1
4.43766E-1 6.20368E-1 4.48017E-1 4.92404E-1 5.71475E-1 4.20395E-1 6.14058E-1 5.22592E-1 5.52016E-1 6.3111E-1 5.23802E-1 7.84023E-1 7.69848E-1 7.49746E-1 6.65849E-1 6.71901E-1 5.04549E-1 4.0511E-1 6.95858E-1 7.098E-1 7.19134E-1 4.80435E-1 4.47311E-1 4.14053E-1 6.40515E-1 7.99681E-1 7.96667E-1 7.57615E-1 8.07638E-1 8.0866E-1 7.73417E-1 7.47194E-1 5.60077E-1 4.82295E-1 7.18627E-1 7.07799E-1 6.32748E-1 6.50673E-1 5.15896E-1 2.7088E-1 1.23437E-1 1.08337E-1 2.09736E-1 1.16392E-1 7.11519E-2 1.35167E-1 2.04099E-1 1.52789E-1 6.8659E-2 4.18607E-2 5.63407E-2 8.54891E-2 7.7378E-2 1.13155E-1 1.69415E-1 4.18776E-1 3.15559E-1 4.47484E-1 4.19773E-1
7.64576E-1 6.44192E-1 5.0179E-1 5.88251E-1 6.1589E-1 5.63094E-1 6.2005E-1 6.16052E-1 5.23653E-1 5.58928E-1 5.9762E-1 8.42068E-1 8.38105E-1 8.38576E-1 7.33899E-1 8.05441E-1 7.68924E-1 7.30906E-1 7.31629E-1 7.46125E-1 7.98116E-1 7.42957E-1 4.80804E-1 3.65967E-1 7.71689E-1 7.8374E-1 6.2609E-1 6.86259E-1 7.93659E-1 8.22719E-1 8.0807E-1 7.77364E-1 6.00299E-1 7.42726E-1 7.41991E-1 7.29307E-1 5.99261E-1 5.99749E-1 4.87683E-1 2.31391E-1 1.18542E-1 1.31018E-1 2.23243E-1 1.03811E-1 8.15753E-2 1.29744E-1 1.18267E-1 7.49616E-2 4.36231E-2 3.63457E-2 4.72792E-2 6.48424E-2 9.63235E-2 1.70315E-1 3.28516E-1 4.31994E-1 3.04979E-1 4.4861E-1 2.12408E-1
7.73422E-1 7.31782E-1 6.97217E-1 7.8309E-1 8.27814E-1 8.11905E-1 5.22965E-1 4.56991E-1 5.54511E-1 5.63779E-1 6.55545E-1 7.47267E-1 6.91965E-1 7.56533E-1 7.45782E-1 7.73912E-1 7.98923E-1 7.67795E-1 6.29768E-1 8.07884E-1 8.20759E-1 7.85904E-1 4.22925E-1 2.91505E-1 7.4313E-1 7.766E-1 4.43868E-1 6.44685E-1 7.79533E-1 8.12E-1 6.41585E-1 6.20755E-1 8.12483E-1 7.8266E-1 7.6431E-1 7.49284E-1 7.3812E-1 4.20437E-1 2.64015E-1 1.90291E-1 1.39704E-1 2.10132E-1 1.60393E-1 9.8321E-2 6.74204E-2 7.14273E-2 5.55515E-2 8.37511E-2 6.47335E-2 3.25617E-2 2.90857E-2 9.97929E-2 3.48739E-1 2.82464E-1 3.30334E-1 2.7229E-1 5.37586E-1 3.03545E-1 7.22843E-2
7.93755E-1 7.62007E-1 8.10529E-1 8.42848E-1 8.28691E-1 8.44812E-1 6.496E-1 3.64154E-1 6.17758E-1 5.14876E-1 7.60697E-1 7.46899E-1 6.97297E-1 8.45018E-1 5.12774E-1 6.20684E-1 8.64219E-1 8.4438E-1 8.3827E-1 8.44994E-1 8.33606E-1 4.85082E-1 5.4854E-1 4.34813E-1 6.3792E-1 6.06714E-1 6.18673E-1 5.71317E-1 7.6587E-1 8.01462E-1 5.15683E-1 5.58123E-1 8.04451E-1 7.96407E-1 7.8705E-1 7.67392E-1 7.36354E-1 4.17781E-1 2.34062E-1 1.98356E-1 2.83425E-1 2.73925E-1 1.26578E-1 8.65125E-2 6.20324E-2 4.34725E-2 6.3624E-2 6.87093E-2 4.66961E-2 6.44108E-2 1.6442E-1 3.91665E-1 5.91597E-1 4.1486E-1 2.45752E-1 5.26352E-1 5.55709E-1 2.94654E-1 4.97491E-2
6.4066E-1 8.15736E-1 8.06469E-1 4.24198E-1 5.40402E-1 6.04733E-1 5.86636E-1 3.25691E-1 3.87627E-1 4.92517E-1 7.12675E-1 7.47084E-1 5.61832E-1 6.55796E-1 8.6406E-1 7.47155E-1 8.38823E-1 8.25595E-1 8.05818E-1 7.9717E-1 8.44281E-1 6.14988E-1 5.97876E-1 5.39518E-1 7.39234E-1 7.83638E-1 6.42136E-1 8.19069E-1 8.02583E-1 5.15541E-1 5.24774E-1 5.48599E-1 7.19629E-1 7.79072E-1 7.68754E-1 7.48406E-1 7.49011E-1 7.26588E-1 6.23995E-1 4.10501E-1 4.39447E-1 2.78636E-1 1.82619E-1 1.34408E-1 9.55458E-2 7.724E-2 4.70619E-2 4.76726E-2 4.7493E-2 6.06558E-2 2.46773E-1 5.68246E-1 6.55384E-1 7.08879E-1 4.57317E-1 6.56829E-1 7.08133E-1 3.19668E-1 8.35449E-2
4.93783E-1 5.81218E-1 6.80237E-1 4.67038E-1 2.55975E-1 3.30645E-1 4.56468E-1 3.65191E-1 4.14717E-1 6.42701E-1 7.93489E-1 8.01483E-1 3.27435E-1 5.4621E-1 8.95341E-1 5.93017E-1 6.94077E-1 5.03443E-1 4.90163E-1 6.51574E-1 6.68553E-1 7.00836E-1 7.00245E-1 8.34985E-1 8.02717E-1 8.01236E-1 5.73061E-1 6.38862E-1 6.43843E-1 6.43138E-1 4.13847E-1 3.59686E-1 5.64433E-1 7.37408E-1 7.43468E-1 7.34685E-1 7.45421E-1 7.00398E-1 6.33889E-1 5.79875E-1 4.90636E-1 3.76832E-1 2.21498E-1 1.50667E-1 1.03179E-1 7.52964E-2 4.81857E-2 6.38547E-2 7.59264E-2 6.42075E-2 1.91552E-1 6.30668E-1 6.97143E-1 7.48885E-1 7.56676E-1 7.22392E-1 7.91835E-1 5.26285E-1 1.76213E-1
5.26596E-1 6.93684E-1 7.41269E-1 4.89837E-1 4.12264E-1 6.4497E-1 2.94531E-1 3.93467E-1 5.17699E-1 7.49495E-1 7.75191E-1 7.82452E-1 5.11672E-1 8.08362E-1 6.6219E-1 5.09294E-1 5.68771E-1 6.77701E-1 6.19359E-1 5.29698E-1 5.84905E-1 7.04267E-1 7.93652E-1 8.37669E-1 7.86576E-1 6.65345E-1 5.1596E-1 8.21356E-1 7.7522E-1 6.82605E-1 4.43842E-1 4.77735E-1 6.02732E-1 5.89837E-1 7.52173E-1 7.73287E-1 6.6519E-1 6.97815E-1 6.32375E-1 5.73174E-1 3.69598E-1 3.24949E-1 2.09886E-1 1.42191E-1 1.22719E-1 1.28229E-1 7.13398E-2 9.6183E-2 1.59507E-1 9.33826E-2 2.56533E-1 6.34816E-1 6.90177E-1 7.54355E-1 7.69791E-1 7.79569E-1 8.03525E-1 7.85024E-1 4.92557E-1
4.05988E-1 5.71772E-1 5.91912E-1 3.2613E-1 4.5099E-1 4.15358E-1 3.17165E-1 4.98188E-1 5.67558E-1 6.92908E-1 5.37679E-1 4.33531E-1 2.75854E-1 6.44909E-1 5.5038E-1 5.85437E-1 7.5972E-1 8.53548E-1 7.97585E-1 4.93438E-1 4.57527E-1 6.00531E-1 6.26683E-1 7.32377E-1 7.15322E-1 2.84863E-1 8.15944E-1 8.59898E-1 7.22732E-1 6.85849E-1 5.69239E-1 5.38825E-1 6.22241E-1 5.9373E-1 6.79002E-1 6.94869E-1 6.80325E-1 6.85642E-1 5.69209E-1 3.70588E-1 2.48502E-1 2.24646E-1 2.40584E-1 1.68958E-1 1.79792E-1 1.56442E-1 6.83054E-2 7.51047E-2 1.4737E-1 1.23655E-1 1.4904E-1 4.74967E-1 6.74952E-1 7.32514E-1 7.15357E-1 8.05923E-1 8.15855E-1 8.10892E-1 6.21079E-1
3.08874E-1 2.8719E-1 3.18941E-1 3.06586E-1 3.3414E-1 2.90725E-1 3.79275E-1 6.60483E-1 7.05114E-1 6.92622E-1 5.49786E-1 3.87212E-1 3.04206E-1 3.73115E-1 5.72686E-1 6.96438E-1 7.7779E-1 8.30586E-1 7.84974E-1 5.72439E-1 4.84248E-1 7.29478E-1 7.29673E-1 6.04639E-1 2.7865E-1 5.67958E-1 8.33395E-1 8.43246E-1 7.48235E-1 5.53627E-1 4.59598E-1 5.07626E-1 5.94082E-1 7.12501E-1 7.16193E-1 6.0454E-1 7.04564E-1 6.4547E-1 5.65506E-1 3.22711E-1 2.68225E-1 2.60417E-1 2.37586E-1 2.02724E-1 2.13525E-1 1.54982E-1 1.00387E-1 6.27799E-2 1.37105E-1 1.51517E-1 2.18832E-1 2.86135E-1 6.05804E-1 7.10496E-1 6.52787E-1 7.9183E-1 7.10988E-1 8.237E-1 6.69779E-1
3.81674E-1 4.81238E-1 5.74333E-1 4.75698E-1 2.60438E-1 3.69891E-1 5.97794E-1 7.08288E-1 6.90905E-1 5.88066E-1 4.3721E-1 4.69182E-1 5.64713E-1 6.42222E-1 6.72109E-1 5.46398E-1 5.9241E-1 6.44121E-1 5.69003E-1 4.72253E-1 5.30394E-1 6.31131E-1 7.6238E-1 6.53928E-1 3.15216E-1 8.04924E-1 8.08133E-1 8.4107E-1 7.12381E-1 5.26567E-1 5.94588E-1 6.23604E-1 6.87621E-1 6.73508E-1 5.37951E-1 3.95547E-1 3.36586E-1 2.84421E-1 3.08198E-1 3.54951E-1 4.21803E-1 3.66255E-1 2.7693E-1 2.79196E-1 2.66979E-1 1.2491E-1 9.71902E-2 7.66281E-2 1.22859E-1 1.70427E-1 3.30605E-1 3.92853E-1 5.64705E-1 7.17343E-1 4.30017E-1 8.16613E-1 8.07617E-1 8.43267E-1 5.30199E-1
4.89302E-1 6.5315E-1 7.37628E-1 5.37035E-1 2.45924E-1 3.77696E-1 4.55179E-1 7.20266E-1 7.11835E-1 5.62154E-1 4.92274E-1 4.48461E-1 4.96113E-1 6.32546E-1 6.21409E-1 4.86742E-1 4.90663E-1 5.06815E-1 3.42271E-1 4.25369E-1 7.30096E-1 6.86602E-1 7.94206E-1 4.91256E-1 5.85751E-1 8.19056E-1 8.10645E-1 8.21156E-1 6.69279E-1 7.11024E-1 5.86362E-1 6.0534E-1 7.57008E-1 3.943E-1 3.8875E-1 3.44712E-1 5.55849E-1 7.15756E-1 6.43195E-1 5.71831E-1 4.90578E-1 4.68356E-1 3.30163E-1 2.61124E-1 2.01163E-1 1.80975E-1 1.2921E-1 8.60797E-2 7.20919E-2 2.13322E-1 5.67717E-1 7.27523E-1 7.97093E-1 8.15449E-1 6.09408E-1 6.08646E-1 7.17097E-1 7.62509E-1 5.38964E-1
4.37769E-1 4.86275E-1 6.45572E-1 5.27815E-1 2.92996E-1 2.88988E-1 3.13958E-1 4.62083E-1 7.34695E-1 5.9747E-1 4.06379E-1 3.74149E-1 3.02583E-1 3.51996E-1 8.58616E-1 6.71511E-1 4.96158E-1 5.40492E-1 4.72619E-1 5.64581E-1 8.53606E-1 8.62547E-1 8.56218E-1 5.32041E-1 6.60414E-1 8.35014E-1 7.79919E-1 6.61667E-1 7.08226E-1 8.26522E-1 8.14787E-1 5.71668E-1 5.35175E-1 2.40396E-1 2.38446E-1 4.11904E-1 7.05349E-1 7.48121E-1 6.88202E-1 5.91488E-1 5.44653E-1 3.88218E-1 2.91684E-1 1.71414E-1 1.61573E-1 1.20458E-1 1.18571E-1 9.01052E-2 9.34455E-2 3.67775E-1 5.08317E-1 5.86767E-1 8.42519E-1 8.70332E-1 6.15212E-1 5.41961E-1 5.32414E-1 6.50138E-1 6.49322E-1
4.40883E-1 3.77012E-1 4.37788E-1 3.5731E-1 6.58712E-1 4.53725E-1 3.30509E-1 6.13446E-1 6.25127E-1 4.50307E-1 2.95444E-1 2.96378E-1 2.39033E-1 3.42271E-1 7.78251E-1 8.77567E-1 8.9814E-1 8.60877E-1 6.00533E-1 6.52134E-1 7.69147E-1 8.427E-1 8.39603E-1 7.1256E-1 7.08069E-1 8.40486E-1 8.11575E-1 8.12485E-1 6.34179E-1 8.33416E-1 7.71491E-1 6.04228E-1 4.97588E-1 3.28167E-1 2.7545E-1 5.34428E-1 7.41396E-1 6.85924E-1 3.26913E-1 4.05545E-1 3.22624E-1 2.38697E-1 1.72312E-1 1.6824E-1 1.19041E-1 1.21654E-1 1.80617E-1 1.19665E-1 3.33937E-1 6.58787E-1 7.73971E-1 6.70288E-1 7.99767E-1 8.93286E-1 8.97491E-1 8.58095E-1 6.29177E-1 5.28272E-1 6.91051E-1
2.77619E-1 6.15475E-1 3.48709E-1 4.0326E-1 8.22231E-1 5.77134E-1 5.13299E-1 7.38916E-1 4.22627E-1 3.67984E-1 4.72689E-1 5.4069E-1 4.04865E-1 2.44606E-1 3.51499E-1 8.31349E-1 8.51958E-1 6.19178E-1 5.85419E-1 8.53261E-1 8.50497E-1 8.40729E-1 8.23249E-1 5.16014E-1 6.81571E-1 8.00715E-1 8.24065E-1 8.23029E-1 8.44229E-1 8.2494E-1 8.15186E-1 5.48006E-1 4.82038E-1 4.54662E-1 3.76098E-1 4.89989E-1 5.83853E-1 4.06749E-1 7.88752E-1 5.24173E-1 2.53445E-1 1.68961E-1 1.32473E-1 1.43532E-1 8.27862E-2 1.65385E-1 2.40565E-1 2.76313E-1 4.81583E-1 7.2583E-1 8.0881E-1 8.50463E-1 8.83386E-1 8.62588E-1 8.98129E-1 8.48025E-1 5.15215E-1 5.81032E-1 5.90319E-1
4.25921E-1 4.43311E-1 3.31085E-1 5.59036E-1 8.22805E-1 8.11391E-1 8.48538E-1 5.56405E-1 2.74842E-1 2.9084E-1 6.2341E-1 6.54421E-1 4.03716E-1 2.46669E-1 3.18018E-1 6.25982E-1 6.56853E-1 4.63656E-1 4.14437E-1 8.07994E-1 8.40318E-1 8.3233E-1 8.11264E-1 5.46017E-1 6.4125E-1 7.92115E-1 8.31307E-1 6.74513E-1 8.55383E-1 8.19429E-1 8.08964E-1 7.9867E-1 7.26235E-1 4.37795E-1 2.98702E-1 3.68198E-1 3.95654E-1 3.40728E-1 8.07188E-1 7.41894E-1 4.55606E-1 2.03499E-1 1.49985E-1 1.49387E-1 8.14632E-2 1.54041E-1 2.26307E-1 3.1667E-1 7.10648E-1 7.82247E-1 8.35886E-1 8.68881E-1 8.97632E-1 8.49112E-1 8.28977E-1 5.98054E-1 5.50341E-1 7.39499E-1 8.65664E-1
2.52071E-1 3.6031E-1 3.40004E-1 7.71502E-1 8.02092E-1 8.2937E-1 8.33875E-1 3.45535E-1 3.58581E-1 3.16165E-1 6.01267E-1 6.18869E-1 4.12851E-1 2.73524E-1 3.06858E-1 4.06162E-1 3.59717E-1 3.98569E-1 3.82476E-1 7.99186E-1 7.9259E-1 8.03987E-1 8.04496E-1 4.87202E-1 5.0012E-1 6.73094E-1 5.38587E-1 5.06251E-1 8.30448E-1 7.96635E-1 8.13751E-1 7.96756E-1 7.89666E-1 4.37065E-1 3.78879E-1 2.48061E-1 3.39535E-1 4.79722E-1 8.22907E-1 8.41318E-1 8.2508E-1 5.40626E-1 2.37458E-1 2.04567E-1 1.39125E-1 1.65132E-1 2.34072E-1 4.18932E-1 6.23069E-1 7.99674E-1 8.55803E-1 8.90915E-1 9.0712E-1 7.32723E-1 7.77722E-1 6.73214E-1 5.52223E-1 4.99147E-1 8.1663E-1
4.07931E-1 3.92978E-1 3.93708E-1 6.03057E-1 6.46947E-1 6.46313E-1 4.88217E-1 4.21703E-1 4.88239E-1 5.99692E-1 5.96955E-1 5.15595E-1 4.08584E-1 4.22225E-1 4.1161E-1 3.40178E-1 3.64713E-1 5.21044E-1 7.19267E-1 7.49224E-1 7.72343E-1 7.82448E-1 6.4186E-1 4.60718E-1 3.60759E-1 5.1444E-1 5.30452E-1 4.30337E-1 7.52409E-1 7.90601E-1 8.11859E-1 6.97401E-1 4.81616E-1 2.97339E-1 2.37133E-1 2.3401E-1 4.92266E-1 6.5521E-1 8.47502E-1 8.58365E-1 8.27674E-1 8.04283E-1 4.78033E-1 2.9265E-1 1.33101E-1 1.60743E-1 3.95645E-1 4.90279E-1 6.40972E-1 7.59441E-1 8.65404E-1 8.88202E-1 9.10252E-1 8.20604E-1 8.86306E-1 8.27253E-1 7.2085E-1 6.0739E-1 7.60769E-1
