Phytophthora/models/20240529_1714_25/Phytophthora_PA3_RUN2_MAXENT_outputs/projMaxent.asc
ncols         225
nrows         269
xllcorner     473009.9838
yllcorner     4429051.1748
cellsize      50.0
NODATA_value  -9999
[rows 52 to 77 of 269, columns 59 to 117 of 225]
1.18402E-2 2.45779E-2 2.58694E-2 1.92539E-2 1.0406E-2 8.60681E-3 1.66956E-2 5.93629E-2 9.03208E-2 9.04085E-2 1.05877E-1 1.02012E-1 9.46788E-2 1.15973E-1 9.4204E-2 6.20729E-2 5.00925E-2 5.62035E-2 4.32749E-2 2.84476E-2 3.74503E-2 6.53194E-2 1.73276E-3 1.02916E-3 1.41899E-3 1.64414E-3 1.16303E-3 1.33507E-3 1.65891E-3 1.55787E-3 7.42229E-4 2.47702E-3 1.55203E-3 1.1602E-3 1.30208E-3 1.14115E-3 1.2035E-3 1.49975E-3 1.16439E-3 1.81909E-3 1.69763E-3 1.41164E-3 1.75906E-3 1.19402E-3 7.30336E-4 6.99055E-4 7.70985E-4 6.95064E-4 1.09111E-3 1.18934E-3 7.29116E-4 1.20439E-3 5.91359E-4 4.86578E-4 4.18084E-4 3.48095E-4 4.28499E-4 2.01314E-3 3.2463E-3
1.38585E-2 3.49852E-2 3.26449E-2 1.72286E-2 2.38159E-2 2.82962E-2 3.62025E-2 8.07901E-2 8.84816E-2 7.66249E-2 5.59538E-2 5.88871E-2 5.53131E-2 7.27257E-2 1.34108E-1 1.17982E-1 9.63476E-2 6.46167E-2 4.95954E-2 2.4026E-2 3.47641E-2 3.85174E-2 4.89322E-2 4.8281E-2 1.36145E-1 1.4814E-1 1.46443E-3 2.19376E-3 2.89292E-3 2.41415E-3 2.63643E-3 3.46211E-3 1.66681E-3 1.18826E-3 1.12582E-3 1.13593E-3 1.09795E-3 1.21137E-3 1.07884E-3 1.33953E-3 9.12169E-4 6.80204E-4 1.24821E-3 1.31693E-3 9.91953E-4 8.27328E-4 8.50055E-4 1.13592E-3 2.06101E-3 1.04125E-3 6.44929E-4 6.39323E-4 5.45073E-4 5.46392E-4 5.76302E-4 6.89632E-4 5.29275E-4 9.56909E-4 2.31958E-3
2.26069E-2 5.48627E-2 2.60436E-2 1.13145E-2 2.7036E-2 4.2709E-2 6.72369E-2 7.58662E-2 5.61134E-2 5.13916E-2 6.71137E-2 5.00819E-2 4.41079E-2 8.17548E-2 1.66786E-1 1.27654E-1 8.39827E-2 6.59353E-2 4.57022E-2 2.32771E-2 3.36841E-2 3.28787E-2 3.45671E-2 4.39866E-2 1.2476E-1 1.27613E-1 8.52897E-2 4.62113E-3 4.64936E-3 4.77957E-3 1.42613E-1 1.73176E-1 2.14395E-3 1.23355E-3 1.10837E-3 1.06897E-3 1.23246E-3 1.12162E-3 9.56253E-4 1.01815E-3 8.43005E-4 1.25562E-3 9.32546E-4 1.00124E-3 9.40892E-4 9.59266E-4 1.54962E-3 2.49397E-3 3.20561E-3 8.86047E-4 6.98632E-4 6.50383E-4 6.5405E-4 6.07885E-4 9.04192E-4 1.33034E-3 2.95669E-3 2.79835E-3 9.37323E-4
3.01483E-2 4.37171E-2 1.03536E-2 1.55482E-2 2.96644E-2 6.24211E-2 9.33278E-2 8.69486E-2 9.88816E-2 5.49196E-2 6.10399E-2 7.94482E-2 5.82451E-2 1.35693E-1 1.58328E-1 1.50045E-1 1.12563E-1 9.1059E-2 4.48453E-2 3.68525E-2 3.57429E-2 4.1753E-2 3.5398E-2 1.87153E-2 3.72751E-2 1.614E-1 7.65576E-2 1.39825E-1 1.21331E-1 1.22238E-1 8.85789E-2 1.25392E-1 1.20985E-1 1.70134E-3 1.46892E-3 1.42059E-3 1.571E-3 1.09083E-3 1.06829E-3 8.53474E-4 6.18471E-4 1.29691E-3 4.91222E-4 8.67611E-4 9.31669E-4 9.82241E-4 1.17137E-3 1.39555E-3 1.96301E-3 1.33265E-3 9.47984E-4 7.70772E-4 8.77992E-4 1.14338E-3 2.39951E-3 4.46057E-3 2.35526E-3 2.33221E-3 1.55417E-3
3.19387E-2 2.41931E-2 1.13091E-2 2.29662E-2 2.37189E-2 3.32488E-2 4.68891E-2 4.09944E-2 3.36728E-2 5.32816E-2 4.39829E-2 9.22574E-2 3.99883E-2 1.1262E-1 1.41808E-1 8.81675E-2 8.02571E-2 8.32977E-2 6.12859E-2 5.12545E-2 3.8668E-2 3.1952E-2 3.24907E-2 3.43832E-2 7.20641E-2 1.63972E-1 5.42267E-2 5.48429E-2 5.52901E-2 1.3483E-1 3.95478E-2 1.21899E-1 1.56543E-1 2.74779E-3 2.10078E-3 1.98684E-3 1.87276E-3 1.50147E-3 1.22785E-3 8.17694E-4 5.6393E-4 1.03857E-3 6.80107E-4 8.29801E-4 1.2667E-3 1.2798E-3 1.05704E-3 1.0265E-3 8.28656E-4 1.18665E-3 1.98207E-3 1.33551E-3 2.03862E-3 4.35609E-3 4.14134E-3 4.46231E-3 3.75738E-3 2.3101E-3 2.37734E-3
2.40778E-2 1.18604E-2 1.56559E-2 1.41023E-2 2.07136E-2 3.03099E-2 5.54729E-2 4.0479E-2 4.62123E-2 6.84571E-2 2.75638E-2 2.12022E-2 2.48657E-2 4.66208E-2 3.93024E-2 7.12616E-2 7.53185E-2 1.31683E-1 1.56684E-1 5.61553E-2 4.35924E-2 3.71853E-2 3.78967E-2 3.16739E-2 6.23106E-2 8.85588E-2 6.60801E-2 3.11469E-2 6.01486E-2 1.40142E-1 7.70833E-2 1.21688E-1 1.35238E-1 1.4075E-1 3.03018E-3 2.83526E-3 2.02465E-3 1.91893E-3 1.41389E-3 6.19382E-4 6.03318E-4 9.22218E-4 8.96633E-4 9.02365E-4 1.33367E-3 1.02697E-3 9.15907E-4 9.66052E-4 7.51024E-4 9.44433E-4 2.63525E-3 3.22162E-3 4.03906E-3 5.29344E-3 4.84043E-3 4.47412E-3 4.1515E-3 2.55104E-3 2.2116E-3
1.81764E-2 1.29602E-2 2.16311E-2 1.74371E-2 3.13104E-2 4.55636E-2 6.09134E-2 4.81052E-2 5.63472E-2 3.31888E-2 4.57407E-2 1.88786E-2 1.6573E-2 1.84577E-2 3.13924E-2 5.74473E-2 2.31812E-2 5.44716E-2 9.44894E-2 6.2011E-2 5.48638E-2 4.4258E-2 2.21779E-2 2.54368E-2 3.01173E-2 4.9011E-2 6.26541E-2 4.19482E-2 8.53899E-2 1.13789E-1 1.01921E-1 4.90421E-2 1.3289E-1 1.43143E-1 3.59869E-3 3.87685E-3 3.44325E-3 3.01473E-3 2.68887E-3 8.45551E-4 7.51773E-4 1.19887E-3 1.9024E-3 2.02776E-3 1.66936E-3 1.37651E-3 1.26058E-3 1.0995E-3 1.10887E-3 2.37445E-3 6.83187E-3 6.50717E-3 3.21352E-3 5.45573E-3 5.13256E-3 4.96738E-3 4.51673E-3 2.57083E-3 2.36762E-3
1.72819E-2 1.69135E-2 2.26006E-2 2.81148E-2 4.05013E-2 4.25903E-2 5.08619E-2 7.21804E-2 5.2764E-2 2.58727E-2 3.40988E-2 6.63888E-2 4.49459E-2 2.49594E-2 1.61369E-2 1.73225E-2 2.06415E-2 3.85283E-2 5.91403E-2 8.66055E-2 9.92045E-2 5.459E-2 2.48624E-2 1.60298E-2 1.68506E-2 2.52455E-2 4.25128E-2 4.11719E-2 1.27843E-1 1.6549E-1 1.06285E-1 5.7137E-2 1.60259E-1 1.61146E-1 3.07778E-3 3.78588E-3 3.88828E-3 2.50503E-3 2.25937E-3 1.07493E-3 1.02701E-3 1.57496E-3 1.73885E-3 1.2535E-3 1.31099E-3 1.56518E-3 1.54549E-3 1.47534E-3 2.72585E-3 3.83096E-3 6.75417E-3 6.72299E-3 3.54977E-3 4.34862E-3 6.05637E-3 5.82471E-3 3.98658E-3 3.065E-3 4.19132E-3
1.35098E-2 2.26057E-2 2.83749E-2 3.1448E-2 3.10894E-2 3.803E-2 4.99178E-2 5.06042E-2 4.4887E-2 4.21639E-2 1.97065E-2 3.11174E-2 2.88207E-2 4.73835E-2 4.13487E-2 3.6422E-2 4.84077E-2 5.35113E-2 4.55358E-2 7.37479E-2 1.15985E-1 7.19967E-2 3.33451E-2 1.68078E-2 1.92557E-2 2.22974E-2 5.49266E-2 5.6947E-2 1.06542E-1 1.15829E-1 1.11824E-1 2.02915E-1 2.34764E-1 2.43881E-1 1.81314E-1 3.27629E-3 2.75334E-3 2.63085E-3 2.69308E-3 9.54126E-4 7.2429E-4 1.49675E-3 1.39194E-3 1.16976E-3 2.27782E-3 2.23203E-3 1.84341E-3 4.24773E-3 6.60045E-3 4.47488E-3 3.45764E-3 5.25266E-3 3.18541E-3 3.28941E-3 7.13829E-3 6.81704E-3 6.85072E-3 6.60214E-3 3.29485E-3
1.96693E-2 3.90548E-2 4.32458E-2 4.7502E-2 5.52679E-2 5.80682E-2 6.56021E-2 2.17815E-2 3.02885E-2 1.98762E-2 1.80643E-2 2.10421E-2 1.19033E-2 3.47329E-2 7.78121E-2 6.24678E-2 7.30793E-2 8.87345E-2 7.64521E-2 7.46939E-2 1.67825E-1 1.71582E-1 4.92454E-2 3.20993E-2 3.1463E-2 2.40387E-2 6.63559E-2 9.90047E-2 8.95353E-2 9.86655E-2 1.20903E-1 1.8791E-1 2.34924E-1 2.2786E-1 2.41733E-1 1.7644E-1 2.84126E-3 2.59143E-3 1.48154E-3 6.07957E-4 6.41155E-4 1.38203E-3 2.21821E-3 2.0317E-3 3.08491E-3 2.3531E-3 3.05972E-3 7.01964E-3 6.79845E-3 4.91555E-3 4.39126E-3 8.13955E-3 6.71361E-3 4.60222E-3 5.93681E-3 7.19101E-3 6.00209E-3 3.89971E-3 2.97632E-3
1.64812E-2 4.34635E-2 5.65073E-2 6.84392E-2 8.1626E-2 8.44434E-2 7.15374E-2 3.15491E-2 2.12691E-2 2.3065E-2 2.03554E-2 3.18218E-2 2.53062E-2 3.22818E-2 6.77727E-2 6.95761E-2 1.32507E-1 1.21842E-1 9.19894E-2 1.07063E-1 1.40706E-1 1.55305E-1 9.8662E-2 6.03141E-2 5.12749E-2 2.31271E-2 5.96609E-2 6.99811E-2 1.08917E-1 1.16708E-1 1.3836E-1 1.38201E-1 2.56792E-1 2.56771E-1 2.29636E-1 2.23266E-1 1.41804E-1 2.96506E-3 1.30997E-3 5.39799E-4 7.58864E-4 1.76944E-3 2.57494E-3 1.71439E-3 2.05501E-3 3.99676E-3 3.68077E-3 7.13726E-3 7.20529E-3 7.14481E-3 3.14286E-3 3.78533E-3 8.06017E-3 4.24927E-3 3.50292E-3 4.32147E-3 4.94326E-3 3.64255E-3 2.14462E-3
2.28793E-2 3.27744E-2 4.85191E-2 6.62653E-2 7.61338E-2 8.14278E-2 6.8922E-2 2.88634E-2 1.7287E-2 3.27544E-2 4.11966E-2 3.21397E-2 4.49671E-2 4.72673E-2 6.69122E-2 6.00927E-2 1.2859E-1 1.01785E-1 1.20939E-1 7.04895E-2 1.31152E-1 1.25086E-1 6.8574E-2 6.78981E-2 4.11909E-2 9.47763E-2 9.10819E-2 3.3432E-2 1.03031E-1 1.34359E-1 1.21816E-1 1.18136E-1 2.80533E-1 2.68227E-1 2.54333E-1 2.47428E-1 2.53463E-1 3.81365E-3 2.36433E-3 1.16462E-3 1.23158E-3 1.9939E-3 1.9196E-3 2.02314E-3 4.64768E-3 7.236E-3 2.70215E-3 3.27338E-3 4.67566E-3 5.37817E-3 4.83923E-3 7.90927E-3 7.55169E-3 7.66863E-3 6.47763E-3 7.74964E-3 6.28355E-3 3.08827E-3 2.90815E-3
3.43501E-2 3.07957E-2 2.99868E-2 6.39428E-2 7.44792E-2 8.26019E-2 4.12244E-2 3.37261E-2 1.32388E-2 1.64067E-2 4.19482E-2 3.6754E-2 4.3447E-2 5.30695E-2 5.45873E-2 6.25549E-2 1.27632E-1 1.04233E-1 1.17667E-1 4.86207E-2 4.16917E-2 5.15299E-2 6.66609E-2 3.90083E-2 8.5332E-2 7.27413E-2 9.16983E-2 5.21346E-2 8.5888E-2 2.18743E-1 1.9015E-1 1.57059E-1 1.71592E-1 2.77442E-1 2.54497E-1 2.48843E-1 2.54912E-1 2.50961E-1 2.52481E-1 4.19319E-3 3.40784E-3 2.72488E-3 2.89052E-3 4.30792E-3 6.76771E-3 7.7786E-3 3.16148E-3 3.76014E-3 5.30446E-3 5.38702E-3 6.28966E-3 7.04774E-3 8.9673E-3 8.44144E-3 8.38066E-3 8.46137E-3 9.05649E-3 4.26342E-3 5.50734E-3
4.2219E-2 3.75412E-2 3.32073E-2 6.282E-2 7.30829E-2 5.56465E-2 2.55282E-2 2.29251E-2 2.31386E-2 2.28103E-2 4.56801E-2 4.4313E-2 3.03926E-2 5.82123E-2 6.74326E-2 8.03701E-2 8.43237E-2 1.30512E-1 1.09508E-1 3.53279E-2 3.52154E-2 4.29313E-2 4.92813E-2 2.72309E-2 2.53342E-2 3.49484E-2 3.71394E-2 4.02756E-2 9.54505E-2 2.01596E-1 2.74308E-1 2.45134E-1 7.37638E-2 1.69633E-1 2.6193E-1 2.83467E-1 2.87278E-1 2.60172E-1 2.61963E-1 2.56893E-1 2.40409E-1 5.79417E-3 6.85266E-3 8.77499E-3 8.7001E-3 9.7773E-3 6.04424E-3 7.25653E-3 8.26087E-3 5.54705E-3 5.56346E-3 5.63671E-3 1.04119E-2 9.29108E-3 9.78719E-3 6.30944E-3 3.96472E-3 4.06832E-3 3.58846E-3
2.94487E-2 5.00154E-2 6.06228E-2 6.85167E-2 7.38102E-2 7.91619E-2 5.49545E-2 3.33045E-2 7.14233E-2 5.62846E-2 3.9585E-2 4.4609E-2 3.75203E-2 2.98531E-2 5.28842E-2 7.65997E-2 7.80389E-2 4.96356E-2 4.41182E-2 4.05151E-2 3.50783E-2 4.54207E-2 2.73116E-2 2.44972E-2 1.82931E-2 2.63167E-2 2.3951E-2 3.41485E-2 5.38252E-2 1.91894E-1 2.38621E-1 2.62743E-1 1.62716E-1 1.0063E-1 2.02403E-1 3.11402E-1 3.2532E-1 3.0296E-1 2.92137E-1 2.63879E-1 2.46539E-1 2.73696E-1 2.40767E-1 3.68995E-1 7.59222E-3 7.59627E-3 7.04927E-3 8.45212E-3 7.96245E-3 5.6827E-3 6.01295E-3 1.01398E-2 1.04573E-2 1.0371E-2 1.0407E-2 2.43342E-3 2.3743E-3 2.89581E-3 2.59643E-3
1.85038E-2 3.41676E-2 5.44431E-2 7.12632E-2 5.144E-2 7.19876E-2 7.67781E-2 4.5586E-2 5.70534E-2 7.70527E-2 4.2872E-2 4.25789E-2 4.75591E-2 3.59915E-2 3.71419E-2 5.78965E-2 1.12883E-1 6.70176E-2 4.6141E-2 4.79825E-2 3.06786E-2 3.68826E-2 7.24684E-2 3.78506E-2 2.68578E-2 2.89012E-2 3.381E-2 6.26707E-2 1.05363E-1 1.62551E-1 2.11922E-1 2.16693E-1 1.54974E-1 8.68647E-2 6.06928E-2 2.29288E-1 3.34315E-1 2.96542E-1 2.82702E-1 2.78648E-1 2.94609E-1 3.21497E-1 2.11277E-1 3.85955E-1 3.80907E-1 3.12811E-1 8.51102E-3 1.23075E-2 1.13638E-2 7.54047E-3 7.77955E-3 1.01599E-2 1.05129E-2 1.06403E-2 4.40503E-3 2.13118E-3 3.60265E-3 3.18156E-3 2.76048E-3
2.22838E-2 4.57498E-2 6.66226E-2 7.16284E-2 6.39766E-2 6.19302E-2 5.17109E-2 3.94481E-2 6.94787E-2 8.66675E-2 9.273E-2 7.10818E-2 6.00941E-2 4.89531E-2 4.3504E-2 7.21727E-2 1.0986E-1 5.58635E-2 1.87673E-2 4.80084E-2 1.20345E-1 6.08434E-2 1.09519E-1 1.17064E-1 5.13224E-2 3.91321E-2 4.36625E-2 8.15274E-2 9.99047E-2 1.49678E-1 1.93278E-1 1.97919E-1 2.03126E-1 2.15058E-1 1.5538E-1 1.32799E-1 1.44549E-1 1.74842E-1 2.86597E-1 3.03043E-1 3.35349E-1 2.11601E-1 9.24435E-2 1.36228E-1 3.70427E-1 4.7922E-1 1.14886E-2 1.15752E-2 1.25018E-2 8.25487E-3 9.82562E-3 9.08372E-3 4.16037E-3 1.41885E-3 1.57475E-3 2.42175E-3 4.29216E-3 2.72974E-3 3.11977E-3
4.58315E-2 5.43784E-2 6.23992E-2 6.02657E-2 6.42613E-2 4.94605E-2 3.18784E-2 3.31394E-2 6.35645E-2 7.99155E-2 4.13695E-2 3.81801E-2 5.62513E-2 4.78755E-2 4.70501E-2 5.42069E-2 9.15067E-2 5.67291E-2 2.98278E-2 2.71626E-2 1.16746E-1 9.21869E-2 1.24081E-1 1.31685E-1 6.56015E-2 6.13088E-2 6.04483E-2 6.08509E-2 5.43917E-2 8.51956E-2 1.42939E-1 1.73831E-1 1.97701E-1 2.30415E-1 2.74038E-1 1.20568E-1 5.15448E-2 7.67278E-2 2.24668E-1 3.32339E-1 3.33646E-1 1.02931E-1 4.03912E-2 1.02893E-1 3.21829E-1 4.67952E-1 9.35376E-3 6.38292E-3 5.10498E-3 5.16262E-3 5.53033E-3 4.82523E-3 1.10833E-3 1.34488E-3 1.3034E-3 3.17784E-3 4.65656E-3 3.38372E-3 2.52487E-3
3.40207E-2 5.78765E-2 6.66481E-2 5.76562E-2 6.43975E-2 3.73668E-2 2.69892E-2 3.5154E-2 4.63653E-2 4.42736E-2 4.42297E-2 3.06309E-2 4.12607E-2 3.3309E-2 4.66441E-2 3.64229E-2 3.6666E-2 3.9668E-2 4.63169E-2 4.14825E-2 6.66518E-2 1.19616E-1 1.11106E-1 7.08188E-2 2.7672E-2 8.70279E-2 1.15612E-1 7.46317E-2 1.22318E-1 7.48769E-2 1.29472E-1 1.87493E-1 1.97069E-1 2.16874E-1 2.42838E-1 2.81626E-1 1.72829E-1 3.44198E-1 3.95914E-1 1.78351E-1 1.28747E-1 7.50451E-2 1.12298E-1 1.55519E-1 3.45229E-1 4.27983E-1 1.33286E-2 7.21666E-3 4.4129E-3 3.5237E-3 2.96448E-3 1.46104E-3 1.03746E-3 1.02309E-3 1.30298E-3 2.30757E-3 3.2624E-3 3.35459E-3 2.38782E-3
2.60666E-2 3.13504E-2 6.6073E-2 5.94956E-2 6.98743E-2 1.98921E-2 1.85448E-2 2.35889E-2 3.36425E-2 2.72184E-2 3.29862E-2 2.11233E-2 2.47597E-2 2.87683E-2 3.98468E-2 3.16542E-2 3.67046E-2 3.66864E-2 3.48576E-2 5.80558E-2 1.13518E-1 1.14299E-1 6.27875E-2 5.1766E-2 1.96439E-2 2.84972E-2 8.52126E-2 1.25802E-1 1.02504E-1 1.02024E-1 5.83861E-2 8.35388E-2 1.94758E-1 2.13853E-1 2.27386E-1 2.42659E-1 2.91266E-1 1.65999E-1 4.17595E-1 1.3651E-1 2.98086E-1 3.04729E-1 3.32105E-1 2.55616E-1 3.62398E-1 3.84695E-1 4.72223E-1 1.19469E-2 6.22269E-3 3.60326E-3 3.06874E-3 1.97388E-3 1.83488E-3 1.08083E-3 1.38665E-3 2.15102E-3 2.00805E-3 2.36683E-3 2.1415E-3
2.40284E-2 6.20573E-2 6.12224E-2 6.06006E-2 6.8765E-2 2.09882E-2 1.59348E-2 1.61053E-2 4.21275E-2 3.88925E-2 2.74817E-2 2.6408E-2 2.21222E-2 2.83524E-2 3.7308E-2 3.40248E-2 6.80102E-2 5.96066E-2 3.99288E-2 4.77167E-2 9.87059E-2 9.00925E-2 4.52002E-2 5.70347E-2 2.71703E-2 2.53674E-2 4.34457E-2 6.07312E-2 7.00529E-2 1.06E-1 1.19451E-1 6.78309E-2 1.29116E-1 2.09584E-1 2.0195E-1 2.32808E-1 2.7859E-1 3.60843E-1 2.60774E-1 2.962E-1 3.08482E-1 3.8166E-1 4.67462E-1 3.36646E-1 4.37033E-1 4.93527E-1 4.4487E-1 4.50828E-1 8.57295E-3 3.95224E-3 2.45568E-3 2.44787E-3 2.38664E-3 1.03106E-3 1.1512E-3 1.49732E-3 2.04445E-3 1.24644E-3 7.05694E-4
2.82967E-2 6.43624E-2 6.0505E-2 4.40112E-2 2.89833E-2 2.76652E-2 1.73565E-2 1.75943E-2 3.1734E-2 7.14761E-2 5.7185E-2 3.23783E-2 2.86832E-2 4.19544E-2 9.55588E-2 5.94107E-2 1.06314E-1 5.98279E-2 6.50392E-2 9.05875E-2 9.08926E-2 6.00594E-2 5.78533E-2 4.12346E-2 3.49632E-2 6.81003E-2 6.86483E-2 8.4168E-2 1.23947E-1 8.73195E-2 6.12808E-2 7.69625E-2 1.37288E-1 1.58769E-1 2.23141E-1 2.50311E-1 2.94395E-1 3.21539E-1 1.21466E-1 3.42157E-1 3.77438E-1 4.3689E-1 4.74489E-1 4.23081E-1 4.78583E-1 5.54551E-1 2.45458E-1 4.53219E-1 1.01828E-2 3.35626E-3 2.97272E-3 4.60735E-3 2.78178E-3 1.17938E-3 1.22809E-3 1.49734E-3 1.97572E-3 2.76496E-3 1.6128E-3
3.73914E-2 5.09366E-2 3.11233E-2 4.78728E-2 2.73664E-2 1.7537E-2 1.75209E-2 1.81915E-2 2.2338E-2 5.70416E-2 8.77917E-2 8.5152E-2 7.9709E-2 5.58865E-2 5.71037E-2 4.9702E-2 6.87722E-2 6.71893E-2 1.01558E-1 1.3778E-1 1.20454E-1 4.08353E-2 6.0224E-2 6.83432E-2 3.76031E-2 7.27701E-2 9.16471E-2 8.31521E-2 1.06406E-1 7.25953E-2 7.88657E-2 1.03548E-1 9.29927E-2 1.10423E-1 2.0229E-1 2.23612E-1 1.78998E-1 2.46782E-1 1.59536E-1 1.61989E-1 2.12159E-1 2.47483E-1 1.9952E-1 1.06419E-1 2.74522E-1 2.48534E-1 4.33331E-1 4.82939E-1 7.63974E-3 4.51692E-3 3.27989E-3 2.88875E-3 1.43082E-3 1.06173E-3 1.08128E-3 1.1633E-3 1.88259E-3 3.07715E-3 3.35037E-3
3.7978E-2 2.35516E-2 2.14195E-2 4.14907E-2 2.76183E-2 1.62002E-2 1.64799E-2 2.23065E-2 2.96726E-2 8.52067E-2 8.09944E-2 8.32886E-2 5.13799E-2 3.25117E-2 5.59338E-2 7.32792E-2 7.21365E-2 8.50923E-2 1.46483E-1 1.2778E-1 1.52681E-1 8.84753E-2 7.09892E-2 6.30505E-2 4.57953E-2 5.96095E-2 5.59642E-2 3.75515E-2 1.1418E-1 1.49955E-1 1.50778E-1 1.32215E-1 8.29051E-2 1.26064E-1 1.37568E-1 1.27475E-1 2.0204E-1 1.51499E-1 1.57453E-1 1.68939E-1 1.86054E-1 2.39021E-1 1.05433E-1 1.16806E-1 1.58303E-1 4.09538E-1 5.04926E-1 3.80979E-1 2.98955E-1 8.57112E-3 5.53354E-3 3.41651E-3 1.54999E-3 2.14585E-3 1.65981E-3 1.79904E-3 2.28468E-3 2.64781E-3 4.09312E-3
2.30595E-2 9.97715E-3 2.04763E-2 2.6999E-2 1.75918E-2 2.62801E-2 2.18588E-2 3.24517E-2 4.58726E-2 7.46554E-2 6.97897E-2 7.95501E-2 3.48416E-2 3.56557E-2 6.74665E-2 9.33863E-2 7.52669E-2 5.28707E-2 7.90551E-2 1.09245E-1 1.39531E-1 9.36389E-2 2.54776E-2 6.9151E-2 5.38666E-2 5.81422E-2 5.52924E-2 4.25343E-2 5.01637E-2 6.3169E-2 1.36884E-1 2.12811E-1 1.10832E-1 9.99957E-2 1.08726E-1 1.04465E-1 1.76895E-1 3.02164E-1 2.96143E-1 1.76451E-1 2.08875E-1 2.54631E-1 2.12093E-1 1.89394E-1 3.43851E-1 4.33843E-1 5.10301E-1 4.0197E-1 3.99688E-1 4.32888E-1 3.55147E-1 4.25149E-3 2.72179E-3 4.25607E-3 3.22633E-3 2.48994E-3 2.56227E-3 1.10651E-3 2.48529E-3
2.81574E-2 2.64441E-2 3.46674E-2 4.34514E-2 2.58456E-2 1.60382E-2 3.39117E-2 7.65915E-2 4.60444E-2 7.55177E-2 7.10053E-2 8.30908E-2 8.44442E-2 7.46646E-2 9.21337E-2 7.40836E-2 5.45748E-2 4.8087E-2 6.09415E-2 8.20303E-2 8.24207E-2 1.2769E-1 1.2411E-1 1.09569E-1 6.76819E-2 5.42319E-2 3.82042E-2 5.12757E-2 6.10514E-2 8.7059E-2 7.86992E-2 2.20959E-1 9.66943E-2 1.0262E-1 1.28537E-1 1.36847E-1 2.732E-1 2.82041E-1 2.82346E-1 2.59572E-1 2.93221E-1 3.59282E-1 3.85334E-1 4.83905E-1 4.04835E-1 5.18307E-1 5.37055E-1 4.22858E-1 4.67035E-1 4.65402E-1 2.64182E-1 2.6145E-1 3.18001E-1 5.90838E-3 3.42944E-3 3.70542E-3 3.46115E-3 3.1339E-3 3.12379E-3
