Phytophthora/models/20240429_1812_56/Phytophthora_PA2_RUN8_MAXENT_outputs/Phytophthora_PA2_RUN8.asc
ncols         225
nrows         269
xllcorner     473000.0
yllcorner     4429100.0
cellsize      50.0
NODATA_value  -9999
[rows 135 to 161 of 269, columns 60 to 119 of 225]
3.53336E-1 2.52568E-1 3.62989E-1 3.94753E-1 3.19641E-1 3.32337E-1 4.16843E-1 4.7805E-1 5.22427E-1 5.19739E-1 5.52297E-1 5.73809E-1 4.52844E-1 5.29916E-1 5.29442E-1 5.93368E-1 5.75385E-1 5.54984E-1 5.34281E-1 4.82778E-1 4.6357E-1 4.83527E-1 5.3029E-1 4.92701E-1 4.65448E-1 4.19052E-1 4.33493E-1 4.09758E-1 3.60632E-1 3.16077E-1 2.35641E-1 2.83246E-1 2.71393E-1 2.95682E-1 3.21313E-1 3.32374E-1 3.97817E-1 4.29182E-1 4.55947E-1 3.38604E-1 4.03485E-1 3.84171E-1 3.62741E-1 3.4118E-1 3.52154E-1 2.92222E-1 3.26062E-1 3.92412E-1 4.16269E-1 4.38728E-1 4.32444E-1 4.44502E-1 2.76754E-1 4.62722E-1 4.38413E-1 4.45783E-1 3.1441E-1 3.20933E-1 3.03574E-1 2.86086E-1
3.46282E-1 4.49937E-1 4.50932E-1 4.1383E-1 2.89659E-1 2.00734E-1 5.30777E-1 5.2987E-1 5.09636E-1 4.96668E-1 4.93632E-1 5.0043E-1 3.15672E-1 1.96091E-1 4.61735E-1 6.2112E-1 6.2987E-1 6.11009E-1 5.77251E-1 5.17299E-1 5.21427E-1 5.37974E-1 4.9444E-1 5.44254E-1 5.48953E-1 5.00788E-1 5.46881E-1 5.18165E-1 4.2543E-1 3.95883E-1 2.78743E-1 2.93941E-1 3.08642E-1 3.13898E-1 3.96689E-1 4.47462E-1 5.18461E-1 5.78445E-1 5.56634E-1 5.83569E-1 5.56379E-1 5.58398E-1 5.32866E-1 5.29106E-1 5.1903E-1 4.22813E-1 4.54696E-1 5.1824E-1 5.63491E-1 5.76555E-1 5.54811E-1 5.64479E-1 5.85547E-1 6.06848E-1 5.8349E-1 4.30323E-1 4.39192E-1 3.78642E-1 3.5349E-1 3.66185E-1
2.95579E-1 4.92223E-1 2.75543E-1 2.07748E-1 1.85913E-1 3.91807E-1 5.08859E-1 5.0885E-1 4.97901E-1 4.7844E-1 4.82803E-1 4.67063E-1 2.07863E-1 3.90904E-1 4.00974E-1 5.86403E-1 5.91585E-1 5.51795E-1 5.44908E-1 5.30512E-1 5.46136E-1 5.69926E-1 5.88115E-1 5.86853E-1 3.96926E-1 5.4659E-1 2.37662E-1 4.67798E-1 3.94371E-1 3.84636E-1 3.02394E-1 2.8489E-1 3.06624E-1 3.4789E-1 4.16274E-1 4.8628E-1 5.32066E-1 5.78155E-1 6.02569E-1 5.78766E-1 5.76772E-1 5.72816E-1 5.72126E-1 5.73365E-1 5.58391E-1 4.52702E-1 4.23135E-1 5.14394E-1 5.37108E-1 5.47617E-1 5.63348E-1 5.42104E-1 5.78432E-1 5.7641E-1 5.74808E-1 3.82545E-1 4.07439E-1 3.78815E-1 3.57342E-1 3.69424E-1
2.88018E-1 3.45952E-1 3.03054E-1 2.72971E-1 3.36101E-1 3.70245E-1 2.97078E-1 4.90411E-1 3.53916E-1 5.07443E-1 1.76559E-1 3.17798E-1 3.72322E-1 3.74311E-1 4.01903E-1 5.58277E-1 5.8524E-1 5.83706E-1 6.11068E-1 6.07045E-1 5.92179E-1 6.14545E-1 5.94055E-1 5.85803E-1 3.89256E-1 3.52825E-1 4.40916E-1 4.65069E-1 4.14268E-1 3.67704E-1 3.03901E-1 2.96601E-1 3.27127E-1 3.74669E-1 4.53065E-1 5.1835E-1 5.84783E-1 5.8512E-1 5.8679E-1 5.98913E-1 6.23907E-1 5.24806E-1 5.4311E-1 5.04752E-1 5.12385E-1 5.12543E-1 4.74129E-1 4.87282E-1 5.01401E-1 5.32052E-1 5.45108E-1 5.18722E-1 5.25628E-1 5.74225E-1 5.46858E-1 1.90224E-1 4.14945E-1 3.59985E-1 3.46578E-1 3.51456E-1
5.19404E-1 5.22951E-1 4.1939E-1 3.334E-1 3.24529E-1 3.44968E-1 3.47424E-1 4.26852E-1 2.95093E-1 4.77817E-1 4.2252E-1 3.42603E-1 2.18092E-1 2.65593E-1 3.20441E-1 5.30862E-1 5.87027E-1 6.1546E-1 6.39607E-1 6.37435E-1 5.89638E-1 5.64135E-1 5.09257E-1 2.18486E-1 3.98232E-1 3.45064E-1 3.84497E-1 4.28101E-1 3.78562E-1 3.39547E-1 3.10845E-1 2.97419E-1 3.37315E-1 3.83044E-1 4.67278E-1 5.24733E-1 6.01638E-1 6.2235E-1 5.72778E-1 6.24719E-1 3.79367E-1 5.07791E-1 3.76388E-1 4.17245E-1 4.7792E-1 5.23338E-1 5.27551E-1 4.97284E-1 4.8273E-1 5.12282E-1 5.30623E-1 5.33213E-1 3.38869E-1 4.67602E-1 5.64823E-1 4.32019E-1 4.07669E-1 3.73601E-1 3.71253E-1 3.82947E-1
2.55893E-1 1.91469E-1 3.17268E-1 3.03916E-1 2.85182E-1 3.17519E-1 3.04077E-1 4.69107E-1 3.82296E-1 2.66244E-1 2.77816E-1 2.28772E-1 1.79918E-1 2.03071E-1 2.27823E-1 5.44959E-1 6.16655E-1 6.45793E-1 6.64344E-1 6.42285E-1 5.92015E-1 5.74057E-1 5.20755E-1 4.7481E-1 4.04785E-1 3.85718E-1 4.42226E-1 4.02262E-1 3.20732E-1 3.19619E-1 3.09851E-1 3.38598E-1 3.7911E-1 3.90912E-1 4.769E-1 5.43417E-1 6.1298E-1 6.35598E-1 6.47094E-1 6.5509E-1 4.40118E-1 4.04253E-1 4.20198E-1 4.24192E-1 4.6926E-1 5.12834E-1 5.14344E-1 4.98778E-1 4.50157E-1 5.17687E-1 5.09021E-1 5.35324E-1 6.11353E-1 6.37361E-1 4.67611E-1 4.15216E-1 4.24176E-1 4.00091E-1 3.41342E-1 3.23949E-1
4.48075E-1 2.94317E-1 4.41809E-1 3.94877E-1 2.22118E-1 4.01466E-1 3.55243E-1 2.6588E-1 2.51889E-1 2.48598E-1 2.26807E-1 1.99057E-1 2.05807E-1 3.68916E-1 3.14513E-1 4.67566E-1 5.3716E-1 5.58816E-1 5.84943E-1 5.78401E-1 6.08968E-1 5.74568E-1 2.59583E-1 4.55413E-1 4.3251E-1 4.4329E-1 4.23959E-1 3.85016E-1 3.37304E-1 3.20704E-1 3.50346E-1 3.84137E-1 4.29739E-1 4.42329E-1 4.71812E-1 5.39801E-1 5.99178E-1 6.50924E-1 6.41095E-1 6.79228E-1 5.76128E-1 2.66342E-1 4.79982E-1 4.7686E-1 4.40207E-1 4.33708E-1 4.74548E-1 4.66666E-1 4.78769E-1 4.6869E-1 4.82966E-1 5.2373E-1 6.17353E-1 5.61916E-1 4.44475E-1 5.41013E-1 5.20932E-1 4.79141E-1 4.61929E-1 4.302E-1
4.24716E-1 4.86507E-1 4.74039E-1 3.21001E-1 3.04508E-1 4.59834E-1 4.3024E-1 3.16718E-1 2.60955E-1 3.86738E-1 3.17584E-1 2.20457E-1 2.25066E-1 2.7869E-1 2.8065E-1 3.26027E-1 5.26172E-1 5.6357E-1 5.83839E-1 5.49264E-1 4.36196E-1 4.63664E-1 4.76477E-1 4.67107E-1 4.74601E-1 4.34273E-1 3.81655E-1 3.53908E-1 3.22799E-1 3.41594E-1 3.83583E-1 4.23479E-1 4.68009E-1 4.89783E-1 5.22358E-1 5.35407E-1 6.07311E-1 5.10583E-1 6.48567E-1 6.55001E-1 5.75837E-1 5.2091E-1 4.98156E-1 5.23068E-1 4.63241E-1 4.58775E-1 4.78934E-1 4.57038E-1 5.01132E-1 4.95303E-1 5.43497E-1 5.32037E-1 5.37645E-1 5.36677E-1 5.26816E-1 5.24955E-1 4.97665E-1 4.655E-1 3.93679E-1 3.4116E-1
1.81582E-1 4.96684E-1 5.11349E-1 3.75946E-1 4.25668E-1 5.00129E-1 3.60684E-1 2.82415E-1 3.73582E-1 1.74948E-1 2.06527E-1 3.30552E-1 3.77148E-1 3.75799E-1 4.18275E-1 3.42381E-1 3.41855E-1 5.9858E-1 5.8999E-1 6.02943E-1 5.85715E-1 5.4839E-1 4.60175E-1 4.86584E-1 4.49722E-1 4.19301E-1 3.58982E-1 3.16693E-1 3.24266E-1 3.64316E-1 4.15218E-1 4.62255E-1 4.95474E-1 5.26883E-1 5.5842E-1 5.81822E-1 5.90274E-1 6.53903E-1 6.65181E-1 6.64382E-1 5.82846E-1 5.21625E-1 4.82531E-1 5.20495E-1 5.60001E-1 4.00291E-1 4.19877E-1 4.84849E-1 5.22962E-1 4.13267E-1 5.58931E-1 3.8672E-1 5.80337E-1 5.36326E-1 5.22806E-1 5.05717E-1 4.72831E-1 4.30641E-1 3.64925E-1 3.24698E-1
2.31019E-1 3.45285E-1 3.65789E-1 4.65555E-1 4.87535E-1 4.95101E-1 2.95667E-1 2.908E-1 3.07397E-1 3.72367E-1 2.05766E-1 3.90777E-1 4.24684E-1 3.99197E-1 4.44223E-1 3.31579E-1 3.44676E-1 4.24078E-1 5.94649E-1 5.82975E-1 5.47032E-1 5.07465E-1 4.20953E-1 4.55166E-1 4.21791E-1 4.00937E-1 3.26384E-1 3.12036E-1 3.50824E-1 3.86792E-1 4.5274E-1 4.87311E-1 5.02114E-1 4.42273E-1 5.62825E-1 4.13722E-1 6.22536E-1 6.50762E-1 4.89549E-1 6.82987E-1 6.58048E-1 6.05303E-1 5.18297E-1 5.80783E-1 5.56333E-1 4.51276E-1 3.41792E-1 5.01026E-1 4.7955E-1 3.54403E-1 5.39789E-1 3.26724E-1 5.99184E-1 5.30564E-1 4.84549E-1 4.51096E-1 4.23363E-1 3.50982E-1 3.16044E-1 3.55069E-1
4.83632E-1 2.32035E-1 4.66704E-1 5.07517E-1 5.07758E-1 5.20007E-1 3.47342E-1 3.96139E-1 3.52849E-1 2.95883E-1 3.03478E-1 4.2639E-1 4.37558E-1 4.58211E-1 4.65164E-1 3.80504E-1 2.12001E-1 4.23529E-1 5.04723E-1 5.55972E-1 5.29204E-1 4.67936E-1 3.93702E-1 4.26925E-1 4.0548E-1 3.80895E-1 3.22432E-1 3.08697E-1 3.54534E-1 4.09282E-1 4.5228E-1 4.73918E-1 4.84878E-1 3.8747E-1 4.89723E-1 5.2836E-1 5.9884E-1 4.75649E-1 6.42192E-1 6.85468E-1 6.94375E-1 6.3077E-1 5.78875E-1 5.66611E-1 5.34072E-1 4.59755E-1 3.03864E-1 3.92023E-1 6.04143E-1 4.83206E-1 6.08759E-1 6.17308E-1 5.56476E-1 5.66374E-1 5.26342E-1 4.90887E-1 4.58852E-1 4.57646E-1 3.38095E-1 3.89069E-1
5.60729E-1 5.63492E-1 5.37084E-1 5.55333E-1 5.55315E-1 3.20606E-1 4.02918E-1 4.97249E-1 4.97269E-1 3.57472E-1 4.9453E-1 4.39692E-1 4.47788E-1 3.87504E-1 4.29064E-1 4.65382E-1 5.16821E-1 5.25171E-1 5.38776E-1 5.88574E-1 4.47858E-1 4.4354E-1 3.42311E-1 4.21596E-1 4.02613E-1 3.2832E-1 2.81668E-1 2.74688E-1 3.12428E-1 3.6942E-1 4.34994E-1 4.42095E-1 4.47652E-1 4.01868E-1 4.90087E-1 5.75956E-1 5.65764E-1 4.60041E-1 5.56666E-1 6.86229E-1 7.14218E-1 6.88753E-1 6.2674E-1 6.03774E-1 5.59795E-1 2.12833E-1 3.93188E-1 2.45374E-1 5.49708E-1 5.61851E-1 5.95848E-1 5.86613E-1 5.44387E-1 3.78514E-1 5.38644E-1 4.71112E-1 4.32989E-1 3.17293E-1 1.75711E-1 4.3343E-1
2.85852E-1 5.24546E-1 4.73057E-1 5.20879E-1 4.23078E-1 4.03724E-1 2.87265E-1 5.49315E-1 5.32773E-1 3.51429E-1 3.05486E-1 5.06627E-1 4.72829E-1 3.94778E-1 4.54E-1 5.2361E-1 5.54814E-1 5.20179E-1 5.38643E-1 4.27387E-1 5.00167E-1 4.44872E-1 3.23791E-1 3.91257E-1 3.91207E-1 3.19047E-1 2.79601E-1 2.82676E-1 3.06363E-1 3.68357E-1 4.23678E-1 4.44638E-1 4.32145E-1 4.39977E-1 4.85372E-1 5.69261E-1 5.93138E-1 5.19223E-1 4.93188E-1 5.5503E-1 7.21636E-1 6.93541E-1 6.62744E-1 3.53467E-1 2.77738E-1 2.36161E-1 5.02033E-1 4.2057E-1 5.00405E-1 5.17166E-1 4.52154E-1 4.69716E-1 4.94653E-1 5.2363E-1 5.19541E-1 3.49676E-1 4.65922E-1 4.59871E-1 3.43478E-1 2.38761E-1
4.66507E-1 2.83009E-1 2.98982E-1 4.61542E-1 3.47693E-1 4.16095E-1 5.23974E-1 5.56011E-1 5.54361E-1 3.68673E-1 1.61927E-1 4.14488E-1 4.95377E-1 4.25939E-1 4.82113E-1 6.05049E-1 4.73019E-1 5.21179E-1 5.7448E-1 5.46479E-1 5.10632E-1 4.37105E-1 3.07026E-1 4.15884E-1 4.262E-1 3.44154E-1 3.02989E-1 3.02963E-1 3.01037E-1 3.72602E-1 4.08114E-1 4.36145E-1 4.23104E-1 4.25855E-1 4.88297E-1 5.56785E-1 5.80969E-1 5.1241E-1 4.51254E-1 4.64621E-1 5.57286E-1 6.83995E-1 5.26874E-1 5.97785E-1 4.21939E-1 3.05705E-1 2.80533E-1 3.30404E-1 3.86688E-1 4.32035E-1 4.12771E-1 4.29346E-1 4.57546E-1 4.91134E-1 4.80451E-1 4.46373E-1 4.56222E-1 4.53013E-1 3.66646E-1 2.76077E-1
4.52509E-1 2.68711E-1 2.54484E-1 3.68869E-1 2.93079E-1 4.45729E-1 5.10617E-1 5.92631E-1 2.34948E-1 5.47856E-1 4.63012E-1 4.54484E-1 5.12463E-1 4.21074E-1 3.39791E-1 6.35873E-1 3.76969E-1 5.44766E-1 5.71722E-1 5.7913E-1 5.293E-1 4.33606E-1 3.35919E-1 4.58575E-1 4.7215E-1 3.82863E-1 3.45937E-1 3.57524E-1 3.38196E-1 3.74058E-1 3.90979E-1 4.14498E-1 4.21692E-1 4.23151E-1 4.94488E-1 5.43311E-1 5.55124E-1 4.64603E-1 4.53885E-1 5.01642E-1 5.94667E-1 6.32723E-1 6.30807E-1 4.56358E-1 3.45631E-1 2.51659E-1 2.01429E-1 2.65334E-1 2.91412E-1 4.90049E-1 3.29759E-1 3.70472E-1 4.04193E-1 4.18049E-1 4.49408E-1 4.1364E-1 4.23205E-1 4.04873E-1 2.99759E-1 2.43527E-1
4.85712E-1 3.64274E-1 2.92664E-1 2.89051E-1 3.28678E-1 4.51002E-1 5.11006E-1 3.8429E-1 5.64512E-1 4.23407E-1 4.2931E-1 4.37799E-1 4.34899E-1 1.9311E-1 5.43905E-1 6.37012E-1 6.13242E-1 5.49763E-1 5.48555E-1 5.64922E-1 5.49077E-1 4.71556E-1 3.77077E-1 5.09248E-1 5.13527E-1 4.19071E-1 3.90584E-1 4.01067E-1 3.78843E-1 4.12634E-1 4.0107E-1 3.92639E-1 4.09766E-1 4.31867E-1 4.86581E-1 5.26083E-1 5.30495E-1 4.48874E-1 4.36114E-1 5.01016E-1 5.95368E-1 3.40771E-1 4.43684E-1 3.59705E-1 2.98117E-1 2.39869E-1 1.89083E-1 2.99398E-1 3.26709E-1 2.52401E-1 4.43274E-1 3.17291E-1 3.77553E-1 4.26231E-1 4.24455E-1 3.80816E-1 3.84712E-1 2.56585E-1 2.01493E-1 2.15402E-1
5.50556E-1 3.80284E-1 3.91754E-1 4.17033E-1 4.11091E-1 4.92101E-1 5.76209E-1 4.76064E-1 6.09199E-1 6.04753E-1 7.12491E-1 6.38391E-1 6.08687E-1 5.93541E-1 6.80599E-1 6.80903E-1 6.62973E-1 6.41593E-1 6.10705E-1 6.11213E-1 6.56041E-1 6.39896E-1 5.02832E-1 6.66856E-1 6.27634E-1 5.63659E-1 5.53133E-1 5.33484E-1 5.35633E-1 5.46656E-1 5.58152E-1 5.42259E-1 5.31421E-1 5.57258E-1 5.90529E-1 6.37707E-1 6.36193E-1 6.27495E-1 5.66651E-1 5.57956E-1 5.51334E-1 3.44935E-1 4.81067E-1 3.81792E-1 2.59366E-1 2.41822E-1 2.08606E-1 1.74315E-1 2.67615E-1 2.05472E-1 2.22267E-1 2.97449E-1 3.11181E-1 3.28871E-1 3.66289E-1 4.37336E-1 4.34414E-1 4.39082E-1 3.73767E-1 4.00615E-1
5.20423E-1 5.45291E-1 5.57462E-1 5.67734E-1 4.9038E-1 5.38453E-1 3.92209E-1 5.22424E-1 5.99507E-1 6.15453E-1 4.9127E-1 6.23797E-1 6.94286E-1 6.43617E-1 6.67374E-1 6.44711E-1 6.05456E-1 6.11129E-1 6.21594E-1 4.89661E-1 6.00241E-1 5.31917E-1 6.76852E-1 7.01615E-1 6.5092E-1 5.97809E-1 5.96664E-1 5.75241E-1 5.72803E-1 5.67153E-1 5.93391E-1 5.72269E-1 5.53691E-1 5.90846E-1 6.27718E-1 6.89756E-1 6.81832E-1 6.53841E-1 5.90159E-1 6.08851E-1 3.47842E-1 4.77783E-1 4.70778E-1 4.44683E-1 4.2781E-1 3.66876E-1 2.61704E-1 2.56614E-1 3.71822E-1 2.16387E-1 2.30363E-1 4.19422E-1 2.99744E-1 3.21581E-1 3.55281E-1 4.18656E-1 4.34792E-1 4.63386E-1 5.07267E-1 5.31071E-1
5.42281E-1 5.76029E-1 5.85204E-1 4.35095E-1 2.67915E-1 5.51302E-1 4.03643E-1 5.23513E-1 5.19692E-1 5.92896E-1 7.19652E-1 7.19867E-1 6.96884E-1 6.63206E-1 6.48211E-1 6.23057E-1 6.35254E-1 6.49605E-1 6.7661E-1 6.65001E-1 6.47022E-1 5.02674E-1 7.12252E-1 7.14412E-1 6.64624E-1 6.40199E-1 6.37334E-1 6.12552E-1 6.08796E-1 6.0156E-1 6.20936E-1 5.96618E-1 5.51397E-1 6.20304E-1 6.59124E-1 7.20852E-1 7.30817E-1 7.31705E-1 6.75078E-1 3.62335E-1 4.75969E-1 4.76403E-1 4.49464E-1 4.2211E-1 4.08215E-1 3.48293E-1 2.96747E-1 4.32915E-1 5.0147E-1 3.54225E-1 2.80153E-1 2.97746E-1 2.85318E-1 2.90004E-1 3.20863E-1 4.03107E-1 4.38554E-1 4.5725E-1 4.30407E-1 3.31671E-1
5.61225E-1 5.98432E-1 4.3753E-1 5.88345E-1 5.42914E-1 4.96727E-1 5.50479E-1 5.50328E-1 5.34669E-1 5.7548E-1 7.13331E-1 7.30758E-1 7.16971E-1 6.77868E-1 6.60953E-1 6.57914E-1 6.76667E-1 6.98329E-1 7.34253E-1 7.22013E-1 6.89655E-1 7.10927E-1 7.29368E-1 7.1883E-1 6.76518E-1 6.75504E-1 6.69501E-1 6.49287E-1 6.39213E-1 6.30631E-1 6.40999E-1 6.13718E-1 5.52448E-1 6.4527E-1 6.85851E-1 7.36239E-1 7.59723E-1 7.59995E-1 5.24696E-1 6.38116E-1 5.46494E-1 5.24355E-1 4.77349E-1 4.59135E-1 4.53753E-1 4.23672E-1 3.93209E-1 3.51459E-1 3.6484E-1 3.83718E-1 2.45886E-1 2.83914E-1 3.43386E-1 3.62281E-1 3.75198E-1 4.6171E-1 4.0853E-1 4.38743E-1 4.20099E-1 4.41476E-1
5.83174E-1 6.03574E-1 4.80781E-1 5.55518E-1 4.00309E-1 3.48685E-1 5.36788E-1 5.4236E-1 5.0148E-1 5.74158E-1 7.05386E-1 7.14791E-1 6.68866E-1 6.87677E-1 6.75146E-1 6.92847E-1 7.05004E-1 6.80756E-1 7.09824E-1 7.10484E-1 6.83535E-1 7.0984E-1 7.1525E-1 7.0943E-1 6.94369E-1 6.98781E-1 6.9844E-1 6.80694E-1 6.57232E-1 6.40039E-1 6.5351E-1 6.25233E-1 6.26069E-1 6.61973E-1 7.05071E-1 7.58874E-1 7.85346E-1 6.09539E-1 7.69456E-1 7.08482E-1 5.70403E-1 5.15593E-1 4.96695E-1 5.11788E-1 5.091E-1 4.9758E-1 5.17289E-1 4.82775E-1 5.61644E-1 4.83481E-1 2.65221E-1 3.43267E-1 3.72843E-1 3.25593E-1 3.7497E-1 4.36936E-1 4.3935E-1 4.55009E-1 4.37927E-1 4.52451E-1
5.66594E-1 3.78299E-1 5.39369E-1 4.8264E-1 3.49889E-1 3.39125E-1 4.73368E-1 5.2256E-1 5.1884E-1 5.4048E-1 5.40772E-1 5.50788E-1 3.63282E-1 5.31578E-1 5.64748E-1 6.88246E-1 4.87608E-1 7.13845E-1 6.68843E-1 6.5916E-1 3.8031E-1 7.11186E-1 7.08382E-1 6.7754E-1 6.81807E-1 7.41381E-1 7.33431E-1 7.31696E-1 7.09967E-1 6.74172E-1 6.68913E-1 6.68059E-1 6.61979E-1 6.9674E-1 7.22932E-1 7.09064E-1 7.21944E-1 6.83479E-1 6.64154E-1 6.18801E-1 5.93626E-1 5.89461E-1 5.8354E-1 5.9087E-1 5.44335E-1 4.53058E-1 4.32048E-1 4.48876E-1 5.14385E-1 5.30589E-1 5.93659E-1 5.10507E-1 5.97481E-1 5.33671E-1 4.70597E-1 3.65364E-1 4.26766E-1 3.8726E-1 4.68668E-1 4.64095E-1
4.79393E-1 3.91869E-1 4.32372E-1 4.19519E-1 3.34555E-1 3.30024E-1 2.9734E-1 3.76836E-1 5.24503E-1 5.23304E-1 5.28031E-1 5.37811E-1 3.87258E-1 5.34975E-1 5.85413E-1 6.99126E-1 6.75257E-1 7.11736E-1 6.50517E-1 4.64839E-1 6.24791E-1 7.28011E-1 7.06659E-1 7.04062E-1 6.94219E-1 7.5753E-1 7.48363E-1 7.42682E-1 7.15374E-1 6.84129E-1 6.78354E-1 6.62978E-1 6.64978E-1 6.97431E-1 7.22589E-1 6.02126E-1 6.69563E-1 6.6673E-1 6.56128E-1 6.00017E-1 5.72385E-1 5.9647E-1 5.99994E-1 5.99932E-1 5.62306E-1 4.98114E-1 5.09365E-1 5.03158E-1 5.10467E-1 5.38251E-1 6.19245E-1 6.22959E-1 5.92737E-1 5.20441E-1 4.14373E-1 3.88578E-1 4.34247E-1 4.72609E-1 4.48994E-1 3.87337E-1
3.21E-1 5.52444E-1 4.33487E-1 4.45432E-1 3.48958E-1 3.4835E-1 3.49752E-1 3.26833E-1 5.0473E-1 5.23712E-1 5.21586E-1 5.35222E-1 3.37397E-1 5.11057E-1 5.94794E-1 6.89196E-1 6.59545E-1 6.86287E-1 6.12568E-1 4.62601E-1 7.38407E-1 7.42058E-1 7.40059E-1 7.36371E-1 7.24433E-1 7.57661E-1 7.50443E-1 7.41093E-1 7.38266E-1 7.04717E-1 6.88997E-1 6.71543E-1 6.66941E-1 6.77608E-1 2.37758E-1 5.01803E-1 4.69328E-1 4.65614E-1 6.72401E-1 6.52882E-1 6.73578E-1 6.56308E-1 6.30553E-1 6.30426E-1 6.00534E-1 5.35025E-1 5.11373E-1 4.74683E-1 3.74131E-1 4.79932E-1 5.08219E-1 5.83122E-1 5.07064E-1 4.64709E-1 5.23868E-1 4.34749E-1 4.66624E-1 4.6324E-1 4.74173E-1 4.97037E-1
5.30562E-1 5.19544E-1 4.46891E-1 4.69623E-1 3.46062E-1 3.53045E-1 1.81584E-1 3.33276E-1 4.4426E-1 4.91975E-1 4.9243E-1 4.76314E-1 4.86802E-1 4.69944E-1 5.80142E-1 6.66583E-1 6.39074E-1 6.175E-1 6.26122E-1 7.00886E-1 7.57213E-1 5.87808E-1 7.08366E-1 7.65562E-1 7.52343E-1 7.70511E-1 7.46516E-1 7.48385E-1 5.4201E-1 7.23337E-1 7.05709E-1 6.99161E-1 6.83053E-1 2.09628E-1 4.78484E-1 5.24678E-1 5.40119E-1 5.11143E-1 7.39188E-1 6.32626E-1 6.52354E-1 6.67287E-1 6.64966E-1 6.61556E-1 6.27455E-1 5.60369E-1 5.28135E-1 4.75643E-1 3.28952E-1 3.87552E-1 5.44207E-1 4.49261E-1 5.62406E-1 5.99146E-1 5.47616E-1 4.19521E-1 4.3328E-1 4.48525E-1 4.76783E-1 4.99314E-1
5.13801E-1 5.02503E-1 4.80937E-1 4.56675E-1 2.82247E-1 3.28971E-1 3.93316E-1 5.27823E-1 5.16334E-1 5.32057E-1 5.08917E-1 4.16707E-1 4.44522E-1 5.40381E-1 5.55378E-1 5.28748E-1 6.65066E-1 5.91443E-1 6.68368E-1 6.90963E-1 7.28003E-1 7.26758E-1 7.52752E-1 7.57623E-1 7.59783E-1 7.26893E-1 7.41846E-1 5.95337E-1 7.39394E-1 7.25999E-1 7.11065E-1 6.92865E-1 6.70638E-1 5.48193E-1 6.4185E-1 6.13107E-1 5.71129E-1 5.39862E-1 3.33073E-1 4.53619E-1 3.83364E-1 6.35526E-1 6.726E-1 7.008E-1 6.48326E-1 5.79918E-1 5.40442E-1 4.72649E-1 4.19857E-1 2.14564E-1 2.96425E-1 2.80318E-1 5.86687E-1 5.77575E-1 5.17426E-1 3.76589E-1 3.83986E-1 3.87214E-1 4.66869E-1 5.06343E-1
4.97433E-1 4.54844E-1 4.84558E-1 5.00182E-1 3.79246E-1 2.96801E-1 5.41791E-1 5.40694E-1 5.18683E-1 4.57783E-1 4.7055E-1 3.95296E-1 4.61602E-1 4.43845E-1 6.35889E-1 3.76894E-1 6.8365E-1 6.5761E-1 6.88224E-1 6.8823E-1 6.71087E-1 6.85948E-1 7.20098E-1 5.88166E-1 7.2409E-1 7.42139E-1 7.29222E-1 7.14671E-1 6.2527E-1 6.0145E-1 5.89337E-1 5.89377E-1 6.41188E-1 6.19781E-1 6.51304E-1 6.66175E-1 6.66991E-1 6.57529E-1 6.30177E-1 5.97825E-1 5.24711E-1 5.39512E-1 5.61211E-1 5.75211E-1 4.01671E-1 5.81276E-1 5.20545E-1 4.51301E-1 4.17157E-1 3.48392E-1 1.36788E-1 1.46156E-1 3.37194E-1 2.997E-1 3.16523E-1 2.91532E-1 2.11996E-1 2.3697E-1 4.43854E-1 4.90049E-1
