Phytophthora/models/20240429_1812_56/Phytophthora_PA2_RUN8_MAXENT_outputs/Phytophthora_PA2_RUN8.asc
ncols         225
nrows         269
xllcorner     473000.0
yllcorner     4429100.0
cellsize      50.0
NODATA_value  -9999
[rows 81 to 107 of 269, columns 60 to 119 of 225]
8.29386E-2 3.40387E-2 5.07277E-2 6.9129E-2 2.6027E-2 2.53626E-2 4.19808E-2 5.33709E-2 3.87687E-2 7.09127E-2 8.07997E-2 1.45279E-1 6.1085E-2 1.3639E-1 1.65372E-1 2.8836E-1 2.85276E-1 2.84232E-1 2.74809E-1 2.58909E-1 2.02292E-1 -9999 8.84126E-2 7.30903E-2 6.49811E-2 8.15642E-2 1.29377E-1 1.88487E-1 2.15751E-1 2.67176E-1 2.87807E-1 2.57335E-1 2.28531E-1 2.44102E-1 2.78451E-1 4.13241E-1 4.33217E-1 4.36833E-1 4.27076E-1 4.42446E-1 4.67838E-1 4.72802E-1 4.78761E-1 3.61608E-1 4.36377E-1 4.08048E-1 2.16178E-1 5.65596E-1 5.32357E-1 4.31156E-1 3.0569E-1 2.67937E-1 2.91869E-1 3.26779E-1 3.74929E-1 -9999 -9999 -9999 -9999 -9999
1.22769E-1 9.638E-2 6.40827E-2 6.47087E-2 7.96845E-2 3.82828E-2 2.82279E-2 3.63527E-2 4.19704E-2 6.51106E-2 1.24856E-1 1.3806E-1 1.36536E-1 1.23324E-1 1.38038E-1 2.21049E-1 2.31423E-1 2.73137E-1 2.73059E-1 2.55067E-1 1.90619E-1 -9999 1.75699E-1 8.63977E-2 8.0176E-2 9.01449E-2 1.27056E-1 1.80442E-1 2.00314E-1 2.3092E-1 2.91642E-1 2.71464E-1 2.49133E-1 2.42387E-1 2.70529E-1 4.39598E-1 4.62076E-1 4.60373E-1 4.53916E-1 4.21603E-1 4.87898E-1 4.71804E-1 4.96838E-1 4.78144E-1 4.62607E-1 4.77266E-1 3.9762E-1 3.1436E-1 3.50435E-1 1.82172E-1 3.31881E-1 1.36903E-1 4.75058E-1 1.99568E-1 2.09458E-1 2.23996E-1 1.90643E-1 -9999 -9999 -9999
7.48686E-2 1.02133E-1 7.92188E-2 5.07999E-2 6.37551E-2 4.92573E-2 4.32463E-2 4.4692E-2 5.30939E-2 8.06623E-2 1.13505E-1 1.25243E-1 1.27115E-1 1.23431E-1 1.45322E-1 2.12678E-1 2.40256E-1 2.75305E-1 2.89378E-1 2.69442E-1 5.20185E-2 2.10147E-1 -9999 1.16553E-1 1.29175E-1 1.03679E-1 1.13661E-1 1.67186E-1 1.87094E-1 2.1781E-1 2.91366E-1 2.76751E-1 2.80948E-1 2.09161E-1 2.87807E-1 2.56211E-1 4.76424E-1 4.40543E-1 4.52206E-1 4.53051E-1 4.87759E-1 4.78665E-1 4.72792E-1 4.59882E-1 4.55511E-1 4.80316E-1 3.45156E-1 2.02791E-1 2.97098E-1 3.33283E-1 5.09542E-1 3.14594E-1 3.13416E-1 1.86727E-1 4.85052E-1 3.92327E-1 2.74357E-1 2.16479E-1 -9999 -9999
7.85905E-2 1.42753E-1 1.28217E-1 9.94639E-2 5.26329E-2 4.0314E-2 4.92605E-2 3.26368E-2 4.24908E-2 4.08905E-2 1.42911E-1 1.3931E-1 1.31902E-1 1.2538E-1 1.36369E-1 2.36879E-1 2.68102E-1 3.01715E-1 3.03953E-1 2.85937E-1 1.32446E-1 1.71407E-1 -9999 1.04078E-1 1.33742E-1 1.22762E-1 1.29954E-1 1.07313E-1 1.68314E-1 1.98276E-1 2.54954E-1 2.79228E-1 2.49941E-1 2.42305E-1 1.92295E-1 4.6341E-1 4.41753E-1 3.62254E-1 4.01908E-1 4.16757E-1 4.51321E-1 4.36739E-1 4.35994E-1 4.21984E-1 4.19234E-1 4.57758E-1 2.07427E-1 2.45751E-1 3.11664E-1 3.4459E-1 4.45307E-1 4.47469E-1 4.07992E-1 3.83984E-1 3.3771E-1 2.05816E-1 2.36559E-1 2.46413E-1 -9999 -9999
1.36473E-1 1.55589E-1 1.5655E-1 1.29417E-1 6.93927E-2 4.07457E-2 4.14042E-2 5.40828E-2 5.9791E-2 8.54153E-2 7.65785E-2 1.48998E-1 1.42141E-1 1.35889E-1 1.41951E-1 2.32269E-1 2.68901E-1 3.05794E-1 3.18316E-1 3.22352E-1 2.79008E-1 1.57586E-1 2.2618E-1 -9999 1.80512E-1 1.11199E-1 1.81934E-1 1.23452E-1 1.76063E-1 1.97798E-1 2.52983E-1 2.62102E-1 2.4579E-1 2.59807E-1 3.18049E-1 4.75588E-1 4.23929E-1 3.8383E-1 3.71574E-1 3.83778E-1 4.25814E-1 4.17428E-1 4.17204E-1 4.02583E-1 4.34402E-1 2.84596E-1 4.19E-1 2.96325E-1 3.13319E-1 3.12364E-1 3.22119E-1 2.80167E-1 2.92067E-1 2.85369E-1 2.92211E-1 3.2812E-1 3.34319E-1 3.27145E-1 2.96984E-1 -9999
9.24761E-2 1.04139E-1 1.15834E-1 6.83539E-2 6.89878E-2 4.94278E-2 4.73064E-2 4.86115E-2 5.2109E-2 7.52021E-2 1.33897E-1 6.06347E-2 1.48742E-1 1.40475E-1 1.51811E-1 2.22859E-1 2.45945E-1 2.77264E-1 2.98477E-1 3.27728E-1 7.59268E-2 1.73545E-1 1.60246E-1 2.07693E-1 1.95118E-1 1.83536E-1 2.9999E-1 3.10984E-1 2.45921E-1 3.01093E-1 2.40979E-1 2.81667E-1 2.90815E-1 2.95025E-1 3.67595E-1 3.10385E-1 5.18261E-1 5.05167E-1 4.42213E-1 4.25581E-1 4.41986E-1 4.26942E-1 4.21925E-1 4.5867E-1 5.4323E-1 5.67598E-1 5.27572E-1 2.54042E-1 3.81582E-1 2.34026E-1 4.31408E-1 3.67529E-1 3.45637E-1 3.99792E-1 4.00946E-1 4.33096E-1 4.33743E-1 4.1816E-1 3.92864E-1 -9999
8.83181E-2 1.00541E-1 1.04142E-1 7.72398E-2 1.00501E-1 7.12608E-2 4.37246E-2 5.05439E-2 5.05755E-2 5.35976E-2 1.02497E-1 1.4765E-1 1.54667E-1 1.53558E-1 1.63627E-1 2.34737E-1 2.33806E-1 2.43271E-1 2.71953E-1 2.89026E-1 2.02916E-1 1.10274E-1 1.91368E-1 1.50442E-1 1.48032E-1 2.35793E-1 3.32991E-1 3.52707E-1 3.17634E-1 3.23066E-1 2.90443E-1 2.81162E-1 2.9142E-1 2.90705E-1 3.32839E-1 5.19459E-1 4.35973E-1 5.34017E-1 4.62703E-1 4.38592E-1 4.66519E-1 4.8271E-1 4.57014E-1 4.6424E-1 3.98881E-1 5.2693E-1 3.5014E-1 5.75988E-1 5.35642E-1 5.29457E-1 4.99728E-1 4.94393E-1 4.62883E-1 4.66759E-1 4.52781E-1 4.89235E-1 4.96088E-1 4.84547E-1 4.50708E-1 3.75357E-1
9.63362E-2 9.21789E-2 1.03922E-1 1.07272E-1 1.12943E-1 1.00226E-1 6.94744E-2 6.90992E-2 6.10866E-2 6.51377E-2 9.94636E-2 1.3839E-1 1.41842E-1 1.23064E-1 1.89163E-1 2.65121E-1 2.52481E-1 2.37263E-1 2.34284E-1 2.64128E-1 1.0528E-1 3.13438E-1 2.60566E-1 1.98422E-1 1.97661E-1 3.36655E-1 3.72077E-1 3.50438E-1 2.92097E-1 2.92231E-1 2.63374E-1 2.76994E-1 3.19853E-1 3.0478E-1 2.78483E-1 5.26149E-1 5.38256E-1 3.92527E-1 4.72465E-1 4.00617E-1 4.04333E-1 5.01582E-1 5.04404E-1 4.70198E-1 1.68841E-1 3.94968E-1 4.22332E-1 3.80322E-1 4.20051E-1 5.08879E-1 4.9414E-1 3.92614E-1 4.12689E-1 5.02079E-1 4.96422E-1 3.94304E-1 5.29271E-1 5.055E-1 4.34966E-1 3.66168E-1
1.02561E-1 9.30949E-2 1.09062E-1 1.16279E-1 6.90044E-2 1.10611E-1 9.86506E-2 9.09443E-2 7.08388E-2 7.64915E-2 1.12327E-1 1.26067E-1 1.03175E-1 1.50819E-1 1.79821E-1 2.17078E-1 2.58193E-1 2.36614E-1 2.17308E-1 2.22308E-1 2.82105E-1 1.13245E-1 3.0317E-1 2.44365E-1 2.23502E-1 3.98587E-1 2.79558E-1 3.05773E-1 2.21916E-1 1.44971E-1 1.89941E-1 3.0715E-1 3.54911E-1 -9999 2.86683E-1 5.4487E-1 5.1482E-1 3.16769E-1 4.43602E-1 3.61696E-1 4.7955E-1 5.30979E-1 5.46988E-1 5.5567E-1 5.45925E-1 5.25722E-1 4.88817E-1 3.37527E-1 3.38243E-1 5.31597E-1 4.89771E-1 4.17284E-1 4.64516E-1 4.97444E-1 4.88994E-1 5.33129E-1 5.21746E-1 4.93004E-1 4.16371E-1 3.18379E-1
1.03366E-1 9.98923E-2 1.13265E-1 1.22187E-1 1.30906E-1 1.35905E-1 1.17909E-1 1.06668E-1 9.21799E-2 8.94718E-2 1.04684E-1 1.18039E-1 9.19963E-2 1.33989E-1 1.60874E-1 2.70428E-1 2.76855E-1 2.55757E-1 2.35329E-1 2.09383E-1 2.6687E-1 1.06068E-1 2.95111E-1 2.74307E-1 2.32851E-1 3.70945E-1 2.25548E-1 1.97172E-1 2.69973E-1 2.75399E-1 1.94362E-1 -9999 -9999 -9999 -9999 5.00154E-1 4.62552E-1 2.98302E-1 3.25668E-1 4.25426E-1 5.01171E-1 5.6921E-1 5.60689E-1 5.81353E-1 6.05184E-1 3.5219E-1 4.97881E-1 4.07122E-1 3.92024E-1 5.59587E-1 4.63184E-1 4.23237E-1 4.01188E-1 4.93041E-1 4.75278E-1 5.00957E-1 4.90486E-1 4.47933E-1 3.95651E-1 3.16176E-1
1.37659E-1 1.4537E-1 1.59091E-1 1.51361E-1 1.58818E-1 1.59832E-1 1.35193E-1 1.30803E-1 9.98492E-2 1.15436E-1 1.25928E-1 1.31244E-1 1.34179E-1 1.46594E-1 1.71649E-1 2.63742E-1 2.74669E-1 2.49389E-1 2.62177E-1 2.2839E-1 2.7235E-1 1.39249E-1 3.19174E-1 3.84426E-1 3.98148E-1 2.42693E-1 1.70037E-1 1.48031E-1 1.98766E-1 -9999 -9999 -9999 -9999 -9999 -9999 4.3094E-1 3.0545E-1 3.12633E-1 4.61972E-1 2.94783E-1 3.82003E-1 5.49749E-1 5.85596E-1 5.83664E-1 3.89091E-1 5.23848E-1 4.26335E-1 4.79722E-1 2.97061E-1 5.2127E-1 4.08795E-1 4.07396E-1 2.26282E-1 4.43047E-1 4.71988E-1 4.90837E-1 4.67431E-1 3.76912E-1 3.92238E-1 4.1889E-1
1.57747E-1 1.75788E-1 1.81823E-1 1.58076E-1 1.53099E-1 1.04874E-1 1.37159E-1 8.66962E-2 1.20568E-1 1.23251E-1 1.4565E-1 1.66329E-1 1.68829E-1 1.83212E-1 2.01401E-1 2.68893E-1 1.33029E-1 3.07143E-1 2.93922E-1 2.76956E-1 3.05457E-1 3.64522E-1 3.88935E-1 1.78919E-1 3.31216E-1 2.38632E-1 2.03045E-1 1.70571E-1 -9999 -9999 -9999 -9999 -9999 -9999 -9999 4.42558E-1 3.06477E-1 2.59584E-1 3.45992E-1 3.02048E-1 3.28231E-1 4.17956E-1 5.35218E-1 5.08207E-1 3.83789E-1 1.42208E-1 3.38037E-1 4.65328E-1 5.24832E-1 5.24287E-1 2.18049E-1 2.89054E-1 2.36695E-1 3.03742E-1 4.10073E-1 5.21282E-1 4.32316E-1 3.89289E-1 4.00558E-1 4.40588E-1
1.59303E-1 1.86531E-1 1.21648E-1 1.29083E-1 1.4806E-1 7.29038E-2 1.2984E-1 1.5831E-1 1.32891E-1 1.25277E-1 1.51697E-1 1.85775E-1 2.06391E-1 2.25252E-1 1.20217E-1 2.30666E-1 2.98718E-1 3.09563E-1 3.13112E-1 2.99308E-1 3.50737E-1 3.85087E-1 2.48218E-1 2.95223E-1 2.23698E-1 2.40042E-1 2.0883E-1 1.73884E-1 -9999 -9999 -9999 -9999 -9999 -9999 -9999 -9999 3.94671E-1 3.15834E-1 2.82865E-1 2.93519E-1 3.69434E-1 -9999 -9999 5.69613E-1 3.48104E-1 1.93417E-1 2.72906E-1 3.98979E-1 5.38473E-1 4.72529E-1 3.12793E-1 2.22665E-1 2.13739E-1 1.50498E-1 4.70253E-1 3.92223E-1 4.52938E-1 4.09784E-1 4.28547E-1 4.46957E-1
1.41388E-1 1.69101E-1 1.8005E-1 1.643E-1 1.57842E-1 9.73824E-2 7.3576E-2 1.62809E-1 1.14429E-1 1.47085E-1 1.70102E-1 1.89629E-1 1.73616E-1 2.26768E-1 2.24152E-1 1.88046E-1 2.93404E-1 2.9737E-1 2.9146E-1 2.88695E-1 2.97215E-1 3.52903E-1 3.7345E-1 3.13393E-1 2.32272E-1 1.04206E-1 1.7095E-1 2.23394E-1 -9999 -9999 -9999 -9999 -9999 -9999 -9999 -9999 5.12527E-1 3.90487E-1 3.8066E-1 -9999 -9999 -9999 -9999 2.94478E-1 2.85582E-1 1.67797E-1 2.37611E-1 2.26598E-1 4.44401E-1 4.57535E-1 2.73518E-1 2.57434E-1 2.284E-1 1.53834E-1 4.90033E-1 3.36282E-1 4.64373E-1 4.27132E-1 4.59284E-1 2.86224E-1
1.2474E-1 1.02178E-1 1.60518E-1 1.61871E-1 1.44688E-1 7.8693E-2 1.22088E-1 1.46694E-1 1.59517E-1 1.56824E-1 1.37148E-1 6.89172E-2 1.86776E-1 2.03715E-1 2.04979E-1 2.47699E-1 1.76795E-1 1.57141E-1 2.94951E-1 2.81055E-1 1.97602E-1 2.52088E-1 2.84583E-1 2.50831E-1 1.88792E-1 1.18287E-1 2.01641E-1 1.2831E-1 2.33098E-1 -9999 -9999 -9999 -9999 -9999 -9999 5.8473E-1 -9999 -9999 -9999 -9999 -9999 -9999 -9999 2.64231E-1 3.25488E-1 2.49663E-1 1.8824E-1 2.26328E-1 9.76641E-2 1.76336E-1 1.74903E-1 2.14637E-1 2.1685E-1 2.46055E-1 3.19873E-1 5.11447E-1 4.26388E-1 4.57259E-1 2.68357E-1 4.62283E-1
1.7917E-1 2.09449E-1 1.78849E-1 2.47058E-1 2.11087E-1 1.61558E-1 1.29263E-1 1.74395E-1 1.99298E-1 2.70407E-1 2.83786E-1 2.99399E-1 1.01888E-1 2.20864E-1 2.35773E-1 2.16914E-1 2.30025E-1 2.46167E-1 2.60357E-1 1.34367E-1 1.73149E-1 2.25212E-1 2.12835E-1 2.23441E-1 1.7553E-1 2.01347E-1 1.3497E-1 1.66532E-1 1.94055E-1 -9999 -9999 -9999 -9999 -9999 -9999 -9999 -9999 -9999 -9999 -9999 -9999 -9999 -9999 2.57532E-1 3.42023E-1 3.50483E-1 2.88185E-1 3.72007E-1 2.15617E-1 2.07261E-1 4.44342E-1 4.23678E-1 4.93633E-1 6.13265E-1 4.02143E-1 5.29142E-1 5.30654E-1 5.38025E-1 5.18881E-1 4.68009E-1
9.16462E-2 1.37577E-1 1.43566E-1 1.83427E-1 1.24729E-1 1.80949E-1 1.3379E-1 1.11666E-1 1.18176E-1 1.72069E-1 2.50924E-1 2.79765E-1 3.10559E-1 2.87771E-1 2.43086E-1 1.74579E-1 2.00892E-1 2.03055E-1 1.73063E-1 2.0524E-1 2.06432E-1 1.61598E-1 1.79528E-1 1.46948E-1 1.23532E-1 2.17744E-1 1.20987E-1 1.72643E-1 1.4474E-1 -9999 -9999 -9999 -9999 -9999 -9999 -9999 -9999 -9999 -9999 -9999 -9999 -9999 -9999 1.98989E-1 2.87565E-1 3.08585E-1 3.47966E-1 4.14866E-1 4.05919E-1 4.06993E-1 5.83071E-1 5.36612E-1 3.34337E-1 6.91626E-1 6.67741E-1 4.78665E-1 4.36266E-1 3.5089E-1 2.60197E-1 3.59174E-1
1.14789E-1 1.19743E-1 1.18869E-1 7.3168E-2 8.97155E-2 1.17668E-1 1.0933E-1 9.55202E-2 1.11935E-1 1.45081E-1 1.86373E-1 2.61491E-1 3.1028E-1 2.68859E-1 2.97634E-1 2.10297E-1 1.87119E-1 2.17789E-1 2.15234E-1 1.94866E-1 2.15813E-1 2.26211E-1 2.22499E-1 2.48173E-1 1.78968E-1 1.60084E-1 1.65939E-1 2.3987E-1 2.54775E-1 1.84579E-1 -9999 -9999 -9999 -9999 -9999 -9999 -9999 -9999 -9999 -9999 -9999 -9999 -9999 3.24569E-1 2.79063E-1 3.41322E-1 4.01007E-1 4.46246E-1 4.78141E-1 3.87461E-1 4.74844E-1 6.81104E-1 6.69097E-1 6.94991E-1 6.28863E-1 4.16904E-1 3.21092E-1 2.12795E-1 2.92122E-1 3.12566E-1
1.65145E-1 1.79599E-1 1.75424E-1 1.69593E-1 1.40062E-1 1.08148E-1 8.29809E-2 9.38297E-2 8.5317E-2 1.04837E-1 1.23404E-1 1.68439E-1 3.07077E-1 3.26505E-1 2.9348E-1 2.35337E-1 2.23747E-1 6.48767E-2 6.14615E-2 1.49877E-1 1.92402E-1 1.96292E-1 2.03769E-1 2.21031E-1 2.13302E-1 1.63332E-1 7.48582E-2 2.04377E-1 3.0538E-1 1.7786E-1 1.40734E-1 -9999 -9999 -9999 -9999 -9999 -9999 -9999 -9999 -9999 -9999 -9999 -9999 3.93834E-1 3.37107E-1 3.45784E-1 3.67193E-1 3.08181E-1 3.39866E-1 2.89171E-1 4.21965E-1 4.99796E-1 6.6158E-1 4.76985E-1 5.45781E-1 3.90007E-1 4.12007E-1 3.11898E-1 4.29471E-1 3.47742E-1
1.75104E-1 1.61256E-1 1.68311E-1 1.90539E-1 1.2749E-1 1.77639E-1 1.1572E-1 1.15467E-1 9.15356E-2 1.09865E-1 1.31076E-1 1.69934E-1 1.56363E-1 2.8844E-1 2.82049E-1 2.24051E-1 1.74195E-1 1.55261E-1 1.3505E-1 1.13261E-1 1.43748E-1 1.56604E-1 2.01188E-1 2.56592E-1 2.67155E-1 2.54019E-1 2.33212E-1 2.35591E-1 3.21647E-1 1.66158E-1 1.69797E-1 -9999 -9999 -9999 -9999 -9999 -9999 -9999 -9999 -9999 -9999 -9999 4.31347E-1 2.04685E-1 4.42937E-1 3.9531E-1 3.74563E-1 4.47512E-1 4.01753E-1 2.94425E-1 3.2323E-1 4.93982E-1 4.79284E-1 4.09224E-1 3.71644E-1 2.71147E-1 3.0324E-1 1.67454E-1 4.40017E-1 2.85837E-1
1.9041E-1 1.90126E-1 1.81379E-1 1.77557E-1 1.8982E-1 9.06094E-2 2.14784E-1 1.57895E-1 1.18453E-1 1.43345E-1 1.56765E-1 2.15895E-1 1.91013E-1 2.70896E-1 2.446E-1 1.67566E-1 1.41247E-1 6.85741E-2 9.87013E-2 9.24944E-2 1.58659E-1 1.42846E-1 2.39609E-1 3.01194E-1 3.046E-1 2.19531E-1 2.07854E-1 1.73966E-1 1.36843E-1 1.24221E-1 2.72864E-1 1.90782E-1 -9999 -9999 -9999 -9999 -9999 -9999 -9999 -9999 -9999 3.48342E-1 3.56302E-1 4.12223E-1 4.74556E-1 5.25723E-1 5.46666E-1 6.00405E-1 4.42048E-1 3.54935E-1 3.23834E-1 3.05478E-1 4.23965E-1 4.35286E-1 4.27602E-1 4.10215E-1 3.71739E-1 3.58807E-1 5.18807E-1 4.54055E-1
2.09853E-1 2.10618E-1 2.08313E-1 1.9289E-1 1.87738E-1 2.64554E-1 1.78152E-1 1.76966E-1 1.27024E-1 1.63091E-1 1.63236E-1 2.15493E-1 2.56929E-1 2.59746E-1 2.69859E-1 1.57996E-1 8.66679E-2 1.95659E-2 7.37002E-2 1.01327E-1 1.57498E-1 2.91204E-1 3.15574E-1 3.43378E-1 3.12036E-1 2.28322E-1 2.35158E-1 1.74949E-1 1.49736E-1 1.22511E-1 1.95158E-1 2.32812E-1 -9999 -9999 -9999 -9999 -9999 -9999 -9999 -9999 2.28271E-1 2.49631E-1 3.31712E-1 3.6074E-1 1.92293E-1 2.73678E-1 2.16287E-1 5.08699E-1 1.57705E-1 2.75383E-1 3.46041E-1 3.67381E-1 6.04478E-1 5.29067E-1 5.00763E-1 4.19501E-1 2.68078E-1 2.76489E-1 3.58791E-1 5.05185E-1
2.14973E-1 2.25094E-1 2.32973E-1 2.18737E-1 2.25481E-1 2.66126E-1 1.75004E-1 2.58977E-1 1.57039E-1 1.79597E-1 2.15869E-1 1.78031E-1 1.05751E-1 1.67316E-1 9.08957E-2 1.6726E-1 1.23892E-1 5.83689E-2 9.20942E-2 1.36718E-1 3.55653E-1 3.57993E-1 3.27745E-1 2.69984E-1 2.61883E-1 2.18653E-1 2.30343E-1 1.68231E-1 1.087E-1 1.33363E-1 1.06087E-1 1.32889E-1 1.88958E-1 -9999 -9999 -9999 -9999 -9999 -9999 1.19001E-1 1.90187E-1 2.13541E-1 2.40125E-1 3.01355E-1 3.51015E-1 3.02671E-1 2.1033E-1 2.8896E-1 3.88175E-1 2.56051E-1 1.77953E-1 5.44665E-1 2.98677E-1 6.08658E-1 5.90587E-1 4.08934E-1 4.47637E-1 5.37647E-1 5.69574E-1 4.65696E-1
1.89779E-1 2.06027E-1 1.94708E-1 1.61281E-1 2.22451E-1 2.78827E-1 3.07141E-1 3.24539E-1 2.04889E-1 1.22229E-1 2.28448E-1 2.15742E-1 1.50743E-1 1.24208E-1 1.28484E-1 1.0677E-1 5.37585E-2 1.07363E-1 1.31385E-1 2.36098E-1 4.11974E-1 3.80992E-1 3.0248E-1 2.87634E-1 2.88212E-1 2.23406E-1 2.29559E-1 2.04545E-1 1.06939E-1 1.32334E-1 1.02678E-1 1.68231E-1 2.11773E-1 -9999 -9999 -9999 -9999 -9999 -9999 1.37356E-1 3.80877E-1 2.45833E-1 2.59181E-1 3.19916E-1 3.6719E-1 5.01838E-1 4.28474E-1 2.00375E-1 5.58679E-1 2.89477E-1 4.14939E-1 4.82559E-1 4.71028E-1 3.16621E-1 5.15627E-1 5.51376E-1 5.15794E-1 5.19741E-1 5.57412E-1 4.60436E-1
1.70548E-1 2.02789E-1 2.13208E-1 1.22435E-1 1.5822E-1 2.39176E-1 2.82736E-1 7.03874E-2 2.87893E-1 2.73231E-1 2.27825E-1 1.79763E-1 1.68246E-1 1.596E-1 1.06514E-1 9.34228E-2 1.45834E-1 2.07828E-1 7.06163E-2 2.89073E-1 4.34561E-1 4.00467E-1 3.5363E-1 2.78094E-1 2.70754E-1 2.03856E-1 1.57883E-1 1.58174E-1 7.37422E-2 7.08912E-2 9.60162E-2 1.15757E-1 2.23759E-1 1.27851E-1 -9999 -9999 -9999 1.63554E-1 1.68837E-1 1.96794E-1 2.37487E-1 2.4185E-1 3.6367E-1 2.53301E-1 4.761E-1 4.55707E-1 6.37148E-1 4.01658E-1 5.56848E-1 3.4121E-1 4.18084E-1 4.67587E-1 4.79134E-1 2.85718E-1 5.99111E-1 3.89468E-1 3.80806E-1 5.34016E-1 5.90022E-1 5.56306E-1
1.7074E-1 2.08227E-1 2.42279E-1 2.18234E-1 1.43851E-1 2.10678E-1 1.74858E-1 1.81932E-1 3.37859E-1 2.33683E-1 1.07556E-1 1.21568E-1 1.07667E-1 1.16748E-1 1.29699E-1 1.21817E-1 1.70047E-1 2.77182E-1 3.54539E-1 1.90507E-1 4.08882E-1 3.65572E-1 2.634E-1 2.18873E-1 1.58128E-1 1.58196E-1 1.39082E-1 1.29471E-1 1.10702E-1 1.97682E-1 2.70611E-1 1.07006E-1 8.17594E-2 8.93166E-2 1.02727E-1 1.91718E-1 2.68571E-1 3.16879E-1 2.18922E-1 4.84812E-1 5.23182E-1 5.34382E-1 5.15719E-1 5.97306E-1 3.57909E-1 6.38771E-1 4.07389E-1 4.18219E-1 4.88969E-1 3.31915E-1 4.40441E-1 4.42648E-1 4.66693E-1 3.76996E-1 4.71705E-1 3.63044E-1 5.28757E-1 5.88837E-1 4.63188E-1 5.11424E-1
1.07843E-1 1.96514E-1 2.39023E-1 2.48752E-1 2.53356E-1 3.25591E-1 3.13632E-1 1.84197E-1 3.15162E-1 2.20525E-1 1.07122E-1 1.60178E-1 1.04258E-1 1.28936E-1 1.38039E-1 1.25362E-1 1.52833E-1 1.68616E-1 2.92717E-1 3.01103E-1 3.87291E-1 2.81008E-1 2.36027E-1 1.86655E-1 1.34933E-1 1.23209E-1 1.00111E-1 1.49148E-1 1.2717E-1 1.01416E-1 2.60197E-1 1.09915E-1 8.53187E-2 1.49685E-1 1.13521E-1 2.05612E-1 2.7818E-1 3.29862E-1 4.21354E-1 5.5096E-1 4.70652E-1 5.71593E-1 5.45585E-1 5.59418E-1 3.86895E-1 2.52782E-1 3.06029E-1 3.05379E-1 3.69738E-1 3.2846E-1 3.93704E-1 3.86821E-1 4.40079E-1 5.01704E-1 2.24455E-1 2.4951E-1 5.53594E-1 5.9749E-1 5.61971E-1 2.80486E-1
