Phytophthora/models/20240429_1812_56/Phytophthora_PA2_RUN8_MAXENT_outputs/Phytophthora_PA2_RUN8.asc
ncols         225
nrows         269
xllcorner     473000.0
yllcorner     4429100.0
cellsize      50.0
NODATA_value  -9999
[rows 162 to 188 of 269, columns 60 to 119 of 225]
3.47478E-1 1.49729E-1 2.76228E-1 2.37052E-1 4.02941E-1 4.3141E-1 5.03618E-1 4.98868E-1 3.94229E-1 3.92527E-1 4.47669E-1 4.08453E-1 5.33347E-1 4.81084E-1 6.47008E-1 4.91874E-1 6.81931E-1 6.49859E-1 6.49741E-1 6.52322E-1 6.35661E-1 6.48188E-1 6.58382E-1 4.25982E-1 7.12006E-1 7.07497E-1 6.38412E-1 5.87847E-1 7.02877E-1 6.48098E-1 5.52277E-1 5.80122E-1 6.34951E-1 6.3545E-1 6.42865E-1 6.42904E-1 6.28938E-1 6.06861E-1 5.55064E-1 5.75351E-1 5.22812E-1 5.07499E-1 3.72293E-1 5.13286E-1 4.8947E-1 4.44871E-1 4.01177E-1 3.47426E-1 3.29577E-1 2.64225E-1 1.35073E-1 1.68535E-1 2.22478E-1 2.04024E-1 1.63852E-1 2.10951E-1 2.42275E-1 3.31376E-1 2.61299E-1 5.30629E-1
1.70539E-1 3.76022E-1 4.55069E-1 3.84048E-1 3.8357E-1 3.09006E-1 2.3589E-1 2.85083E-1 3.85241E-1 3.89915E-1 4.33601E-1 4.02936E-1 5.69588E-1 6.10178E-1 6.21712E-1 5.78044E-1 6.92599E-1 6.52565E-1 6.20738E-1 6.22304E-1 6.0263E-1 6.08684E-1 6.57547E-1 6.88803E-1 6.65656E-1 6.8032E-1 5.14191E-1 6.48307E-1 6.90286E-1 6.37405E-1 6.29275E-1 6.05811E-1 5.81714E-1 5.23806E-1 5.81424E-1 6.10771E-1 6.21708E-1 6.48842E-1 6.60659E-1 6.57466E-1 3.51914E-1 5.69332E-1 5.41018E-1 5.27589E-1 5.01482E-1 5.18966E-1 5.02973E-1 4.84647E-1 4.30421E-1 3.24196E-1 1.64941E-1 1.87947E-1 1.60775E-1 1.63191E-1 2.18908E-1 2.46762E-1 2.76574E-1 3.5661E-1 5.16919E-1 5.4464E-1
4.55179E-1 4.61151E-1 2.85225E-1 2.97557E-1 4.54479E-1 3.76861E-1 3.26586E-1 3.39409E-1 4.87046E-1 2.05481E-1 4.27138E-1 3.68391E-1 4.2399E-1 5.4076E-1 5.13039E-1 -9999 6.3183E-1 4.40063E-1 6.19683E-1 6.08224E-1 5.70805E-1 5.87896E-1 5.12535E-1 6.97104E-1 6.60985E-1 6.8226E-1 7.15479E-1 6.38134E-1 7.09231E-1 6.48377E-1 6.32423E-1 5.98736E-1 5.8557E-1 5.79282E-1 6.13146E-1 6.5922E-1 6.7973E-1 7.00992E-1 7.12619E-1 7.05636E-1 6.15347E-1 5.32117E-1 4.68679E-1 4.49664E-1 4.40447E-1 4.68483E-1 4.68961E-1 4.33925E-1 3.72736E-1 2.65819E-1 1.44305E-1 1.56773E-1 2.6217E-1 3.54458E-1 3.56475E-1 2.93332E-1 3.32861E-1 5.13285E-1 5.48726E-1 4.04906E-1
4.04489E-1 4.28943E-1 4.90178E-1 5.37659E-1 4.30118E-1 3.89236E-1 3.69461E-1 2.92483E-1 3.23294E-1 3.63271E-1 5.30855E-1 4.60124E-1 3.51883E-1 3.86009E-1 3.60419E-1 5.27916E-1 4.36621E-1 5.18741E-1 6.65989E-1 6.46683E-1 5.93819E-1 5.87245E-1 6.73174E-1 6.85304E-1 6.66707E-1 6.85597E-1 7.05217E-1 5.54972E-1 7.05873E-1 6.5462E-1 6.54087E-1 6.4538E-1 5.06523E-1 6.07024E-1 6.32352E-1 6.81029E-1 7.09006E-1 7.35985E-1 6.59683E-1 7.20755E-1 6.09411E-1 5.56078E-1 4.86434E-1 4.53104E-1 4.40962E-1 4.61127E-1 4.50792E-1 4.05833E-1 3.44913E-1 2.67145E-1 1.81008E-1 2.76697E-1 3.06104E-1 2.47419E-1 3.10415E-1 3.02317E-1 5.13435E-1 4.59618E-1 5.43089E-1 5.19214E-1
4.1257E-1 4.44906E-1 4.84917E-1 5.02907E-1 4.73357E-1 4.08014E-1 3.69343E-1 3.05238E-1 3.19897E-1 4.1952E-1 6.40049E-1 6.15476E-1 5.96594E-1 5.72401E-1 5.95837E-1 5.99427E-1 5.31159E-1 7.71782E-1 8.08484E-1 7.78565E-1 6.91987E-1 6.37255E-1 5.32852E-1 5.06063E-1 7.39154E-1 5.69451E-1 6.31794E-1 6.48928E-1 6.68186E-1 6.51318E-1 6.53281E-1 6.53685E-1 6.19557E-1 5.83807E-1 5.79565E-1 5.53971E-1 5.89933E-1 6.17261E-1 5.68683E-1 5.22372E-1 5.76265E-1 5.71238E-1 5.24635E-1 4.73773E-1 4.45993E-1 4.41772E-1 4.29502E-1 3.71878E-1 3.27812E-1 2.79981E-1 2.29839E-1 2.48371E-1 2.93795E-1 3.50659E-1 5.16909E-1 5.45192E-1 5.78124E-1 5.40155E-1 4.43176E-1 4.91218E-1
4.32811E-1 4.65223E-1 4.8542E-1 4.82968E-1 5.12718E-1 4.85893E-1 4.2428E-1 3.3929E-1 3.31758E-1 4.57863E-1 4.89361E-1 6.47821E-1 6.44045E-1 6.23225E-1 6.58353E-1 8.11788E-1 8.04132E-1 8.11784E-1 8.32339E-1 8.08184E-1 6.661E-1 4.95514E-1 5.10848E-1 7.32698E-1 7.51317E-1 5.28491E-1 5.84595E-1 6.35649E-1 5.85015E-1 6.76719E-1 6.24308E-1 4.95666E-1 5.71567E-1 5.82663E-1 5.71952E-1 5.34783E-1 5.57937E-1 3.99848E-1 5.24467E-1 5.10833E-1 5.87754E-1 5.65812E-1 5.30238E-1 4.80771E-1 4.46691E-1 3.96043E-1 3.54995E-1 3.07949E-1 2.99867E-1 2.52362E-1 2.3561E-1 3.66266E-1 4.09139E-1 5.0495E-1 5.6178E-1 4.12058E-1 4.86279E-1 3.57447E-1 2.89489E-1 2.34538E-1
4.66034E-1 5.07065E-1 5.20414E-1 5.09443E-1 5.30838E-1 5.06272E-1 4.55689E-1 3.59093E-1 3.35713E-1 4.72453E-1 5.8889E-1 6.45144E-1 6.57179E-1 5.35946E-1 6.63488E-1 8.17055E-1 8.46638E-1 6.4798E-1 8.51792E-1 8.32614E-1 7.22127E-1 5.47182E-1 5.11859E-1 6.93765E-1 7.34954E-1 4.14572E-1 5.47956E-1 6.31495E-1 6.62798E-1 6.00958E-1 6.53029E-1 4.31862E-1 6.02889E-1 5.88468E-1 5.77599E-1 5.2152E-1 2.92629E-1 4.56755E-1 4.73585E-1 4.85023E-1 5.94397E-1 5.4879E-1 5.18688E-1 4.40202E-1 3.63158E-1 2.98369E-1 2.5179E-1 2.50759E-1 2.59444E-1 2.99288E-1 2.76979E-1 4.31861E-1 4.74109E-1 5.28749E-1 2.56625E-1 5.58735E-1 2.79024E-1 3.24352E-1 2.27599E-1 2.30151E-1
5.10103E-1 5.5974E-1 5.48E-1 5.34661E-1 5.58359E-1 3.09559E-1 2.94076E-1 2.08378E-1 3.67137E-1 5.39826E-1 6.29291E-1 6.43677E-1 6.52253E-1 3.8772E-1 4.67267E-1 6.21762E-1 7.37518E-1 8.26377E-1 7.61304E-1 8.01204E-1 5.90689E-1 5.61646E-1 5.43446E-1 5.2467E-1 6.1415E-1 3.90529E-1 4.84015E-1 6.17018E-1 6.31508E-1 6.39755E-1 6.92217E-1 6.37341E-1 5.49555E-1 3.59085E-1 5.82429E-1 5.37972E-1 3.55605E-1 4.68798E-1 4.28256E-1 5.56148E-1 6.08482E-1 5.68247E-1 4.97731E-1 4.02109E-1 3.49661E-1 2.63928E-1 2.52031E-1 2.7518E-1 3.72381E-1 4.59471E-1 4.14292E-1 4.73079E-1 5.17437E-1 4.08868E-1 6.30935E-1 4.57439E-1 3.39275E-1 3.49995E-1 2.52457E-1 3.89106E-1
5.02923E-1 5.18285E-1 4.31785E-1 5.02765E-1 3.90396E-1 4.44915E-1 3.94999E-1 3.39309E-1 3.59086E-1 4.85008E-1 6.19627E-1 6.33438E-1 6.08613E-1 3.80514E-1 4.94706E-1 7.43505E-1 7.21297E-1 6.67682E-1 7.23106E-1 6.50635E-1 5.87532E-1 4.78231E-1 4.12751E-1 6.1494E-1 7.11335E-1 4.61676E-1 6.26657E-1 6.60911E-1 3.36436E-1 5.95881E-1 5.64305E-1 5.80822E-1 6.38592E-1 6.38587E-1 4.49981E-1 3.84011E-1 5.70445E-1 5.99985E-1 5.96014E-1 5.77237E-1 6.22661E-1 5.8955E-1 5.432E-1 4.90382E-1 4.3987E-1 3.04477E-1 2.84167E-1 2.82427E-1 3.45605E-1 4.73381E-1 4.66714E-1 5.06864E-1 5.42651E-1 4.88778E-1 5.73231E-1 5.18356E-1 4.28935E-1 3.63631E-1 2.75486E-1 3.37083E-1
6.88146E-1 6.91845E-1 6.89197E-1 5.02395E-1 4.18468E-1 5.8103E-1 5.12943E-1 5.26405E-1 5.59254E-1 6.21712E-1 5.91673E-1 4.448E-1 6.02754E-1 5.51524E-1 4.28491E-1 6.96031E-1 5.71247E-1 5.60575E-1 5.9993E-1 6.09337E-1 3.04584E-1 5.95463E-1 6.59922E-1 5.89069E-1 6.79529E-1 2.9869E-1 4.79525E-1 6.42363E-1 5.47453E-1 4.59957E-1 3.26992E-1 4.90982E-1 5.79047E-1 6.00819E-1 6.27751E-1 6.45304E-1 6.04524E-1 6.0575E-1 6.05746E-1 5.39997E-1 5.90059E-1 5.37292E-1 4.90149E-1 4.5225E-1 3.89607E-1 2.85482E-1 2.07353E-1 2.29886E-1 1.97804E-1 3.15066E-1 4.1262E-1 4.93802E-1 5.46159E-1 5.84517E-1 5.50473E-1 5.30314E-1 4.9329E-1 3.80255E-1 3.09992E-1 3.55953E-1
4.42987E-1 5.48492E-1 6.29494E-1 2.93493E-1 6.35767E-1 5.00634E-1 5.55962E-1 5.72271E-1 5.88861E-1 6.08899E-1 5.4768E-1 4.4935E-1 6.35079E-1 3.23163E-1 4.69794E-1 5.4655E-1 6.36573E-1 4.68653E-1 6.20641E-1 6.21067E-1 5.69164E-1 6.26215E-1 6.92832E-1 5.20068E-1 5.82638E-1 4.24082E-1 5.68187E-1 5.67829E-1 5.59991E-1 5.34582E-1 5.58512E-1 5.99361E-1 5.81133E-1 5.99507E-1 6.21063E-1 5.95067E-1 5.55859E-1 5.3992E-1 5.83201E-1 6.0331E-1 6.10018E-1 5.28782E-1 5.00931E-1 4.6665E-1 4.37387E-1 3.29712E-1 2.04644E-1 3.66613E-1 2.31512E-1 2.79191E-1 3.9727E-1 4.57538E-1 5.19707E-1 5.21057E-1 5.50832E-1 5.26955E-1 4.3347E-1 5.15749E-1 4.82728E-1 4.08047E-1
5.75977E-1 5.70016E-1 4.98587E-1 5.43835E-1 4.81506E-1 4.91626E-1 5.65231E-1 5.4626E-1 5.78534E-1 5.83167E-1 5.30687E-1 3.98657E-1 5.2993E-1 2.62722E-1 3.73632E-1 5.3039E-1 7.01468E-1 6.42519E-1 6.08574E-1 6.08303E-1 5.32174E-1 5.11557E-1 5.98209E-1 6.76915E-1 2.78595E-1 5.30327E-1 2.84683E-1 5.0853E-1 5.27879E-1 4.98161E-1 5.31023E-1 5.06887E-1 5.2824E-1 5.6072E-1 5.2661E-1 5.7704E-1 5.2283E-1 4.89935E-1 5.51219E-1 5.68901E-1 5.54683E-1 5.03993E-1 4.72121E-1 4.47909E-1 4.22137E-1 2.58873E-1 2.1733E-1 2.11394E-1 2.951E-1 2.38247E-1 3.12099E-1 4.32772E-1 4.78648E-1 4.08917E-1 5.37598E-1 5.40668E-1 3.4504E-1 5.44236E-1 4.83753E-1 2.69874E-1
3.5248E-1 3.20669E-1 4.41403E-1 4.21085E-1 4.20042E-1 4.78123E-1 5.42399E-1 5.4944E-1 5.63512E-1 5.79867E-1 5.26954E-1 5.09265E-1 4.75998E-1 2.47617E-1 3.21661E-1 6.97152E-1 7.61147E-1 6.89258E-1 6.70232E-1 6.88718E-1 5.78345E-1 6.25666E-1 6.19847E-1 5.29255E-1 4.76775E-1 5.53065E-1 5.59689E-1 5.39208E-1 4.91153E-1 4.5284E-1 4.82101E-1 4.92922E-1 4.99389E-1 4.73666E-1 4.98997E-1 4.98704E-1 4.46427E-1 4.24529E-1 5.52444E-1 5.6514E-1 5.66365E-1 5.25853E-1 4.9937E-1 4.48449E-1 4.08325E-1 3.20349E-1 2.52961E-1 2.63918E-1 3.99063E-1 2.51404E-1 2.97845E-1 4.14854E-1 4.71016E-1 3.10043E-1 5.45221E-1 3.37933E-1 5.74548E-1 5.37001E-1 3.7163E-1 2.72785E-1
4.41901E-1 6.3296E-1 4.63535E-1 4.7439E-1 5.61219E-1 5.72234E-1 5.65671E-1 5.47594E-1 5.65741E-1 5.59278E-1 5.36029E-1 5.82794E-1 6.04601E-1 4.17745E-1 4.69086E-1 6.20846E-1 5.93257E-1 6.11779E-1 7.17577E-1 7.09347E-1 6.53236E-1 6.59853E-1 6.54474E-1 2.86415E-1 5.48798E-1 5.40644E-1 5.4509E-1 3.79114E-1 5.10797E-1 4.53754E-1 4.33841E-1 4.28622E-1 4.26034E-1 3.47435E-1 2.59167E-1 2.38688E-1 2.2607E-1 2.8627E-1 3.44238E-1 5.16208E-1 5.2614E-1 5.04865E-1 4.58609E-1 3.80137E-1 3.40203E-1 2.69028E-1 2.51111E-1 2.24228E-1 3.10215E-1 2.90024E-1 3.07059E-1 3.95072E-1 4.80618E-1 1.10399E-1 4.62586E-1 4.28121E-1 4.78525E-1 4.04344E-1 3.35519E-1 2.75818E-1
5.132E-1 6.24462E-1 5.47682E-1 4.66774E-1 6.07692E-1 5.98456E-1 6.05491E-1 5.83252E-1 5.76159E-1 5.61852E-1 5.76804E-1 6.16326E-1 6.42657E-1 5.09518E-1 5.29413E-1 5.37396E-1 4.98174E-1 4.8803E-1 5.4037E-1 6.81652E-1 7.14535E-1 6.06819E-1 6.72446E-1 -9999 6.39931E-1 6.24276E-1 6.34179E-1 6.33151E-1 5.64009E-1 5.8925E-1 5.13112E-1 4.0701E-1 4.61724E-1 3.88528E-1 2.73312E-1 3.75804E-1 5.21036E-1 5.0334E-1 5.43022E-1 5.78465E-1 5.32715E-1 4.88711E-1 4.53646E-1 4.07171E-1 3.73899E-1 2.47423E-1 2.34994E-1 2.27541E-1 2.74899E-1 4.10112E-1 4.79055E-1 5.15263E-1 5.35815E-1 2.80955E-1 3.21305E-1 3.50324E-1 2.70495E-1 4.07678E-1 4.87096E-1 3.70795E-1
5.05249E-1 5.12523E-1 2.61238E-1 5.14342E-1 5.80913E-1 6.18348E-1 6.42476E-1 6.16915E-1 5.6075E-1 5.19354E-1 4.98131E-1 4.50748E-1 4.16285E-1 6.10598E-1 4.76548E-1 4.3785E-1 5.22751E-1 5.35328E-1 6.68679E-1 7.10497E-1 6.10728E-1 7.45224E-1 4.44956E-1 6.70564E-1 6.55319E-1 5.77116E-1 5.46722E-1 5.3443E-1 5.86919E-1 5.61391E-1 4.72339E-1 4.25831E-1 3.17828E-1 2.63664E-1 2.23936E-1 5.34753E-1 -9999 -9999 6.15714E-1 6.2058E-1 5.48694E-1 5.14998E-1 4.82037E-1 4.30347E-1 3.15676E-1 2.50775E-1 2.39689E-1 2.68473E-1 3.18151E-1 3.92001E-1 4.58904E-1 5.3791E-1 5.65432E-1 3.83004E-1 3.76756E-1 4.22561E-1 4.12625E-1 5.00587E-1 5.74275E-1 3.92984E-1
4.91903E-1 4.60692E-1 5.04886E-1 5.75232E-1 6.01302E-1 6.52282E-1 6.6772E-1 6.44078E-1 5.43263E-1 5.16679E-1 5.13403E-1 5.09569E-1 3.7776E-1 5.59663E-1 6.70562E-1 6.97912E-1 5.10746E-1 5.19714E-1 6.13024E-1 5.76237E-1 7.14656E-1 7.25866E-1 7.35328E-1 7.22033E-1 6.51162E-1 5.69844E-1 5.84526E-1 5.68723E-1 6.09481E-1 5.77436E-1 4.47423E-1 4.00221E-1 3.2718E-1 2.65231E-1 4.18644E-1 5.56314E-1 6.95505E-1 3.8824E-1 6.98026E-1 6.59579E-1 5.97214E-1 5.58832E-1 5.17407E-1 4.22904E-1 2.44251E-1 2.47679E-1 1.93364E-1 3.77369E-1 4.28871E-1 4.77273E-1 5.21036E-1 5.69622E-1 6.42623E-1 6.26162E-1 5.45972E-1 4.95409E-1 4.4673E-1 4.96842E-1 5.94328E-1 5.64007E-1
5.54223E-1 4.73717E-1 4.86724E-1 6.38533E-1 5.2643E-1 6.98946E-1 6.53601E-1 4.90252E-1 5.73654E-1 6.2141E-1 6.0759E-1 4.5379E-1 5.18966E-1 4.5538E-1 5.96427E-1 6.28411E-1 5.15376E-1 6.05587E-1 6.35409E-1 7.17281E-1 7.08265E-1 7.14981E-1 5.88865E-1 7.16135E-1 6.34119E-1 5.61362E-1 5.86016E-1 6.00986E-1 5.36364E-1 5.8181E-1 4.58224E-1 4.38506E-1 3.60361E-1 3.15265E-1 4.64523E-1 6.26234E-1 4.86086E-1 4.72408E-1 7.30805E-1 6.83892E-1 6.1498E-1 5.71199E-1 5.25948E-1 3.57077E-1 2.5167E-1 3.09726E-1 2.10771E-1 3.14689E-1 3.85966E-1 4.97361E-1 5.4139E-1 5.77198E-1 5.17317E-1 6.09768E-1 5.18571E-1 4.22318E-1 4.06986E-1 3.22343E-1 5.81096E-1 5.68287E-1
5.4507E-1 4.68442E-1 5.29207E-1 6.5316E-1 7.26891E-1 6.75063E-1 5.98698E-1 4.04692E-1 5.89676E-1 6.74594E-1 6.44104E-1 6.25669E-1 4.84965E-1 4.40659E-1 3.93595E-1 4.22113E-1 4.91188E-1 5.75786E-1 6.82794E-1 6.96256E-1 7.15114E-1 7.06994E-1 6.09161E-1 6.52063E-1 6.13778E-1 6.05346E-1 6.52309E-1 6.54524E-1 6.51165E-1 6.0068E-1 5.63772E-1 5.3586E-1 3.92115E-1 3.55755E-1 3.34591E-1 5.16746E-1 5.62058E-1 7.0569E-1 7.43462E-1 5.93328E-1 6.40582E-1 5.86694E-1 5.47034E-1 3.80243E-1 2.77542E-1 2.01157E-1 2.65443E-1 4.17993E-1 4.6749E-1 5.21395E-1 5.74675E-1 6.17537E-1 3.50791E-1 5.17471E-1 3.90897E-1 3.73618E-1 4.24601E-1 5.20035E-1 3.38017E-1 5.50199E-1
5.1267E-1 4.72291E-1 5.81114E-1 6.90809E-1 7.20514E-1 6.99556E-1 5.55961E-1 6.00499E-1 6.26531E-1 7.08649E-1 6.81288E-1 6.15613E-1 4.9385E-1 4.67501E-1 4.19178E-1 5.08485E-1 5.69344E-1 5.67765E-1 6.59303E-1 6.80057E-1 6.85957E-1 6.85155E-1 7.17435E-1 6.74203E-1 6.8481E-1 6.73765E-1 6.9266E-1 6.57991E-1 6.40468E-1 6.13603E-1 4.60198E-1 5.15303E-1 4.3028E-1 4.16641E-1 3.33545E-1 4.0251E-1 5.2901E-1 6.71943E-1 7.13373E-1 5.43675E-1 6.17839E-1 5.43583E-1 5.31142E-1 3.2432E-1 2.53096E-1 2.08111E-1 2.84756E-1 3.782E-1 4.65919E-1 5.30728E-1 5.88835E-1 6.41235E-1 2.24372E-1 5.01474E-1 4.23247E-1 4.65805E-1 4.69873E-1 3.30183E-1 5.72323E-1 3.90231E-1
5.32626E-1 4.70765E-1 5.13423E-1 6.31074E-1 6.86001E-1 5.53579E-1 5.83851E-1 5.7273E-1 7.19098E-1 5.66403E-1 6.7028E-1 5.85863E-1 5.05375E-1 5.01954E-1 4.49363E-1 5.07876E-1 5.75791E-1 6.12152E-1 6.38628E-1 6.20487E-1 5.8645E-1 5.93868E-1 5.97469E-1 4.87353E-1 6.88117E-1 6.49468E-1 6.62869E-1 6.42878E-1 6.32908E-1 6.16114E-1 3.24019E-1 3.78393E-1 3.30178E-1 3.67555E-1 3.31714E-1 4.49928E-1 5.73334E-1 6.764E-1 7.11438E-1 6.42384E-1 6.05861E-1 5.76191E-1 5.25068E-1 3.23705E-1 2.72966E-1 2.82992E-1 3.19434E-1 4.09726E-1 4.65403E-1 5.37889E-1 6.07839E-1 4.97024E-1 4.00889E-1 5.6284E-1 4.96062E-1 5.40251E-1 5.21487E-1 3.5513E-1 4.11764E-1 4.39798E-1
5.78374E-1 4.89333E-1 5.25837E-1 6.42664E-1 6.04269E-1 6.43025E-1 6.98313E-1 7.35916E-1 6.65211E-1 7.45082E-1 6.69944E-1 6.3781E-1 5.41784E-1 5.20054E-1 4.74977E-1 5.47799E-1 6.04077E-1 5.84753E-1 4.78305E-1 3.87682E-1 4.50674E-1 4.70727E-1 5.36983E-1 4.43393E-1 6.85001E-1 6.49591E-1 6.72365E-1 6.61011E-1 6.46067E-1 6.24926E-1 3.89375E-1 3.30363E-1 5.06474E-1 5.30056E-1 4.09793E-1 6.03638E-1 6.45098E-1 6.72106E-1 7.03185E-1 6.13253E-1 5.86123E-1 5.60835E-1 4.83236E-1 3.39352E-1 3.24884E-1 4.01577E-1 3.64158E-1 4.68484E-1 4.06644E-1 5.4842E-1 6.01951E-1 6.13806E-1 5.20855E-1 5.72921E-1 4.76776E-1 5.84092E-1 5.36117E-1 2.80302E-1 4.68485E-1 3.94698E-1
6.2115E-1 5.77557E-1 5.6817E-1 5.381E-1 5.52605E-1 5.5981E-1 7.45268E-1 5.51225E-1 7.49599E-1 7.26663E-1 6.59422E-1 6.13597E-1 5.49906E-1 5.33389E-1 4.82956E-1 5.18083E-1 5.38056E-1 3.8036E-1 4.19995E-1 3.98639E-1 3.78188E-1 4.51572E-1 5.47804E-1 6.02888E-1 6.95058E-1 6.7862E-1 6.78579E-1 6.19471E-1 6.31274E-1 5.56243E-1 5.0117E-1 3.5076E-1 5.6474E-1 5.43844E-1 3.66496E-1 5.33519E-1 6.59184E-1 6.80931E-1 3.44861E-1 6.01055E-1 5.72086E-1 5.44631E-1 4.6675E-1 3.68077E-1 3.64774E-1 4.58979E-1 4.95716E-1 5.23013E-1 4.68433E-1 5.72411E-1 5.98541E-1 5.85318E-1 5.66489E-1 5.1939E-1 5.3494E-1 5.37826E-1 4.01427E-1 4.41493E-1 6.43506E-1 5.70698E-1
4.47758E-1 6.77059E-1 6.55677E-1 5.27844E-1 5.19183E-1 7.28357E-1 7.7431E-1 7.59379E-1 7.17854E-1 7.10824E-1 6.31479E-1 4.65806E-1 4.54632E-1 5.28247E-1 4.85683E-1 4.88356E-1 3.52736E-1 5.84163E-1 -9999 5.25173E-1 3.23186E-1 3.89869E-1 4.30583E-1 3.92508E-1 6.90089E-1 6.52351E-1 6.38461E-1 6.38384E-1 6.12083E-1 5.54454E-1 3.35387E-1 3.47199E-1 4.82098E-1 3.64427E-1 4.52412E-1 5.53816E-1 6.32226E-1 6.40576E-1 6.72297E-1 4.19485E-1 6.24899E-1 5.29145E-1 4.89677E-1 3.99821E-1 4.89711E-1 5.04858E-1 5.45088E-1 5.61446E-1 3.96265E-1 3.96683E-1 5.71091E-1 5.5622E-1 5.22413E-1 3.36794E-1 5.74324E-1 6.36042E-1 3.93861E-1 4.72076E-1 6.55297E-1 6.06843E-1
3.11872E-1 6.2367E-1 6.25601E-1 5.12001E-1 5.91059E-1 6.95032E-1 7.05063E-1 6.54629E-1 6.52613E-1 6.483E-1 5.86313E-1 4.74733E-1 3.52541E-1 4.38963E-1 5.21882E-1 5.78305E-1 -9999 -9999 5.48431E-1 4.85108E-1 4.11971E-1 3.37818E-1 3.91712E-1 1.76854E-1 6.52825E-1 5.99257E-1 6.05616E-1 6.20388E-1 4.85523E-1 3.65605E-1 3.52283E-1 5.07009E-1 4.48197E-1 4.84892E-1 5.13215E-1 4.40817E-1 5.14865E-1 4.70317E-1 4.49421E-1 3.74692E-1 5.45854E-1 3.61452E-1 4.41867E-1 2.4786E-1 2.85904E-1 5.01457E-1 5.87018E-1 6.26057E-1 4.8596E-1 5.22319E-1 4.99888E-1 5.7147E-1 5.51116E-1 3.68005E-1 5.97734E-1 5.34912E-1 4.81625E-1 4.03718E-1 6.34593E-1 5.74352E-1
5.4787E-1 2.8783E-1 6.13979E-1 5.33734E-1 6.80075E-1 6.77843E-1 6.59489E-1 5.762E-1 6.44798E-1 6.32688E-1 5.71409E-1 5.23076E-1 3.97867E-1 3.73349E-1 3.37998E-1 4.44918E-1 4.76457E-1 4.18172E-1 3.2178E-1 3.55722E-1 3.80984E-1 4.25367E-1 4.70465E-1 6.66768E-1 6.50251E-1 5.63211E-1 5.76601E-1 5.75163E-1 4.16652E-1 4.35764E-1 5.61635E-1 4.16874E-1 5.50234E-1 5.13634E-1 6.46219E-1 5.38431E-1 5.39319E-1 5.62837E-1 4.40383E-1 6.03866E-1 5.683E-1 3.97157E-1 4.7053E-1 3.67012E-1 3.00073E-1 4.74859E-1 5.60662E-1 6.28259E-1 6.15907E-1 6.25809E-1 5.43342E-1 5.5049E-1 5.72475E-1 3.47276E-1 6.10584E-1 5.84329E-1 5.49543E-1 4.21617E-1 4.12054E-1 4.52594E-1
5.81518E-1 6.37044E-1 6.75379E-1 6.39799E-1 6.88127E-1 6.56869E-1 6.03118E-1 5.38013E-1 6.00849E-1 6.28219E-1 6.41758E-1 5.98006E-1 5.2242E-1 5.49332E-1 4.6797E-1 4.85017E-1 3.94621E-1 4.4085E-1 4.67791E-1 4.90575E-1 4.00499E-1 4.15461E-1 5.47701E-1 5.51888E-1 5.79999E-1 4.82723E-1 4.8262E-1 4.95652E-1 4.21869E-1 3.76535E-1 4.36428E-1 4.1864E-1 5.24706E-1 5.51516E-1 6.43046E-1 5.33143E-1 5.21714E-1 5.49085E-1 6.05787E-1 6.13084E-1 5.75168E-1 2.98614E-1 3.9388E-1 5.16679E-1 3.31147E-1 5.18161E-1 4.79725E-1 3.21335E-1 5.14496E-1 5.4241E-1 5.32368E-1 3.95685E-1 4.8996E-1 4.32671E-1 6.16223E-1 4.46101E-1 5.70544E-1 4.64863E-1 4.65176E-1 5.43825E-1
