Phytophthora/models/20240429_1812_56/Phytophthora_PA2_RUN8_MAXENT_outputs/Phytophthora_PA2_RUN8.asc
ncols         225
nrows         269
xllcorner     473000.0
yllcorner     4429100.0
cellsize      50.0
NODATA_value  -9999
[rows 216 to 242 of 269, columns 120 to 179 of 225]
4.43226E-1 4.01363E-1 3.62207E-1 3.25744E-1 3.15403E-1 3.07865E-1 2.2252E-1 1.50378E-1 2.35458E-1 1.01033E-1 8.54478E-2 8.36684E-2 1.21415E-1 1.65592E-1 1.17394E-1 2.90302E-1 3.99547E-1 3.66717E-1 3.47501E-1 3.48984E-1 4.67516E-1 5.12791E-1 4.99805E-1 5.02714E-1 4.94882E-1 4.00038E-1 4.09534E-1 3.95489E-1 3.49567E-1 2.44396E-1 3.71918E-1 3.73963E-1 5.63181E-1 6.00681E-1 6.44462E-1 4.82153E-1 6.3672E-1 5.2588E-1 4.57158E-1 3.37087E-1 2.63127E-1 3.83939E-1 4.3494E-1 3.83718E-1 4.68783E-1 4.02501E-1 3.788E-1 3.49892E-1 3.20217E-1 2.94404E-1 2.52135E-1 2.0363E-1 1.89783E-1 1.68153E-1 2.31594E-1 1.83701E-1 2.94698E-1 2.77242E-1 2.86884E-1 2.61186E-1
4.1794E-1 3.67429E-1 3.0244E-1 3.32052E-1 2.98964E-1 2.9847E-1 2.45717E-1 1.86361E-1 1.59757E-1 2.44507E-1 1.63025E-1 2.03947E-1 9.54011E-2 1.46123E-1 1.29917E-1 3.11675E-1 2.19175E-1 2.34164E-1 3.74278E-1 3.41057E-1 3.58263E-1 4.52016E-1 4.69792E-1 4.94164E-1 4.93112E-1 4.23914E-1 2.67155E-1 3.86175E-1 3.16095E-1 2.63811E-1 3.90714E-1 4.94494E-1 6.02863E-1 6.27462E-1 5.04983E-1 6.48657E-1 5.97404E-1 3.76555E-1 5.82335E-1 4.04113E-1 3.89827E-1 4.90308E-1 3.89471E-1 4.90871E-1 4.95009E-1 4.12538E-1 3.92878E-1 3.6109E-1 3.29528E-1 3.01479E-1 2.37649E-1 2.03913E-1 1.97014E-1 1.90712E-1 8.34047E-2 3.10573E-1 2.75129E-1 3.05655E-1 3.30098E-1 3.88313E-1
5.08528E-1 4.41203E-1 4.04463E-1 3.81688E-1 3.48532E-1 3.41059E-1 3.18039E-1 2.37463E-1 1.59947E-1 1.97968E-1 1.68023E-1 2.29608E-1 1.96083E-1 1.61186E-1 2.17672E-1 1.72097E-1 2.03245E-1 2.52352E-1 3.60574E-1 3.65353E-1 3.7358E-1 3.83598E-1 4.63372E-1 4.87891E-1 4.76497E-1 4.16401E-1 4.22976E-1 3.59217E-1 2.87302E-1 2.14257E-1 4.48007E-1 5.70201E-1 5.77679E-1 6.4003E-1 6.27288E-1 5.8515E-1 4.56576E-1 4.04531E-1 5.5012E-1 3.73002E-1 3.29659E-1 4.39391E-1 4.9449E-1 2.98032E-1 4.88423E-1 3.86678E-1 3.97665E-1 3.65381E-1 3.33892E-1 2.82679E-1 2.0331E-1 1.90684E-1 1.9964E-1 7.41951E-2 2.29936E-1 2.5824E-1 2.93894E-1 2.84274E-1 3.84685E-1 4.40475E-1
4.61058E-1 4.44092E-1 4.40363E-1 4.03112E-1 3.65359E-1 3.4245E-1 3.15874E-1 1.93338E-1 1.60548E-1 1.53036E-1 1.53545E-1 1.65602E-1 1.71799E-1 2.27614E-1 2.08085E-1 2.37982E-1 3.54654E-1 3.43221E-1 3.61832E-1 3.52387E-1 3.48873E-1 3.72217E-1 4.47152E-1 4.50923E-1 4.27518E-1 3.99876E-1 4.04101E-1 3.53367E-1 1.31419E-1 2.00288E-1 5.1164E-1 6.06164E-1 6.32538E-1 6.11502E-1 5.76423E-1 5.68868E-1 5.08103E-1 4.70791E-1 4.63817E-1 4.03511E-1 2.83842E-1 3.38045E-1 4.17871E-1 5.4243E-1 5.36204E-1 4.15735E-1 3.94189E-1 3.62161E-1 3.31976E-1 2.28388E-1 1.29204E-1 1.54908E-1 2.07243E-1 1.5598E-1 2.03244E-1 2.70847E-1 2.85914E-1 4.10262E-1 4.25867E-1 4.92328E-1
4.41915E-1 4.35405E-1 4.19723E-1 3.98258E-1 3.97715E-1 3.67178E-1 3.25118E-1 2.41316E-1 1.99144E-1 1.66714E-1 2.14267E-1 2.44619E-1 2.30989E-1 2.95049E-1 3.33938E-1 3.66163E-1 3.95223E-1 3.8701E-1 3.55356E-1 3.83236E-1 3.79413E-1 4.20883E-1 4.42516E-1 4.20268E-1 4.17719E-1 3.92913E-1 4.08605E-1 2.64544E-1 2.00813E-1 2.18042E-1 4.36125E-1 6.09348E-1 6.08661E-1 5.77579E-1 5.55141E-1 6.03591E-1 5.70913E-1 5.67927E-1 5.05722E-1 4.45043E-1 3.07764E-1 4.15631E-1 4.60489E-1 5.00434E-1 4.97275E-1 3.72247E-1 3.35924E-1 3.53027E-1 3.2477E-1 1.76959E-1 7.07775E-2 2.14375E-1 1.45404E-1 1.39771E-1 1.97327E-1 2.96384E-1 2.94686E-1 3.46632E-1 3.5133E-1 4.64522E-1
1.45765E-1 2.54305E-1 2.48473E-1 3.28316E-1 3.48013E-1 3.82821E-1 3.5379E-1 2.38447E-1 2.04111E-1 2.12901E-1 3.76158E-1 3.93771E-1 3.46095E-1 3.99455E-1 4.02168E-1 4.00798E-1 4.07849E-1 3.74641E-1 3.43716E-1 4.01007E-1 5.0766E-1 5.45141E-1 5.29168E-1 4.67218E-1 5.32527E-1 5.48198E-1 5.29595E-1 3.38344E-1 3.03126E-1 4.08661E-1 4.67223E-1 4.61934E-1 4.63809E-1 4.1527E-1 3.94284E-1 3.663E-1 3.89054E-1 3.9129E-1 3.19259E-1 3.62177E-1 3.30069E-1 3.6483E-1 4.2998E-1 4.50791E-1 4.46871E-1 3.13664E-1 2.69115E-1 2.12202E-1 3.27769E-1 2.50113E-1 1.07345E-1 1.76501E-1 2.14327E-1 2.27423E-1 2.43218E-1 3.62256E-1 4.13437E-1 4.48673E-1 4.44688E-1 5.13182E-1
3.15109E-1 3.01586E-1 3.89929E-1 3.96204E-1 3.93282E-1 4.2073E-1 3.88102E-1 2.89176E-1 2.75961E-1 3.0249E-1 4.15933E-1 4.42865E-1 4.28254E-1 4.45082E-1 4.40665E-1 4.39057E-1 4.26028E-1 4.1489E-1 4.27831E-1 4.21661E-1 5.87768E-1 5.86888E-1 5.62796E-1 5.64054E-1 6.15018E-1 5.75835E-1 5.08253E-1 3.2537E-1 3.62666E-1 4.29091E-1 4.44573E-1 4.24894E-1 4.31439E-1 3.83148E-1 4.07405E-1 3.62243E-1 3.83676E-1 3.99661E-1 2.91311E-1 2.97121E-1 3.33802E-1 2.76773E-1 3.18943E-1 3.3126E-1 3.25749E-1 1.89634E-1 1.43021E-1 1.58135E-1 5.53604E-2 1.7372E-1 2.05278E-1 2.23775E-1 2.73795E-1 2.95026E-1 3.05702E-1 4.03782E-1 4.66375E-1 4.94778E-1 5.01527E-1 5.20814E-1
3.05039E-1 3.48078E-1 4.38622E-1 4.39084E-1 4.33438E-1 4.69199E-1 3.74626E-1 2.56342E-1 3.17873E-1 3.24584E-1 4.26809E-1 4.97939E-1 4.59196E-1 4.7893E-1 4.71252E-1 4.64658E-1 4.44875E-1 4.47103E-1 4.77495E-1 4.78036E-1 6.42709E-1 6.34691E-1 6.20505E-1 6.46572E-1 6.54421E-1 5.32712E-1 4.35174E-1 3.4679E-1 3.85208E-1 4.08119E-1 4.23386E-1 4.02936E-1 3.98286E-1 3.86872E-1 3.83711E-1 3.30997E-1 3.45947E-1 3.5557E-1 2.87015E-1 2.14285E-1 3.32253E-1 3.30441E-1 3.3494E-1 2.7194E-1 3.00258E-1 2.26932E-1 1.7367E-1 1.44825E-1 1.76545E-1 1.83864E-1 3.10585E-1 3.28054E-1 3.3911E-1 3.28298E-1 3.57138E-1 5.03238E-1 4.97848E-1 4.69851E-1 4.61524E-1 4.82769E-1
4.57903E-1 4.56488E-1 4.9947E-1 4.89712E-1 4.88591E-1 4.92602E-1 2.97986E-1 2.2367E-1 3.32744E-1 3.5304E-1 4.43051E-1 5.1041E-1 5.20057E-1 5.17391E-1 4.99663E-1 5.00612E-1 5.19097E-1 5.01021E-1 5.37469E-1 5.46267E-1 6.88269E-1 6.78661E-1 6.86323E-1 5.81162E-1 6.38156E-1 5.40606E-1 4.88551E-1 4.44499E-1 3.63239E-1 3.78298E-1 4.01515E-1 3.8184E-1 3.57452E-1 3.2992E-1 3.34502E-1 2.93967E-1 3.28679E-1 3.29666E-1 3.13985E-1 3.24167E-1 2.01267E-1 3.70156E-1 4.02672E-1 4.50092E-1 4.28731E-1 3.34734E-1 2.88952E-1 1.71837E-1 1.74659E-1 3.18046E-1 2.79969E-1 2.99446E-1 2.99347E-1 2.93576E-1 3.12887E-1 3.97526E-1 4.44593E-1 4.5603E-1 4.54762E-1 4.60484E-1
5.21834E-1 5.28287E-1 5.49603E-1 3.3819E-1 5.41225E-1 4.90726E-1 3.15003E-1 2.45474E-1 2.31967E-1 3.57872E-1 4.74553E-1 5.29213E-1 5.69611E-1 5.75781E-1 5.5132E-1 5.35706E-1 5.76194E-1 5.57951E-1 4.37972E-1 5.96956E-1 6.9787E-1 6.73509E-1 6.68473E-1 6.47519E-1 6.06633E-1 5.23464E-1 4.93226E-1 4.20101E-1 3.55872E-1 4.24856E-1 3.78557E-1 3.59428E-1 3.16432E-1 3.04558E-1 3.29365E-1 2.99656E-1 3.34688E-1 3.89204E-1 3.63519E-1 3.30905E-1 3.85468E-1 4.24494E-1 4.58025E-1 5.04692E-1 4.9492E-1 3.80255E-1 3.63211E-1 3.02545E-1 1.559E-1 2.53384E-1 2.64447E-1 3.02605E-1 3.09978E-1 3.17095E-1 3.31158E-1 4.0217E-1 4.30009E-1 4.63562E-1 4.75239E-1 2.97447E-1
5.32814E-1 5.16246E-1 3.80172E-1 4.70973E-1 4.05499E-1 3.84374E-1 3.78607E-1 2.60757E-1 2.20027E-1 2.87555E-1 4.02962E-1 4.77973E-1 5.25568E-1 5.67631E-1 5.51913E-1 4.04085E-1 5.01409E-1 6.17495E-1 5.95169E-1 5.79567E-1 5.74732E-1 5.58077E-1 4.87122E-1 5.53475E-1 5.11907E-1 5.01077E-1 4.69661E-1 4.35967E-1 4.20927E-1 3.95928E-1 2.74107E-1 2.5885E-1 2.43112E-1 2.49117E-1 2.76702E-1 2.89763E-1 3.36216E-1 3.71924E-1 3.13666E-1 3.18666E-1 3.84701E-1 3.64224E-1 4.50917E-1 4.6104E-1 4.87004E-1 4.58226E-1 4.40915E-1 4.07109E-1 1.18657E-1 2.45144E-1 2.04825E-1 2.19629E-1 2.29274E-1 2.65035E-1 3.23883E-1 4.03686E-1 4.21818E-1 4.52946E-1 4.15238E-1 3.92067E-1
4.38466E-1 4.89692E-1 4.53017E-1 3.19628E-1 2.33618E-1 1.7356E-1 2.13651E-1 1.28535E-1 2.7657E-1 3.42425E-1 3.98147E-1 4.8322E-1 5.28503E-1 5.63575E-1 5.46318E-1 5.70835E-1 5.81495E-1 5.9143E-1 5.85828E-1 5.64317E-1 5.61779E-1 5.59088E-1 3.70731E-1 5.47348E-1 4.97435E-1 4.82659E-1 4.57603E-1 4.27195E-1 4.42097E-1 3.82756E-1 2.61497E-1 2.46702E-1 2.39942E-1 2.66166E-1 2.91278E-1 3.19262E-1 3.43203E-1 3.64596E-1 2.73289E-1 2.53716E-1 3.49418E-1 3.55667E-1 4.32453E-1 4.56433E-1 4.07361E-1 3.20007E-1 4.18898E-1 4.11634E-1 3.21162E-1 2.09343E-1 1.54356E-1 1.75999E-1 2.74893E-1 2.88581E-1 3.49456E-1 4.42175E-1 4.13299E-1 4.03847E-1 3.65119E-1 3.03883E-1
4.27605E-1 4.06194E-1 3.80226E-1 3.45188E-1 2.1838E-1 2.01018E-1 2.5806E-1 1.42282E-1 1.51559E-1 2.96898E-1 4.17336E-1 4.74337E-1 5.11977E-1 5.36523E-1 5.03417E-1 5.33861E-1 5.44211E-1 5.57554E-1 5.70575E-1 5.92431E-1 6.01481E-1 5.75017E-1 3.96553E-1 5.41582E-1 5.01551E-1 5.14836E-1 4.83261E-1 4.46928E-1 4.24142E-1 3.68037E-1 2.51314E-1 2.49523E-1 2.6906E-1 3.16091E-1 3.41848E-1 3.61427E-1 3.67275E-1 3.55431E-1 2.70729E-1 2.73543E-1 2.90678E-1 4.01778E-1 5.04793E-1 5.03469E-1 4.63473E-1 2.54351E-1 3.48668E-1 4.22676E-1 3.83848E-1 3.23916E-1 2.86082E-1 2.9573E-1 3.24681E-1 3.21101E-1 3.84012E-1 4.71994E-1 4.03037E-1 2.31077E-1 3.67496E-1 4.59986E-1
2.53753E-1 3.80014E-1 2.82348E-1 3.03706E-1 2.23807E-1 1.89036E-1 3.0035E-1 1.8211E-1 1.59969E-1 2.44176E-1 3.86868E-1 4.55822E-1 4.87389E-1 5.07261E-1 4.49714E-1 3.59663E-1 4.91662E-1 5.23285E-1 6.10784E-1 6.23472E-1 5.6791E-1 4.63156E-1 6.00965E-1 5.47264E-1 5.50487E-1 5.62872E-1 5.08406E-1 4.46043E-1 4.25569E-1 3.5903E-1 2.62312E-1 2.75404E-1 2.81483E-1 3.44293E-1 3.61947E-1 3.6373E-1 3.52766E-1 2.59077E-1 2.24842E-1 2.86222E-1 3.20441E-1 3.58709E-1 4.76817E-1 4.83645E-1 4.81145E-1 4.22939E-1 4.1545E-1 2.89082E-1 3.84028E-1 3.42475E-1 3.12754E-1 3.58244E-1 3.87632E-1 3.7739E-1 4.02929E-1 4.87521E-1 4.4091E-1 4.261E-1 3.56731E-1 3.20618E-1
2.53954E-1 3.63158E-1 2.13161E-1 1.85373E-1 1.87876E-1 1.84818E-1 2.04429E-1 1.44035E-1 1.57301E-1 2.5785E-1 3.43556E-1 4.31588E-1 4.59174E-1 4.54732E-1 2.73027E-1 2.94947E-1 3.93043E-1 5.48468E-1 5.98154E-1 5.79035E-1 6.32973E-1 6.13617E-1 5.9944E-1 5.73641E-1 5.40443E-1 4.66196E-1 4.87757E-1 4.37991E-1 4.22298E-1 3.57423E-1 2.72961E-1 2.85048E-1 3.12316E-1 3.53935E-1 3.50291E-1 3.62131E-1 3.36698E-1 1.81391E-1 3.57863E-1 3.61176E-1 3.99307E-1 3.61308E-1 4.39168E-1 4.82441E-1 5.19199E-1 4.87424E-1 4.91392E-1 1.94443E-1 3.91673E-1 3.12382E-1 2.47697E-1 2.79642E-1 2.78885E-1 2.87859E-1 3.96029E-1 4.41905E-1 4.03137E-1 4.11975E-1 3.59353E-1 3.36775E-1
1.77946E-1 1.86771E-1 1.94695E-1 1.912E-1 1.74794E-1 1.64168E-1 1.39721E-1 1.74612E-1 2.1316E-1 2.50285E-1 3.01526E-1 3.45713E-1 3.6846E-1 3.50645E-1 2.69166E-1 3.83306E-1 4.64385E-1 6.03966E-1 6.08325E-1 6.54507E-1 6.29236E-1 6.06108E-1 5.89814E-1 5.68124E-1 4.63546E-1 2.12831E-1 2.43671E-1 3.40146E-1 3.0366E-1 2.60538E-1 2.43626E-1 2.5598E-1 2.65364E-1 2.79761E-1 3.12897E-1 3.77792E-1 3.65335E-1 4.08918E-1 4.31905E-1 4.37682E-1 3.1007E-1 1.76808E-1 3.41225E-1 4.01555E-1 4.28464E-1 2.82119E-1 2.44666E-1 6.53809E-2 2.24202E-1 1.58508E-1 1.58402E-1 1.4907E-1 1.25615E-1 2.18381E-1 3.24411E-1 3.86264E-1 4.61012E-1 4.23038E-1 4.63481E-1 4.24659E-1
1.39579E-1 1.48614E-1 1.94433E-1 1.95365E-1 1.61472E-1 1.53916E-1 1.58396E-1 2.12589E-1 2.46565E-1 2.43489E-1 2.97356E-1 3.32301E-1 3.75754E-1 3.14152E-1 2.6855E-1 4.12036E-1 4.33995E-1 6.02915E-1 6.58033E-1 6.4635E-1 6.03693E-1 5.82995E-1 5.13658E-1 4.45525E-1 3.42882E-1 2.64212E-1 3.58489E-1 3.24616E-1 2.9032E-1 2.65862E-1 2.49148E-1 2.44671E-1 2.55331E-1 2.86776E-1 3.20054E-1 3.85764E-1 3.9294E-1 4.84654E-1 4.50203E-1 4.19138E-1 2.63645E-1 2.88753E-1 4.01138E-1 4.57133E-1 3.3075E-1 2.91533E-1 1.64972E-1 2.43644E-1 1.98878E-1 1.24715E-1 1.29513E-1 1.2559E-1 2.19478E-1 2.53992E-1 2.0516E-1 5.19072E-1 4.47473E-1 4.2889E-1 4.67305E-1 4.94407E-1
2.65352E-1 2.49099E-1 2.33288E-1 1.73674E-1 1.36504E-1 2.0667E-1 1.34727E-1 2.1451E-1 2.71224E-1 3.02735E-1 3.03109E-1 3.35216E-1 3.68745E-1 2.90648E-1 3.50589E-1 5.72166E-1 4.37057E-1 4.619E-1 6.06479E-1 6.23852E-1 5.92517E-1 4.96907E-1 4.45786E-1 4.35946E-1 4.13648E-1 3.68146E-1 3.38872E-1 3.07739E-1 2.7609E-1 2.56311E-1 2.47987E-1 2.39057E-1 2.5099E-1 2.92866E-1 3.31389E-1 3.98871E-1 4.44336E-1 5.08998E-1 4.28223E-1 2.2521E-1 4.03711E-1 2.68199E-1 3.6757E-1 4.63126E-1 4.59357E-1 3.14202E-1 3.15534E-1 2.37105E-1 1.93479E-1 1.35827E-1 1.45253E-1 1.46194E-1 2.03692E-1 2.12886E-1 4.73121E-1 5.59725E-1 4.74225E-1 4.21591E-1 3.95639E-1 5.17267E-1
2.42289E-1 2.53707E-1 2.3286E-1 1.79449E-1 1.49272E-1 2.75386E-1 2.26532E-1 2.03474E-1 2.85013E-1 3.25215E-1 3.33257E-1 3.33929E-1 3.582E-1 3.14924E-1 2.5841E-1 3.75254E-1 4.17156E-1 4.51844E-1 5.72959E-1 4.89238E-1 5.74361E-1 5.4206E-1 5.05996E-1 4.7362E-1 4.36015E-1 3.43641E-1 3.16978E-1 2.94406E-1 2.92165E-1 2.85713E-1 2.54939E-1 2.36579E-1 2.59109E-1 3.10688E-1 3.49901E-1 4.29136E-1 5.06437E-1 5.19953E-1 3.32112E-1 2.31655E-1 2.29407E-1 3.07701E-1 2.94997E-1 4.61528E-1 1.33028E-1 2.59058E-1 1.87239E-1 1.83408E-1 1.88873E-1 2.00226E-1 2.63447E-1 2.79577E-1 1.58574E-1 2.73135E-1 3.62907E-1 6.44031E-1 5.66508E-1 4.72494E-1 4.92766E-1 5.11462E-1
2.40787E-1 2.62586E-1 2.27094E-1 1.93934E-1 1.6523E-1 2.68449E-1 2.26492E-1 2.09541E-1 2.36084E-1 3.27877E-1 3.65636E-1 3.64114E-1 3.11665E-1 2.52613E-1 2.41452E-1 3.71453E-1 4.50053E-1 4.00991E-1 5.09602E-1 2.0851E-1 5.50068E-1 5.21709E-1 4.88333E-1 4.53223E-1 4.05732E-1 3.17441E-1 3.19425E-1 3.20746E-1 3.17602E-1 2.85339E-1 2.32363E-1 2.28432E-1 2.50594E-1 2.97891E-1 3.39071E-1 4.43597E-1 4.84254E-1 3.19052E-1 2.87155E-1 3.28793E-1 2.47946E-1 2.85576E-1 2.42735E-1 4.3704E-1 1.34041E-1 2.13069E-1 2.29665E-1 1.81688E-1 1.63313E-1 1.54246E-1 1.99995E-1 1.54307E-1 1.84678E-1 2.75728E-1 3.33424E-1 5.59512E-1 5.2293E-1 4.35882E-1 3.95581E-1 4.65597E-1
2.92349E-1 3.90785E-1 3.68656E-1 2.6901E-1 2.35712E-1 2.25535E-1 2.62218E-1 3.16277E-1 2.99459E-1 3.46168E-1 4.7718E-1 4.74539E-1 4.29319E-1 3.35731E-1 2.73502E-1 4.28282E-1 4.84528E-1 4.20881E-1 5.7884E-1 5.48686E-1 7.00619E-1 6.78778E-1 6.51948E-1 6.22626E-1 5.49113E-1 3.69212E-1 3.7829E-1 3.81708E-1 3.80216E-1 2.75082E-1 2.32865E-1 2.4114E-1 2.36712E-1 2.81089E-1 3.28522E-1 4.2578E-1 4.62991E-1 4.0174E-1 3.15528E-1 2.85404E-1 3.54855E-1 4.48677E-1 4.27988E-1 4.21603E-1 1.89559E-1 1.07766E-1 1.44953E-1 9.41423E-2 7.82997E-2 7.79668E-2 2.01716E-1 2.39136E-1 2.5301E-1 3.45369E-1 3.18648E-1 6.10598E-1 6.60447E-1 5.26121E-1 4.84837E-1 5.268E-1
2.9331E-1 3.46756E-1 4.3125E-1 3.13831E-1 2.91084E-1 2.51976E-1 3.33593E-1 3.88445E-1 3.6816E-1 3.86931E-1 5.13691E-1 5.1076E-1 4.68093E-1 3.46073E-1 2.57053E-1 3.42064E-1 3.51593E-1 4.49847E-1 5.23218E-1 5.03469E-1 6.77542E-1 6.58115E-1 6.3448E-1 5.7386E-1 5.54333E-1 3.94895E-1 4.08169E-1 4.16532E-1 4.20905E-1 3.18149E-1 2.80285E-1 2.65837E-1 2.54367E-1 3.39136E-1 3.72814E-1 4.35316E-1 3.29533E-1 2.70589E-1 1.31032E-1 2.2711E-1 3.70503E-1 4.0455E-1 3.83858E-1 4.21506E-1 3.99188E-1 2.06611E-1 1.66099E-1 1.43358E-1 9.95533E-2 1.02034E-1 2.91582E-1 3.48156E-1 2.95054E-1 3.39427E-1 4.16752E-1 7.14683E-1 6.7447E-1 5.27969E-1 4.74313E-1 4.92581E-1
3.54984E-1 4.63032E-1 4.37264E-1 2.47808E-1 1.66641E-1 2.46937E-1 3.17664E-1 4.14886E-1 4.13658E-1 4.40244E-1 5.47027E-1 5.45391E-1 4.9362E-1 4.12154E-1 3.21036E-1 4.09137E-1 3.92561E-1 4.91086E-1 5.31005E-1 3.85407E-1 6.50349E-1 6.33694E-1 5.7885E-1 5.88474E-1 5.97114E-1 4.20462E-1 4.39337E-1 4.56225E-1 4.6381E-1 3.55418E-1 3.02322E-1 2.39741E-1 3.1985E-1 3.77095E-1 4.10431E-1 4.57564E-1 3.03114E-1 2.91386E-1 3.15116E-1 3.9835E-1 4.53534E-1 4.53206E-1 4.26248E-1 4.1214E-1 3.79306E-1 9.84758E-2 1.35241E-1 1.29403E-1 1.2278E-1 1.85718E-1 4.52298E-1 4.86312E-1 5.14628E-1 5.04117E-1 5.91592E-1 7.40017E-1 7.08399E-1 6.42859E-1 5.83676E-1 4.71188E-1
5.11844E-1 4.86264E-1 4.21536E-1 3.76192E-1 2.91316E-1 2.80164E-1 3.17514E-1 3.72869E-1 4.03E-1 4.8175E-1 5.7548E-1 5.77006E-1 5.22571E-1 4.49221E-1 4.06981E-1 4.9597E-1 5.28629E-1 5.07458E-1 5.07795E-1 4.83254E-1 6.23229E-1 5.8805E-1 5.74265E-1 6.00122E-1 6.14408E-1 4.46072E-1 4.71186E-1 4.92865E-1 5.06537E-1 3.92518E-1 3.29435E-1 3.09031E-1 3.91553E-1 4.13925E-1 4.48933E-1 3.53879E-1 2.98035E-1 2.9522E-1 3.00517E-1 4.37997E-1 4.51035E-1 4.43535E-1 4.24774E-1 3.90948E-1 1.52187E-1 1.18923E-1 1.16317E-1 1.31924E-1 1.36704E-1 2.07431E-1 5.07517E-1 5.36186E-1 4.89577E-1 5.29146E-1 5.65664E-1 7.27858E-1 6.63367E-1 6.40635E-1 5.91957E-1 4.56136E-1
4.37619E-1 3.61114E-1 3.0068E-1 2.40866E-1 2.75872E-1 2.92885E-1 3.39923E-1 4.40643E-1 4.21636E-1 4.7948E-1 4.9816E-1 5.89222E-1 5.32837E-1 4.67357E-1 4.41408E-1 5.61271E-1 5.49156E-1 5.26838E-1 5.13613E-1 4.92385E-1 5.94815E-1 5.67591E-1 5.93676E-1 6.13007E-1 6.3247E-1 4.68554E-1 4.97974E-1 5.23753E-1 5.05081E-1 3.97656E-1 2.57668E-1 3.73663E-1 2.41553E-1 4.24577E-1 3.79527E-1 3.10347E-1 2.82827E-1 4.3242E-1 2.75053E-1 3.9641E-1 4.24529E-1 4.24756E-1 4.03655E-1 3.10388E-1 2.89235E-1 1.34693E-1 1.30128E-1 1.48898E-1 1.65793E-1 2.29182E-1 5.01451E-1 5.18064E-1 3.51003E-1 5.46239E-1 2.93446E-1 7.04023E-1 6.75766E-1 6.36632E-1 6.25992E-1 5.04295E-1
4.18941E-1 3.54169E-1 2.85906E-1 3.23647E-1 3.20645E-1 3.18788E-1 4.02589E-1 5.18535E-1 5.29671E-1 5.4301E-1 7.48578E-1 7.49765E-1 7.31921E-1 6.01373E-1 5.02551E-1 5.4402E-1 6.23336E-1 6.00552E-1 6.08587E-1 5.38009E-1 3.03396E-1 3.00405E-1 3.29392E-1 3.74071E-1 4.06651E-1 4.41856E-1 4.73987E-1 4.81086E-1 4.6415E-1 3.33675E-1 2.69588E-1 4.77438E-1 4.52171E-1 3.97819E-1 3.71476E-1 3.47658E-1 3.1258E-1 3.71301E-1 2.99551E-1 3.71928E-1 3.95345E-1 3.96635E-1 3.9596E-1 2.19189E-1 3.31077E-1 2.00669E-1 2.09305E-1 2.32487E-1 2.55737E-1 2.64702E-1 2.01615E-1 2.08754E-1 1.09286E-1 1.72895E-1 1.78338E-1 5.58215E-1 6.02647E-1 5.91432E-1 6.14439E-1 6.53042E-1
3.84568E-1 3.90638E-1 3.56094E-1 3.48425E-1 3.50762E-1 3.26997E-1 4.31727E-1 4.97855E-1 5.2329E-1 5.24336E-1 7.34015E-1 7.18462E-1 6.12169E-1 6.2015E-1 6.24216E-1 4.48373E-1 5.09552E-1 5.81412E-1 5.79985E-1 5.34925E-1 1.91973E-1 3.07707E-1 3.45021E-1 3.76331E-1 4.09758E-1 4.46028E-1 4.64723E-1 3.4513E-1 3.32423E-1 4.06909E-1 3.42302E-1 4.57272E-1 4.58003E-1 4.45081E-1 4.04321E-1 3.33051E-1 3.0158E-1 4.50144E-1 3.3764E-1 2.7317E-1 3.0887E-1 3.51333E-1 3.50091E-1 1.67534E-1 3.34486E-1 1.73929E-1 2.10786E-1 2.37104E-1 2.37884E-1 2.33273E-1 1.99639E-1 1.01578E-1 1.66984E-1 9.33987E-2 1.54275E-1 6.73784E-1 5.46593E-1 6.50523E-1 6.29107E-1 6.43568E-1
