background,x,y,roads,rivers,aspect,fla,slope,tpi,twi,soc,bkd,BIO03,BIO06,BIO15,ndwi2021,dndvi,wo
background,473234.9838,4433576.1748,150.079574584961,238.824401855469,211.465454101562,418.889556884766,3.63844299316406,0.417384177446365,6.15702056884766,21.8313980102539,1.27106964588165,39.1400604248047,5.61835241317749,54.2071189880371,-0.354167252779007,-0.0100389253348112,1
background,473334.9838,4434026.1748,187.533248901367,98.631477355957,231.986755371094,1684.21215820312,10.0261249542236,2.19599175453186,6.65729141235352,19.9002590179443,1.15879499912262,38.8383674621582,5.65107536315918,54.1547584533691,-0.50496643781662,-0.0135652180761099,1
background,473434.9838,4434176.1748,206.502502441406,170.717391967773,237.435592651367,840.97802734375,2.36953258514404,0.347848266363144,7.55308961868286,21.7449550628662,1.27618360519409,38.7075271606445,5.65900993347168,54.1158790588379,-0.402645796537399,0.0047183888964355,1
background,473484.9838,4433476.1748,103.058868408203,41.6729774475098,133.212677001953,2780.32421875,8.93477058410645,-0.881991028785706,7.54537105560303,21.6459121704102,1.25476217269897,39.4265060424805,5.56947374343872,54.4090232849121,-0.371728539466858,0.00539086060598493,1
background,473484.9838,4436776.1748,26.1655445098877,218.000625610352,272.25244140625,3428.35302734375,9.74197101593018,0.964373111724854,7.55485677719116,24.632495880127,1.32588684558868,38.0550193786621,5.62835884094238,54.2028846740723,-0.380317121744156,0.0479881651699543,1
background,473534.9838,4433976.1748,3.38624906539917,111.474067687988,156.151077270508,2658.15698242188,4.26270341873169,0.510196149349213,8.02752685546875,22.3307323455811,1.2769638299942,38.8485717773438,5.64330005645752,54.2481155395508,-0.435667484998703,0.0144889401271939,1
background,473684.9838,4434676.1748,118.756782531738,224.969650268555,219.084823608398,3894.607421875,2.65529203414917,0.0945945903658867,8.6474552154541,21.208366394043,1.29661071300507,38.2647132873535,5.66266489028931,53.9941062927246,-0.338615655899048,0.00892711617052555,1
background,473684.9838,4435326.1748,287.372955322266,117.619812011719,209.629669189453,768.367370605469,5.17872714996338,0.547282218933105,6.43752479553223,23.4417495727539,1.29668569564819,37.9511184692383,5.65766382217407,53.9827537536621,-0.421365320682526,0.00798256788402796,1
background,473684.9838,4437126.1748,26.7026519775391,381.247711181641,227.272262573242,1745.38598632812,3.92979574203491,0.458657771348953,8.54646301269531,21.5692882537842,1.3277416229248,37.5798149108887,5.59177494049072,54.0387725830078,-0.413193345069885,0.0326753333210945,1
background,473784.9838,4433376.1748,140.358657836914,270.480010986328,268.139099121094,1742.47595214844,11.3744850158691,-0.866611301898956,6.84579801559448,21.5506229400635,1.25926196575165,38.8284492492676,5.53302001953125,54.16064453125,-0.464392781257629,0.0100398305803537,1
background,473784.9838,4436176.1748,169.042236328125,118.930648803711,278.629455566406,1496.84851074219,21.1730518341064,-0.209426447749138,5.72399997711182,24.4675350189209,1.3165488243103,38.332275390625,5.62872076034546,54.215217590332,-0.44123899936676,0.016194486990571,1
background,473884.9838,4435726.1748,46.958797454834,253.246368408203,261.195831298828,671.609191894531,2.04475736618042,0.16832047700882,7.27341508865356,25.9255084991455,1.30135440826416,37.9316673278809,5.62986326217651,54.0923843383789,-0.415976732969284,0.0192352905869484,1
background,473884.9838,4436726.1748,61.0696487426758,37.8849716186523,287.351470947266,3922.66552734375,9.7601318359375,-2.49560594558716,8.50353813171387,23.8787136077881,1.31428468227386,38.1476058959961,5.58215188980103,54.1477470397949,-0.421257853507996,0.057887926697731,1
background,473884.9838,4437326.1748,51.8088569641113,332.941925048828,250.741119384766,6979.54345703125,5.62949514389038,-0.526750087738037,8.36200428009033,23.493371963501,1.34429705142975,37.3876953125,5.5586462020874,53.9572830200195,-0.393839716911316,0.033253900706768,1
background,473934.9838,4432826.1748,175.345260620117,579.947814941406,214.479934692383,1846.46215820312,6.90912532806396,-0.857854068279266,6.99299907684326,21.4531764984131,1.28209745883942,38.7537689208984,5.45795488357544,54.0443153381348,-0.439414322376251,-0.0105777317658067,1
background,473934.9838,4435026.1748,196.301391601562,231.580108642578,276.251159667969,2388.10424804688,1.55730962753296,-0.0853191688656807,8.9828052520752,24.7901763916016,1.28524470329285,37.9788780212402,5.64678192138672,53.9415550231934,-0.423626452684402,0.0129937808960676,1
background,473934.9838,4437576.1748,62.7015914916992,439.799041748047,220.529815673828,2009.45727539062,4.38517093658447,-0.0453667566180229,7.53324031829834,27.1129398345947,1.33583676815033,37.3487243652344,5.72313261032104,53.9041709899902,-0.376286566257477,0.0415702536702156,1
background,473984.9838,4435776.1748,130.512741088867,267.437652587891,224.896820068359,128.053497314453,0.190117314457893,0.284877210855484,9.8345365524292,26.4355869293213,1.29534900188446,38.0893707275391,5.62380790710449,54.0713424682617,-0.452053248882294,0.0194451063871384,1
background,473984.9838,4437076.1748,104.606018066406,116.708847045898,178.034774780273,2084.12866210938,5.68687343597412,0.157280072569847,7.59381771087646,23.6637477874756,1.32708036899567,37.6169853210449,5.5762505531311,53.9948348999023,-0.427055388689041,0.0367846414446831,1
background,473984.9838,4439326.1748,537.958068847656,298.984069824219,294.886077880859,579.89453125,2.11386871337891,0.258573025465012,7.27078008651733,26.3994102478027,1.32601022720337,37.1517791748047,5.27553796768188,53.8873863220215,-0.391044557094574,0.0737393498420715,1
background,474034.9838,4433226.1748,7.00255012512207,540.190673828125,262.565704345703,822.985107421875,2.00566339492798,0.131540611386299,7.67049074172974,21.73486328125,1.27303612232208,38.2269325256348,5.44661521911621,53.9383926391602,-0.433178037405014,0.00789996050298214,1
background,474084.9838,4433526.1748,18.5883235931396,441.621032714844,295.475860595703,1766.74682617188,1.90475869178772,0.512814939022064,8.46827793121338,21.7637462615967,1.28268754482269,38.3292198181152,5.4477596282959,53.996654510498,-0.419272154569626,0.0177211854606867,1
background,474084.9838,4435726.1748,101.035987854004,243.743408203125,202.069198608398,4391.59228515625,2.18872499465942,-0.152144312858582,9.56666088104248,26.7712516784668,1.29030478000641,38.1225166320801,5.61911582946777,54.0615539550781,-0.429823696613312,0.0186068452894688,1
background,474134.9838,4437626.1748,265.423919677734,342.873962402344,233.936553955078,1482.21032714844,2.11680746078491,0.19182813167572,7.96573257446289,25.4536952972412,1.33944129943848,37.3159370422363,5.74580144882202,53.840991973877,-0.395744144916534,0.0438815988600254,1
background,474234.9838,4434676.1748,250.434127807617,360.990875244141,179.832595825195,964.664428710938,3.52572178840637,0.0653211176395416,7.32502460479736,19.6147842407227,1.30250597000122,38.1283569335938,5.6322979927063,54.0220031738281,-0.347519963979721,0.0133820176124573,1
background,474234.9838,4437326.1748,173.813049316406,50.4272956848145,182.182800292969,9896.25,6.22299337387085,-0.0751330927014351,8.39114761352539,28.0909080505371,1.34364771842957,37.4829521179199,5.75303936004639,53.8619003295898,-0.417456209659576,0.0500698275864124,1
background,474234.9838,4439626.1748,520.563781738281,132.38899230957,295.635345458984,385.151336669922,1.94118046760559,0.566017687320709,6.70880508422852,26.5848407745361,1.31773841381073,37.290584564209,5.20192718505859,53.864070892334,-0.448400288820267,0.0748707056045532,1
background,474284.9838,4435626.1748,35.7388038635254,315.02734375,254.512100219727,1930.365234375,3.45023083686829,0.117771118879318,7.90231275558472,26.9632606506348,1.27369463443756,37.952953338623,5.61129570007324,53.9942436218262,-0.417917281389236,0.0186620578169823,1
background,474284.9838,4440026.1748,157.996246337891,98.4785385131836,277.147399902344,752.441467285156,8.39537906646729,1.95574152469635,6.04426336288452,24.3410339355469,1.35221266746521,37.4597206115723,5.12121915817261,53.8590621948242,-0.38751494884491,0.0585403814911842,1
background,474334.9838,4432826.1748,199.779846191406,360.267913818359,169.957138061523,808.113708496094,4.93427515029907,0.768140017986298,6.72659301757812,24.0346355438232,1.27363312244415,38.4226608276367,5.43356943130493,53.8665504455566,-0.383866876363754,-0.0151063557714224,1
background,474334.9838,4434976.1748,106.008224487305,453.675201416016,176.212799072266,1754.21398925781,1.23744642734528,0.0939194783568382,8.95083427429199,21.4321937561035,1.32145595550537,37.9252853393555,5.63204622268677,53.9935493469238,-0.398029893636703,0.0377080999314785,1
background,474334.9838,4436726.1748,101.380889892578,374.327728271484,189.976791381836,5274.9619140625,11.9636793136597,0.78870016336441,7.72017860412598,22.7570552825928,1.30980241298676,37.7097549438477,5.55626153945923,53.9589538574219,-0.468010991811752,0.015343283303082,1
background,474384.9838,4437476.1748,128.311218261719,162.523986816406,225.218444824219,7735.61181640625,3.79771161079407,-0.0969960540533066,8.98959922790527,27.8899173736572,1.33691334724426,37.3297920227051,5.73745393753052,53.7990493774414,-0.38698548078537,0.0723707675933838,1
background,474384.9838,4439826.1748,321.242492675781,106.721092224121,224.819458007812,1027.86511230469,2.13178706169128,0.309316009283066,7.59069442749023,24.9128684997559,1.36510503292084,37.3436546325684,5.14391040802002,53.8283729553223,-0.445870757102966,0.0928891450166702,1
background,474434.9838,4434126.1748,193.911590576172,95.8733825683594,295.505706787109,6791.93896484375,10.1613311767578,-0.0830327719449997,8.29430198669434,21.5526256561279,1.27230536937714,38.5747299194336,5.63660192489624,54.0110816955566,-0.459239423274994,0.0060950992628932,1
background,474484.9838,4436226.1748,257.236450195312,194.252426147461,284.510284423828,744.781372070312,18.9370231628418,1.17836332321167,5.10214138031006,23.7898101806641,1.28999996185303,38.0034942626953,5.5820050239563,53.9820823669434,-0.498966544866562,0.00926108844578266,1
background,474484.9838,4438826.1748,43.5024032592773,848.166137695312,226.133407592773,1977.24108886719,2.49015116691589,0.459957450628281,8.41740036010742,27.3862495422363,1.35765707492828,37.0614891052246,5.29523992538452,53.8034515380859,-0.395415663719177,0.0555351860821247,1
background,474534.9838,4433076.1748,218.711166381836,202.768798828125,49.2300720214844,2918.12670898438,12.4993915557861,-1.07833850383759,6.81668329238892,22.0438251495361,1.26820194721222,39.6769256591797,5.37178325653076,54.1839981079102,-0.396775513887405,0.0061367517337203,1
background,474534.9838,4433426.1748,235.014343261719,314.367523193359,109.954833984375,5670.705078125,13.9218740463257,-0.669029176235199,7.27909803390503,21.8585662841797,1.27360057830811,39.3157539367676,5.40359020233154,54.1424179077148,-0.318413436412811,-0.0213922671973705,1
background,474534.9838,4433976.1748,16.0127010345459,250.623489379883,278.795196533203,2905.8876953125,3.03198671340942,0.0105700762942433,8.42498111724854,22.1349468231201,1.26878023147583,38.400749206543,5.59651756286621,53.934513092041,-0.414645940065384,-0.0352101735770702,1
background,474534.9838,4435926.1748,137.341583251953,41.9963493347168,140.766891479492,1806.11437988281,4.6097617149353,-0.553941786289215,7.97881889343262,25.5339660644531,1.30017876625061,37.9324531555176,5.58384132385254,53.9775924682617,-0.447539895772934,0.00496927462518215,1
background,474534.9838,4437326.1748,27.5267086029053,224.467315673828,255.991302490234,2285.73364257812,4.25361156463623,0.265486985445023,8.25433826446533,28.7188701629639,1.34959590435028,37.2673263549805,5.72869205474854,53.7587089538574,-0.38541305065155,0.048157125711441,1
background,474534.9838,4440326.1748,137.553848266602,128.553939819336,322.073364257812,2047.30920410156,5.23021411895752,0.47799476981163,7.39097881317139,23.0664539337158,1.34945178031921,37.6049995422363,5.00094890594482,53.8047180175781,-0.380256831645966,0.048492819070816,1
background,474584.9838,4436076.1748,290.803314208984,116.147659301758,226.035263061523,2998.86962890625,4.0419020652771,0.70233428478241,8.01275253295898,24.890100479126,1.29328072071075,37.7927894592285,5.5766658782959,53.9216423034668,-0.449607521295547,0.033869631588459,1
background,474584.9838,4436976.1748,101.017578125,444.890655517578,223.13525390625,2151.5,3.85094881057739,0.277226567268372,7.73366975784302,26.4096755981445,1.334587931633,37.3883628845215,5.74203777313232,53.7971534729004,-0.420521140098572,0.0412720628082752,1
background,474584.9838,4440426.1748,152.478225708008,118.343338012695,305.758666992188,2703.09106445312,5.5607738494873,0.143251270055771,7.54625368118286,22.3710765838623,1.2943754196167,37.4252510070801,4.83378028869629,53.8001747131348,-0.426657766103745,0.0525690130889416,1
background,474634.9838,4435626.1748,10.4982433319092,229.463912963867,244.963973999023,147.797332763672,0.680168628692627,0.381543397903442,10.1066627502441,23.6720848083496,1.30004322528839,37.8727989196777,5.59666872024536,53.8953552246094,-0.308964848518372,0.0129722580313683,1
background,474684.9838,4434426.1748,4.47115039825439,123.94123840332,252.284378051758,2982.06616210938,1.69205451011658,0.315276771783829,9.22527503967285,21.4089660644531,1.26635456085205,38.4129371643066,5.60941171646118,53.9348526000977,-0.417770087718964,-0.000619619968347251,1
background,474684.9838,4434476.1748,39.0827522277832,101.27815246582,281.597564697266,27631.87890625,2.01222538948059,0.0481472723186016,10.764045715332,21.3121547698975,1.2678747177124,38.4148941040039,5.60829305648804,53.9408073425293,-0.436494678258896,0.000635251111816615,1
background,474684.9838,4434576.1748,88.287971496582,98.5762252807617,227.397644042969,1212.49462890625,4.07672595977783,0.157350331544876,6.99705123901367,21.1185302734375,1.27091491222382,38.3128890991211,5.61106824874878,53.9425582885742,-0.383659273386002,0.0101812742650509,1
background,474684.9838,4435526.1748,7.76688385009766,315.508331298828,193.695983886719,739.343017578125,2.98988342285156,0.604900419712067,11.6349716186523,23.7180557250977,1.28513634204865,37.898006439209,5.59481525421143,53.8854179382324,-0.421536684036255,0.0250303782522678,1
background,474684.9838,4437176.1748,175.13232421875,405.409820556641,193.946411132812,1276.05432128906,2.82370471954346,0.170062586665154,7.68245220184326,28.2744579315186,1.34594583511353,37.2952194213867,5.72128963470459,53.7362251281738,-0.40000393986702,0.0668395161628723,1
background,474684.9838,4438976.1748,96.6844177246094,708.150451660156,253.541366577148,3235.306640625,1.40914607048035,0.0393573753535748,10.1038856506348,26.3871879577637,1.34357404708862,37.0063018798828,5.26068115234375,53.748176574707,-0.430154949426651,0.0225917268544436,1
background,474734.9838,4432376.1748,75.9716796875,225.809585571289,336.392700195312,2652.30029296875,9.60373115539551,-0.981702268123627,7.15514421463013,20.7777404785156,1.3033447265625,39.7804718017578,5.35645818710327,54.0617065429688,-0.304677814245224,-0.0254951026290655,1
background,474734.9838,4433076.1748,45.4035263061523,7.45969152450562,153.779312133789,19242.87890625,3.27594256401062,-0.593753337860107,13.6500062942505,22.2330150604248,1.27707993984222,40.0669822692871,5.32875871658325,54.247615814209,-0.436541587114334,0.00617969827726483,1
background,474734.9838,4434476.1748,64.4341506958008,149.393585205078,263.549224853516,22892.59375,2.45578598976135,-0.108418062329292,10.4821519851685,21.2250003814697,1.27106523513794,38.3875389099121,5.60705709457397,53.9220504760742,-0.456173598766327,-0.0168345328420401,1
background,474734.9838,4436976.1748,24.0462856292725,553.623718261719,183.381744384766,4111.01171875,2.70042896270752,0.118102483451366,9.0074634552002,26.476490020752,1.3383229970932,37.3944473266602,5.72522115707397,53.7622451782227,-0.341112911701202,0.0028696795925498,1
background,474734.9838,4438276.1748,174.645492553711,808.239318847656,240.165496826172,2273.9736328125,5.1375880241394,-0.155683770775795,7.28411102294922,27.8550357818604,1.34496569633484,36.8231925964355,5.38540124893188,53.7428932189941,-0.372316867113113,0.0516069307923317,1
background,474734.9838,4440376.1748,122.065979003906,190.570602416992,274.673614501953,1618.76135253906,2.72058963775635,0.0374534241855145,8.05942726135254,22.5502090454102,1.36188781261444,37.4637641906738,4.95738506317139,53.7462387084961,-0.405189514160156,-0.0426471158862114,1
background,474784.9838,4433776.1748,274.192260742188,267.419921875,181.747741699219,5639.39306640625,13.457049369812,3.83000826835632,7.76050615310669,22.7330513000488,1.27035236358643,38.4244689941406,5.41531753540039,53.9030342102051,-0.439017415046692,-0.0200050864368677,1
background,474784.9838,4434426.1748,45.5028381347656,212.441925048828,257.189849853516,2427.43823242188,2.04808926582336,-0.0398588925600052,8.90842723846436,21.1626567840576,1.27353572845459,38.3659057617188,5.60510110855103,53.8972206115723,-0.434297531843185,-0.0114433094859123,1
background,474784.9838,4436576.1748,196.057266235352,439.103515625,218.077026367188,1745.20056152344,4.93766641616821,0.46598094701767,7.31223011016846,25.1177749633789,1.29475164413452,37.4459457397461,5.53099727630615,53.7982292175293,-0.425094217061996,0.0183458067476749,1
background,474784.9838,4438626.1748,122.473335266113,1071.00610351562,284.434936523438,41421.77734375,5.29041194915771,-0.990954458713531,10.610279083252,28.3464450836182,1.32009780406952,37.1103744506836,5.30643129348755,53.7724304199219,-0.490650057792664,0.0481569394469261,1
background,474784.9838,4438976.1748,170.466644287109,732.628723144531,257.242828369141,2551.24047851562,1.51989710330963,0.0205952282994986,10.1714887619019,26.5643157958984,1.33643043041229,37.0125007629395,5.2446813583374,53.7313385009766,-0.471837610006332,0.0315685197710991,1
background,474834.9838,4435026.1748,164.715927124023,493.214599609375,186.938278198242,10774.416015625,3.46480131149292,-0.164377078413963,9.87116813659668,22.3370246887207,1.28353798389435,38.0192070007324,5.59567594528198,53.9009628295898,-0.40200999379158,-0.0304535739123821,1
background,474834.9838,4437826.1748,7.04314470291138,455.580352783203,224.035140991211,830.491333007812,0.740624904632568,0.278944700956345,8.52113342285156,28.618091583252,1.35581719875336,36.8466377258301,5.39559698104858,53.7305488586426,-0.425572037696838,0.0515144281089306,1
background,474834.9838,4439776.1748,121.487648010254,38.0296516418457,256.960357666016,5698.84033203125,1.0506409406662,0.0123558435589075,12.6445207595825,23.7144241333008,1.3796021938324,37.496997833252,5.06489944458008,53.7584533691406,-0.347879648208618,0.0176399908959866,1
background,474884.9838,4433176.1748,61.9504585266113,103.428871154785,314.6162109375,1382.62072753906,2.56394052505493,-0.350409418344498,7.86371040344238,23.9007892608643,1.27014219760895,39.9098167419434,5.34325790405273,54.187385559082,-0.380046486854553,0.0154758989810944,1
background,474884.9838,4436326.1748,3.07493281364441,186.726455688477,167.754333496094,6321.96923828125,1.98324644565582,-0.168399497866631,9.04964733123779,24.9047718048096,1.30732619762421,37.656005859375,5.53072929382324,53.8666839599609,-0.373108863830566,0.0239597540348768,1
background,474884.9838,4437626.1748,8.74617099761963,320.046142578125,156.506576538086,664.101623535156,2.25665760040283,0.29434934258461,7.18677282333374,29.9931697845459,1.36035430431366,36.8916053771973,5.40613508224487,53.7216415405273,-0.350791782140732,0.047017827630043,1
background,474884.9838,4441526.1748,489.948181152344,25.4873542785645,216.156036376953,2656.78735351562,2.35519003868103,-1.88001835346222,10.5693645477295,27.0978183746338,1.31679153442383,37.4339981079102,4.59003639221191,53.813648223877,-0.348125606775284,0.0406799167394638,1
background,474934.9838,4433826.1748,243.43669128418,229.702743530273,178.256439208984,3063.65356445312,7.83952569961548,1.74837160110474,7.78698062896729,22.8601417541504,1.27007865905762,38.3201599121094,5.40964889526367,53.8529319763184,-0.414844632148743,-0.0327118448913097,1
background,474984.9838,4435926.1748,136.187408447266,133.256072998047,250.63427734375,2464.01977539062,4.25589561462402,0.174173220992088,7.80534982681274,24.0880222320557,1.28764760494232,37.8036422729492,5.55847120285034,53.8285484313965,-0.455537438392639,0.00735024129971862,1
background,474984.9838,4438126.1748,89.5312881469727,539.54248046875,188.663772583008,1320.5908203125,2.28061723709106,0.168207749724388,8.08736324310303,28.0743465423584,1.35559499263763,36.7912139892578,5.37530899047852,53.693042755127,-0.40484431385994,0.0535182654857635,1
background,474984.9838,4439826.1748,34.7721252441406,22.312536239624,144.399948120117,594.320129394531,0.0296521503478289,-0.142121031880379,13.7603702545166,24.4289703369141,1.39013159275055,37.6280822753906,4.98192644119263,53.7306442260742,-0.381954729557037,0.0297909658402205,1
background,474984.9838,4440026.1748,149.839157104492,192.499237060547,193.829895019531,4060.83251953125,1.59461879730225,0.00563886668533087,9.36665344238281,24.1288585662842,1.40237402915955,37.5777587890625,4.97873973846436,53.7173614501953,-0.372394442558289,0.0414732173085213,1
background,475034.9838,4437976.1748,71.1943664550781,386.574554443359,135.859069824219,1549.69848632812,3.37211203575134,-0.0939565226435661,7.60653400421143,27.7844886779785,1.35907626152039,36.8682823181152,5.38335418701172,53.7019195556641,-0.343849986791611,0.0381290055811405,1
background,475034.9838,4438626.1748,5.38923788070679,989.684387207031,240.900085449219,9526.32421875,2.69057488441467,0.287237852811813,9.66272640228271,27.2186813354492,1.32641637325287,36.9625396728516,5.25662899017334,53.6844863891602,-0.396817088127136,0.0431667305529118,1
background,475034.9838,4439326.1748,61.059326171875,440.078918457031,317.324005126953,2079.9931640625,1.7453408241272,0.0574835166335106,8.43149089813232,26.2969512939453,1.3411511182785,37.0732154846191,5.16808605194092,53.6800804138184,-0.424364924430847,0.0440503433346748,1
background,475034.9838,4440826.1748,69.8760833740234,83.7431335449219,234.152191162109,9433.771484375,3.03797459602356,-0.903959631919861,10.0029611587524,29.7411289215088,1.32396388053894,37.3122100830078,4.59146356582642,53.6899681091309,-0.461128443479538,-0.0239533893764019,1
background,475084.9838,4434376.1748,132.760955810547,513.251342773438,212.200378417969,3373.49145507812,1.72862422466278,0.0114981140941381,8.91613006591797,21.9877243041992,1.27164006233215,38.2070465087891,5.49857139587402,53.8180847167969,-0.384681850671768,-0.019212918356061,1
background,475084.9838,4435526.1748,80.7534103393555,439.816192626953,200.543197631836,18316.93359375,2.42562937736511,-0.149211883544922,10.9809923171997,23.5537986755371,1.29146122932434,37.9603881835938,5.56627607345581,53.8093681335449,-0.392502635717392,0.00905525404959917,1
background,475084.9838,4438576.1748,64.0128021240234,930.326110839844,240.093551635742,4526.984375,1.29366850852966,0.28290593624115,10.3493032455444,27.0513324737549,1.33425843715668,36.9602661132812,5.257737159729,53.6786842346191,-0.393150299787521,0.0534175969660282,1
background,475084.9838,4440926.1748,44.7793006896973,190.393356323242,243.926055908203,8132.44189453125,1.3669581413269,-0.0803457573056221,10.1694679260254,30.2023162841797,1.32724511623383,37.2557678222656,4.59003353118896,53.6748123168945,-0.408155471086502,0.0299426671117544,1
background,475134.9838,4431726.1748,4.86884737014771,385.125183105469,329.942962646484,574.725158691406,2.21092581748962,0.409512251615524,7.14468574523926,19.1484985351562,1.3306131362915,38.5159606933594,5.41257858276367,53.5678520202637,-0.308509021997452,-0.016113044694066,1
background,475134.9838,4436676.1748,41.697826385498,274.021942138672,168.528747558594,4376.705078125,3.76535892486572,-0.0656690150499344,8.72020816802979,24.6496448516846,1.30031669139862,37.6691741943359,5.72396469116211,53.7954330444336,-0.441046386957169,0.0354725867509842,1
background,475184.9838,4435676.1748,6.69938945770264,419.402038574219,226.155883789062,21926.80859375,3.48016762733459,-0.611506283283234,10.4158802032471,23.7123336791992,1.29208958148956,37.8776092529297,5.55015563964844,53.7784881591797,-0.398071944713593,0.0210505966097116,1
background,475184.9838,4437926.1748,53.7320518493652,274.284790039062,165.320129394531,4017.54541015625,1.64224004745483,-0.250101327896118,9.46737480163574,27.730899810791,1.36110734939575,36.9499778747559,5.37901782989502,53.7100372314453,-0.379837334156036,0.0463333204388618,1
background,475234.9838,4434776.1748,67.8142242431641,451.463256835938,221.86979675293,9693.1904296875,1.82310342788696,0.238013997673988,10.1169061660767,21.0245933532715,1.27240872383118,38.1386833190918,5.57527494430542,53.7759170532227,-0.405610382556915,0.0295325759798288,1
background,475234.9838,4440476.1748,72.061767578125,395.4951171875,185.685638427734,798.113464355469,2.42615294456482,0.201565846800804,7.41352939605713,26.2272052764893,1.36808800697327,37.2544441223145,4.65583562850952,53.6250419616699,-0.418394476175308,0.0222626850008965,1
background,475234.9838,4442176.1748,77.6200714111328,761.785095214844,280.736938476562,5238.427734375,2.94635343551636,-0.0159214939922094,9.09427738189697,24.4270915985107,1.17402362823486,37.1465148925781,4.44795322418213,53.5724411010742,-0.381121784448624,0.0178186297416687,1
background,475284.9838,4431876.1748,175.243789672852,236.188278198242,314.765441894531,7532.38232421875,1.95852410793304,-0.123377472162247,9.81438827514648,20.5253143310547,1.26875066757202,38.6401557922363,5.38772487640381,53.5801696777344,-0.325768202543259,-0.00932144932448864,1
background,475284.9838,4433176.1748,46.3439903259277,174.207214355469,258.60400390625,1414.80847167969,11.0115756988525,1.72852444648743,6.50438070297241,25.1798553466797,1.2352397441864,38.7043151855469,5.39745998382568,53.7897415161133,-0.509233891963959,-0.0203790310770273,1
background,475284.9838,4440276.1748,1.56220614910126,541.247802734375,167.658111572266,1179.48059082031,2.95397877693176,0.30755141377449,7.59264516830444,26.5464191436768,1.37467157840729,37.4567604064941,4.95238924026489,53.6421928405762,-0.399825692176819,0.0635909363627434,1
background,475284.9838,4442076.1748,105.903633117676,704.704467773438,271.657562255859,1741.31823730469,1.78036105632782,0.119316391646862,8.69902038574219,27.8417797088623,1.32469391822815,37.147388458252,4.44334697723389,53.5641212463379,-0.396933645009995,0.028135858476162,1
background,475334.9838,4430976.1748,351.793792724609,287.567321777344,129.116851806641,370.066345214844,2.48797130584717,0.74554854631424,6.37028837203979,20.3747520446777,1.34404706954956,38.3834228515625,5.39764547348022,53.3830413818359,-0.276429116725922,-0.0044968007132411,1
background,475334.9838,4433326.1748,12.0216789245605,280.873382568359,275.028839111328,686.758666992188,7.98196029663086,1.31675958633423,6.02495098114014,23.8529148101807,1.25703585147858,38.428295135498,5.39325475692749,53.7237777709961,-0.390072733163834,-0.0134601648896933,1
background,475334.9838,4435276.1748,137.422668457031,546.856750488281,209.081298828125,6242.87109375,3.58110213279724,0.111395314335823,8.66266441345215,21.9405193328857,1.28966474533081,38.1149635314941,5.56698083877563,53.7457504272461,-0.411248296499252,0.0257887337356806,1
background,475334.9838,4439076.1748,82.9387664794922,729.187866210938,228.137222290039,1683.49523925781,1.27612376213074,0.183407068252563,8.59482669830322,22.1849098205566,1.35906219482422,37.0082397460938,5.18659734725952,53.6308364868164,-0.458414167165756,0.0343721248209476,1
background,475384.9838,4430826.1748,434.409301757812,188.000473022461,129.059310913086,2291.09204101562,5.2562084197998,1.89249622821808,8.17246150970459,21.2266502380371,1.33632802963257,38.6784248352051,5.39663028717041,53.4057350158691,-0.452184289693832,-0.0178436189889908,1
background,475384.9838,4431376.1748,43.9050254821777,197.80615234375,254.839584350586,479.855377197266,0.574894785881042,0.18755678832531,8.27949714660645,17.9158344268799,1.34994554519653,38.3874359130859,5.39645671844482,53.4330749511719,-0.283713221549988,-0.00425059394910932,1
background,475384.9838,4432926.1748,255.428619384766,38.0015563964844,270.965606689453,10393.3251953125,24.1525135040283,-3.20794630050659,6.82029485702515,24.2504596710205,1.23851585388184,38.8444786071777,5.39187908172607,53.7636032104492,-0.505158007144928,-0.00546164531260729,1
background,475384.9838,4434876.1748,19.6982288360596,296.056671142578,213.08903503418,7585.47265625,2.49440312385559,0.0576151646673679,9.39301300048828,20.5430660247803,1.29119050502777,38.062858581543,5.56377649307251,53.7403297424316,-0.372044235467911,0.0523833371698856,1
background,475384.9838,4436776.1748,18.2419338226318,75.68701171875,146.684387207031,2399.5263671875,3.30214715003967,0.0515251532196999,8.02503871917725,26.3839683532715,1.32627260684967,37.5561027526855,5.55267715454102,53.7514801025391,-0.338469713926315,0.00668598851189017,1
background,475384.9838,4437676.1748,73.921272277832,124.536445617676,269.137145996094,1549.51147460938,1.79674994945526,0.271920055150986,8.50094890594482,27.9678535461426,1.3568366765976,36.9636039733887,5.37438535690308,53.7883453369141,-0.374212950468063,0.0515490248799324,1
background,475384.9838,4437776.1748,18.428840637207,167.949584960938,302.54833984375,2050.08984375,1.64969122409821,-0.0398954898118973,8.47451114654541,28.7806339263916,1.35299646854401,36.983772277832,5.37568855285645,53.797248840332,-0.389585822820663,0.0376681238412857,1
background,475384.9838,4441376.1748,172.332260131836,292.472198486328,251.439163208008,58401.73828125,1.17377865314484,-0.0574702359735966,12.8052177429199,27.8775386810303,1.34965145587921,37.0893363952637,4.56301355361938,53.5818862915039,-0.391035139560699,0.0328274816274643,1
background,475384.9838,4441726.1748,308.895935058594,551.748229980469,198.347061157227,2926.978515625,2.65921902656555,-0.134528934955597,8.57666397094727,26.3897647857666,1.35246706008911,37.0740737915039,4.51279306411743,53.5669975280762,-0.30906555056572,0.0285300388932228,1
background,475384.9838,4442076.1748,29.7695274353027,768.492553710938,237.516494750977,893.82177734375,1.8665509223938,0.192616403102875,7.3967604637146,28.7325763702393,1.3247047662735,37.130916595459,4.43652534484863,53.5444145202637,-0.453117877244949,0.0144180450588465,1
background,475434.9838,4430676.1748,281.190704345703,163.420166015625,78.0954055786133,6341.203125,11.2624006271362,-1.24367582798004,7.84514045715332,20.7585353851318,1.32981860637665,38.9723625183105,5.39207696914673,53.4455642700195,-0.344633191823959,-0.00237089954316616,1
background,475434.9838,4430726.1748,331.188415527344,139.268157958984,98.1118774414062,5669.82568359375,12.6474571228027,-1.07132911682129,7.74182462692261,20.7921257019043,1.33237898349762,38.9731330871582,5.39281034469604,53.4528923034668,-0.362473130226135,-0.00293724681250751,1
background,475434.9838,4431776.1748,121.001403808594,242.643569946289,301.409362792969,1893.29064941406,2.33699464797974,0.17428095638752,8.35391616821289,21.3276348114014,1.27428531646729,38.5237312316895,5.3818211555481,53.5041999816895,-0.335697174072266,0.00031547257094644,1
background,475434.9838,4431826.1748,169.157104492188,193.539077758789,297.044219970703,1735.14697265625,2.51854515075684,0.414946407079697,8.37056255340576,21.5868301391602,1.25572490692139,38.5479965209961,5.38234519958496,53.5164222717285,-0.416445523500443,-0.00969059858471155,1
background,475434.9838,4434026.1748,263.565307617188,182.835983276367,144.939575195312,1417.60900878906,18.5517616271973,0.961686551570892,5.76904010772705,23.1466064453125,1.26128613948822,38.4966850280762,5.36511707305908,53.8002014160156,-0.501175999641418,-0.00374074443243444,1
background,475484.9838,4432626.1748,353.656982421875,276.42626953125,248.482757568359,2373.46655273438,2.21851658821106,-0.133402034640312,8.4849853515625,23.9236125946045,1.24997365474701,38.5875816345215,5.38769054412842,53.6271438598633,-0.364858746528625,0.0113012287765741,1
background,475484.9838,4435426.1748,170.3291015625,582.887573242188,189.512283325195,7332.5,1.93177342414856,0.0182589218020439,9.43578720092773,22.1511344909668,1.28355360031128,38.1196556091309,5.5376124382019,53.7013282775879,-0.439627468585968,0.0228469036519527,1
background,475484.9838,4438026.1748,196.080581665039,320.919616699219,127.886322021484,375.782623291016,0.28534722328186,0.22905570268631,10.7684116363525,30.479621887207,1.3317676782608,36.9711380004883,5.33863544464111,53.7746658325195,-0.418741375207901,0.0392655394971371,1
background,475484.9838,4440676.1748,51.767406463623,526.618408203125,168.873138427734,1396.59094238281,2.26214623451233,0.121934249997139,8.40884780883789,28.4111080169678,1.35216128826141,37.0737609863281,4.56725931167603,53.575065612793,-0.403495937585831,0.0393829979002476,1
background,475484.9838,4440776.1748,37.1540946960449,517.065795898438,221.953277587891,1418.68798828125,1.07179522514343,0.0556102767586708,8.66070556640625,29.0111064910889,1.34544050693512,37.0136947631836,4.56731605529785,53.5629386901855,-0.427367359399796,0.0468443855643272,1
background,475484.9838,4441876.1748,145.221801757812,714.225891113281,167.286163330078,1317.56799316406,1.6748343706131,0.0899447202682495,8.35092163085938,26.5855159759521,1.3487046957016,37.1778297424316,4.428147315979,53.5414962768555,-0.34229364991188,-0.00362421642057598,1
background,475534.9838,4430226.1748,63.6092834472656,293.914886474609,77.8707504272461,1975.853515625,9.5974063873291,-0.287478506565094,6.86491918563843,20.6977119445801,1.3320277929306,39.1763229370117,5.38344430923462,53.3130149841309,-0.30495822429657,-0.00390908867120743,1
background,475534.9838,4432426.1748,161.449234008789,94.7588577270508,162.148010253906,1370.73168945312,23.6720237731934,-1.32713615894318,5.52448892593384,24.3689765930176,1.24841201305389,39.3340148925781,5.36710262298584,53.7813034057617,-0.514860451221466,-0.0311438348144293,1
background,475534.9838,4432826.1748,303.984283447266,211.476959228516,257.824584960938,1773.07885742188,2.03545689582825,0.09513059258461,8.37298107147217,23.7410354614258,1.24710261821747,38.509391784668,5.38833570480347,53.6330184936523,-0.385699242353439,-0.0044488376006484,1
background,475534.9838,4438026.1748,175.977783203125,276.294921875,108.201454162598,257.74853515625,0.543735265731812,0.213520482182503,8.23970794677734,30.5126132965088,1.32897698879242,37.0037307739258,5.33468818664551,53.7704887390137,-0.441818326711655,0.0603777803480625,1
background,475534.9838,4438926.1748,125.40461730957,947.816528320312,199.126113891602,1530.08422851562,0.76671177148819,0.267665833234787,9.66878604888916,22.3252334594727,1.35869002342224,36.9947700500488,5.18278026580811,53.5980033874512,-0.425044268369675,0.0447116121649742,1
background,475534.9838,4439826.1748,20.1311721801758,449.828796386719,250.520492553711,8685.634765625,1.15316903591156,0.0903500840067863,10.4272451400757,25.2012138366699,1.37375724315643,37.5306434631348,4.95067548751831,53.6246871948242,-0.349404841661453,0.0325006432831287,1
background,475584.9838,4434026.1748,304.267639160156,86.9267425537109,164.824417114258,2242.98120117188,9.61001110076904,-0.0207882504910231,7.02031469345093,23.8680171966553,1.25402975082397,38.7775650024414,5.35925102233887,53.8436508178711,-0.458444267511368,-0.0135144619271159,1
background,475584.9838,4434076.1748,344.944580078125,128.160110473633,150.960983276367,1428.95861816406,6.58831119537354,-0.254889011383057,6.8908109664917,23.8720092773438,1.25867009162903,38.6845893859863,5.36053514480591,53.8261413574219,-0.430782854557037,-0.00857216957956553,1
background,475584.9838,4435576.1748,10.0204610824585,420.711364746094,194.363632202148,12694.8994140625,1.69888949394226,-0.0967324897646904,10.4258460998535,23.2083034515381,1.27355360984802,38.0216293334961,5.53178691864014,53.683666229248,-0.449802428483963,0.030759371817112,1
background,475584.9838,4436026.1748,11.9633007049561,376.412261962891,191.275650024414,1541.18188476562,1.33958792686462,0.0776576995849609,8.57848358154297,25.5911846160889,1.28272664546967,37.6656608581543,5.51351451873779,53.6884269714355,-0.440059036016464,0.00816359091550112,1
background,475584.9838,4438626.1748,63.0010299682617,758.780883789062,186.565841674805,1840.97570800781,1.79870593547821,0.0830756351351738,8.60552883148193,22.9835548400879,1.35004699230194,36.9744148254395,5.21006870269775,53.7268600463867,-0.444076389074326,0.0318343751132488,1
background,475584.9838,4439026.1748,29.3661766052246,887.725463867188,198.519607543945,987.693359375,0.0720520243048668,0.0156158665195107,10.9967794418335,22.184383392334,1.35492098331451,37.0064964294434,5.1768913269043,53.5912742614746,-0.443730533123016,0.0284177493304014,1
background,475584.9838,4442226.1748,165.084823608398,1015.29168701172,211.352569580078,961.276916503906,0.890295147895813,0.0565164126455784,9.4251184463501,28.7735233306885,1.33064806461334,37.1350746154785,4.40691232681274,53.6585388183594,-0.3556227684021,-0.00440656673163176,1
background,475634.9838,4432926.1748,205.485610961914,237.627807617188,282.977355957031,1523.40734863281,2.52766990661621,-0.070220522582531,7.96314907073975,23.4584636688232,1.25220108032227,38.5041236877441,5.38033580780029,53.6213035583496,-0.450979143381119,-0.0124785164371133,1
background,475634.9838,4434776.1748,190.228668212891,75.1501083374023,133.718215942383,3704.52612304688,18.2862319946289,1.27565574645996,6.71425485610962,21.2872924804688,1.2999746799469,38.1320571899414,5.33044576644897,53.752067565918,-0.398658454418182,0.0210786182433367,1
background,475634.9838,4435526.1748,19.2718181610107,402.643096923828,214.276611328125,3465.91088867188,2.03762054443359,-0.0371667481958866,8.81395626068115,23.0884304046631,1.27395296096802,38.0866165161133,5.53156328201294,53.677806854248,-0.444270640611649,0.0144715560600162,1
background,475634.9838,4436676.1748,36.0878067016602,176.483734130859,229.226516723633,19526.603515625,1.32008278369904,-0.0880361422896385,11.1151895523071,26.3899593353271,1.32156598567963,37.4103660583496,5.47651052474976,53.702709197998,-0.397197037935257,0.0299692954868078,1
background,475634.9838,4438226.1748,31.5559024810791,362.938720703125,155.884689331055,1893.06726074219,0.956902384757996,0.032478004693985,9.0926628112793,30.2037925720215,1.315962433815,37.131721496582,5.24640893936157,53.7523155212402,-0.474847942590714,-0.0385121665894985,1
background,475634.9838,4439326.1748,32.4369621276855,698.632995605469,250.259704589844,500.873016357422,0.181638062000275,0.027097137644887,9.52489280700684,21.3255004882812,1.34219634532928,37.0817222595215,5.12851524353027,53.5834541320801,-0.52950257062912,0.0259675420820713,1
background,475634.9838,4442076.1748,124.163505554199,953.45556640625,168.215560913086,1514.39807128906,1.146852850914,0.0181939359754324,8.88619041442871,27.6083030700684,1.34335064888,37.1396217346191,4.42034959793091,53.5157814025879,-0.33190393447876,0.00390858668833971,1
background,475684.9838,4430576.1748,300.557769775391,43.2305145263672,91.249870300293,5304.98486328125,11.2539653778076,-0.709262251853943,6.68678140640259,19.2928237915039,1.34658491611481,39.7976188659668,5.34659337997437,53.577709197998,-0.290526390075684,-0.00248480448499322,1
background,475684.9838,4432326.1748,186.880752563477,75.3556594848633,320.401489257812,1649.86401367188,21.179256439209,-1.55018651485443,5.79171991348267,23.9679851531982,1.23242163658142,39.2682456970215,5.36338329315186,53.7459983825684,-0.453466564416885,0.0113843325525522,1
background,475684.9838,4433976.1748,206.542846679688,17.0245952606201,247.020721435547,4102.64013671875,14.2034511566162,-5.07254648208618,10.0237836837769,23.8565406799316,1.24952232837677,38.788257598877,5.35428237915039,53.8172340393066,-0.472543090581894,0.0141791105270386,1
background,475684.9838,4434376.1748,58.0004653930664,29.3028049468994,119.730018615723,2611.6767578125,1.99809062480927,-0.545693099498749,10.3242597579956,23.1913528442383,1.27524447441101,38.8166198730469,5.3364405632019,53.8680114746094,-0.32264918088913,-0.00117847498040646,1
background,475684.9838,4435626.1748,91.4253540039062,308.935089111328,213.268142700195,2039.05297851562,1.60685873031616,-0.0836038812994957,8.55798149108887,23.5790519714355,1.27001130580902,38.0365028381348,5.5087947845459,53.6615829467773,-0.464638233184814,0.015814458951354,1
background,475684.9838,4437926.1748,73.897705078125,97.6933135986328,106.554389953613,4791.22216796875,1.3980975151062,-0.273245990276337,9.71962738037109,31.1892890930176,1.31933796405792,37.0675849914551,5.33110809326172,53.7522964477539,-0.466466218233109,0.0353433415293694,1
background,475684.9838,4440826.1748,123.951736450195,647.711303710938,171.08740234375,505.267150878906,1.87569510936737,0.352357596158981,7.36636352539062,28.1443901062012,1.35052502155304,37.0000152587891,4.54648733139038,53.5248184204102,-0.415038973093033,0.0364730507135391,1
background,475734.9838,4430526.1748,301.220520019531,1.96605312824249,91.0379867553711,11509.8642578125,7.17566585540771,-1.14168405532837,8.64388561248779,19.7163486480713,1.34512579441071,40.0006561279297,5.3299732208252,53.6031608581543,-0.304534554481506,-0.0107900034636259,1
background,475734.9838,4431076.1748,399.0068359375,40.9930458068848,204.768188476562,7121.96435546875,2.63191485404968,-1.6509997844696,9.37544059753418,20.0676956176758,1.30995631217957,39.5123481750488,5.35119199752808,53.6417617797852,-0.36409068107605,0.00987817253917456,1
background,475734.9838,4431576.1748,180.755508422852,41.5493850708008,201.818161010742,1769.07690429688,16.4953479766846,-0.0586413443088531,6.03993320465088,20.950611114502,1.29924786090851,38.5729637145996,5.37226581573486,53.5107803344727,-0.415357738733292,-0.00641927449032664,1
background,475734.9838,4433876.1748,96.9253463745117,120.160926818848,325.301055908203,1494.6298828125,11.6895608901978,2.09583973884583,6.32912588119507,23.9095878601074,1.2444726228714,38.4076042175293,5.35356569290161,53.6949996948242,-0.424398839473724,0.00596644869074225,1
background,475734.9838,4436476.1748,60.312557220459,338.725341796875,244.557159423828,192.869232177734,0.770877301692963,0.381119728088379,8.28923034667969,25.4432830810547,1.30297946929932,37.3744697570801,5.47061634063721,53.6595191955566,-0.413370370864868,0.052421648055315,1
background,475734.9838,4436726.1748,76.5653305053711,269.849517822266,238.359497070312,9331.6123046875,0.921260952949524,-0.0242012068629265,10.6932926177979,27.4998245239258,1.31786727905273,37.4041366577148,5.46793508529663,53.6908378601074,-0.350204944610596,0.0354579240083694,1
background,475734.9838,4438926.1748,14.759129524231,1035.04919433594,120.100791931152,1330.02819824219,2.43074703216553,0.0962697491049767,7.68889379501343,24.427375793457,1.35005486011505,37.0275001525879,5.17500448226929,53.7145690917969,-0.477389931678772,0.0655303150415421,1
background,475784.9838,4430076.1748,68.6955718994141,245.785720825195,103.587867736816,1182.01818847656,17.5017795562744,0.528359949588776,5.39724493026733,19.9184341430664,1.30449342727661,39.3504104614258,5.37053489685059,53.2808876037598,-0.349778592586517,-0.0211650524288416,1
background,475784.9838,4432926.1748,59.3527641296387,314.032684326172,247.023529052734,372.811676025391,1.46279752254486,0.488292366266251,7.02828454971313,23.7570552825928,1.25451648235321,38.3886489868164,5.37219142913818,53.6057548522949,-0.436145633459091,-0.0208887234330177,1
background,475834.9838,4432326.1748,118.837547302246,156.957672119141,324.196105957031,668.593994140625,22.268461227417,2.249591588974,4.76684427261353,23.8390865325928,1.23359346389771,38.8549690246582,5.37051486968994,53.6704063415527,-0.464751452207565,-0.0137739283964038,1
background,475834.9838,4436126.1748,190.185119628906,145.678039550781,132.835876464844,949.707458496094,2.6896288394928,0.393739521503448,7.32864284515381,26.2411403656006,1.28167951107025,37.7169227600098,5.48210859298706,53.6474418640137,-0.455759286880493,0.0243782661855221,1
background,475884.9838,4430576.1748,256.122436523438,15.2453813552856,127.777618408203,15792.853515625,4.74463224411011,-1.72127401828766,9.51389217376709,19.6682319641113,1.34100770950317,40.2067375183105,5.30765676498413,53.7189407348633,-0.374739706516266,-0.0070763947442174,1
background,475884.9838,4433976.1748,89.1399765014648,152.941772460938,285.897644042969,2601.802734375,5.34765863418579,1.2189347743988,7.86229562759399,23.2369060516357,1.25469350814819,38.4106750488281,5.34016275405884,53.6769027709961,-0.399991005659103,0.00740212015807629,1
background,475884.9838,4436326.1748,147.330581665039,192.125564575195,142.925338745117,2051.03271484375,4.22470712661743,-0.209420546889305,7.94699716567993,25.1747894287109,1.29641532897949,37.5589561462402,5.47404909133911,53.6425552368164,-0.483589708805084,-0.0849848836660385,1
background,475884.9838,4439776.1748,90.5493698120117,795.46044921875,305.904418945312,1030.35424804688,1.17214381694794,0.0523041114211082,8.18279457092285,23.6933631896973,1.34935915470123,37.4809074401855,4.93111991882324,53.5577812194824,-0.464722365140915,-0.0122666098177433,1
background,475934.9838,4432326.1748,43.1606636047363,83.5487213134766,211.411468505859,195.025512695312,4.20245027542114,3.27273559570312,7.13373756408691,23.8765029907227,1.23724257946014,38.5964660644531,5.36855173110962,53.5837020874023,-0.416162997484207,0.00319649861194193,1
background,475934.9838,4433626.1748,137.530548095703,440.266418457031,225.653747558594,201.819366455078,1.24038743972778,0.821461796760559,8.33851623535156,22.4937973022461,1.24721121788025,38.2628898620605,5.34254503250122,53.6428565979004,-0.391763299703598,-0.0229892879724503,1
background,475934.9838,4437426.1748,8.06116104125977,308.833374023438,168.66471862793,1811.61791992188,1.62127614021301,-0.0360314436256886,8.65600776672363,29.2817993164062,1.35604476928711,37.0861663818359,5.35141897201538,53.6923522949219,-0.434650033712387,0.0310735497623682,1
background,475934.9838,4441576.1748,50.9603652954102,868.306274414062,200.957992553711,7473.24755859375,0.869547963142395,-0.0769928470253944,10.569769859314,29.6269798278809,1.35244393348694,37.1836128234863,4.42772006988525,53.4922332763672,-0.413882523775101,0.0346479564905167,1
background,475984.9838,4432176.1748,49.4134559631348,47.5130844116211,92.4584884643555,5308.26220703125,11.5200672149658,-2.35669136047363,7.51851987838745,22.2541160583496,1.25730299949646,38.807258605957,5.36759185791016,53.6032295227051,-0.424525648355484,-0.00344469491392374,1
background,475984.9838,4434926.1748,177.060943603516,6.17484951019287,165.355606079102,3172.68237304688,9.27358245849609,-2.02489304542542,9.37258625030518,22.8954391479492,1.27724349498749,38.1150817871094,5.29203319549561,53.688362121582,-0.492269694805145,0.0338968113064766,1
background,475984.9838,4437526.1748,114.340354919434,210.357452392578,132.241012573242,864.264221191406,2.22345542907715,0.205615639686584,7.39161205291748,28.8637866973877,1.3522139787674,37.0713195800781,5.34398889541626,53.6849021911621,-0.385646432638168,0.0397493168711662,1
background,476034.9838,4431776.1748,143.564910888672,212.043930053711,105.710998535156,3729.56884765625,15.2160234451294,-1.82454109191895,6.78611087799072,21.1996669769287,1.2809876203537,39.0812110900879,5.35943078994751,53.6017646789551,-0.493782699108124,-0.121635101735592,1
background,476034.9838,4433826.1748,81.8952026367188,364.719360351562,320.510925292969,660.335144042969,2.22651314735413,0.28714382648468,7.10818862915039,23.2362422943115,1.25179636478424,38.2605171203613,5.33054542541504,53.6705551147461,-0.379395663738251,0.00681666238233447,1
background,476034.9838,4433926.1748,3.00055503845215,303.996978759766,303.403167724609,3732.5458984375,2.36276030540466,-0.0797580108046532,8.80242729187012,23.1076240539551,1.25728678703308,38.2944641113281,5.32680368423462,53.687858581543,-0.37084025144577,-0.0279940273612738,1
background,476034.9838,4437676.1748,224.973785400391,108.501480102539,88.1212921142578,917.105773925781,1.80659317970276,0.115017555654049,7.9982533454895,28.9294853210449,1.33771800994873,37.1247329711914,5.32039499282837,53.6874389648438,-0.43998509645462,0.0334875993430614,1
background,476034.9838,4437926.1748,23.5559883117676,114.195938110352,155.325546264648,1765.98974609375,1.55415880680084,-0.0882411748170853,8.56201648712158,29.6351413726807,1.29073703289032,37.2045669555664,5.25330209732056,53.6910362243652,-0.459931790828705,0.0472243577241898,1
background,476034.9838,4438876.1748,21.5024185180664,922.337097167969,129.057800292969,5663.51171875,1.942511677742,-0.103717148303986,9.43702697753906,26.9801940917969,1.33360064029694,37.2230987548828,5.16944885253906,53.6983184814453,-0.42971870303154,0.064405545592308,1
background,476084.9838,4431126.1748,394.064483642578,243.208129882812,174.733428955078,516.97509765625,4.97897577285767,1.392582654953,6.07615947723389,22.1252613067627,1.28838241100311,39.1853904724121,5.34924125671387,53.5002059936523,-0.36047500371933,-0.00574042182415724,1
background,476084.9838,4432426.1748,3.60180926322937,149.353820800781,316.610534667969,776.177429199219,9.67755317687988,2.51454615592957,5.82403469085693,25.0000667572021,1.23766303062439,38.4806861877441,5.35696840286255,53.5304069519043,-0.355033874511719,0.0291400533169508,1
background,476084.9838,4432976.1748,183.294921875,112.36304473877,147.548675537109,1917.83862304688,12.4501371383667,-1.60613930225372,6.44364404678345,24.1301975250244,1.24690592288971,39.0299415588379,5.33853673934937,53.7395820617676,-0.45806872844696,-0.0384398549795151,1
background,476084.9838,4434126.1748,115.450073242188,253.731384277344,267.009552001953,2600.77075195312,3.1745343208313,0.446601301431656,8.41512489318848,21.078161239624,1.29355788230896,38.2829437255859,5.31256008148193,53.6943130493164,-0.389304965734482,0.0290454272180796,1
background,476084.9838,4437276.1748,81.9936370849609,276.434600830078,146.898696899414,3586.349609375,2.01355481147766,-0.0768377110362053,8.89133834838867,28.7860012054443,1.35238993167877,37.2027778625488,5.35784149169922,53.6425933837891,-0.433437556028366,0.0143438847735524,1
background,476084.9838,4437826.1748,71.9164047241211,47.9375076293945,147.851837158203,5161.33544921875,1.33056831359863,-0.0278609618544579,9.83756828308105,29.3927440643311,1.30171799659729,37.2288513183594,5.27114057540894,53.688045501709,-0.368365436792374,0.0396705456078053,1
background,476084.9838,4438776.1748,23.3959732055664,864.928894042969,292.890808105469,1114.83581542969,0.25027135014534,-0.0565616115927696,9.93341255187988,26.8307476043701,1.32496011257172,37.225700378418,5.16810607910156,53.6858863830566,-0.44415283203125,0.0329296514391899,1
background,476084.9838,4441126.1748,17.3389854431152,933.789978027344,113.217414855957,155.625869750977,0.247258886694908,0.321264088153839,9.65279865264893,25.0667343139648,1.36526012420654,37.0245666503906,4.52061605453491,53.4581909179688,-0.402105689048767,0.00849664956331253,1
background,476134.9838,4430026.1748,284.128326416016,88.5879669189453,41.7479820251465,7632.15380859375,6.32761526107788,-0.543706119060516,8.3548002243042,20.103235244751,1.27475166320801,40.3995323181152,5.30329179763794,53.541934967041,-0.444195508956909,0.000130461048684083,1
background,476134.9838,4437376.1748,16.7927761077881,183.809036254883,128.849731445312,2659.517578125,1.16858422756195,0.208228677511215,9.17823600769043,28.7678451538086,1.35039567947388,37.1529159545898,5.3421483039856,53.6644134521484,-0.428157597780228,0.0244886614382267,1
background,476134.9838,4438226.1748,13.5287961959839,428.364990234375,204.424713134766,3213.79296875,1.2875565290451,0.113568998873234,9.26420116424561,28.0818996429443,1.29016160964966,37.201831817627,5.20566892623901,53.6655197143555,-0.465663492679596,0.0281639881432056,1
background,476134.9838,4440776.1748,153.606246948242,1067.52062988281,123.80655670166,3096.9267578125,1.52274823188782,0.057001531124115,9.09559345245361,25.5408172607422,1.33168530464172,37.2441711425781,4.51900386810303,53.4808959960938,-0.394745409488678,0.0433071553707123,1
background,476134.9838,4442076.1748,160.240875244141,767.568420410156,209.735595703125,2004.28649902344,1.78621661663055,0.27105188369751,8.50630474090576,30.6884632110596,1.31918478012085,37.058837890625,4.36673021316528,53.5927314758301,-0.445672482252121,0.0203947816044092,1
background,476184.9838,4429826.1748,369.424957275391,79.018684387207,56.642936706543,1039.69738769531,7.32893800735474,0.63747763633728,6.42565822601318,20.5514640808105,1.28886198997498,40.1127014160156,5.32427740097046,53.4249992370605,-0.339393645524979,-0.00693143764510751,1
background,476184.9838,4436926.1748,53.8713073730469,255.948181152344,131.68489074707,824.316223144531,2.90241622924805,0.461021423339844,7.03059864044189,27.2808990478516,1.3679530620575,37.2154006958008,5.39713621139526,53.5965957641602,-0.399090260267258,-0.0318519733846188,1
background,476184.9838,4438226.1748,19.0569248199463,449.276000976562,199.222259521484,1424.35949707031,1.39804041385651,0.216347888112068,8.25863361358643,27.8604888916016,1.29097092151642,37.1952972412109,5.20308876037598,53.6542472839355,-0.445579916238785,0.00847982801496983,1
background,476184.9838,4438776.1748,27.9922924041748,765.234436035156,63.9740219116211,846.907775878906,0.198607206344604,0.0200160425156355,9.87472820281982,26.5753936767578,1.32014071941376,37.2294387817383,5.16293048858643,53.6668319702148,-0.420837640762329,0.0281603280454874,1
background,476184.9838,4440626.1748,34.3361930847168,997.008972167969,124.55753326416,3369.607421875,1.89762365818024,0.0933996811509132,8.8887939453125,28.4508895874023,1.32483637332916,37.3128280639648,4.51904773712158,53.5018768310547,-0.359666645526886,0.0302751380950212,1
background,476234.9838,4430776.1748,53.005485534668,108.09220123291,137.645111083984,5029.20263671875,5.77092266082764,-1.0503443479538,8.04277610778809,19.5169429779053,1.31379294395447,40.449390411377,5.24956703186035,53.7212257385254,-0.2530297935009,0.0239786077290773,1
background,476234.9838,4432226.1748,224.801895141602,159.945404052734,174.378616333008,882.832153320312,16.5921993255615,1.223996758461,5.54901790618896,22.1488513946533,1.26726949214935,38.583251953125,5.36256313323975,53.5060577392578,-0.342119008302689,-0.0120075326412916,1
background,476334.9838,4430776.1748,29.3883266448975,74.1053085327148,146.019714355469,5744.005859375,5.39139318466187,0.0213154181838036,8.35140514373779,19.5513858795166,1.32104933261871,40.6352958679199,5.22174978256226,53.7415885925293,-0.26998645067215,0.0186331011354923,1
background,476334.9838,4432426.1748,160.322891235352,337.896484375,296.996154785156,819.069641113281,5.17321443557739,1.13473093509674,6.77679443359375,24.5628147125244,1.23643100261688,38.2676162719727,5.34901571273804,53.4312705993652,-0.371396511793137,0.0202774796634912,1
background,476334.9838,4432776.1748,64.9719009399414,156.971435546875,35.6970367431641,3208.23852539062,7.72176933288574,1.32664370536804,7.05000448226929,24.7962875366211,1.2469756603241,38.8566856384277,5.33085536956787,53.6146583557129,-0.429184824228287,0.000284756737528369,1
background,476334.9838,4434076.1748,3.93877720832825,386.338439941406,226.44694519043,1189.13928222656,0.514175534248352,0.0206760540604591,9.15083694458008,20.4553890228271,1.30867409706116,38.230339050293,5.30258226394653,53.6257286071777,-0.42773249745369,0.0105252312496305,1
background,476334.9838,4441426.1748,41.819263458252,720.022888183594,279.537933349609,2243.45776367188,2.33663630485535,0.0126182157546282,8.38734722137451,29.9008274078369,1.36837339401245,37.1373901367188,4.39438343048096,53.4089431762695,-0.427293360233307,0.0115745887160301,1
background,476334.9838,4441826.1748,17.3747959136963,550.399780273438,254.145202636719,7277.68115234375,2.59686040878296,-0.144585147500038,9.40246868133545,29.3500061035156,1.32448935508728,37.1411323547363,4.36760663986206,53.5856819152832,-0.504000782966614,0.0222388673573732,1
background,476384.9838,4431326.1748,314.233306884766,43.9729080200195,147.186309814453,1551.01647949219,4.78825426101685,-1.30859267711639,8.41869068145752,22.0851573944092,1.27154421806335,40.1823425292969,5.27187633514404,53.724666595459,-0.296759217977524,-0.00559412641450763,1
background,476384.9838,4436526.1748,137.453720092773,240.840209960938,121.15251159668,1225.88330078125,2.53481221199036,0.213621333241463,7.64918184280396,29.3950786590576,1.29652988910675,37.5007667541504,5.41935253143311,53.5775184631348,-0.448117583990097,0.0346859991550446,1
background,476384.9838,4437776.1748,29.3505001068115,252.530563354492,92.0397109985352,4065.025390625,1.06797683238983,-0.177058413624763,9.9058952331543,27.811595916748,1.31605350971222,37.3129081726074,5.24632120132446,53.640064239502,-0.412925839424133,0.0700441002845764,1
background,476384.9838,4438276.1748,54.7414207458496,586.257385253906,130.432067871094,811.947570800781,0.866910338401794,0.26729878783226,8.35691070556641,26.9111709594727,1.29677140712738,37.2009010314941,5.19217443466187,53.6206436157227,-0.482916057109833,0.0414930731058121,1
background,476434.9838,4429576.1748,711.23876953125,235.408554077148,240.659149169922,887.116638183594,10.520938873291,-0.442457735538483,5.92227840423584,19.2004070281982,1.27292120456696,39.7201461791992,5.33162975311279,53.2547569274902,-0.342765003442764,0.0116494642570615,1
background,476434.9838,4432376.1748,238.873718261719,284.343597412109,238.065795898438,679.704345703125,2.41107225418091,0.837075769901276,7.04200506210327,24.0198612213135,1.239670753479,38.2403450012207,5.35006999969482,53.3979797363281,-0.395531088113785,0.00502846436575055,1
background,476434.9838,4433476.1748,64.8528900146484,370.503021240234,216.4833984375,1233.77258300781,0.671065449714661,0.229157119989395,9.14029693603516,22.536714553833,1.26118862628937,38.3500213623047,5.30432939529419,53.5513801574707,-0.435585469007492,-0.00580196920782328,1
background,476434.9838,4438076.1748,125.651756286621,453.179901123047,174.084075927734,1462.8291015625,3.17403602600098,0.317200362682343,7.77302122116089,27.0069179534912,1.29242157936096,37.2712135314941,5.19847869873047,53.6182479858398,-0.475523948669434,0.0435828007757664,1
background,476434.9838,4441926.1748,35.3229789733887,447.061981201172,240.310333251953,3408.17504882812,4.14211511611938,-0.4288409948349,8.19950294494629,29.9128494262695,1.3315132856369,37.0621948242188,4.34622526168823,53.5505027770996,-0.506134569644928,0.0178714208304882,1
background,476484.9838,4430676.1748,155.273681640625,90.9081039428711,77.47900390625,181.967895507812,0.0333882048726082,-0.125674039125443,14.9449071884155,18.9360542297363,1.32885360717773,40.758228302002,5.19642972946167,53.7267417907715,-0.248242571949959,0.0159304030239582,1
background,476484.9838,4431676.1748,476.163665771484,129.988403320312,181.298568725586,1511.74145507812,10.6287689208984,0.0106482300907373,6.52690076828003,22.1324787139893,1.25535011291504,39.8366928100586,5.31048440933228,53.6783294677734,-0.361976534128189,-0.0241091512143612,1
background,476484.9838,4437376.1748,50.1169815063477,126.858734130859,175.202026367188,924.863037109375,2.68306803703308,0.583585798740387,7.48437118530273,26.9458084106445,1.35552740097046,37.2460861206055,5.33955192565918,53.563404083252,-0.405296862125397,0.0243921671062708,1
background,476484.9838,4438026.1748,130.799926757812,457.212890625,161.88671875,2372.13403320312,2.80410218238831,-0.265324980020523,8.37490749359131,27.0920791625977,1.29569208621979,37.3177146911621,5.19923067092896,53.6156120300293,-0.461573898792267,0.0457645431160927,1
background,476484.9838,4439676.1748,64.3851470947266,389.611694335938,78.8523330688477,907.787231445312,1.2689254283905,0.0612226538360119,8.76119518280029,27.0878582000732,1.34433996677399,37.6352958679199,4.89786148071289,53.6263427734375,-0.421561300754547,0.0458941273391247,1
background,476484.9838,4440526.1748,83.6495971679688,687.758117675781,155.399963378906,5464.2265625,1.6576669216156,-0.156731903553009,9.64743995666504,28.5470218658447,1.33778607845306,37.8528671264648,4.75292158126831,53.5761833190918,-0.482636868953705,0.0373305417597294,0
background,476534.9838,4432426.1748,224.018127441406,329.681060791016,249.283401489258,261.306915283203,1.56758427619934,0.750169694423676,6.66404151916504,23.7445278167725,1.25387871265411,38.193042755127,5.34652805328369,53.3770065307617,-0.380162090063095,-0.0064767268486321,1
background,476534.9838,4440226.1748,69.9484024047852,681.226501464844,156.889785766602,4600.4375,1.20560693740845,0.0489403158426285,13.2178497314453,27.0967063903809,1.34663927555084,37.8847885131836,4.76448345184326,53.627269744873,-0.457621365785599,0.0501251183450222,0
background,476534.9838,4441176.1748,156.301040649414,771.03857421875,164.992233276367,1565.92883300781,4.76049089431763,0.0728810355067253,7.31322431564331,28.183780670166,1.37384438514709,37.1853218078613,4.46332311630249,53.4044418334961,-0.412172317504883,0.0171830058097839,1
background,476584.9838,4432876.1748,19.2112007141113,44.4701385498047,295.100433349609,6218.05126953125,12.4775848388672,-3.04727625846863,8.39920139312744,25.1467933654785,1.23995304107666,38.9999847412109,5.32202959060669,53.6142539978027,-0.431417644023895,0.00559542793780565,1
background,476584.9838,4434376.1748,65.6541900634766,203.913619995117,119.895446777344,727.646667480469,2.56479930877686,0.19321745634079,7.05768966674805,20.8124389648438,1.3381644487381,38.2354278564453,5.27235317230225,53.6044044494629,-0.341969579458237,0.0198650751262903,1
background,476634.9838,4432876.1748,30.7193660736084,94.2826919555664,289.132781982422,2606.3046875,17.1760082244873,0.4054074883461,6.45380783081055,25.2061538696289,1.23995494842529,38.8734817504883,5.32217168807983,53.5708923339844,-0.463194787502289,-0.00123585562687367,1
background,476634.9838,4436526.1748,22.734094619751,50.9530410766602,111.283012390137,2752.42700195312,3.04055595397949,-0.253484040498734,9.16079998016357,26.9888896942139,1.30717504024506,37.9422149658203,5.41805124282837,53.5867538452148,-0.449656903743744,0.0550579465925694,1
background,476634.9838,4436626.1748,22.5276355743408,25.7713413238525,148.955673217773,7158.19580078125,1.81246364116669,-0.577985882759094,12.8223114013672,26.7849922180176,1.31859624385834,37.8074417114258,5.41564846038818,53.586181640625,-0.469502002000809,0.040775503963232,1
background,476634.9838,4440576.1748,11.987982749939,544.802429199219,214.797058105469,2223.62817382812,0.841713666915894,0.0251362379640341,11.6234693527222,28.0091419219971,1.33967864513397,37.81005859375,4.69196605682373,53.5935516357422,-0.417198717594147,0.0319352969527245,0
background,476684.9838,4429776.1748,642.531311035156,164.169906616211,109.81721496582,482.924560546875,6.91250324249268,0.865603446960449,5.84819364547729,19.3390254974365,1.29155361652374,39.9563636779785,5.29277753829956,53.2565383911133,-0.343321442604065,0.0139445019885898,1
background,476684.9838,4429876.1748,579.60107421875,262.935455322266,326.348388671875,1787.44409179688,7.77465724945068,0.336121052503586,6.88420438766479,19.3378047943115,1.28771710395813,40.1631851196289,5.28047466278076,53.318172454834,-0.329709440469742,0.0101542724296451,1
background,476684.9838,4429976.1748,506.939483642578,279.015869140625,335.001007080078,1405.94604492188,9.21232509613037,0.916398763656616,6.52636528015137,18.8274669647217,1.29763662815094,40.3482780456543,5.26814079284668,53.3804397583008,-0.320844858884811,0.0114349219948053,1
background,476684.9838,4430926.1748,90.9683609008789,155.306564331055,115.816802978516,5811.61767578125,1.6532393693924,-0.0847044512629509,9.56790924072266,18.2624187469482,1.32295918464661,40.8109817504883,5.18576669692993,53.7289505004883,-0.279156297445297,0.00585190393030643,1
background,476684.9838,4431926.1748,365.106109619141,60.2504920959473,99.9027862548828,746.250854492188,15.3431777954102,1.31008863449097,5.13469362258911,22.4321918487549,1.26200437545776,39.3069267272949,5.33371114730835,53.5425338745117,-0.388642907142639,-0.018645815551281,1
background,476684.9838,4432026.1748,265.512359619141,6.34376335144043,150.215805053711,2275.66772460938,15.6337080001831,-1.3320460319519,6.38154077529907,21.8305149078369,1.27608489990234,39.0840950012207,5.34225034713745,53.5017929077148,-0.357041239738464,-0.0240004528313875,1
background,476684.9838,4433726.1748,31.6546688079834,449.418853759766,278.434204101562,1121.46997070312,0.601347923278809,0.125559583306313,8.90772438049316,21.372953414917,1.28060436248779,38.3217430114746,5.28204250335693,53.5211791992188,-0.352123767137527,0.00630516326054931,1
background,476684.9838,4438376.1748,110.837043762207,332.272735595703,85.9110336303711,2114.18579101562,0.628127455711365,0.248686969280243,9.87508964538574,25.2058277130127,1.33000004291534,37.2976837158203,5.17858791351318,53.586540222168,-0.499249666929245,0.0269417725503445,1
background,476734.9838,4432876.1748,130.512985229492,111.429931640625,197.968338012695,1153.68176269531,11.8038692474365,3.32398271560669,6.55552911758423,25.3242740631104,1.23997366428375,38.612117767334,5.319251537323,53.4819145202637,-0.497477442026138,-0.0126807242631912,1
background,476734.9838,4436876.1748,26.0187759399414,130.785980224609,144.474456787109,1993.2421875,3.70334434509277,-0.118898972868919,7.67282438278198,26.5868434906006,1.35560631752014,37.6147384643555,5.39564228057861,53.5530242919922,-0.359673768281937,0.0448146797716618,1
background,476734.9838,4441476.1748,120.283073425293,442.360534667969,164.857086181641,4045.62915039062,3.08493781089783,-0.166792929172516,8.69933891296387,29.6501998901367,1.35154330730438,37.2056503295898,4.35676097869873,53.5496368408203,-0.400450378656387,0.0289856269955635,1
background,476784.9838,4432426.1748,28.3187103271484,219.329650878906,113.987380981445,1469.48461914062,2.91763925552368,1.06605064868927,8.27381134033203,22.8493270874023,1.28174710273743,38.3159332275391,5.34139204025269,53.3506469726562,-0.345374703407288,-0.016698369756341,1
background,476784.9838,4435776.1748,99.7874298095703,50.8903541564941,253.201095581055,8202.5283203125,3.94368457794189,-0.218947380781174,9.3928861618042,22.7011222839355,1.29062139987946,37.8216171264648,5.1754789352417,53.5674171447754,-0.478184014558792,0.0151634458452463,1
background,476834.9838,4431576.1748,357.406860351562,39.5614433288574,115.004386901855,1034.04943847656,8.54672145843506,-0.637194812297821,6.79981231689453,18.9182910919189,1.24066495895386,40.292594909668,5.2525463104248,53.6995735168457,-0.36118420958519,-0.0033313708845526,1
background,476834.9838,4432826.1748,59.9824638366699,167.109237670898,281.204742431641,1367.91052246094,5.03713226318359,2.18084192276001,8.43059158325195,25.1496829986572,1.24328076839447,38.4196968078613,5.32424640655518,53.4201774597168,-0.389791160821915,0.0190768744796515,1
background,476834.9838,4434026.1748,55.2218894958496,114.692398071289,35.1679611206055,2496.3466796875,3.51826286315918,-0.411379009485245,7.92187261581421,20.8267021179199,1.3455708026886,38.4975433349609,5.26652240753174,53.5676460266113,-0.33266618847847,0.0291813630610704,1
background,476834.9838,4437076.1748,192.255386352539,119.230415344238,135.424865722656,1150.90991210938,4.57919788360596,0.462123215198517,6.92196941375732,26.8791885375977,1.3461297750473,37.6164016723633,5.32948970794678,53.5248489379883,-0.391789078712463,0.0492008998990059,1
background,476834.9838,4438126.1748,61.0556945800781,196.389541625977,123.083976745605,3129.48266601562,1.29859662055969,0.218368723988533,9.23367786407471,25.4826583862305,1.30690765380859,37.4328575134277,5.18359518051147,53.5750274658203,-0.491216421127319,0.0410548113286495,1
background,476834.9838,4440926.1748,128.689208984375,533.817687988281,249.327117919922,2014.63024902344,3.08380007743835,-0.0891522169113159,7.884934425354,28.7988033294678,1.34893596172333,37.332275390625,4.45444488525391,53.5341186523438,-0.519499599933624,0.0131975347176194,1
background,476884.9838,4432426.1748,70.9418792724609,125.1865234375,117.41828918457,2048.75024414062,17.2496891021729,1.25081121921539,6.37921237945557,22.6091251373291,1.29101324081421,38.609977722168,5.34362173080444,53.4016723632812,-0.359221279621124,-0.0138877388089895,1
background,476884.9838,4438476.1748,88.1932601928711,175.182037353516,115.155479431152,8215.41796875,2.14351606369019,-0.0867731869220734,9.97482776641846,25.964241027832,1.32960069179535,37.4360313415527,5.14835119247437,53.5685272216797,-0.529597103595734,0.0361165069043636,1
background,476884.9838,4438926.1748,150.266494750977,120.23299407959,137.330627441406,1805.87890625,1.00768959522247,0.245458170771599,9.01443099975586,25.3079872131348,1.34920132160187,37.4272613525391,5.10301351547241,53.5680809020996,-0.490354359149933,0.0262181367725134,1
background,476934.9838,4432376.1748,129.46794128418,63.3201179504395,127.601753234863,3191.56103515625,21.6379432678223,-1.36919224262238,6.50384044647217,22.5933532714844,1.29501330852509,38.9948692321777,5.34023761749268,53.4780311584473,-0.410131067037582,-0.0246209464967251,1
background,476934.9838,4434726.1748,55.870231628418,206.103164672852,213.703201293945,3905.28149414062,1.92316651344299,-0.479235649108887,11.6204290390015,20.9005470275879,1.31549572944641,38.3298416137695,5.22467041015625,53.5458450317383,-0.384113192558289,-0.00165696023032069,1
background,476934.9838,4436376.1748,190.634811401367,224.731979370117,220.647186279297,2808.53369140625,1.85132372379303,-0.0519441477954388,9.26032638549805,24.8313045501709,1.28995299339294,38.0029525756836,5.4092845916748,53.5321273803711,-0.386594116687775,0.0144395129755139,1
background,476934.9838,4438626.1748,21.4762687683105,56.9576759338379,102.732978820801,5953.84765625,3.1491072177887,0.159247860312462,9.32771301269531,26.5942783355713,1.3276834487915,37.4594612121582,5.14015483856201,53.5701026916504,-0.414292514324188,0.0369741097092628,1
background,476934.9838,4441126.1748,42.4563484191895,380.186340332031,219.331802368164,1579.12487792969,0.927520096302032,0.43920361995697,9.36110782623291,28.2989635467529,1.3521283864975,37.3744773864746,4.34575843811035,53.496524810791,-0.479349046945572,0.0190326739102602,1
background,476934.9838,4441226.1748,13.7975473403931,369.953125,197.946441650391,1258.71838378906,1.46797490119934,0.083344541490078,8.31245136260986,28.5533924102783,1.36332964897156,37.3653450012207,4.34410429000854,53.5297164916992,-0.436141759157181,0.0102739473804832,1
background,476984.9838,4431076.1748,146.966751098633,7.82955694198608,155.715225219727,1623.45971679688,0.900739848613739,0.0881612226366997,12.8887434005737,18.5591526031494,1.28418397903442,40.7844009399414,5.18401956558228,53.688289642334,-0.28601947426796,0.000419030169723555,1
background,476984.9838,4431726.1748,274.944763183594,85.1991577148438,193.518768310547,1164.33093261719,4.92309427261353,-0.0183975528925657,8.29466724395752,20.3226337432861,1.24858009815216,40.1878280639648,5.26428031921387,53.6598701477051,-0.303725063800812,-0.0121520692482591,1
background,476984.9838,4432926.1748,132.037643432617,116.046730041504,322.81201171875,1497.40844726562,17.5491962432861,1.26790678501129,5.86864709854126,25.2987117767334,1.23740172386169,38.4828834533691,5.33271408081055,53.4180946350098,-0.503835022449493,-0.00603599473834038,1
background,476984.9838,4438626.1748,15.0004854202271,19.8097305297852,94.8778762817383,10533.263671875,3.24119567871094,-0.684939444065094,10.9750175476074,26.0968170166016,1.32567405700684,37.4763946533203,5.13752222061157,53.5665321350098,-0.429739475250244,0.0366749987006187,1
background,476984.9838,4441226.1748,46.1568031311035,319.965454101562,179.783569335938,1457.70568847656,1.22233974933624,0.0217944998294115,8.76241874694824,28.5443572998047,1.36928260326385,37.362476348877,4.34273242950439,53.523494720459,-0.382661879062653,0.00515791494399309,1
background,477034.9838,4429726.1748,480.007293701172,267.230499267578,46.792049407959,881.575805664062,14.4412469863892,0.81613427400589,5.42391157150269,22.275369644165,1.29235231876373,40.041862487793,5.27767372131348,53.2113418579102,-0.311574131250381,-0.0045983218587935,1
background,477034.9838,4430126.1748,149.505310058594,362.206817626953,49.4860420227051,1254.02563476562,4.85089063644409,0.379011571407318,6.98571491241455,18.7259368896484,1.34560120105743,40.9060134887695,5.19772434234619,53.4760322570801,-0.299645364284515,0.00922949705272913,1
background,477034.9838,4431376.1748,248.768402099609,102.072708129883,194.012924194336,1126.65185546875,3.32254433631897,0.0238261017948389,9.36297035217285,17.7787036895752,1.26906085014343,40.5210647583008,5.22487115859985,53.664234161377,-0.287588715553284,-0.0227977223694324,1
background,477034.9838,4435526.1748,72.5397186279297,393.321685791016,224.870269775391,2791.02880859375,2.7898645401001,0.0839176550507545,8.96137619018555,22.3719615936279,1.29999995231628,37.8560180664062,5.16176176071167,53.4971504211426,-0.467072814702988,0.0354272238910198,1
background,477034.9838,4438676.1748,24.5665836334229,54.5671501159668,196.881134033203,5433.43310546875,3.59890198707581,-0.688494384288788,8.83962440490723,25.5649185180664,1.32638478279114,37.4743385314941,5.12541007995605,53.5547256469727,-0.440166592597961,0.0408822037279606,1
background,477034.9838,4440076.1748,99.1283874511719,282.471984863281,131.319778442383,732.413513183594,1.98927557468414,0.17788752913475,7.33945465087891,26.0186042785645,1.3547455072403,37.8537864685059,4.73608636856079,53.5300102233887,-0.442981332540512,0.051660094410181,0
background,477084.9838,4429726.1748,454.178161621094,304.747955322266,48.2388648986816,942.723022460938,15.5098342895508,-0.124296732246876,5.44821643829346,22.2877464294434,1.29435229301453,40.204158782959,5.2641716003418,53.2432861328125,-0.364041328430176,-0.00946096796542406,1
background,477084.9838,4432126.1748,333.883636474609,70.1335372924805,220.254165649414,1798.42456054688,16.4563045501709,-0.712097108364105,6.11285829544067,22.1375389099121,1.25652849674225,39.4296798706055,5.32223844528198,53.5145416259766,-0.479591876268387,-0.0144067173823714,1
background,477084.9838,4434426.1748,139.634063720703,85.566764831543,165.243301391602,2693.37255859375,3.09411859512329,0.276834011077881,8.65057754516602,20.5933055877686,1.34627366065979,38.3175582885742,5.224045753479,53.5148658752441,-0.414865642786026,0.0464191325008869,1
background,477084.9838,4438226.1748,39.7719802856445,54.708797454834,224.018005371094,968.017395019531,5.58113193511963,-0.0838408768177032,6.3451099395752,25.2606048583984,1.33469533920288,37.4783935546875,5.25536489486694,53.5440444946289,-0.443579405546188,0.0566986203193665,1
background,477134.9838,4432276.1748,262.377349853516,152.531967163086,256.028686523438,772.51513671875,17.2770652770996,2.0974338054657,5.33589935302734,22.9318161010742,1.26733291149139,38.7068939208984,5.33422231674194,53.3543167114258,-0.428010404109955,0.011778905056417,1
background,477134.9838,4432526.1748,260.204254150391,30.3274173736572,274.143585205078,14394.4873046875,13.172327041626,-4.0165319442749,7.76598882675171,23.8973751068115,1.2559050321579,38.6006126403809,5.337562084198,53.3665542602539,-0.485994905233383,0.000784469419158995,1
background,477134.9838,4433726.1748,34.4175109863281,40.5167846679688,113.322898864746,1413.19470214844,1.17251718044281,-0.756156146526337,15.4683809280396,21.9161205291748,1.31873106956482,38.7205772399902,5.25573539733887,53.5162887573242,-0.451095044612885,0.00212390767410398,1
background,477134.9838,4433776.1748,69.3327255249023,54.6653213500977,124.556381225586,1919.07971191406,4.09952306747437,-0.743553042411804,9.62832832336426,21.9577178955078,1.32265114784241,38.702808380127,5.25611972808838,53.5188980102539,-0.402216374874115,0.00133014481980354,1
background,477184.9838,4435376.1748,94.0316772460938,602.477844238281,204.554412841797,1689.49597167969,2.74530148506165,0.195382177829742,7.85914754867554,22.652889251709,1.29284703731537,37.8720817565918,5.17343902587891,53.4589614868164,-0.484026670455933,0.0149269113317132,1
background,477184.9838,4436926.1748,16.4954872131348,258.38720703125,245.499252319336,2034.6796875,3.96389269828796,0.0826658830046654,7.67576503753662,25.3745422363281,1.30236709117889,37.7826271057129,5.30935430526733,53.4446678161621,-0.383016496896744,0.0221388526260853,1
background,477184.9838,4438276.1748,143.283645629883,163.281295776367,100.988571166992,106.791610717773,0.0411894209682941,0.303447514772415,11.1291723251343,25.6023063659668,1.33046460151672,37.4577751159668,5.28328990936279,53.5186729431152,-0.46092015504837,0.0581602640450001,1
background,477234.9838,4431926.1748,244.302047729492,146.759246826172,210.900573730469,1713.07067871094,9.9284200668335,1.30369639396667,6.57341527938843,22.1060962677002,1.25789821147919,39.5096588134766,5.3130521774292,53.4685554504395,-0.386065483093262,0.00128409371245652,1
background,477234.9838,4435026.1748,185.974792480469,542.07470703125,185.128448486328,8723.2177734375,2.57375240325928,-0.129067614674568,9.7570219039917,22.4851055145264,1.31283700466156,38.0921249389648,5.19460916519165,53.460880279541,-0.361298799514771,0.00523070245981216,1
background,477284.9838,4430926.1748,199.643646240234,115.96223449707,106.497413635254,1974.05554199219,0.63734382390976,-0.0564248077571392,9.59639835357666,17.7115592956543,1.33297157287598,40.929817199707,5.15223789215088,53.6276817321777,-0.251647055149078,-0.000526927120517939,1
background,477284.9838,4435326.1748,205.156402587891,712.75634765625,188.737503051758,3790.55908203125,2.98940348625183,0.133793354034424,8.83730316162109,23.5205593109131,1.28345811367035,37.900577545166,5.17325353622437,53.4388732910156,-0.438943088054657,0.00366024300456047,1
background,477284.9838,4436376.1748,57.4862747192383,545.588073730469,238.735366821289,2317.95947265625,2.51664161682129,0.210122495889664,8.40374755859375,26.1186389923096,1.27718436717987,37.5619659423828,5.10937070846558,53.4589729309082,-0.398315221071243,0.0406147390604019,1
background,477284.9838,4440426.1748,101.068138122559,66.1678466796875,215.819519042969,861.294067382812,1.41577661037445,0.12572754919529,8.00126552581787,27.0597267150879,1.33286368846893,37.9023017883301,4.71111726760864,53.5465087890625,-0.508767664432526,0.0306441485881805,0
background,477284.9838,4440926.1748,36.6284446716309,136.96907043457,122.119773864746,5042.46533203125,2.02479720115662,0.0653577521443367,9.15891647338867,26.8948860168457,1.34490191936493,37.5869064331055,4.32399272918701,53.5396270751953,-0.404975593090057,0.0111492900177836,1
background,477284.9838,4441176.1748,142.423629760742,29.76149559021,95.9862518310547,3208.28515625,0.883779883384705,-0.243016555905342,11.700873374939,28.1927089691162,1.39682185649872,37.5559768676758,4.32117795944214,53.6472396850586,-0.436622470617294,0.00345312780700624,1
background,477284.9838,4441526.1748,22.1244831085205,17.6519355773926,154.912109375,2360.3154296875,1.58610117435455,0.0229426678270102,11.0603685379028,28.5577774047852,1.3719083070755,37.5549240112305,4.26414728164673,53.6267967224121,-0.43966081738472,0.0561850890517235,1
background,477334.9838,4431426.1748,185.961441040039,87.4761428833008,300.453582763672,478.571044921875,13.3654098510742,1.25227355957031,5.0426549911499,18.069091796875,1.2886106967926,40.1785202026367,5.25201654434204,53.5225410461426,-0.339866667985916,-0.00443394714966416,1
background,477334.9838,4434576.1748,27.2105312347412,171.314727783203,194.429763793945,2946.25512695312,2.88287830352783,0.160147398710251,8.43610858917236,21.1675205230713,1.33348035812378,38.1811676025391,5.20158052444458,53.4406547546387,-0.351756900548935,0.0351884923875332,1
background,477334.9838,4437426.1748,39.2018737792969,410.093811035156,309.924591064453,1782.44250488281,1.64873147010803,-0.0176975857466459,8.37863445281982,24.4273853302002,1.31839942932129,37.6150131225586,5.25448036193848,53.4345626831055,-0.395717203617096,0.0410850085318089,1
background,477334.9838,4437526.1748,32.7958183288574,391.644104003906,241.658233642578,1110.73815917969,0.744985401630402,0.142774939537048,8.73289394378662,24.8481769561768,1.31839942932129,37.6489295959473,5.25587844848633,53.447582244873,-0.460440933704376,0.0535580515861511,1
background,477334.9838,4438026.1748,56.7520217895508,246.858200073242,209.744171142578,904.875122070312,1.73816919326782,0.168703407049179,10.881908416748,25.4751129150391,1.32954430580139,37.6466522216797,5.24004459381104,53.5334777832031,-0.362041473388672,0.0403925813734531,1
background,477334.9838,4438676.1748,153.715759277344,306.70263671875,204.15153503418,567.35693359375,0.253924548625946,0.0545752979815006,9.21264934539795,24.1269855499268,1.33732378482819,37.4649314880371,5.0998911857605,53.4902038574219,-0.403864115476608,0.0329411849379539,1
background,477334.9838,4438726.1748,118.845848083496,329.055511474609,236.425537109375,533.841491699219,0.185340985655785,0.0225593745708466,9.29440689086914,24.3877773284912,1.34604322910309,37.4644050598145,5.09507846832275,53.4900703430176,-0.416178077459335,0.0202770903706551,1
background,477334.9838,4440326.1748,124.812469482422,77.6578903198242,193.987396240234,2506.8134765625,3.41625928878784,-0.123788058757782,8.18290615081787,26.6863479614258,1.33253848552704,37.9318008422852,4.7192816734314,53.5466117858887,-0.509804248809814,0.0341762341558933,0
background,477334.9838,4441976.1748,120.138938903809,29.02663230896,100.654708862305,1807.81103515625,2.99493408203125,-0.535834610462189,9.52962493896484,15.8375520706177,0.80651468038559,37.5994606018066,4.1182713508606,53.5923843383789,-0.479888617992401,0.0132210282608867,1
background,477384.9838,4429776.1748,287.26708984375,279.047485351562,38.0506134033203,845.7744140625,6.82724857330322,1.11109280586243,6.37369680404663,20.4185905456543,1.3156476020813,40.7731056213379,5.20211124420166,53.3276863098145,-0.43204727768898,0.00469508022069931,1
background,477384.9838,4430376.1748,162.469619750977,40.2815284729004,113.196449279785,7044.517578125,1.21036815643311,-0.165016293525696,12.7176074981689,20.003662109375,1.34000372886658,41.4251136779785,5.10743236541748,53.5664749145508,-0.316914588212967,-0.0922727659344673,1
background,477384.9838,4431026.1748,335.966278076172,3.98976564407349,175.112442016602,3073.568359375,0.72141432762146,-0.481956869363785,11.218807220459,17.9536724090576,1.30267369747162,40.8674964904785,5.1631646156311,53.6178321838379,-0.254855990409851,0.00466546742245555,1
background,477384.9838,4434876.1748,120.068008422852,416.148498535156,194.532974243164,3374.23657226562,2.33724451065063,0.094592347741127,8.83253288269043,20.4836521148682,1.33852756023407,38.1540489196777,5.19079685211182,53.4203796386719,-0.472672522068024,0.00988002773374319,1
background,477384.9838,4436976.1748,42.5548515319824,428.420501708984,194.548767089844,869.009094238281,4.8887882232666,0.367436915636063,6.76764345169067,25.5381202697754,1.28657793998718,37.633186340332,5.28251600265503,53.3761940002441,-0.4738849401474,-0.00545496540144086,1
background,477384.9838,4441426.1748,3.30145192146301,56.6222190856934,224.497055053711,4290.61181640625,4.36939525604248,-0.476180285215378,8.59391689300537,28.7850246429443,1.36611974239349,37.5160484313965,4.26110553741455,53.6019477844238,-0.402247458696365,0.0284156445413828,1
background,477434.9838,4429676.1748,374.084442138672,194.154174804688,132.525634765625,302.594329833984,6.19420623779297,1.9167754650116,5.3447322845459,20.5385894775391,1.30964756011963,40.6170997619629,5.22159242630005,53.275146484375,-0.417854398488998,0.0107888216152787,1
background,477434.9838,4429826.1748,232.517639160156,334.991149902344,47.3547058105469,824.759399414062,9.10062789916992,0.832742989063263,5.93336868286133,20.3585891723633,1.3156476020813,40.9968070983887,5.16909217834473,53.3728294372559,-0.36819925904274,-0.0190205052495003,1
background,477434.9838,4430426.1748,96.6929168701172,94.1645736694336,169.111389160156,2490.326171875,1.21122431755066,-0.0825653150677681,10.5159196853638,19.5391979217529,1.3409823179245,41.4080200195312,5.11138248443604,53.5595741271973,-0.276015609502792,-0.0173260606825352,1
background,477434.9838,4434326.1748,40.8120994567871,193.605087280273,153.656295776367,2634.69799804688,6.15564441680908,0.487048119306564,7.54557704925537,22.5500640869141,1.32111668586731,38.3420600891113,5.21541833877563,53.4449729919434,-0.370883911848068,0.0491801984608173,1
background,477484.9838,4429426.1748,319.527526855469,113.081245422363,198.736129760742,1294.88818359375,9.22626113891602,-0.285169810056686,6.5259165763855,19.8714485168457,1.30909943580627,41.1807823181152,5.16083288192749,53.3892211914062,-0.377930909395218,-0.00569991488009691,1
background,477484.9838,4433326.1748,11.1115922927856,287.634765625,297.889801025391,2234.37524414062,4.0094952583313,-0.149583056569099,7.79022121429443,22.8742446899414,1.30476546287537,38.2446479797363,5.29642343521118,53.3040008544922,-0.411445260047913,0.00458061695098877,1
background,477484.9838,4434226.1748,59.0464859008789,85.3065032958984,151.814086914062,2965.59106445312,6.17824935913086,-0.106345161795616,7.6060528755188,23.1225471496582,1.3203649520874,38.5861968994141,5.22131729125977,53.4788970947266,-0.343388676643372,0.0199627596884966,1
background,477484.9838,4436776.1748,158.781204223633,582.249694824219,261.029113769531,357.962219238281,1.95133018493652,0.511534333229065,7.07823371887207,26.3403759002686,1.27971994876862,37.6464729309082,5.30229187011719,53.357666015625,-0.438343942165375,0.0176120791584253,1
background,477484.9838,4437626.1748,122.984474182129,294.90087890625,228.208694458008,1102.771484375,1.18895280361176,-0.467133700847626,9.90005779266357,24.5870227813721,1.33323001861572,37.7264404296875,5.24365901947021,53.4368934631348,-0.421972036361694,0.0180964451283216,1
background,477484.9838,4439326.1748,94.1941604614258,35.6769104003906,114.402809143066,3102.98071289062,3.52214765548706,-0.0431740209460258,8.25731086730957,25.065673828125,1.37570405006409,37.9377365112305,4.86449766159058,53.4945983886719,-0.436355590820312,0.0384512320160866,1
background,477484.9838,4439376.1748,131.988784790039,26.627513885498,106.84033203125,3223.31469726562,2.55091142654419,0.0114757958799601,8.68355464935303,25.0679626464844,1.37988913059235,37.943660736084,4.86084985733032,53.4960021972656,-0.444393634796143,0.0290091931819916,1
background,477484.9838,4441626.1748,16.9477787017822,149.002090454102,251.25309753418,613.496643066406,1.67497491836548,-0.0577342920005322,7.53937339782715,27.415355682373,1.34683763980865,37.6090850830078,4.12337064743042,53.5625610351562,-0.429471671581268,0.00302379764616489,1
background,477534.9838,4431476.1748,121.895011901855,29.1915760040283,250.349884033203,8677.724609375,5.71221113204956,-1.85967993736267,8.69169616699219,17.9919185638428,1.28655219078064,40.1514015197754,5.2548246383667,53.477596282959,-0.278252065181732,0.000537119514774531,1
background,477534.9838,4437676.1748,92.6681518554688,233.3291015625,99.3109359741211,1033.59399414062,1.0006228685379,-0.0534694418311119,8.67579174041748,24.5177688598633,1.3393622636795,37.7495613098145,5.24361276626587,53.4386596679688,-0.410734564065933,0.02922672778368,1
background,477534.9838,4441076.1748,30.3921127319336,146.722946166992,217.603652954102,2783.865234375,1.51284921169281,0.119286224246025,8.94599151611328,27.3757247924805,1.39047610759735,37.5895462036133,4.29233932495117,53.594425201416,-0.413430422544479,0.0440850667655468,1
background,477584.9838,4432226.1748,124.454498291016,43.829662322998,167.537094116211,4859.81005859375,7.22660970687866,-0.976898193359375,7.64017486572266,21.2829990386963,1.30410039424896,38.943286895752,5.3197021484375,53.2968673706055,-0.303090035915375,0.00214672251604497,1
background,477584.9838,4432276.1748,160.317169189453,93.8291397094727,188.511184692383,1263.20300292969,10.3888139724731,-0.432725012302399,6.32250308990479,21.8854064941406,1.30514001846313,38.8088340759277,5.32020998001099,53.2711639404297,-0.334263294935226,0.00768459355458617,1
background,477584.9838,4434376.1748,161.866088867188,87.1123962402344,117.751510620117,1636.59851074219,7.10942029953003,0.36716964840889,6.90067911148071,23.9029312133789,1.31169462203979,38.5283508300781,5.21321153640747,53.4613838195801,-0.431340157985687,0.0180553924292326,1
background,477584.9838,4437876.1748,59.7226982116699,235.443893432617,164.92448425293,5197.498046875,0.836003720760345,-0.0818003788590431,13.24378490448,25.4838962554932,1.33986663818359,37.7986907958984,5.23869371414185,53.6021919250488,-0.333134442567825,0.0111805908381939,1
background,477584.9838,4439576.1748,92.2848815917969,79.909912109375,225.31884765625,5615.572265625,1.28233790397644,-0.351353257894516,12.1527376174927,25.0027294158936,1.38031876087189,38.0838279724121,4.73687219619751,53.5318145751953,-0.390850394964218,0.052843663841486,1
background,477584.9838,4439876.1748,53.8991012573242,153.101669311523,190.519744873047,9482.0498046875,1.67329144477844,0.185413345694542,10.7091884613037,24.4017963409424,1.33991360664368,38.0245628356934,4.71274995803833,53.5152931213379,-0.430500268936157,0.0411989837884903,0
background,477584.9838,4442026.1748,157.282821655273,204.785140991211,203.842391967773,514.883605957031,1.74039006233215,0.234204143285751,7.1601128578186,26.657190322876,1.22773146629333,37.7364807128906,3.98281598091125,53.5282211303711,-0.472629189491272,0.024983324110508,1
background,477634.9838,4429676.1748,270.339263916016,301.334899902344,75.2378921508789,930.185180664062,5.75933074951172,0.21671661734581,6.69707584381104,20.4598197937012,1.30308151245117,41.0149955749512,5.16993856430054,53.3342704772949,-0.391387462615967,-0.00804464425891638,1
background,477634.9838,4431376.1748,259.178344726562,142.093704223633,278.113800048828,486.688690185547,9.12580680847168,1.4482444524765,5.56910181045532,18.0031661987305,1.28089833259583,39.7848205566406,5.28055477142334,53.3468055725098,-0.294229984283447,-0.00629325117915869,1
background,477634.9838,4434576.1748,181.763931274414,43.8276214599609,135.558959960938,4443.23291015625,6.21953058242798,-1.72382760047913,9.9786434173584,21.8409690856934,1.32601606845856,38.6817626953125,5.20327186584473,53.4715042114258,-0.335869789123535,0.0348765254020691,1
background,477634.9838,4436276.1748,131.429550170898,904.721801757812,143.957168579102,3200.17797851562,2.85696005821228,-0.249648824334145,8.71696472167969,26.5808353424072,1.27887189388275,37.6461067199707,5.08513450622559,53.3979797363281,-0.383971810340881,0.030694380402565,1
background,477634.9838,4437576.1748,20.5297718048096,192.355209350586,67.3979721069336,782.338012695312,3.00885629653931,-0.0940116420388222,7.14625215530396,23.7679920196533,1.34895801544189,37.7900657653809,5.24251699447632,53.4172096252441,-0.368054300546646,0.0437002815306187,1
background,477634.9838,4437926.1748,84.1912078857422,240.644500732422,174.402877807617,4212.1943359375,0.560625910758972,-0.0141383111476898,12.7079839706421,25.3541736602783,1.33282446861267,37.8074340820312,5.23433876037598,53.5963478088379,-0.312072247266769,0.019187580794096,1
background,477634.9838,4439976.1748,14.7285184860229,253.615692138672,203.928298950195,5794.95166015625,2.14946103096008,-0.105036810040474,9.47089195251465,25.1978702545166,1.33230543136597,37.9945182800293,4.71125030517578,53.5022888183594,-0.478473514318466,0.0416058823466301,0
background,477684.9838,4430076.1748,87.0058135986328,6.70602369308472,93.5891418457031,2951.30078125,0.610552489757538,-0.0013992958702147,12.4648542404175,20.199556350708,1.33879506587982,41.5331726074219,5.05757856369019,53.4785537719727,-0.378103584051132,-0.0198669694364071,1
background,477684.9838,4435126.1748,219.115447998047,389.465087890625,168.019973754883,2393.38720703125,2.5382719039917,-0.0993089601397514,8.42369079589844,25.6245136260986,1.2947291135788,38.0718841552734,5.17952728271484,53.3742904663086,-0.39272603392601,0.0170154590159655,1
background,477684.9838,4437676.1748,6.30782127380371,91.4051971435547,57.7630233764648,1171.58740234375,1.27396535873413,-0.00214428035542369,8.30322933197021,24.3500194549561,1.34075498580933,37.8266792297363,5.23962163925171,53.5071563720703,-0.355509400367737,0.0438580624759197,1
background,477684.9838,4438126.1748,104.620063781738,410.975830078125,199.327941894531,29919.662109375,1.56910395622253,-0.463060110807419,11.0683641433716,24.2181091308594,1.30776417255402,37.8215103149414,5.20579242706299,53.5887031555176,-0.387841254472733,0.0286729726940393,1
background,477684.9838,4440476.1748,8.12418842315674,323.219024658203,241.157897949219,1777.19604492188,1.61142754554749,0.0689998269081116,8.43834972381592,27.6627101898193,1.32972598075867,38.0294532775879,4.59208726882935,53.4765434265137,-0.437140375375748,0.0303442645817995,0
background,477734.9838,4430276.1748,291.437896728516,73.0760803222656,140.78205871582,606.044067382812,1.37695395946503,-0.0708506852388382,7.83952379226685,20.3185863494873,1.34313523769379,41.4758987426758,5.07964897155762,53.4828262329102,-0.272614270448685,-0.0136823458597064,1
background,477734.9838,4430376.1748,223.463150024414,124.135955810547,99.9537887573242,1151.98400878906,3.12968850135803,-0.340752452611923,7.45651531219482,20.256965637207,1.34445202350616,41.4151344299316,5.09917402267456,53.4874954223633,-0.278654843568802,-0.0168430507183075,1
background,477734.9838,4433276.1748,88.2989349365234,202.554351806641,127.087471008301,968.423706054688,7.77012634277344,0.0195360090583563,6.18948268890381,22.5189418792725,1.30860388278961,38.2053642272949,5.31711769104004,53.2521781921387,-0.339827924966812,0.0381380990147591,1
background,477734.9838,4438526.1748,39.2213554382324,392.765045166016,160.018905639648,2069.67724609375,2.07257914543152,0.140319377183914,8.42747497558594,24.8213844299316,1.34246551990509,37.6676826477051,5.18852043151855,53.5613403320312,-0.345766007900238,0.0706992745399475,1
background,477734.9838,4441226.1748,222.125396728516,384.525482177734,98.6747283935547,303.021484375,0.385001748800278,-0.182184785604477,10.825966835022,27.7299385070801,1.35452938079834,37.7081108093262,4.22225999832153,53.5678520202637,-0.357405871152878,-0.00778055936098099,1
background,477734.9838,4441676.1748,4.89882135391235,351.745483398438,106.064888000488,2071.50122070312,0.66766083240509,-0.20943982899189,9.69796848297119,28.1000919342041,1.33614099025726,37.756217956543,4.06131649017334,53.5320014953613,-0.41722759604454,0.0139390854164958,0
background,477784.9838,4430976.1748,530.054016113281,261.053802490234,169.607421875,753.504638671875,4.57617282867432,0.0901862308382988,6.59908771514893,18.3434791564941,1.3241366147995,40.4136581420898,5.2181134223938,53.4072074890137,-0.336964815855026,-0.00112832535523921,1
background,477784.9838,4434776.1748,92.1949081420898,56.2826118469238,150.397933959961,4869.21533203125,12.179105758667,0.0710596814751625,7.42763471603394,22.1287059783936,1.33338475227356,38.5390892028809,5.19052600860596,53.421085357666,-0.356080085039139,-0.00327376136556268,1
background,477784.9838,4436076.1748,82.7035903930664,987.1728515625,151.309127807617,903.091674804688,3.14079976081848,0.0153328934684396,7.17394876480103,24.9892387390137,1.29281282424927,37.7909202575684,5.09534311294556,53.3769264221191,-0.424451112747192,0.0498749017715454,1
background,477784.9838,4438376.1748,1.89015197753906,449.358489990234,176.849884033203,4620.5029296875,1.60050678253174,-0.0733339190483093,9.63891410827637,25.4216442108154,1.34635615348816,37.754955291748,5.17121171951294,53.5561218261719,-0.423056960105896,0.048113152384758,1
background,477784.9838,4439426.1748,34.6036949157715,264.8408203125,213.574111938477,3435.90747070312,2.03996586799622,0.014416441321373,8.86913299560547,24.4478206634521,1.36037945747375,37.9563407897949,4.79467535018921,53.5382614135742,-0.407978087663651,0.0478754751384258,0
background,477784.9838,4440776.1748,84.1695022583008,353.4423828125,257.096313476562,1555.78356933594,0.535068094730377,-0.00466140964999795,9.42705917358398,27.64040184021,1.31937861442566,37.6269111633301,4.29712867736816,53.4536056518555,-0.374551624059677,0.00982575584203005,1
background,477834.9838,4429226.1748,78.2049255371094,11.3888339996338,149.273773193359,1681.58471679688,0.560545921325684,-0.304721593856812,16.3906345367432,17.7903499603271,1.32839965820312,41.7549133300781,4.98468637466431,53.45556640625,-0.319139093160629,0.00195815972983837,1
background,477834.9838,4430126.1748,193.542785644531,55.2135009765625,199.095291137695,1230.25598144531,1.78644216060638,0.0899436473846436,8.68521022796631,20.7530841827393,1.33327269554138,41.4912719726562,5.07377529144287,53.4386444091797,-0.275698602199554,-0.00750597147271037,1
background,477834.9838,4434726.1748,23.5268402099609,15.0765533447266,223.913040161133,16878.44921875,4.44130849838257,-2.49583506584167,13.254753112793,22.2757530212402,1.3355028629303,38.7111663818359,5.19102191925049,53.4440765380859,-0.377732545137405,0.0880130305886269,1
background,477834.9838,4438626.1748,145.714279174805,258.824676513672,133.860473632812,3248.80224609375,1.07893264293671,0.0476153008639812,9.45420551300049,23.9696826934814,1.33326518535614,37.700366973877,5.19150686264038,53.5433006286621,-0.381368577480316,0.0680577233433723,1
background,477834.9838,4440026.1748,105.162368774414,441.996276855469,203.875366210938,1037.99816894531,1.90731859207153,0.0829022526741028,8.99217700958252,25.1510753631592,1.33630537986755,37.9995231628418,4.67990827560425,53.4522323608398,-0.442696273326874,0.0482047647237778,0
background,477884.9838,4431626.1748,222.869369506836,151.411407470703,112.310760498047,520.679809570312,8.45758152008057,2.6058657169342,5.66413831710815,18.5529041290283,1.35007417201996,39.3302612304688,5.29666519165039,53.2209320068359,-0.286437302827835,0.0023702357430011,1
background,477884.9838,4437976.1748,118.190383911133,280.954864501953,250.906784057617,390.6201171875,4.77732229232788,0.596644759178162,5.88767099380493,24.8829364776611,1.30619072914124,37.7774620056152,5.19896268844604,53.5375366210938,-0.507414281368256,0.0255788378417492,1
background,477884.9838,4439276.1748,23.8451232910156,248.773498535156,217.086349487305,1718.30102539062,2.41037154197693,0.216544583439827,8.01548480987549,24.5423583984375,1.34355366230011,37.9338684082031,4.84186840057373,53.535026550293,-0.386118799448013,0.0572117790579796,1
background,477884.9838,4439426.1748,97.2658996582031,350.300018310547,212.21012878418,1318.27624511719,2.22870755195618,0.265179008245468,7.8864631652832,24.2178211212158,1.34746170043945,37.9854469299316,4.76185321807861,53.5266571044922,-0.404934704303741,0.0402550399303436,0
background,477884.9838,4441526.1748,207.23762512207,369.210205078125,210.883438110352,264.702178955078,1.02878451347351,0.409103900194168,6.97368955612183,29.2096481323242,1.32637214660645,37.8739547729492,4.01045751571655,53.5127410888672,-0.468877047300339,0.00196188362315297,0
background,477934.9838,4429376.1748,80.4854965209961,8.45447540283203,100.337684631348,207.958419799805,0.0065134996548295,-0.22199459373951,18.3482780456543,18.1652927398682,1.3248119354248,41.7333374023438,4.98976516723633,53.4364242553711,-0.465219080448151,0.00463458569720387,1
background,477934.9838,4430476.1748,386.041229248047,37.566577911377,155.469085693359,4285.109375,1.56815195083618,-0.143284678459167,9.40572357177734,19.4465942382812,1.34857165813446,41.4417304992676,5.08748579025269,53.4683570861816,-0.261353105306625,-0.010387260466814,1
background,477934.9838,4431826.1748,28.0585823059082,6.24584484100342,89.3890838623047,11839.060546875,6.40126943588257,-1.35484135150909,8.71895885467529,19.480016708374,1.29993188381195,39.471076965332,5.29244804382324,53.2752914428711,-0.260132253170013,-0.009459113702178,1
background,477934.9838,4433526.1748,30.2866802215576,158.112670898438,194.620498657227,6092.16796875,8.39170169830322,-0.884900689125061,8.17542743682861,22.5779476165771,1.31159150600433,38.1093101501465,5.28369665145874,53.2142906188965,-0.419918805360794,0.0179903898388147,1
background,477934.9838,4438276.1748,125.098236083984,336.568664550781,186.090240478516,1571.03039550781,0.848099589347839,0.0263200029730797,9.18771553039551,24.1840381622314,1.3273332118988,37.7667922973633,5.16918897628784,53.5296058654785,-0.498310327529907,0.0360898040235043,1
background,477934.9838,4440326.1748,38.5775566101074,614.173889160156,159.929733276367,2101.55029296875,1.11748135089874,0.0253051724284887,9.0482063293457,26.6133117675781,1.31583678722382,38.0911140441895,4.57055139541626,53.4348526000977,-0.492988526821136,0.0310373436659575,0
background,477934.9838,4440926.1748,37.4774589538574,509.974578857422,197.897705078125,1998.92407226562,0.316959351301193,-0.0416639484465122,10.511284828186,27.5186595916748,1.31240689754486,37.7299423217773,4.23829460144043,53.4364013671875,-0.370595842599869,0.00798922963440418,0
background,477984.9838,4434276.1748,16.1300601959229,318.407287597656,270.329498291016,5013.521484375,7.31245946884155,-0.13281324505806,8.18170356750488,23.7328948974609,1.30044627189636,37.8456535339355,5.18976449966431,53.2341766357422,-0.453201293945312,0.00676529994234443,1
background,477984.9838,4435376.1748,63.9700088500977,288.445159912109,184.002426147461,13741.6728515625,0.73059469461441,0.0137859536334872,11.7904195785522,23.8047866821289,1.30191969871521,38.0483283996582,5.15935802459717,53.3360214233398,-0.323909282684326,-0.00598935829475522,1
background,477984.9838,4436276.1748,136.709426879883,800.3212890625,162.580184936523,1847.77026367188,1.93797504901886,0.432897090911865,8.51306819915771,24.9493923187256,1.2941130399704,37.7109451293945,5.05868625640869,53.3316879272461,-0.386887580156326,0.00840549450367689,1
background,477984.9838,4436426.1748,66.3411178588867,656.021423339844,175.515579223633,1244.62243652344,3.72446203231812,0.346077114343643,7.47577667236328,25.3078765869141,1.29721069335938,37.5876884460449,5.0488224029541,53.3224678039551,-0.355850279331207,0.0101009728386998,1
background,477984.9838,4438976.1748,162.274383544922,86.1527404785156,206.107192993164,1287.19274902344,2.80057001113892,0.242032408714294,7.6416711807251,24.8040580749512,1.34560072422028,37.9759140014648,5.02130937576294,53.526424407959,-0.412307918071747,0.0797741636633873,1
background,478034.9838,4429776.1748,48.9698028564453,99.4779663085938,217.978607177734,1093.30883789062,1.70369207859039,-0.172858595848083,8.45779800415039,19.3673801422119,1.32142341136932,41.5796356201172,5.03914356231689,53.396110534668,-0.470346957445145,0.002136210212484,1
background,478034.9838,4433626.1748,109.393623352051,283.290863037109,245.465240478516,3006.67626953125,1.91456031799316,0.172434613108635,8.86147594451904,22.9822330474854,1.31353676319122,37.871467590332,5.26669216156006,53.1599998474121,-0.437427014112473,-0.00500073470175266,1
background,478034.9838,4434326.1748,23.9641456604004,363.73193359375,271.078765869141,2616.89599609375,3.65214395523071,0.591463208198547,8.34286212921143,23.7880020141602,1.30444633960724,37.8786315917969,5.18399143218994,53.220401763916,-0.395720601081848,-0.00676824059337378,1
background,478034.9838,4434576.1748,50.3526229858398,258.437744140625,299.239013671875,17351.521484375,8.01673221588135,-0.886588752269745,9.29170322418213,23.2087516784668,1.32024121284485,38.2173042297363,5.18837404251099,53.2875709533691,-0.399068266153336,0.0142228351905942,1
background,478034.9838,4435626.1748,47.7117500305176,472.637878417969,115.75846862793,7385.052734375,0.754515767097473,-0.0179302114993334,11.3414793014526,21.9519577026367,1.28360056877136,38.0070190429688,5.13297557830811,53.3373832702637,-0.375117987394333,0.047028873115778,1
background,478034.9838,4439976.1748,13.6687841415405,594.754272460938,155.164962768555,1492.19018554688,1.83989858627319,-0.0261521451175213,8.1561222076416,25.2207889556885,1.3457156419754,38.0549468994141,4.6564474105835,53.4241104125977,-0.423496663570404,0.0478398203849792,0
background,478084.9838,4430576.1748,293.356140136719,30.1727085113525,223.546264648438,6484.9599609375,1.97704470157623,-0.327200531959534,10.5816783905029,18.5350761413574,1.34835958480835,41.3845252990723,5.10129451751709,53.4370231628418,-0.257961988449097,-0.0108166458085179,1
background,478084.9838,4440226.1748,72.1162948608398,745.158325195312,163.841796875,7539.83251953125,0.592356264591217,0.0285346731543541,11.4018907546997,25.5955677032471,1.32530522346497,38.1463508605957,4.55761814117432,53.4101982116699,-0.401208609342575,-0.00118295347783715,0
background,478084.9838,4440926.1748,18.5619926452637,659.856628417969,153.479202270508,3054.89990234375,0.603422820568085,-0.0349698066711426,10.0486478805542,28.3667125701904,1.29795050621033,37.9286460876465,4.12477207183838,53.4212799072266,-0.408155471086502,-0.0287321247160435,0
background,478134.9838,4432176.1748,309.678558349609,14.1802253723145,129.931915283203,10560.931640625,5.15888404846191,-1.19346368312836,10.3084087371826,20.37770652771,1.31889307498932,39.9841423034668,5.26095581054688,53.4233856201172,-0.320743292570114,-0.00177840539254248,1
background,478134.9838,4434126.1748,217.021179199219,500.097351074219,256.964477539062,1804.58898925781,2.5454478263855,0.0235977470874786,8.16880321502686,24.1070098876953,1.30044436454773,37.7078132629395,5.18056774139404,53.1618461608887,-0.406798243522644,0.00693700136616826,1
background,478134.9838,4436926.1748,45.1004333496094,134.28483581543,70.8286972045898,2738.30322265625,4.39026498794556,-0.0797797068953514,8.14565277099609,23.9526386260986,1.30818796157837,37.5786552429199,5.00490999221802,53.3884391784668,-0.403614282608032,0.0354806445538998,1
background,478134.9838,4437226.1748,66.6919326782227,123.52946472168,90.5238037109375,1999.71179199219,1.86296808719635,-0.0891610160470009,8.65750885009766,24.0413665771484,1.32785904407501,37.7464141845703,4.95280170440674,53.4146881103516,-0.386270493268967,0.0451772622764111,1
background,478134.9838,4440426.1748,161.803787231445,748.330505371094,158.200714111328,4051.72778320312,1.10286474227905,0.0147681925445795,9.70839977264404,25.9153900146484,1.31810712814331,38.1564559936523,4.53430509567261,53.401668548584,-0.446882039308548,0.00641649309545755,0
background,478134.9838,4441326.1748,189.651351928711,425.871307373047,115.728439331055,1287.39196777344,1.61903584003448,0.317194283008575,8.43464756011963,30.7167072296143,1.30967855453491,38.0303764343262,3.94753265380859,53.479850769043,-0.456184804439545,0.0203480608761311,0
background,478184.9838,4433376.1748,228.475280761719,229.324966430664,179.40885925293,841.625061035156,20.3260192871094,1.1619952917099,5.32923650741577,22.2358055114746,1.3147873878479,38.2130508422852,5.30422639846802,53.1827926635742,-0.426660120487213,0.0277136228978634,1
background,478184.9838,4437476.1748,160.553039550781,16.209358215332,116.093559265137,28237.17578125,1.56426131725311,-0.270214587450027,12.1059312820435,24.2648696899414,1.30190598964691,37.804515838623,4.95127201080322,53.4300956726074,-0.351255059242249,0.0343158133327961,1
background,478184.9838,4441676.1748,11.4315004348755,88.5625,163.530364990234,296.855285644531,0.863389492034912,0.221299022436142,7.88794612884521,28.697883605957,1.27485907077789,38.1732482910156,3.8794903755188,53.4709548950195,-0.42128050327301,0.0105166882276535,1
background,478234.9838,4440576.1748,24.2280082702637,808.735900878906,144.577987670898,678.984436035156,1.58440005779266,0.155664786696434,7.48453044891357,27.6091251373291,1.30573189258575,38.2468605041504,4.48126125335693,53.3915824890137,-0.473467737436295,0.041219811886549,0
background,478284.9838,4431376.1748,202.162796020508,67.7458877563477,44.3741607666016,564.470092773438,11.8443994522095,0.694884121417999,5.46513032913208,19.1961727142334,1.28114402294159,40.1663284301758,5.22879076004028,53.3044891357422,-0.393364459276199,0.000422488723415881,1
background,478284.9838,4432726.1748,240.258743286133,57.7679138183594,325.742279052734,513.344482421875,11.045693397522,0.847301602363586,5.66543006896973,19.4277267456055,1.32222807407379,39.2924957275391,5.30115604400635,53.2982864379883,-0.344866514205933,0.0117881651967764,1
background,478284.9838,4436776.1748,23.8237838745117,293.855651855469,285.912689208984,672.153686523438,0.565906167030334,0.0349333994090557,8.65474224090576,24.1590938568115,1.30142331123352,37.5384330749512,5.00842094421387,53.3413696289062,-0.327750146389008,0.0305431336164474,1
background,478284.9838,4438076.1748,46.9172668457031,24.5845851898193,177.795593261719,1853.89123535156,2.69560837745667,-0.133302435278893,13.4720029830933,23.6485214233398,1.33230376243591,38.0832939147949,5.1736044883728,53.5122680664062,-0.48188129067421,0.0243975501507521,1
background,478334.9838,4430026.1748,14.0067825317383,6.19534778594971,182.767425537109,1312.2578125,2.11467671394348,-0.521627187728882,8.70285606384277,20.9371337890625,1.29968369007111,41.4903717041016,5.05398750305176,53.3232307434082,-0.396886140108109,0.0288564581423998,1
background,478334.9838,4432226.1748,107.979118347168,37.4953880310059,245.660980224609,665.959594726562,3.10339260101318,-0.0251566898077726,7.59697341918945,20.1196117401123,1.30679786205292,40.099853515625,5.25128126144409,53.4165573120117,-0.291419982910156,0.0241062995046377,1
background,478334.9838,4436126.1748,50.7452125549316,595.090637207031,173.115982055664,5677.61279296875,4.210120677948,-0.457538783550262,8.90639686584473,25.362268447876,1.26483392715454,37.889778137207,5.07597064971924,53.2927055358887,-0.421205431222916,0.0336213447153568,1
background,478334.9838,4438226.1748,36.3976097106934,61.4972457885742,267.4443359375,2988.93481445312,3.88719081878662,-0.653185963630676,9.57737350463867,23.3246192932129,1.35233950614929,38.0475845336914,5.15089797973633,53.4949951171875,-0.424764335155487,0.0495306961238384,1
background,478334.9838,4440176.1748,180.946044921875,949.949035644531,147.033920288086,3580.5625,1.62507569789886,0.0656600967049599,9.25541973114014,26.0160579681396,1.36307239532471,38.257381439209,4.53331136703491,53.3827323913574,-0.455183506011963,0.04932015016675,0
background,478384.9838,4433076.1748,58.8878631591797,97.8695755004883,18.1856842041016,414.431396484375,7.62672424316406,1.20541906356812,5.97164487838745,20.1454830169678,1.33617198467255,39.0309066772461,5.30803346633911,53.2696685791016,-0.34618267416954,0.00866132695227861,1
background,478384.9838,4437076.1748,5.36733770370483,167.565933227539,128.342041015625,223.253280639648,2.22137498855591,0.909517168998718,6.67716884613037,23.4661540985107,1.33130192756653,37.6806793212891,4.96029853820801,53.3505859375,-0.388169378042221,0.0270013082772493,1
background,478384.9838,4439476.1748,43.3360023498535,704.259216308594,200.866653442383,14400.0546875,1.37046098709106,-0.0116557478904724,10.670783996582,24.3103542327881,1.32531177997589,38.197193145752,4.79548311233521,53.449878692627,-0.36702099442482,0.0454674772918224,0
background,478434.9838,4430526.1748,15.9075717926025,63.9954833984375,170.030059814453,696.298034667969,6.1293158531189,0.340941488742828,6.48877811431885,19.2517261505127,1.32475531101227,41.1235885620117,5.13873052597046,53.289722442627,-0.262533038854599,0.0355560779571533,1
background,478434.9838,4432126.1748,124.740768432617,85.1484527587891,177.850784301758,625.337829589844,6.30727005004883,0.899232506752014,6.22565317153931,20.5704612731934,1.28503549098969,40.1348457336426,5.24335527420044,53.3878402709961,-0.303384363651276,0.0238415133208036,1
background,478434.9838,4433626.1748,219.927627563477,213.328262329102,115.225814819336,2092.10717773438,17.2578315734863,-1.02197659015656,6.55115079879761,22.6415557861328,1.32717370986938,38.1872940063477,5.30024576187134,53.1641273498535,-0.415230929851532,-0.0124999536201358,1
background,478434.9838,4434126.1748,386.705841064453,260.493591308594,174.080947875977,633.133728027344,7.79220819473267,1.80961632728577,6.4004111289978,24.6344795227051,1.30996608734131,37.6351547241211,5.16611576080322,53.0856399536133,-0.457564920186996,-0.00812840741127729,1
background,478434.9838,4435026.1748,278.405242919922,199.610641479492,122.601295471191,782.229248046875,2.85139870643616,0.662555158138275,7.39173889160156,22.6116523742676,1.33094847202301,38.024543762207,5.15537786483765,53.2063827514648,-0.375930339097977,0.034353107213974,1
background,478434.9838,4438126.1748,104.760375976562,167.811676025391,271.173828125,2653.46337890625,1.05281817913055,0.362983733415604,9.58424282073975,23.6947593688965,1.35280191898346,37.9901390075684,5.14738416671753,53.4577598571777,-0.46345391869545,0.0413871146738529,1
background,478434.9838,4439626.1748,71.6415405273438,860.013427734375,162.018127441406,78834.8203125,0.458763301372528,-0.190316945314407,14.4074010848999,24.0751609802246,1.327672123909,38.208984375,4.6728310585022,53.3902587890625,-0.459033370018005,0.0509010255336761,0
background,478484.9838,4431026.1748,128.810638427734,20.072437286377,80.1212768554688,2906.21923828125,9.87576866149902,-2.17537665367126,8.62179279327393,18.6930179595947,1.29072642326355,40.6678009033203,5.16051435470581,53.3292770385742,-0.365275949239731,-0.0147761581465602,1
background,478484.9838,4432476.1748,120.683639526367,136.075927734375,202.637832641602,1371.23205566406,1.84619557857513,0.646606266498566,8.25786781311035,19.4646739959717,1.32844865322113,39.6662902832031,5.28142738342285,53.3057899475098,-0.322819709777832,0.0126998648047447,1
background,478484.9838,4437526.1748,45.7638282775879,15.8713655471802,66.9339599609375,815.105895996094,2.22213983535767,-0.0897745043039322,13.876727104187,25.2104778289795,1.30322659015656,38.0029258728027,4.92799854278564,53.4748306274414,-0.353005647659302,0.041718453168869,1
background,478484.9838,4438676.1748,132.171493530273,227.571716308594,210.634780883789,1484.42395019531,0.986066460609436,0.530298948287964,8.81154251098633,24.0221138000488,1.3293673992157,38.1283912658691,4.96190452575684,53.4297370910645,-0.393359065055847,0.0344245918095112,1
background,478484.9838,4440726.1748,103.019393920898,541.625122070312,127.576133728027,6983.27294921875,0.629900336265564,-0.00534087885171175,10.7072725296021,29.0267543792725,1.30057907104492,38.2329139709473,4.25679683685303,53.3882026672363,-0.480962514877319,0.0365502908825874,0
background,478484.9838,4440776.1748,139.655517578125,515.987243652344,124.728073120117,6282.49462890625,0.671709418296814,0.00741248205304146,10.6026630401611,28.8443832397461,1.3014589548111,38.0384101867676,4.1165828704834,53.3897438049316,-0.460276007652283,0.0321053899824619,0
background,478534.9838,4431326.1748,84.0963973999023,49.1181335449219,138.600112915039,902.88232421875,4.48265886306763,-0.926414906978607,8.95814895629883,19.3174171447754,1.28365850448608,40.5826454162598,5.17704629898071,53.3498649597168,-0.392251819372177,0.00189958070404828,1
background,478534.9838,4435026.1748,234.928466796875,247.088668823242,206.716735839844,2565.92211914062,2.13322257995605,0.149257436394691,9.54165935516357,22.0572090148926,1.33252966403961,38.0634384155273,5.15439891815186,53.1932716369629,-0.336601436138153,0.0511813126504421,1
background,478534.9838,4435676.1748,122.917579650879,147.649063110352,184.71923828125,7358.95263671875,1.89374673366547,0.19218222796917,9.73727703094482,20.8159561157227,1.29526817798615,38.1252861022949,5.12097835540771,53.2715225219727,-0.309279233217239,0.00117103662341833,1
background,478534.9838,4439376.1748,65.6161651611328,712.241943359375,218.201141357422,985.907958984375,1.75027418136597,0.201820954680443,10.9085292816162,23.7971992492676,1.35823261737823,38.1946868896484,4.87120342254639,53.4223136901855,-0.352286905050278,0.0210751481354237,0
background,478534.9838,4441526.1748,139.68733215332,79.3477020263672,92.5110626220703,5881.056640625,1.23950088024139,-0.0709024295210838,10.3320140838623,27.8591327667236,1.32489275932312,38.3511085510254,3.83930110931396,53.4342575073242,-0.448177814483643,0.0182757303118706,0
background,478584.9838,4429726.1748,73.6887054443359,194.334426879883,211.416259765625,982.931762695312,3.88095760345459,-0.103496164083481,6.95434665679932,19.1282501220703,1.30640316009521,41.5899696350098,5.03375148773193,53.2798347473145,-0.398601084947586,-0.0903404951095581,1
background,478584.9838,4433226.1748,106.318969726562,86.0909881591797,127.902885437012,1840.15759277344,5.15765619277954,-0.0346279963850975,7.3553581237793,20.6440830230713,1.34275150299072,39.2664184570312,5.29896116256714,53.3217315673828,-0.226662829518318,0.0175656732171774,1
background,478584.9838,4433476.1748,14.5159225463867,50.3736381530762,123.879875183105,4350.62255859375,7.42787218093872,-1.42124712467194,8.61922550201416,22.3277149200439,1.34615099430084,39.0791969299316,5.30572652816772,53.3139991760254,-0.2752346098423,-0.014646309427917,1
background,478584.9838,4434176.1748,261.563079833984,147.012084960938,143.168243408203,1085.458984375,17.6768589019775,0.393128037452698,5.48943710327148,25.4628028869629,1.30484187602997,37.8757438659668,5.17117118835449,53.0940361022949,-0.463317066431046,-0.0144128203392029,1
background,478584.9838,4438326.1748,73.6024703979492,239.150283813477,147.822570800781,191.293685913086,1.2766877412796,0.559027194976807,7.35851526260376,24.0003643035889,1.33480203151703,38.0231056213379,5.07795381546021,53.4227905273438,-0.394011437892914,0.0550666078925133,1
background,478584.9838,4440526.1748,19.0196685791016,609.195739746094,148.410385131836,8535.1181640625,0.39398381114006,0.0178122986108065,11.4072399139404,29.2236938476562,1.30268907546997,38.3758239746094,4.42452812194824,53.3724479675293,-0.40918755531311,0.037591740489006,0
background,478634.9838,4431526.1748,14.4059047698975,67.9100646972656,262.9326171875,9974.2626953125,5.76978158950806,-0.2266775816679,8.97178745269775,19.9229393005371,1.31861877441406,40.352367401123,5.20708703994751,53.3046798706055,-0.336671233177185,-0.0152817331254482,1
background,478634.9838,4432376.1748,17.9748268127441,17.5479393005371,214.85969543457,4879.47900390625,6.53100204467773,-1.16711413860321,8.19565582275391,19.7328968048096,1.3200489282608,39.8972930908203,5.26315975189209,53.3193016052246,-0.439945161342621,-0.00321582099422812,1
background,478634.9838,4435676.1748,52.9253387451172,100.867469787598,144.888046264648,3379.30249023438,4.65332794189453,0.695873260498047,8.09715366363525,20.524808883667,1.30417656898499,38.15234375,5.11913251876831,53.2551422119141,-0.395506709814072,0.0274171531200409,1
background,478634.9838,4435776.1748,2.97955203056335,169.954864501953,155.269317626953,5826.9091796875,1.63084161281586,0.129423275589943,9.71725368499756,22.0191860198975,1.29201686382294,38.1027641296387,5.10860872268677,53.2513046264648,-0.353498309850693,0.0229948908090591,1
background,478634.9838,4439776.1748,64.6438598632812,1090.44482421875,225.748031616211,3746.115234375,0.997181534767151,-0.0381392538547516,9.66840744018555,24.1126804351807,1.32031583786011,38.2147521972656,4.64081621170044,53.3453025817871,-0.520466387271881,0.0197746232151985,0
background,478634.9838,4439926.1748,183.41960144043,1067.45935058594,238.061752319336,4490.49267578125,1.28630077838898,0.0375475287437439,9.542799949646,24.8385963439941,1.32000005245209,38.275749206543,4.55780267715454,53.3612174987793,-0.476916253566742,-0.0237947721034288,0
background,478634.9838,4440626.1748,88.9850616455078,499.039672851562,129.559997558594,7302.416015625,0.319760710000992,-0.00660996930673718,11.4512310028076,31.1782932281494,1.30964756011963,38.3965187072754,4.40270185470581,53.3646697998047,-0.403864622116089,-0.00206919200718403,0
background,478634.9838,4441326.1748,56.5516815185547,173.260604858398,108.412208557129,970.361206054688,1.70145046710968,0.32929739356041,7.99278688430786,29.0872402191162,1.31892371177673,38.2946510314941,3.88428616523743,53.4129333496094,-0.438690960407257,0.0093945050612092,0
background,478684.9838,4433976.1748,132.183700561523,20.9923763275146,199.805114746094,30081.3515625,9.04792213439941,-3.34749984741211,9.23955821990967,23.378734588623,1.33879399299622,38.4870719909668,5.26991653442383,53.2434463500977,-0.398054480552673,0.00954784359782934,1
background,478684.9838,4435176.1748,43.4923706054688,182.334274291992,304.81005859375,4254.701171875,3.27226257324219,-0.144834816455841,8.57983493804932,20.9820251464844,1.33368527889252,38.0770416259766,5.15117120742798,53.1810455322266,-0.30267721414566,0.0203934144228697,1
background,478734.9838,4434426.1748,267.565979003906,198.668838500977,316.676940917969,1152.70471191406,6.06276750564575,-0.490487843751907,6.63720369338989,25.0775394439697,1.2834392786026,37.8606758117676,5.15441465377808,53.0581893920898,-0.388376772403717,0.0391145683825016,1
background,478734.9838,4435376.1748,82.0580673217773,135.759094238281,280.373107910156,3074.798828125,3.75496625900269,0.172414034605026,8.31481552124023,20.5183963775635,1.33789229393005,38.1359405517578,5.14285135269165,53.2099227905273,-0.34402996301651,0.0192405600100756,1
background,478734.9838,4436526.1748,16.6128044128418,325.670166015625,110.682754516602,1202.15954589844,4.45200443267822,0.229940846562386,7.09991312026978,24.2133293151855,1.28638994693756,37.6834678649902,5.01899147033691,53.2657318115234,-0.34910836815834,0.00508555164560676,1
background,478734.9838,4437476.1748,10.7068300247192,141.250991821289,257.752471923828,980.125671386719,3.97108364105225,0.293916672468185,7.09853744506836,24.8147487640381,1.30560064315796,37.879566192627,4.90404415130615,53.3901023864746,-0.38000875711441,0.0550593622028828,1
background,478784.9838,4439026.1748,165.260009765625,681.0908203125,147.783050537109,1937.04565429688,1.89402830600739,0.0552407875657082,8.40034675598145,22.4080200195312,1.32360064983368,38.2150039672852,4.93999624252319,53.3733711242676,-0.423081964254379,0.0359647683799267,0
background,478834.9838,4432176.1748,115.318138122559,1.64151394367218,245.219024658203,508.787170410156,1.40458416938782,-1.17789149284363,13.8560581207275,20.8917827606201,1.30409395694733,40.1295166015625,5.23646593093872,53.2978820800781,-0.402506947517395,-0.00209531909786165,1
background,478834.9838,4433976.1748,17.9816665649414,165.385711669922,244.913681030273,1311.77795410156,18.8116893768311,0.715257883071899,5.69509410858154,23.6774826049805,1.33636581897736,37.9660987854004,5.25033044815063,53.0887413024902,-0.304434448480606,0.00013694456720259,1
background,478834.9838,4436826.1748,132.605331420898,111.492904663086,98.9408111572266,4210.451171875,7.16460752487183,0.80348140001297,7.68584871292114,23.103048324585,1.31121253967285,37.8767547607422,4.99584865570068,53.298210144043,-0.313799232244492,0.0180104672908783,1
background,478884.9838,4430026.1748,39.6496124267578,278.439666748047,205.752090454102,4108.26416015625,12.4467840194702,-1.49294078350067,7.23400974273682,21.9920349121094,1.2648446559906,41.1253204345703,5.13425064086914,53.1175117492676,-0.491327196359634,-0.00223339442163706,1
background,478884.9838,4435776.1748,214.144500732422,51.9019737243652,281.52001953125,4855.08544921875,7.60451650619507,-0.954476773738861,8.60044860839844,21.6141185760498,1.29565417766571,38.1591758728027,5.10273838043213,53.2149658203125,-0.415003210306168,0.0239763669669628,1
background,478884.9838,4438876.1748,324.007202148438,670.223754882812,120.882514953613,879.365478515625,2.52711963653564,0.23176334798336,7.17537641525269,22.3079872131348,1.3188019990921,38.1923713684082,4.92971467971802,53.3634185791016,-0.510073006153107,0.0352486632764339,0
background,478884.9838,4439226.1748,97.1897048950195,890.138488769531,160.152633666992,3774.70263671875,2.78383183479309,0.0592519640922546,8.74929428100586,21.8643684387207,1.34227585792542,38.2257232666016,4.9046425819397,53.3555374145508,-0.435713589191437,-0.0543547794222832,0
background,478934.9838,4431926.1748,141.0751953125,81.8783645629883,319.523712158203,3113.67553710938,10.3490886688232,0.187478110194206,7.20140695571899,22.4045696258545,1.29835557937622,39.4020538330078,5.27150106430054,53.0569267272949,-0.427143156528473,-0.0208163280040026,1
background,478934.9838,4439976.1748,42.7813186645508,914.562744140625,112.062324523926,1751.78381347656,0.426995068788528,-0.0575791895389557,9.65218162536621,26.1508350372314,1.3161723613739,38.3936805725098,4.62659215927124,53.3073310852051,-0.434857666492462,0.0274281725287437,0
background,478984.9838,4430526.1748,16.7799968719482,117.680068969727,304.316741943359,10139.54296875,11.3734970092773,-2.40450263023376,8.23283004760742,20.2996768951416,1.29537725448608,40.0935859680176,5.22984981536865,52.9090309143066,-0.544228494167328,-0.00331373349763453,1
background,478984.9838,4434626.1748,45.3617668151855,305.743743896484,242.72590637207,3924.07861328125,0.866258859634399,-0.0369068272411823,9.84329128265381,23.0569801330566,1.28454029560089,37.8317337036133,5.13408946990967,53.0041389465332,-0.299767225980759,0.0161890499293804,1
background,478984.9838,4434676.1748,8.54283046722412,354.640258789062,230.003784179688,2358.12475585938,1.11846673488617,-0.01529052387923,9.035475730896,22.7529544830322,1.29054033756256,37.8409843444824,5.1287055015564,53.0124816894531,-0.296333849430084,0.0191928707063198,1
background,478984.9838,4435276.1748,12.9235038757324,391.295745849609,227.250122070312,427.527404785156,0.947984933853149,0.429937362670898,9.1680154800415,21.835018157959,1.311767578125,37.8236503601074,5.12032699584961,53.0786170959473,-0.410651445388794,0.0534042418003082,1
background,478984.9838,4436126.1748,137.322311401367,57.0480842590332,116.338172912598,3644.71044921875,7.59646797180176,0.544328391551971,7.86640548706055,23.1667213439941,1.28778529167175,38.0944480895996,5.0543041229248,53.2231101989746,-0.369293808937073,0.0184826217591763,1
background,478984.9838,4437876.1748,36.2648620605469,297.168670654297,211.764343261719,2058.52026367188,0.874906480312347,0.0176040828227997,9.39358901977539,25.6454410552979,1.33240628242493,37.7614974975586,4.85747528076172,53.3300170898438,-0.38108903169632,0.0378045178949833,1
background,478984.9838,4437976.1748,61.8692398071289,297.057006835938,232.569671630859,1566.8994140625,1.28086245059967,0.00310947909019887,8.56351470947266,25.7686233520508,1.33272457122803,37.7835235595703,4.83226251602173,53.3320007324219,-0.351998656988144,0.036005649715662,1
background,478984.9838,4440426.1748,124.485122680664,467.411102294922,71.4577713012695,1049.41198730469,0.0989274755120277,0.0332998782396317,10.4852914810181,27.932279586792,1.31420826911926,38.4018363952637,4.41349315643311,53.3014335632324,-0.446727782487869,0.0305863320827484,0
background,478984.9838,4440726.1748,98.2999267578125,208.139739990234,67.0664443969727,1578.79431152344,0.784310460090637,0.025652002543211,10.6075286865234,28.0100574493408,1.30572402477264,38.4682197570801,4.31303215026855,53.3112754821777,-0.467061996459961,0.0305446088314056,0
background,479034.9838,4437126.1748,15.7945365905762,97.8389282226562,212.988143920898,1745.47717285156,8.09430313110352,-0.19928090274334,6.81343078613281,24.4142990112305,1.33273482322693,37.960277557373,4.93271541595459,53.2695808410645,-0.381555259227753,0.0247746910899878,1
background,479034.9838,4437326.1748,13.5459213256836,261.027954101562,221.401733398438,951.388671875,2.70428419113159,0.16997666656971,7.18678379058838,24.8142986297607,1.32185423374176,37.8440017700195,4.91064929962158,53.258487701416,-0.303474187850952,0.0315034501254559,1
background,479034.9838,4439726.1748,79.7504196166992,1146.48742675781,40.762149810791,725.022827148438,0.72650820016861,0.0726114585995674,8.27063751220703,24.1856117248535,1.31910729408264,38.3189849853516,4.68226480484009,53.2799873352051,-0.514268398284912,-0.022502601146698,0
background,479084.9838,4429826.1748,14.5101366043091,66.055290222168,211.888946533203,3926.04736328125,11.102575302124,-2.24143075942993,7.2308406829834,23.2201251983643,1.25124824047089,41.2616424560547,5.11241579055786,53.0956497192383,-0.443908005952835,0.00238225772045553,1
background,479084.9838,4441076.1748,155.824478149414,84.755859375,68.1593856811523,8117.990234375,0.60059267282486,-0.0339125245809555,11.1389122009277,27.6572971343994,1.3241012096405,38.4041519165039,3.90717792510986,53.303825378418,-0.486437857151031,-0.000261204579146579,0
background,479134.9838,4429876.1748,59.5750999450684,125.164909362793,213.531539916992,2894.0244140625,19.3765659332275,-2.39814829826355,6.32113552093506,23.735912322998,1.25028944015503,40.7750396728516,5.17766714096069,52.9696464538574,-0.494635730981827,-0.000977196614257991,1
background,479134.9838,4434326.1748,130.986755371094,218.799835205078,243.592300415039,547.695434570312,4.35529470443726,0.937386989593506,6.62907743453979,25.0106525421143,1.28153717517853,37.7235221862793,5.13552665710449,52.9355926513672,-0.330107808113098,-0.00860701594501734,1
background,479134.9838,4435326.1748,18.6233291625977,461.142608642578,163.288177490234,563.527465820312,4.19352769851685,0.153342008590698,6.49468374252319,22.5294284820557,1.30195295810699,37.8247871398926,5.11345291137695,53.0559310913086,-0.341085016727448,0.0358591414988041,1
background,479134.9838,4436276.1748,59.9255561828613,29.2722187042236,180.96142578125,6415.13525390625,6.19056463241577,-1.50941741466522,13.1560325622559,21.3769092559814,1.33490300178528,38.0853233337402,5.04704666137695,53.2555046081543,-0.436277240514755,-0.00628016283735633,1
background,479134.9838,4439776.1748,9.23305892944336,1091.92065429688,30.019006729126,1627.33996582031,0.838779330253601,0.0309088062494993,9.0087890625,25.3854160308838,1.30798959732056,38.3767852783203,4.650559425354,53.2682189941406,-0.464811146259308,0.0181162916123867,0
background,479184.9838,4430976.1748,230.517822265625,328.548828125,266.980743408203,1389.53955078125,2.41635131835938,0.479829519987106,8.1179895401001,21.3565444946289,1.26557075977325,39.1215286254883,5.24986362457275,52.774242401123,-0.38850724697113,-0.0118300430476665,1
background,479184.9838,4431626.1748,201.891967773438,415.2314453125,248.927032470703,2710.794921875,1.84823489189148,0.437292367219925,8.90036201477051,20.6585540771484,1.33250689506531,38.9259376525879,5.26277446746826,52.8354148864746,-0.322108775377274,0.00881634186953306,1
background,479184.9838,4432776.1748,30.5954608917236,227.206008911133,110.450012207031,619.448181152344,8.43195629119873,2.35126543045044,6.05855512619019,21.8889617919922,1.33469033241272,39.1681480407715,5.28174161911011,53.0800552368164,-0.388367205858231,-0.0220713037997484,1
background,479184.9838,4434576.1748,66.6855545043945,365.656524658203,286.161712646484,2976.7080078125,0.908913731575012,-0.0258699525147676,9.64443969726562,22.5272254943848,1.29469776153564,37.8028106689453,5.12930107116699,52.9502563476562,-0.306653499603271,0.0366564430296421,1
background,479184.9838,4435676.1748,48.7324562072754,347.557983398438,171.638092041016,445.980072021484,0.727660536766052,0.653523743152618,9.31190013885498,21.4095630645752,1.30822288990021,37.748161315918,5.0767822265625,53.0606727600098,-0.46593502163887,-0.00746587384492159,1
background,479184.9838,4436876.1748,12.4534702301025,106.764427185059,159.304000854492,984.670837402344,3.40288972854614,0.0631390661001205,7.51246929168701,25.0760440826416,1.332435131073,38.0169639587402,4.95580530166626,53.2465667724609,-0.325694382190704,0.0144769204780459,1
background,479234.9838,4431926.1748,160.709030151367,293.627410888672,133.907241821289,601.977294921875,6.5743236541748,1.68482887744904,6.40632963180542,22.2302894592285,1.26795303821564,38.9134216308594,5.26767778396606,52.8760070800781,-0.447748184204102,0.000488893128931522,1
background,479234.9838,4433676.1748,363.643951416016,215.190551757812,207.481979370117,1843.23449707031,20.2598171234131,-0.899928212165833,5.92012596130371,23.5384464263916,1.29873919487,37.9577255249023,5.26726913452148,52.9600601196289,-0.516757071018219,-0.00659501971676946,1
background,479234.9838,4439276.1748,224.12060546875,1188.03723144531,205.817474365234,12631.1748046875,2.18148231506348,-0.17749910056591,11.016978263855,23.063159942627,1.3084272146225,38.2581634521484,4.88185024261475,53.2921485900879,-0.427779585123062,0.0267156399786472,0
background,479284.9838,4429726.1748,89.0903625488281,57.8515014648438,271.916839599609,48599.11328125,10.8895149230957,-2.14201378822327,8.01024150848389,22.4320030212402,1.2440470457077,41.0544319152832,5.13738441467285,53.0057945251465,-0.490881025791168,0.0139783136546612,1
background,479284.9838,4431776.1748,312.609466552734,331.886688232422,220.387908935547,643.699584960938,3.81739854812622,0.301868587732315,6.55935430526733,21.6072273254395,1.29008197784424,38.8854064941406,5.26243114471436,52.8278198242188,-0.378926932811737,0.0259355884045362,1
background,479284.9838,4433276.1748,315.202423095703,64.5066986083984,227.463455200195,2896.46337890625,12.0974969863892,-0.599386394023895,6.96674251556396,22.8251457214355,1.32236182689667,39.0404510498047,5.2874698638916,53.1371078491211,-0.354521334171295,-0.0296429451555014,1
background,479284.9838,4435476.1748,67.8902130126953,528.507263183594,143.46728515625,2746.77612304688,3.1515576839447,-0.242154210805893,8.16043758392334,21.9258689880371,1.30663681030273,37.8929481506348,5.11021137237549,53.053783416748,-0.361262679100037,-0.0463960692286491,1
background,479284.9838,4436376.1748,68.6267166137695,81.1528015136719,275.224609375,3246.35131835938,2.74207019805908,-0.619488835334778,9.78616237640381,19.2012329101562,1.35636556148529,38.0399742126465,5.03445196151733,53.2170219421387,-0.350418120622635,0.023251686245203,1
background,479284.9838,4439326.1748,159.005310058594,1258.33154296875,201.721206665039,9701.224609375,2.07332825660706,-0.0442352145910263,11.5275096893311,23.0991249084473,1.31989502906799,38.261043548584,4.85389852523804,53.2787284851074,-0.310520172119141,0.0446452908217907,0
background,479284.9838,4440726.1748,66.0010375976562,204.864898681641,38.7741050720215,1580.83764648438,0.406143754720688,0.00538356835022569,9.88454914093018,26.9695053100586,1.30663931369781,38.6216087341309,4.31036901473999,53.2636795043945,-0.459077388048172,0.0207262244075537,0
background,479334.9838,4429776.1748,157.80126953125,51.8836479187012,255.897827148438,55324.78515625,17.4137706756592,-3.71797275543213,7.83382225036621,22.4173259735107,1.2460470199585,40.684741973877,5.17968606948853,52.9070243835449,-0.498906016349792,0.00672895740717649,1
background,479334.9838,4434326.1748,142.13427734375,288.219207763672,191.105484008789,275.056182861328,3.81821513175964,0.69629031419754,7.93063879013062,23.814998626709,1.31703794002533,37.7455444335938,5.14321756362915,52.8978652954102,-0.374487638473511,-0.000834679289255291,1
background,479334.9838,4438826.1748,25.1753959655762,1049.87438964844,263.71337890625,806.215087890625,1.96251833438873,0.374309629201889,8.23782920837402,22.7316131591797,1.29839932918549,37.7821922302246,4.63860988616943,53.256420135498,-0.460836857557297,0.0224485322833061,0
background,479334.9838,4440126.1748,11.6773881912231,767.819091796875,128.508010864258,2951.9208984375,0.439766049385071,-0.0147366477176547,10.1826992034912,26.9013042449951,1.31839942932129,38.4025764465332,4.58481407165527,53.2331657409668,-0.465439558029175,0.0596809536218643,0
background,479334.9838,4440276.1748,68.3060760498047,624.075866699219,122.576919555664,3335.35180664062,0.725334405899048,0.00127038906794041,9.82368850708008,26.5413036346436,1.31839942932129,38.4499969482422,4.55849313735962,53.2388000488281,-0.39761483669281,0.0292693749070168,0
background,479334.9838,4440626.1748,45.0982360839844,312.45458984375,66.9334106445312,2493.68432617188,0.592788219451904,0.00895046908408403,9.88552856445312,27.3305797576904,1.31153857707977,38.5902976989746,4.3418116569519,53.249324798584,-0.404942125082016,0.0197393614798784,0
background,479384.9838,4429976.1748,275.314178466797,19.9655590057373,157.819778442383,19490.015625,9.9415397644043,-0.220417603850365,7.92955493927002,20.6413154602051,1.2922956943512,39.9912872314453,5.22019577026367,52.737117767334,-0.464169472455978,0.00643424736335874,1
background,479384.9838,4430326.1748,121.522926330566,333.069152832031,107.436363220215,1573.02905273438,2.88363718986511,-0.358962953090668,7.96517133712769,18.4676246643066,1.34170973300934,39.7751502990723,5.22604322433472,52.7065353393555,-0.267037779092789,0.0133637180551887,1
background,479384.9838,4432926.1748,153.663375854492,16.9156475067139,177.472579956055,6481.5166015625,5.92164373397827,-1.41596627235413,9.8336763381958,21.5355129241943,1.34871780872345,39.5168914794922,5.26651430130005,53.1811866760254,-0.358806550502777,-0.00214543635956943,1
background,479384.9838,4433826.1748,354.037689208984,189.32763671875,63.9444999694824,366.261749267578,10.1168909072876,2.70520973205566,5.4966287612915,24.0491390228271,1.30677092075348,37.3829231262207,5.22923421859741,52.8314361572266,-0.280900835990906,0.114408478140831,1
background,479384.9838,4434876.1748,132.662338256836,694.584777832031,58.085506439209,1621.45385742188,2.39787530899048,0.255515724420547,7.91174697875977,22.7675151824951,1.3223397731781,37.8041763305664,5.11344194412231,52.9467849731445,-0.323563545942307,0.0207106042653322,1
background,479384.9838,4437576.1748,77.9576034545898,393.864715576172,235.235336303711,1756.47888183594,1.86195516586304,0.0910817235708237,8.25253772735596,21.2515621185303,1.30462670326233,37.7638130187988,4.87709283828735,53.2463150024414,-0.465575665235519,-0.00688643008470535,0
background,479434.9838,4430926.1748,328.782928466797,552.277893066406,131.935989379883,2608.36401367188,1.7699202299118,-0.197555616497993,8.66659832000732,20.0545711517334,1.29381632804871,39.3252639770508,5.24167728424072,52.7312622070312,-0.427750319242477,0.000139716008561663,1
background,479434.9838,4432526.1748,10.6662368774414,44.3012962341309,280.487182617188,3476.67114257812,9.15968322753906,-2.0519323348999,8.48981380462646,23.0125350952148,1.28233742713928,39.7723083496094,5.25212049484253,53.1424598693848,-0.421230107545853,0.00486304285004735,1
background,479434.9838,4434176.1748,151.203704833984,151.55680847168,109.918128967285,2271.6552734375,4.24497413635254,0.444834798574448,8.49374866485596,23.4815521240234,1.30663204193115,37.7953643798828,5.19999837875366,52.8843879699707,-0.286396533250809,0.0245884526520967,1
background,479434.9838,4434276.1748,141.192596435547,245.396820068359,133.156921386719,960.74560546875,5.59601449966431,0.0537973344326019,6.54793691635132,23.054370880127,1.31959187984467,37.7935981750488,5.17857456207275,52.8880348205566,-0.385719299316406,-0.0487885810434818,1
background,479484.9838,4432526.1748,40.5110931396484,82.2720947265625,284.605590820312,2540.78686523438,11.3875675201416,-1.02149498462677,6.8570990562439,23.3409099578857,1.27749979496002,39.614128112793,5.25950860977173,53.0896492004395,-0.456141382455826,0.00763952312991023,1
background,479534.9838,4431326.1748,199.716217041016,573.295715332031,142.629058837891,3455.89428710938,0.802056491374969,-0.224692776799202,10.0282440185547,20.5139389038086,1.29804694652557,39.0817413330078,5.24836444854736,52.7494659423828,-0.36413112282753,-0.00779147772118449,1
background,479534.9838,4431976.1748,288.590484619141,17.0954074859619,249.913177490234,17342.02734375,7.79061889648438,-2.55506920814514,9.08888721466064,22.4779796600342,1.26214349269867,39.4518890380859,5.25494146347046,52.9555587768555,-0.464965164661407,-0.0086278859525919,1
background,479534.9838,4438476.1748,127.510536193848,989.210815429688,228.741500854492,1729.35119628906,0.925247728824615,0.0302544087171555,10.0938787460327,23.3409938812256,1.31238341331482,37.8480072021484,4.70182371139526,53.2164535522461,-0.334371030330658,0.0352978184819221,0
background,479534.9838,4439926.1748,188.374969482422,738.298828125,152.690399169922,2288.42333984375,0.739091396331787,-0.035574197769165,10.7541933059692,26.1958751678467,1.30695760250092,38.4349098205566,4.6160454750061,53.2067642211914,-0.426380127668381,0.0203369632363319,0
background,479584.9838,4431076.1748,177.079376220703,460.639190673828,168.360092163086,12157.4970703125,1.3152449131012,-0.146143481135368,10.6793603897095,19.7867069244385,1.29328072071075,39.1607475280762,5.24218225479126,52.7223968505859,-0.36034494638443,0.00224158656783402,1
background,479584.9838,4432126.1748,176.929244995117,109.167991638184,278.257720947266,2677.75830078125,10.4433708190918,0.122822962701321,7.11059522628784,22.7736625671387,1.26004695892334,39.3642120361328,5.25925827026367,52.9489860534668,-0.277467459440231,-0.0145639264956117,1
background,479584.9838,4434426.1748,29.3453254699707,204.039337158203,138.212692260742,2105.47998046875,4.93770837783813,0.767156362533569,7.52223777770996,20.6221199035645,1.33635234832764,37.8937873840332,5.12736320495605,52.8756141662598,-0.438264608383179,0.0044526937417686,1
background,479584.9838,4434526.1748,107.237869262695,292.493438720703,118.613998413086,2013.36572265625,1.78572940826416,0.460970312356949,8.60477924346924,20.446081161499,1.33235239982605,37.9246978759766,5.12243318557739,52.8744163513184,-0.394350409507751,-0.011335507966578,1
background,479584.9838,4437576.1748,68.1632919311523,285.125213623047,141.55989074707,1611.62841796875,0.853924691677094,-0.0186172965914011,9.15752410888672,21.1578159332275,1.3190643787384,37.7835388183594,4.86781120300293,53.2035903930664,-0.316903322935104,0.0329278819262981,0
background,479584.9838,4437776.1748,47.6485137939453,400.8662109375,151.678955078125,1408.82934570312,1.08692407608032,0.229593962430954,8.65603351593018,22.1740856170654,1.30760848522186,37.7539978027344,4.84018230438232,53.199893951416,-0.376666843891144,0.0496319867670536,0
background,479634.9838,4430476.1748,12.8173151016235,363.086761474609,212.808212280273,1521.95959472656,1.21197080612183,0.268621742725372,9.01183605194092,17.9054317474365,1.33372378349304,39.6869354248047,5.22523069381714,52.662483215332,-0.330966144800186,0.0220712460577488,1
background,479634.9838,4438176.1748,171.726943969727,674.719360351562,140.766006469727,5193.4541015625,0.978784620761871,-0.081333689391613,10.2395839691162,19.8635807037354,1.31827068328857,37.7891006469727,4.75547456741333,53.188835144043,-0.443614721298218,0.021565817296505,0
background,479634.9838,4439276.1748,50.3450202941895,1068.9423828125,255.965072631836,2464.78125,0.788353085517883,0.0113096851855516,9.62243938446045,25.6021728515625,1.30233538150787,38.0153617858887,4.67987871170044,53.1740493774414,-0.458878636360168,0.011950209736824,0
background,479684.9838,4429826.1748,499.336029052734,301.218078613281,201.799468994141,780.835021972656,0.669607281684875,0.117861859500408,8.55670070648193,16.8278541564941,1.30971908569336,39.9211349487305,5.21573543548584,52.6578712463379,-0.377208262681961,0.0243386551737785,1
background,479684.9838,4430626.1748,158.083160400391,289.652221679688,193.180969238281,1195.87316894531,1.27588891983032,0.0701278671622276,9.25020217895508,18.7758941650391,1.33510541915894,39.6346626281738,5.22740411758423,52.6600685119629,-0.368994206190109,-0.0153461880981922,1
background,479684.9838,4433776.1748,293.805694580078,75.0996322631836,67.8419036865234,2643.4228515625,13.1328344345093,-0.766538143157959,6.61172533035278,24.88889503479,1.27594423294067,38.2710838317871,5.27379989624023,52.9401664733887,-0.490953385829926,0.0119086978957057,1
background,479684.9838,4433876.1748,194.002899169922,9.25530242919922,146.213241577148,34863.40234375,7.56784248352051,-2.62887859344482,9.22550392150879,24.9529552459717,1.28484749794006,38.4872093200684,5.27433919906616,52.9556274414062,-0.4381383061409,0.0242248419672251,1
background,479684.9838,4433926.1748,144.203994750977,39.033390045166,185.482208251953,3937.8193359375,14.2833557128906,-1.49593007564545,6.68801832199097,24.3145656585693,1.28692805767059,38.4550743103027,5.26976728439331,52.9492416381836,-0.448527306318283,0.0249513480812311,1
background,479684.9838,4438576.1748,20.1279239654541,1022.39349365234,210.343765258789,1175.11328125,1.26590514183044,0.024707505479455,10.1998271942139,24.0091018676758,1.30002224445343,37.8993873596191,4.67194318771362,53.1848182678223,-0.423239439725876,0.0106254611164331,0
background,479734.9838,4433526.1748,378.497375488281,154.133438110352,76.4267883300781,1115.34948730469,16.9286117553711,0.928421676158905,5.75792217254639,24.4572734832764,1.26487421989441,38.2828521728516,5.26939010620117,52.893180847168,-0.470215082168579,-0.0151235340163112,1
background,479734.9838,4437676.1748,137.259124755859,220.887557983398,203.72688293457,19776.77734375,1.05515265464783,-0.153574988245964,11.471245765686,21.2164611816406,1.32820355892181,37.8177261352539,4.849778175354,53.1838607788086,-0.313073307275772,0.060867503285408,0
background,479784.9838,4430626.1748,220.526260375977,190.624160766602,151.975250244141,833.56103515625,2.5405855178833,0.406177997589111,7.66663503646851,18.7357063293457,1.32718062400818,39.6832313537598,5.22395038604736,52.6481819152832,-0.369707942008972,-0.00900098029524088,1
background,479784.9838,4435126.1748,83.6351165771484,316.914306640625,130.637664794922,806.075805664062,0.181549414992332,0.0126565843820572,10.1009969711304,21.0919418334961,1.35186338424683,37.9677391052246,5.11224985122681,52.9266738891602,-0.337071448564529,0.0075766621157527,0
background,479784.9838,4435926.1748,161.117935180664,66.8625106811523,141.868896484375,3170.59838867188,1.09699594974518,-0.307795852422714,11.5818147659302,18.635160446167,1.33900463581085,38.1359024047852,5.0366005897522,53.0837135314941,-0.265397995710373,0.0694851502776146,1
background,479784.9838,4438876.1748,30.7421092987061,979.646118164062,156.466171264648,1648.14099121094,1.77824699878693,0.077004574239254,8.32425498962402,26.2600650787354,1.28999996185303,38.0151634216309,4.69057178497314,53.1664276123047,-0.379718124866486,0.0408899672329426,0
background,479784.9838,4439126.1748,104.064743041992,1050.48291015625,145.46955871582,1598.38916015625,1.59536039829254,0.159761130809784,8.35597324371338,26.2587471008301,1.29012405872345,38.1335029602051,4.71917724609375,53.1594657897949,-0.492720663547516,0.0250238236039877,0
background,479834.9838,4433976.1748,160.912490844727,66.8434143066406,109.920906066895,1920.43310546875,10.6926221847534,-0.59136039018631,6.43284320831299,23.9019203186035,1.29129576683044,38.4504127502441,5.26649713516235,52.9162940979004,-0.388004660606384,0.0179156512022018,1
background,479834.9838,4434526.1748,157.545883178711,179.669708251953,167.100982666016,3956.0556640625,5.86421966552734,-0.716706514358521,8.13018608093262,20.3466567993164,1.31871581077576,38.1774787902832,5.12728881835938,52.871509552002,-0.372656911611557,0.0324251614511013,1
background,479834.9838,4439376.1748,149.472442626953,859.239196777344,138.821090698242,526.387329101562,0.216793179512024,0.089125283062458,9.25995349884033,26.3824844360352,1.31831288337708,38.0865516662598,4.643874168396,53.1355628967285,-0.459562987089157,0.0307771489024162,0
background,479884.9838,4433626.1748,288.265380859375,25.0304718017578,152.815887451172,4044.927734375,5.19469690322876,-1.37205231189728,9.17868995666504,25.2132320404053,1.27053463459015,38.6881980895996,5.27759790420532,52.9715003967285,-0.473310858011246,0.00253916555084288,1
background,479884.9838,4436776.1748,118.381759643555,37.7097206115723,176.411544799805,4209.03759765625,7.24820566177368,-0.799597501754761,8.131760597229,0,0,38.2041435241699,4.93231868743896,53.1811637878418,-0.482365310192108,-0.0145279355347157,0
background,479884.9838,4436826.1748,136.540969848633,12.2885751724243,196.4775390625,2006.49597167969,6.63642072677612,0.114346757531166,7.06835603713989,0,0,38.1022529602051,4.92753314971924,53.1750984191895,-0.342968374490738,0.00333899562247097,0
background,479884.9838,4440076.1748,89.7456893920898,366.549957275391,32.412166595459,2470.28198242188,0.829730868339539,-0.066133476793766,9.45070362091064,25.5623226165771,1.30422735214233,38.6263122558594,4.55083465576172,53.1576347351074,-0.348360270261765,0.0425429791212082,0
background,479934.9838,4430126.1748,470.279052734375,50.2967529296875,109.853645324707,4760.509765625,3.67878532409668,-0.444044053554535,8.8698148727417,17.7891368865967,1.33280003070831,40.0651054382324,5.20375061035156,52.6562690734863,-0.420684665441513,0.0139751872047782,1
background,479934.9838,4431926.1748,180.946090698242,259.400665283203,202.68034362793,898.052490234375,2.30169820785522,0.485358029603958,7.63112783432007,21.9268646240234,1.28630435466766,38.6778221130371,5.24501752853394,52.6781997680664,-0.437749207019806,0.00249172258190811,1
background,479934.9838,4432676.1748,61.3374443054199,95.5336151123047,334.164978027344,3158.92602539062,14.3207788467407,0.00699858646839857,6.81992149353027,23.5723648071289,1.26395523548126,38.8328742980957,5.26409196853638,52.858268737793,-0.51487272977829,-0.0119890021160245,1
background,479934.9838,4432776.1748,24.4190711975098,4.9805269241333,290.493957519531,31240.81640625,10.8120365142822,-2.57190251350403,8.80570888519287,24.2219638824463,1.26699542999268,39.0804252624512,5.26474523544312,52.9327583312988,-0.393469899892807,0.0164874084293842,1
background,479934.9838,4435926.1748,128.730834960938,15.2330837249756,69.7678070068359,2888.07592773438,0.0450473390519619,-0.00948228593915701,11.2094211578369,18.7297916412354,1.34137451648712,38.168701171875,5.03197336196899,53.0693054199219,-0.292217761278152,0.0569272935390472,0
background,479934.9838,4437526.1748,50.0544586181641,42.7144660949707,115.819236755371,1058.4951171875,0.0373833775520325,-0.0379208847880363,14.0885028839111,22.4203948974609,1.34794390201569,37.8375282287598,4.85763168334961,53.1376838684082,-0.280496001243591,0.0137990675866604,0
background,479934.9838,4438326.1748,40.0449142456055,723.997253417969,164.555419921875,1372.62292480469,1.45023274421692,0.0770856142044067,8.3886833190918,20.924732208252,1.31829249858856,37.9161224365234,4.72025299072266,53.137523651123,-0.405486226081848,0.0300955586135387,0
background,479934.9838,4439776.1748,2.23717164993286,507.181762695312,158.308181762695,240.96826171875,0.486727505922318,0.185491099953651,7.75623178482056,25.7119560241699,1.31399095058441,38.4598770141602,4.52587366104126,53.1319770812988,-0.429634988307953,-0.00522104417905211,0
background,479984.9838,4436976.1748,194.991928100586,85.9214248657227,169.016754150391,385.768157958984,1.52607333660126,0.516586720943451,6.84572982788086,8.6427583694458,0.548124313354492,37.8953857421875,4.90802669525146,53.1233596801758,-0.269486963748932,0.0141152516007423,0
background,479984.9838,4439626.1748,39.4199028015137,573.981811523438,129.936584472656,1485.00964355469,0.559656083583832,0.0260903257876635,9.28523921966553,26.160099029541,1.30885136127472,38.3727493286133,4.5660457611084,53.1182098388672,-0.422369003295898,0.026586988940835,0
background,479984.9838,4439776.1748,42.8874244689941,470.805389404297,79.6006851196289,456.674926757812,0.812689363956451,0.118133254349232,7.83753442764282,25.6463985443115,1.31557214260101,38.4695281982422,4.52282047271729,53.1237373352051,-0.467107772827148,-0.00674435775727034,0
background,480034.9838,4430126.1748,541.954345703125,49.2695732116699,224.147506713867,1308.09301757812,2.27570509910583,-0.0227892212569714,9.8876314163208,19.1023693084717,1.32087516784668,40.0642051696777,5.20211505889893,52.6335716247559,-0.382683992385864,-0.0101817734539509,1
background,480034.9838,4430876.1748,125.454063415527,44.8598747253418,212.653030395508,33037.84765625,1.97994828224182,-0.318943411111832,10.9083385467529,18.7915859222412,1.32993984222412,39.6675186157227,5.22380781173706,52.6327590942383,-0.385629445314407,-0.00546266231685877,1
background,480034.9838,4431076.1748,9.94710540771484,218.767181396484,199.280670166016,7449.2509765625,1.97662997245789,-0.433060169219971,10.3646402359009,18.7244167327881,1.31970083713531,39.2950820922852,5.22974300384521,52.6434326171875,-0.359820187091827,-0.0185410361737013,1
background,480034.9838,4433326.1748,19.794713973999,9.23245239257812,184.471710205078,33195.40625,1.12260186672211,-0.79687887430191,16.3213558197021,24.6162891387939,1.26725912094116,39.1133041381836,5.27020263671875,52.9961700439453,-0.445382863283157,0.0407751947641373,1
background,480034.9838,4434076.1748,123.757446289062,154.744689941406,179.808380126953,1034.29919433594,10.9239835739136,0.149615883827209,6.23446846008301,22.4216575622559,1.28655588626862,38.3091697692871,5.22489833831787,52.8491516113281,-0.443853288888931,0.0113688930869102,1
background,480084.9838,4429976.1748,613.731323242188,52.4163436889648,242.739929199219,3418.95874023438,3.74213814735413,-0.483249872922897,8.64641666412354,18.9956340789795,1.3059903383255,40.1360511779785,5.19856595993042,52.6363182067871,-0.40522575378418,-0.00894018076360226,1
background,480084.9838,4433876.1748,105.960479736328,79.4424285888672,210.404251098633,1396.16491699219,7.13859272003174,0.17703378200531,6.63497257232666,24.3129444122314,1.28322565555573,38.708667755127,5.27107429504395,52.9140014648438,-0.368418097496033,0.00498749036341906,1
background,480134.9838,4431426.1748,111.762405395508,582.299865722656,220.985305786133,4631.65966796875,2.88713121414185,-0.120987832546234,9.02894496917725,18.9078693389893,1.29937660694122,38.9639282226562,5.23489952087402,52.6239585876465,-0.367321968078613,-0.0205685775727034,1
background,480184.9838,4430126.1748,435.228332519531,185.79736328125,216.892807006836,1082.60827636719,1.69458198547363,0.364082127809525,8.0437650680542,20.097843170166,1.31011831760406,39.9939270019531,5.20193290710449,52.5915336608887,-0.393979370594025,-0.0101144658401608,1
background,480184.9838,4430226.1748,367.927276611328,106.399383544922,274.780883789062,1209.80725097656,2.10456681251526,0.0319318398833275,7.93245220184326,19.2289218902588,1.32019889354706,39.9583168029785,5.20244216918945,52.5892677307129,-0.40835565328598,-0.00228471914306283,1
background,480184.9838,4432576.1748,239.546157836914,180.922210693359,320.049224853516,2330.84692382812,5.42930555343628,0.334811896085739,7.58892822265625,23.4531421661377,1.28063547611237,38.3159370422363,5.24389934539795,52.6696510314941,-0.403966426849365,-0.00159236404579133,1
background,480184.9838,4436576.1748,92.7907638549805,135.521560668945,246.616760253906,2805.69799804688,6.28383445739746,-1.14090347290039,8.9479808807373,8.15869235992432,0.52579265832901,38.2440795898438,4.92796754837036,53.1130447387695,-0.437656283378601,0.0772497802972794,0
background,480184.9838,4439476.1748,3.55176830291748,589.015441894531,155.977325439453,4014.14453125,0.742022037506104,-0.0258219186216593,9.982834815979,24.6316547393799,1.32239937782288,38.3063163757324,4.59944438934326,53.0809593200684,-0.37918084859848,0.0279134400188923,0
background,480184.9838,4440326.1748,55.4501762390137,22.348352432251,90.4807968139648,101.233795166016,0.0000709647792973556,-0.0304207857698202,13.7139625549316,25.815502166748,1.34344911575317,38.8288879394531,4.48578453063965,53.1256904602051,-0.4040247797966,-0.0449329540133476,0
background,480234.9838,4430426.1748,241.046981811523,111.067855834961,224.485366821289,34362.6640625,2.59140205383301,-0.0350667722523212,11.2485342025757,18.5946216583252,1.33300244808197,39.8805389404297,5.20481824874878,52.5710144042969,-0.434235274791718,-0.0210537239909172,1
background,480234.9838,4434476.1748,50.2464752197266,26.5843639373779,117.581420898438,1832.01330566406,11.2605457305908,-0.57349306344986,6.98105144500732,21.119047164917,1.30334222316742,38.7645988464355,5.13720893859863,52.8968811035156,-0.464757889509201,0.000830691598821431,1
background,480234.9838,4438226.1748,117.528625488281,661.062316894531,140.68586730957,1544.93688964844,1.65590441226959,0.0876361280679703,8.26749324798584,22.9950103759766,1.31084668636322,38.0136795043945,4.72703695297241,53.0873680114746,-0.421962350606918,-0.0191996600478888,0
background,480234.9838,4440226.1748,150.086273193359,16.6018486022949,89.9071350097656,108.777954101562,0.0000652269227430224,0.00618554931133986,12.426812171936,25.8965511322021,1.32835114002228,38.821949005127,4.49468851089478,53.114128112793,-0.42899826169014,-0.0524101331830025,0
background,480284.9838,4433226.1748,218.481185913086,16.7747554779053,316.335662841797,7734.4189453125,10.8756742477417,-1.22800278663635,7.90784406661987,24.83669090271,1.26145720481873,38.6653938293457,5.26295185089111,52.8225021362305,-0.510204553604126,-0.00541162211447954,1
background,480284.9838,4434226.1748,91.985595703125,195.327239990234,103.836540222168,1360.98596191406,7.05443286895752,0.175428509712219,6.71450424194336,22.9479637145996,1.28124821186066,38.4104652404785,5.2110481262207,52.8294982910156,-0.399051427841187,0.0212501473724842,1
background,480284.9838,4438326.1748,55.6668167114258,606.031372070312,126.655952453613,1384.77905273438,1.53318858146667,0.0367730520665646,8.21480846405029,22.5994434356689,1.316739320755,38.0309715270996,4.70463895797729,53.0820388793945,-0.451854914426804,0.0462983585894108,0
background,480334.9838,4431026.1748,225.830154418945,379.926971435547,227.03108215332,3319.99169921875,1.50325226783752,0.120342627167702,9.03521251678467,18.2166023254395,1.32962572574615,39.2249794006348,5.22138023376465,52.5408744812012,-0.448064774274826,0.00107302609831095,1
background,480334.9838,4432076.1748,130.913513183594,681.63671875,224.605651855469,4725.591796875,1.87154293060303,-0.0734562054276466,9.14700126647949,21.1038761138916,1.32027292251587,38.458568572998,5.23438024520874,52.5886535644531,-0.417500644922256,-0.0260225869715214,1
background,480334.9838,4433176.1748,288.158203125,82.6807327270508,298.606079101562,4872.423828125,10.9517774581909,-0.675123393535614,7.47936487197876,25.1541004180908,1.26032769680023,38.4610443115234,5.25611734390259,52.7591438293457,-0.517104625701904,-0.0249742921441793,1
background,480334.9838,4439826.1748,163.911392211914,208.769271850586,20.3029479980469,1049.10620117188,0.820072889328003,0.0649473816156387,8.69082164764404,23.4750881195068,1.32839941978455,38.5351371765137,4.51032781600952,53.069995880127,-0.476586639881134,0.0551628433167934,0
background,480384.9838,4433576.1748,61.9816246032715,20.7834396362305,270.663696289062,3113.28344726562,2.67040920257568,-1.49569451808929,13.3275184631348,23.0036315917969,1.26925444602966,38.8326721191406,5.26749849319458,52.8780632019043,-0.369729578495026,0.0127978939563036,1
background,480384.9838,4437276.1748,15.5223808288574,424.276184082031,117.554016113281,272.765045166016,0.251104712486267,0.301765024662018,8.50931167602539,27.4311256408691,1.33911764621735,37.7659950256348,4.85571813583374,53.0169792175293,-0.285517573356628,0.012592913582921,0
background,480384.9838,4437626.1748,97.3945465087891,378.74609375,312.667999267578,2345.98266601562,0.379453510046005,0.140906408429146,10.3138256072998,24.7277412414551,1.32360219955444,37.8373870849609,4.82426071166992,53.0403060913086,-0.286128997802734,0.0222377236932516,0
background,480384.9838,4439076.1748,125.026962280273,515.253845214844,171.492614746094,9889.306640625,1.53440070152283,0.0522431135177612,10.161431312561,24.7600631713867,1.30920124053955,38.394157409668,4.69146108627319,53.0708045959473,-0.436297208070755,0.0413654334843159,0
background,480384.9838,4439576.1748,12.3737916946411,438.362548828125,135.64778137207,1378.26062011719,0.509289383888245,0.0112576298415661,9.24028778076172,24.0823822021484,1.32976603507996,38.4235877990723,4.55913591384888,53.0524291992188,-0.396427541971207,0.0407262779772282,0
background,480384.9838,4439876.1748,144.013046264648,145.860214233398,44.6830673217773,1240.27526855469,1.7637060880661,0.482877820730209,8.25527477264404,22.8455295562744,1.32960069179535,38.5681762695312,4.50770282745361,53.0679626464844,-0.449510276317596,0.0452664084732533,0
background,480384.9838,4440176.1748,45.8354415893555,94.7861785888672,215.257537841797,752.790466308594,0.522814512252808,0.0231960155069828,9.20360946655273,26.3762378692627,1.3276983499527,38.7549629211426,4.50102138519287,53.0772743225098,-0.398038804531097,0.0124102476984262,0
background,480434.9838,4437676.1748,39.905460357666,433.947967529297,303.863464355469,2439.91650390625,0.275295972824097,0.0690593868494034,10.5867280960083,20.6611270904541,1.12116420269012,37.8781280517578,4.80526876449585,53.0321960449219,-0.276069283485413,0.0214344374835491,0
background,480434.9838,4437776.1748,22.0168647766113,460.864807128906,293.287689208984,2058.75927734375,0.759263157844543,-0.010554657317698,9.4068078994751,13.0812845230103,0.717769503593445,37.9455604553223,4.78998804092407,53.0415382385254,-0.270994156599045,0.0336576327681541,0
background,480484.9838,4430526.1748,58.1598129272461,375.957183837891,233.918991088867,1840.07861328125,2.84505939483643,0.12508662045002,7.80532884597778,19.0091953277588,1.32861590385437,39.6831092834473,5.20461654663086,52.4875068664551,-0.403291076421738,0.00160072452854365,1
background,480484.9838,4431026.1748,366.401702880859,519.199401855469,217.91471862793,68338.1875,2.29548525810242,-0.170905500650406,11.3283061981201,18.1751804351807,1.32490277290344,39.1043395996094,5.217698097229,52.4997520446777,-0.424507707357407,0.0100929141044617,1
background,480484.9838,4431976.1748,78.8713531494141,811.633728027344,235.067092895508,1922.54541015625,2.48933911323547,-0.0666948556900024,8.03246021270752,20.6706943511963,1.32190382480621,38.4432640075684,5.22857856750488,52.5417442321777,-0.396941035985947,-0.0209200922399759,1
background,480484.9838,4432326.1748,157.834091186523,569.718017578125,225.306610107422,2309.76440429688,1.77501034736633,-0.00359920365735888,8.65075969696045,22.0625762939453,1.30841279029846,38.3141670227051,5.23095798492432,52.5673561096191,-0.380883127450943,-0.0043050623498857,1
background,480484.9838,4432426.1748,73.9442749023438,507.072296142578,216.531814575195,2901.79223632812,2.16842794418335,-0.0510004833340645,8.53325366973877,22.4057025909424,1.30445420742035,38.2788963317871,5.23066711425781,52.5693855285645,-0.379402190446854,0.00161343568470329,1
background,480484.9838,4435826.1748,18.6783847808838,253.06755065918,211.952163696289,1657.4345703125,2.34566283226013,-0.0182790961116552,8.00044822692871,20.8628978729248,1.32972168922424,38.2048034667969,5.0199990272522,52.9880104064941,-0.277535676956177,0.015946151688695,0
background,480484.9838,4435926.1748,90.515869140625,178.548370361328,223.235580444336,1167.5283203125,3.31765675544739,0.235012426972389,7.31304597854614,21.1281394958496,1.32161629199982,38.1261711120605,5.01429891586304,52.9471015930176,-0.317598521709442,0.0395308025181293,0
background,480534.9838,4436776.1748,73.9968490600586,535.330139160156,206.61799621582,1040.65405273438,1.53591692447662,0.183310016989708,8.32728862762451,25.1360969543457,1.3324943780899,38.0014381408691,4.90307331085205,53.0009078979492,-0.384049355983734,0.0257592760026455,1
background,480534.9838,4438526.1748,73.9354553222656,285.994293212891,78.6561584472656,17068.1171875,4.99527597427368,-0.387613385915756,9.9367561340332,24.0540294647217,1.30360054969788,38.3528060913086,4.66731023788452,53.0809288024902,-0.481097221374512,0.0318477265536785,0
background,480534.9838,4439976.1748,185.539215087891,38.0915336608887,66.6965026855469,2103.64892578125,1.07718014717102,-0.836640298366547,12.4360723495483,24.3973388671875,1.32360064983368,38.7450523376465,4.49876976013184,53.0666313171387,-0.402036130428314,0.0546786263585091,0
background,480584.9838,4434126.1748,186.263870239258,25.8664855957031,94.8414688110352,4646.8046875,3.41079497337341,-2.05030131340027,11.6033744812012,24.5890636444092,1.29512655735016,38.8122444152832,5.2294979095459,52.8498344421387,-0.440585166215897,0.0184639766812325,1
background,480584.9838,4434276.1748,245.859085083008,96.7931365966797,228.072402954102,897.394958496094,13.478141784668,0.557427585124969,5.59719848632812,24.7306480407715,1.28600776195526,38.6504287719727,5.20905160903931,52.8222503662109,-0.467182546854019,0.00358586153015494,1
background,480584.9838,4435876.1748,9.70014762878418,288.895324707031,182.740081787109,1203.00830078125,2.41898465156555,0.121317751705647,7.87021255493164,22.2089653015137,1.30789422988892,38.1951522827148,5.0147123336792,52.9895439147949,-0.296978294849396,0.0224432069808245,0
background,480584.9838,4437426.1748,31.6546459197998,579.356018066406,116.809600830078,1124.16955566406,0.508018612861633,0.285127282142639,9.49905681610107,24.6071891784668,1.31619358062744,37.8544578552246,4.82809972763062,52.991325378418,-0.383000552654266,0.0102308904752135,0
background,480584.9838,4437476.1748,74.2201156616211,563.625549316406,116.57307434082,1850.68872070312,0.209842622280121,0.10626095533371,10.5892887115479,24.3639869689941,1.31755340099335,37.8468208312988,4.82626724243164,52.9922637939453,-0.368606835603714,0.0207693967968225,0
background,480584.9838,4439826.1748,259.08203125,185.765884399414,293.598205566406,1225.21911621094,2.45148587226868,0.0396761074662209,7.88407611846924,23.464527130127,1.32324111461639,38.6486129760742,4.50428819656372,53.0368537902832,-0.479666441679001,0.0293226130306721,0
background,480634.9838,4432526.1748,17.8442840576172,597.928588867188,163.268127441406,1730.79846191406,2.06146097183228,0.0506718084216118,8.34744739532471,21.8158226013184,1.3007150888443,38.2215538024902,5.22705030441284,52.542797088623,-0.395913362503052,-0.00733277387917042,1
background,480634.9838,4436726.1748,30.1277847290039,599.139221191406,152.274887084961,324.488891601562,2.71887397766113,0.85562938451767,6.30578660964966,24.5764312744141,1.3250834941864,38.0238494873047,4.90387058258057,52.9809112548828,-0.386831164360046,-0.0244750287383795,1
background,480634.9838,4438976.1748,292.358612060547,287.116363525391,113.189086914062,2194.5830078125,10.9434003829956,0.459613621234894,6.86857032775879,23.8039932250977,1.28960061073303,38.7180633544922,4.7179126739502,53.0668983459473,-0.508639097213745,0.0439983829855919,0
background,480634.9838,4439126.1748,184.586715698242,428.626312255859,135.427261352539,1248.91528320312,7.2508864402771,0.943864285945892,6.62421941757202,23.8012866973877,1.28964567184448,38.5760345458984,4.67808198928833,53.0397491455078,-0.464486420154572,0.0216570775955915,0
background,480684.9838,4434476.1748,216.424407958984,227.227111816406,288.255401611328,1174.28820800781,9.9213171005249,0.422338902950287,6.34763050079346,24.6561298370361,1.28472363948822,38.4048042297363,5.1089186668396,52.7182197570801,-0.475422352552414,0.0164713393896818,1
background,480684.9838,4435676.1748,54.3204040527344,495.769104003906,111.184646606445,2399.39379882812,0.326565831899643,-0.0222983900457621,10.1999311447144,21.2956123352051,1.3149801492691,38.2616500854492,5.01588869094849,52.9641761779785,-0.305914402008057,0.0209730789065361,0
background,480684.9838,4436876.1748,109.147956848145,545.623168945312,91.1639404296875,1396.72546386719,5.21676445007324,0.241351082921028,7.36875820159912,26.7621021270752,1.3347874879837,38.0780906677246,4.8947434425354,52.9897613525391,-0.365073382854462,0.0162318032234907,1
background,480684.9838,4439626.1748,180.148040771484,385.415191650391,121.399711608887,142.055313110352,0.504611074924469,0.432156711816788,9.07874870300293,23.7220401763916,1.32517683506012,38.4856910705566,4.55280590057373,53.0050659179688,-0.437547773122787,0.025769617408514,0
background,480734.9838,4430526.1748,32.0190086364746,442.824737548828,244.013565063477,2385.29614257812,2.2731671333313,0.0347743108868599,8.28752517700195,18.9873065948486,1.3152859210968,39.6885795593262,5.19867753982544,52.4257354736328,-0.412374049425125,0.000766590412240475,1
background,480734.9838,4432976.1748,155.439071655273,431.670471191406,111.380859375,845.474792480469,0.849698126316071,0.401429772377014,8.42300796508789,24.4405174255371,1.28750658035278,38.0526466369629,5.22473192214966,52.5507431030273,-0.426337867975235,-0.0127643048763275,1
background,480734.9838,4439826.1748,168.535675048828,210.652969360352,308.062194824219,525.948608398438,4.25980949401855,0.517502307891846,6.55609512329102,23.264440536499,1.32023465633392,38.6352043151855,4.50208282470703,53.0097007751465,-0.51133531332016,0.0376247055828571,0
background,480784.9838,4435776.1748,64.8636016845703,511.490478515625,91.7000198364258,2438.26049804688,6.61128330230713,-0.540975093841553,7.23354816436768,22.4769668579102,1.31311571598053,38.3750419616699,5.01875877380371,52.9632034301758,-0.358619332313538,0.0284192953258753,1
background,480784.9838,4435926.1748,109.097709655762,453.736724853516,177.617263793945,539.553527832031,0.463727086782455,-0.325436532497406,10.9554328918457,22.961669921875,1.31132459640503,38.358470916748,4.99871587753296,52.9623908996582,-0.421810030937195,0.0643076375126839,1
background,480784.9838,4437526.1748,16.0805225372314,357.718231201172,110.543663024902,2501.45825195312,4.60153722763062,0.153457924723625,7.78889465332031,23.9413623809814,1.29550886154175,38.109561920166,4.80786561965942,52.9802284240723,-0.478917449712753,0.0386379808187485,0
background,480784.9838,4438376.1748,26.045618057251,334.269653320312,58.6234970092773,1151.08874511719,3.18554377555847,0.327893674373627,7.31479978561401,24.3507671356201,1.27437245845795,38.3830947875977,4.68459272384644,53.0353240966797,-0.19756306707859,0.0194503776729107,0
background,480834.9838,4432426.1748,49.8631401062012,666.691711425781,152.523056030273,3397.79858398438,0.997961759567261,-0.0398299545049667,9.69109058380127,21.2583866119385,1.32175934314728,38.3332481384277,5.22594785690308,52.5093765258789,-0.372795850038528,0.00140792748425156,1
background,480834.9838,4432926.1748,180.18489074707,354.302062988281,105.319030761719,1123.68884277344,5.60620450973511,0.610790848731995,6.8611946105957,24.618839263916,1.28750658035278,38.1390647888184,5.22716045379639,52.5441665649414,-0.430807620286942,-0.0209163352847099,1
background,480834.9838,4435826.1748,125.926849365234,533.423156738281,161.662628173828,4407.4306640625,4.89578485488892,-0.78405773639679,9.35250091552734,23.103645324707,1.31578350067139,38.416187286377,5.01279258728027,52.9533042907715,-0.374024391174316,0.0380777306854725,1
background,480884.9838,4430976.1748,10.9913854598999,377.243988037109,194.102416992188,1997.42663574219,2.22545504570007,-0.18987300992012,8.37076282501221,20.020694732666,1.29976224899292,39.2538757324219,5.20433664321899,52.3797302246094,-0.440944284200668,-0.00227624434046447,1
background,480884.9838,4434276.1748,129.425689697266,282.53125,216.203506469727,1218.20043945312,9.68791770935059,-0.00499471416696906,6.14373302459717,23.9115295410156,1.29396891593933,38.2907791137695,5.18523693084717,52.676700592041,-0.410960763692856,0.0279928557574749,1
background,480884.9838,4436376.1748,156.726333618164,445.421051025391,53.658821105957,8535.0810546875,1.39863085746765,-0.201519414782524,10.4345827102661,22.9767723083496,1.32889974117279,38.3354568481445,4.9190993309021,52.9557571411133,-0.233898416161537,0.0135567830875516,1
background,480884.9838,4437176.1748,4.09108352661133,319.134307861328,134.235977172852,4576.11279296875,4.9897837638855,-0.266253560781479,8.27160167694092,26.3635425567627,1.32889401912689,38.2044830322266,4.8621301651001,52.9774971008301,-0.425384700298309,0.0142555003985763,1
background,480934.9838,4433276.1748,72.1125030517578,248.503051757812,87.1572189331055,1624.61840820312,5.07000303268433,-0.188430204987526,7.4691333770752,23.593822479248,1.3112268447876,38.3655052185059,5.24186277389526,52.6194496154785,-0.479704558849335,-0.0135685857385397,1
background,480934.9838,4433926.1748,153.263153076172,220.544448852539,248.082611083984,331.541839599609,0.462588906288147,0.979673624038696,10.1735582351685,23.0738639831543,1.29639434814453,38.3803024291992,5.2407865524292,52.6628875732422,-0.322516083717346,0.0311998464167118,1
background,480934.9838,4434526.1748,178.038284301758,395.710327148438,109.553939819336,383.346435546875,2.8632185459137,1.25397861003876,6.81911659240723,24.4333572387695,1.28034329414368,38.3113555908203,5.09721565246582,52.6498184204102,-0.406579226255417,0.00935464724898338,1
background,480934.9838,4437976.1748,8.56136703491211,160.145446777344,78.7269897460938,2276.06689453125,4.2654972076416,-0.174578741192818,8.30860328674316,23.6331577301025,1.30128574371338,38.5105819702148,4.73806810379028,53.023567199707,-0.384065985679626,0.0208484064787626,0
background,480934.9838,4438526.1748,17.4556770324707,215.406097412109,31.6351375579834,1591.66809082031,1.13722550868988,0.208699300885201,9.16788291931152,23.7737312316895,1.26399648189545,38.6157493591309,4.62960243225098,53.0365715026855,-0.346825629472733,0.0224051643162966,0
background,480984.9838,4431226.1748,18.1464328765869,423.206420898438,230.267669677734,416.656311035156,1.94848847389221,0.623757123947144,8.22264289855957,20.0308895111084,1.31036055088043,38.6472015380859,5.20352220535278,52.3513145446777,-0.394351899623871,-0.00476255733519793,1
background,480984.9838,4431676.1748,130.80110168457,460.427917480469,119.693916320801,689.818298339844,2.94395661354065,0.529953002929688,7.03511476516724,20.3920269012451,1.33510422706604,38.4759559631348,5.21050214767456,52.3902473449707,-0.329633712768555,0.00116482621524483,1
background,480984.9838,4433526.1748,165.781967163086,252.535308837891,133.211563110352,1349.69714355469,5.77147245407104,-0.189340889453888,6.87183094024658,22.5391254425049,1.33658480644226,38.5792007446289,5.24392700195312,52.6418876647949,-0.380153179168701,0.0207685921341181,1
background,480984.9838,4436376.1748,90.6750183105469,353.561431884766,53.6298522949219,3868.59765625,1.58919382095337,0.0789908319711685,9.09197044372559,22.7347049713135,1.31693732738495,38.4443168640137,4.91976833343506,52.9462661743164,-0.40887126326561,-0.016434621065855,1
background,480984.9838,4439776.1748,155.452896118164,83.4184112548828,63.3178062438965,1257.67626953125,3.81241130828857,0.100733295083046,7.2695140838623,17.0612030029297,0.96141129732132,38.8235130310059,4.50012111663818,52.9905433654785,-0.467605143785477,0.0553527623414993,0
background,481034.9838,4432526.1748,38.0048789978027,468.485443115234,72.5331115722656,3136.82763671875,1.77292442321777,-0.0816879570484161,8.96770477294922,21.5166187286377,1.32817506790161,38.4612846374512,5.2286434173584,52.5030250549316,-0.408568471670151,0.00627287710085511,1
background,481034.9838,4435676.1748,22.8478679656982,500.397766113281,157.6806640625,2694.98828125,2.54067420959473,-0.0732451751828194,8.56433868408203,21.1839199066162,1.30433762073517,38.5394744873047,5.01474857330322,52.919189453125,-0.384323924779892,0.0202051606029272,1
background,481034.9838,4437576.1748,57.9607620239258,106.310119628906,82.7038955688477,4177.0380859375,2.20518565177917,-0.330852389335632,9.30200099945068,23.5005970001221,1.29350185394287,38.4798164367676,4.79762268066406,52.9911231994629,-0.411687254905701,0.0144434757530689,1
background,481034.9838,4438226.1748,194.540023803711,146.137542724609,139.117645263672,5240.49755859375,1.07436203956604,-0.149446785449982,10.0793609619141,23.5398368835449,1.30649256706238,38.5674781799316,4.69742870330811,53.0111999511719,-0.440741658210754,0.0525797940790653,0
background,481084.9838,4434226.1748,164.18376159668,158.28564453125,99.0472183227539,991.788391113281,9.8347864151001,0.250798523426056,6.22766447067261,22.5441799163818,1.30091524124146,38.6020393371582,5.20165205001831,52.6909408569336,-0.446478545665741,0.0198702476918697,1
background,481134.9838,4432026.1748,173.719055175781,567.853454589844,96.1078186035156,818.703002929688,4.84709119796753,0.0150044998154044,6.73039102554321,20.274471282959,1.33985149860382,38.5467643737793,5.21880531311035,52.4290504455566,-0.303388714790344,0.00584779866039753,1
background,481134.9838,4432976.1748,53.20751953125,73.3738021850586,56.0186424255371,4786.7646484375,2.02812194824219,-0.220643594861031,9.40420818328857,20.9549579620361,1.33864974975586,38.5572853088379,5.23969316482544,52.5778274536133,-0.281083196401596,0.00000600787598159513,1
background,481134.9838,4433476.1748,285.435516357422,96.0709533691406,111.20906829834,1479.25085449219,1.02166616916656,-0.680584371089935,12.1482591629028,22.0541477203369,1.34816491603851,38.7506446838379,5.246506690979,52.639102935791,-0.291451454162598,0.00504025118425488,1
background,481134.9838,4436476.1748,88.1913681030273,176.315216064453,70.2471160888672,16684.8125,0.208998411893845,-0.114384263753891,13.0149726867676,22.0809288024902,1.31594085693359,38.5367965698242,4.9151029586792,52.9328956604004,-0.37853667140007,0.0199696850031614,1
background,481134.9838,4436826.1748,303.973236083984,112.03694152832,125.924346923828,1956.97021484375,2.94702363014221,-0.175339668989182,7.93339776992798,24.0559730529785,1.31530368328094,38.4753684997559,4.88388347625732,52.9505271911621,-0.43268883228302,-0.0343248099088669,1
background,481134.9838,4439126.1748,161.8359375,294.523284912109,183.060745239258,10664.8994140625,3.27119112014771,-0.449012160301208,9.86866569519043,23.2147254943848,1.27084004878998,39.1696510314941,4.64707946777344,53.021541595459,-0.434377670288086,0.0428577437996864,0
background,481184.9838,4433026.1748,86.9861602783203,3.46017742156982,240.771896362305,436.258880615234,0.0573592111468315,-0.147141054272652,16.1186084747314,21.4989223480225,1.33380687236786,38.5901260375977,5.24026012420654,52.5804290771484,-0.357843458652496,-0.0557432472705841,1
background,481184.9838,4434026.1748,196.630599975586,74.9598617553711,95.8376617431641,2043.23828125,7.90451383590698,-1.02874898910522,8.1180591583252,21.4941082000732,1.31705737113953,38.7007026672363,5.23331928253174,52.6902503967285,-0.429194658994675,-0.000141392127261497,1
background,481184.9838,4435526.1748,138.07356262207,310.881072998047,142.107437133789,8395.4521484375,4.66934633255005,-0.263580024242401,9.32810592651367,20.2382888793945,1.3093569278717,38.7975387573242,5.02817821502686,52.9298934936523,-0.456279575824738,0.014915301464498,1
background,481184.9838,4436826.1748,342.758544921875,69.5762710571289,124.098045349121,3428.84594726562,2.56661128997803,-0.295134991407394,8.63912391662598,23.9604969024658,1.31252241134644,38.4989318847656,4.88304567337036,52.9471130371094,-0.439413011074066,-0.0327062197029591,1
background,481184.9838,4438426.1748,54.1663780212402,40.8715324401855,204.855422973633,1786.39172363281,0.380501747131348,0.0308523979038,14.9873838424683,22.7577018737793,1.30996024608612,38.6081199645996,4.58948564529419,52.9853630065918,-0.445032000541687,0.0441648475825787,1
background,481184.9838,4438726.1748,22.5453567504883,76.1328277587891,169.102462768555,11036.7568359375,0.290818870067596,-0.00496645830571651,12.2747383117676,23.3767566680908,1.28360831737518,38.6701850891113,4.55980157852173,53.0032539367676,-0.34739750623703,-0.0805294141173363,0
background,481184.9838,4439376.1748,266.197387695312,401.266387939453,189.51416015625,1922.45654296875,4.07549476623535,0.186700388789177,7.78367233276367,23.7743892669678,1.27765893936157,39.0159683227539,4.60098314285278,52.9834671020508,-0.470571905374527,0.0466902330517769,0
background,481184.9838,4439526.1748,281.49462890625,262.042236328125,122.618675231934,1210.27014160156,1.5617687702179,0.111590526998043,8.12372779846191,23.5680141448975,1.28509843349457,39.0193519592285,4.54336309432983,52.9497528076172,-0.480118095874786,0.0298567805439234,0
background,481284.9838,4430076.1748,106.250015258789,9.99300479888916,184.903076171875,14567.234375,6.63782978057861,-1.95912623405457,12.5367727279663,25.1749172210693,1.25859987735748,41.2719993591309,5.06036138534546,52.5666618347168,-0.468560785055161,-0.00474621821194887,1
background,481284.9838,4430426.1748,291.062255859375,97.7587203979492,262.005218505859,6110.861328125,11.3208427429199,-0.813002228736877,8.11743927001953,21.9549694061279,1.2699853181839,40.8215446472168,5.12345743179321,52.5880966186523,-0.496843904256821,-0.00339545425958931,1
background,481284.9838,4430826.1748,44.3692893981934,22.2860202789307,221.714706420898,2339.90576171875,6.17178916931152,-3.10642194747925,12.4526052474976,21.9793701171875,1.28305399417877,40.6362495422363,5.14317941665649,52.5937347412109,-0.51237541437149,-0.000913399911951274,1
background,481284.9838,4431476.1748,171.835494995117,112.048263549805,70.978889465332,3146.38940429688,8.0336275100708,2.68960452079773,7.96907234191895,22.0653953552246,1.29431545734406,38.8865127563477,5.20922708511353,52.3800277709961,-0.389372557401657,0.00840645283460617,1
background,481284.9838,4436026.1748,190.080062866211,241.654602050781,134.811752319336,2350.84814453125,2.55194354057312,-0.00156110746320337,8.23514938354492,22.1651153564453,1.3085765838623,38.5644721984863,4.94768810272217,52.8766555786133,-0.424184560775757,0.0230540130287409,1
background,481284.9838,4438226.1748,58.6715469360352,66.0769195556641,209.501495361328,2055.44799804688,0.925331950187683,0.0186458490788937,9.17003059387207,22.8895950317383,1.305535197258,38.5516090393066,4.64190292358398,52.9629821777344,-0.418085157871246,0.0359663441777229,1
background,481284.9838,4438876.1748,36.2283592224121,66.0154190063477,159.882690429688,2835.01196289062,0.281847357749939,0.029843645170331,10.6876668930054,23.3919811248779,1.28279864788055,38.986946105957,4.58117055892944,52.9961204528809,-0.318345248699188,0.0451209433376789,0
background,481334.9838,4435076.1748,293.401947021484,36.5726547241211,173.420333862305,7531.08349609375,3.26494860649109,-0.825760722160339,10.9475383758545,21.5816631317139,1.31742179393768,39.0339698791504,5.0757303237915,52.7757606506348,-0.383894950151443,0.00176416290923953,1
background,481384.9838,4432026.1748,235.895370483398,325.961791992188,177.538131713867,1825.9755859375,0.878874003887177,0.260716825723648,9.38222408294678,21.747917175293,1.33578956127167,38.5856170654297,5.21438646316528,52.3783531188965,-0.449434876441956,-0.0157037433236837,1
background,481384.9838,4432576.1748,2.76419353485107,324.331573486328,75.1250076293945,18564.125,0.269520342350006,-0.00714080221951008,12.5922966003418,23.1195278167725,1.30634570121765,38.5458831787109,5.22597360610962,52.4532127380371,-0.413140475749969,-0.0156990792602301,1
background,481384.9838,4432976.1748,233.20458984375,62.1635627746582,208.327590942383,1327.79833984375,1.20537614822388,-0.284706950187683,9.88549900054932,22.6318683624268,1.30594086647034,38.5479049682617,5.2336254119873,52.5148124694824,-0.434381633996964,-0.0145702445879579,1
background,481384.9838,4433376.1748,346.803985595703,167.534301757812,64.316162109375,2493.47509765625,0.381704568862915,-0.394218564033508,12.5672721862793,23.0380668640137,1.30123746395111,38.741641998291,5.23938989639282,52.5621070861816,-0.428920030593872,0.00346720567904413,1
background,481384.9838,4435676.1748,173.282409667969,290.02392578125,206.075637817383,1698.4375,2.33698964118958,0.0977181941270828,7.97432470321655,21.2134609222412,1.30920124053955,38.772876739502,4.97971248626709,52.8635139465332,-0.413082450628281,-0.0161210466176271,1
background,481434.9838,4432826.1748,75.5014953613281,76.9737014770508,110.140731811523,1230.23901367188,0.366265028715134,-0.0264270845800638,15.4787750244141,22.6950778961182,1.29482090473175,38.6085090637207,5.2322735786438,52.4966888427734,-0.419660091400146,-0.0147178806364536,1
background,481434.9838,4433876.1748,115.373649597168,185.966888427734,240.125091552734,2699.11889648438,1.50818645954132,-0.394293904304504,12.4271125793457,21.5734691619873,1.33286023139954,38.6995048522949,5.2443413734436,52.6168441772461,-0.421429395675659,0.0323746092617512,1
background,481434.9838,4435726.1748,165.668167114258,233.731582641602,168.648239135742,809.210266113281,1.67176878452301,0.406868994235992,7.71375894546509,21.5446357727051,1.30520129203796,38.7688522338867,4.96497011184692,52.8475646972656,-0.392435967922211,0.0025594572070986,1
background,481434.9838,4436176.1748,213.940460205078,104.868995666504,128.875152587891,1032.77722167969,3.62232327461243,0.0552827678620815,7.54688549041748,22.0359401702881,1.30760061740875,38.6992950439453,4.93103837966919,52.8646812438965,-0.437106758356094,0.0113748051226139,1
background,481434.9838,4436676.1748,390.077178955078,129.9638671875,238.528579711914,6707.64111328125,1.5401611328125,-0.110681429505348,9.57802486419678,23.8823528289795,1.30893528461456,38.6502227783203,4.88174247741699,52.8839340209961,-0.404525548219681,0.00343193463049829,1
background,481434.9838,4439576.1748,112.364852905273,97.529670715332,54.3181114196777,2135.23828125,2.69271445274353,-0.323409289121628,8.0724515914917,23.125789642334,1.29136121273041,39.2059097290039,4.53237724304199,52.9298248291016,-0.463047742843628,0.0456506535410881,0
background,481484.9838,4432076.1748,165.89631652832,215.570449829102,144.088897705078,1032.84997558594,1.45362901687622,0.144625142216682,7.98254346847534,22.2798633575439,1.33669888973236,38.5837593078613,5.21384334564209,52.3671226501465,-0.474650830030441,-0.0173829291015863,1
background,481484.9838,4432726.1748,35.2664260864258,150.379089355469,46.1106567382812,2968.17260742188,2.07017517089844,-0.0169279407709837,8.71943283081055,23.0535755157471,1.30297124385834,38.5915412902832,5.22880840301514,52.467155456543,-0.455007910728455,-0.0256219767034054,1
background,481484.9838,4433726.1748,32.8251724243164,220.759475708008,284.991912841797,2065.82373046875,4.26891756057739,-0.00672930758446455,7.68948221206665,22.2298755645752,1.31418073177338,38.683235168457,5.24140453338623,52.5806121826172,-0.407775163650513,0.0222464352846146,1
background,481484.9838,4435176.1748,190.559631347656,12.0340662002563,219.909103393555,871.308898925781,0.837407052516937,-0.318656086921692,10.7502908706665,21.3842754364014,1.31470012664795,38.9708404541016,5.07224369049072,52.7437705993652,-0.44662070274353,-0.000724701618310064,1
background,481484.9838,4438826.1748,21.7680072784424,133.041259765625,97.6523895263672,1745.21508789062,0.027991047129035,-0.11653084307909,14.1970520019531,23.2823791503906,1.29414057731628,38.9501914978027,4.44797563552856,52.9487457275391,-0.3693026304245,0.0386702604591846,0
background,481534.9838,4432426.1748,178.15071105957,197.965454101562,84.9292602539062,1162.91296386719,0.999123632907867,0.0334791243076324,8.76597023010254,23.021354675293,1.31630003452301,38.541690826416,5.21955680847168,52.3978424072266,-0.41811192035675,-0.0187014993280172,1
background,481534.9838,4436326.1748,258.655731201172,7.46249866485596,160.643173217773,12979.3388671875,1.61992239952087,-0.704497218132019,12.9885730743408,23.3286113739014,1.30360054969788,38.7114868164062,4.91406631469727,52.8609275817871,-0.483432561159134,0.0158869512379169,1
background,481534.9838,4439026.1748,39.0583572387695,298.872589111328,203.575576782227,3298.63989257812,1.71657741069794,-0.00251687248237431,8.8871488571167,23.1800327301025,1.28999996185303,39.2182312011719,4.64000749588013,52.9441146850586,-0.382029831409454,-0.0228108614683151,0
background,481584.9838,4430376.1748,33.1226348876953,384.375335693359,203.957595825195,1873.61181640625,15.5246381759644,0.136283099651337,6.20134878158569,24.2585830688477,1.2600075006485,40.113338470459,5.17126560211182,52.189338684082,-0.463211089372635,0.0155088631436229,1
background,481584.9838,4430826.1748,158.001525878906,204.811920166016,249.825317382812,1592.31774902344,23.6254348754883,-1.28679001331329,7.09319829940796,22.0971450805664,1.2561297416687,39.2263679504395,5.18507051467896,52.222972869873,-0.529590845108032,-0.0030926454346627,1
background,481584.9838,4431226.1748,304.838256835938,147.324340820312,292.168182373047,1874.85168457031,28.315881729126,3.17656302452087,5.6367712020874,21.9240646362305,1.26584529876709,39.0152587890625,5.19684362411499,52.3012275695801,-0.490551322698593,0.0142698483541608,1
background,481584.9838,4432176.1748,50.2064476013184,112.888732910156,102.853172302246,1761.43127441406,3.48305916786194,0.863676249980927,8.39596462249756,22.9543876647949,1.32370030879974,38.616870880127,5.21501731872559,52.3631629943848,-0.406683295965195,0.0218313857913017,1
background,481584.9838,4433276.1748,307.199157714844,378.508880615234,262.841918945312,282.017730712891,1.35211133956909,0.444325089454651,6.99743270874023,22.3855609893799,1.31713545322418,38.641284942627,5.23102569580078,52.4867172241211,-0.415469527244568,0.00305323698557913,1
background,481584.9838,4435376.1748,19.2631206512451,128.398101806641,181.36555480957,1435.20068359375,4.17471647262573,-0.106987290084362,7.50198698043823,20.9649047851562,1.3031542301178,38.906322479248,5.03793287277222,52.8356971740723,-0.320071309804916,0.03895278647542,1
background,481584.9838,4437176.1748,6.97558784484863,318.045623779297,202.446884155273,5582.109375,1.2463036775589,-0.0439863614737988,9.8302640914917,22.7048416137695,1.31094527244568,38.6110076904297,4.80424356460571,52.8604316711426,-0.426314830780029,0.0159387439489365,1
background,481584.9838,4438526.1748,147.820877075195,334.981048583984,187.483383178711,4339.00341796875,0.142879903316498,-0.0537379905581474,11.9813013076782,22.5582313537598,1.3019357919693,38.6783714294434,4.56044673919678,52.9132118225098,-0.427871078252792,0.0538028031587601,0
background,481634.9838,4430076.1748,277.353332519531,328.506408691406,261.158843994141,1793.919921875,9.06320858001709,-0.914661884307861,6.87201881408691,26.465461730957,1.2527517080307,40.2440605163574,5.16192817687988,52.205322265625,-0.503828465938568,-0.0119729107245803,1
background,481634.9838,4430476.1748,3.34238457679749,364.132080078125,244.055572509766,3674.86865234375,10.0543394088745,0.148526102304459,7.32466888427734,24.1364631652832,1.26038992404938,39.6222801208496,5.18071985244751,52.0762672424316,-0.48259037733078,0.014157279394567,1
background,481634.9838,4431276.1748,290.459106445312,175.983551025391,286.155822753906,3704.4609375,14.4552516937256,3.25533318519592,7.27054929733276,22.109411239624,1.27689981460571,38.8295669555664,5.19520282745361,52.256217956543,-0.454447865486145,0.024002693593502,1
background,481634.9838,4431326.1748,317.195617675781,162.517318725586,274.812438964844,2936.14477539062,16.4112644195557,3.43437933921814,6.94990539550781,22.4406261444092,1.28474009037018,38.8422660827637,5.19690322875977,52.2675437927246,-0.457753419876099,0.0190912522375584,1
background,481634.9838,4431626.1748,447.736724853516,27.526876449585,154.787994384766,3209.52197265625,28.7147121429443,-4.22874736785889,6.8784613609314,22.9686260223389,1.32203257083893,39.1632461547852,5.20694780349731,52.3855323791504,-0.549645602703094,-0.00914365611970425,1
background,481634.9838,4432276.1748,89.1476593017578,139.580871582031,117.239929199219,1968.6484375,4.70017910003662,0.665990710258484,7.52954196929932,23.3684997558594,1.31491899490356,38.6406517028809,5.2172703742981,52.3730926513672,-0.42575940489769,0.0252031777054071,1
background,481634.9838,4432326.1748,125.993545532227,172.899398803711,111.788345336914,1925.62451171875,2.84910488128662,0.689029693603516,8.09053707122803,23.422908782959,1.31323838233948,38.6163368225098,5.2179126739502,52.3760643005371,-0.435587197542191,0.018530186265707,1
background,481734.9838,4436426.1748,390.349151611328,227.546752929688,248.405090332031,2708.98071289062,1.89883804321289,0.174576640129089,9.2568883895874,23.553581237793,1.30204689502716,38.6914749145508,4.8931770324707,52.7945327758789,-0.435574650764465,0.0263730902224779,1
background,481734.9838,4436676.1748,396.721313476562,396.479705810547,185.695404052734,1712.99255371094,1.99480473995209,-0.0717631056904793,8.31059074401855,23.2141456604004,1.31204700469971,38.6221771240234,4.86122894287109,52.796070098877,-0.459885507822037,0.0165433250367641,1
background,481784.9838,4430026.1748,366.030242919922,190.2900390625,246.617691040039,552.712341308594,16.588020324707,1.5462464094162,5.16874074935913,25.5067443847656,1.26675164699554,39.6632957458496,5.175612449646,52.0491485595703,-0.52836662530899,-0.0170872751623392,1
background,481784.9838,4433926.1748,177.679244995117,452.393920898438,226.075790405273,1524.73815917969,1.39769637584686,0.0233725532889366,8.3345251083374,22.1025543212891,1.31409394741058,38.6581382751465,5.21648693084717,52.5285034179688,-0.425078183412552,-0.00499553047120571,1
background,481784.9838,4435526.1748,165.311462402344,15.2415933609009,182.969619750977,5245.18505859375,2.45172381401062,-0.79812091588974,12.3608627319336,20.7365245819092,1.28368389606476,38.9516410827637,5.01247835159302,52.809139251709,-0.419330477714539,0.0424523949623108,1
background,481834.9838,4430776.1748,85.2590637207031,266.119476318359,203.719375610352,1059.94665527344,1.88743245601654,0.374358534812927,8.1748628616333,21.9945335388184,1.26762878894806,39.0968055725098,5.17719459533691,51.9660758972168,-0.449141532182693,-0.00938193593174219,1
background,481834.9838,4436126.1748,284.308044433594,35.1278953552246,223.340682983398,10863.3583984375,5.90861701965332,-0.835254192352295,9.07587718963623,23.3229141235352,1.29164004325867,38.8221664428711,4.92876148223877,52.7931747436523,-0.401753813028336,0.0474567003548145,1
background,481834.9838,4438976.1748,148.941436767578,36.1754913330078,129.826812744141,2348.45092773438,1.45004141330719,-0.027592146769166,8.69417190551758,22.5800323486328,1.30679869651794,39.275318145752,4.63169384002686,52.8922653198242,-0.47214949131012,0.0674051344394684,0
background,481884.9838,4432676.1748,156.358413696289,118.345581054688,282.588470458984,801.500122070312,3.55534267425537,0.333592742681503,7.48297929763794,22.4803466796875,1.3441766500473,38.6300468444824,5.22138833999634,52.3755226135254,-0.408925592899323,0.00575661566108465,1
background,481884.9838,4433026.1748,58.8674583435059,286.213714599609,229.889907836914,2993.21948242188,1.96500778198242,0.0992746576666832,8.77398204803467,21.9323081970215,1.33765804767609,38.4854278564453,5.22361850738525,52.3966026306152,-0.408541798591614,-0.00324204727075994,1
background,481884.9838,4434526.1748,98.5886001586914,26.9363842010498,262.473693847656,3205.154296875,2.81115818023682,-1.62953281402588,13.5231475830078,21.000093460083,1.30419445037842,39.1361541748047,5.09354019165039,52.613883972168,-0.465593904256821,-0.0442543663084507,1
background,481884.9838,4434826.1748,82.7524566650391,149.640563964844,163.454772949219,8723.7822265625,4.25617265701294,-0.178411900997162,8.83120441436768,20.5026721954346,1.31681478023529,39.0266265869141,5.0649995803833,52.6164512634277,-0.45073127746582,-0.00577836437150836,1
background,481884.9838,4435026.1748,111.106857299805,322.188690185547,213.891052246094,781.495727539062,2.58641624450684,0.342026323080063,7.151198387146,20.5323657989502,1.30241620540619,38.796875,5.06122303009033,52.5979309082031,-0.4048692882061,0.0172136593610048,1
background,481934.9838,4430526.1748,133.844680786133,132.299392700195,173.626251220703,1309.27429199219,1.95152842998505,0.268582791090012,8.21089458465576,24.0066452026367,1.27326905727386,39.2069702148438,5.17360734939575,51.951114654541,-0.383056581020355,0.015352251008153,1
background,481934.9838,4430626.1748,135.603759765625,156.841262817383,196.049621582031,1062.1142578125,1.74825990200043,0.127235218882561,7.88928890228271,22.5210189819336,1.25937342643738,39.1510581970215,5.17293071746826,51.9406394958496,-0.352819442749023,0.00639885291457176,1
background,481934.9838,4433126.1748,19.8050441741943,389.335693359375,240.718109130859,1759.95874023438,0.853937447071075,0.101618871092796,9.19498538970947,21.7478713989258,1.34497761726379,38.5755882263184,5.22247695922852,52.3848037719727,-0.380812555551529,-0.0519131384789944,1
background,481934.9838,4437876.1748,244.623229980469,669.535034179688,136.808502197266,1741.41760253906,0.91934335231781,0.0114224413409829,8.93129730224609,24.2004165649414,1.31275498867035,38.6421813964844,4.64123916625977,52.8099060058594,-0.455235660076141,0.0210020467638969,0
background,481984.9838,4430376.1748,263.388549804688,30.7597618103027,154.402084350586,3055.93798828125,6.16046142578125,-1.3774870634079,8.51581764221191,25.3921127319336,1.29868769645691,39.4021072387695,5.1746973991394,51.9821472167969,-0.496952384710312,0.00515097472816706,1
background,481984.9838,4431926.1748,231.088333129883,20.8850078582764,102.975914001465,3549.3193359375,16.734712600708,-4.92060899734497,7.35723733901978,23.0660915374756,1.3234988451004,39.0486183166504,5.20835876464844,52.3272285461426,-0.571618318557739,-0.0153667973354459,1
background,481984.9838,4432426.1748,234.133438110352,184.958221435547,245.649002075195,17022.302734375,2.02226543426514,0.0365294553339481,10.8654499053955,22.7831325531006,1.34740173816681,38.6280479431152,5.21374368667603,52.3117637634277,-0.359021157026291,0.0110906213521957,1
background,482034.9838,4433726.1748,219.299240112305,712.895629882812,252.827987670898,2197.33227539062,1.60087919235229,-0.066296860575676,8.82371139526367,23.1140613555908,1.28955113887787,38.5626907348633,5.22572231292725,52.4245719909668,-0.413154184818268,0.0147021822631359,1
background,482034.9838,4434376.1748,216.174331665039,205.35774230957,270.985504150391,5014.83984375,3.67760920524597,0.120389498770237,8.96320152282715,20.8095226287842,1.30998301506042,38.7467803955078,5.14743328094482,52.5262107849121,-0.458202481269836,0.000608729373198003,1
background,482034.9838,4436076.1748,163.660858154297,205.519927978516,240.788497924805,11368.3017578125,2.84879946708679,0.479646533727646,10.1504850387573,23.052562713623,1.30225205421448,38.6521148681641,4.92073059082031,52.6984710693359,-0.449912399053574,0.0120266126468778,1
background,482034.9838,4436126.1748,157.732452392578,211.229339599609,235.961151123047,10070.9677734375,1.72514486312866,0.352353543043137,10.5719146728516,23.3061027526855,1.30278551578522,38.6433181762695,4.9195237159729,52.7005348205566,-0.418811470270157,0.0122054629027843,1
background,482034.9838,4436326.1748,186.373748779297,216.583724975586,243.993026733398,1435.42626953125,1.98098874092102,0.12887704372406,9.22356796264648,22.9796867370605,1.30054652690887,38.6000747680664,4.89669179916382,52.7047233581543,-0.474922955036163,0.0146595193073153,1
background,482034.9838,4437726.1748,144.912307739258,787.083068847656,121.628898620605,4479.60595703125,1.13720571994781,-0.106098622083664,9.72990131378174,22.6271915435791,1.29603755474091,38.6650428771973,4.6514573097229,52.7804069519043,-0.460699915885925,0.0384991951286793,0
background,482034.9838,4438326.1748,334.099304199219,229.921112060547,28.0750770568848,3726.36547851562,1.48200964927673,0.00618781615048647,9.26029586791992,23.6300849914551,1.31429767608643,38.7738456726074,4.55709362030029,52.8178596496582,-0.483962744474411,0.0278957486152649,0
background,482084.9838,4432676.1748,292.989196777344,316.75732421875,228.655090332031,376.640625,2.27777075767517,0.542583405971527,6.61532974243164,22.4967231750488,1.35053908824921,38.5369720458984,5.21495056152344,52.3134498596191,-0.405456215143204,0.0115817412734032,1
background,482084.9838,4434476.1748,302.114166259766,146.690948486328,298.979888916016,3014.56689453125,4.15429067611694,0.492575228214264,7.991042137146,20.9179801940918,1.30935215950012,38.9157409667969,5.09874773025513,52.5282669067383,-0.466992288827896,-0.00215389532968402,1
background,482084.9838,4434826.1748,282.505737304688,139.193984985352,200.049774169922,2229.5615234375,4.42658185958862,0.0572110377252102,7.68958759307861,20.2120399475098,1.33125233650208,38.9387321472168,5.0601749420166,52.5540466308594,-0.419743090867996,-0.00200629350729287,1
background,482084.9838,4436326.1748,160.908264160156,261.363708496094,231.64875793457,537.090454101562,1.01485621929169,0.298585176467896,8.46625900268555,22.9679679870605,1.3013277053833,38.5826835632324,4.89550638198853,52.6918067932129,-0.480293601751328,0.01983992010355,1
background,482084.9838,4436776.1748,167.41389465332,604.950439453125,170.34309387207,4293.92041015625,0.591089904308319,0.0166866593062878,10.4988145828247,22.8124046325684,1.30256855487823,38.6940155029297,4.81381797790527,52.7203369140625,-0.402802139520645,0.00984742306172848,1
background,482134.9838,4433926.1748,5.26515483856201,595.666076660156,207.394119262695,4801.2431640625,0.927154541015625,0.0703622922301292,9.66123580932617,22.4247798919678,1.30164754390717,38.5752639770508,5.18877601623535,52.4211845397949,-0.460483849048615,0.0126552060246468,1
background,482134.9838,4437426.1748,72.1283416748047,824.779174804688,140.209289550781,10991.7197265625,1.3148432970047,-0.148481845855713,10.0721120834351,22.5771884918213,1.324667096138,38.6852493286133,4.68061876296997,52.7493515014648,-0.41351780295372,0.0372263193130493,0
background,482234.9838,4431826.1748,14.911452293396,209.90071105957,284.135559082031,3735.63110351562,3.67526698112488,0.301705569028854,8.55746746063232,22.7935237884521,1.32352018356323,38.4498710632324,5.18694639205933,52.1144866943359,-0.322376221418381,0.0300764348357916,1
background,482234.9838,4432676.1748,226.874755859375,466.457214355469,198.466812133789,962.000610351562,0.626239895820618,0.076650083065033,9.57832050323486,23.3608264923096,1.3334174156189,38.8302764892578,5.21263122558594,52.2652168273926,-0.382757484912872,0.00522462977096438,1
background,482234.9838,4434226.1748,230.063705444336,386.152374267578,280.939270019531,5579.0166015625,1.55776655673981,0.0155312102288008,9.77792739868164,21.1793937683105,1.30560064315796,38.5703811645508,5.16571760177612,52.4331130981445,-0.470452427864075,-0.00469345413148403,1
background,482234.9838,4434326.1748,298.809753417969,288.371765136719,277.674621582031,4064.02563476562,1.71226561069489,-0.0805422738194466,9.44850254058838,21.0641994476318,1.30560064315796,38.5945434570312,5.15431976318359,52.4467468261719,-0.462918072938919,-0.0110442470759153,1
background,482234.9838,4434676.1748,371.692016601562,19.5895366668701,270.7294921875,3059.90234375,4.05150270462036,-1.59638619422913,10.1465549468994,21.2619247436523,1.3125387430191,39.0912628173828,5.06857538223267,52.5316925048828,-0.42496857047081,-0.0247404687106609,1
background,482234.9838,4434826.1748,225.265960693359,7.28561449050903,150.087341308594,2338.45874023438,8.87324810028076,-0.688349783420563,6.7687201499939,20.798677444458,1.31998038291931,39.0622520446777,5.06001377105713,52.5428237915039,-0.4961958527565,-0.0204948559403419,1
background,482234.9838,4437426.1748,33.0512466430664,725.102783203125,224.057723999023,6354.5830078125,1.32941091060638,-0.02185969799757,9.35393714904785,22.6008129119873,1.33276116847992,38.7072830200195,4.67615747451782,52.7274436950684,-0.425605267286301,0.0237710420042276,0
background,482234.9838,4437926.1748,172.026931762695,537.325500488281,110,1436.49731445312,1.07199895381927,-0.00160941877402365,8.73253536224365,22.6940841674805,1.29585111141205,38.7656555175781,4.60466575622559,52.7570991516113,-0.423504948616028,0.0251948777586222,0
background,482284.9838,4431976.1748,136.963684082031,263.664031982422,268.943481445312,2375.02514648438,3.58235335350037,0.409443378448486,8.20936298370361,22.6234359741211,1.31970405578613,38.430534362793,5.1893892288208,52.1212043762207,-0.40291291475296,0.00116699561476707,1
background,482284.9838,4433926.1748,54.8639259338379,690.258422851562,243.440383911133,26135.78515625,1.43407940864563,-0.0891598090529442,11.3431520462036,22.6307544708252,1.29564762115479,38.5813598632812,5.18111228942871,52.3885803222656,-0.464646220207214,0.00610306859016418,1
background,482284.9838,4435776.1748,33.0968589782715,440.876647949219,234.662612915039,805.97412109375,1.71793270111084,0.181364864110947,7.4594030380249,21.2186145782471,1.29067063331604,38.5966377258301,4.91956377029419,52.6000518798828,-0.429745584726334,0.0119058657437563,1
background,482284.9838,4436976.1748,102.700637817383,601.114440917969,209.562576293945,3276.86743164062,0.707405984401703,-0.277314901351929,11.564003944397,22.9354591369629,1.30258977413177,38.7419548034668,4.72949695587158,52.6912727355957,-0.450234621763229,0.00907708611339331,1
background,482284.9838,4437276.1748,111.72053527832,672.10888671875,223.955978393555,1343.90075683594,1.13524687290192,-0.162039831280708,9.11859798431396,22.7058734893799,1.32454037666321,38.7107467651367,4.68602657318115,52.701416015625,-0.496975779533386,0.0289101786911488,1
background,482284.9838,4437776.1748,174.104827880859,668.3505859375,131.111862182617,786.933898925781,0.154288738965988,0.0811708196997643,10.0356874465942,22.1150150299072,1.31687033176422,38.7580108642578,4.63195991516113,52.7420234680176,-0.408152520656586,-0.159286752343178,1
background,482334.9838,4430276.1748,154.420120239258,315.073913574219,248.072204589844,5213.50146484375,3.29174447059631,0.157087877392769,8.84126853942871,21.3963375091553,1.33879721164703,39.1404151916504,5.16367292404175,51.8625411987305,-0.370306402444839,-0.0102446107193828,1
background,482334.9838,4432076.1748,199.422821044922,347.658935546875,289.2080078125,1323.22204589844,3.11474466323853,0.351018726825714,7.69748735427856,22.3268203735352,1.33054971694946,38.4086570739746,5.19062089920044,52.1236457824707,-0.417321473360062,0.0209702271968126,1
background,482334.9838,4434226.1748,314.721862792969,415.216674804688,259.476165771484,5626.08740234375,1.8388329744339,0.00229711830615997,9.64826774597168,21.5070171356201,1.30160057544708,38.5358848571777,5.16237115859985,52.4013366699219,-0.429053366184235,-0.00450089061632752,1
background,482334.9838,4437876.1748,103.735321044922,559.290344238281,76.236198425293,3379.22729492188,1.16689813137054,0.00285440497100353,9.49663925170898,21.9651985168457,1.30671215057373,38.8371887207031,4.59710741043091,52.737735748291,-0.412455588579178,-0.105127274990082,1
background,482384.9838,4432526.1748,24.1089782714844,597.205444335938,257.165130615234,8663.669921875,3.71329402923584,-0.103029690682888,9.56425952911377,23.7993335723877,1.32565414905548,38.9494132995605,5.20448207855225,52.194465637207,-0.464002430438995,-0.00966663099825382,1
background,482384.9838,4434026.1748,194.161651611328,619.506103515625,213.034027099609,8402.5263671875,1.42993414402008,-0.239779815077782,10.3749094009399,22.288106918335,1.29564762115479,38.5462455749512,5.17255401611328,52.3712387084961,-0.49422761797905,-0.00570060731843114,1
background,482384.9838,4434876.1748,135.483779907227,18.7978458404541,228.891738891602,3006.42041015625,1.8770192861557,-1.41562283039093,11.6921033859253,21.6536273956299,1.29786968231201,39.0494384765625,5.05851268768311,52.513729095459,-0.415256023406982,0.0174514520913363,1
background,482434.9838,4432026.1748,103.460319519043,421.635894775391,215.545623779297,1276.49841308594,0.623351275920868,0.120915420353413,9.51918888092041,21.9494228363037,1.33278048038483,38.3843803405762,5.18640804290771,52.0910835266113,-0.440263032913208,-0.0206933729350567,1
background,482434.9838,4432576.1748,51.9332160949707,659.163513183594,249.136444091797,2748.17065429688,4.49762487411499,0.286899924278259,7.80869913101196,23.9117641448975,1.31734335422516,38.8918762207031,5.20199537277222,52.1778106689453,-0.437101811170578,0.00387194938957691,1
background,482434.9838,4436976.1748,6.50820684432983,451.510009765625,209.170928955078,3152.71508789062,1.21884512901306,0.0279538091272116,9.35035228729248,23.0174770355225,1.31118857860565,38.7251663208008,4.70823574066162,52.6544227600098,-0.370771825313568,0.0188415329903364,1
background,482484.9838,4435076.1748,86.2814025878906,181.851150512695,169.486358642578,2185.64697265625,2.83012223243713,0.248209938406944,8.28943252563477,22.1751804351807,1.26802289485931,38.696231842041,5.04890441894531,52.5526657104492,-0.378528833389282,-0.0247605387121439,1
background,482484.9838,4436026.1748,74.0886077880859,392.653472900391,179.91276550293,845.393127441406,1.20740306377411,0.0926466211676598,8.21455478668213,18.729455947876,1.33298671245575,38.5347747802734,4.9091477394104,52.57275390625,-0.441025793552399,0.0141325462609529,1
background,482534.9838,4430526.1748,94.6070404052734,445.67333984375,234.156921386719,5488.94482421875,2.55932521820068,-0.223138570785522,8.79428482055664,20.7500896453857,1.35404145717621,38.3996162414551,5.1570897102356,51.7961807250977,-0.329084187746048,-0.0162862986326218,1
background,482534.9838,4431226.1748,266.974060058594,72.9050598144531,230.938140869141,958.566711425781,0.427978307008743,-0.0258215852081776,10.6503143310547,22.3221530914307,1.29424726963043,38.2975425720215,5.16918325424194,51.8371505737305,-0.465752333402634,0.00509519223123789,1
background,482534.9838,4432726.1748,195.511978149414,769.419677734375,260.472259521484,2717.79736328125,0.218500539660454,0.217238485813141,11.4426393508911,23.4984951019287,1.30999994277954,38.7804794311523,5.19819021224976,52.1503829956055,-0.463275015354156,0.0218402072787285,1
background,482534.9838,4433526.1748,37.6828651428223,1106.26782226562,218.903884887695,2312.9482421875,2.55597758293152,0.0550662577152252,8.18642425537109,23.9411582946777,1.27035236358643,38.4373626708984,5.20870876312256,52.2407836914062,-0.405813544988632,0.0110018905252218,1
background,482534.9838,4434376.1748,312.686798095703,419.065124511719,253.571594238281,2400.85595703125,3.12679433822632,0.0512506812810898,8.20949840545654,21.6594886779785,1.28724825382233,38.5093002319336,5.0985050201416,52.348087310791,-0.431665986776352,0.00798676256090403,1
background,482534.9838,4437376.1748,107.131332397461,422.582611083984,144.243515014648,1535.537109375,0.712335765361786,0.0516292490065098,9.12010383605957,22.7040157318115,1.35923194885254,38.6818962097168,4.69013071060181,52.653247833252,-0.459986239671707,-0.0000693452384439297,1
background,482584.9838,4430576.1748,154.832717895508,485.509307861328,213.941604614258,2219.93310546875,3.24683904647827,0.0574725121259689,7.81752729415894,20.6656589508057,1.36782002449036,38.3510437011719,5.15477800369263,51.7782783508301,-0.414064109325409,-0.00555291492491961,1
background,482584.9838,4431876.1748,10.4221210479736,486.773284912109,159.716934204102,6035.73291015625,0.503872513771057,-0.0114624751731753,10.9654188156128,21.9141082763672,1.350426197052,38.1481056213379,5.18088579177856,52.039623260498,-0.390167117118835,-0.0153969889506698,1
background,482584.9838,4434876.1748,73.8576583862305,36.3626098632812,183.642654418945,1200.80676269531,7.11658620834351,-0.0774489641189575,6.65616893768311,22.690242767334,1.2580201625824,38.9667015075684,5.05397748947144,52.4456443786621,-0.452594250440598,0.0027858461253345,1
background,482634.9838,4432176.1748,64.3720779418945,661.618286132812,225.619033813477,1285.03137207031,0.558193385601044,0.0437581352889538,9.18839740753174,21.4472579956055,1.35462617874146,38.830883026123,5.18581914901733,52.061107635498,-0.393604785203934,-0.0125215779989958,1
background,482634.9838,4433026.1748,55.5673027038574,942.080810546875,271.366943359375,3662.66723632812,3.34152722358704,0.0859054401516914,8.73042678833008,22.3283138275146,1.30331206321716,38.736328125,5.20089721679688,52.1609878540039,-0.44712170958519,0.00588896824046969,1
background,482634.9838,4433376.1748,182.570678710938,1105.91931152344,220.594543457031,11525.8798828125,1.21798717975616,-0.387906938791275,10.6990222930908,24.3595771789551,1.28114545345306,38.4757385253906,5.20637369155884,52.2034339904785,-0.386801689863205,0.0148032950237393,1
background,482684.9838,4430526.1748,236.416717529297,592.142578125,248.723007202148,4125.61669921875,2.02125287055969,0.158154591917992,8.8583812713623,21.0556297302246,1.36717665195465,38.3514404296875,5.15334892272949,51.7641487121582,-0.354989647865295,-0.0302064660936594,1
background,482684.9838,4430576.1748,251.252868652344,584.857299804688,227.310668945312,4848.32568359375,1.65569698810577,-0.0217510107904673,9.44261264801025,21.0175533294678,1.36379456520081,38.332576751709,5.15296792984009,51.7611122131348,-0.377890825271606,-0.0180368274450302,1
background,482684.9838,4435076.1748,149.429153442383,147.009994506836,136.137619018555,2968.50903320312,4.83496332168579,0.75173008441925,7.87674999237061,22.427360534668,1.26331424713135,38.7792778015137,5.04829359054565,52.518684387207,-0.407807350158691,0.0166822504252195,1
background,482734.9838,4434326.1748,188.66081237793,533.573547363281,262.134826660156,2004.64733886719,4.35107183456421,-0.0517875477671623,7.76041221618652,22.2071952819824,1.27669441699982,38.3655242919922,5.09113883972168,52.2734222412109,-0.485182136297226,0.0204480402171612,1
background,482734.9838,4436126.1748,55.1223068237305,138.319854736328,92.2177200317383,873.527587890625,3.64462494850159,1.03773808479309,7.39394426345825,18.8657684326172,1.3378039598465,38.6193656921387,4.89282321929932,52.5296058654785,-0.407826364040375,0.061341904103756,1
background,482834.9838,4433426.1748,91.7122268676758,1261.970703125,239.992660522461,2138.54467773438,2.64285969734192,0.0113001726567745,8.14748477935791,21.9004669189453,1.29799294471741,38.3514938354492,5.19627857208252,52.1399955749512,-0.422864675521851,0.0322621278464794,1
background,482834.9838,4433926.1748,3.00848865509033,945.883911132812,238.585388183594,2126.00024414062,3.23743319511414,0.643793344497681,8.16760921478271,23.3972911834717,1.27860832214355,38.2469100952148,5.14260625839233,52.1951599121094,-0.428199976682663,0.0182579606771469,1
background,482834.9838,4434776.1748,29.1578845977783,165.786911010742,298.487091064453,4736.5224609375,8.6304874420166,0.0410120934247971,7.7049732208252,22.1318092346191,1.28436946868896,38.7317962646484,5.04230260848999,52.327320098877,-0.394127547740936,0.0179859362542629,1
background,482834.9838,4434876.1748,59.3587951660156,91.3589935302734,300.271728515625,3943.88330078125,9.97300434112549,-0.373297542333603,7.5188136100769,21.6436672210693,1.27520561218262,38.8342247009277,5.04660797119141,52.3722839355469,-0.429805904626846,0.0342659316956997,1
background,482884.9838,4433026.1748,52.194953918457,1176.24731445312,251.06803894043,4485.171875,0.612742304801941,-0.00046330236364156,10.4127979278564,22.5705738067627,1.28918766975403,38.6515808105469,5.19222116470337,52.0879249572754,-0.445702075958252,0.00377533258870244,1
background,482884.9838,4433476.1748,35.091365814209,1191.27087402344,239.766098022461,1389.67932128906,2.39606738090515,0.0797775834798813,7.77091455459595,21.7807636260986,1.29461073875427,38.309642791748,5.18968152999878,52.126293182373,-0.371644109487534,0.0294999405741692,1
background,482884.9838,4434976.1748,111.117637634277,70.1331481933594,288.514282226562,8386.0009765625,9.42173194885254,-1.25240671634674,8.46055126190186,21.824291229248,1.27999997138977,38.7992515563965,5.04544305801392,52.4598426818848,-0.396707981824875,0.0193967372179031,1
background,482934.9838,4432726.1748,148.105850219727,1168.18908691406,219.091339111328,1010.24865722656,0.637251555919647,0.0877106189727783,8.81118392944336,22.4887714385986,1.30789494514465,38.7467842102051,5.19048357009888,52.0536880493164,-0.443313300609589,0.00141191377770156,1
background,482934.9838,4437476.1748,92.8158416748047,46.4793128967285,229.098022460938,749.471496582031,0.15059007704258,-0.212101325392723,12.4380502700806,23.6681575775146,1.30915284156799,38.8450813293457,4.68767023086548,52.602954864502,-0.479842931032181,0.0253858901560307,1
background,482984.9838,4435076.1748,38.1805839538574,133.605529785156,279.906646728516,5260.00390625,6.7333345413208,0.318759053945541,9.30141448974609,22.0685844421387,1.27999997138977,38.6379013061523,5.02935647964478,52.4135208129883,-0.463280200958252,0.0172819215804338,1
background,482984.9838,4435326.1748,51.3900260925293,221.335250854492,246.61442565918,1517.86242675781,3.61074876785278,0.645315110683441,7.56350660324097,24.361400604248,1.27452647686005,38.6421737670898,4.95431470870972,52.4128074645996,-0.42666894197464,0.034910049289465,1
background,482984.9838,4437576.1748,179.034622192383,22.9645595550537,172.517547607422,364.198028564453,0.118184998631477,-0.136236757040024,9.66855430603027,23.7652320861816,1.31287622451782,38.838981628418,4.68701696395874,52.598934173584,-0.455158412456512,0.00331278634257615,1
background,483084.9838,4432426.1748,274.659118652344,1139.21240234375,275.083221435547,1906.66137695312,1.70094680786133,-0.0856402814388275,8.87800025939941,22.4044628143311,1.28868699073792,38.7552795410156,5.1822452545166,51.986083984375,-0.459232956171036,-0.00860044173896313,1
background,483084.9838,4434576.1748,10.3978509902954,478.524963378906,227.24609375,506.833221435547,0.546002805233002,0.109980925917625,8.31489086151123,21.6674270629883,1.30418062210083,38.370059967041,5.04177856445312,52.322624206543,-0.377553254365921,0.0163906943053007,1
background,483084.9838,4435376.1748,49.7217712402344,295.099395751953,206.847152709961,859.225402832031,2.50370740890503,0.308588832616806,7.28890419006348,23.8277187347412,1.28522062301636,38.4881210327148,4.99208784103394,52.3841361999512,-0.394351035356522,0.0358760692179203,1
background,483134.9838,4432826.1748,90.7953262329102,1376.90063476562,166.041656494141,29733.380859375,1.38942134380341,-0.504378795623779,14.3378944396973,22.0373363494873,1.31684899330139,38.7303428649902,5.18879508972168,52.0201110839844,-0.430688858032227,0.00349163427017629,1
background,483134.9838,4433976.1748,231.102432250977,689.839416503906,183.914093017578,3446.24682617188,1.67609918117523,0.0885044261813164,9.30238246917725,23.1471385955811,1.30174434185028,38.2445983886719,5.13038063049316,52.2782859802246,-0.422765076160431,0.000723564939107746,1
background,483134.9838,4435026.1748,104.95694732666,289.602661132812,270.878997802734,4302.947265625,0.621437609195709,-0.0649426355957985,11.0732975006104,22.0964183807373,1.27935910224915,38.5576667785645,5.02834844589233,52.3615684509277,-0.405974537134171,0.0260788425803185,1
background,483184.9838,4432276.1748,106.60856628418,1055.56811523438,250.653625488281,1457.98168945312,2.48847603797913,0.0815888792276382,7.87979602813721,21.6259765625,1.30211794376373,37.9701118469238,5.1729302406311,51.9296188354492,-0.421319723129272,0.0244049448519945,1
background,483184.9838,4432676.1748,233.223846435547,1385.97985839844,266.106414794922,8898.244140625,0.935506045818329,-0.0358710289001465,10.7939596176147,22.3543148040771,1.30484890937805,38.7314414978027,5.18502044677734,51.9893112182617,-0.44683438539505,0.00306502520106733,1
background,483284.9838,4435526.1748,152.221542358398,370.953521728516,204.002777099609,1845.80480957031,2.30714416503906,0.0117532284930348,8.12138366699219,22.8952770233154,1.28613030910492,38.3035316467285,4.96219110488892,52.3279037475586,-0.430888831615448,0.0308254640549421,1
background,483334.9838,4433526.1748,46.6684150695801,877.36962890625,190.425262451172,8386.4150390625,1.00019407272339,-0.0316509008407593,10.65367603302,22.3659648895264,1.31108844280243,38.4609069824219,5.15261077880859,51.9939613342285,-0.327125161886215,-0.0052802050486207,1
background,483434.9838,4433976.1748,37.0504837036133,448.831481933594,210.024368286133,4450.53955078125,1.66177582740784,0.0468931943178177,9.33755016326904,22.919864654541,1.29791533946991,38.2651863098145,5.12332677841187,52.2103881835938,-0.431463032960892,0.0193458441644907,1
background,483484.9838,4432776.1748,439.050109863281,1312.45166015625,232.09130859375,6246.107421875,1.16323351860046,-0.0823379904031754,10.007981300354,22.1799869537354,1.28328335285187,38.1662292480469,5.17747449874878,51.9163360595703,-0.42209604382515,-0.00188658153638244,1
background,483484.9838,4433976.1748,86.5048828125,416.186950683594,210.790634155273,2832.45581054688,1.61188769340515,0.200054913759232,8.92946624755859,22.4084281921387,1.29796230792999,38.2695388793945,5.12026023864746,52.1967735290527,-0.415022611618042,0.0221342165023088,1
background,483584.9838,4432876.1748,428.494323730469,1173.318359375,223.283843994141,3222.47021484375,0.98674750328064,-0.00872626807540655,9.494065284729,22.4319934844971,1.26498234272003,38.114387512207,5.17643594741821,51.8804168701172,-0.427862137556076,-0.00480280769988894,1
background,483584.9838,4434526.1748,71.7647705078125,235.044036865234,86.7638549804688,1314.92211914062,1.13011991977692,0.0348354801535606,8.76532459259033,21.9454364776611,1.30790603160858,38.4196853637695,5.04335260391235,52.2283706665039,-0.378040850162506,0.013844664208591,1
background,483684.9838,4432576.1748,181.400482177734,1388.62646484375,147.689468383789,699.888244628906,0.806559503078461,0.0352551601827145,8.21490955352783,20.9944381713867,1.31392824649811,38.079704284668,5.17062997817993,51.8174209594727,-0.301046907901764,0.0123068438842893,1
background,483784.9838,4432926.1748,278.172454833984,1029.08532714844,171.740264892578,1765.22155761719,0.652330279350281,-0.0290451236069202,9.59058666229248,22.202428817749,1.27327740192413,38.1223182678223,5.17325735092163,51.6885414123535,-0.420029670000076,-0.0112376688048244,1
background,483784.9838,4433926.1748,170.400009155273,318.193908691406,152.417663574219,1865.53601074219,0.559825420379639,-0.111555702984333,9.78544139862061,20.5618019104004,1.30936217308044,38.3146057128906,5.09794902801514,52.1347160339355,-0.387688726186752,0.00590795092284679,1
background,483834.9838,4432676.1748,136.255310058594,1240.63928222656,139.343643188477,2441.49096679688,1.41452205181122,-0.0308809839189053,8.82137107849121,21.9869937896729,1.2948043346405,38.200798034668,5.17230033874512,51.6555404663086,-0.31043753027916,0.0122624039649963,1
background,483834.9838,4433026.1748,323.50390625,917.282531738281,175.179580688477,1306.08813476562,1.11639285087585,0.0374907851219177,8.73640251159668,21.9055156707764,1.28750824928284,38.1308174133301,5.15707731246948,51.6845359802246,-0.426527053117752,0.00573718314990401,1
background,483884.9838,4432126.1748,321.588775634766,1471.07788085938,154.862854003906,2045.650390625,1.17359375953674,-0.0317340642213821,8.91159820556641,18.7697620391846,1.34956121444702,38.0101852416992,5.16265964508057,51.7160491943359,-0.313948392868042,0.00456677051261067,1
background,483884.9838,4433026.1748,301.564849853516,896.193664550781,158.950927734375,1440.05493164062,1.32636344432831,0.0310299731791019,8.49795341491699,21.7572975158691,1.28869819641113,38.1486282348633,5.15097188949585,51.6755523681641,-0.448517203330994,-0.00569730019196868,1
background,483934.9838,4432176.1748,292.920288085938,1539.49499511719,152.909805297852,1985.19506835938,1.29296803474426,-0.0311190243810415,8.80172920227051,18.6457271575928,1.3475182056427,38.0127754211426,5.16301345825195,51.6011657714844,-0.306670576334,0.00951326359063387,1
background,483934.9838,4432426.1748,103.067802429199,1454.68579101562,56.0347328186035,1068.53100585938,0.421953052282333,-0.0096387779340148,9.2883768081665,19.3906497955322,1.33950126171112,37.9852256774902,5.16693878173828,51.6113090515137,-0.306187659502029,0.00118415511678904,1
background,483984.9838,4433026.1748,280.204376220703,861.205444335938,133.259399414062,1922.68481445312,1.57630515098572,-0.209980249404907,8.58314228057861,21.5628547668457,1.29427933692932,38.1875038146973,5.14263916015625,51.6618728637695,-0.436552166938782,0.0133510120213032,1
background,483984.9838,4433426.1748,300.880187988281,494.179779052734,90.2147369384766,1308.61315917969,1.09576499462128,0.184126257896423,8.19346904754639,20.6709442138672,1.30890834331512,38.1386413574219,5.13346004486084,51.6976280212402,-0.415153235197067,0.0146474242210388,1
