Phytophthora/models/20240430_1251_44/Phytophthora_PA3_RUN8_MAXENT_outputs/Phytophthora_PA3_RUN8.asc
ncols         225
nrows         269
xllcorner     473000.0
yllcorner     4429100.0
cellsize      50.0
NODATA_value  -9999
[rows 27 to 53 of 269, columns 0 to 59 of 225]
-9999 -9999 -9999 -9999 -9999 -9999 -9999 -9999 -9999 -9999 -9999 -9999 -9999 -9999 -9999 -9999 -9999 -9999 -9999 -9999 -9999 -9999 -9999 -9999 -9999 -9999 -9999 -9999 -9999 -9999 -9999 -9999 -9999 -9999 -9999 -9999 -9999 -9999 2.83533E-3 2.74987E-3 4.5293E-3 2.02305E-3 7.13622E-3 7.08211E-3 8.59563E-3 1.09275E-2 1.21545E-2 1.16458E-2 1.17864E-2 1.17782E-2 4.10594E-3 6.51464E-3 3.6525E-3 2.12514E-3 2.33598E-3 1.5377E-3 1.09966E-3 8.48262E-4 6.48781E-4 4.72854E-4
-9999 -9999 -9999 -9999 -9999 -9999 -9999 -9999 -9999 -9999 -9999 -9999 -9999 -9999 -9999 -9999 -9999 -9999 -9999 -9999 -9999 -9999 -9999 -9999 -9999 -9999 -9999 -9999 -9999 -9999 -9999 -9999 -9999 -9999 -9999 -9999 -9999 -9999 5.87685E-3 4.56629E-3 5.45932E-3 5.68951E-3 7.41196E-3 9.2283E-3 1.00198E-2 1.16593E-2 3.52384E-3 1.32218E-2 1.01131E-2 7.15315E-3 5.57324E-3 3.67921E-3 2.29284E-3 1.29623E-3 1.08663E-3 9.54676E-4 8.44755E-4 7.0505E-4 6.44024E-4 4.85179E-4
-9999 -9999 -9999 -9999 -9999 -9999 -9999 -9999 -9999 -9999 -9999 -9999 -9999 -9999 -9999 -9999 -9999 -9999 -9999 -9999 -9999 -9999 -9999 -9999 -9999 -9999 -9999 -9999 -9999 -9999 -9999 -9999 -9999 -9999 -9999 -9999 -9999 -9999 4.1215E-3 3.77268E-3 6.23731E-3 6.8655E-3 1.01746E-2 1.21285E-2 1.41825E-2 4.85117E-3 1.51701E-2 7.11764E-3 6.7482E-3 1.17621E-3 4.35604E-3 2.91039E-3 1.88177E-3 1.26189E-3 1.10942E-3 1.00721E-3 1.53811E-3 1.37336E-3 7.10442E-4 8.20141E-4
-9999 -9999 -9999 -9999 -9999 -9999 -9999 -9999 -9999 -9999 -9999 -9999 -9999 -9999 -9999 -9999 -9999 -9999 -9999 -9999 -9999 -9999 -9999 -9999 -9999 -9999 -9999 -9999 -9999 -9999 -9999 -9999 -9999 -9999 -9999 -9999 3.9315E-3 3.14549E-3 2.94514E-3 2.90333E-3 3.25753E-3 1.04212E-2 8.23651E-3 1.36029E-2 1.47155E-2 1.23225E-2 7.97513E-3 6.82449E-3 4.81566E-3 3.5129E-3 2.59098E-3 1.73577E-3 1.21558E-3 1.04151E-3 1.10276E-3 1.02555E-3 3.42936E-4 8.99134E-4 9.48868E-4 7.16849E-4
-9999 -9999 -9999 -9999 -9999 -9999 -9999 -9999 -9999 -9999 -9999 -9999 -9999 -9999 -9999 -9999 -9999 -9999 -9999 -9999 -9999 -9999 -9999 -9999 -9999 -9999 -9999 -9999 -9999 -9999 -9999 -9999 -9999 -9999 -9999 3.60016E-3 4.09367E-3 4.66379E-3 7.14765E-3 7.29283E-3 1.78024E-3 6.61093E-3 1.28568E-2 1.08586E-2 9.20706E-3 1.04288E-2 8.86643E-3 5.89986E-3 4.18639E-3 3.5775E-3 2.49343E-3 1.74638E-3 1.22415E-3 1.4136E-3 1.56334E-3 1.6732E-3 3.63526E-4 1.29155E-3 9.417E-4 1.00642E-3
-9999 -9999 -9999 -9999 -9999 -9999 -9999 -9999 -9999 -9999 -9999 -9999 -9999 -9999 -9999 -9999 -9999 -9999 -9999 -9999 -9999 -9999 -9999 -9999 -9999 -9999 -9999 -9999 -9999 -9999 -9999 -9999 -9999 -9999 4.86392E-3 4.23724E-3 5.05161E-3 7.04001E-3 4.75808E-3 7.71344E-3 1.24616E-2 1.28561E-2 1.1412E-2 7.12817E-3 5.12633E-3 6.9296E-3 6.00117E-3 1.94172E-3 4.30839E-3 3.19414E-3 2.80161E-3 1.77401E-3 1.68334E-3 1.46993E-3 1.60745E-3 1.54394E-3 1.54008E-3 1.35383E-3 1.15358E-3 1.33886E-3
-9999 -9999 -9999 -9999 -9999 -9999 -9999 -9999 -9999 -9999 -9999 -9999 -9999 -9999 -9999 -9999 -9999 -9999 -9999 -9999 -9999 -9999 -9999 -9999 -9999 -9999 -9999 -9999 -9999 -9999 -9999 -9999 5.38816E-3 4.70138E-3 3.46544E-3 3.84067E-3 5.88981E-3 7.65091E-3 2.11129E-3 1.24876E-2 9.39961E-3 6.63633E-3 3.62104E-3 3.24031E-3 2.75441E-3 3.68977E-3 3.25683E-3 2.9733E-3 3.05562E-3 1.53946E-3 3.02151E-3 2.46693E-3 1.71649E-3 1.39062E-3 1.4198E-3 1.52112E-3 1.61411E-3 1.51506E-3 1.2552E-3 4.30346E-4
-9999 -9999 -9999 -9999 -9999 -9999 -9999 -9999 -9999 -9999 -9999 -9999 -9999 -9999 -9999 -9999 -9999 -9999 -9999 -9999 -9999 -9999 -9999 -9999 -9999 -9999 -9999 -9999 -9999 -9999 -9999 6.58921E-3 5.05468E-3 4.15613E-3 4.11913E-3 5.25749E-3 5.75109E-3 6.79703E-3 8.81062E-3 1.66002E-2 9.2421E-3 4.01778E-3 3.55297E-3 3.1955E-3 2.97291E-3 3.02647E-3 2.72755E-3 2.54495E-3 2.64199E-3 3.69258E-3 3.25126E-3 2.34247E-3 1.69147E-3 1.43682E-3 1.64324E-3 1.46203E-3 1.60246E-3 7.45524E-4 1.20847E-3 1.13674E-3
-9999 -9999 -9999 -9999 -9999 -9999 -9999 -9999 -9999 -9999 -9999 -9999 -9999 -9999 -9999 -9999 -9999 -9999 -9999 -9999 -9999 -9999 -9999 -9999 -9999 -9999 -9999 -9999 -9999 -9999 8.94876E-3 7.24E-3 5.04776E-3 5.02719E-3 5.60457E-3 5.81056E-3 6.39626E-3 4.79051E-3 7.97318E-3 5.97529E-3 3.89768E-3 3.3959E-3 3.06148E-3 3.14127E-3 3.18671E-3 3.37829E-3 2.35994E-3 2.40098E-3 3.66509E-3 3.87495E-3 2.33851E-3 2.46098E-3 1.72301E-3 1.67344E-3 1.96423E-3 1.91677E-3 1.93884E-3 1.5557E-3 1.01343E-3 1.14558E-3
-9999 -9999 -9999 -9999 -9999 -9999 -9999 -9999 -9999 -9999 -9999 -9999 -9999 -9999 -9999 -9999 -9999 -9999 -9999 -9999 -9999 -9999 -9999 -9999 -9999 -9999 -9999 -9999 -9999 -9999 1.33179E-2 7.56253E-3 6.48928E-3 8.30301E-3 6.92251E-3 5.99355E-3 2.6761E-3 8.38622E-3 3.42578E-3 5.68527E-3 4.83983E-3 4.67164E-3 4.09144E-3 4.14201E-3 4.56235E-3 3.84857E-3 2.89375E-3 2.35605E-3 2.73614E-3 3.1455E-3 2.33684E-3 2.37945E-3 1.63144E-3 1.51045E-3 1.71726E-3 1.49389E-3 1.32371E-3 1.00864E-3 8.62342E-4 1.88569E-4
-9999 -9999 -9999 -9999 -9999 -9999 -9999 -9999 -9999 -9999 -9999 -9999 -9999 -9999 -9999 -9999 -9999 -9999 -9999 -9999 -9999 -9999 -9999 -9999 -9999 -9999 -9999 -9999 -9999 1.75761E-3 1.21494E-2 8.24351E-3 7.73524E-3 3.55763E-3 1.99875E-3 6.383E-3 6.53813E-3 1.2658E-2 8.09422E-3 4.53072E-3 4.48713E-3 3.49959E-3 4.19653E-3 4.97239E-3 5.11696E-3 4.23737E-3 3.04321E-3 2.68879E-3 2.90068E-3 3.53945E-3 1.3297E-3 2.81778E-3 1.94804E-3 2.02355E-3 1.80556E-3 1.45966E-3 1.14794E-3 7.1812E-4 6.85922E-4 7.17299E-4
-9999 -9999 -9999 -9999 -9999 -9999 -9999 -9999 -9999 -9999 -9999 -9999 -9999 -9999 -9999 -9999 -9999 -9999 -9999 -9999 -9999 -9999 -9999 -9999 -9999 -9999 -9999 -9999 -9999 -9999 9.4186E-3 9.01962E-3 1.53152E-3 7.21922E-3 7.56589E-3 3.07361E-3 1.4264E-2 8.28839E-3 5.98021E-3 5.82293E-3 3.10761E-3 4.61826E-3 3.91245E-3 5.09836E-3 5.10913E-3 4.38135E-3 3.82825E-3 3.40873E-3 3.06894E-3 3.6653E-3 4.10938E-3 3.47998E-3 2.33687E-3 2.72763E-3 1.9572E-3 1.72704E-3 1.10283E-3 5.14869E-4 5.67285E-4 6.23844E-4
-9999 -9999 -9999 -9999 -9999 -9999 -9999 -9999 -9999 -9999 -9999 -9999 -9999 -9999 -9999 -9999 -9999 -9999 -9999 -9999 -9999 -9999 -9999 -9999 -9999 -9999 -9999 -9999 -9999 -9999 1.2038E-2 7.09065E-3 9.25807E-3 5.42697E-3 2.79586E-3 1.13831E-2 8.95786E-3 2.26863E-3 7.08499E-3 6.06918E-3 5.07603E-3 4.12545E-3 4.09714E-3 5.60857E-3 5.21232E-3 5.39417E-3 4.81027E-3 4.33542E-3 3.76708E-3 4.23435E-3 5.54679E-3 4.40121E-3 2.87521E-3 1.1018E-3 2.64504E-3 2.58389E-3 9.32319E-4 5.5664E-4 5.17657E-4 5.06165E-4
-9999 -9999 -9999 -9999 -9999 -9999 -9999 -9999 -9999 -9999 -9999 -9999 -9999 -9999 -9999 -9999 -9999 -9999 -9999 -9999 -9999 -9999 -9999 -9999 -9999 -9999 -9999 -9999 -9999 -9999 1.22569E-2 1.94943E-2 1.84124E-2 1.05643E-2 6.26166E-3 7.15025E-3 9.65838E-3 1.01689E-2 9.63149E-3 1.58221E-3 5.18267E-3 4.18951E-3 4.32997E-3 5.08729E-3 5.01158E-3 5.02162E-3 4.9667E-3 1.86181E-3 4.59646E-3 4.8247E-3 2.26125E-3 5.06396E-3 3.01195E-3 3.23679E-3 2.85446E-3 2.26002E-3 7.26784E-4 4.6973E-4 4.48012E-4 4.13889E-4
-9999 -9999 -9999 -9999 -9999 -9999 -9999 -9999 -9999 -9999 -9999 -9999 -9999 -9999 -9999 -9999 -9999 -9999 -9999 -9999 -9999 -9999 -9999 -9999 -9999 -9999 -9999 -9999 -9999 -9999 1.41006E-2 9.44671E-3 8.83186E-3 7.07842E-3 4.9569E-3 5.46904E-3 6.80962E-3 7.96438E-3 8.17873E-3 6.66506E-3 4.82445E-3 4.24404E-3 4.09012E-3 4.44361E-3 4.0991E-3 3.61969E-3 3.99804E-3 4.73985E-3 3.88387E-3 3.92045E-3 5.01173E-3 1.77904E-3 2.31092E-3 3.18646E-3 2.72559E-3 2.15469E-3 8.53955E-4 5.24693E-4 4.93835E-4 3.41878E-4
-9999 -9999 -9999 -9999 -9999 -9999 -9999 -9999 -9999 -9999 -9999 -9999 -9999 -9999 -9999 -9999 -9999 -9999 -9999 -9999 -9999 -9999 -9999 -9999 -9999 -9999 -9999 -9999 -9999 9.75468E-3 8.56199E-3 6.71564E-3 5.33965E-3 4.53297E-3 4.6948E-3 4.46635E-3 4.5155E-3 5.11072E-3 6.05933E-3 5.22539E-3 4.88344E-3 4.79713E-3 4.45218E-3 3.98682E-3 3.64583E-3 3.17496E-3 3.87841E-3 4.39783E-3 5.05833E-3 3.81161E-3 5.11967E-3 5.62272E-3 3.09167E-3 4.14201E-3 2.8969E-3 1.47665E-3 9.22443E-4 6.83963E-4 4.94953E-4 2.97415E-4
-9999 -9999 -9999 -9999 -9999 -9999 -9999 -9999 -9999 -9999 -9999 -9999 -9999 -9999 -9999 -9999 -9999 -9999 -9999 -9999 -9999 -9999 -9999 -9999 -9999 -9999 6.38823E-3 3.2472E-3 5.65459E-3 8.36123E-3 9.49709E-3 1.15933E-2 8.99277E-3 7.83672E-3 7.59491E-3 6.84107E-3 6.33597E-3 5.81611E-3 6.71516E-3 6.70953E-3 5.6822E-3 5.59377E-3 5.46604E-3 5.07595E-3 4.40726E-3 3.77146E-3 4.98129E-3 4.65104E-3 4.02562E-3 4.06556E-3 4.61464E-3 4.81318E-3 4.95651E-3 2.57478E-3 3.06109E-3 1.61621E-3 1.5635E-3 1.04255E-3 5.31011E-4 3.66539E-4
-9999 -9999 -9999 -9999 -9999 -9999 -9999 -9999 -9999 -9999 -9999 -9999 -9999 -9999 -9999 -9999 -9999 -9999 -9999 -9999 -9999 -9999 -9999 -9999 -9999 7.32064E-3 4.45497E-3 5.41193E-3 5.01909E-3 5.3254E-3 5.13459E-3 7.54992E-3 9.94139E-3 1.41468E-2 1.10904E-2 9.0987E-3 8.25913E-3 7.68095E-3 7.45578E-3 7.2838E-3 3.16166E-3 5.7051E-3 2.25065E-3 1.65607E-3 2.64437E-3 3.93801E-3 4.01012E-3 2.49085E-3 1.44648E-3 4.76406E-3 5.70002E-3 4.21264E-3 4.16309E-3 3.91767E-3 3.59836E-3 1.12021E-3 9.37144E-4 1.24036E-3 7.23921E-4 5.65117E-4
-9999 -9999 -9999 -9999 -9999 -9999 -9999 -9999 -9999 -9999 -9999 -9999 -9999 -9999 -9999 -9999 -9999 -9999 -9999 -9999 -9999 -9999 -9999 -9999 1.09693E-3 5.01819E-3 7.22688E-3 5.88041E-3 5.43643E-3 5.82161E-3 6.18083E-3 7.25403E-3 9.90517E-3 1.48058E-2 1.52374E-2 1.17388E-2 9.20649E-3 9.3885E-3 9.82847E-3 9.77745E-3 7.18724E-3 5.26492E-3 6.94466E-3 6.46254E-3 4.53989E-3 9.51851E-4 1.83091E-3 6.54304E-3 5.31609E-3 2.19723E-3 7.00547E-3 4.9856E-3 4.04063E-3 3.78492E-3 3.52593E-3 3.5341E-3 2.08545E-3 6.08407E-4 8.6523E-4 6.62518E-4
-9999 -9999 -9999 -9999 -9999 -9999 -9999 -9999 -9999 -9999 -9999 -9999 -9999 -9999 -9999 -9999 -9999 -9999 -9999 -9999 -9999 -9999 -9999 -9999 1.03232E-3 9.41686E-3 8.61666E-3 6.35828E-3 5.97745E-3 7.01062E-3 7.90452E-3 9.76496E-3 1.00558E-2 7.50694E-3 1.27234E-2 1.12636E-2 1.04373E-2 1.1438E-2 1.26302E-2 7.36461E-3 9.37855E-3 7.7411E-3 9.18424E-3 7.30942E-3 5.87006E-3 4.59122E-3 5.79193E-3 6.27243E-3 9.44142E-3 8.91263E-3 6.92424E-3 4.94189E-3 3.48942E-3 3.27323E-3 3.11078E-3 3.10603E-3 3.08712E-3 2.89198E-3 5.11036E-4 1.02362E-3
-9999 -9999 -9999 -9999 -9999 -9999 -9999 -9999 -9999 -9999 -9999 -9999 -9999 -9999 -9999 -9999 -9999 -9999 -9999 -9999 -9999 -9999 -9999 -9999 1.99956E-3 1.63492E-2 4.09204E-3 9.20326E-3 9.71763E-3 1.36186E-2 3.87446E-3 1.35268E-2 1.28483E-2 1.13167E-2 1.11269E-2 1.14604E-2 1.50562E-2 4.99214E-3 1.52341E-2 1.38726E-2 1.02422E-2 1.05075E-2 9.81898E-3 7.41966E-3 6.20214E-3 5.08585E-3 5.93919E-3 7.35567E-3 5.53573E-3 9.27996E-3 7.00397E-3 5.0893E-3 3.52485E-3 2.93072E-3 2.41625E-3 2.84767E-3 2.59662E-3 1.84509E-3 1.13091E-3 7.18886E-4
-9999 -9999 -9999 -9999 -9999 -9999 -9999 -9999 -9999 -9999 -9999 -9999 -9999 -9999 -9999 -9999 -9999 -9999 -9999 -9999 -9999 -9999 -9999 3.30131E-3 1.09568E-2 9.89993E-3 8.91546E-3 1.16799E-2 1.578E-2 1.82176E-2 1.33488E-2 1.1963E-2 1.10537E-2 1.04129E-2 1.11976E-2 1.3878E-2 1.59434E-2 1.73509E-2 1.39184E-2 1.40662E-2 1.01744E-2 1.36417E-2 9.26059E-3 7.24893E-3 6.36041E-3 6.29608E-3 8.19961E-3 7.7276E-3 4.52691E-3 1.00476E-2 7.57927E-3 5.31786E-3 3.54641E-3 3.20052E-3 2.48462E-3 2.25518E-3 1.75659E-3 1.52811E-3 9.28217E-4 8.5105E-4
-9999 -9999 -9999 -9999 -9999 -9999 -9999 -9999 -9999 -9999 -9999 -9999 -9999 -9999 -9999 -9999 -9999 -9999 -9999 -9999 -9999 -9999 -9999 3.09355E-3 4.82249E-3 6.85904E-3 8.08223E-3 1.11467E-2 1.25962E-2 1.3645E-2 1.0931E-2 9.30095E-3 9.90589E-3 9.73146E-3 1.12722E-2 1.15549E-2 1.25858E-2 1.37723E-2 1.15507E-2 1.23162E-2 1.09275E-2 1.90043E-2 1.35729E-2 1.1506E-2 1.2542E-2 1.05279E-2 1.0296E-2 5.57697E-3 3.30948E-3 9.719E-3 7.24804E-3 3.95898E-3 3.45562E-3 2.49409E-3 1.98227E-3 2.11376E-3 1.51646E-3 1.28312E-3 9.51952E-4 8.02815E-4
-9999 -9999 -9999 -9999 -9999 -9999 -9999 -9999 -9999 -9999 -9999 -9999 -9999 -9999 -9999 -9999 -9999 -9999 -9999 -9999 -9999 -9999 -9999 2.42476E-3 3.57385E-3 5.00461E-3 6.74833E-3 1.05701E-2 1.1638E-2 1.28431E-2 9.48417E-3 8.82224E-3 8.7519E-3 8.83927E-3 9.70691E-3 8.81158E-3 9.70896E-3 1.02746E-2 8.82551E-3 1.1866E-2 1.3467E-2 2.15104E-2 1.6886E-2 2.4614E-2 2.00765E-2 1.27625E-2 1.03552E-2 7.81683E-3 2.73407E-3 3.83305E-3 3.02472E-3 2.43183E-3 2.91377E-3 2.71183E-3 1.71019E-3 2.05255E-3 1.60134E-3 1.22787E-3 9.12443E-4 7.01711E-4
-9999 -9999 -9999 -9999 -9999 -9999 -9999 -9999 -9999 -9999 -9999 -9999 -9999 -9999 -9999 -9999 -9999 -9999 -9999 -9999 -9999 -9999 2.83187E-3 6.55805E-3 6.32957E-3 8.48347E-3 1.0679E-2 1.17422E-2 1.21228E-2 1.10876E-2 1.10816E-2 9.37616E-3 1.02166E-2 1.0125E-2 8.92245E-3 8.26073E-3 8.50902E-3 1.06002E-2 1.17645E-2 1.86032E-2 2.35648E-2 3.34388E-2 3.94795E-2 3.81443E-2 2.99512E-2 1.36639E-2 1.17355E-2 8.81042E-3 6.34305E-3 5.34999E-3 4.92826E-3 4.27309E-3 4.09685E-3 3.82286E-3 1.36998E-3 3.19493E-3 1.99909E-3 1.34424E-3 8.42416E-4 7.13498E-4
-9999 -9999 -9999 -9999 -9999 -9999 -9999 -9999 -9999 -9999 -9999 -9999 -9999 -9999 -9999 -9999 -9999 -9999 -9999 -9999 -9999 -9999 2.54253E-3 3.4021E-3 5.58073E-3 9.61709E-3 1.05906E-2 1.02503E-2 1.0502E-2 1.00383E-2 9.05529E-3 8.68361E-3 1.14733E-2 8.41592E-3 7.17272E-3 6.64581E-3 9.28858E-3 1.3421E-2 1.30271E-2 2.01455E-2 2.62702E-2 3.42827E-2 3.49694E-2 3.00193E-2 2.51223E-2 1.88825E-2 1.71813E-2 1.49636E-2 1.14299E-2 4.00626E-3 9.31377E-3 7.43571E-3 6.99603E-3 1.66176E-3 5.14831E-3 3.9991E-3 3.13533E-3 2.036E-3 1.04756E-3 8.06864E-4
-9999 -9999 -9999 -9999 -9999 -9999 -9999 -9999 -9999 -9999 -9999 -9999 -9999 -9999 -9999 -9999 -9999 -9999 -9999 -9999 -9999 -9999 2.52066E-3 2.92489E-3 4.41647E-3 6.46106E-3 5.95274E-3 5.5029E-3 6.87548E-3 7.00391E-3 7.17911E-3 7.31033E-3 9.61255E-3 6.34449E-3 7.48147E-3 9.47214E-3 1.43962E-2 1.48055E-2 1.18671E-2 1.80237E-2 3.0496E-2 2.92909E-2 1.56054E-2 1.7205E-2 1.83944E-2 1.57488E-2 1.51887E-2 1.13633E-2 1.48609E-2 1.27669E-2 1.11457E-2 1.07755E-2 1.03757E-2 9.04753E-3 7.67164E-3 6.83631E-3 1.33434E-3 2.19892E-3 1.35978E-3 1.10681E-3
