Phytophthora/models/20240430_1251_44/Phytophthora_PA3_RUN8_MAXENT_outputs/Phytophthora_PA3_RUN8.asc
ncols         225
nrows         269
xllcorner     473000.0
yllcorner     4429100.0
cellsize      50.0
NODATA_value  -9999
[rows 216 to 242 of 269, columns 120 to 179 of 225]
4.39364E-1 4.04708E-1 3.26371E-1 2.56409E-1 2.13744E-1 1.94417E-1 1.70096E-1 1.50912E-1 1.33366E-1 5.48963E-2 4.02397E-2 3.10884E-2 4.88211E-2 7.68132E-2 8.66024E-2 1.54914E-1 2.77096E-1 2.58955E-1 2.73286E-1 2.8414E-1 3.4683E-1 4.7058E-1 4.27481E-1 4.20839E-1 4.11469E-1 2.79351E-1 2.80369E-1 2.39115E-1 1.64638E-1 1.05797E-1 7.79655E-2 8.22889E-2 2.31919E-1 2.88855E-1 3.66042E-1 1.29481E-1 2.93332E-1 2.56243E-1 2.25928E-1 2.5066E-1 3.13729E-1 3.9238E-1 4.24791E-1 4.15844E-1 5.07607E-1 5.54856E-1 5.22995E-1 4.64728E-1 4.0104E-1 3.53766E-1 2.36478E-1 1.39009E-1 1.2059E-1 9.43057E-2 1.3432E-1 9.22202E-2 1.85002E-1 1.73049E-1 1.61982E-1 1.71294E-1
4.03694E-1 3.32928E-1 2.81762E-1 2.58923E-1 2.09963E-1 1.94211E-1 1.79221E-1 1.59277E-1 1.37601E-1 1.2153E-1 1.04387E-1 1.06815E-1 4.42931E-2 1.12048E-1 9.50805E-2 1.62044E-1 1.96764E-1 2.13958E-1 2.49097E-1 2.45119E-1 2.42367E-1 3.42532E-1 3.69793E-1 4.02051E-1 3.7508E-1 3.04573E-1 1.21237E-1 2.3052E-1 1.296E-1 1.01144E-1 7.89498E-2 1.11118E-1 2.7298E-1 3.16104E-1 1.94606E-1 3.12035E-1 2.61935E-1 2.18188E-1 2.29747E-1 2.84363E-1 3.70784E-1 4.87543E-1 3.56894E-1 5.02259E-1 5.34928E-1 5.27156E-1 5.10022E-1 4.44873E-1 3.91555E-1 3.3225E-1 1.73191E-1 1.21256E-1 1.23328E-1 1.05198E-1 6.97061E-2 1.6951E-1 1.41339E-1 2.1476E-1 2.03702E-1 2.61552E-1
5.94517E-1 4.37835E-1 3.51879E-1 3.07642E-1 2.48237E-1 2.24479E-1 2.03567E-1 1.68299E-1 1.43342E-1 1.2587E-1 1.26471E-1 1.35688E-1 1.38895E-1 1.41722E-1 1.50008E-1 1.6682E-1 1.77347E-1 1.90835E-1 2.19612E-1 2.18665E-1 2.12624E-1 2.17716E-1 3.71794E-1 3.85688E-1 3.31593E-1 2.86728E-1 2.99708E-1 1.83445E-1 1.36538E-1 1.05235E-1 9.81698E-2 2.06705E-1 2.40793E-1 3.46143E-1 2.99877E-1 2.5361E-1 2.33198E-1 2.35791E-1 2.60888E-1 2.9288E-1 3.40016E-1 4.07122E-1 5.10505E-1 2.44414E-1 4.80545E-1 4.16758E-1 4.82433E-1 4.21561E-1 3.71607E-1 2.36553E-1 1.34089E-1 1.11982E-1 1.19733E-1 5.3797E-2 2.07024E-1 1.25414E-1 1.55506E-1 1.71861E-1 3.03342E-1 3.41297E-1
5.60893E-1 5.1679E-1 4.64204E-1 3.58674E-1 2.64473E-1 2.11224E-1 1.89389E-1 1.56793E-1 1.45005E-1 1.31388E-1 1.39387E-1 1.51158E-1 1.58428E-1 1.71061E-1 1.69516E-1 1.87141E-1 2.14849E-1 2.11003E-1 2.1171E-1 1.98791E-1 1.85633E-1 2.01445E-1 3.40824E-1 2.91295E-1 2.34364E-1 2.61827E-1 2.54113E-1 1.64575E-1 4.83134E-2 9.58815E-2 1.12823E-1 2.65088E-1 3.11592E-1 2.8199E-1 2.24461E-1 2.30804E-1 2.64833E-1 2.88661E-1 3.08647E-1 3.45236E-1 3.24771E-1 3.82222E-1 4.55241E-1 5.89585E-1 6.05419E-1 4.74924E-1 4.50802E-1 3.99083E-1 3.58766E-1 1.60676E-1 1.13629E-1 8.21266E-2 1.31395E-1 1.13257E-1 1.75346E-1 1.40029E-1 1.62588E-1 2.7006E-1 4.45284E-1 5.4207E-1
4.45649E-1 4.44689E-1 4.12292E-1 3.5865E-1 3.23574E-1 2.47958E-1 1.97422E-1 1.67054E-1 1.54684E-1 1.4009E-1 1.56094E-1 1.72435E-1 1.77133E-1 1.90843E-1 1.99598E-1 2.28222E-1 2.67522E-1 2.31451E-1 2.17301E-1 2.23795E-1 2.08471E-1 3.11473E-1 3.22163E-1 2.22028E-1 2.13952E-1 2.46155E-1 2.6603E-1 1.38556E-1 1.29805E-1 9.29924E-2 8.89357E-2 2.67435E-1 2.89786E-1 2.30101E-1 2.03631E-1 2.56401E-1 3.13501E-1 3.50144E-1 3.65576E-1 3.99184E-1 3.90984E-1 3.84182E-1 4.5704E-1 5.0803E-1 5.39087E-1 4.13092E-1 3.42386E-1 3.86349E-1 3.76746E-1 1.54671E-1 4.74483E-2 1.46323E-1 1.11151E-1 8.9492E-2 1.71428E-1 2.08805E-1 1.90902E-1 2.61489E-1 4.02319E-1 5.43515E-1
1.55606E-1 3.89287E-1 3.47126E-1 3.25868E-1 2.82522E-1 2.66988E-1 2.26211E-1 1.72908E-1 1.59068E-1 1.56578E-1 2.05296E-1 2.2262E-1 2.19747E-1 2.32014E-1 2.407E-1 2.81943E-1 2.72183E-1 2.27239E-1 2.21272E-1 2.25348E-1 2.5957E-1 3.63854E-1 2.89265E-1 2.10559E-1 2.5162E-1 3.30739E-1 2.90325E-1 1.53965E-1 1.38894E-1 1.42319E-1 2.21647E-1 2.1467E-1 2.37167E-1 1.57914E-1 1.64799E-1 2.33806E-1 2.84706E-1 3.27431E-1 3.41979E-1 3.65481E-1 4.26205E-1 3.80501E-1 3.8283E-1 4.04462E-1 3.96739E-1 2.39915E-1 1.76031E-1 1.59351E-1 4.41105E-1 2.02727E-1 9.61756E-2 9.33018E-2 1.65112E-1 1.68606E-1 1.65796E-1 2.39368E-1 3.10201E-1 3.56459E-1 3.92098E-1 5.54463E-1
3.75112E-1 3.76926E-1 3.83361E-1 3.58255E-1 3.35701E-1 3.22151E-1 2.72237E-1 2.06616E-1 1.68952E-1 1.70642E-1 2.47349E-1 2.77959E-1 2.38269E-1 2.60229E-1 2.74822E-1 3.32572E-1 2.84826E-1 2.41289E-1 2.54379E-1 2.37929E-1 4.06614E-1 4.23517E-1 3.25843E-1 3.08806E-1 4.44123E-1 3.78314E-1 2.41989E-1 1.60349E-1 1.45491E-1 1.5718E-1 2.13822E-1 1.82907E-1 2.06604E-1 1.34288E-1 2.02037E-1 2.43233E-1 2.67684E-1 2.95396E-1 3.19839E-1 3.30739E-1 4.21613E-1 3.77294E-1 3.35221E-1 2.37999E-1 2.56203E-1 1.81078E-1 1.20218E-1 1.32725E-1 1.06505E-1 2.42322E-1 1.60255E-1 1.32888E-1 2.05655E-1 2.98264E-1 2.5603E-1 2.50946E-1 3.81547E-1 4.72426E-1 4.6643E-1 5.02828E-1
3.05425E-1 3.27493E-1 3.98412E-1 4.18837E-1 3.99112E-1 4.10011E-1 2.94658E-1 2.23176E-1 1.91971E-1 1.79943E-1 2.40691E-1 3.91575E-1 2.63972E-1 2.98001E-1 3.08311E-1 3.55947E-1 3.00561E-1 2.80621E-1 3.29944E-1 3.16814E-1 5.30443E-1 5.1274E-1 4.37316E-1 4.91848E-1 5.13778E-1 2.92114E-1 2.43682E-1 1.86566E-1 1.53214E-1 1.50339E-1 2.0376E-1 1.72631E-1 1.66006E-1 1.57615E-1 1.76963E-1 2.03319E-1 2.19771E-1 2.55771E-1 3.01032E-1 2.35325E-1 4.48876E-1 4.39934E-1 3.93741E-1 3.14049E-1 2.93174E-1 2.1261E-1 1.67727E-1 1.31535E-1 2.33744E-1 3.32953E-1 3.65018E-1 2.72134E-1 3.25788E-1 3.61788E-1 4.01847E-1 4.89305E-1 4.29357E-1 3.93673E-1 3.83614E-1 4.14994E-1
3.28332E-1 3.73915E-1 4.97082E-1 4.83825E-1 5.07933E-1 4.43433E-1 3.01642E-1 2.32087E-1 2.06104E-1 2.16079E-1 2.52395E-1 3.93444E-1 3.72755E-1 3.50374E-1 3.39752E-1 4.04481E-1 4.45169E-1 3.78109E-1 4.44016E-1 4.45525E-1 6.16341E-1 5.95519E-1 6.02853E-1 4.02461E-1 4.67668E-1 3.18359E-1 2.57919E-1 2.07875E-1 1.58142E-1 1.30697E-1 1.91144E-1 1.64378E-1 1.27276E-1 1.01677E-1 1.22961E-1 1.60248E-1 1.97966E-1 2.48493E-1 3.04057E-1 3.61858E-1 1.9892E-1 4.56569E-1 4.47082E-1 4.21778E-1 3.69599E-1 2.87668E-1 2.14518E-1 1.61124E-1 2.28466E-1 4.95306E-1 3.54469E-1 2.23957E-1 2.14877E-1 2.38736E-1 2.9864E-1 3.61026E-1 3.8186E-1 3.70329E-1 3.52383E-1 3.70437E-1
4.38307E-1 5.1135E-1 5.93251E-1 3.16909E-1 6.21924E-1 4.25847E-1 3.14498E-1 2.43099E-1 1.92512E-1 2.11321E-1 3.02668E-1 4.14661E-1 4.84364E-1 4.58679E-1 4.28682E-1 4.51806E-1 5.71612E-1 4.95637E-1 3.25661E-1 5.92836E-1 6.41552E-1 5.93231E-1 5.26341E-1 4.73308E-1 4.17838E-1 3.12414E-1 2.66939E-1 2.06293E-1 1.60139E-1 2.36506E-1 1.79241E-1 1.56631E-1 9.7927E-2 8.96174E-2 1.23734E-1 1.67107E-1 2.03668E-1 2.85397E-1 3.28089E-1 3.69212E-1 4.41884E-1 4.94796E-1 4.95273E-1 4.80232E-1 4.81442E-1 3.69069E-1 4.24596E-1 2.87183E-1 1.88829E-1 3.36499E-1 2.49708E-1 2.39107E-1 2.72785E-1 2.73102E-1 3.02433E-1 3.17611E-1 3.37539E-1 3.68302E-1 3.76101E-1 2.17243E-1
4.40077E-1 4.49429E-1 2.95474E-1 4.44949E-1 3.843E-1 3.94905E-1 3.32621E-1 2.55765E-1 1.99455E-1 2.02975E-1 2.52552E-1 4.0489E-1 4.84028E-1 5.36409E-1 4.84374E-1 2.81246E-1 4.72026E-1 6.459E-1 5.91431E-1 5.971E-1 5.91392E-1 5.13019E-1 3.88081E-1 4.87612E-1 4.14786E-1 2.93522E-1 2.46299E-1 2.03292E-1 1.9974E-1 2.36205E-1 1.8068E-1 1.58347E-1 1.26976E-1 1.21634E-1 1.56224E-1 1.80023E-1 2.45065E-1 2.8931E-1 3.05097E-1 3.32699E-1 3.94237E-1 4.60275E-1 4.99977E-1 4.5288E-1 4.15232E-1 4.47007E-1 5.69044E-1 5.28255E-1 1.44979E-1 2.60491E-1 1.54068E-1 1.60232E-1 2.0508E-1 2.62455E-1 3.45281E-1 3.72354E-1 3.89408E-1 4.21527E-1 4.23272E-1 4.52612E-1
3.67611E-1 4.35867E-1 3.63308E-1 2.61482E-1 2.59537E-1 2.65363E-1 2.75123E-1 1.19486E-1 1.99734E-1 2.63034E-1 2.45513E-1 4.2303E-1 4.99301E-1 5.60058E-1 4.84551E-1 5.27879E-1 5.72637E-1 6.23985E-1 6.16994E-1 5.81737E-1 5.85748E-1 5.11431E-1 2.62535E-1 4.76259E-1 3.85889E-1 2.84055E-1 2.49209E-1 2.12182E-1 2.69852E-1 2.32858E-1 1.77401E-1 1.55193E-1 1.15458E-1 1.36723E-1 1.74642E-1 2.35645E-1 2.5923E-1 2.75773E-1 2.96776E-1 2.64167E-1 3.82465E-1 4.2974E-1 4.87952E-1 4.6378E-1 3.5102E-1 2.84761E-1 5.16753E-1 5.65805E-1 3.59996E-1 2.66823E-1 1.57987E-1 1.72642E-1 2.38404E-1 2.95874E-1 3.72353E-1 4.08973E-1 4.15892E-1 4.53916E-1 4.65265E-1 4.2501E-1
2.56528E-1 3.72299E-1 3.34707E-1 2.46456E-1 2.39288E-1 2.47994E-1 2.43517E-1 1.29489E-1 1.69495E-1 1.91923E-1 3.00649E-1 4.1973E-1 4.84458E-1 5.29959E-1 4.13241E-1 4.71556E-1 5.17651E-1 5.87321E-1 5.99185E-1 6.18869E-1 6.24926E-1 5.45519E-1 2.98654E-1 4.63625E-1 3.9863E-1 3.38067E-1 3.0443E-1 2.65623E-1 2.74813E-1 2.2219E-1 1.75251E-1 1.40751E-1 1.53179E-1 2.14167E-1 2.62136E-1 3.12273E-1 2.93363E-1 2.9652E-1 3.27194E-1 3.57051E-1 3.86105E-1 4.17713E-1 4.78475E-1 4.44869E-1 3.79764E-1 3.22412E-1 4.56901E-1 6.24083E-1 5.78297E-1 4.48642E-1 2.63949E-1 2.3285E-1 3.05687E-1 3.32952E-1 4.16568E-1 4.40263E-1 4.45864E-1 2.72209E-1 4.82168E-1 4.57039E-1
2.11944E-1 2.8076E-1 2.4141E-1 2.20931E-1 2.14067E-1 2.50502E-1 2.13316E-1 1.76819E-1 1.58717E-1 1.67889E-1 2.51856E-1 4.00861E-1 4.55517E-1 4.94091E-1 3.37098E-1 3.5109E-1 3.92371E-1 4.13925E-1 6.23409E-1 6.3227E-1 5.31901E-1 3.56271E-1 5.91044E-1 4.95502E-1 5.42145E-1 4.88088E-1 3.7064E-1 2.70837E-1 2.83844E-1 2.12732E-1 1.93471E-1 1.81699E-1 1.65689E-1 2.77283E-1 2.92346E-1 2.96802E-1 2.88E-1 3.16446E-1 2.77541E-1 3.6266E-1 4.24182E-1 4.15808E-1 4.29124E-1 4.04278E-1 4.01926E-1 4.90561E-1 5.9577E-1 5.4993E-1 6.23238E-1 5.26545E-1 4.31471E-1 4.20674E-1 4.92512E-1 4.6304E-1 4.41999E-1 4.59605E-1 4.88664E-1 5.16492E-1 4.80196E-1 4.18423E-1
2.02732E-1 2.66441E-1 1.52199E-1 1.65478E-1 1.82397E-1 2.19005E-1 1.82486E-1 1.55768E-1 1.42206E-1 1.58767E-1 1.87999E-1 3.72591E-1 4.19579E-1 3.80678E-1 2.73139E-1 3.17536E-1 3.59259E-1 4.14524E-1 4.86919E-1 5.22195E-1 6.17031E-1 6.0008E-1 6.01689E-1 5.90918E-1 5.52703E-1 2.94391E-1 3.35841E-1 2.66667E-1 2.8085E-1 2.19638E-1 2.08614E-1 1.93908E-1 2.31374E-1 2.74986E-1 2.54017E-1 2.79983E-1 3.13901E-1 1.36441E-1 3.7741E-1 3.90985E-1 4.82858E-1 4.35324E-1 4.24394E-1 4.01918E-1 5.86968E-1 7.29523E-1 7.62136E-1 3.48273E-1 5.42886E-1 3.64877E-1 2.6063E-1 2.55641E-1 3.02602E-1 3.34549E-1 4.35893E-1 4.76449E-1 4.9802E-1 5.09218E-1 4.55334E-1 3.88772E-1
2.09488E-1 1.89847E-1 1.86753E-1 1.89308E-1 1.84554E-1 1.78809E-1 1.48262E-1 1.30369E-1 1.24316E-1 1.50522E-1 2.10806E-1 3.04061E-1 3.417E-1 2.50653E-1 2.67227E-1 3.11264E-1 3.28675E-1 4.07385E-1 4.16285E-1 5.25622E-1 4.99793E-1 4.82002E-1 4.8636E-1 4.67914E-1 3.08697E-1 2.09408E-1 1.87611E-1 2.95736E-1 2.25884E-1 1.92199E-1 2.09784E-1 1.98945E-1 1.85866E-1 1.84929E-1 2.3897E-1 3.30453E-1 3.89892E-1 3.9679E-1 4.43447E-1 4.59667E-1 3.90701E-1 1.95115E-1 3.90978E-1 4.32228E-1 6.27168E-1 6.13995E-1 5.79267E-1 2.41461E-1 4.89314E-1 2.74664E-1 1.13162E-1 1.43382E-1 1.77324E-1 2.63003E-1 3.52889E-1 3.79054E-1 5.51819E-1 5.37796E-1 4.88693E-1 4.12858E-1
1.72912E-1 1.62109E-1 1.68583E-1 1.64209E-1 1.4912E-1 1.62326E-1 1.51445E-1 1.44304E-1 1.41431E-1 1.52832E-1 2.38072E-1 2.89689E-1 3.52082E-1 2.44833E-1 2.78415E-1 3.28993E-1 3.39775E-1 3.66048E-1 4.63529E-1 4.81756E-1 4.28538E-1 4.14874E-1 2.89379E-1 2.52704E-1 2.39743E-1 2.11403E-1 3.33739E-1 2.7261E-1 2.23634E-1 2.01887E-1 2.06618E-1 1.69203E-1 1.60948E-1 1.96525E-1 2.51239E-1 3.45501E-1 4.11651E-1 5.55315E-1 5.0132E-1 4.26163E-1 3.84878E-1 3.76837E-1 3.6655E-1 5.97606E-1 5.57328E-1 6.41225E-1 5.84442E-1 5.49365E-1 4.55545E-1 2.63861E-1 1.11136E-1 1.42998E-1 1.98559E-1 2.98555E-1 1.78541E-1 5.69242E-1 5.40291E-1 5.11344E-1 4.58537E-1 3.96954E-1
2.63725E-1 2.33162E-1 1.99139E-1 1.59767E-1 1.48952E-1 1.55948E-1 1.24025E-1 1.5122E-1 1.65717E-1 2.58967E-1 2.46217E-1 2.94452E-1 3.15979E-1 2.45314E-1 2.70825E-1 3.18477E-1 3.34171E-1 3.21854E-1 3.33392E-1 4.26604E-1 3.96136E-1 2.20775E-1 2.09496E-1 2.18132E-1 2.43315E-1 3.56637E-1 3.08629E-1 2.52365E-1 2.14043E-1 1.67461E-1 1.99962E-1 1.52868E-1 1.48379E-1 2.04471E-1 2.71634E-1 3.71475E-1 4.46137E-1 6.44214E-1 4.47729E-1 3.32932E-1 3.23304E-1 3.22738E-1 4.22339E-1 6.87432E-1 7.59829E-1 6.91881E-1 7.41692E-1 6.48261E-1 4.83117E-1 2.69743E-1 1.29183E-1 1.64673E-1 2.12456E-1 2.811E-1 5.38512E-1 5.91874E-1 5.48836E-1 4.91409E-1 4.13175E-1 3.80375E-1
2.83088E-1 2.53466E-1 2.2488E-1 2.00476E-1 1.9323E-1 2.08238E-1 1.85701E-1 1.66721E-1 1.70855E-1 2.73036E-1 2.82486E-1 2.95354E-1 2.96483E-1 2.47665E-1 2.63977E-1 3.0446E-1 3.12275E-1 2.9589E-1 2.8542E-1 2.94677E-1 3.73659E-1 3.50806E-1 3.38495E-1 3.37601E-1 3.44582E-1 3.18793E-1 2.75521E-1 2.39564E-1 2.32186E-1 2.24444E-1 2.23928E-1 1.47189E-1 1.63272E-1 2.4366E-1 3.17021E-1 4.51998E-1 6.31086E-1 6.56257E-1 4.25831E-1 3.44637E-1 3.26438E-1 3.48978E-1 2.9254E-1 7.23305E-1 3.35148E-1 5.93007E-1 4.71747E-1 4.74586E-1 4.48461E-1 3.38085E-1 1.89654E-1 2.0281E-1 2.15675E-1 2.68093E-1 3.49092E-1 6.39053E-1 5.83203E-1 5.08646E-1 4.36554E-1 3.84594E-1
2.31369E-1 2.81782E-1 2.72628E-1 2.44517E-1 2.38094E-1 2.57576E-1 2.28457E-1 1.99732E-1 1.85865E-1 2.40986E-1 3.21064E-1 3.33353E-1 2.05665E-1 2.2396E-1 2.34163E-1 2.69359E-1 2.55092E-1 2.45557E-1 2.37984E-1 1.05104E-1 3.49533E-1 3.26939E-1 3.23331E-1 3.17238E-1 3.11977E-1 2.90028E-1 2.85926E-1 2.78191E-1 2.621E-1 1.86232E-1 1.42079E-1 1.27385E-1 1.53365E-1 2.24092E-1 3.03243E-1 5.31535E-1 6.00957E-1 3.01833E-1 4.39329E-1 3.7398E-1 3.7205E-1 3.83045E-1 3.67332E-1 6.85692E-1 4.71542E-1 5.64242E-1 5.28893E-1 4.35903E-1 3.44403E-1 2.48474E-1 1.74594E-1 1.57001E-1 2.1559E-1 2.87598E-1 3.99152E-1 6.29386E-1 5.91685E-1 4.88636E-1 4.15197E-1 3.56858E-1
2.82696E-1 3.48081E-1 3.62964E-1 3.16041E-1 3.17071E-1 2.87001E-1 2.64728E-1 2.37596E-1 2.07519E-1 2.74637E-1 3.94226E-1 4.02669E-1 2.87823E-1 2.31168E-1 2.23195E-1 2.17667E-1 2.10884E-1 2.05131E-1 2.12655E-1 2.62181E-1 3.69228E-1 3.53687E-1 3.56055E-1 3.49349E-1 3.41024E-1 3.10242E-1 3.19132E-1 3.13752E-1 2.96809E-1 1.77702E-1 1.79139E-1 1.86939E-1 1.69092E-1 2.66503E-1 3.62001E-1 5.27626E-1 5.64208E-1 4.67706E-1 4.66537E-1 4.808E-1 4.20038E-1 5.47431E-1 5.77972E-1 6.53268E-1 3.37926E-1 3.123E-1 3.51489E-1 2.86563E-1 1.97563E-1 1.73824E-1 2.39212E-1 2.65505E-1 3.10889E-1 3.88257E-1 4.25832E-1 6.68532E-1 6.44737E-1 5.41063E-1 4.5631E-1 3.95325E-1
3.15978E-1 3.68123E-1 4.08997E-1 3.71811E-1 3.7931E-1 3.36464E-1 3.1942E-1 3.09413E-1 2.73051E-1 3.36898E-1 4.43419E-1 4.52139E-1 3.39924E-1 2.62625E-1 2.0917E-1 1.90302E-1 1.79074E-1 1.83968E-1 1.7899E-1 1.70505E-1 3.4346E-1 3.36103E-1 3.38312E-1 2.44862E-1 3.11369E-1 3.5744E-1 3.60617E-1 3.58973E-1 3.49777E-1 2.39532E-1 2.68332E-1 2.17969E-1 2.01988E-1 4.08096E-1 4.66809E-1 5.4353E-1 3.80952E-1 4.256E-1 1.8787E-1 3.43844E-1 5.58143E-1 5.97102E-1 6.11352E-1 6.5467E-1 6.84799E-1 5.54831E-1 3.89218E-1 3.28043E-1 2.11249E-1 2.2158E-1 3.35787E-1 4.51069E-1 4.30375E-1 4.33594E-1 3.75147E-1 7.29664E-1 6.64581E-1 5.70573E-1 4.96947E-1 4.25379E-1
3.57069E-1 4.12549E-1 4.27445E-1 2.10352E-1 1.73423E-1 2.03252E-1 3.51903E-1 3.36943E-1 3.47842E-1 4.3715E-1 4.89869E-1 5.01222E-1 3.65715E-1 3.04499E-1 2.49507E-1 2.0785E-1 1.69766E-1 1.71792E-1 1.9566E-1 1.53971E-1 3.07465E-1 3.00069E-1 2.19575E-1 2.54949E-1 4.08668E-1 3.99995E-1 4.1458E-1 4.30561E-1 4.10765E-1 2.97325E-1 2.93391E-1 2.49045E-1 3.1635E-1 4.7657E-1 5.33587E-1 5.38094E-1 3.97967E-1 4.52859E-1 4.93435E-1 5.92906E-1 6.26651E-1 6.73482E-1 6.61991E-1 6.5964E-1 6.52868E-1 3.68457E-1 3.86569E-1 3.22001E-1 2.55071E-1 3.28714E-1 4.90448E-1 6.3915E-1 6.91696E-1 6.08627E-1 6.91246E-1 7.82151E-1 7.13995E-1 6.33854E-1 5.58238E-1 4.55269E-1
5.66391E-1 5.37165E-1 4.34317E-1 3.85269E-1 3.7694E-1 3.28944E-1 3.44678E-1 2.80248E-1 3.17584E-1 5.23451E-1 5.27463E-1 5.45118E-1 4.01974E-1 3.41563E-1 2.99566E-1 2.51934E-1 2.12864E-1 1.88961E-1 1.98131E-1 2.13899E-1 2.83239E-1 2.22503E-1 2.129E-1 2.68017E-1 4.39201E-1 4.31348E-1 4.8118E-1 4.99056E-1 5.02787E-1 3.53896E-1 3.30956E-1 3.14343E-1 4.98112E-1 5.39863E-1 5.77076E-1 3.36777E-1 4.38806E-1 2.96731E-1 4.91762E-1 6.40443E-1 6.88403E-1 6.82414E-1 6.6378E-1 6.17465E-1 2.67226E-1 3.44232E-1 3.41785E-1 3.44319E-1 3.50516E-1 4.48161E-1 7.10845E-1 8.44228E-1 6.83149E-1 6.83015E-1 6.61728E-1 7.62397E-1 7.23919E-1 6.49208E-1 5.71639E-1 4.51605E-1
4.70909E-1 3.27603E-1 2.87538E-1 3.09644E-1 3.14356E-1 3.16408E-1 3.53453E-1 3.97812E-1 3.55583E-1 5.16161E-1 4.04503E-1 5.19306E-1 3.95464E-1 3.72218E-1 3.35854E-1 2.86839E-1 2.49998E-1 2.19072E-1 2.19546E-1 2.26626E-1 2.68572E-1 2.1289E-1 2.59834E-1 2.92439E-1 4.4497E-1 4.52141E-1 5.20555E-1 5.56221E-1 4.44533E-1 3.60997E-1 3.63704E-1 4.13998E-1 2.65687E-1 5.56454E-1 4.02913E-1 4.31999E-1 4.43998E-1 4.82259E-1 5.17056E-1 6.43108E-1 6.76948E-1 6.62525E-1 6.33152E-1 4.25874E-1 3.91231E-1 3.89866E-1 4.12428E-1 4.93186E-1 5.34832E-1 5.80089E-1 7.45168E-1 8.18026E-1 5.24107E-1 7.5189E-1 3.07034E-1 7.56368E-1 7.13683E-1 6.48333E-1 5.85085E-1 4.84736E-1
4.10019E-1 3.6071E-1 3.55818E-1 4.03833E-1 4.2529E-1 3.97257E-1 3.66414E-1 4.61019E-1 5.41637E-1 5.53121E-1 6.21268E-1 5.77738E-1 5.13195E-1 4.75136E-1 4.11621E-1 3.22002E-1 2.79729E-1 2.46679E-1 3.00133E-1 2.93439E-1 2.27098E-1 2.07876E-1 2.59785E-1 3.44995E-1 3.95765E-1 4.79638E-1 5.52419E-1 5.27927E-1 4.48885E-1 3.02443E-1 2.94241E-1 5.56635E-1 5.32454E-1 3.83721E-1 3.50724E-1 4.15058E-1 4.58741E-1 4.37216E-1 5.42723E-1 6.5085E-1 7.22746E-1 7.05711E-1 7.06704E-1 2.78893E-1 4.98608E-1 5.3484E-1 5.6641E-1 6.39321E-1 6.84543E-1 6.77685E-1 5.97474E-1 5.80946E-1 2.51518E-1 3.78712E-1 3.89816E-1 6.64034E-1 7.02362E-1 6.58411E-1 6.10686E-1 5.92465E-1
3.62325E-1 3.81085E-1 4.09744E-1 4.29204E-1 4.56501E-1 3.73275E-1 4.23976E-1 4.21654E-1 5.52812E-1 5.45075E-1 6.05667E-1 5.11117E-1 4.66101E-1 4.39232E-1 4.07142E-1 3.06073E-1 2.63814E-1 2.39933E-1 2.5696E-1 3.15855E-1 1.47679E-1 2.32418E-1 2.99771E-1 3.38453E-1 3.81038E-1 4.75642E-1 4.90925E-1 3.91627E-1 4.31761E-1 4.42794E-1 4.15526E-1 5.30001E-1 5.54805E-1 5.08156E-1 3.8577E-1 4.03474E-1 4.49793E-1 4.98656E-1 5.59059E-1 6.65346E-1 6.40994E-1 6.55853E-1 4.46438E-1 1.96333E-1 4.43733E-1 3.56596E-1 5.58286E-1 6.67195E-1 6.45405E-1 6.56826E-1 6.13011E-1 3.09816E-1 5.22726E-1 4.48192E-1 4.05519E-1 6.77626E-1 6.47169E-1 6.58354E-1 6.27254E-1 6.32551E-1
