Phytophthora/models/20240430_1251_44/Phytophthora_PA3_RUN8_MAXENT_outputs/Phytophthora_PA3_RUN8.asc
ncols         225
nrows         269
xllcorner     473000.0
yllcorner     4429100.0
cellsize      50.0
NODATA_value  -9999
[rows 54 to 80 of 269, columns 0 to 59 of 225]
-9999 -9999 -9999 -9999 -9999 -9999 -9999 -9999 -9999 -9999 -9999 -9999 -9999 -9999 -9999 -9999 -9999 -9999 -9999 -9999 -9999 -9999 2.43979E-3 2.07109E-3 4.87773E-3 4.75252E-3 3.79642E-3 3.79014E-3 6.87769E-3 6.67162E-3 6.72163E-3 6.7951E-3 9.30342E-3 9.17396E-3 1.11088E-2 1.30819E-2 6.66154E-3 1.45234E-2 5.53481E-3 9.78807E-3 1.42166E-2 9.93557E-3 7.58948E-3 1.02474E-2 1.65965E-2 1.08406E-2 9.85861E-3 6.99718E-3 8.78076E-3 1.56049E-2 1.79753E-2 1.38433E-2 1.24173E-2 1.00945E-2 8.80057E-3 4.7267E-3 3.02599E-3 1.81097E-3 1.47021E-3 1.21429E-3
-9999 -9999 -9999 -9999 -9999 -9999 -9999 -9999 -9999 -9999 -9999 -9999 -9999 -9999 -9999 -9999 -9999 -9999 -9999 -9999 -9999 -9999 4.69354E-3 4.5067E-3 3.47312E-3 3.55833E-3 5.79669E-3 5.00748E-3 7.72639E-3 5.35249E-3 5.89112E-3 6.30631E-3 1.02094E-2 1.11442E-2 2.50974E-3 1.46126E-2 1.46336E-2 1.18608E-2 9.40152E-3 3.99979E-3 1.23268E-2 5.29659E-3 6.9644E-3 9.51075E-3 2.8223E-2 2.04334E-2 1.9673E-2 2.14274E-2 8.52552E-3 1.81313E-2 1.56613E-2 1.18412E-2 1.15493E-2 5.27254E-3 4.57358E-3 3.46218E-3 2.06531E-3 1.32051E-3 9.90281E-4 8.43089E-4
-9999 -9999 -9999 -9999 -9999 -9999 -9999 -9999 -9999 -9999 -9999 -9999 -9999 -9999 -9999 -9999 -9999 -9999 -9999 -9999 -9999 -9999 2.14779E-3 2.52184E-3 2.9498E-3 3.97252E-3 1.26294E-3 5.20924E-3 6.05867E-3 6.22346E-3 6.23521E-3 6.05262E-3 7.4633E-3 6.02513E-3 1.69242E-2 1.73609E-2 1.9372E-2 2.28147E-2 1.14565E-2 2.01118E-2 1.79169E-2 1.57167E-2 9.32174E-3 1.09376E-2 1.92379E-2 1.45254E-2 1.80875E-2 1.74013E-2 1.69514E-2 1.34974E-2 1.2861E-2 1.26429E-2 3.98391E-3 6.96814E-3 4.27517E-3 3.24088E-3 2.40716E-3 1.61251E-3 1.24871E-3 8.83973E-4
-9999 -9999 -9999 -9999 -9999 -9999 -9999 -9999 -9999 -9999 -9999 -9999 -9999 -9999 -9999 -9999 -9999 -9999 -9999 -9999 -9999 4.8182E-3 2.05742E-3 1.7156E-3 1.43441E-3 2.26479E-3 2.99331E-3 4.27454E-3 5.23498E-3 1.44249E-3 1.69888E-3 3.11662E-3 1.53724E-2 1.51089E-2 1.80004E-2 1.87324E-2 1.70261E-2 1.84307E-2 7.34818E-3 2.05572E-2 5.4939E-3 1.95428E-2 7.93807E-3 1.08194E-2 1.00514E-2 1.06957E-2 1.37035E-2 1.42287E-2 1.11029E-2 1.06025E-2 9.52353E-3 5.36231E-3 5.72649E-3 3.64688E-3 2.6405E-3 2.58463E-3 2.00638E-3 1.72734E-3 1.32526E-3 6.24431E-4
-9999 -9999 -9999 -9999 -9999 -9999 -9999 -9999 -9999 -9999 -9999 -9999 -9999 -9999 -9999 -9999 -9999 -9999 3.78832E-4 3.04148E-4 2.0528E-3 3.47264E-3 3.76287E-3 1.92075E-3 1.45E-3 2.32685E-3 6.639E-3 4.95842E-3 5.87569E-3 7.44293E-3 8.35264E-3 5.94591E-3 1.13621E-2 1.1509E-2 1.9175E-2 2.05265E-2 2.17707E-2 1.82399E-2 8.26871E-3 2.1006E-2 7.21446E-3 1.78958E-2 4.9906E-3 1.8606E-2 1.38001E-2 8.42794E-3 9.43966E-3 5.87186E-3 8.58207E-3 9.44637E-3 1.0932E-2 5.54025E-3 3.90154E-3 2.95474E-3 2.62447E-3 2.70334E-3 1.97797E-3 1.48409E-3 8.63332E-4 5.95835E-4
-9999 -9999 -9999 -9999 -9999 -9999 -9999 -9999 -9999 -9999 -9999 -9999 -9999 -9999 -9999 -9999 9.31812E-5 1.45957E-4 2.84439E-4 3.38555E-4 1.59114E-3 2.01088E-3 4.27621E-3 4.80843E-3 2.62293E-3 2.90883E-3 8.39706E-3 5.73941E-3 6.83358E-3 8.48468E-3 1.0234E-2 8.5888E-3 9.32557E-3 9.79513E-3 1.41172E-2 1.92827E-2 1.81611E-2 2.07525E-2 1.50784E-2 1.33023E-2 1.33008E-2 1.5081E-2 1.76253E-2 2.18659E-2 3.54665E-3 9.49755E-3 7.54844E-3 8.01175E-3 6.1141E-3 7.46899E-3 8.1643E-3 5.13014E-3 3.26602E-3 2.45115E-3 2.14407E-3 2.19419E-3 1.78389E-3 1.12027E-3 7.29999E-4 6.78407E-4
-9999 -9999 -9999 -9999 -9999 -9999 -9999 -9999 -9999 -9999 -9999 -9999 -9999 -9999 -9999 1.837E-4 1.48442E-4 1.17089E-4 1.19031E-4 1.94223E-4 2.76214E-3 3.10774E-3 4.30832E-3 5.63577E-3 6.37467E-3 4.08216E-3 3.49675E-3 7.09734E-3 8.37935E-3 9.15005E-3 1.25456E-2 1.35011E-2 1.43529E-2 1.29883E-2 1.54649E-2 1.7919E-2 1.8605E-2 1.90341E-2 1.53458E-2 1.33912E-2 1.26063E-2 1.52324E-2 1.27249E-2 1.84089E-2 1.8784E-2 1.0475E-2 6.24301E-3 4.93886E-3 5.46841E-3 5.55927E-3 5.32985E-3 5.74433E-3 4.28046E-3 2.83425E-3 1.51192E-3 1.39858E-3 1.82085E-3 1.35372E-3 1.76429E-4 6.49713E-4
-9999 -9999 -9999 -9999 -9999 -9999 -9999 -9999 -9999 -9999 -9999 -9999 -9999 -9999 1.65208E-3 1.08742E-3 1.03227E-3 8.97658E-4 8.36861E-4 9.16187E-4 1.62267E-3 2.82473E-3 3.05547E-3 4.74895E-3 8.86921E-3 7.60006E-3 1.35604E-2 1.07091E-2 1.09974E-2 1.06157E-2 1.18138E-2 1.81801E-2 1.7948E-2 1.53635E-2 1.931E-2 1.80537E-2 1.62866E-2 1.21746E-2 1.09559E-2 1.15154E-2 8.66056E-3 1.11771E-2 8.7167E-3 7.94244E-3 9.38702E-3 8.1125E-3 7.31433E-3 6.41441E-3 6.38074E-3 7.03459E-3 4.29393E-3 3.83905E-3 2.67125E-3 2.69777E-3 2.47209E-3 1.97133E-3 1.60602E-3 7.3267E-4 5.03333E-4 5.16289E-4
-9999 -9999 -9999 -9999 -9999 -9999 -9999 -9999 -9999 -9999 -9999 -9999 -9999 4.04643E-4 1.55082E-3 1.1392E-3 1.07009E-3 1.15503E-3 1.06029E-3 1.12859E-3 1.49196E-3 1.9257E-3 3.22466E-3 3.13612E-3 3.63787E-3 6.88914E-3 8.92969E-3 1.37882E-2 1.54779E-2 1.6978E-2 1.9534E-2 1.72888E-2 2.75366E-2 2.80203E-2 2.08952E-2 1.34421E-2 1.37139E-2 1.01406E-2 7.32008E-3 9.43574E-3 7.21993E-3 7.29186E-3 7.2756E-3 6.66721E-3 7.22285E-3 5.75418E-3 5.22574E-3 4.65204E-3 4.38693E-3 1.35388E-3 8.95027E-4 6.82042E-4 2.40814E-3 2.91567E-3 1.98828E-3 1.96095E-3 5.1833E-4 7.14864E-4 4.62476E-4 6.29853E-4
-9999 -9999 -9999 -9999 -9999 -9999 -9999 -9999 -9999 -9999 -9999 -9999 -9999 1.49554E-3 1.96453E-3 1.34994E-3 1.29299E-3 1.44122E-3 1.46257E-3 1.56702E-3 1.9185E-3 2.98769E-3 1.52815E-3 1.65156E-3 2.08118E-3 6.60942E-3 1.05885E-2 1.57895E-2 1.81232E-2 1.64662E-2 1.88384E-2 1.66194E-2 1.88022E-2 2.16116E-2 1.27051E-2 1.24928E-2 8.93601E-3 7.0659E-3 5.01425E-3 6.01149E-3 5.9735E-3 6.0758E-3 5.57969E-3 5.32722E-3 5.30608E-3 4.55559E-3 4.03541E-3 4.4316E-3 4.59946E-3 3.73835E-3 2.22076E-3 2.00258E-3 2.28796E-3 2.43857E-3 2.04824E-3 9.00519E-4 1.01488E-3 3.26817E-4 1.07985E-4 6.5067E-4
-9999 -9999 -9999 -9999 -9999 -9999 -9999 -9999 -9999 -9999 -9999 -9999 -9999 1.53656E-3 2.24473E-3 1.4841E-3 1.39569E-3 1.54463E-3 1.65899E-3 1.71497E-3 2.11469E-3 1.74607E-3 1.98067E-3 2.45646E-3 4.71846E-3 5.89069E-3 8.74999E-3 1.13981E-2 1.77383E-2 2.08789E-2 2.26661E-2 2.06802E-2 1.97201E-2 1.46785E-2 1.33764E-2 9.53029E-3 6.96252E-3 5.56863E-3 5.43928E-3 6.38257E-3 5.60032E-3 6.29823E-3 6.36343E-3 5.26008E-3 5.26419E-3 6.01747E-3 5.39347E-3 3.69492E-3 3.47797E-3 3.20943E-3 2.10944E-3 1.69106E-3 2.15964E-3 6.62282E-4 2.98562E-4 2.11947E-3 4.56262E-4 3.20722E-4 4.16626E-4 5.33971E-4
-9999 -9999 -9999 -9999 -9999 -9999 -9999 -9999 -9999 -9999 -9999 -9999 1.33951E-3 1.8383E-3 2.77738E-3 1.74643E-3 1.58567E-3 1.84032E-3 1.91499E-3 1.92931E-3 2.37071E-3 1.69461E-3 2.1029E-3 2.80682E-3 6.77361E-3 1.20651E-2 7.81922E-3 1.12884E-2 1.44703E-2 1.5573E-2 1.87349E-2 1.88168E-2 2.53823E-2 1.71759E-2 1.03324E-2 7.51074E-3 5.67336E-3 4.82663E-3 4.90065E-3 6.06116E-3 4.70001E-3 1.98443E-3 4.76108E-3 4.36387E-3 3.93953E-3 4.40681E-3 5.21276E-3 4.06818E-3 3.56247E-3 2.88574E-3 2.14112E-3 1.8419E-3 4.93538E-4 1.2158E-3 8.57368E-4 1.06159E-3 6.52767E-4 8.36954E-4 5.71535E-4 5.94536E-4
-9999 -9999 -9999 -9999 -9999 -9999 -9999 -9999 -9999 -9999 -9999 -9999 1.79806E-3 5.7551E-3 4.41929E-3 2.82407E-3 2.44849E-3 2.67277E-3 2.96817E-3 3.05841E-3 2.70707E-3 1.25231E-3 3.28572E-3 3.2064E-3 3.07428E-3 6.38436E-3 1.44913E-2 1.13229E-2 1.09403E-2 1.0675E-2 9.1794E-3 8.62878E-3 8.12223E-3 7.47279E-3 5.73889E-3 3.61724E-3 3.66422E-3 3.35156E-3 2.8994E-3 3.81692E-3 4.35922E-3 4.3537E-3 4.75177E-3 5.04278E-3 4.91756E-3 4.47473E-3 4.20216E-3 3.96149E-3 3.62296E-3 2.82921E-3 5.59195E-4 1.52402E-3 1.66314E-3 6.30242E-4 1.15314E-3 7.32912E-4 4.01719E-4 4.09486E-4 4.724E-4 8.57217E-4
-9999 -9999 -9999 -9999 -9999 -9999 -9999 -9999 -9999 -9999 3.06781E-4 1.48573E-3 1.18175E-3 5.3619E-3 4.14524E-3 3.08166E-3 3.15636E-3 3.31464E-3 3.80521E-3 4.13506E-3 3.02531E-3 1.51372E-3 3.87422E-3 3.77217E-3 2.89233E-3 3.19818E-3 1.33714E-2 1.28174E-2 1.26439E-2 1.11803E-2 9.35833E-3 8.29933E-3 6.89674E-3 5.11101E-3 3.96688E-3 3.18685E-3 3.51219E-3 3.44083E-3 3.11427E-3 3.1917E-3 3.88688E-3 3.73097E-3 4.60258E-3 4.59295E-3 4.11641E-3 3.74799E-3 3.69969E-3 3.83127E-3 3.68012E-3 1.47049E-3 2.06156E-3 1.63155E-3 1.25253E-3 1.20927E-3 1.0931E-3 4.99563E-4 3.36509E-4 3.37895E-4 4.59676E-4 9.55847E-4
-9999 -9999 -9999 -9999 -9999 -9999 -9999 -9999 -9999 9.24764E-5 6.22678E-4 6.97438E-4 2.57864E-3 2.2635E-3 2.31692E-3 2.01346E-3 2.40584E-3 3.14889E-3 3.95125E-3 4.14276E-3 3.20864E-3 1.84233E-3 2.92073E-3 2.45268E-3 1.79438E-3 2.37447E-3 1.39043E-2 7.24148E-3 1.07965E-2 1.01227E-2 7.47155E-3 6.38975E-3 5.23114E-3 3.89938E-3 2.95124E-3 2.75805E-3 3.09856E-3 1.99232E-3 3.47712E-3 3.40587E-3 3.79082E-3 3.58377E-3 3.59812E-3 3.54984E-3 3.40067E-3 2.9751E-3 2.87425E-3 2.60883E-3 2.93825E-3 2.42898E-3 1.55435E-3 1.34391E-3 1.08641E-3 5.52341E-4 6.68627E-4 4.50081E-4 3.52219E-4 2.84108E-4 3.41665E-4 6.51248E-4
-9999 -9999 -9999 -9999 -9999 -9999 -9999 -9999 -9999 -9999 1.45411E-3 9.71952E-4 1.31973E-3 1.63738E-3 2.30373E-3 2.09117E-3 2.46016E-3 3.53376E-3 4.03968E-3 4.39657E-3 3.63076E-3 3.92876E-3 4.10828E-3 4.03843E-3 1.81532E-3 2.69363E-3 5.61256E-3 5.16989E-3 5.68922E-3 6.53751E-3 5.76781E-3 5.66384E-3 4.74769E-3 3.73439E-3 2.73777E-3 2.64996E-3 2.98901E-3 3.56329E-3 1.13359E-3 4.70821E-3 5.26356E-3 4.09724E-3 3.54228E-3 2.96901E-3 2.9171E-3 2.56641E-3 2.63076E-3 2.65097E-3 2.75239E-3 4.71531E-4 1.48224E-3 1.2618E-3 9.99886E-4 8.11557E-4 6.01694E-4 1.98791E-4 3.8121E-4 3.15011E-4 3.00077E-4 5.29112E-4
-9999 -9999 -9999 -9999 -9999 -9999 -9999 -9999 -9999 -9999 -9999 -9999 -9999 -9999 3.12534E-3 2.75407E-3 3.38496E-3 4.56466E-3 4.39613E-3 4.11561E-3 3.65739E-3 4.13629E-3 4.35051E-3 4.45657E-3 4.55704E-3 4.30452E-3 4.65366E-3 5.57357E-3 5.94342E-3 5.56848E-3 5.36423E-3 5.93996E-3 4.93142E-3 3.94108E-3 2.83787E-3 2.41876E-3 2.52086E-3 2.54441E-3 5.34702E-3 4.29678E-3 3.31479E-3 3.66846E-3 3.60751E-3 2.89646E-3 2.93755E-3 2.67883E-3 2.89187E-3 2.11728E-3 2.61488E-3 1.77582E-3 1.06689E-3 9.84615E-4 3.59919E-4 3.95983E-4 3.01076E-4 3.43985E-4 3.24827E-4 2.55848E-4 3.09986E-4 5.39953E-4
-9999 -9999 -9999 -9999 -9999 -9999 -9999 -9999 -9999 -9999 -9999 -9999 -9999 -9999 -9999 -9999 -9999 -9999 -9999 4.26384E-3 3.62691E-3 4.8115E-3 4.87667E-3 4.92614E-3 5.0913E-3 5.33665E-3 4.75152E-3 5.8037E-3 6.86567E-3 6.47235E-3 6.11218E-3 4.1826E-3 5.10394E-3 3.92305E-3 2.68272E-3 1.77727E-3 1.66128E-3 1.601E-3 1.82488E-3 2.32397E-3 3.33996E-3 3.33681E-3 2.8583E-3 1.59922E-3 1.94796E-3 2.4487E-3 1.64338E-3 9.83181E-4 2.13273E-3 1.24293E-3 7.11651E-4 7.23296E-4 6.46167E-4 1.57815E-4 2.70784E-4 2.51966E-4 2.47377E-4 2.63958E-4 3.53619E-4 5.67979E-4
-9999 -9999 -9999 -9999 -9999 -9999 -9999 -9999 -9999 -9999 -9999 -9999 -9999 -9999 -9999 -9999 -9999 -9999 -9999 -9999 3.6547E-3 5.80777E-3 5.56455E-3 5.32971E-3 5.46817E-3 5.25361E-3 4.67415E-3 5.11131E-3 5.1192E-3 9.61421E-3 7.10065E-3 6.91349E-3 4.53314E-3 3.53467E-3 2.40373E-3 1.75161E-3 1.46273E-3 1.63976E-3 1.453E-3 1.61921E-3 2.23579E-3 2.00058E-3 2.33848E-3 2.17621E-3 2.24901E-3 2.0447E-3 2.15466E-3 1.90704E-3 1.253E-3 8.1867E-4 5.18816E-4 4.99474E-4 2.84003E-4 2.34001E-4 2.67489E-4 3.31778E-4 3.64961E-4 4.60208E-4 5.7365E-4 7.57788E-4
-9999 -9999 -9999 -9999 -9999 -9999 -9999 -9999 -9999 -9999 -9999 -9999 -9999 -9999 -9999 -9999 -9999 -9999 -9999 -9999 -9999 6.89689E-3 5.57203E-3 4.65867E-3 5.01102E-3 4.10882E-3 4.27628E-3 5.95162E-3 8.98277E-3 2.13656E-3 1.32365E-3 3.81738E-3 3.60246E-3 3.17762E-3 2.43761E-3 2.07449E-3 1.59633E-3 1.21291E-3 1.11428E-3 1.36679E-3 1.90951E-3 1.97658E-3 5.27312E-4 2.08508E-3 2.69866E-3 2.52102E-3 2.10273E-3 1.50222E-3 9.19399E-4 6.73959E-4 4.80374E-4 4.14833E-4 2.58229E-4 2.59504E-4 3.43406E-4 4.20538E-4 4.00561E-4 3.9157E-4 7.19414E-4 1.23622E-3
-9999 -9999 -9999 -9999 -9999 -9999 -9999 -9999 -9999 -9999 -9999 -9999 -9999 -9999 -9999 -9999 -9999 -9999 -9999 -9999 -9999 -9999 5.75023E-3 4.44824E-3 3.91686E-3 3.37103E-3 4.38823E-3 6.33866E-3 6.32623E-3 3.21149E-3 2.14044E-3 2.49687E-3 2.21492E-3 1.52189E-3 2.43657E-3 1.81021E-3 1.22846E-3 1.32966E-3 1.13628E-3 1.2547E-3 1.6611E-3 1.34553E-3 1.78062E-3 1.72004E-3 2.40852E-3 1.78026E-3 1.23879E-3 3.67461E-4 9.6815E-4 8.74027E-4 7.13366E-4 6.3774E-4 4.37166E-4 4.42674E-4 5.4635E-4 6.68303E-4 6.15604E-4 5.45982E-4 7.95591E-4 1.44829E-3
-9999 -9999 -9999 -9999 -9999 -9999 -9999 -9999 -9999 -9999 -9999 -9999 -9999 -9999 -9999 -9999 -9999 -9999 -9999 -9999 -9999 -9999 -9999 3.10325E-3 2.86268E-3 2.68836E-3 4.14955E-3 5.09783E-3 3.72414E-3 1.96095E-3 1.6995E-3 2.11608E-3 1.72437E-3 2.57872E-3 2.85694E-3 1.65378E-3 2.04301E-3 1.95087E-3 1.4709E-3 1.30865E-3 8.10877E-4 1.64715E-3 1.53258E-3 1.386E-3 1.48704E-3 9.0638E-4 8.32462E-4 1.09076E-3 1.19624E-3 9.80878E-4 8.7181E-4 3.70833E-4 1.08393E-4 5.86597E-4 7.08347E-4 8.22753E-4 7.56316E-4 7.88653E-4 9.42561E-4 1.83023E-3
-9999 -9999 -9999 -9999 -9999 -9999 -9999 -9999 -9999 -9999 -9999 -9999 -9999 -9999 -9999 -9999 -9999 -9999 -9999 -9999 -9999 -9999 -9999 -9999 -9999 2.13261E-3 3.16715E-3 3.97341E-3 3.65471E-3 2.40904E-3 1.33762E-3 1.70523E-3 1.8247E-3 3.01932E-3 2.3372E-3 2.67033E-3 2.33664E-3 2.34322E-3 1.72539E-3 1.18082E-3 1.70179E-3 1.67293E-3 1.43446E-3 1.16864E-3 1.13089E-3 1.02962E-3 1.11465E-3 1.27739E-3 2.05126E-3 2.27874E-3 1.85967E-3 8.92706E-4 9.85435E-4 9.91193E-4 1.27844E-3 1.92743E-3 2.04093E-3 2.72542E-3 2.7999E-3 7.12287E-4
-9999 -9999 -9999 -9999 -9999 -9999 -9999 -9999 -9999 -9999 -9999 -9999 -9999 -9999 -9999 -9999 -9999 -9999 -9999 -9999 -9999 -9999 -9999 -9999 -9999 -9999 -9999 2.89837E-3 2.8201E-3 3.21847E-3 1.75286E-3 1.18094E-3 2.06656E-3 1.50845E-3 1.64054E-3 2.12018E-3 2.09054E-3 1.5196E-3 1.03888E-3 1.0991E-3 1.75119E-3 6.43967E-4 2.03284E-3 1.85324E-3 1.83414E-3 1.72404E-3 1.77847E-3 2.01136E-3 2.40222E-3 2.62699E-3 1.80123E-3 1.12166E-3 9.86324E-4 1.37588E-3 1.3739E-3 1.73685E-3 2.40944E-3 4.09597E-3 3.08524E-3 1.67262E-3
-9999 -9999 -9999 -9999 -9999 -9999 -9999 -9999 -9999 -9999 -9999 -9999 -9999 -9999 -9999 -9999 -9999 -9999 -9999 -9999 -9999 -9999 -9999 -9999 -9999 -9999 -9999 -9999 -9999 2.88269E-3 1.1462E-3 1.05314E-3 4.50922E-4 6.77765E-4 7.66515E-4 1.09669E-3 1.5885E-3 2.04955E-3 1.37395E-3 2.1565E-3 9.56289E-4 1.94587E-3 2.56508E-3 2.06442E-3 2.30496E-3 5.21106E-4 2.4365E-3 2.16995E-3 3.02473E-3 3.09222E-3 1.43664E-3 1.65939E-3 1.89035E-3 1.9304E-3 1.82417E-3 2.36633E-3 2.87778E-3 3.10907E-3 2.70134E-3 1.96845E-3
-9999 -9999 -9999 -9999 -9999 -9999 -9999 -9999 -9999 -9999 -9999 -9999 -9999 -9999 -9999 -9999 -9999 -9999 -9999 -9999 -9999 -9999 -9999 -9999 -9999 -9999 -9999 -9999 -9999 -9999 -9999 1.62248E-4 1.31265E-4 1.62862E-4 4.68933E-4 9.49226E-4 1.47235E-3 1.97197E-3 1.47295E-3 1.77131E-3 2.70982E-3 2.35814E-3 3.05728E-3 2.99927E-3 2.83763E-3 2.66825E-3 2.68577E-3 2.8258E-3 4.02496E-3 5.52484E-3 2.97416E-3 3.15075E-3 2.77214E-3 2.74172E-3 2.83479E-3 3.3092E-3 3.11737E-3 2.92003E-3 2.65894E-3 2.44286E-3
-9999 -9999 -9999 -9999 -9999 -9999 -9999 -9999 -9999 -9999 -9999 -9999 -9999 -9999 -9999 -9999 -9999 -9999 -9999 -9999 -9999 -9999 -9999 -9999 -9999 -9999 -9999 -9999 -9999 -9999 -9999 1.13441E-4 1.13959E-4 1.31312E-4 4.1464E-4 5.95509E-4 1.00158E-3 1.84536E-3 2.76711E-3 2.66647E-3 2.095E-3 1.60602E-3 2.40516E-3 2.42887E-3 1.77758E-3 2.32065E-3 2.77656E-3 3.37895E-3 4.79332E-3 7.65314E-3 1.74034E-3 3.10072E-3 4.7957E-3 5.02343E-3 4.84831E-3 5.13421E-3 4.55137E-3 4.36671E-3 7.05449E-3 3.65408E-3
