Phytophthora/models/20240430_1251_44/Phytophthora_PA3_RUN8_MAXENT_outputs/Phytophthora_PA3_RUN8.asc
ncols         225
nrows         269
xllcorner     473000.0
yllcorner     4429100.0
cellsize      50.0
NODATA_value  -9999
[rows 108 to 134 of 269, columns 120 to 179 of 225]
3.10572E-1 3.15889E-1 2.97727E-1 2.80103E-1 -9999 -9999 -9999 -9999 -9999 -9999 -9999 -9999 -9999 -9999 -9999 -9999 -9999 -9999 -9999 -9999 -9999 -9999 -9999 -9999 -9999 -9999 -9999 -9999 -9999 -9999 -9999 -9999 -9999 -9999 -9999 4.89116E-1 2.69409E-1 5.10615E-1 5.67784E-1 5.04269E-1 3.92211E-1 3.69488E-1 3.38927E-1 4.33365E-1 3.11284E-1 2.74488E-1 1.96446E-1 3.28707E-1 4.2741E-1 4.86122E-1 5.45586E-1 5.47305E-1 5.19806E-1 3.77735E-1 3.26497E-1 2.85578E-1 2.43545E-1 1.87884E-1 1.69959E-1 1.66154E-1
3.52583E-1 1.40125E-1 3.22012E-1 3.01384E-1 2.66166E-1 -9999 -9999 -9999 -9999 -9999 -9999 -9999 -9999 -9999 -9999 -9999 -9999 -9999 -9999 -9999 -9999 -9999 -9999 -9999 -9999 -9999 -9999 -9999 -9999 -9999 -9999 -9999 1.97133E-1 2.74303E-1 5.19726E-1 5.22121E-1 5.34536E-1 4.20046E-1 4.88587E-1 4.86465E-1 4.57434E-1 4.24302E-1 2.8142E-1 3.81135E-1 3.42044E-1 1.22517E-1 1.9103E-1 1.95028E-1 3.72732E-1 4.25491E-1 4.88598E-1 5.12446E-1 4.11151E-1 3.17372E-1 3.26268E-1 2.55993E-1 2.04643E-1 1.48623E-1 1.45007E-1 1.37142E-1
1.777E-1 3.45588E-1 1.52054E-1 3.03904E-1 2.65721E-1 3.52174E-1 -9999 -9999 -9999 -9999 -9999 -9999 -9999 -9999 -9999 -9999 -9999 -9999 -9999 -9999 -9999 -9999 -9999 -9999 -9999 -9999 -9999 -9999 -9999 -9999 -9999 -9999 1.47735E-1 2.7609E-1 3.73994E-1 4.68861E-1 4.80744E-1 3.40573E-1 3.03622E-1 3.27592E-1 4.14739E-1 3.92157E-1 3.67147E-1 3.40557E-1 3.08334E-1 1.23344E-1 1.20538E-1 1.26036E-1 3.2673E-1 3.72628E-1 4.37622E-1 4.02929E-1 3.38928E-1 3.19137E-1 2.85E-1 2.16265E-1 1.61574E-1 1.24905E-1 1.17346E-1 1.16194E-1
3.37964E-1 3.19907E-1 3.24604E-1 3.23133E-1 2.80044E-1 2.92177E-1 4.3452E-1 -9999 -9999 -9999 -9999 -9999 -9999 -9999 -9999 -9999 -9999 -9999 -9999 -9999 -9999 -9999 -9999 -9999 -9999 -9999 -9999 -9999 -9999 -9999 -9999 -9999 2.571E-1 3.5615E-1 4.05809E-1 4.27078E-1 4.43146E-1 4.45491E-1 2.87997E-1 2.51479E-1 2.2201E-1 3.02824E-1 2.77031E-1 2.58505E-1 2.44445E-1 2.2177E-2 8.2246E-2 1.10853E-1 2.48523E-1 2.81309E-1 3.18093E-1 3.15731E-1 2.44036E-1 2.06229E-1 1.79928E-1 1.52182E-1 1.1549E-1 9.621E-2 8.6405E-2 8.1436E-2
2.54743E-1 2.58092E-1 3.44301E-1 3.189E-1 3.05205E-1 2.0336E-1 3.44404E-1 3.11987E-1 -9999 -9999 -9999 -9999 -9999 -9999 -9999 -9999 -9999 -9999 -9999 -9999 -9999 -9999 -9999 -9999 -9999 -9999 -9999 -9999 -9999 -9999 -9999 1.59186E-1 2.45977E-1 2.83815E-1 3.23671E-1 3.09711E-1 3.94745E-1 3.9941E-1 2.13171E-1 1.99915E-1 1.71108E-1 1.53121E-1 1.80556E-1 2.15939E-1 9.77782E-2 8.37493E-2 7.71088E-2 1.52887E-1 2.19314E-1 2.46049E-1 2.78134E-1 2.44747E-1 1.78738E-1 1.92307E-1 1.43055E-1 1.13184E-1 9.46916E-2 8.37207E-2 7.03848E-2 6.77563E-2
2.74933E-1 3.09408E-1 3.68976E-1 3.35024E-1 3.4668E-1 3.16917E-1 4.34409E-1 3.95807E-1 -9999 -9999 -9999 -9999 -9999 -9999 -9999 -9999 -9999 -9999 -9999 -9999 -9999 -9999 -9999 -9999 -9999 -9999 -9999 -9999 -9999 -9999 1.949E-1 1.74279E-1 2.03543E-1 2.37709E-1 2.8197E-1 2.55573E-1 3.64717E-1 3.66299E-1 1.82573E-1 1.70313E-1 1.46305E-1 1.3617E-1 1.20019E-1 1.8555E-1 4.69067E-2 9.89764E-2 8.32547E-2 1.59228E-1 1.97378E-1 2.197E-1 2.47924E-1 1.85788E-1 2.13258E-1 1.42969E-1 9.58442E-2 9.18559E-2 7.93458E-2 7.23198E-2 5.99901E-2 6.33862E-2
3.42487E-1 3.08586E-1 3.71613E-1 3.65217E-1 4.03724E-1 3.90255E-1 3.75881E-1 5.29091E-1 -9999 -9999 -9999 -9999 -9999 -9999 -9999 -9999 -9999 -9999 -9999 -9999 -9999 -9999 -9999 -9999 -9999 -9999 -9999 -9999 -9999 -9999 1.84603E-1 1.85541E-1 1.93983E-1 2.25409E-1 2.67356E-1 2.61161E-1 4.07708E-1 4.04958E-1 2.10249E-1 2.00658E-1 1.66029E-1 1.46859E-1 1.23487E-1 1.25079E-1 1.54336E-1 8.91139E-2 8.31095E-2 1.45019E-1 1.6711E-1 1.90059E-1 2.15105E-1 2.11288E-1 1.49196E-1 9.54383E-2 8.24046E-2 8.09833E-2 7.07973E-2 6.5514E-2 7.06027E-2 9.18708E-2
4.04009E-1 3.35332E-1 3.4906E-1 4.1002E-1 4.30226E-1 4.89001E-1 4.0246E-1 6.72792E-1 -9999 -9999 -9999 -9999 -9999 -9999 -9999 -9999 -9999 -9999 -9999 -9999 -9999 -9999 -9999 -9999 -9999 -9999 -9999 -9999 -9999 -9999 2.46067E-1 2.34088E-1 2.31708E-1 2.40432E-1 2.69387E-1 2.31339E-1 2.51098E-1 2.88534E-1 2.71766E-1 2.39115E-1 1.9909E-1 1.75904E-1 1.46799E-1 1.36863E-1 1.01938E-1 7.00642E-2 7.21026E-2 1.19428E-1 1.36129E-1 1.58638E-1 1.80349E-1 1.23563E-1 9.44764E-2 7.65378E-2 7.06499E-2 7.08692E-2 6.97613E-2 7.91848E-2 9.20388E-2 1.24154E-1
1.81732E-1 4.39559E-1 4.05775E-1 4.76162E-1 5.20443E-1 5.36743E-1 5.15915E-1 4.63377E-1 -9999 -9999 -9999 -9999 -9999 -9999 -9999 -9999 -9999 -9999 -9999 -9999 -9999 -9999 -9999 -9999 -9999 -9999 -9999 -9999 -9999 -9999 -9999 3.68371E-1 3.28154E-1 3.48581E-1 4.54753E-1 4.24934E-1 4.36968E-1 4.7925E-1 5.34227E-1 4.25243E-1 3.02842E-1 2.56776E-1 2.09341E-1 1.78676E-1 1.39385E-1 3.58352E-2 2.07146E-1 2.06764E-1 2.20848E-1 2.13985E-1 1.78782E-1 1.68011E-1 1.50804E-1 1.36919E-1 1.22391E-1 1.19811E-1 1.4424E-1 1.70456E-1 1.84598E-1 2.08003E-1
2.05876E-1 3.04585E-1 4.43215E-1 3.71319E-1 4.88248E-1 4.94576E-1 1.53749E-1 3.92624E-1 -9999 -9999 -9999 -9999 -9999 -9999 -9999 -9999 -9999 -9999 -9999 -9999 -9999 -9999 -9999 -9999 -9999 -9999 -9999 -9999 -9999 -9999 -9999 -9999 3.37747E-1 3.57261E-1 4.50924E-1 2.99144E-1 5.06585E-1 5.4621E-1 6.27478E-1 6.48811E-1 4.07297E-1 3.13297E-1 2.35549E-1 1.96938E-1 1.63809E-1 2.00478E-1 2.25229E-1 2.32466E-1 2.11982E-1 1.64008E-1 1.57395E-1 1.49318E-1 1.32879E-1 1.39973E-1 1.55548E-1 1.68803E-1 2.04451E-1 2.36051E-1 2.36831E-1 2.66342E-1
4.23032E-1 2.13136E-1 2.11884E-1 6.89033E-1 5.51938E-1 4.41394E-1 3.79581E-1 3.17693E-1 -9999 -9999 -9999 -9999 -9999 -9999 -9999 -9999 -9999 -9999 -9999 -9999 -9999 -9999 -9999 -9999 -9999 -9999 -9999 -9999 -9999 -9999 -9999 -9999 3.48656E-1 3.66299E-1 4.17718E-1 4.49169E-1 5.57199E-1 2.51121E-1 5.80821E-1 6.27648E-1 5.7173E-1 4.85986E-1 3.06402E-1 2.58398E-1 2.83129E-1 2.54679E-1 2.46148E-1 2.62627E-1 1.56671E-1 1.70184E-1 1.78292E-1 1.5651E-1 1.41393E-1 1.55861E-1 2.40683E-1 2.35964E-1 2.67763E-1 2.80839E-1 2.88598E-1 3.46085E-1
4.40451E-1 5.19892E-1 5.45867E-1 5.49727E-1 6.00003E-1 2.08528E-1 3.86848E-1 -9999 -9999 -9999 -9999 -9999 -9999 -9999 -9999 -9999 -9999 -9999 -9999 -9999 -9999 -9999 -9999 -9999 -9999 -9999 5.01774E-1 -9999 -9999 -9999 -9999 -9999 3.51217E-1 3.6802E-1 3.9336E-1 4.29244E-1 5.13209E-1 6.29942E-1 6.52938E-1 6.81009E-1 6.12608E-1 5.40873E-1 4.64841E-1 3.69467E-1 2.63992E-1 2.13796E-1 1.09295E-1 1.39901E-1 1.56129E-1 1.99168E-1 1.89693E-1 1.62665E-1 1.53945E-1 2.03949E-1 3.30286E-1 2.7824E-1 2.98377E-1 3.08717E-1 3.46139E-1 4.40264E-1
3.19185E-1 4.85961E-1 2.10066E-1 2.46146E-1 4.91596E-1 5.16463E-1 -9999 -9999 -9999 -9999 -9999 -9999 -9999 -9999 -9999 -9999 -9999 -9999 -9999 -9999 -9999 -9999 -9999 -9999 -9999 4.53695E-1 4.33581E-1 -9999 -9999 -9999 -9999 -9999 3.81736E-1 3.59038E-1 3.68226E-1 3.7358E-1 4.84052E-1 6.21668E-1 6.95191E-1 7.0029E-1 6.43349E-1 5.76233E-1 4.65414E-1 3.26605E-1 2.26697E-1 1.7559E-1 6.43429E-2 1.63223E-1 1.76514E-1 2.34611E-1 2.18919E-1 1.66596E-1 1.5094E-1 3.07157E-1 3.43726E-1 2.3841E-1 2.59477E-1 3.12717E-1 4.39478E-1 5.0937E-1
4.4785E-1 4.16624E-1 3.2183E-1 2.71184E-1 3.82977E-1 4.58421E-1 -9999 -9999 -9999 -9999 -9999 -9999 -9999 -9999 -9999 -9999 -9999 -9999 -9999 -9999 -9999 -9999 -9999 -9999 4.37309E-1 5.48307E-1 2.43874E-1 4.30975E-1 4.61766E-1 4.82614E-1 4.74643E-1 -9999 -9999 3.4343E-1 3.03935E-1 2.9677E-1 3.52393E-1 5.01696E-1 6.22268E-1 6.75588E-1 6.66795E-1 6.20219E-1 4.52623E-1 3.27328E-1 1.54669E-1 1.18186E-1 1.88607E-1 8.05629E-2 2.0106E-1 2.54572E-1 2.2899E-1 1.37122E-1 1.47872E-1 2.36452E-1 2.11261E-1 2.61652E-1 2.90655E-1 4.08453E-1 5.0672E-1 5.54718E-1
4.61161E-1 4.71018E-1 1.77001E-1 2.49263E-1 3.04466E-1 5.38352E-1 -9999 -9999 -9999 -9999 -9999 -9999 -9999 -9999 -9999 -9999 -9999 -9999 -9999 -9999 -9999 -9999 -9999 -9999 5.10918E-1 5.63518E-1 2.28361E-1 5.08671E-1 4.86434E-1 4.89664E-1 4.94971E-1 4.4608E-1 4.18799E-1 3.82575E-1 2.98474E-1 2.53774E-1 2.98747E-1 3.69501E-1 5.39257E-1 5.99356E-1 6.35703E-1 6.17178E-1 2.43669E-1 1.63712E-1 1.28978E-1 1.48058E-1 2.28988E-1 2.15717E-1 2.36531E-1 2.94963E-1 2.63917E-1 1.45021E-1 2.34048E-1 2.23249E-1 1.71496E-1 2.20854E-1 2.78886E-1 4.04452E-1 4.57275E-1 5.22891E-1
5.24856E-1 5.0716E-1 5.02771E-1 3.93886E-1 4.1488E-1 5.44579E-1 -9999 -9999 -9999 -9999 -9999 -9999 -9999 -9999 -9999 -9999 -9999 -9999 -9999 -9999 -9999 -9999 -9999 -9999 -9999 -9999 5.58615E-1 4.54864E-1 4.7259E-1 4.33588E-1 5.06706E-1 3.9498E-1 4.35515E-1 3.8919E-1 3.39334E-1 2.80776E-1 3.38569E-1 3.7469E-1 4.12058E-1 3.80574E-1 4.13733E-1 4.5204E-1 3.42012E-1 1.91779E-1 1.37667E-1 2.03744E-1 2.56947E-1 2.42775E-1 2.69509E-1 1.75928E-1 2.60172E-1 2.38E-1 2.23853E-1 1.34991E-1 1.44703E-1 2.04438E-1 3.03509E-1 3.54691E-1 4.03211E-1 4.69604E-1
4.82063E-1 5.05781E-1 4.26089E-1 5.09744E-1 5.09437E-1 5.92836E-1 5.74645E-1 5.89169E-1 -9999 -9999 5.10165E-1 -9999 -9999 -9999 -9999 -9999 -9999 -9999 -9999 -9999 -9999 -9999 -9999 -9999 -9999 -9999 -9999 3.47273E-1 4.81197E-1 4.77882E-1 5.17194E-1 4.56633E-1 4.48689E-1 4.08373E-1 4.39142E-1 3.88167E-1 3.58873E-1 2.49455E-1 2.0725E-1 2.5615E-1 2.8897E-1 3.2134E-1 3.07086E-1 2.29056E-1 1.93222E-1 2.47153E-1 2.56795E-1 2.43603E-1 2.53383E-1 3.0832E-1 1.19708E-1 2.32403E-1 2.14551E-1 1.13217E-1 1.45467E-1 1.90276E-1 2.23317E-1 3.02876E-1 3.50494E-1 4.12081E-1
4.65438E-1 4.78093E-1 5.5422E-1 4.03706E-1 6.3003E-1 4.79422E-1 4.60176E-1 4.95673E-1 5.55928E-1 5.20215E-1 3.80249E-1 -9999 -9999 -9999 -9999 -9999 -9999 -9999 -9999 -9999 -9999 -9999 -9999 -9999 -9999 -9999 -9999 5.07572E-1 2.73403E-1 4.76218E-1 4.82256E-1 4.47964E-1 4.34609E-1 4.15935E-1 3.75114E-1 3.01831E-1 1.73851E-1 1.71455E-1 1.87699E-1 2.23167E-1 2.31232E-1 2.79706E-1 3.17462E-1 3.37161E-1 3.57306E-1 3.46674E-1 2.57668E-1 2.25813E-1 1.93403E-1 1.64533E-1 8.44365E-2 1.27592E-1 1.58288E-1 1.26912E-1 1.48443E-1 1.56834E-1 1.89373E-1 2.59609E-1 3.01939E-1 2.38522E-1
4.11552E-1 3.83865E-1 4.98916E-1 5.08375E-1 3.54888E-1 3.47582E-1 3.53089E-1 3.78827E-1 4.27131E-1 4.50872E-1 4.07707E-1 -9999 -9999 -9999 -9999 -9999 -9999 -9999 -9999 -9999 -9999 -9999 -9999 -9999 -9999 -9999 -9999 3.95728E-1 2.52163E-1 3.88236E-1 4.35169E-1 4.22871E-1 4.04254E-1 4.30653E-1 2.92892E-1 3.41366E-1 1.35225E-1 1.45628E-1 1.75526E-1 2.28048E-1 2.5892E-1 2.72282E-1 2.74869E-1 2.89687E-1 3.45348E-1 3.29661E-1 2.72123E-1 2.29274E-1 1.8518E-1 1.53586E-1 1.18889E-1 5.26072E-2 9.10689E-2 1.24139E-1 1.37194E-1 1.22299E-1 1.29386E-1 2.21535E-1 1.41004E-1 2.08203E-1
4.89763E-1 3.54834E-1 2.96377E-1 3.07454E-1 2.8851E-1 2.79245E-1 3.14516E-1 3.5302E-1 4.06589E-1 3.96519E-1 3.67328E-1 -9999 -9999 -9999 -9999 -9999 -9999 -9999 -9999 -9999 -9999 -9999 -9999 -9999 -9999 -9999 -9999 3.91783E-1 4.25015E-1 2.02246E-1 4.85428E-1 4.86707E-1 4.43152E-1 4.1127E-1 4.127E-1 1.12654E-1 1.62622E-1 1.61174E-1 2.05655E-1 2.82651E-1 3.28601E-1 3.49886E-1 3.39154E-1 3.16136E-1 3.14268E-1 3.16185E-1 2.74703E-1 1.9874E-1 1.58704E-1 1.36466E-1 1.17009E-1 8.524E-2 8.46716E-2 1.09386E-1 1.11338E-1 2.06566E-1 2.0207E-1 1.24191E-1 1.67662E-1 3.12345E-1
3.6861E-1 3.08517E-1 2.68709E-1 2.05991E-1 2.08806E-1 2.53505E-1 2.81789E-1 3.37118E-1 3.48814E-1 2.00786E-1 4.37658E-1 3.01443E-1 -9999 -9999 -9999 -9999 -9999 -9999 -9999 -9999 -9999 -9999 -9999 -9999 -9999 -9999 -9999 4.08428E-1 3.85314E-1 4.21902E-1 3.86172E-1 5.0884E-1 4.57879E-1 4.519E-1 4.3294E-1 3.42026E-1 2.74771E-1 2.10999E-1 2.14786E-1 2.77613E-1 3.17305E-1 2.064E-1 3.45789E-1 3.31176E-1 3.13781E-1 2.81876E-1 2.71063E-1 2.05063E-1 1.72248E-1 1.48652E-1 7.09497E-2 9.12352E-2 9.83273E-2 1.10534E-1 1.06464E-1 1.57115E-1 2.35817E-1 1.78327E-1 2.68391E-1 3.97241E-1
2.48693E-1 3.59188E-1 2.72277E-1 2.08275E-1 1.98411E-1 2.35445E-1 2.5285E-1 3.77538E-1 4.56578E-1 4.80152E-1 4.20829E-1 4.83607E-1 4.7226E-1 -9999 -9999 -9999 -9999 -9999 -9999 -9999 -9999 -9999 -9999 -9999 -9999 -9999 -9999 4.46787E-1 3.674E-1 3.75432E-1 4.92448E-1 5.14034E-1 4.78489E-1 4.78657E-1 2.708E-1 3.45606E-1 2.65456E-1 2.05718E-1 1.87382E-1 2.57083E-1 3.30087E-1 2.32642E-1 3.49908E-1 3.41919E-1 3.15263E-1 2.58938E-1 2.37934E-1 1.94832E-1 1.91444E-1 2.17641E-1 1.39359E-1 1.07114E-1 1.18623E-1 1.32196E-1 1.266E-1 1.48794E-1 1.44299E-1 2.70901E-1 2.80748E-1 3.8248E-1
3.77467E-1 3.49367E-1 2.54469E-1 1.86525E-1 1.68674E-1 2.14467E-1 2.34521E-1 4.08688E-1 3.11292E-1 4.4572E-1 4.94904E-1 5.45331E-1 5.09854E-1 4.57108E-1 -9999 -9999 -9999 -9999 -9999 -9999 -9999 -9999 -9999 -9999 -9999 -9999 -9999 2.92734E-1 2.72146E-1 3.36444E-1 4.72158E-1 2.36944E-1 5.01002E-1 5.02222E-1 5.0786E-1 3.85416E-1 2.71799E-1 2.10395E-1 2.1424E-1 2.49474E-1 3.13433E-1 4.20919E-1 3.5945E-1 3.51538E-1 3.31864E-1 2.75759E-1 2.4644E-1 1.92401E-1 1.31265E-1 1.23919E-1 2.07729E-1 1.35175E-1 1.37007E-1 1.50009E-1 1.49551E-1 1.69468E-1 1.39632E-1 3.05527E-1 3.0989E-1 3.66779E-1
2.80152E-1 2.38427E-1 1.71976E-1 1.24805E-1 1.377E-1 -9999 3.17484E-1 3.55329E-1 3.91405E-1 3.91148E-1 5.52589E-1 6.22575E-1 5.72005E-1 4.89905E-1 4.03466E-1 4.14418E-1 -9999 -9999 -9999 -9999 -9999 -9999 -9999 -9999 -9999 -9999 -9999 3.63354E-1 3.61543E-1 3.48549E-1 3.96692E-1 4.6396E-1 4.64093E-1 1.75065E-1 4.31173E-1 5.23395E-1 3.91957E-1 3.42729E-1 2.98306E-1 3.45686E-1 3.2054E-1 4.1073E-1 4.28209E-1 4.62063E-1 4.21097E-1 3.2562E-1 2.77605E-1 2.12178E-1 1.30088E-1 8.85667E-2 9.85142E-2 5.46316E-2 1.57518E-1 1.77612E-1 1.86943E-1 1.46903E-1 3.70331E-1 3.73009E-1 3.66754E-1 3.83105E-1
2.57447E-1 2.11646E-1 1.6106E-1 1.46946E-1 2.24277E-1 3.33416E-1 3.29645E-1 3.42542E-1 3.50916E-1 2.36711E-1 4.44489E-1 5.99779E-1 5.69409E-1 5.46658E-1 4.03773E-1 4.04874E-1 -9999 -9999 -9999 -9999 -9999 -9999 -9999 -9999 -9999 -9999 -9999 -9999 4.14869E-1 -9999 -9999 -9999 -9999 4.61135E-1 3.87875E-1 3.61877E-1 3.39599E-1 3.17508E-1 2.7298E-1 3.16949E-1 3.02573E-1 3.23759E-1 4.6862E-1 6.01845E-1 5.39292E-1 3.71702E-1 3.09739E-1 2.19677E-1 1.59736E-1 1.29318E-1 1.39165E-1 1.149E-1 1.15002E-1 1.89385E-1 1.98176E-1 2.58034E-1 3.54826E-1 4.01351E-1 3.63172E-1 4.09805E-1
2.51656E-1 2.07774E-1 1.58102E-1 1.8318E-1 2.56533E-1 3.78101E-1 4.08632E-1 1.28859E-1 1.64403E-1 4.56058E-1 5.56112E-1 5.43201E-1 5.51255E-1 4.82416E-1 5.24022E-1 4.70869E-1 -9999 -9999 -9999 -9999 -9999 -9999 -9999 -9999 -9999 -9999 -9999 -9999 -9999 -9999 -9999 -9999 -9999 -9999 3.86006E-1 3.82467E-1 3.58888E-1 2.59449E-1 2.35185E-1 2.73791E-1 2.58927E-1 3.35939E-1 3.81461E-1 4.5433E-1 5.59489E-1 4.35482E-1 3.55517E-1 2.13017E-1 1.87583E-1 1.4649E-1 1.59434E-1 1.49591E-1 4.56702E-2 1.88721E-1 1.59896E-1 2.71577E-1 3.93416E-1 3.75178E-1 4.76193E-1 4.53105E-1
2.26049E-1 1.89531E-1 1.54086E-1 2.08436E-1 2.76641E-1 4.17383E-1 4.51499E-1 2.65008E-1 5.0052E-1 5.30562E-1 5.56241E-1 5.13001E-1 4.8903E-1 4.40855E-1 4.64948E-1 -9999 -9999 -9999 -9999 -9999 -9999 -9999 -9999 -9999 -9999 -9999 -9999 -9999 -9999 -9999 -9999 -9999 -9999 -9999 3.33113E-1 4.51111E-1 4.32695E-1 2.62847E-1 2.24324E-1 2.82181E-1 2.76392E-1 3.73774E-1 1.65953E-1 4.14337E-1 5.34606E-1 4.72988E-1 3.74532E-1 2.25644E-1 1.93939E-1 2.08363E-1 2.16E-1 2.02204E-1 1.93463E-1 1.39701E-1 2.722E-1 1.27414E-1 3.17444E-1 5.47537E-1 5.32189E-1 5.24071E-1
