Phytophthora/models/20240430_1155_37/Phytophthora_PA3_RUN7_MAXENT_outputs/Phytophthora_PA3_RUN7.asc
ncols         225
nrows         269
xllcorner     473000.0
yllcorner     4429100.0
cellsize      50.0
NODATA_value  -9999
[rows 54 to 80 of 269, columns 0 to 59 of 225]
-9999 -9999 -9999 -9999 -9999 -9999 -9999 -9999 -9999 -9999 -9999 -9999 -9999 -9999 -9999 -9999 -9999 -9999 -9999 -9999 -9999 -9999 5.12471E-3 3.52696E-3 8.03842E-3 1.03091E-2 8.63544E-3 8.37413E-3 1.34644E-2 1.30302E-2 1.4052E-2 1.46297E-2 1.82333E-2 1.84304E-2 2.21076E-2 3.08213E-2 1.39373E-2 3.37063E-2 1.25521E-2 3.11061E-2 2.29001E-2 2.56567E-2 1.92624E-2 2.64352E-2 3.67266E-2 5.04468E-3 7.86954E-3 5.67594E-3 8.10058E-3 8.08574E-3 1.33052E-2 1.40621E-2 1.29425E-2 1.22382E-2 7.03249E-3 1.06719E-2 8.65861E-3 6.15833E-3 5.95407E-3 7.16529E-3
-9999 -9999 -9999 -9999 -9999 -9999 -9999 -9999 -9999 -9999 -9999 -9999 -9999 -9999 -9999 -9999 -9999 -9999 -9999 -9999 -9999 -9999 6.49154E-3 6.55578E-3 4.6518E-3 6.07486E-3 1.27284E-2 1.10473E-2 1.53142E-2 1.19011E-2 1.32599E-2 1.39807E-2 1.94987E-2 2.08386E-2 4.57857E-3 3.35556E-2 3.41295E-2 2.8567E-2 2.21662E-2 8.11774E-3 2.43279E-2 1.1932E-2 1.9043E-2 3.0716E-2 3.75855E-2 1.19318E-2 1.46336E-2 1.48333E-2 5.66397E-3 1.19293E-2 1.40135E-2 1.1043E-2 1.16735E-2 4.45999E-3 6.8918E-3 5.11779E-3 5.5842E-3 4.39054E-3 3.78044E-3 5.63967E-3
-9999 -9999 -9999 -9999 -9999 -9999 -9999 -9999 -9999 -9999 -9999 -9999 -9999 -9999 -9999 -9999 -9999 -9999 -9999 -9999 -9999 -9999 4.6653E-3 5.02012E-3 6.02347E-3 6.02041E-3 1.76754E-3 9.16279E-3 1.10533E-2 1.41181E-2 2.17852E-2 2.04413E-2 1.85774E-2 1.50655E-2 4.56114E-2 4.35624E-2 4.59762E-2 5.06034E-2 1.70784E-2 3.87494E-2 2.92543E-2 2.99704E-2 2.01789E-2 2.64108E-2 2.69386E-2 8.5631E-3 9.95992E-3 6.02392E-3 1.05381E-2 9.45504E-3 1.04334E-2 1.11873E-2 3.89144E-3 7.69406E-3 5.74856E-3 7.00964E-3 6.05644E-3 4.74446E-3 4.36707E-3 4.46449E-3
-9999 -9999 -9999 -9999 -9999 -9999 -9999 -9999 -9999 -9999 -9999 -9999 -9999 -9999 -9999 -9999 -9999 -9999 -9999 -9999 -9999 7.96798E-3 5.11689E-3 3.75006E-3 2.96831E-3 4.02072E-3 4.1184E-3 6.61855E-3 6.61313E-3 2.71266E-3 5.06457E-3 9.86866E-3 4.26405E-2 3.5891E-2 4.29733E-2 4.33356E-2 3.87796E-2 3.55878E-2 1.45734E-2 3.19645E-2 9.70048E-3 2.27603E-2 1.30135E-2 1.96396E-2 1.2099E-2 6.0443E-3 6.85415E-3 8.14718E-3 6.65895E-3 7.01622E-3 7.83347E-3 2.93854E-3 4.39866E-3 4.1574E-3 3.67827E-3 5.99154E-3 3.12336E-3 5.4909E-3 3.72567E-3 6.24839E-3
-9999 -9999 -9999 -9999 -9999 -9999 -9999 -9999 -9999 -9999 -9999 -9999 -9999 -9999 -9999 -9999 -9999 -9999 1.55533E-3 2.4965E-3 3.53653E-3 5.52982E-3 7.43508E-3 4.35249E-3 3.20828E-3 5.74436E-3 1.32019E-2 7.03925E-3 8.48297E-3 1.30197E-2 2.24961E-2 1.73441E-2 3.17309E-2 2.54016E-2 3.90078E-2 3.94018E-2 4.40004E-2 3.2217E-2 1.21979E-2 3.48663E-2 9.87486E-3 2.67957E-2 1.03646E-2 2.53425E-2 1.63967E-2 4.89028E-3 4.87106E-3 3.71064E-3 5.0766E-3 6.31508E-3 6.20582E-3 5.19557E-3 4.00736E-3 3.64224E-3 4.07724E-3 6.90837E-3 3.30793E-3 5.00994E-3 2.73615E-3 6.1202E-3
-9999 -9999 -9999 -9999 -9999 -9999 -9999 -9999 -9999 -9999 -9999 -9999 -9999 -9999 -9999 -9999 6.32323E-4 8.59996E-4 1.35086E-3 3.22125E-3 3.535E-3 4.00472E-3 7.85815E-3 9.4764E-3 6.26416E-3 6.66256E-3 1.49914E-2 7.18764E-3 8.94893E-3 1.3559E-2 2.36461E-2 2.14849E-2 2.06347E-2 2.0801E-2 2.86123E-2 3.42236E-2 1.89596E-2 2.55799E-2 2.64455E-2 2.20894E-2 1.575E-2 1.39243E-2 2.19284E-2 1.55317E-2 5.38736E-3 3.25634E-3 4.4187E-3 5.32918E-3 4.22257E-3 5.11335E-3 6.55332E-3 5.03799E-3 3.72633E-3 3.28771E-3 3.60175E-3 4.74466E-3 5.19087E-3 3.74E-3 4.46015E-3 6.55709E-3
-9999 -9999 -9999 -9999 -9999 -9999 -9999 -9999 -9999 -9999 -9999 -9999 -9999 -9999 -9999 1.4059E-3 9.11563E-4 7.41169E-4 6.51247E-4 1.88793E-3 5.63192E-3 6.21461E-3 7.43786E-3 9.09835E-3 1.10164E-2 7.80052E-3 7.52876E-3 7.90331E-3 9.99474E-3 1.31636E-2 2.42463E-2 2.72061E-2 2.83435E-2 2.60165E-2 3.11923E-2 3.12559E-2 3.4016E-2 3.18801E-2 2.71595E-2 2.13347E-2 1.58834E-2 1.46262E-2 1.55709E-2 2.10575E-2 1.94332E-2 4.36987E-3 2.61268E-3 2.15898E-3 2.61624E-3 4.09368E-3 4.80592E-3 5.49981E-3 4.85077E-3 2.64431E-3 2.30874E-3 3.33192E-3 6.79074E-3 5.58398E-3 2.20487E-3 6.2706E-3
-9999 -9999 -9999 -9999 -9999 -9999 -9999 -9999 -9999 -9999 -9999 -9999 -9999 -9999 5.69894E-3 2.91056E-3 3.45896E-3 3.26106E-3 2.67388E-3 2.63323E-3 4.4698E-3 7.52424E-3 8.16285E-3 1.14265E-2 1.84573E-2 1.53437E-2 3.25062E-2 1.86645E-2 2.01181E-2 2.02645E-2 1.9994E-2 2.82997E-2 2.91552E-2 2.58066E-2 3.50146E-2 2.29774E-2 3.33643E-2 2.5181E-2 2.35822E-2 2.08428E-2 1.09025E-2 1.47124E-2 1.05653E-2 9.36656E-3 1.16923E-2 1.25361E-2 1.12848E-2 1.07723E-2 1.10031E-2 6.0226E-3 2.65341E-3 3.14754E-3 1.97009E-3 3.33422E-3 4.26958E-3 5.63362E-3 5.07819E-3 4.51505E-3 4.23552E-3 3.82526E-3
-9999 -9999 -9999 -9999 -9999 -9999 -9999 -9999 -9999 -9999 -9999 -9999 -9999 1.77748E-3 4.66418E-3 2.70974E-3 3.14254E-3 3.15053E-3 2.96931E-3 2.87469E-3 3.88013E-3 5.12676E-3 1.10756E-2 8.68629E-3 8.15458E-3 1.20476E-2 1.28695E-2 2.27337E-2 2.65345E-2 2.93052E-2 3.0057E-2 2.67813E-2 3.91986E-2 4.03176E-2 3.79456E-2 1.90158E-2 3.16222E-2 2.29812E-2 1.73438E-2 1.89411E-2 1.06567E-2 1.12106E-2 1.02973E-2 9.79421E-3 1.03417E-2 9.62817E-3 8.73059E-3 8.32903E-3 7.76408E-3 2.14328E-3 7.30464E-4 6.7351E-4 1.41635E-3 3.25577E-3 3.57442E-3 5.7643E-3 1.87259E-3 4.55508E-3 3.79767E-3 3.8417E-3
-9999 -9999 -9999 -9999 -9999 -9999 -9999 -9999 -9999 -9999 -9999 -9999 -9999 6.57858E-3 6.07781E-3 3.58805E-3 4.06904E-3 4.21899E-3 4.23349E-3 4.36149E-3 6.22464E-3 1.45063E-2 8.3904E-3 8.88364E-3 1.02996E-2 1.94012E-2 1.82526E-2 2.86346E-2 3.08956E-2 2.95418E-2 2.84737E-2 2.71336E-2 3.1789E-2 2.94922E-2 1.75767E-2 3.07493E-2 2.35205E-2 1.79529E-2 1.38573E-2 1.43812E-2 1.01289E-2 1.12527E-2 9.63185E-3 9.71101E-3 8.99631E-3 8.55532E-3 7.391E-3 8.47863E-3 9.12543E-3 3.249E-3 1.73995E-3 1.78411E-3 3.26268E-3 3.73747E-3 3.92936E-3 2.36927E-3 5.07784E-3 1.9722E-3 1.24668E-3 4.8526E-3
-9999 -9999 -9999 -9999 -9999 -9999 -9999 -9999 -9999 -9999 -9999 -9999 -9999 5.65251E-3 6.69228E-3 4.17372E-3 4.52657E-3 4.56027E-3 4.7139E-3 4.96297E-3 8.45136E-3 1.18268E-2 1.15084E-2 1.40113E-2 1.85391E-2 1.85825E-2 2.04616E-2 2.39487E-2 3.31304E-2 4.02577E-2 3.80574E-2 3.55245E-2 3.34851E-2 2.13394E-2 2.98463E-2 2.47592E-2 2.05195E-2 1.60981E-2 1.71818E-2 1.83719E-2 1.09281E-2 1.30265E-2 1.226E-2 1.08572E-2 9.8438E-3 1.2323E-2 1.10619E-2 7.78308E-3 7.20771E-3 4.93852E-3 1.15987E-3 8.66331E-4 3.32351E-3 1.48041E-3 8.74999E-4 5.07612E-3 2.45344E-3 2.12613E-3 3.72391E-3 3.97468E-3
-9999 -9999 -9999 -9999 -9999 -9999 -9999 -9999 -9999 -9999 -9999 -9999 6.92056E-3 5.90762E-3 8.20262E-3 5.24634E-3 5.59172E-3 5.77512E-3 5.52382E-3 5.80343E-3 1.01822E-2 1.16635E-2 1.37022E-2 1.59106E-2 2.70253E-2 3.4608E-2 2.09194E-2 2.63616E-2 3.20769E-2 3.4118E-2 3.49381E-2 3.66078E-2 3.01703E-2 3.9255E-2 2.69459E-2 2.21309E-2 1.8977E-2 1.67376E-2 1.76966E-2 2.06651E-2 1.0834E-2 4.46477E-3 5.47728E-3 1.00134E-2 8.40496E-3 9.68806E-3 7.94223E-3 9.73416E-3 9.17208E-3 6.64132E-3 2.41196E-3 1.90216E-3 6.35743E-4 1.73364E-3 2.47124E-3 2.59884E-3 5.2586E-3 6.9106E-3 5.00318E-3 4.21706E-3
-9999 -9999 -9999 -9999 -9999 -9999 -9999 -9999 -9999 -9999 -9999 -9999 9.97182E-3 2.44287E-2 1.7376E-2 1.16476E-2 1.10904E-2 1.11411E-2 1.13704E-2 1.23495E-2 9.01432E-3 6.32617E-3 1.23103E-2 1.22453E-2 1.34E-2 2.92302E-2 4.3493E-2 3.02598E-2 2.7855E-2 2.7921E-2 2.05491E-2 1.05806E-2 1.90691E-2 1.79503E-2 1.56912E-2 7.48594E-3 8.50572E-3 8.18945E-3 7.7181E-3 1.06004E-2 1.11127E-2 1.19912E-2 9.86584E-3 9.33158E-3 6.42898E-3 7.05926E-3 5.6133E-3 1.04184E-2 1.01966E-2 7.7063E-3 1.2252E-3 1.91469E-3 3.54382E-3 1.68333E-3 3.86424E-3 4.97472E-3 4.24287E-3 4.54334E-3 5.32615E-3 7.16773E-3
-9999 -9999 -9999 -9999 -9999 -9999 -9999 -9999 -9999 -9999 1.7583E-3 7.60989E-3 5.29743E-3 1.95819E-2 1.55871E-2 1.15187E-2 1.31913E-2 1.33851E-2 1.48694E-2 1.7068E-2 9.17429E-3 6.72172E-3 1.32362E-2 1.63266E-2 1.31439E-2 1.61996E-2 4.2422E-2 3.17526E-2 3.39742E-2 3.44948E-2 2.48587E-2 1.75055E-2 1.95505E-2 1.49842E-2 1.27361E-2 7.86077E-3 9.35418E-3 9.53541E-3 1.00443E-2 1.07518E-2 1.30591E-2 1.26581E-2 1.55837E-2 1.36644E-2 1.16896E-2 1.10231E-2 1.11409E-2 1.12961E-2 7.06504E-3 4.03114E-3 4.64675E-3 4.07198E-3 3.36721E-3 3.04801E-3 3.16291E-3 4.6975E-3 3.76193E-3 4.0215E-3 5.24291E-3 4.50974E-3
-9999 -9999 -9999 -9999 -9999 -9999 -9999 -9999 -9999 1.91385E-3 5.00345E-3 5.25357E-3 1.33299E-2 8.2866E-3 1.01847E-2 8.20703E-3 1.03409E-2 1.27377E-2 1.56486E-2 1.6966E-2 1.06358E-2 8.71628E-3 1.25443E-2 1.0835E-2 8.62319E-3 1.29978E-2 4.60552E-2 1.99099E-2 2.9386E-2 3.55111E-2 2.22878E-2 1.35207E-2 1.73921E-2 1.35424E-2 1.1081E-2 8.11403E-3 9.59813E-3 5.23275E-3 1.34996E-2 1.34265E-2 1.38686E-2 1.29931E-2 1.30276E-2 1.21918E-2 1.21431E-2 1.05239E-2 1.09785E-2 1.04652E-2 1.23101E-2 9.65774E-3 2.26964E-3 3.67754E-3 3.19072E-3 1.37621E-3 2.86728E-3 4.841E-3 4.17101E-3 3.62224E-3 4.05423E-3 5.64117E-3
-9999 -9999 -9999 -9999 -9999 -9999 -9999 -9999 -9999 -9999 9.83246E-3 7.43568E-3 4.68452E-3 5.955E-3 1.06965E-2 1.00666E-2 1.12453E-2 1.57981E-2 1.72828E-2 1.85795E-2 1.36943E-2 1.42185E-2 1.43178E-2 1.54973E-2 9.41941E-3 1.67664E-2 1.50536E-2 1.71847E-2 1.72367E-2 2.31279E-2 1.98486E-2 1.66648E-2 1.89096E-2 1.57427E-2 1.12999E-2 8.97017E-3 1.05161E-2 1.37514E-2 5.21448E-3 1.89167E-2 1.9764E-2 1.5664E-2 1.36562E-2 1.16137E-2 1.15632E-2 1.0712E-2 1.12665E-2 1.18356E-2 1.29321E-2 2.9096E-3 4.20713E-3 2.07258E-3 3.24778E-3 2.81546E-3 2.14345E-3 2.05448E-3 4.8642E-3 4.25793E-3 3.62304E-3 4.68035E-3
-9999 -9999 -9999 -9999 -9999 -9999 -9999 -9999 -9999 -9999 -9999 -9999 -9999 -9999 1.5074E-2 1.32645E-2 1.62039E-2 1.99964E-2 1.93928E-2 1.69694E-2 1.25725E-2 1.38241E-2 1.46443E-2 1.53427E-2 1.86065E-2 1.82416E-2 1.54847E-2 2.17813E-2 2.26056E-2 2.30585E-2 2.1661E-2 2.47316E-2 2.25169E-2 1.86641E-2 1.26263E-2 8.65501E-3 9.6649E-3 1.09161E-2 2.11662E-2 1.33869E-2 8.9304E-3 1.52445E-2 1.54574E-2 1.27183E-2 1.31295E-2 1.24816E-2 1.37746E-2 1.07992E-2 7.4872E-3 8.91728E-3 3.39154E-3 3.30963E-3 1.17072E-3 2.62636E-3 2.74869E-3 4.51406E-3 2.74969E-3 3.83613E-3 3.55482E-3 4.54625E-3
-9999 -9999 -9999 -9999 -9999 -9999 -9999 -9999 -9999 -9999 -9999 -9999 -9999 -9999 -9999 -9999 -9999 -9999 -9999 2.11051E-2 1.23853E-2 1.63405E-2 1.68731E-2 1.7614E-2 2.04238E-2 2.71566E-2 2.16322E-2 2.09907E-2 2.80809E-2 3.15119E-2 2.63831E-2 1.49759E-2 2.58481E-2 2.16541E-2 1.34552E-2 7.17782E-3 7.16072E-3 7.72259E-3 8.05624E-3 1.06494E-2 1.56194E-2 1.26551E-2 7.88397E-3 6.0704E-3 6.72498E-3 7.04628E-3 6.19162E-3 5.33245E-3 1.24886E-2 7.02913E-3 2.5929E-3 2.80117E-3 1.97574E-3 1.07175E-3 2.76845E-3 3.60303E-3 3.63891E-3 3.65592E-3 3.62271E-3 4.47147E-3
-9999 -9999 -9999 -9999 -9999 -9999 -9999 -9999 -9999 -9999 -9999 -9999 -9999 -9999 -9999 -9999 -9999 -9999 -9999 -9999 1.29253E-2 1.94086E-2 1.92379E-2 1.93081E-2 2.24587E-2 2.78679E-2 2.69588E-2 2.39687E-2 2.19692E-2 5.38357E-2 3.11208E-2 2.35752E-2 2.56407E-2 2.19731E-2 1.41396E-2 8.18647E-3 7.04991E-3 8.27414E-3 7.62039E-3 8.61528E-3 1.18547E-2 1.09875E-2 1.28884E-2 9.05119E-3 1.261E-2 1.19779E-2 7.3513E-3 1.20325E-2 8.54055E-3 5.23639E-3 2.12653E-3 2.20057E-3 2.09804E-3 2.05695E-3 1.62476E-3 4.39073E-3 4.27361E-3 4.72342E-3 5.02262E-3 5.45874E-3
-9999 -9999 -9999 -9999 -9999 -9999 -9999 -9999 -9999 -9999 -9999 -9999 -9999 -9999 -9999 -9999 -9999 -9999 -9999 -9999 -9999 2.27122E-2 1.95722E-2 1.73396E-2 2.11411E-2 2.28E-2 2.61999E-2 3.82472E-2 5.43723E-2 1.63223E-2 7.91242E-3 1.3589E-2 1.70047E-2 2.23324E-2 1.65714E-2 1.05582E-2 8.48102E-3 6.88426E-3 6.73817E-3 8.7901E-3 1.15626E-2 1.18974E-2 4.06902E-3 1.31777E-2 1.02275E-2 9.21893E-3 1.40074E-2 1.07179E-2 7.24088E-3 4.9411E-3 2.27619E-3 2.00944E-3 1.92342E-3 2.27354E-3 1.99389E-3 4.81212E-3 4.06296E-3 3.56433E-3 5.59467E-3 7.92047E-3
-9999 -9999 -9999 -9999 -9999 -9999 -9999 -9999 -9999 -9999 -9999 -9999 -9999 -9999 -9999 -9999 -9999 -9999 -9999 -9999 -9999 -9999 2.0582E-2 1.72235E-2 1.74687E-2 1.97339E-2 2.71297E-2 3.96491E-2 4.31478E-2 2.57348E-2 1.52377E-2 1.80428E-2 9.8033E-3 8.3881E-3 1.38169E-2 1.03385E-2 7.44786E-3 8.18426E-3 7.44644E-3 9.07504E-3 1.14725E-2 5.54073E-3 1.24148E-2 1.21938E-2 1.51921E-2 1.27398E-2 9.9572E-3 3.06173E-3 6.55255E-3 6.54221E-3 3.1471E-3 2.66333E-3 2.96891E-3 3.32185E-3 2.8493E-3 6.45278E-3 5.28736E-3 4.23578E-3 5.5217E-3 8.89184E-3
-9999 -9999 -9999 -9999 -9999 -9999 -9999 -9999 -9999 -9999 -9999 -9999 -9999 -9999 -9999 -9999 -9999 -9999 -9999 -9999 -9999 -9999 -9999 1.30503E-2 1.37894E-2 1.67614E-2 2.60582E-2 3.31255E-2 2.74212E-2 1.72039E-2 1.17735E-2 1.39838E-2 1.37299E-2 1.79582E-2 1.95136E-2 5.38582E-3 1.23041E-2 1.18865E-2 9.89146E-3 1.02952E-2 5.25737E-3 1.30455E-2 1.15481E-2 1.07287E-2 1.16143E-2 8.06919E-3 7.22893E-3 8.78169E-3 8.35084E-3 3.8845E-3 2.53871E-3 1.39317E-3 9.98577E-4 2.59127E-3 3.24423E-3 6.87797E-3 5.72989E-3 5.26797E-3 5.74505E-3 9.90362E-3
-9999 -9999 -9999 -9999 -9999 -9999 -9999 -9999 -9999 -9999 -9999 -9999 -9999 -9999 -9999 -9999 -9999 -9999 -9999 -9999 -9999 -9999 -9999 -9999 -9999 1.87069E-2 2.65272E-2 3.28509E-2 2.98042E-2 2.32034E-2 9.00555E-3 1.00117E-2 1.10789E-2 1.80682E-2 1.87259E-2 1.57866E-2 9.2429E-3 1.0819E-2 1.36478E-2 1.00743E-2 1.30036E-2 1.369E-2 1.16494E-2 9.73726E-3 9.41577E-3 1.06471E-2 1.0636E-2 1.14029E-2 1.66501E-2 1.24491E-2 8.00531E-3 1.1728E-2 7.1848E-3 1.10376E-2 1.50324E-2 2.79362E-2 2.64724E-2 3.1014E-2 3.03912E-2 9.20296E-3
-9999 -9999 -9999 -9999 -9999 -9999 -9999 -9999 -9999 -9999 -9999 -9999 -9999 -9999 -9999 -9999 -9999 -9999 -9999 -9999 -9999 -9999 -9999 -9999 -9999 -9999 -9999 2.35922E-2 2.09926E-2 2.44494E-2 1.05377E-2 7.34931E-3 1.04983E-2 8.70329E-3 1.14893E-2 1.22596E-2 1.35068E-2 7.23784E-3 1.02068E-2 1.02351E-2 1.31604E-2 5.08269E-3 1.11854E-2 1.32935E-2 1.32763E-2 1.56474E-2 1.49077E-2 1.55126E-2 1.73693E-2 1.81063E-2 1.43901E-2 1.30527E-2 6.64792E-3 1.34291E-2 1.4142E-2 2.18951E-2 2.66436E-2 3.88255E-2 1.98776E-2 1.33479E-2
-9999 -9999 -9999 -9999 -9999 -9999 -9999 -9999 -9999 -9999 -9999 -9999 -9999 -9999 -9999 -9999 -9999 -9999 -9999 -9999 -9999 -9999 -9999 -9999 -9999 -9999 -9999 -9999 -9999 1.93974E-2 7.90082E-3 6.22991E-3 3.01953E-3 3.98618E-3 5.34754E-3 5.82871E-3 9.76877E-3 1.32533E-2 7.27439E-3 1.56971E-2 5.8929E-3 1.14742E-2 1.64301E-2 8.34217E-3 1.06484E-2 5.54101E-3 1.32354E-2 1.55464E-2 1.91063E-2 1.819E-2 1.44363E-2 1.54293E-2 9.5265E-3 1.48976E-2 1.47906E-2 2.43139E-2 2.55316E-2 2.70693E-2 2.76559E-2 1.47169E-2
-9999 -9999 -9999 -9999 -9999 -9999 -9999 -9999 -9999 -9999 -9999 -9999 -9999 -9999 -9999 -9999 -9999 -9999 -9999 -9999 -9999 -9999 -9999 -9999 -9999 -9999 -9999 -9999 -9999 -9999 -9999 1.36312E-3 1.35595E-3 1.36564E-3 3.09675E-3 3.94452E-3 6.64682E-3 9.64598E-3 6.5906E-3 7.31153E-3 1.43251E-2 1.31924E-2 1.53156E-2 1.58639E-2 1.57147E-2 1.87148E-2 1.033E-2 1.77803E-2 2.23393E-2 2.65863E-2 2.1638E-2 2.18974E-2 1.26785E-2 1.47581E-2 1.80063E-2 2.79126E-2 2.42896E-2 2.66793E-2 2.29762E-2 1.84119E-2
-9999 -9999 -9999 -9999 -9999 -9999 -9999 -9999 -9999 -9999 -9999 -9999 -9999 -9999 -9999 -9999 -9999 -9999 -9999 -9999 -9999 -9999 -9999 -9999 -9999 -9999 -9999 -9999 -9999 -9999 -9999 1.37041E-3 1.48668E-3 1.25399E-3 4.84939E-3 2.45477E-3 4.04513E-3 7.35409E-3 7.79864E-3 8.51415E-3 9.70205E-3 8.28669E-3 1.12483E-2 1.03718E-2 7.48022E-3 1.45878E-2 1.63552E-2 1.13726E-2 2.36544E-2 4.1112E-2 1.17073E-2 1.37412E-2 2.5979E-2 1.48131E-2 2.08238E-2 3.65584E-2 3.09555E-2 3.37695E-2 4.69314E-2 2.59201E-2
