Phytophthora/models/20240430_1155_37/Phytophthora_PA3_RUN7_MAXENT_outputs/Phytophthora_PA3_RUN7.asc
ncols         225
nrows         269
xllcorner     473000.0
yllcorner     4429100.0
cellsize      50.0
NODATA_value  -9999
[rows 135 to 161 of 269, columns 0 to 59 of 225]
-9999 -9999 -9999 -9999 -9999 -9999 -9999 -9999 -9999 -9999 2.19955E-1 3.68352E-1 2.13897E-1 3.43589E-1 3.44009E-1 3.88054E-1 2.94645E-1 3.56067E-1 2.66962E-1 3.41145E-1 4.13404E-1 4.8354E-1 5.34673E-1 4.99484E-1 4.34715E-1 3.10741E-1 3.17514E-1 3.38955E-1 3.15983E-1 1.23082E-1 1.21056E-1 3.48351E-1 2.92071E-1 1.20501E-1 1.31134E-1 7.36876E-2 1.40981E-1 1.99131E-1 2.37582E-1 2.55475E-1 2.70907E-1 3.23968E-1 2.97589E-1 3.10126E-1 3.44813E-1 2.71121E-1 2.77144E-1 2.73223E-1 2.47518E-1 9.98179E-2 3.23705E-1 3.53391E-1 2.55537E-1 1.72927E-1 1.44384E-1 1.64029E-1 1.53152E-1 1.54885E-1 2.25966E-1 2.78485E-1
-9999 -9999 -9999 -9999 -9999 -9999 -9999 -9999 -9999 -9999 1.95423E-1 5.51536E-1 2.9692E-1 4.68152E-1 4.07962E-1 4.78027E-1 2.86824E-1 4.31359E-1 4.5375E-1 4.52902E-1 5.05122E-1 6.08612E-1 6.05516E-1 5.52577E-1 4.45031E-1 2.56388E-1 2.43269E-1 2.31542E-1 2.55076E-1 2.59818E-1 1.82674E-1 1.46259E-1 -9999 -9999 1.17544E-1 1.345E-1 1.59443E-1 1.82595E-1 2.58152E-1 1.65573E-1 3.57022E-1 3.39733E-1 3.75444E-1 4.84965E-1 4.4503E-1 3.50063E-1 3.2267E-1 1.49597E-1 9.25491E-2 1.98208E-1 3.13359E-1 2.69441E-1 3.41908E-1 2.69347E-1 2.15731E-1 1.69279E-1 1.54272E-1 1.64317E-1 2.02383E-1 1.40715E-1
-9999 -9999 -9999 -9999 -9999 -9999 -9999 -9999 -9999 -9999 3.63058E-1 4.23967E-1 3.18299E-1 3.00162E-1 3.87391E-1 4.27919E-1 3.01581E-1 2.6244E-1 4.72675E-1 5.05083E-1 6.56937E-1 6.98485E-1 6.7737E-1 5.64893E-1 4.88854E-1 2.68796E-1 2.39181E-1 2.38174E-1 2.56922E-1 2.84288E-1 2.5621E-1 2.87286E-1 -9999 1.8975E-1 1.78781E-1 1.91576E-1 2.24764E-1 2.66995E-1 2.88225E-1 1.39317E-1 3.63201E-1 3.63666E-1 5.1082E-1 2.9242E-1 3.58703E-1 2.01923E-1 1.03297E-1 8.4317E-2 1.99026E-1 2.05956E-1 4.55015E-1 2.73877E-1 3.57532E-1 2.93603E-1 2.29376E-1 1.79158E-1 1.65108E-1 1.72376E-1 2.08567E-1 3.59086E-1
-9999 -9999 -9999 -9999 -9999 -9999 -9999 -9999 -9999 -9999 2.27122E-1 2.92421E-1 3.1643E-1 3.26144E-1 2.46526E-1 4.1457E-1 3.43765E-1 4.99593E-1 2.41024E-1 4.13115E-1 4.43204E-1 5.71489E-1 3.47951E-1 4.61847E-1 5.56434E-1 3.39304E-1 3.03791E-1 2.90287E-1 3.04171E-1 3.1286E-1 2.78558E-1 2.55473E-1 1.7427E-1 2.63742E-1 2.31815E-1 2.63707E-1 3.05523E-1 1.51581E-1 3.20756E-1 3.38004E-1 2.07796E-1 4.24686E-1 3.0894E-1 4.183E-1 2.9171E-1 1.99814E-1 2.10618E-1 1.83011E-1 1.81283E-1 1.93731E-1 4.53944E-1 3.24564E-1 3.30183E-1 3.01359E-1 2.47961E-1 2.0553E-1 1.8093E-1 1.83661E-1 2.19983E-1 2.77452E-1
-9999 -9999 -9999 -9999 -9999 -9999 -9999 -9999 -9999 -9999 2.38938E-1 2.72724E-1 3.14199E-1 3.49204E-1 3.9041E-1 3.94127E-1 2.53414E-1 3.52539E-1 4.64088E-1 4.72782E-1 5.11696E-1 6.01909E-1 5.9383E-1 6.32715E-1 5.03861E-1 1.98936E-1 2.49873E-1 3.38579E-1 1.42481E-1 1.96692E-1 1.37631E-1 2.87056E-1 1.75864E-1 2.90821E-1 2.57559E-1 2.9291E-1 1.44653E-1 2.52919E-1 3.53472E-1 1.96455E-1 3.47661E-1 5.0684E-1 4.97126E-1 3.52421E-1 2.59745E-1 1.88853E-1 1.67447E-1 1.55137E-1 1.54477E-1 1.95399E-1 4.28392E-1 2.94117E-1 3.94562E-1 3.42453E-1 2.90713E-1 2.29512E-1 2.03373E-1 2.04961E-1 2.50898E-1 3.07452E-1
-9999 -9999 -9999 -9999 -9999 -9999 -9999 -9999 -9999 -9999 2.07807E-1 2.42617E-1 2.98745E-1 3.35043E-1 3.81059E-1 4.34267E-1 4.51616E-1 4.80252E-1 2.50735E-1 5.28982E-1 6.13047E-1 6.26929E-1 5.81969E-1 5.81302E-1 5.07174E-1 3.3633E-1 3.04485E-1 2.47953E-1 3.48108E-1 3.1522E-1 2.91159E-1 1.52529E-1 1.50678E-1 1.43175E-1 3.15862E-1 2.81507E-1 2.90361E-1 3.08064E-1 1.93602E-1 3.29484E-1 3.83889E-1 4.4608E-1 3.91661E-1 2.64571E-1 2.07528E-1 1.50831E-1 1.41742E-1 1.278E-1 1.30603E-1 1.86715E-1 4.02975E-1 4.62414E-1 3.01377E-1 1.84671E-1 3.04984E-1 2.3157E-1 1.96386E-1 2.14167E-1 2.68019E-1 3.20143E-1
-9999 -9999 -9999 -9999 -9999 -9999 -9999 -9999 -9999 -9999 2.43331E-1 2.47826E-1 3.11736E-1 3.42511E-1 3.5671E-1 3.67462E-1 3.74084E-1 4.01052E-1 5.20874E-1 5.59733E-1 5.2202E-1 5.30071E-1 5.82872E-1 5.24987E-1 4.87111E-1 4.61102E-1 4.81885E-1 4.78588E-1 4.12948E-1 3.55203E-1 2.28464E-1 2.41185E-1 2.44929E-1 2.42842E-1 1.62985E-1 3.85971E-1 3.60587E-1 2.81838E-1 4.81944E-1 3.65387E-1 4.28387E-1 3.87971E-1 2.50705E-1 2.19417E-1 2.02699E-1 2.06304E-1 1.97331E-1 1.87848E-1 2.07289E-1 2.96263E-1 4.87298E-1 5.2995E-1 4.264E-1 4.37388E-1 3.88247E-1 2.35571E-1 2.00413E-1 2.15688E-1 2.77373E-1 3.47081E-1
-9999 -9999 -9999 -9999 -9999 -9999 -9999 -9999 -9999 -9999 2.10912E-1 2.37668E-1 2.96681E-1 3.00475E-1 2.96705E-1 3.15313E-1 3.36169E-1 3.66636E-1 2.24176E-1 6.09259E-1 6.71164E-1 3.56073E-1 4.63281E-1 5.60685E-1 5.36381E-1 4.47597E-1 4.18255E-1 3.70541E-1 3.30059E-1 2.89304E-1 1.8495E-1 1.95942E-1 2.05189E-1 2.35815E-1 2.92033E-1 4.08542E-1 3.33203E-1 2.11887E-1 4.60816E-1 4.40604E-1 3.75672E-1 3.35615E-1 2.11087E-1 2.0231E-1 1.87429E-1 1.78402E-1 1.7577E-1 1.74076E-1 1.97645E-1 3.70779E-1 4.37736E-1 4.74113E-1 3.51E-1 3.9585E-1 3.44273E-1 2.14894E-1 1.90091E-1 2.25475E-1 2.57139E-1 3.16552E-1
-9999 -9999 -9999 -9999 -9999 -9999 -9999 -9999 -9999 8.11376E-3 1.88602E-1 2.47677E-1 2.6925E-1 2.52436E-1 2.60392E-1 2.81881E-1 3.04513E-1 2.38052E-1 4.20993E-1 5.6416E-1 6.12023E-1 6.04089E-1 6.06151E-1 4.51547E-1 6.23495E-1 5.4551E-1 4.36791E-1 3.50455E-1 2.93312E-1 2.45374E-1 1.63555E-1 1.66196E-1 1.81207E-1 2.29081E-1 3.64943E-1 2.16895E-1 3.30473E-1 3.76312E-1 4.35412E-1 4.04646E-1 3.34365E-1 3.24814E-1 2.46535E-1 2.34754E-1 2.11339E-1 2.17897E-1 2.16188E-1 2.18152E-1 2.94141E-1 3.4166E-1 3.93366E-1 3.46859E-1 3.74437E-1 3.74047E-1 3.01475E-1 1.97533E-1 1.8903E-1 2.20283E-1 2.56629E-1 3.01307E-1
-9999 -9999 -9999 -9999 -9999 -9999 -9999 -9999 -9999 7.14635E-3 1.96863E-1 2.29836E-1 2.3219E-1 2.22289E-1 2.43193E-1 2.79029E-1 2.7173E-1 1.50726E-1 4.79011E-1 5.27067E-1 5.42855E-1 5.65153E-1 5.88468E-1 6.58267E-1 5.2545E-1 4.11708E-1 4.02431E-1 3.32457E-1 3.10035E-1 2.50752E-1 1.41618E-1 1.40606E-1 1.69745E-1 2.35723E-1 3.19414E-1 3.51932E-1 2.22529E-1 3.6958E-1 4.32634E-1 3.75086E-1 3.11861E-1 2.8232E-1 2.67837E-1 2.53669E-1 2.52392E-1 2.64922E-1 2.85621E-1 3.22857E-1 3.20983E-1 3.31155E-1 3.6691E-1 2.85298E-1 3.58689E-1 3.38785E-1 2.79063E-1 1.93469E-1 2.01284E-1 2.20487E-1 2.57009E-1 3.07376E-1
-9999 -9999 -9999 -9999 -9999 -9999 -9999 -9999 -9999 7.34502E-3 1.94357E-1 1.93203E-1 2.03637E-1 2.04371E-1 2.30001E-1 2.66983E-1 2.68561E-1 3.22166E-1 5.02394E-1 4.6256E-1 5.05489E-1 5.09777E-1 4.98724E-1 5.06932E-1 4.83886E-1 2.40654E-1 3.97739E-1 3.52109E-1 3.48142E-1 2.89462E-1 1.90751E-1 1.52567E-1 1.9468E-1 2.47069E-1 2.89332E-1 3.51125E-1 1.92081E-1 3.8182E-1 3.99083E-1 3.44364E-1 3.11306E-1 3.22373E-1 3.11314E-1 2.9146E-1 3.23425E-1 3.53237E-1 4.12731E-1 3.76318E-1 3.45225E-1 3.60481E-1 3.30482E-1 3.19057E-1 4.45536E-1 4.88048E-1 3.48738E-1 2.35959E-1 2.18955E-1 2.24447E-1 2.63627E-1 3.18206E-1
-9999 -9999 -9999 -9999 -9999 -9999 -9999 -9999 1.59334E-1 1.75674E-1 1.80573E-1 1.72602E-1 2.27176E-1 2.69836E-1 2.11285E-1 1.55769E-1 1.1777E-1 4.34328E-1 3.54171E-1 3.6447E-1 3.80529E-1 3.79985E-1 3.44457E-1 3.28112E-1 3.57902E-1 4.09272E-1 1.84901E-1 4.00052E-1 3.97752E-1 3.50998E-1 3.22488E-1 2.5235E-1 3.25462E-1 3.19278E-1 3.23669E-1 2.00914E-1 3.58191E-1 4.17258E-1 3.67221E-1 3.23301E-1 3.55691E-1 3.49532E-1 3.06843E-1 2.45062E-1 4.90567E-1 5.5015E-1 5.10801E-1 4.68954E-1 4.58065E-1 4.22668E-1 3.84182E-1 4.54836E-1 5.19466E-1 5.38459E-1 4.15638E-1 3.58212E-1 3.37899E-1 3.03874E-1 3.40779E-1 3.95541E-1
-9999 -9999 -9999 -9999 -9999 -9999 -9999 -9999 1.61951E-1 1.603E-1 1.6672E-1 1.13312E-1 1.88807E-1 2.29099E-1 1.95722E-1 1.34119E-1 2.30138E-1 3.07231E-1 3.54359E-1 3.87513E-1 3.8407E-1 3.3369E-1 4.44518E-1 4.52438E-1 4.20715E-1 3.74637E-1 3.88404E-1 2.22489E-1 4.23406E-1 3.86415E-1 3.75534E-1 3.63381E-1 3.86145E-1 3.37446E-1 2.52139E-1 3.47807E-1 3.78362E-1 3.84502E-1 3.30771E-1 2.8817E-1 3.38955E-1 2.76444E-1 2.90442E-1 3.96172E-1 5.02853E-1 5.65999E-1 5.25831E-1 5.10111E-1 4.21829E-1 4.34592E-1 3.911E-1 5.39271E-1 5.75571E-1 5.07451E-1 4.3432E-1 3.92017E-1 3.57436E-1 3.32939E-1 3.31378E-1 3.65567E-1
-9999 -9999 -9999 -9999 -9999 -9999 -9999 -9999 1.68521E-1 1.66159E-1 1.04881E-1 2.27339E-1 1.19641E-1 1.06262E-1 1.1063E-1 1.24147E-1 1.08869E-1 2.5335E-1 4.03554E-1 4.37881E-1 4.44216E-1 4.17122E-1 4.22127E-1 4.3545E-1 4.41829E-1 4.0833E-1 1.892E-1 4.20275E-1 2.30135E-1 3.84414E-1 4.4319E-1 4.25557E-1 3.689E-1 1.51695E-1 3.66606E-1 4.49609E-1 3.93266E-1 3.78441E-1 3.26974E-1 3.09766E-1 2.72204E-1 2.90539E-1 3.70847E-1 3.93829E-1 5.51875E-1 5.62184E-1 5.62395E-1 4.44684E-1 4.63368E-1 5.41102E-1 5.70686E-1 5.80939E-1 6.00486E-1 2.90261E-1 2.80423E-1 2.70209E-1 3.93602E-1 3.48807E-1 3.13059E-1 3.24212E-1
-9999 -9999 -9999 -9999 -9999 -9999 -9999 1.57846E-1 1.67899E-1 2.65716E-1 2.11246E-1 1.47334E-1 1.48871E-1 1.48073E-1 1.27476E-1 1.1788E-1 1.64643E-1 3.31069E-1 3.24928E-1 4.20905E-1 4.349E-1 4.56419E-1 4.22939E-1 4.04594E-1 3.79372E-1 3.72387E-1 4.06092E-1 3.27793E-1 4.18016E-1 2.07602E-1 3.34862E-1 4.31674E-1 2.08374E-1 3.74257E-1 4.24618E-1 4.42686E-1 4.01271E-1 3.6E-1 3.15873E-1 3.26213E-1 3.00624E-1 4.49536E-1 5.2213E-1 4.73317E-1 5.44961E-1 6.0681E-1 5.56038E-1 4.76445E-1 5.73027E-1 5.97998E-1 5.46648E-1 4.67844E-1 4.56354E-1 4.49336E-1 4.39763E-1 4.02679E-1 3.78459E-1 3.3943E-1 3.063E-1 3.13502E-1
-9999 -9999 -9999 -9999 -9999 -9999 -9999 1.19863E-1 1.62498E-1 1.73519E-1 1.5568E-1 1.9395E-1 2.37164E-1 2.25805E-1 2.20315E-1 2.2711E-1 2.70225E-1 2.87624E-1 2.85496E-1 3.4965E-1 3.52424E-1 3.52708E-1 3.24048E-1 3.57264E-1 3.42903E-1 3.42625E-1 3.70709E-1 4.4075E-1 2.12179E-1 4.64113E-1 4.70091E-1 3.27895E-1 3.621E-1 4.21795E-1 4.08524E-1 4.18687E-1 3.78569E-1 3.36775E-1 3.25939E-1 3.54688E-1 3.99661E-1 4.5053E-1 5.22536E-1 3.63363E-1 4.93274E-1 2.5168E-1 3.02874E-1 3.4788E-1 4.62187E-1 3.63061E-1 3.54015E-1 5.9764E-1 5.7857E-1 4.23784E-1 3.92934E-1 3.49026E-1 3.45196E-1 3.31142E-1 2.97511E-1 3.4128E-1
-9999 -9999 -9999 -9999 -9999 -9999 -9999 1.10077E-1 2.68055E-1 3.2466E-1 3.48984E-1 4.14469E-1 4.46817E-1 4.47492E-1 4.31037E-1 3.55596E-1 3.51967E-1 4.24242E-1 3.66735E-1 3.95122E-1 4.12278E-1 4.29664E-1 4.11683E-1 4.11352E-1 3.95231E-1 3.94111E-1 4.54296E-1 5.10595E-1 5.4972E-1 5.30529E-1 5.7629E-1 4.91444E-1 5.64371E-1 5.22999E-1 4.53491E-1 4.60068E-1 4.16439E-1 4.20681E-1 4.41061E-1 4.83773E-1 5.90174E-1 6.11875E-1 6.13003E-1 3.43247E-1 5.79695E-1 6.69259E-1 7.32693E-1 7.45757E-1 7.48621E-1 7.27286E-1 5.59668E-1 6.54242E-1 5.6935E-1 4.57291E-1 4.18535E-1 3.90542E-1 3.86532E-1 3.70969E-1 3.41202E-1 3.93059E-1
-9999 -9999 -9999 -9999 -9999 -9999 1.98498E-1 2.63798E-1 3.19821E-1 4.07621E-1 4.45271E-1 4.71929E-1 5.06456E-1 5.19839E-1 5.11543E-1 4.30243E-1 4.1546E-1 5.4063E-1 4.35423E-1 4.02362E-1 3.95702E-1 3.96301E-1 3.85402E-1 3.71378E-1 3.63799E-1 3.81441E-1 4.36832E-1 4.81976E-1 5.56982E-1 5.88449E-1 5.9104E-1 3.96502E-1 5.74558E-1 5.20025E-1 3.95806E-1 4.16745E-1 3.40641E-1 3.72352E-1 4.84068E-1 5.35531E-1 5.84602E-1 5.21196E-1 3.25489E-1 5.71879E-1 6.21053E-1 6.64242E-1 7.19007E-1 7.34429E-1 7.55901E-1 6.61476E-1 6.5146E-1 6.28174E-1 5.76875E-1 4.92613E-1 3.6901E-1 3.61651E-1 3.48393E-1 3.34208E-1 3.46643E-1 1.8276E-1
-9999 -9999 -9999 -9999 -9999 -9999 1.1757E-1 3.67154E-1 4.01641E-1 4.70435E-1 4.72737E-1 5.115E-1 5.57351E-1 5.77096E-1 5.64413E-1 4.93395E-1 5.09858E-1 6.16773E-1 4.4368E-1 4.11597E-1 3.83515E-1 3.7509E-1 3.61678E-1 3.48608E-1 3.42537E-1 3.41167E-1 4.01371E-1 4.16072E-1 4.77385E-1 5.84644E-1 5.88852E-1 4.14327E-1 5.78154E-1 4.6803E-1 3.71369E-1 4.46808E-1 3.88875E-1 4.13642E-1 4.75014E-1 4.79712E-1 5.33517E-1 3.70794E-1 5.85703E-1 6.00079E-1 6.56667E-1 7.27563E-1 7.57992E-1 7.08001E-1 5.51096E-1 6.86348E-1 6.6559E-1 5.33713E-1 5.6979E-1 5.16842E-1 3.35564E-1 3.55456E-1 3.12425E-1 2.99201E-1 3.34504E-1 3.22392E-1
-9999 -9999 -9999 -9999 -9999 -9999 -9999 3.91993E-1 4.5377E-1 5.43508E-1 5.22075E-1 5.67179E-1 6.04003E-1 6.30239E-1 6.41089E-1 5.82728E-1 6.46437E-1 6.30829E-1 4.93217E-1 4.92201E-1 4.81111E-1 4.54166E-1 3.62323E-1 2.92677E-1 3.20995E-1 3.11097E-1 3.78355E-1 4.00216E-1 4.69468E-1 5.4373E-1 5.78675E-1 4.35819E-1 5.85532E-1 4.55451E-1 4.43543E-1 4.787E-1 3.78629E-1 4.18645E-1 4.51882E-1 4.93152E-1 4.73329E-1 5.73588E-1 5.99351E-1 6.13501E-1 6.81041E-1 6.07216E-1 6.22748E-1 7.64893E-1 7.42695E-1 5.9844E-1 5.90187E-1 5.70878E-1 5.46509E-1 2.29727E-1 4.0362E-1 3.91683E-1 3.31579E-1 3.02142E-1 3.45613E-1 3.40638E-1
-9999 -9999 -9999 -9999 -9999 -9999 -9999 3.96947E-1 5.79665E-1 6.08873E-1 5.57651E-1 5.75516E-1 6.08239E-1 6.52142E-1 4.70874E-1 5.12421E-1 5.97009E-1 6.39014E-1 5.45843E-1 5.82577E-1 5.08317E-1 4.01163E-1 3.05948E-1 2.77744E-1 2.81826E-1 2.86773E-1 3.40552E-1 3.94792E-1 4.54691E-1 4.94955E-1 5.17587E-1 4.82301E-1 5.56877E-1 4.91318E-1 5.03954E-1 3.20544E-1 3.89197E-1 4.46714E-1 4.72686E-1 2.49664E-1 6.42296E-1 6.27382E-1 5.82154E-1 6.05046E-1 6.68497E-1 7.41923E-1 7.40498E-1 7.28345E-1 6.44737E-1 5.37444E-1 4.79333E-1 4.51935E-1 4.25457E-1 4.73463E-1 3.39506E-1 4.12455E-1 3.41223E-1 3.33858E-1 4.58443E-1 5.06732E-1
-9999 -9999 -9999 -9999 -9999 -9999 -9999 -9999 2.65835E-1 5.9516E-1 3.92992E-1 3.82572E-1 4.2909E-1 4.80483E-1 6.06742E-1 8.21825E-1 8.22551E-1 6.33448E-1 7.97334E-1 7.5235E-1 5.42175E-1 4.23385E-1 3.49192E-1 3.28612E-1 3.37791E-1 3.22211E-1 3.68523E-1 4.20965E-1 5.01037E-1 5.52732E-1 6.40836E-1 6.86089E-1 6.43163E-1 6.51279E-1 5.32289E-1 4.53658E-1 5.03483E-1 5.67778E-1 3.75265E-1 6.36576E-1 6.5752E-1 6.07649E-1 5.46561E-1 5.73197E-1 6.05868E-1 5.27502E-1 6.20215E-1 5.52693E-1 4.81487E-1 4.69576E-1 5.17166E-1 5.00586E-1 5.07766E-1 5.28699E-1 2.76084E-1 5.10488E-1 3.74386E-1 3.78526E-1 4.22545E-1 5.83933E-1
-9999 -9999 -9999 -9999 -9999 -9999 -9999 -9999 3.76537E-1 4.67155E-1 2.44108E-1 3.17992E-1 3.98245E-1 4.61895E-1 6.14447E-1 7.9016E-1 7.71815E-1 8.17559E-1 7.99984E-1 7.26423E-1 4.99245E-1 4.17058E-1 3.61054E-1 3.57004E-1 3.76656E-1 3.50606E-1 3.85356E-1 4.37203E-1 5.28013E-1 6.00288E-1 6.36684E-1 6.80811E-1 6.00471E-1 5.79282E-1 3.90965E-1 4.79225E-1 5.2712E-1 6.12822E-1 5.29066E-1 6.63882E-1 6.20943E-1 5.74519E-1 5.19569E-1 4.25596E-1 5.02674E-1 4.48931E-1 5.66142E-1 5.57652E-1 4.68848E-1 4.22749E-1 4.62149E-1 4.70751E-1 5.39576E-1 5.05485E-1 6.19002E-1 5.59501E-1 4.1121E-1 2.14317E-1 5.82035E-1 4.69835E-1
-9999 -9999 -9999 -9999 -9999 -9999 -9999 -9999 1.69513E-1 3.20098E-1 2.45495E-1 3.00677E-1 3.52577E-1 4.68554E-1 5.64755E-1 7.56798E-1 7.58294E-1 7.8416E-1 7.5866E-1 6.5434E-1 4.72891E-1 4.27843E-1 3.72173E-1 3.91553E-1 4.14489E-1 4.00267E-1 4.40456E-1 4.84404E-1 5.71342E-1 6.51301E-1 6.62514E-1 5.2204E-1 6.75986E-1 4.67063E-1 4.132E-1 5.06626E-1 6.25028E-1 5.53026E-1 6.77492E-1 6.61447E-1 6.19412E-1 5.53002E-1 4.83403E-1 3.78696E-1 4.31691E-1 3.84653E-1 4.91192E-1 5.02267E-1 5.02387E-1 5.09038E-1 5.53267E-1 4.91097E-1 6.45901E-1 6.31154E-1 6.70356E-1 3.72728E-1 4.40557E-1 4.96415E-1 4.28865E-1 2.65575E-1
-9999 -9999 -9999 -9999 -9999 -9999 -9999 -9999 -9999 3.54338E-1 2.78027E-1 2.96304E-1 4.20895E-1 4.4517E-1 5.12252E-1 7.22814E-1 7.39592E-1 7.44138E-1 6.78519E-1 6.20924E-1 4.49013E-1 4.21831E-1 3.94252E-1 4.21838E-1 4.60992E-1 4.53893E-1 4.95153E-1 5.36784E-1 5.8326E-1 6.91197E-1 5.89586E-1 5.13762E-1 6.63969E-1 4.52356E-1 4.15692E-1 6.03551E-1 6.61279E-1 6.74577E-1 6.61991E-1 6.33543E-1 5.98835E-1 4.8556E-1 4.06297E-1 3.34928E-1 3.48195E-1 3.19878E-1 3.76952E-1 4.40766E-1 4.70793E-1 5.07566E-1 5.99275E-1 6.35315E-1 6.69493E-1 7.04652E-1 6.90749E-1 4.9043E-1 4.46618E-1 3.80779E-1 2.13771E-1 4.06312E-1
-9999 -9999 -9999 -9999 -9999 -9999 -9999 -9999 -9999 4.31848E-1 3.25456E-1 4.25565E-1 4.60699E-1 4.93759E-1 5.48687E-1 7.41639E-1 7.38698E-1 7.34741E-1 6.60097E-1 6.04847E-1 4.68113E-1 4.47587E-1 4.19733E-1 4.40207E-1 4.89882E-1 4.91468E-1 5.54334E-1 5.95419E-1 6.06073E-1 4.92469E-1 6.56466E-1 3.41544E-1 6.59456E-1 6.36143E-1 6.15803E-1 6.00405E-1 5.85167E-1 5.60314E-1 6.13223E-1 5.93587E-1 5.66698E-1 4.41065E-1 3.94821E-1 3.18906E-1 3.41838E-1 3.21195E-1 3.55307E-1 3.48009E-1 4.00057E-1 5.1902E-1 6.21754E-1 6.62531E-1 6.95491E-1 7.18125E-1 4.61397E-1 3.05172E-1 2.49055E-1 2.42237E-1 4.98961E-1 4.92822E-1
-9999 -9999 -9999 -9999 -9999 -9999 -9999 -9999 -9999 4.14894E-1 4.26631E-1 4.62647E-1 5.16421E-1 5.58044E-1 6.5165E-1 7.68569E-1 7.4209E-1 7.62034E-1 7.0781E-1 6.9165E-1 5.9921E-1 5.17461E-1 4.57931E-1 5.05939E-1 5.59792E-1 5.95317E-1 6.67082E-1 4.54486E-1 6.32895E-1 6.86191E-1 5.24106E-1 5.4326E-1 5.5807E-1 5.33212E-1 6.04201E-1 6.49905E-1 4.38445E-1 4.42651E-1 4.97749E-1 5.31712E-1 4.78796E-1 4.23914E-1 3.71193E-1 3.29758E-1 4.05692E-1 4.6065E-1 4.79949E-1 4.99168E-1 5.56494E-1 5.42106E-1 5.14854E-1 5.85013E-1 7.09172E-1 6.01509E-1 3.88492E-1 5.21513E-1 4.5269E-1 4.24364E-1 4.73037E-1 5.84557E-1
