Phytophthora/models/20240430_1155_37/Phytophthora_PA3_RUN7_MAXENT_outputs/Phytophthora_PA3_RUN7.asc
ncols         225
nrows         269
xllcorner     473000.0
yllcorner     4429100.0
cellsize      50.0
NODATA_value  -9999
[rows 81 to 107 of 269, columns 0 to 59 of 225]
-9999 -9999 -9999 -9999 -9999 -9999 -9999 -9999 -9999 -9999 -9999 -9999 -9999 -9999 -9999 -9999 -9999 -9999 -9999 -9999 -9999 -9999 -9999 -9999 -9999 -9999 -9999 -9999 -9999 -9999 -9999 -9999 3.06653E-3 2.51303E-3 2.78116E-3 2.73594E-3 3.99661E-3 6.84669E-3 8.16039E-3 7.21193E-3 1.70893E-2 1.44508E-2 1.52311E-2 1.63802E-2 1.52112E-2 1.4084E-2 1.73937E-2 1.11169E-2 1.07495E-2 2.57475E-2 1.8403E-2 3.28049E-2 2.51347E-2 2.7832E-2 1.11685E-2 5.12759E-2 4.32388E-2 1.71107E-2 5.46137E-2 3.45833E-2
-9999 -9999 -9999 -9999 -9999 -9999 -9999 -9999 -9999 -9999 -9999 -9999 -9999 -9999 -9999 -9999 -9999 -9999 -9999 -9999 -9999 -9999 -9999 -9999 -9999 -9999 -9999 -9999 -9999 -9999 -9999 -9999 4.12298E-3 4.6987E-3 3.95745E-3 3.36381E-3 4.77434E-3 6.96805E-3 4.68549E-3 1.07557E-2 6.53482E-3 1.38524E-2 1.3082E-2 2.20716E-2 2.02992E-2 1.64247E-2 1.95869E-2 2.35842E-2 2.49857E-2 3.09286E-2 2.96734E-2 3.97888E-2 3.47532E-2 3.81163E-2 4.14557E-2 3.06164E-2 1.98499E-2 4.30178E-2 3.40521E-2 4.78707E-2
-9999 -9999 -9999 -9999 -9999 -9999 -9999 -9999 -9999 -9999 -9999 -9999 -9999 -9999 -9999 -9999 -9999 -9999 -9999 -9999 -9999 -9999 -9999 -9999 -9999 -9999 -9999 -9999 -9999 -9999 -9999 -9999 5.74413E-3 6.56762E-3 4.86656E-3 4.26138E-3 4.34721E-3 6.86544E-3 5.55298E-3 9.96783E-3 1.15245E-2 5.78785E-3 8.72986E-3 2.97521E-2 2.37964E-2 2.07846E-2 1.93574E-2 2.62168E-2 2.61191E-2 2.93409E-2 2.54531E-2 3.23279E-2 4.35204E-2 3.73393E-2 4.71228E-2 8.2671E-2 2.09514E-2 4.78576E-2 3.11376E-2 3.73622E-2
-9999 -9999 -9999 -9999 -9999 -9999 -9999 -9999 -9999 -9999 -9999 -9999 -9999 -9999 -9999 -9999 -9999 -9999 -9999 -9999 -9999 -9999 -9999 -9999 -9999 -9999 -9999 -9999 -9999 -9999 -9999 -9999 -9999 7.65203E-3 7.96031E-3 8.47908E-3 7.72387E-3 9.16997E-3 5.53364E-3 1.19862E-2 1.46348E-2 1.90274E-2 3.10629E-2 2.80124E-2 1.45706E-2 2.15785E-2 2.15748E-2 3.20282E-2 3.98471E-2 3.58855E-2 2.75118E-2 2.01141E-2 3.83879E-2 4.08495E-2 5.22543E-2 8.94193E-2 3.98506E-2 7.07814E-2 3.4573E-2 3.87381E-2
-9999 -9999 -9999 -9999 -9999 -9999 -9999 -9999 -9999 -9999 -9999 -9999 -9999 -9999 -9999 -9999 -9999 -9999 -9999 -9999 -9999 -9999 -9999 -9999 -9999 -9999 -9999 -9999 -9999 -9999 -9999 -9999 -9999 9.17385E-3 1.18763E-2 1.53127E-2 2.05992E-2 1.82704E-2 9.25926E-3 1.71146E-2 2.4376E-2 2.38911E-2 2.77723E-2 2.91556E-2 2.96622E-2 7.95713E-3 2.37854E-2 2.964E-2 5.7501E-2 3.5792E-2 1.40065E-2 3.07029E-2 2.76296E-2 3.8374E-2 6.21345E-2 7.19261E-2 3.7619E-2 4.28539E-2 3.83468E-2 4.19502E-2
-9999 -9999 -9999 -9999 -9999 -9999 -9999 -9999 -9999 -9999 -9999 -9999 -9999 -9999 -9999 -9999 -9999 -9999 -9999 -9999 -9999 -9999 -9999 -9999 -9999 -9999 -9999 -9999 -9999 -9999 -9999 -9999 -9999 -9999 7.17809E-2 2.09584E-2 1.53947E-2 1.78675E-2 8.9414E-3 1.98072E-2 1.88505E-2 1.58601E-2 1.71961E-2 1.91091E-2 2.50606E-2 1.58933E-2 2.73083E-2 2.06261E-2 3.2156E-2 6.241E-2 3.02482E-2 1.16231E-2 3.02832E-2 3.34028E-2 5.55753E-2 3.22084E-2 1.54636E-2 2.94705E-2 3.08964E-2 2.83166E-2
-9999 -9999 -9999 -9999 -9999 -9999 -9999 -9999 -9999 -9999 -9999 -9999 -9999 -9999 -9999 -9999 -9999 -9999 -9999 -9999 -9999 -9999 -9999 -9999 -9999 -9999 -9999 -9999 -9999 -9999 -9999 -9999 -9999 -9999 3.92612E-2 1.6563E-2 1.9874E-2 1.03978E-2 2.09047E-2 2.48368E-2 1.86062E-2 1.95072E-2 1.97679E-2 2.00879E-2 2.82609E-2 3.06105E-2 1.2161E-2 3.09338E-2 3.04912E-2 5.3338E-2 2.76021E-2 3.19051E-2 1.09939E-2 3.15686E-2 5.55785E-2 6.26596E-2 4.34987E-2 1.75011E-2 3.84132E-2 3.42287E-2
-9999 -9999 -9999 -9999 -9999 -9999 -9999 -9999 -9999 -9999 -9999 -9999 -9999 -9999 -9999 -9999 -9999 -9999 -9999 -9999 -9999 -9999 -9999 -9999 -9999 -9999 -9999 -9999 -9999 -9999 -9999 -9999 -9999 -9999 4.49119E-2 1.9816E-2 1.27533E-2 2.60293E-2 2.50288E-2 2.67652E-2 2.35171E-2 2.57476E-2 2.77942E-2 2.6253E-2 3.50555E-2 3.03092E-2 3.17114E-2 2.94556E-2 2.58271E-2 2.12787E-2 2.12201E-2 2.10757E-2 2.65257E-2 1.72762E-2 2.5172E-2 5.9523E-2 6.63466E-2 5.40184E-2 2.33516E-2 3.93814E-2
-9999 -9999 -9999 -9999 -9999 -9999 -9999 -9999 -9999 -9999 -9999 -9999 -9999 -9999 -9999 -9999 -9999 -9999 -9999 -9999 -9999 -9999 -9999 -9999 -9999 -9999 -9999 -9999 -9999 -9999 -9999 -9999 -9999 -9999 4.65309E-2 2.12078E-2 2.69241E-2 1.6053E-2 3.01839E-2 2.91727E-2 3.02842E-2 1.4805E-2 3.1576E-2 3.49292E-2 4.99124E-2 1.16918E-2 3.08206E-2 2.70588E-2 2.52203E-2 1.92481E-2 1.70421E-2 1.97495E-2 2.47022E-2 2.74811E-2 4.8956E-2 6.89211E-2 3.23021E-2 1.87551E-2 1.8752E-2 3.63289E-2
-9999 -9999 -9999 -9999 -9999 -9999 -9999 -9999 -9999 -9999 -9999 -9999 -9999 -9999 -9999 -9999 -9999 -9999 -9999 -9999 -9999 -9999 -9999 -9999 -9999 -9999 -9999 -9999 -9999 -9999 -9999 -9999 -9999 -9999 4.98856E-2 2.46318E-2 3.01664E-2 2.72443E-2 3.49996E-2 2.86759E-2 3.84711E-2 1.83869E-2 3.69081E-2 4.16615E-2 6.85542E-2 2.05494E-2 3.32212E-2 2.59117E-2 2.1109E-2 1.74142E-2 1.48949E-2 1.70551E-2 1.98646E-2 2.41152E-2 3.53509E-2 5.68704E-2 6.04963E-2 3.61912E-2 1.63105E-2 2.44951E-2
-9999 -9999 -9999 -9999 -9999 -9999 -9999 -9999 -9999 -9999 -9999 -9999 -9999 -9999 -9999 -9999 -9999 -9999 -9999 -9999 -9999 -9999 -9999 -9999 -9999 -9999 -9999 -9999 -9999 -9999 -9999 -9999 -9999 3.39415E-2 4.04123E-2 2.09528E-2 2.85804E-2 2.9388E-2 2.85302E-2 2.5314E-2 2.87956E-2 4.34302E-2 4.06634E-2 4.38191E-2 6.49918E-2 2.67732E-2 4.05478E-2 3.03799E-2 2.30128E-2 1.78184E-2 1.08091E-2 1.06288E-2 1.33445E-2 1.82632E-2 2.89653E-2 6.12521E-2 6.62887E-2 2.43129E-2 2.26605E-2 3.58557E-2
-9999 -9999 -9999 -9999 -9999 -9999 -9999 -9999 -9999 -9999 -9999 -9999 -9999 -9999 -9999 -9999 -9999 -9999 -9999 -9999 -9999 -9999 3.90186E-2 4.16943E-2 -9999 -9999 -9999 -9999 -9999 -9999 2.80232E-2 3.18758E-2 3.52568E-2 4.3481E-2 4.65785E-2 2.01831E-2 2.73996E-2 2.80091E-2 1.52311E-2 3.23481E-2 2.9435E-2 5.23295E-2 4.26559E-2 4.67843E-2 5.42219E-2 4.70412E-2 5.47373E-2 3.26853E-2 2.95616E-2 2.15177E-2 1.27805E-2 1.25057E-2 1.50262E-2 2.77036E-2 3.75177E-2 2.18289E-2 1.5196E-2 3.43381E-2 2.67106E-2 1.5847E-2
-9999 -9999 -9999 -9999 -9999 -9999 -9999 -9999 -9999 -9999 -9999 -9999 -9999 -9999 -9999 -9999 -9999 -9999 1.61547E-3 4.70937E-3 3.43603E-2 3.93914E-2 4.26027E-2 4.91048E-2 3.94108E-2 1.14119E-2 1.61815E-2 8.63855E-3 6.60005E-3 8.58848E-3 4.07608E-2 4.71524E-2 4.96485E-2 4.43825E-2 4.1854E-2 2.05304E-2 2.62619E-2 1.92112E-2 1.95243E-2 3.29674E-2 3.03774E-2 4.48842E-2 3.84169E-2 2.4039E-2 2.03345E-2 7.55615E-2 6.68426E-2 4.70942E-2 3.7777E-2 2.58904E-2 1.56468E-2 1.15709E-2 1.43489E-2 1.4567E-2 6.90126E-3 -9999 1.4129E-2 2.50466E-2 2.56379E-2 3.20326E-2
-9999 -9999 -9999 -9999 -9999 -9999 -9999 -9999 -9999 -9999 -9999 -9999 -9999 -9999 -9999 -9999 -9999 1.93183E-3 1.7519E-3 4.04024E-3 3.02607E-2 3.75763E-2 4.20594E-2 4.92773E-2 4.47104E-2 3.96514E-3 2.29783E-3 7.05868E-3 7.10311E-3 1.07126E-2 6.02649E-2 6.81059E-2 7.15866E-2 5.97225E-2 5.50691E-2 2.53676E-2 1.20478E-2 1.71745E-2 1.10896E-2 3.06329E-2 2.94307E-2 4.27892E-2 5.79265E-2 4.46226E-2 3.66776E-2 3.81216E-2 7.3273E-2 4.7431E-2 2.95734E-2 2.39991E-2 8.50777E-3 1.00584E-2 1.24246E-2 4.17572E-3 1.58007E-2 1.77497E-2 1.34311E-2 -9999 2.45678E-2 6.4614E-3
-9999 -9999 -9999 -9999 -9999 -9999 -9999 -9999 -9999 -9999 -9999 -9999 -9999 -9999 1.70332E-3 2.16433E-3 2.28572E-3 2.66464E-3 2.21358E-3 4.47991E-3 3.09132E-2 4.10402E-2 5.25396E-2 6.45863E-2 6.1423E-2 5.55393E-3 6.07752E-3 4.11837E-3 7.83179E-3 1.15147E-2 6.03941E-2 7.94615E-2 7.19193E-2 7.31031E-2 6.89691E-2 1.39861E-2 2.7885E-2 1.7804E-2 3.2521E-2 2.93226E-2 2.87148E-2 4.46597E-2 5.33961E-2 4.71902E-2 3.70528E-2 3.9394E-2 2.09016E-2 1.65832E-2 1.86825E-2 2.22807E-2 1.82789E-2 1.85277E-2 1.27344E-2 1.7666E-2 1.81586E-2 1.98537E-2 1.64189E-2 9.35456E-3 1.28983E-2 2.27167E-2
-9999 -9999 -9999 -9999 -9999 -9999 -9999 -9999 -9999 -9999 -9999 -9999 8.30822E-3 1.02946E-2 1.5667E-2 2.68298E-2 2.96791E-2 3.47901E-2 3.53543E-2 3.14003E-2 1.73982E-2 2.02477E-2 2.40047E-2 2.96959E-2 3.59276E-2 3.96052E-2 4.11282E-2 3.0457E-2 4.34734E-2 4.77123E-2 6.54043E-2 8.20895E-2 6.2019E-2 7.55316E-2 8.38418E-2 3.06386E-2 8.15268E-2 5.00731E-2 9.29011E-2 8.40661E-2 1.07049E-1 1.7696E-1 1.81873E-1 7.74511E-2 8.12617E-2 8.34891E-2 6.99813E-2 6.6905E-2 6.25943E-2 5.53982E-2 5.95099E-2 7.10212E-2 7.31051E-2 7.33656E-2 6.76733E-2 4.04889E-2 2.36446E-2 2.04452E-2 2.41339E-2 4.4178E-2
-9999 -9999 -9999 -9999 -9999 -9999 -9999 -9999 -9999 -9999 -9999 9.81257E-3 1.13983E-2 1.85711E-2 2.71966E-2 4.66611E-2 5.71976E-2 6.27226E-2 6.13241E-2 5.0908E-2 3.08615E-2 2.75848E-2 3.04123E-2 3.39581E-2 3.93949E-2 4.2385E-2 4.99411E-2 6.03731E-2 4.64905E-2 6.92865E-2 8.12204E-2 9.22706E-2 7.78029E-2 9.0093E-2 8.66238E-2 3.4622E-2 7.77817E-2 7.55065E-2 9.57086E-2 1.08018E-1 1.03199E-1 7.57314E-2 1.18392E-1 1.88386E-1 1.10165E-1 9.79285E-2 8.76014E-2 6.57685E-2 5.67619E-2 5.32078E-2 6.07822E-2 7.21371E-2 6.57217E-2 6.68125E-2 6.57215E-2 5.37304E-2 2.67503E-2 2.96964E-2 3.15342E-2 3.89495E-2
-9999 -9999 -9999 -9999 -9999 -9999 -9999 -9999 -9999 -9999 -9999 1.55093E-2 1.91604E-2 2.84553E-2 3.93725E-2 6.99362E-2 6.80149E-2 8.55461E-2 7.81621E-2 6.29732E-2 3.83861E-2 3.39938E-2 3.0293E-2 3.32651E-2 3.63973E-2 4.06526E-2 4.98893E-2 6.82881E-2 4.76303E-2 8.87207E-2 9.70843E-2 9.52041E-2 9.96686E-2 3.84268E-2 9.00108E-2 5.52784E-2 8.70296E-2 4.26804E-2 9.07056E-2 6.00234E-2 1.48343E-1 1.79951E-1 1.71152E-1 1.51527E-1 1.14703E-1 1.14718E-1 6.39209E-2 5.3563E-2 5.37617E-2 6.64114E-2 9.36388E-2 8.60863E-2 7.48653E-2 8.13039E-2 8.24673E-2 6.50309E-2 5.99336E-2 5.2733E-2 4.09035E-2 4.35647E-2
-9999 -9999 -9999 -9999 -9999 -9999 -9999 -9999 -9999 -9999 -9999 2.0445E-2 2.54281E-2 3.08689E-2 4.12095E-2 7.37626E-2 7.48546E-2 7.9599E-2 9.05271E-2 7.93932E-2 5.10243E-2 4.00955E-2 3.49639E-2 3.40653E-2 3.68633E-2 4.13563E-2 5.80337E-2 8.78868E-2 1.0544E-1 6.38734E-2 1.4241E-1 1.21949E-1 9.88675E-2 9.54033E-2 4.04634E-2 6.01763E-2 7.59958E-2 3.76415E-2 6.59273E-2 6.61002E-2 1.27269E-1 1.5063E-1 1.4251E-1 1.32027E-1 4.40052E-2 7.19492E-2 4.8948E-2 5.01267E-2 6.1921E-2 7.29364E-2 8.8582E-2 4.11146E-2 8.74434E-2 7.36624E-2 1.01897E-1 8.65424E-2 6.49928E-2 5.51884E-2 5.23051E-2 5.52397E-2
-9999 -9999 -9999 -9999 -9999 -9999 -9999 -9999 -9999 -9999 -9999 2.1597E-2 2.59934E-2 3.09674E-2 4.59457E-2 9.03859E-2 1.10989E-1 4.825E-2 1.24334E-1 9.76806E-2 5.74633E-2 4.59145E-2 4.0214E-2 3.64694E-2 3.3936E-2 3.98383E-2 6.95533E-2 9.23757E-2 1.01599E-1 1.0895E-1 1.27049E-1 7.38396E-2 5.55936E-2 9.30899E-2 1.06834E-1 8.7752E-2 8.75646E-2 7.43706E-2 6.55079E-2 1.03465E-1 1.04499E-1 1.65896E-1 1.60569E-1 4.95969E-2 1.22738E-1 6.13677E-2 5.41748E-2 4.7907E-2 5.80549E-2 6.77745E-2 7.42547E-2 8.28274E-2 7.82749E-2 9.61083E-2 8.03054E-2 5.12116E-2 7.73121E-2 6.95045E-2 6.3088E-2 6.4593E-2
-9999 -9999 -9999 -9999 -9999 -9999 -9999 -9999 -9999 -9999 -9999 3.16919E-2 3.82093E-2 5.24431E-2 9.09324E-2 1.48849E-1 1.81828E-1 8.63598E-2 1.94796E-1 1.48181E-1 1.1237E-1 8.91269E-2 7.10674E-2 5.57668E-2 6.31989E-2 7.68644E-2 9.6608E-2 1.12082E-1 1.1725E-1 1.10476E-1 1.5734E-1 1.89857E-1 8.76245E-2 1.54456E-1 1.07906E-1 1.00657E-1 1.19191E-1 6.63611E-2 5.83011E-2 1.14041E-1 6.28285E-2 5.2348E-2 8.0101E-2 7.39169E-2 5.18887E-2 4.3672E-2 3.56907E-2 3.21766E-2 2.974E-2 3.91392E-2 6.08729E-2 6.70043E-2 6.82991E-2 7.56666E-2 1.30084E-1 6.74733E-2 4.07194E-2 7.5567E-2 7.34437E-2 6.32393E-2
-9999 -9999 -9999 -9999 -9999 -9999 -9999 -9999 -9999 -9999 -9999 3.65838E-2 5.32265E-2 9.30465E-2 1.10441E-1 1.63455E-1 2.00914E-1 1.27203E-1 2.73409E-1 2.302E-1 1.42488E-1 9.20028E-2 7.42888E-2 6.23908E-2 5.88926E-2 7.50795E-2 8.34639E-2 9.53245E-2 7.87292E-2 1.38245E-1 2.06652E-1 1.82068E-1 1.35146E-1 1.44833E-1 9.92112E-2 9.85749E-2 1.27474E-1 7.15864E-2 1.2895E-1 6.91712E-2 4.56719E-2 5.55344E-2 5.37834E-2 5.24882E-2 8.06154E-3 4.61627E-2 4.24952E-2 3.47632E-2 3.05905E-2 3.67081E-2 5.49455E-2 5.55805E-2 5.57312E-2 6.50091E-2 1.16434E-1 7.77245E-2 7.02032E-2 3.68122E-2 3.7105E-2 5.78712E-2
-9999 -9999 -9999 -9999 -9999 -9999 -9999 -9999 -9999 -9999 -9999 4.03646E-2 8.27998E-2 1.03005E-1 1.14772E-1 1.67894E-1 2.08678E-1 2.61746E-1 2.30472E-1 1.79831E-1 1.0579E-1 8.42181E-2 7.12999E-2 5.616E-2 6.59061E-2 8.3642E-2 9.29153E-2 1.04756E-1 1.12598E-1 1.5407E-1 1.88619E-1 8.58282E-2 8.21826E-2 1.29191E-1 9.68765E-2 1.07876E-1 1.2784E-1 7.96324E-2 1.23405E-1 9.09883E-2 4.81324E-2 4.96034E-2 4.0094E-2 5.1133E-2 4.99768E-2 1.64729E-2 5.32018E-2 4.29542E-2 3.74334E-2 4.04281E-2 4.60226E-2 4.52622E-2 4.36648E-2 5.23098E-2 1.04595E-1 9.8493E-2 6.44371E-2 6.70296E-2 7.98767E-2 8.21598E-2
-9999 -9999 -9999 -9999 -9999 -9999 -9999 -9999 -9999 -9999 -9999 2.98839E-2 3.50582E-2 4.03304E-2 1.03757E-1 1.48921E-1 1.17353E-1 2.45287E-1 1.64632E-1 1.34971E-1 9.90669E-2 8.77262E-2 7.21342E-2 6.22882E-2 1.1191E-1 9.74881E-2 1.06161E-1 1.15608E-1 1.04173E-1 1.13959E-1 1.54549E-1 1.12675E-1 1.29621E-1 1.11255E-1 9.12426E-2 9.64003E-2 1.21453E-1 1.25793E-1 9.44156E-2 8.6486E-2 3.74725E-2 3.71373E-2 3.16825E-2 3.85159E-2 4.0566E-2 3.75656E-2 6.88805E-2 4.86485E-2 5.23771E-2 4.02687E-2 3.99606E-2 3.75833E-2 3.71274E-2 4.20094E-2 8.09581E-2 8.4311E-2 6.06692E-2 4.89863E-2 5.91862E-2 6.45399E-2
-9999 -9999 -9999 -9999 -9999 -9999 -9999 -9999 -9999 -9999 -9999 4.40111E-2 5.79833E-2 5.16112E-2 7.19832E-2 1.12878E-1 1.25044E-1 1.5447E-1 1.26563E-1 1.1644E-1 8.31068E-2 8.01643E-2 7.24928E-2 6.92507E-2 1.20524E-1 1.13278E-1 8.6274E-2 8.40488E-2 9.13037E-2 6.54093E-2 5.66629E-2 1.40832E-1 1.17086E-1 9.54359E-2 8.13753E-2 7.75077E-2 9.18918E-2 1.16426E-1 7.0778E-2 9.66794E-2 4.19364E-2 3.59364E-2 3.17817E-2 3.47272E-2 4.10396E-2 3.86193E-2 9.96121E-3 3.35008E-2 3.91869E-2 3.55671E-2 4.22156E-2 3.73413E-2 3.75374E-2 3.54467E-2 7.72152E-2 7.21023E-2 4.17874E-2 3.92243E-2 4.48999E-2 5.00579E-2
-9999 -9999 -9999 -9999 -9999 -9999 -9999 -9999 -9999 -9999 -9999 7.18089E-2 9.65192E-2 1.15276E-1 8.08057E-2 9.11907E-2 1.14407E-1 1.03744E-1 8.61959E-2 7.3697E-2 8.1717E-2 1.03177E-1 8.50662E-2 1.4339E-1 1.36887E-1 1.3809E-1 1.02482E-1 7.44128E-2 7.55571E-2 1.19883E-1 1.16418E-1 1.03535E-1 9.02227E-2 6.77627E-2 5.08351E-2 3.02069E-2 4.13519E-2 5.15253E-2 3.37186E-2 5.06493E-2 2.34117E-2 1.99174E-2 1.67456E-2 2.0782E-2 2.03417E-2 3.86903E-2 3.5974E-2 -9999 2.93239E-2 3.8029E-2 2.85713E-2 2.65449E-2 2.36187E-2 2.48487E-2 5.38016E-2 6.4143E-2 4.73753E-2 4.91601E-2 5.50776E-2 5.76357E-2
-9999 -9999 -9999 -9999 -9999 -9999 -9999 -9999 -9999 -9999 -9999 1.00723E-1 1.28226E-1 1.38869E-1 1.41901E-1 1.11868E-1 1.11519E-1 8.66908E-2 7.20124E-2 7.10052E-2 9.90318E-2 1.23885E-1 1.38194E-1 6.0349E-2 1.81346E-1 8.25162E-2 4.30404E-2 1.15361E-1 1.03617E-1 9.76117E-2 1.00882E-1 9.00607E-2 7.56607E-2 6.03989E-2 5.36639E-2 3.17719E-2 4.68554E-2 4.86831E-2 2.83931E-2 4.89792E-2 2.36594E-2 2.18996E-2 2.07261E-2 2.49839E-2 2.50427E-2 3.38714E-2 2.94543E-2 3.21471E-2 1.5073E-2 3.87736E-2 3.36312E-2 3.19967E-2 2.83232E-2 4.97991E-2 5.66223E-2 4.23264E-2 4.22435E-2 5.39552E-2 5.88062E-2 7.33325E-2
