Phytophthora/models/20240430_1155_37/Phytophthora_PA3_RUN7_MAXENT_outputs/Phytophthora_PA3_RUN7.asc
ncols         225
nrows         269
xllcorner     473000.0
yllcorner     4429100.0
cellsize      50.0
NODATA_value  -9999
[rows 108 to 134 of 269, columns 60 to 119 of 225]
8.87476E-2 8.21704E-2 8.18695E-2 1.52381E-1 1.83325E-1 2.3456E-1 2.62718E-1 1.10736E-1 1.02428E-1 9.23973E-2 4.59428E-2 5.40948E-2 4.13974E-2 3.92163E-2 4.61152E-2 7.53954E-2 8.75165E-2 9.7412E-2 1.05411E-1 8.25464E-2 1.48669E-1 1.06021E-1 8.13592E-2 8.24288E-2 1.19333E-1 1.58321E-1 1.13553E-1 1.39632E-1 1.36965E-1 1.23502E-1 1.43262E-1 9.48565E-2 9.86442E-2 1.41519E-1 1.59101E-1 2.68337E-1 3.26631E-1 3.78894E-1 4.31788E-1 4.85853E-1 5.52608E-1 3.70211E-1 5.68348E-1 5.37554E-1 1.77678E-1 2.59369E-1 9.78684E-2 2.38318E-1 3.10002E-1 3.5983E-1 4.10193E-1 4.09281E-1 4.69121E-1 4.88485E-1 4.21108E-1 3.13341E-1 9.53305E-2 3.06281E-1 3.95022E-1 4.06814E-1
8.37282E-2 5.81672E-2 5.47354E-2 8.88195E-2 6.27907E-2 2.48978E-1 2.39477E-1 2.05334E-1 1.62615E-1 1.00915E-1 4.94795E-2 5.56219E-2 4.41513E-2 4.0681E-2 4.4748E-2 7.57526E-2 8.11316E-2 9.02412E-2 9.47491E-2 1.73919E-1 1.27644E-1 1.03555E-1 1.21303E-1 1.55218E-1 1.80306E-1 1.59582E-1 1.74385E-1 1.83529E-1 1.65738E-1 1.59498E-1 1.68742E-1 1.38251E-1 1.5391E-1 1.59748E-1 1.67528E-1 2.4649E-1 2.97502E-1 3.34389E-1 4.04608E-1 4.76879E-1 5.83071E-1 6.1276E-1 3.64897E-1 2.3566E-1 3.45752E-1 2.50444E-1 1.87147E-1 2.43385E-1 2.91753E-1 3.00739E-1 2.99143E-1 2.74987E-1 3.40138E-1 3.56269E-1 4.44663E-1 3.1627E-1 4.59886E-1 3.95678E-1 1.37175E-1 4.82065E-1
8.02259E-2 1.02079E-1 4.22249E-2 6.8488E-2 1.07692E-1 1.60995E-1 1.4925E-1 1.87002E-1 6.47107E-2 1.40863E-1 5.75978E-2 6.24557E-2 5.34084E-2 5.03944E-2 5.58336E-2 9.12486E-2 9.95872E-2 9.19054E-2 3.6719E-2 1.11895E-1 1.16447E-1 1.51392E-1 1.73215E-1 1.87467E-1 1.74499E-1 2.22395E-1 2.0719E-1 2.03514E-1 1.97343E-1 1.88269E-1 1.98099E-1 1.83707E-1 1.86245E-1 1.78968E-1 1.88321E-1 2.67099E-1 3.47022E-1 4.17774E-1 4.35987E-1 4.87304E-1 5.02355E-1 5.25124E-1 3.07926E-1 1.75563E-1 2.68849E-1 2.75778E-1 1.82806E-1 4.60827E-1 4.13063E-1 4.35877E-1 4.2586E-1 4.60776E-1 5.04361E-1 4.75182E-1 3.52751E-1 1.92269E-1 2.06828E-1 2.43139E-1 4.09484E-1 1.09534E-1
8.55482E-2 9.80484E-2 8.10297E-2 8.54596E-2 1.07629E-1 1.22562E-1 1.07384E-1 1.40625E-1 4.30392E-2 1.87786E-1 1.44326E-1 1.41914E-1 1.19421E-1 1.27245E-1 1.34027E-1 9.51074E-2 1.03146E-1 9.85218E-2 5.63284E-2 9.17443E-2 1.45356E-1 1.83828E-1 1.77832E-1 1.80768E-1 1.81644E-1 2.01833E-1 1.79946E-1 1.78358E-1 1.81524E-1 1.79586E-1 1.97474E-1 1.82228E-1 1.78647E-1 1.68771E-1 1.50707E-1 1.09135E-1 1.00337E-1 1.32868E-1 1.51228E-1 2.44169E-1 3.40031E-1 2.24766E-1 2.5364E-1 3.43036E-1 1.34187E-1 2.44966E-1 3.1203E-1 3.38867E-1 3.38555E-1 3.98138E-1 5.01045E-1 5.05064E-1 4.69778E-1 4.41336E-1 4.10352E-1 3.42726E-1 3.74364E-1 4.19296E-1 3.85579E-1 2.23427E-1
1.04E-1 8.63841E-2 6.8887E-2 1.05698E-1 9.60526E-2 1.127E-1 1.1251E-1 1.39237E-1 2.11098E-1 1.80925E-1 1.76467E-1 1.56877E-1 1.44153E-1 1.48461E-1 1.62545E-1 1.18468E-1 1.23289E-1 5.48519E-2 1.28924E-1 1.30758E-1 1.78228E-1 1.94268E-1 2.10312E-1 1.49987E-1 1.23456E-1 1.17464E-1 6.96528E-2 1.17692E-1 1.17315E-1 1.42392E-1 1.00301E-1 8.98348E-2 1.62038E-1 1.94337E-1 1.62375E-1 1.26877E-1 1.25541E-1 1.51213E-1 1.82323E-1 1.43465E-1 1.09337E-1 1.8955E-1 3.41501E-1 4.36859E-1 1.28726E-1 2.5788E-1 3.44138E-1 3.66573E-1 4.41374E-1 4.90839E-1 5.31758E-1 4.47955E-1 4.82121E-1 4.98205E-1 4.62279E-1 3.43043E-1 3.51391E-1 3.65032E-1 4.13388E-1 3.80023E-1
1.05811E-1 5.53702E-2 1.00972E-1 9.47265E-2 8.56916E-2 9.96382E-2 1.23962E-1 1.72429E-1 2.40662E-1 1.23238E-1 2.04004E-1 1.27375E-1 1.66167E-1 1.75466E-1 1.93561E-1 1.0142E-1 7.2522E-2 5.19643E-2 1.29177E-1 1.56725E-1 2.15878E-1 2.23427E-1 1.25794E-1 2.44956E-1 2.19484E-1 1.99033E-1 1.96741E-1 2.43768E-1 2.14154E-1 1.71337E-1 1.59326E-1 1.7521E-1 1.76456E-1 1.50957E-1 1.96696E-1 1.40886E-1 1.61501E-1 1.93697E-1 1.38657E-1 1.32037E-1 1.48213E-1 1.52976E-1 1.67657E-1 1.53954E-1 2.75766E-1 3.46972E-1 3.2486E-1 3.11256E-1 1.8609E-1 3.06409E-1 3.81291E-1 3.90303E-1 4.72035E-1 4.59052E-1 4.58348E-1 2.98272E-1 2.86577E-1 3.12206E-1 3.68726E-1 3.3104E-1
8.03893E-2 1.10749E-1 9.60958E-2 8.69439E-2 8.29398E-2 1.16532E-1 1.37506E-1 1.73528E-1 7.286E-2 1.19778E-1 1.24432E-1 1.54059E-1 1.47617E-1 1.73131E-1 1.86723E-1 1.52599E-1 1.8517E-1 1.11664E-1 1.06271E-1 9.96768E-2 1.20208E-1 1.0372E-1 1.62315E-1 2.05762E-1 1.61999E-1 1.72559E-1 2.47341E-1 2.44682E-1 1.35444E-1 9.93161E-2 9.92904E-2 1.00103E-1 1.77298E-1 1.9813E-1 8.56022E-2 7.36176E-2 6.74504E-2 6.36609E-2 1.19791E-1 1.58081E-1 2.38229E-1 2.636E-1 2.93002E-1 3.46341E-1 3.35338E-1 2.70357E-1 8.52908E-2 3.72488E-1 2.55369E-1 1.33757E-1 2.30757E-1 5.13738E-1 3.70144E-1 5.5964E-1 4.78587E-1 3.63791E-1 3.60981E-1 3.97668E-1 3.26634E-1 3.81718E-1
4.96443E-2 1.00452E-1 8.73524E-2 7.99479E-2 8.86986E-2 1.33738E-1 1.46286E-1 1.05216E-1 1.43034E-1 1.25567E-1 5.80093E-2 1.26932E-1 1.3284E-1 1.33724E-1 1.46544E-1 1.70286E-1 5.63385E-2 9.76615E-2 8.20147E-2 1.21923E-1 2.08128E-1 2.16096E-1 1.88009E-1 1.7882E-1 1.65957E-1 2.30423E-1 2.21743E-1 1.26762E-1 9.26947E-2 8.61035E-2 8.6176E-2 1.15987E-1 1.5338E-1 1.69691E-1 1.85935E-1 6.95849E-2 1.47757E-1 1.4787E-1 1.56997E-1 1.81024E-1 2.77933E-1 2.00493E-1 3.15247E-1 1.97785E-1 3.60334E-1 2.75278E-1 1.68472E-1 3.11483E-1 9.4997E-2 2.4947E-1 3.68027E-1 5.29886E-1 3.97237E-1 6.75479E-1 6.08859E-1 4.5517E-1 4.7408E-1 5.20154E-1 4.96618E-1 3.60811E-1
2.90102E-1 2.37875E-1 2.18398E-1 2.51397E-1 2.66903E-1 3.10895E-1 2.87875E-1 1.61891E-1 2.59657E-1 2.32859E-1 2.40943E-1 2.4888E-1 2.80559E-1 2.79902E-1 2.86162E-1 3.81913E-1 3.81145E-1 2.5729E-1 2.93867E-1 2.92053E-1 2.22697E-1 2.1392E-1 2.11853E-1 2.26257E-1 2.90721E-1 2.13821E-1 1.37246E-1 1.29576E-1 1.01605E-1 9.99279E-2 1.48517E-1 1.43584E-1 1.87108E-1 2.28988E-1 2.82183E-1 2.99996E-1 1.84143E-1 1.81928E-1 2.54993E-1 3.94906E-1 4.93357E-1 5.01118E-1 3.41065E-1 5.05761E-1 4.38058E-1 3.01006E-1 2.77256E-1 1.07204E-1 1.53402E-1 1.06075E-1 6.24089E-1 6.77378E-1 6.71367E-1 6.62696E-1 4.95495E-1 3.54937E-1 4.34363E-1 5.12219E-1 4.68242E-1 2.99762E-1
2.57806E-1 2.42841E-1 2.58342E-1 2.92499E-1 3.00193E-1 2.86386E-1 1.60316E-1 2.73125E-1 2.47927E-1 2.16586E-1 2.7481E-1 1.02977E-1 3.36304E-1 3.3036E-1 3.13788E-1 2.8899E-1 3.87074E-1 2.22314E-1 2.38705E-1 2.5355E-1 1.79569E-1 1.97324E-1 2.34527E-1 2.81169E-1 2.39989E-1 1.20797E-1 1.10076E-1 9.09506E-2 8.87342E-2 8.95821E-2 1.17345E-1 1.24766E-1 1.6668E-1 1.94E-1 2.53028E-1 3.1671E-1 1.772E-1 3.58089E-1 3.34019E-1 1.81529E-1 3.07318E-1 3.0097E-1 4.10223E-1 5.00556E-1 4.70569E-1 2.86401E-1 2.90175E-1 2.51558E-1 3.10142E-1 2.64136E-1 3.95416E-1 5.77417E-1 5.79491E-1 5.28761E-1 5.01851E-1 3.87232E-1 4.41692E-1 5.27188E-1 3.03727E-1 4.98539E-1
2.4122E-1 2.3645E-1 1.999E-1 1.66157E-1 1.61316E-1 3.10249E-1 2.76303E-1 2.53111E-1 2.39698E-1 2.24744E-1 3.1278E-1 3.80374E-1 4.63783E-1 2.32161E-1 3.5771E-1 1.98354E-1 2.53905E-1 2.20664E-1 2.44133E-1 2.34321E-1 1.49647E-1 1.70883E-1 2.5353E-1 2.40592E-1 1.34944E-1 1.18132E-1 9.42493E-2 8.36627E-2 8.25193E-2 9.18948E-2 1.20742E-1 1.23013E-1 1.45005E-1 1.65621E-1 2.19085E-1 2.97957E-1 2.41885E-1 3.65418E-1 3.53151E-1 2.80677E-1 4.67507E-1 5.11949E-1 4.90884E-1 4.48344E-1 4.55419E-1 2.56688E-1 2.46948E-1 2.30176E-1 1.40538E-1 3.08535E-1 4.63804E-1 4.11734E-1 5.91635E-1 6.05976E-1 5.79997E-1 4.57672E-1 4.59926E-1 4.87964E-1 5.33749E-1 4.81864E-1
2.90553E-1 3.49798E-1 3.38418E-1 2.84609E-1 1.27433E-1 2.61306E-1 2.33078E-1 2.25996E-1 2.10075E-1 2.0775E-1 2.8581E-1 3.19437E-1 1.23351E-1 4.85454E-1 2.08496E-1 3.7421E-1 2.50155E-1 2.31159E-1 2.45177E-1 1.91308E-1 1.3043E-1 1.34749E-1 2.28871E-1 2.18E-1 1.23294E-1 1.20254E-1 9.41684E-2 9.03421E-2 9.38646E-2 1.16336E-1 1.35812E-1 1.30781E-1 1.55779E-1 1.85657E-1 2.52921E-1 3.26613E-1 3.36237E-1 1.4587E-1 1.89098E-1 2.84499E-1 4.62216E-1 4.63945E-1 4.63794E-1 4.11818E-1 3.50318E-1 2.20679E-1 2.143E-1 1.8715E-1 1.45982E-1 2.96915E-1 5.22037E-1 6.03082E-1 4.39853E-1 5.45822E-1 6.23021E-1 4.63812E-1 4.69259E-1 4.48707E-1 4.80801E-1 4.6698E-1
3.25555E-1 4.14276E-1 3.04212E-1 2.74725E-1 1.35335E-1 2.79656E-1 2.46102E-1 2.20638E-1 2.01893E-1 2.32174E-1 3.04266E-1 3.28069E-1 3.5584E-1 2.24882E-1 2.83798E-1 2.91496E-1 3.39153E-1 3.17559E-1 2.45713E-1 1.88066E-1 1.17598E-1 1.26752E-1 2.35972E-1 1.63362E-1 1.51461E-1 1.27612E-1 1.01447E-1 1.06825E-1 1.29405E-1 1.47732E-1 1.60353E-1 1.39896E-1 1.53804E-1 1.90619E-1 2.68111E-1 2.12031E-1 3.35823E-1 1.81181E-1 3.42205E-1 3.56761E-1 4.1423E-1 4.29295E-1 4.37477E-1 4.07356E-1 3.42E-1 1.65288E-1 1.58553E-1 1.59064E-1 1.65897E-1 2.60727E-1 5.19858E-1 5.49772E-1 6.12443E-1 6.37581E-1 5.20712E-1 4.03443E-1 4.92329E-1 4.74873E-1 4.64645E-1 5.2148E-1
2.0172E-1 4.62425E-1 2.8678E-1 2.88674E-1 1.94436E-1 3.03802E-1 2.57403E-1 2.52625E-1 2.39946E-1 3.07724E-1 4.44885E-1 4.82552E-1 4.96628E-1 2.14347E-1 3.39885E-1 3.72734E-1 3.74625E-1 2.86903E-1 2.36324E-1 1.9318E-1 1.71453E-1 2.11198E-1 2.08332E-1 2.16132E-1 2.37686E-1 2.07223E-1 1.80792E-1 2.02713E-1 2.25816E-1 2.53744E-1 3.36525E-1 2.91676E-1 2.63346E-1 3.18624E-1 4.18373E-1 3.80573E-1 3.78747E-1 3.85697E-1 1.79561E-1 3.42685E-1 3.32328E-1 3.45764E-1 3.85563E-1 3.86493E-1 3.15517E-1 2.06291E-1 2.00002E-1 2.01653E-1 2.14734E-1 2.48735E-1 3.23777E-1 3.73921E-1 4.42093E-1 4.85506E-1 5.18005E-1 5.66863E-1 5.24222E-1 4.62147E-1 4.87936E-1 5.42905E-1
4.73281E-1 4.02996E-1 2.83851E-1 3.33589E-1 1.66213E-1 3.13712E-1 2.50095E-1 1.89788E-1 1.97776E-1 2.0563E-1 3.07956E-1 4.312E-1 5.19907E-1 2.87783E-1 5.17339E-1 4.03861E-1 3.72691E-1 2.78186E-1 2.40493E-1 2.09999E-1 2.30496E-1 2.85734E-1 2.11612E-1 2.91496E-1 3.18573E-1 2.62894E-1 2.3079E-1 2.62752E-1 2.78603E-1 2.7714E-1 3.65931E-1 3.21486E-1 2.76731E-1 2.86991E-1 4.13149E-1 3.95408E-1 4.41306E-1 3.85856E-1 3.31521E-1 2.98922E-1 3.05052E-1 2.96442E-1 3.49377E-1 3.5528E-1 3.15237E-1 2.01652E-1 1.98324E-1 2.07976E-1 2.37899E-1 2.59671E-1 3.24768E-1 3.38722E-1 3.71213E-1 4.12007E-1 4.66315E-1 5.96431E-1 5.0427E-1 4.65288E-1 5.35159E-1 5.54722E-1
4.18494E-1 3.38333E-1 3.46655E-1 3.85879E-1 2.18509E-1 3.03385E-1 2.41841E-1 2.195E-1 1.7561E-1 1.84591E-1 2.4514E-1 2.83946E-1 4.04439E-1 3.37319E-1 5.25866E-1 3.94843E-1 3.48381E-1 2.92775E-1 2.83385E-1 2.97985E-1 3.15557E-1 2.95889E-1 3.71749E-1 4.18965E-1 2.95833E-1 3.00692E-1 2.99789E-1 3.08988E-1 3.0161E-1 2.83282E-1 2.89789E-1 3.40487E-1 2.95051E-1 3.02856E-1 4.61191E-1 4.03896E-1 2.11704E-1 3.82575E-1 2.7386E-1 2.55947E-1 2.76102E-1 2.62544E-1 2.94786E-1 3.46681E-1 3.253E-1 2.19968E-1 2.27581E-1 2.44398E-1 2.68566E-1 3.03045E-1 3.74085E-1 3.89421E-1 3.98524E-1 3.97898E-1 4.79071E-1 6.469E-1 5.49494E-1 5.03004E-1 3.85214E-1 4.38825E-1
3.63971E-1 3.74456E-1 4.11628E-1 1.92666E-1 3.11644E-1 2.77266E-1 2.19003E-1 1.94486E-1 1.75402E-1 1.8295E-1 2.55499E-1 2.8934E-1 3.25144E-1 4.39345E-1 3.30523E-1 3.78873E-1 3.79532E-1 3.87344E-1 4.18235E-1 3.6783E-1 3.34799E-1 3.49696E-1 3.36457E-1 2.89565E-1 2.65053E-1 2.78777E-1 3.47559E-1 3.08596E-1 2.95925E-1 9.58548E-2 3.37633E-1 3.09184E-1 2.98743E-1 3.56584E-1 4.27287E-1 3.08335E-1 1.46537E-1 3.9349E-1 2.69174E-1 2.17322E-1 2.37131E-1 2.36492E-1 2.94605E-1 3.6685E-1 2.59863E-1 2.37904E-1 2.82314E-1 2.91615E-1 2.89898E-1 3.41854E-1 4.29283E-1 4.32154E-1 4.3687E-1 4.39629E-1 4.78347E-1 5.96927E-1 6.5532E-1 5.68437E-1 4.33792E-1 5.753E-1
3.44695E-1 3.97525E-1 4.30883E-1 2.16373E-1 2.95758E-1 2.41247E-1 2.02349E-1 1.86442E-1 1.79087E-1 1.89218E-1 2.73325E-1 3.19506E-1 3.36728E-1 3.41892E-1 8.04176E-2 3.79409E-1 5.26565E-1 4.82522E-1 4.34749E-1 3.80047E-1 2.95608E-1 2.06038E-1 2.03193E-1 2.35608E-1 3.04879E-1 2.68167E-1 3.62271E-1 2.9176E-1 2.79075E-1 1.28169E-1 3.3202E-1 2.76906E-1 2.75839E-1 3.42784E-1 4.02794E-1 2.27682E-1 1.74211E-1 3.86034E-1 2.26416E-1 2.10972E-1 2.46394E-1 2.8492E-1 3.54231E-1 3.92732E-1 3.21362E-1 3.05588E-1 3.84232E-1 3.5513E-1 3.29574E-1 3.65947E-1 4.49655E-1 2.96408E-1 4.67423E-1 4.96454E-1 5.66488E-1 6.58321E-1 6.20477E-1 5.49942E-1 6.33757E-1 5.9531E-1
3.94443E-1 4.76251E-1 4.26602E-1 2.91654E-1 3.66658E-1 3.47309E-1 3.06124E-1 3.22091E-1 3.24936E-1 3.00025E-1 3.11797E-1 3.63932E-1 4.65772E-1 4.37784E-1 3.93307E-1 4.9363E-1 4.72402E-1 4.24857E-1 3.4717E-1 2.68046E-1 2.15244E-1 2.44987E-1 2.55155E-1 3.38049E-1 4.05644E-1 3.4213E-1 4.45559E-1 3.83126E-1 3.50567E-1 1.54344E-1 2.85561E-1 2.30429E-1 2.10505E-1 2.90395E-1 3.19544E-1 1.51376E-1 6.30945E-2 2.77554E-1 1.51698E-1 1.4703E-1 1.859E-1 2.38262E-1 3.00265E-1 3.5236E-1 3.493E-1 3.11173E-1 3.83688E-1 3.4624E-1 3.38701E-1 3.05327E-1 3.74385E-1 3.35896E-1 3.43897E-1 4.30595E-1 5.05955E-1 3.28049E-1 3.93732E-1 4.3534E-1 3.97795E-1 3.7913E-1
4.25282E-1 4.82755E-1 4.05293E-1 4.28585E-1 3.49343E-1 3.53892E-1 3.6008E-1 3.63862E-1 3.66551E-1 3.36618E-1 3.23063E-1 3.47422E-1 4.08589E-1 3.80129E-1 1.96318E-1 4.38507E-1 4.16378E-1 3.39623E-1 1.99752E-1 1.82385E-1 2.46784E-1 2.73843E-1 2.8076E-1 3.23544E-1 4.30729E-1 4.95465E-1 4.17743E-1 3.67421E-1 3.28266E-1 2.18835E-1 2.9892E-1 2.41434E-1 1.99349E-1 1.52801E-1 1.63951E-1 1.3034E-1 6.1426E-2 2.62614E-1 2.49385E-1 1.43306E-1 2.0524E-1 2.67832E-1 3.25584E-1 4.10075E-1 4.24204E-1 2.52544E-1 2.29841E-1 2.41304E-1 3.86102E-1 3.4874E-1 3.8691E-1 3.66267E-1 2.36345E-1 4.52926E-1 5.16975E-1 3.89389E-1 3.53258E-1 3.77073E-1 3.59727E-1 3.92435E-1
2.3915E-1 2.64271E-1 2.40433E-1 3.53301E-1 3.3922E-1 3.93276E-1 4.06557E-1 4.01111E-1 3.81328E-1 3.59631E-1 3.537E-1 3.35617E-1 4.14593E-1 4.13965E-1 4.79064E-1 3.88604E-1 2.80332E-1 2.37709E-1 2.03349E-1 2.47397E-1 3.08388E-1 2.98101E-1 2.99432E-1 3.46563E-1 3.02711E-1 5.40594E-1 4.16206E-1 3.02788E-1 3.11003E-1 3.09765E-1 2.87256E-1 2.49511E-1 2.14001E-1 1.65726E-1 1.43987E-1 1.04628E-1 1.32942E-1 1.672E-1 2.16015E-1 2.01486E-1 1.73162E-1 1.45739E-1 2.57814E-1 3.55115E-1 4.37259E-1 3.62401E-1 4.08131E-1 4.68714E-1 2.66801E-1 2.28946E-1 4.17782E-1 4.62946E-1 4.28404E-1 4.25097E-1 4.57415E-1 3.92674E-1 3.61497E-1 3.58426E-1 3.253E-1 3.28763E-1
2.26494E-1 2.89089E-1 3.34806E-1 3.63445E-1 3.60586E-1 4.3854E-1 2.52152E-1 4.39795E-1 4.22623E-1 3.93324E-1 3.92858E-1 3.8011E-1 4.41588E-1 4.42321E-1 4.28593E-1 3.54243E-1 2.71396E-1 2.66082E-1 2.57691E-1 2.99469E-1 3.65143E-1 3.51388E-1 3.14639E-1 3.56944E-1 5.15883E-1 5.09609E-1 3.68476E-1 2.52464E-1 2.88227E-1 2.81571E-1 2.62391E-1 2.49455E-1 2.47616E-1 2.13572E-1 1.48986E-1 1.02395E-1 1.31303E-1 1.96453E-1 2.09119E-1 1.86058E-1 2.49381E-1 2.6712E-1 2.91299E-1 4.08498E-1 3.41708E-1 2.88362E-1 4.04992E-1 4.35323E-1 2.97415E-1 3.38668E-1 4.25331E-1 4.55919E-1 4.09952E-1 4.15229E-1 4.80038E-1 4.32794E-1 1.91044E-1 3.90965E-1 3.81159E-1 3.71332E-1
2.32337E-1 3.00297E-1 3.39349E-1 1.78169E-1 4.05495E-1 4.32423E-1 3.78201E-1 4.07265E-1 4.15645E-1 3.92704E-1 3.66378E-1 4.02554E-1 4.94437E-1 1.85584E-1 4.75061E-1 3.85855E-1 3.38512E-1 3.59607E-1 3.53503E-1 3.7117E-1 4.20077E-1 4.17241E-1 3.70043E-1 3.51313E-1 4.70325E-1 4.62735E-1 3.20038E-1 2.76357E-1 3.16788E-1 3.30049E-1 3.18037E-1 3.00353E-1 3.02415E-1 3.23388E-1 2.21745E-1 1.45953E-1 1.23668E-1 1.42679E-1 1.65635E-1 3.20899E-1 2.36701E-1 2.31108E-1 2.56001E-1 3.73713E-1 3.78715E-1 2.97461E-1 4.4367E-1 4.3291E-1 2.63905E-1 3.03447E-1 3.96264E-1 4.7992E-1 4.52925E-1 4.83732E-1 5.63368E-1 4.15867E-1 1.84011E-1 3.73731E-1 3.58829E-1 3.88916E-1
2.15553E-1 2.46517E-1 2.83862E-1 2.58026E-1 3.86048E-1 4.10949E-1 3.61245E-1 2.98297E-1 3.92042E-1 3.81319E-1 4.33182E-1 4.18745E-1 4.90764E-1 4.42007E-1 5.71022E-1 6.2006E-1 6.36081E-1 5.76491E-1 4.64727E-1 3.99846E-1 2.64273E-1 2.77021E-1 4.6725E-1 5.38344E-1 5.28791E-1 4.02681E-1 2.673E-1 2.3042E-1 2.77362E-1 2.70432E-1 1.73977E-1 1.64772E-1 1.78609E-1 2.41013E-1 2.19434E-1 1.30392E-1 1.89803E-1 2.2538E-1 2.72353E-1 3.39245E-1 1.92577E-1 1.4718E-1 1.72116E-1 2.98553E-1 3.51616E-1 2.50174E-1 3.89786E-1 3.93153E-1 2.64341E-1 2.26929E-1 2.82978E-1 3.65979E-1 3.18605E-1 1.60434E-1 4.33016E-1 4.39112E-1 3.64715E-1 3.37959E-1 2.43859E-1 6.0316E-2
2.04397E-1 2.29793E-1 2.32472E-1 1.96685E-1 3.81415E-1 3.73744E-1 3.82555E-1 3.79135E-1 3.68187E-1 3.91042E-1 4.65468E-1 4.30913E-1 4.4513E-1 4.88268E-1 4.52655E-1 6.56559E-1 3.72014E-1 4.33928E-1 6.53304E-1 6.56504E-1 6.31888E-1 6.09517E-1 5.03891E-1 6.21025E-1 5.60073E-1 4.29814E-1 3.59463E-1 2.92806E-1 3.85612E-1 1.33842E-1 2.75732E-1 2.74422E-1 2.7547E-1 3.14976E-1 3.79572E-1 3.29512E-1 1.2449E-1 2.47787E-1 2.34582E-1 3.14607E-1 2.56467E-1 1.33899E-1 1.91422E-1 3.05916E-1 3.58206E-1 2.54002E-1 2.46119E-1 2.6654E-1 4.20161E-1 2.84208E-1 3.14769E-1 3.1767E-1 2.55934E-1 3.40138E-1 4.08187E-1 4.59756E-1 3.77415E-1 4.32731E-1 1.83283E-1 2.29029E-1
1.90573E-1 2.1671E-1 8.12536E-2 2.07946E-1 3.09381E-1 3.63279E-1 3.32241E-1 3.58973E-1 3.98693E-1 4.42858E-1 5.47689E-1 3.83601E-1 2.35683E-1 3.10812E-1 1.298E-1 4.05268E-1 5.66406E-1 5.30762E-1 6.2713E-1 5.92494E-1 5.86076E-1 5.6172E-1 6.33279E-1 5.07865E-1 5.38588E-1 2.19254E-1 1.91209E-1 3.36115E-1 1.84417E-1 2.33771E-1 2.4823E-1 2.16868E-1 2.5477E-1 2.30227E-1 3.22129E-1 3.22795E-1 3.74541E-1 1.44137E-1 2.8236E-1 3.68102E-1 2.97727E-1 1.81153E-1 1.66644E-1 2.98341E-1 3.43946E-1 2.32474E-1 3.15487E-1 4.18322E-1 2.45378E-1 2.64018E-1 3.34414E-1 2.51723E-1 3.85189E-1 2.83166E-1 3.55522E-1 4.08418E-1 4.14214E-1 1.80672E-1 3.3948E-1 2.23975E-1
1.86612E-1 2.13197E-1 3.88613E-1 3.14185E-1 1.72315E-1 3.91098E-1 3.6684E-1 4.22891E-1 4.09625E-1 2.78667E-1 5.40448E-1 5.37231E-1 4.81602E-1 5.41241E-1 2.55783E-1 6.33432E-1 6.18271E-1 5.95E-1 5.83706E-1 5.66978E-1 4.99232E-1 3.72104E-1 5.91987E-1 5.85647E-1 4.28831E-1 3.9312E-1 3.68751E-1 4.06526E-1 1.50858E-1 2.41767E-1 2.45196E-1 1.89964E-1 2.20815E-1 2.37294E-1 2.74974E-1 3.0136E-1 3.74734E-1 2.66598E-1 2.36616E-1 3.7587E-1 3.36519E-1 3.13739E-1 2.0469E-1 2.81408E-1 3.19547E-1 2.15083E-1 2.62853E-1 4.02805E-1 4.28235E-1 3.79967E-1 3.63132E-1 3.63331E-1 3.21511E-1 2.86176E-1 3.25263E-1 3.12122E-1 2.33125E-1 3.56125E-1 2.28711E-1 1.63622E-1
