Phytophthora/models/20240429_1921_07/Phytophthora_PA3_RUN10_MAXENT_outputs/Phytophthora_PA3_RUN10.asc
ncols         225
nrows         269
xllcorner     473000.0
yllcorner     4429100.0
cellsize      50.0
NODATA_value  -9999
[rows 108 to 134 of 269, columns 60 to 119 of 225]
1.49032E-1 1.3673E-1 1.33934E-1 1.93781E-1 1.85615E-1 2.27777E-1 3.3527E-1 1.86854E-1 2.20913E-1 1.7325E-1 1.00455E-1 1.05126E-1 8.81642E-2 8.44226E-2 9.19974E-2 1.42574E-1 1.6229E-1 1.80601E-1 2.12791E-1 1.52033E-1 2.23128E-1 1.51317E-1 1.18076E-1 1.22358E-1 1.69675E-1 2.05361E-1 1.2762E-1 1.61433E-1 1.72359E-1 1.64789E-1 1.99655E-1 1.31535E-1 1.3269E-1 1.81657E-1 1.87868E-1 3.23808E-1 3.73691E-1 4.11976E-1 4.4636E-1 4.96358E-1 5.56441E-1 2.68753E-1 5.49096E-1 5.82364E-1 1.96139E-1 2.84128E-1 5.63716E-2 1.99948E-1 3.63478E-1 3.98635E-1 4.50057E-1 4.42358E-1 4.73875E-1 4.91796E-1 4.61751E-1 3.71201E-1 1.32563E-1 4.1759E-1 5.07526E-1 4.82624E-1
1.31679E-1 6.19578E-2 7.97381E-2 1.48837E-1 7.69249E-2 3.3066E-1 3.06005E-1 2.77487E-1 2.81503E-1 1.78047E-1 1.02237E-1 1.0742E-1 9.25078E-2 8.62859E-2 9.68449E-2 1.42613E-1 1.50586E-1 1.6592E-1 2.00847E-1 2.68385E-1 1.8165E-1 1.48143E-1 1.66717E-1 2.08866E-1 2.27394E-1 1.84973E-1 2.23074E-1 2.21365E-1 2.20035E-1 2.16288E-1 2.28517E-1 1.91944E-1 2.16475E-1 2.10378E-1 2.19874E-1 3.0536E-1 3.44127E-1 3.72924E-1 4.19305E-1 4.78812E-1 5.63926E-1 5.89284E-1 3.5101E-1 3.4751E-1 4.22173E-1 2.70115E-1 1.46252E-1 1.64826E-1 2.39098E-1 2.54078E-1 2.26461E-1 1.80327E-1 2.62411E-1 3.02984E-1 4.57518E-1 3.89452E-1 5.4146E-1 4.99854E-1 2.05523E-1 5.63757E-1
1.42564E-1 1.61859E-1 3.68927E-2 9.77E-2 1.76328E-1 2.572E-1 2.42263E-1 2.60447E-1 9.47821E-2 2.35473E-1 1.18645E-1 1.21753E-1 1.09785E-1 1.04234E-1 1.15832E-1 1.66651E-1 1.77556E-1 1.8246E-1 7.84671E-2 1.80264E-1 1.66706E-1 2.10609E-1 2.29725E-1 2.45032E-1 2.32067E-1 2.62941E-1 2.52953E-1 2.54247E-1 2.52536E-1 2.44183E-1 2.60385E-1 2.50078E-1 2.49963E-1 2.39704E-1 2.45907E-1 3.23687E-1 3.6884E-1 4.12391E-1 4.31626E-1 4.72257E-1 4.76327E-1 4.82517E-1 3.94186E-1 1.78439E-1 3.06396E-1 3.00886E-1 1.11944E-1 4.76993E-1 4.58328E-1 4.57285E-1 4.34259E-1 4.61579E-1 4.89189E-1 4.75484E-1 3.42241E-1 1.48456E-1 1.70764E-1 1.86641E-1 4.98908E-1 7.55916E-2
1.50851E-1 1.6859E-1 1.09532E-1 1.29794E-1 1.87833E-1 2.07675E-1 1.89291E-1 2.3184E-1 4.57784E-2 2.8731E-1 2.35979E-1 2.30204E-1 2.07478E-1 2.08972E-1 2.1802E-1 1.79612E-1 1.92191E-1 2.13743E-1 1.41276E-1 1.64434E-1 2.12858E-1 2.56813E-1 2.51473E-1 2.58518E-1 2.57638E-1 2.54627E-1 2.38674E-1 2.39277E-1 2.42144E-1 2.38575E-1 2.48846E-1 2.38259E-1 2.33797E-1 2.19557E-1 1.94155E-1 1.46148E-1 1.23742E-1 1.59059E-1 1.75095E-1 2.46277E-1 3.37489E-1 2.64948E-1 3.03419E-1 4.06154E-1 1.05917E-1 2.50375E-1 3.11594E-1 3.99757E-1 3.77332E-1 4.0693E-1 4.98168E-1 5.0192E-1 4.81924E-1 4.70871E-1 4.51778E-1 3.92096E-1 4.15775E-1 4.7406E-1 4.76915E-1 2.19359E-1
1.71873E-1 1.26314E-1 9.20566E-2 1.79542E-1 1.70448E-1 1.91647E-1 1.92152E-1 2.25281E-1 3.14897E-1 2.46012E-1 2.78065E-1 2.546E-1 2.39948E-1 2.38949E-1 2.53073E-1 2.11511E-1 2.3392E-1 1.18283E-1 2.44407E-1 2.10339E-1 2.51639E-1 2.73653E-1 2.9116E-1 1.69799E-1 1.17085E-1 9.47012E-2 4.91406E-2 1.08246E-1 1.09929E-1 1.45334E-1 8.72571E-2 7.54E-2 1.72765E-1 2.42558E-1 2.08481E-1 1.56445E-1 1.63802E-1 1.79754E-1 1.95796E-1 8.94804E-2 6.20068E-2 1.66857E-1 3.6267E-1 4.21202E-1 1.01022E-1 2.13023E-1 3.72629E-1 3.95143E-1 4.30853E-1 4.55699E-1 5.05316E-1 4.63544E-1 4.9721E-1 5.16693E-1 4.88925E-1 3.89561E-1 4.01665E-1 4.28414E-1 5.02649E-1 4.41517E-1
1.77304E-1 6.47741E-2 1.7251E-1 1.63531E-1 1.53687E-1 1.74009E-1 2.05348E-1 2.5525E-1 3.47191E-1 1.36073E-1 2.57216E-1 1.76939E-1 2.69904E-1 2.7356E-1 2.90201E-1 1.36996E-1 8.51347E-2 5.47974E-2 1.57818E-1 2.33548E-1 2.87438E-1 2.96108E-1 1.14617E-1 3.10913E-1 2.81412E-1 2.48127E-1 2.47897E-1 2.78194E-1 2.58951E-1 2.28966E-1 2.19869E-1 2.31248E-1 1.77964E-1 1.67029E-1 2.31608E-1 1.82501E-1 1.9369E-1 2.10247E-1 1.12035E-1 1.02734E-1 1.19272E-1 1.11261E-1 1.20788E-1 1.02064E-1 3.06567E-1 3.87128E-1 3.38828E-1 3.41157E-1 1.39788E-1 3.339E-1 4.15507E-1 4.29385E-1 5.00228E-1 4.50082E-1 5.16145E-1 3.73618E-1 3.60567E-1 3.82449E-1 4.76836E-1 4.6195E-1
1.11095E-1 1.82969E-1 1.61927E-1 1.48847E-1 1.44622E-1 1.92011E-1 2.14844E-1 2.45688E-1 6.47168E-2 1.31744E-1 2.06868E-1 2.50902E-1 2.3534E-1 2.74951E-1 2.75494E-1 2.54178E-1 2.91137E-1 1.55575E-1 1.62283E-1 1.1281E-1 1.05057E-1 8.07687E-2 1.75031E-1 2.78451E-1 2.30705E-1 2.2006E-1 2.70622E-1 2.71061E-1 1.81399E-1 1.44878E-1 1.1826E-1 1.36119E-1 2.31482E-1 2.51918E-1 6.91892E-2 5.37536E-2 5.1132E-2 4.2596E-2 1.46676E-1 1.85789E-1 2.75219E-1 2.92457E-1 3.22659E-1 3.84331E-1 3.11568E-1 2.62566E-1 4.65496E-2 4.18297E-1 2.9578E-1 9.86275E-2 1.71636E-1 5.27294E-1 2.90829E-1 5.8589E-1 5.24552E-1 4.11499E-1 4.12951E-1 4.59478E-1 4.06531E-1 4.96227E-1
5.16986E-2 1.69968E-1 1.5081E-1 1.38205E-1 1.53899E-1 2.11922E-1 2.23941E-1 1.46274E-1 2.15234E-1 2.21339E-1 1.21858E-1 2.50505E-1 2.35199E-1 2.34125E-1 2.45485E-1 2.79467E-1 6.36435E-2 1.92659E-1 1.42211E-1 1.92147E-1 2.81205E-1 2.94171E-1 2.6671E-1 2.5111E-1 2.26181E-1 2.3856E-1 2.47336E-1 1.77837E-1 1.44841E-1 1.28794E-1 1.04438E-1 1.70562E-1 2.06765E-1 2.22723E-1 2.36854E-1 5.45363E-2 1.9104E-1 1.8922E-1 1.8158E-1 2.14169E-1 3.02131E-1 2.40514E-1 3.17946E-1 1.57127E-1 3.96681E-1 2.82127E-1 1.37221E-1 3.2785E-1 7.11722E-2 2.80841E-1 3.31031E-1 5.48375E-1 2.97812E-1 6.36102E-1 5.51695E-1 4.30939E-1 4.59798E-1 4.94614E-1 4.50176E-1 2.95971E-1
3.5398E-1 3.08718E-1 2.8637E-1 3.10018E-1 3.28566E-1 3.69957E-1 3.56528E-1 1.55414E-1 3.40533E-1 3.22862E-1 3.93557E-1 3.95794E-1 3.81565E-1 3.8223E-1 3.86588E-1 4.83168E-1 3.38277E-1 3.39988E-1 3.75868E-1 3.6546E-1 3.02816E-1 2.93747E-1 2.84399E-1 2.86912E-1 3.11222E-1 2.14913E-1 1.73615E-1 1.78045E-1 1.55622E-1 1.59157E-1 1.93467E-1 2.06751E-1 2.50629E-1 2.90881E-1 3.39168E-1 3.57226E-1 1.54171E-1 1.47081E-1 2.54749E-1 4.31814E-1 5.49308E-1 5.36427E-1 2.88312E-1 5.57347E-1 4.9408E-1 3.67091E-1 3.19988E-1 7.17182E-2 1.5145E-1 7.42421E-2 6.39103E-1 6.70226E-1 5.9762E-1 6.41513E-1 5.24894E-1 4.25395E-1 4.97306E-1 5.46562E-1 4.90163E-1 3.77731E-1
3.29775E-1 3.15075E-1 3.26496E-1 3.48891E-1 3.62313E-1 3.20872E-1 1.48241E-1 3.61088E-1 3.35341E-1 3.12743E-1 3.98172E-1 1.63213E-1 4.48924E-1 4.32624E-1 4.19667E-1 4.36663E-1 4.68836E-1 3.19757E-1 3.30851E-1 3.35394E-1 2.57744E-1 2.67111E-1 2.8719E-1 2.95126E-1 2.7349E-1 1.54111E-1 1.4027E-1 1.2242E-1 1.32492E-1 1.37323E-1 1.76542E-1 1.94514E-1 2.3488E-1 2.64702E-1 3.11398E-1 3.62806E-1 1.42208E-1 3.90174E-1 3.76211E-1 1.18701E-1 2.52119E-1 2.32864E-1 4.10885E-1 5.50217E-1 5.06277E-1 3.45186E-1 3.57094E-1 3.10047E-1 3.59056E-1 3.34882E-1 3.16627E-1 5.89765E-1 5.87135E-1 5.58557E-1 5.39885E-1 4.64437E-1 5.00945E-1 5.5898E-1 2.16587E-1 5.82689E-1
2.93454E-1 2.46939E-1 1.75569E-1 1.31767E-1 1.48809E-1 3.53251E-1 3.48086E-1 3.33201E-1 3.1991E-1 3.08606E-1 4.06505E-1 4.85616E-1 5.16975E-1 2.13716E-1 4.73481E-1 2.89268E-1 3.90174E-1 3.16811E-1 3.20652E-1 3.09429E-1 2.2317E-1 2.3463E-1 2.85329E-1 2.54174E-1 1.8329E-1 1.52842E-1 1.31642E-1 1.24E-1 1.25018E-1 1.3782E-1 1.72365E-1 1.88042E-1 2.13132E-1 2.37398E-1 2.80877E-1 3.45331E-1 2.31606E-1 3.95065E-1 3.87498E-1 2.49572E-1 5.35152E-1 5.56876E-1 5.42963E-1 5.11314E-1 4.91645E-1 3.1559E-1 3.19001E-1 2.97837E-1 1.75348E-1 3.91254E-1 4.72351E-1 3.46559E-1 6.07234E-1 6.23491E-1 6.07563E-1 5.07703E-1 4.96583E-1 5.27331E-1 5.65547E-1 4.24436E-1
3.56091E-1 3.91566E-1 3.82973E-1 3.46684E-1 1.04272E-1 3.34426E-1 3.11256E-1 3.0381E-1 2.87024E-1 2.95519E-1 3.87333E-1 4.48929E-1 9.68316E-2 5.67262E-1 2.89684E-1 4.85246E-1 3.56337E-1 3.19806E-1 3.04749E-1 2.58204E-1 1.92187E-1 1.91935E-1 2.17275E-1 2.41374E-1 1.75201E-1 1.58225E-1 1.37604E-1 1.38595E-1 1.47468E-1 1.70754E-1 1.95796E-1 1.95868E-1 2.24977E-1 2.57726E-1 3.13324E-1 3.71243E-1 3.7953E-1 8.70142E-2 1.38971E-1 2.53437E-1 5.32553E-1 5.17325E-1 5.14187E-1 4.77224E-1 4.18969E-1 2.83051E-1 2.79205E-1 2.55501E-1 1.89685E-1 3.57483E-1 5.5803E-1 6.31455E-1 3.67566E-1 5.1555E-1 6.52311E-1 4.94387E-1 5.22294E-1 4.90851E-1 5.19008E-1 4.80378E-1
3.76585E-1 4.23953E-1 3.47831E-1 3.37373E-1 1.11436E-1 3.47598E-1 3.16924E-1 2.90409E-1 2.70141E-1 3.06315E-1 3.91662E-1 4.23114E-1 4.3401E-1 2.23613E-1 4.29789E-1 3.66323E-1 4.07155E-1 3.7653E-1 3.05364E-1 2.4294E-1 1.69463E-1 1.79621E-1 2.05215E-1 2.22225E-1 2.11591E-1 1.77534E-1 1.56637E-1 1.61835E-1 1.8433E-1 2.04144E-1 2.24423E-1 2.07008E-1 2.2454E-1 2.62449E-1 3.27763E-1 1.77402E-1 3.73678E-1 1.23931E-1 3.78469E-1 4.02179E-1 4.95083E-1 4.91756E-1 4.86124E-1 4.63267E-1 4.04348E-1 2.34367E-1 2.36005E-1 2.39082E-1 2.46644E-1 3.24857E-1 5.71742E-1 6.03515E-1 6.44104E-1 6.61893E-1 4.81737E-1 3.99138E-1 5.36056E-1 5.01069E-1 5.02721E-1 5.55595E-1
1.26453E-1 4.65481E-1 3.46154E-1 3.53351E-1 1.95165E-1 3.72301E-1 3.31927E-1 3.17161E-1 3.0077E-1 3.58421E-1 4.80987E-1 5.22841E-1 5.44706E-1 2.17747E-1 4.96859E-1 4.57178E-1 4.46715E-1 3.72282E-1 3.14286E-1 2.60711E-1 2.36788E-1 2.75576E-1 2.63394E-1 2.85971E-1 3.09571E-1 2.65851E-1 2.44865E-1 2.59452E-1 2.84117E-1 3.18749E-1 4.16436E-1 3.83632E-1 3.58478E-1 4.06306E-1 4.72153E-1 4.16673E-1 4.14848E-1 3.56844E-1 1.1604E-1 4.05231E-1 4.23596E-1 4.15076E-1 4.28214E-1 4.1973E-1 3.62964E-1 2.73887E-1 2.78195E-1 2.83884E-1 3.07087E-1 3.41425E-1 4.11786E-1 4.48635E-1 4.9283E-1 5.20577E-1 5.46109E-1 5.96855E-1 5.78539E-1 5.17953E-1 5.43314E-1 5.92738E-1
4.63419E-1 4.35304E-1 3.47033E-1 3.84608E-1 1.37643E-1 3.74733E-1 3.19739E-1 2.50365E-1 2.53596E-1 2.6349E-1 3.74071E-1 4.83025E-1 5.51311E-1 2.5289E-1 5.99532E-1 4.83962E-1 4.45076E-1 3.66761E-1 3.22381E-1 2.78566E-1 2.84134E-1 3.35803E-1 2.80274E-1 3.60047E-1 3.76652E-1 3.14699E-1 2.88853E-1 3.08033E-1 3.28677E-1 3.47389E-1 4.50997E-1 4.16265E-1 3.76154E-1 3.78997E-1 4.64069E-1 4.2764E-1 4.59353E-1 4.18383E-1 3.88916E-1 3.73387E-1 4.03083E-1 3.81817E-1 4.02966E-1 3.78362E-1 3.51148E-1 2.75714E-1 2.78154E-1 2.97987E-1 3.28845E-1 3.56227E-1 4.15388E-1 4.22591E-1 4.37121E-1 4.6374E-1 5.03268E-1 6.13806E-1 4.95371E-1 4.46245E-1 6.01563E-1 6.02716E-1
4.2551E-1 3.89333E-1 3.96828E-1 4.28199E-1 1.97634E-1 3.6594E-1 3.09054E-1 2.75251E-1 2.47215E-1 2.55444E-1 3.42155E-1 3.92809E-1 4.85449E-1 2.90649E-1 5.62614E-1 4.8366E-1 4.37744E-1 3.85346E-1 3.64826E-1 3.51397E-1 3.44938E-1 3.38013E-1 3.98444E-1 4.39121E-1 3.53275E-1 3.51175E-1 3.44203E-1 3.44774E-1 3.52078E-1 3.61426E-1 3.51343E-1 4.35461E-1 3.93714E-1 3.91024E-1 4.84035E-1 4.4267E-1 1.65792E-1 4.21266E-1 3.40036E-1 3.33841E-1 3.74949E-1 3.54266E-1 3.63426E-1 3.7875E-1 3.82642E-1 3.09237E-1 3.17656E-1 3.31067E-1 3.57861E-1 3.9567E-1 4.60067E-1 4.6724E-1 4.61596E-1 4.47909E-1 5.1083E-1 6.43373E-1 4.93959E-1 5.14438E-1 3.52769E-1 4.10699E-1
3.88856E-1 4.14122E-1 4.46888E-1 1.41091E-1 3.76769E-1 3.42693E-1 2.95283E-1 2.67066E-1 2.46405E-1 2.61839E-1 3.52154E-1 3.93894E-1 4.36351E-1 5.61851E-1 2.88259E-1 4.84435E-1 4.67293E-1 4.57044E-1 4.58377E-1 3.9322E-1 3.49827E-1 3.51721E-1 3.60204E-1 3.2589E-1 3.00611E-1 2.79471E-1 3.82936E-1 3.47723E-1 3.53578E-1 7.63199E-2 4.46274E-1 4.12956E-1 3.95208E-1 4.2274E-1 4.49735E-1 3.77302E-1 1.17392E-1 4.31768E-1 3.39274E-1 2.98961E-1 3.3759E-1 3.34691E-1 3.7563E-1 4.19205E-1 3.53624E-1 3.35194E-1 3.69017E-1 3.74702E-1 3.77412E-1 4.28153E-1 5.06287E-1 5.0542E-1 4.92768E-1 4.81374E-1 5.10607E-1 6.10691E-1 6.576E-1 5.4489E-1 4.10547E-1 6.37785E-1
3.93524E-1 4.33951E-1 4.6317E-1 1.86152E-1 3.64957E-1 3.14883E-1 2.76286E-1 2.5508E-1 2.41065E-1 2.58163E-1 3.57311E-1 4.05101E-1 4.33304E-1 4.87997E-1 8.63484E-2 4.54327E-1 5.70244E-1 4.98634E-1 4.34455E-1 3.83991E-1 3.10678E-1 2.44482E-1 2.54232E-1 3.01253E-1 3.8433E-1 2.20485E-1 3.92712E-1 3.37498E-1 3.4151E-1 1.27661E-1 4.43367E-1 3.9283E-1 3.78315E-1 3.8261E-1 4.42605E-1 3.22086E-1 1.88089E-1 4.23339E-1 3.12797E-1 2.97565E-1 3.52563E-1 3.82864E-1 4.29172E-1 4.40571E-1 4.08423E-1 3.94032E-1 4.46667E-1 4.28189E-1 4.06872E-1 4.42065E-1 5.1952E-1 2.72966E-1 5.20071E-1 5.24745E-1 5.71836E-1 6.60224E-1 5.93298E-1 4.22929E-1 6.56616E-1 6.38108E-1
4.75322E-1 5.30962E-1 5.11956E-1 3.03225E-1 4.64226E-1 4.40356E-1 3.95957E-1 4.07004E-1 4.0661E-1 3.86751E-1 4.0722E-1 4.60065E-1 5.41207E-1 5.78247E-1 5.21658E-1 4.88758E-1 4.03798E-1 3.78347E-1 3.52988E-1 2.90296E-1 2.34035E-1 2.6938E-1 2.71313E-1 3.73666E-1 4.34255E-1 2.28155E-1 4.64444E-1 4.15134E-1 4.09048E-1 1.38656E-1 3.87087E-1 3.3608E-1 3.08977E-1 3.41913E-1 3.97733E-1 2.50674E-1 5.43659E-2 3.2258E-1 2.36344E-1 2.3195E-1 2.98352E-1 3.41916E-1 3.86091E-1 3.91835E-1 4.19229E-1 4.03791E-1 4.52461E-1 4.28818E-1 4.16995E-1 3.93859E-1 4.52928E-1 3.63956E-1 3.50404E-1 4.78951E-1 5.21381E-1 3.13414E-1 4.58315E-1 4.82938E-1 4.57541E-1 4.48705E-1
4.69662E-1 5.1834E-1 4.17472E-1 5.08657E-1 4.49592E-1 4.4692E-1 4.51324E-1 4.48428E-1 4.45107E-1 4.21801E-1 4.09071E-1 4.44485E-1 4.99945E-1 5.28163E-1 3.23943E-1 4.53563E-1 4.31976E-1 3.80405E-1 2.53509E-1 2.33587E-1 2.7626E-1 3.08506E-1 3.25804E-1 3.7775E-1 4.54048E-1 4.40924E-1 4.43968E-1 4.03019E-1 3.93231E-1 2.36362E-1 3.97498E-1 3.45432E-1 3.02121E-1 2.69995E-1 2.83281E-1 2.33864E-1 6.84775E-2 3.21145E-1 3.21397E-1 2.39522E-1 3.24996E-1 3.74589E-1 4.14397E-1 4.16427E-1 4.66572E-1 2.44232E-1 1.96069E-1 1.79013E-1 4.55808E-1 4.35545E-1 4.40395E-1 3.83325E-1 1.86821E-1 4.95581E-1 5.22662E-1 4.41515E-1 4.21482E-1 4.35259E-1 4.23847E-1 4.50669E-1
3.46442E-1 3.55821E-1 2.64781E-1 4.64216E-1 4.45924E-1 4.88435E-1 4.98823E-1 4.84839E-1 4.65758E-1 4.4589E-1 4.37688E-1 4.29995E-1 4.94786E-1 5.45727E-1 5.65964E-1 4.1075E-1 3.60334E-1 3.20012E-1 2.76006E-1 3.15349E-1 3.46375E-1 3.38606E-1 3.50551E-1 3.9272E-1 2.57246E-1 5.04257E-1 4.38949E-1 3.59542E-1 3.78061E-1 3.89838E-1 3.8367E-1 3.47606E-1 3.11907E-1 2.74391E-1 2.5991E-1 2.03624E-1 2.33592E-1 1.92452E-1 2.09075E-1 2.94327E-1 2.20544E-1 1.44484E-1 2.75365E-1 2.90626E-1 4.71587E-1 4.41253E-1 4.64097E-1 5.00121E-1 2.92464E-1 2.20871E-1 4.63164E-1 5.08204E-1 4.85769E-1 4.7348E-1 4.81835E-1 4.42174E-1 4.33703E-1 4.32124E-1 4.05729E-1 4.25197E-1
3.3921E-1 4.0328E-1 4.37881E-1 4.75013E-1 4.63634E-1 5.25508E-1 2.20692E-1 5.20193E-1 4.98798E-1 4.74649E-1 4.6961E-1 4.60014E-1 5.03822E-1 5.50347E-1 4.92232E-1 4.05493E-1 3.51859E-1 3.47508E-1 3.39444E-1 3.59544E-1 3.92154E-1 3.83746E-1 3.5953E-1 3.91845E-1 4.97221E-1 4.83388E-1 4.06367E-1 3.21676E-1 3.54527E-1 3.58807E-1 3.55713E-1 3.45415E-1 3.43728E-1 3.19051E-1 2.63906E-1 1.97567E-1 2.25163E-1 2.80821E-1 1.95254E-1 1.53805E-1 3.62725E-1 3.6837E-1 3.80615E-1 3.95573E-1 4.11099E-1 3.79472E-1 4.45944E-1 4.64434E-1 3.90509E-1 4.21887E-1 4.74389E-1 4.8952E-1 4.60939E-1 4.69163E-1 5.03783E-1 4.75525E-1 1.52196E-1 4.62561E-1 4.50312E-1 4.91196E-1
3.56621E-1 4.25406E-1 4.64665E-1 1.6631E-1 5.01902E-1 5.20616E-1 4.30442E-1 4.38014E-1 5.04406E-1 4.80642E-1 4.58409E-1 4.8877E-1 5.69542E-1 2.28099E-1 4.628E-1 4.36808E-1 4.05658E-1 4.20302E-1 4.12655E-1 4.16694E-1 4.37847E-1 4.35601E-1 4.03622E-1 3.82454E-1 4.39765E-1 4.54236E-1 3.67592E-1 3.40997E-1 3.79021E-1 4.01128E-1 4.05913E-1 3.93056E-1 3.93884E-1 4.08302E-1 3.316E-1 2.43619E-1 1.72938E-1 1.53347E-1 1.34752E-1 3.4536E-1 3.40474E-1 3.30061E-1 3.42797E-1 3.59536E-1 4.24079E-1 3.86572E-1 4.72124E-1 4.55604E-1 3.54281E-1 3.84736E-1 4.43245E-1 5.00178E-1 4.96513E-1 5.27163E-1 5.67735E-1 4.71398E-1 1.54888E-1 4.49978E-1 4.60774E-1 5.02086E-1
3.34404E-1 3.67492E-1 4.143E-1 3.01683E-1 4.65915E-1 5.0252E-1 4.21323E-1 2.98463E-1 4.84551E-1 4.6759E-1 5.03492E-1 5.06472E-1 5.62153E-1 4.77626E-1 4.86244E-1 6.34044E-1 6.34988E-1 5.8538E-1 4.28399E-1 3.55994E-1 1.70643E-1 1.70867E-1 4.97619E-1 5.29599E-1 4.90114E-1 4.18691E-1 3.27686E-1 3.02028E-1 3.4678E-1 3.27383E-1 1.69502E-1 1.67901E-1 1.99075E-1 2.71576E-1 2.341E-1 1.34211E-1 2.83781E-1 3.24115E-1 3.52544E-1 3.53169E-1 2.69043E-1 2.29074E-1 2.42198E-1 2.82605E-1 3.78594E-1 3.46909E-1 4.22624E-1 4.08359E-1 3.442E-1 3.10821E-1 3.46986E-1 4.11529E-1 3.82273E-1 1.20805E-1 4.7323E-1 4.99204E-1 4.17441E-1 3.76299E-1 2.68632E-1 7.69194E-2
3.20964E-1 3.64638E-1 3.42232E-1 1.47461E-1 4.66194E-1 4.75294E-1 4.86297E-1 4.80067E-1 4.6118E-1 4.80823E-1 5.34982E-1 5.29137E-1 5.45052E-1 5.99989E-1 4.90079E-1 6.62133E-1 2.29439E-1 3.03614E-1 6.29751E-1 6.10423E-1 5.67253E-1 5.30344E-1 3.71034E-1 5.53169E-1 4.95962E-1 4.43898E-1 3.97187E-1 3.55699E-1 4.24966E-1 1.02894E-1 3.74492E-1 3.73987E-1 3.80137E-1 4.08049E-1 4.45068E-1 3.87253E-1 1.1944E-1 3.40741E-1 3.20156E-1 3.30424E-1 3.02506E-1 2.10386E-1 2.50418E-1 2.78534E-1 3.79317E-1 3.46417E-1 2.15081E-1 1.95486E-1 4.56859E-1 3.59896E-1 3.74673E-1 2.97941E-1 2.59867E-1 4.09196E-1 4.55006E-1 5.10555E-1 4.65209E-1 5.28627E-1 2.93604E-1 3.43353E-1
3.04049E-1 3.54918E-1 1.27152E-1 2.49119E-1 4.24357E-1 4.75462E-1 4.40994E-1 4.56161E-1 4.84241E-1 5.22886E-1 5.93882E-1 3.98382E-1 1.877E-1 2.91791E-1 7.37098E-2 3.50919E-1 6.06799E-1 5.75329E-1 6.23301E-1 5.87994E-1 5.4535E-1 5.24807E-1 6.02098E-1 3.94015E-1 5.37373E-1 1.68726E-1 1.63167E-1 3.25116E-1 1.46658E-1 3.31845E-1 3.50893E-1 3.20876E-1 3.52748E-1 3.34661E-1 3.94115E-1 3.81813E-1 4.11604E-1 1.30145E-1 3.57105E-1 3.80112E-1 3.18267E-1 2.51531E-1 2.31592E-1 2.59332E-1 3.58866E-1 3.22362E-1 3.83386E-1 4.25589E-1 1.58763E-1 2.75047E-1 3.92915E-1 2.23814E-1 4.37098E-1 3.65525E-1 4.13603E-1 4.65026E-1 4.9765E-1 2.29962E-1 4.70248E-1 2.89857E-1
2.94461E-1 3.6717E-1 4.97176E-1 4.269E-1 1.78823E-1 4.96265E-1 4.68445E-1 5.04594E-1 4.56593E-1 2.38176E-1 5.66325E-1 5.91973E-1 5.60639E-1 6.19418E-1 2.21723E-1 6.71119E-1 6.29743E-1 5.97582E-1 5.68841E-1 5.50232E-1 4.95209E-1 4.14832E-1 5.34593E-1 5.57162E-1 4.58975E-1 4.17761E-1 4.07526E-1 4.2641E-1 1.55552E-1 3.35796E-1 3.43609E-1 2.91588E-1 3.14672E-1 3.26606E-1 3.48804E-1 3.57083E-1 3.8214E-1 2.13806E-1 1.91913E-1 4.16834E-1 3.47434E-1 3.18299E-1 2.63566E-1 2.39687E-1 3.25332E-1 2.98387E-1 3.39014E-1 4.28918E-1 4.17907E-1 4.04494E-1 4.17587E-1 4.22152E-1 3.08385E-1 3.73296E-1 3.98006E-1 4.08838E-1 2.66039E-1 4.16536E-1 2.97048E-1 2.20826E-1
