Phytophthora/models/20240429_1921_07/Phytophthora_PA3_RUN10_MAXENT_outputs/Phytophthora_PA3_RUN10.asc
ncols         225
nrows         269
xllcorner     473000.0
yllcorner     4429100.0
cellsize      50.0
NODATA_value  -9999
[rows 81 to 107 of 269, columns 60 to 119 of 225]
9.60481E-2 1.82814E-2 8.75146E-2 7.83354E-2 4.38495E-2 4.04513E-2 4.56677E-2 2.8463E-2 6.07727E-2 8.10711E-2 2.97695E-2 8.21181E-2 2.37449E-2 1.22319E-1 1.46354E-1 2.53297E-1 2.37566E-1 2.36669E-1 2.33952E-1 2.13825E-1 1.28676E-1 -9999 9.23099E-2 8.25538E-2 7.88246E-2 8.82649E-2 1.066E-1 1.31034E-1 1.61048E-1 1.10365E-1 2.34082E-1 2.17693E-1 1.82856E-1 1.96008E-1 2.32555E-1 4.07861E-1 4.27964E-1 4.27544E-1 4.12062E-1 4.30906E-1 4.65833E-1 4.75946E-1 4.18115E-1 1.9155E-1 2.99158E-1 2.21502E-1 9.44697E-2 5.77655E-1 5.25523E-1 4.18966E-1 4.23182E-1 2.96431E-1 3.01796E-1 2.39853E-1 3.27751E-1 -9999 -9999 -9999 -9999 -9999
1.09322E-1 8.03628E-2 8.92031E-2 5.78736E-2 6.82673E-2 5.24442E-2 3.42986E-2 6.15183E-2 5.93107E-2 7.19008E-2 1.11425E-1 1.23762E-1 1.21649E-1 1.07148E-1 1.17168E-1 1.77865E-1 1.83814E-1 2.36088E-1 2.34123E-1 2.07701E-1 1.23148E-1 -9999 9.32483E-2 8.86677E-2 7.96893E-2 8.72656E-2 1.03704E-1 1.23317E-1 1.45299E-1 1.8051E-1 1.41068E-1 1.0769E-1 1.38426E-1 1.96025E-1 2.25875E-1 4.44695E-1 4.29992E-1 2.84423E-1 4.28028E-1 3.16483E-1 4.09275E-1 2.51539E-1 3.5055E-1 4.77158E-1 4.62461E-1 4.80051E-1 5.07087E-1 1.4971E-1 1.39494E-1 9.01086E-2 2.51691E-1 1.04072E-1 4.80419E-1 2.17951E-1 1.81597E-1 6.89077E-2 3.07255E-1 -9999 -9999 -9999
1.02729E-1 3.98181E-2 9.56501E-2 7.75408E-2 7.20538E-2 6.14262E-2 3.61774E-2 7.05026E-2 6.85043E-2 8.16249E-2 1.04654E-1 1.06025E-1 1.05476E-1 1.022E-1 1.11916E-1 1.64824E-1 1.91566E-1 2.29061E-1 2.45202E-1 2.3694E-1 3.17615E-2 1.2627E-1 -9999 1.02237E-1 9.00302E-2 8.50028E-2 9.70542E-2 1.13492E-1 1.33716E-1 1.68108E-1 1.18888E-1 2.31339E-1 1.57806E-1 7.30009E-2 2.492E-1 1.33551E-1 4.20182E-1 4.39508E-1 4.3788E-1 4.50116E-1 4.95407E-1 4.80815E-1 4.71045E-1 4.5327E-1 4.44212E-1 4.73263E-1 3.82538E-1 9.84471E-2 3.41149E-1 2.37292E-1 4.53944E-1 3.10145E-1 2.50388E-1 5.7366E-2 4.31872E-1 3.66193E-1 3.35865E-1 3.03676E-1 -9999 -9999
1.08218E-1 6.60745E-2 1.08078E-1 9.25976E-2 7.4624E-2 6.18873E-2 7.06291E-2 1.95681E-2 2.18868E-2 1.71971E-2 1.23025E-1 1.15309E-1 1.05065E-1 9.65043E-2 1.0323E-1 1.91051E-1 2.2231E-1 1.65401E-1 2.59954E-1 2.64725E-1 1.16069E-1 1.38269E-1 -9999 1.06788E-1 9.90301E-2 9.72915E-2 1.05473E-1 1.07637E-1 1.1854E-1 1.47443E-1 1.6589E-1 2.38738E-1 2.0533E-1 1.77367E-1 7.11773E-2 4.95532E-1 4.55221E-1 3.75014E-1 3.91324E-1 4.02778E-1 4.47609E-1 4.30744E-1 4.22841E-1 4.03837E-1 3.9705E-1 4.63263E-1 2.97404E-1 9.95218E-2 3.3572E-1 2.87957E-1 4.7283E-1 4.27516E-1 4.51671E-1 4.39782E-1 4.02847E-1 3.39224E-1 3.26109E-1 3.00759E-1 -9999 -9999
1.11455E-1 7.0207E-2 6.24335E-2 1.06914E-1 8.80474E-2 5.79795E-2 6.34843E-2 6.8993E-2 7.11507E-2 8.55182E-2 3.05213E-2 1.25181E-1 1.15339E-1 1.06885E-1 1.08848E-1 1.86023E-1 2.23681E-1 2.08973E-1 1.41157E-1 2.97349E-1 2.11746E-1 1.54098E-1 1.31261E-1 -9999 9.9092E-2 1.06206E-1 1.23478E-1 1.2482E-1 1.31761E-1 1.47865E-1 1.98414E-1 2.1417E-1 1.68214E-1 2.21492E-1 1.43487E-1 4.93362E-1 4.27313E-1 3.69399E-1 3.50706E-1 3.61363E-1 4.1629E-1 4.02676E-1 4.00683E-1 3.81167E-1 4.33112E-1 2.69227E-1 4.64997E-1 1.69484E-1 3.71542E-1 4.52418E-1 4.52564E-1 4.1504E-1 4.16538E-1 4.06467E-1 3.8289E-1 3.26018E-1 3.315E-1 3.25713E-1 2.91005E-1 -9999
6.5164E-2 7.67426E-2 3.50414E-2 4.20832E-2 6.36194E-2 5.86567E-2 5.17555E-2 5.61262E-2 5.62564E-2 6.71718E-2 9.57522E-2 1.76493E-2 1.02364E-1 9.31206E-2 1.0141E-1 1.65398E-1 1.8653E-1 2.17722E-1 2.39239E-1 1.99276E-1 2.25582E-2 2.31349E-1 1.97309E-1 1.70072E-1 1.69096E-1 2.10239E-1 2.47976E-1 2.62911E-1 2.62387E-1 2.63205E-1 9.46161E-2 2.60665E-1 2.40281E-1 2.40119E-1 3.69907E-1 1.68425E-1 5.31111E-1 5.09228E-1 4.72967E-1 4.46419E-1 4.17013E-1 3.94968E-1 3.87341E-1 4.31853E-1 5.77718E-1 5.23636E-1 4.92952E-1 1.97538E-1 3.53347E-1 1.49772E-1 4.75329E-1 4.35078E-1 4.01308E-1 3.95353E-1 3.99292E-1 4.39937E-1 4.42264E-1 4.26029E-1 3.99245E-1 -9999
6.02974E-2 7.19035E-2 7.55697E-2 2.88751E-2 7.3653E-2 6.58062E-2 5.32026E-2 4.91206E-2 4.92504E-2 5.79934E-2 8.36213E-2 1.03459E-1 6.14059E-2 1.04526E-1 1.11177E-1 1.76041E-1 1.73823E-1 1.82042E-1 2.1148E-1 2.49685E-1 1.29263E-1 6.26447E-2 2.16921E-1 1.95749E-1 2.00612E-1 2.42742E-1 2.83685E-1 2.15249E-1 1.41416E-1 1.46651E-1 2.6264E-1 2.57125E-1 2.1696E-1 1.94142E-1 3.11565E-1 5.38087E-1 2.45132E-1 5.42192E-1 5.1169E-1 4.84179E-1 4.45451E-1 4.65453E-1 4.30068E-1 4.37785E-1 4.29748E-1 5.47938E-1 1.42246E-1 5.58505E-1 5.23032E-1 5.30005E-1 2.8694E-1 5.08967E-1 4.66905E-1 4.73179E-1 4.59413E-1 5.06846E-1 5.1663E-1 5.07679E-1 4.70461E-1 3.72331E-1
6.60612E-2 6.31639E-2 7.447E-2 7.73605E-2 4.08162E-2 7.36396E-2 5.95092E-2 5.33225E-2 4.83769E-2 5.42683E-2 7.69555E-2 9.52058E-2 4.15171E-2 3.4186E-2 1.12962E-1 2.07564E-1 1.92346E-1 1.75884E-1 1.72419E-1 2.18167E-1 7.89169E-2 1.46717E-1 1.11149E-1 2.32962E-1 2.34804E-1 2.8251E-1 1.82549E-1 1.39355E-1 2.63656E-1 2.5068E-1 2.30224E-1 2.45614E-1 2.49109E-1 1.86626E-1 2.54553E-1 5.41973E-1 5.55128E-1 2.54436E-1 5.18584E-1 4.96758E-1 4.72908E-1 4.86348E-1 4.89785E-1 4.52807E-1 2.65549E-1 5.11122E-1 2.5521E-1 3.5836E-1 3.35971E-1 5.04932E-1 5.07695E-1 2.08254E-1 2.15246E-1 3.2873E-1 2.77662E-1 2.21873E-1 4.76054E-1 5.39723E-1 4.44177E-1 3.55518E-1
7.0283E-2 6.30336E-2 7.83237E-2 8.51527E-2 2.05192E-2 8.21777E-2 7.17029E-2 6.57087E-2 5.70548E-2 5.31339E-2 7.54819E-2 8.458E-2 8.92024E-2 1.02161E-1 1.2624E-1 7.13582E-2 1.97379E-1 1.73921E-1 1.54434E-1 1.60249E-1 2.53878E-1 9.56242E-2 2.66267E-1 1.64873E-1 1.01815E-1 1.75835E-1 2.03443E-1 2.65981E-1 2.35662E-1 2.00323E-1 2.23046E-1 2.74616E-1 3.39416E-1 -9999 2.44307E-1 5.62581E-1 5.18492E-1 4.5576E-1 2.34815E-1 4.16115E-1 5.19387E-1 5.23635E-1 5.45436E-1 5.58413E-1 5.6023E-1 5.49585E-1 5.2798E-1 4.71179E-1 4.50785E-1 5.34604E-1 4.99581E-1 2.19055E-1 4.72218E-1 5.04551E-1 4.99009E-1 5.64596E-1 5.43552E-1 5.18696E-1 4.16684E-1 3.59486E-1
6.96851E-2 6.8159E-2 8.15596E-2 9.01518E-2 4.28385E-2 5.94225E-2 8.8667E-2 7.91128E-2 6.70609E-2 6.38628E-2 6.91057E-2 7.87759E-2 7.60965E-2 8.80098E-2 1.09789E-1 2.14592E-1 1.06161E-1 1.94883E-1 1.7332E-1 1.48061E-1 2.26085E-1 9.04842E-2 2.58107E-1 2.32782E-1 9.60126E-2 3.21655E-1 2.58716E-1 2.31699E-1 2.19809E-1 2.31397E-1 2.36314E-1 -9999 -9999 -9999 -9999 4.98067E-1 4.67453E-1 4.29613E-1 5.07348E-1 5.32361E-1 2.7303E-1 4.68652E-1 5.61566E-1 5.93812E-1 6.3343E-1 1.80351E-1 2.91043E-1 3.79328E-1 4.91371E-1 5.67643E-1 4.62336E-1 4.32989E-1 2.75838E-1 4.98554E-1 4.82675E-1 4.9401E-1 4.92789E-1 4.52111E-1 3.86286E-1 3.98136E-1
1.08319E-1 1.18036E-1 1.36674E-1 1.26954E-1 1.33341E-1 1.31223E-1 4.23465E-2 8.17659E-2 8.01115E-2 8.65722E-2 9.0997E-2 9.543E-2 9.46637E-2 1.03698E-1 1.22118E-1 1.93849E-1 9.694E-2 1.74984E-1 1.8783E-1 1.54694E-1 2.286E-1 1.10447E-1 2.69515E-1 2.97598E-1 2.59817E-1 2.61113E-1 2.29814E-1 2.07186E-1 2.19293E-1 -9999 -9999 -9999 -9999 -9999 -9999 4.04756E-1 3.91143E-1 3.93364E-1 4.36474E-1 4.55724E-1 5.00728E-1 3.60032E-1 4.63858E-1 6.19219E-1 1.88402E-1 4.24683E-1 2.8183E-1 4.05675E-1 1.23048E-1 4.0632E-1 3.70862E-1 3.66158E-1 1.40498E-1 2.74993E-1 4.3234E-1 3.99071E-1 4.40517E-1 3.04579E-1 3.43193E-1 3.86529E-1
1.08858E-1 1.50388E-1 1.59253E-1 1.31998E-1 1.25864E-1 8.04242E-2 1.03218E-1 2.74065E-2 8.93059E-2 9.3101E-2 1.10056E-1 1.32898E-1 1.28669E-1 1.39718E-1 1.5098E-1 1.97979E-1 4.16731E-2 1.85938E-1 2.18193E-1 2.03891E-1 2.77497E-1 3.58176E-1 3.47903E-1 6.82958E-2 2.75676E-1 2.46432E-1 2.29721E-1 2.05314E-1 -9999 -9999 -9999 -9999 -9999 -9999 -9999 4.15586E-1 3.95737E-1 3.94619E-1 4.02398E-1 4.23654E-1 4.66853E-1 5.09404E-1 4.73732E-1 3.23496E-1 1.85929E-1 7.39144E-2 3.00392E-1 4.47497E-1 4.9326E-1 3.54472E-1 8.17027E-2 1.57794E-1 3.52337E-1 2.66988E-1 1.83915E-1 4.50673E-1 3.83062E-1 3.34295E-1 3.52053E-1 4.05958E-1
1.25903E-1 1.40557E-1 4.36065E-2 4.35321E-2 8.00025E-2 8.8731E-2 9.42513E-2 8.04982E-2 9.84746E-2 9.33796E-2 1.1338E-1 1.52882E-1 1.70853E-1 9.63397E-2 3.94389E-2 7.16711E-2 2.33763E-1 1.77424E-1 1.63173E-1 2.381E-1 3.06886E-1 3.65367E-1 9.88707E-2 2.6796E-1 2.43819E-1 2.753E-1 2.53717E-1 2.20362E-1 -9999 -9999 -9999 -9999 -9999 -9999 -9999 -9999 4.46552E-1 4.45034E-1 4.3072E-1 4.21555E-1 4.56128E-1 -9999 -9999 4.32176E-1 4.97521E-1 2.96718E-1 3.51932E-1 3.49382E-1 4.11943E-1 4.28384E-1 3.20881E-1 3.1798E-1 3.22673E-1 1.44322E-1 4.56762E-1 1.776E-1 4.09134E-1 3.58953E-1 3.86497E-1 4.14796E-1
1.27312E-1 1.52614E-1 1.56533E-1 1.36104E-1 1.27051E-1 4.95808E-2 2.17429E-2 9.20374E-2 3.55055E-2 1.147E-1 1.2955E-1 1.49637E-1 5.97905E-2 1.51411E-1 1.63073E-1 4.9383E-2 1.8417E-1 1.93638E-1 1.77521E-1 1.73933E-1 2.33565E-1 3.11983E-1 3.24452E-1 2.4096E-1 2.53747E-1 5.92017E-2 2.58369E-1 2.20111E-1 -9999 -9999 -9999 -9999 -9999 -9999 -9999 -9999 4.97115E-1 4.97716E-1 4.84668E-1 -9999 -9999 -9999 -9999 2.93004E-1 3.79071E-1 2.57674E-1 3.05319E-1 3.64198E-1 4.23698E-1 4.07696E-1 3.41205E-1 3.08586E-1 2.97052E-1 1.55052E-1 2.87473E-1 1.53707E-1 4.23061E-1 3.7925E-1 2.35884E-1 1.25809E-1
1.10049E-1 8.04437E-2 1.41395E-1 1.34887E-1 1.13285E-1 8.2365E-2 9.18511E-2 1.20905E-1 1.00223E-1 5.20328E-2 4.50828E-2 2.327E-2 8.6224E-2 1.57941E-1 1.64491E-1 1.91508E-1 5.57442E-2 4.98989E-2 2.15786E-1 2.33607E-1 2.33871E-1 1.56328E-1 1.92228E-1 1.63527E-1 1.70676E-1 4.40529E-2 2.72303E-1 1.7993E-1 2.3142E-1 -9999 -9999 -9999 -9999 -9999 -9999 5.993E-1 -9999 -9999 -9999 -9999 -9999 -9999 -9999 3.49188E-1 2.55117E-1 2.56163E-1 2.74103E-1 3.35537E-1 1.45287E-1 1.04267E-1 1.20185E-1 3.19506E-1 2.97534E-1 2.22944E-1 1.3045E-1 4.84433E-1 1.99275E-1 4.1761E-1 1.17922E-1 4.35399E-1
1.61326E-1 2.08E-1 1.43838E-1 2.45619E-1 1.85314E-1 1.61651E-1 1.70677E-1 1.72913E-1 1.82917E-1 2.54387E-1 2.52667E-1 2.91889E-1 5.19508E-2 2.26923E-1 1.97708E-1 1.66724E-1 1.79136E-1 1.9642E-1 2.42114E-1 1.06043E-1 1.08488E-1 1.21893E-1 1.06954E-1 1.21557E-1 1.21957E-1 2.43757E-1 1.60776E-1 1.70056E-1 1.72638E-1 -9999 -9999 -9999 -9999 -9999 -9999 -9999 -9999 -9999 -9999 -9999 -9999 -9999 -9999 3.04644E-1 3.2143E-1 3.69363E-1 3.48982E-1 3.84784E-1 2.58988E-1 1.26822E-1 5.71599E-1 5.41211E-1 5.7656E-1 5.25868E-1 1.83242E-1 4.37631E-1 2.92676E-1 2.51501E-1 2.4828E-1 3.92067E-1
1.25865E-1 1.39578E-1 1.49502E-1 1.77301E-1 1.51378E-1 1.42635E-1 1.50127E-1 1.55918E-1 1.57788E-1 1.69112E-1 2.28086E-1 2.27654E-1 2.85498E-1 1.63916E-1 2.04113E-1 1.40064E-1 1.49268E-1 1.53696E-1 1.28648E-1 1.65489E-1 1.11417E-1 9.9042E-2 8.05891E-2 9.69538E-2 1.00398E-1 1.33702E-1 1.61875E-1 1.8752E-1 1.6128E-1 -9999 -9999 -9999 -9999 -9999 -9999 -9999 -9999 -9999 -9999 -9999 -9999 -9999 -9999 1.07537E-1 3.51044E-1 4.0134E-1 3.92651E-1 3.80898E-1 4.35324E-1 5.06016E-1 4.75004E-1 5.84043E-1 3.14299E-1 5.82833E-1 5.25277E-1 3.66658E-1 3.06896E-1 1.11043E-1 8.67197E-2 3.67786E-1
1.32014E-1 1.28438E-1 1.30094E-1 6.28413E-2 1.36348E-1 1.24856E-1 1.30162E-1 1.34888E-1 1.39621E-1 1.42848E-1 1.65939E-1 2.39511E-1 2.70781E-1 1.01689E-1 2.77618E-1 1.60085E-1 1.36452E-1 1.82669E-1 1.93094E-1 1.45517E-1 1.2068E-1 1.31625E-1 1.2116E-1 1.46116E-1 1.48928E-1 5.93395E-2 1.93409E-1 1.86887E-1 1.96722E-1 1.40727E-1 -9999 -9999 -9999 -9999 -9999 -9999 -9999 -9999 -9999 -9999 -9999 -9999 -9999 3.21569E-1 1.38954E-1 2.9988E-1 4.36986E-1 4.26266E-1 4.40671E-1 3.27466E-1 2.89089E-1 6.90568E-1 6.6173E-1 5.67964E-1 5.74622E-1 2.91535E-1 2.95019E-1 1.08573E-1 1.68526E-1 3.48945E-1
1.57936E-1 1.56316E-1 1.55399E-1 1.67474E-1 1.48216E-1 1.16873E-1 1.1336E-1 1.17112E-1 1.20414E-1 1.41975E-1 1.66367E-1 1.92529E-1 2.79182E-1 2.35964E-1 2.27561E-1 1.67726E-1 1.31471E-1 2.0726E-2 3.91326E-2 8.86556E-2 1.03175E-1 1.1372E-1 1.05755E-1 1.35049E-1 1.44523E-1 1.80296E-1 4.3197E-2 1.544E-1 2.48594E-1 7.50645E-2 1.40005E-1 -9999 -9999 -9999 -9999 -9999 -9999 -9999 -9999 -9999 -9999 -9999 -9999 3.25927E-1 3.44408E-1 4.05546E-1 2.45817E-1 1.80092E-1 2.00091E-1 1.37806E-1 2.34991E-1 2.10295E-1 4.76178E-1 1.94972E-1 4.39549E-1 2.55031E-1 2.83319E-1 1.2751E-1 3.55771E-1 3.39598E-1
1.81378E-1 1.75942E-1 1.69739E-1 1.79211E-1 1.05674E-1 1.56214E-1 1.22812E-1 1.21082E-1 1.26746E-1 1.48241E-1 1.77826E-1 2.06168E-1 6.49621E-2 2.61606E-1 2.44717E-1 1.5824E-1 1.26116E-1 1.21914E-1 7.34589E-2 8.20671E-2 1.08688E-1 1.36591E-1 1.28229E-1 1.68436E-1 1.74893E-1 1.43284E-1 2.36821E-1 7.76985E-2 2.45607E-1 8.48755E-2 2.1443E-1 -9999 -9999 -9999 -9999 -9999 -9999 -9999 -9999 -9999 -9999 -9999 2.42375E-1 9.74264E-2 3.53737E-1 4.08727E-1 4.10491E-1 4.39199E-1 4.6249E-1 3.76389E-1 3.04422E-1 2.40984E-1 3.20435E-1 4.11623E-1 3.96417E-1 2.53307E-1 3.27106E-1 9.08026E-2 3.55673E-1 3.18397E-1
1.47591E-1 1.46222E-1 1.36565E-1 1.33148E-1 1.59296E-1 7.49572E-2 1.88941E-1 1.44272E-1 1.45333E-1 1.61583E-1 1.921E-1 2.22891E-1 7.41652E-2 2.26975E-1 2.14596E-1 1.33553E-1 1.17756E-1 4.89724E-2 6.75829E-2 1.03512E-1 2.20043E-1 1.8847E-1 2.19262E-1 2.46983E-1 2.33451E-1 1.27708E-1 1.20744E-1 3.90464E-2 8.48968E-2 8.58019E-2 1.28405E-1 1.46603E-1 -9999 -9999 -9999 -9999 -9999 -9999 -9999 -9999 -9999 2.58086E-1 2.69526E-1 2.03214E-1 3.12917E-1 4.8177E-1 5.04222E-1 5.61244E-1 3.86526E-1 5.05269E-1 3.86132E-1 3.55805E-1 3.61597E-1 2.50148E-1 2.49122E-1 3.49636E-1 4.31231E-1 3.59098E-1 5.04543E-1 4.46677E-1
1.67897E-1 1.67708E-1 1.64729E-1 1.48261E-1 1.43209E-1 2.61546E-1 1.42187E-1 1.74425E-1 1.66832E-1 1.84605E-1 2.07454E-1 2.09325E-1 2.13954E-1 1.07569E-1 2.52721E-1 1.2322E-1 3.23824E-2 1.57229E-2 7.39613E-2 1.25641E-1 2.23619E-1 2.3528E-1 2.67419E-1 2.89923E-1 2.39401E-1 1.36741E-1 1.4286E-1 4.01111E-2 1.04393E-1 8.88591E-2 2.35601E-1 2.03762E-1 -9999 -9999 -9999 -9999 -9999 -9999 -9999 -9999 2.19932E-1 2.53506E-1 2.40204E-1 2.88348E-1 1.1563E-1 2.98551E-1 1.98801E-1 4.62869E-1 6.23525E-2 2.03612E-1 4.79735E-1 4.03081E-1 4.05523E-1 3.68517E-1 5.16731E-1 4.94211E-1 1.99586E-1 1.62363E-1 1.79058E-1 4.90277E-1
1.38542E-1 7.8936E-2 1.0333E-1 1.7708E-1 1.84436E-1 2.47486E-1 1.49949E-1 2.38124E-1 1.94166E-1 2.07545E-1 1.68259E-1 9.52211E-2 6.76825E-2 1.40723E-1 3.50602E-2 9.36346E-2 8.02584E-2 3.70635E-2 1.29013E-1 1.38846E-1 3.05187E-1 3.0474E-1 2.80131E-1 1.89067E-1 1.7329E-1 1.26307E-1 1.38026E-1 1.16646E-1 1.08176E-1 1.65035E-1 1.36396E-1 1.63968E-1 1.96535E-1 -9999 -9999 -9999 -9999 -9999 -9999 5.3056E-2 2.03204E-1 2.38695E-1 2.34571E-1 2.53439E-1 2.84805E-1 4.14967E-1 3.03146E-1 1.77168E-1 4.13116E-1 3.72159E-1 1.31487E-1 5.61937E-1 2.91644E-1 5.26719E-1 4.27383E-1 4.72388E-1 4.84318E-1 5.21631E-1 5.00009E-1 2.39904E-1
1.50713E-1 1.65884E-1 6.40197E-2 8.39713E-2 1.78908E-1 2.01274E-1 3.10923E-1 3.07292E-1 1.58269E-1 5.79178E-2 1.71642E-1 2.22045E-1 2.19887E-1 1.95616E-1 1.51884E-1 9.71573E-2 3.42707E-2 1.3051E-1 1.6127E-1 1.82177E-1 3.62776E-1 3.44158E-1 2.44482E-1 2.18049E-1 2.1143E-1 1.32997E-1 1.39957E-1 1.15698E-1 9.8816E-2 1.8069E-1 1.29255E-1 1.57742E-1 1.61003E-1 -9999 -9999 -9999 -9999 -9999 -9999 6.31636E-2 2.99204E-1 3.05439E-1 3.0318E-1 2.97757E-1 3.14419E-1 5.01429E-1 3.76004E-1 1.00457E-1 5.05087E-1 4.14405E-1 4.79874E-1 4.60292E-1 4.71472E-1 2.83934E-1 2.78334E-1 5.33104E-1 4.89469E-1 5.01405E-1 5.53352E-1 2.34043E-1
1.33269E-1 1.65604E-1 1.72658E-1 1.58921E-1 1.00741E-1 2.26E-1 2.29356E-1 2.18732E-2 2.60304E-1 2.33928E-1 2.17033E-1 1.93558E-1 1.97159E-1 1.98637E-1 1.44131E-1 1.1901E-1 1.41893E-1 7.05716E-2 2.68197E-2 2.53729E-1 3.55953E-1 3.63792E-1 2.89472E-1 2.01487E-1 1.90733E-1 1.17573E-1 1.08567E-1 7.51965E-2 6.70147E-2 9.27312E-2 1.3362E-1 1.44772E-1 1.55341E-1 1.27405E-1 -9999 -9999 -9999 1.42457E-1 1.41517E-1 1.65879E-1 1.16014E-1 1.28537E-1 2.21194E-1 9.46907E-2 4.20009E-1 3.51084E-1 6.04128E-1 3.81262E-1 3.86685E-1 4.7039E-1 4.6059E-1 4.59698E-1 4.65397E-1 2.60259E-1 5.87453E-1 2.29757E-1 2.53506E-1 5.14721E-1 5.92637E-1 3.72578E-1
1.32022E-1 1.70646E-1 2.10866E-1 1.73445E-1 1.77134E-1 2.71054E-1 7.7112E-2 1.52245E-1 3.51084E-1 2.24308E-1 1.32729E-1 1.24387E-1 1.22585E-1 1.18525E-1 1.11399E-1 1.69318E-1 1.75734E-1 2.27168E-1 2.20315E-1 1.18234E-1 3.35934E-1 2.77565E-1 1.62816E-1 1.25846E-1 1.16319E-1 9.16153E-2 9.05765E-2 6.65102E-2 7.26477E-2 1.68611E-1 2.0812E-1 7.02865E-2 5.50528E-2 6.56227E-2 1.28744E-1 2.64673E-1 3.21244E-1 4.02998E-1 1.4389E-1 3.21381E-1 4.8603E-1 4.82801E-1 4.72959E-1 5.82896E-1 1.56694E-1 6.33923E-1 2.43712E-1 3.21215E-1 4.01566E-1 4.12073E-1 4.05637E-1 4.07762E-1 4.46218E-1 3.52145E-1 5.26578E-1 4.3607E-1 4.91904E-1 3.58435E-1 2.38651E-1 4.72748E-1
1.36754E-1 1.57844E-1 2.09168E-1 1.93333E-1 2.13314E-1 1.39357E-1 2.99182E-1 1.80158E-1 3.21434E-1 1.97553E-1 1.14166E-1 1.15569E-1 1.04337E-1 9.7678E-2 1.06499E-1 1.59599E-1 1.75518E-1 1.94374E-1 2.41432E-1 1.44676E-1 3.27997E-1 1.75738E-1 1.34669E-1 1.15333E-1 1.16702E-1 1.13744E-1 8.58004E-2 1.67927E-1 1.6289E-1 1.2908E-1 1.93984E-1 9.49406E-2 7.58841E-2 1.34382E-1 1.46872E-1 3.03502E-1 3.84486E-1 4.30912E-1 4.66479E-1 5.09236E-1 2.26892E-1 5.31828E-1 5.00104E-1 5.27438E-1 2.74183E-1 7.57424E-2 2.22332E-1 1.93139E-1 4.90067E-1 3.62416E-1 3.89613E-1 3.77296E-1 4.05709E-1 5.17474E-1 1.97975E-1 1.9001E-1 3.61267E-1 5.68579E-1 4.34863E-1 1.67813E-1
