Phytophthora/models/20240429_1921_07/Phytophthora_PA3_RUN10_MAXENT_outputs/Phytophthora_PA3_RUN10.asc
ncols         225
nrows         269
xllcorner     473000.0
yllcorner     4429100.0
cellsize      50.0
NODATA_value  -9999
[rows 27 to 53 of 269, columns 0 to 59 of 225]
-9999 -9999 -9999 -9999 -9999 -9999 -9999 -9999 -9999 -9999 -9999 -9999 -9999 -9999 -9999 -9999 -9999 -9999 -9999 -9999 -9999 -9999 -9999 -9999 -9999 -9999 -9999 -9999 -9999 -9999 -9999 -9999 -9999 -9999 -9999 -9999 -9999 -9999 1.07789E-2 9.22956E-3 1.11429E-2 5.37059E-3 2.05118E-2 2.10373E-2 2.14777E-2 9.55401E-3 2.17043E-2 1.66021E-2 1.48329E-2 1.84249E-2 5.57481E-3 1.95559E-2 1.36075E-2 9.83336E-3 1.0378E-2 5.93378E-3 5.79709E-3 4.83295E-3 4.34017E-3 4.48872E-3
-9999 -9999 -9999 -9999 -9999 -9999 -9999 -9999 -9999 -9999 -9999 -9999 -9999 -9999 -9999 -9999 -9999 -9999 -9999 -9999 -9999 -9999 -9999 -9999 -9999 -9999 -9999 -9999 -9999 -9999 -9999 -9999 -9999 -9999 -9999 -9999 -9999 -9999 1.74605E-2 6.07106E-3 3.77455E-3 5.78708E-3 1.19326E-2 1.79532E-2 2.20252E-2 2.09033E-2 3.13771E-3 1.94708E-2 1.52828E-2 9.10241E-3 1.31572E-2 1.14025E-2 7.8836E-3 5.65653E-3 5.03007E-3 3.34816E-3 3.55629E-3 3.6957E-3 3.81941E-3 4.0394E-3
-9999 -9999 -9999 -9999 -9999 -9999 -9999 -9999 -9999 -9999 -9999 -9999 -9999 -9999 -9999 -9999 -9999 -9999 -9999 -9999 -9999 -9999 -9999 -9999 -9999 -9999 -9999 -9999 -9999 -9999 -9999 -9999 -9999 -9999 -9999 -9999 -9999 -9999 1.11567E-2 9.85914E-3 7.89656E-3 7.669E-3 1.30288E-2 7.16485E-3 5.92646E-3 3.27619E-3 1.00589E-2 4.85242E-3 4.87779E-3 1.48504E-3 1.29913E-2 1.00053E-2 7.50998E-3 6.63666E-3 5.72501E-3 3.99845E-3 1.32045E-2 5.34789E-3 3.53624E-3 1.20878E-2
-9999 -9999 -9999 -9999 -9999 -9999 -9999 -9999 -9999 -9999 -9999 -9999 -9999 -9999 -9999 -9999 -9999 -9999 -9999 -9999 -9999 -9999 -9999 -9999 -9999 -9999 -9999 -9999 -9999 -9999 -9999 -9999 -9999 -9999 -9999 -9999 9.60651E-3 5.54294E-3 8.79457E-3 8.09809E-3 6.82074E-3 1.43926E-2 4.50177E-3 1.56092E-2 1.88562E-2 1.61018E-2 4.7528E-3 9.02073E-3 7.79352E-3 6.95164E-3 8.84665E-3 6.63883E-3 5.40158E-3 6.04955E-3 7.33894E-3 4.99804E-3 2.09439E-3 1.10696E-2 1.08914E-2 1.12907E-2
-9999 -9999 -9999 -9999 -9999 -9999 -9999 -9999 -9999 -9999 -9999 -9999 -9999 -9999 -9999 -9999 -9999 -9999 -9999 -9999 -9999 -9999 -9999 -9999 -9999 -9999 -9999 -9999 -9999 -9999 -9999 -9999 -9999 -9999 -9999 1.07604E-2 1.19501E-2 1.66923E-2 2.79302E-2 1.52507E-2 3.2418E-3 6.35478E-3 1.30735E-2 1.63455E-2 1.38031E-2 1.98112E-2 5.78137E-3 1.29354E-2 1.04105E-2 9.04693E-3 6.89569E-3 5.48814E-3 5.27273E-3 8.66635E-3 1.37506E-2 2.8956E-2 4.56848E-3 2.66327E-2 2.18505E-2 2.60189E-2
-9999 -9999 -9999 -9999 -9999 -9999 -9999 -9999 -9999 -9999 -9999 -9999 -9999 -9999 -9999 -9999 -9999 -9999 -9999 -9999 -9999 -9999 -9999 -9999 -9999 -9999 -9999 -9999 -9999 -9999 -9999 -9999 -9999 -9999 1.33079E-2 1.69739E-2 2.37366E-2 3.95041E-2 1.51481E-2 4.30412E-2 2.32853E-2 2.25747E-2 1.69671E-2 1.09113E-2 8.43631E-3 1.43011E-2 1.33584E-2 2.90885E-3 1.42427E-2 1.03113E-2 8.93149E-3 5.94944E-3 9.78279E-3 1.09975E-2 1.43961E-2 2.69997E-2 1.34364E-2 2.83538E-2 2.5612E-2 3.11837E-2
-9999 -9999 -9999 -9999 -9999 -9999 -9999 -9999 -9999 -9999 -9999 -9999 -9999 -9999 -9999 -9999 -9999 -9999 -9999 -9999 -9999 -9999 -9999 -9999 -9999 -9999 -9999 -9999 -9999 -9999 -9999 -9999 9.87135E-3 1.06429E-2 1.16873E-2 1.66759E-2 4.1535E-2 5.30896E-2 9.87778E-3 5.70876E-2 1.79105E-2 1.28799E-2 7.08203E-3 5.59546E-3 5.35676E-3 8.79746E-3 9.09603E-3 9.28968E-3 9.21302E-3 3.28569E-3 1.2623E-2 1.38414E-2 1.12408E-2 1.04694E-2 1.3259E-2 2.57165E-2 2.95307E-2 2.14723E-2 2.79001E-2 6.24469E-3
-9999 -9999 -9999 -9999 -9999 -9999 -9999 -9999 -9999 -9999 -9999 -9999 -9999 -9999 -9999 -9999 -9999 -9999 -9999 -9999 -9999 -9999 -9999 -9999 -9999 -9999 -9999 -9999 -9999 -9999 -9999 1.06883E-2 1.2321E-2 1.25483E-2 1.82883E-2 3.68948E-2 4.23306E-2 5.17661E-2 5.63706E-2 5.07114E-2 2.00569E-2 8.81572E-3 7.49183E-3 6.75552E-3 6.6896E-3 8.9981E-3 9.36328E-3 1.01398E-2 1.39455E-2 1.17155E-2 1.75235E-2 1.44275E-2 1.16471E-2 1.12656E-2 1.48943E-2 2.51752E-2 2.83564E-2 7.2862E-3 2.31875E-2 1.64069E-2
-9999 -9999 -9999 -9999 -9999 -9999 -9999 -9999 -9999 -9999 -9999 -9999 -9999 -9999 -9999 -9999 -9999 -9999 -9999 -9999 -9999 -9999 -9999 -9999 -9999 -9999 -9999 -9999 -9999 -9999 1.67383E-2 1.52941E-2 1.56332E-2 2.22938E-2 3.49529E-2 4.37345E-2 4.76183E-2 1.73311E-2 4.21197E-2 4.2229E-2 9.26109E-3 8.31477E-3 6.82616E-3 6.76459E-3 7.64717E-3 1.10385E-2 9.81338E-3 1.19863E-2 2.25312E-2 2.39281E-2 5.60065E-3 1.54651E-2 1.24335E-2 1.27527E-2 1.76806E-2 3.11902E-2 1.42989E-2 1.38859E-2 9.36122E-3 2.54682E-2
-9999 -9999 -9999 -9999 -9999 -9999 -9999 -9999 -9999 -9999 -9999 -9999 -9999 -9999 -9999 -9999 -9999 -9999 -9999 -9999 -9999 -9999 -9999 -9999 -9999 -9999 -9999 -9999 -9999 -9999 2.71177E-2 1.71376E-2 1.98883E-2 3.35706E-2 3.0373E-2 2.10582E-2 5.92303E-3 2.74045E-2 1.12369E-2 1.55254E-2 9.34369E-3 9.50879E-3 8.72714E-3 8.81454E-3 8.5945E-3 1.69667E-2 1.65311E-2 1.54438E-2 1.85524E-2 2.22279E-2 7.84715E-3 2.18797E-2 1.75066E-2 1.76253E-2 2.23857E-2 1.51483E-2 2.84291E-2 2.57807E-2 2.51395E-2 4.86759E-3
-9999 -9999 -9999 -9999 -9999 -9999 -9999 -9999 -9999 -9999 -9999 -9999 -9999 -9999 -9999 -9999 -9999 -9999 -9999 -9999 -9999 -9999 -9999 -9999 -9999 -9999 -9999 -9999 -9999 1.60805E-2 2.93601E-2 2.55244E-2 3.34749E-2 8.32987E-3 5.73918E-3 2.73E-2 1.45052E-2 3.14923E-2 2.19231E-2 1.14561E-2 9.37631E-3 3.08982E-3 9.83193E-3 9.34243E-3 1.48788E-2 2.19791E-2 1.78993E-2 1.68447E-2 1.85557E-2 2.30984E-2 5.38057E-3 2.30009E-2 1.86323E-2 2.09502E-2 1.5979E-2 2.88435E-2 2.50938E-2 2.05707E-2 2.18297E-2 2.35994E-2
-9999 -9999 -9999 -9999 -9999 -9999 -9999 -9999 -9999 -9999 -9999 -9999 -9999 -9999 -9999 -9999 -9999 -9999 -9999 -9999 -9999 -9999 -9999 -9999 -9999 -9999 -9999 -9999 -9999 -9999 1.21365E-2 3.37606E-2 5.18596E-3 1.30196E-2 3.03882E-2 3.20753E-3 2.31967E-2 1.62693E-2 1.36054E-2 1.44423E-2 3.04839E-3 1.04607E-2 9.47325E-3 1.04238E-2 1.7387E-2 2.29245E-2 2.12801E-2 2.00178E-2 1.84922E-2 2.25743E-2 2.53399E-2 1.2667E-2 2.06247E-2 1.16331E-2 1.84123E-2 2.97973E-2 2.39642E-2 1.67564E-2 1.96189E-2 2.42197E-2
-9999 -9999 -9999 -9999 -9999 -9999 -9999 -9999 -9999 -9999 -9999 -9999 -9999 -9999 -9999 -9999 -9999 -9999 -9999 -9999 -9999 -9999 -9999 -9999 -9999 -9999 -9999 -9999 -9999 -9999 2.65389E-2 1.24068E-2 1.35862E-2 2.31715E-2 1.24552E-2 2.17937E-2 8.26805E-3 3.00202E-3 1.14052E-2 1.69016E-2 6.71422E-3 1.00637E-2 9.7874E-3 1.46387E-2 1.20298E-2 1.05525E-2 1.74583E-2 2.35394E-2 2.12771E-2 2.3438E-2 2.89367E-2 1.26496E-2 2.29773E-2 5.02908E-3 2.57347E-2 3.31738E-2 2.03297E-2 1.68086E-2 1.86671E-2 2.50921E-2
-9999 -9999 -9999 -9999 -9999 -9999 -9999 -9999 -9999 -9999 -9999 -9999 -9999 -9999 -9999 -9999 -9999 -9999 -9999 -9999 -9999 -9999 -9999 -9999 -9999 -9999 -9999 -9999 -9999 -9999 1.96417E-2 4.07255E-2 4.69901E-2 3.68418E-2 1.8873E-2 1.24805E-2 1.56686E-2 1.73549E-2 1.07689E-2 2.44096E-3 1.05682E-2 9.36087E-3 1.18557E-2 1.45409E-2 1.27591E-2 2.48674E-2 2.50738E-2 5.42674E-3 1.30539E-2 1.42127E-2 6.28207E-3 1.34721E-2 1.03155E-2 2.45281E-2 2.53558E-2 3.02999E-2 1.74663E-2 1.50306E-2 1.67362E-2 2.17877E-2
-9999 -9999 -9999 -9999 -9999 -9999 -9999 -9999 -9999 -9999 -9999 -9999 -9999 -9999 -9999 -9999 -9999 -9999 -9999 -9999 -9999 -9999 -9999 -9999 -9999 -9999 -9999 -9999 -9999 -9999 3.75425E-2 3.07799E-2 3.04028E-2 2.71851E-2 2.1691E-2 1.98662E-2 2.05388E-2 2.18216E-2 2.53869E-2 2.15191E-2 1.39059E-2 1.39739E-2 1.626E-2 1.80493E-2 1.79346E-2 1.6071E-2 1.74779E-2 1.97519E-2 1.84222E-2 1.87059E-2 2.01067E-2 4.11589E-3 5.52363E-3 1.75191E-2 1.81572E-2 4.59309E-2 3.11349E-2 2.59748E-2 2.75629E-2 2.85305E-2
-9999 -9999 -9999 -9999 -9999 -9999 -9999 -9999 -9999 -9999 -9999 -9999 -9999 -9999 -9999 -9999 -9999 -9999 -9999 -9999 -9999 -9999 -9999 -9999 -9999 -9999 -9999 -9999 -9999 2.38555E-2 2.28484E-2 2.05679E-2 2.13262E-2 1.85662E-2 1.9214E-2 1.73076E-2 1.58246E-2 1.46311E-2 2.09169E-2 1.92096E-2 1.88611E-2 1.88387E-2 1.79209E-2 1.70542E-2 1.61344E-2 1.43251E-2 1.68649E-2 1.77668E-2 2.08241E-2 1.73013E-2 1.91266E-2 2.11161E-2 6.46982E-3 1.84582E-2 1.82553E-2 4.13474E-2 3.54583E-2 3.23841E-2 2.86196E-2 2.6892E-2
-9999 -9999 -9999 -9999 -9999 -9999 -9999 -9999 -9999 -9999 -9999 -9999 -9999 -9999 -9999 -9999 -9999 -9999 -9999 -9999 -9999 -9999 -9999 -9999 -9999 -9999 2.98503E-2 1.34115E-2 2.08249E-2 1.83144E-2 2.56719E-2 2.82744E-2 2.83616E-2 3.3072E-2 3.12113E-2 2.50409E-2 2.36805E-2 2.11228E-2 2.58244E-2 3.28535E-2 2.21544E-2 2.19389E-2 2.13893E-2 2.08441E-2 1.90882E-2 1.69835E-2 1.95365E-2 1.96424E-2 1.23026E-2 1.78993E-2 1.76214E-2 1.85232E-2 1.7014E-2 4.78478E-3 2.36637E-2 4.64444E-2 4.91455E-2 4.26505E-2 3.19548E-2 3.17689E-2
-9999 -9999 -9999 -9999 -9999 -9999 -9999 -9999 -9999 -9999 -9999 -9999 -9999 -9999 -9999 -9999 -9999 -9999 -9999 -9999 -9999 -9999 -9999 -9999 -9999 3.61036E-2 1.80944E-2 1.31354E-2 1.17396E-2 1.23895E-2 1.5888E-2 1.88009E-2 2.4279E-2 4.6484E-2 4.21504E-2 3.03105E-2 3.07137E-2 3.16717E-2 3.3802E-2 3.46381E-2 5.81343E-3 1.18084E-2 4.41949E-3 3.90982E-3 5.45121E-3 7.02623E-3 6.75061E-3 5.06026E-3 3.80485E-3 2.06081E-2 2.04026E-2 1.56094E-2 1.75464E-2 1.49812E-2 1.1016E-2 1.32881E-2 1.2542E-2 4.60258E-2 3.70656E-2 3.92623E-2
-9999 -9999 -9999 -9999 -9999 -9999 -9999 -9999 -9999 -9999 -9999 -9999 -9999 -9999 -9999 -9999 -9999 -9999 -9999 -9999 -9999 -9999 -9999 -9999 4.91709E-2 2.04671E-2 2.07039E-2 1.62153E-2 1.46696E-2 1.43902E-2 2.07726E-2 1.87924E-2 2.21229E-2 3.53871E-2 3.75388E-2 3.6675E-2 3.469E-2 3.64468E-2 4.04849E-2 3.90347E-2 9.83969E-3 1.91181E-2 2.22123E-2 2.20628E-2 1.93309E-2 2.86497E-3 4.04405E-3 2.25492E-2 2.03256E-2 4.64919E-3 2.10691E-2 1.51098E-2 1.34868E-2 1.4694E-2 2.23522E-2 6.13683E-2 5.15911E-2 1.1019E-2 3.95057E-2 2.54182E-2
-9999 -9999 -9999 -9999 -9999 -9999 -9999 -9999 -9999 -9999 -9999 -9999 -9999 -9999 -9999 -9999 -9999 -9999 -9999 -9999 -9999 -9999 -9999 -9999 5.89945E-3 4.31232E-2 2.33622E-2 1.98338E-2 1.82434E-2 1.77636E-2 2.34557E-2 2.67645E-2 1.00284E-2 9.32364E-3 2.45598E-2 6.07884E-2 5.82814E-2 6.4052E-2 2.71887E-2 1.85546E-2 4.44544E-2 3.84226E-2 4.1265E-2 3.79044E-2 3.17466E-2 1.53533E-2 1.70848E-2 1.74287E-2 1.38074E-2 1.52023E-2 1.45414E-2 8.65574E-3 7.4234E-3 9.595E-3 1.40438E-2 3.91781E-2 4.64351E-2 5.35102E-2 9.06445E-3 4.07594E-2
-9999 -9999 -9999 -9999 -9999 -9999 -9999 -9999 -9999 -9999 -9999 -9999 -9999 -9999 -9999 -9999 -9999 -9999 -9999 -9999 -9999 -9999 -9999 -9999 7.31974E-3 4.59563E-2 5.3974E-3 1.71177E-2 3.06926E-2 2.95099E-2 7.32679E-3 3.14605E-2 3.87736E-2 3.71621E-2 4.45557E-2 6.10392E-2 5.78259E-2 1.46282E-2 7.31863E-2 6.43024E-2 4.35409E-2 4.21843E-2 3.91617E-2 3.56789E-2 2.93602E-2 1.41418E-2 1.53552E-2 1.84033E-2 5.82842E-3 1.52583E-2 1.03295E-2 6.83131E-3 7.82261E-3 8.49573E-3 9.77289E-3 3.11793E-2 3.2892E-2 3.26005E-2 8.56112E-3 2.41476E-2
-9999 -9999 -9999 -9999 -9999 -9999 -9999 -9999 -9999 -9999 -9999 -9999 -9999 -9999 -9999 -9999 -9999 -9999 -9999 -9999 -9999 -9999 -9999 1.7353E-2 3.75938E-2 2.60996E-2 2.34202E-2 2.57772E-2 2.92156E-2 4.90155E-2 4.3527E-2 3.97613E-2 4.02308E-2 3.84628E-2 4.18758E-2 6.4561E-2 7.22263E-2 7.35697E-2 6.37344E-2 5.93068E-2 3.90052E-2 4.34824E-2 3.50327E-2 3.134E-2 2.60375E-2 1.37016E-2 1.70613E-2 1.81631E-2 3.82903E-3 5.65023E-3 6.92198E-3 9.83392E-3 1.0869E-2 1.00095E-2 1.03103E-2 2.57568E-2 2.31359E-2 2.63703E-2 7.34842E-3 2.13576E-2
-9999 -9999 -9999 -9999 -9999 -9999 -9999 -9999 -9999 -9999 -9999 -9999 -9999 -9999 -9999 -9999 -9999 -9999 -9999 -9999 -9999 -9999 -9999 1.67383E-2 2.30591E-2 1.91354E-2 1.9268E-2 3.12933E-2 3.73467E-2 3.93866E-2 3.9074E-2 3.51412E-2 3.48359E-2 3.38445E-2 3.95392E-2 5.77465E-2 6.33385E-2 6.5943E-2 5.83869E-2 5.40325E-2 3.80076E-2 4.95587E-2 4.32884E-2 3.97849E-2 3.46713E-2 1.66303E-2 1.77752E-2 1.4686E-2 4.17079E-3 9.0489E-3 1.03834E-2 8.67957E-3 1.14743E-2 9.58497E-3 8.02449E-3 2.11459E-2 1.70486E-2 1.98758E-2 1.79768E-2 8.95022E-3
-9999 -9999 -9999 -9999 -9999 -9999 -9999 -9999 -9999 -9999 -9999 -9999 -9999 -9999 -9999 -9999 -9999 -9999 -9999 -9999 -9999 -9999 -9999 9.26981E-3 1.13974E-2 1.71684E-2 2.39518E-2 3.06949E-2 3.2241E-2 3.48472E-2 3.37662E-2 3.12909E-2 3.07212E-2 3.13754E-2 3.74006E-2 5.10356E-2 5.59045E-2 5.77906E-2 5.15814E-2 5.57971E-2 4.67467E-2 5.82862E-2 5.2331E-2 5.99111E-2 4.24335E-2 1.82385E-2 1.79061E-2 1.58037E-2 2.68168E-3 6.85498E-3 6.1613E-3 6.17382E-3 1.04419E-2 1.14562E-2 3.80195E-3 2.68423E-2 2.01543E-2 1.99867E-2 1.79409E-2 1.81801E-2
-9999 -9999 -9999 -9999 -9999 -9999 -9999 -9999 -9999 -9999 -9999 -9999 -9999 -9999 -9999 -9999 -9999 -9999 -9999 -9999 -9999 -9999 1.10566E-2 2.31406E-2 1.72897E-2 2.86245E-2 3.81005E-2 3.81945E-2 3.65463E-2 3.39237E-2 3.4607E-2 3.19822E-2 3.39191E-2 3.41025E-2 3.60368E-2 4.39211E-2 4.66542E-2 5.24522E-2 5.70565E-2 7.32635E-2 9.22112E-2 1.07832E-1 9.11834E-2 9.47145E-2 6.96399E-2 2.04483E-2 2.15006E-2 9.74426E-3 1.27669E-2 1.28393E-2 1.72173E-2 1.65037E-2 1.8681E-2 1.8169E-2 4.89271E-3 3.54514E-2 2.5088E-2 1.5618E-2 1.07902E-2 1.34824E-2
-9999 -9999 -9999 -9999 -9999 -9999 -9999 -9999 -9999 -9999 -9999 -9999 -9999 -9999 -9999 -9999 -9999 -9999 -9999 -9999 -9999 -9999 1.06439E-2 1.20156E-2 1.84466E-2 3.0584E-2 3.40491E-2 3.09097E-2 3.35096E-2 3.1578E-2 3.12786E-2 3.0455E-2 3.51386E-2 3.10746E-2 3.20309E-2 3.86345E-2 4.89997E-2 6.26664E-2 6.48779E-2 8.3474E-2 1.09324E-1 5.46305E-2 3.40367E-2 7.38084E-2 5.91031E-2 2.29514E-2 2.19274E-2 2.17642E-2 8.88475E-3 4.42464E-3 2.44374E-2 2.29336E-2 1.54341E-2 3.96331E-3 2.651E-2 3.54354E-2 3.26599E-2 2.31275E-2 1.30157E-2 1.58272E-2
-9999 -9999 -9999 -9999 -9999 -9999 -9999 -9999 -9999 -9999 -9999 -9999 -9999 -9999 -9999 -9999 -9999 -9999 -9999 -9999 -9999 -9999 1.17166E-2 1.75681E-2 2.49636E-2 2.84066E-2 2.69166E-2 2.2777E-2 2.64797E-2 2.60737E-2 2.7753E-2 2.83325E-2 3.28685E-2 2.82505E-2 3.44478E-2 4.99802E-2 6.85377E-2 8.03145E-2 7.4185E-2 8.61716E-2 3.41025E-2 6.37428E-2 5.79707E-2 5.90473E-2 6.02117E-2 2.41645E-2 2.1825E-2 1.64303E-2 2.1425E-2 7.97199E-3 1.72041E-2 2.84605E-2 1.18056E-2 2.86284E-2 3.0685E-2 4.39564E-2 6.25611E-3 1.18033E-2 1.58224E-2 1.63927E-2
