Phytophthora/models/20240429_1921_07/Phytophthora_PA3_RUN10_MAXENT_outputs/Phytophthora_PA3_RUN10.asc
ncols         225
nrows         269
xllcorner     473000.0
yllcorner     4429100.0
cellsize      50.0
NODATA_value  -9999
[rows 135 to 161 of 269, columns 120 to 179 of 225]
1.73912E-1 1.87018E-1 2.49373E-1 2.69153E-1 3.4058E-1 5.55494E-1 5.88311E-1 6.08594E-1 3.27525E-1 6.00537E-1 6.86245E-1 6.51617E-1 6.41284E-1 6.5001E-1 6.36501E-1 -9999 -9999 -9999 -9999 -9999 -9999 -9999 -9999 -9999 -9999 -9999 -9999 -9999 -9999 -9999 -9999 -9999 -9999 -9999 2.25081E-1 3.56554E-1 3.68169E-1 2.72161E-1 2.78926E-1 2.97736E-1 2.94181E-1 1.2433E-1 3.11773E-1 3.13974E-1 2.95508E-1 1.77072E-1 1.72575E-1 1.11313E-1 1.26462E-1 1.42328E-1 1.76562E-1 1.96492E-1 2.19024E-1 1.4788E-1 2.48631E-1 3.13336E-1 1.99333E-1 3.48079E-1 3.55305E-1 3.33268E-1
3.12039E-1 3.70743E-1 4.15535E-1 4.38542E-1 4.56705E-1 4.4787E-1 4.30911E-1 5.13539E-1 4.28813E-1 4.80017E-1 4.13301E-1 3.85859E-1 4.13182E-1 4.14354E-1 -9999 -9999 -9999 -9999 -9999 -9999 -9999 -9999 -9999 -9999 -9999 -9999 -9999 -9999 -9999 -9999 -9999 -9999 -9999 -9999 1.67082E-1 4.64227E-1 3.82751E-1 3.79381E-1 4.0908E-1 4.19E-1 2.15937E-1 4.16231E-1 3.75465E-1 3.80538E-1 4.13095E-1 3.31454E-1 3.12252E-1 2.66069E-1 2.84799E-1 3.03014E-1 2.79355E-1 2.91408E-1 3.706E-1 2.27747E-1 3.78489E-1 3.15591E-1 3.44622E-1 1.52092E-1 1.97317E-1 3.28108E-1
3.21214E-1 3.46418E-1 3.56643E-1 4.65797E-1 3.03481E-1 3.46151E-1 4.29471E-1 4.90128E-1 5.00426E-1 5.13345E-1 -9999 -9999 -9999 -9999 -9999 -9999 -9999 -9999 -9999 -9999 -9999 -9999 -9999 -9999 -9999 -9999 -9999 -9999 -9999 -9999 -9999 -9999 -9999 -9999 1.72202E-1 4.10395E-1 3.33751E-1 3.72414E-1 4.97189E-1 4.60365E-1 3.85215E-1 4.13733E-1 3.61992E-1 3.51896E-1 3.73876E-1 2.94508E-1 3.13916E-1 2.95023E-1 3.11165E-1 3.30155E-1 3.04378E-1 3.05606E-1 3.72234E-1 1.77352E-1 3.49543E-1 2.85764E-1 2.93535E-1 3.40023E-1 2.28903E-1 1.37893E-1
2.95695E-1 3.36717E-1 4.14719E-1 1.31067E-1 1.75995E-1 4.48593E-1 4.15671E-1 4.56136E-1 3.06569E-1 4.9027E-1 -9999 -9999 -9999 -9999 -9999 -9999 -9999 -9999 -9999 -9999 -9999 -9999 -9999 -9999 -9999 -9999 -9999 -9999 -9999 -9999 -9999 -9999 -9999 -9999 -9999 4.38577E-1 3.95747E-1 3.94119E-1 4.73058E-1 5.03532E-1 2.17885E-1 4.61619E-1 3.82615E-1 3.46602E-1 3.56646E-1 2.53731E-1 3.11553E-1 2.98225E-1 3.29586E-1 3.58845E-1 3.4151E-1 3.324E-1 3.32151E-1 2.29222E-1 3.78057E-1 2.41593E-1 2.89072E-1 2.51308E-1 3.36899E-1 2.60711E-1
3.0865E-1 3.32836E-1 3.97321E-1 4.81235E-1 4.78812E-1 2.70011E-1 4.12835E-1 4.47048E-1 2.24762E-1 4.75577E-1 5.35589E-1 -9999 -9999 -9999 -9999 -9999 -9999 -9999 -9999 -9999 -9999 -9999 -9999 -9999 -9999 -9999 -9999 -9999 -9999 -9999 -9999 -9999 -9999 -9999 -9999 4.51519E-1 4.79121E-1 4.39933E-1 4.52725E-1 5.10749E-1 1.976E-1 4.70202E-1 4.79134E-1 3.88117E-1 3.64949E-1 2.55839E-1 3.16566E-1 3.04232E-1 3.38142E-1 3.65312E-1 1.54802E-1 1.51784E-1 1.95356E-1 3.79707E-1 4.00593E-1 2.28979E-1 3.04531E-1 3.35296E-1 2.87769E-1 1.20933E-1
3.3743E-1 3.9721E-1 1.75957E-1 4.64997E-1 1.95002E-1 4.39224E-1 3.96477E-1 4.48154E-1 3.91136E-1 4.70003E-1 -9999 -9999 -9999 -9999 -9999 -9999 -9999 -9999 -9999 -9999 -9999 -9999 -9999 -9999 -9999 -9999 -9999 -9999 -9999 -9999 -9999 -9999 -9999 -9999 -9999 2.15111E-1 3.98161E-1 3.70734E-1 4.1951E-1 4.95285E-1 2.12802E-1 4.75883E-1 4.51655E-1 4.2788E-1 3.55252E-1 2.48442E-1 3.07616E-1 3.08719E-1 3.48373E-1 3.77869E-1 8.33454E-2 3.15003E-1 3.32927E-1 3.4182E-1 2.46267E-1 2.11703E-1 2.28159E-1 2.90656E-1 3.25241E-1 2.73024E-1
4.55611E-1 2.83151E-1 5.22575E-1 5.23115E-1 4.15199E-1 3.5475E-1 3.52077E-1 1.55106E-1 3.84183E-1 1.3242E-1 -9999 -9999 -9999 -9999 -9999 -9999 -9999 -9999 -9999 -9999 -9999 -9999 -9999 -9999 -9999 -9999 -9999 -9999 -9999 -9999 -9999 -9999 -9999 -9999 -9999 -9999 4.1982E-1 4.39889E-1 2.90265E-1 1.64619E-1 4.24907E-1 3.73742E-1 3.51145E-1 2.96846E-1 2.51889E-1 2.38669E-1 3.05902E-1 3.1679E-1 3.53284E-1 3.66542E-1 7.92367E-2 2.67908E-1 2.46885E-1 2.33889E-1 2.22491E-1 1.58836E-1 2.00763E-1 2.4665E-1 3.40519E-1 3.60955E-1
2.30624E-1 5.25629E-1 5.02655E-1 2.17586E-1 4.90895E-1 3.43058E-1 3.64665E-1 1.43352E-1 9.38994E-2 -9999 -9999 -9999 -9999 -9999 -9999 -9999 -9999 -9999 -9999 -9999 -9999 -9999 -9999 -9999 -9999 -9999 -9999 -9999 -9999 -9999 -9999 -9999 -9999 -9999 -9999 -9999 2.27239E-1 1.08479E-1 4.78674E-1 4.54856E-1 3.65647E-1 3.71976E-1 3.2429E-1 2.74497E-1 1.98529E-1 2.48204E-1 2.99485E-1 3.10376E-1 3.5216E-1 3.63252E-1 1.20952E-1 2.77805E-1 2.46964E-1 2.28052E-1 2.26019E-1 1.83375E-1 2.17425E-1 2.38516E-1 2.82993E-1 3.56356E-1
1.98361E-1 5.00702E-1 5.01159E-1 1.82055E-1 4.65336E-1 3.6055E-1 3.58177E-1 1.41199E-1 -9999 -9999 -9999 -9999 -9999 -9999 -9999 -9999 -9999 2.23465E-1 2.63485E-1 2.79179E-1 4.28225E-1 3.66932E-1 2.25149E-1 2.86365E-1 3.28102E-1 3.87608E-1 -9999 -9999 -9999 -9999 -9999 -9999 -9999 -9999 -9999 -9999 1.96906E-1 4.70452E-1 4.56952E-1 4.14478E-1 3.10023E-1 3.48216E-1 2.88339E-1 2.29413E-1 1.3437E-1 2.57465E-1 2.84009E-1 2.97509E-1 3.40448E-1 3.74897E-1 2.1317E-1 2.02825E-1 2.80293E-1 2.60443E-1 2.67115E-1 9.21249E-2 1.85415E-1 2.33114E-1 2.87769E-1 3.37833E-1
4.88233E-1 5.16442E-1 3.82948E-1 4.85384E-1 1.82766E-1 8.45156E-2 -9999 -9999 -9999 -9999 -9999 -9999 -9999 -9999 -9999 -9999 2.93768E-1 2.50385E-1 2.85431E-1 3.03427E-1 4.39689E-1 2.66393E-1 3.25843E-1 3.39315E-1 3.59253E-1 4.08538E-1 -9999 -9999 -9999 -9999 -9999 -9999 -9999 -9999 -9999 -9999 1.68136E-1 4.58456E-1 4.21553E-1 3.709E-1 2.63129E-1 2.62807E-1 2.84495E-1 2.01845E-1 7.99075E-2 2.8858E-1 2.6607E-1 2.8783E-1 3.25477E-1 3.50112E-1 3.34637E-1 1.82783E-1 8.30275E-2 3.14338E-1 1.05491E-1 3.12636E-1 1.99636E-1 1.68904E-1 2.17601E-1 2.90702E-1
3.03134E-1 2.51615E-1 2.87936E-1 5.22929E-1 4.6576E-1 -9999 -9999 -9999 -9999 -9999 -9999 -9999 -9999 -9999 -9999 -9999 -9999 3.09132E-1 3.13137E-1 3.27733E-1 3.85918E-1 1.64404E-1 3.92821E-1 3.89008E-1 3.9739E-1 4.34111E-1 -9999 -9999 -9999 -9999 -9999 -9999 -9999 -9999 -9999 -9999 1.1774E-1 4.56726E-1 4.2219E-1 3.69392E-1 2.51289E-1 2.26056E-1 2.12673E-1 2.14872E-1 4.86413E-2 2.60102E-1 2.57389E-1 2.72511E-1 3.0642E-1 3.11624E-1 3.14941E-1 3.73391E-1 1.9828E-1 1.0281E-1 3.815E-1 3.25657E-1 2.47833E-1 2.03659E-1 2.00958E-1 2.37255E-1
2.85302E-1 4.7924E-1 4.77892E-1 -9999 -9999 -9999 -9999 -9999 -9999 -9999 -9999 -9999 -9999 -9999 -9999 -9999 -9999 3.64551E-1 3.71494E-1 3.80065E-1 3.70055E-1 3.73544E-1 -9999 -9999 -9999 -9999 -9999 -9999 -9999 -9999 -9999 -9999 -9999 -9999 -9999 -9999 5.72705E-1 7.03851E-1 6.90701E-1 5.5697E-1 2.93666E-1 2.60572E-1 2.44926E-1 2.23536E-1 5.2508E-2 2.38685E-1 2.25224E-1 2.48639E-1 2.88612E-1 2.9991E-1 3.53834E-1 3.41829E-1 3.64424E-1 9.3561E-2 2.98373E-1 2.19678E-1 1.83426E-1 1.48953E-1 1.36515E-1 1.73082E-1
2.91176E-1 3.66766E-1 3.94666E-1 -9999 -9999 -9999 -9999 -9999 -9999 -9999 -9999 -9999 -9999 -9999 -9999 -9999 -9999 4.15204E-1 4.2063E-1 4.20039E-1 4.68785E-1 4.12349E-1 -9999 -9999 -9999 -9999 -9999 -9999 -9999 -9999 -9999 -9999 -9999 -9999 -9999 -9999 -9999 4.10366E-1 7.6974E-1 6.3439E-1 3.67791E-1 3.36785E-1 2.83024E-1 2.61572E-1 8.00319E-2 2.48655E-1 2.07494E-1 2.80995E-1 1.95849E-1 1.78672E-1 8.7047E-2 2.43163E-1 1.7255E-1 1.92505E-1 4.17355E-2 1.78662E-1 1.74275E-1 1.42515E-1 1.13538E-1 1.29923E-1
1.43281E-1 3.12677E-1 2.97006E-1 3.49633E-1 -9999 -9999 -9999 -9999 -9999 -9999 -9999 -9999 -9999 -9999 -9999 -9999 3.6715E-1 4.58301E-1 4.72476E-1 4.64435E-1 5.24643E-1 5.05534E-1 5.11914E-1 5.21589E-1 -9999 -9999 -9999 -9999 -9999 -9999 -9999 -9999 -9999 -9999 -9999 -9999 -9999 4.89147E-1 7.74393E-1 6.83196E-1 3.88765E-1 1.96742E-1 1.65824E-1 3.37532E-1 1.32681E-1 2.58296E-1 2.35595E-1 1.41043E-1 2.62065E-1 1.69346E-1 1.21829E-1 1.49554E-1 1.41061E-1 1.7912E-1 1.04463E-1 9.7579E-2 1.79599E-1 1.68118E-1 1.48542E-1 1.8835E-1
8.78009E-2 4.30742E-1 2.96563E-1 3.83066E-1 1.54849E-1 -9999 -9999 -9999 -9999 -9999 -9999 -9999 -9999 -9999 -9999 5.28671E-1 4.65859E-1 5.11177E-1 5.2329E-1 5.16961E-1 5.57186E-1 6.00014E-1 5.93188E-1 -9999 -9999 -9999 -9999 5.80897E-1 5.78214E-1 3.53819E-1 -9999 -9999 -9999 -9999 -9999 -9999 -9999 7.10033E-1 3.59536E-1 5.91453E-1 4.22388E-1 4.17263E-1 3.73839E-1 2.82621E-1 1.63658E-1 2.2238E-1 3.17293E-1 3.07012E-1 1.94632E-1 1.58865E-1 1.53822E-1 1.80645E-1 2.34771E-1 2.60727E-1 1.51126E-1 1.17948E-1 2.24208E-1 2.1877E-1 1.8843E-1 1.91151E-1
9.75586E-2 4.25053E-1 2.91595E-1 3.5696E-1 1.57644E-1 3.38858E-1 3.37804E-1 4.71799E-1 3.46798E-1 -9999 2.41118E-1 2.10168E-1 2.26925E-1 7.72052E-2 2.50743E-1 2.70747E-1 2.49257E-1 4.93719E-1 6.07098E-1 6.07661E-1 6.31997E-1 3.19018E-1 6.20926E-1 -9999 -9999 -9999 2.64978E-1 3.39033E-1 5.4656E-1 6.20728E-1 7.18519E-1 6.94177E-1 6.81183E-1 -9999 -9999 -9999 7.00249E-1 4.28136E-1 6.85181E-1 2.80843E-1 3.82131E-1 3.52279E-1 3.28652E-1 3.22659E-1 3.36432E-1 3.21435E-1 2.76809E-1 1.2132E-1 2.21949E-1 2.19498E-1 2.40412E-1 2.78796E-1 2.79678E-1 3.05952E-1 2.19393E-1 1.14813E-1 2.54286E-1 2.19295E-1 1.94461E-1 1.96675E-1
4.1622E-1 3.25433E-1 4.83997E-1 4.56177E-1 3.7651E-1 3.3238E-1 2.84457E-1 2.93508E-1 3.52559E-1 3.02063E-1 5.94026E-1 2.97728E-1 2.62979E-1 3.3097E-1 4.73638E-1 3.38975E-1 4.28319E-1 4.96971E-1 3.57134E-1 4.02396E-1 1.95204E-1 4.98113E-1 4.82503E-1 5.15133E-1 5.60528E-1 5.2473E-1 5.65059E-1 5.78505E-1 5.55999E-1 5.51799E-1 6.12411E-1 6.11346E-1 5.76489E-1 5.63658E-1 5.24238E-1 4.26089E-1 2.13936E-1 4.14947E-1 4.11498E-1 4.3502E-1 1.12667E-1 4.50694E-1 4.35307E-1 4.15174E-1 4.18605E-1 2.21664E-1 2.03432E-1 2.19236E-1 1.70633E-1 1.97933E-1 1.76114E-1 1.99063E-1 2.26913E-1 2.34829E-1 2.30269E-1 1.20985E-1 2.3133E-1 1.93866E-1 1.79568E-1 2.15699E-1
5.1107E-1 3.99052E-1 3.25615E-1 4.51449E-1 4.30203E-1 3.51448E-1 2.93237E-1 3.33302E-1 3.93007E-1 3.96404E-1 4.04216E-1 5.41013E-1 4.72425E-1 3.23313E-1 3.20661E-1 3.12724E-1 3.71676E-1 4.01049E-1 4.69716E-1 5.25185E-1 5.41472E-1 3.22464E-1 5.24897E-1 2.33409E-1 5.79719E-1 5.31742E-1 5.40746E-1 5.62853E-1 5.50651E-1 5.133E-1 6.09338E-1 5.85242E-1 5.80084E-1 6.03618E-1 5.46861E-1 3.18234E-1 2.43941E-1 3.57894E-1 3.7804E-1 3.99639E-1 4.03287E-1 3.05446E-1 4.20545E-1 3.78196E-1 3.46561E-1 2.07601E-1 2.25527E-1 1.48322E-1 1.70339E-1 2.02449E-1 1.80689E-1 2.00379E-1 2.30321E-1 1.83593E-1 2.36278E-1 6.75541E-2 2.5249E-1 2.04565E-1 2.46184E-1 2.26579E-1
4.79549E-1 5.42782E-1 4.76982E-1 1.92284E-1 5.12034E-1 4.02245E-1 3.48053E-1 3.74233E-1 3.86822E-1 4.08381E-1 1.63977E-1 3.60554E-1 3.04837E-1 2.75651E-1 3.12172E-1 2.96602E-1 3.50383E-1 3.86318E-1 4.36416E-1 4.66811E-1 4.83811E-1 2.82773E-1 5.47E-1 1.89987E-1 3.49537E-1 2.34754E-1 2.88737E-1 5.63896E-1 5.33777E-1 4.78508E-1 5.86287E-1 5.53303E-1 5.90677E-1 6.09549E-1 5.5746E-1 3.198E-1 1.96813E-1 3.93106E-1 3.46998E-1 3.58997E-1 3.67642E-1 3.796E-1 4.38642E-1 4.02134E-1 3.39557E-1 3.24754E-1 3.24664E-1 1.68829E-1 1.9377E-1 2.0836E-1 1.80221E-1 2.0789E-1 2.32444E-1 1.34213E-1 2.37365E-1 8.75071E-2 2.86605E-1 2.26965E-1 2.30722E-1 1.85092E-1
5.28653E-1 3.0964E-1 3.20697E-1 4.87218E-1 5.87196E-1 4.83581E-1 4.15163E-1 4.17321E-1 4.25172E-1 4.54093E-1 2.7501E-1 3.80015E-1 3.60426E-1 3.28456E-1 3.20025E-1 2.81708E-1 3.09324E-1 3.34345E-1 3.74409E-1 4.06712E-1 4.32918E-1 3.2614E-1 4.2534E-1 2.09643E-1 2.43279E-1 5.65592E-1 5.59923E-1 4.62291E-1 4.63563E-1 4.66934E-1 5.76442E-1 5.80911E-1 6.06169E-1 6.09489E-1 5.40169E-1 3.77891E-1 3.86188E-1 3.61925E-1 3.15951E-1 3.30827E-1 3.59215E-1 4.15823E-1 3.44697E-1 4.12148E-1 3.7285E-1 2.68044E-1 2.27716E-1 2.02876E-1 2.0016E-1 2.08429E-1 1.82763E-1 2.04358E-1 2.24099E-1 2.4611E-1 2.02619E-1 1.74888E-1 2.9879E-1 2.87984E-1 2.47726E-1 1.78699E-1
6.08292E-1 6.22702E-1 3.12092E-1 6.03905E-1 2.27605E-1 5.22651E-1 4.43587E-1 4.27866E-1 4.39806E-1 2.1912E-1 1.69317E-1 4.03155E-1 4.08389E-1 3.57195E-1 3.37131E-1 2.59962E-1 2.76612E-1 2.67737E-1 2.84184E-1 3.40666E-1 3.73946E-1 3.80887E-1 4.60885E-1 4.29718E-1 4.6784E-1 5.05995E-1 4.6593E-1 4.74219E-1 1.18418E-1 4.85623E-1 5.87738E-1 6.04436E-1 6.25235E-1 6.28721E-1 5.45998E-1 3.82612E-1 3.76247E-1 3.82096E-1 3.01326E-1 2.98216E-1 3.42029E-1 3.99927E-1 1.32582E-1 4.25052E-1 3.72879E-1 2.5164E-1 2.6161E-1 2.15753E-1 1.92282E-1 1.99223E-1 1.76533E-1 1.94888E-1 2.17213E-1 2.42746E-1 1.08407E-1 1.33995E-1 2.67036E-1 2.50577E-1 2.63711E-1 1.87619E-1
4.58645E-1 4.55773E-1 2.91335E-1 4.34522E-1 4.30949E-1 1.42764E-1 4.23483E-1 3.98471E-1 4.25658E-1 2.7674E-1 3.93224E-1 3.86308E-1 3.67284E-1 3.32146E-1 3.00931E-1 2.74434E-1 2.85738E-1 3.20979E-1 3.46632E-1 3.69753E-1 4.14736E-1 1.65758E-1 4.70517E-1 4.282E-1 4.28944E-1 3.1174E-1 2.7843E-1 2.69255E-1 1.37333E-1 3.36866E-1 3.98768E-1 4.07201E-1 4.26388E-1 4.41644E-1 4.30875E-1 3.63086E-1 3.5074E-1 3.49652E-1 3.22432E-1 3.08599E-1 3.91674E-1 4.46741E-1 2.8207E-1 4.98193E-1 4.47871E-1 6.85622E-2 1.73605E-1 1.44726E-1 1.22362E-1 1.37196E-1 1.9262E-1 2.16228E-1 2.41542E-1 2.60044E-1 7.14368E-2 2.6783E-1 3.23827E-1 2.86424E-1 3.30606E-1 2.36187E-1
3.89305E-1 1.82103E-1 1.78431E-1 4.45946E-1 4.06626E-1 4.39745E-1 4.13125E-1 4.1578E-1 4.34798E-1 2.87495E-1 3.7747E-1 3.66991E-1 3.51027E-1 3.27563E-1 2.94405E-1 2.61316E-1 2.9002E-1 3.27126E-1 3.63792E-1 4.03181E-1 4.46367E-1 1.98164E-1 4.61136E-1 4.2224E-1 3.96365E-1 2.80094E-1 2.71401E-1 2.90399E-1 8.78879E-2 3.50984E-1 4.13681E-1 4.0524E-1 4.36152E-1 4.48304E-1 2.9462E-1 1.90223E-1 1.11358E-1 3.49938E-1 3.26772E-1 3.17813E-1 3.94394E-1 4.49234E-1 5.00307E-1 5.09572E-1 4.27953E-1 1.72774E-1 1.04036E-1 1.60988E-1 1.25375E-1 1.2915E-1 1.86187E-1 2.21257E-1 2.31216E-1 2.52337E-1 6.37686E-2 2.50448E-1 3.079E-1 2.74938E-1 1.51833E-1 1.62736E-1
5.16526E-1 5.40985E-1 2.75182E-1 4.2492E-1 3.71219E-1 3.73912E-1 3.7692E-1 4.0764E-1 4.68506E-1 1.33888E-1 4.22109E-1 3.92678E-1 3.57066E-1 3.37162E-1 3.19879E-1 3.06252E-1 3.28223E-1 3.64252E-1 4.00825E-1 4.22832E-1 4.55912E-1 1.61156E-1 4.76497E-1 4.56081E-1 4.77526E-1 3.39256E-1 3.18516E-1 3.57001E-1 4.04705E-1 2.64782E-1 3.52618E-1 4.06456E-1 4.18695E-1 4.6718E-1 4.61643E-1 3.64362E-1 3.39005E-1 3.14905E-1 3.02301E-1 3.08755E-1 3.97342E-1 4.50605E-1 5.06102E-1 2.15099E-1 4.36769E-1 2.08456E-1 5.1746E-2 1.59925E-1 1.27856E-1 1.28033E-1 2.15175E-1 2.51923E-1 2.29046E-1 2.48302E-1 1.38635E-1 2.92086E-1 2.6448E-1 3.16422E-1 2.81327E-1 2.07539E-1
4.70815E-1 4.69507E-1 2.60692E-1 3.32967E-1 2.81443E-1 2.84605E-1 3.74482E-1 4.17306E-1 4.07814E-1 3.10981E-1 4.14369E-1 3.86556E-1 3.53783E-1 3.26588E-1 3.27459E-1 3.53685E-1 3.61154E-1 3.9837E-1 4.42515E-1 4.59982E-1 2.75668E-1 4.68463E-1 4.6261E-1 4.8504E-1 5.46526E-1 4.23833E-1 4.32521E-1 3.82343E-1 3.788E-1 3.44091E-1 4.49947E-1 4.14264E-1 4.34584E-1 4.0517E-1 3.39356E-1 2.80513E-1 2.93605E-1 2.78395E-1 2.69749E-1 2.75082E-1 3.75593E-1 4.36898E-1 4.89204E-1 1.56312E-1 4.63963E-1 2.44102E-1 2.70477E-2 8.49554E-2 1.20541E-1 1.42965E-1 2.56578E-1 2.53111E-1 2.42696E-1 2.70174E-1 1.83019E-1 1.39819E-1 2.94534E-1 3.23066E-1 2.16056E-1 1.4734E-1
4.31586E-1 1.72477E-1 3.20789E-1 2.7799E-1 2.24461E-1 2.34949E-1 2.92081E-1 4.36143E-1 3.35159E-1 4.83045E-1 4.19898E-1 4.05755E-1 3.89779E-1 3.80045E-1 3.78544E-1 4.22182E-1 4.25503E-1 4.35065E-1 4.82334E-1 4.98881E-1 2.78601E-1 4.69155E-1 2.35011E-1 2.24129E-1 2.40505E-1 1.24547E-1 3.63093E-1 1.47789E-1 3.93518E-1 4.11185E-1 4.47549E-1 3.94391E-1 3.0615E-1 2.79807E-1 2.4281E-1 1.82348E-1 2.58402E-1 2.46783E-1 2.37882E-1 2.4606E-1 3.58171E-1 4.10733E-1 4.72615E-1 5.21173E-1 1.63657E-1 2.56453E-1 3.66943E-2 1.60274E-1 1.32865E-1 1.46459E-1 1.96712E-1 3.12935E-1 2.60724E-1 2.73528E-1 1.21735E-1 1.56123E-1 3.04909E-1 2.27346E-1 1.81595E-1 1.4341E-1
2.76945E-1 2.27809E-1 1.94799E-1 1.65696E-1 1.4219E-1 2.75755E-1 3.73661E-1 4.19489E-1 1.78437E-1 4.24364E-1 4.13546E-1 4.16481E-1 3.87732E-1 3.79716E-1 3.73625E-1 4.22573E-1 4.6847E-1 4.60103E-1 5.06811E-1 1.49814E-1 1.23463E-1 2.49291E-1 3.4786E-1 3.65721E-1 3.87303E-1 1.46009E-1 3.79603E-1 4.21538E-1 1.9738E-1 3.55429E-1 2.56332E-1 1.75606E-1 1.29878E-1 1.14109E-1 1.18043E-1 1.57469E-1 2.50526E-1 2.43856E-1 2.38592E-1 2.39328E-1 2.41625E-1 2.89795E-1 3.3966E-1 3.83114E-1 4.00413E-1 2.4226E-1 6.85512E-2 1.89458E-1 1.54225E-1 1.71804E-1 2.32007E-1 3.08797E-1 2.93118E-1 1.39443E-1 2.79156E-1 2.94084E-1 2.62026E-1 2.09288E-1 1.60155E-1 1.40895E-1
