Phytophthora/models/20240429_1812_56/Phytophthora_PA2_RUN7_MAXENT_outputs/Phytophthora_PA2_RUN7.asc
ncols         225
nrows         269
xllcorner     473000.0
yllcorner     4429100.0
cellsize      50.0
NODATA_value  -9999
[rows 108 to 134 of 269, columns 120 to 179 of 225]
4.2871E-1 4.10268E-1 3.76183E-1 3.53029E-1 -9999 -9999 -9999 -9999 -9999 -9999 -9999 -9999 -9999 -9999 -9999 -9999 -9999 -9999 -9999 -9999 -9999 -9999 -9999 -9999 -9999 -9999 -9999 -9999 -9999 -9999 -9999 -9999 -9999 -9999 -9999 3.47203E-1 2.03576E-1 3.16556E-1 3.52029E-1 3.36001E-1 2.87692E-1 2.95639E-1 2.96558E-1 3.75975E-1 2.79739E-1 2.68857E-1 1.96327E-1 2.85069E-1 3.27521E-1 3.41043E-1 3.53507E-1 3.46902E-1 3.35073E-1 2.38776E-1 2.26162E-1 2.18301E-1 1.99564E-1 1.70149E-1 1.65742E-1 1.77062E-1
4.45046E-1 2.40726E-1 3.95828E-1 3.77946E-1 3.77359E-1 -9999 -9999 -9999 -9999 -9999 -9999 -9999 -9999 -9999 -9999 -9999 -9999 -9999 -9999 -9999 -9999 -9999 -9999 -9999 -9999 -9999 -9999 -9999 -9999 -9999 -9999 -9999 2.37449E-1 2.69814E-1 4.04858E-1 3.46513E-1 3.45288E-1 2.67035E-1 3.07762E-1 3.18228E-1 3.25383E-1 3.29161E-1 2.5692E-1 3.44745E-1 3.3048E-1 1.33919E-1 2.09246E-1 2.02183E-1 3.03306E-1 3.12369E-1 3.25819E-1 3.24436E-1 2.6517E-1 2.10436E-1 2.23753E-1 1.94493E-1 1.75589E-1 1.61265E-1 1.49679E-1 1.5624E-1
2.49707E-1 3.66318E-1 2.37229E-1 3.79742E-1 3.7657E-1 5.70642E-1 -9999 -9999 -9999 -9999 -9999 -9999 -9999 -9999 -9999 -9999 -9999 -9999 -9999 -9999 -9999 -9999 -9999 -9999 -9999 -9999 -9999 -9999 -9999 -9999 -9999 -9999 1.97241E-1 2.68091E-1 2.97845E-1 3.11338E-1 3.14577E-1 2.26265E-1 2.03106E-1 2.19213E-1 2.97241E-1 3.06409E-1 3.13575E-1 3.14736E-1 3.02519E-1 1.28861E-1 1.34651E-1 1.70051E-1 2.77664E-1 2.83986E-1 2.98095E-1 2.64347E-1 2.28742E-1 2.1779E-1 2.01056E-1 1.68639E-1 1.41828E-1 1.49265E-1 1.30694E-1 1.41056E-1
3.74225E-1 3.5773E-1 4.1319E-1 4.21505E-1 4.12248E-1 5.43079E-1 6.56503E-1 -9999 -9999 -9999 -9999 -9999 -9999 -9999 -9999 -9999 -9999 -9999 -9999 -9999 -9999 -9999 -9999 -9999 -9999 -9999 -9999 -9999 -9999 -9999 -9999 -9999 2.89126E-1 3.31055E-1 3.14405E-1 2.48871E-1 2.54002E-1 2.52182E-1 1.65749E-1 1.56977E-1 1.74625E-1 2.46075E-1 2.51093E-1 2.51709E-1 2.41163E-1 2.57505E-2 9.06344E-2 1.22243E-1 2.03697E-1 2.05344E-1 2.07992E-1 1.98483E-1 1.60302E-1 1.45887E-1 1.28938E-1 1.05755E-1 1.10236E-1 9.31568E-2 8.77986E-2 9.10762E-2
3.00072E-1 3.34787E-1 4.24801E-1 4.16441E-1 4.33889E-1 3.88133E-1 5.74095E-1 5.32054E-1 -9999 -9999 -9999 -9999 -9999 -9999 -9999 -9999 -9999 -9999 -9999 -9999 -9999 -9999 -9999 -9999 -9999 -9999 -9999 -9999 -9999 -9999 -9999 2.23287E-1 2.78148E-1 2.845E-1 2.59974E-1 1.88097E-1 2.31061E-1 2.30762E-1 1.30378E-1 1.32908E-1 1.4587E-1 1.49217E-1 1.87816E-1 2.25927E-1 1.00268E-1 1.08415E-1 9.45769E-2 1.51643E-1 1.81918E-1 1.82525E-1 1.85375E-1 1.54291E-1 1.24891E-1 1.40932E-1 1.00663E-1 8.57385E-2 1.00452E-1 8.27452E-2 7.64963E-2 7.95494E-2
3.0067E-1 4.33306E-1 4.35443E-1 4.22123E-1 4.60041E-1 4.87978E-1 6.24895E-1 5.79327E-1 -9999 -9999 -9999 -9999 -9999 -9999 -9999 -9999 -9999 -9999 -9999 -9999 -9999 -9999 -9999 -9999 -9999 -9999 -9999 -9999 -9999 -9999 2.46972E-1 2.35047E-1 2.37829E-1 2.50454E-1 2.31675E-1 1.61184E-1 2.17673E-1 2.16281E-1 1.38682E-1 1.23959E-1 1.30182E-1 1.37592E-1 1.39642E-1 2.03031E-1 4.83007E-2 1.19908E-1 1.00934E-1 1.50236E-1 1.62312E-1 1.63092E-1 1.65231E-1 1.29302E-1 1.47377E-1 1.07077E-1 7.61523E-2 8.51974E-2 7.92637E-2 7.48776E-2 6.85078E-2 7.37102E-2
3.47308E-1 3.87291E-1 4.07767E-1 4.21435E-1 4.82003E-1 5.81902E-1 4.75807E-1 6.55598E-1 -9999 -9999 -9999 -9999 -9999 -9999 -9999 -9999 -9999 -9999 -9999 -9999 -9999 -9999 -9999 -9999 -9999 -9999 -9999 -9999 -9999 -9999 2.32876E-1 2.34508E-1 2.38688E-1 2.51338E-1 2.40887E-1 1.71738E-1 2.38573E-1 2.3539E-1 1.34968E-1 1.36363E-1 1.4346E-1 1.43682E-1 1.39931E-1 1.49558E-1 1.76426E-1 1.13124E-1 1.02026E-1 1.42327E-1 1.4483E-1 1.46032E-1 1.34933E-1 1.29319E-1 1.00689E-1 7.10953E-2 6.73425E-2 7.59253E-2 7.09085E-2 6.91883E-2 7.42551E-2 9.30826E-2
4.29502E-1 4.0507E-1 3.92033E-1 4.25235E-1 4.8688E-1 6.20912E-1 4.8319E-1 7.36239E-1 -9999 -9999 -9999 -9999 -9999 -9999 -9999 -9999 -9999 -9999 -9999 -9999 -9999 -9999 -9999 -9999 -9999 -9999 -9999 -9999 -9999 -9999 2.62026E-1 2.79005E-1 3.00828E-1 2.58083E-1 2.31256E-1 1.52674E-1 1.53841E-1 1.71847E-1 1.59842E-1 1.50965E-1 1.57071E-1 1.60074E-1 1.5483E-1 1.5884E-1 1.29293E-1 9.22836E-2 9.32815E-2 1.27193E-1 1.28954E-1 1.21499E-1 1.10733E-1 7.95254E-2 7.13455E-2 6.6439E-2 6.71938E-2 6.81055E-2 6.8945E-2 7.73102E-2 8.7652E-2 1.12975E-1
3.06191E-1 5.60334E-1 5.50471E-1 5.77355E-1 6.21314E-1 7.46267E-1 7.24466E-1 6.75183E-1 -9999 -9999 -9999 -9999 -9999 -9999 -9999 -9999 -9999 -9999 -9999 -9999 -9999 -9999 -9999 -9999 -9999 -9999 -9999 -9999 -9999 -9999 -9999 3.18089E-1 3.22653E-1 2.88838E-1 3.2502E-1 3.44018E-1 3.51892E-1 3.78543E-1 4.13955E-1 3.24993E-1 2.34884E-1 2.28815E-1 2.16825E-1 2.08934E-1 1.75271E-1 3.55079E-2 1.94945E-1 1.86846E-1 1.68398E-1 1.47943E-1 1.30204E-1 1.1678E-1 1.25954E-1 1.20209E-1 1.11247E-1 1.01725E-1 1.2048E-1 1.38416E-1 1.49086E-1 1.63092E-1
3.45514E-1 4.70678E-1 5.67795E-1 5.00437E-1 6.02365E-1 7.22779E-1 3.73012E-1 6.09532E-1 -9999 -9999 -9999 -9999 -9999 -9999 -9999 -9999 -9999 -9999 -9999 -9999 -9999 -9999 -9999 -9999 -9999 -9999 -9999 -9999 -9999 -9999 -9999 -9999 2.94702E-1 2.90555E-1 3.3505E-1 2.74285E-1 4.01385E-1 4.25328E-1 4.82378E-1 4.88089E-1 2.95604E-1 2.62515E-1 2.33504E-1 2.23685E-1 1.96317E-1 1.8572E-1 2.14105E-1 2.09343E-1 1.65633E-1 1.26657E-1 1.30618E-1 1.13655E-1 1.14068E-1 1.22009E-1 1.31951E-1 1.30371E-1 1.54775E-1 1.74494E-1 1.76238E-1 1.91504E-1
5.60613E-1 2.94812E-1 3.87913E-1 7.25939E-1 6.56938E-1 6.92737E-1 7.11658E-1 5.1563E-1 -9999 -9999 -9999 -9999 -9999 -9999 -9999 -9999 -9999 -9999 -9999 -9999 -9999 -9999 -9999 -9999 -9999 -9999 -9999 -9999 -9999 -9999 -9999 -9999 2.87155E-1 2.87638E-1 3.09958E-1 3.6829E-1 4.40017E-1 2.37232E-1 4.43216E-1 4.71367E-1 4.01452E-1 3.70754E-1 2.75443E-1 2.6597E-1 2.89421E-1 2.40959E-1 1.90717E-1 1.91298E-1 1.38552E-1 1.41216E-1 1.57996E-1 1.32356E-1 1.18692E-1 1.30955E-1 1.84429E-1 1.67632E-1 1.88199E-1 1.9672E-1 2.00295E-1 2.31032E-1
6.02738E-1 6.33236E-1 6.90702E-1 5.52873E-1 6.44863E-1 3.61309E-1 5.95405E-1 -9999 -9999 -9999 -9999 -9999 -9999 -9999 -9999 -9999 -9999 -9999 -9999 -9999 -9999 -9999 -9999 -9999 -9999 -9999 5.31585E-1 -9999 -9999 -9999 -9999 -9999 2.79793E-1 2.79034E-1 3.0162E-1 3.61538E-1 4.12307E-1 4.92117E-1 5.0421E-1 5.14472E-1 4.26323E-1 4.05804E-1 3.84655E-1 3.65554E-1 3.19808E-1 1.88738E-1 9.43562E-2 1.48948E-1 1.47893E-1 1.70141E-1 1.77781E-1 1.45476E-1 1.31288E-1 1.58544E-1 2.36037E-1 1.71771E-1 2.02102E-1 2.08158E-1 2.27547E-1 2.80437E-1
5.15457E-1 6.42266E-1 3.46672E-1 2.49043E-1 5.4977E-1 6.74464E-1 -9999 -9999 -9999 -9999 -9999 -9999 -9999 -9999 -9999 -9999 -9999 -9999 -9999 -9999 -9999 -9999 -9999 -9999 -9999 4.21527E-1 4.22746E-1 -9999 -9999 -9999 -9999 -9999 2.90451E-1 2.68309E-1 2.8695E-1 3.2785E-1 3.9966E-1 4.93542E-1 5.40974E-1 5.3394E-1 4.46077E-1 4.26668E-1 4.09074E-1 3.55632E-1 2.81282E-1 2.1075E-1 6.54821E-2 1.67501E-1 1.72098E-1 2.06744E-1 2.09945E-1 1.60876E-1 1.40623E-1 2.29769E-1 2.24394E-1 1.54724E-1 1.76051E-1 2.0589E-1 2.77593E-1 3.18438E-1
6.68073E-1 6.53868E-1 5.93867E-1 4.42403E-1 5.02658E-1 6.07354E-1 -9999 -9999 -9999 -9999 -9999 -9999 -9999 -9999 -9999 -9999 -9999 -9999 -9999 -9999 -9999 -9999 -9999 -9999 6.31031E-1 6.1766E-1 4.29301E-1 4.14409E-1 4.54314E-1 4.61609E-1 4.70715E-1 -9999 -9999 3.55294E-1 3.2875E-1 2.94082E-1 3.60045E-1 4.66792E-1 5.30523E-1 5.19532E-1 3.92756E-1 3.7811E-1 3.37868E-1 2.78606E-1 1.71927E-1 1.55393E-1 1.94593E-1 8.12511E-2 2.06481E-1 2.35179E-1 2.23393E-1 1.44238E-1 1.42228E-1 1.89939E-1 1.5735E-1 1.87722E-1 2.07127E-1 2.77422E-1 3.29328E-1 3.59205E-1
6.69791E-1 6.85458E-1 4.58019E-1 4.32609E-1 4.45637E-1 6.65555E-1 -9999 -9999 -9999 -9999 -9999 -9999 -9999 -9999 -9999 -9999 -9999 -9999 -9999 -9999 -9999 -9999 -9999 -9999 6.41387E-1 6.02824E-1 3.60463E-1 5.16726E-1 4.9422E-1 4.68353E-1 4.96652E-1 4.46106E-1 4.18017E-1 3.81945E-1 3.27475E-1 2.7636E-1 3.32146E-1 3.73617E-1 4.91128E-1 4.93986E-1 3.88995E-1 3.95148E-1 1.92531E-1 1.53308E-1 1.40535E-1 1.77666E-1 2.1312E-1 2.17123E-1 2.38054E-1 2.74599E-1 2.63518E-1 1.62326E-1 2.15845E-1 1.85272E-1 1.20115E-1 1.52655E-1 2.15258E-1 2.9715E-1 3.22818E-1 3.52041E-1
6.74867E-1 6.72286E-1 6.74241E-1 6.22582E-1 6.57539E-1 6.88032E-1 -9999 -9999 -9999 -9999 -9999 -9999 -9999 -9999 -9999 -9999 -9999 -9999 -9999 -9999 -9999 -9999 -9999 -9999 -9999 -9999 6.15809E-1 5.22596E-1 5.12051E-1 4.36815E-1 5.11817E-1 4.48817E-1 4.17432E-1 3.86034E-1 3.54344E-1 3.01061E-1 3.68793E-1 3.82745E-1 4.01081E-1 3.38524E-1 2.63151E-1 2.83394E-1 2.34662E-1 1.69942E-1 1.65295E-1 2.41348E-1 2.28688E-1 2.28707E-1 2.60119E-1 1.58283E-1 2.70948E-1 2.45025E-1 2.21598E-1 1.28492E-1 1.28614E-1 1.74437E-1 2.52198E-1 2.88322E-1 3.12348E-1 3.35977E-1
6.50333E-1 6.66307E-1 6.31408E-1 6.93803E-1 7.05363E-1 7.22448E-1 6.74174E-1 6.6875E-1 -9999 -9999 7.2747E-1 -9999 -9999 -9999 -9999 -9999 -9999 -9999 -9999 -9999 -9999 -9999 -9999 -9999 -9999 -9999 -9999 4.53632E-1 5.58266E-1 5.36383E-1 5.44046E-1 4.63506E-1 4.15188E-1 3.99995E-1 4.22735E-1 3.92407E-1 3.81479E-1 2.89698E-1 2.48954E-1 2.54152E-1 1.96243E-1 2.08158E-1 1.99962E-1 1.69237E-1 1.63155E-1 2.65515E-1 2.38699E-1 2.32779E-1 2.42947E-1 2.96271E-1 1.22896E-1 2.48147E-1 2.2397E-1 1.30174E-1 1.47891E-1 1.90427E-1 2.21379E-1 2.76017E-1 2.97941E-1 3.11756E-1
6.48895E-1 6.64299E-1 7.22386E-1 5.5224E-1 7.29086E-1 6.40036E-1 6.0107E-1 6.08739E-1 6.25709E-1 5.96917E-1 5.51565E-1 -9999 -9999 -9999 -9999 -9999 -9999 -9999 -9999 -9999 -9999 -9999 -9999 -9999 -9999 -9999 -9999 6.1315E-1 4.21598E-1 5.60475E-1 5.05992E-1 4.51533E-1 4.03856E-1 4.01748E-1 4.12705E-1 3.28256E-1 2.27242E-1 2.225E-1 2.36264E-1 2.33544E-1 1.67735E-1 1.92026E-1 2.09798E-1 2.19299E-1 2.50156E-1 2.64465E-1 2.30851E-1 2.1335E-1 2.01063E-1 1.89756E-1 1.26026E-1 1.68097E-1 1.77763E-1 1.48005E-1 1.61183E-1 1.75886E-1 2.07227E-1 2.60087E-1 2.3928E-1 1.84522E-1
5.56826E-1 5.35242E-1 5.56325E-1 5.48619E-1 4.29619E-1 5.03558E-1 4.85458E-1 4.92779E-1 4.96444E-1 5.12597E-1 4.98857E-1 -9999 -9999 -9999 -9999 -9999 -9999 -9999 -9999 -9999 -9999 -9999 -9999 -9999 -9999 -9999 -9999 3.69198E-1 2.19175E-1 3.34072E-1 3.79395E-1 3.55872E-1 3.25668E-1 3.516E-1 3.24235E-1 2.75302E-1 1.67817E-1 1.75199E-1 2.0031E-1 2.21041E-1 1.78379E-1 1.86046E-1 1.83171E-1 1.86625E-1 1.9762E-1 1.83861E-1 1.71045E-1 1.59615E-1 1.47198E-1 1.38919E-1 1.31379E-1 7.87422E-2 1.01914E-1 1.24171E-1 1.39732E-1 1.49097E-1 1.43598E-1 1.98748E-1 1.27967E-1 1.77301E-1
6.26947E-1 5.01166E-1 3.82456E-1 3.74194E-1 3.6545E-1 4.50063E-1 4.42284E-1 4.71126E-1 4.77867E-1 4.87158E-1 4.96046E-1 -9999 -9999 -9999 -9999 -9999 -9999 -9999 -9999 -9999 -9999 -9999 -9999 -9999 -9999 -9999 -9999 3.44133E-1 3.2642E-1 1.99898E-1 4.08698E-1 3.79331E-1 3.48579E-1 3.50892E-1 3.38188E-1 1.06384E-1 2.1511E-1 1.98959E-1 2.21967E-1 2.35509E-1 1.88628E-1 1.96615E-1 1.90631E-1 1.79274E-1 1.74595E-1 1.71482E-1 1.68554E-1 1.46859E-1 1.37872E-1 1.31157E-1 1.33065E-1 1.16149E-1 1.24251E-1 1.11503E-1 1.24358E-1 2.28251E-1 2.19115E-1 1.23767E-1 1.53637E-1 2.43799E-1
4.95354E-1 4.01353E-1 3.5563E-1 3.15185E-1 3.06837E-1 4.17637E-1 4.13605E-1 4.4944E-1 4.48389E-1 4.04399E-1 6.69469E-1 6.09344E-1 -9999 -9999 -9999 -9999 -9999 -9999 -9999 -9999 -9999 -9999 -9999 -9999 -9999 -9999 -9999 3.45628E-1 3.24947E-1 3.38281E-1 3.27994E-1 4.508E-1 4.01043E-1 3.60462E-1 3.8804E-1 3.05953E-1 2.78115E-1 2.17328E-1 2.13624E-1 2.28065E-1 1.86461E-1 1.33929E-1 1.96129E-1 1.88569E-1 1.76119E-1 1.61414E-1 1.73454E-1 1.54481E-1 1.50798E-1 1.43587E-1 7.81773E-2 1.0866E-1 1.24895E-1 1.40766E-1 1.46289E-1 1.68448E-1 2.44657E-1 1.91585E-1 2.26284E-1 3.03336E-1
3.57195E-1 4.38892E-1 3.82843E-1 3.40813E-1 3.30305E-1 4.15581E-1 4.20751E-1 4.96887E-1 6.14019E-1 7.11915E-1 6.9128E-1 6.48891E-1 6.61155E-1 -9999 -9999 -9999 -9999 -9999 -9999 -9999 -9999 -9999 -9999 -9999 -9999 -9999 -9999 3.74455E-1 3.10908E-1 2.96643E-1 4.02631E-1 4.27105E-1 4.01796E-1 3.74826E-1 2.49486E-1 2.75598E-1 2.37711E-1 2.04489E-1 1.97183E-1 2.18939E-1 1.95381E-1 1.48215E-1 1.99916E-1 1.95451E-1 1.77856E-1 1.53503E-1 1.59762E-1 1.51135E-1 1.6524E-1 1.9318E-1 1.39709E-1 1.22748E-1 1.26508E-1 1.32817E-1 1.64739E-1 1.80303E-1 1.3865E-1 2.45531E-1 2.31628E-1 2.90259E-1
4.33486E-1 4.21588E-1 3.62472E-1 3.19258E-1 3.24764E-1 4.45693E-1 4.50981E-1 5.84042E-1 5.91384E-1 6.80278E-1 6.71485E-1 6.7223E-1 6.60092E-1 6.47148E-1 -9999 -9999 -9999 -9999 -9999 -9999 -9999 -9999 -9999 -9999 -9999 -9999 -9999 2.69331E-1 2.49459E-1 2.77631E-1 4.01176E-1 2.33135E-1 3.85975E-1 3.90522E-1 4.01771E-1 3.05595E-1 2.39949E-1 2.06826E-1 2.13419E-1 2.53322E-1 1.87503E-1 2.41237E-1 2.08214E-1 2.03027E-1 1.88548E-1 1.61395E-1 1.63258E-1 1.47755E-1 1.43279E-1 1.40539E-1 2.05537E-1 1.4998E-1 1.47058E-1 1.47865E-1 1.62041E-1 1.94251E-1 1.35623E-1 2.68729E-1 2.51689E-1 2.69374E-1
2.44046E-1 2.32903E-1 1.9401E-1 1.6806E-1 2.13731E-1 -9999 5.368E-1 4.8602E-1 5.14934E-1 5.08164E-1 6.80757E-1 7.04279E-1 6.93506E-1 6.66038E-1 6.20186E-1 6.25469E-1 -9999 -9999 -9999 -9999 -9999 -9999 -9999 -9999 -9999 -9999 -9999 4.28685E-1 4.312E-1 4.05242E-1 3.39507E-1 3.5974E-1 3.51119E-1 1.77138E-1 3.4853E-1 4.21722E-1 3.42047E-1 3.16879E-1 2.8962E-1 3.41504E-1 2.69845E-1 3.16249E-1 3.2811E-1 3.45723E-1 2.97036E-1 1.82343E-1 1.75311E-1 1.54553E-1 1.15375E-1 1.06359E-1 1.24292E-1 5.52409E-2 1.56163E-1 1.60823E-1 1.7588E-1 1.46731E-1 2.74633E-1 2.63685E-1 2.42335E-1 2.36771E-1
2.2624E-1 2.12415E-1 1.91068E-1 1.89001E-1 3.66735E-1 5.32099E-1 5.00108E-1 5.48736E-1 5.18022E-1 3.72706E-1 6.15966E-1 7.03877E-1 7.02468E-1 7.15568E-1 6.38457E-1 6.25122E-1 -9999 -9999 -9999 -9999 -9999 -9999 -9999 -9999 -9999 -9999 -9999 -9999 4.75346E-1 -9999 -9999 -9999 -9999 3.60021E-1 3.25065E-1 3.51972E-1 3.10246E-1 3.02689E-1 2.78667E-1 2.96415E-1 2.56295E-1 2.66367E-1 3.55803E-1 4.47191E-1 3.79789E-1 1.98558E-1 1.8423E-1 1.50908E-1 1.26424E-1 1.19394E-1 1.40401E-1 1.44891E-1 1.38948E-1 1.74204E-1 1.92701E-1 1.9138E-1 2.38879E-1 2.59118E-1 2.29624E-1 2.5278E-1
2.28775E-1 2.12759E-1 1.89427E-1 2.41789E-1 3.38993E-1 5.02258E-1 5.19129E-1 2.85445E-1 3.00823E-1 5.19892E-1 6.76839E-1 6.69086E-1 7.00724E-1 6.83885E-1 7.25202E-1 6.83188E-1 -9999 -9999 -9999 -9999 -9999 -9999 -9999 -9999 -9999 -9999 -9999 -9999 -9999 -9999 -9999 -9999 -9999 -9999 3.27535E-1 3.3379E-1 3.28787E-1 2.6753E-1 2.5712E-1 2.69596E-1 2.34739E-1 2.78841E-1 3.03899E-1 3.46267E-1 3.99904E-1 2.37312E-1 1.9903E-1 1.40982E-1 1.38602E-1 1.25575E-1 1.46684E-1 1.50098E-1 4.8354E-2 1.96653E-1 1.72301E-1 1.88991E-1 2.51627E-1 2.33795E-1 2.86995E-1 2.6158E-1
2.033E-1 1.91181E-1 1.8847E-1 2.81168E-1 3.20885E-1 5.03236E-1 5.25437E-1 3.73207E-1 5.21885E-1 5.3129E-1 6.56849E-1 6.51058E-1 6.64387E-1 6.5937E-1 6.9182E-1 -9999 -9999 -9999 -9999 -9999 -9999 -9999 -9999 -9999 -9999 -9999 -9999 -9999 -9999 -9999 -9999 -9999 -9999 -9999 3.21866E-1 3.82177E-1 3.84473E-1 2.74729E-1 2.50396E-1 2.80756E-1 2.49043E-1 3.07763E-1 1.71309E-1 3.259E-1 3.8826E-1 2.64197E-1 2.09065E-1 1.43606E-1 1.38731E-1 1.61643E-1 1.81281E-1 1.8225E-1 1.84944E-1 1.2352E-1 2.2758E-1 1.16175E-1 2.19497E-1 3.38385E-1 3.05069E-1 2.845E-1
