Phytophthora/models/20240429_1812_56/Phytophthora_PA2_RUN7_MAXENT_outputs/Phytophthora_PA2_RUN7.asc
ncols         225
nrows         269
xllcorner     473000.0
yllcorner     4429100.0
cellsize      50.0
NODATA_value  -9999
[rows 162 to 188 of 269, columns 120 to 179 of 225]
1.37831E-1 2.63386E-1 1.69134E-1 1.82699E-1 2.43933E-1 3.36347E-1 3.92659E-1 4.31799E-1 2.82333E-1 3.5711E-1 2.23585E-1 4.77647E-1 4.37787E-1 4.34642E-1 4.32165E-1 5.15458E-1 5.48028E-1 5.63077E-1 5.9704E-1 4.79796E-1 3.34807E-1 3.05614E-1 3.00981E-1 2.6554E-1 3.12659E-1 1.64153E-1 2.18038E-1 2.64496E-1 3.05181E-1 2.48399E-1 1.66496E-1 1.30589E-1 1.04162E-1 9.21835E-2 1.20582E-1 2.20387E-1 2.54452E-1 2.48981E-1 2.36549E-1 2.32222E-1 2.37486E-1 2.78261E-1 3.24002E-1 3.67344E-1 3.55108E-1 2.27571E-1 2.46294E-1 2.26261E-1 1.93596E-1 1.75068E-1 2.66783E-1 2.59106E-1 4.20586E-1 2.78275E-1 2.34122E-1 1.66938E-1 2.29249E-1 2.52101E-1 2.42025E-1 1.93714E-1
3.32376E-1 2.77898E-1 2.79005E-1 2.86657E-1 2.17668E-1 3.88149E-1 3.93296E-1 4.19749E-1 4.48844E-1 4.75643E-1 4.43716E-1 4.27627E-1 4.39259E-1 4.14977E-1 3.90945E-1 4.53589E-1 5.53904E-1 5.86156E-1 1.02153E-1 4.51807E-1 2.93287E-1 1.68626E-1 3.99399E-1 1.42708E-1 1.24854E-1 1.66601E-1 2.1346E-1 2.23765E-1 2.34155E-1 2.03453E-1 1.42536E-1 1.21248E-1 1.08968E-1 1.41987E-1 1.64749E-1 2.30637E-1 2.30661E-1 2.31333E-1 2.34599E-1 2.36648E-1 2.41102E-1 2.83526E-1 3.30289E-1 2.90816E-1 4.01846E-1 3.81513E-1 1.29159E-1 2.6544E-1 2.00738E-1 3.71667E-2 8.67654E-2 1.9319E-1 1.56997E-1 2.2039E-1 9.47076E-2 2.77914E-1 2.34563E-1 2.32233E-1 2.46407E-1 2.52535E-1
3.23142E-1 2.94546E-1 2.5397E-1 2.75348E-1 2.50178E-1 3.97817E-1 4.19391E-1 4.25982E-1 4.15904E-1 4.48631E-1 4.74475E-1 2.99363E-1 4.73764E-1 4.30453E-1 3.86475E-1 4.05669E-1 3.49252E-1 4.94522E-1 4.86302E-1 4.18151E-1 2.03806E-1 1.9387E-1 2.84801E-1 1.43649E-1 2.74706E-1 2.37863E-1 2.24412E-1 2.20107E-1 2.13781E-1 1.26019E-1 1.42162E-1 1.34905E-1 1.61815E-1 1.69104E-1 1.9062E-1 2.68836E-1 2.65897E-1 2.56939E-1 2.60468E-1 2.34605E-1 2.30515E-1 2.67626E-1 3.0533E-1 3.31143E-1 3.50771E-1 9.89775E-2 1.60759E-1 2.22242E-1 1.88717E-1 1.3996E-1 1.44571E-1 2.8044E-1 4.24415E-1 2.86856E-1 2.54743E-1 2.73999E-1 2.64986E-1 2.54597E-1 2.45954E-1 2.65069E-1
3.2494E-1 2.76754E-1 2.46734E-1 2.76605E-1 2.44447E-1 3.46775E-1 3.73548E-1 3.91114E-1 3.90432E-1 4.39199E-1 5.04155E-1 3.67499E-1 5.55805E-1 5.5296E-1 3.21267E-1 1.9481E-1 2.77173E-1 3.9521E-1 2.33633E-1 2.73553E-1 2.65132E-1 2.62625E-1 2.2159E-1 2.69479E-1 2.91906E-1 2.4035E-1 2.32417E-1 2.19423E-1 2.25838E-1 1.17893E-1 1.33912E-1 1.57754E-1 1.72823E-1 1.88639E-1 2.33555E-1 3.23061E-1 3.26455E-1 2.9686E-1 2.72668E-1 2.61684E-1 2.18316E-1 2.48936E-1 2.81586E-1 3.01501E-1 3.16802E-1 2.81469E-1 2.63257E-1 2.51108E-1 1.81932E-1 1.58037E-1 1.85594E-1 2.79424E-1 2.80008E-1 3.53067E-1 1.71385E-1 2.71825E-1 2.81474E-1 2.85778E-1 2.88097E-1 2.8193E-1
3.61141E-1 2.80417E-1 2.58377E-1 2.85273E-1 2.61519E-1 3.33977E-1 3.69338E-1 4.03612E-1 4.4208E-1 4.71193E-1 5.09444E-1 4.65699E-1 6.17883E-1 5.66301E-1 5.21601E-1 3.43855E-1 3.79267E-1 4.56829E-1 3.62128E-1 3.90081E-1 4.46752E-1 4.92988E-1 4.81569E-1 4.94383E-1 4.8677E-1 4.51224E-1 4.60964E-1 4.93451E-1 5.2504E-1 2.61192E-1 3.65563E-1 2.71708E-1 2.93568E-1 3.38862E-1 3.88829E-1 3.27569E-1 3.17182E-1 2.83269E-1 2.62712E-1 2.54036E-1 2.50993E-1 2.46991E-1 2.61257E-1 2.96124E-1 3.29245E-1 3.59765E-1 3.48167E-1 3.54659E-1 3.4443E-1 3.00597E-1 2.11904E-1 1.71658E-1 1.93076E-1 1.28923E-1 1.7831E-1 2.86489E-1 3.23445E-1 3.89639E-1 4.00641E-1 3.94271E-1
1.8309E-1 2.61767E-1 2.04165E-1 2.64813E-1 2.5351E-1 3.28325E-1 3.57544E-1 3.8533E-1 4.45492E-1 5.11936E-1 5.44737E-1 4.21941E-1 5.28367E-1 4.24825E-1 4.13531E-1 4.4111E-1 4.89007E-1 5.00213E-1 3.92689E-1 5.07355E-1 5.43483E-1 5.1808E-1 5.08122E-1 5.12959E-1 5.53155E-1 5.36541E-1 4.81418E-1 4.80116E-1 5.00364E-1 5.14702E-1 3.5309E-1 2.91932E-1 3.35989E-1 4.50799E-1 4.52646E-1 3.9379E-1 3.4157E-1 3.07242E-1 2.8968E-1 2.74262E-1 2.84569E-1 2.77066E-1 2.68854E-1 2.88186E-1 1.2585E-1 4.39228E-1 3.88363E-1 3.17408E-1 1.64922E-1 2.78568E-1 1.97204E-1 1.46984E-1 1.30743E-1 1.44199E-1 1.62518E-1 2.36746E-1 1.25964E-1 2.55318E-1 2.26812E-1 3.91151E-1
2.65082E-1 1.99332E-1 2.65363E-1 2.50177E-1 2.55532E-1 3.35463E-1 3.8185E-1 3.64989E-1 3.94137E-1 4.43815E-1 4.91344E-1 5.40314E-1 4.96936E-1 4.97416E-1 4.24929E-1 4.21875E-1 5.03396E-1 5.0017E-1 4.87549E-1 4.7856E-1 4.67703E-1 4.78042E-1 4.88304E-1 4.99695E-1 5.09722E-1 5.45565E-1 5.88279E-1 5.53696E-1 5.39496E-1 4.35388E-1 4.00394E-1 3.49189E-1 1.84148E-1 4.97278E-1 4.69896E-1 2.0596E-1 2.60338E-1 3.02522E-1 3.14348E-1 3.11434E-1 3.01394E-1 2.93746E-1 2.78935E-1 2.71473E-1 2.56962E-1 4.67248E-1 4.11778E-1 3.4641E-1 3.15936E-1 3.24222E-1 1.56921E-1 1.45284E-1 1.35706E-1 1.36322E-1 1.57439E-1 2.36704E-1 2.21824E-1 3.531E-1 3.08103E-1 3.22506E-1
2.78472E-1 2.54018E-1 2.30639E-1 2.44752E-1 2.95213E-1 4.34489E-1 4.88063E-1 4.04077E-1 3.87657E-1 4.32671E-1 4.55505E-1 5.68464E-1 3.007E-1 2.88202E-1 5.06508E-1 4.88979E-1 4.76094E-1 4.7579E-1 4.68299E-1 4.58767E-1 4.45439E-1 4.58419E-1 4.61496E-1 4.75233E-1 3.64156E-1 4.83688E-1 2.77916E-1 4.749E-1 4.47228E-1 3.48165E-1 2.64892E-1 2.16364E-1 3.28149E-1 1.61077E-1 4.22698E-1 3.85689E-1 3.50659E-1 2.77426E-1 2.8083E-1 3.14623E-1 3.0796E-1 2.93677E-1 2.82263E-1 2.62191E-1 2.98194E-1 4.42451E-1 3.9922E-1 3.60551E-1 3.36302E-1 3.12621E-1 2.15141E-1 1.73565E-1 1.81816E-1 1.16629E-1 1.79733E-1 2.43694E-1 2.99244E-1 3.65819E-1 3.7095E-1 3.19039E-1
2.82305E-1 2.69486E-1 2.47899E-1 1.8826E-1 1.93825E-1 3.28786E-1 4.77918E-1 2.38855E-1 5.38355E-1 4.35821E-1 4.31582E-1 5.62757E-1 5.32845E-1 4.69168E-1 4.54599E-1 4.49318E-1 4.59094E-1 4.61555E-1 4.54415E-1 4.54592E-1 4.35157E-1 4.56172E-1 4.59733E-1 4.81623E-1 2.95648E-1 4.77023E-1 4.98251E-1 4.78917E-1 4.37117E-1 3.92465E-1 2.86977E-1 2.40874E-1 3.30971E-1 5.31563E-1 5.34718E-1 4.12695E-1 2.90242E-1 2.14818E-1 2.78009E-1 2.97477E-1 2.90277E-1 2.77912E-1 2.68775E-1 2.57237E-1 3.15811E-1 4.17147E-1 2.65753E-1 3.42844E-1 3.20199E-1 2.95805E-1 1.61564E-1 1.88634E-1 1.21064E-1 1.8094E-1 1.88137E-1 2.70857E-1 3.11574E-1 2.89665E-1 4.10519E-1 3.36577E-1
2.75439E-1 2.74894E-1 2.30207E-1 1.95279E-1 1.42997E-1 1.607E-1 1.93182E-1 2.50729E-1 4.25124E-1 3.76225E-1 4.88635E-1 5.56482E-1 5.25217E-1 4.50937E-1 4.2721E-1 4.12318E-1 4.34733E-1 5.09339E-1 4.93509E-1 4.28602E-1 4.13887E-1 4.29537E-1 4.29123E-1 4.51212E-1 4.37026E-1 4.64665E-1 4.06904E-1 4.02678E-1 4.21693E-1 4.52623E-1 5.02438E-1 4.8391E-1 5.21646E-1 5.2989E-1 4.12921E-1 2.70595E-1 2.3409E-1 2.06662E-1 2.81586E-1 2.87084E-1 3.57337E-1 3.53521E-1 3.40811E-1 3.43031E-1 2.89955E-1 3.33529E-1 2.05054E-1 2.44909E-1 2.79694E-1 2.78601E-1 2.36154E-1 2.13154E-1 2.01202E-1 1.8289E-1 1.87849E-1 2.26726E-1 2.23292E-1 3.02403E-1 3.6894E-1 2.67441E-1
2.84977E-1 2.55229E-1 2.3543E-1 2.49399E-1 1.84001E-1 1.2782E-1 1.65721E-1 2.08889E-1 2.54714E-1 3.18175E-1 5.39928E-1 5.53964E-1 3.98501E-1 4.43853E-1 4.05182E-1 3.86592E-1 3.9372E-1 3.64928E-1 5.11281E-1 3.94237E-1 4.84095E-1 4.14298E-1 4.44809E-1 4.72579E-1 4.68883E-1 5.12351E-1 4.63452E-1 4.39251E-1 4.41894E-1 3.8293E-1 5.19329E-1 4.85904E-1 5.16753E-1 3.99857E-1 4.09533E-1 2.37262E-1 2.03231E-1 2.23306E-1 2.80558E-1 2.97729E-1 3.84756E-1 3.3777E-1 3.4947E-1 3.5309E-1 1.82234E-1 1.79525E-1 1.28264E-1 1.61494E-1 2.29395E-1 2.30027E-1 1.55285E-1 1.88945E-1 1.82864E-1 1.80372E-1 1.85362E-1 2.19212E-1 2.66797E-1 3.16971E-1 3.28542E-1 2.20368E-1
2.95832E-1 2.83761E-1 2.40348E-1 2.14583E-1 1.78442E-1 2.14067E-1 1.71865E-1 1.84351E-1 2.16636E-1 2.55592E-1 3.70785E-1 3.99459E-1 5.30515E-1 3.36501E-1 4.35698E-1 3.70655E-1 3.54171E-1 3.36775E-1 3.83998E-1 2.58174E-1 4.89575E-1 4.09671E-1 4.69632E-1 4.13413E-1 4.66718E-1 5.41975E-1 3.93148E-1 3.11247E-1 3.96623E-1 4.6334E-1 5.09124E-1 5.1692E-1 5.38107E-1 3.29122E-1 3.76531E-1 2.29798E-1 1.93701E-1 1.82205E-1 2.83109E-1 2.1191E-1 3.75517E-1 3.66391E-1 3.58727E-1 4.18458E-1 1.68287E-1 1.19324E-1 1.05111E-1 1.75658E-1 2.7167E-1 2.72256E-1 2.29503E-1 2.37514E-1 2.08246E-1 1.82507E-1 2.01788E-1 3.18695E-1 2.98645E-1 2.61936E-1 2.63664E-1 2.00848E-1
3.02804E-1 3.17046E-1 2.68806E-1 2.14291E-1 1.96171E-1 1.86993E-1 2.15584E-1 1.77385E-1 1.91014E-1 2.19497E-1 3.12631E-1 3.1239E-1 3.52436E-1 4.91368E-1 2.81154E-1 4.23591E-1 3.17375E-1 3.34379E-1 3.4055E-1 5.1134E-1 3.04066E-1 4.16243E-1 4.8983E-1 3.94608E-1 4.55314E-1 5.69901E-1 4.92591E-1 4.45112E-1 4.32756E-1 4.58282E-1 5.05002E-1 5.55493E-1 5.33559E-1 5.61696E-1 3.67412E-1 2.10984E-1 1.86715E-1 1.73618E-1 3.0659E-1 2.65749E-1 4.08267E-1 3.99239E-1 3.83625E-1 3.61376E-1 4.80095E-2 1.39733E-1 2.04361E-1 1.62515E-1 4.19288E-1 3.43153E-1 3.05672E-1 2.81941E-1 2.16339E-1 1.89795E-1 2.70954E-1 3.3247E-1 2.85476E-1 2.3643E-1 1.85048E-1 1.81409E-1
3.15852E-1 3.70147E-1 2.82916E-1 2.22446E-1 2.01061E-1 1.67407E-1 1.80885E-1 2.14523E-1 2.11287E-1 1.90954E-1 2.67776E-1 2.71142E-1 3.08823E-1 3.10349E-1 4.62076E-1 4.5606E-1 3.25208E-1 3.28288E-1 3.66962E-1 3.68633E-1 5.41561E-1 3.92605E-1 5.18786E-1 3.81899E-1 4.59588E-1 5.64706E-1 4.11855E-1 4.31111E-1 4.35009E-1 4.6294E-1 5.31761E-1 6.05803E-1 4.73566E-1 5.68585E-1 3.67657E-1 2.07642E-1 2.04229E-1 1.92147E-1 2.2184E-1 1.6983E-1 4.16294E-1 3.95074E-1 3.79829E-1 3.10808E-1 1.62848E-1 9.54564E-2 2.30074E-1 2.03751E-1 3.67497E-1 3.37323E-1 1.90273E-1 2.4408E-1 1.92241E-1 1.56986E-1 1.87184E-1 3.17297E-1 2.65177E-1 1.75002E-1 1.35371E-1 1.38137E-1
3.81332E-1 4.69417E-1 3.52485E-1 2.79139E-1 2.26697E-1 1.895E-1 1.66886E-1 1.83607E-1 1.92759E-1 1.80434E-1 2.11159E-1 2.05902E-1 2.58241E-1 2.67407E-1 2.95026E-1 4.01673E-1 4.35642E-1 3.11403E-1 3.40228E-1 3.56284E-1 2.92727E-1 3.31003E-1 4.47805E-1 2.26481E-1 3.42375E-1 2.9656E-1 2.84738E-1 3.18655E-1 3.07789E-1 3.44696E-1 3.65213E-1 2.71331E-1 4.39452E-1 2.82984E-1 2.04755E-1 2.05689E-1 2.10391E-1 2.38738E-1 2.02747E-1 3.35772E-1 4.41503E-1 4.3303E-1 4.17295E-1 4.09197E-1 1.25813E-1 1.53481E-1 2.87343E-1 2.81676E-1 3.3721E-1 2.43292E-1 2.04279E-1 2.07621E-1 2.02515E-1 1.73888E-1 1.23155E-1 1.52389E-1 1.53627E-1 1.38626E-1 9.60051E-2 8.45902E-2
4.31276E-1 4.96074E-1 3.58103E-1 2.92141E-1 2.45131E-1 2.018E-1 1.69541E-1 1.61071E-1 1.71549E-1 2.13387E-1 2.08352E-1 2.16489E-1 2.49903E-1 2.65467E-1 2.80688E-1 4.00369E-1 2.91752E-1 3.12004E-1 3.38707E-1 3.65058E-1 2.83625E-1 3.37981E-1 3.023E-1 3.68447E-1 3.50079E-1 1.2943E-1 3.02301E-1 3.27254E-1 3.16315E-1 1.52919E-1 1.98549E-1 1.98143E-1 2.2519E-1 2.09038E-1 2.14281E-1 2.291E-1 2.51973E-1 3.321E-1 3.33824E-1 3.2036E-1 4.10422E-1 4.0197E-1 3.92894E-1 3.61508E-1 2.89794E-1 2.4238E-1 2.71593E-1 2.84838E-1 2.4296E-1 2.50395E-1 2.27001E-1 2.1829E-1 1.79929E-1 1.59916E-1 1.40558E-1 1.49918E-1 1.40393E-1 1.30958E-1 1.11358E-1 1.00603E-1
5.30069E-1 5.0129E-1 3.47928E-1 3.07574E-1 2.78378E-1 2.19726E-1 1.70779E-1 1.51392E-1 1.50552E-1 1.46428E-1 2.25709E-1 1.99898E-1 2.18316E-1 2.23362E-1 2.57568E-1 3.12545E-1 3.1337E-1 3.98127E-1 3.64891E-1 3.53999E-1 2.93127E-1 3.52671E-1 3.94941E-1 3.23167E-1 3.62007E-1 3.77141E-1 2.89921E-1 3.42823E-1 7.94174E-2 3.08206E-1 1.55963E-1 2.48867E-1 2.85591E-1 2.2208E-1 2.36552E-1 2.63994E-1 1.17886E-1 2.99415E-1 2.92168E-1 2.94399E-1 3.98544E-1 3.82498E-1 3.69156E-1 3.69985E-1 3.16763E-1 7.51065E-2 2.64602E-1 3.86108E-1 3.21906E-1 2.99147E-1 2.49661E-1 2.17427E-1 1.67394E-1 1.52774E-1 1.26158E-1 9.40967E-2 9.92129E-2 1.18097E-1 9.91601E-2 9.19832E-2
4.42392E-1 4.16207E-1 3.47953E-1 3.4412E-1 2.8424E-1 2.25886E-1 1.80313E-1 1.6239E-1 1.31408E-1 1.53581E-1 2.0875E-1 1.98634E-1 1.9488E-1 2.20506E-1 2.42409E-1 2.98933E-1 3.63572E-1 3.52569E-1 5.07325E-1 3.64368E-1 3.07128E-1 3.70582E-1 3.10225E-1 3.70175E-1 3.32504E-1 3.45547E-1 2.48374E-1 2.70608E-1 1.55839E-1 2.97101E-1 1.6586E-1 2.23413E-1 2.32144E-1 2.85157E-1 2.50321E-1 2.68847E-1 2.89724E-1 3.05493E-1 2.69554E-1 2.78357E-1 3.8245E-1 3.55055E-1 3.43037E-1 3.3326E-1 3.80885E-1 1.05258E-1 3.72193E-1 3.17754E-1 3.11804E-1 2.71517E-1 2.02244E-1 1.81479E-1 1.76577E-1 1.50824E-1 1.11321E-1 8.04472E-2 6.86371E-2 8.53384E-2 9.27059E-2 1.01397E-1
2.21656E-1 4.50404E-1 3.72933E-1 3.45765E-1 3.25558E-1 2.5441E-1 2.01019E-1 1.83177E-1 1.40931E-1 1.32606E-1 1.62192E-1 1.92108E-1 2.03942E-1 2.23502E-1 2.57341E-1 3.01275E-1 3.08878E-1 3.98379E-1 4.70251E-1 5.3524E-1 3.15513E-1 4.35513E-1 2.07656E-1 3.64884E-1 3.21857E-1 9.71696E-2 2.50612E-1 2.08643E-1 1.56279E-1 2.66904E-1 1.28047E-1 1.79158E-1 2.5747E-1 3.0893E-1 3.61837E-1 2.40644E-1 2.91866E-1 2.93431E-1 2.56123E-1 2.6672E-1 3.97324E-1 3.61753E-1 3.35621E-1 3.52012E-1 3.27284E-1 2.21978E-1 3.52376E-1 2.76559E-1 2.10863E-1 1.72791E-1 1.57041E-1 1.6109E-1 1.63602E-1 1.26272E-1 9.1195E-2 1.16305E-1 1.1119E-1 1.07595E-1 1.27123E-1 1.01622E-1
4.35209E-1 5.28034E-1 4.01332E-1 3.82467E-1 4.16272E-1 2.74521E-1 2.03523E-1 1.86437E-1 1.52363E-1 1.44489E-1 1.7312E-1 1.95413E-1 2.26867E-1 2.4476E-1 2.73347E-1 2.58634E-1 2.9314E-1 3.13541E-1 3.81513E-1 3.89253E-1 3.30765E-1 3.55407E-1 3.76808E-1 4.08999E-1 1.43829E-1 2.07759E-1 1.6787E-1 1.54736E-1 1.41033E-1 1.20136E-1 6.04921E-2 6.47261E-2 1.28225E-1 2.26886E-1 1.67402E-1 2.43186E-1 2.19817E-1 2.24327E-1 2.13532E-1 2.25617E-1 2.75766E-1 3.26514E-1 2.44551E-1 2.03893E-1 4.87032E-2 1.36348E-1 2.62905E-1 1.91344E-1 1.65398E-1 1.43336E-1 1.42072E-1 1.37971E-1 1.24625E-1 1.34296E-1 1.82204E-1 1.25712E-1 1.29296E-1 1.45108E-1 1.4259E-1 7.70694E-2
5.68195E-1 5.48217E-1 3.96624E-1 4.43338E-1 4.33121E-1 2.57097E-1 2.13949E-1 2.05069E-1 1.59218E-1 1.63837E-1 1.8444E-1 2.01296E-1 2.33743E-1 2.5279E-1 2.67968E-1 2.3896E-1 2.68556E-1 3.0792E-1 3.32832E-1 4.71348E-1 2.84453E-1 2.09065E-1 2.08141E-1 1.58355E-1 1.86924E-1 1.6171E-1 1.50262E-1 1.22722E-1 1.20815E-1 1.06712E-1 5.60671E-2 1.07868E-1 1.0969E-1 9.95267E-2 2.79411E-1 1.89289E-1 1.57621E-1 1.52201E-1 1.98704E-1 2.2051E-1 3.36005E-1 4.12242E-1 2.6983E-1 1.70901E-1 1.02015E-1 1.18138E-1 1.34275E-1 2.08444E-1 1.92076E-1 1.81334E-1 1.42991E-1 1.23553E-1 1.09969E-1 1.57653E-1 1.40347E-1 1.04791E-1 1.54064E-1 1.60535E-1 1.53814E-1 8.22756E-2
4.08069E-1 4.33914E-1 4.00643E-1 5.04918E-1 4.44029E-1 2.64429E-1 2.27882E-1 2.1651E-1 1.80996E-1 1.83304E-1 1.99679E-1 2.08297E-1 2.3019E-1 2.58423E-1 2.78468E-1 2.49796E-1 2.83093E-1 3.21906E-1 3.77976E-1 4.98307E-1 2.92245E-1 4.2199E-1 1.68117E-1 1.61536E-1 2.33506E-1 1.95302E-1 1.70037E-1 1.2358E-1 1.20726E-1 8.57766E-2 4.78914E-2 1.14084E-1 9.20629E-2 9.25479E-2 1.49905E-1 1.39176E-1 1.11111E-1 2.07135E-1 2.06577E-1 2.16926E-1 2.97934E-1 3.17942E-1 1.7338E-1 2.72849E-1 2.54692E-1 2.03682E-1 1.05387E-1 1.22404E-1 2.05791E-1 1.47274E-1 1.20614E-1 1.00804E-1 1.09362E-1 1.36385E-1 1.31506E-1 1.09179E-1 1.47612E-1 1.78564E-1 1.41582E-1 9.32394E-2
4.20106E-1 4.08037E-1 4.59726E-1 2.05422E-1 4.35555E-1 2.80133E-1 2.34961E-1 2.41823E-1 1.80615E-1 1.92401E-1 2.31684E-1 2.37917E-1 2.40693E-1 2.68857E-1 2.88773E-1 2.58035E-1 2.86678E-1 3.21287E-1 3.69547E-1 5.18704E-1 2.94596E-1 2.5475E-1 1.87447E-1 9.06199E-2 2.99931E-1 2.42504E-1 1.96226E-1 1.46639E-1 1.37217E-1 1.19975E-1 7.46547E-2 8.30658E-2 8.95967E-2 8.24503E-2 8.59903E-2 2.30509E-1 2.26869E-1 1.85781E-1 2.32773E-1 2.5789E-1 3.5182E-1 3.60574E-1 2.29407E-1 1.70721E-1 1.43402E-1 9.94652E-2 2.07772E-1 1.81717E-1 1.31082E-1 1.0203E-1 8.7044E-2 8.44064E-2 1.28272E-1 1.48082E-1 1.50026E-1 1.29044E-1 1.30705E-1 1.28741E-1 1.2551E-1 1.25846E-1
4.4766E-1 4.19861E-1 3.65523E-1 3.62762E-1 2.96378E-1 2.82749E-1 2.59484E-1 2.4053E-1 1.93143E-1 2.18973E-1 2.7301E-1 2.70577E-1 2.74238E-1 2.87442E-1 2.94535E-1 2.62514E-1 2.92137E-1 3.24539E-1 3.66028E-1 9.85061E-2 2.92241E-1 2.18123E-1 1.80861E-1 2.5769E-1 8.92196E-2 2.69273E-1 2.14227E-1 1.7016E-1 1.43149E-1 1.24286E-1 1.1046E-1 7.14484E-2 6.94063E-2 7.48994E-2 8.19862E-2 2.26843E-1 2.42189E-1 2.59771E-1 2.73724E-1 3.04162E-1 4.05703E-1 4.17143E-1 3.07547E-1 6.3974E-2 2.13935E-1 1.34958E-1 2.39456E-1 2.17551E-1 1.21033E-1 8.89929E-2 9.14742E-2 1.28207E-1 1.87633E-1 1.80927E-1 1.73848E-1 1.52309E-1 1.64701E-1 1.59845E-1 1.46512E-1 1.37195E-1
3.35927E-1 3.23912E-1 3.14352E-1 2.94074E-1 1.12852E-1 4.36032E-1 3.66149E-1 3.22571E-1 3.00835E-1 3.41825E-1 3.34875E-1 3.33883E-1 3.64431E-1 3.59515E-1 3.31221E-1 3.59898E-1 3.8643E-1 4.24594E-1 4.57064E-1 1.78583E-1 1.71849E-1 1.56049E-1 1.31938E-1 1.17227E-1 2.51573E-1 1.70234E-1 1.18189E-1 1.09845E-1 9.80885E-2 1.0246E-1 2.23584E-1 2.53506E-1 2.40471E-1 2.71501E-1 2.60901E-1 3.10354E-1 3.46139E-1 2.97555E-1 4.07527E-1 4.02635E-1 3.23584E-1 3.47972E-1 3.20947E-1 9.20459E-2 2.28992E-1 2.36157E-1 1.96622E-1 9.9526E-2 1.03803E-1 8.3773E-2 8.64683E-2 1.29523E-1 1.40124E-1 1.54371E-1 1.83784E-1 2.08564E-1 2.2148E-1 1.99214E-1 1.64589E-1 1.21101E-1
3.43641E-1 3.3517E-1 3.19668E-1 3.0747E-1 3.91552E-1 5.0633E-1 3.59382E-1 3.54395E-1 3.36347E-1 3.85068E-1 3.59051E-1 3.79102E-1 4.40504E-1 3.95144E-1 3.52201E-1 3.83655E-1 4.06499E-1 2.90044E-1 1.95976E-1 4.08148E-1 1.99131E-1 1.61744E-1 1.39486E-1 1.00732E-1 1.12446E-1 1.54984E-1 1.50437E-1 1.12052E-1 8.63611E-2 9.77212E-2 2.12502E-1 3.17487E-1 2.97379E-1 3.04426E-1 3.34768E-1 3.67677E-1 4.15561E-1 4.33099E-1 4.54817E-1 4.57692E-1 3.87082E-1 2.88887E-1 3.43431E-1 7.70404E-2 2.33189E-1 2.26603E-1 1.2368E-1 1.04489E-1 1.06407E-1 1.10756E-1 1.22734E-1 1.32854E-1 1.49346E-1 1.78575E-1 2.19722E-1 2.59008E-1 2.73116E-1 2.33139E-1 2.0009E-1 1.33906E-1
3.72067E-1 3.22313E-1 3.07783E-1 3.01099E-1 3.69145E-1 4.2352E-1 3.72579E-1 3.77811E-1 3.63012E-1 4.11982E-1 3.99342E-1 4.28722E-1 5.0576E-1 4.41389E-1 3.90507E-1 4.11955E-1 4.24057E-1 4.5781E-1 4.96417E-1 3.9274E-1 1.99625E-1 1.60635E-1 1.33807E-1 1.00571E-1 8.05643E-2 1.18276E-1 9.81703E-2 1.24657E-1 8.26713E-2 1.06728E-1 2.34918E-1 3.16225E-1 2.85773E-1 3.07362E-1 3.56285E-1 4.11994E-1 4.17538E-1 4.85618E-1 4.95237E-1 5.12003E-1 4.24566E-1 2.24877E-1 3.40404E-1 2.97524E-1 1.72064E-1 1.6496E-1 1.42623E-1 1.21165E-1 1.16539E-1 1.48544E-1 1.40696E-1 1.49343E-1 1.62249E-1 2.03132E-1 2.6347E-1 3.21258E-1 3.28562E-1 2.18312E-1 2.22277E-1 1.92794E-1
