Phytophthora/models/20240429_1812_56/Phytophthora_PA2_RUN7_MAXENT_outputs/Phytophthora_PA2_RUN7.asc
ncols         225
nrows         269
xllcorner     473000.0
yllcorner     4429100.0
cellsize      50.0
NODATA_value  -9999
[rows 189 to 215 of 269, columns 0 to 59 of 225]
-9999 -9999 -9999 -9999 -9999 -9999 -9999 -9999 -9999 -9999 -9999 -9999 -9999 -9999 -9999 -9999 7.1353E-1 8.46327E-1 8.69142E-1 8.24011E-1 5.53571E-1 4.75628E-1 4.79706E-1 5.0434E-1 5.27084E-1 5.72421E-1 5.45504E-1 5.08297E-1 5.07393E-1 4.9148E-1 6.32551E-1 6.15099E-1 6.93328E-1 8.28409E-1 6.2494E-1 4.75447E-1 5.42903E-1 6.47616E-1 6.18198E-1 6.61226E-1 4.83508E-1 4.05822E-1 3.04941E-1 3.06957E-1 3.68083E-1 7.18634E-1 7.71878E-1 7.8449E-1 7.76145E-1 8.10184E-1 6.63722E-1 5.80029E-1 5.13281E-1 5.20454E-1 4.90955E-1 5.13287E-1 5.68765E-1 6.16946E-1 6.84159E-1 6.31739E-1
-9999 -9999 -9999 -9999 -9999 -9999 -9999 -9999 -9999 -9999 -9999 -9999 -9999 -9999 -9999 8.43513E-1 8.53027E-1 8.70519E-1 8.73666E-1 7.99054E-1 4.95906E-1 4.25441E-1 4.59607E-1 4.79994E-1 4.04726E-1 5.80529E-1 5.10124E-1 4.65224E-1 4.81083E-1 4.6831E-1 6.26148E-1 6.66135E-1 7.34627E-1 7.77997E-1 8.28497E-1 7.64833E-1 5.61E-1 5.96526E-1 6.14702E-1 6.7155E-1 4.78524E-1 3.17439E-1 2.75359E-1 3.10975E-1 3.76671E-1 7.15896E-1 7.43848E-1 7.67378E-1 8.35021E-1 7.17975E-1 5.80429E-1 5.35667E-1 5.21874E-1 5.25828E-1 5.43623E-1 5.8103E-1 6.57882E-1 6.77137E-1 6.53536E-1 5.99695E-1
-9999 -9999 -9999 -9999 -9999 -9999 -9999 -9999 -9999 -9999 -9999 -9999 -9999 -9999 -9999 5.48905E-1 5.54052E-1 5.79583E-1 5.86646E-1 4.46763E-1 3.61539E-1 3.62275E-1 4.07406E-1 3.9085E-1 4.07681E-1 3.98694E-1 3.8076E-1 3.29384E-1 3.40794E-1 3.68411E-1 5.30433E-1 5.67746E-1 5.84588E-1 5.84255E-1 4.8805E-1 6.26974E-1 5.99376E-1 5.77638E-1 6.36958E-1 7.05001E-1 6.18757E-1 4.90016E-1 4.66485E-1 5.39271E-1 4.85809E-1 3.89657E-1 3.86237E-1 2.76417E-1 4.27886E-1 3.78666E-1 4.65257E-1 4.76782E-1 5.15063E-1 5.38297E-1 5.62971E-1 6.96802E-1 7.51965E-1 7.53344E-1 7.28817E-1 6.73469E-1
-9999 -9999 -9999 -9999 -9999 -9999 -9999 -9999 -9999 -9999 -9999 -9999 -9999 -9999 -9999 -9999 5.9766E-1 5.51822E-1 4.90043E-1 3.93066E-1 3.76692E-1 3.92625E-1 4.08049E-1 3.62935E-1 3.21292E-1 3.58195E-1 3.48972E-1 3.49697E-1 3.72228E-1 4.18426E-1 5.67172E-1 5.61083E-1 6.04673E-1 6.3488E-1 6.62553E-1 3.18586E-1 5.94417E-1 6.68586E-1 7.15893E-1 6.35949E-1 4.88703E-1 4.84545E-1 4.82659E-1 5.1741E-1 4.75208E-1 3.55144E-1 2.75879E-1 3.94071E-1 2.46604E-1 2.6274E-1 4.00517E-1 4.44958E-1 4.80159E-1 5.00606E-1 5.10956E-1 7.2303E-1 7.39269E-1 7.85514E-1 7.65964E-1 6.88294E-1
-9999 -9999 -9999 -9999 -9999 -9999 -9999 -9999 -9999 -9999 -9999 -9999 -9999 -9999 -9999 -9999 5.11221E-1 4.42856E-1 4.42691E-1 4.04902E-1 4.39108E-1 4.35067E-1 3.76151E-1 3.46577E-1 3.56532E-1 3.36489E-1 3.46916E-1 3.79412E-1 4.07419E-1 4.6259E-1 5.91895E-1 6.0635E-1 6.24222E-1 6.42783E-1 6.7278E-1 2.87731E-1 6.95657E-1 7.40299E-1 7.03992E-1 4.95749E-1 4.81574E-1 5.57666E-1 6.17232E-1 2.48248E-1 4.89809E-1 4.10006E-1 3.36879E-1 2.48558E-1 2.24991E-1 2.46077E-1 4.36361E-1 4.67207E-1 4.88091E-1 5.01326E-1 5.65648E-1 7.21567E-1 5.84383E-1 7.49374E-1 7.8658E-1 7.1772E-1
-9999 -9999 -9999 -9999 -9999 -9999 -9999 -9999 -9999 -9999 -9999 -9999 -9999 -9999 -9999 -9999 -9999 3.75796E-1 4.11636E-1 4.2599E-1 4.76269E-1 3.93597E-1 3.47099E-1 3.34678E-1 3.36262E-1 3.36908E-1 3.72991E-1 4.08723E-1 4.39679E-1 5.02627E-1 6.39409E-1 6.50243E-1 6.62591E-1 6.84636E-1 6.54035E-1 4.05633E-1 4.96665E-1 6.69538E-1 5.40488E-1 5.17106E-1 6.35522E-1 3.75254E-1 5.74421E-1 4.45333E-1 4.2012E-1 3.05037E-1 2.66519E-1 2.32417E-1 2.29699E-1 2.93176E-1 4.77914E-1 4.66712E-1 4.70839E-1 5.01516E-1 5.84071E-1 7.40091E-1 7.43551E-1 7.36081E-1 7.47187E-1 7.31923E-1
-9999 -9999 -9999 -9999 -9999 -9999 -9999 -9999 -9999 -9999 -9999 -9999 -9999 -9999 -9999 -9999 -9999 -9999 -9999 -9999 -9999 -9999 3.35258E-1 3.38121E-1 3.58245E-1 3.66236E-1 3.97765E-1 4.31698E-1 4.76029E-1 5.4979E-1 6.69977E-1 6.07779E-1 5.66587E-1 5.96543E-1 5.45277E-1 7.13514E-1 7.41447E-1 6.30452E-1 5.86462E-1 6.75527E-1 6.83004E-1 6.48292E-1 3.98583E-1 3.20939E-1 2.38826E-1 2.01884E-1 2.37444E-1 2.31753E-1 2.39493E-1 3.112E-1 4.63021E-1 4.7946E-1 4.82128E-1 5.38107E-1 6.14486E-1 7.19867E-1 7.21323E-1 7.18761E-1 7.32877E-1 6.83548E-1
-9999 -9999 -9999 -9999 -9999 -9999 -9999 -9999 -9999 -9999 -9999 -9999 -9999 -9999 -9999 -9999 -9999 -9999 -9999 -9999 -9999 -9999 -9999 -9999 4.62808E-1 4.28473E-1 4.40331E-1 4.6881E-1 5.25594E-1 6.36796E-1 7.25152E-1 6.82237E-1 7.28349E-1 7.14833E-1 7.70403E-1 6.76577E-1 7.13039E-1 5.92357E-1 4.37911E-1 5.43553E-1 3.31456E-1 2.23941E-1 1.62488E-1 1.27176E-1 1.05384E-1 1.98905E-1 2.2621E-1 2.77929E-1 3.23773E-1 3.90102E-1 5.0905E-1 5.13278E-1 5.24322E-1 5.88647E-1 6.29607E-1 6.01125E-1 6.14072E-1 6.1466E-1 6.00456E-1 6.02086E-1
-9999 -9999 -9999 -9999 -9999 -9999 -9999 -9999 -9999 -9999 -9999 -9999 -9999 -9999 -9999 -9999 -9999 -9999 -9999 -9999 -9999 -9999 -9999 -9999 -9999 -9999 4.34332E-1 4.64864E-1 5.04409E-1 5.66108E-1 7.04468E-1 7.49085E-1 5.73944E-1 4.23122E-1 6.92139E-1 6.65915E-1 6.21087E-1 5.3599E-1 5.95678E-1 5.95352E-1 2.15112E-1 1.63006E-1 1.51554E-1 1.38543E-1 1.28552E-1 2.40889E-1 2.39085E-1 3.08109E-1 3.61611E-1 3.71123E-1 4.805E-1 5.03959E-1 5.26504E-1 6.44183E-1 6.08061E-1 5.8108E-1 5.98282E-1 5.93173E-1 5.97588E-1 5.71625E-1
-9999 -9999 -9999 -9999 -9999 -9999 -9999 -9999 -9999 -9999 -9999 -9999 -9999 -9999 -9999 -9999 -9999 -9999 -9999 -9999 -9999 -9999 -9999 -9999 -9999 -9999 -9999 4.71221E-1 4.7365E-1 5.20439E-1 5.99186E-1 6.7828E-1 6.16892E-1 7.29679E-1 6.40378E-1 7.27859E-1 5.37908E-1 6.34181E-1 5.62762E-1 2.16422E-1 1.89149E-1 2.10291E-1 1.79855E-1 1.56224E-1 1.72605E-1 3.10607E-1 3.41725E-1 4.21376E-1 4.09497E-1 4.00535E-1 4.93076E-1 5.06741E-1 5.72486E-1 6.05265E-1 5.77514E-1 5.60767E-1 5.85503E-1 5.71979E-1 5.95532E-1 6.07028E-1
-9999 -9999 -9999 -9999 -9999 -9999 -9999 -9999 -9999 -9999 -9999 -9999 -9999 -9999 -9999 -9999 -9999 -9999 -9999 -9999 -9999 -9999 -9999 -9999 -9999 -9999 -9999 4.76968E-1 4.76453E-1 5.20461E-1 6.25761E-1 6.55753E-1 6.65464E-1 6.57914E-1 5.79528E-1 7.2694E-1 3.85227E-1 4.83023E-1 4.78744E-1 4.50944E-1 7.02064E-2 2.5313E-1 1.87713E-1 1.77665E-1 2.28225E-1 3.77856E-1 4.49368E-1 5.43114E-1 3.9178E-1 3.70138E-1 5.41494E-1 5.72976E-1 5.55636E-1 5.64391E-1 5.56266E-1 5.20193E-1 5.94927E-1 7.06715E-1 6.41923E-1 6.16538E-1
-9999 -9999 -9999 -9999 -9999 -9999 -9999 -9999 -9999 -9999 -9999 -9999 -9999 -9999 -9999 -9999 -9999 -9999 -9999 -9999 -9999 -9999 -9999 -9999 -9999 -9999 -9999 4.84103E-1 5.06974E-1 5.46305E-1 4.63443E-1 6.62218E-1 6.28717E-1 6.48948E-1 6.82504E-1 5.40695E-1 4.48271E-1 3.98141E-1 5.14491E-1 4.95819E-1 2.93297E-1 2.66128E-1 2.26803E-1 2.21452E-1 2.38032E-1 4.44105E-1 5.83209E-1 4.7112E-1 4.00093E-1 4.38782E-1 6.06396E-1 5.99005E-1 5.87089E-1 5.78762E-1 5.7503E-1 5.18508E-1 5.37101E-1 3.52013E-1 4.5067E-1 4.6116E-1
-9999 -9999 -9999 -9999 -9999 -9999 -9999 -9999 -9999 -9999 -9999 -9999 -9999 -9999 -9999 -9999 -9999 -9999 -9999 -9999 -9999 -9999 -9999 -9999 -9999 -9999 5.44132E-1 5.80777E-1 6.06757E-1 6.33568E-1 7.39982E-1 -9999 4.34569E-1 6.58992E-1 6.50846E-1 4.06016E-1 4.40732E-1 3.49583E-1 5.30391E-1 4.7124E-1 4.42251E-1 8.35567E-2 2.72116E-1 2.58489E-1 3.04184E-1 6.50635E-1 6.5634E-1 5.59683E-1 5.37882E-1 5.4924E-1 5.10141E-1 4.94106E-1 4.97949E-1 4.68535E-1 4.08107E-1 1.03931E-1 3.52477E-1 3.78973E-1 3.84023E-1 4.06671E-1
-9999 -9999 -9999 -9999 -9999 -9999 -9999 -9999 -9999 -9999 -9999 -9999 -9999 -9999 -9999 -9999 -9999 -9999 -9999 -9999 -9999 -9999 -9999 -9999 -9999 -9999 5.45147E-1 5.00282E-1 3.13734E-1 -9999 -9999 -9999 4.60847E-1 5.48593E-1 4.27528E-1 3.17421E-1 2.3369E-1 4.00144E-1 5.30429E-1 5.537E-1 3.10032E-1 3.24377E-1 2.4525E-1 8.8952E-2 4.22106E-1 6.4843E-1 6.23433E-1 5.66121E-1 5.71426E-1 5.71322E-1 5.5892E-1 5.2882E-1 5.46724E-1 2.78592E-1 3.50408E-1 3.53391E-1 3.60153E-1 3.75564E-1 3.68548E-1 4.04351E-1
-9999 -9999 -9999 -9999 -9999 -9999 -9999 -9999 -9999 -9999 -9999 -9999 -9999 -9999 -9999 -9999 -9999 -9999 -9999 -9999 -9999 -9999 -9999 -9999 -9999 -9999 -9999 5.06873E-1 -9999 -9999 -9999 -9999 3.25479E-1 3.88209E-1 4.03072E-1 3.1999E-1 2.97377E-1 2.95199E-1 2.80353E-1 2.51683E-1 3.60935E-1 2.26559E-1 3.17818E-1 2.38331E-1 1.5323E-1 5.41198E-1 5.83604E-1 6.15983E-1 6.03974E-1 6.18344E-1 5.78094E-1 5.85227E-1 3.28604E-1 4.4926E-1 3.40811E-1 3.61282E-1 3.71648E-1 3.94559E-1 4.24938E-1 4.97485E-1
-9999 -9999 -9999 -9999 -9999 -9999 -9999 -9999 -9999 -9999 -9999 -9999 -9999 -9999 -9999 -9999 -9999 -9999 -9999 -9999 -9999 -9999 -9999 -9999 -9999 -9999 -9999 -9999 -9999 -9999 -9999 -9999 -9999 3.55209E-1 4.22175E-1 3.14114E-1 2.71659E-1 2.61142E-1 4.60218E-1 4.28169E-1 3.08823E-1 1.91668E-1 2.58464E-1 2.33734E-1 2.57669E-1 5.71558E-1 3.60728E-1 5.99369E-1 6.99403E-1 4.4118E-1 5.93356E-1 4.55849E-1 3.87835E-1 3.61489E-1 3.29898E-1 3.56475E-1 3.67359E-1 4.49137E-1 6.43375E-1 6.44103E-1
-9999 -9999 -9999 -9999 -9999 -9999 -9999 -9999 -9999 -9999 -9999 -9999 -9999 -9999 -9999 -9999 -9999 -9999 -9999 -9999 -9999 -9999 -9999 -9999 -9999 -9999 -9999 -9999 -9999 -9999 -9999 -9999 -9999 -9999 4.33507E-1 2.23446E-1 2.85845E-1 3.66841E-1 2.99638E-1 3.58206E-1 3.38089E-1 2.77429E-1 1.82778E-1 2.06932E-1 3.07031E-1 6.73094E-1 6.22756E-1 7.41422E-1 6.53557E-1 4.60882E-1 5.75541E-1 5.75669E-1 4.54168E-1 3.84845E-1 3.53861E-1 3.9126E-1 4.23868E-1 6.51024E-1 5.38092E-1 6.41393E-1
-9999 -9999 -9999 -9999 -9999 -9999 -9999 -9999 -9999 -9999 -9999 -9999 -9999 -9999 -9999 -9999 -9999 -9999 -9999 -9999 -9999 -9999 -9999 -9999 -9999 -9999 -9999 -9999 -9999 -9999 -9999 -9999 -9999 -9999 4.37871E-1 2.7082E-1 2.66703E-1 4.60022E-1 3.59365E-1 4.27637E-1 4.75496E-1 4.42237E-1 3.24821E-1 3.25101E-1 4.27339E-1 2.04067E-1 6.75177E-1 5.34944E-1 5.16811E-1 4.59324E-1 2.69937E-1 4.00828E-1 3.30697E-1 2.68227E-1 2.36316E-1 2.55792E-1 3.88248E-1 4.67093E-1 4.97396E-1 5.65218E-1
-9999 -9999 -9999 -9999 -9999 -9999 -9999 -9999 -9999 -9999 -9999 -9999 -9999 -9999 -9999 -9999 -9999 -9999 -9999 -9999 -9999 -9999 -9999 -9999 -9999 -9999 -9999 -9999 -9999 -9999 -9999 -9999 -9999 -9999 -9999 2.65264E-1 2.85957E-1 2.53432E-1 3.9251E-1 2.94257E-1 3.42285E-1 3.0751E-1 3.42874E-1 3.53817E-1 3.97854E-1 5.44809E-1 4.41732E-1 6.51983E-1 2.60214E-1 5.68688E-1 3.91255E-1 4.12631E-1 3.65128E-1 3.39256E-1 3.17934E-1 3.25249E-1 4.41384E-1 4.92908E-1 3.0618E-1 6.5589E-1
-9999 -9999 -9999 -9999 -9999 -9999 -9999 -9999 -9999 -9999 -9999 -9999 -9999 -9999 -9999 -9999 -9999 -9999 -9999 -9999 -9999 -9999 -9999 -9999 -9999 -9999 -9999 -9999 -9999 -9999 -9999 -9999 -9999 -9999 -9999 2.13822E-1 2.51348E-1 2.59289E-1 4.24676E-1 2.57286E-1 3.09597E-1 2.92606E-1 2.91544E-1 3.49346E-1 3.32004E-1 4.19421E-1 4.0526E-1 6.28093E-1 3.07424E-1 4.17811E-1 1.75298E-1 3.49688E-1 3.29542E-1 2.58489E-1 2.67376E-1 2.87752E-1 4.04787E-1 3.19749E-1 1.70762E-1 4.51887E-1
-9999 -9999 -9999 -9999 -9999 -9999 -9999 -9999 -9999 -9999 -9999 -9999 -9999 -9999 -9999 -9999 -9999 -9999 -9999 -9999 -9999 -9999 -9999 -9999 -9999 -9999 -9999 -9999 -9999 -9999 -9999 -9999 -9999 -9999 -9999 -9999 2.81951E-1 3.19655E-1 4.18278E-1 3.43454E-1 3.45222E-1 3.31254E-1 3.39639E-1 4.67671E-1 5.85548E-1 3.72525E-1 4.28251E-1 4.86711E-1 6.04575E-1 5.78906E-1 3.85883E-1 3.5642E-1 3.15365E-1 3.26611E-1 3.23732E-1 3.09301E-1 2.78495E-1 4.7619E-1 3.75256E-1 4.5283E-1
-9999 -9999 -9999 -9999 -9999 -9999 -9999 -9999 -9999 -9999 -9999 -9999 -9999 -9999 -9999 -9999 -9999 -9999 -9999 -9999 -9999 -9999 -9999 -9999 -9999 -9999 -9999 -9999 -9999 -9999 -9999 -9999 -9999 -9999 -9999 -9999 3.13943E-1 2.953E-1 3.3094E-1 2.29778E-1 3.97264E-1 3.12398E-1 3.36721E-1 5.45696E-1 2.54531E-1 4.8515E-1 5.29562E-1 4.28869E-1 7.28157E-1 4.84366E-1 4.34113E-1 3.51463E-1 2.73519E-1 2.83642E-1 2.91524E-1 3.09218E-1 2.96682E-1 3.17958E-1 4.70704E-1 4.3494E-1
-9999 -9999 -9999 -9999 -9999 -9999 -9999 -9999 -9999 -9999 -9999 -9999 -9999 -9999 -9999 -9999 -9999 -9999 -9999 -9999 -9999 -9999 -9999 -9999 -9999 -9999 -9999 -9999 -9999 -9999 -9999 -9999 -9999 -9999 -9999 -9999 4.00425E-1 3.79222E-1 3.29422E-1 3.07077E-1 5.49103E-1 4.49223E-1 4.801E-1 6.87349E-1 4.67968E-1 3.31641E-1 3.30343E-1 5.37459E-1 6.23551E-1 5.33649E-1 5.23085E-1 5.31425E-1 4.63736E-1 4.4541E-1 4.26377E-1 4.17184E-1 3.9619E-1 4.88563E-1 4.57149E-1 5.28893E-1
-9999 -9999 -9999 -9999 -9999 -9999 -9999 -9999 -9999 -9999 -9999 -9999 -9999 -9999 -9999 -9999 -9999 -9999 -9999 -9999 -9999 -9999 -9999 -9999 -9999 -9999 -9999 -9999 -9999 -9999 -9999 -9999 -9999 -9999 -9999 -9999 2.81583E-1 3.07242E-1 3.24909E-1 3.34927E-1 5.85372E-1 4.74601E-1 4.95736E-1 5.64119E-1 5.73814E-1 3.54674E-1 3.25058E-1 3.56683E-1 3.5365E-1 4.60598E-1 4.61892E-1 4.20866E-1 4.57093E-1 4.82558E-1 4.49391E-1 4.0615E-1 3.75958E-1 5.34442E-1 5.33554E-1 5.3126E-1
-9999 -9999 -9999 -9999 -9999 -9999 -9999 -9999 -9999 -9999 -9999 -9999 -9999 -9999 -9999 -9999 -9999 -9999 -9999 -9999 -9999 -9999 -9999 -9999 -9999 -9999 -9999 -9999 -9999 -9999 -9999 -9999 -9999 -9999 -9999 -9999 -9999 3.48101E-1 3.79983E-1 4.0383E-1 6.13725E-1 5.28135E-1 5.1649E-1 5.26076E-1 4.95598E-1 4.79217E-1 3.96104E-1 3.72974E-1 3.29519E-1 3.25977E-1 3.9232E-1 3.93122E-1 4.00747E-1 4.49895E-1 4.01449E-1 4.07405E-1 4.18957E-1 5.10725E-1 5.07607E-1 5.15745E-1
-9999 -9999 -9999 -9999 -9999 -9999 -9999 -9999 -9999 -9999 -9999 -9999 -9999 -9999 -9999 -9999 -9999 -9999 -9999 -9999 -9999 -9999 -9999 -9999 -9999 -9999 -9999 -9999 -9999 -9999 -9999 -9999 -9999 -9999 -9999 -9999 -9999 -9999 3.7868E-1 4.21692E-1 5.00118E-1 6.41009E-1 5.09577E-1 4.79981E-1 5.46432E-1 4.72127E-1 4.1531E-1 4.19406E-1 3.74068E-1 3.33213E-1 3.68719E-1 4.24763E-1 4.36528E-1 2.9358E-1 4.20307E-1 4.0305E-1 5.08813E-1 4.45845E-1 4.70314E-1 5.06975E-1
-9999 -9999 -9999 -9999 -9999 -9999 -9999 -9999 -9999 -9999 -9999 -9999 -9999 -9999 -9999 -9999 -9999 -9999 -9999 -9999 -9999 -9999 -9999 -9999 -9999 -9999 -9999 -9999 -9999 -9999 -9999 -9999 -9999 -9999 -9999 -9999 -9999 -9999 -9999 -9999 4.40819E-1 4.52832E-1 5.91478E-1 5.60302E-1 5.70407E-1 6.59675E-1 5.11113E-1 4.4016E-1 3.92634E-1 3.6124E-1 3.43808E-1 3.95521E-1 4.06811E-1 4.62328E-1 4.30078E-1 5.284E-1 4.6779E-1 4.31332E-1 4.42053E-1 4.79846E-1
