Phytophthora/models/20240429_1812_56/Phytophthora_PA2_RUN7_MAXENT_outputs/Phytophthora_PA2_RUN7.asc
ncols         225
nrows         269
xllcorner     473000.0
yllcorner     4429100.0
cellsize      50.0
NODATA_value  -9999
[rows 189 to 215 of 269, columns 120 to 179 of 225]
3.77337E-1 3.36481E-1 3.14062E-1 3.14084E-1 3.34064E-1 2.63205E-1 3.68036E-1 3.86688E-1 3.87635E-1 4.37529E-1 4.41442E-1 4.70089E-1 5.61892E-1 5.0221E-1 4.37188E-1 4.40665E-1 4.3526E-1 4.46705E-1 5.21227E-1 4.05888E-1 1.77249E-1 1.57325E-1 1.36461E-1 1.06951E-1 7.75206E-2 8.01115E-2 9.46846E-2 8.99901E-2 7.95467E-2 1.05753E-1 2.65697E-1 2.88362E-1 2.81003E-1 3.05793E-1 3.35597E-1 3.73911E-1 4.12402E-1 4.23929E-1 4.39317E-1 4.28876E-1 3.60485E-1 3.20935E-1 2.82333E-1 -9999 1.5913E-1 1.51602E-1 1.4345E-1 1.44468E-1 1.55577E-1 1.85597E-1 1.64655E-1 1.77324E-1 1.8518E-1 2.17635E-1 2.93198E-1 3.34506E-1 3.03069E-1 2.51198E-1 2.51439E-1 2.20644E-1
2.18795E-1 3.55881E-1 3.53021E-1 3.34594E-1 3.34344E-1 4.06949E-1 2.09769E-1 4.1022E-1 4.14154E-1 4.68385E-1 4.94318E-1 5.15905E-1 6.20831E-1 5.50445E-1 4.97808E-1 4.7673E-1 1.6306E-1 5.31201E-1 5.3245E-1 3.7209E-1 1.66521E-1 1.37013E-1 1.18772E-1 9.61773E-2 7.67469E-2 1.56154E-1 6.03541E-2 1.24278E-1 7.01236E-2 1.08306E-1 2.37245E-1 2.54263E-1 2.83968E-1 2.87883E-1 3.13125E-1 3.36244E-1 3.61822E-1 3.76895E-1 3.43121E-1 3.60519E-1 2.81216E-1 3.37692E-1 2.78543E-1 7.15147E-2 2.14402E-1 1.91717E-1 1.87484E-1 1.79777E-1 1.94411E-1 2.13228E-1 1.85803E-1 2.13249E-1 2.14229E-1 2.38201E-1 3.04304E-1 3.2501E-1 3.1761E-1 2.56188E-1 2.41363E-1 2.13028E-1
3.96594E-1 4.72699E-1 3.88541E-1 4.18902E-1 4.03358E-1 3.87109E-1 3.36281E-1 4.14743E-1 3.92146E-1 3.72301E-1 3.29698E-1 3.59814E-1 4.47923E-1 4.0105E-1 3.7759E-1 2.2483E-1 3.9104E-1 4.23749E-1 3.44186E-1 2.79887E-1 2.40849E-1 1.9839E-1 1.76661E-1 1.57737E-1 1.78923E-1 2.09624E-1 1.38577E-1 1.34763E-1 1.61109E-1 2.10345E-1 2.20087E-1 2.28756E-1 2.37133E-1 2.47838E-1 2.66768E-1 2.36875E-1 2.47911E-1 2.50109E-1 2.65333E-1 3.02277E-1 3.13248E-1 3.2881E-1 3.33956E-1 2.65736E-1 8.82486E-2 1.67983E-1 1.50373E-1 1.65353E-1 1.73991E-1 2.03027E-1 2.05408E-1 2.47482E-1 2.29992E-1 2.45171E-1 3.24997E-1 3.33943E-1 3.5472E-1 2.6396E-1 2.50827E-1 2.19363E-1
3.38511E-1 5.091E-1 4.06704E-1 4.25478E-1 4.18962E-1 3.79786E-1 4.46332E-1 5.39047E-1 4.16269E-1 3.89336E-1 3.6066E-1 3.6686E-1 3.76835E-1 1.97619E-1 6.7426E-2 3.69245E-1 1.77623E-1 2.63896E-1 2.52493E-1 2.3315E-1 2.23301E-1 2.04953E-1 1.85173E-1 1.64888E-1 1.77203E-1 2.15955E-1 1.63984E-1 1.62538E-1 1.96688E-1 2.35272E-1 2.08454E-1 2.11929E-1 2.15383E-1 2.25682E-1 2.41438E-1 2.08211E-1 2.2031E-1 2.26045E-1 2.56676E-1 2.98124E-1 2.93088E-1 3.25744E-1 3.25686E-1 3.13919E-1 1.64137E-1 -9999 -9999 1.62494E-1 1.7694E-1 2.09246E-1 2.2446E-1 2.69328E-1 2.6039E-1 2.5153E-1 2.9855E-1 3.61443E-1 3.39398E-1 2.31912E-1 2.4217E-1 2.2108E-1
4.07177E-1 5.34356E-1 5.11384E-1 4.3415E-1 4.2417E-1 3.84927E-1 3.94167E-1 5.30523E-1 4.60297E-1 4.1046E-1 2.16935E-1 1.13229E-1 2.0628E-1 1.74513E-1 2.62242E-1 4.91323E-1 3.98429E-1 2.78103E-1 2.79067E-1 2.6116E-1 2.46688E-1 2.28112E-1 2.05779E-1 2.00738E-1 1.98225E-1 2.37351E-1 2.01653E-1 2.29258E-1 2.27372E-1 2.63895E-1 2.27136E-1 2.2998E-1 2.28139E-1 2.37422E-1 2.51245E-1 2.13889E-1 2.28302E-1 2.33127E-1 2.61521E-1 2.90705E-1 2.85297E-1 3.19609E-1 3.25764E-1 2.90738E-1 2.8792E-1 1.62621E-1 -9999 -9999 2.25785E-1 1.33356E-1 1.39355E-1 1.14226E-1 8.12803E-2 1.51012E-1 3.7564E-1 3.89128E-1 3.07385E-1 2.4076E-1 2.3912E-1 2.36354E-1
4.21603E-1 5.04079E-1 4.64333E-1 4.66245E-1 4.34592E-1 3.96962E-1 4.13372E-1 5.06753E-1 3.65811E-1 1.79429E-1 2.25108E-1 1.97308E-1 1.87853E-1 1.58076E-1 1.89054E-1 2.06361E-1 4.03023E-1 4.11894E-1 3.69215E-1 3.27893E-1 3.26462E-1 3.09184E-1 2.92913E-1 2.46742E-1 2.1182E-1 2.48857E-1 2.55482E-1 2.87657E-1 2.80652E-1 2.69015E-1 2.30186E-1 2.38102E-1 2.47046E-1 2.58063E-1 2.70278E-1 2.31747E-1 2.50468E-1 2.52611E-1 2.60229E-1 2.77923E-1 2.6808E-1 2.676E-1 2.35867E-1 2.56895E-1 2.4451E-1 2.32615E-1 1.35993E-1 1.60009E-1 2.19379E-1 2.42554E-1 2.83139E-1 3.64833E-1 3.76708E-1 1.75782E-1 3.80729E-1 3.79587E-1 2.285E-1 2.08216E-1 2.29362E-1 3.18526E-1
4.38633E-1 4.64409E-1 4.91166E-1 4.79657E-1 4.46526E-1 4.05415E-1 4.22261E-1 5.95036E-1 5.20045E-1 3.65581E-1 1.9312E-1 1.60936E-1 1.53696E-1 1.35729E-1 1.9754E-1 2.15421E-1 4.93036E-1 3.18276E-1 1.50216E-1 3.43836E-1 3.82484E-1 3.40099E-1 2.40168E-1 1.9083E-1 1.85806E-1 2.82504E-1 2.83545E-1 3.41372E-1 3.12106E-1 2.99283E-1 2.67683E-1 2.47277E-1 2.76612E-1 2.99803E-1 3.09556E-1 2.59012E-1 2.83728E-1 3.00851E-1 3.30435E-1 3.44973E-1 3.24354E-1 3.1376E-1 2.92797E-1 2.61262E-1 2.09414E-1 1.54896E-1 1.72631E-1 2.13439E-1 2.4985E-1 3.31859E-1 3.00981E-1 3.71602E-1 3.56807E-1 2.17656E-1 3.49252E-1 3.26638E-1 2.15537E-1 1.8508E-1 1.88448E-1 2.54039E-1
3.47227E-1 3.40011E-1 3.61538E-1 3.70159E-1 3.32656E-1 3.28934E-1 3.56594E-1 2.95516E-1 1.6925E-1 2.47799E-1 1.86298E-1 1.53198E-1 1.31922E-1 1.36203E-1 2.50225E-1 2.90434E-1 3.07784E-1 2.57546E-1 2.39924E-1 3.10333E-1 1.71104E-1 3.765E-1 3.34969E-1 2.80451E-1 2.56019E-1 3.36463E-1 3.76061E-1 4.02354E-1 3.78618E-1 3.49103E-1 2.71183E-1 2.71649E-1 2.95639E-1 3.1463E-1 3.44173E-1 2.71266E-1 2.8913E-1 3.1233E-1 3.42456E-1 3.4611E-1 2.73128E-1 2.59862E-1 2.45511E-1 2.00564E-1 1.68447E-1 1.31201E-1 1.52559E-1 1.62744E-1 1.61281E-1 1.8194E-1 2.58012E-1 2.60106E-1 3.02628E-1 2.05137E-1 3.30245E-1 2.01868E-1 1.63542E-1 1.29887E-1 1.20431E-1 1.06171E-1
4.04899E-1 3.58807E-1 3.52687E-1 3.00801E-1 3.4355E-1 3.2855E-1 3.5799E-1 3.3203E-1 1.51904E-1 2.69071E-1 1.71612E-1 1.41143E-1 1.12537E-1 1.19369E-1 1.77496E-1 2.94042E-1 4.04881E-1 2.21864E-1 2.3465E-1 1.96659E-1 2.47866E-1 3.28151E-1 3.41957E-1 3.01056E-1 2.67088E-1 3.8236E-1 3.95027E-1 4.43979E-1 3.94009E-1 3.73385E-1 2.95124E-1 2.9712E-1 3.12944E-1 3.33934E-1 2.68501E-1 2.13103E-1 2.94247E-1 3.5167E-1 3.73031E-1 3.65792E-1 3.06544E-1 2.94599E-1 2.95634E-1 2.92839E-1 2.6364E-1 2.42232E-1 1.41887E-1 2.07532E-1 2.05459E-1 2.79283E-1 2.83783E-1 2.00724E-1 2.90821E-1 1.53051E-1 3.03941E-1 2.05629E-1 1.51524E-1 1.10421E-1 1.34655E-1 1.00437E-1
4.36804E-1 3.84968E-1 3.56326E-1 3.66821E-1 3.59976E-1 3.39876E-1 3.44833E-1 3.7552E-1 1.72379E-1 3.03444E-1 2.05727E-1 1.87412E-1 1.55566E-1 1.52174E-1 1.38156E-1 3.75453E-1 2.30904E-1 2.49984E-1 2.34655E-1 2.64233E-1 2.45735E-1 2.50925E-1 3.0459E-1 2.81608E-1 3.03886E-1 4.11917E-1 4.34601E-1 4.33812E-1 4.19048E-1 4.12936E-1 3.25504E-1 3.22643E-1 3.37242E-1 1.90159E-1 3.35013E-1 2.93449E-1 3.16213E-1 3.36703E-1 3.82184E-1 3.84136E-1 3.00279E-1 3.19893E-1 3.31967E-1 2.74731E-1 2.92147E-1 2.93403E-1 2.71036E-1 2.69543E-1 3.22447E-1 2.87858E-1 3.05453E-1 3.44431E-1 3.15445E-1 2.95161E-1 1.20732E-1 1.57978E-1 1.29848E-1 1.43477E-1 1.69774E-1 1.33693E-1
5.08006E-1 4.9935E-1 2.9192E-1 3.72324E-1 1.93288E-1 3.41733E-1 3.25117E-1 3.79349E-1 4.93969E-1 3.90918E-1 2.99013E-1 2.23481E-1 1.69578E-1 1.56182E-1 1.45284E-1 1.78603E-1 1.95505E-1 1.98059E-1 1.99142E-1 1.93182E-1 2.1278E-1 1.74372E-1 1.79675E-1 1.87486E-1 2.66897E-1 4.42449E-1 4.27632E-1 4.68321E-1 4.47867E-1 4.4332E-1 3.52901E-1 2.5037E-1 3.31938E-1 3.02867E-1 3.18117E-1 2.70824E-1 2.8076E-1 2.89888E-1 3.07817E-1 3.39996E-1 3.24763E-1 3.6914E-1 3.16439E-1 3.25408E-1 1.89684E-1 2.85997E-1 3.20346E-1 1.63878E-1 3.23256E-1 3.236E-1 3.28623E-1 3.20615E-1 3.08436E-1 3.31025E-1 1.65664E-1 1.39496E-1 1.45394E-1 1.71128E-1 1.5584E-1 1.44149E-1
2.86825E-1 3.64081E-1 3.671E-1 3.65587E-1 3.49645E-1 3.1672E-1 3.00965E-1 9.04661E-2 2.61577E-1 2.74864E-1 1.88997E-1 1.64078E-1 1.41454E-1 1.39323E-1 1.31807E-1 1.72121E-1 1.69349E-1 1.70619E-1 2.53021E-1 1.74204E-1 2.18884E-1 1.76114E-1 1.70503E-1 2.09472E-1 3.30064E-1 4.46521E-1 4.6257E-1 4.81411E-1 4.92904E-1 4.64536E-1 3.64119E-1 3.24037E-1 3.38518E-1 1.83142E-1 3.21276E-1 2.0688E-1 2.84078E-1 2.67504E-1 3.15218E-1 3.25545E-1 2.44433E-1 3.06899E-1 3.65424E-1 3.63818E-1 3.32461E-1 2.8616E-1 2.80594E-1 2.25745E-1 2.4241E-1 2.11583E-1 2.30629E-1 1.92874E-1 1.85073E-1 2.61637E-1 2.10564E-1 1.45865E-1 1.68286E-1 1.54419E-1 1.42558E-1 1.54523E-1
1.9624E-1 2.05186E-1 2.02565E-1 2.18393E-1 8.28144E-2 1.70933E-1 2.01828E-1 1.6633E-1 1.03853E-1 1.95532E-1 1.36001E-1 1.21628E-1 1.08094E-1 1.08247E-1 1.31498E-1 2.5366E-1 2.21355E-1 2.14774E-1 1.99074E-1 3.48243E-1 3.78376E-1 4.42415E-1 4.00028E-1 4.12942E-1 4.61781E-1 5.50312E-1 5.81784E-1 6.25791E-1 6.34833E-1 5.98261E-1 5.0338E-1 4.52695E-1 4.87991E-1 4.57856E-1 4.28452E-1 3.37978E-1 2.99072E-1 3.13718E-1 1.70274E-1 3.1839E-1 1.78815E-1 2.03115E-1 2.1583E-1 2.50416E-1 2.67586E-1 2.49174E-1 1.98274E-1 1.32122E-1 1.50285E-1 1.67841E-1 1.65208E-1 1.61039E-1 1.52654E-1 1.62995E-1 4.26093E-2 1.27076E-1 1.41451E-1 1.31776E-1 1.67662E-1 1.40349E-1
1.75659E-1 1.89303E-1 7.56485E-2 1.92559E-1 1.40876E-1 1.3827E-1 1.62844E-1 1.73751E-1 1.79476E-1 1.74407E-1 1.41519E-1 1.2769E-1 1.21338E-1 1.06932E-1 1.48697E-1 2.82479E-1 3.1594E-1 3.35101E-1 2.53519E-1 3.70016E-1 4.20974E-1 3.90203E-1 3.87364E-1 4.58973E-1 4.81791E-1 5.73656E-1 6.07714E-1 6.84796E-1 6.4406E-1 5.68547E-1 4.70701E-1 4.25805E-1 4.53969E-1 4.50327E-1 4.18644E-1 3.22555E-1 3.78981E-1 3.54147E-1 3.35954E-1 2.94068E-1 1.5786E-1 1.5854E-1 1.5341E-1 1.67575E-1 2.15365E-1 1.35815E-1 1.47265E-1 1.36908E-1 1.2017E-1 1.3524E-1 1.34983E-1 1.34412E-1 1.3213E-1 1.36018E-1 1.20366E-1 4.66895E-2 2.09306E-1 1.76493E-1 1.53605E-1 1.88653E-1
1.58757E-1 1.76246E-1 2.85514E-1 1.45447E-1 1.56154E-1 1.80642E-1 1.95474E-1 2.24378E-1 2.28817E-1 2.16371E-1 1.74443E-1 1.53766E-1 1.41471E-1 1.17937E-1 1.54998E-1 2.83145E-1 3.1402E-1 2.72285E-1 2.31845E-1 3.35151E-1 3.69304E-1 3.77597E-1 4.16981E-1 4.80199E-1 4.90791E-1 5.89376E-1 6.34018E-1 6.76906E-1 5.61579E-1 4.99582E-1 4.23489E-1 3.87223E-1 3.90928E-1 4.08657E-1 4.39123E-1 3.24369E-1 3.66383E-1 2.60072E-1 3.46376E-1 2.7316E-1 1.38347E-1 1.41488E-1 1.47033E-1 1.74346E-1 1.38177E-1 9.02905E-2 1.63452E-1 1.72293E-1 1.47255E-1 1.5332E-1 1.46475E-1 1.46472E-1 1.45071E-1 1.36417E-1 1.24248E-1 1.80929E-1 1.59539E-1 1.28021E-1 1.27791E-1 1.5975E-1
1.42521E-1 1.74815E-1 5.79458E-2 4.17916E-2 8.39266E-2 2.82925E-1 3.59124E-1 4.16959E-1 3.03294E-1 3.00031E-1 2.40619E-1 2.09772E-1 1.85449E-1 1.39351E-1 1.5881E-1 2.60896E-1 2.61E-1 1.96466E-1 2.5974E-1 2.80107E-1 3.29264E-1 3.41508E-1 4.67336E-1 4.90592E-1 4.75215E-1 5.88932E-1 6.1158E-1 6.3484E-1 5.14971E-1 4.65421E-1 3.83079E-1 3.47551E-1 3.707E-1 4.21242E-1 4.62972E-1 2.91832E-1 3.5692E-1 3.29029E-1 3.25056E-1 2.81482E-1 1.46032E-1 1.85462E-1 2.43078E-1 1.89716E-1 1.78437E-1 1.76214E-1 1.90707E-1 2.01361E-1 1.79487E-1 1.70715E-1 1.66658E-1 1.65608E-1 1.68481E-1 1.5486E-1 1.38126E-1 1.42849E-1 1.62839E-1 8.21863E-2 1.07825E-1 1.24116E-1
1.59264E-1 5.28304E-2 1.26327E-1 1.03037E-1 2.44906E-1 1.68635E-1 2.59569E-1 1.5513E-1 1.97766E-1 3.14666E-1 2.42695E-1 2.21839E-1 2.02527E-1 1.71145E-1 1.73289E-1 2.38549E-1 1.97884E-1 1.98964E-1 2.21431E-1 2.30211E-1 3.24666E-1 4.41234E-1 5.07237E-1 5.11036E-1 4.62368E-1 5.88069E-1 5.93335E-1 5.78778E-1 4.6278E-1 4.05986E-1 3.32309E-1 3.37004E-1 3.6442E-1 4.29485E-1 4.69649E-1 3.14051E-1 3.2047E-1 2.69477E-1 2.54333E-1 2.46321E-1 1.6955E-1 2.0296E-1 2.08415E-1 1.8344E-1 1.90066E-1 1.78089E-1 1.87988E-1 1.17411E-1 1.95101E-1 1.92409E-1 1.87096E-1 1.82105E-1 1.80739E-1 1.68203E-1 1.55798E-1 2.04537E-1 1.23846E-1 6.72574E-2 8.54157E-2 1.16303E-1
1.68344E-1 1.33742E-1 1.20793E-1 1.08785E-1 1.07143E-1 2.58986E-1 2.18866E-1 2.10329E-1 1.83538E-1 1.89153E-1 2.15263E-1 2.56781E-1 2.67062E-1 2.13589E-1 1.88194E-1 1.93196E-1 1.60123E-1 2.22345E-1 2.15905E-1 2.33548E-1 2.9954E-1 4.71657E-1 4.85801E-1 4.82715E-1 4.67384E-1 5.48782E-1 5.06562E-1 4.40561E-1 3.95836E-1 3.32269E-1 3.12581E-1 3.31482E-1 3.57104E-1 3.98131E-1 5.00893E-1 3.74853E-1 3.35641E-1 2.80369E-1 2.68526E-1 2.69282E-1 1.79374E-1 1.84335E-1 1.36074E-1 3.41261E-1 2.83097E-1 2.17539E-1 2.24225E-1 2.26355E-1 2.33475E-1 2.40581E-1 1.92956E-1 2.19192E-1 2.17994E-1 1.97489E-1 1.88784E-1 7.84002E-2 8.85921E-2 9.57552E-2 1.19564E-1 1.48872E-1
1.38192E-1 1.35368E-1 1.30717E-1 1.23963E-1 2.41512E-1 1.62147E-1 1.96855E-1 2.69924E-1 2.52139E-1 2.26646E-1 2.57455E-1 2.2329E-1 2.01769E-1 1.77015E-1 1.59161E-1 1.75116E-1 1.60069E-1 2.31154E-1 2.27065E-1 2.69051E-1 3.47461E-1 4.9555E-1 4.99754E-1 5.05792E-1 5.15664E-1 5.61345E-1 5.17192E-1 3.82406E-1 3.4909E-1 3.24265E-1 3.08915E-1 3.28724E-1 3.37754E-1 3.65719E-1 4.91904E-1 3.88471E-1 3.5815E-1 2.58018E-1 2.79094E-1 2.88494E-1 7.32867E-2 2.04938E-1 2.21194E-1 2.69636E-1 3.18267E-1 2.29117E-1 2.18139E-1 2.16283E-1 2.11339E-1 2.07761E-1 1.7782E-1 1.88576E-1 2.13687E-1 2.27228E-1 5.72766E-2 1.30869E-1 1.05331E-1 1.11605E-1 1.33575E-1 1.66982E-1
1.26797E-1 1.26238E-1 1.20775E-1 1.1334E-1 1.3924E-1 1.60772E-1 1.80641E-1 1.69585E-1 3.2218E-1 1.82136E-1 2.4353E-1 2.17455E-1 1.92628E-1 1.62288E-1 1.56673E-1 1.78767E-1 1.69444E-1 2.2619E-1 2.44332E-1 2.92991E-1 3.84939E-1 5.28853E-1 5.37027E-1 5.36177E-1 5.32666E-1 5.70455E-1 4.38665E-1 4.56907E-1 3.66604E-1 2.75641E-1 3.05331E-1 3.24615E-1 3.29171E-1 3.49556E-1 4.74377E-1 3.8813E-1 3.4674E-1 2.35803E-1 2.77816E-1 2.89126E-1 1.89298E-1 1.79972E-1 1.91079E-1 2.42938E-1 2.95971E-1 2.72948E-1 2.11294E-1 2.01319E-1 1.9112E-1 1.87091E-1 1.63502E-1 1.61381E-1 1.51876E-1 9.87874E-2 9.61328E-2 1.35638E-1 1.3446E-1 1.20904E-1 1.45171E-1 1.89542E-1
1.27899E-1 1.47578E-1 1.35438E-1 1.36406E-1 1.46663E-1 1.69554E-1 1.91201E-1 1.70072E-1 2.66278E-1 1.25255E-1 1.88123E-1 1.77457E-1 1.56731E-1 1.42435E-1 1.45557E-1 1.71611E-1 1.87269E-1 2.46573E-1 2.57201E-1 3.13383E-1 4.43752E-1 5.54848E-1 5.68173E-1 5.74253E-1 5.7147E-1 5.90082E-1 5.10544E-1 4.22722E-1 3.45337E-1 3.0407E-1 3.10008E-1 3.07746E-1 3.25232E-1 3.31733E-1 4.75325E-1 3.94701E-1 3.11352E-1 2.44205E-1 2.63202E-1 1.77076E-1 1.66684E-1 1.65316E-1 1.73103E-1 2.11793E-1 2.71294E-1 2.51993E-1 2.01385E-1 1.84539E-1 1.75634E-1 1.70175E-1 1.47585E-1 1.41321E-1 1.33136E-1 1.07952E-1 1.35817E-1 1.42905E-1 1.19714E-1 1.20015E-1 1.42411E-1 2.05789E-1
1.99107E-1 2.23333E-1 1.25362E-1 2.41456E-1 1.42213E-1 1.47083E-1 1.45227E-1 1.29611E-1 1.24035E-1 1.95788E-1 3.09703E-1 1.75808E-1 1.64389E-1 1.51157E-1 1.65756E-1 2.00018E-1 2.51285E-1 2.6956E-1 2.79504E-1 3.28704E-1 4.88076E-1 5.69458E-1 5.8734E-1 6.02788E-1 5.9501E-1 5.58388E-1 5.3099E-1 4.12218E-1 3.40807E-1 3.1669E-1 3.26005E-1 2.99507E-1 3.13831E-1 3.37082E-1 4.86291E-1 3.96504E-1 3.1932E-1 2.51665E-1 2.16472E-1 1.28074E-1 1.48787E-1 1.47424E-1 1.48883E-1 1.85148E-1 2.45143E-1 2.29158E-1 1.67695E-1 1.63121E-1 1.61457E-1 1.59991E-1 1.40537E-1 1.34276E-1 1.3395E-1 1.19533E-1 9.63535E-2 1.10362E-1 1.08181E-1 1.22229E-1 1.98006E-1 2.02241E-1
2.12633E-1 1.63886E-1 1.7411E-1 2.77059E-1 1.93538E-1 1.92734E-1 1.91018E-1 1.84629E-1 1.92943E-1 2.10671E-1 3.74317E-1 3.19286E-1 2.51522E-1 2.29045E-1 2.25311E-1 2.24473E-1 2.40057E-1 2.48507E-1 2.84224E-1 3.27734E-1 5.37468E-1 5.63013E-1 5.76547E-1 5.88703E-1 5.27441E-1 3.58192E-1 2.97528E-1 2.05626E-1 1.95661E-1 1.83339E-1 2.09884E-1 1.86037E-1 1.9258E-1 2.26954E-1 3.77286E-1 4.54444E-1 4.18072E-1 2.98865E-1 2.15762E-1 2.26382E-1 3.53114E-1 3.14434E-1 3.15515E-1 3.28026E-1 4.08834E-1 2.93707E-1 2.12837E-1 2.10708E-1 2.17946E-1 2.23924E-1 2.49346E-1 2.34476E-1 2.41476E-1 2.27082E-1 1.88619E-1 1.41424E-1 1.10901E-1 1.7548E-1 1.55924E-1 2.3964E-1
1.79898E-1 1.65752E-1 1.61338E-1 1.22574E-1 2.29021E-1 1.56537E-1 1.66593E-1 1.51758E-1 1.49412E-1 1.61014E-1 3.30199E-1 1.81071E-1 3.45189E-1 2.50696E-1 3.13379E-1 2.64322E-1 2.29667E-1 2.6575E-1 2.98232E-1 3.41671E-1 5.8979E-1 5.96374E-1 5.91487E-1 5.80272E-1 5.31076E-1 3.48018E-1 2.74318E-1 2.34179E-1 2.08643E-1 1.77752E-1 1.61291E-1 2.00243E-1 2.15025E-1 2.45672E-1 2.31686E-1 4.88657E-1 4.71223E-1 2.79692E-1 2.25665E-1 2.94724E-1 3.33947E-1 3.0585E-1 3.1703E-1 3.5533E-1 4.18966E-1 2.9398E-1 2.78717E-1 1.85024E-1 2.20271E-1 2.16391E-1 2.27614E-1 2.13497E-1 2.0636E-1 2.01017E-1 1.89893E-1 1.47265E-1 1.40765E-1 1.46524E-1 2.41367E-1 2.18676E-1
1.72545E-1 1.76686E-1 1.69482E-1 1.33495E-1 1.08699E-1 2.36241E-1 1.50377E-1 1.41588E-1 1.40881E-1 1.44499E-1 1.90832E-1 3.53767E-1 2.26663E-1 2.67977E-1 2.93376E-1 2.06896E-1 1.99994E-1 2.5847E-1 3.04147E-1 3.4627E-1 6.0472E-1 6.22077E-1 4.03988E-1 5.01319E-1 5.37124E-1 3.69855E-1 2.72317E-1 2.50085E-1 2.1839E-1 1.74941E-1 1.9986E-1 1.98639E-1 2.29179E-1 2.67523E-1 4.11698E-1 5.01797E-1 3.394E-1 2.5853E-1 2.28761E-1 3.07909E-1 3.2157E-1 3.56711E-1 3.77085E-1 4.09966E-1 4.2602E-1 3.32632E-1 3.20287E-1 2.09047E-1 2.30867E-1 2.25271E-1 2.21004E-1 1.8883E-1 1.7918E-1 1.74478E-1 1.70537E-1 1.40593E-1 1.50095E-1 1.6303E-1 2.04032E-1 2.28926E-1
2.02694E-1 1.85219E-1 1.68583E-1 1.63906E-1 1.54147E-1 1.89859E-1 2.22896E-1 1.47645E-1 1.1448E-1 1.16838E-1 1.58039E-1 1.50521E-1 2.15244E-1 1.58287E-1 1.63671E-1 1.56732E-1 1.82429E-1 2.6843E-1 3.04026E-1 3.4221E-1 5.76211E-1 6.08175E-1 5.89994E-1 5.80039E-1 5.15966E-1 3.60512E-1 3.3127E-1 2.60006E-1 2.20735E-1 7.66553E-2 2.29155E-1 1.99418E-1 2.17079E-1 3.17803E-1 4.05399E-1 2.35505E-1 3.2206E-1 2.85126E-1 2.71257E-1 3.38241E-1 3.90791E-1 3.93483E-1 4.38617E-1 5.66893E-1 4.46558E-1 3.70677E-1 3.54431E-1 3.28405E-1 2.74659E-1 2.73371E-1 2.38415E-1 1.67619E-1 1.64951E-1 1.60959E-1 1.58467E-1 1.54443E-1 5.23915E-2 7.39396E-2 1.49548E-1 9.91691E-2
2.62451E-1 2.16696E-1 1.74696E-1 1.5314E-1 1.47949E-1 1.76584E-1 1.79907E-1 1.8795E-1 9.85569E-2 1.03784E-1 1.42619E-1 1.28068E-1 2.22899E-1 1.38706E-1 1.51063E-1 1.53962E-1 2.04986E-1 2.72966E-1 2.98194E-1 3.21391E-1 4.98947E-1 5.74116E-1 5.55892E-1 5.48287E-1 5.17545E-1 3.79477E-1 2.53E-1 2.57031E-1 2.25126E-1 1.75267E-1 2.00764E-1 1.88243E-1 2.32656E-1 3.38407E-1 4.11551E-1 2.91231E-1 3.64652E-1 3.14666E-1 3.06492E-1 3.81039E-1 4.12589E-1 4.31347E-1 4.54425E-1 4.85107E-1 5.51609E-1 4.05083E-1 3.83497E-1 3.59183E-1 2.96192E-1 3.08107E-1 2.64064E-1 1.72384E-1 1.55446E-1 1.47014E-1 1.68895E-1 1.27909E-1 1.12049E-1 1.11343E-1 9.3142E-2 1.00656E-1
