Phytophthora/models/20240430_1155_37/Phytophthora_PA3_RUN8_MAXENT_outputs/Phytophthora_PA3_RUN8.asc
ncols         225
nrows         269
xllcorner     473000.0
yllcorner     4429100.0
cellsize      50.0
NODATA_value  -9999
[rows 108 to 134 of 269, columns 120 to 179 of 225]
3.5219E-1 3.45219E-1 3.16618E-1 2.84374E-1 -9999 -9999 -9999 -9999 -9999 -9999 -9999 -9999 -9999 -9999 -9999 -9999 -9999 -9999 -9999 -9999 -9999 -9999 -9999 -9999 -9999 -9999 -9999 -9999 -9999 -9999 -9999 -9999 -9999 -9999 -9999 2.89482E-1 1.29242E-1 2.67584E-1 3.04305E-1 2.80117E-1 2.76602E-1 2.64845E-1 2.48491E-1 3.23957E-1 2.31173E-1 2.08478E-1 1.48965E-1 2.38119E-1 3.11106E-1 3.55582E-1 3.93898E-1 3.97546E-1 3.76751E-1 2.70871E-1 2.32417E-1 2.02283E-1 1.70606E-1 1.28732E-1 1.2147E-1 1.24308E-1
3.58439E-1 1.41802E-1 3.28807E-1 2.97238E-1 2.65449E-1 -9999 -9999 -9999 -9999 -9999 -9999 -9999 -9999 -9999 -9999 -9999 -9999 -9999 -9999 -9999 -9999 -9999 -9999 -9999 -9999 -9999 -9999 -9999 -9999 -9999 -9999 -9999 1.47731E-1 1.87591E-1 3.30877E-1 2.87738E-1 2.8771E-1 2.09137E-1 2.45749E-1 2.63342E-1 3.14951E-1 2.96805E-1 2.03888E-1 2.79315E-1 2.56536E-1 9.40086E-2 1.46069E-1 1.46008E-1 2.66131E-1 3.02423E-1 3.42079E-1 3.62087E-1 2.88344E-1 2.23461E-1 2.26736E-1 1.76769E-1 1.40341E-1 9.8256E-2 1.0278E-1 1.02696E-1
1.56437E-1 3.29597E-1 1.43301E-1 2.8852E-1 2.57953E-1 4.30501E-1 -9999 -9999 -9999 -9999 -9999 -9999 -9999 -9999 -9999 -9999 -9999 -9999 -9999 -9999 -9999 -9999 -9999 -9999 -9999 -9999 -9999 -9999 -9999 -9999 -9999 -9999 1.08514E-1 1.85393E-1 2.13294E-1 2.37748E-1 2.43841E-1 1.6279E-1 1.41543E-1 1.656E-1 2.77315E-1 2.67496E-1 2.55851E-1 2.41104E-1 2.2323E-1 8.91931E-2 9.21879E-2 9.14456E-2 2.28722E-1 2.57978E-1 2.97031E-1 2.73878E-1 2.31273E-1 2.18466E-1 1.93852E-1 1.46721E-1 1.06891E-1 8.39564E-2 8.22238E-2 8.65313E-2
3.44772E-1 3.29601E-1 3.35898E-1 3.30151E-1 2.9796E-1 4.07123E-1 5.31059E-1 -9999 -9999 -9999 -9999 -9999 -9999 -9999 -9999 -9999 -9999 -9999 -9999 -9999 -9999 -9999 -9999 -9999 -9999 -9999 -9999 -9999 -9999 -9999 -9999 -9999 2.17875E-1 2.67437E-1 2.4973E-1 1.97086E-1 2.04998E-1 2.04152E-1 1.24167E-1 1.12549E-1 1.22352E-1 1.68822E-1 1.57587E-1 1.50684E-1 1.45205E-1 1.63611E-2 5.7218E-2 7.53046E-2 1.56408E-1 1.74905E-1 1.98652E-1 1.98061E-1 1.54885E-1 1.32904E-1 1.14151E-1 8.43998E-2 6.1737E-2 5.2179E-2 5.00019E-2 5.07472E-2
2.48149E-1 2.62199E-1 3.41935E-1 3.21946E-1 3.2747E-1 2.9147E-1 4.51045E-1 4.00906E-1 -9999 -9999 -9999 -9999 -9999 -9999 -9999 -9999 -9999 -9999 -9999 -9999 -9999 -9999 -9999 -9999 -9999 -9999 -9999 -9999 -9999 -9999 -9999 1.46615E-1 2.1216E-1 2.17075E-1 1.94361E-1 1.34559E-1 1.75607E-1 1.76116E-1 8.51105E-2 8.56052E-2 9.66486E-2 8.95011E-2 1.06714E-1 1.30094E-1 5.84346E-2 6.30308E-2 5.55685E-2 1.00528E-1 1.37861E-1 1.51262E-1 1.70195E-1 1.50166E-1 1.12318E-1 1.20471E-1 9.00562E-2 5.97422E-2 5.1437E-2 4.57495E-2 4.03262E-2 4.2558E-2
2.42392E-1 3.07122E-1 3.52225E-1 3.32115E-1 3.63906E-1 4.02858E-1 5.2379E-1 4.75444E-1 -9999 -9999 -9999 -9999 -9999 -9999 -9999 -9999 -9999 -9999 -9999 -9999 -9999 -9999 -9999 -9999 -9999 -9999 -9999 -9999 -9999 -9999 1.7131E-1 1.51068E-1 1.6335E-1 1.77784E-1 1.65751E-1 1.0935E-1 1.58522E-1 1.57231E-1 7.58268E-2 7.04285E-2 7.97134E-2 8.09513E-2 7.51255E-2 1.14917E-1 2.87171E-2 7.2923E-2 6.14492E-2 1.05548E-1 1.26906E-1 1.38533E-1 1.55091E-1 1.17906E-1 1.33289E-1 9.28384E-2 5.94915E-2 4.84779E-2 4.25187E-2 4.12141E-2 3.61115E-2 4.06781E-2
2.99169E-1 2.82873E-1 3.38301E-1 3.42586E-1 4.01677E-1 4.68182E-1 4.22623E-1 5.78643E-1 -9999 -9999 -9999 -9999 -9999 -9999 -9999 -9999 -9999 -9999 -9999 -9999 -9999 -9999 -9999 -9999 -9999 -9999 -9999 -9999 -9999 -9999 1.51987E-1 1.5311E-1 1.53993E-1 1.71091E-1 1.67013E-1 1.19271E-1 1.85346E-1 1.82292E-1 8.35209E-2 8.48951E-2 8.84989E-2 8.50361E-2 7.62813E-2 8.01817E-2 9.93012E-2 6.82003E-2 6.25531E-2 9.87205E-2 1.11003E-1 1.24025E-1 1.38332E-1 1.34678E-1 9.77714E-2 6.56186E-2 5.30609E-2 4.44849E-2 3.97178E-2 3.90651E-2 4.2487E-2 5.58237E-2
3.53215E-1 3.01463E-1 3.02429E-1 3.55953E-1 4.10411E-1 5.30561E-1 4.27031E-1 6.81279E-1 -9999 -9999 -9999 -9999 -9999 -9999 -9999 -9999 -9999 -9999 -9999 -9999 -9999 -9999 -9999 -9999 -9999 -9999 -9999 -9999 -9999 -9999 1.96521E-1 1.84912E-1 1.95278E-1 1.73822E-1 1.59415E-1 1.03935E-1 1.0975E-1 1.30905E-1 1.19717E-1 1.0558E-1 1.0927E-1 1.03045E-1 8.91497E-2 8.63613E-2 6.86461E-2 5.62299E-2 5.65601E-2 8.46749E-2 9.33894E-2 1.07728E-1 1.20014E-1 8.45182E-2 6.62501E-2 5.26289E-2 4.65569E-2 4.0156E-2 4.13649E-2 4.70638E-2 5.36521E-2 7.27912E-2
2.23572E-1 5.16999E-1 4.78631E-1 5.42288E-1 5.68631E-1 6.84796E-1 6.6447E-1 6.2059E-1 -9999 -9999 -9999 -9999 -9999 -9999 -9999 -9999 -9999 -9999 -9999 -9999 -9999 -9999 -9999 -9999 -9999 -9999 -9999 -9999 -9999 -9999 -9999 2.7228E-1 2.43284E-1 2.33066E-1 2.93758E-1 3.11059E-1 3.25968E-1 3.58882E-1 4.00989E-1 2.96422E-1 1.67139E-1 1.45265E-1 1.2059E-1 1.07036E-1 8.55523E-2 1.9125E-2 1.09062E-1 1.04021E-1 1.12873E-1 1.16946E-1 1.37673E-1 1.27215E-1 1.11566E-1 1.0128E-1 8.74739E-2 7.20187E-2 8.71147E-2 1.00831E-1 1.08506E-1 1.21607E-1
2.75679E-1 3.56691E-1 5.06276E-1 4.12692E-1 5.39298E-1 6.57171E-1 2.60661E-1 5.66274E-1 -9999 -9999 -9999 -9999 -9999 -9999 -9999 -9999 -9999 -9999 -9999 -9999 -9999 -9999 -9999 -9999 -9999 -9999 -9999 -9999 -9999 -9999 -9999 -9999 2.38054E-1 2.42353E-1 3.05634E-1 2.11992E-1 3.93508E-1 4.23197E-1 4.91537E-1 4.91596E-1 2.43876E-1 1.83469E-1 1.36964E-1 1.16136E-1 9.82814E-2 1.02562E-1 1.17017E-1 1.17534E-1 1.08151E-1 9.08694E-2 1.23226E-1 1.13927E-1 1.01428E-1 1.05858E-1 1.13242E-1 1.01128E-1 1.19898E-1 1.36413E-1 1.39581E-1 1.57608E-1
4.80919E-1 2.61134E-1 2.52064E-1 7.12094E-1 6.09938E-1 6.09913E-1 5.75504E-1 4.66369E-1 -9999 -9999 -9999 -9999 -9999 -9999 -9999 -9999 -9999 -9999 -9999 -9999 -9999 -9999 -9999 -9999 -9999 -9999 -9999 -9999 -9999 -9999 -9999 -9999 2.36392E-1 2.40583E-1 2.70468E-1 3.44161E-1 4.38639E-1 1.70019E-1 4.56805E-1 4.7647E-1 3.63725E-1 2.97975E-1 1.81333E-1 1.50449E-1 1.62301E-1 1.26176E-1 1.2669E-1 1.35182E-1 8.11635E-2 9.32188E-2 1.37362E-1 1.17583E-1 1.07254E-1 1.17636E-1 1.70507E-1 1.38957E-1 1.54913E-1 1.61247E-1 1.72215E-1 2.09313E-1
5.2822E-1 5.77968E-1 6.17592E-1 5.79462E-1 6.40615E-1 3.50923E-1 5.549E-1 -9999 -9999 -9999 -9999 -9999 -9999 -9999 -9999 -9999 -9999 -9999 -9999 -9999 -9999 -9999 -9999 -9999 -9999 -9999 4.54788E-1 -9999 -9999 -9999 -9999 -9999 2.30083E-1 2.30076E-1 2.55301E-1 3.22666E-1 3.9197E-1 4.94862E-1 5.15456E-1 5.30591E-1 4.04631E-1 3.43525E-1 2.85753E-1 2.27048E-1 1.61637E-1 1.05289E-1 5.27525E-2 6.83939E-2 7.78713E-2 1.08026E-1 1.46185E-1 1.22639E-1 1.17109E-1 1.5407E-1 2.29877E-1 1.6367E-1 1.72615E-1 1.79435E-1 2.08507E-1 2.73659E-1
3.92265E-1 5.70727E-1 2.77751E-1 2.79274E-1 5.2709E-1 6.60353E-1 -9999 -9999 -9999 -9999 -9999 -9999 -9999 -9999 -9999 -9999 -9999 -9999 -9999 -9999 -9999 -9999 -9999 -9999 -9999 3.63081E-1 3.84014E-1 -9999 -9999 -9999 -9999 -9999 2.47868E-1 2.16545E-1 2.33571E-1 2.74577E-1 3.62555E-1 4.82367E-1 5.60736E-1 5.57622E-1 4.37492E-1 3.76817E-1 3.0475E-1 2.07792E-1 1.39821E-1 1.01722E-1 3.12858E-2 8.23272E-2 9.13181E-2 1.26497E-1 1.66535E-1 1.27803E-1 1.15359E-1 2.25524E-1 2.39987E-1 1.41948E-1 1.51514E-1 1.82783E-1 2.69014E-1 3.23228E-1
5.90419E-1 5.64971E-1 4.79516E-1 3.90718E-1 4.96184E-1 6.2535E-1 -9999 -9999 -9999 -9999 -9999 -9999 -9999 -9999 -9999 -9999 -9999 -9999 -9999 -9999 -9999 -9999 -9999 -9999 5.3353E-1 5.22733E-1 2.68566E-1 4.38619E-1 4.96771E-1 4.99548E-1 4.05718E-1 -9999 -9999 2.50403E-1 2.21712E-1 1.93578E-1 2.47769E-1 3.62372E-1 4.70603E-1 5.0447E-1 4.23975E-1 3.74932E-1 2.63296E-1 1.80183E-1 8.75761E-2 6.87447E-2 1.04465E-1 4.47691E-2 1.11488E-1 1.40485E-1 1.65895E-1 1.04853E-1 1.12984E-1 1.71096E-1 1.48289E-1 1.61429E-1 1.76676E-1 2.48927E-1 3.2349E-1 3.651E-1
6.06205E-1 6.09217E-1 2.86332E-1 3.5481E-1 4.13309E-1 6.91974E-1 -9999 -9999 -9999 -9999 -9999 -9999 -9999 -9999 -9999 -9999 -9999 -9999 -9999 -9999 -9999 -9999 -9999 -9999 5.84863E-1 5.52991E-1 2.08102E-1 5.35922E-1 5.31805E-1 5.15665E-1 4.27483E-1 3.75718E-1 3.38998E-1 2.86543E-1 2.17068E-1 1.66514E-1 2.08665E-1 2.58245E-1 3.97409E-1 4.36231E-1 4.05205E-1 3.93721E-1 1.30022E-1 8.65047E-2 6.94677E-2 8.31784E-2 1.25752E-1 1.26378E-1 1.35607E-1 1.66838E-1 1.92208E-1 1.11396E-1 1.70558E-1 1.63929E-1 1.24627E-1 1.39521E-1 1.71968E-1 2.47112E-1 2.88187E-1 3.38942E-1
6.43707E-1 6.12501E-1 6.12163E-1 5.13518E-1 5.58199E-1 7.00235E-1 -9999 -9999 -9999 -9999 -9999 -9999 -9999 -9999 -9999 -9999 -9999 -9999 -9999 -9999 -9999 -9999 -9999 -9999 -9999 -9999 5.60213E-1 4.66374E-1 5.12095E-1 4.52522E-1 4.37746E-1 3.4881E-1 3.3851E-1 2.9272E-1 2.49594E-1 1.87792E-1 2.31007E-1 2.56487E-1 2.88499E-1 2.56362E-1 2.35967E-1 2.63243E-1 1.97402E-1 1.00322E-1 8.34476E-2 1.25169E-1 1.41273E-1 1.41696E-1 1.55753E-1 9.63992E-2 1.93538E-1 1.76734E-1 1.64914E-1 1.05693E-1 1.08171E-1 1.31147E-1 1.88808E-1 2.18596E-1 2.50606E-1 2.98055E-1
5.8259E-1 6.0553E-1 5.45302E-1 6.40353E-1 6.43808E-1 7.27716E-1 7.08055E-1 7.34203E-1 -9999 -9999 7.40207E-1 -9999 -9999 -9999 -9999 -9999 -9999 -9999 -9999 -9999 -9999 -9999 -9999 -9999 -9999 -9999 -9999 3.39095E-1 5.13171E-1 5.11649E-1 4.69193E-1 3.74333E-1 3.35088E-1 3.09579E-1 3.30959E-1 2.72452E-1 2.48389E-1 1.71127E-1 1.46162E-1 1.70173E-1 1.57176E-1 1.78288E-1 1.72972E-1 1.27103E-1 1.03294E-1 1.54763E-1 1.46218E-1 1.44194E-1 1.46196E-1 1.82956E-1 8.75917E-2 1.76375E-1 1.61762E-1 9.15357E-2 1.09889E-1 1.2457E-1 1.43229E-1 1.89327E-1 2.17197E-1 2.55886E-1
5.75105E-1 5.96227E-1 6.67516E-1 5.13788E-1 7.2735E-1 6.32677E-1 6.23044E-1 6.6744E-1 7.2222E-1 7.04979E-1 6.31339E-1 -9999 -9999 -9999 -9999 -9999 -9999 -9999 -9999 -9999 -9999 -9999 -9999 -9999 -9999 -9999 -9999 5.06961E-1 2.7888E-1 4.87553E-1 4.16327E-1 3.62413E-1 3.15919E-1 3.14679E-1 3.08972E-1 2.16504E-1 1.26499E-1 1.2012E-1 1.30017E-1 1.45354E-1 1.20736E-1 1.51626E-1 1.75284E-1 1.9058E-1 2.09874E-1 1.87991E-1 1.46468E-1 1.27496E-1 1.10599E-1 1.01161E-1 7.28801E-2 1.07589E-1 1.26896E-1 1.02197E-1 1.13299E-1 1.07848E-1 1.2822E-1 1.69217E-1 1.90805E-1 1.47869E-1
4.34216E-1 4.18686E-1 5.19802E-1 5.13227E-1 3.87495E-1 4.74006E-1 4.88494E-1 5.32671E-1 5.80742E-1 6.14171E-1 5.81538E-1 -9999 -9999 -9999 -9999 -9999 -9999 -9999 -9999 -9999 -9999 -9999 -9999 -9999 -9999 -9999 -9999 2.8962E-1 1.63767E-1 2.87152E-1 3.1959E-1 2.99831E-1 2.57487E-1 2.97247E-1 2.03815E-1 2.10922E-1 8.56245E-2 9.27467E-2 1.10231E-1 1.38098E-1 1.19006E-1 1.26757E-1 1.27589E-1 1.34645E-1 1.5785E-1 1.44889E-1 1.14036E-1 9.51497E-2 7.82805E-2 6.8568E-2 7.034E-2 3.76889E-2 5.74332E-2 7.61444E-2 8.66741E-2 9.46621E-2 9.57797E-2 1.60628E-1 1.00116E-1 1.35671E-1
4.94989E-1 3.91672E-1 3.1969E-1 3.17814E-1 3.13102E-1 4.22737E-1 4.56398E-1 5.14609E-1 5.66521E-1 5.74392E-1 5.47511E-1 -9999 -9999 -9999 -9999 -9999 -9999 -9999 -9999 -9999 -9999 -9999 -9999 -9999 -9999 -9999 -9999 2.89168E-1 3.01641E-1 1.25189E-1 3.58857E-1 3.44257E-1 2.89288E-1 2.86058E-1 3.03573E-1 5.9364E-2 1.08837E-1 1.01993E-1 1.28762E-1 1.64087E-1 1.44637E-1 1.56873E-1 1.49746E-1 1.35931E-1 1.35339E-1 1.37656E-1 1.20202E-1 8.18996E-2 6.76629E-2 6.28667E-2 7.40469E-2 5.26097E-2 5.85877E-2 6.51639E-2 7.27443E-2 1.54518E-1 1.53315E-1 9.62609E-2 1.19394E-1 2.0504E-1
3.86002E-1 3.3738E-1 2.91878E-1 2.55664E-1 2.56653E-1 4.13704E-1 4.48186E-1 5.07748E-1 5.14797E-1 3.43912E-1 6.4358E-1 5.10654E-1 -9999 -9999 -9999 -9999 -9999 -9999 -9999 -9999 -9999 -9999 -9999 -9999 -9999 -9999 -9999 3.11425E-1 2.80965E-1 2.97252E-1 2.56804E-1 3.74783E-1 3.16385E-1 3.07456E-1 3.05311E-1 2.13798E-1 1.73779E-1 1.22482E-1 1.25644E-1 1.60244E-1 1.42242E-1 8.52323E-2 1.56843E-1 1.4815E-1 1.38164E-1 1.20892E-1 1.17012E-1 8.86852E-2 7.6764E-2 7.31791E-2 4.55059E-2 5.80143E-2 5.88956E-2 6.84717E-2 6.95004E-2 1.14598E-1 1.74424E-1 1.30607E-1 1.83145E-1 2.61868E-1
2.79703E-1 3.92028E-1 3.27563E-1 2.97783E-1 2.94824E-1 4.29001E-1 4.74598E-1 5.6537E-1 6.54458E-1 6.90417E-1 6.30732E-1 6.22167E-1 6.11751E-1 -9999 -9999 -9999 -9999 -9999 -9999 -9999 -9999 -9999 -9999 -9999 -9999 -9999 -9999 3.42199E-1 2.66451E-1 2.63902E-1 3.43404E-1 3.53483E-1 3.25436E-1 3.32287E-1 1.73468E-1 2.13738E-1 1.57844E-1 1.20992E-1 1.11469E-1 1.4883E-1 1.54621E-1 9.9802E-2 1.62678E-1 1.5608E-1 1.39115E-1 1.10249E-1 9.95691E-2 8.37957E-2 8.63014E-2 1.05755E-1 8.59251E-2 6.76924E-2 6.97688E-2 7.3442E-2 8.02614E-2 1.14015E-1 1.04617E-1 1.93905E-1 1.93122E-1 2.52888E-1
4.04933E-1 3.9187E-1 3.17943E-1 2.78838E-1 2.75654E-1 4.46563E-1 4.78726E-1 6.43554E-1 5.56764E-1 6.51747E-1 6.51376E-1 6.60453E-1 6.23598E-1 5.86532E-1 -9999 -9999 -9999 -9999 -9999 -9999 -9999 -9999 -9999 -9999 -9999 -9999 -9999 2.21741E-1 1.9347E-1 2.30147E-1 3.30999E-1 1.37644E-1 3.41285E-1 3.56601E-1 3.77078E-1 2.47885E-1 1.67296E-1 1.27623E-1 1.33503E-1 1.52815E-1 1.43577E-1 2.05848E-1 1.6908E-1 1.60362E-1 1.47584E-1 1.19462E-1 1.04712E-1 8.31768E-2 6.51673E-2 6.68605E-2 1.26952E-1 8.7812E-2 8.41111E-2 8.53841E-2 9.02141E-2 1.29806E-1 1.02547E-1 2.25709E-1 2.1514E-1 2.41306E-1
2.04053E-1 1.97073E-1 1.56736E-1 1.30005E-1 1.76546E-1 -9999 5.03579E-1 5.09316E-1 5.40555E-1 4.98525E-1 6.93132E-1 7.07743E-1 6.62714E-1 5.95685E-1 5.09772E-1 5.10517E-1 -9999 -9999 -9999 -9999 -9999 -9999 -9999 -9999 -9999 -9999 -9999 3.78352E-1 3.68952E-1 3.10371E-1 2.99898E-1 3.51591E-1 3.4931E-1 1.20613E-1 3.3509E-1 3.63368E-1 2.61866E-1 2.27095E-1 1.94101E-1 2.30995E-1 2.04955E-1 2.75911E-1 2.85192E-1 3.0849E-1 2.58053E-1 1.37534E-1 1.13667E-1 8.54838E-2 5.23149E-2 4.0215E-2 5.14526E-2 2.62041E-2 7.93545E-2 8.45223E-2 9.5098E-2 9.04294E-2 2.37913E-1 2.30164E-1 2.12683E-1 2.1479E-1
1.81651E-1 1.743E-1 1.52407E-1 1.53556E-1 2.82691E-1 5.05321E-1 4.71827E-1 5.2253E-1 4.93435E-1 3.15211E-1 5.84114E-1 6.94402E-1 6.57212E-1 6.35382E-1 5.16554E-1 4.9873E-1 -9999 -9999 -9999 -9999 -9999 -9999 -9999 -9999 -9999 -9999 -9999 -9999 4.28727E-1 -9999 -9999 -9999 -9999 3.71143E-1 2.98857E-1 2.36937E-1 2.24774E-1 2.10408E-1 1.74843E-1 2.04882E-1 1.95446E-1 2.10714E-1 3.25627E-1 4.29474E-1 3.49862E-1 1.61276E-1 1.29041E-1 8.83212E-2 6.57502E-2 5.60234E-2 6.82041E-2 6.13962E-2 6.04036E-2 9.26472E-2 1.05027E-1 1.68554E-1 2.22613E-1 2.43043E-1 2.14984E-1 2.34088E-1
1.80373E-1 1.71814E-1 1.52072E-1 1.92492E-1 2.77458E-1 5.17421E-1 5.55371E-1 1.98839E-1 2.35049E-1 5.3371E-1 6.73467E-1 6.32193E-1 6.38165E-1 5.85137E-1 6.15044E-1 5.47824E-1 -9999 -9999 -9999 -9999 -9999 -9999 -9999 -9999 -9999 -9999 -9999 -9999 -9999 -9999 -9999 -9999 -9999 -9999 3.02319E-1 2.57405E-1 2.40714E-1 1.70448E-1 1.50917E-1 1.79049E-1 1.66411E-1 2.28258E-1 2.64526E-1 3.1935E-1 3.70352E-1 1.96788E-1 1.51432E-1 8.56939E-2 7.75645E-2 6.16884E-2 7.51256E-2 7.2695E-2 2.26426E-2 9.72151E-2 9.30597E-2 1.78015E-1 2.506E-1 2.31787E-1 2.94783E-1 2.66075E-1
1.59206E-1 1.52683E-1 1.39518E-1 1.97694E-1 2.8048E-1 5.30082E-1 5.65509E-1 3.34741E-1 5.60579E-1 5.58817E-1 6.41381E-1 6.03781E-1 5.83503E-1 5.45212E-1 5.63302E-1 -9999 -9999 -9999 -9999 -9999 -9999 -9999 -9999 -9999 -9999 -9999 -9999 -9999 -9999 -9999 -9999 -9999 -9999 -9999 2.70796E-1 3.15967E-1 2.97184E-1 1.77969E-1 1.48464E-1 1.92657E-1 1.85061E-1 2.655E-1 1.05028E-1 2.90213E-1 3.51465E-1 2.18446E-1 1.61469E-1 9.21125E-2 7.98128E-2 8.8559E-2 1.00153E-1 1.01118E-1 1.05472E-1 7.40519E-2 1.53736E-1 7.39897E-2 2.00298E-1 3.62681E-1 3.39747E-1 3.21901E-1
