Phytophthora/models/20240430_1155_37/Phytophthora_PA3_RUN8_MAXENT_outputs/Phytophthora_PA3_RUN8.asc
ncols         225
nrows         269
xllcorner     473000.0
yllcorner     4429100.0
cellsize      50.0
NODATA_value  -9999
[rows 54 to 80 of 269, columns 0 to 59 of 225]
-9999 -9999 -9999 -9999 -9999 -9999 -9999 -9999 -9999 -9999 -9999 -9999 -9999 -9999 -9999 -9999 -9999 -9999 -9999 -9999 -9999 -9999 7.41643E-3 6.28105E-3 1.35134E-2 1.02187E-2 8.44265E-3 8.13608E-3 1.40889E-2 1.39719E-2 1.46984E-2 1.47517E-2 1.86252E-2 1.85454E-2 2.3239E-2 3.35278E-2 1.77309E-2 3.91083E-2 1.58384E-2 3.1511E-2 4.00697E-2 3.10316E-2 2.30315E-2 3.21236E-2 4.20693E-2 1.30264E-2 1.15106E-2 7.98746E-3 1.06185E-2 1.81348E-2 2.34418E-2 1.83863E-2 1.75134E-2 1.50329E-2 1.54101E-2 1.44563E-2 9.61065E-3 6.20031E-3 5.51001E-3 5.17861E-3
-9999 -9999 -9999 -9999 -9999 -9999 -9999 -9999 -9999 -9999 -9999 -9999 -9999 -9999 -9999 -9999 -9999 -9999 -9999 -9999 -9999 -9999 1.36088E-2 1.29079E-2 9.54425E-3 7.77008E-3 1.24407E-2 1.08802E-2 1.55577E-2 1.17637E-2 1.32135E-2 1.40006E-2 2.02531E-2 2.17013E-2 5.52292E-3 3.65977E-2 3.83454E-2 3.28507E-2 2.53093E-2 1.13408E-2 3.7533E-2 1.74026E-2 2.19119E-2 3.02686E-2 6.8107E-2 2.19988E-2 2.08196E-2 2.29283E-2 9.20318E-3 2.00147E-2 2.00411E-2 1.53644E-2 1.56986E-2 8.06146E-3 8.35501E-3 1.09206E-2 6.43992E-3 4.32035E-3 3.52368E-3 4.19512E-3
-9999 -9999 -9999 -9999 -9999 -9999 -9999 -9999 -9999 -9999 -9999 -9999 -9999 -9999 -9999 -9999 -9999 -9999 -9999 -9999 -9999 -9999 5.65465E-3 6.58982E-3 7.58803E-3 8.01061E-3 2.59278E-3 1.06378E-2 1.23544E-2 1.47288E-2 2.16969E-2 2.13385E-2 2.26658E-2 1.87811E-2 5.14064E-2 5.15497E-2 5.64335E-2 6.50435E-2 3.67846E-2 5.502E-2 3.98897E-2 3.81014E-2 2.43526E-2 2.87331E-2 3.83295E-2 1.43632E-2 1.80197E-2 1.85566E-2 1.78298E-2 1.51509E-2 1.56547E-2 1.61152E-2 5.06838E-3 9.73865E-3 6.98848E-3 7.94704E-3 6.49647E-3 4.37882E-3 3.61281E-3 4.21924E-3
-9999 -9999 -9999 -9999 -9999 -9999 -9999 -9999 -9999 -9999 -9999 -9999 -9999 -9999 -9999 -9999 -9999 -9999 -9999 -9999 -9999 1.00514E-2 6.10453E-3 4.85022E-3 3.82427E-3 5.12615E-3 6.00875E-3 8.50948E-3 1.02018E-2 3.41397E-3 6.24446E-3 1.068E-2 4.57291E-2 4.52047E-2 5.40111E-2 5.55551E-2 5.14804E-2 5.38139E-2 2.07862E-2 5.7863E-2 1.25547E-2 4.58165E-2 2.03605E-2 2.7233E-2 2.05196E-2 1.0945E-2 1.41252E-2 1.56793E-2 1.24125E-2 1.2442E-2 1.26582E-2 7.86987E-3 8.21294E-3 5.59307E-3 4.64235E-3 6.86901E-3 5.88716E-3 5.10995E-3 4.69777E-3 4.06942E-3
-9999 -9999 -9999 -9999 -9999 -9999 -9999 -9999 -9999 -9999 -9999 -9999 -9999 -9999 -9999 -9999 -9999 -9999 5.28081E-3 8.37183E-3 4.9645E-3 8.3226E-3 1.03246E-2 5.95486E-3 3.95289E-3 5.30603E-3 1.33885E-2 9.39171E-3 1.09693E-2 1.57805E-2 2.62654E-2 2.02261E-2 3.63875E-2 3.49935E-2 5.53163E-2 5.91431E-2 6.48368E-2 5.47104E-2 2.55548E-2 5.95736E-2 1.69672E-2 4.12074E-2 1.1456E-2 4.3833E-2 2.83811E-2 9.40486E-3 1.03281E-2 7.31808E-3 9.95688E-3 1.15098E-2 1.47369E-2 8.16497E-3 5.97384E-3 4.81951E-3 4.9851E-3 7.68234E-3 6.04638E-3 4.50214E-3 3.31961E-3 3.85006E-3
-9999 -9999 -9999 -9999 -9999 -9999 -9999 -9999 -9999 -9999 -9999 -9999 -9999 -9999 -9999 -9999 1.73799E-3 2.6294E-3 4.54828E-3 1.09268E-2 4.93511E-3 6.0911E-3 1.17516E-2 1.32189E-2 7.18788E-3 6.58499E-3 1.60621E-2 1.04446E-2 1.22397E-2 1.70645E-2 2.99044E-2 2.65533E-2 2.88518E-2 3.0967E-2 4.38737E-2 5.69448E-2 5.65615E-2 6.36217E-2 4.87729E-2 4.03625E-2 3.24009E-2 3.63951E-2 4.01269E-2 5.01678E-2 7.2976E-3 1.10367E-2 9.14032E-3 1.01502E-2 7.90714E-3 9.18976E-3 1.1152E-2 7.6312E-3 5.28922E-3 4.13105E-3 4.20957E-3 6.3163E-3 5.2734E-3 3.32207E-3 4.39764E-3 4.37948E-3
-9999 -9999 -9999 -9999 -9999 -9999 -9999 -9999 -9999 -9999 -9999 -9999 -9999 -9999 -9999 3.3895E-3 2.79479E-3 2.40536E-3 2.33603E-3 7.42299E-3 8.04898E-3 9.26169E-3 1.19342E-2 1.48508E-2 1.57085E-2 8.9994E-3 7.80172E-3 1.26172E-2 1.48006E-2 1.80053E-2 3.49979E-2 3.87702E-2 4.16895E-2 4.03554E-2 4.93488E-2 5.53855E-2 5.96469E-2 5.99301E-2 5.06588E-2 4.10085E-2 3.12042E-2 3.84766E-2 3.12483E-2 4.25574E-2 3.8415E-2 1.25697E-2 7.87747E-3 6.83099E-3 7.4256E-3 7.45773E-3 8.00714E-3 8.38643E-3 6.86923E-3 4.97736E-3 3.04019E-3 4.16493E-3 5.50203E-3 4.31128E-3 1.19183E-3 4.1713E-3
-9999 -9999 -9999 -9999 -9999 -9999 -9999 -9999 -9999 -9999 -9999 -9999 -9999 -9999 6.59841E-3 4.92725E-3 5.58975E-3 5.6632E-3 5.11693E-3 5.64386E-3 7.96237E-3 1.34949E-2 1.42972E-2 2.04169E-2 3.13895E-2 2.3937E-2 4.03309E-2 3.03943E-2 3.08781E-2 3.04072E-2 3.31581E-2 4.85672E-2 4.94123E-2 4.51836E-2 6.0661E-2 6.73166E-2 6.1499E-2 4.69666E-2 4.26243E-2 3.91452E-2 2.22461E-2 2.90816E-2 2.24095E-2 2.00757E-2 2.35574E-2 2.21455E-2 2.05711E-2 1.86139E-2 1.8623E-2 1.67773E-2 5.0069E-3 4.54035E-3 3.06206E-3 3.67636E-3 3.89495E-3 4.74423E-3 3.95028E-3 3.00575E-3 2.60552E-3 2.54316E-3
-9999 -9999 -9999 -9999 -9999 -9999 -9999 -9999 -9999 -9999 -9999 -9999 -9999 1.77935E-3 5.71461E-3 4.94099E-3 5.66732E-3 6.43557E-3 6.31805E-3 6.58331E-3 7.26999E-3 9.2866E-3 1.57261E-2 1.4728E-2 1.4601E-2 2.13871E-2 2.54786E-2 3.84198E-2 4.22224E-2 4.68152E-2 5.19652E-2 4.8381E-2 7.29659E-2 7.65987E-2 6.72561E-2 5.33372E-2 5.56374E-2 4.1574E-2 3.12169E-2 3.36119E-2 1.96082E-2 2.0569E-2 1.97043E-2 1.83314E-2 1.94721E-2 1.67286E-2 1.5388E-2 1.41016E-2 1.32538E-2 3.38377E-3 1.05265E-3 8.22088E-4 3.06834E-3 3.77916E-3 3.13112E-3 4.6837E-3 1.2612E-3 3.04322E-3 2.35758E-3 3.09894E-3
-9999 -9999 -9999 -9999 -9999 -9999 -9999 -9999 -9999 -9999 -9999 -9999 -9999 6.38437E-3 7.22034E-3 6.15132E-3 7.42827E-3 8.6394E-3 9.06688E-3 9.53849E-3 9.88851E-3 1.73614E-2 8.8469E-3 9.38473E-3 1.02002E-2 2.32602E-2 3.0808E-2 4.38E-2 4.99483E-2 4.70126E-2 5.09881E-2 4.93237E-2 5.69571E-2 6.62858E-2 4.65644E-2 5.28436E-2 4.00264E-2 3.16916E-2 2.36506E-2 2.51182E-2 1.81522E-2 1.95007E-2 1.7588E-2 1.69454E-2 1.59386E-2 1.40279E-2 1.22371E-2 1.35937E-2 1.43294E-2 9.98062E-3 2.69335E-3 2.50977E-3 3.02997E-3 3.41906E-3 3.34233E-3 2.22715E-3 3.71298E-3 1.72338E-3 5.53178E-4 3.21212E-3
-9999 -9999 -9999 -9999 -9999 -9999 -9999 -9999 -9999 -9999 -9999 -9999 -9999 5.53676E-3 8.08786E-3 7.14299E-3 8.35614E-3 9.30991E-3 1.04432E-2 1.04452E-2 1.28829E-2 1.22981E-2 1.15178E-2 1.39711E-2 1.98057E-2 2.13463E-2 2.85012E-2 3.4815E-2 5.08364E-2 5.99255E-2 6.26088E-2 6.08554E-2 6.16481E-2 5.00683E-2 5.0069E-2 4.1692E-2 3.27593E-2 2.63878E-2 2.73843E-2 2.90068E-2 1.8554E-2 2.14323E-2 2.0936E-2 1.77542E-2 1.65596E-2 1.88713E-2 1.67088E-2 1.14435E-2 1.08482E-2 8.50129E-3 2.63917E-3 2.17196E-3 2.94083E-3 1.088E-3 5.50491E-4 5.59361E-3 1.65469E-3 1.78123E-3 2.20794E-3 2.57112E-3
-9999 -9999 -9999 -9999 -9999 -9999 -9999 -9999 -9999 -9999 -9999 -9999 6.11324E-3 6.82167E-3 9.70668E-3 8.71102E-3 1.0272E-2 1.17789E-2 1.21934E-2 1.16461E-2 1.47373E-2 1.19226E-2 1.33391E-2 1.57651E-2 2.92503E-2 3.96408E-2 2.66902E-2 3.62515E-2 4.56426E-2 4.95311E-2 5.62783E-2 5.97088E-2 8.10874E-2 6.09831E-2 4.14583E-2 3.45423E-2 2.78929E-2 2.43546E-2 2.56925E-2 2.92433E-2 1.65044E-2 7.13685E-3 1.72771E-2 1.55481E-2 1.34871E-2 1.47324E-2 1.70981E-2 1.32705E-2 1.19021E-2 8.04049E-3 2.80902E-3 2.4745E-3 6.75324E-4 2.10065E-3 1.60728E-3 3.25729E-3 3.59448E-3 4.33639E-3 2.87345E-3 2.63648E-3
-9999 -9999 -9999 -9999 -9999 -9999 -9999 -9999 -9999 -9999 -9999 -9999 8.03598E-3 2.14156E-2 1.69077E-2 1.35581E-2 1.41988E-2 1.54491E-2 1.70162E-2 1.63482E-2 1.0704E-2 5.72505E-3 1.21309E-2 1.17205E-2 1.22953E-2 2.70421E-2 4.85548E-2 3.99286E-2 3.94574E-2 4.04241E-2 3.62339E-2 3.57296E-2 3.50299E-2 3.26389E-2 2.6766E-2 1.49475E-2 1.58938E-2 1.51632E-2 1.34608E-2 1.67456E-2 1.43794E-2 1.44974E-2 1.6021E-2 1.6943E-2 1.62204E-2 1.48241E-2 1.40231E-2 1.27035E-2 1.18097E-2 8.36126E-3 1.03286E-3 2.99378E-3 3.49146E-3 1.43708E-3 2.64092E-3 3.38134E-3 2.70129E-3 2.73967E-3 2.96244E-3 4.36229E-3
-9999 -9999 -9999 -9999 -9999 -9999 -9999 -9999 -9999 -9999 1.52308E-3 7.02225E-3 5.17482E-3 1.96818E-2 1.63899E-2 1.47785E-2 1.77839E-2 1.95722E-2 2.21534E-2 2.08821E-2 1.13035E-2 6.29816E-3 1.36478E-2 1.46234E-2 1.15578E-2 1.45809E-2 4.6298E-2 4.34753E-2 4.55598E-2 4.47573E-2 3.94032E-2 3.66819E-2 3.19814E-2 2.46534E-2 2.01576E-2 1.43179E-2 1.61693E-2 1.6264E-2 1.52887E-2 1.48175E-2 1.35613E-2 1.30542E-2 1.62205E-2 1.56165E-2 1.36848E-2 1.2614E-2 1.24822E-2 1.31649E-2 1.30722E-2 4.72826E-3 4.16948E-3 3.35194E-3 2.59537E-3 2.69835E-3 2.57526E-3 3.07899E-3 2.31602E-3 2.28564E-3 2.81282E-3 4.52729E-3
-9999 -9999 -9999 -9999 -9999 -9999 -9999 -9999 -9999 4.23951E-3 3.47505E-3 3.76435E-3 1.13693E-2 9.39303E-3 1.07173E-2 1.11761E-2 1.44282E-2 1.89692E-2 2.31444E-2 2.05899E-2 1.23196E-2 7.78153E-3 1.13257E-2 9.44221E-3 7.46953E-3 1.16322E-2 5.02653E-2 2.7079E-2 3.97612E-2 4.26802E-2 3.34463E-2 3.09325E-2 2.64471E-2 2.03765E-2 1.60659E-2 1.31498E-2 1.4872E-2 9.96006E-3 1.8025E-2 1.6467E-2 1.37845E-2 1.29402E-2 1.29229E-2 1.24346E-2 1.18717E-2 1.05947E-2 1.0179E-2 9.29891E-3 1.09275E-2 8.13092E-3 3.29537E-3 2.83223E-3 2.30951E-3 1.19158E-3 2.28239E-3 2.98862E-3 2.414E-3 1.93031E-3 2.07805E-3 3.15935E-3
-9999 -9999 -9999 -9999 -9999 -9999 -9999 -9999 -9999 -9999 7.5638E-3 4.98608E-3 5.39413E-3 6.85765E-3 1.1506E-2 1.27409E-2 1.56831E-2 2.21605E-2 2.40538E-2 2.18343E-2 1.46512E-2 1.45456E-2 1.37821E-2 1.4557E-2 7.51729E-3 1.38346E-2 2.18284E-2 2.22544E-2 2.38021E-2 2.92605E-2 2.7897E-2 2.93569E-2 2.56375E-2 2.07218E-2 1.51426E-2 1.33065E-2 1.51002E-2 1.78734E-2 5.82278E-3 2.16511E-2 1.8359E-2 1.46962E-2 1.26779E-2 1.06845E-2 1.05301E-2 9.56597E-3 9.93997E-3 1.01634E-2 1.07614E-2 1.63707E-3 3.25456E-3 2.79128E-3 2.19477E-3 1.80164E-3 2.15192E-3 1.39939E-3 2.6354E-3 2.11975E-3 1.76136E-3 2.50807E-3
-9999 -9999 -9999 -9999 -9999 -9999 -9999 -9999 -9999 -9999 -9999 -9999 -9999 -9999 1.44988E-2 1.53897E-2 2.04796E-2 2.71982E-2 2.61081E-2 2.03243E-2 1.31851E-2 1.45495E-2 1.4848E-2 1.54175E-2 1.66708E-2 1.88182E-2 2.01546E-2 2.52392E-2 2.69775E-2 2.6149E-2 2.68087E-2 3.16422E-2 2.68877E-2 2.19921E-2 1.55519E-2 1.19548E-2 1.28554E-2 1.32697E-2 2.55418E-2 2.0106E-2 1.21188E-2 1.36884E-2 1.33585E-2 1.089E-2 1.11354E-2 1.04865E-2 1.13194E-2 8.3758E-3 1.07419E-2 6.64885E-3 2.43253E-3 2.2213E-3 8.072E-4 1.57045E-3 1.56559E-3 2.44456E-3 2.30795E-3 1.77249E-3 1.78071E-3 2.51162E-3
-9999 -9999 -9999 -9999 -9999 -9999 -9999 -9999 -9999 -9999 -9999 -9999 -9999 -9999 -9999 -9999 -9999 -9999 -9999 2.31394E-2 1.31042E-2 1.7586E-2 1.74E-2 1.78544E-2 1.94239E-2 2.40281E-2 2.26589E-2 2.79353E-2 3.31321E-2 3.10245E-2 2.96842E-2 2.14965E-2 2.77253E-2 2.22165E-2 1.51943E-2 9.02334E-3 8.81831E-3 8.57979E-3 9.91608E-3 1.14461E-2 1.24269E-2 1.27715E-2 1.11736E-2 6.30433E-3 7.65257E-3 1.00481E-2 6.74821E-3 3.96751E-3 8.89156E-3 4.77479E-3 1.70983E-3 1.76188E-3 1.52347E-3 7.45448E-4 1.47411E-3 1.79545E-3 1.68041E-3 1.67859E-3 1.85347E-3 2.52666E-3
-9999 -9999 -9999 -9999 -9999 -9999 -9999 -9999 -9999 -9999 -9999 -9999 -9999 -9999 -9999 -9999 -9999 -9999 -9999 -9999 1.35883E-2 2.03457E-2 1.94649E-2 1.94476E-2 2.14142E-2 2.44569E-2 2.20689E-2 2.55542E-2 2.54574E-2 4.46273E-2 3.3271E-2 3.5216E-2 2.5326E-2 2.09231E-2 1.42775E-2 9.0702E-3 7.70704E-3 8.62635E-3 8.05782E-3 8.27353E-3 8.62584E-3 8.07395E-3 9.43849E-3 9.09982E-3 9.05599E-3 8.52433E-3 8.99671E-3 8.13062E-3 5.56856E-3 3.2407E-3 1.29923E-3 1.26491E-3 1.11462E-3 1.16466E-3 1.47933E-3 2.27161E-3 2.1921E-3 2.38688E-3 2.6033E-3 3.13718E-3
-9999 -9999 -9999 -9999 -9999 -9999 -9999 -9999 -9999 -9999 -9999 -9999 -9999 -9999 -9999 -9999 -9999 -9999 -9999 -9999 -9999 2.29958E-2 1.91458E-2 1.69238E-2 1.95463E-2 1.91081E-2 2.10227E-2 2.899E-2 4.21471E-2 1.048E-2 7.28165E-3 2.19683E-2 2.1269E-2 1.96712E-2 1.48911E-2 1.07891E-2 8.43227E-3 6.62592E-3 6.24333E-3 7.20002E-3 7.69466E-3 8.29479E-3 2.1686E-3 8.73617E-3 1.09122E-2 1.05061E-2 8.87496E-3 6.59353E-3 4.30408E-3 2.80826E-3 1.26617E-3 1.08318E-3 1.03883E-3 1.25649E-3 1.7836E-3 2.75724E-3 2.32319E-3 2.01339E-3 3.10694E-3 4.75938E-3
-9999 -9999 -9999 -9999 -9999 -9999 -9999 -9999 -9999 -9999 -9999 -9999 -9999 -9999 -9999 -9999 -9999 -9999 -9999 -9999 -9999 -9999 1.93221E-2 1.56771E-2 1.55467E-2 1.6139E-2 2.12458E-2 2.96292E-2 3.0587E-2 1.79612E-2 1.2352E-2 1.48385E-2 1.39598E-2 9.7571E-3 1.52147E-2 9.72841E-3 6.82078E-3 7.23416E-3 6.32802E-3 6.75848E-3 6.94389E-3 6.07233E-3 7.50824E-3 7.30681E-3 9.81519E-3 7.74339E-3 5.73712E-3 1.7699E-3 4.7062E-3 3.71219E-3 1.87537E-3 1.5813E-3 1.82294E-3 2.08704E-3 2.72064E-3 4.11571E-3 3.34707E-3 2.64769E-3 3.40946E-3 5.51725E-3
-9999 -9999 -9999 -9999 -9999 -9999 -9999 -9999 -9999 -9999 -9999 -9999 -9999 -9999 -9999 -9999 -9999 -9999 -9999 -9999 -9999 -9999 -9999 1.12103E-2 1.14109E-2 1.33104E-2 1.94732E-2 2.38017E-2 1.7693E-2 1.07064E-2 8.78633E-3 1.04484E-2 1.01799E-2 1.32278E-2 1.65091E-2 8.75562E-3 1.02661E-2 9.88933E-3 7.91041E-3 7.04947E-3 3.43563E-3 7.1322E-3 6.47963E-3 5.96658E-3 6.40581E-3 4.27783E-3 3.98137E-3 5.06423E-3 5.57381E-3 4.09206E-3 2.28366E-3 1.27589E-3 4.95021E-4 2.72417E-3 3.41611E-3 4.82601E-3 3.99287E-3 3.63606E-3 3.92066E-3 6.74356E-3
-9999 -9999 -9999 -9999 -9999 -9999 -9999 -9999 -9999 -9999 -9999 -9999 -9999 -9999 -9999 -9999 -9999 -9999 -9999 -9999 -9999 -9999 -9999 -9999 -9999 1.36901E-2 1.89408E-2 2.25379E-2 1.83346E-2 1.32369E-2 9.66839E-3 1.07497E-2 1.18454E-2 1.95966E-2 1.80887E-2 1.11496E-2 1.09607E-2 1.17522E-2 9.02587E-3 6.36886E-3 6.72583E-3 6.84073E-3 5.90163E-3 4.93318E-3 4.95913E-3 5.96046E-3 6.25501E-3 7.01126E-3 1.06631E-2 1.17239E-2 9.47654E-3 7.91997E-3 8.28402E-3 7.69253E-3 1.08703E-2 1.9966E-2 1.87893E-2 2.19247E-2 2.12699E-2 5.99504E-3
-9999 -9999 -9999 -9999 -9999 -9999 -9999 -9999 -9999 -9999 -9999 -9999 -9999 -9999 -9999 -9999 -9999 -9999 -9999 -9999 -9999 -9999 -9999 -9999 -9999 -9999 -9999 1.46211E-2 1.22049E-2 1.34907E-2 1.04087E-2 7.1829E-3 1.15919E-2 9.49008E-3 1.13181E-2 8.00663E-3 8.61431E-3 7.345E-3 5.92085E-3 5.84184E-3 6.70795E-3 2.52337E-3 8.13569E-3 7.40187E-3 7.68524E-3 9.57965E-3 9.58562E-3 1.03879E-2 1.2114E-2 1.31111E-2 1.0687E-2 9.64991E-3 7.83367E-3 9.65596E-3 1.08137E-2 1.69546E-2 2.05903E-2 2.98543E-2 2.32274E-2 1.15794E-2
-9999 -9999 -9999 -9999 -9999 -9999 -9999 -9999 -9999 -9999 -9999 -9999 -9999 -9999 -9999 -9999 -9999 -9999 -9999 -9999 -9999 -9999 -9999 -9999 -9999 -9999 -9999 -9999 -9999 9.61766E-3 6.87821E-3 6.46066E-3 3.48818E-3 4.93314E-3 5.41133E-3 3.99083E-3 6.44475E-3 9.04642E-3 6.87347E-3 1.02987E-2 3.40335E-3 7.41874E-3 9.36149E-3 8.0962E-3 9.43828E-3 2.77285E-3 1.29806E-2 1.11852E-2 1.43897E-2 1.42002E-2 1.15903E-2 1.26871E-2 1.31482E-2 1.29525E-2 1.20376E-2 2.03913E-2 2.13482E-2 2.24817E-2 2.16033E-2 1.33848E-2
-9999 -9999 -9999 -9999 -9999 -9999 -9999 -9999 -9999 -9999 -9999 -9999 -9999 -9999 -9999 -9999 -9999 -9999 -9999 -9999 -9999 -9999 -9999 -9999 -9999 -9999 -9999 -9999 -9999 -9999 -9999 1.34807E-3 1.36958E-3 1.61615E-3 3.65399E-3 3.48124E-3 5.63234E-3 8.22116E-3 6.8621E-3 8.01403E-3 9.23201E-3 8.15458E-3 9.91454E-3 1.03234E-2 1.06511E-2 1.3384E-2 1.36166E-2 1.36553E-2 1.816E-2 2.23418E-2 1.87533E-2 1.94425E-2 1.7052E-2 1.50686E-2 1.58878E-2 2.47573E-2 2.11821E-2 2.26919E-2 1.85396E-2 1.66029E-2
-9999 -9999 -9999 -9999 -9999 -9999 -9999 -9999 -9999 -9999 -9999 -9999 -9999 -9999 -9999 -9999 -9999 -9999 -9999 -9999 -9999 -9999 -9999 -9999 -9999 -9999 -9999 -9999 -9999 -9999 -9999 1.23836E-3 1.46514E-3 1.47173E-3 4.25255E-3 2.52719E-3 4.12926E-3 7.77848E-3 1.22214E-2 1.19504E-2 7.08995E-3 5.62229E-3 7.73589E-3 7.98858E-3 6.42332E-3 1.09694E-2 1.2519E-2 1.53522E-2 2.06749E-2 3.78305E-2 9.93998E-3 1.63556E-2 2.51353E-2 2.53783E-2 2.55655E-2 3.54928E-2 2.8821E-2 2.99814E-2 4.42832E-2 2.47707E-2
