Phytophthora/models/20240430_1155_37/Phytophthora_PA3_RUN8_MAXENT_outputs/Phytophthora_PA3_RUN8.asc
ncols         225
nrows         269
xllcorner     473000.0
yllcorner     4429100.0
cellsize      50.0
NODATA_value  -9999
[rows 162 to 188 of 269, columns 60 to 119 of 225]
2.80275E-1 1.1734E-1 2.68406E-1 2.22359E-1 3.17891E-1 3.36906E-1 4.01111E-1 3.86513E-1 3.70004E-1 3.77853E-1 3.04601E-1 4.56262E-1 4.56097E-1 2.97946E-1 5.41525E-1 4.82573E-1 5.72104E-1 5.35805E-1 5.7589E-1 6.19342E-1 5.91679E-1 5.92395E-1 6.06176E-1 4.39904E-1 7.25131E-1 6.04005E-1 5.25554E-1 4.76277E-1 6.9084E-1 6.10707E-1 5.97177E-1 5.46886E-1 5.99664E-1 6.23571E-1 6.07946E-1 6.17931E-1 6.30927E-1 6.4566E-1 6.41509E-1 6.43134E-1 5.84347E-1 5.8385E-1 3.80075E-1 5.63193E-1 5.11882E-1 4.71941E-1 4.55775E-1 4.15888E-1 3.88012E-1 3.18902E-1 1.55819E-1 1.983E-1 1.46288E-1 1.52738E-1 1.48826E-1 1.98967E-1 2.13527E-1 2.50682E-1 2.80851E-1 5.15407E-1
1.00412E-1 3.09951E-1 3.52357E-1 3.53458E-1 3.49581E-1 2.70784E-1 1.69587E-1 2.98162E-1 3.92469E-1 4.19474E-1 4.37364E-1 4.1343E-1 4.49278E-1 4.93632E-1 4.93578E-1 4.84062E-1 6.0807E-1 5.48267E-1 5.28037E-1 5.66618E-1 5.30177E-1 5.20076E-1 6.38493E-1 6.84554E-1 6.14854E-1 5.76247E-1 3.42367E-1 5.76091E-1 6.61192E-1 6.08012E-1 5.99152E-1 5.33845E-1 4.87077E-1 5.00893E-1 5.17643E-1 5.68705E-1 6.19097E-1 6.79608E-1 7.22358E-1 7.30651E-1 3.04923E-1 6.45641E-1 6.12904E-1 5.79416E-1 5.25043E-1 5.23718E-1 5.09103E-1 4.90031E-1 4.57E-1 3.66647E-1 1.87723E-1 2.22761E-1 1.32428E-1 1.42977E-1 1.60345E-1 1.63938E-1 2.41526E-1 2.84102E-1 4.62593E-1 5.1554E-1
3.42265E-1 3.3556E-1 3.00735E-1 3.34154E-1 4.0476E-1 3.57827E-1 3.54015E-1 3.55868E-1 4.18688E-1 2.20954E-1 4.6348E-1 3.85166E-1 3.54626E-1 3.84741E-1 3.81624E-1 -9999 5.0205E-1 4.18138E-1 5.25686E-1 5.43975E-1 4.85414E-1 4.93504E-1 5.02521E-1 7.00606E-1 6.01022E-1 6.01588E-1 6.62623E-1 5.68737E-1 6.77516E-1 6.09942E-1 6.02814E-1 5.26614E-1 4.88022E-1 5.64322E-1 5.92985E-1 6.56399E-1 7.05446E-1 7.55565E-1 7.86655E-1 7.8792E-1 6.76369E-1 5.64097E-1 4.88466E-1 4.40494E-1 4.35235E-1 4.70152E-1 4.62418E-1 4.48434E-1 4.23723E-1 3.36384E-1 1.81745E-1 1.33647E-1 2.14645E-1 2.31033E-1 2.3807E-1 2.26081E-1 2.6888E-1 4.56165E-1 5.21808E-1 2.77492E-1
2.91663E-1 3.145E-1 3.89109E-1 4.52194E-1 4.09451E-1 3.71132E-1 3.79493E-1 3.43532E-1 3.91458E-1 4.53115E-1 5.14117E-1 4.27166E-1 3.31051E-1 2.85653E-1 2.80103E-1 3.62029E-1 4.27107E-1 4.68074E-1 5.87663E-1 6.08379E-1 5.18181E-1 4.87793E-1 6.66666E-1 6.48851E-1 6.02092E-1 5.99067E-1 6.31584E-1 4.37159E-1 6.46054E-1 5.96714E-1 6.28836E-1 6.00475E-1 4.44487E-1 6.10602E-1 6.46843E-1 7.273E-1 7.85985E-1 8.34769E-1 7.6414E-1 8.29119E-1 6.99686E-1 6.03208E-1 5.0327E-1 4.37541E-1 4.21227E-1 4.48811E-1 4.34894E-1 4.28259E-1 4.12742E-1 3.56475E-1 2.10714E-1 2.13181E-1 2.21822E-1 2.29431E-1 2.55101E-1 2.59704E-1 4.72692E-1 4.29088E-1 5.33288E-1 4.79914E-1
3.24656E-1 3.54751E-1 3.9598E-1 4.15727E-1 4.18112E-1 4.07277E-1 3.97377E-1 3.76068E-1 4.23539E-1 5.02133E-1 6.40505E-1 5.76251E-1 5.20396E-1 4.6961E-1 4.94296E-1 5.98603E-1 4.64832E-1 6.74928E-1 7.82963E-1 7.42185E-1 6.3054E-1 5.04954E-1 5.30485E-1 4.5109E-1 6.87811E-1 4.77333E-1 6.03878E-1 6.42777E-1 6.57387E-1 6.1939E-1 6.24308E-1 6.13188E-1 5.33591E-1 5.95087E-1 5.92077E-1 5.75027E-1 6.48203E-1 7.11251E-1 6.44296E-1 5.57382E-1 6.14512E-1 5.87391E-1 5.11679E-1 4.3102E-1 4.04134E-1 3.90009E-1 3.9473E-1 3.95007E-1 4.04766E-1 3.64547E-1 2.52757E-1 2.64487E-1 2.80668E-1 3.10415E-1 3.7088E-1 4.91073E-1 5.33441E-1 5.24532E-1 3.83187E-1 4.91163E-1
3.4884E-1 3.97323E-1 4.27733E-1 4.31621E-1 4.66454E-1 4.6688E-1 4.45905E-1 4.15786E-1 4.11099E-1 5.03687E-1 4.20665E-1 6.40701E-1 6.10142E-1 5.59862E-1 5.91165E-1 7.6996E-1 7.37907E-1 7.56218E-1 8.23682E-1 7.78274E-1 6.03729E-1 5.18764E-1 5.20877E-1 6.82395E-1 7.23525E-1 5.37166E-1 5.63537E-1 6.02127E-1 5.07011E-1 6.56265E-1 5.87443E-1 5.52695E-1 5.48932E-1 5.8129E-1 5.59963E-1 5.28394E-1 5.87988E-1 3.85818E-1 5.94013E-1 5.4266E-1 6.11774E-1 5.67637E-1 5.0313E-1 4.28323E-1 3.99778E-1 3.7588E-1 3.73525E-1 3.68844E-1 3.88191E-1 3.27999E-1 2.55296E-1 2.91022E-1 3.08386E-1 3.63343E-1 4.41973E-1 3.6851E-1 3.75697E-1 2.95685E-1 2.83155E-1 2.47161E-1
4.09558E-1 4.70971E-1 4.99006E-1 4.83248E-1 5.00002E-1 5.02841E-1 4.79592E-1 4.48575E-1 4.19411E-1 4.72916E-1 5.94772E-1 6.54996E-1 6.46822E-1 4.68199E-1 6.18862E-1 7.81524E-1 8.43971E-1 6.51486E-1 8.46729E-1 8.25291E-1 6.35301E-1 5.56463E-1 5.16087E-1 6.39171E-1 7.01387E-1 4.60803E-1 5.14655E-1 5.86948E-1 6.27012E-1 5.69076E-1 6.77982E-1 3.20211E-1 5.90636E-1 5.86188E-1 5.80456E-1 5.04189E-1 2.67786E-1 5.20098E-1 4.81741E-1 4.93814E-1 6.07074E-1 5.32358E-1 4.70058E-1 4.04766E-1 3.81967E-1 3.49635E-1 3.40077E-1 3.47576E-1 3.47299E-1 3.42324E-1 2.64895E-1 3.01105E-1 3.3253E-1 3.78158E-1 2.31535E-1 5.22189E-1 2.19395E-1 3.30877E-1 2.67387E-1 2.26933E-1
4.85818E-1 5.65711E-1 5.50552E-1 5.20553E-1 5.32978E-1 1.97972E-1 2.30689E-1 2.14128E-1 4.40968E-1 5.18125E-1 6.28695E-1 6.61569E-1 6.59274E-1 4.96371E-1 5.50153E-1 4.85201E-1 6.60308E-1 8.29048E-1 7.22354E-1 7.81276E-1 6.15839E-1 5.8494E-1 5.53847E-1 4.58606E-1 5.70387E-1 4.53268E-1 4.76428E-1 5.58825E-1 5.57021E-1 6.7029E-1 7.28289E-1 6.90612E-1 5.19473E-1 2.7029E-1 6.02043E-1 5.46461E-1 3.22666E-1 5.51676E-1 5.25576E-1 5.52699E-1 6.15219E-1 5.45286E-1 4.61786E-1 4.13886E-1 3.9445E-1 3.44279E-1 3.35817E-1 3.39276E-1 3.79408E-1 3.97084E-1 2.96766E-1 3.26515E-1 3.79747E-1 3.63943E-1 5.90168E-1 3.79609E-1 2.64735E-1 3.58957E-1 3.04303E-1 3.24387E-1
4.81789E-1 4.81644E-1 4.79094E-1 4.94946E-1 3.21086E-1 4.54554E-1 4.27736E-1 4.0355E-1 4.11587E-1 4.804E-1 6.12884E-1 6.4448E-1 6.27524E-1 2.19521E-1 5.19187E-1 6.90372E-1 6.34261E-1 5.64432E-1 6.295E-1 4.9919E-1 5.3728E-1 4.78551E-1 3.51145E-1 5.52093E-1 6.42895E-1 5.02619E-1 5.54081E-1 6.44961E-1 2.85731E-1 5.23638E-1 5.44517E-1 6.35454E-1 7.08525E-1 6.99919E-1 4.21161E-1 3.29211E-1 6.04014E-1 6.34138E-1 6.25625E-1 5.83948E-1 6.30803E-1 5.79778E-1 5.01392E-1 4.59048E-1 4.32246E-1 3.67337E-1 3.55452E-1 3.47127E-1 3.64316E-1 4.1805E-1 3.78395E-1 3.93366E-1 4.29728E-1 4.37115E-1 4.4176E-1 4.19298E-1 4.18882E-1 3.78331E-1 3.30039E-1 3.08948E-1
7.5606E-1 7.2568E-1 7.02503E-1 6.33677E-1 4.59902E-1 6.28331E-1 5.68601E-1 5.66073E-1 5.89475E-1 6.25942E-1 5.99912E-1 5.53234E-1 5.95693E-1 5.35281E-1 5.63892E-1 6.57761E-1 5.90186E-1 5.45434E-1 4.92214E-1 5.6866E-1 1.92419E-1 5.5744E-1 5.76545E-1 5.57489E-1 6.33194E-1 2.56068E-1 4.8378E-1 6.29375E-1 4.85291E-1 3.73395E-1 3.53497E-1 4.37126E-1 6.35542E-1 6.84907E-1 7.36837E-1 7.51534E-1 6.61448E-1 6.34801E-1 6.12454E-1 5.76733E-1 5.97378E-1 5.0564E-1 4.28035E-1 3.87408E-1 3.55927E-1 3.06652E-1 2.76257E-1 2.59914E-1 2.55126E-1 2.85575E-1 2.85404E-1 3.89035E-1 4.77375E-1 5.25119E-1 4.26398E-1 4.0518E-1 4.24698E-1 3.64132E-1 3.2024E-1 3.12309E-1
4.1441E-1 5.49654E-1 6.72121E-1 3.34367E-1 6.13913E-1 5.70923E-1 5.40208E-1 5.29157E-1 5.66253E-1 6.21419E-1 5.27261E-1 5.06586E-1 6.07014E-1 4.6353E-1 5.93872E-1 6.49658E-1 7.26179E-1 4.77041E-1 6.45237E-1 6.19103E-1 5.52974E-1 5.7669E-1 6.47848E-1 3.95685E-1 5.45716E-1 4.28652E-1 5.77156E-1 5.75465E-1 5.53757E-1 5.1903E-1 5.66196E-1 6.38269E-1 6.53529E-1 7.00877E-1 7.12663E-1 6.69004E-1 5.9361E-1 5.48804E-1 5.82417E-1 6.22327E-1 6.50668E-1 4.93E-1 4.57182E-1 4.06215E-1 3.82341E-1 3.16154E-1 2.71069E-1 2.89064E-1 2.32123E-1 2.66853E-1 2.73277E-1 3.20805E-1 4.12244E-1 4.61277E-1 4.32188E-1 3.95329E-1 2.9343E-1 4.03739E-1 3.85984E-1 3.16591E-1
6.0472E-1 5.90881E-1 5.75813E-1 5.95274E-1 5.37141E-1 5.17722E-1 5.17432E-1 4.97109E-1 5.7212E-1 5.91276E-1 4.93646E-1 5.09976E-1 5.8087E-1 3.03093E-1 5.43207E-1 6.09995E-1 6.54366E-1 6.90651E-1 6.93278E-1 6.70417E-1 5.88349E-1 5.31822E-1 5.89713E-1 6.04168E-1 2.54449E-1 4.58664E-1 1.587E-1 4.60783E-1 5.45427E-1 4.99858E-1 5.53155E-1 5.56856E-1 6.06296E-1 6.88909E-1 5.74182E-1 6.25762E-1 5.50451E-1 4.75877E-1 5.38182E-1 5.74807E-1 5.47534E-1 4.51439E-1 4.05309E-1 3.74695E-1 3.61119E-1 2.88091E-1 2.70215E-1 2.22501E-1 2.89801E-1 2.57022E-1 2.48633E-1 2.80901E-1 3.30226E-1 3.58238E-1 4.03627E-1 4.14598E-1 1.77646E-1 4.34845E-1 3.58874E-1 2.83285E-1
4.83248E-1 4.50748E-1 5.48603E-1 5.27992E-1 4.92944E-1 4.69567E-1 4.87331E-1 5.21721E-1 5.75794E-1 5.84727E-1 4.87034E-1 5.24864E-1 5.70854E-1 2.60864E-1 4.27474E-1 7.54362E-1 7.65425E-1 7.43536E-1 7.69205E-1 7.47123E-1 5.52458E-1 5.95752E-1 5.55627E-1 5.07978E-1 4.31952E-1 5.0667E-1 5.28401E-1 5.0575E-1 4.59819E-1 4.35883E-1 4.80344E-1 5.30208E-1 5.49258E-1 5.29581E-1 5.43802E-1 5.04133E-1 4.14614E-1 3.75284E-1 5.68765E-1 6.06832E-1 6.02857E-1 5.19644E-1 4.81467E-1 3.95303E-1 3.46637E-1 2.95572E-1 2.7332E-1 2.88932E-1 3.31434E-1 2.97705E-1 2.65839E-1 2.89291E-1 3.20341E-1 2.592E-1 4.87545E-1 2.80843E-1 4.69152E-1 4.03337E-1 3.24543E-1 2.85054E-1
5.62581E-1 6.18157E-1 4.78837E-1 5.17472E-1 4.99748E-1 5.43748E-1 5.58243E-1 5.36632E-1 5.71215E-1 5.61917E-1 5.13762E-1 5.75788E-1 6.02107E-1 4.12736E-1 6.04756E-1 7.15926E-1 6.96013E-1 7.30078E-1 7.73256E-1 7.36544E-1 6.08563E-1 5.93704E-1 5.75059E-1 2.47265E-1 4.40839E-1 4.88342E-1 5.31904E-1 3.005E-1 5.04503E-1 4.5289E-1 4.86865E-1 5.13914E-1 4.94208E-1 4.19095E-1 3.52776E-1 3.17895E-1 2.67014E-1 3.04005E-1 3.81858E-1 5.66049E-1 5.69755E-1 4.94448E-1 4.13435E-1 3.16404E-1 3.05981E-1 2.71752E-1 2.81422E-1 3.04836E-1 3.27085E-1 3.26645E-1 2.98705E-1 3.18862E-1 3.45631E-1 1.01224E-1 3.5346E-1 3.0666E-1 3.4686E-1 3.49193E-1 3.14615E-1 2.78182E-1
6.55192E-1 6.50655E-1 5.92412E-1 5.44655E-1 5.53752E-1 5.47609E-1 5.95391E-1 5.64345E-1 5.56912E-1 5.42883E-1 5.65004E-1 6.16497E-1 6.47706E-1 5.72337E-1 6.43107E-1 6.60613E-1 6.37445E-1 6.28217E-1 6.44006E-1 6.76142E-1 7.11265E-1 5.16379E-1 6.58916E-1 -9999 5.83986E-1 6.06444E-1 6.61391E-1 6.88983E-1 5.91719E-1 6.46104E-1 5.33707E-1 3.72736E-1 4.76876E-1 3.87431E-1 3.47132E-1 4.22273E-1 4.80021E-1 4.71197E-1 5.69577E-1 6.10364E-1 5.34078E-1 4.58411E-1 3.93812E-1 3.33546E-1 2.98616E-1 2.15756E-1 2.31131E-1 2.58075E-1 2.78395E-1 3.22467E-1 3.58514E-1 3.87764E-1 4.06284E-1 2.00197E-1 3.07915E-1 3.27818E-1 1.58453E-1 3.8726E-1 3.87964E-1 2.93258E-1
6.09151E-1 6.04109E-1 2.54463E-1 5.7837E-1 5.56504E-1 5.70391E-1 6.58131E-1 6.23487E-1 5.14015E-1 4.51268E-1 4.60127E-1 4.89218E-1 5.30923E-1 5.88052E-1 6.1261E-1 5.20383E-1 6.68714E-1 6.68775E-1 6.87787E-1 7.13566E-1 5.47631E-1 7.46585E-1 4.59292E-1 5.96817E-1 6.46112E-1 5.4815E-1 5.19329E-1 5.55498E-1 6.42531E-1 6.03916E-1 5.03684E-1 4.91167E-1 4.04143E-1 3.34528E-1 3.18199E-1 5.07825E-1 -9999 -9999 6.67745E-1 6.48383E-1 5.40423E-1 4.82989E-1 4.31306E-1 3.64319E-1 2.96341E-1 2.26942E-1 2.41272E-1 2.74867E-1 2.88944E-1 3.24309E-1 3.63989E-1 4.14213E-1 4.41295E-1 3.57805E-1 3.53257E-1 3.62292E-1 4.15335E-1 4.48231E-1 4.15342E-1 2.95232E-1
5.54364E-1 5.48924E-1 5.68894E-1 5.78141E-1 5.6562E-1 6.32695E-1 7.03671E-1 6.70397E-1 4.90257E-1 5.21386E-1 5.39705E-1 5.7109E-1 4.49975E-1 5.96055E-1 6.20315E-1 6.80762E-1 5.03282E-1 6.89073E-1 6.82154E-1 5.62518E-1 6.9502E-1 7.14905E-1 7.12573E-1 6.76843E-1 6.34884E-1 5.52144E-1 5.9924E-1 5.99777E-1 6.72403E-1 6.16041E-1 5.05161E-1 4.8379E-1 4.30993E-1 3.60197E-1 3.80431E-1 5.40367E-1 6.8787E-1 3.76807E-1 7.5484E-1 7.05935E-1 6.27243E-1 5.61843E-1 4.92957E-1 3.91178E-1 2.88016E-1 2.19533E-1 2.37168E-1 3.12957E-1 3.47034E-1 3.89731E-1 4.12196E-1 4.73179E-1 6.01426E-1 5.49383E-1 4.26358E-1 3.74073E-1 4.27224E-1 4.22281E-1 4.47283E-1 3.91068E-1
5.14473E-1 4.99634E-1 5.05902E-1 6.03751E-1 4.38295E-1 7.25889E-1 6.40892E-1 4.89226E-1 5.38146E-1 6.15791E-1 6.3016E-1 4.17926E-1 6.04355E-1 5.67977E-1 5.72566E-1 6.44611E-1 6.75301E-1 7.17859E-1 6.19391E-1 7.19863E-1 6.89538E-1 7.0857E-1 6.15988E-1 6.87411E-1 5.81747E-1 5.14705E-1 6.13259E-1 6.47367E-1 5.57255E-1 6.09762E-1 5.23473E-1 5.21442E-1 4.73772E-1 4.31201E-1 4.69452E-1 6.27775E-1 6.42619E-1 4.38699E-1 7.83017E-1 7.08952E-1 6.22738E-1 5.67081E-1 5.0211E-1 3.9908E-1 3.06513E-1 2.39816E-1 2.54284E-1 3.02883E-1 3.34965E-1 4.09315E-1 4.37471E-1 4.78962E-1 4.72656E-1 5.28316E-1 3.98467E-1 3.50657E-1 4.21748E-1 2.7079E-1 4.11657E-1 3.96932E-1
4.53379E-1 4.45249E-1 5.15756E-1 6.42501E-1 7.85883E-1 7.07518E-1 6.36086E-1 5.33017E-1 6.15603E-1 6.79989E-1 6.75059E-1 6.59381E-1 5.83813E-1 5.38143E-1 5.15097E-1 5.76861E-1 6.37701E-1 6.74668E-1 6.94692E-1 7.0468E-1 7.46693E-1 7.20493E-1 6.16576E-1 5.81284E-1 5.39874E-1 5.46433E-1 6.7199E-1 7.19922E-1 7.31572E-1 6.57575E-1 5.79806E-1 5.51726E-1 4.84257E-1 4.437E-1 4.30186E-1 5.70266E-1 6.22328E-1 7.17995E-1 7.98977E-1 5.57056E-1 6.38945E-1 5.65671E-1 5.33661E-1 4.25026E-1 3.17485E-1 2.26809E-1 2.7972E-1 3.48189E-1 3.9435E-1 4.45971E-1 4.93857E-1 5.57271E-1 2.39103E-1 4.22183E-1 3.53968E-1 3.47297E-1 4.1508E-1 3.52148E-1 2.93189E-1 3.70324E-1
4.24043E-1 4.54099E-1 5.41905E-1 7.42064E-1 7.88574E-1 7.16007E-1 6.88758E-1 6.58535E-1 6.80674E-1 7.4422E-1 7.10729E-1 6.57835E-1 5.87484E-1 5.33197E-1 4.95816E-1 5.94947E-1 6.48889E-1 6.64347E-1 6.61195E-1 6.7708E-1 6.77289E-1 6.53032E-1 6.80969E-1 5.52971E-1 6.05172E-1 6.29158E-1 6.84393E-1 6.7215E-1 6.77703E-1 6.6262E-1 4.50279E-1 5.26538E-1 4.88114E-1 4.38278E-1 3.79061E-1 4.54083E-1 5.07726E-1 6.48097E-1 7.36093E-1 4.49993E-1 5.78445E-1 5.16549E-1 4.98394E-1 4.00651E-1 3.17653E-1 2.47391E-1 2.97496E-1 3.47171E-1 3.83575E-1 4.59204E-1 5.1067E-1 5.92257E-1 1.69862E-1 4.24834E-1 3.59703E-1 3.68887E-1 4.09201E-1 2.16925E-1 3.9172E-1 2.93536E-1
4.50869E-1 4.62872E-1 5.11223E-1 6.21084E-1 7.22795E-1 6.62143E-1 7.06729E-1 6.57969E-1 7.62934E-1 5.4495E-1 7.01813E-1 6.43541E-1 5.81685E-1 5.40728E-1 4.88134E-1 5.58703E-1 6.12662E-1 6.3782E-1 6.51544E-1 5.93428E-1 4.79475E-1 4.62213E-1 4.62227E-1 3.6812E-1 6.18043E-1 5.7564E-1 6.26371E-1 6.30422E-1 6.50553E-1 6.54779E-1 3.07761E-1 4.5837E-1 4.39279E-1 4.09602E-1 3.72856E-1 4.61389E-1 5.15251E-1 6.32559E-1 7.21539E-1 5.69599E-1 5.45254E-1 5.33325E-1 4.69148E-1 3.84861E-1 3.28149E-1 2.94088E-1 3.39336E-1 3.78814E-1 4.0306E-1 4.58914E-1 5.43394E-1 3.8181E-1 3.81538E-1 4.50404E-1 3.5549E-1 3.5805E-1 3.91613E-1 2.25151E-1 3.82098E-1 3.30447E-1
5.29397E-1 5.31301E-1 5.41235E-1 6.10889E-1 6.61798E-1 7.04355E-1 7.26595E-1 7.93547E-1 7.00056E-1 8.06192E-1 6.98428E-1 6.57868E-1 5.83247E-1 5.33828E-1 4.86885E-1 5.3557E-1 5.8538E-1 5.83672E-1 4.35435E-1 4.00318E-1 4.01265E-1 4.16757E-1 4.15587E-1 3.34763E-1 6.25835E-1 5.97417E-1 6.6818E-1 6.80117E-1 6.75708E-1 6.69701E-1 5.06521E-1 4.43654E-1 4.59985E-1 4.58729E-1 4.15194E-1 5.29004E-1 5.78655E-1 6.56744E-1 7.00723E-1 5.17748E-1 5.04967E-1 4.91141E-1 4.16654E-1 3.6255E-1 3.64043E-1 3.64969E-1 3.829E-1 4.2847E-1 4.15656E-1 4.67902E-1 5.15922E-1 5.34774E-1 4.88262E-1 4.78571E-1 3.40844E-1 3.69182E-1 3.91125E-1 1.86715E-1 4.20027E-1 3.31401E-1
6.08332E-1 6.11769E-1 6.36852E-1 6.28909E-1 6.93351E-1 5.16322E-1 8.05577E-1 5.36955E-1 7.94136E-1 7.59316E-1 6.58843E-1 5.98979E-1 5.54484E-1 5.23987E-1 4.8443E-1 5.18435E-1 5.40625E-1 4.93251E-1 3.2511E-1 3.58866E-1 3.93558E-1 3.97433E-1 4.13016E-1 4.54532E-1 6.56681E-1 6.55788E-1 6.75332E-1 6.22579E-1 6.62575E-1 5.99849E-1 5.20256E-1 4.53176E-1 5.36267E-1 5.03882E-1 4.32458E-1 5.16955E-1 6.02963E-1 6.34363E-1 3.50614E-1 4.89504E-1 4.79649E-1 4.56586E-1 3.73675E-1 3.4752E-1 3.88088E-1 4.08653E-1 4.4219E-1 4.62929E-1 4.52851E-1 5.167E-1 5.20608E-1 4.90339E-1 4.56539E-1 3.65291E-1 4.03667E-1 3.3734E-1 2.36936E-1 3.8645E-1 4.34963E-1 3.77206E-1
5.92234E-1 6.91943E-1 7.09771E-1 6.8851E-1 5.00801E-1 7.81373E-1 8.52816E-1 8.08614E-1 7.17977E-1 7.1545E-1 5.77948E-1 5.03733E-1 4.80851E-1 4.84707E-1 4.79941E-1 4.99464E-1 4.49428E-1 4.76568E-1 -9999 4.09567E-1 3.49384E-1 3.68118E-1 3.85316E-1 3.68864E-1 6.28623E-1 6.03307E-1 5.83456E-1 6.27524E-1 6.60768E-1 6.33396E-1 4.4232E-1 4.53493E-1 4.72738E-1 5.0539E-1 4.80165E-1 5.20563E-1 5.62403E-1 5.66003E-1 6.29632E-1 4.14673E-1 5.96579E-1 4.03319E-1 3.77433E-1 3.7182E-1 4.48792E-1 4.76833E-1 5.1156E-1 4.97534E-1 3.91032E-1 2.59007E-1 4.92386E-1 4.44286E-1 3.77046E-1 2.26042E-1 4.78969E-1 4.51759E-1 2.37601E-1 3.54668E-1 4.3081E-1 4.31823E-1
4.68126E-1 6.63594E-1 7.1302E-1 6.79485E-1 6.8677E-1 7.69955E-1 7.73362E-1 6.32038E-1 6.19728E-1 6.08627E-1 4.82398E-1 4.36784E-1 3.85906E-1 3.92824E-1 4.26508E-1 4.5945E-1 -9999 -9999 3.88224E-1 3.61001E-1 3.32031E-1 3.451E-1 3.78076E-1 1.58082E-1 5.68075E-1 5.42864E-1 5.64771E-1 6.06368E-1 5.99312E-1 5.14489E-1 4.38322E-1 5.31515E-1 5.64265E-1 5.54518E-1 4.97435E-1 3.86888E-1 4.15137E-1 4.03368E-1 3.96651E-1 3.29262E-1 4.27867E-1 2.66225E-1 2.97632E-1 2.53154E-1 2.98426E-1 3.49238E-1 4.9441E-1 5.31723E-1 3.5753E-1 3.47073E-1 3.20089E-1 3.20466E-1 2.90372E-1 1.64977E-1 3.31221E-1 3.37273E-1 3.27968E-1 2.81967E-1 3.74813E-1 3.58708E-1
6.12958E-1 3.47801E-1 7.0272E-1 6.49627E-1 7.12841E-1 7.5284E-1 6.79343E-1 5.34065E-1 6.01856E-1 5.77431E-1 4.42308E-1 4.17146E-1 3.99759E-1 4.07703E-1 3.97361E-1 4.22963E-1 4.03313E-1 3.54559E-1 3.20313E-1 3.27773E-1 3.46438E-1 3.72659E-1 4.27223E-1 6.19954E-1 6.27431E-1 5.12741E-1 5.3575E-1 5.63183E-1 5.51461E-1 5.31041E-1 4.93437E-1 4.97588E-1 5.60626E-1 3.73124E-1 5.76491E-1 4.27444E-1 4.36058E-1 4.73714E-1 2.89668E-1 5.55203E-1 4.52397E-1 2.85822E-1 3.33275E-1 3.07215E-1 3.15664E-1 3.4561E-1 3.80909E-1 5.05176E-1 4.8736E-1 4.88206E-1 2.89409E-1 2.75964E-1 3.327E-1 1.81216E-1 3.50142E-1 3.59757E-1 3.60223E-1 3.0092E-1 3.41203E-1 2.43317E-1
6.70375E-1 6.62479E-1 6.66616E-1 6.29059E-1 7.33734E-1 6.98842E-1 5.7148E-1 4.73028E-1 5.17632E-1 5.87988E-1 5.79154E-1 4.78412E-1 4.67559E-1 4.74963E-1 4.37585E-1 4.44488E-1 3.97997E-1 3.74927E-1 3.76709E-1 3.76135E-1 3.03996E-1 3.74642E-1 5.08341E-1 5.34673E-1 5.45113E-1 4.23821E-1 4.44745E-1 4.75191E-1 5.3019E-1 4.99077E-1 4.24E-1 4.59951E-1 5.08162E-1 5.22105E-1 5.51606E-1 4.11988E-1 3.87517E-1 4.33831E-1 5.64737E-1 5.66698E-1 4.626E-1 2.6438E-1 2.75945E-1 3.91404E-1 3.40736E-1 3.74206E-1 3.03651E-1 1.93398E-1 3.14529E-1 4.0423E-1 3.14867E-1 2.08454E-1 2.99718E-1 2.6904E-1 3.56927E-1 1.63609E-1 3.56392E-1 3.12086E-1 3.55469E-1 3.93888E-1
