Phytophthora/models/20240430_1155_37/Phytophthora_PA3_RUN8_MAXENT_outputs/Phytophthora_PA3_RUN8.asc
ncols         225
nrows         269
xllcorner     473000.0
yllcorner     4429100.0
cellsize      50.0
NODATA_value  -9999
[rows 108 to 134 of 269, columns 60 to 119 of 225]
9.83208E-2 8.92477E-2 9.33535E-2 1.61696E-1 2.47656E-1 3.09867E-1 2.66608E-1 1.26527E-1 9.77237E-2 9.10983E-2 5.9105E-2 7.60532E-2 6.03695E-2 6.04587E-2 6.43065E-2 1.05215E-1 1.13749E-1 1.20476E-1 1.30291E-1 1.17215E-1 1.59103E-1 1.20335E-1 9.95857E-2 1.04876E-1 1.47302E-1 1.79356E-1 1.35929E-1 1.24128E-1 1.15448E-1 1.02867E-1 1.30953E-1 9.37347E-2 9.42133E-2 1.28921E-1 1.30642E-1 2.57166E-1 3.36227E-1 4.06849E-1 4.53285E-1 4.96318E-1 5.52788E-1 4.23681E-1 5.03116E-1 5.04914E-1 2.57589E-1 2.89584E-1 8.96141E-2 3.44965E-1 2.81684E-1 3.44458E-1 3.7798E-1 3.65647E-1 4.07274E-1 4.31293E-1 3.66698E-1 3.18974E-1 1.14778E-1 3.06199E-1 3.63494E-1 3.82503E-1
1.01369E-1 1.11308E-1 8.08081E-2 9.26856E-2 1.08654E-1 2.55058E-1 2.43352E-1 2.06451E-1 1.58984E-1 9.99014E-2 6.28082E-2 7.58904E-2 6.36729E-2 6.12399E-2 6.34021E-2 1.0358E-1 1.04779E-1 1.14046E-1 1.19464E-1 2.10173E-1 1.38457E-1 1.19035E-1 1.46163E-1 1.87033E-1 2.22155E-1 2.02394E-1 1.83518E-1 1.81401E-1 1.63073E-1 1.50911E-1 1.53846E-1 1.27429E-1 1.37655E-1 1.43189E-1 1.56597E-1 2.44139E-1 3.08749E-1 3.62308E-1 4.19055E-1 4.74375E-1 5.70926E-1 5.92648E-1 4.06806E-1 2.0959E-1 3.45766E-1 2.75423E-1 3.11526E-1 2.3532E-1 4.02298E-1 4.58523E-1 3.86205E-1 2.75001E-1 4.49255E-1 4.17481E-1 3.84922E-1 2.6697E-1 4.32374E-1 3.51513E-1 1.35261E-1 4.54213E-1
9.28039E-2 1.17487E-1 4.84709E-2 1.2557E-1 1.33775E-1 1.69108E-1 1.4872E-1 1.88309E-1 7.43701E-2 1.39114E-1 7.22619E-2 8.36746E-2 7.57205E-2 7.57168E-2 7.77724E-2 1.19939E-1 1.25675E-1 1.14634E-1 5.45358E-2 1.49862E-1 1.2889E-1 1.67061E-1 2.01932E-1 2.24341E-1 2.16701E-1 2.30755E-1 2.11072E-1 2.03437E-1 1.93591E-1 1.71672E-1 1.79853E-1 1.58841E-1 1.68427E-1 1.68298E-1 1.83832E-1 2.6709E-1 3.53696E-1 4.19922E-1 4.35001E-1 4.65311E-1 4.66664E-1 4.6864E-1 2.49809E-1 1.92643E-1 2.90055E-1 2.93873E-1 2.30467E-1 4.55718E-1 4.30346E-1 4.63469E-1 4.25869E-1 4.45132E-1 4.73246E-1 4.32769E-1 3.70563E-1 1.81127E-1 2.21882E-1 2.34176E-1 3.98062E-1 1.41046E-1
9.82689E-2 1.15014E-1 1.40361E-1 1.39065E-1 1.23575E-1 1.30542E-1 1.07012E-1 1.39546E-1 4.81072E-2 1.90351E-1 1.43406E-1 1.45201E-1 1.2811E-1 1.47418E-1 1.46707E-1 1.14927E-1 1.2264E-1 1.16271E-1 7.81684E-2 1.20959E-1 1.85481E-1 2.3913E-1 2.49396E-1 2.57884E-1 2.53431E-1 2.38448E-1 2.05539E-1 1.98044E-1 1.96765E-1 1.8466E-1 1.80224E-1 1.59327E-1 1.62238E-1 1.60103E-1 1.52327E-1 1.23267E-1 9.81991E-2 1.43323E-1 1.71057E-1 2.40529E-1 3.13891E-1 1.93485E-1 2.06946E-1 3.12819E-1 2.28768E-1 2.95823E-1 3.14537E-1 3.49218E-1 3.62877E-1 4.08677E-1 5.04986E-1 4.97937E-1 4.51207E-1 4.13329E-1 3.74917E-1 3.04581E-1 3.3218E-1 3.86498E-1 3.71308E-1 2.29661E-1
1.20562E-1 1.3429E-1 1.4064E-1 1.32979E-1 1.12157E-1 1.22642E-1 1.14581E-1 1.39346E-1 2.14852E-1 2.16735E-1 1.7552E-1 1.57917E-1 1.53669E-1 1.67714E-1 1.74182E-1 1.40877E-1 1.45688E-1 7.60233E-2 1.51521E-1 1.64953E-1 2.29429E-1 2.5598E-1 2.8741E-1 3.1998E-1 2.61481E-1 1.8635E-1 5.98905E-2 2.11588E-1 2.07435E-1 2.22647E-1 1.19725E-1 9.13874E-2 2.01313E-1 1.8543E-1 1.57349E-1 1.38173E-1 1.46179E-1 1.7585E-1 2.13988E-1 1.87697E-1 7.30851E-2 2.68209E-1 3.0168E-1 4.46076E-1 2.23678E-1 3.70776E-1 3.06615E-1 3.70217E-1 4.52287E-1 4.83194E-1 5.23094E-1 4.51248E-1 4.81089E-1 4.843E-1 4.3921E-1 3.23768E-1 3.11308E-1 3.32677E-1 3.85832E-1 3.9739E-1
1.20587E-1 9.65468E-2 1.2224E-1 1.21956E-1 1.03241E-1 1.11511E-1 1.30655E-1 1.68846E-1 2.39419E-1 1.43333E-1 2.59936E-1 1.78694E-1 1.71711E-1 1.91253E-1 2.02174E-1 1.85623E-1 1.05119E-1 9.60847E-2 2.53509E-1 1.99574E-1 2.77424E-1 2.96985E-1 2.36661E-1 3.50781E-1 2.97284E-1 2.355E-1 2.2691E-1 2.6932E-1 2.29086E-1 1.72929E-1 1.35661E-1 1.50273E-1 2.22297E-1 1.89427E-1 1.87754E-1 1.54262E-1 1.85253E-1 2.19557E-1 2.40234E-1 2.38511E-1 2.15723E-1 1.81502E-1 1.96282E-1 1.69489E-1 3.06282E-1 3.85963E-1 4.11017E-1 3.22022E-1 2.58434E-1 2.98899E-1 3.64364E-1 3.71363E-1 4.58838E-1 5.46247E-1 4.66425E-1 2.92389E-1 2.6027E-1 2.79169E-1 3.41998E-1 3.01184E-1
1.32873E-1 1.28657E-1 1.15001E-1 1.1192E-1 1.04494E-1 1.34975E-1 1.40391E-1 1.55105E-1 5.70377E-2 1.81801E-1 1.48519E-1 1.60827E-1 1.62199E-1 1.82063E-1 1.97736E-1 1.7932E-1 2.19106E-1 1.56303E-1 1.56668E-1 2.12453E-1 1.98378E-1 1.3046E-1 3.37837E-1 3.01345E-1 2.19791E-1 2.04622E-1 2.78738E-1 2.72528E-1 1.52838E-1 1.05356E-1 9.50817E-2 9.40707E-2 1.57085E-1 1.82263E-1 9.27081E-2 9.03351E-2 7.92558E-2 6.65819E-2 1.29541E-1 1.61037E-1 2.41156E-1 2.64171E-1 2.83542E-1 3.57613E-1 4.49682E-1 3.7817E-1 1.01371E-1 3.99202E-1 2.45474E-1 1.40294E-1 2.38379E-1 4.83692E-1 4.86501E-1 5.90708E-1 4.90313E-1 3.63804E-1 3.39768E-1 3.71695E-1 3.4202E-1 3.51029E-1
6.50547E-2 1.15375E-1 1.035E-1 1.01255E-1 1.13103E-1 1.58823E-1 1.4899E-1 1.26517E-1 1.34295E-1 1.10025E-1 6.08173E-2 1.20555E-1 1.23767E-1 1.34564E-1 1.44998E-1 2.02694E-1 7.74056E-2 1.22396E-1 1.12534E-1 1.60134E-1 2.74074E-1 2.86687E-1 2.6718E-1 2.62986E-1 2.2633E-1 2.73132E-1 2.55325E-1 1.39426E-1 9.93019E-2 8.32316E-2 8.11549E-2 9.59253E-2 1.32403E-1 1.52798E-1 1.7737E-1 8.38036E-2 1.61749E-1 1.6765E-1 1.77531E-1 1.90478E-1 2.68094E-1 1.99306E-1 3.31121E-1 2.96037E-1 3.96935E-1 3.64253E-1 3.28055E-1 3.64594E-1 8.67686E-2 2.51513E-1 4.50801E-1 5.15712E-1 5.07436E-1 6.87592E-1 5.9656E-1 4.43044E-1 4.56005E-1 4.85324E-1 5.06774E-1 5.18072E-1
2.98798E-1 2.48191E-1 2.34153E-1 2.82513E-1 3.1425E-1 3.48377E-1 3.16158E-1 2.1984E-1 2.25562E-1 1.9892E-1 2.19471E-1 2.29212E-1 2.6258E-1 2.62601E-1 2.67815E-1 3.58203E-1 3.60356E-1 2.5497E-1 2.86035E-1 3.02955E-1 2.81031E-1 2.81085E-1 2.94453E-1 3.10197E-1 3.76004E-1 2.86353E-1 1.76661E-1 1.50796E-1 1.10765E-1 9.99431E-2 1.35063E-1 1.19569E-1 1.77494E-1 2.26722E-1 2.90963E-1 3.211E-1 2.90072E-1 2.77833E-1 3.79509E-1 4.13252E-1 4.96398E-1 4.96405E-1 4.44279E-1 5.17629E-1 4.53499E-1 3.18485E-1 3.11494E-1 1.33492E-1 2.299E-1 6.8478E-2 5.86109E-1 6.60852E-1 7.16924E-1 6.61331E-1 4.73708E-1 3.31985E-1 4.06602E-1 4.46698E-1 4.63725E-1 3.01079E-1
2.58829E-1 2.49526E-1 2.73391E-1 3.20881E-1 3.38913E-1 3.73628E-1 2.33329E-1 2.77906E-1 2.37722E-1 1.98745E-1 2.57138E-1 1.06246E-1 3.17745E-1 3.07609E-1 2.91447E-1 2.67418E-1 3.69955E-1 2.04484E-1 2.2865E-1 2.60598E-1 2.3714E-1 2.73389E-1 3.24804E-1 3.72273E-1 3.06225E-1 1.57926E-1 1.36106E-1 1.08304E-1 9.07833E-2 8.50198E-2 1.02979E-1 1.06099E-1 1.5188E-1 1.83411E-1 2.56364E-1 3.39112E-1 2.51979E-1 4.01219E-1 3.75769E-1 1.59574E-1 3.58312E-1 3.25124E-1 5.14063E-1 5.04564E-1 4.82753E-1 3.02669E-1 2.99698E-1 2.74278E-1 3.02799E-1 2.27849E-1 4.62124E-1 5.4703E-1 5.60444E-1 5.18069E-1 4.77744E-1 3.93601E-1 4.28578E-1 4.73601E-1 2.54545E-1 4.29285E-1
2.74156E-1 3.24734E-1 3.23794E-1 2.19225E-1 2.52593E-1 3.43193E-1 2.92283E-1 2.67155E-1 2.4105E-1 2.12972E-1 2.91159E-1 3.98134E-1 4.927E-1 2.80735E-1 3.38455E-1 2.10118E-1 2.34006E-1 2.03492E-1 2.33678E-1 2.42893E-1 2.02965E-1 2.46655E-1 3.42661E-1 3.14599E-1 1.75103E-1 1.38156E-1 1.0308E-1 8.48779E-2 7.94112E-2 8.67219E-2 1.05007E-1 1.04784E-1 1.27033E-1 1.50418E-1 2.14926E-1 3.1168E-1 3.62183E-1 3.98768E-1 3.92793E-1 4.17954E-1 4.51164E-1 5.08925E-1 4.86128E-1 4.40563E-1 4.56258E-1 2.64924E-1 2.47164E-1 2.38458E-1 1.64125E-1 2.88498E-1 4.74311E-1 5.17682E-1 5.60457E-1 5.92173E-1 5.8606E-1 4.64559E-1 4.31654E-1 4.46866E-1 4.68291E-1 5.48248E-1
3.04939E-1 3.67431E-1 3.52734E-1 3.02657E-1 1.43468E-1 2.87537E-1 2.63458E-1 2.44661E-1 2.17054E-1 1.98918E-1 2.65954E-1 2.9607E-1 1.23398E-1 4.69421E-1 2.19825E-1 3.50789E-1 2.31913E-1 2.1545E-1 2.32592E-1 1.91105E-1 1.72895E-1 1.86486E-1 2.96666E-1 2.69922E-1 1.50388E-1 1.37798E-1 1.0009E-1 9.18259E-2 9.40654E-2 1.15373E-1 1.22441E-1 1.10359E-1 1.33024E-1 1.65276E-1 2.43328E-1 3.30694E-1 3.49639E-1 1.13793E-1 2.44843E-1 4.11671E-1 4.36192E-1 4.48552E-1 4.5014E-1 3.96892E-1 3.39925E-1 2.19418E-1 2.15777E-1 1.87486E-1 1.47054E-1 2.72111E-1 4.47369E-1 5.62095E-1 5.36855E-1 6.53497E-1 6.40629E-1 5.27215E-1 4.65879E-1 4.15925E-1 4.3169E-1 4.50427E-1
3.54121E-1 4.49444E-1 3.26014E-1 2.90846E-1 1.60133E-1 3.02206E-1 2.81313E-1 2.4844E-1 2.17779E-1 2.36177E-1 2.92273E-1 3.10705E-1 3.75518E-1 3.656E-1 2.61922E-1 2.95831E-1 3.19233E-1 3.08184E-1 2.4178E-1 1.94434E-1 1.59094E-1 1.71379E-1 3.04477E-1 2.13497E-1 1.90708E-1 1.48126E-1 1.09365E-1 1.12952E-1 1.33065E-1 1.42941E-1 1.42192E-1 1.1592E-1 1.26267E-1 1.64848E-1 2.4846E-1 3.06644E-1 3.44236E-1 1.90681E-1 3.57552E-1 3.41969E-1 3.76888E-1 4.00994E-1 4.09691E-1 3.80667E-1 3.19349E-1 1.54649E-1 1.43889E-1 1.41653E-1 1.3947E-1 2.33067E-1 4.73192E-1 5.27534E-1 6.06261E-1 6.39605E-1 6.47944E-1 5.44681E-1 5.07191E-1 4.55447E-1 4.33424E-1 4.66525E-1
2.02498E-1 5.09645E-1 3.16353E-1 3.14378E-1 3.23955E-1 3.2351E-1 2.83466E-1 2.93417E-1 2.65802E-1 3.21884E-1 4.5565E-1 4.79688E-1 4.78138E-1 2.2023E-1 3.18911E-1 3.87879E-1 3.89799E-1 3.14946E-1 2.63647E-1 2.26239E-1 2.19096E-1 2.66124E-1 2.78251E-1 2.72353E-1 2.76488E-1 2.24696E-1 1.86968E-1 2.03676E-1 2.16666E-1 2.31048E-1 2.81976E-1 2.28138E-1 1.99054E-1 2.56538E-1 3.38968E-1 3.12495E-1 3.19573E-1 4.10104E-1 1.27765E-1 3.01922E-1 2.87282E-1 3.10004E-1 3.47941E-1 3.47038E-1 2.72673E-1 1.72355E-1 1.63363E-1 1.63985E-1 1.79738E-1 2.14626E-1 2.91964E-1 3.53193E-1 4.38036E-1 4.93186E-1 5.33892E-1 5.78091E-1 5.41671E-1 4.29019E-1 4.3969E-1 4.83249E-1
5.35545E-1 4.59252E-1 3.2608E-1 3.70097E-1 2.21619E-1 3.34991E-1 2.59868E-1 1.89903E-1 2.05257E-1 1.99305E-1 2.91523E-1 4.1245E-1 5.10048E-1 3.85581E-1 5.07807E-1 4.09725E-1 3.90352E-1 3.1261E-1 2.83561E-1 2.57937E-1 2.88597E-1 3.50715E-1 2.71018E-1 3.42851E-1 3.60053E-1 2.83209E-1 2.39263E-1 2.59686E-1 2.63286E-1 2.47078E-1 2.98701E-1 2.46541E-1 1.99642E-1 2.17117E-1 3.18275E-1 3.11838E-1 3.62928E-1 3.19358E-1 2.77206E-1 2.47756E-1 2.50489E-1 2.51287E-1 2.99794E-1 3.01709E-1 2.58439E-1 1.60345E-1 1.55171E-1 1.67344E-1 1.97356E-1 2.20528E-1 2.87253E-1 3.10834E-1 3.5835E-1 4.1203E-1 4.75395E-1 5.96502E-1 5.98446E-1 5.73022E-1 5.26623E-1 5.0229E-1
4.59541E-1 3.76132E-1 3.94804E-1 4.38808E-1 3.82482E-1 3.25161E-1 2.42898E-1 2.33393E-1 1.91635E-1 1.84966E-1 2.3464E-1 2.6421E-1 3.84182E-1 3.94498E-1 5.18556E-1 4.01206E-1 3.64643E-1 3.26444E-1 3.33995E-1 3.63169E-1 3.83187E-1 3.71583E-1 4.44205E-1 4.85301E-1 3.50438E-1 3.18045E-1 3.04629E-1 3.00287E-1 2.80834E-1 2.48528E-1 2.74857E-1 2.55814E-1 2.03419E-1 2.18049E-1 3.52937E-1 3.11672E-1 1.90569E-1 3.017E-1 2.133E-1 2.00359E-1 2.1605E-1 2.09045E-1 2.35411E-1 2.83276E-1 2.62774E-1 1.74167E-1 1.78712E-1 1.91734E-1 2.22923E-1 2.59751E-1 3.33213E-1 3.60357E-1 3.85354E-1 3.98696E-1 4.89422E-1 6.48463E-1 6.77932E-1 5.86614E-1 5.14174E-1 5.79409E-1
3.82701E-1 3.94949E-1 4.46323E-1 2.35693E-1 3.56099E-1 2.99717E-1 2.28608E-1 2.08316E-1 2.02727E-1 1.97527E-1 2.62315E-1 2.78228E-1 3.04634E-1 4.21304E-1 4.11098E-1 3.85354E-1 3.92027E-1 4.20915E-1 4.80331E-1 4.50824E-1 4.16972E-1 4.42893E-1 4.18874E-1 3.681E-1 3.55912E-1 3.65887E-1 3.4655E-1 2.93824E-1 2.69827E-1 5.92964E-2 2.51302E-1 2.22808E-1 2.00811E-1 2.53282E-1 3.05898E-1 2.11597E-1 9.89216E-2 2.95538E-1 1.97208E-1 1.58683E-1 1.74463E-1 1.75793E-1 2.24427E-1 2.92815E-1 1.96479E-1 1.78562E-1 2.2002E-1 2.37807E-1 2.45511E-1 3.01215E-1 3.91903E-1 4.05681E-1 4.28816E-1 4.45899E-1 4.93725E-1 6.08096E-1 6.74214E-1 6.5271E-1 5.68161E-1 5.36361E-1
3.43231E-1 4.08598E-1 4.51334E-1 3.35616E-1 3.43129E-1 2.63557E-1 2.12817E-1 2.0217E-1 2.03925E-1 2.04459E-1 2.87968E-1 3.16439E-1 3.22195E-1 3.19995E-1 8.66927E-2 4.33984E-1 5.43722E-1 5.21715E-1 4.9424E-1 4.61432E-1 3.87083E-1 2.885E-1 2.74467E-1 2.9504E-1 3.35743E-1 4.27858E-1 3.61936E-1 2.77119E-1 2.51851E-1 1.38335E-1 2.44586E-1 1.87843E-1 1.78126E-1 2.2741E-1 2.68988E-1 1.41077E-1 1.84424E-1 2.79405E-1 1.52799E-1 1.43739E-1 1.7063E-1 2.02648E-1 2.59974E-1 2.99701E-1 2.38423E-1 2.38579E-1 3.19735E-1 3.05003E-1 2.9141E-1 3.32038E-1 4.17635E-1 3.98533E-1 4.61697E-1 5.07122E-1 5.85201E-1 6.76554E-1 6.8696E-1 6.36207E-1 6.10173E-1 5.47805E-1
4.12551E-1 5.09528E-1 4.7392E-1 4.89002E-1 4.23708E-1 3.63562E-1 3.0304E-1 3.39111E-1 3.64072E-1 3.18877E-1 3.14004E-1 3.46572E-1 4.35202E-1 4.06619E-1 3.77955E-1 4.81848E-1 4.6707E-1 4.45487E-1 4.02587E-1 3.2943E-1 2.51549E-1 2.77002E-1 2.90171E-1 3.40712E-1 3.92452E-1 3.71311E-1 4.01415E-1 3.25517E-1 2.81881E-1 1.27826E-1 1.91971E-1 1.4071E-1 1.19541E-1 1.62181E-1 1.89099E-1 8.30418E-2 2.58377E-2 1.81053E-1 9.32839E-2 9.20291E-2 1.21611E-1 1.62178E-1 2.1308E-1 2.75681E-1 2.86315E-1 2.87241E-1 3.70167E-1 3.45995E-1 3.48898E-1 2.99337E-1 3.5421E-1 4.01297E-1 4.42713E-1 4.46184E-1 5.3723E-1 4.94685E-1 4.28895E-1 4.49961E-1 3.91856E-1 3.58287E-1
4.53744E-1 5.18005E-1 5.42075E-1 4.96658E-1 4.04945E-1 3.79132E-1 3.75008E-1 3.80626E-1 4.07516E-1 3.5987E-1 3.23371E-1 3.31597E-1 3.79126E-1 3.46945E-1 1.97482E-1 4.25244E-1 4.22474E-1 3.61722E-1 2.40274E-1 2.27136E-1 2.85687E-1 2.96694E-1 2.91612E-1 3.11751E-1 4.17798E-1 5.35111E-1 3.74588E-1 3.11041E-1 2.62377E-1 2.38106E-1 2.03651E-1 1.49308E-1 1.12615E-1 7.29065E-2 7.74566E-2 6.42767E-2 3.36396E-2 1.57901E-1 1.52468E-1 8.21732E-2 1.32073E-1 1.88457E-1 2.44363E-1 3.36828E-1 3.85179E-1 3.7942E-1 2.88993E-1 2.62778E-1 4.08195E-1 3.49877E-1 4.04619E-1 4.41657E-1 2.63742E-1 4.73367E-1 5.54261E-1 4.36712E-1 3.81993E-1 3.85472E-1 3.46667E-1 3.77232E-1
2.86773E-1 3.1199E-1 4.05129E-1 4.07627E-1 3.84963E-1 4.18192E-1 4.3608E-1 4.21199E-1 4.1818E-1 3.79958E-1 3.5304E-1 3.15492E-1 3.8344E-1 3.81191E-1 4.5465E-1 3.75666E-1 2.70462E-1 2.43073E-1 2.31312E-1 2.81599E-1 3.31493E-1 3.08305E-1 2.97153E-1 3.37816E-1 4.29261E-1 5.18171E-1 3.72141E-1 2.52392E-1 2.46706E-1 2.31495E-1 1.95293E-1 1.5702E-1 1.21601E-1 8.30639E-2 6.39599E-2 4.64836E-2 6.53342E-2 1.36259E-1 1.82538E-1 1.28459E-1 1.76231E-1 1.32604E-1 2.84668E-1 3.77518E-1 4.03916E-1 3.54887E-1 4.13256E-1 4.9474E-1 3.84101E-1 3.48692E-1 4.40603E-1 4.74609E-1 4.39913E-1 4.50358E-1 5.01614E-1 4.32266E-1 3.8247E-1 3.59453E-1 3.09518E-1 3.08591E-1
2.60968E-1 3.20291E-1 3.93262E-1 4.08719E-1 3.94568E-1 4.53579E-1 3.10966E-1 4.72654E-1 4.60349E-1 4.10402E-1 3.88051E-1 3.54743E-1 4.08496E-1 4.14815E-1 4.03659E-1 3.41654E-1 2.64053E-1 2.75304E-1 2.79973E-1 3.45617E-1 3.8948E-1 3.63777E-1 3.14345E-1 3.5351E-1 4.98184E-1 4.84847E-1 3.2515E-1 2.06464E-1 2.25241E-1 2.06621E-1 1.76621E-1 1.56001E-1 1.42532E-1 1.10471E-1 6.69444E-2 4.72475E-2 6.83856E-2 1.15047E-1 2.04708E-1 1.78464E-1 1.80666E-1 2.0673E-1 2.36819E-1 3.59304E-1 3.066E-1 2.8754E-1 4.23867E-1 4.67642E-1 3.22258E-1 3.52095E-1 4.36286E-1 4.7487E-1 4.34367E-1 4.53385E-1 5.18002E-1 4.64293E-1 2.04464E-1 3.84294E-1 3.63512E-1 3.49479E-1
2.57408E-1 3.18022E-1 3.57166E-1 2.03164E-1 4.27311E-1 4.35546E-1 4.62638E-1 4.87836E-1 4.43492E-1 4.05886E-1 3.59173E-1 3.73341E-1 4.6888E-1 1.87524E-1 4.49865E-1 3.66479E-1 3.33541E-1 3.75224E-1 3.88754E-1 4.2198E-1 4.46965E-1 4.35469E-1 3.74072E-1 3.48182E-1 4.60405E-1 4.38444E-1 2.80555E-1 2.28614E-1 2.51174E-1 2.48382E-1 2.22839E-1 1.94665E-1 1.81484E-1 1.80783E-1 1.15614E-1 7.71565E-2 9.46638E-2 1.47754E-1 1.45418E-1 2.39681E-1 1.79809E-1 1.83065E-1 2.14329E-1 3.371E-1 3.52199E-1 3.07251E-1 4.70323E-1 4.71045E-1 2.91882E-1 3.21628E-1 4.12053E-1 5.04762E-1 4.93509E-1 5.21319E-1 5.86141E-1 4.33931E-1 1.99451E-1 3.68599E-1 3.42521E-1 4.1677E-1
2.01186E-1 2.2973E-1 2.67888E-1 3.32195E-1 3.7315E-1 4.07824E-1 4.32838E-1 4.51007E-1 4.22361E-1 3.97476E-1 4.26589E-1 3.88169E-1 4.57353E-1 4.60385E-1 5.39146E-1 5.95198E-1 6.19215E-1 5.93665E-1 6.02602E-1 5.85064E-1 2.67631E-1 2.60414E-1 4.74458E-1 5.34341E-1 5.20722E-1 3.84584E-1 2.3857E-1 1.93977E-1 2.23296E-1 2.28777E-1 1.65909E-1 1.50056E-1 1.77932E-1 1.91672E-1 1.99309E-1 1.064E-1 1.23307E-1 1.45304E-1 1.90473E-1 2.62261E-1 1.62886E-1 1.2647E-1 1.59734E-1 2.95332E-1 3.60681E-1 2.61201E-1 4.41814E-1 4.30388E-1 2.97814E-1 2.57286E-1 3.1375E-1 4.14286E-1 3.82148E-1 1.70219E-1 4.53401E-1 4.38966E-1 4.00946E-1 4.00147E-1 3.35276E-1 1.10769E-1
1.89213E-1 2.11634E-1 2.53437E-1 1.47827E-1 3.66249E-1 3.62273E-1 3.85862E-1 4.00159E-1 4.01853E-1 4.0813E-1 4.63949E-1 3.97012E-1 4.04232E-1 4.54551E-1 4.68529E-1 6.31906E-1 3.24708E-1 5.31511E-1 6.85049E-1 7.02436E-1 6.70012E-1 6.5346E-1 6.61045E-1 6.26065E-1 5.77634E-1 4.09141E-1 3.26665E-1 2.51583E-1 3.28217E-1 8.78472E-2 1.92119E-1 1.79809E-1 1.67389E-1 1.91893E-1 2.49301E-1 2.25651E-1 9.85755E-2 1.71998E-1 1.67615E-1 2.48439E-1 2.31587E-1 1.18866E-1 1.83823E-1 3.11716E-1 3.77305E-1 2.73371E-1 3.98879E-1 4.13205E-1 4.74469E-1 3.26694E-1 3.52308E-1 4.81198E-1 4.02584E-1 3.65197E-1 4.22066E-1 4.5067E-1 3.58427E-1 4.1047E-1 1.95198E-1 2.38382E-1
1.76136E-1 2.01183E-1 8.36827E-2 3.11621E-1 2.91391E-1 3.47917E-1 3.35189E-1 3.83533E-1 4.36032E-1 4.68523E-1 5.55765E-1 4.81341E-1 1.82586E-1 3.46544E-1 1.3658E-1 4.64066E-1 5.3464E-1 5.19916E-1 6.4321E-1 6.21434E-1 6.27328E-1 6.01251E-1 6.50334E-1 6.39592E-1 5.27443E-1 2.65953E-1 2.40451E-1 3.6386E-1 1.79095E-1 1.72083E-1 1.69981E-1 1.37546E-1 1.53784E-1 1.43E-1 2.1782E-1 2.33631E-1 2.85996E-1 1.28399E-1 2.16698E-1 3.04533E-1 2.78145E-1 1.71785E-1 1.6499E-1 3.11166E-1 3.70595E-1 2.56288E-1 3.54048E-1 4.99593E-1 3.28032E-1 4.03246E-1 3.81312E-1 4.45101E-1 4.21894E-1 2.97883E-1 3.49558E-1 3.94581E-1 3.98859E-1 1.91645E-1 3.1874E-1 2.42558E-1
1.75144E-1 1.99312E-1 3.78392E-1 3.02199E-1 2.17237E-1 3.81541E-1 3.76289E-1 4.5506E-1 4.88007E-1 3.45582E-1 5.7021E-1 5.24987E-1 4.48706E-1 5.08138E-1 2.53842E-1 6.04523E-1 5.93335E-1 5.86124E-1 5.95855E-1 5.99786E-1 5.37021E-1 3.96959E-1 6.09842E-1 5.93379E-1 4.19E-1 3.7631E-1 3.39214E-1 3.67176E-1 1.93248E-1 1.80876E-1 1.69724E-1 1.1883E-1 1.38124E-1 1.56826E-1 1.92581E-1 2.22904E-1 3.00141E-1 3.13597E-1 2.65558E-1 3.18693E-1 3.23392E-1 3.12885E-1 2.08137E-1 2.99708E-1 3.51618E-1 2.44488E-1 3.04126E-1 4.66476E-1 5.00026E-1 4.80843E-1 4.21767E-1 4.07306E-1 4.54595E-1 2.94268E-1 3.12812E-1 2.92981E-1 2.52652E-1 3.50265E-1 2.39759E-1 1.82819E-1
