Phytophthora/models/20240604_1618_19/Phytophthora_PA3_RUN8_MAXENT_outputs/projMaxent.asc
ncols         225
nrows         269
xllcorner     473009.9838
yllcorner     4429051.1748
cellsize      50.0
NODATA_value  -9999
[rows 104 to 129 of 269, columns 59 to 117 of 225]
2.7861E-2 7.33588E-2 6.71034E-2 1.29014E-1 8.90686E-2 1.06437E-1 1.30599E-1 1.95646E-1 8.84261E-2 1.51955E-1 1.86781E-1 1.41527E-1 1.21638E-1 1.24386E-1 1.32653E-1 2.05581E-1 1.34245E-1 1.59481E-1 2.04317E-1 2.8753E-1 5.05279E-1 2.75949E-1 1.12685E-1 9.21794E-2 6.55048E-2 5.93915E-2 4.18902E-2 3.23564E-2 4.30536E-2 4.14932E-2 5.42457E-2 3.63509E-2 4.85191E-2 5.95587E-2 4.31565E-2 5.3548E-2 8.17125E-2 2.00847E-1 3.55273E-1 2.28107E-1 1.58907E-1 6.00924E-2 3.82602E-2 7.30268E-2 4.97481E-2 1.64262E-1 2.58244E-1 2.08847E-1 7.6754E-2 1.07271E-1 6.18457E-2 4.81407E-2 7.08753E-2 1.2126E-1 7.55685E-2 1.85159E-1 1.96459E-1 2.00288E-1 2.0274E-1
2.19431E-2 5.18097E-2 6.69526E-2 1.23321E-1 1.30363E-1 9.83355E-2 1.20607E-1 6.73535E-2 1.76037E-1 1.59693E-1 1.32621E-1 9.93648E-2 9.50702E-2 9.71806E-2 1.48652E-1 1.94849E-1 7.44626E-2 5.69082E-2 9.79499E-2 2.55646E-1 4.4213E-1 4.94004E-1 1.33655E-1 1.03173E-1 4.87317E-2 2.45677E-2 2.63786E-2 3.48226E-2 2.75881E-2 3.32324E-2 3.77972E-2 5.09787E-2 3.48267E-2 2.90687E-2 3.37658E-2 3.85369E-2 4.90467E-2 8.3415E-2 7.2321E-2 5.21586E-2 9.75695E-2 1.16409E-1 1.21227E-1 1.33451E-1 1.69491E-1 1.82275E-1 2.78455E-1 1.30886E-1 8.11825E-2 8.67801E-2 7.49494E-2 1.03352E-1 7.65101E-2 1.17598E-1 8.07569E-2 1.29119E-1 1.54773E-1 2.62237E-1 1.85697E-1
2.86575E-2 3.0615E-2 7.77346E-2 1.14702E-1 1.45928E-1 1.66544E-1 1.88968E-1 2.08633E-1 1.61425E-1 1.79969E-1 1.1309E-1 9.07782E-2 1.126E-1 8.33E-2 1.35301E-1 1.66012E-1 1.14287E-1 5.33234E-2 6.42715E-2 1.67039E-1 3.62528E-1 2.00195E-1 1.0287E-1 9.27573E-2 4.54313E-2 2.45876E-2 4.31018E-2 3.60938E-2 2.89458E-2 2.62216E-2 2.91693E-2 5.53919E-2 2.14468E-2 2.91643E-2 3.64062E-2 4.56821E-2 4.43071E-2 6.73449E-2 4.16596E-2 5.55553E-2 9.13596E-2 1.28457E-1 2.06438E-1 2.08666E-1 2.47964E-1 2.16848E-1 1.38413E-1 1.1348E-1 1.2659E-1 8.98496E-2 4.86693E-2 9.32977E-2 8.51143E-2 1.09624E-1 1.18989E-1 9.46635E-2 1.10469E-1 3.98416E-1 4.00346E-1
2.04284E-2 2.65044E-2 6.52168E-2 1.04185E-1 1.50437E-1 2.05509E-1 2.28777E-1 1.75706E-1 1.46246E-1 1.40362E-1 1.12265E-1 9.43693E-2 1.09793E-1 7.31122E-2 8.79578E-2 1.28457E-1 1.30935E-1 7.17203E-2 6.83503E-2 9.76573E-2 2.12434E-1 8.33533E-2 6.06028E-2 5.97484E-2 3.97363E-2 4.69312E-2 6.0941E-2 6.28715E-2 6.90596E-2 5.28312E-2 5.78502E-2 2.83596E-2 2.20525E-2 3.20834E-2 3.61477E-2 4.02607E-2 5.84433E-2 6.85869E-2 4.38796E-2 9.02302E-2 1.2745E-1 1.95285E-1 1.58545E-1 2.32939E-1 2.29926E-1 2.14555E-1 1.76684E-1 5.22361E-2 1.58234E-1 1.18344E-1 7.4125E-2 5.28498E-2 1.06465E-1 1.30591E-1 2.34836E-1 3.10674E-1 2.99697E-1 1.71376E-1 1.85188E-1
2.51349E-2 5.17528E-2 7.48689E-2 1.09185E-1 1.1719E-1 7.02898E-2 8.61368E-2 9.49419E-2 1.6066E-1 1.88703E-1 1.40569E-1 1.26692E-1 1.28728E-1 9.65045E-2 8.33628E-2 1.27056E-1 1.07952E-1 1.01797E-1 9.83957E-2 1.42716E-1 1.25144E-1 4.99953E-2 4.93877E-2 6.96062E-2 5.19694E-2 8.2832E-2 7.54489E-2 1.02953E-1 1.13241E-1 5.9081E-2 4.72866E-2 2.84998E-2 2.29987E-2 3.23536E-2 3.18987E-2 2.3091E-2 1.73971E-2 3.09055E-2 5.21703E-2 9.00449E-2 1.0342E-1 1.54046E-1 2.21202E-1 2.37492E-1 1.75215E-1 1.70905E-1 7.36941E-2 6.67987E-2 6.61119E-2 8.52743E-2 4.61828E-2 5.61959E-2 8.33326E-2 2.13742E-1 2.7479E-1 3.81736E-1 3.83456E-1 3.70482E-1 1.22742E-1
2.06632E-2 6.46312E-2 1.35488E-1 7.62176E-2 1.40773E-1 9.55747E-2 7.94463E-2 8.64937E-2 1.32278E-1 1.63225E-1 1.3415E-1 1.68712E-1 1.62828E-1 1.0097E-1 1.29251E-1 1.12398E-1 1.04977E-1 1.39636E-1 1.54971E-1 2.20479E-1 2.13412E-1 8.06242E-2 8.96026E-2 1.48399E-1 9.51061E-2 5.43958E-2 8.51804E-2 1.01471E-1 8.41139E-2 5.90666E-2 4.77959E-2 3.50669E-2 4.13739E-2 4.84029E-2 3.32545E-2 1.74826E-2 1.20748E-2 2.15699E-2 3.16516E-2 4.56868E-2 7.35478E-2 1.3726E-1 1.93377E-1 1.18475E-1 1.48587E-1 8.69873E-2 4.90721E-2 5.82256E-2 1.00228E-1 4.4582E-2 3.14771E-2 5.74461E-2 1.45849E-1 2.47951E-1 1.52536E-1 1.96992E-1 2.22952E-1 2.61315E-1 1.47947E-1
1.56647E-2 2.3354E-2 1.09824E-1 1.57973E-1 1.19401E-1 7.89285E-2 9.16566E-2 7.20367E-2 1.42906E-1 1.82591E-1 2.45732E-1 2.018E-1 1.93719E-1 1.22222E-1 1.69933E-1 2.06511E-1 1.81539E-1 1.85262E-1 2.5871E-1 2.31665E-1 3.32419E-1 2.53831E-1 2.05226E-1 2.93722E-1 2.36678E-1 1.50113E-1 1.7615E-1 6.48012E-2 4.54451E-2 4.43002E-2 3.97633E-2 3.7329E-2 4.71897E-2 4.38271E-2 2.81797E-2 2.1205E-2 1.35365E-2 1.07556E-2 9.71259E-3 2.91521E-2 8.28775E-2 1.59084E-1 1.25263E-1 7.31638E-2 9.7074E-2 6.52986E-2 8.22122E-2 1.24651E-1 6.37898E-2 3.79939E-2 2.96328E-2 5.21635E-2 1.02134E-1 1.12945E-1 7.78752E-2 6.84636E-2 1.55879E-1 1.76652E-1 2.07409E-1
2.40321E-2 2.74382E-2 5.39415E-2 1.51858E-1 8.75751E-2 9.28235E-2 9.16386E-2 5.93377E-2 1.42158E-1 2.63726E-1 3.19052E-1 2.91773E-1 2.3068E-1 1.6148E-1 1.97981E-1 2.43834E-1 2.44945E-1 2.43001E-1 2.08221E-1 3.91026E-1 3.62776E-1 3.64703E-1 3.14727E-1 2.98748E-1 2.57146E-1 1.23458E-1 9.11557E-2 2.40609E-2 6.21774E-2 6.5418E-2 6.59913E-2 4.53419E-2 4.11827E-2 3.7708E-2 1.57505E-2 1.83092E-2 1.43858E-2 1.07096E-2 1.35155E-2 5.18003E-2 1.05158E-1 7.0067E-2 1.32629E-1 7.74379E-2 9.06454E-2 6.55578E-2 1.45036E-1 1.30328E-1 8.06802E-2 5.48786E-2 5.63404E-2 6.48361E-2 5.93299E-2 5.82257E-2 5.76523E-2 5.66663E-2 8.55106E-2 1.01804E-1 1.62916E-1
1.89365E-2 2.37841E-2 9.17488E-2 1.23518E-1 1.03203E-1 7.08936E-2 3.92777E-2 4.1125E-2 1.08393E-1 1.6135E-1 1.67471E-1 2.88329E-1 1.48963E-1 1.3236E-1 2.48896E-1 3.37364E-1 2.68739E-1 1.63451E-1 1.82098E-1 2.83087E-1 2.90677E-1 3.16836E-1 2.7516E-1 2.30806E-1 1.68903E-1 9.6573E-2 6.37697E-2 6.63175E-2 8.75367E-2 1.10087E-1 1.14392E-1 1.83854E-1 9.87336E-2 3.18407E-2 1.38573E-2 1.88825E-2 1.37614E-2 1.4431E-2 3.06064E-2 4.84886E-2 6.37879E-2 6.76889E-2 8.264E-2 6.74801E-2 4.25119E-2 6.36869E-2 1.22596E-1 9.75677E-2 9.76341E-2 6.21234E-2 7.60344E-2 6.34141E-2 6.10101E-2 7.10087E-2 8.64938E-2 1.00431E-1 9.64038E-2 7.72518E-2 1.40948E-1
1.83034E-2 3.68243E-2 1.06517E-1 9.71547E-2 1.015E-1 6.68241E-2 6.14741E-2 6.39666E-2 8.30297E-2 5.84789E-2 1.18541E-1 1.52193E-1 8.15244E-2 1.53331E-1 2.81756E-1 4.24967E-1 3.29891E-1 2.76172E-1 2.13072E-1 1.49953E-1 1.74321E-1 1.27912E-1 1.13304E-1 2.25996E-1 1.86875E-1 9.95895E-2 8.64099E-2 9.14017E-2 7.1075E-2 7.00662E-2 5.16536E-2 1.17784E-1 2.30269E-2 1.03965E-2 1.12119E-2 9.16779E-3 1.56073E-2 1.61255E-2 1.36157E-2 2.21653E-2 2.71446E-2 3.83457E-2 5.56661E-2 5.56067E-2 8.4958E-2 9.81586E-2 1.19375E-1 5.10172E-2 5.18565E-2 5.6505E-2 3.87586E-2 4.43975E-2 6.36977E-2 5.34605E-2 7.75488E-2 1.558E-1 1.56129E-1 1.15493E-1 1.9949E-1
3.68431E-2 4.76328E-2 1.04435E-1 9.80809E-2 1.04262E-1 1.12625E-1 1.40033E-1 8.20428E-2 7.32615E-2 6.89181E-2 8.94623E-2 9.48261E-2 1.12903E-1 3.30877E-1 2.98952E-1 3.6451E-1 2.23713E-1 1.23765E-1 1.2679E-1 1.13326E-1 1.35104E-1 1.44687E-1 2.09028E-1 1.5055E-1 1.26686E-1 1.2257E-1 8.6137E-2 8.09506E-2 4.87911E-2 2.6461E-2 5.01414E-2 3.85812E-2 7.73274E-3 1.1456E-2 1.10052E-2 1.10965E-2 2.08478E-2 6.50505E-2 3.67967E-2 3.89324E-2 4.7949E-2 6.04176E-2 5.6644E-2 6.32726E-2 5.72937E-2 5.87283E-2 1.12771E-1 1.32993E-1 1.2675E-1 5.20899E-2 6.08514E-2 4.29694E-2 4.26746E-2 7.55329E-2 7.61963E-2 9.44862E-2 8.17318E-2 1.20118E-1 3.24869E-1
1.20315E-1 1.46882E-1 1.12063E-1 5.19634E-2 1.17843E-1 1.26074E-1 1.56186E-1 1.24062E-1 7.54854E-2 4.54324E-2 6.93122E-2 1.08955E-1 2.10239E-1 3.09541E-1 2.63766E-1 3.6508E-1 2.13868E-1 1.4652E-1 9.94862E-2 9.74311E-2 1.05979E-1 1.33966E-1 1.89949E-1 1.3756E-1 1.00485E-1 1.15635E-1 7.45804E-2 5.52156E-2 2.90464E-2 1.37699E-2 1.78347E-2 1.29397E-2 9.01022E-3 8.81248E-3 9.58567E-3 1.14174E-2 2.16047E-2 4.36322E-2 4.45683E-2 6.99229E-2 7.2687E-2 5.95683E-2 6.39187E-2 7.10069E-2 5.54509E-2 4.71222E-2 6.57901E-2 9.02885E-2 4.47823E-2 4.93752E-2 1.83072E-2 5.3411E-2 7.5554E-2 1.37152E-1 9.32143E-2 6.71766E-2 5.17229E-2 1.29544E-1 4.07952E-1
5.64883E-2 1.00364E-1 4.13187E-2 4.16809E-2 9.65725E-2 1.4455E-1 1.48913E-1 5.94653E-2 4.73372E-2 3.24305E-2 4.63303E-2 1.54403E-1 2.94744E-1 4.3931E-1 3.80001E-1 4.44979E-1 2.13455E-1 1.29903E-1 9.38739E-2 1.05017E-1 9.33403E-2 8.89734E-2 1.67267E-1 1.34041E-1 8.16995E-2 8.43254E-2 1.012E-1 9.47162E-2 4.04846E-2 1.20982E-2 1.10779E-2 7.69604E-3 6.21341E-3 6.19012E-3 9.10656E-3 1.12175E-2 1.9878E-2 4.66975E-2 4.79167E-2 4.23928E-2 3.24659E-2 5.68756E-2 5.63164E-2 8.02248E-2 7.95113E-2 8.50463E-2 4.41311E-2 2.70219E-2 3.76237E-2 3.97119E-2 2.58536E-2 5.16829E-2 1.00377E-1 9.653E-2 6.88849E-2 5.22428E-2 7.00309E-2 1.37768E-1 2.37901E-1
8.63804E-2 4.57486E-2 4.37432E-2 4.87837E-2 4.44981E-2 8.1564E-2 1.31931E-1 7.07208E-2 3.36549E-2 3.00218E-2 6.7217E-2 2.1521E-1 4.60819E-1 2.61475E-1 3.06032E-1 4.87704E-1 1.83315E-1 1.45892E-1 1.29146E-1 1.08213E-1 7.89327E-2 7.59954E-2 1.39174E-1 1.14159E-1 7.10997E-2 8.21187E-2 1.31488E-1 6.71455E-2 2.94116E-2 1.3042E-2 1.19364E-2 8.89892E-3 6.21206E-3 7.27777E-3 1.17579E-2 1.51876E-2 2.97862E-2 7.39251E-2 9.14453E-2 8.86584E-2 7.88592E-2 7.51331E-2 1.11374E-1 7.01507E-2 4.46391E-2 3.89297E-2 2.96395E-2 1.96743E-2 2.34993E-2 2.63423E-2 2.09699E-2 4.11953E-2 7.08189E-2 5.63487E-2 4.47998E-2 5.39657E-2 7.6992E-2 1.50579E-1 2.26584E-1
4.2919E-2 4.76857E-2 5.08748E-2 5.18842E-2 3.96296E-2 2.74494E-2 8.80035E-2 6.35711E-2 3.24564E-2 3.57104E-2 6.26672E-2 1.46747E-1 2.3926E-1 1.07416E-1 3.60316E-1 4.06508E-1 3.2448E-1 1.92681E-1 2.70058E-1 2.32078E-1 7.84059E-2 7.86836E-2 1.03802E-1 1.37208E-1 7.94394E-2 7.55295E-2 1.38156E-1 3.80122E-2 2.61392E-2 1.6608E-2 2.06873E-2 1.24947E-2 8.05556E-3 9.42614E-3 1.69433E-2 6.51457E-2 8.36325E-2 9.29031E-2 3.9703E-2 7.49746E-2 9.31322E-2 8.20984E-2 6.50265E-2 4.41893E-2 2.94169E-2 2.39728E-2 2.17219E-2 1.70501E-2 1.40115E-2 2.53895E-2 3.40445E-2 5.17841E-2 5.18409E-2 4.05873E-2 5.67684E-2 5.72649E-2 8.10948E-2 1.4562E-1 2.1839E-1
4.68178E-2 7.39522E-2 7.39234E-2 5.68562E-2 5.02468E-2 3.10012E-2 7.71093E-2 1.0228E-1 5.81202E-2 4.8605E-2 8.62062E-2 1.76505E-1 2.50112E-1 3.41194E-1 3.05901E-1 6.22812E-1 6.41989E-1 2.87037E-1 3.56978E-1 3.90186E-1 1.25274E-1 1.408E-1 2.30995E-1 3.08431E-1 1.32912E-1 1.63678E-1 1.70017E-1 3.47524E-2 2.78098E-2 3.48577E-2 3.14659E-2 1.43917E-2 9.01273E-3 9.44875E-3 2.77222E-2 8.16234E-2 5.80922E-2 5.32048E-2 6.46694E-2 1.07772E-1 7.00291E-2 3.29196E-2 3.60867E-2 3.68587E-2 3.54602E-2 2.3233E-2 1.64257E-2 1.49599E-2 1.31674E-2 1.86702E-2 2.67702E-2 3.52356E-2 3.60345E-2 5.98877E-2 8.88113E-2 8.37171E-2 8.87847E-2 1.53852E-1 2.12113E-1
7.12756E-2 7.66237E-2 1.49826E-1 8.53064E-2 5.673E-2 5.00463E-2 5.23458E-2 5.62957E-2 6.72064E-2 7.78129E-2 1.10892E-1 1.6994E-1 2.41062E-1 2.54436E-1 2.38673E-1 6.30828E-1 6.61456E-1 5.34829E-1 4.16902E-1 3.20722E-1 2.98168E-1 2.84027E-1 4.06062E-1 3.36172E-1 1.35516E-1 2.20982E-1 1.278E-1 4.36545E-2 4.55931E-2 4.57979E-2 3.83981E-2 1.8396E-2 1.217E-2 1.07807E-2 1.98935E-2 3.08708E-2 2.586E-2 3.18288E-2 5.84304E-2 5.58747E-2 8.47661E-2 2.93569E-2 4.2013E-2 2.65347E-2 2.83745E-2 2.19145E-2 1.31262E-2 1.3051E-2 1.17076E-2 1.26593E-2 1.94903E-2 2.91253E-2 3.65517E-2 4.38158E-2 7.85587E-2 8.97275E-2 1.03661E-1 1.04088E-1 1.47125E-1
1.53031E-1 2.69632E-1 1.66377E-1 8.3023E-2 7.79219E-2 5.33247E-2 8.75406E-2 8.26179E-2 7.91237E-2 8.14462E-2 1.04597E-1 1.70031E-1 1.78234E-1 2.05408E-1 3.42624E-1 7.16446E-1 5.59049E-1 4.17273E-1 4.55042E-1 4.01826E-1 3.84848E-1 4.48199E-1 3.36291E-1 2.59875E-1 2.47435E-1 1.78096E-1 1.16612E-1 7.13354E-2 5.26491E-2 7.37216E-2 4.14912E-2 3.15063E-2 2.57075E-2 1.9811E-2 2.5295E-2 3.18654E-2 3.73507E-2 3.16855E-2 5.69121E-2 1.18232E-1 5.96366E-2 3.15307E-2 4.02725E-2 2.68484E-2 3.66811E-2 3.19173E-2 1.72419E-2 1.64348E-2 1.67592E-2 1.76965E-2 2.03377E-2 2.47205E-2 2.93873E-2 2.76675E-2 4.19197E-2 6.84356E-2 1.12255E-1 1.08057E-1 2.41789E-1
1.94828E-1 2.82143E-1 1.4577E-1 8.52167E-2 8.72713E-2 1.66964E-1 1.96545E-1 1.11959E-1 1.27877E-1 9.37359E-2 8.27062E-2 1.31282E-1 1.1587E-1 1.95064E-1 3.8933E-1 7.65993E-1 4.77488E-1 4.30394E-1 4.8115E-1 4.69525E-1 5.17875E-1 4.56898E-1 4.377E-1 2.64299E-1 1.60516E-1 1.13984E-1 9.76378E-2 6.64673E-2 8.99814E-2 8.75384E-2 4.54065E-2 4.64164E-2 4.06499E-2 3.15107E-2 3.43617E-2 4.21208E-2 5.98347E-2 5.16061E-2 5.62338E-2 6.41614E-2 8.89491E-2 6.42266E-2 3.16415E-2 2.61314E-2 4.08429E-2 4.8269E-2 3.75515E-2 4.11131E-2 3.54091E-2 5.06042E-2 2.65161E-2 2.85016E-2 3.19456E-2 2.79214E-2 4.65617E-2 5.72972E-2 9.78151E-2 2.33141E-1 1.6658E-1
1.30398E-1 1.74803E-1 1.206E-1 9.34118E-2 5.89599E-2 1.17702E-1 1.9246E-1 1.73798E-1 9.55089E-2 6.40035E-2 6.26549E-2 1.43112E-1 1.80892E-1 1.65306E-1 5.198E-1 5.56938E-1 4.34615E-1 5.40109E-1 5.20408E-1 4.44446E-1 3.70563E-1 2.92553E-1 3.0992E-1 8.99625E-2 6.03872E-2 1.13268E-1 1.49705E-1 1.25615E-1 1.00225E-1 1.01521E-1 2.88573E-2 4.69555E-2 3.0361E-2 3.59742E-2 5.82912E-2 7.01054E-2 7.82381E-2 3.92905E-2 6.26518E-2 6.81533E-2 7.35413E-2 3.43186E-2 3.28164E-2 3.94961E-2 4.01728E-2 4.42635E-2 4.0016E-2 5.23899E-2 4.07945E-2 4.77866E-2 7.16277E-2 4.59267E-2 3.77615E-2 4.11578E-2 5.97076E-2 6.2155E-2 1.1248E-1 3.31574E-1 3.88689E-1
1.152E-1 1.20644E-1 1.40428E-1 9.53996E-2 1.01094E-1 1.05895E-1 1.0478E-1 2.18892E-1 1.65331E-1 1.06672E-1 9.51786E-2 1.86798E-1 4.51213E-1 5.7821E-1 6.63631E-1 2.62093E-1 6.69488E-1 6.83041E-1 5.21489E-1 3.33897E-1 2.78956E-1 4.98986E-1 3.4111E-1 5.76164E-2 2.94049E-2 1.39006E-1 1.6314E-1 1.24041E-1 7.68647E-2 1.11654E-1 6.30241E-2 7.17583E-2 6.58872E-2 7.58734E-2 1.01287E-1 1.13972E-1 7.31006E-2 6.99881E-2 7.06738E-2 5.65148E-2 4.68403E-2 3.10451E-2 3.89228E-2 5.09823E-2 5.35204E-2 4.94279E-2 4.80026E-2 7.08686E-2 5.19206E-2 4.14376E-2 6.816E-2 6.23771E-2 4.7225E-2 4.63283E-2 9.93075E-2 1.09574E-1 1.63383E-1 3.81323E-1 3.60434E-1
1.54898E-1 1.43424E-1 1.32202E-1 1.20522E-1 1.6772E-1 1.39365E-1 1.64859E-1 2.14481E-1 2.28979E-1 3.01583E-1 2.62637E-1 3.92486E-1 5.28256E-1 5.36208E-1 5.92411E-1 5.31291E-1 8.56186E-1 7.54773E-1 4.4575E-1 3.60295E-1 3.36901E-1 3.28566E-1 1.71164E-1 4.43629E-2 4.22352E-2 1.74314E-1 1.25853E-1 1.25869E-1 9.53473E-2 1.22949E-1 6.40748E-2 7.66191E-2 7.63356E-2 8.17387E-2 1.04394E-1 7.55544E-2 3.21489E-2 2.09983E-2 5.46855E-2 4.84395E-2 4.50001E-2 3.74472E-2 5.44779E-2 7.42355E-2 7.67202E-2 8.79905E-2 8.95657E-2 9.9105E-2 6.53501E-2 5.58787E-2 4.73821E-2 4.79522E-2 7.75998E-2 7.50881E-2 1.25079E-1 1.36983E-1 2.67486E-1 3.84435E-1 4.1889E-1
2.05944E-1 2.23131E-1 1.54256E-1 1.73949E-1 2.34466E-1 1.64126E-1 1.85538E-1 2.08983E-1 2.21185E-1 3.54066E-1 3.32542E-1 3.21738E-1 2.92607E-1 3.83848E-1 4.27044E-1 3.11675E-1 4.53903E-1 3.13744E-1 2.04765E-1 2.08728E-1 1.55665E-1 1.65274E-1 1.20069E-1 4.23789E-2 5.01739E-2 1.64143E-1 1.92402E-1 1.49661E-1 1.12021E-1 1.2586E-1 1.16875E-1 1.00476E-1 8.63915E-2 8.76805E-2 4.28534E-2 4.54597E-2 3.65377E-2 2.99156E-2 5.1111E-2 6.02346E-2 4.63317E-2 5.47755E-2 7.46497E-2 9.08829E-2 1.10868E-1 1.47706E-1 1.24296E-1 9.42674E-2 6.23153E-2 7.62592E-2 5.26739E-2 5.93588E-2 7.09815E-2 4.95369E-2 9.68462E-2 1.35158E-1 2.39386E-1 3.49562E-1 3.12881E-1
9.45022E-2 1.81211E-1 1.74839E-1 2.19228E-1 2.64102E-1 2.02434E-1 1.2516E-1 1.88516E-1 1.83404E-1 2.81299E-1 4.68483E-1 5.40199E-1 2.11382E-1 3.19846E-1 4.60553E-1 4.55447E-1 3.90783E-1 2.49719E-1 1.68161E-1 1.22E-1 8.25806E-2 9.1241E-2 6.2507E-2 5.85507E-2 5.60298E-2 1.30749E-1 1.64034E-1 1.31195E-1 1.00623E-1 8.41067E-2 9.33546E-2 1.09374E-1 1.20511E-1 9.89594E-2 4.36573E-2 3.62045E-2 5.06553E-2 7.24811E-2 8.26335E-2 1.01689E-1 1.27011E-1 1.01001E-1 9.67428E-2 1.9127E-1 2.31499E-1 1.6341E-1 1.11504E-1 1.12929E-1 1.07096E-1 7.49505E-2 5.74684E-2 1.01375E-1 1.47563E-1 6.86387E-2 1.0782E-1 1.3762E-1 1.46306E-1 1.85171E-1 4.06123E-1
2.25426E-1 1.33687E-1 1.494E-1 1.93885E-1 3.54516E-1 3.33957E-1 1.82424E-1 1.55539E-1 2.37294E-1 4.19841E-1 5.71558E-1 5.92697E-1 6.10006E-1 3.28339E-1 4.6868E-1 4.94984E-1 3.58372E-1 3.14148E-1 2.0014E-1 1.06808E-1 1.04497E-1 1.13422E-1 8.21177E-2 4.37643E-2 5.44786E-2 7.82768E-2 1.0926E-1 1.30386E-1 8.99856E-2 1.35737E-1 1.24929E-1 9.32104E-2 1.36825E-1 1.39468E-1 1.02488E-1 6.75648E-2 5.06207E-2 6.88673E-2 8.174E-2 1.28866E-1 1.32841E-1 9.5231E-2 1.16798E-1 2.21212E-1 1.89376E-1 1.26432E-1 1.23428E-1 1.13211E-1 8.35774E-2 6.53838E-2 5.82358E-2 1.2057E-1 2.34704E-1 1.23291E-1 1.27338E-1 1.77422E-1 1.94156E-1 1.98783E-1 4.54315E-1
1.89615E-1 1.3959E-1 1.98885E-1 2.11324E-1 2.31476E-1 4.53671E-1 2.40633E-1 2.76485E-1 4.84639E-1 4.62407E-1 5.71799E-1 6.39819E-1 7.08128E-1 6.41395E-1 4.06395E-1 6.19247E-1 3.96107E-1 2.46762E-1 1.6034E-1 1.26219E-1 1.27794E-1 1.80658E-1 1.21859E-1 4.41405E-2 5.07573E-2 6.40792E-2 9.81574E-2 1.37411E-1 8.40365E-2 1.05535E-1 1.0895E-1 1.09863E-1 1.27722E-1 1.73694E-1 1.22028E-1 1.67638E-1 9.11427E-2 9.81645E-2 9.26056E-2 9.75447E-2 2.34603E-1 9.76445E-2 6.48603E-2 1.3677E-1 1.59014E-1 1.32748E-1 1.36549E-1 1.58305E-1 1.28719E-1 7.49827E-2 6.55686E-2 1.39184E-1 2.76363E-1 1.84026E-1 2.21491E-1 3.44166E-1 4.29793E-1 2.60146E-1 2.57746E-1
