Phytophthora/models/20240604_1618_19/Phytophthora_PA3_RUN8_MAXENT_outputs/projMaxent.asc
ncols         225
nrows         269
xllcorner     473009.9838
yllcorner     4429051.1748
cellsize      50.0
NODATA_value  -9999
[rows 182 to 207 of 269, columns 118 to 176 of 225]
7.81602E-1 7.29272E-1 8.64586E-1 7.97419E-1 6.11281E-1 6.06354E-1 5.64456E-1 6.23482E-1 5.67855E-1 5.08676E-1 4.50359E-1 2.18372E-1 1.80977E-1 1.49639E-1 1.47343E-1 1.7991E-1 2.06249E-1 1.91897E-1 1.36047E-1 1.88034E-1 3.62208E-1 4.71061E-1 4.2067E-1 5.6615E-1 6.8647E-1 5.17692E-1 4.36784E-1 1.89435E-1 1.18095E-1 8.43892E-2 8.005E-2 5.48419E-2 4.37761E-2 6.72978E-2 1.45375E-1 3.61525E-1 4.48869E-1 2.90434E-1 1.96924E-1 4.03597E-1 5.68304E-1 2.94831E-1 5.73301E-1 6.29271E-1 5.46163E-1 4.97349E-1 5.33988E-1 2.7792E-1 1.64873E-1 2.4126E-1 3.01247E-1 2.70899E-1 1.70275E-1 1.83629E-1 3.64233E-1 3.76719E-1 3.31797E-1 3.50683E-1 3.41779E-1
9.09294E-1 8.97376E-1 7.83319E-1 7.63595E-1 7.0869E-1 4.87019E-1 7.05538E-1 6.55825E-1 6.04254E-1 5.50883E-1 4.80696E-1 3.23499E-1 2.45129E-1 2.56769E-1 1.5149E-1 1.67208E-1 2.68443E-1 3.61573E-1 2.45443E-1 1.52999E-1 3.02875E-1 6.849E-1 6.4548E-1 6.65708E-1 5.95466E-1 4.02816E-1 3.64069E-1 2.3387E-1 1.60177E-1 9.86735E-2 6.35776E-2 7.781E-2 6.99204E-2 5.26652E-2 1.03682E-1 2.35258E-1 1.76171E-1 1.52834E-1 2.1872E-1 3.67119E-1 3.88021E-1 3.1764E-1 6.67638E-1 7.14015E-1 5.7423E-1 5.41386E-1 5.1494E-1 3.42433E-1 3.31816E-1 2.24899E-1 3.91531E-1 2.12047E-1 1.23963E-1 2.06753E-1 4.22652E-1 3.3972E-1 3.5272E-1 4.06188E-1 3.78327E-1
9.29609E-1 9.10453E-1 7.92613E-1 7.27313E-1 7.41125E-1 6.06884E-1 5.04959E-1 6.53273E-1 4.92702E-1 5.14876E-1 4.60184E-1 4.83169E-1 4.8346E-1 3.51356E-1 2.10647E-1 1.57195E-1 1.54999E-1 3.06597E-1 2.92945E-1 1.90511E-1 2.20254E-1 3.21133E-1 5.3682E-1 5.17341E-1 2.9041E-1 5.64712E-1 2.47381E-1 2.05807E-1 1.99181E-1 1.17466E-1 5.36595E-2 5.98698E-2 8.42425E-2 8.63618E-2 1.01982E-1 1.08724E-1 8.97758E-2 1.12593E-1 2.12816E-1 2.77583E-1 3.31901E-1 4.82314E-1 7.50604E-1 7.71737E-1 5.8303E-1 4.88622E-1 6.7257E-1 6.40599E-1 5.50083E-1 4.43592E-1 4.71423E-1 3.37044E-1 2.77602E-1 3.79928E-1 4.34298E-1 3.0869E-1 2.1411E-1 3.00677E-1 5.3669E-1
9.28348E-1 9.02578E-1 7.50048E-1 7.6185E-1 7.98375E-1 7.07214E-1 4.71653E-1 6.66649E-1 6.53811E-1 6.17945E-1 5.23017E-1 5.72324E-1 5.4472E-1 5.08569E-1 5.06604E-1 2.59579E-1 1.66443E-1 2.13306E-1 2.3436E-1 2.16331E-1 2.00245E-1 2.04038E-1 5.44275E-1 3.6865E-1 2.28122E-1 1.89717E-1 2.44342E-1 1.69121E-1 1.48017E-1 1.02022E-1 6.11013E-2 4.76272E-2 1.26132E-1 1.95944E-1 2.98915E-1 3.0814E-1 1.96858E-1 2.26598E-1 3.47913E-1 2.22446E-1 3.01798E-1 6.21521E-1 8.15123E-1 8.20243E-1 8.252E-1 5.18234E-1 6.77415E-1 3.40489E-1 2.69615E-1 2.10765E-1 1.26143E-1 1.14678E-1 2.57503E-1 2.97227E-1 3.14896E-1 2.47163E-1 2.99628E-1 4.13931E-1 6.74535E-1
8.40796E-1 8.05855E-1 7.40894E-1 7.81161E-1 8.10912E-1 8.19101E-1 7.73568E-1 6.38501E-1 6.95053E-1 6.60864E-1 6.00841E-1 6.18521E-1 5.7333E-1 6.40521E-1 6.61043E-1 5.24221E-1 3.11745E-1 2.30348E-1 2.52713E-1 1.97562E-1 2.09126E-1 5.00793E-1 4.69453E-1 3.89298E-1 2.16319E-1 1.55617E-1 2.42702E-1 1.80833E-1 1.29277E-1 1.00776E-1 5.15504E-2 6.33961E-2 1.72498E-1 2.05215E-1 2.25421E-1 2.6837E-1 3.34914E-1 4.79354E-1 5.24118E-1 3.74595E-1 3.8971E-1 7.06809E-1 8.32915E-1 6.9726E-1 8.2931E-1 3.30928E-1 4.0778E-1 4.01349E-1 2.15012E-1 1.63083E-1 1.06592E-1 1.33187E-1 1.49608E-1 1.87482E-1 2.22841E-1 3.13759E-1 4.30016E-1 4.89686E-1 6.70239E-1
7.40822E-1 9.06676E-1 8.67113E-1 7.33719E-1 7.49527E-1 8.17495E-1 6.94961E-1 5.16072E-1 7.07507E-1 7.06206E-1 6.51474E-1 7.04086E-1 7.04726E-1 7.5316E-1 7.75995E-1 7.46837E-1 4.55134E-1 3.00676E-1 2.81846E-1 3.12695E-1 3.47071E-1 6.5457E-1 7.85596E-1 4.84075E-1 1.70822E-1 1.47689E-1 1.97616E-1 1.6932E-1 1.17644E-1 1.00611E-1 5.99903E-2 8.06274E-2 1.97245E-1 2.21928E-1 2.38545E-1 2.51455E-1 3.85796E-1 5.24059E-1 3.7696E-1 3.35183E-1 3.70781E-1 6.01528E-1 8.21649E-1 5.59337E-1 8.72048E-1 7.33321E-1 3.9785E-1 3.52105E-1 2.08424E-1 1.57643E-1 1.26031E-1 1.21678E-1 1.33088E-1 1.63923E-1 2.20123E-1 3.92123E-1 4.1962E-1 5.16324E-1 5.95581E-1
7.62575E-1 8.98228E-1 8.77742E-1 8.27542E-1 7.3941E-1 8.37808E-1 7.02655E-1 5.22318E-1 7.35291E-1 7.39551E-1 7.12195E-1 7.85456E-1 7.96774E-1 8.2483E-1 8.46641E-1 8.27584E-1 6.02016E-1 3.90584E-1 3.21265E-1 3.16002E-1 5.47658E-1 7.50041E-1 7.38168E-1 6.36043E-1 2.88255E-1 1.1229E-1 1.00038E-1 1.10548E-1 8.74901E-2 8.2032E-2 6.26159E-2 7.34605E-2 1.63448E-1 2.01029E-1 1.94799E-1 2.6916E-1 3.62291E-1 3.863E-1 3.11973E-1 2.7854E-1 3.00559E-1 4.79163E-1 6.2927E-1 7.41301E-1 8.67312E-1 7.80761E-1 4.41484E-1 2.73349E-1 1.91518E-1 1.5602E-1 1.37583E-1 1.67936E-1 1.88364E-1 2.05149E-1 2.86183E-1 4.07886E-1 4.29105E-1 4.68663E-1 5.93594E-1
7.67709E-1 7.92564E-1 5.88685E-1 7.77166E-1 8.62757E-1 8.66161E-1 8.44895E-1 6.96395E-1 5.61243E-1 7.94936E-1 7.70455E-1 8.38732E-1 8.49984E-1 8.72556E-1 8.91739E-1 8.8026E-1 7.23309E-1 5.02834E-1 2.48089E-1 4.49063E-1 4.78794E-1 5.54538E-1 3.79509E-1 3.27454E-1 3.16221E-1 8.26562E-2 6.83223E-2 7.69794E-2 9.42796E-2 1.07913E-1 9.63017E-2 1.09719E-1 1.84159E-1 2.1825E-1 1.94597E-1 3.23383E-1 2.21995E-1 2.40353E-1 2.452E-1 2.55386E-1 3.17533E-1 4.59156E-1 6.21827E-1 8.698E-1 8.76739E-1 5.24399E-1 5.15774E-1 2.8955E-1 2.28506E-1 1.91731E-1 1.77721E-1 2.45079E-1 2.65049E-1 3.01149E-1 3.53318E-1 3.91528E-1 4.10609E-1 4.49149E-1 5.17161E-1
8.8307E-1 8.57227E-1 7.77577E-1 7.60771E-1 7.57989E-1 7.6647E-1 7.9493E-1 7.99197E-1 8.18819E-1 8.84088E-1 8.36083E-1 8.85091E-1 8.97687E-1 9.07255E-1 9.27295E-1 8.66964E-1 7.11901E-1 3.7132E-1 4.16679E-1 4.63248E-1 4.15736E-1 3.45031E-1 2.87626E-1 2.80472E-1 2.09925E-1 6.10787E-2 9.80328E-2 1.46881E-1 1.75257E-1 1.72713E-1 1.46314E-1 1.60987E-1 2.17481E-1 2.12862E-1 1.78566E-1 2.5601E-1 1.87666E-1 2.02859E-1 2.07175E-1 1.72976E-1 2.77233E-1 3.91381E-1 6.73563E-1 8.58735E-1 8.80791E-1 7.85968E-1 5.74937E-1 4.12178E-1 2.10867E-1 2.37107E-1 2.13438E-1 3.11662E-1 3.44622E-1 4.10896E-1 3.8262E-1 4.58752E-1 4.34033E-1 4.98208E-1 4.26942E-1
8.91608E-1 7.63229E-1 7.34872E-1 8.88713E-1 8.62216E-1 7.5979E-1 8.02877E-1 8.44571E-1 8.94955E-1 9.15532E-1 8.79918E-1 8.8276E-1 9.27581E-1 8.40957E-1 6.72028E-1 4.661E-1 3.14574E-1 4.92773E-1 3.83611E-1 4.84717E-1 3.60002E-1 2.519E-1 2.23013E-1 3.13589E-1 2.82016E-1 6.86338E-2 8.47037E-2 1.41977E-1 1.63243E-1 1.42632E-1 1.64762E-1 1.7118E-1 2.14772E-1 2.08907E-1 1.3454E-1 1.90936E-1 2.09759E-1 1.99743E-1 1.90809E-1 1.66294E-1 2.3256E-1 4.30763E-1 7.68169E-1 8.01631E-1 8.42229E-1 8.30339E-1 7.52664E-1 3.52972E-1 2.42759E-1 2.6005E-1 1.70825E-1 3.11457E-1 3.94452E-1 4.7187E-1 3.94221E-1 4.79449E-1 6.50179E-1 7.18539E-1 5.29598E-1
8.7635E-1 7.40791E-1 7.15056E-1 8.92039E-1 8.93429E-1 6.56193E-1 7.9367E-1 8.08802E-1 8.82008E-1 9.30684E-1 9.41928E-1 9.06555E-1 7.03282E-1 4.07837E-1 5.26836E-1 3.1053E-1 4.43398E-1 6.20502E-1 5.44805E-1 5.69911E-1 4.73833E-1 3.49366E-1 2.28863E-1 2.70017E-1 2.62954E-1 1.13365E-1 7.93737E-2 1.56645E-1 1.54426E-1 1.50891E-1 1.58654E-1 1.78252E-1 2.59994E-1 2.41005E-1 1.37019E-1 1.62933E-1 1.9521E-1 2.02358E-1 2.14499E-1 2.00987E-1 2.65671E-1 4.39492E-1 7.09257E-1 7.42071E-1 7.77463E-1 7.89163E-1 6.7804E-1 4.73585E-1 4.4193E-1 5.09893E-1 4.32311E-1 2.35099E-1 2.82144E-1 2.8603E-1 1.87397E-1 2.50125E-1 8.69111E-1 9.1002E-1 6.05679E-1
8.83898E-1 7.31313E-1 6.11267E-1 8.79833E-1 8.36952E-1 6.71497E-1 7.75828E-1 8.20241E-1 8.38703E-1 9.5659E-1 9.02363E-1 6.77994E-1 7.46011E-1 5.63624E-1 4.09446E-1 2.89915E-1 2.81163E-1 4.90384E-1 5.19127E-1 7.60982E-1 6.04196E-1 3.33002E-1 2.17013E-1 2.5188E-1 2.17999E-1 1.05481E-1 1.05505E-1 2.03295E-1 2.25294E-1 1.91045E-1 1.68316E-1 1.76408E-1 2.12081E-1 2.05035E-1 1.73082E-1 2.21053E-1 2.38378E-1 2.40097E-1 2.68712E-1 2.22704E-1 2.66516E-1 4.87104E-1 6.37165E-1 6.7309E-1 6.86625E-1 7.25227E-1 6.49561E-1 5.1722E-1 5.06692E-1 5.39191E-1 4.02425E-1 4.78303E-1 4.47641E-1 4.26791E-1 4.44671E-1 5.01018E-1 9.10142E-1 7.7891E-1 4.26921E-1
8.88875E-1 7.578E-1 5.89733E-1 7.86102E-1 8.72112E-1 8.32818E-1 6.17379E-1 8.31936E-1 8.96475E-1 9.34575E-1 9.71691E-1 8.26379E-1 5.24165E-1 4.8701E-1 4.84602E-1 3.53495E-1 3.64327E-1 3.79261E-1 4.6053E-1 6.25412E-1 5.84378E-1 3.81955E-1 2.86504E-1 3.23813E-1 1.84839E-1 1.0917E-1 1.21337E-1 1.7525E-1 2.03374E-1 2.87397E-1 2.293E-1 2.0032E-1 2.51554E-1 2.2307E-1 2.13902E-1 3.10209E-1 3.72689E-1 3.17681E-1 3.25596E-1 2.36036E-1 2.68337E-1 6.61555E-1 6.73269E-1 7.18336E-1 7.45805E-1 6.59949E-1 5.68329E-1 5.11193E-1 5.00817E-1 5.44652E-1 5.48462E-1 5.60857E-1 4.78553E-1 5.37915E-1 5.41946E-1 5.58796E-1 8.79039E-1 8.40259E-1 5.14432E-1
9.31922E-1 8.38244E-1 7.24982E-1 5.62808E-1 8.70719E-1 9.00505E-1 5.62386E-1 8.94587E-1 9.19972E-1 8.64734E-1 8.32762E-1 7.07763E-1 5.63689E-1 5.3902E-1 4.68229E-1 3.84452E-1 4.09592E-1 4.23404E-1 2.08346E-1 3.75934E-1 4.39718E-1 5.1292E-1 3.77791E-1 4.81665E-1 2.78712E-1 1.86561E-1 1.6446E-1 1.97159E-1 2.48505E-1 2.84643E-1 2.75517E-1 2.64398E-1 2.91099E-1 2.25532E-1 2.83179E-1 4.66973E-1 4.70884E-1 4.06795E-1 3.23844E-1 3.33967E-1 3.28063E-1 6.63587E-1 7.26301E-1 7.11771E-1 5.8129E-1 5.59397E-1 4.8583E-1 5.13643E-1 5.56082E-1 5.91146E-1 4.498E-1 4.42124E-1 5.06612E-1 5.22736E-1 5.79416E-1 7.03131E-1 8.8108E-1 7.97581E-1 4.24463E-1
8.45384E-1 9.56266E-1 8.71421E-1 6.88893E-1 7.34674E-1 8.58215E-1 7.93749E-1 8.3446E-1 9.06505E-1 8.14449E-1 7.52957E-1 4.09489E-1 3.60513E-1 3.74357E-1 3.37977E-1 3.74984E-1 3.84309E-1 4.9648E-1 3.392E-1 2.52438E-1 2.99517E-1 4.42066E-1 5.65091E-1 5.66869E-1 4.13974E-1 2.17465E-1 1.48158E-1 2.83526E-1 3.00936E-1 3.14689E-1 2.95349E-1 3.06281E-1 2.88692E-1 2.37347E-1 3.1715E-1 4.57695E-1 3.70542E-1 3.37119E-1 3.89317E-1 4.90253E-1 4.40033E-1 5.91078E-1 7.68823E-1 7.65914E-1 6.49296E-1 6.05614E-1 6.25958E-1 6.09279E-1 3.40562E-1 4.70362E-1 4.11114E-1 4.66789E-1 5.42188E-1 3.71154E-1 4.71422E-1 3.94619E-1 8.32327E-1 7.2661E-1 3.66925E-1
7.07049E-1 8.42603E-1 9.70049E-1 7.83403E-1 7.1287E-1 8.695E-1 9.1541E-1 8.32835E-1 9.12422E-1 9.13431E-1 8.98633E-1 6.28979E-1 4.39225E-1 4.3966E-1 3.21502E-1 3.652E-1 2.57612E-1 2.95935E-1 3.25345E-1 2.85427E-1 2.98204E-1 4.31153E-1 4.46165E-1 4.78611E-1 4.41478E-1 2.49904E-1 1.8957E-1 3.22536E-1 3.54317E-1 3.79324E-1 3.30172E-1 3.88449E-1 3.19484E-1 2.91673E-1 3.83712E-1 2.55134E-1 4.34749E-1 3.96992E-1 4.26971E-1 4.86047E-1 5.28518E-1 5.78263E-1 7.62531E-1 7.74306E-1 6.77617E-1 4.53673E-1 5.14532E-1 5.75231E-1 5.13478E-1 4.42335E-1 4.92491E-1 5.45448E-1 5.60603E-1 4.65379E-1 4.14484E-1 5.50155E-1 4.0633E-1 3.99588E-1 2.67331E-1
6.93604E-1 8.59635E-1 8.91799E-1 8.29631E-1 6.95018E-1 8.43141E-1 6.89181E-1 8.5095E-1 8.02263E-1 9.54622E-1 9.16106E-1 6.14281E-1 5.13235E-1 4.65368E-1 3.79094E-1 3.1112E-1 1.85886E-1 1.54896E-1 2.13669E-1 1.90739E-1 2.17375E-1 2.05806E-1 2.17975E-1 2.06402E-1 2.43914E-1 2.79272E-1 2.83066E-1 3.83719E-1 4.17058E-1 4.24107E-1 4.1434E-1 4.37703E-1 3.7748E-1 3.10679E-1 4.32652E-1 3.88546E-1 4.61008E-1 4.37192E-1 4.04195E-1 4.14187E-1 4.50319E-1 4.66006E-1 6.91769E-1 7.9791E-1 5.30581E-1 3.80304E-1 2.83656E-1 5.87971E-1 5.51463E-1 3.04746E-1 5.62919E-1 5.53137E-1 4.75264E-1 4.08163E-1 3.51675E-1 4.98137E-1 3.62297E-1 3.27569E-1 3.59258E-1
8.64984E-1 8.31486E-1 8.49019E-1 8.90348E-1 7.56426E-1 6.90028E-1 6.19357E-1 5.08717E-1 5.96231E-1 5.94995E-1 7.15644E-1 5.34723E-1 4.95785E-1 4.75815E-1 3.30196E-1 2.20507E-1 1.51844E-1 1.21094E-1 1.58919E-1 1.76796E-1 2.02935E-1 2.15473E-1 2.91743E-1 2.57079E-1 2.70701E-1 2.93401E-1 4.1728E-1 4.6499E-1 4.41299E-1 4.20959E-1 5.68365E-1 5.47839E-1 4.33689E-1 3.66182E-1 4.04779E-1 2.3159E-1 4.40608E-1 3.40348E-1 4.29594E-1 3.93402E-1 4.69859E-1 4.6165E-1 4.94728E-1 6.41592E-1 5.55783E-1 4.48511E-1 5.20833E-1 6.16007E-1 5.33305E-1 5.12934E-1 4.91227E-1 4.35049E-1 3.75016E-1 3.05629E-1 2.85135E-1 3.86088E-1 4.11608E-1 3.68187E-1 3.93077E-1
8.70974E-1 8.14171E-1 7.65884E-1 7.49317E-1 7.52879E-1 5.1853E-1 3.06579E-1 3.32919E-1 5.17039E-1 6.76635E-1 4.80061E-1 5.07784E-1 4.1419E-1 4.76201E-1 3.47245E-1 2.34237E-1 1.77188E-1 2.16682E-1 2.67299E-1 3.09981E-1 3.36186E-1 3.6287E-1 3.76196E-1 4.3973E-1 3.75168E-1 2.90153E-1 4.12529E-1 4.64354E-1 5.30803E-1 6.91426E-1 5.28272E-1 4.28908E-1 2.91525E-1 2.92455E-1 3.7398E-1 3.4753E-1 3.82051E-1 4.02266E-1 3.64768E-1 3.80681E-1 1.87868E-1 3.914E-1 3.83032E-1 5.1305E-1 4.19941E-1 4.00894E-1 4.25843E-1 5.08523E-1 4.60894E-1 4.384E-1 3.21224E-1 3.18363E-1 3.41153E-1 2.7573E-1 2.56548E-1 3.56705E-1 2.19778E-1 3.12747E-1 3.63227E-1
8.2892E-1 8.28218E-1 8.00248E-1 6.86274E-1 6.20996E-1 6.33761E-1 6.61732E-1 7.41565E-1 8.57252E-1 8.13756E-1 7.27252E-1 6.165E-1 5.26822E-1 4.33857E-1 2.88911E-1 1.80158E-1 1.34022E-1 1.54985E-1 2.23207E-1 2.41934E-1 2.69408E-1 3.3302E-1 2.92082E-1 2.29873E-1 2.8838E-1 4.09596E-1 4.95012E-1 5.50638E-1 6.53661E-1 7.13145E-1 4.2893E-1 4.31231E-1 2.86366E-1 2.1707E-1 3.04298E-1 3.26613E-1 3.56705E-1 4.16567E-1 4.72408E-1 4.95154E-1 4.0892E-1 3.37332E-1 3.56851E-1 3.83664E-1 2.65779E-1 3.27421E-1 3.83257E-1 4.48625E-1 4.27344E-1 3.44009E-1 2.74148E-1 2.36929E-1 2.65606E-1 2.51663E-1 1.87964E-1 2.61493E-1 3.4154E-1 2.0628E-1 4.24149E-1
7.15906E-1 7.17978E-1 7.76901E-1 8.17686E-1 6.66829E-1 7.96357E-1 8.29141E-1 8.25291E-1 8.58188E-1 7.5075E-1 7.19166E-1 6.61539E-1 5.4578E-1 4.90963E-1 4.29808E-1 2.52432E-1 1.77127E-1 1.34368E-1 2.28169E-1 2.00811E-1 1.73782E-1 3.19036E-1 2.32728E-1 2.13062E-1 3.23479E-1 4.11881E-1 5.71236E-1 5.91269E-1 6.27979E-1 4.79092E-1 4.18578E-1 4.55354E-1 2.99111E-1 1.99999E-1 2.22066E-1 3.44732E-1 4.0334E-1 4.46428E-1 4.55718E-1 3.56895E-1 4.63415E-1 3.89818E-1 3.18565E-1 3.41846E-1 3.09601E-1 3.71186E-1 4.99787E-1 5.28182E-1 6.58298E-1 6.8923E-1 5.33429E-1 3.97859E-1 5.14852E-1 5.30594E-1 2.46067E-1 3.19582E-1 3.10324E-1 2.98354E-1 3.33132E-1
6.936E-1 6.92756E-1 7.2557E-1 8.04934E-1 5.60792E-1 4.47214E-1 6.1676E-1 9.3953E-1 8.71473E-1 9.13133E-1 9.68603E-1 9.4332E-1 6.53801E-1 4.47692E-1 3.70477E-1 2.56758E-1 1.75247E-1 1.36817E-1 1.33264E-1 1.18981E-1 1.8633E-1 2.38208E-1 2.23642E-1 3.7709E-1 4.2102E-1 5.43134E-1 5.71202E-1 5.92709E-1 5.47062E-1 3.96765E-1 3.76896E-1 3.63383E-1 2.48521E-1 1.74668E-1 2.31815E-1 3.74622E-1 4.01998E-1 4.00028E-1 4.53304E-1 4.66374E-1 4.40879E-1 4.21779E-1 4.23782E-1 4.82879E-1 3.66232E-1 4.73824E-1 5.82325E-1 6.62322E-1 7.125E-1 7.56495E-1 7.02742E-1 5.74115E-1 5.69188E-1 5.99939E-1 3.97028E-1 4.12077E-1 3.49169E-1 2.65902E-1 1.93776E-1
7.91013E-1 7.71319E-1 8.06518E-1 5.34799E-1 8.98838E-1 7.1067E-1 7.46389E-1 9.12757E-1 8.69163E-1 8.5866E-1 9.01767E-1 9.76771E-1 8.42279E-1 4.40472E-1 3.82534E-1 2.75533E-1 1.99597E-1 1.49191E-1 8.34444E-2 1.21618E-1 1.68133E-1 2.28706E-1 3.12755E-1 4.85782E-1 5.37304E-1 5.30738E-1 4.42015E-1 5.30845E-1 5.09664E-1 3.65844E-1 3.0492E-1 2.92674E-1 1.79053E-1 2.30342E-1 2.50485E-1 3.54555E-1 3.87319E-1 4.48953E-1 4.19198E-1 4.00685E-1 3.2205E-1 4.39836E-1 4.8364E-1 6.22272E-1 5.38617E-1 3.93554E-1 5.31469E-1 5.54103E-1 6.46764E-1 5.14124E-1 6.9294E-1 6.02665E-1 6.17649E-1 6.66663E-1 4.26545E-1 3.3358E-1 3.43026E-1 2.77596E-1 1.93793E-1
8.27964E-1 8.29212E-1 6.78792E-1 6.3671E-1 8.73676E-1 7.03395E-1 5.53994E-1 7.38069E-1 6.81047E-1 7.06105E-1 9.57504E-1 9.43602E-1 9.23343E-1 7.69669E-1 6.6089E-1 3.93675E-1 2.75437E-1 1.46724E-1 8.75836E-2 2.21001E-1 2.23885E-1 3.01406E-1 3.4949E-1 5.44298E-1 5.70662E-1 5.78837E-1 5.69064E-1 5.22331E-1 4.46888E-1 3.29027E-1 2.93235E-1 2.06901E-1 1.78975E-1 2.83692E-1 2.74686E-1 3.63512E-1 4.28862E-1 4.64317E-1 4.29009E-1 4.33482E-1 3.19415E-1 4.18629E-1 5.7706E-1 6.21997E-1 4.80761E-1 5.11228E-1 5.88533E-1 5.40229E-1 4.90026E-1 6.35173E-1 6.38942E-1 6.68942E-1 7.17221E-1 8.04137E-1 4.50187E-1 3.04179E-1 3.37154E-1 1.67215E-1 2.30255E-1
6.39235E-1 3.99739E-1 5.9031E-1 7.44207E-1 6.59584E-1 6.12848E-1 6.0408E-1 7.27432E-1 7.87298E-1 7.09886E-1 8.17251E-1 9.31587E-1 8.96926E-1 8.47817E-1 7.78804E-1 5.30084E-1 3.23317E-1 2.51821E-1 1.81363E-1 2.20883E-1 2.05155E-1 4.10429E-1 4.77247E-1 6.09154E-1 6.42229E-1 6.12299E-1 6.25756E-1 5.50412E-1 3.95827E-1 3.30283E-1 2.31101E-1 2.03032E-1 2.05157E-1 2.96472E-1 2.68546E-1 3.84499E-1 4.98297E-1 5.25245E-1 6.30531E-1 5.79467E-1 4.86672E-1 4.4258E-1 2.77998E-1 6.23215E-1 5.26008E-1 4.28468E-1 5.24764E-1 5.07941E-1 6.52385E-1 6.5262E-1 6.42397E-1 5.93103E-1 6.80491E-1 7.31455E-1 4.11143E-1 2.64084E-1 1.83624E-1 2.40399E-1 1.79911E-1
6.88382E-1 5.50312E-1 6.78306E-1 6.98647E-1 5.20012E-1 5.24319E-1 3.62237E-1 5.68967E-1 6.93883E-1 6.97759E-1 6.30129E-1 8.62293E-1 8.76578E-1 8.26385E-1 7.20462E-1 6.5932E-1 5.62056E-1 4.44404E-1 1.97439E-1 2.07558E-1 2.51908E-1 4.13167E-1 6.00325E-1 6.70978E-1 7.15247E-1 6.7453E-1 6.73156E-1 6.03148E-1 4.73665E-1 3.21496E-1 2.67318E-1 2.50223E-1 2.209E-1 3.24852E-1 2.88061E-1 3.78993E-1 6.52853E-1 7.17904E-1 6.15776E-1 4.71722E-1 4.88301E-1 5.41192E-1 6.30885E-1 5.40461E-1 5.87253E-1 3.83687E-1 4.74636E-1 4.85068E-1 5.44998E-1 5.55786E-1 3.91233E-1 3.2687E-1 4.49294E-1 5.55312E-1 3.62125E-1 1.81904E-1 1.6154E-1 1.82668E-1 1.64841E-1
