Phytophthora/models/20240604_1618_19/Phytophthora_PA3_RUN8_MAXENT_outputs/projMaxent.asc
ncols         225
nrows         269
xllcorner     473009.9838
yllcorner     4429051.1748
cellsize      50.0
NODATA_value  -9999
[rows 182 to 207 of 269, columns 0 to 58 of 225]
-9999 -9999 -9999 -9999 -9999 -9999 -9999 -9999 -9999 7.05451E-1 8.19069E-1 9.03874E-1 9.43094E-1 9.39521E-1 6.58218E-1 4.24161E-1 2.81262E-1 3.75118E-1 4.37073E-1 2.46977E-1 3.36902E-1 3.45339E-1 3.13533E-1 3.39357E-1 2.90481E-1 3.3314E-1 3.78921E-1 4.70468E-1 7.69634E-1 8.16867E-1 8.09624E-1 7.41578E-1 7.98272E-1 7.39385E-1 6.09379E-1 7.1184E-1 8.29887E-1 7.16894E-1 8.54221E-1 8.53707E-1 4.17553E-1 2.22493E-1 3.48949E-1 4.79723E-1 3.26848E-1 2.10585E-1 4.34625E-1 5.22531E-1 4.80519E-1 4.64968E-1 4.62409E-1 3.37836E-1 4.10987E-1 7.41455E-1 6.42547E-1 5.53272E-1 5.22141E-1 6.02195E-1 4.19561E-1
-9999 -9999 -9999 -9999 -9999 -9999 -9999 -9999 -9999 -9999 6.65217E-1 8.27713E-1 9.20485E-1 9.46226E-1 6.42374E-1 4.0795E-1 3.15647E-1 5.31409E-1 5.33716E-1 3.60371E-1 2.96563E-1 3.93994E-1 4.06844E-1 3.63407E-1 2.56873E-1 2.95098E-1 2.59898E-1 2.72977E-1 7.17099E-1 8.07744E-1 6.31164E-1 7.0981E-1 7.1771E-1 7.41682E-1 7.86557E-1 8.42651E-1 8.78278E-1 9.25847E-1 6.88771E-1 8.40735E-1 3.46731E-1 2.01238E-1 2.50401E-1 2.10298E-1 1.79628E-1 1.90129E-1 4.84327E-1 4.71981E-1 6.04177E-1 6.98183E-1 4.82477E-1 3.37979E-1 3.6404E-1 5.79124E-1 6.72272E-1 4.49415E-1 3.72289E-1 3.62696E-1 3.16056E-1
-9999 -9999 -9999 -9999 -9999 -9999 -9999 -9999 -9999 -9999 -9999 -9999 -9999 9.33757E-1 8.20397E-1 5.08825E-1 3.65322E-1 3.58186E-1 5.57087E-1 3.07317E-1 2.81143E-1 5.09749E-1 6.67545E-1 4.695E-1 3.47893E-1 2.87205E-1 2.80822E-1 3.26118E-1 4.20339E-1 4.03493E-1 4.38867E-1 5.45192E-1 5.51817E-1 6.64543E-1 8.54923E-1 8.99662E-1 8.68414E-1 9.21579E-1 9.65833E-1 6.19802E-1 3.09539E-1 3.09866E-1 2.32374E-1 1.51848E-1 1.49186E-1 2.32209E-1 4.89569E-1 5.38884E-1 6.0982E-1 6.41595E-1 6.46043E-1 3.92638E-1 4.23705E-1 6.96525E-1 4.54233E-1 3.15271E-1 3.24727E-1 3.33168E-1 2.86741E-1
-9999 -9999 -9999 -9999 -9999 -9999 -9999 -9999 -9999 -9999 -9999 -9999 -9999 -9999 8.52811E-1 7.66254E-1 3.59098E-1 3.43659E-1 3.78573E-1 3.59369E-1 3.51635E-1 5.24516E-1 7.28326E-1 5.77591E-1 5.21845E-1 3.21709E-1 2.99638E-1 3.90582E-1 3.56017E-1 3.84256E-1 6.96069E-1 8.30904E-1 6.85807E-1 7.50172E-1 8.37297E-1 6.12083E-1 4.78236E-1 8.57898E-1 9.06159E-1 6.39794E-1 7.32533E-1 7.26155E-1 2.64492E-1 1.24306E-1 1.32355E-1 2.78373E-1 5.9639E-1 7.36539E-1 6.83549E-1 6.70084E-1 7.61327E-1 6.35987E-1 4.13606E-1 3.8701E-1 4.28344E-1 4.00893E-1 3.54373E-1 3.34519E-1 3.3061E-1
-9999 -9999 -9999 -9999 -9999 -9999 -9999 -9999 -9999 -9999 -9999 -9999 -9999 -9999 -9999 7.55942E-1 3.821E-1 3.85312E-1 4.39989E-1 5.15437E-1 4.17836E-1 6.72103E-1 7.07982E-1 6.2264E-1 5.79588E-1 3.11809E-1 3.5229E-1 3.99738E-1 4.45383E-1 4.57114E-1 6.61643E-1 8.37234E-1 8.44952E-1 8.10377E-1 7.64638E-1 5.68526E-1 7.97174E-1 7.97759E-1 8.98763E-1 7.77771E-1 7.22898E-1 7.50016E-1 3.79663E-1 1.68452E-1 1.76896E-1 2.23939E-1 3.46789E-1 7.4015E-1 7.00918E-1 6.83496E-1 5.69292E-1 6.93661E-1 3.71839E-1 3.96225E-1 4.22262E-1 3.67563E-1 3.10278E-1 4.31236E-1 3.22607E-1
-9999 -9999 -9999 -9999 -9999 -9999 -9999 -9999 -9999 -9999 -9999 -9999 -9999 -9999 -9999 6.89442E-1 5.8774E-1 6.94448E-1 7.87971E-1 6.76909E-1 7.08797E-1 5.07899E-1 6.53415E-1 7.15053E-1 7.36669E-1 4.93667E-1 4.37579E-1 4.46369E-1 4.17445E-1 3.88926E-1 4.37591E-1 6.15819E-1 7.64913E-1 9.28944E-1 8.25447E-1 7.97176E-1 3.94848E-1 9.74251E-1 8.52683E-1 8.93825E-1 8.40664E-1 5.54373E-1 3.09658E-1 1.76049E-1 1.5507E-1 2.15855E-1 4.30492E-1 7.54097E-1 7.55515E-1 4.75485E-1 7.25675E-1 5.942E-1 3.97693E-1 3.99401E-1 3.51839E-1 3.36905E-1 3.13329E-1 3.66989E-1 3.54774E-1
-9999 -9999 -9999 -9999 -9999 -9999 -9999 -9999 -9999 -9999 -9999 -9999 -9999 -9999 -9999 -9999 4.99162E-1 8.59146E-1 8.35301E-1 8.54095E-1 6.23161E-1 3.15339E-1 4.95659E-1 4.37838E-1 6.21483E-1 3.58723E-1 2.78793E-1 3.89741E-1 4.36E-1 5.24342E-1 7.03383E-1 8.58582E-1 9.79076E-1 9.93933E-1 9.61715E-1 6.49675E-1 5.68736E-1 9.82562E-1 9.23335E-1 9.31979E-1 8.78437E-1 7.8641E-1 3.57528E-1 1.95205E-1 1.28545E-1 2.68086E-1 5.82453E-1 5.61273E-1 5.15881E-1 8.29397E-1 8.14403E-1 7.07961E-1 4.10196E-1 3.03605E-1 2.87127E-1 2.98273E-1 3.99911E-1 4.45E-1 3.79737E-1
-9999 -9999 -9999 -9999 -9999 -9999 -9999 -9999 -9999 -9999 -9999 -9999 -9999 -9999 -9999 7.71179E-1 8.43978E-1 9.18314E-1 8.56307E-1 7.29793E-1 4.00641E-1 2.64534E-1 3.95921E-1 4.4472E-1 5.96804E-1 4.5004E-1 1.95524E-1 2.54499E-1 6.66028E-1 8.33189E-1 9.10634E-1 9.52827E-1 9.83829E-1 9.92415E-1 9.96245E-1 8.35058E-1 7.44778E-1 9.64691E-1 9.55612E-1 9.32496E-1 8.76038E-1 6.94024E-1 4.62899E-1 2.71426E-1 1.59801E-1 2.14718E-1 3.81098E-1 4.34343E-1 3.72615E-1 7.12913E-1 7.23327E-1 6.95216E-1 3.69788E-1 2.88407E-1 2.94583E-1 3.73612E-1 4.24832E-1 4.35518E-1 3.47345E-1
-9999 -9999 -9999 -9999 -9999 -9999 -9999 -9999 -9999 -9999 -9999 -9999 -9999 -9999 -9999 6.48565E-1 7.48879E-1 9.34454E-1 8.08529E-1 4.73491E-1 2.74601E-1 2.81355E-1 3.17969E-1 3.01314E-1 4.71664E-1 3.65641E-1 1.78586E-1 1.87243E-1 6.27906E-1 7.74668E-1 8.65916E-1 9.54746E-1 9.76553E-1 9.36167E-1 8.1363E-1 7.56653E-1 7.28971E-1 9.01943E-1 9.43165E-1 9.14445E-1 8.74315E-1 6.66359E-1 3.6013E-1 2.74796E-1 2.01753E-1 2.47831E-1 3.32237E-1 1.79257E-1 3.35551E-1 5.56914E-1 6.60446E-1 5.22826E-1 3.55574E-1 3.16041E-1 3.45907E-1 3.13357E-1 4.46243E-1 5.4059E-1 3.00993E-1
-9999 -9999 -9999 -9999 -9999 -9999 -9999 -9999 -9999 -9999 -9999 -9999 -9999 -9999 -9999 -9999 9.09949E-1 9.18699E-1 4.98486E-1 3.11347E-1 2.91977E-1 2.49069E-1 1.94102E-1 1.7122E-1 1.81539E-1 1.86937E-1 1.36319E-1 1.44735E-1 3.79595E-1 7.4754E-1 7.4882E-1 7.8523E-1 8.83262E-1 9.02686E-1 9.09398E-1 6.95206E-1 9.29084E-1 9.77208E-1 9.58366E-1 9.23982E-1 8.64544E-1 7.70744E-1 5.21598E-1 2.73318E-1 1.93724E-1 3.30021E-1 1.81797E-1 1.95122E-1 3.7932E-1 3.61843E-1 4.69624E-1 4.27621E-1 2.75424E-1 2.46531E-1 2.35812E-1 3.60199E-1 3.47296E-1 5.03081E-1 4.10724E-1
-9999 -9999 -9999 -9999 -9999 -9999 -9999 -9999 -9999 -9999 -9999 -9999 -9999 -9999 -9999 -9999 8.82044E-1 8.8798E-1 5.68865E-1 3.62936E-1 4.03482E-1 3.33137E-1 2.02196E-1 1.55818E-1 1.75807E-1 2.04887E-1 1.67741E-1 2.39571E-1 2.46277E-1 4.30287E-1 7.90697E-1 9.08229E-1 9.42888E-1 9.20792E-1 9.664E-1 8.57235E-1 9.94009E-1 9.93474E-1 9.71672E-1 9.32824E-1 7.70127E-1 6.68456E-1 4.07418E-1 1.68478E-1 2.05843E-1 2.27136E-1 1.40225E-1 1.55189E-1 1.70113E-1 1.75927E-1 3.05563E-1 3.02695E-1 2.66936E-1 2.54978E-1 3.70277E-1 4.56777E-1 2.4037E-1 3.39948E-1 5.131E-1
-9999 -9999 -9999 -9999 -9999 -9999 -9999 -9999 -9999 -9999 -9999 -9999 -9999 -9999 -9999 -9999 6.06502E-1 4.80023E-1 3.64299E-1 3.22153E-1 2.69887E-1 2.45222E-1 1.76412E-1 1.78771E-1 1.88719E-1 2.36594E-1 2.60801E-1 2.38126E-1 3.14219E-1 4.4964E-1 8.52156E-1 9.55096E-1 9.78647E-1 9.88891E-1 9.79099E-1 8.8246E-1 9.00663E-1 9.91713E-1 9.69286E-1 8.9566E-1 6.66498E-1 3.25258E-1 3.45187E-1 2.26036E-1 1.5944E-1 1.55966E-1 1.03275E-1 1.44809E-1 1.57064E-1 2.02641E-1 4.21345E-1 2.74277E-1 2.39292E-1 2.90034E-1 4.02036E-1 4.6836E-1 4.8005E-1 3.68982E-1 5.74738E-1
-9999 -9999 -9999 -9999 -9999 -9999 -9999 -9999 -9999 -9999 -9999 -9999 -9999 -9999 -9999 -9999 -9999 -9999 -9999 -9999 -9999 -9999 1.69339E-1 1.68543E-1 1.72684E-1 2.16584E-1 2.14672E-1 2.80598E-1 4.52122E-1 8.8159E-1 9.72016E-1 9.68159E-1 9.58248E-1 9.65405E-1 9.85694E-1 9.87566E-1 9.84753E-1 9.80044E-1 9.7374E-1 9.5316E-1 9.03856E-1 5.73418E-1 2.97414E-1 1.34939E-1 1.25907E-1 1.17324E-1 1.43433E-1 2.42282E-1 2.58574E-1 3.47711E-1 4.41002E-1 2.83361E-1 2.64325E-1 3.45207E-1 5.23713E-1 5.13924E-1 3.86014E-1 3.41788E-1 3.79303E-1
-9999 -9999 -9999 -9999 -9999 -9999 -9999 -9999 -9999 -9999 -9999 -9999 -9999 -9999 -9999 -9999 -9999 -9999 -9999 -9999 -9999 -9999 -9999 1.80926E-1 2.27536E-1 2.49434E-1 2.15326E-1 3.50426E-1 4.29908E-1 8.90903E-1 9.91978E-1 9.94117E-1 9.97725E-1 9.20733E-1 9.30732E-1 9.95889E-1 9.90728E-1 9.2423E-1 9.36935E-1 9.40413E-1 9.04972E-1 4.34779E-1 2.17503E-1 1.02376E-1 8.39514E-2 1.5607E-1 2.93078E-1 3.61693E-1 3.44949E-1 3.76591E-1 3.7462E-1 2.24739E-1 2.59096E-1 4.98675E-1 5.16768E-1 4.25568E-1 4.24869E-1 4.74067E-1 3.62941E-1
-9999 -9999 -9999 -9999 -9999 -9999 -9999 -9999 -9999 -9999 -9999 -9999 -9999 -9999 -9999 -9999 -9999 -9999 -9999 -9999 -9999 -9999 -9999 -9999 -9999 -9999 3.24402E-1 3.54081E-1 3.52677E-1 6.3108E-1 8.80589E-1 9.96215E-1 9.2319E-1 6.30383E-1 9.74719E-1 9.81548E-1 9.80491E-1 7.70138E-1 8.80198E-1 9.35261E-1 7.04883E-1 4.01741E-1 2.25151E-1 1.043E-1 1.61359E-1 2.64904E-1 3.59611E-1 4.61049E-1 5.47368E-1 4.078E-1 2.41957E-1 2.26605E-1 2.73578E-1 3.28192E-1 2.04437E-1 2.94069E-1 5.34572E-1 6.24189E-1 7.95808E-1
-9999 -9999 -9999 -9999 -9999 -9999 -9999 -9999 -9999 -9999 -9999 -9999 -9999 -9999 -9999 -9999 -9999 -9999 -9999 -9999 -9999 -9999 -9999 -9999 -9999 -9999 -9999 5.15695E-1 5.38868E-1 6.54445E-1 6.41245E-1 8.42238E-1 9.806E-1 9.83746E-1 9.94206E-1 9.9221E-1 9.88052E-1 9.5688E-1 9.73922E-1 7.83984E-1 5.34209E-1 4.20531E-1 2.97247E-1 1.11373E-1 1.77859E-1 2.0924E-1 3.56426E-1 6.00089E-1 5.96768E-1 5.7237E-1 2.73645E-1 2.78102E-1 2.58352E-1 2.46992E-1 2.12909E-1 3.51357E-1 5.47174E-1 6.17423E-1 7.08303E-1
-9999 -9999 -9999 -9999 -9999 -9999 -9999 -9999 -9999 -9999 -9999 -9999 -9999 -9999 -9999 -9999 -9999 -9999 -9999 -9999 -9999 -9999 -9999 -9999 -9999 -9999 -9999 8.3769E-1 8.45392E-1 7.47505E-1 7.855E-1 9.84207E-1 9.89376E-1 9.91461E-1 9.94981E-1 9.90895E-1 9.78978E-1 9.87087E-1 9.65432E-1 6.92242E-1 4.99161E-1 5.63573E-1 2.88796E-1 1.06412E-1 1.19885E-1 1.30459E-1 2.33721E-1 5.33841E-1 4.45579E-1 2.80921E-1 1.64925E-1 2.08079E-1 1.70612E-1 1.92798E-1 2.11265E-1 2.55867E-1 3.50192E-1 4.72936E-1 5.91271E-1
-9999 -9999 -9999 -9999 -9999 -9999 -9999 -9999 -9999 -9999 -9999 -9999 -9999 -9999 -9999 -9999 -9999 -9999 -9999 -9999 -9999 -9999 -9999 -9999 -9999 -9999 -9999 8.90653E-1 8.93547E-1 8.39863E-1 9.13858E-1 9.91679E-1 9.6475E-1 9.76875E-1 9.97231E-1 9.93659E-1 8.75075E-1 7.87647E-1 7.05332E-1 9.06601E-1 9.04432E-1 7.11776E-1 2.77971E-1 1.61517E-1 1.24371E-1 1.66047E-1 1.66024E-1 2.21094E-1 1.77204E-1 1.64656E-1 1.62501E-1 1.69621E-1 1.76362E-1 2.29052E-1 2.15832E-1 2.6832E-1 2.74575E-1 3.47862E-1 5.18352E-1
-9999 -9999 -9999 -9999 -9999 -9999 -9999 -9999 -9999 -9999 -9999 -9999 -9999 -9999 -9999 -9999 -9999 -9999 -9999 -9999 -9999 -9999 -9999 -9999 -9999 -9999 9.17489E-1 9.3857E-1 8.47729E-1 9.1459E-1 9.84207E-1 -9999 9.72336E-1 9.95599E-1 9.8675E-1 9.27477E-1 8.48257E-1 8.06685E-1 9.05432E-1 9.81418E-1 8.95484E-1 5.18473E-1 3.42708E-1 2.54814E-1 2.29181E-1 1.75443E-1 1.65675E-1 2.07493E-1 1.67151E-1 2.27009E-1 1.83117E-1 2.28099E-1 4.51742E-1 3.54226E-1 1.69517E-1 1.39008E-1 3.5004E-1 4.37412E-1 3.66191E-1
-9999 -9999 -9999 -9999 -9999 -9999 -9999 -9999 -9999 -9999 -9999 -9999 -9999 -9999 -9999 -9999 -9999 -9999 -9999 -9999 -9999 -9999 -9999 -9999 -9999 -9999 8.75083E-1 7.98988E-1 5.86993E-1 -9999 -9999 -9999 9.78261E-1 9.91322E-1 9.75704E-1 8.57723E-1 6.31281E-1 9.48703E-1 9.87364E-1 9.74979E-1 8.39881E-1 6.63267E-1 4.23759E-1 2.43382E-1 3.14187E-1 2.37916E-1 2.14416E-1 2.27435E-1 2.7489E-1 2.69205E-1 3.29901E-1 4.15883E-1 6.52821E-1 2.69017E-1 2.59253E-1 3.22225E-1 3.87592E-1 3.44372E-1 2.92228E-1
-9999 -9999 -9999 -9999 -9999 -9999 -9999 -9999 -9999 -9999 -9999 -9999 -9999 -9999 -9999 -9999 -9999 -9999 -9999 -9999 -9999 -9999 -9999 -9999 -9999 -9999 7.29627E-1 7.31189E-1 -9999 -9999 -9999 -9999 6.78069E-1 7.72157E-1 7.0614E-1 7.55304E-1 7.15513E-1 7.08913E-1 8.69173E-1 8.13006E-1 7.11029E-1 6.87687E-1 4.37372E-1 2.89355E-1 2.48844E-1 3.64379E-1 3.29289E-1 5.14586E-1 5.36738E-1 5.90388E-1 5.72554E-1 5.23055E-1 3.64628E-1 3.62376E-1 3.07196E-1 2.43524E-1 2.228E-1 2.37642E-1 2.85414E-1
-9999 -9999 -9999 -9999 -9999 -9999 -9999 -9999 -9999 -9999 -9999 -9999 -9999 -9999 -9999 -9999 -9999 -9999 -9999 -9999 -9999 -9999 -9999 -9999 -9999 -9999 -9999 -9999 -9999 -9999 -9999 -9999 -9999 7.76323E-1 8.02517E-1 9.35219E-1 7.1868E-1 5.79257E-1 7.1554E-1 6.86665E-1 5.48694E-1 4.21134E-1 5.8824E-1 5.86359E-1 4.36247E-1 5.87418E-1 8.30324E-1 8.99127E-1 9.05575E-1 5.80235E-1 6.61908E-1 3.73621E-1 3.31893E-1 2.73432E-1 2.00005E-1 1.30716E-1 1.71097E-1 3.38389E-1 5.53992E-1
-9999 -9999 -9999 -9999 -9999 -9999 -9999 -9999 -9999 -9999 -9999 -9999 -9999 -9999 -9999 -9999 -9999 -9999 -9999 -9999 -9999 -9999 -9999 -9999 -9999 -9999 -9999 -9999 -9999 -9999 -9999 -9999 -9999 -9999 5.22124E-1 4.5019E-1 3.78599E-1 3.01912E-1 3.46288E-1 2.86774E-1 2.88369E-1 1.90507E-1 3.72432E-1 7.5656E-1 8.39202E-1 9.32508E-1 9.57343E-1 9.40873E-1 9.50851E-1 5.64934E-1 7.04794E-1 4.74533E-1 2.95995E-1 2.1402E-1 1.41509E-1 1.67316E-1 4.42014E-1 6.25758E-1 4.73771E-1
-9999 -9999 -9999 -9999 -9999 -9999 -9999 -9999 -9999 -9999 -9999 -9999 -9999 -9999 -9999 -9999 -9999 -9999 -9999 -9999 -9999 -9999 -9999 -9999 -9999 -9999 -9999 -9999 -9999 -9999 -9999 -9999 -9999 -9999 4.31763E-1 4.14079E-1 4.98493E-1 4.72858E-1 3.92137E-1 4.34027E-1 5.21275E-1 5.41522E-1 2.97922E-1 4.44553E-1 8.64364E-1 8.15669E-1 7.48914E-1 7.29851E-1 7.76277E-1 7.60487E-1 6.08588E-1 4.66718E-1 2.95175E-1 1.74056E-1 1.72801E-1 4.30696E-1 7.51695E-1 6.82515E-1 8.13615E-1
-9999 -9999 -9999 -9999 -9999 -9999 -9999 -9999 -9999 -9999 -9999 -9999 -9999 -9999 -9999 -9999 -9999 -9999 -9999 -9999 -9999 -9999 -9999 -9999 -9999 -9999 -9999 -9999 -9999 -9999 -9999 -9999 -9999 -9999 -9999 6.56932E-1 7.47985E-1 7.40498E-1 4.94029E-1 6.43726E-1 6.6452E-1 7.78865E-1 7.97507E-1 2.748E-1 4.64812E-1 7.39856E-1 5.32352E-1 6.0804E-1 5.61833E-1 7.07688E-1 6.6697E-1 3.97486E-1 2.52947E-1 2.17101E-1 3.40651E-1 5.42671E-1 5.96577E-1 7.1246E-1 6.97971E-1
-9999 -9999 -9999 -9999 -9999 -9999 -9999 -9999 -9999 -9999 -9999 -9999 -9999 -9999 -9999 -9999 -9999 -9999 -9999 -9999 -9999 -9999 -9999 -9999 -9999 -9999 -9999 -9999 -9999 -9999 -9999 -9999 -9999 -9999 -9999 7.29813E-1 7.52541E-1 8.66256E-1 8.96084E-1 7.94691E-1 6.90874E-1 7.18775E-1 7.5106E-1 5.64844E-1 2.73187E-1 3.65712E-1 4.23366E-1 5.81104E-1 6.53363E-1 7.32703E-1 3.48028E-1 3.38968E-1 2.78384E-1 3.54332E-1 4.59705E-1 5.03676E-1 4.7513E-1 6.34989E-1 5.34825E-1
