Phytophthora/models/20240604_1618_19/Phytophthora_PA3_RUN8_MAXENT_outputs/projMaxent.asc
ncols         225
nrows         269
xllcorner     473009.9838
yllcorner     4429051.1748
cellsize      50.0
NODATA_value  -9999
[rows 234 to 259 of 269, columns 118 to 176 of 225]
4.07527E-1 5.94387E-1 6.81404E-1 6.34267E-1 5.78993E-1 4.25602E-1 5.01664E-1 6.0172E-1 5.09425E-1 3.87889E-1 4.0586E-1 6.06255E-1 7.26987E-1 6.86681E-1 6.45772E-1 5.13389E-1 7.23311E-1 7.98712E-1 8.65731E-1 7.44802E-1 8.85885E-1 8.11559E-1 9.5375E-1 9.31732E-1 9.15124E-1 8.32324E-1 8.01379E-1 7.75421E-1 7.50455E-1 6.59189E-1 6.00741E-1 5.48549E-1 5.17531E-1 4.25687E-1 4.96595E-1 5.45465E-1 5.36161E-1 6.57935E-1 7.44384E-1 6.8598E-1 5.2201E-1 5.41365E-1 4.50378E-1 4.09829E-1 5.20481E-1 5.60672E-1 2.84693E-1 4.37322E-1 4.10926E-1 3.39612E-1 2.82665E-1 2.00998E-1 1.23659E-1 1.27372E-1 4.10342E-1 5.50863E-1 4.45998E-1 4.22972E-1 4.01857E-1
5.88534E-1 6.59801E-1 6.68348E-1 7.0069E-1 6.39225E-1 5.27856E-1 5.93477E-1 6.21948E-1 5.39849E-1 5.53445E-1 5.15006E-1 6.70973E-1 7.37967E-1 7.22573E-1 7.25078E-1 5.99232E-1 7.13992E-1 8.47224E-1 8.0105E-1 6.88324E-1 8.67899E-1 8.968E-1 9.70796E-1 9.01103E-1 8.57958E-1 8.68912E-1 8.07135E-1 7.54158E-1 7.20471E-1 6.71176E-1 5.91054E-1 5.5324E-1 5.17302E-1 4.86616E-1 4.89487E-1 5.37554E-1 5.29991E-1 6.87878E-1 7.64482E-1 7.62171E-1 6.85981E-1 5.96309E-1 4.25248E-1 5.8366E-1 5.14366E-1 4.34976E-1 2.69721E-1 4.47461E-1 3.70133E-1 2.98259E-1 2.43167E-1 1.57672E-1 1.70967E-1 2.01682E-1 2.88387E-1 4.37931E-1 4.50418E-1 4.42592E-1 3.97904E-1
5.34923E-1 6.22332E-1 7.06493E-1 6.68089E-1 6.79407E-1 5.17363E-1 6.08022E-1 6.8364E-1 6.30607E-1 6.67591E-1 6.76521E-1 7.28263E-1 7.63096E-1 7.89071E-1 8.0843E-1 6.79285E-1 7.51817E-1 7.86941E-1 6.57839E-1 7.00537E-1 7.98609E-1 8.09581E-1 9.3466E-1 8.18768E-1 7.56671E-1 7.67358E-1 7.96333E-1 7.77067E-1 7.97506E-1 6.83924E-1 6.99799E-1 6.9135E-1 6.3385E-1 5.89521E-1 5.61087E-1 6.09818E-1 6.28758E-1 7.77768E-1 7.6387E-1 6.29793E-1 3.87142E-1 3.44728E-1 4.87024E-1 5.01018E-1 3.95152E-1 4.1858E-1 5.11878E-1 3.9503E-1 2.94736E-1 2.94153E-1 2.8877E-1 2.01225E-1 1.93994E-1 2.10609E-1 1.86648E-1 2.84339E-1 3.34688E-1 5.73996E-1 4.22642E-1
9.31607E-1 6.66539E-1 7.24833E-1 9.66485E-1 6.71694E-1 4.70518E-1 5.89652E-1 7.62209E-1 7.75377E-1 7.74563E-1 7.3257E-1 7.0596E-1 7.95443E-1 8.08286E-1 8.52593E-1 7.61318E-1 7.27124E-1 7.3568E-1 6.92335E-1 7.67271E-1 8.62908E-1 7.30274E-1 8.73469E-1 7.7245E-1 7.16391E-1 7.11926E-1 8.33857E-1 7.76275E-1 7.92043E-1 7.40385E-1 8.15185E-1 7.82734E-1 7.37292E-1 5.93923E-1 6.3514E-1 6.4109E-1 7.4934E-1 8.23432E-1 6.25128E-1 6.62174E-1 4.62612E-1 4.26078E-1 5.4624E-1 6.11625E-1 5.21378E-1 4.31868E-1 4.22239E-1 2.62844E-1 2.5897E-1 2.63834E-1 3.16673E-1 3.23443E-1 3.24026E-1 2.99243E-1 2.77724E-1 2.98752E-1 5.00092E-1 6.12311E-1 5.32334E-1
6.70068E-1 7.24385E-1 8.58247E-1 9.60913E-1 6.54317E-1 8.53062E-1 8.27693E-1 8.80662E-1 8.16608E-1 8.60418E-1 9.12277E-1 9.08517E-1 8.6616E-1 8.54168E-1 9.13501E-1 8.05023E-1 8.10526E-1 8.20471E-1 7.59966E-1 7.69882E-1 8.41419E-1 8.22549E-1 9.16248E-1 8.04486E-1 7.01885E-1 6.86794E-1 8.30067E-1 8.37328E-1 8.62298E-1 7.88022E-1 8.2241E-1 7.74337E-1 7.21552E-1 6.57283E-1 6.83098E-1 7.70664E-1 8.23681E-1 7.07046E-1 6.67626E-1 5.33226E-1 4.27626E-1 4.77827E-1 7.83411E-1 6.9118E-1 6.08721E-1 3.76489E-1 2.39986E-1 2.84257E-1 2.78089E-1 2.53227E-1 2.79663E-1 3.50575E-1 3.70625E-1 3.5131E-1 2.95763E-1 2.84036E-1 4.5365E-1 6.90628E-1 5.61738E-1
9.91408E-1 6.7526E-1 6.64448E-1 6.95657E-1 5.65705E-1 7.75325E-1 8.69752E-1 8.82507E-1 8.62001E-1 9.13737E-1 9.23805E-1 9.77509E-1 9.59012E-1 9.67629E-1 9.16472E-1 8.23436E-1 8.09083E-1 9.03273E-1 8.7014E-1 8.16489E-1 8.61676E-1 8.46055E-1 8.31611E-1 7.49856E-1 7.8074E-1 7.74482E-1 8.62282E-1 8.57506E-1 8.57931E-1 7.1543E-1 7.89196E-1 7.46559E-1 6.08827E-1 7.85893E-1 5.99361E-1 8.67373E-1 8.03662E-1 6.70976E-1 8.20179E-1 7.33428E-1 3.73812E-1 4.99358E-1 9.35035E-1 6.13315E-1 5.18357E-1 3.26665E-1 3.17641E-1 2.729E-1 2.51081E-1 2.84011E-1 3.16321E-1 3.44879E-1 3.58465E-1 3.58143E-1 2.12644E-1 2.52038E-1 1.71113E-1 5.67684E-1 4.79567E-1
7.9293E-1 5.12756E-1 5.08941E-1 5.3385E-1 6.15944E-1 8.06221E-1 8.85124E-1 8.93914E-1 8.38274E-1 9.21548E-1 9.30435E-1 9.76289E-1 9.82412E-1 9.70186E-1 9.57239E-1 8.85131E-1 8.60337E-1 8.71396E-1 8.90859E-1 8.61695E-1 8.66327E-1 8.80671E-1 7.92922E-1 7.67286E-1 8.33253E-1 7.92864E-1 8.94753E-1 9.02682E-1 8.76178E-1 7.15805E-1 7.94872E-1 6.35376E-1 5.86771E-1 8.46337E-1 8.5885E-1 7.96589E-1 6.84228E-1 6.73225E-1 7.01523E-1 7.04301E-1 3.37786E-1 4.2293E-1 8.09331E-1 4.96716E-1 4.54825E-1 2.67632E-1 3.39354E-1 2.5985E-1 2.48745E-1 3.43386E-1 3.5174E-1 3.73866E-1 3.91918E-1 3.63036E-1 1.96966E-1 1.92071E-1 2.13876E-1 3.95419E-1 3.86174E-1
7.20909E-1 8.32176E-1 8.99565E-1 7.99495E-1 7.73009E-1 8.03194E-1 8.94264E-1 8.51219E-1 8.83581E-1 9.33314E-1 9.46702E-1 9.76119E-1 9.77397E-1 9.57844E-1 9.17651E-1 9.70595E-1 9.64698E-1 8.824E-1 7.62626E-1 8.16607E-1 8.52723E-1 8.65534E-1 7.34546E-1 9.01098E-1 9.15495E-1 8.23092E-1 8.19854E-1 8.79795E-1 8.60636E-1 7.30961E-1 7.25658E-1 7.75267E-1 6.98917E-1 7.76172E-1 8.60273E-1 7.65546E-1 7.32273E-1 6.38827E-1 5.94539E-1 7.56463E-1 5.21192E-1 4.33427E-1 5.84527E-1 3.72242E-1 2.61672E-1 1.64656E-1 2.91693E-1 2.16584E-1 2.64427E-1 3.45577E-1 3.53732E-1 4.87533E-1 4.18892E-1 2.40288E-1 3.005E-1 1.53832E-1 2.42127E-1 3.13782E-1 2.22434E-1
7.28719E-1 8.99633E-1 8.61055E-1 8.20969E-1 8.38814E-1 8.72139E-1 8.39473E-1 8.66214E-1 9.11274E-1 9.50198E-1 9.55023E-1 9.70742E-1 9.68979E-1 9.49727E-1 9.05677E-1 8.41976E-1 8.51726E-1 7.98538E-1 7.97288E-1 7.96442E-1 8.57904E-1 9.05895E-1 8.35161E-1 8.75915E-1 9.16889E-1 8.38171E-1 7.63841E-1 7.12602E-1 6.48549E-1 6.87314E-1 7.57568E-1 8.05063E-1 7.41346E-1 7.95384E-1 8.35613E-1 6.05775E-1 8.06665E-1 6.03229E-1 5.74534E-1 5.81732E-1 4.29652E-1 4.67309E-1 4.4562E-1 3.23109E-1 2.02495E-1 2.2713E-1 2.85625E-1 2.23389E-1 2.86981E-1 3.14229E-1 3.0664E-1 3.65696E-1 3.9962E-1 4.46814E-1 2.06272E-1 1.80605E-1 1.28259E-1 1.27009E-1 1.004E-1
7.31405E-1 7.29031E-1 7.28407E-1 7.28292E-1 8.21367E-1 7.96895E-1 9.54802E-1 9.56202E-1 8.65725E-1 8.95773E-1 9.3274E-1 9.54851E-1 9.55472E-1 9.33048E-1 8.537E-1 8.52584E-1 8.09393E-1 8.2724E-1 8.39812E-1 8.34939E-1 7.90757E-1 8.42965E-1 7.45515E-1 7.50469E-1 6.32272E-1 7.48145E-1 7.46147E-1 5.59859E-1 7.08925E-1 6.99661E-1 8.30098E-1 8.12024E-1 6.83256E-1 7.24927E-1 8.14994E-1 8.19798E-1 6.91851E-1 5.15847E-1 5.55997E-1 4.00814E-1 3.7656E-1 5.4004E-1 4.39336E-1 3.30173E-1 2.8061E-1 2.93064E-1 4.2117E-1 4.03387E-1 3.89798E-1 5.07014E-1 3.37623E-1 2.70198E-1 2.95273E-1 4.68028E-1 3.33562E-1 2.45974E-1 1.5465E-1 1.05642E-1 7.76003E-2
6.71402E-1 7.93392E-1 7.63305E-1 7.91753E-1 8.82354E-1 8.21956E-1 8.81418E-1 9.54841E-1 8.68468E-1 8.87729E-1 9.29601E-1 9.48193E-1 9.4548E-1 8.38225E-1 9.02977E-1 8.17545E-1 8.33244E-1 7.80577E-1 7.61009E-1 7.95659E-1 8.0069E-1 8.7879E-1 7.5684E-1 7.28657E-1 7.07628E-1 5.80291E-1 5.38341E-1 6.42163E-1 6.31233E-1 8.07994E-1 8.20225E-1 7.79164E-1 6.25077E-1 6.40872E-1 7.23052E-1 7.69544E-1 6.23795E-1 5.74393E-1 4.25842E-1 2.91177E-1 3.66562E-1 4.97773E-1 3.46661E-1 3.18077E-1 3.29439E-1 2.02313E-1 4.63166E-1 5.9683E-1 5.14658E-1 5.86082E-1 2.89952E-1 2.44231E-1 2.39184E-1 3.0378E-1 3.00584E-1 2.46028E-1 1.70605E-1 1.1162E-1 6.42932E-2
4.49643E-1 6.30861E-1 7.03419E-1 8.54129E-1 9.17966E-1 8.63976E-1 8.91549E-1 9.5178E-1 8.82283E-1 8.76094E-1 9.25158E-1 9.56462E-1 9.2526E-1 8.49998E-1 8.54416E-1 7.73191E-1 8.1325E-1 8.16838E-1 8.35596E-1 7.89398E-1 8.33232E-1 6.88736E-1 7.49983E-1 6.69411E-1 5.88204E-1 5.14166E-1 5.45256E-1 6.38926E-1 8.15503E-1 7.95109E-1 8.182E-1 6.935E-1 5.88308E-1 4.4859E-1 6.30875E-1 6.66031E-1 5.07713E-1 4.72613E-1 2.99752E-1 2.59549E-1 3.1905E-1 3.64642E-1 2.3218E-1 2.48626E-1 2.26908E-1 1.32301E-1 4.28631E-1 5.50532E-1 2.96225E-1 2.69174E-1 2.69545E-1 2.67046E-1 2.68357E-1 2.54638E-1 2.45768E-1 1.95105E-1 1.21072E-1 8.79708E-2 6.11279E-2
3.08682E-1 2.93129E-1 4.89552E-1 8.1599E-1 8.13887E-1 9.22905E-1 9.29699E-1 9.21526E-1 8.98531E-1 9.12973E-1 9.30254E-1 9.65357E-1 9.20672E-1 7.64719E-1 7.40834E-1 7.2428E-1 8.42685E-1 8.80764E-1 8.79969E-1 7.97459E-1 7.56464E-1 5.63291E-1 5.77607E-1 5.36911E-1 4.33615E-1 4.81678E-1 5.64442E-1 6.87311E-1 7.77053E-1 8.18489E-1 7.9178E-1 6.27977E-1 5.39016E-1 4.19237E-1 5.91121E-1 5.95176E-1 4.63559E-1 3.44559E-1 3.18039E-1 2.13367E-1 3.12613E-1 3.27362E-1 2.22774E-1 2.50925E-1 2.31101E-1 1.90314E-1 2.87736E-1 3.85733E-1 1.97177E-1 9.61473E-2 1.94669E-1 1.702E-1 1.94257E-1 2.06973E-1 2.0285E-1 1.27588E-1 7.99305E-2 5.58422E-2 9.02041E-2
4.22224E-1 3.49321E-1 3.50027E-1 4.89251E-1 5.17477E-1 5.16195E-1 8.62612E-1 9.18148E-1 8.89878E-1 9.12215E-1 9.39695E-1 9.66926E-1 9.21403E-1 7.49956E-1 7.03159E-1 7.10412E-1 8.05981E-1 8.75131E-1 8.80417E-1 7.65136E-1 7.43988E-1 5.09453E-1 5.40796E-1 4.27153E-1 4.63944E-1 4.46035E-1 6.83423E-1 6.79895E-1 7.53219E-1 7.74248E-1 7.67871E-1 5.97834E-1 4.75746E-1 4.16009E-1 5.49376E-1 5.73467E-1 5.13436E-1 2.66729E-1 3.31959E-1 2.85267E-1 2.13154E-1 2.29172E-1 2.08333E-1 2.48948E-1 2.54166E-1 1.82551E-1 2.22649E-1 4.53581E-1 3.01416E-1 9.77021E-2 9.53306E-2 9.1112E-2 1.19809E-1 1.46894E-1 1.55983E-1 1.05905E-1 7.23514E-2 5.54803E-2 2.00021E-1
4.22348E-1 4.57167E-1 4.82771E-1 5.27716E-1 4.64307E-1 3.71803E-1 6.68744E-1 9.10777E-1 8.38229E-1 9.24399E-1 9.56729E-1 9.61748E-1 8.99114E-1 7.47275E-1 7.13615E-1 7.6495E-1 8.37324E-1 8.62999E-1 8.67606E-1 7.40205E-1 6.44089E-1 5.39484E-1 6.39651E-1 5.5492E-1 5.16642E-1 6.22939E-1 8.00801E-1 7.17136E-1 7.10366E-1 7.49234E-1 7.27127E-1 5.22153E-1 4.0093E-1 3.41368E-1 4.69846E-1 5.13684E-1 4.35112E-1 3.14623E-1 3.588E-1 3.03699E-1 2.07012E-1 2.11341E-1 2.05993E-1 2.40906E-1 2.87397E-1 2.15529E-1 1.62987E-1 2.91111E-1 4.57466E-1 2.85467E-1 1.12624E-1 7.7895E-2 1.13728E-1 1.25202E-1 1.29019E-1 9.32745E-2 6.64049E-2 7.05507E-2 2.14961E-1
3.50507E-1 3.84199E-1 4.85987E-1 5.5714E-1 3.79811E-1 2.50761E-1 6.61133E-1 8.03556E-1 7.63846E-1 9.05429E-1 9.56386E-1 9.57433E-1 8.92646E-1 7.97447E-1 7.75197E-1 7.2002E-1 7.74032E-1 8.39377E-1 7.96522E-1 7.16344E-1 6.84295E-1 6.60604E-1 5.60313E-1 6.18813E-1 6.28868E-1 7.00848E-1 8.16483E-1 7.95175E-1 6.95325E-1 7.11381E-1 6.71557E-1 4.01488E-1 3.14245E-1 3.62533E-1 4.80281E-1 5.03798E-1 4.28494E-1 3.29399E-1 2.89078E-1 3.30765E-1 2.01042E-1 2.23315E-1 2.15079E-1 2.00742E-1 2.95345E-1 3.0691E-1 2.57128E-1 1.67177E-1 1.31269E-1 9.91721E-2 8.82333E-2 1.3791E-1 1.24794E-1 -9999 -9999 7.29057E-2 7.26134E-2 7.91732E-2 1.54496E-1
4.93357E-1 4.08712E-1 4.64715E-1 5.07922E-1 3.90857E-1 2.49113E-1 3.79011E-1 6.42466E-1 4.7706E-1 7.06666E-1 6.83741E-1 8.83183E-1 7.99519E-1 7.27E-1 7.65638E-1 6.86553E-1 7.31571E-1 7.97845E-1 8.17883E-1 7.68701E-1 5.72213E-1 5.66239E-1 3.22E-1 6.01899E-1 7.34995E-1 7.58429E-1 7.52908E-1 8.06137E-1 7.31708E-1 7.0882E-1 7.03323E-1 4.87483E-1 3.77572E-1 4.60763E-1 4.88017E-1 4.81902E-1 3.43569E-1 2.50774E-1 2.31492E-1 3.38282E-1 2.20898E-1 1.7262E-1 1.93177E-1 1.58753E-1 2.35645E-1 2.35335E-1 2.00929E-1 1.26541E-1 7.79216E-2 -9999 -9999 -9999 -9999 -9999 -9999 -9999 -9999 7.11212E-2 1.21879E-1
6.41011E-1 5.27144E-1 4.64394E-1 4.51025E-1 4.18942E-1 3.39471E-1 3.73094E-1 4.25966E-1 5.08216E-1 4.53314E-1 6.58106E-1 8.01318E-1 7.45503E-1 7.17985E-1 7.31224E-1 6.67797E-1 6.7266E-1 7.29413E-1 7.66279E-1 7.7272E-1 5.59955E-1 5.20061E-1 3.51298E-1 5.46988E-1 7.16859E-1 7.17091E-1 6.88924E-1 6.60893E-1 7.92835E-1 7.50763E-1 7.23533E-1 4.97826E-1 4.09236E-1 5.53517E-1 4.53059E-1 3.3916E-1 2.22917E-1 1.9761E-1 2.51066E-1 -9999 -9999 -9999 -9999 -9999 -9999 -9999 -9999 -9999 -9999 -9999 -9999 -9999 -9999 -9999 -9999 -9999 -9999 -9999 -9999
5.35122E-1 5.99088E-1 6.07867E-1 4.72681E-1 4.13846E-1 3.82083E-1 4.04482E-1 3.95574E-1 4.13096E-1 3.79793E-1 5.1353E-1 7.90276E-1 7.55537E-1 7.44516E-1 7.11716E-1 6.64352E-1 6.44889E-1 7.19561E-1 7.53955E-1 6.21339E-1 -9999 -9999 -9999 -9999 -9999 -9999 -9999 -9999 -9999 -9999 -9999 -9999 -9999 -9999 -9999 -9999 -9999 -9999 -9999 -9999 -9999 -9999 -9999 -9999 -9999 -9999 -9999 -9999 -9999 -9999 -9999 -9999 -9999 -9999 -9999 -9999 -9999 -9999 -9999
3.90455E-1 5.20473E-1 4.83758E-1 5.58647E-1 5.02037E-1 3.58512E-1 4.16015E-1 5.90624E-1 5.11095E-1 3.9833E-1 3.27222E-1 6.65346E-1 7.76219E-1 8.26017E-1 7.47318E-1 6.57374E-1 7.00081E-1 6.46569E-1 -9999 -9999 -9999 -9999 -9999 -9999 -9999 -9999 -9999 -9999 -9999 -9999 -9999 -9999 -9999 -9999 -9999 -9999 -9999 -9999 -9999 -9999 -9999 -9999 -9999 -9999 -9999 -9999 -9999 -9999 -9999 -9999 -9999 -9999 -9999 -9999 -9999 -9999 -9999 -9999 -9999
4.11159E-1 5.43383E-1 3.31482E-1 4.70476E-1 2.69598E-1 4.26879E-1 3.74194E-1 4.47487E-1 4.35096E-1 3.76215E-1 3.442E-1 6.94687E-1 8.07419E-1 8.56976E-1 7.45394E-1 6.5748E-1 7.92917E-1 -9999 -9999 -9999 -9999 -9999 -9999 -9999 -9999 -9999 -9999 -9999 -9999 -9999 -9999 -9999 -9999 -9999 -9999 -9999 -9999 -9999 -9999 -9999 -9999 -9999 -9999 -9999 -9999 -9999 -9999 -9999 -9999 -9999 -9999 -9999 -9999 -9999 -9999 -9999 -9999 -9999 -9999
6.37847E-1 6.01695E-1 5.13712E-1 5.79494E-1 5.778E-1 5.11374E-1 4.85593E-1 4.10761E-1 4.04571E-1 4.29916E-1 3.25093E-1 8.08212E-1 8.47486E-1 8.43936E-1 7.8413E-1 -9999 -9999 -9999 -9999 -9999 -9999 -9999 -9999 -9999 -9999 -9999 -9999 -9999 -9999 -9999 -9999 -9999 -9999 -9999 -9999 -9999 -9999 -9999 -9999 -9999 -9999 -9999 -9999 -9999 -9999 -9999 -9999 -9999 -9999 -9999 -9999 -9999 -9999 -9999 -9999 -9999 -9999 -9999 -9999
-9999 -9999 -9999 -9999 -9999 -9999 -9999 -9999 -9999 -9999 -9999 8.16021E-1 7.90877E-1 -9999 -9999 -9999 -9999 -9999 -9999 -9999 -9999 -9999 -9999 -9999 -9999 -9999 -9999 -9999 -9999 -9999 -9999 -9999 -9999 -9999 -9999 -9999 -9999 -9999 -9999 -9999 -9999 -9999 -9999 -9999 -9999 -9999 -9999 -9999 -9999 -9999 -9999 -9999 -9999 -9999 -9999 -9999 -9999 -9999 -9999
-9999 -9999 -9999 -9999 -9999 -9999 -9999 -9999 -9999 -9999 -9999 -9999 -9999 -9999 -9999 -9999 -9999 -9999 -9999 -9999 -9999 -9999 -9999 -9999 -9999 -9999 -9999 -9999 -9999 -9999 -9999 -9999 -9999 -9999 -9999 -9999 -9999 -9999 -9999 -9999 -9999 -9999 -9999 -9999 -9999 -9999 -9999 -9999 -9999 -9999 -9999 -9999 -9999 -9999 -9999 -9999 -9999 -9999 -9999
-9999 -9999 -9999 -9999 -9999 -9999 -9999 -9999 -9999 -9999 -9999 -9999 -9999 -9999 -9999 -9999 -9999 -9999 -9999 -9999 -9999 -9999 -9999 -9999 -9999 -9999 -9999 -9999 -9999 -9999 -9999 -9999 -9999 -9999 -9999 -9999 -9999 -9999 -9999 -9999 -9999 -9999 -9999 -9999 -9999 -9999 -9999 -9999 -9999 -9999 -9999 -9999 -9999 -9999 -9999 -9999 -9999 -9999 -9999
-9999 -9999 -9999 -9999 -9999 -9999 -9999 -9999 -9999 -9999 -9999 -9999 -9999 -9999 -9999 -9999 -9999 -9999 -9999 -9999 -9999 -9999 -9999 -9999 -9999 -9999 -9999 -9999 -9999 -9999 -9999 -9999 -9999 -9999 -9999 -9999 -9999 -9999 -9999 -9999 -9999 -9999 -9999 -9999 -9999 -9999 -9999 -9999 -9999 -9999 -9999 -9999 -9999 -9999 -9999 -9999 -9999 -9999 -9999
