Phytophthora/models/20240604_1618_19/Phytophthora_PA3_RUN7_MAXENT_outputs/projMaxent.asc
ncols         225
nrows         269
xllcorner     473009.9838
yllcorner     4429051.1748
cellsize      50.0
NODATA_value  -9999
[rows 78 to 103 of 269, columns 0 to 58 of 225]
-9999 -9999 -9999 -9999 -9999 -9999 -9999 -9999 -9999 -9999 -9999 -9999 -9999 -9999 -9999 -9999 -9999 -9999 -9999 -9999 -9999 -9999 -9999 -9999 -9999 -9999 -9999 -9999 -9999 -9999 7.97091E-5 1.15633E-5 7.20659E-6 1.41129E-5 2.45325E-5 2.22969E-5 5.26594E-5 2.19989E-4 3.1484E-4 2.67981E-4 1.51416E-4 2.26968E-4 2.80211E-4 5.13772E-4 7.87473E-4 6.47423E-4 8.12345E-4 5.56261E-4 5.96228E-4 8.63321E-4 1.69758E-3 3.26585E-3 7.20574E-3 5.08385E-3 3.45056E-3 2.72097E-3 2.0644E-3 1.98368E-3 2.79677E-3
-9999 -9999 -9999 -9999 -9999 -9999 -9999 -9999 -9999 -9999 -9999 -9999 -9999 -9999 -9999 -9999 -9999 -9999 -9999 -9999 -9999 -9999 -9999 -9999 -9999 -9999 -9999 -9999 -9999 -9999 -9999 4.90746E-6 1.2105E-5 1.34784E-5 2.92566E-5 4.0412E-5 8.5389E-5 2.4879E-4 8.15844E-4 7.09607E-4 3.82143E-4 3.31471E-4 3.8652E-4 3.91482E-4 1.11459E-3 1.2548E-3 8.04523E-4 9.1952E-4 1.60136E-3 4.30541E-3 4.39747E-3 7.76923E-3 3.99772E-3 9.01623E-3 1.92829E-2 9.05145E-3 4.73933E-3 1.54257E-3 3.6739E-3
-9999 -9999 -9999 -9999 -9999 -9999 -9999 -9999 -9999 -9999 -9999 -9999 -9999 -9999 -9999 -9999 -9999 -9999 -9999 -9999 -9999 -9999 -9999 -9999 -9999 -9999 -9999 -9999 -9999 -9999 -9999 9.6332E-6 3.18044E-5 4.83119E-5 1.14702E-4 1.50807E-4 1.98696E-4 4.48085E-4 1.05399E-3 1.53118E-3 8.53008E-4 3.35837E-4 2.23794E-4 1.79521E-4 4.30964E-4 6.83587E-4 1.24442E-3 1.80005E-3 2.24354E-3 5.40526E-3 4.10798E-3 1.81586E-3 2.11505E-3 4.34313E-3 8.74611E-3 1.86571E-2 2.16297E-2 1.82453E-3 1.69112E-3
-9999 -9999 -9999 -9999 -9999 -9999 -9999 -9999 -9999 -9999 -9999 -9999 -9999 -9999 -9999 -9999 -9999 -9999 -9999 -9999 -9999 -9999 -9999 -9999 -9999 -9999 -9999 -9999 -9999 -9999 -9999 -9999 2.648E-5 7.80214E-5 1.34597E-4 3.48517E-4 5.22616E-4 7.58069E-4 2.13521E-3 1.7106E-3 1.4936E-3 4.53361E-4 4.31048E-4 2.15333E-4 4.11252E-4 9.93094E-4 2.20073E-3 1.71468E-3 3.16866E-3 3.77559E-3 3.67215E-3 2.26897E-3 2.86598E-3 4.0985E-3 9.80519E-3 2.69438E-2 1.74509E-2 5.86536E-3 1.13849E-3
-9999 -9999 -9999 -9999 -9999 -9999 -9999 -9999 -9999 -9999 -9999 -9999 -9999 -9999 -9999 -9999 -9999 -9999 -9999 -9999 -9999 -9999 -9999 -9999 -9999 -9999 -9999 -9999 -9999 -9999 -9999 -9999 1.207E-4 1.45612E-4 1.74373E-4 2.20446E-4 6.08935E-4 9.3087E-4 2.31276E-3 1.22929E-3 1.19869E-3 1.51965E-3 6.88873E-4 4.2642E-4 3.75638E-4 1.17267E-3 4.30997E-3 2.60535E-3 2.93589E-3 2.88437E-3 4.39606E-3 6.53385E-3 5.58989E-3 4.36964E-3 3.75672E-3 1.10442E-2 1.10523E-2 1.05219E-2 1.62995E-3
-9999 -9999 -9999 -9999 -9999 -9999 -9999 -9999 -9999 -9999 -9999 -9999 -9999 -9999 -9999 -9999 -9999 -9999 -9999 -9999 -9999 -9999 -9999 -9999 -9999 -9999 -9999 -9999 -9999 -9999 -9999 -9999 -9999 2.60602E-4 2.94716E-4 2.74348E-4 5.79498E-4 1.01164E-3 2.39689E-3 1.32174E-3 9.44465E-4 7.00959E-4 9.1836E-4 1.12386E-3 1.05446E-3 1.34816E-3 2.272E-3 5.28282E-3 5.77883E-3 3.09561E-3 3.58546E-3 1.15785E-2 9.53487E-3 8.14365E-3 7.03485E-3 1.20568E-2 1.73462E-2 8.01218E-3 2.22305E-3
-9999 -9999 -9999 -9999 -9999 -9999 -9999 -9999 -9999 -9999 -9999 -9999 -9999 -9999 -9999 -9999 -9999 -9999 -9999 -9999 -9999 -9999 -9999 -9999 -9999 -9999 -9999 -9999 -9999 -9999 -9999 -9999 -9999 6.05247E-4 1.05836E-3 1.49462E-3 2.12253E-3 2.87558E-3 4.15089E-3 1.69151E-3 1.64183E-3 6.41743E-4 8.74762E-4 1.30885E-3 1.0553E-3 5.79881E-4 4.53107E-3 1.17918E-2 1.88522E-2 1.33321E-2 1.07172E-2 1.35018E-2 7.22031E-3 8.70427E-3 2.01186E-2 3.01413E-2 1.91914E-2 7.95432E-3 2.8496E-3
-9999 -9999 -9999 -9999 -9999 -9999 -9999 -9999 -9999 -9999 -9999 -9999 -9999 -9999 -9999 -9999 -9999 -9999 -9999 -9999 -9999 -9999 -9999 -9999 -9999 -9999 -9999 -9999 -9999 -9999 -9999 -9999 -9999 -9999 1.69657E-3 2.3983E-3 3.25188E-3 2.55989E-3 3.96553E-3 1.74463E-3 1.58622E-3 8.3926E-4 1.19324E-3 1.30005E-3 1.90064E-3 7.29475E-3 5.49063E-3 1.91845E-2 3.84438E-2 3.17614E-2 4.08466E-2 1.75708E-2 1.45128E-2 1.62916E-2 1.84202E-2 2.28986E-2 2.6718E-2 1.18296E-2 7.72492E-3
-9999 -9999 -9999 -9999 -9999 -9999 -9999 -9999 -9999 -9999 -9999 -9999 -9999 -9999 -9999 -9999 -9999 -9999 -9999 -9999 -9999 -9999 -9999 -9999 -9999 -9999 -9999 -9999 -9999 -9999 -9999 -9999 -9999 -9999 1.69107E-3 1.76697E-3 2.49761E-3 2.98412E-3 3.47783E-3 2.10419E-3 1.81269E-3 1.83998E-3 3.99447E-3 4.99907E-3 6.66843E-3 1.02437E-2 6.4607E-3 7.45051E-3 1.24538E-2 1.68918E-2 1.59404E-2 1.22872E-2 8.46422E-3 1.55282E-2 2.427E-2 2.07129E-2 1.87453E-2 4.82342E-2 4.22947E-2
-9999 -9999 -9999 -9999 -9999 -9999 -9999 -9999 -9999 -9999 -9999 -9999 -9999 -9999 -9999 -9999 -9999 -9999 -9999 -9999 -9999 -9999 -9999 -9999 -9999 -9999 -9999 -9999 -9999 -9999 -9999 -9999 -9999 -9999 1.31578E-3 3.13907E-3 5.62778E-3 3.96597E-3 3.89057E-3 6.11015E-3 4.22352E-3 3.42895E-3 4.41321E-3 6.84017E-3 9.45677E-3 2.02282E-2 8.94308E-3 5.92308E-3 6.46446E-3 6.49009E-3 1.07022E-2 1.11583E-2 5.06538E-3 3.03023E-2 7.6704E-2 7.31746E-2 3.80268E-2 5.28594E-2 7.00415E-2
-9999 -9999 -9999 -9999 -9999 -9999 -9999 -9999 -9999 -9999 -9999 -9999 -9999 -9999 -9999 -9999 -9999 -9999 -9999 -9999 -9999 -9999 -9999 -9999 -9999 -9999 -9999 -9999 -9999 -9999 -9999 -9999 -9999 -9999 1.34966E-3 3.63791E-3 5.21189E-3 1.24971E-2 9.24957E-3 1.44658E-2 1.4494E-2 1.21667E-2 5.37309E-3 2.31868E-2 2.17541E-2 1.23542E-2 8.01372E-3 8.16901E-3 1.15704E-2 1.1598E-2 1.92665E-2 1.58102E-2 6.07459E-3 3.40545E-2 5.18648E-2 5.38246E-2 3.70923E-2 1.81652E-2 5.782E-2
-9999 -9999 -9999 -9999 -9999 -9999 -9999 -9999 -9999 -9999 -9999 -9999 -9999 -9999 -9999 -9999 -9999 -9999 -9999 -9999 -9999 -9999 -9999 -9999 -9999 -9999 -9999 -9999 -9999 -9999 -9999 -9999 -9999 5.12951E-3 5.69788E-3 6.20103E-3 1.12141E-2 2.59E-2 1.74387E-2 1.10959E-2 2.73539E-2 3.61837E-2 1.85786E-2 2.50102E-2 1.95306E-2 5.18664E-2 2.49746E-2 1.28358E-2 1.60604E-2 1.11212E-2 1.10666E-2 1.71027E-2 1.09744E-2 3.13097E-2 2.92126E-2 2.05133E-2 1.90376E-2 1.65268E-2 1.48646E-2
-9999 -9999 -9999 -9999 -9999 -9999 -9999 -9999 -9999 -9999 -9999 -9999 -9999 -9999 -9999 -9999 -9999 -9999 -9999 -9999 -9999 -9999 -9999 -9999 -9999 -9999 -9999 -9999 -9999 -9999 -9999 -9999 -9999 6.35834E-3 7.94594E-3 1.02068E-2 1.34377E-2 2.46069E-2 1.54444E-2 1.24927E-2 3.36399E-2 6.4605E-2 3.64993E-2 2.23761E-2 3.89645E-2 9.83162E-2 4.90257E-2 4.15231E-2 2.54093E-2 1.70134E-2 1.07111E-2 5.84977E-3 7.61122E-3 2.52848E-2 2.1519E-2 1.4308E-2 1.87632E-2 3.37785E-2 1.28383E-2
-9999 -9999 -9999 -9999 -9999 -9999 -9999 -9999 -9999 -9999 -9999 -9999 -9999 -9999 -9999 -9999 -9999 -9999 -9999 -9999 -9999 -9999 8.86819E-2 9.0553E-2 -9999 -9999 -9999 -9999 -9999 -9999 6.78296E-3 3.66116E-3 5.27258E-3 6.55414E-3 6.00433E-3 1.23138E-2 1.59471E-2 1.13612E-2 2.6094E-2 2.6491E-2 2.90889E-2 3.56516E-2 5.66298E-2 3.11328E-2 7.8654E-2 1.04098E-1 5.2032E-2 4.62639E-2 4.28897E-2 1.96055E-2 4.88024E-3 3.03269E-3 5.59647E-3 6.38313E-3 8.62189E-3 1.64501E-2 1.42619E-2 9.3435E-3 1.12452E-2
-9999 -9999 -9999 -9999 -9999 -9999 -9999 -9999 -9999 -9999 -9999 -9999 -9999 -9999 -9999 -9999 -9999 -9999 8.77043E-2 1.09098E-1 1.25887E-1 1.24434E-1 4.69872E-2 6.56144E-2 9.34921E-2 1.36808E-1 2.05488E-1 5.72131E-2 5.18102E-2 1.70905E-2 7.37259E-3 3.64157E-3 4.53629E-3 4.83579E-3 8.66836E-3 8.80374E-3 1.12467E-2 2.29647E-2 3.4721E-2 2.9019E-2 4.13503E-2 4.6695E-2 8.0917E-2 1.24213E-1 6.69762E-2 7.63622E-2 5.19214E-2 4.76066E-2 4.76495E-2 2.50592E-2 4.00446E-3 2.58722E-3 6.65327E-3 1.02835E-2 7.1491E-3 6.20115E-3 5.69876E-3 8.67121E-3 9.70789E-3
-9999 -9999 -9999 -9999 -9999 -9999 -9999 -9999 -9999 -9999 -9999 -9999 -9999 -9999 -9999 -9999 5.30251E-2 7.11048E-2 1.17391E-1 1.02636E-1 8.72132E-2 6.50576E-2 5.56701E-2 7.0777E-2 7.59286E-2 1.20179E-1 2.04283E-1 1.42398E-1 1.1304E-1 3.35086E-2 7.36339E-3 6.33409E-3 4.86258E-3 6.3132E-3 7.85886E-3 9.39994E-3 4.46737E-3 2.05047E-2 1.4414E-2 2.4106E-2 4.56251E-2 4.58583E-2 3.86648E-2 5.04814E-2 5.24883E-2 8.73425E-2 5.7842E-2 4.84216E-2 3.82329E-2 1.81166E-2 1.98853E-2 7.54355E-3 5.85203E-3 5.47918E-3 8.82669E-3 1.80758E-2 1.07462E-2 1.16577E-2 9.89921E-3
-9999 -9999 -9999 -9999 -9999 -9999 -9999 -9999 -9999 -9999 -9999 -9999 -9999 -9999 2.60851E-2 5.80357E-2 1.15755E-1 1.47165E-1 1.03939E-1 1.22441E-1 9.6736E-2 9.72114E-2 1.22931E-1 1.70534E-1 1.81631E-1 1.03321E-1 1.19838E-1 2.37801E-1 1.01449E-1 5.09168E-2 1.80659E-2 1.22476E-2 9.05556E-3 1.00817E-2 1.35133E-2 8.37166E-3 3.76256E-3 3.18357E-2 2.71395E-2 2.04549E-2 3.89927E-2 4.66104E-2 2.76305E-2 3.87403E-2 4.63496E-2 8.93242E-2 8.53309E-2 3.21742E-2 2.91931E-2 1.30027E-2 1.33013E-2 1.53371E-2 3.22449E-2 1.99526E-2 3.3995E-2 2.21784E-2 1.07667E-2 4.32144E-3 2.59635E-3
-9999 -9999 -9999 -9999 -9999 -9999 -9999 -9999 -9999 -9999 -9999 -9999 7.75743E-3 9.89133E-3 1.71713E-2 5.42876E-2 9.57997E-2 8.89683E-2 1.17481E-1 1.47395E-1 7.98854E-2 4.86952E-2 6.69968E-2 2.24645E-1 2.48127E-1 2.12322E-1 9.67483E-2 2.007E-1 5.42043E-2 1.77837E-2 1.42535E-2 1.02907E-2 1.55098E-2 9.08233E-3 1.13103E-2 4.10566E-3 7.02099E-3 3.19388E-2 1.62835E-2 1.47387E-2 2.54346E-2 4.54475E-2 1.97821E-2 1.8181E-2 4.82408E-2 2.32363E-2 9.42677E-3 1.50319E-2 8.21251E-3 8.68822E-3 1.00762E-2 6.50903E-3 8.20907E-3 2.46993E-2 3.68371E-2 3.60729E-2 1.11209E-2 3.96309E-3 3.20015E-3
-9999 -9999 -9999 -9999 -9999 -9999 -9999 -9999 -9999 -9999 -9999 1.22206E-2 1.32409E-2 1.13462E-2 2.69537E-2 5.18058E-2 9.34886E-2 9.62706E-2 1.54814E-1 1.31991E-1 4.4118E-2 6.22705E-2 1.27951E-1 2.78543E-1 2.6619E-1 2.35326E-1 1.76951E-1 2.83815E-1 1.3565E-1 3.19495E-2 2.56068E-2 1.70157E-2 3.4405E-2 1.86509E-2 1.00726E-2 4.90876E-3 6.8235E-3 1.33776E-2 1.14143E-2 2.99799E-2 5.59441E-2 1.75408E-2 3.82292E-2 2.60492E-2 9.08729E-3 1.11463E-2 1.63933E-2 1.45807E-2 7.67785E-3 5.61151E-3 7.39056E-3 5.71332E-3 4.29164E-3 7.47238E-3 8.61739E-3 8.00364E-3 7.88167E-3 6.91078E-3 5.95054E-3
-9999 -9999 -9999 -9999 -9999 -9999 -9999 -9999 -9999 -9999 -9999 1.51585E-2 2.45119E-2 2.67839E-2 3.17805E-2 4.87779E-2 1.72999E-1 1.64754E-1 1.14146E-1 5.17497E-2 5.86221E-2 1.24508E-1 2.25264E-1 3.25691E-1 2.4124E-1 2.11297E-1 2.442E-1 3.50154E-1 5.64568E-1 2.52E-1 1.15913E-1 5.48732E-2 4.03006E-2 2.07106E-2 1.15635E-2 1.33306E-2 1.06051E-2 1.93645E-2 2.40547E-2 4.67456E-2 3.49205E-2 1.64414E-2 1.10582E-2 1.16719E-2 7.60668E-3 6.97306E-3 2.42088E-2 2.68327E-2 2.11081E-2 1.09554E-2 1.07724E-2 7.46927E-3 6.75984E-3 7.61544E-3 9.4257E-3 9.45716E-3 1.73184E-2 2.20264E-2 1.02225E-2
-9999 -9999 -9999 -9999 -9999 -9999 -9999 -9999 -9999 -9999 9.30023E-3 2.15559E-2 3.53804E-2 4.82848E-2 5.19091E-2 9.59781E-2 2.09892E-1 3.11236E-1 2.36123E-1 1.50047E-1 1.77495E-1 1.68333E-1 3.98185E-1 3.82744E-1 3.07353E-1 3.08507E-1 2.99823E-1 2.1604E-1 2.57469E-1 3.5155E-1 3.30033E-1 1.25488E-1 3.97697E-2 3.58827E-2 2.26935E-2 4.00491E-2 3.20004E-2 1.92242E-2 9.33537E-2 5.92309E-2 1.68824E-2 1.14857E-2 7.36058E-3 4.80571E-3 7.74411E-3 1.12067E-2 2.21771E-2 2.44439E-2 2.17758E-2 1.13692E-2 1.51234E-2 2.03299E-2 1.54422E-2 3.6583E-2 3.98964E-2 2.85702E-2 1.97303E-2 2.39751E-2 1.14123E-2
-9999 -9999 -9999 -9999 -9999 -9999 -9999 -9999 -9999 -9999 -9999 2.05474E-2 2.70714E-2 7.01042E-2 1.14802E-1 1.36522E-1 1.61538E-1 1.86693E-1 2.38625E-1 3.82656E-1 4.98909E-1 4.74758E-1 4.32327E-1 3.83682E-1 3.40201E-1 3.1191E-1 3.04881E-1 1.83169E-1 6.29496E-2 5.86163E-2 7.81068E-2 2.10319E-1 1.82974E-1 4.78216E-2 4.6921E-2 2.42672E-2 2.12287E-2 4.40236E-2 4.74261E-2 2.17944E-2 2.06366E-2 9.27444E-3 6.59635E-3 6.37558E-3 1.96937E-2 8.9385E-3 7.97545E-3 1.48888E-2 1.08628E-2 4.14284E-3 1.45311E-2 2.50409E-2 2.66348E-2 2.56929E-2 7.49648E-2 6.35596E-2 3.66752E-2 3.42335E-2 2.91126E-2
-9999 -9999 -9999 -9999 -9999 -9999 -9999 -9999 -9999 -9999 -9999 2.50118E-2 2.9207E-2 4.76297E-2 1.34039E-1 1.78067E-1 1.58686E-1 1.98947E-1 2.51442E-1 3.18017E-1 4.02007E-1 4.70166E-1 4.20337E-1 3.6641E-1 3.14811E-1 2.93089E-1 2.81091E-1 2.81936E-1 2.54923E-1 1.60644E-1 1.24847E-1 2.76031E-1 2.02108E-1 8.15451E-2 3.6095E-2 2.37521E-2 2.46911E-2 4.51465E-2 2.62236E-2 2.3435E-2 2.10083E-2 3.33606E-2 2.94686E-2 1.60877E-2 2.53507E-2 1.71721E-2 5.30172E-3 8.8737E-3 9.79869E-3 1.07175E-2 1.85145E-2 1.70591E-2 3.05086E-2 4.84625E-2 3.64667E-2 4.32535E-2 3.83077E-2 5.06198E-2 5.88714E-2
-9999 -9999 -9999 -9999 -9999 -9999 -9999 -9999 -9999 -9999 -9999 5.25964E-2 5.38211E-2 7.58425E-2 1.78052E-1 2.39949E-1 1.61521E-1 5.14292E-1 4.02328E-1 2.30654E-1 1.94592E-1 2.03113E-1 2.83312E-1 3.42877E-1 2.98242E-1 2.41151E-1 2.39474E-1 2.56403E-1 2.6636E-1 1.46458E-1 1.15311E-1 2.58834E-1 4.03235E-1 2.04445E-1 3.54915E-2 1.99391E-2 2.84857E-2 5.22646E-2 5.13374E-2 9.09477E-2 3.58151E-2 1.66949E-2 1.88321E-2 3.19057E-2 5.01812E-2 1.55272E-2 1.38849E-2 8.42398E-3 6.78985E-3 1.26189E-2 6.69634E-3 3.33925E-3 1.67703E-2 5.64894E-2 4.13758E-2 1.83615E-2 7.12392E-3 1.90955E-2 5.53496E-2
-9999 -9999 -9999 -9999 -9999 -9999 -9999 -9999 -9999 -9999 -9999 8.2184E-2 8.42054E-2 9.27984E-2 1.34741E-1 1.8362E-1 3.34146E-1 3.70735E-1 2.95676E-1 1.85436E-1 1.38665E-1 1.14817E-1 2.67798E-1 2.6774E-1 1.56686E-1 1.47217E-1 1.61687E-1 1.78283E-1 2.61743E-1 2.30593E-1 2.0111E-1 2.21425E-1 1.70177E-1 1.19522E-1 6.08042E-2 3.69146E-2 4.46279E-2 6.43534E-2 3.21492E-2 2.6887E-2 1.93432E-2 6.63096E-3 8.02321E-3 8.92518E-3 1.41691E-2 2.88749E-2 2.29065E-2 1.55784E-2 7.11428E-3 9.36547E-3 6.59273E-3 2.48902E-3 9.75639E-3 4.97627E-2 4.99253E-2 2.5427E-2 8.30939E-3 1.05744E-2 5.18405E-2
-9999 -9999 -9999 -9999 -9999 -9999 -9999 -9999 -9999 -9999 -9999 9.91137E-2 8.555E-2 9.90219E-2 1.57438E-1 2.54107E-1 1.93211E-1 1.79436E-1 8.86108E-2 1.03524E-1 1.0339E-1 7.12925E-2 5.95355E-2 6.72847E-2 9.69043E-2 1.07925E-1 1.26307E-1 1.42153E-1 2.36663E-1 2.8548E-1 3.71892E-1 1.84398E-1 1.17702E-1 7.90107E-2 6.64007E-2 5.55176E-2 3.92093E-2 5.15023E-2 6.00894E-2 1.44498E-2 1.26409E-2 7.6161E-3 7.02838E-3 3.55803E-3 3.92276E-3 2.14366E-2 1.40486E-2 1.94617E-2 9.08868E-3 9.81196E-3 1.21315E-2 4.8592E-3 4.70162E-3 1.58568E-2 4.76798E-2 1.60263E-2 6.57221E-3 6.87958E-3 2.28888E-2
