Phytophthora/models/20240604_1618_19/Phytophthora_PA3_RUN7_MAXENT_outputs/projMaxent.asc
ncols         225
nrows         269
xllcorner     473009.9838
yllcorner     4429051.1748
cellsize      50.0
NODATA_value  -9999
[rows 104 to 129 of 269, columns 0 to 58 of 225]
-9999 -9999 -9999 -9999 -9999 -9999 -9999 -9999 -9999 -9999 -9999 7.86851E-2 6.98644E-2 8.13028E-2 9.11594E-2 3.33971E-1 3.25659E-1 1.15428E-1 8.11161E-2 6.02372E-2 5.10802E-2 4.87678E-2 3.04633E-2 3.70056E-2 4.35166E-2 1.092E-1 1.49537E-1 5.92E-2 1.54241E-1 5.6356E-1 1.43148E-1 1.27286E-1 8.9821E-2 4.78817E-2 5.86396E-2 6.1661E-2 6.08159E-2 5.47704E-2 8.3187E-2 2.82714E-2 1.96402E-2 1.34542E-2 1.06064E-2 3.90379E-3 6.35021E-3 6.77571E-3 6.93795E-3 1.19467E-2 1.88289E-2 7.45988E-3 1.32177E-2 5.53758E-3 7.09002E-3 1.21912E-2 4.38737E-2 1.34165E-2 6.05811E-3 7.16136E-3 2.22234E-2
-9999 -9999 -9999 -9999 -9999 -9999 -9999 -9999 -9999 -9999 -9999 2.63863E-1 2.33706E-1 2.42757E-1 3.53938E-1 5.06902E-1 2.49257E-1 1.07683E-1 1.39172E-1 1.23338E-1 1.63879E-1 9.80157E-2 6.31877E-2 6.75747E-2 8.61232E-2 2.67338E-1 3.16064E-1 1.99718E-1 2.21253E-1 1.37477E-1 7.00962E-2 1.13049E-1 1.00364E-1 5.69119E-2 8.45407E-2 7.31451E-2 1.35903E-1 1.27412E-1 1.28937E-1 3.3093E-2 3.39658E-2 2.22337E-2 1.97059E-2 1.42029E-2 7.20209E-3 2.00665E-2 2.22032E-2 1.20174E-2 1.17659E-2 2.43828E-2 1.2049E-2 6.01786E-3 5.66651E-3 2.01217E-2 2.07336E-2 1.03556E-2 3.3359E-3 4.11785E-3 8.22143E-3
-9999 -9999 -9999 -9999 -9999 -9999 -9999 -9999 -9999 -9999 3.74168E-1 6.45129E-1 5.81427E-1 6.76468E-1 3.56029E-1 2.75555E-1 2.3562E-1 1.90379E-1 1.36361E-1 9.46452E-2 1.80317E-1 1.49165E-1 1.34496E-1 8.44522E-2 1.55534E-1 3.06767E-1 1.26048E-1 2.13295E-1 2.43765E-1 1.51981E-1 8.37931E-2 6.51758E-2 6.52764E-2 6.23087E-2 1.69281E-1 1.31316E-1 1.63759E-1 1.32107E-1 1.67899E-1 4.83486E-2 4.9547E-2 2.5846E-2 1.6454E-2 2.82745E-2 8.26979E-2 6.61815E-2 2.61902E-2 1.36771E-2 2.0958E-2 2.67829E-2 1.37461E-2 1.57698E-2 2.73575E-2 2.34318E-2 1.512E-2 6.65479E-3 6.05984E-3 7.37167E-3 7.09684E-3
-9999 -9999 -9999 -9999 -9999 -9999 -9999 -9999 -9999 -9999 3.86574E-1 7.80511E-1 8.85631E-1 4.31565E-1 2.62538E-1 3.13709E-1 2.75874E-1 2.84221E-1 1.49235E-1 1.26234E-1 2.30927E-1 2.75746E-1 1.84042E-1 2.57036E-1 3.61703E-1 1.8533E-1 1.18528E-1 1.52756E-1 1.58073E-1 1.3282E-1 1.25516E-1 1.08191E-1 6.88371E-2 9.3638E-2 1.73735E-1 1.35342E-1 1.5313E-1 1.54722E-1 1.13813E-1 1.12474E-1 7.97175E-2 5.47174E-2 4.20886E-2 8.07447E-2 1.06799E-1 1.00959E-1 5.86442E-2 3.96946E-2 4.65994E-2 5.49064E-2 7.64526E-2 8.20101E-2 1.01313E-1 2.43259E-2 1.42613E-2 4.44593E-3 5.65674E-3 6.58008E-3 6.50756E-3
-9999 -9999 -9999 -9999 -9999 -9999 -9999 -9999 -9999 -9999 3.62896E-1 6.93857E-1 8.16583E-1 4.94707E-1 2.67053E-1 3.6502E-1 2.49407E-1 3.26286E-1 2.92238E-1 1.59474E-1 2.55802E-1 4.69824E-1 3.12988E-1 3.63193E-1 1.17829E-1 1.09204E-1 6.07623E-2 8.5113E-2 1.23458E-1 1.44882E-1 1.45772E-1 8.86432E-2 4.76597E-2 1.07049E-1 1.81377E-1 1.43575E-1 1.55168E-1 3.14277E-1 1.28116E-1 1.46495E-1 3.32808E-1 9.23316E-2 4.73062E-2 5.08655E-2 8.35756E-2 8.78101E-2 1.01696E-1 8.61555E-2 6.70628E-2 7.14598E-2 2.24923E-1 1.31153E-1 1.32064E-1 4.59454E-2 2.99162E-2 1.60127E-2 2.82115E-2 1.48228E-2 8.35974E-3
-9999 -9999 -9999 -9999 -9999 -9999 -9999 -9999 -9999 -9999 4.23209E-1 5.50645E-1 8.61429E-1 7.16818E-1 3.08096E-1 3.00707E-1 2.43657E-1 5.46599E-1 5.66507E-1 2.58435E-1 2.32286E-1 3.43072E-1 4.04351E-1 3.85253E-1 1.71804E-1 9.34067E-2 4.07459E-2 3.23086E-2 6.51345E-2 1.17708E-1 9.5661E-2 5.78246E-2 8.26234E-2 1.8462E-1 1.84962E-1 1.48799E-1 2.47172E-1 2.64613E-1 2.20176E-1 2.68778E-1 1.97107E-1 1.95335E-1 4.68631E-2 3.50019E-2 6.5156E-2 1.23812E-1 1.14758E-1 9.36768E-2 7.71299E-2 1.00266E-1 2.16374E-1 2.5419E-1 1.35745E-1 5.76481E-2 4.20968E-2 9.02734E-2 7.08246E-2 2.23052E-2 7.954E-3
-9999 -9999 -9999 -9999 -9999 -9999 -9999 -9999 -9999 8.55162E-1 6.7318E-1 8.24598E-1 5.31231E-1 5.99657E-1 5.43275E-1 3.65902E-1 3.84801E-1 7.00045E-1 5.51489E-1 2.24398E-1 3.87584E-1 2.83914E-1 4.88039E-1 3.41284E-1 2.47075E-1 9.18109E-2 3.99888E-2 3.61673E-2 4.59812E-2 6.71183E-2 7.09119E-2 8.07606E-2 1.57942E-1 2.76898E-1 2.7306E-1 1.58897E-1 1.84842E-1 1.87488E-1 2.18558E-1 2.78943E-1 3.71089E-1 2.31402E-1 2.57096E-1 1.41726E-1 6.49518E-2 3.06515E-1 1.28005E-1 1.05527E-1 8.65293E-2 5.76235E-2 8.01231E-2 2.14877E-1 1.58328E-1 7.48946E-2 3.98949E-2 1.01262E-1 8.74419E-2 2.07925E-2 6.66058E-3
-9999 -9999 -9999 -9999 -9999 -9999 -9999 -9999 9.83422E-1 7.57987E-1 7.99879E-1 9.59573E-1 6.36965E-1 6.27234E-1 5.26475E-1 2.39005E-1 4.26364E-1 7.52373E-1 6.377E-1 3.93908E-1 4.32325E-1 3.93893E-1 3.41973E-1 1.9192E-1 1.15854E-1 7.91658E-2 5.68051E-2 5.72194E-2 4.36367E-2 3.42771E-2 3.24794E-2 8.37878E-2 1.8227E-1 2.1568E-1 2.35225E-1 1.54175E-1 1.38911E-1 1.4996E-1 1.99954E-1 3.10218E-1 5.56887E-1 4.95411E-1 6.54798E-1 4.41214E-1 3.15075E-1 1.79906E-1 1.34666E-1 1.14878E-1 9.82402E-2 6.36221E-2 5.8339E-2 1.8598E-1 3.22335E-1 1.72919E-1 1.36505E-1 2.02906E-1 1.28756E-1 2.20045E-2 6.64864E-3
-9999 -9999 -9999 -9999 -9999 -9999 -9999 -9999 9.54577E-1 6.94469E-1 9.19187E-1 9.97465E-1 7.81373E-1 7.27883E-1 3.46973E-1 2.00903E-1 3.20942E-1 5.65271E-1 5.83214E-1 4.39505E-1 5.11114E-1 6.55074E-1 4.00727E-1 1.69955E-1 1.59641E-1 1.21435E-1 9.60126E-2 7.62722E-2 4.66239E-2 4.15103E-2 3.73055E-2 8.51296E-2 2.55699E-1 3.15721E-1 1.32962E-1 1.33326E-1 1.73866E-1 2.05168E-1 2.07636E-1 3.32772E-1 4.24356E-1 5.24105E-1 6.95985E-1 8.66308E-1 7.17437E-1 2.88989E-1 1.7208E-1 1.33866E-1 1.17247E-1 9.59644E-2 7.11211E-2 1.45292E-1 2.74834E-1 2.61306E-1 2.41971E-1 1.99218E-1 1.39591E-1 1.5962E-2 6.6623E-3
-9999 -9999 -9999 -9999 -9999 -9999 -9999 -9999 8.87534E-1 9.15928E-1 9.32727E-1 9.57283E-1 9.10395E-1 8.45746E-1 4.12438E-1 2.08541E-1 3.69105E-1 8.61507E-1 7.00794E-1 4.05727E-1 6.30795E-1 7.03509E-1 4.49244E-1 2.70988E-1 5.55754E-1 6.77801E-1 7.09294E-1 2.40006E-1 8.369E-2 1.39596E-1 1.25899E-1 1.20123E-1 6.31901E-2 2.89372E-1 2.33384E-1 2.38353E-1 3.10319E-1 3.7106E-1 2.1362E-1 2.57472E-1 4.36649E-1 5.81019E-1 6.69689E-1 7.12099E-1 7.67144E-1 6.42043E-1 5.31895E-1 1.8973E-1 1.30763E-1 9.59961E-2 9.60559E-2 5.4486E-2 2.4085E-1 2.34372E-1 2.34704E-1 2.12044E-1 1.45139E-1 1.89425E-2 5.59739E-3
-9999 -9999 -9999 -9999 -9999 -9999 -9999 4.84158E-1 9.80991E-1 9.98537E-1 9.98815E-1 9.4875E-1 9.02157E-1 7.48157E-1 6.51334E-1 4.85547E-1 3.88635E-1 3.28194E-1 3.77777E-1 5.33943E-1 6.69047E-1 7.78838E-1 4.72336E-1 2.74165E-1 8.1669E-1 7.64358E-1 6.59043E-1 2.29525E-1 1.31157E-1 1.02568E-1 1.41232E-1 1.17689E-1 4.93774E-2 9.57407E-2 1.81045E-1 2.53155E-1 3.16014E-1 1.96159E-1 2.09361E-1 1.4741E-1 1.86245E-1 5.7976E-1 7.10245E-1 6.09083E-1 7.01857E-1 6.73324E-1 7.19944E-1 5.36156E-1 1.43892E-1 1.29414E-1 1.12767E-1 9.64219E-2 1.03654E-1 1.81255E-1 2.41077E-1 2.33445E-1 1.06465E-1 2.14242E-2 1.1928E-2
-9999 -9999 -9999 -9999 -9999 -9999 3.24544E-1 4.62223E-1 9.79977E-1 9.61461E-1 9.64799E-1 9.341E-1 8.93588E-1 5.75231E-1 4.71584E-1 3.64886E-1 2.3753E-1 3.44424E-1 8.34579E-1 5.74748E-1 7.16861E-1 8.80014E-1 5.90458E-1 5.0407E-1 7.46631E-1 7.596E-1 2.66384E-1 1.29368E-1 8.92835E-2 5.9429E-2 4.49634E-2 3.43435E-2 3.0569E-2 7.61148E-2 1.40811E-1 2.71323E-1 3.71297E-1 2.51139E-1 1.79355E-1 2.04913E-1 2.1684E-1 2.71851E-1 4.72975E-1 7.54817E-1 8.97713E-1 7.71517E-1 6.74132E-1 5.40723E-1 2.33968E-1 1.61429E-1 1.4503E-1 1.64125E-1 1.86873E-1 2.56281E-1 2.60046E-1 2.52585E-1 1.89329E-1 8.32033E-2 5.30738E-2
-9999 -9999 -9999 -9999 -9999 -9999 -9999 3.92165E-1 3.21293E-1 7.02793E-1 7.59184E-1 7.76993E-1 5.27537E-1 5.35784E-1 4.2217E-1 2.53023E-1 2.56286E-1 4.76438E-1 8.27375E-1 5.716E-1 6.66693E-1 7.19078E-1 4.30967E-1 4.52179E-1 5.97777E-1 3.78772E-1 2.39417E-1 1.44697E-1 1.16434E-1 5.96465E-2 3.13243E-2 2.16359E-2 2.41968E-2 9.83325E-2 1.21655E-1 1.95867E-1 3.32863E-1 2.48606E-1 2.97804E-1 5.50257E-1 5.43381E-1 2.82175E-1 3.1036E-1 7.60239E-1 8.62853E-1 7.56692E-1 5.35452E-1 5.97145E-1 1.52284E-1 1.52165E-1 1.0864E-1 8.75071E-2 7.43517E-2 5.0495E-1 2.84457E-1 2.76829E-1 2.07636E-1 8.26028E-2 2.87714E-2
-9999 -9999 -9999 -9999 -9999 -9999 -9999 -9999 4.51221E-1 4.72521E-1 5.01187E-1 3.18919E-1 2.60097E-1 3.89248E-1 3.46785E-1 1.87864E-1 1.94866E-1 2.0557E-1 4.00504E-1 3.88544E-1 3.05741E-1 3.76342E-1 5.04553E-1 4.77201E-1 4.85635E-1 8.15877E-1 6.70837E-1 2.75062E-1 2.57876E-1 2.10339E-1 1.01463E-1 3.4402E-2 3.34261E-2 6.36902E-2 1.06041E-1 1.82606E-1 2.0233E-1 3.19267E-1 3.96199E-1 7.8724E-1 9.07021E-1 6.14653E-1 2.89809E-1 5.99445E-1 4.98142E-1 4.4601E-1 2.29539E-1 1.59787E-1 5.52839E-2 4.8348E-2 7.98927E-2 8.97102E-2 1.74783E-1 1.24826E-1 2.56192E-1 2.96085E-1 2.21801E-1 8.01242E-2 6.72596E-2
-9999 -9999 -9999 -9999 -9999 -9999 -9999 -9999 2.68382E-1 3.89782E-1 5.00593E-1 2.87606E-1 2.24851E-1 2.74529E-1 2.32423E-1 2.72788E-1 4.56003E-1 3.63951E-1 4.18389E-1 3.60121E-1 2.83819E-1 3.31439E-1 1.99803E-1 2.13536E-1 3.41805E-1 9.16253E-1 9.44743E-1 5.63738E-1 5.71661E-1 5.57039E-1 1.63624E-1 5.34584E-2 3.17218E-2 2.88681E-2 3.61841E-2 5.39591E-2 6.03828E-2 9.25843E-2 4.01423E-1 7.95208E-1 9.25618E-1 5.44453E-1 5.64219E-1 4.25665E-1 3.39458E-1 2.09997E-1 8.98203E-2 6.22744E-2 6.42934E-2 4.61988E-2 4.89491E-2 8.05259E-2 9.08028E-2 1.17166E-1 1.89371E-1 7.26424E-2 3.20955E-2 1.44593E-1 2.28177E-2
-9999 -9999 -9999 -9999 -9999 -9999 -9999 -9999 -9999 3.15329E-1 3.62426E-1 2.77857E-1 4.34011E-1 2.61335E-1 2.61872E-1 3.64669E-1 5.04095E-1 3.77078E-1 3.1986E-1 3.44955E-1 2.2741E-1 2.01461E-1 2.99577E-1 1.94675E-1 3.09979E-1 9.66604E-1 9.83557E-1 9.77116E-1 6.43174E-1 5.43754E-1 2.22556E-1 7.0389E-2 3.34733E-2 3.5338E-2 5.27127E-2 1.02944E-1 1.54283E-1 2.09978E-1 5.54029E-1 6.76357E-1 3.31571E-1 2.81424E-1 3.99242E-1 3.34248E-1 2.36531E-1 8.63693E-2 6.43403E-2 4.76271E-2 5.0927E-2 4.50517E-2 4.43275E-2 3.72186E-2 3.14938E-2 3.46985E-2 4.68976E-2 2.68728E-2 4.43677E-2 7.67213E-2 2.38239E-2
-9999 -9999 -9999 -9999 -9999 -9999 -9999 -9999 -9999 -9999 2.62944E-1 4.05224E-1 3.76172E-1 3.70633E-1 2.53753E-1 2.99982E-1 3.95911E-1 3.09636E-1 3.19435E-1 3.31988E-1 2.96231E-1 2.48682E-1 2.82531E-1 2.09834E-1 4.18524E-1 9.47418E-1 9.87717E-1 9.79492E-1 6.97762E-1 7.1537E-1 3.5943E-1 1.03538E-1 4.68295E-2 5.36783E-2 8.26395E-2 1.59814E-1 1.88126E-1 3.53063E-1 5.08533E-1 5.59623E-1 2.81748E-1 3.56253E-1 2.75313E-1 1.5607E-1 1.0763E-1 6.1439E-2 6.65635E-2 5.28701E-2 3.80692E-2 1.89682E-2 2.29096E-2 2.43034E-2 3.19209E-2 3.29009E-2 3.62284E-2 3.45014E-2 4.15169E-2 4.32846E-2 4.02682E-2
-9999 -9999 -9999 -9999 -9999 -9999 -9999 -9999 -9999 -9999 -9999 -9999 5.22916E-1 4.08187E-1 3.11227E-1 2.28277E-1 3.70331E-1 4.63098E-1 4.54859E-1 3.79606E-1 4.22273E-1 3.47085E-1 3.35775E-1 2.54384E-1 2.32781E-1 5.77572E-1 7.97727E-1 6.09569E-1 5.34907E-1 6.59753E-1 3.6151E-1 1.23789E-1 6.87507E-2 8.47663E-2 1.13624E-1 3.55209E-1 4.56011E-1 4.27566E-1 4.04653E-1 3.02803E-1 2.4234E-1 3.08631E-1 2.5914E-1 9.81297E-2 4.12765E-2 5.24502E-2 7.29963E-2 5.83086E-2 3.2829E-2 2.75303E-2 3.92912E-2 5.76559E-2 8.04397E-2 4.64246E-2 5.13291E-2 5.9371E-2 2.94349E-2 4.71924E-2 6.19844E-2
-9999 -9999 -9999 -9999 -9999 -9999 -9999 -9999 -9999 -9999 -9999 -9999 7.67195E-1 2.83633E-1 2.99965E-1 1.87166E-1 2.81921E-1 3.75593E-1 5.2128E-1 6.44576E-1 7.00232E-1 5.32557E-1 4.21413E-1 3.56735E-1 2.8893E-1 2.64721E-1 5.42244E-1 4.46937E-1 3.93682E-1 3.73446E-1 2.70102E-1 1.06222E-1 8.87378E-2 1.28023E-1 1.28278E-1 4.27307E-1 7.02387E-1 5.31373E-1 6.01048E-1 3.49998E-1 2.37642E-1 2.25346E-1 1.58814E-1 4.82635E-2 4.45857E-2 4.8296E-2 5.31926E-2 5.12892E-2 4.0977E-2 4.23006E-2 5.51511E-2 6.23656E-2 1.2011E-1 4.5112E-2 8.46666E-2 3.30929E-2 3.02088E-2 4.81365E-2 6.26304E-2
-9999 -9999 -9999 -9999 -9999 -9999 -9999 -9999 -9999 -9999 -9999 -9999 -9999 3.28011E-1 2.69749E-1 1.76105E-1 1.64725E-1 2.56132E-1 4.50748E-1 5.78025E-1 6.60232E-1 6.11647E-1 7.25468E-1 5.33981E-1 5.33221E-1 3.71795E-1 6.49395E-1 3.62297E-1 3.34296E-1 2.55649E-1 1.47377E-1 1.17319E-1 8.09959E-2 7.30804E-2 1.2903E-1 5.78809E-1 2.96877E-1 4.30344E-1 6.05142E-1 2.73528E-1 1.77355E-1 2.60171E-1 1.04036E-1 4.21504E-2 6.86825E-2 6.38681E-2 8.40564E-2 6.56973E-2 6.32623E-2 5.41867E-2 5.94857E-2 5.70133E-2 7.92014E-2 7.74957E-2 4.23049E-2 3.70298E-2 4.78402E-2 5.42754E-2 5.67267E-2
-9999 -9999 -9999 -9999 -9999 -9999 -9999 -9999 -9999 -9999 -9999 -9999 -9999 1.27665E-1 1.87787E-1 1.72888E-1 2.01529E-1 4.84191E-1 6.84067E-1 4.77841E-1 6.98424E-1 7.25621E-1 5.71563E-1 8.52256E-1 8.53085E-1 9.23557E-1 7.12774E-1 2.84505E-1 2.45534E-1 1.11006E-1 1.00836E-1 8.16889E-2 6.80997E-2 7.34603E-2 2.18078E-1 5.72934E-1 4.1496E-1 5.55739E-1 5.23015E-1 2.08685E-1 9.90001E-2 1.21983E-1 7.48398E-2 6.32512E-2 8.78763E-2 1.2751E-1 1.55807E-1 1.18692E-1 1.49721E-1 1.02066E-1 1.4668E-1 1.12906E-1 7.13908E-2 6.4451E-2 4.39361E-2 5.46323E-2 6.7376E-2 5.61842E-2 5.33353E-2
-9999 -9999 -9999 -9999 -9999 -9999 -9999 -9999 -9999 -9999 -9999 -9999 -9999 -9999 2.05543E-1 1.93134E-1 3.51507E-1 5.86501E-1 5.52034E-1 4.43117E-1 4.3914E-1 3.94713E-1 7.25509E-1 9.97459E-1 9.36415E-1 8.44152E-1 2.93559E-1 2.22168E-1 2.14796E-1 9.68886E-2 9.3148E-2 9.25621E-2 7.78162E-2 8.57904E-2 1.57898E-1 3.43982E-1 2.26685E-1 3.28424E-1 2.83149E-1 1.84755E-1 1.08571E-1 8.25441E-2 8.96467E-2 8.52244E-2 7.91493E-2 1.01049E-1 1.37881E-1 1.407E-1 1.47982E-1 8.06696E-2 1.79541E-1 1.05618E-1 1.13567E-1 1.23396E-1 6.9148E-2 8.17991E-2 8.10576E-2 5.95831E-2 5.68748E-2
-9999 -9999 -9999 -9999 -9999 -9999 -9999 -9999 -9999 -9999 -9999 -9999 -9999 -9999 2.56301E-1 2.52418E-1 4.11607E-1 3.48423E-1 2.82934E-1 3.43515E-1 3.83853E-1 9.47642E-1 9.8827E-1 9.19797E-1 8.40459E-1 5.15471E-1 3.73267E-1 2.24297E-1 1.9756E-1 1.84112E-1 1.48899E-1 1.71788E-1 1.53456E-1 1.42606E-1 1.53637E-1 1.93186E-1 1.79632E-1 2.94108E-1 3.0929E-1 1.44316E-1 1.28497E-1 1.28379E-1 1.44806E-1 1.08565E-1 1.02214E-1 9.43709E-2 1.20749E-1 1.00517E-1 1.02489E-1 1.0261E-1 9.85723E-2 6.09071E-2 6.7067E-2 1.18315E-1 9.96689E-2 7.75774E-2 6.17403E-2 6.79794E-2 7.96051E-2
-9999 -9999 -9999 -9999 -9999 -9999 -9999 -9999 -9999 -9999 -9999 -9999 -9999 -9999 1.53677E-1 1.59861E-1 2.54544E-1 2.28098E-1 2.07222E-1 2.87779E-1 8.33529E-1 9.74651E-1 7.39407E-1 9.31673E-1 9.26893E-1 7.71123E-1 1.80462E-1 1.63662E-1 1.60503E-1 1.79483E-1 1.43423E-1 1.57071E-1 1.8025E-1 1.67876E-1 1.14661E-1 1.36538E-1 1.4423E-1 1.49715E-1 1.63897E-1 1.49696E-1 1.37125E-1 1.31583E-1 1.22046E-1 9.04419E-2 1.12623E-1 1.51771E-1 2.17852E-1 1.09355E-1 8.65732E-2 8.31166E-2 6.44591E-2 7.73005E-2 6.338E-2 1.76011E-1 1.24925E-1 6.64516E-2 3.65063E-2 5.24812E-2 7.90667E-2
-9999 -9999 -9999 -9999 -9999 -9999 -9999 -9999 -9999 -9999 -9999 -9999 -9999 3.0044E-1 2.4282E-1 2.52893E-1 1.84485E-1 1.97219E-1 3.02393E-1 7.65708E-1 8.84887E-1 9.01098E-1 9.90675E-1 8.90763E-1 8.66906E-1 8.22031E-1 2.59676E-1 1.50696E-1 1.51289E-1 1.31787E-1 1.14405E-1 1.40235E-1 1.49398E-1 1.39788E-1 7.41358E-2 1.39148E-1 1.05787E-1 8.19558E-2 1.55136E-1 1.21569E-1 1.42073E-1 1.70097E-1 1.86878E-1 1.23896E-1 1.2945E-1 1.85158E-1 2.33167E-1 1.66136E-1 8.80877E-2 7.62922E-2 9.26402E-2 2.08454E-1 2.20498E-1 1.58507E-1 1.34428E-1 9.69765E-2 7.81011E-2 8.03514E-2 4.60128E-2
-9999 -9999 -9999 -9999 -9999 -9999 -9999 -9999 -9999 -9999 -9999 -9999 2.53806E-1 3.77352E-1 2.21252E-1 1.92044E-1 1.24509E-1 1.60775E-1 1.70881E-1 1.87372E-1 6.92496E-1 9.23052E-1 6.17596E-1 6.60835E-1 4.01888E-1 6.01327E-1 5.94882E-1 2.46729E-1 1.16238E-1 1.25803E-1 1.18541E-1 1.33525E-1 1.28026E-1 7.99692E-2 7.23222E-2 1.15676E-1 1.00835E-1 8.5326E-2 1.65566E-1 8.34247E-2 8.14433E-2 1.61751E-1 2.01666E-1 1.47439E-1 1.63766E-1 2.09563E-1 1.61718E-1 1.21697E-1 1.00274E-1 7.90946E-2 1.36997E-1 2.91626E-1 2.20691E-1 1.4787E-1 1.08118E-1 9.1355E-2 8.46828E-2 1.00591E-1 4.80536E-2
