Phytophthora/models/20240604_1618_19/Phytophthora_PA3_RUN7_MAXENT_outputs/projMaxent.asc
ncols         225
nrows         269
xllcorner     473009.9838
yllcorner     4429051.1748
cellsize      50.0
NODATA_value  -9999
[rows 208 to 233 of 269, columns 59 to 117 of 225]
7.10954E-1 6.46038E-1 8.02692E-1 8.16618E-1 7.49624E-1 8.0964E-1 6.69776E-1 3.09955E-1 3.03349E-1 2.89943E-1 3.26666E-1 4.43301E-1 3.10005E-1 3.82092E-1 5.88082E-1 5.98081E-1 6.37732E-1 4.50186E-1 2.66449E-1 1.73471E-1 1.81605E-1 8.9723E-2 1.96658E-1 2.26642E-1 2.15391E-1 3.61748E-1 9.29499E-1 9.56196E-1 9.5481E-1 9.48483E-1 7.87923E-1 9.15033E-1 5.76808E-1 8.86028E-1 6.62431E-1 6.17151E-1 6.42332E-1 7.61686E-1 8.67115E-1 7.91164E-1 7.21732E-1 6.48885E-1 4.99782E-1 2.98777E-1 2.78671E-1 2.77296E-1 5.75773E-1 6.78604E-1 6.98434E-1 5.16396E-1 4.75176E-1 6.33384E-1 7.48321E-1 7.50968E-1 8.27529E-1 8.05169E-1 6.66015E-1 4.25265E-1 3.77744E-1
4.40375E-1 4.10925E-1 6.54721E-1 7.10983E-1 8.43077E-1 6.98615E-1 7.7562E-1 8.05936E-1 5.17491E-1 3.55279E-1 3.70367E-1 2.73056E-1 1.92564E-1 2.46339E-1 4.08078E-1 6.08823E-1 4.43465E-1 3.71249E-1 3.46662E-1 2.67766E-1 1.85385E-1 1.44971E-1 1.82835E-1 2.78652E-1 1.57508E-1 8.36735E-1 9.15717E-1 9.44325E-1 9.56294E-1 9.34469E-1 5.16764E-1 6.76228E-1 7.42578E-1 8.44135E-1 9.20974E-1 6.93331E-1 4.68201E-1 6.54917E-1 7.44537E-1 6.42461E-1 6.75187E-1 5.68429E-1 5.48721E-1 4.77145E-1 4.79626E-1 4.52844E-1 3.79156E-1 4.04625E-1 4.40176E-1 5.54428E-1 5.86061E-1 8.61131E-1 6.441E-1 7.27189E-1 7.15459E-1 7.56618E-1 6.25076E-1 3.34518E-1 4.22219E-1
4.70627E-1 5.60455E-1 3.90238E-1 7.37261E-1 8.45041E-1 7.36191E-1 8.26711E-1 6.88543E-1 6.07052E-1 5.81143E-1 4.36008E-1 1.88105E-1 1.67606E-1 1.64945E-1 3.09333E-1 3.88446E-1 4.04697E-1 2.99251E-1 3.20767E-1 2.96568E-1 3.24197E-1 2.38461E-1 1.56103E-1 2.71272E-1 2.51934E-1 7.08461E-1 8.65498E-1 8.91443E-1 8.74083E-1 8.1209E-1 4.56963E-1 3.94143E-1 7.78945E-1 7.84623E-1 6.82462E-1 7.76398E-1 7.41656E-1 7.00446E-1 6.8157E-1 6.65181E-1 6.2398E-1 6.104E-1 5.44499E-1 6.23887E-1 6.43719E-1 6.7925E-1 6.44432E-1 5.54842E-1 7.04919E-1 7.44993E-1 8.53134E-1 5.90788E-1 1.97474E-1 4.02526E-1 4.73995E-1 4.92569E-1 4.34368E-1 2.48692E-1 2.91656E-1
4.1902E-1 4.83518E-1 4.81367E-1 7.2673E-1 8.33009E-1 7.36604E-1 8.34531E-1 7.84841E-1 3.79247E-1 6.5108E-1 3.3063E-1 2.07902E-1 1.65992E-1 1.70226E-1 2.06233E-1 4.17427E-1 4.18749E-1 3.02699E-1 2.85749E-1 4.23993E-1 3.68704E-1 2.01034E-1 1.31223E-1 2.19485E-1 2.90441E-1 5.94625E-1 8.20362E-1 8.75201E-1 7.89418E-1 5.99347E-1 5.68221E-1 4.04844E-1 4.61686E-1 7.96234E-1 8.56278E-1 6.91085E-1 7.33352E-1 6.49148E-1 6.29508E-1 6.33386E-1 6.35083E-1 6.18344E-1 7.08882E-1 6.72743E-1 4.15794E-1 3.62589E-1 5.82518E-1 6.77566E-1 7.55238E-1 7.19221E-1 7.97003E-1 6.03353E-1 3.48241E-1 3.65578E-1 4.05366E-1 7.44895E-1 4.00602E-1 2.46683E-1 3.8042E-1
3.56112E-1 5.98714E-1 6.39531E-1 9.15112E-1 8.45066E-1 6.95842E-1 8.08645E-1 5.47511E-1 3.55623E-1 6.05659E-1 2.65238E-1 2.11449E-1 1.96469E-1 2.91567E-1 3.05734E-1 4.9676E-1 4.43422E-1 1.86934E-1 2.70576E-1 5.65753E-1 4.27639E-1 2.77668E-1 8.8382E-2 2.27134E-1 4.28388E-1 6.56823E-1 8.2605E-1 9.19273E-1 8.61847E-1 7.67158E-1 7.47029E-1 7.95262E-1 5.62117E-1 7.38004E-1 7.27604E-1 9.30347E-1 8.20386E-1 9.76947E-1 9.58991E-1 9.59087E-1 9.73953E-1 8.28529E-1 7.34459E-1 5.77128E-1 1.56889E-1 1.06641E-1 2.06787E-1 4.52171E-1 3.42514E-1 2.40158E-1 5.23876E-1 6.45566E-1 4.47084E-1 4.12762E-1 6.91173E-1 7.03782E-1 7.48425E-1 7.93066E-1 5.66626E-1
5.13768E-1 6.77736E-1 6.29364E-1 9.07601E-1 8.45227E-1 7.40704E-1 5.43739E-1 4.79118E-1 2.88721E-1 3.52061E-1 3.03247E-1 3.60661E-1 3.53055E-1 3.02965E-1 4.44833E-1 5.56858E-1 5.46507E-1 4.01406E-1 2.61276E-1 5.24679E-1 3.79915E-1 4.45608E-1 4.76581E-1 5.27911E-1 7.79448E-1 7.22235E-1 7.95665E-1 9.17868E-1 8.94128E-1 8.63994E-1 8.39831E-1 8.64866E-1 6.62394E-1 6.54819E-1 7.18618E-1 7.99955E-1 8.71637E-1 8.32513E-1 8.66424E-1 8.58761E-1 9.48497E-1 9.55077E-1 8.01924E-1 4.98703E-1 3.24676E-1 1.98319E-1 1.54893E-1 4.99218E-1 3.64947E-1 7.86371E-1 8.45884E-1 8.86227E-1 8.499E-1 8.97683E-1 7.94908E-1 5.88907E-1 6.42457E-1 7.29639E-1 7.84674E-1
4.13936E-1 4.20369E-1 4.79192E-1 6.33135E-1 6.79084E-1 6.71294E-1 4.89579E-1 5.44314E-1 3.81193E-1 3.9945E-1 5.09796E-1 4.79505E-1 4.7282E-1 4.47708E-1 4.35419E-1 4.64071E-1 3.44802E-1 5.51144E-1 3.34605E-1 5.73632E-1 4.41204E-1 5.15288E-1 5.08654E-1 6.65217E-1 8.59821E-1 9.18325E-1 9.43561E-1 9.23112E-1 8.88665E-1 8.44548E-1 7.96659E-1 7.20289E-1 6.12507E-1 6.19823E-1 7.17485E-1 8.22556E-1 8.73709E-1 8.47634E-1 8.56283E-1 8.59603E-1 8.3928E-1 8.98334E-1 9.01007E-1 6.6759E-1 6.16715E-1 3.94225E-1 2.41448E-1 6.37014E-1 4.03125E-1 8.06047E-1 8.54276E-1 9.41689E-1 9.98275E-1 9.37238E-1 9.10587E-1 9.04195E-1 5.63118E-1 8.99672E-1 7.03185E-1
2.54781E-1 2.69153E-1 2.8445E-1 4.03905E-1 4.22167E-1 1.95307E-1 2.17773E-1 4.39985E-1 5.77324E-1 6.75028E-1 4.66786E-1 3.90914E-1 4.58339E-1 3.259E-1 2.49984E-1 3.14516E-1 4.01661E-1 4.46481E-1 3.74824E-1 6.21623E-1 4.68886E-1 4.96644E-1 6.54785E-1 7.98463E-1 8.86161E-1 9.40098E-1 9.43352E-1 9.25357E-1 7.52754E-1 8.30144E-1 6.57641E-1 6.63091E-1 4.64554E-1 6.74177E-1 7.35869E-1 6.88934E-1 6.43356E-1 6.4677E-1 6.74751E-1 6.60545E-1 6.65827E-1 6.54624E-1 8.54032E-1 9.1828E-1 5.34772E-1 4.91743E-1 5.77023E-1 5.71559E-1 5.95204E-1 8.07599E-1 9.81913E-1 9.91495E-1 9.42439E-1 8.99062E-1 8.63898E-1 7.76273E-1 5.35226E-1 5.01126E-1 7.48935E-1
3.36829E-1 3.71507E-1 2.70517E-1 1.84325E-1 1.28691E-1 1.86637E-1 2.65126E-1 3.32334E-1 5.94729E-1 8.69097E-1 7.0629E-1 3.98789E-1 4.08293E-1 2.34366E-1 2.51948E-1 3.11507E-1 6.83948E-1 3.0998E-1 3.09647E-1 5.28915E-1 5.55341E-1 6.56048E-1 7.12474E-1 8.29046E-1 9.08513E-1 9.9259E-1 8.86076E-1 8.87108E-1 6.74991E-1 7.72155E-1 8.45801E-1 5.74577E-1 5.22309E-1 6.34711E-1 7.6153E-1 7.43113E-1 7.10781E-1 6.81633E-1 6.55933E-1 7.18116E-1 8.52225E-1 7.52902E-1 6.54123E-1 9.02727E-1 7.83289E-1 7.38864E-1 7.1481E-1 7.42484E-1 8.5033E-1 8.04771E-1 9.46552E-1 9.74656E-1 8.6733E-1 8.35823E-1 8.00986E-1 4.01767E-1 4.28976E-1 5.1785E-1 7.84149E-1
3.04805E-1 2.6421E-1 2.64509E-1 2.22072E-1 1.73227E-1 2.85263E-1 2.97973E-1 3.94234E-1 7.25451E-1 8.54195E-1 8.3582E-1 7.76389E-1 7.14619E-1 4.46532E-1 5.01766E-1 5.43682E-1 5.48468E-1 7.67096E-1 3.10332E-1 4.61978E-1 6.94199E-1 7.47159E-1 7.9669E-1 8.61553E-1 9.21969E-1 9.30971E-1 9.14268E-1 9.32675E-1 9.57128E-1 8.60971E-1 8.10468E-1 7.84006E-1 6.50332E-1 7.76867E-1 7.67867E-1 7.58249E-1 7.60023E-1 7.48219E-1 6.77397E-1 5.96919E-1 7.97686E-1 6.74584E-1 8.49275E-1 8.15317E-1 6.98343E-1 8.39646E-1 8.48066E-1 9.79394E-1 9.82386E-1 7.18139E-1 5.96171E-1 9.73043E-1 8.11276E-1 7.80397E-1 4.67706E-1 4.58234E-1 5.73415E-1 6.22537E-1 8.2275E-1
3.37596E-1 3.03824E-1 2.5589E-1 2.10463E-1 2.37383E-1 1.73706E-1 2.57909E-1 4.7745E-1 5.99391E-1 8.59426E-1 8.61616E-1 8.26603E-1 6.15711E-1 5.42282E-1 5.90156E-1 6.17205E-1 5.42279E-1 5.88545E-1 6.72537E-1 8.14197E-1 6.04859E-1 4.94608E-1 8.5118E-1 8.87927E-1 8.92797E-1 8.85465E-1 8.62896E-1 8.03449E-1 9.24845E-1 9.92934E-1 9.07521E-1 9.01711E-1 8.81592E-1 9.36418E-1 8.59589E-1 7.36416E-1 6.91447E-1 6.93568E-1 6.92197E-1 6.23632E-1 6.94964E-1 7.27199E-1 8.26012E-1 6.61676E-1 7.54912E-1 9.51501E-1 7.54333E-1 9.78459E-1 8.75519E-1 8.20655E-1 9.10928E-1 8.84285E-1 9.12175E-1 8.8257E-1 5.24985E-1 5.18341E-1 4.90463E-1 3.60949E-1 4.6651E-1
3.80416E-1 3.341E-1 3.13356E-1 2.54448E-1 1.65627E-1 1.56218E-1 1.95709E-1 4.86122E-1 6.68901E-1 8.43713E-1 8.43664E-1 8.51508E-1 7.79686E-1 5.95786E-1 6.33246E-1 6.53054E-1 7.04559E-1 7.66416E-1 4.12916E-1 5.35171E-1 6.20274E-1 6.64375E-1 6.66923E-1 8.59826E-1 8.2675E-1 8.08027E-1 7.94439E-1 7.6919E-1 8.22442E-1 5.99983E-1 8.62318E-1 8.99988E-1 9.17514E-1 9.34639E-1 9.02276E-1 7.60834E-1 6.65664E-1 6.78018E-1 7.77835E-1 7.98392E-1 8.18266E-1 7.17366E-1 8.18813E-1 6.14843E-1 6.51358E-1 7.22564E-1 7.8579E-1 7.4957E-1 7.76298E-1 8.00863E-1 7.06649E-1 9.41105E-1 9.05014E-1 9.82899E-1 5.80195E-1 9.23346E-1 7.00875E-1 7.5949E-1 4.5001E-1
3.97999E-1 3.50936E-1 3.72209E-1 3.37058E-1 2.62346E-1 1.50058E-1 1.23189E-1 4.98636E-1 6.53132E-1 7.90612E-1 7.93344E-1 8.05883E-1 8.15062E-1 5.41008E-1 5.7506E-1 6.27567E-1 5.90848E-1 5.45633E-1 4.85249E-1 5.27326E-1 5.80979E-1 6.59962E-1 6.07605E-1 8.29126E-1 6.26066E-1 4.39552E-1 5.45174E-1 6.34152E-1 5.41337E-1 6.68582E-1 7.43217E-1 8.26859E-1 8.83791E-1 8.97705E-1 7.3172E-1 6.22012E-1 7.20465E-1 7.6712E-1 8.30364E-1 8.20681E-1 7.99064E-1 7.03887E-1 7.94868E-1 6.60202E-1 5.49043E-1 6.61201E-1 7.93152E-1 7.01708E-1 5.30524E-1 5.2933E-1 4.72717E-1 6.89883E-1 9.65427E-1 8.83242E-1 9.01688E-1 7.84773E-1 7.12877E-1 5.09219E-1 6.15196E-1
4.36917E-1 4.15453E-1 3.54195E-1 2.73765E-1 1.78001E-1 1.37824E-1 1.17195E-1 4.33762E-1 4.48489E-1 5.23268E-1 7.28924E-1 7.46894E-1 7.56475E-1 5.64321E-1 6.18125E-1 6.44932E-1 6.11309E-1 6.0741E-1 5.59749E-1 5.12339E-1 5.99328E-1 6.27739E-1 5.81389E-1 5.16603E-1 3.16139E-1 3.7099E-1 2.46151E-1 3.21058E-1 4.53158E-1 5.19447E-1 7.44205E-1 8.12769E-1 8.30935E-1 6.46764E-1 6.69231E-1 5.95585E-1 7.85123E-1 7.54136E-1 7.25123E-1 7.0199E-1 6.90068E-1 7.10894E-1 6.90835E-1 7.70002E-1 4.07008E-1 4.7838E-1 5.93415E-1 5.35965E-1 4.53046E-1 5.47161E-1 6.74621E-1 3.13479E-1 6.97537E-1 8.63122E-1 8.85926E-1 9.21384E-1 9.21483E-1 7.1457E-1 5.06298E-1
3.18047E-1 2.26407E-1 2.92759E-1 2.49994E-1 2.75574E-1 2.45669E-1 1.53474E-1 1.34921E-1 3.3399E-1 4.68442E-1 6.04082E-1 6.1472E-1 6.38529E-1 5.38759E-1 5.11337E-1 4.33918E-1 5.69604E-1 8.15293E-1 7.92763E-1 7.51969E-1 8.3661E-1 7.44574E-1 5.7099E-1 4.83783E-1 4.30385E-1 2.81277E-1 3.80985E-1 5.37457E-1 5.20907E-1 5.03285E-1 4.36236E-1 5.96799E-1 4.7887E-1 6.14966E-1 7.00503E-1 6.20882E-1 6.63458E-1 7.90312E-1 7.80179E-1 7.86701E-1 8.06493E-1 8.23346E-1 7.75619E-1 6.97215E-1 3.69309E-1 2.20158E-1 2.31664E-1 2.72254E-1 1.89382E-1 5.16088E-1 6.04729E-1 4.79232E-1 6.96102E-1 9.17482E-1 8.76863E-1 9.03894E-1 9.54076E-1 8.04831E-1 5.26212E-1
4.72788E-1 4.55685E-1 2.84784E-1 2.43759E-1 3.141E-1 2.90737E-1 2.72304E-1 4.30574E-1 6.91381E-1 5.1375E-1 4.88527E-1 6.82383E-1 6.25134E-1 5.54184E-1 5.34552E-1 5.73415E-1 4.84566E-1 7.9293E-1 8.33213E-1 7.1666E-1 7.96458E-1 8.39079E-1 7.14592E-1 5.70151E-1 5.64399E-1 4.4472E-1 6.10738E-1 6.9701E-1 7.06698E-1 5.93121E-1 6.0853E-1 6.11287E-1 6.28105E-1 6.10026E-1 6.00474E-1 6.4854E-1 5.89078E-1 5.92883E-1 6.09099E-1 6.64585E-1 7.27625E-1 8.6227E-1 8.20719E-1 6.40737E-1 3.96762E-1 1.81621E-1 1.81062E-1 2.34457E-1 3.28328E-1 3.43088E-1 4.20239E-1 3.05456E-1 2.66799E-1 9.58229E-1 8.72935E-1 9.43182E-1 9.75722E-1 8.79849E-1 6.44018E-1
6.48912E-1 4.11225E-1 2.79148E-1 2.63584E-1 2.70945E-1 3.24013E-1 2.80395E-1 6.63637E-1 6.18553E-1 5.4003E-1 5.77251E-1 5.88293E-1 5.98826E-1 6.28715E-1 7.66361E-1 6.69525E-1 5.76669E-1 5.78044E-1 8.11578E-1 8.31131E-1 7.15194E-1 7.90495E-1 8.32654E-1 7.34088E-1 6.25051E-1 5.56255E-1 6.38507E-1 6.92036E-1 7.17812E-1 7.30353E-1 6.88208E-1 7.7516E-1 7.38015E-1 6.35175E-1 7.13055E-1 5.70048E-1 6.62538E-1 6.57145E-1 6.31242E-1 6.50533E-1 7.81667E-1 8.60915E-1 7.94468E-1 5.0669E-1 3.56918E-1 1.83157E-1 2.67771E-1 2.79747E-1 3.06156E-1 5.15216E-1 5.59798E-1 5.18313E-1 3.59449E-1 9.74823E-1 6.98585E-1 9.00376E-1 9.17839E-1 6.21512E-1 3.15555E-1
3.28664E-1 2.08093E-1 2.33656E-1 1.75625E-1 1.46546E-1 2.11273E-1 3.14756E-1 5.95768E-1 5.81434E-1 6.1608E-1 6.58539E-1 6.58903E-1 7.24014E-1 7.95223E-1 5.2259E-1 8.04443E-1 8.4279E-1 6.63176E-1 7.74404E-1 8.51472E-1 8.12695E-1 7.03738E-1 8.05152E-1 7.66914E-1 6.60667E-1 5.74865E-1 7.81467E-1 8.57066E-1 6.98738E-1 6.55067E-1 7.47665E-1 8.57873E-1 8.09472E-1 7.11347E-1 7.44798E-1 5.40885E-1 6.42192E-1 7.1168E-1 7.18054E-1 6.96099E-1 6.80949E-1 6.43632E-1 6.65566E-1 6.31039E-1 4.1877E-1 2.42743E-1 3.13469E-1 4.6496E-1 6.0279E-1 5.87271E-1 6.09623E-1 6.28699E-1 6.51893E-1 7.85076E-1 7.60728E-1 4.69526E-1 3.71377E-1 3.35342E-1 1.96005E-1
2.98724E-1 2.69982E-1 2.37665E-1 1.40571E-1 1.551E-1 2.71418E-1 3.80338E-1 6.59195E-1 6.72144E-1 8.37031E-1 8.97255E-1 9.35114E-1 9.43365E-1 9.55755E-1 9.63117E-1 7.3763E-1 7.76732E-1 8.8084E-1 7.70491E-1 8.05416E-1 5.91691E-1 5.14615E-1 7.73385E-1 7.7282E-1 6.47801E-1 6.80892E-1 8.04158E-1 8.24497E-1 6.0684E-1 6.02257E-1 8.15524E-1 7.91311E-1 7.31432E-1 7.24408E-1 6.94812E-1 6.19656E-1 6.37101E-1 6.93983E-1 7.36515E-1 7.30065E-1 6.70931E-1 5.93613E-1 5.82385E-1 6.97153E-1 4.68779E-1 2.49463E-1 3.0444E-1 5.46984E-1 7.8335E-1 8.29766E-1 8.4102E-1 8.04911E-1 6.55541E-1 6.979E-1 7.16053E-1 5.20498E-1 5.04217E-1 1.37461E-1 8.24675E-2
2.74887E-1 3.52799E-1 4.53749E-1 3.9328E-1 3.63822E-1 3.65452E-1 3.52326E-1 7.29825E-1 9.25178E-1 9.34326E-1 9.43511E-1 9.54662E-1 9.6202E-1 9.80428E-1 9.9923E-1 7.584E-1 6.85074E-1 7.14691E-1 7.65859E-1 6.05421E-1 4.99293E-1 7.49344E-1 7.23094E-1 7.58006E-1 6.3736E-1 7.11284E-1 7.00923E-1 7.43203E-1 6.99286E-1 5.43208E-1 7.35429E-1 6.5429E-1 6.94323E-1 7.85614E-1 6.44949E-1 6.42024E-1 6.54484E-1 7.37813E-1 7.73466E-1 6.95576E-1 6.49197E-1 5.86571E-1 5.19101E-1 4.73736E-1 4.51582E-1 3.2416E-1 3.76658E-1 6.5135E-1 8.41797E-1 8.4403E-1 8.112E-1 7.60859E-1 8.27398E-1 9.40865E-1 6.19955E-1 5.76181E-1 4.27659E-1 1.23934E-1 7.97243E-2
3.45062E-1 6.11206E-1 6.46633E-1 6.9559E-1 5.00446E-1 4.57987E-1 4.76262E-1 6.99668E-1 7.50724E-1 8.7301E-1 9.57404E-1 9.68923E-1 9.75525E-1 9.85996E-1 9.9947E-1 9.52426E-1 8.67599E-1 6.2453E-1 7.75706E-1 7.86177E-1 6.88747E-1 6.91575E-1 6.79563E-1 7.77651E-1 7.07823E-1 7.11059E-1 7.1822E-1 6.30739E-1 6.49846E-1 7.69232E-1 6.59326E-1 7.44619E-1 7.82563E-1 7.56506E-1 7.61033E-1 7.14143E-1 7.04684E-1 9.10767E-1 9.27509E-1 8.05952E-1 7.39034E-1 6.35871E-1 5.30635E-1 5.99273E-1 5.77527E-1 4.49909E-1 3.56976E-1 5.6737E-1 7.54473E-1 8.09927E-1 7.69327E-1 7.37697E-1 8.35977E-1 8.5382E-1 7.46699E-1 7.91287E-1 5.51069E-1 1.70771E-1 1.07254E-1
6.61228E-1 6.52567E-1 5.62417E-1 7.87807E-1 6.35348E-1 5.53377E-1 8.04286E-1 7.47899E-1 7.51188E-1 7.41491E-1 8.4372E-1 9.65941E-1 9.73357E-1 9.90123E-1 9.98825E-1 9.59213E-1 9.30537E-1 6.4884E-1 7.06903E-1 8.38135E-1 8.04428E-1 7.72177E-1 6.57479E-1 7.67669E-1 8.09833E-1 8.10944E-1 8.06621E-1 7.74578E-1 6.33083E-1 7.29602E-1 6.73303E-1 7.77024E-1 8.36566E-1 8.64252E-1 8.90953E-1 6.91619E-1 7.69078E-1 9.44408E-1 9.48602E-1 8.55218E-1 9.12789E-1 8.68154E-1 5.39504E-1 4.7235E-1 5.45396E-1 5.37298E-1 2.95919E-1 3.97098E-1 6.76651E-1 7.945E-1 7.17698E-1 7.2865E-1 7.7928E-1 9.21641E-1 8.35647E-1 7.93059E-1 4.13037E-1 1.94611E-1 1.71238E-1
6.84423E-1 4.77983E-1 5.97077E-1 7.42443E-1 6.34233E-1 6.78682E-1 9.2186E-1 9.51371E-1 9.3236E-1 8.06564E-1 8.48203E-1 9.57537E-1 9.94741E-1 9.95631E-1 9.6392E-1 9.53669E-1 9.27341E-1 6.70596E-1 8.30486E-1 8.80074E-1 8.49931E-1 7.81158E-1 6.62826E-1 7.81476E-1 7.01922E-1 8.72451E-1 8.57922E-1 7.94356E-1 6.78219E-1 6.65591E-1 7.38242E-1 8.07536E-1 8.62651E-1 8.76611E-1 8.64966E-1 6.92782E-1 7.25152E-1 9.48113E-1 9.47355E-1 7.06533E-1 9.15827E-1 8.85875E-1 5.61366E-1 4.80642E-1 4.99138E-1 6.7607E-1 2.80889E-1 2.87554E-1 5.43318E-1 6.05953E-1 4.75649E-1 5.83696E-1 8.5144E-1 7.99003E-1 7.22357E-1 6.66229E-1 2.65925E-1 1.60735E-1 1.78916E-1
7.20583E-1 7.95937E-1 7.10186E-1 8.23414E-1 9.66393E-1 9.65735E-1 9.57117E-1 9.49264E-1 9.37781E-1 9.39015E-1 8.24102E-1 9.79053E-1 9.97784E-1 9.45908E-1 9.37284E-1 9.31297E-1 9.02643E-1 8.79123E-1 8.7097E-1 8.83801E-1 8.48043E-1 5.05219E-1 7.0718E-1 7.08258E-1 5.14844E-1 6.11124E-1 8.66903E-1 8.04684E-1 7.13982E-1 6.30828E-1 7.59486E-1 8.22523E-1 8.68658E-1 6.9128E-1 6.9593E-1 7.08209E-1 8.6259E-1 9.44794E-1 9.42326E-1 9.30071E-1 9.12387E-1 8.8601E-1 5.85862E-1 5.20454E-1 6.42824E-1 6.58778E-1 2.61101E-1 2.03887E-1 3.42834E-1 3.52498E-1 5.2081E-1 3.17535E-1 7.8175E-1 8.18605E-1 7.94579E-1 5.68942E-1 1.24749E-1 1.34516E-1 1.59336E-1
7.89467E-1 6.67416E-1 5.79003E-1 9.64065E-1 9.63976E-1 9.6261E-1 9.57294E-1 9.42814E-1 9.25822E-1 9.20684E-1 9.44226E-1 9.61197E-1 8.30397E-1 9.06234E-1 9.0087E-1 9.10205E-1 8.98032E-1 8.51412E-1 8.27871E-1 8.62473E-1 6.91552E-1 5.92611E-1 5.4923E-1 4.50237E-1 5.59245E-1 6.14537E-1 6.28224E-1 8.44361E-1 7.75121E-1 6.84794E-1 7.02327E-1 7.85867E-1 6.85874E-1 6.21271E-1 7.01307E-1 7.26649E-1 9.44695E-1 9.26332E-1 9.39318E-1 9.28163E-1 9.14351E-1 7.01854E-1 6.02426E-1 5.45557E-1 6.18684E-1 7.26859E-1 6.64699E-1 5.5283E-1 3.64638E-1 4.84278E-1 5.22142E-1 4.66491E-1 7.4415E-1 9.78869E-1 8.65164E-1 8.2569E-1 4.17891E-1 1.49122E-1 1.21775E-1
7.50304E-1 6.60618E-1 4.99282E-1 9.49354E-1 9.51129E-1 9.50166E-1 9.53385E-1 9.90108E-1 9.92049E-1 9.08383E-1 9.58171E-1 6.97039E-1 8.57358E-1 8.57456E-1 8.64323E-1 8.09223E-1 8.91613E-1 9.70381E-1 8.81865E-1 8.25539E-1 6.65873E-1 6.43531E-1 6.06544E-1 4.72926E-1 5.47098E-1 6.3014E-1 6.8626E-1 6.20781E-1 8.27402E-1 7.46644E-1 6.64348E-1 7.83446E-1 7.81575E-1 6.58325E-1 6.68507E-1 6.97469E-1 9.42452E-1 9.35733E-1 9.37989E-1 9.25164E-1 9.10218E-1 6.69662E-1 5.69598E-1 5.17327E-1 6.80737E-1 7.45079E-1 6.83897E-1 6.15369E-1 7.06634E-1 6.28544E-1 5.56362E-1 5.71031E-1 4.5513E-1 5.74833E-1 4.32927E-1 8.64532E-1 8.57756E-1 2.15685E-1 1.26997E-1
