Phytophthora/models/20240604_1618_19/Phytophthora_PA3_RUN7_MAXENT_outputs/projMaxent.asc
ncols         225
nrows         269
xllcorner     473009.9838
yllcorner     4429051.1748
cellsize      50.0
NODATA_value  -9999
[rows 78 to 103 of 269, columns 118 to 176 of 225]
1.4395E-4 1.14012E-4 1.24051E-4 1.38967E-4 5.48332E-5 1.88723E-5 4.02572E-3 2.66316E-3 1.84503E-3 1.16263E-3 8.08798E-4 5.733E-4 2.64842E-6 1.55053E-6 7.87666E-7 3.77506E-6 2.58714E-6 2.85966E-6 4.60133E-6 2.9029E-5 5.63671E-5 8.40044E-5 1.18424E-4 3.99671E-4 9.24525E-4 1.4963E-3 8.8866E-4 5.13672E-4 8.0408E-4 1.75651E-3 3.305E-3 2.3561E-3 9.91576E-4 1.2956E-3 2.79569E-3 3.2541E-3 7.1149E-3 4.64809E-3 4.65571E-3 4.75747E-3 2.02608E-3 1.60596E-3 2.734E-3 1.05281E-1 9.00358E-2 1.60633E-2 1.98806E-2 1.73459E-2 1.79377E-2 1.77926E-2 6.02714E-2 1.44161E-1 2.14135E-1 1.8414E-3 1.14928E-3 2.05303E-3 2.41599E-3 1.47442E-3 6.27154E-4
3.40516E-4 6.87782E-4 1.90029E-4 9.8118E-5 4.56984E-5 1.48046E-3 5.91599E-3 4.51421E-3 3.46125E-3 2.27494E-3 7.7116E-4 8.37793E-4 7.6283E-6 9.34011E-6 1.98058E-6 3.33443E-6 2.84215E-6 6.46208E-6 6.76122E-6 1.13347E-5 5.12449E-5 1.2633E-4 9.013E-5 2.67548E-4 6.66445E-4 1.03911E-3 6.32049E-4 4.9385E-4 6.27032E-4 1.78199E-3 6.18056E-3 1.11765E-2 1.33909E-3 7.47384E-4 7.28379E-4 7.3876E-4 6.54303E-3 7.27051E-3 5.68476E-3 8.49485E-3 3.97188E-3 1.40514E-3 9.58066E-4 4.13049E-2 4.1298E-2 1.68214E-2 1.37721E-2 1.35325E-2 2.51177E-2 2.12311E-2 3.73315E-2 6.04601E-2 1.02391E-1 1.21341E-3 2.15566E-3 3.66767E-3 8.91406E-4 1.39739E-3 1.0999E-3
5.30759E-4 3.23918E-4 2.19274E-4 3.49445E-4 6.89262E-5 3.13268E-3 9.31269E-3 7.41534E-3 5.10089E-3 2.88724E-3 1.38561E-3 1.28877E-3 1.36827E-5 1.86794E-5 5.91642E-6 6.30177E-6 1.7492E-5 1.10499E-5 7.11454E-6 3.01979E-5 5.63316E-5 1.1181E-4 2.03585E-4 3.84949E-4 6.28792E-4 4.75326E-4 4.53819E-4 2.95852E-4 5.76902E-4 1.26599E-3 3.80002E-3 1.13451E-2 2.12326E-3 7.85827E-4 6.53379E-4 6.30599E-4 2.41165E-3 4.58743E-3 4.56239E-3 3.64855E-3 4.03758E-3 5.30702E-3 6.74778E-2 7.07516E-2 2.86516E-2 1.55809E-2 7.54484E-3 1.15044E-2 1.6952E-2 2.8984E-2 2.66604E-2 3.62989E-2 6.19622E-2 3.10487E-3 2.05526E-3 2.47155E-3 2.09274E-3 5.49544E-3 9.81874E-4
4.11892E-4 3.41923E-4 2.88277E-4 2.75391E-4 4.01291E-3 5.4848E-3 1.33589E-2 1.01367E-2 6.68523E-3 4.3253E-3 4.32807E-3 1.85112E-3 2.55432E-5 3.34772E-5 9.83038E-6 9.33052E-6 2.31511E-5 4.2582E-5 2.66661E-5 1.56155E-4 8.44745E-5 1.33359E-4 2.51048E-4 4.18252E-4 1.33029E-4 2.36476E-4 2.51776E-4 4.42591E-4 6.4046E-4 8.49103E-4 3.56564E-3 9.3748E-3 1.39702E-3 9.49563E-4 1.5752E-3 7.55829E-4 2.66901E-3 7.48404E-3 6.48203E-3 9.19258E-3 5.37305E-3 2.22227E-3 2.27332E-3 2.42115E-1 7.93548E-2 4.13876E-2 1.70031E-2 1.40664E-2 1.99565E-2 3.81599E-2 4.61735E-2 4.93731E-2 2.33075E-1 4.00021E-3 1.87389E-3 1.69811E-3 1.67958E-3 2.57795E-3 6.07786E-4
5.01635E-4 4.28615E-4 2.27632E-4 7.11862E-5 3.98738E-3 9.11275E-3 1.71717E-2 1.26756E-2 8.32205E-3 3.86796E-3 2.75373E-3 2.48098E-3 2.93279E-3 5.51246E-5 1.24619E-5 1.47576E-5 2.02292E-5 7.16306E-5 9.7153E-5 2.76746E-4 2.40407E-4 6.90525E-4 4.49878E-4 1.22764E-4 8.016E-5 9.76408E-5 2.18981E-4 3.4558E-4 4.61382E-4 7.80897E-4 1.77358E-3 4.37543E-3 8.74006E-4 7.50003E-4 2.57519E-3 3.03882E-3 2.9079E-3 7.1419E-3 8.06759E-3 1.0239E-2 6.02229E-3 4.98869E-3 4.17245E-3 3.35724E-3 3.15664E-1 1.29641E-1 3.39656E-2 2.17633E-2 2.94498E-2 3.24578E-2 3.16194E-2 5.50495E-2 2.80798E-3 3.4261E-3 2.56101E-3 1.28364E-3 1.12531E-3 1.05924E-3 8.8124E-4
6.37201E-4 5.45715E-4 1.08794E-4 4.7026E-5 3.07647E-3 8.21182E-3 2.31294E-2 1.75747E-2 6.11457E-3 4.31023E-3 3.09232E-3 3.69327E-3 7.64129E-5 9.87865E-5 2.15328E-5 1.91568E-5 3.04666E-5 5.44384E-5 8.47692E-5 1.2665E-4 1.13207E-4 2.22545E-4 1.49139E-4 8.9525E-5 9.80255E-5 6.9524E-5 2.02374E-4 2.40237E-4 6.70941E-4 8.5457E-4 1.39982E-3 2.48758E-3 1.21106E-3 1.51487E-3 1.13941E-3 8.11438E-4 1.02462E-3 4.7835E-3 7.05815E-3 6.7905E-3 5.88574E-3 3.68073E-3 3.18702E-3 3.60758E-3 2.50866E-3 2.46532E-1 7.84671E-2 9.85741E-2 2.36561E-2 3.5396E-2 6.76692E-2 1.54381E-3 1.05764E-3 1.43663E-3 2.8531E-3 1.71947E-3 1.32364E-3 2.14417E-3 1.57286E-3
5.39628E-2 8.97843E-4 2.91651E-4 9.1696E-3 5.30133E-3 1.06406E-2 2.89646E-2 2.30085E-2 2.26929E-2 4.86571E-3 7.31127E-3 6.30307E-3 1.29037E-4 1.65236E-4 3.87656E-5 2.80931E-5 4.81656E-5 8.03008E-5 2.10566E-4 1.14883E-4 2.10113E-4 2.31908E-4 1.48637E-4 1.35911E-4 1.76457E-4 6.48688E-5 1.14883E-4 2.39637E-4 1.25955E-3 1.61832E-3 2.22337E-3 1.14794E-3 3.64909E-3 1.80254E-3 6.04586E-4 9.34636E-4 1.17158E-3 2.90188E-3 4.15553E-3 5.05951E-3 5.78054E-3 3.14933E-3 1.73463E-3 1.73548E-3 3.61759E-3 2.74931E-3 9.79276E-4 7.30808E-2 3.26364E-2 4.11466E-2 1.78222E-2 1.93143E-3 6.07916E-4 8.83812E-4 1.00839E-3 8.80031E-4 5.06881E-4 7.95973E-4 7.66784E-4
1.9006E-1 1.36041E-3 2.90949E-4 6.51226E-3 7.08356E-3 1.1325E-2 2.52417E-2 3.14799E-2 3.86328E-2 3.04284E-4 2.88368E-4 1.57865E-4 2.0784E-4 2.19395E-4 4.95898E-5 5.23601E-5 1.07335E-4 2.44968E-4 6.84541E-4 2.63949E-4 3.63443E-4 2.73609E-4 2.86609E-4 1.91401E-4 1.85675E-4 9.88778E-5 1.48562E-4 2.04823E-4 3.8991E-4 1.82906E-3 2.33272E-3 2.32179E-3 1.11985E-3 1.33347E-3 4.24478E-4 1.48855E-3 3.32526E-3 2.62109E-3 3.70503E-3 3.796E-3 5.72146E-3 5.15683E-3 2.77346E-3 1.13641E-3 4.12418E-3 3.36924E-3 8.75938E-2 8.50616E-2 4.97917E-2 5.17772E-2 4.26619E-2 5.59304E-4 6.08712E-4 5.53169E-4 4.86641E-4 8.98116E-4 4.09287E-4 5.43984E-4 1.076E-3
2.3109E-1 1.71537E-1 3.32292E-4 9.02078E-3 8.94216E-3 2.95859E-2 3.15846E-2 1.94097E-2 3.00591E-2 2.64943E-4 3.85016E-4 7.32745E-5 9.75824E-5 7.44122E-5 6.34188E-5 1.4968E-4 4.17478E-4 6.71374E-4 6.36455E-4 3.22123E-4 4.28945E-4 6.27984E-4 6.23312E-4 4.27588E-4 3.21866E-4 2.60237E-4 6.94687E-4 1.11966E-3 1.01348E-3 1.09637E-3 1.37141E-3 2.64723E-3 3.74083E-3 1.62704E-3 1.91954E-3 2.88062E-3 4.60793E-3 5.54066E-3 6.4375E-3 4.81934E-3 6.13135E-3 5.74723E-3 3.66564E-3 7.28359E-2 9.67288E-2 2.5987E-3 1.15228E-1 1.76554E-1 5.40037E-2 3.87168E-2 4.63465E-2 5.00901E-4 3.65388E-4 3.89191E-4 6.41335E-4 6.15455E-4 5.41551E-4 4.07444E-4 4.77433E-4
2.39441E-1 1.88972E-1 2.8899E-2 1.58779E-2 1.7229E-2 3.1835E-2 7.84609E-2 3.67597E-2 4.61703E-4 1.92222E-4 1.3259E-4 5.95596E-5 4.11204E-5 7.52569E-5 9.22921E-5 2.56507E-4 5.58382E-4 4.62924E-4 4.06237E-4 2.47315E-4 7.59874E-4 8.54182E-4 1.16921E-3 1.22724E-3 8.46066E-4 1.79648E-3 1.34358E-3 1.5354E-3 1.3319E-3 1.11457E-3 9.90608E-4 9.42282E-4 1.89279E-3 2.64343E-3 3.6152E-3 4.61585E-3 5.55783E-3 4.91958E-3 1.73441E-3 3.69082E-3 6.69292E-3 6.44027E-3 4.01931E-3 1.27162E-1 4.5963E-2 6.47562E-2 9.13393E-2 1.2506E-1 4.57587E-2 3.0489E-2 4.2756E-2 6.21027E-4 4.19823E-4 3.97745E-4 6.28191E-4 3.32977E-4 3.68296E-4 2.20034E-4 1.93525E-4
2.16013E-1 1.51848E-1 6.01901E-2 4.56539E-2 5.5552E-2 1.10763E-1 8.74519E-2 4.45326E-2 1.78142E-4 6.11999E-5 4.30534E-5 6.86801E-5 4.46792E-5 7.82652E-5 1.43486E-4 2.76988E-4 6.04646E-4 5.45953E-4 3.16906E-4 4.15949E-4 1.41902E-3 1.69877E-3 2.47382E-3 2.38829E-3 9.24837E-4 2.66301E-3 2.7263E-3 2.68004E-3 2.10056E-3 2.30021E-3 1.77642E-3 4.09439E-3 2.46489E-3 5.02476E-3 3.38005E-3 9.75673E-3 3.84619E-3 1.48218E-3 1.06541E-3 2.03447E-3 3.74688E-3 6.37659E-3 2.50532E-3 7.7366E-2 8.23849E-2 7.05784E-2 5.79846E-2 7.97554E-2 4.80017E-2 3.19564E-2 3.24387E-2 4.3457E-2 6.58942E-4 1.01738E-3 6.43772E-4 1.96331E-4 1.72969E-4 1.54027E-4 1.20705E-4
1.99461E-1 1.36548E-1 1.15532E-1 8.27274E-2 6.96517E-2 8.96936E-2 6.86604E-2 4.46286E-2 1.9397E-4 5.57759E-5 5.87341E-5 8.91312E-5 4.73027E-5 8.32456E-5 1.41787E-4 3.96503E-4 6.16834E-4 7.3476E-4 4.92972E-4 9.16294E-4 2.89239E-3 3.39943E-3 3.09404E-3 2.96239E-3 1.51229E-3 3.55068E-3 4.25066E-3 4.5393E-3 4.5751E-3 4.18468E-3 1.9204E-3 3.68045E-3 3.18411E-3 3.77748E-3 4.57773E-3 9.70656E-3 4.77458E-3 1.42433E-3 1.13091E-3 2.73053E-3 7.00633E-3 6.18128E-3 3.01019E-3 1.9652E-3 2.24036E-1 7.11157E-2 9.52134E-2 6.91043E-2 3.31037E-2 3.5543E-2 3.39258E-2 3.35232E-2 3.67844E-2 1.03604E-3 1.04051E-3 3.65882E-4 2.81411E-4 2.59341E-4 1.43242E-4
1.13085E-1 1.51447E-1 1.44259E-1 1.19222E-1 1.51505E-1 2.02549E-1 7.23715E-2 4.52886E-2 2.29539E-4 9.1585E-5 9.3171E-5 3.15106E-5 1.63072E-4 2.87447E-4 3.91426E-4 6.63239E-4 8.04783E-4 8.36312E-4 7.45758E-4 1.3536E-3 4.12886E-3 4.39239E-3 4.04767E-3 1.37563E-3 9.91278E-4 3.85005E-3 6.17664E-3 6.86264E-3 7.19582E-3 6.76299E-3 3.07102E-3 1.73048E-3 2.82296E-3 4.15968E-3 4.62004E-3 3.07196E-3 3.3322E-3 9.30683E-4 1.16076E-3 1.96859E-3 8.54822E-3 4.84844E-3 8.40977E-3 4.56112E-3 1.48848E-3 4.87949E-2 1.29184E-1 1.31391E-1 3.67426E-2 4.15455E-2 5.58571E-2 4.88164E-2 3.15103E-2 5.4695E-2 1.23782E-3 7.1004E-4 4.72574E-4 2.82461E-4 1.74813E-4
9.18028E-2 1.68407E-1 2.33545E-1 1.53959E-1 1.12656E-1 2.08554E-1 1.1883E-1 4.595E-2 4.3242E-4 1.55494E-4 1.15558E-4 1.17082E-4 3.02823E-4 5.21926E-4 7.17664E-4 1.11951E-3 8.44032E-4 1.0228E-3 1.67362E-3 3.31371E-3 5.7253E-3 5.5268E-3 3.29498E-3 3.71916E-3 2.63888E-3 6.38332E-3 8.57289E-3 9.27726E-3 9.61456E-3 9.05749E-3 5.41486E-3 2.95109E-3 1.98374E-3 2.08372E-3 2.35019E-3 1.67449E-3 1.3101E-3 1.16702E-3 1.25038E-3 3.83433E-3 7.4781E-3 4.75608E-3 9.8598E-3 3.16268E-3 1.81924E-3 6.29345E-2 5.65649E-2 3.68829E-2 3.57984E-2 3.43774E-2 3.22513E-2 4.82786E-2 3.86014E-2 5.05991E-2 7.01211E-2 5.93423E-4 3.39386E-4 2.07078E-4 1.33166E-4
6.13856E-2 1.6086E-1 3.30599E-1 1.72072E-1 1.16271E-1 1.83204E-1 1.36006E-1 4.69464E-2 2.74761E-2 1.96552E-4 1.33301E-4 2.02307E-4 5.88958E-4 1.86054E-3 1.60061E-3 1.40488E-3 1.21569E-3 1.57897E-3 5.29466E-3 5.11286E-3 5.45513E-3 4.93052E-3 3.97272E-3 3.51544E-3 5.74642E-3 4.82441E-3 7.55916E-3 1.23591E-2 1.1986E-2 1.09087E-2 8.73629E-3 2.85531E-3 2.21739E-3 3.74221E-3 2.93334E-3 2.68063E-3 2.15476E-3 1.70356E-3 1.34127E-3 3.17893E-3 7.8911E-3 2.24646E-3 4.73609E-3 3.54116E-3 3.3513E-3 7.38239E-2 5.97464E-2 3.11178E-2 3.18675E-2 6.13934E-2 6.91739E-2 7.41843E-2 4.17637E-2 3.90194E-2 3.81933E-2 6.02164E-4 4.26444E-4 1.45843E-4 1.17506E-4
1.19072E-1 7.19522E-2 1.57291E-1 1.08827E-1 7.40911E-2 7.07198E-2 1.45744E-1 5.58677E-2 4.53733E-4 4.02293E-4 2.62534E-4 3.8544E-4 1.3918E-3 2.3082E-3 3.51427E-3 2.02686E-3 2.62022E-3 4.42723E-3 4.8724E-3 3.65314E-3 2.13827E-3 4.57888E-3 4.55282E-3 4.19658E-3 5.18169E-3 7.9603E-3 1.10535E-2 1.23791E-2 1.24239E-2 1.13216E-2 9.12185E-3 2.60053E-3 1.23042E-3 8.31933E-4 2.0515E-3 2.51424E-3 2.26494E-3 1.04171E-3 8.4969E-4 2.9991E-3 6.54114E-3 4.96221E-3 4.90749E-3 3.7239E-3 2.92918E-3 1.40248E-3 7.15954E-2 6.40503E-2 5.69677E-2 1.82965E-1 1.50091E-1 8.03621E-2 7.27729E-2 5.57536E-2 4.39849E-2 5.93323E-4 4.83859E-4 1.84094E-4 1.0192E-4
4.1783E-2 6.42272E-2 4.31088E-2 2.9746E-2 4.69827E-2 1.36154E-1 2.13177E-3 6.26031E-4 4.95445E-4 4.40287E-4 5.97325E-4 9.54613E-4 7.41856E-4 2.92585E-3 4.07601E-3 4.8359E-3 4.52229E-3 4.46282E-3 4.51948E-3 3.39436E-3 1.91076E-3 2.29127E-3 3.86176E-3 3.96217E-3 4.50861E-3 6.50006E-3 8.7803E-3 1.17278E-2 1.18968E-2 1.06719E-2 1.29267E-2 4.78976E-3 1.24292E-3 8.95339E-4 1.14265E-3 6.72963E-4 1.09423E-3 9.63811E-4 8.92676E-4 3.54505E-3 6.57595E-3 6.50787E-3 5.01952E-3 3.85775E-3 2.52811E-3 1.38251E-3 1.49178E-1 1.88379E-1 1.56407E-1 1.76432E-1 1.94595E-1 1.87502E-1 1.03415E-1 5.67522E-2 4.69131E-2 4.8986E-4 3.97666E-4 2.81083E-4 1.46207E-4
1.35051E-1 7.67216E-2 5.84069E-2 5.66074E-2 7.97255E-2 8.29241E-2 9.23515E-4 4.5041E-4 5.78305E-4 9.81153E-4 9.20754E-4 1.16492E-3 1.66521E-3 2.80826E-3 5.43019E-3 5.17188E-3 4.62979E-3 4.46944E-3 4.31569E-3 3.10917E-3 1.70251E-3 1.69153E-3 3.21331E-3 3.32939E-3 3.74007E-3 5.08947E-3 6.63775E-3 8.8162E-3 9.14252E-3 8.93687E-3 5.02898E-3 3.12833E-3 1.2806E-3 9.37286E-4 1.20411E-3 8.04181E-4 4.18565E-4 6.53454E-4 1.09141E-3 6.41287E-3 7.96678E-3 6.39068E-3 4.93046E-3 3.70132E-3 2.79395E-3 7.85323E-2 8.49887E-2 1.09721E-1 8.50757E-2 1.00924E-1 2.75333E-1 2.38439E-1 1.16219E-1 8.41671E-2 9.59361E-4 4.613E-4 3.90375E-4 2.46219E-4 1.4606E-4
6.67182E-2 4.82427E-2 7.17952E-2 1.7573E-1 1.47455E-1 1.95135E-3 1.51218E-3 1.57287E-3 1.88313E-3 1.86888E-3 1.30548E-3 1.44244E-3 2.91405E-3 6.47773E-3 6.1952E-3 5.55457E-3 4.98194E-3 4.63878E-3 3.56276E-3 3.0821E-3 1.50556E-3 1.31794E-3 1.9246E-3 1.21552E-3 1.428E-3 3.94788E-3 4.79025E-3 5.97117E-3 6.92663E-3 6.0964E-3 4.58962E-3 2.96744E-3 1.02857E-3 8.91838E-4 1.32404E-3 9.41871E-4 3.6216E-4 5.78893E-4 1.59599E-3 1.48117E-2 7.97431E-3 6.43195E-3 5.16863E-3 3.98493E-3 1.82937E-1 1.23551E-1 9.43096E-2 4.30978E-2 5.82848E-2 1.15799E-1 2.57587E-1 1.8894E-1 1.3475E-1 1.22507E-1 1.51791E-3 7.92745E-4 5.43295E-4 2.39068E-4 1.17347E-4
2.02118E-1 5.29529E-2 8.12119E-2 1.67191E-1 2.26721E-3 1.87278E-3 1.60279E-3 1.59849E-3 2.64362E-3 2.79255E-3 2.02973E-3 2.28526E-3 4.17292E-3 4.75558E-3 6.34737E-3 5.58081E-3 5.2191E-3 4.69021E-3 4.08434E-3 2.67267E-3 1.36357E-3 1.0118E-3 1.05894E-3 1.25171E-3 2.16644E-3 3.13501E-3 3.49661E-3 3.93716E-3 4.3506E-3 3.61409E-3 2.94133E-3 2.22926E-3 8.23248E-4 6.795E-4 1.15714E-3 6.01381E-4 4.09364E-4 6.0838E-4 4.4188E-3 1.07426E-2 7.92943E-3 6.9894E-3 5.74777E-3 1.93429E-1 1.86354E-1 1.33624E-1 7.10047E-2 5.04383E-2 7.93009E-2 1.26624E-1 2.70319E-1 2.12665E-1 1.22304E-1 2.35586E-3 1.70628E-3 1.03411E-3 8.72534E-4 5.26427E-4 2.56668E-4
2.18105E-1 4.33629E-2 4.80223E-2 1.38178E-1 1.37652E-3 1.63159E-3 1.60503E-3 1.52113E-3 3.0216E-3 4.32037E-3 2.82406E-3 2.5653E-3 4.70285E-3 5.8598E-3 5.37104E-3 2.86272E-3 5.29971E-3 6.70201E-3 6.37366E-3 2.6963E-3 1.71012E-3 1.1995E-3 1.16413E-3 1.11458E-3 2.59316E-3 2.89989E-3 3.26667E-3 2.75875E-3 1.67044E-3 1.40562E-3 1.54413E-3 1.17861E-3 5.93678E-4 7.15597E-4 1.13733E-3 7.84788E-4 8.21043E-4 1.31016E-3 5.29838E-3 6.66121E-3 6.42497E-3 9.64238E-3 1.96162E-1 1.80457E-1 2.21836E-1 7.92071E-2 4.98544E-2 7.0811E-2 7.21327E-2 1.15906E-1 2.5513E-1 2.32244E-1 3.15686E-3 6.22998E-3 2.79342E-3 1.21384E-3 3.38604E-3 2.50515E-3 4.8729E-4
1.49099E-1 2.41192E-2 1.78542E-2 4.72516E-4 7.88003E-4 1.41901E-3 1.84825E-3 3.07347E-3 4.17638E-3 4.48708E-3 5.03371E-3 3.01865E-3 3.65495E-3 5.29205E-3 5.13302E-3 5.42512E-3 5.35719E-3 6.8403E-3 5.75841E-3 2.19119E-3 1.80156E-3 1.34605E-3 1.39561E-3 1.34684E-3 2.6223E-3 2.83887E-3 3.12542E-3 3.43465E-3 1.95994E-3 1.27384E-3 1.01771E-3 5.34238E-4 5.06893E-4 1.33342E-3 2.14124E-3 1.42906E-3 1.69297E-3 3.60964E-3 1.48546E-1 1.27963E-1 3.72976E-1 4.40194E-1 2.332E-1 1.01017E-1 1.28922E-1 8.21492E-2 7.58702E-2 8.19686E-2 9.52975E-2 1.35734E-1 2.66452E-1 2.21779E-3 2.61743E-3 2.65609E-3 1.37431E-3 7.71511E-4 8.21043E-4 5.55596E-4 2.55462E-4
2.02939E-1 1.06469E-1 4.0739E-2 3.95621E-4 6.06866E-4 8.55426E-4 1.33949E-3 2.44483E-3 4.79796E-3 7.16685E-3 3.51157E-3 2.84446E-3 3.92489E-3 4.79272E-3 4.80725E-3 5.14908E-3 5.58154E-3 7.82441E-3 1.87284E-3 1.56616E-3 2.95232E-3 1.17326E-3 1.26568E-3 2.50596E-3 1.90399E-3 2.78486E-3 3.04719E-3 1.84812E-3 1.38116E-3 1.23744E-3 1.00845E-3 6.47657E-4 4.13329E-4 1.30963E-3 2.0895E-3 1.77411E-3 1.87322E-3 3.46262E-3 1.24081E-1 9.62573E-2 4.57719E-1 4.13563E-1 1.90817E-1 1.36835E-1 1.06945E-1 8.25886E-2 4.11198E-2 7.02861E-2 1.87872E-1 1.09428E-1 1.95432E-1 1.92333E-3 2.31614E-3 1.44566E-3 8.80482E-4 6.2944E-4 3.46483E-4 3.52573E-4 1.53356E-4
1.31237E-1 1.46384E-1 7.14857E-2 4.96743E-4 7.8538E-4 1.30898E-3 1.21261E-3 8.41584E-4 2.32703E-3 6.08299E-3 3.68133E-3 4.01091E-3 4.10036E-3 4.38968E-3 4.4129E-3 4.6701E-3 7.1554E-3 4.75237E-3 4.81749E-3 4.22726E-3 3.01306E-3 1.07118E-3 1.12617E-3 2.3991E-3 2.4328E-3 1.85273E-3 1.53962E-3 2.07865E-3 1.37064E-3 1.23113E-3 1.02763E-3 8.12926E-4 6.09813E-4 9.75673E-4 2.65408E-3 3.34787E-3 1.54901E-3 1.87045E-1 1.69113E-1 2.01983E-1 6.71396E-1 3.5382E-1 1.40572E-1 2.16887E-1 1.61208E-1 1.40733E-1 7.89258E-2 2.30439E-1 3.59129E-1 1.62144E-1 1.0278E-1 1.20288E-1 4.00804E-3 1.92571E-3 1.40319E-3 1.12283E-3 2.61882E-4 1.9756E-4 1.73986E-4
4.85117E-1 2.71552E-1 1.22918E-1 6.05742E-4 1.99142E-3 3.16057E-3 2.13515E-3 9.61052E-4 4.3962E-3 5.8729E-3 5.20988E-3 4.83729E-3 4.40795E-3 3.96905E-3 3.84941E-3 3.94229E-3 4.41576E-3 3.63787E-3 3.13185E-3 2.92079E-3 4.84199E-3 1.51419E-3 1.77519E-3 2.41203E-3 2.40146E-3 2.02132E-3 1.21743E-3 2.07308E-3 1.38502E-3 1.15787E-3 9.23758E-4 9.89901E-4 1.65222E-3 6.29392E-4 1.45826E-3 7.86051E-4 1.00567E-3 2.62853E-1 2.12721E-1 7.29958E-1 5.09026E-1 4.49663E-1 1.08313E-1 8.0003E-2 8.73472E-2 1.09677E-1 2.21852E-1 1.5342E-1 1.10407E-1 8.40426E-2 1.7076E-1 1.81758E-1 3.23969E-3 2.02471E-3 1.68133E-3 1.2184E-3 3.29025E-4 2.04817E-4 1.62144E-4
2.25488E-1 3.15254E-1 1.50343E-1 8.87252E-4 4.04523E-3 2.55215E-3 1.87352E-3 3.16303E-3 7.38267E-3 6.42099E-3 5.70867E-3 4.97967E-3 4.40023E-3 3.76231E-3 3.2344E-3 3.00456E-3 3.74655E-3 4.61102E-3 5.43958E-3 3.07472E-3 2.56623E-3 3.04496E-3 2.50239E-3 1.58473E-3 1.25951E-3 8.56549E-4 2.35133E-3 1.97914E-3 1.26368E-3 1.0841E-3 1.04578E-3 1.96014E-3 1.40749E-3 5.66512E-4 5.93361E-4 5.5964E-4 1.29627E-3 1.03122E-1 2.86981E-1 1.97933E-1 9.89929E-2 1.08034E-1 5.55928E-2 4.11476E-2 5.26411E-2 1.93573E-1 1.30597E-1 1.70747E-1 5.05946E-2 9.70136E-2 1.32605E-1 2.98758E-1 1.32647E-1 1.62535E-3 1.09823E-3 7.44225E-4 5.27025E-4 3.05135E-4 4.27256E-4
