Phytophthora/models/20240506_1445_31/Phytophthora_PA3_RUN7_MAXENT_outputs/Phytophthora_PA3_RUN7.asc
ncols         225
nrows         269
xllcorner     473009.9838
yllcorner     4429051.1748
cellsize      50.0
NODATA_value  -9999
[rows 208 to 233 of 269, columns 120 to 179 of 225]
9.75805E-2 1.13494E-1 9.65362E-2 1.28231E-1 9.74644E-2 8.17843E-2 8.45654E-2 7.42562E-2 1.57046E-1 8.91513E-2 9.24025E-2 9.45168E-2 9.34873E-2 8.94752E-2 8.68551E-2 7.95845E-2 9.35423E-2 1.23353E-1 1.30861E-1 1.57885E-1 2.05694E-1 2.9708E-1 2.99956E-1 3.37426E-1 3.40993E-1 3.1471E-1 2.40954E-1 2.15822E-1 1.37171E-1 1.12632E-1 1.03552E-1 9.99806E-2 1.0659E-1 1.04215E-1 1.75651E-1 2.0803E-1 1.70245E-1 1.28014E-1 1.24168E-1 1.1518E-1 1.45246E-1 1.18657E-1 1.3668E-1 1.49976E-1 2.02907E-1 2.13293E-1 1.7829E-1 1.64988E-1 1.5753E-1 1.52522E-1 1.60781E-1 1.44539E-1 1.13381E-1 7.63139E-2 8.80733E-2 7.75215E-2 6.50488E-2 7.61502E-2 1.08393E-1 1.80444E-1
1.63763E-1 1.64735E-1 1.082E-1 1.75805E-1 7.81465E-2 7.93787E-2 7.25316E-2 6.33055E-2 7.03899E-2 1.83186E-1 1.73355E-1 9.60428E-2 9.64437E-2 9.32454E-2 9.1169E-2 9.4342E-2 1.21447E-1 1.40515E-1 1.52335E-1 1.71613E-1 2.38527E-1 3.00535E-1 3.00289E-1 3.24122E-1 3.24248E-1 2.86244E-1 2.16154E-1 1.48541E-1 9.68436E-2 9.16951E-2 8.87428E-2 7.82638E-2 8.2565E-2 8.87919E-2 2.09218E-1 2.0983E-1 1.87387E-1 1.4414E-1 1.22681E-1 9.00207E-2 1.39117E-1 1.12962E-1 1.28052E-1 1.40384E-1 1.82236E-1 1.9362E-1 1.54355E-1 1.45617E-1 1.52057E-1 1.56176E-1 1.68582E-1 1.55593E-1 1.47156E-1 9.95105E-2 6.64781E-2 5.82662E-2 6.24949E-2 8.03909E-2 1.51929E-1 1.78819E-1
1.80049E-1 1.53776E-1 1.348E-1 1.6789E-1 8.99397E-2 7.61579E-2 7.08406E-2 6.60072E-2 6.54335E-2 1.11471E-1 1.33009E-1 1.42921E-1 9.62007E-2 8.83577E-2 8.97421E-2 1.16148E-1 1.3316E-1 1.51443E-1 1.70132E-1 1.88751E-1 2.95675E-1 2.87876E-1 2.9013E-1 3.07811E-1 2.84631E-1 2.37818E-1 1.69966E-1 1.0883E-1 9.91528E-2 9.31448E-2 7.88751E-2 6.73385E-2 7.32228E-2 9.83986E-2 2.24137E-1 2.31164E-1 2.5664E-1 1.7425E-1 1.17466E-1 1.23652E-1 1.68281E-1 1.41313E-1 1.34701E-1 1.1928E-1 1.7318E-1 1.71036E-1 1.41347E-1 1.27448E-1 1.44412E-1 1.54238E-1 1.66188E-1 1.52064E-1 1.5238E-1 1.27782E-1 9.16395E-2 6.87687E-2 4.71529E-2 1.00791E-1 9.16514E-2 1.94749E-1
1.76912E-1 1.6355E-1 1.49748E-1 1.08811E-1 1.43605E-1 7.4977E-2 6.6387E-2 6.06827E-2 5.80042E-2 5.65116E-2 1.64319E-1 6.42441E-2 1.44836E-1 1.08059E-1 1.36565E-1 1.39892E-1 1.33725E-1 1.60937E-1 1.83144E-1 2.01391E-1 3.39584E-1 3.01325E-1 2.87731E-1 2.54258E-1 2.54148E-1 2.01406E-1 1.31943E-1 1.0865E-1 9.39338E-2 8.60419E-2 5.08068E-2 6.12445E-2 8.44334E-2 1.17796E-1 1.30969E-1 2.61993E-1 2.97945E-1 1.72943E-1 1.34983E-1 1.44744E-1 1.59084E-1 1.56874E-1 1.60754E-1 1.51846E-1 2.04163E-1 1.71807E-1 1.87492E-1 1.12403E-1 1.45668E-1 1.58588E-1 1.66942E-1 1.53683E-1 1.43908E-1 1.33006E-1 1.18366E-1 1.01565E-1 8.01546E-2 7.36672E-2 1.45348E-1 1.72889E-1
1.98238E-1 1.97344E-1 1.75812E-1 1.1251E-1 9.6931E-2 1.52778E-1 7.08603E-2 6.11971E-2 5.70943E-2 5.01819E-2 4.52533E-2 1.57481E-1 9.16778E-2 1.11036E-1 1.31472E-1 1.13909E-1 1.21831E-1 1.62831E-1 1.88333E-1 2.02893E-1 3.46641E-1 3.05414E-1 1.47213E-1 1.85511E-1 2.25503E-1 1.9204E-1 1.27083E-1 1.05953E-1 9.13979E-2 7.3761E-2 5.51198E-2 5.97557E-2 9.42084E-2 1.4145E-1 2.31301E-1 2.72626E-1 2.32976E-1 1.56385E-1 1.42184E-1 1.7547E-1 1.81713E-1 2.31613E-1 2.48614E-1 2.29604E-1 2.69021E-1 2.30572E-1 2.26235E-1 1.63463E-1 1.62878E-1 1.73453E-1 1.77258E-1 1.47826E-1 1.28532E-1 1.15922E-1 1.0453E-1 9.45726E-2 1.00017E-1 1.063E-1 1.35963E-1 1.61955E-1
2.55124E-1 2.25804E-1 1.98553E-1 1.41781E-1 1.1393E-1 1.41312E-1 1.50822E-1 6.83036E-2 4.89736E-2 4.31805E-2 3.96043E-2 5.29709E-2 9.07288E-2 7.26032E-2 7.75219E-2 9.09327E-2 1.15489E-1 1.717E-1 1.96255E-1 2.03333E-1 3.15696E-1 3.04869E-1 2.72232E-1 2.83193E-1 2.3416E-1 2.3538E-1 1.81507E-1 1.28264E-1 1.04119E-1 3.53684E-2 6.91572E-2 6.98645E-2 9.98308E-2 2.10767E-1 2.37735E-1 2.15792E-1 2.14775E-1 2.00933E-1 1.87476E-1 2.4604E-1 2.70001E-1 2.83652E-1 3.27608E-1 3.85369E-1 3.52787E-1 2.99326E-1 2.8261E-1 2.75996E-1 2.20587E-1 2.39078E-1 1.94547E-1 1.31985E-1 1.17097E-1 1.03737E-1 9.30758E-2 1.0288E-1 4.21954E-2 6.12796E-2 1.0247E-1 8.13106E-2
3.46841E-1 2.94483E-1 2.32771E-1 1.55762E-1 1.26287E-1 1.22208E-1 1.2702E-1 1.30661E-1 4.61751E-2 3.90478E-2 3.5831E-2 2.96568E-2 8.34947E-2 6.04527E-2 7.18872E-2 9.21604E-2 1.34858E-1 1.79269E-1 1.93256E-1 1.88388E-1 2.54746E-1 3.3532E-1 2.58395E-1 3.03207E-1 3.02443E-1 2.77016E-1 1.55031E-1 1.47091E-1 1.10488E-1 8.82935E-2 7.02279E-2 7.45868E-2 1.3836E-1 2.12029E-1 2.96514E-1 1.95115E-1 2.78799E-1 2.54983E-1 2.36971E-1 2.79387E-1 3.05577E-1 3.36797E-1 3.32889E-1 3.22678E-1 4.2534E-1 3.69888E-1 3.3619E-1 3.28861E-1 2.68403E-1 2.7852E-1 2.22413E-1 1.3427E-1 1.08959E-1 9.47857E-2 1.04064E-1 8.43067E-2 1.21008E-1 1.08494E-1 1.26358E-1 1.22444E-1
3.54302E-1 3.27437E-1 2.6256E-1 1.83775E-1 1.45412E-1 1.36292E-1 1.14403E-1 9.90338E-2 1.08597E-1 4.62255E-2 2.9051E-2 2.30822E-2 6.99361E-2 5.73893E-2 6.01397E-2 1.23556E-1 1.74612E-1 1.77778E-1 1.77426E-1 1.83131E-1 2.4379E-1 3.6694E-1 2.21659E-1 3.19137E-1 3.21177E-1 2.44258E-1 1.99816E-1 1.54631E-1 1.19023E-1 8.63593E-2 6.52737E-2 8.11589E-2 2.21875E-1 2.49538E-1 3.75354E-1 1.88814E-1 3.33709E-1 2.94584E-1 2.91481E-1 3.00045E-1 3.49349E-1 4.0552E-1 4.14549E-1 3.5921E-1 3.69741E-1 4.32582E-1 3.74062E-1 3.46692E-1 3.27146E-1 2.91296E-1 2.13276E-1 1.38054E-1 1.18456E-1 9.72305E-2 1.14288E-1 7.91544E-2 1.2729E-1 1.28884E-1 1.24592E-1 1.31596E-1
3.39767E-1 2.99542E-1 2.6531E-1 2.21637E-1 1.75808E-1 1.5573E-1 1.33506E-1 1.06555E-1 1.03857E-1 1.02168E-1 8.36243E-2 9.14953E-2 5.09547E-2 7.38643E-2 8.11018E-2 1.28773E-1 1.35761E-1 1.46735E-1 1.72162E-1 1.98636E-1 2.27875E-1 3.92067E-1 1.9455E-1 3.76925E-1 3.49069E-1 2.73868E-1 1.30367E-1 1.79953E-1 1.06551E-1 9.00224E-2 7.1341E-2 1.25354E-1 2.46972E-1 2.86472E-1 2.78356E-1 3.40795E-1 3.16107E-1 2.87073E-1 3.56441E-1 3.4314E-1 4.11936E-1 4.88768E-1 3.81368E-1 4.06126E-1 3.91772E-1 4.0678E-1 3.96623E-1 3.41609E-1 3.33087E-1 2.97989E-1 1.7805E-1 1.33369E-1 1.2682E-1 1.14163E-1 6.54672E-2 1.48836E-1 1.13617E-1 1.5199E-1 1.6407E-1 1.8391E-1
5.4675E-1 4.47207E-1 3.82472E-1 3.06611E-1 2.29606E-1 1.95357E-1 1.64469E-1 1.20356E-1 9.64866E-2 1.02374E-1 1.01332E-1 1.09781E-1 1.06251E-1 1.0033E-1 1.15764E-1 1.12938E-1 1.21025E-1 1.37473E-1 1.81297E-1 2.1407E-1 2.41102E-1 3.06622E-1 4.46721E-1 4.39941E-1 3.43948E-1 3.01144E-1 2.6036E-1 1.63004E-1 1.25826E-1 9.48175E-2 9.48655E-2 2.31552E-1 2.03475E-1 3.7697E-1 3.6797E-1 3.24467E-1 3.14832E-1 3.41311E-1 3.92305E-1 3.68122E-1 4.00526E-1 4.26064E-1 4.9274E-1 2.79514E-1 3.82932E-1 3.64234E-1 4.12103E-1 3.2052E-1 3.16738E-1 2.7288E-1 1.49031E-1 1.27914E-1 1.30899E-1 6.34868E-2 1.70797E-1 1.12109E-1 1.25379E-1 1.46178E-1 2.48934E-1 2.62042E-1
4.83371E-1 4.67069E-1 4.19163E-1 3.20151E-1 2.5746E-1 1.95895E-1 1.67826E-1 1.33832E-1 1.13301E-1 1.0124E-1 1.00782E-1 1.07575E-1 1.11867E-1 1.21167E-1 1.23828E-1 1.44181E-1 1.76336E-1 1.90449E-1 2.11379E-1 2.32326E-1 2.45197E-1 3.13994E-1 4.59599E-1 4.41122E-1 2.90834E-1 2.88558E-1 2.3703E-1 1.5713E-1 6.41819E-2 8.81357E-2 1.15279E-1 2.31526E-1 2.3565E-1 3.64103E-1 2.86754E-1 2.87464E-1 3.43927E-1 3.77005E-1 3.80645E-1 3.93973E-1 3.73705E-1 3.8701E-1 4.35544E-1 4.77747E-1 4.84938E-1 4.61797E-1 4.07788E-1 2.89258E-1 2.65107E-1 1.90404E-1 1.28782E-1 9.22483E-2 1.19913E-1 1.21999E-1 1.40476E-1 1.25843E-1 1.27594E-1 2.00227E-1 3.25065E-1 3.69386E-1
3.85784E-1 3.99194E-1 3.79549E-1 3.30023E-1 2.9599E-1 2.39914E-1 1.80568E-1 1.56168E-1 1.40548E-1 1.26874E-1 1.44234E-1 1.54324E-1 1.57398E-1 1.76934E-1 1.96207E-1 2.28461E-1 2.66014E-1 2.52644E-1 2.58314E-1 2.89389E-1 3.04807E-1 4.45704E-1 4.68352E-1 3.74377E-1 2.85455E-1 2.88593E-1 2.60709E-1 1.49095E-1 1.33687E-1 9.70923E-2 1.35214E-1 1.96405E-1 2.71747E-1 2.85171E-1 2.52107E-1 2.97646E-1 3.69028E-1 4.03692E-1 3.98661E-1 4.05166E-1 3.9895E-1 3.70656E-1 4.1147E-1 4.29178E-1 4.64797E-1 3.91558E-1 3.2637E-1 2.9253E-1 1.75942E-1 1.89979E-1 5.89517E-2 1.54253E-1 1.26523E-1 1.06168E-1 1.38261E-1 1.65188E-1 1.48743E-1 1.73705E-1 2.63776E-1 3.43312E-1
2.23688E-1 3.90853E-1 3.69059E-1 3.5609E-1 3.18374E-1 2.73151E-1 2.26967E-1 1.73665E-1 1.65022E-1 1.6834E-1 2.14108E-1 2.35572E-1 2.39225E-1 2.56464E-1 2.8299E-1 3.42862E-1 3.40321E-1 3.0248E-1 3.12923E-1 3.34402E-1 3.87137E-1 4.83378E-1 4.96098E-1 3.27653E-1 3.31062E-1 3.7397E-1 3.24231E-1 1.67375E-1 1.53211E-1 1.57164E-1 2.25789E-1 1.71203E-1 2.63924E-1 2.1369E-1 2.26709E-1 2.96959E-1 3.66036E-1 3.81634E-1 3.68818E-1 3.97456E-1 3.71586E-1 3.19857E-1 3.12087E-1 3.31435E-1 3.26545E-1 2.52195E-1 1.82525E-1 2.02845E-1 2.52982E-1 1.6229E-1 9.82967E-2 9.90525E-2 1.56258E-1 1.55614E-1 1.38644E-1 1.7149E-1 2.14165E-1 2.30547E-1 2.55581E-1 3.63138E-1
4.25055E-1 4.22779E-1 4.28276E-1 3.99341E-1 3.72801E-1 3.4128E-1 2.87093E-1 2.29421E-1 1.98724E-1 2.19046E-1 3.11249E-1 3.59469E-1 3.43875E-1 3.63054E-1 3.91096E-1 4.57921E-1 4.106E-1 3.63191E-1 3.90692E-1 3.89617E-1 5.76814E-1 5.77289E-1 5.5972E-1 4.68515E-1 5.25598E-1 4.48046E-1 2.9749E-1 1.86281E-1 1.75939E-1 1.92687E-1 2.16667E-1 1.54333E-1 2.36687E-1 1.89718E-1 2.47325E-1 2.91618E-1 3.28933E-1 3.48443E-1 3.54504E-1 3.32038E-1 3.54037E-1 3.08004E-1 2.88472E-1 2.25613E-1 2.40746E-1 2.13632E-1 1.47093E-1 1.26211E-1 6.0912E-2 1.49281E-1 1.62586E-1 1.60328E-1 2.28593E-1 2.59527E-1 2.29186E-1 1.935E-1 2.42183E-1 3.25544E-1 3.26697E-1 3.45588E-1
4.00516E-1 4.106E-1 4.56959E-1 4.70614E-1 4.57001E-1 4.33054E-1 3.34037E-1 2.76823E-1 2.67257E-1 2.75781E-1 3.95036E-1 5.40269E-1 4.75175E-1 4.88655E-1 4.99054E-1 5.52269E-1 4.92257E-1 4.65324E-1 5.30304E-1 5.44665E-1 7.00704E-1 6.96688E-1 6.87905E-1 6.77216E-1 6.27644E-1 4.31848E-1 3.3977E-1 2.47675E-1 2.00234E-1 2.09958E-1 1.99647E-1 1.60576E-1 2.00661E-1 1.81704E-1 2.02326E-1 2.27083E-1 2.59948E-1 2.85699E-1 3.11161E-1 2.41385E-1 3.34664E-1 3.61501E-1 3.57024E-1 3.01957E-1 2.86156E-1 2.47766E-1 2.00319E-1 1.68504E-1 1.64129E-1 1.52838E-1 2.33357E-1 2.82007E-1 3.2324E-1 3.10841E-1 3.07616E-1 3.3883E-1 3.18055E-1 3.10829E-1 2.98515E-1 3.11001E-1
4.42608E-1 4.57708E-1 5.20689E-1 5.11866E-1 5.22126E-1 4.30662E-1 3.10898E-1 2.5418E-1 2.46731E-1 2.83258E-1 3.26546E-1 4.89625E-1 5.10583E-1 4.7881E-1 4.87312E-1 5.84099E-1 6.11719E-1 5.67308E-1 6.26947E-1 6.61164E-1 7.44202E-1 7.45231E-1 7.56348E-1 6.06073E-1 6.08078E-1 4.74736E-1 3.72234E-1 2.86239E-1 2.18729E-1 2.31761E-1 1.80429E-1 1.74857E-1 1.58078E-1 1.37622E-1 1.59951E-1 1.92087E-1 2.34839E-1 2.73743E-1 3.03203E-1 2.93266E-1 1.77612E-1 3.57645E-1 3.89392E-1 3.79333E-1 3.48863E-1 3.10852E-1 2.56641E-1 1.92943E-1 1.95888E-1 2.54771E-1 2.19196E-1 2.51669E-1 2.35695E-1 2.25037E-1 2.47071E-1 2.62212E-1 2.46214E-1 2.66057E-1 2.60968E-1 2.76782E-1
5.7401E-1 5.92769E-1 6.20083E-1 4.29209E-1 5.76744E-1 4.03492E-1 2.94731E-1 2.31762E-1 2.03817E-1 2.43245E-1 3.27003E-1 4.45658E-1 5.40697E-1 5.40148E-1 5.3694E-1 6.09128E-1 7.00538E-1 6.86036E-1 5.58436E-1 7.59169E-1 7.37272E-1 7.33365E-1 7.01594E-1 6.3688E-1 5.74548E-1 4.78346E-1 3.92689E-1 3.01012E-1 2.39236E-1 3.07896E-1 1.64676E-1 1.89094E-1 1.37038E-1 1.25459E-1 1.5952E-1 1.95829E-1 2.41218E-1 2.97661E-1 3.14784E-1 2.91056E-1 2.77686E-1 3.70379E-1 4.13717E-1 4.13537E-1 4.20818E-1 4.05557E-1 3.69309E-1 2.52748E-1 1.12652E-1 1.8814E-1 1.85491E-1 2.34185E-1 2.6058E-1 2.48932E-1 2.47954E-1 2.38929E-1 2.35055E-1 2.38658E-1 2.59537E-1 1.90383E-1
6.1255E-1 6.2588E-1 4.71884E-1 5.22588E-1 4.06637E-1 3.11557E-1 2.7691E-1 2.08358E-1 1.83916E-1 2.07407E-1 2.76821E-1 4.35296E-1 5.36564E-1 5.84837E-1 5.66788E-1 4.50572E-1 6.24578E-1 7.33366E-1 7.55712E-1 7.18812E-1 7.33798E-1 7.44174E-1 6.20716E-1 6.73387E-1 5.92287E-1 4.69665E-1 3.90972E-1 3.17508E-1 3.06099E-1 3.12555E-1 1.53228E-1 1.92621E-1 1.58783E-1 1.5746E-1 1.92316E-1 2.30582E-1 2.88419E-1 3.14767E-1 3.01073E-1 2.93574E-1 3.10222E-1 3.40141E-1 4.0649E-1 4.1487E-1 3.9545E-1 4.40494E-1 4.4481E-1 3.88449E-1 9.10065E-2 1.50898E-1 1.55457E-1 1.86002E-1 2.27519E-1 2.65096E-1 2.79272E-1 2.68915E-1 2.6594E-1 2.69617E-1 2.56233E-1 3.08024E-1
5.71658E-1 5.71978E-1 4.98271E-1 3.62579E-1 3.01428E-1 2.09975E-1 2.29962E-1 1.21983E-1 1.63992E-1 2.07595E-1 2.50049E-1 4.0445E-1 5.01315E-1 5.82388E-1 5.57163E-1 6.10693E-1 6.92092E-1 7.40825E-1 7.40919E-1 6.71032E-1 7.44744E-1 7.12878E-1 5.43207E-1 6.6925E-1 5.69616E-1 4.67629E-1 4.04122E-1 3.43307E-1 3.95658E-1 2.92476E-1 1.51074E-1 2.07068E-1 1.60611E-1 1.86358E-1 2.32086E-1 2.90424E-1 3.23134E-1 3.00802E-1 2.78783E-1 2.3906E-1 2.88688E-1 3.29637E-1 3.95634E-1 4.06188E-1 3.50269E-1 3.10011E-1 3.63056E-1 3.83639E-1 2.49362E-1 1.68277E-1 1.71172E-1 2.03168E-1 2.55405E-1 2.95743E-1 3.14396E-1 3.13324E-1 3.08289E-1 3.36179E-1 3.30451E-1 3.12574E-1
5.84104E-1 5.71821E-1 4.78765E-1 3.64252E-1 3.00468E-1 2.30735E-1 2.46705E-1 1.27121E-1 1.27862E-1 1.42657E-1 2.3475E-1 3.55803E-1 4.395E-1 5.29774E-1 4.66796E-1 5.4066E-1 6.28532E-1 7.3132E-1 7.09328E-1 6.74132E-1 7.8049E-1 7.26781E-1 5.6425E-1 6.54282E-1 5.85067E-1 5.28202E-1 4.85047E-1 4.04189E-1 3.95756E-1 2.24911E-1 1.87322E-1 2.45261E-1 2.04546E-1 2.65637E-1 3.19725E-1 3.59153E-1 3.48346E-1 3.06028E-1 2.87629E-1 2.75874E-1 2.67106E-1 3.12084E-1 3.87857E-1 3.94256E-1 3.64441E-1 3.11015E-1 2.90095E-1 3.60712E-1 3.53369E-1 3.27903E-1 2.80432E-1 2.91588E-1 3.27064E-1 3.41469E-1 3.56635E-1 3.56077E-1 3.64837E-1 2.71506E-1 4.1263E-1 4.44542E-1
4.25706E-1 4.88796E-1 3.47783E-1 2.92007E-1 2.52967E-1 2.21138E-1 2.1732E-1 1.53184E-1 1.13525E-1 1.16468E-1 2.21633E-1 3.56937E-1 4.37234E-1 5.17605E-1 4.08687E-1 4.39969E-1 5.19616E-1 5.82205E-1 7.42723E-1 7.39272E-1 7.10384E-1 6.19035E-1 7.45218E-1 6.84108E-1 6.93691E-1 6.40525E-1 5.1896E-1 4.07232E-1 3.91409E-1 1.39957E-1 2.535E-1 2.60127E-1 2.46159E-1 3.35173E-1 3.53245E-1 3.58045E-1 3.45405E-1 3.46875E-1 2.76004E-1 3.12217E-1 2.97533E-1 3.06957E-1 3.40647E-1 3.52999E-1 3.50869E-1 3.32279E-1 3.11414E-1 2.43143E-1 3.44013E-1 3.32527E-1 3.56883E-1 4.32774E-1 4.71216E-1 4.39323E-1 3.97429E-1 3.85608E-1 3.98098E-1 4.64385E-1 4.53453E-1 4.01092E-1
3.52999E-1 3.6419E-1 2.14873E-1 2.11681E-1 2.02124E-1 1.93132E-1 1.62118E-1 1.19067E-1 9.87728E-2 1.08005E-1 1.97134E-1 3.44935E-1 4.31377E-1 4.24995E-1 3.6082E-1 4.02828E-1 4.77796E-1 5.54237E-1 6.13939E-1 6.57102E-1 7.38926E-1 7.37191E-1 7.3896E-1 7.17127E-1 6.84859E-1 4.7643E-1 4.5138E-1 4.13279E-1 2.8739E-1 1.75862E-1 2.89123E-1 2.65955E-1 2.93787E-1 3.17694E-1 3.0833E-1 3.44051E-1 3.67076E-1 2.19963E-1 3.78677E-1 3.33533E-1 3.28319E-1 3.19849E-1 3.27556E-1 3.27811E-1 3.68973E-1 3.89067E-1 3.42626E-1 1.13062E-1 2.3535E-1 2.25691E-1 2.48506E-1 3.02589E-1 3.40447E-1 3.70173E-1 4.06368E-1 4.13002E-1 4.23982E-1 4.98022E-1 4.54549E-1 3.97417E-1
2.72482E-1 2.06623E-1 1.76144E-1 1.82892E-1 1.66791E-1 1.45658E-1 1.20614E-1 1.04467E-1 8.97399E-2 1.12329E-1 2.57475E-1 3.25495E-1 4.26205E-1 3.55401E-1 3.87925E-1 4.25931E-1 4.75945E-1 5.57121E-1 5.69334E-1 6.75146E-1 6.698E-1 6.72885E-1 6.65031E-1 6.29427E-1 4.95356E-1 3.92042E-1 3.69484E-1 4.44224E-1 1.45616E-1 2.73425E-1 3.01949E-1 2.77755E-1 2.59704E-1 2.56802E-1 3.00304E-1 3.47098E-1 3.89949E-1 3.72787E-1 4.12302E-1 3.96983E-1 3.14061E-1 1.93136E-1 3.16559E-1 3.14447E-1 3.45566E-1 3.25492E-1 2.49793E-1 7.68499E-2 2.30374E-1 2.14866E-1 2.0771E-1 2.70457E-1 3.44206E-1 4.28992E-1 4.60065E-1 3.27568E-1 4.83933E-1 4.86655E-1 4.46103E-1 4.16329E-1
2.05882E-1 1.56355E-1 1.35803E-1 1.33883E-1 1.17868E-1 1.21602E-1 1.17756E-1 1.18788E-1 1.03987E-1 1.30511E-1 2.36152E-1 3.24062E-1 4.59548E-1 3.5835E-1 4.00122E-1 4.3407E-1 4.75834E-1 5.16923E-1 5.72256E-1 6.05034E-1 5.77707E-1 6.06097E-1 4.84914E-1 4.29459E-1 4.07172E-1 3.98092E-1 4.97824E-1 2.71342E-1 2.18571E-1 3.11578E-1 2.91772E-1 2.47202E-1 2.31955E-1 2.62258E-1 3.12658E-1 3.60272E-1 4.09487E-1 5.01904E-1 4.76775E-1 3.77795E-1 3.45428E-1 3.27286E-1 3.10734E-1 3.20894E-1 2.16475E-1 2.63725E-1 2.18297E-1 2.03324E-1 1.90723E-1 2.00031E-1 2.18132E-1 2.91202E-1 4.51184E-1 5.16959E-1 3.73845E-1 5.05514E-1 4.96561E-1 4.87434E-1 4.66948E-1 4.53056E-1
2.79432E-1 1.89596E-1 1.28768E-1 1.11448E-1 1.02038E-1 1.35901E-1 1.20166E-1 1.17346E-1 1.14284E-1 1.93797E-1 2.41464E-1 3.43933E-1 4.46867E-1 3.67388E-1 4.26745E-1 4.80961E-1 4.76169E-1 4.40829E-1 4.60465E-1 4.79503E-1 5.11515E-1 4.18501E-1 4.01461E-1 4.25983E-1 4.76394E-1 5.16119E-1 4.19646E-1 2.06313E-1 3.00175E-1 3.1445E-1 2.84479E-1 2.26766E-1 2.21122E-1 2.71103E-1 3.32025E-1 3.83122E-1 4.52242E-1 6.03465E-1 4.44304E-1 3.15021E-1 3.79951E-1 3.34107E-1 3.4333E-1 3.0314E-1 2.80823E-1 2.69062E-1 2.74657E-1 2.04944E-1 1.9706E-1 2.09248E-1 2.51531E-1 3.54133E-1 4.82457E-1 5.53193E-1 6.27525E-1 5.40117E-1 5.48814E-1 5.38774E-1 4.90603E-1 4.73549E-1
2.58239E-1 1.99303E-1 1.53432E-1 1.41881E-1 1.35207E-1 1.63665E-1 1.41771E-1 1.16241E-1 1.12992E-1 2.45535E-1 2.7165E-1 3.56408E-1 4.04353E-1 3.72354E-1 3.95241E-1 4.25943E-1 4.37843E-1 4.44869E-1 4.3469E-1 3.87133E-1 5.18125E-1 5.53499E-1 5.36457E-1 4.96489E-1 4.56792E-1 3.85325E-1 3.00536E-1 2.58691E-1 3.45478E-1 3.3348E-1 2.79146E-1 2.03084E-1 2.24704E-1 2.87787E-1 3.44782E-1 4.29458E-1 5.48552E-1 5.53176E-1 3.6988E-1 3.29431E-1 3.29352E-1 3.37019E-1 2.19754E-1 3.13782E-1 6.62364E-2 2.21773E-1 1.97842E-1 1.67797E-1 2.2408E-1 2.63649E-1 3.07924E-1 3.95954E-1 4.48337E-1 5.25074E-1 5.38751E-1 5.6686E-1 5.58261E-1 5.28279E-1 4.91749E-1 4.71753E-1
