Phytophthora/models/20240506_1445_31/Phytophthora_PA3_RUN7_MAXENT_outputs/Phytophthora_PA3_RUN7.asc
ncols         225
nrows         269
xllcorner     473009.9838
yllcorner     4429051.1748
cellsize      50.0
NODATA_value  -9999
[rows 130 to 155 of 269, columns 120 to 179 of 225]
1.12483E-1 1.46494E-1 1.64857E-1 1.86173E-1 3.46968E-1 4.38839E-1 4.95909E-1 4.71511E-1 4.90036E-1 5.2999E-1 6.04123E-1 6.40694E-1 6.10663E-1 5.25528E-1 4.38945E-1 4.32025E-1 3.91664E-1 -9999 -9999 -9999 -9999 -9999 -9999 -9999 -9999 -9999 1.9803E-1 2.09904E-1 2.10898E-1 2.2078E-1 2.54217E-1 2.74221E-1 2.71783E-1 1.32916E-1 2.52999E-1 2.29582E-1 1.68504E-1 1.35619E-1 1.07626E-1 1.4311E-1 1.37678E-1 1.92616E-1 2.18566E-1 2.34057E-1 2.33046E-1 2.21722E-1 2.0322E-1 1.72861E-1 1.11199E-1 7.53234E-2 8.27244E-2 4.2119E-2 1.12576E-1 1.29275E-1 1.31583E-1 1.23555E-1 2.262E-1 2.27939E-1 2.28001E-1 2.24559E-1
1.03667E-1 1.0265E-1 1.15445E-1 1.68094E-1 3.0854E-1 3.70608E-1 3.83576E-1 4.74381E-1 4.68339E-1 3.96532E-1 5.15901E-1 6.48714E-1 6.43372E-1 5.95298E-1 4.81222E-1 4.60724E-1 4.15514E-1 -9999 -9999 -9999 -9999 -9999 -9999 -9999 -9999 -9999 2.54301E-1 2.79131E-1 2.61316E-1 2.49206E-1 2.75238E-1 -9999 2.16084E-1 2.70844E-1 2.28386E-1 1.68164E-1 1.55557E-1 1.39378E-1 1.06327E-1 1.25806E-1 1.49044E-1 1.62435E-1 2.35267E-1 3.19159E-1 3.23725E-1 2.70888E-1 2.42605E-1 1.96565E-1 1.45946E-1 1.13921E-1 1.09508E-1 9.92058E-2 8.79816E-2 1.34118E-1 1.47133E-1 1.74461E-1 2.5948E-1 2.78752E-1 2.54316E-1 2.57155E-1
8.93262E-2 8.16678E-2 7.86991E-2 1.50652E-1 2.25368E-1 2.81327E-1 3.43631E-1 2.07753E-1 2.75367E-1 5.35407E-1 5.90233E-1 6.24844E-1 6.55461E-1 6.21065E-1 5.92864E-1 5.26104E-1 -9999 -9999 -9999 -9999 -9999 -9999 -9999 -9999 -9999 -9999 -9999 -9999 -9999 -9999 -9999 -9999 -9999 2.39187E-1 2.29432E-1 1.91224E-1 1.84891E-1 1.36327E-1 1.01439E-1 1.19853E-1 1.41512E-1 1.72034E-1 1.83067E-1 2.482E-1 3.32134E-1 3.47044E-1 2.91284E-1 2.19284E-1 1.73229E-1 1.47338E-1 1.39086E-1 1.18736E-1 3.82776E-2 1.45133E-1 1.23367E-1 1.87579E-1 2.5373E-1 2.73365E-1 3.19087E-1 2.98639E-1
9.45952E-2 8.73235E-2 1.03118E-1 1.70296E-1 2.24886E-1 2.94728E-1 3.58207E-1 2.76545E-1 4.66286E-1 5.16556E-1 5.29225E-1 5.39299E-1 5.59246E-1 5.27583E-1 5.47774E-1 4.73459E-1 -9999 -9999 -9999 -9999 -9999 -9999 -9999 -9999 -9999 -9999 -9999 -9999 -9999 -9999 -9999 -9999 -9999 1.73335E-1 2.03475E-1 2.19639E-1 2.335E-1 1.42968E-1 9.64666E-2 1.22018E-1 1.50786E-1 1.79665E-1 1.07193E-1 2.2111E-1 3.10679E-1 3.1894E-1 3.15818E-1 2.07945E-1 1.74044E-1 1.80405E-1 1.79988E-1 1.6368E-1 1.24633E-1 1.01013E-1 2.00949E-1 1.21286E-1 2.46445E-1 3.91733E-1 3.4994E-1 3.17207E-1
9.96763E-2 1.03255E-1 1.5184E-1 1.88658E-1 2.32227E-1 2.74053E-1 3.37443E-1 4.17228E-1 4.05236E-1 4.99291E-1 4.78204E-1 4.64553E-1 4.70134E-1 4.70405E-1 4.37312E-1 3.29946E-1 -9999 -9999 -9999 -9999 -9999 -9999 -9999 -9999 -9999 -9999 -9999 -9999 -9999 -9999 -9999 -9999 -9999 2.29537E-1 2.0909E-1 2.20456E-1 2.7298E-1 1.47565E-1 1.04258E-1 1.16204E-1 1.50728E-1 1.3409E-1 1.83615E-1 2.01447E-1 2.5067E-1 2.79033E-1 2.98375E-1 1.76415E-1 1.76562E-1 1.82683E-1 1.91065E-1 1.99995E-1 1.78356E-1 1.20597E-1 2.15458E-1 3.01616E-1 3.9479E-1 4.14827E-1 3.63068E-1 3.05137E-1
1.45857E-1 1.63359E-1 1.95732E-1 2.27192E-1 2.5935E-1 2.85205E-1 3.06452E-1 4.45409E-1 5.5053E-1 4.8202E-1 4.36137E-1 4.18894E-1 4.55124E-1 4.56778E-1 4.53811E-1 -9999 -9999 -9999 -9999 -9999 -9999 -9999 -9999 -9999 -9999 -9999 -9999 -9999 -9999 -9999 -9999 -9999 -9999 2.32841E-1 1.58242E-1 2.26887E-1 1.92601E-1 1.57199E-1 1.66278E-1 1.63668E-1 1.53559E-1 1.6715E-1 1.49827E-1 1.74007E-1 2.45904E-1 2.50708E-1 2.47534E-1 1.80247E-1 1.74731E-1 1.88811E-1 1.97627E-1 2.04178E-1 2.46191E-1 1.59053E-1 2.88072E-1 3.37088E-1 3.69455E-1 2.94618E-1 3.03365E-1 2.79527E-1
1.8824E-1 2.10453E-1 2.20459E-1 2.72141E-1 2.65998E-1 2.90356E-1 2.94374E-1 4.0745E-1 5.44513E-1 5.41449E-1 4.67858E-1 -9999 -9999 -9999 -9999 -9999 -9999 -9999 -9999 -9999 -9999 -9999 -9999 -9999 -9999 -9999 -9999 -9999 -9999 -9999 -9999 -9999 -9999 -9999 1.59278E-1 1.82262E-1 1.1333E-1 1.52618E-1 2.87858E-1 3.10632E-1 2.16494E-1 1.90096E-1 1.56805E-1 1.58119E-1 2.27492E-1 2.26028E-1 2.40895E-1 1.79911E-1 1.74662E-1 1.85663E-1 2.02966E-1 1.99585E-1 2.60491E-1 1.53491E-1 2.53347E-1 2.97486E-1 2.64654E-1 2.83366E-1 2.72426E-1 2.27647E-1
2.26881E-1 2.43733E-1 3.14132E-1 1.72437E-1 1.86153E-1 2.85877E-1 2.69491E-1 3.49063E-1 4.03482E-1 5.03271E-1 5.14338E-1 -9999 -9999 -9999 -9999 -9999 -9999 -9999 -9999 -9999 -9999 -9999 -9999 -9999 -9999 -9999 -9999 -9999 -9999 -9999 -9999 -9999 -9999 -9999 1.4738E-1 1.81403E-1 1.73742E-1 1.71741E-1 2.64398E-1 3.36392E-1 2.62635E-1 2.73787E-1 1.95868E-1 1.77589E-1 2.36979E-1 2.03245E-1 2.41918E-1 1.80987E-1 1.86236E-1 1.9974E-1 2.19312E-1 2.15556E-1 2.05189E-1 1.83278E-1 2.65049E-1 2.16376E-1 2.28729E-1 2.116E-1 2.70182E-1 2.60493E-1
2.26895E-1 2.25987E-1 3.11738E-1 2.68486E-1 2.72066E-1 2.49287E-1 2.35452E-1 2.99356E-1 2.97292E-1 3.91645E-1 5.12452E-1 5.32738E-1 -9999 -9999 -9999 -9999 -9999 -9999 -9999 -9999 -9999 -9999 -9999 -9999 -9999 -9999 -9999 -9999 -9999 -9999 -9999 -9999 -9999 -9999 1.69389E-1 2.2636E-1 2.5684E-1 2.44699E-1 2.58925E-1 3.61487E-1 2.847E-1 3.63226E-1 3.2263E-1 2.29649E-1 2.64169E-1 2.22634E-1 2.39002E-1 1.79252E-1 1.94662E-1 2.03161E-1 1.82742E-1 1.71995E-1 1.87989E-1 1.91384E-1 2.22736E-1 1.84204E-1 2.47162E-1 2.72163E-1 2.11452E-1 2.11996E-1
2.53347E-1 2.74183E-1 2.23338E-1 2.61085E-1 1.92229E-1 2.41009E-1 1.98441E-1 2.60094E-1 2.97736E-1 3.3287E-1 2.93141E-1 -9999 -9999 -9999 -9999 -9999 -9999 -9999 -9999 -9999 -9999 -9999 -9999 -9999 -9999 -9999 -9999 -9999 -9999 -9999 -9999 -9999 -9999 -9999 -9999 1.79714E-1 1.98867E-1 1.93457E-1 2.11614E-1 3.37588E-1 2.94688E-1 3.81251E-1 3.47038E-1 3.16974E-1 2.80857E-1 2.37659E-1 2.45398E-1 1.82086E-1 2.04571E-1 2.14201E-1 1.02024E-1 1.72643E-1 1.75711E-1 1.78586E-1 1.58604E-1 1.5644E-1 2.25232E-1 2.35422E-1 2.58349E-1 3.36139E-1
2.88173E-1 2.73897E-1 3.1688E-1 2.70297E-1 2.7172E-1 2.39229E-1 2.08085E-1 1.91237E-1 2.69154E-1 1.94583E-1 -9999 -9999 -9999 -9999 -9999 -9999 -9999 -9999 -9999 -9999 -9999 -9999 -9999 -9999 -9999 -9999 -9999 -9999 -9999 -9999 -9999 -9999 -9999 -9999 -9999 8.34063E-2 2.02858E-1 2.35958E-1 2.47634E-1 2.00227E-1 4.04799E-1 3.76462E-1 3.43498E-1 3.07448E-1 2.69021E-1 2.35845E-1 2.39018E-1 1.97879E-1 2.05986E-1 2.17386E-1 1.18599E-1 1.70456E-1 1.46292E-1 1.43684E-1 1.42275E-1 9.21026E-2 1.8529E-1 2.23943E-1 2.64237E-1 2.87028E-1
2.49126E-1 3.006E-1 2.8261E-1 1.83538E-1 2.55139E-1 2.26112E-1 2.09061E-1 1.55825E-1 1.14674E-1 2.38628E-1 -9999 -9999 -9999 -9999 -9999 -9999 1.91873E-1 1.12879E-1 1.1186E-1 1.44368E-1 1.08411E-1 2.09738E-1 1.56301E-1 1.77199E-1 2.44209E-1 2.79516E-1 -9999 -9999 -9999 -9999 -9999 -9999 -9999 -9999 -9999 2.26912E-1 2.24412E-1 1.26683E-1 2.88063E-1 2.99189E-1 3.48335E-1 3.58385E-1 3.02734E-1 2.694E-1 2.26136E-1 2.22859E-1 2.00015E-1 1.93751E-1 2.034E-1 2.08177E-1 1.67604E-1 1.74679E-1 1.39695E-1 1.31289E-1 1.24262E-1 7.84975E-2 1.27561E-1 1.7261E-1 2.00903E-1 2.38494E-1
2.36863E-1 3.32664E-1 3.01752E-1 1.49115E-1 2.22317E-1 2.25616E-1 2.44302E-1 1.37642E-1 2.04146E-1 -9999 -9999 -9999 -9999 -9999 -9999 -9999 1.80609E-1 1.23416E-1 1.3223E-1 1.53723E-1 2.73686E-1 2.65068E-1 1.53692E-1 1.92658E-1 2.55155E-1 3.29813E-1 3.81362E-1 -9999 -9999 -9999 -9999 -9999 -9999 -9999 -9999 2.50723E-1 2.15995E-1 3.02742E-1 2.88946E-1 2.65715E-1 2.63842E-1 3.1593E-1 2.66973E-1 2.23312E-1 1.69366E-1 2.05258E-1 1.71622E-1 1.71884E-1 1.83278E-1 2.06878E-1 2.02067E-1 1.63266E-1 1.42814E-1 1.25902E-1 1.14577E-1 4.81146E-2 1.72811E-1 2.19817E-1 2.30879E-1 2.36262E-1
3.14214E-1 2.812E-1 2.553E-1 2.30873E-1 1.40242E-1 9.27711E-2 1.29379E-1 1.88463E-1 -9999 -9999 -9999 -9999 -9999 -9999 -9999 -9999 1.87986E-1 1.27106E-1 1.6207E-1 1.77358E-1 2.68014E-1 2.12744E-1 2.03371E-1 2.44441E-1 2.92107E-1 3.505E-1 3.93518E-1 -9999 -9999 -9999 -9999 -9999 -9999 -9999 -9999 2.95052E-1 2.23871E-1 3.17579E-1 2.60894E-1 2.20839E-1 2.0113E-1 1.89444E-1 2.29692E-1 1.95219E-1 1.08243E-1 1.93544E-1 1.42792E-1 1.55315E-1 1.63777E-1 1.94865E-1 2.37732E-1 1.80953E-1 9.15019E-2 1.48272E-1 5.55362E-2 1.73411E-1 1.89604E-1 1.87149E-1 2.05934E-1 2.44479E-1
2.80257E-1 2.21174E-1 2.42657E-1 2.42801E-1 1.97869E-1 1.69647E-1 -9999 -9999 -9999 -9999 -9999 -9999 -9999 -9999 -9999 -9999 2.31894E-1 1.79811E-1 1.99526E-1 2.13336E-1 2.22789E-1 9.51554E-2 2.36383E-1 2.87721E-1 3.16743E-1 3.60411E-1 4.09486E-1 -9999 -9999 -9999 -9999 -9999 -9999 -9999 -9999 4.46282E-1 2.42461E-1 3.54725E-1 2.61456E-1 2.12874E-1 1.77521E-1 1.47268E-1 1.28172E-1 1.84054E-1 6.95095E-2 1.62155E-1 1.3136E-1 1.38283E-1 1.45222E-1 1.60927E-1 2.30717E-1 2.49716E-1 2.28946E-1 1.10346E-1 2.60333E-1 2.38604E-1 2.14157E-1 1.98693E-1 1.88965E-1 2.21901E-1
2.74521E-1 2.65825E-1 2.61972E-1 2.29928E-1 1.82045E-1 -9999 -9999 -9999 -9999 -9999 -9999 -9999 -9999 -9999 -9999 -9999 2.78254E-1 2.34811E-1 2.4043E-1 2.71123E-1 2.69746E-1 2.29974E-1 2.61127E-1 -9999 -9999 -9999 -9999 -9999 -9999 -9999 -9999 -9999 -9999 -9999 -9999 -9999 4.84419E-1 4.5856E-1 3.50031E-1 2.4932E-1 2.06682E-1 1.64625E-1 1.39802E-1 1.1703E-1 5.65797E-2 1.41117E-1 1.14166E-1 1.19761E-1 1.30171E-1 1.30118E-1 1.59052E-1 1.57226E-1 2.3415E-1 1.2665E-1 2.37664E-1 2.10686E-1 1.72307E-1 1.61516E-1 1.48548E-1 2.00479E-1
2.56791E-1 1.4541E-1 1.58722E-1 1.60605E-1 -9999 -9999 -9999 -9999 -9999 -9999 -9999 -9999 -9999 -9999 -9999 -9999 2.20795E-1 2.63563E-1 2.86758E-1 3.10429E-1 3.7679E-1 2.81529E-1 3.18901E-1 4.20621E-1 -9999 -9999 -9999 -9999 -9999 -9999 -9999 -9999 -9999 -9999 -9999 -9999 6.82447E-1 4.83363E-1 5.33024E-1 3.71262E-1 2.6623E-1 2.05197E-1 1.50382E-1 1.4005E-1 5.69316E-2 1.60234E-1 9.98331E-2 1.19196E-1 8.19926E-2 6.87548E-2 4.08774E-2 1.19978E-1 1.13736E-1 1.36313E-1 6.95076E-2 1.46165E-1 1.36283E-1 1.18651E-1 9.59731E-2 1.07004E-1
2.09584E-1 1.28494E-1 9.3646E-2 1.06154E-1 1.10402E-1 -9999 -9999 -9999 -9999 -9999 -9999 -9999 -9999 -9999 -9999 1.97954E-1 2.07143E-1 2.92204E-1 3.33124E-1 3.34988E-1 4.2296E-1 3.95845E-1 3.90154E-1 4.78888E-1 -9999 -9999 -9999 -9999 -9999 -9999 -9999 -9999 -9999 -9999 -9999 -9999 6.18581E-1 6.00985E-1 6.03292E-1 4.8845E-1 2.95606E-1 1.44242E-1 1.1099E-1 2.07743E-1 8.97149E-2 1.75574E-1 1.18864E-1 7.19404E-2 1.22395E-1 8.25673E-2 8.3998E-2 9.99161E-2 1.08581E-1 1.29782E-1 1.29217E-1 1.39032E-1 1.38131E-1 1.24227E-1 1.13841E-1 1.13257E-1
1.36695E-1 2.05172E-1 8.67937E-2 1.09642E-1 6.70585E-2 6.8344E-2 5.44127E-2 1.20312E-1 2.55918E-1 -9999 -9999 -9999 1.97639E-1 2.35691E-1 2.36974E-1 3.58395E-1 2.69044E-1 3.54472E-1 3.8155E-1 3.84973E-1 4.46967E-1 4.94643E-1 5.17429E-1 5.50805E-1 -9999 5.19687E-1 5.66416E-1 5.83161E-1 6.04567E-1 5.74768E-1 6.21284E-1 5.75041E-1 5.65726E-1 -9999 -9999 -9999 5.19338E-1 5.25052E-1 3.1477E-1 4.067E-1 3.18807E-1 2.82569E-1 2.42102E-1 2.06429E-1 1.37293E-1 1.52069E-1 1.87152E-1 1.64349E-1 9.71939E-2 8.61048E-2 9.22552E-2 1.10328E-1 1.33601E-1 1.54315E-1 1.54198E-1 1.57688E-1 1.59876E-1 1.49307E-1 1.16901E-1 1.14719E-1
1.25248E-1 2.15839E-1 9.69797E-2 8.91232E-2 6.00843E-2 5.1668E-2 5.2695E-2 9.79408E-2 1.32447E-1 2.76666E-1 2.53375E-1 2.15202E-1 2.0146E-1 1.76896E-1 2.86095E-1 2.95418E-1 2.57666E-1 4.15772E-1 4.82132E-1 4.86013E-1 5.13672E-1 2.80878E-1 5.53224E-1 6.03175E-1 3.90789E-1 3.54437E-1 4.23191E-1 5.23376E-1 5.88775E-1 6.00616E-1 5.48586E-1 5.44882E-1 5.43421E-1 4.98682E-1 -9999 -9999 5.71658E-1 4.1626E-1 3.75825E-1 2.30246E-1 2.91206E-1 2.42658E-1 2.06638E-1 2.51265E-1 2.5508E-1 2.17714E-1 1.72531E-1 6.82838E-2 9.5183E-2 1.01777E-1 1.14569E-1 1.25215E-1 1.53124E-1 1.7234E-1 1.76992E-1 1.71096E-1 1.80446E-1 1.46194E-1 1.2815E-1 1.38802E-1
1.71557E-1 1.17392E-1 1.4244E-1 9.15504E-2 5.77346E-2 4.80433E-2 3.86347E-2 5.57317E-2 7.3747E-2 1.32543E-1 3.62509E-1 2.3693E-1 1.83585E-1 2.58032E-1 2.81893E-1 2.20806E-1 3.27029E-1 4.06417E-1 4.59506E-1 5.15011E-1 3.81453E-1 4.7989E-1 5.35099E-1 5.51164E-1 5.71248E-1 4.48324E-1 5.09932E-1 5.54772E-1 5.47976E-1 5.40223E-1 4.7591E-1 5.13523E-1 5.04456E-1 4.55749E-1 4.64448E-1 5.3311E-1 4.95564E-1 5.10689E-1 3.55082E-1 3.08335E-1 1.64569E-1 3.12393E-1 2.81268E-1 2.61068E-1 2.4973E-1 1.34714E-1 1.06312E-1 1.21136E-1 1.02467E-1 1.16871E-1 1.3499E-1 1.52386E-1 1.95336E-1 2.0164E-1 2.07553E-1 1.88642E-1 1.90898E-1 1.59021E-1 1.6979E-1 2.1639E-1
1.63449E-1 1.14756E-1 9.82457E-2 1.62647E-1 6.92752E-2 5.94641E-2 4.43413E-2 5.67643E-2 8.5239E-2 1.20003E-1 1.76622E-1 3.51902E-1 3.15941E-1 2.14661E-1 1.82454E-1 2.4357E-1 3.10545E-1 3.34743E-1 4.01653E-1 4.7265E-1 5.28133E-1 5.00502E-1 5.26315E-1 3.20116E-1 5.2268E-1 4.25607E-1 4.4395E-1 5.18204E-1 5.2825E-1 4.80121E-1 4.55045E-1 4.76505E-1 4.85661E-1 4.92584E-1 4.81788E-1 4.52884E-1 4.78997E-1 4.27608E-1 3.35043E-1 3.0143E-1 3.11957E-1 2.99049E-1 2.78575E-1 2.31499E-1 1.94248E-1 1.31643E-1 1.27079E-1 1.14625E-1 1.09939E-1 1.2295E-1 1.40126E-1 1.62765E-1 2.11201E-1 2.03901E-1 1.93148E-1 1.34891E-1 2.23757E-1 1.73964E-1 2.74504E-1 2.69635E-1
2.03032E-1 1.79026E-1 1.78781E-1 1.10392E-1 1.47426E-1 1.02957E-1 8.30802E-2 9.63034E-2 1.19044E-1 1.62252E-1 1.60859E-1 2.21495E-1 2.1142E-1 1.82356E-1 2.23961E-1 2.68582E-1 3.21262E-1 3.36748E-1 3.75621E-1 3.99674E-1 4.41978E-1 4.61452E-1 5.22215E-1 3.71438E-1 4.23705E-1 2.24952E-1 2.67197E-1 4.6696E-1 4.808E-1 4.23522E-1 4.19439E-1 4.2192E-1 4.74356E-1 4.88027E-1 4.77527E-1 4.00843E-1 3.93602E-1 4.76733E-1 2.99669E-1 2.96019E-1 3.15343E-1 3.27716E-1 3.21309E-1 2.87757E-1 2.24554E-1 2.40223E-1 2.28722E-1 1.26133E-1 1.22297E-1 1.31725E-1 1.41354E-1 1.79608E-1 2.15505E-1 1.91435E-1 2.02405E-1 1.64853E-1 2.51729E-1 2.22732E-1 2.91729E-1 2.08849E-1
2.37698E-1 1.65715E-1 1.69227E-1 2.25683E-1 2.08057E-1 1.45929E-1 1.02089E-1 1.0434E-1 1.11038E-1 1.41077E-1 1.52665E-1 1.7823E-1 1.94148E-1 1.84999E-1 1.95467E-1 2.15018E-1 2.38719E-1 2.53729E-1 2.86766E-1 3.12308E-1 3.57106E-1 3.98528E-1 4.20536E-1 3.12504E-1 3.12732E-1 4.01813E-1 4.39733E-1 4.31081E-1 3.71065E-1 3.58662E-1 3.59284E-1 3.82942E-1 4.17939E-1 4.15548E-1 3.88901E-1 3.37103E-1 3.74059E-1 3.81786E-1 2.41992E-1 2.49542E-1 2.99137E-1 3.30696E-1 3.18253E-1 2.94491E-1 2.42004E-1 1.67977E-1 1.69213E-1 1.20874E-1 1.21586E-1 1.35247E-1 1.51249E-1 1.98095E-1 2.20226E-1 2.33238E-1 2.20663E-1 2.28492E-1 2.79326E-1 3.17499E-1 3.01343E-1 1.78184E-1
2.39009E-1 2.34908E-1 1.60203E-1 2.02586E-1 1.11167E-1 1.93226E-1 1.31392E-1 1.19147E-1 1.33169E-1 1.26609E-1 1.18616E-1 1.69207E-1 1.96259E-1 1.78831E-1 1.82622E-1 1.73313E-1 1.86614E-1 1.852E-1 1.8661E-1 2.17024E-1 2.66783E-1 3.40101E-1 3.77543E-1 3.40246E-1 3.50567E-1 3.14684E-1 2.8684E-1 4.16876E-1 1.41438E-1 3.35483E-1 3.17206E-1 3.38141E-1 3.56633E-1 3.57482E-1 3.35543E-1 3.04785E-1 2.88696E-1 3.25637E-1 2.80249E-1 2.1809E-1 2.85534E-1 3.28587E-1 2.05093E-1 2.9529E-1 2.27357E-1 1.29895E-1 1.22213E-1 1.17331E-1 1.08729E-1 1.26759E-1 1.58394E-1 2.09656E-1 2.47837E-1 2.488E-1 2.16131E-1 2.29896E-1 2.62731E-1 3.19104E-1 3.03667E-1 1.84074E-1
2.83233E-1 2.64545E-1 2.34527E-1 2.32996E-1 2.157E-1 1.25603E-1 2.09648E-1 1.70371E-1 1.87654E-1 2.06545E-1 2.39752E-1 2.52966E-1 2.70203E-1 2.46738E-1 2.31238E-1 2.04289E-1 2.12789E-1 2.43473E-1 2.58206E-1 2.44986E-1 2.71172E-1 2.32342E-1 3.43206E-1 2.93737E-1 2.92265E-1 2.84591E-1 2.38759E-1 2.20165E-1 1.46654E-1 3.00388E-1 3.1811E-1 3.49448E-1 3.79561E-1 3.88581E-1 3.70815E-1 3.45658E-1 3.10445E-1 3.09423E-1 3.2632E-1 2.89842E-1 2.97069E-1 3.26429E-1 3.23382E-1 3.04506E-1 2.6303E-1 6.64307E-2 1.1719E-1 1.19483E-1 1.07759E-1 1.24595E-1 1.70088E-1 2.34555E-1 2.80917E-1 2.67452E-1 1.53147E-1 2.54488E-1 2.80788E-1 3.28745E-1 3.05721E-1 1.90195E-1
