Phytophthora/models/20240506_1445_31/Phytophthora_PA3_RUN7_MAXENT_outputs/Phytophthora_PA3_RUN7.asc
ncols         225
nrows         269
xllcorner     473009.9838
yllcorner     4429051.1748
cellsize      50.0
NODATA_value  -9999
[rows 182 to 207 of 269, columns 60 to 119 of 225]
3.2258E-1 3.29629E-1 3.42282E-1 4.18002E-1 4.31501E-1 4.86896E-1 5.10382E-1 5.95635E-1 5.50874E-1 6.61028E-1 6.204E-1 5.93096E-1 5.48686E-1 4.68275E-1 3.82682E-1 3.40301E-1 3.52645E-1 3.34027E-1 1.78746E-1 1.29768E-1 1.10372E-1 9.47689E-2 7.72517E-2 6.39677E-2 2.02054E-1 2.47494E-1 3.08662E-1 3.59179E-1 5.47072E-1 6.66162E-1 5.29704E-1 4.54044E-1 4.55533E-1 5.02394E-1 4.53397E-1 5.22002E-1 5.75208E-1 6.60997E-1 6.8988E-1 5.55656E-1 5.51029E-1 5.26516E-1 4.45835E-1 3.9013E-1 3.89171E-1 4.22914E-1 4.38254E-1 4.60013E-1 4.80981E-1 5.2848E-1 5.53138E-1 6.04575E-1 5.19521E-1 5.23597E-1 3.70967E-1 3.56298E-1 3.29418E-1 1.84142E-1 2.82671E-1 2.28842E-1
3.93861E-1 4.1452E-1 4.16646E-1 4.44533E-1 4.82841E-1 3.87452E-1 6.09558E-1 4.52284E-1 6.60689E-1 6.35836E-1 5.87646E-1 5.47936E-1 5.14723E-1 4.40654E-1 3.44057E-1 2.85733E-1 2.68015E-1 2.17993E-1 2.33966E-1 1.38749E-1 9.85362E-2 8.81504E-2 7.82897E-2 1.12893E-1 2.59145E-1 3.28841E-1 3.53369E-1 3.75947E-1 5.75917E-1 5.93667E-1 5.57064E-1 4.45372E-1 5.33163E-1 5.46391E-1 4.60505E-1 4.98501E-1 5.7502E-1 6.43082E-1 3.37791E-1 5.27822E-1 5.03028E-1 4.63644E-1 3.81492E-1 3.45034E-1 3.84979E-1 4.36816E-1 4.55662E-1 4.6145E-1 4.70761E-1 5.1188E-1 5.09338E-1 5.1243E-1 5.12916E-1 3.80666E-1 3.72696E-1 2.63605E-1 1.64093E-1 2.7169E-1 3.29179E-1 2.76589E-1
4.17723E-1 4.85853E-1 4.95561E-1 4.9765E-1 3.83734E-1 6.17619E-1 7.16511E-1 6.71649E-1 6.01305E-1 5.959E-1 5.22457E-1 4.68789E-1 4.41811E-1 3.77795E-1 2.97365E-1 2.25428E-1 1.73121E-1 1.62712E-1 1.49903E-1 1.49484E-1 8.2618E-2 8.09121E-2 8.36501E-2 9.32858E-2 2.66384E-1 3.21098E-1 3.37803E-1 4.22004E-1 5.93287E-1 5.88404E-1 5.06564E-1 4.99077E-1 4.98974E-1 5.18309E-1 4.7691E-1 4.69069E-1 5.02154E-1 5.08796E-1 6.24912E-1 3.56065E-1 5.51444E-1 3.9649E-1 3.53099E-1 3.38834E-1 4.00938E-1 4.69644E-1 5.00058E-1 4.70053E-1 3.74572E-1 3.03672E-1 4.6783E-1 4.3005E-1 3.59001E-1 1.89056E-1 3.83634E-1 3.31462E-1 1.82099E-1 2.82397E-1 3.43555E-1 2.95254E-1
4.09935E-1 4.88115E-1 5.17943E-1 5.30049E-1 5.57023E-1 6.9121E-1 7.03581E-1 5.66191E-1 5.61474E-1 5.53492E-1 4.55629E-1 4.14522E-1 3.78008E-1 3.1772E-1 2.64952E-1 2.00132E-1 1.44256E-1 1.14202E-1 1.15196E-1 1.00136E-1 8.69511E-2 8.26362E-2 9.6269E-2 4.98739E-2 2.7249E-1 3.42093E-1 4.13792E-1 5.11956E-1 6.13701E-1 5.61482E-1 5.20627E-1 5.73723E-1 5.08754E-1 5.13382E-1 4.78144E-1 4.61836E-1 4.68089E-1 4.58508E-1 4.06281E-1 3.58687E-1 5.11123E-1 3.42267E-1 3.55609E-1 3.20368E-1 3.57896E-1 4.23545E-1 5.46823E-1 5.68123E-1 3.90533E-1 3.80755E-1 3.65933E-1 3.62344E-1 3.18498E-1 1.69891E-1 3.03265E-1 2.91868E-1 2.80493E-1 2.51533E-1 3.17228E-1 3.25444E-1
4.93457E-1 3.36796E-1 5.53185E-1 5.29854E-1 6.0846E-1 6.90191E-1 6.27451E-1 4.97461E-1 5.55712E-1 5.37478E-1 4.11777E-1 3.85953E-1 3.65274E-1 2.96068E-1 2.24241E-1 1.72406E-1 1.2206E-1 7.95295E-2 6.76275E-2 6.64844E-2 7.37481E-2 1.06459E-1 1.11713E-1 2.61944E-1 3.46706E-1 3.7258E-1 4.56242E-1 5.45441E-1 6.17081E-1 5.9915E-1 5.98533E-1 5.29006E-1 5.44596E-1 3.91486E-1 5.04503E-1 4.74609E-1 4.5702E-1 4.68487E-1 3.26249E-1 5.33195E-1 4.93447E-1 3.17896E-1 3.53068E-1 3.34066E-1 3.36782E-1 3.78484E-1 4.14195E-1 5.2698E-1 4.60476E-1 4.76642E-1 2.99705E-1 2.78636E-1 3.34933E-1 1.70422E-1 3.00088E-1 2.7615E-1 2.9618E-1 2.44571E-1 2.65256E-1 2.19736E-1
5.83289E-1 5.55916E-1 5.33303E-1 5.32135E-1 6.66127E-1 6.59677E-1 5.43323E-1 4.5715E-1 4.89923E-1 5.45533E-1 5.19433E-1 4.13935E-1 3.97419E-1 3.15243E-1 2.16569E-1 1.39967E-1 8.62768E-2 5.84245E-2 6.38242E-2 6.80132E-2 5.26287E-2 8.27625E-2 1.69633E-1 2.38039E-1 3.34917E-1 3.57727E-1 4.46774E-1 5.38244E-1 5.84887E-1 5.73961E-1 5.35459E-1 5.10695E-1 5.14272E-1 5.02218E-1 4.94619E-1 4.0987E-1 3.64254E-1 4.2563E-1 5.01361E-1 4.7292E-1 4.69753E-1 2.69955E-1 2.99211E-1 3.5692E-1 3.30102E-1 3.35971E-1 2.36166E-1 1.66706E-1 2.89227E-1 3.15361E-1 2.75383E-1 1.77034E-1 2.4902E-1 2.16703E-1 2.94028E-1 1.68676E-1 2.79546E-1 2.41281E-1 2.51807E-1 2.87348E-1
4.7054E-1 4.58406E-1 4.4232E-1 4.77191E-1 5.50165E-1 4.5847E-1 3.56639E-1 3.07212E-1 3.0186E-1 4.42423E-1 2.55305E-1 3.46563E-1 3.44239E-1 2.78106E-1 1.8078E-1 1.18064E-1 7.62936E-2 5.87365E-2 7.08066E-2 3.00245E-2 8.64374E-2 9.04536E-2 1.11396E-1 1.83752E-1 3.72775E-1 4.20779E-1 5.04145E-1 5.42372E-1 5.59016E-1 5.37557E-1 4.9589E-1 4.90309E-1 4.87106E-1 4.58742E-1 4.73131E-1 5.04737E-1 3.31977E-1 1.68974E-1 2.03034E-1 4.24483E-1 1.61389E-1 2.35333E-1 2.60587E-1 3.38502E-1 3.39171E-1 1.97934E-1 3.17504E-1 1.19589E-1 1.22397E-1 1.23383E-1 1.35966E-1 1.59985E-1 3.01347E-1 3.27492E-1 2.59372E-1 1.53924E-1 2.48981E-1 2.16454E-1 2.16401E-1 2.60405E-1
4.04962E-1 4.01544E-1 3.71915E-1 4.18409E-1 4.20178E-1 3.11013E-1 2.40509E-1 2.08968E-1 2.18174E-1 2.77461E-1 3.81789E-1 4.04644E-1 2.9608E-1 2.35778E-1 1.41092E-1 9.587E-2 6.37809E-2 5.61084E-2 4.7311E-2 7.31397E-2 8.90078E-2 1.10777E-1 1.45245E-1 1.83617E-1 3.13235E-1 4.19591E-1 5.05397E-1 5.52758E-1 6.15575E-1 5.77737E-1 5.18019E-1 4.80344E-1 4.70261E-1 4.62855E-1 1.51284E-1 2.93634E-1 2.79965E-1 2.34317E-1 1.83514E-1 1.91973E-1 1.75839E-1 1.25279E-1 2.72653E-1 2.66863E-1 2.99071E-1 2.8589E-1 2.4693E-1 2.55357E-1 2.03032E-1 1.0476E-1 8.7733E-2 8.66774E-2 1.20152E-1 1.71082E-1 7.49964E-2 2.22425E-1 2.1689E-1 1.76247E-1 1.78488E-1 1.97597E-1
3.49636E-1 3.26031E-1 3.02468E-1 3.5577E-1 2.94212E-1 2.36677E-1 1.73278E-1 1.39046E-1 1.3856E-1 1.56532E-1 9.70946E-2 2.38098E-1 1.73219E-1 1.3491E-1 7.21746E-2 7.72097E-2 5.75976E-2 7.2252E-2 7.49329E-2 8.28236E-2 1.08167E-1 1.41906E-1 1.89674E-1 2.31994E-1 3.06305E-1 4.15301E-1 4.92997E-1 5.19802E-1 6.69825E-1 5.36953E-1 5.37756E-1 5.21031E-1 5.07017E-1 2.52219E-1 4.87154E-1 3.38698E-1 2.09346E-1 1.65498E-1 1.81898E-1 1.97975E-1 1.62556E-1 1.69024E-1 1.61975E-1 1.9234E-1 2.02023E-1 2.61471E-1 1.84542E-1 1.60852E-1 1.3308E-1 1.69221E-1 7.86146E-2 7.94918E-2 9.62392E-2 1.0454E-1 1.49817E-1 8.07531E-2 1.77133E-1 1.48214E-1 1.72256E-1 1.9164E-1
3.2934E-1 2.68637E-1 2.96449E-1 1.09103E-1 9.63985E-2 8.86807E-2 6.29289E-2 6.17219E-2 9.12357E-2 1.01188E-1 4.15327E-2 1.18563E-1 8.96854E-2 7.83366E-2 8.57944E-2 6.99017E-2 5.13447E-2 5.22861E-2 7.20751E-2 8.83714E-2 1.15719E-1 1.57324E-1 2.12688E-1 2.66293E-1 3.12415E-1 3.42758E-1 4.27899E-1 4.47343E-1 7.05604E-1 4.71446E-1 4.92228E-1 4.07201E-1 3.46062E-1 4.68919E-1 2.2779E-1 2.02103E-1 3.41363E-1 1.72222E-1 1.81053E-1 2.05168E-1 1.95062E-1 1.47944E-1 1.59775E-1 1.19659E-1 1.0758E-1 2.09955E-1 1.60599E-1 1.48856E-1 1.48232E-1 1.52998E-1 1.33971E-1 1.00127E-1 7.65405E-2 8.13031E-2 9.89952E-2 4.52459E-2 1.65137E-1 1.69397E-1 1.81447E-1 1.6433E-1
3.14276E-1 2.53895E-1 2.50591E-1 1.91793E-1 7.41535E-2 5.90683E-2 1.3156E-1 1.37124E-1 1.08065E-1 3.91223E-2 4.00954E-2 1.19851E-1 8.63345E-2 5.94455E-2 7.05359E-2 7.07688E-2 4.69966E-2 8.68539E-2 7.76015E-2 9.98096E-2 1.2724E-1 2.32348E-1 3.24744E-1 3.26925E-1 3.66717E-1 3.67054E-1 4.04145E-1 4.72427E-1 7.07896E-1 5.182E-1 4.86755E-1 3.89102E-1 3.18051E-1 4.59672E-1 2.00633E-1 2.63973E-1 3.86583E-1 3.29537E-1 3.0795E-1 2.35993E-1 1.89962E-1 1.24442E-1 1.02043E-1 1.18083E-1 1.28976E-1 1.18092E-1 1.56476E-1 1.37579E-1 1.17035E-1 1.18055E-1 1.22383E-1 1.29369E-1 1.49473E-1 1.22182E-1 1.11469E-1 1.6024E-1 2.43343E-1 1.98831E-1 1.72244E-1 1.7682E-1
2.82478E-1 1.51343E-1 2.05259E-1 9.17745E-2 7.12097E-2 8.7588E-2 1.46165E-1 1.34984E-1 9.4938E-2 9.75061E-2 7.12287E-2 6.64218E-2 9.25146E-2 7.42994E-2 5.50851E-2 5.56674E-2 7.47301E-2 9.37173E-2 8.99187E-2 1.21974E-1 2.01927E-1 2.8392E-1 2.44179E-1 3.88906E-1 3.86225E-1 3.76172E-1 3.7397E-1 4.76586E-1 7.17765E-1 6.79189E-1 4.86963E-1 3.69694E-1 3.14517E-1 3.87484E-1 2.14424E-1 3.07263E-1 3.10101E-1 2.8977E-1 2.43815E-1 2.02509E-1 1.61877E-1 1.22485E-1 1.19425E-1 1.2326E-1 1.32352E-1 1.32921E-1 1.49111E-1 1.16405E-1 1.19353E-1 1.28078E-1 1.38161E-1 1.37704E-1 1.34119E-1 1.54312E-1 1.54915E-1 1.67025E-1 1.29861E-1 1.77246E-1 1.52636E-1 1.54583E-1
2.08762E-1 1.36246E-1 8.38453E-2 7.87311E-2 7.04855E-2 1.08023E-1 7.29109E-2 1.32311E-1 7.73173E-2 4.01537E-2 4.91942E-2 5.21394E-2 5.42997E-2 5.58179E-2 5.83954E-2 6.75898E-2 6.8571E-2 5.45707E-2 9.12759E-2 6.84482E-2 1.82517E-1 2.09207E-1 3.58061E-1 3.52815E-1 3.23391E-1 3.32109E-1 3.32842E-1 4.15025E-1 5.97845E-1 6.3367E-1 4.87206E-1 3.80922E-1 3.08069E-1 3.45569E-1 1.86005E-1 2.78282E-1 2.6787E-1 2.57457E-1 2.1357E-1 1.58534E-1 1.29181E-1 1.02929E-1 8.92224E-2 8.87036E-2 4.9841E-2 4.8034E-2 1.05669E-1 1.25444E-1 1.32055E-1 1.48844E-1 1.60088E-1 1.52338E-1 1.44572E-1 1.45513E-1 1.50594E-1 1.40216E-1 8.9806E-2 1.37172E-1 1.36218E-1 1.42592E-1
9.84844E-2 1.05063E-1 8.23538E-2 7.40882E-2 8.51811E-2 1.29607E-1 1.37522E-1 1.0806E-1 7.9021E-2 6.08079E-2 4.73647E-2 4.44367E-2 4.40337E-2 4.54185E-2 5.36591E-2 6.27263E-2 3.2126E-2 7.84941E-2 1.07843E-1 1.74075E-1 2.79767E-1 3.31192E-1 3.30458E-1 3.37521E-1 3.52254E-1 3.99004E-1 3.16834E-1 3.50627E-1 4.68722E-1 6.01047E-1 4.63305E-1 3.86373E-1 2.84121E-1 3.29649E-1 2.4436E-1 2.57154E-1 2.34874E-1 2.31932E-1 2.13443E-1 1.5712E-1 1.0543E-1 8.20079E-2 7.40985E-2 5.05291E-2 7.11337E-2 5.60581E-2 1.11917E-1 1.39699E-1 1.52692E-1 1.67978E-1 1.93013E-1 1.77334E-1 1.52882E-1 1.44322E-1 7.08311E-2 1.53433E-1 1.38632E-1 8.16995E-2 1.43942E-1 1.40561E-1
3.89364E-2 1.2231E-1 8.76495E-2 7.76952E-2 1.05264E-1 1.29238E-1 6.03809E-2 1.38613E-1 1.24643E-1 8.99026E-2 7.1733E-2 5.32369E-2 3.52331E-2 3.69248E-2 4.39801E-2 5.51736E-2 9.58738E-2 1.05077E-1 1.21809E-1 1.60383E-1 2.16524E-1 2.68194E-1 2.91965E-1 4.02006E-1 3.83943E-1 2.28946E-1 1.8551E-1 2.1275E-1 4.16695E-1 6.13616E-1 5.23013E-1 4.03908E-1 3.3329E-1 2.98302E-1 2.66375E-1 2.19757E-1 1.83261E-1 1.75556E-1 1.59651E-1 1.65451E-1 6.28849E-2 9.38615E-2 6.40906E-2 6.61513E-2 6.44431E-2 1.01799E-1 1.48821E-1 1.50385E-1 1.85998E-1 1.85937E-1 2.16713E-1 2.39328E-1 1.97259E-1 7.92853E-2 1.55103E-1 8.48545E-2 8.34406E-2 1.3042E-1 5.6328E-2 1.55297E-1
1.57678E-1 1.25093E-1 1.21058E-1 1.01967E-1 9.09543E-2 1.20535E-1 8.98996E-2 1.06666E-1 6.66313E-2 5.83856E-2 4.34079E-2 3.42894E-2 3.101E-2 3.53639E-2 4.32875E-2 9.66039E-2 9.49242E-2 1.04664E-1 1.15628E-1 1.36253E-1 1.90146E-1 2.60881E-1 2.95463E-1 1.81992E-1 2.75726E-1 1.43048E-1 1.24822E-1 1.60118E-1 3.87058E-1 5.15447E-1 4.32768E-1 3.6662E-1 3.06033E-1 2.57356E-1 2.16773E-1 1.77964E-1 1.61262E-1 1.50341E-1 1.23993E-1 9.98304E-2 1.03259E-1 1.04883E-1 2.69157E-2 6.35191E-2 7.34392E-2 1.04645E-1 1.37329E-1 1.57811E-1 2.03663E-1 1.94292E-1 1.12312E-1 1.47938E-1 1.21497E-1 1.30807E-1 1.55669E-1 1.60407E-1 1.06269E-1 9.93397E-2 1.499E-1 6.13424E-2
1.2069E-1 8.9007E-2 8.91812E-2 9.71893E-2 6.62709E-2 6.92435E-2 7.28039E-2 6.01292E-2 4.80665E-2 4.13067E-2 3.43034E-2 3.07821E-2 3.72258E-2 6.09707E-2 1.0602E-1 1.03623E-1 1.45743E-1 1.56409E-1 1.68912E-1 1.64739E-1 1.92835E-1 2.9711E-1 3.87197E-1 2.90531E-1 2.01369E-1 1.51597E-1 1.87476E-1 2.45646E-1 3.74567E-1 4.5898E-1 4.05854E-1 3.75159E-1 3.10182E-1 1.88319E-1 1.80082E-1 1.47477E-1 1.38125E-1 1.3177E-1 1.13315E-1 8.25018E-2 7.33151E-2 8.89404E-2 5.51283E-2 9.34923E-2 8.62374E-2 1.11636E-1 1.44023E-1 1.82829E-1 2.3934E-1 2.08017E-1 1.57926E-1 1.67483E-1 6.78606E-2 1.60629E-1 1.46572E-1 1.42075E-1 1.39354E-1 1.499E-1 7.96294E-2 1.32084E-1
1.01947E-1 8.49422E-2 7.21185E-2 1.17378E-1 8.17466E-2 6.10146E-2 4.87123E-2 4.04811E-2 4.09788E-2 3.92929E-2 3.50706E-2 4.05668E-2 7.20344E-2 1.12443E-1 1.76367E-1 1.14774E-1 1.88548E-1 2.067E-1 2.38399E-1 2.4579E-1 2.92387E-1 2.32461E-1 2.90387E-1 2.05588E-1 1.49169E-1 1.60266E-1 2.46556E-1 2.79224E-1 4.38286E-1 4.24445E-1 2.95805E-1 2.4377E-1 2.07354E-1 2.34086E-1 1.47509E-1 1.24989E-1 1.09711E-1 1.01054E-1 9.5615E-2 8.31562E-2 7.16755E-2 6.7881E-2 1.29008E-1 1.4586E-1 9.12791E-2 1.19712E-1 1.54769E-1 2.13557E-1 2.58005E-1 2.06522E-1 1.53608E-1 1.56901E-1 4.28529E-2 1.47222E-1 1.18448E-1 9.68341E-2 8.86753E-2 1.44896E-1 6.79632E-2 8.33175E-2
9.7717E-2 8.58759E-2 4.10597E-2 7.34489E-2 5.39816E-2 4.45203E-2 3.84802E-2 3.19083E-2 3.32877E-2 3.35757E-2 3.89381E-2 7.59095E-2 5.33618E-2 1.14548E-1 1.89386E-1 2.27811E-1 2.56168E-1 2.74705E-1 2.6649E-1 3.09878E-1 1.18268E-1 2.52417E-1 1.28637E-1 1.25709E-1 1.76294E-1 3.135E-1 3.2244E-1 4.12373E-1 5.6405E-1 4.59661E-1 4.02762E-1 3.31386E-1 2.64233E-1 2.75415E-1 1.78309E-1 1.5295E-1 1.11507E-1 1.03817E-1 1.05037E-1 9.28535E-2 8.50328E-2 8.19421E-2 1.59852E-1 1.11382E-1 9.8536E-2 1.25048E-1 1.79298E-1 2.80506E-1 2.30735E-1 1.81943E-1 1.66466E-1 1.87135E-1 6.95377E-2 1.47907E-1 1.1651E-1 1.01475E-1 9.52526E-2 1.50544E-1 9.01321E-2 9.08795E-2
8.68249E-2 3.58588E-2 5.7506E-2 4.91353E-2 4.37433E-2 3.61977E-2 3.6346E-2 3.83093E-2 4.32841E-2 4.84362E-2 8.32933E-2 1.23264E-1 1.32824E-1 1.8507E-1 2.67032E-1 3.36503E-1 3.65827E-1 3.68915E-1 3.30264E-1 3.78332E-1 3.04998E-1 1.62046E-1 1.481E-1 1.87111E-1 2.94105E-1 3.91785E-1 4.45942E-1 5.63198E-1 6.42629E-1 5.12422E-1 4.11668E-1 3.34174E-1 2.72915E-1 2.10848E-1 3.0742E-1 1.28941E-1 1.98704E-1 1.09445E-1 1.25717E-1 1.13007E-1 9.88171E-2 1.00165E-1 1.10338E-1 1.17866E-1 8.37119E-2 1.59614E-1 2.81372E-1 3.37017E-1 2.16039E-1 1.80454E-1 1.72911E-1 2.28985E-1 2.01078E-1 1.72714E-1 1.52202E-1 1.38522E-1 1.45125E-1 1.36035E-1 1.17558E-1 1.04202E-1
1.00171E-1 7.7305E-2 6.13597E-2 5.33608E-2 5.24351E-2 4.88265E-2 4.4305E-2 4.63381E-2 5.60074E-2 7.18531E-2 1.07224E-1 1.63302E-1 2.05832E-1 2.72446E-1 3.66908E-1 4.1754E-1 4.81762E-1 4.69159E-1 4.06164E-1 3.96628E-1 3.4267E-1 1.781E-1 1.71186E-1 2.43411E-1 3.60771E-1 4.68488E-1 5.5049E-1 6.99295E-1 7.22043E-1 5.86172E-1 4.78826E-1 3.66402E-1 3.07276E-1 2.42832E-1 1.94638E-1 2.64243E-1 2.19709E-1 2.13334E-1 1.41388E-1 1.46074E-1 1.13632E-1 1.21791E-1 1.43854E-1 1.69845E-1 1.07127E-1 2.45404E-1 3.46879E-1 3.38384E-1 2.48127E-1 2.24274E-1 1.88506E-1 2.91591E-1 2.93624E-1 2.13477E-1 1.93894E-1 1.63387E-1 1.38102E-1 1.15261E-1 8.93557E-2 8.83425E-2
1.36823E-1 1.28481E-1 1.04615E-1 8.53746E-2 7.63122E-2 5.61671E-2 4.62072E-2 4.14267E-2 5.33095E-2 8.44039E-2 1.23666E-1 1.81475E-1 2.63594E-1 3.46863E-1 3.59437E-1 4.60822E-1 5.18519E-1 5.17019E-1 4.75238E-1 2.20506E-1 3.515E-1 2.58875E-1 2.54929E-1 3.47124E-1 4.29522E-1 5.29327E-1 5.91215E-1 7.13896E-1 7.95086E-1 7.30653E-1 5.61598E-1 4.2518E-1 3.51585E-1 3.01516E-1 2.64376E-1 2.25227E-1 2.45576E-1 1.8758E-1 1.08727E-1 1.85987E-1 1.45423E-1 1.33729E-1 1.41234E-1 1.56405E-1 1.09619E-1 3.07538E-1 3.65369E-1 3.11319E-1 2.73544E-1 2.63393E-1 2.19607E-1 3.56163E-1 3.4089E-1 2.1796E-1 2.10959E-1 1.72283E-1 1.39834E-1 1.13519E-1 9.25891E-2 7.71022E-2
1.72209E-1 1.73312E-1 1.41285E-1 1.09328E-1 8.07307E-2 6.18827E-2 5.0222E-2 3.92847E-2 5.96705E-2 9.73765E-2 1.41927E-1 2.11982E-1 2.96639E-1 3.94814E-1 4.65917E-1 5.14009E-1 5.59379E-1 5.68284E-1 5.48295E-1 2.9389E-1 3.91026E-1 3.26122E-1 3.49243E-1 4.50555E-1 5.31316E-1 5.70659E-1 6.43414E-1 6.88543E-1 7.8773E-1 7.68837E-1 7.12398E-1 4.79587E-1 4.05357E-1 3.43149E-1 2.92485E-1 2.51688E-1 2.13313E-1 2.10774E-1 1.81981E-1 1.90884E-1 2.09617E-1 1.37833E-1 1.43478E-1 1.61337E-1 1.75146E-1 2.59023E-1 2.93512E-1 2.66913E-1 1.55831E-1 2.98623E-1 3.06699E-1 1.8443E-1 1.55269E-1 2.42324E-1 2.20233E-1 1.67189E-1 1.38019E-1 1.16915E-1 9.79222E-2 8.25178E-2
2.00759E-1 2.19612E-1 1.81886E-1 1.30759E-1 9.23726E-2 6.33751E-2 5.10387E-2 4.01468E-2 6.16778E-2 1.06095E-1 1.50549E-1 2.27786E-1 3.19304E-1 4.01687E-1 4.82259E-1 5.36501E-1 5.81509E-1 5.98593E-1 5.72856E-1 3.84388E-1 4.32489E-1 4.11059E-1 4.84048E-1 5.51472E-1 6.20476E-1 6.32827E-1 6.59515E-1 6.79207E-1 7.12771E-1 7.95879E-1 7.36971E-1 6.50746E-1 4.96472E-1 4.11177E-1 3.42546E-1 2.99215E-1 2.98064E-1 2.89268E-1 2.49692E-1 1.19015E-1 2.06526E-1 2.15301E-1 1.67383E-1 1.76531E-1 1.76823E-1 1.04771E-1 1.91143E-1 2.65622E-1 2.72997E-1 2.8693E-1 3.59462E-1 1.84258E-1 1.61961E-1 2.51089E-1 2.29326E-1 1.83922E-1 1.51189E-1 1.25078E-1 9.9708E-2 8.83746E-2
2.65738E-1 3.8581E-1 2.68444E-1 1.73988E-1 1.24112E-1 8.60557E-2 5.74476E-2 4.37279E-2 6.88241E-2 1.20107E-1 1.54685E-1 2.36245E-1 3.29731E-1 4.10044E-1 4.90601E-1 5.686E-1 6.2635E-1 6.33529E-1 6.39131E-1 4.86766E-1 4.55488E-1 4.35831E-1 5.00513E-1 5.78104E-1 6.39021E-1 6.84534E-1 6.80359E-1 6.72863E-1 6.87395E-1 7.09585E-1 7.81686E-1 5.15975E-1 4.63323E-1 4.93102E-1 2.45087E-1 3.15046E-1 3.27389E-1 2.43229E-1 1.98869E-1 2.22293E-1 1.34063E-1 2.22767E-1 1.76122E-1 1.83019E-1 1.92805E-1 2.15697E-1 2.05283E-1 2.43054E-1 2.5301E-1 2.5329E-1 3.80679E-1 2.5995E-1 4.23307E-1 3.96668E-1 3.25023E-1 1.05536E-1 4.22023E-2 9.21454E-2 5.80368E-2 2.70427E-2
5.69336E-1 3.27438E-1 4.36655E-1 2.69424E-1 1.74388E-1 1.13245E-1 7.11467E-2 4.84119E-2 7.8571E-2 1.24889E-1 1.59792E-1 2.30549E-1 3.27121E-1 4.06309E-1 4.86676E-1 5.75498E-1 6.13278E-1 5.51225E-1 4.51469E-1 5.32952E-1 4.29517E-1 4.07139E-1 4.61464E-1 5.50957E-1 5.796E-1 6.77237E-1 7.14586E-1 6.70451E-1 6.79221E-1 5.97002E-1 6.51924E-1 4.84705E-1 4.87354E-1 4.64483E-1 3.66827E-1 2.93409E-1 1.77718E-1 1.31406E-1 1.13637E-1 9.41797E-2 9.51669E-2 1.26302E-1 1.88236E-1 1.3119E-1 5.7851E-2 1.29318E-1 1.81216E-1 2.19031E-1 2.3531E-1 2.41882E-1 2.0925E-1 2.69773E-1 3.42615E-1 3.03984E-1 3.10188E-1 1.45239E-1 1.5556E-1 1.11625E-1 6.83789E-2 7.30869E-2
