Phytophthora/models/20240506_1445_31/Phytophthora_PA3_RUN7_MAXENT_outputs/Phytophthora_PA3_RUN7.asc
ncols         225
nrows         269
xllcorner     473009.9838
yllcorner     4429051.1748
cellsize      50.0
NODATA_value  -9999
[rows 234 to 259 of 269, columns 120 to 179 of 225]
2.19083E-1 2.22634E-1 1.99606E-1 1.83092E-1 1.73221E-1 1.76811E-1 1.46027E-1 1.28757E-1 1.35496E-1 3.02416E-1 3.31336E-1 4.15261E-1 3.3733E-1 3.59204E-1 3.80776E-1 4.05472E-1 4.47276E-1 4.14964E-1 4.12778E-1 2.26377E-1 5.31135E-1 5.39733E-1 5.28314E-1 4.84555E-1 4.48657E-1 4.43929E-1 4.31448E-1 4.16131E-1 3.90607E-1 3.33878E-1 2.18365E-1 1.85075E-1 2.10707E-1 2.66157E-1 3.26486E-1 4.57143E-1 4.90755E-1 2.80811E-1 3.46579E-1 3.39423E-1 3.3081E-1 3.40138E-1 2.16553E-1 2.74799E-1 9.99854E-2 2.0157E-1 1.84769E-1 1.61299E-1 1.89364E-1 2.09296E-1 2.53428E-1 3.27986E-1 4.70767E-1 5.61637E-1 5.15359E-1 5.62192E-1 5.44066E-1 4.97309E-1 4.64661E-1 4.42794E-1
2.46084E-1 2.67726E-1 2.59131E-1 2.25621E-1 2.03782E-1 1.88012E-1 1.8452E-1 1.88256E-1 1.81678E-1 3.45978E-1 3.88662E-1 4.5881E-1 3.84707E-1 3.43734E-1 3.62844E-1 4.07952E-1 4.25129E-1 3.91866E-1 4.02132E-1 4.17257E-1 4.72588E-1 4.82666E-1 4.90038E-1 4.8348E-1 4.95063E-1 5.09297E-1 4.93107E-1 4.63777E-1 4.30943E-1 3.1893E-1 2.46368E-1 2.35698E-1 2.11217E-1 2.69742E-1 3.33567E-1 3.96772E-1 4.47563E-1 3.54669E-1 3.41001E-1 3.47618E-1 3.22198E-1 3.59055E-1 3.63135E-1 2.75683E-1 1.20537E-1 1.31202E-1 1.78668E-1 1.65846E-1 1.87788E-1 2.09825E-1 2.71377E-1 3.80513E-1 4.77391E-1 5.33056E-1 4.59076E-1 5.62049E-1 5.51556E-1 4.88076E-1 4.48291E-1 4.30172E-1
2.76726E-1 2.95013E-1 2.98874E-1 2.65324E-1 2.37958E-1 2.23798E-1 2.54055E-1 2.75863E-1 2.54107E-1 4.15838E-1 4.43447E-1 5.03414E-1 4.29207E-1 3.80628E-1 3.53041E-1 3.56566E-1 3.61947E-1 3.76428E-1 3.6711E-1 3.58718E-1 5.21551E-1 5.32808E-1 5.42892E-1 5.11421E-1 4.93375E-1 5.57112E-1 5.41467E-1 5.09688E-1 4.90444E-1 3.83816E-1 3.26545E-1 2.7461E-1 2.3466E-1 3.70653E-1 3.82423E-1 3.74015E-1 3.20573E-1 3.2173E-1 1.93001E-1 2.54473E-1 3.50264E-1 3.61717E-1 3.26912E-1 2.71754E-1 2.74564E-1 2.95116E-1 2.02592E-1 1.83826E-1 2.05444E-1 2.64534E-1 3.63349E-1 4.61663E-1 4.87171E-1 5.05636E-1 4.29912E-1 6.05986E-1 5.64906E-1 4.97975E-1 4.56059E-1 4.41345E-1
2.74258E-1 3.19694E-1 3.0869E-1 1.83035E-1 1.35863E-1 1.82961E-1 2.94033E-1 3.56976E-1 3.45842E-1 4.93528E-1 4.87468E-1 5.4989E-1 4.56605E-1 4.22357E-1 4.00351E-1 3.81966E-1 3.61177E-1 3.77022E-1 3.92833E-1 3.23876E-1 4.98381E-1 5.28806E-1 4.66807E-1 4.54508E-1 5.86709E-1 6.02735E-1 5.89443E-1 5.71305E-1 5.61842E-1 4.38339E-1 3.6717E-1 3.00911E-1 3.21159E-1 4.09124E-1 4.01617E-1 4.26733E-1 2.86827E-1 3.47371E-1 3.7735E-1 3.79243E-1 3.69965E-1 3.83434E-1 3.31625E-1 2.6903E-1 2.32286E-1 1.74749E-1 2.10647E-1 1.85719E-1 2.29852E-1 3.31989E-1 4.39142E-1 5.73344E-1 6.29879E-1 6.08876E-1 6.49845E-1 6.41534E-1 5.99169E-1 5.42302E-1 4.8583E-1 4.51811E-1
4.76256E-1 4.56655E-1 3.45214E-1 2.91842E-1 2.65917E-1 2.84101E-1 3.14645E-1 2.89045E-1 3.17667E-1 5.34262E-1 5.30208E-1 6.2435E-1 5.30693E-1 4.98896E-1 4.82632E-1 4.58158E-1 4.34719E-1 4.07104E-1 4.04997E-1 3.68521E-1 4.48197E-1 4.54027E-1 4.06102E-1 4.60082E-1 5.973E-1 6.24431E-1 6.30544E-1 6.29752E-1 6.25451E-1 4.97383E-1 4.0659E-1 3.653E-1 4.89617E-1 4.75296E-1 4.75665E-1 2.43432E-1 2.99787E-1 2.84789E-1 3.65027E-1 3.54472E-1 3.82774E-1 3.46667E-1 2.95673E-1 2.19995E-1 8.78839E-2 1.70421E-1 1.78522E-1 2.00131E-1 3.05265E-1 4.395E-1 5.79408E-1 6.53193E-1 5.81339E-1 6.04857E-1 6.0976E-1 6.14282E-1 6.14471E-1 5.74715E-1 5.16456E-1 4.54829E-1
4.34295E-1 3.18861E-1 2.60785E-1 2.66691E-1 2.90972E-1 3.01564E-1 3.17132E-1 3.78212E-1 3.8079E-1 5.28724E-1 4.64102E-1 6.73348E-1 5.77944E-1 5.66497E-1 5.51703E-1 5.31317E-1 5.08973E-1 4.7441E-1 4.38676E-1 3.64128E-1 4.08399E-1 3.86449E-1 4.14111E-1 4.69722E-1 5.88187E-1 6.23122E-1 6.39436E-1 6.77002E-1 6.03669E-1 5.04009E-1 4.43996E-1 4.82333E-1 3.41038E-1 4.9919E-1 3.93749E-1 3.45406E-1 3.14056E-1 4.00105E-1 3.4637E-1 3.2815E-1 3.40431E-1 3.06371E-1 2.47627E-1 1.31694E-1 1.51959E-1 1.94998E-1 2.34532E-1 3.08012E-1 4.10434E-1 4.99244E-1 5.57622E-1 5.95112E-1 4.31649E-1 6.30582E-1 3.56667E-1 5.82873E-1 6.10087E-1 5.87883E-1 5.44403E-1 4.82736E-1
3.85492E-1 3.24447E-1 2.99789E-1 3.40141E-1 3.4687E-1 3.31751E-1 2.92724E-1 3.90595E-1 4.93601E-1 5.10903E-1 5.95846E-1 6.25414E-1 6.00773E-1 6.09275E-1 5.80461E-1 5.49786E-1 5.16717E-1 4.73619E-1 4.54785E-1 4.08632E-1 3.93137E-1 3.79894E-1 4.35112E-1 5.27192E-1 5.62074E-1 5.96976E-1 6.47949E-1 6.68239E-1 5.49147E-1 4.24334E-1 3.94289E-1 5.99607E-1 5.37371E-1 5.37354E-1 3.78485E-1 3.80937E-1 4.1115E-1 4.07068E-1 3.90488E-1 3.52029E-1 3.27005E-1 2.80422E-1 2.21512E-1 8.58006E-2 1.75482E-1 2.25855E-1 2.70789E-1 3.49322E-1 4.41412E-1 5.16665E-1 4.66523E-1 5.04541E-1 3.53519E-1 4.954E-1 4.98571E-1 5.48498E-1 5.74097E-1 5.87416E-1 5.51241E-1 5.13681E-1
4.62771E-1 4.4461E-1 4.44659E-1 4.43237E-1 4.11548E-1 3.26504E-1 3.62618E-1 3.82007E-1 5.09198E-1 5.06896E-1 6.28022E-1 6.21296E-1 6.36654E-1 6.56681E-1 6.44169E-1 5.51522E-1 5.12935E-1 4.67402E-1 4.35873E-1 4.51327E-1 2.4358E-1 4.0396E-1 4.43471E-1 4.7444E-1 4.98849E-1 5.79284E-1 6.34165E-1 5.18417E-1 5.48112E-1 5.15756E-1 4.82473E-1 6.2334E-1 5.63351E-1 5.79501E-1 4.54262E-1 4.28392E-1 4.78261E-1 5.35139E-1 4.7655E-1 3.70395E-1 2.81345E-1 2.3609E-1 1.84856E-1 8.88409E-2 2.04698E-1 2.00937E-1 2.76451E-1 3.77369E-1 4.0212E-1 3.88904E-1 4.1534E-1 2.65654E-1 4.35544E-1 4.58727E-1 5.18985E-1 5.74876E-1 5.44397E-1 6.00602E-1 5.6455E-1 5.39427E-1
5.54137E-1 5.48453E-1 5.85847E-1 5.35831E-1 3.96788E-1 4.27803E-1 3.94246E-1 3.99618E-1 5.33754E-1 5.0364E-1 6.60054E-1 6.26869E-1 6.45888E-1 6.26267E-1 6.13771E-1 5.76008E-1 5.27408E-1 4.75381E-1 4.16169E-1 4.47675E-1 2.90367E-1 3.91923E-1 3.83642E-1 3.97724E-1 4.87956E-1 5.45021E-1 4.13673E-1 5.07159E-1 5.55307E-1 5.56909E-1 5.17161E-1 5.69344E-1 5.40162E-1 4.37553E-1 5.17621E-1 4.89377E-1 5.19795E-1 5.59097E-1 4.92202E-1 3.92137E-1 2.71319E-1 1.96789E-1 1.55716E-1 9.86727E-2 1.73369E-1 1.4428E-1 2.17354E-1 2.73083E-1 3.17883E-1 3.46345E-1 3.38617E-1 3.41221E-1 2.43136E-1 4.47926E-1 4.77789E-1 4.78253E-1 5.09306E-1 5.82042E-1 5.75948E-1 5.02772E-1
4.25987E-1 4.88818E-1 5.10105E-1 4.53984E-1 4.57424E-1 4.67239E-1 3.74223E-1 3.61519E-1 5.56032E-1 4.79482E-1 6.48668E-1 6.01776E-1 5.99922E-1 5.98185E-1 5.93348E-1 5.65161E-1 5.29309E-1 4.833E-1 4.09877E-1 4.36803E-1 2.48625E-1 3.42074E-1 1.93733E-1 3.97833E-1 4.55249E-1 3.30441E-1 4.47631E-1 4.90325E-1 5.46536E-1 5.39608E-1 4.77211E-1 5.35663E-1 5.61618E-1 5.93007E-1 4.72395E-1 4.56932E-1 4.67695E-1 5.11574E-1 4.71666E-1 3.63384E-1 2.53528E-1 1.73471E-1 1.17906E-1 9.59174E-2 1.6525E-1 1.3657E-1 2.16992E-1 3.40414E-1 3.85717E-1 3.07953E-1 3.06312E-1 3.92124E-1 4.16142E-1 4.50342E-1 4.7017E-1 4.92778E-1 4.77472E-1 4.75865E-1 4.95948E-1 3.83141E-1
4.07985E-1 4.4194E-1 4.54633E-1 4.32653E-1 3.62727E-1 4.52683E-1 3.93188E-1 3.7776E-1 5.76871E-1 4.50167E-1 6.31174E-1 5.42812E-1 5.76513E-1 5.75615E-1 5.76434E-1 5.47033E-1 5.11236E-1 4.72021E-1 4.23967E-1 4.14791E-1 1.21138E-1 1.40167E-1 3.30439E-1 2.76535E-1 2.68821E-1 3.31293E-1 4.06691E-1 5.38117E-1 5.53742E-1 4.90264E-1 4.21094E-1 4.54007E-1 5.06211E-1 5.60996E-1 4.37005E-1 4.25625E-1 4.32747E-1 4.9001E-1 4.56468E-1 3.61772E-1 2.71533E-1 1.88717E-1 1.14463E-1 1.68989E-1 1.95122E-1 2.18303E-1 2.32533E-1 2.73092E-1 3.32879E-1 3.63133E-1 4.33893E-1 4.4422E-1 4.6103E-1 4.99073E-1 5.1171E-1 4.70674E-1 4.6009E-1 4.83246E-1 4.13955E-1 2.81834E-1
3.42318E-1 3.96161E-1 4.31314E-1 4.27432E-1 3.58365E-1 4.29346E-1 3.79455E-1 3.57938E-1 4.47078E-1 3.8465E-1 5.98105E-1 5.09282E-1 5.44692E-1 5.36899E-1 5.47172E-1 5.15704E-1 4.74541E-1 4.22018E-1 3.61238E-1 2.06938E-1 2.93297E-1 2.87506E-1 2.02202E-1 2.11044E-1 2.67102E-1 3.40424E-1 4.65811E-1 5.40946E-1 4.82838E-1 4.16303E-1 3.7072E-1 3.60927E-1 4.71195E-1 5.16079E-1 3.99619E-1 3.9491E-1 4.14097E-1 4.53006E-1 4.01513E-1 3.27804E-1 2.68653E-1 2.43347E-1 1.9296E-1 6.27456E-2 2.38602E-1 2.53127E-1 2.53364E-1 2.3254E-1 2.61772E-1 3.42103E-1 3.74733E-1 3.87656E-1 3.59692E-1 4.12282E-1 4.06399E-1 3.92999E-1 4.10406E-1 4.37972E-1 4.17116E-1 3.15751E-1
3.00229E-1 3.96626E-1 4.22738E-1 4.04077E-1 4.05565E-1 3.78237E-1 3.63904E-1 3.59969E-1 4.35457E-1 3.28329E-1 5.73285E-1 4.3923E-1 4.97927E-1 4.98972E-1 5.24667E-1 5.11917E-1 4.75884E-1 4.48468E-1 3.86992E-1 1.33069E-1 1.55465E-1 1.62715E-1 1.67905E-1 2.20799E-1 2.89211E-1 3.85273E-1 5.13297E-1 4.91561E-1 4.12706E-1 3.63594E-1 3.19949E-1 3.08188E-1 4.31527E-1 4.51757E-1 3.75693E-1 3.51491E-1 3.79526E-1 3.63099E-1 3.51992E-1 3.33168E-1 2.66859E-1 2.45058E-1 2.54871E-1 1.84242E-1 2.12186E-1 3.12521E-1 1.70827E-1 1.41334E-1 1.66668E-1 2.44542E-1 2.47476E-1 2.50689E-1 2.64722E-1 3.03608E-1 3.19968E-1 3.34994E-1 3.60061E-1 3.86548E-1 3.66852E-1 3.48253E-1
3.23814E-1 4.02045E-1 4.56692E-1 3.7051E-1 3.32179E-1 3.22573E-1 3.23576E-1 3.3109E-1 5.08794E-1 2.93177E-1 5.53404E-1 3.89042E-1 4.4554E-1 4.61492E-1 4.68259E-1 4.6785E-1 4.45581E-1 4.12606E-1 3.81148E-1 1.23754E-1 1.67622E-1 1.65781E-1 1.79467E-1 2.24111E-1 3.21066E-1 4.31555E-1 4.64882E-1 3.92308E-1 3.5693E-1 3.069E-1 2.74071E-1 2.5644E-1 3.93944E-1 3.88576E-1 3.52291E-1 2.99919E-1 4.14329E-1 4.14341E-1 3.33514E-1 3.11838E-1 2.78466E-1 2.19283E-1 2.18234E-1 2.52408E-1 3.25108E-1 3.00926E-1 1.82849E-1 1.54353E-1 1.28654E-1 1.42247E-1 1.9269E-1 2.42362E-1 2.42339E-1 2.76369E-1 3.05365E-1 3.23191E-1 3.88334E-1 4.18299E-1 3.17701E-1 2.5587E-1
4.13881E-1 4.7571E-1 4.76221E-1 3.06727E-1 2.72154E-1 3.04228E-1 2.58931E-1 2.60859E-1 4.09208E-1 2.21134E-1 5.21454E-1 3.74309E-1 4.19379E-1 4.61953E-1 4.77333E-1 4.77273E-1 4.71288E-1 4.27782E-1 3.93452E-1 1.56887E-1 2.30972E-1 1.9539E-1 1.9938E-1 2.49081E-1 4.12808E-1 4.87384E-1 4.47964E-1 4.0812E-1 3.49883E-1 2.97012E-1 2.60057E-1 2.40893E-1 3.83562E-1 3.64012E-1 3.39821E-1 3.06343E-1 4.13827E-1 4.47053E-1 3.4991E-1 3.18547E-1 2.84145E-1 2.38683E-1 2.38598E-1 2.6321E-1 2.42792E-1 1.83074E-1 1.76738E-1 1.46338E-1 1.46585E-1 1.60137E-1 2.15057E-1 2.45076E-1 2.04733E-1 2.33243E-1 2.61972E-1 2.90157E-1 3.8169E-1 3.73435E-1 2.72901E-1 2.35713E-1
5.78643E-1 5.07754E-1 3.75667E-1 2.35194E-1 2.64631E-1 2.45906E-1 2.23112E-1 2.70685E-1 2.66444E-1 2.32161E-1 3.76744E-1 3.55631E-1 4.14257E-1 4.28406E-1 4.51316E-1 4.5424E-1 4.53701E-1 4.26352E-1 3.61604E-1 3.66973E-1 2.58959E-1 1.97982E-1 2.12773E-1 3.00363E-1 4.54083E-1 5.03656E-1 4.30209E-1 4.23053E-1 3.524E-1 2.86433E-1 2.4674E-1 2.37826E-1 3.52165E-1 3.85826E-1 3.4806E-1 3.19326E-1 3.85727E-1 4.47885E-1 3.47462E-1 3.13609E-1 2.5579E-1 2.44171E-1 2.69809E-1 3.21292E-1 3.99147E-1 3.05976E-1 1.94762E-1 1.61541E-1 1.71821E-1 2.00851E-1 2.19697E-1 1.98688E-1 1.69242E-1 1.96936E-1 2.31445E-1 2.67851E-1 3.0039E-1 2.80347E-1 2.20819E-1 -9999
5.77394E-1 4.99008E-1 3.12963E-1 2.56574E-1 2.3857E-1 2.10905E-1 2.0162E-1 3.15215E-1 6.00981E-2 3.1752E-1 3.0287E-1 3.49772E-1 4.09411E-1 4.08609E-1 4.38381E-1 4.52482E-1 4.32649E-1 4.05085E-1 3.76922E-1 3.27023E-1 8.0312E-2 2.40887E-1 2.91852E-1 3.94057E-1 4.68023E-1 4.79981E-1 4.62213E-1 4.68822E-1 3.61173E-1 3.02995E-1 2.59406E-1 3.26842E-1 3.25288E-1 4.38075E-1 3.17331E-1 3.08853E-1 3.32051E-1 4.22869E-1 3.5367E-1 2.62755E-1 2.93285E-1 2.47795E-1 2.68197E-1 2.9606E-1 2.95321E-1 2.23771E-1 1.61531E-1 1.69113E-1 1.86564E-1 2.29208E-1 -9999 -9999 -9999 1.76187E-1 2.13899E-1 2.23557E-1 2.47319E-1 2.19585E-1 -9999 -9999
5.6335E-1 3.81496E-1 3.35027E-1 2.96615E-1 2.61035E-1 2.33173E-1 3.62512E-1 8.60628E-2 2.21093E-1 2.15212E-1 2.61435E-1 3.42016E-1 4.1848E-1 4.14696E-1 4.12703E-1 4.45207E-1 4.23248E-1 3.76336E-1 3.32448E-1 3.49438E-1 1.83683E-1 2.92277E-1 3.00683E-1 3.97756E-1 4.83468E-1 4.69923E-1 4.70064E-1 4.76523E-1 3.78911E-1 3.18889E-1 2.80502E-1 4.16442E-1 3.2122E-1 4.58436E-1 3.0121E-1 2.85176E-1 2.89371E-1 3.76897E-1 3.09875E-1 2.95951E-1 3.00592E-1 -9999 -9999 -9999 -9999 -9999 -9999 -9999 -9999 -9999 -9999 -9999 -9999 -9999 -9999 1.89862E-1 2.20624E-1 -9999 -9999 -9999
4.71282E-1 3.54839E-1 3.4644E-1 2.91733E-1 2.81698E-1 2.52581E-1 1.6319E-1 2.07648E-1 2.23331E-1 2.06997E-1 2.82412E-1 3.89986E-1 4.73218E-1 4.57951E-1 4.33061E-1 4.45811E-1 4.16161E-1 3.9013E-1 2.99412E-1 2.79189E-1 -9999 2.99786E-1 3.07952E-1 4.10704E-1 4.9877E-1 4.73372E-1 4.78783E-1 -9999 -9999 -9999 -9999 -9999 -9999 -9999 -9999 -9999 -9999 -9999 -9999 -9999 -9999 -9999 -9999 -9999 -9999 -9999 -9999 -9999 -9999 -9999 -9999 -9999 -9999 -9999 -9999 -9999 -9999 -9999 -9999 -9999
4.58364E-1 3.88865E-1 3.57519E-1 2.95966E-1 2.8332E-1 4.11869E-1 1.19478E-1 4.0237E-1 2.65951E-1 2.48465E-1 2.64181E-1 3.62798E-1 4.19445E-1 3.79276E-1 3.55992E-1 3.67628E-1 3.58229E-1 -9999 -9999 -9999 -9999 -9999 -9999 -9999 -9999 -9999 -9999 -9999 -9999 -9999 -9999 -9999 -9999 -9999 -9999 -9999 -9999 -9999 -9999 -9999 -9999 -9999 -9999 -9999 -9999 -9999 -9999 -9999 -9999 -9999 -9999 -9999 -9999 -9999 -9999 -9999 -9999 -9999 -9999 -9999
1.7764E-1 4.12004E-1 2.83408E-1 3.56209E-1 2.63661E-1 1.28638E-1 3.25043E-1 3.44718E-1 3.1107E-1 2.84768E-1 2.59057E-1 3.26489E-1 3.36249E-1 2.93718E-1 3.19986E-1 -9999 -9999 -9999 -9999 -9999 -9999 -9999 -9999 -9999 -9999 -9999 -9999 -9999 -9999 -9999 -9999 -9999 -9999 -9999 -9999 -9999 -9999 -9999 -9999 -9999 -9999 -9999 -9999 -9999 -9999 -9999 -9999 -9999 -9999 -9999 -9999 -9999 -9999 -9999 -9999 -9999 -9999 -9999 -9999 -9999
1.2854E-1 1.2536E-1 7.85262E-2 1.74491E-1 1.31203E-1 3.63598E-1 4.46684E-1 3.92333E-1 3.80178E-1 3.53069E-1 3.0942E-1 2.9157E-1 2.55613E-1 2.0744E-1 2.28196E-1 -9999 -9999 -9999 -9999 -9999 -9999 -9999 -9999 -9999 -9999 -9999 -9999 -9999 -9999 -9999 -9999 -9999 -9999 -9999 -9999 -9999 -9999 -9999 -9999 -9999 -9999 -9999 -9999 -9999 -9999 -9999 -9999 -9999 -9999 -9999 -9999 -9999 -9999 -9999 -9999 -9999 -9999 -9999 -9999 -9999
4.75473E-1 4.66955E-1 3.53995E-1 2.32079E-1 4.93082E-1 3.37162E-1 3.2259E-1 3.74884E-1 -9999 3.66346E-1 3.17422E-1 3.2454E-1 2.41371E-1 -9999 -9999 -9999 -9999 -9999 -9999 -9999 -9999 -9999 -9999 -9999 -9999 -9999 -9999 -9999 -9999 -9999 -9999 -9999 -9999 -9999 -9999 -9999 -9999 -9999 -9999 -9999 -9999 -9999 -9999 -9999 -9999 -9999 -9999 -9999 -9999 -9999 -9999 -9999 -9999 -9999 -9999 -9999 -9999 -9999 -9999 -9999
-9999 -9999 -9999 -9999 -9999 -9999 -9999 -9999 -9999 -9999 -9999 -9999 -9999 -9999 -9999 -9999 -9999 -9999 -9999 -9999 -9999 -9999 -9999 -9999 -9999 -9999 -9999 -9999 -9999 -9999 -9999 -9999 -9999 -9999 -9999 -9999 -9999 -9999 -9999 -9999 -9999 -9999 -9999 -9999 -9999 -9999 -9999 -9999 -9999 -9999 -9999 -9999 -9999 -9999 -9999 -9999 -9999 -9999 -9999 -9999
-9999 -9999 -9999 -9999 -9999 -9999 -9999 -9999 -9999 -9999 -9999 -9999 -9999 -9999 -9999 -9999 -9999 -9999 -9999 -9999 -9999 -9999 -9999 -9999 -9999 -9999 -9999 -9999 -9999 -9999 -9999 -9999 -9999 -9999 -9999 -9999 -9999 -9999 -9999 -9999 -9999 -9999 -9999 -9999 -9999 -9999 -9999 -9999 -9999 -9999 -9999 -9999 -9999 -9999 -9999 -9999 -9999 -9999 -9999 -9999
-9999 -9999 -9999 -9999 -9999 -9999 -9999 -9999 -9999 -9999 -9999 -9999 -9999 -9999 -9999 -9999 -9999 -9999 -9999 -9999 -9999 -9999 -9999 -9999 -9999 -9999 -9999 -9999 -9999 -9999 -9999 -9999 -9999 -9999 -9999 -9999 -9999 -9999 -9999 -9999 -9999 -9999 -9999 -9999 -9999 -9999 -9999 -9999 -9999 -9999 -9999 -9999 -9999 -9999 -9999 -9999 -9999 -9999 -9999 -9999
