Phytophthora/models/20240501_1942_05/Phytophthora_PA3_RUN1_MAXENT_outputs/Phytophthora_PA3_RUN1.asc
ncols         225
nrows         269
xllcorner     473000.0
yllcorner     4429100.0
cellsize      50.0
NODATA_value  -9999
[rows 216 to 242 of 269, columns 60 to 119 of 225]
4.7108E-1 3.50685E-1 2.48044E-1 2.19582E-1 2.56647E-1 3.07778E-1 2.74032E-1 2.06879E-1 2.20619E-1 1.87927E-1 1.69875E-1 1.95808E-1 2.43759E-1 2.91193E-1 2.36389E-1 2.62628E-1 4.05417E-1 2.57092E-1 3.52786E-1 3.67232E-1 4.27779E-1 5.03361E-1 5.79339E-1 6.61822E-1 6.6105E-1 8.1877E-1 7.05113E-1 6.61318E-1 6.64057E-1 6.77824E-1 6.87921E-1 5.19822E-1 4.27516E-1 3.26556E-1 5.11527E-1 2.90927E-1 3.10977E-1 3.43341E-1 4.06355E-1 4.89651E-1 5.13061E-1 5.23109E-1 4.35928E-1 5.60462E-1 4.69733E-1 4.33534E-1 4.60998E-1 5.93448E-1 8.07581E-1 7.10885E-1 5.49522E-1 5.90161E-1 6.04872E-1 5.3027E-1 5.24766E-1 5.18746E-1 5.09593E-1 4.70618E-1 4.37859E-1 4.07529E-1
2.07158E-1 1.92559E-1 2.14025E-1 2.31833E-1 2.50673E-1 2.4462E-1 2.36848E-1 2.01726E-1 2.4707E-1 1.94786E-1 2.01232E-1 2.16336E-1 2.11342E-1 1.89664E-1 2.06792E-1 2.21899E-1 4.22363E-1 3.2475E-1 4.22738E-1 4.17227E-1 5.02105E-1 6.11754E-1 6.33993E-1 7.1515E-1 7.7632E-1 6.64155E-1 6.91947E-1 6.59857E-1 5.92461E-1 7.03921E-1 6.63712E-1 6.12306E-1 5.74831E-1 5.30707E-1 5.34564E-1 3.09825E-1 2.81344E-1 3.2821E-1 4.15287E-1 4.87157E-1 5.15637E-1 5.3866E-1 4.41931E-1 5.07153E-1 4.96522E-1 4.88412E-1 5.09841E-1 5.63308E-1 3.32966E-1 7.28605E-1 6.5096E-1 6.62486E-1 6.36541E-1 5.69738E-1 5.05973E-1 4.88175E-1 5.66801E-1 5.4604E-1 4.07129E-1 3.76264E-1
2.12401E-1 2.30039E-1 2.26215E-1 2.22115E-1 2.3178E-1 9.56648E-2 2.02415E-1 1.92229E-1 2.92463E-1 2.55643E-1 2.94775E-1 3.03108E-1 2.59295E-1 1.71857E-1 1.88776E-1 2.12521E-1 2.41403E-1 1.46444E-1 3.50837E-1 4.02154E-1 5.53557E-1 6.03115E-1 6.38998E-1 7.79081E-1 8.2011E-1 7.29021E-1 6.35449E-1 4.9817E-1 7.32872E-1 6.66973E-1 7.40371E-1 6.88172E-1 6.15272E-1 5.4685E-1 4.41947E-1 3.24756E-1 3.12528E-1 3.10384E-1 3.65083E-1 4.23324E-1 4.98287E-1 5.96304E-1 5.67761E-1 3.62125E-1 5.02353E-1 5.12968E-1 4.86127E-1 5.47894E-1 3.85552E-1 5.73681E-1 6.78432E-1 7.28916E-1 7.80991E-1 7.17544E-1 6.32807E-1 6.10774E-1 6.36484E-1 4.76495E-1 4.91972E-1 4.49152E-1
2.02551E-1 2.04504E-1 1.99774E-1 2.09454E-1 1.9976E-1 2.50234E-1 1.82569E-1 1.92909E-1 3.21084E-1 4.07651E-1 3.69057E-1 3.13995E-1 3.25447E-1 2.76679E-1 2.64428E-1 2.79811E-1 2.85385E-1 3.577E-1 4.66325E-1 2.7119E-1 4.26727E-1 5.4158E-1 7.09505E-1 7.64055E-1 8.01614E-1 7.56967E-1 7.26143E-1 7.91335E-1 6.17488E-1 5.71512E-1 7.5074E-1 7.1293E-1 6.55584E-1 5.70484E-1 4.4977E-1 2.6723E-1 2.53376E-1 2.83679E-1 3.2237E-1 3.95452E-1 4.73429E-1 6.33566E-1 5.87379E-1 5.21793E-1 4.39524E-1 3.74265E-1 5.5802E-1 6.55087E-1 6.82017E-1 3.07406E-1 6.62519E-1 7.324E-1 7.5546E-1 7.40348E-1 6.85857E-1 6.57191E-1 6.14143E-1 3.14759E-1 3.48862E-1 2.89109E-1
1.88144E-1 2.09755E-1 2.06591E-1 2.23915E-1 2.20301E-1 2.07216E-1 1.92712E-1 2.27611E-1 3.35135E-1 4.5049E-1 4.55798E-1 3.65353E-1 3.45598E-1 3.04943E-1 3.14425E-1 3.334E-1 3.86864E-1 1.79174E-1 3.97903E-1 3.64655E-1 3.80676E-1 4.13245E-1 6.5137E-1 7.31372E-1 7.82823E-1 8.45022E-1 6.96573E-1 7.34347E-1 7.08742E-1 6.97876E-1 7.85927E-1 7.57074E-1 6.98258E-1 5.9643E-1 4.69585E-1 2.66085E-1 2.40712E-1 2.78791E-1 3.32826E-1 3.89357E-1 5.07944E-1 5.84314E-1 5.47397E-1 5.27035E-1 5.41157E-1 5.6617E-1 5.71298E-1 5.82095E-1 6.26067E-1 4.03751E-1 7.43919E-1 7.66743E-1 6.75722E-1 5.61084E-1 5.58828E-1 5.57424E-1 3.4768E-1 3.9679E-1 3.66393E-1 1.93426E-1
1.57468E-1 1.70987E-1 1.77533E-1 1.99923E-1 1.85013E-1 2.03818E-1 2.23876E-1 2.71727E-1 3.0115E-1 4.96011E-1 5.52027E-1 4.26278E-1 4.1486E-1 3.91244E-1 3.83548E-1 3.71566E-1 4.04407E-1 4.50682E-1 4.8207E-1 4.14202E-1 3.87241E-1 4.0047E-1 5.00394E-1 7.05563E-1 4.52308E-1 7.29545E-1 5.51094E-1 7.54052E-1 7.19328E-1 6.4417E-1 8.50228E-1 7.52499E-1 6.16397E-1 4.85076E-1 4.3686E-1 2.80007E-1 2.58476E-1 3.10493E-1 3.64288E-1 4.25981E-1 4.31918E-1 6.093E-1 4.84661E-1 4.97658E-1 5.41104E-1 6.14661E-1 5.76382E-1 5.55352E-1 5.6986E-1 6.6319E-1 7.50097E-1 7.36679E-1 7.326E-1 6.57503E-1 5.83269E-1 2.77985E-1 2.52603E-1 4.05183E-1 3.94426E-1 3.16019E-1
1.39521E-1 1.70934E-1 1.73642E-1 1.39367E-1 1.40508E-1 5.65157E-2 2.5275E-1 3.12388E-1 2.99535E-1 4.89318E-1 6.03532E-1 5.41544E-1 4.98878E-1 4.89659E-1 5.01497E-1 4.58928E-1 4.78549E-1 4.74404E-1 4.7492E-1 4.77039E-1 4.26858E-1 3.97387E-1 4.18502E-1 1.06649E-1 3.53371E-1 4.20198E-1 3.74829E-1 5.11389E-1 4.48666E-1 6.74524E-1 5.10803E-1 4.68808E-1 3.79632E-1 3.54373E-1 3.78256E-1 2.9262E-1 3.03986E-1 3.66792E-1 3.49849E-1 2.95877E-1 4.43185E-1 3.90713E-1 5.06173E-1 3.80932E-1 4.16027E-1 5.56534E-1 5.08819E-1 5.03125E-1 5.78664E-1 6.89981E-1 5.78898E-1 5.85649E-1 6.89847E-1 6.32293E-1 6.14255E-1 4.83771E-1 4.2895E-1 4.18858E-1 3.85114E-1 4.06803E-1
5.88676E-2 1.37869E-1 1.13868E-1 1.35794E-1 1.48429E-1 1.21533E-1 1.13992E-1 8.48273E-2 8.03847E-2 1.47087E-1 2.93312E-1 2.92466E-1 5.79372E-1 5.94579E-1 4.2451E-1 5.64572E-1 5.77069E-1 5.81106E-1 5.59278E-1 5.47875E-1 5.15433E-1 4.65754E-1 4.53946E-1 4.44356E-1 2.72294E-1 3.27563E-1 5.83987E-1 3.64824E-1 4.03056E-1 4.38844E-1 6.3094E-1 4.02448E-1 3.85133E-1 4.58785E-1 3.74634E-1 2.00589E-1 1.96101E-1 2.42563E-1 2.64366E-1 2.27699E-1 2.49454E-1 4.74921E-1 1.5072E-1 2.94192E-1 4.4297E-1 2.87146E-1 3.51828E-1 1.67291E-1 6.35724E-1 3.88401E-1 8.22938E-1 6.86496E-1 7.41226E-1 7.22171E-1 6.60451E-1 5.54147E-1 4.62199E-1 4.65455E-1 4.50932E-1 4.18482E-1
9.84434E-2 1.23701E-1 7.03855E-2 9.26858E-2 1.36795E-1 1.40917E-1 2.0624E-1 3.34982E-1 2.66081E-1 2.60638E-1 3.53253E-1 4.21402E-1 6.70756E-1 6.28953E-1 5.48096E-1 5.96518E-1 6.54878E-1 7.01168E-1 4.13214E-1 6.6026E-1 6.12642E-1 5.4848E-1 5.07268E-1 4.54548E-1 3.42033E-1 4.59919E-1 5.33219E-1 4.96237E-1 5.04298E-1 4.78283E-1 4.97747E-1 4.79973E-1 4.70359E-1 4.47192E-1 3.87199E-1 1.93258E-1 1.17305E-1 1.33028E-1 1.61555E-1 1.83054E-1 2.11141E-1 2.09651E-1 2.13885E-1 1.90017E-1 1.53569E-1 2.0707E-1 2.61663E-1 3.98916E-1 4.7876E-1 4.8999E-1 6.40812E-1 3.80734E-1 7.31794E-1 7.16567E-1 6.64689E-1 4.9291E-1 4.40015E-1 3.57011E-1 4.44736E-1 4.68145E-1
1.38009E-1 6.44018E-2 7.29309E-2 8.22145E-2 1.11477E-1 1.32225E-1 1.53588E-1 3.02825E-1 3.58059E-1 2.73313E-1 3.83857E-1 5.18786E-1 6.48311E-1 6.82352E-1 5.95088E-1 6.11699E-1 5.22375E-1 7.45081E-1 7.6862E-1 5.62313E-1 7.09909E-1 6.26156E-1 5.66241E-1 5.19146E-1 4.64644E-1 5.11535E-1 5.10014E-1 4.89348E-1 4.66862E-1 4.65591E-1 4.68002E-1 5.12273E-1 4.5225E-1 4.5277E-1 3.2063E-1 2.44309E-1 1.12582E-1 1.29703E-1 1.6156E-1 1.73795E-1 1.81338E-1 2.15949E-1 3.34361E-1 1.94013E-1 1.573E-1 2.4538E-1 1.99822E-1 2.92935E-1 3.97922E-1 5.43515E-1 6.10381E-1 5.74993E-1 7.65462E-1 6.82323E-1 6.97505E-1 7.34486E-1 7.32374E-1 6.80499E-1 5.30871E-1 4.14012E-1
9.44464E-2 5.52278E-2 5.97017E-2 6.35395E-2 8.02624E-2 1.07999E-1 1.31348E-1 1.81548E-1 3.61353E-1 3.87519E-1 4.83998E-1 6.15054E-1 6.97939E-1 4.9673E-1 5.14411E-1 6.51996E-1 7.28182E-1 6.35321E-1 8.33452E-1 8.6339E-1 6.3299E-1 7.16835E-1 6.38684E-1 5.38581E-1 5.00233E-1 4.206E-1 4.44115E-1 3.9662E-1 3.47343E-1 3.92972E-1 5.79197E-1 5.58358E-1 4.368E-1 4.51545E-1 3.89503E-1 3.99339E-1 3.61855E-1 3.19677E-1 3.01972E-1 2.5865E-1 1.63114E-1 2.09437E-1 3.00319E-1 2.31962E-1 1.99351E-1 2.62551E-1 2.49074E-1 3.85188E-1 5.16516E-1 6.32843E-1 7.31344E-1 7.97998E-1 6.10224E-1 8.86574E-1 7.89785E-1 7.43698E-1 6.02876E-1 5.34931E-1 5.38022E-1 4.17537E-1
1.27848E-1 1.15648E-1 1.09746E-1 6.79269E-2 1.02768E-1 1.37705E-1 2.00383E-1 2.4989E-1 3.17901E-1 3.85858E-1 5.46431E-1 6.86807E-1 7.19441E-1 5.91431E-1 6.91469E-1 7.10044E-1 6.74062E-1 6.61733E-1 8.00608E-1 7.51746E-1 4.50701E-1 7.24039E-1 6.2983E-1 3.35767E-1 5.12305E-1 5.06371E-1 4.64751E-1 4.16507E-1 3.5932E-1 4.11744E-1 6.96495E-1 6.68704E-1 5.59281E-1 4.19251E-1 3.71665E-1 3.93139E-1 3.24017E-1 3.01919E-1 3.27864E-1 3.05343E-1 1.97773E-1 2.17051E-1 2.91822E-1 2.51599E-1 2.64973E-1 2.74185E-1 2.89144E-1 4.48629E-1 5.96716E-1 7.07309E-1 7.74002E-1 6.56857E-1 7.81562E-1 7.78323E-1 7.66938E-1 4.42452E-1 3.44017E-1 2.40837E-1 2.07979E-1 5.0797E-1
1.14095E-1 1.37061E-1 1.50507E-1 1.38481E-1 1.56535E-1 1.93227E-1 2.30166E-1 3.00187E-1 3.95212E-1 5.04239E-1 6.50973E-1 7.97822E-1 8.29975E-1 7.33143E-1 7.23503E-1 7.41773E-1 7.61156E-1 7.84209E-1 6.65524E-1 7.49425E-1 7.27622E-1 7.17128E-1 6.31212E-1 3.32671E-1 5.32498E-1 5.5079E-1 5.25528E-1 4.67861E-1 3.88115E-1 4.60239E-1 5.66817E-1 6.45061E-1 4.71642E-1 4.32884E-1 3.7317E-1 3.44698E-1 3.05982E-1 3.08727E-1 3.23749E-1 2.81714E-1 1.84094E-1 2.11694E-1 2.45E-1 3.06202E-1 2.94605E-1 2.78786E-1 3.06167E-1 5.03952E-1 6.67649E-1 7.62937E-1 8.05974E-1 8.77296E-1 6.38674E-1 6.58054E-1 6.04934E-1 4.40017E-1 3.54748E-1 2.66192E-1 2.4253E-1 2.89202E-1
1.1421E-1 1.39807E-1 1.50537E-1 1.55928E-1 1.91968E-1 2.37667E-1 2.59272E-1 2.78999E-1 3.49146E-1 4.34933E-1 6.07738E-1 6.91435E-1 8.12416E-1 8.00935E-1 7.66155E-1 7.686E-1 7.32266E-1 7.68965E-1 7.90081E-1 5.24984E-1 6.23344E-1 6.21495E-1 6.44442E-1 6.06147E-1 5.68493E-1 5.69376E-1 3.2266E-1 3.76957E-1 5.10845E-1 5.6022E-1 6.5667E-1 4.90637E-1 4.62539E-1 4.31792E-1 3.87265E-1 3.53916E-1 3.28643E-1 3.4544E-1 3.4157E-1 3.1088E-1 2.0284E-1 1.95985E-1 2.59883E-1 2.89673E-1 3.24202E-1 3.12529E-1 3.37247E-1 5.17349E-1 6.98752E-1 8.22737E-1 8.41314E-1 7.08458E-1 7.39046E-1 7.85968E-1 7.0048E-1 5.14863E-1 3.43565E-1 2.81689E-1 3.13208E-1 3.05172E-1
1.3268E-1 1.54807E-1 1.8863E-1 2.0294E-1 2.42578E-1 3.24497E-1 3.27365E-1 3.42576E-1 3.95293E-1 4.81115E-1 6.64518E-1 7.28209E-1 6.2429E-1 8.31161E-1 8.70422E-1 8.44953E-1 7.19674E-1 7.19231E-1 7.56908E-1 7.26204E-1 7.05542E-1 5.24321E-1 6.71807E-1 6.38342E-1 6.25805E-1 6.0375E-1 6.46047E-1 2.58064E-1 7.34524E-1 7.19155E-1 6.44921E-1 5.92807E-1 5.38457E-1 4.87853E-1 4.35924E-1 4.12212E-1 4.1443E-1 4.23896E-1 4.00502E-1 3.81254E-1 2.8602E-1 2.72028E-1 2.88147E-1 2.10867E-1 3.75613E-1 3.67625E-1 3.63163E-1 4.72506E-1 6.2819E-1 7.73873E-1 8.25867E-1 8.04585E-1 7.69456E-1 8.01724E-1 7.71315E-1 5.89439E-1 4.18696E-1 2.93696E-1 2.88872E-1 2.61435E-1
2.01562E-1 2.39994E-1 3.12403E-1 4.22083E-1 3.60034E-1 4.86345E-1 5.45063E-1 5.11131E-1 5.56392E-1 6.28656E-1 7.19617E-1 7.64969E-1 8.10482E-1 8.19784E-1 8.72988E-1 8.69271E-1 7.0494E-1 7.11581E-1 7.33471E-1 6.73676E-1 6.30952E-1 5.17523E-1 7.01972E-1 6.56524E-1 6.43086E-1 7.12193E-1 7.02325E-1 6.81556E-1 7.08024E-1 7.91346E-1 7.82167E-1 7.35655E-1 6.04025E-1 5.48943E-1 5.40607E-1 4.52063E-1 4.95721E-1 5.76232E-1 4.22721E-1 5.42832E-1 5.96851E-1 5.41362E-1 5.3778E-1 4.20933E-1 6.35885E-1 5.78309E-1 5.66321E-1 5.35177E-1 6.70858E-1 7.84058E-1 7.83782E-1 8.4062E-1 7.93023E-1 8.74741E-1 8.5811E-1 6.76135E-1 4.75191E-1 2.98974E-1 2.5753E-1 2.13817E-1
2.38852E-1 3.08455E-1 3.74588E-1 5.62091E-1 5.44487E-1 5.52044E-1 6.37828E-1 7.24211E-1 6.8141E-1 7.05304E-1 7.1226E-1 7.15795E-1 8.3063E-1 8.70871E-1 8.58905E-1 8.68495E-1 7.87643E-1 7.88301E-1 8.25779E-1 7.64141E-1 6.22924E-1 6.84162E-1 7.51596E-1 7.23058E-1 6.93448E-1 7.44566E-1 8.07083E-1 8.12358E-1 5.36401E-1 8.18201E-1 8.36939E-1 6.93886E-1 5.53369E-1 5.7213E-1 5.61519E-1 5.33999E-1 5.17422E-1 6.95572E-1 5.61436E-1 7.67274E-1 6.48973E-1 5.5797E-1 6.30654E-1 6.11692E-1 7.29287E-1 6.3948E-1 5.15092E-1 6.01933E-1 6.33032E-1 7.71321E-1 5.42091E-1 8.71221E-1 6.74877E-1 8.59279E-1 8.35684E-1 6.0371E-1 4.53623E-1 3.19501E-1 2.6117E-1 1.84617E-1
2.41259E-1 3.22615E-1 4.25594E-1 5.03938E-1 7.23338E-1 6.74456E-1 6.99836E-1 7.75671E-1 8.15636E-1 6.69095E-1 6.55014E-1 7.65306E-1 7.79693E-1 7.84413E-1 8.27161E-1 8.94125E-1 8.33794E-1 8.42823E-1 8.85481E-1 7.8608E-1 6.88557E-1 7.26186E-1 6.06785E-1 7.81591E-1 7.52194E-1 7.60623E-1 7.54052E-1 7.84184E-1 7.96062E-1 8.18922E-1 7.98745E-1 7.38058E-1 6.80345E-1 6.79427E-1 6.14059E-1 6.16396E-1 6.01154E-1 6.24469E-1 7.57543E-1 7.90159E-1 6.75607E-1 7.03771E-1 7.05896E-1 7.24776E-1 8.17703E-1 7.29394E-1 6.31492E-1 6.35667E-1 6.56342E-1 7.64852E-1 7.05249E-1 7.53141E-1 8.06067E-1 8.13E-1 7.75383E-1 5.6455E-1 5.20825E-1 4.56117E-1 4.45655E-1 3.09325E-1
2.64703E-1 3.44786E-1 4.33471E-1 6.17919E-1 7.75089E-1 8.3185E-1 7.12923E-1 6.97611E-1 7.88015E-1 7.60419E-1 7.6713E-1 7.95924E-1 8.25727E-1 8.40372E-1 8.62508E-1 7.92506E-1 8.09993E-1 8.76702E-1 9.06893E-1 8.16197E-1 7.79852E-1 7.91459E-1 6.20421E-1 8.11405E-1 8.24229E-1 8.01813E-1 7.03977E-1 7.44674E-1 8.14841E-1 7.82161E-1 8.38785E-1 7.93445E-1 7.51377E-1 7.17467E-1 6.68875E-1 6.69099E-1 7.08174E-1 6.4203E-1 7.79142E-1 8.01186E-1 7.1748E-1 7.28711E-1 7.28513E-1 7.6401E-1 9.01583E-1 8.1611E-1 7.57176E-1 7.33195E-1 7.38131E-1 8.08913E-1 7.5013E-1 7.23448E-1 5.55266E-1 5.95665E-1 4.98773E-1 3.12781E-1 3.19036E-1 2.9141E-1 2.48995E-1 2.06599E-1
2.74091E-1 3.53387E-1 4.26171E-1 5.46075E-1 7.44145E-1 7.82376E-1 8.17903E-1 7.80828E-1 7.75554E-1 7.99517E-1 7.43344E-1 7.16037E-1 4.78448E-1 7.17253E-1 7.09907E-1 7.94875E-1 8.04785E-1 8.30241E-1 8.43203E-1 8.09252E-1 8.2516E-1 8.28676E-1 7.98445E-1 8.10032E-1 8.27586E-1 8.68745E-1 7.99255E-1 7.17371E-1 7.03047E-1 5.7715E-1 8.53745E-1 8.20895E-1 7.96009E-1 7.7038E-1 7.19252E-1 6.97555E-1 7.2442E-1 6.9763E-1 7.76851E-1 7.27308E-1 7.4445E-1 7.51985E-1 7.49316E-1 7.75964E-1 8.70231E-1 8.69316E-1 8.4545E-1 8.13779E-1 8.15884E-1 8.23708E-1 7.56681E-1 7.24082E-1 6.71173E-1 6.76115E-1 5.12887E-1 3.09722E-1 3.01955E-1 2.38125E-1 1.95982E-1 1.71414E-1
2.999E-1 3.97631E-1 4.63824E-1 6.08362E-1 7.70935E-1 8.69472E-1 8.7881E-1 7.28198E-1 7.74181E-1 7.27823E-1 6.78754E-1 7.05341E-1 7.01024E-1 7.61257E-1 5.66832E-1 7.55834E-1 6.78198E-1 8.0394E-1 8.08215E-1 7.93718E-1 8.17538E-1 8.24659E-1 7.03631E-1 7.48349E-1 7.94447E-1 8.37494E-1 8.07667E-1 7.61913E-1 7.04014E-1 6.7423E-1 8.19615E-1 8.33761E-1 8.16992E-1 7.91077E-1 7.21631E-1 6.85533E-1 6.56335E-1 6.74495E-1 7.34404E-1 6.67522E-1 7.09823E-1 7.29022E-1 7.65244E-1 8.0317E-1 8.30161E-1 8.68538E-1 8.89838E-1 8.76279E-1 8.52088E-1 7.99524E-1 7.21142E-1 7.55988E-1 7.81168E-1 7.82217E-1 6.89188E-1 4.49112E-1 2.76616E-1 2.86698E-1 2.99573E-1 2.99466E-1
3.07024E-1 3.9798E-1 4.79447E-1 5.36283E-1 6.00082E-1 5.82801E-1 8.00956E-1 6.62126E-1 5.2958E-1 6.36024E-1 6.00803E-1 7.0914E-1 7.6503E-1 7.55288E-1 6.20257E-1 5.58993E-1 6.79471E-1 8.18941E-1 8.34283E-1 7.89555E-1 8.25674E-1 8.28473E-1 6.94287E-1 8.14756E-1 5.50373E-1 8.29912E-1 8.26289E-1 8.0378E-1 7.47617E-1 6.89057E-1 5.28636E-1 8.42749E-1 8.49044E-1 8.37859E-1 7.48214E-1 6.95223E-1 6.41628E-1 6.22397E-1 7.14283E-1 6.3685E-1 6.61725E-1 7.04333E-1 7.9065E-1 8.33447E-1 8.69887E-1 8.84177E-1 8.72423E-1 8.59062E-1 8.71975E-1 7.97407E-1 6.74575E-1 6.36205E-1 6.92546E-1 6.92684E-1 7.25221E-1 5.58014E-1 3.66219E-1 3.50702E-1 2.96265E-1 3.50438E-1
3.9244E-1 4.50466E-1 2.17668E-1 4.98417E-1 4.43715E-1 5.13885E-1 5.16365E-1 4.97072E-1 5.06394E-1 6.04642E-1 6.55979E-1 6.83494E-1 6.95489E-1 7.51321E-1 7.46134E-1 7.42445E-1 7.46048E-1 8.20086E-1 8.33413E-1 8.23552E-1 8.34149E-1 8.04747E-1 6.52679E-1 7.88505E-1 7.872E-1 7.44663E-1 7.75672E-1 8.09584E-1 7.82206E-1 7.79128E-1 8.08198E-1 8.77525E-1 8.57923E-1 8.38361E-1 7.6067E-1 7.10884E-1 6.65717E-1 5.85027E-1 7.1321E-1 6.27892E-1 6.36469E-1 7.57896E-1 7.92862E-1 8.32829E-1 8.64374E-1 8.6669E-1 8.71492E-1 8.16381E-1 8.78847E-1 8.21947E-1 3.64983E-1 2.26956E-1 6.87742E-1 8.84652E-1 8.25059E-1 6.47876E-1 5.66324E-1 5.22188E-1 5.10589E-1 4.23563E-1
3.77203E-1 4.44141E-1 2.65957E-1 1.95417E-1 4.06775E-1 3.81208E-1 4.35629E-1 4.32612E-1 4.15498E-1 4.49127E-1 4.50916E-1 5.29959E-1 6.58285E-1 7.22972E-1 7.71091E-1 7.80991E-1 5.17294E-1 8.28748E-1 7.13096E-1 5.59179E-1 7.9772E-1 7.29044E-1 7.88878E-1 7.77668E-1 7.64301E-1 7.63128E-1 3.76453E-1 6.75051E-1 7.79123E-1 7.94755E-1 8.52483E-1 8.64845E-1 8.6267E-1 8.54727E-1 7.64572E-1 7.03962E-1 7.10729E-1 6.32255E-1 5.39503E-1 6.12341E-1 7.5082E-1 8.34828E-1 6.7837E-1 6.7797E-1 8.68201E-1 8.49966E-1 8.62328E-1 8.46176E-1 8.51892E-1 8.06625E-1 4.64234E-1 4.9986E-1 5.87353E-1 6.51347E-1 6.57863E-1 5.34554E-1 5.42649E-1 5.40193E-1 4.99592E-1 6.00986E-1
5.80683E-1 5.09845E-1 3.23995E-1 2.60176E-1 3.41945E-1 3.91129E-1 4.68719E-1 4.52475E-1 4.71314E-1 5.23539E-1 5.21209E-1 5.47948E-1 6.48224E-1 7.66617E-1 7.7329E-1 5.83314E-1 7.47327E-1 7.2591E-1 7.22799E-1 6.92436E-1 6.26011E-1 5.01304E-1 6.91956E-1 7.47584E-1 7.14017E-1 7.6837E-1 6.92102E-1 7.98189E-1 6.5368E-1 6.92769E-1 8.61874E-1 7.54826E-1 8.82427E-1 8.46219E-1 7.63163E-1 6.92813E-1 6.87847E-1 7.01819E-1 5.84613E-1 5.93897E-1 5.54356E-1 6.96172E-1 6.93154E-1 7.14469E-1 7.83304E-1 8.63868E-1 8.54766E-1 8.22345E-1 7.86682E-1 7.80527E-1 7.2566E-1 6.36838E-1 5.80405E-1 6.52552E-1 5.84189E-1 3.04968E-1 2.58465E-1 2.54177E-1 4.15244E-1 3.59122E-1
2.79618E-1 5.73312E-1 6.38489E-1 3.61311E-1 4.15389E-1 3.33068E-1 3.7646E-1 3.88859E-1 4.00259E-1 4.4243E-1 5.04704E-1 5.66578E-1 6.45619E-1 7.10405E-1 7.77351E-1 8.2842E-1 8.13277E-1 7.43045E-1 7.13646E-1 6.2136E-1 6.61678E-1 7.50052E-1 4.31345E-1 -9999 3.45424E-1 4.14985E-1 7.03251E-1 7.75919E-1 7.67564E-1 7.45069E-1 7.07162E-1 5.79636E-1 7.16786E-1 6.39315E-1 5.47294E-1 5.92682E-1 5.53392E-1 5.78271E-1 5.32663E-1 4.75839E-1 6.76246E-1 5.07382E-1 5.13822E-1 6.75024E-1 6.84259E-1 8.45844E-1 8.25143E-1 7.6236E-1 8.0857E-1 6.04449E-1 7.85401E-1 7.898E-1 7.0584E-1 6.75741E-1 6.91584E-1 4.69835E-1 4.01414E-1 3.08863E-1 2.99867E-1 3.5662E-1
4.48959E-1 4.97148E-1 5.60839E-1 5.71245E-1 4.20502E-1 3.64204E-1 3.98554E-1 4.11217E-1 4.27894E-1 4.77204E-1 5.23072E-1 5.24443E-1 4.70668E-1 6.80364E-1 7.51083E-1 6.27548E-1 6.91247E-1 8.17878E-1 6.87954E-1 7.63048E-1 8.20214E-1 8.41847E-1 8.07392E-1 5.79717E-1 5.49457E-1 5.79631E-1 5.68408E-1 8.43125E-1 7.7041E-1 7.49964E-1 7.54187E-1 7.57159E-1 6.11276E-1 5.97858E-1 5.23146E-1 5.84186E-1 5.24283E-1 5.844E-1 3.54545E-1 6.86177E-1 5.12834E-1 5.97635E-1 7.03119E-1 7.83583E-1 7.68205E-1 8.21766E-1 7.39661E-1 8.18197E-1 8.0509E-1 7.76324E-1 7.12888E-1 6.57734E-1 5.52831E-1 4.87254E-1 4.65917E-1 3.93592E-1 3.00533E-1 2.84129E-1 5.51434E-1 4.137E-1
