Phytophthora/models/20240501_1942_05/Phytophthora_PA3_RUN1_MAXENT_outputs/Phytophthora_PA3_RUN1.asc
ncols         225
nrows         269
xllcorner     473000.0
yllcorner     4429100.0
cellsize      50.0
NODATA_value  -9999
[rows 27 to 53 of 269, columns 0 to 59 of 225]
-9999 -9999 -9999 -9999 -9999 -9999 -9999 -9999 -9999 -9999 -9999 -9999 -9999 -9999 -9999 -9999 -9999 -9999 -9999 -9999 -9999 -9999 -9999 -9999 -9999 -9999 -9999 -9999 -9999 -9999 -9999 -9999 -9999 -9999 -9999 -9999 -9999 -9999 7.62748E-3 7.77359E-3 1.58954E-2 7.12745E-3 3.01469E-2 2.85382E-2 2.73581E-2 2.20887E-2 3.39554E-2 3.23668E-2 2.95E-2 2.2343E-2 8.88712E-3 1.28848E-2 9.3219E-3 5.92655E-3 7.27058E-3 5.52524E-3 5.07446E-3 4.22351E-3 3.76287E-3 3.3264E-3
-9999 -9999 -9999 -9999 -9999 -9999 -9999 -9999 -9999 -9999 -9999 -9999 -9999 -9999 -9999 -9999 -9999 -9999 -9999 -9999 -9999 -9999 -9999 -9999 -9999 -9999 -9999 -9999 -9999 -9999 -9999 -9999 -9999 -9999 -9999 -9999 -9999 -9999 1.17483E-2 7.63932E-3 1.20211E-2 1.40758E-2 2.07909E-2 2.72164E-2 3.6096E-2 3.58121E-2 1.72506E-2 2.84582E-2 1.82062E-2 8.90941E-3 8.1419E-3 7.36385E-3 4.8429E-3 2.98111E-3 2.88937E-3 2.86889E-3 3.08297E-3 2.99407E-3 2.94413E-3 3.2834E-3
-9999 -9999 -9999 -9999 -9999 -9999 -9999 -9999 -9999 -9999 -9999 -9999 -9999 -9999 -9999 -9999 -9999 -9999 -9999 -9999 -9999 -9999 -9999 -9999 -9999 -9999 -9999 -9999 -9999 -9999 -9999 -9999 -9999 -9999 -9999 -9999 -9999 -9999 7.69725E-3 7.39112E-3 1.34051E-2 1.60123E-2 2.45292E-2 2.00675E-2 2.21624E-2 1.71978E-2 2.06642E-2 8.96538E-3 6.80275E-3 3.63002E-3 7.57838E-3 6.38106E-3 4.28184E-3 3.42154E-3 3.34254E-3 3.29075E-3 1.07535E-2 5.60874E-3 5.39387E-3 9.0932E-3
-9999 -9999 -9999 -9999 -9999 -9999 -9999 -9999 -9999 -9999 -9999 -9999 -9999 -9999 -9999 -9999 -9999 -9999 -9999 -9999 -9999 -9999 -9999 -9999 -9999 -9999 -9999 -9999 -9999 -9999 -9999 -9999 -9999 -9999 -9999 -9999 6.10752E-3 3.59056E-3 4.83111E-3 4.33777E-3 6.36616E-3 2.35936E-2 1.55955E-2 2.44271E-2 2.74307E-2 1.78269E-2 6.85952E-3 8.66752E-3 6.69167E-3 5.35623E-3 5.3033E-3 3.68001E-3 2.73129E-3 3.01964E-3 4.31667E-3 4.00617E-3 3.08415E-3 6.40897E-3 8.5289E-3 7.50298E-3
-9999 -9999 -9999 -9999 -9999 -9999 -9999 -9999 -9999 -9999 -9999 -9999 -9999 -9999 -9999 -9999 -9999 -9999 -9999 -9999 -9999 -9999 -9999 -9999 -9999 -9999 -9999 -9999 -9999 -9999 -9999 -9999 -9999 -9999 -9999 4.70886E-3 5.621E-3 7.59889E-3 1.27983E-2 1.24208E-2 6.90761E-3 1.5123E-2 1.69792E-2 1.68045E-2 1.44685E-2 1.6461E-2 7.32141E-3 8.46739E-3 7.77725E-3 6.9802E-3 6.12181E-3 4.51342E-3 3.88124E-3 6.69373E-3 1.02584E-2 1.36867E-2 5.74826E-3 1.01987E-2 9.40801E-3 1.01288E-2
-9999 -9999 -9999 -9999 -9999 -9999 -9999 -9999 -9999 -9999 -9999 -9999 -9999 -9999 -9999 -9999 -9999 -9999 -9999 -9999 -9999 -9999 -9999 -9999 -9999 -9999 -9999 -9999 -9999 -9999 -9999 -9999 -9999 -9999 6.74939E-3 8.51877E-3 1.22725E-2 1.70366E-2 1.39536E-2 2.47527E-2 2.92738E-2 2.66329E-2 1.70943E-2 1.0588E-2 7.11697E-3 1.19188E-2 8.4826E-3 4.38205E-3 8.02036E-3 6.16376E-3 7.95174E-3 6.23337E-3 7.96932E-3 8.95039E-3 1.20315E-2 1.40694E-2 7.42303E-3 1.02979E-2 1.11794E-2 1.15774E-2
-9999 -9999 -9999 -9999 -9999 -9999 -9999 -9999 -9999 -9999 -9999 -9999 -9999 -9999 -9999 -9999 -9999 -9999 -9999 -9999 -9999 -9999 -9999 -9999 -9999 -9999 -9999 -9999 -9999 -9999 -9999 -9999 5.49792E-3 5.7571E-3 5.63865E-3 9.0556E-3 2.52887E-2 2.47216E-2 1.36117E-2 3.78773E-2 2.90465E-2 1.32483E-2 5.99427E-3 4.42818E-3 3.75675E-3 6.18954E-3 5.88493E-3 4.9322E-3 5.4291E-3 4.41134E-3 1.03158E-2 1.67938E-2 1.27607E-2 9.12784E-3 1.01878E-2 1.18961E-2 1.07318E-2 9.31897E-3 1.09697E-2 5.83646E-3
-9999 -9999 -9999 -9999 -9999 -9999 -9999 -9999 -9999 -9999 -9999 -9999 -9999 -9999 -9999 -9999 -9999 -9999 -9999 -9999 -9999 -9999 -9999 -9999 -9999 -9999 -9999 -9999 -9999 -9999 -9999 6.63404E-3 6.90545E-3 6.83817E-3 1.08691E-2 2.47527E-2 3.05475E-2 2.69185E-2 2.74397E-2 3.85645E-2 2.88503E-2 8.0313E-3 6.30474E-3 5.27584E-3 4.752E-3 5.72979E-3 5.97065E-3 6.50427E-3 8.71363E-3 1.13272E-2 1.5381E-2 1.38936E-2 1.05767E-2 8.58261E-3 1.06761E-2 1.1637E-2 1.18439E-2 5.98748E-3 9.35722E-3 8.37294E-3
-9999 -9999 -9999 -9999 -9999 -9999 -9999 -9999 -9999 -9999 -9999 -9999 -9999 -9999 -9999 -9999 -9999 -9999 -9999 -9999 -9999 -9999 -9999 -9999 -9999 -9999 -9999 -9999 -9999 -9999 1.24142E-2 9.83967E-3 9.10551E-3 1.3179E-2 2.30024E-2 2.97959E-2 2.38964E-2 1.27378E-2 2.22008E-2 2.26654E-2 8.84834E-3 7.28878E-3 5.67374E-3 5.39176E-3 5.41725E-3 7.26804E-3 5.84273E-3 7.23157E-3 1.60401E-2 1.64572E-2 9.31255E-3 1.27837E-2 1.02588E-2 1.04744E-2 1.24684E-2 1.28502E-2 9.51247E-3 8.44718E-3 6.89999E-3 1.04164E-2
-9999 -9999 -9999 -9999 -9999 -9999 -9999 -9999 -9999 -9999 -9999 -9999 -9999 -9999 -9999 -9999 -9999 -9999 -9999 -9999 -9999 -9999 -9999 -9999 -9999 -9999 -9999 -9999 -9999 -9999 2.47598E-2 1.55738E-2 1.62674E-2 2.46998E-2 2.49014E-2 1.66263E-2 9.38493E-3 2.29956E-2 1.32166E-2 1.60875E-2 1.12544E-2 8.91319E-3 7.93737E-3 7.69057E-3 7.17705E-3 1.08514E-2 1.01685E-2 1.21303E-2 1.20108E-2 1.28301E-2 6.9151E-3 1.01795E-2 9.45221E-3 9.80758E-3 9.74737E-3 6.89591E-3 9.11662E-3 7.74949E-3 7.36518E-3 3.66625E-3
-9999 -9999 -9999 -9999 -9999 -9999 -9999 -9999 -9999 -9999 -9999 -9999 -9999 -9999 -9999 -9999 -9999 -9999 -9999 -9999 -9999 -9999 -9999 -9999 -9999 -9999 -9999 -9999 -9999 1.83015E-3 2.57041E-2 2.25496E-2 2.75638E-2 1.31522E-2 1.04283E-2 1.73169E-2 2.02898E-2 4.47175E-2 2.39128E-2 1.20766E-2 9.08532E-3 5.1887E-3 9.08805E-3 8.83552E-3 1.10806E-2 1.47238E-2 1.25004E-2 1.02074E-2 1.06921E-2 1.26538E-2 6.06935E-3 1.12116E-2 1.04642E-2 1.1016E-2 8.70489E-3 9.55334E-3 1.07922E-2 7.86967E-3 7.72795E-3 7.00398E-3
-9999 -9999 -9999 -9999 -9999 -9999 -9999 -9999 -9999 -9999 -9999 -9999 -9999 -9999 -9999 -9999 -9999 -9999 -9999 -9999 -9999 -9999 -9999 -9999 -9999 -9999 -9999 -9999 -9999 -9999 1.96304E-2 2.90713E-2 1.20928E-2 1.58135E-2 2.03287E-2 1.19387E-2 3.10715E-2 1.70523E-2 1.41423E-2 1.35408E-2 6.26265E-3 9.15991E-3 9.7449E-3 9.39287E-3 1.33362E-2 1.61317E-2 1.53727E-2 1.22545E-2 1.07038E-2 1.33534E-2 1.22689E-2 9.41317E-3 1.1553E-2 9.13988E-3 9.68248E-3 1.2128E-2 1.12094E-2 6.28499E-3 7.39443E-3 6.7771E-3
-9999 -9999 -9999 -9999 -9999 -9999 -9999 -9999 -9999 -9999 -9999 -9999 -9999 -9999 -9999 -9999 -9999 -9999 -9999 -9999 -9999 -9999 -9999 -9999 -9999 -9999 -9999 -9999 -9999 -9999 2.79502E-2 2.15239E-2 2.14538E-2 2.3798E-2 1.44854E-2 2.42831E-2 1.23502E-2 7.19573E-3 1.14876E-2 1.36874E-2 8.17635E-3 9.79602E-3 1.00354E-2 1.21299E-2 1.27283E-2 1.02248E-2 1.10271E-2 1.29787E-2 1.26759E-2 1.43475E-2 1.56088E-2 1.09949E-2 1.14638E-2 7.38114E-3 1.37411E-2 2.01736E-2 9.36913E-3 7.15414E-3 7.26996E-3 7.00367E-3
-9999 -9999 -9999 -9999 -9999 -9999 -9999 -9999 -9999 -9999 -9999 -9999 -9999 -9999 -9999 -9999 -9999 -9999 -9999 -9999 -9999 -9999 -9999 -9999 -9999 -9999 -9999 -9999 -9999 -9999 2.9798E-2 4.88338E-2 5.17793E-2 3.50473E-2 1.6885E-2 1.47508E-2 1.8087E-2 1.7951E-2 1.29755E-2 6.47041E-3 9.68737E-3 9.71601E-3 1.20243E-2 1.52401E-2 1.1688E-2 1.31326E-2 1.29695E-2 7.33076E-3 9.83735E-3 1.08298E-2 9.51833E-3 1.27203E-2 8.54207E-3 1.52633E-2 1.73089E-2 1.65699E-2 7.12362E-3 5.76195E-3 6.49503E-3 7.6174E-3
-9999 -9999 -9999 -9999 -9999 -9999 -9999 -9999 -9999 -9999 -9999 -9999 -9999 -9999 -9999 -9999 -9999 -9999 -9999 -9999 -9999 -9999 -9999 -9999 -9999 -9999 -9999 -9999 -9999 -9999 3.13151E-2 2.33369E-2 2.23109E-2 1.84296E-2 1.33342E-2 1.40639E-2 1.52588E-2 1.6586E-2 1.70133E-2 1.33086E-2 1.07348E-2 1.04571E-2 1.34905E-2 1.45896E-2 1.29726E-2 1.14544E-2 1.22489E-2 1.19525E-2 1.11058E-2 1.23994E-2 1.51166E-2 1.07722E-2 7.74124E-3 1.51445E-2 1.91272E-2 1.82817E-2 9.22675E-3 7.1022E-3 7.70784E-3 7.03483E-3
-9999 -9999 -9999 -9999 -9999 -9999 -9999 -9999 -9999 -9999 -9999 -9999 -9999 -9999 -9999 -9999 -9999 -9999 -9999 -9999 -9999 -9999 -9999 -9999 -9999 -9999 -9999 -9999 -9999 2.05202E-2 1.67125E-2 1.34708E-2 1.26002E-2 1.03413E-2 1.09906E-2 1.07062E-2 9.85625E-3 9.31483E-3 1.33117E-2 1.22204E-2 1.4721E-2 1.6361E-2 1.36353E-2 1.22896E-2 1.12328E-2 9.89298E-3 1.28536E-2 1.11794E-2 1.34204E-2 1.456E-2 1.87575E-2 2.17621E-2 9.37975E-3 2.09045E-2 2.25557E-2 1.47663E-2 1.06568E-2 9.89042E-3 8.3102E-3 6.57357E-3
-9999 -9999 -9999 -9999 -9999 -9999 -9999 -9999 -9999 -9999 -9999 -9999 -9999 -9999 -9999 -9999 -9999 -9999 -9999 -9999 -9999 -9999 -9999 -9999 -9999 -9999 2.25451E-2 1.09631E-2 1.51683E-2 1.61369E-2 1.8698E-2 2.10526E-2 1.86161E-2 2.03328E-2 1.96081E-2 1.68903E-2 1.50923E-2 1.28238E-2 1.63378E-2 2.20717E-2 1.57572E-2 1.4669E-2 1.38594E-2 1.44151E-2 1.31046E-2 1.14337E-2 1.4297E-2 1.26408E-2 9.69851E-3 1.5344E-2 1.78944E-2 2.31175E-2 1.95023E-2 1.32125E-2 1.87512E-2 1.50392E-2 1.59344E-2 1.64643E-2 1.06723E-2 9.03287E-3
-9999 -9999 -9999 -9999 -9999 -9999 -9999 -9999 -9999 -9999 -9999 -9999 -9999 -9999 -9999 -9999 -9999 -9999 -9999 -9999 -9999 -9999 -9999 -9999 -9999 2.46094E-2 1.76278E-2 1.07281E-2 9.93944E-3 1.00392E-2 9.67869E-3 1.25105E-2 1.67068E-2 3.32112E-2 2.8218E-2 2.17105E-2 2.05433E-2 2.25979E-2 2.5252E-2 2.2944E-2 8.72574E-3 1.06034E-2 7.6883E-3 8.0511E-3 7.79505E-3 6.97858E-3 8.77834E-3 7.88028E-3 7.12092E-3 1.53249E-2 2.25563E-2 2.16067E-2 2.34016E-2 2.24828E-2 1.46648E-2 1.29079E-2 1.3217E-2 1.42489E-2 1.14323E-2 9.08958E-3
-9999 -9999 -9999 -9999 -9999 -9999 -9999 -9999 -9999 -9999 -9999 -9999 -9999 -9999 -9999 -9999 -9999 -9999 -9999 -9999 -9999 -9999 -9999 -9999 1.53846E-3 1.90617E-2 1.84708E-2 1.43618E-2 1.2463E-2 1.15722E-2 1.28985E-2 1.20239E-2 1.40695E-2 2.2161E-2 2.43744E-2 2.47613E-2 2.51612E-2 2.97151E-2 2.78846E-2 2.53186E-2 1.20386E-2 1.57453E-2 1.78572E-2 1.85738E-2 1.33132E-2 5.17563E-3 7.47125E-3 1.64855E-2 1.61273E-2 8.72946E-3 2.42281E-2 2.31536E-2 2.21997E-2 2.52025E-2 2.57748E-2 2.73068E-2 1.79435E-2 7.04435E-3 1.12184E-2 7.64062E-3
-9999 -9999 -9999 -9999 -9999 -9999 -9999 -9999 -9999 -9999 -9999 -9999 -9999 -9999 -9999 -9999 -9999 -9999 -9999 -9999 -9999 -9999 -9999 -9999 2.67571E-3 3.20594E-2 1.74907E-2 1.4867E-2 1.4219E-2 1.60094E-2 1.4004E-2 1.51235E-2 1.06812E-2 1.15771E-2 1.85222E-2 3.01104E-2 3.28574E-2 3.14553E-2 2.12209E-2 1.79301E-2 2.4365E-2 2.41852E-2 2.76223E-2 2.35346E-2 1.87589E-2 1.30201E-2 1.61106E-2 1.80979E-2 1.79241E-2 2.13184E-2 2.93256E-2 2.47719E-2 1.94561E-2 1.97469E-2 1.98923E-2 2.16175E-2 2.39274E-2 2.10026E-2 9.43883E-3 1.36172E-2
-9999 -9999 -9999 -9999 -9999 -9999 -9999 -9999 -9999 -9999 -9999 -9999 -9999 -9999 -9999 -9999 -9999 -9999 -9999 -9999 -9999 -9999 -9999 -9999 4.75747E-3 3.81614E-2 9.33643E-3 1.37148E-2 1.99089E-2 2.76821E-2 1.19013E-2 2.0234E-2 2.40931E-2 2.41413E-2 2.90855E-2 3.27346E-2 3.25023E-2 1.89379E-2 3.5305E-2 3.51974E-2 2.86576E-2 2.77913E-2 2.61986E-2 2.1855E-2 1.8395E-2 1.41167E-2 1.6464E-2 1.87523E-2 1.56819E-2 2.89216E-2 3.04271E-2 2.41637E-2 1.4346E-2 1.27127E-2 1.09383E-2 1.52366E-2 1.51724E-2 1.15332E-2 4.84061E-3 7.52816E-3
-9999 -9999 -9999 -9999 -9999 -9999 -9999 -9999 -9999 -9999 -9999 -9999 -9999 -9999 -9999 -9999 -9999 -9999 -9999 -9999 -9999 -9999 -9999 9.01286E-3 3.24717E-2 2.37658E-2 1.82025E-2 1.9717E-2 2.5673E-2 3.52958E-2 2.78979E-2 2.84624E-2 2.97406E-2 2.79525E-2 3.00097E-2 3.8416E-2 3.79546E-2 3.91633E-2 3.67423E-2 3.456E-2 2.43668E-2 2.99255E-2 2.15447E-2 1.85438E-2 1.60412E-2 1.50268E-2 2.11151E-2 1.90872E-2 1.66926E-2 3.38661E-2 2.81235E-2 2.06958E-2 1.26765E-2 1.20221E-2 9.81727E-3 1.04001E-2 9.30822E-3 8.86147E-3 4.24876E-3 6.3688E-3
-9999 -9999 -9999 -9999 -9999 -9999 -9999 -9999 -9999 -9999 -9999 -9999 -9999 -9999 -9999 -9999 -9999 -9999 -9999 -9999 -9999 -9999 -9999 7.49563E-3 1.38262E-2 1.5915E-2 1.65056E-2 2.68667E-2 3.17993E-2 3.43042E-2 3.1934E-2 2.70962E-2 2.68208E-2 2.57174E-2 2.9452E-2 3.42821E-2 3.95834E-2 3.9326E-2 3.22338E-2 2.98847E-2 2.39589E-2 3.84984E-2 3.02937E-2 2.73597E-2 2.77138E-2 2.35282E-2 2.52844E-2 1.54596E-2 7.86449E-3 1.89664E-2 1.80509E-2 1.00813E-2 1.30469E-2 9.87602E-3 6.56614E-3 8.46952E-3 6.46308E-3 7.53735E-3 5.64619E-3 3.82218E-3
-9999 -9999 -9999 -9999 -9999 -9999 -9999 -9999 -9999 -9999 -9999 -9999 -9999 -9999 -9999 -9999 -9999 -9999 -9999 -9999 -9999 -9999 -9999 5.43855E-3 6.71292E-3 1.2672E-2 1.80659E-2 2.52779E-2 2.68623E-2 2.93361E-2 2.59852E-2 2.21195E-2 2.0397E-2 2.15024E-2 2.69256E-2 2.82925E-2 3.20127E-2 3.1506E-2 2.65089E-2 3.1628E-2 3.20976E-2 4.7512E-2 3.86044E-2 5.31931E-2 4.68974E-2 2.58678E-2 2.48757E-2 1.54967E-2 5.26235E-3 6.13419E-3 6.53297E-3 6.14675E-3 1.11305E-2 9.73859E-3 5.45841E-3 8.98058E-3 7.52425E-3 7.13753E-3 6.31347E-3 5.47649E-3
-9999 -9999 -9999 -9999 -9999 -9999 -9999 -9999 -9999 -9999 -9999 -9999 -9999 -9999 -9999 -9999 -9999 -9999 -9999 -9999 -9999 -9999 6.3033E-3 1.36097E-2 1.1788E-2 2.28141E-2 3.43049E-2 3.37716E-2 3.21433E-2 2.91509E-2 2.80706E-2 2.40556E-2 2.57641E-2 2.6581E-2 2.78384E-2 2.82614E-2 3.04017E-2 3.58115E-2 4.16327E-2 5.86005E-2 6.69063E-2 8.29084E-2 7.83391E-2 9.42538E-2 7.5489E-2 2.615E-2 2.61712E-2 1.2098E-2 1.10557E-2 1.18116E-2 1.52663E-2 1.48311E-2 1.61783E-2 1.31055E-2 9.05823E-3 1.96071E-2 1.35354E-2 8.21762E-3 5.28496E-3 6.15834E-3
-9999 -9999 -9999 -9999 -9999 -9999 -9999 -9999 -9999 -9999 -9999 -9999 -9999 -9999 -9999 -9999 -9999 -9999 -9999 -9999 -9999 -9999 4.59307E-3 6.18709E-3 1.13766E-2 2.45453E-2 2.73821E-2 2.4045E-2 2.71635E-2 2.53838E-2 2.50997E-2 2.35055E-2 2.91343E-2 2.40044E-2 2.36364E-2 2.35696E-2 3.40779E-2 4.94116E-2 5.19983E-2 7.23774E-2 6.97191E-2 7.43008E-2 6.19282E-2 6.5769E-2 5.84286E-2 3.42446E-2 2.9994E-2 2.28198E-2 1.42755E-2 1.09831E-2 2.13285E-2 2.28597E-2 1.59312E-2 8.92322E-3 2.15577E-2 2.22636E-2 1.75119E-2 1.09009E-2 6.61577E-3 7.2723E-3
-9999 -9999 -9999 -9999 -9999 -9999 -9999 -9999 -9999 -9999 -9999 -9999 -9999 -9999 -9999 -9999 -9999 -9999 -9999 -9999 -9999 -9999 5.80544E-3 8.62192E-3 1.45395E-2 2.06782E-2 1.84172E-2 1.46675E-2 1.91683E-2 1.91764E-2 1.97616E-2 1.99854E-2 2.51761E-2 1.98173E-2 2.61529E-2 3.68581E-2 6.21205E-2 6.44691E-2 5.53126E-2 6.56817E-2 6.30365E-2 9.14027E-2 3.62874E-2 4.20027E-2 4.67524E-2 2.58122E-2 2.41758E-2 1.99129E-2 2.57108E-2 1.46087E-2 1.93743E-2 3.04024E-2 1.88344E-2 2.66033E-2 3.09758E-2 2.70929E-2 8.72407E-3 7.46493E-3 6.78952E-3 7.50998E-3
