Phytophthora/models/20240501_1942_05/Phytophthora_PA3_RUN1_MAXENT_outputs/Phytophthora_PA3_RUN1.asc
ncols         225
nrows         269
xllcorner     473000.0
yllcorner     4429100.0
cellsize      50.0
NODATA_value  -9999
[rows 135 to 161 of 269, columns 60 to 119 of 225]
1.7368E-1 1.28495E-1 2.38562E-1 2.62912E-1 1.78733E-1 2.44607E-1 2.46175E-1 1.9712E-1 2.34476E-1 3.15273E-1 3.98768E-1 4.7957E-1 3.47459E-1 3.65322E-1 5.25538E-1 5.60355E-1 5.74085E-1 5.3667E-1 5.06582E-1 3.68012E-1 3.86462E-1 4.42117E-1 5.81945E-1 4.79927E-1 4.59951E-1 4.68325E-1 4.94864E-1 3.18332E-1 2.57889E-1 2.87203E-1 2.70995E-1 2.26436E-1 1.97637E-1 2.30941E-1 2.77161E-1 3.15852E-1 4.77117E-1 4.89195E-1 4.91741E-1 3.30189E-1 4.3023E-1 4.60449E-1 4.06832E-1 3.59718E-1 3.83536E-1 1.96585E-1 2.3189E-1 3.82769E-1 4.30982E-1 4.63787E-1 4.67235E-1 4.04683E-1 2.84619E-1 4.33525E-1 4.10179E-1 3.74398E-1 2.73557E-1 1.89945E-1 1.66076E-1 1.53456E-1
2.24373E-1 3.6279E-1 3.30758E-1 2.83805E-1 2.14382E-1 1.5519E-1 2.30029E-1 2.59597E-1 3.24634E-1 3.30232E-1 3.45755E-1 3.99905E-1 2.60968E-1 1.12397E-1 3.2931E-1 5.39377E-1 6.01645E-1 5.39755E-1 4.75704E-1 3.55075E-1 3.98775E-1 4.49382E-1 4.00701E-1 4.67317E-1 4.78739E-1 3.51545E-1 3.97067E-1 2.766E-1 3.28834E-1 2.87014E-1 2.16884E-1 1.75196E-1 1.57798E-1 1.65346E-1 2.62706E-1 3.45044E-1 4.75964E-1 5.59427E-1 4.57942E-1 5.1624E-1 5.18625E-1 5.87852E-1 5.33117E-1 5.19314E-1 5.2529E-1 3.31215E-1 3.51118E-1 4.79611E-1 6.0197E-1 6.24688E-1 5.58279E-1 5.18722E-1 4.37386E-1 5.56255E-1 6.16791E-1 3.55451E-1 3.50753E-1 2.60003E-1 2.24746E-1 2.39668E-1
2.77337E-1 3.99611E-1 1.72919E-1 1.81667E-1 1.5148E-1 2.83005E-1 3.36936E-1 3.58358E-1 3.34158E-1 3.27355E-1 3.71659E-1 3.49458E-1 1.65022E-1 2.10501E-1 2.06689E-1 4.33618E-1 5.00672E-1 4.23747E-1 4.10214E-1 3.97618E-1 4.57143E-1 5.08996E-1 5.46165E-1 5.62549E-1 4.36773E-1 3.52359E-1 1.46876E-1 3.42974E-1 3.15581E-1 2.47865E-1 1.95883E-1 1.61552E-1 1.48516E-1 1.89255E-1 2.74934E-1 3.948E-1 4.39305E-1 3.86544E-1 5.90827E-1 6.08587E-1 5.98774E-1 6.00302E-1 5.93221E-1 5.91973E-1 5.70811E-1 3.71468E-1 3.00954E-1 5.21107E-1 5.27178E-1 5.54106E-1 6.03141E-1 5.00399E-1 5.15393E-1 5.32027E-1 5.7682E-1 2.94404E-1 2.97641E-1 2.56058E-1 2.28092E-1 2.44423E-1
1.92072E-1 2.19529E-1 2.80862E-1 2.79255E-1 2.17665E-1 2.805E-1 2.58359E-1 3.05583E-1 2.69948E-1 4.14271E-1 1.37723E-1 2.53688E-1 2.14687E-1 1.96142E-1 2.13715E-1 3.96967E-1 5.08296E-1 4.93294E-1 5.61337E-1 5.84681E-1 5.84565E-1 6.01108E-1 5.13895E-1 4.68804E-1 3.23829E-1 1.94095E-1 3.05131E-1 3.6169E-1 2.93546E-1 2.35447E-1 1.77127E-1 1.45045E-1 1.652E-1 2.19181E-1 3.29546E-1 4.47056E-1 4.98883E-1 4.2433E-1 5.39072E-1 6.24614E-1 6.40624E-1 4.79878E-1 4.99874E-1 4.53616E-1 4.35202E-1 4.63825E-1 3.82547E-1 4.5277E-1 4.46922E-1 5.36469E-1 5.61316E-1 4.39458E-1 4.44814E-1 5.38546E-1 4.8917E-1 1.33569E-1 3.0612E-1 2.2216E-1 2.0773E-1 2.142E-1
4.21786E-1 4.60818E-1 3.13498E-1 3.02318E-1 2.32153E-1 2.37641E-1 2.89394E-1 2.7016E-1 1.91517E-1 3.77645E-1 3.09056E-1 1.64077E-1 8.36043E-2 8.42926E-2 1.21345E-1 3.87508E-1 4.77858E-1 5.5367E-1 6.53039E-1 6.53466E-1 5.58792E-1 4.99978E-1 4.62836E-1 2.84787E-1 4.37407E-1 3.12967E-1 3.27547E-1 2.98929E-1 2.40007E-1 1.91372E-1 1.58716E-1 1.32664E-1 1.69798E-1 2.21697E-1 3.48091E-1 4.45082E-1 5.07903E-1 5.68223E-1 5.22783E-1 6.27506E-1 3.19016E-1 3.9847E-1 3.92083E-1 4.43434E-1 4.75571E-1 4.71922E-1 5.02088E-1 4.67345E-1 4.34944E-1 5.07589E-1 5.38133E-1 4.67409E-1 2.92891E-1 5.16408E-1 4.56143E-1 3.24449E-1 2.91403E-1 2.42052E-1 2.40078E-1 2.58143E-1
1.45963E-1 1.84225E-1 2.96288E-1 3.02979E-1 1.91874E-1 2.87856E-1 2.8573E-1 3.0278E-1 2.35892E-1 1.86528E-1 1.16299E-1 8.44155E-2 9.60975E-2 1.21346E-1 1.72407E-1 3.67875E-1 5.28551E-1 6.54264E-1 7.08368E-1 6.25629E-1 5.63061E-1 5.25527E-1 4.26268E-1 4.48312E-1 4.47738E-1 3.20735E-1 3.11077E-1 2.67824E-1 1.97552E-1 1.61068E-1 1.5119E-1 1.74907E-1 2.24081E-1 2.29E-1 3.65389E-1 4.83258E-1 5.4571E-1 6.17683E-1 5.87665E-1 6.30595E-1 4.96877E-1 4.59675E-1 4.64879E-1 4.73481E-1 4.74713E-1 4.40606E-1 4.53107E-1 4.68524E-1 4.01679E-1 4.93235E-1 4.61466E-1 4.68591E-1 6.40466E-1 5.54311E-1 3.10125E-1 2.96218E-1 3.15285E-1 2.85044E-1 2.72433E-1 2.76338E-1
2.33655E-1 2.10446E-1 3.80126E-1 3.62191E-1 2.16071E-1 3.55656E-1 3.47317E-1 2.857E-1 2.38098E-1 1.96527E-1 1.55256E-1 1.37457E-1 1.82217E-1 2.55542E-1 2.44524E-1 3.22081E-1 4.90664E-1 5.64998E-1 5.80132E-1 4.39282E-1 5.51978E-1 5.0324E-1 2.85039E-1 4.24001E-1 4.09559E-1 3.42255E-1 3.30784E-1 2.79107E-1 2.23484E-1 1.86054E-1 1.97407E-1 2.30396E-1 2.88827E-1 2.8866E-1 3.33473E-1 4.34223E-1 4.84271E-1 4.7798E-1 6.17391E-1 6.49834E-1 4.97119E-1 3.57203E-1 5.26806E-1 5.3721E-1 4.82626E-1 3.79873E-1 3.39221E-1 3.01673E-1 3.20657E-1 3.52129E-1 3.81861E-1 4.29448E-1 7.0567E-1 4.29992E-1 2.939E-1 4.0568E-1 4.22324E-1 3.63263E-1 3.31989E-1 3.49877E-1
2.47092E-1 4.07776E-1 4.46033E-1 3.63958E-1 3.01086E-1 3.93238E-1 3.63111E-1 2.92176E-1 2.35743E-1 2.36063E-1 2.1528E-1 1.98277E-1 2.41101E-1 2.72548E-1 2.91426E-1 3.27663E-1 4.49403E-1 5.80168E-1 5.9309E-1 4.2511E-1 3.97765E-1 3.69669E-1 4.47121E-1 4.39772E-1 3.95591E-1 3.46909E-1 2.8028E-1 2.45498E-1 2.07595E-1 2.10739E-1 2.43643E-1 2.91489E-1 3.47554E-1 3.59317E-1 4.13129E-1 4.19493E-1 5.21229E-1 4.59404E-1 6.20315E-1 6.97599E-1 6.15814E-1 5.71396E-1 5.43251E-1 5.094E-1 4.44236E-1 3.54431E-1 3.17793E-1 2.85178E-1 3.40537E-1 3.92333E-1 4.83073E-1 4.40116E-1 4.80131E-1 4.49346E-1 3.99544E-1 3.4295E-1 3.81744E-1 3.43933E-1 3.1018E-1 3.25618E-1
1.77906E-1 4.20037E-1 5.94631E-1 3.50901E-1 3.75549E-1 4.54651E-1 3.47763E-1 2.86934E-1 2.93996E-1 1.73984E-1 1.02625E-1 2.48887E-1 2.92335E-1 3.3162E-1 3.78045E-1 4.21668E-1 3.75041E-1 5.52074E-1 5.4619E-1 5.34032E-1 5.84717E-1 5.05554E-1 4.64683E-1 4.30623E-1 3.7201E-1 3.42132E-1 2.5666E-1 2.04048E-1 2.03192E-1 2.42636E-1 2.97899E-1 3.73075E-1 4.052E-1 3.72231E-1 3.90116E-1 4.56137E-1 5.07165E-1 6.14934E-1 6.0321E-1 6.92671E-1 5.54045E-1 5.49817E-1 5.12571E-1 4.76145E-1 4.33118E-1 3.19539E-1 2.79076E-1 3.15443E-1 3.75291E-1 3.94072E-1 5.30645E-1 3.70469E-1 5.3249E-1 4.80764E-1 4.52788E-1 4.07031E-1 3.59273E-1 2.9293E-1 3.21106E-1 3.39344E-1
1.90445E-1 3.06721E-1 3.68906E-1 3.34915E-1 4.12431E-1 4.54747E-1 3.8708E-1 3.49297E-1 3.22153E-1 2.78993E-1 1.72314E-1 2.80802E-1 3.37618E-1 3.65234E-1 4.10063E-1 4.26142E-1 3.80671E-1 3.54745E-1 5.42648E-1 6.17889E-1 5.32793E-1 4.71388E-1 4.30557E-1 3.88898E-1 3.39459E-1 3.3211E-1 2.20152E-1 1.8696E-1 2.32525E-1 2.75187E-1 3.88301E-1 4.37809E-1 4.31171E-1 3.71009E-1 3.16611E-1 2.81934E-1 4.05884E-1 5.90483E-1 4.66254E-1 6.71941E-1 6.14756E-1 5.0429E-1 4.55354E-1 4.47445E-1 4.36386E-1 3.07282E-1 2.55473E-1 3.41136E-1 4.18382E-1 4.23443E-1 5.79295E-1 2.93379E-1 4.94595E-1 4.59398E-1 3.82503E-1 3.18931E-1 2.79882E-1 2.84E-1 3.16328E-1 4.25403E-1
3.60467E-1 2.01798E-1 4.40256E-1 4.50466E-1 4.14854E-1 4.61341E-1 3.87046E-1 3.94171E-1 3.4036E-1 3.08013E-1 2.42545E-1 3.41399E-1 3.63337E-1 3.83078E-1 4.39727E-1 4.25583E-1 2.43528E-1 3.93532E-1 4.28077E-1 6.1883E-1 4.82521E-1 3.95074E-1 3.69368E-1 3.30716E-1 3.15407E-1 3.0612E-1 2.14203E-1 1.87829E-1 2.38222E-1 3.0441E-1 4.06321E-1 4.05459E-1 3.88704E-1 3.84471E-1 4.02392E-1 4.26089E-1 4.45751E-1 3.05937E-1 6.02154E-1 6.70171E-1 7.20186E-1 5.51443E-1 4.43578E-1 4.25393E-1 4.00422E-1 2.96167E-1 2.64283E-1 3.20248E-1 6.38037E-1 3.94702E-1 6.25602E-1 5.74013E-1 4.59799E-1 4.83934E-1 4.49618E-1 3.88164E-1 3.37443E-1 3.39175E-1 3.38716E-1 3.43474E-1
5.59095E-1 6.27567E-1 5.35292E-1 5.5051E-1 4.13104E-1 3.18201E-1 3.48045E-1 4.50372E-1 4.51167E-1 3.85255E-1 4.63131E-1 3.76476E-1 3.77471E-1 3.55733E-1 4.11087E-1 5.04116E-1 4.26211E-1 4.73345E-1 4.93855E-1 6.3967E-1 4.1773E-1 3.85976E-1 3.22691E-1 3.02622E-1 3.12182E-1 2.63565E-1 1.84294E-1 1.74578E-1 2.12062E-1 2.57684E-1 3.72399E-1 3.42894E-1 3.28332E-1 3.3495E-1 3.8686E-1 5.02597E-1 5.12096E-1 3.88772E-1 4.94294E-1 6.70546E-1 7.50223E-1 7.10869E-1 5.47789E-1 5.08376E-1 4.31526E-1 1.19091E-1 2.9949E-1 2.63692E-1 4.99535E-1 5.30866E-1 6.0967E-1 5.41569E-1 4.54229E-1 2.91046E-1 3.97473E-1 3.54701E-1 3.28857E-1 2.88984E-1 1.63885E-1 4.00891E-1
3.34346E-1 5.31857E-1 4.02838E-1 5.30796E-1 4.90468E-1 4.40579E-1 2.81248E-1 3.73026E-1 5.02074E-1 4.5668E-1 3.01014E-1 5.54945E-1 3.97722E-1 4.01231E-1 4.31115E-1 5.25442E-1 4.33369E-1 4.87826E-1 5.01401E-1 4.49565E-1 4.47363E-1 3.66895E-1 2.88751E-1 2.71857E-1 3.18288E-1 2.65565E-1 1.92876E-1 1.98177E-1 2.11755E-1 2.69906E-1 3.51651E-1 3.39077E-1 2.98288E-1 2.96355E-1 3.60716E-1 5.13846E-1 5.46706E-1 5.25312E-1 4.51471E-1 4.36187E-1 7.48047E-1 7.17979E-1 6.62831E-1 2.59985E-1 2.14636E-1 1.07578E-1 3.46719E-1 2.43612E-1 3.74647E-1 4.20819E-1 3.7159E-1 4.02371E-1 4.29084E-1 4.07217E-1 3.86224E-1 2.31575E-1 3.44881E-1 2.42612E-1 2.72446E-1 1.58174E-1
4.53752E-1 3.22459E-1 3.8289E-1 4.31634E-1 4.13039E-1 4.36972E-1 4.59201E-1 4.95944E-1 5.08496E-1 5.14112E-1 2.3694E-1 2.9564E-1 4.46317E-1 4.5926E-1 4.56527E-1 5.3466E-1 3.88992E-1 4.88699E-1 5.30055E-1 5.12841E-1 4.7707E-1 3.85635E-1 3.23806E-1 3.1144E-1 4.10644E-1 2.90883E-1 2.15797E-1 2.22758E-1 2.04222E-1 2.89304E-1 3.185E-1 3.30403E-1 2.7627E-1 2.67147E-1 3.75717E-1 5.03514E-1 5.27952E-1 5.21698E-1 4.974E-1 5.08213E-1 5.66351E-1 7.01009E-1 5.32902E-1 5.29928E-1 2.19954E-1 1.39492E-1 1.40834E-1 1.31393E-1 1.93752E-1 2.68766E-1 3.0961E-1 3.39757E-1 3.88522E-1 4.10212E-1 3.91938E-1 3.24971E-1 2.93924E-1 3.38601E-1 2.77481E-1 1.96922E-1
4.36326E-1 3.21451E-1 3.48469E-1 3.53736E-1 3.41138E-1 4.10034E-1 4.93973E-1 6.32024E-1 2.26183E-1 5.23061E-1 3.70663E-1 3.59296E-1 4.46768E-1 4.04489E-1 3.08375E-1 5.35864E-1 3.47921E-1 5.01464E-1 5.29248E-1 5.89813E-1 5.29463E-1 4.34737E-1 3.95332E-1 3.75213E-1 4.78165E-1 3.33909E-1 2.71117E-1 3.00243E-1 2.5505E-1 3.32055E-1 2.93697E-1 3.02763E-1 2.71643E-1 2.64141E-1 3.91633E-1 4.66782E-1 4.77162E-1 4.54117E-1 4.43487E-1 4.70224E-1 5.2575E-1 5.5909E-1 6.21889E-1 2.61299E-1 1.89576E-1 1.22667E-1 1.01801E-1 1.39255E-1 1.62934E-1 3.5243E-1 1.64698E-1 2.52097E-1 3.06222E-1 2.90909E-1 3.51653E-1 3.28856E-1 3.41313E-1 3.21509E-1 2.46542E-1 1.83259E-1
5.45145E-1 3.8105E-1 3.95685E-1 3.82792E-1 3.82382E-1 4.25567E-1 4.94805E-1 4.74536E-1 5.88742E-1 3.85583E-1 4.48206E-1 4.32758E-1 4.54494E-1 2.91503E-1 4.72054E-1 5.29559E-1 5.24222E-1 5.11967E-1 4.87348E-1 5.87376E-1 5.63424E-1 5.07809E-1 4.65887E-1 4.57614E-1 5.42354E-1 3.85896E-1 3.83112E-1 3.66675E-1 2.99192E-1 3.56089E-1 2.6791E-1 2.80818E-1 2.83917E-1 2.81745E-1 3.92978E-1 4.20807E-1 4.17595E-1 3.90116E-1 3.84072E-1 4.12801E-1 4.80011E-1 2.42827E-1 3.09352E-1 2.47716E-1 2.00726E-1 1.28729E-1 1.06554E-1 3.0174E-1 2.76181E-1 1.82923E-1 3.31727E-1 1.60282E-1 2.72653E-1 3.29848E-1 3.21238E-1 2.8607E-1 2.9072E-1 2.52353E-1 2.21276E-1 2.04379E-1
5.93825E-1 4.64406E-1 4.87112E-1 4.94623E-1 4.77972E-1 4.88556E-1 4.89707E-1 5.21037E-1 5.23061E-1 5.02863E-1 6.6178E-1 6.40404E-1 5.41758E-1 6.32724E-1 6.39673E-1 6.11301E-1 5.64022E-1 5.33616E-1 4.86088E-1 4.96541E-1 6.23856E-1 5.96406E-1 5.86303E-1 6.58791E-1 6.4717E-1 5.39994E-1 5.38675E-1 4.4805E-1 4.2785E-1 4.25009E-1 4.577E-1 4.5502E-1 4.15352E-1 4.5708E-1 5.01747E-1 4.90094E-1 4.79736E-1 4.38944E-1 4.32653E-1 4.1935E-1 3.46699E-1 2.14555E-1 2.46667E-1 2.10216E-1 1.98552E-1 1.81098E-1 1.17688E-1 9.26325E-2 2.18055E-1 1.58566E-1 1.35474E-1 1.85083E-1 2.20006E-1 2.51319E-1 3.03246E-1 3.86804E-1 3.82011E-1 3.85582E-1 4.74987E-1 4.07666E-1
4.9202E-1 5.62129E-1 5.79347E-1 5.58912E-1 5.26357E-1 4.80252E-1 3.40666E-1 4.17824E-1 4.77607E-1 4.69036E-1 4.88747E-1 5.33328E-1 5.55505E-1 6.39625E-1 6.24206E-1 5.54892E-1 4.9743E-1 4.7207E-1 4.9741E-1 5.20573E-1 5.9734E-1 4.88007E-1 6.02707E-1 7.31244E-1 6.69795E-1 5.79973E-1 5.45961E-1 4.89169E-1 4.68585E-1 4.42904E-1 5.04455E-1 4.95267E-1 4.04162E-1 5.00753E-1 5.59847E-1 5.93144E-1 5.57849E-1 4.94341E-1 4.35883E-1 4.03067E-1 2.09978E-1 2.51654E-1 2.43853E-1 2.16126E-1 2.11374E-1 2.2714E-1 1.81864E-1 1.39341E-1 2.69461E-1 1.91362E-1 1.53853E-1 4.1412E-1 2.00634E-1 2.37594E-1 2.87179E-1 3.51803E-1 3.79877E-1 4.16667E-1 4.54999E-1 3.46057E-1
5.27419E-1 5.99774E-1 5.56596E-1 4.02989E-1 3.56727E-1 4.11182E-1 4.92661E-1 5.54984E-1 5.46407E-1 5.88427E-1 6.76769E-1 5.75724E-1 6.78688E-1 6.44279E-1 5.98367E-1 5.09343E-1 5.09903E-1 5.40929E-1 6.04708E-1 6.15643E-1 6.24948E-1 4.71165E-1 6.69418E-1 7.46953E-1 6.86459E-1 6.50381E-1 6.11213E-1 5.46446E-1 5.22353E-1 4.96367E-1 5.71535E-1 5.42393E-1 3.7731E-1 5.51883E-1 6.1014E-1 6.75331E-1 6.94827E-1 6.74201E-1 5.22945E-1 3.53036E-1 2.38213E-1 2.47954E-1 2.19208E-1 1.94537E-1 1.96423E-1 2.33576E-1 2.73129E-1 3.1645E-1 3.40958E-1 3.18038E-1 2.74528E-1 1.9173E-1 1.79229E-1 1.8904E-1 2.26283E-1 3.1356E-1 3.59355E-1 3.33847E-1 2.96394E-1 2.96149E-1
5.54588E-1 5.92783E-1 4.14771E-1 5.8792E-1 5.57971E-1 5.1263E-1 5.05102E-1 5.41574E-1 5.36426E-1 5.77561E-1 6.97863E-1 6.45812E-1 6.4374E-1 6.40703E-1 6.05477E-1 5.55673E-1 5.82355E-1 6.04615E-1 6.81643E-1 6.91633E-1 6.45674E-1 6.58896E-1 7.12565E-1 7.42833E-1 6.93994E-1 6.99857E-1 6.45802E-1 6.01378E-1 5.68131E-1 5.41332E-1 6.06178E-1 5.57522E-1 3.69353E-1 5.93301E-1 6.71192E-1 6.66464E-1 7.46372E-1 7.47873E-1 4.74655E-1 5.63273E-1 3.58999E-1 3.28345E-1 2.56382E-1 2.29471E-1 2.32885E-1 2.54287E-1 3.08882E-1 3.57599E-1 3.8585E-1 4.26713E-1 2.62572E-1 2.39045E-1 2.53047E-1 2.51917E-1 2.71143E-1 2.80759E-1 2.61969E-1 3.87151E-1 4.38614E-1 4.79767E-1
5.58659E-1 5.71333E-1 4.13979E-1 5.61545E-1 4.98617E-1 4.39264E-1 4.78274E-1 5.26975E-1 4.63227E-1 5.73297E-1 7.09446E-1 6.83402E-1 5.39636E-1 6.45749E-1 6.23497E-1 6.04961E-1 5.86299E-1 5.14526E-1 6.38258E-1 6.22214E-1 6.21567E-1 6.80316E-1 6.97898E-1 7.16579E-1 7.14374E-1 7.31585E-1 6.3393E-1 5.9551E-1 5.93849E-1 5.46104E-1 5.95212E-1 5.61952E-1 5.59752E-1 6.2327E-1 7.03358E-1 7.11582E-1 7.79353E-1 6.51765E-1 7.93759E-1 6.72973E-1 4.05828E-1 3.08006E-1 2.83542E-1 3.0799E-1 3.13683E-1 2.99195E-1 3.46835E-1 4.01861E-1 4.63131E-1 4.70363E-1 4.01493E-1 3.79235E-1 2.83123E-1 2.00043E-1 2.62039E-1 3.90538E-1 4.37178E-1 4.87527E-1 5.04986E-1 5.30318E-1
5.41462E-1 3.56504E-1 5.13013E-1 5.29277E-1 4.41055E-1 3.75804E-1 3.84218E-1 5.3177E-1 5.53399E-1 5.86007E-1 5.76505E-1 5.48721E-1 3.49742E-1 4.97702E-1 5.1235E-1 5.49581E-1 3.76079E-1 6.16671E-1 6.20219E-1 5.3648E-1 4.12611E-1 6.44081E-1 7.08206E-1 6.646E-1 6.87573E-1 7.39532E-1 6.19773E-1 5.8223E-1 6.0868E-1 5.40946E-1 5.35021E-1 5.73177E-1 5.64482E-1 6.29878E-1 7.01968E-1 6.56084E-1 7.23178E-1 6.00422E-1 6.32809E-1 5.50225E-1 5.12278E-1 5.08161E-1 5.00081E-1 4.79195E-1 4.01368E-1 2.89087E-1 2.68994E-1 3.67289E-1 4.52526E-1 4.91977E-1 5.79107E-1 4.0345E-1 4.96989E-1 4.80146E-1 4.53579E-1 3.71001E-1 3.9518E-1 2.92549E-1 3.29723E-1 4.25991E-1
4.53967E-1 3.82688E-1 5.19308E-1 4.63877E-1 3.91889E-1 3.44155E-1 3.01293E-1 2.96265E-1 6.04184E-1 5.38929E-1 5.52947E-1 5.17331E-1 3.38581E-1 4.72167E-1 4.07014E-1 5.01717E-1 5.46517E-1 7.18791E-1 6.15706E-1 5.72596E-1 5.75709E-1 7.32965E-1 7.23356E-1 7.10946E-1 7.06827E-1 7.42449E-1 5.30856E-1 6.10719E-1 6.06221E-1 5.39109E-1 5.44131E-1 5.14941E-1 5.4816E-1 6.29731E-1 6.89747E-1 6.12724E-1 5.66915E-1 5.43399E-1 6.17215E-1 4.70255E-1 4.28234E-1 4.82952E-1 5.01904E-1 4.99513E-1 4.42676E-1 3.74212E-1 4.00955E-1 4.09017E-1 4.59955E-1 4.97794E-1 6.17525E-1 5.79954E-1 5.31635E-1 5.25762E-1 4.66572E-1 3.65689E-1 4.58073E-1 4.72912E-1 3.33663E-1 3.29201E-1
3.05853E-1 5.31912E-1 5.28084E-1 4.56467E-1 3.7206E-1 3.13557E-1 2.83024E-1 2.25853E-1 5.17803E-1 5.13407E-1 5.38982E-1 5.08976E-1 3.0685E-1 3.52554E-1 5.07963E-1 6.06862E-1 5.65197E-1 7.12328E-1 5.06592E-1 5.62878E-1 7.41428E-1 7.66634E-1 7.63142E-1 7.52084E-1 7.47981E-1 7.42045E-1 5.85786E-1 6.06334E-1 5.88982E-1 5.69669E-1 5.59983E-1 5.26E-1 5.25524E-1 5.44528E-1 1.7021E-1 3.52043E-1 3.1489E-1 3.8753E-1 6.21761E-1 6.23314E-1 6.70586E-1 6.02408E-1 5.5793E-1 5.63257E-1 5.21214E-1 4.45584E-1 4.05923E-1 3.47402E-1 3.28814E-1 4.47109E-1 5.32471E-1 5.57818E-1 5.09345E-1 4.94495E-1 4.79686E-1 5.10442E-1 5.10995E-1 4.61071E-1 4.60336E-1 4.96815E-1
5.1023E-1 5.46548E-1 5.03716E-1 4.45934E-1 3.62868E-1 3.25426E-1 1.47044E-1 3.58816E-1 3.54912E-1 4.65341E-1 4.81137E-1 4.87864E-1 4.45319E-1 3.30049E-1 5.19312E-1 5.80483E-1 5.48231E-1 5.01923E-1 5.2236E-1 7.31902E-1 7.3931E-1 5.49412E-1 6.41902E-1 6.84891E-1 7.36888E-1 7.30362E-1 6.132E-1 5.6956E-1 4.07804E-1 5.72639E-1 5.96028E-1 5.89607E-1 5.59501E-1 1.90693E-1 3.87462E-1 4.13969E-1 3.61606E-1 2.95399E-1 7.47977E-1 5.52376E-1 5.98724E-1 6.38845E-1 6.0547E-1 6.01299E-1 5.77748E-1 4.99126E-1 4.44003E-1 3.56037E-1 2.68374E-1 3.13193E-1 5.15377E-1 4.85218E-1 5.18606E-1 6.28492E-1 5.78212E-1 4.54753E-1 4.46127E-1 4.71358E-1 5.4498E-1 5.81437E-1
5.27484E-1 5.12513E-1 4.87283E-1 4.28031E-1 3.58565E-1 3.8704E-1 3.7933E-1 5.42616E-1 4.88855E-1 5.18015E-1 5.14304E-1 4.76243E-1 4.22484E-1 4.48529E-1 4.84906E-1 4.32603E-1 6.54286E-1 4.58425E-1 6.29203E-1 7.45191E-1 6.89804E-1 6.37622E-1 7.21876E-1 7.42475E-1 6.75703E-1 6.25279E-1 6.28737E-1 4.39083E-1 5.55523E-1 5.37371E-1 5.98312E-1 5.71291E-1 5.23824E-1 4.35987E-1 4.84356E-1 5.19436E-1 4.49105E-1 3.12933E-1 1.57657E-1 2.17221E-1 2.54613E-1 4.48613E-1 5.39313E-1 5.65875E-1 5.85269E-1 4.66552E-1 4.29462E-1 3.64588E-1 2.68205E-1 1.88821E-1 1.52552E-1 2.22492E-1 6.07839E-1 5.64514E-1 4.67019E-1 3.42699E-1 3.51387E-1 3.54527E-1 5.33722E-1 5.53303E-1
4.29023E-1 4.50292E-1 4.3181E-1 4.44448E-1 4.14911E-1 3.90851E-1 6.11777E-1 5.76407E-1 5.39512E-1 3.89906E-1 3.83515E-1 4.3181E-1 4.34724E-1 3.25385E-1 5.2685E-1 3.14995E-1 5.44032E-1 5.12234E-1 6.09666E-1 6.2314E-1 6.23919E-1 6.34355E-1 7.35119E-1 6.37624E-1 7.83639E-1 6.73487E-1 5.0726E-1 4.8012E-1 4.34774E-1 4.49934E-1 5.29651E-1 4.83878E-1 5.17473E-1 5.08846E-1 5.51315E-1 5.58454E-1 5.60099E-1 5.17367E-1 4.64038E-1 4.13672E-1 3.37945E-1 3.58134E-1 3.65231E-1 4.20395E-1 2.66355E-1 3.67288E-1 3.27021E-1 2.74999E-1 2.19761E-1 1.70622E-1 1.06218E-1 1.55026E-1 2.62572E-1 1.82787E-1 1.98138E-1 1.66005E-1 1.98378E-1 2.21747E-1 4.16202E-1 5.01309E-1
