Phytophthora/models/20240501_1942_05/Phytophthora_PA3_RUN1_MAXENT_outputs/Phytophthora_PA3_RUN1.asc
ncols         225
nrows         269
xllcorner     473000.0
yllcorner     4429100.0
cellsize      50.0
NODATA_value  -9999
[rows 162 to 188 of 269, columns 0 to 59 of 225]
-9999 -9999 -9999 -9999 -9999 -9999 -9999 -9999 1.76708E-1 4.07221E-1 4.57723E-1 4.98669E-1 5.64529E-1 6.44364E-1 6.96657E-1 7.36459E-1 7.87373E-1 7.88701E-1 7.58737E-1 6.973E-1 5.44813E-1 4.61021E-1 3.93109E-1 4.29679E-1 5.16462E-1 6.06613E-1 7.1852E-1 5.32374E-1 6.21538E-1 6.25741E-1 2.81685E-1 4.79058E-1 4.40383E-1 3.94905E-1 5.05619E-1 5.44471E-1 5.43168E-1 5.81993E-1 6.18268E-1 5.30881E-1 5.62515E-1 4.82683E-1 3.94585E-1 3.67742E-1 4.2048E-1 4.75392E-1 4.53128E-1 4.38741E-1 4.28228E-1 3.47025E-1 4.07036E-1 4.89018E-1 5.93015E-1 6.9715E-1 4.81274E-1 5.90095E-1 5.464E-1 5.94896E-1 5.42503E-1 6.6535E-1
-9999 -9999 -9999 -9999 -9999 -9999 -9999 1.76313E-1 1.82602E-1 1.56161E-1 3.73295E-1 3.57553E-1 4.51758E-1 6.5107E-1 7.00532E-1 7.17178E-1 6.52333E-1 6.6898E-1 6.67977E-1 6.22432E-1 5.53588E-1 5.11871E-1 4.34757E-1 4.42795E-1 5.31557E-1 6.28758E-1 7.31488E-1 6.44143E-1 5.98326E-1 5.23273E-1 6.88244E-1 6.92812E-1 6.9351E-1 6.75101E-1 5.85346E-1 4.55299E-1 5.82377E-1 6.6724E-1 6.01689E-1 5.84539E-1 5.978E-1 4.89552E-1 4.17107E-1 4.05568E-1 4.8154E-1 5.54322E-1 5.00566E-1 4.61743E-1 4.16891E-1 3.7022E-1 4.05423E-1 4.6554E-1 5.45603E-1 5.95532E-1 6.00838E-1 4.64022E-1 6.04386E-1 5.62151E-1 6.75327E-1 3.16563E-1
-9999 -9999 -9999 -9999 -9999 -9999 -9999 1.61367E-1 2.19783E-1 1.92573E-1 1.65078E-1 3.19635E-1 4.3404E-1 5.00568E-1 6.91841E-1 7.82069E-1 5.98879E-1 8.00151E-1 4.76999E-1 6.22945E-1 6.05092E-1 5.38991E-1 4.56764E-1 4.28395E-1 5.15281E-1 5.85877E-1 7.22147E-1 7.29838E-1 5.8837E-1 4.50515E-1 4.99465E-1 5.13163E-1 5.5095E-1 5.60938E-1 6.25517E-1 6.53065E-1 4.72019E-1 6.47534E-1 6.6537E-1 6.65733E-1 6.63047E-1 5.25421E-1 4.79468E-1 4.66349E-1 5.62379E-1 5.80069E-1 5.45272E-1 4.96783E-1 4.33458E-1 4.20435E-1 3.95356E-1 4.62586E-1 5.62949E-1 6.7882E-1 5.15131E-1 6.19347E-1 6.11328E-1 3.17947E-1 5.28166E-1 3.97275E-1
-9999 -9999 -9999 -9999 -9999 -9999 9.31404E-2 8.11231E-2 8.15902E-2 1.16814E-1 1.93539E-1 2.92986E-1 3.64347E-1 4.16295E-1 6.50754E-1 6.50862E-1 7.64941E-1 5.6358E-1 4.73361E-1 6.18306E-1 6.28317E-1 5.66082E-1 4.75922E-1 4.0583E-1 4.81551E-1 5.44682E-1 6.81694E-1 6.9688E-1 5.28306E-1 7.09791E-1 3.45804E-1 3.08892E-1 3.20279E-1 3.18134E-1 4.85247E-1 5.66388E-1 5.71362E-1 4.47457E-1 6.29932E-1 5.69931E-1 6.13643E-1 5.31645E-1 5.55362E-1 5.21622E-1 5.59188E-1 3.88929E-1 5.37731E-1 5.19038E-1 4.45351E-1 4.01237E-1 3.85843E-1 4.48727E-1 4.38978E-1 5.78675E-1 5.13919E-1 4.38173E-1 5.33437E-1 4.01656E-1 3.055E-1 2.00479E-1
-9999 -9999 -9999 -9999 -9999 1.47433E-1 1.27333E-1 1.21908E-1 1.63477E-1 3.0328E-1 4.76974E-1 4.78979E-1 4.88371E-1 5.29377E-1 6.92915E-1 7.3421E-1 5.64285E-1 5.36992E-1 5.63128E-1 5.52909E-1 5.41178E-1 4.81162E-1 4.08906E-1 3.37355E-1 3.67927E-1 3.75489E-1 4.41764E-1 3.93788E-1 5.53524E-1 2.15753E-1 2.41288E-1 2.79744E-1 3.35539E-1 4.12277E-1 4.9274E-1 5.3513E-1 5.39509E-1 4.62818E-1 6.1566E-1 6.94424E-1 6.91908E-1 4.77645E-1 5.34976E-1 5.27516E-1 4.50463E-1 5.31565E-1 5.7241E-1 5.3958E-1 4.72428E-1 4.15076E-1 4.07886E-1 4.97748E-1 4.31461E-1 4.31778E-1 3.97881E-1 4.00561E-1 4.9616E-1 3.15329E-1 3.08341E-1 2.29354E-1
-9999 -9999 -9999 -9999 -9999 1.41494E-1 1.45711E-1 2.35146E-1 3.07188E-1 3.73108E-1 5.51456E-1 5.06275E-1 4.81717E-1 3.52481E-1 5.73861E-1 4.48745E-1 5.23152E-1 5.55489E-1 5.36535E-1 5.05974E-1 5.14258E-1 3.58935E-1 4.18988E-1 3.12316E-1 3.27355E-1 2.95531E-1 3.41028E-1 3.60796E-1 3.07435E-1 2.76942E-1 3.34731E-1 3.93562E-1 4.24238E-1 5.58606E-1 6.0328E-1 5.58588E-1 4.99178E-1 5.69969E-1 6.79725E-1 6.90934E-1 6.42347E-1 5.72919E-1 5.28802E-1 5.58722E-1 5.65397E-1 5.97917E-1 5.69429E-1 5.03082E-1 4.8335E-1 4.7697E-1 4.40061E-1 4.1108E-1 2.10332E-1 3.18675E-1 3.56825E-1 1.76572E-1 3.59163E-1 3.19915E-1 3.12211E-1 3.02623E-1
-9999 -9999 -9999 -9999 -9999 1.72762E-1 2.75661E-1 3.22709E-1 3.56829E-1 4.31077E-1 5.89828E-1 5.54223E-1 5.32356E-1 5.87228E-1 5.07945E-1 4.89748E-1 5.24982E-1 5.67428E-1 5.55928E-1 5.1512E-1 3.49088E-1 2.84656E-1 4.24829E-1 2.64825E-1 3.66421E-1 2.70917E-1 2.17089E-1 4.53321E-1 3.72005E-1 3.72734E-1 4.15245E-1 4.77503E-1 5.65819E-1 6.60989E-1 6.15687E-1 4.33282E-1 6.07161E-1 6.88094E-1 6.86594E-1 6.07949E-1 5.39026E-1 5.73995E-1 6.03463E-1 5.64673E-1 5.48547E-1 5.82153E-1 5.3853E-1 4.93028E-1 4.21872E-1 3.44028E-1 2.82429E-1 2.95244E-1 3.84619E-1 4.30219E-1 3.79009E-1 2.65476E-1 4.73438E-1 5.01103E-1 4.49547E-1 3.94424E-1
-9999 -9999 -9999 -9999 -9999 2.47058E-1 3.30344E-1 3.67591E-1 4.2404E-1 4.94886E-1 6.47023E-1 6.12714E-1 4.56857E-1 6.25217E-1 5.63414E-1 5.0766E-1 4.81547E-1 5.08247E-1 4.71152E-1 4.14507E-1 3.01178E-1 2.97298E-1 3.29036E-1 1.9142E-1 2.65175E-1 1.12022E-1 5.27837E-1 4.25112E-1 4.45235E-1 5.13062E-1 5.78029E-1 6.60252E-1 6.73896E-1 6.794E-1 4.31901E-1 5.54031E-1 6.90132E-1 6.76144E-1 6.60165E-1 5.0361E-1 4.68758E-1 5.01864E-1 4.81109E-1 4.60393E-1 4.8265E-1 5.56135E-1 4.96908E-1 4.10312E-1 3.95543E-1 3.43945E-1 3.12008E-1 3.02848E-1 3.52734E-1 3.23501E-1 3.39097E-1 4.297E-1 4.67367E-1 4.94975E-1 5.18077E-1 4.98194E-1
-9999 -9999 -9999 -9999 3.14203E-3 2.88513E-1 3.67551E-1 4.05415E-1 4.51473E-1 4.9735E-1 6.6221E-1 6.39799E-1 3.88465E-1 6.7832E-1 6.28677E-1 5.45003E-1 4.4926E-1 3.8831E-1 3.82108E-1 3.56593E-1 2.72891E-1 2.60884E-1 2.72358E-1 2.86705E-1 1.77623E-1 2.79531E-1 4.17274E-1 4.2163E-1 4.82837E-1 5.38643E-1 6.33547E-1 6.43834E-1 4.99536E-1 4.58014E-1 5.46133E-1 6.92599E-1 6.59995E-1 6.32567E-1 5.23839E-1 4.25761E-1 4.00638E-1 4.10049E-1 3.90399E-1 3.77418E-1 4.14267E-1 5.71349E-1 4.57728E-1 3.81402E-1 3.4619E-1 3.16218E-1 3.04108E-1 3.71304E-1 3.73574E-1 3.79156E-1 5.7163E-1 2.67789E-1 3.33357E-1 3.89704E-1 5.01807E-1 4.55434E-1
-9999 -9999 -9999 -9999 3.9396E-2 1.59313E-1 1.74925E-1 2.11727E-1 2.49028E-1 2.55985E-1 2.14192E-1 2.33732E-1 3.21567E-1 4.16279E-1 3.6193E-1 3.79106E-1 2.81288E-1 1.93826E-1 9.07358E-2 2.19947E-1 8.79036E-2 1.13006E-1 1.19369E-1 1.42913E-1 1.79755E-1 3.98589E-1 5.49095E-1 6.07011E-1 6.40165E-1 6.12236E-1 5.18146E-1 3.79732E-1 6.31261E-1 7.0712E-1 7.78454E-1 7.48666E-1 7.26257E-1 6.90476E-1 5.46997E-1 4.68809E-1 4.15425E-1 4.17832E-1 4.10712E-1 4.07107E-1 4.11529E-1 5.42414E-1 4.08258E-1 3.34381E-1 3.42254E-1 3.23692E-1 3.81753E-1 4.55779E-1 4.76162E-1 5.81879E-1 5.62061E-1 6.52612E-1 5.74378E-1 6.10591E-1 6.58294E-1 7.03589E-1
-9999 -9999 -9999 -9999 8.97649E-2 1.54894E-1 1.51998E-1 2.14189E-1 2.39736E-1 2.61909E-1 3.25235E-1 3.97296E-1 4.12657E-1 3.13032E-1 2.91492E-1 1.67238E-1 2.7075E-1 1.40223E-1 2.08643E-1 1.07905E-1 8.685E-2 9.6239E-2 1.09098E-1 1.50023E-1 1.84809E-1 4.18134E-1 4.489E-1 3.68145E-1 4.07736E-1 5.01724E-1 5.8593E-1 6.50497E-1 6.77343E-1 7.72718E-1 7.5597E-1 7.08914E-1 6.74682E-1 5.56026E-1 4.50521E-1 3.96229E-1 3.66656E-1 3.59249E-1 3.49479E-1 3.68553E-1 3.71643E-1 4.85662E-1 3.94125E-1 3.27267E-1 3.40405E-1 3.80942E-1 4.43691E-1 4.82714E-1 3.31584E-1 3.35611E-1 3.64872E-1 5.65147E-1 7.07048E-1 6.3052E-1 5.06583E-1 3.95899E-1
-9999 -9999 -9999 -9999 7.10739E-2 1.39332E-1 1.59152E-1 1.98222E-1 2E-1 2.21894E-1 2.84399E-1 3.36579E-1 2.99498E-1 2.85735E-1 1.66825E-1 1.35426E-1 2.3069E-1 1.56907E-1 9.96127E-2 1.19668E-1 1.10417E-1 1.29475E-1 1.50443E-1 1.99598E-1 2.53937E-1 4.19622E-1 3.48793E-1 5.0152E-1 5.84965E-1 6.10888E-1 6.20301E-1 6.55308E-1 7.43192E-1 7.36759E-1 7.13319E-1 6.66621E-1 6.0206E-1 4.64586E-1 3.92133E-1 3.63858E-1 3.67406E-1 3.43724E-1 3.12945E-1 3.35628E-1 3.6437E-1 4.24766E-1 4.46395E-1 3.60924E-1 3.70904E-1 4.7495E-1 2.20371E-1 5.83012E-1 4.03943E-1 4.0952E-1 3.93427E-1 3.85161E-1 4.68504E-1 6.23055E-1 5.34489E-1 5.21814E-1
-9999 -9999 -9999 -9999 7.79603E-2 9.52612E-2 1.45567E-1 2.4401E-1 2.42118E-1 2.26748E-1 2.82045E-1 3.19385E-1 2.32216E-1 3.81428E-1 1.8492E-1 1.52752E-1 2.02634E-1 1.26649E-1 1.29435E-1 1.63631E-1 1.81607E-1 1.96006E-1 2.03128E-1 2.83797E-1 3.30877E-1 5.50715E-1 5.00435E-1 6.24452E-1 6.09812E-1 6.24935E-1 5.56815E-1 5.80612E-1 6.59335E-1 6.77035E-1 6.50512E-1 6.12701E-1 4.84257E-1 4.22231E-1 4.8383E-1 4.2935E-1 4.23991E-1 4.06695E-1 3.58757E-1 3.64968E-1 4.37008E-1 4.13925E-1 4.79786E-1 5.19916E-1 4.02555E-1 4.58607E-1 4.03616E-1 3.84403E-1 4.24676E-1 4.75531E-1 4.26396E-1 4.00164E-1 2.33624E-1 3.96224E-1 3.77157E-1 5.12934E-1
-9999 -9999 -9999 6.23736E-2 6.69853E-2 1.07179E-1 1.51372E-1 2.26434E-1 2.18245E-1 2.56062E-1 3.05152E-1 3.23518E-1 4.78005E-1 2.1159E-1 2.09331E-1 2.34728E-1 1.84805E-1 1.85845E-1 2.10859E-1 2.40562E-1 3.1645E-1 3.78001E-1 4.22053E-1 3.64012E-1 4.74221E-1 5.31618E-1 6.74945E-1 6.90065E-1 6.35211E-1 5.92833E-1 5.11464E-1 4.37273E-1 6.12191E-1 6.14461E-1 5.892E-1 5.36298E-1 4.89313E-1 5.10965E-1 5.94595E-1 4.89764E-1 4.84226E-1 5.02538E-1 4.38511E-1 4.27941E-1 5.17535E-1 5.11438E-1 5.45374E-1 3.92635E-1 3.45381E-1 4.19009E-1 4.70418E-1 4.74515E-1 4.97437E-1 4.88497E-1 3.44293E-1 3.31273E-1 4.15163E-1 3.52826E-1 3.22173E-1 4.17168E-1
1.20401E-2 1.6436E-2 2.67368E-2 5.28406E-2 9.60908E-2 2.74698E-1 3.49201E-1 3.14068E-1 2.06682E-1 2.42563E-1 2.92588E-1 1.60178E-1 1.71607E-1 2.69645E-1 2.9999E-1 3.8353E-1 3.15684E-1 4.44102E-1 4.55183E-1 3.87267E-1 6.0891E-1 6.37229E-1 6.55584E-1 4.53956E-1 5.90717E-1 6.34903E-1 7.74853E-1 7.60727E-1 7.17026E-1 5.95645E-1 4.45614E-1 3.90217E-1 4.86588E-1 5.69398E-1 5.77477E-1 7.45212E-1 7.37319E-1 7.62968E-1 8.14638E-1 7.30404E-1 5.78556E-1 5.91035E-1 5.35557E-1 5.21271E-1 2.90819E-1 5.8933E-1 3.74926E-1 1.89888E-1 2.07062E-1 2.43999E-1 2.23938E-1 2.82003E-1 3.29068E-1 2.85962E-1 2.87822E-1 5.09439E-1 5.08783E-1 6.0756E-1 4.98645E-1 5.98807E-1
-9999 2.26686E-2 3.0067E-2 4.89004E-2 8.11714E-2 2.99368E-1 3.22622E-1 3.25356E-1 3.04277E-1 2.30656E-1 2.95432E-1 1.03537E-1 2.61983E-1 3.55818E-1 3.9227E-1 5.59975E-1 5.10225E-1 5.42742E-1 5.11727E-1 5.81981E-1 7.23963E-1 7.33353E-1 6.90144E-1 5.83688E-1 6.87509E-1 6.48605E-1 7.45261E-1 7.91036E-1 7.07872E-1 5.75854E-1 4.09385E-1 3.44846E-1 3.46267E-1 5.29209E-1 6.00183E-1 7.92626E-1 8.08473E-1 8.1878E-1 8.54683E-1 7.95864E-1 6.555E-1 6.53891E-1 5.28768E-1 7.63253E-1 4.07266E-1 2.66879E-1 2.44779E-1 2.2785E-1 1.96089E-1 2.53065E-1 2.43696E-1 2.51388E-1 2.71151E-1 3.28312E-1 4.31736E-1 6.30666E-1 5.69737E-1 6.0047E-1 7.15102E-1 6.72073E-1
-9999 -9999 5.08879E-2 6.81101E-2 1.05672E-1 2.20124E-1 2.9315E-1 3.10795E-1 3.11374E-1 3.35421E-1 3.60303E-1 4.5573E-1 4.34604E-1 4.68879E-1 4.54124E-1 5.06138E-1 4.72357E-1 4.99853E-1 4.24422E-1 4.10014E-1 4.99714E-1 5.32683E-1 5.02997E-1 5.09004E-1 4.65436E-1 5.64414E-1 7.70828E-1 8.37305E-1 7.5367E-1 6.38339E-1 4.52293E-1 3.76832E-1 3.24813E-1 4.62168E-1 6.26137E-1 8.08577E-1 8.50717E-1 8.53877E-1 8.76442E-1 8.14276E-1 7.469E-1 5.96531E-1 6.31692E-1 5.06518E-1 4.43389E-1 3.18772E-1 3.24555E-1 3.19501E-1 3.90649E-1 3.88076E-1 2.68647E-1 2.62363E-1 2.90765E-1 3.93852E-1 3.87185E-1 7.01261E-1 6.62859E-1 5.86982E-1 6.30928E-1 6.00664E-1
-9999 -9999 -9999 1.11977E-1 1.54745E-1 2.74318E-1 3.17746E-1 3.11613E-1 2.95867E-1 3.23118E-1 3.91498E-1 5.47451E-1 4.59183E-1 4.50485E-1 4.01468E-1 3.97953E-1 2.76001E-1 3.29374E-1 3.44302E-1 2.21376E-1 4.10432E-1 3.46622E-1 2.0082E-1 3.68223E-1 6.24254E-1 5.8506E-1 5.92798E-1 7.94909E-1 8.02617E-1 7.55765E-1 5.17187E-1 4.1693E-1 3.40272E-1 4.20601E-1 6.38989E-1 8.17246E-1 8.56891E-1 8.8575E-1 8.91935E-1 7.42818E-1 7.57944E-1 6.57245E-1 5.12335E-1 5.63131E-1 5.44011E-1 3.74412E-1 3.62629E-1 3.44924E-1 4.28697E-1 5.06578E-1 2.87123E-1 4.56321E-1 4.63374E-1 4.52143E-1 3.79926E-1 6.72618E-1 6.45824E-1 5.68854E-1 5.06249E-1 5.3442E-1
-9999 -9999 -9999 -9999 1.73414E-1 3.30847E-1 3.37866E-1 3.44235E-1 3.31858E-1 2.99171E-1 3.02446E-1 3.8609E-1 3.58307E-1 3.01669E-1 2.76825E-1 3.29736E-1 3.53436E-1 4.09021E-1 3.23877E-1 3.3076E-1 3.78287E-1 4.31996E-1 4.47153E-1 5.44519E-1 6.1551E-1 6.79973E-1 5.94286E-1 7.48449E-1 8.11818E-1 7.62345E-1 6.32191E-1 5.45217E-1 3.80723E-1 4.11436E-1 5.9569E-1 8.22404E-1 8.61E-1 8.91224E-1 8.9554E-1 8.62909E-1 6.04183E-1 4.94263E-1 4.41447E-1 5.15903E-1 4.58575E-1 2.76608E-1 2.30154E-1 3.47486E-1 4.07067E-1 3.79089E-1 4.90774E-1 5.02046E-1 4.86876E-1 4.59608E-1 3.77063E-1 6.61353E-1 6.39123E-1 6.13616E-1 5.99612E-1 5.07138E-1
-9999 -9999 -9999 -9999 3.98781E-1 4.36429E-1 3.8395E-1 2.50743E-1 4.51766E-1 4.21306E-1 1.58827E-1 3.09621E-1 3.04336E-1 2.972E-1 3.3514E-1 7.38703E-1 7.42838E-1 7.52116E-1 7.37108E-1 7.63614E-1 7.79173E-1 6.13762E-1 6.79881E-1 6.41531E-1 7.01135E-1 6.54448E-1 6.86795E-1 7.19462E-1 6.96177E-1 6.88821E-1 6.48037E-1 5.93073E-1 5.27553E-1 4.5658E-1 5.77217E-1 5.17785E-1 5.84895E-1 6.47242E-1 5.75069E-1 6.41297E-1 5.24862E-1 4.24706E-1 3.70153E-1 4.06949E-1 4.18825E-1 5.44898E-1 3.62098E-1 3.72146E-1 6.7285E-1 7.6095E-1 7.54909E-1 6.69881E-1 6.69901E-1 6.65476E-1 6.29508E-1 6.55088E-1 6.30058E-1 7.07828E-1 4.78719E-1 4.22485E-1
-9999 -9999 -9999 -9999 -9999 -9999 4.42126E-1 3.73808E-1 4.02971E-1 4.37359E-1 3.14952E-1 2.30115E-1 2.5552E-1 3.03415E-1 3.17711E-1 7.70796E-1 7.82122E-1 7.77808E-1 7.31691E-1 6.26659E-1 6.99191E-1 6.77023E-1 4.48547E-1 4.93703E-1 6.66438E-1 5.52331E-1 6.14803E-1 6.16245E-1 6.01239E-1 5.91931E-1 5.26356E-1 5.79886E-1 5.81461E-1 6.2532E-1 6.55944E-1 5.37378E-1 6.05956E-1 6.53534E-1 6.46329E-1 6.71569E-1 4.80803E-1 3.04239E-1 2.7683E-1 3.2223E-1 4.07561E-1 5.46655E-1 5.11672E-1 6.07951E-1 6.4649E-1 5.99612E-1 3.88557E-1 5.0739E-1 5.92273E-1 6.48056E-1 6.17554E-1 5.74245E-1 6.46039E-1 5.67853E-1 4.78155E-1 4.45879E-1
-9999 -9999 -9999 -9999 -9999 -9999 -9999 -9999 -9999 3.06447E-1 2.24393E-1 1.99871E-1 2.65701E-1 3.42386E-1 3.37765E-1 7.93968E-1 7.86394E-1 7.79557E-1 6.49119E-1 4.24599E-1 5.06312E-1 5.76175E-1 4.98455E-1 5.94915E-1 5.34962E-1 4.87471E-1 5.6767E-1 5.87173E-1 5.65998E-1 5.23412E-1 4.35311E-1 5.04892E-1 6.26544E-1 6.73593E-1 6.98085E-1 4.86779E-1 6.15325E-1 3.75028E-1 5.80534E-1 5.02144E-1 4.24254E-1 3.32525E-1 2.71103E-1 2.70201E-1 3.70536E-1 5.89249E-1 5.07798E-1 6.01551E-1 6.72984E-1 5.94419E-1 5.99951E-1 5.12348E-1 5.6244E-1 6.28746E-1 6.13751E-1 5.69318E-1 3.12091E-1 3.27065E-1 3.65696E-1 4.83749E-1
-9999 -9999 -9999 -9999 -9999 -9999 -9999 -9999 -9999 -9999 2.23879E-1 1.65108E-1 2.84261E-1 2.5363E-1 3.73717E-1 8.24466E-1 8.03007E-1 8.01862E-1 7.18362E-1 6.21074E-1 5.98529E-1 5.77535E-1 4.776E-1 5.70077E-1 4.90437E-1 5.08108E-1 5.17644E-1 5.3584E-1 5.32186E-1 4.97462E-1 3.95897E-1 4.59883E-1 5.63722E-1 7.13505E-1 7.41006E-1 5.98031E-1 6.32743E-1 6.51219E-1 5.34091E-1 4.48221E-1 3.80861E-1 3.85576E-1 3.34971E-1 2.57038E-1 3.2875E-1 5.62112E-1 4.75196E-1 6.61845E-1 6.83602E-1 5.84146E-1 5.23902E-1 4.77373E-1 5.68444E-1 6.40958E-1 5.96237E-1 5.69452E-1 4.40527E-1 4.55232E-1 4.60918E-1 5.54122E-1
-9999 -9999 -9999 -9999 -9999 -9999 -9999 -9999 -9999 -9999 -9999 -9999 -9999 3.14551E-1 4.20771E-1 8.37336E-1 8.3527E-1 7.2404E-1 7.27199E-1 7.59131E-1 6.66524E-1 6.70349E-1 6.14792E-1 5.41423E-1 7.64039E-1 5.80423E-1 5.82114E-1 5.79205E-1 5.46401E-1 4.90664E-1 4.05844E-1 4.6486E-1 5.1343E-1 5.94548E-1 7.81404E-1 6.75811E-1 5.45949E-1 5.44328E-1 5.68403E-1 3.76415E-1 3.48148E-1 3.54288E-1 3.40551E-1 2.72186E-1 3.40643E-1 6.01851E-1 5.79099E-1 6.78353E-1 6.74533E-1 5.96828E-1 5.49725E-1 5.521E-1 6.6802E-1 6.99434E-1 6.83091E-1 5.63764E-1 5.09821E-1 5.31069E-1 5.0664E-1 5.1059E-1
-9999 -9999 -9999 -9999 -9999 -9999 -9999 -9999 -9999 -9999 -9999 -9999 -9999 -9999 5.04416E-1 8.60612E-1 7.69528E-1 8.51106E-1 8.52231E-1 7.2001E-1 3.08263E-1 2.84251E-1 3.95222E-1 4.98181E-1 5.31631E-1 5.55568E-1 5.32734E-1 5.35274E-1 5.42079E-1 5.72172E-1 5.94691E-1 5.62421E-1 5.69287E-1 7.79333E-1 8.44258E-1 3.5873E-1 2.87232E-1 6.31123E-1 3.95976E-1 4.35804E-1 2.92304E-1 2.52491E-1 2.35936E-1 2.26001E-1 3.41451E-1 7.10506E-1 6.93049E-1 7.67291E-1 7.48082E-1 6.56188E-1 5.36824E-1 6.73207E-1 6.40796E-1 5.0439E-1 4.76259E-1 5.49404E-1 5.51423E-1 5.69129E-1 5.14018E-1 4.69482E-1
-9999 -9999 -9999 -9999 -9999 -9999 -9999 -9999 -9999 -9999 -9999 -9999 -9999 -9999 -9999 8.69427E-1 7.52942E-1 8.48464E-1 8.61812E-1 7.91564E-1 3.51175E-1 4.75602E-1 4.70019E-1 3.19829E-1 4.50129E-1 5.82162E-1 5.80327E-1 5.54518E-1 5.74519E-1 6.20075E-1 6.52281E-1 7.11113E-1 7.14847E-1 6.88582E-1 6.72244E-1 3.34023E-1 4.06731E-1 3.77016E-1 4.33189E-1 4.53401E-1 2.78404E-1 2.63516E-1 2.65694E-1 2.99322E-1 4.08062E-1 7.53588E-1 6.42601E-1 7.66827E-1 7.52827E-1 6.5826E-1 5.50805E-1 6.71958E-1 4.679E-1 4.95393E-1 5.2527E-1 5.69822E-1 5.39836E-1 4.91067E-1 3.56504E-1 4.12625E-1
-9999 -9999 -9999 -9999 -9999 -9999 -9999 -9999 -9999 -9999 -9999 -9999 -9999 -9999 -9999 8.5546E-1 7.60399E-1 8.52328E-1 8.58431E-1 7.08852E-1 4.12232E-1 4.90981E-1 4.79881E-1 4.5694E-1 3.73032E-1 5.84313E-1 6.15415E-1 5.76396E-1 5.33518E-1 4.87855E-1 5.69494E-1 6.83099E-1 7.72239E-1 8.16205E-1 7.26738E-1 5.04016E-1 3.96579E-1 5.65023E-1 6.03728E-1 5.71706E-1 3.76811E-1 3.24507E-1 3.04347E-1 3.03448E-1 3.4408E-1 7.29147E-1 7.79988E-1 7.85248E-1 7.52818E-1 6.36088E-1 6.78116E-1 6.6448E-1 5.21776E-1 5.56668E-1 5.16466E-1 5.6482E-1 5.2753E-1 4.02697E-1 6.23167E-1 6.67615E-1
