Phytophthora/models/20240430_1147_34/Phytophthora_PA3_RUN6_MAXENT_outputs/Phytophthora_PA3_RUN6.asc
ncols         225
nrows         269
xllcorner     473000.0
yllcorner     4429100.0
cellsize      50.0
NODATA_value  -9999
[rows 108 to 134 of 269, columns 120 to 179 of 225]
3.96171E-1 3.84994E-1 3.5552E-1 3.12881E-1 -9999 -9999 -9999 -9999 -9999 -9999 -9999 -9999 -9999 -9999 -9999 -9999 -9999 -9999 -9999 -9999 -9999 -9999 -9999 -9999 -9999 -9999 -9999 -9999 -9999 -9999 -9999 -9999 -9999 -9999 -9999 3.06973E-1 1.15875E-1 2.71621E-1 2.87667E-1 2.66967E-1 2.7789E-1 2.86837E-1 2.93595E-1 3.64501E-1 2.47395E-1 2.44668E-1 1.83206E-1 2.59269E-1 3.15541E-1 3.44416E-1 3.68233E-1 3.68465E-1 3.60294E-1 2.77327E-1 2.68442E-1 2.17592E-1 2.23593E-1 1.73526E-1 1.77936E-1 1.84104E-1
4.48956E-1 1.64416E-1 3.39122E-1 3.43524E-1 3.2685E-1 -9999 -9999 -9999 -9999 -9999 -9999 -9999 -9999 -9999 -9999 -9999 -9999 -9999 -9999 -9999 -9999 -9999 -9999 -9999 -9999 -9999 -9999 -9999 -9999 -9999 -9999 -9999 2.00272E-1 2.04256E-1 3.19801E-1 2.85922E-1 2.94402E-1 2.1617E-1 2.29609E-1 2.40328E-1 2.85045E-1 2.90034E-1 2.33501E-1 3.07222E-1 2.87152E-1 9.66431E-2 1.72006E-1 1.71506E-1 2.69968E-1 2.89127E-1 3.13734E-1 3.229E-1 2.71088E-1 2.24942E-1 2.45108E-1 2.0853E-1 1.76934E-1 1.28773E-1 1.47018E-1 1.50359E-1
1.76969E-1 4.09152E-1 1.5239E-1 3.40849E-1 3.21215E-1 5.09839E-1 -9999 -9999 -9999 -9999 -9999 -9999 -9999 -9999 -9999 -9999 -9999 -9999 -9999 -9999 -9999 -9999 -9999 -9999 -9999 -9999 -9999 -9999 -9999 -9999 -9999 -9999 1.29693E-1 2.4818E-1 2.56249E-1 2.53997E-1 2.47569E-1 1.6909E-1 1.41769E-1 1.5149E-1 2.3826E-1 2.48331E-1 2.56649E-1 2.56035E-1 2.39928E-1 7.69624E-2 1.02786E-1 1.01703E-1 2.25783E-1 2.38925E-1 2.63214E-1 2.39347E-1 2.12693E-1 2.07517E-1 2.02511E-1 1.67184E-1 1.25391E-1 1.04423E-1 1.15409E-1 1.24095E-1
4.21474E-1 3.98506E-1 3.32523E-1 3.97795E-1 3.72182E-1 5.0325E-1 5.89087E-1 -9999 -9999 -9999 -9999 -9999 -9999 -9999 -9999 -9999 -9999 -9999 -9999 -9999 -9999 -9999 -9999 -9999 -9999 -9999 -9999 -9999 -9999 -9999 -9999 -9999 2.40469E-1 3.1973E-1 2.75353E-1 1.98233E-1 1.96239E-1 1.84995E-1 1.15925E-1 1.04761E-1 1.18364E-1 1.64754E-1 1.67323E-1 1.66584E-1 1.61946E-1 8.72451E-3 4.45935E-2 6.34696E-2 1.11067E-1 1.15345E-1 1.21942E-1 1.18242E-1 9.79121E-2 8.9269E-2 8.86454E-2 9.16714E-2 7.1667E-2 6.20596E-2 6.71419E-2 7.19019E-2
2.93874E-1 2.98988E-1 3.89919E-1 3.96588E-1 4.18856E-1 3.22797E-1 5.43827E-1 4.82125E-1 -9999 -9999 -9999 -9999 -9999 -9999 -9999 -9999 -9999 -9999 -9999 -9999 -9999 -9999 -9999 -9999 -9999 -9999 -9999 -9999 -9999 -9999 -9999 1.73241E-1 2.86522E-1 2.69162E-1 2.20678E-1 1.34972E-1 1.61272E-1 1.53391E-1 7.38085E-2 7.81014E-2 9.74794E-2 9.79108E-2 1.21073E-1 1.44748E-1 5.17427E-2 5.35082E-2 4.50281E-2 7.57803E-2 9.29657E-2 9.4327E-2 9.77535E-2 8.4418E-2 6.82578E-2 7.55768E-2 6.5371E-2 5.98311E-2 5.643E-2 5.44803E-2 5.27114E-2 5.98903E-2
2.81255E-1 3.58987E-1 3.96162E-1 3.52145E-1 4.62263E-1 4.50624E-1 6.20202E-1 5.77876E-1 -9999 -9999 -9999 -9999 -9999 -9999 -9999 -9999 -9999 -9999 -9999 -9999 -9999 -9999 -9999 -9999 -9999 -9999 -9999 -9999 -9999 -9999 2.20271E-1 2.02913E-1 2.09698E-1 2.20121E-1 1.88321E-1 1.10895E-1 1.42285E-1 1.33692E-1 6.14754E-2 6.10524E-2 7.74918E-2 9.00857E-2 8.90805E-2 1.26783E-1 2.09088E-2 5.76802E-2 4.94251E-2 7.37404E-2 8.14565E-2 8.28227E-2 8.5356E-2 6.75137E-2 7.67374E-2 5.80226E-2 4.15317E-2 4.92114E-2 4.59141E-2 4.99296E-2 4.80764E-2 5.45615E-2
3.55163E-1 3.31015E-1 3.7802E-1 3.64793E-1 4.83167E-1 5.22132E-1 4.27827E-1 6.75182E-1 -9999 -9999 -9999 -9999 -9999 -9999 -9999 -9999 -9999 -9999 -9999 -9999 -9999 -9999 -9999 -9999 -9999 -9999 -9999 -9999 -9999 -9999 1.81833E-1 1.96103E-1 1.98112E-1 2.15285E-1 1.99452E-1 1.28561E-1 1.73035E-1 1.60639E-1 7.16195E-2 7.44588E-2 8.45706E-2 9.25469E-2 9.10629E-2 9.43504E-2 1.10879E-1 5.31422E-2 4.87077E-2 6.83515E-2 7.09879E-2 7.27078E-2 7.28356E-2 7.13413E-2 5.55712E-2 4.11429E-2 3.66088E-2 4.51599E-2 4.30184E-2 4.74909E-2 5.24828E-2 6.8196E-2
4.04587E-1 3.71045E-1 3.47236E-1 4.21083E-1 4.61066E-1 6.37507E-1 4.38089E-1 7.19847E-1 -9999 -9999 -9999 -9999 -9999 -9999 -9999 -9999 -9999 -9999 -9999 -9999 -9999 -9999 -9999 -9999 -9999 -9999 -9999 -9999 -9999 -9999 2.36694E-1 2.38254E-1 2.27224E-1 2.15499E-1 1.86575E-1 1.16639E-1 1.14224E-1 1.31332E-1 1.15485E-1 9.37128E-2 1.04855E-1 1.09681E-1 1.02062E-1 1.01437E-1 8.31751E-2 4.50207E-2 4.36662E-2 6.00749E-2 6.16481E-2 6.25479E-2 6.24239E-2 4.52004E-2 3.88255E-2 3.15944E-2 3.19091E-2 3.97637E-2 4.53156E-2 5.38643E-2 6.17175E-2 8.24176E-2
2.5609E-1 6.13759E-1 5.62804E-1 5.80316E-1 6.67856E-1 7.62193E-1 7.2162E-1 6.67052E-1 -9999 -9999 -9999 -9999 -9999 -9999 -9999 -9999 -9999 -9999 -9999 -9999 -9999 -9999 -9999 -9999 -9999 -9999 -9999 -9999 -9999 -9999 -9999 2.83619E-1 2.98939E-1 2.74793E-1 3.39342E-1 3.50199E-1 3.5541E-1 3.67782E-1 3.90435E-1 2.84421E-1 1.60628E-1 1.52437E-1 1.36954E-1 1.28047E-1 1.05673E-1 1.486E-2 1.17242E-1 1.12178E-1 1.06998E-1 1.01231E-1 8.8147E-2 7.87797E-2 7.20938E-2 6.70395E-2 6.2945E-2 6.54916E-2 8.3106E-2 9.64846E-2 1.05296E-1 1.24818E-1
2.75773E-1 4.02011E-1 5.98535E-1 4.4151E-1 6.52811E-1 7.45033E-1 2.58878E-1 6.42651E-1 -9999 -9999 -9999 -9999 -9999 -9999 -9999 -9999 -9999 -9999 -9999 -9999 -9999 -9999 -9999 -9999 -9999 -9999 -9999 -9999 -9999 -9999 -9999 -9999 2.81283E-1 2.94883E-1 3.11985E-1 2.15305E-1 4.33057E-1 4.41679E-1 4.84706E-1 4.58869E-1 2.39114E-1 1.90548E-1 1.53495E-1 1.39132E-1 1.1981E-1 1.06137E-1 1.29697E-1 1.27355E-1 1.07395E-1 8.71675E-2 8.42295E-2 6.94122E-2 6.4456E-2 6.99765E-2 8.32798E-2 8.80864E-2 1.05957E-1 1.2117E-1 1.29581E-1 1.55539E-1
5.77645E-1 2.69493E-1 3.07589E-1 7.70535E-1 6.55403E-1 7.00576E-1 6.34245E-1 5.17651E-1 -9999 -9999 -9999 -9999 -9999 -9999 -9999 -9999 -9999 -9999 -9999 -9999 -9999 -9999 -9999 -9999 -9999 -9999 -9999 -9999 -9999 -9999 -9999 -9999 2.66178E-1 2.8794E-1 3.22997E-1 4.01493E-1 4.36963E-1 1.63136E-1 4.7275E-1 4.55287E-1 3.34653E-1 2.87083E-1 1.95076E-1 1.71163E-1 1.80116E-1 1.49977E-1 1.34232E-1 1.36543E-1 8.96893E-2 9.36421E-2 9.78039E-2 7.54737E-2 6.6332E-2 7.62098E-2 1.1569E-1 1.12845E-1 1.28269E-1 1.37081E-1 1.55211E-1 1.99048E-1
5.55294E-1 6.15674E-1 6.46005E-1 6.15542E-1 7.02811E-1 3.38965E-1 6.26503E-1 -9999 -9999 -9999 -9999 -9999 -9999 -9999 -9999 -9999 -9999 -9999 -9999 -9999 -9999 -9999 -9999 -9999 -9999 -9999 4.17537E-1 -9999 -9999 -9999 -9999 -9999 2.46401E-1 2.6238E-1 3.03542E-1 3.66793E-1 4.2144E-1 5.01571E-1 5.08661E-1 5.08054E-1 3.79072E-1 3.3599E-1 2.93785E-1 2.53862E-1 1.70185E-1 1.0564E-1 5.45521E-2 7.7323E-2 8.88947E-2 1.13105E-1 1.10654E-1 8.39003E-2 7.53626E-2 9.76139E-2 1.49065E-1 1.2381E-1 1.37637E-1 1.48551E-1 1.8121E-1 2.48994E-1
4.35186E-1 5.42988E-1 1.53468E-1 2.37918E-1 5.73912E-1 7.04561E-1 -9999 -9999 -9999 -9999 -9999 -9999 -9999 -9999 -9999 -9999 -9999 -9999 -9999 -9999 -9999 -9999 -9999 -9999 -9999 3.34921E-1 3.31574E-1 -9999 -9999 -9999 -9999 -9999 2.58155E-1 2.35609E-1 2.66368E-1 3.0838E-1 3.78888E-1 4.78164E-1 5.54275E-1 4.7763E-1 4.1761E-1 3.73748E-1 3.26944E-1 1.9569E-1 9.93938E-2 1.25188E-1 2.7885E-2 9.83856E-2 1.10454E-1 1.37828E-1 1.31305E-1 9.58258E-2 7.95705E-2 1.40996E-1 1.49677E-1 1.09249E-1 1.20968E-1 1.4802E-1 2.20386E-1 2.82062E-1
6.54225E-1 5.43534E-1 3.08285E-1 4.29009E-1 5.33983E-1 6.67814E-1 -9999 -9999 -9999 -9999 -9999 -9999 -9999 -9999 -9999 -9999 -9999 -9999 -9999 -9999 -9999 -9999 -9999 -9999 5.95261E-1 5.30946E-1 2.23565E-1 3.89455E-1 4.62944E-1 4.49182E-1 4.17248E-1 -9999 -9999 2.67736E-1 2.51474E-1 2.23004E-1 2.78134E-1 3.44469E-1 4.80213E-1 4.57066E-1 3.73414E-1 3.69806E-1 2.43635E-1 1.33844E-1 5.71495E-2 5.68581E-2 1.34333E-1 4.44031E-2 1.35309E-1 1.54969E-1 1.22723E-1 7.86885E-2 7.65089E-2 1.01217E-1 9.32082E-2 1.36067E-1 1.52636E-1 2.09219E-1 2.74852E-1 3.21567E-1
6.63906E-1 6.39527E-1 2.07099E-1 3.82513E-1 4.51517E-1 7.30042E-1 -9999 -9999 -9999 -9999 -9999 -9999 -9999 -9999 -9999 -9999 -9999 -9999 -9999 -9999 -9999 -9999 -9999 -9999 6.46248E-1 5.56381E-1 1.9885E-1 5.35592E-1 5.16585E-1 4.44201E-1 4.2404E-1 3.80944E-1 3.55389E-1 3.05732E-1 2.34873E-1 1.91361E-1 2.21269E-1 2.07467E-1 3.64329E-1 4.22105E-1 3.64068E-1 3.63065E-1 9.5978E-2 4.8577E-2 3.68196E-2 7.19677E-2 1.61497E-1 1.66835E-1 1.66527E-1 1.83195E-1 1.46272E-1 8.80447E-2 1.15811E-1 1.01027E-1 7.90984E-2 1.22562E-1 1.5762E-1 2.19123E-1 2.57409E-1 3.03402E-1
6.85278E-1 6.99176E-1 6.84875E-1 5.99592E-1 6.30274E-1 7.3867E-1 -9999 -9999 -9999 -9999 -9999 -9999 -9999 -9999 -9999 -9999 -9999 -9999 -9999 -9999 -9999 -9999 -9999 -9999 -9999 -9999 6.1817E-1 4.38276E-1 5.08941E-1 4.14001E-1 4.40013E-1 3.56853E-1 3.46773E-1 3.06666E-1 2.67303E-1 2.16561E-1 2.24871E-1 1.83349E-1 1.85443E-1 1.89498E-1 1.93147E-1 1.87698E-1 1.25875E-1 5.14203E-2 2.98274E-2 1.13208E-1 1.80856E-1 1.88187E-1 1.91127E-1 8.94181E-2 1.50414E-1 1.32446E-1 1.18706E-1 7.18185E-2 7.62171E-2 1.27138E-1 1.79984E-1 2.08804E-1 2.35425E-1 2.75721E-1
6.49987E-1 6.91975E-1 5.95331E-1 7.41808E-1 7.27242E-1 7.47732E-1 7.15185E-1 7.33229E-1 -9999 -9999 6.58711E-1 -9999 -9999 -9999 -9999 -9999 -9999 -9999 -9999 -9999 -9999 -9999 -9999 -9999 -9999 -9999 -9999 3.44819E-1 5.36398E-1 4.76161E-1 4.502E-1 3.70806E-1 3.35884E-1 3.18801E-1 3.49598E-1 3.07558E-1 2.04334E-1 1.08701E-1 9.30046E-2 1.21663E-1 1.15625E-1 1.17974E-1 1.01701E-1 5.56498E-2 5.77554E-2 1.44134E-1 1.88148E-1 1.94522E-1 1.82638E-1 2.07814E-1 5.09924E-2 1.34849E-1 1.19767E-1 6.86873E-2 8.20644E-2 1.30725E-1 1.53698E-1 1.96065E-1 2.16082E-1 2.4188E-1
6.65269E-1 6.90128E-1 7.47521E-1 5.1657E-1 7.64344E-1 6.52258E-1 6.29634E-1 6.61374E-1 6.99474E-1 6.53926E-1 4.9108E-1 -9999 -9999 -9999 -9999 -9999 -9999 -9999 -9999 -9999 -9999 -9999 -9999 -9999 -9999 -9999 -9999 5.86656E-1 2.83277E-1 5.022E-1 4.14827E-1 3.52057E-1 3.08777E-1 3.24367E-1 3.51974E-1 1.93774E-1 8.27955E-2 7.59322E-2 9.06871E-2 1.06502E-1 9.0538E-2 1.19173E-1 1.45373E-1 1.54768E-1 2.09082E-1 2.093E-1 1.76276E-1 1.58442E-1 1.42731E-1 1.29995E-1 5.82127E-2 9.00759E-2 9.67518E-2 7.72916E-2 8.80558E-2 1.18864E-1 1.41108E-1 1.80691E-1 1.91313E-1 1.50413E-1
5.23906E-1 5.0544E-1 5.62964E-1 5.56117E-1 4.32348E-1 5.01514E-1 4.9815E-1 5.38456E-1 5.61015E-1 5.87268E-1 5.44648E-1 -9999 -9999 -9999 -9999 -9999 -9999 -9999 -9999 -9999 -9999 -9999 -9999 -9999 -9999 -9999 -9999 3.65041E-1 1.66287E-1 3.04727E-1 3.15361E-1 2.88693E-1 2.49471E-1 3.13667E-1 1.96688E-1 2.48331E-1 5.04072E-2 6.77042E-2 9.94592E-2 1.36296E-1 1.29314E-1 1.32408E-1 1.32948E-1 1.36885E-1 1.60838E-1 1.50517E-1 1.18391E-1 1.01748E-1 9.04729E-2 8.12469E-2 6.0467E-2 2.38855E-2 4.76525E-2 6.12063E-2 6.96332E-2 7.76925E-2 6.54018E-2 1.20164E-1 7.91799E-2 1.21512E-1
5.57438E-1 4.73002E-1 3.74979E-1 3.62547E-1 3.4925E-1 4.34179E-1 4.51864E-1 5.01167E-1 5.38487E-1 4.88355E-1 5.15213E-1 -9999 -9999 -9999 -9999 -9999 -9999 -9999 -9999 -9999 -9999 -9999 -9999 -9999 -9999 -9999 -9999 3.54581E-1 3.19038E-1 1.19849E-1 3.65618E-1 3.35706E-1 2.80315E-1 2.95797E-1 2.96965E-1 5.30555E-2 7.49884E-2 1.02971E-1 1.52303E-1 1.88185E-1 1.63148E-1 1.72035E-1 1.55745E-1 1.33738E-1 1.29228E-1 1.36636E-1 1.29103E-1 8.89245E-2 8.0449E-2 7.47878E-2 6.69731E-2 4.47199E-2 4.33151E-2 5.28346E-2 6.31033E-2 1.20876E-1 1.19096E-1 7.71085E-2 9.4825E-2 1.72505E-1
4.30366E-1 3.97516E-1 3.37934E-1 2.79013E-1 2.563E-1 4.09564E-1 4.28215E-1 4.71951E-1 4.69657E-1 3.08289E-1 6.57009E-1 3.92228E-1 -9999 -9999 -9999 -9999 -9999 -9999 -9999 -9999 -9999 -9999 -9999 -9999 -9999 -9999 -9999 3.81806E-1 3.41594E-1 3.4198E-1 2.34343E-1 3.62901E-1 2.97924E-1 3.09624E-1 3.2257E-1 2.38562E-1 1.94094E-1 1.46366E-1 1.47781E-1 1.91164E-1 1.68499E-1 8.22046E-2 1.69428E-1 1.51588E-1 1.33012E-1 1.17507E-1 1.19792E-1 9.9694E-2 9.12621E-2 8.81339E-2 3.28176E-2 4.90414E-2 4.74554E-2 5.18803E-2 5.54378E-2 7.82795E-2 1.36263E-1 1.04891E-1 1.33962E-1 2.11529E-1
3.26842E-1 4.63839E-1 3.80467E-1 3.15946E-1 2.79686E-1 3.99668E-1 4.35693E-1 5.30509E-1 6.21047E-1 6.62595E-1 6.36938E-1 6.03495E-1 6.11417E-1 -9999 -9999 -9999 -9999 -9999 -9999 -9999 -9999 -9999 -9999 -9999 -9999 -9999 -9999 3.98002E-1 3.17722E-1 3.03833E-1 3.76884E-1 3.46823E-1 3.13796E-1 3.37585E-1 1.6274E-1 2.39387E-1 1.78064E-1 1.41198E-1 1.37655E-1 1.82473E-1 1.9003E-1 9.68286E-2 1.78359E-1 1.58769E-1 1.31722E-1 1.06351E-1 9.90053E-2 9.18152E-2 9.76461E-2 1.16091E-1 6.19602E-2 5.84364E-2 5.78467E-2 5.70234E-2 6.37774E-2 1.00421E-1 6.5332E-2 1.47729E-1 1.42012E-1 2.0482E-1
4.9056E-1 4.65143E-1 3.53202E-1 2.78067E-1 2.50894E-1 3.80837E-1 4.02301E-1 6.34796E-1 5.19294E-1 6.56281E-1 6.42307E-1 6.67149E-1 6.42764E-1 6.19254E-1 -9999 -9999 -9999 -9999 -9999 -9999 -9999 -9999 -9999 -9999 -9999 -9999 -9999 2.79077E-1 2.31691E-1 2.59409E-1 3.66557E-1 1.22503E-1 3.32616E-1 3.66326E-1 3.69864E-1 2.76013E-1 1.94132E-1 1.52475E-1 1.73479E-1 1.78891E-1 1.7432E-1 2.22979E-1 1.80647E-1 1.58606E-1 1.36669E-1 1.14049E-1 1.03768E-1 8.95845E-2 7.66159E-2 7.98548E-2 1.03149E-1 7.75315E-2 7.38293E-2 7.06182E-2 7.60745E-2 1.16244E-1 6.35564E-2 1.78645E-1 1.61934E-1 1.89976E-1
2.13651E-1 2.42434E-1 1.69081E-1 1.20837E-1 1.42204E-1 -9999 4.8474E-1 5.27689E-1 5.16289E-1 5.02419E-1 7.05539E-1 7.431E-1 7.07745E-1 6.52312E-1 5.73237E-1 5.90384E-1 -9999 -9999 -9999 -9999 -9999 -9999 -9999 -9999 -9999 -9999 -9999 4.57298E-1 4.41386E-1 3.60029E-1 3.25593E-1 3.44085E-1 3.47343E-1 1.10234E-1 3.61714E-1 3.82965E-1 2.90593E-1 2.64286E-1 2.41784E-1 2.7481E-1 1.92683E-1 3.08986E-1 2.9582E-1 3.06292E-1 2.46273E-1 1.31555E-1 1.12652E-1 9.00769E-2 5.83379E-2 4.70923E-2 6.34456E-2 2.41403E-2 9.95793E-2 1.02716E-1 1.17482E-1 9.64674E-2 2.46163E-1 2.2976E-1 1.99739E-1 1.90054E-1
2.22912E-1 2.05391E-1 1.56608E-1 1.42283E-1 2.58684E-1 4.88165E-1 4.86453E-1 5.30186E-1 4.45428E-1 2.82608E-1 5.51277E-1 7.37589E-1 7.12142E-1 6.94507E-1 5.86589E-1 5.67959E-1 -9999 -9999 -9999 -9999 -9999 -9999 -9999 -9999 -9999 -9999 -9999 -9999 5.00488E-1 -9999 -9999 -9999 -9999 3.98427E-1 3.19132E-1 2.47207E-1 2.53083E-1 2.47445E-1 2.15719E-1 2.44224E-1 2.30186E-1 2.36859E-1 3.4974E-1 4.22019E-1 3.28966E-1 1.48993E-1 1.2299E-1 8.92785E-2 7.17417E-2 6.65448E-2 8.49001E-2 7.78724E-2 6.7438E-2 1.15216E-1 1.34428E-1 1.89525E-1 2.3127E-1 2.42047E-1 2.06009E-1 2.09888E-1
2.20858E-1 1.89462E-1 1.48574E-1 1.82641E-1 2.71753E-1 5.2837E-1 5.80721E-1 1.91459E-1 2.20222E-1 5.40075E-1 6.97293E-1 6.76568E-1 6.92504E-1 6.51458E-1 6.6102E-1 5.96103E-1 -9999 -9999 -9999 -9999 -9999 -9999 -9999 -9999 -9999 -9999 -9999 -9999 -9999 -9999 -9999 -9999 -9999 -9999 3.29325E-1 2.8362E-1 2.69264E-1 2.02068E-1 1.8605E-1 2.1622E-1 1.94882E-1 2.68067E-1 2.45942E-1 3.4147E-1 3.52754E-1 1.78425E-1 1.34712E-1 8.36049E-2 7.99732E-2 6.91941E-2 9.13668E-2 8.88259E-2 1.91795E-2 1.28326E-1 1.05631E-1 2.08044E-1 2.69749E-1 2.39574E-1 2.71634E-1 2.31841E-1
1.78908E-1 1.54044E-1 1.2853E-1 1.90792E-1 2.71199E-1 5.52703E-1 6.11241E-1 3.20886E-1 5.88299E-1 5.58589E-1 6.56207E-1 6.41955E-1 6.34818E-1 6.07669E-1 6.07996E-1 -9999 -9999 -9999 -9999 -9999 -9999 -9999 -9999 -9999 -9999 -9999 -9999 -9999 -9999 -9999 -9999 -9999 -9999 -9999 3.04102E-1 3.54136E-1 3.28821E-1 2.16591E-1 1.88805E-1 2.44241E-1 2.28487E-1 2.79501E-1 1.08575E-1 3.16006E-1 3.38911E-1 1.96849E-1 1.39741E-1 8.63555E-2 8.1642E-2 9.66319E-2 1.1657E-1 1.24271E-1 1.39411E-1 8.80359E-2 2.07734E-1 7.27059E-2 1.88403E-1 3.54267E-1 3.05973E-1 2.78748E-1
