Phytophthora/models/20240430_1147_34/Phytophthora_PA3_RUN6_MAXENT_outputs/Phytophthora_PA3_RUN6.asc
ncols         225
nrows         269
xllcorner     473000.0
yllcorner     4429100.0
cellsize      50.0
NODATA_value  -9999
[rows 81 to 107 of 269, columns 60 to 119 of 225]
6.05034E-2 1.45303E-2 4.70534E-2 4.26629E-2 8.0871E-3 9.41216E-3 1.02246E-2 2.69389E-2 2.15195E-2 4.59627E-2 3.49936E-2 9.46811E-2 2.40497E-2 7.44726E-2 1.24134E-1 2.43671E-1 2.40405E-1 2.32454E-1 2.13062E-1 1.86648E-1 7.14068E-2 -9999 4.8071E-2 4.28007E-2 4.23266E-2 5.16655E-2 7.52434E-2 1.08155E-1 1.44466E-1 1.84158E-1 2.44704E-1 2.03513E-1 1.59727E-1 1.76246E-1 2.12979E-1 3.89275E-1 4.18329E-1 4.19501E-1 3.99217E-1 4.19505E-1 4.50805E-1 4.65499E-1 4.76099E-1 2.76228E-1 3.3077E-1 3.00995E-1 1.22028E-1 5.85109E-1 5.23936E-1 4.08618E-1 3.58967E-1 9.64053E-2 2.84237E-1 2.85237E-1 3.38447E-1 -9999 -9999 -9999 -9999 -9999
7.90811E-2 6.80668E-2 5.19417E-2 3.27154E-2 3.57066E-2 1.94725E-2 1.15703E-2 2.31129E-2 2.53754E-2 3.81128E-2 8.33616E-2 9.76202E-2 9.58106E-2 6.80893E-2 8.77908E-2 1.4617E-1 1.50933E-1 2.10843E-1 2.08336E-1 1.73154E-1 6.51602E-2 -9999 5.49353E-2 4.80429E-2 4.56748E-2 5.25787E-2 7.26087E-2 9.96368E-2 1.25577E-1 1.67505E-1 2.17865E-1 1.93511E-1 1.74007E-1 1.77395E-1 2.05173E-1 4.40439E-1 4.68826E-1 4.14832E-1 4.49612E-1 4.0723E-1 4.73949E-1 4.00099E-1 4.59616E-1 4.64358E-1 4.43715E-1 4.77305E-1 4.37367E-1 1.85916E-1 2.24531E-1 1.42388E-1 3.44472E-1 4.40035E-2 4.71765E-1 2.45279E-1 2.46161E-1 9.60993E-2 2.42979E-1 -9999 -9999 -9999
6.46763E-2 5.28818E-2 5.99702E-2 4.09925E-2 3.75051E-2 2.61182E-2 2.63918E-2 3.15222E-2 3.2677E-2 4.6044E-2 7.34488E-2 7.74891E-2 7.72091E-2 7.43517E-2 8.1484E-2 1.30623E-1 1.60573E-1 2.04196E-1 2.20682E-1 1.8926E-1 1.32926E-2 7.54163E-2 -9999 6.1263E-2 5.78411E-2 5.28926E-2 6.48207E-2 8.78157E-2 1.10977E-1 1.50824E-1 2.08615E-1 2.47429E-1 2.28386E-1 1.16148E-1 2.35612E-1 1.7144E-1 4.90379E-1 4.35557E-1 4.51912E-1 4.48198E-1 4.97089E-1 4.74018E-1 4.55616E-1 4.26754E-1 4.12346E-1 4.44028E-1 3.37087E-1 1.25701E-1 3.25313E-1 3.21165E-1 4.37431E-1 1.00168E-1 3.58814E-1 8.93119E-2 3.79216E-1 3.04593E-1 2.55481E-1 2.13322E-1 -9999 -9999
6.99565E-2 8.12069E-2 7.94449E-2 6.10382E-2 3.91738E-2 2.59511E-2 3.23368E-2 1.45536E-2 1.79328E-2 1.32319E-2 9.43351E-2 8.63384E-2 7.58515E-2 6.69572E-2 7.21477E-2 1.60494E-1 1.97755E-1 2.16082E-1 2.40066E-1 2.09921E-1 8.11436E-2 9.11018E-2 -9999 6.31975E-2 6.53728E-2 6.59199E-2 7.45916E-2 7.28693E-2 9.29333E-2 1.25712E-1 1.87077E-1 2.52984E-1 2.12715E-1 1.81368E-1 1.01874E-1 5.11715E-1 4.50741E-1 3.39492E-1 3.68478E-1 3.82106E-1 4.29332E-1 4.00811E-1 3.86851E-1 3.57116E-1 3.46043E-1 4.00901E-1 2.14997E-1 1.47185E-1 3.31893E-1 3.63414E-1 4.27777E-1 3.74357E-1 4.02455E-1 3.83956E-1 3.3417E-1 2.5311E-1 2.48045E-1 2.24556E-1 -9999 -9999
8.39037E-2 9.13078E-2 8.98903E-2 7.85886E-2 5.18613E-2 2.39466E-2 2.70006E-2 3.21807E-2 3.43492E-2 4.8898E-2 3.39908E-2 9.75915E-2 8.68732E-2 7.77555E-2 7.78863E-2 1.54602E-1 1.99308E-1 2.36299E-1 2.20805E-1 2.76413E-1 2.01527E-1 1.05407E-1 9.26271E-2 -9999 6.36662E-2 7.21556E-2 9.99906E-2 9.11778E-2 1.07419E-1 1.25967E-1 1.94715E-1 2.15707E-1 2.03606E-1 2.2324E-1 2.42858E-1 5.29691E-1 4.14375E-1 3.3786E-1 3.13534E-1 3.25283E-1 3.83196E-1 3.6126E-1 3.53308E-1 3.23461E-1 3.69162E-1 2.12379E-1 4.00276E-1 2.74464E-1 3.76302E-1 3.96598E-1 3.93659E-1 3.43151E-1 3.48894E-1 3.35809E-1 3.13903E-1 2.69965E-1 2.77628E-1 2.69101E-1 2.26236E-1 -9999
4.66501E-2 5.86897E-2 5.59836E-2 4.17488E-2 4.16445E-2 3.30251E-2 2.68776E-2 3.11611E-2 3.1835E-2 4.33735E-2 7.62786E-2 1.81645E-2 8.52516E-2 7.44911E-2 8.10483E-2 1.40861E-1 1.65491E-1 2.03439E-1 2.29476E-1 2.48887E-1 2.75161E-2 1.60832E-1 1.35005E-1 1.15065E-1 1.15582E-1 1.61328E-1 2.27764E-1 2.47957E-1 2.32139E-1 2.45989E-1 1.45162E-1 2.3594E-1 2.61668E-1 2.65571E-1 3.70511E-1 2.11381E-1 5.28361E-1 4.98194E-1 4.38205E-1 4.04402E-1 3.78812E-1 3.45553E-1 3.30866E-1 3.86039E-1 5.40527E-1 5.83728E-1 4.95831E-1 2.36396E-1 4.28651E-1 1.77265E-1 4.64404E-1 4.02291E-1 3.569E-1 3.64003E-1 3.67064E-1 4.15577E-1 4.18804E-1 3.95103E-1 3.56653E-1 -9999
4.19239E-2 5.38152E-2 5.80292E-2 4.0203E-2 5.54352E-2 4.20963E-2 2.84443E-2 2.67412E-2 2.68428E-2 3.31555E-2 6.01298E-2 8.64361E-2 7.93402E-2 8.82333E-2 9.34103E-2 1.56281E-1 1.50607E-1 1.58248E-1 1.92478E-1 2.10801E-1 1.43199E-1 6.32555E-2 1.6259E-1 1.33632E-1 1.41757E-1 2.04413E-1 2.75272E-1 2.85781E-1 2.31844E-1 2.33989E-1 2.40539E-1 2.30845E-1 2.55208E-1 2.49874E-1 2.85895E-1 5.35686E-1 3.58137E-1 5.44859E-1 4.89313E-1 4.52268E-1 4.17829E-1 4.38411E-1 3.86178E-1 3.93337E-1 2.42109E-1 4.95737E-1 2.55049E-1 5.9641E-1 5.1706E-1 5.38169E-1 4.57323E-1 5.2241E-1 4.6093E-1 4.72353E-1 4.49758E-1 5.08442E-1 5.22497E-1 5.06697E-1 4.52231E-1 3.12443E-1
4.80455E-2 4.48719E-2 5.67339E-2 6.04412E-2 5.51406E-2 5.3067E-2 3.68819E-2 3.2131E-2 2.75683E-2 3.21054E-2 5.3717E-2 7.65978E-2 6.7939E-2 5.0657E-2 1.19525E-1 1.98225E-1 1.75133E-1 1.51012E-1 1.4379E-1 1.76852E-1 5.77772E-2 1.93284E-1 1.67425E-1 1.80512E-1 1.85718E-1 2.70649E-1 2.90486E-1 2.50639E-1 2.43315E-1 2.28565E-1 1.98548E-1 2.17655E-1 2.95554E-1 2.65211E-1 2.13977E-1 5.40213E-1 5.60398E-1 3.56015E-1 4.9539E-1 4.47004E-1 4.34318E-1 4.69288E-1 4.66989E-1 4.00392E-1 1.72583E-1 4.21912E-1 3.63494E-1 3.70033E-1 3.59612E-1 4.99931E-1 5.13292E-1 3.0992E-1 3.28247E-1 4.73265E-1 4.48619E-1 3.22691E-1 5.57004E-1 5.51477E-1 4.18752E-1 2.92459E-1
5.27238E-2 4.48591E-2 6.07823E-2 6.89685E-2 2.50414E-2 6.22456E-2 5.1086E-2 4.48537E-2 3.51943E-2 3.26583E-2 5.40941E-2 6.44712E-2 6.52856E-2 8.55481E-2 1.12098E-1 1.16377E-1 1.82955E-1 1.50076E-1 1.23999E-1 1.26008E-1 1.8977E-1 5.94961E-2 2.1776E-1 1.81184E-1 1.51844E-1 3.11801E-1 2.46151E-1 2.48795E-1 1.96193E-1 1.4098E-1 1.74632E-1 2.58051E-1 3.50079E-1 -9999 2.04909E-1 5.66427E-1 5.03217E-1 4.14833E-1 3.24781E-1 4.66742E-1 5.10777E-1 5.23187E-1 5.45025E-1 5.54777E-1 5.29144E-1 4.94744E-1 4.96299E-1 4.00672E-1 3.86523E-1 5.41026E-1 4.95103E-1 3.26516E-1 4.58695E-1 5.08398E-1 4.96425E-1 5.83837E-1 5.68771E-1 5.23045E-1 3.77352E-1 2.84046E-1
5.15405E-2 4.95404E-2 6.38558E-2 7.44299E-2 6.74105E-2 7.70618E-2 6.95561E-2 5.88975E-2 4.62286E-2 4.25986E-2 4.74637E-2 5.76451E-2 5.19043E-2 6.87783E-2 9.12985E-2 2.0808E-1 1.75564E-1 1.77454E-1 1.47372E-1 1.13065E-1 1.71309E-1 5.42814E-2 2.07064E-1 1.95746E-1 1.38624E-1 3.2232E-1 2.20502E-1 1.86035E-1 1.89655E-1 2.03218E-1 1.89133E-1 -9999 -9999 -9999 -9999 4.78836E-1 4.28782E-1 3.77819E-1 4.48523E-1 5.11248E-1 4.29402E-1 5.67856E-1 5.70532E-1 6.07977E-1 6.50389E-1 2.64816E-1 3.98673E-1 4.4069E-1 4.47759E-1 5.87047E-1 4.49702E-1 4.54219E-1 3.99477E-1 4.94591E-1 4.66524E-1 5.20748E-1 5.08062E-1 4.20783E-1 3.4055E-1 3.31661E-1
7.8429E-2 8.85888E-2 1.08791E-1 9.90736E-2 1.09555E-1 1.14376E-1 6.5019E-2 7.36466E-2 5.49165E-2 6.21449E-2 6.4227E-2 6.86396E-2 6.90535E-2 7.92657E-2 1.00262E-1 1.90568E-1 1.66008E-1 1.61516E-1 1.73959E-1 1.2627E-1 1.67951E-1 7.21197E-2 2.29503E-1 3.30832E-1 3.38086E-1 2.17158E-1 1.71622E-1 1.45225E-1 1.69012E-1 -9999 -9999 -9999 -9999 -9999 -9999 3.57562E-1 3.18387E-1 3.2818E-1 3.82835E-1 3.91522E-1 4.6589E-1 5.16707E-1 5.85022E-1 6.49462E-1 3.18754E-1 5.24298E-1 3.96326E-1 4.15508E-1 1.61472E-1 5.10342E-1 3.50795E-1 3.48758E-1 1.89415E-1 3.63587E-1 4.68311E-1 4.82906E-1 4.38558E-1 2.82539E-1 3.17829E-1 3.69487E-1
9.58203E-2 1.23258E-1 1.33715E-1 1.03603E-1 9.90538E-2 5.52247E-2 8.09107E-2 3.33052E-2 6.59575E-2 6.90489E-2 8.39086E-2 1.09574E-1 1.06464E-1 1.20804E-1 1.35359E-1 1.95993E-1 5.29466E-2 2.30629E-1 2.26472E-1 1.85531E-1 2.09819E-1 3.0893E-1 3.40339E-1 7.88933E-2 2.50278E-1 2.01767E-1 1.79778E-1 1.48754E-1 -9999 -9999 -9999 -9999 -9999 -9999 -9999 3.72191E-1 3.16429E-1 3.0064E-1 3.27184E-1 3.47391E-1 4.07278E-1 4.80324E-1 5.52454E-1 3.56001E-1 1.4532E-1 4.01296E-2 2.73155E-1 4.00731E-1 5.12002E-1 4.99623E-1 1.03095E-1 2.35495E-1 2.75353E-1 2.65154E-1 3.22944E-1 5.34654E-1 3.67378E-1 2.98932E-1 3.36283E-1 4.05552E-1
9.81333E-2 1.31647E-1 5.60749E-2 5.88035E-2 8.37259E-2 5.59901E-2 7.1307E-2 9.52665E-2 7.81498E-2 6.99526E-2 8.88924E-2 1.34623E-1 1.58867E-1 1.49722E-1 5.1754E-2 1.23539E-1 2.4127E-1 2.37277E-1 2.36376E-1 2.24648E-1 2.87922E-1 3.4293E-1 1.38564E-1 2.32843E-1 1.97358E-1 2.34294E-1 2.06164E-1 1.63972E-1 -9999 -9999 -9999 -9999 -9999 -9999 -9999 -9999 3.93163E-1 3.73225E-1 3.50143E-1 3.44423E-1 4.05442E-1 -9999 -9999 5.37722E-1 4.42117E-1 1.52673E-1 2.28323E-1 3.3125E-1 5.0707E-1 4.1846E-1 2.82169E-1 2.46506E-1 2.33432E-1 9.89649E-2 4.6365E-1 2.98969E-1 4.04452E-1 3.33902E-1 3.84164E-1 4.17628E-1
7.71937E-2 1.10193E-1 1.3106E-1 1.05781E-1 9.9282E-2 5.5626E-2 2.39198E-2 1.02884E-1 4.99812E-2 9.37735E-2 1.08635E-1 1.32575E-1 1.00135E-1 1.82296E-1 1.77689E-1 1.0366E-1 2.32897E-1 2.33534E-1 2.19372E-1 2.08008E-1 2.04215E-1 2.70355E-1 3.05376E-1 2.18986E-1 2.02798E-1 5.94223E-2 2.01189E-1 1.65508E-1 -9999 -9999 -9999 -9999 -9999 -9999 -9999 -9999 4.79746E-1 4.516E-1 4.35293E-1 -9999 -9999 -9999 -9999 3.35064E-1 3.32564E-1 1.1813E-1 2.02543E-1 2.40574E-1 3.52971E-1 3.85363E-1 2.88412E-1 2.42814E-1 2.02733E-1 1.02668E-1 4.50336E-1 2.32416E-1 4.22617E-1 3.63848E-1 3.80234E-1 1.74667E-1
6.1123E-2 5.17817E-2 1.03841E-1 1.01603E-1 8.29406E-2 5.10297E-2 6.70683E-2 1.02333E-1 1.04029E-1 8.93771E-2 6.50333E-2 2.40331E-2 1.09209E-1 1.44134E-1 1.52608E-1 1.88329E-1 8.01165E-2 6.97283E-2 2.23928E-1 1.97914E-1 1.47337E-1 1.63432E-1 2.07293E-1 1.59401E-1 1.56089E-1 9.74811E-2 2.24515E-1 8.2273E-2 1.95849E-1 -9999 -9999 -9999 -9999 -9999 -9999 5.99987E-1 -9999 -9999 -9999 -9999 -9999 -9999 -9999 3.31832E-1 2.51003E-1 1.49156E-1 1.85899E-1 2.34915E-1 8.06299E-2 1.05573E-1 1.46548E-1 2.50073E-1 2.15764E-1 1.80647E-1 2.17379E-1 5.00152E-1 3.16881E-1 4.09799E-1 1.59265E-1 4.4173E-1
1.06356E-1 1.36854E-1 1.22688E-1 1.94148E-1 1.3462E-1 1.06199E-1 1.19545E-1 1.28959E-1 1.52668E-1 2.34827E-1 2.60597E-1 2.84947E-1 5.66453E-2 1.91192E-1 1.65701E-1 1.43634E-1 1.56512E-1 1.75005E-1 2.0099E-1 7.73635E-2 8.33575E-2 1.26347E-1 1.25921E-1 1.31805E-1 1.33576E-1 2.08542E-1 5.84736E-2 9.37109E-2 1.23879E-1 -9999 -9999 -9999 -9999 -9999 -9999 -9999 -9999 -9999 -9999 -9999 -9999 -9999 -9999 2.63351E-1 2.89366E-1 2.94888E-1 2.6258E-1 2.84725E-1 1.76798E-1 1.24433E-1 5.34225E-1 4.85317E-1 4.97163E-1 6.30949E-1 2.77596E-1 4.87885E-1 4.67363E-1 4.54048E-1 4.22212E-1 4.04081E-1
6.74663E-2 8.29543E-2 6.7371E-2 1.01191E-1 8.87637E-2 8.91074E-2 9.35467E-2 1.0009E-1 1.05737E-1 1.27154E-1 1.9622E-1 2.50187E-1 2.9733E-1 2.13421E-1 1.71489E-1 1.07481E-1 1.1957E-1 1.19071E-1 1.00073E-1 1.11566E-1 1.05275E-1 8.92733E-2 9.54835E-2 1.06068E-1 1.12306E-1 1.86639E-1 6.18525E-2 1.34145E-1 1.02345E-1 -9999 -9999 -9999 -9999 -9999 -9999 -9999 -9999 -9999 -9999 -9999 -9999 -9999 -9999 1.47213E-1 3.18741E-1 3.27912E-1 3.24121E-1 2.99122E-1 3.49678E-1 4.15902E-1 5.76297E-1 5.45147E-1 2.51625E-1 7.33496E-1 6.77371E-1 3.98297E-1 3.48825E-1 2.02672E-1 1.44768E-1 3.52129E-1
7.44955E-2 7.24703E-2 6.05036E-2 2.63131E-2 6.60553E-2 6.90621E-2 7.3614E-2 7.78851E-2 8.61367E-2 9.99784E-2 1.27882E-1 2.11166E-1 2.95481E-1 1.91563E-1 2.60676E-1 1.31712E-1 1.02735E-1 1.43336E-1 1.37335E-1 9.95035E-2 1.0991E-1 1.20965E-1 1.30268E-1 1.59251E-1 1.56856E-1 7.24217E-2 1.12349E-1 1.15733E-1 1.61665E-1 1.25743E-1 -9999 -9999 -9999 -9999 -9999 -9999 -9999 -9999 -9999 -9999 -9999 -9999 -9999 2.98875E-1 2.08784E-1 3.4396E-1 3.90669E-1 3.96624E-1 3.94279E-1 2.82451E-1 3.5888E-1 7.14191E-1 6.84409E-1 6.928E-1 6.26653E-1 3.05448E-1 2.91237E-1 1.69275E-1 2.72688E-1 3.19334E-1
1.04189E-1 1.03667E-1 9.73364E-2 8.91809E-2 7.32083E-2 6.2215E-2 5.8248E-2 6.36385E-2 6.54585E-2 8.64188E-2 1.13716E-1 1.49522E-1 2.77087E-1 3.05799E-1 2.54061E-1 1.71315E-1 1.54231E-1 2.82205E-2 2.41682E-2 6.55001E-2 8.70974E-2 9.94932E-2 1.12273E-1 1.41206E-1 1.55228E-1 1.60224E-1 2.66967E-2 5.6167E-2 2.46743E-1 1.04128E-1 1.22739E-1 -9999 -9999 -9999 -9999 -9999 -9999 -9999 -9999 -9999 -9999 -9999 -9999 2.91939E-1 3.17264E-1 3.7299E-1 3.37471E-1 2.4086E-1 2.77695E-1 1.33922E-1 3.7297E-1 4.14897E-1 6.31955E-1 3.52537E-1 5.16242E-1 2.83245E-1 3.17057E-1 2.17602E-1 3.66044E-1 3.16294E-1
1.27746E-1 1.18517E-1 1.12539E-1 1.1285E-1 6.24598E-2 8.92448E-2 6.81194E-2 6.93815E-2 7.03973E-2 9.1427E-2 1.20555E-1 1.57782E-1 8.42556E-2 2.38118E-1 2.36054E-1 1.76494E-1 6.78569E-2 9.66533E-2 6.34726E-2 6.16335E-2 8.40449E-2 9.57656E-2 1.13513E-1 1.57293E-1 1.74348E-1 1.62349E-1 2.04429E-1 1.2038E-1 2.39875E-1 1.17457E-1 1.78684E-1 -9999 -9999 -9999 -9999 -9999 -9999 -9999 -9999 -9999 -9999 -9999 3.33285E-1 1.17364E-1 3.30121E-1 3.52993E-1 3.49035E-1 3.882E-1 3.77068E-1 2.7454E-1 2.41238E-1 4.05255E-1 4.54609E-1 4.45902E-1 4.141E-1 2.54345E-1 3.02213E-1 1.1003E-1 3.69017E-1 2.7759E-1
1.17935E-1 1.14551E-1 1.02316E-1 9.69557E-2 1.07113E-1 4.38349E-2 1.25408E-1 9.42516E-2 8.97013E-2 1.09484E-1 1.39384E-1 1.86528E-1 1.05086E-1 2.20631E-1 1.84142E-1 7.7393E-2 3.32281E-2 2.75623E-2 5.45355E-2 6.49275E-2 1.37171E-1 1.14156E-1 1.59991E-1 1.94919E-1 2.07012E-1 1.19697E-1 1.24805E-1 8.69448E-2 8.71568E-2 9.6069E-2 1.97098E-1 1.23585E-1 -9999 -9999 -9999 -9999 -9999 -9999 -9999 -9999 -9999 2.05048E-1 2.47666E-1 3.10319E-1 3.97226E-1 4.48088E-1 4.75317E-1 5.90812E-1 3.50414E-1 3.93406E-1 1.47044E-1 2.81397E-1 4.44015E-1 3.82644E-1 3.73501E-1 4.19865E-1 4.3954E-1 4.1965E-1 5.16296E-1 4.30031E-1
1.44353E-1 1.42113E-1 1.36288E-1 1.15517E-1 1.05818E-1 1.99808E-1 1.14327E-1 1.17222E-1 1.08546E-1 1.33615E-1 1.54521E-1 1.93629E-1 2.11219E-1 1.79276E-1 2.34702E-1 6.08699E-2 1.26655E-2 9.94313E-3 5.18441E-2 7.39981E-2 1.4293E-1 1.83066E-1 2.19655E-1 2.53155E-1 2.25131E-1 1.29517E-1 1.4216E-1 7.73117E-2 9.75651E-2 8.75165E-2 1.89524E-1 1.3175E-1 -9999 -9999 -9999 -9999 -9999 -9999 -9999 -9999 9.58685E-2 1.79683E-1 1.90249E-1 2.51573E-1 1.1509E-1 2.30429E-1 1.29866E-1 4.63644E-1 1.02626E-1 2.65326E-1 3.41579E-1 3.53963E-1 5.33558E-1 5.00555E-1 4.97265E-1 4.62357E-1 2.60408E-1 2.0774E-1 2.51804E-1 4.94307E-1
1.47391E-1 1.31143E-1 1.46472E-1 1.50063E-1 1.53551E-1 2.05832E-1 1.1284E-1 1.79876E-1 1.38638E-1 1.58192E-1 1.80818E-1 1.3778E-1 8.339E-2 1.29185E-1 2.67659E-2 6.91412E-2 1.52584E-2 1.70822E-2 7.58182E-2 9.3684E-2 2.64909E-1 2.8504E-1 2.34914E-1 1.67515E-1 1.69828E-1 1.17808E-1 1.33299E-1 1.12458E-1 8.54706E-2 1.08815E-1 4.5758E-2 8.35309E-2 1.56048E-1 -9999 -9999 -9999 -9999 -9999 -9999 6.62996E-2 7.58088E-2 1.48594E-1 1.42024E-1 1.88782E-1 1.81868E-1 2.19655E-1 1.20633E-1 1.99128E-1 4.06515E-1 1.47816E-1 1.12743E-1 5.2401E-1 2.43023E-1 5.74378E-1 5.31603E-1 4.25241E-1 4.60762E-1 5.33516E-1 5.86571E-1 3.78917E-1
1.23827E-1 1.41991E-1 1.00429E-1 1.10122E-1 1.50031E-1 2.05751E-1 2.52451E-1 2.89822E-1 1.62638E-1 6.58183E-2 1.85007E-1 1.81944E-1 1.66603E-1 1.19072E-1 6.79167E-2 5.25289E-2 3.13306E-2 1.01087E-1 9.99405E-2 1.50503E-1 3.63034E-1 3.15716E-1 1.88321E-1 1.70905E-1 1.849E-1 1.17659E-1 1.27656E-1 1.11232E-1 7.53483E-2 1.09111E-1 5.22274E-2 1.05766E-1 1.02432E-1 -9999 -9999 -9999 -9999 -9999 -9999 1.05656E-1 2.91092E-1 2.74111E-1 2.64989E-1 2.60199E-1 2.62935E-1 3.82977E-1 3.48464E-1 1.43563E-1 4.80848E-1 2.67378E-1 3.99315E-1 3.62512E-1 3.35942E-1 2.29108E-1 3.9086E-1 5.34345E-1 4.75332E-1 5.02172E-1 5.74911E-1 3.66106E-1
1.0283E-1 1.40592E-1 1.48995E-1 1.14627E-1 1.17811E-1 1.89303E-1 2.12562E-1 2.81437E-2 2.16462E-1 1.98609E-1 1.74582E-1 1.44937E-1 1.4862E-1 1.46193E-1 7.39021E-2 6.90813E-2 1.08161E-1 1.02283E-1 2.6143E-2 2.31345E-1 3.95845E-1 3.33535E-1 2.53437E-1 1.66221E-1 1.64823E-1 9.52797E-2 8.55406E-2 7.28729E-2 5.00009E-2 1.73245E-2 7.62376E-2 8.935E-2 1.14416E-1 8.34695E-2 -9999 -9999 -9999 6.71858E-2 8.3713E-2 1.87853E-1 1.76643E-1 2.01209E-1 3.13401E-1 1.41599E-1 4.30172E-1 3.41891E-1 6.29729E-1 4.21026E-1 4.77221E-1 4.2023E-1 4.18618E-1 4.23099E-1 3.95627E-1 2.02881E-1 5.71694E-1 3.24507E-1 3.70076E-1 5.2063E-1 6.2418E-1 5.18016E-1
9.88012E-2 1.42547E-1 1.93967E-1 1.45666E-1 1.27771E-1 2.13752E-1 8.73658E-2 1.37795E-1 3.00506E-1 1.72237E-1 7.29396E-2 7.06865E-2 6.8498E-2 6.38444E-2 5.33463E-2 9.16553E-2 8.76142E-2 1.67502E-1 2.17425E-1 1.08793E-1 3.36607E-1 2.52116E-1 1.41122E-1 9.96141E-2 8.72859E-2 9.05333E-2 8.83319E-2 7.46881E-2 7.08264E-2 1.12889E-1 1.64922E-1 6.14589E-2 5.03234E-2 5.85564E-2 2.63382E-2 1.09718E-1 1.74054E-1 3.14739E-1 1.75161E-1 4.64472E-1 5.03181E-1 4.98361E-1 4.83594E-1 6.24906E-1 1.75521E-1 6.63361E-1 3.31325E-1 3.87378E-1 4.59954E-1 3.33329E-1 3.82685E-1 3.84799E-1 4.19095E-1 3.2551E-1 4.77089E-1 4.24407E-1 4.93517E-1 5.44675E-1 3.81373E-1 4.72627E-1
9.14796E-2 1.29561E-1 1.92169E-1 1.99394E-1 1.87642E-1 2.27841E-1 2.56377E-1 1.34709E-1 2.52867E-1 1.42439E-1 5.97234E-2 6.90671E-2 5.48591E-2 4.96269E-2 5.41318E-2 8.41385E-2 1.01337E-1 1.18885E-1 1.70612E-1 1.9747E-1 2.89872E-1 1.56074E-1 1.15623E-1 8.77224E-2 8.16418E-2 8.56331E-2 6.86264E-2 1.08585E-1 1.02522E-1 5.45289E-2 1.48598E-1 7.03752E-2 5.84472E-2 8.86477E-2 4.54366E-2 1.87526E-1 3.32608E-1 3.9352E-1 4.57355E-1 5.39566E-1 3.62563E-1 5.60699E-1 5.1292E-1 5.85491E-1 3.13628E-1 1.6257E-1 3.01407E-1 3.02557E-1 4.65253E-1 2.23903E-1 3.05821E-1 2.73265E-1 3.31511E-1 4.27835E-1 1.42833E-1 2.0737E-1 4.72599E-1 6.12351E-1 5.25207E-1 2.19172E-1
