Phytophthora/models/20240430_1147_34/Phytophthora_PA3_RUN6_MAXENT_outputs/Phytophthora_PA3_RUN6.asc
ncols         225
nrows         269
xllcorner     473000.0
yllcorner     4429100.0
cellsize      50.0
NODATA_value  -9999
[rows 216 to 242 of 269, columns 120 to 179 of 225]
4.06521E-1 3.44097E-1 2.81671E-1 2.28434E-1 2.22213E-1 2.38306E-1 1.9932E-1 1.62235E-1 1.60707E-1 4.55384E-2 3.14876E-2 2.22345E-2 5.45211E-2 1.10677E-1 1.11979E-1 2.19743E-1 3.54962E-1 3.25962E-1 3.41688E-1 3.71069E-1 4.63396E-1 5.67158E-1 5.48842E-1 5.64754E-1 5.55728E-1 3.67046E-1 3.97569E-1 3.32426E-1 3.13933E-1 2.42132E-1 2.7456E-1 2.68654E-1 4.77849E-1 5.26647E-1 6.00251E-1 2.96044E-1 5.62453E-1 4.60912E-1 3.83313E-1 3.5919E-1 3.20885E-1 4.09775E-1 4.43192E-1 4.23348E-1 4.50017E-1 3.14929E-1 2.85608E-1 2.39968E-1 1.9904E-1 1.79464E-1 1.20984E-1 8.31174E-2 7.70641E-2 6.57439E-2 1.1597E-1 8.37389E-2 1.65759E-1 1.47487E-1 1.48329E-1 1.58633E-1
3.75017E-1 3.03353E-1 2.55498E-1 2.49259E-1 2.24044E-1 2.43663E-1 2.16481E-1 1.78903E-1 1.51775E-1 1.52016E-1 1.46457E-1 1.54484E-1 3.31041E-2 1.51842E-1 1.15503E-1 2.21425E-1 2.42815E-1 2.61056E-1 3.25855E-1 3.28725E-1 3.48099E-1 4.522E-1 4.99077E-1 5.50203E-1 5.38264E-1 4.07096E-1 1.7049E-1 3.74676E-1 2.57144E-1 2.43421E-1 2.91506E-1 3.49286E-1 5.35723E-1 4.99776E-1 3.3262E-1 5.84664E-1 4.93545E-1 3.71653E-1 3.92684E-1 4.01555E-1 3.918E-1 5.05918E-1 3.05714E-1 4.32583E-1 4.91038E-1 3.22518E-1 2.98775E-1 2.4782E-1 2.07258E-1 1.80194E-1 1.01815E-1 7.97715E-2 8.02407E-2 7.38859E-2 3.25876E-2 1.70603E-1 1.37282E-1 1.70866E-1 1.80643E-1 2.41714E-1
5.311E-1 4.07469E-1 3.38955E-1 3.0328E-1 2.62074E-1 2.77066E-1 2.52085E-1 1.99122E-1 1.61061E-1 1.51533E-1 1.60612E-1 1.72738E-1 1.75181E-1 1.74231E-1 1.87369E-1 2.07038E-1 2.25904E-1 2.52691E-1 3.05488E-1 3.12265E-1 3.1724E-1 3.37926E-1 4.98554E-1 5.43121E-1 5.04912E-1 3.99601E-1 4.09823E-1 2.76364E-1 2.81499E-1 2.3087E-1 3.46926E-1 4.77596E-1 4.3384E-1 5.84774E-1 5.37403E-1 5.12903E-1 4.26349E-1 3.99599E-1 4.28463E-1 3.98426E-1 3.59372E-1 4.53697E-1 5.01243E-1 1.99769E-1 4.70765E-1 2.75428E-1 3.00258E-1 2.47682E-1 2.06565E-1 1.46285E-1 8.63959E-2 7.64929E-2 8.06992E-2 2.15087E-2 1.27277E-1 1.25407E-1 1.49603E-1 1.42458E-1 2.44164E-1 3.0157E-1
4.89315E-1 4.49886E-1 4.16798E-1 3.43544E-1 2.87348E-1 2.78941E-1 2.51244E-1 1.90933E-1 1.73048E-1 1.6066E-1 1.75604E-1 1.86692E-1 1.93237E-1 2.17147E-1 2.15013E-1 2.45556E-1 2.98159E-1 2.96424E-1 3.0609E-1 2.99452E-1 2.94981E-1 3.23873E-1 4.75846E-1 4.69912E-1 4.2899E-1 3.84956E-1 3.40395E-1 3.17067E-1 9.61356E-2 2.21439E-1 3.87999E-1 5.27425E-1 5.18091E-1 5.12026E-1 4.39795E-1 4.70474E-1 4.78884E-1 4.8272E-1 4.81441E-1 4.61973E-1 3.41293E-1 3.62702E-1 4.38617E-1 5.73269E-1 5.59626E-1 3.16417E-1 2.90375E-1 2.3885E-1 2.00909E-1 1.05376E-1 6.941E-2 5.38025E-2 8.20522E-2 5.82399E-2 1.03172E-1 1.34502E-1 1.43132E-1 2.47847E-1 3.25135E-1 4.15283E-1
4.24654E-1 4.16447E-1 3.84942E-1 3.40414E-1 3.26548E-1 3.01533E-1 2.65472E-1 2.16624E-1 1.95326E-1 1.7779E-1 2.09873E-1 2.28913E-1 2.28718E-1 2.5455E-1 2.74609E-1 3.14759E-1 3.52585E-1 3.30491E-1 3.21731E-1 3.40852E-1 3.34815E-1 4.2911E-1 4.72979E-1 4.12979E-1 4.26278E-1 3.80537E-1 3.76183E-1 2.59599E-1 2.57014E-1 1.86576E-1 2.51891E-1 5.24032E-1 5.37624E-1 4.50246E-1 3.9938E-1 5.14539E-1 5.53629E-1 5.71945E-1 5.53488E-1 5.28937E-1 3.81536E-1 3.85383E-1 4.34984E-1 4.96776E-1 5.12636E-1 2.97497E-1 2.23244E-1 2.23575E-1 1.91924E-1 9.29132E-2 2.21126E-2 8.58879E-2 5.45828E-2 4.71661E-2 9.76429E-2 1.65649E-1 1.51818E-1 2.12944E-1 2.5609E-1 3.94709E-1
1.16408E-1 3.38057E-1 3.00005E-1 3.00726E-1 2.85286E-1 3.22249E-1 2.83518E-1 2.24306E-1 2.01802E-1 2.08466E-1 3.16346E-1 3.33471E-1 3.19079E-1 3.41604E-1 3.47156E-1 3.66788E-1 3.75741E-1 3.49756E-1 3.48801E-1 3.77621E-1 4.60959E-1 5.49616E-1 5.13799E-1 4.54814E-1 5.16798E-1 4.87283E-1 4.78362E-1 2.95245E-1 2.92781E-1 3.37356E-1 4.35212E-1 4.20108E-1 4.09103E-1 2.95408E-1 2.85709E-1 3.48184E-1 3.95068E-1 3.80502E-1 3.45391E-1 3.76849E-1 4.23022E-1 3.97529E-1 3.99716E-1 4.35639E-1 4.24172E-1 1.85982E-1 1.09633E-1 9.89864E-2 2.05151E-1 1.27465E-1 7.60554E-2 8.48485E-2 1.23064E-1 1.26586E-1 1.26942E-1 1.94078E-1 2.38613E-1 2.83089E-1 2.98906E-1 4.30613E-1
3.78218E-1 3.70058E-1 3.74972E-1 3.37621E-1 3.36638E-1 3.81319E-1 3.33664E-1 2.56886E-1 2.32654E-1 2.48156E-1 3.68334E-1 3.96342E-1 3.71767E-1 3.96695E-1 4.0643E-1 4.38391E-1 4.16483E-1 3.9943E-1 4.27383E-1 4.24848E-1 6.04521E-1 6.15302E-1 5.60018E-1 5.57996E-1 6.51969E-1 4.6659E-1 4.09448E-1 2.76922E-1 2.85854E-1 3.26051E-1 3.86773E-1 3.61066E-1 3.58258E-1 2.52786E-1 3.10596E-1 3.37132E-1 3.60067E-1 3.81217E-1 3.72873E-1 3.13055E-1 4.21136E-1 3.69868E-1 3.39111E-1 2.09639E-1 2.89338E-1 1.38719E-1 7.51583E-2 9.15708E-2 2.53387E-2 1.1892E-1 1.32239E-1 1.29889E-1 1.60139E-1 1.9695E-1 1.78289E-1 2.13276E-1 2.95578E-1 3.53097E-1 3.73932E-1 4.22255E-1
3.35472E-1 3.49883E-1 4.00459E-1 4.07491E-1 4.0093E-1 4.61971E-1 3.55218E-1 2.66326E-1 2.56868E-1 2.69209E-1 3.80474E-1 5.15839E-1 4.30845E-1 4.65689E-1 4.70027E-1 4.94278E-1 4.59152E-1 4.59014E-1 5.11335E-1 5.10381E-1 6.98619E-1 6.85039E-1 6.50133E-1 6.92503E-1 6.79805E-1 3.85103E-1 3.79123E-1 3.03443E-1 2.77385E-1 2.84886E-1 3.40878E-1 3.17168E-1 2.93582E-1 2.56483E-1 2.68434E-1 2.83725E-1 2.97968E-1 3.27874E-1 3.52673E-1 2.24705E-1 4.54528E-1 4.23859E-1 3.87112E-1 3.1809E-1 2.79846E-1 1.45276E-1 1.18467E-1 9.99838E-2 1.03092E-1 1.0266E-1 2.03953E-1 2.22399E-1 2.35642E-1 2.29321E-1 2.4805E-1 3.6131E-1 3.39328E-1 3.19558E-1 3.25546E-1 3.71334E-1
4.12249E-1 4.18223E-1 5.01868E-1 4.86826E-1 4.95051E-1 4.99562E-1 3.46081E-1 2.67253E-1 2.68488E-1 3.01176E-1 4.18798E-1 5.5083E-1 5.51495E-1 5.43025E-1 5.21861E-1 5.523E-1 5.80869E-1 5.44647E-1 6.0598E-1 6.08703E-1 7.56072E-1 7.44956E-1 7.39941E-1 5.3126E-1 6.61916E-1 4.46444E-1 3.81166E-1 3.27515E-1 2.61068E-1 2.34404E-1 2.96573E-1 2.76813E-1 2.33234E-1 1.86538E-1 2.09287E-1 2.34506E-1 2.77332E-1 3.2322E-1 3.66127E-1 3.51822E-1 1.80768E-1 4.55047E-1 4.32062E-1 4.21214E-1 3.64882E-1 2.03645E-1 1.61313E-1 1.15762E-1 1.07004E-1 2.17628E-1 1.78628E-1 1.82074E-1 1.70812E-1 1.66679E-1 1.85033E-1 2.48956E-1 2.9917E-1 3.16282E-1 3.2304E-1 3.52308E-1
5.19242E-1 5.44574E-1 5.99454E-1 2.56527E-1 5.7644E-1 4.82275E-1 3.60174E-1 2.81343E-1 2.33722E-1 3.05211E-1 4.72518E-1 5.85756E-1 6.45394E-1 6.34916E-1 6.03E-1 6.02971E-1 6.80036E-1 6.33683E-1 4.05361E-1 6.96911E-1 7.66347E-1 6.75739E-1 6.79554E-1 6.69652E-1 6.01795E-1 4.10674E-1 3.68918E-1 3.01934E-1 2.44141E-1 3.07227E-1 2.58286E-1 2.44458E-1 1.87042E-1 1.67507E-1 2.02128E-1 2.43659E-1 2.88722E-1 3.70215E-1 3.99179E-1 3.77535E-1 4.04965E-1 5.04614E-1 4.92185E-1 4.93049E-1 4.67723E-1 2.65753E-1 2.35739E-1 1.56408E-1 5.98478E-2 1.38382E-1 1.5213E-1 1.84541E-1 1.90397E-1 1.85923E-1 1.99988E-1 2.46337E-1 2.86599E-1 3.3552E-1 3.65248E-1 1.6516E-1
3.36262E-1 3.73209E-1 1.7851E-1 3.07041E-1 2.70108E-1 3.2665E-1 2.95899E-1 2.29224E-1 1.82433E-1 2.32632E-1 4.02037E-1 5.45088E-1 6.17951E-1 6.40106E-1 5.95691E-1 3.63011E-1 5.20342E-1 6.88228E-1 6.87356E-1 6.73957E-1 6.68688E-1 6.19577E-1 4.65093E-1 6.18053E-1 5.53992E-1 4.63733E-1 4.22167E-1 3.75178E-1 3.60012E-1 3.77084E-1 2.04615E-1 1.93314E-1 1.6817E-1 1.58402E-1 1.88758E-1 2.3237E-1 2.98117E-1 3.46248E-1 3.49049E-1 3.31438E-1 4.26851E-1 4.28816E-1 4.78106E-1 5.02378E-1 4.84966E-1 3.78029E-1 3.49561E-1 2.89065E-1 4.2529E-2 1.10438E-1 7.61149E-2 8.4732E-2 9.27375E-2 1.16362E-1 1.94808E-1 3.30781E-1 3.70876E-1 4.24663E-1 3.56962E-1 4.29323E-1
2.56118E-1 2.81748E-1 2.68774E-1 1.71751E-1 1.63605E-1 1.87934E-1 2.28007E-1 6.11987E-2 2.06737E-1 2.80541E-1 3.9182E-1 5.47615E-1 6.16452E-1 6.64734E-1 6.18961E-1 6.48771E-1 6.64365E-1 6.8974E-1 6.78392E-1 6.40947E-1 6.43577E-1 6.16334E-1 3.17203E-1 6.01879E-1 5.25699E-1 4.45781E-1 3.97193E-1 3.54147E-1 4.01607E-1 3.65192E-1 1.93642E-1 1.81895E-1 1.5187E-1 1.70128E-1 2.07479E-1 2.7463E-1 3.02703E-1 3.22836E-1 3.24206E-1 2.46807E-1 4.09474E-1 4.44519E-1 4.95401E-1 5.06534E-1 4.45043E-1 2.67222E-1 2.99403E-1 2.96308E-1 1.65059E-1 1.09669E-1 7.53922E-2 8.43317E-2 1.13837E-1 1.3389E-1 2.21376E-1 3.85797E-1 4.08907E-1 4.43787E-1 4.12522E-1 3.74034E-1
2.3076E-1 2.43795E-1 2.05784E-1 1.55319E-1 1.4487E-1 1.80745E-1 2.03016E-1 8.93822E-2 1.49421E-1 2.22101E-1 4.2119E-1 5.26051E-1 5.82427E-1 6.16933E-1 5.38293E-1 5.8131E-1 5.97432E-1 6.37936E-1 6.47892E-1 6.79881E-1 6.89251E-1 6.44E-1 3.47193E-1 5.92214E-1 5.27671E-1 4.83853E-1 4.35964E-1 3.87039E-1 3.96654E-1 3.47176E-1 1.84821E-1 1.64456E-1 1.80885E-1 2.28078E-1 2.74641E-1 3.37528E-1 3.31991E-1 3.33894E-1 3.30741E-1 3.49157E-1 4.00702E-1 4.34683E-1 5.14954E-1 5.0995E-1 4.4828E-1 2.34002E-1 2.29255E-1 3.10997E-1 2.51368E-1 1.80923E-1 1.19694E-1 1.24751E-1 1.57684E-1 1.62094E-1 2.63133E-1 4.29355E-1 4.37983E-1 2.13646E-1 4.45445E-1 4.27044E-1
1.51981E-1 2.14051E-1 1.2401E-1 1.23289E-1 1.29635E-1 1.87761E-1 1.77835E-1 1.52635E-1 1.46689E-1 1.93367E-1 3.62376E-1 4.88067E-1 5.34004E-1 5.61469E-1 4.48419E-1 4.34662E-1 4.98417E-1 5.48705E-1 7.0559E-1 7.21909E-1 5.83643E-1 4.28251E-1 6.8594E-1 5.94132E-1 6.09611E-1 5.72878E-1 4.67873E-1 3.85355E-1 3.97883E-1 3.35101E-1 1.95122E-1 1.91501E-1 1.88759E-1 2.76012E-1 2.98985E-1 3.3657E-1 3.39516E-1 3.41005E-1 2.42404E-1 3.69131E-1 4.34629E-1 4.20078E-1 4.61436E-1 4.63897E-1 4.47478E-1 3.08156E-1 2.9115E-1 1.85947E-1 2.66191E-1 2.11952E-1 1.59923E-1 2.04945E-1 2.41156E-1 2.29422E-1 2.93629E-1 4.59319E-1 4.28784E-1 4.93595E-1 4.38214E-1 3.93155E-1
1.28668E-1 1.68672E-1 7.2628E-2 7.81118E-2 1.07587E-1 1.694E-1 1.55041E-1 1.38051E-1 1.38116E-1 1.89468E-1 2.89142E-1 4.40774E-1 4.79261E-1 4.4996E-1 3.31988E-1 3.85406E-1 4.74481E-1 5.82774E-1 6.44315E-1 6.03396E-1 7.33932E-1 7.01358E-1 6.83685E-1 6.45748E-1 5.9566E-1 4.06081E-1 4.35487E-1 3.76184E-1 3.9099E-1 3.33774E-1 2.00196E-1 1.96446E-1 2.33417E-1 2.69825E-1 2.72999E-1 3.28441E-1 3.56191E-1 1.30026E-1 3.96204E-1 3.46921E-1 4.45473E-1 4.55953E-1 4.72176E-1 4.60728E-1 5.13245E-1 4.12974E-1 4.13663E-1 9.37602E-2 2.42168E-1 1.62221E-1 1.02671E-1 1.27317E-1 1.39316E-1 1.54143E-1 2.99669E-1 4.76329E-1 4.21754E-1 4.75221E-1 4.18764E-1 3.73208E-1
1.11793E-1 8.7968E-2 9.11643E-2 9.96703E-2 1.12467E-1 1.66129E-1 1.45457E-1 1.46158E-1 1.55184E-1 1.81041E-1 2.25105E-1 2.85299E-1 3.05919E-1 2.56967E-1 2.6035E-1 3.51489E-1 4.09446E-1 5.29548E-1 4.81717E-1 6.34622E-1 6.16984E-1 5.68759E-1 5.42255E-1 4.9488E-1 3.39523E-1 1.89059E-1 1.84261E-1 2.71717E-1 2.33282E-1 1.94061E-1 1.78276E-1 1.81417E-1 1.80962E-1 1.89757E-1 2.39277E-1 3.24788E-1 3.68428E-1 3.14664E-1 3.94225E-1 3.98352E-1 2.6222E-1 1.29336E-1 3.44289E-1 3.46506E-1 3.63845E-1 1.31535E-1 1.09742E-1 1.8634E-2 7.52882E-2 4.72594E-2 3.38871E-2 4.23149E-2 4.73505E-2 7.97512E-2 1.75771E-1 4.0134E-1 5.96923E-1 5.71579E-1 5.49703E-1 4.73908E-1
8.50375E-2 7.86027E-2 8.89334E-2 9.04614E-2 9.50705E-2 1.57247E-1 1.55965E-1 1.68205E-1 1.78406E-1 1.79078E-1 2.3836E-1 2.70199E-1 3.10839E-1 2.4834E-1 2.76283E-1 3.87407E-1 4.34676E-1 5.24616E-1 5.65619E-1 6.09596E-1 5.60534E-1 5.11772E-1 3.84232E-1 3.19529E-1 2.59681E-1 1.92739E-1 2.87049E-1 2.52065E-1 2.21187E-1 1.98704E-1 1.76443E-1 1.63497E-1 1.67037E-1 2.02268E-1 2.49308E-1 3.34794E-1 3.86268E-1 4.61119E-1 4.20567E-1 3.52134E-1 3.02921E-1 3.21078E-1 3.48437E-1 4.07416E-1 1.96297E-1 1.14637E-1 9.30852E-2 9.88071E-2 6.3321E-2 4.1816E-2 3.47644E-2 4.12505E-2 5.93162E-2 1.01442E-1 6.80831E-2 6.43805E-1 5.87626E-1 5.48409E-1 5.22525E-1 4.74336E-1
1.39606E-1 1.25771E-1 1.12696E-1 8.97501E-2 9.28698E-2 1.48799E-1 1.39987E-1 1.78222E-1 2.01506E-1 2.56788E-1 2.43429E-1 2.72858E-1 2.86965E-1 2.4388E-1 2.79347E-1 3.90028E-1 4.38485E-1 4.34469E-1 5.14981E-1 5.6728E-1 5.36033E-1 3.56596E-1 3.09091E-1 2.85544E-1 2.72143E-1 2.94453E-1 2.66773E-1 2.35975E-1 2.10069E-1 1.75672E-1 1.73746E-1 1.52803E-1 1.60631E-1 2.09939E-1 2.65717E-1 3.55304E-1 3.95595E-1 5.47297E-1 3.70589E-1 2.4137E-1 2.6034E-1 2.7836E-1 3.60171E-1 3.60876E-1 4.03521E-1 1.33708E-1 1.71649E-1 1.02384E-1 6.39134E-2 4.33137E-2 4.11859E-2 5.09642E-2 6.58695E-2 9.0542E-2 2.52602E-1 6.57548E-1 5.89274E-1 5.22992E-1 4.63158E-1 4.56944E-1
1.38425E-1 1.38056E-1 1.28725E-1 1.13144E-1 1.24485E-1 2.17856E-1 2.02335E-1 1.93739E-1 2.08078E-1 2.70281E-1 2.71344E-1 2.71388E-1 2.70916E-1 2.46313E-1 2.67182E-1 3.63501E-1 4.11219E-1 4.30181E-1 4.53032E-1 3.84449E-1 5.04127E-1 4.53086E-1 3.93826E-1 3.58131E-1 3.33863E-1 2.58503E-1 2.44223E-1 2.24265E-1 2.25112E-1 2.16884E-1 1.82845E-1 1.46357E-1 1.70621E-1 2.35533E-1 2.94764E-1 4.07349E-1 5.33437E-1 5.27704E-1 3.4031E-1 2.68768E-1 2.5677E-1 3.20511E-1 1.6469E-1 4.09849E-1 5.37614E-2 1.04866E-1 6.31188E-2 6.0706E-2 6.18466E-2 5.76798E-2 5.87113E-2 6.99273E-2 6.09775E-2 8.72997E-2 1.45054E-1 6.90601E-1 6.22825E-1 5.41467E-1 4.98921E-1 4.46735E-1
1.35587E-1 1.68489E-1 1.58988E-1 1.43299E-1 1.62678E-1 2.68402E-1 2.4701E-1 2.28434E-1 2.21261E-1 2.64082E-1 3.06144E-1 3.00237E-1 2.09247E-1 2.10994E-1 2.35426E-1 3.24376E-1 3.46559E-1 3.6242E-1 3.83099E-1 1.0486E-1 4.61927E-1 4.16014E-1 3.75536E-1 3.44902E-1 3.07857E-1 2.41634E-1 2.49385E-1 2.5195E-1 2.49649E-1 1.96605E-1 1.41532E-1 1.38024E-1 1.60095E-1 2.17221E-1 2.77779E-1 4.47904E-1 5.10148E-1 2.25886E-1 3.51948E-1 3.07732E-1 3.03254E-1 3.27406E-1 1.52926E-1 3.93175E-1 1.03062E-1 9.36019E-2 8.06836E-2 5.54108E-2 4.67897E-2 3.79144E-2 3.93233E-2 4.18941E-2 5.91516E-2 8.46724E-2 1.63572E-1 6.60494E-1 6.13211E-1 5.13694E-1 4.63059E-1 4.20689E-1
2.37818E-1 2.99261E-1 2.91107E-1 2.42232E-1 2.79492E-1 2.93771E-1 2.92862E-1 2.89351E-1 2.6245E-1 2.99306E-1 4.05827E-1 3.92729E-1 2.98355E-1 2.31709E-1 2.31246E-1 3.09082E-1 3.36959E-1 3.4624E-1 3.91269E-1 3.79567E-1 5.32525E-1 4.96197E-1 4.74072E-1 4.44152E-1 3.9451E-1 2.7379E-1 2.89919E-1 2.93977E-1 2.92548E-1 1.82845E-1 1.35961E-1 1.50039E-1 1.46732E-1 1.99637E-1 2.57117E-1 4.0343E-1 4.37605E-1 3.77735E-1 3.12079E-1 3.39238E-1 2.42819E-1 3.08745E-1 3.22571E-1 2.99836E-1 6.48294E-2 1.71984E-2 2.39685E-2 1.67101E-2 1.31375E-2 1.67246E-2 1.12611E-1 1.52717E-1 1.86245E-1 2.29599E-1 2.64158E-1 7.11553E-1 6.92252E-1 5.95763E-1 5.29743E-1 5.00236E-1
3.03503E-1 3.37379E-1 3.64048E-1 3.05276E-1 3.49768E-1 3.49789E-1 3.63132E-1 3.70389E-1 3.42399E-1 3.66923E-1 4.65575E-1 4.51782E-1 3.57135E-1 2.67365E-1 2.20338E-1 2.66347E-1 2.79153E-1 3.12138E-1 3.25321E-1 2.83661E-1 5.0523E-1 4.7892E-1 4.60869E-1 3.65885E-1 3.7513E-1 3.04937E-1 3.17485E-1 3.27886E-1 3.40337E-1 2.35122E-1 1.91754E-1 1.77191E-1 1.75269E-1 2.96104E-1 3.38409E-1 4.17701E-1 2.98451E-1 3.21858E-1 1.04193E-1 1.83476E-1 2.61228E-1 3.09062E-1 2.66856E-1 2.81986E-1 2.35824E-1 4.58766E-2 2.7286E-2 2.05358E-2 1.41618E-2 2.32272E-2 1.75601E-1 2.15446E-1 2.08167E-1 2.48664E-1 2.29099E-1 7.60181E-1 7.01191E-1 6.13356E-1 5.52281E-1 5.15506E-1
3.11964E-1 3.67256E-1 3.20177E-1 1.44125E-1 1.33576E-1 1.87098E-1 3.4474E-1 4.14887E-1 4.22664E-1 4.61906E-1 5.23928E-1 5.1273E-1 3.99049E-1 3.24018E-1 2.74401E-1 2.94146E-1 2.64859E-1 2.93859E-1 3.26451E-1 2.04259E-1 4.71459E-1 4.55566E-1 3.64232E-1 3.78126E-1 4.48494E-1 3.283E-1 3.55958E-1 3.8699E-1 3.93175E-1 2.86505E-1 2.17651E-1 1.95537E-1 2.58599E-1 3.55871E-1 3.96539E-1 4.29717E-1 2.98134E-1 3.31893E-1 3.6658E-1 3.88526E-1 2.91711E-1 3.37726E-1 2.9172E-1 2.66909E-1 2.095E-1 1.53559E-2 2.12021E-2 1.77154E-2 1.58176E-2 3.58481E-2 2.50444E-1 3.10779E-1 3.59789E-1 3.49065E-1 5.11813E-1 7.67638E-1 7.417E-1 6.83223E-1 6.18963E-1 5.27463E-1
4.85181E-1 4.46011E-1 3.47789E-1 3.13048E-1 3.44565E-1 3.43272E-1 3.87941E-1 3.00886E-1 3.48401E-1 5.41051E-1 5.74149E-1 5.69589E-1 4.49777E-1 3.74237E-1 3.36916E-1 3.51101E-1 3.22958E-1 3.04988E-1 3.1343E-1 3.0209E-1 4.39064E-1 3.79078E-1 3.55905E-1 3.88646E-1 4.67505E-1 3.54772E-1 4.03535E-1 4.44397E-1 4.72999E-1 3.38713E-1 2.53085E-1 2.51839E-1 3.86489E-1 4.15942E-1 3.9619E-1 2.292E-1 3.2903E-1 1.79054E-1 3.50513E-1 3.7485E-1 3.3701E-1 3.19784E-1 2.86445E-1 2.34558E-1 4.53127E-2 1.67708E-2 1.62908E-2 1.76939E-2 2.03074E-2 4.79521E-2 3.50822E-1 4.01465E-1 2.73391E-1 3.33605E-1 4.61976E-1 7.44727E-1 7.44875E-1 6.95767E-1 6.31085E-1 5.14708E-1
3.59931E-1 2.69223E-1 2.14124E-1 2.24662E-1 2.78597E-1 3.3164E-1 3.63279E-1 4.6171E-1 4.33107E-1 5.36486E-1 4.06411E-1 5.49094E-1 4.68571E-1 4.15772E-1 3.74563E-1 3.95002E-1 3.58014E-1 3.29818E-1 3.23412E-1 3.15818E-1 4.06985E-1 3.53137E-1 3.8322E-1 4.02664E-1 4.81862E-1 3.87264E-1 4.42823E-1 4.88719E-1 4.39082E-1 3.5783E-1 2.61843E-1 3.28341E-1 1.54765E-1 3.61049E-1 3.16477E-1 3.29607E-1 2.7596E-1 3.26642E-1 3.18907E-1 3.31792E-1 2.93874E-1 2.88793E-1 2.54065E-1 1.55573E-1 1.06365E-1 1.89906E-2 1.8875E-2 2.48662E-2 3.13182E-2 6.17504E-2 3.45098E-1 3.65683E-1 1.50024E-1 3.89966E-1 1.23117E-1 7.29224E-1 7.27904E-1 6.82576E-1 6.35919E-1 5.39862E-1
3.59038E-1 3.12065E-1 2.75539E-1 3.45698E-1 4.1766E-1 4.69132E-1 4.18494E-1 5.66614E-1 5.98841E-1 6.21722E-1 7.56135E-1 7.096E-1 6.38655E-1 6.1728E-1 5.27866E-1 4.63299E-1 4.45466E-1 4.09691E-1 4.41686E-1 4.06914E-1 2.55295E-1 2.3629E-1 2.68957E-1 3.35152E-1 3.67531E-1 4.24084E-1 4.85614E-1 4.78391E-1 4.54607E-1 2.77698E-1 2.3167E-1 4.66681E-1 4.91826E-1 3.78326E-1 3.32757E-1 3.36573E-1 3.68972E-1 2.86734E-1 3.5426E-1 3.24653E-1 3.04578E-1 3.00393E-1 2.94769E-1 1.11403E-1 1.895E-1 5.00237E-2 5.36998E-2 6.83935E-2 8.68328E-2 8.57809E-2 3.5001E-2 3.91604E-2 1.11161E-2 2.7611E-2 5.17697E-2 5.3286E-1 6.21521E-1 5.8785E-1 5.59521E-1 5.73063E-1
3.0539E-1 3.22774E-1 3.47487E-1 3.89362E-1 4.65384E-1 3.99624E-1 5.28985E-1 5.19475E-1 5.78282E-1 5.79542E-1 7.25607E-1 6.80318E-1 6.27397E-1 5.76747E-1 5.23384E-1 4.20092E-1 3.95095E-1 3.88416E-1 3.93082E-1 4.07046E-1 1.37101E-1 2.46305E-1 3.00923E-1 3.32346E-1 3.65277E-1 4.16883E-1 4.36465E-1 3.70166E-1 4.14371E-1 3.95848E-1 3.30321E-1 4.76861E-1 5.00947E-1 4.64041E-1 3.6703E-1 3.19183E-1 3.60714E-1 3.57149E-1 3.51754E-1 2.89431E-1 2.20925E-1 2.34602E-1 2.28962E-1 8.51041E-2 2.1278E-1 3.89577E-2 5.12308E-2 7.31214E-2 7.28853E-2 6.60591E-2 3.54698E-2 9.97427E-3 2.94025E-2 2.10051E-2 4.43637E-2 5.66993E-1 5.55003E-1 5.79044E-1 5.34379E-1 5.51197E-1
