Phytophthora/models/20240430_1147_34/Phytophthora_PA3_RUN6_MAXENT_outputs/Phytophthora_PA3_RUN6.asc
ncols         225
nrows         269
xllcorner     473000.0
yllcorner     4429100.0
cellsize      50.0
NODATA_value  -9999
[rows 135 to 161 of 269, columns 0 to 59 of 225]
-9999 -9999 -9999 -9999 -9999 -9999 -9999 -9999 -9999 -9999 2.45189E-1 3.79301E-1 2.69902E-1 3.46385E-1 3.49737E-1 3.88711E-1 3.51995E-1 3.20654E-1 2.27927E-1 2.85548E-1 4.07851E-1 5.04676E-1 5.39926E-1 5.10605E-1 4.6637E-1 3.59365E-1 3.71455E-1 3.91327E-1 3.57098E-1 1.06452E-1 1.15875E-1 3.64732E-1 3.29854E-1 1.57193E-1 1.52336E-1 8.08416E-2 1.64869E-1 2.27915E-1 2.74135E-1 3.38148E-1 3.83648E-1 3.76627E-1 3.27943E-1 3.35004E-1 3.58477E-1 2.96159E-1 3.07893E-1 3.00672E-1 2.83835E-1 9.99564E-2 3.94173E-1 3.98901E-1 3.01105E-1 2.07778E-1 1.61717E-1 1.80429E-1 1.67826E-1 1.71209E-1 2.49382E-1 3.06568E-1
-9999 -9999 -9999 -9999 -9999 -9999 -9999 -9999 -9999 -9999 1.60411E-1 5.40008E-1 2.5166E-1 4.69118E-1 4.10645E-1 5.19921E-1 3.39298E-1 4.47046E-1 4.38289E-1 4.45567E-1 5.26976E-1 6.17692E-1 6.10641E-1 5.58894E-1 4.58705E-1 2.83248E-1 2.79604E-1 2.75713E-1 2.95268E-1 3.21128E-1 2.70817E-1 1.43083E-1 -9999 -9999 1.47666E-1 1.72637E-1 1.983E-1 2.32429E-1 3.26577E-1 1.80925E-1 4.16606E-1 3.78038E-1 4.10296E-1 5.1248E-1 4.73494E-1 3.72369E-1 3.51691E-1 2.47049E-1 8.77488E-2 2.52286E-1 4.36035E-1 2.87248E-1 3.97806E-1 3.1009E-1 2.38052E-1 1.77366E-1 1.59031E-1 1.83023E-1 2.41594E-1 1.41284E-1
-9999 -9999 -9999 -9999 -9999 -9999 -9999 -9999 -9999 -9999 3.72353E-1 4.37427E-1 4.02054E-1 3.87098E-1 4.11048E-1 4.73249E-1 4.20724E-1 2.69126E-1 4.82283E-1 5.36958E-1 6.83509E-1 7.14967E-1 6.87515E-1 5.95486E-1 5.19786E-1 3.06369E-1 2.70866E-1 2.66539E-1 2.90011E-1 3.15143E-1 2.83255E-1 3.0764E-1 -9999 2.23257E-1 2.22999E-1 2.28187E-1 2.61854E-1 2.89063E-1 3.32277E-1 1.27894E-1 4.17018E-1 4.03105E-1 5.37004E-1 3.03479E-1 4.597E-1 2.70727E-1 1.19083E-1 8.06548E-2 2.26831E-1 2.3014E-1 4.93271E-1 3.00019E-1 4.0829E-1 3.41126E-1 2.60767E-1 1.89472E-1 1.78633E-1 1.92806E-1 2.47688E-1 4.02809E-1
-9999 -9999 -9999 -9999 -9999 -9999 -9999 -9999 -9999 -9999 2.45895E-1 3.17253E-1 3.47547E-1 3.85055E-1 3.30548E-1 4.69186E-1 3.74644E-1 5.07993E-1 2.08092E-1 5.24957E-1 5.09831E-1 6.61318E-1 3.38123E-1 5.9167E-1 5.99189E-1 3.84254E-1 3.41824E-1 3.18273E-1 3.32182E-1 3.51157E-1 3.14169E-1 2.76477E-1 2.21293E-1 2.88081E-1 2.6787E-1 2.99899E-1 3.42905E-1 1.72053E-1 3.82387E-1 3.95338E-1 2.72222E-1 5.1335E-1 3.4405E-1 4.53037E-1 3.48123E-1 2.60672E-1 2.50858E-1 2.11993E-1 2.05794E-1 2.17655E-1 4.9676E-1 4.44718E-1 3.79824E-1 3.45622E-1 2.79532E-1 2.21776E-1 1.95073E-1 2.02247E-1 2.59724E-1 3.44121E-1
-9999 -9999 -9999 -9999 -9999 -9999 -9999 -9999 -9999 -9999 2.49047E-1 2.8548E-1 3.28102E-1 3.60441E-1 3.96962E-1 4.61276E-1 2.01372E-1 4.49424E-1 4.94647E-1 5.14106E-1 5.2551E-1 6.43342E-1 6.28531E-1 6.63584E-1 5.99145E-1 2.44659E-1 3.59812E-1 3.79595E-1 1.15564E-1 2.53856E-1 1.30207E-1 3.35914E-1 2.64844E-1 3.08127E-1 2.92522E-1 3.33698E-1 1.5053E-1 3.32388E-1 4.05681E-1 2.5906E-1 3.87099E-1 5.39133E-1 5.31516E-1 3.79631E-1 3.01283E-1 2.15551E-1 1.95508E-1 1.77446E-1 1.72392E-1 2.29445E-1 4.67218E-1 3.68109E-1 4.42148E-1 3.95145E-1 3.36727E-1 2.52398E-1 2.26681E-1 2.3406E-1 3.06925E-1 3.71541E-1
-9999 -9999 -9999 -9999 -9999 -9999 -9999 -9999 -9999 -9999 2.10927E-1 2.48022E-1 3.00666E-1 3.27046E-1 3.61698E-1 4.42346E-1 4.66304E-1 5.00378E-1 2.36602E-1 5.9182E-1 6.58232E-1 6.48938E-1 6.05789E-1 6.0553E-1 5.46956E-1 3.75577E-1 3.84865E-1 3.62168E-1 3.94274E-1 3.58141E-1 3.32348E-1 1.80851E-1 1.82493E-1 1.61458E-1 3.71961E-1 3.15187E-1 3.23217E-1 3.45654E-1 1.7654E-1 3.84713E-1 4.20323E-1 4.68842E-1 4.10908E-1 2.95909E-1 2.20165E-1 1.68735E-1 1.66655E-1 1.426E-1 1.44278E-1 2.18688E-1 4.38279E-1 5.0619E-1 4.03524E-1 2.46962E-1 3.51797E-1 2.50317E-1 2.05527E-1 2.42526E-1 3.29022E-1 3.9001E-1
-9999 -9999 -9999 -9999 -9999 -9999 -9999 -9999 -9999 -9999 2.28081E-1 2.46467E-1 3.02732E-1 3.2758E-1 3.31401E-1 3.39845E-1 3.58495E-1 3.97102E-1 5.47774E-1 6.21455E-1 6.50903E-1 6.56945E-1 6.18403E-1 5.58461E-1 5.11514E-1 4.75537E-1 4.93209E-1 4.94507E-1 4.37057E-1 3.78489E-1 2.38111E-1 2.49223E-1 2.48633E-1 2.75858E-1 1.67392E-1 4.28376E-1 3.98886E-1 3.95834E-1 5.11035E-1 4.01639E-1 4.43893E-1 3.97429E-1 2.75673E-1 2.34816E-1 2.21177E-1 2.14867E-1 2.12184E-1 1.9624E-1 2.17637E-1 3.2076E-1 5.05921E-1 5.52723E-1 4.66713E-1 4.8081E-1 4.27531E-1 2.50011E-1 2.02153E-1 2.29271E-1 3.1806E-1 4.10493E-1
-9999 -9999 -9999 -9999 -9999 -9999 -9999 -9999 -9999 -9999 1.93572E-1 2.18369E-1 2.73254E-1 2.71919E-1 2.67895E-1 2.88763E-1 3.20023E-1 3.63656E-1 1.71898E-1 6.18404E-1 7.00608E-1 3.5465E-1 5.77694E-1 6.0443E-1 5.58246E-1 4.67443E-1 4.26219E-1 3.92137E-1 3.59543E-1 3.14123E-1 1.89624E-1 1.96599E-1 2.07488E-1 2.50301E-1 3.52249E-1 4.54838E-1 4.21793E-1 2.55496E-1 4.83847E-1 4.52535E-1 3.84055E-1 3.38765E-1 2.27689E-1 2.17371E-1 2.05403E-1 1.84672E-1 1.84581E-1 1.74893E-1 2.12851E-1 3.75595E-1 4.48454E-1 4.87223E-1 3.8502E-1 4.25258E-1 3.74249E-1 2.22509E-1 1.94964E-1 2.35438E-1 2.75295E-1 3.41118E-1
-9999 -9999 -9999 -9999 -9999 -9999 -9999 -9999 -9999 3.4452E-3 1.69779E-1 2.16904E-1 2.3405E-1 2.05732E-1 2.24419E-1 2.55993E-1 2.87193E-1 2.54889E-1 4.26652E-1 5.60613E-1 6.40225E-1 6.35355E-1 6.41642E-1 5.40216E-1 6.40378E-1 5.56303E-1 4.48507E-1 3.66496E-1 3.105E-1 2.61098E-1 1.64068E-1 1.68002E-1 1.85458E-1 2.37119E-1 3.78098E-1 2.33766E-1 4.15765E-1 4.26365E-1 4.51087E-1 4.16026E-1 3.38835E-1 3.30895E-1 2.69228E-1 2.60933E-1 2.40131E-1 2.41894E-1 2.31344E-1 2.16485E-1 2.72154E-1 3.36437E-1 3.94049E-1 3.56517E-1 3.83024E-1 3.85915E-1 3.20592E-1 2.05417E-1 1.94856E-1 2.36407E-1 2.88763E-1 3.53815E-1
-9999 -9999 -9999 -9999 -9999 -9999 -9999 -9999 -9999 3.01894E-3 1.67607E-1 1.95937E-1 1.99982E-1 1.82283E-1 2.09464E-1 2.52866E-1 2.50558E-1 1.30839E-1 4.58725E-1 5.11466E-1 5.67503E-1 5.91703E-1 6.15215E-1 6.80301E-1 6.24908E-1 5.04038E-1 4.31308E-1 3.51068E-1 3.35906E-1 2.69556E-1 1.36448E-1 1.39402E-1 1.69962E-1 2.33847E-1 3.26595E-1 3.94207E-1 3.28422E-1 4.17456E-1 4.46086E-1 3.85386E-1 3.17389E-1 3.0245E-1 3.02866E-1 2.95815E-1 2.91501E-1 2.97142E-1 3.00714E-1 3.14751E-1 2.9826E-1 3.07004E-1 3.49282E-1 2.88564E-1 3.5469E-1 3.4189E-1 2.90473E-1 2.03799E-1 2.15518E-1 2.36083E-1 2.81209E-1 3.63319E-1
-9999 -9999 -9999 -9999 -9999 -9999 -9999 -9999 -9999 2.9921E-3 1.56201E-1 1.59752E-1 1.72583E-1 1.71373E-1 2.05862E-1 2.45355E-1 2.46557E-1 3.18078E-1 4.72678E-1 4.64202E-1 5.37E-1 5.36542E-1 5.18766E-1 5.32117E-1 5.19416E-1 2.895E-1 4.16143E-1 3.75552E-1 3.82296E-1 3.1469E-1 1.80166E-1 1.48749E-1 1.87078E-1 2.37386E-1 3.00087E-1 4.00558E-1 2.37731E-1 4.16706E-1 4.18284E-1 3.53819E-1 3.23057E-1 3.43474E-1 3.50106E-1 3.47423E-1 3.67577E-1 3.84401E-1 4.22345E-1 3.73519E-1 3.24679E-1 3.43534E-1 3.31553E-1 3.34495E-1 4.43986E-1 4.88318E-1 3.69623E-1 2.64383E-1 2.43328E-1 2.43749E-1 3.0092E-1 3.82358E-1
-9999 -9999 -9999 -9999 -9999 -9999 -9999 -9999 1.52742E-1 1.64268E-1 1.38749E-1 1.31187E-1 1.93223E-1 2.26524E-1 2.02744E-1 1.54378E-1 1.01364E-1 4.28441E-1 3.75627E-1 4.09655E-1 4.45667E-1 4.34701E-1 3.75911E-1 3.49533E-1 3.8255E-1 4.26851E-1 1.5657E-1 4.37892E-1 4.39437E-1 3.82031E-1 3.35128E-1 2.69197E-1 3.3913E-1 3.44663E-1 3.64521E-1 2.70291E-1 4.07608E-1 4.43841E-1 3.85042E-1 3.30983E-1 3.62416E-1 3.71775E-1 3.48068E-1 3.73553E-1 5.29802E-1 5.74014E-1 5.21418E-1 4.66995E-1 4.50918E-1 4.17893E-1 3.81482E-1 4.52067E-1 5.23389E-1 5.43351E-1 4.4344E-1 3.91158E-1 3.70243E-1 3.26652E-1 3.79523E-1 4.60482E-1
-9999 -9999 -9999 -9999 -9999 -9999 -9999 -9999 1.36472E-1 1.3396E-1 1.23997E-1 9.65838E-2 1.62471E-1 1.97949E-1 1.79518E-1 1.33532E-1 2.38692E-1 3.27363E-1 3.77322E-1 4.32571E-1 4.64598E-1 4.36307E-1 4.63825E-1 4.73119E-1 4.62642E-1 4.27754E-1 4.16243E-1 2.58554E-1 4.75792E-1 4.26126E-1 3.99657E-1 3.8429E-1 4.06923E-1 3.76884E-1 3.54633E-1 4.34243E-1 4.14932E-1 4.07286E-1 3.43732E-1 2.93878E-1 3.45684E-1 3.11251E-1 3.18807E-1 4.4788E-1 5.71329E-1 5.77727E-1 5.33336E-1 5.07945E-1 4.37533E-1 4.48579E-1 4.09129E-1 5.43661E-1 5.88419E-1 5.34881E-1 4.81747E-1 4.2565E-1 3.86278E-1 3.68856E-1 3.77068E-1 4.15898E-1
-9999 -9999 -9999 -9999 -9999 -9999 -9999 -9999 1.40408E-1 1.61398E-1 7.09832E-2 1.93246E-1 1.07109E-1 9.61384E-2 1.0633E-1 1.21705E-1 1.16354E-1 2.77272E-1 4.08698E-1 4.62452E-1 4.90344E-1 5.16118E-1 5.10856E-1 5.06038E-1 4.74568E-1 4.40154E-1 1.72243E-1 4.74972E-1 2.6489E-1 4.62768E-1 4.761E-1 4.54007E-1 4.09962E-1 1.41787E-1 4.23072E-1 4.72682E-1 4.13165E-1 3.92965E-1 3.32989E-1 3.1476E-1 2.99114E-1 3.29901E-1 4.22547E-1 5.18188E-1 5.75704E-1 5.70783E-1 5.75819E-1 4.74689E-1 4.93664E-1 5.51514E-1 5.85519E-1 6.00754E-1 6.41601E-1 2.85037E-1 3.58768E-1 3.81825E-1 4.36232E-1 3.89854E-1 3.56723E-1 3.61409E-1
-9999 -9999 -9999 -9999 -9999 -9999 -9999 1.49631E-1 1.66815E-1 2.46378E-1 1.83875E-1 1.31693E-1 1.27212E-1 1.25415E-1 1.11129E-1 1.09498E-1 1.45424E-1 3.28008E-1 3.32303E-1 4.30614E-1 4.65812E-1 4.87382E-1 4.53012E-1 4.14635E-1 3.97813E-1 4.06427E-1 4.57946E-1 4.49256E-1 4.70936E-1 1.93369E-1 4.5399E-1 4.95086E-1 2.80314E-1 4.12698E-1 4.43296E-1 4.57763E-1 4.12047E-1 3.64176E-1 3.13939E-1 3.29514E-1 3.24228E-1 4.71702E-1 5.53979E-1 5.41463E-1 5.59034E-1 6.15962E-1 5.85223E-1 5.213E-1 6.02286E-1 6.21295E-1 6.23075E-1 5.95527E-1 5.76462E-1 5.02979E-1 4.92879E-1 4.25334E-1 4.15486E-1 3.76947E-1 3.49631E-1 3.37863E-1
-9999 -9999 -9999 -9999 -9999 -9999 -9999 9.95412E-2 1.66608E-1 1.7397E-1 1.38797E-1 1.64368E-1 1.94276E-1 1.84557E-1 1.7856E-1 1.89012E-1 2.1574E-1 2.63826E-1 2.85772E-1 3.57406E-1 3.76152E-1 3.7683E-1 3.4478E-1 3.65876E-1 3.65082E-1 3.76316E-1 4.09399E-1 4.86814E-1 1.83496E-1 5.02662E-1 4.96317E-1 4.27633E-1 4.23385E-1 4.42955E-1 4.14652E-1 4.24104E-1 3.79013E-1 3.30292E-1 3.21655E-1 3.57006E-1 4.06525E-1 4.62411E-1 5.46139E-1 4.43651E-1 5.30598E-1 2.27846E-1 2.92087E-1 3.21987E-1 5.15507E-1 2.95828E-1 3.27538E-1 6.31408E-1 6.04807E-1 4.68884E-1 4.43318E-1 3.71491E-1 3.75595E-1 3.74237E-1 3.34828E-1 3.52228E-1
-9999 -9999 -9999 -9999 -9999 -9999 -9999 7.44308E-2 2.63304E-1 3.28176E-1 3.43906E-1 4.04984E-1 4.39393E-1 4.25919E-1 4.10302E-1 3.41133E-1 3.26989E-1 4.22374E-1 3.60058E-1 3.97014E-1 4.12984E-1 4.1974E-1 3.96372E-1 4.1684E-1 4.06663E-1 4.10906E-1 4.79567E-1 5.41329E-1 5.79436E-1 5.5195E-1 5.8421E-1 5.74098E-1 5.67064E-1 5.21425E-1 4.4351E-1 4.42805E-1 3.94958E-1 4.00219E-1 4.22513E-1 4.73585E-1 5.90146E-1 6.19135E-1 6.31717E-1 3.88391E-1 6.38195E-1 6.93111E-1 7.43382E-1 7.58328E-1 7.67565E-1 7.53762E-1 6.75941E-1 6.77816E-1 5.92249E-1 4.92825E-1 4.48973E-1 3.97394E-1 3.94949E-1 3.87885E-1 3.61244E-1 4.09416E-1
-9999 -9999 -9999 -9999 -9999 -9999 1.47394E-1 2.32682E-1 2.9669E-1 3.96875E-1 4.29027E-1 4.73501E-1 5.1206E-1 5.20465E-1 5.15103E-1 4.36157E-1 4.18471E-1 5.3021E-1 4.24711E-1 3.82936E-1 3.74463E-1 3.83618E-1 3.76512E-1 3.66905E-1 3.63883E-1 3.90186E-1 4.51981E-1 5.00293E-1 5.63805E-1 5.88264E-1 5.97658E-1 4.13631E-1 5.78649E-1 5.11835E-1 3.85741E-1 3.89598E-1 3.30002E-1 3.73338E-1 4.77206E-1 5.28279E-1 5.97814E-1 5.78397E-1 3.63102E-1 6.11104E-1 6.38117E-1 6.71817E-1 7.23988E-1 7.45141E-1 7.76059E-1 7.4336E-1 7.09937E-1 6.48642E-1 5.89708E-1 5.05943E-1 3.94816E-1 3.76212E-1 3.53559E-1 3.45837E-1 3.61823E-1 1.69673E-1
-9999 -9999 -9999 -9999 -9999 -9999 7.56052E-2 3.20116E-1 3.47477E-1 4.44835E-1 4.77765E-1 5.23619E-1 5.75657E-1 5.97039E-1 5.78149E-1 5.15197E-1 5.27823E-1 6.07089E-1 4.60044E-1 4.19969E-1 3.79532E-1 3.54413E-1 3.39213E-1 3.25222E-1 3.25669E-1 3.30161E-1 4.06554E-1 4.18198E-1 4.86252E-1 5.91283E-1 6.02836E-1 4.6745E-1 5.91494E-1 4.72335E-1 3.72419E-1 4.19931E-1 3.72655E-1 4.0924E-1 4.72101E-1 5.00188E-1 5.95649E-1 4.78334E-1 6.14281E-1 6.12936E-1 6.64754E-1 7.37296E-1 7.69551E-1 7.66687E-1 5.46018E-1 7.22446E-1 6.84604E-1 5.71448E-1 5.82254E-1 5.29816E-1 3.49231E-1 3.55396E-1 2.99141E-1 2.84829E-1 3.51265E-1 3.2322E-1
-9999 -9999 -9999 -9999 -9999 -9999 -9999 4.04094E-1 4.22942E-1 5.16476E-1 5.21137E-1 5.75196E-1 6.20952E-1 6.59592E-1 6.72142E-1 6.09093E-1 6.55091E-1 6.36734E-1 5.13692E-1 4.97091E-1 4.67523E-1 4.17377E-1 3.29713E-1 2.55295E-1 2.64306E-1 2.62103E-1 3.66558E-1 4.02042E-1 4.83914E-1 5.62692E-1 5.97611E-1 5.28998E-1 6.05054E-1 4.73272E-1 4.40919E-1 4.59138E-1 3.81805E-1 4.29327E-1 4.64006E-1 5.29396E-1 5.80588E-1 6.0286E-1 6.07989E-1 6.16199E-1 6.93669E-1 6.88496E-1 7.05296E-1 7.82877E-1 7.60957E-1 6.39026E-1 6.0808E-1 5.85328E-1 5.61766E-1 2.02416E-1 3.94823E-1 3.74177E-1 3.31539E-1 2.93596E-1 3.56487E-1 3.42926E-1
-9999 -9999 -9999 -9999 -9999 -9999 -9999 3.23489E-1 5.32615E-1 5.69364E-1 5.52271E-1 5.85574E-1 6.32024E-1 6.87677E-1 5.2558E-1 6.06503E-1 6.89864E-1 6.58949E-1 5.70828E-1 5.81112E-1 5.03285E-1 3.95647E-1 2.76738E-1 2.3609E-1 2.36603E-1 2.43638E-1 3.21058E-1 3.99838E-1 4.72243E-1 5.2318E-1 5.40401E-1 5.89191E-1 5.85458E-1 5.11232E-1 5.05297E-1 3.41669E-1 4.0199E-1 4.67918E-1 5.07906E-1 1.90461E-1 6.62073E-1 6.37284E-1 5.86705E-1 6.04278E-1 6.79282E-1 7.54769E-1 7.49592E-1 7.36403E-1 6.72155E-1 5.76763E-1 5.01478E-1 4.72164E-1 4.41046E-1 4.69166E-1 3.49023E-1 4.01375E-1 3.55903E-1 3.33778E-1 4.88409E-1 5.69784E-1
-9999 -9999 -9999 -9999 -9999 -9999 -9999 -9999 2.66505E-1 5.5427E-1 3.24041E-1 3.32739E-1 3.78956E-1 4.39809E-1 5.71559E-1 8.24805E-1 8.25492E-1 6.67982E-1 7.93686E-1 7.48913E-1 5.37792E-1 4.22563E-1 3.16983E-1 2.9122E-1 2.97665E-1 2.84522E-1 3.59491E-1 4.25265E-1 5.09015E-1 5.70576E-1 6.59883E-1 7.13588E-1 6.98904E-1 6.69898E-1 5.37742E-1 4.81357E-1 5.25336E-1 5.95733E-1 3.95881E-1 6.4748E-1 6.6381E-1 6.09045E-1 5.40831E-1 5.63159E-1 5.99218E-1 5.42542E-1 6.1944E-1 5.51978E-1 5.02514E-1 4.90933E-1 5.2713E-1 5.03922E-1 5.05547E-1 5.36068E-1 2.44113E-1 5.24004E-1 4.01812E-1 4.04153E-1 4.58577E-1 6.12277E-1
-9999 -9999 -9999 -9999 -9999 -9999 -9999 -9999 3.38698E-1 4.49473E-1 2.06834E-1 2.73897E-1 3.42382E-1 4.04843E-1 5.64401E-1 7.8583E-1 7.74527E-1 8.15008E-1 7.97915E-1 7.19861E-1 5.05815E-1 4.11952E-1 3.28146E-1 3.26778E-1 3.45049E-1 3.27575E-1 3.89109E-1 4.59168E-1 5.44419E-1 6.14287E-1 6.59319E-1 7.12117E-1 6.92366E-1 6.00093E-1 4.06531E-1 5.01538E-1 5.55057E-1 6.35159E-1 6.25396E-1 6.67859E-1 6.18249E-1 5.67511E-1 5.07408E-1 4.25728E-1 4.97406E-1 4.57372E-1 5.55686E-1 5.41308E-1 4.65882E-1 4.32125E-1 4.65205E-1 4.77595E-1 5.50202E-1 5.38209E-1 6.39706E-1 5.85005E-1 4.57429E-1 2.26294E-1 6.26157E-1 5.43037E-1
-9999 -9999 -9999 -9999 -9999 -9999 -9999 -9999 1.33199E-1 3.27805E-1 1.9604E-1 2.45763E-1 2.99052E-1 3.89971E-1 5.02045E-1 7.5073E-1 7.56192E-1 7.85322E-1 7.52436E-1 6.5751E-1 4.75812E-1 4.16368E-1 3.42675E-1 3.7063E-1 4.07457E-1 3.97947E-1 4.61806E-1 5.14703E-1 5.99226E-1 6.74647E-1 6.93283E-1 6.41932E-1 7.07932E-1 4.90323E-1 4.16814E-1 5.45492E-1 6.52922E-1 6.40652E-1 7.04428E-1 6.5697E-1 6.13539E-1 5.37712E-1 4.59456E-1 3.69107E-1 4.20108E-1 3.84309E-1 4.65829E-1 4.76331E-1 4.71215E-1 4.77363E-1 5.26763E-1 5.05467E-1 6.53676E-1 6.53258E-1 6.95073E-1 3.82313E-1 4.92074E-1 5.58035E-1 5.16797E-1 3.43296E-1
-9999 -9999 -9999 -9999 -9999 -9999 -9999 -9999 -9999 3.47129E-1 2.10854E-1 2.28983E-1 3.24238E-1 3.60363E-1 4.4026E-1 7.13473E-1 7.34992E-1 7.40501E-1 6.75577E-1 6.21977E-1 4.51229E-1 4.06032E-1 3.71608E-1 4.13722E-1 4.68426E-1 4.73955E-1 5.30319E-1 5.75873E-1 6.25752E-1 7.17279E-1 6.83455E-1 6.24246E-1 6.85928E-1 4.81931E-1 4.35254E-1 6.09867E-1 6.7094E-1 6.71359E-1 6.52442E-1 6.21055E-1 5.90584E-1 4.70416E-1 3.85634E-1 3.14639E-1 3.28196E-1 3.05967E-1 3.49006E-1 3.95009E-1 4.27898E-1 4.76837E-1 5.9071E-1 6.3891E-1 6.83855E-1 7.30528E-1 7.25149E-1 5.5609E-1 5.23566E-1 4.43408E-1 3.32138E-1 4.60194E-1
-9999 -9999 -9999 -9999 -9999 -9999 -9999 -9999 -9999 4.066E-1 2.48853E-1 3.32645E-1 3.80895E-1 4.16348E-1 4.86403E-1 7.40143E-1 7.37882E-1 7.33152E-1 6.65128E-1 6.1539E-1 4.80756E-1 4.38497E-1 4.03254E-1 4.40234E-1 5.06216E-1 5.23622E-1 5.94503E-1 6.41698E-1 6.64281E-1 5.66867E-1 6.98906E-1 3.93701E-1 6.93154E-1 6.49479E-1 6.18799E-1 5.96065E-1 5.87214E-1 5.65673E-1 5.94656E-1 5.73095E-1 5.51324E-1 4.25911E-1 3.63836E-1 3.01112E-1 3.22064E-1 3.05611E-1 3.31711E-1 3.2422E-1 3.69103E-1 4.96284E-1 6.12734E-1 6.73185E-1 7.16665E-1 7.47049E-1 5.55558E-1 3.76243E-1 3.03332E-1 3.19661E-1 5.17618E-1 5.42221E-1
-9999 -9999 -9999 -9999 -9999 -9999 -9999 -9999 -9999 3.36837E-1 3.32456E-1 3.80805E-1 4.39649E-1 4.95281E-1 6.20329E-1 7.83841E-1 7.584E-1 7.7809E-1 7.26489E-1 7.05132E-1 6.04723E-1 5.17199E-1 4.42459E-1 5.1285E-1 5.77704E-1 6.219E-1 6.98552E-1 4.57959E-1 7.06507E-1 7.19763E-1 5.19306E-1 5.71859E-1 5.6609E-1 5.37714E-1 5.96598E-1 6.6076E-1 4.6297E-1 4.38515E-1 4.89368E-1 5.09925E-1 4.60779E-1 3.97999E-1 3.51169E-1 3.1959E-1 4.03796E-1 4.57125E-1 4.7143E-1 4.79403E-1 4.22543E-1 4.51398E-1 4.96899E-1 6.05395E-1 7.32025E-1 7.2226E-1 4.62528E-1 5.63974E-1 4.85672E-1 4.43429E-1 4.96806E-1 5.99822E-1
