INPUT/RASTER/ASCII_no_standard/BIO01.asc
ncols        225
nrows        269
xllcorner    473009.983799999987
yllcorner    4429051.174800000153
cellsize     50.000000000000
NODATA_value  -9999
[rows 160 to 179 of 269, columns 129 to 171 of 225]
16.098398208618164063 16.103597640991210938 16.109727859497070313 16.121337890625 16.138051986694335938 16.15509033203125 16.165111541748046875 16.168832778930664063 16.170703887939453125 16.170597076416015625 16.169862747192382813 16.174203872680664063 16.184690475463867188 16.201904296875 16.226490020751953125 16.241001129150390625 16.256204605102539063 16.261922836303710938 16.263822555541992188 16.260400772094726563 16.249216079711914063 16.238780975341796875 16.214044570922851563 16.182703018188476563 16.156080245971679688 16.136514663696289063 16.126886367797851563 16.124792098999023438 16.12584686279296875 16.136035919189453125 16.16180419921875 16.195356369018554688 16.226377487182617188 16.24254608154296875 16.256683349609375 16.272796630859375 16.280458450317382813 16.281894683837890625 16.281686782836914063 16.280717849731445313 16.27921295166015625 16.276233673095703125 16.273303985595703125
16.094430923461914063 16.102100372314453125 16.108745574951171875 16.122180938720703125 16.141241073608398438 16.15892791748046875 16.17227935791015625 16.18236541748046875 16.188985824584960938 16.19257354736328125 16.196491241455078125 16.197254180908203125 16.201663970947265625 16.220888137817382813 16.243398666381835938 16.25324249267578125 16.261453628540039063 16.267335891723632813 16.271978378295898438 16.270513534545898438 16.25978851318359375 16.248994827270507813 16.220529556274414063 16.182035446166992188 16.154348373413085938 16.140760421752929688 16.135248184204101563 16.134706497192382813 16.138072967529296875 16.14911651611328125 16.174230575561523438 16.209379196166992188 16.241235733032226563 16.257135391235351563 16.269969940185546875 16.284070968627929688 16.288675308227539063 16.289476394653320313 16.289503097534179688 16.288629531860351563 16.2878570556640625 16.286376953125 16.284685134887695313
16.101116180419921875 16.112339019775390625 16.121278762817382813 16.131715774536132813 16.1469879150390625 16.164636611938476563 16.180372238159179688 16.197458267211914063 16.209798812866210938 16.216220855712890625 16.221904754638671875 16.220367431640625 16.225263595581054688 16.2373199462890625 16.244970321655273438 16.246173858642578125 16.252105712890625 16.26863861083984375 16.282232284545898438 16.283351898193359375 16.274164199829101563 16.264219284057617188 16.236440658569335938 16.195842742919921875 16.16986846923828125 16.160490036010742188 16.156314849853515625 16.154821395874023438 16.154317855834960938 16.162725448608398438 16.187746047973632813 16.223608016967773438 16.255414962768554688 16.270700454711914063 16.283977508544921875 16.29886627197265625 16.2999114990234375 16.297214508056640625 16.296329498291015625 16.2957305908203125 16.295497894287109375 16.294698715209960938 16.293514251708984375
16.123834609985351563 16.136943817138671875 16.147729873657226563 16.15805816650390625 16.171754837036132813 16.18775177001953125 16.199846267700195313 16.209842681884765625 16.215852737426757813 16.216489791870117188 16.21587371826171875 16.2154541015625 16.223110198974609375 16.223712921142578125 16.221876144409179688 16.22442626953125 16.238740921020507813 16.26544189453125 16.2868194580078125 16.29062652587890625 16.284868240356445313 16.2784576416015625 16.260196685791015625 16.232219696044921875 16.2104339599609375 16.198690414428710938 16.190744400024414063 16.185316085815429688 16.175233840942382813 16.175928115844726563 16.198333740234375 16.232252120971679688 16.26308441162109375 16.278608322143554688 16.292572021484375 16.307378768920898438 16.309820175170898438 16.307775497436523438 16.30596923828125 16.305034637451171875 16.305057525634765625 16.304845809936523438 16.303730010986328125
16.151029586791992188 16.163059234619140625 16.171337127685546875 16.17948150634765625 16.189655303955078125 16.19989013671875 16.204479217529296875 16.204984664916992188 16.202318191528320313 16.197072982788085938 16.19666290283203125 16.2050933837890625 16.21540069580078125 16.217119216918945313 16.21738433837890625 16.223171234130859375 16.2433929443359375 16.271051406860351563 16.291042327880859375 16.296636581420898438 16.295076370239257813 16.292539596557617188 16.283819198608398438 16.269718170166015625 16.252857208251953125 16.238199234008789063 16.22557830810546875 16.217437744140625 16.202489852905273438 16.19652557373046875 16.211368560791015625 16.240137100219726563 16.27005767822265625 16.286163330078125 16.299882888793945313 16.310930252075195313 16.311929702758789063 16.31009674072265625 16.30816650390625 16.307270050048828125 16.306970596313476563 16.30587005615234375 16.304636001586914063
16.162359237670898438 16.174571990966796875 16.182147979736328125 16.189123153686523438 16.194492340087890625 16.196765899658203125 16.195302963256835938 16.189115524291992188 16.18132781982421875 16.180204391479492188 16.188520431518554688 16.201513290405273438 16.214908599853515625 16.221818923950195313 16.225862503051757813 16.232297897338867188 16.251682281494140625 16.276140213012695313 16.293962478637695313 16.301107406616210938 16.303747177124023438 16.304683685302734375 16.303449630737304688 16.298479080200195313 16.28697967529296875 16.271863937377929688 16.2545318603515625 16.244663238525390625 16.229156494140625 16.220407485961914063 16.226152420043945313 16.247209548950195313 16.275983810424804688 16.292636871337890625 16.305103302001953125 16.313577651977539063 16.313264846801757813 16.310871124267578125 16.309122085571289063 16.307802200317382813 16.306842803955078125 16.304449081420898438 16.302639007568359375
16.170124053955078125 16.1819305419921875 16.187885284423828125 16.191297531127929688 16.190649032592773438 16.187437057495117188 16.185213088989257813 16.180608749389648438 16.176151275634765625 16.179479598999023438 16.191850662231445313 16.205099105834960938 16.219873428344726563 16.23024749755859375 16.2364959716796875 16.241973876953125 16.256658554077148438 16.27703094482421875 16.294755935668945313 16.305086135864257813 16.311353683471679688 16.315473556518554688 16.31932830810546875 16.319505691528320313 16.312694549560546875 16.29819488525390625 16.277456283569335938 16.265783309936523438 16.248241424560546875 16.237173080444335938 16.237764358520507813 16.253894805908203125 16.280603408813476563 16.296655654907226563 16.307882308959960938 16.314723968505859375 16.313196182250976563 16.310792922973632813 16.308780670166015625 16.306463241577148438 16.304538726806640625 16.302183151245117188 16.301221847534179688
16.1741943359375 16.186780929565429688 16.19199371337890625 16.191522598266601563 16.1872100830078125 16.184312820434570313 16.184787750244140625 16.18804931640625 16.191677093505859375 16.1978607177734375 16.208543777465820313 16.2164154052734375 16.226200103759765625 16.235378265380859375 16.24383544921875 16.249744415283203125 16.26247406005859375 16.279577255249023438 16.2959747314453125 16.308948516845703125 16.316951751708984375 16.32318878173828125 16.332635879516601563 16.337808609008789063 16.333299636840820313 16.317897796630859375 16.2956085205078125 16.282876968383789063 16.262643814086914063 16.249706268310546875 16.24853515625 16.261713027954101563 16.284946441650390625 16.298631668090820313 16.30975341796875 16.31569671630859375 16.3140716552734375 16.311534881591796875 16.3085784912109375 16.305398941040039063 16.302724838256835938 16.299503326416015625 16.298543930053710938
16.181871414184570313 16.193700790405273438 16.1982421875 16.196866989135742188 16.193073272705078125 16.19350433349609375 16.200067520141601563 16.212751388549804688 16.220918655395507813 16.22794342041015625 16.236585617065429688 16.238790512084960938 16.239652633666992188 16.242925643920898438 16.249353408813476563 16.255350112915039063 16.267040252685546875 16.280704498291015625 16.295160293579101563 16.311616897583007813 16.321088790893554688 16.328250885009765625 16.34294891357421875 16.353860855102539063 16.352098464965820313 16.336717605590820313 16.3138275146484375 16.300264358520507813 16.27695465087890625 16.261028289794921875 16.259107589721679688 16.270223617553710938 16.28955841064453125 16.302316665649414063 16.312685012817382813 16.318723678588867188 16.317272186279296875 16.315214157104492188 16.313013076782226563 16.30963897705078125 16.30615997314453125 16.301244735717773438 16.298694610595703125
16.225330352783203125 16.236700057983398438 16.241024017333984375 16.238920211791992188 16.2310791015625 16.233900070190429688 16.252498626708984375 16.270956039428710938 16.281530380249023438 16.288049697875976563 16.292415618896484375 16.290555953979492188 16.284406661987304688 16.279016494750976563 16.279222488403320313 16.282360076904296875 16.288921356201171875 16.2934417724609375 16.304559707641601563 16.323406219482421875 16.334611892700195313 16.34381866455078125 16.359973907470703125 16.372196197509765625 16.375244140625 16.363170623779296875 16.335985183715820313 16.318714141845703125 16.290287017822265625 16.272602081298828125 16.269960403442382813 16.280355453491210938 16.299530029296875 16.312610626220703125 16.321214675903320313 16.326091766357421875 16.325336456298828125 16.322811126708984375 16.319604873657226563 16.316089630126953125 16.312044143676757813 16.306344985961914063 16.30275726318359375
16.257144927978515625 16.27764129638671875 16.2870941162109375 16.284694671630859375 16.275936126708984375 16.275928497314453125 16.28984832763671875 16.30525970458984375 16.314586639404296875 16.320583343505859375 16.324567794799804688 16.323551177978515625 16.317964553833007813 16.310649871826171875 16.3074951171875 16.308423995971679688 16.312225341796875 16.314207077026367188 16.3218994140625 16.337686538696289063 16.348255157470703125 16.357707977294921875 16.372079849243164063 16.38175201416015625 16.38529205322265625 16.374544143676757813 16.343601226806640625 16.323324203491210938 16.292634963989257813 16.276159286499023438 16.27508544921875 16.288066864013671875 16.309396743774414063 16.322772979736328125 16.330762863159179688 16.33473968505859375 16.333766937255859375 16.330297470092773438 16.325977325439453125 16.322183609008789063 16.317518234252929688 16.311920166015625 16.30869293212890625
16.261133193969726563 16.294218063354492188 16.307329177856445313 16.309152603149414063 16.306348800659179688 16.302227020263671875 16.3053741455078125 16.31359100341796875 16.32061004638671875 16.327899932861328125 16.335117340087890625 16.337285995483398438 16.334486007690429688 16.328676223754882813 16.325347900390625 16.325757980346679688 16.329008102416992188 16.331716537475585938 16.337404251098632813 16.348377227783203125 16.357034683227539063 16.364877700805664063 16.376787185668945313 16.384531021118164063 16.386396408081054688 16.373882293701171875 16.341558456420898438 16.320310592651367188 16.288408279418945313 16.272825241088867188 16.275135040283203125 16.290990829467773438 16.314111709594726563 16.32769775390625 16.336154937744140625 16.341123580932617188 16.33943939208984375 16.335376739501953125 16.330768585205078125 16.32662200927734375 16.322431564331054688 16.317836761474609375 16.314844131469726563
16.241930007934570313 16.283794403076171875 16.29878997802734375 16.311954498291015625 16.320413589477539063 16.317626953125 16.31529998779296875 16.317441940307617188 16.322435379028320313 16.331451416015625 16.3433837890625 16.349473953247070313 16.349206924438476563 16.345254898071289063 16.342344284057617188 16.343030929565429688 16.346485137939453125 16.348932266235351563 16.3525390625 16.359788894653320313 16.366146087646484375 16.372135162353515625 16.381597518920898438 16.387075424194335938 16.386285781860351563 16.371191024780273438 16.337787628173828125 16.316225051879882813 16.283538818359375 16.26889801025390625 16.27503204345703125 16.293003082275390625 16.3170928955078125 16.33046722412109375 16.339080810546875 16.345006942749023438 16.342710494995117188 16.337518692016601563 16.332582473754882813 16.32904815673828125 16.326171875 16.323156356811523438 16.320064544677734375
16.2143707275390625 16.250379562377929688 16.268827438354492188 16.294298171997070313 16.31768035888671875 16.323892593383789063 16.326555252075195313 16.325801849365234375 16.32921600341796875 16.338855743408203125 16.354480743408203125 16.364166259765625 16.365497589111328125 16.363372802734375 16.362293243408203125 16.363620758056640625 16.366704940795898438 16.367107391357421875 16.36792755126953125 16.372694015502929688 16.3772125244140625 16.3810882568359375 16.387250900268554688 16.389080047607421875 16.383762359619140625 16.3645172119140625 16.329921722412109375 16.308984756469726563 16.278642654418945313 16.267757415771484375 16.276165008544921875 16.29439544677734375 16.31824493408203125 16.331249237060546875 16.3408966064453125 16.348257064819335938 16.344926834106445313 16.338306427001953125 16.333761215209960938 16.331499099731445313 16.327861785888671875 16.3247528076171875 16.322130203247070313
16.1890106201171875 16.22653961181640625 16.246883392333984375 16.273212432861328125 16.299274444580078125 16.3175811767578125 16.33403778076171875 16.336496353149414063 16.342939376831054688 16.352214813232421875 16.368406295776367188 16.379095077514648438 16.380525588989257813 16.378667831420898438 16.379014968872070313 16.380817413330078125 16.383028030395507813 16.381772994995117188 16.38217926025390625 16.38660430908203125 16.390125274658203125 16.392120361328125 16.394212722778320313 16.3924102783203125 16.382198333740234375 16.357149124145507813 16.319105148315429688 16.298707962036132813 16.274194717407226563 16.269048690795898438 16.278528213500976563 16.296033859252929688 16.318052291870117188 16.331159591674804688 16.343034744262695313 16.350263595581054688 16.34576416015625 16.33931732177734375 16.334028244018554688 16.331274032592773438 16.32696533203125 16.323974609375 16.321950912475585938
16.163150787353515625 16.197420120239257813 16.219675064086914063 16.251897811889648438 16.290922164916992188 16.321117401123046875 16.336574554443359375 16.343318939208984375 16.35330963134765625 16.359575271606445313 16.369470596313476563 16.378427505493164063 16.381292343139648438 16.3846435546875 16.388904571533203125 16.390239715576171875 16.390472412109375 16.389980316162109375 16.39409637451171875 16.402173995971679688 16.4060821533203125 16.405858993530273438 16.402866363525390625 16.396574020385742188 16.383481979370117188 16.354013442993164063 16.311674118041992188 16.290559768676757813 16.267816543579101563 16.265573501586914063 16.27835845947265625 16.297594070434570313 16.318017959594726563 16.331119537353515625 16.343679428100585938 16.350955963134765625 16.346250534057617188 16.338003158569335938 16.332141876220703125 16.329423904418945313 16.324949264526367188 16.321241378784179688 16.319126129150390625
16.140979766845703125 16.167703628540039063 16.191492080688476563 16.229129791259765625 16.28084564208984375 16.328214645385742188 16.354686737060546875 16.35953521728515625 16.35987091064453125 16.360614776611328125 16.36341094970703125 16.368829727172851563 16.373760223388671875 16.380878448486328125 16.386621475219726563 16.387186050415039063 16.391374588012695313 16.395769119262695313 16.400705337524414063 16.408191680908203125 16.412387847900390625 16.410829544067382813 16.404798507690429688 16.3956298828125 16.37939453125 16.3504486083984375 16.311071395874023438 16.291210174560546875 16.269559860229492188 16.267120361328125 16.280965805053710938 16.300823211669921875 16.319826126098632813 16.331371307373046875 16.342573165893554688 16.351087570190429688 16.348344802856445313 16.339252471923828125 16.331811904907226563 16.328580856323242188 16.3231658935546875 16.318729400634765625 16.316484451293945313
16.13611602783203125 16.154712677001953125 16.178609848022460938 16.217437744140625 16.272302627563476563 16.32326507568359375 16.355213165283203125 16.365678787231445313 16.367616653442382813 16.368188858032226563 16.370639801025390625 16.374814987182617188 16.378993988037109375 16.381124496459960938 16.381353378295898438 16.37990570068359375 16.38364410400390625 16.389162063598632813 16.398548126220703125 16.407644271850585938 16.409952163696289063 16.40830230712890625 16.402399063110351563 16.392023086547851563 16.374248504638671875 16.346887588500976563 16.310743331909179688 16.2928466796875 16.27454376220703125 16.274374008178710938 16.288066864013671875 16.305938720703125 16.32268524169921875 16.332120895385742188 16.3419647216796875 16.3511505126953125 16.350543975830078125 16.342084884643554688 16.33260345458984375 16.328248977661132813 16.322000503540039063 16.316946029663085938 16.31410980224609375
16.14604949951171875 16.154443740844726563 16.175266265869140625 16.210773468017578125 16.261983871459960938 16.311838150024414063 16.348680496215820313 16.366655349731445313 16.372438430786132813 16.375579833984375 16.381450653076171875 16.386196136474609375 16.3896484375 16.390676498413085938 16.389324188232421875 16.384960174560546875 16.380437850952148438 16.379468917846679688 16.3855438232421875 16.39031982421875 16.390161514282226563 16.395298004150390625 16.3950653076171875 16.38694000244140625 16.371248245239257813 16.346179962158203125 16.314027786254882813 16.298574447631835938 16.283884048461914063 16.286594390869140625 16.299203872680664063 16.3132781982421875 16.32688140869140625 16.334577560424804688 16.342462539672851563 16.350667953491210938 16.351236343383789063 16.343904495239257813 16.333856582641601563 16.328500747680664063 16.32103729248046875 16.315387725830078125 16.311748504638671875
16.172136306762695313 16.169645309448242188 16.182758331298828125 16.210054397583007813 16.25315093994140625 16.3000640869140625 16.340349197387695313 16.364185333251953125 16.37413787841796875 16.38185882568359375 16.392179489135742188 16.398065567016601563 16.401880264282226563 16.402742385864257813 16.400911331176757813 16.3944244384765625 16.385589599609375 16.379194259643554688 16.374082565307617188 16.36940765380859375 16.36637115478515625 16.370656967163085938 16.37239837646484375 16.374040603637695313 16.367586135864257813 16.347126007080078125 16.32132720947265625 16.309307098388671875 16.298482894897460938 16.301382064819335938 16.310678482055664063 16.321088790893554688 16.332223892211914063 16.33819580078125 16.343685150146484375 16.349491119384765625 16.350027084350585938 16.343538284301757813 16.33452606201171875 16.32898712158203125 16.320514678955078125 16.31404876708984375 16.309743881225585938
