INPUT/RASTER/ASCII_no_standard/BIO02.asc
ncols        225
nrows        269
xllcorner    473009.983799999987
yllcorner    4429051.174800000153
cellsize     50.000000000000
NODATA_value  -9999
[rows 133 to 151 of 269, columns 86 to 128 of 225]
10.011613845825195313 10.013612747192382813 10.0160675048828125 10.017881393432617188 10.019194602966308594 10.023713111877441406 10.030749320983886719 10.038327217102050781 10.0482940673828125 10.054570198059082031 10.065044403076171875 10.073209762573242188 10.082065582275390625 10.101200103759765625 10.114144325256347656 10.118535041809082031 10.125463485717773438 10.13225555419921875 10.132487297058105469 10.133721351623535156 10.140077590942382813 10.145060539245605469 10.153226852416992188 10.158052444458007813 10.158931732177734375 10.161762237548828125 10.164998054504394531 10.166883468627929688 10.170685768127441406 10.185810089111328125 10.204644203186035156 10.199662208557128906 10.179320335388183594 10.151808738708496094 10.128742218017578125 10.085995674133300781 10.04903411865234375 10.038908004760742188 10.043613433837890625 10.054014205932617188 10.062869071960449219 10.073253631591796875 10.086234092712402344
10.019510269165039063 10.020555496215820313 10.021595954895019531 10.023218154907226563 10.020220756530761719 10.021931648254394531 10.026154518127441406 10.032713890075683594 10.041883468627929688 10.047567367553710938 10.059154510498046875 10.066270828247070313 10.069204330444335938 10.091691017150878906 10.113829612731933594 10.119798660278320313 10.124020576477050781 10.130393028259277344 10.132590293884277344 10.135140419006347656 10.140438079833984375 10.144140243530273438 10.15100860595703125 10.155078887939453125 10.156264305114746094 10.158847808837890625 10.164943695068359375 10.171999931335449219 10.182409286499023438 10.202850341796875 10.211615562438964844 10.191142082214355469 10.166203498840332031 10.139957427978515625 10.119145393371582031 10.082446098327636719 10.050687789916992188 10.043688774108886719 10.050901412963867188 10.068549156188964844 10.083067893981933594 10.097329139709472656 10.111796379089355469
10.0137786865234375 10.014583587646484375 10.015997886657714844 10.017172813415527344 10.016575813293457031 10.018982887268066406 10.023732185363769531 10.0309295654296875 10.040081977844238281 10.046729087829589844 10.063073158264160156 10.076100349426269531 10.080657005310058594 10.097136497497558594 10.116390228271484375 10.123232841491699219 10.126453399658203125 10.131506919860839844 10.135683059692382813 10.139478683471679688 10.145150184631347656 10.149013519287109375 10.153679847717285156 10.157092094421386719 10.158909797668457031 10.161701202392578125 10.170233726501464844 10.1834716796875 10.197191238403320313 10.21286773681640625 10.206697463989257813 10.181064605712890625 10.152394294738769531 10.126582145690917969 10.108282089233398438 10.07630157470703125 10.048108100891113281 10.040340423583984375 10.04917144775390625 10.069661140441894531 10.086417198181152344 10.103912353515625 10.121051788330078125
10.011277198791503906 10.013210296630859375 10.014601707458496094 10.015722274780273438 10.017338752746582031 10.019606590270996094 10.0250396728515625 10.032917022705078125 10.042999267578125 10.050620079040527344 10.067116737365722656 10.082075119018554688 10.092035293579101563 10.105031967163085938 10.118381500244140625 10.123865127563476563 10.128564834594726563 10.134765625 10.140664100646972656 10.146931648254394531 10.153326988220214844 10.157025337219238281 10.162106513977050781 10.165354728698730469 10.168035507202148438 10.171217918395996094 10.180990219116210938 10.196872711181640625 10.2067108154296875 10.214555740356445313 10.200433731079101563 10.171780586242675781 10.142635345458984375 10.119354248046875 10.102133750915527344 10.073335647583007813 10.048634529113769531 10.040295600891113281 10.049141883850097656 10.06537628173828125 10.08135986328125 10.103213310241699219 10.122237205505371094
10.011098861694335938 10.013520240783691406 10.015584945678710938 10.016697883605957031 10.01889801025390625 10.020983695983886719 10.026303291320800781 10.035172462463378906 10.04791259765625 10.05649566650390625 10.071684837341308594 10.084671974182128906 10.095318794250488281 10.106141090393066406 10.116057395935058594 10.120875358581542969 10.126473426818847656 10.135695457458496094 10.144353866577148438 10.152680397033691406 10.160510063171386719 10.164814949035644531 10.171396255493164063 10.174833297729492188 10.177342414855957031 10.182070732116699219 10.193631172180175781 10.205533027648925781 10.210668563842773438 10.212198257446289063 10.191606521606445313 10.158907890319824219 10.129878044128417969 10.108266830444335938 10.092396736145019531 10.067785263061523438 10.049350738525390625 10.044943809509277344 10.054760932922363281 10.06771087646484375 10.081623077392578125 10.103036880493164063 10.12146759033203125
10.010806083679199219 10.012162208557128906 10.014491081237792969 10.01641082763671875 10.019492149353027344 10.022212028503417969 10.02716064453125 10.036904335021972656 10.052327156066894531 10.061712265014648438 10.075896263122558594 10.087061882019042969 10.095795631408691406 10.1029205322265625 10.108823776245117188 10.113286972045898438 10.120199203491210938 10.132781028747558594 10.14447784423828125 10.153925895690917969 10.163333892822265625 10.169299125671386719 10.178606033325195313 10.182387351989746094 10.1834564208984375 10.189425468444824219 10.200066566467285156 10.205765724182128906 10.206323623657226563 10.200385093688964844 10.174108505249023438 10.140420913696289063 10.110734939575195313 10.088228225708007813 10.074193000793457031 10.055627822875976563 10.047739982604980469 10.051939964294433594 10.063210487365722656 10.072768211364746094 10.085744857788085938 10.105817794799804688 10.123509407043457031
10.011927604675292969 10.011514663696289063 10.013651847839355469 10.015794754028320313 10.019560813903808594 10.024760246276855469 10.03035736083984375 10.040387153625488281 10.056523323059082031 10.066164016723632813 10.080247879028320313 10.09310150146484375 10.101071357727050781 10.103907585144042969 10.105112075805664063 10.108129501342773438 10.115279197692871094 10.128314971923828125 10.14017486572265625 10.149611473083496094 10.159549713134765625 10.166752815246582031 10.180520057678222656 10.190354347229003906 10.191961288452148438 10.194157600402832031 10.197581291198730469 10.196605682373046875 10.191517829895019531 10.178213119506835938 10.151537895202636719 10.120106697082519531 10.088850021362304688 10.064983367919921875 10.052996635437011719 10.042974472045898438 10.0453033447265625 10.0571746826171875 10.072790145874023438 10.082760810852050781 10.093199729919433594 10.109444618225097656 10.124625205993652344
10.019461631774902344 10.018923759460449219 10.020267486572265625 10.021039962768554688 10.024117469787597656 10.031632423400878906 10.03992462158203125 10.050083160400390625 10.063973426818847656 10.072794914245605469 10.08868408203125 10.104464530944824219 10.11310577392578125 10.114319801330566406 10.111785888671875 10.11312103271484375 10.117388725280761719 10.126585960388183594 10.136872291564941406 10.145709037780761719 10.155165672302246094 10.162720680236816406 10.181423187255859375 10.203360557556152344 10.209291458129882813 10.205634117126464844 10.196112632751464844 10.187129974365234375 10.1779022216796875 10.161473274230957031 10.139885902404785156 10.110126495361328125 10.073166847229003906 10.047559738159179688 10.03862762451171875 10.036931991577148438 10.044612884521484375 10.062566757202148438 10.083164215087890625 10.094744682312011719 10.102488517761230469 10.113726615905761719 10.123308181762695313
10.032305717468261719 10.033284187316894531 10.034898757934570313 10.034279823303222656 10.03569793701171875 10.041118621826171875 10.0483856201171875 10.057130813598632813 10.069304466247558594 10.077965736389160156 10.095747947692871094 10.111834526062011719 10.119573593139648438 10.121140480041503906 10.118659019470214844 10.118272781372070313 10.12131500244140625 10.127589225769042969 10.135595321655273438 10.145223617553710938 10.156075477600097656 10.1637420654296875 10.182738304138183594 10.206172943115234375 10.215671539306640625 10.212359428405761719 10.197241783142089844 10.183356285095214844 10.174029350280761719 10.15826416015625 10.138902664184570313 10.108315467834472656 10.06908416748046875 10.045338630676269531 10.037615776062011719 10.036651611328125 10.046744346618652344 10.067249298095703125 10.087636947631835938 10.099317550659179688 10.106671333312988281 10.116422653198242188 10.124146461486816406
10.041797637939453125 10.044774055480957031 10.047280311584472656 10.047814369201660156 10.049801826477050781 10.0523681640625 10.056618690490722656 10.06390380859375 10.074703216552734375 10.083112716674804688 10.101991653442382813 10.116284370422363281 10.121682167053222656 10.123078346252441406 10.12207794189453125 10.122555732727050781 10.12650299072265625 10.134004592895507813 10.141508102416992188 10.149910926818847656 10.163299560546875 10.173757553100585938 10.193098068237304688 10.212270736694335938 10.222720146179199219 10.219870567321777344 10.199380874633789063 10.181588172912597656 10.17247772216796875 10.157017707824707031 10.137071609497070313 10.106101036071777344 10.068671226501464844 10.046474456787109375 10.0395965576171875 10.040540695190429688 10.052274703979492188 10.071821212768554688 10.0910186767578125 10.102084159851074219 10.108484268188476563 10.116816520690917969 10.123579025268554688
10.050916671752929688 10.054546356201171875 10.058623313903808594 10.061360359191894531 10.064688682556152344 10.065505027770996094 10.065968513488769531 10.070931434631347656 10.081143379211425781 10.08935546875 10.106484413146972656 10.118011474609375 10.12226104736328125 10.124686241149902344 10.124552726745605469 10.126521110534667969 10.13507843017578125 10.147667884826660156 10.156041145324707031 10.161725044250488281 10.178394317626953125 10.191875457763671875 10.206903457641601563 10.217977523803710938 10.229733467102050781 10.2275390625 10.198416709899902344 10.178662300109863281 10.169664382934570313 10.15335845947265625 10.131765365600585938 10.102162361145019531 10.071295738220214844 10.053582191467285156 10.049180984497070313 10.052172660827636719 10.064124107360839844 10.079888343811035156 10.095902442932128906 10.105647087097167969 10.110999107360839844 10.115995407104492188 10.123282432556152344
10.061552047729492188 10.063632965087890625 10.068448066711425781 10.071699142456054688 10.075678825378417969 10.076352119445800781 10.075738906860351563 10.079703330993652344 10.089343070983886719 10.0963592529296875 10.108534812927246094 10.1168670654296875 10.122140884399414063 10.126633644104003906 10.129229545593261719 10.133734703063964844 10.147062301635742188 10.164654731750488281 10.176183700561523438 10.181966781616210938 10.197604179382324219 10.208392143249511719 10.213319778442382813 10.213725090026855469 10.220094680786132813 10.215554237365722656 10.186411857604980469 10.170499801635742188 10.162353515625 10.145571708679199219 10.121568679809570313 10.093068122863769531 10.069924354553222656 10.060060501098632813 10.058742523193359375 10.062485694885253906 10.072886466979980469 10.085344314575195313 10.098687171936035156 10.107892990112304688 -9999 -9999 -9999
10.07569122314453125 10.077231407165527344 10.080336570739746094 10.082096099853515625 10.085557937622070313 10.086468696594238281 10.086984634399414063 10.091299057006835938 10.098952293395996094 10.103438377380371094 10.110470771789550781 10.117244720458984375 10.123555183410644531 10.131626129150390625 10.139868736267089844 10.146951675415039063 10.162411689758300781 10.180461883544921875 10.194837570190429688 10.207246780395507813 10.218577384948730469 10.21933746337890625 10.209393501281738281 10.196353912353515625 10.190424919128417969 10.183642387390136719 10.167620658874511719 10.157873153686523438 10.149880409240722656 10.132808685302734375 10.10778045654296875 10.080021858215332031 10.061854362487792969 10.057446479797363281 10.059446334838867188 10.065782546997070313 10.075583457946777344 10.0850982666015625 10.099102973937988281 10.102608680725097656 -9999 -9999 -9999
10.093502044677734375 10.092520713806152344 10.093596458435058594 10.093489646911621094 10.0972137451171875 10.100333213806152344 10.103104591369628906 10.107560157775878906 10.112550735473632813 10.114121437072753906 10.117032051086425781 10.121976852416992188 10.128330230712890625 10.143581390380859375 10.161675453186035156 10.170946121215820313 10.183526992797851563 10.193948745727539063 10.205450057983398438 10.212799072265625 10.211980819702148438 10.206944465637207031 10.193454742431640625 10.177570343017578125 10.168348312377929688 10.16341400146484375 10.156184196472167969 10.148889541625976563 10.14019775390625 10.122633934020996094 10.09876251220703125 10.072061538696289063 10.055521965026855469 10.052315711975097656 10.055364608764648438 10.062946319580078125 10.0739288330078125 10.085516929626464844 10.092112541198730469 -9999 -9999 -9999 -9999
10.104140281677246094 10.103581428527832031 10.103321075439453125 10.103362083435058594 10.10697174072265625 10.112631797790527344 10.117646217346191406 10.120961189270019531 10.124059677124023438 10.125420570373535156 10.126509666442871094 10.127207756042480469 10.132592201232910156 10.1561126708984375 10.182233810424804688 10.192646026611328125 10.200705528259277344 10.200026512145996094 10.198553085327148438 10.188793182373046875 10.175362586975097656 10.168276786804199219 10.160088539123535156 10.157790184020996094 10.156945228576660156 10.155707359313964844 10.150350570678710938 10.142590522766113281 10.133481025695800781 10.116513252258300781 10.093529701232910156 10.067138671875 10.050179481506347656 10.045621871948242188 10.045091629028320313 10.050329208374023438 10.065145492553710938 10.083689689636230469 10.099259376525878906 10.10491180419921875 -9999 10.115022659301757813 10.116556167602539063
10.112405776977539063 10.112499237060546875 10.112067222595214844 10.112945556640625 10.117850303649902344 10.122860908508300781 10.127531051635742188 10.131048202514648438 10.133481025695800781 10.134433746337890625 10.133896827697753906 10.13352203369140625 10.140475273132324219 10.171687126159667969 10.205286026000976563 10.216042518615722656 10.218042373657226563 10.203390121459960938 10.179187774658203125 10.151346206665039063 10.136913299560546875 10.133919715881347656 10.133963584899902344 10.143017768859863281 10.148637771606445313 10.148649215698242188 10.141903877258300781 10.1347503662109375 10.126840591430664063 10.110845565795898438 10.088769912719726563 10.063985824584960938 10.046994209289550781 10.041340827941894531 10.037034988403320313 10.037130355834960938 10.052217483520507813 10.075557708740234375 10.095216751098632813 10.1044464111328125 10.105609893798828125 10.113290786743164063 10.116392135620117188
10.119144439697265625 10.119471549987792969 10.12018585205078125 10.121527671813964844 10.125208854675292969 10.130398750305175781 10.134337425231933594 10.137141227722167969 10.138929367065429688 10.139292716979980469 10.13942718505859375 10.140737533569335938 10.15262603759765625 10.197831153869628906 10.242216110229492188 10.249881744384765625 10.2378082275390625 10.201865196228027344 10.156360626220703125 10.125844001770019531 10.117987632751464844 10.118802070617675781 10.124236106872558594 10.135118484497070313 10.14171600341796875 10.141985893249511719 10.136309623718261719 10.129583358764648438 10.122324943542480469 10.106557846069335938 10.084025382995605469 10.060416221618652344 10.046194076538085938 10.04126739501953125 10.036672592163085938 10.034669876098632813 10.0437164306640625 10.063976287841796875 10.083975791931152344 10.095547676086425781 10.101353645324707031 10.107965469360351563 10.114317893981933594
10.125453948974609375 10.12546539306640625 10.126085281372070313 10.127763748168945313 10.131681442260742188 10.137385368347167969 10.141556739807128906 10.143820762634277344 10.144280433654785156 10.1447296142578125 10.146633148193359375 10.151208877563476563 10.172883987426757813 10.236460685729980469 10.290981292724609375 10.289415359497070313 10.254365921020507813 10.196404457092285156 10.139733314514160156 10.112097740173339844 10.108862876892089844 10.111005783081054688 10.117878913879394531 10.127684593200683594 10.13404083251953125 10.135900497436523438 10.131778717041015625 10.125702857971191406 10.118727684020996094 10.102437019348144531 10.079189300537109375 10.059092521667480469 10.046442985534667969 10.04198455810546875 10.038212776184082031 10.035840034484863281 10.040020942687988281 10.051922798156738281 10.068406105041503906 10.0805206298828125 10.088077545166015625 10.097864151000976563 10.107760429382324219
10.1316680908203125 10.131288528442382813 10.131635665893554688 10.133543968200683594 10.141238212585449219 10.150216102600097656 10.157212257385253906 10.161057472229003906 10.162141799926757813 10.169183731079101563 10.184655189514160156 10.202935218811035156 10.236459732055664063 10.295439720153808594 10.3295135498046875 10.31334686279296875 10.260436058044433594 10.193117141723632813 10.136577606201171875 10.111647605895996094 10.107148170471191406 10.108089447021484375 10.113176345825195313 10.120633125305175781 10.126481056213378906 10.128170967102050781 10.123173713684082031 10.115693092346191406 10.106965065002441406 10.09056854248046875 10.07265472412109375 10.058318138122558594 10.048455238342285156 10.043802261352539063 10.040294647216796875 10.037769317626953125 10.039105415344238281 10.042935371398925781 10.052141189575195313 10.061543464660644531 10.069325447082519531 10.080554962158203125 10.09197998046875
