INPUT/RASTER/ASCII_no_standard/BIO02.asc
ncols        225
nrows        269
xllcorner    473009.983799999987
yllcorner    4429051.174800000153
cellsize     50.000000000000
NODATA_value  -9999
[rows 152 to 170 of 269, columns 43 to 85 of 225]
9.9217157363891601563 9.9202146530151367188 9.9187974929809570313 9.9175157546997070313 9.9129972457885742188 9.9053316116333007813 9.9031991958618164063 9.9100170135498046875 9.9204463958740234375 9.9535083770751953125 9.990055084228515625 10.011301040649414063 10.018880844116210938 10.022713661193847656 10.039086341857910156 10.0620574951171875 10.083609580993652344 10.073853492736816406 10.055876731872558594 10.049490928649902344 10.051012039184570313 10.052213668823242188 10.062092781066894531 10.091556549072265625 10.102701187133789063 10.102034568786621094 10.105002403259277344 10.1100006103515625 10.120395660400390625 10.109035491943359375 10.0983734130859375 10.100018501281738281 10.106549263000488281 10.111345291137695313 10.124833106994628906 10.145390510559082031 10.150607109069824219 10.137450218200683594 10.128086090087890625 10.12457275390625 10.125339508056640625 10.130457878112792969 10.135650634765625
9.9312410354614257813 9.930286407470703125 9.9283161163330078125 9.92452239990234375 9.9203939437866210938 9.9166088104248046875 9.9186601638793945313 9.9316864013671875 9.9499969482421875 10.013064384460449219 10.073042869567871094 10.098206520080566406 10.094733238220214844 10.070357322692871094 10.060873031616210938 10.081027984619140625 10.098839759826660156 10.085602760314941406 10.067535400390625 10.061669349670410156 10.063590049743652344 10.064568519592285156 10.067280769348144531 10.071894645690917969 10.071564674377441406 10.071249961853027344 10.076312065124511719 10.083570480346679688 10.099997520446777344 10.093775749206542969 10.102464675903320313 10.108402252197265625 10.116916656494140625 10.124169349670410156 10.137903213500976563 10.15877532958984375 10.161130905151367188 10.149554252624511719 10.143115997314453125 10.140496253967285156 10.139278411865234375 10.139300346374511719 10.140350341796875
9.93894195556640625 9.9387302398681640625 9.9374847412109375 9.9323940277099609375 9.927829742431640625 9.9287166595458984375 9.9372987747192382813 9.9617338180541992188 9.9877262115478515625 10.059999465942382813 10.131671905517578125 10.162476539611816406 10.15087890625 10.120139122009277344 10.108148574829101563 10.124016761779785156 10.127591133117675781 10.0945892333984375 10.071710586547851563 10.0652313232421875 10.066042900085449219 10.067597389221191406 10.073266983032226563 10.085699081420898438 10.090798377990722656 10.083078384399414063 10.080662727355957031 10.082122802734375 10.079882621765136719 10.073550224304199219 10.079943656921386719 10.077009201049804688 10.108199119567871094 10.132721900939941406 10.149241447448730469 10.169941902160644531 10.167707443237304688 10.157017707824707031 10.152463912963867188 10.151645660400390625 10.150656700134277344 10.149638175964355469 10.148789405822753906
9.945613861083984375 9.9449558258056640625 9.9447240829467773438 9.94168853759765625 9.938022613525390625 9.9446001052856445313 9.96889495849609375 10.012115478515625 10.043315887451171875 10.112828254699707031 10.186158180236816406 10.218329429626464844 10.20458984375 10.181896209716796875 10.179884910583496094 10.187970161437988281 10.171139717102050781 10.115550994873046875 10.081745147705078125 10.072134971618652344 10.06948089599609375 10.069513320922851563 10.074379920959472656 10.0909271240234375 10.105029106140136719 10.096071243286132813 10.085494041442871094 10.088410377502441406 10.088953018188476563 10.084959983825683594 10.080266952514648438 10.069855690002441406 10.07773590087890625 10.094208717346191406 10.116733551025390625 10.168486595153808594 10.171170234680175781 10.164271354675292969 10.163385391235351563 10.164225578308105469 10.163758277893066406 10.161385536193847656 10.158320426940917969
9.9542589187622070313 9.9513874053955078125 9.9520463943481445313 9.9508962631225585938 9.9592962265014648438 9.99054718017578125 10.032362937927246094 10.079628944396972656 10.110294342041015625 10.170110702514648438 10.227505683898925781 10.255323410034179688 10.248935699462890625 10.23702239990234375 10.231125831604003906 10.220211029052734375 10.182752609252929688 10.124265670776367188 10.090233802795410156 10.080925941467285156 10.07791900634765625 10.077527046203613281 10.081960678100585938 10.095569610595703125 10.109400749206542969 10.100709915161132813 10.090624809265136719 10.092720985412597656 10.0980987548828125 10.101254463195800781 10.101963043212890625 10.104198455810546875 10.101813316345214844 10.102388381958007813 10.111376762390136719 10.11859893798828125 10.112416267395019531 10.136483192443847656 10.152848243713378906 10.157426834106445313 10.170317649841308594 10.171778678894042969 10.167186737060546875
9.9653635025024414063 9.9637508392333984375 9.9633836746215820313 9.9652662277221679688 9.991619110107421875 10.04485321044921875 10.093902587890625 10.141231536865234375 10.169782638549804688 10.219785690307617188 10.254125595092773438 10.273244857788085938 10.275117874145507813 10.263321876525878906 10.237217903137207031 10.212247848510742188 10.165597915649414063 10.113895416259765625 10.0876922607421875 10.087203025817871094 10.089034080505371094 10.089438438415527344 10.092801094055175781 10.102418899536132813 10.11130523681640625 10.105114936828613281 10.095628738403320313 10.096346855163574219 10.10437774658203125 10.115835189819335938 10.124395370483398438 10.139704704284667969 10.151742935180664063 10.148754119873046875 10.134401321411132813 10.111083030700683594 10.096004486083984375 10.104169845581054688 10.11634063720703125 10.125914573669433594 10.1524810791015625 10.15628814697265625 10.151397705078125
9.9747028350830078125 9.9765596389770507813 9.98049163818359375 9.9893941879272460938 10.024739265441894531 10.080950736999511719 10.138991355895996094 10.185025215148925781 10.210336685180664063 10.253106117248535156 10.278612136840820313 10.29006195068359375 10.285675048828125 10.259509086608886719 10.217645645141601563 10.190893173217773438 10.157757759094238281 10.11704254150390625 10.090006828308105469 10.093892097473144531 10.10064697265625 10.102275848388671875 10.105256080627441406 10.109506607055664063 10.111945152282714844 10.107921600341796875 10.101354598999023438 10.101506233215332031 10.108087539672851563 10.124583244323730469 10.149815559387207031 10.176394462585449219 10.188067436218261719 10.182893753051757813 10.160662651062011719 10.124743461608886719 10.10657501220703125 10.108835220336914063 10.122006416320800781 10.130946159362792969 10.137167930603027344 10.131402015686035156 10.125730514526367188
9.9877347946166992188 9.9932651519775390625 10.001771926879882813 10.015653610229492188 10.044003486633300781 10.097751617431640625 10.159711837768554688 10.210994720458984375 10.239211082458496094 10.280957221984863281 10.303487777709960938 10.3079681396484375 10.289789199829101563 10.246487617492675781 10.201223373413085938 10.182664871215820313 10.165798187255859375 10.130338668823242188 10.099099159240722656 10.102250099182128906 10.112108230590820313 10.117479324340820313 10.122399330139160156 10.117951393127441406 10.112552642822265625 10.108997344970703125 10.107234001159667969 10.107232093811035156 10.112610816955566406 10.129525184631347656 10.167935371398925781 10.200448989868164063 10.201572418212890625 10.192596435546875 10.170241355895996094 10.141312599182128906 10.119571685791015625 10.120916366577148438 10.13637542724609375 10.147377967834472656 10.148397445678710938 10.140021324157714844 10.130288124084472656
10.006356239318847656 10.014287948608398438 10.018073081970214844 10.026668548583984375 10.048480987548828125 10.096012115478515625 10.157712936401367188 10.214468002319335938 10.246973991394042969 10.295117378234863281 10.316783905029296875 10.315655708312988281 10.290216445922851563 10.234698295593261719 10.194720268249511719 10.190244674682617188 10.180572509765625 10.142416000366210938 10.116036415100097656 10.115513801574707031 10.121099472045898438 10.126737594604492188 10.132173538208007813 10.123056411743164063 10.113911628723144531 10.110715866088867188 10.111042022705078125 10.112043380737304688 10.118404388427734375 10.136331558227539063 10.179231643676757813 10.215254783630371094 10.210477828979492188 10.197554588317871094 10.175668716430664063 10.157658576965332031 10.143631935119628906 10.137065887451171875 10.151204109191894531 10.16616058349609375 10.173005104064941406 10.163286209106445313 10.145853996276855469
10.020018577575683594 10.023491859436035156 10.025598526000976563 10.030055046081542969 10.044241905212402344 10.088498115539550781 10.154047012329101563 10.214662551879882813 10.248463630676269531 10.299642562866210938 10.322457313537597656 10.318536758422851563 10.290946006774902344 10.232324600219726563 10.197912216186523438 10.204183578491210938 10.198163032531738281 10.165606498718261719 10.150968551635742188 10.132102012634277344 10.125479698181152344 10.125870704650878906 10.129473686218261719 10.123236656188964844 10.1168365478515625 10.114184379577636719 10.113678932189941406 10.1166229248046875 10.12566375732421875 10.145666122436523438 10.187299728393554688 10.221837997436523438 10.220218658447265625 10.207765579223632813 10.189270973205566406 10.177309036254882813 10.173105239868164063 10.164592742919921875 10.167760848999023438 10.181445121765136719 10.188623428344726563 10.175635337829589844 10.157578468322753906
10.027332305908203125 10.030035972595214844 10.031390190124511719 10.034003257751464844 10.048000335693359375 10.092984199523925781 10.156502723693847656 10.216257095336914063 10.251996994018554688 10.304865837097167969 10.3275299072265625 10.325250625610351563 10.300244331359863281 10.258679389953613281 10.236535072326660156 10.238974571228027344 10.222925186157226563 10.197714805603027344 10.173300743103027344 10.128266334533691406 10.11643218994140625 10.115214347839355469 10.119383811950683594 10.121289253234863281 10.119627952575683594 10.118077278137207031 10.118318557739257813 10.122244834899902344 10.13294219970703125 10.15283966064453125 10.190673828125 10.221323966979980469 10.229055404663085938 10.2237091064453125 10.209893226623535156 10.201169967651367188 10.1973419189453125 10.196433067321777344 10.199357032775878906 10.202745437622070313 10.196326255798339844 10.177718162536621094 10.163021087646484375
10.034525871276855469 10.036877632141113281 10.036594390869140625 10.039677619934082031 10.060210227966308594 10.11113739013671875 10.169864654541015625 10.227323532104492188 10.264227867126464844 10.315100669860839844 10.337100028991699219 10.336246490478515625 10.321923255920410156 10.30440521240234375 10.289101600646972656 10.271504402160644531 10.240197181701660156 10.218232154846191406 10.166385650634765625 10.117021560668945313 10.106598854064941406 10.106458663940429688 10.110355377197265625 10.117417335510253906 10.120991706848144531 10.121846199035644531 10.123590469360351563 10.12783050537109375 10.138248443603515625 10.156675338745117188 10.191614151000976563 10.222054481506347656 10.235886573791503906 10.236309051513671875 10.225914955139160156 10.217565536499023438 10.212934494018554688 10.216820716857910156 10.232439994812011719 10.23017120361328125 10.204276084899902344 10.181095123291015625 10.17066192626953125
10.041666030883789063 10.042959213256835938 10.04248046875 10.045050621032714844 10.062937736511230469 10.116217613220214844 10.180256843566894531 10.241045951843261719 10.276783943176269531 10.321127891540527344 10.342000961303710938 10.349256515502929688 10.346146583557128906 10.315041542053222656 10.275918960571289063 10.240984916687011719 10.203027725219726563 10.183878898620605469 10.144457817077636719 10.117371559143066406 10.110704421997070313 10.108338356018066406 10.109524726867675781 10.116154670715332031 10.123400688171386719 10.128876686096191406 10.131864547729492188 10.134867668151855469 10.143314361572265625 10.158674240112304688 10.192202568054199219 10.225766181945800781 10.242145538330078125 10.245373725891113281 10.243399620056152344 10.237420082092285156 10.230875015258789063 10.2332611083984375 10.253891944885253906 10.263087272644042969 10.245602607727050781 10.216654777526855469 10.198723793029785156
10.053319931030273438 10.054140090942382813 10.053393363952636719 10.053470611572265625 10.069822311401367188 10.131298065185546875 10.200758934020996094 10.253005027770996094 10.273180007934570313 10.284893989562988281 10.295289993286132813 10.328008651733398438 10.344847679138183594 10.291581153869628906 10.235756874084472656 10.204884529113769531 10.171519279479980469 10.152124404907226563 10.131681442260742188 10.120244979858398438 10.116399765014648438 10.112859725952148438 10.111878395080566406 10.115862846374511719 10.123490333557128906 10.132671356201171875 10.138784408569335938 10.141416549682617188 10.147847175598144531 10.160150527954101563 10.191178321838378906 10.226520538330078125 10.245496749877929688 10.25341033935546875 10.263024330139160156 10.264044761657714844 10.256424903869628906 10.253096580505371094 10.267706871032714844 10.281839370727539063 10.285074234008789063 10.2638702392578125 10.238438606262207031
10.062524795532226563 10.063368797302246094 10.062778472900390625 10.061791419982910156 10.080630302429199219 10.14900970458984375 10.212477684020996094 10.249327659606933594 10.257002830505371094 10.242732048034667969 10.239171981811523438 10.296544075012207031 10.337955474853515625 10.275115013122558594 10.212893486022949219 10.19156646728515625 10.166895866394042969 10.146212577819824219 10.129986763000488281 10.121809959411621094 10.118822097778320313 10.115983009338378906 10.114047050476074219 10.115687370300292969 10.121394157409667969 10.13275909423828125 10.142308235168457031 10.146418571472167969 10.152801513671875 10.163367271423339844 10.190295219421386719 10.224840164184570313 10.247198104858398438 10.260354995727539063 10.276886940002441406 10.286285400390625 10.28182220458984375 10.273612022399902344 10.276419639587402344 10.28614044189453125 10.29889678955078125 10.292766571044921875 10.278307914733886719
10.067397117614746094 10.068950653076171875 10.068491935729980469 10.068389892578125 10.089198112487792969 10.151871681213378906 10.205463409423828125 10.238644599914550781 10.248095512390136719 10.234450340270996094 10.229605674743652344 10.2940521240234375 10.336225509643554688 10.271674156188964844 10.211688041687011719 10.19051361083984375 10.166288375854492188 10.145526885986328125 10.131524085998535156 10.12366485595703125 10.120163917541503906 10.118030548095703125 10.116594314575195313 10.117055892944335938 10.120503425598144531 10.132264137268066406 10.14458465576171875 10.151106834411621094 10.158792495727539063 10.168107032775878906 10.190332412719726563 10.223664283752441406 10.248262405395507813 10.262692451477050781 10.282062530517578125 10.300506591796875 10.303353309631347656 10.293496131896972656 10.284148216247558594 10.288702964782714844 10.307917594909667969 10.310586929321289063 10.309897422790527344
10.072323799133300781 10.077054023742675781 10.076442718505859375 10.075798988342285156 10.097279548645019531 10.156106948852539063 10.208304405212402344 10.248729705810546875 10.263744354248046875 10.257067680358886719 10.263322830200195313 10.316571235656738281 10.332734107971191406 10.265041351318359375 10.214015007019042969 10.189318656921386719 10.163578033447265625 10.146225929260253906 10.1348876953125 10.126214027404785156 10.121690750122070313 10.119099617004394531 10.118487358093261719 10.119887351989746094 10.122457504272460938 10.132907867431640625 10.144467353820800781 10.153652191162109375 10.164320945739746094 10.173341751098632813 10.190969467163085938 10.220595359802246094 10.243988990783691406 10.257006645202636719 10.278998374938964844 10.302805900573730469 10.316817283630371094 10.313807487487792969 10.299520492553710938 10.299777984619140625 10.319546699523925781 10.323377609252929688 10.327918052673339844
10.079762458801269531 10.089450836181640625 10.090611457824707031 10.091543197631835938 10.122252464294433594 10.186880111694335938 10.242440223693847656 10.283918380737304688 10.297797203063964844 10.2972259521484375 10.3136138916015625 10.338418006896972656 10.312243461608886719 10.234149932861328125 10.189404487609863281 10.171660423278808594 10.157357215881347656 10.146494865417480469 10.135187149047851563 10.126253128051757813 10.12165069580078125 10.118833541870117188 10.119814872741699219 10.122933387756347656 10.126298904418945313 10.133716583251953125 10.142210006713867188 10.15338134765625 10.168505668640136719 10.178469657897949219 10.19158172607421875 10.214199066162109375 10.232326507568359375 10.243830680847167969 10.263963699340820313 10.287178993225097656 10.315359115600585938 10.332840919494628906 10.334054946899414063 10.333893775939941406 10.342372894287109375 10.339529991149902344 10.337372779846191406
10.100725173950195313 10.119259834289550781 10.128106117248535156 10.146121978759765625 10.196813583374023438 10.262459754943847656 10.311800003051757813 10.338061332702636719 10.341656684875488281 10.3331146240234375 10.323596954345703125 10.3076171875 10.260797500610351563 10.201252937316894531 10.175356864929199219 10.155050277709960938 10.149888038635253906 10.143359184265136719 10.134316444396972656 10.127349853515625 10.124524116516113281 10.121346473693847656 10.123604774475097656 10.127880096435546875 10.131936073303222656 10.139004707336425781 10.145281791687011719 10.154360771179199219 10.169101715087890625 10.180464744567871094 10.190651893615722656 10.204227447509765625 10.215241432189941406 10.223189353942871094 10.237015724182128906 10.252440452575683594 10.285151481628417969 10.31037139892578125 10.321902275085449219 10.327991485595703125 10.336409568786621094 10.337842941284179688 10.340064048767089844
