INPUT/RASTER/ASCII_no_standard/BIO02.asc
ncols        225
nrows        269
xllcorner    473009.983799999987
yllcorner    4429051.174800000153
cellsize     50.000000000000
NODATA_value  -9999
[rows 228 to 246 of 269, columns 86 to 128 of 225]
11.174548149108886719 11.1600494384765625 11.148377418518066406 11.147100448608398438 11.112952232360839844 11.048251152038574219 10.995354652404785156 10.958189964294433594 10.900361061096191406 10.865176200866699219 10.862579345703125 10.860105514526367188 10.853314399719238281 10.85019683837890625 10.849743843078613281 10.868716239929199219 10.8937530517578125 10.863134384155273438 10.802633285522460938 10.810619354248046875 10.8739471435546875 10.983179092407226563 11.092057228088378906 11.151013374328613281 11.152364730834960938 11.139426231384277344 11.1004791259765625 11.065248489379882813 11.039118766784667969 10.985207557678222656 10.880564689636230469 10.772642135620117188 10.677028656005859375 10.593537330627441406 10.591938972473144531 10.600793838500976563 10.579280853271484375 10.529529571533203125 10.504464149475097656 10.492490768432617188 10.4968109130859375 10.508520126342773438 10.5231781005859375
11.192553520202636719 11.19045257568359375 11.189098358154296875 11.172308921813964844 11.120556831359863281 11.062360763549804688 11.023235321044921875 10.997049331665039063 10.958718299865722656 10.939904212951660156 10.937922477722167969 10.92633819580078125 10.915441513061523438 10.910593032836914063 10.898047447204589844 10.899364471435546875 10.919193267822265625 10.909931182861328125 10.870163917541503906 10.865622520446777344 10.902490615844726563 10.990447044372558594 11.098675727844238281 11.157166481018066406 11.156294822692871094 11.143383979797363281 11.115015029907226563 11.094209671020507813 11.067884445190429688 11.010684013366699219 10.901038169860839844 10.790341377258300781 10.69811248779296875 10.598262786865234375 10.573388099670410156 10.577579498291015625 10.561293601989746094 10.525593757629394531 10.508008003234863281 10.497920989990234375 10.501485824584960938 10.515593528747558594 10.531800270080566406
11.208683967590332031 11.212134361267089844 11.21337127685546875 11.193708419799804688 11.139409065246582031 11.085230827331542969 11.051019668579101563 11.031541824340820313 11.007417678833007813 11.003760337829589844 11.0092315673828125 10.995194435119628906 10.98159027099609375 10.977051734924316406 10.969435691833496094 10.965696334838867188 10.973864555358886719 10.965816497802734375 10.934050559997558594 10.916185379028320313 10.911086082458496094 10.954731941223144531 11.0544891357421875 11.140520095825195313 11.160596847534179688 11.158849716186523438 11.156291961669921875 11.153867721557617188 11.122290611267089844 11.053850173950195313 10.948197364807128906 10.852123260498046875 10.771068572998046875 10.647664070129394531 10.56871795654296875 10.544424057006835938 10.530588150024414063 10.517843246459960938 10.512408256530761719 10.511322021484375 10.520861625671386719 10.535726547241210938 10.547303199768066406
11.222430229187011719 11.230385780334472656 11.236509323120117188 11.225642204284667969 11.175440788269042969 11.112315177917480469 11.072297096252441406 11.05652618408203125 11.053235054016113281 11.066136360168457031 11.080793380737304688 11.08805084228515625 11.088975906372070313 11.084801673889160156 11.065537452697753906 11.060329437255859375 11.0704193115234375 11.06170654296875 11.010579109191894531 10.968067169189453125 10.908816337585449219 10.910739898681640625 11.009726524353027344 11.122530937194824219 11.161029815673828125 11.166500091552734375 11.162478446960449219 11.15091705322265625 11.116143226623535156 11.049902915954589844 10.956735610961914063 10.876829147338867188 10.808074951171875 10.68833160400390625 10.585804939270019531 10.540760040283203125 10.526655197143554688 10.518214225769042969 10.515915870666503906 10.519785881042480469 10.536438941955566406 10.564273834228515625 10.578037261962890625
11.229093551635742188 11.235126495361328125 11.243758201599121094 11.239236831665039063 11.192285537719726563 11.121311187744140625 11.077618598937988281 11.066096305847167969 11.075850486755371094 11.0990447998046875 11.115922927856445313 11.132693290710449219 11.134891510009765625 11.124437332153320313 11.096258163452148438 11.092828750610351563 11.108693122863769531 11.106630325317382813 11.053341865539550781 10.998219490051269531 10.909438133239746094 10.889163017272949219 10.986405372619628906 11.10599517822265625 11.156843185424804688 11.165610313415527344 11.152565956115722656 11.118477821350097656 11.073177337646484375 11.01702117919921875 10.94014739990234375 10.8689422607421875 10.806070327758789063 10.693572998046875 10.608694076538085938 10.5695343017578125 10.554180145263671875 10.54840087890625 10.546618461608886719 10.550172805786132813 10.573186874389648438 10.618704795837402344 10.635959625244140625
11.233464241027832031 11.238725662231445313 11.248600006103515625 11.249019622802734375 11.211505889892578125 11.14013671875 11.094860076904296875 11.085988998413085938 11.098954200744628906 11.123742103576660156 11.143204689025878906 11.160455703735351563 11.16098785400390625 11.148517608642578125 11.118440628051757813 11.115166664123535156 11.133367538452148438 11.138268470764160156 11.093726158142089844 11.036180496215820313 10.938440322875976563 10.908512115478515625 10.997362136840820313 11.111838340759277344 11.160380363464355469 11.16556549072265625 11.136636734008789063 11.081685066223144531 11.04138946533203125 10.9954681396484375 10.925913810729980469 10.858378410339355469 10.793710708618164063 10.68914031982421875 10.638584136962890625 10.618841171264648438 10.605032920837402344 10.599539756774902344 10.598347663879394531 10.601215362548828125 10.615273475646972656 10.639745712280273438 10.654940605163574219
11.235460281372070313 11.239938735961914063 11.250103950500488281 11.258194923400878906 11.234746932983398438 11.168808937072753906 11.122316360473632813 11.112701416015625 11.125701904296875 11.151788711547851563 11.172484397888183594 11.19004058837890625 11.191186904907226563 11.181241035461425781 11.154076576232910156 11.148299217224121094 11.166723251342773438 11.177616119384765625 11.145001411437988281 11.097842216491699219 11.011890411376953125 10.990605354309082031 11.081835746765136719 11.179701805114746094 11.211812973022460938 11.205646514892578125 11.154111862182617188 11.076833724975585938 11.029542922973632813 10.981291770935058594 10.90312957763671875 10.828566551208496094 10.762807846069335938 10.68125152587890625 10.646321296691894531 10.63135528564453125 10.621026992797851563 10.615208625793457031 10.614315032958984375 10.618966102600097656 10.633183479309082031 10.652111053466796875 10.664130210876464844
11.237466812133789063 11.240389823913574219 11.252644538879394531 11.268130302429199219 11.255885124206542969 11.200308799743652344 11.155562400817871094 11.1449432373046875 11.160772323608398438 11.187770843505859375 11.208567619323730469 11.226305961608886719 11.230679512023925781 11.224781036376953125 11.208929061889648438 11.218647003173828125 11.239324569702148438 11.251949310302734375 11.232735633850097656 11.199683189392089844 11.131002426147460938 11.109167098999023438 11.184292793273925781 11.264476776123046875 11.286028861999511719 11.271016120910644531 11.204537391662597656 11.106490135192871094 11.022126197814941406 10.9485015869140625 10.848011016845703125 10.758700370788574219 10.70546722412109375 10.65648651123046875 10.6407470703125 10.635600090026855469 10.628798484802246094 10.621815681457519531 10.620455741882324219 10.627886772155761719 10.645396232604980469 10.663184165954589844 10.672863006591796875
11.24932098388671875 11.250284194946289063 11.278631210327148438 11.309830665588378906 11.309719085693359375 11.267802238464355469 11.225085258483886719 11.217004776000976563 11.236856460571289063 11.265878677368164063 11.2870025634765625 11.302495002746582031 11.309809684753417969 11.309686660766601563 11.305037498474121094 11.318932533264160156 11.327282905578613281 11.331081390380859375 11.317511558532714844 11.287911415100097656 11.224267005920410156 11.181239128112792969 11.212470054626464844 11.284342765808105469 11.315393447875976563 11.302834510803222656 11.238330841064453125 11.150313377380371094 11.066720962524414063 10.982645988464355469 10.881694793701171875 10.802438735961914063 10.75725555419921875 10.709932327270507813 10.678361892700195313 10.662885665893554688 10.650361061096191406 10.639832496643066406 10.635438919067382813 10.640960693359375 10.656574249267578125 10.671991348266601563 10.681792259216308594
11.330219268798828125 11.321001052856445313 11.326290130615234375 11.345251083374023438 11.3645782470703125 11.335588455200195313 11.291289329528808594 11.282696723937988281 11.304110527038574219 11.334759712219238281 11.354801177978515625 11.367560386657714844 11.375017166137695313 11.378496170043945313 11.37950897216796875 11.377704620361328125 11.367369651794433594 11.361226081848144531 11.346965789794921875 11.316385269165039063 11.253034591674804688 11.209955215454101563 11.224234580993652344 11.287833213806152344 11.325357437133789063 11.317480087280273438 11.266745567321777344 11.204289436340332031 11.12677764892578125 11.050920486450195313 10.976511001586914063 10.917174339294433594 10.875714302062988281 10.815043449401855469 10.750789642333984375 10.705217361450195313 10.676348686218261719 10.660180091857910156 10.650774955749511719 10.652743339538574219 10.666712760925292969 10.681247711181640625 10.690775871276855469
11.385402679443359375 11.371941566467285156 11.352060317993164063 11.355868339538574219 11.383782386779785156 11.361546516418457031 11.3217315673828125 11.3123016357421875 11.329541206359863281 11.354711532592773438 11.373975753784179688 11.385725975036621094 11.391506195068359375 11.397332191467285156 11.400538444519042969 11.396195411682128906 11.384405136108398438 11.37815093994140625 11.369932174682617188 11.343524932861328125 11.284305572509765625 11.242778778076171875 11.248814582824707031 11.292748451232910156 11.301362037658691406 11.283490180969238281 11.248179435729980469 11.2037200927734375 11.134823799133300781 11.072936058044433594 11.018878936767578125 10.967787742614746094 10.929525375366210938 10.870182037353515625 10.798274993896484375 10.729619979858398438 10.685060501098632813 10.667536735534667969 10.657832145690917969 10.662011146545410156 10.678375244140625 10.692065238952636719 10.699480056762695313
11.391636848449707031 11.384581565856933594 11.373210906982421875 11.379950523376464844 11.392669677734375 11.372247695922851563 11.345226287841796875 11.339281082153320313 11.354006767272949219 11.375773429870605469 11.392366409301757813 11.403756141662597656 11.4091949462890625 11.413578987121582031 11.415101051330566406 11.405840873718261719 11.39243316650390625 11.385965347290039063 11.38202667236328125 11.36272430419921875 11.313323020935058594 11.279819488525390625 11.291954994201660156 11.308924674987792969 11.266641616821289063 11.231165885925292969 11.193920135498046875 11.147991180419921875 11.091869354248046875 11.040502548217773438 10.989095687866210938 10.948849678039550781 10.919055938720703125 10.868096351623535156 10.799814224243164063 10.728566169738769531 10.685398101806640625 10.672193527221679688 10.665471076965332031 10.674143791198730469 10.693334579467773438 10.7053375244140625 10.710399627685546875
11.393532752990722656 11.389115333557128906 11.386117935180664063 11.394544601440429688 11.393340110778808594 11.372325897216796875 11.355414390563964844 11.354779243469238281 11.372143745422363281 11.393674850463867188 11.40839385986328125 11.417647361755371094 11.420746803283691406 11.424117088317871094 11.419881820678710938 11.402403831481933594 11.387727737426757813 11.384652137756347656 11.3862762451171875 11.372567176818847656 11.337123870849609375 11.316455841064453125 11.324245452880859375 11.307511329650878906 11.225381851196289063 11.174267768859863281 11.124739646911621094 11.07550048828125 11.029740333557128906 10.979671478271484375 10.920781135559082031 10.885680198669433594 10.864941596984863281 10.824451446533203125 10.766480445861816406 10.710160255432128906 10.682990074157714844 10.676819801330566406 10.675587654113769531 10.686124801635742188 10.704944610595703125 10.717996597290039063 10.723647117614746094
11.394832611083984375 11.389130592346191406 11.386896133422851563 11.394804954528808594 11.390638351440429688 11.369634628295898438 11.357957839965820313 11.363171577453613281 11.386994361877441406 11.407999038696289063 11.41802215576171875 11.425495147705078125 11.428113937377929688 11.427123069763183594 11.412248611450195313 11.389934539794921875 11.378244400024414063 11.381241798400878906 11.388011932373046875 11.379963874816894531 11.358626365661621094 11.342928886413574219 11.32924652099609375 11.270102500915527344 11.162079811096191406 11.104775428771972656 11.046032905578613281 10.993646621704101563 10.958216667175292969 10.912332534790039063 10.848596572875976563 10.809552192687988281 10.789992332458496094 10.761618614196777344 10.725358009338378906 10.693431854248046875 10.682525634765625 10.6812896728515625 10.684811592102050781 10.696404457092285156 10.715390205383300781 10.729870796203613281 10.736744880676269531
11.396584510803222656 11.393110275268554688 11.392530441284179688 11.398085594177246094 11.394159317016601563 11.375473976135253906 11.365627288818359375 11.375345230102539063 11.4024505615234375 11.419948577880859375 11.425695419311523438 11.429396629333496094 11.430888175964355469 11.424860000610351563 11.408823013305664063 11.391759872436523438 11.387793540954589844 11.391430854797363281 11.3926239013671875 11.387788772583007813 11.376544952392578125 11.356256484985351563 11.306514739990234375 11.203776359558105469 11.080611228942871094 11.022118568420410156 10.949172019958496094 10.883713722229003906 10.864015579223632813 10.834609031677246094 10.77794647216796875 10.736904144287109375 10.716765403747558594 10.70056915283203125 10.693456649780273438 10.689389228820800781 10.688925743103027344 10.689367294311523438 10.693111419677734375 10.7051239013671875 10.727496147155761719 10.744229316711425781 10.75228118896484375
11.399252891540527344 11.401970863342285156 11.404882431030273438 11.408225059509277344 11.407887458801269531 11.398532867431640625 11.393500328063964844 11.401612281799316406 11.419816017150878906 11.428075790405273438 11.429705619812011719 11.430614471435546875 11.430169105529785156 11.426032066345214844 11.423775672912597656 11.425214767456054688 11.427419662475585938 11.419599533081054688 11.403484344482421875 11.395732879638671875 11.386217117309570313 11.352805137634277344 11.262653350830078125 11.136038780212402344 11.011507987976074219 10.947293281555175781 10.862274169921875 10.805212974548339844 10.8007659912109375 10.789592742919921875 10.744976043701171875 10.709256172180175781 10.691306114196777344 10.680385589599609375 10.68607330322265625 10.69207000732421875 10.694464683532714844 10.695806503295898438 10.697434425354003906 10.708634376525878906 10.735134124755859375 10.752894401550292969 10.761517524719238281
11.397910118103027344 11.403889656066894531 11.407670021057128906 11.410805702209472656 11.411845207214355469 11.409316062927246094 11.40991973876953125 11.418939590454101563 11.432897567749023438 11.436127662658691406 11.432101249694824219 11.429025650024414063 11.42688751220703125 11.428012847900390625 11.434079170227050781 11.441577911376953125 11.442355155944824219 11.426206588745117188 11.402871131896972656 11.391073226928710938 11.370766639709472656 11.328693389892578125 11.252629280090332031 11.145304679870605469 11.024502754211425781 10.950524330139160156 10.843623161315917969 10.788255691528320313 10.7876739501953125 10.781530380249023438 10.750187873840332031 10.718749046325683594 10.692980766296386719 10.678285598754882813 10.685329437255859375 10.696857452392578125 10.701343536376953125 10.701330184936523438 10.700222969055175781 10.713209152221679688 10.740690231323242188 10.757818222045898438 10.766079902648925781
11.388653755187988281 11.401609420776367188 11.40891265869140625 11.412249565124511719 11.414770126342773438 11.416329383850097656 11.420041084289550781 11.43186187744140625 11.444944381713867188 11.443185806274414063 11.434084892272949219 11.427815437316894531 11.426469802856445313 11.431964874267578125 11.441414833068847656 11.445902824401855469 11.441390037536621094 11.420584678649902344 11.393654823303222656 11.381064414978027344 11.358466148376464844 11.319260597229003906 11.260058403015136719 11.176830291748046875 11.078415870666503906 11.013834953308105469 10.915591239929199219 10.859719276428222656 10.834912300109863281 10.818098068237304688 10.795935630798339844 10.768631935119628906 10.7224273681640625 10.695984840393066406 10.69637298583984375 10.709672927856445313 10.713365554809570313 10.708642005920410156 10.704412460327148438 10.719641685485839844 10.747532844543457031 10.76317596435546875 10.771226882934570313
11.372684478759765625 11.393374443054199219 11.408642768859863281 11.413691520690917969 11.417902946472167969 11.425396919250488281 11.432245254516601563 11.445287704467773438 11.459882736206054688 11.453909873962402344 11.434060096740722656 11.427059173583984375 11.427712440490722656 11.4373931884765625 11.444443702697753906 11.444025039672851563 11.432406425476074219 11.404279708862304688 11.37624359130859375 11.369317054748535156 11.355265617370605469 11.319593429565429688 11.272591590881347656 11.215075492858886719 11.148615837097167969 11.103171348571777344 11.026780128479003906 10.967479705810546875 10.924891471862792969 10.895735740661621094 10.876709938049316406 10.853242874145507813 10.802090644836425781 10.755655288696289063 10.731690406799316406 10.741799354553222656 10.741148948669433594 10.727506637573242188 10.715300559997558594 10.727090835571289063 10.752741813659667969 10.768551826477050781 10.775381088256835938
