INPUT/RASTER/ASCII_no_standard/BIO01.asc
ncols        225
nrows        269
xllcorner    473009.983799999987
yllcorner    4429051.174800000153
cellsize     50.000000000000
NODATA_value  -9999
[rows 220 to 239 of 269, columns 129 to 171 of 225]
16.362695693969726563 16.36542510986328125 16.365314483642578125 16.364561080932617188 16.365322113037109375 16.367280960083007813 16.367401123046875 16.365415573120117188 16.361234664916992188 16.359388351440429688 16.366838455200195313 16.373331069946289063 16.373304367065429688 16.3714447021484375 16.366786956787109375 16.359663009643554688 16.35420989990234375 16.34615325927734375 16.334133148193359375 16.327785491943359375 16.327983856201171875 16.32907867431640625 16.32586669921875 16.321516036987304688 16.317867279052734375 16.313022613525390625 16.309862136840820313 16.304285049438476563 16.298208236694335938 16.293590545654296875 16.296327590942382813 16.309373855590820313 16.317522048950195313 16.325687408447265625 16.331541061401367188 16.339733123779296875 16.367910385131835938 16.42702484130859375 16.462236404418945313 16.47381591796875 16.457811355590820313 16.429334640502929688 16.40093231201171875
16.371618270874023438 16.373569488525390625 16.373819351196289063 16.373056411743164063 16.372934341430664063 16.373792648315429688 16.373727798461914063 16.372747421264648438 16.370531082153320313 16.369123458862304688 16.371730804443359375 16.376543045043945313 16.377763748168945313 16.375612258911132813 16.37128448486328125 16.36446380615234375 16.35787200927734375 16.348743438720703125 16.337495803833007813 16.3313140869140625 16.33135986328125 16.332208633422851563 16.328866958618164063 16.323789596557617188 16.3199005126953125 16.316013336181640625 16.313375473022460938 16.308032989501953125 16.301654815673828125 16.296922683715820313 16.298482894897460938 16.308740615844726563 16.315053939819335938 16.323451995849609375 16.329603195190429688 16.336023330688476563 16.35636138916015625 16.41613006591796875 16.464044570922851563 16.490474700927734375 16.479188919067382813 16.43491363525390625 16.381731033325195313
16.380376815795898438 16.380767822265625 16.379549026489257813 16.37896728515625 16.378725051879882813 16.37850189208984375 16.37830352783203125 16.377847671508789063 16.376459121704101563 16.375946044921875 16.377313613891601563 16.377740859985351563 16.379520416259765625 16.3798370361328125 16.375268936157226563 16.36884307861328125 16.361993789672851563 16.350713729858398438 16.340118408203125 16.335550308227539063 16.336359024047851563 16.338022232055664063 16.333774566650390625 16.327371597290039063 16.322528839111328125 16.318506240844726563 16.31644439697265625 16.312005996704101563 16.306131362915039063 16.30164337158203125 16.30248260498046875 16.309276580810546875 16.31420135498046875 16.321636199951171875 16.328084945678710938 16.334829330444335938 16.344129562377929688 16.377447128295898438 16.422161102294921875 16.483312606811523438 16.498310089111328125 16.459926605224609375 16.388925552368164063
16.386814117431640625 16.387241363525390625 16.385652542114257813 16.38454437255859375 16.383676528930664063 16.38361358642578125 16.383718490600585938 16.383497238159179688 16.383449554443359375 16.384393692016601563 16.384708404541015625 16.382165908813476563 16.380105972290039063 16.380701065063476563 16.376340866088867188 16.372379302978515625 16.365842819213867188 16.356960296630859375 16.348012924194335938 16.344610214233398438 16.34554290771484375 16.348196029663085938 16.342449188232421875 16.33397674560546875 16.3281402587890625 16.323089599609375 16.32054901123046875 16.316997528076171875 16.312213897705078125 16.308328628540039063 16.308135986328125 16.312313079833984375 16.315456390380859375 16.321170806884765625 16.329099655151367188 16.344472885131835938 16.365362167358398438 16.390094757080078125 16.4205322265625 16.476442337036132813 16.495431900024414063 16.461217880249023438 16.391061782836914063
16.388784408569335938 16.389978408813476563 16.390455245971679688 16.390264511108398438 16.3894195556640625 16.388202667236328125 16.388425827026367188 16.38895416259765625 16.390476226806640625 16.392772674560546875 16.391839981079101563 16.387872695922851563 16.382799148559570313 16.379314422607421875 16.374696731567382813 16.37393951416015625 16.370855331420898438 16.364704132080078125 16.358058929443359375 16.355337142944335938 16.356233596801757813 16.357364654541015625 16.350801467895507813 16.341691970825195313 16.33487701416015625 16.329742431640625 16.327108383178710938 16.322957992553710938 16.31856536865234375 16.31488800048828125 16.313350677490234375 16.315258026123046875 16.317178726196289063 16.321550369262695313 16.3321685791015625 16.361846923828125 16.404327392578125 16.439943313598632813 16.46215057373046875 16.4875335693359375 16.485986709594726563 16.446321487426757813 16.382406234741210938
16.390222549438476563 16.391691207885742188 16.392545700073242188 16.393377304077148438 16.393310546875 16.39168548583984375 16.390966415405273438 16.391599655151367188 16.393634796142578125 16.396099090576171875 16.395372390747070313 16.391506195068359375 16.385631561279296875 16.381082534790039063 16.375057220458984375 16.371845245361328125 16.372770309448242188 16.369419097900390625 16.364421844482421875 16.362272262573242188 16.362997055053710938 16.3617706298828125 16.354578018188476563 16.346172332763671875 16.339391708374023438 16.334537506103515625 16.332269668579101563 16.32842254638671875 16.323177337646484375 16.318689346313476563 16.315710067749023438 16.316461563110351563 16.317998886108398438 16.321994781494140625 16.334949493408203125 16.37259674072265625 16.424106597900390625 16.46411895751953125 16.481081008911132813 16.491189956665039063 16.479299545288085938 16.43004608154296875 16.369716644287109375
16.391971588134765625 16.393466949462890625 16.3943023681640625 16.394952774047851563 16.395257949829101563 16.394947052001953125 16.393278121948242188 16.393199920654296875 16.395696640014648438 16.398923873901367188 16.398897171020507813 16.395257949829101563 16.389102935791015625 16.38440704345703125 16.377490997314453125 16.371767044067382813 16.371906280517578125 16.3729400634765625 16.37015533447265625 16.368734359741210938 16.36913299560546875 16.366603851318359375 16.358655929565429688 16.349700927734375 16.343244552612304688 16.33869171142578125 16.336620330810546875 16.333330154418945313 16.327802658081054688 16.321500778198242188 16.316556930541992188 16.317762374877929688 16.318948745727539063 16.322198867797851563 16.336887359619140625 16.379877090454101563 16.43555450439453125 16.477277755737304688 16.490970611572265625 16.493152618408203125 16.474910736083984375 16.421373367309570313 16.361576080322265625
16.39434814453125 16.395864486694335938 16.39658355712890625 16.396734237670898438 16.396791458129882813 16.396638870239257813 16.395666122436523438 16.3956451416015625 16.397771835327148438 16.401842117309570313 16.402492523193359375 16.39907073974609375 16.3936767578125 16.389339447021484375 16.381685256958007813 16.374866485595703125 16.372339248657226563 16.37349700927734375 16.373792648315429688 16.37306976318359375 16.37335968017578125 16.370649337768554688 16.362842559814453125 16.35346221923828125 16.347034454345703125 16.342433929443359375 16.340118408203125 16.336496353149414063 16.331180572509765625 16.323965072631835938 16.317663192749023438 16.319971084594726563 16.320831298828125 16.322942733764648438 16.34073638916015625 16.391859054565429688 16.450441360473632813 16.48612213134765625 16.495653152465820313 16.491647720336914063 16.469570159912109375 16.422151565551757813 16.36248779296875
16.396818161010742188 16.398138046264648438 16.398649215698242188 16.398511886596679688 16.398052215576171875 16.397066116333007813 16.396800994873046875 16.397216796875 16.400377273559570313 16.40493011474609375 16.405370712280273438 16.40242767333984375 16.398448944091796875 16.3948516845703125 16.387342453002929688 16.379682540893554688 16.376201629638671875 16.373029708862304688 16.37352752685546875 16.374368667602539063 16.374645233154296875 16.372304916381835938 16.365142822265625 16.357034683227539063 16.35112762451171875 16.34598541259765625 16.34323883056640625 16.339094161987304688 16.333902359008789063 16.327344894409179688 16.319011688232421875 16.318662643432617188 16.318851470947265625 16.32186126708984375 16.34807586669921875 16.409963607788085938 16.469457626342773438 16.498308181762695313 16.503343582153320313 16.49224853515625 16.466852188110351563 16.426900863647460938 16.369665145874023438
16.3999176025390625 16.400430679321289063 16.4003143310546875 16.399969100952148438 16.39907073974609375 16.3972015380859375 16.39691925048828125 16.397802352905273438 16.403272628784179688 16.409267425537109375 16.40807342529296875 16.405839920043945313 16.402986526489257813 16.399984359741210938 16.392538070678710938 16.38503265380859375 16.380746841430664063 16.375011444091796875 16.370555877685546875 16.37425994873046875 16.375516891479492188 16.373218536376953125 16.364900588989257813 16.355909347534179688 16.351459503173828125 16.348287582397460938 16.3450927734375 16.339715957641601563 16.33551788330078125 16.330575942993164063 16.323469161987304688 16.31920623779296875 16.3182373046875 16.332220077514648438 16.380620956420898438 16.445547103881835938 16.496362686157226563 16.519573211669921875 16.519124984741210938 16.49744415283203125 16.46157073974609375 16.418210983276367188 16.361783981323242188
16.404056549072265625 16.404224395751953125 16.403217315673828125 16.401117324829101563 16.397085189819335938 16.3953857421875 16.39620208740234375 16.399255752563476563 16.407251358032226563 16.4148712158203125 16.415599822998046875 16.409223556518554688 16.401342391967773438 16.397388458251953125 16.39141845703125 16.384235382080078125 16.377874374389648438 16.371099472045898438 16.366769790649414063 16.367174148559570313 16.367296218872070313 16.368379592895507813 16.3645172119140625 16.358831405639648438 16.3553619384765625 16.353191375732421875 16.35056304931640625 16.345430374145507813 16.34123992919921875 16.336847305297851563 16.330198287963867188 16.323869705200195313 16.32866668701171875 16.360235214233398438 16.420106887817382813 16.475000381469726563 16.51052093505859375 16.527498245239257813 16.526460647583007813 16.503490447998046875 16.453989028930664063 16.395940780639648438 16.34418487548828125
16.405162811279296875 16.405185699462890625 16.403764724731445313 16.399995803833007813 16.3908843994140625 16.387599945068359375 16.389429092407226563 16.394029617309570313 16.403133392333984375 16.4111328125 16.413591384887695313 16.41015625 16.403995513916015625 16.39925384521484375 16.392681121826171875 16.38544464111328125 16.378063201904296875 16.370645523071289063 16.367427825927734375 16.367916107177734375 16.367279052734375 16.366189956665039063 16.367113113403320313 16.364139556884765625 16.36133575439453125 16.359483718872070313 16.357191085815429688 16.353261947631835938 16.348785400390625 16.342321395874023438 16.334197998046875 16.330600738525390625 16.346174240112304688 16.395664215087890625 16.456800460815429688 16.502534866333007813 16.522512435913085938 16.530467987060546875 16.530424118041992188 16.508579254150390625 16.4487152099609375 16.378217697143554688 16.331329345703125
16.401697158813476563 16.401926040649414063 16.400606155395507813 16.397180557250976563 16.391080856323242188 16.388126373291015625 16.390537261962890625 16.39540863037109375 16.40450286865234375 16.412332534790039063 16.414157867431640625 16.411500930786132813 16.407001495361328125 16.403385162353515625 16.395648956298828125 16.386819839477539063 16.379549026489257813 16.372951507568359375 16.37017822265625 16.370189666748046875 16.369401931762695313 16.366617202758789063 16.366512298583984375 16.367937088012695313 16.366481781005859375 16.36513519287109375 16.36307525634765625 16.359859466552734375 16.355258941650390625 16.346967697143554688 16.336587905883789063 16.339944839477539063 16.366762161254882813 16.428510665893554688 16.486042022705078125 16.520849227905273438 16.529470443725585938 16.529356002807617188 16.526782989501953125 16.504411697387695313 16.446287155151367188 16.377035140991210938 16.330636978149414063
16.402803421020507813 16.403362274169921875 16.402349472045898438 16.399728775024414063 16.395757675170898438 16.392637252807617188 16.394365310668945313 16.39859771728515625 16.4075164794921875 16.4155426025390625 16.416994094848632813 16.414236068725585938 16.410308837890625 16.407587051391601563 16.399858474731445313 16.389238357543945313 16.381849288940429688 16.376634597778320313 16.374181747436523438 16.373552322387695313 16.372423171997070313 16.369287490844726563 16.366563796997070313 16.368633270263671875 16.370542526245117188 16.370214462280273438 16.368503570556640625 16.365825653076171875 16.360172271728515625 16.35005950927734375 16.340700149536132813 16.35540008544921875 16.390115737915039063 16.4556427001953125 16.505496978759765625 16.529596328735351563 16.530155181884765625 16.522092819213867188 16.513788223266601563 16.489435195922851563 16.444732666015625 16.389034271240234375 16.33943939208984375
16.405286788940429688 16.405620574951171875 16.405202865600585938 16.403688430786132813 16.401468276977539063 16.398241043090820313 16.398145675659179688 16.401483535766601563 16.410442352294921875 16.4197998046875 16.42258453369140625 16.419267654418945313 16.414667129516601563 16.411838531494140625 16.404127120971679688 16.394561767578125 16.38733673095703125 16.382345199584960938 16.379381179809570313 16.378017425537109375 16.376918792724609375 16.37408447265625 16.370220184326171875 16.368595123291015625 16.372488021850585938 16.37491607666015625 16.374364852905273438 16.371856689453125 16.364454269409179688 16.353757858276367188 16.353067398071289063 16.37992095947265625 16.41349029541015625 16.472738265991210938 16.515666961669921875 16.532802581787109375 16.528284072875976563 16.511280059814453125 16.496133804321289063 16.471506118774414063 16.442615509033203125 16.401201248168945313 16.347791671752929688
16.4075164794921875 16.4074859619140625 16.407316207885742188 16.406463623046875 16.404272079467773438 16.401275634765625 16.40065765380859375 16.405185699462890625 16.416486740112304688 16.4261322021484375 16.428506851196289063 16.42462921142578125 16.418378829956054688 16.414140701293945313 16.407846450805664063 16.401031494140625 16.396602630615234375 16.392330169677734375 16.38787841796875 16.38520050048828125 16.3835906982421875 16.380578994750976563 16.376977920532226563 16.373910903930664063 16.375278472900390625 16.378742218017578125 16.378976821899414063 16.377672195434570313 16.36940765380859375 16.364816665649414063 16.382135391235351563 16.415746688842773438 16.439640045166015625 16.483339309692382813 16.519601821899414063 16.53409576416015625 16.528097152709960938 16.506198883056640625 16.4872589111328125 16.463266372680664063 16.4375 16.399488449096679688 16.352626800537109375
16.410276412963867188 16.40993499755859375 16.409063339233398438 16.407993316650390625 16.40655517578125 16.40523529052734375 16.407047271728515625 16.413324356079101563 16.42514801025390625 16.432172775268554688 16.432037353515625 16.427598953247070313 16.420831680297851563 16.416477203369140625 16.413219451904296875 16.410058975219726563 16.406904220581054688 16.403827667236328125 16.398725509643554688 16.392557144165039063 16.389883041381835938 16.386631011962890625 16.383951187133789063 16.382459640502929688 16.382495880126953125 16.381824493408203125 16.379735946655273438 16.379285812377929688 16.37554931640625 16.382020950317382813 16.415513992309570313 16.450902938842773438 16.467187881469726563 16.498134613037109375 16.527090072631835938 16.537145614624023438 16.5310211181640625 16.511346817016601563 16.4923858642578125 16.464162826538085938 16.436540603637695313 16.405385971069335938 16.371400833129882813
16.413297653198242188 16.412698745727539063 16.411211013793945313 16.410066604614257813 16.409605026245117188 16.4109344482421875 16.415607452392578125 16.421352386474609375 16.430063247680664063 16.43576812744140625 16.434947967529296875 16.429712295532226563 16.423498153686523438 16.420175552368164063 16.418889999389648438 16.417665481567382813 16.414531707763671875 16.411844253540039063 16.407468795776367188 16.401159286499023438 16.395296096801757813 16.389989852905273438 16.387819290161132813 16.388294219970703125 16.388391494750976563 16.386915206909179688 16.3808135986328125 16.374834060668945313 16.37633514404296875 16.39328765869140625 16.432050704956054688 16.466451644897460938 16.482881546020507813 16.510931015014648438 16.533128738403320313 16.53987884521484375 16.533542633056640625 16.516458511352539063 16.49837493896484375 16.469430923461914063 16.4430084228515625 16.419828414916992188 16.390699386596679688
16.415924072265625 16.415147781372070313 16.413421630859375 16.41204071044921875 16.4123077392578125 16.41562652587890625 16.421545028686523438 16.426448822021484375 16.43341827392578125 16.438695907592773438 16.438600540161132813 16.43396759033203125 16.428083419799804688 16.424932479858398438 16.42406463623046875 16.424579620361328125 16.423044204711914063 16.4208221435546875 16.414623260498046875 16.408895492553710938 16.400621414184570313 16.394804000854492188 16.392175674438476563 16.39337921142578125 16.39316558837890625 16.391153335571289063 16.383205413818359375 16.374784469604492188 16.379514694213867188 16.408634185791015625 16.454111099243164063 16.485784530639648438 16.499965667724609375 16.522287368774414063 16.538242340087890625 16.542516708374023438 16.534143447875976563 16.517164230346679688 16.501829147338867188 16.476545333862304688 16.451051712036132813 16.429994583129882813 16.40358734130859375
16.418878555297851563 16.417860031127929688 16.41565704345703125 16.414201736450195313 16.414279937744140625 16.418008804321289063 16.42437744140625 16.428815841674804688 16.43560028076171875 16.441476821899414063 16.442485809326171875 16.439371109008789063 16.434932708740234375 16.43245697021484375 16.430295944213867188 16.429843902587890625 16.428958892822265625 16.426624298095703125 16.419336318969726563 16.413343429565429688 16.405012130737304688 16.4007568359375 16.398431777954101563 16.398141860961914063 16.396778106689453125 16.393962860107421875 16.386541366577148438 16.379709243774414063 16.38776397705078125 16.423013687133789063 16.471185684204101563 16.500768661499023438 16.513833999633789063 16.533407211303710938 16.545591354370117188 16.545749664306640625 16.533773422241210938 16.516407012939453125 16.5039215087890625 16.48349761962890625 16.45879364013671875 16.436115264892578125 16.408969879150390625
