INPUT/RASTER/ASCII_no_standard/BIO01.asc
ncols        225
nrows        269
xllcorner    473009.983799999987
yllcorner    4429051.174800000153
cellsize     50.000000000000
NODATA_value  -9999
[rows 240 to 259 of 269, columns 43 to 85 of 225]
-9999 -9999 16.387708663940429688 16.39292144775390625 16.409597396850585938 16.432964324951171875 16.452947616577148438 16.488027572631835938 16.51937103271484375 16.543109893798828125 16.56324005126953125 16.5788726806640625 16.58524322509765625 16.588865280151367188 16.589838027954101563 16.585084915161132813 16.58051300048828125 16.580678939819335938 16.579687118530273438 16.567396163940429688 16.549739837646484375 16.549570083618164063 16.567796707153320313 16.579679489135742188 16.583484649658203125 16.584804534912109375 16.58498382568359375 16.584985733032226563 16.586412429809570313 16.588565826416015625 16.589960098266601563 16.5903472900390625 16.590143203735351563 16.589380264282226563 16.588991165161132813 16.588838577270507813 16.589199066162109375 16.589559555053710938 16.5901641845703125 16.590276718139648438 16.589986801147460938 16.589809417724609375 16.589670181274414063
-9999 -9999 -9999 16.39080810546875 16.401288986206054688 16.421808242797851563 16.439373016357421875 16.472078323364257813 16.504756927490234375 16.533733367919921875 16.556829452514648438 16.573394775390625 16.578441619873046875 16.576074600219726563 16.57369232177734375 16.5680084228515625 16.561595916748046875 16.560581207275390625 16.562784194946289063 16.557689666748046875 16.547586441040039063 16.550634384155273438 16.567630767822265625 16.578996658325195313 16.583332061767578125 16.585165023803710938 16.585826873779296875 16.58644866943359375 16.587579727172851563 16.58911895751953125 16.5903167724609375 16.590509414672851563 16.589696884155273438 16.588182449340820313 16.587467193603515625 16.587701797485351563 16.588542938232421875 16.589199066162109375 16.589994430541992188 16.59033203125 16.590183258056640625 16.589977264404296875 16.589801788330078125
-9999 -9999 -9999 16.387197494506835938 16.389873504638671875 16.403472900390625 16.417999267578125 16.450483322143554688 16.4889068603515625 16.521556854248046875 16.544984817504882813 16.560558319091796875 16.56514739990234375 16.562744140625 16.558902740478515625 16.554935455322265625 16.549907684326171875 16.549480438232421875 16.554111480712890625 16.555341720581054688 16.553478240966796875 16.558908462524414063 16.57047271728515625 16.5790863037109375 16.5828094482421875 16.585636138916015625 16.58673095703125 16.587671279907226563 16.588388442993164063 16.589252471923828125 16.59014129638671875 16.590076446533203125 16.588838577270507813 16.586950302124023438 16.586086273193359375 16.586565017700195313 16.5875701904296875 16.5883026123046875 16.589202880859375 16.589847564697265625 16.590036392211914063 16.589996337890625 16.58991241455078125
-9999 -9999 -9999 16.372274398803710938 16.37383270263671875 16.3820648193359375 16.39920806884765625 16.436473846435546875 16.476182937622070313 16.506977081298828125 16.525167465209960938 16.534952163696289063 16.537883758544921875 16.539579391479492188 16.541967391967773438 16.54388427734375 16.544925689697265625 16.54837799072265625 16.555772781372070313 16.561553955078125 16.567216873168945313 16.570417404174804688 16.57513427734375 16.579982757568359375 16.5824127197265625 16.585126876831054688 16.586780548095703125 16.587673187255859375 16.5880279541015625 16.588605880737304688 16.589212417602539063 16.588832855224609375 16.58716583251953125 16.585031509399414063 16.584217071533203125 16.584989547729492188 16.5860748291015625 16.586698532104492188 16.587636947631835938 16.588636398315429688 16.589427947998046875 16.589855194091796875 16.590024948120117188
-9999 -9999 -9999 16.371002197265625 16.372201919555664063 16.378576278686523438 16.395349502563476563 16.42969512939453125 16.461481094360351563 16.48319244384765625 16.492588043212890625 16.496763229370117188 16.500143051147460938 16.511785507202148438 16.527116775512695313 16.538587570190429688 16.5473480224609375 16.552579879760742188 16.55936431884765625 16.569820404052734375 16.581533432006835938 16.58138275146484375 16.580602645874023438 16.582036972045898438 16.5826263427734375 16.583490371704101563 16.5855865478515625 16.586389541625976563 16.586717605590820313 16.587907791137695313 16.58840179443359375 16.587646484375 16.585399627685546875 16.5829925537109375 16.58209228515625 16.583087921142578125 16.5848846435546875 16.585611343383789063 16.586507797241210938 16.587696075439453125 16.588678359985351563 16.589536666870117188 16.589998245239257813
-9999 -9999 -9999 16.373006820678710938 16.374353408813476563 16.381444931030273438 16.397001266479492188 16.426544189453125 16.449998855590820313 16.463663101196289063 16.465635299682617188 16.468839645385742188 16.476871490478515625 16.499935150146484375 16.524541854858398438 16.540788650512695313 16.553104400634765625 16.560556411743164063 16.563310623168945313 16.572538375854492188 16.584268569946289063 16.584405899047851563 16.581155776977539063 16.580921173095703125 16.5808868408203125 16.5815582275390625 16.584527969360351563 16.585597991943359375 16.585674285888671875 16.586793899536132813 16.587024688720703125 16.585710525512695313 16.582807540893554688 16.580562591552734375 16.579618453979492188 16.580236434936523438 16.582548141479492188 16.58392333984375 16.585371017456054688 16.586605072021484375 16.5876922607421875 16.588846206665039063 16.589691162109375
-9999 -9999 -9999 16.37673187255859375 16.3779754638671875 16.384531021118164063 16.397184371948242188 16.4205474853515625 16.436933517456054688 16.444284439086914063 16.439006805419921875 16.442712783813476563 16.455913543701171875 16.490299224853515625 16.522424697875976563 16.541656494140625 16.554994583129882813 16.566720962524414063 16.570974349975585938 16.574220657348632813 16.580474853515625 16.583173751831054688 16.579645156860351563 16.579896926879882813 16.581220626831054688 16.58293914794921875 16.58516693115234375 16.585119247436523438 16.5845947265625 16.584848403930664063 16.584260940551757813 16.582220077514648438 16.57889556884765625 16.57686614990234375 16.5762939453125 16.5770721435546875 16.579395294189453125 16.581460952758789063 16.583887100219726563 16.585479736328125 16.586751937866210938 16.588191986083984375 16.589250564575195313
-9999 -9999 -9999 16.378057479858398438 16.37929534912109375 16.385791778564453125 16.397500991821289063 16.418720245361328125 16.425540924072265625 16.424261093139648438 16.416986465454101563 16.425428390502929688 16.442583084106445313 16.483961105346679688 16.519289016723632813 16.540079116821289063 16.555002212524414063 16.569915771484375 16.575954437255859375 16.574571609497070313 16.5762939453125 16.580846786499023438 16.57913970947265625 16.580026626586914063 16.582159042358398438 16.583848953247070313 16.58429718017578125 16.58235931396484375 16.581113815307617188 16.580095291137695313 16.578203201293945313 16.575571060180664063 16.57250213623046875 16.571086883544921875 16.571451187133789063 16.573490142822265625 16.575923919677734375 16.577983856201171875 16.581607818603515625 16.5846099853515625 16.58628082275390625 16.587823867797851563 16.588958740234375
-9999 -9999 -9999 -9999 -9999 -9999 -9999 -9999 16.417858123779296875 16.415647506713867188 16.413892745971679688 16.428071975708007813 16.445476531982421875 16.483396530151367188 16.516439437866210938 16.53748321533203125 16.554439544677734375 16.569784164428710938 16.575590133666992188 16.5755462646484375 16.576620101928710938 16.5808868408203125 16.582294464111328125 16.580747604370117188 16.581544876098632813 16.582067489624023438 16.580411911010742188 16.577024459838867188 16.574106216430664063 16.570680618286132813 16.56758880615234375 16.564966201782226563 16.563024520874023438 16.563234329223632813 16.5652313232421875 16.568754196166992188 16.571844100952148438 16.57427978515625 16.579227447509765625 16.584005355834960938 16.5862579345703125 16.587797164916992188 16.588930130004882813
-9999 -9999 -9999 -9999 -9999 -9999 -9999 -9999 16.414934158325195313 16.4143829345703125 16.4174346923828125 16.432722091674804688 16.447727203369140625 16.480632781982421875 16.510644912719726563 16.531465530395507813 16.548160552978515625 16.56156158447265625 16.566854476928710938 16.571172714233398438 16.573970794677734375 16.578329086303710938 16.581573486328125 16.578887939453125 16.578039169311523438 16.577329635620117188 16.573858261108398438 16.5689239501953125 16.562688827514648438 16.555881500244140625 16.552089691162109375 16.54985809326171875 16.549800872802734375 16.553218841552734375 16.5574798583984375 16.561964035034179688 16.566343307495117188 16.569843292236328125 16.576507568359375 16.583063125610351563 16.586103439331054688 16.587797164916992188 16.58898162841796875
-9999 -9999 -9999 -9999 -9999 -9999 -9999 -9999 -9999 16.414197921752929688 16.420501708984375 16.43384552001953125 16.44768524169921875 16.47637939453125 16.504404067993164063 16.5245208740234375 16.540193557739257813 16.55233001708984375 16.55735015869140625 16.563446044921875 16.566579818725585938 16.571287155151367188 16.577512741088867188 16.576681137084960938 16.573431015014648438 16.570831298828125 16.566806793212890625 16.561248779296875 16.552755355834960938 16.544126510620117188 16.540241241455078125 16.538980484008789063 16.54007720947265625 16.544469833374023438 16.54956817626953125 16.554552078247070313 16.559625625610351563 16.564037322998046875 16.5719757080078125 16.580404281616210938 16.585010528564453125 16.587192535400390625 16.588443756103515625
-9999 -9999 -9999 -9999 -9999 -9999 -9999 -9999 -9999 -9999 16.435590744018554688 16.446048736572265625 16.457334518432617188 16.477649688720703125 16.500261306762695313 16.517190933227539063 16.531040191650390625 16.54206085205078125 16.546916961669921875 16.552490234375 16.555370330810546875 16.562311172485351563 16.571842193603515625 16.571977615356445313 16.566829681396484375 16.56137847900390625 16.557317733764648438 16.5528717041015625 16.5453948974609375 16.53656005859375 16.53253936767578125 16.531681060791015625 16.531948089599609375 16.534603118896484375 16.5400848388671875 16.544923782348632813 16.550001144409179688 16.555240631103515625 16.565134048461914063 16.57596588134765625 16.58278656005859375 16.585828781127929688 16.5869903564453125
-9999 -9999 -9999 -9999 -9999 -9999 -9999 -9999 -9999 -9999 16.439273834228515625 16.46497344970703125 16.470163345336914063 16.481536865234375 16.496311187744140625 16.50791168212890625 16.51929473876953125 16.529712677001953125 16.534540176391601563 16.540271759033203125 16.545551300048828125 16.554502487182617188 16.565813064575195313 16.567129135131835938 16.561496734619140625 16.551008224487304688 16.544208526611328125 16.539976119995117188 16.534189224243164063 16.526454925537109375 16.522243499755859375 16.521219253540039063 16.520242691040039063 16.520589828491210938 16.5243682861328125 16.5311737060546875 16.538145065307617188 16.544507980346679688 16.557168960571289063 16.571092605590820313 16.580371856689453125 16.583692550659179688 16.584360122680664063
-9999 -9999 -9999 -9999 -9999 -9999 -9999 -9999 -9999 -9999 -9999 -9999 16.476663589477539063 16.479566574096679688 16.485029220581054688 16.494945526123046875 16.507213592529296875 16.519231796264648438 16.525918960571289063 16.534235000610351563 16.541996002197265625 16.551624298095703125 16.559858322143554688 16.55840301513671875 16.551675796508789063 16.537817001342773438 16.52756500244140625 16.521665573120117188 16.51648712158203125 16.512208938598632813 16.509685516357421875 16.5080718994140625 16.505765914916992188 16.504268646240234375 16.506107330322265625 16.516590118408203125 16.5273590087890625 16.535373687744140625 16.549917221069335938 16.566118240356445313 16.576282501220703125 16.579481124877929688 16.57973480224609375
-9999 -9999 -9999 -9999 -9999 -9999 -9999 -9999 -9999 -9999 -9999 -9999 16.477039337158203125 16.476654052734375 16.4775238037109375 16.4871673583984375 16.5005645751953125 16.511537551879882813 16.519613265991210938 16.529130935668945313 16.538011550903320313 16.54888916015625 16.551851272583007813 16.547258377075195313 16.540264129638671875 16.523897171020507813 16.50803375244140625 16.500627517700195313 16.49692535400390625 16.496988296508789063 16.4977569580078125 16.496572494506835938 16.493219375610351563 16.486486434936523438 16.48525238037109375 16.500658035278320313 16.514585494995117188 16.524183273315429688 16.540679931640625 16.558559417724609375 16.569032669067382813 16.5712890625 16.571008682250976563
-9999 -9999 -9999 -9999 -9999 -9999 -9999 -9999 -9999 -9999 -9999 -9999 -9999 -9999 -9999 -9999 16.5000762939453125 16.509380340576171875 16.519777297973632813 16.525272369384765625 16.53217315673828125 16.5408782958984375 16.539121627807617188 16.530162811279296875 16.521383285522460938 16.5009307861328125 16.479724884033203125 16.47464752197265625 16.47845458984375 16.487295150756835938 16.492462158203125 16.491485595703125 16.486093521118164063 16.471588134765625 16.466831207275390625 16.48509979248046875 16.498743057250976563 16.507909774780273438 16.526689529418945313 16.547838211059570313 16.558887481689453125 16.56134796142578125 16.5614471435546875
-9999 -9999 -9999 -9999 -9999 -9999 -9999 -9999 -9999 -9999 -9999 -9999 -9999 -9999 -9999 -9999 -9999 -9999 16.522480010986328125 16.524591445922851563 16.529064178466796875 16.53081512451171875 16.524974822998046875 16.511104583740234375 16.4992523193359375 16.475315093994140625 16.45453643798828125 16.45687103271484375 16.472021102905273438 16.489236831665039063 16.496734619140625 16.495992660522460938 16.490327835083007813 16.4780426025390625 16.472784042358398438 16.483364105224609375 16.491168975830078125 16.497167587280273438 16.51551055908203125 16.537628173828125 16.550188064575195313 16.557085037231445313 16.55997467041015625
-9999 -9999 -9999 -9999 -9999 -9999 -9999 -9999 -9999 -9999 -9999 -9999 -9999 -9999 -9999 -9999 -9999 -9999 -9999 -9999 -9999 16.529008865356445313 16.519989013671875 16.506227493286132813 16.49454498291015625 16.472806930541992188 16.457286834716796875 16.46429443359375 16.481100082397460938 16.495410919189453125 16.500989913940429688 16.503171920776367188 16.503938674926757813 16.499902725219726563 16.494600296020507813 16.49446868896484375 16.49614715576171875 16.49990081787109375 16.514467239379882813 16.533082962036132813 16.545789718627929688 16.556690216064453125 16.563177108764648438
-9999 -9999 -9999 -9999 -9999 -9999 -9999 -9999 -9999 -9999 -9999 -9999 -9999 -9999 -9999 -9999 -9999 -9999 -9999 -9999 -9999 -9999 16.5120391845703125 16.506988525390625 16.497419357299804688 16.481182098388671875 16.469415664672851563 16.473011016845703125 16.485788345336914063 16.497966766357421875 16.503923416137695313 16.510084152221679688 16.518384933471679688 16.520763397216796875 16.515323638916015625 16.510354995727539063 16.509618759155273438 16.5127105712890625 16.52257537841796875 16.537227630615234375 16.549396514892578125 16.5599365234375 16.5678558349609375
-9999 -9999 -9999 -9999 -9999 -9999 -9999 -9999 -9999 -9999 -9999 -9999 -9999 -9999 -9999 -9999 -9999 -9999 -9999 -9999 -9999 -9999 -9999 -9999 16.499723434448242188 16.484693527221679688 16.471708297729492188 16.471643447875976563 16.482564926147460938 16.49526214599609375 16.503459930419921875 16.514429092407226563 16.530969619750976563 16.539226531982421875 16.5328216552734375 16.525197982788085938 16.52368927001953125 16.525835037231445313 16.53264617919921875 16.545160293579101563 16.55748748779296875 16.566312789916992188 16.572225570678710938
