INPUT/RASTER/ASCII_no_standard/BIO02.asc
ncols        225
nrows        269
xllcorner    473009.983799999987
yllcorner    4429051.174800000153
cellsize     50.000000000000
NODATA_value  -9999
[rows 133 to 151 of 269, columns 129 to 171 of 225]
10.10413360595703125 10.128835678100585938 10.152099609375 10.164628028869628906 10.179210662841796875 10.193365097045898438 10.198842048645019531 10.206336021423339844 -9999 -9999 -9999 -9999 -9999 -9999 -9999 -9999 -9999 -9999 -9999 -9999 -9999 -9999 -9999 10.262139320373535156 10.2711944580078125 10.298076629638671875 10.321520805358886719 10.325358390808105469 10.323957443237304688 10.32663726806640625 10.336350440979003906 10.353075981140136719 10.37164306640625 10.392222404479980469 10.40845489501953125 10.426840782165527344 10.438733100891113281 10.445370674133300781 10.449215888977050781 10.45653533935546875 10.468061447143554688 10.486527442932128906 10.519471168518066406
10.126336097717285156 10.142727851867675781 10.158225059509277344 10.166402816772460938 10.176923751831054688 10.186174392700195313 10.189449310302734375 -9999 -9999 -9999 -9999 -9999 -9999 -9999 -9999 -9999 -9999 -9999 -9999 -9999 -9999 -9999 -9999 10.262341499328613281 10.272496223449707031 10.287999153137207031 10.312752723693847656 10.326779365539550781 10.332316398620605469 10.338987350463867188 10.345944404602050781 10.359200477600097656 10.377430915832519531 10.399371147155761719 10.411939620971679688 10.427501678466796875 10.44317626953125 10.452479362487792969 10.458769798278808594 10.465598106384277344 10.473691940307617188 10.489272117614746094 10.519422531127929688
10.136805534362792969 10.151160240173339844 10.162256240844726563 10.168536186218261719 10.175772666931152344 10.18212890625 10.188366889953613281 -9999 -9999 -9999 -9999 -9999 -9999 -9999 -9999 -9999 -9999 -9999 -9999 -9999 -9999 -9999 -9999 -9999 10.268463134765625 10.278729438781738281 10.305092811584472656 10.328072547912597656 10.337419509887695313 10.347991943359375 10.355198860168457031 10.365411758422851563 10.385762214660644531 10.407059669494628906 10.41819000244140625 10.435398101806640625 10.451590538024902344 10.457599639892578125 10.464924812316894531 10.471369743347167969 10.478672981262207031 10.495851516723632813 10.521286964416503906
10.138273239135742188 10.15050506591796875 10.161289215087890625 10.166697502136230469 10.168545722961425781 -9999 -9999 -9999 -9999 -9999 -9999 -9999 -9999 -9999 -9999 -9999 -9999 -9999 -9999 -9999 -9999 -9999 -9999 -9999 10.264151573181152344 10.272213935852050781 10.301054954528808594 10.330121040344238281 10.341807365417480469 10.355355262756347656 10.363522529602050781 10.3731536865234375 10.3935089111328125 10.415136337280273438 10.427324295043945313 10.447464942932128906 10.462528228759765625 10.465703964233398438 10.46971893310546875 10.474059104919433594 10.482668876647949219 10.50208282470703125 10.524053573608398438
10.136781692504882813 10.147362709045410156 10.153669357299804688 -9999 -9999 -9999 -9999 -9999 -9999 -9999 -9999 -9999 -9999 -9999 -9999 -9999 -9999 -9999 -9999 -9999 -9999 -9999 -9999 -9999 10.262984275817871094 10.273186683654785156 10.299336433410644531 10.330352783203125 10.344272613525390625 10.360564231872558594 10.370452880859375 10.383697509765625 10.403245925903320313 10.425283432006835938 10.439286231994628906 10.459956169128417969 10.471912384033203125 10.473927497863769531 10.474424362182617188 10.476459503173828125 10.483716011047363281 10.50154876708984375 10.523084640502929688
10.136613845825195313 10.145834922790527344 10.150659561157226563 -9999 -9999 -9999 -9999 -9999 -9999 -9999 -9999 -9999 -9999 -9999 -9999 -9999 -9999 -9999 -9999 -9999 -9999 -9999 -9999 -9999 -9999 10.2777862548828125 10.298018455505371094 10.326012611389160156 10.3406524658203125 10.361385345458984375 10.381615638732910156 10.399628639221191406 10.41744232177734375 10.441837310791015625 10.455971717834472656 10.472103118896484375 10.480967521667480469 10.480382919311523438 10.479480743408203125 10.478615760803222656 10.481658935546875 10.492395401000976563 10.510687828063964844
10.13472747802734375 10.141065597534179688 10.145082473754882813 -9999 -9999 -9999 -9999 -9999 -9999 -9999 -9999 -9999 -9999 -9999 -9999 -9999 -9999 -9999 -9999 -9999 -9999 -9999 -9999 -9999 -9999 10.274877548217773438 10.289635658264160156 10.309528350830078125 10.325573921203613281 10.356342315673828125 10.390181541442871094 10.416680335998535156 10.439161300659179688 10.462721824645996094 10.473362922668457031 10.481579780578613281 10.4863433837890625 10.483445167541503906 10.478283882141113281 10.473603248596191406 10.4732818603515625 10.474658012390136719 10.483522415161132813
10.130651473999023438 10.134212493896484375 -9999 -9999 -9999 -9999 -9999 -9999 -9999 -9999 -9999 -9999 -9999 -9999 -9999 -9999 -9999 -9999 -9999 -9999 -9999 -9999 -9999 -9999 -9999 -9999 10.269602775573730469 10.284978866577148438 10.304463386535644531 10.3424072265625 10.38181304931640625 10.418752670288085938 10.444579124450683594 10.462018013000488281 10.469736099243164063 10.476200103759765625 10.476988792419433594 10.472634315490722656 10.467004776000976563 10.463619232177734375 10.465035438537597656 10.469525337219238281 10.476365089416503906
10.1292266845703125 10.130884170532226563 -9999 -9999 -9999 -9999 -9999 10.149147987365722656 10.150638580322265625 10.152738571166992188 10.159285545349121094 10.165990829467773438 10.171898841857910156 10.177144050598144531 10.180517196655273438 10.190035820007324219 10.203607559204101563 10.204864501953125 -9999 -9999 -9999 -9999 -9999 -9999 -9999 -9999 10.25658416748046875 10.277651786804199219 10.299871444702148438 10.338243484497070313 10.382956504821777344 10.4314727783203125 10.4626312255859375 10.477236747741699219 10.482610702514648438 10.487051010131835938 10.487726211547851563 10.483793258666992188 10.478624343872070313 10.477053642272949219 10.480005264282226563 10.486902236938476563 10.493913650512695313
10.125237464904785156 -9999 -9999 -9999 -9999 -9999 10.143399238586425781 10.145379066467285156 10.148131370544433594 10.1502227783203125 10.156121253967285156 10.161974906921386719 10.1697540283203125 10.175965309143066406 10.183546066284179688 10.193012237548828125 10.203219413757324219 10.204991340637207031 10.20230865478515625 -9999 -9999 -9999 -9999 -9999 -9999 -9999 10.245759010314941406 10.271526336669921875 10.292510986328125 10.331027984619140625 10.381159782409667969 10.436861991882324219 10.47571563720703125 10.491961479187011719 10.496801376342773438 10.500219345092773438 10.500621795654296875 10.496138572692871094 10.492326736450195313 10.494533538818359375 10.49918365478515625 10.508241653442382813 10.514612197875976563
10.124819755554199219 -9999 -9999 -9999 -9999 -9999 10.14122772216796875 10.142371177673339844 10.145383834838867188 10.147937774658203125 10.151768684387207031 10.157389640808105469 10.16576385498046875 10.175313949584960938 10.186723709106445313 10.192892074584960938 10.198990821838378906 10.201047897338867188 10.201102256774902344 -9999 -9999 -9999 -9999 -9999 -9999 -9999 10.242726325988769531 10.262981414794921875 10.281250953674316406 10.320127487182617188 10.3735504150390625 10.430203437805175781 10.470363616943359375 10.488788604736328125 10.494994163513183594 10.500582695007324219 10.500859260559082031 10.495791435241699219 10.492847442626953125 10.496395111083984375 10.502497673034667969 10.514958381652832031 10.522810935974121094
-9999 -9999 -9999 -9999 -9999 -9999 10.139133453369140625 10.140309333801269531 10.1435089111328125 10.146130561828613281 10.14975738525390625 10.157171249389648438 10.165866851806640625 10.177911758422851563 10.18538665771484375 10.189367294311523438 10.194219589233398438 10.195294380187988281 10.195211410522460938 -9999 -9999 -9999 -9999 -9999 -9999 -9999 10.247381210327148438 10.259346961975097656 10.272450447082519531 10.307088851928710938 10.361094474792480469 10.4190521240234375 10.456744194030761719 10.477848052978515625 10.487567901611328125 10.498088836669921875 10.49977874755859375 10.495641708374023438 10.495389938354492188 10.497282028198242188 10.499891281127929688 10.509145736694335938 10.5195465087890625
-9999 -9999 -9999 -9999 -9999 -9999 10.138571739196777344 10.1403350830078125 10.1431884765625 10.145434379577636719 10.150263786315917969 10.161570549011230469 10.172037124633789063 10.178832054138183594 10.182978630065917969 -9999 -9999 -9999 -9999 -9999 -9999 -9999 -9999 -9999 -9999 -9999 10.258179664611816406 10.259090423583984375 10.269747734069824219 10.3020477294921875 10.357457160949707031 10.418670654296875 10.457342147827148438 10.480440139770507813 10.493565559387207031 10.509877204895019531 10.511598587036132813 10.509074211120605469 10.5137786865234375 10.513968467712402344 10.512060165405273438 10.51458740234375 10.520751953125
-9999 -9999 -9999 -9999 -9999 -9999 10.135586738586425781 10.138248443603515625 10.142168998718261719 10.144778251647949219 10.151949882507324219 10.165124893188476563 10.17638397216796875 10.17981719970703125 10.1827239990234375 -9999 -9999 -9999 -9999 -9999 -9999 -9999 -9999 -9999 -9999 -9999 10.261782646179199219 10.262791633605957031 10.274036407470703125 10.307461738586425781 10.364375114440917969 10.42552947998046875 10.466189384460449219 10.486483573913574219 10.503535270690917969 10.524578094482421875 10.525645256042480469 10.526567459106445313 10.53649139404296875 10.536856651306152344 10.534121513366699219 10.531796455383300781 10.524438858032226563
10.117441177368164063 -9999 -9999 -9999 10.123767852783203125 10.128798484802246094 10.131442070007324219 10.134543418884277344 10.138503074645996094 10.142049789428710938 10.154285430908203125 10.169622421264648438 10.17713165283203125 10.182981491088867188 10.18573760986328125 -9999 10.191644668579101563 10.191211700439453125 10.189690589904785156 10.191994667053222656 10.198603630065917969 10.202239990234375 -9999 -9999 -9999 -9999 10.256255149841308594 10.257439613342285156 10.27173614501953125 10.311682701110839844 10.368717193603515625 10.429831504821777344 10.476525306701660156 10.49777984619140625 10.517709732055664063 10.539284706115722656 10.538254737854003906 10.5462646484375 10.554735183715820313 10.544939041137695313 10.537183761596679688 10.525693893432617188 10.514859199523925781
10.119089126586914063 10.121090888977050781 10.120410919189453125 10.120875358581542969 10.123193740844726563 10.126051902770996094 10.129282951354980469 10.13213348388671875 10.1378326416015625 10.14532470703125 10.160449028015136719 10.169518470764160156 10.176324844360351563 10.182961463928222656 10.186468124389648438 10.191945075988769531 10.191443443298339844 10.191059112548828125 10.190318107604980469 10.193033218383789063 10.199574470520019531 10.205208778381347656 10.220127105712890625 10.227843284606933594 10.229285240173339844 -9999 10.249722480773925781 10.251129150390625 10.267053604125976563 10.307238578796386719 10.362965583801269531 10.42873382568359375 10.481829643249511719 10.50726318359375 10.527888298034667969 10.5507659912109375 10.552441596984863281 10.557566642761230469 10.553057670593261719 10.534421920776367188 10.523227691650390625 10.5103607177734375 10.505428314208984375
10.119246482849121094 10.120566368103027344 10.119672775268554688 10.119889259338378906 10.121124267578125 10.123842239379882813 10.127465248107910156 10.132805824279785156 10.143982887268066406 10.154219627380371094 10.161671638488769531 10.168580055236816406 10.177158355712890625 10.184662818908691406 10.190331459045410156 10.193895339965820313 10.192065238952636719 10.191659927368164063 10.193352699279785156 10.197601318359375 10.205290794372558594 10.212496757507324219 10.223055839538574219 10.228443145751953125 10.229783058166503906 10.233109474182128906 10.238675117492675781 10.2482757568359375 10.262311935424804688 10.298746109008789063 10.353883743286132813 10.420031547546386719 10.4765167236328125 10.504720687866210938 10.528341293334960938 10.555070877075195313 10.560456275939941406 10.562284469604492188 10.549273490905761719 10.525630950927734375 10.515164375305175781 10.505232810974121094 10.503179550170898438
10.115522384643554688 10.117969512939453125 10.116893768310546875 10.116731643676757813 10.11760711669921875 10.120553970336914063 10.125402450561523438 10.136160850524902344 10.148995399475097656 10.155594825744628906 10.16126251220703125 10.168995857238769531 10.179617881774902344 10.192711830139160156 10.203594207763671875 10.204991340637207031 10.201467514038085938 10.20245361328125 10.205476760864257813 10.209110260009765625 10.218098640441894531 10.225751876831054688 10.229642868041992188 10.230175018310546875 10.230944633483886719 10.233983039855957031 10.237325668334960938 10.244968414306640625 10.256256103515625 10.288576126098632813 10.341299057006835938 10.405438423156738281 10.461293220520019531 10.490309715270996094 10.517727851867675781 10.552788734436035156 10.567378997802734375 10.570749282836914063 10.552623748779296875 10.527055740356445313 10.517594337463378906 10.509514808654785156 10.507394790649414063
10.102372169494628906 10.107199668884277344 10.108767509460449219 10.110080718994140625 10.112124443054199219 10.116410255432128906 10.126227378845214844 10.140788078308105469 10.148985862731933594 10.153882980346679688 10.160651206970214844 10.169971466064453125 10.183226585388183594 10.205445289611816406 10.226078987121582031 10.230139732360839844 10.228488922119140625 10.236895561218261719 10.241795539855957031 10.241681098937988281 10.242153167724609375 10.240448951721191406 10.236011505126953125 10.231722831726074219 10.231569290161132813 10.233978271484375 10.236302375793457031 10.242739677429199219 10.251793861389160156 10.278208732604980469 10.32346343994140625 10.3823394775390625 10.438193321228027344 10.469569206237792969 10.497643470764160156 10.539982795715332031 10.5737152099609375 10.58031463623046875 10.559964179992675781 10.539387702941894531 10.53081512451171875 10.521395683288574219 10.515851020812988281
