INPUT/RASTER/ASCII_no_standard/BIO01.asc
ncols        225
nrows        269
xllcorner    473009.983799999987
yllcorner    4429051.174800000153
cellsize     50.000000000000
NODATA_value  -9999
[rows 200 to 219 of 269, columns 172 to 214 of 225]
16.323001861572265625 16.335803985595703125 16.339321136474609375 16.337566375732421875 16.330446243286132813 16.320917129516601563 16.314609527587890625 16.312433242797851563 16.311494827270507813 16.310796737670898438 16.310613632202148438 16.309722900390625 16.30712127685546875 16.30362701416015625 16.3032379150390625 16.298173904418945313 16.289066314697265625 16.281724929809570313 16.275135040283203125 16.268342971801757813 16.263256072998046875 16.259325027465820313 16.255762100219726563 16.254041671752929688 16.253587722778320313 16.253185272216796875 16.252750396728515625 16.252077102661132813 16.24988555908203125 16.24724578857421875 16.242349624633789063 16.234378814697265625 16.224407196044921875 16.215557098388671875 16.206335067749023438 16.203584671020507813 16.201503753662109375 16.199563980102539063 16.197490692138671875 16.196619033813476563 16.1948394775390625 16.193935394287109375 16.194370269775390625
16.31856536865234375 16.330667495727539063 16.336551666259765625 16.33880615234375 16.333024978637695313 16.322483062744140625 16.315990447998046875 16.313611984252929688 16.312585830688476563 16.311441421508789063 16.310955047607421875 16.309129714965820313 16.305841445922851563 16.298269271850585938 16.292903900146484375 16.294910430908203125 16.287599563598632813 16.280307769775390625 16.274362564086914063 16.268434524536132813 16.264646530151367188 16.26177978515625 16.258283615112304688 16.256093978881835938 16.255300521850585938 16.2546844482421875 16.25394439697265625 16.252866744995117188 16.250919342041015625 16.247396469116210938 16.239603042602539063 16.226564407348632813 16.211420059204101563 16.20749664306640625 16.205095291137695313 16.2035369873046875 16.202165603637695313 16.20037841796875 16.198381423950195313 16.197307586669921875 16.196390151977539063 16.1947021484375 16.193727493286132813
16.317102432250976563 16.327243804931640625 16.3345947265625 16.340608596801757813 16.33560943603515625 16.323118209838867188 16.316972732543945313 16.31476593017578125 16.314126968383789063 16.31285858154296875 16.311105728149414063 16.308122634887695313 16.30329132080078125 16.295442581176757813 16.2890472412109375 16.288425445556640625 16.28533172607421875 16.278825759887695313 16.273363113403320313 16.268480300903320313 16.265619277954101563 16.26342010498046875 16.260171890258789063 16.257490158081054688 16.256496429443359375 16.256097793579101563 16.255672454833984375 16.25409698486328125 16.251253128051757813 16.245424270629882813 16.230594635009765625 16.216001510620117188 16.208845138549804688 16.206470489501953125 16.204313278198242188 16.202793121337890625 16.20151519775390625 16.200635910034179688 16.199598312377929688 16.1986846923828125 16.197393417358398438 16.19615936279296875 16.19525909423828125
16.317277908325195313 16.327449798583984375 16.336065292358398438 16.3453216552734375 16.339208602905273438 16.323282241821289063 16.317228317260742188 16.316244125366210938 16.315860748291015625 16.314672470092773438 16.311780929565429688 16.307321548461914063 16.3005828857421875 16.290693283081054688 16.28282928466796875 16.28033447265625 16.282339096069335938 16.27728271484375 16.27272796630859375 16.268564224243164063 16.266241073608398438 16.26410675048828125 16.261564254760742188 16.259134292602539063 16.25806427001953125 16.25717926025390625 16.256317138671875 16.25433349609375 16.246646881103515625 16.235805511474609375 16.223428726196289063 16.213054656982421875 16.207101821899414063 16.2050323486328125 16.202924728393554688 16.201656341552734375 16.200933456420898438 16.200897216796875 16.200716018676757813 16.20012664794921875 16.198930740356445313 16.197813034057617188 16.197454452514648438
16.320125579833984375 16.331129074096679688 16.340312957763671875 16.349710464477539063 16.341211318969726563 16.323732376098632813 16.3184967041015625 16.318475723266601563 16.31810760498046875 16.315862655639648438 16.311115264892578125 16.304719924926757813 16.296413421630859375 16.284618377685546875 16.276706695556640625 16.272212982177734375 16.273366928100585938 16.273843765258789063 16.270931243896484375 16.267816543579101563 16.266103744506835938 16.264177322387695313 16.262420654296875 16.261241912841796875 16.25997161865234375 16.257673263549804688 16.256284713745117188 16.246526718139648438 16.237430572509765625 16.22866058349609375 16.221111297607421875 16.211309432983398438 16.204351425170898438 16.20305633544921875 16.202606201171875 16.202825546264648438 16.202707290649414063 16.202667236328125 16.202550888061523438 16.20221710205078125 16.20184326171875 16.201231002807617188 16.2009735107421875
16.32938385009765625 16.342077255249023438 16.348358154296875 16.350885391235351563 16.33905792236328125 16.324033737182617188 16.321001052856445313 16.322528839111328125 16.322175979614257813 16.317396163940429688 16.309164047241210938 16.299180984497070313 16.288713455200195313 16.277032852172851563 16.27007293701171875 16.264379501342773438 16.2624359130859375 16.268606185913085938 16.268903732299804688 16.266660690307617188 16.265607833862304688 16.263978958129882813 16.262660980224609375 16.262180328369140625 16.258358001708984375 16.25054168701171875 16.2471923828125 16.239122390747070313 16.233453750610351563 16.228328704833984375 16.221204757690429688 16.211771011352539063 16.205171585083007813 16.204408645629882813 16.204980850219726563 16.20546722412109375 16.205169677734375 16.204408645629882813 16.204029083251953125 16.20401763916015625 16.204057693481445313 16.203630447387695313 16.2034912109375
16.338323593139648438 16.352169036865234375 16.353910446166992188 16.350507736206054688 16.33846282958984375 16.325399398803710938 16.323123931884765625 16.325145721435546875 16.324808120727539063 16.318647384643554688 16.307584762573242188 16.294752120971679688 16.282201766967773438 16.27054595947265625 16.264398574829101563 16.260240554809570313 16.25757598876953125 16.264696121215820313 16.267675399780273438 16.266061782836914063 16.2653961181640625 16.263885498046875 16.262247085571289063 16.259641647338867188 16.252069473266601563 16.243986129760742188 16.241708755493164063 16.2389678955078125 16.234294891357421875 16.229055404663085938 16.222265243530273438 16.214267730712890625 16.209255218505859375 16.208555221557617188 16.208459854125976563 16.2080535888671875 16.20713043212890625 16.206106185913085938 16.205297470092773438 16.2052154541015625 16.20554351806640625 16.204809188842773438 16.204681396484375
16.342515945434570313 16.355998992919921875 16.355854034423828125 16.352813720703125 16.3431396484375 16.328599929809570313 16.325878143310546875 16.327627182006835938 16.326631546020507813 16.319673538208007813 16.306936264038085938 16.292074203491210938 16.278627395629882813 16.266994476318359375 16.261331558227539063 16.257867813110351563 16.2548980712890625 16.258031845092773438 16.265737533569335938 16.26605224609375 16.265790939331054688 16.264120101928710938 16.2591094970703125 16.24912261962890625 16.246002197265625 16.243696212768554688 16.2429656982421875 16.23981475830078125 16.235378265380859375 16.23077392578125 16.224973678588867188 16.218255996704101563 16.214570999145507813 16.213573455810546875 16.212591171264648438 16.2113037109375 16.20954132080078125 16.207838058471679688 16.206897735595703125 16.206737518310546875 16.20679473876953125 16.206438064575195313 16.206304550170898438
16.335956573486328125 16.349277496337890625 16.352399826049804688 16.35399627685546875 16.348114013671875 16.335941314697265625 16.332798004150390625 16.33420562744140625 16.331808090209960938 16.322347640991210938 16.306982040405273438 16.289979934692382813 16.276187896728515625 16.26555633544921875 16.260469436645507813 16.2565155029296875 16.253644943237304688 16.254682540893554688 16.263858795166015625 16.266057968139648438 16.26595306396484375 16.263397216796875 16.249879837036132813 16.245050430297851563 16.245923995971679688 16.24481201171875 16.2433929443359375 16.2410430908203125 16.237239837646484375 16.23313140869140625 16.228620529174804688 16.2233123779296875 16.21929931640625 16.218088150024414063 16.216297149658203125 16.214324951171875 16.212015151977539063 16.210025787353515625 16.208925247192382813 16.208539962768554688 16.20868682861328125 16.2092437744140625 16.20926666259765625
16.32761383056640625 16.336984634399414063 16.34300994873046875 16.350416183471679688 16.352695465087890625 16.348119735717773438 16.34337615966796875 16.341165542602539063 16.335554122924804688 16.3236541748046875 16.307811737060546875 16.289346694946289063 16.27446746826171875 16.263904571533203125 16.259412765502929688 16.25588226318359375 16.253072738647460938 16.25173187255859375 16.257562637329101563 16.263624191284179688 16.262454986572265625 16.255474090576171875 16.24782562255859375 16.246767044067382813 16.246595382690429688 16.245492935180664063 16.24401092529296875 16.242094039916992188 16.238759994506835938 16.235467910766601563 16.231836318969726563 16.227447509765625 16.223585128784179688 16.22194671630859375 16.219377517700195313 16.2171173095703125 16.214502334594726563 16.211765289306640625 16.210622787475585938 16.21045684814453125 16.210636138916015625 16.211313247680664063 16.211160659790039063
16.325078964233398438 16.33072662353515625 16.335485458374023438 16.342821121215820313 16.3491973876953125 16.351873397827148438 16.354084014892578125 16.352115631103515625 16.344102859497070313 16.32695770263671875 16.30739593505859375 16.288072586059570313 16.27344512939453125 16.263507843017578125 16.259328842163085938 16.2559356689453125 16.253282546997070313 16.2523956298828125 16.255634307861328125 16.256059646606445313 16.253047943115234375 16.251672744750976563 16.2497711181640625 16.24868011474609375 16.24756622314453125 16.246593475341796875 16.24564361572265625 16.24344635009765625 16.240673065185546875 16.237712860107421875 16.234281539916992188 16.230573654174804688 16.227130889892578125 16.225259780883789063 16.2225799560546875 16.220367431640625 16.217845916748046875 16.215421676635742188 16.214101791381835938 16.213811874389648438 16.213954925537109375 16.214099884033203125 16.21393585205078125
16.32596588134765625 16.328100204467773438 16.329828262329101563 16.334440231323242188 16.343786239624023438 16.35436248779296875 16.369312286376953125 16.378505706787109375 16.370687484741210938 16.3398590087890625 16.306299209594726563 16.284925460815429688 16.27149200439453125 16.2628936767578125 16.259363174438476563 16.256353378295898438 16.254364013671875 16.2537078857421875 16.2537078857421875 16.2531890869140625 16.252668380737304688 16.25335693359375 16.252941131591796875 16.251489639282226563 16.249814987182617188 16.247957229614257813 16.246595382690429688 16.244569778442382813 16.242383956909179688 16.2402496337890625 16.237237930297851563 16.23358154296875 16.230518341064453125 16.2287445068359375 16.226352691650390625 16.224607467651367188 16.222894668579101563 16.221609115600585938 16.2203216552734375 16.219583511352539063 16.21871185302734375 16.217916488647460938 16.217569351196289063
16.326581954956054688 16.326955795288085938 16.329736709594726563 16.344053268432617188 16.366308212280273438 16.379842758178710938 16.395925521850585938 16.410106658935546875 16.401388168334960938 16.355035781860351563 16.305118560791015625 16.280994415283203125 16.269168853759765625 16.262027740478515625 16.25913238525390625 16.256809234619140625 16.255908966064453125 16.2550811767578125 16.254192352294921875 16.254497528076171875 16.254878997802734375 16.255519866943359375 16.255201339721679688 16.2536773681640625 16.251626968383789063 16.24919891357421875 16.247419357299804688 16.245540618896484375 16.244062423706054688 16.242313385009765625 16.23919677734375 16.23557281494140625 16.232898712158203125 16.231557846069335938 16.229595184326171875 16.228176116943359375 16.227285385131835938 16.22664642333984375 16.225221633911132813 16.224245071411132813 16.222660064697265625 16.2210845947265625 16.220441818237304688
16.3260498046875 16.328283309936523438 16.341615676879882813 16.377855300903320313 16.409727096557617188 16.412538528442382813 16.415323257446289063 16.423425674438476563 16.411764144897460938 16.357202529907226563 16.30007171630859375 16.27603912353515625 16.266811370849609375 16.26125335693359375 16.258586883544921875 16.256870269775390625 16.256235122680664063 16.255441665649414063 16.255573272705078125 16.256505966186523438 16.257183074951171875 16.25772857666015625 16.257556915283203125 16.255924224853515625 16.25328826904296875 16.250732421875 16.249013900756835938 16.246938705444335938 16.24593353271484375 16.243539810180664063 16.240390777587890625 16.237154006958007813 16.234859466552734375 16.23403167724609375 16.232456207275390625 16.231248855590820313 16.230831146240234375 16.23029327392578125 16.228855133056640625 16.227540969848632813 16.225551605224609375 16.223855972290039063 16.22336578369140625
16.328268051147460938 16.3373260498046875 16.36257171630859375 16.405668258666992188 16.424345016479492188 16.410491943359375 16.396841049194335938 16.399578094482421875 16.387451171875 16.338802337646484375 16.2906341552734375 16.27193450927734375 16.265043258666992188 16.260927200317382813 16.258907318115234375 16.257650375366210938 16.2571563720703125 16.25682830810546875 16.257364273071289063 16.258167266845703125 16.258861541748046875 16.259595870971679688 16.25954437255859375 16.258167266845703125 16.2554168701171875 16.252384185791015625 16.250406265258789063 16.247682571411132813 16.245975494384765625 16.243762969970703125 16.241245269775390625 16.238256454467773438 16.236949920654296875 16.236162185668945313 16.234954833984375 16.234212875366210938 16.233154296875 16.232259750366210938 16.23114776611328125 16.230077743530273438 16.227941513061523438 16.225976943969726563 16.2252655029296875
16.34061431884765625 16.361660003662109375 16.387014389038085938 16.410373687744140625 16.407953262329101563 16.380506515502929688 16.353696823120117188 16.348329544067382813 16.338832855224609375 16.308965682983398438 16.281368255615234375 16.269351959228515625 16.264402389526367188 16.261388778686523438 16.259805679321289063 16.258846282958984375 16.257907867431640625 16.257467269897460938 16.258045196533203125 16.259649276733398438 16.26035308837890625 16.261075973510742188 16.261150360107421875 16.259792327880859375 16.2569580078125 16.25354766845703125 16.251306533813476563 16.2487335205078125 16.245592117309570313 16.243541717529296875 16.241468429565429688 16.23931121826171875 16.238567352294921875 16.238040924072265625 16.237199783325195313 16.236156463623046875 16.234828948974609375 16.23418426513671875 16.233182907104492188 16.232204437255859375 16.230146408081054688 16.227924346923828125 16.225881576538085938
16.36882781982421875 16.395982742309570313 16.408330917358398438 16.40332794189453125 16.379299163818359375 16.348245620727539063 16.324682235717773438 16.315649032592773438 16.30810546875 16.291141510009765625 16.276241302490234375 16.268838882446289063 16.264829635620117188 16.262414932250976563 16.261087417602539063 16.259389877319335938 16.25789642333984375 16.25788116455078125 16.25920867919921875 16.260440826416015625 16.26129913330078125 16.262529373168945313 16.262502670288085938 16.261125564575195313 16.258861541748046875 16.255527496337890625 16.253087997436523438 16.2494659423828125 16.245244979858398438 16.243463516235351563 16.242425918579101563 16.2410736083984375 16.240270614624023438 16.239744186401367188 16.239101409912109375 16.2383575439453125 16.237871170043945313 16.237546920776367188 16.23661041259765625 16.23564910888671875 16.23236083984375 16.229280471801757813 -9999
16.405719757080078125 16.415555953979492188 16.40763092041015625 16.37673187255859375 16.345327377319335938 16.3251800537109375 16.314153671264648438 16.306423187255859375 16.299787521362304688 16.28759765625 16.2767791748046875 16.270786285400390625 16.266834259033203125 16.2635955810546875 16.261697769165039063 16.260677337646484375 16.259939193725585938 16.25994873046875 16.26074981689453125 16.262073516845703125 16.2627716064453125 16.263074874877929688 16.262895584106445313 16.262418746948242188 16.26105499267578125 16.257352828979492188 16.254421234130859375 16.249429702758789063 16.245128631591796875 16.24352264404296875 16.243221282958984375 16.2425994873046875 16.241456985473632813 16.240827560424804688 16.240106582641601563 16.240251541137695313 16.240634918212890625 16.240842819213867188 16.239856719970703125 16.23860931396484375 16.236497879028320313 -9999 -9999
16.412405014038085938 16.399753570556640625 16.380815505981445313 16.350696563720703125 16.330272674560546875 16.317914962768554688 16.311305999755859375 16.304548263549804688 16.298284530639648438 16.288692474365234375 16.279245376586914063 16.272663116455078125 16.268693923950195313 16.265073776245117188 16.262897491455078125 16.26226043701171875 16.261798858642578125 16.262176513671875 16.262676239013671875 16.263570785522460938 16.263788223266601563 16.263690948486328125 16.263338088989257813 16.262853622436523438 16.261503219604492188 16.257059097290039063 16.253597259521484375 16.2485504150390625 16.244676589965820313 16.24359130859375 16.24343109130859375 16.2432098388671875 16.242679595947265625 16.2422637939453125 16.241455078125 16.24173736572265625 16.242506027221679688 16.243288040161132813 -9999 -9999 -9999 -9999 -9999
16.393617630004882813 16.371562957763671875 16.354234695434570313 16.336004257202148438 16.326076507568359375 16.316293716430664063 16.309101104736328125 16.303510665893554688 16.298004150390625 16.289293289184570313 16.280202865600585938 16.273960113525390625 16.270181655883789063 16.266836166381835938 16.265073776245117188 16.26430511474609375 16.264028549194335938 16.264738082885742188 16.265102386474609375 16.265422821044921875 16.265621185302734375 16.265542984008789063 16.26456451416015625 16.262880325317382813 16.260463714599609375 16.255273818969726563 16.251508712768554688 16.247175216674804688 16.244237899780273438 16.243650436401367188 16.243534088134765625 16.243438720703125 16.24346923828125 16.243373870849609375 16.242921829223632813 16.242908477783203125 16.243947982788085938 16.244823455810546875 -9999 -9999 -9999 -9999 -9999
