INPUT/RASTER/ASCII_no_standard/BIO12.asc
ncols        225
nrows        269
xllcorner    473009.983799999987
yllcorner    4429051.174800000153
cellsize     50.000000000000
NODATA_value  -9999
[rows 231 to 251 of 269, columns 47 to 93 of 225]
659.35308837890625 653.6842041015625 648.82647705078125 644.9791259765625 641.31048583984375 641.41650390625 643.92877197265625 645.52264404296875 645.8096923828125 646.38299560546875 647.4100341796875 647.22021484375 644.320556640625 637.77764892578125 631.05718994140625 626.7601318359375 621.7076416015625 618.34600830078125 615.71820068359375 612.62652587890625 610.36041259765625 609.11798095703125 607.52349853515625 605.1522216796875 602.89208984375 601.60736083984375 600.9100341796875 600.52069091796875 600.2142333984375 599.9696044921875 599.98992919921875 599.9686279296875 599.98175048828125 599.89697265625 599.31658935546875 598.44451904296875 597.85650634765625 597.56451416015625 597.31109619140625 597.12689208984375 596.79388427734375 596.44586181640625 596.72406005859375 598.79486083984375 601.8990478515625 604.136962890625 605.05511474609375
656.960693359375 651.15325927734375 646.7071533203125 643.864990234375 642.7059326171875 645.18389892578125 648.19537353515625 648.21466064453125 646.544189453125 644.85394287109375 643.878173828125 643.14044189453125 640.95404052734375 635.23016357421875 628.19970703125 623.3045654296875 617.7816162109375 614.1925048828125 611.90899658203125 609.61944580078125 607.34136962890625 606.24920654296875 605.33624267578125 603.7130126953125 602.06036376953125 601.1461181640625 600.56097412109375 600.06494140625 599.56646728515625 598.91619873046875 598.6484375 598.8558349609375 599.255615234375 599.3819580078125 598.71282958984375 597.73883056640625 597.24603271484375 597.036376953125 596.85760498046875 596.7188720703125 596.4569091796875 596.0364990234375 596.06585693359375 597.87457275390625 601.1734619140625 603.57208251953125 604.3299560546875
655.4478759765625 649.35980224609375 645.1270751953125 642.5438232421875 642.5592041015625 645.7872314453125 647.80279541015625 646.45953369140625 644.20867919921875 642.1575927734375 640.91693115234375 640.146728515625 638.42340087890625 633.44744873046875 626.30413818359375 621.26409912109375 615.53802490234375 611.6761474609375 609.13104248046875 607.0604248046875 605.0147705078125 604.02569580078125 603.28985595703125 602.2843017578125 601.31707763671875 600.8074951171875 600.27252197265625 599.70623779296875 599.065673828125 598.1939697265625 597.67852783203125 597.7606201171875 598.22662353515625 598.4644775390625 597.93927001953125 597.0712890625 596.7744140625 596.70703125 596.5496826171875 596.42486572265625 596.19573974609375 595.73876953125 595.55682373046875 596.888427734375 600.0443115234375 602.47796630859375 603.13818359375
653.939697265625 647.6756591796875 643.8466796875 640.36529541015625 640.0013427734375 642.8046875 644.18353271484375 642.3162841796875 640.0084228515625 638.0716552734375 636.92730712890625 636.324951171875 634.6370849609375 629.50518798828125 622.5977783203125 618.18310546875 613.00140380859375 609.11553955078125 606.50274658203125 604.85894775390625 603.47784423828125 602.70281982421875 601.84552001953125 601.17657470703125 600.8486328125 600.570068359375 600.0430908203125 599.5091552734375 598.767822265625 597.89068603515625 597.27191162109375 597.1007080078125 597.27838134765625 597.41290283203125 597.205078125 596.61712646484375 596.43182373046875 596.45086669921875 596.31103515625 596.19696044921875 596.00738525390625 595.55865478515625 595.10455322265625 595.83697509765625 598.57659912109375 600.93621826171875 601.57684326171875
652.73699951171875 646.4368896484375 642.91375732421875 638.49444580078125 636.46649169921875 637.421875 637.9041748046875 636.17559814453125 634.23272705078125 632.5546875 631.65936279296875 631.32427978515625 629.38543701171875 623.827392578125 617.79193115234375 614.3818359375 610.28717041015625 607.02435302734375 604.7645263671875 603.48712158203125 602.674072265625 602.1766357421875 601.4683837890625 600.98162841796875 600.92413330078125 600.7420654296875 600.2757568359375 599.66448974609375 598.6900634765625 597.76116943359375 597.065185546875 596.78179931640625 596.73876953125 596.78515625 596.77410888671875 596.44989013671875 596.22467041015625 596.1114501953125 595.972900390625 595.89947509765625 595.79168701171875 595.394287109375 594.81561279296875 595.06060791015625 597.19384765625 599.31683349609375 599.93267822265625
652.33514404296875 646.332275390625 643.215576171875 638.65936279296875 634.77545166015625 632.98785400390625 631.6097412109375 629.6097412109375 627.9267578125 626.00262451171875 625.03094482421875 624.7734375 622.8253173828125 617.8721923828125 613.344970703125 611.05572509765625 608.54547119140625 606.443359375 604.50732421875 603.26971435546875 602.58526611328125 602.2183837890625 601.70758056640625 601.3719482421875 601.53887939453125 601.76300048828125 601.403076171875 600.3804931640625 598.82843017578125 597.59912109375 596.8306884765625 596.52264404296875 596.38580322265625 596.38629150390625 596.42767333984375 596.27166748046875 595.96221923828125 595.54046630859375 595.255126953125 595.19970703125 595.25555419921875 595.052490234375 594.59759521484375 594.321044921875 595.764404296875 597.7176513671875 598.2762451171875
652.9927978515625 647.7008056640625 645.24139404296875 640.66802978515625 634.69903564453125 629.91937255859375 626.1287841796875 623.23779296875 621.55157470703125 618.7781982421875 617.2664794921875 616.73797607421875 614.95318603515625 611.65411376953125 609.41558837890625 608.829345703125 609.000732421875 608.533447265625 606.19635009765625 604.26739501953125 603.2686767578125 602.86065673828125 602.41485595703125 602.0977783203125 602.29449462890625 602.73193359375 602.36688232421875 600.997802734375 598.84735107421875 597.27520751953125 596.506103515625 596.22174072265625 596.05816650390625 595.95928955078125 595.82550048828125 595.725341796875 595.48065185546875 594.65380859375 593.86627197265625 593.63824462890625 594.01025390625 594.46240234375 594.3006591796875 593.37298583984375 594.23455810546875 596.1314697265625 596.72100830078125
654.89862060546875 650.385009765625 647.38201904296875 641.6485595703125 634.58282470703125 628.62347412109375 623.74786376953125 619.77862548828125 617.55645751953125 614.7117919921875 612.98822021484375 612.201416015625 610.8475341796875 609.3084716796875 608.54248046875 609.42669677734375 612.199462890625 612.989990234375 609.45843505859375 606.11737060546875 604.56744384765625 604.0264892578125 603.32025146484375 602.5908203125 602.09173583984375 601.2164306640625 600.230712890625 599.14300537109375 597.67584228515625 596.70172119140625 596.22393798828125 595.996826171875 595.771240234375 595.52569580078125 595.023681640625 594.7376708984375 594.63330078125 593.8404541015625 592.888427734375 592.504150390625 592.90289306640625 593.6458740234375 593.57769775390625 592.529052734375 593.15899658203125 594.75531005859375 595.2982177734375
656.04248046875 651.7078857421875 648.1318359375 641.739990234375 634.51300048828125 628.564453125 623.60064697265625 619.2293701171875 616.61767578125 613.71038818359375 612.26446533203125 612.108642578125 611.84466552734375 611.0491943359375 610.4998779296875 611.71649169921875 615.2183837890625 616.1260986328125 611.41705322265625 606.98565673828125 605.130615234375 604.47027587890625 603.48846435546875 602.49920654296875 601.47247314453125 599.7244873046875 598.302978515625 597.47332763671875 596.76171875 596.53759765625 596.322998046875 596.128173828125 595.7396240234375 595.3199462890625 594.32965087890625 593.616943359375 593.55181884765625 593.0980224609375 592.46624755859375 592.14056396484375 592.3253173828125 592.69329833984375 592.4586181640625 591.9954833984375 592.68695068359375 593.769287109375 594.08349609375
657.25909423828125 653.13287353515625 649.39129638671875 642.8515625 635.612548828125 629.35369873046875 624.070556640625 619.598876953125 617.0064697265625 614.35870361328125 613.54132080078125 614.23419189453125 614.909912109375 614.53289794921875 613.63671875 614.217041015625 616.67645263671875 616.6805419921875 611.3922119140625 606.57855224609375 604.35821533203125 603.35540771484375 602.4715576171875 601.72967529296875 600.65655517578125 598.987548828125 597.52447509765625 596.8453369140625 596.7110595703125 597.12884521484375 597.1688232421875 596.84869384765625 596.1529541015625 595.46875 594.1142578125 593.00836181640625 592.76458740234375 592.52899169921875 592.1419677734375 591.91876220703125 592.05230712890625 592.16363525390625 591.8359375 591.8060302734375 592.59368896484375 593.30926513671875 593.35479736328125
658.31793212890625 654.88262939453125 651.24407958984375 644.678466796875 637.19464111328125 630.365478515625 624.69207763671875 620.15740966796875 617.797607421875 616.0758056640625 616.13702392578125 617.10150146484375 618.00189208984375 617.85626220703125 616.69622802734375 616.25762939453125 616.751220703125 615.38946533203125 610.46563720703125 605.982421875 603.6512451171875 602.3082275390625 601.51483154296875 600.7843017578125 599.82135009765625 598.49456787109375 597.20025634765625 596.69915771484375 597.021484375 597.93414306640625 598.2239990234375 597.70770263671875 596.75372314453125 595.90252685546875 594.531982421875 593.186279296875 592.574462890625 592.27935791015625 591.92047119140625 591.7197265625 591.87298583984375 591.9512939453125 591.6507568359375 591.71337890625 592.4969482421875 593.0364990234375 592.8482666015625
658.96905517578125 656.59228515625 653.28759765625 646.6619873046875 638.775634765625 631.66204833984375 626.22540283203125 622.25628662109375 620.4039306640625 619.37896728515625 619.54290771484375 620.02728271484375 620.3338623046875 619.71337890625 618.14385986328125 616.79608154296875 615.16387939453125 612.6287841796875 608.9984130859375 605.63201904296875 603.7440185546875 602.0865478515625 600.97979736328125 600.077392578125 599.27532958984375 598.328857421875 597.3277587890625 597.0677490234375 597.6495361328125 598.69427490234375 599.033935546875 598.418212890625 597.44940185546875 596.66656494140625 595.49700927734375 594.12347412109375 593.12139892578125 592.46533203125 591.8382568359375 591.47686767578125 591.50457763671875 591.487060546875 591.26446533203125 591.3118896484375 591.9453125 592.371337890625 592.05438232421875
658.996337890625 657.6572265625 654.75079345703125 648.32330322265625 640.81005859375 634.54150390625 630.555419921875 628.1619873046875 627.029052734375 625.38751220703125 623.6114501953125 622.442626953125 621.3162841796875 619.64447021484375 617.42047119140625 615.1314697265625 611.6798095703125 608.88507080078125 606.751220703125 604.75811767578125 603.5765380859375 602.227783203125 600.9241943359375 600.034912109375 599.430419921875 598.6219482421875 597.88897705078125 597.88153076171875 598.650634765625 599.6829833984375 599.95379638671875 599.24725341796875 598.27130126953125 597.6324462890625 596.69842529296875 595.41619873046875 594.10516357421875 592.9317626953125 591.85589599609375 591.208740234375 591.00408935546875 590.84246826171875 590.6739501953125 590.6207275390625 590.89111328125 591.07147216796875 590.77069091796875
658.7098388671875 657.49908447265625 654.78460693359375 649.02301025390625 643.09783935546875 638.8109130859375 636.81378173828125 635.7459716796875 634.6885986328125 631.3157958984375 626.581298828125 623.27947998046875 620.63323974609375 618.37890625 616.1533203125 613.21240234375 608.88409423828125 606.131103515625 604.71954345703125 603.8101806640625 603.384521484375 602.79693603515625 601.4083251953125 600.52581787109375 600.0457763671875 599.04681396484375 598.41796875 598.64794921875 599.65838623046875 600.70111083984375 600.9598388671875 600.26416015625 599.036376953125 598.30194091796875 597.41058349609375 596.175537109375 594.89849853515625 593.50396728515625 592.1209716796875 591.218505859375 590.83135986328125 590.591064453125 590.4219970703125 590.31964111328125 590.34674072265625 590.29754638671875 589.91412353515625
658.06365966796875 656.81390380859375 654.325927734375 649.4091796875 644.97198486328125 642.2423095703125 641.7176513671875 641.043212890625 639.1805419921875 633.7862548828125 627.16253662109375 622.771728515625 619.34033203125 616.51165771484375 614.66656494140625 612.30975341796875 608.7054443359375 606.09490966796875 604.74774169921875 604.1246337890625 603.81170654296875 603.2183837890625 601.6468505859375 600.77398681640625 600.47991943359375 599.68084716796875 599.3038330078125 599.7982177734375 600.99859619140625 601.8802490234375 602.05426025390625 601.52655029296875 600.25738525390625 599.26873779296875 598.08599853515625 596.8609619140625 595.65631103515625 594.23834228515625 592.70098876953125 591.58026123046875 590.90106201171875 590.4434814453125 590.23309326171875 590.07598876953125 589.92657470703125 589.73846435546875 589.2509765625
657.24859619140625 656.14453125 654.0428466796875 650.08685302734375 646.98358154296875 645.52734375 646.1602783203125 645.47357177734375 642.79107666015625 635.6339111328125 627.63055419921875 622.591064453125 618.85955810546875 615.14727783203125 613.0159912109375 611.82427978515625 609.755126953125 607.39971923828125 605.74969482421875 604.42523193359375 603.50445556640625 602.49188232421875 601.2454833984375 601.0166015625 601.0758056640625 600.76751708984375 600.8714599609375 601.61651611328125 602.8077392578125 603.4744873046875 603.42950439453125 602.781005859375 601.60052490234375 600.48486328125 598.91876220703125 597.44671630859375 596.18670654296875 594.735107421875 593.23052978515625 592.12542724609375 591.18817138671875 590.38433837890625 590.050537109375 589.81927490234375 589.45404052734375 589.13214111328125 588.58502197265625
657.0257568359375 655.93218994140625 653.93701171875 650.27105712890625 648.38531494140625 648.35882568359375 649.19970703125 647.69866943359375 644.40667724609375 636.50946044921875 628.117431640625 622.82318115234375 618.70428466796875 614.38104248046875 612.06524658203125 611.59234619140625 610.53448486328125 608.4569091796875 606.3070068359375 604.31072998046875 603.07086181640625 602.14190673828125 601.68505859375 602.29364013671875 602.75311279296875 603.05047607421875 603.6719970703125 604.512939453125 605.40167236328125 605.6866455078125 605.25274658203125 604.1693115234375 602.95513916015625 601.911865234375 599.99456787109375 597.8546142578125 596.33807373046875 594.88494873046875 593.454833984375 592.51495361328125 591.49212646484375 590.42047119140625 589.9127197265625 589.5352783203125 589.00457763671875 588.60882568359375 587.96234130859375
-9999 -9999 -9999 -9999 649.1859130859375 649.4051513671875 649.40765380859375 646.953125 643.61370849609375 636.50421142578125 628.7247314453125 623.40179443359375 618.9931640625 614.7054443359375 612.61773681640625 611.8011474609375 610.57635498046875 608.6759033203125 606.40478515625 604.44158935546875 603.4278564453125 602.995361328125 603.3997802734375 604.554443359375 605.62969970703125 606.7781982421875 607.744384765625 608.45196533203125 608.822265625 608.43280029296875 607.4176025390625 605.92852783203125 604.506591796875 603.347412109375 601.02587890625 598.13818359375 596.24371337890625 594.76641845703125 593.37432861328125 592.576171875 591.71282958984375 590.7557373046875 590.1644287109375 589.46875 588.7593994140625 588.32891845703125 587.583984375
-9999 -9999 -9999 -9999 649.507568359375 649.4794921875 648.753662109375 645.975830078125 642.9747314453125 636.95184326171875 629.90374755859375 624.57037353515625 620.33966064453125 616.64801025390625 614.8927001953125 613.30938720703125 611.64996337890625 609.69488525390625 607.38262939453125 605.59552001953125 604.88134765625 604.85809326171875 605.75592041015625 607.21234130859375 609.05279541015625 611.0076904296875 612.08929443359375 612.56793212890625 612.4200439453125 611.28607177734375 609.703369140625 608.030029296875 606.3560791015625 604.92889404296875 602.18304443359375 598.68255615234375 596.3353271484375 594.72589111328125 593.34423828125 592.583984375 592.10906982421875 591.6259765625 590.9918212890625 589.81903076171875 588.81048583984375 588.33135986328125 587.55322265625
-9999 -9999 -9999 -9999 -9999 649.30816650390625 647.59844970703125 645.02557373046875 642.34661865234375 637.3067626953125 630.93243408203125 625.86737060546875 622.0018310546875 618.756103515625 617.19097900390625 615.47052001953125 613.9432373046875 611.79412841796875 609.0792236328125 607.28924560546875 606.90570068359375 607.25042724609375 608.1739501953125 609.55303955078125 611.6669921875 613.8963623046875 614.9512939453125 615.17919921875 614.80084228515625 613.59033203125 611.89581298828125 610.21044921875 608.49346923828125 606.90997314453125 603.939208984375 599.99078369140625 597.0245361328125 595.16253662109375 593.89208984375 593.211181640625 592.98846435546875 592.7310791015625 591.8551025390625 590.3924560546875 589.2138671875 588.65728759765625 587.80181884765625
-9999 -9999 -9999 -9999 -9999 -9999 644.56903076171875 642.53399658203125 640.13800048828125 636.5418701171875 631.4349365234375 627.2423095703125 623.96014404296875 621.08929443359375 619.65399169921875 618.14471435546875 616.80615234375 614.2254638671875 610.9063720703125 609.33270263671875 609.489990234375 610.30615234375 611.172119140625 612.15594482421875 613.78375244140625 615.83111572265625 616.874755859375 617.02264404296875 616.8311767578125 616.12335205078125 614.59722900390625 612.95697021484375 611.28515625 609.60711669921875 606.29498291015625 601.84619140625 598.19525146484375 596.076904296875 595.04461669921875 594.67144775390625 594.60137939453125 594.0782470703125 592.73724365234375 591.14556884765625 589.89263916015625 589.2222900390625 588.2357177734375
