INPUT/RASTER/ASCII_no_standard/BIO12.asc
ncols        225
nrows        269
xllcorner    473009.983799999987
yllcorner    4429051.174800000153
cellsize     50.000000000000
NODATA_value  -9999
[rows 147 to 167 of 269, columns 0 to 46 of 225]
-9999 -9999 -9999 -9999 -9999 -9999 -9999 660.9786376953125 661.564208984375 662.95062255859375 666.35003662109375 671.3018798828125 675.1104736328125 676.55572509765625 677.05206298828125 677.623046875 678.11236572265625 678.89239501953125 680.6513671875 685.33123779296875 691.51275634765625 693.57989501953125 694.2928466796875 694.91485595703125 695.41754150390625 695.7432861328125 695.52410888671875 695.21746826171875 694.61798095703125 693.30291748046875 692.77789306640625 693.8865966796875 695.00115966796875 695.39727783203125 695.4884033203125 695.14581298828125 694.85882568359375 694.8240966796875 695.10516357421875 695.393798828125 695.95135498046875 696.6695556640625 697.1829833984375 697.78533935546875 698.6156005859375 699.208984375 699.62066650390625
-9999 -9999 -9999 -9999 -9999 -9999 -9999 660.81353759765625 661.347900390625 663.022705078125 666.78912353515625 672.8505859375 677.33978271484375 678.98968505859375 679.4261474609375 679.8919677734375 680.48828125 680.6549072265625 681.76861572265625 687.6798095703125 692.24468994140625 692.89471435546875 693.4256591796875 693.9278564453125 694.24371337890625 694.3580322265625 694.2410888671875 693.9779052734375 693.2080078125 691.75958251953125 691.3228759765625 692.48626708984375 693.57281494140625 694.03717041015625 694.17303466796875 693.62933349609375 693.10321044921875 693.17010498046875 693.76263427734375 694.2412109375 694.76416015625 695.42156982421875 696.06402587890625 696.8419189453125 697.71087646484375 698.20550537109375 698.45941162109375
-9999 -9999 -9999 -9999 -9999 -9999 660.874755859375 661.14337158203125 661.9241943359375 664.880126953125 669.05047607421875 673.68328857421875 677.25860595703125 678.93310546875 679.50677490234375 679.89178466796875 680.375 680.7005615234375 683.42913818359375 689.7166748046875 692.4478759765625 692.8211669921875 693.16162109375 693.48046875 693.731689453125 693.79254150390625 693.58013916015625 693.1943359375 692.28497314453125 690.6915283203125 690.24066162109375 691.20556640625 692.107177734375 692.62274169921875 692.7760009765625 692.11297607421875 691.62664794921875 692.02728271484375 692.9896240234375 693.584228515625 694.01837158203125 694.64190673828125 695.33026123046875 696.0897216796875 696.774169921875 697.081298828125 697.28192138671875
-9999 -9999 -9999 -9999 -9999 -9999 661.14239501953125 662.0997314453125 663.89141845703125 667.8236083984375 670.9002685546875 673.57489013671875 676.5814208984375 678.410400390625 678.97955322265625 679.29949951171875 679.77191162109375 680.53717041015625 685.01666259765625 691.10980224609375 692.4097900390625 692.64373779296875 692.92596435546875 693.22406005859375 693.53350830078125 693.530029296875 692.896484375 692.2388916015625 691.1639404296875 689.61614990234375 689.24053955078125 690.07366943359375 690.8748779296875 691.39892578125 691.58404541015625 691.0234375 690.7789306640625 691.4169921875 692.5030517578125 693.12603759765625 693.6507568359375 694.2470703125 694.79071044921875 695.3702392578125 695.8663330078125 696.05816650390625 696.19415283203125
-9999 -9999 -9999 -9999 -9999 660.3912353515625 660.74822998046875 663.0594482421875 666.005859375 670.29156494140625 672.1124267578125 673.49151611328125 675.9755859375 677.7003173828125 678.19183349609375 678.4539794921875 678.9351806640625 680.82501220703125 687.22467041015625 691.0753173828125 691.8988037109375 692.1953125 692.5494384765625 692.87493896484375 693.19305419921875 692.99951171875 692.0167236328125 691.077880859375 689.74066162109375 688.17242431640625 687.90582275390625 688.81219482421875 689.63507080078125 690.20843505859375 690.55914306640625 690.321533203125 690.3800048828125 691.09368896484375 692.1317138671875 692.740478515625 693.26165771484375 693.75396728515625 694.093994140625 694.46246337890625 694.85009765625 695.06842041015625 695.1669921875
-9999 -9999 -9999 -9999 -9999 660.049072265625 660.3062744140625 662.917236328125 665.92401123046875 669.8857421875 671.82293701171875 673.00225830078125 674.83428955078125 676.43768310546875 676.84808349609375 677.003662109375 677.7161865234375 681.251953125 687.93231201171875 690.17303466796875 690.83148193359375 691.31451416015625 691.86614990234375 692.19903564453125 692.2679443359375 691.76593017578125 690.8565673828125 689.83306884765625 688.23773193359375 686.63720703125 686.296142578125 687.27685546875 688.22430419921875 688.8375244140625 689.3338623046875 689.53192138671875 689.93035888671875 690.6614990234375 691.53173828125 692.02349853515625 692.44140625 692.82025146484375 693.1104736328125 693.39593505859375 693.71905517578125 693.9586181640625 694.17864990234375
-9999 -9999 -9999 -9999 -9999 659.90142822265625 660.14959716796875 661.28009033203125 662.938232421875 666.524169921875 669.82513427734375 671.8575439453125 673.16455078125 674.390380859375 674.66607666015625 674.74615478515625 676.0682373046875 682.1795654296875 687.1898193359375 688.35235595703125 689.290771484375 690.0721435546875 690.85028076171875 691.223876953125 691.0218505859375 690.06890869140625 689.10272216796875 688.147216796875 686.65777587890625 685.18011474609375 684.72210693359375 685.7010498046875 686.8057861328125 687.42193603515625 688.009765625 688.62353515625 689.27215576171875 689.94769287109375 690.50067138671875 690.7581787109375 691.03411865234375 691.45947265625 691.90838623046875 692.20880126953125 692.48516845703125 692.73699951171875 693.14093017578125
-9999 -9999 -9999 -9999 -9999 -9999 660.26495361328125 659.35198974609375 659.42620849609375 662.3751220703125 667.07110595703125 670.54901123046875 671.88177490234375 672.40704345703125 672.6048583984375 672.91998291015625 675.42926025390625 682.304931640625 685.88616943359375 686.93731689453125 688.17669677734375 689.08807373046875 689.92510986328125 690.27215576171875 690.002685546875 688.80560302734375 687.647216796875 686.66351318359375 685.43048095703125 684.29937744140625 683.91455078125 684.80242919921875 685.9083251953125 686.45184326171875 687.09893798828125 687.97479248046875 688.6539306640625 689.17279052734375 689.4752197265625 689.552001953125 689.7584228515625 690.296630859375 690.880615234375 691.2393798828125 691.47943115234375 691.66253662109375 692.13214111328125
-9999 -9999 -9999 -9999 -9999 -9999 660.2921142578125 656.9007568359375 656.84429931640625 660.01531982421875 665.664794921875 669.86285400390625 671.25347900390625 671.3614501953125 671.45379638671875 671.80657958984375 676.12554931640625 682.10870361328125 684.17498779296875 685.79730224609375 687.2381591796875 688.12103271484375 688.8504638671875 689.0521240234375 688.87152099609375 687.78106689453125 686.5093994140625 685.47967529296875 684.484130859375 683.68341064453125 683.464599609375 684.2470703125 685.25799560546875 685.777587890625 686.50927734375 687.4725341796875 687.9678955078125 688.2152099609375 688.39501953125 688.46417236328125 688.70965576171875 689.19287109375 689.743408203125 690.31512451171875 690.642333984375 690.7562255859375 691.12713623046875
-9999 -9999 -9999 -9999 -9999 -9999 -9999 654.34185791015625 653.9482421875 658.68817138671875 665.44805908203125 669.449462890625 670.606689453125 670.696533203125 670.82305908203125 671.82330322265625 676.793701171875 680.80810546875 682.1827392578125 684.318359375 686.0753173828125 686.85137939453125 687.32440185546875 687.2816162109375 687.177734375 686.44219970703125 685.2891845703125 684.44989013671875 683.69952392578125 683.04779052734375 682.88543701171875 683.4425048828125 684.2552490234375 684.93145751953125 685.8741455078125 686.79534912109375 687.17059326171875 687.125244140625 687.25286865234375 687.43023681640625 687.6544189453125 687.92529296875 688.3087158203125 689.07305908203125 689.591064453125 689.7637939453125 689.98828125
-9999 -9999 -9999 -9999 -9999 -9999 -9999 650.0037841796875 650.94061279296875 657.4559326171875 665.01513671875 668.48883056640625 669.329833984375 669.73089599609375 670.338134765625 673.0791015625 678.55364990234375 680.17950439453125 680.96600341796875 682.99188232421875 684.8714599609375 685.54290771484375 685.71142578125 685.3984375 685.08636474609375 684.518310546875 683.79559326171875 683.4000244140625 683.0457763671875 682.53790283203125 682.21087646484375 682.5400390625 683.30035400390625 684.14971923828125 685.181640625 685.81097412109375 686.138671875 686.25628662109375 686.55523681640625 686.79248046875 686.92059326171875 687.04791259765625 687.29400634765625 687.7933349609375 688.14996337890625 688.30706787109375 688.440185546875
-9999 -9999 -9999 -9999 -9999 -9999 -9999 649.33880615234375 650.25616455078125 656.46771240234375 663.565185546875 667.05419921875 667.9693603515625 668.691162109375 670.19097900390625 674.3228759765625 678.688232421875 679.610107421875 680.23162841796875 681.8636474609375 683.55267333984375 684.21295166015625 684.36761474609375 684.05950927734375 683.56103515625 682.924072265625 682.5592041015625 682.4493408203125 682.27734375 681.854736328125 681.4515380859375 681.666748046875 682.49261474609375 683.27813720703125 684.0361328125 684.5330810546875 684.98876953125 685.47906494140625 686.0194091796875 686.27587890625 686.341552734375 686.3895263671875 686.5064697265625 686.65447998046875 686.727783203125 686.77496337890625 686.68975830078125
-9999 -9999 -9999 -9999 -9999 -9999 -9999 649.362060546875 650.53466796875 654.2960205078125 660.66143798828125 664.90728759765625 666.54534912109375 667.63140869140625 670.014892578125 675.1148681640625 678.2744140625 678.7283935546875 679.34136962890625 680.63189697265625 681.8497314453125 682.587646484375 682.98284912109375 682.95623779296875 682.49029541015625 681.80609130859375 681.5548095703125 681.5357666015625 681.3037109375 680.7200927734375 680.29022216796875 680.498779296875 681.42449951171875 682.124267578125 682.8173828125 683.4981689453125 684.135986328125 684.8017578125 685.44244384765625 685.698974609375 685.7119140625 685.712646484375 685.727294921875 685.6353759765625 685.52093505859375 685.43463134765625 685.1556396484375
-9999 -9999 -9999 -9999 -9999 -9999 -9999 -9999 649.8526611328125 651.605712890625 657.82135009765625 663.1929931640625 665.45263671875 667.830078125 671.958251953125 675.1734619140625 677.033447265625 677.59478759765625 678.51434326171875 679.67730712890625 680.42535400390625 681.1688232421875 681.7403564453125 681.8956298828125 681.52569580078125 680.8582763671875 680.5816650390625 680.46734619140625 679.96490478515625 679.08636474609375 678.8465576171875 679.6474609375 680.69879150390625 681.3095703125 682.13232421875 682.96661376953125 683.6431884765625 684.27313232421875 684.80712890625 684.9910888671875 684.99072265625 685.0162353515625 685.0299072265625 684.83026123046875 684.61822509765625 684.4737548828125 684.18206787109375
-9999 -9999 -9999 -9999 -9999 -9999 -9999 648.15283203125 648.37371826171875 650.2203369140625 656.646240234375 662.64788818359375 665.07464599609375 669.09912109375 674.061279296875 675.2056884765625 675.92364501953125 676.73583984375 678.0255126953125 679.16455078125 679.78363037109375 680.3616943359375 680.89556884765625 681.02288818359375 680.58343505859375 679.85614013671875 679.50726318359375 679.334716796875 678.78350830078125 677.9761962890625 678.1090087890625 679.55426025390625 680.6368408203125 681.1524658203125 681.8687744140625 682.60809326171875 683.2276611328125 683.75030517578125 684.0992431640625 684.210205078125 684.21630859375 684.26458740234375 684.2850341796875 684.0816650390625 683.86248779296875 683.72930908203125 683.54498291015625
-9999 -9999 -9999 -9999 -9999 -9999 -9999 648.630126953125 648.24395751953125 650.02294921875 656.74407958984375 662.5186767578125 665.2147216796875 671.01806640625 673.69671630859375 674.2220458984375 674.8997802734375 676.05853271484375 677.5330810546875 678.5306396484375 679.0733642578125 679.626708984375 680.1383056640625 680.20794677734375 679.5946044921875 678.76806640625 678.3624267578125 678.3294677734375 677.9989013671875 677.46319580078125 677.93206787109375 679.4990234375 680.5665283203125 681.03436279296875 681.59735107421875 682.27880859375 682.81915283203125 683.26483154296875 683.48345947265625 683.5101318359375 683.4742431640625 683.4892578125 683.51177978515625 683.36798095703125 683.16741943359375 683.09539794921875 682.9473876953125
-9999 -9999 -9999 -9999 -9999 -9999 652.0841064453125 650.09246826171875 649.2939453125 651.4818115234375 658.02880859375 662.5762939453125 665.81915283203125 672.1663818359375 673.08709716796875 673.16949462890625 673.8294677734375 675.250244140625 676.8531494140625 677.87310791015625 678.3687744140625 678.9232177734375 679.36956787109375 679.320556640625 678.560546875 677.559326171875 677.058837890625 677.005859375 676.8802490234375 676.8829345703125 677.848388671875 679.466796875 680.44744873046875 680.9056396484375 681.37005615234375 681.96124267578125 682.41058349609375 682.77642822265625 682.9207763671875 682.841796875 682.7100830078125 682.7154541015625 682.76556396484375 682.6778564453125 682.52227783203125 682.5330810546875 682.3599853515625
-9999 -9999 -9999 -9999 651.5789794921875 652.329833984375 654.05194091796875 653.573974609375 652.82904052734375 654.4544677734375 658.889892578125 661.86090087890625 667.89056396484375 671.51513671875 671.24005126953125 671.52276611328125 672.8309326171875 674.59210205078125 676.08343505859375 677.0948486328125 677.55670166015625 678.095703125 678.48626708984375 678.3260498046875 677.5169677734375 675.73748779296875 674.496337890625 674.18115234375 674.61517333984375 676.1051025390625 677.92437744140625 679.573974609375 680.45623779296875 680.8797607421875 681.2552490234375 681.63018798828125 681.8406982421875 682.04541015625 682.209716796875 682.09759521484375 681.902587890625 681.9014892578125 681.969482421875 681.888916015625 681.80029296875 681.83782958984375 681.72723388671875
-9999 -9999 -9999 -9999 653.1829833984375 653.8985595703125 656.0191650390625 656.6455078125 656.22381591796875 656.62603759765625 658.4747314453125 661.25750732421875 667.78631591796875 669.5023193359375 668.9832763671875 670.060791015625 672.6549072265625 674.75677490234375 675.77984619140625 676.274658203125 676.2593994140625 676.29022216796875 676.93511962890625 676.85540771484375 676.1103515625 672.7952880859375 670.05364990234375 670.41668701171875 672.54449462890625 675.70941162109375 678.0643310546875 679.5162353515625 680.3236083984375 680.7257080078125 681.01593017578125 681.16339111328125 681.10943603515625 681.1029052734375 681.2047119140625 681.127685546875 681.0069580078125 680.97991943359375 680.96380615234375 680.80731201171875 680.73541259765625 680.7906494140625 680.83465576171875
-9999 -9999 -9999 -9999 652.730712890625 653.657470703125 656.020263671875 656.98406982421875 656.83544921875 656.67230224609375 657.4046630859375 661.40264892578125 666.56170654296875 667.48101806640625 667.8829345703125 669.64923095703125 672.71075439453125 674.84466552734375 675.56842041015625 675.41046142578125 674.47113037109375 673.1390380859375 673.826904296875 673.95233154296875 673.3017578125 669.749755859375 667.03216552734375 668.93408203125 672.6680908203125 675.87933349609375 677.95025634765625 679.25885009765625 679.98358154296875 680.33856201171875 680.61370849609375 680.7279052734375 680.69024658203125 680.6268310546875 680.6712646484375 680.56195068359375 680.4014892578125 680.36712646484375 680.2301025390625 679.99578857421875 679.90704345703125 679.94976806640625 680.03240966796875
-9999 -9999 -9999 -9999 650.960205078125 652.2467041015625 655.181396484375 656.2506103515625 656.12701416015625 655.78314208984375 657.05548095703125 661.83642578125 665.48223876953125 665.97552490234375 666.72857666015625 668.863037109375 672.08294677734375 674.133544921875 674.448974609375 673.68707275390625 672.05609130859375 669.46356201171875 669.5213623046875 669.62841796875 668.98199462890625 667.32769775390625 666.86187744140625 669.63177490234375 673.44561767578125 675.91656494140625 677.5748291015625 678.845458984375 679.50408935546875 679.83087158203125 680.16766357421875 680.37353515625 680.4168701171875 680.3685302734375 680.35223388671875 680.2333984375 680.0430908203125 679.9779052734375 679.76953125 679.4835205078125 679.31170654296875 679.33660888671875 679.38323974609375
