INPUT/RASTER/ASCII_no_standard/BIO12.asc
ncols        225
nrows        269
xllcorner    473009.983799999987
yllcorner    4429051.174800000153
cellsize     50.000000000000
NODATA_value  -9999
[rows 105 to 125 of 269, columns 47 to 93 of 225]
726.128173828125 726.2515869140625 728.23370361328125 730.83746337890625 732.46844482421875 731.848388671875 730.46063232421875 729.4765625 730.6883544921875 731.637451171875 731.7603759765625 732.02392578125 731.9620361328125 731.68377685546875 731.2344970703125 730.8192138671875 730.2445068359375 729.03546142578125 727.8541259765625 725.94189453125 725.18243408203125 726.18072509765625 727.3515625 727.64874267578125 727.50653076171875 727.1734619140625 726.53375244140625 725.23675537109375 722.91448974609375 720.0914306640625 717.915771484375 716.763916015625 716.11279296875 716.4688720703125 717.55853271484375 719.55621337890625 721.60400390625 723.31610107421875 724.99249267578125 725.843994140625 725.70074462890625 724.986328125 724.2784423828125 724.24755859375 725.6103515625 727.2200927734375 727.8201904296875
725.5760498046875 725.24737548828125 726.51513671875 728.31842041015625 729.35992431640625 728.8609619140625 728.51434326171875 729.10296630859375 730.8333740234375 731.630615234375 731.40338134765625 731.1767578125 731.11444091796875 731.01788330078125 730.6959228515625 730.2779541015625 729.52874755859375 728.28546142578125 727.16943359375 725.23504638671875 724.17889404296875 725.1092529296875 726.66448974609375 727.28131103515625 727.259521484375 727.00213623046875 726.41632080078125 725.20904541015625 723.19287109375 720.6448974609375 718.40753173828125 716.82958984375 715.8165283203125 716.27813720703125 717.68133544921875 719.8966064453125 721.670166015625 723.368408203125 725.47650146484375 726.92437744140625 726.5501708984375 725.35400390625 724.338623046875 724.89910888671875 727.99078369140625 730.128173828125 730.63458251953125
725.11590576171875 724.61810302734375 725.14215087890625 726.01324462890625 726.59832763671875 726.50177001953125 726.65374755859375 727.8565673828125 729.63250732421875 730.125732421875 730.0181884765625 730.1815185546875 730.37030029296875 730.38348388671875 730.18060302734375 729.75592041015625 728.92620849609375 727.63995361328125 726.58660888671875 724.556640625 722.94305419921875 723.44256591796875 725.31427001953125 726.32354736328125 726.44677734375 726.3155517578125 725.81304931640625 724.59344482421875 722.74798583984375 720.481201171875 718.35174560546875 716.7147216796875 715.69903564453125 716.30072021484375 717.99853515625 720.22222900390625 721.74700927734375 723.1416015625 725.2764892578125 727.34832763671875 727.18927001953125 725.916259765625 724.7396240234375 725.4991455078125 729.18890380859375 731.27337646484375 731.4818115234375
724.818603515625 724.30047607421875 724.345947265625 724.60247802734375 724.8895263671875 724.986083984375 725.22589111328125 726.18084716796875 727.3284912109375 727.6339111328125 727.99566650390625 729.02825927734375 729.70733642578125 730.03546142578125 729.92095947265625 729.34088134765625 728.427490234375 727.1767578125 726.07623291015625 723.847900390625 721.665283203125 721.556640625 723.36279296875 724.3436279296875 724.4219970703125 724.39508056640625 724.20843505859375 723.10028076171875 721.39044189453125 719.4241943359375 717.5528564453125 716.1104736328125 715.51971435546875 716.51141357421875 718.3148193359375 720.1572265625 721.35601806640625 722.5906982421875 724.734375 727.1964111328125 727.454345703125 726.63671875 725.912109375 726.75543212890625 729.547607421875 730.8087158203125 730.57562255859375
724.421142578125 723.81353759765625 723.599853515625 723.632080078125 723.63128662109375 723.568115234375 723.5916748046875 723.87054443359375 724.3802490234375 725.03790283203125 726.336181640625 728.32562255859375 729.48883056640625 729.93353271484375 729.7296142578125 729.0880126953125 728.09918212890625 726.660400390625 725.4168701171875 723.06231689453125 720.55279541015625 719.78741455078125 721.4449462890625 722.4617919921875 722.48651123046875 722.371337890625 721.98822021484375 720.788330078125 719.2564697265625 717.63720703125 716.25543212890625 715.38800048828125 715.4814453125 716.76568603515625 718.3106689453125 719.63714599609375 720.5330810546875 721.7159423828125 723.65069580078125 725.99517822265625 726.5469970703125 726.13287353515625 726.01025390625 726.953125 728.35174560546875 728.7225341796875 728.45660400390625
723.8382568359375 722.95245361328125 722.6165771484375 722.578369140625 722.40313720703125 722.1116943359375 721.90069580078125 721.760498046875 722.11492919921875 723.25067138671875 725.366455078125 727.9776611328125 729.43017578125 729.8116455078125 729.51690673828125 728.91033935546875 727.8526611328125 726.06146240234375 724.62841796875 722.22021484375 719.552734375 718.1251220703125 719.4876708984375 720.790771484375 721.02923583984375 720.80010986328125 719.96624755859375 718.48529052734375 716.9832763671875 715.61785888671875 714.74530029296875 714.63446044921875 715.371826171875 716.6575927734375 717.91461181640625 718.97589111328125 719.7052001953125 720.6373291015625 722.06878662109375 723.8299560546875 724.319580078125 724.22735595703125 724.34613037109375 725.16033935546875 726.077392578125 726.396728515625 726.6356201171875
723.21966552734375 722.0430908203125 721.6614990234375 721.59893798828125 721.4158935546875 721.07177734375 720.79034423828125 720.53912353515625 720.93341064453125 722.29547119140625 724.67926025390625 727.2462158203125 728.90679931640625 729.4921875 729.2127685546875 728.6121826171875 727.4844970703125 725.57171630859375 724.08319091796875 721.62677001953125 718.8826904296875 717.0447998046875 717.71356201171875 719.11578369140625 719.7158203125 719.6839599609375 718.70465087890625 716.8511962890625 715.29559326171875 714.112548828125 713.53277587890625 713.82366943359375 714.94097900390625 716.251708984375 717.514892578125 718.52520751953125 719.0828857421875 719.70684814453125 720.7421875 721.96160888671875 722.47552490234375 722.76629638671875 722.8485107421875 723.12945556640625 723.69366455078125 724.2357177734375 725.04522705078125
722.61468505859375 721.49627685546875 721.10601806640625 721.03094482421875 720.80743408203125 720.35711669921875 720.07537841796875 719.81103515625 720.1134033203125 721.46044921875 723.957275390625 726.13031005859375 727.86181640625 728.8212890625 728.63018798828125 728.03826904296875 726.9814453125 725.1298828125 723.65240478515625 721.33966064453125 718.78179931640625 716.51300048828125 715.99444580078125 717.12994384765625 718.0338134765625 718.3165283203125 717.3486328125 715.33575439453125 713.8468017578125 712.8560791015625 712.51287841796875 712.9892578125 714.44970703125 715.922119140625 717.2640380859375 718.13458251953125 718.48980712890625 718.9315185546875 719.75726318359375 720.74884033203125 721.45343017578125 721.85589599609375 721.8538818359375 721.79498291015625 722.1097412109375 722.72515869140625 723.67095947265625
721.76312255859375 720.94122314453125 720.5989990234375 720.49212646484375 720.3001708984375 719.85089111328125 719.57696533203125 719.32965087890625 719.46710205078125 720.62298583984375 723.1322021484375 725.14288330078125 726.65362548828125 727.8226318359375 727.797119140625 727.29345703125 726.4715576171875 724.8204345703125 723.3760986328125 721.31707763671875 719.2816162109375 716.67584228515625 714.75604248046875 715.13055419921875 715.9705810546875 716.412841796875 715.717529296875 714.0076904296875 712.486083984375 711.76629638671875 711.92486572265625 712.75537109375 714.40643310546875 715.945068359375 717.027587890625 717.5941162109375 717.82257080078125 718.14501953125 718.76904296875 719.88525390625 720.9215087890625 721.371826171875 721.395751953125 721.34869384765625 721.56573486328125 722.16546630859375 722.85546875
720.846923828125 720.23834228515625 719.95111083984375 719.80859375 719.68719482421875 719.3951416015625 719.18768310546875 718.97320556640625 719.02508544921875 720.03179931640625 722.295654296875 724.00030517578125 725.30975341796875 726.675537109375 726.78704833984375 726.42559814453125 725.8323974609375 724.56689453125 723.36102294921875 721.63238525390625 720.039794921875 717.5107421875 714.489990234375 713.8389892578125 714.29248046875 714.7596435546875 714.39703369140625 712.87548828125 711.31182861328125 711.025390625 711.82293701171875 713.16839599609375 714.5736083984375 715.83416748046875 716.66143798828125 717.03375244140625 717.1805419921875 717.3775634765625 717.8153076171875 719.20880126953125 720.66302490234375 721.34149169921875 721.46392822265625 721.4285888671875 721.58294677734375 721.975341796875 722.26776123046875
720.57623291015625 720.1025390625 719.86517333984375 719.7926025390625 719.75836181640625 719.59375 719.2149658203125 718.757080078125 718.763671875 719.67352294921875 721.7398681640625 723.257568359375 724.37579345703125 725.5860595703125 725.66259765625 725.3448486328125 724.9219970703125 724.0875244140625 723.24932861328125 721.89581298828125 720.4736328125 718.16461181640625 714.7330322265625 712.9810791015625 712.97332763671875 713.41729736328125 713.0233154296875 711.56646728515625 710.448486328125 710.69775390625 711.7149658203125 713.22589111328125 714.19110107421875 715.0810546875 715.99945068359375 716.33416748046875 716.35906982421875 716.693359375 717.3980712890625 718.89117431640625 720.41021728515625 721.15277099609375 721.2430419921875 721.20709228515625 721.4273681640625 721.53485107421875 721.37750244140625
722.3310546875 721.91876220703125 721.8570556640625 722.01007080078125 722.14947509765625 721.9957275390625 720.69171142578125 719.3033447265625 719.35650634765625 720.27130126953125 722.19610595703125 723.382568359375 723.93939208984375 724.23883056640625 723.99658203125 723.81610107421875 723.72613525390625 723.3507080078125 722.83074951171875 721.76629638671875 720.31475830078125 717.9918212890625 714.4876708984375 712.049072265625 711.52642822265625 711.586181640625 711.14324951171875 710.05511474609375 709.50421142578125 710.20172119140625 711.25140380859375 712.54852294921875 713.3721923828125 714.21893310546875 715.06878662109375 715.09893798828125 714.98492431640625 715.84765625 716.973876953125 718.555908203125 720.008056640625 720.4744873046875 720.37646484375 720.36126708984375 720.67864990234375 720.60833740234375 720.12933349609375
722.803955078125 722.5322265625 722.81182861328125 723.280029296875 723.59674072265625 723.59893798828125 722.9327392578125 722.37158203125 722.65753173828125 723.40997314453125 724.41717529296875 724.11590576171875 723.54534912109375 722.87286376953125 722.38232421875 722.46038818359375 722.65081787109375 722.48583984375 722.12823486328125 721.21038818359375 719.72625732421875 717.33544921875 714.099365234375 711.67962646484375 710.7786865234375 710.10919189453125 709.3258056640625 708.57269287109375 708.35101318359375 709.145751953125 710.0382080078125 711.18572998046875 712.31195068359375 713.25225830078125 713.60968017578125 713.2586669921875 713.462646484375 714.96917724609375 716.3043212890625 717.8284912109375 719.1610107421875 719.293212890625 718.98883056640625 718.99267578125 719.3094482421875 719.1295166015625 718.46478271484375
721.43817138671875 721.58447265625 722.356689453125 723.138671875 723.646484375 723.8709716796875 724.04107666015625 724.4222412109375 724.82696533203125 725.34600830078125 726.049072265625 725.8155517578125 723.9873046875 721.83148193359375 721.1368408203125 721.507568359375 721.822509765625 721.705322265625 721.38751220703125 720.469482421875 718.95654296875 716.730712890625 713.95623779296875 711.6845703125 710.560546875 709.362060546875 708.07928466796875 707.4266357421875 707.541259765625 708.15911865234375 708.712890625 709.67254638671875 711.0802001953125 711.835693359375 711.4920654296875 711.53375244140625 712.62542724609375 714.25244140625 715.5220947265625 716.7620849609375 717.7744140625 717.88006591796875 717.6417236328125 717.67401123046875 717.82135009765625 717.489990234375 716.65087890625
720.05328369140625 720.84820556640625 722.1820068359375 723.1964111328125 723.8792724609375 724.24053955078125 724.52142333984375 724.8790283203125 725.1287841796875 725.3824462890625 725.928466796875 726.25152587890625 724.80352783203125 721.46142578125 720.18804931640625 720.779296875 721.14093017578125 721.0474853515625 720.78448486328125 719.90557861328125 718.24285888671875 716.14764404296875 713.71563720703125 711.392822265625 710.10504150390625 708.7025146484375 707.2974853515625 706.80731201171875 707.1253662109375 707.58740234375 707.92510986328125 708.6624755859375 709.9091796875 710.2061767578125 709.4886474609375 710.3487548828125 712.08880615234375 713.38824462890625 714.558349609375 715.66192626953125 716.30462646484375 716.47161865234375 716.45306396484375 716.60980224609375 716.756591796875 716.32147216796875 715.37506103515625
718.795166015625 720.429931640625 722.31298828125 723.4090576171875 724.18475341796875 724.6165771484375 725.0450439453125 725.29364013671875 725.26788330078125 725.1590576171875 725.09417724609375 725.09808349609375 724.53656005859375 721.79534912109375 719.69427490234375 720.08282470703125 720.426513671875 720.4322509765625 720.2803955078125 719.54534912109375 717.78485107421875 715.63812255859375 713.17840576171875 710.65240478515625 709.29351806640625 707.88592529296875 706.56842041015625 706.3062744140625 706.7781982421875 707.2244873046875 707.506591796875 708.02825927734375 708.70489501953125 708.57012939453125 708.10955810546875 709.3497314453125 711.01751708984375 712.08270263671875 713.3983154296875 714.603271484375 715.0174560546875 715.24664306640625 715.419677734375 715.67791748046875 715.8671875 715.385498046875 714.4915771484375
717.56988525390625 720.14532470703125 722.4376220703125 723.48284912109375 724.375732421875 724.922607421875 725.38470458984375 725.40155029296875 725.07464599609375 724.29144287109375 723.39080810546875 723.0125732421875 722.63775634765625 721.55657958984375 719.842041015625 719.5718994140625 719.5950927734375 719.5216064453125 719.49298095703125 718.94390869140625 717.49871826171875 715.3790283203125 712.5489501953125 709.8914794921875 708.64349365234375 707.25323486328125 705.8397216796875 705.74603271484375 706.3897705078125 706.83831787109375 707.0338134765625 707.3558349609375 707.59912109375 707.4755859375 707.5390625 708.61785888671875 710.0853271484375 711.96881103515625 713.566650390625 714.55316162109375 714.963134765625 715.60980224609375 716.15411376953125 716.33056640625 715.98492431640625 714.99798583984375 714.18511962890625
717.20513916015625 719.865966796875 722.0816650390625 723.0716552734375 723.8487548828125 724.35614013671875 724.81890869140625 724.6893310546875 723.9930419921875 722.4136962890625 720.8685302734375 720.23419189453125 720.0589599609375 719.9471435546875 719.959716796875 720.48394775390625 720.0660400390625 718.63507080078125 718.19207763671875 717.62860107421875 716.55316162109375 714.9561767578125 712.45892333984375 709.86309814453125 708.60992431640625 707.01708984375 705.51715087890625 705.55047607421875 706.1749267578125 706.53466796875 706.700927734375 707.92950439453125 708.6409912109375 708.73773193359375 709.14990234375 710.05084228515625 711.61712646484375 714.5989990234375 716.23455810546875 716.68890380859375 717.07086181640625 718.13238525390625 719.12872314453125 719.36566162109375 718.11376953125 715.927001953125 714.94659423828125
717.4031982421875 719.823974609375 721.53643798828125 722.30523681640625 722.8157958984375 723.15972900390625 723.54388427734375 723.34796142578125 722.3779296875 720.8973388671875 719.4124755859375 718.612060546875 718.5240478515625 718.83892822265625 719.26031494140625 719.95947265625 720.6405029296875 719.61566162109375 718.36309814453125 716.84552001953125 715.71441650390625 714.56317138671875 712.4527587890625 710.2110595703125 708.9239501953125 707.07720947265625 706.47186279296875 707.31903076171875 707.92584228515625 708.13409423828125 708.39141845703125 710.3946533203125 711.582275390625 711.90802001953125 712.57110595703125 713.50384521484375 714.3807373046875 715.66900634765625 716.4853515625 716.70196533203125 716.97308349609375 717.7503662109375 718.5750732421875 718.78363037109375 717.43609619140625 715.30230712890625 714.3223876953125
717.5333251953125 719.56219482421875 720.87127685546875 721.48089599609375 721.894287109375 722.173583984375 722.46295166015625 722.25396728515625 721.34619140625 719.99285888671875 718.2998046875 717.178955078125 716.99920654296875 717.48687744140625 718.075439453125 718.89605712890625 720.07159423828125 720.62152099609375 719.49072265625 717.0560302734375 716.14715576171875 716.01202392578125 714.3106689453125 712.44384765625 711.04266357421875 708.8992919921875 708.553955078125 709.66925048828125 710.28173828125 710.4796142578125 710.68597412109375 711.5321044921875 712.203369140625 712.69281005859375 713.527587890625 714.45648193359375 715.00177001953125 715.510009765625 715.90362548828125 716.077392578125 716.26910400390625 716.49664306640625 716.732177734375 716.62933349609375 715.60504150390625 714.29150390625 713.58624267578125
717.87158203125 719.39788818359375 720.152099609375 720.568115234375 720.89227294921875 721.125 721.33343505859375 721.11688232421875 720.3787841796875 719.11358642578125 717.162353515625 715.71881103515625 715.3673095703125 715.7548828125 716.43927001953125 717.45050048828125 718.94805908203125 720.145751953125 720.0770263671875 718.8253173828125 718.4161376953125 718.50115966796875 716.8507080078125 715.1263427734375 713.72528076171875 711.6287841796875 709.8369140625 709.6258544921875 710.1795654296875 710.53448486328125 710.8017578125 711.36358642578125 712.0577392578125 712.71978759765625 713.5609130859375 714.380859375 714.79888916015625 715.06927490234375 715.1915283203125 715.32867431640625 715.44110107421875 715.27874755859375 715.07183837890625 714.76202392578125 714.04473876953125 713.35845947265625 713.010009765625
