INPUT/RASTER/ASCII_no_standard/BIO14.asc
ncols        225
nrows        269
xllcorner    473009.983799999987
yllcorner    4429051.174800000153
cellsize     50.000000000000
NODATA_value  -9999
[rows 190 to 208 of 269, columns 86 to 128 of 225]
6.8541707992553710938 6.8614749908447265625 6.8667402267456054688 6.8610014915466308594 6.8228206634521484375 6.7704958915710449219 6.730712890625 6.7100014686584472656 6.7061991691589355469 6.7119131088256835938 6.7155013084411621094 6.7027497291564941406 6.6717810630798339844 6.6210293769836425781 6.5833606719970703125 6.5274491310119628906 6.4964704513549804688 6.5060362815856933594 6.4842329025268554688 6.4701828956604003906 6.4899749755859375 6.5208287239074707031 6.5527238845825195313 6.5481700897216796875 6.5062422752380371094 6.4534397125244140625 6.4174113273620605469 6.3653535842895507813 6.3258862495422363281 6.3210353851318359375 6.3626451492309570313 6.4345026016235351563 6.4938602447509765625 6.5690064430236816406 6.6349816322326660156 6.60712432861328125 6.5217428207397460938 6.4362401962280273438 6.3730111122131347656 6.3291454315185546875 6.289608001708984375 6.2876238822937011719 6.2989048957824707031
6.8630175590515136719 6.8715925216674804688 6.8771262168884277344 6.8691997528076171875 6.8289666175842285156 6.7779703140258789063 6.74544525146484375 6.7363109588623046875 6.7429127693176269531 6.7590398788452148438 6.76519012451171875 6.7468495368957519531 6.7030401229858398438 6.6433014869689941406 6.6047835350036621094 6.5451374053955078125 6.4919772148132324219 6.4720835685729980469 6.4436373710632324219 6.4313330650329589844 6.4520540237426757813 6.4933528900146484375 6.5429558753967285156 6.5528244972229003906 6.5226297378540039063 6.4829411506652832031 6.4536533355712890625 6.3976082801818847656 6.3366780281066894531 6.3035955429077148438 6.3278131484985351563 6.3999552726745605469 6.4626646041870117188 6.5385923385620117188 6.6246137619018554688 6.6283135414123535156 6.5500798225402832031 6.4543356895446777344 6.38274383544921875 6.3342471122741699219 6.2857184410095214844 6.2733654975891113281 6.2781605720520019531
6.8697934150695800781 6.8800301551818847656 6.8860545158386230469 6.8780517578125 6.8394503593444824219 6.7927718162536621094 6.7677216529846191406 6.7665281295776367188 6.7761316299438476563 6.7926964759826660156 6.7963056564331054688 6.7705578804016113281 6.7161021232604980469 6.6481652259826660156 6.6089453697204589844 6.5565066337585449219 6.5007596015930175781 6.4597482681274414063 6.4169039726257324219 6.394680023193359375 6.4084620475769042969 6.4552669525146484375 6.5076694488525390625 6.5211701393127441406 6.5065903663635253906 6.4858250617980957031 6.4690594673156738281 6.4229574203491210938 6.3525309562683105469 6.2984271049499511719 6.3022694587707519531 6.3658318519592285156 6.4284176826477050781 6.4988460540771484375 6.59246826171875 6.6277461051940917969 6.5696420669555664063 6.473331451416015625 6.3969273567199707031 6.3433246612548828125 6.2854876518249511719 6.2641873359680175781 6.2643866539001464844
6.8699202537536621094 6.8809809684753417969 6.888210296630859375 6.8845210075378417969 6.8548502922058105469 6.8137359619140625 6.78899383544921875 6.7862181663513183594 6.7923717498779296875 6.7991185188293457031 6.7892413139343261719 6.7524080276489257813 6.6945614814758300781 6.6258497238159179688 6.5867085456848144531 6.5417065620422363281 6.4923005104064941406 6.4437069892883300781 6.3933811187744140625 6.3696737289428710938 6.3855147361755371094 6.43012237548828125 6.4636163711547851563 6.4628949165344238281 6.4524579048156738281 6.44244384765625 6.4363617897033691406 6.4114871025085449219 6.3518738746643066406 6.295116424560546875 6.2841162681579589844 6.3287739753723144531 6.383228302001953125 6.4475312232971191406 6.5391583442687988281 6.5917172431945800781 6.559429168701171875 6.4780869483947753906 6.4048790931701660156 6.3485617637634277344 6.2845897674560546875 6.2576661109924316406 6.2558083534240722656
6.8588957786560058594 6.8729486465454101563 6.8843255043029785156 6.887630462646484375 6.8706197738647460938 6.8361706733703613281 6.8074421882629394531 6.7994031906127929688 6.7996039390563964844 6.7906894683837890625 6.7581024169921875 6.7031884193420410156 6.638278961181640625 6.5685124397277832031 6.5290164947509765625 6.482402801513671875 6.4322443008422851563 6.38590240478515625 6.3546619415283203125 6.358730316162109375 6.386486053466796875 6.4164524078369140625 6.4141721725463867188 6.3862104415893554688 6.3665299415588378906 6.355663299560546875 6.3537235260009765625 6.352619171142578125 6.3239865303039550781 6.2848839759826660156 6.2669796943664550781 6.2856736183166503906 6.3233098983764648438 6.3802928924560546875 6.4614095687866210938 6.5161294937133789063 6.5165128707885742188 6.4652161598205566406 6.4023895263671875 6.3457026481628417969 6.2786283493041992188 6.2489042282104492188 6.24810791015625
6.8380250930786132813 6.8581395149230957031 6.8768148422241210938 6.8862619400024414063 6.8755106925964355469 6.8428239822387695313 6.8137707710266113281 6.8057265281677246094 6.8034291267395019531 6.7839679718017578125 6.7352480888366699219 6.6626834869384765625 6.5779886245727539063 6.4917478561401367188 6.4450659751892089844 6.3932065963745117188 6.3482384681701660156 6.32852935791015625 6.3501200675964355469 6.3858656883239746094 6.4062108993530273438 6.4038367271423339844 6.3730187416076660156 6.3344068527221679688 6.3076562881469726563 6.2944536209106445313 6.2922201156616210938 6.2958288192749023438 6.2891135215759277344 6.2732591629028320313 6.2599229812622070313 6.2636151313781738281 6.2819046974182128906 6.3212156295776367188 6.3844561576843261719 6.4434099197387695313 6.469409942626953125 6.43889617919921875 6.3851962089538574219 6.3307962417602539063 6.262248992919921875 6.2322087287902832031 6.2394533157348632813
6.8375754356384277344 6.8554339408874511719 6.8744397163391113281 6.8812766075134277344 6.8675632476806640625 6.8354315757751464844 6.8118176460266113281 6.8078603744506835938 6.8036322593688964844 6.7751483917236328125 6.714458465576171875 6.632946014404296875 6.5356292724609375 6.4316968917846679688 6.3724513053894042969 6.311031341552734375 6.2770071029663085938 6.2954378128051757813 6.3608050346374511719 6.4012761116027832031 6.4028620719909667969 6.3745284080505371094 6.3337297439575195313 6.3029394149780273438 6.2790141105651855469 6.263790130615234375 6.2600812911987304688 6.2663106918334960938 6.2732052803039550781 6.2720685005187988281 6.2651944160461425781 6.2620282173156738281 6.2655658721923828125 6.2798285484313964844 6.3133053779602050781 6.3683462142944335938 6.4072904586791992188 6.3935971260070800781 6.3564047813415527344 6.3099527359008789063 6.2401781082153320313 6.2101769447326660156 6.2296319007873535156
6.8480868339538574219 6.8594870567321777344 6.8704228401184082031 6.8690814971923828125 6.8482985496520996094 6.8195400238037109375 6.8069291114807128906 6.8100771903991699219 6.8013291358947753906 6.7603182792663574219 6.6892242431640625 6.6063623428344726563 6.5130162239074707031 6.4096231460571289063 6.3446698188781738281 6.2715320587158203125 6.2406783103942871094 6.2743272781372070313 6.3380174636840820313 6.3699665069580078125 6.3657107353210449219 6.3354172706604003906 6.3033838272094726563 6.2855172157287597656 6.2688155174255371094 6.2506399154663085938 6.2444729804992675781 6.2549080848693847656 6.2720136642456054688 6.2812380790710449219 6.2807245254516601563 6.2725629806518554688 6.2641401290893554688 6.2556829452514648438 6.2561731338500976563 6.29409027099609375 6.3394446372985839844 6.3477940559387207031 6.3283448219299316406 6.2913608551025390625 6.2233939170837402344 6.1910533905029296875 6.2169280052185058594
6.8479285240173339844 6.8555583953857421875 6.8596820831298828125 6.8551201820373535156 6.8322024345397949219 6.80138397216796875 6.7913141250610351563 6.7982735633850097656 6.7869844436645507813 6.737323760986328125 6.6625504493713378906 6.5816016197204589844 6.4984602928161621094 6.4055953025817871094 6.3430271148681640625 6.2633223533630371094 6.2249102592468261719 6.25738525390625 6.3046350479125976563 6.3215184211730957031 6.3148488998413085938 6.2933735847473144531 6.2786612510681152344 6.2753424644470214844 6.2657027244567871094 6.2441730499267578125 6.234405517578125 6.2482709884643554688 6.2754321098327636719 6.296634674072265625 6.3065462112426757813 6.294979095458984375 6.2756419181823730469 6.2499752044677734375 6.2202005386352539063 6.2315192222595214844 6.2764372825622558594 6.301143646240234375 6.2948050498962402344 6.2687244415283203125 6.2086400985717773438 6.175167083740234375 6.2035489082336425781
6.8350620269775390625 6.83580780029296875 6.8357782363891601563 6.8351383209228515625 6.8212418556213378906 6.7854495048522949219 6.7547245025634765625 6.7436509132385253906 6.7230215072631835938 6.6746335029602050781 6.6097483634948730469 6.5377659797668457031 6.4719381332397460938 6.3976769447326660156 6.342437744140625 6.2637948989868164063 6.2140169143676757813 6.2312641143798828125 6.2599916458129882813 6.2610063552856445313 6.2525382041931152344 6.2436938285827636719 6.2516126632690429688 6.2637124061584472656 6.2563505172729492188 6.2318835258483886719 6.223049163818359375 6.2460727691650390625 6.2854056358337402344 6.3211088180541992188 6.348407745361328125 6.3397135734558105469 6.3113541603088378906 6.2729120254516601563 6.2159738540649414063 6.1838717460632324219 6.2024097442626953125 6.2277231216430664063 6.2321848869323730469 6.2191972732543945313 6.1807646751403808594 6.1668858528137207031 6.2016253471374511719
6.8025050163269042969 6.7887945175170898438 6.7834706306457519531 6.7874484062194824219 6.7940325736999511719 6.7710232734680175781 6.7135763168334960938 6.6630873680114746094 6.6098546981811523438 6.5506558418273925781 6.5036802291870117188 6.4522538185119628906 6.4057736396789550781 6.355091094970703125 6.3155117034912109375 6.2505412101745605469 6.19243621826171875 6.1807384490966796875 6.1928772926330566406 6.1903705596923828125 6.18361663818359375 6.1884570121765136719 6.218090057373046875 6.2402029037475585938 6.2299394607543945313 6.2026796340942382813 6.2011656761169433594 6.2428135871887207031 6.2944016456604003906 6.3413100242614746094 6.3799009323120117188 6.3744974136352539063 6.3412342071533203125 6.29473114013671875 6.2211027145385742188 6.1560320854187011719 6.136188507080078125 6.1527080535888671875 6.1721177101135253906 6.1742229461669921875 6.1639423370361328125 6.1772084236145019531 6.216510772705078125
6.7589621543884277344 6.7313938140869140625 6.7192564010620117188 6.7214260101318359375 6.7413043975830078125 6.7437796592712402344 6.6882476806640625 6.6200070381164550781 6.5406842231750488281 6.4573292732238769531 6.4089832305908203125 6.3677887916564941406 6.3305692672729492188 6.2955560684204101563 6.2715153694152832031 6.2273187637329101563 6.1731171607971191406 6.1378941535949707031 6.1350150108337402344 6.1354775428771972656 6.1330595016479492188 6.1451373100280761719 6.1798238754272460938 6.2026357650756835938 6.1927442550659179688 6.167522430419921875 6.1738047599792480469 6.2306447029113769531 6.2881340980529785156 6.3373022079467773438 6.3715081214904785156 6.3632268905639648438 6.33036041259765625 6.2828507423400878906 6.2058696746826171875 6.1387729644775390625 6.1101317405700683594 6.1271524429321289063 6.1596684455871582031 6.1718010902404785156 6.175018310546875 6.1939072608947753906 6.2314467430114746094
6.7160787582397460938 6.6818084716796875 6.6625499725341796875 6.6579732894897460938 6.67792510986328125 6.6952347755432128906 6.6613907814025878906 6.6079001426696777344 6.5330348014831542969 6.4352717399597167969 6.3646311759948730469 6.3127040863037109375 6.2744784355163574219 6.2472100257873535156 6.232147216796875 6.2062311172485351563 6.1670422554016113281 6.1244354248046875 6.1071734428405761719 6.1068224906921386719 6.1072859764099121094 6.1179232597351074219 6.1409611701965332031 6.1565809249877929688 6.1507997512817382813 6.1350035667419433594 6.147052764892578125 6.2082219123840332031 6.2642331123352050781 6.3068828582763671875 6.3300848007202148438 6.318866729736328125 6.2917990684509277344 6.2518458366394042969 6.1813917160034179688 6.1215596199035644531 6.1026868820190429688 6.1223101615905761719 6.1545891761779785156 6.1695618629455566406 6.1768159866333007813 6.1955099105834960938 6.2314853668212890625
6.6763353347778320313 6.6424465179443359375 6.6157655715942382813 6.6013388633728027344 6.6138682365417480469 6.6308841705322265625 6.6132502555847167969 6.5774197578430175781 6.5179839134216308594 6.4200434684753417969 6.333141326904296875 6.2685360908508300781 6.2265033721923828125 6.2062420845031738281 6.2001447677612304688 6.189540863037109375 6.1608109474182128906 6.1150422096252441406 6.0869441032409667969 6.0843439102172851563 6.0868973731994628906 6.0972137451171875 6.1100435256958007813 6.111850738525390625 6.1054620742797851563 6.1027903556823730469 6.1195058822631835938 6.1727910041809082031 6.2180881500244140625 6.2485971450805664063 6.2609806060791015625 6.2521948814392089844 6.2354130744934082031 6.2076630592346191406 6.1526317596435546875 6.1059775352478027344 6.0975575447082519531 6.1146855354309082031 6.1343927383422851563 6.1513743400573730469 6.1642155647277832031 6.1844205856323242188 6.2158312797546386719
6.6435847282409667969 6.6168231964111328125 6.5821824073791503906 6.5542969703674316406 6.5498328208923339844 6.5557494163513183594 6.5456418991088867188 6.5256514549255371094 6.48131561279296875 6.3907904624938964844 6.3051538467407226563 6.2399168014526367188 6.1931796073913574219 6.1736745834350585938 6.1699771881103515625 6.1654210090637207031 6.1426935195922851563 6.101177215576171875 6.0715594291687011719 6.0666756629943847656 6.0708441734313964844 6.0842075347900390625 6.0925049781799316406 6.0806384086608886719 6.0662188529968261719 6.0708203315734863281 6.0896463394165039063 6.1283388137817382813 6.1573920249938964844 6.1756486892700195313 6.182308197021484375 6.1784758567810058594 6.1698522567749023438 6.1521329879760742188 6.1161265373229980469 6.0960292816162109375 6.1098613739013671875 6.1315064430236816406 6.1426944732666015625 6.1507458686828613281 6.159175872802734375 6.1737966537475585938 6.2004227638244628906
6.5994215011596679688 6.5842928886413574219 6.5510230064392089844 6.5175104141235351563 6.4997711181640625 6.4932508468627929688 6.4840106964111328125 6.471645355224609375 6.4331383705139160156 6.3442740440368652344 6.2694520950317382813 6.2169737815856933594 6.1734805107116699219 6.1532297134399414063 6.1435656547546386719 6.1314139366149902344 6.1107029914855957031 6.0809378623962402344 6.0564970970153808594 6.0490937232971191406 6.0552506446838378906 6.07212066650390625 6.0782446861267089844 6.0609788894653320313 6.0403079986572265625 6.0407991409301757813 6.0531258583068847656 6.0748195648193359375 6.0901427268981933594 6.0992374420166015625 6.1050367355346679688 6.1078472137451171875 6.1060290336608886719 6.0995068550109863281 6.0936565399169921875 6.1145586967468261719 6.1553106307983398438 6.1808462142944335938 6.190265655517578125 6.1908388137817382813 6.1839938163757324219 6.1825308799743652344 6.2023196220397949219
6.5296492576599121094 6.5296468734741210938 6.5120849609375 6.4924449920654296875 6.4785742759704589844 6.4675750732421875 6.4546618461608886719 6.4413251876831054688 6.4020867347717285156 6.31560516357421875 6.2511692047119140625 6.2110486030578613281 6.1748323440551757813 6.1552724838256835938 6.1384763717651367188 6.1124339103698730469 6.0862607955932617188 6.0624966621398925781 6.0404038429260253906 6.030193328857421875 6.0371670722961425781 6.0556807518005371094 6.0612030029296875 6.0427498817443847656 6.0214223861694335938 6.0177578926086425781 6.0233354568481445313 6.0337052345275878906 6.0400414466857910156 6.04569244384765625 6.0553355216979980469 6.0669360160827636719 6.0727663040161132813 6.0832033157348632813 6.11612701416015625 6.1710343360900878906 6.2251400947570800781 6.2511138916015625 6.2594347000122070313 6.2537546157836914063 6.2301883697509765625 6.2085008621215820313 6.2132620811462402344
6.4530386924743652344 6.4653940200805664063 6.4690294265747070313 6.4767551422119140625 6.4818277359008789063 6.4765863418579101563 6.4607834815979003906 6.44293975830078125 6.4055242538452148438 6.33411407470703125 6.276622772216796875 6.2368383407592773438 6.20192718505859375 6.1822543144226074219 6.1605730056762695313 6.1238741874694824219 6.0923681259155273438 6.0677828788757324219 6.0407195091247558594 6.024868011474609375 6.0247716903686523438 6.0330324172973632813 6.0351758003234863281 6.0188174247741699219 6.0067844390869140625 6.011474609375 6.0184559822082519531 6.0280470848083496094 6.0339303016662597656 6.0426282882690429688 6.0597262382507324219 6.0808672904968261719 6.0961956977844238281 6.1253914833068847656 6.1854333877563476563 6.2478475570678710938 6.2970733642578125 6.3171353340148925781 6.3199191093444824219 6.3054852485656738281 6.2718930244445800781 6.2381067276000976563 6.2253513336181640625
6.4012775421142578125 6.4182920455932617188 6.4388327598571777344 6.4732484817504882813 6.5034608840942382813 6.5074310302734375 6.4918737411499023438 6.4720101356506347656 6.4405179023742675781 6.3839802742004394531 6.3304185867309570313 6.2870721817016601563 6.2483820915222167969 6.2255773544311523438 6.1984405517578125 6.158641815185546875 6.1310396194458007813 6.1075615882873535156 6.0682458877563476563 6.0373558998107910156 6.0204362869262695313 6.0048208236694335938 5.9995369911193847656 5.9948053359985351563 6.0053873062133789063 6.0299310684204101563 6.0457592010498046875 6.0629901885986328125 6.0735459327697753906 6.0863652229309082031 6.11098480224609375 6.1433138847351074219 6.170520782470703125 6.2125782966613769531 6.2804174423217773438 6.3385300636291503906 6.3762269020080566406 6.3872728347778320313 6.3824682235717773438 6.3570599555969238281 6.3169579505920410156 6.278125762939453125 6.2503709793090820313
