INPUT/RASTER/ASCII_no_standard/BIO14.asc
ncols        225
nrows        269
xllcorner    473009.983799999987
yllcorner    4429051.174800000153
cellsize     50.000000000000
NODATA_value  -9999
[rows 209 to 227 of 269, columns 129 to 171 of 225]
6.2798123359680175781 6.3047199249267578125 6.3589010238647460938 6.429782867431640625 6.4956927299499511719 6.5643491744995117188 6.6409358978271484375 6.6988768577575683594 6.72308349609375 6.7251296043395996094 6.7141551971435546875 6.70723724365234375 6.7064218521118164063 6.7086210250854492188 6.7110648155212402344 6.7175989151000976563 6.7263278961181640625 6.7377061843872070313 6.7511668205261230469 6.763332366943359375 6.7696232795715332031 6.7754492759704589844 6.7774505615234375 6.7764949798583984375 6.7756938934326171875 6.7759099006652832031 6.7766566276550292969 6.7782931327819824219 6.7795748710632324219 6.7816662788391113281 6.784423828125 6.7697734832763671875 6.7382082939147949219 6.7214021682739257813 6.7069840431213378906 6.7035188674926757813 6.7046051025390625 6.7055263519287109375 6.7054290771484375 6.7040128707885742188 6.6996760368347167969 6.69400787353515625 6.6846327781677246094
6.3142714500427246094 6.3195824623107910156 6.3588480949401855469 6.4197878837585449219 6.4830951690673828125 6.545932769775390625 6.6117510795593261719 6.6658587455749511719 6.6934418678283691406 6.7051014900207519531 6.7019515037536621094 6.698253631591796875 6.6976084709167480469 6.6987962722778320313 6.7012481689453125 6.7071022987365722656 6.7153630256652832031 6.7269687652587890625 6.7408728599548339844 6.7528252601623535156 6.7591853141784667969 6.7660784721374511719 6.7687106132507324219 6.7682523727416992188 6.7674870491027832031 6.7681035995483398438 6.7694921493530273438 6.7728719711303710938 6.77674102783203125 6.7805151939392089844 6.7831068038940429688 6.7670984268188476563 6.7346591949462890625 6.7164373397827148438 6.7000994682312011719 6.6949305534362792969 6.6946926116943359375 6.6929216384887695313 6.6913509368896484375 6.6889901161193847656 6.6853961944580078125 6.6817150115966796875 6.6756043434143066406
6.3760561943054199219 6.3658232688903808594 6.3807239532470703125 6.4157786369323730469 6.4710288047790527344 6.5340032577514648438 6.5928859710693359375 6.6401743888854980469 6.6671748161315917969 6.6838397979736328125 6.6847958564758300781 6.6841311454772949219 6.6851439476013183594 6.6861104965209960938 6.6885867118835449219 6.6946215629577636719 6.7028565406799316406 6.7142496109008789063 6.7288374900817871094 6.7415795326232910156 6.7483549118041992188 6.7555675506591796875 6.7581486701965332031 6.7578520774841308594 6.7575287818908691406 6.7591443061828613281 6.7617969512939453125 6.7668676376342773438 6.7730536460876464844 6.7799024581909179688 6.7830228805541992188 6.7611341476440429688 6.727573394775390625 6.7097296714782714844 6.69213104248046875 6.6839604377746582031 6.680904388427734375 6.6758589744567871094 6.6725735664367675781 6.6694478988647460938 6.6680064201354980469 6.6674256324768066406 6.6643724441528320313
6.448322296142578125 6.4279627799987792969 6.4191327095031738281 6.4280753135681152344 6.4739284515380859375 6.5379576683044433594 6.5945219993591308594 6.63179779052734375 6.6516637802124023438 6.6654467582702636719 6.666919708251953125 6.66765594482421875 6.6695103645324707031 6.6704721450805664063 6.6729192733764648438 6.6802182197570800781 6.6895794868469238281 6.7013669013977050781 6.7171411514282226563 6.7309975624084472656 6.7383322715759277344 6.7453546524047851563 6.74741363525390625 6.7469363212585449219 6.7475876808166503906 6.7506203651428222656 6.7539162635803222656 6.7604074478149414063 6.7688441276550292969 6.7792410850524902344 6.7850050926208496094 6.75734710693359375 6.7209029197692871094 6.7024784088134765625 6.68265533447265625 6.670501708984375 6.66425323486328125 6.6603627204895019531 6.65811920166015625 6.6555190086364746094 6.6548180580139160156 6.65582275390625 6.6555023193359375
6.5056924819946289063 6.4826407432556152344 6.4671998023986816406 6.46652984619140625 6.4998407363891601563 6.5574049949645996094 6.6113348007202148438 6.6372714042663574219 6.6473751068115234375 6.653606414794921875 6.6536107063293457031 6.6535716056823730469 6.6536488533020019531 6.6537456512451171875 6.6573152542114257813 6.6670169830322265625 6.67874908447265625 6.6924386024475097656 6.7095675468444824219 6.7238259315490722656 6.7318515777587890625 6.7391266822814941406 6.7400064468383789063 6.7385735511779785156 6.7396478652954101563 6.7441720962524414063 6.7485356330871582031 6.7563996315002441406 6.76619720458984375 6.7778406143188476563 6.7840070724487304688 6.7524304389953613281 6.712703704833984375 6.6939554214477539063 6.6730175018310546875 6.6578302383422851563 6.6494426727294921875 6.6459584236145019531 6.6452131271362304688 6.6459951400756835938 6.6463308334350585938 6.6476178169250488281 6.6503071784973144531
6.5556344985961914063 6.5361166000366210938 6.5221204757690429688 6.5169277191162109375 6.5352954864501953125 6.5792875289916992188 6.6238007545471191406 6.6399874687194824219 6.6439576148986816406 6.6437106132507324219 6.641361236572265625 6.6397814750671386719 6.6368255615234375 6.6351761817932128906 6.640422821044921875 6.6535258293151855469 6.6685113906860351563 6.6847300529479980469 6.7028074264526367188 6.7171664237976074219 6.7253437042236328125 6.7328557968139648438 6.7330861091613769531 6.7314620018005371094 6.7329163551330566406 6.7391252517700195313 6.7450699806213378906 6.7538590431213378906 6.7640252113342285156 6.7738280296325683594 6.7736525535583496094 6.7392930984497070313 6.7002763748168945313 6.6832971572875976563 6.6640229225158691406 6.647182464599609375 6.635410308837890625 6.6306133270263671875 6.6305360794067382813 6.6348743438720703125 6.6389741897583007813 6.6421437263488769531 6.6464695930480957031
6.5984406471252441406 6.5877904891967773438 6.575237274169921875 6.5640149116516113281 6.5695109367370605469 6.5989732742309570313 6.628711700439453125 6.6357655525207519531 6.6361241340637207031 6.6342191696166992188 6.6309180259704589844 6.6280565261840820313 6.6226487159729003906 6.6197133064270019531 6.6252956390380859375 6.6407361030578613281 6.6582016944885253906 6.6765041351318359375 6.6950559616088867188 6.7093377113342285156 6.7164072990417480469 6.7224550247192382813 6.7228503227233886719 6.7232136726379394531 6.7270078659057617188 6.7349557876586914063 6.7417340278625488281 6.7513704299926757813 6.7615284919738769531 6.7678790092468261719 6.7596430778503417969 6.725078582763671875 6.691009521484375 6.6752443313598632813 6.6568741798400878906 6.6378922462463378906 6.61995697021484375 6.6102318763732910156 6.6086363792419433594 6.6165423393249511719 6.6295986175537109375 6.6374559402465820313 6.6336841583251953125
6.6296491622924804688 6.6315979957580566406 6.62306976318359375 6.6050543785095214844 6.6008534431457519531 6.6157355308532714844 6.6271314620971679688 6.627170562744140625 6.6259179115295410156 6.624053955078125 6.6205449104309082031 6.6170058250427246094 6.6105785369873046875 6.6069912910461425781 6.6117777824401855469 6.6275224685668945313 6.64569091796875 6.663707733154296875 6.6837105751037597656 6.6995801925659179688 6.7051587104797363281 6.7073221206665039063 6.7075610160827636719 6.7111797332763671875 6.7187366485595703125 6.7288408279418945313 6.7361559867858886719 6.7466731071472167969 6.75732421875 6.7613677978515625 6.7489147186279296875 6.7157578468322753906 6.6860899925231933594 6.6696414947509765625 6.6489572525024414063 6.6263489723205566406 6.5943741798400878906 6.5573554039001464844 6.541332244873046875 6.5487656593322753906 6.5794053077697753906 6.6028380393981933594 6.5832529067993164063
6.6283621788024902344 6.6332244873046875 6.6296930313110351563 6.6171789169311523438 6.6108856201171875 6.612850189208984375 6.6125702857971191406 6.61156463623046875 6.6117639541625976563 6.611743927001953125 6.6068935394287109375 6.6011691093444824219 6.5934133529663085938 6.5889143943786621094 6.5938210487365722656 6.6097879409790039063 6.6255249977111816406 6.6431150436401367188 6.669155120849609375 6.6882796287536621094 6.6910381317138671875 6.6869664192199707031 6.6861233711242675781 6.6931705474853515625 6.703983306884765625 6.7167530059814453125 6.7254910469055175781 6.7365617752075195313 6.7472691535949707031 6.7504596710205078125 6.7385549545288085938 6.70565032958984375 6.6763620376586914063 6.6606082916259765625 6.6398673057556152344 6.6134524345397949219 6.5518007278442382813 6.4518785476684570313 6.4007749557495117188 6.4000873565673828125 6.4476485252380371094 6.4915618896484375 6.4750766754150390625
6.6021924018859863281 6.6016588211059570313 6.6014661788940429688 6.5981268882751464844 6.5913782119750976563 6.5848989486694335938 6.5822534561157226563 6.585063934326171875 6.5905146598815917969 6.5945181846618652344 6.5890641212463378906 6.5814657211303710938 6.5743584632873535156 6.5708308219909667969 6.5760092735290527344 6.5911040306091308594 6.6061787605285644531 6.6257963180541992188 6.6561803817749023438 6.6758446693420410156 6.6767530441284179688 6.6705098152160644531 6.6710944175720214844 6.6797962188720703125 6.6913118362426757813 6.7052273750305175781 6.714641571044921875 6.7260508537292480469 6.7375378608703613281 6.7428522109985351563 6.73229217529296875 6.6978507041931152344 6.6683635711669921875 6.6539964675903320313 6.6356835365295410156 6.6076617240905761719 6.5268473625183105469 6.3954873085021972656 6.3263444900512695313 6.3140439987182617188 6.3523373603820800781 6.3941249847412109375 6.4035558700561523438
6.5762176513671875 6.5704340934753417969 6.5705614089965820313 6.5704331398010253906 6.5649271011352539063 6.5570363998413085938 6.5548844337463378906 6.559566497802734375 6.5686960220336914063 6.5749945640563964844 6.5688891410827636719 6.5616955757141113281 6.557888031005859375 6.558147430419921875 6.5652685165405273438 6.5791044235229492188 6.5925021171569824219 6.6122646331787109375 6.6425380706787109375 6.660419464111328125 6.6611766815185546875 6.6565117835998535156 6.6602087020874023438 6.6704115867614746094 6.6819810867309570313 6.6954741477966308594 6.7043700218200683594 6.7163567543029785156 6.7294545173645019531 6.7381558418273925781 6.7302289009094238281 6.6961913108825683594 6.6687784194946289063 6.6519899368286132813 6.6348528861999511719 6.60967254638671875 6.5306940078735351563 6.384883880615234375 6.2955136299133300781 6.2663507461547851563 6.2984290122985839844 6.3537011146545410156 6.3996844291687011719
6.5511584281921386719 6.5421996116638183594 6.5406122207641601563 6.5413637161254882813 6.5390534400939941406 6.533313751220703125 6.5312809944152832031 6.5347371101379394531 6.5433230400085449219 6.5492544174194335938 6.5434565544128417969 6.5393385887145996094 6.5411677360534667969 6.54596710205078125 6.5550074577331542969 6.568943023681640625 6.5817465782165527344 6.6011147499084472656 6.6302118301391601563 6.6479969024658203125 6.6486530303955078125 6.6449351310729980469 6.650600433349609375 6.6618623733520507813 6.6730618476867675781 6.6857390403747558594 6.6941518783569335938 6.7062039375305175781 6.7205038070678710938 6.731784820556640625 6.7271800041198730469 6.6968264579772949219 6.6743855476379394531 6.6529111862182617188 6.6356363296508789063 6.6146535873413085938 6.5489153861999511719 6.3903589248657226563 6.2668175697326660156 6.2109155654907226563 6.2446775436401367188 6.3373689651489257813 6.4334883689880371094
6.5263619422912597656 6.5192189216613769531 6.5173320770263671875 6.5176424980163574219 6.5169324874877929688 6.5140976905822753906 6.5129113197326660156 6.5143246650695800781 6.5184817314147949219 6.5210957527160644531 6.5168814659118652344 6.5168552398681640625 6.5240869522094726563 6.5319781303405761719 6.5421380996704101563 6.5568013191223144531 6.5710935592651367188 6.5926976203918457031 6.6199688911437988281 6.6361894607543945313 6.6366848945617675781 6.6329555511474609375 6.6392464637756347656 6.6516356468200683594 6.6625742912292480469 6.6746277809143066406 6.682689666748046875 6.6942090988159179688 6.7087926864624023438 6.720184326171875 6.7178874015808105469 6.6945452690124511719 6.6771073341369628906 6.6561374664306640625 6.6382293701171875 6.6200242042541503906 6.5750436782836914063 6.434444427490234375 6.289730072021484375 6.1767096519470214844 6.1759819984436035156 6.2970685958862304688 6.459503173828125
6.5062456130981445313 6.5015506744384765625 6.5006537437438964844 6.4996867179870605469 6.4988245964050292969 6.4979763031005859375 6.4972014427185058594 6.4975037574768066406 6.4993014335632324219 6.4988617897033691406 6.4946465492248535156 6.4968023300170898438 6.5065903663635253906 6.5159931182861328125 6.5282993316650390625 6.5446710586547851563 6.5608396530151367188 6.5842304229736328125 6.6086583137512207031 6.6205530166625976563 6.6189379692077636719 6.6126160621643066406 6.6209940910339355469 6.6373767852783203125 6.6497707366943359375 6.6616525650024414063 6.6694955825805664063 6.6803460121154785156 6.6937365531921386719 6.7044086456298828125 6.7036814689636230469 6.688159942626953125 6.67529296875 6.6572613716125488281 6.6385602951049804688 6.6152601242065429688 6.5842547416687011719 6.5068840980529785156 6.392040252685546875 6.21007537841796875 6.1331076622009277344 6.2314772605895996094 6.4313993453979492188
6.4934744834899902344 6.4891357421875 6.4874858856201171875 6.4847760200500488281 6.4828753471374511719 6.4813036918640136719 6.4796366691589355469 6.4789805412292480469 6.4772219657897949219 6.4723677635192871094 6.4703669548034667969 6.4763827323913574219 6.4881110191345214844 6.4978094100952148438 6.5125217437744140625 6.5309615135192871094 6.5473604202270507813 6.56644439697265625 6.5861420631408691406 6.5951466560363769531 6.5919585227966308594 6.5831999778747558594 6.5942254066467285156 6.6154165267944335938 6.6307959556579589844 6.6433787345886230469 6.6510243415832519531 6.6611390113830566406 6.6735548973083496094 6.6839289665222167969 6.6857190132141113281 6.6763820648193359375 6.6680874824523925781 6.6543607711791992188 6.6323070526123046875 6.584255218505859375 6.512760162353515625 6.4342193603515625 6.3514409065246582031 6.2088446617126464844 6.1457648277282714844 6.2391119003295898438 6.4309825897216796875
6.4857354164123535156 6.4806923866271972656 6.4778790473937988281 6.4739923477172851563 6.470794677734375 6.4681611061096191406 6.4656534194946289063 6.4634790420532226563 6.4583063125610351563 6.4503173828125 6.4500970840454101563 6.459011077880859375 6.4724941253662109375 6.4838590621948242188 6.4992055892944335938 6.5176119804382324219 6.5322523117065429688 6.5469646453857421875 6.5624804496765136719 6.5696434974670410156 6.5663242340087890625 6.560237884521484375 6.5726318359375 6.5944452285766601563 6.611698150634765625 6.6245284080505371094 6.6315097808837890625 6.6407623291015625 6.6532034873962402344 6.6649708747863769531 6.6706209182739257813 6.6665172576904296875 6.6610474586486816406 6.6499896049499511719 6.6226639747619628906 6.5438275337219238281 6.42139434814453125 6.3093748092651367188 6.2384748458862304688 6.1675972938537597656 6.1661105155944824219 6.2812480926513671875 6.4582781791687011719
6.4795079231262207031 6.4739851951599121094 6.4706387519836425781 6.4668731689453125 6.4640607833862304688 6.4608607292175292969 6.4574913978576660156 6.4549231529235839844 6.4483428001403808594 6.4392561912536621094 6.4381608963012695313 6.4466509819030761719 6.4613432884216308594 6.4743876457214355469 6.4903531074523925781 6.5074915885925292969 6.5195789337158203125 6.532138824462890625 6.5442895889282226563 6.5495877265930175781 6.5475850105285644531 6.547534942626953125 6.5611391067504882813 6.581165313720703125 6.5980253219604492188 6.6102347373962402344 6.6162729263305664063 6.6241536140441894531 6.6368060111999511719 6.650814056396484375 6.661670684814453125 6.6608648300170898438 6.6564111709594726563 6.6464886665344238281 6.6145815849304199219 6.5172314643859863281 6.370639801025390625 6.2421889305114746094 6.1803593635559082031 6.148807525634765625 6.1799273490905761719 6.3191847801208496094 6.4903464317321777344
6.4720587730407714844 6.4664473533630371094 6.4631485939025878906 6.4602599143981933594 6.4579515457153320313 6.4551849365234375 6.4526276588439941406 6.4502348899841308594 6.4419751167297363281 6.4294281005859375 6.4260206222534179688 6.4337687492370605469 6.4485516548156738281 6.46173095703125 6.4792532920837402344 6.4964919090270996094 6.5065212249755859375 6.5168085098266601563 6.5273218154907226563 6.5312037467956542969 6.529888153076171875 6.5339202880859375 6.5498189926147460938 6.5697989463806152344 6.5857334136962890625 6.5972309112548828125 6.6030001640319824219 6.6100354194641113281 6.6223845481872558594 6.6385149955749511719 6.6540780067443847656 6.6538476943969726563 6.6502041816711425781 6.6424951553344726563 6.6063337326049804688 6.4929118156433105469 6.3305311203002929688 6.1948084831237792969 6.1409244537353515625 6.1329202651977539063 6.184906005859375 6.3306975364685058594 6.4997339248657226563
6.463306427001953125 6.4577412605285644531 6.4546685218811035156 6.4529695510864257813 6.4516954421997070313 6.4509310722351074219 6.4500851631164550781 6.4482240676879882813 6.4384202957153320313 6.4202628135681152344 6.4141559600830078125 6.4211421012878417969 6.4335470199584960938 6.4452681541442871094 6.4640703201293945313 6.4829497337341308594 6.4923009872436523438 6.5023036003112792969 6.5141935348510742188 6.5189185142517089844 6.5179300308227539063 6.5225667953491210938 6.5393524169921875 6.5590443611145019531 6.5736818313598632813 6.5847735404968261719 6.5911226272583007813 6.5991139411926269531 6.6111240386962890625 6.627597808837890625 6.6429200172424316406 6.6412653923034667969 6.6390538215637207031 6.6335291862487792969 6.5872035026550292969 6.4486212730407714844 6.2698845863342285156 6.1408481597900390625 6.0996828079223632813 6.1133112907409667969 6.181186676025390625 6.3123579025268554688 6.47695159912109375
