INPUT/RASTER/ASCII_no_standard/BIO13.asc
ncols        225
nrows        269
xllcorner    473009.983799999987
yllcorner    4429051.174800000153
cellsize     50.000000000000
NODATA_value  -9999
[rows 228 to 246 of 269, columns 132 to 175 of 225]
100.24298095703125 100.20078277587890625 100.17121124267578125 100.1348419189453125 100.09991455078125 99.98604583740234375 99.7795867919921875 99.6793670654296875 99.68311309814453125 99.7104339599609375 99.753265380859375 99.8558502197265625 99.964385986328125 100.000213623046875 100.05072784423828125 100.12403106689453125 100.14554595947265625 100.1222991943359375 100.11865234375 100.18445587158203125 100.261810302734375 100.315399169921875 100.35433197021484375 100.3785247802734375 100.4092559814453125 100.45494842529296875 100.52472686767578125 100.579071044921875 100.54180145263671875 100.52187347412109375 100.41046142578125 99.84125518798828125 98.5730743408203125 97.193389892578125 96.35009002685546875 96.147216796875 96.411376953125 97.00966644287109375 97.84410858154296875 98.9475250244140625 99.85002899169921875 100.14566802978515625 100.18085479736328125 100.069061279296875
100.1688690185546875 100.14209747314453125 100.1255035400390625 100.08701324462890625 100.0376434326171875 99.8907318115234375 99.6749725341796875 99.569976806640625 99.55673980712890625 99.5654296875 99.59775543212890625 99.69445037841796875 99.79952239990234375 99.85467529296875 99.925689697265625 100.01061248779296875 100.0363616943359375 100.0214691162109375 100.0297698974609375 100.074859619140625 100.1078948974609375 100.14221954345703125 100.16638946533203125 100.183502197265625 100.2130126953125 100.2415313720703125 100.28543853759765625 100.34963226318359375 100.3883056640625 100.3713836669921875 100.05059814453125 99.09180450439453125 97.70995330810546875 96.474334716796875 95.76860809326171875 95.68711090087890625 96.1764678955078125 97.05393218994140625 98.023895263671875 99.10272216796875 99.858367919921875 100.089019775390625 100.0513458251953125 99.4517669677734375
100.07447052001953125 100.088623046875 100.0725555419921875 100.0136566162109375 99.92584991455078125 99.7311859130859375 99.504364013671875 99.388641357421875 99.3748321533203125 99.4018707275390625 99.43840789794921875 99.51360321044921875 99.61052703857421875 99.699249267578125 99.79389190673828125 99.84014892578125 99.822235107421875 99.81258392333984375 99.8451080322265625 99.91091156005859375 99.95703125 99.97954559326171875 99.9947357177734375 100.00466156005859375 100.0302886962890625 100.0473480224609375 100.087890625 100.16942596435546875 100.24199676513671875 100.1121673583984375 99.44733428955078125 98.2220458984375 96.9430999755859375 96.02931976318359375 95.512603759765625 95.45153045654296875 95.958221435546875 97.1148681640625 98.39569854736328125 99.4112396240234375 99.92949676513671875 100.04175567626953125 99.72318267822265625 98.65807342529296875
99.984100341796875 100.0241546630859375 100.0219879150390625 99.94760894775390625 99.83473968505859375 99.62039947509765625 99.389251708984375 99.27022552490234375 99.26868438720703125 99.3095855712890625 99.34751129150390625 99.4162445068359375 99.51239013671875 99.6148529052734375 99.7172698974609375 99.74385833740234375 99.70281982421875 99.68717193603515625 99.70934295654296875 99.763885498046875 99.81314849853515625 99.8266448974609375 99.83388519287109375 99.8397674560546875 99.85746002197265625 99.8810882568359375 99.95038604736328125 100.0601348876953125 100.07154083251953125 99.737823486328125 98.71257781982421875 97.35178375244140625 96.186676025390625 95.6230926513671875 95.385101318359375 95.35028839111328125 95.834320068359375 97.1479339599609375 98.623870849609375 99.58899688720703125 99.941619873046875 99.94400787353515625 99.29732513427734375 98.2561187744140625
99.88006591796875 99.92310333251953125 99.93474578857421875 99.85738372802734375 99.7419281005859375 99.5276641845703125 99.2966461181640625 99.19077301025390625 99.1930694580078125 99.23218536376953125 99.26842498779296875 99.340545654296875 99.4491424560546875 99.5494232177734375 99.6320953369140625 99.64832305908203125 99.6155242919921875 99.602996826171875 99.61875152587890625 99.6557464599609375 99.68810272216796875 99.69435882568359375 99.691986083984375 99.6926422119140625 99.70223236083984375 99.74242401123046875 99.84767913818359375 99.97955322265625 99.84938812255859375 99.3016510009765625 98.02520751953125 96.6509857177734375 95.661407470703125 95.37450408935546875 95.3978271484375 95.4810638427734375 95.9856414794921875 97.1898193359375 98.55828094482421875 99.5212860107421875 99.84334564208984375 99.69671630859375 98.71341705322265625 97.8994903564453125
99.766632080078125 99.7860260009765625 99.8019866943359375 99.7430419921875 99.642120361328125 99.43235015869140625 99.191986083984375 99.084197998046875 99.09053802490234375 99.12933349609375 99.1604156494140625 99.25217437744140625 99.38162994384765625 99.4716339111328125 99.5225982666015625 99.53015899658203125 99.50927734375 99.50274658203125 99.51757049560546875 99.54701995849609375 99.57028961181640625 99.570220947265625 99.56043243408203125 99.5525970458984375 99.5541534423828125 99.6171875 99.76087188720703125 99.8623504638671875 99.51711273193359375 98.81525421142578125 97.44753265380859375 96.15799713134765625 95.376220703125 95.2848358154296875 95.54862213134765625 95.81280517578125 96.3587493896484375 97.2580413818359375 98.3155059814453125 99.30767059326171875 99.59638214111328125 99.0550384521484375 98.202423095703125 97.68115234375
99.64955902099609375 99.64141082763671875 99.65393829345703125 99.62390899658203125 99.53513336181640625 99.315399169921875 99.051116943359375 98.92147064208984375 98.93650054931640625 98.9945220947265625 99.03741455078125 99.14081573486328125 99.26996612548828125 99.3372802734375 99.36187744140625 99.3701171875 99.36353302001953125 99.36016845703125 99.372222900390625 99.399627685546875 99.422454833984375 99.41616058349609375 99.40155792236328125 99.38443756103515625 99.39138031005859375 99.484344482421875 99.6228790283203125 99.55278778076171875 98.97381591796875 98.27530670166015625 97.02771759033203125 95.86338043212890625 95.233306884765625 95.25768280029296875 95.71712493896484375 96.15738677978515625 96.71661376953125 97.33271026611328125 98.11583709716796875 99.0950927734375 99.1472930908203125 98.0224456787109375 97.6373138427734375 97.53964996337890625
99.54288482666015625 99.52893829345703125 99.53137969970703125 99.49695587158203125 99.38317108154296875 99.11896514892578125 98.85454559326171875 98.74468231201171875 98.77315521240234375 98.8597869873046875 98.9302978515625 99.00505828857421875 99.08182525634765625 99.1172943115234375 99.13051605224609375 99.143890380859375 99.1561431884765625 99.16609954833984375 99.1840667724609375 99.2038421630859375 99.21221923828125 99.1897735595703125 99.168426513671875 99.1687469482421875 99.21600341796875 99.32386016845703125 99.3395538330078125 98.92417144775390625 98.17304229736328125 97.6260833740234375 96.6697540283203125 95.66596221923828125 95.1206207275390625 95.18056488037109375 95.70594024658203125 96.21294403076171875 96.78807830810546875 97.3724212646484375 98.0760955810546875 98.74832916259765625 98.3777313232421875 97.5944061279296875 97.44820404052734375 97.4394378662109375
99.45716094970703125 99.42908477783203125 99.3936614990234375 99.30622100830078125 99.16265869140625 98.89878082275390625 98.6786651611328125 98.61565399169921875 98.661102294921875 98.7550201416015625 98.823883056640625 98.846893310546875 98.85517120361328125 98.874725341796875 98.89208221435546875 98.91493988037109375 98.96108245849609375 98.997467041015625 99.0250244140625 99.02880859375 99.00458526611328125 98.96099853515625 98.946807861328125 98.9915008544921875 99.093231201171875 99.1753082275390625 99.00318145751953125 98.30029296875 97.458160400390625 97.0081024169921875 96.2519989013671875 95.4149627685546875 94.980743408203125 95.04578399658203125 95.51700592041015625 96.0115966796875 96.6542510986328125 97.27971649169921875 97.85408782958984375 97.85773468017578125 97.2542266845703125 97.20404052734375 97.29714202880859375 97.3383941650390625
99.37671661376953125 99.3343505859375 99.25116729736328125 99.10991668701171875 98.9687652587890625 98.7577972412109375 98.56716156005859375 98.51253509521484375 98.56941986083984375 98.656890869140625 98.70850372314453125 98.699798583984375 98.66796112060546875 98.6762847900390625 98.6866302490234375 98.72919464111328125 98.80168914794921875 98.88816070556640625 98.93332672119140625 98.9186859130859375 98.85945892333984375 98.81121063232421875 98.8110809326171875 98.8995361328125 99.0376434326171875 99.0796051025390625 98.744140625 97.89345550537109375 97.0405426025390625 96.58710479736328125 95.88602447509765625 95.213043212890625 94.8843231201171875 94.96062469482421875 95.38121795654296875 95.84372711181640625 96.48703765869140625 97.088226318359375 97.45674896240234375 97.00951385498046875 96.69582366943359375 96.979827880859375 97.17081451416015625 97.2490997314453125
99.2965850830078125 99.24471282958984375 99.1295623779296875 98.96324920654296875 98.83282470703125 98.6495361328125 98.46628570556640625 98.39591217041015625 98.43499755859375 98.510223388671875 98.555633544921875 98.5464935302734375 98.493560791015625 98.472869873046875 98.47238922119140625 98.553497314453125 98.651611328125 98.77581024169921875 98.8294830322265625 98.79828643798828125 98.72208404541015625 98.6802978515625 98.69264984130859375 98.802581787109375 98.93377685546875 98.8786773681640625 98.370086669921875 97.388641357421875 96.5500335693359375 96.12844085693359375 95.517913818359375 94.984619140625 94.7694854736328125 94.9407806396484375 95.36017608642578125 95.75086212158203125 96.3046417236328125 96.87886810302734375 96.9066009521484375 96.28388214111328125 96.36019134521484375 96.713287353515625 97.024322509765625 97.13800811767578125
99.20726776123046875 99.16599273681640625 99.0475616455078125 98.87052154541015625 98.74443817138671875 98.56293487548828125 98.36569976806640625 98.27187347412109375 98.2808837890625 98.32447052001953125 98.35227203369140625 98.366607666015625 98.34365081787109375 98.3200531005859375 98.3243255615234375 98.42388916015625 98.52777099609375 98.6523284912109375 98.69879150390625 98.65936279296875 98.58449554443359375 98.56354522705078125 98.59514617919921875 98.7006072998046875 98.79755401611328125 98.6367034912109375 97.99359893798828125 96.97504425048828125 96.165924072265625 95.7455291748046875 95.1434783935546875 94.6764373779296875 94.60308837890625 94.92650604248046875 95.37204742431640625 95.68721771240234375 96.12520599365234375 96.586090087890625 96.3166656494140625 95.79952239990234375 96.1389312744140625 96.49303436279296875 96.8739471435546875 97.01428985595703125
99.10015106201171875 99.09055328369140625 98.9787139892578125 98.793060302734375 98.66371917724609375 98.477203369140625 98.26201629638671875 98.14307403564453125 98.13198089599609375 98.1498870849609375 98.1631011962890625 98.1954498291015625 98.21535491943359375 98.21269989013671875 98.24173736572265625 98.34470367431640625 98.43492889404296875 98.535980224609375 98.56595611572265625 98.51485443115234375 98.4417572021484375 98.4459991455078125 98.49562835693359375 98.6089935302734375 98.70529937744140625 98.50511932373046875 97.779754638671875 96.71265411376953125 95.87792205810546875 95.409942626953125 94.73876953125 94.29457855224609375 94.35507965087890625 94.8040313720703125 95.27275848388671875 95.537994384765625 95.83831787109375 95.89893341064453125 95.443878173828125 95.43897247314453125 95.88397979736328125 96.2457427978515625 96.7005462646484375 96.89434814453125
98.95555877685546875 98.96625518798828125 98.85942840576171875 98.67938232421875 98.55481719970703125 98.3737945556640625 98.1487579345703125 98.003173828125 97.978851318359375 97.98858642578125 97.997589111328125 98.0335235595703125 98.08039093017578125 98.1105194091796875 98.17386627197265625 98.2808837890625 98.35253143310546875 98.41631317138671875 98.4254150390625 98.36132049560546875 98.2880401611328125 98.3109283447265625 98.373260498046875 98.5074615478515625 98.62459564208984375 98.3970794677734375 97.61182403564453125 96.47943115234375 95.5513153076171875 95.0163116455078125 94.311126708984375 93.92690277099609375 94.06075286865234375 94.54558563232421875 95.00366973876953125 95.2308349609375 95.2370452880859375 94.7174224853515625 94.515045166015625 94.89752960205078125 95.35593414306640625 95.734344482421875 96.32399749755859375 96.69085693359375
98.76070404052734375 98.7613372802734375 98.6644287109375 98.5140380859375 98.40706634521484375 98.2433013916015625 98.01627349853515625 97.84392547607421875 97.79602813720703125 97.80017852783203125 97.80878448486328125 97.84404754638671875 97.92360687255859375 97.999298095703125 98.0916595458984375 98.18834686279296875 98.23062896728515625 98.2558746337890625 98.25089263916015625 98.1748046875 98.1006622314453125 98.1445159912109375 98.226715087890625 98.37518310546875 98.4387664794921875 98.06180572509765625 97.2148590087890625 96.15413665771484375 95.23113250732421875 94.6983489990234375 94.059661865234375 93.75225830078125 93.8670654296875 94.25653076171875 94.64662933349609375 94.85170745849609375 94.35047149658203125 93.62261962890625 93.92082977294921875 94.32967376708984375 94.7039947509765625 95.04094696044921875 95.641265869140625 96.2270965576171875
98.62508392333984375 98.6091461181640625 98.528350830078125 98.4081573486328125 98.31488037109375 98.1521759033203125 97.90796661376953125 97.7156219482421875 97.654449462890625 97.670806884765625 97.70130157470703125 97.74611663818359375 97.859649658203125 97.9578857421875 98.0240325927734375 98.08200836181640625 98.107177734375 98.12731170654296875 98.124725341796875 98.0536956787109375 97.98381805419921875 98.0357208251953125 98.13748931884765625 98.2534637451171875 98.14136505126953125 97.53882598876953125 96.67020416259765625 95.74439239501953125 94.9476318359375 94.5001983642578125 93.9813995361328125 93.71146392822265625 93.73880767822265625 93.9588775634765625 94.27044677734375 94.35245513916015625 93.62595367431640625 93.105926513671875 93.471710205078125 93.87071990966796875 94.23421478271484375 94.52632904052734375 94.98223114013671875 95.5537109375
98.54111480712890625 98.51653289794921875 98.4459686279296875 98.34188079833984375 98.2508087158203125 98.0677337646484375 97.80175018310546875 97.62354278564453125 97.57654571533203125 97.60823822021484375 97.661834716796875 97.7321624755859375 97.8440093994140625 97.9178619384765625 97.94248199462890625 97.97425079345703125 98.003082275390625 98.04351043701171875 98.05986785888671875 98.00653839111328125 97.933380126953125 97.95611572265625 98.0310821533203125 98.0868988037109375 97.8096160888671875 97.074676513671875 96.22681427001953125 95.386505126953125 94.70459747314453125 94.34610748291015625 93.9310760498046875 93.6697998046875 93.610565185546875 93.72634124755859375 93.95174407958984375 93.7453765869140625 92.87541961669921875 92.7978668212890625 93.17321014404296875 93.6246490478515625 94.03969573974609375 94.315948486328125 94.70635986328125 95.19779205322265625
98.48162078857421875 98.45690155029296875 98.3824615478515625 98.2719879150390625 98.17186737060546875 97.97601318359375 97.70757293701171875 97.56735992431640625 97.553466796875 97.59293365478515625 97.65091705322265625 97.7370452880859375 97.814910888671875 97.8482513427734375 97.85735321044921875 97.88220977783203125 97.91092681884765625 97.9646453857421875 98.0085906982421875 97.9642791748046875 97.8724212646484375 97.86346435546875 97.90564727783203125 97.9052276611328125 97.56246185302734375 96.80182647705078125 95.97612762451171875 95.18688201904296875 94.5641326904296875 94.24221038818359375 93.8606719970703125 93.59354400634765625 93.4989013671875 93.58123779296875 93.4453125 92.98850250244140625 92.5538482666015625 92.670623779296875 93.02680206298828125 93.49578857421875 93.93304443359375 94.22100067138671875 94.64488983154296875 95.13240814208984375
98.42527008056640625 98.39501953125 98.3193511962890625 98.2010650634765625 98.0883331298828125 97.87955474853515625 97.61930084228515625 97.5128326416015625 97.536956787109375 97.58516693115234375 97.63625335693359375 97.71071624755859375 97.75055694580078125 97.75301361083984375 97.7584228515625 97.7841339111328125 97.80786895751953125 97.85565185546875 97.91732025146484375 97.88259124755859375 97.775787353515625 97.75365447998046875 97.78667449951171875 97.77965545654296875 97.469635009765625 96.7049560546875 95.8504486083984375 95.07094573974609375 94.46149444580078125 94.14270782470703125 93.769989013671875 93.515594482421875 93.42369842529296875 93.42397308349609375 92.80789947509765625 92.16342926025390625 92.32498931884765625 92.643707275390625 92.96968841552734375 93.400634765625 93.82143402099609375 94.13580322265625 94.65547943115234375 95.2117462158203125
