INPUT/RASTER/ASCII_no_standard/BIO13.asc
ncols        225
nrows        269
xllcorner    473009.983799999987
yllcorner    4429051.174800000153
cellsize     50.000000000000
NODATA_value  -9999
[rows 247 to 265 of 269, columns 88 to 131 of 225]
95.44635772705078125 95.36128997802734375 95.288848876953125 95.20204925537109375 95.1417694091796875 95.04581451416015625 94.932342529296875 94.91178131103515625 94.98799896240234375 94.998138427734375 94.96692657470703125 94.923004150390625 94.8964691162109375 94.92092132568359375 94.9906463623046875 95.093902587890625 95.15790557861328125 95.1022491455078125 95.01715087890625 95.1248931884765625 95.30388641357421875 95.4578399658203125 95.6198272705078125 95.75040435791015625 95.9969482421875 96.26837158203125 96.50461578369140625 96.70281219482421875 96.831268310546875 96.945953369140625 97.2381744384765625 97.67350006103515625 98.08392333984375 98.191253662109375 98.2956390380859375 98.50661468505859375 98.75093841552734375 98.81844329833984375 98.6611175537109375 98.51799774169921875 98.44029998779296875 98.4011383056640625 98.38362884521484375 98.3643341064453125
95.45700836181640625 95.362579345703125 95.25458526611328125 95.1478729248046875 95.08373260498046875 94.97637939453125 94.85077667236328125 94.786346435546875 94.80176544189453125 94.7934417724609375 94.76482391357421875 94.782501220703125 94.8394622802734375 94.91001129150390625 94.9705657958984375 94.96895599365234375 94.920379638671875 94.84024810791015625 94.731689453125 94.78549957275390625 94.916595458984375 95.011444091796875 95.07511138916015625 95.11286163330078125 95.1981048583984375 95.3451690673828125 95.49231719970703125 95.61402130126953125 95.73061370849609375 95.8492279052734375 96.141265869140625 96.5921783447265625 97.10321807861328125 97.44330596923828125 97.7495269775390625 98.0333709716796875 98.36426544189453125 98.59044647216796875 98.51302337646484375 98.37122344970703125 98.288421630859375 98.24814605712890625 98.23871612548828125 98.24988555908203125
95.52367401123046875 95.424407958984375 95.26312255859375 95.123077392578125 95.0535736083984375 94.94284820556640625 94.80694580078125 94.7107086181640625 94.66863250732421875 94.63617706298828125 94.61045074462890625 94.6674652099609375 94.78427886962890625 94.85662841796875 94.86223602294921875 94.757598876953125 94.64693450927734375 94.59413909912109375 94.54312896728515625 94.56868743896484375 94.635711669921875 94.686248779296875 94.7064666748046875 94.6977081298828125 94.67560577392578125 94.74704742431640625 94.8533782958984375 94.92348480224609375 95.0211639404296875 95.13422393798828125 95.41790771484375 95.88232421875 96.46039581298828125 96.93433380126953125 97.4071807861328125 97.75704193115234375 98.119110107421875 98.421417236328125 98.36907958984375 98.1978759765625 98.13253021240234375 98.102996826171875 98.10440826416015625 98.15448760986328125
95.6220550537109375 95.4959259033203125 95.3024444580078125 95.14362335205078125 95.0656585693359375 94.94696044921875 94.80091094970703125 94.6948394775390625 94.630706787109375 94.5858917236328125 94.561981201171875 94.616363525390625 94.73175811767578125 94.77753448486328125 94.72475433349609375 94.57653045654296875 94.46979522705078125 94.4468994140625 94.4568634033203125 94.50458526611328125 94.54228973388671875 94.54076385498046875 94.5224456787109375 94.48777008056640625 94.42664337158203125 94.47531890869140625 94.5810546875 94.6251983642578125 94.68346405029296875 94.76981353759765625 95.01284027099609375 95.4457244873046875 96.0092010498046875 96.503082275390625 97.0919647216796875 97.5519561767578125 97.97394561767578125 98.26189422607421875 98.15811920166015625 97.97650146484375 98.0011749267578125 98.01221466064453125 98.02532958984375 98.10205841064453125
95.7529754638671875 95.575531005859375 95.3682708740234375 95.2016754150390625 95.1111907958984375 94.97797393798828125 94.826416015625 94.70899200439453125 94.622802734375 94.56563568115234375 94.546905517578125 94.585723876953125 94.6832122802734375 94.7215423583984375 94.63605499267578125 94.4413909912109375 94.33254241943359375 94.33408355712890625 94.3928680419921875 94.48566436767578125 94.569122314453125 94.5674591064453125 94.49831390380859375 94.415191650390625 94.29741668701171875 94.284942626953125 94.348419189453125 94.3581695556640625 94.36826324462890625 94.4357757568359375 94.63918304443359375 94.97711944580078125 95.42236328125 95.87738037109375 96.54085540771484375 97.11382293701171875 97.62133026123046875 97.8513641357421875 97.7024383544921875 97.71759796142578125 97.9156494140625 98.016357421875 98.0098876953125 98.03520965576171875
95.9458465576171875 95.69641876220703125 95.46245574951171875 95.27489471435546875 95.16506195068359375 95.0317230224609375 94.887908935546875 94.740325927734375 94.60939788818359375 94.53250885009765625 94.50811767578125 94.54145050048828125 94.6406402587890625 94.70514678955078125 94.6113433837890625 94.3585968017578125 94.250823974609375 94.2633514404296875 94.32727813720703125 94.43349456787109375 94.56378173828125 94.63187408447265625 94.60753631591796875 94.4842376708984375 94.260650634765625 94.12967681884765625 94.11203765869140625 94.1013946533203125 94.1157684326171875 94.1840667724609375 94.35245513916015625 94.567657470703125 94.85012054443359375 95.20558929443359375 95.83161163330078125 96.36725616455078125 96.8449859619140625 97.05039215087890625 97.040008544921875 97.44139862060546875 97.85041046142578125 98.01436614990234375 98.0058441162109375 97.99892425537109375
96.1881866455078125 95.864990234375 95.6042327880859375 95.40076446533203125 95.294677734375 95.1847991943359375 95.0208282470703125 94.8037109375 94.59896087646484375 94.47756195068359375 94.43260955810546875 94.45574188232421875 94.55161285400390625 94.639312744140625 94.54976654052734375 94.2571868896484375 94.150146484375 94.167510986328125 94.217803955078125 94.30228424072265625 94.43317413330078125 94.5499267578125 94.58203887939453125 94.4923095703125 94.24292755126953125 94.01526641845703125 93.9192657470703125 93.89934539794921875 93.95119476318359375 94.029632568359375 94.137176513671875 94.1858062744140625 94.31359100341796875 94.603790283203125 95.120361328125 95.482452392578125 95.7745513916015625 96.01517486572265625 96.36591339111328125 97.07929229736328125 97.69303131103515625 97.95787811279296875 97.98095703125 97.96686553955078125
96.4695281982421875 96.1309051513671875 95.8558807373046875 95.64099884033203125 95.545318603515625 95.44097137451171875 95.2161102294921875 94.89992523193359375 94.594024658203125 94.4011383056640625 94.32494354248046875 94.3272552490234375 94.3880157470703125 94.42984771728515625 94.3381805419921875 94.1002349853515625 94.00653839111328125 94.01940155029296875 94.05335235595703125 94.1001434326171875 94.18779754638671875 94.29126739501953125 94.34636688232421875 94.33130645751953125 94.18680572509765625 93.9638824462890625 93.803802490234375 93.74182891845703125 93.7980194091796875 93.86338043212890625 93.89849853515625 93.858917236328125 93.92731475830078125 94.1573333740234375 94.52850341796875 94.7159881591796875 94.85160064697265625 95.20468902587890625 95.881439208984375 96.69400787353515625 97.4518585205078125 97.8385009765625 97.903411865234375 97.9006805419921875
96.78131866455078125 96.46714019775390625 96.1502227783203125 95.9094085693359375 95.8134765625 95.6970367431640625 95.3934173583984375 94.97898101806640625 94.5847015380859375 94.3229522705078125 94.2127685546875 94.18732452392578125 94.19467926025390625 94.163330078125 94.07305145263671875 93.95159912109375 93.8831939697265625 93.87496185302734375 93.8793182373046875 93.88124847412109375 93.89438629150390625 93.94994354248046875 94.009521484375 94.062255859375 94.07391357421875 93.926513671875 93.71923828125 93.6059722900390625 93.64881134033203125 93.68639373779296875 93.69195556640625 93.70508575439453125 93.814422607421875 93.99131011962890625 94.2259979248046875 94.34349822998046875 94.49510955810546875 94.93146514892578125 95.62137603759765625 96.44390869140625 97.313873291015625 97.7570953369140625 97.83901214599609375 97.84862518310546875
97.026885986328125 96.736968994140625 96.34267425537109375 96.04276275634765625 95.90100860595703125 95.7194366455078125 95.376556396484375 94.94008636474609375 94.53928375244140625 94.27017974853515625 94.1475830078125 94.10045623779296875 94.07122039794921875 94.01828765869140625 93.95441436767578125 93.8861236572265625 93.8151702880859375 93.78676605224609375 93.754547119140625 93.71701812744140625 93.6920166015625 93.73207855224609375 93.8033905029296875 93.88027191162109375 93.94754791259765625 93.87957000732421875 93.67855072021484375 93.54412078857421875 93.59967041015625 93.636749267578125 93.6498870849609375 93.704071044921875 93.8482818603515625 94.019378662109375 94.17957305908203125 94.27780914306640625 94.47229766845703125 94.907989501953125 95.35748291015625 96.3987884521484375 97.2954254150390625 97.778289794921875 97.81597900390625 97.82311248779296875
97.08585357666015625 96.85479736328125 96.4321136474609375 96.0597686767578125 95.80858612060546875 95.44263458251953125 95.08487701416015625 94.74163055419921875 94.428558349609375 94.2094879150390625 94.10164642333984375 94.06533050537109375 94.0541839599609375 93.996490478515625 93.9304962158203125 93.8527984619140625 93.76284027099609375 93.7132415771484375 93.6452484130859375 93.58251953125 93.5637054443359375 93.6152191162109375 93.69846343994140625 93.81122589111328125 93.88784027099609375 93.87784576416015625 -9999 -9999 -9999 -9999 -9999 -9999 -9999 -9999 -9999 -9999 -9999 -9999 -9999 -9999 -9999 -9999 -9999 -9999
96.89255523681640625 96.776123046875 96.3959503173828125 95.97540283203125 95.651336669921875 95.16670989990234375 94.76494598388671875 94.50312042236328125 94.29384613037109375 94.1422271728515625 94.06520843505859375 94.0785369873046875 94.144073486328125 94.084442138671875 93.95880889892578125 93.827972412109375 93.7198638916015625 93.65163421630859375 93.56400299072265625 93.49582672119140625 93.48589324951171875 93.57520294189453125 93.6256256103515625 -9999 -9999 -9999 -9999 -9999 -9999 -9999 -9999 -9999 -9999 -9999 -9999 -9999 -9999 -9999 -9999 -9999 -9999 -9999 -9999 -9999
96.5249481201171875 96.53752899169921875 96.257568359375 95.83989715576171875 95.516326904296875 95.01943206787109375 94.5968475341796875 94.35866546630859375 94.19519805908203125 94.0829925537109375 94.0274810791015625 94.06920623779296875 94.1865234375 94.12288665771484375 93.95050048828125 93.7842559814453125 93.68054962158203125 93.588836669921875 93.5011444091796875 93.46538543701171875 93.453216552734375 -9999 -9999 -9999 -9999 -9999 -9999 -9999 -9999 -9999 -9999 -9999 -9999 -9999 -9999 -9999 -9999 -9999 -9999 -9999 -9999 -9999 -9999 -9999
96.0016937255859375 96.1009521484375 96.0165252685546875 95.6904144287109375 95.3915863037109375 94.92159271240234375 94.4988861083984375 94.25852203369140625 94.11004638671875 94.0171661376953125 93.97760009765625 94.01004791259765625 94.0801239013671875 94.00685882568359375 93.8514556884765625 93.69657135009765625 93.61530303955078125 93.5293731689453125 93.4840087890625 93.45946502685546875 -9999 -9999 -9999 -9999 -9999 -9999 -9999 -9999 -9999 -9999 -9999 -9999 -9999 -9999 -9999 -9999 -9999 -9999 -9999 -9999 -9999 -9999 -9999 -9999
95.40283203125 95.49349212646484375 95.5233306884765625 95.34122467041015625 95.11721038818359375 94.74469757080078125 94.38637542724609375 94.1615447998046875 94.0290374755859375 93.9565277099609375 93.92676544189453125 93.93352508544921875 93.94219970703125 93.8726806640625 93.74961090087890625 93.62818145751953125 93.58106231689453125 93.5199432373046875 93.48345184326171875 -9999 -9999 -9999 -9999 -9999 -9999 -9999 -9999 -9999 -9999 -9999 -9999 -9999 -9999 -9999 -9999 -9999 -9999 -9999 -9999 -9999 -9999 -9999 -9999 -9999
95.00928497314453125 95.0124359130859375 94.99967193603515625 94.90174102783203125 94.768829345703125 94.52585601806640625 94.2643280029296875 94.07685089111328125 93.97245025634765625 93.91771697998046875 93.8913421630859375 93.877593994140625 93.853271484375 93.78964996337890625 93.69185638427734375 93.61336517333984375 93.57115936279296875 -9999 -9999 -9999 -9999 -9999 -9999 -9999 -9999 -9999 -9999 -9999 -9999 -9999 -9999 -9999 -9999 -9999 -9999 -9999 -9999 -9999 -9999 -9999 -9999 -9999 -9999 -9999
94.8211212158203125 94.72032928466796875 94.62563323974609375 94.5343475341796875 94.45095062255859375 94.30049896240234375 94.12993621826171875 93.99651336669921875 93.92754364013671875 93.88799285888671875 93.86505889892578125 93.8485565185546875 93.79660797119140625 93.7539215087890625 93.67363739013671875 93.6414794921875 -9999 -9999 -9999 -9999 -9999 -9999 -9999 -9999 -9999 -9999 -9999 -9999 -9999 -9999 -9999 -9999 -9999 -9999 -9999 -9999 -9999 -9999 -9999 -9999 -9999 -9999 -9999 -9999
94.83037567138671875 94.609619140625 94.434600830078125 94.2910003662109375 94.202484130859375 94.092987060546875 93.99358367919921875 93.91518402099609375 93.8751983642578125 93.85120391845703125 93.83722686767578125 93.8285064697265625 93.7661895751953125 93.742889404296875 -9999 -9999 -9999 -9999 -9999 -9999 -9999 -9999 -9999 -9999 -9999 -9999 -9999 -9999 -9999 -9999 -9999 -9999 -9999 -9999 -9999 -9999 -9999 -9999 -9999 -9999 -9999 -9999 -9999 -9999
95.06859588623046875 94.7253265380859375 94.440887451171875 94.21936798095703125 94.1106719970703125 93.991851806640625 93.897918701171875 93.84021759033203125 93.812408447265625 93.80753326416015625 93.81420135498046875 93.811859130859375 93.765899658203125 93.74172210693359375 -9999 -9999 -9999 -9999 -9999 -9999 -9999 -9999 -9999 -9999 -9999 -9999 -9999 -9999 -9999 -9999 -9999 -9999 -9999 -9999 -9999 -9999 -9999 -9999 -9999 -9999 -9999 -9999 -9999 -9999
