INPUT/RASTER/ASCII_no_standard/BIO13.asc
ncols        225
nrows        269
xllcorner    473009.983799999987
yllcorner    4429051.174800000153
cellsize     50.000000000000
NODATA_value  -9999
[rows 19 to 37 of 269, columns 44 to 87 of 225]
116.29621124267578125 116.28209686279296875 116.26519012451171875 116.24359130859375 116.24103546142578125 116.24697113037109375 116.26366424560546875 116.2823486328125 116.2727508544921875 116.25710296630859375 116.2425994873046875 116.223297119140625 116.18680572509765625 116.164825439453125 116.1596527099609375 116.15990447998046875 116.15322113037109375 116.1562957763671875 116.159576416015625 116.1846466064453125 116.2477264404296875 116.34725189208984375 116.50275421142578125 116.609954833984375 116.68697357177734375 116.70742034912109375 116.7454071044921875 117.2480316162109375 117.90631103515625 118.0596771240234375 118.0749359130859375 118.0769500732421875 118.03812408447265625 118.0068206787109375 118.2238006591796875 118.51538848876953125 118.50994873046875 118.38076019287109375 118.2054901123046875 118.00759124755859375 117.7499847412109375 117.5528717041015625 117.61428070068359375 117.82140350341796875
116.27637481689453125 116.27276611328125 116.25507354736328125 116.23102569580078125 116.22661590576171875 116.227630615234375 116.2397613525390625 116.25815582275390625 116.25927734375 116.25617218017578125 116.2441864013671875 116.22943878173828125 116.2002105712890625 116.1813507080078125 116.1757354736328125 116.17618560791015625 116.17607879638671875 116.180328369140625 116.18999481201171875 116.22248077392578125 116.29195404052734375 116.3826446533203125 116.5054473876953125 116.5933837890625 116.6519622802734375 116.651885986328125 116.63642120361328125 117.28345489501953125 117.9986572265625 118.03045654296875 117.9895782470703125 117.9573822021484375 117.92525482177734375 117.88558197021484375 118.00963592529296875 118.33277130126953125 118.434661865234375 118.32318115234375 118.1589508056640625 117.97464752197265625 117.727203369140625 117.518890380859375 117.56560516357421875 117.7813262939453125
116.22212982177734375 116.23892974853515625 116.25081634521484375 116.2457275390625 116.24384307861328125 116.23621368408203125 116.23473358154296875 116.2490081787109375 116.25760650634765625 116.25606536865234375 116.24765777587890625 116.24211883544921875 116.22072601318359375 116.21288299560546875 116.21154022216796875 116.214324951171875 116.219451904296875 116.2290802001953125 116.24329376220703125 116.279754638671875 116.35025787353515625 116.43468475341796875 116.53156280517578125 116.60195159912109375 116.65023040771484375 116.648773193359375 116.62567138671875 117.20096588134765625 117.909576416015625 117.94176483154296875 117.88288116455078125 117.83798980712890625 117.8178253173828125 117.786376953125 117.8147430419921875 118.08759307861328125 118.2827301025390625 118.24089813232421875 118.11322021484375 117.9637298583984375 117.76287841796875 117.56024169921875 117.5239410400390625 117.67449188232421875
116.16164398193359375 116.1926116943359375 116.24388885498046875 116.261566162109375 116.26087188720703125 116.24842071533203125 116.23496246337890625 116.242828369140625 116.25634002685546875 116.25481414794921875 116.253082275390625 116.25608062744140625 116.24221038818359375 116.2484130859375 116.26032257080078125 116.27100372314453125 116.27835845947265625 116.29256439208984375 116.307342529296875 116.34574127197265625 116.41656494140625 116.4861907958984375 116.54622650146484375 116.58878326416015625 116.6265411376953125 116.6420745849609375 116.6241912841796875 116.8871917724609375 117.6468048095703125 117.859527587890625 117.79210662841796875 117.73529815673828125 117.7221527099609375 117.7068023681640625 117.6995849609375 117.799957275390625 117.95904541015625 118.11219024658203125 118.0825653076171875 117.95810699462890625 117.780364990234375 117.57464599609375 117.45771026611328125 117.53997802734375
116.13713836669921875 116.18145751953125 116.25598907470703125 116.2844390869140625 116.2784271240234375 116.26071929931640625 116.23526763916015625 116.233673095703125 116.25095367431640625 116.26358795166015625 116.27069091796875 116.27623748779296875 116.272369384765625 116.29543304443359375 116.3191986083984375 116.33606719970703125 116.34363555908203125 116.35135650634765625 116.36627960205078125 116.40325927734375 116.46810150146484375 116.51149749755859375 116.52564239501953125 116.53857421875 116.570556640625 116.61000823974609375 116.603179931640625 116.63108062744140625 117.4369354248046875 117.7994384765625 117.7236785888671875 117.65157318115234375 117.63665008544921875 117.6336212158203125 117.61269378662109375 117.58463287353515625 117.62009429931640625 117.91646575927734375 118.04427337646484375 117.9297637939453125 117.73200225830078125 117.513031005859375 117.383026123046875 117.4600372314453125
116.14752197265625 116.2086029052734375 116.28905487060546875 116.31140899658203125 116.29347991943359375 116.2695770263671875 116.23236083984375 116.216644287109375 116.24213409423828125 116.28542327880859375 116.31586456298828125 116.32715606689453125 116.3395233154296875 116.37296295166015625 116.40179443359375 116.41989898681640625 116.4202880859375 116.41687774658203125 116.42084503173828125 116.439239501953125 116.47110748291015625 116.470733642578125 116.43890380859375 116.43402862548828125 116.48046112060546875 116.53491973876953125 116.52672576904296875 116.55499267578125 117.3620758056640625 117.7274932861328125 117.645904541015625 117.56812286376953125 117.55432891845703125 117.56005096435546875 117.5520782470703125 117.5356597900390625 117.49593353271484375 117.7489471435546875 117.9782257080078125 117.86687469482421875 117.6364288330078125 117.40856170654296875 117.30936431884765625 117.42520904541015625
116.16197967529296875 116.24071502685546875 116.3158721923828125 116.32106781005859375 116.29644012451171875 116.266265869140625 116.21726226806640625 116.1964111328125 116.2394256591796875 116.33267974853515625 116.4167938232421875 116.45314788818359375 116.48361968994140625 116.51294708251953125 116.537628173828125 116.54998016357421875 116.5254974365234375 116.50113677978515625 116.468231201171875 116.4372711181640625 116.3836212158203125 116.29970550537109375 116.238555908203125 116.23787689208984375 116.30019378662109375 116.3404541015625 116.30179595947265625 116.35479736328125 117.19457244873046875 117.5771636962890625 117.524566650390625 117.46819305419921875 117.4592132568359375 117.471893310546875 117.47560882568359375 117.46514129638671875 117.4324493408203125 117.473480224609375 117.73751068115234375 117.7373809814453125 117.50464630126953125 117.30765533447265625 117.24334716796875 117.315521240234375
116.0715789794921875 116.194488525390625 116.2543792724609375 116.27068328857421875 116.2643280029296875 116.252410888671875 116.22652435302734375 116.211944580078125 116.270172119140625 116.39360809326171875 116.50833892822265625 116.5626220703125 116.60259246826171875 116.6229400634765625 116.637237548828125 116.63814544677734375 116.58428192138671875 116.541595458984375 116.47992706298828125 116.41245269775390625 116.31622314453125 116.1979522705078125 116.12622833251953125 116.1114654541015625 116.12662506103515625 116.10752105712890625 116.06097412109375 116.31284332275390625 117.13155364990234375 117.42877197265625 117.40100860595703125 117.37329864501953125 117.38455963134765625 117.41785430908203125 117.43605804443359375 117.43221282958984375 117.40309906005859375 117.33362579345703125 117.427215576171875 117.63651275634765625 117.466094970703125 117.2929840087890625 117.21082305908203125 117.19312286376953125
115.8249053955078125 115.98786163330078125 116.1112823486328125 116.1971435546875 116.24150848388671875 116.2578125 116.27011871337890625 116.2997589111328125 116.38231658935546875 116.49228668212890625 116.6038970947265625 116.6623992919921875 116.6909942626953125 116.6880950927734375 116.67391204833984375 116.648223876953125 116.580963134765625 116.5282135009765625 116.45572662353515625 116.37566375732421875 116.25997161865234375 116.1329345703125 116.0542755126953125 116.0261688232421875 116.00344085693359375 115.9410858154296875 115.92082977294921875 116.53206634521484375 117.2229766845703125 117.2947845458984375 117.27140045166015625 117.26628875732421875 117.31432342529296875 117.3942718505859375 117.4348602294921875 117.43468475341796875 117.4068145751953125 117.32479095458984375 117.3048248291015625 117.473785400390625 117.40302276611328125 117.273956298828125 117.14357757568359375 117.044921875
115.6664581298828125 115.7415008544921875 115.8982391357421875 116.04498291015625 116.207183837890625 116.28250885009765625 116.35492706298828125 116.43804168701171875 116.5288543701171875 116.61888885498046875 116.7191619873046875 116.77054595947265625 116.76331329345703125 116.72391510009765625 116.67705535888671875 116.6172027587890625 116.5383148193359375 116.485931396484375 116.41217041015625 116.3247222900390625 116.194580078125 116.0522613525390625 115.9654693603515625 115.93546295166015625 115.907958984375 115.847900390625 115.9635009765625 116.72113800048828125 117.19066619873046875 117.17789459228515625 117.159515380859375 117.16492462158203125 117.24622344970703125 117.3724212646484375 117.43881988525390625 117.447296142578125 117.41834259033203125 117.326690673828125 117.21770477294921875 117.16373443603515625 117.1052093505859375 116.99097442626953125 116.82486724853515625 116.68328094482421875
115.6070556640625 115.63348388671875 115.7214202880859375 115.86600494384765625 116.09647369384765625 116.22428131103515625 116.40555572509765625 116.5714569091796875 116.6829071044921875 116.76276397705078125 116.84732818603515625 116.8807830810546875 116.8302764892578125 116.74945831298828125 116.66863250732421875 116.57535552978515625 116.478240966796875 116.42420196533203125 116.34976959228515625 116.25685882568359375 116.11270904541015625 115.94934844970703125 115.85669708251953125 115.83160400390625 115.819732666015625 115.79808807373046875 116.16558837890625 116.97318267822265625 117.1256256103515625 117.0725860595703125 117.06008148193359375 117.0741119384765625 117.1817169189453125 117.3404998779296875 117.42806243896484375 117.44690704345703125 117.4134368896484375 117.31038665771484375 117.1526641845703125 116.93814849853515625 116.68376922607421875 116.4701690673828125 116.29596710205078125 116.14955902099609375
115.60285186767578125 115.667816162109375 115.7652587890625 115.89679718017578125 116.0316162109375 116.13256072998046875 116.355499267578125 116.596466064453125 116.78497314453125 116.86553955078125 116.9172210693359375 116.9260101318359375 116.8626861572265625 116.75218963623046875 116.6417388916015625 116.51544952392578125 116.39472198486328125 116.33203887939453125 116.2547607421875 116.15880584716796875 116.00180816650390625 115.8180389404296875 115.71286773681640625 115.689544677734375 115.702423095703125 115.801300048828125 116.45318603515625 117.04077911376953125 117.03656005859375 116.97338104248046875 116.96584320068359375 116.9869537353515625 117.09381866455078125 117.25055694580078125 117.35240936279296875 117.374420166015625 117.34235382080078125 117.229522705078125 117.0185699462890625 116.709320068359375 116.4434356689453125 116.28128814697265625 116.13817596435546875 115.99073028564453125
115.697723388671875 115.86174774169921875 116.0276336669921875 116.15645599365234375 116.24355316162109375 116.294219970703125 116.366119384765625 116.50861358642578125 116.68511199951171875 116.74993133544921875 116.7569732666015625 116.76348114013671875 116.78569793701171875 116.692474365234375 116.5877532958984375 116.44602203369140625 116.30646514892578125 116.230224609375 116.1328277587890625 116.02004241943359375 115.86574554443359375 115.6840362548828125 115.55095672607421875 115.50669097900390625 115.513214111328125 115.79940032958984375 116.75945281982421875 117.0081329345703125 116.9260101318359375 116.8839569091796875 116.8810577392578125 116.91126251220703125 116.9997711181640625 117.13069915771484375 117.22551727294921875 117.2428741455078125 117.21071624755859375 117.07926177978515625 116.78266143798828125 116.4834442138671875 116.32004547119140625 116.2133941650390625 116.10285186767578125 115.98186492919921875
115.8858642578125 116.12035369873046875 116.32822418212890625 116.4466705322265625 116.4833221435546875 116.47898101806640625 116.47786712646484375 116.49764251708984375 116.53264617919921875 116.55667877197265625 116.531707763671875 116.51869964599609375 116.52862548828125 116.467529296875 116.4522247314453125 116.37725067138671875 116.261016845703125 116.17697906494140625 116.0538787841796875 115.92203521728515625 115.77166748046875 115.6006927490234375 115.45949554443359375 115.3924407958984375 115.3853759765625 115.95232391357421875 116.74688720703125 116.8872833251953125 116.83820343017578125 116.81501007080078125 116.825347900390625 116.87461090087890625 116.97083282470703125 117.07942962646484375 117.14418792724609375 117.15126800537109375 117.105010986328125 116.91965484619140625 116.62543487548828125 116.43172454833984375 116.31435394287109375 116.19536590576171875 116.08959197998046875 115.97124481201171875
116.07701873779296875 116.292633056640625 116.47158050537109375 116.55023193359375 116.54186248779296875 116.51602935791015625 116.49393463134765625 116.49472808837890625 116.49378204345703125 116.48431396484375 116.45244598388671875 116.40682220458984375 116.308746337890625 116.22870635986328125 116.212066650390625 116.2355194091796875 116.19910430908203125 116.14205169677734375 116.04615020751953125 115.91634368896484375 115.743072509765625 115.5627288818359375 115.43672943115234375 115.3719329833984375 115.4418792724609375 116.2751617431640625 116.840850830078125 116.83487701416015625 116.78966522216796875 116.77631378173828125 116.79999542236328125 116.85809326171875 116.9552459716796875 117.0449066162109375 117.079437255859375 117.06243133544921875 116.957183837890625 116.7276611328125 116.54589080810546875 116.416351318359375 116.35080718994140625 -9999 -9999 -9999
116.24079132080078125 116.3926544189453125 116.50569915771484375 116.52376556396484375 116.47997283935546875 116.4597320556640625 116.45282745361328125 116.445220947265625 116.4130096435546875 116.38454437255859375 116.36801910400390625 116.31900787353515625 116.2203521728515625 116.13393402099609375 116.0690460205078125 116.04445648193359375 115.9788970947265625 115.9799652099609375 115.9625244140625 115.8617095947265625 115.70087432861328125 115.52435302734375 115.3930816650390625 115.3068695068359375 115.57793426513671875 116.453369140625 116.82781219482421875 116.7861785888671875 116.73563385009765625 116.72899627685546875 116.778106689453125 116.86328887939453125 116.95714569091796875 117.02013397216796875 117.00678253173828125 116.93537139892578125 116.77483367919921875 116.59381103515625 116.5310516357421875 -9999 -9999 -9999 -9999 -9999
116.34473419189453125 116.4194793701171875 116.45365142822265625 116.4251556396484375 116.37439727783203125 116.36029052734375 116.357666015625 116.33367919921875 116.28878021240234375 116.25702667236328125 116.23963165283203125 116.20154571533203125 116.1343994140625 116.0743408203125 116.041351318359375 115.9779052734375 115.84200286865234375 115.7864837646484375 115.71266937255859375 115.64806365966796875 115.5659332275390625 115.42413330078125 115.26153564453125 115.12845611572265625 115.2891998291015625 116.07993316650390625 116.6830291748046875 116.7569580078125 116.69687652587890625 116.69733428955078125 116.7786865234375 116.8824310302734375 116.9683074951171875 116.9971923828125 116.90008544921875 116.7655029296875 116.64293670654296875 116.52175140380859375 116.49810791015625 -9999 -9999 -9999 -9999 -9999
116.3950347900390625 116.39998626708984375 116.3701629638671875 116.3126983642578125 116.2638397216796875 116.244537353515625 116.22607421875 116.18408203125 116.144317626953125 116.11508941650390625 116.0873870849609375 116.0620880126953125 116.0304107666015625 115.9892425537109375 115.98210906982421875 115.941864013671875 115.79360198974609375 115.67592620849609375 115.53617095947265625 115.44657135009765625 115.34598541259765625 115.23876953125 115.112518310546875 115.014312744140625 114.97734832763671875 115.33940887451171875 115.9784088134765625 -9999 -9999 -9999 116.84674835205078125 116.8905029296875 116.96656036376953125 116.93384552001953125 116.7966766357421875 116.65721893310546875 116.575958251953125 116.4959564208984375 116.46947479248046875 -9999 -9999 -9999 -9999 -9999
116.3881683349609375 116.35204315185546875 116.28699493408203125 116.2122344970703125 116.1515655517578125 116.11151885986328125 116.06273651123046875 116.0216522216796875 115.99861907958984375 115.96360015869140625 115.9280548095703125 115.9104766845703125 115.89690399169921875 115.87134552001953125 115.85694122314453125 115.817474365234375 115.69110107421875 115.59558868408203125 115.4828948974609375 115.3771209716796875 115.24927520751953125 115.153594970703125 115.05835723876953125 114.99919891357421875 114.94141387939453125 114.9619903564453125 115.53807830810546875 -9999 -9999 -9999 -9999 -9999 -9999 116.870513916015625 116.75052642822265625 116.631195068359375 116.55138397216796875 116.518585205078125 -9999 -9999 -9999 -9999 -9999 -9999
