INPUT/RASTER/ASCII_no_standard/BIO13.asc
ncols        225
nrows        269
xllcorner    473009.983799999987
yllcorner    4429051.174800000153
cellsize     50.000000000000
NODATA_value  -9999
[rows 133 to 151 of 269, columns 176 to 219 of 225]
105.7706146240234375 105.9192657470703125 106.05690765380859375 106.19510650634765625 106.314605712890625 106.3719482421875 106.406585693359375 106.46844482421875 106.53521728515625 106.57376861572265625 106.5637054443359375 106.5095977783203125 106.47321319580078125 106.41518402099609375 106.33104705810546875 106.2494964599609375 106.1693878173828125 106.10402679443359375 106.013427734375 105.76519012451171875 105.3594818115234375 104.99387359619140625 104.87195587158203125 105.16373443603515625 105.44903564453125 105.76259613037109375 105.95763397216796875 105.9972076416015625 -9999 -9999 -9999 -9999 -9999 -9999 -9999 -9999 -9999 -9999 -9999 -9999 -9999 -9999 -9999 -9999
105.6403045654296875 105.80915069580078125 105.96964263916015625 106.116119384765625 106.23610687255859375 106.29093170166015625 106.33837890625 106.420867919921875 106.48659515380859375 106.50815582275390625 106.48249053955078125 106.42998504638671875 106.3910369873046875 106.3321075439453125 106.24593353271484375 106.15154266357421875 106.0546417236328125 105.97946929931640625 105.88997650146484375 105.6724700927734375 105.30750274658203125 104.94492340087890625 104.8131561279296875 105.11749267578125 105.4262237548828125 105.77030181884765625 105.9692840576171875 106.094512939453125 106.24600982666015625 106.306488037109375 106.30699920654296875 106.30661773681640625 -9999 -9999 -9999 -9999 -9999 -9999 -9999 -9999 -9999 -9999 -9999 -9999
105.51319122314453125 105.664794921875 105.83374786376953125 106.0007781982421875 106.1343994140625 106.202545166015625 106.26981353759765625 106.37418365478515625 106.44146728515625 106.43921661376953125 106.39339447021484375 106.3406524658203125 106.3030853271484375 106.2447357177734375 106.14971923828125 106.0427093505859375 105.931182861328125 105.85123443603515625 105.75331878662109375 105.538909912109375 105.214874267578125 104.89109039306640625 104.790924072265625 105.097137451171875 105.40427398681640625 105.769805908203125 106.00925445556640625 106.15837860107421875 106.265899658203125 106.29933929443359375 106.297454833984375 106.29608154296875 -9999 -9999 -9999 -9999 -9999 -9999 -9999 -9999 -9999 -9999 -9999 -9999
105.35749053955078125 105.46949005126953125 105.656951904296875 105.849212646484375 106.00156402587890625 106.09738922119140625 106.193267822265625 106.32869720458984375 106.39524078369140625 106.37050628662109375 106.310546875 106.25307464599609375 106.2175750732421875 106.16088104248046875 106.060089111328125 105.937164306640625 105.80657196044921875 105.7065277099609375 105.5758514404296875 105.33200836181640625 105.0396728515625 104.78131103515625 104.7542877197265625 105.097564697265625 105.4048309326171875 105.7692108154296875 106.01628875732421875 106.157440185546875 106.23450469970703125 106.2534942626953125 106.2431640625 106.192657470703125 106.1595306396484375 -9999 -9999 -9999 -9999 -9999 -9999 -9999 -9999 -9999 -9999 -9999
105.1420135498046875 105.23043060302734375 105.45607757568359375 105.655426025390625 105.8214111328125 105.95172882080078125 106.0815277099609375 106.2485198974609375 106.3126068115234375 106.27716827392578125 106.213653564453125 106.16217803955078125 106.13062286376953125 106.0707244873046875 105.9638214111328125 105.8175201416015625 105.63634490966796875 105.4810943603515625 105.29706573486328125 105.02968597412109375 104.78804779052734375 104.64502716064453125 104.7656707763671875 105.1629486083984375 105.450653076171875 105.78256988525390625 106.003936767578125 106.1126251220703125 106.1562347412109375 106.16161346435546875 106.14788818359375 106.10744476318359375 106.0344390869140625 -9999 -9999 -9999 -9999 -9999 -9999 -9999 -9999 -9999 -9999 -9999
104.88407135009765625 104.99132537841796875 105.26041412353515625 105.4436492919921875 105.61083984375 105.7607879638671875 105.92060089111328125 106.1034393310546875 106.1545867919921875 106.12403106689453125 106.0827789306640625 106.05303192138671875 106.02698516845703125 105.9636077880859375 105.84654998779296875 105.6583404541015625 105.38336944580078125 105.12612152099609375 104.86907196044921875 104.64288330078125 104.54628753662109375 104.61089324951171875 104.92519378662109375 105.3195343017578125 105.5492095947265625 105.818817138671875 105.99964141845703125 106.05218505859375 106.0398406982421875 106.0172576904296875 105.9986114501953125 105.95630645751953125 105.90118408203125 105.6747283935546875 -9999 -9999 -9999 -9999 -9999 -9999 -9999 -9999 -9999 -9999
104.734344482421875 104.88544464111328125 105.14730072021484375 105.30879974365234375 105.47249603271484375 105.62615966796875 105.771575927734375 105.9228057861328125 105.97394561767578125 105.9691009521484375 105.96558380126953125 105.95609283447265625 105.933563232421875 105.8721160888671875 105.7469635009765625 105.54155731201171875 105.194061279296875 104.84156036376953125 104.58307647705078125 104.50014495849609375 104.61096954345703125 104.821685791015625 105.1402587890625 105.4742431640625 105.66628265380859375 105.86751556396484375 105.9908905029296875 105.9878387451171875 105.9306488037109375 105.883697509765625 105.8523712158203125 105.81244659423828125 105.73700714111328125 105.64250946044921875 105.48607635498046875 105.45061492919921875 -9999 -9999 -9999 -9999 -9999 -9999 -9999 -9999
104.66466522216796875 104.86365509033203125 105.097412109375 105.227294921875 105.36132049560546875 105.4884185791015625 105.60015106201171875 105.7213897705078125 105.7871246337890625 105.81871795654296875 105.85262298583984375 105.85895538330078125 105.837982177734375 105.76979827880859375 105.629791259765625 105.424072265625 105.06182098388671875 104.6967010498046875 104.49579620361328125 104.519866943359375 104.745513916015625 104.98504638671875 105.2685089111328125 105.57178497314453125 105.73467254638671875 105.87036895751953125 105.92229461669921875 105.8653564453125 105.78896331787109375 105.74359893798828125 105.71192169189453125 105.67691802978515625 105.62299346923828125 105.54769134521484375 105.46395111083984375 105.4300689697265625 -9999 -9999 -9999 -9999 -9999 -9999 -9999 -9999
104.6537017822265625 104.8790435791015625 105.0928802490234375 105.1911773681640625 105.28028106689453125 105.36629486083984375 105.45139312744140625 105.565185546875 105.6470184326171875 105.70207977294921875 105.75043487548828125 105.76589202880859375 105.74340057373046875 105.66515350341796875 105.51515960693359375 105.29975128173828125 104.96135711669921875 104.65505218505859375 104.4838409423828125 104.51696014404296875 104.75089263916015625 105.01216888427734375 105.29877471923828125 105.57527923583984375 105.70687103271484375 105.79164886474609375 105.77915191650390625 105.69158172607421875 105.62358856201171875 105.59233856201171875 105.5675201416015625 105.55135345458984375 105.5271759033203125 105.46805572509765625 105.3901824951171875 105.27884674072265625 105.21804046630859375 -9999 -9999 -9999 -9999 -9999 -9999 -9999
104.6527099609375 104.874176025390625 105.081939697265625 105.16748046875 105.2126312255859375 105.26204681396484375 105.33011627197265625 105.44359588623046875 105.5393524169921875 105.6102142333984375 105.6616973876953125 105.6743316650390625 105.641754150390625 105.5552215576171875 105.40903472900390625 105.20204925537109375 104.91333770751953125 104.66530609130859375 104.4721832275390625 104.44561767578125 104.6668548583984375 104.96164703369140625 105.2720184326171875 105.5240325927734375 105.6219940185546875 105.651611328125 105.5902099609375 105.4921722412109375 105.42842864990234375 105.40415191650390625 105.39725494384765625 105.412811279296875 105.42482757568359375 105.3811798095703125 105.30997467041015625 105.231903076171875 105.21176910400390625 -9999 -9999 -9999 -9999 -9999 -9999 -9999
104.66045379638671875 104.87673187255859375 105.0591583251953125 105.121734619140625 105.13213348388671875 105.16049957275390625 105.227752685546875 105.34771728515625 105.44750213623046875 105.5181884765625 105.5548553466796875 105.5527496337890625 105.51342010498046875 105.4271392822265625 105.29372406005859375 105.11794281005859375 104.89287567138671875 104.69268798828125 104.45267486572265625 104.32309722900390625 104.51998138427734375 104.85123443603515625 105.18292236328125 105.4008331298828125 105.4636688232421875 105.44406890869140625 105.3663482666015625 105.28217315673828125 105.20241546630859375 105.1664581298828125 105.1748809814453125 105.21941375732421875 105.2598724365234375 105.26325225830078125 105.251007080078125 105.22702789306640625 105.209075927734375 -9999 -9999 -9999 -9999 -9999 -9999 -9999
104.6313018798828125 104.84741973876953125 105.00226593017578125 105.03270721435546875 105.0315093994140625 105.05596160888671875 105.1251373291015625 105.250152587890625 105.34845733642578125 105.40442657470703125 105.405120849609375 105.38346099853515625 105.3459930419921875 105.2710418701171875 105.15688323974609375 105.02320098876953125 104.8562774658203125 104.6941375732421875 104.44907379150390625 104.2108154296875 104.34012603759765625 104.71335601806640625 105.064422607421875 105.217803955078125 105.23868560791015625 105.204254150390625 105.15085601806640625 105.09423828125 105.0252685546875 104.98366546630859375 104.984344482421875 105.03540802001953125 105.0900421142578125 105.14247894287109375 -9999 -9999 -9999 -9999 -9999 -9999 -9999 -9999 -9999 -9999
104.54273223876953125 104.72249603271484375 104.88995361328125 104.91451263427734375 104.944244384765625 104.99222564697265625 105.06037139892578125 105.18173980712890625 105.26906585693359375 105.2947540283203125 105.26386260986328125 105.2351226806640625 105.20467376708984375 105.1399688720703125 105.0377349853515625 104.9320831298828125 104.7960968017578125 104.64948272705078125 104.414398193359375 104.12775421142578125 104.1991119384765625 104.5750579833984375 104.937835693359375 105.06389617919921875 105.068328857421875 105.0488128662109375 105.02228546142578125 104.982421875 104.94103240966796875 104.9097900390625 104.90686798095703125 104.9405517578125 104.96856689453125 104.93929290771484375 -9999 -9999 -9999 -9999 -9999 -9999 -9999 -9999 -9999 -9999
104.49737548828125 104.6190185546875 104.70255279541015625 104.71662139892578125 104.82292938232421875 104.92412567138671875 105.00038909912109375 105.13097381591796875 105.2025146484375 105.1889801025390625 105.1395263671875 105.11473846435546875 105.10108184814453125 105.04172515869140625 104.9402313232421875 104.847198486328125 104.7336273193359375 104.60553741455078125 104.37427520751953125 104.04770660400390625 104.05756378173828125 104.38529205322265625 104.74922943115234375 104.93682098388671875 104.97628021240234375 104.985198974609375 104.97487640380859375 104.9415130615234375 104.89485931396484375 104.86003875732421875 104.85913848876953125 104.8730010986328125 104.8917999267578125 104.89984893798828125 -9999 -9999 -9999 -9999 -9999 -9999 -9999 -9999 -9999 -9999
104.4991455078125 104.58465576171875 104.594482421875 104.56743621826171875 104.6296539306640625 104.7129669189453125 104.80962371826171875 104.99805450439453125 105.066192626953125 105.053009033203125 105.009185791015625 104.98822021484375 104.9846343994140625 104.93436431884765625 104.8333740234375 104.7493438720703125 104.65535736083984375 104.55896759033203125 104.35041046142578125 103.976806640625 103.90842437744140625 104.1676025390625 104.53392791748046875 104.81707000732421875 104.904266357421875 104.94028472900390625 104.9368133544921875 104.9108734130859375 104.868804931640625 104.83202362060546875 104.82884979248046875 104.82454681396484375 104.8277130126953125 104.8298492431640625 -9999 -9999 -9999 -9999 -9999 -9999 -9999 -9999 -9999 -9999
104.49765777587890625 104.56671142578125 104.55638885498046875 104.50801849365234375 104.54283905029296875 104.61295318603515625 104.68610382080078125 104.78311920166015625 104.8115997314453125 104.8332061767578125 104.80361175537109375 104.79418182373046875 104.82769775390625 104.79345703125 104.69902801513671875 104.61923980712890625 104.5274200439453125 104.43703460693359375 104.24393463134765625 103.894927978515625 103.8253021240234375 104.0724029541015625 104.4605712890625 104.78034210205078125 104.877960205078125 104.91960906982421875 104.9217681884765625 104.900787353515625 104.86371612548828125 104.83106231689453125 104.828765869140625 104.81653594970703125 104.80271148681640625 104.79055023193359375 -9999 -9999 -9999 -9999 -9999 -9999 -9999 -9999 -9999 -9999
104.44355010986328125 104.512939453125 104.4983673095703125 104.44925689697265625 104.48119354248046875 104.52752685546875 104.56362152099609375 104.5980377197265625 104.5644683837890625 104.4888763427734375 104.3964996337890625 104.390228271484375 104.4725189208984375 104.48030853271484375 104.4211883544921875 104.3636474609375 104.2888336181640625 104.1961669921875 104.01844024658203125 103.77443695068359375 103.79178619384765625 104.09062957763671875 104.49349212646484375 104.78774261474609375 104.87823486328125 104.922607421875 104.93344879150390625 104.93114471435546875 104.91593170166015625 104.89743804931640625 104.9422760009765625 104.9554901123046875 104.91648101806640625 104.88653564453125 -9999 -9999 -9999 -9999 -9999 -9999 -9999 -9999 -9999 -9999
104.29463958740234375 104.34575653076171875 104.32715606689453125 104.30945587158203125 104.35089874267578125 104.37172698974609375 104.3841705322265625 104.38552093505859375 104.2673797607421875 104.07350921630859375 103.9103240966796875 103.8701019287109375 103.92839813232421875 103.98117828369140625 103.99817657470703125 103.97811126708984375 103.911956787109375 103.808349609375 103.671630859375 103.62522125244140625 103.80614471435546875 104.17441558837890625 104.5632171630859375 104.81697845458984375 104.9034576416015625 104.96595001220703125 104.99700927734375 105.06348419189453125 105.1142578125 105.1061859130859375 105.192230224609375 105.21791839599609375 105.14656829833984375 105.09918975830078125 -9999 -9999 -9999 -9999 -9999 -9999 -9999 -9999 -9999 -9999
104.07129669189453125 104.065216064453125 104.037353515625 104.08266448974609375 104.141754150390625 104.1709747314453125 104.1929779052734375 104.14823150634765625 103.93178558349609375 103.669647216796875 103.4860382080078125 103.42536163330078125 103.4499664306640625 103.5316162109375 103.6379547119140625 103.64485931396484375 103.52092742919921875 103.38622283935546875 103.3218841552734375 103.48682403564453125 103.8165740966796875 104.2706451416015625 104.66888427734375 104.9226837158203125 105.02384185791015625 105.14197540283203125 105.23388671875 105.36544036865234375 105.46195220947265625 105.4332122802734375 105.40750885009765625 105.3321685791015625 105.2354583740234375 105.15004730224609375 105.10575103759765625 -9999 -9999 -9999 -9999 -9999 -9999 -9999 -9999 -9999
