INPUT/RASTER/ASCII_no_standard/BIO12.asc
ncols        225
nrows        269
xllcorner    473009.983799999987
yllcorner    4429051.174800000153
cellsize     50.000000000000
NODATA_value  -9999
[rows 63 to 83 of 269, columns 47 to 93 of 225]
737.82440185546875 737.87872314453125 738.11016845703125 738.348388671875 738.6920166015625 738.99163818359375 739.2010498046875 739.2674560546875 740.14471435546875 743.46112060546875 745.5313720703125 744.90228271484375 743.14208984375 741.751953125 739.89166259765625 738.6162109375 737.8853759765625 737.5986328125 737.705810546875 737.87091064453125 738.04412841796875 738.0380859375 737.67742919921875 737.090576171875 736.45294189453125 735.935546875 735.4908447265625 734.90716552734375 734.44354248046875 734.281494140625 734.06854248046875 733.71856689453125 733.2491455078125 732.84832763671875 732.941162109375 733.15863037109375 733.09130859375 732.922119140625 732.6988525390625 731.99322509765625 730.54345703125 728.7838134765625 727.04730224609375 726.3726806640625 727.15362548828125 729.88201904296875 730.690673828125
738.0150146484375 738.040283203125 738.25738525390625 738.50836181640625 738.84698486328125 739.13702392578125 739.3046875 739.47662353515625 741.30621337890625 744.98748779296875 745.58770751953125 744.547119140625 742.45947265625 740.9805908203125 739.34869384765625 738.302001953125 737.6507568359375 737.3514404296875 737.44512939453125 737.57037353515625 737.64544677734375 737.56707763671875 737.25701904296875 736.7698974609375 736.236572265625 735.89862060546875 735.42584228515625 734.87017822265625 734.38677978515625 734.13934326171875 733.94464111328125 733.67987060546875 733.0595703125 732.4473876953125 732.678955078125 733.11248779296875 733.0313720703125 732.86505126953125 732.6005859375 731.7010498046875 730.31829833984375 728.86907958984375 727.08294677734375 725.9248046875 726.45892333984375 729.0670166015625 729.70379638671875
738.32232666015625 738.3321533203125 738.5076904296875 738.71337890625 738.9766845703125 739.25665283203125 739.39984130859375 739.8707275390625 742.79949951171875 745.5296630859375 745.32568359375 744.05291748046875 741.8245849609375 740.31561279296875 738.847900390625 738.020751953125 737.471435546875 737.13873291015625 737.16009521484375 737.23712158203125 737.23736572265625 737.1187744140625 736.824462890625 736.42803955078125 736.0257568359375 735.78607177734375 735.36676025390625 734.919921875 734.43804931640625 733.9578857421875 733.47808837890625 733.05816650390625 732.45550537109375 731.84027099609375 732.3076171875 733.012451171875 733.00189208984375 732.82415771484375 732.462890625 731.40216064453125 729.975341796875 728.64837646484375 726.9471435546875 725.54022216796875 725.64727783203125 728.01336669921875 728.54205322265625
738.615966796875 738.67401123046875 738.81512451171875 738.94207763671875 739.12078857421875 739.31158447265625 739.45697021484375 740.49334716796875 744.49822998046875 745.63726806640625 744.873046875 743.45697021484375 741.21026611328125 739.79864501953125 738.5267333984375 737.806640625 737.359375 737.05938720703125 736.93121337890625 736.94091796875 736.8968505859375 736.76025390625 736.431640625 736.0732421875 735.79046630859375 735.59942626953125 735.2921142578125 734.9637451171875 734.46270751953125 733.71990966796875 732.91204833984375 732.345947265625 731.76153564453125 731.28887939453125 731.80426025390625 732.5960693359375 732.67340087890625 732.48687744140625 732.113525390625 731.13287353515625 729.83050537109375 728.61126708984375 727.07403564453125 725.803466796875 725.44525146484375 727.02545166015625 727.2899169921875
738.9246826171875 739.01556396484375 739.10748291015625 739.13739013671875 739.2308349609375 739.3065185546875 739.46356201171875 741.65130615234375 744.80413818359375 745.1829833984375 744.33526611328125 742.72894287109375 740.46405029296875 739.17376708984375 738.1025390625 737.58868408203125 737.2852783203125 737.0146484375 736.83660888671875 736.769287109375 736.68463134765625 736.43756103515625 736.01336669921875 735.732421875 735.5985107421875 735.4749755859375 735.25140380859375 734.8975830078125 734.2393798828125 733.3555908203125 732.47052001953125 731.91680908203125 731.41796875 731.03912353515625 731.22930908203125 731.70550537109375 731.85894775390625 731.7589111328125 731.50604248046875 730.74658203125 729.6663818359375 728.6275634765625 727.3817138671875 726.33746337890625 725.8221435546875 726.72393798828125 726.6279296875
739.3028564453125 739.385009765625 739.358154296875 739.24871826171875 739.23907470703125 739.4036865234375 739.99365234375 742.906005859375 745.0616455078125 744.785888671875 743.89697265625 742.19873046875 739.89996337890625 738.6455078125 737.7161865234375 737.44390869140625 737.30694580078125 737.06982421875 736.86199951171875 736.7467041015625 736.59454345703125 736.22406005859375 735.74456787109375 735.5050048828125 735.4722900390625 735.35064697265625 735.10308837890625 734.75567626953125 734.03350830078125 733.120849609375 732.25482177734375 731.7568359375 731.308349609375 730.95416259765625 730.83282470703125 731.01629638671875 731.17401123046875 731.1646728515625 731.0352783203125 730.4754638671875 729.54449462890625 728.574951171875 727.49957275390625 726.6575927734375 726.20599365234375 726.9091796875 726.5887451171875
739.60162353515625 739.6505126953125 739.572021484375 739.41644287109375 739.319091796875 740.0380859375 742.5595703125 744.3590087890625 744.86907958984375 744.30810546875 743.39434814453125 741.66802978515625 739.4207763671875 738.2716064453125 737.55169677734375 737.4384765625 737.35101318359375 737.1082763671875 736.88726806640625 736.77362060546875 736.61761474609375 736.25048828125 735.78564453125 735.438232421875 735.2459716796875 735.04693603515625 734.82952880859375 734.609130859375 733.96905517578125 733.07470703125 732.208251953125 731.72381591796875 731.30389404296875 730.964111328125 730.75970458984375 730.8004150390625 730.8582763671875 730.86468505859375 730.79827880859375 730.3421630859375 729.5311279296875 728.5252685546875 727.45416259765625 726.6837158203125 726.515869140625 727.37127685546875 726.79876708984375
739.73016357421875 739.73565673828125 739.66082763671875 739.61956787109375 739.64691162109375 741.23590087890625 744.52593994140625 745.216064453125 744.53851318359375 743.56219482421875 742.39111328125 740.71966552734375 738.869384765625 738.0146484375 737.53521728515625 737.4337158203125 737.2335205078125 736.95074462890625 736.8187255859375 736.79632568359375 736.66015625 736.3907470703125 736.01190185546875 735.5084228515625 735.1400146484375 734.8662109375 734.63995361328125 734.416015625 733.83428955078125 732.9678955078125 732.0770263671875 731.59063720703125 731.257080078125 730.98834228515625 730.8299560546875 730.83819580078125 730.7567138671875 730.66845703125 730.57806396484375 730.22088623046875 729.477294921875 728.4857177734375 727.4873046875 726.81976318359375 726.9544677734375 728.07666015625 727.31048583984375
739.77886962890625 739.7852783203125 739.68212890625 739.69976806640625 740.0245361328125 742.9095458984375 745.1649169921875 745.1571044921875 744.2271728515625 742.865966796875 741.34417724609375 739.80889892578125 738.39654541015625 737.81634521484375 737.53228759765625 737.3997802734375 737.16864013671875 736.90887451171875 736.8248291015625 736.82025146484375 736.68719482421875 736.4549560546875 736.1639404296875 735.66033935546875 735.21856689453125 734.91680908203125 734.49853515625 734.1402587890625 733.61334228515625 732.80523681640625 731.8748779296875 731.323974609375 731.09356689453125 730.995361328125 730.986328125 730.93914794921875 730.7623291015625 730.60107421875 730.4755859375 730.1685791015625 729.3551025390625 728.39300537109375 727.54736328125 727.05670166015625 727.36907958984375 728.75811767578125 728.0994873046875
739.80792236328125 739.84600830078125 739.76495361328125 739.79132080078125 740.27288818359375 743.82659912109375 745.52874755859375 745.204345703125 744.1590576171875 742.5341796875 740.80908203125 739.35015869140625 738.19842529296875 737.76251220703125 737.5257568359375 737.34234619140625 737.13958740234375 736.8868408203125 736.81048583984375 736.82440185546875 736.7113037109375 736.47772216796875 736.19500732421875 735.7569580078125 735.26104736328125 734.91754150390625 734.3143310546875 733.7562255859375 733.237548828125 732.46685791015625 731.45306396484375 730.75592041015625 730.64874267578125 730.91571044921875 731.12841796875 731.006103515625 730.7880859375 730.634033203125 730.5050048828125 730.17181396484375 729.27862548828125 728.31732177734375 727.58355712890625 727.25701904296875 727.78436279296875 729.21014404296875 728.85272216796875
739.88232421875 739.95086669921875 739.9737548828125 740.08148193359375 741.151123046875 744.54486083984375 745.7789306640625 745.40411376953125 744.36273193359375 742.65081787109375 740.7613525390625 739.25799560546875 738.21759033203125 737.8294677734375 737.56927490234375 737.4349365234375 737.29315185546875 736.98236083984375 736.794189453125 736.8203125 736.73931884765625 736.45452880859375 736.0802001953125 735.61181640625 735.11004638671875 734.73577880859375 734.0440673828125 733.20458984375 732.45477294921875 731.5089111328125 730.3184814453125 729.58160400390625 729.82708740234375 730.75286865234375 731.1834716796875 731.03668212890625 730.8233642578125 730.696533203125 730.558349609375 730.19989013671875 729.32177734375 728.41351318359375 727.64178466796875 727.3216552734375 728.73980712890625 729.5323486328125 729.09527587890625
739.9586181640625 740.0733642578125 740.196533203125 740.95880126953125 744.01422119140625 746.1346435546875 746.03607177734375 745.50347900390625 744.37384033203125 742.59747314453125 740.57220458984375 739.0511474609375 738.14105224609375 737.83642578125 737.6490478515625 737.60247802734375 737.51055908203125 737.28594970703125 737.0831298828125 736.9757080078125 736.76055908203125 736.32391357421875 735.84521484375 735.2999267578125 734.775146484375 734.40325927734375 733.6925048828125 732.7369384765625 731.75262451171875 730.62237548828125 729.5872802734375 729.11090087890625 729.47015380859375 730.404296875 730.9212646484375 730.94439697265625 730.80609130859375 730.687744140625 730.550537109375 730.21417236328125 729.38226318359375 728.47296142578125 727.630615234375 727.306884765625 729.05859375 729.57989501953125 729.01995849609375
739.96044921875 740.087646484375 740.30145263671875 742.0771484375 745.78106689453125 746.39794921875 745.69879150390625 745.04248046875 743.68115234375 741.73419189453125 739.89251708984375 738.68292236328125 738.06048583984375 737.88897705078125 737.7564697265625 737.65673828125 737.54376220703125 737.36083984375 737.168212890625 737.00018310546875 736.66632080078125 736.214111328125 735.75103759765625 735.14404296875 734.62579345703125 734.23187255859375 733.51348876953125 732.5152587890625 731.3564453125 730.15582275390625 729.2991943359375 728.986328125 729.0888671875 729.6090087890625 730.1607666015625 730.50299072265625 730.60589599609375 730.586181640625 730.4700927734375 730.1478271484375 729.36395263671875 728.39080810546875 727.49700927734375 727.18707275390625 728.93267822265625 729.4549560546875 728.9095458984375
740.0841064453125 740.125244140625 740.6268310546875 743.129638671875 745.9700927734375 745.8125 744.92938232421875 744.13385009765625 742.50396728515625 740.50518798828125 739.109619140625 738.408447265625 738.07977294921875 738.01727294921875 737.96331787109375 737.8226318359375 737.6458740234375 737.40179443359375 737.1776123046875 736.9207763671875 736.50885009765625 736.13690185546875 735.6834716796875 735.04302978515625 734.51177978515625 734.1212158203125 733.40496826171875 732.4111328125 731.250732421875 730.094970703125 729.261962890625 728.8726806640625 728.67474365234375 728.7559814453125 729.221923828125 729.788330078125 730.15234375 730.2586669921875 730.19317626953125 729.88970947265625 729.1839599609375 728.23419189453125 727.329345703125 726.98394775390625 728.683349609375 729.1639404296875 728.65423583984375
740.19354248046875 740.15802001953125 740.87591552734375 743.9310302734375 745.32586669921875 744.5174560546875 743.6207275390625 742.75494384765625 741.08526611328125 739.3612060546875 738.55682373046875 738.3123779296875 738.20880126953125 738.19635009765625 738.12225341796875 737.92144775390625 737.69903564453125 737.430419921875 737.18341064453125 736.842041015625 736.4188232421875 736.10992431640625 735.59710693359375 734.93505859375 734.3763427734375 734.02276611328125 733.344970703125 732.37432861328125 731.31207275390625 730.26190185546875 729.362060546875 728.7740478515625 728.2078857421875 727.8218994140625 728.22015380859375 729.06072998046875 729.6199951171875 729.80572509765625 729.7738037109375 729.473876953125 728.8167724609375 727.9429931640625 727.1285400390625 726.82989501953125 728.47454833984375 728.83740234375 728.24249267578125
740.00531005859375 739.96282958984375 740.72894287109375 743.30255126953125 743.77093505859375 742.75384521484375 741.92010498046875 741.1336669921875 739.755859375 738.62164306640625 738.32928466796875 738.38751220703125 738.4146728515625 738.37060546875 738.18658447265625 737.9554443359375 737.72467041015625 737.4544677734375 737.2154541015625 736.90802001953125 736.4697265625 736.0853271484375 735.49273681640625 734.7982177734375 734.207763671875 733.86468505859375 733.27130126953125 732.389404296875 731.41302490234375 730.4481201171875 729.47552490234375 728.6981201171875 727.7867431640625 726.976806640625 727.3360595703125 728.4962158203125 729.18096923828125 729.36151123046875 729.36260986328125 729.025634765625 728.29931640625 727.49920654296875 726.788818359375 726.54840087890625 728.0970458984375 728.273681640625 727.52996826171875
739.427978515625 739.602294921875 741.195068359375 742.73834228515625 742.23828125 741.23388671875 740.4716796875 739.78436279296875 738.75738525390625 738.143310546875 738.29925537109375 738.5797119140625 738.5928955078125 738.4957275390625 738.2437744140625 737.98834228515625 737.7550048828125 737.48358154296875 737.2608642578125 737.02874755859375 736.57305908203125 736.06787109375 735.42938232421875 734.62689208984375 733.97705078125 733.62176513671875 733.09197998046875 732.3538818359375 731.4278564453125 730.4666748046875 729.36956787109375 728.47808837890625 727.44842529296875 726.53656005859375 726.75604248046875 727.94757080078125 728.7254638671875 728.89056396484375 728.854736328125 728.499267578125 727.7374267578125 726.95111083984375 726.16949462890625 725.82281494140625 727.3056640625 727.1591796875 726.04730224609375
737.9022216796875 739.22332763671875 741.9771728515625 742.168701171875 741.08941650390625 740.1041259765625 739.3956298828125 738.8099365234375 738.041259765625 737.7342529296875 738.22900390625 738.6839599609375 738.64324951171875 738.5159912109375 738.2666015625 738.01422119140625 737.78076171875 737.50836181640625 737.2823486328125 737.038818359375 736.589599609375 736.07373046875 735.3515625 734.47967529296875 733.79986572265625 733.42913818359375 732.95513916015625 732.3253173828125 731.38800048828125 730.3851318359375 729.2635498046875 728.30828857421875 727.27947998046875 726.39886474609375 726.34503173828125 727.3138427734375 728.18414306640625 728.40399169921875 728.35845947265625 728.0133056640625 727.26141357421875 726.417236328125 725.3699951171875 724.709716796875 726.08270263671875 725.91021728515625 724.73443603515625
736.5748291015625 738.9290771484375 741.739013671875 741.37469482421875 740.35552978515625 739.365966796875 738.723388671875 738.2080078125 737.57159423828125 737.3675537109375 737.9073486328125 738.4818115234375 738.53961181640625 738.44403076171875 738.23004150390625 738.0059814453125 737.791259765625 737.523681640625 737.30035400390625 737.07379150390625 736.631591796875 736.03692626953125 735.25799560546875 734.41680908203125 733.74945068359375 733.38507080078125 732.992919921875 732.33416748046875 731.37103271484375 730.392333984375 729.3702392578125 728.38580322265625 727.2691650390625 726.309814453125 726.2501220703125 727.02166748046875 727.76092529296875 727.97576904296875 727.9560546875 727.6396484375 726.87445068359375 725.85528564453125 724.3924560546875 723.32763671875 724.62042236328125 724.94854736328125 724.39404296875
736.26129150390625 739.87701416015625 741.23553466796875 740.83209228515625 739.90997314453125 738.94024658203125 738.3487548828125 737.90155029296875 737.29571533203125 736.9163818359375 737.1346435546875 737.7100830078125 738.01373291015625 738.10906982421875 738.0018310546875 737.84661865234375 737.74078369140625 737.533203125 737.32275390625 737.14410400390625 736.7208251953125 736.019775390625 735.18804931640625 734.39764404296875 733.7823486328125 733.44464111328125 732.97503662109375 732.2100830078125 731.23211669921875 730.184814453125 729.09588623046875 728.0234375 726.767578125 725.89410400390625 726.21038818359375 726.95123291015625 727.45599365234375 727.57232666015625 727.51068115234375 727.185302734375 726.398193359375 725.19708251953125 723.34356689453125 722.01519775390625 723.1053466796875 723.77130126953125 723.7850341796875
736.02020263671875 740.0091552734375 740.6025390625 740.21636962890625 739.44708251953125 738.58154296875 738.03759765625 737.6204833984375 737.067626953125 736.590576171875 736.49853515625 736.9027099609375 737.2779541015625 737.51153564453125 737.552490234375 737.51165771484375 737.56732177734375 737.50946044921875 737.32501220703125 737.1322021484375 736.66790771484375 735.94329833984375 735.12469482421875 734.41552734375 733.86962890625 733.52459716796875 732.90081787109375 732.03076171875 730.99615478515625 729.788818359375 728.35595703125 727.10369873046875 725.82940673828125 725.3232421875 726.23486328125 727.029541015625 727.28314208984375 727.2349853515625 726.9761962890625 726.5360107421875 725.7340087890625 724.4342041015625 722.57904052734375 721.33563232421875 722.0120849609375 722.4150390625 722.57159423828125
