INPUT/RASTER/ASCII_no_standard/BIO14.asc
ncols        225
nrows        269
xllcorner    473009.983799999987
yllcorner    4429051.174800000153
cellsize     50.000000000000
NODATA_value  -9999
[rows 57 to 75 of 269, columns 43 to 85 of 225]
7.5181508064270019531 7.5303549766540527344 7.5462598800659179688 7.5653920173645019531 7.5841236114501953125 7.5925836563110351563 7.5974411964416503906 7.5988664627075195313 7.6013827323913574219 7.6083779335021972656 7.6179547309875488281 7.6258454322814941406 7.6349930763244628906 7.6437244415283203125 7.6477265357971191406 7.6556468009948730469 7.660335540771484375 7.6591854095458984375 7.658824920654296875 7.6571102142333984375 7.6515440940856933594 7.6339750289916992188 7.6098446846008300781 7.6010537147521972656 7.6008572578430175781 7.6013088226318359375 7.6017680168151855469 7.6014094352722167969 7.5964446067810058594 7.5890288352966308594 7.5822501182556152344 7.573108673095703125 7.5675230026245117188 7.5656247138977050781 7.56900787353515625 7.5724759101867675781 7.5724992752075195313 7.5725536346435546875 7.5804471969604492188 7.5915846824645996094 7.5972409248352050781 7.5978946685791015625 7.5966753959655761719
7.5309472084045410156 7.5423531532287597656 7.557895660400390625 7.5776929855346679688 7.5949535369873046875 7.6016869544982910156 7.6055731773376464844 7.6081662178039550781 7.611682891845703125 7.6193594932556152344 7.6303882598876953125 7.6390633583068847656 7.6458401679992675781 7.6503038406372070313 7.6543664932250976563 7.6625981330871582031 7.6635565757751464844 7.66033935546875 7.6558270454406738281 7.6511864662170410156 7.6444010734558105469 7.6251568794250488281 7.6032934188842773438 7.5976018905639648438 7.6002564430236816406 7.6038904190063476563 7.6056857109069824219 7.606311798095703125 7.6022696495056152344 7.59517669677734375 7.5884709358215332031 7.5792913436889648438 7.573963165283203125 7.5713067054748535156 7.5727834701538085938 7.5744833946228027344 7.573825836181640625 7.57465362548828125 7.5813856124877929688 7.5904774665832519531 7.5961132049560546875 7.5990729331970214844 7.5984277725219726563
7.5478138923645019531 7.5578551292419433594 7.5724806785583496094 7.5904707908630371094 7.6034531593322753906 7.6077585220336914063 7.6116337776184082031 7.6158022880554199219 7.6196269989013671875 7.6272792816162109375 7.6378111839294433594 7.6451601982116699219 7.6512713432312011719 7.6547374725341796875 7.6604466438293457031 7.6687059402465820313 7.665584564208984375 7.6593151092529296875 7.6498847007751464844 7.6414361000061035156 7.6318287849426269531 7.6120748519897460938 7.5999827384948730469 7.5994544029235839844 7.6033205986022949219 7.6077375411987304688 7.6095080375671386719 7.6090226173400878906 7.6045579910278320313 7.5987262725830078125 7.5928125381469726563 7.5847425460815429688 7.5797219276428222656 7.57851409912109375 7.5786046981811523438 7.5770387649536132813 7.5766768455505371094 7.5783362388610839844 7.584186553955078125 7.591182708740234375 7.596561431884765625 7.5990548133850097656 7.5992364883422851563
7.5686330795288085938 7.5776224136352539063 7.5900430679321289063 7.6033463478088378906 7.61045074462890625 7.6124196052551269531 7.6158223152160644531 7.6208219528198242188 7.6264185905456542969 7.6347255706787109375 7.643398284912109375 7.6490674018859863281 7.6542239189147949219 7.6594605445861816406 7.6689138412475585938 7.6747403144836425781 7.6664614677429199219 7.6562390327453613281 7.64093780517578125 7.6276307106018066406 7.6162943840026855469 7.6026639938354492188 7.5998163223266601563 7.603763580322265625 7.6094236373901367188 7.6138377189636230469 7.6143403053283691406 7.6116604804992675781 7.6064519882202148438 7.601047515869140625 7.5959143638610839844 7.5893316268920898438 7.5849719047546386719 7.5848498344421386719 7.5840883255004882813 7.5808210372924804688 7.5811767578125 7.5830225944519042969 7.5884127616882324219 7.593921661376953125 7.5992832183837890625 7.6017055511474609375 7.6021885871887207031
7.5926504135131835938 7.5982646942138671875 7.6044955253601074219 7.6110773086547851563 7.61533355712890625 7.6172709465026855469 7.6206984519958496094 7.6264257431030273438 7.6337971687316894531 7.6425833702087402344 7.6504111289978027344 7.6544365882873535156 7.6581707000732421875 7.6659116744995117188 7.6768021583557128906 7.6796355247497558594 7.6666989326477050781 7.6523480415344238281 7.6306309700012207031 7.6144723892211914063 7.6043696403503417969 7.5989127159118652344 7.6017560958862304688 7.6079316139221191406 7.615077972412109375 7.6204562187194824219 7.6198592185974121094 7.6144804954528808594 7.6085824966430664063 7.6033940315246582031 7.5989503860473632813 7.5932946205139160156 7.5905184745788574219 7.5911207199096679688 7.5904073715209960938 7.5867571830749511719 7.5868887901306152344 7.5882625579833984375 7.5932517051696777344 7.598846435546875 7.6038556098937988281 7.6069288253784179688 7.6065931320190429688
7.6140146255493164063 7.6155548095703125 7.6157083511352539063 7.6158108711242675781 7.6183686256408691406 7.6214838027954101563 7.6268296241760253906 7.6334209442138671875 7.6420664787292480469 7.6508412361145019531 7.6579046249389648438 7.66094970703125 7.6658105850219726563 7.6764330863952636719 7.685634613037109375 7.682826995849609375 7.6652922630310058594 7.6480851173400878906 7.6224145889282226563 7.6055808067321777344 7.5977964401245117188 7.5973696708679199219 7.6035985946655273438 7.609821319580078125 7.6164088249206542969 7.6218018531799316406 7.621143341064453125 7.6156163215637207031 7.6095194816589355469 7.6042699813842773438 7.6005954742431640625 7.5956430435180664063 7.5934519767761230469 7.5951256752014160156 7.595302581787109375 7.5919637680053710938 7.590709686279296875 7.5911893844604492188 7.5963430404663085938 7.6030721664428710938 7.6076593399047851563 7.6094717979431152344 7.6084742546081542969
7.6244730949401855469 7.6240510940551757813 7.6231732368469238281 7.6208825111389160156 7.6212525367736816406 7.6244292259216308594 7.6313214302062988281 7.6386265754699707031 7.6479401588439941406 7.6565980911254882813 7.6627945899963378906 7.666194915771484375 7.6733388900756835938 7.6845493316650390625 7.6903257369995117188 7.6826124191284179688 7.6601462364196777344 7.6417140960693359375 7.6174268722534179688 7.602298736572265625 7.5955691337585449219 7.5964159965515136719 7.603363037109375 7.6091179847717285156 7.6147942543029785156 7.6194062232971191406 7.6189393997192382813 7.6150960922241210938 7.6098761558532714844 7.6052598953247070313 7.60173797607421875 7.5974092483520507813 7.5949053764343261719 7.597309112548828125 7.5989789962768554688 7.5969500541687011719 7.5927515029907226563 7.5909023284912109375 7.5974125862121582031 7.6060528755187988281 7.6098036766052246094 7.6106772422790527344 7.609836578369140625
7.6314024925231933594 7.6288661956787109375 7.6285033226013183594 7.6269545555114746094 7.6268963813781738281 7.6296339035034179688 7.6363162994384765625 7.643825531005859375 7.6530737876892089844 7.6615967750549316406 7.66703033447265625 7.6714262962341308594 7.6806955337524414063 7.6917500495910644531 7.6922984123229980469 7.6803917884826660156 7.6528749465942382813 7.6330733299255371094 7.6123199462890625 7.6007299423217773438 7.5952367782592773438 7.59590911865234375 7.6026530265808105469 7.6077861785888671875 7.6119580268859863281 7.6154632568359375 7.6157894134521484375 7.6135044097900390625 7.6096339225769042969 7.6071982383728027344 7.6038699150085449219 7.6002144813537597656 7.5974187850952148438 7.5985169410705566406 7.6004710197448730469 7.5997576713562011719 7.5932416915893554688 7.5881476402282714844 7.5968117713928222656 7.6087889671325683594 7.6123371124267578125 7.6132574081420898438 7.6117863655090332031
7.635623931884765625 7.632694244384765625 7.6332416534423828125 7.6335430145263671875 7.6345286369323730469 7.6370382308959960938 7.6430935859680175781 7.6499109268188476563 7.6580100059509277344 7.6663942337036132813 7.6714534759521484375 7.6765170097351074219 7.6879301071166992188 7.6954622268676757813 7.6912488937377929688 7.6762576103210449219 7.6465735435485839844 7.6263051033020019531 7.6080951690673828125 7.5999021530151367188 7.5959897041320800781 7.5961666107177734375 7.6017985343933105469 7.6061811447143554688 7.6092095375061035156 7.6121029853820800781 7.6126837730407714844 7.6118183135986328125 7.6099057197570800781 7.6088471412658691406 7.6065030097961425781 7.6045932769775390625 7.6018362045288085938 7.5993499755859375 7.5969099998474121094 7.5938014984130859375 7.5875716209411621094 7.5824499130249023438 7.5947666168212890625 7.6109333038330078125 7.6155796051025390625 7.6163258552551269531 7.613368988037109375
7.6378650665283203125 7.6364369392395019531 7.6373867988586425781 7.6388134956359863281 7.6418972015380859375 7.6451621055603027344 7.6506977081298828125 7.656307220458984375 7.6631283760070800781 7.6702833175659179688 7.67516326904296875 7.6803765296936035156 7.6929473876953125 7.6954145431518554688 7.6879296302795410156 7.6707401275634765625 7.6407728195190429688 7.6220045089721679688 7.6068243980407714844 7.6002893447875976563 7.5979590415954589844 7.5986604690551757813 7.6019873619079589844 7.6053218841552734375 7.6076760292053222656 7.6102995872497558594 7.6103620529174804688 7.6101021766662597656 7.6100301742553710938 7.6097230911254882813 7.6091203689575195313 7.6090502738952636719 7.6060123443603515625 7.5994787216186523438 7.5919795036315917969 7.5866146087646484375 7.5806798934936523438 7.5777759552001953125 7.5908484458923339844 7.6083588600158691406 7.6143712997436523438 7.6149849891662597656 7.6118474006652832031
7.6382417678833007813 7.6395192146301269531 7.6415948867797851563 7.644382476806640625 7.6494889259338378906 7.6532688140869140625 7.6580567359924316406 7.6621737480163574219 7.667751312255859375 7.6736865043640136719 7.6774578094482421875 7.6839551925659179688 7.6926693916320800781 7.6925158500671386719 7.6840834617614746094 7.663974761962890625 7.6337327957153320313 7.6168365478515625 7.6047596931457519531 7.6014161109924316406 7.6013135910034179688 7.6024870872497558594 7.6050505638122558594 7.6071887016296386719 7.6089267730712890625 7.6098546981811523438 7.6084532737731933594 7.6094074249267578125 7.611629486083984375 7.6123614311218261719 7.6130609512329101563 7.6126112937927246094 7.6071634292602539063 7.598453521728515625 7.5897669792175292969 7.5845937728881835938 7.5799889564514160156 7.5785489082336425781 7.5866146087646484375 7.5992555618286132813 7.6064515113830566406 7.6084012985229492188 7.607128143310546875
7.6395864486694335938 7.6434459686279296875 7.6478128433227539063 7.6527915000915527344 7.6591057777404785156 7.6627588272094726563 7.6657257080078125 7.6676998138427734375 7.6716847419738769531 7.6769857406616210938 7.6801581382751464844 7.6871676445007324219 7.6925549507141113281 7.6903452873229980469 7.6815690994262695313 7.6600627899169921875 7.6293125152587890625 7.6129736900329589844 7.6031017303466796875 7.6034984588623046875 7.6059775352478027344 7.6076917648315429688 7.6098070144653320313 7.6112017631530761719 7.6119136810302734375 7.6109514236450195313 7.6087126731872558594 7.6103301048278808594 7.6141171455383300781 7.6148829460144042969 7.6152286529541015625 7.614898681640625 7.6084842681884765625 7.5993371009826660156 7.5909566879272460938 7.5866494178771972656 7.5828380584716796875 7.5818023681640625 7.5850787162780761719 7.5932106971740722656 7.6004877090454101563 7.6038455963134765625 7.6044902801513671875
7.6443266868591308594 7.6494503021240234375 7.6542506217956542969 7.6607565879821777344 7.6674971580505371094 7.6706547737121582031 7.6728463172912597656 7.6741213798522949219 7.6766352653503417969 7.6807703971862792969 7.6870069503784179688 7.6909956932067871094 7.6908502578735351563 7.6864991188049316406 7.6773819923400878906 7.6554617881774902344 7.6255130767822265625 7.6108026504516601563 7.6041784286499023438 7.6070413589477539063 7.6102957725524902344 7.6119456291198730469 7.6138663291931152344 7.6152815818786621094 7.6159482002258300781 7.6150503158569335938 7.6130533218383789063 7.6130299568176269531 7.6143536567687988281 7.6139273643493652344 7.6147546768188476563 7.6164031028747558594 7.6112761497497558594 7.6024155616760253906 7.5940375328063964844 7.5899424552917480469 7.5865879058837890625 7.5857958793640136719 7.5878090858459472656 7.59374237060546875 7.599491119384765625 7.6030979156494140625 7.604724884033203125
7.6505742073059082031 7.6552686691284179688 7.6594858169555664063 7.6661324501037597656 7.6723828315734863281 7.6749091148376464844 7.6771826744079589844 7.6802306175231933594 7.6834163665771484375 7.6875028610229492188 7.6940593719482421875 7.6943655014038085938 7.6882700920104980469 7.6784062385559082031 7.6653246879577636719 7.6442675590515136719 7.6204504966735839844 7.6102838516235351563 7.6073827743530273438 7.6104373931884765625 7.6119604110717773438 7.6130123138427734375 7.6163105964660644531 7.6191272735595703125 7.6201124191284179688 7.6207318305969238281 7.6200742721557617188 7.6176624298095703125 7.6162629127502441406 7.6146821975708007813 7.6153850555419921875 7.6169958114624023438 7.6127862930297851563 7.6043577194213867188 7.5956087112426757813 7.59148406982421875 7.5894756317138671875 7.5897998809814453125 7.59253692626953125 7.5979700088500976563 7.6015791893005371094 7.6037278175354003906 7.6049909591674804688
7.6558089256286621094 7.65944671630859375 7.66355133056640625 7.6697473526000976563 7.6753606796264648438 7.678127288818359375 7.6800713539123535156 7.6840348243713378906 7.6889171600341796875 7.69507598876953125 7.6988501548767089844 7.6961121559143066406 7.6864829063415527344 7.6706905364990234375 7.6522030830383300781 7.6332612037658691406 7.6162080764770507813 7.6102776527404785156 7.6104006767272949219 7.6129856109619140625 7.6140408515930175781 7.6154637336730957031 7.6194891929626464844 7.6225647926330566406 7.6236333847045898438 7.6248388290405273438 7.6255478858947753906 7.6231508255004882813 7.6206183433532714844 7.6186051368713378906 7.6163606643676757813 7.6159424781799316406 7.61260986328125 7.6050820350646972656 7.5957264900207519531 7.5906052589416503906 7.5902004241943359375 7.5931715965270996094 7.5982270240783691406 7.6028041839599609375 7.6049504280090332031 7.6059732437133789063 7.6067013740539550781
7.6599383354187011719 7.6631464958190917969 7.6671619415283203125 7.6731371879577636719 7.6776103973388671875 7.6814007759094238281 7.6839275360107421875 7.6880297660827636719 7.6932301521301269531 7.700572967529296875 7.7033376693725585938 7.6997303962707519531 7.6884655952453613281 7.6686100959777832031 7.6469898223876953125 7.629238128662109375 7.6162109375 7.6125054359436035156 7.61336517333984375 7.6151690483093261719 7.6166682243347167969 7.6182069778442382813 7.6221833229064941406 7.6254673004150390625 7.6270794868469238281 7.6282968521118164063 7.6291422843933105469 7.6277747154235839844 7.6244015693664550781 7.6217417716979980469 7.6166958808898925781 7.61350250244140625 7.6104478836059570313 7.6035046577453613281 7.5928630828857421875 7.5854811668395996094 7.5869860649108886719 7.5956072807312011719 7.604095458984375 7.6075115203857421875 7.6090264320373535156 7.6101593971252441406 7.610836029052734375
7.6647024154663085938 7.6679325103759765625 7.6716756820678710938 7.6776666641235351563 7.681766510009765625 7.6862568855285644531 7.6904878616333007813 7.6954469680786132813 7.7015552520751953125 7.7092623710632324219 7.7106733322143554688 7.7067317962646484375 7.6955351829528808594 7.674343109130859375 7.6501936912536621094 7.6317715644836425781 7.6204667091369628906 7.6174974441528320313 7.6180043220520019531 7.6205730438232421875 7.6230211257934570313 7.6236433982849121094 7.6253004074096679688 7.6285309791564941406 7.6314363479614257813 7.6319637298583984375 7.6314067840576171875 7.6295876502990722656 7.6261205673217773438 7.6229891777038574219 7.6166958808898925781 7.6099085807800292969 7.6036438941955566406 7.5940217971801757813 7.5806627273559570313 7.5726704597473144531 7.5796346664428710938 7.5984449386596679688 7.6103167533874511719 7.6133608818054199219 7.6149535179138183594 7.6164984703063964844 7.6170573234558105469
7.6710824966430664063 7.6747746467590332031 7.6782093048095703125 7.6834211349487304688 7.6872501373291015625 7.6924805641174316406 7.698272705078125 7.7062239646911621094 7.7177720069885253906 7.7217640876770019531 7.7186865806579589844 7.7133841514587402344 7.7008333206176757813 7.6786565780639648438 7.6524195671081542969 7.6337399482727050781 7.6244530677795410156 7.6227717399597167969 7.6244120597839355469 7.6283440589904785156 7.6315708160400390625 7.6335325241088867188 7.634807586669921875 7.6359157562255859375 7.6369714736938476563 7.6351923942565917969 7.6330404281616210938 7.6300492286682128906 7.6262235641479492188 7.6231355667114257813 7.6164464950561523438 7.6070928573608398438 7.5968661308288574219 7.5843844413757324219 7.5734376907348632813 7.5694732666015625 7.5782146453857421875 7.597179412841796875 7.610408782958984375 7.6160840988159179688 7.6186842918395996094 7.6201086044311523438 7.6209721565246582031
7.6747808456420898438 7.67935943603515625 7.6838426589965820313 7.6875219345092773438 7.690143585205078125 7.6955900192260742188 7.7019762992858886719 7.7119307518005371094 7.7250256538391113281 7.7243051528930664063 7.7167286872863769531 7.7097086906433105469 7.6935954093933105469 7.6687994003295898438 7.6454105377197265625 7.6315579414367675781 7.6267209053039550781 7.6270990371704101563 7.62960052490234375 7.632724761962890625 7.6356401443481445313 7.6382684707641601563 7.639705657958984375 7.6398844718933105469 7.6391243934631347656 7.6371216773986816406 7.6352357864379882813 7.6313071250915527344 7.6275858879089355469 7.6241693496704101563 7.6173410415649414063 7.6070780754089355469 7.5940504074096679688 7.5804758071899414063 7.5722880363464355469 7.5708489418029785156 7.5756397247314453125 7.5882315635681152344 7.6020131111145019531 7.6126160621643066406 7.6186323165893554688 7.6211047172546386719 7.6228127479553222656
