INPUT/RASTER/ASCII_no_standard/BIO14.asc
ncols        225
nrows        269
xllcorner    473009.983799999987
yllcorner    4429051.174800000153
cellsize     50.000000000000
NODATA_value  -9999
[rows 171 to 189 of 269, columns 86 to 128 of 225]
6.6961302757263183594 6.7038159370422363281 6.7164692878723144531 6.7473154067993164063 6.7821307182312011719 6.8082342147827148438 6.8377566337585449219 6.8774733543395996094 6.9090714454650878906 6.94676971435546875 6.9895071983337402344 7.0217485427856445313 7.0544958114624023438 7.0801482200622558594 7.0914769172668457031 7.1000390052795410156 7.1150083541870117188 7.1329159736633300781 7.1497368812561035156 7.1588454246520996094 7.1597371101379394531 7.150691986083984375 7.102138519287109375 6.99639129638671875 6.8726077079772949219 6.7637763023376464844 6.6997523307800292969 6.6950392723083496094 6.7251439094543457031 6.7963657379150390625 6.9123311042785644531 7.049602508544921875 7.152111053466796875 7.1961665153503417969 7.2315144538879394531 7.2607665061950683594 7.2812280654907226563 7.2964472770690917969 7.3045701980590820313 7.3065576553344726563 7.2853403091430664063 7.2231197357177734375 7.1337432861328125
6.6969532966613769531 6.708621978759765625 6.7226428985595703125 6.7507576942443847656 6.7876253128051757813 6.8212409019470214844 6.8518748283386230469 6.8863067626953125 6.9144964218139648438 6.9505176544189453125 6.9896459579467773438 7.0165281295776367188 7.0428509712219238281 7.0672216415405273438 7.0799126625061035156 7.0915913581848144531 7.1065316200256347656 7.1231665611267089844 7.1403913497924804688 7.1506452560424804688 7.151416778564453125 7.1442432403564453125 7.0994510650634765625 6.9948205947875976563 6.8705601692199707031 6.7615237236022949219 6.6990566253662109375 6.6891303062438964844 6.7035832405090332031 6.7548732757568359375 6.85575103759765625 6.9980368614196777344 7.1124768257141113281 7.1567707061767578125 7.1857023239135742188 7.21124267578125 7.2400593757629394531 7.2753314971923828125 7.3050990104675292969 7.3235249519348144531 7.3195743560791015625 7.263210296630859375 7.1728796958923339844
6.7026448249816894531 6.7200589179992675781 6.7373032569885253906 6.7688989639282226563 6.8136749267578125 6.8561282157897949219 6.8874278068542480469 6.9126186370849609375 6.9326710700988769531 6.9608883857727050781 6.9908294677734375 7.0102052688598632813 7.0288281440734863281 7.0511460304260253906 7.0656728744506835938 7.0831847190856933594 7.0990247726440429688 7.1149506568908691406 7.13306427001953125 7.1455969810485839844 7.1488318443298339844 7.1418747901916503906 7.0957746505737304688 6.9862823486328125 6.8593435287475585938 6.7553501129150390625 6.6989455223083496094 6.6875295639038085938 6.6903858184814453125 6.7192997932434082031 6.8055062294006347656 6.9539694786071777344 7.0717992782592773438 7.1081719398498535156 7.1222624778747558594 7.1388659477233886719 7.175884246826171875 7.2309207916259765625 7.2818813323974609375 7.3174319267272949219 7.335430145263671875 7.292842864990234375 7.2138719558715820313
6.7143573760986328125 6.739391326904296875 6.7613291740417480469 6.7989654541015625 6.8480505943298339844 6.8929047584533691406 6.9276089668273925781 6.9513955116271972656 6.9665699005126953125 6.9838757514953613281 6.9975862503051757813 7.0068192481994628906 7.0206837654113769531 7.0406212806701660156 7.0553870201110839844 7.0756311416625976563 7.0921392440795898438 7.1091208457946777344 7.1280412673950195313 7.1412224769592285156 7.1458554267883300781 7.1348567008972167969 7.0749444961547851563 6.9541616439819335938 6.8256902694702148438 6.7299966812133789063 6.6850295066833496094 6.6795573234558105469 6.685443878173828125 6.7073721885681152344 6.7806220054626464844 6.9068346023559570313 7.0008764266967773438 7.02761077880859375 7.0305628776550292969 7.0415320396423339844 7.0882420539855957031 7.15869903564453125 7.2215175628662109375 7.2665948867797851563 7.3087449073791503906 7.2995891571044921875 7.2491607666015625
6.72747039794921875 6.7574701309204101563 6.780345916748046875 6.8191847801208496094 6.8718218803405761719 6.921031951904296875 6.9614186286926269531 6.9867525100708007813 6.9996962547302246094 7.0067505836486816406 7.0065121650695800781 7.0081906318664550781 7.0186018943786621094 7.0367136001586914063 7.0498013496398925781 7.0679545402526855469 7.0839695930480957031 7.1020555496215820313 7.1203207969665527344 7.130908966064453125 7.1308302879333496094 7.1022014617919921875 7.0125217437744140625 6.8834810256958007813 6.7633652687072753906 6.676425933837890625 6.6392974853515625 6.6451354026794433594 6.6736965179443359375 6.7093405723571777344 6.7644486427307128906 6.8356394767761230469 6.8815155029296875 6.8933739662170410156 6.8928976058959960938 6.9088521003723144531 6.9649119377136230469 7.0407929420471191406 7.1059999465942382813 7.1582474708557128906 7.2354478836059570313 7.2741770744323730469 7.266635894775390625
6.7428255081176757813 6.77263641357421875 6.7930755615234375 6.8306341171264648438 6.8856005668640136719 6.9372200965881347656 6.9808454513549804688 7.0062432289123535156 7.0155124664306640625 7.0161118507385253906 7.009677886962890625 7.0081968307495117188 7.016323089599609375 7.0339446067810058594 7.0466547012329101563 7.0632839202880859375 7.078609466552734375 7.0957303047180175781 7.1114864349365234375 7.1131539344787597656 7.0989060401916503906 7.0458760261535644531 6.9353179931640625 6.8091015815734863281 6.700042724609375 6.6161942481994628906 6.5749254226684570313 6.5897822380065917969 6.6436018943786621094 6.6975946426391601563 6.7404608726501464844 6.7635970115661621094 6.7678976058959960938 6.7634973526000976563 6.7600646018981933594 6.7845883369445800781 6.8460326194763183594 6.9175496101379394531 6.9811768531799316406 7.0391507148742675781 7.1416168212890625 7.2196669578552246094 7.2550845146179199219
6.75867462158203125 6.7862162590026855469 6.8042497634887695313 6.8388423919677734375 6.8908596038818359375 6.9407720565795898438 6.9838008880615234375 7.0106892585754394531 7.0198311805725097656 7.0168514251708984375 7.0042142868041992188 6.9970707893371582031 7.0048489570617675781 7.0269417762756347656 7.0429072380065917969 7.0619711875915527344 7.0790357589721679688 7.0949859619140625 7.1040396690368652344 7.0908226966857910156 7.0581183433532714844 6.9829516410827636719 6.8655500411987304688 6.7498078346252441406 6.6496515274047851563 6.5684189796447753906 6.5248646736145019531 6.54457855224609375 6.6145162582397460938 6.6843752861022949219 6.7249040603637695313 6.7266945838928222656 6.70439910888671875 6.6837620735168457031 6.6767301559448242188 6.7097215652465820313 6.7717385292053222656 6.8329129219055175781 6.8913412094116210938 6.9483866691589355469 7.0493907928466796875 7.1432671546936035156 7.212741851806640625
6.7736768722534179688 6.7985005378723144531 6.8137030601501464844 6.842586517333984375 6.8883657455444335938 6.9354352951049804688 6.9752373695373535156 7.0031261444091796875 7.0149259567260742188 7.0089688301086425781 6.9856610298156738281 6.9669952392578125 6.9745726585388183594 7.0081791877746582031 7.0338721275329589844 7.0608582496643066406 7.0796260833740234375 7.0955247879028320313 7.0947780609130859375 7.058216094970703125 7.0076351165771484375 6.9205546379089355469 6.8021349906921386719 6.6963973045349121094 6.6047887802124023438 6.5287604331970214844 6.4960293769836425781 6.5226750373840332031 6.5997662544250488281 6.6754150390625 6.71457672119140625 6.7107305526733398438 6.6811008453369140625 6.6443548202514648438 6.6233696937561035156 6.6606402397155761719 6.7139391899108886719 6.756443023681640625 6.8041253089904785156 6.8579912185668945313 6.9542384147644042969 7.0531096458435058594 7.1431894302368164063
6.7842035293579101563 6.8087038993835449219 6.8207178115844726563 6.8428778648376464844 6.882541656494140625 6.9259328842163085938 6.9608373641967773438 6.9873995780944824219 6.9998450279235839844 6.9891848564147949219 6.9552035331726074219 6.9256277084350585938 6.9290661811828613281 6.9728770256042480469 7.0106902122497558594 7.0511770248413085938 7.0734128952026367188 7.0880899429321289063 7.0786013603210449219 7.0190825462341308594 6.9538717269897460938 6.8671827316284179688 6.7528333663940429688 6.6534438133239746094 6.5693106651306152344 6.4988055229187011719 6.4802799224853515625 6.5133657455444335938 6.591197967529296875 6.6653528213500976563 6.7060008049011230469 6.7086896896362304688 6.6838846206665039063 6.6367883682250976563 6.5978708267211914063 6.6251778602600097656 6.66117095947265625 6.6851239204406738281 6.7223114967346191406 6.7733144760131835938 6.8665757179260253906 6.9632711410522460938 7.0568900108337402344
6.7845926284790039063 6.8130588531494140625 6.8235182762145996094 6.8421902656555175781 6.8786573410034179688 6.9207072257995605469 6.9513673782348632813 6.9716887474060058594 6.9789867401123046875 6.9606394767761230469 6.9208512306213378906 6.8868780136108398438 6.8840355873107910156 6.9277586936950683594 6.9684443473815917969 7.0159587860107421875 7.0450005531311035156 7.0590162277221679688 7.0434308052062988281 6.9708991050720214844 6.8991589546203613281 6.8187079429626464844 6.7126288414001464844 6.6200900077819824219 6.5424404144287109375 6.476902008056640625 6.4663510322570800781 6.500789642333984375 6.5745439529418945313 6.6443376541137695313 6.6900525093078613281 6.7056479454040527344 6.6871457099914550781 6.6383657455444335938 6.5865955352783203125 6.5907874107360839844 6.6083612442016601563 6.6233239173889160156 6.6540164947509765625 6.7002496719360351563 6.7834920883178710938 6.8720374107360839844 6.9628996849060058594
6.7753767967224121094 6.8100795745849609375 6.8228106498718261719 6.84310150146484375 6.8807249069213867188 6.9226279258728027344 6.9487786293029785156 6.9585051536560058594 6.9537839889526367188 6.9227151870727539063 6.8785891532897949219 6.8444261550903320313 6.8359694480895996094 6.86855316162109375 6.8999190330505371094 6.9401807785034179688 6.9729504585266113281 6.9854273796081542969 6.9610457420349121094 6.8889217376708984375 6.825527191162109375 6.7597069740295410156 6.6707086563110351563 6.5895862579345703125 6.5199794769287109375 6.4575266838073730469 6.4455466270446777344 6.4766192436218261719 6.5419902801513671875 6.6039872169494628906 6.6550741195678710938 6.6847329139709472656 6.6759638786315917969 6.6360363960266113281 6.5761456489562988281 6.5495653152465820313 6.5492677688598632813 6.5592436790466308594 6.5867185592651367188 6.6274576187133789063 6.6913170814514160156 6.7672376632690429688 6.8542494773864746094
6.7602972984313964844 6.8047213554382324219 6.8237528800964355469 6.8501238822937011719 6.8901371955871582031 6.9277787208557128906 6.9430365562438964844 6.9384784698486328125 6.9163446426391601563 6.8678216934204101563 6.8164434432983398438 6.7759790420532226563 6.7573823928833007813 6.7727198600769042969 6.7909917831420898438 6.8183646202087402344 6.84275054931640625 6.8433399200439453125 6.8042554855346679688 6.7455487251281738281 6.7055311203002929688 6.6655735969543457031 6.6088576316833496094 6.5512394905090332031 6.4950890541076660156 6.4375710487365722656 6.4106678962707519531 6.4309372901916503906 6.4859786033630371094 6.5449709892272949219 6.6054635047912597656 6.6493616104125976563 6.6539163589477539063 6.62950897216796875 6.5698647499084472656 6.5106644630432128906 6.488307952880859375 6.4904379844665527344 6.5113825798034667969 6.547245025634765625 6.6150660514831542969 6.691051483154296875 6.7714447975158691406
6.7565255165100097656 6.8084359169006347656 6.8300395011901855469 6.8592905998229980469 6.8977060317993164063 6.9251184463500976563 6.9270329475402832031 6.9125118255615234375 6.8864874839782714844 6.8335218429565429688 6.7772874832153320313 6.731540679931640625 6.7036199569702148438 6.7108492851257324219 6.7271456718444824219 6.7504935264587402344 6.7645230293273925781 6.748371124267578125 6.6963963508605957031 6.6424646377563476563 6.6132817268371582031 6.5914425849914550781 6.5609769821166992188 6.5221033096313476563 6.4747395515441894531 6.4216098785400390625 6.3850255012512207031 6.39519500732421875 6.4433550834655761719 6.5097227096557617188 6.5852255821228027344 6.6371455192565917969 6.6469964981079101563 6.629627227783203125 6.5787253379821777344 6.5150547027587890625 6.4801645278930664063 6.4746541976928710938 6.4844336509704589844 6.5089983940124511719 6.563732147216796875 6.628292083740234375 6.6978554725646972656
6.7574028968811035156 6.8147969245910644531 6.83844757080078125 6.8680815696716308594 6.9018402099609375 6.9171996116638183594 6.9058051109313964844 6.8837103843688964844 6.8558983802795410156 6.8052411079406738281 6.7524876594543457031 6.711605072021484375 6.6776909828186035156 6.6702623367309570313 6.6844644546508789063 6.7074170112609863281 6.7156414985656738281 6.6960096359252929688 6.6374311447143554688 6.578281402587890625 6.5495619773864746094 6.5364813804626464844 6.5223093032836914063 6.4952535629272460938 6.4552412033081054688 6.4087123870849609375 6.3710637092590332031 6.3738555908203125 6.4150919914245605469 6.4883618354797363281 6.5731830596923828125 6.6294069290161132813 6.643096923828125 6.628204345703125 6.5838623046875 6.5257058143615722656 6.4852700233459472656 6.4726343154907226563 6.4726834297180175781 6.4855742454528808594 6.5224108695983886719 6.5742411613464355469 6.6353602409362792969
6.7634229660034179688 6.8242092132568359375 6.8494124412536621094 6.8785014152526855469 6.9051318168640136719 6.9092807769775390625 6.8865208625793457031 6.8573007583618164063 6.8261175155639648438 6.7773241996765136719 6.7292451858520507813 6.6912288665771484375 6.6523489952087402344 6.6349635124206542969 6.6466126441955566406 6.667110443115234375 6.6717734336853027344 6.6598682403564453125 6.6038837432861328125 6.5390291213989257813 6.50691986083984375 6.4927687644958496094 6.4805054664611816406 6.4590201377868652344 6.4283108711242675781 6.3914504051208496094 6.3582963943481445313 6.3588590621948242188 6.3973832130432128906 6.4726572036743164063 6.5604100227355957031 6.6201968193054199219 6.6387968063354492188 6.6269311904907226563 6.5867290496826171875 6.5330834388732910156 6.489101409912109375 6.4680876731872558594 6.4587411880493164063 6.4623074531555175781 6.4848871231079101563 6.5255866050720214844 6.5780711174011230469
6.7805490493774414063 6.8392686843872070313 6.8627557754516601563 6.88793182373046875 6.9050650596618652344 6.8973035812377929688 6.8645143508911132813 6.8284802436828613281 6.7932310104370117188 6.7447795867919921875 6.699657440185546875 6.6573324203491210938 6.6147317886352539063 6.5990009307861328125 6.6105637550354003906 6.6281456947326660156 6.6306271553039550781 6.6254124641418457031 6.57765960693359375 6.5137419700622558594 6.4821839332580566406 6.4669480323791503906 6.4473323822021484375 6.4217381477355957031 6.3970704078674316406 6.369373321533203125 6.3445577621459960938 6.3456106185913085938 6.3810801506042480469 6.45220184326171875 6.53787994384765625 6.6017217636108398438 6.6275734901428222656 6.6243567466735839844 6.5926280021667480469 6.539966583251953125 6.489711761474609375 6.458545684814453125 6.4395265579223632813 6.4354887008666992188 6.4471616744995117188 6.4775409698486328125 6.5185899734497070313
6.8081293106079101563 6.8525371551513671875 6.8694262504577636719 6.8860263824462890625 6.8891191482543945313 6.8669304847717285156 6.8263249397277832031 6.7872309684753417969 6.7521100044250488281 6.7085700035095214844 6.6682496070861816406 6.6269831657409667969 6.58841705322265625 6.5716848373413085938 6.5780053138732910156 6.5917696952819824219 6.5947628021240234375 6.5925230979919433594 6.5533475875854492188 6.5017981529235839844 6.4800086021423339844 6.4762134552001953125 6.4562010765075683594 6.4217047691345214844 6.3895211219787597656 6.356937408447265625 6.3367414474487304688 6.3337225914001464844 6.357021331787109375 6.4160904884338378906 6.4949469566345214844 6.5614418983459472656 6.5995669364929199219 6.6158447265625 6.6032671928405761719 6.5499014854431152344 6.4888744354248046875 6.4442315101623535156 6.4139008522033691406 6.3995432853698730469 6.3984022140502929688 6.4168977737426757813 6.4437994956970214844
6.8341908454895019531 6.8566484451293945313 6.8655385971069335938 6.8714165687561035156 6.8530550003051757813 6.8127222061157226563 6.7686243057250976563 6.7336487770080566406 6.7058596611022949219 6.6750502586364746094 6.6491293907165527344 6.6242241859436035156 6.5958228111267089844 6.5627112388610839844 6.5486745834350585938 6.5442209243774414063 6.5505146980285644531 6.5591578483581542969 6.5316596031188964844 6.5050687789916992188 6.5011086463928222656 6.5090389251708984375 6.4991521835327148438 6.4654631614685058594 6.4218583106994628906 6.3737177848815917969 6.3474936485290527344 6.3303952217102050781 6.3341336250305175781 6.3745675086975097656 6.4429826736450195313 6.5114769935607910156 6.56293487548828125 6.6047196388244628906 6.6170134544372558594 6.5638561248779296875 6.4916911125183105469 6.4323024749755859375 6.3889374732971191406 6.3615617752075195313 6.3446011543273925781 6.3526697158813476563 6.3699135780334472656
6.8469600677490234375 6.8566789627075195313 6.8622479438781738281 6.8602457046508789063 6.8265433311462402344 6.7756910324096679688 6.7325572967529296875 6.7033939361572265625 6.6859407424926757813 6.6738843917846679688 6.6673045158386230469 6.6560196876525878906 6.6321630477905273438 6.5844411849975585938 6.5502228736877441406 6.5148196220397949219 6.5127115249633789063 6.5340013504028320313 6.5134034156799316406 6.4998774528503417969 6.510143280029296875 6.5253663063049316406 6.5330305099487304688 6.5121655464172363281 6.4673871994018554688 6.4128961563110351563 6.379138946533203125 6.3430752754211425781 6.3270268440246582031 6.3467159271240234375 6.4019722938537597656 6.4713292121887207031 6.5285935401916503906 6.5909562110900878906 6.6280198097229003906 6.5810055732727050781 6.5015845298767089844 6.4298315048217773438 6.3756799697875976563 6.3379726409912109375 6.3084497451782226563 6.3132710456848144531 6.3288006782531738281
