INPUT/RASTER/ASCII_no_standard/clay_5-15cm_mean.asc
ncols        225
nrows        269
xllcorner    473009.983799999987
yllcorner    4429051.174800000153
cellsize     50.000000000000
NODATA_value  -9999
[rows 80 to 99 of 269, columns 88 to 131 of 225]
278.74066162109375 276.578765869140625 274.416900634765625 272.2550048828125 269.985626220703125 267.285369873046875 264.585113525390625 261.884857177734375 259.1845703125 256.9207763671875 256.40643310546875 255.8920745849609375 255.3777008056640625 254.86334228515625 254.465972900390625 254.5375213623046875 254.6090545654296875 254.68060302734375 254.75213623046875 254.715240478515625 254.2436981201171875 253.77215576171875 253.3006134033203125 252.829071044921875 252.41937255859375 252.2574920654296875 252.095611572265625 251.9337310791015625 251.7718505859375 251.9608306884765625 253.5561370849609375 255.1514434814453125 256.746734619140625 258.342041015625 259.68157958984375 259.995941162109375 260.310302734375 260.624664306640625 260.93902587890625 260.932952880859375 259.642608642578125 258.352264404296875 257.06195068359375 255.7716064453125
281.636627197265625 279.55474853515625 277.472869873046875 275.3909912109375 273.017913818359375 269.477630615234375 265.9373779296875 262.397125244140625 258.856842041015625 255.87286376953125 255.118499755859375 254.3641510009765625 253.6097869873046875 252.8554229736328125 252.337860107421875 252.7693939208984375 253.2009429931640625 253.632476806640625 254.06402587890625 254.2433624267578125 253.4118194580078125 252.5802764892578125 251.7487335205078125 250.9171905517578125 250.2353363037109375 250.1534576416015625 250.0715789794921875 249.9897003173828125 249.9078216552734375 250.200775146484375 251.9960784912109375 253.7913665771484375 255.586669921875 257.381988525390625 258.92950439453125 259.483856201171875 260.0382080078125 260.592559814453125 261.146942138671875 261.420806884765625 260.570465087890625 259.720123291015625 258.869781494140625 258.01947021484375
284.5325927734375 282.530731201171875 280.528839111328125 278.5269775390625 276.0501708984375 271.669921875 267.289642333984375 262.909393310546875 258.52911376953125 254.824951171875 253.8305816650390625 252.8362274169921875 251.84185791015625 250.847503662109375 250.209747314453125 251.00128173828125 251.7928314208984375 252.5843658447265625 253.37591552734375 253.7714691162109375 252.5799407958984375 251.388397216796875 250.1968536376953125 249.00531005859375 248.0513153076171875 248.0494384765625 248.0475616455078125 248.0456695556640625 248.043792724609375 248.440704345703125 250.436004638671875 252.431304931640625 254.426605224609375 256.421905517578125 258.177398681640625 258.971771240234375 259.766143798828125 260.56048583984375 261.3548583984375 261.908660888671875 261.498321533203125 261.087982177734375 260.677642822265625 260.267303466796875
280.538330078125 278.733642578125 276.928924560546875 275.124237060546875 272.879302978515625 268.869903564453125 264.860504150390625 260.851104736328125 256.841705322265625 253.46441650390625 252.6206512451171875 251.7769012451171875 250.933135986328125 250.089385986328125 249.550445556640625 250.2332611083984375 250.91607666015625 251.5988922119140625 252.2817230224609375 252.60418701171875 251.4822998046875 250.3604278564453125 249.2385406494140625 248.116668701171875 247.226593017578125 247.265655517578125 247.304718017578125 247.343780517578125 247.382843017578125 247.8446502685546875 250.000885009765625 252.157135009765625 254.3133697509765625 256.4696044921875 258.292633056640625 258.7801513671875 259.267669677734375 259.75518798828125 260.242706298828125 260.592010498046875 260.3873291015625 260.1826171875 259.977935791015625 259.773223876953125
276.378265380859375 274.7735595703125 273.168853759765625 271.564178466796875 269.559173583984375 265.94976806640625 262.34039306640625 258.730987548828125 255.12158203125 252.0963592529296875 251.41259765625 250.728851318359375 250.0450897216796875 249.361328125 248.926483154296875 249.4893035888671875 250.0521240234375 250.6149444580078125 251.1777496337890625 251.4201507568359375 250.3782806396484375 249.336395263671875 248.294525146484375 247.2526397705078125 246.4345855712890625 246.513641357421875 246.5926971435546875 246.6717681884765625 246.750823974609375 247.2765960693359375 249.59283447265625 251.9090728759765625 254.225311279296875 256.54156494140625 258.428741455078125 258.596282958984375 258.7637939453125 258.931304931640625 259.09881591796875 259.231964111328125 259.227264404296875 259.222564697265625 259.217864990234375 259.213165283203125
272.21820068359375 270.813507080078125 269.4088134765625 268.00408935546875 266.239044189453125 263.0296630859375 259.82025146484375 256.61083984375 253.401458740234375 250.7283172607421875 250.204559326171875 249.6807861328125 249.1570281982421875 248.633270263671875 248.302520751953125 248.745330810546875 249.1881561279296875 249.6309814453125 250.07379150390625 250.2361297607421875 249.2742462158203125 248.3123779296875 247.350494384765625 246.38861083984375 245.6425628662109375 245.761627197265625 245.8806915283203125 245.999755859375 246.118804931640625 246.7085418701171875 249.184783935546875 251.6610260009765625 254.13726806640625 256.613494873046875 258.564849853515625 258.412384033203125 258.2598876953125 258.107421875 257.954925537109375 257.87188720703125 258.06719970703125 258.262481689453125 258.457794189453125 258.653106689453125
268.058135986328125 266.853424072265625 265.64874267578125 264.44403076171875 262.918914794921875 260.109527587890625 257.30010986328125 254.49072265625 251.6813201904296875 249.360260009765625 248.9965057373046875 248.6327362060546875 248.26898193359375 247.9052276611328125 247.678558349609375 248.001373291015625 248.3242034912109375 248.6470184326171875 248.9698333740234375 249.0521087646484375 248.17022705078125 247.2883453369140625 246.406463623046875 245.5245819091796875 244.850555419921875 245.009613037109375 245.168670654296875 245.3277435302734375 245.4868011474609375 246.1404876708984375 248.7767333984375 251.4129791259765625 254.0492095947265625 256.685455322265625 258.700958251953125 258.228485107421875 257.7559814453125 257.28350830078125 256.81103515625 256.5118408203125 256.907135009765625 257.30242919921875 257.697723388671875 258.093017578125
263.8980712890625 262.89337158203125 261.888671875 260.88397216796875 259.598785400390625 257.18939208984375 254.7799835205078125 252.3705902099609375 249.9611968994140625 247.9922027587890625 247.7884521484375 247.584686279296875 247.3809356689453125 247.1771697998046875 247.054595947265625 247.257415771484375 247.460235595703125 247.663055419921875 247.865875244140625 247.868072509765625 247.066192626953125 246.264312744140625 245.462432861328125 244.660552978515625 244.0585479736328125 244.257598876953125 244.4566650390625 244.655731201171875 244.8547821044921875 245.5724334716796875 248.368682861328125 251.1649169921875 253.9611663818359375 256.757415771484375 258.837066650390625 258.044586181640625 257.252105712890625 256.459625244140625 255.6671295166015625 255.151763916015625 255.7470550537109375 256.342376708984375 256.937652587890625 257.532958984375
263.308135986328125 262.386260986328125 261.464385986328125 260.542510986328125 259.356689453125 257.1129150390625 254.8691558837890625 252.625396728515625 250.3816375732421875 248.5225677490234375 248.20538330078125 247.888214111328125 247.5710296630859375 247.25384521484375 247.15692138671875 247.9428253173828125 248.728729248046875 249.5146331787109375 250.300537109375 250.7931671142578125 250.1103515625 249.4275360107421875 248.7447052001953125 248.0618896484375 247.54754638671875 247.70849609375 247.8694305419921875 248.030364990234375 248.191314697265625 248.6998138427734375 250.6014404296875 252.5030517578125 254.4046630859375 256.3062744140625 257.691864013671875 257.009033203125 256.326202392578125 255.6433868408203125 254.9605712890625 254.5417022705078125 255.180755615234375 255.81982421875 256.458892822265625 257.097930908203125
262.804107666015625 261.962249755859375 261.120361328125 260.278472900390625 259.188629150390625 257.1048583984375 255.0211029052734375 252.937347412109375 250.8535919189453125 249.098602294921875 248.6614227294921875 248.2242431640625 247.7870635986328125 247.349884033203125 247.2767333984375 248.662628173828125 250.0485382080078125 251.4344329833984375 252.820343017578125 253.8171234130859375 253.2543182373046875 252.691497802734375 252.1286773681640625 251.56585693359375 251.139556884765625 251.260498046875 251.381439208984375 251.50238037109375 251.623321533203125 251.9161224365234375 252.897735595703125 253.8793487548828125 254.8609619140625 255.84259033203125 256.51580810546875 255.9529876708984375 255.390167236328125 254.827362060546875 254.2645416259765625 253.9496917724609375 254.628753662109375 255.3078155517578125 255.98687744140625 256.665924072265625
262.300079345703125 261.5382080078125 260.776336669921875 260.014434814453125 259.02056884765625 257.0968017578125 255.1730499267578125 253.249298095703125 251.325531005859375 249.674652099609375 249.117462158203125 248.5602874755859375 248.00311279296875 247.4459228515625 247.3965301513671875 249.3824462890625 251.36834716796875 253.354248046875 255.34014892578125 256.841094970703125 256.398284912109375 255.9554595947265625 255.51263427734375 255.0698089599609375 254.7315826416015625 254.8125152587890625 254.893463134765625 254.974395751953125 255.055328369140625 255.132415771484375 255.19403076171875 255.255645751953125 255.3172607421875 255.378875732421875 255.3397674560546875 254.8969573974609375 254.454132080078125 254.011322021484375 253.5684967041015625 253.3576812744140625 254.0767364501953125 254.7957916259765625 255.514862060546875 256.233917236328125
261.796051025390625 261.11419677734375 260.43231201171875 259.75042724609375 258.852508544921875 257.0887451171875 255.3249969482421875 253.5612335205078125 251.7974853515625 250.2506866455078125 249.5735015869140625 248.896331787109375 248.219146728515625 247.541961669921875 247.5163421630859375 250.1022491455078125 252.688140869140625 255.2740478515625 257.859954833984375 259.86505126953125 259.542236328125 259.21942138671875 258.8966064453125 258.573760986328125 258.323577880859375 258.364532470703125 258.40545654296875 258.4464111328125 258.487335205078125 258.348724365234375 257.490325927734375 256.6319580078125 255.7735595703125 254.9151763916015625 254.1637420654296875 253.840911865234375 253.518096923828125 253.195281982421875 252.8724517822265625 252.7656707763671875 253.52471923828125 254.283782958984375 255.0428466796875 255.801910400390625
261.292022705078125 260.690155029296875 260.088287353515625 259.48638916015625 258.684478759765625 257.080718994140625 255.4769439697265625 253.8731842041015625 252.2694244384765625 250.82672119140625 250.029541015625 249.23236083984375 248.4351806640625 247.63800048828125 247.6361541748046875 250.822052001953125 254.0079498291015625 257.19384765625 260.3797607421875 262.889007568359375 262.686187744140625 262.483367919921875 262.280548095703125 262.077728271484375 261.91558837890625 261.916534423828125 261.91748046875 261.918426513671875 261.91937255859375 261.56500244140625 259.78662109375 258.00823974609375 256.2298583984375 254.45147705078125 252.987701416015625 252.784881591796875 252.582061767578125 252.379241943359375 252.176422119140625 252.17364501953125 252.97271728515625 253.7717742919921875 254.570831298828125 255.3698883056640625
265.420501708984375 265.01580810546875 264.611114501953125 264.2064208984375 263.63323974609375 262.384765625 261.136322021484375 259.887847900390625 258.639404296875 257.441497802734375 256.446197509765625 255.4508819580078125 254.4555816650390625 253.4602813720703125 253.1154937744140625 255.3780517578125 257.640625 259.903167724609375 262.165740966796875 263.85076904296875 263.221099853515625 262.591461181640625 261.9617919921875 261.332122802734375 260.98419189453125 261.765380859375 262.546600341796875 263.327789306640625 264.1090087890625 264.28118896484375 262.012481689453125 259.743743896484375 257.47503662109375 255.2063140869140625 253.311676025390625 252.9163665771484375 252.5210723876953125 252.125762939453125 251.73046875 251.4880523681640625 251.8583831787109375 252.228729248046875 252.59906005859375 252.969390869140625
269.660430908203125 269.45574951171875 269.25103759765625 269.046356201171875 268.705108642578125 267.816650390625 266.928192138671875 266.03973388671875 265.151275634765625 264.201568603515625 263.006256103515625 261.810943603515625 260.61566162109375 259.42034912109375 258.72381591796875 260.0263671875 261.32891845703125 262.6314697265625 263.934051513671875 264.762908935546875 263.693267822265625 262.62359619140625 261.553924560546875 260.484283447265625 259.94390869140625 261.525115966796875 263.1063232421875 264.687530517578125 266.26873779296875 266.9853515625 264.23663330078125 261.4879150390625 258.73919677734375 255.9904632568359375 253.6717376708984375 253.0764312744140625 252.48114013671875 251.885833740234375 251.29052734375 250.8001861572265625 250.73052978515625 250.660858154296875 250.5912017822265625 250.52154541015625
273.900390625 273.89569091796875 273.8909912109375 273.88629150390625 273.777008056640625 273.24853515625 272.7200927734375 272.191619873046875 271.663177490234375 270.96160888671875 269.566314697265625 268.1710205078125 266.775726318359375 265.380401611328125 264.332122802734375 264.6746826171875 265.017242431640625 265.35980224609375 265.702362060546875 265.675048828125 264.1654052734375 262.655731201171875 261.146087646484375 259.63641357421875 258.903656005859375 261.284881591796875 263.66607666015625 266.047271728515625 268.428466796875 269.68951416015625 266.460784912109375 263.2320556640625 260.00335693359375 256.774627685546875 254.03179931640625 253.2364959716796875 252.441192626953125 251.6458892822265625 250.8506011962890625 250.112335205078125 249.6026611328125 249.0930023193359375 248.583343505859375 248.0736846923828125
278.14031982421875 278.335601806640625 278.530914306640625 278.726226806640625 278.848876953125 278.680419921875 278.511962890625 278.343505859375 278.175048828125 277.7216796875 276.126373291015625 274.531097412109375 272.935791015625 271.340484619140625 269.9404296875 269.322998046875 268.705535888671875 268.088104248046875 267.470672607421875 266.587188720703125 264.637542724609375 262.6878662109375 260.73822021484375 258.788543701171875 257.8634033203125 261.04461669921875 264.225799560546875 267.407012939453125 270.588226318359375 272.3936767578125 268.6849365234375 264.976226806640625 261.26751708984375 257.55877685546875 254.3918609619140625 253.3965606689453125 252.4012603759765625 251.4059600830078125 250.4106597900390625 249.424468994140625 248.4748077392578125 247.525146484375 246.5754852294921875 245.625823974609375
282.3802490234375 282.775543212890625 283.17083740234375 283.566162109375 283.9207763671875 284.1123046875 284.303863525390625 284.495391845703125 284.686920166015625 284.48175048828125 282.68646240234375 280.891143798828125 279.095855712890625 277.300537109375 275.548736572265625 273.9713134765625 272.39385986328125 270.81640625 269.238983154296875 267.499359130859375 265.10968017578125 262.72003173828125 260.330352783203125 257.940704345703125 256.823150634765625 260.804351806640625 264.785552978515625 268.766754150390625 272.747955322265625 275.097808837890625 270.909088134765625 266.720367431640625 262.531646728515625 258.342926025390625 254.751922607421875 253.5566253662109375 252.361328125 251.1660308837890625 249.9707183837890625 248.7366180419921875 247.346954345703125 245.9572906494140625 244.567626953125 243.1779632568359375
279.72991943359375 280.442413330078125 281.1549072265625 281.86737060546875 282.555511474609375 283.1461181640625 283.736724853515625 284.32733154296875 284.917938232421875 285.046783447265625 283.32489013671875 281.60302734375 279.881134033203125 278.159271240234375 276.360321044921875 274.252532958984375 272.144775390625 270.0369873046875 267.92919921875 265.864471435546875 263.972259521484375 262.08001708984375 260.18780517578125 258.29559326171875 257.384918212890625 260.408416748046875 263.431915283203125 266.455413818359375 269.478912353515625 271.23944091796875 267.93780517578125 264.636199951171875 261.3345947265625 258.032958984375 255.1509857177734375 253.95098876953125 252.7509918212890625 251.550994873046875 250.3509979248046875 249.13446044921875 247.8516387939453125 246.568817138671875 245.2859954833984375 244.003173828125
276.913818359375 277.946319580078125 278.978790283203125 280.011260986328125 281.035400390625 282.0260009765625 283.0166015625 284.0072021484375 284.997802734375 285.4627685546875 283.820892333984375 282.178985595703125 280.537109375 278.895233154296875 277.056488037109375 274.4287109375 271.800933837890625 269.17315673828125 266.545379638671875 264.168304443359375 262.79608154296875 261.423858642578125 260.0516357421875 258.679412841796875 257.985260009765625 260.00872802734375 262.0322265625 264.05572509765625 266.0792236328125 267.22314453125 264.841522216796875 262.45989990234375 260.078277587890625 257.6966552734375 255.550994873046875 254.3509979248046875 253.1509857177734375 251.95098876953125 250.7509918212890625 249.55841064453125 248.395599365234375 247.2327728271484375 246.0699615478515625 244.907135009765625
