INPUT/RASTER/ASCII_no_standard/clay_5-15cm_mean.asc
ncols        225
nrows        269
xllcorner    473009.983799999987
yllcorner    4429051.174800000153
cellsize     50.000000000000
NODATA_value  -9999
[rows 140 to 159 of 269, columns 88 to 131 of 225]
246.5038299560546875 246.4275970458984375 246.351348876953125 246.275115966796875 246.3186798095703125 246.842437744140625 247.3661956787109375 247.88995361328125 248.4137115478515625 248.77679443359375 248.4958648681640625 248.2149200439453125 247.9339752197265625 247.653045654296875 248.0015716552734375 250.87310791015625 253.744659423828125 256.6162109375 259.48773193359375 261.659423828125 261.0260009765625 260.392578125 259.7591552734375 259.125732421875 258.65966796875 258.8643798828125 259.069061279296875 259.273773193359375 259.47845458984375 259.66607666015625 259.785125732421875 259.9041748046875 260.02325439453125 260.142303466796875 260.75299072265625 263.334197998046875 265.9154052734375 268.496612548828125 271.07781982421875 273.200653076171875 273.486297607421875 273.77191162109375 274.05755615234375 274.34320068359375
246.5118865966796875 246.2756500244140625 246.0394134521484375 245.80316162109375 245.686737060546875 246.0504913330078125 246.41424560546875 246.77801513671875 247.1417694091796875 247.3847808837890625 247.1438446044921875 246.9029083251953125 246.6619720458984375 246.4210205078125 246.8734588623046875 250.1049957275390625 253.3365325927734375 256.568084716796875 259.79962158203125 262.203521728515625 261.29010009765625 260.376678466796875 259.4632568359375 258.549835205078125 257.819732666015625 257.824432373046875 257.829132080078125 257.833831787109375 257.838531494140625 257.874053955078125 258.033111572265625 258.192169189453125 258.351226806640625 258.510284423828125 259.312744140625 262.693939208984375 266.07513427734375 269.45635986328125 272.837554931640625 275.552734375 275.598358154296875 275.644012451171875 275.68963623046875 275.73529052734375
246.5199432373046875 246.1237030029296875 245.7274627685546875 245.3312225341796875 245.054779052734375 245.258544921875 245.4622955322265625 245.6660614013671875 245.8698272705078125 245.992767333984375 245.7918243408203125 245.5908966064453125 245.38995361328125 245.1890106201171875 245.7453460693359375 249.336883544921875 252.9284210205078125 256.51995849609375 260.11151123046875 262.74761962890625 261.554168701171875 260.360748291015625 259.167327880859375 257.973907470703125 256.97979736328125 256.78448486328125 256.589202880859375 256.393890380859375 256.1986083984375 256.08203125 256.281097412109375 256.48016357421875 256.679229736328125 256.8782958984375 257.872467041015625 262.053680419921875 266.234893798828125 270.41607666015625 274.5972900390625 277.90478515625 277.71044921875 277.516082763671875 277.32171630859375 277.127349853515625
246.4264068603515625 245.9482879638671875 245.4701690673828125 244.9920501708984375 244.6649322509765625 244.94305419921875 245.2211761474609375 245.499298095703125 245.7774200439453125 245.98345947265625 245.9006500244140625 245.8178253173828125 245.7350006103515625 245.652191162109375 246.15655517578125 249.014404296875 251.8722686767578125 254.7301177978515625 257.587982177734375 259.71356201171875 258.9041748046875 258.09478759765625 257.285369873046875 256.475982666015625 255.8506622314453125 255.963134765625 256.07562255859375 256.1881103515625 256.300567626953125 256.39935302734375 256.443084716796875 256.486846923828125 256.530609130859375 256.574371337890625 257.377838134765625 261.226287841796875 265.07476806640625 268.9232177734375 272.77166748046875 275.827362060546875 275.705474853515625 275.583587646484375 275.46173095703125 275.33984375
246.3304290771484375 245.7723236083984375 245.214202880859375 244.6560821533203125 244.2808990478515625 244.6390228271484375 244.9971466064453125 245.3552703857421875 245.7133941650390625 246.0074310302734375 246.0446014404296875 246.081787109375 246.1189727783203125 246.1561431884765625 246.60479736328125 248.7026519775390625 250.800506591796875 252.8983612060546875 254.9962158203125 256.59344482421875 256.184051513671875 255.7746429443359375 255.3652496337890625 254.955841064453125 254.7145538330078125 255.14703369140625 255.5795135498046875 256.011993408203125 256.444488525390625 256.76739501953125 256.651153564453125 256.534912109375 256.418670654296875 256.30242919921875 256.90594482421875 260.3944091796875 263.88287353515625 267.371337890625 270.85980224609375 273.643341064453125 273.6014404296875 273.5595703125 273.5177001953125 273.475799560546875
246.234466552734375 245.596343994140625 244.958221435546875 244.320098876953125 243.896881103515625 244.3350067138671875 244.7731170654296875 245.21124267578125 245.6493682861328125 246.0313873291015625 246.188568115234375 246.3457489013671875 246.5029296875 246.6601104736328125 247.05303955078125 248.390899658203125 249.728759765625 251.0666046142578125 252.4044647216796875 253.4733123779296875 253.4639129638671875 253.4545135498046875 253.4451141357421875 253.4357147216796875 253.5784454345703125 254.3309326171875 255.083404541015625 255.8358917236328125 256.58837890625 257.13543701171875 256.85919189453125 256.58294677734375 256.306732177734375 256.030487060546875 256.43408203125 259.562530517578125 262.69097900390625 265.8194580078125 268.947906494140625 271.45928955078125 271.4974365234375 271.535552978515625 271.57366943359375 271.611785888671875
246.13848876953125 245.4203643798828125 244.7022552490234375 243.984130859375 243.512847900390625 244.030975341796875 244.549102783203125 245.0672149658203125 245.5853424072265625 246.0553436279296875 246.33251953125 246.609710693359375 246.8868865966796875 247.1640625 247.50128173828125 248.0791473388671875 248.6569976806640625 249.23486328125 249.812713623046875 250.353179931640625 250.7437896728515625 251.1343841552734375 251.5249786376953125 251.91558837890625 252.4423370361328125 253.51483154296875 254.587310791015625 255.6597900390625 256.732269287109375 257.503509521484375 257.0672607421875 256.631011962890625 256.19476318359375 255.7585296630859375 255.962188720703125 258.73065185546875 261.499114990234375 264.267578125 267.036041259765625 269.2752685546875 269.393402099609375 269.511505126953125 269.629638671875 269.747772216796875
246.042510986328125 245.2444000244140625 244.4462738037109375 243.6481475830078125 243.1288299560546875 243.7269439697265625 244.3250732421875 244.923187255859375 245.5213165283203125 246.0792999267578125 246.4764862060546875 246.8736724853515625 247.270843505859375 247.66802978515625 247.9495391845703125 247.76739501953125 247.5852508544921875 247.403106689453125 247.2209625244140625 247.2330474853515625 248.023651123046875 248.8142547607421875 249.6048583984375 250.3954620361328125 251.306243896484375 252.6987152099609375 254.0912017822265625 255.4836883544921875 256.87615966796875 257.871551513671875 257.275299072265625 256.6790771484375 256.08282470703125 255.4865875244140625 255.4903106689453125 257.898773193359375 260.307220458984375 262.7156982421875 265.1241455078125 267.09124755859375 267.28936767578125 267.48748779296875 267.68560791015625 267.88372802734375
247.1104888916015625 246.3885955810546875 245.666717529296875 244.9448394775390625 244.3933258056640625 244.52459716796875 244.6558685302734375 244.7871551513671875 244.918426513671875 245.1111602783203125 245.55023193359375 245.989288330078125 246.4283447265625 246.867401123046875 247.2256622314453125 247.2600250244140625 247.29437255859375 247.3287353515625 247.36309814453125 247.61273193359375 248.7252197265625 249.83770751953125 250.9501800537109375 252.0626678466796875 253.2481536865234375 254.7262725830078125 256.20440673828125 257.682525634765625 259.16064453125 260.231597900390625 259.670654296875 259.109710693359375 258.548797607421875 257.98785400390625 257.963531494140625 260.090118408203125 262.216705322265625 264.34326171875 266.4698486328125 268.06353759765625 267.52142333984375 266.979278564453125 266.4371337890625 265.894989013671875
248.206451416015625 247.5645751953125 246.922698974609375 246.28082275390625 245.697479248046875 245.3487548828125 245.000030517578125 244.65130615234375 244.302581787109375 244.1191558837890625 244.59820556640625 245.0772705078125 245.55633544921875 246.035400390625 246.4735870361328125 246.7479400634765625 247.022308349609375 247.296661376953125 247.5710296630859375 248.076629638671875 249.5091094970703125 250.94158935546875 252.37408447265625 253.8065643310546875 255.264129638671875 256.822235107421875 258.38037109375 259.9384765625 261.496612548828125 262.63958740234375 262.11865234375 261.59771728515625 261.0767822265625 260.555816650390625 260.50762939453125 262.354217529296875 264.200775146484375 266.04736328125 267.893951416015625 269.111785888671875 267.809661865234375 266.50750732421875 265.20538330078125 263.903228759765625
249.30242919921875 248.7405548095703125 248.1786651611328125 247.616790771484375 247.0016326904296875 246.17291259765625 245.3441925048828125 244.5154571533203125 243.686737060546875 243.12713623046875 243.6461944580078125 244.165252685546875 244.684326171875 245.2033843994140625 245.72149658203125 246.235870361328125 246.7502288818359375 247.26458740234375 247.7789459228515625 248.54052734375 250.2930145263671875 252.0454864501953125 253.7979736328125 255.5504608154296875 257.28009033203125 258.918212890625 260.55633544921875 262.1944580078125 263.83258056640625 265.047576904296875 264.566650390625 264.085693359375 263.604766845703125 263.123809814453125 263.051727294921875 264.6182861328125 266.18487548828125 267.75146484375 269.318023681640625 270.1600341796875 268.097900390625 266.0357666015625 263.973602294921875 261.911468505859375
250.398406982421875 249.9165191650390625 249.4346466064453125 248.9527587890625 248.3057861328125 246.9970703125 245.6883392333984375 244.3796234130859375 243.070892333984375 242.1351318359375 242.694183349609375 243.2532501220703125 243.8123016357421875 244.371368408203125 244.96942138671875 245.723785400390625 246.4781494140625 247.232513427734375 247.9868621826171875 249.004425048828125 251.076904296875 253.149383544921875 255.22186279296875 257.294342041015625 259.29608154296875 261.014190673828125 262.732330322265625 264.450439453125 266.168548583984375 267.45556640625 267.014617919921875 266.573699951171875 266.13275146484375 265.691802978515625 265.595794677734375 266.88238525390625 268.168975830078125 269.455535888671875 270.74212646484375 271.208282470703125 268.386138916015625 265.563995361328125 262.741851806640625 259.919708251953125
251.494384765625 251.092498779296875 250.69061279296875 250.2887420654296875 249.6099395751953125 247.8212127685546875 246.032501220703125 244.2437744140625 242.455047607421875 241.1431121826171875 241.7421722412109375 242.3412322998046875 242.9402923583984375 243.5393524169921875 244.21734619140625 245.211700439453125 246.2060699462890625 247.2004241943359375 248.194793701171875 249.46832275390625 251.860809326171875 254.2532806396484375 256.645751953125 259.038238525390625 261.312042236328125 263.11016845703125 264.908294677734375 266.7064208984375 268.5045166015625 269.863555908203125 269.462615966796875 269.061676025390625 268.660736083984375 268.259796142578125 268.139892578125 269.146484375 270.153045654296875 271.159637451171875 272.166229248046875 272.25653076171875 268.674407958984375 265.092254638671875 261.510101318359375 257.927978515625
252.27020263671875 251.5186614990234375 250.767120361328125 250.0155792236328125 249.1248779296875 247.676422119140625 246.2279510498046875 244.7794952392578125 243.3310394287109375 242.32281494140625 243.0790557861328125 243.835296630859375 244.591522216796875 245.3477630615234375 246.1292877197265625 247.0121002197265625 247.894927978515625 248.777740478515625 249.6605682373046875 250.7059326171875 252.402862548828125 254.0997772216796875 255.79669189453125 257.493621826171875 259.2423095703125 261.19854736328125 263.15478515625 265.11102294921875 267.0672607421875 268.553009033203125 268.15301513671875 267.753021240234375 267.35302734375 266.953033447265625 266.840362548828125 267.879425048828125 268.918487548828125 269.957550048828125 270.996612548828125 271.374542236328125 269.10260009765625 266.83062744140625 264.558685302734375 262.286712646484375
253.0383148193359375 251.9267730712890625 250.8152313232421875 249.7036895751953125 248.5967559814453125 247.50830078125 246.4198455810546875 245.331390380859375 244.242919921875 243.55474853515625 244.4709930419921875 245.387237548828125 246.3034820556640625 247.2197113037109375 248.1053314208984375 248.8681488037109375 249.6309661865234375 250.3937835693359375 251.1566009521484375 251.9621734619140625 252.9390869140625 253.9160003662109375 254.8929290771484375 255.869842529296875 257.074249267578125 259.19049072265625 261.306732177734375 263.4229736328125 265.539215087890625 267.15301513671875 266.753021240234375 266.35302734375 265.953033447265625 265.553009033203125 265.4483642578125 266.52740478515625 267.606475830078125 268.685546875 269.76458740234375 270.44610595703125 269.534149169921875 268.6221923828125 267.710235595703125 266.79827880859375
253.806427001953125 252.3348846435546875 250.86334228515625 249.3917999267578125 248.0686492919921875 247.340179443359375 246.611724853515625 245.883270263671875 245.1548004150390625 244.7866973876953125 245.862945556640625 246.939178466796875 248.0154266357421875 249.0916595458984375 250.08135986328125 250.72418212890625 251.36700439453125 252.00982666015625 252.65264892578125 253.2183990478515625 253.4753265380859375 253.73223876953125 253.9891510009765625 254.2460784912109375 254.9062042236328125 257.18243408203125 259.45867919921875 261.73492431640625 264.01116943359375 265.753021240234375 265.35302734375 264.953033447265625 264.553009033203125 264.15301513671875 264.05633544921875 265.1754150390625 266.294464111328125 267.41351318359375 268.5325927734375 269.517669677734375 269.9656982421875 270.41375732421875 270.861785888671875 271.309844970703125
254.574554443359375 252.743011474609375 250.911468505859375 249.079925537109375 247.54052734375 247.1720733642578125 246.8036041259765625 246.435150146484375 246.0666961669921875 246.018646240234375 247.2548980712890625 248.4911346435546875 249.7273712158203125 250.9636077880859375 252.057403564453125 252.5802154541015625 253.1030426025390625 253.6258544921875 254.148681640625 254.474639892578125 254.0115509033203125 253.5484771728515625 253.08538818359375 252.622314453125 252.7381439208984375 255.1743927001953125 257.610626220703125 260.046875 262.483123779296875 264.35302734375 263.953033447265625 263.553009033203125 263.15301513671875 262.753021240234375 262.664337158203125 263.823394775390625 264.982452392578125 266.141510009765625 267.300567626953125 268.5892333984375 270.39727783203125 272.205322265625 274.01336669921875 275.8214111328125
255.3426666259765625 253.151123046875 250.9595794677734375 248.768035888671875 247.0124053955078125 247.0039520263671875 246.9954986572265625 246.987030029296875 246.97857666015625 247.2505950927734375 248.6468353271484375 250.0430755615234375 251.4393157958984375 252.8355560302734375 254.033447265625 254.4362640380859375 254.839080810546875 255.2418975830078125 255.64471435546875 255.730865478515625 254.54779052734375 253.3647003173828125 252.1816253662109375 250.99853515625 250.570098876953125 253.1663360595703125 255.7625732421875 258.35882568359375 260.955047607421875 262.953033447265625 262.553009033203125 262.15301513671875 261.753021240234375 261.35302734375 261.272308349609375 262.47137451171875 263.670440673828125 264.8695068359375 266.068572998046875 267.6607666015625 270.828826904296875 273.996856689453125 277.1649169921875 280.33294677734375
256.18878173828125 254.02783203125 251.8668975830078125 249.705963134765625 247.97650146484375 247.97650146484375 247.97650146484375 247.97650146484375 247.97650146484375 248.1936492919921875 249.2811737060546875 250.3686981201171875 251.456207275390625 252.543731689453125 253.478363037109375 253.8002471923828125 254.12213134765625 254.4440155029296875 254.7658843994140625 254.955474853515625 254.6147918701171875 254.2741241455078125 253.933441162109375 253.5927581787109375 253.7300872802734375 255.783233642578125 257.836395263671875 259.889556884765625 261.942718505859375 263.513824462890625 263.15289306640625 262.791961669921875 262.430999755859375 262.070068359375 262.075408935546875 263.548828125 265.022247314453125 266.49566650390625 267.969085693359375 269.6624755859375 272.237518310546875 274.81256103515625 277.387603759765625 279.962646484375
257.036773681640625 254.9158172607421875 252.7948760986328125 250.6739501953125 248.97650146484375 248.97650146484375 248.97650146484375 248.97650146484375 248.97650146484375 249.1297607421875 249.89727783203125 250.664794921875 251.43231201171875 252.1998291015625 252.862396240234375 253.104278564453125 253.346160888671875 253.5880279541015625 253.8299102783203125 254.1311798095703125 254.6705169677734375 255.2098388671875 255.7491607666015625 256.288482666015625 257.01824951171875 258.51141357421875 260.00457763671875 261.49774169921875 262.99090576171875 264.121826171875 263.800872802734375 263.479949951171875 263.15899658203125 262.83807373046875 262.931304931640625 264.68475341796875 266.43817138671875 268.19158935546875 269.94500732421875 271.73468017578125 273.66973876953125 275.604766845703125 277.539794921875 279.474853515625
