INPUT/RASTER/ASCII_no_standard/clay_5-15cm_mean.asc
ncols        225
nrows        269
xllcorner    473009.983799999987
yllcorner    4429051.174800000153
cellsize     50.000000000000
NODATA_value  -9999
[rows 160 to 179 of 269, columns 176 to 219 of 225]
272.03057861328125 272.52520751953125 272.291778564453125 272.058349609375 271.824920654296875 271.591522216796875 271.013885498046875 269.05670166015625 267.09954833984375 265.142364501953125 263.1851806640625 261.795623779296875 262.6812744140625 263.566925048828125 264.452545166015625 265.33819580078125 266.204864501953125 266.995452880859375 267.78607177734375 268.57666015625 269.36724853515625 270.478271484375 272.87359619140625 275.268890380859375 277.6641845703125 280.059478759765625 281.961273193359375 281.885040283203125 281.808807373046875 281.7325439453125 281.65631103515625 280.87646484375 277.276458740234375 273.67645263671875 270.07647705078125 266.476470947265625 259.202117919921875 237.2005767822265625 215.1990509033203125 193.197509765625 171.1959686279296875 147.4540557861328125 116.73653411865234375 86.019012451171875
273.1025390625 273.669281005859375 273.155853271484375 272.6424560546875 272.1290283203125 271.6156005859375 270.789947509765625 268.7127685546875 266.635589599609375 264.558380126953125 262.481201171875 260.947723388671875 261.593353271484375 262.238983154296875 262.8846435546875 263.5302734375 264.28472900390625 265.475341796875 266.665924072265625 267.856536865234375 269.047119140625 270.518218994140625 273.113525390625 275.708831787109375 278.304107666015625 280.8994140625 282.9293212890625 282.693084716796875 282.45684814453125 282.220611572265625 281.984375 281.07647705078125 277.476470947265625 273.87646484375 270.276458740234375 266.67645263671875 261.454803466796875 249.733245849609375 238.01171875 226.2901763916015625 214.568634033203125 196.9933929443359375 155.95587158203125 114.91835784912109375
274.17449951171875 274.813385009765625 274.01995849609375 273.226531982421875 272.43310546875 271.639678955078125 270.56597900390625 268.368804931640625 266.171600341796875 263.97442626953125 261.777252197265625 260.09979248046875 260.50543212890625 260.91107177734375 261.31671142578125 261.72235107421875 262.364593505859375 263.9552001953125 265.545806884765625 267.13641357421875 268.72698974609375 270.55816650390625 273.35345458984375 276.14874267578125 278.944061279296875 281.739349365234375 283.897369384765625 283.501129150390625 283.104888916015625 282.708648681640625 282.312408447265625 281.276458740234375 277.67645263671875 274.07647705078125 270.476470947265625 266.87646484375 263.70745849609375 262.26593017578125 260.824371337890625 259.382843017578125 257.941314697265625 246.532745361328125 195.1752166748046875 143.8177032470703125
274.496490478515625 275.269866943359375 274.6651611328125 274.060455322265625 273.45574951171875 272.85107421875 271.9122314453125 269.63409423828125 267.355987548828125 265.077850341796875 262.79974365234375 260.993988037109375 261.081512451171875 261.16900634765625 261.25653076171875 261.34405517578125 261.749176025390625 263.42730712890625 265.10540771484375 266.783538818359375 268.461669921875 270.285797119140625 272.6951904296875 275.104583740234375 277.514007568359375 279.92340087890625 281.873199462890625 281.980987548828125 282.088775634765625 282.196563720703125 282.304351806640625 281.695159912109375 278.21234130859375 274.729522705078125 271.2467041015625 267.763885498046875 264.74468994140625 263.583740234375 262.422821044921875 261.261871337890625 260.100921630859375 250.8729705810546875 209.3114166259765625 167.7498779296875
274.800445556640625 275.70977783203125 275.305084228515625 274.900390625 274.495697021484375 274.09100341796875 273.296234130859375 270.9381103515625 268.58001708984375 266.221893310546875 263.86376953125 261.930084228515625 261.697601318359375 261.465118408203125 261.232635498046875 261.000152587890625 261.1651611328125 262.92327880859375 264.681396484375 266.43951416015625 268.1976318359375 270.00592041015625 272.01531982421875 274.02471923828125 276.03411865234375 278.04351806640625 279.77703857421875 280.404815673828125 281.032623291015625 281.660400390625 282.288177490234375 282.119140625 278.756317138671875 275.39349365234375 272.030670166015625 268.6678466796875 265.752685546875 264.631744384765625 263.51080322265625 262.389862060546875 261.2689208984375 254.1256256103515625 222.8441009521484375 191.56256103515625
275.10443115234375 276.14971923828125 275.945037841796875 275.740325927734375 275.53564453125 275.3309326171875 274.680267333984375 272.242156982421875 269.80401611328125 267.36590576171875 264.92779541015625 262.866180419921875 262.313720703125 261.76123046875 261.208740234375 260.65625 260.58111572265625 262.41925048828125 264.257354736328125 266.095489501953125 267.93359375 269.726043701171875 271.33544921875 272.944854736328125 274.55426025390625 276.163665771484375 277.680877685546875 278.828643798828125 279.9764404296875 281.124237060546875 282.272003173828125 282.5430908203125 279.300262451171875 276.05743408203125 272.81463623046875 269.571807861328125 266.76068115234375 265.679718017578125 264.598785400390625 263.517852783203125 262.436920166015625 257.3782958984375 236.37677001953125 215.3752288818359375
275.40838623046875 276.58966064453125 276.5849609375 276.58026123046875 276.5755615234375 276.57086181640625 276.064300537109375 273.546173095703125 271.028045654296875 268.50994873046875 265.9918212890625 263.802276611328125 262.9298095703125 262.057342529296875 261.184844970703125 260.3123779296875 259.997100830078125 261.91522216796875 263.833343505859375 265.75146484375 267.669586181640625 269.446197509765625 270.65557861328125 271.864990234375 273.074371337890625 274.283782958984375 275.584716796875 277.25250244140625 278.920257568359375 280.588043212890625 282.255828857421875 282.967041015625 279.84423828125 276.721405029296875 273.598602294921875 270.47576904296875 267.768646240234375 266.72772216796875 265.686767578125 264.645843505859375 263.604888916015625 260.6309814453125 249.9094390869140625 239.187896728515625
275.71234130859375 277.02960205078125 277.224884033203125 277.420196533203125 277.615509033203125 277.810791015625 277.448333740234375 274.850189208984375 272.2520751953125 269.653961181640625 267.05584716796875 264.7384033203125 263.5458984375 262.353424072265625 261.16094970703125 259.968475341796875 259.4130859375 261.41119384765625 263.4093017578125 265.407440185546875 267.405548095703125 269.16632080078125 269.9757080078125 270.785125732421875 271.594512939453125 272.403900146484375 273.488525390625 275.67633056640625 277.864105224609375 280.0518798828125 282.239654541015625 283.391021728515625 280.38818359375 277.3853759765625 274.382537841796875 271.379730224609375 268.776641845703125 267.77569580078125 266.774749755859375 265.773834228515625 264.77288818359375 263.883636474609375 263.442108154296875 263.00054931640625
276.914825439453125 277.9930419921875 278.07586669921875 278.15869140625 278.241485595703125 278.324310302734375 277.8558349609375 275.177734375 272.499603271484375 269.82147216796875 267.14337158203125 264.791595458984375 263.747833251953125 262.704071044921875 261.660308837890625 260.616546630859375 260.172760009765625 262.133697509765625 264.094635009765625 266.055572509765625 268.016510009765625 269.706634521484375 270.31134033203125 270.916046142578125 271.520751953125 272.125457763671875 273.017486572265625 275.061248779296875 277.105010986328125 279.148773193359375 281.192535400390625 282.32275390625 279.791473388671875 277.26019287109375 274.728912353515625 272.197662353515625 269.964324951171875 268.925262451171875 267.886199951171875 266.847137451171875 265.808074951171875 264.905364990234375 264.54913330078125 264.192901611328125
278.138916015625 278.969085693359375 278.931884765625 278.89471435546875 278.8575439453125 278.820343017578125 278.2398681640625 275.48175048828125 272.7236328125 269.96551513671875 267.2073974609375 264.82354736328125 263.939788818359375 263.0560302734375 262.1722412109375 261.288482666015625 260.96478271484375 262.885711669921875 264.806640625 266.72760009765625 268.648529052734375 270.2667236328125 270.671417236328125 271.07611083984375 271.480804443359375 271.885498046875 272.585540771484375 274.46929931640625 276.353057861328125 278.23681640625 280.120574951171875 281.218597412109375 279.167327880859375 277.116058349609375 275.06475830078125 273.01348876953125 271.156341552734375 270.0772705078125 268.99822998046875 267.919158935546875 266.840087890625 265.8734130859375 265.357177734375 264.8409423828125
279.363006591796875 279.94512939453125 279.787933349609375 279.630767822265625 279.47357177734375 279.31640625 278.6239013671875 275.7857666015625 272.947662353515625 270.109527587890625 267.27142333984375 264.85546875 264.1317138671875 263.407958984375 262.6842041015625 261.96044921875 261.75677490234375 263.637725830078125 265.518646240234375 267.39959716796875 269.280548095703125 270.8267822265625 271.031463623046875 271.236175537109375 271.440887451171875 271.64556884765625 272.153594970703125 273.877349853515625 275.601104736328125 277.324859619140625 279.048614501953125 280.11444091796875 278.543182373046875 276.971893310546875 275.400604248046875 273.829345703125 272.348358154296875 271.22930908203125 270.1102294921875 268.991180419921875 267.872100830078125 266.841461181640625 266.16522216796875 265.488983154296875
280.58709716796875 280.921142578125 280.64398193359375 280.366790771484375 280.089630126953125 279.81243896484375 279.0079345703125 276.089813232421875 273.17169189453125 270.253570556640625 267.33544921875 264.887420654296875 264.32366943359375 263.759918212890625 263.1961669921875 262.63238525390625 262.548797607421875 264.389739990234375 266.230682373046875 268.071624755859375 269.912567138671875 271.3868408203125 271.39154052734375 271.396240234375 271.40093994140625 271.4056396484375 271.721649169921875 273.285400390625 274.849151611328125 276.412933349609375 277.9766845703125 279.010284423828125 277.91900634765625 276.827728271484375 275.7364501953125 274.645172119140625 273.540374755859375 272.381317138671875 271.222259521484375 270.063201904296875 268.90411376953125 267.809539794921875 266.973297119140625 266.137054443359375
281.811187744140625 281.897186279296875 281.500030517578125 281.10284423828125 280.705657958984375 280.3084716796875 279.391937255859375 276.393829345703125 273.395721435546875 270.3975830078125 267.39947509765625 264.91937255859375 264.515625 264.111846923828125 263.708099365234375 263.304351806640625 263.3408203125 265.141754150390625 266.94268798828125 268.743621826171875 270.5445556640625 271.9468994140625 271.751617431640625 271.556304931640625 271.360992431640625 271.16571044921875 271.289703369140625 272.693450927734375 274.09722900390625 275.5009765625 276.90472412109375 277.9061279296875 277.29486083984375 276.68359375 276.072296142578125 275.461029052734375 274.732391357421875 273.5333251953125 272.334259033203125 271.13519287109375 269.936126708984375 268.777587890625 267.781341552734375 266.78509521484375
283.17578125 283.25604248046875 282.699798583984375 282.1435546875 281.587310791015625 281.03106689453125 280.06488037109375 277.455474853515625 274.8460693359375 272.236663818359375 269.627288818359375 267.404449462890625 266.73101806640625 266.0576171875 265.384185791015625 264.71075439453125 264.422027587890625 265.675201416015625 266.9283447265625 268.1815185546875 269.434661865234375 270.4444580078125 270.47882080078125 270.51318359375 270.54754638671875 270.5819091796875 270.8343505859375 271.9609375 273.087493896484375 274.214080810546875 275.340667724609375 276.11468505859375 275.475616455078125 274.836578369140625 274.197509765625 273.558441162109375 272.815185546875 271.65423583984375 270.4932861328125 269.332366943359375 268.171417236328125 267.097198486328125 266.370635986328125 265.64404296875
284.54376220703125 284.62408447265625 283.9078369140625 283.191619873046875 282.475372314453125 281.759124755859375 280.7447509765625 278.53533935546875 276.325927734375 274.116546630859375 271.907135009765625 269.94854736328125 268.9951171875 268.04168701171875 267.0882568359375 266.134857177734375 265.510223388671875 266.203369140625 266.896514892578125 267.589691162109375 268.2828369140625 268.892364501953125 269.166748046875 269.44110107421875 269.7154541015625 269.98980712890625 270.378448486328125 271.225006103515625 272.07159423828125 272.918182373046875 273.7647705078125 274.30670166015625 273.627655029296875 272.948577880859375 272.26953125 271.5904541015625 270.82318115234375 269.702239990234375 268.581298828125 267.460357666015625 266.33941650390625 265.353118896484375 264.90655517578125 264.4599609375
285.9117431640625 285.99212646484375 285.11590576171875 284.239654541015625 283.363433837890625 282.4871826171875 281.42462158203125 279.615203857421875 277.805816650390625 275.99639892578125 274.18701171875 272.49261474609375 271.25921630859375 270.025787353515625 268.7923583984375 267.558929443359375 266.598388671875 266.731536865234375 266.864715576171875 266.99786376953125 267.131011962890625 267.340301513671875 267.85467529296875 268.3690185546875 268.883392333984375 269.397735595703125 269.922515869140625 270.489105224609375 271.055694580078125 271.62225341796875 272.1888427734375 272.49871826171875 271.7796630859375 271.06060791015625 270.341522216796875 269.622467041015625 268.831146240234375 267.750213623046875 266.669281005859375 265.588348388671875 264.50738525390625 263.609039306640625 263.44244384765625 263.27587890625
287.279754638671875 287.360198974609375 286.323944091796875 285.2877197265625 284.25146484375 283.215240478515625 282.1044921875 280.695068359375 279.285675048828125 277.87628173828125 276.466888427734375 275.036712646484375 273.523284912109375 272.0098876953125 270.4964599609375 268.9830322265625 267.68658447265625 267.259735107421875 266.8328857421875 266.406036376953125 265.979217529296875 265.7882080078125 266.542572021484375 267.29693603515625 268.051300048828125 268.8056640625 269.46661376953125 269.753204345703125 270.039764404296875 270.32635498046875 270.612945556640625 270.69073486328125 269.931671142578125 269.172607421875 268.413543701171875 267.65447998046875 266.839141845703125 265.798187255859375 264.75726318359375 263.71630859375 262.675384521484375 261.86492919921875 261.978363037109375 262.091796875
288.647735595703125 288.728240966796875 287.532012939453125 286.33575439453125 285.1395263671875 283.943267822265625 282.78436279296875 281.77496337890625 280.76556396484375 279.75616455078125 278.74676513671875 277.580810546875 275.787384033203125 273.99395751953125 272.200531005859375 270.407135009765625 268.774749755859375 267.78790283203125 266.80108642578125 265.814239501953125 264.827392578125 264.23614501953125 265.230499267578125 266.224853515625 267.21923828125 268.213592529296875 269.010711669921875 269.017303466796875 269.02386474609375 269.03045654296875 269.037017822265625 268.88275146484375 268.08367919921875 267.28460693359375 266.485565185546875 265.686492919921875 264.847137451171875 263.84619140625 262.845245361328125 261.84429931640625 260.8433837890625 260.120849609375 260.5142822265625 260.907684326171875
288.656341552734375 288.92449951171875 287.5682373046875 286.212005615234375 284.85577392578125 283.499542236328125 282.276824951171875 281.58929443359375 280.901763916015625 280.214263916015625 279.5267333984375 278.546905517578125 276.395355224609375 274.243804931640625 272.092254638671875 269.94073486328125 268.07373046875 267.347137451171875 266.62054443359375 265.89398193359375 265.167388916015625 264.840179443359375 266.11358642578125 267.38702392578125 268.660430908203125 269.933868408203125 270.875 270.484405517578125 270.09381103515625 269.703216552734375 269.3126220703125 268.8636474609375 268.18084716796875 267.498016357421875 266.815185546875 266.13238525390625 265.41741943359375 264.57366943359375 263.72991943359375 262.886138916015625 262.042388916015625 261.431365966796875 261.753265380859375 262.07513427734375
288.63226318359375 289.092529296875 287.5762939453125 286.06005859375 284.5438232421875 283.027587890625 281.74072265625 281.373199462890625 281.00567626953125 280.638153076171875 280.2706298828125 279.475006103515625 276.963470458984375 274.451934814453125 271.940399169921875 269.4288330078125 267.329620361328125 266.883056640625 266.43646240234375 265.989898681640625 265.543304443359375 265.49609375 267.04949951171875 268.602935791015625 270.156341552734375 271.70977783203125 272.795135498046875 272.004547119140625 271.21392822265625 270.42333984375 269.63275146484375 268.887603759765625 268.324798583984375 267.761993408203125 267.19915771484375 266.6363525390625 266.04937744140625 265.3656005859375 264.681854248046875 263.99810791015625 263.3143310546875 262.815399169921875 263.057281494140625 263.299163818359375
