INPUT/RASTER/ASCII_no_standard/clay_5-15cm_mean.asc
ncols        225
nrows        269
xllcorner    473009.983799999987
yllcorner    4429051.174800000153
cellsize     50.000000000000
NODATA_value  -9999
[rows 60 to 79 of 269, columns 88 to 131 of 225]
266.476898193359375 265.405364990234375 264.333831787109375 263.26226806640625 262.371429443359375 262.204864501953125 262.03826904296875 261.8717041015625 261.705108642578125 261.613616943359375 261.823028564453125 262.03240966796875 262.2418212890625 262.451202392578125 262.845062255859375 263.97821044921875 265.11138916015625 266.244537353515625 267.377685546875 268.672576904296875 270.61566162109375 272.558746337890625 274.5018310546875 276.444915771484375 278.207275390625 279.24542236328125 280.283538818359375 281.3216552734375 282.359771728515625 283.31988525390625 283.9674072265625 284.61492919921875 285.262451171875 285.90997314453125 286.23040771484375 285.23980712890625 284.24920654296875 283.25860595703125 282.267974853515625 281.640655517578125 282.469390869140625 283.298095703125 284.1268310546875 284.955535888671875
267.64501953125 266.213470458984375 264.781951904296875 263.35040283203125 262.22735595703125 262.34075927734375 262.454193115234375 262.567596435546875 262.6810302734375 262.733734130859375 262.54315185546875 262.3525390625 262.16192626953125 261.971343994140625 261.9332275390625 262.50640869140625 263.079559326171875 263.6527099609375 264.225860595703125 265.216339111328125 267.879425048828125 270.542510986328125 273.205596923828125 275.868682861328125 278.2232666015625 279.34136962890625 280.459503173828125 281.57763671875 282.69573974609375 283.656005859375 283.9835205078125 284.31103515625 284.6385498046875 284.966064453125 284.950531005859375 283.5599365234375 282.1693115234375 280.778717041015625 279.38812255859375 278.5364990234375 279.84521484375 281.153961181640625 282.462677001953125 283.771392822265625
268.813140869140625 267.0216064453125 265.23004150390625 263.438507080078125 262.083251953125 262.4766845703125 262.870086669921875 263.263519287109375 263.656951904296875 263.8538818359375 263.263275146484375 262.67266845703125 262.082061767578125 261.491455078125 261.02142333984375 261.034576416015625 261.0477294921875 261.060882568359375 261.074066162109375 261.760101318359375 265.1431884765625 268.526275634765625 271.90936279296875 275.292449951171875 278.239227294921875 279.437347412109375 280.635467529296875 281.833587646484375 283.031707763671875 283.992095947265625 283.9996337890625 284.00714111328125 284.0146484375 284.022186279296875 283.670654296875 281.88006591796875 280.089447021484375 278.298858642578125 276.50823974609375 275.432342529296875 277.2210693359375 279.009796142578125 280.79852294921875 282.587249755859375
271.395233154296875 269.282745361328125 267.170257568359375 265.057769775390625 263.470367431640625 263.987548828125 264.504730224609375 265.02191162109375 265.539093017578125 265.856597900390625 265.373779296875 264.890960693359375 264.40814208984375 263.925323486328125 263.531097412109375 263.4920654296875 263.4530029296875 263.4139404296875 263.3748779296875 263.850921630859375 266.3916015625 268.932281494140625 271.47296142578125 274.013641357421875 276.333404541015625 277.76776123046875 279.202117919921875 280.636474609375 282.070831298828125 283.226593017578125 283.265655517578125 283.304718017578125 283.343780517578125 283.382843017578125 283.09368896484375 281.488983154296875 279.88427734375 278.279571533203125 276.67486572265625 275.711029052734375 277.31573486328125 278.92041015625 280.525115966796875 282.12982177734375
274.011322021484375 271.578826904296875 269.1463623046875 266.7138671875 264.89434814453125 265.531524658203125 266.168701171875 266.805877685546875 267.44305419921875 267.88055419921875 267.517730712890625 267.154937744140625 266.7921142578125 266.429290771484375 266.123138427734375 266.0440673828125 265.964996337890625 265.885955810546875 265.806884765625 266.0751953125 267.735870361328125 269.39654541015625 271.0572509765625 272.717926025390625 274.381317138671875 276.055694580078125 277.73004150390625 279.4044189453125 281.078765869140625 282.4345703125 282.513641357421875 282.59271240234375 282.6717529296875 282.750823974609375 282.533599853515625 281.12890625 279.724212646484375 278.31951904296875 276.914825439453125 276.071075439453125 277.475799560546875 278.8804931640625 280.285186767578125 281.68988037109375
276.62744140625 273.87493896484375 271.122467041015625 268.3699951171875 266.31829833984375 267.075469970703125 267.832672119140625 268.58984375 269.347015380859375 269.904510498046875 269.661712646484375 269.41888427734375 269.176055908203125 268.933258056640625 268.71514892578125 268.5960693359375 268.477020263671875 268.35797119140625 268.2388916015625 268.29949951171875 269.080169677734375 269.86083984375 270.641510009765625 271.422210693359375 272.429229736328125 274.343597412109375 276.257965087890625 278.172332763671875 280.086700439453125 281.642578125 281.761627197265625 281.88067626953125 281.999755859375 282.118804931640625 281.973541259765625 280.76885986328125 279.56414794921875 278.35943603515625 277.154754638671875 276.43115234375 277.6358642578125 278.840545654296875 280.045257568359375 281.24993896484375
279.2435302734375 276.171051025390625 273.09857177734375 270.026092529296875 267.74224853515625 268.61944580078125 269.496612548828125 270.373809814453125 271.2509765625 271.928497314453125 271.8056640625 271.682830810546875 271.560028076171875 271.43719482421875 271.307159423828125 271.148101806640625 270.989044189453125 270.8299560546875 270.6708984375 270.523773193359375 270.4244384765625 270.32513427734375 270.225799560546875 270.126495361328125 270.4771728515625 272.63153076171875 274.785888671875 276.94024658203125 279.0946044921875 280.850555419921875 281.009613037109375 281.168670654296875 281.327728271484375 281.486785888671875 281.413482666015625 280.408782958984375 279.404083251953125 278.399383544921875 277.394683837890625 276.791229248046875 277.795928955078125 278.800628662109375 279.805328369140625 280.80999755859375
281.859619140625 278.4671630859375 275.074676513671875 271.68218994140625 269.166229248046875 270.16339111328125 271.16058349609375 272.157745361328125 273.154937744140625 273.95245361328125 273.949615478515625 273.946807861328125 273.944000244140625 273.941162109375 273.899169921875 273.700103759765625 273.50103759765625 273.301971435546875 273.102935791015625 272.748077392578125 271.76873779296875 270.7894287109375 269.810089111328125 268.830780029296875 268.52508544921875 270.919464111328125 273.313812255859375 275.708160400390625 278.1025390625 280.05853271484375 280.257598876953125 280.4566650390625 280.655731201171875 280.85479736328125 280.853424072265625 280.0487060546875 279.2440185546875 278.4393310546875 277.634613037109375 277.151275634765625 277.95599365234375 278.76068115234375 279.56536865234375 280.370086669921875
281.921112060546875 278.521087646484375 275.12109375 271.721099853515625 269.199676513671875 270.199676513671875 271.199676513671875 272.199676513671875 273.199676513671875 274 274 274 274 274 273.960052490234375 273.76007080078125 273.56005859375 273.360076904296875 273.160064697265625 272.800323486328125 271.800323486328125 270.800323486328125 269.800323486328125 268.800323486328125 268.479217529296875 270.87921142578125 273.27923583984375 275.679229736328125 278.0792236328125 280.039947509765625 280.23992919921875 280.43994140625 280.639923095703125 280.839935302734375 280.84027099609375 280.040252685546875 279.240264892578125 278.44024658203125 277.6402587890625 277.15972900390625 277.959747314453125 278.759735107421875 279.55975341796875 280.3597412109375
281.921112060546875 278.521087646484375 275.12109375 271.721099853515625 269.199676513671875 270.199676513671875 271.199676513671875 272.199676513671875 273.199676513671875 274 274 274 274 274 273.960052490234375 273.76007080078125 273.56005859375 273.360076904296875 273.160064697265625 272.800323486328125 271.800323486328125 270.800323486328125 269.800323486328125 268.800323486328125 268.479217529296875 270.87921142578125 273.27923583984375 275.679229736328125 278.0792236328125 280.039947509765625 280.23992919921875 280.43994140625 280.639923095703125 280.839935302734375 280.84027099609375 280.040252685546875 279.240264892578125 278.44024658203125 277.6402587890625 277.15972900390625 277.959747314453125 278.759735107421875 279.55975341796875 280.3597412109375
281.921112060546875 278.521087646484375 275.12109375 271.721099853515625 269.199676513671875 270.199676513671875 271.199676513671875 272.199676513671875 273.199676513671875 274 274 274 274 274 273.960052490234375 273.76007080078125 273.56005859375 273.360076904296875 273.160064697265625 272.800323486328125 271.800323486328125 270.800323486328125 269.800323486328125 268.800323486328125 268.479217529296875 270.87921142578125 273.27923583984375 275.679229736328125 278.0792236328125 280.039947509765625 280.23992919921875 280.43994140625 280.639923095703125 280.839935302734375 280.84027099609375 280.040252685546875 279.240264892578125 278.44024658203125 277.6402587890625 277.15972900390625 277.959747314453125 278.759735107421875 279.55975341796875 280.3597412109375
281.921112060546875 278.521087646484375 275.12109375 271.721099853515625 269.199676513671875 270.199676513671875 271.199676513671875 272.199676513671875 273.199676513671875 274 274 274 274 274 273.960052490234375 273.76007080078125 273.56005859375 273.360076904296875 273.160064697265625 272.800323486328125 271.800323486328125 270.800323486328125 269.800323486328125 268.800323486328125 268.479217529296875 270.87921142578125 273.27923583984375 275.679229736328125 278.0792236328125 280.039947509765625 280.23992919921875 280.43994140625 280.639923095703125 280.839935302734375 280.84027099609375 280.040252685546875 279.240264892578125 278.44024658203125 277.6402587890625 277.15972900390625 277.959747314453125 278.759735107421875 279.55975341796875 280.3597412109375
281.921112060546875 278.521087646484375 275.12109375 271.721099853515625 269.199676513671875 270.199676513671875 271.199676513671875 272.199676513671875 273.199676513671875 274 274 274 274 274 273.960052490234375 273.76007080078125 273.56005859375 273.360076904296875 273.160064697265625 272.800323486328125 271.800323486328125 270.800323486328125 269.800323486328125 268.800323486328125 268.479217529296875 270.87921142578125 273.27923583984375 275.679229736328125 278.0792236328125 280.039947509765625 280.23992919921875 280.43994140625 280.639923095703125 280.839935302734375 280.84027099609375 280.040252685546875 279.240264892578125 278.44024658203125 277.6402587890625 277.15972900390625 277.959747314453125 278.759735107421875 279.55975341796875 280.3597412109375
279.616485595703125 276.41180419921875 273.20709228515625 270.00238037109375 267.590484619140625 268.356109619140625 269.12176513671875 269.88739013671875 270.65301513671875 271.273590087890625 271.312652587890625 271.351715087890625 271.390777587890625 271.429840087890625 271.38995361328125 271.033721923828125 270.677490234375 270.32122802734375 269.964996337890625 269.5426025390625 268.855072021484375 268.167572021484375 267.48004150390625 266.79254150390625 266.612335205078125 268.465484619140625 270.318634033203125 272.171783447265625 274.02496337890625 275.5792236328125 275.935455322265625 276.29168701171875 276.64794921875 277.004180908203125 277.1451416015625 276.423248291015625 275.701385498046875 274.9794921875 274.25762939453125 273.70703125 273.843017578125 273.97900390625 274.114959716796875 274.250946044921875
277.256439208984375 274.251739501953125 271.247039794921875 268.242340087890625 265.94256591796875 266.46820068359375 266.99383544921875 267.51947021484375 268.04510498046875 268.4815673828125 268.560638427734375 268.63970947265625 268.71875 268.797821044921875 268.75799560546875 268.24176025390625 267.72552490234375 267.20928955078125 266.69305419921875 266.206512451171875 265.8389892578125 265.471466064453125 265.10394287109375 264.736419677734375 264.70050048828125 265.99365234375 267.286834716796875 268.579986572265625 269.873138427734375 271.01116943359375 271.52740478515625 272.04364013671875 272.55987548828125 273.07611083984375 273.361114501953125 272.71923828125 272.077362060546875 271.43548583984375 270.793609619140625 270.1712646484375 269.627227783203125 269.083221435546875 268.5391845703125 267.99517822265625
274.8963623046875 272.0916748046875 269.286956787109375 266.482269287109375 264.29461669921875 264.58026123046875 264.86590576171875 265.15155029296875 265.43719482421875 265.6895751953125 265.808624267578125 265.92767333984375 266.0467529296875 266.165802001953125 266.126068115234375 265.4498291015625 264.773590087890625 264.09735107421875 263.421112060546875 262.870391845703125 262.8228759765625 262.775360107421875 262.72784423828125 262.680328369140625 262.7886962890625 263.5218505859375 264.2550048828125 264.9881591796875 265.7213134765625 266.443115234375 267.119354248046875 267.79559326171875 268.471832275390625 269.1480712890625 269.57708740234375 269.01519775390625 268.453338623046875 267.891448974609375 267.329559326171875 266.635467529296875 265.411468505859375 264.18743896484375 262.963409423828125 261.7393798828125
272.536285400390625 269.931610107421875 267.326904296875 264.722198486328125 262.646697998046875 262.692352294921875 262.73797607421875 262.78363037109375 262.829254150390625 262.897552490234375 263.056610107421875 263.215667724609375 263.374725341796875 263.533782958984375 263.494110107421875 262.657867431640625 261.821624755859375 260.985382080078125 260.149139404296875 259.5343017578125 259.8067626953125 260.079254150390625 260.35174560546875 260.62420654296875 260.876861572265625 261.050018310546875 261.223175048828125 261.396331787109375 261.569488525390625 261.87506103515625 262.7113037109375 263.54754638671875 264.3837890625 265.22003173828125 265.793060302734375 265.311187744140625 264.829315185546875 264.347412109375 263.86553955078125 263.099700927734375 261.1956787109375 259.291656494140625 257.38763427734375 255.483612060546875
270.176239013671875 267.77154541015625 265.3668212890625 262.962127685546875 260.998779296875 260.804412841796875 260.610076904296875 260.41571044921875 260.221343994140625 260.10552978515625 260.304595947265625 260.503662109375 260.702728271484375 260.901763916015625 260.862152099609375 259.865936279296875 258.86968994140625 257.873443603515625 256.877197265625 256.19818115234375 256.790679931640625 257.383148193359375 257.97564697265625 258.568115234375 258.965057373046875 258.578216552734375 258.191375732421875 257.804534912109375 257.417694091796875 257.3070068359375 258.303253173828125 259.29949951171875 260.29571533203125 261.291961669921875 262.009033203125 261.607147216796875 261.205291748046875 260.80340576171875 260.401519775390625 259.563934326171875 256.979888916015625 254.3958740234375 251.8118438720703125 249.2278289794921875
272.948699951171875 270.6268310546875 268.304962158203125 265.983062744140625 263.92108154296875 262.90081787109375 261.88055419921875 260.86029052734375 259.84002685546875 259.016632080078125 258.982269287109375 258.947906494140625 258.913543701171875 258.879180908203125 258.722198486328125 258.073760986328125 257.42529296875 256.776824951171875 256.128387451171875 255.6590118408203125 255.907470703125 256.155914306640625 256.404388427734375 256.65283203125 256.78741455078125 256.465545654296875 256.143646240234375 255.82177734375 255.499908447265625 255.4809722900390625 256.67626953125 257.87158203125 259.066864013671875 260.262176513671875 261.18572998046875 261.02008056640625 260.85443115234375 260.688812255859375 260.523162841796875 259.957244873046875 257.786895751953125 255.6165618896484375 253.44622802734375 251.27587890625
275.844696044921875 273.602813720703125 271.360931396484375 269.119049072265625 266.953369140625 265.093109130859375 263.23284912109375 261.37255859375 259.512298583984375 257.968719482421875 257.694366455078125 257.41998291015625 257.1456298828125 256.87127685546875 256.594085693359375 256.305633544921875 256.017181396484375 255.7287139892578125 255.4402618408203125 255.1871337890625 255.075592041015625 254.96405029296875 254.852508544921875 254.740966796875 254.6033935546875 254.36151123046875 254.11962890625 253.8777618408203125 253.6358795166015625 253.7209014892578125 255.1161956787109375 256.511505126953125 257.90679931640625 259.302093505859375 260.43365478515625 260.50799560546875 260.582366943359375 260.65673828125 260.7310791015625 260.445098876953125 258.714752197265625 256.984405517578125 255.2540740966796875 253.52374267578125
