INPUT/RASTER/ASCII_no_standard/nitrogen_5-15cm_mean.asc
ncols        225
nrows        269
xllcorner    473009.983799999987
yllcorner    4429051.174800000153
cellsize     50.000000000000
NODATA_value  -9999
[rows 0 to 19 of 269, columns 46 to 91 of 225]
2038.522705078125 2423.40576171875 2405.40576171875 2387.40576171875 2369.40576171875 2351.40576171875 2243.67138671875 1776.271484375 1308.8714599609375 841.471435546875 374.071441650390625 94.12726593017578125 565.52728271484375 1036.92724609375 1508.3272705078125 1979.727294921875 2356.201416015625 2352.201416015625 2348.201416015625 2344.201416015625 2340.201416015625 2243.67138671875 1776.271484375 1308.8714599609375 841.471435546875 374.071441650390625 0 0 0 0 0 0 0 0 0 0 0 0 0 0 0 0 0 0 0 0
2038.522705078125 2423.40576171875 2405.40576171875 2387.40576171875 2369.40576171875 2351.40576171875 2243.67138671875 1776.271484375 1308.8714599609375 841.471435546875 374.071441650390625 94.12726593017578125 565.52728271484375 1036.92724609375 1508.3272705078125 1979.727294921875 2356.201416015625 2352.201416015625 2348.201416015625 2344.201416015625 2340.201416015625 2243.67138671875 1776.271484375 1308.8714599609375 841.471435546875 374.071441650390625 0 0 0 0 0 0 0 0 0 0 0 0 0 0 0 0 0 0 0 0
2038.522705078125 2423.40576171875 2405.40576171875 2387.40576171875 2369.40576171875 2351.40576171875 2243.67138671875 1776.271484375 1308.8714599609375 841.471435546875 374.071441650390625 94.12726593017578125 565.52728271484375 1036.92724609375 1508.3272705078125 1979.727294921875 2356.201416015625 2352.201416015625 2348.201416015625 2344.201416015625 2340.201416015625 2243.67138671875 1776.271484375 1308.8714599609375 841.471435546875 374.071441650390625 0 0 0 0 0 0 0 0 0 0 0 0 0 0 0 0 0 0 0 0
2095.142578125 2408.100341796875 2395.607666015625 2383.115234375 2370.622802734375 2358.130126953125 2272.7578125 1895.2742919921875 1517.790771484375 1140.3072509765625 762.82373046875 535.84259033203125 912.092041015625 1288.3414306640625 1664.5909423828125 2040.84033203125 2340.429931640625 2332.75830078125 2325.086669921875 2317.4150390625 2309.743408203125 2228.751708984375 1853.88525390625 1479.018798828125 1104.1522216796875 729.28582763671875 412.128143310546875 326.273895263671875 240.4196624755859375 154.5654296875 68.71120452880859375 0 0 0 0 0 0 0 0 0 0 17.852773666381835938 107.26148223876953125 196.6701812744140625 286.078887939453125 375.48760986328125
2153.125 2392.426513671875 2385.573974609375 2378.721435546875 2371.868896484375 2365.016357421875 2302.5439453125 2017.140380859375 1731.7369384765625 1446.3333740234375 1160.9298095703125 988.1861572265625 1266.99560546875 1545.8050537109375 1824.614501953125 2103.423828125 2324.279296875 2312.84765625 2301.416015625 2289.984130859375 2278.552490234375 2213.472900390625 1933.3665771484375 1653.260009765625 1373.153564453125 1093.047119140625 834.172607421875 660.39837646484375 486.6241455078125 312.84991455078125 139.07568359375 0 0 0 0 0 0 0 0 0 0 36.13510894775390625 217.10382080078125 398.072509765625 579.04119873046875 760.00994873046875
2211.107177734375 2376.752685546875 2375.5400390625 2374.32763671875 2373.114990234375 2371.902587890625 2332.330078125 2139.006591796875 1945.68310546875 1752.3594970703125 1559.0360107421875 1440.5296630859375 1621.899169921875 1803.2685546875 1984.6380615234375 2166.007568359375 2308.12841796875 2292.936767578125 2277.7451171875 2262.553466796875 2247.36181640625 2198.1943359375 2012.8477783203125 1827.5013427734375 1642.1549072265625 1456.808349609375 1256.217041015625 994.52288818359375 732.82861328125 471.1343994140625 209.4401702880859375 0 0 0 0 0 0 0 0 0 0 54.41744232177734375 326.946136474609375 599.474853515625 872.0035400390625 1144.5322265625
2269.08935546875 2361.078857421875 2365.50634765625 2369.933837890625 2374.361328125 2378.788818359375 2362.1162109375 2260.872802734375 2159.629150390625 2058.3857421875 1957.1422119140625 1892.873291015625 1976.802734375 2060.732177734375 2144.66162109375 2228.591064453125 2291.9775390625 2273.02587890625 2254.07421875 2235.122802734375 2216.171142578125 2182.91552734375 2092.3291015625 2001.74267578125 1911.1561279296875 1820.5697021484375 1678.2615966796875 1328.6473388671875 979.03314208984375 629.41888427734375 279.804656982421875 0 0 0 0 0 0 0 0 0 0 72.69977569580078125 436.788482666015625 800.877197265625 1164.9659423828125 1529.0545654296875
2327.07177734375 2345.405029296875 2355.472412109375 2365.5400390625 2375.607421875 2385.6748046875 2391.90234375 2382.739013671875 2373.575439453125 2364.411865234375 2355.248291015625 2345.216796875 2331.706298828125 2318.19580078125 2304.685302734375 2291.174560546875 2275.826904296875 2253.115234375 2230.403564453125 2207.69189453125 2184.980224609375 2167.636962890625 2171.810546875 2175.98388671875 2180.157470703125 2184.3310546875 2100.30615234375 1662.7718505859375 1225.237548828125 787.703369140625 350.169158935546875 0 0 0 0 0 0 0 0 0 0 90.98210906982421875 546.63079833984375 1002.279541015625 1457.92822265625 1913.576904296875
2331.949951171875 2347.67724609375 2357.40869140625 2367.139892578125 2376.87109375 2386.6025390625 2393.843017578125 2391.1005859375 2388.358154296875 2385.61572265625 2382.873291015625 2378.42822265625 2367.1591796875 2355.89013671875 2344.62109375 2333.35205078125 2319.390625 2294.6376953125 2269.884765625 2245.131591796875 2220.378662109375 2200.91015625 2202.623046875 2204.335693359375 2206.048583984375 2207.761474609375 2139.004638671875 1787.7977294921875 1436.5908203125 1085.384033203125 734.1771240234375 452.6376953125 450.3331298828125 448.028594970703125 445.724029541015625 443.41949462890625 440.966766357421875 437.920074462890625 434.873382568359375 431.826690673828125 428.779998779296875 500.774078369140625 873.54010009765625 1246.30615234375 1619.0721435546875 1991.8382568359375
2335.550048828125 2350.38134765625 2359.6328125 2368.884033203125 2378.13525390625 2387.386474609375 2395.113525390625 2396.731201171875 2398.3486328125 2399.96630859375 2401.583740234375 2401.5546875 2394.92578125 2388.296630859375 2381.667724609375 2375.03857421875 2364.391357421875 2337.638427734375 2310.88525390625 2284.13232421875 2257.37939453125 2235.351806640625 2232.2646484375 2229.17724609375 2226.090087890625 2223.0029296875 2168.479248046875 1907.7923583984375 1647.10546875 1386.418701171875 1125.7318115234375 916.16644287109375 911.50189208984375 906.83734130859375 902.17279052734375 897.50823974609375 892.54376220703125 886.3770751953125 880.21038818359375 874.043701171875 867.87701416015625 919.98626708984375 1205.67236328125 1491.3583984375 1777.04443359375 2062.73046875
2339.150390625 2353.085693359375 2361.85693359375 2370.628173828125 2379.3994140625 2388.170654296875 2396.38427734375 2402.36181640625 2408.33935546875 2414.31689453125 2420.29443359375 2424.68115234375 2422.692138671875 2420.703125 2418.714111328125 2416.72509765625 2409.39208984375 2380.638916015625 2351.885986328125 2323.133056640625 2294.3798828125 2269.79345703125 2261.90625 2254.018798828125 2246.131591796875 2238.244384765625 2197.953857421875 2027.787109375 1857.6202392578125 1687.453369140625 1517.2864990234375 1379.6951904296875 1372.670654296875 1365.6461181640625 1358.62158203125 1351.5970458984375 1344.1207275390625 1334.8341064453125 1325.54736328125 1316.2607421875 1306.9739990234375 1339.198486328125 1537.8045654296875 1736.4105224609375 1935.0166015625 2133.62255859375
2342.750732421875 2355.789794921875 2364.0810546875 2372.372314453125 2380.66357421875 2388.954833984375 2397.65478515625 2407.992431640625 2418.329833984375 2428.66748046875 2439.0048828125 2447.8076171875 2450.458740234375 2453.109619140625 2455.7607421875 2458.41162109375 2454.392578125 2423.6396484375 2392.88671875 2362.133544921875 2331.380615234375 2304.23486328125 2291.547607421875 2278.8603515625 2266.17333984375 2253.486083984375 2227.428466796875 2147.78173828125 2068.134765625 1988.488037109375 1908.8411865234375 1843.2239990234375 1833.8394775390625 1824.454833984375 1815.0703125 1805.685791015625 1795.69775390625 1783.2911376953125 1770.8843994140625 1758.4776611328125 1746.071044921875 1758.4107666015625 1869.936767578125 1981.4627685546875 2092.98876953125 2204.514892578125
2346.35107421875 2358.493896484375 2366.30517578125 2374.116455078125 2381.927734375 2389.739013671875 2398.92529296875 2413.622802734375 2428.320556640625 2443.01806640625 2457.715576171875 2470.934326171875 2478.22509765625 2485.51611328125 2492.80712890625 2500.09814453125 2499.393310546875 2466.640380859375 2433.88720703125 2401.13427734375 2368.38134765625 2338.676513671875 2321.189208984375 2303.701904296875 2286.21484375 2268.7275390625 2256.9033203125 2267.7763671875 2278.6494140625 2289.522705078125 2300.395751953125 2306.752685546875 2295.00830078125 2283.263671875 2271.51904296875 2259.774658203125 2247.27490234375 2231.748046875 2216.221435546875 2200.69482421875 2185.16796875 2177.623046875 2202.06884765625 2226.514892578125 2250.9609375 2275.406982421875
2310.97021484375 2322.7041015625 2342.65185546875 2362.599609375 2382.54736328125 2402.494873046875 2420.35400390625 2429.841796875 2439.329833984375 2448.817626953125 2458.305419921875 2466.806884765625 2471.35546875 2475.904052734375 2480.45263671875 2485.00146484375 2483.090576171875 2455.290283203125 2427.489990234375 2399.689697265625 2371.889404296875 2346.796630859375 2332.555908203125 2318.31494140625 2304.07421875 2289.833251953125 2280.181640625 2288.92431640625 2297.666748046875 2306.4091796875 2315.151611328125 2319.55810546875 2306.58642578125 2293.614501953125 2280.642822265625 2267.6708984375 2255.0322265625 2243.72900390625 2232.425537109375 2221.1220703125 2209.81884765625 2204.70703125 2224.411865234375 2244.11669921875 2263.821533203125 2283.5263671875
2274.6513671875 2285.988037109375 2318.375732421875 2350.763427734375 2383.151123046875 2415.538818359375 2442.267822265625 2446.315673828125 2450.363525390625 2454.411376953125 2458.459228515625 2462.02392578125 2463.652587890625 2465.281005859375 2466.90966796875 2468.538330078125 2465.31298828125 2442.6328125 2419.952392578125 2397.272216796875 2374.591796875 2354.283447265625 2343.482666015625 2332.681884765625 2321.881103515625 2311.080322265625 2303.311279296875 2307.693603515625 2312.075927734375 2316.45849609375 2320.8408203125 2321.5185546875 2307.3466796875 2293.175048828125 2279.003173828125 2264.831298828125 2252.11083984375 2245.20751953125 2238.30419921875 2231.400634765625 2224.497314453125 2222.35595703125 2239.30078125 2256.24560546875 2273.1904296875 2290.13525390625
2238.33251953125 2249.27197265625 2294.099853515625 2338.927490234375 2383.755126953125 2428.5830078125 2464.181640625 2462.789306640625 2461.397216796875 2460.005126953125 2458.61279296875 2457.24072265625 2455.949462890625 2454.657958984375 2453.36669921875 2452.0751953125 2447.535400390625 2429.97509765625 2412.414794921875 2394.8544921875 2377.294189453125 2361.7705078125 2354.40966796875 2347.048828125 2339.68798828125 2332.3271484375 2326.440673828125 2326.463134765625 2326.4853515625 2326.5078125 2326.5302734375 2323.47900390625 2308.107177734375 2292.7353515625 2277.363525390625 2261.99169921875 2249.189453125 2246.68603515625 2244.1826171875 2241.67919921875 2239.17578125 2240.004638671875 2254.189697265625 2268.37451171875 2282.559326171875 2296.744140625
2202.013671875 2212.55615234375 2269.82373046875 2327.091552734375 2384.359130859375 2441.626953125 2486.095458984375 2479.26318359375 2472.430908203125 2465.598876953125 2458.7666015625 2452.457763671875 2448.246337890625 2444.034912109375 2439.823486328125 2435.6123046875 2429.7578125 2417.3173828125 2404.877197265625 2392.436767578125 2379.99658203125 2369.25732421875 2365.33642578125 2361.415771484375 2357.494873046875 2353.573974609375 2349.570068359375 2345.232421875 2340.894775390625 2336.557373046875 2332.2197265625 2325.439208984375 2308.867431640625 2292.295654296875 2275.723876953125 2259.152099609375 2246.26806640625 2248.16455078125 2250.061279296875 2251.957763671875 2253.8544921875 2257.653564453125 2269.078369140625 2280.50341796875 2291.92822265625 2303.35302734375
2165.69482421875 2175.840087890625 2245.547607421875 2315.25537109375 2384.963134765625 2454.6708984375 2508.009033203125 2495.737060546875 2483.46484375 2471.192626953125 2458.92041015625 2447.6748046875 2440.543212890625 2433.411865234375 2426.280517578125 2419.149169921875 2411.97998046875 2404.65966796875 2397.33935546875 2390.01904296875 2382.69873046875 2376.744140625 2376.263427734375 2375.782470703125 2375.3017578125 2374.82080078125 2372.699462890625 2364.001953125 2355.30419921875 2346.606689453125 2337.9091796875 2327.399658203125 2309.6279296875 2291.856201171875 2274.084228515625 2256.3125 2243.3466796875 2249.64306640625 2255.939697265625 2262.236328125 2268.532958984375 2275.302490234375 2283.96728515625 2292.63232421875 2301.297119140625 2309.9619140625
2213.10791015625 2230.720458984375 2287.43994140625 2344.15966796875 2400.879150390625 2457.5986328125 2501.070556640625 2491.443603515625 2481.81689453125 2472.190185546875 2462.5634765625 2452.703857421875 2441.910400390625 2431.11669921875 2420.3232421875 2409.52978515625 2399.945068359375 2395.205810546875 2390.466552734375 2385.727294921875 2380.98828125 2376.748779296875 2374.512939453125 2372.277099609375 2370.041259765625 2367.8056640625 2364.196533203125 2355.084228515625 2345.9716796875 2336.859130859375 2327.74658203125 2317.164794921875 2300.692626953125 2284.220703125 2267.748779296875 2251.27685546875 2239.2783203125 2245.209716796875 2251.140869140625 2257.072265625 2263.00341796875 2268.695556640625 2273.428466796875 2278.16162109375 2282.89453125 2287.627685546875
2262.535888671875 2287.804931640625 2330.92431640625 2374.0439453125 2417.16357421875 2460.282958984375 2493.4375 2486.65087890625 2479.864013671875 2473.077392578125 2466.29052734375 2457.968994140625 2443.495361328125 2429.02197265625 2414.54833984375 2400.074951171875 2388.04833984375 2385.8291015625 2383.60986328125 2381.390625 2379.17138671875 2376.573486328125 2372.45751953125 2368.341796875 2364.22607421875 2360.110107421875 2354.9326171875 2345.500244140625 2336.06787109375 2326.63525390625 2317.202880859375 2306.63623046875 2291.5244140625 2276.412353515625 2261.30029296875 2246.1884765625 2235.182373046875 2240.6337890625 2246.0849609375 2251.536376953125 2256.987548828125 2261.504638671875 2262.27783203125 2263.05078125 2263.823974609375 2264.596923828125
