INPUT/RASTER/ASCII_no_standard/nitrogen_5-15cm_mean.asc
ncols        225
nrows        269
xllcorner    473009.983799999987
yllcorner    4429051.174800000153
cellsize     50.000000000000
NODATA_value  -9999
[rows 60 to 79 of 269, columns 92 to 137 of 225]
1927.76220703125 1928.022705078125 1928.2833251953125 1928.5438232421875 1928.804443359375 1930.853759765625 1940.072509765625 1949.2913818359375 1958.5101318359375 1967.7288818359375 1974.43310546875 1971.05810546875 1967.6832275390625 1964.3082275390625 1960.933349609375 1955.936279296875 1944.4376220703125 1932.93896484375 1921.4403076171875 1909.9415283203125 1904.1815185546875 1921.422119140625 1938.662841796875 1955.903564453125 1973.144287109375 1986.920166015625 1986.8084716796875 1986.6966552734375 1986.5849609375 1986.4732666015625 1985.6710205078125 1982.101318359375 1978.5316162109375 1974.9619140625 1971.3922119140625 1966.14404296875 1954.1680908203125 1942.1920166015625 1930.216064453125 1918.2401123046875 1908.9071044921875 1910.1671142578125 1911.4271240234375 1912.6871337890625 1913.9471435546875 1916.01025390625
1913.70751953125 1909.6881103515625 1905.668701171875 1901.6492919921875 1897.6297607421875 1896.093994140625 1904.5128173828125 1912.931640625 1921.350341796875 1929.7691650390625 1936.6397705078125 1937.3048095703125 1937.9698486328125 1938.635009765625 1939.300048828125 1938.375 1931.0762939453125 1923.777587890625 1916.4788818359375 1909.18017578125 1905.4156494140625 1915.81640625 1926.2171630859375 1936.6177978515625 1947.0185546875 1956.949462890625 1964.997802734375 1973.0460205078125 1981.0943603515625 1989.142578125 1995.9732666015625 1997.923583984375 1999.8739013671875 2001.82421875 2003.7744140625 2003.079833984375 1991.7838134765625 1980.4879150390625 1969.19189453125 1957.8958740234375 1947.9169921875 1943.217041015625 1938.51708984375 1933.817138671875 1929.1171875 1926.7376708984375
1899.6529541015625 1891.353515625 1883.0540771484375 1874.754638671875 1866.4552001953125 1861.334228515625 1868.9530029296875 1876.5718994140625 1884.190673828125 1891.8094482421875 1898.846435546875 1903.551513671875 1908.256591796875 1912.961669921875 1917.666748046875 1920.8135986328125 1917.7149658203125 1914.6162109375 1911.517578125 1908.4188232421875 1906.64990234375 1910.2105712890625 1913.7713623046875 1917.33203125 1920.8927001953125 1926.9788818359375 1943.1871337890625 1959.3953857421875 1975.6036376953125 1991.81201171875 2006.2755126953125 2013.7457275390625 2021.216064453125 2028.6864013671875 2036.15673828125 2040.015625 2029.399658203125 2018.78369140625 2008.1676025390625 1997.5516357421875 1986.9268798828125 1976.2669677734375 1965.60693359375 1954.947021484375 1944.287109375 1937.4652099609375
1893.127685546875 1885.0010986328125 1876.87451171875 1868.7479248046875 1860.621337890625 1855.4322509765625 1862.0167236328125 1868.60107421875 1875.185546875 1881.77001953125 1888.4114990234375 1895.2816162109375 1902.15185546875 1909.0220947265625 1915.8922119140625 1921.6728515625 1923.086669921875 1924.50048828125 1925.914306640625 1927.328125 1930.074462890625 1938.16162109375 1946.2489013671875 1954.3360595703125 1962.42333984375 1970.5091552734375 1978.5892333984375 1986.66943359375 1994.7496337890625 2002.829833984375 2010.8687744140625 2018.7421875 2026.6156005859375 2034.489013671875 2042.3624267578125 2045.400634765625 2029.058837890625 2012.7169189453125 1996.3751220703125 1980.0333251953125 1965.016357421875 1955.31005859375 1945.603759765625 1935.8974609375 1926.191162109375 1920.888916015625
1886.7835693359375 1878.93701171875 1871.0904541015625 1863.243896484375 1855.3973388671875 1850.224609375 1855.76904296875 1861.3134765625 1866.85791015625 1872.40234375 1878.634765625 1887.625 1896.6151123046875 1905.6053466796875 1914.5955810546875 1922.9754638671875 1928.9091796875 1934.843017578125 1940.77685546875 1946.7105712890625 1954.0328369140625 1966.9200439453125 1979.8072509765625 1992.6944580078125 2005.581787109375 2015.807861328125 2015.3680419921875 2014.92822265625 2014.4884033203125 2014.048583984375 2015.32470703125 2023.47802734375 2031.6314697265625 2039.784912109375 2047.9383544921875 2050.026611328125 2027.8046875 2005.5828857421875 1983.361083984375 1961.13916015625 1941.6400146484375 1933.0537109375 1924.4674072265625 1915.881103515625 1907.2947998046875 1903.6556396484375
1880.439453125 1872.8729248046875 1865.306396484375 1857.73974609375 1850.1732177734375 1845.0169677734375 1849.5213623046875 1854.0257568359375 1858.5302734375 1863.03466796875 1868.858154296875 1879.96826171875 1891.0784912109375 1902.188720703125 1913.298828125 1924.2779541015625 1934.7318115234375 1945.185546875 1955.639404296875 1966.0931396484375 1977.9913330078125 1995.678466796875 2013.36572265625 2031.052978515625 2048.740234375 2061.106689453125 2052.146728515625 2043.18701171875 2034.2271728515625 2025.267333984375 2019.780517578125 2028.2139892578125 2036.6474609375 2045.080810546875 2053.51416015625 2054.65234375 2026.5506591796875 1998.44873046875 1970.346923828125 1942.2451171875 1918.263671875 1910.79736328125 1903.3310546875 1895.86474609375 1888.3984375 1886.42236328125
1874.095458984375 1866.808837890625 1859.522216796875 1852.2357177734375 1844.9490966796875 1839.8092041015625 1843.273681640625 1846.7381591796875 1850.2025146484375 1853.6669921875 1859.0814208984375 1872.3116455078125 1885.541748046875 1898.77197265625 1912.002197265625 1925.58056640625 1940.5543212890625 1955.528076171875 1970.501953125 1985.4757080078125 2001.94970703125 2024.43701171875 2046.9241943359375 2069.411376953125 2091.898681640625 2106.4052734375 2088.925537109375 2071.44580078125 2053.966064453125 2036.486083984375 2024.2364501953125 2032.949951171875 2041.663330078125 2050.376708984375 2059.090087890625 2059.2783203125 2025.2965087890625 1991.314697265625 1957.3328857421875 1923.3509521484375 1894.8873291015625 1888.541015625 1882.1947021484375 1875.848388671875 1869.5020751953125 1869.189208984375
1867.7513427734375 1860.7447509765625 1853.7381591796875 1846.7315673828125 1839.7249755859375 1834.6015625 1837.0260009765625 1839.450439453125 1841.8748779296875 1844.29931640625 1849.3046875 1864.6549072265625 1880.005126953125 1895.3553466796875 1910.7054443359375 1926.883056640625 1946.3768310546875 1965.87060546875 1985.3643798828125 2004.8582763671875 2025.908203125 2053.1953125 2080.482666015625 2107.769775390625 2135.05712890625 2151.7041015625 2125.704345703125 2099.70458984375 2073.70458984375 2047.704833984375 2028.6923828125 2037.685791015625 2046.67919921875 2055.672607421875 2064.666015625 2063.904296875 2024.04248046875 1984.1805419921875 1944.3187255859375 1904.4569091796875 1871.510986328125 1866.28466796875 1861.058349609375 1855.83203125 1850.605712890625 1851.9559326171875
1867.602294921875 1860.602294921875 1853.602294921875 1846.602294921875 1839.602294921875 1834.479248046875 1836.8792724609375 1839.2791748046875 1841.67919921875 1844.0792236328125 1849.074951171875 1864.4749755859375 1879.875 1895.2750244140625 1910.675048828125 1926.9136962890625 1946.513671875 1966.1136474609375 1985.713623046875 2005.3135986328125 2026.4710693359375 2053.87109375 2081.271240234375 2108.671142578125 2136.071044921875 2152.7685546875 2126.568603515625 2100.368408203125 2074.16845703125 2047.968505859375 2028.797119140625 2037.797119140625 2046.797119140625 2055.797119140625 2064.797119140625 2064.012939453125 2024.012939453125 1984.012939453125 1944.012939453125 1904.012939453125 1870.961669921875 1865.76171875 1860.5616455078125 1855.3616943359375 1850.1617431640625 1851.551025390625
1867.602294921875 1860.602294921875 1853.602294921875 1846.602294921875 1839.602294921875 1834.479248046875 1836.8792724609375 1839.2791748046875 1841.67919921875 1844.0792236328125 1849.074951171875 1864.4749755859375 1879.875 1895.2750244140625 1910.675048828125 1926.9136962890625 1946.513671875 1966.1136474609375 1985.713623046875 2005.3135986328125 2026.4710693359375 2053.87109375 2081.271240234375 2108.671142578125 2136.071044921875 2152.7685546875 2126.568603515625 2100.368408203125 2074.16845703125 2047.968505859375 2028.797119140625 2037.797119140625 2046.797119140625 2055.797119140625 2064.797119140625 2064.012939453125 2024.012939453125 1984.012939453125 1944.012939453125 1904.012939453125 1870.961669921875 1865.76171875 1860.5616455078125 1855.3616943359375 1850.1617431640625 1851.551025390625
1867.602294921875 1860.602294921875 1853.602294921875 1846.602294921875 1839.602294921875 1834.479248046875 1836.8792724609375 1839.2791748046875 1841.67919921875 1844.0792236328125 1849.074951171875 1864.4749755859375 1879.875 1895.2750244140625 1910.675048828125 1926.9136962890625 1946.513671875 1966.1136474609375 1985.713623046875 2005.3135986328125 2026.4710693359375 2053.87109375 2081.271240234375 2108.671142578125 2136.071044921875 2152.7685546875 2126.568603515625 2100.368408203125 2074.16845703125 2047.968505859375 2028.797119140625 2037.797119140625 2046.797119140625 2055.797119140625 2064.797119140625 2064.012939453125 2024.012939453125 1984.012939453125 1944.012939453125 1904.012939453125 1870.961669921875 1865.76171875 1860.5616455078125 1855.3616943359375 1850.1617431640625 1851.551025390625
1867.602294921875 1860.602294921875 1853.602294921875 1846.602294921875 1839.602294921875 1834.479248046875 1836.8792724609375 1839.2791748046875 1841.67919921875 1844.0792236328125 1849.074951171875 1864.4749755859375 1879.875 1895.2750244140625 1910.675048828125 1926.9136962890625 1946.513671875 1966.1136474609375 1985.713623046875 2005.3135986328125 2026.4710693359375 2053.87109375 2081.271240234375 2108.671142578125 2136.071044921875 2152.7685546875 2126.568603515625 2100.368408203125 2074.16845703125 2047.968505859375 2028.797119140625 2037.797119140625 2046.797119140625 2055.797119140625 2064.797119140625 2064.012939453125 2024.012939453125 1984.012939453125 1944.012939453125 1904.012939453125 1870.961669921875 1865.76171875 1860.5616455078125 1855.3616943359375 1850.1617431640625 1851.551025390625
1867.602294921875 1860.602294921875 1853.602294921875 1846.602294921875 1839.602294921875 1834.479248046875 1836.8792724609375 1839.2791748046875 1841.67919921875 1844.0792236328125 1849.074951171875 1864.4749755859375 1879.875 1895.2750244140625 1910.675048828125 1926.9136962890625 1946.513671875 1966.1136474609375 1985.713623046875 2005.3135986328125 2026.4710693359375 2053.87109375 2081.271240234375 2108.671142578125 2136.071044921875 2152.7685546875 2126.568603515625 2100.368408203125 2074.16845703125 2047.968505859375 2028.797119140625 2037.797119140625 2046.797119140625 2055.797119140625 2064.797119140625 2064.012939453125 2024.012939453125 1984.012939453125 1944.012939453125 1904.012939453125 1870.961669921875 1865.76171875 1860.5616455078125 1855.3616943359375 1850.1617431640625 1851.551025390625
1873.7979736328125 1864.571533203125 1855.3450927734375 1846.11865234375 1836.8922119140625 1829.3087158203125 1828.310546875 1827.312255859375 1826.3140869140625 1825.3157958984375 1827.802490234375 1844.257080078125 1860.7117919921875 1877.1663818359375 1893.6209716796875 1910.8284912109375 1931.053466796875 1951.2784423828125 1971.50341796875 1991.728271484375 2012.785400390625 2037.177734375 2061.570068359375 2085.96240234375 2110.35498046875 2125.760498046875 2105.14599609375 2084.53173828125 2063.917236328125 2043.3028564453125 2028.1961669921875 2035.1650390625 2042.1339111328125 2049.102783203125 2056.07177734375 2054.948974609375 2021.393798828125 1987.8387451171875 1954.28369140625 1920.7286376953125 1892.960205078125 1888.3851318359375 1883.81005859375 1879.235107421875 1874.6600341796875 1875.964599609375
1880.1427001953125 1868.63623046875 1857.1297607421875 1845.6234130859375 1834.116943359375 1824.013916015625 1819.53564453125 1815.057373046875 1810.5792236328125 1806.1009521484375 1806.0181884765625 1823.552734375 1841.08740234375 1858.6220703125 1876.1566162109375 1894.3563232421875 1915.22119140625 1936.086181640625 1956.951171875 1977.816162109375 1998.7703857421875 2020.082763671875 2041.3951416015625 2062.70751953125 2084.019775390625 2098.1025390625 2083.208251953125 2068.313720703125 2053.41943359375 2038.5250244140625 2027.5809326171875 2032.4697265625 2037.358642578125 2042.24755859375 2047.1363525390625 2045.666748046875 2018.711669921875 1991.756591796875 1964.801513671875 1937.846435546875 1915.4879150390625 1911.552978515625 1907.617919921875 1903.682861328125 1899.747802734375 1900.9654541015625
1886.4874267578125 1872.700927734375 1858.91455078125 1845.128173828125 1831.3416748046875 1818.718994140625 1810.7607421875 1802.802490234375 1794.8443603515625 1786.8861083984375 1784.2337646484375 1802.848388671875 1821.4630126953125 1840.07763671875 1858.6922607421875 1877.884033203125 1899.3890380859375 1920.89404296875 1942.39892578125 1963.9039306640625 1984.75537109375 2002.98779296875 2021.2200927734375 2039.4525146484375 2057.684814453125 2070.44482421875 2061.270263671875 2052.095947265625 2042.921630859375 2033.7471923828125 2026.965576171875 2029.7744140625 2032.583251953125 2035.3922119140625 2038.2010498046875 2036.3846435546875 2016.029541015625 1995.6744384765625 1975.3194580078125 1954.96435546875 1938.0157470703125 1934.720703125 1931.4256591796875 1928.130615234375 1924.8355712890625 1925.9664306640625
1892.8321533203125 1876.7657470703125 1860.6993408203125 1844.6328125 1828.56640625 1813.4241943359375 1801.9859619140625 1790.5477294921875 1779.1094970703125 1767.6712646484375 1762.449462890625 1782.14404296875 1801.8387451171875 1821.5333251953125 1841.2279052734375 1861.411865234375 1883.5567626953125 1905.7017822265625 1927.8466796875 1949.99169921875 1970.7403564453125 1985.892822265625 2001.045166015625 2016.197509765625 2031.349853515625 2042.786865234375 2039.33251953125 2035.878173828125 2032.4237060546875 2028.9693603515625 2026.3502197265625 2027.0791015625 2027.8079833984375 2028.536865234375 2029.2657470703125 2027.1025390625 2013.347412109375 1999.5924072265625 1985.8372802734375 1972.0821533203125 1960.5435791015625 1957.8885498046875 1955.2335205078125 1952.578369140625 1949.92333984375 1950.9674072265625
1899.1768798828125 1880.8304443359375 1862.4840087890625 1844.1375732421875 1825.7911376953125 1808.1292724609375 1793.2110595703125 1778.2928466796875 1763.37451171875 1748.456298828125 1740.6651611328125 1761.439697265625 1782.21435546875 1802.989013671875 1823.7635498046875 1844.939697265625 1867.724609375 1890.509521484375 1913.2945556640625 1936.0794677734375 1956.7254638671875 1968.7977294921875 1980.8701171875 1992.9425048828125 2005.014892578125 2015.1290283203125 2017.3946533203125 2019.6602783203125 2021.9259033203125 2024.1915283203125 2025.73486328125 2024.3837890625 2023.03271484375 2021.6815185546875 2020.3304443359375 2017.8203125 2010.665283203125 2003.51025390625 1996.3551025390625 1989.2000732421875 1983.0712890625 1981.0562744140625 1979.041259765625 1977.0262451171875 1975.01123046875 1975.9683837890625
1913.145263671875 1895.4873046875 1877.8294677734375 1860.171630859375 1842.5137939453125 1825.64404296875 1811.9329833984375 1798.221923828125 1784.510986328125 1770.7999267578125 1763.1844482421875 1780.000244140625 1796.816162109375 1813.6319580078125 1830.4478759765625 1847.7176513671875 1866.8070068359375 1885.896240234375 1904.985595703125 1924.0748291015625 1942.5831298828125 1958.7625732421875 1974.9420166015625 1991.121337890625 2007.30078125 2020.8458251953125 2023.831787109375 2026.817626953125 2029.8035888671875 2032.7894287109375 2033.8779296875 2027.3609619140625 2020.8441162109375 2014.3272705078125 2007.810302734375 2001.3997802734375 1995.4154052734375 1989.430908203125 1983.446533203125 1977.4620361328125 1972.7801513671875 1973.319091796875 1973.8580322265625 1974.3968505859375 1974.935791015625 1976.987060546875
1927.2969970703125 1910.3990478515625 1893.501220703125 1876.6033935546875 1859.70556640625 1843.7076416015625 1831.3165283203125 1818.925537109375 1806.5345458984375 1794.1435546875 1786.769775390625 1799.505615234375 1812.241455078125 1824.977294921875 1837.7132568359375 1850.9588623046875 1866.2481689453125 1881.5374755859375 1896.8267822265625 1912.1160888671875 1928.437744140625 1948.8970947265625 1969.3565673828125 1989.8160400390625 2010.275390625 2027.3656005859375 2030.9515380859375 2034.5374755859375 2038.123291015625 2041.709228515625 2042.2315673828125 2030.4747314453125 2018.7177734375 2006.9609375 1995.2041015625 1984.8074951171875 1979.863037109375 1974.9185791015625 1969.97412109375 1965.0296630859375 1961.6993408203125 1964.8382568359375 1967.9771728515625 1971.1160888671875 1974.2550048828125 1977.4285888671875
