INPUT/RASTER/ASCII_no_standard/nitrogen_5-15cm_mean.asc
ncols        225
nrows        269
xllcorner    473009.983799999987
yllcorner    4429051.174800000153
cellsize     50.000000000000
NODATA_value  -9999
[rows 160 to 179 of 269, columns 92 to 137 of 225]
1966.850341796875 1971.6575927734375 1976.46484375 1981.272216796875 1986.0794677734375 1985.831298828125 1965.320068359375 1944.808837890625 1924.297607421875 1903.7862548828125 1887.7413330078125 1889.5977783203125 1891.4542236328125 1893.3106689453125 1895.1671142578125 1897.3060302734375 1900.5770263671875 1903.8480224609375 1907.1190185546875 1910.3900146484375 1915.3504638671875 1927.0826416015625 1938.814697265625 1950.546875 1962.2789306640625 1972.159423828125 1974.618408203125 1977.0775146484375 1979.5364990234375 1981.9954833984375 1980.88330078125 1965.4571533203125 1950.031005859375 1934.60498046875 1919.1788330078125 1904.260986328125 1891.380615234375 1878.5001220703125 1865.6197509765625 1852.7393798828125 1842.9434814453125 1845.5111083984375 1848.0787353515625 1850.6463623046875 1853.214111328125 1854.613037109375
1995.628662109375 1993.31591796875 1991.003173828125 1988.6905517578125 1986.3778076171875 1979.3370361328125 1953.3458251953125 1927.3546142578125 1901.36328125 1875.3720703125 1857.5211181640625 1872.297607421875 1887.073974609375 1901.8504638671875 1916.626953125 1928.8424072265625 1930.79345703125 1932.744384765625 1934.6954345703125 1936.646484375 1939.767822265625 1947.579833984375 1955.3919677734375 1963.2041015625 1971.0162353515625 1978.95751953125 1987.41650390625 1995.87548828125 2004.3345947265625 2012.7935791015625 2015.0057373046875 1992.1795654296875 1969.3533935546875 1946.52734375 1923.701171875 1903.2044677734375 1892.0440673828125 1880.883544921875 1869.72314453125 1858.562744140625 1850.758544921875 1856.4061279296875 1862.0538330078125 1867.701416015625 1873.3489990234375 1877.596435546875
2024.406982421875 2014.9742431640625 2005.54150390625 1996.1087646484375 1986.6761474609375 1972.8427734375 1941.37158203125 1909.900390625 1878.4290771484375 1846.9578857421875 1827.301025390625 1854.9974365234375 1882.69384765625 1910.3902587890625 1938.086669921875 1960.3787841796875 1961.0098876953125 1961.640869140625 1962.2718505859375 1962.90283203125 1964.18505859375 1968.0771484375 1971.96923828125 1975.861328125 1979.75341796875 1985.7554931640625 2000.214599609375 2014.673583984375 2029.132568359375 2043.5916748046875 2049.128173828125 2018.9019775390625 1988.6759033203125 1958.44970703125 1928.2236328125 1902.1478271484375 1892.7073974609375 1883.26708984375 1873.82666015625 1864.38623046875 1858.573486328125 1867.3011474609375 1876.02880859375 1884.7564697265625 1893.4840087890625 1900.579833984375
2042.544189453125 2029.4287109375 2016.3133544921875 2003.1978759765625 1990.08251953125 1974.3212890625 1947.955322265625 1921.58935546875 1895.223388671875 1868.8575439453125 1851.60791015625 1870.8974609375 1890.18701171875 1909.4766845703125 1928.7662353515625 1944.7216796875 1947.313720703125 1949.9058837890625 1952.4979248046875 1955.0899658203125 1958.99951171875 1968.1898193359375 1977.380126953125 1986.5704345703125 1995.7607421875 2004.869140625 2013.649169921875 2022.42919921875 2031.209228515625 2039.9892578125 2041.04736328125 2011.1551513671875 1981.262939453125 1951.3707275390625 1921.478515625 1896.044677734375 1888.48046875 1880.9163818359375 1873.3521728515625 1865.7879638671875 1860.8050537109375 1866.167724609375 1871.5303955078125 1876.8931884765625 1882.255859375 1886.69873046875
2060.42529296875 2043.7098388671875 2026.9945068359375 2010.279052734375 1993.5635986328125 1975.9915771484375 1954.985595703125 1933.9796142578125 1912.9737548828125 1891.9677734375 1877.226806640625 1887.5963134765625 1897.9659423828125 1908.3355712890625 1918.705078125 1927.9290771484375 1932.5611572265625 1937.1932373046875 1941.8251953125 1946.457275390625 1953.101806640625 1967.81201171875 1982.5223388671875 1997.232666015625 2011.9429931640625 2024.279052734375 2027.09912109375 2029.919189453125 2032.7391357421875 2035.5592041015625 2031.9512939453125 2002.5789794921875 1973.206787109375 1943.8345947265625 1914.46240234375 1889.820068359375 1884.1358642578125 1878.4517822265625 1872.767578125 1867.0833740234375 1862.902099609375 1864.744873046875 1866.5875244140625 1868.4302978515625 1870.27294921875 1871.9306640625
2078.306396484375 2057.990966796875 2037.6756591796875 2017.3602294921875 1997.0447998046875 1977.6617431640625 1962.015869140625 1946.369873046875 1930.7239990234375 1915.0780029296875 1902.845703125 1904.2952880859375 1905.744873046875 1907.1944580078125 1908.64404296875 1911.1363525390625 1917.8084716796875 1924.48046875 1931.152587890625 1937.82470703125 1947.2039794921875 1967.434326171875 1987.66455078125 2007.8948974609375 2028.125244140625 2043.68896484375 2040.549072265625 2037.4090576171875 2034.2691650390625 2031.129150390625 2022.8551025390625 1994.0028076171875 1965.150634765625 1936.2984619140625 1907.4461669921875 1883.595458984375 1879.791259765625 1875.9871826171875 1872.1829833984375 1868.3787841796875 1864.999267578125 1863.322021484375 1861.6446533203125 1859.9674072265625 1858.2901611328125 1857.16259765625
2096.187744140625 2072.272216796875 2048.356689453125 2024.44140625 2000.5260009765625 1979.33203125 1969.046142578125 1958.7601318359375 1948.4742431640625 1938.188232421875 1928.464599609375 1920.994140625 1913.523681640625 1906.0533447265625 1898.5828857421875 1894.34375 1903.0557861328125 1911.767822265625 1920.47998046875 1929.1920166015625 1941.30615234375 1967.0565185546875 1992.8067626953125 2018.55712890625 2044.307373046875 2063.098876953125 2053.9990234375 2044.8990478515625 2035.799072265625 2026.6990966796875 2013.7589111328125 1985.4266357421875 1957.094482421875 1928.76220703125 1900.4300537109375 1877.370849609375 1875.4466552734375 1873.5224609375 1871.598388671875 1869.6741943359375 1867.096435546875 1861.899169921875 1856.701904296875 1851.5045166015625 1846.3072509765625 1842.39453125
2114.06884765625 2086.553466796875 2059.0380859375 2031.5225830078125 2004.0072021484375 1981.0023193359375 1976.076416015625 1971.150390625 1966.2244873046875 1961.298583984375 1954.08349609375 1937.6929931640625 1921.3026123046875 1904.9122314453125 1888.521728515625 1877.551025390625 1888.3031005859375 1899.05517578125 1909.8072509765625 1920.559326171875 1935.408447265625 1966.6787109375 1997.948974609375 2029.2193603515625 2060.489501953125 2082.5087890625 2067.448974609375 2052.388916015625 2037.3289794921875 2022.26904296875 2004.6627197265625 1976.8504638671875 1949.038330078125 1921.22607421875 1893.413818359375 1871.146240234375 1871.10205078125 1871.057861328125 1871.0137939453125 1870.9696044921875 1869.193603515625 1860.476318359375 1851.759033203125 1843.041748046875 1834.3243408203125 1827.6265869140625
2048.787109375 2029.5849609375 2010.3829345703125 1991.1807861328125 1971.978759765625 1956.845703125 1958.02197265625 1959.1981201171875 1960.3743896484375 1961.550537109375 1959.364501953125 1943.701904296875 1928.0394287109375 1912.3768310546875 1896.7142333984375 1886.905029296875 1900.556396484375 1914.207763671875 1927.859130859375 1941.5106201171875 1957.3721923828125 1982.0928955078125 2006.8135986328125 2031.534423828125 2056.255126953125 2073.269775390625 2059.397705078125 2045.52587890625 2031.6539306640625 2017.781982421875 2001.7294921875 1976.9371337890625 1952.1446533203125 1927.352294921875 1902.5599365234375 1882.421630859375 1880.9373779296875 1879.453125 1877.9688720703125 1876.4844970703125 1873.0169677734375 1861.599853515625 1850.182861328125 1838.765869140625 1827.3487548828125 1818.1400146484375
1981.5042724609375 1970.9022216796875 1960.3001708984375 1949.697998046875 1939.095947265625 1932.0677490234375 1939.364013671875 1946.66015625 1953.9564208984375 1961.2525634765625 1964.1561279296875 1949.45361328125 1934.7510986328125 1920.0484619140625 1905.345947265625 1896.8880615234375 1913.45947265625 1930.0308837890625 1946.6021728515625 1963.173583984375 1980.0064697265625 1997.88720703125 2015.767822265625 2033.6485595703125 2051.529296875 2063.34130859375 2050.829345703125 2038.3173828125 2025.805419921875 2013.29345703125 1998.9444580078125 1977.2320556640625 1955.5196533203125 1933.807373046875 1912.094970703125 1894.1181640625 1891.1138916015625 1888.109619140625 1885.1053466796875 1882.10107421875 1876.8818359375 1862.7847900390625 1848.687744140625 1834.5906982421875 1820.49365234375 1808.7806396484375
1914.221435546875 1912.2193603515625 1910.21728515625 1908.2152099609375 1906.2132568359375 1907.289794921875 1920.7060546875 1934.1221923828125 1947.5384521484375 1960.95458984375 1968.9478759765625 1955.205322265625 1941.4627685546875 1927.72021484375 1913.9776611328125 1906.87109375 1926.362548828125 1945.8538818359375 1965.34521484375 1984.836669921875 2002.640625 2013.681396484375 2024.7220458984375 2035.7628173828125 2046.803466796875 2053.412841796875 2042.260986328125 2031.1090087890625 2019.95703125 2008.8050537109375 1996.159423828125 1977.527099609375 1958.894775390625 1940.2623291015625 1921.6300048828125 1905.814697265625 1901.2904052734375 1896.76611328125 1892.2418212890625 1887.717529296875 1880.7467041015625 1863.9696044921875 1847.192626953125 1830.41552734375 1813.6385498046875 1799.4212646484375
1846.938720703125 1853.53662109375 1860.134521484375 1866.732421875 1873.3304443359375 1882.5118408203125 1902.0479736328125 1921.584228515625 1941.120361328125 1960.6566162109375 1973.739501953125 1960.95703125 1948.1744384765625 1935.391845703125 1922.609375 1916.8541259765625 1939.2655029296875 1961.6768798828125 1984.08837890625 2006.499755859375 2025.27490234375 2029.4755859375 2033.67626953125 2037.8770751953125 2042.0777587890625 2043.4844970703125 2033.6925048828125 2023.9005126953125 2014.1085205078125 2004.316650390625 1993.37451171875 1977.8221435546875 1962.269775390625 1946.7174072265625 1931.1650390625 1917.5111083984375 1911.4669189453125 1905.422607421875 1899.3782958984375 1893.333984375 1884.611572265625 1865.154541015625 1845.697509765625 1826.240478515625 1806.783447265625 1790.061767578125
1779.6558837890625 1794.8538818359375 1810.0517578125 1825.2496337890625 1840.4476318359375 1857.7337646484375 1883.3900146484375 1909.0462646484375 1934.702392578125 1960.358642578125 1978.53125 1966.708740234375 1954.8861083984375 1943.0635986328125 1931.240966796875 1926.837158203125 1952.1685791015625 1977.5 2002.8314208984375 2028.1627197265625 2047.9090576171875 2045.269775390625 2042.6304931640625 2039.9912109375 2037.3519287109375 2033.5560302734375 2025.1240234375 2016.692138671875 2008.2601318359375 1999.828125 1990.5894775390625 1978.1170654296875 1965.644775390625 1953.17236328125 1940.699951171875 1929.2076416015625 1921.643310546875 1914.0791015625 1906.5147705078125 1898.950439453125 1888.4764404296875 1866.33935546875 1844.2022705078125 1822.0653076171875 1799.92822265625 1780.702392578125
1780.232666015625 1790.7891845703125 1801.3458251953125 1811.90234375 1822.4588623046875 1835.8408203125 1860.547119140625 1885.25341796875 1909.959716796875 1934.666015625 1953.2060546875 1947.0306396484375 1940.8553466796875 1934.6800537109375 1928.504638671875 1927.6748046875 1948.2705078125 1968.8660888671875 1989.461669921875 2010.0572509765625 2025.7161865234375 2021.588134765625 2017.4600830078125 2013.33203125 2009.2039794921875 2004.4725341796875 1997.3223876953125 1990.17236328125 1983.022216796875 1975.8721923828125 1969.6470947265625 1967.1292724609375 1964.6114501953125 1962.09375 1959.575927734375 1956.8935546875 1953.551025390625 1950.2086181640625 1946.8662109375 1943.523681640625 1936.790283203125 1916.465087890625 1896.1400146484375 1875.81494140625 1855.4898681640625 1835.97412109375
1782.4422607421875 1788.038818359375 1793.6353759765625 1799.23193359375 1804.8284912109375 1814.01708984375 1837.6033935546875 1861.1898193359375 1884.776123046875 1908.3624267578125 1927.1561279296875 1926.7408447265625 1926.325439453125 1925.91015625 1925.4947509765625 1928.29248046875 1943.968017578125 1959.6436767578125 1975.3192138671875 1990.994873046875 2002.444580078125 1996.95654296875 1991.468505859375 1985.98046875 1980.492431640625 1974.9281005859375 1969.0579833984375 1963.1878662109375 1957.31787109375 1951.44775390625 1948.267822265625 1955.8699951171875 1963.47216796875 1971.074462890625 1978.6766357421875 1984.964111328125 1985.981689453125 1986.9991455078125 1988.0167236328125 1989.0343017578125 1986.173583984375 1967.7685546875 1949.3634033203125 1930.958251953125 1912.55322265625 1892.801025390625
1784.65185546875 1785.2884521484375 1785.925048828125 1786.5615234375 1787.1981201171875 1792.1934814453125 1814.6597900390625 1837.1260986328125 1859.5924072265625 1882.0587158203125 1901.1063232421875 1906.450927734375 1911.795654296875 1917.1402587890625 1922.4849853515625 1928.9100341796875 1939.6656494140625 1950.4212646484375 1961.1768798828125 1971.9324951171875 1979.1729736328125 1972.324951171875 1965.4769287109375 1958.62890625 1951.7808837890625 1945.3836669921875 1940.7935791015625 1936.2034912109375 1931.6134033203125 1927.0233154296875 1926.8885498046875 1944.6107177734375 1962.3330078125 1980.05517578125 1997.77734375 2013.03466796875 2018.4122314453125 2023.789794921875 2029.1673583984375 2034.544921875 2035.5570068359375 2019.0718994140625 2002.5867919921875 1986.1016845703125 1969.6165771484375 1949.6279296875
1786.861572265625 1782.5380859375 1778.214599609375 1773.89111328125 1769.567626953125 1770.369873046875 1791.7161865234375 1813.0625 1834.4088134765625 1855.755126953125 1875.056396484375 1886.1611328125 1897.2657470703125 1908.370361328125 1919.47509765625 1929.527587890625 1935.36328125 1941.1988525390625 1947.034423828125 1952.8699951171875 1955.9014892578125 1947.693359375 1939.4853515625 1931.27734375 1923.0693359375 1915.8392333984375 1912.5291748046875 1909.2191162109375 1905.9090576171875 1902.5989990234375 1905.50927734375 1933.3514404296875 1961.1937255859375 1989.035888671875 2016.8780517578125 2041.105224609375 2050.8427734375 2060.580322265625 2070.31787109375 2080.055419921875 2084.9404296875 2070.375244140625 2055.81005859375 2041.2449951171875 2026.679931640625 2006.4547119140625
1789.0711669921875 1779.7877197265625 1770.504150390625 1761.220703125 1751.937255859375 1748.5462646484375 1768.7725830078125 1788.9989013671875 1809.2252197265625 1829.4515380859375 1849.006591796875 1865.8712158203125 1882.73583984375 1899.6005859375 1916.4652099609375 1930.145263671875 1931.060791015625 1931.9764404296875 1932.89208984375 1933.8076171875 1932.6298828125 1923.0618896484375 1913.4937744140625 1903.92578125 1894.357666015625 1886.2947998046875 1884.2647705078125 1882.234619140625 1880.20458984375 1878.174560546875 1884.1300048828125 1922.0921630859375 1960.054443359375 1998.0166015625 2035.9788818359375 2069.17578125 2083.2734375 2097.370849609375 2111.468505859375 2125.566162109375 2134.32373046875 2121.6787109375 2109.033447265625 2096.388427734375 2083.743408203125 2063.28173828125
1781.9976806640625 1775.0584716796875 1768.1192626953125 1761.1800537109375 1754.2408447265625 1753.414794921875 1777.0911865234375 1800.767578125 1824.44384765625 1848.1202392578125 1870.2840576171875 1886.3857421875 1902.4873046875 1918.5889892578125 1934.6905517578125 1947.72900390625 1948.489990234375 1949.2508544921875 1950.0118408203125 1950.7728271484375 1948.326171875 1933.0234375 1917.7205810546875 1902.4178466796875 1887.114990234375 1874.2266845703125 1871.015869140625 1867.804931640625 1864.5941162109375 1861.38330078125 1866.4801025390625 1904.87548828125 1943.270751953125 1981.666015625 2020.0614013671875 2054.366455078125 2072.277099609375 2090.187744140625 2108.0986328125 2126.00927734375 2137.718505859375 2124.57177734375 2111.4248046875 2098.278076171875 2085.131103515625 2064.87353515625
1774.7008056640625 1770.2816162109375 1765.8624267578125 1761.4432373046875 1757.0240478515625 1758.9256591796875 1786.1619873046875 1813.3983154296875 1840.634765625 1867.87109375 1892.700439453125 1907.8819580078125 1923.0635986328125 1938.2452392578125 1953.4268798828125 1965.7210693359375 1966.4420166015625 1967.1629638671875 1967.8837890625 1968.604736328125 1964.9600830078125 1943.8172607421875 1922.6744384765625 1901.53173828125 1880.388916015625 1862.5791015625 1858.1282958984375 1853.6773681640625 1849.2265625 1844.775634765625 1848.9200439453125 1887.515380859375 1926.1107177734375 1964.7059326171875 2003.30126953125 2038.525146484375 2060.23583984375 2081.946533203125 2103.6572265625 2125.367919921875 2140.006591796875 2126.2998046875 2112.593017578125 2098.88623046875 2085.17919921875 2065.136474609375
