INPUT/RASTER/ASCII_no_standard/nitrogen_5-15cm_mean.asc
ncols        225
nrows        269
xllcorner    473009.983799999987
yllcorner    4429051.174800000153
cellsize     50.000000000000
NODATA_value  -9999
[rows 240 to 259 of 269, columns 92 to 137 of 225]
1489.3155517578125 1486.8294677734375 1484.34326171875 1481.8570556640625 1479.3709716796875 1476.733642578125 1473.4908447265625 1470.248046875 1467.0052490234375 1463.762451171875 1462.12353515625 1466.9136962890625 1471.7037353515625 1476.4937744140625 1481.2838134765625 1486.476318359375 1493.281494140625 1500.0867919921875 1506.8919677734375 1513.697265625 1524.4222412109375 1550.8582763671875 1577.2943115234375 1603.7303466796875 1630.166259765625 1652.7222900390625 1659.7264404296875 1666.7305908203125 1673.7347412109375 1680.7388916015625 1685.2822265625 1679.962158203125 1674.64208984375 1669.322021484375 1664.001953125 1654.6072998046875 1628.8814697265625 1603.1556396484375 1577.4296875 1551.703857421875 1529.89306640625 1523.7745361328125 1517.656005859375 1511.5374755859375 1505.4189453125 1502.2158203125
1497.028076171875 1493.1019287109375 1489.17578125 1485.2496337890625 1481.3233642578125 1477.5576171875 1474.434814453125 1471.31201171875 1468.189208984375 1465.06640625 1463.2679443359375 1466.778076171875 1470.2880859375 1473.7982177734375 1477.3082275390625 1481.7718505859375 1490.0570068359375 1498.34228515625 1506.6275634765625 1514.9127197265625 1525.496337890625 1545.2923583984375 1565.08837890625 1584.8843994140625 1604.680419921875 1621.546875 1626.6710205078125 1631.795166015625 1636.9193115234375 1642.0435791015625 1647.46240234375 1654.062255859375 1660.6622314453125 1667.26220703125 1673.862060546875 1672.697509765625 1640.41162109375 1608.125732421875 1575.83984375 1543.553955078125 1516.820556640625 1512.342041015625 1507.863525390625 1503.385009765625 1498.906494140625 1497.6787109375
1504.740478515625 1499.3743896484375 1494.0081787109375 1488.64208984375 1483.27587890625 1478.381591796875 1475.3787841796875 1472.3759765625 1469.3731689453125 1466.370361328125 1464.412353515625 1466.6424560546875 1468.87255859375 1471.1026611328125 1473.3326416015625 1477.0673828125 1486.8326416015625 1496.5977783203125 1506.363037109375 1516.1282958984375 1526.570556640625 1539.7265625 1552.882568359375 1566.03857421875 1579.194580078125 1590.3714599609375 1593.6156005859375 1596.85986328125 1600.10400390625 1603.34814453125 1609.642578125 1628.1624755859375 1646.682373046875 1665.2022705078125 1683.7222900390625 1690.78759765625 1651.9417724609375 1613.0958251953125 1574.25 1535.4041748046875 1503.748046875 1500.9095458984375 1498.071044921875 1495.232421875 1492.3939208984375 1493.1417236328125
1503.9140625 1498.3577880859375 1492.801513671875 1487.245361328125 1481.6890869140625 1477.1424560546875 1476.642333984375 1476.14208984375 1475.6419677734375 1475.141845703125 1475.391357421875 1478.64599609375 1481.900634765625 1485.1552734375 1488.409912109375 1492.698486328125 1501.13134765625 1509.5643310546875 1517.9971923828125 1526.4300537109375 1536.91357421875 1555.616455078125 1574.3192138671875 1593.02197265625 1611.7247314453125 1626.8172607421875 1627.4393310546875 1628.061279296875 1628.683349609375 1629.305419921875 1632.37158203125 1645.2344970703125 1658.0972900390625 1670.960205078125 1683.822998046875 1686.4315185546875 1647.9393310546875 1609.447021484375 1570.954833984375 1532.462646484375 1501.0816650390625 1498.20361328125 1495.325439453125 1492.4473876953125 1489.5692138671875 1490.37890625
1502.882080078125 1497.1658935546875 1491.4495849609375 1485.7333984375 1480.01708984375 1475.8536376953125 1477.9134521484375 1479.9732666015625 1482.033203125 1484.093017578125 1486.6070556640625 1490.941650390625 1495.2763671875 1499.6109619140625 1503.945556640625 1508.8189697265625 1515.851806640625 1522.884765625 1529.9176025390625 1536.9505615234375 1547.479736328125 1572.0225830078125 1596.5653076171875 1621.1080322265625 1645.65087890625 1664.89013671875 1662.8721923828125 1660.8541259765625 1658.836181640625 1656.8182373046875 1656.5576171875 1663.3404541015625 1670.123291015625 1676.9061279296875 1683.68896484375 1681.535400390625 1643.5631103515625 1605.5909423828125 1567.61865234375 1529.646484375 1498.665771484375 1495.7076416015625 1492.74951171875 1489.7913818359375 1486.833251953125 1487.65869140625
1501.85009765625 1495.973876953125 1490.09765625 1484.221435546875 1478.34521484375 1474.5648193359375 1479.1845703125 1483.804443359375 1488.42431640625 1493.044189453125 1497.82275390625 1503.2373046875 1508.6519775390625 1514.0665283203125 1519.481201171875 1524.939453125 1530.572265625 1536.2052001953125 1541.838134765625 1547.470947265625 1558.0458984375 1588.4285888671875 1618.8114013671875 1649.1942138671875 1679.5770263671875 1702.9630126953125 1698.3050537109375 1693.64697265625 1688.989013671875 1684.3310546875 1680.7435302734375 1681.4464111328125 1682.1492919921875 1682.8521728515625 1683.554931640625 1676.63916015625 1639.18701171875 1601.7347412109375 1564.282470703125 1526.830322265625 1496.249755859375 1493.211669921875 1490.1734619140625 1487.1353759765625 1484.0972900390625 1484.9385986328125
1500.8182373046875 1494.781982421875 1488.7457275390625 1482.70947265625 1476.6732177734375 1473.27587890625 1480.455810546875 1487.6356201171875 1494.8154296875 1501.995361328125 1509.038330078125 1515.532958984375 1522.027587890625 1528.522216796875 1535.016845703125 1541.059814453125 1545.292724609375 1549.525634765625 1553.758544921875 1557.991455078125 1568.6119384765625 1604.834716796875 1641.0574951171875 1677.2802734375 1713.5030517578125 1741.0357666015625 1733.7379150390625 1726.43994140625 1719.1419677734375 1711.843994140625 1704.9295654296875 1699.5523681640625 1694.1751708984375 1688.798095703125 1683.4208984375 1671.7430419921875 1634.810791015625 1597.8785400390625 1560.9462890625 1524.01416015625 1493.833740234375 1490.7156982421875 1487.5975341796875 1484.4793701171875 1481.361328125 1482.218505859375
1499.7862548828125 1493.5899658203125 1487.393798828125 1481.197509765625 1475.0013427734375 1471.987060546875 1481.7269287109375 1491.466796875 1501.2066650390625 1510.946533203125 1520.2540283203125 1527.82861328125 1535.4033203125 1542.9779052734375 1550.552490234375 1557.1802978515625 1560.01318359375 1562.8460693359375 1565.678955078125 1568.511962890625 1579.1781005859375 1621.2408447265625 1663.3035888671875 1705.366455078125 1747.42919921875 1779.108642578125 1769.170654296875 1759.2327880859375 1749.2947998046875 1739.3568115234375 1729.115478515625 1717.6583251953125 1706.201171875 1694.7440185546875 1683.286865234375 1666.8468017578125 1630.4345703125 1594.0223388671875 1557.6102294921875 1521.197998046875 1491.4178466796875 1488.2197265625 1485.0216064453125 1481.823486328125 1478.6253662109375 1479.498291015625
1502.4549560546875 1502.895263671875 1503.33544921875 1503.775634765625 1504.2159423828125 1506.2833251953125 1514.8724365234375 1523.4615478515625 1532.0506591796875 1540.6397705078125 1548.9144287109375 1555.9285888671875 1562.942626953125 1569.956787109375 1576.9708251953125 1583.39306640625 1587.4429931640625 1591.492919921875 1595.5428466796875 1599.5927734375 1610.0982666015625 1646.478271484375 1682.8582763671875 1719.2384033203125 1755.618408203125 1783.3458251953125 1776.3924560546875 1769.439208984375 1762.48583984375 1755.5325927734375 1748.6497802734375 1742.0494384765625 1735.4490966796875 1728.848876953125 1722.24853515625 1707.8885498046875 1662.426513671875 1616.964599609375 1571.502685546875 1526.0406494140625 1489.1812744140625 1486.801513671875 1484.4217529296875 1482.0419921875 1479.6622314453125 1481.0283203125
1505.2127685546875 1512.4530029296875 1519.6932373046875 1526.9334716796875 1534.1737060546875 1541.4356689453125 1548.7847900390625 1556.1339111328125 1563.4830322265625 1570.832275390625 1577.99462890625 1584.4088134765625 1590.8228759765625 1597.2369384765625 1603.6510009765625 1609.8486328125 1615.1785888671875 1620.508544921875 1625.83837890625 1631.1683349609375 1641.5081787109375 1671.92822265625 1702.3482666015625 1732.768310546875 1763.1883544921875 1786.768798828125 1782.9354248046875 1779.1021728515625 1775.2689208984375 1771.435546875 1768.0721435546875 1766.591796875 1765.1114501953125 1763.6312255859375 1762.15087890625 1750.0355224609375 1695.2935791015625 1640.5516357421875 1585.8096923828125 1531.0677490234375 1486.948974609375 1485.4091796875 1483.8695068359375 1482.3297119140625 1480.7900390625 1482.66064453125
1507.9705810546875 1522.0108642578125 1536.051025390625 1550.09130859375 1564.1314697265625 1576.588134765625 1582.697265625 1588.806396484375 1594.91552734375 1601.024658203125 1607.0748291015625 1612.888916015625 1618.7030029296875 1624.51708984375 1630.331298828125 1636.30419921875 1642.9141845703125 1649.5240478515625 1656.134033203125 1662.743896484375 1672.9180908203125 1697.378173828125 1721.838134765625 1746.2982177734375 1770.75830078125 1790.1917724609375 1789.478515625 1788.76513671875 1788.0518798828125 1787.3385009765625 1787.494384765625 1791.1341552734375 1794.7738037109375 1798.41357421875 1802.05322265625 1792.1824951171875 1728.1605224609375 1664.138671875 1600.11669921875 1536.0947265625 1484.7166748046875 1484.0169677734375 1483.317138671875 1482.617431640625 1481.917724609375 1484.2928466796875
1510.7283935546875 1531.568603515625 1552.4088134765625 1573.2490234375 1594.08935546875 1611.740478515625 1616.609619140625 1621.478759765625 1626.347900390625 1631.217041015625 1636.155029296875 1641.369140625 1646.583251953125 1651.79736328125 1657.011474609375 1662.7598876953125 1670.6497802734375 1678.5396728515625 1686.4295654296875 1694.319580078125 1704.3280029296875 1722.828125 1741.328125 1759.828125 1778.3282470703125 1793.61474609375 1796.021484375 1798.4281005859375 1800.8348388671875 1803.2415771484375 1806.916748046875 1815.676513671875 1824.4361572265625 1833.1959228515625 1841.95556640625 1834.32958984375 1761.027587890625 1687.7255859375 1614.4237060546875 1541.1217041015625 1482.484375 1482.6246337890625 1482.764892578125 1482.9051513671875 1483.04541015625 1485.9251708984375
1513.4862060546875 1541.12646484375 1568.7666015625 1596.4068603515625 1624.047119140625 1646.8929443359375 1650.52197265625 1654.151123046875 1657.7802734375 1661.409423828125 1665.2352294921875 1669.849365234375 1674.46337890625 1679.0775146484375 1683.691650390625 1689.2154541015625 1698.3853759765625 1707.5552978515625 1716.7252197265625 1725.8951416015625 1735.7379150390625 1748.2779541015625 1760.8179931640625 1773.3580322265625 1785.8980712890625 1797.0377197265625 1802.564453125 1808.0911865234375 1813.6177978515625 1819.14453125 1826.339111328125 1840.2188720703125 1854.0985107421875 1867.978271484375 1881.85791015625 1876.4765625 1793.89453125 1711.3126220703125 1628.730712890625 1546.148681640625 1480.2520751953125 1481.232421875 1482.212646484375 1483.19287109375 1484.1732177734375 1487.5574951171875
1527.7464599609375 1552.3045654296875 1576.862548828125 1601.4205322265625 1625.978515625 1645.8057861328125 1646.6715087890625 1647.537353515625 1648.4031982421875 1649.2689208984375 1651.1845703125 1657.307861328125 1663.4312744140625 1669.5545654296875 1675.6778564453125 1682.2127685546875 1690.397216796875 1698.5816650390625 1706.76611328125 1714.9505615234375 1722.892578125 1729.86328125 1736.8338623046875 1743.8045654296875 1750.775146484375 1759.328369140625 1774.2247314453125 1789.1209716796875 1804.017333984375 1818.9136962890625 1833.6153564453125 1847.5372314453125 1861.4591064453125 1875.3809814453125 1889.3028564453125 1886.29052734375 1815.4039306640625 1744.5172119140625 1673.630615234375 1602.7440185546875 1543.5283203125 1531.0916748046875 1518.655029296875 1506.21826171875 1493.7816162109375 1486.7515869140625
1542.2835693359375 1563.5216064453125 1584.7596435546875 1605.99755859375 1627.235595703125 1643.8466796875 1641.9124755859375 1639.978271484375 1638.0440673828125 1636.10986328125 1636.0960693359375 1643.7794189453125 1651.4627685546875 1659.14599609375 1666.829345703125 1674.4051513671875 1681.549560546875 1688.6939697265625 1695.8385009765625 1702.98291015625 1708.982421875 1710.39306640625 1711.8037109375 1713.21435546875 1714.625 1720.6292724609375 1745.045654296875 1769.4619140625 1793.8782958984375 1818.2945556640625 1840.599365234375 1854.4412841796875 1868.283203125 1882.125 1895.9669189453125 1895.32666015625 1836.6400146484375 1777.953369140625 1719.2666015625 1660.5799560546875 1608.380859375 1582.18408203125 1555.9874267578125 1529.790771484375 1503.593994140625 1485.886962890625
1556.8206787109375 1574.7386474609375 1592.6566162109375 1610.57470703125 1628.49267578125 1641.8875732421875 1637.1533203125 1632.419189453125 1627.6849365234375 1622.95068359375 1621.007568359375 1630.2508544921875 1639.4942626953125 1648.737548828125 1657.98095703125 1666.5975341796875 1672.701904296875 1678.806396484375 1684.9107666015625 1691.0152587890625 1695.072265625 1690.9228515625 1686.7734375 1682.6241455078125 1678.4747314453125 1681.93017578125 1715.8665771484375 1749.8028564453125 1783.7391357421875 1817.675537109375 1847.58349609375 1861.3453369140625 1875.107177734375 1888.869140625 1902.6309814453125 1904.3626708984375 1857.8759765625 1811.389404296875 1764.9027099609375 1718.416015625 1673.2332763671875 1633.276611328125 1593.3199462890625 1553.3631591796875 1513.406494140625 1485.0224609375
1571.3577880859375 1585.9556884765625 1600.5537109375 1615.1517333984375 1629.749755859375 1639.928466796875 1632.394287109375 1624.860107421875 1617.3258056640625 1609.7916259765625 1605.9190673828125 1616.722412109375 1627.5257568359375 1638.3291015625 1649.1324462890625 1658.789794921875 1663.854248046875 1668.918701171875 1673.983154296875 1679.047607421875 1681.1619873046875 1671.45263671875 1661.7432861328125 1652.033935546875 1642.3245849609375 1643.2310791015625 1686.6875 1730.143798828125 1773.60009765625 1817.056396484375 1854.5675048828125 1868.2493896484375 1881.9312744140625 1895.6131591796875 1909.2950439453125 1913.398681640625 1879.112060546875 1844.825439453125 1810.5386962890625 1776.2520751953125 1738.085693359375 1684.3690185546875 1630.65234375 1576.9356689453125 1523.218994140625 1484.157958984375
1585.894775390625 1597.1728515625 1608.4508056640625 1619.7288818359375 1631.0068359375 1637.9693603515625 1627.6351318359375 1617.301025390625 1606.966796875 1596.632568359375 1590.8304443359375 1603.19384765625 1615.5572509765625 1627.9205322265625 1640.283935546875 1650.982177734375 1655.006591796875 1659.031005859375 1663.055419921875 1667.0799560546875 1667.2518310546875 1651.982421875 1636.713134765625 1621.4437255859375 1606.17431640625 1604.531982421875 1657.50830078125 1710.484619140625 1763.4609375 1816.437255859375 1861.551513671875 1875.1533203125 1888.7552490234375 1902.357177734375 1915.958984375 1922.4346923828125 1900.34814453125 1878.261474609375 1856.1748046875 1834.088134765625 1802.938232421875 1735.4615478515625 1667.98486328125 1600.508056640625 1533.0313720703125 1483.2933349609375
1597.908203125 1606.9208984375 1615.9334716796875 1624.9461669921875 1633.958740234375 1639.4539794921875 1630.8507080078125 1622.2474365234375 1613.644287109375 1605.041015625 1599.890625 1608.5799560546875 1617.269287109375 1625.95849609375 1634.6478271484375 1642.190185546875 1645.1356201171875 1648.0809326171875 1651.0263671875 1653.9716796875 1641.37548828125 1566.48681640625 1491.5982666015625 1416.7095947265625 1341.821044921875 1290.4339599609375 1333.243896484375 1376.053955078125 1418.8638916015625 1461.6739501953125 1498.12109375 1509.06494140625 1520.0089111328125 1530.9527587890625 1541.896728515625 1560.8092041015625 1611.6611328125 1662.5130615234375 1713.364990234375 1764.216796875 1780.3641357421875 1657.4111328125 1534.458251953125 1411.5052490234375 1288.5523681640625 1193.588623046875
1609.8609619140625 1616.6336669921875 1623.40625 1630.1788330078125 1636.9515380859375 1641.0213623046875 1634.258056640625 1627.494873046875 1620.731689453125 1613.9683837890625 1609.5318603515625 1614.421142578125 1619.3104248046875 1624.1998291015625 1629.089111328125 1633.37451171875 1635.2398681640625 1637.1053466796875 1638.970703125 1640.8360595703125 1615.211181640625 1479.402587890625 1343.593994140625 1207.785400390625 1071.9766845703125 969.70941162109375 1001.87939453125 1034.0494384765625 1066.2193603515625 1098.389404296875 1125.7779541015625 1134.0018310546875 1142.2257080078125 1150.44970703125 1158.673583984375 1190.26513671875 1315.51708984375 1440.7689208984375 1566.0208740234375 1691.272705078125 1755.6864013671875 1576.25341796875 1396.820556640625 1217.3875732421875 1037.95458984375 896.93402099609375
