INPUT/RASTER/ASCII_no_standard/phh2o_5-15cm_mean.asc
ncols        225
nrows        269
xllcorner    473009.983799999987
yllcorner    4429051.174800000153
cellsize     50.000000000000
NODATA_value  -9999
[rows 80 to 99 of 269, columns 45 to 89 of 225]
65.6399383544921875 65.839935302734375 65.9600677490234375 65.76006317138671875 65.56006622314453125 65.3600616455078125 65.160064697265625 65 65 65 65 65 65.0399322509765625 65.23993682861328125 65.43993377685546875 65.6399383544921875 65.839935302734375 65.976226806640625 65.85717010498046875 65.73810577392578125 65.619049072265625 65.4999847412109375 65.40470123291015625 65.40470123291015625 65.40470123291015625 65.40470123291015625 65.40470123291015625 65.37237548828125 65.2104949951171875 65.048614501953125 64.8867340087890625 64.724853515625 64.6114654541015625 64.69240570068359375 64.773345947265625 64.854278564453125 64.93521881103515625 65.0161590576171875 65.09709930419921875 65.17803955078125 65.25897979736328125 65.3399200439453125 65.4123077392578125 65.45043182373046875 65.48854827880859375
65.6399383544921875 65.839935302734375 65.9600677490234375 65.76006317138671875 65.56006622314453125 65.3600616455078125 65.160064697265625 65 65 65 65 65 65.0399322509765625 65.23993682861328125 65.43993377685546875 65.6399383544921875 65.839935302734375 65.96823883056640625 65.80918121337890625 65.650115966796875 65.491058349609375 65.332000732421875 65.2046966552734375 65.2046966552734375 65.2046966552734375 65.2046966552734375 65.2046966552734375 65.18834686279296875 65.10646820068359375 65.02458953857421875 64.94271087646484375 64.86083221435546875 64.80347442626953125 64.84441375732421875 64.88535308837890625 64.92629241943359375 64.96723175048828125 65.00817108154296875 65.0491180419921875 65.090057373046875 65.1309967041015625 65.17193603515625 65.2282867431640625 65.346405029296875 65.4645233154296875
65.6399383544921875 65.839935302734375 65.9600677490234375 65.76006317138671875 65.56006622314453125 65.3600616455078125 65.160064697265625 65 65 65 65 65 65.0399322509765625 65.23993682861328125 65.43993377685546875 65.6399383544921875 65.839935302734375 65.9602508544921875 65.76119232177734375 65.5621337890625 65.36307525634765625 65.16400909423828125 65.00469970703125 65.00469970703125 65.00469970703125 65.00469970703125 65.00469970703125 65.00432586669921875 65.00244140625 65.0005645751953125 64.998687744140625 64.99680328369140625 64.99549102783203125 64.996429443359375 64.99736785888671875 64.9983062744140625 64.99924468994140625 65.00019073486328125 65.001129150390625 65.00206756591796875 65.0030059814453125 65.00394439697265625 65.04425811767578125 65.24237823486328125 65.44049835205078125
65.58527374267578125 65.7071533203125 65.77256011962890625 65.61162567138671875 65.45068359375 65.28974151611328125 65.12880706787109375 65 65 65 65 65 65.032135009765625 65.19307708740234375 65.3540191650390625 65.51495361328125 65.67589569091796875 65.77256011962890625 65.61162567138671875 65.45068359375 65.28974151611328125 65.12880706787109375 65.0077972412109375 65.0468597412109375 65.0859222412109375 65.12497711181640625 65.16403961181640625 65.1797027587890625 65.10158538818359375 65.02346038818359375 64.945343017578125 64.867218017578125 64.8125 64.8515625 64.89061737060546875 64.92967987060546875 64.96874237060546875 65.0077972412109375 65.0468597412109375 65.0859222412109375 65.12497711181640625 65.16403961181640625 65.219635009765625 65.34151458740234375 65.4633941650390625
65.52930450439453125 65.5711822509765625 65.5805511474609375 65.4596099853515625 65.3386688232421875 65.2177276611328125 65.09679412841796875 65 65 65 65 65 65.02414703369140625 65.14508819580078125 65.26602935791015625 65.38697052001953125 65.50791168212890625 65.5805511474609375 65.4596099853515625 65.3386688232421875 65.2177276611328125 65.09679412841796875 65.01578521728515625 65.0948486328125 65.1739044189453125 65.25296783447265625 65.33202362060546875 65.36373138427734375 65.20560455322265625 65.0474853515625 64.88936614990234375 64.7312469482421875 64.6204833984375 64.69954681396484375 64.77860260009765625 64.857666015625 64.93672943115234375 65.01578521728515625 65.0948486328125 65.1739044189453125 65.25296783447265625 65.33202362060546875 65.40366363525390625 65.4455413818359375 65.48741912841796875
65.47332763671875 65.435211181640625 65.3885345458984375 65.30759429931640625 65.226654052734375 65.145721435546875 65.06478118896484375 65 65 65 65 65 65.0161590576171875 65.09709930419921875 65.17803955078125 65.25897979736328125 65.3399200439453125 65.3885345458984375 65.30759429931640625 65.226654052734375 65.145721435546875 65.06478118896484375 65.023773193359375 65.14282989501953125 65.26189422607421875 65.380950927734375 65.5000152587890625 65.54775238037109375 65.30963134765625 65.07151031494140625 64.8333892822265625 64.59527587890625 64.42847442626953125 64.5475311279296875 64.666595458984375 64.78565216064453125 64.90471649169921875 65.023773193359375 65.14282989501953125 65.26189422607421875 65.380950927734375 65.5000152587890625 65.5876922607421875 65.54956817626953125 65.51145172119140625
65.41735076904296875 65.29923248291015625 65.19652557373046875 65.15558624267578125 65.11464691162109375 65.07370758056640625 65.03276824951171875 65 65 65 65 65 65.00817108154296875 65.0491180419921875 65.090057373046875 65.1309967041015625 65.17193603515625 65.19652557373046875 65.15558624267578125 65.11464691162109375 65.07370758056640625 65.03276824951171875 65.03176116943359375 65.19081878662109375 65.349884033203125 65.508941650390625 65.667999267578125 65.731781005859375 65.41365814208984375 65.09554290771484375 64.7774200439453125 64.45929718017578125 64.23645782470703125 64.3955230712890625 64.5545806884765625 64.7136383056640625 64.87270355224609375 65.03176116943359375 65.19081878662109375 65.349884033203125 65.508941650390625 65.667999267578125 65.7717132568359375 65.653594970703125 65.5354766845703125
65.36138153076171875 65.16326141357421875 65.00450897216796875 65.003570556640625 65.00263214111328125 65.0016937255859375 65.00075531005859375 65 65 65 65 65 65.00019073486328125 65.001129150390625 65.00206756591796875 65.0030059814453125 65.00394439697265625 65.00450897216796875 65.003570556640625 65.00263214111328125 65.0016937255859375 65.00075531005859375 65.0397491455078125 65.23880767822265625 65.4378662109375 65.63692474365234375 65.83599090576171875 65.915802001953125 65.5176849365234375 65.11956787109375 64.72144317626953125 64.32332611083984375 64.0444488525390625 64.24350738525390625 64.44256591796875 64.64162445068359375 64.84069061279296875 65.0397491455078125 65.23880767822265625 65.4378662109375 65.63692474365234375 65.83599090576171875 65.95574188232421875 65.75762176513671875 65.55950164794921875
65.3600616455078125 65.160064697265625 65.0077972412109375 65.0468597412109375 65.0859222412109375 65.12497711181640625 65.16403961181640625 65.1952972412109375 65.1952972412109375 65.1952972412109375 65.1952972412109375 65.1952972412109375 65.1875 65.1484375 65.10938262939453125 65.07032012939453125 65.03125762939453125 65 65 65 65 65 65.0399322509765625 65.23993682861328125 65.43993377685546875 65.6399383544921875 65.839935302734375 65.9279327392578125 65.566986083984375 65.20604705810546875 64.8451080322265625 64.48416900634765625 64.22743988037109375 64.38837432861328125 64.54931640625 64.71025848388671875 64.87119293212890625 65.0399322509765625 65.23993682861328125 65.43993377685546875 65.6399383544921875 65.839935302734375 65.967864990234375 65.80692291259765625 65.6459808349609375
65.3600616455078125 65.160064697265625 65.01578521728515625 65.0948486328125 65.1739044189453125 65.25296783447265625 65.33202362060546875 65.39530181884765625 65.39530181884765625 65.39530181884765625 65.39530181884765625 65.39530181884765625 65.3795166015625 65.30045318603515625 65.22139739990234375 65.142333984375 65.06327056884765625 65 65 65 65 65 65.0399322509765625 65.23993682861328125 65.43993377685546875 65.6399383544921875 65.839935302734375 65.9359130859375 65.6149749755859375 65.294036865234375 64.9730987548828125 64.65215301513671875 64.4194488525390625 64.5403900146484375 64.6613311767578125 64.7822723388671875 64.90320587158203125 65.0399322509765625 65.23993682861328125 65.43993377685546875 65.6399383544921875 65.839935302734375 65.97585296630859375 65.85491180419921875 65.73397064208984375
65.3600616455078125 65.160064697265625 65.023773193359375 65.14282989501953125 65.26189422607421875 65.380950927734375 65.5000152587890625 65.59529876708984375 65.59529876708984375 65.59529876708984375 65.59529876708984375 65.59529876708984375 65.57152557373046875 65.4524688720703125 65.333404541015625 65.21434783935546875 65.09528350830078125 65 65 65 65 65 65.0399322509765625 65.23993682861328125 65.43993377685546875 65.6399383544921875 65.839935302734375 65.94390106201171875 65.6629638671875 65.38202667236328125 65.10108184814453125 64.8201446533203125 64.6114654541015625 64.69240570068359375 64.773345947265625 64.854278564453125 64.93521881103515625 65.0399322509765625 65.23993682861328125 65.43993377685546875 65.6399383544921875 65.839935302734375 65.9838409423828125 65.90290069580078125 65.82196044921875
65.3600616455078125 65.160064697265625 65.03176116943359375 65.19081878662109375 65.349884033203125 65.508941650390625 65.667999267578125 65.7953033447265625 65.7953033447265625 65.7953033447265625 65.7953033447265625 65.7953033447265625 65.76354217529296875 65.6044769287109375 65.4454193115234375 65.2863616943359375 65.12729644775390625 65 65 65 65 65 65.0399322509765625 65.23993682861328125 65.43993377685546875 65.6399383544921875 65.839935302734375 65.9518890380859375 65.7109527587890625 65.47000885009765625 65.22907257080078125 64.988128662109375 64.80347442626953125 64.84441375732421875 64.88535308837890625 64.92629241943359375 64.96723175048828125 65.0399322509765625 65.23993682861328125 65.43993377685546875 65.6399383544921875 65.839935302734375 65.99182891845703125 65.9508819580078125 65.909942626953125
65.3600616455078125 65.160064697265625 65.0397491455078125 65.23880767822265625 65.4378662109375 65.63692474365234375 65.83599090576171875 65.99530029296875 65.99530029296875 65.99530029296875 65.99530029296875 65.99530029296875 65.9555511474609375 65.75649261474609375 65.55743408203125 65.35837554931640625 65.15930938720703125 65 65 65 65 65 65.0399322509765625 65.23993682861328125 65.43993377685546875 65.6399383544921875 65.839935302734375 65.95987701416015625 65.75893402099609375 65.5579986572265625 65.3570556640625 65.15612030029296875 64.99549102783203125 64.996429443359375 64.99736785888671875 64.9983062744140625 64.99924468994140625 65.0399322509765625 65.23993682861328125 65.43993377685546875 65.6399383544921875 65.839935302734375 65.99980926513671875 65.998870849609375 65.99793243408203125
65.55536651611328125 65.3553619384765625 65.23523712158203125 65.43523406982421875 65.6352386474609375 65.835235595703125 66.0352325439453125 66.1875 66.1484375 66.10938262939453125 66.07032012939453125 66.03125762939453125 65.967864990234375 65.80692291259765625 65.6459808349609375 65.48504638671875 65.32410430908203125 65.1952972412109375 65.1952972412109375 65.1952972412109375 65.1952972412109375 65.1952972412109375 65.22743988037109375 65.38837432861328125 65.54931640625 65.71025848388671875 65.87119293212890625 65.9756622314453125 65.85378265380859375 65.731903076171875 65.61002349853515625 65.4881439208984375 65.38280487060546875 65.34374237060546875 65.30467987060546875 65.265625 65.2265625 65.22743988037109375 65.38837432861328125 65.54931640625 65.71025848388671875 65.87119293212890625 66 66 66
65.75536346435546875 65.55536651611328125 65.43523406982421875 65.6352386474609375 65.835235595703125 66.0352325439453125 66.23523712158203125 66.3795166015625 66.30045318603515625 66.22139739990234375 66.142333984375 66.06327056884765625 65.97585296630859375 65.85491180419921875 65.73397064208984375 65.61302947998046875 65.49208831787109375 65.39530181884765625 65.39530181884765625 65.39530181884765625 65.39530181884765625 65.39530181884765625 65.4194488525390625 65.5403900146484375 65.6613311767578125 65.7822723388671875 65.90320587158203125 65.99163818359375 65.94976043701171875 65.90787506103515625 65.865997314453125 65.82411956787109375 65.77481842041015625 65.6957550048828125 65.61669158935546875 65.53763580322265625 65.4585723876953125 65.4194488525390625 65.5403900146484375 65.6613311767578125 65.7822723388671875 65.90320587158203125 66 66 66
65.9553680419921875 65.75536346435546875 65.6352386474609375 65.835235595703125 66.0352325439453125 66.23523712158203125 66.43523406982421875 66.57152557373046875 66.4524688720703125 66.333404541015625 66.21434783935546875 66.09528350830078125 65.9838409423828125 65.90290069580078125 65.82196044921875 65.74102020263671875 65.6600799560546875 65.59529876708984375 65.59529876708984375 65.59529876708984375 65.59529876708984375 65.59529876708984375 65.6114654541015625 65.69240570068359375 65.773345947265625 65.854278564453125 65.93521881103515625 66.0076141357421875 66.0457305908203125 66.08385467529296875 66.12197113037109375 66.16009521484375 66.1668243408203125 66.04776763916015625 65.9287109375 65.8096466064453125 65.69058990478515625 65.6114654541015625 65.69240570068359375 65.773345947265625 65.854278564453125 65.93521881103515625 66 66 66
66.155364990234375 65.9553680419921875 65.835235595703125 66.0352325439453125 66.23523712158203125 66.43523406982421875 66.6352386474609375 66.76354217529296875 66.6044769287109375 66.4454193115234375 66.2863616943359375 66.12729644775390625 65.99182891845703125 65.9508819580078125 65.909942626953125 65.8690032958984375 65.82806396484375 65.7953033447265625 65.7953033447265625 65.7953033447265625 65.7953033447265625 65.7953033447265625 65.80347442626953125 65.84441375732421875 65.88535308837890625 65.92629241943359375 65.96723175048828125 66.02358245849609375 66.1417083740234375 66.25982666015625 66.3779449462890625 66.49607086181640625 66.558837890625 66.3997802734375 66.24072265625 66.08165740966796875 65.92259979248046875 65.80347442626953125 65.84441375732421875 65.88535308837890625 65.92629241943359375 65.96723175048828125 66 66 66
66.3553619384765625 66.155364990234375 66.0352325439453125 66.23523712158203125 66.43523406982421875 66.6352386474609375 66.835235595703125 66.9555511474609375 66.75649261474609375 66.55743408203125 66.35837554931640625 66.15930938720703125 65.99980926513671875 65.998870849609375 65.99793243408203125 65.9969940185546875 65.99605560302734375 65.99530029296875 65.99530029296875 65.99530029296875 65.99530029296875 65.99530029296875 65.99549102783203125 65.996429443359375 65.99736785888671875 65.9983062744140625 65.99924468994140625 66.03955841064453125 66.23767852783203125 66.43579864501953125 66.63391876220703125 66.83203887939453125 66.9508514404296875 66.75179290771484375 66.552734375 66.35367584228515625 66.15460968017578125 65.99549102783203125 65.996429443359375 65.99736785888671875 65.9983062744140625 65.99924468994140625 66 66 66
66.28974151611328125 66.12880706787109375 66.032135009765625 66.19307708740234375 66.3540191650390625 66.51495361328125 66.67589569091796875 66.77256011962890625 66.61162567138671875 66.45068359375 66.28974151611328125 66.12880706787109375 66 66 66 66 66 66.0077972412109375 66.0468597412109375 66.0859222412109375 66.12497711181640625 66.16403961181640625 66.1952972412109375 66.1952972412109375 66.1952972412109375 66.1952972412109375 66.1952972412109375 66.219635009765625 66.34151458740234375 66.4633941650390625 66.58527374267578125 66.7071533203125 66.77256011962890625 66.61162567138671875 66.45068359375 66.28974151611328125 66.12880706787109375 65.9922027587890625 65.9531402587890625 65.9140777587890625 65.87502288818359375 65.83596038818359375 65.8125 65.8515625 65.89061737060546875
66.2177276611328125 66.09679412841796875 66.02414703369140625 66.14508819580078125 66.26602935791015625 66.38697052001953125 66.50791168212890625 66.5805511474609375 66.4596099853515625 66.3386688232421875 66.2177276611328125 66.09679412841796875 66 66 66 66 66 66.01578521728515625 66.0948486328125 66.1739044189453125 66.25296783447265625 66.33202362060546875 66.39530181884765625 66.39530181884765625 66.39530181884765625 66.39530181884765625 66.39530181884765625 66.40366363525390625 66.4455413818359375 66.48741912841796875 66.52930450439453125 66.5711822509765625 66.5805511474609375 66.4596099853515625 66.3386688232421875 66.2177276611328125 66.09679412841796875 65.98421478271484375 65.9051513671875 65.8260955810546875 65.74703216552734375 65.66797637939453125 65.6204833984375 65.69954681396484375 65.77860260009765625
