INPUT/RASTER/ASCII_no_standard/phh2o_5-15cm_mean.asc
ncols        225
nrows        269
xllcorner    473009.983799999987
yllcorner    4429051.174800000153
cellsize     50.000000000000
NODATA_value  -9999
[rows 60 to 79 of 269, columns 45 to 89 of 225]
65.78565216064453125 65.90471649169921875 66 66 66 66 66 65.9838409423828125 65.90290069580078125 65.82196044921875 65.74102020263671875 65.6600799560546875 65.5876922607421875 65.54956817626953125 65.51145172119140625 65.47332763671875 65.435211181640625 65.4123077392578125 65.45043182373046875 65.48854827880859375 65.52667236328125 65.564788818359375 65.59529876708984375 65.59529876708984375 65.59529876708984375 65.59529876708984375 65.59529876708984375 65.57913970947265625 65.498199462890625 65.41725921630859375 65.3363189697265625 65.25537872314453125 65.18299102783203125 65.144866943359375 65.10675048828125 65.06862640380859375 65.03050994873046875 65.0399322509765625 65.23993682861328125 65.43993377685546875 65.6399383544921875 65.839935302734375 66 66 66
65.7136383056640625 65.87270355224609375 66 66 66 66 66 65.99182891845703125 65.9508819580078125 65.909942626953125 65.8690032958984375 65.82806396484375 65.7717132568359375 65.653594970703125 65.5354766845703125 65.41735076904296875 65.29923248291015625 65.2282867431640625 65.346405029296875 65.4645233154296875 65.58264923095703125 65.70076751708984375 65.7953033447265625 65.7953033447265625 65.7953033447265625 65.7953033447265625 65.7953033447265625 65.7871246337890625 65.746185302734375 65.7052459716796875 65.664306640625 65.6233673095703125 65.5670166015625 65.4488983154296875 65.33077239990234375 65.21265411376953125 65.09453582763671875 65.0399322509765625 65.23993682861328125 65.43993377685546875 65.6399383544921875 65.839935302734375 66 66 66
65.64162445068359375 65.84069061279296875 66 66 66 66 66 65.99980926513671875 65.998870849609375 65.99793243408203125 65.9969940185546875 65.99605560302734375 65.95574188232421875 65.75762176513671875 65.55950164794921875 65.36138153076171875 65.16326141357421875 65.04425811767578125 65.24237823486328125 65.44049835205078125 65.63861846923828125 65.83673858642578125 65.99530029296875 65.99530029296875 65.99530029296875 65.99530029296875 65.99530029296875 65.99510955810546875 65.994171142578125 65.99323272705078125 65.9922943115234375 65.99135589599609375 65.95104217529296875 65.75292205810546875 65.55480194091796875 65.35668182373046875 65.15856170654296875 65.0399322509765625 65.23993682861328125 65.43993377685546875 65.6399383544921875 65.839935302734375 66 66 66
65.6399383544921875 65.839935302734375 65.9922027587890625 65.9531402587890625 65.9140777587890625 65.87502288818359375 65.83596038818359375 65.8125 65.8515625 65.89061737060546875 65.92967987060546875 65.96874237060546875 65.9600677490234375 65.76006317138671875 65.56006622314453125 65.3600616455078125 65.160064697265625 65.0399322509765625 65.23993682861328125 65.43993377685546875 65.6399383544921875 65.839935302734375 66 66 66 66 66 66 66 66 66 66 65.9600677490234375 65.76006317138671875 65.56006622314453125 65.3600616455078125 65.160064697265625 65.0399322509765625 65.23993682861328125 65.43993377685546875 65.6399383544921875 65.839935302734375 65.9922027587890625 65.9531402587890625 65.9140777587890625
65.6399383544921875 65.839935302734375 65.98421478271484375 65.9051513671875 65.8260955810546875 65.74703216552734375 65.66797637939453125 65.6204833984375 65.69954681396484375 65.77860260009765625 65.857666015625 65.93672943115234375 65.9600677490234375 65.76006317138671875 65.56006622314453125 65.3600616455078125 65.160064697265625 65.0399322509765625 65.23993682861328125 65.43993377685546875 65.6399383544921875 65.839935302734375 66 66 66 66 66 66 66 66 66 66 65.9600677490234375 65.76006317138671875 65.56006622314453125 65.3600616455078125 65.160064697265625 65.0399322509765625 65.23993682861328125 65.43993377685546875 65.6399383544921875 65.839935302734375 65.98421478271484375 65.9051513671875 65.8260955810546875
65.6399383544921875 65.839935302734375 65.976226806640625 65.85717010498046875 65.73810577392578125 65.619049072265625 65.4999847412109375 65.42847442626953125 65.5475311279296875 65.666595458984375 65.78565216064453125 65.90471649169921875 65.9600677490234375 65.76006317138671875 65.56006622314453125 65.3600616455078125 65.160064697265625 65.0399322509765625 65.23993682861328125 65.43993377685546875 65.6399383544921875 65.839935302734375 66 66 66 66 66 66 66 66 66 66 65.9600677490234375 65.76006317138671875 65.56006622314453125 65.3600616455078125 65.160064697265625 65.0399322509765625 65.23993682861328125 65.43993377685546875 65.6399383544921875 65.839935302734375 65.976226806640625 65.85717010498046875 65.73810577392578125
65.6399383544921875 65.839935302734375 65.96823883056640625 65.80918121337890625 65.650115966796875 65.491058349609375 65.332000732421875 65.23645782470703125 65.3955230712890625 65.5545806884765625 65.7136383056640625 65.87270355224609375 65.9600677490234375 65.76006317138671875 65.56006622314453125 65.3600616455078125 65.160064697265625 65.0399322509765625 65.23993682861328125 65.43993377685546875 65.6399383544921875 65.839935302734375 66 66 66 66 66 66 66 66 66 66 65.9600677490234375 65.76006317138671875 65.56006622314453125 65.3600616455078125 65.160064697265625 65.0399322509765625 65.23993682861328125 65.43993377685546875 65.6399383544921875 65.839935302734375 65.96823883056640625 65.80918121337890625 65.650115966796875
65.6399383544921875 65.839935302734375 65.9602508544921875 65.76119232177734375 65.5621337890625 65.36307525634765625 65.16400909423828125 65.0444488525390625 65.24350738525390625 65.44256591796875 65.64162445068359375 65.84069061279296875 65.9600677490234375 65.76006317138671875 65.56006622314453125 65.3600616455078125 65.160064697265625 65.0399322509765625 65.23993682861328125 65.43993377685546875 65.6399383544921875 65.839935302734375 66 66 66 66 66 66 66 66 66 66 65.9600677490234375 65.76006317138671875 65.56006622314453125 65.3600616455078125 65.160064697265625 65.0399322509765625 65.23993682861328125 65.43993377685546875 65.6399383544921875 65.839935302734375 65.9602508544921875 65.76119232177734375 65.5621337890625
65.6399383544921875 65.839935302734375 65.9600677490234375 65.76006317138671875 65.56006622314453125 65.3600616455078125 65.160064697265625 65.0399322509765625 65.23993682861328125 65.43993377685546875 65.6399383544921875 65.839935302734375 65.9600677490234375 65.76006317138671875 65.56006622314453125 65.3600616455078125 65.160064697265625 65.0399322509765625 65.23993682861328125 65.43993377685546875 65.6399383544921875 65.839935302734375 66 66 66 66 66 66 66 66 66 66 65.9600677490234375 65.76006317138671875 65.56006622314453125 65.3600616455078125 65.160064697265625 65.0399322509765625 65.23993682861328125 65.43993377685546875 65.6399383544921875 65.839935302734375 65.9600677490234375 65.76006317138671875 65.56006622314453125
65.6399383544921875 65.839935302734375 65.9600677490234375 65.76006317138671875 65.56006622314453125 65.3600616455078125 65.160064697265625 65.0399322509765625 65.23993682861328125 65.43993377685546875 65.6399383544921875 65.839935302734375 65.9600677490234375 65.76006317138671875 65.56006622314453125 65.3600616455078125 65.160064697265625 65.0399322509765625 65.23993682861328125 65.43993377685546875 65.6399383544921875 65.839935302734375 66 66 66 66 66 66 66 66 66 66 65.9600677490234375 65.76006317138671875 65.56006622314453125 65.3600616455078125 65.160064697265625 65.0399322509765625 65.23993682861328125 65.43993377685546875 65.6399383544921875 65.839935302734375 65.9600677490234375 65.76006317138671875 65.56006622314453125
65.6399383544921875 65.839935302734375 65.9600677490234375 65.76006317138671875 65.56006622314453125 65.3600616455078125 65.160064697265625 65.0399322509765625 65.23993682861328125 65.43993377685546875 65.6399383544921875 65.839935302734375 65.9600677490234375 65.76006317138671875 65.56006622314453125 65.3600616455078125 65.160064697265625 65.0399322509765625 65.23993682861328125 65.43993377685546875 65.6399383544921875 65.839935302734375 66 66 66 66 66 66 66 66 66 66 65.9600677490234375 65.76006317138671875 65.56006622314453125 65.3600616455078125 65.160064697265625 65.0399322509765625 65.23993682861328125 65.43993377685546875 65.6399383544921875 65.839935302734375 65.9600677490234375 65.76006317138671875 65.56006622314453125
65.6399383544921875 65.839935302734375 65.9600677490234375 65.76006317138671875 65.56006622314453125 65.3600616455078125 65.160064697265625 65.0399322509765625 65.23993682861328125 65.43993377685546875 65.6399383544921875 65.839935302734375 65.9600677490234375 65.76006317138671875 65.56006622314453125 65.3600616455078125 65.160064697265625 65.0399322509765625 65.23993682861328125 65.43993377685546875 65.6399383544921875 65.839935302734375 66 66 66 66 66 66 66 66 66 66 65.9600677490234375 65.76006317138671875 65.56006622314453125 65.3600616455078125 65.160064697265625 65.0399322509765625 65.23993682861328125 65.43993377685546875 65.6399383544921875 65.839935302734375 65.9600677490234375 65.76006317138671875 65.56006622314453125
65.6399383544921875 65.839935302734375 65.9600677490234375 65.76006317138671875 65.56006622314453125 65.3600616455078125 65.160064697265625 65.0399322509765625 65.23993682861328125 65.43993377685546875 65.6399383544921875 65.839935302734375 65.9600677490234375 65.76006317138671875 65.56006622314453125 65.3600616455078125 65.160064697265625 65.0399322509765625 65.23993682861328125 65.43993377685546875 65.6399383544921875 65.839935302734375 66 66 66 66 66 66 66 66 66 66 65.9600677490234375 65.76006317138671875 65.56006622314453125 65.3600616455078125 65.160064697265625 65.0399322509765625 65.23993682861328125 65.43993377685546875 65.6399383544921875 65.839935302734375 65.9600677490234375 65.76006317138671875 65.56006622314453125
65.6399383544921875 65.839935302734375 65.9600677490234375 65.76006317138671875 65.56006622314453125 65.3600616455078125 65.160064697265625 65.032135009765625 65.19307708740234375 65.3540191650390625 65.51495361328125 65.67589569091796875 65.780364990234375 65.65848541259765625 65.5366058349609375 65.41472625732421875 65.2928466796875 65.22743988037109375 65.38837432861328125 65.54931640625 65.71025848388671875 65.87119293212890625 66 66 66 66 66 65.98439788818359375 65.906280517578125 65.82816314697265625 65.75003814697265625 65.6719207763671875 65.58506011962890625 65.4631805419921875 65.34130096435546875 65.21942138671875 65.09754180908203125 65.0399322509765625 65.23993682861328125 65.43993377685546875 65.6399383544921875 65.839935302734375 65.9600677490234375 65.76006317138671875 65.56006622314453125
65.6399383544921875 65.839935302734375 65.9600677490234375 65.76006317138671875 65.56006622314453125 65.3600616455078125 65.160064697265625 65.02414703369140625 65.14508819580078125 65.26602935791015625 65.38697052001953125 65.50791168212890625 65.59633636474609375 65.5544586181640625 65.51258087158203125 65.47069549560546875 65.4288177490234375 65.4194488525390625 65.5403900146484375 65.6613311767578125 65.7822723388671875 65.90320587158203125 66 66 66 66 66 65.9684295654296875 65.81031036376953125 65.65218353271484375 65.4940643310546875 65.33594512939453125 65.2010345458984375 65.15915679931640625 65.117279052734375 65.0753936767578125 65.03351593017578125 65.0399322509765625 65.23993682861328125 65.43993377685546875 65.6399383544921875 65.839935302734375 65.9600677490234375 65.76006317138671875 65.56006622314453125
65.6399383544921875 65.839935302734375 65.9600677490234375 65.76006317138671875 65.56006622314453125 65.3600616455078125 65.160064697265625 65.0161590576171875 65.09709930419921875 65.17803955078125 65.25897979736328125 65.3399200439453125 65.4123077392578125 65.45043182373046875 65.48854827880859375 65.52667236328125 65.564788818359375 65.6114654541015625 65.69240570068359375 65.773345947265625 65.854278564453125 65.93521881103515625 66 66 66 66 66 65.95245361328125 65.71433258056640625 65.4762115478515625 65.23809051513671875 64.999969482421875 64.81700897216796875 64.855133056640625 64.89324951171875 64.93137359619140625 64.96949005126953125 65.0399322509765625 65.23993682861328125 65.43993377685546875 65.6399383544921875 65.839935302734375 65.9600677490234375 65.76006317138671875 65.56006622314453125
65.6399383544921875 65.839935302734375 65.9600677490234375 65.76006317138671875 65.56006622314453125 65.3600616455078125 65.160064697265625 65.00817108154296875 65.0491180419921875 65.090057373046875 65.1309967041015625 65.17193603515625 65.2282867431640625 65.346405029296875 65.4645233154296875 65.58264923095703125 65.70076751708984375 65.80347442626953125 65.84441375732421875 65.88535308837890625 65.92629241943359375 65.96723175048828125 66 66 66 66 66 65.9364776611328125 65.6183624267578125 65.30023956298828125 64.98211669921875 64.66400146484375 64.4329833984375 64.5511016845703125 64.66922760009765625 64.78734588623046875 64.90546417236328125 65.0399322509765625 65.23993682861328125 65.43993377685546875 65.6399383544921875 65.839935302734375 65.9600677490234375 65.76006317138671875 65.56006622314453125
65.6399383544921875 65.839935302734375 65.9600677490234375 65.76006317138671875 65.56006622314453125 65.3600616455078125 65.160064697265625 65.00019073486328125 65.001129150390625 65.00206756591796875 65.0030059814453125 65.00394439697265625 65.04425811767578125 65.24237823486328125 65.44049835205078125 65.63861846923828125 65.83673858642578125 65.99549102783203125 65.996429443359375 65.99736785888671875 65.9983062744140625 65.99924468994140625 66 66 66 66 66 65.920501708984375 65.5223846435546875 65.124267578125 64.72614288330078125 64.32802581787109375 64.04895782470703125 64.24707794189453125 64.44519805908203125 64.64331817626953125 64.84143829345703125 65.0399322509765625 65.23993682861328125 65.43993377685546875 65.6399383544921875 65.839935302734375 65.9600677490234375 65.76006317138671875 65.56006622314453125
65.6399383544921875 65.839935302734375 65.9600677490234375 65.76006317138671875 65.56006622314453125 65.3600616455078125 65.160064697265625 65 65 65 65 65 65.0399322509765625 65.23993682861328125 65.43993377685546875 65.6399383544921875 65.839935302734375 65.9922027587890625 65.9531402587890625 65.9140777587890625 65.87502288818359375 65.83596038818359375 65.8047027587890625 65.8047027587890625 65.8047027587890625 65.8047027587890625 65.8047027587890625 65.74042510986328125 65.418548583984375 65.0966644287109375 64.77478790283203125 64.452911376953125 64.22743988037109375 64.38837432861328125 64.54931640625 64.71025848388671875 64.87119293212890625 65.032135009765625 65.19307708740234375 65.3540191650390625 65.51495361328125 65.67589569091796875 65.780364990234375 65.65848541259765625 65.5366058349609375
65.6399383544921875 65.839935302734375 65.9600677490234375 65.76006317138671875 65.56006622314453125 65.3600616455078125 65.160064697265625 65 65 65 65 65 65.0399322509765625 65.23993682861328125 65.43993377685546875 65.6399383544921875 65.839935302734375 65.98421478271484375 65.9051513671875 65.8260955810546875 65.74703216552734375 65.66797637939453125 65.60469818115234375 65.60469818115234375 65.60469818115234375 65.60469818115234375 65.60469818115234375 65.55640411376953125 65.31452178955078125 65.07263946533203125 64.8307647705078125 64.5888824462890625 64.4194488525390625 64.5403900146484375 64.6613311767578125 64.7822723388671875 64.90320587158203125 65.02414703369140625 65.14508819580078125 65.26602935791015625 65.38697052001953125 65.50791168212890625 65.59633636474609375 65.5544586181640625 65.51258087158203125
