INPUT/RASTER/ASCII_no_standard/phh2o_5-15cm_mean.asc
ncols        225
nrows        269
xllcorner    473009.983799999987
yllcorner    4429051.174800000153
cellsize     50.000000000000
NODATA_value  -9999
[rows 40 to 59 of 269, columns 135 to 179 of 225]
65.25897979736328125 65.3399200439453125 65.42847442626953125 65.5475311279296875 65.666595458984375 65.78565216064453125 65.90471649169921875 64.93332672119140625 59.591297149658203125 54.249267578125 48.907238006591796875 43.56520843505859375 37.720806121826171875 29.862834930419921875 22.004863739013671875 14.146892547607421875 6.2889223098754882813 0 0 0 0 0 0 0 0 0 0 0 0 0 0 0 0 0 0 0 0 0 0 0 0 0 0 0 0
65.1309967041015625 65.17193603515625 65.23645782470703125 65.3955230712890625 65.5545806884765625 65.7136383056640625 65.87270355224609375 65.46047210693359375 62.758441925048828125 60.0564117431640625 57.354381561279296875 54.65235137939453125 50.3936614990234375 39.89569091796875 29.397718429565429688 18.899747848510742188 8.4017782211303710938 0 0 0 0 0 0 0 0 0 0 0 0 0 0 0 0 0 0 0 0 0 0 0 0 0 0 0 0
65.0030059814453125 65.00394439697265625 65.0444488525390625 65.24350738525390625 65.44256591796875 65.64162445068359375 65.84069061279296875 65.98761749267578125 65.9255828857421875 65.863555908203125 65.8015289306640625 65.73949432373046875 63.066516876220703125 49.9285430908203125 36.7905731201171875 23.6526031494140625 10.5146331787109375 0 0 0 0 0 0 0 0 0 0 0 0 0 0 0 0 0 0 0 0 0 0 0 0 0 0 0 0
65.1952972412109375 65.1952972412109375 65.22743988037109375 65.38837432861328125 65.54931640625 65.71025848388671875 65.87119293212890625 66 66 66 66 66 63.87903594970703125 53.257007598876953125 42.634975433349609375 32.01294708251953125 21.390918731689453125 12.375094413757324219 9.797122955322265625 7.2191529273986816406 4.6411824226379394531 2.0632116794586181641 0 0 0 0 0 0 0 0 0 0 0 0 0 0 0 0 0 0 0 0 0 0 0
65.39530181884765625 65.39530181884765625 65.4194488525390625 65.5403900146484375 65.6613311767578125 65.7822723388671875 65.90320587158203125 66 66 66 66 66 64.40618133544921875 56.424152374267578125 48.442119598388671875 40.46009063720703125 32.478061676025390625 25.047948837280273438 19.82997894287109375 14.612008094787597656 9.3940372467041015625 4.1760668754577636719 0 0 0 0 0 0 0 0 0 0 0 0 0 0 0 0 0 0 0 0 0 0 0
65.59529876708984375 65.59529876708984375 65.6114654541015625 65.69240570068359375 65.773345947265625 65.854278564453125 65.93521881103515625 66 66 66 66 66 64.93332672119140625 59.591297149658203125 54.249267578125 48.907238006591796875 43.56520843505859375 37.720806121826171875 29.862834930419921875 22.004863739013671875 14.146892547607421875 6.2889223098754882813 0 0 0 0 0 0 0 0 0 0 0 0 0 0 0 0 0 0 0 0 0 0 0
65.7953033447265625 65.7953033447265625 65.80347442626953125 65.84441375732421875 65.88535308837890625 65.92629241943359375 65.96723175048828125 66 66 66 66 66 65.46047210693359375 62.758441925048828125 60.0564117431640625 57.354381561279296875 54.65235137939453125 50.3936614990234375 39.89569091796875 29.397718429565429688 18.899747848510742188 8.4017782211303710938 0 0 0 0 0 0 0 0 0 0 0 0 0 0 0 0 0 0 0 0 0 0 0
65.99530029296875 65.99530029296875 65.99549102783203125 65.996429443359375 65.99736785888671875 65.9983062744140625 65.99924468994140625 66 66 66 66 66 65.98761749267578125 65.9255828857421875 65.863555908203125 65.8015289306640625 65.73949432373046875 63.066516876220703125 49.9285430908203125 36.7905731201171875 23.6526031494140625 10.5146331787109375 0 0 0 0 0 0 0 0 0 0 0 0 0 0 0 0 0 0 0 0 0 0 0
65.92967987060546875 65.96874237060546875 66 66 66 66 66 66 66 66 66 66 66 66 66 66 66 63.87903594970703125 53.257007598876953125 42.634975433349609375 32.01294708251953125 21.390918731689453125 12.375094413757324219 9.797122955322265625 7.2191529273986816406 4.6411824226379394531 2.0632116794586181641 0 0 0 0 0 0 0 0 0 0 0 0 0 0 0 0 0 0
65.857666015625 65.93672943115234375 66 66 66 66 66 66 66 66 66 66 66 66 66 66 66 64.40618133544921875 56.424152374267578125 48.442119598388671875 40.46009063720703125 32.478061676025390625 25.047948837280273438 19.82997894287109375 14.612008094787597656 9.3940372467041015625 4.1760668754577636719 0 0 0 0 0 0 0 0 0 0 0 0 0 0 0 0 0 0
65.78565216064453125 65.90471649169921875 66 66 66 66 66 66 66 66 66 66 66 66 66 66 66 64.93332672119140625 59.591297149658203125 54.249267578125 48.907238006591796875 43.56520843505859375 37.720806121826171875 29.862834930419921875 22.004863739013671875 14.146892547607421875 6.2889223098754882813 0 0 0 0 0 0 0 0 0 0 0 0 0 0 0 0 0 0
65.7136383056640625 65.87270355224609375 66 66 66 66 66 66 66 66 66 66 66 66 66 66 66 65.46047210693359375 62.758441925048828125 60.0564117431640625 57.354381561279296875 54.65235137939453125 50.3936614990234375 39.89569091796875 29.397718429565429688 18.899747848510742188 8.4017782211303710938 0 0 0 0 0 0 0 0 0 0 0 0 0 0 0 0 0 0
65.64162445068359375 65.84069061279296875 66 66 66 66 66 66 66 66 66 66 66 66 66 66 66 65.98761749267578125 65.9255828857421875 65.863555908203125 65.8015289306640625 65.73949432373046875 63.066516876220703125 49.9285430908203125 36.7905731201171875 23.6526031494140625 10.5146331787109375 0 0 0 0 0 0 0 0 0 0 0 0 0 0 0 0 0 0
65.71025848388671875 65.87119293212890625 66 66 66 66 66 66 66 66 66 66 66 66 66 66 66 66 66 66 66 66 63.87903594970703125 53.257007598876953125 42.634975433349609375 32.01294708251953125 21.390918731689453125 12.882053375244140625 12.842993736267089844 12.803933143615722656 12.764872550964355469 12.725812911987304688 12.702351570129394531 12.741411209106445313 12.7804718017578125 12.819531440734863281 12.858592033386230469 12.375094413757324219 9.797122955322265625 7.2191529273986816406 4.6411824226379394531 2.0632116794586181641 0 0 0
65.7822723388671875 65.90320587158203125 66 66 66 66 66 66 66 66 66 66 66 66 66 66 66 66 66 66 66 66 64.40618133544921875 56.424152374267578125 48.442119598388671875 40.46009063720703125 32.478061676025390625 26.074066162109375 25.995006561279296875 25.91594696044921875 25.836885452270507813 25.757825851440429688 25.710338592529296875 25.789398193359375 25.868457794189453125 25.947519302368164063 26.026578903198242188 25.047948837280273438 19.82997894287109375 14.612008094787597656 9.3940372467041015625 4.1760668754577636719 0 0 0
65.854278564453125 65.93521881103515625 66 66 66 66 66 66 66 66 66 66 66 66 66 66 66 66 66 66 66 66 64.93332672119140625 59.591297149658203125 54.249267578125 48.907238006591796875 43.56520843505859375 39.266078948974609375 39.1470184326171875 39.027957916259765625 38.90889739990234375 38.789836883544921875 38.718326568603515625 38.8373870849609375 38.956447601318359375 39.075504302978515625 39.1945648193359375 37.720806121826171875 29.862834930419921875 22.004863739013671875 14.146892547607421875 6.2889223098754882813 0 0 0
65.92629241943359375 65.96723175048828125 66 66 66 66 66 66 66 66 66 66 66 66 66 66 66 66 66 66 66 66 65.46047210693359375 62.758441925048828125 60.0564117431640625 57.354381561279296875 54.65235137939453125 52.45809173583984375 52.299030303955078125 52.139972686767578125 51.9809112548828125 51.821849822998046875 51.72631072998046875 51.885372161865234375 52.04443359375 52.2034912109375 52.362552642822265625 50.3936614990234375 39.89569091796875 29.397718429565429688 18.899747848510742188 8.4017782211303710938 0 0 0
65.9983062744140625 65.99924468994140625 66 66 66 66 66 66 66 66 66 66 66 66 66 66 66 66 66 66 66 66 65.98761749267578125 65.9255828857421875 65.863555908203125 65.8015289306640625 65.73949432373046875 65.65010833740234375 65.45104217529296875 65.251983642578125 65.05292510986328125 64.8538665771484375 64.7342987060546875 64.93335723876953125 65.13242340087890625 65.33148193359375 65.53054046630859375 63.066516876220703125 49.9285430908203125 36.7905731201171875 23.6526031494140625 10.5146331787109375 0 0 0
66 66 66 66 66 66 66 66 66 66 66 66 66 66 66 66 66 66 66 66 66 66 65.9922027587890625 65.9531402587890625 65.9140777587890625 65.87502288818359375 65.83596038818359375 65.77256011962890625 65.61162567138671875 65.45068359375 65.28974151611328125 65.12880706787109375 65.0399322509765625 65.23993682861328125 65.43993377685546875 65.6399383544921875 65.839935302734375 63.87903594970703125 53.257007598876953125 42.634975433349609375 32.01294708251953125 21.390918731689453125 12.375094413757324219 9.797122955322265625 7.2191529273986816406
66 66 66 66 66 66 66 66 66 66 66 66 66 66 66 66 66 66 66 66 66 66 65.98421478271484375 65.9051513671875 65.8260955810546875 65.74703216552734375 65.66797637939453125 65.5805511474609375 65.4596099853515625 65.3386688232421875 65.2177276611328125 65.09679412841796875 65.0399322509765625 65.23993682861328125 65.43993377685546875 65.6399383544921875 65.839935302734375 64.40618133544921875 56.424152374267578125 48.442119598388671875 40.46009063720703125 32.478061676025390625 25.047948837280273438 19.82997894287109375 14.612008094787597656
