INPUT/RASTER/ASCII_no_standard/phh2o_5-15cm_mean.asc
ncols        225
nrows        269
xllcorner    473009.983799999987
yllcorner    4429051.174800000153
cellsize     50.000000000000
NODATA_value  -9999
[rows 120 to 139 of 269, columns 45 to 89 of 225]
66.21434783935546875 66.09528350830078125 66 66 66 66 66 66.0399322509765625 66.23993682861328125 66.43993377685546875 66.6399383544921875 66.839935302734375 66.9838409423828125 66.90290069580078125 66.82196044921875 66.74102020263671875 66.6600799560546875 66.5876922607421875 66.54956817626953125 66.51145172119140625 66.47332763671875 66.435211181640625 66.3885345458984375 66.30759429931640625 66.226654052734375 66.145721435546875 66.06478118896484375 65.976226806640625 65.85717010498046875 65.73810577392578125 65.619049072265625 65.4999847412109375 65.40470123291015625 65.40470123291015625 65.40470123291015625 65.40470123291015625 65.40470123291015625 65.4360809326171875 65.59326171875 65.7504425048828125 65.907623291015625 66.0648040771484375 66.22292327880859375 66.38480377197265625 66.54668426513671875
66.2863616943359375 66.12729644775390625 66 66 66 66 66 66.0399322509765625 66.23993682861328125 66.43993377685546875 66.6399383544921875 66.839935302734375 66.99182891845703125 66.9508819580078125 66.909942626953125 66.8690032958984375 66.82806396484375 66.7717132568359375 66.653594970703125 66.5354766845703125 66.41735076904296875 66.29923248291015625 66.19652557373046875 66.15558624267578125 66.11464691162109375 66.07370758056640625 66.03276824951171875 65.96823883056640625 65.80918121337890625 65.650115966796875 65.491058349609375 65.332000732421875 65.2046966552734375 65.2046966552734375 65.2046966552734375 65.2046966552734375 65.2046966552734375 65.26004791259765625 65.53722381591796875 65.8144073486328125 66.091583251953125 66.36876678466796875 66.6069488525390625 66.6888275146484375 66.77071380615234375
66.35837554931640625 66.15930938720703125 66 66 66 66 66 66.0399322509765625 66.23993682861328125 66.43993377685546875 66.6399383544921875 66.839935302734375 66.99980926513671875 66.998870849609375 66.99793243408203125 66.9969940185546875 66.99605560302734375 66.95574188232421875 66.75762176513671875 66.55950164794921875 66.36138153076171875 66.16326141357421875 66.00450897216796875 66.003570556640625 66.00263214111328125 66.0016937255859375 66.00075531005859375 65.9602508544921875 65.76119232177734375 65.5621337890625 65.36307525634765625 65.16400909423828125 65.00469970703125 65.00469970703125 65.00469970703125 65.00469970703125 65.00469970703125 65.08400726318359375 65.4811859130859375 65.87836456298828125 66.27555084228515625 66.6727294921875 66.99097442626953125 66.99285888671875 66.9947357177734375
66.23508453369140625 65.99602508544921875 65.8047027587890625 65.8047027587890625 65.8047027587890625 65.8047027587890625 65.8047027587890625 65.8368377685546875 65.997772216796875 66.15871429443359375 66.3196563720703125 66.4805908203125 66.60939788818359375 66.60939788818359375 66.60939788818359375 66.60939788818359375 66.60939788818359375 66.58506011962890625 66.4631805419921875 66.34130096435546875 66.21942138671875 66.09754180908203125 66 66 66 66 66 65.967864990234375 65.80692291259765625 65.6459808349609375 65.48504638671875 65.32410430908203125 65.20310211181640625 65.242156982421875 65.281219482421875 65.320281982421875 65.359344482421875 65.44707489013671875 65.72989654541015625 66.0127105712890625 66.2955322265625 66.5783538818359375 66.8125 66.8515625 66.89061737060546875
66.1071014404296875 65.82804107666015625 65.60469818115234375 65.60469818115234375 65.60469818115234375 65.60469818115234375 65.60469818115234375 65.62884521484375 65.749786376953125 65.8707275390625 65.991668701171875 66.11260986328125 66.2093963623046875 66.2093963623046875 66.2093963623046875 66.2093963623046875 66.2093963623046875 66.2010345458984375 66.15915679931640625 66.117279052734375 66.0753936767578125 66.03351593017578125 66 66 66 66 66 65.97585296630859375 65.85491180419921875 65.73397064208984375 65.61302947998046875 65.49208831787109375 65.4110870361328125 65.49015045166015625 65.56920623779296875 65.6482696533203125 65.727325439453125 65.82311248779296875 65.985931396484375 66.14875030517578125 66.3115692138671875 66.47438812255859375 66.6204833984375 66.69954681396484375 66.77860260009765625
65.9791107177734375 65.6600494384765625 65.40470123291015625 65.40470123291015625 65.40470123291015625 65.40470123291015625 65.40470123291015625 65.42086029052734375 65.501800537109375 65.58274078369140625 65.6636810302734375 65.74462127685546875 65.80939483642578125 65.80939483642578125 65.80939483642578125 65.80939483642578125 65.80939483642578125 65.81700897216796875 65.855133056640625 65.89324951171875 65.93137359619140625 65.96949005126953125 66 66 66 66 66 65.9838409423828125 65.90290069580078125 65.82196044921875 65.74102020263671875 65.6600799560546875 65.61907196044921875 65.73813629150390625 65.8571929931640625 65.97625732421875 66.09531402587890625 66.19915008544921875 66.241973876953125 66.2847900390625 66.32761383056640625 66.37042999267578125 66.42847442626953125 66.5475311279296875 66.666595458984375
65.85112762451171875 65.4920654296875 65.2046966552734375 65.2046966552734375 65.2046966552734375 65.2046966552734375 65.2046966552734375 65.2128753662109375 65.253814697265625 65.2947540283203125 65.335693359375 65.3766326904296875 65.40940093994140625 65.40940093994140625 65.40940093994140625 65.40940093994140625 65.40940093994140625 65.4329833984375 65.5511016845703125 65.66922760009765625 65.78734588623046875 65.90546417236328125 66 66 66 66 66 65.99182891845703125 65.9508819580078125 65.909942626953125 65.8690032958984375 65.82806396484375 65.82706451416015625 65.98612213134765625 66.14517974853515625 66.3042449951171875 66.4633026123046875 66.57518768310546875 66.49800872802734375 66.42082977294921875 66.34365081787109375 66.26647186279296875 66.23645782470703125 66.3955230712890625 66.5545806884765625
65.72313690185546875 65.32407379150390625 65.00469970703125 65.00469970703125 65.00469970703125 65.00469970703125 65.00469970703125 65.00489044189453125 65.005828857421875 65.00676727294921875 65.0077056884765625 65.00864410400390625 65.0093994140625 65.0093994140625 65.0093994140625 65.0093994140625 65.0093994140625 65.04895782470703125 65.24707794189453125 65.44519805908203125 65.64331817626953125 65.84143829345703125 66 66 66 66 66 65.99980926513671875 65.998870849609375 65.99793243408203125 65.9969940185546875 65.99605560302734375 66.0350494384765625 66.23410797119140625 66.43316650390625 66.63222503662109375 66.83129119873046875 66.95123291015625 66.75405120849609375 66.5568695068359375 66.35968780517578125 66.162506103515625 66.0444488525390625 66.24350738525390625 66.44256591796875
65.649810791015625 65.28887176513671875 65.01560211181640625 65.093719482421875 65.17183685302734375 65.24996185302734375 65.3280792236328125 65.375 65.29688262939453125 65.2187652587890625 65.1406402587890625 65.06252288818359375 65 65 65 65 65 65.04773712158203125 65.28679656982421875 65.52585601806640625 65.76491546630859375 66.00397491455078125 66.1952972412109375 66.1952972412109375 66.1952972412109375 66.1952972412109375 66.1952972412109375 66.1952972412109375 66.1952972412109375 66.1952972412109375 66.1952972412109375 66.1952972412109375 66.219635009765625 66.34151458740234375 66.4633941650390625 66.58527374267578125 66.7071533203125 66.77256011962890625 66.61162567138671875 66.45068359375 66.28974151611328125 66.12880706787109375 66.0399322509765625 66.23993682861328125 66.43993377685546875
65.57779693603515625 65.25685882568359375 65.0315704345703125 65.18968963623046875 65.34781646728515625 65.5059356689453125 65.66405487060546875 65.75902557373046875 65.6009063720703125 65.44278717041015625 65.28466796875 65.12654876708984375 65 65 65 65 65 65.05572509765625 65.33478546142578125 65.61383819580078125 65.8928985595703125 66.17195892333984375 66.39530181884765625 66.39530181884765625 66.39530181884765625 66.39530181884765625 66.39530181884765625 66.39530181884765625 66.39530181884765625 66.39530181884765625 66.39530181884765625 66.39530181884765625 66.40366363525390625 66.4455413818359375 66.48741912841796875 66.52930450439453125 66.5711822509765625 66.5805511474609375 66.4596099853515625 66.3386688232421875 66.2177276611328125 66.09679412841796875 66.0399322509765625 66.23993682861328125 66.43993377685546875
65.5057830810546875 65.22484588623046875 65.04754638671875 65.28566741943359375 65.5237884521484375 65.76190948486328125 66.000030517578125 66.1430511474609375 65.904937744140625 65.66681671142578125 65.4286956787109375 65.19057464599609375 65 65 65 65 65 65.0637054443359375 65.3827667236328125 65.7018280029296875 66.0208892822265625 66.3399505615234375 66.59529876708984375 66.59529876708984375 66.59529876708984375 66.59529876708984375 66.59529876708984375 66.59529876708984375 66.59529876708984375 66.59529876708984375 66.59529876708984375 66.59529876708984375 66.5876922607421875 66.54956817626953125 66.51145172119140625 66.47332763671875 66.435211181640625 66.3885345458984375 66.30759429931640625 66.226654052734375 66.145721435546875 66.06478118896484375 66.0399322509765625 66.23993682861328125 66.43993377685546875
65.43376922607421875 65.19283294677734375 65.0635223388671875 65.3816375732421875 65.69976043701171875 66.01788330078125 66.33599853515625 66.5270843505859375 66.20896148681640625 65.890838623046875 65.572723388671875 65.25460052490234375 65 65 65 65 65 65.07169342041015625 65.430755615234375 65.78981781005859375 66.14887237548828125 66.5079345703125 66.7953033447265625 66.7953033447265625 66.7953033447265625 66.7953033447265625 66.7953033447265625 66.7953033447265625 66.7953033447265625 66.7953033447265625 66.7953033447265625 66.7953033447265625 66.7717132568359375 66.653594970703125 66.5354766845703125 66.41735076904296875 66.29923248291015625 66.19652557373046875 66.15558624267578125 66.11464691162109375 66.07370758056640625 66.03276824951171875 66.0399322509765625 66.23993682861328125 66.43993377685546875
65.36175537109375 65.16082000732421875 65.079498291015625 65.4776153564453125 65.875732421875 66.27385711669921875 66.67197418212890625 66.91110992431640625 66.5129852294921875 66.1148681640625 65.71674346923828125 65.31862640380859375 65 65 65 65 65 65.079681396484375 65.4787445068359375 65.87779998779296875 66.27686309814453125 66.67592620849609375 66.99530029296875 66.99530029296875 66.99530029296875 66.99530029296875 66.99530029296875 66.99530029296875 66.99530029296875 66.99530029296875 66.99530029296875 66.99530029296875 66.95574188232421875 66.75762176513671875 66.55950164794921875 66.36138153076171875 66.16326141357421875 66.00450897216796875 66.003570556640625 66.00263214111328125 66.0016937255859375 66.00075531005859375 66.0399322509765625 66.23993682861328125 66.43993377685546875
65.6256866455078125 65.386627197265625 65.26737213134765625 65.6283111572265625 65.98925018310546875 66.350189208984375 66.71112823486328125 66.93572998046875 66.6138458251953125 66.29196929931640625 65.9700927734375 65.6482086181640625 65.39060211181640625 65.39060211181640625 65.39060211181640625 65.39060211181640625 65.39060211181640625 65.45487213134765625 65.77675628662109375 66.0986328125 66.42050933837890625 66.74239349365234375 66.9922027587890625 66.9531402587890625 66.9140777587890625 66.87502288818359375 66.83596038818359375 66.8125 66.8515625 66.89061737060546875 66.92967987060546875 66.96874237060546875 66.967864990234375 66.80692291259765625 66.6459808349609375 66.48504638671875 66.32410430908203125 66.1797027587890625 66.10158538818359375 66.02346038818359375 65.945343017578125 65.867218017578125 65.8368377685546875 65.997772216796875 66.15871429443359375
65.89769744873046875 65.6186370849609375 65.459381103515625 65.78032684326171875 66.10126495361328125 66.42220306396484375 66.74314117431640625 66.9517059326171875 66.7098236083984375 66.4679412841796875 66.22606658935546875 65.98418426513671875 65.7906036376953125 65.7906036376953125 65.7906036376953125 65.7906036376953125 65.7906036376953125 65.838897705078125 66.080780029296875 66.32265472412109375 66.56453704833984375 66.80641937255859375 66.98421478271484375 66.9051513671875 66.8260955810546875 66.74703216552734375 66.66797637939453125 66.6204833984375 66.69954681396484375 66.77860260009765625 66.857666015625 66.93672943115234375 66.97585296630859375 66.85491180419921875 66.73397064208984375 66.61302947998046875 66.49208831787109375 66.36373138427734375 66.20560455322265625 66.0474853515625 65.88936614990234375 65.7312469482421875 65.62884521484375 65.749786376953125 65.8707275390625
66.16971588134765625 65.85065460205078125 65.651397705078125 65.93233489990234375 66.21327972412109375 66.4942169189453125 66.77515411376953125 66.96767425537109375 66.80579376220703125 66.6439208984375 66.4820404052734375 66.320159912109375 66.19060516357421875 66.19060516357421875 66.19060516357421875 66.19060516357421875 66.19060516357421875 66.22292327880859375 66.38480377197265625 66.54668426513671875 66.70856475830078125 66.87044525146484375 66.976226806640625 66.85717010498046875 66.73810577392578125 66.619049072265625 66.4999847412109375 66.42847442626953125 66.5475311279296875 66.666595458984375 66.78565216064453125 66.90471649169921875 66.9838409423828125 66.90290069580078125 66.82196044921875 66.74102020263671875 66.6600799560546875 66.54775238037109375 66.30963134765625 66.07151031494140625 65.8333892822265625 65.59527587890625 65.42086029052734375 65.501800537109375 65.58274078369140625
66.4417266845703125 66.08266448974609375 65.843414306640625 66.0843505859375 66.325286865234375 66.56623077392578125 66.80716705322265625 66.98365020751953125 66.90177154541015625 66.81989288330078125 66.73801422119140625 66.65613555908203125 66.59059906005859375 66.59059906005859375 66.59059906005859375 66.59059906005859375 66.59059906005859375 66.6069488525390625 66.6888275146484375 66.77071380615234375 66.85259246826171875 66.93447113037109375 66.96823883056640625 66.80918121337890625 66.650115966796875 66.491058349609375 66.332000732421875 66.23645782470703125 66.3955230712890625 66.5545806884765625 66.7136383056640625 66.87270355224609375 66.99182891845703125 66.9508819580078125 66.909942626953125 66.8690032958984375 66.82806396484375 66.731781005859375 66.41365814208984375 66.09554290771484375 65.7774200439453125 65.45929718017578125 65.2128753662109375 65.253814697265625 65.2947540283203125
66.71373748779296875 66.3146820068359375 66.03542327880859375 66.23636627197265625 66.4373016357421875 66.63824462890625 66.83917999267578125 66.99962615966796875 66.99774169921875 66.9958648681640625 66.993988037109375 66.99210357666015625 66.9906005859375 66.9906005859375 66.9906005859375 66.9906005859375 66.9906005859375 66.99097442626953125 66.99285888671875 66.9947357177734375 66.996612548828125 66.99849700927734375 66.9602508544921875 66.76119232177734375 66.5621337890625 66.36307525634765625 66.16400909423828125 66.0444488525390625 66.24350738525390625 66.44256591796875 66.64162445068359375 66.84069061279296875 66.99980926513671875 66.998870849609375 66.99793243408203125 66.9969940185546875 66.99605560302734375 66.915802001953125 66.5176849365234375 66.11956787109375 65.72144317626953125 65.32332611083984375 65.00489044189453125 65.005828857421875 65.00676727294921875
66.7044677734375 66.4216461181640625 66.22743988037109375 66.38837432861328125 66.54931640625 66.71025848388671875 66.87119293212890625 67 67 67 67 67 66.9922027587890625 66.9531402587890625 66.9140777587890625 66.87502288818359375 66.83596038818359375 66.8125 66.8515625 66.89061737060546875 66.92967987060546875 66.96874237060546875 66.9600677490234375 66.76006317138671875 66.56006622314453125 66.3600616455078125 66.160064697265625 66.032135009765625 66.19307708740234375 66.3540191650390625 66.51495361328125 66.67589569091796875 66.8125 66.8515625 66.89061737060546875 66.92967987060546875 66.96874237060546875 66.9279327392578125 66.566986083984375 66.20604705810546875 65.8451080322265625 65.48416900634765625 65.1875 65.1484375 65.10938262939453125
66.6884307861328125 66.52561187744140625 66.4194488525390625 66.5403900146484375 66.6613311767578125 66.7822723388671875 66.90320587158203125 67 67 67 67 67 66.98421478271484375 66.9051513671875 66.8260955810546875 66.74703216552734375 66.66797637939453125 66.6204833984375 66.69954681396484375 66.77860260009765625 66.857666015625 66.93672943115234375 66.9600677490234375 66.76006317138671875 66.56006622314453125 66.3600616455078125 66.160064697265625 66.02414703369140625 66.14508819580078125 66.26602935791015625 66.38697052001953125 66.50791168212890625 66.6204833984375 66.69954681396484375 66.77860260009765625 66.857666015625 66.93672943115234375 66.9359130859375 66.6149749755859375 66.294036865234375 65.9730987548828125 65.65215301513671875 65.3795166015625 65.30045318603515625 65.22139739990234375
