INPUT/RASTER/ASCII_no_standard/reticolo_50m_mascked.asc
ncols        225
nrows        269
xllcorner    473009.983799999987
yllcorner    4429051.174800000153
cellsize     50.000000000000
NODATA_value  -9999
[rows 95 to 113 of 269, columns 43 to 85 of 225]
99.1800079345703125 68.680816650390625 67.80438232421875 97.35406494140625 139.13372802734375 185.03668212890625 232.6348114013671875 281.068206787109375 253.29498291015625 217.9629058837890625 189.360260009765625 167.9752349853515625 148.0337677001953125 135.0357513427734375 123.04727935791015625 108.85064697265625 87.5781097412109375 64.120880126953125 40.34850311279296875 13.277386665344238281 49.689727783203125 98.33248138427734375 140.7290191650390625 186.92254638671875 229.9266204833984375 268.022552490234375 307.79180908203125 345.83538818359375 337.516448974609375 292.98931884765625 250.53564453125 211.408355712890625 165.9019317626953125 117.6113433837890625 71.64251708984375 31.74001312255859375 8.707347869873046875 36.8788299560546875 81.52680206298828125 129.468353271484375 178.4702606201171875 227.617401123046875 274.96075439453125
77.38091278076171875 29.46498870849609375 27.359926223754882813 75.02629852294921875 124.53644561767578125 174.3264312744140625 224.2099151611328125 274.1358642578125 288.5076904296875 258.042938232421875 234.3835296630859375 212.7722015380859375 195.78106689453125 183.7658538818359375 172.164642333984375 154.921966552734375 132.4237823486328125 108.5014801025390625 63.812541961669921875 26.499975204467773438 28.941814422607421875 76.0794525146484375 119.95012664794921875 160.2990875244140625 197.660186767578125 237.649444580078125 275.26800537109375 313.922088623046875 319.075469970703125 272.11590576171875 225.770782470703125 181.3775787353515625 140.7949066162109375 108.004638671875 62.034595489501953125 13.508192062377929688 33.36927032470703125 58.047595977783203125 100.74471282958984375 147.6102294921875 192.9720458984375 239.6313629150390625 287.317291259765625
61.74356842041015625 18.1573486328125 31.795520782470703125 81.39493560791015625 129.0753936767578125 177.5973968505859375 226.7624664306640625 276.227447509765625 325.85577392578125 301.105438232421875 279.66241455078125 259.4110107421875 244.4308929443359375 233.0345916748046875 220.6418914794921875 199.095977783203125 175.1428375244140625 129.36468505859375 82.83550262451171875 33.436275482177734375 9.9344758987426757813 50.73825836181640625 91.139404296875 127.683197021484375 167.9842529296875 204.66058349609375 244.232757568359375 285.913543701171875 306.855133056640625 257.700714111328125 208.94793701171875 160.9621734619140625 114.1382293701171875 70.376953125 42.111907958984375 19.927640914916992188 27.855905532836914063 75.81568145751953125 125.04278564453125 168.4479522705078125 212.5252685546875 258.469085693359375 304.679840087890625
25.480386734008789063 6.9791431427001953125 43.74465179443359375 88.96392059326171875 136.6010894775390625 185.4862213134765625 234.8412628173828125 284.3712158203125 333.979461669921875 346.03875732421875 324.449371337890625 306.12139892578125 293.028778076171875 280.823883056640625 266.493499755859375 239.454376220703125 191.1307830810546875 143.832916259765625 98.72936248779296875 60.32312774658203125 20.097820281982421875 21.770235061645507813 58.407878875732421875 99.0371551513671875 134.121246337890625 174.65576171875 216.73944091796875 257.193695068359375 297.929168701171875 249.0804290771484375 200.3558807373046875 150.647796630859375 101.2276611328125 52.525356292724609375 2.9143033027648925781 4.2583994865417480469 49.62674713134765625 91.97772979736328125 138.804473876953125 185.8373565673828125 233.6978607177734375 279.964111328125 324.321563720703125
5.5657849311828613281 43.833770751953125 76.846221923828125 113.3353729248046875 155.156280517578125 200.304901123046875 246.9640655517578125 294.510650634765625 338.833984375 380.883636474609375 370.5721435546875 353.7322998046875 341.176055908203125 329.1839599609375 301.87640380859375 255.32464599609375 210.357452392578125 168.255279541015625 130.850799560546875 86.71651458740234375 46.5689849853515625 12.366557121276855469 28.332128524780273438 63.961395263671875 106.1346282958984375 146.6494598388671875 188.5853729248046875 233.31390380859375 279.273834228515625 241.735870361328125 191.96356201171875 142.27508544921875 92.563140869140625 42.979236602783203125 11.246988296508789063 42.640380859375 69.7287750244140625 113.25603485107421875 158.9792633056640625 203.77117919921875 249.6587066650390625 296.77301025390625 343.9405517578125
16.028560638427734375 34.008747100830078125 72.3862457275390625 105.75305938720703125 144.3554534912109375 185.6695098876953125 228.0176544189453125 269.4840087890625 312.452545166015625 356.2510986328125 391.077911376953125 401.923828125 389.79010009765625 367.006072998046875 322.107177734375 278.949127197265625 238.478912353515625 198.4709625244140625 155.537750244140625 117.2105865478515625 81.22061920166015625 42.391754150390625 5.6352300643920898438 36.7234344482421875 76.95398712158203125 121.607757568359375 167.5226898193359375 214.0829925537109375 260.253662109375 241.9268646240234375 192.218841552734375 142.7149810791015625 93.62555694580078125 44.8823394775390625 4.2575516700744628906 52.765583038330078125 102.71459197998046875 140.1817169189453125 180.6692962646484375 224.970489501953125 270.344207763671875 315.571685791015625 361.09869384765625
32.512542724609375 3.9774188995361328125 35.10361480712890625 74.805389404296875 116.352996826171875 158.65338134765625 200.8299560546875 244.95709228515625 285.72119140625 320.4117431640625 358.734954833984375 399.64715576171875 433.884552001953125 390.276031494140625 348.38909912109375 308.8333740234375 266.808685302734375 225.328521728515625 187.9041595458984375 150.446136474609375 113.09912872314453125 72.86034393310546875 29.664590835571289063 11.896140098571777344 55.98055267333984375 103.959716796875 148.4538421630859375 194.2823333740234375 238.297821044921875 246.844940185546875 196.846649169921875 146.849517822265625 96.85536956787109375 46.873691558837890625 3.6500422954559326172 53.1930694580078125 103.02170562744140625 152.9537506103515625 202.875732421875 247.0284271240234375 286.08892822265625 326.150543212890625 367.6650390625
69.1644744873046875 35.61341094970703125 9.164630889892578125 51.01833343505859375 89.3535003662109375 133.3557281494140625 177.8578338623046875 215.309906005859375 249.7707672119140625 288.812255859375 329.766571044921875 370.56854248046875 413.11395263671875 418.25506591796875 378.229888916015625 335.81500244140625 295.556915283203125 258.607086181640625 220.6157073974609375 183.8090362548828125 139.8466339111328125 97.85735321044921875 53.58786773681640625 10.5659332275390625 36.675823211669921875 83.97735595703125 126.858734130859375 170.8080902099609375 217.32781982421875 246.9222412109375 196.9222564697265625 146.922271728515625 96.92230987548828125 46.922420501708984375 3.0811519622802734375 53.07799530029296875 98.06402587890625 138.40380859375 177.3408966064453125 215.9190521240234375 256.7576904296875 298.575469970703125 341.388336181640625
105.66867828369140625 64.41150665283203125 23.093717575073242188 22.925863265991210938 66.8281402587890625 107.61460113525390625 145.1898956298828125 179.184783935546875 219.395233154296875 259.99005126953125 301.557464599609375 345.367889404296875 390.667449951171875 436.940673828125 405.404327392578125 365.971099853515625 329.3133544921875 290.9697265625 251.398590087890625 209.2608642578125 164.8317718505859375 119.8841552734375 71.1777191162109375 22.401947021484375 17.981433868408203125 59.236606597900390625 107.462890625 156.70721435546875 206.31536865234375 249.8016815185546875 200.1316070556640625 150.679931640625 101.720062255859375 53.95786285400390625 16.733980178833007813 28.558803558349609375 67.69317626953125 107.2492523193359375 146.0102386474609375 187.3878326416015625 229.95947265625 273.537078857421875 318.68084716796875
134.471527099609375 90.7285308837890625 47.389575958251953125 4.7081308364868164063 38.219818115234375 76.169921875 108.76091766357421875 149.8199462890625 190.291015625 233.5653076171875 279.096466064453125 325.66876220703125 373.02239990234375 420.98846435546875 436.48114013671875 400.021148681640625 361.443389892578125 320.077667236328125 276.434600830078125 228.380950927734375 180.4210052490234375 133.6683197021484375 88.8191680908203125 47.111774444580078125 2.6765444278717041016 52.620754241943359375 101.34978485107421875 150.43756103515625 199.6968994140625 248.281951904296875 211.89300537109375 165.7200164794921875 121.74439239501953125 83.25489044189453125 44.88492584228515625 3.0194795131683349609 36.54796600341796875 76.61163330078125 118.67278289794921875 161.73406982421875 206.9834747314453125 253.63031005859375 301.346923828125
158.19464111328125 113.68994140625 72.09728240966796875 36.614288330078125 22.8824920654296875 39.378780364990234375 79.80670166015625 121.7642059326171875 167.6828155517578125 214.9490814208984375 263.227447509765625 312.048492431640625 361.18206787109375 410.36004638671875 459.71539306640625 431.385986328125 386.328155517578125 338.52862548828125 291.4053955078125 245.3628692626953125 200.407379150390625 153.711456298828125 104.8183746337890625 57.407146453857421875 7.7884764671325683594 42.7286834716796875 92.339324951171875 141.911468505859375 191.605438232421875 241.4258270263671875 233.1595306396484375 191.504180908203125 152.0869140625 114.63720703125 73.72834014892578125 34.0809783935546875 7.1290822029113769531 49.9327850341796875 95.53443145751953125 143.29986572265625 191.8552398681640625 241.002105712890625 290.440338134765625
182.4359893798828125 141.8940277099609375 105.92665863037109375 72.42485809326171875 33.853168487548828125 10.014674186706542969 57.10077667236328125 106.23706817626953125 155.6573028564453125 205.3583984375 254.8648529052734375 304.471466064453125 354.188720703125 403.97576904296875 453.809661865234375 449.407379150390625 402.842987060546875 357.03948974609375 308.79156494140625 258.7916259765625 208.791717529296875 158.7918853759765625 108.79219818115234375 58.793041229248046875 8.8035058975219726563 41.21142578125 91.20998382568359375 141.209564208984375 190.806427001953125 238.2042388916015625 261.77471923828125 222.1024017333984375 183.2169189453125 144.4389801025390625 99.6833038330078125 57.284759521484375 13.927390098571777344 36.79880523681640625 86.68524932861328125 136.65472412109375 186.6405487060546875 236.632354736328125 286.62701416015625
212.2697906494140625 176.3527984619140625 141.305023193359375 98.69835662841796875 49.881317138671875 15.327284812927246094 52.524517059326171875 101.35533905029296875 150.953582763671875 200.751251220703125 250.475494384765625 300.243560791015625 349.817962646484375 399.443206787109375 448.951995849609375 458.330474853515625 408.400665283203125 358.49041748046875 308.609222412109375 258.741546630859375 208.7974395751953125 158.8884735107421875 109.062957763671875 59.530735015869140625 11.07401275634765625 32.793087005615234375 80.1963348388671875 127.9235382080078125 176.3437042236328125 225.3856353759765625 271.104034423828125 228.73297119140625 180.18658447265625 132.66644287109375 86.62021636962890625 38.139232635498046875 11.957472801208496094 48.82491302490234375 93.7563934326171875 141.4031219482421875 190.2614593505859375 239.5913238525390625 289.136810302734375
246.941619873046875 202.2555999755859375 152.5487060546875 103.12560272216796875 53.3524932861328125 5.3636140823364257813 47.021785736083984375 96.372039794921875 145.2609710693359375 194.0016326904296875 242.9976348876953125 291.578521728515625 340.395599365234375 389.387786865234375 438.48291015625 462.54632568359375 413.03546142578125 363.658447265625 314.478363037109375 265.604644775390625 216.9528656005859375 169.066925048828125 122.8767852783203125 78.240936279296875 30.1316070556640625 21.089750289916992188 68.0298309326171875 116.559814453125 159.30181884765625 205.348358154296875 250.496917724609375 207.433563232421875 162.2423248291015625 119.23041534423828125 71.67562103271484375 22.910139083862304688 23.942453384399414063 71.02971649169921875 118.8488616943359375 160.099853515625 205.0559539794921875 251.768218994140625 299.31890869140625
257.998931884765625 208.3111114501953125 158.81939697265625 109.7892608642578125 60.953769683837890625 15.850621223449707031 37.0399932861328125 85.60723114013671875 134.470367431640625 183.945526123046875 232.34796142578125 281.3026123046875 330.5703125 379.22216796875 428.130157470703125 471.698394775390625 423.10101318359375 374.8726806640625 327.176727294921875 280.2850341796875 234.6258544921875 186.92535400390625 138.2908782958984375 91.14630889892578125 41.312175750732421875 7.3044915199279785156 47.5051727294921875 94.6776123046875 142.5914459228515625 185.539215087890625 228.73748779296875 183.38885498046875 138.7201995849609375 96.65505218505859375 50.497180938720703125 7.8656477928161621094 36.088985443115234375 83.34923553466796875 132.5173492431640625 181.2374420166015625 228.73345947265625 271.808868408203125 316.69549560546875
267.07672119140625 218.4625701904296875 169.3991546630859375 120.58901214599609375 72.76943206787109375 23.628459930419921875 26.53081512451171875 76.48178863525390625 124.519378662109375 173.17926025390625 222.4343414306640625 271.676666259765625 320.58258056640625 369.78125 419.169586181640625 468.68768310546875 438.20166015625 391.836395263671875 344.413543701171875 296.13818359375 247.1703948974609375 198.7173614501953125 150.4582977294921875 100.47177886962890625 50.511966705322265625 1.8365653753280639648 33.554805755615234375 73.73583221435546875 120.18624114990234375 168.3758087158203125 209.0684967041015625 162.4601898193359375 117.19055938720703125 71.60280609130859375 27.164072036743164063 15.255514144897460938 55.0856475830078125 100.71498870849609375 147.043365478515625 193.6674652099609375 241.1467742919921875 289.476165771484375 338.291473388671875
277.724761962890625 228.6407928466796875 180.0616455078125 131.151458740234375 81.77216339111328125 34.24422454833984375 18.5564422607421875 65.64542388916015625 115.2141571044921875 165.04327392578125 214.9517669677734375 264.894775390625 313.67767333984375 362.6837158203125 411.9287109375 461.336151123046875 453.2987060546875 403.90447998046875 354.39483642578125 305.04522705078125 255.94818115234375 207.28326416015625 159.4466400146484375 113.490570068359375 72.129913330078125 37.450550079345703125 16.736894607543945313 64.480255126953125 114.1721649169921875 164.0514068603515625 197.9658050537109375 148.4103851318359375 99.10007476806640625 50.956905364990234375 9.5697946548461914063 38.5216827392578125 83.38777923583984375 125.1408843994140625 166.64129638671875 211.8452301025390625 258.38720703125 305.0689697265625 351.726837158203125
287.8685302734375 238.49627685546875 189.328948974609375 140.749542236328125 93.67717742919921875 46.71147918701171875 18.103649139404296875 58.93659210205078125 107.79286956787109375 157.3692474365234375 207.1493682861328125 257.014862060546875 306.92413330078125 356.858795166015625 406.80950927734375 456.771026611328125 462.025421142578125 413.42999267578125 365.213958740234375 317.550201416015625 270.730499267578125 225.2817840576171875 181.8928070068359375 135.8647308349609375 86.17194366455078125 37.309291839599609375 9.3048887252807617188 56.08160400390625 98.35358428955078125 140.56719970703125 172.9378204345703125 130.785980224609375 93.71004486083984375 49.688701629638671875 11.364879608154296875 30.27028656005859375 79.2366790771484375 128.851776123046875 178.510955810546875 228.318939208984375 278.195831298828125 323.439788818359375 369.7598876953125
278.102813720703125 228.75762939453125 179.7746734619140625 131.0999908447265625 83.566070556640625 38.89916229248046875 9.8588924407958984375 58.39263153076171875 107.78023529052734375 157.5364227294921875 207.2078704833984375 257.00677490234375 306.87109375 356.77337646484375 406.699676513671875 456.64208984375 475.660614013671875 428.613922119140625 382.317626953125 337.081085205078125 291.988555908203125 243.35919189453125 195.155609130859375 148.04693603515625 102.62725067138671875 55.6761627197265625 11.797373771667480469 28.778608322143554688 70.38933563232421875 112.78334808349609375 151.1484832763671875 105.24466705322265625 61.320072174072265625 23.733608245849609375 11.997747421264648438 36.657718658447265625 81.5855865478515625 129.919158935546875 179.1696624755859375 228.7455902099609375 278.47320556640625 328.2835693359375 378.144012451171875
