INPUT/RASTER/ASCII_no_standard/reticolo_50m_mascked.asc
ncols        225
nrows        269
xllcorner    473009.983799999987
yllcorner    4429051.174800000153
cellsize     50.000000000000
NODATA_value  -9999
[rows 76 to 94 of 269, columns 129 to 171 of 225]
1086.957275390625 1124.00146484375 1150.536865234375 1116.68115234375 1066.71044921875 1016.74273681640625 966.77825927734375 916.81768798828125 866.8616943359375 816.91107177734375 766.96685791015625 717.03045654296875 667.103515625 617.1884765625 567.288330078125 517.40753173828125 467.55218505859375 417.73138427734375 367.959228515625 318.258514404296875 268.668853759765625 219.2656707763671875 170.2113800048828125 121.92783355712890625 75.9004364013671875 40.686069488525390625 39.064517974853515625 48.846324920654296875 58.833782196044921875 70.66580963134765625 94.8295745849609375 124.03342437744140625 135.2476043701171875 89.133575439453125 47.70291900634765625 11.329196929931640625 33.96596527099609375 64.93475341796875 88.654449462890625 123.1911773681640625 163.994140625 207.3520050048828125 251.2875518798828125
1053.4454345703125 1091.62744140625 1104.17041015625 1086.0533447265625 1069.630615234375 1019.80596923828125 969.99932861328125 920.213623046875 870.4525146484375 820.720458984375 771.0230712890625 721.36749267578125 671.76300048828125 622.22186279296875 572.76043701171875 523.4013671875 474.1766357421875 425.13287353515625 376.340850830078125 327.9129638671875 280.038177490234375 233.057647705078125 187.6442108154296875 145.2750091552734375 109.541351318359375 88.84699249267578125 89.0638427734375 98.36460113525390625 108.2581634521484375 118.62087249755859375 135.892852783203125 161.002044677734375 114.31446075439453125 70.1619415283203125 26.409885406494140625 22.873241424560546875 60.6041412353515625 99.9395751953125 130.4249725341796875 158.9210662841796875 193.704620361328125 233.31585693359375 275.560638427734375
1021.2828369140625 1060.623291015625 1058.1348876953125 1039.215576171875 1022.39349365234375 1007.77374267578125 975.775146484375 926.2999267578125 876.88427734375 827.538818359375 778.2769775390625 729.11553955078125 680.07647705078125 631.1881103515625 582.48858642578125 534.0294189453125 485.882598876953125 438.151092529296875 390.987030029296875 344.62347412109375 299.4324951171875 256.035736083984375 215.5197906494140625 179.842315673828125 152.439300537109375 138.3192596435546875 139.06365966796875 146.685516357421875 157.3545684814453125 167.4059600830078125 181.253692626953125 151.6620330810546875 101.72046661376953125 51.8915557861328125 3.8377382755279541016 41.74912261962890625 84.8142547607421875 131.214996337890625 169.1361236572265625 198.960693359375 229.3109588623046875 264.323455810546875 303.075531005859375
990.600830078125 1031.112548828125 1012.4755859375 992.6864013671875 975.0618896484375 959.721435546875 946.77593994140625 935.0240478515625 886.0950927734375 837.29266357421875 788.6402587890625 740.16748046875 691.91217041015625 643.92303466796875 596.2645263671875 549.02264404296875 502.314971923828125 456.30560302734375 411.22900390625 367.4285888671875 325.42010498046875 285.994293212890625 250.3741455078125 220.4125518798828125 198.6861114501953125 188.07086181640625 188.946624755859375 195.059661865234375 206.6725311279296875 215.406097412109375 175.650634765625 136.6504669189453125 100.300323486328125 53.923435211181640625 4.4515929222106933594 46.172466278076171875 96.145599365234375 146.137115478515625 196.1329498291015625 239.1636810302734375 268.49072265625 299.851837158203125 334.981048583984375
961.5411376953125 989.2108154296875 967.24554443359375 946.51123046875 928.01019287109375 911.8785400390625 898.2437744140625 887.22113037109375 878.90887451171875 849.88079833984375 801.992431640625 754.37811279296875 707.09326171875 660.20855712890625 613.8157958984375 568.03546142578125 523.0284423828125 479.012786865234375 436.28857421875 395.27484130859375 356.56231689453125 320.98468017578125 289.69921875 264.2349853515625 246.4033355712890625 237.9266357421875 238.8111419677734375 244.0899505615234375 246.0977783203125 198.2738189697265625 151.43475341796875 106.5893096923828125 66.32164764404296875 29.9147491455078125 11.951808929443359375 54.957317352294921875 101.72249603271484375 150.2882080078125 199.5635833740234375 248.998748779296875 298.485626220703125 338.510223388671875 370.457489013671875
934.255126953125 943.5291748046875 922.50811767578125 900.7445068359375 881.28326416015625 864.27984619140625 849.8818359375 838.2235107421875 829.42034912109375 823.56396484375 818.18719482421875 771.57293701171875 725.40972900390625 679.78948974609375 634.82928466796875 590.67987060546875 547.53741455078125 505.659637451171875 465.38818359375 427.177520751953125 391.63134765625 359.540802001953125 331.90972900390625 309.933135986328125 294.87799072265625 287.832427978515625 288.722503662109375 286.49163818359375 236.74774169921875 187.06427001953125 137.5871429443359375 88.58367919921875 40.210422515869140625 4.9778065681457519531 40.871532440185546875 80.96331024169921875 122.76064300537109375 166.7606048583984375 212.6463623046875 259.810577392578125 307.799652099609375 356.34210205078125 405.239166259765625
908.90264892578125 898.3076171875 877.60064697265625 855.451904296875 834.935546875 816.96807861328125 801.72088623046875 789.3515625 779.99700927734375 773.76666259765625 770.7362060546875 770.94342041015625 746.63092041015625 702.39031982421875 658.97393798828125 616.55584716796875 575.35693359375 535.6585693359375 497.81982421875 462.297607421875 429.666778564453125 400.634521484375 376.035247802734375 356.787017822265625 343.78985595703125 337.76611328125 334.2696533203125 284.276397705078125 234.2860565185546875 184.300933837890625 134.3268890380859375 84.38360595703125 34.604522705078125 16.563604354858398438 64.54805755615234375 100.936187744140625 135.151519775390625 170.0279693603515625 210.6969757080078125 254.6475830078125 300.2506103515625 346.69525146484375 390.99237060546875
877.74676513671875 853.61920166015625 831.800537109375 810.7127685546875 789.03399658203125 769.99615478515625 753.7994384765625 740.63018798828125 730.65216064453125 723.99725341796875 720.75762939453125 720.97918701171875 724.65887451171875 727.72979736328125 685.919189453125 645.2747802734375 606.0313720703125 568.4791259765625 532.97564697265625 499.957489013671875 469.94891357421875 443.56109619140625 421.474700927734375 404.395111083984375 392.9757080078125 387.716888427734375 338.737548828125 289.123382568359375 239.63055419921875 190.4029541015625 141.717193603515625 92.69420623779296875 45.488407135009765625 4.8455576896667480469 32.2733001708984375 65.23274993896484375 99.79622650146484375 142.8686981201171875 188.8433074951171875 235.4735107421875 283.10626220703125 320.309051513671875 358.374755859375
834.95428466796875 809.5523681640625 786.51214599609375 766.046875 743.6611328125 723.43023681640625 706.166259765625 692.09124755859375 681.40283203125 674.26202392578125 670.78216552734375 671.020263671875 674.97235107421875 682.57391357421875 693.70501708984375 676.47467041015625 639.14984130859375 603.66131591796875 570.35205078125 539.625732421875 511.947662353515625 487.836944580078125 467.845458984375 452.519439697265625 442.3441162109375 396.447479248046875 347.606597900390625 298.84332275390625 250.567962646484375 203.1287384033203125 157.284027099609375 113.6895294189453125 75.43096923828125 43.53179931640625 14.133759498596191406 31.141683578491210938 77.43750762939453125 125.18352508544921875 173.7647705078125 213.152313232421875 249.6412353515625 288.36663818359375 330.136199951171875
793.005615234375 766.2142333984375 741.8292236328125 720.09515380859375 698.91998291015625 677.3541259765625 658.88397216796875 643.7760009765625 632.27130126953125 624.56903076171875 620.81072998046875 621.0679931640625 625.33587646484375 633.53326416015625 645.51055908203125 661.06231689453125 674.35223388671875 640.81622314453125 609.54071044921875 580.8909912109375 555.273681640625 533.1259765625 514.89593505859375 501.011260986328125 456.61737060546875 408.62744140625 361.18328857421875 314.531951904296875 269.08612060546875 224.9017181396484375 183.7187042236328125 146.137542724609375 112.90911865234375 78.385040283203125 33.39769744873046875 17.1574859619140625 66.0769195556640625 108.116546630859375 142.5203704833984375 179.0072479248046875 218.810821533203125 262.0345458984375 307.017242431640625
752.04193115234375 723.73577880859375 697.86810302734375 674.7193603515625 654.57818603515625 631.87481689453125 612.03375244140625 595.73883056640625 583.2874755859375 574.9293212890625 570.84429931640625 571.12408447265625 575.76226806640625 584.6551513671875 597.61285400390625 614.37823486328125 634.64959716796875 658.10302734375 650.21405029296875 623.436279296875 599.6392822265625 579.19061279296875 562.16925048828125 518.33343505859375 472.3583984375 426.14483642578125 380.873291015625 336.505950927734375 293.952423095703125 254.0601654052734375 216.8468017578125 183.308258056640625 140.05914306640625 91.1122589111328125 42.61391448974609375 2.1830835342407226563 37.947845458984375 72.0431060791015625 108.47325897216796875 150.3086090087890625 195.4230194091796875 242.4616241455078125 290.49114990234375
712.23333740234375 682.277587890625 654.7740478515625 630.04400634765625 608.42572021484375 587.1312255859375 565.7230224609375 548.05291748046875 534.4918212890625 525.35791015625 520.88427734375 521.19085693359375 526.26934814453125 535.9840087890625 550.08941650390625 568.25860595703125 590.11639404296875 615.26971435546875 643.3321533203125 667.01666259765625 634.27520751953125 587.31622314453125 540.902587890625 495.187744140625 450.38446044921875 406.794097900390625 364.851654052734375 325.195343017578125 288.768585205078125 256.948577880859375 231.641632080078125 200.677947998046875 153.816253662109375 108.7212982177734375 68.52822113037109375 34.50927734375 8.0434637069702148438 38.5914459228515625 84.38440704345703125 133.1097564697265625 182.5258636474609375 232.1920928955078125 281.976318359375
673.78448486328125 642.037353515625 612.730224609375 586.229248046875 562.9307861328125 543.24713134765625 520.09588623046875 500.818572998046875 485.941070556640625 475.876251220703125 470.932769775390625 471.2718505859375 476.8822021484375 487.5819091796875 503.04632568359375 522.85284423828125 546.529541015625 573.59747314453125 603.6004638671875 636.1234130859375 619.5533447265625 571.3857421875 523.561767578125 476.18505859375 429.403656005859375 383.43548583984375 338.611968994140625 295.4544677734375 254.810943603515625 218.09149169921875 187.61444091796875 166.8366241455078125 159.5924224853515625 139.2388916015625 91.57987213134765625 42.460414886474609375 4.3967037200927734375 38.24758148193359375 84.49785614013671875 133.14453125 182.5240936279296875 232.1693878173828125 281.9400634765625
636.9417724609375 603.2587890625 571.9681396484375 543.483154296875 518.26666259765625 496.816558837890625 475.349334716796875 454.17669677734375 437.71673583984375 426.51544189453125 420.992767333984375 421.372039794921875 427.637542724609375 439.53765869140625 456.632049560546875 478.36419677734375 504.13470458984375 533.35845947265625 565.50042724609375 600.09185791015625 608.5948486328125 559.48455810546875 510.547027587890625 461.837158203125 413.435394287109375 365.4642333984375 318.1185302734375 271.725372314453125 226.869903564453125 184.676025390625 147.4466400146484375 119.8990936279296875 109.59503173828125 116.850677490234375 71.2001495361328125 34.6978759765625 7.9040980339050292969 57.821750640869140625 107.50089263916015625 149.868499755859375 195.3623504638671875 242.5903167724609375 290.58154296875
602 566.24237060546875 532.7821044921875 502.078826904296875 474.667816162109375 451.149566650390625 431.75714111328125 408.33038330078125 389.939971923828125 377.323028564453125 371.06890869140625 371.4991455078125 378.5909423828125 391.982879638671875 411.059661865234375 435.074188232421875 463.259124755859375 494.90252685546875 529.384521484375 566.186767578125 601.60540771484375 551.87347412109375 502.194793701171875 452.586883544921875 403.07586669921875 353.702484130859375 304.53363037109375 255.68731689453125 207.3916168212890625 160.14544677734375 115.24687957763671875 76.9228363037109375 59.602039337158203125 78.66182708740234375 60.884754180908203125 12.882043838500976563 32.456279754638671875 71.46575164794921875 116.67529296875 164.2492218017578125 212.937744140625 261.645294189453125 306.86175537109375
569.3094482421875 531.35638427734375 495.546173095703125 462.37689208984375 432.4566650390625 406.503570556640625 385.320037841796875 363.580718994140625 342.79791259765625 328.374603271484375 321.16876220703125 321.665740966796875 329.83074951171875 345.1199951171875 366.643280029296875 393.378662109375 424.342132568359375 458.678253173828125 495.686614990234375 534.812744140625 575.625 548.73095703125 498.739349365234375 448.749603271484375 398.762451171875 348.77899169921875 298.801025390625 248.831939697265625 198.878387451171875 148.9560089111328125 99.11193084716796875 49.582805633544921875 9.68166351318359375 52.239971160888671875 49.530643463134765625 3.0716993808746337891 41.301055908203125 85.13401031494140625 132.6901702880859375 181.564208984375 228.0726318359375 274.7005615234375 322.218994140625
539.27960205078125 499.0479736328125 460.733367919921875 424.854827880859375 392.081634521484375 363.2552490234375 339.3829345703125 320.38751220703125 296.5933837890625 279.798370361328125 271.30535888671875 271.89349365234375 281.505889892578125 299.274200439453125 323.858795166015625 353.841766357421875 387.973541259765625 425.25634765625 464.9327392578125 506.4404296875 549.36456298828125 550.13360595703125 500.282196044921875 450.463714599609375 400.6904296875 350.98162841796875 301.369171142578125 251.9100341796875 202.7164154052734375 154.042938232421875 106.60443878173828125 63.243862152099609375 23.982801437377929688 27.725484848022460938 58.3616790771484375 15.693655967712402344 35.166259765625 81.93039703369140625 130.3616943359375 179.631103515625 229.167205810546875 278.86895751953125 328.66119384765625
512.37847900390625 469.849029541015625 428.934112548828125 390.14208984375 354.17120361328125 321.968353271484375 294.771087646484375 274.07366943359375 251.84295654296875 231.828277587890625 221.503570556640625 222.2235565185546875 233.8862762451171875 254.9946441650390625 283.446197509765625 317.27154541015625 354.9376220703125 395.348175048828125 437.74383544921875 481.600616455078125 526.55352783203125 556.04705810546875 506.77764892578125 457.666778564453125 408.771514892578125 360.179718017578125 312.033203125 264.57513427734375 218.2550811767578125 173.9843597412109375 130.1085968017578125 82.6710205078125 32.99057769775390625 15.715884208679199219 59.464229583740234375 13.389345169067382813 34.29369354248046875 80.683349609375 129.4607391357421875 178.914398193359375 228.605865478515625 278.4078369140625 328.27001953125
489.12261962890625 444.372955322265625 400.8662109375 359.054443359375 319.603607177734375 283.501068115234375 252.188873291015625 227.6523895263671875 209.480560302734375 184.93670654296875 171.8169403076171875 172.7441558837890625 187.5100555419921875 213.2592315673828125 246.574493408203125 284.813018798828125 326.248291015625 369.807281494140625 414.821533203125 460.86480712890625 507.6572265625 555.00933837890625 518.03948974609375 470.106597900390625 422.652923583984375 375.86004638671875 330.0091552734375 285.554412841796875 239.084686279296875 190.4678497314453125 142.401123046875 95.576202392578125 49.503917694091796875 3.6516375541687011719 49.83788299560546875 8.8677921295166015625 43.821430206298828125 93.6055450439453125 143.5398101806640625 191.4931488037109375 238.754425048828125 286.79949951171875 335.41650390625
