INPUT/RASTER/ASCII_no_standard/reticolo_50m_mascked.asc
ncols        225
nrows        269
xllcorner    473009.983799999987
yllcorner    4429051.174800000153
cellsize     50.000000000000
NODATA_value  -9999
[rows 133 to 151 of 269, columns 86 to 128 of 225]
590.1800537109375 640.1597900390625 690.1424560546875 740.12750244140625 790.11444091796875 840.1029052734375 857.8631591796875 826.97052001953125 797.7393798828125 770.44635009765625 745.51123046875 719.95770263671875 696.24456787109375 674.3563232421875 646.75408935546875 602.71563720703125 559.67974853515625 517.05780029296875 474.778717041015625 434.127349853515625 395.425628662109375 359.5223388671875 327.029052734375 299.0076904296875 276.939971923828125 237.1295928955078125 194.53900146484375 151.689117431640625 106.45583343505859375 61.379673004150390625 12.471738815307617188 30.158685684204101563 66.1388092041015625 99.64856719970703125 136.065460205078125 175.2276611328125 214.554443359375 255.7678680419921875 297.047698974609375 340.423431396484375 385.407440185546875 382.89923095703125 333.151458740234375
590.81585693359375 640.74603271484375 690.686279296875 740.6346435546875 790.5894775390625 840.5496826171875 819.8900146484375 787.5091552734375 757.04803466796875 728.30194091796875 701.8712158203125 676.9532470703125 651.885986328125 629.3551025390625 608.06732177734375 578.60693359375 534.95892333984375 491.07672119140625 448.427947998046875 405.635467529296875 364.1513671875 324.8734130859375 288.855712890625 257.0294189453125 231.3475799560546875 212.6419677734375 169.954864501953125 125.56644439697265625 84.48940277099609375 40.3160247802734375 12.455321311950683594 51.901973724365234375 99.33194732666015625 136.780303955078125 170.1500701904296875 206.6722564697265625 245.8335723876953125 284.776092529296875 324.88043212890625 366.324371337890625 408.4658203125 390.761749267578125 342.1590576171875
595.6629638671875 645.2181396484375 694.8370361328125 744.5069580078125 794.21826171875 818.53936767578125 783.13470458984375 749.30706787109375 717.225341796875 687.21160888671875 659.13525390625 633.76556396484375 608.4029541015625 584.44122314453125 562.60968017578125 540.55450439453125 508.365692138671875 468.076904296875 423.168121337890625 379.534637451171875 337.14306640625 294.502166748046875 254.4092254638671875 218.2176361083984375 187.5639495849609375 165.7005767822265625 147.7840118408203125 106.00281524658203125 58.4720916748046875 14.728307723999023438 27.318027496337890625 72.3959503173828125 117.81999969482421875 162.8376617431640625 207.4689483642578125 240.7742919921875 277.073577880859375 315.682281494140625 354.720794677734375 394.547210693359375 435.9598388671875 404.694549560546875 357.988494873046875
604.61993408203125 653.49627685546875 702.53076171875 751.69244384765625 800.95794677734375 784.766845703125 747.8494873046875 712.44097900390625 678.75079345703125 647.0345458984375 617.4912109375 590.3345947265625 565.51239013671875 540.15771484375 517.552978515625 496.431854248046875 469.945648193359375 438.04754638671875 402.505767822265625 356.3511962890625 311.3863525390625 268.210235595703125 225.514617919921875 184.13409423828125 147.6490631103515625 119.56732177734375 100.86746978759765625 89.7660369873046875 51.21065521240234375 14.054156303405761719 51.095001220703125 95.8898468017578125 139.0211029052734375 184.00262451171875 229.12298583984375 274.478424072265625 311.437744140625 347.5579833984375 385.81719970703125 424.919097900390625 464.529571533203125 424.099761962890625 379.787689208984375
617.4371337890625 665.39898681640625 713.64068603515625 762.097412109375 786.7796630859375 750.24945068359375 714.1978759765625 677.16400146484375 641.75103759765625 608.2303466796875 576.970703125 548.024658203125 522.0445556640625 496.9599609375 472.63787841796875 450.8634033203125 431.63653564453125 399.372772216796875 367.84637451171875 339.007080078125 291.377899169921875 244.69647216796875 199.6287689208984375 156.96630859375 114.2288665771484375 77.16783905029296875 55.065891265869140625 39.76648712158203125 33.131805419921875 6.5609879493713378906 55.546802520751953125 105.32106781005859375 155.240478515625 204.5848541259765625 250.8135833740234375 295.7579345703125 340.7537841796875 382.118682861328125 418.112152099609375 456.12994384765625 491.49310302734375 448.26727294921875 406.597625732421875
633.90972900390625 680.7119140625 727.93951416015625 775.51470947265625 754.37109375 716.18975830078125 679.54376220703125 643.6600341796875 606.484375 571.06622314453125 537.75982666015625 507.086517333984375 478.922393798828125 454.24969482421875 428.46868896484375 405.7515869140625 384.8939208984375 363.022613525390625 328.859130859375 297.886322021484375 271.753662109375 229.8173065185546875 181.0836181640625 133.2912445068359375 87.98770904541015625 46.621303558349609375 7.8266754150390625 10.237421035766601563 16.640974044799804688 33.313262939453125 72.2936553955078125 117.73089599609375 164.57708740234375 212.6847381591796875 261.418060302734375 310.39727783203125 359.657562255859375 407.53961181640625 452.469818115234375 488.7115478515625 517.34747314453125 476.47296142578125 437.498077392578125
653.800048828125 699.272216796875 745.32464599609375 764.46966552734375 723.7440185546875 684.091552734375 645.626220703125 608.8392333984375 573.16473388671875 535.81298828125 500.388671875 467.361907958984375 437.26739501953125 410.368438720703125 385.408203125 360.834625244140625 339.081939697265625 320.949920654296875 292.344879150390625 258.453155517578125 228.38909912109375 204.912139892578125 174.95941162109375 124.9670867919921875 74.98502349853515625 25.07456207275390625 19.382579803466796875 55.934909820556640625 65.6593780517578125 77.37873077392578125 103.8325347900390625 141.126129150390625 183.9925994873046875 229.0634307861328125 275.642913818359375 322.688995361328125 370.509613037109375 418.83953857421875 467.520843505859375 516.3336181640625 546.56317138671875 508.044677734375 471.685791015625
676.8067626953125 720.8291015625 765.58587646484375 737.40716552734375 695.09771728515625 653.87481689453125 613.91107177734375 575.09893798828125 538.1363525390625 502.72998046875 465.153472900390625 429.7220458984375 397.07513427734375 367.74774169921875 342.692108154296875 316.86029052734375 293.951690673828125 273.572784423828125 258.074554443359375 221.68817138671875 188.275726318359375 159.959014892578125 141.3615875244140625 130.238067626953125 82.0733489990234375 34.1443023681640625 18.431318283081054688 67.18328094482421875 115.52222442626953125 125.23777008056640625 144.2881317138671875 174.4035797119140625 211.203216552734375 252.1544647216796875 295.741058349609375 340.704498291015625 386.906097412109375 433.61456298828125 480.802215576171875 528.50726318359375 576.60137939453125 542.39501953125 508.498199462890625
702.49615478515625 745.12249755859375 757.07220458984375 712.62945556640625 668.966552734375 626.02532958984375 584.20819091796875 543.77447509765625 504.622894287109375 467.435821533203125 432.38531494140625 394.512298583984375 359.07275390625 326.971221923828125 298.787567138671875 274.003692626953125 249.0314483642578125 227.322021484375 211.3747100830078125 187.836578369140625 151.0819549560546875 117.89156341552734375 93.56565093994140625 84.79625701904296875 67.14342498779296875 22.545475006103515625 27.45502471923828125 76.08354949951171875 124.7509002685546875 173.493865966796875 188.9087066650390625 213.3708648681640625 245.0551300048828125 281.553009033203125 321.3597412109375 363.658050537109375 407.5196533203125 452.42572021484375 498.302947998046875 544.8990478515625 591.66217041015625 579.02960205078125 547.406005859375
727.10101318359375 768.54083251953125 736.19805908203125 690.4276123046875 645.26947021484375 600.8785400390625 557.364013671875 514.8262939453125 473.74847412109375 434.22320556640625 396.738922119140625 362.06414794921875 323.9014892578125 288.445159912109375 257.118927001953125 230.888763427734375 205.464080810546875 182.15606689453125 162.9135284423828125 155.29901123046875 117.785919189453125 80.6589813232421875 48.205097198486328125 34.8944854736328125 36.875797271728515625 8.4611444473266601563 41.604938507080078125 88.724578857421875 135.75909423828125 184.361083984375 232.90948486328125 255.9025421142578125 283.24200439453125 315.733154296875 352.004974365234375 391.10394287109375 432.362548828125 475.302490234375 519.30889892578125 564.17950439453125 609.84857177734375 617.54205322265625 587.993408203125
753.86761474609375 729.9014892578125 698.36419677734375 669.0260009765625 624.546630859375 578.70941162109375 533.4669189453125 489.151641845703125 445.86212158203125 403.961029052734375 363.944091796875 326.0479736328125 291.485107421875 253.2908477783203125 217.8121185302734375 187.4720001220703125 163.1458740234375 137.2286529541015625 115.64621734619140625 105.299163818359375 93.40299224853515625 48.54180145263671875 12.664958000183105469 15.207122802734375 14.622033119201660156 5.3663845062255859375 38.47979736328125 87.160430908203125 136.7739715576171875 186.5939483642578125 236.4899139404296875 286.42218017578125 324.415740966796875 353.447235107421875 386.423126220703125 422.54339599609375 461.142608642578125 501.62493896484375 543.69354248046875 587.0074462890625 631.10321044921875 657.6025390625 615.06317138671875
727.2982177734375 692.44317626953125 659.45947265625 628.30731201171875 599.3726806640625 559.447509765625 512.96136474609375 467.031951904296875 421.664825439453125 377.47003173828125 334.561553955078125 293.807586669921875 255.367950439453125 220.9902191162109375 182.69061279296875 147.253631591796875 119.08551788330078125 93.87909698486328125 70.38520050048828125 55.299591064453125 61.105930328369140625 29.080560684204101563 18.590612411499023438 61.726108551025390625 60.78186798095703125 55.247890472412109375 70.89247894287109375 106.3781280517578125 149.94061279296875 196.5911102294921875 244.5031890869140625 293.0733642578125 342.055816650390625 391.295745849609375 423.820556640625 457.1195068359375 493.13116455078125 531.35931396484375 571.2423095703125 612.61151123046875 655.1854248046875 673.33587646484375 624.56103515625
689.6854248046875 656.58929443359375 621.78875732421875 589.019775390625 558.41522216796875 529.2064208984375 495.887603759765625 448.388641357421875 401.497528076171875 355.433746337890625 309.863739013671875 265.853973388671875 223.7628631591796875 184.7114105224609375 150.6976776123046875 112.22956085205078125 76.97493743896484375 54.351314544677734375 25.4311676025390625 5.3081121444702148438 12.789296150207519531 1.9033864736557006836 34.79999542236328125 82.20291900634765625 110.3406829833984375 105.241912841796875 115.7730560302734375 140.946990966796875 176.499053955078125 217.52655029296875 261.69384765625 307.65167236328125 354.7047119140625 402.450836181640625 450.6405029296875 494.2901611328125 527.8197021484375 563.74969482421875 601.69171142578125 641.09906005859375 681.89666748046875 681.68536376953125 632.49700927734375
652.938720703125 619.1416015625 585.88079833984375 551.1488037109375 518.65380859375 488.75872802734375 459.207183837890625 431.519683837890625 385.12615966796875 337.82135009765625 290.294952392578125 243.76019287109375 198.065185546875 154.326690673828125 114.12192535400390625 80.81633758544921875 42.603816986083984375 7.2872066497802734375 18.757085800170898438 41.56102752685546875 39.91487884521484375 41.802318572998046875 68.887664794921875 104.216796875 146.581146240234375 155.2397918701171875 162.7996673583984375 182.3342742919921875 211.4387969970703125 246.9565277099609375 286.6241455078125 329.11895751953125 373.477142333984375 419.107452392578125 465.63604736328125 512.8184814453125 560.48968505859375 598.52239990234375 634.3887939453125 672.06341552734375 711.1246337890625 692.08245849609375 643.6287841796875
617.21661376953125 582.2364501953125 548.585693359375 515.17291259765625 480.529571533203125 448.396392822265625 419.455108642578125 389.465087890625 363.203338623046875 321.06011962890625 274.278564453125 227.146026611328125 179.8389434814453125 132.249481201171875 86.27925872802734375 43.924091339111328125 11.571149826049804688 26.459756851196289063 57.492279052734375 86.3816375732421875 89.57024383544921875 90.0232086181640625 107.768218994140625 139.532867431640625 174.662109375 205.2386932373046875 211.196746826171875 227.212493896484375 251.169464111328125 282.040191650390625 317.526611328125 356.355194091796875 397.68695068359375 440.81829833984375 485.269683837890625 530.70947265625 576.9041748046875 623.68603515625 669.226806640625 705.042236328125 742.4989013671875 705.364990234375 657.78143310546875
583.3577880859375 546.510986328125 511.536468505859375 478.04449462890625 444.46588134765625 409.94195556640625 378.307861328125 349.494873046875 320.148193359375 295.04913330078125 253.08203125 209.7379150390625 163.628082275390625 116.19771575927734375 69.774566650390625 22.193630218505859375 25.65933990478515625 60.0634002685546875 96.38013458251953125 126.08240509033203125 138.7500152587890625 139.5023651123046875 152.433837890625 177.0124359130859375 210.22210693359375 245.26019287109375 260.20068359375 273.604034423828125 294.05072021484375 320.82147216796875 352.685394287109375 388.147857666015625 426.40899658203125 466.89453125 509.074066162109375 552.55975341796875 597.0662841796875 642.38153076171875 688.34576416015625 734.8372802734375 756.5452880859375 706.67547607421875 656.82550048828125
551.6160888671875 512.85882568359375 475.806884765625 440.8399658203125 407.562103271484375 373.76025390625 339.405517578125 308.503387451171875 279.228759765625 251.568084716796875 224.362213134765625 186.41448974609375 141.2830657958984375 99.13634490966796875 54.134479522705078125 6.93698883056640625 42.1317138671875 87.26446533203125 130.6898040771484375 166.9674835205078125 188.3536529541015625 189.0328216552734375 199.6106414794921875 219.3544769287109375 247.0886688232421875 280.922119140625 309.49615478515625 320.873046875 338.888702392578125 362.36187744140625 390.85382080078125 423.352447509765625 458.796661376953125 496.649017333984375 536.4942626953125 577.92041015625 620.61090087890625 664.322021484375 708.86505126953125 754.092529296875 754.53271484375 704.54168701171875 654.55206298828125
511.337554931640625 481.520843505859375 442.427520751953125 405.10504150390625 370.14886474609375 337.17529296875 303.0570068359375 268.96063232421875 239.218658447265625 209.237945556640625 184.030731201171875 153.6971588134765625 122.84865570068359375 75.40525054931640625 29.517717361450195313 8.3243570327758789063 56.018169403076171875 105.689239501953125 152.715728759765625 198.6894073486328125 237.149139404296875 238.6806182861328125 247.5618133544921875 264.05438232421875 287.903717041015625 317.4464111328125 351.626434326171875 368.862884521484375 384.98651123046875 405.8150634765625 431.446929931640625 461.093292236328125 494.031982421875 529.46197509765625 567.00604248046875 606.35113525390625 647.1689453125 689.19769287109375 722.08544921875 745.51080322265625 755.27337646484375 705.3348388671875 655.40570068359375
463.6285400390625 448.37701416015625 411.63616943359375 372.07244873046875 334.406951904296875 299.467041015625 266.959716796875 232.3582611083984375 198.5096435546875 170.3981170654296875 139.97259521484375 116.97104644775390625 83.10973358154296875 52.432529449462890625 12.829630851745605469 35.603076934814453125 78.97344970703125 119.9836883544921875 165.9980926513671875 213.576934814453125 262.00628662109375 288.450103759765625 296.046600341796875 310.37567138671875 331.066497802734375 357.222564697265625 387.932525634765625 417.32501220703125 431.64215087890625 450.628021240234375 473.841949462890625 500.98577880859375 531.457763671875 564.7193603515625 600.13800048828125 621.27288818359375 636.6781005859375 655.54400634765625 677.5816650390625 702.49267578125 729.9827880859375 709.65869140625 660.05670166015625
