INPUT/RASTER/ASCII_no_standard/reticolo_50m_mascked.asc
ncols        225
nrows        269
xllcorner    473009.983799999987
yllcorner    4429051.174800000153
cellsize     50.000000000000
NODATA_value  -9999
[rows 228 to 246 of 269, columns 129 to 171 of 225]
535.48162841796875 505.417938232421875 460.639190673828125 417.048736572265625 375.06109619140625 335.27899169921875 298.585296630859375 266.25994873046875 240.07403564453125 222.208740234375 214.75079345703125 218.767181396484375 233.6669921875 257.568328857421875 288.240570068359375 323.765045166015625 362.7188720703125 404.111572265625 447.266510009765625 491.719970703125 537.14959716796875 583.32745361328125 630.08892822265625 646.08062744140625 600.79815673828125 556.067138671875 512.3114013671875 469.80047607421875 428.666015625 389.61090087890625 353.325225830078125 320.202484130859375 291.720367431640625 248.5631866455078125 200.0120697021484375 152.20941162109375 106.32016754150390625 58.541370391845703125 9.7812137603759765625 40.0246429443359375 89.77222442626953125 139.5653839111328125 189.062896728515625
533.614501953125 486.2978515625 439.57568359375 393.65972900390625 348.868377685546875 305.69647216796875 264.936798095703125 227.8874664306640625 196.65673828125 174.3991241455078125 164.7914886474609375 169.992401123046875 188.7818756103515625 217.6689605712890625 253.221160888671875 293.02239990234375 335.564178466796875 379.926971435546875 425.5416259765625 472.045379638671875 519.19940185546875 566.8414306640625 614.8580322265625 627.20281982421875 580.4969482421875 534.387451171875 489.020538330078125 444.28973388671875 400.806243896484375 358.883941650390625 319.1234130859375 282.633758544921875 250.101654052734375 222.521636962890625 191.75836181640625 141.8860321044921875 92.07513427734375 42.4701080322265625 5.7332096099853515625 50.6492767333984375 98.97186279296875 147.7140655517578125 195.1017303466796875
520.367919921875 471.72442626953125 423.397125244140625 375.508056640625 328.249114990234375 281.937347412109375 237.128326416015625 194.8615570068359375 157.2011566162109375 128.270751953125 114.8675994873046875 122.21189117431640625 147.2308502197265625 182.8061981201171875 223.9626922607421875 268.142608642578125 314.072662353515625 361.08563232421875 408.80804443359375 457.0177001953125 505.575286865234375 554.38934326171875 603.39764404296875 611.38226318359375 563.6519775390625 516.2685546875 469.1763916015625 422.752593994140625 377.243988037109375 332.52978515625 289.53125 248.7626800537109375 211.9550628662109375 180.4772796630859375 154.696441650390625 135.813720703125 96.96726226806640625 49.01239776611328125 4.7779064178466796875 36.99560546875 84.7223663330078125 133.7144775390625 183.2518463134765625
511.6845703125 462.12799072265625 412.67840576171875 363.37945556640625 314.3021240234375 265.569183349609375 217.4124603271484375 170.3213348388671875 125.5011444091796875 86.5547027587890625 65.0607147216796875 77.29215240478515625 112.7619476318359375 156.3855438232421875 202.971954345703125 250.8760528564453125 299.466156005859375 348.45538330078125 397.6962890625 447.105712890625 496.63336181640625 546.2470703125 595.92535400390625 599.002197265625 550.198974609375 501.63153076171875 453.375640869140625 405.54254150390625 358.156768798828125 311.238739013671875 265.4483642578125 220.8138580322265625 178.6784210205078125 141.28192138671875 111.509735107421875 89.31777191162109375 72.9923248291015625 58.809680938720703125 18.333055496215820313 30.770410537719726563 80.4365081787109375 130.334991455078125 180.2897491455078125
503.576690673828125 454.993011474609375 406.752777099609375 357.886810302734375 307.935302734375 258.0025634765625 208.1021575927734375 158.264617919921875 108.5765533447265625 59.414211273193359375 16.4690093994140625 44.859874725341796875 93.56061553955078125 143.159942626953125 192.9661865234375 242.8520660400390625 292.776885986328125 342.7236328125 392.683929443359375 442.6531982421875 492.628692626953125 542.60870361328125 592.59210205078125 590.6090087890625 541.0491943359375 491.57861328125 442.22711181640625 393.03955078125 344.086273193359375 295.4837646484375 247.4387359619140625 200.04833984375 153.6639862060546875 109.2769317626953125 70.58180999755859375 43.00618743896484375 24.655796051025390625 16.384408950805664063 15.197301864624023438 48.47669219970703125 93.36627960205078125 139.7681732177734375 187.8229217529296875
494.63275146484375 445.114410400390625 395.71722412109375 346.493011474609375 297.480621337890625 248.8451385498046875 200.880767822265625 154.2149810791015625 106.867919921875 57.284656524658203125 11.929448127746582031 44.75591278076171875 94.14813995361328125 143.9605865478515625 193.86962890625 243.8159332275390625 293.780517578125 343.755401611328125 393.736663818359375 443.722137451171875 493.681427001953125 543.56463623046875 593.467529296875 586.00750732421875 536.07763671875 486.162261962890625 436.266204833984375 386.397064208984375 336.566741943359375 286.79547119140625 237.1204986572265625 187.5007781982421875 138.1007537841796875 89.370574951171875 41.981090545654296875 1.7328944206237792969 22.286020278930664063 34.009578704833984375 51.079074859619140625 81.7004852294921875 117.6817779541015625 160.0916595458984375 204.811920166015625
490.57568359375 440.60162353515625 390.634185791015625 340.676300048828125 290.73291015625 240.81298828125 190.9350128173828125 141.143402099609375 91.579132080078125 42.76859283447265625 0.21097382903099060059 47.039707183837890625 96.714599609375 146.610687255859375 196.559600830078125 246.5292205810546875 296.509063720703125 346.4947509765625 396.484039306640625 446.475738525390625 496.469085693359375 546.46368408203125 596.45916748046875 585.60772705078125 535.640625 485.6802978515625 435.729095458984375 385.79052734375 335.870208740234375 285.977752685546875 236.1308135986328125 186.365875244140625 136.6569671630859375 87.17572784423828125 38.921993255615234375 8.1323080062866210938 49.287067413330078125 80.47844696044921875 94.78595733642578125 120.7757568359375 152.0492706298828125 187.9813079833984375 228.4484405517578125
489.869720458984375 439.990264892578125 390.14166259765625 340.33746337890625 290.60052490234375 240.972503662109375 191.538055419921875 142.498809814453125 94.47216033935546875 45.818431854248046875 12.969532966613769531 56.895420074462890625 106.32952880859375 156.1244659423828125 204.4708709716796875 252.992523193359375 301.96832275390625 351.17779541015625 400.583099365234375 450.119781494140625 499.74871826171875 535.11041259765625 572.0435791015625 589.42523193359375 539.76531982421875 490.174560546875 440.67626953125 391.305572509765625 342.11773681640625 293.204742431640625 244.731475830078125 197.0198211669921875 150.551300048828125 105.702911376953125 62.301296234130859375 21.119604110717773438 9.9765386581420898438 50.70481109619140625 94.8949432373046875 138.4728546142578125 185.32244873046875 222.627471923828125 258.382232666015625
487.264556884765625 437.267913818359375 387.27215576171875 337.277618408203125 287.285003662109375 237.2955169677734375 187.311614990234375 137.3394317626953125 87.399078369140625 37.6175384521484375 13.840493202209472656 62.992374420166015625 112.603912353515625 157.9278717041015625 203.0684356689453125 249.91070556640625 297.564849853515625 345.8819580078125 394.616180419921875 429.8658447265625 464.4085693359375 501.56353759765625 540.79266357421875 574.0081787109375 527.07568359375 480.656402587890625 435.03143310546875 390.4793701171875 346.50091552734375 300.178070068359375 255.24664306640625 212.504638671875 171.8541107177734375 127.6321868896484375 87.4362945556640625 57.441631317138671875 21.147794723510742188 27.336816787719726563 75.82564544677734375 125.48748016357421875 175.3416290283203125 225.2597808837890625 275.1785888671875
488.896820068359375 439.021270751953125 389.17767333984375 339.38006591796875 289.6522216796875 240.0374755859375 190.6241607666015625 141.36273193359375 92.74643707275390625 45.0802154541015625 8.88623809814453125 46.346462249755859375 91.8436279296875 139.730926513671875 188.6176910400390625 237.91619873046875 287.457122802734375 328.97735595703125 359.3282470703125 393.709869384765625 431.1590576171875 470.944610595703125 512.522705078125 555.490966796875 511.179931640625 463.301422119140625 415.922454833984375 369.151275634765625 323.256011962890625 278.737762451171875 235.6199798583984375 188.5756072998046875 143.5435028076171875 102.2947845458984375 60.091800689697265625 16.730733871459960938 8.9389495849609375 39.761577606201171875 82.15808868408203125 129.7163543701171875 178.4441680908203125 227.647979736328125 277.136932373046875
494.759368896484375 445.470733642578125 396.311309814453125 347.39190673828125 298.830413818359375 250.7409820556640625 203.061859130859375 156.834930419921875 110.70562744140625 63.91492462158203125 14.092467308044433594 36.122890472412109375 85.4677886962890625 135.294586181640625 185.214752197265625 235.1688385009765625 259.919708251953125 288.87530517578125 323.01641845703125 360.874359130859375 401.398773193359375 443.859954833984375 487.7523193359375 532.7222900390625 499.66802978515625 450.68536376953125 401.8304443359375 353.285980224609375 305.21185302734375 257.871185302734375 211.5101165771484375 166.9923248291015625 125.59345245361328125 77.55416107177734375 32.30673980712890625 7.2372717857360839844 51.8480072021484375 77.974578857421875 110.47078704833984375 149.9499053955078125 193.85675048828125 240.11834716796875 287.6337890625
504.97259521484375 456.744781494140625 408.74554443359375 361.159271240234375 313.072906494140625 263.211456298828125 213.349853515625 163.572723388671875 113.99086761474609375 64.82427215576171875 15.432638168334960938 34.548740386962890625 84.36051177978515625 134.312225341796875 176.0673980712890625 192.068756103515625 218.5888519287109375 252.3326568603515625 290.796234130859375 332.344879150390625 375.957183837890625 420.992279052734375 467.038726806640625 513.82470703125 492.58966064453125 442.824737548828125 393.119476318359375 343.499786376953125 294.00897216796875 244.72528076171875 195.7474517822265625 147.174530029296875 99.89305877685546875 55.480865478515625 14.397828102111816406 28.336330413818359375 77.1998443603515625 117.90459442138671875 148.385467529296875 181.1811370849609375 219.334869384765625 261.408782958984375 305.63201904296875
481.427581787109375 462.8851318359375 412.9737548828125 363.086761474609375 313.235809326171875 263.441375732421875 213.71435546875 163.9088287353515625 114.273284912109375 65.197113037109375 17.4306793212890625 29.078977584838867188 76.90486907958984375 122.71004486083984375 127.36780548095703125 148.7052001953125 181.6697998046875 221.1212310791015625 264.169036865234375 309.3153076171875 355.762054443359375 403.0599365234375 450.94122314453125 499.23809814453125 490.09796142578125 440.103851318359375 390.111236572265625 340.12078857421875 290.133636474609375 240.15185546875 190.17962646484375 140.2272186279296875 90.32746124267578125 40.674694061279296875 10.620402336120605469 54.035125732421875 95.64836883544921875 139.5187835693359375 186.4492340087890625 218.2635040283203125 251.8916778564453125 289.362396240234375 330.1693115234375
431.707489013671875 440.100372314453125 418.39422607421875 369.11517333984375 320.059844970703125 271.34954833984375 223.2103424072265625 175.54150390625 129.0789642333984375 82.4490814208984375 33.84024810791015625 10.987587928771972656 59.48407745361328125 74.5299224853515625 80.28318023681640625 111.0678558349609375 152.4032440185546875 197.7812652587890625 244.9655303955078125 293.0849609375 341.7447509765625 390.743072509765625 439.96685791015625 489.348052978515625 491.802032470703125 441.942108154296875 392.117828369140625 342.344818115234375 292.649200439453125 243.0784759521484375 193.7284698486328125 144.7624664306640625 95.43035125732421875 47.515594482421875 6.3298234939575195313 49.653263092041015625 97.75872039794921875 146.127166748046875 194.9640960693359375 244.0077362060546875 288.53936767578125 322.602264404296875 359.6573486328125
382.060455322265625 391.51904296875 406.94488525390625 381.307037353515625 333.655242919921875 285.411041259765625 235.4225006103515625 185.440093994140625 135.470703125 85.53707122802734375 35.789257049560546875 15.657299041748046875 64.880126953125 27.884418487548828125 40.8438568115234375 86.9419403076171875 135.8292388916015625 185.311248779296875 235.01263427734375 284.818572998046875 334.682373046875 384.581573486328125 434.503936767578125 484.442291259765625 497.85174560546875 448.664642333984375 399.51947021484375 350.380615234375 301.525054931640625 253.116851806640625 205.4506683349609375 156.95654296875 108.8447418212890625 60.18828582763671875 11.240848541259765625 39.052997589111328125 89.016387939453125 139.006103515625 189.0012664794921875 238.998443603515625 288.996612548828125 338.99530029296875 384.375335693359375
332.519195556640625 343.345306396484375 360.83648681640625 373.357025146484375 325.091583251953125 277.141265869140625 228.634765625 180.887725830078125 133.4567108154296875 84.7505950927734375 36.372406005859375 14.499375343322753906 34.64968109130859375 8.9275503158569335938 43.48622894287109375 88.2141265869140625 136.64703369140625 185.9115142822265625 235.4862518310546875 285.209503173828125 335.01513671875 384.87115478515625 434.760284423828125 484.6722412109375 498.901947021484375 451.452606201171875 404.25592041015625 356.1248779296875 308.5887451171875 260.75677490234375 210.7763824462890625 160.8081512451171875 110.86858367919921875 61.028045654296875 12.530064582824707031 39.86956787109375 89.51631927490234375 137.2191619873046875 185.6743316650390625 234.552642822265625 283.821990966796875 333.30902099609375 379.9620361328125
283.1392822265625 295.778350830078125 315.91424560546875 342.226226806640625 314.357025146484375 264.964752197265625 215.852508544921875 167.2020263671875 119.35491180419921875 71.1964111328125 22.80884552001953125 8.7613363265991210938 8.0671377182006835938 36.203826904296875 70.9481353759765625 114.0375518798828125 154.58087158203125 199.4640960693359375 246.3262176513671875 294.223175048828125 342.721405029296875 391.597564697265625 440.72589111328125 490.030609130859375 486.008056640625 437.34405517578125 388.913177490234375 340.8221435546875 293.3701171875 246.2882843017578125 198.131011962890625 150.5256805419921875 104.0171966552734375 62.1357421875 20.515140533447265625 29.549722671508789063 79.462982177734375 129.4432220458984375 179.4344635009765625 229.4295196533203125 279.426361083984375 329.42413330078125 369.073150634765625
234.0228271484375 249.1659393310546875 272.764801025390625 302.84918212890625 311.182708740234375 261.19085693359375 211.2028350830078125 161.222259521484375 111.25914764404296875 61.3561553955078125 12.270196914672851563 36.72695159912109375 55.509601593017578125 74.2631683349609375 106.399383544921875 141.368133544921875 181.938812255859375 223.626373291015625 266.26947021484375 311.111083984375 357.324493408203125 404.439697265625 452.1749267578125 500.35272216796875 477.617401123046875 428.000396728515625 378.4842529296875 329.11444091796875 279.9683837890625 231.1888275146484375 182.8012847900390625 135.3609619140625 88.62613677978515625 40.755031585693359375 7.8529062271118164063 44.37091064453125 88.11847686767578125 135.4308013916015625 184.1173095703125 221.949554443359375 259.980926513671875 298.85308837890625 338.948272705078125
185.3793792724609375 204.16290283203125 232.37786865234375 267.0513916015625 304.5335693359375 255.26824951171875 205.798828125 156.1269989013671875 106.7619781494140625 57.71732330322265625 7.7633280754089355469 40.9621124267578125 89.96361541748046875 118.81928253173828125 143.728973388671875 177.0054779052734375 211.98175048828125 251.1036529541015625 293.4659423828125 334.683349609375 378.025970458984375 422.84075927734375 468.705657958984375 515.34033203125 473.513092041015625 423.555206298828125 373.608612060546875 323.678497314453125 273.77392578125 223.911895751953125 174.1290283203125 124.47795867919921875 74.5703887939453125 25.034429550170898438 22.303035736083984375 69.14119720458984375 96.8614501953125 118.7828826904296875 151.242706298828125 190.2241058349609375 228.574310302734375 269.849945068359375 313.241729736328125
