INPUT/RASTER/ASCII_no_standard/sand_5-15cm_mean.asc
ncols        225
nrows        269
xllcorner    473009.983799999987
yllcorner    4429051.174800000153
cellsize     50.000000000000
NODATA_value  -9999
[rows 60 to 79 of 269, columns 135 to 179 of 225]
311.9793701171875 311.541229248046875 311.14971923828125 310.945037841796875 310.740325927734375 310.53564453125 310.3309326171875 310.709930419921875 313.428466796875 316.147003173828125 318.86553955078125 321.584075927734375 324.4891357421875 328.141876220703125 331.79461669921875 335.447357177734375 339.100128173828125 341.960723876953125 341.6463623046875 341.332000732421875 341.01763916015625 340.703277587890625 340.706512451171875 341.982757568359375 343.259002685546875 344.535247802734375 345.811492919921875 347.27593994140625 349.494720458984375 351.713531494140625 353.93231201171875 356.151123046875 358.6790771484375 362.446197509765625 366.213287353515625 369.98040771484375 373.74749755859375 370.750244140625 340.640625 310.531005859375 280.42138671875 250.3117523193359375 217.180389404296875 171.937530517578125 126.694671630859375
312.52337646484375 312.005279541015625 311.58966064453125 311.5849609375 311.58026123046875 311.5755615234375 311.57086181640625 311.782470703125 312.860992431640625 313.939544677734375 315.01806640625 316.096588134765625 317.9207763671875 322.7335205078125 327.5462646484375 332.3590087890625 337.1717529296875 340.912811279296875 340.358428955078125 339.8040771484375 339.249725341796875 338.69537353515625 338.538482666015625 339.974700927734375 341.41094970703125 342.847198486328125 344.283447265625 345.7161865234375 347.134979248046875 348.553802490234375 349.97259521484375 351.391387939453125 353.558624267578125 358.725738525390625 363.892822265625 369.0599365234375 374.22705078125 375.3214111328125 360.091796875 344.8621826171875 329.632568359375 314.402923583984375 290.14532470703125 229.70245361328125 169.2595977783203125
313.067413330078125 312.46929931640625 312.02960205078125 312.224884033203125 312.420196533203125 312.615509033203125 312.810791015625 312.85498046875 312.29351806640625 311.7320556640625 311.17059326171875 310.609130859375 311.352386474609375 317.32513427734375 323.297882080078125 329.2706298828125 335.243377685546875 339.8648681640625 339.070526123046875 338.276153564453125 337.4818115234375 336.68743896484375 336.37042236328125 337.9666748046875 339.562896728515625 341.159149169921875 342.75537109375 344.156463623046875 344.775238037109375 345.39404296875 346.012847900390625 346.63165283203125 348.43817138671875 355.005279541015625 361.5723876953125 368.139495849609375 374.70660400390625 379.892608642578125 379.54296875 379.193359375 378.843719482421875 378.494110107421875 363.1102294921875 287.467376708984375 211.82452392578125
312.10369873046875 311.503692626953125 311.086822509765625 311.404022216796875 311.72119140625 312.038360595703125 312.355560302734375 312.497406005859375 311.93646240234375 311.375518798828125 310.8145751953125 310.253631591796875 311.08074951171875 317.471343994140625 323.8619384765625 330.2525634765625 336.643157958984375 341.5667724609375 340.61053466796875 339.654296875 338.69805908203125 337.7418212890625 337.366180419921875 339.317718505859375 341.269256591796875 343.220794677734375 345.172332763671875 346.85400390625 347.454010009765625 348.05401611328125 348.654022216796875 349.2540283203125 350.98187255859375 357.2303466796875 363.478790283203125 369.727264404296875 375.9757080078125 380.76593017578125 379.7113037109375 378.65667724609375 377.60205078125 376.54742431640625 363.483978271484375 302.28778076171875 241.0915679931640625
311.10369873046875 310.503692626953125 310.11077880859375 310.5479736328125 310.985137939453125 311.422332763671875 311.859527587890625 312.105377197265625 311.584442138671875 311.063507080078125 310.542572021484375 310.0216064453125 310.96063232421875 317.751220703125 324.54180908203125 331.332427978515625 338.123016357421875 343.334808349609375 342.21856689453125 341.102325439453125 339.986083984375 338.869873046875 338.43804931640625 340.749603271484375 343.0611572265625 345.3726806640625 347.684234619140625 349.654022216796875 350.2540283203125 350.85400390625 351.454010009765625 352.05401611328125 353.709991455078125 359.59844970703125 365.486907958984375 371.3753662109375 377.263824462890625 381.550262451171875 379.4156494140625 377.281036376953125 375.146392822265625 373.01177978515625 362.111053466796875 316.074859619140625 270.038665771484375
310.10369873046875 309.503692626953125 309.134765625 309.691925048828125 310.249114990234375 310.806304931640625 311.36346435546875 311.71337890625 311.232421875 310.751495361328125 310.270538330078125 309.78961181640625 310.840484619140625 318.031097412109375 325.2216796875 332.41229248046875 339.6029052734375 345.102874755859375 343.826629638671875 342.550384521484375 341.274139404296875 339.9979248046875 339.50994873046875 342.181488037109375 344.85302734375 347.524566650390625 350.19610595703125 352.454010009765625 353.05401611328125 353.654022216796875 354.2540283203125 354.85400390625 356.4381103515625 361.966583251953125 367.495025634765625 373.02349853515625 378.55194091796875 382.334625244140625 379.1199951171875 375.905364990234375 372.69073486328125 369.47613525390625 360.7381591796875 329.8619384765625 298.985748291015625
309.10369873046875 308.503692626953125 308.158721923828125 308.835906982421875 309.5130615234375 310.19024658203125 310.867431640625 311.32135009765625 310.880401611328125 310.439483642578125 309.99853515625 309.557586669921875 310.720367431640625 318.31097412109375 325.90155029296875 333.492156982421875 341.082763671875 346.87091064453125 345.4346923828125 343.998443603515625 342.56219482421875 341.1259765625 340.581817626953125 343.613372802734375 346.644927978515625 349.67645263671875 352.7080078125 355.2540283203125 355.85400390625 356.454010009765625 357.05401611328125 357.654022216796875 359.166229248046875 364.334686279296875 369.503143310546875 374.671600341796875 379.840057373046875 383.11895751953125 378.8243408203125 374.52972412109375 370.235107421875 365.940460205078125 359.365234375 343.6490478515625 327.932830810546875
308.10369873046875 307.503692626953125 307.18267822265625 307.9798583984375 308.77703857421875 309.57421875 310.37139892578125 310.929351806640625 310.528411865234375 310.127471923828125 309.726531982421875 309.325592041015625 310.6002197265625 318.5908203125 326.5814208984375 334.572021484375 342.5626220703125 348.63897705078125 347.042724609375 345.446502685546875 343.850250244140625 342.2540283203125 341.653717041015625 345.045257568359375 348.436798095703125 351.828338623046875 355.219879150390625 358.05401611328125 358.654022216796875 359.2540283203125 359.85400390625 360.454010009765625 361.89434814453125 366.702789306640625 371.511260986328125 376.319732666015625 381.128173828125 383.9033203125 378.5286865234375 373.154083251953125 367.779449462890625 362.404815673828125 357.9923095703125 357.436126708984375 356.879913330078125
308.0802001953125 307.480194091796875 307.15972900390625 307.959747314453125 308.759735107421875 309.55975341796875 310.3597412109375 310.920135498046875 310.5201416015625 310.1201171875 309.720123291015625 309.32012939453125 310.597412109375 318.597412109375 326.597412109375 334.597412109375 342.597412109375 348.680511474609375 347.08050537109375 345.48052978515625 343.880523681640625 342.280517578125 341.67889404296875 345.078887939453125 348.478912353515625 351.87890625 355.278900146484375 358.11981201171875 358.719818115234375 359.319793701171875 359.9197998046875 360.519805908203125 361.95843505859375 366.758453369140625 371.558441162109375 376.35845947265625 381.158447265625 383.9217529296875 378.521759033203125 373.121734619140625 367.72174072265625 362.321746826171875 357.960052490234375 357.76007080078125 357.56005859375
308.0802001953125 307.480194091796875 307.15972900390625 307.959747314453125 308.759735107421875 309.55975341796875 310.3597412109375 310.920135498046875 310.5201416015625 310.1201171875 309.720123291015625 309.32012939453125 310.597412109375 318.597412109375 326.597412109375 334.597412109375 342.597412109375 348.680511474609375 347.08050537109375 345.48052978515625 343.880523681640625 342.280517578125 341.67889404296875 345.078887939453125 348.478912353515625 351.87890625 355.278900146484375 358.11981201171875 358.719818115234375 359.319793701171875 359.9197998046875 360.519805908203125 361.95843505859375 366.758453369140625 371.558441162109375 376.35845947265625 381.158447265625 383.9217529296875 378.521759033203125 373.121734619140625 367.72174072265625 362.321746826171875 357.960052490234375 357.76007080078125 357.56005859375
308.0802001953125 307.480194091796875 307.15972900390625 307.959747314453125 308.759735107421875 309.55975341796875 310.3597412109375 310.920135498046875 310.5201416015625 310.1201171875 309.720123291015625 309.32012939453125 310.597412109375 318.597412109375 326.597412109375 334.597412109375 342.597412109375 348.680511474609375 347.08050537109375 345.48052978515625 343.880523681640625 342.280517578125 341.67889404296875 345.078887939453125 348.478912353515625 351.87890625 355.278900146484375 358.11981201171875 358.719818115234375 359.319793701171875 359.9197998046875 360.519805908203125 361.95843505859375 366.758453369140625 371.558441162109375 376.35845947265625 381.158447265625 383.9217529296875 378.521759033203125 373.121734619140625 367.72174072265625 362.321746826171875 357.960052490234375 357.76007080078125 357.56005859375
308.0802001953125 307.480194091796875 307.15972900390625 307.959747314453125 308.759735107421875 309.55975341796875 310.3597412109375 310.920135498046875 310.5201416015625 310.1201171875 309.720123291015625 309.32012939453125 310.597412109375 318.597412109375 326.597412109375 334.597412109375 342.597412109375 348.680511474609375 347.08050537109375 345.48052978515625 343.880523681640625 342.280517578125 341.67889404296875 345.078887939453125 348.478912353515625 351.87890625 355.278900146484375 358.11981201171875 358.719818115234375 359.319793701171875 359.9197998046875 360.519805908203125 361.95843505859375 366.758453369140625 371.558441162109375 376.35845947265625 381.158447265625 383.9217529296875 378.521759033203125 373.121734619140625 367.72174072265625 362.321746826171875 357.960052490234375 357.76007080078125 357.56005859375
308.0802001953125 307.480194091796875 307.15972900390625 307.959747314453125 308.759735107421875 309.55975341796875 310.3597412109375 310.920135498046875 310.5201416015625 310.1201171875 309.720123291015625 309.32012939453125 310.597412109375 318.597412109375 326.597412109375 334.597412109375 342.597412109375 348.680511474609375 347.08050537109375 345.48052978515625 343.880523681640625 342.280517578125 341.67889404296875 345.078887939453125 348.478912353515625 351.87890625 355.278900146484375 358.11981201171875 358.719818115234375 359.319793701171875 359.9197998046875 360.519805908203125 361.95843505859375 366.758453369140625 371.558441162109375 376.35845947265625 381.158447265625 383.9217529296875 378.521759033203125 373.121734619140625 367.72174072265625 362.321746826171875 357.960052490234375 357.76007080078125 357.56005859375
312.99371337890625 313.1358642578125 313.292388916015625 313.5064697265625 313.7205810546875 313.934661865234375 314.148773193359375 314.240234375 313.840240478515625 313.44024658203125 313.040252685546875 312.640228271484375 313.714752197265625 320.699188232421875 327.683624267578125 334.668060302734375 341.652496337890625 347.024200439453125 345.931976318359375 344.839752197265625 343.74755859375 342.65533447265625 342.202728271484375 344.313751220703125 346.42474365234375 348.5357666015625 350.64678955078125 352.456085205078125 353.05609130859375 353.656097412109375 354.256072998046875 354.8560791015625 356.302520751953125 361.141571044921875 365.98065185546875 370.8197021484375 375.65875244140625 378.6405029296875 374.177947998046875 369.71539306640625 365.252838134765625 360.790283203125 357.147674560546875 356.791412353515625 356.4351806640625
318.025482177734375 318.9276123046875 319.57257080078125 319.186676025390625 318.800750732421875 318.41485595703125 318.028961181640625 317.640228271484375 317.240234375 316.840240478515625 316.44024658203125 316.040252685546875 316.907073974609375 322.85150146484375 328.79595947265625 334.740386962890625 340.684814453125 345.328033447265625 344.755828857421875 344.18359375 343.61138916015625 343.039154052734375 342.7391357421875 343.5301513671875 344.3211669921875 345.1121826171875 345.9031982421875 346.656097412109375 347.256072998046875 347.8560791015625 348.456085205078125 349.05609130859375 350.510498046875 355.389556884765625 360.26861572265625 365.147674560546875 370.0267333984375 373.232208251953125 369.729644775390625 366.227081298828125 362.724517822265625 359.22198486328125 356.315704345703125 355.799468994140625 355.283233642578125
323.057220458984375 324.7193603515625 325.852752685546875 324.866851806640625 323.880950927734375 322.895050048828125 321.909149169921875 321.040252685546875 320.640228271484375 320.240234375 319.840240478515625 319.44024658203125 320.09942626953125 325.00384521484375 329.908294677734375 334.812713623046875 339.7171630859375 343.631866455078125 343.57965087890625 343.527435302734375 343.4752197265625 343.423004150390625 343.27557373046875 342.74658203125 342.217620849609375 341.688629150390625 341.159637451171875 340.8560791015625 341.456085205078125 342.05609130859375 342.656097412109375 343.256072998046875 344.718505859375 349.637542724609375 354.556610107421875 359.475677490234375 364.394744873046875 367.823883056640625 365.281341552734375 362.73876953125 360.19622802734375 357.653656005859375 355.4837646484375 354.807525634765625 354.13128662109375
328.0889892578125 330.511138916015625 332.132965087890625 330.54705810546875 328.961151123046875 327.375244140625 325.789337158203125 324.44024658203125 324.040252685546875 323.640228271484375 323.240234375 322.840240478515625 323.291748046875 327.15618896484375 331.0206298828125 334.88507080078125 338.749481201171875 341.935699462890625 342.403472900390625 342.87127685546875 343.33905029296875 343.80682373046875 343.81201171875 341.9630126953125 340.114044189453125 338.265045166015625 336.41607666015625 335.05609130859375 335.656097412109375 336.256072998046875 336.8560791015625 337.456085205078125 338.926483154296875 343.885528564453125 348.8446044921875 353.80364990234375 358.762725830078125 362.41558837890625 360.8330078125 359.250457763671875 357.66790771484375 356.085357666015625 354.651824951171875 353.815582275390625 352.979339599609375
333.1207275390625 336.302886962890625 338.41314697265625 336.227264404296875 334.041351318359375 331.855438232421875 329.6695556640625 327.840240478515625 327.44024658203125 327.040252685546875 326.640228271484375 326.240234375 326.484100341796875 329.30853271484375 332.132965087890625 334.9573974609375 337.781829833984375 340.239532470703125 341.227325439453125 342.215087890625 343.202880859375 344.190643310546875 344.348419189453125 341.179443359375 338.010467529296875 334.84149169921875 331.6724853515625 329.256072998046875 329.8560791015625 330.456085205078125 331.05609130859375 331.656097412109375 333.13446044921875 338.133514404296875 343.132598876953125 348.13165283203125 353.130706787109375 357.00726318359375 356.38470458984375 355.76214599609375 355.13958740234375 354.51702880859375 353.81988525390625 352.823638916015625 351.827392578125
336.442413330078125 338.079986572265625 338.9591064453125 336.798187255859375 334.637237548828125 332.476287841796875 330.31536865234375 328.490447998046875 328.012298583984375 327.5341796875 327.056060791015625 326.57794189453125 326.691986083984375 329.17950439453125 331.667022705078125 334.154541015625 336.642059326171875 338.86376953125 340.02001953125 341.176239013671875 342.332489013671875 343.488739013671875 343.829742431640625 340.90313720703125 337.9765625 335.04998779296875 332.1234130859375 329.86199951171875 330.2667236328125 330.671417236328125 331.07611083984375 331.480804443359375 332.60809326171875 336.631591796875 340.65509033203125 344.6785888671875 348.70208740234375 351.98956298828125 352.326995849609375 352.664459228515625 353.00189208984375 353.339324951171875 353.456512451171875 352.690887451171875 351.92523193359375
339.722930908203125 339.760528564453125 339.367095947265625 337.24615478515625 335.125213623046875 333.0042724609375 330.883331298828125 329.074462890625 328.516326904296875 327.958221435546875 327.40008544921875 326.84197998046875 326.828094482421875 328.995635986328125 331.16314697265625 333.330657958984375 335.4981689453125 337.4957275390625 338.81195068359375 340.128204345703125 341.444427490234375 342.76068115234375 343.28564453125 340.639068603515625 337.99249267578125 335.345916748046875 332.699310302734375 330.6220703125 330.8267822265625 331.031463623046875 331.236175537109375 331.440887451171875 332.208404541015625 335.231903076171875 338.255401611328125 341.278900146484375 344.302398681640625 346.98126220703125 348.2786865234375 349.576141357421875 350.873565673828125 352.1710205078125 353.10443115234375 352.57879638671875 352.05316162109375
