INPUT/RASTER/ASCII_no_standard/sand_5-15cm_mean.asc
ncols        225
nrows        269
xllcorner    473009.983799999987
yllcorner    4429051.174800000153
cellsize     50.000000000000
NODATA_value  -9999
[rows 100 to 119 of 269, columns 45 to 89 of 225]
325.948394775390625 324.667449951171875 323.60235595703125 323.40234375 323.202362060546875 323.002349853515625 322.8023681640625 322.88763427734375 324.116363525390625 325.3450927734375 326.57379150390625 327.802520751953125 329.21759033203125 331.37945556640625 333.541351318359375 335.703216552734375 337.865081787109375 339.913848876953125 341.5091552734375 343.10443115234375 344.699737548828125 346.2950439453125 347.644989013671875 348.011566162109375 348.378173828125 348.7447509765625 349.111328125 349.189788818359375 348.113555908203125 347.037322998046875 345.961090087890625 344.88482666015625 344.844085693359375 348.953765869140625 353.06341552734375 357.173095703125 361.282745361328125 364.6849365234375 365.25152587890625 365.818084716796875 366.384674072265625 366.951263427734375 367.483642578125 367.878936767578125 368.27423095703125
324.076385498046875 322.83544921875 321.8023681640625 321.60235595703125 321.40234375 321.202362060546875 321.002349853515625 321.1834716796875 322.8922119140625 324.600921630859375 326.309661865234375 328.01837158203125 329.801605224609375 331.88348388671875 333.965362548828125 336.0472412109375 338.129119873046875 340.153778076171875 341.949066162109375 343.744384765625 345.5396728515625 347.334991455078125 348.789093017578125 348.87567138671875 348.962249755859375 349.048828125 349.135406494140625 348.957855224609375 347.72161865234375 346.485382080078125 345.249114990234375 344.01287841796875 343.93194580078125 348.48162841796875 353.031280517578125 357.5809326171875 362.130615234375 365.82904052734375 366.1156005859375 366.402191162109375 366.688751220703125 366.975341796875 367.323577880859375 367.918853759765625 368.51416015625
322.204376220703125 321.003448486328125 320.002349853515625 319.8023681640625 319.60235595703125 319.40234375 319.202362060546875 319.479339599609375 321.668060302734375 323.856781005859375 326.045501708984375 328.234222412109375 330.3856201171875 332.38751220703125 334.389404296875 336.391265869140625 338.393157958984375 340.393707275390625 342.389007568359375 344.384307861328125 346.379608154296875 348.374908447265625 349.933197021484375 349.739776611328125 349.546356201171875 349.3529052734375 349.15948486328125 348.72589111328125 347.32965087890625 345.93341064453125 344.53717041015625 343.14093017578125 343.019805908203125 348.00946044921875 352.9991455078125 357.988800048828125 362.97845458984375 366.973114013671875 366.979705810546875 366.98626708984375 366.99285888671875 366.999420166015625 367.16351318359375 367.95880126953125 368.75408935546875
321.566497802734375 320.913330078125 320.350677490234375 320.150665283203125 319.950653076171875 319.75067138671875 319.5506591796875 319.907867431640625 322.49847412109375 325.089080810546875 327.6796875 330.270294189453125 332.66497802734375 334.27435302734375 335.883758544921875 337.4931640625 339.102569580078125 340.78216552734375 342.74310302734375 344.70404052734375 346.66497802734375 348.62591552734375 350.124176025390625 349.767913818359375 349.41168212890625 349.055450439453125 348.69921875 348.33734130859375 347.952911376953125 347.568450927734375 347.18402099609375 346.799591064453125 347.334320068359375 351.5531005859375 355.77191162109375 359.990692138671875 364.209503173828125 367.702880859375 368.288787841796875 368.87469482421875 369.460601806640625 370.0465087890625 370.651763916015625 371.334564208984375 372.01739501953125
320.95831298828125 320.865142822265625 320.75067138671875 320.5506591796875 320.350677490234375 320.150665283203125 319.950653076171875 320.38775634765625 323.37835693359375 326.36895751953125 329.35955810546875 332.35015869140625 334.985107421875 336.194488525390625 337.403900146484375 338.61328125 339.82269287109375 341.174163818359375 343.0950927734375 345.01605224609375 346.936981201171875 348.857940673828125 350.292205810546875 349.775970458984375 349.259735107421875 348.743499755859375 348.227264404296875 347.94500732421875 348.600555419921875 349.256134033203125 349.91168212890625 350.5672607421875 351.774566650390625 355.193359375 358.612152099609375 362.030975341796875 365.44976806640625 368.422698974609375 369.608612060546875 370.79449462890625 371.98040771484375 373.16632080078125 374.227783203125 374.790618896484375 375.353424072265625
320.350128173828125 320.816986083984375 321.150665283203125 320.950653076171875 320.75067138671875 320.5506591796875 320.350677490234375 320.86761474609375 324.25823974609375 327.648834228515625 331.0394287109375 334.430023193359375 337.30523681640625 338.1146240234375 338.92401123046875 339.733428955078125 340.542816162109375 341.566192626953125 343.447113037109375 345.32806396484375 347.209014892578125 349.089935302734375 350.46026611328125 349.784027099609375 349.1077880859375 348.431549072265625 347.75531005859375 347.55267333984375 349.24822998046875 350.94378662109375 352.63934326171875 354.334930419921875 356.21484375 358.8336181640625 361.452423095703125 364.07122802734375 366.69000244140625 369.14251708984375 370.92840576171875 372.71429443359375 374.500213623046875 376.286102294921875 377.8038330078125 378.24664306640625 378.689483642578125
319.741943359375 320.768798828125 321.5506591796875 321.350677490234375 321.150665283203125 320.950653076171875 320.75067138671875 321.347503662109375 325.138092041015625 328.9287109375 332.71929931640625 336.5098876953125 339.6253662109375 340.034759521484375 340.44415283203125 340.853546142578125 341.262939453125 341.95819091796875 343.79913330078125 345.64007568359375 347.48101806640625 349.32196044921875 350.628326416015625 349.792083740234375 348.955841064453125 348.119598388671875 347.283355712890625 347.16033935546875 349.8958740234375 352.631439208984375 355.36700439453125 358.102569580078125 360.65509033203125 362.473876953125 364.292694091796875 366.111480712890625 367.930267333984375 369.8623046875 372.248199462890625 374.634124755859375 377.02001953125 379.405914306640625 381.3798828125 381.70269775390625 382.0255126953125
319.133758544921875 320.720611572265625 321.950653076171875 321.75067138671875 321.5506591796875 321.350677490234375 321.150665283203125 321.827362060546875 326.017974853515625 330.20855712890625 334.399169921875 338.58978271484375 341.94549560546875 341.95489501953125 341.96429443359375 341.97369384765625 341.98309326171875 342.3502197265625 344.151153564453125 345.95208740234375 347.753021240234375 349.553955078125 350.79638671875 349.800140380859375 348.80389404296875 347.807647705078125 346.8114013671875 346.767974853515625 350.543548583984375 354.319122314453125 358.09466552734375 361.8702392578125 365.0953369140625 366.1141357421875 367.1329345703125 368.1517333984375 369.1705322265625 370.582122802734375 373.568023681640625 376.553924560546875 379.539825439453125 382.525726318359375 384.955902099609375 385.158721923828125 385.361541748046875
321.02581787109375 322.0008544921875 322.756866455078125 322.634979248046875 322.51312255859375 322.3912353515625 322.26934814453125 322.885650634765625 326.460693359375 330.035736083984375 333.61077880859375 337.185791015625 340.125 340.515594482421875 340.90618896484375 341.296783447265625 341.6873779296875 342.34381103515625 344.065704345703125 345.787567138671875 347.50946044921875 349.2313232421875 350.456512451171875 349.690887451171875 348.92523193359375 348.15960693359375 347.393951416015625 347.352783203125 350.21533203125 353.077911376953125 355.940460205078125 358.803009033203125 361.41064453125 362.996551513671875 364.58245849609375 366.168365478515625 367.7542724609375 369.56793212890625 372.29449462890625 375.021087646484375 377.747650146484375 380.4742431640625 382.7899169921875 383.458648681640625 384.127349853515625
322.97802734375 323.313079833984375 323.572845458984375 323.530975341796875 323.48907470703125 323.44720458984375 323.40533447265625 323.957855224609375 326.892913818359375 329.82794189453125 332.762969970703125 335.697998046875 338.204864501953125 338.995452880859375 339.78607177734375 340.57666015625 341.36724853515625 342.327850341796875 343.9697265625 345.611602783203125 347.25347900390625 348.895355224609375 350.10443115234375 349.57879638671875 349.05316162109375 348.52752685546875 348.00189208984375 347.961090087890625 349.8636474609375 351.766204833984375 353.66876220703125 355.571319580078125 357.53045654296875 359.71636962890625 361.902252197265625 364.088165283203125 366.274078369140625 368.51202392578125 370.958587646484375 373.405181884765625 375.85174560546875 378.29833984375 380.485748291015625 381.634490966796875 382.783203125
324.93023681640625 324.625274658203125 324.388824462890625 324.42694091796875 324.465057373046875 324.503173828125 324.541290283203125 325.030059814453125 327.325103759765625 329.620147705078125 331.915191650390625 334.210205078125 336.28472900390625 337.475341796875 338.665924072265625 339.856536865234375 341.047119140625 342.311859130859375 343.873748779296875 345.435638427734375 346.99749755859375 348.55938720703125 349.752349853515625 349.46673583984375 349.18109130859375 348.89544677734375 348.60980224609375 348.56939697265625 349.511962890625 350.45452880859375 351.397064208984375 352.339630126953125 353.6502685546875 356.4361572265625 359.222076416015625 362.007965087890625 364.79388427734375 367.45611572265625 369.6226806640625 371.789276123046875 373.955841064453125 376.1224365234375 378.181610107421875 379.810333251953125 381.439056396484375
326.8824462890625 325.937469482421875 325.204803466796875 325.322906494140625 325.4410400390625 325.55914306640625 325.677276611328125 326.102264404296875 327.75732421875 329.412353515625 331.0673828125 332.722412109375 334.364593505859375 335.9552001953125 337.545806884765625 339.13641357421875 340.72698974609375 342.2958984375 343.77777099609375 345.2596435546875 346.741546630859375 348.223419189453125 349.400299072265625 349.354644775390625 349.30902099609375 349.26336669921875 349.217742919921875 349.177734375 349.1602783203125 349.142822265625 349.125396728515625 349.107940673828125 349.77008056640625 353.155975341796875 356.5418701171875 359.927764892578125 363.313690185546875 366.40020751953125 368.286773681640625 370.173370361328125 372.0599365234375 373.946502685546875 375.87744140625 377.986175537109375 380.09490966796875
328.83465576171875 327.24969482421875 326.020751953125 326.2188720703125 326.4169921875 326.6151123046875 326.813232421875 327.174468994140625 328.18951416015625 329.204559326171875 330.2196044921875 331.234619140625 332.4444580078125 334.43505859375 336.4256591796875 338.416259765625 340.4068603515625 342.2799072265625 343.681793212890625 345.08367919921875 346.485565185546875 347.887451171875 349.0482177734375 349.2425537109375 349.436920166015625 349.63128662109375 349.825653076171875 349.786041259765625 348.80859375 347.831146240234375 346.85369873046875 345.876251220703125 345.889862060546875 349.875762939453125 353.861663818359375 357.84759521484375 361.83349609375 365.34429931640625 366.95086669921875 368.55743408203125 370.164031982421875 371.770599365234375 373.57330322265625 376.162017822265625 378.750732421875
334.434600830078125 333.654876708984375 333.039581298828125 333.08331298828125 333.1270751953125 333.17083740234375 333.214599609375 333.46490478515625 334.54302978515625 335.62115478515625 336.699249267578125 337.777374267578125 339.047393798828125 341.08642578125 343.12548828125 345.16455078125 347.20361328125 349.05267333984375 350.14019775390625 351.22772216796875 352.31524658203125 353.402740478515625 354.305267333984375 354.4661865234375 354.62713623046875 354.7880859375 354.949005126953125 354.909332275390625 354.065582275390625 353.221832275390625 352.3780517578125 351.5343017578125 351.509552001953125 354.76739501953125 358.0252685546875 361.283111572265625 364.54095458984375 367.52239990234375 369.39581298828125 371.26922607421875 373.14263916015625 375.016082763671875 377.0423583984375 379.681427001953125 382.32049560546875
340.122344970703125 340.182586669921875 340.207611083984375 340.09136962890625 339.975128173828125 339.85888671875 339.742645263671875 339.880859375 341.03900146484375 342.197113037109375 343.355224609375 344.51336669921875 345.855377197265625 347.934417724609375 350.01348876953125 352.092559814453125 354.171600341796875 355.98876953125 356.75628662109375 357.523834228515625 358.291351318359375 359.058868408203125 359.697265625 359.818206787109375 359.93914794921875 360.060089111328125 360.1810302734375 360.14129638671875 359.45751953125 358.773773193359375 358.09002685546875 357.40625 357.3577880859375 359.85565185546875 362.353485107421875 364.851348876953125 367.349212646484375 369.778289794921875 371.93170166015625 374.08514404296875 376.238555908203125 378.3919677734375 380.650360107421875 383.32940673828125 386.00848388671875
345.81005859375 346.7103271484375 347.37567138671875 347.09942626953125 346.82318115234375 346.54693603515625 346.270721435546875 346.296844482421875 347.53497314453125 348.773101806640625 350.011199951171875 351.24932861328125 352.663360595703125 354.78240966796875 356.901458740234375 359.020538330078125 361.13958740234375 362.924896240234375 363.372406005859375 363.819915771484375 364.2674560546875 364.7149658203125 365.08929443359375 365.17022705078125 365.25115966796875 365.33209228515625 365.413055419921875 365.37322998046875 364.8494873046875 364.325714111328125 363.801971435546875 363.2781982421875 363.206024169921875 364.943878173828125 366.681732177734375 368.41961669921875 370.157470703125 372.034210205078125 374.467620849609375 376.90106201171875 379.33447265625 381.76788330078125 384.258331298828125 386.9774169921875 389.69647216796875
351.497802734375 353.238067626953125 354.543731689453125 354.10748291015625 353.671234130859375 353.2349853515625 352.79876708984375 352.71282958984375 354.03094482421875 355.34906005859375 356.66717529296875 357.98529052734375 359.471343994140625 361.630401611328125 363.789459228515625 365.948516845703125 368.107574462890625 369.860992431640625 369.988494873046875 370.11602783203125 370.243560791015625 370.371063232421875 370.481292724609375 370.522247314453125 370.56317138671875 370.6041259765625 370.645050048828125 370.605194091796875 370.241424560546875 369.877655029296875 369.513916015625 369.150146484375 369.054290771484375 370.032135009765625 371.009979248046875 371.98785400390625 372.9656982421875 374.29010009765625 377.0035400390625 379.716949462890625 382.430389404296875 385.143798828125 387.8663330078125 390.625396728515625 393.38446044921875
357.185516357421875 359.765777587890625 361.711761474609375 361.11553955078125 360.519287109375 359.923065185546875 359.326812744140625 359.1287841796875 360.52691650390625 361.925048828125 363.323150634765625 364.721282958984375 366.279327392578125 368.4783935546875 370.677459716796875 372.876495361328125 375.0755615234375 376.797088623046875 376.6046142578125 376.412139892578125 376.219635009765625 376.02716064453125 375.873321533203125 375.874237060546875 375.87518310546875 375.876129150390625 375.8770751953125 375.837127685546875 375.63336181640625 375.42962646484375 375.225860595703125 375.0220947265625 374.90252685546875 375.120391845703125 375.338226318359375 375.55609130859375 375.773956298828125 376.5460205078125 379.539459228515625 382.532867431640625 385.526275634765625 388.51971435546875 391.474334716796875 394.27337646484375 397.07244873046875
359.194183349609375 361.403564453125 362.997406005859375 362.123992919921875 361.25054931640625 360.37713623046875 359.50372314453125 359.06085205078125 360.343658447265625 361.626495361328125 362.9093017578125 364.192138671875 365.62689208984375 367.670654296875 369.71441650390625 371.7581787109375 373.801910400390625 375.4444580078125 375.47882080078125 375.51318359375 375.54754638671875 375.5819091796875 375.6171875 375.65625 375.6953125 375.734375 375.7734375 375.749176025390625 375.471038818359375 375.19293212890625 374.914794921875 374.636688232421875 374.508636474609375 374.9820556640625 375.455474853515625 375.92889404296875 376.402313232421875 377.419219970703125 380.614532470703125 383.809814453125 387.005126953125 390.200439453125 393.30120849609375 396.0230712890625 398.744964599609375
361.114288330078125 362.9237060546875 364.1414794921875 362.988067626953125 361.83465576171875 360.681243896484375 359.527801513671875 358.836883544921875 359.99969482421875 361.16253662109375 362.325347900390625 363.4881591796875 364.794952392578125 366.6787109375 368.562469482421875 370.44622802734375 372.329986572265625 373.892364501953125 374.166748046875 374.44110107421875 374.7154541015625 374.98980712890625 375.225189208984375 375.304229736328125 375.38330078125 375.462371826171875 375.541412353515625 375.533203125 375.175079345703125 374.81695556640625 374.458831787109375 374.1007080078125 373.96453857421875 374.71795654296875 375.47137451171875 376.22479248046875 376.97821044921875 378.2591552734375 381.654449462890625 385.049774169921875 388.445068359375 391.840362548828125 395.085235595703125 397.72711181640625 400.368988037109375
