INPUT/RASTER/ASCII_no_standard/sand_5-15cm_mean.asc
ncols        225
nrows        269
xllcorner    473009.983799999987
yllcorner    4429051.174800000153
cellsize     50.000000000000
NODATA_value  -9999
[rows 180 to 199 of 269, columns 135 to 179 of 225]
397.307098388671875 398.15460205078125 398.008544921875 393.880096435546875 389.751617431640625 385.6231689453125 381.494720458984375 377.97381591796875 376.88818359375 375.80255126953125 374.7169189453125 373.631256103515625 372.5570068359375 371.52825927734375 370.499542236328125 369.4708251953125 368.442108154296875 367.753814697265625 368.4300537109375 369.106292724609375 369.782562255859375 370.45880126953125 371.28143310546875 372.690826416015625 374.1002197265625 375.509613037109375 376.91900634765625 377.95855712890625 377.5157470703125 377.07293701171875 376.630126953125 376.187286376953125 375.792022705078125 375.587310791015625 375.38262939453125 375.17791748046875 374.973236083984375 374.466156005859375 372.7470703125 371.02801513671875 369.3089599609375 367.58990478515625 366.525970458984375 368.087860107421875 369.64971923828125
396.483184814453125 397.010711669921875 396.680419921875 392.911956787109375 389.14349365234375 385.37506103515625 381.606597900390625 378.4217529296875 377.57611083984375 376.73046875 375.88482666015625 375.0391845703125 374.0611572265625 372.55242919921875 371.043701171875 369.53497314453125 368.026275634765625 366.98577880859375 367.822021484375 368.65826416015625 369.4945068359375 370.33074951171875 371.2015380859375 372.2109375 373.2203369140625 374.229736328125 375.2391357421875 375.9825439453125 375.659698486328125 375.336883544921875 375.014068603515625 374.691253662109375 374.43194580078125 374.42724609375 374.42254638671875 374.4178466796875 374.41314697265625 374.05816650390625 372.299102783203125 370.5400390625 368.780975341796875 367.02191162109375 365.910003662109375 367.391876220703125 368.873748779296875
395.6593017578125 395.8668212890625 395.352294921875 391.94384765625 388.535400390625 385.126922607421875 381.718475341796875 378.869659423828125 378.2640380859375 377.65838623046875 377.052764892578125 376.447113037109375 375.5653076171875 373.57659912109375 371.587860107421875 369.599151611328125 367.61041259765625 366.21771240234375 367.213958740234375 368.210205078125 369.206451416015625 370.20269775390625 371.121673583984375 371.7310791015625 372.340484619140625 372.94989013671875 373.55926513671875 374.006500244140625 373.803680419921875 373.600860595703125 373.398040771484375 373.195220947265625 373.0718994140625 373.267181396484375 373.462493896484375 373.657806396484375 373.85308837890625 373.650177001953125 371.851104736328125 370.05206298828125 368.25299072265625 366.45391845703125 365.29400634765625 366.695892333984375 368.0977783203125
395.06170654296875 395.691375732421875 395.43060302734375 391.6009521484375 387.771270751953125 383.941619873046875 380.111968994140625 376.989593505859375 376.702056884765625 376.41455078125 376.12701416015625 375.839508056640625 375.358245849609375 374.100372314453125 372.842529296875 371.58465576171875 370.326812744140625 369.48858642578125 370.33233642578125 371.176116943359375 372.019866943359375 372.863616943359375 373.55731201171875 373.6495361328125 373.74176025390625 373.833984375 373.92620849609375 373.936676025390625 373.619476318359375 373.30230712890625 372.985137939453125 372.667938232421875 372.422821044921875 372.466583251953125 372.510345458984375 372.554107666015625 372.597869873046875 372.3046875 370.660919189453125 369.01715087890625 367.373382568359375 365.729644775390625 364.763824462890625 366.515380859375 368.26690673828125
394.469573974609375 395.539215087890625 395.542755126953125 391.273101806640625 387.00341796875 382.7337646484375 378.464111328125 375.053466796875 375.085968017578125 375.118438720703125 375.150909423828125 375.18341064453125 375.1099853515625 374.61212158203125 374.114288330078125 373.616424560546875 373.118560791015625 372.856658935546875 373.5404052734375 374.224151611328125 374.907928466796875 375.5916748046875 376.053497314453125 375.625701904296875 375.19793701171875 374.7701416015625 374.342376708984375 373.9127197265625 373.47552490234375 373.038330078125 372.601165771484375 372.163970947265625 371.7908935546875 371.674652099609375 371.55841064453125 371.442169189453125 371.325927734375 370.936614990234375 369.452850341796875 367.9691162109375 366.4853515625 365.0015869140625 364.2357177734375 366.347259521484375 368.45880126953125
393.877410888671875 395.3870849609375 395.6549072265625 390.945220947265625 386.235565185546875 381.525909423828125 376.816253662109375 373.11737060546875 373.4698486328125 373.82232666015625 374.1748046875 374.527313232421875 374.86175537109375 375.123870849609375 375.386016845703125 375.648162841796875 375.910308837890625 376.224700927734375 376.748443603515625 377.272216796875 377.79595947265625 378.319732666015625 378.549652099609375 377.60186767578125 376.654083251953125 375.706329345703125 374.758544921875 373.88873291015625 373.331573486328125 372.774383544921875 372.217193603515625 371.6600341796875 371.158935546875 370.8826904296875 370.6064453125 370.330230712890625 370.053985595703125 369.568572998046875 368.24481201171875 366.921051025390625 365.5972900390625 364.273529052734375 363.707611083984375 366.17913818359375 368.65069580078125
393.2852783203125 395.234954833984375 395.76702880859375 390.61737060546875 385.46771240234375 380.31805419921875 375.16839599609375 371.1812744140625 371.853759765625 372.5262451171875 373.198699951171875 373.871185302734375 374.613494873046875 375.635650634765625 376.65777587890625 377.679931640625 378.702056884765625 379.592742919921875 379.956512451171875 380.32025146484375 380.68402099609375 381.04779052734375 381.04583740234375 379.578033447265625 378.110260009765625 376.642486572265625 375.174713134765625 373.864776611328125 373.187591552734375 372.51043701171875 371.833251953125 371.15606689453125 370.5269775390625 370.09075927734375 369.654510498046875 369.21826171875 368.78204345703125 368.200531005859375 367.036773681640625 365.87298583984375 364.709228515625 363.54547119140625 363.179473876953125 366.011016845703125 368.842559814453125
392.693145751953125 395.082794189453125 395.879180908203125 390.289520263671875 384.699859619140625 379.110198974609375 373.520538330078125 369.24517822265625 370.237640380859375 371.230133056640625 372.222625732421875 373.215087890625 374.365234375 376.14739990234375 377.929534912109375 379.711669921875 381.49383544921875 382.960784912109375 383.16455078125 383.368316650390625 383.57208251953125 383.775848388671875 383.5419921875 381.554229736328125 379.566436767578125 377.578643798828125 375.59088134765625 373.8408203125 373.04364013671875 372.2464599609375 371.44927978515625 370.652099609375 369.895050048828125 369.298797607421875 368.70257568359375 368.1063232421875 367.51007080078125 366.83245849609375 365.828704833984375 364.824951171875 363.821197509765625 362.81744384765625 362.6513671875 365.842926025390625 369.034454345703125
386.499908447265625 388.860870361328125 389.975372314453125 386.093994140625 382.212646484375 378.331298828125 374.449951171875 371.62127685546875 373.011871337890625 374.402496337890625 375.7930908203125 377.183685302734375 378.515655517578125 379.612548828125 380.70947265625 381.806396484375 382.9033203125 383.8055419921875 383.92742919921875 384.049285888671875 384.171173095703125 384.293060302734375 383.9444580078125 381.7100830078125 379.475738525390625 377.241363525390625 375.00701904296875 373.03564453125 372.11846923828125 371.2012939453125 370.28411865234375 369.366943359375 368.55987548828125 368.194244384765625 367.82861328125 367.462982177734375 367.097320556640625 366.63623046875 365.792449951171875 364.948699951171875 364.104949951171875 363.26116943359375 363.170257568359375 366.09686279296875 369.0234375
380.17193603515625 382.49285888671875 383.926788330078125 381.805450439453125 379.68408203125 377.562744140625 375.441375732421875 374.10113525390625 375.891754150390625 377.682342529296875 379.47296142578125 381.2635498046875 382.771881103515625 383.1488037109375 383.525726318359375 383.902618408203125 384.279541015625 384.589569091796875 384.631439208984375 384.67333984375 384.7152099609375 384.757080078125 384.296539306640625 381.822174072265625 379.347808837890625 376.873443603515625 374.399078369140625 372.211700439453125 371.174530029296875 370.1373291015625 369.10015869140625 368.06298828125 367.207794189453125 367.0821533203125 366.95654296875 366.830902099609375 366.70526123046875 366.468170166015625 365.784423828125 365.10064697265625 364.416900634765625 363.733123779296875 363.71435546875 366.360931396484375 369.00750732421875
373.84393310546875 376.1248779296875 377.87823486328125 377.516876220703125 377.155517578125 376.794158935546875 376.43280029296875 376.581024169921875 378.771636962890625 380.96221923828125 383.15283203125 385.343414306640625 387.028106689453125 386.685028076171875 386.341949462890625 385.998870849609375 385.655792236328125 385.37359619140625 385.335479736328125 385.29736328125 385.25921630859375 385.221099853515625 384.64862060546875 381.934234619140625 379.219879150390625 376.505523681640625 373.791168212890625 371.387725830078125 370.230560302734375 369.0733642578125 367.91619873046875 366.759002685546875 365.855743408203125 365.9700927734375 366.084442138671875 366.198822021484375 366.31317138671875 366.30010986328125 365.7763671875 365.252593994140625 364.728851318359375 364.205078125 364.258453369140625 366.625030517578125 368.991607666015625
367.515960693359375 369.75689697265625 371.82965087890625 373.228302001953125 374.626953125 376.025604248046875 377.424224853515625 379.060882568359375 381.6514892578125 384.242095947265625 386.83270263671875 389.423309326171875 391.284332275390625 390.22125244140625 389.158172607421875 388.0950927734375 387.032012939453125 386.157623291015625 386.03948974609375 385.92138671875 385.803253173828125 385.685150146484375 385.00067138671875 382.04632568359375 379.091949462890625 376.137603759765625 373.1832275390625 370.56378173828125 369.286590576171875 368.0093994140625 366.73223876953125 365.455047607421875 364.503662109375 364.858001708984375 365.212371826171875 365.566741943359375 365.92108154296875 366.132080078125 365.768310546875 365.404541015625 365.040802001953125 364.677032470703125 364.80255126953125 366.889129638671875 368.9757080078125
361.187957763671875 363.388916015625 365.78106689453125 368.939727783203125 372.098388671875 375.25701904296875 378.415679931640625 381.540771484375 384.5313720703125 387.52197265625 390.5125732421875 393.503173828125 395.54058837890625 393.75750732421875 391.97442626953125 390.19134521484375 388.408233642578125 386.941650390625 386.7435302734375 386.54541015625 386.3472900390625 386.149169921875 385.352752685546875 382.158416748046875 378.96405029296875 375.769683837890625 372.5753173828125 369.73980712890625 368.342620849609375 366.945465087890625 365.54827880859375 364.151092529296875 363.151580810546875 363.745941162109375 364.340301513671875 364.934661865234375 365.529022216796875 365.964019775390625 365.76025390625 365.556488037109375 365.35272216796875 365.14898681640625 365.34661865234375 367.1531982421875 368.95977783203125
361.312896728515625 362.927001953125 364.935760498046875 368.5263671875 372.116943359375 375.707550048828125 379.29815673828125 382.724029541015625 385.48968505859375 388.25531005859375 391.020965576171875 393.786590576171875 395.624969482421875 393.746856689453125 391.868743896484375 389.990631103515625 388.112518310546875 386.522674560546875 386.08831787109375 385.6539306640625 385.219573974609375 384.78521728515625 383.79083251953125 380.5517578125 377.312713623046875 374.073638916015625 370.8345947265625 368.040740966796875 367.031341552734375 366.021942138671875 365.012542724609375 364.003143310546875 363.315093994140625 363.91510009765625 364.515106201171875 365.1151123046875 365.715118408203125 366.17877197265625 366.095947265625 366.01312255859375 365.9302978515625 365.84747314453125 366.054840087890625 367.4251708984375 368.795501708984375
361.59307861328125 362.607177734375 364.21563720703125 368.20623779296875 372.19683837890625 376.18743896484375 380.17803955078125 383.876129150390625 386.401763916015625 388.927398681640625 391.453033447265625 393.978668212890625 395.6090087890625 393.65087890625 391.692779541015625 389.734649658203125 387.776519775390625 386.074737548828125 385.400390625 384.72601318359375 384.051666259765625 383.377288818359375 382.182830810546875 378.903778076171875 375.624725341796875 372.345672607421875 369.06658935546875 366.32061767578125 365.711212158203125 365.101806640625 364.492401123046875 363.883026123046875 363.515106201171875 364.1151123046875 364.715118408203125 365.315093994140625 365.91510009765625 366.4027099609375 366.439910888671875 366.477081298828125 366.514251708984375 366.55145263671875 366.7669677734375 367.697296142578125 368.627655029296875
361.873291015625 362.287384033203125 363.4954833984375 367.8861083984375 372.276702880859375 376.66729736328125 381.057891845703125 385.0281982421875 387.3138427734375 389.599456787109375 391.885101318359375 394.170745849609375 395.593048095703125 393.554901123046875 391.51678466796875 389.478668212890625 387.4405517578125 385.6268310546875 384.71246337890625 383.798095703125 382.88372802734375 381.969390869140625 380.574859619140625 377.25579833984375 373.936737060546875 370.61767578125 367.298614501953125 364.600494384765625 364.391082763671875 364.181671142578125 363.9722900390625 363.76287841796875 363.715118408203125 364.315093994140625 364.91510009765625 365.515106201171875 366.1151123046875 366.626678466796875 366.78387451171875 366.9410400390625 367.098236083984375 367.255401611328125 367.4791259765625 367.969451904296875 368.45977783203125
362.153472900390625 361.96759033203125 362.775360107421875 367.56597900390625 372.3565673828125 377.14715576171875 381.937774658203125 386.180267333984375 388.225921630859375 390.27154541015625 392.31719970703125 394.362823486328125 395.577056884765625 393.458953857421875 391.3408203125 389.222686767578125 387.104583740234375 385.17889404296875 384.0245361328125 382.87017822265625 381.7158203125 380.56146240234375 378.96685791015625 375.607818603515625 372.248748779296875 368.889678955078125 365.5306396484375 362.880340576171875 363.070953369140625 363.261566162109375 363.4521484375 363.64276123046875 363.91510009765625 364.515106201171875 365.1151123046875 365.715118408203125 366.315093994140625 366.85064697265625 367.127838134765625 367.404998779296875 367.68218994140625 367.959381103515625 368.191253662109375 368.241607666015625 368.29193115234375
362.433685302734375 361.64776611328125 362.05523681640625 367.245849609375 372.436431884765625 377.627044677734375 382.817626953125 387.33233642578125 389.13800048828125 390.943634033203125 392.749267578125 394.554901123046875 395.56109619140625 393.36297607421875 391.16485595703125 388.96673583984375 386.76861572265625 384.730987548828125 383.33660888671875 381.9422607421875 380.547882080078125 379.153533935546875 377.35888671875 373.959808349609375 370.560760498046875 367.161712646484375 363.76263427734375 361.16021728515625 361.750823974609375 362.3414306640625 362.932037353515625 363.522613525390625 364.1151123046875 364.715118408203125 365.315093994140625 365.91510009765625 366.515106201171875 367.074615478515625 367.4718017578125 367.86895751953125 368.266143798828125 368.663330078125 368.903411865234375 368.51373291015625 368.12408447265625
362.78387451171875 362.335418701171875 363.07720947265625 368.589691162109375 374.1021728515625 379.614654541015625 385.12713623046875 389.80474853515625 391.136016845703125 392.46728515625 393.798583984375 395.129852294921875 395.849609375 394.118316650390625 392.387054443359375 390.65576171875 388.92449951171875 387.157958984375 385.25018310546875 383.3424072265625 381.43463134765625 379.52685546875 377.32110595703125 373.921112060546875 370.521087646484375 367.12109375 363.721099853515625 361.065216064453125 361.39178466796875 361.718353271484375 362.044952392578125 362.37152099609375 362.760498046875 363.399566650390625 364.038604736328125 364.67767333984375 365.316741943359375 365.908050537109375 366.308074951171875 366.70806884765625 367.108062744140625 367.508056640625 367.826324462890625 367.816925048828125 367.807525634765625
363.135772705078125 363.04730224609375 364.14111328125 369.973602294921875 375.806060791015625 381.6385498046875 387.471038818359375 392.30889892578125 393.16015625 394.011444091796875 394.86273193359375 395.7139892578125 396.14544677734375 394.8941650390625 393.64288330078125 392.3916015625 391.140350341796875 389.654144287109375 387.226348876953125 384.798583984375 382.37078857421875 379.943023681640625 377.32110595703125 373.921112060546875 370.521087646484375 367.12109375 363.721099853515625 361.009307861328125 361.055877685546875 361.102447509765625 361.1490478515625 361.19561767578125 361.368499755859375 362.04754638671875 362.726593017578125 363.405670166015625 364.084716796875 364.70806884765625 365.108062744140625 365.508056640625 365.908050537109375 366.308074951171875 366.7061767578125 367.0968017578125 367.487396240234375
