INPUT/RASTER/ASCII_no_standard/sand_5-15cm_mean.asc
ncols        225
nrows        269
xllcorner    473009.983799999987
yllcorner    4429051.174800000153
cellsize     50.000000000000
NODATA_value  -9999
[rows 80 to 99 of 269, columns 45 to 89 of 225]
307.2564697265625 306.346832275390625 305.386810302734375 304.22491455078125 303.06304931640625 301.901153564453125 300.739288330078125 300.718414306640625 305.270904541015625 309.823394775390625 314.3758544921875 318.9283447265625 322.17913818359375 320.212554931640625 318.2459716796875 316.279388427734375 314.31280517578125 312.41943359375 310.819427490234375 309.21942138671875 307.619415283203125 306.019439697265625 305.39111328125 308.657440185546875 311.923736572265625 315.1900634765625 318.456390380859375 321.921539306640625 326.183685302734375 330.445831298828125 334.707977294921875 338.9700927734375 342.319366455078125 342.00970458984375 341.700042724609375 341.390380859375 341.080718994140625 341.041107177734375 342.083953857421875 343.12677001953125 344.169586181640625 345.21240234375 346.462493896484375 348.54345703125 350.6243896484375
307.248626708984375 305.898956298828125 304.602783203125 303.520904541015625 302.43902587890625 301.357147216796875 300.275238037109375 300.38232421875 305.254791259765625 310.127288818359375 314.999755859375 319.87225341796875 323.435028076171875 321.748443603515625 320.0618896484375 318.37530517578125 316.688720703125 315.019439697265625 313.41943359375 311.819427490234375 310.21942138671875 308.619415283203125 307.767486572265625 309.913787841796875 312.06011962890625 314.2064208984375 316.352752685546875 319.07330322265625 324.095428466796875 329.117584228515625 334.13970947265625 339.161865234375 343.031524658203125 342.2818603515625 341.532196044921875 340.78253173828125 340.032867431640625 339.617156982421875 340.53997802734375 341.462799072265625 342.3856201171875 343.308441162109375 344.45452880859375 346.495452880859375 348.536407470703125
307.240753173828125 305.45111083984375 303.818756103515625 302.816864013671875 301.814971923828125 300.8131103515625 299.81121826171875 300.04620361328125 305.23870849609375 310.431182861328125 315.6236572265625 320.816131591796875 324.690948486328125 323.28436279296875 321.877777099609375 320.471221923828125 319.06463623046875 317.619415283203125 316.019439697265625 314.41943359375 312.819427490234375 311.21942138671875 310.143829345703125 311.170166015625 312.19647216796875 313.2227783203125 314.249114990234375 316.22503662109375 322.007171630859375 327.789337158203125 333.57147216796875 339.353607177734375 343.74365234375 342.553985595703125 341.36431884765625 340.1746826171875 338.985015869140625 338.193206787109375 338.99603271484375 339.798828125 340.601654052734375 341.40447998046875 342.446533203125 344.447479248046875 346.44842529296875
307.427886962890625 306.17474365234375 305.05010986328125 304.44073486328125 303.831329345703125 303.221923828125 302.612518310546875 302.882354736328125 306.676177978515625 310.47003173828125 314.26385498046875 318.05767822265625 320.84564208984375 319.60186767578125 318.358123779296875 317.114349365234375 315.87060546875 314.625885009765625 313.37744140625 312.128997802734375 310.880523681640625 309.632080078125 308.996368408203125 310.816619873046875 312.636871337890625 314.4571533203125 316.27740478515625 318.8143310546875 324.223724365234375 329.633148193359375 335.04254150390625 340.451934814453125 344.59619140625 343.66961669921875 342.7430419921875 341.816436767578125 340.889862060546875 340.3548583984375 341.38922119140625 342.423553466796875 343.457916259765625 344.492279052734375 345.618072509765625 347.11029052734375 348.602508544921875
307.619720458984375 306.926544189453125 306.329986572265625 306.12060546875 305.91119384765625 305.701812744140625 305.492401123046875 305.794830322265625 308.148651123046875 310.502471923828125 312.8563232421875 315.21014404296875 316.877593994140625 315.7938232421875 314.710052490234375 313.626312255859375 312.54254150390625 311.497772216796875 310.60931396484375 309.720855712890625 308.8323974609375 307.943939208984375 307.76409912109375 310.424346923828125 313.084625244140625 315.744873046875 318.4051513671875 321.534454345703125 326.543853759765625 331.553253173828125 336.562652587890625 341.572052001953125 345.45208740234375 344.805511474609375 344.158935546875 343.512359619140625 342.86578369140625 342.602783203125 343.87713623046875 345.1514892578125 346.42584228515625 347.700225830078125 348.91424560546875 349.886474609375 350.858673095703125
307.8115234375 307.678375244140625 307.60986328125 307.80047607421875 307.991058349609375 308.181671142578125 308.372283935546875 308.707275390625 309.621124267578125 310.534942626953125 311.44879150390625 312.36260986328125 312.9095458984375 311.98577880859375 311.06201171875 310.13824462890625 309.214508056640625 308.369659423828125 307.841217041015625 307.312744140625 306.7843017578125 306.255828857421875 306.53179931640625 310.032073974609375 313.5323486328125 317.0325927734375 320.532867431640625 324.254608154296875 328.863983154296875 333.473388671875 338.082794189453125 342.69219970703125 346.308013916015625 345.941436767578125 345.574859619140625 345.208282470703125 344.841705322265625 344.850677490234375 346.36505126953125 347.879425048828125 349.393768310546875 350.90814208984375 352.210418701171875 352.662628173828125 353.114837646484375
308.00335693359375 308.430206298828125 308.889739990234375 309.4803466796875 310.0709228515625 310.661529541015625 311.25213623046875 311.6197509765625 311.093597412109375 310.567413330078125 310.041259765625 309.51507568359375 308.94146728515625 308.177734375 307.413970947265625 306.65020751953125 305.886444091796875 305.241546630859375 305.073089599609375 304.904632568359375 304.736175537109375 304.567718505859375 305.299530029296875 309.639801025390625 313.980072021484375 318.320343017578125 322.66058349609375 326.9747314453125 331.184112548828125 335.393524169921875 339.602935791015625 343.81231689453125 347.163909912109375 347.07733154296875 346.990753173828125 346.9041748046875 346.817596435546875 347.098602294921875 348.85296630859375 350.607330322265625 352.3616943359375 354.116058349609375 355.506591796875 355.438812255859375 355.371002197265625
308.195159912109375 309.1820068359375 310.16961669921875 311.16021728515625 312.15081787109375 313.14141845703125 314.13201904296875 314.5322265625 312.5660400390625 310.599884033203125 308.63372802734375 306.66754150390625 304.973419189453125 304.369659423828125 303.765899658203125 303.162139892578125 302.558380126953125 302.113433837890625 302.304962158203125 302.49652099609375 302.68804931640625 302.879608154296875 304.0672607421875 309.247528076171875 314.42779541015625 319.608062744140625 324.788330078125 329.694854736328125 333.504241943359375 337.31365966796875 341.123046875 344.932464599609375 348.01983642578125 348.2132568359375 348.40667724609375 348.60009765625 348.79351806640625 349.346527099609375 351.34088134765625 353.33526611328125 355.329620361328125 357.323974609375 358.802734375 358.2149658203125 357.627197265625
308.269989013671875 309.230926513671875 310.07489013671875 310.449920654296875 310.824951171875 311.20001220703125 311.575042724609375 311.58502197265625 310.131866455078125 308.6787109375 307.225555419921875 305.77239990234375 304.559783935546875 304.31134033203125 304.0628662109375 303.814422607421875 303.565948486328125 303.430450439453125 303.74761962890625 304.064788818359375 304.381988525390625 304.69915771484375 305.928924560546875 310.816436767578125 315.7039794921875 320.59149169921875 325.47900390625 330.172760009765625 334.089935302734375 338.00714111328125 341.92431640625 345.84149169921875 349.039825439453125 349.357025146484375 349.6741943359375 349.991363525390625 350.308563232421875 350.883758544921875 352.4931640625 354.102569580078125 355.711944580078125 357.32135009765625 358.567596435546875 358.358184814453125 358.1488037109375
308.342010498046875 309.262939453125 309.94708251953125 309.68212890625 309.41717529296875 309.152191162109375 308.887237548828125 308.496856689453125 307.60369873046875 306.710540771484375 305.8173828125 304.924224853515625 304.231658935546875 304.34320068359375 304.454742431640625 304.5662841796875 304.677825927734375 304.854400634765625 305.291595458984375 305.728759765625 306.16595458984375 306.603118896484375 307.865020751953125 312.43255615234375 317.00006103515625 321.567596435546875 326.135101318359375 330.59674072265625 334.6339111328125 338.67108154296875 342.708282470703125 346.745452880859375 350.063812255859375 350.5009765625 350.93817138671875 351.375335693359375 351.812530517578125 352.403900146484375 353.61328125 354.82269287109375 356.0321044921875 357.241485595703125 358.247467041015625 358.43804931640625 358.628662109375
308.414031982421875 309.294952392578125 309.819305419921875 308.914337158203125 308.009368896484375 307.104400634765625 306.199462890625 305.408660888671875 305.07550048828125 304.742340087890625 304.4091796875 304.076019287109375 303.903564453125 304.375091552734375 304.846649169921875 305.31817626953125 305.78973388671875 306.278350830078125 306.835540771484375 307.392730712890625 307.94989013671875 308.507080078125 309.8011474609375 314.04864501953125 318.296173095703125 322.543701171875 326.79119873046875 331.02069091796875 335.1778564453125 339.335052490234375 343.492218017578125 347.6494140625 351.0877685546875 351.644927978515625 352.202117919921875 352.759307861328125 353.31646728515625 353.92401123046875 354.733428955078125 355.542816162109375 356.35223388671875 357.16162109375 357.927337646484375 358.517913818359375 359.1085205078125
308.48602294921875 309.32696533203125 309.691497802734375 308.14654541015625 306.601593017578125 305.056610107421875 303.51165771484375 302.32049560546875 302.547332763671875 302.774169921875 303.001007080078125 303.22784423828125 303.575439453125 304.406982421875 305.238525390625 306.070068359375 306.901611328125 307.70233154296875 308.3795166015625 309.056671142578125 309.733856201171875 310.411041259765625 311.73724365234375 315.664764404296875 319.59228515625 323.519805908203125 327.44732666015625 331.44464111328125 335.721832275390625 339.9990234375 344.27618408203125 348.553375244140625 352.111724853515625 352.788909912109375 353.466094970703125 354.14324951171875 354.8204345703125 355.44415283203125 355.853546142578125 356.262939453125 356.67236328125 357.081756591796875 357.607208251953125 358.597808837890625 359.588409423828125
308.55804443359375 309.358978271484375 309.563720703125 307.378753662109375 305.19378662109375 303.008819580078125 300.8238525390625 299.2322998046875 300.019134521484375 300.805999755859375 301.59283447265625 302.379669189453125 303.247314453125 304.438873291015625 305.630401611328125 306.821929931640625 308.01348876953125 309.12628173828125 309.9234619140625 310.72064208984375 311.517822265625 312.31500244140625 313.67333984375 317.280853271484375 320.88836669921875 324.49591064453125 328.103424072265625 331.868621826171875 336.26580810546875 340.6629638671875 345.060150146484375 349.45733642578125 353.13568115234375 353.932861328125 354.73004150390625 355.5272216796875 356.32440185546875 356.96429443359375 356.97369384765625 356.98309326171875 356.99249267578125 357.001861572265625 357.287078857421875 358.67767333984375 360.068267822265625
313.043975830078125 313.414337158203125 313.34942626953125 311.540008544921875 309.730621337890625 307.921234130859375 306.11181640625 304.784454345703125 305.38916015625 305.993865966796875 306.59857177734375 307.203277587890625 307.9736328125 309.407989501953125 310.84234619140625 312.276702880859375 313.7110595703125 315.02655029296875 315.865631103515625 316.704681396484375 317.543731689453125 318.3828125 319.6795654296875 322.81085205078125 325.942108154296875 329.073394775390625 332.204681396484375 335.394317626953125 338.81781005859375 342.241302490234375 345.664794921875 349.088287353515625 352.06591796875 353.25653076171875 354.4471435546875 355.637725830078125 356.828338623046875 357.835784912109375 358.109222412109375 358.38262939453125 358.65606689453125 358.929473876953125 359.365447998046875 360.452972412109375 361.540496826171875
317.636138916015625 317.56646728515625 317.229278564453125 315.81988525390625 314.410491943359375 313.0010986328125 311.591705322265625 310.544525146484375 310.94921875 311.35394287109375 311.758636474609375 312.163330078125 312.821563720703125 314.49591064453125 316.170257568359375 317.844635009765625 319.51898193359375 321.0345458984375 321.913604736328125 322.79266357421875 323.671722412109375 324.55078125 325.783721923828125 328.43499755859375 331.086273193359375 333.737548828125 336.388824462890625 338.99462890625 341.418121337890625 343.84161376953125 346.265106201171875 348.6885986328125 350.94580078125 352.536407470703125 354.12701416015625 355.71759033203125 357.308197021484375 358.69171142578125 359.2451171875 359.798553466796875 360.351959228515625 360.9053955078125 361.501556396484375 362.269073486328125 363.036590576171875
322.228271484375 321.718597412109375 321.109161376953125 320.099761962890625 319.090362548828125 318.080963134765625 317.071563720703125 316.304595947265625 316.509307861328125 316.7139892578125 316.918701171875 317.123382568359375 317.669464111328125 319.583831787109375 321.498199462890625 323.412567138671875 325.326904296875 327.04254150390625 327.96160888671875 328.880645751953125 329.799713134765625 330.718780517578125 331.88787841796875 334.05914306640625 336.230438232421875 338.401702880859375 340.572998046875 342.594940185546875 344.018463134765625 345.44195556640625 346.865447998046875 348.2889404296875 349.82568359375 351.8162841796875 353.806884765625 355.7974853515625 357.7880859375 359.547607421875 360.38104248046875 361.214447021484375 362.047882080078125 362.88128662109375 363.637664794921875 364.085174560546875 364.53271484375
326.820404052734375 325.870758056640625 324.989044189453125 324.379638671875 323.770233154296875 323.16082763671875 322.55145263671875 322.064666748046875 322.069366455078125 322.074066162109375 322.078765869140625 322.083465576171875 322.51739501953125 324.6717529296875 326.82611083984375 328.98046875 331.13482666015625 333.050537109375 334.00958251953125 334.968658447265625 335.927703857421875 336.88677978515625 337.992034912109375 339.683319091796875 341.374603271484375 343.06585693359375 344.75714111328125 346.195281982421875 346.6187744140625 347.042266845703125 347.46575927734375 347.889251708984375 348.705535888671875 351.09613037109375 353.48675537109375 355.877349853515625 358.2679443359375 360.403533935546875 361.516937255859375 362.63037109375 363.743804931640625 364.857208251953125 365.773773193359375 365.901275634765625 366.02880859375
331.412567138671875 330.02288818359375 328.868896484375 328.659515380859375 328.450103759765625 328.24072265625 328.03131103515625 327.824737548828125 327.629425048828125 327.434112548828125 327.23883056640625 327.04351806640625 327.365325927734375 329.759674072265625 332.154052734375 334.54840087890625 336.9427490234375 339.058502197265625 340.057586669921875 341.056640625 342.055694580078125 343.05474853515625 344.09619140625 345.307464599609375 346.51873779296875 347.730010986328125 348.941314697265625 349.79559326171875 349.219085693359375 348.642578125 348.06610107421875 347.489593505859375 347.585418701171875 350.376007080078125 353.1666259765625 355.95721435546875 358.747802734375 361.259429931640625 362.652862548828125 364.0462646484375 365.439697265625 366.8331298828125 367.909881591796875 367.7174072265625 367.52490234375
329.692413330078125 328.33148193359375 327.202362060546875 327.002349853515625 326.8023681640625 326.60235595703125 326.40234375 326.29595947265625 326.564666748046875 326.833404541015625 327.10211181640625 327.370849609375 328.049530029296875 330.37139892578125 332.69329833984375 335.015167236328125 337.3370361328125 339.4339599609375 340.6292724609375 341.8245849609375 343.019866943359375 344.215179443359375 345.3568115234375 346.28338623046875 347.209991455078125 348.136566162109375 349.063140869140625 349.6536865234375 348.8974609375 348.141204833984375 347.384979248046875 346.62872314453125 346.66839599609375 349.898040771484375 353.127716064453125 356.35736083984375 359.5870361328125 362.396759033203125 363.523345947265625 364.64990234375 365.7764892578125 366.903076171875 367.80377197265625 367.799072265625 367.79437255859375
327.820404052734375 326.499481201171875 325.40234375 325.202362060546875 325.002349853515625 324.8023681640625 324.60235595703125 324.591796875 325.34051513671875 326.0892333984375 326.83795166015625 327.586669921875 328.633544921875 330.87542724609375 333.1173095703125 335.35919189453125 337.60107421875 339.673919677734375 341.0692138671875 342.464508056640625 343.85980224609375 345.255126953125 346.50091552734375 347.147491455078125 347.7940673828125 348.440643310546875 349.08721923828125 349.4217529296875 348.5054931640625 347.589263916015625 346.67303466796875 345.75677490234375 345.7562255859375 349.4259033203125 353.095550537109375 356.765228271484375 360.43487548828125 363.54083251953125 364.387420654296875 365.2340087890625 366.080596923828125 366.927154541015625 367.643707275390625 367.8389892578125 368.0343017578125
