INPUT/RASTER/ASCII_no_standard/silt_5-15cm_mean.asc
ncols        225
nrows        269
xllcorner    473009.983799999987
yllcorner    4429051.174800000153
cellsize     50.000000000000
NODATA_value  -9999
[rows 60 to 79 of 269, columns 0 to 44 of 225]
0 0 0 0 0 0 0 8.98636627197265625 53.991107940673828125 98.995849609375 144.0005950927734375 189.0053253173828125 225.2376708984375 226.3092041015625 227.3807525634765625 228.4522857666015625 229.523834228515625 236.9783172607421875 270.016387939453125 303.054473876953125 336.092559814453125 369.130645751953125 395.3074951171875 393.983734130859375 392.65997314453125 391.336212158203125 390.012451171875 389.2591552734375 390.79229736328125 392.325469970703125 393.858612060546875 395.39178466796875 396.904083251953125 398.332794189453125 399.76153564453125 401.19024658203125 402.61895751953125 403.5303955078125 402.3685302734375 401.206634521484375 400.044769287109375 398.88287353515625 398.1640625 399.220977783203125 400.27789306640625
0 0 0 0 0 0 0 12.005467414855957031 72.13021087646484375 132.25494384765625 192.3796844482421875 252.504425048828125 300.9095458984375 302.341094970703125 303.77264404296875 305.20416259765625 306.635711669921875 311.33526611328125 329.133331298828125 346.931427001953125 364.7294921875 382.527587890625 396.5394287109375 395.37567138671875 394.2119140625 393.04815673828125 391.8843994140625 391.1473388671875 392.1204833984375 393.0936279296875 394.066802978515625 395.039947509765625 396.199920654296875 398.108642578125 400.017364501953125 401.92608642578125 403.834808349609375 405.146392822265625 404.06451416015625 402.982635498046875 401.9007568359375 400.81884765625 400.020294189453125 400.357208251953125 400.694122314453125
0 0 0 0 0 0 0 15.024568557739257813 90.26930999755859375 165.5140533447265625 240.7587890625 316.0035400390625 376.5814208984375 378.37298583984375 380.164520263671875 381.9560546875 383.747589111328125 385.69219970703125 388.250274658203125 390.808349609375 393.366424560546875 395.92449951171875 397.771392822265625 396.767608642578125 395.76385498046875 394.760101318359375 393.75634765625 393.035491943359375 393.44866943359375 393.86181640625 394.274993896484375 394.688140869140625 395.495758056640625 397.884490966796875 400.273223876953125 402.66192626953125 405.0506591796875 406.762359619140625 405.760467529296875 404.75860595703125 403.7567138671875 402.75482177734375 401.87652587890625 401.493438720703125 401.1103515625
0 0 0 0 0 0 0 15.150101661682128906 91.02352142333984375 166.896942138671875 242.7703704833984375 318.643798828125 379.679718017578125 381.245361328125 382.811004638671875 384.37664794921875 385.942291259765625 387.533203125 389.22540283203125 390.917633056640625 392.60986328125 394.30206298828125 395.542510986328125 394.97216796875 394.401824951171875 393.83148193359375 393.26116943359375 393.009368896484375 394.034332275390625 395.059295654296875 396.084259033203125 397.109222412109375 398.291748046875 400.1058349609375 401.919952392578125 403.734039306640625 405.548126220703125 406.77691650390625 405.659759521484375 404.542572021484375 403.425384521484375 402.308197021484375 401.388824462890625 401.262237548828125 401.135650634765625
0 0 0 0 0 0 0 15.206010818481445313 91.35942840576171875 167.512847900390625 243.6662750244140625 319.8197021484375 381.03179931640625 382.357452392578125 383.683074951171875 385.00872802734375 386.3343505859375 387.629364013671875 388.80157470703125 389.973785400390625 391.146026611328125 392.3182373046875 393.230377197265625 393.10003662109375 392.969696044921875 392.83935546875 392.709014892578125 392.937164306640625 394.60211181640625 396.26708984375 397.932037353515625 399.597015380859375 401.17193603515625 402.38604736328125 403.600128173828125 404.814239501953125 406.0283203125 406.752960205078125 405.515777587890625 404.278594970703125 403.041412353515625 401.804229736328125 400.8447265625 400.998138427734375 401.151580810546875
0 0 0 0 0 0 0 15.261919975280761719 91.695343017578125 168.1287689208984375 244.5621795654296875 320.99560546875 382.383880615234375 383.469512939453125 384.555145263671875 385.64080810546875 386.7264404296875 387.72552490234375 388.37774658203125 389.02996826171875 389.68218994140625 390.33441162109375 390.918212890625 391.227874755859375 391.53753662109375 391.847198486328125 392.1568603515625 392.864959716796875 395.169921875 397.474884033203125 399.77984619140625 402.084808349609375 404.0521240234375 404.666229248046875 405.28033447265625 405.894439697265625 406.508514404296875 406.72900390625 405.371826171875 404.0146484375 402.657470703125 401.30029296875 400.300628662109375 400.73406982421875 401.16748046875
0 0 0 0 0 0 0 15.317829132080078125 92.03125 168.7446746826171875 245.458099365234375 322.1715087890625 383.7359619140625 384.58160400390625 385.42724609375 386.27288818359375 387.1185302734375 387.82171630859375 387.95391845703125 388.086151123046875 388.218353271484375 388.3505859375 388.6060791015625 389.355743408203125 390.10540771484375 390.855072021484375 391.604736328125 392.792724609375 395.737701416015625 398.682647705078125 401.62762451171875 404.572601318359375 406.93231201171875 406.9464111328125 406.96051025390625 406.974609375 406.98870849609375 406.705047607421875 405.227874755859375 403.75067138671875 402.27349853515625 400.79632568359375 399.756561279296875 400.469970703125 401.183380126953125
0 0 0 0 0 0 0 15.373738288879394531 92.367156982421875 169.3605804443359375 246.35400390625 323.347412109375 385.088043212890625 385.69366455078125 386.29931640625 386.90496826171875 387.510589599609375 387.917877197265625 387.53009033203125 387.142303466796875 386.7545166015625 386.366729736328125 386.2939453125 387.483612060546875 388.673248291015625 389.8629150390625 391.052581787109375 392.72052001953125 396.30548095703125 399.89044189453125 403.47540283203125 407.060394287109375 409.812530517578125 409.22662353515625 408.640716552734375 408.0548095703125 407.468902587890625 406.68109130859375 405.083892822265625 403.486724853515625 401.8895263671875 400.2923583984375 399.21246337890625 400.20587158203125 401.199310302734375
0 0 3.0417568683624267578 18.275218963623046875 33.5086822509765625 48.742145538330078125 63.975605010986328125 88.5006103515625 150.26715087890625 212.0336761474609375 273.80023193359375 335.5667724609375 385.11981201171875 385.719818115234375 386.319793701171875 386.9197998046875 387.519805908203125 387.920135498046875 387.5201416015625 387.1201171875 386.720123291015625 386.32012939453125 386.2396240234375 387.439605712890625 388.639617919921875 389.839599609375 391.03961181640625 392.718841552734375 396.31884765625 399.9188232421875 403.518829345703125 407.11883544921875 409.88018798828125 409.280181884765625 408.680206298828125 408.0802001953125 407.480194091796875 406.680511474609375 405.08050537109375 403.48052978515625 401.880523681640625 400.280517578125 399.199676513671875 400.199676513671875 401.199676513671875
0 0 6.1567025184631347656 36.99016571044921875 67.8236236572265625 98.6570892333984375 129.4905548095703125 163.3856658935546875 209.5522003173828125 255.7187347412109375 301.885284423828125 348.05181884765625 385.11981201171875 385.719818115234375 386.319793701171875 386.9197998046875 387.519805908203125 387.920135498046875 387.5201416015625 387.1201171875 386.720123291015625 386.32012939453125 386.2396240234375 387.439605712890625 388.639617919921875 389.839599609375 391.03961181640625 392.718841552734375 396.31884765625 399.9188232421875 403.518829345703125 407.11883544921875 409.88018798828125 409.280181884765625 408.680206298828125 408.0802001953125 407.480194091796875 406.680511474609375 405.08050537109375 403.48052978515625 401.880523681640625 400.280517578125 399.199676513671875 400.199676513671875 401.199676513671875
0 0 9.271648406982421875 55.705108642578125 102.13857269287109375 148.5720367431640625 195.0054931640625 238.270721435546875 268.837249755859375 299.403778076171875 329.9703369140625 360.536865234375 385.11981201171875 385.719818115234375 386.319793701171875 386.9197998046875 387.519805908203125 387.920135498046875 387.5201416015625 387.1201171875 386.720123291015625 386.32012939453125 386.2396240234375 387.439605712890625 388.639617919921875 389.839599609375 391.03961181640625 392.718841552734375 396.31884765625 399.9188232421875 403.518829345703125 407.11883544921875 409.88018798828125 409.280181884765625 408.680206298828125 408.0802001953125 407.480194091796875 406.680511474609375 405.08050537109375 403.48052978515625 401.880523681640625 400.280517578125 399.199676513671875 400.199676513671875 401.199676513671875
0 0 12.386593818664550781 74.4200592041015625 136.453521728515625 198.4869842529296875 260.52044677734375 313.15576171875 328.122314453125 343.088836669921875 358.055389404296875 373.02191162109375 385.11981201171875 385.719818115234375 386.319793701171875 386.9197998046875 387.519805908203125 387.920135498046875 387.5201416015625 387.1201171875 386.720123291015625 386.32012939453125 386.2396240234375 387.439605712890625 388.639617919921875 389.839599609375 391.03961181640625 392.718841552734375 396.31884765625 399.9188232421875 403.518829345703125 407.11883544921875 409.88018798828125 409.280181884765625 408.680206298828125 408.0802001953125 407.480194091796875 406.680511474609375 405.08050537109375 403.48052978515625 401.880523681640625 400.280517578125 399.199676513671875 400.199676513671875 401.199676513671875
0 0 15.501539230346679688 93.13500213623046875 170.768463134765625 248.4019317626953125 326.035400390625 388.04083251953125 387.4073486328125 386.773895263671875 386.14044189453125 385.506988525390625 385.11981201171875 385.719818115234375 386.319793701171875 386.9197998046875 387.519805908203125 387.920135498046875 387.5201416015625 387.1201171875 386.720123291015625 386.32012939453125 386.2396240234375 387.439605712890625 388.639617919921875 389.839599609375 391.03961181640625 392.718841552734375 396.31884765625 399.9188232421875 403.518829345703125 407.11883544921875 409.88018798828125 409.280181884765625 408.680206298828125 408.0802001953125 407.480194091796875 406.680511474609375 405.08050537109375 403.48052978515625 401.880523681640625 400.280517578125 399.199676513671875 400.199676513671875 401.199676513671875
0 0 12.532971382141113281 75.29950714111328125 138.0660400390625 200.83258056640625 263.59912109375 313.6719970703125 312.8673095703125 312.0626220703125 311.257904052734375 310.453216552734375 309.905609130859375 310.388427734375 310.871246337890625 311.35406494140625 311.836883544921875 315.37237548828125 331.143280029296875 346.9141845703125 362.685089111328125 378.45599365234375 391.208251953125 391.86138916015625 392.514556884765625 393.167724609375 393.82086181640625 394.976654052734375 398.147003173828125 401.31732177734375 404.4876708984375 407.657989501953125 409.8961181640625 408.397735595703125 406.89935302734375 405.400970458984375 403.902587890625 402.41510009765625 400.971343994140625 399.527587890625 398.083831787109375 396.64007568359375 395.731048583984375 396.965423583984375 398.19976806640625
0 0 9.418025970458984375 56.584564208984375 103.7510986328125 150.917633056640625 198.0841827392578125 235.711944580078125 235.10723876953125 234.5025482177734375 233.8978424072265625 233.29315185546875 232.8816375732421875 233.2444610595703125 233.6072845458984375 233.9700927734375 234.332916259765625 241.0789947509765625 273.409912109375 305.740814208984375 338.07171630859375 370.402618408203125 396.296417236328125 396.38958740234375 396.48272705078125 396.575897216796875 396.6690673828125 397.288787841796875 400.019134521484375 402.749481201171875 405.47979736328125 408.21014404296875 409.91241455078125 407.4940185546875 405.075653076171875 402.657257080078125 400.238861083984375 398.04705810546875 396.763275146484375 395.479522705078125 394.195770263671875 392.912017822265625 392.178985595703125 393.653350830078125 395.127716064453125
0 0 6.3030800819396972656 37.869617462158203125 69.4361572265625 101.00269317626953125 132.5692291259765625 157.7518768310546875 157.3471832275390625 156.942474365234375 156.53778076171875 156.133087158203125 155.8576812744140625 156.100494384765625 156.34332275390625 156.5861358642578125 156.828948974609375 166.7856292724609375 215.6765289306640625 264.56744384765625 313.458343505859375 362.3492431640625 401.384613037109375 400.917755126953125 400.450927734375 399.98406982421875 399.517242431640625 399.600921630859375 401.891265869140625 404.181610107421875 406.471954345703125 408.762298583984375 409.9287109375 406.59033203125 403.251953125 399.913543701171875 396.575164794921875 393.678985595703125 392.55523681640625 391.431488037109375 390.307708740234375 389.1839599609375 388.62689208984375 390.341278076171875 392.055633544921875
0 0 3.1881344318389892578 19.154672622680664063 35.12120819091796875 51.08774566650390625 67.05428314208984375 79.79181671142578125 79.5871124267578125 79.382415771484375 79.1777191162109375 78.97301483154296875 78.83371734619140625 78.95653533935546875 79.07935333251953125 79.20217132568359375 79.3249969482421875 92.4922637939453125 157.94317626953125 223.394073486328125 288.844970703125 354.2958984375 406.4727783203125 405.445953369140625 404.419097900390625 403.39227294921875 402.36541748046875 401.9130859375 403.763427734375 405.613739013671875 407.464080810546875 409.314422607421875 409.94500732421875 405.686614990234375 401.42822265625 397.16986083984375 392.911468505859375 389.310943603515625 388.347198486328125 387.3834228515625 386.419677734375 385.455902099609375 385.0748291015625 387.0291748046875 388.983551025390625
0 0 0.073188759386539459229 0.43972635269165039063 0.80626398324966430664 1.1728016138076782227 1.5393391847610473633 1.8317496776580810547 1.8270504474639892578 1.8223513364791870117 1.8176521062850952148 1.812952876091003418 1.8097549676895141602 1.8125745058059692383 1.8153940439224243164 1.8182135820388793945 1.8210331201553344727 18.198900222778320313 100.209808349609375 182.2207183837890625 264.23162841796875 346.242523193359375 411.56097412109375 409.97412109375 408.38726806640625 406.800445556640625 405.213592529296875 404.2252197265625 405.63555908203125 407.0458984375 408.45623779296875 409.8665771484375 409.9613037109375 404.782928466796875 399.604522705078125 394.4261474609375 389.247772216796875 384.942901611328125 384.139129638671875 383.335357666015625 382.5316162109375 381.72784423828125 381.522735595703125 383.71710205078125 385.911468505859375
0 0 0 0 0 0 0 0 0 0 0 0 0 0 0 0 0 13.239959716796875 79.54717254638671875 145.8543853759765625 212.1616058349609375 278.46881103515625 334.367523193359375 348.5478515625 362.7281494140625 376.908447265625 391.0887451171875 402.802947998046875 404.632598876953125 406.462249755859375 408.29193115234375 410.12158203125 410.57879638671875 405.5350341796875 400.49127197265625 395.447509765625 390.40374755859375 386.269744873046875 385.7822265625 385.294708251953125 384.80718994140625 384.319671630859375 384.306396484375 386.19390869140625 388.081451416015625
0 0 0 0 0 0 0 0 0 0 0 0 0 0 0 0 0 9.949298858642578125 59.77651214599609375 109.603729248046875 159.430938720703125 209.258148193359375 255.194305419921875 285.53460693359375 315.874908447265625 346.2152099609375 376.555511474609375 401.290802001953125 403.560455322265625 405.830108642578125 408.099761962890625 410.36944580078125 411.210723876953125 406.32696533203125 401.443206787109375 396.5594482421875 391.675689697265625 387.733642578125 387.566131591796875 387.39862060546875 387.231109619140625 387.063568115234375 387.24249267578125 388.810028076171875 390.377532958984375
