INPUT/RASTER/ASCII_no_standard/silt_5-15cm_mean.asc
ncols        225
nrows        269
xllcorner    473009.983799999987
yllcorner    4429051.174800000153
cellsize     50.000000000000
NODATA_value  -9999
[rows 40 to 59 of 269, columns 90 to 134 of 225]
439.036651611328125 439.055450439453125 439.12469482421875 439.396240234375 439.66778564453125 439.9393310546875 440.21087646484375 440.89312744140625 443.221588134765625 445.550048828125 447.878509521484375 450.20697021484375 451.072113037109375 446.072113037109375 441.072113037109375 436.072113037109375 431.072113037109375 426.8555908203125 425.77935791015625 424.703094482421875 423.626861572265625 422.550628662109375 421.5267333984375 420.712646484375 419.898529052734375 419.084442138671875 418.27032470703125 418.84918212890625 425.01104736328125 431.172943115234375 437.334808349609375 443.4967041015625 448.5052490234375 448.891143798828125 449.277069091796875 449.6629638671875 450.048858642578125 449.9345703125 447.815521240234375 445.69647216796875 443.577392578125 441.458343505859375 439.606414794921875 438.825225830078125 438.04400634765625
437.476898193359375 436.695709228515625 436.19659423828125 436.828125 437.459686279296875 438.091217041015625 438.722747802734375 439.621246337890625 441.5897216796875 443.55816650390625 445.526611328125 447.495086669921875 448.072113037109375 443.072113037109375 438.072113037109375 433.072113037109375 428.072113037109375 423.823638916015625 422.58740234375 421.351165771484375 420.11492919921875 418.878692626953125 417.846527099609375 417.6324462890625 417.4183349609375 417.204254150390625 416.990142822265625 418.033203125 424.115081787109375 430.19696044921875 436.278839111328125 442.3607177734375 447.425048828125 448.41094970703125 449.3968505859375 450.38275146484375 451.36865234375 451.726593017578125 449.567535400390625 447.408477783203125 445.249420166015625 443.090362548828125 441.04669189453125 439.465484619140625 437.88427734375
435.91717529296875 434.335968017578125 433.268463134765625 434.260009765625 435.251556396484375 436.24310302734375 437.234649658203125 438.349365234375 439.95782470703125 441.5662841796875 443.17474365234375 444.783203125 445.072113037109375 440.072113037109375 435.072113037109375 430.072113037109375 425.072113037109375 420.79168701171875 419.39544677734375 417.99920654296875 416.60296630859375 415.20672607421875 414.166351318359375 414.55224609375 414.938140869140625 415.32403564453125 415.7099609375 417.21722412109375 423.2191162109375 429.220977783203125 435.222869873046875 441.224761962890625 446.3448486328125 447.930755615234375 449.51666259765625 451.102569580078125 452.6884765625 453.51861572265625 451.319549560546875 449.1204833984375 446.921417236328125 444.722381591796875 442.4869384765625 440.105743408203125 437.724517822265625
436.04449462890625 434.678863525390625 433.75439453125 434.59814453125 435.44189453125 436.28564453125 437.129425048828125 437.9915771484375 438.927581787109375 439.863555908203125 440.799530029296875 441.735504150390625 441.66558837890625 437.56396484375 433.462371826171875 429.360748291015625 425.259124755859375 421.712554931640625 420.39068603515625 419.06878662109375 417.746917724609375 416.425048828125 415.329986572265625 415.144073486328125 414.95819091796875 414.77227783203125 414.58636474609375 415.409454345703125 420.2767333984375 425.14398193359375 430.01123046875 434.87847900390625 439.233734130859375 441.536834716796875 443.83990478515625 446.142974853515625 448.446075439453125 449.935791015625 448.16546630859375 446.395111083984375 444.624786376953125 442.85443115234375 441.122161865234375 439.54241943359375 437.962677001953125
436.21240234375 435.0867919921875 434.322418212890625 435.006195068359375 435.68994140625 436.37371826171875 437.057464599609375 437.65582275390625 437.91180419921875 438.167755126953125 438.423736572265625 438.679718017578125 438.249298095703125 435.06768798828125 431.88604736328125 428.704437255859375 425.5228271484375 422.728515625 421.486663818359375 420.244781494140625 419.002899169921875 417.761016845703125 416.61016845703125 415.82427978515625 415.038360595703125 414.252471923828125 413.466583251953125 413.577850341796875 417.28509521484375 420.992340087890625 424.699615478515625 428.4068603515625 431.977508544921875 435.000579833984375 438.023681640625 441.0467529296875 444.06982421875 446.223663330078125 444.893310546875 443.562957763671875 442.232635498046875 440.90228271484375 439.68988037109375 438.95013427734375 438.210418701171875
436.380340576171875 435.49468994140625 434.890472412109375 435.41424560546875 435.93798828125 436.461761474609375 436.98553466796875 437.320037841796875 436.89599609375 436.47198486328125 436.0479736328125 435.623931884765625 434.8330078125 432.571380615234375 430.30975341796875 428.04815673828125 425.786529541015625 423.7445068359375 422.582611083984375 421.420745849609375 420.258880615234375 419.09698486328125 417.890380859375 416.504486083984375 415.118560791015625 413.732666015625 412.346771240234375 411.7462158203125 414.293487548828125 416.840728759765625 419.38800048828125 421.93524169921875 424.721282958984375 428.46435546875 432.207427978515625 435.950531005859375 439.693603515625 442.511505126953125 441.62115478515625 440.7308349609375 439.840484619140625 438.950164794921875 438.257598876953125 438.357879638671875 438.4581298828125
436.548248291015625 435.902618408203125 435.458526611328125 435.822296142578125 436.186065673828125 436.5498046875 436.91357421875 436.9842529296875 435.880218505859375 434.776214599609375 433.67218017578125 432.56817626953125 431.41668701171875 430.0750732421875 428.73345947265625 427.391845703125 426.05023193359375 424.760467529296875 423.6785888671875 422.596710205078125 421.51483154296875 420.432952880859375 419.170562744140625 417.184661865234375 415.198760986328125 413.212860107421875 411.226959228515625 409.914581298828125 411.301849365234375 412.689117431640625 414.07635498046875 415.463623046875 417.46502685546875 421.928131103515625 426.391204833984375 430.854278564453125 435.3173828125 438.79937744140625 438.349029541015625 437.898681640625 437.448333740234375 436.998016357421875 436.825347900390625 437.765594482421875 438.70587158203125
436.7161865234375 436.310546875 436.026580810546875 436.2303466796875 436.434112548828125 436.63787841796875 436.84161376953125 436.648468017578125 434.86444091796875 433.080413818359375 431.296417236328125 429.51239013671875 428.000396728515625 427.57879638671875 427.15716552734375 426.735565185546875 426.313934326171875 425.776458740234375 424.774566650390625 423.772705078125 422.77081298828125 421.7689208984375 420.450775146484375 417.8648681640625 415.278961181640625 412.69305419921875 410.107147216796875 408.082977294921875 408.310211181640625 408.5374755859375 408.764739990234375 408.99200439453125 410.20880126953125 415.391876220703125 420.574981689453125 425.758056640625 430.941131591796875 435.08721923828125 435.076873779296875 435.066558837890625 435.05621337890625 435.045867919921875 435.39306640625 437.17333984375 438.953582763671875
434.345184326171875 434.1795654296875 434.0947265625 434.33380126953125 434.572845458984375 434.811920166015625 435.05096435546875 434.797088623046875 432.567413330078125 430.3377685546875 428.10809326171875 425.878448486328125 423.936126708984375 423.1455078125 422.35491943359375 421.564300537109375 420.773712158203125 419.9569091796875 419.0350341796875 418.113128662109375 417.191253662109375 416.269378662109375 415.09820556640625 412.927886962890625 410.757537841796875 408.587188720703125 406.4168701171875 404.6964111328125 404.77923583984375 404.862060546875 404.94488525390625 405.0277099609375 405.984100341796875 410.44195556640625 414.899810791015625 419.357696533203125 423.8155517578125 427.47686767578125 427.945587158203125 428.414306640625 428.883026123046875 429.35174560546875 430.031707763671875 431.55828857421875 433.084869384765625
431.913116455078125 431.98748779296875 432.10272216796875 432.38177490234375 432.66082763671875 432.93988037109375 433.218963623046875 432.909210205078125 430.23956298828125 427.569915771484375 424.900238037109375 422.2305908203125 419.85626220703125 418.6656494140625 417.47503662109375 416.284454345703125 415.093841552734375 413.972869873046875 413.1309814453125 412.28912353515625 411.447235107421875 410.6053466796875 409.5860595703125 407.855743408203125 406.125396728515625 404.395050048828125 402.664703369140625 401.2724609375 401.23529052734375 401.198089599609375 401.160919189453125 401.123748779296875 401.832366943359375 405.53021240234375 409.228057861328125 412.925933837890625 416.623779296875 419.772705078125 420.721435546875 421.670135498046875 422.618865966796875 423.567596435546875 424.575775146484375 425.822357177734375 427.068939208984375
429.481048583984375 429.79541015625 430.110687255859375 430.42974853515625 430.748809814453125 431.06787109375 431.386932373046875 431.0213623046875 427.911712646484375 424.802032470703125 421.6923828125 418.582733154296875 415.7763671875 414.185791015625 412.595184326171875 411.00457763671875 409.413970947265625 407.988861083984375 407.226959228515625 406.465087890625 405.703216552734375 404.941314697265625 404.07391357421875 402.783599853515625 401.493255615234375 400.202911376953125 398.912567138671875 397.8485107421875 397.691314697265625 397.534149169921875 397.376953125 397.21978759765625 397.68060302734375 400.61846923828125 403.556304931640625 406.494171142578125 409.432037353515625 412.06854248046875 413.497283935546875 414.925994873046875 416.354705810546875 417.783447265625 419.119873046875 420.086456298828125 421.05303955078125
427.0489501953125 427.60333251953125 428.118682861328125 428.477752685546875 428.836822509765625 429.19586181640625 429.554931640625 429.133514404296875 425.5838623046875 422.0341796875 418.484527587890625 414.93487548828125 411.696502685546875 409.705902099609375 407.715301513671875 405.724700927734375 403.734100341796875 402.00482177734375 401.32293701171875 400.64105224609375 399.95916748046875 399.277313232421875 398.561798095703125 397.711456298828125 396.861114501953125 396.010772705078125 395.160430908203125 394.424530029296875 394.147369384765625 393.87017822265625 393.592987060546875 393.315826416015625 393.528839111328125 395.706695556640625 397.884552001953125 400.062408447265625 402.240264892578125 404.3643798828125 406.273101806640625 408.18182373046875 410.090545654296875 411.999267578125 413.663970947265625 414.350555419921875 415.037139892578125
424.61688232421875 425.4112548828125 426.126678466796875 426.525726318359375 426.9248046875 427.3238525390625 427.722900390625 427.24566650390625 423.2559814453125 419.266326904296875 415.27667236328125 411.287017822265625 407.61663818359375 405.226043701171875 402.83544921875 400.44482421875 398.054229736328125 396.020782470703125 395.418914794921875 394.817047119140625 394.21514892578125 393.61328125 393.049652099609375 392.639312744140625 392.228973388671875 391.818634033203125 391.408294677734375 391.000579833984375 390.6033935546875 390.206207275390625 389.809051513671875 389.411865234375 389.377105712890625 390.794952392578125 392.212799072265625 393.63067626953125 395.04852294921875 396.660247802734375 399.0489501953125 401.43768310546875 403.826416015625 406.215118408203125 408.20806884765625 408.614654541015625 409.021209716796875
421.481903076171875 421.93035888671875 422.4471435546875 423.237762451171875 424.028350830078125 424.818939208984375 425.60955810546875 425.459197998046875 421.537322998046875 417.61541748046875 413.69354248046875 409.77166748046875 406.091278076171875 403.3787841796875 400.66632080078125 397.953826904296875 395.241363525390625 393.075469970703125 393.100433349609375 393.125396728515625 393.150360107421875 393.175323486328125 393.13104248046875 392.80914306640625 392.487274169921875 392.1654052734375 391.843505859375 391.560638427734375 391.434051513671875 391.307464599609375 391.180877685546875 391.0543212890625 391.20916748046875 392.491973876953125 393.7747802734375 395.0576171875 396.340423583984375 397.729339599609375 399.543426513671875 401.3575439453125 403.171630859375 404.9857177734375 406.611053466796875 407.479766845703125 408.3485107421875
418.33001708984375 418.418487548828125 418.727020263671875 419.917633056640625 421.10821533203125 422.298828125 423.48944091796875 423.6751708984375 419.833282470703125 415.99139404296875 412.1495361328125 408.307647705078125 404.62738037109375 401.59490966796875 398.562408447265625 395.529937744140625 392.497467041015625 390.203277587890625 390.86822509765625 391.533203125 392.198150634765625 392.863128662109375 393.347015380859375 393.105133056640625 392.863250732421875 392.621368408203125 392.379486083984375 392.216522216796875 392.369964599609375 392.52337646484375 392.676788330078125 392.830230712890625 393.1851806640625 394.3480224609375 395.510833740234375 396.67364501953125 397.83648681640625 399.009521484375 400.2236328125 401.437713623046875 402.651824951171875 403.865936279296875 405.106903076171875 406.45562744140625 407.804351806640625
415.17816162109375 414.9066162109375 415.00689697265625 416.597503662109375 418.188079833984375 419.7786865234375 421.369293212890625 421.891143798828125 418.129241943359375 414.36737060546875 410.605499267578125 406.8436279296875 403.163482666015625 399.811004638671875 396.458526611328125 393.106048583984375 389.753570556640625 387.3310546875 388.636016845703125 389.94097900390625 391.245941162109375 392.5509033203125 393.56298828125 393.401092529296875 393.239227294921875 393.07733154296875 392.91546630859375 392.8724365234375 393.305877685546875 393.739288330078125 394.172698974609375 394.60614013671875 395.161224365234375 396.20404052734375 397.24688720703125 398.289703369140625 399.33251953125 400.28973388671875 400.90380859375 401.517913818359375 402.13201904296875 402.746124267578125 403.602752685546875 405.43145751953125 407.26019287109375
412.026275634765625 411.39471435546875 411.286773681640625 413.277374267578125 415.267974853515625 417.258575439453125 419.249176025390625 420.10711669921875 416.42523193359375 412.74334716796875 409.06146240234375 405.37957763671875 401.6995849609375 398.027099609375 394.3546142578125 390.682159423828125 387.009674072265625 384.4588623046875 386.40380859375 388.348785400390625 390.293731689453125 392.23870849609375 393.778961181640625 393.69708251953125 393.615203857421875 393.5333251953125 393.451446533203125 393.528350830078125 394.241790771484375 394.9552001953125 395.668609619140625 396.382049560546875 397.13726806640625 398.060089111328125 398.98291015625 399.905731201171875 400.82855224609375 401.569915771484375 401.584014892578125 401.598114013671875 401.612213134765625 401.626312255859375 402.098602294921875 404.407318115234375 406.716033935546875
408.8743896484375 407.882843017578125 407.566619873046875 409.957244873046875 412.34783935546875 414.738433837890625 417.1290283203125 418.323089599609375 414.72119140625 411.11932373046875 407.5174560546875 403.915557861328125 400.235687255859375 396.24322509765625 392.250732421875 388.25823974609375 384.265777587890625 381.586639404296875 384.171600341796875 386.756561279296875 389.341522216796875 391.926483154296875 393.99493408203125 393.9930419921875 393.991180419921875 393.989288330078125 393.987396240234375 394.18426513671875 395.17767333984375 396.171112060546875 397.164520263671875 398.157958984375 399.113311767578125 399.9161376953125 400.718963623046875 401.521759033203125 402.3245849609375 402.850128173828125 402.26422119140625 401.678314208984375 401.0924072265625 400.506500244140625 400.59442138671875 403.383148193359375 406.171875
410.940948486328125 409.51129150390625 408.729339599609375 410.543426513671875 412.3575439453125 414.171630859375 415.9857177734375 416.83575439453125 413.8216552734375 410.80755615234375 407.79345703125 404.77935791015625 401.716583251953125 398.458740234375 395.20086669921875 391.943023681640625 388.685150146484375 386.331787109375 387.603759765625 388.875701904296875 390.147674560546875 391.41961669921875 392.4219970703125 392.3438720703125 392.2657470703125 392.1876220703125 392.109527587890625 392.277862548828125 393.434112548828125 394.59033203125 395.74658203125 396.90283203125 398.04254150390625 399.115966796875 400.189361572265625 401.262786865234375 402.336212158203125 403.083282470703125 402.522369384765625 401.96142578125 401.400482177734375 400.83953857421875 400.8638916015625 403.2342529296875 405.604583740234375
413.13311767578125 411.263427734375 410.009521484375 411.2236328125 412.437713623046875 413.651824951171875 414.865936279296875 415.355560302734375 412.94146728515625 410.527374267578125 408.113250732421875 405.69915771484375 403.268341064453125 400.770477294921875 398.27264404296875 395.7747802734375 393.27691650390625 391.26025390625 391.17218017578125 391.084136962890625 390.99609375 390.908050537109375 390.8060302734375 390.64788818359375 390.489776611328125 390.3316650390625 390.173553466796875 390.309814453125 391.626068115234375 392.942291259765625 394.258544921875 395.57476806640625 396.8984375 398.251861572265625 399.60528564453125 400.958709716796875 402.3121337890625 403.291290283203125 402.770355224609375 402.2493896484375 401.72845458984375 401.20751953125 401.176055908203125 403.10638427734375 405.036712646484375
