INPUT/RASTER/ASCII_no_standard/silt_5-15cm_mean.asc
ncols        225
nrows        269
xllcorner    473009.983799999987
yllcorner    4429051.174800000153
cellsize     50.000000000000
NODATA_value  -9999
[rows 180 to 199 of 269, columns 0 to 44 of 225]
348.1671142578125 348.1671142578125 348.102447509765625 347.7786865234375 347.454925537109375 347.131195068359375 346.80743408203125 346.47125244140625 346.085357666015625 345.699462890625 345.31353759765625 344.927642822265625 343.999755859375 340.89947509765625 337.799224853515625 334.698944091796875 331.59869384765625 329.399932861328125 330.8145751953125 332.22918701171875 333.643829345703125 335.058441162109375 336.32470703125 336.996246337890625 337.66778564453125 338.339324951171875 339.0108642578125 340.132110595703125 343.055877685546875 345.979644775390625 348.90338134765625 351.8271484375 354.12530517578125 353.9158935546875 353.70648193359375 353.497100830078125 353.287689208984375 353.2122802734375 353.67388916015625 354.135528564453125 354.597137451171875 355.058746337890625 355.11724853515625 353.560089111328125 352.002899169921875
349.567108154296875 349.567108154296875 349.534393310546875 349.370635986328125 349.206878662109375 349.043121337890625 348.879364013671875 348.55145263671875 347.5655517578125 346.57965087890625 345.59375 344.60784912109375 343.032012939453125 339.091766357421875 335.1514892578125 331.21124267578125 327.270965576171875 324.6156005859375 327.1102294921875 329.6048583984375 332.099456787109375 334.594085693359375 336.79656982421875 337.828125 338.859649658203125 339.891204833984375 340.9227294921875 342.3001708984375 345.063934326171875 347.82769775390625 350.5914306640625 353.355194091796875 355.60516357421875 355.7957763671875 355.986358642578125 356.176971435546875 356.367584228515625 356.4285888671875 355.97021484375 355.511810302734375 355.053436279296875 354.595062255859375 353.893310546875 352.21612548828125 350.5389404296875
350.96710205078125 350.96710205078125 350.96636962890625 350.96258544921875 350.958831787109375 350.955078125 350.951324462890625 350.63165283203125 349.045745849609375 347.4598388671875 345.873931884765625 344.28802490234375 342.064300537109375 337.284027099609375 332.503753662109375 327.7235107421875 322.9432373046875 319.83123779296875 323.4058837890625 326.980499267578125 330.55511474609375 334.129730224609375 337.268463134765625 338.660003662109375 340.051544189453125 341.443084716796875 342.834625244140625 344.468231201171875 347.071990966796875 349.675750732421875 352.27947998046875 354.88323974609375 357.08502197265625 357.675628662109375 358.2662353515625 358.856842041015625 359.44744873046875 359.6448974609375 358.266510009765625 356.88812255859375 355.509735107421875 354.13134765625 352.669342041015625 350.872161865234375 349.074981689453125
282.449432373046875 282.449432373046875 285.031005859375 297.959930419921875 310.888824462890625 323.8177490234375 336.746673583984375 347.00067138671875 346.533416748046875 346.066162109375 345.598907470703125 345.13165283203125 343.76806640625 338.81182861328125 333.8555908203125 328.89935302734375 323.943115234375 320.664154052734375 324.10791015625 327.551666259765625 330.99542236328125 334.439178466796875 337.474853515625 338.874847412109375 340.27484130859375 341.674835205078125 343.074859619140625 344.67547607421875 347.080169677734375 349.48486328125 351.889556884765625 354.29425048828125 356.377593994140625 357.17291259765625 357.96820068359375 358.76348876953125 359.558807373046875 359.9781494140625 358.890625 357.8031005859375 356.715606689453125 355.628082275390625 354.328094482421875 352.176544189453125 350.0250244140625
212.249420166015625 212.249420166015625 217.4747161865234375 243.6436309814453125 269.81256103515625 295.981475830078125 322.150360107421875 343.2322998046875 343.925048828125 344.6177978515625 345.310546875 346.0032958984375 345.536102294921875 340.41986083984375 335.30364990234375 330.187408447265625 325.0711669921875 321.6322021484375 324.91595458984375 328.19970703125 331.48345947265625 334.767242431640625 337.674835205078125 339.074859619140625 340.474853515625 341.874847412109375 343.27484130859375 344.835540771484375 347.04022216796875 349.24493408203125 351.449615478515625 353.654327392578125 355.617523193359375 356.612823486328125 357.608123779296875 358.603424072265625 359.598724365234375 360.242034912109375 359.474517822265625 358.707000732421875 357.939483642578125 357.171966552734375 356.05621337890625 353.544677734375 351.03314208984375
142.0494232177734375 142.0494232177734375 149.918426513671875 189.3273468017578125 228.7362518310546875 268.145172119140625 307.5540771484375 339.46392822265625 341.316680908203125 343.16943359375 345.02215576171875 346.874908447265625 347.304168701171875 342.027923583984375 336.751678466796875 331.475433349609375 326.19921875 322.600250244140625 325.7239990234375 328.847747802734375 331.971527099609375 335.09527587890625 337.874847412109375 339.27484130859375 340.674835205078125 342.074859619140625 343.474853515625 344.99560546875 347.00030517578125 349.004974365234375 351.009674072265625 353.014373779296875 354.85748291015625 356.052764892578125 357.248077392578125 358.443359375 359.638671875 360.505950927734375 360.05841064453125 359.61090087890625 359.16339111328125 358.71588134765625 357.784332275390625 354.91278076171875 352.041259765625
71.84941864013671875 71.84941864013671875 82.36214447021484375 135.0110626220703125 187.65997314453125 240.3088836669921875 292.957794189453125 335.695556640625 338.70831298828125 341.721038818359375 344.733795166015625 347.74652099609375 349.072235107421875 343.635986328125 338.199737548828125 332.76348876953125 327.3272705078125 323.56829833984375 326.53204345703125 329.495819091796875 332.459564208984375 335.42333984375 338.074859619140625 339.474853515625 340.874847412109375 342.27484130859375 343.674835205078125 345.155670166015625 346.960357666015625 348.765045166015625 350.56976318359375 352.37445068359375 354.097412109375 355.492706298828125 356.88800048828125 358.283294677734375 359.678619384765625 360.76983642578125 360.642333984375 360.514801025390625 360.38726806640625 360.259765625 359.512451171875 356.280914306640625 353.04937744140625
1.6494191884994506836 1.6494191884994506836 14.805853843688964844 80.69476318359375 146.58367919921875 212.47259521484375 278.36151123046875 331.92718505859375 336.09991455078125 340.272674560546875 344.445404052734375 348.6181640625 350.84027099609375 345.2440185546875 339.647796630859375 334.051544189453125 328.455322265625 324.536346435546875 327.340118408203125 330.14385986328125 332.9476318359375 335.751373291015625 338.27484130859375 339.674835205078125 341.074859619140625 342.474853515625 343.874847412109375 345.31573486328125 346.92041015625 348.525115966796875 350.12982177734375 351.734527587890625 353.33734130859375 354.932647705078125 356.5279541015625 358.12322998046875 359.718536376953125 361.033721923828125 361.226226806640625 361.418701171875 361.611175537109375 361.80364990234375 361.240570068359375 357.649017333984375 354.057464599609375
0 0 10.636957168579101563 63.90804290771484375 117.17913055419921875 170.450225830078125 223.7212982177734375 267.0302734375 270.4100341796875 273.789764404296875 277.16949462890625 280.549224853515625 285.310272216796875 295.607757568359375 305.905242919921875 316.202728271484375 326.500213623046875 335.090057373046875 336.835418701171875 338.580810546875 340.326171875 342.071563720703125 343.786956787109375 345.38226318359375 346.977569580078125 348.5728759765625 350.168182373046875 351.73321533203125 353.176971435546875 354.6207275390625 356.064483642578125 357.50823974609375 358.850616455078125 359.786590576171875 360.722564697265625 361.658538818359375 362.594512939453125 363.1651611328125 362.271484375 361.3778076171875 360.484100341796875 359.590423583984375 358.366943359375 355.821563720703125 353.27618408203125
0 0 7.9932475090026855469 48.024333953857421875 88.055419921875 128.0865020751953125 168.1175994873046875 200.662567138671875 203.202301025390625 205.742034912109375 208.281768798828125 210.821502685546875 218.1610107421875 244.738494873046875 271.31597900390625 297.893463134765625 324.470947265625 345.8743896484375 346.539764404296875 347.205169677734375 347.87054443359375 348.535919189453125 349.426910400390625 351.222198486328125 353.01751708984375 354.81280517578125 356.60809326171875 358.30126953125 359.58502197265625 360.8687744140625 362.15252685546875 363.436309814453125 364.51483154296875 364.77081298828125 365.02679443359375 365.28277587890625 365.53875732421875 365.341522216796875 363.327850341796875 361.31414794921875 359.30047607421875 357.286773681640625 355.382598876953125 353.917205810546875 352.45184326171875
0 0 5.349536895751953125 32.140625 58.93170928955078125 85.72280120849609375 112.513885498046875 134.294830322265625 135.99456787109375 137.694305419921875 139.39404296875 141.093780517578125 151.0117340087890625 193.8692169189453125 236.7266998291015625 279.584197998046875 322.441680908203125 356.65875244140625 356.244140625 355.829498291015625 355.414886474609375 355.000244140625 355.06683349609375 357.0621337890625 359.05743408203125 361.052734375 363.04803466796875 364.86932373046875 365.993072509765625 367.1168212890625 368.2406005859375 369.364349365234375 370.179046630859375 369.755035400390625 369.331024169921875 368.906982421875 368.48297119140625 367.51788330078125 364.38421630859375 361.250518798828125 358.1168212890625 354.983154296875 352.398223876953125 352.012847900390625 351.627471923828125
0 0 2.7058267593383789063 16.256914138793945313 29.808000564575195313 43.359088897705078125 56.910175323486328125 67.92710113525390625 68.78684234619140625 69.646575927734375 70.506317138671875 71.36605072021484375 83.862457275390625 142.99993896484375 202.137420654296875 261.27490234375 320.412384033203125 367.443115234375 365.948486328125 364.453857421875 362.959228515625 361.464599609375 360.706756591796875 362.902069091796875 365.097381591796875 367.29266357421875 369.48797607421875 371.4373779296875 372.401123046875 373.364898681640625 374.328643798828125 375.292388916015625 375.84326171875 374.7392578125 373.635223388671875 372.531219482421875 371.42718505859375 369.694244384765625 365.4405517578125 361.1868896484375 356.933197021484375 352.67950439453125 349.41387939453125 350.1085205078125 350.803131103515625
0 0 0.062116615474224090576 0.37320366501808166504 0.68429070711135864258 0.99537771940231323242 1.3064647912979125977 1.5593761205673217773 1.5791127681732177734 1.5988494157791137695 1.6185860633850097656 1.6383227109909057617 16.7131805419921875 92.13066864013671875 167.54815673828125 242.96563720703125 318.38311767578125 378.227447509765625 375.65283203125 373.078216552734375 370.503570556640625 367.928955078125 366.346710205078125 368.74200439453125 371.137298583984375 373.532623291015625 375.92791748046875 378.00543212890625 378.809173583984375 379.612945556640625 380.41668701171875 381.220458984375 381.50750732421875 379.723480224609375 377.939453125 376.155426025390625 374.37139892578125 371.87060546875 366.496917724609375 361.12322998046875 355.74957275390625 350.375885009765625 346.429534912109375 348.20416259765625 349.978790283203125
0 0 0 0 0 0 0 0 0 0 0 0 15.080844879150390625 90.607421875 166.134002685546875 241.66058349609375 317.187164306640625 377.152740478515625 374.748046875 372.34332275390625 369.938629150390625 367.533935546875 366.12762451171875 368.722930908203125 371.318206787109375 373.91351318359375 376.508819580078125 378.714447021484375 379.35821533203125 380.001953125 380.645721435546875 381.28948974609375 381.4920654296875 379.92645263671875 378.360809326171875 376.795166015625 375.229522705078125 372.952850341796875 367.826263427734375 362.699676513671875 357.5731201171875 352.446533203125 348.5782470703125 349.753265380859375 350.928314208984375
0 0 0 0 0 0 0 0 0 0 0 0 15.024935722351074219 90.271514892578125 165.518096923828125 240.764678955078125 316.011260986328125 375.79266357421875 373.587982177734375 371.383270263671875 369.178558349609375 366.973876953125 365.767547607421875 368.5628662109375 371.358154296875 374.1534423828125 376.948760986328125 379.282501220703125 379.766265869140625 380.250030517578125 380.7337646484375 381.217529296875 381.339996337890625 380.014373779296875 378.688720703125 377.36309814453125 376.037445068359375 374.008758544921875 369.16217041015625 364.31561279296875 359.469024658203125 354.6224365234375 350.850433349609375 351.385467529296875 351.9205322265625
0 0 0 0 0 0 0 0 0 0 0 0 14.969026565551757813 89.93560791015625 164.902191162109375 239.8687591552734375 314.8353271484375 374.4326171875 372.42791748046875 370.4232177734375 368.41851806640625 366.413818359375 365.407501220703125 368.402801513671875 371.398101806640625 374.393402099609375 377.388702392578125 379.850555419921875 380.17431640625 380.498077392578125 380.82183837890625 381.145599365234375 381.18792724609375 380.102294921875 379.016632080078125 377.930999755859375 376.845367431640625 375.064666748046875 370.498077392578125 365.9315185546875 361.36492919921875 356.79833984375 353.122650146484375 353.0177001953125 352.9127197265625
0 0 0 0 0 0 0 0 0 0 0 0 14.913117408752441406 89.59969329833984375 164.2862701416015625 238.9728546142578125 313.659423828125 373.072540283203125 371.267852783203125 369.463134765625 367.658447265625 365.853729248046875 365.04742431640625 368.24273681640625 371.438018798828125 374.633331298828125 377.82861328125 380.418609619140625 380.582366943359375 380.746124267578125 380.909881591796875 381.073638916015625 381.035858154296875 380.190216064453125 379.344573974609375 378.498931884765625 377.653289794921875 376.120574951171875 371.833984375 367.54742431640625 363.260833740234375 358.974273681640625 355.394866943359375 354.64990234375 353.904937744140625
0 0 0 0 0 0 0 0 0 0 0 0 14.857208251953125 89.26378631591796875 163.6703643798828125 238.0769500732421875 312.4835205078125 371.71246337890625 370.1077880859375 368.503082275390625 366.89837646484375 365.293670654296875 364.687347412109375 368.082672119140625 371.47796630859375 374.873260498046875 378.2685546875 380.986663818359375 380.99041748046875 380.994171142578125 380.9979248046875 381.001678466796875 380.883758544921875 380.27813720703125 379.6724853515625 379.066864013671875 378.461212158203125 377.176483154296875 373.169921875 369.163330078125 365.15673828125 361.150177001953125 357.66705322265625 356.2821044921875 354.89715576171875
0 0 0 0 0 0 0 0 0 0 0 0 11.954525947570800781 71.82415008544921875 131.6937713623046875 191.563385009765625 251.433013916015625 299.09100341796875 297.803497314453125 296.5159912109375 295.22845458984375 293.940948486328125 296.365997314453125 313.671417236328125 330.976806640625 348.2822265625 365.587646484375 379.46099853515625 379.57818603515625 379.695343017578125 379.812530517578125 379.929718017578125 379.9036865234375 379.303680419921875 378.703704833984375 378.10369873046875 377.503692626953125 376.15460205078125 371.803070068359375 367.451507568359375 363.0999755859375 358.748443603515625 355.072021484375 354.1016845703125 353.13134765625
0 0 0 0 0 0 0 0 0 0 0 0 8.9833478927612304688 53.97296905517578125 98.96258544921875 143.95220947265625 188.94183349609375 224.754913330078125 223.7873992919921875 222.8198699951171875 221.85235595703125 220.8848419189453125 226.4093780517578125 257.954803466796875 289.500213623046875 321.045623779296875 352.591033935546875 377.88494873046875 378.12213134765625 378.35931396484375 378.59649658203125 378.83367919921875 378.9036865234375 378.303680419921875 377.703704833984375 377.10369873046875 376.503692626953125 375.08270263671875 370.371185302734375 365.659637451171875 360.948089599609375 356.236541748046875 352.359893798828125 351.829559326171875 351.299224853515625
