INPUT/RASTER/ASCII_no_standard/silt_5-15cm_mean.asc
ncols        225
nrows        269
xllcorner    473009.983799999987
yllcorner    4429051.174800000153
cellsize     50.000000000000
NODATA_value  -9999
[rows 220 to 239 of 269, columns 180 to 224 of 225]
346.571319580078125 346.809417724609375 346.761322021484375 345.5660400390625 344.3707275390625 343.1754150390625 341.980133056640625 340.966461181640625 340.680816650390625 340.395172119140625 340.10955810546875 339.82391357421875 339.6029052734375 339.641021728515625 339.67913818359375 339.71728515625 339.755401611328125 340.02740478515625 341.236785888671875 342.446197509765625 343.65557861328125 344.864990234375 346.15142822265625 347.746734619140625 349.342041015625 350.937347412109375 352.53265380859375 354.0157470703125 355.049163818359375 356.08258056640625 357.115997314453125 358.149444580078125 350.32965087890625 307.025177001953125 263.720672607421875 220.4162139892578125 177.111724853515625 136.7651824951171875 108.27436065673828125 79.783538818359375 51.292713165283203125 22.801889419555664063 0 0 0
346.427276611328125 346.745391845703125 346.721405029296875 345.326080322265625 343.9307861328125 342.535491943359375 341.14019775390625 340.014373779296875 339.96875 339.923095703125 339.877471923828125 339.831817626953125 339.818878173828125 339.93701171875 340.05511474609375 340.173248291015625 340.2913818359375 340.547515869140625 341.356903076171875 342.16632080078125 342.9757080078125 343.785125732421875 344.7913818359375 346.586669921875 348.381988525390625 350.177276611328125 351.972564697265625 353.671661376953125 354.985076904296875 356.298492431640625 357.611907958984375 358.92535400390625 348.478271484375 290.893798828125 233.3093109130859375 175.7248382568359375 118.14035797119140625 69.1766204833984375 54.76580047607421875 40.354976654052734375 25.944150924682617188 11.533328056335449219 0 0 0
346.28326416015625 346.681365966796875 346.68145751953125 345.086151123046875 343.4908447265625 341.89556884765625 340.300262451171875 339.06231689453125 339.25665283203125 339.451019287109375 339.6453857421875 339.839752197265625 340.03485107421875 340.23297119140625 340.43109130859375 340.62921142578125 340.82733154296875 341.067657470703125 341.47705078125 341.886444091796875 342.29583740234375 342.705230712890625 343.431304931640625 345.426605224609375 347.421905517578125 349.417205810546875 351.412506103515625 353.32757568359375 354.920989990234375 356.514404296875 358.107818603515625 359.701263427734375 346.62689208984375 274.762420654296875 202.8979339599609375 131.0334625244140625 59.16898345947265625 1.5880608558654785156 1.2572371959686279297 0.92641347646713256836 0.59558981657028198242 0.26476612687110900879 0 0 0
347.24072265625 347.757904052734375 347.875732421875 346.392913818359375 344.91009521484375 343.427276611328125 341.9444580078125 340.70404052734375 340.435333251953125 340.166595458984375 339.89788818359375 339.629150390625 339.547637939453125 340.216339111328125 340.88507080078125 341.553802490234375 342.222503662109375 342.790771484375 342.9564208984375 343.1220703125 343.287689208984375 343.453338623046875 343.89166259765625 345.422943115234375 346.9542236328125 348.485504150390625 350.01678466796875 348.81640625 336.667205810546875 324.518035888671875 312.368865966796875 300.219696044921875 278.8953857421875 220.7960968017578125 162.696807861328125 104.5975341796875 46.498249053955078125 0 0 0 0 0 0 0 0
348.22467041015625 348.861846923828125 349.09967041015625 347.73687744140625 346.374053955078125 345.01123046875 343.648406982421875 342.408203125 341.65948486328125 340.9107666015625 340.16204833984375 339.413330078125 339.04345703125 340.19219970703125 341.340911865234375 342.4896240234375 343.63836669921875 344.5428466796875 344.468505859375 344.394134521484375 344.31976318359375 344.24542236328125 344.39581298828125 345.44708251953125 346.498382568359375 347.549652099609375 348.600921630859375 344.2049560546875 317.97576904296875 291.746612548828125 265.517425537109375 239.2882537841796875 209.578704833984375 165.9194183349609375 122.26013946533203125 78.60085296630859375 34.941570281982421875 0 0 0 0 0 0 0 0
349.208648681640625 349.9658203125 350.323638916015625 349.080810546875 347.8380126953125 346.595184326171875 345.35235595703125 344.11236572265625 342.883636474609375 341.6549072265625 340.42620849609375 339.197479248046875 338.539306640625 340.16802978515625 341.7967529296875 343.42547607421875 345.05419921875 346.294921875 345.9805908203125 345.666229248046875 345.35186767578125 345.037506103515625 344.89996337890625 345.47125244140625 346.04254150390625 346.613800048828125 347.185089111328125 339.593505859375 299.284332275390625 258.97515869140625 218.665985107421875 178.3568115234375 140.26202392578125 111.0427398681640625 81.823455810546875 52.604175567626953125 23.384893417358398438 0 0 0 0 0 0 0 0
350.192596435546875 351.06976318359375 351.547607421875 350.424774169921875 349.301971435546875 348.17913818359375 347.05633544921875 345.8165283203125 344.1077880859375 342.399078369140625 340.690338134765625 338.98162841796875 338.03515625 340.143890380859375 342.252593994140625 344.361328125 346.47003173828125 348.047027587890625 347.492645263671875 346.93829345703125 346.383941650390625 345.829559326171875 345.40411376953125 345.495391845703125 345.586669921875 345.677947998046875 345.76922607421875 334.982086181640625 280.5928955078125 226.2037200927734375 171.814544677734375 117.42537689208984375 70.945343017578125 56.1660614013671875 41.38677978515625 26.607496261596679688 11.828214645385742188 0 0 0 0 0 0 0 0
351.176544189453125 352.173736572265625 352.771575927734375 351.76873779296875 350.76593017578125 349.763092041015625 348.760284423828125 347.520660400390625 345.331939697265625 343.143218994140625 340.954498291015625 338.765777587890625 337.531005859375 340.119720458984375 342.70843505859375 345.29718017578125 347.885894775390625 349.799102783203125 349.004730224609375 348.210357666015625 347.416015625 346.62164306640625 345.908294677734375 345.519561767578125 345.130828857421875 344.74212646484375 344.3533935546875 330.370635986328125 261.901458740234375 193.432281494140625 124.96311187744140625 56.49393463134765625 1.6286647319793701172 1.2893824577331542969 0.95010018348693847656 0.61081796884536743164 0.27153572440147399902 0 0 0 0 0 0 0 0
350.76239013671875 351.137451171875 351.253509521484375 350.331634521484375 349.409759521484375 348.487884521484375 347.566009521484375 346.505889892578125 344.891815185546875 343.2777099609375 341.663604736328125 340.04949951171875 339.17547607421875 341.2677001953125 343.359893798828125 345.452117919921875 347.544342041015625 349.07464599609375 348.352783203125 347.630889892578125 346.909027099609375 346.1871337890625 342.862152099609375 329.10357666015625 315.345001220703125 301.58642578125 287.827850341796875 265.761810302734375 210.39849853515625 155.035186767578125 99.6718902587890625 44.308582305908203125 0 0 0 0 0 0 0 0 0 0 0 0 0
350.314605712890625 350.049652099609375 349.66949462890625 348.827606201171875 347.9857177734375 347.14385986328125 346.301971435546875 345.425689697265625 344.41162109375 343.39752197265625 342.3834228515625 341.36932373046875 340.87164306640625 342.44384765625 344.016082763671875 345.588287353515625 347.1605224609375 348.290618896484375 347.64874267578125 347.006866455078125 346.364990234375 345.723114013671875 339.730560302734375 312.2919921875 284.853424072265625 257.41485595703125 229.9762725830078125 199.7093505859375 158.1060333251953125 116.5027313232421875 74.8994293212890625 33.296123504638671875 0 0 0 0 0 0 0 0 0 0 0 0 0
349.8668212890625 348.96185302734375 348.085479736328125 347.323577880859375 346.56170654296875 345.799835205078125 345.037933349609375 344.34552001953125 343.931427001953125 343.517303466796875 343.10321044921875 342.689117431640625 342.56781005859375 343.620025634765625 344.6722412109375 345.724456787109375 346.77667236328125 347.506591796875 346.944732666015625 346.382843017578125 345.820953369140625 345.25909423828125 336.5989990234375 295.480438232421875 254.3618621826171875 213.2432861328125 172.1247100830078125 133.656890869140625 105.8135833740234375 77.97027587890625 50.1269683837890625 22.283664703369140625 0 0 0 0 0 0 0 0 0 0 0 0 0
349.419036865234375 347.874053955078125 346.501434326171875 345.819549560546875 345.137664794921875 344.455810546875 343.77392578125 343.26531982421875 343.45123291015625 343.637115478515625 343.823028564453125 344.0089111328125 344.26397705078125 344.79620361328125 345.328399658203125 345.860626220703125 346.392852783203125 346.722564697265625 346.240692138671875 345.758819580078125 345.276947021484375 344.7950439453125 333.467437744140625 278.668853759765625 223.8702850341796875 169.07171630859375 114.27313995361328125 67.60442352294921875 53.521121978759765625 39.437816619873046875 25.354511260986328125 11.271206855773925781 0 0 0 0 0 0 0 0 0 0 0 0 0
348.971221923828125 346.786285400390625 344.91741943359375 344.315521240234375 343.713653564453125 343.111785888671875 342.5098876953125 342.18511962890625 342.97100830078125 343.756927490234375 344.542816162109375 345.3287353515625 345.96014404296875 345.97235107421875 345.984588623046875 345.996795654296875 346.009033203125 345.93853759765625 345.53668212890625 345.134796142578125 344.73291015625 344.331024169921875 330.33587646484375 261.8572998046875 193.37872314453125 124.900146484375 56.42156982421875 1.5519685745239257813 1.2286635637283325195 0.9053586125373840332 0.58205366134643554688 0.25874871015548706055 0 0 0 0 0 0 0 0 0 0 0 0 0
348.2655029296875 345.90924072265625 343.919281005859375 343.39739990234375 342.875518798828125 342.3536376953125 341.831756591796875 341.59722900390625 342.514404296875 343.431610107421875 344.348785400390625 345.265960693359375 345.9921875 345.953155517578125 345.914093017578125 345.875030517578125 345.835968017578125 345.6390380859375 344.80938720703125 343.979705810546875 343.150054931640625 342.32037353515625 328.01226806640625 259.680999755859375 191.3497161865234375 123.01844024658203125 54.687160491943359375 0 0 0 0 0 0 0 0 0 0 0 0 0 0 0 0 0 0
347.553558349609375 345.03729248046875 342.935272216796875 342.493377685546875 342.051513671875 341.609619140625 341.167755126953125 341.021209716796875 342.058380126953125 343.095550537109375 344.13275146484375 345.169921875 345.984222412109375 345.9051513671875 345.826080322265625 345.747039794921875 345.66796875 345.351165771484375 344.081512451171875 342.811859130859375 341.542205810546875 340.27252197265625 325.7081298828125 257.856842041015625 190.0055694580078125 122.1542816162109375 54.303005218505859375 0 0 0 0 0 0 0 0 0 0 0 0 0 0 0 0 0 0
346.841583251953125 344.16534423828125 341.95123291015625 341.58935546875 341.22747802734375 340.8656005859375 340.50372314453125 340.445159912109375 341.602325439453125 342.759521484375 343.91668701171875 345.073883056640625 345.976226806640625 345.857177734375 345.73809814453125 345.619049072265625 345.5 345.063323974609375 343.353668212890625 341.644012451171875 339.934326171875 338.22467041015625 323.403961181640625 256.032684326171875 188.661407470703125 121.290130615234375 53.918849945068359375 0 0 0 0 0 0 0 0 0 0 0 0 0 0 0 0 0 0
346.129638671875 343.29339599609375 340.96722412109375 340.685333251953125 340.4034423828125 340.12158203125 339.839691162109375 339.869110107421875 341.14630126953125 342.423492431640625 343.700653076171875 344.97784423828125 345.968231201171875 345.809173583984375 345.650115966796875 345.491058349609375 345.332000732421875 344.77545166015625 342.62579345703125 340.47613525390625 338.32647705078125 336.17681884765625 321.09979248046875 254.208526611328125 187.3172454833984375 120.42597198486328125 53.534694671630859375 0 0 0 0 0 0 0 0 0 0 0 0 0 0 0 0 0 0
345.417694091796875 342.42144775390625 339.983184814453125 339.78131103515625 339.579437255859375 339.377532958984375 339.1756591796875 339.2930908203125 340.69024658203125 342.087432861328125 343.484619140625 344.881805419921875 345.96026611328125 345.761199951171875 345.5621337890625 345.363067626953125 345.16400146484375 344.48760986328125 341.89794921875 339.30828857421875 336.7186279296875 334.12896728515625 318.795654296875 252.384368896484375 185.9730987548828125 119.56182098388671875 53.150539398193359375 0 0 0 0 0 0 0 0 0 0 0 0 0 0 0 0 0 0
344.416473388671875 341.96331787109375 340.0302734375 340.181793212890625 340.333343505859375 340.484893798828125 340.63641357421875 340.93585205078125 341.828094482421875 342.720306396484375 343.612518310546875 344.504730224609375 345.186676025390625 345.025726318359375 344.864776611328125 344.703826904296875 344.54290771484375 341.328948974609375 325.878143310546875 310.4273681640625 294.9765625 279.525787353515625 256.49102783203125 203.05902099609375 149.626983642578125 96.1949615478515625 42.76293182373046875 0 0 0 0 0 0 0 0 0 0 0 0 0 0 0 0 0 0
343.408294677734375 341.51513671875 340.102142333984375 340.613677978515625 341.125213623046875 341.63677978515625 342.1483154296875 342.63201904296875 343.004241943359375 343.37646484375 343.748687744140625 344.12091064453125 344.3946533203125 344.273712158203125 344.15277099609375 344.031829833984375 343.910888671875 338.1011962890625 309.49041748046875 280.879638671875 252.268829345703125 223.6580352783203125 192.74273681640625 152.5907135009765625 112.43868255615234375 72.28665924072265625 32.134632110595703125 0 0 0 0 0 0 0 0 0 0 0 0 0 0 0 0 0 0
