INPUT/RASTER/ASCII_no_standard/soc_5-15cm_mean.asc
ncols        225
nrows        269
xllcorner    473009.983799999987
yllcorner    4429051.174800000153
cellsize     50.000000000000
NODATA_value  -9999
[rows 209 to 227 of 269, columns 43 to 85 of 225]
206.8169403076171875 209.5515594482421875 212.28619384765625 215.02081298828125 217.9226837158203125 221.494903564453125 225.0671234130859375 228.63934326171875 232.2115631103515625 234.4891204833984375 231.57757568359375 228.666046142578125 225.7545013427734375 222.84295654296875 219.6304473876953125 215.2116546630859375 210.7928619384765625 206.3740692138671875 201.95526123046875 198.69091796875 200.053741455078125 201.41656494140625 202.7793731689453125 204.1421966552734375 205.7306365966796875 208.2233734130859375 210.71612548828125 213.2088623046875 215.7016143798828125 217.7978973388671875 218.3051605224609375 218.812408447265625 219.319671630859375 219.8269195556640625 220.46875 221.6499481201171875 222.8311614990234375 224.012359619140625 225.1935577392578125 225.3337249755859375 221.301239013671875 217.2687530517578125 213.2362823486328125
202.312591552734375 206.1272125244140625 209.94183349609375 213.7564697265625 217.418853759765625 220.4710693359375 223.523284912109375 226.57550048828125 229.6277313232421875 231.417236328125 228.14569091796875 224.8741607666015625 221.6026153564453125 218.3310699462890625 214.9901885986328125 211.37139892578125 207.752593994140625 204.1338043212890625 200.5149993896484375 197.8669586181640625 199.109771728515625 200.35260009765625 201.5954132080078125 202.8382415771484375 204.562255859375 208.2150115966796875 211.8677520751953125 215.5204925537109375 219.1732330322265625 221.966278076171875 221.31353759765625 220.660797119140625 220.0080413818359375 219.3553009033203125 219.2285003662109375 221.2097015380859375 223.1909027099609375 225.1721038818359375 227.1533050537109375 227.8698272705078125 223.5173492431640625 219.16485595703125 214.8123779296875
197.8082427978515625 202.7028656005859375 207.5974884033203125 212.4921112060546875 216.9150238037109375 219.447235107421875 221.979461669921875 224.5116729736328125 227.0438995361328125 228.3453521728515625 224.7138214111328125 221.082275390625 217.4507293701171875 213.819183349609375 210.3499298095703125 207.5311431884765625 204.71234130859375 201.8935394287109375 199.0747528076171875 197.042999267578125 198.1658172607421875 199.28863525390625 200.4114532470703125 201.534271240234375 203.393890380859375 208.206634521484375 213.019378662109375 217.832122802734375 222.644866943359375 226.1346588134765625 224.3219146728515625 222.5091705322265625 220.6964263916015625 218.8836822509765625 217.9882354736328125 220.769439697265625 223.5506439208984375 226.33184814453125 229.1130523681640625 230.4059295654296875 225.7334442138671875 221.0609588623046875 216.38848876953125
193.30389404296875 199.2785186767578125 205.253143310546875 211.2277679443359375 216.41119384765625 218.42340087890625 220.4356231689453125 222.447845458984375 224.4600677490234375 225.273468017578125 221.2819366455078125 217.2903900146484375 213.2988433837890625 209.30731201171875 205.7096710205078125 203.6908721923828125 201.672088623046875 199.653289794921875 197.634490966796875 196.2190399169921875 197.22186279296875 198.22467041015625 199.2274932861328125 200.230316162109375 202.2255096435546875 208.1982574462890625 214.170989990234375 220.14373779296875 226.116485595703125 230.3030242919921875 227.330291748046875 224.3575439453125 221.384796142578125 218.41204833984375 216.7479705810546875 220.3291778564453125 223.9103851318359375 227.4915771484375 231.072784423828125 232.9420318603515625 227.949554443359375 222.957061767578125 217.9645843505859375
193.823272705078125 199.0420684814453125 204.2608642578125 209.4796600341796875 214.0245513916015625 215.8683013916015625 217.712066650390625 219.555816650390625 221.3995819091796875 222.3260650634765625 219.57598876953125 216.8259124755859375 214.075836181640625 211.3257598876953125 208.9126434326171875 207.8500823974609375 206.78753662109375 205.7249755859375 204.66241455078125 203.82452392578125 203.8870849609375 203.9496307373046875 204.0121917724609375 204.0747528076171875 205.1980743408203125 210.5731201171875 215.948150634765625 221.3231964111328125 226.6982269287109375 230.143585205078125 225.8546142578125 221.5656280517578125 217.276641845703125 212.9876556396484375 210.242706298828125 213.68646240234375 217.1302337646484375 220.5739898681640625 224.0177459716796875 225.8612823486328125 221.2909393310546875 216.720611572265625 212.1502685546875
194.463531494140625 198.88232421875 203.301116943359375 207.7199249267578125 211.59259033203125 213.2763519287109375 214.960113525390625 216.6438751220703125 218.32763671875 219.38165283203125 217.9115753173828125 216.441497802734375 214.9714202880859375 213.5013427734375 212.3043365478515625 212.2017822265625 212.0992279052734375 211.996673583984375 211.89410400390625 211.6328277587890625 210.7353973388671875 209.83795166015625 208.9405059814453125 208.043060302734375 208.2702789306640625 213.0053253173828125 217.7403564453125 222.47540283203125 227.2104339599609375 229.8800201416015625 224.2710418701171875 218.66204833984375 213.053070068359375 207.4440765380859375 203.6107635498046875 206.8945159912109375 210.17828369140625 213.4620361328125 216.7458038330078125 218.5491485595703125 214.4188079833984375 210.2884674072265625 206.1581268310546875
195.103790283203125 198.7225799560546875 202.3413848876953125 205.960174560546875 209.16064453125 210.6844024658203125 212.208160400390625 213.73193359375 215.2556915283203125 216.4372406005859375 216.247161865234375 216.0570831298828125 215.86700439453125 215.67694091796875 215.6960296630859375 216.553466796875 217.4109039306640625 218.2683563232421875 219.12579345703125 219.4411468505859375 217.5836944580078125 215.72625732421875 213.8688201904296875 212.0113677978515625 211.342498779296875 215.437530517578125 219.532562255859375 223.6276092529296875 227.7226409912109375 229.616455078125 222.687469482421875 215.75848388671875 208.829498291015625 201.9005126953125 196.97882080078125 200.102569580078125 203.2263336181640625 206.35009765625 209.473846435546875 211.23699951171875 207.546661376953125 203.8563232421875 200.165985107421875
195.744049072265625 198.5628509521484375 201.3816375732421875 204.200439453125 206.72869873046875 208.0924530029296875 209.4562225341796875 210.819976806640625 212.1837310791015625 213.4928131103515625 214.5827484130859375 215.67266845703125 216.7625885009765625 217.8525238037109375 219.08770751953125 220.9051513671875 222.72259521484375 224.5400390625 226.35748291015625 227.24945068359375 224.4320068359375 221.61456298828125 218.797119140625 215.97967529296875 214.414703369140625 217.8697357177734375 221.3247833251953125 224.779815673828125 228.2348480224609375 229.352874755859375 221.1038970947265625 212.8549041748046875 204.605926513671875 196.35693359375 190.34686279296875 193.3106231689453125 196.274383544921875 199.2381439208984375 202.201904296875 203.9248504638671875 200.6745147705078125 197.4241790771484375 194.1738433837890625
196.384307861328125 198.403106689453125 200.421905517578125 202.440704345703125 204.2967529296875 205.500518798828125 206.7042694091796875 207.9080352783203125 209.111785888671875 210.54840087890625 212.9183349609375 215.2882537841796875 217.658172607421875 220.028106689453125 222.479400634765625 225.2568511962890625 228.0342864990234375 230.811737060546875 233.58917236328125 235.057769775390625 231.2803192138671875 227.5028839111328125 223.725433349609375 219.947998046875 217.486907958984375 220.30194091796875 223.1169891357421875 225.9320220947265625 228.7470550537109375 229.0893096923828125 219.52032470703125 209.9513397216796875 200.382354736328125 190.8133697509765625 183.7149200439453125 186.5186767578125 189.3224334716796875 192.126190185546875 194.9299468994140625 196.6127166748046875 193.8023681640625 190.992034912109375 188.18170166015625
191.962158203125 193.844970703125 195.7277984619140625 197.6106109619140625 199.3180999755859375 200.3227996826171875 201.3274993896484375 202.3321990966796875 203.336883544921875 204.62799072265625 207.0670623779296875 209.5061187744140625 211.9451751708984375 214.3842315673828125 217.0747528076171875 220.77313232421875 224.471527099609375 228.1699066162109375 231.8682861328125 234.15521240234375 230.784881591796875 227.4145355224609375 224.0442047119140625 220.6738739013671875 218.2860107421875 219.836090087890625 221.38616943359375 222.936248779296875 224.4863128662109375 223.9893798828125 215.2877655029296875 206.5861358642578125 197.884521484375 189.1829071044921875 182.653106689453125 184.8281402587890625 187.003173828125 189.1782073974609375 191.3532562255859375 192.66748046875 190.5315093994140625 188.3955230712890625 186.259552001953125
187.4181976318359375 189.1810150146484375 190.9438323974609375 192.7066497802734375 194.2781524658203125 195.082855224609375 195.8875579833984375 196.6922607421875 197.4969635009765625 198.635986328125 201.11505126953125 203.5941009521484375 206.0731658935546875 208.5522308349609375 211.4584503173828125 216.07684326171875 220.695220947265625 225.3136138916015625 229.9319915771484375 233.0430755615234375 230.11273193359375 227.182403564453125 224.2520599365234375 221.3217315673828125 219.030426025390625 219.300506591796875 219.570587158203125 219.8406524658203125 220.1107330322265625 218.7730712890625 210.991455078125 203.2098388671875 195.42822265625 187.6466064453125 181.725311279296875 183.260345458984375 184.795379638671875 186.330413818359375 187.8654632568359375 188.803253173828125 187.3472900390625 185.8913116455078125 184.435333251953125
182.874237060546875 184.517059326171875 186.1598663330078125 187.8026885986328125 189.23822021484375 189.842926025390625 190.4476165771484375 191.0523223876953125 191.6570281982421875 192.6439666748046875 195.16302490234375 197.682098388671875 200.2011566162109375 202.72021484375 205.8421630859375 211.3805389404296875 216.9189300537109375 222.457305908203125 227.995697021484375 231.930938720703125 229.4405975341796875 226.95025634765625 224.4599151611328125 221.969573974609375 219.77484130859375 218.764923095703125 217.7549896240234375 216.7450714111328125 215.7351531982421875 213.5567779541015625 206.695159912109375 199.8335418701171875 192.971923828125 186.1103057861328125 180.797515869140625 181.6925506591796875 182.58758544921875 183.4826202392578125 184.3776702880859375 184.9390411376953125 184.163055419921875 183.3870849609375 182.611114501953125
178.3302764892578125 179.85308837890625 181.37591552734375 182.8987274169921875 184.1982879638671875 184.6029815673828125 185.0076904296875 185.412384033203125 185.8170928955078125 186.6519622802734375 189.2110137939453125 191.77008056640625 194.329132080078125 196.8881988525390625 200.225860595703125 206.6842498779296875 213.1426239013671875 219.60101318359375 226.0594024658203125 230.81878662109375 228.7684478759765625 226.718109130859375 224.6677703857421875 222.617431640625 220.519256591796875 218.229339599609375 215.9394073486328125 213.6494903564453125 211.35955810546875 208.340484619140625 202.39886474609375 196.457244873046875 190.515625 184.5740203857421875 179.869720458984375 180.124755859375 180.379791259765625 180.63482666015625 180.8898773193359375 181.0748138427734375 180.9788360595703125 180.8828582763671875 180.7868804931640625
173.78631591796875 175.1891326904296875 176.591949462890625 177.9947662353515625 179.158355712890625 179.3630523681640625 179.5677490234375 179.7724456787109375 179.9771575927734375 180.659942626953125 183.259002685546875 185.858062744140625 188.457122802734375 191.056182861328125 194.60955810546875 201.987945556640625 209.3663330078125 216.744720458984375 224.1230926513671875 229.7066497802734375 228.0963134765625 226.4859771728515625 224.875640869140625 223.265289306640625 221.263671875 217.693756103515625 214.1238250732421875 210.55389404296875 206.983978271484375 203.124176025390625 198.102569580078125 193.0809478759765625 188.059326171875 183.0377197265625 178.941925048828125 178.5569610595703125 178.1719970703125 177.78704833984375 177.4020843505859375 177.210601806640625 177.79461669921875 178.3786468505859375 178.9626617431640625
175.6715545654296875 177.266845703125 178.862152099609375 180.45745849609375 181.774139404296875 181.974151611328125 182.1741485595703125 182.3741455078125 182.5741424560546875 183.2923583984375 186.0876617431640625 188.882965087890625 191.6782684326171875 194.47357177734375 197.98553466796875 204.369964599609375 210.7544097900390625 217.1388397216796875 223.5232696533203125 228.3524169921875 226.9477081298828125 225.5430145263671875 224.1383056640625 222.733612060546875 220.8515625 217.0562744140625 213.2609710693359375 209.465667724609375 205.6703643798828125 201.759307861328125 197.3842620849609375 193.0092315673828125 188.634185791015625 184.2591552734375 180.685638427734375 180.3246917724609375 179.9637603759765625 179.602813720703125 179.24188232421875 179.00262451171875 179.2510833740234375 179.499542236328125 179.7480010986328125
177.71148681640625 179.5067901611328125 181.302093505859375 183.097381591796875 184.5741424560546875 184.774139404296875 184.974151611328125 185.1741485595703125 185.3741455078125 186.132293701171875 189.1276092529296875 192.1229095458984375 195.1182098388671875 198.1135101318359375 201.5778656005859375 206.92230224609375 212.2667388916015625 217.611175537109375 222.9556121826171875 226.992340087890625 225.7876434326171875 224.58294677734375 223.3782501220703125 222.173553466796875 220.4116363525390625 216.4163360595703125 212.4210357666015625 208.4257354736328125 204.4304351806640625 200.487091064453125 196.7520599365234375 193.01702880859375 189.281982421875 185.5469512939453125 182.493621826171875 182.1726837158203125 181.85174560546875 181.5308074951171875 181.209869384765625 180.9307403564453125 180.8191986083984375 180.7076568603515625 180.5961151123046875
179.7514190673828125 181.7467193603515625 183.7420196533203125 185.7373199462890625 187.3741455078125 187.5741424560546875 187.774139404296875 187.974151611328125 188.1741485595703125 188.97222900390625 192.16754150390625 195.3628387451171875 198.558135986328125 201.7534332275390625 205.1702117919921875 209.474639892578125 213.779083251953125 218.0835113525390625 222.3879547119140625 225.6322784423828125 224.6275787353515625 223.6228790283203125 222.6181793212890625 221.6134796142578125 219.9716949462890625 215.776397705078125 211.5811004638671875 207.3857879638671875 203.19049072265625 199.2148895263671875 196.1198577880859375 193.024810791015625 189.929779052734375 186.834747314453125 184.301605224609375 184.0206756591796875 183.7397308349609375 183.4587860107421875 183.1778564453125 182.858856201171875 182.3873138427734375 181.915771484375 181.4442291259765625
181.791351318359375 183.986663818359375 186.1819610595703125 188.37725830078125 190.1741485595703125 190.3741455078125 190.5741424560546875 190.774139404296875 190.974151611328125 191.812164306640625 195.2074737548828125 198.6027679443359375 201.998077392578125 205.39337158203125 208.762542724609375 212.0269775390625 215.291412353515625 218.55584716796875 221.820281982421875 224.272216796875 223.4675140380859375 222.662811279296875 221.858123779296875 221.0534210205078125 219.531768798828125 215.1364593505859375 210.7411651611328125 206.345855712890625 201.9505615234375 197.94268798828125 195.487640380859375 193.0326080322265625 190.57757568359375 188.122528076171875 186.1096038818359375 185.86865234375 185.627716064453125 185.38677978515625 185.145843505859375 184.7869720458984375 183.9554290771484375 183.1238861083984375 182.2923431396484375
183.831298828125 186.226593017578125 188.62188720703125 191.0171966552734375 192.974151611328125 193.1741485595703125 193.3741455078125 193.5741424560546875 193.774139404296875 194.652099609375 198.247406005859375 201.84271240234375 205.4380035400390625 209.0333099365234375 212.354888916015625 214.579315185546875 216.8037567138671875 219.0281829833984375 221.25262451171875 222.9121551513671875 222.3074493408203125 221.7027587890625 221.098052978515625 220.49334716796875 219.091827392578125 214.49652099609375 209.9012298583984375 205.3059234619140625 200.7106170654296875 196.67047119140625 194.855438232421875 193.0404052734375 191.2253570556640625 189.4103240966796875 187.9175872802734375 187.716644287109375 187.5157012939453125 187.31475830078125 187.11383056640625 186.715087890625 185.5235443115234375 184.332000732421875 183.1404571533203125
