INPUT/RASTER/ASCII_no_standard/soc_5-15cm_mean.asc
ncols        225
nrows        269
xllcorner    473009.983799999987
yllcorner    4429051.174800000153
cellsize     50.000000000000
NODATA_value  -9999
[rows 247 to 265 of 269, columns 86 to 128 of 225]
187.2083740234375 187.57855224609375 190.17010498046875 192.7616424560546875 195.353179931640625 197.9447174072265625 200.3759613037109375 202.1646881103515625 203.953399658203125 205.74212646484375 207.530853271484375 208.8427886962890625 208.2437286376953125 207.6446685791015625 207.0456085205078125 206.4465484619140625 206.3643951416015625 208.3540496826171875 210.343719482421875 212.3333740234375 214.3230438232421875 216.5553131103515625 219.760009765625 222.9647216796875 226.1694183349609375 229.374114990234375 231.5408782958984375 229.547454833984375 227.5540313720703125 225.56060791015625 223.5671844482421875 221.254852294921875 217.66424560546875 214.073638916015625 210.4830474853515625 206.8924407958984375 203.140228271484375 198.7402191162109375 194.3402252197265625 189.940216064453125 185.54022216796875 181.380401611328125 178.1832122802734375
190.7850494384765625 190.542572021484375 192.634796142578125 194.727020263671875 196.8192291259765625 198.9114532470703125 200.820526123046875 201.9955596923828125 203.1706085205078125 204.34564208984375 205.5206756591796875 206.3958740234375 206.069305419921875 205.7427215576171875 205.4161376953125 205.089569091796875 205.1651458740234375 206.8526763916015625 208.540191650390625 210.2277069091796875 211.91522216796875 213.7487640380859375 216.1675567626953125 218.58636474609375 221.005157470703125 223.4239501953125 225.1865997314453125 224.3193511962890625 223.45208740234375 222.5848388671875 221.7175750732421875 220.6088409423828125 218.5321807861328125 216.455535888671875 214.378875732421875 212.302215576171875 209.8396453857421875 205.8302459716796875 201.8208465576171875 197.8114471435546875 193.8020477294921875 189.57989501953125 184.5050201416015625
194.49725341796875 193.6387481689453125 195.210968017578125 196.7831878662109375 198.35540771484375 199.9276123046875 201.2927398681640625 201.8277740478515625 202.3628082275390625 202.8978424072265625 203.432891845703125 203.8517913818359375 203.805206298828125 203.758636474609375 203.7120513916015625 203.66546630859375 203.9012603759765625 205.268768310546875 206.63629150390625 208.003814697265625 209.371337890625 210.7890167236328125 212.4078216552734375 214.026611328125 215.645416259765625 217.2642059326171875 218.61822509765625 218.9109649658203125 219.2037200927734375 219.4964599609375 219.7891998291015625 219.9203338623046875 219.4036712646484375 218.88702392578125 218.3703765869140625 217.8537139892578125 216.719512939453125 213.1101226806640625 209.5007171630859375 205.891326904296875 202.28192138671875 197.99652099609375 191.0016326904296875
198.2094573974609375 196.7349090576171875 197.787139892578125 198.83935546875 199.891571044921875 200.94378662109375 201.7649383544921875 201.6599884033203125 201.555023193359375 201.4500579833984375 201.3450927734375 201.3076934814453125 201.5411224365234375 201.7745361328125 202.007965087890625 202.2413787841796875 202.637359619140625 203.68487548828125 204.732391357421875 205.7799224853515625 206.8274383544921875 207.82928466796875 208.6480865478515625 209.4668731689453125 210.285675048828125 211.1044769287109375 212.0498504638671875 213.502593994140625 214.9553375244140625 216.4080810546875 217.8608245849609375 219.2318267822265625 220.275177001953125 221.3185272216796875 222.3618621826171875 223.40521240234375 223.5993804931640625 220.389984130859375 217.1805877685546875 213.97119140625 210.7617950439453125 206.41314697265625 197.498260498046875
201.9216766357421875 199.831085205078125 200.3632965087890625 200.8955230712890625 201.427734375 201.9599609375 202.237152099609375 201.4921875 200.747222900390625 200.00225830078125 199.257293701171875 198.76361083984375 199.2770233154296875 199.7904510498046875 200.303863525390625 200.817291259765625 201.3734588623046875 202.100982666015625 202.8285064697265625 203.5560150146484375 204.283538818359375 204.869537353515625 204.888336181640625 204.907135009765625 204.925933837890625 204.944732666015625 205.481475830078125 208.0942230224609375 210.70697021484375 213.3197021484375 215.9324493408203125 218.5433197021484375 221.14666748046875 223.7500152587890625 226.353363037109375 228.9567108154296875 230.4792633056640625 227.66986083984375 224.8604583740234375 222.051055908203125 219.241668701171875 214.82977294921875 203.994873046875
205.633880615234375 202.92724609375 202.9394683837890625 202.951690673828125 202.9639129638671875 202.9761199951171875 202.7093658447265625 201.32440185546875 199.9394378662109375 198.554473876953125 197.1695098876953125 196.219512939453125 197.012939453125 197.806365966796875 198.5997772216796875 199.3932037353515625 200.1095733642578125 200.51708984375 200.9246063232421875 201.332122802734375 201.7396392822265625 201.9098052978515625 201.12860107421875 200.3473968505859375 199.566192626953125 198.7849884033203125 198.9131011962890625 202.6858367919921875 206.458587646484375 210.2313385009765625 214.0040740966796875 217.8548126220703125 222.018157958984375 226.1815032958984375 230.3448486328125 234.5081939697265625 237.359130859375 234.9497222900390625 232.5403289794921875 230.1309356689453125 227.721527099609375 223.2463836669921875 210.4915008544921875
206.3695220947265625 203.585906982421875 203.585906982421875 203.585906982421875 203.585906982421875 203.585906982421875 203.1815643310546875 201.1566009521484375 199.1316375732421875 197.1066741943359375 195.0817108154296875 193.628631591796875 194.4676971435546875 195.3067474365234375 196.14581298828125 196.98486328125 197.7596588134765625 198.2768402099609375 198.7940216064453125 199.3112030029296875 199.8283843994140625 200.051361083984375 199.0951080322265625 198.1388702392578125 197.1826324462890625 196.2263946533203125 196.204254150390625 199.9261322021484375 203.6480255126953125 207.369903564453125 211.0917816162109375 214.932525634765625 219.2497100830078125 223.5668792724609375 227.884063720703125 232.2012481689453125 235.2005615234375 232.9177398681640625 230.6349334716796875 228.35211181640625 226.0692901611328125 221.8580322265625 209.9173431396484375
207.0335540771484375 204.1858978271484375 204.1858978271484375 204.1858978271484375 204.1858978271484375 204.1858978271484375 203.653778076171875 200.9888153076171875 198.3238525390625 195.6588897705078125 192.993927001953125 191.03662109375 191.915679931640625 192.79473876953125 193.673797607421875 194.5528564453125 195.3836212158203125 196.0207977294921875 196.6579742431640625 197.295166015625 197.932342529296875 198.2194061279296875 197.1031646728515625 195.9869232177734375 194.8706817626953125 193.7544403076171875 193.588287353515625 197.23016357421875 200.872039794921875 204.5139312744140625 208.1558074951171875 211.95648193359375 216.3936614990234375 220.830841064453125 225.2680206298828125 229.7052154541015625 232.82452392578125 230.661712646484375 228.4988861083984375 226.3360748291015625 224.173248291015625 220.233734130859375 209.173065185546875
207.69757080078125 204.7859039306640625 204.7859039306640625 204.7859039306640625 204.7859039306640625 204.7859039306640625 204.1259765625 200.821014404296875 197.51605224609375 194.211090087890625 190.9061279296875 188.444610595703125 189.3636627197265625 190.2827301025390625 191.2017822265625 192.120849609375 193.0075836181640625 193.7647552490234375 194.521942138671875 195.2791290283203125 196.0363006591796875 196.387451171875 195.1112213134765625 193.8349761962890625 192.5587310791015625 191.282501220703125 190.9723052978515625 194.5341949462890625 198.0960693359375 201.6579437255859375 205.2198333740234375 208.9804534912109375 213.537628173828125 218.0948028564453125 222.6519927978515625 227.20916748046875 230.448486328125 228.405670166015625 226.36285400390625 224.3200225830078125 222.2772064208984375 218.6094512939453125 208.42877197265625
208.361602783203125 205.385894775390625 205.385894775390625 205.385894775390625 205.385894775390625 205.385894775390625 204.5981903076171875 200.653228759765625 196.7082672119140625 192.7633056640625 188.8183441162109375 185.8525848388671875 186.8116455078125 187.7707061767578125 188.729766845703125 189.6888275146484375 190.6315460205078125 191.50872802734375 192.3859100341796875 193.2630767822265625 194.1402587890625 194.555511474609375 193.1192626953125 191.6830291748046875 190.246795654296875 188.810546875 188.3563385009765625 191.8382110595703125 195.320098876953125 198.801971435546875 202.2838592529296875 206.0044097900390625 210.6815948486328125 215.3587646484375 220.03594970703125 224.713134765625 228.07244873046875 226.149627685546875 224.226806640625 222.303985595703125 220.38116455078125 216.98516845703125 207.6844940185546875
209.025634765625 205.98590087890625 205.98590087890625 205.98590087890625 205.98590087890625 205.98590087890625 205.0703887939453125 200.4854278564453125 195.9004669189453125 191.3155059814453125 186.7305450439453125 183.2605743408203125 184.2596435546875 185.258697509765625 186.25775146484375 187.2568206787109375 188.2555084228515625 189.252685546875 190.2498626708984375 191.247039794921875 192.244232177734375 192.7235565185546875 191.1273193359375 189.5310821533203125 187.934844970703125 186.338592529296875 185.7403564453125 189.142242431640625 192.54412841796875 195.9459991455078125 199.3478851318359375 203.0283660888671875 207.8255462646484375 212.6227264404296875 217.4199066162109375 222.2170867919921875 225.6964111328125 223.893585205078125 222.0907745361328125 220.2879486083984375 218.485137939453125 215.3608856201171875 206.940216064453125
206.0256805419921875 203.3515777587890625 203.78125 204.210906982421875 204.64056396484375 205.0702362060546875 204.5345916748046875 200.1298828125 195.725189208984375 191.3204803466796875 186.9157867431640625 183.4420928955078125 183.699951171875 183.9578094482421875 184.215667724609375 184.4735107421875 184.856170654296875 185.738983154296875 186.6218109130859375 187.5046234130859375 188.3874359130859375 189.0318756103515625 188.7208709716796875 188.40985107421875 188.0988311767578125 187.7878265380859375 186.5409393310546875 181.5430145263671875 176.545074462890625 171.5471343994140625 166.5492095947265625 163.32049560546875 167.1830596923828125 171.0456085205078125 174.908172607421875 178.770721435546875 181.5727996826171875 180.1243438720703125 178.675872802734375 177.2274169921875 175.778961181640625 174.705108642578125 175.1327056884765625
202.93756103515625 200.639434814453125 201.50909423828125 202.3787689208984375 203.2484283447265625 204.1180877685546875 203.974517822265625 199.7698211669921875 195.56512451171875 191.3604278564453125 187.1557159423828125 183.690338134765625 183.1881866455078125 182.6860504150390625 182.1839141845703125 181.6817626953125 181.4322052001953125 182.1950225830078125 182.9578399658203125 183.7206573486328125 184.4834747314453125 185.2954559326171875 186.304443359375 187.3134307861328125 188.3224029541015625 189.331390380859375 187.423736572265625 173.8257904052734375 160.2278594970703125 146.6299285888671875 133.0319976806640625 122.7288055419921875 125.6313629150390625 128.5339202880859375 131.4364776611328125 134.3390350341796875 136.4446868896484375 135.3562164306640625 134.26776123046875 133.1793060302734375 132.090850830078125 133.1101837158203125 142.5777740478515625
199.8494415283203125 197.9272918701171875 199.2369537353515625 200.5466156005859375 201.8562774658203125 203.1659393310546875 203.414459228515625 199.409759521484375 195.405059814453125 191.400360107421875 187.395660400390625 183.9385833740234375 182.6764373779296875 181.4142913818359375 180.1521453857421875 178.8900146484375 178.00823974609375 178.65106201171875 179.29388427734375 179.93670654296875 180.5795135498046875 181.55902099609375 183.8880157470703125 186.2169952392578125 188.5459747314453125 190.874969482421875 188.3065185546875 166.10858154296875 143.91064453125 121.71271514892578125 99.51477813720703125 82.13712310791015625 84.07967376708984375 86.0222320556640625 87.96479034423828125 89.9073486328125 91.31656646728515625 90.588104248046875 89.859649658203125 89.13118743896484375 88.40273284912109375 91.51525115966796875 110.0228424072265625
196.761322021484375 195.21514892578125 196.964813232421875 198.7144775390625 200.464141845703125 202.21380615234375 202.8543853759765625 199.0496978759765625 195.2449951171875 191.4402923583984375 187.635589599609375 184.18682861328125 182.1646881103515625 180.142547607421875 178.120391845703125 176.0982513427734375 174.5842742919921875 175.1071014404296875 175.629913330078125 176.152740478515625 176.6755523681640625 177.822601318359375 181.471588134765625 185.120574951171875 188.769561767578125 192.4185333251953125 189.189300537109375 158.3913726806640625 127.5934295654296875 96.795501708984375 65.99756622314453125 41.54543304443359375 42.527988433837890625 43.5105438232421875 44.493099212646484375 45.47565460205078125 46.188446044921875 45.819988250732421875 45.45153045654296875 45.083072662353515625 44.714611053466796875 49.920318603515625 77.46791839599609375
193.6732025146484375 192.5030059814453125 194.6926727294921875 196.8823394775390625 199.071990966796875 201.26165771484375 202.2943267822265625 198.6896209716796875 195.084930419921875 191.480224609375 187.8755340576171875 184.4350738525390625 181.6529388427734375 178.87078857421875 176.0886383056640625 173.3065032958984375 171.1603240966796875 171.563140869140625 171.9659576416015625 172.3687744140625 172.7715911865234375 174.0861663818359375 179.0551605224609375 184.024139404296875 188.993133544921875 193.9621124267578125 190.07208251953125 150.6741485595703125 111.27622222900390625 71.87828826904296875 32.480350494384765625 0.9537423253059387207 0.97629851102828979492 0.99885463714599609375 1.021410822868347168 1.0439670085906982422 1.0603302717208862305 1.0518716573715209961 1.0434131622314453125 1.0349545478820800781 1.0264959335327148438 8.3253908157348632813 44.91298675537109375
190.96795654296875 189.798980712890625 191.4911956787109375 193.1834259033203125 194.875640869140625 196.5678558349609375 197.2891387939453125 194.118804931640625 190.948455810546875 187.7781219482421875 184.6077880859375 181.5971832275390625 179.2268524169921875 176.85650634765625 174.486175537109375 172.1158294677734375 168.9805755615234375 162.7794036865234375 156.5782318115234375 150.3770751953125 144.1759033203125 140.016357421875 144.03985595703125 148.0633544921875 152.0868377685546875 156.1103363037109375 152.9675445556640625 121.10146331787109375 89.23537445068359375 57.369281768798828125 25.503194808959960938 0 0 0 0 0 0 0 0 0 0 5.9129915237426757813 35.525920867919921875
188.27191162109375 187.09515380859375 188.267364501953125 189.4395904541015625 190.6118011474609375 191.784027099609375 192.177001953125 189.4466552734375 186.7163238525390625 183.9859771728515625 181.255645751953125 178.6850433349609375 176.7547149658203125 174.824371337890625 172.8940277099609375 170.9636993408203125 166.8307647705078125 153.869598388671875 140.9084320068359375 127.94725799560546875 114.98609161376953125 105.21668243408203125 108.24018096923828125 111.263671875 114.28717041015625 117.3106689453125 114.94898223876953125 91.00289154052734375 67.0568084716796875 43.1107177734375 19.164628982543945313 0 0 0 0 0 0 0 0 0 0 4.4433760643005371094 26.696306228637695313
185.5758819580078125 184.391326904296875 185.0435333251953125 185.6957550048828125 186.3479766845703125 187.0001983642578125 187.064849853515625 184.7745208740234375 182.4841766357421875 180.1938323974609375 177.90350341796875 175.7729034423828125 174.282562255859375 172.7922210693359375 171.3018951416015625 169.811553955078125 164.6809539794921875 144.9597930908203125 125.238616943359375 105.51744842529296875 85.79628753662109375 70.4170074462890625 72.44049835205078125 74.46399688720703125 76.48749542236328125 78.510986328125 76.930419921875 60.904327392578125 44.878238677978515625 28.852151870727539063 12.826063156127929688 0 0 0 0 0 0 0 0 0 0 2.9737608432769775391 17.86669158935546875
