INPUT/RASTER/ASCII_no_standard/soc_5-15cm_mean.asc
ncols        225
nrows        269
xllcorner    473009.983799999987
yllcorner    4429051.174800000153
cellsize     50.000000000000
NODATA_value  -9999
[rows 114 to 132 of 269, columns 86 to 128 of 225]
261.547821044921875 262.613128662109375 263.008453369140625 263.40374755859375 263.799041748046875 264.1943359375 264.47265625 264.28204345703125 264.091461181640625 263.900848388671875 263.710235595703125 262.71905517578125 258.519073486328125 254.319061279296875 250.1190643310546875 245.9190673828125 242.49737548828125 242.1952362060546875 241.893096923828125 241.5909423828125 241.2888031005859375 241.0664520263671875 241.1638946533203125 241.2613372802734375 241.3587799072265625 241.4562225341796875 241.1200103759765625 239.045654296875 236.971282958984375 234.8969268798828125 232.82257080078125 231.291595458984375 231.9385833740234375 232.5855865478515625 233.232574462890625 233.8795623779296875 234.0101318359375 232.07080078125 230.1314849853515625 228.1921539306640625 226.252838134765625 215.7272796630859375 170.7871246337890625
264.09173583984375 265.45306396484375 266.048370361328125 266.6436767578125 267.238983154296875 267.83428955078125 268.192779541015625 267.6021728515625 267.0115966796875 266.420989990234375 265.83038330078125 264.519073486328125 260.319061279296875 256.11907958984375 251.9190673828125 247.7190704345703125 244.1456298828125 243.0834808349609375 242.021331787109375 240.959197998046875 239.8970489501953125 239.2581329345703125 240.315582275390625 241.3730316162109375 242.4304656982421875 243.4879150390625 243.8720855712890625 241.5577239990234375 239.2433624267578125 236.9290008544921875 234.6146392822265625 232.49224853515625 231.1392364501953125 229.786224365234375 228.4332122802734375 227.0802154541015625 225.434417724609375 222.6150970458984375 219.7957611083984375 216.9764404296875 214.1571197509765625 203.438446044921875 161.0583038330078125
266.6356201171875 268.292999267578125 269.08831787109375 269.88360595703125 270.678924560546875 271.474212646484375 271.91290283203125 270.92230224609375 269.93170166015625 268.94110107421875 267.95050048828125 266.319061279296875 262.11907958984375 257.9190673828125 253.7190704345703125 249.519073486328125 245.7938690185546875 243.9717254638671875 242.1495819091796875 240.3274383544921875 238.5052947998046875 237.4498291015625 239.4672698974609375 241.484710693359375 243.5021514892578125 245.5196075439453125 246.6241607666015625 244.0698089599609375 241.51544189453125 238.961090087890625 236.4067230224609375 233.6928863525390625 230.3398895263671875 226.98687744140625 223.6338653564453125 220.280853271484375 216.85870361328125 213.1593780517578125 209.460052490234375 205.7607269287109375 202.0614013671875 191.149627685546875 151.3294677734375
269.17950439453125 271.1329345703125 272.12823486328125 273.123565673828125 274.118865966796875 275.114166259765625 275.633056640625 274.242431640625 272.851837158203125 271.46124267578125 270.070648193359375 268.11907958984375 263.9190673828125 259.71905517578125 255.519073486328125 251.319061279296875 247.442108154296875 244.8599700927734375 242.27783203125 239.6956787109375 237.1135406494140625 235.641510009765625 238.61895751953125 241.596405029296875 244.5738525390625 247.5512847900390625 249.376251220703125 246.581878662109375 243.7875213623046875 240.9931640625 238.1988067626953125 234.8935394287109375 229.54052734375 224.187530517578125 218.8345184326171875 213.48150634765625 208.282989501953125 203.7036590576171875 199.1243438720703125 194.545013427734375 189.9656982421875 178.8607940673828125 141.60064697265625
268.403289794921875 270.668365478515625 271.941802978515625 273.2152099609375 274.4886474609375 275.762054443359375 276.267669677734375 273.69586181640625 271.124053955078125 268.55224609375 265.98046875 263.3955078125 260.7579345703125 258.120330810546875 255.48272705078125 252.8451385498046875 250.2072601318359375 247.5681915283203125 244.92913818359375 242.290069580078125 239.6510162353515625 238.013153076171875 240.38818359375 242.7632293701171875 245.1382598876953125 247.5133056640625 248.83160400390625 245.9144287109375 242.9972381591796875 240.0800628662109375 237.1628875732421875 233.7889404296875 228.5842437744140625 223.379547119140625 218.1748504638671875 212.9701385498046875 207.8705902099609375 203.192474365234375 198.51434326171875 193.8362274169921875 189.158111572265625 179.51483154296875 149.9706268310546875
267.54718017578125 270.124267578125 271.677703857421875 273.231109619140625 274.7845458984375 276.33795166015625 276.82806396484375 273.0562744140625 269.284454345703125 265.512664794921875 261.7408447265625 258.514984130859375 257.4774169921875 256.4398193359375 255.4022216796875 254.3646240234375 252.999267578125 250.3202056884765625 247.641143798828125 244.9620819091796875 242.28302001953125 240.4853515625 242.22039794921875 243.9554290771484375 245.6904754638671875 247.425506591796875 248.2076416015625 245.17047119140625 242.1332855224609375 239.096099853515625 236.058929443359375 232.628875732421875 227.624176025390625 222.619476318359375 217.614776611328125 212.610076904296875 207.6546173095703125 202.8964996337890625 198.1383819580078125 193.3802490234375 188.62213134765625 180.48028564453125 158.7760772705078125
266.69110107421875 269.5802001953125 271.413604736328125 273.247039794921875 275.0804443359375 276.91387939453125 277.388458251953125 272.416656494140625 267.444854736328125 262.473052978515625 257.501220703125 253.6344757080078125 254.1968841552734375 254.7592926025390625 255.3217010498046875 255.8841094970703125 255.7912750244140625 253.0722198486328125 250.3531646728515625 247.63409423828125 244.9150390625 242.9575653076171875 244.0525970458984375 245.14764404296875 246.24267578125 247.33770751953125 247.58367919921875 244.4264984130859375 241.269317626953125 238.1121368408203125 234.9549560546875 231.46881103515625 226.6641082763671875 221.8594207763671875 217.054718017578125 212.2500152587890625 207.4386444091796875 202.60052490234375 197.7624053955078125 192.924285888671875 188.0861663818359375 181.4457550048828125 167.58154296875
265.834991455078125 269.036102294921875 271.149505615234375 273.262939453125 275.376373291015625 277.489776611328125 277.9488525390625 271.77703857421875 265.605224609375 259.433441162109375 253.261627197265625 248.75396728515625 250.9163665771484375 253.078765869140625 255.241180419921875 257.403594970703125 258.583282470703125 255.8242340087890625 253.0651702880859375 250.3061065673828125 247.54705810546875 245.4297637939453125 245.8848114013671875 246.33984375 246.7948760986328125 247.2499237060546875 246.959716796875 243.6825408935546875 240.405364990234375 237.1281890869140625 233.8509979248046875 230.308746337890625 225.70404052734375 221.0993499755859375 216.4946441650390625 211.88995361328125 207.2226715087890625 202.3045501708984375 197.3864288330078125 192.4683074951171875 187.5501861572265625 182.4112091064453125 176.386993408203125
264.9788818359375 268.49200439453125 270.88543701171875 273.278839111328125 275.672271728515625 278.065704345703125 278.50921630859375 271.137420654296875 263.765625 256.393829345703125 249.0220184326171875 243.873443603515625 247.6358489990234375 251.39825439453125 255.1606597900390625 258.923065185546875 261.37530517578125 258.57623291015625 255.777191162109375 252.978118896484375 250.1790618896484375 247.9019775390625 247.717010498046875 247.5320587158203125 247.3470916748046875 247.1621246337890625 246.3357696533203125 242.9385833740234375 239.5413970947265625 236.14422607421875 232.747039794921875 229.148681640625 224.743988037109375 220.3392791748046875 215.9345855712890625 211.5298919677734375 207.0066986083984375 202.008575439453125 197.0104522705078125 192.0123291015625 187.0142059326171875 183.3766632080078125 185.1924591064453125
262.216827392578125 265.401519775390625 267.05938720703125 268.71722412109375 270.375091552734375 272.032958984375 272.240936279296875 266.6376953125 261.03448486328125 255.431243896484375 249.8280181884765625 245.805999755859375 248.1217193603515625 250.4374237060546875 252.753143310546875 255.0688629150390625 256.636077880859375 255.2031707763671875 253.7702789306640625 252.3373870849609375 250.90447998046875 249.694366455078125 249.377197265625 249.0600128173828125 248.742828369140625 248.4256591796875 247.500701904296875 244.1397705078125 240.7788238525390625 237.4178924560546875 234.05694580078125 230.5665283203125 226.55712890625 222.5477294921875 218.538330078125 214.5289306640625 210.3451385498046875 205.462310791015625 200.579498291015625 195.6966705322265625 190.8138580322265625 187.071380615234375 187.8995819091796875
259.408905029296875 262.249755859375 263.147613525390625 264.04547119140625 264.943328857421875 265.8411865234375 265.808349609375 262.04510498046875 258.281890869140625 254.518646240234375 250.7554168701171875 247.902496337890625 248.698211669921875 249.493927001953125 250.289642333984375 251.085357666015625 251.715606689453125 251.6827239990234375 251.6498260498046875 251.6169281005859375 251.5840301513671875 251.4704132080078125 251.033233642578125 250.5960540771484375 250.15887451171875 249.7216949462890625 248.7086944580078125 245.38775634765625 242.0668182373046875 238.745880126953125 235.4249267578125 232.0464019775390625 228.4369964599609375 224.8275909423828125 221.21820068359375 217.608795166015625 213.7690887451171875 209.0062713623046875 204.2434539794921875 199.4806365966796875 194.7178192138671875 190.8317718505859375 190.4599761962890625
256.600982666015625 259.0980224609375 259.235870361328125 259.37371826171875 259.5115966796875 259.649444580078125 259.375762939453125 257.4525146484375 255.5292816162109375 253.606048583984375 251.6828155517578125 249.998992919921875 249.2747039794921875 248.5504150390625 247.8261260986328125 247.101837158203125 246.7951507568359375 248.162261962890625 249.5293731689453125 250.8964691162109375 252.263580322265625 253.2464447021484375 252.68927001953125 252.1320953369140625 251.5749053955078125 251.017730712890625 249.91668701171875 246.6357421875 243.35479736328125 240.0738677978515625 236.7929229736328125 233.5262603759765625 230.316864013671875 227.1074676513671875 223.8980712890625 220.6886749267578125 217.19305419921875 212.55023193359375 207.90740966796875 203.2646026611328125 198.6217803955078125 194.5921630859375 193.020355224609375
253.793060302734375 255.946258544921875 255.3241119384765625 254.7019805908203125 254.079833984375 253.4576873779296875 252.943145751953125 252.85992431640625 252.7766876220703125 252.693450927734375 252.6102294921875 252.0954742431640625 249.8511962890625 247.606903076171875 245.3626251220703125 243.1183319091796875 241.8747100830078125 244.641815185546875 247.4089202880859375 250.176025390625 252.9431304931640625 255.022491455078125 254.345306396484375 253.6681365966796875 252.9909515380859375 252.3137664794921875 251.124664306640625 247.88372802734375 244.642791748046875 241.4018402099609375 238.1609039306640625 235.006134033203125 232.1967315673828125 229.3873443603515625 226.57794189453125 223.7685394287109375 220.6170196533203125 216.0941925048828125 211.571380615234375 207.048553466796875 202.5257415771484375 198.3525543212890625 195.58074951171875
250.985137939453125 252.7945098876953125 251.4123687744140625 250.0302276611328125 248.6480712890625 247.26593017578125 246.51055908203125 248.2673187255859375 250.0240936279296875 251.780853271484375 253.537628173828125 254.1919708251953125 250.4276885986328125 246.6634063720703125 242.89910888671875 239.13482666015625 236.954254150390625 241.1213531494140625 245.2884674072265625 249.45556640625 253.6226654052734375 256.79852294921875 256.0013427734375 255.20416259765625 254.406982421875 253.60980224609375 252.3326568603515625 249.1317138671875 245.9307708740234375 242.729827880859375 239.528900146484375 236.4860076904296875 234.0766143798828125 231.667205810546875 229.2578125 226.848419189453125 224.0409698486328125 219.638153076171875 215.2353363037109375 210.83251953125 206.4297027587890625 202.112945556640625 198.141143798828125
247.43499755859375 249.29083251953125 248.32049560546875 247.35015869140625 246.37982177734375 245.40948486328125 244.96112060546875 246.6048736572265625 248.248626708984375 249.89239501953125 251.5361480712890625 252.2489166259765625 249.2301177978515625 246.2113189697265625 243.1925201416015625 240.1737213134765625 238.3857574462890625 241.5311431884765625 244.676513671875 247.8218841552734375 250.9672698974609375 253.3248443603515625 252.52484130859375 251.7248382568359375 250.9248504638671875 250.124847412109375 248.962615966796875 246.3485107421875 243.7344207763671875 241.1203155517578125 238.5062255859375 236.0518646240234375 234.237762451171875 232.423675537109375 230.6095733642578125 228.79547119140625 226.379241943359375 221.5495758056640625 216.7199249267578125 211.8902587890625 207.0605926513671875 202.42779541015625 198.5840301513671875
243.8670196533203125 245.7786865234375 245.24835205078125 244.718017578125 244.1876678466796875 243.6573333740234375 243.5291595458984375 245.0129241943359375 246.4966888427734375 247.980438232421875 249.464202880859375 250.208648681640625 247.9898529052734375 245.77105712890625 243.5522613525390625 241.333465576171875 239.9701080322265625 242.035491943359375 244.100860595703125 246.1662445068359375 248.2316131591796875 249.7248382568359375 248.9248504638671875 248.124847412109375 247.3248443603515625 246.52484130859375 245.482421875 243.46832275390625 241.4542236328125 239.44012451171875 237.426025390625 235.5716705322265625 234.357574462890625 233.1434783935546875 231.92938232421875 230.7152862548828125 228.6913909912109375 223.421722412109375 218.1520538330078125 212.8824005126953125 207.61273193359375 202.6597442626953125 198.975982666015625
240.2990264892578125 242.26654052734375 242.17620849609375 242.08587646484375 241.9955291748046875 241.9051971435546875 242.0972137451171875 243.4209747314453125 244.7447357177734375 246.0684967041015625 247.3922576904296875 248.16839599609375 246.7495880126953125 245.3307952880859375 243.9120025634765625 242.4932098388671875 241.5544586181640625 242.5398406982421875 243.52520751953125 244.510589599609375 245.4959716796875 246.124847412109375 245.3248443603515625 244.52484130859375 243.7248382568359375 242.9248504638671875 242.002227783203125 240.5881195068359375 239.1740264892578125 237.7599334716796875 236.3458404541015625 235.0914764404296875 234.477386474609375 233.86328125 233.2491912841796875 232.6350860595703125 231.0035247802734375 225.2938690185546875 219.584197998046875 213.874542236328125 208.164886474609375 202.891693115234375 199.3679351806640625
236.731048583984375 238.7544097900390625 239.10406494140625 239.4537353515625 239.8033905029296875 240.153045654296875 240.6652679443359375 241.8290252685546875 242.9927825927734375 244.1565399169921875 245.3203125 246.1281280517578125 245.50933837890625 244.890533447265625 244.2717437744140625 243.6529388427734375 243.1388092041015625 243.044189453125 242.9495697021484375 242.8549346923828125 242.76031494140625 242.52484130859375 241.7248382568359375 240.9248504638671875 240.124847412109375 239.3248443603515625 238.52203369140625 237.7079315185546875 236.893829345703125 236.079742431640625 235.2656402587890625 234.6112823486328125 234.5971832275390625 234.5830841064453125 234.5689849853515625 234.5548858642578125 233.315673828125 227.1660003662109375 221.0163421630859375 214.8666839599609375 208.7170257568359375 203.1236419677734375 199.7598724365234375
233.163055419921875 235.2422637939453125 236.03192138671875 236.8215789794921875 237.6112518310546875 238.400909423828125 239.2333221435546875 240.2370758056640625 241.2408447265625 242.244598388671875 243.24835205078125 244.0878753662109375 244.269073486328125 244.450286865234375 244.6314849853515625 244.81268310546875 244.7231597900390625 243.5485382080078125 242.3739166259765625 241.1992950439453125 240.024658203125 238.9248504638671875 238.124847412109375 237.3248443603515625 236.52484130859375 235.7248382568359375 235.041839599609375 234.8277435302734375 234.6136474609375 234.3995361328125 234.1854400634765625 234.1310882568359375 234.7169952392578125 235.302886962890625 235.8887939453125 236.474700927734375 235.6278076171875 229.03814697265625 222.448486328125 215.85882568359375 209.2691650390625 203.3555908203125 200.151824951171875
