INPUT/RASTER/ASCII_no_standard/soc_5-15cm_mean.asc
ncols        225
nrows        269
xllcorner    473009.983799999987
yllcorner    4429051.174800000153
cellsize     50.000000000000
NODATA_value  -9999
[rows 228 to 246 of 269, columns 86 to 128 of 225]
180.8665771484375 180.2568511962890625 180.4474639892578125 180.6380615234375 180.8286590576171875 181.019256591796875 181.115325927734375 180.83251953125 180.5496978759765625 180.266876220703125 179.9840545654296875 180.185150146484375 182.3258209228515625 184.4665069580078125 186.607177734375 188.7478485107421875 190.5468902587890625 190.9765472412109375 191.4062042236328125 191.8358612060546875 192.265533447265625 192.1301727294921875 189.7301788330078125 187.330169677734375 184.93017578125 182.530181884765625 182.3509521484375 191.0728302001953125 199.794708251953125 208.5165863037109375 217.23846435546875 224.3024139404296875 224.721221923828125 225.1400146484375 225.558807373046875 225.97760009765625 225.3895721435546875 220.766082763671875 216.1425933837890625 211.5190887451171875 206.895599365234375 202.9419708251953125 201.673248291015625
179.7464447021484375 179.5367279052734375 180.1273345947265625 180.717926025390625 181.30853271484375 181.899139404296875 182.33929443359375 182.1764678955078125 182.0136566162109375 181.850830078125 181.688018798828125 181.8094329833984375 183.0701141357421875 184.330780029296875 185.591461181640625 186.852142333984375 188.0347442626953125 188.9044036865234375 189.7740631103515625 190.6437225341796875 191.5133819580078125 191.7301788330078125 189.330169677734375 186.93017578125 184.530181884765625 182.1301727294921875 181.934967041015625 190.5768585205078125 199.2187347412109375 207.8606109619140625 216.5024871826171875 223.342681884765625 222.9614715576171875 222.5802764892578125 222.199066162109375 221.81787109375 220.7892608642578125 217.1657562255859375 213.542266845703125 209.91876220703125 206.2952728271484375 203.0461273193359375 201.297393798828125
178.626312255859375 178.81658935546875 179.8072052001953125 180.7978057861328125 181.7884063720703125 182.7790069580078125 183.5632476806640625 183.5204315185546875 183.4776153564453125 183.4347991943359375 183.3919830322265625 183.4337158203125 183.81439208984375 184.195068359375 184.57574462890625 184.9564208984375 185.5225982666015625 186.8322601318359375 188.1419219970703125 189.4515838623046875 190.7612457275390625 191.330169677734375 188.93017578125 186.530181884765625 184.1301727294921875 181.7301788330078125 181.5189971923828125 190.0808868408203125 198.64276123046875 207.2046356201171875 215.7665252685546875 222.3829345703125 221.2017364501953125 220.020538330078125 218.839324951171875 217.6581268310546875 216.188934326171875 213.5654296875 210.9419403076171875 208.318450927734375 205.6949462890625 203.1502838134765625 200.9215545654296875
177.506195068359375 178.096466064453125 179.487060546875 180.8776702880859375 182.2682647705078125 183.65887451171875 184.7872161865234375 184.8643951416015625 184.9415740966796875 185.0187530517578125 185.0959320068359375 185.0579986572265625 184.558685302734375 184.059356689453125 183.560028076171875 183.0607147216796875 183.0104522705078125 184.7601165771484375 186.5097808837890625 188.2594451904296875 190.0091094970703125 190.93017578125 188.530181884765625 186.1301727294921875 183.7301788330078125 181.330169677734375 181.10302734375 189.58489990234375 198.0667877197265625 206.5486602783203125 215.030548095703125 221.4232025146484375 219.4420013427734375 217.460784912109375 215.479583740234375 213.498382568359375 211.5886077880859375 209.965118408203125 208.34161376953125 206.7181243896484375 205.0946197509765625 203.2544403076171875 200.54571533203125
176.3860626220703125 177.3763427734375 179.16693115234375 180.9575347900390625 182.748138427734375 184.5387420654296875 186.01116943359375 186.2083587646484375 186.4055328369140625 186.60272216796875 186.799896240234375 186.6822967529296875 185.3029632568359375 183.92364501953125 182.5443115234375 181.1649932861328125 180.4983062744140625 182.6879730224609375 184.8776397705078125 187.067291259765625 189.2569580078125 190.530181884765625 188.1301727294921875 185.7301788330078125 183.330169677734375 180.93017578125 180.6870574951171875 189.08892822265625 197.490814208984375 205.8926849365234375 214.2945709228515625 220.4634552001953125 217.6822509765625 214.9010467529296875 212.119842529296875 209.3386383056640625 206.98828125 206.3647918701171875 205.7412872314453125 205.1177978515625 204.494293212890625 203.3585968017578125 200.16986083984375
176.3365325927734375 176.695526123046875 178.10491943359375 179.514312744140625 180.9237213134765625 182.3331146240234375 183.6024169921875 184.3101959228515625 185.017974853515625 185.72576904296875 186.4335479736328125 186.7282562255859375 185.3673095703125 184.006378173828125 182.6454315185546875 181.2845001220703125 180.56439208984375 182.4128570556640625 184.2613067626953125 186.109771728515625 187.958221435546875 189.13775634765625 187.636138916015625 186.134521484375 184.632904052734375 183.13128662109375 183.1466217041015625 189.2420806884765625 195.3375244140625 201.4329833984375 207.5284271240234375 212.307830810546875 211.8123779296875 211.3169403076171875 210.8214874267578125 210.3260345458984375 209.762908935546875 208.9285430908203125 208.0941925048828125 207.25982666015625 206.4254608154296875 205.048553466796875 201.49700927734375
176.3127593994140625 176.015655517578125 177.025054931640625 178.034454345703125 179.0438385009765625 180.0532379150390625 181.1062469482421875 182.3340301513671875 183.5618133544921875 184.7895965576171875 186.0173797607421875 186.736236572265625 185.4152984619140625 184.0943603515625 182.7734222412109375 181.452484130859375 180.6925048828125 182.18096923828125 183.66943359375 185.1578826904296875 186.6463470458984375 187.721466064453125 187.1398468017578125 186.5582275390625 185.9766082763671875 185.394989013671875 185.675384521484375 189.4108428955078125 193.1462860107421875 196.881744384765625 200.6171875 203.97906494140625 205.8436126708984375 207.7081756591796875 209.572723388671875 211.4372711181640625 212.7149810791015625 211.640625 210.5662689208984375 209.4918975830078125 208.41754150390625 206.77667236328125 202.8651275634765625
176.28900146484375 175.335784912109375 175.9451751708984375 176.5545806884765625 177.163970947265625 177.77337646484375 178.610076904296875 180.3578643798828125 182.1056365966796875 183.853424072265625 185.6012115478515625 186.744232177734375 185.463287353515625 184.182342529296875 182.9014129638671875 181.6204681396484375 180.8206329345703125 181.9490814208984375 183.077545166015625 184.2060089111328125 185.3344573974609375 186.3051605224609375 186.6435394287109375 186.98193359375 187.3203125 187.65869140625 188.20416259765625 189.5796051025390625 190.9550628662109375 192.33050537109375 193.705963134765625 195.650299072265625 199.8748626708984375 204.0994110107421875 208.3239593505859375 212.5485076904296875 215.6670684814453125 214.3527069091796875 213.0383453369140625 211.7239837646484375 210.4096221923828125 208.5047760009765625 204.233245849609375
176.265228271484375 174.655914306640625 174.8653106689453125 175.07470703125 175.2841033935546875 175.493499755859375 176.1139068603515625 178.3816986083984375 180.64947509765625 182.9172515869140625 185.1850433349609375 186.7522125244140625 185.5112762451171875 184.2703399658203125 183.029388427734375 181.7884521484375 180.9487457275390625 181.7172088623046875 182.48565673828125 183.254119873046875 184.0225830078125 184.8888702392578125 186.147247314453125 187.4056243896484375 188.6640167236328125 189.922393798828125 190.7329254150390625 189.7483673095703125 188.763824462890625 187.779266357421875 186.7947235107421875 187.3215484619140625 193.906097412109375 200.4906463623046875 207.0751953125 213.6597442626953125 218.619140625 217.064788818359375 215.5104217529296875 213.9560546875 212.401702880859375 210.2328948974609375 205.6013641357421875
176.2414703369140625 173.976043701171875 173.785430908203125 173.5948333740234375 173.40423583984375 173.2136383056640625 173.61773681640625 176.405517578125 179.1933135986328125 181.9810943603515625 184.7688751220703125 186.7602081298828125 185.55926513671875 184.3583221435546875 183.157379150390625 181.9564361572265625 181.0768585205078125 181.485321044921875 181.8937835693359375 182.3022308349609375 182.710693359375 183.472564697265625 185.6509552001953125 187.8293304443359375 190.007720947265625 192.18609619140625 193.261688232421875 189.9171295166015625 186.5725860595703125 183.2280426025390625 179.88348388671875 178.9927825927734375 187.9373321533203125 196.8818817138671875 205.8264312744140625 214.7709808349609375 221.57122802734375 219.77685546875 217.9824981689453125 216.188140869140625 214.3937835693359375 211.9610137939453125 206.9694671630859375
180.3809051513671875 179.0768890380859375 179.0721893310546875 179.0674896240234375 179.0627899169921875 179.0580902099609375 179.4808349609375 181.6168060302734375 183.752777099609375 185.888763427734375 188.0247344970703125 189.5258026123046875 188.4820404052734375 187.4382781982421875 186.3945159912109375 185.3507537841796875 184.5718841552734375 184.854705810546875 185.1375274658203125 185.42034912109375 185.7031707763671875 186.4467926025390625 189.0373992919921875 191.62799072265625 194.218597412109375 196.8092041015625 198.3128204345703125 195.45965576171875 192.6064910888671875 189.7533416748046875 186.900177001953125 186.0004425048828125 192.930267333984375 199.860076904296875 206.789886474609375 213.719696044921875 218.8049774169921875 216.4971923828125 214.189422607421875 211.8816375732421875 209.5738525390625 206.8220977783203125 202.2908172607421875
184.620513916015625 184.3168182373046875 184.512115478515625 184.7074127197265625 184.9027252197265625 185.0980224609375 185.5450439453125 187.0010223388671875 188.457000732421875 189.9129791259765625 191.36895751953125 192.3577423095703125 191.4739837646484375 190.5902252197265625 189.7064666748046875 188.8227081298828125 188.147918701171875 188.3107452392578125 188.47357177734375 188.636383056640625 188.7992095947265625 189.5266571044921875 192.5172576904296875 195.50787353515625 198.49847412109375 201.48907470703125 203.4246368408203125 201.1314697265625 198.83831787109375 196.5451507568359375 194.2519989013671875 193.37713623046875 198.18695068359375 202.99676513671875 207.8065643310546875 212.6163787841796875 215.901153564453125 213.0733642578125 210.2455902099609375 207.4178009033203125 204.59002685546875 201.5179290771484375 197.4666595458984375
188.8601226806640625 189.5567474365234375 189.952056884765625 190.34735107421875 190.7426605224609375 191.1379547119140625 191.6092681884765625 192.3852386474609375 193.161224365234375 193.93719482421875 194.7131805419921875 195.189697265625 194.4659271240234375 193.7421722412109375 193.0184173583984375 192.2946624755859375 191.723968505859375 191.76678466796875 191.809600830078125 191.8524169921875 191.8952484130859375 192.606536865234375 195.99713134765625 199.3877410888671875 202.7783355712890625 206.1689453125 208.5364532470703125 206.8032989501953125 205.07012939453125 203.33697509765625 201.60382080078125 200.753814697265625 203.443634033203125 206.1334381103515625 208.8232574462890625 211.5130615234375 212.997314453125 209.6495361328125 206.3017578125 202.9539642333984375 199.6061859130859375 196.213775634765625 192.6425018310546875
193.0997314453125 194.79669189453125 195.3919830322265625 195.9872894287109375 196.5825958251953125 197.177886962890625 197.673492431640625 197.76947021484375 197.865447998046875 197.96142578125 198.057403564453125 198.021636962890625 197.4578857421875 196.8941192626953125 196.3303680419921875 195.7666015625 195.3000030517578125 195.2228240966796875 195.1456451416015625 195.0684661865234375 194.9912872314453125 195.6864013671875 199.4770050048828125 203.267608642578125 207.0582122802734375 210.84881591796875 213.6482696533203125 212.4751129150390625 211.3019561767578125 210.1287994384765625 208.9556427001953125 208.1305084228515625 208.7003173828125 209.2701263427734375 209.8399505615234375 210.409759521484375 210.0934906005859375 206.2257080078125 202.3579254150390625 198.490142822265625 194.6223602294921875 190.9096221923828125 187.8183441162109375
197.33935546875 200.03662109375 200.8319244384765625 201.627227783203125 202.4225311279296875 203.2178192138671875 203.7377166748046875 203.1536865234375 202.569671630859375 201.9856414794921875 201.401611328125 200.8535919189453125 200.4498291015625 200.0460662841796875 199.6423187255859375 199.238555908203125 198.87603759765625 198.678863525390625 198.4816741943359375 198.2845001220703125 198.0873260498046875 198.7662811279296875 202.956878662109375 207.1474761962890625 211.33807373046875 215.5286865234375 218.7600860595703125 218.1469268798828125 217.5337677001953125 216.9206085205078125 216.3074493408203125 215.5072021484375 213.957000732421875 212.4068145751953125 210.85662841796875 209.3064422607421875 207.1896514892578125 202.8018646240234375 198.414093017578125 194.02630615234375 189.638519287109375 185.60546875 182.9941864013671875
195.431488037109375 197.6910247802734375 198.842559814453125 199.994110107421875 201.1456451416015625 202.2971954345703125 203.1925811767578125 203.061309814453125 202.930023193359375 202.7987518310546875 202.6674652099609375 202.4747314453125 202.035675048828125 201.59661865234375 201.157562255859375 200.7184906005859375 200.4129638671875 200.6426239013671875 200.872283935546875 201.1019439697265625 201.33160400390625 202.3150634765625 206.31976318359375 210.3244476318359375 214.3291473388671875 218.3338470458984375 221.364501953125 220.4910888671875 219.6176605224609375 218.7442474365234375 217.870819091796875 216.774322509765625 214.783721923828125 212.793121337890625 210.802520751953125 208.811920166015625 206.3402252197265625 201.940216064453125 197.54022216796875 193.140228271484375 188.7402191162109375 184.676239013671875 181.9590606689453125
193.375701904296875 195.16290283203125 196.6744537353515625 198.1859893798828125 199.6975250244140625 201.209075927734375 202.488433837890625 202.8371429443359375 203.1858673095703125 203.5345916748046875 203.8833160400390625 204.0667572021484375 203.5876922607421875 203.1086273193359375 202.6295623779296875 202.1505126953125 201.90081787109375 202.5704803466796875 203.240142822265625 203.9098052978515625 204.5794677734375 205.8751220703125 209.6798248291015625 213.4845123291015625 217.289215087890625 221.0939178466796875 223.908599853515625 222.7551727294921875 221.6017608642578125 220.448333740234375 219.294921875 217.8944549560546875 215.5038604736328125 213.113250732421875 210.72265625 208.3320465087890625 205.54022216796875 201.140228271484375 196.7402191162109375 192.3402252197265625 187.940216064453125 183.8522796630859375 181.015106201171875
191.3199310302734375 192.634796142578125 194.5063323974609375 196.37786865234375 198.249420166015625 200.1209564208984375 201.784271240234375 202.6129913330078125 203.44171142578125 204.2704315185546875 205.0991668701171875 205.6587677001953125 205.13970947265625 204.620635986328125 204.1015777587890625 203.58251953125 203.388671875 204.4983367919921875 205.608001708984375 206.7176666259765625 207.82733154296875 209.4351806640625 213.039886474609375 216.64459228515625 220.2492828369140625 223.8539886474609375 226.45269775390625 225.0192718505859375 223.585845947265625 222.1524200439453125 220.7190093994140625 219.01458740234375 216.2239837646484375 213.433380126953125 210.6427764892578125 207.8521881103515625 204.7402191162109375 200.3402252197265625 195.940216064453125 191.54022216796875 187.140228271484375 183.0283203125 180.071136474609375
189.2641448974609375 190.1066741943359375 192.3382110595703125 194.56976318359375 196.801300048828125 199.0328369140625 201.0801239013671875 202.3888397216796875 203.6975555419921875 205.00628662109375 206.31500244140625 207.2507781982421875 206.69171142578125 206.132659912109375 205.5735931396484375 205.0145416259765625 204.8765411376953125 206.4261932373046875 207.975860595703125 209.5255279541015625 211.0751800537109375 212.9952545166015625 216.3999481201171875 219.804656982421875 223.2093505859375 226.614044189453125 228.9967803955078125 227.283355712890625 225.5699462890625 223.8565216064453125 222.143096923828125 220.1347198486328125 216.944122314453125 213.753509521484375 210.5629119873046875 207.372314453125 203.940216064453125 199.54022216796875 195.140228271484375 190.7402191162109375 186.3402252197265625 182.2043609619140625 179.1271820068359375
