Phytophthora/models/20240430_1251_44/Phytophthora_PA3_RUN3_MAXENT_outputs/Phytophthora_PA3_RUN3.asc
ncols         225
nrows         269
xllcorner     473000.0
yllcorner     4429100.0
cellsize      50.0
NODATA_value  -9999
[rows 216 to 242 of 269, columns 60 to 119 of 225]
5.14022E-1 3.99275E-1 2.63721E-1 2.31085E-1 2.39311E-1 2.12367E-1 2.28231E-1 2.23378E-1 2.46954E-1 2.07248E-1 1.93619E-1 2.11987E-1 2.59644E-1 3.028E-1 2.0417E-1 2.09098E-1 3.80025E-1 2.29031E-1 3.09569E-1 3.17367E-1 3.89127E-1 4.06622E-1 5.12123E-1 6.37475E-1 6.76051E-1 8.04051E-1 6.34777E-1 5.52739E-1 5.83884E-1 5.36511E-1 6.95151E-1 5.44262E-1 4.7014E-1 4.08558E-1 5.60892E-1 3.45716E-1 3.66453E-1 4.06861E-1 4.63345E-1 5.23328E-1 5.6165E-1 5.93778E-1 5.58906E-1 5.99546E-1 5.09223E-1 4.41E-1 5.04743E-1 6.4592E-1 7.83354E-1 7.57172E-1 5.98266E-1 6.14667E-1 5.59285E-1 4.80925E-1 4.41873E-1 4.52106E-1 4.7996E-1 4.85988E-1 4.53617E-1 4.2156E-1
2.50098E-1 2.23977E-1 2.43235E-1 2.41443E-1 2.44743E-1 1.80304E-1 2.23376E-1 2.21729E-1 2.79525E-1 2.0501E-1 2.10055E-1 2.15575E-1 1.97783E-1 2.01262E-1 2.30765E-1 2.48703E-1 3.74062E-1 2.15267E-1 3.62466E-1 3.48217E-1 4.5024E-1 5.48218E-1 5.89756E-1 7.13228E-1 8.18775E-1 3.92762E-1 6.60097E-1 6.05918E-1 5.08597E-1 6.54148E-1 6.70395E-1 6.32279E-1 5.88584E-1 5.62415E-1 5.45492E-1 3.76078E-1 3.41183E-1 3.96254E-1 4.40021E-1 5.0778E-1 5.2056E-1 5.61981E-1 5.32854E-1 6.02259E-1 5.44116E-1 5.12418E-1 5.66272E-1 6.63081E-1 3.87542E-1 7.49097E-1 6.65657E-1 5.9681E-1 5.61792E-1 4.96828E-1 4.08137E-1 3.89106E-1 5.04768E-1 6.05798E-1 5.14334E-1 4.43493E-1
2.59102E-1 2.52953E-1 2.45223E-1 2.3352E-1 2.29589E-1 7.85675E-2 1.97578E-1 2.0683E-1 3.4836E-1 2.64838E-1 2.79814E-1 2.59765E-1 2.17325E-1 1.78417E-1 1.97309E-1 2.26387E-1 2.37603E-1 1.02544E-1 2.73293E-1 3.06681E-1 4.96338E-1 5.71522E-1 6.13025E-1 7.8149E-1 8.00687E-1 7.07951E-1 6.28535E-1 4.11337E-1 6.45085E-1 6.61536E-1 7.41873E-1 6.89359E-1 6.28558E-1 5.73573E-1 4.93935E-1 3.69632E-1 3.6654E-1 3.5086E-1 3.74715E-1 4.21857E-1 4.66631E-1 5.74645E-1 6.15646E-1 2.38402E-1 6.16697E-1 6.0994E-1 6.18499E-1 6.58082E-1 4.19037E-1 2.21708E-1 7.11159E-1 6.97072E-1 6.91252E-1 6.32462E-1 5.27092E-1 4.94276E-1 5.60572E-1 5.10803E-1 5.66283E-1 5.61242E-1
2.34743E-1 2.3003E-1 2.16593E-1 2.13364E-1 1.80733E-1 2.01675E-1 1.82917E-1 2.00179E-1 3.63949E-1 4.35308E-1 3.48603E-1 2.54673E-1 2.6887E-1 2.6683E-1 2.64224E-1 2.64769E-1 2.7287E-1 2.7662E-1 4.33164E-1 2.54497E-1 3.89859E-1 5.30589E-1 6.98583E-1 7.19485E-1 7.65875E-1 6.64702E-1 6.19808E-1 7.83768E-1 6.51097E-1 5.14769E-1 7.69937E-1 7.07945E-1 6.61668E-1 5.8877E-1 5.03273E-1 3.21022E-1 3.21047E-1 3.40548E-1 3.45498E-1 3.83695E-1 4.56616E-1 5.90452E-1 5.59134E-1 6.01905E-1 5.84178E-1 2.2159E-1 6.75149E-1 6.99722E-1 7.24823E-1 3.41443E-1 4.52468E-1 6.07303E-1 6.8021E-1 6.63495E-1 6.04628E-1 5.42717E-1 6.12968E-1 2.64725E-1 4.38069E-1 4.50215E-1
2.19796E-1 2.39122E-1 2.19957E-1 2.24533E-1 1.93172E-1 1.87984E-1 1.9024E-1 2.35169E-1 3.67649E-1 4.52598E-1 4.69366E-1 3.11843E-1 2.92497E-1 2.93913E-1 3.05949E-1 3.24083E-1 3.65197E-1 1.3109E-1 3.1188E-1 3.14892E-1 3.84501E-1 4.02834E-1 6.50834E-1 6.35083E-1 7.02747E-1 7.4829E-1 6.01872E-1 6.4678E-1 6.22094E-1 6.62577E-1 7.81034E-1 7.30195E-1 6.73963E-1 5.84525E-1 4.99822E-1 3.07933E-1 2.95105E-1 3.25881E-1 3.60273E-1 3.8513E-1 4.47371E-1 5.41243E-1 4.90619E-1 5.30753E-1 5.87036E-1 6.21699E-1 5.96605E-1 6.00972E-1 6.35742E-1 3.68534E-1 6.96985E-1 7.20064E-1 6.98756E-1 1.96439E-1 5.26622E-1 5.68515E-1 4.03331E-1 4.44804E-1 4.19931E-1 8.07252E-2
2.06289E-1 2.12391E-1 2.13071E-1 2.38561E-1 1.71509E-1 1.57202E-1 2.18757E-1 2.68066E-1 3.01624E-1 4.92227E-1 5.32304E-1 3.69635E-1 3.555E-1 3.47863E-1 3.66709E-1 3.74125E-1 3.93663E-1 4.02997E-1 3.93296E-1 3.55927E-1 3.6554E-1 3.79814E-1 4.50825E-1 6.06189E-1 3.66267E-1 7.26693E-1 5.49947E-1 6.98548E-1 7.04431E-1 5.71617E-1 8.27107E-1 7.6694E-1 6.28891E-1 5.08978E-1 4.70558E-1 3.34743E-1 3.10469E-1 3.65467E-1 4.23429E-1 4.45085E-1 3.16219E-1 5.32678E-1 3.79038E-1 4.05702E-1 4.61981E-1 5.32911E-1 4.88051E-1 4.55933E-1 4.89007E-1 5.71541E-1 6.92418E-1 7.31585E-1 6.78685E-1 6.248E-1 5.88583E-1 1.10787E-1 8.53116E-2 4.68225E-1 4.17328E-1 4.22276E-1
1.72695E-1 2.07183E-1 1.80187E-1 1.42434E-1 1.42587E-1 4.97115E-2 2.26714E-1 2.62052E-1 2.76933E-1 4.87163E-1 5.0652E-1 4.64923E-1 4.19352E-1 4.25135E-1 4.41724E-1 4.32018E-1 4.43019E-1 4.33064E-1 4.18181E-1 4.16073E-1 3.81412E-1 3.72909E-1 3.72915E-1 8.08292E-2 3.22672E-1 4.33069E-1 3.93152E-1 5.40117E-1 4.71418E-1 6.84989E-1 5.58163E-1 4.80994E-1 4.14723E-1 4.02133E-1 4.35161E-1 3.37561E-1 3.64677E-1 3.83747E-1 3.69959E-1 2.7178E-1 2.95342E-1 1.79325E-1 3.94897E-1 2.13112E-1 2.90845E-1 4.93628E-1 3.49455E-1 3.867E-1 4.88475E-1 5.62576E-1 4.7321E-1 2.24442E-1 6.05948E-1 5.2194E-1 5.53973E-1 5.50586E-1 5.0114E-1 4.31384E-1 3.846E-1 4.3125E-1
7.98983E-2 1.66562E-1 1.59333E-1 1.91105E-1 1.7693E-1 1.25954E-1 1.04031E-1 6.942E-2 7.98435E-2 1.39142E-1 1.8842E-1 2.47902E-1 4.85499E-1 4.61716E-1 3.20051E-1 5.10723E-1 5.24754E-1 5.23884E-1 4.70685E-1 4.81943E-1 4.3817E-1 3.96303E-1 3.61699E-1 3.24055E-1 2.74017E-1 3.73814E-1 5.51087E-1 3.98781E-1 4.32537E-1 4.70258E-1 6.02437E-1 4.26873E-1 4.25535E-1 4.86388E-1 4.28399E-1 2.6319E-1 2.67196E-1 3.2829E-1 3.56731E-1 2.85482E-1 2.56959E-1 4.48983E-1 1.15589E-1 2.32824E-1 3.20188E-1 2.33122E-1 2.90037E-1 1.069E-1 4.68645E-1 2.73711E-1 7.0401E-1 6.51993E-1 6.77932E-1 6.04822E-1 6.17213E-1 5.96449E-1 5.18679E-1 4.57678E-1 4.14693E-1 3.7088E-1
1.34178E-1 1.69862E-1 1.02862E-1 1.31431E-1 1.68736E-1 1.52295E-1 2.24154E-1 2.95438E-1 2.60031E-1 2.30789E-1 3.25028E-1 3.93545E-1 5.70633E-1 5.80901E-1 5.00608E-1 4.85794E-1 6.00246E-1 6.65402E-1 3.45741E-1 5.99621E-1 4.99238E-1 4.45366E-1 3.47882E-1 3.58384E-1 3.30288E-1 4.82384E-1 5.2873E-1 5.31253E-1 5.3899E-1 5.27514E-1 5.21661E-1 4.92519E-1 4.67867E-1 4.47272E-1 4.18528E-1 2.66725E-1 1.67422E-1 1.88405E-1 2.28252E-1 2.45416E-1 2.3022E-1 2.16084E-1 1.95147E-1 1.792E-1 1.5078E-1 1.97727E-1 2.47886E-1 3.32891E-1 3.84871E-1 3.82549E-1 5.03948E-1 2.54655E-1 6.82895E-1 6.35951E-1 6.20275E-1 5.31622E-1 4.9784E-1 2.99584E-1 4.75335E-1 4.48953E-1
1.52902E-1 9.8786E-2 1.11437E-1 1.2285E-1 1.42753E-1 1.51965E-1 1.66273E-1 2.8716E-1 2.90089E-1 2.37546E-1 3.74604E-1 5.11079E-1 5.99084E-1 6.74512E-1 6.37053E-1 6.10447E-1 4.38498E-1 7.08997E-1 7.39707E-1 4.94444E-1 5.90048E-1 5.10133E-1 4.50193E-1 4.09794E-1 3.88163E-1 5.20782E-1 5.43189E-1 5.34007E-1 5.33874E-1 5.3269E-1 5.37348E-1 5.23629E-1 4.59608E-1 4.55777E-1 3.56897E-1 2.77484E-1 1.80915E-1 1.94112E-1 2.37732E-1 2.44981E-1 2.12472E-1 2.36597E-1 2.64672E-1 1.82917E-1 1.54502E-1 2.53418E-1 2.07312E-1 2.64871E-1 3.32618E-1 4.53029E-1 4.75571E-1 4.14508E-1 7.27861E-1 2.98459E-1 5.45323E-1 7.15452E-1 6.3331E-1 6.73208E-1 6.02277E-1 3.19814E-1
1.31077E-1 8.91117E-2 9.51896E-2 9.96245E-2 1.10501E-1 1.32875E-1 1.50342E-1 1.9377E-1 2.7529E-1 3.18341E-1 4.63507E-1 5.88104E-1 6.80007E-1 1.80343E-1 4.36371E-1 7.15887E-1 7.49743E-1 6.10955E-1 8.20576E-1 8.31218E-1 4.83965E-1 6.31658E-1 5.67375E-1 4.26776E-1 4.55184E-1 4.12102E-1 4.35249E-1 3.96855E-1 3.79313E-1 4.28667E-1 5.93229E-1 5.3691E-1 3.95882E-1 4.4947E-1 3.84676E-1 4.0195E-1 3.99177E-1 3.94849E-1 3.86511E-1 3.58366E-1 2.4339E-1 2.95162E-1 3.65578E-1 2.70615E-1 2.34905E-1 2.49911E-1 2.71071E-1 3.42996E-1 4.20693E-1 5.35062E-1 6.78246E-1 7.40311E-1 6.0586E-1 8.11E-1 4.68157E-1 4.53575E-1 3.88159E-1 3.21765E-1 3.44008E-1 3.16195E-1
1.47064E-1 1.64881E-1 1.60008E-1 1.0627E-1 1.43015E-1 1.74903E-1 2.26568E-1 2.45843E-1 2.9648E-1 3.45442E-1 5.46481E-1 6.78541E-1 7.59298E-1 5.24081E-1 6.9204E-1 7.59508E-1 7.31638E-1 4.27513E-1 7.88441E-1 6.96395E-1 3.34383E-1 6.33411E-1 5.71295E-1 2.82057E-1 4.84052E-1 4.84827E-1 4.31919E-1 3.81059E-1 3.72365E-1 4.34179E-1 6.98039E-1 6.38536E-1 5.49107E-1 4.33936E-1 3.86616E-1 3.73239E-1 3.614E-1 3.70542E-1 3.84758E-1 3.78543E-1 2.77194E-1 3.07505E-1 3.52444E-1 2.80681E-1 2.8211E-1 2.57589E-1 2.88061E-1 4.03542E-1 4.97986E-1 6.14118E-1 7.29926E-1 5.63723E-1 4.48157E-1 7.72956E-1 6.80816E-1 3.85364E-1 3.02502E-1 2.32644E-1 2.17449E-1 5.3093E-1
1.6076E-1 1.75049E-1 1.97E-1 1.97953E-1 2.08717E-1 2.32514E-1 2.52412E-1 3.08797E-1 3.89793E-1 4.99343E-1 6.95748E-1 8.16305E-1 8.67505E-1 8.04359E-1 6.90361E-1 7.23709E-1 7.45403E-1 7.6764E-1 5.69351E-1 6.8029E-1 6.54885E-1 6.39942E-1 5.69181E-1 2.95666E-1 5.10929E-1 5.45478E-1 4.98702E-1 4.13279E-1 3.68251E-1 4.77148E-1 4.51745E-1 5.88014E-1 4.68384E-1 4.29301E-1 3.91172E-1 3.6522E-1 3.57796E-1 3.71784E-1 3.76576E-1 3.62411E-1 2.51306E-1 2.70052E-1 2.87172E-1 3.07957E-1 2.8341E-1 2.64E-1 3.06311E-1 4.36017E-1 5.58944E-1 6.71411E-1 7.66417E-1 8.58925E-1 6.88103E-1 6.36977E-1 5.08789E-1 3.59432E-1 3.03074E-1 2.45922E-1 2.27286E-1 3.42635E-1
1.7926E-1 1.94048E-1 2.12697E-1 2.15321E-1 2.39132E-1 2.62319E-1 2.64456E-1 2.91734E-1 3.30608E-1 4.21716E-1 6.21849E-1 6.97724E-1 8.64017E-1 8.37557E-1 7.49993E-1 7.17742E-1 6.89063E-1 7.25166E-1 7.43867E-1 4.21171E-1 5.08663E-1 5.18263E-1 5.93775E-1 5.68147E-1 5.42122E-1 5.49551E-1 3.21699E-1 3.05598E-1 4.44571E-1 4.18962E-1 6.45609E-1 4.77932E-1 4.62475E-1 4.36124E-1 4.05481E-1 3.89459E-1 4.00709E-1 4.12693E-1 3.96982E-1 3.87903E-1 2.63463E-1 2.56155E-1 3.04761E-1 2.83221E-1 3.13854E-1 2.83734E-1 3.212E-1 4.35665E-1 5.80141E-1 7.48268E-1 7.58904E-1 7.29319E-1 7.6045E-1 7.32998E-1 5.89285E-1 4.16375E-1 3.07419E-1 2.67011E-1 2.73973E-1 3.0222E-1
1.91727E-1 2.15222E-1 2.5979E-1 2.55547E-1 2.70381E-1 3.31697E-1 2.99626E-1 3.13235E-1 3.59732E-1 4.6033E-1 6.67761E-1 7.59626E-1 5.35994E-1 8.74629E-1 8.461E-1 8.09929E-1 6.4662E-1 6.60822E-1 7.04004E-1 6.65659E-1 6.53399E-1 4.71011E-1 6.17125E-1 5.99058E-1 6.06538E-1 5.83605E-1 6.34886E-1 2.13244E-1 6.47798E-1 5.63556E-1 5.97684E-1 5.67617E-1 5.31829E-1 4.88882E-1 4.50656E-1 4.50974E-1 4.91755E-1 4.856E-1 4.4195E-1 4.58924E-1 3.3778E-1 3.04429E-1 3.22473E-1 2.18287E-1 3.50861E-1 3.04693E-1 3.42566E-1 4.22824E-1 5.3009E-1 7.05597E-1 7.38588E-1 7.92154E-1 7.69679E-1 7.48487E-1 6.57785E-1 4.73169E-1 3.54254E-1 2.78589E-1 2.60772E-1 2.57775E-1
2.47146E-1 2.87023E-1 3.5458E-1 4.49089E-1 3.51014E-1 4.66037E-1 5.30149E-1 4.8162E-1 5.32641E-1 6.03469E-1 7.23686E-1 8.09624E-1 8.50614E-1 8.25249E-1 8.41385E-1 7.84252E-1 5.81142E-1 6.08359E-1 6.37491E-1 5.86028E-1 5.73704E-1 3.98089E-1 5.97089E-1 5.65274E-1 5.98033E-1 6.86842E-1 6.79886E-1 6.20131E-1 5.58001E-1 7.50593E-1 7.35315E-1 7.19152E-1 6.11804E-1 5.55742E-1 5.30961E-1 5.17578E-1 6.07218E-1 6.4359E-1 4.76142E-1 6.20946E-1 5.93682E-1 5.083E-1 5.36573E-1 4.33658E-1 5.60857E-1 4.58091E-1 4.8684E-1 4.67088E-1 5.54131E-1 6.77E-1 6.47498E-1 7.51985E-1 4.9738E-1 7.45567E-1 6.92088E-1 6.23674E-1 4.38784E-1 3.14899E-1 2.80577E-1 2.20748E-1
2.9344E-1 3.37931E-1 3.77966E-1 5.68635E-1 5.39012E-1 5.33938E-1 6.27869E-1 7.12435E-1 6.4744E-1 6.8481E-1 7.46712E-1 7.62839E-1 8.29544E-1 8.45012E-1 8.17251E-1 7.27088E-1 6.72867E-1 6.90702E-1 7.49223E-1 6.20254E-1 5.27265E-1 5.6664E-1 6.07797E-1 5.89687E-1 6.13972E-1 6.90001E-1 7.801E-1 7.59137E-1 3.79763E-1 7.60608E-1 8.06178E-1 6.60186E-1 5.41768E-1 5.60214E-1 5.82903E-1 5.97851E-1 5.96222E-1 7.51024E-1 6.06497E-1 7.80948E-1 6.31153E-1 5.40779E-1 6.18158E-1 5.41404E-1 6.43409E-1 5.10206E-1 4.32184E-1 5.11067E-1 5.17038E-1 6.6387E-1 3.67795E-1 7.96751E-1 2.87756E-1 7.39111E-1 7.09851E-1 4.65974E-1 4.31547E-1 3.33725E-1 2.8562E-1 2.07654E-1
2.69829E-1 3.22627E-1 4.02611E-1 4.83742E-1 7.04847E-1 6.61054E-1 6.76528E-1 7.59725E-1 8.23644E-1 6.90289E-1 6.62016E-1 7.38396E-1 7.19266E-1 7.25585E-1 7.82542E-1 8.49478E-1 7.53029E-1 7.68234E-1 8.27623E-1 6.40749E-1 5.86004E-1 6.17199E-1 4.01894E-1 6.59547E-1 6.77498E-1 6.97983E-1 6.88819E-1 7.43275E-1 6.14427E-1 7.27872E-1 7.1558E-1 6.74983E-1 6.35133E-1 6.31556E-1 6.302E-1 6.70724E-1 6.46509E-1 6.83567E-1 7.69212E-1 7.91647E-1 6.33698E-1 6.40584E-1 6.63488E-1 6.72773E-1 7.63906E-1 5.74026E-1 5.00956E-1 5.23843E-1 5.6285E-1 6.54553E-1 5.91003E-1 6.58002E-1 7.68301E-1 7.89454E-1 6.85976E-1 5.17635E-1 4.63239E-1 4.39068E-1 4.53858E-1 3.61391E-1
2.84494E-1 3.19144E-1 3.92403E-1 6.15772E-1 7.51281E-1 8.43459E-1 7.52309E-1 7.13941E-1 6.34308E-1 7.48205E-1 7.26274E-1 7.29742E-1 7.87732E-1 8.03838E-1 8.51353E-1 7.78782E-1 8.07926E-1 8.2476E-1 8.35527E-1 6.81925E-1 6.57887E-1 7.00018E-1 4.79079E-1 7.24213E-1 7.4232E-1 7.57217E-1 6.62322E-1 6.85942E-1 7.00092E-1 5.11353E-1 7.59372E-1 7.24919E-1 6.81194E-1 6.70411E-1 6.6355E-1 7.0577E-1 7.5141E-1 6.83341E-1 7.61936E-1 7.93466E-1 6.60048E-1 6.68725E-1 6.83757E-1 6.64953E-1 8.46027E-1 6.45958E-1 5.98317E-1 5.95538E-1 6.10333E-1 6.8833E-1 6.2452E-1 5.80784E-1 2.20377E-1 5.54096E-1 4.3576E-1 3.29244E-1 3.53228E-1 3.41612E-1 3.1143E-1 2.55747E-1
2.74262E-1 3.09236E-1 3.66328E-1 5.00755E-1 7.45777E-1 7.65221E-1 8.30441E-1 7.60166E-1 7.23836E-1 6.92876E-1 5.97679E-1 6.7461E-1 5.1959E-1 7.02312E-1 4.83227E-1 7.63615E-1 7.73347E-1 7.87272E-1 6.74945E-1 6.58905E-1 7.13186E-1 7.56975E-1 7.64939E-1 7.87512E-1 7.78213E-1 7.89816E-1 7.40444E-1 6.63859E-1 6.53398E-1 5.2472E-1 7.57864E-1 7.47708E-1 7.20655E-1 7.0651E-1 6.95465E-1 7.14111E-1 7.58023E-1 7.38408E-1 7.90386E-1 7.04429E-1 6.87454E-1 6.91912E-1 7.04638E-1 7.07874E-1 7.64722E-1 7.07693E-1 6.97987E-1 6.96312E-1 7.01113E-1 7.13476E-1 6.40978E-1 5.86592E-1 6.39172E-1 5.87346E-1 4.38392E-1 3.47938E-1 3.64271E-1 2.99453E-1 2.50912E-1 2.22941E-1
2.84184E-1 3.45464E-1 4.05394E-1 5.40698E-1 7.23269E-1 8.31334E-1 8.19139E-1 6.27807E-1 6.59782E-1 6.2676E-1 5.99184E-1 6.82858E-1 6.95652E-1 7.74977E-1 5.73955E-1 6.86294E-1 5.35616E-1 7.22673E-1 7.14963E-1 6.51668E-1 7.43527E-1 8.11603E-1 5.74991E-1 7.33524E-1 8.13221E-1 7.96088E-1 7.61857E-1 7.21463E-1 6.61177E-1 6.07115E-1 7.15271E-1 7.52867E-1 7.50987E-1 7.25481E-1 7.17187E-1 7.08793E-1 6.95543E-1 7.27057E-1 7.37639E-1 6.5354E-1 6.60673E-1 6.70635E-1 6.85411E-1 7.05858E-1 6.72934E-1 7.52309E-1 8.00961E-1 7.8616E-1 7.79486E-1 7.12194E-1 6.24316E-1 6.68392E-1 7.35008E-1 7.00642E-1 5.80536E-1 4.36406E-1 3.54356E-1 3.30556E-1 3.22041E-1 3.16223E-1
2.82303E-1 3.51815E-1 3.9721E-1 4.64672E-1 4.94073E-1 4.70317E-1 6.56998E-1 5.77996E-1 4.32715E-1 5.24197E-1 5.08065E-1 6.34702E-1 6.52264E-1 6.65719E-1 6.07506E-1 2.69388E-1 5.98353E-1 7.38711E-1 7.64546E-1 6.31515E-1 7.434E-1 8.16255E-1 5.74106E-1 8.0475E-1 5.57166E-1 8.27291E-1 7.92756E-1 7.631E-1 7.11008E-1 6.52853E-1 4.2752E-1 7.50399E-1 7.64922E-1 7.60147E-1 7.27491E-1 7.22692E-1 6.79596E-1 6.6504E-1 6.89097E-1 6.28674E-1 6.22843E-1 6.72533E-1 7.15856E-1 7.47212E-1 7.48105E-1 7.91827E-1 8.15864E-1 8.30593E-1 8.19527E-1 7.24947E-1 5.57584E-1 5.66774E-1 6.78271E-1 3.06348E-1 6.60454E-1 5.36031E-1 3.28828E-1 3.88867E-1 2.21165E-1 3.8659E-1
3.40971E-1 3.85413E-1 1.43807E-1 3.81798E-1 3.70956E-1 4.35326E-1 4.30631E-1 4.11667E-1 4.30234E-1 5.3557E-1 5.55593E-1 5.769E-1 5.80946E-1 6.29296E-1 6.71288E-1 7.37563E-1 7.37166E-1 7.39092E-1 7.59572E-1 6.90082E-1 7.45871E-1 7.86388E-1 3.79125E-1 7.87196E-1 7.80321E-1 7.01381E-1 7.77198E-1 7.75636E-1 7.5781E-1 7.35326E-1 7.19027E-1 7.89502E-1 7.89681E-1 7.59606E-1 7.25224E-1 7.30217E-1 7.01433E-1 6.15416E-1 7.20193E-1 6.25089E-1 5.93407E-1 7.23919E-1 7.04005E-1 7.38347E-1 7.85606E-1 7.6991E-1 8.09074E-1 3.86929E-1 8.49368E-1 7.46604E-1 3.03655E-1 3.20146E-2 5.66618E-1 7.53214E-1 7.0938E-1 6.06741E-1 5.26619E-1 4.93134E-1 4.75304E-1 4.5134E-1
2.47053E-1 3.40564E-1 2.18324E-1 1.73607E-1 3.47421E-1 3.31551E-1 3.79407E-1 3.80399E-1 3.76811E-1 3.93768E-1 3.81222E-1 4.55344E-1 5.57238E-1 6.19414E-1 6.69942E-1 7.40814E-1 4.86279E-1 7.33869E-1 5.96714E-1 4.20963E-1 7.08487E-1 6.78492E-1 7.91548E-1 7.52649E-1 7.19358E-1 7.53614E-1 3.97493E-1 3.69082E-1 7.90169E-1 7.82853E-1 8.18733E-1 7.52004E-1 7.98051E-1 7.80021E-1 7.21352E-1 7.09092E-1 7.47768E-1 6.66804E-1 5.61403E-1 6.33481E-1 7.29789E-1 7.68683E-1 5.55621E-1 5.14082E-1 7.92398E-1 7.49169E-1 7.92866E-1 8.06751E-1 8.22673E-1 7.53689E-1 4.22408E-1 5.2565E-1 5.75221E-1 3.42917E-1 3.44733E-1 4.09213E-1 4.10869E-1 4.41188E-1 1.57433E-1 6.37197E-1
4.258E-1 4.22042E-1 2.8965E-1 2.2621E-1 3.15663E-1 3.99708E-1 4.43664E-1 4.43412E-1 4.54574E-1 4.64352E-1 4.41612E-1 4.61895E-1 5.29736E-1 6.64927E-1 6.56515E-1 4.5761E-1 6.86393E-1 6.55745E-1 6.563E-1 6.69609E-1 6.87232E-1 5.16641E-1 5.8759E-1 6.91633E-1 6.56058E-1 7.38479E-1 6.24536E-1 7.75298E-1 4.56393E-1 6.83311E-1 8.66939E-1 6.81211E-1 8.19617E-1 7.76263E-1 7.20724E-1 6.85155E-1 7.13863E-1 7.44482E-1 6.14292E-1 5.54408E-1 3.6928E-1 6.21478E-1 6.20534E-1 6.10973E-1 7.16108E-1 7.85823E-1 7.8658E-1 7.89138E-1 7.74248E-1 7.62488E-1 6.75441E-1 6.26844E-1 5.44673E-1 6.60277E-1 5.77311E-1 3.49503E-1 3.0254E-1 2.94052E-1 4.73145E-1 4.67126E-1
3.1976E-1 5.56793E-1 5.73194E-1 3.52202E-1 3.97654E-1 3.16004E-1 3.60029E-1 3.61041E-1 3.61227E-1 3.84643E-1 4.25774E-1 4.52417E-1 4.97381E-1 5.79932E-1 6.17074E-1 7.31717E-1 7.17048E-1 6.98473E-1 7.17314E-1 6.86492E-1 7.21524E-1 7.62521E-1 3.756E-1 -9999 2.71146E-1 3.45921E-1 6.52252E-1 7.15083E-1 7.59819E-1 7.40779E-1 6.6048E-1 4.29197E-1 5.48908E-1 4.7021E-1 4.28417E-1 5.05069E-1 4.9405E-1 5.41161E-1 4.95005E-1 3.29684E-1 6.74338E-1 4.99027E-1 4.91285E-1 6.227E-1 6.79434E-1 7.8649E-1 8.02982E-1 6.74897E-1 7.58506E-1 5.90361E-1 6.9377E-1 7.44573E-1 6.392E-1 6.29213E-1 6.74076E-1 4.52447E-1 3.83203E-1 3.14105E-1 3.91673E-1 5.03701E-1
4.75132E-1 5.43526E-1 5.71892E-1 5.1924E-1 4.18329E-1 3.39793E-1 3.7817E-1 3.83128E-1 3.89967E-1 4.25523E-1 4.37266E-1 3.66816E-1 3.12755E-1 5.15396E-1 5.34091E-1 5.29818E-1 6.13585E-1 7.85028E-1 7.46577E-1 8.04808E-1 8.38452E-1 8.34604E-1 7.88525E-1 5.37705E-1 4.92574E-1 5.36179E-1 5.12556E-1 8.13942E-1 7.41445E-1 7.03908E-1 6.45926E-1 5.82678E-1 4.52078E-1 4.49254E-1 4.14949E-1 4.87481E-1 4.54977E-1 5.40325E-1 2.90279E-1 6.16235E-1 4.98331E-1 5.6639E-1 6.3338E-1 7.00125E-1 7.30206E-1 7.38797E-1 5.53984E-1 7.60516E-1 7.32002E-1 6.99319E-1 6.91848E-1 5.98987E-1 5.00437E-1 4.51228E-1 4.56785E-1 4.05996E-1 3.01975E-1 2.91135E-1 5.00776E-1 4.44405E-1
