Phytophthora/models/20240430_1251_44/Phytophthora_PA3_RUN3_MAXENT_outputs/Phytophthora_PA3_RUN3.asc
ncols         225
nrows         269
xllcorner     473000.0
yllcorner     4429100.0
cellsize      50.0
NODATA_value  -9999
[rows 108 to 134 of 269, columns 120 to 179 of 225]
3.31057E-1 3.35272E-1 3.21834E-1 2.82595E-1 -9999 -9999 -9999 -9999 -9999 -9999 -9999 -9999 -9999 -9999 -9999 -9999 -9999 -9999 -9999 -9999 -9999 -9999 -9999 -9999 -9999 -9999 -9999 -9999 -9999 -9999 -9999 -9999 -9999 -9999 -9999 4.4849E-1 1.28655E-1 4.45906E-1 4.64551E-1 4.02043E-1 3.04634E-1 3.08149E-1 3.05827E-1 4.00641E-1 2.53562E-1 2.4569E-1 1.7043E-1 2.80775E-1 3.4714E-1 3.38046E-1 4.33109E-1 4.6493E-1 4.58156E-1 3.28321E-1 2.90616E-1 2.30627E-1 2.2991E-1 1.80808E-1 1.62832E-1 1.60716E-1
4.2255E-1 8.63745E-2 3.21341E-1 3.32095E-1 2.92404E-1 -9999 -9999 -9999 -9999 -9999 -9999 -9999 -9999 -9999 -9999 -9999 -9999 -9999 -9999 -9999 -9999 -9999 -9999 -9999 -9999 -9999 -9999 -9999 -9999 -9999 -9999 -9999 2.26392E-1 2.50651E-1 4.53437E-1 4.26134E-1 4.77698E-1 3.48703E-1 3.82065E-1 3.47158E-1 3.22925E-1 3.3206E-1 2.32154E-1 3.318E-1 2.82681E-1 8.58352E-2 1.55776E-1 1.57992E-1 2.94277E-1 2.54835E-1 3.53893E-1 3.99472E-1 3.32691E-1 2.5561E-1 2.71577E-1 2.25099E-1 1.83382E-1 1.37823E-1 1.28809E-1 1.2387E-1
1.02329E-1 4.0631E-1 8.74732E-2 3.42556E-1 2.9695E-1 4.32523E-1 -9999 -9999 -9999 -9999 -9999 -9999 -9999 -9999 -9999 -9999 -9999 -9999 -9999 -9999 -9999 -9999 -9999 -9999 -9999 -9999 -9999 -9999 -9999 -9999 -9999 -9999 1.12259E-1 3.0024E-1 3.65111E-1 3.76471E-1 4.11205E-1 2.66109E-1 2.16846E-1 2.1105E-1 2.79752E-1 2.69254E-1 2.85141E-1 2.73729E-1 2.22533E-1 7.96481E-2 9.59346E-2 1.02164E-1 2.41449E-1 1.78831E-1 2.81769E-1 2.85522E-1 2.49785E-1 2.39852E-1 2.18758E-1 1.74831E-1 1.33416E-1 1.07435E-1 9.65268E-2 9.8172E-2
3.77647E-1 3.56102E-1 2.94575E-1 3.76201E-1 3.16927E-1 3.62573E-1 4.83257E-1 -9999 -9999 -9999 -9999 -9999 -9999 -9999 -9999 -9999 -9999 -9999 -9999 -9999 -9999 -9999 -9999 -9999 -9999 -9999 -9999 -9999 -9999 -9999 -9999 -9999 2.20797E-1 3.66455E-1 3.73668E-1 3.17566E-1 2.73699E-1 3.26857E-1 1.84644E-1 1.51842E-1 1.43887E-1 2.13192E-1 1.88082E-1 1.83196E-1 1.8511E-1 1.89376E-2 7.54105E-2 9.64639E-2 1.8041E-1 1.27863E-1 2.05412E-1 2.21044E-1 1.77152E-1 1.51746E-1 1.32085E-1 1.04551E-1 8.49041E-2 6.78759E-2 6.35558E-2 6.4378E-2
2.59236E-1 2.81828E-1 3.84863E-1 3.67824E-1 3.45336E-1 2.42371E-1 4.27549E-1 3.80955E-1 -9999 -9999 -9999 -9999 -9999 -9999 -9999 -9999 -9999 -9999 -9999 -9999 -9999 -9999 -9999 -9999 -9999 -9999 -9999 -9999 -9999 -9999 -9999 1.34912E-1 2.81608E-1 2.93314E-1 2.88055E-1 2.20498E-1 2.48054E-1 2.3207E-1 1.32571E-1 1.23783E-1 1.14053E-1 1.12925E-1 1.4691E-1 1.57628E-1 5.87359E-2 7.96976E-2 7.28319E-2 1.35674E-1 1.6035E-1 1.04974E-1 1.78321E-1 1.73616E-1 1.31001E-1 1.44184E-1 1.05204E-1 7.60749E-2 6.90286E-2 6.02284E-2 5.38648E-2 5.573E-2
2.77267E-1 3.61963E-1 3.95121E-1 3.14935E-1 3.99362E-1 3.83069E-1 5.38372E-1 4.889E-1 -9999 -9999 -9999 -9999 -9999 -9999 -9999 -9999 -9999 -9999 -9999 -9999 -9999 -9999 -9999 -9999 -9999 -9999 -9999 -9999 -9999 -9999 2.21494E-1 2.01264E-1 2.13529E-1 2.33488E-1 2.37635E-1 1.75862E-1 2.26266E-1 1.86376E-1 1.24413E-1 1.08077E-1 9.75746E-2 1.01848E-1 1.00621E-1 1.60892E-1 2.21359E-2 9.68354E-2 8.02263E-2 1.40726E-1 1.31416E-1 8.84368E-2 1.70291E-1 1.36784E-1 1.64209E-1 1.10854E-1 7.31302E-2 6.44847E-2 5.71363E-2 5.45235E-2 4.8127E-2 5.2461E-2
3.73189E-1 3.30821E-1 3.8519E-1 3.20299E-1 4.3687E-1 3.94391E-1 4.59506E-1 6.38907E-1 -9999 -9999 -9999 -9999 -9999 -9999 -9999 -9999 -9999 -9999 -9999 -9999 -9999 -9999 -9999 -9999 -9999 -9999 -9999 -9999 -9999 -9999 1.89787E-1 2.01924E-1 2.13965E-1 2.462E-1 2.60965E-1 2.03374E-1 2.55056E-1 2.60936E-1 1.32026E-1 1.23068E-1 1.07624E-1 1.0621E-1 9.97007E-2 1.07655E-1 9.07746E-2 9.17817E-2 8.33723E-2 1.34152E-1 8.27437E-2 8.79696E-2 1.50713E-1 1.60179E-1 1.17099E-1 7.59142E-2 6.50069E-2 5.8414E-2 5.25098E-2 5.0875E-2 5.49945E-2 7.11851E-2
4.20749E-1 3.77562E-1 3.59225E-1 4.38769E-1 4.29343E-1 5.92604E-1 4.7331E-1 7.31358E-1 -9999 -9999 -9999 -9999 -9999 -9999 -9999 -9999 -9999 -9999 -9999 -9999 -9999 -9999 -9999 -9999 -9999 -9999 -9999 -9999 -9999 -9999 2.54977E-1 2.75707E-1 2.57516E-1 2.65169E-1 2.63473E-1 1.93261E-1 1.87585E-1 2.08861E-1 1.85473E-1 1.48034E-1 1.23736E-1 1.21554E-1 1.13189E-1 1.15061E-1 8.85534E-2 7.32763E-2 7.54357E-2 8.97788E-2 4.48629E-2 1.01597E-1 1.36809E-1 9.36133E-2 7.55187E-2 6.25073E-2 5.6959E-2 5.18727E-2 5.28166E-2 5.97691E-2 6.82653E-2 9.12141E-2
1.00151E-1 5.06973E-1 4.56278E-1 4.78369E-1 5.63296E-1 6.72859E-1 6.11297E-1 5.79016E-1 -9999 -9999 -9999 -9999 -9999 -9999 -9999 -9999 -9999 -9999 -9999 -9999 -9999 -9999 -9999 -9999 -9999 -9999 -9999 -9999 -9999 -9999 -9999 3.72303E-1 3.91288E-1 3.66954E-1 4.68615E-1 4.26629E-1 4.21866E-1 4.50252E-1 4.94523E-1 3.55405E-1 2.31611E-1 2.04731E-1 1.85093E-1 1.73252E-1 1.40276E-1 3.34459E-2 2.09981E-1 6.63969E-2 1.55578E-1 1.94095E-1 1.67686E-1 1.49281E-1 1.43464E-1 1.32479E-1 1.17353E-1 1.00983E-1 1.21774E-1 1.42078E-1 1.52589E-1 1.66909E-1
2.56496E-1 2.3813E-1 5.0426E-1 2.99261E-1 5.57066E-1 6.3974E-1 2.21979E-1 5.03496E-1 -9999 -9999 -9999 -9999 -9999 -9999 -9999 -9999 -9999 -9999 -9999 -9999 -9999 -9999 -9999 -9999 -9999 -9999 -9999 -9999 -9999 -9999 -9999 -9999 3.68767E-1 3.83404E-1 3.98854E-1 1.85904E-1 5.17425E-1 5.40367E-1 6.10194E-1 5.97794E-1 3.29812E-1 2.52377E-1 2.03509E-1 1.88547E-1 1.62384E-1 1.6793E-1 1.01597E-1 9.29371E-2 2.04632E-1 1.47811E-1 1.50072E-1 1.34793E-1 1.29635E-1 1.35862E-1 1.44548E-1 1.39568E-1 1.68286E-1 1.90798E-1 1.87629E-1 2.12595E-1
4.80817E-1 2.32759E-1 1.1531E-1 7.23242E-1 5.66057E-1 5.96188E-1 5.46865E-1 3.61063E-1 -9999 -9999 -9999 -9999 -9999 -9999 -9999 -9999 -9999 -9999 -9999 -9999 -9999 -9999 -9999 -9999 -9999 -9999 -9999 -9999 -9999 -9999 -9999 -9999 3.51461E-1 3.73351E-1 4.28375E-1 4.6617E-1 5.27825E-1 1.19216E-1 5.8044E-1 5.88099E-1 4.88469E-1 4.14688E-1 2.59746E-1 2.37747E-1 2.71915E-1 4.19207E-2 8.0709E-2 2.36767E-1 1.4767E-1 1.49175E-1 1.68661E-1 1.42114E-1 1.3002E-1 1.46216E-1 2.2077E-1 1.94456E-1 2.16136E-1 2.21265E-1 2.24588E-1 2.85835E-1
5.24459E-1 4.8166E-1 6.22928E-1 4.3938E-1 6.47224E-1 3.0578E-1 4.85268E-1 -9999 -9999 -9999 -9999 -9999 -9999 -9999 -9999 -9999 -9999 -9999 -9999 -9999 -9999 -9999 -9999 -9999 -9999 -9999 5.93315E-1 -9999 -9999 -9999 -9999 -9999 3.29978E-1 3.45771E-1 3.88189E-1 4.27233E-1 5.10842E-1 6.26451E-1 6.39691E-1 6.54633E-1 5.47709E-1 4.60517E-1 3.88861E-1 2.87732E-1 1.59962E-1 9.88593E-2 8.53973E-2 1.33671E-1 1.44143E-1 1.78205E-1 1.85183E-1 1.51857E-1 1.39033E-1 1.8015E-1 2.81148E-1 2.26994E-1 2.36607E-1 2.37075E-1 2.68486E-1 3.7563E-1
2.78326E-1 5.64403E-1 3.13541E-1 2.06681E-1 4.77474E-1 6.08735E-1 -9999 -9999 -9999 -9999 -9999 -9999 -9999 -9999 -9999 -9999 -9999 -9999 -9999 -9999 -9999 -9999 -9999 -9999 -9999 4.76368E-1 4.67679E-1 -9999 -9999 -9999 -9999 -9999 3.52056E-1 3.10456E-1 3.41353E-1 3.51418E-1 4.61975E-1 5.96083E-1 6.69529E-1 5.75868E-1 5.47402E-1 4.71893E-1 3.94045E-1 2.44738E-1 2.06837E-1 1.75669E-1 5.08689E-2 1.50635E-1 1.64119E-1 2.16906E-1 2.18831E-1 1.63572E-1 1.43866E-1 2.7886E-1 2.83286E-1 1.85398E-1 1.93948E-1 2.28831E-1 3.41261E-1 4.37387E-1
6.09167E-1 5.5476E-1 4.73419E-1 3.44814E-1 3.86077E-1 5.35318E-1 -9999 -9999 -9999 -9999 -9999 -9999 -9999 -9999 -9999 -9999 -9999 -9999 -9999 -9999 -9999 -9999 -9999 -9999 5.70272E-1 6.34914E-1 1.66916E-1 4.30534E-1 4.74596E-1 4.98946E-1 5.38246E-1 -9999 -9999 3.33495E-1 2.99045E-1 2.76203E-1 3.79812E-1 5.5306E-1 6.55871E-1 6.1329E-1 5.2844E-1 4.99225E-1 3.86283E-1 3.40976E-1 1.9022E-1 1.41659E-1 1.70714E-1 6.47346E-2 1.83791E-1 2.34854E-1 2.3763E-1 1.41966E-1 1.48177E-1 2.04946E-1 1.83129E-1 1.99598E-1 2.18867E-1 3.0888E-1 3.85326E-1 4.56744E-1
6.05537E-1 5.76691E-1 1.97259E-1 3.23697E-1 3.17043E-1 6.3133E-1 -9999 -9999 -9999 -9999 -9999 -9999 -9999 -9999 -9999 -9999 -9999 -9999 -9999 -9999 -9999 -9999 -9999 -9999 6.30876E-1 6.41024E-1 1.38048E-1 5.79371E-1 5.3417E-1 4.76551E-1 5.39483E-1 4.73021E-1 4.24179E-1 3.70434E-1 2.94298E-1 2.46377E-1 3.22742E-1 4.20822E-1 5.7687E-1 6.01463E-1 5.48005E-1 5.11253E-1 2.72714E-1 2.01141E-1 1.70129E-1 1.85066E-1 2.18561E-1 2.03691E-1 2.1779E-1 2.73774E-1 2.72848E-1 1.58108E-1 2.26451E-1 2.14939E-1 1.52874E-1 1.81106E-1 2.28128E-1 3.2221E-1 3.59857E-1 4.11607E-1
5.94172E-1 6.23713E-1 5.88607E-1 4.78547E-1 5.51569E-1 6.44841E-1 -9999 -9999 -9999 -9999 -9999 -9999 -9999 -9999 -9999 -9999 -9999 -9999 -9999 -9999 -9999 -9999 -9999 -9999 -9999 -9999 6.80566E-1 4.60647E-1 5.49617E-1 4.47422E-1 5.49343E-1 4.68797E-1 4.32999E-1 3.75246E-1 3.29507E-1 2.80606E-1 3.64208E-1 3.94054E-1 4.74804E-1 4.22486E-1 4.17112E-1 4.66513E-1 3.47381E-1 2.47671E-1 2.08688E-1 2.69973E-1 2.62379E-1 2.35835E-1 2.5005E-1 1.35176E-1 2.50024E-1 2.61057E-1 2.04684E-1 1.43615E-1 1.41439E-1 1.8289E-1 2.71623E-1 2.90309E-1 3.15814E-1 3.44142E-1
5.62658E-1 6.06943E-1 4.23327E-1 6.35212E-1 6.25737E-1 6.73133E-1 6.22775E-1 6.36729E-1 -9999 -9999 4.97474E-1 -9999 -9999 -9999 -9999 -9999 -9999 -9999 -9999 -9999 -9999 -9999 -9999 -9999 -9999 -9999 -9999 3.11696E-1 5.98557E-1 5.34663E-1 5.61843E-1 4.78393E-1 4.40611E-1 3.92468E-1 4.38515E-1 4.24576E-1 4.14834E-1 2.93539E-1 2.46173E-1 2.84193E-1 2.9329E-1 3.3156E-1 3.29072E-1 1.94967E-1 1.55832E-1 2.14092E-1 2.90193E-1 2.54797E-1 2.38577E-1 2.811E-1 9.11629E-2 2.20962E-1 2.32588E-1 1.27526E-1 1.53266E-1 1.8545E-1 2.16795E-1 2.58457E-1 2.71768E-1 3.3883E-1
5.39938E-1 5.70993E-1 6.61388E-1 4.62123E-1 6.89518E-1 5.28655E-1 4.88828E-1 5.22868E-1 5.74163E-1 5.35536E-1 3.0006E-1 -9999 -9999 -9999 -9999 -9999 -9999 -9999 -9999 -9999 -9999 -9999 -9999 -9999 -9999 -9999 -9999 6.54346E-1 2.14128E-1 5.75676E-1 5.19989E-1 4.57204E-1 4.21266E-1 4.17273E-1 4.50404E-1 3.79386E-1 2.48352E-1 2.25136E-1 2.21736E-1 2.45585E-1 2.24631E-1 2.79673E-1 3.12566E-1 3.31789E-1 3.77057E-1 3.35613E-1 2.7914E-1 2.32229E-1 1.89894E-1 1.61419E-1 8.99069E-2 1.49373E-1 1.85222E-1 1.48349E-1 1.6716E-1 1.62372E-1 1.91667E-1 1.75392E-1 2.63095E-1 2.05302E-1
4.43802E-1 3.88613E-1 4.63965E-1 4.79957E-1 3.36952E-1 3.41245E-1 3.31749E-1 3.65513E-1 3.93642E-1 4.34044E-1 4.17145E-1 -9999 -9999 -9999 -9999 -9999 -9999 -9999 -9999 -9999 -9999 -9999 -9999 -9999 -9999 -9999 -9999 4.23674E-1 1.46517E-1 3.75911E-1 3.98822E-1 3.71944E-1 3.43254E-1 3.91385E-1 3.51061E-1 3.37729E-1 1.85613E-1 1.77193E-1 1.88662E-1 2.46508E-1 2.61404E-1 2.73094E-1 2.63085E-1 2.61871E-1 2.86777E-1 2.67637E-1 2.17298E-1 1.80076E-1 1.48975E-1 1.3227E-1 1.25241E-1 5.92383E-2 1.06408E-1 1.40435E-1 1.55005E-1 1.43164E-1 1.02257E-1 1.84982E-1 1.4219E-1 1.93154E-1
4.85746E-1 3.92265E-1 2.80811E-1 2.76257E-1 2.5247E-1 2.63116E-1 2.76329E-1 3.32822E-1 3.76545E-1 3.22973E-1 4.00237E-1 -9999 -9999 -9999 -9999 -9999 -9999 -9999 -9999 -9999 -9999 -9999 -9999 -9999 -9999 -9999 -9999 4.15409E-1 3.9849E-1 9.40267E-2 4.5985E-1 4.33192E-1 3.89899E-1 4.04115E-1 4.33772E-1 4.55797E-2 2.29373E-1 1.90356E-1 2.15845E-1 2.80666E-1 3.0782E-1 3.24396E-1 2.96703E-1 2.54943E-1 2.32902E-1 2.30572E-1 2.07716E-1 1.53054E-1 1.33387E-1 1.23047E-1 1.29459E-1 1.03239E-1 1.09132E-1 1.19524E-1 1.24292E-1 2.28653E-1 2.0686E-1 1.35484E-1 1.79316E-1 2.87199E-1
3.66225E-1 2.9707E-1 2.39998E-1 1.7432E-1 1.67577E-1 2.23865E-1 2.40433E-1 3.06477E-1 3.24502E-1 1.26963E-1 5.69823E-1 4.55809E-1 -9999 -9999 -9999 -9999 -9999 -9999 -9999 -9999 -9999 -9999 -9999 -9999 -9999 -9999 -9999 4.39087E-1 4.01168E-1 4.23048E-1 2.69151E-1 5.03778E-1 4.23961E-1 4.23256E-1 4.59433E-1 3.59181E-1 2.84701E-1 2.00872E-1 2.01306E-1 2.71808E-1 3.04249E-1 1.10815E-1 3.15492E-1 2.77025E-1 2.27121E-1 1.92677E-1 1.99465E-1 1.61759E-1 1.51519E-1 1.39635E-1 7.07015E-2 1.06559E-1 1.15819E-1 1.28703E-1 1.23394E-1 1.25746E-1 2.40348E-1 1.98839E-1 2.76701E-1 3.47431E-1
2.76918E-1 3.69337E-1 2.63593E-1 1.81077E-1 1.63444E-1 2.10356E-1 2.26247E-1 3.75019E-1 5.07679E-1 5.63719E-1 5.72732E-1 5.21127E-1 5.29663E-1 -9999 -9999 -9999 -9999 -9999 -9999 -9999 -9999 -9999 -9999 -9999 -9999 -9999 -9999 4.65049E-1 3.6276E-1 3.60868E-1 5.02085E-1 4.78711E-1 4.44835E-1 4.57961E-1 1.53756E-1 3.40601E-1 2.53488E-1 1.88822E-1 1.792E-1 2.51844E-1 3.20066E-1 1.30501E-1 3.16465E-1 2.83953E-1 2.25449E-1 1.76145E-1 1.79285E-1 1.60339E-1 1.73168E-1 2.05681E-1 1.33728E-1 1.21854E-1 1.2896E-1 1.34723E-1 1.41679E-1 1.58891E-1 1.40544E-1 2.78421E-1 2.85423E-1 3.10914E-1
4.0608E-1 3.5957E-1 2.41971E-1 1.55814E-1 1.35162E-1 1.95491E-1 2.1887E-1 4.86065E-1 3.00981E-1 5.4892E-1 5.5911E-1 6.05805E-1 5.73489E-1 5.2291E-1 -9999 -9999 -9999 -9999 -9999 -9999 -9999 -9999 -9999 -9999 -9999 -9999 -9999 3.07729E-1 2.6723E-1 3.21167E-1 4.77807E-1 1.06081E-1 4.62659E-1 4.94906E-1 4.65197E-1 3.70843E-1 2.53603E-1 1.90738E-1 2.17973E-1 2.7037E-1 3.02693E-1 3.87358E-1 3.19186E-1 2.87727E-1 2.38968E-1 1.89364E-1 1.83602E-1 1.57565E-1 1.45156E-1 1.41721E-1 1.66362E-1 1.51991E-1 1.48284E-1 1.51083E-1 1.53746E-1 1.78434E-1 9.75103E-2 2.748E-1 2.56714E-1 2.85006E-1
1.97827E-1 2.13468E-1 1.36254E-1 8.5537E-2 9.56102E-2 -9999 3.44536E-1 3.85812E-1 3.68476E-1 3.8483E-1 6.2726E-1 7.00345E-1 6.58049E-1 5.78112E-1 4.77176E-1 5.12819E-1 -9999 -9999 -9999 -9999 -9999 -9999 -9999 -9999 -9999 -9999 -9999 4.30353E-1 4.171E-1 3.55596E-1 3.68206E-1 4.01998E-1 4.17125E-1 6.82078E-2 4.21086E-1 5.31935E-1 3.96198E-1 3.5023E-1 3.36458E-1 4.04866E-1 2.71617E-1 4.12584E-1 4.06823E-1 4.31068E-1 3.59709E-1 2.38216E-1 2.07626E-1 1.72709E-1 1.16141E-1 9.71636E-2 1.13922E-1 4.7779E-2 1.498E-1 1.64509E-1 1.81463E-1 1.33363E-1 2.44301E-1 2.77146E-1 3.08237E-1 3.10418E-1
2.33774E-1 1.80919E-1 1.25328E-1 1.07248E-1 2.08897E-1 3.38856E-1 3.48016E-1 3.96787E-1 2.99382E-1 1.2214E-1 3.98095E-1 6.8588E-1 6.63649E-1 6.4362E-1 4.90096E-1 4.8964E-1 -9999 -9999 -9999 -9999 -9999 -9999 -9999 -9999 -9999 -9999 -9999 -9999 4.71221E-1 -9999 -9999 -9999 -9999 4.40592E-1 3.69598E-1 3.79505E-1 3.36698E-1 3.23316E-1 3.03357E-1 3.47893E-1 3.10477E-1 3.19918E-1 4.73319E-1 5.91818E-1 4.98692E-1 2.79193E-1 2.29012E-1 1.71414E-1 1.35211E-1 1.20178E-1 1.3562E-1 1.29443E-1 1.0259E-1 1.88508E-1 2.10735E-1 2.6085E-1 3.48007E-1 3.73099E-1 3.24891E-1 3.50376E-1
2.18656E-1 1.70975E-1 1.17296E-1 1.54475E-1 2.25789E-1 3.87142E-1 4.15946E-1 5.87192E-2 7.39696E-2 4.35729E-1 6.26355E-1 6.18549E-1 6.38812E-1 5.75166E-1 6.05143E-1 4.49085E-1 -9999 -9999 -9999 -9999 -9999 -9999 -9999 -9999 -9999 -9999 -9999 -9999 -9999 -9999 -9999 -9999 -9999 -9999 3.73747E-1 3.90696E-1 3.58478E-1 2.6135E-1 2.53686E-1 2.90895E-1 2.6201E-1 3.44179E-1 3.35733E-1 4.60023E-1 5.18236E-1 3.53019E-1 2.59009E-1 1.59916E-1 1.54342E-1 1.28443E-1 1.45133E-1 1.37019E-1 4.41039E-2 2.10993E-1 1.74348E-1 2.86575E-1 4.07006E-1 3.66783E-1 4.4478E-1 3.82385E-1
1.70765E-1 1.37387E-1 1.09467E-1 1.69512E-1 2.36382E-1 4.25142E-1 4.67307E-1 1.59635E-1 4.95899E-1 4.86784E-1 6.11181E-1 5.71248E-1 5.60058E-1 5.2009E-1 5.5221E-1 -9999 -9999 -9999 -9999 -9999 -9999 -9999 -9999 -9999 -9999 -9999 -9999 -9999 -9999 -9999 -9999 -9999 -9999 -9999 3.72439E-1 4.7303E-1 4.46879E-1 2.69431E-1 2.46117E-1 3.12578E-1 2.9619E-1 3.55069E-1 8.43474E-2 4.20328E-1 5.03844E-1 3.92215E-1 2.78377E-1 1.66703E-1 1.52861E-1 1.7503E-1 1.91921E-1 1.84145E-1 1.63863E-1 1.34019E-1 3.13337E-1 7.2518E-2 2.53567E-1 5.60927E-1 4.87761E-1 4.37514E-1
