Phytophthora/models/20240430_1251_44/Phytophthora_PA3_RUN3_MAXENT_outputs/Phytophthora_PA3_RUN3.asc
ncols         225
nrows         269
xllcorner     473000.0
yllcorner     4429100.0
cellsize      50.0
NODATA_value  -9999
[rows 108 to 134 of 269, columns 60 to 119 of 225]
3.64549E-2 3.58235E-2 3.53904E-2 7.41222E-2 8.97079E-2 9.99292E-2 1.09309E-1 4.42292E-2 3.43907E-2 2.89274E-2 2.08821E-2 2.55219E-2 1.95009E-2 1.9218E-2 2.34225E-2 4.38768E-2 5.70705E-2 7.45308E-2 8.51547E-2 7.34407E-2 1.13659E-1 7.15155E-2 4.84679E-2 4.82971E-2 6.73984E-2 9.41023E-2 5.95898E-2 7.12824E-2 7.1679E-2 6.76738E-2 7.31738E-2 3.7879E-2 3.65592E-2 5.54889E-2 5.9325E-2 1.08391E-1 1.70487E-1 2.40389E-1 2.97254E-1 3.77149E-1 4.66977E-1 2.56443E-1 4.99918E-1 4.6184E-1 1.41661E-1 2.25909E-1 2.60768E-2 2.22968E-1 2.88573E-1 3.30017E-1 3.52415E-1 3.70943E-1 4.70901E-1 5.55316E-1 4.87682E-1 3.51802E-1 1.12325E-1 3.45598E-1 4.2904E-1 4.36826E-1
3.4805E-2 3.46322E-2 3.1298E-2 4.0314E-2 3.30137E-2 1.04786E-1 9.76986E-2 7.41278E-2 6.34043E-2 3.57234E-2 2.52507E-2 2.94033E-2 2.3109E-2 2.13116E-2 2.4659E-2 4.64813E-2 5.36711E-2 6.58623E-2 7.21225E-2 1.5303E-1 9.12614E-2 6.84953E-2 7.57481E-2 9.9608E-2 1.15382E-1 1.03414E-1 1.01008E-1 1.03364E-1 9.35388E-2 9.06944E-2 8.65494E-2 5.78691E-2 6.31203E-2 6.71506E-2 7.16217E-2 1.07265E-1 1.5586E-1 1.98755E-1 2.6508E-1 3.61363E-1 5.05285E-1 5.44423E-1 3.4546E-1 2.02592E-1 2.74452E-1 2.05681E-1 2.03494E-1 1.086E-1 3.26397E-1 3.38578E-1 2.44626E-1 1.64611E-1 4.27469E-1 4.72862E-1 5.22596E-1 3.68458E-1 5.11461E-1 4.55599E-1 1.65751E-1 5.55006E-1
3.22583E-2 4.56349E-2 7.12623E-3 4.18552E-2 5.4413E-2 5.81179E-2 5.50584E-2 7.07842E-2 2.0682E-2 5.67942E-2 3.14969E-2 3.57496E-2 3.0474E-2 2.84504E-2 3.44686E-2 6.32998E-2 7.52677E-2 7.23805E-2 2.84063E-2 9.49258E-2 8.14661E-2 1.07771E-1 1.23268E-1 1.38065E-1 1.24499E-1 1.64477E-1 1.37134E-1 1.27337E-1 1.25104E-1 1.13821E-1 1.06879E-1 9.19703E-2 9.49983E-2 9.23149E-2 9.64151E-2 1.31292E-1 2.00571E-1 2.89976E-1 3.0816E-1 3.71416E-1 4.05758E-1 4.23289E-1 2.50293E-1 1.39523E-1 2.11453E-1 2.30867E-1 1.0093E-1 4.07133E-1 3.61235E-1 3.87362E-1 3.75803E-1 4.3155E-1 4.90802E-1 4.75837E-1 3.95703E-1 1.26681E-1 1.9818E-1 1.9212E-1 4.98471E-1 1.11958E-1
3.16701E-2 4.07226E-2 4.42281E-2 4.57279E-2 4.94514E-2 4.94238E-2 4.32912E-2 6.80908E-2 1.33073E-2 1.00786E-1 6.30818E-2 6.33874E-2 5.33251E-2 5.85842E-2 6.77818E-2 6.2863E-2 7.43932E-2 7.13855E-2 3.94667E-2 6.64755E-2 1.09492E-1 1.45858E-1 1.39241E-1 1.43174E-1 1.48116E-1 1.79723E-1 1.46841E-1 1.38788E-1 1.44048E-1 1.38144E-1 1.5588E-1 1.34792E-1 1.31173E-1 1.21142E-1 1.14204E-1 1.16579E-1 1.19284E-1 1.85306E-1 2.19985E-1 3.29174E-1 3.71077E-1 2.37187E-1 2.43271E-1 3.46146E-1 1.51475E-1 2.31672E-1 2.91946E-1 2.87323E-1 2.78302E-1 3.28364E-1 3.75174E-1 4.07039E-1 3.75936E-1 3.53985E-1 3.45779E-1 3.35882E-1 4.33277E-1 5.04403E-1 4.96658E-1 2.73431E-1
4.15403E-2 4.39417E-2 4.12231E-2 4.73234E-2 4.23922E-2 4.38772E-2 4.73582E-2 7.40499E-2 1.38359E-1 9.2365E-2 9.09898E-2 8.01846E-2 7.36648E-2 7.76747E-2 9.60174E-2 9.09666E-2 1.02629E-1 4.56777E-2 1.0768E-1 1.07869E-1 1.49108E-1 1.65243E-1 1.80793E-1 1.63736E-1 1.13918E-1 8.9211E-2 1.67252E-2 1.15983E-1 1.16764E-1 1.52462E-1 7.09938E-2 4.84191E-2 1.62861E-1 1.60699E-1 1.39462E-1 1.48159E-1 1.61993E-1 2.24181E-1 2.70005E-1 1.68296E-1 3.09115E-2 2.55335E-1 3.32539E-1 4.57603E-1 1.42027E-1 2.55575E-1 2.86138E-1 3.09116E-1 3.95577E-1 4.49052E-1 4.37862E-1 3.41474E-1 3.87728E-1 4.0336E-1 3.6431E-1 3.09225E-1 3.67082E-1 4.21454E-1 5.11381E-1 4.797E-1
4.47455E-2 2.27828E-2 4.5488E-2 4.1255E-2 3.64388E-2 3.77906E-2 5.65447E-2 1.01226E-1 1.72181E-1 5.806E-2 1.49656E-1 9.12036E-2 9.81081E-2 1.04609E-1 1.33458E-1 1.12848E-1 4.54437E-2 3.54426E-2 1.60791E-1 1.4387E-1 2.02159E-1 2.01002E-1 9.26857E-2 2.25352E-1 1.98044E-1 1.86641E-1 1.79113E-1 2.19588E-1 1.82954E-1 1.40324E-1 1.37074E-1 1.50896E-1 1.92681E-1 1.62058E-1 1.86902E-1 1.84276E-1 2.2273E-1 2.95962E-1 2.83413E-1 2.48997E-1 1.59139E-1 1.19417E-1 1.36917E-1 7.80041E-2 2.70086E-1 3.16461E-1 3.14239E-1 2.91779E-1 1.6558E-1 2.9738E-1 3.11324E-1 3.1364E-1 3.95263E-1 4.26811E-1 3.79812E-1 2.61279E-1 2.73887E-1 3.43719E-1 4.63228E-1 4.12987E-1
4.39052E-2 5.0787E-2 4.2067E-2 3.63829E-2 3.43956E-2 4.83059E-2 6.82485E-2 1.00689E-1 1.73842E-2 8.01778E-2 8.02989E-2 9.7437E-2 9.86555E-2 1.13482E-1 1.37749E-1 1.42173E-1 1.69781E-1 8.63436E-2 1.05372E-1 1.22984E-1 8.59757E-2 3.85211E-2 1.89153E-1 1.8443E-1 1.38116E-1 1.54493E-1 2.31581E-1 2.19306E-1 1.02305E-1 7.37545E-2 7.70309E-2 8.13958E-2 1.54997E-1 1.83164E-1 5.1182E-2 6.36233E-2 5.40401E-2 5.12677E-2 2.19542E-1 2.15846E-1 2.37283E-1 2.66829E-1 2.8943E-1 3.4179E-1 3.73347E-1 2.48282E-1 2.26748E-2 3.33773E-1 2.46458E-1 7.64097E-2 1.13637E-1 4.10745E-1 2.72926E-1 4.89446E-1 4.01632E-1 3.32079E-1 3.57697E-1 4.61659E-1 4.44844E-1 4.9836E-1
1.33246E-2 4.65558E-2 3.81662E-2 3.35878E-2 3.91734E-2 6.06093E-2 7.44413E-2 7.05453E-2 8.98104E-2 8.01025E-2 3.48462E-2 7.70109E-2 8.14395E-2 8.52356E-2 9.75933E-2 1.69819E-1 2.99901E-2 8.37986E-2 6.8685E-2 1.05069E-1 1.92993E-1 1.97532E-1 1.66482E-1 1.55149E-1 1.40073E-1 2.12666E-1 2.04142E-1 9.30581E-2 6.23292E-2 5.73357E-2 6.00514E-2 8.70288E-2 1.24525E-1 1.46652E-1 1.87682E-1 6.53693E-2 2.13068E-1 2.25301E-1 2.44925E-1 2.12884E-1 2.35972E-1 1.96028E-1 3.16532E-1 1.81523E-1 3.61754E-1 2.52204E-1 1.86883E-1 2.8526E-1 4.24364E-2 2.39302E-1 3.24099E-1 4.28932E-1 2.97379E-1 6.24082E-1 5.29441E-1 4.16292E-1 4.83617E-1 5.84875E-1 6.3008E-1 5.09123E-1
1.37671E-1 1.04243E-1 9.13149E-2 1.15214E-1 1.28762E-1 1.67229E-1 1.68475E-1 9.97883E-2 1.55979E-1 1.42304E-1 1.30701E-1 1.33789E-1 1.59546E-1 1.73028E-1 1.79541E-1 2.69564E-1 1.50665E-1 1.54808E-1 1.78123E-1 1.82193E-1 1.97775E-1 1.81789E-1 1.78591E-1 1.89576E-1 2.61487E-1 2.19221E-1 1.21979E-1 1.0471E-1 7.55079E-2 7.24308E-2 1.0461E-1 1.00783E-1 1.49345E-1 2.03891E-1 2.93325E-1 3.18984E-1 2.01604E-1 1.95278E-1 3.50786E-1 3.45116E-1 2.65974E-1 2.7821E-1 1.81457E-1 3.10749E-1 2.7339E-1 2.34642E-1 2.19178E-1 4.01233E-2 1.5134E-1 1.92203E-2 3.96209E-1 4.84383E-1 5.53906E-1 5.02293E-1 3.1781E-1 2.21841E-1 3.47178E-1 4.91461E-1 5.23635E-1 3.22751E-1
1.21698E-1 1.17464E-1 1.29608E-1 1.57601E-1 1.67405E-1 1.77562E-1 8.16243E-2 1.65421E-1 1.49729E-1 1.29345E-1 1.61346E-1 5.93637E-2 2.29461E-1 2.44504E-1 2.25142E-1 1.97197E-1 2.66686E-1 1.25685E-1 1.35326E-1 1.50282E-1 1.509E-1 1.61807E-1 2.03131E-1 2.408E-1 2.10494E-1 1.17321E-1 9.71045E-2 7.27683E-2 6.71405E-2 6.68048E-2 8.70351E-2 8.66964E-2 1.31444E-1 1.71086E-1 2.54068E-1 3.38935E-1 1.69053E-1 4.20147E-1 3.99362E-1 6.06935E-2 1.06914E-1 8.8284E-2 2.73444E-1 3.00406E-1 2.92415E-1 2.11725E-1 2.11844E-1 1.81275E-1 2.18916E-1 1.72746E-1 2.029E-1 3.65569E-1 4.00276E-1 3.46382E-1 3.04013E-1 2.6298E-1 3.57963E-1 4.99344E-1 1.88068E-1 5.15886E-1
1.33636E-1 1.5229E-1 1.28082E-1 6.16033E-2 9.25363E-2 1.82749E-1 1.6014E-1 1.46046E-1 1.42E-1 1.33297E-1 1.96021E-1 2.75842E-1 4.05716E-1 1.51429E-1 2.80233E-1 1.45523E-1 1.62036E-1 1.31779E-1 1.49948E-1 1.40223E-1 1.24345E-1 1.40624E-1 2.43163E-1 2.13404E-1 1.08484E-1 1.15297E-1 8.3653E-2 6.86135E-2 6.45514E-2 7.15401E-2 9.32163E-2 8.87006E-2 1.12664E-1 1.4408E-1 2.17519E-1 3.21961E-1 3.40023E-1 4.43881E-1 4.32722E-1 3.42348E-1 2.55107E-1 2.98536E-1 2.84744E-1 2.4757E-1 2.75302E-1 1.76203E-1 1.64889E-1 1.47439E-1 8.54E-2 1.83752E-1 2.77851E-1 2.72872E-1 3.99651E-1 4.20478E-1 4.07175E-1 3.49202E-1 3.79558E-1 4.46873E-1 5.47744E-1 5.81399E-1
1.66446E-1 2.18814E-1 2.04419E-1 1.61326E-1 3.6309E-2 1.51413E-1 1.28279E-1 1.26941E-1 1.17703E-1 1.23668E-1 1.77744E-1 2.2063E-1 4.00628E-2 4.16049E-1 1.61617E-1 2.95718E-1 1.65605E-1 1.49365E-1 1.60693E-1 1.16035E-1 1.1278E-1 1.18729E-1 1.931E-1 2.05995E-1 9.95265E-2 1.19985E-1 8.71185E-2 7.81209E-2 7.76525E-2 9.62677E-2 1.08498E-1 9.95196E-2 1.28981E-1 1.77437E-1 2.77482E-1 3.76569E-1 4.03808E-1 5.52772E-2 1.8198E-1 3.48944E-1 2.53118E-1 2.46918E-1 2.49561E-1 2.1148E-1 1.81955E-1 1.39367E-1 1.27979E-1 1.05023E-1 7.70522E-2 1.61043E-1 2.6746E-1 3.75225E-1 2.49112E-1 4.33914E-1 4.71883E-1 3.94425E-1 4.04206E-1 3.89061E-1 4.80225E-1 5.21056E-1
2.04952E-1 2.93054E-1 1.76262E-1 1.55851E-1 4.4388E-2 1.72187E-1 1.40105E-1 1.23592E-1 1.12754E-1 1.42108E-1 1.94409E-1 2.29133E-1 3.04002E-1 2.47696E-1 2.27977E-1 2.27535E-1 2.57349E-1 2.34324E-1 1.69548E-1 1.19872E-1 1.08505E-1 1.23997E-1 1.82711E-1 1.45723E-1 1.29452E-1 1.31229E-1 9.7734E-2 9.72946E-2 1.1677E-1 1.33055E-1 1.3704E-1 1.10491E-1 1.30067E-1 1.88549E-1 3.05658E-1 2.90145E-1 4.16968E-1 1.3437E-1 4.31404E-1 3.35054E-1 2.05415E-1 2.132E-1 2.17551E-1 1.9996E-1 1.73298E-1 9.82289E-2 8.76689E-2 8.12999E-2 8.17866E-2 1.27915E-1 2.4348E-1 3.06159E-1 4.02839E-1 4.65674E-1 4.33076E-1 3.69049E-1 4.2434E-1 4.17117E-1 4.32852E-1 5.18257E-1
3.82976E-2 3.30393E-1 1.54585E-1 1.56714E-1 1.42032E-1 1.81397E-1 1.4131E-1 1.39018E-1 1.34839E-1 1.91267E-1 3.03203E-1 3.67441E-1 4.05094E-1 9.43831E-2 2.6497E-1 2.83497E-1 2.74426E-1 1.88656E-1 1.48518E-1 1.21746E-1 1.39807E-1 1.81626E-1 1.67596E-1 1.63513E-1 1.85883E-1 1.98262E-1 1.55626E-1 1.70042E-1 1.96296E-1 2.10726E-1 2.2214E-1 1.72899E-1 1.47425E-1 2.11462E-1 3.22768E-1 3.37329E-1 3.44659E-1 4.28294E-1 6.34762E-2 2.85849E-1 1.75202E-1 1.78496E-1 2.09983E-1 2.239E-1 1.73078E-1 1.01346E-1 9.3372E-2 8.8933E-2 9.16935E-2 1.07965E-1 1.49651E-1 2.10443E-1 2.93685E-1 3.65169E-1 4.06789E-1 4.09011E-1 3.86465E-1 3.55459E-1 3.96158E-1 4.72123E-1
2.5806E-1 2.48507E-1 1.53727E-1 2.05241E-1 6.68924E-2 1.87877E-1 1.40814E-1 9.98577E-2 1.04887E-1 1.14697E-1 1.80706E-1 3.11168E-1 4.27615E-1 1.84708E-1 4.64628E-1 3.18353E-1 2.76209E-1 1.83867E-1 1.56641E-1 1.41983E-1 2.02055E-1 2.61021E-1 1.75633E-1 2.54241E-1 2.76331E-1 2.79348E-1 2.15109E-1 2.49928E-1 2.57535E-1 2.36982E-1 2.60982E-1 2.00471E-1 1.63473E-1 1.7507E-1 2.65465E-1 2.67949E-1 3.27152E-1 2.77755E-1 2.33965E-1 1.85757E-1 1.316E-1 1.2216E-1 1.57571E-1 1.76122E-1 1.69672E-1 9.97745E-2 9.48831E-2 9.87671E-2 1.17012E-1 1.3039E-1 1.65787E-1 1.9207E-1 2.31767E-1 2.9044E-1 3.5042E-1 4.62353E-1 4.3544E-1 4.17602E-1 4.66198E-1 4.85018E-1
2.21658E-1 1.70116E-1 1.76763E-1 2.40189E-1 1.78695E-1 1.91867E-1 1.40546E-1 1.21116E-1 9.49829E-2 1.03598E-1 1.36756E-1 1.78841E-1 3.12241E-1 2.19845E-1 4.30813E-1 3.19585E-1 2.643E-1 2.05373E-1 1.87741E-1 2.12961E-1 3.09236E-1 2.56923E-1 3.60488E-1 3.9551E-1 2.07404E-1 2.60804E-1 2.48581E-1 2.44916E-1 2.33023E-1 1.93207E-1 1.72393E-1 1.72998E-1 1.44294E-1 1.58718E-1 2.82644E-1 3.03199E-1 1.0783E-1 2.85111E-1 1.79897E-1 1.46695E-1 1.12503E-1 1.06522E-1 1.28736E-1 1.69528E-1 1.67273E-1 1.00252E-1 1.00581E-1 1.16571E-1 1.47674E-1 1.77028E-1 2.24923E-1 2.56447E-1 2.78508E-1 2.91082E-1 3.84339E-1 5.49556E-1 5.25034E-1 4.57082E-1 3.66419E-1 4.75576E-1
1.77177E-1 2.00891E-1 2.38958E-1 4.8254E-2 1.79351E-1 1.74061E-1 1.26263E-1 1.10739E-1 9.92767E-2 1.07532E-1 1.43408E-1 1.82003E-1 2.39255E-1 3.74702E-1 2.12216E-1 3.13838E-1 2.80287E-1 3.12408E-1 2.7099E-1 2.1212E-1 2.36216E-1 2.38572E-1 2.39575E-1 2.03501E-1 2.06125E-1 2.92401E-1 3.11356E-1 2.50963E-1 2.39832E-1 1.81224E-2 1.81848E-1 1.56186E-1 1.51355E-1 2.04369E-1 2.44191E-1 2.08619E-1 4.77259E-2 3.0393E-1 1.8164E-1 1.18111E-1 9.1529E-2 9.90165E-2 1.35852E-1 1.95894E-1 1.2119E-1 1.17117E-1 1.50843E-1 1.53569E-1 1.55752E-1 1.93004E-1 2.85767E-1 3.23143E-1 3.39607E-1 3.6472E-1 4.07411E-1 5.02612E-1 5.89334E-1 5.57709E-1 4.71192E-1 5.31815E-1
1.80898E-1 2.31967E-1 2.65977E-1 1.06042E-1 1.43448E-1 1.24879E-1 1.08018E-1 1.02442E-1 1.0584E-1 9.66409E-2 1.53985E-1 1.75608E-1 2.16155E-1 2.38773E-1 2.11831E-2 2.65033E-1 3.97916E-1 3.09709E-1 2.41917E-1 2.07235E-1 2.12767E-1 1.29843E-1 1.25734E-1 1.54467E-1 2.22698E-1 3.3177E-1 3.36794E-1 2.38578E-1 2.31614E-1 7.85465E-2 1.94208E-1 1.47286E-1 1.37632E-1 1.68962E-1 2.3495E-1 1.44683E-1 1.55685E-1 2.99733E-1 1.49056E-1 1.17924E-1 1.0307E-1 1.3615E-1 1.87929E-1 2.21976E-1 1.73928E-1 1.83577E-1 2.61513E-1 2.29839E-1 2.04966E-1 2.2446E-1 2.92296E-1 2.14521E-1 3.73691E-1 4.38427E-1 5.34656E-1 6.00091E-1 6.09804E-1 5.00015E-1 6.07614E-1 5.42422E-1
1.32993E-1 1.91221E-1 1.63677E-1 1.20661E-1 1.08451E-1 1.04283E-1 9.38972E-2 1.03434E-1 8.93881E-2 8.50664E-2 9.33614E-2 1.27416E-1 2.11354E-1 2.14785E-1 2.14146E-1 3.77364E-1 2.91848E-1 2.60302E-1 2.34913E-1 1.75394E-1 1.61657E-1 1.79563E-1 1.896E-1 2.66094E-1 3.38013E-1 2.18412E-1 3.52874E-1 2.65702E-1 2.45116E-1 6.48161E-2 1.71104E-1 1.23949E-1 1.00774E-1 1.41398E-1 2.08748E-1 1.06417E-1 1.24217E-2 2.17767E-1 1.07135E-1 9.15209E-2 9.35983E-2 1.39163E-1 1.90721E-1 2.38659E-1 2.58943E-1 2.41095E-1 3.2538E-1 2.80445E-1 2.70926E-1 1.97146E-1 2.49226E-1 2.74452E-1 3.26887E-1 3.72804E-1 4.73316E-1 4.22634E-1 4.54046E-1 5.06504E-1 4.72711E-1 4.23287E-1
1.37721E-1 1.95836E-1 1.90902E-1 1.65277E-1 1.02501E-1 1.08577E-1 1.08193E-1 1.11324E-1 1.15032E-1 1.05892E-1 1.07649E-1 1.19057E-1 1.71251E-1 1.7116E-1 9.06894E-2 3.24004E-1 3.16541E-1 2.45795E-1 1.20046E-1 1.08848E-1 1.89404E-1 2.05758E-1 2.18357E-1 2.674E-1 3.75477E-1 4.719E-1 3.26804E-1 2.59462E-1 2.30639E-1 1.87849E-1 1.96255E-1 1.3924E-1 1.01016E-1 7.37356E-2 8.85464E-2 9.08485E-2 2.4405E-2 2.19836E-1 2.15427E-1 9.99886E-2 1.19926E-1 1.82536E-1 2.46296E-1 3.08165E-1 3.95311E-1 2.93794E-1 1.76795E-1 1.31924E-1 3.57656E-1 2.83844E-1 3.15484E-1 3.39299E-1 1.27813E-1 4.20129E-1 4.91568E-1 3.94463E-1 3.53429E-1 4.05155E-1 4.02084E-1 4.31879E-1
7.22064E-2 8.62134E-2 1.01177E-1 1.25178E-1 1.01461E-1 1.38084E-1 1.43463E-1 1.42339E-1 1.34073E-1 1.27171E-1 1.29009E-1 1.20235E-1 1.76424E-1 1.92466E-1 2.67663E-1 2.74904E-1 1.86872E-1 1.4729E-1 1.21241E-1 1.61607E-1 2.62652E-1 2.4066E-1 2.4784E-1 2.97511E-1 3.35504E-1 4.79605E-1 3.36814E-1 2.15663E-1 2.22994E-1 2.23142E-1 1.94994E-1 1.50694E-1 1.19685E-1 8.18283E-2 7.80806E-2 6.88151E-2 1.01286E-1 1.95214E-1 2.21664E-1 1.90284E-1 1.50955E-1 8.22867E-2 2.66664E-1 2.98736E-1 4.34732E-1 3.46668E-1 4.0644E-1 4.97189E-1 3.11057E-1 2.57761E-1 3.93781E-1 4.62487E-1 4.11696E-1 4.11009E-1 4.45806E-1 4.08751E-1 3.7882E-1 3.84706E-1 3.46879E-1 3.5123E-1
6.83356E-2 9.75833E-2 1.31961E-1 1.41481E-1 1.21357E-1 1.84075E-1 5.63932E-2 1.83253E-1 1.7128E-1 1.5792E-1 1.60332E-1 1.55642E-1 2.10067E-1 2.1864E-1 1.99507E-1 2.65261E-1 1.84192E-1 1.84557E-1 1.77708E-1 2.22142E-1 3.44933E-1 3.18708E-1 2.72919E-1 3.11348E-1 4.93861E-1 4.52549E-1 2.95181E-1 1.71821E-1 2.04098E-1 1.95473E-1 1.70595E-1 1.55124E-1 1.52985E-1 1.22951E-1 8.46585E-2 7.16299E-2 1.0478E-1 1.87457E-1 2.6349E-1 1.87655E-1 1.9488E-1 2.14679E-1 2.43899E-1 3.24498E-1 3.21308E-1 2.67408E-1 4.09082E-1 4.58795E-1 3.07929E-1 3.4006E-1 4.13354E-1 4.66226E-1 4.07802E-1 4.20619E-1 5.04802E-1 4.80768E-1 1.21577E-1 4.42037E-1 4.42938E-1 4.2232E-1
7.03561E-2 1.05225E-1 1.30571E-1 3.11566E-2 1.61282E-1 1.87827E-1 1.80735E-1 1.93782E-1 1.78349E-1 1.63584E-1 1.42465E-1 1.73799E-1 2.69623E-1 7.25662E-2 2.05254E-1 3.1217E-1 2.62982E-1 2.91752E-1 2.83433E-1 3.12937E-1 4.29275E-1 4.15942E-1 3.5442E-1 3.11951E-1 4.27265E-1 4.13667E-1 2.47862E-1 2.0269E-1 2.44136E-1 2.57791E-1 2.37033E-1 2.14969E-1 2.1569E-1 2.32173E-1 1.55315E-1 1.22104E-1 1.31824E-1 1.94663E-1 1.58722E-1 3.25789E-1 1.83104E-1 1.81209E-1 2.09438E-1 2.88639E-1 3.66095E-1 2.90209E-1 4.73485E-1 4.57664E-1 2.69005E-1 3.02962E-1 3.89213E-1 5.18848E-1 4.86021E-1 5.31888E-1 6.26902E-1 4.78203E-1 1.34744E-1 4.548E-1 4.44595E-1 4.66268E-1
9.62797E-2 1.2366E-1 1.56367E-1 1.73565E-1 2.23232E-1 1.88901E-1 1.82492E-1 1.67348E-1 1.80594E-1 1.70291E-1 2.14098E-1 2.14287E-1 2.96556E-1 2.37943E-1 2.54745E-1 5.11119E-1 5.24141E-1 4.63597E-1 4.03203E-1 3.72559E-1 1.02565E-1 1.00804E-1 4.13455E-1 4.76401E-1 4.4619E-1 3.78472E-1 2.15486E-1 1.74643E-1 2.24645E-1 2.32559E-1 1.12918E-1 1.0967E-1 1.61939E-1 2.07551E-1 2.11539E-1 9.45219E-2 1.61484E-1 1.95563E-1 2.57441E-1 3.14745E-1 2.05276E-1 1.56256E-1 1.88859E-1 3.13258E-1 4.38556E-1 2.62334E-1 4.68257E-1 4.30562E-1 2.99401E-1 2.56797E-1 3.31968E-1 4.67168E-1 4.1996E-1 1.00083E-1 5.29468E-1 4.80628E-1 4.4605E-1 4.46208E-1 3.16131E-1 9.57997E-2
9.46615E-2 1.1677E-1 1.38039E-1 3.58706E-2 2.33906E-1 1.66061E-1 1.73557E-1 1.76068E-1 1.69394E-1 1.96366E-1 2.68374E-1 2.56813E-1 2.77506E-1 3.13954E-1 2.97745E-1 5.47487E-1 1.16725E-1 2.86522E-1 5.5321E-1 5.53205E-1 5.83849E-1 5.61337E-1 5.44411E-1 5.5618E-1 5.16832E-1 4.26604E-1 3.33393E-1 2.54719E-1 3.63643E-1 4.41512E-2 1.97388E-1 1.91836E-1 1.93836E-1 2.35306E-1 3.21087E-1 2.9332E-1 7.78632E-2 2.31179E-1 2.17996E-1 2.87248E-1 2.87288E-1 1.45468E-1 2.26103E-1 3.3387E-1 4.6704E-1 2.80504E-1 3.55868E-1 3.23754E-1 5.3397E-1 3.57383E-1 3.9849E-1 5.0023E-1 4.16737E-1 4.39253E-1 5.05899E-1 5.14424E-1 4.23056E-1 4.87E-1 2.08185E-1 2.70846E-1
8.55395E-2 1.09125E-1 4.64553E-2 1.68051E-1 1.87481E-1 1.68264E-1 1.40255E-1 1.68278E-1 2.07371E-1 2.65773E-1 3.84358E-1 2.9297E-1 5.12944E-2 1.51997E-1 3.43635E-2 2.80702E-1 4.55217E-1 4.07669E-1 5.21672E-1 4.87837E-1 5.41681E-1 5.37693E-1 6.30834E-1 5.4651E-1 5.17667E-1 1.82325E-1 1.72597E-1 3.65975E-1 1.21716E-1 1.92228E-1 1.7506E-1 1.39041E-1 1.69774E-1 1.57004E-1 2.62262E-1 3.00747E-1 3.71069E-1 1.06086E-1 2.88432E-1 3.84345E-1 3.49968E-1 2.19843E-1 2.04124E-1 3.20808E-1 4.53025E-1 2.62075E-1 3.86273E-1 5.41234E-1 2.2464E-1 4.21024E-1 4.41178E-1 4.41022E-1 5.11223E-1 3.63475E-1 4.32245E-1 4.43851E-1 4.46748E-1 1.93183E-1 3.6497E-1 2.56844E-1
8.25472E-2 1.11194E-1 2.72132E-1 2.07216E-1 8.96261E-2 1.98244E-1 1.78239E-1 2.36606E-1 2.59325E-1 1.16432E-1 3.99675E-1 3.86832E-1 3.2302E-1 3.95457E-1 1.25224E-1 5.43606E-1 5.20462E-1 4.75309E-1 4.44412E-1 4.40381E-1 4.40591E-1 3.18864E-1 5.41635E-1 5.61185E-1 3.83621E-1 3.91957E-1 3.63781E-1 3.97511E-1 1.62389E-1 2.03347E-1 1.73585E-1 1.1683E-1 1.40451E-1 1.63256E-1 2.13549E-1 2.75855E-1 3.5564E-1 3.23611E-1 2.69329E-1 4.43201E-1 4.22561E-1 3.90313E-1 2.71902E-1 3.12168E-1 4.26034E-1 2.53135E-1 3.32202E-1 5.25047E-1 5.35646E-1 5.47783E-1 4.97642E-1 4.95254E-1 5.17466E-1 3.77597E-1 4.00103E-1 3.16986E-1 1.86712E-1 3.27218E-1 2.34271E-1 1.76223E-1
