Phytophthora/models/20240430_1251_44/Phytophthora_PA3_RUN3_MAXENT_outputs/Phytophthora_PA3_RUN3.asc
ncols         225
nrows         269
xllcorner     473000.0
yllcorner     4429100.0
cellsize      50.0
NODATA_value  -9999
[rows 162 to 188 of 269, columns 120 to 179 of 225]
6.2252E-2 4.28857E-1 2.38867E-1 2.24925E-1 2.93967E-1 4.19011E-1 4.89012E-1 5.65049E-1 1.73014E-1 3.06382E-1 1.08864E-1 6.41524E-1 5.5212E-1 5.12268E-1 4.65783E-1 5.49933E-1 5.81349E-1 6.63605E-1 6.83003E-1 5.76845E-1 4.28191E-1 3.77323E-1 3.54362E-1 2.64585E-1 3.4431E-1 1.79682E-1 2.37803E-1 2.8997E-1 3.22795E-1 2.8375E-1 1.65517E-1 1.25377E-1 1.01488E-1 8.90768E-2 1.23058E-1 2.2164E-1 2.19541E-1 2.09882E-1 2.04591E-1 2.2094E-1 2.52162E-1 3.25235E-1 4.07509E-1 4.77314E-1 4.53117E-1 1.64852E-1 2.51882E-1 2.28257E-1 1.74379E-1 1.95729E-1 3.09935E-1 3.39002E-1 5.14591E-1 3.85473E-1 3.23088E-1 1.8462E-1 3.043E-1 3.09687E-1 3.25562E-1 2.61243E-1
4.80883E-1 4.30965E-1 3.78549E-1 3.19976E-1 2.2756E-1 4.11912E-1 4.76247E-1 5.34176E-1 5.81914E-1 6.13539E-1 5.94629E-1 4.44196E-1 5.54434E-1 4.83615E-1 4.07195E-1 4.70846E-1 5.77758E-1 5.72701E-1 1.64495E-2 3.77822E-1 3.07719E-1 1.70095E-1 4.05163E-1 1.43633E-1 1.14736E-1 1.53828E-1 2.064E-1 2.12466E-1 2.05618E-1 2.07871E-1 1.33172E-1 1.15569E-1 1.04549E-1 1.33017E-1 1.49956E-1 2.19942E-1 2.2012E-1 2.16404E-1 2.12369E-1 2.23509E-1 2.5609E-1 3.33146E-1 4.20069E-1 2.36587E-1 4.63791E-1 4.40143E-1 1.66275E-1 2.86277E-1 2.02752E-1 4.16209E-2 9.49101E-2 2.07497E-1 9.97476E-2 2.59023E-1 1.29621E-1 3.72161E-1 2.98858E-1 2.64E-1 3.23804E-1 3.6058E-1
4.73966E-1 4.07177E-1 3.42206E-1 2.91382E-1 2.5763E-1 3.84856E-1 4.36346E-1 4.7342E-1 4.98814E-1 5.3899E-1 6.15756E-1 1.72485E-1 5.88817E-1 4.90363E-1 3.87614E-1 3.88491E-1 3.31661E-1 5.69278E-1 5.39483E-1 4.51137E-1 2.72786E-1 2.32088E-1 3.08108E-1 1.40309E-1 2.44596E-1 1.97593E-1 1.94612E-1 1.89791E-1 1.74695E-1 8.68879E-2 1.2723E-1 1.17805E-1 1.30732E-1 1.41654E-1 1.76262E-1 2.6264E-1 2.6807E-1 2.64194E-1 2.44124E-1 2.12198E-1 2.33787E-1 2.98141E-1 3.64295E-1 4.03104E-1 4.18488E-1 1.19557E-1 2.09343E-1 2.45793E-1 2.27183E-1 1.45606E-1 1.75853E-1 3.30074E-1 4.78991E-1 3.78951E-1 3.15833E-1 3.5519E-1 3.82837E-1 3.60653E-1 3.28569E-1 3.79339E-1
5.01185E-1 4.0452E-1 3.154E-1 2.8061E-1 2.55794E-1 3.46054E-1 3.84725E-1 4.19358E-1 4.27267E-1 5.2076E-1 6.48109E-1 2.43561E-1 6.76986E-1 6.2075E-1 2.93839E-1 1.68415E-1 2.54436E-1 4.22377E-1 2.71313E-1 2.02952E-1 3.51199E-1 3.27167E-1 2.65155E-1 3.09684E-1 3.05685E-1 2.47015E-1 2.2399E-1 1.90159E-1 1.8886E-1 8.65745E-2 1.20679E-1 1.30982E-1 1.42474E-1 1.7138E-1 2.37955E-1 3.48618E-1 3.67804E-1 3.32341E-1 2.88678E-1 2.49946E-1 2.09268E-1 2.54001E-1 3.03632E-1 3.27091E-1 3.58189E-1 2.81563E-1 2.66005E-1 3.59339E-1 2.34971E-1 1.89666E-1 2.26296E-1 3.23556E-1 3.73896E-1 5.79844E-1 2.67936E-1 4.44043E-1 4.37753E-1 4.62731E-1 4.81694E-1 4.51902E-1
5.32814E-1 3.95583E-1 3.36561E-1 3.00496E-1 2.74893E-1 3.21288E-1 3.60249E-1 4.05132E-1 4.81491E-1 5.56909E-1 6.31373E-1 3.77267E-1 7.24777E-1 6.14655E-1 5.69975E-1 3.54989E-1 3.88215E-1 5.04421E-1 4.3231E-1 4.6794E-1 3.40269E-1 5.67278E-1 5.38333E-1 5.59184E-1 5.27142E-1 3.80655E-1 3.58916E-1 3.64952E-1 3.85703E-1 1.46953E-1 2.82844E-1 1.8401E-1 2.15765E-1 2.91395E-1 3.94655E-1 3.79513E-1 3.81025E-1 3.37557E-1 2.99506E-1 2.62597E-1 2.43011E-1 2.23086E-1 2.30638E-1 2.79124E-1 2.98615E-1 3.54587E-1 4.43087E-1 3.60095E-1 4.44763E-1 3.90829E-1 2.83819E-1 2.06694E-1 2.58549E-1 8.75979E-2 1.80081E-1 3.66187E-1 3.68297E-1 5.68682E-1 5.97056E-1 6.19672E-1
2.41364E-1 3.62976E-1 2.62631E-1 2.77686E-1 2.6674E-1 3.1201E-1 3.37541E-1 3.65375E-1 4.64483E-1 5.90789E-1 6.69196E-1 3.21518E-1 6.33993E-1 4.96899E-1 4.7528E-1 4.9379E-1 5.50253E-1 5.55719E-1 3.17137E-1 5.42767E-1 6.10646E-1 5.64679E-1 5.34414E-1 5.61816E-1 6.40856E-1 5.13829E-1 4.08925E-1 3.76004E-1 3.8019E-1 3.85209E-1 1.78298E-1 1.96696E-1 2.61714E-1 4.41919E-1 4.9455E-1 4.95773E-1 4.57848E-1 4.0893E-1 3.62846E-1 3.1092E-1 3.16849E-1 2.78997E-1 2.3884E-1 2.49691E-1 1.14109E-1 4.51601E-1 4.52508E-1 3.94053E-1 8.20545E-2 1.73516E-1 2.44558E-1 1.82626E-1 1.50349E-1 1.81461E-1 2.14205E-1 3.38445E-1 7.84094E-2 3.76267E-1 2.31823E-1 5.90469E-1
3.06616E-1 2.29486E-1 2.91467E-1 2.70922E-1 2.65778E-1 3.13441E-1 3.58827E-1 3.27447E-1 3.72993E-1 4.83047E-1 5.90023E-1 6.11799E-1 6.17979E-1 5.79754E-1 3.34804E-1 3.27363E-1 5.34405E-1 5.6421E-1 5.56908E-1 5.2875E-1 5.20708E-1 5.49557E-1 5.8895E-1 5.7042E-1 5.33893E-1 5.01686E-1 5.82279E-1 5.2205E-1 4.54304E-1 3.19533E-1 3.15824E-1 2.55123E-1 1.27441E-1 4.92725E-1 5.25804E-1 9.402E-2 1.94544E-1 3.01305E-1 3.44443E-1 3.80141E-1 3.6669E-1 3.18925E-1 2.62958E-1 2.25997E-1 2.01577E-1 4.53065E-1 4.35353E-1 4.38199E-1 4.11628E-1 4.37351E-1 1.59545E-1 1.88645E-1 1.68698E-1 1.80019E-1 1.89669E-1 3.50545E-1 3.38032E-1 4.95496E-1 5.00235E-1 4.69843E-1
2.89116E-1 2.74377E-1 2.4905E-1 2.61207E-1 3.15607E-1 4.33429E-1 4.77547E-1 3.64773E-1 3.46434E-1 4.48069E-1 5.18776E-1 6.92504E-1 1.48949E-1 1.48235E-1 5.88263E-1 5.3357E-1 5.16782E-1 5.02202E-1 4.87152E-1 4.70745E-1 4.54608E-1 4.94471E-1 5.19757E-1 5.55818E-1 2.37956E-1 4.71527E-1 6.42703E-2 4.0293E-1 3.48358E-1 2.41425E-1 2.071E-1 1.56754E-1 2.59242E-1 1.49052E-1 4.56753E-1 4.53118E-1 4.7518E-1 3.8683E-1 4.02461E-1 2.88169E-1 3.80429E-1 3.25918E-1 2.72773E-1 2.18352E-1 2.43539E-1 2.18113E-1 4.11454E-1 4.24192E-1 4.16734E-1 4.35147E-1 2.79876E-1 2.45957E-1 2.79351E-1 8.75612E-2 2.74336E-1 3.81044E-1 4.39733E-1 4.38778E-1 5.19268E-1 5.32883E-1
3.03697E-1 2.78961E-1 2.50623E-1 1.97559E-1 1.95907E-1 2.96385E-1 4.53092E-1 1.74294E-1 4.66248E-1 4.16019E-1 4.52123E-1 6.49225E-1 6.31181E-1 5.60083E-1 5.17212E-1 4.49939E-1 4.45137E-1 4.35409E-1 4.22062E-1 4.22023E-1 4.03234E-1 4.52891E-1 4.97399E-1 5.66638E-1 1.32783E-1 4.52776E-1 4.41198E-1 4.11618E-1 3.43131E-1 3.14531E-1 2.54315E-1 1.75901E-1 2.68365E-1 5.2356E-1 5.21994E-1 5.34694E-1 3.98396E-1 2.65443E-1 3.30024E-1 3.49697E-1 3.32229E-1 2.95382E-1 2.50228E-1 2.11965E-1 2.68993E-1 3.4047E-1 2.16526E-1 3.84735E-1 3.96759E-1 4.07075E-1 1.4271E-1 2.88997E-1 8.72457E-2 2.79581E-1 2.7465E-1 4.12541E-1 3.86038E-1 3.49152E-1 5.47152E-1 5.47656E-1
2.73634E-1 2.44611E-1 2.07094E-1 1.57055E-1 1.14747E-1 1.37083E-1 1.58723E-1 2.06615E-1 3.68708E-1 2.33655E-1 4.20022E-1 5.85708E-1 5.63419E-1 4.74267E-1 4.30752E-1 3.42454E-1 3.47016E-1 3.75154E-1 4.03259E-1 3.21332E-1 2.88392E-1 3.38793E-1 3.76517E-1 4.4341E-1 3.29041E-1 4.48427E-1 3.52594E-1 3.44186E-1 3.76919E-1 4.31398E-1 4.5768E-1 3.75488E-1 4.19657E-1 4.41049E-1 3.68958E-1 3.26377E-1 2.70872E-1 2.22757E-1 2.89575E-1 2.91672E-1 3.52357E-1 3.27531E-1 2.82764E-1 2.68165E-1 2.4086E-1 3.26131E-1 2.1473E-1 3.11415E-1 4.14425E-1 4.46609E-1 3.68282E-1 3.18784E-1 3.49632E-1 3.12901E-1 3.01561E-1 3.40288E-1 2.91223E-1 4.09588E-1 5.28284E-1 4.59672E-1
2.66976E-1 2.43575E-1 2.13474E-1 2.05905E-1 1.75769E-1 1.07671E-1 1.3746E-1 1.73202E-1 2.0898E-1 2.6921E-1 4.36742E-1 3.6677E-1 2.535E-1 4.22355E-1 3.65437E-1 2.92546E-1 2.58178E-1 2.49105E-1 4.04924E-1 2.76478E-1 3.68553E-1 3.23764E-1 4.00107E-1 4.66769E-1 3.77593E-1 5.12091E-1 4.47566E-1 4.20654E-1 4.29577E-1 2.26959E-1 4.86064E-1 3.95329E-1 4.49275E-1 1.67003E-1 4.0808E-1 2.6239E-1 2.06102E-1 2.01059E-1 2.42808E-1 2.6725E-1 3.30606E-1 2.92668E-1 2.86726E-1 2.77135E-1 1.12088E-1 1.57382E-1 1.14615E-1 1.79754E-1 3.24603E-1 3.6462E-1 1.66873E-1 3.0405E-1 3.18217E-1 2.95767E-1 2.60421E-1 2.87027E-1 3.49446E-1 4.189E-1 4.53921E-1 3.56396E-1
2.78178E-1 2.74239E-1 2.29324E-1 1.982E-1 1.71022E-1 1.74202E-1 1.43196E-1 1.59933E-1 1.81497E-1 2.10971E-1 3.08573E-1 3.46387E-1 4.06807E-1 1.34512E-1 3.76279E-1 2.63936E-1 2.36958E-1 2.20847E-1 2.76752E-1 1.42447E-1 3.79766E-1 3.20956E-1 4.33129E-1 2.54245E-1 4.3354E-1 5.08438E-1 2.13153E-1 1.28466E-1 2.61227E-1 4.5085E-1 4.48051E-1 4.46471E-1 4.9138E-1 2.31473E-1 3.51349E-1 2.43691E-1 1.84757E-1 1.76871E-1 2.92518E-1 2.24358E-1 3.78919E-1 3.49004E-1 3.07435E-1 3.61599E-1 1.00242E-1 9.93257E-2 8.5855E-2 1.95624E-1 3.62599E-1 4.32782E-1 3.87829E-1 4.42467E-1 3.56899E-1 2.73152E-1 2.46824E-1 4.28603E-1 3.70252E-1 3.55512E-1 3.96755E-1 3.01041E-1
2.8363E-1 3.02748E-1 2.54313E-1 2.06403E-1 1.80536E-1 1.66139E-1 1.81277E-1 1.45326E-1 1.58567E-1 1.86068E-1 2.65788E-1 2.66776E-1 2.90551E-1 3.76081E-1 8.03295E-2 3.21029E-1 2.12723E-1 2.15015E-1 2.23737E-1 4.12136E-1 2.0369E-1 3.23339E-1 4.53918E-1 2.14474E-1 3.99799E-1 5.41215E-1 4.60556E-1 4.12921E-1 3.98597E-1 4.12877E-1 4.22233E-1 5.05466E-1 3.38598E-1 5.37118E-1 3.38512E-1 2.12858E-1 1.80713E-1 1.75917E-1 3.42761E-1 3.11653E-1 4.56348E-1 4.05673E-1 3.44826E-1 3.49143E-1 3.10807E-2 1.26831E-1 1.72974E-1 1.66071E-1 5.06764E-1 5.33655E-1 4.37776E-1 5.11149E-1 3.6433E-1 2.99807E-1 3.80187E-1 4.11534E-1 3.66213E-1 3.44922E-1 2.66904E-1 2.554E-1
2.83541E-1 3.54123E-1 2.59457E-1 2.08692E-1 1.92837E-1 1.65558E-1 1.66692E-1 1.81694E-1 1.79629E-1 1.68905E-1 2.33608E-1 2.34037E-1 2.54943E-1 2.54134E-1 3.3475E-1 1.20429E-1 2.26025E-1 2.13757E-1 2.41749E-1 2.43862E-1 4.41502E-1 3.08206E-1 4.8904E-1 1.94148E-1 3.96585E-1 4.97951E-1 3.28302E-1 3.74509E-1 3.93165E-1 4.07508E-1 4.70255E-1 5.84749E-1 3.77163E-1 5.65916E-1 3.31701E-1 2.05798E-1 2.19724E-1 2.08788E-1 2.76672E-1 7.11211E-2 4.70439E-1 4.02866E-1 3.40519E-1 2.7657E-1 1.14592E-1 7.26324E-2 1.9846E-1 2.11351E-1 4.78892E-1 5.47728E-1 1.81231E-1 4.36784E-1 3.28163E-1 2.6184E-1 2.61224E-1 5.06211E-1 4.04782E-1 2.4809E-1 1.81646E-1 1.77567E-1
2.69476E-1 3.75169E-1 2.54512E-1 1.90764E-1 1.69163E-1 1.87127E-1 1.66881E-1 1.75425E-1 1.81096E-1 1.6426E-1 1.82055E-1 1.74144E-1 2.07523E-1 2.12861E-1 2.41308E-1 1.71572E-1 3.49827E-1 2.76733E-1 3.09834E-1 3.03972E-1 2.17758E-1 2.51532E-1 4.71727E-1 9.20638E-2 3.21695E-1 2.52004E-1 2.30184E-1 3.15026E-1 2.16499E-1 3.4403E-1 3.80849E-1 1.97572E-1 4.89428E-1 3.09205E-1 1.91473E-1 2.09831E-1 2.31856E-1 2.69545E-1 7.72205E-2 3.60204E-1 4.68982E-1 4.22456E-1 3.62609E-1 3.40012E-1 8.40421E-2 1.22331E-1 2.458E-1 2.97572E-1 4.42323E-1 4.03007E-1 3.37952E-1 3.9599E-1 3.8004E-1 2.85591E-1 2.3002E-1 2.59299E-1 2.4565E-1 2.22917E-1 1.40873E-1 1.16917E-1
3.18085E-1 3.82323E-1 2.49798E-1 1.95951E-1 1.77727E-1 1.95745E-1 1.72511E-1 1.62147E-1 1.67496E-1 1.85481E-1 1.8049E-1 1.88381E-1 2.07261E-1 2.13739E-1 2.33073E-1 3.87287E-1 9.54076E-2 2.82052E-1 3.16964E-1 3.09356E-1 2.11567E-1 2.92415E-1 2.99777E-1 3.51674E-1 3.47156E-1 1.22839E-1 2.81961E-1 3.22514E-1 2.99126E-1 3.96114E-2 5.48837E-2 1.74959E-1 2.27723E-1 1.97325E-1 2.1518E-1 2.63984E-1 3.16534E-1 3.16394E-1 3.36119E-1 3.29868E-1 4.03546E-1 3.64655E-1 3.21825E-1 2.72074E-1 1.67921E-1 1.94202E-1 2.37796E-1 2.98134E-1 3.48461E-1 4.07573E-1 4.40072E-1 4.34631E-1 3.63248E-1 3.16989E-1 2.76424E-1 2.90855E-1 2.27888E-1 1.95539E-1 1.64311E-1 1.47997E-1
4.19044E-1 3.8222E-1 2.33823E-1 2.07942E-1 2.10254E-1 2.1546E-1 1.80905E-1 1.55309E-1 1.4993E-1 1.52987E-1 1.9034E-1 1.68988E-1 1.8409E-1 1.76757E-1 2.1103E-1 2.89662E-1 2.71157E-1 3.79607E-1 3.38679E-1 3.11213E-1 2.36732E-1 3.24862E-1 3.90031E-1 2.2068E-1 3.05441E-1 3.20506E-1 2.12266E-1 2.71335E-1 6.64927E-2 2.83775E-1 1.38254E-1 1.93387E-1 2.13969E-1 2.01901E-1 2.4843E-1 3.2587E-1 4.23465E-2 3.56706E-1 3.24263E-1 2.97977E-1 3.84203E-1 3.26053E-1 2.92448E-1 2.90938E-1 2.47525E-1 6.37749E-2 2.48272E-1 4.44664E-1 4.52533E-1 4.61001E-1 4.53441E-1 4.08654E-1 3.11709E-1 2.81447E-1 2.27267E-1 1.64765E-1 1.59128E-1 1.81923E-1 1.43723E-1 1.32244E-1
3.03932E-1 2.97619E-1 2.33519E-1 2.46236E-1 2.1555E-1 2.22456E-1 1.84563E-1 1.6506E-1 1.3574E-1 1.4669E-1 1.7583E-1 1.66047E-1 1.65699E-1 1.80355E-1 2.02879E-1 2.7282E-1 3.41531E-1 3.00116E-1 4.58066E-1 3.27263E-1 2.60941E-1 3.58268E-1 3.25401E-1 3.17332E-1 3.12107E-1 3.24355E-1 2.24474E-1 2.79768E-1 1.28612E-1 2.66623E-1 1.42934E-1 2.11705E-1 1.55186E-1 2.69121E-1 2.75158E-1 3.35303E-1 3.06273E-1 3.10251E-1 2.69914E-1 2.67404E-1 3.49879E-1 2.8943E-1 2.68642E-1 2.54123E-1 3.23813E-1 9.21979E-2 2.54135E-1 3.73222E-1 4.10537E-1 3.82401E-1 3.33775E-1 3.08848E-1 3.06433E-1 2.55785E-1 1.77684E-1 1.24408E-1 9.37046E-2 1.2077E-1 1.37347E-1 1.49381E-1
1.36603E-1 3.27061E-1 2.56807E-1 2.44881E-1 2.58507E-1 2.51516E-1 2.07622E-1 1.82122E-1 1.47934E-1 1.30464E-1 1.49272E-1 1.65466E-1 1.73061E-1 1.82813E-1 2.15585E-1 2.74685E-1 2.839E-1 3.75047E-1 3.71749E-1 5.42355E-1 2.69404E-1 4.50471E-1 2.22617E-1 3.83891E-1 2.88521E-1 6.32507E-2 2.31698E-1 1.83429E-1 1.21919E-1 2.48618E-1 9.44595E-2 1.4557E-1 2.38275E-1 2.61355E-1 4.35717E-1 2.0827E-1 3.50205E-1 2.88761E-1 2.43961E-1 2.29491E-1 3.51252E-1 2.95614E-1 2.61097E-1 2.73952E-1 2.30438E-1 2.23359E-1 3.14464E-1 3.29381E-1 2.45364E-1 2.0413E-1 2.27566E-1 2.45512E-1 2.57827E-1 1.86434E-1 1.18472E-1 1.61819E-1 1.34914E-1 1.35639E-1 1.72759E-1 1.55866E-1
2.77686E-1 4.22939E-1 2.84969E-1 2.79548E-1 3.4403E-1 2.33784E-1 1.79142E-1 1.53867E-1 1.25692E-1 1.25714E-1 1.6067E-1 1.71328E-1 1.85564E-1 1.98974E-1 2.32147E-1 2.32427E-1 2.60815E-1 2.76126E-1 3.51572E-1 2.68413E-1 3.29056E-1 3.93858E-1 3.46491E-1 5.16782E-1 1.58598E-1 1.71173E-1 1.22559E-1 1.11549E-1 9.89984E-2 8.65054E-2 5.29665E-2 5.5756E-2 1.25523E-1 2.62348E-1 2.13869E-1 3.29462E-1 2.97923E-1 2.55536E-1 2.12755E-1 2.06761E-1 2.35307E-1 2.9236E-1 1.87753E-1 1.49974E-1 3.47234E-2 1.21174E-1 2.53412E-1 1.84268E-1 1.77579E-1 1.53207E-1 1.80922E-1 1.81112E-1 1.60711E-1 1.53739E-1 1.76697E-1 1.27835E-1 1.47819E-1 1.75039E-1 1.73161E-1 9.55189E-2
5.05824E-1 3.56945E-1 2.70155E-1 3.33814E-1 3.24551E-1 2.26122E-1 1.80769E-1 1.68528E-1 1.37453E-1 1.42327E-1 1.69448E-1 1.83117E-1 1.95838E-1 2.09416E-1 2.22414E-1 2.09977E-1 2.35385E-1 2.75343E-1 3.12358E-1 4.3382E-1 2.84794E-1 2.05453E-1 8.58085E-2 1.64272E-1 1.82336E-1 1.19398E-1 1.03043E-1 7.8201E-2 7.84547E-2 7.58438E-2 5.02321E-2 1.11558E-1 1.0559E-1 1.11181E-1 3.54434E-1 2.24509E-1 1.80737E-1 1.60559E-1 1.80056E-1 1.9543E-1 3.0562E-1 3.939E-1 1.95022E-1 1.22987E-1 6.46585E-2 1.01879E-1 1.17046E-1 2.33457E-1 2.26941E-1 2.18142E-1 1.94093E-1 1.65995E-1 1.37571E-1 1.66856E-1 1.45254E-1 1.12874E-1 1.88931E-1 1.91023E-1 1.88317E-1 1.01519E-1
3.28471E-1 2.88981E-1 2.62122E-1 3.81044E-1 3.24032E-1 2.16619E-1 1.91093E-1 1.76047E-1 1.57562E-1 1.59282E-1 1.84226E-1 1.90504E-1 2.02917E-1 2.21648E-1 2.37667E-1 2.233E-1 2.516E-1 3.00928E-1 3.90682E-1 4.90352E-1 2.81158E-1 5.06211E-1 1.93979E-1 1.70108E-1 2.45287E-1 1.57798E-1 1.28455E-1 8.51627E-2 8.01198E-2 5.86036E-2 4.26173E-2 1.01583E-1 8.78711E-2 9.4705E-2 1.58379E-1 1.39398E-1 1.01277E-1 1.99603E-1 1.77515E-1 1.87842E-1 2.59436E-1 2.79021E-1 1.31457E-1 2.00406E-1 1.89518E-1 1.66137E-1 9.01826E-2 1.14004E-1 2.566E-1 1.79727E-1 1.64407E-1 1.31298E-1 1.43815E-1 1.48011E-1 1.38975E-1 1.17141E-1 1.73101E-1 2.22082E-1 1.69611E-1 1.14212E-1
3.52581E-1 3.0721E-1 3.38406E-1 1.20137E-1 3.48176E-1 2.30703E-1 1.95525E-1 2.01444E-1 1.53265E-1 1.61712E-1 2.14261E-1 2.2291E-1 2.1621E-1 2.34578E-1 2.45015E-1 2.25738E-1 2.51833E-1 3.05682E-1 3.85537E-1 5.26134E-1 1.74626E-1 2.6639E-1 2.1322E-1 7.01353E-2 3.08501E-1 2.0338E-1 1.54243E-1 1.10228E-1 1.02199E-1 8.57912E-2 6.55122E-2 7.87857E-2 8.81894E-2 8.21833E-2 8.96106E-2 2.60914E-1 2.45309E-1 2.06087E-1 2.51068E-1 2.6319E-1 3.48483E-1 3.55966E-1 2.11708E-1 1.19023E-1 1.00842E-1 7.53239E-2 1.65774E-1 1.62872E-1 1.47892E-1 1.15818E-1 1.12189E-1 9.99956E-2 1.57203E-1 1.63874E-1 1.64845E-1 1.39963E-1 1.43124E-1 1.42877E-1 1.4093E-1 1.3388E-1
3.98402E-1 3.36801E-1 2.45696E-1 2.20446E-1 1.70144E-1 2.18413E-1 2.05405E-1 1.96007E-1 1.51639E-1 1.83634E-1 2.56222E-1 2.53529E-1 2.46916E-1 2.52102E-1 2.49477E-1 2.23147E-1 2.58889E-1 3.14139E-1 3.8544E-1 1.21492E-1 2.18338E-1 2.62301E-1 1.95978E-1 2.84324E-1 6.12744E-2 2.2527E-1 1.71157E-1 1.32965E-1 1.1534E-1 1.06809E-1 9.35659E-2 6.59229E-2 6.77593E-2 7.43582E-2 9.08908E-2 2.55233E-1 2.9936E-1 3.28602E-1 3.33521E-1 3.53224E-1 4.47876E-1 4.52957E-1 3.19572E-1 6.00606E-2 1.77593E-1 1.05338E-1 1.92688E-1 2.16053E-1 1.32259E-1 9.83837E-2 1.14839E-1 1.50113E-1 1.8339E-1 1.87291E-1 2.023E-1 1.90184E-1 2.17539E-1 2.1202E-1 1.76204E-1 1.56863E-1
3.14958E-1 2.77398E-1 2.34855E-1 1.9499E-1 6.09756E-2 3.19385E-1 2.68264E-1 2.28127E-1 2.11222E-1 2.60532E-1 2.58378E-1 2.5554E-1 2.80657E-1 2.65598E-1 2.29006E-1 2.77435E-1 3.05097E-1 3.67603E-1 4.40024E-1 1.84077E-1 1.60022E-1 1.83544E-1 1.33271E-1 1.00225E-1 2.41422E-1 1.3145E-1 1.05775E-1 1.03107E-1 9.83065E-2 1.007E-1 1.80153E-1 1.75775E-1 1.7459E-1 2.14207E-1 2.5038E-1 3.5966E-1 4.43768E-1 2.25333E-1 5.07625E-1 5.04208E-1 4.32647E-1 4.51708E-1 3.9501E-1 9.41103E-2 2.12688E-1 1.94695E-1 1.91718E-1 9.67552E-2 1.13692E-1 9.59897E-2 1.16717E-1 1.46588E-1 1.58935E-1 1.8695E-1 2.39507E-1 2.71013E-1 3.03441E-1 2.79451E-1 2.28455E-1 1.56045E-1
3.50567E-1 3.06091E-1 2.54761E-1 2.16525E-1 2.91783E-1 3.85517E-1 2.67287E-1 2.51555E-1 2.38143E-1 2.95895E-1 2.70335E-1 2.8795E-1 3.56761E-1 2.9238E-1 2.43741E-1 3.04874E-1 3.2856E-1 2.77507E-1 2.56933E-1 4.90541E-1 2.28896E-1 1.92039E-1 1.45885E-1 7.97199E-2 8.49508E-2 1.37425E-1 1.52654E-1 1.10363E-1 8.56711E-2 9.14021E-2 1.60159E-1 2.29849E-1 2.32637E-1 2.7287E-1 3.44499E-1 4.48085E-1 5.36007E-1 5.08725E-1 5.39814E-1 5.28338E-1 4.816E-1 2.18248E-1 4.36859E-1 8.48797E-2 2.2894E-1 2.58745E-1 1.20204E-1 1.04072E-1 1.16814E-1 1.2283E-1 1.37944E-1 1.54655E-1 1.76503E-1 2.26599E-1 3.11713E-1 3.72167E-1 4.14721E-1 3.60627E-1 3.11049E-1 2.0092E-1
3.79999E-1 2.97405E-1 2.46702E-1 2.11396E-1 2.63539E-1 2.48943E-1 2.73476E-1 2.68897E-1 2.53419E-1 3.13061E-1 3.01092E-1 3.26912E-1 4.16675E-1 3.36577E-1 2.80442E-1 3.42507E-1 3.62191E-1 5.00621E-1 4.93626E-1 3.49659E-1 2.63615E-1 1.89275E-1 1.37765E-1 8.07881E-2 5.71124E-2 1.0766E-1 9.03924E-2 1.347E-1 8.31223E-2 1.03457E-1 1.86919E-1 2.31922E-1 2.36343E-1 2.86313E-1 3.84495E-1 5.30386E-1 4.32509E-1 6.22216E-1 5.96212E-1 6.1602E-1 5.4392E-1 9.4815E-2 4.15818E-1 2.74169E-1 1.46916E-1 1.69901E-1 1.48761E-1 1.29789E-1 1.26469E-1 1.59808E-1 1.59985E-1 1.72679E-1 1.87855E-1 2.58476E-1 3.77781E-1 4.71796E-1 4.8092E-1 2.6034E-1 3.51518E-1 3.42983E-1
