INPUT/RASTER/ASCII/aspect.asc
ncols        225
nrows        269
xllcorner    473009.983799999987
yllcorner    4429051.174800000153
cellsize     50.000000000000
NODATA_value -9999
[rows 38 to 56 of 269, columns 88 to 131 of 225]
83.7808074951171875 117.76885986328125 232.548614501953125 241.236297607421875 242.5892333984375 243.322113037109375 227.7210235595703125 216.8629302978515625 199.3914642333984375 179.259735107421875 160.408416748046875 149.435455322265625 151.0408935546875 159.1538238525390625 174.646575927734375 159.7786407470703125 144.5779876708984375 138.2507781982421875 128.6319427490234375 141.1162872314453125 140.9756622314453125 140.18011474609375 137.7242889404296875 137.4152374267578125 138.55609130859375 144.5308837890625 147.377716064453125 145.916107177734375 181.9435882568359375 260.824188232421875 206.895233154296875 85.83453369140625 67.4214324951171875 56.980396270751953125 52.124462127685546875 48.723979949951171875 52.20049285888671875 51.095058441162109375 61.6248016357421875 78.4247894287109375 98.4232025146484375 114.8078765869140625 129.1367340087890625 136.4852447509765625
54.16152191162109375 55.617961883544921875 229.9973907470703125 255.114501953125 247.1793060302734375 243.51544189453125 227.0163726806640625 213.926788330078125 194.271331787109375 174.2219696044921875 160.583099365234375 149.962188720703125 146.62518310546875 149.2277374267578125 155.5670013427734375 154.2894287109375 145.4071197509765625 142.2862396240234375 136.556732177734375 158.1811676025390625 155.9777069091796875 148.6748046875 146.750732421875 148.4103851318359375 153.5475006103515625 172.2578582763671875 178.3355712890625 192.354583740234375 228.6449127197265625 225.2451324462890625 147.3001708984375 81.84466552734375 69.133575439453125 60.46457672119140625 57.27739715576171875 62.089435577392578125 74.43303680419921875 82.453155517578125 80.465087890625 75.05799102783203125 85.92421722412109375 99.917144775390625 116.8511962890625 130.7678680419921875
116.4225006103515625 104.15425872802734375 279.4932861328125 268.43359375 249.035919189453125 241.15789794921875 225.8875579833984375 200.804779052734375 181.7549896240234375 160.8667755126953125 160.0561370849609375 162.0984649658203125 161.4489593505859375 157.646575927734375 157.197906494140625 154.4101104736328125 145.45330810546875 141.8017578125 140.8125152587890625 170.327484130859375 177.4300537109375 163.429718017578125 157.3196258544921875 168.376953125 185.049072265625 214.9571075439453125 217.7838897705078125 218.3132171630859375 202.315216064453125 163.2010650634765625 117.2391357421875 75.47217559814453125 67.608856201171875 65.528900146484375 77.63045501708984375 94.88187408447265625 113.5523681640625 130.0596771240234375 139.8574371337890625 115.12679290771484375 103.93573760986328125 100.15216827392578125 109.34894561767578125 116.6761474609375
152.8570098876953125 186.7034149169921875 266.160888671875 257.122802734375 246.1008758544921875 237.4909820556640625 218.1764984130859375 191.0897369384765625 173.2796783447265625 152.0531005859375 150.430145263671875 153.4489288330078125 163.5457611083984375 160.7877349853515625 158.200714111328125 153.5 142.3601531982421875 133.6512908935546875 125.54931640625 153.5529022216796875 165.9454193115234375 164.074432373046875 168.6051025390625 192.83380126953125 211.4683837890625 228.1780853271484375 194.3817291259765625 168.20611572265625 154.1320648193359375 140.1678466796875 119.4420623779296875 71.45777130126953125 57.857189178466796875 71.89786529541015625 96.07354736328125 112.22502899169921875 124.7034912109375 132.1466217041015625 137.7079315185546875 128.481201171875 119.69055938720703125 108.610565185546875 109.4018707275390625 114.25000762939453125
206.318206787109375 216.488189697265625 240.9570770263671875 239.940582275390625 234.113555908203125 221.92120361328125 204.22760009765625 189.4438934326171875 174.5976715087890625 163.0759429931640625 157.132904052734375 147.014373779296875 161.5712738037109375 169.0128936767578125 165.5435791015625 159.7081298828125 147.16015625 135.638763427734375 122.541046142578125 140.853485107421875 149.5693817138671875 156.9881134033203125 174.3903656005859375 200.947021484375 216.378814697265625 232.646484375 173.674468994140625 106.35733795166015625 109.8862457275390625 139.160186767578125 155.456329345703125 129.4838104248046875 79.09455108642578125 92.7859344482421875 110.20040130615234375 117.0941925048828125 122.27883148193359375 123.967376708984375 124.78011322021484375 117.628387451171875 116.05517578125 107.48926544189453125 101.46368408203125 102.95684814453125
228.3463592529296875 217.357666015625 225.7420806884765625 222.003387451171875 216.0740509033203125 204.47979736328125 196.33526611328125 189.136260986328125 177.12493896484375 166.0710601806640625 159.9297332763671875 144.6048736572265625 149.6509246826171875 177.2697296142578125 172.84344482421875 164.6217041015625 149.9888153076171875 139.322540283203125 129.5313873291015625 138.6962738037109375 143.0788116455078125 150.697479248046875 172.317840576171875 203.8266754150390625 214.6622772216796875 221.7380218505859375 215.9275970458984375 179.651519775390625 159.4819183349609375 164.4959869384765625 170.964019775390625 173.9452667236328125 153.444366455078125 131.7142181396484375 129.4916839599609375 129.331024169921875 130.25128173828125 128.4626617431640625 127.12931060791015625 117.9311370849609375 107.3925933837890625 102.40560150146484375 98.82872772216796875 94.75588226318359375
231.3959503173828125 221.1498565673828125 218.8198089599609375 204.9668426513671875 192.01165771484375 186.7812042236328125 195.652191162109375 194.6158905029296875 182.402496337890625 168.699188232421875 159.336029052734375 143.2412872314453125 137.4969024658203125 174.0110015869140625 186.26910400390625 176.461090087890625 151.3516998291015625 143.519744873046875 137.6689453125 141.2782135009765625 142.3233795166015625 148.5705108642578125 169.0421600341796875 203.1333465576171875 210.7619171142578125 216.98797607421875 221.7609100341796875 217.0821075439453125 181.877044677734375 163.0042572021484375 164.0015106201171875 165.635528564453125 159.09478759765625 143.97509765625 136.8329925537109375 132.4541473388671875 129.83819580078125 125.3342742919921875 122.5769195556640625 113.29300689697265625 99.8426055908203125 93.259979248046875 90.7200469970703125 80.57439422607421875
227.3443450927734375 214.983673095703125 206.776397705078125 179.896697998046875 177.8583221435546875 185.605010986328125 209.71099853515625 207.093505859375 188.0213775634765625 172.6386566162109375 158.90478515625 137.3209991455078125 139.5260467529296875 163.841796875 173.8004913330078125 175.2225799560546875 153.4701690673828125 142.998748779296875 138.2882537841796875 137.3594512939453125 134.500091552734375 145.00469970703125 170.8700103759765625 199.0174560546875 212.6138916015625 220.8966217041015625 233.324066162109375 242.6677703857421875 187.175537109375 150.8995513916015625 156.4731292724609375 158.5448760986328125 156.0046234130859375 146.8564453125 140.917755126953125 136.03057861328125 132.4320831298828125 126.799346923828125 123.8379364013671875 113.7586212158203125 101.33861541748046875 79.07749176025390625 69.97922515869140625 66.18523406982421875
230.7375030517578125 214.1327362060546875 203.6579742431640625 181.8721160888671875 184.358642578125 202.9667816162109375 235.249053955078125 221.779266357421875 193.0676116943359375 172.580474853515625 153.41046142578125 129.3866424560546875 135.547607421875 158.9245147705078125 165.0638427734375 165.8868865966796875 156.117156982421875 149.26788330078125 147.0339202880859375 143.252685546875 142.7343902587890625 160.3159332275390625 183.9902801513671875 199.5688629150390625 210.4732666015625 220.6000823974609375 236.026123046875 240.7228851318359375 177.3716888427734375 156.1618194580078125 160.8495025634765625 161.454193115234375 158.742095947265625 151.43463134765625 146.019927978515625 141.0645904541015625 137.054107666015625 129.5592803955078125 124.16307830810546875 115.04929351806640625 106.9051971435546875 70.09759521484375 53.55194091796875 59.192867279052734375
226.4659423828125 210.280303955078125 204.421051025390625 192.5951995849609375 195.3742523193359375 213.91412353515625 224.4686737060546875 216.5570068359375 197.2386322021484375 151.9471588134765625 120.2701568603515625 118.69866180419921875 131.0275421142578125 151.1456146240234375 158.5088958740234375 159.6241912841796875 151.0045013427734375 144.631072998046875 144.1858978271484375 140.686065673828125 145.5979766845703125 178.4512786865234375 199.7490997314453125 213.5377960205078125 223.8107452392578125 234.1690216064453125 243.7834014892578125 232.8271331787109375 188.825927734375 167.962890625 162.9540252685546875 162.2662353515625 159.9611663818359375 150.1504364013671875 146.2584686279296875 143.2813568115234375 139.991607666015625 132.3342742919921875 128.5080108642578125 120.375579833984375 112.79824066162109375 95.5447998046875 83.49463653564453125 65.27794647216796875
228.209625244140625 215.9616546630859375 211.12615966796875 203.550140380859375 208.3340911865234375 217.790313720703125 216.9308319091796875 211.14593505859375 202.942901611328125 193.5815582275390625 165.9980316162109375 143.410675048828125 141.1874542236328125 152.6506195068359375 159.1960601806640625 159.8691558837890625 150.961944580078125 147.8875885009765625 147.2846221923828125 140.8326568603515625 151.0282440185546875 192.6805877685546875 206.3762969970703125 217.354949951171875 226.6080474853515625 236.8162384033203125 243.071319580078125 230.5879058837890625 205.4144287109375 180.8028564453125 167.9496307373046875 165.398956298828125 166.6073455810546875 163.0495452880859375 158.16845703125 152.5788116455078125 150.79595947265625 141.81719970703125 139.579498291015625 128.4564208984375 120.50521087646484375 114.57201385498046875 113.22530364990234375 96.10413360595703125
212.363250732421875 220.448272705078125 211.87701416015625 205.10040283203125 208.217010498046875 215.4849090576171875 215.4593963623046875 211.982513427734375 203.8753662109375 193.8575286865234375 173.3128509521484375 153.716522216796875 148.7959442138671875 154.783966064453125 158.938690185546875 158.222625732421875 149.4778289794921875 147.04034423828125 144.4586029052734375 134.7111968994140625 145.5455322265625 205.8965301513671875 222.943511962890625 235.4004058837890625 241.59588623046875 250.2988433837890625 257.38946533203125 255.68560791015625 237.44842529296875 192.8380126953125 156.7388458251953125 149.3809356689453125 155.748199462890625 164.56396484375 168.6429290771484375 159.4904937744140625 155.40704345703125 145.347198486328125 142.82623291015625 130.11029052734375 133.198272705078125 129.438018798828125 137.5690155029296875 142.0484619140625
210.3797149658203125 231.3670806884765625 213.11126708984375 200.6121978759765625 203.9282989501953125 216.46124267578125 215.5402984619140625 212.9600372314453125 203.9933929443359375 193.0373992919921875 172.280670166015625 158.1116485595703125 155.1649627685546875 159.4225921630859375 159.724365234375 159.030487060546875 158.9488525390625 162.1064300537109375 157.28009033203125 143.8289794921875 152.507293701171875 196.9119873046875 229.3436737060546875 237.2574615478515625 239.775665283203125 246.2927093505859375 259.204498291015625 282.449462890625 284.323211669921875 162.248199462890625 112.06232452392578125 124.4042510986328125 139.8356781005859375 157.973602294921875 159.6955413818359375 160.66693115234375 170.476165771484375 160.733367919921875 154.53863525390625 141.4208831787109375 138.8509521484375 143.3258514404296875 151.7245941162109375 158.0794677734375
201.2799072265625 227.3054962158203125 197.6078643798828125 180.670440673828125 206.6239013671875 227.5550537109375 216.83319091796875 209.29046630859375 198.9043121337890625 190.3138427734375 176.6638336181640625 161.9196929931640625 148.7541351318359375 147.36407470703125 145.857269287109375 147.129791259765625 154.6993408203125 169.2574310302734375 170.9824371337890625 168.052490234375 175.8278350830078125 193.980743408203125 231.2732086181640625 240.0913543701171875 238.0617523193359375 240.8593597412109375 250.4210357666015625 271.670501708984375 263.575836181640625 61.5182647705078125 55.428569793701171875 65.75081634521484375 77.74983978271484375 87.5202178955078125 95.86297607421875 96.2215423583984375 110.78803253173828125 111.7917022705078125 119.99204254150390625 130.6165771484375 135.4501495361328125 140.4163360595703125 152.690399169921875 168.49420166015625
189.247589111328125 215.7929840087890625 188.3333740234375 190.519744873046875 216.201873779296875 235.0113983154296875 216.8895416259765625 201.9790802001953125 191.29010009765625 191.8984527587890625 194.3497772216796875 178.9003448486328125 146.801361083984375 135.9990386962890625 134.5617218017578125 133.962890625 144.425537109375 164.241455078125 177.1351165771484375 183.284912109375 189.422607421875 199.6227874755859375 212.9886627197265625 223.547698974609375 216.646575927734375 213.8072509765625 232.2068634033203125 249.8079376220703125 209.018524169921875 100.21596527099609375 58.797679901123046875 43.45244598388671875 39.704975128173828125 32.655178070068359375 46.759124755859375 69.65189361572265625 88.6675872802734375 103.0604400634765625 129.0823974609375 126.76674652099609375 132.478729248046875 141.5647430419921875 165.54583740234375 197.1455230712890625
182.2600250244140625 210.893798828125 204.3753204345703125 210.96038818359375 220.23223876953125 222.574127197265625 206.105316162109375 191.4349365234375 187.0430908203125 202.951141357421875 211.544189453125 194.8822479248046875 146.1896209716796875 120.82758331298828125 124.110015869140625 123.58229827880859375 132.3914337158203125 157.096282958984375 177.94940185546875 186.0347900390625 192.4445037841796875 201.6520843505859375 210.4347686767578125 220.17315673828125 213.3538055419921875 212.191253662109375 247.040283203125 257.818084716796875 236.593658447265625 193.6587982177734375 91.725830078125 36.0065765380859375 36.4913177490234375 34.817096710205078125 34.377017974853515625 45.9749298095703125 75.0485382080078125 97.31726837158203125 106.6371612548828125 106.88455963134765625 114.10407257080078125 120.16300201416015625 185.0236968994140625 243.1625213623046875
102.3344879150390625 191.977447509765625 221.656341552734375 227.9996490478515625 219.993621826171875 213.683563232421875 203.6526947021484375 202.064666748046875 214.969512939453125 234.8458709716796875 230.5179901123046875 216.5486297607421875 156.959716796875 112.053558349609375 114.5366058349609375 118.33112335205078125 124.06388092041015625 141.2603912353515625 178.2330322265625 186.6898345947265625 192.347625732421875 200.95721435546875 211.0654449462890625 222.51513671875 225.7480316162109375 231.6170654296875 248.3914947509765625 264.379364013671875 254.395965576171875 269.92657470703125 259.885589599609375 60.0294342041015625 28.177206039428710938 34.217498779296875 30.019006729125976563 33.470005035400390625 42.6602020263671875 70.69051361083984375 91.9728240966796875 105.60601043701171875 119.25580596923828125 126.21540069580078125 211.6616973876953125 261.240814208984375
82.2030487060546875 124.132598876953125 226.69439697265625 231.632537841796875 217.268829345703125 216.3719482421875 214.9408111572265625 214.439453125 222.64093017578125 233.769195556640625 231.83453369140625 211.753265380859375 168.9681549072265625 129.72491455078125 125.2806854248046875 125.25214385986328125 125.61515045166015625 127.73723602294921875 165.1230621337890625 182.7061614990234375 190.6483306884765625 204.3009185791015625 217.4321746826171875 230.5251007080078125 236.48095703125 242.5475006103515625 255.59332275390625 248.1690216064453125 248.0045013427734375 271.135955810546875 292.615753173828125 79.09075927734375 40.762149810791015625 50.13245391845703125 48.7412567138671875 49.6007843017578125 71.587799072265625 74.9640350341796875 86.24456787109375 103.42337799072265625 115.21128082275390625 134.7506103515625 230.7776336669921875 267.980316162109375
93.94675445556640625 102.76154327392578125 205.8554229736328125 236.1751861572265625 231.934722900390625 232.792572021484375 227.5943450927734375 223.1810150146484375 226.6633453369140625 226.412933349609375 220.9606170654296875 188.4512939453125 157.689208984375 140.882232666015625 134.1692047119140625 130.6066131591796875 130.21441650390625 127.42882537841796875 142.791839599609375 162.99755859375 185.5082855224609375 211.9830780029296875 226.3676605224609375 237.5971832275390625 243.3765716552734375 249.9329833984375 259.453704833984375 249.127105712890625 247.476593017578125 251.3682403564453125 250.3053436279296875 86.10137939453125 61.4501190185546875 61.6741485595703125 78.08557891845703125 109.861083984375 135.4945526123046875 120.04349517822265625 121.6214599609375 121.466064453125 128.2977752685546875 151.5949249267578125 234.5171356201171875 270.256561279296875
