INPUT/RASTER/ASCII/aspect.asc
ncols        225
nrows        269
xllcorner    473009.983799999987
yllcorner    4429051.174800000153
cellsize     50.000000000000
NODATA_value -9999
[rows 95 to 113 of 269, columns 132 to 175 of 225]
141.1291351318359375 153.12481689453125 197.54449462890625 207.88372802734375 201.1832122802734375 203.8289031982421875 167.04974365234375 124.77748870849609375 133.2495880126953125 131.7606964111328125 120.74907684326171875 223.9503936767578125 277.215850830078125 281.518798828125 285.9674072265625 306.94775390625 301.64019775390625 302.417938232421875 295.5867919921875 298.012298583984375 250.7317352294921875 83.42700958251953125 49.23191070556640625 76.44483184814453125 93.6287994384765625 92.4621429443359375 89.02553558349609375 88.15655517578125 98.21637725830078125 119.1638336181640625 139.192413330078125 150.755889892578125 164.295867919921875 191.9543914794921875 223.838897705078125 226.1470947265625 234.1579132080078125 230.53106689453125 244.1755828857421875 248.755096435546875 242.299896240234375 227.2357177734375 225.8028411865234375 218.451141357421875
145.6652679443359375 171.5654144287109375 203.7268829345703125 207.243408203125 198.2838592529296875 193.5645294189453125 170.7074432373046875 135.4282989501953125 133.416351318359375 106.85657501220703125 118.31690216064453125 264.56524658203125 291.316802978515625 293.724151611328125 293.733154296875 313.58123779296875 303.86346435546875 299.564453125 276.33099365234375 260.14312744140625 246.6112518310546875 168.855926513671875 101.91460418701171875 101.5417022705078125 103.40171051025390625 97.63655853271484375 88.42201995849609375 83.7103729248046875 85.7013092041015625 108.6097259521484375 131.819915771484375 150.6893310546875 168.0049285888671875 202.18634033203125 229.7805023193359375 232.1662750244140625 237.9686431884765625 232.35760498046875 239.412994384765625 241.032196044921875 240.8602752685546875 230.6459808349609375 225.6564178466796875 215.812225341796875
137.3010711669921875 167.4124755859375 208.639373779296875 211.3458099365234375 196.877471923828125 184.9193572998046875 162.7323455810546875 127.83348846435546875 99.60063934326171875 91.35094451904296875 187.9564666748046875 295.46044921875 294.422149658203125 294.66912841796875 295.0294189453125 312.667999267578125 306.19146728515625 301.2205810546875 259.687591552734375 227.0949554443359375 207.3117218017578125 165.5708160400390625 133.0511322021484375 117.53427886962890625 97.48009490966796875 89.11502838134765625 83.3452606201171875 82.9141082763671875 83.86224365234375 94.79241180419921875 109.0482025146484375 143.418609619140625 174.4385986328125 222.172607421875 244.7781829833984375 237.3953704833984375 238.3083953857421875 230.05670166015625 235.8509063720703125 232.9519500732421875 227.4045562744140625 225.9311981201171875 228.2020721435546875 223.209747314453125
149.9819488525390625 180.7252197265625 212.1215057373046875 222.265350341796875 201.25408935546875 166.710540771484375 142.3568115234375 105.98015594482421875 90.59174346923828125 114.9717864990234375 255.8379974365234375 298.046356201171875 295.69775390625 290.959747314453125 289.31787109375 327.196380615234375 305.3543701171875 249.287628173828125 193.6474456787109375 180.3266143798828125 170.2026519775390625 144.3034515380859375 130.963653564453125 121.46135711669921875 100.61104583740234375 86.9472198486328125 76.1783294677734375 78.67767333984375 82.70389556884765625 97.75518798828125 106.47364044189453125 130.9387969970703125 168.131591796875 260.177642822265625 254.6586151123046875 231.0100860595703125 231.66070556640625 223.5297088623046875 227.9268646240234375 225.4420318603515625 234.2275390625 240.8148956298828125 242.41754150390625 236.9389801025390625
177.86572265625 194.5869140625 208.9819488525390625 243.0850982666015625 205.304534912109375 119.32807159423828125 115.81923675537109375 91.834747314453125 93.44776153564453125 216.8186187744140625 304.839691162109375 305.1025390625 300.47662353515625 296.679718017578125 292.557525634765625 285.6524658203125 111.27950286865234375 48.432666778564453125 94.32389068603515625 131.1017303466796875 132.6370697021484375 119.7789306640625 112.7251739501953125 110.54366302490234375 100.8397674560546875 86.23096466064453125 77.4489288330078125 81.17181396484375 82.25927734375 96.50170135498046875 100.39479827880859375 99.75115203857421875 143.5947418212890625 222.1464080810546875 226.665374755859375 226.6302490234375 227.2710113525390625 217.221405029296875 221.16680908203125 223.65887451171875 240.211883544921875 254.0076751708984375 258.91583251953125 255.01141357421875
196.9062347412109375 209.7967071533203125 215.3541259765625 231.83770751953125 185.3739776611328125 125.1418304443359375 120.061981201171875 106.06752777099609375 98.35793304443359375 229.7383270263671875 291.2430419921875 304.119964599609375 307.02130126953125 307.24493408203125 304.740325927734375 240.708221435546875 61.85833740234375 54.897655487060546875 91.48146820068359375 116.5730743408203125 127.73397064208984375 125.0525360107421875 115.9330902099609375 112.98696136474609375 108.435089111328125 94.4614410400390625 87.60231781005859375 86.06099700927734375 85.0803985595703125 93.4657745361328125 107.89107513427734375 142.2306365966796875 192.0121917724609375 196.4429931640625 195.4135284423828125 211.0517120361328125 213.5467529296875 204.344268798828125 210.3416595458984375 217.0387725830078125 231.3115081787109375 240.11651611328125 257.36004638671875 268.736297607421875
203.567474365234375 209.2943267822265625 211.4578094482421875 217.530181884765625 203.534820556640625 186.20635986328125 193.1583709716796875 193.5734405517578125 158.0922393798828125 261.091278076171875 290.035980224609375 302.06109619140625 308.1312255859375 299.286773681640625 279.68524169921875 219.642120361328125 122.1328125 99.7520599365234375 105.476806640625 116.809600830078125 122.05768585205078125 118.30329132080078125 115.6531982421875 118.966827392578125 111.85318756103515625 99.39522552490234375 93.36995697021484375 90.5521392822265625 89.38816070556640625 94.99979400634765625 106.17308807373046875 155.4629364013671875 220.2490386962890625 242.1294097900390625 215.4902801513671875 200.67279052734375 199.31195068359375 193.085205078125 206.1350250244140625 215.3933563232421875 229.1180267333984375 236.3697967529296875 243.045379638671875 254.02850341796875
216.58380126953125 217.881134033203125 216.4832916259765625 219.2147674560546875 214.69744873046875 214.625701904296875 213.532989501953125 228.171783447265625 248.142120361328125 281.97674560546875 288.375640869140625 296.91717529296875 292.318206787109375 285.193206787109375 270.224334716796875 203.842132568359375 130.7723388671875 124.604644775390625 128.99310302734375 134.7767486572265625 129.870574951171875 124.38684844970703125 123.60442352294921875 125.93183135986328125 117.37293243408203125 95.55094146728515625 93.8786468505859375 97.34784698486328125 100.8775177001953125 107.376861572265625 108.75975799560546875 163.180328369140625 248.8955841064453125 242.240325927734375 194.9180755615234375 191.291961669921875 183.3188934326171875 183.915283203125 197.5606231689453125 200.936614990234375 222.280517578125 231.15374755859375 228.4278717041015625 224.8180389404296875
208.9768524169921875 210.598968505859375 209.2530517578125 211.6174468994140625 208.0804901123046875 211.596038818359375 210.450042724609375 222.780242919921875 245.433685302734375 272.1422119140625 274.213653564453125 271.609222412109375 269.211883544921875 273.841033935546875 279.53851318359375 162.5743255615234375 107.57808685302734375 117.6721954345703125 126.8034210205078125 138.3850860595703125 133.17486572265625 120.13053131103515625 117.482635498046875 120.1134185791015625 125.2610015869140625 108.69922637939453125 101.81920623779296875 105.01507568359375 108.72353363037109375 112.25083160400390625 108.4763641357421875 161.5765380859375 254.2808074951171875 220.862274169921875 177.5463714599609375 177.38385009765625 174.2947998046875 180.6679534912109375 189.8562164306640625 199.7444000244140625 226.78924560546875 229.745269775390625 223.3697052001953125 219.27850341796875
212.8992156982421875 214.4784088134765625 213.3767242431640625 215.9895172119140625 211.6326904296875 219.4244384765625 217.45684814453125 223.5618133544921875 231.5767059326171875 250.931243896484375 245.0465545654296875 231.3675689697265625 243.1297149658203125 257.484710693359375 269.652069091796875 117.55401611328125 107.92415618896484375 119.511962890625 123.6736907958984375 145.2265777587890625 155.076019287109375 139.7222442626953125 131.384124755859375 130.7737884521484375 143.0354766845703125 130.24334716796875 115.11407470703125 113.76259613037109375 114.97475433349609375 113.2663116455078125 107.31932830810546875 187.5293121337890625 236.3482666015625 213.4105987548828125 202.21124267578125 190.9092864990234375 181.6212921142578125 185.922760009765625 194.527008056640625 200.4698028564453125 215.9725494384765625 220.0255889892578125 217.409912109375 215.4560546875
205.2848052978515625 209.0064849853515625 217.626190185546875 215.6143646240234375 199.806732177734375 210.6262664794921875 208.4596405029296875 213.38232421875 223.267303466796875 237.6505889892578125 225.0117034912109375 214.04583740234375 211.7587890625 210.8864288330078125 209.3602142333984375 158.8928070068359375 146.01800537109375 134.711944580078125 112.58599853515625 124.5734710693359375 143.3826141357421875 149.8238983154296875 150.4394683837890625 139.7304840087890625 147.344573974609375 139.93109130859375 127.8593292236328125 114.846099853515625 109.8104705810546875 107.16799163818359375 102.2643585205078125 120.29376983642578125 145.8317413330078125 212.1026763916015625 220.1565704345703125 205.86077880859375 188.981903076171875 190.6049957275390625 199.447174072265625 202.5989532470703125 212.233489990234375 216.1402130126953125 221.20843505859375 219.03240966796875
207.6139068603515625 216.4863433837890625 239.3729248046875 215.7238616943359375 174.1594390869140625 210.4375457763671875 213.78680419921875 218.2457122802734375 232.2741241455078125 240.748779296875 222.1579742431640625 213.857818603515625 208.2230682373046875 191.1042022705078125 177.4095916748046875 181.920135498046875 182.7936553955078125 150.0265045166015625 102.59751129150390625 95.7350006103515625 112.66546630859375 130.50164794921875 149.40496826171875 142.9747467041015625 142.6880645751953125 134.2359771728515625 132.78631591796875 116.4108734130859375 105.03985595703125 102.137115478515625 98.323150634765625 125.57485198974609375 165.3568878173828125 208.5706634521484375 230.3147430419921875 209.8131866455078125 190.9179840087890625 190.0366973876953125 198.6123199462890625 202.4468841552734375 209.1317291259765625 217.0182342529296875 226.9606781005859375 216.859527587890625
207.4458160400390625 209.287750244140625 210.0938262939453125 200.68408203125 181.642852783203125 199.0691070556640625 206.3650054931640625 207.1694183349609375 216.527587890625 214.4160919189453125 202.149444580078125 199.3852691650390625 191.165191650390625 179.2607421875 178.0771942138671875 193.8723297119140625 194.679107666015625 160.4807586669921875 122.1366424560546875 97.59604644775390625 84.80252838134765625 99.1861724853515625 134.72601318359375 138.1951141357421875 137.6754608154296875 120.685943603515625 120.95119476318359375 119.04164886474609375 112.24755096435546875 110.2425384521484375 109.883819580078125 138.0749969482421875 173.541595458984375 203.7227020263671875 224.7042083740234375 210.414306640625 190.0160369873046875 185.5580596923828125 202.930633544921875 210.8426971435546875 219.9443511962890625 231.730316162109375 226.8264007568359375 223.863128662109375
217.26806640625 214.7765960693359375 210.378631591796875 210.606048583984375 203.2426300048828125 210.0875091552734375 212.91986083984375 212.146087646484375 214.17401123046875 212.2633514404296875 209.662567138671875 198.293060302734375 178.3805694580078125 167.431640625 185.077545166015625 202.6925811767578125 205.6505584716796875 162.8180389404296875 151.91107177734375 115.35284423828125 100.912628173828125 108.11322021484375 131.9967193603515625 148.92724609375 144.641876220703125 115.8624725341796875 109.59888458251953125 116.0555877685546875 118.87468719482421875 121.739471435546875 124.07604217529296875 146.841644287109375 172.99365234375 178.2301025390625 216.662628173828125 219.0479278564453125 177.6898651123046875 179.1753387451171875 209.1262664794921875 223.5675506591796875 227.169189453125 230.0560760498046875 228.317291259765625 231.9182281494140625
213.8232269287109375 215.6332550048828125 211.69024658203125 212.4395599365234375 213.227752685546875 218.9306488037109375 227.7331390380859375 195.7792510986328125 196.9003143310546875 206.7894744873046875 207.8204345703125 197.0626678466796875 166.79180908203125 169.44049072265625 186.2846221923828125 203.0496978759765625 200.9123077392578125 161.465240478515625 154.2710418701171875 135.1837921142578125 117.6710052490234375 110.33019256591796875 116.0069427490234375 145.816131591796875 162.5786895751953125 139.9619903564453125 127.48545074462890625 113.60848236083984375 111.8500213623046875 125.3277130126953125 131.5140838623046875 141.2610321044921875 147.40460205078125 187.88427734375 239.558990478515625 206.7716827392578125 177.0082244873046875 185.998016357421875 205.1650543212890625 221.2230682373046875 228.1786956787109375 230.4788360595703125 231.80902099609375 236.84320068359375
216.2095794677734375 227.3077392578125 227.2748565673828125 213.89324951171875 222.0804595947265625 230.9461212158203125 244.3888092041015625 169.016754150390625 158.6720123291015625 206.2584228515625 210.7487335205078125 202.758575439453125 170.426544189453125 181.1251220703125 191.9352874755859375 198.4431304931640625 197.0620880126953125 165.82232666015625 138.9247283935546875 115.3087921142578125 96.452880859375 93.97803497314453125 94.95548248291015625 119.7649078369140625 146.33013916015625 152.9432220458984375 152.613189697265625 111.74710845947265625 99.62755584716796875 107.20815277099609375 118.80810546875 131.3023834228515625 144.5701446533203125 208.9180755615234375 240.4603729248046875 208.0309600830078125 194.3048553466796875 191.4348602294921875 206.525543212890625 222.954193115234375 229.2937774658203125 223.310455322265625 229.5641021728515625 240.3704986572265625
230.967987060546875 244.6085205078125 232.6148223876953125 165.02960205078125 216.528900146484375 228.4786529541015625 223.857757568359375 182.6483001708984375 182.3924560546875 206.4193878173828125 210.539703369140625 201.465850830078125 197.2884063720703125 196.687530517578125 193.951995849609375 189.479766845703125 183.371063232421875 179.6077423095703125 168.97998046875 120.2980499267578125 94.5146636962890625 91.01644134521484375 93.1813201904296875 116.2926483154296875 143.9180755615234375 179.60003662109375 185.494384765625 100.5064239501953125 101.71569061279296875 106.8603668212890625 115.8394012451171875 133.61376953125 165.412811279296875 201.045806884765625 224.9773712158203125 204.5887603759765625 193.0324859619140625 194.003875732421875 216.1016387939453125 229.7550201416015625 229.4550933837890625 221.2841644287109375 239.090423583984375 239.574676513671875
239.229705810546875 231.609039306640625 213.62335205078125 177.06488037109375 202.7048492431640625 218.778594970703125 207.167816162109375 184.0296478271484375 189.6384735107421875 212.293701171875 210.08648681640625 197.72052001953125 205.11724853515625 206.968292236328125 199.818450927734375 185.6442413330078125 172.0885467529296875 178.7433624267578125 196.00244140625 147.544097900390625 100.195068359375 91.1639404296875 93.5198974609375 107.8580169677734375 145.2360687255859375 202.2361297607421875 194.5540313720703125 131.872589111328125 113.7067718505859375 117.4324493408203125 122.8509368896484375 130.0176849365234375 159.2911376953125 206.066162109375 219.087890625 200.4379730224609375 186.376220703125 199.9792633056640625 221.884674072265625 227.7395782470703125 229.8881378173828125 233.71441650390625 238.769622802734375 219.891815185546875
240.1161956787109375 226.7619476318359375 210.25860595703125 200.300750732421875 185.5522613525390625 196.4775390625 204.983428955078125 181.642486572265625 187.77203369140625 213.9632720947265625 214.3118438720703125 210.5093231201171875 212.6274261474609375 214.747467041015625 213.9091644287109375 208.8681793212890625 164.4166717529296875 176.4132537841796875 202.3869171142578125 168.704559326171875 98.701934814453125 83.8118743896484375 83.3900909423828125 90.84610748291015625 125.7796630859375 196.3276519775390625 192.6588134765625 158.45623779296875 128.142578125 127.74897003173828125 125.924346923828125 124.09804534912109375 145.9416961669921875 220.7996673583984375 221.4722137451171875 201.7245025634765625 198.6920623779296875 216.85894775390625 236.9375762939453125 240.2050628662109375 240.671051025390625 243.1326141357421875 236.27496337890625 205.1942596435546875
