INPUT/RASTER/ASCII/aspect.asc
ncols        225
nrows        269
xllcorner    473009.983799999987
yllcorner    4429051.174800000153
cellsize     50.000000000000
NODATA_value -9999
[rows 133 to 151 of 269, columns 0 to 43 of 225]
-9999 -9999 -9999 -9999 -9999 -9999 -9999 -9999 -9999 147.730194091796875 244.286651611328125 279.058135986328125 282.35150146484375 279.96026611328125 266.5582275390625 259.09442138671875 265.422088623046875 294.643341064453125 295.702178955078125 274.273681640625 258.346527099609375 257.873321533203125 263.862030029296875 264.268096923828125 278.025177001953125 290.465972900390625 283.239532470703125 274.790557861328125 287.094818115234375 305.700042724609375 275.630126953125 150.6254730224609375 301.092315673828125 307.079620361328125 278.516265869140625 267.570526123046875 271.328826904296875 270.306732177734375 268.313140869140625 260.74725341796875 250.7517242431640625 237.272918701171875 226.770263671875 215.225555419921875
-9999 -9999 -9999 -9999 -9999 -9999 -9999 -9999 -9999 91.40241241455078125 197.1405792236328125 248.6559600830078125 256.230194091796875 259.918182373046875 263.1629638671875 258.576934814453125 237.4576568603515625 251.652984619140625 267.165130615234375 224.896820068359375 184.5423431396484375 208.3544464111328125 240.983123779296875 259.8592529296875 269.194610595703125 273.98858642578125 271.234466552734375 265.920989990234375 270.686065673828125 275.49212646484375 273.4637451171875 165.6513824462890625 195.6888427734375 308.936065673828125 287.661865234375 295.67791748046875 302.49090576171875 296.14398193359375 282.310882568359375 258.742279052734375 234.2650146484375 213.2621002197265625 203.473175048828125 198.6996917724609375
-9999 -9999 -9999 -9999 -9999 -9999 -9999 -9999 -9999 76.6164093017578125 147.1519622802734375 253.5501861572265625 267.080780029296875 270.344146728515625 271.95281982421875 272.83087158203125 270.709259033203125 261.195831298828125 225.7542724609375 161.423797607421875 169.7579498291015625 202.0691986083984375 236.0389862060546875 257.757293701171875 265.99365234375 266.327606201171875 270.091583251953125 272.073333740234375 265.43426513671875 257.681793212890625 247.063079833984375 259.95416259765625 262.794464111328125 274.141204833984375 296.39141845703125 302.9119873046875 292.1851806640625 289.11651611328125 274.699920654296875 242.864959716796875 220.944122314453125 198.2140655517578125 192.6399688720703125 204.756134033203125
-9999 -9999 -9999 -9999 -9999 -9999 -9999 -9999 -9999 102.65444183349609375 165.6556549072265625 274.971343994140625 283.430938720703125 281.59893798828125 275.55804443359375 275.772308349609375 281.93017578125 248.5162506103515625 162.38433837890625 147.3580169677734375 176.92047119140625 224.2937774658203125 254.7316436767578125 262.7882080078125 261.1790771484375 262.892059326171875 264.0975341796875 262.3836669921875 256.650054931640625 248.331756591796875 239.76031494140625 246.078948974609375 267.370513916015625 276.096527099609375 284.374298095703125 279.4317626953125 269.615020751953125 255.062347412109375 228.804290771484375 213.784454345703125 196.2474517822265625 174.3243560791015625 187.5330810546875 226.1558837890625
-9999 -9999 -9999 -9999 -9999 -9999 -9999 -9999 -9999 134.4208221435546875 228.4855194091796875 285.411590576171875 287.91107177734375 283.11773681640625 274.791717529296875 272.191253662109375 288.989227294921875 194.873779296875 126.23772430419921875 156.04193115234375 224.73760986328125 251.9983367919921875 264.615325927734375 261.508087158203125 257.506378173828125 254.5121002197265625 252.9510498046875 247.4521331787109375 242.1596221923828125 236.9655609130859375 232.88812255859375 233.613494873046875 244.9639739990234375 264.4173583984375 259.888458251953125 254.433319091796875 245.595306396484375 227.925323486328125 206.0043792724609375 206.769927978515625 189.4009552001953125 176.439666748046875 208.6325225830078125 249.2897796630859375
-9999 -9999 -9999 -9999 -9999 -9999 -9999 -9999 -9999 237.183135986328125 285.028656005859375 285.245208740234375 275.8861083984375 272.736419677734375 267.324249267578125 263.336212158203125 245.395233154296875 142.6284332275390625 126.679779052734375 171.1580963134765625 224.3935394287109375 261.711395263671875 264.372467041015625 260.02825927734375 261.312744140625 256.915618896484375 252.307891845703125 243.98590087890625 237.8216705322265625 236.593902587890625 234.74298095703125 234.332305908203125 232.097198486328125 221.1990814208984375 226.9630279541015625 231.429840087890625 221.269500732421875 197.9295654296875 187.706298828125 201.6999359130859375 189.087738037109375 191.306732177734375 218.2735443115234375 248.967193603515625
-9999 -9999 -9999 -9999 -9999 -9999 -9999 -9999 -9999 280.878753662109375 284.117095947265625 283.106903076171875 268.25244140625 260.9725341796875 254.3617095947265625 251.5539703369140625 208.70196533203125 154.4788055419921875 158.9722747802734375 190.57830810546875 212.5225982666015625 250.6367034912109375 259.24481201171875 257.799957275390625 259.4049072265625 250.310943603515625 244.923828125 237.5792083740234375 236.8488311767578125 236.1592864990234375 230.8336944580078125 228.101531982421875 220.9487457275390625 193.69598388671875 194.1988677978515625 201.4491729736328125 199.62384033203125 182.44158935546875 180.5916900634765625 198.4885406494140625 188.696258544921875 200.5431976318359375 232.8594207763671875 251.5450286865234375
-9999 -9999 -9999 -9999 -9999 -9999 -9999 -9999 -9999 276.009307861328125 276.79901123046875 276.33935546875 257.778961181640625 252.36285400390625 246.6818389892578125 237.7976226806640625 190.3343353271484375 141.5639495849609375 171.2696075439453125 211.26776123046875 231.8541107177734375 256.286468505859375 265.148040771484375 264.482879638671875 258.249114990234375 248.583343505859375 247.128753662109375 243.3708038330078125 242.6942596435546875 236.860748291015625 229.2540435791015625 224.3345489501953125 210.7723846435546875 192.7071685791015625 191.6213226318359375 196.92242431640625 197.160675048828125 182.7062835693359375 180.6979217529296875 187.366363525390625 194.8665008544921875 212.1946258544921875 232.40283203125 238.322113037109375
-9999 -9999 -9999 -9999 -9999 -9999 -9999 -9999 279.273529052734375 280.699676513671875 282.432281494140625 270.7650146484375 242.023834228515625 237.4949798583984375 220.4578399658203125 198.1315460205078125 170.7636566162109375 145.6031951904296875 193.2585601806640625 230.4011077880859375 244.1651763916015625 258.48193359375 263.68060302734375 260.0621337890625 249.465362548828125 236.81817626953125 240.116424560546875 235.555084228515625 227.21728515625 216.59649658203125 210.0966644287109375 207.624725341796875 199.3849029541015625 190.1685028076171875 193.60565185546875 197.1135406494140625 198.400054931640625 181.830352783203125 178.0814056396484375 185.67425537109375 196.773529052734375 212.0425872802734375 223.012786865234375 227.28692626953125
-9999 -9999 -9999 -9999 -9999 -9999 -9999 -9999 273.223907470703125 285.965728759765625 278.433074951171875 256.90948486328125 239.4651947021484375 234.231903076171875 201.7213134765625 186.937255859375 163.7907562255859375 152.0695343017578125 212.303558349609375 251.016326904296875 259.7904052734375 263.135345458984375 260.8408203125 252.7055816650390625 247.3450927734375 244.7530517578125 249.5992584228515625 238.561187744140625 220.917236328125 209.3007049560546875 203.6691741943359375 206.6201019287109375 202.728057861328125 193.27032470703125 204.163055419921875 203.4532928466796875 197.5200347900390625 181.02734375 175.752166748046875 184.3110809326171875 202.179656982421875 217.9132080078125 222.351959228515625 225.2183685302734375
-9999 -9999 -9999 -9999 -9999 -9999 -9999 -9999 279.060699462890625 278.213226318359375 261.99676513671875 236.9714202880859375 221.6450653076171875 209.629669189453125 188.270294189453125 188.75225830078125 175.1786956787109375 184.591766357421875 219.6809844970703125 256.877410888671875 270.711761474609375 272.7772216796875 270.145294189453125 257.971710205078125 245.0628204345703125 247.9499969482421875 247.6472015380859375 216.001129150390625 192.81304931640625 187.472625732421875 192.2586212158203125 201.0102081298828125 201.5003204345703125 197.5787506103515625 202.4672698974609375 195.8878326416015625 186.935028076171875 182.501861572265625 181.812530517578125 188.027313232421875 205.7038421630859375 217.4031982421875 219.0758819580078125 223.1843109130859375
-9999 -9999 -9999 -9999 -9999 -9999 -9999 -9999 268.422393798828125 264.979522705078125 247.0257720947265625 214.1532440185546875 196.4158172607421875 197.42486572265625 188.061737060546875 186.33673095703125 180.375701904296875 205.444183349609375 249.8129119873046875 279.219573974609375 280.23968505859375 278.6827392578125 277.956390380859375 279.36669921875 270.23699951171875 256.009246826171875 238.5410003662109375 194.7424163818359375 177.6845550537109375 174.1676177978515625 193.0233154296875 210.9518280029296875 211.8996429443359375 207.7455902099609375 206.6973114013671875 196.4819488525390625 187.9887847900390625 187.51434326171875 192.5994415283203125 200.0442657470703125 215.28936767578125 223.355621337890625 229.4728546142578125 224.046234130859375
-9999 -9999 -9999 -9999 -9999 -9999 -9999 171.07891845703125 257.217926025390625 262.59307861328125 234.6277618408203125 177.9380340576171875 173.98175048828125 217.2758941650390625 228.058197021484375 202.4997100830078125 156.710174560546875 254.119140625 278.587158203125 283.157257080078125 277.5810546875 273.881744384765625 272.113067626953125 275.401275634765625 266.42156982421875 248.29510498046875 219.7723236083984375 185.8252716064453125 173.798095703125 170.358154296875 184.4217529296875 205.3033599853515625 213.74078369140625 205.5207061767578125 199.13720703125 192.168487548828125 193.209014892578125 190.6563568115234375 194.575439453125 201.58123779296875 214.803497314453125 229.0518951416015625 230.6186676025390625 201.180084228515625
-9999 -9999 -9999 -9999 -9999 -9999 -9999 112.2351837158203125 212.9428863525390625 256.845245361328125 209.258880615234375 194.5534210205078125 246.193328857421875 293.072601318359375 292.19830322265625 298.966278076171875 289.8963623046875 310.90277099609375 287.946990966796875 277.570526123046875 268.01055908203125 258.974700927734375 248.479156494140625 240.2403106689453125 235.7058563232421875 231.3004150390625 205.2966766357421875 183.0561370849609375 172.478759765625 162.1375885009765625 172.9145660400390625 207.1305999755859375 222.4218597412109375 207.9053955078125 193.61834716796875 195.52520751953125 205.283233642578125 195.839202880859375 199.088714599609375 208.008544921875 221.7655487060546875 227.0914764404296875 214.5545806884765625 194.977569580078125
-9999 -9999 -9999 -9999 -9999 -9999 -9999 100.5326385498046875 165.3036651611328125 250.0110321044921875 221.777679443359375 267.91802978515625 314.14056396484375 327.027740478515625 329.02313232421875 327.3814697265625 343.9942626953125 328.23199462890625 297.10467529296875 275.603729248046875 264.79864501953125 253.854949951171875 241.363525390625 236.8363800048828125 221.5238800048828125 205.52618408203125 191.8628387451171875 189.2362060546875 175.5824432373046875 159.0166473388671875 165.944305419921875 204.580108642578125 214.0654144287109375 197.2833099365234375 195.7027130126953125 198.482879638671875 203.1974334716796875 193.9387054443359375 191.934173583984375 206.1853790283203125 218.0093841552734375 217.3614044189453125 207.2623138427734375 215.2240447998046875
-9999 -9999 -9999 -9999 -9999 -9999 118.92881011962890625 106.67415618896484375 212.54730224609375 285.47698974609375 297.834259033203125 298.42095947265625 297.951263427734375 302.90380859375 314.748931884765625 319.140777587890625 274.565826416015625 188.09869384765625 294.77642822265625 279.259613037109375 268.897125244140625 264.38800048828125 261.84246826171875 246.0748748779296875 218.378509521484375 203.435333251953125 191.6421661376953125 184.6418304443359375 167.5294647216796875 153.943115234375 172.0809783935546875 212.226318359375 210.6948699951171875 199.8391571044921875 201.9972686767578125 198.5162200927734375 200.1926116943359375 197.175445556640625 202.60357666015625 218.7047882080078125 228.1104583740234375 227.7859344482421875 224.1363067626953125 241.3692779541015625
-9999 -9999 -9999 -9999 -9999 -9999 98.22975921630859375 104.1920166015625 232.2355194091796875 294.774810791015625 298.79571533203125 280.729949951171875 265.910858154296875 272.279815673828125 273.48822021484375 268.133636474609375 189.221710205078125 175.9577178955078125 276.25115966796875 272.29766845703125 267.885650634765625 267.14178466796875 265.368743896484375 242.53082275390625 215.39349365234375 200.0572509765625 183.4483489990234375 165.09625244140625 148.205535888671875 144.2576751708984375 171.5900421142578125 204.20379638671875 200.7367401123046875 202.619354248046875 202.33343505859375 191.3998870849609375 186.9382781982421875 196.964935302734375 219.0974884033203125 228.2212677001953125 235.6138458251953125 240.2593536376953125 238.7929534912109375 245.1845703125
-9999 -9999 -9999 -9999 -9999 90 92.58368682861328125 157.2191314697265625 289.31768798828125 293.99920654296875 273.6964111328125 258.876129150390625 248.1247711181640625 250.3912353515625 240.5321807861328125 227.87152099609375 192.570892333984375 196.533447265625 253.4780731201171875 255.5720367431640625 256.451202392578125 253.373260498046875 247.2025299072265625 229.0884552001953125 207.523529052734375 194.013671875 176.212799072265625 155.525482177734375 145.74945068359375 151.2888946533203125 170.846649169921875 194.415496826171875 206.5860595703125 212.639739990234375 206.92449951171875 187.34051513671875 178.688201904296875 214.52642822265625 241.0614776611328125 242.5353240966796875 247.495025634765625 247.89068603515625 238.27374267578125 237.0331878662109375
-9999 -9999 -9999 -9999 -9999 132.48297119140625 120.89710235595703125 224.598052978515625 283.590728759765625 270.67449951171875 253.4977874755859375 250.6209869384765625 246.536956787109375 244.2326507568359375 235.970611572265625 225.9233856201171875 216.0520172119140625 205.9359893798828125 243.9027557373046875 247.23187255859375 247.5298614501953125 243.88995361328125 236.54168701171875 227.69512939453125 205.0605316162109375 185.6353607177734375 160.8218841552734375 133.0791778564453125 136.497955322265625 147.25384521484375 171.381622314453125 198.2943572998046875 216.9205322265625 216.697509765625 211.8839111328125 192.4463348388671875 216.9179840087890625 270.458770751953125 255.79559326171875 249.594512939453125 244.8032379150390625 235.719635009765625 221.779327392578125 221.5473785400390625
