INPUT/RASTER/ASCII/aspect.asc
ncols        225
nrows        269
xllcorner    473009.983799999987
yllcorner    4429051.174800000153
cellsize     50.000000000000
NODATA_value -9999
[rows 190 to 208 of 269, columns 88 to 131 of 225]
226.461395263671875 73.18529510498046875 91.29146575927734375 93.23830413818359375 86.84227752685546875 95.96131134033203125 221.2939453125 207.809967041015625 34.86328125 14.824598312377929688 29.36415863037109375 53.399372100830078125 56.32053375244140625 75.35329437255859375 149.540283203125 205.3473663330078125 139.8728790283203125 173.3184051513671875 229.660797119140625 231.9935455322265625 287.1541748046875 134.89483642578125 48.969207763671875 44.098293304443359375 50.058544158935546875 53.62990570068359375 149.758941650390625 241.336517333984375 226.9054718017578125 238.2656707763671875 234.4943084716796875 246.0608367919921875 265.543304443359375 126.30483245849609375 55.221088409423828125 73.4943389892578125 79.28963470458984375 89.53229522705078125 141.9815673828125 187.65313720703125 201.4969482421875 176.213592529296875 166.2556610107421875 165.941192626953125
211.733184814453125 46.373027801513671875 76.3520050048828125 71.275115966796875 48.049121856689453125 101.019500732421875 324.570281982421875 341.326507568359375 190.1522216796875 23.135522842407226563 37.99813079833984375 67.04090118408203125 81.21063232421875 74.67635345458984375 88.43189239501953125 153.4393310546875 134.2565765380859375 170.2209320068359375 227.1344757080078125 226.699005126953125 240.452972412109375 162.860137939453125 98.49944305419921875 68.19268798828125 50.464916229248046875 52.815998077392578125 68.55902099609375 149.3303070068359375 206.6639404296875 235.7091217041015625 236.539459228515625 260.911407470703125 302.10443115234375 181.5867767333984375 51.040191650390625 71.43160247802734375 76.65866851806640625 80.121429443359375 113.3842315673828125 177.4725799560546875 195.8446502685546875 172.4499359130859375 166.2873382568359375 170.277557373046875
216.037261962890625 49.4077911376953125 70.218231201171875 62.1219635009765625 42.2454681396484375 211.7406768798828125 319.048431396484375 301.2257080078125 161.9827117919921875 77.2705230712890625 87.339385986328125 89.6265411376953125 92.76390838623046875 78.84027099609375 63.442279815673828125 68.74188995361328125 68.75919342041015625 125.4572296142578125 223.9481048583984375 235.8975067138671875 224.365997314453125 188.2029266357421875 161.0366973876953125 161.560699462890625 112.46521759033203125 83.01275634765625 74.898529052734375 112.31664276123046875 182.4993743896484375 233.769317626953125 240.5924072265625 253.4469451904296875 259.5494384765625 186.78564453125 93.26392364501953125 72.45737457275390625 79.2492218017578125 84.81293487548828125 93.23792266845703125 148.3372802734375 190.1966094970703125 191.0546417236328125 239.040985107421875 275.4466552734375
220.0727691650390625 85.85332489013671875 66.7601318359375 54.797992706298828125 52.76294708251953125 247.918121337890625 300.8255615234375 221.617218017578125 154.512176513671875 135.2751007080078125 135.944793701171875 115.93929290771484375 127.25811004638671875 117.21082305908203125 117.44460296630859375 124.82720947265625 129.3781585693359375 143.9316864013671875 230.1197662353515625 237.4619598388671875 207.7197113037109375 175.97247314453125 167.6436767578125 179.1787567138671875 175.08551025390625 141.4991455078125 95.9896697998046875 100.48558807373046875 172.586578369140625 240.1993865966796875 242.08135986328125 247.7552642822265625 239.27099609375 191.0497283935546875 133.7240142822265625 88.75954437255859375 87.27093505859375 88.95351409912109375 93.53609466552734375 136.528350830078125 212.2329254150390625 244.34539794921875 304.74871826171875 324.56402587890625
220.2912139892578125 150.0262603759765625 67.3736724853515625 63.2115020751953125 60.301151275634765625 182.8274993896484375 319.484405517578125 174.386383056640625 129.9013519287109375 126.48909759521484375 149.5317230224609375 134.75103759765625 144.7449188232421875 141.004180908203125 139.7532958984375 150.0576934814453125 178.4437713623046875 229.9336700439453125 266.71466064453125 225.7838287353515625 191.9932708740234375 156.5247650146484375 160.64117431640625 175.3439788818359375 184.902557373046875 174.0320281982421875 124.52733612060546875 98.30278778076171875 135.8747711181640625 239.38446044921875 237.7354583740234375 237.2801513671875 223.6760711669921875 201.3412017822265625 159.7150421142578125 110.45001220703125 92.4589385986328125 94.15191650390625 95.3494873046875 120.12694549560546875 265.9041748046875 279.53314208984375 303.493896484375 321.275543212890625
277.25384521484375 246.16729736328125 69.51457977294921875 78.425811767578125 66.9533538818359375 141.22674560546875 290.13525390625 124.6810150146484375 107.97170257568359375 109.074737548828125 125.8436431884765625 135.729888916015625 155.23822021484375 146.4779052734375 137.996246337890625 188.66033935546875 267.219635009765625 325.742279052734375 197.9025421142578125 143.8181304931640625 161.0742950439453125 142.380035400390625 154.438232421875 172.9529571533203125 184.12841796875 186.37432861328125 143.584564208984375 96.687896728515625 157.368011474609375 236.1831207275390625 221.9604034423828125 224.766815185546875 218.21746826171875 219.7667388916015625 190.829254150390625 128.064117431640625 93.41909027099609375 91.08506011962890625 92.65288543701171875 82.3831024169921875 268.550262451171875 296.119964599609375 292.84613037109375 303.158599853515625
268.44537353515625 225.4627838134765625 116.0538177490234375 107.49169158935546875 102.57373046875 204.2208709716796875 142.9491729736328125 122.03206634521484375 110.80596923828125 108.15392303466796875 106.9697113037109375 111.35442352294921875 131.7037506103515625 148.9277496337890625 144.582244873046875 233.9436492919921875 268.97613525390625 265.43115234375 158.43731689453125 115.751739501953125 140.2179107666015625 134.5961761474609375 128.51129150390625 146.2534637451171875 185.3285369873046875 220.360687255859375 177.785919189453125 79.48731231689453125 80.0287628173828125 177.8492279052734375 229.996490478515625 214.3238372802734375 219.8211212158203125 222.83245849609375 202.8901214599609375 160.2516937255859375 108.69414520263671875 87.97386932373046875 103.75243377685546875 148.4251861572265625 215.29644775390625 266.010284423828125 285.12432861328125 297.560211181640625
202.1441650390625 163.507659912109375 139.0972442626953125 130.9995269775390625 157.127044677734375 210.3817291259765625 89.30866241455078125 108.88668060302734375 114.2180633544921875 108.533782958984375 107.57061767578125 91.66530609130859375 87.76605987548828125 115.7526702880859375 167.002960205078125 246.1510009765625 249.969573974609375 206.735931396484375 163.1038055419921875 146.2821197509765625 155.02545166015625 160.2497100830078125 112.8865203857421875 113.9344024658203125 175.0998077392578125 230.8191375732421875 207.2514801025390625 91.4614105224609375 44.5855712890625 40.03875732421875 86.40004730224609375 147.772674560546875 200.415191650390625 219.561798095703125 206.0213775634765625 179.813507080078125 136.455810546875 104.75963592529296875 104.60195159912109375 150.349578857421875 205.496368408203125 254.92633056640625 258.061248779296875 257.442840576171875
165.1528167724609375 148.34625244140625 117.908233642578125 123.147857666015625 169.9969635009765625 192.5345458984375 149.9577484130859375 126.09381866455078125 115.5313720703125 108.7671966552734375 107.94762420654296875 87.1912384033203125 84.7394256591796875 93.251434326171875 153.7322235107421875 230.7821197509765625 236.31048583984375 190.0947723388671875 166.7263946533203125 161.625640869140625 174.0082855224609375 190.1584930419921875 144.3248138427734375 111.9565277099609375 183.5881805419921875 246.48760986328125 244.556793212890625 249.445587158203125 262.386199951171875 86.7990264892578125 39.391414642333984375 75.77077484130859375 115.09575653076171875 201.2495269775390625 212.2394256591796875 200.1487579345703125 166.5682373046875 132.0409088134765625 108.62009429931640625 135.4209136962890625 234.3747711181640625 273.1734619140625 266.97589111328125 266.6864013671875
181.5321807861328125 157.345855712890625 78.0231475830078125 73.87195587158203125 120.564697265625 160.79449462890625 166.41455078125 157.471466064453125 137.598846435546875 123.11118316650390625 135.068084716796875 111.2270355224609375 89.87366485595703125 86.0010528564453125 127.20233154296875 227.850921630859375 212.9980926513671875 172.6255340576171875 170.36376953125 185.9728546142578125 203.9965057373046875 197.9272003173828125 172.904571533203125 136.535919189453125 200.0397491455078125 264.32843017578125 290.839263916015625 300.834075927734375 324.17041015625 126.09058380126953125 38.099704742431640625 55.923267364501953125 60.383296966552734375 119.504669189453125 209.441741943359375 207.43121337890625 171.549774169921875 156.5099945068359375 143.7660064697265625 194.9769744873046875 280.4871826171875 284.6055908203125 283.345672607421875 280.174163818359375
185.2098846435546875 190.16314697265625 160.3167572021484375 120.14127349853515625 97.412841796875 115.5009002685546875 153.4791412353515625 170.0814361572265625 164.39666748046875 140.4975433349609375 155.4917449951171875 157.65972900390625 118.01566314697265625 95.3516998291015625 110.52304840087890625 200.4017181396484375 198.9843292236328125 168.6033477783203125 176.4927978515625 203.6847076416015625 229.1521148681640625 202.6378326416015625 163.1515960693359375 143.9197540283203125 199.881378173828125 261.1661376953125 282.604522705078125 290.949493408203125 302.272705078125 133.298431396484375 62.277782440185546875 73.56179046630859375 76.6208343505859375 87.74797821044921875 162.746490478515625 193.978851318359375 203.4126739501953125 244.7124786376953125 270.07623291015625 309.25732421875 299.19866943359375 285.612060546875 274.615325927734375 272.155517578125
177.43743896484375 182.644866943359375 189.149810791015625 174.7650299072265625 107.77178192138671875 89.14798736572265625 94.2396087646484375 128.3978729248046875 168.3421783447265625 149.636383056640625 152.4473724365234375 167.1146240234375 142.6295318603515625 116.678314208984375 101.08440399169921875 149.17718505859375 175.1580963134765625 176.8157958984375 189.7430267333984375 212.3549041748046875 225.218048095703125 199.6673431396484375 162.897796630859375 136.0052337646484375 210.37615966796875 254.6688232421875 254.0498199462890625 257.266448974609375 245.0681915283203125 165.572479248046875 118.1519927978515625 102.83480072021484375 99.12531280517578125 118.3754730224609375 161.3677825927734375 229.51226806640625 278.48358154296875 305.24658203125 300.921356201171875 300.831329345703125 291.849029541015625 281.53656005859375 263.4053955078125 258.844970703125
162.286285400390625 179.1322479248046875 193.175018310546875 196.5695343017578125 155.3210906982421875 110.76740264892578125 89.84172821044921875 94.3954315185546875 126.41043853759765625 150.015289306640625 152.4624481201171875 162.231170654296875 154.969573974609375 132.283203125 106.364837646484375 121.95049285888671875 160.176513671875 189.5960845947265625 202.4692840576171875 209.0127410888671875 204.8518524169921875 191.3701934814453125 179.0322113037109375 159.9151153564453125 214.8596954345703125 241.961639404296875 232.9756927490234375 227.0205230712890625 198.661651611328125 170.1283721923828125 145.4481964111328125 129.31561279296875 109.45941925048828125 117.9860687255859375 192.718414306640625 260.411865234375 256.814788818359375 266.31494140625 269.11785888671875 263.805816650390625 256.159210205078125 247.9049835205078125 242.15350341796875 247.22265625
137.92474365234375 166.75286865234375 194.4516448974609375 202.764190673828125 172.3718109130859375 126.671112060546875 104.57987213134765625 99.916900634765625 101.11450958251953125 116.2612762451171875 137.0276031494140625 147.4706878662109375 154.7325286865234375 138.6859588623046875 117.18276214599609375 102.02146148681640625 142.298370361328125 201.5992584228515625 219.4530029296875 216.599395751953125 189.7079315185546875 169.635284423828125 174.4717254638671875 179.6402740478515625 217.337738037109375 233.0819549560546875 211.7186737060546875 201.6891326904296875 184.0010528564453125 171.90032958984375 164.0384521484375 151.69891357421875 128.815582275390625 139.96856689453125 254.75439453125 281.642852783203125 241.9276580810546875 254.92864990234375 255.7004852294921875 245.9505157470703125 238.527008056640625 232.4405059814453125 240.4482879638671875 247.58251953125
128.599639892578125 147.3202362060546875 175.4632415771484375 188.5111846923828125 178.8004302978515625 152.0884552001953125 130.91461181640625 112.639251708984375 113.19480133056640625 111.5317230224609375 125.00206756591796875 143.64263916015625 161.6553802490234375 156.051513671875 136.059600830078125 117.65973663330078125 158.730133056640625 239.8008880615234375 250.2872772216796875 242.4703216552734375 157.430938720703125 133.31512451171875 151.0077362060546875 186.4152374267578125 226.0625457763671875 221.2924041748046875 201.1053466796875 190.8682861328125 180.08978271484375 173.5748443603515625 170.845306396484375 162.3710174560546875 144.54638671875 204.3032379150390625 292.4918212890625 299.863067626953125 279.170654296875 332.285247802734375 320.582427978515625 309.6015625 282.2012939453125 274.76123046875 272.43548583984375 270.15521240234375
132.03948974609375 134.1120758056640625 149.303741455078125 167.5370941162109375 168.7969512939453125 151.8968353271484375 140.592254638671875 124.5350494384765625 126.41058349609375 116.65546417236328125 117.42560577392578125 142.54815673828125 140.38037109375 138.8476104736328125 137.2794036865234375 123.552825927734375 135.780517578125 198.4989471435546875 245.660980224609375 228.3732757568359375 115.95304107666015625 111.302581787109375 140.893463134765625 180.5268707275390625 202.6460418701171875 200.4485931396484375 194.813934326171875 191.548736572265625 183.4077606201171875 182.1850433349609375 178.7469024658203125 171.40924072265625 207.5942230224609375 295.967559814453125 311.913299560546875 332.81549072265625 308.551605224609375 190.384429931640625 201.63043212890625 301.856964111328125 307.819732666015625 289.566253662109375 301.286956787109375 296.231353759765625
160.090789794921875 134.5659942626953125 112.4995880126953125 105.330108642578125 108.52004241943359375 109.3197784423828125 105.10555267333984375 94.89464569091796875 83.94403839111328125 78.77153778076171875 72.58962249755859375 85.76766204833984375 86.02867889404296875 105.605316162109375 129.931915283203125 146.3635711669921875 124.9640350341796875 157.8533935546875 201.885986328125 205.136077880859375 150.9180145263671875 126.8998870849609375 145.4231414794921875 188.5308074951171875 194.840850830078125 198.62811279296875 221.1315460205078125 237.625640869140625 245.219024658203125 251.2752685546875 254.9732208251953125 272.150299072265625 306.022979736328125 320.07257080078125 319.0731201171875 333.716522216796875 184.6215667724609375 15.949663162231445313 30.336599349975585938 96.90087127685546875 251.222869873046875 280.16534423828125 279.17218017578125 281.300079345703125
185.25732421875 173.531585693359375 83.767333984375 29.867946624755859375 34.161075592041015625 43.2279815673828125 41.18292236328125 47.483036041259765625 38.476104736328125 42.995128631591796875 35.057987213134765625 27.327489852905273438 36.53914642333984375 56.02600860595703125 66.20209503173828125 104.55162811279296875 85.81585693359375 121.8108978271484375 169.838897705078125 200.37359619140625 177.8507843017578125 141.7357177734375 170.690216064453125 284.87750244140625 292.525726318359375 290.298248291015625 289.09942626953125 290.559326171875 313.54736328125 321.729736328125 330.590667724609375 333.072967529296875 328.9705810546875 333.516387939453125 330.532562255859375 331.981231689453125 111.95854949951171875 19.386432647705078125 27.360260009765625 33.673763275146484375 223.001617431640625 298.697662353515625 277.796600341796875 278.257720947265625
221.2505340576171875 260.024566650390625 262.617523193359375 94.87630462646484375 15.827593803405761719 32.60028076171875 38.469913482666015625 40.33641815185546875 33.839874267578125 33.8093414306640625 25.207218170166015625 30.116548538208007813 30.987676620483398438 37.100109100341796875 35.06946563720703125 30.766262054443359375 36.92436981201171875 59.17391204833984375 102.5264892578125 175.470733642578125 180.0257415771484375 148.38787841796875 228.0286407470703125 315.537353515625 341.842315673828125 349.6885986328125 344.186431884765625 335.1781005859375 341.6729736328125 338.9486083984375 331.049713134765625 329.823944091796875 332.947418212890625 335.6361083984375 331.749298095703125 273.373016357421875 44.90877532958984375 29.0969085693359375 32.73711395263671875 34.2963409423828125 141.5927886962890625 292.797149658203125 270.5711669921875 273.909332275390625
