INPUT/RASTER/ASCII/BIO08.asc
ncols        225
nrows        269
xllcorner    473009.983799999987
yllcorner    4429051.174800000153
cellsize     50.000000000000
NODATA_value  -9999
[rows 209 to 227 of 269, columns 172 to 214 of 225]
14.645995140075683594 14.655562400817871094 14.661645889282226563 14.669017791748046875 14.67089080810546875 14.665316581726074219 14.659566879272460938 14.656728744506835938 14.65041351318359375 14.637157440185546875 14.619553565979003906 14.59915924072265625 14.58267974853515625 14.570828437805175781 14.565667152404785156 14.561440467834472656 14.557855606079101563 14.554970741271972656 14.543279647827148438 14.53551483154296875 14.537604331970214844 14.549811363220214844 14.561809539794921875 14.562386512756347656 14.561718940734863281 14.560089111328125 14.558237075805664063 14.555784225463867188 14.551694869995117188 14.547732353210449219 14.5434112548828125 14.538229942321777344 14.533684730529785156 14.531680107116699219 14.528502464294433594 14.525626182556152344 14.522356033325195313 14.518969535827636719 14.517327308654785156 14.516910552978515625 14.516707420349121094 14.516968727111816406 14.516396522521972656
14.64308929443359375 14.648670196533203125 14.653394699096679688 14.660691261291503906 14.66695404052734375 14.669148445129394531 14.670851707458496094 14.668275833129882813 14.659386634826660156 14.640505790710449219 14.618917465209960938 14.597607612609863281 14.58139801025390625 14.570217132568359375 14.565388679504394531 14.561307907104492188 14.557889938354492188 14.556376457214355469 14.550866127014160156 14.555431365966796875 14.562381744384765625 14.564806938171386719 14.565741539001464844 14.564249038696289063 14.562570571899414063 14.561076164245605469 14.559794425964355469 14.557043075561523438 14.553554534912109375 14.549946784973144531 14.54583740234375 14.541385650634765625 14.537288665771484375 14.535035133361816406 14.53173828125 14.528914451599121094 14.525745391845703125 14.522690773010253906 14.520860671997070313 14.520312309265136719 14.520070075988769531 14.519763946533203125 14.519179344177246094
14.643812179565429688 14.645632743835449219 14.647109031677246094 14.651488304138183594 14.660930633544921875 14.671589851379394531 14.686953544616699219 14.696348190307617188 14.687661170959472656 14.654105186462402344 14.617519378662109375 14.594013214111328125 14.579081535339355469 14.569332122802734375 14.5652008056640625 14.561529159545898438 14.558820724487304688 14.558476448059082031 14.5623931884765625 14.567793846130371094 14.569768905639648438 14.570088386535644531 14.569101333618164063 14.56702423095703125 14.564744949340820313 14.562306404113769531 14.560584068298339844 14.558014869689941406 14.555155754089355469 14.55242919921875 14.548768997192382813 14.54437255859375 14.540683746337890625 14.538531303405761719 14.535544395446777344 14.533219337463378906 14.530915260314941406 14.529076576232910156 14.527280807495117188 14.526254653930664063 14.524927139282226563 14.523615837097167969 14.522835731506347656
14.644295692443847656 14.644232749938964844 14.646836280822753906 14.661616325378417969 14.684905052185058594 14.698741912841796875 14.715331077575683594 14.730085372924804688 14.720422744750976563 14.670198440551757813 14.616077423095703125 14.589627265930175781 14.576418876647949219 14.568228721618652344 14.564776420593261719 14.561838150024414063 14.560792922973632813 14.564237594604492188 14.570203781127929688 14.57177734375 14.571951866149902344 14.572218894958496094 14.571336746215820313 14.569183349609375 14.566500663757324219 14.563451766967773438 14.561284065246582031 14.558869361877441406 14.556768417358398438 14.554453849792480469 14.55068206787109375 14.546320915222167969 14.543045997619628906 14.541357994079589844 14.538827896118164063 14.536851882934570313 14.535426139831542969 14.534279823303222656 14.532336235046386719 14.531054496765136719 14.528966903686523438 14.526820182800292969 14.525724411010742188
14.643563270568847656 14.645490646362304688 14.659401893615722656 14.697701454162597656 14.7313232421875 14.733661651611328125 14.735989570617675781 14.744226455688476563 14.731401443481445313 14.672362327575683594 14.61051177978515625 14.584161758422851563 14.573732376098632813 14.567236900329589844 14.564030647277832031 14.5617523193359375 14.562064170837402344 14.569527626037597656 14.573182106018066406 14.573778152465820313 14.574251174926757813 14.574416160583496094 14.573688507080078125 14.571422576904296875 14.568114280700683594 14.564929008483886719 14.562825202941894531 14.560201644897460938 14.558605194091796875 14.555601119995117188 14.551795005798339844 14.547846794128417969 14.544979095458984375 14.543839454650878906 14.541723251342773438 14.539973258972167969 14.53905487060546875 14.538015365600585938 14.5360565185546875 14.534415245056152344 14.531894683837890625 14.529620170593261719 14.528687477111816406
14.645784378051757813 14.655023574829101563 14.681711196899414063 14.727382659912109375 14.746860504150390625 14.731309890747070313 14.71599578857421875 14.718469619750976563 14.705153465270996094 14.652485847473144531 14.600254058837890625 14.579613685607910156 14.571685791015625 14.566732406616210938 14.564217567443847656 14.562668800354003906 14.565937042236328125 14.572911262512207031 14.574997901916503906 14.575397491455078125 14.57588958740234375 14.57625579833984375 14.575657844543457031 14.573663711547851563 14.570232391357421875 14.566538810729980469 14.564156532287597656 14.560839653015136719 14.558495521545410156 14.555685043334960938 14.552553176879882813 14.548871040344238281 14.547059059143066406 14.545961380004882813 14.544238090515136719 14.542985916137695313 14.541382789611816406 14.5399627685546875 14.53835296630859375 14.5369720458984375 14.534295082092285156 14.531731605529785156 14.530561447143554688
14.658864021301269531 14.680958747863769531 14.707777976989746094 14.732278823852539063 14.729108810424804688 14.698984146118164063 14.669574737548828125 14.663360595703125 14.652881622314453125 14.620379447937011719 14.590190887451171875 14.576704978942871094 14.570855140686035156 14.567079544067382813 14.565032005310058594 14.566068649291992188 14.572824478149414063 14.575443267822265625 14.575579643249511719 14.576834678649902344 14.577338218688964844 14.577691078186035156 14.577227592468261719 14.575255393981933594 14.571734428405761719 14.567636489868164063 14.564972877502441406 14.561815261840820313 14.557936668395996094 14.555302619934082031 14.552646636962890625 14.549852371215820313 14.548641204833984375 14.547823905944824219 14.546491622924804688 14.544918060302734375 14.543026924133300781 14.541872978210449219 14.540381431579589844 14.539101600646972656 14.536505699157714844 14.533736228942871094 14.531147956848144531
14.688944816589355469 14.717618942260742188 14.730492591857910156 14.724559783935546875 14.698205947875976563 14.664237022399902344 14.638330459594726563 14.628191947937011719 14.619812965393066406 14.601141929626464844 14.584547996520996094 14.576001167297363281 14.571156501770019531 14.56815338134765625 14.566563606262207031 14.568513870239257813 14.575307846069335938 14.575774192810058594 14.57666778564453125 14.577526092529296875 14.57819366455078125 14.579087257385253906 14.578516006469726563 14.576488494873046875 14.573535919189453125 14.56951904296875 14.566643714904785156 14.562364578247070313 14.557332992553710938 14.554986000061035156 14.553438186645507813 14.551504135131835938 14.550228118896484375 14.549412727355957031 14.5482940673828125 14.5470428466796875 14.546048164367675781 14.545238494873046875 14.543818473815917969 14.54261016845703125 14.538873672485351563 14.535181999206542969 -9999
14.727947235107421875 14.7383575439453125 14.72948455810546875 14.695774078369140625 14.661528587341308594 14.6392669677734375 14.626797676086425781 14.618055343627929688 14.610651016235351563 14.597089767456054688 14.584865570068359375 14.577825546264648438 14.5730438232421875 14.572820663452148438 14.575699806213378906 14.576147079467773438 14.5779266357421875 14.577728271484375 14.578058242797851563 14.579015731811523438 14.579512596130371094 14.57941436767578125 14.578680992126464844 14.577632904052734375 14.57566070556640625 14.571248054504394531 14.567847251892089844 14.562103271484375 14.556984901428222656 14.554827690124511719 14.554065704345703125 14.552912712097167969 14.551275253295898438 14.550348281860351563 14.549147605895996094 14.548845291137695313 14.548781394958496094 14.548563957214355469 14.547093391418457031 14.545639991760253906 14.543468475341796875 -9999 -9999
14.734230995178222656 14.720905303955078125 14.700421333312988281 14.667646408081054688 14.645183563232421875 14.631274223327636719 14.623539924621582031 14.615840911865234375 14.60883331298828125 14.598052024841308594 14.587291717529296875 14.579622268676757813 14.575351715087890625 14.577109336853027344 14.5814666748046875 14.581003189086914063 14.579990386962890625 14.579898834228515625 14.579906463623046875 14.580404281616210938 14.580386161804199219 14.579859733581542969 14.578942298889160156 14.577905654907226563 14.575971603393554688 14.570767402648925781 14.566800117492675781 14.56099700927734375 14.556336402893066406 14.5547332763671875 14.554123878479003906 14.553399085998535156 14.552416801452636719 14.551720619201660156 14.55042266845703125 14.550268173217773438 14.550616264343261719 14.55113983154296875 -9999 -9999 -9999 -9999 -9999
14.713530540466308594 14.689751625061035156 14.67136383056640625 14.651699066162109375 14.640542030334472656 14.629391670227050781 14.621033668518066406 14.614584922790527344 14.608385086059570313 14.598546981811523438 14.588169097900390625 14.580862045288085938 14.578713417053222656 14.5825042724609375 14.584093093872070313 14.583043098449707031 14.582227706909179688 14.582489967346191406 14.582353591918945313 14.582238197326660156 14.582200050354003906 14.581691741943359375 14.580106735229492188 14.577785491943359375 14.574713706970214844 14.568712234497070313 14.564421653747558594 14.559378623962402344 14.555719375610351563 14.554650306701660156 14.554088592529296875 14.553499221801757813 14.553114891052246094 14.552759170532226563 14.551846504211425781 14.551374435424804688 14.552018165588378906 14.552660942077636719 -9999 -9999 -9999 -9999 -9999
14.683910369873046875 14.663553237915039063 14.65241241455078125 14.642348289489746094 14.636950492858886719 14.627267837524414063 14.618231773376464844 14.612092971801757813 14.607021331787109375 14.598290443420410156 14.588514328002929688 14.582540512084960938 14.582228660583496094 14.587016105651855469 14.58715057373046875 14.585895538330078125 14.585289955139160156 14.585613250732421875 14.585362434387207031 14.584845542907714844 14.584572792053222656 14.583248138427734375 14.581006050109863281 14.57757568359375 14.572656631469726563 14.565618515014648438 14.561268806457519531 14.557414054870605469 14.555285453796386719 14.554677009582519531 14.554453849792480469 14.5542449951171875 14.554553031921386719 14.554467201232910156 14.553502082824707031 14.552924156188964844 14.553225517272949219 14.553210258483886719 -9999 -9999 -9999 -9999 -9999
14.662114143371582031 14.648795127868652344 14.643129348754882813 14.63774871826171875 14.633910179138183594 14.626068115234375 14.616405487060546875 14.609964370727539063 14.605589866638183594 14.597783088684082031 14.589119911193847656 14.586011886596679688 14.588751792907714844 14.590555191040039063 14.589885711669921875 14.589082717895507813 14.588616371154785156 14.589005470275878906 14.58892822265625 14.588345527648925781 14.587673187255859375 14.585103988647460938 14.581032752990722656 14.575971603393554688 14.569239616394042969 14.561606407165527344 14.557789802551269531 14.556043624877929688 14.555277824401855469 14.555560111999511719 14.556214332580566406 14.556135177612304688 14.555769920349121094 14.555574417114257813 14.55529022216796875 14.555129051208496094 14.554196357727050781 -9999 -9999 -9999 -9999 -9999 -9999
14.658700942993164063 14.645436286926269531 14.641663551330566406 14.636972427368164063 14.632281303405761719 14.624709129333496094 14.614011764526367188 14.6062469482421875 14.601488113403320313 14.595179557800292969 14.589484214782714844 14.592001914978027344 14.593974113464355469 14.592595100402832031 14.591535568237304688 14.591984748840332031 14.592595100402832031 14.59329986572265625 14.592958450317382813 14.591954231262207031 14.590533256530761719 14.586430549621582031 14.580076217651367188 14.573416709899902344 14.566112518310546875 14.559578895568847656 14.556588172912597656 14.556043624877929688 14.556316375732421875 14.557157516479492188 14.557501792907714844 14.557270050048828125 14.557139396667480469 14.557586669921875 14.55786895751953125 14.55755615234375 14.555471420288085938 -9999 -9999 -9999 -9999 -9999 -9999
14.657711029052734375 14.644472122192382813 14.641289710998535156 14.636150360107421875 14.630541801452636719 14.621123313903808594 14.608311653137207031 14.599656105041503906 14.595300674438476563 14.591205596923828125 14.592656135559082031 14.596418380737304688 14.594763755798339844 14.593739509582519531 14.594239234924316406 14.595898628234863281 14.596708297729492188 14.597086906433105469 14.596091270446777344 14.593719482421875 14.590817451477050781 14.584984779357910156 14.577786445617675781 14.570460319519042969 14.563137054443359375 14.55847930908203125 14.557024955749511719 14.557384490966796875 14.558442115783691406 14.55913543701171875 14.559912681579589844 14.561392784118652344 14.56352996826171875 14.56317138671875 14.561648368835449219 -9999 -9999 -9999 -9999 -9999 -9999 -9999 -9999
14.655580520629882813 14.643733978271484375 14.639829635620117188 14.634068489074707031 14.627976417541503906 14.617905616760253906 14.60494232177734375 14.596019744873046875 14.591710090637207031 14.589132308959960938 14.596127510070800781 14.597041130065917969 14.595485687255859375 14.595073699951171875 14.596370697021484375 14.598638534545898438 14.599503517150878906 14.598804473876953125 14.5960693359375 14.592187881469726563 14.588609695434570313 14.582272529602050781 14.574692726135253906 14.567996978759765625 14.562293052673339844 14.559309959411621094 14.558544158935546875 14.55869293212890625 14.559887886047363281 14.561213493347167969 14.562361717224121094 14.568166732788085938 14.575360298156738281 14.567748069763183594 -9999 -9999 -9999 -9999 -9999 -9999 -9999 -9999 -9999
14.651917457580566406 14.642152786254882813 14.637450218200683594 14.631222724914550781 14.624732017517089844 14.6146697998046875 14.600276947021484375 14.58879852294921875 14.584852218627929688 14.589008331298828125 14.597485542297363281 14.598389625549316406 14.597711563110351563 14.597857475280761719 14.599722862243652344 14.602764129638671875 14.602591514587402344 14.599918365478515625 14.594901084899902344 14.588818550109863281 14.584627151489257813 14.578248977661132813 14.57115936279296875 14.565855979919433594 14.562150001525878906 14.560355186462402344 14.559893608093261719 14.560034751892089844 14.561598777770996094 14.563650131225585938 14.566549301147460938 14.577719688415527344 14.589524269104003906 -9999 -9999 -9999 -9999 -9999 -9999 -9999 -9999 -9999 -9999
14.643919944763183594 14.633878707885742188 14.629220962524414063 14.623434066772460938 14.616984367370605469 14.607122421264648438 14.593992233276367188 14.583093643188476563 14.579707145690917969 14.585493087768554688 14.598524093627929688 14.601244926452636719 14.601754188537597656 14.60302734375 14.605387687683105469 14.608153343200683594 14.605469703674316406 14.600305557250976563 14.593309402465820313 14.585514068603515625 14.580903053283691406 14.574795722961425781 14.568583488464355469 14.564501762390136719 14.56273651123046875 14.56177520751953125 14.561429977416992188 14.561773300170898438 14.563992500305175781 14.569005966186523438 14.577579498291015625 14.58465576171875 14.590209007263183594 -9999 -9999 -9999 -9999 -9999 -9999 -9999 -9999 -9999 -9999
14.636538505554199219 14.624615669250488281 14.620553970336914063 14.615995407104492188 14.609753608703613281 14.600004196166992188 14.591352462768554688 14.58557891845703125 14.583243370056152344 14.583758354187011719 14.6013946533203125 14.606165885925292969 14.608803749084472656 14.611111640930175781 14.612704277038574219 14.611866950988769531 14.606150627136230469 14.599393844604492188 14.591677665710449219 14.5836334228515625 14.579323768615722656 14.573747634887695313 14.568417549133300781 14.56470489501953125 14.562623977661132813 14.56170654296875 14.561396598815917969 14.562294960021972656 14.565947532653808594 14.575362205505371094 14.586569786071777344 14.590847015380859375 -9999 -9999 -9999 -9999 -9999 -9999 -9999 -9999 -9999 -9999 -9999
