INPUT/RASTER/ASCII/BIO03.asc
ncols        225
nrows        269
xllcorner    473009.983799999987
yllcorner    4429051.174800000153
cellsize     50.000000000000
NODATA_value -9999
[rows 171 to 189 of 269, columns 86 to 128 of 225]
38.738620758056640625 38.7256011962890625 38.7001495361328125 38.636264801025390625 38.55501556396484375 38.476154327392578125 38.40262603759765625 38.320873260498046875 38.257480621337890625 38.18296051025390625 38.09813690185546875 38.033847808837890625 37.962604522705078125 37.904102325439453125 37.859935760498046875 37.835659027099609375 37.803714752197265625 37.74774932861328125 37.665897369384765625 37.600246429443359375 37.580051422119140625 37.595653533935546875 37.690189361572265625 37.89748382568359375 38.145404815673828125 38.370609283447265625 38.506771087646484375 38.518310546875 38.456737518310546875 38.3108062744140625 38.0805206298828125 37.836757659912109375 37.666049957275390625 37.58872222900390625 37.525356292724609375 37.469303131103515625 37.426326751708984375 37.400058746337890625 37.38829803466796875 37.396831512451171875 37.450725555419921875 37.606410980224609375 37.83922576904296875
38.73621368408203125 38.71448516845703125 38.686084747314453125 38.628520965576171875 38.551769256591796875 38.468235015869140625 38.382049560546875 38.301776885986328125 38.24323272705078125 38.1685333251953125 38.080501556396484375 38.020137786865234375 37.9537200927734375 37.89080047607421875 37.852085113525390625 37.822742462158203125 37.79093170166015625 37.75514984130859375 37.702960968017578125 37.635662078857421875 37.599102020263671875 37.60356903076171875 37.689792633056640625 37.895572662353515625 38.14443206787109375 38.37054443359375 38.502689361572265625 38.524417877197265625 38.4957427978515625 38.39141845703125 38.197544097900390625 37.946605682373046875 37.7313690185546875 37.644683837890625 37.592174530029296875 37.5391693115234375 37.48099517822265625 37.418628692626953125 37.36704254150390625 37.33080291748046875 37.334918975830078125 37.45272064208984375 37.64377593994140625
38.723056793212890625 38.688838958740234375 38.6535797119140625 38.5888214111328125 38.497600555419921875 38.407032012939453125 38.320728302001953125 38.2401123046875 38.186405181884765625 38.119598388671875 38.039081573486328125 37.9886474609375 37.942768096923828125 37.889446258544921875 37.858234405517578125 37.8215179443359375 37.788726806640625 37.758975982666015625 37.723896026611328125 37.68074798583984375 37.6403656005859375 37.621021270751953125 37.69521331787109375 37.9102020263671875 38.16387176513671875 38.377582550048828125 38.493988037109375 38.51532745361328125 38.50922393798828125 38.458499908447265625 38.304279327392578125 38.0213470458984375 37.784069061279296875 37.7137451171875 37.689426422119140625 37.6555938720703125 37.585338592529296875 37.486431121826171875 37.395355224609375 37.331989288330078125 37.301788330078125 37.382923126220703125 37.534198760986328125
38.696529388427734375 38.6458282470703125 38.60059356689453125 38.521701812744140625 38.419399261474609375 38.321269989013671875 38.2293243408203125 38.141845703125 38.080852508544921875 38.029888153076171875 37.988739013671875 37.9626007080078125 37.9318695068359375 37.891872406005859375 37.863780975341796875 37.824352264404296875 37.793590545654296875 37.7635345458984375 37.72988128662109375 37.70690155029296875 37.69461822509765625 37.6734771728515625 37.7435302734375 37.969600677490234375 38.2215576171875 38.414417266845703125 38.502811431884765625 38.511333465576171875 38.50455474853515625 38.47991180419921875 38.3440399169921875 38.09326171875 37.904804229736328125 37.854259490966796875 37.851276397705078125 37.8335723876953125 37.747959136962890625 37.6187286376953125 37.50432586669921875 37.423442840576171875 37.349491119384765625 37.37128448486328125 37.47507476806640625
38.66265869140625 38.599338531494140625 38.55019378662109375 38.461132049560546875 38.341365814208984375 38.2262420654296875 38.124237060546875 38.050563812255859375 38.001827239990234375 37.9642333984375 37.95185089111328125 37.94509124755859375 37.924407958984375 37.8909912109375 37.86722564697265625 37.833858489990234375 37.80541229248046875 37.77289581298828125 37.738712310791015625 37.720272064208984375 37.721134185791015625 37.75994873046875 37.88970947265625 38.107265472412109375 38.321750640869140625 38.495243072509765625 38.574054718017578125 38.5738067626953125 38.535007476806640625 38.47682952880859375 38.366428375244140625 38.2254791259765625 38.137538909912109375 38.11635589599609375 38.120029449462890625 38.091869354248046875 37.98543548583984375 37.84236907958984375 37.7205657958984375 37.624340057373046875 37.484630584716796875 37.42911529541015625 37.46599578857421875
38.60088348388671875 38.5299072265625 38.4779510498046875 38.385143280029296875 38.257884979248046875 38.14476776123046875 38.04994964599609375 37.99500274658203125 37.973598480224609375 37.956844329833984375 37.95304107666015625 37.94199371337890625 37.924831390380859375 37.892822265625 37.86983489990234375 37.840236663818359375 37.811916351318359375 37.777530670166015625 37.742824554443359375 37.735767364501953125 37.7579193115234375 37.852787017822265625 38.05397796630859375 38.27205657958984375 38.445079803466796875 38.60813140869140625 38.723346710205078125 38.711551666259765625 38.611888885498046875 38.502536773681640625 38.414703369140625 38.36995697021484375 38.3644866943359375 38.375701904296875 38.385326385498046875 38.33876800537109375 38.218235015869140625 38.07981109619140625 37.95772552490234375 37.848705291748046875 37.667385101318359375 37.5535430908203125 37.51300811767578125
38.517269134521484375 38.4507293701171875 38.404880523681640625 38.32376861572265625 38.212665557861328125 38.112323760986328125 38.02657318115234375 37.9754638671875 37.9593658447265625 37.9658660888671875 37.983364105224609375 37.975864410400390625 37.94769287109375 37.903003692626953125 37.87146759033203125 37.83463287353515625 37.800136566162109375 37.760150909423828125 37.734058380126953125 37.754718780517578125 37.81063079833984375 37.9560546875 38.18729400634765625 38.41635894775390625 38.591037750244140625 38.74358367919921875 38.85672760009765625 38.822093963623046875 38.675262451171875 38.530033111572265625 38.44770050048828125 38.446563720703125 38.494781494140625 38.539707183837890625 38.55669403076171875 38.491321563720703125 38.367145538330078125 38.247043609619140625 38.133243560791015625 38.029399871826171875 37.864307403564453125 37.71491241455078125 37.5960540771484375
38.450305938720703125 38.395038604736328125 38.36122894287109375 38.300384521484375 38.208454132080078125 38.116359710693359375 38.039722442626953125 37.987995147705078125 37.967266082763671875 37.982028961181640625 38.029296875 38.053730010986328125 38.01338958740234375 37.9304962158203125 37.874603271484375 37.817798614501953125 37.77539825439453125 37.7343292236328125 37.7295379638671875 37.800426483154296875 37.897403717041015625 38.071468353271484375 38.3131103515625 38.53858184814453125 38.74170684814453125 38.891170501708984375 38.934932708740234375 38.871349334716796875 38.70595550537109375 38.547763824462890625 38.468944549560546875 38.480220794677734375 38.543918609619140625 38.62279510498046875 38.66849517822265625 38.592525482177734375 38.4845428466796875 38.402618408203125 38.31536102294921875 38.227481842041015625 38.06961822509765625 37.89160919189453125 37.725372314453125
38.41242218017578125 38.362033843994140625 38.337467193603515625 38.293975830078125 38.216945648193359375 38.1333465576171875 38.06726837158203125 38.01824188232421875 37.996021270751953125 38.018856048583984375 38.087001800537109375 38.140148162841796875 38.109310150146484375 37.984882354736328125 37.894977569580078125 37.81275177001953125 37.76444244384765625 37.732975006103515625 37.752185821533203125 37.871021270751953125 38.000873565673828125 38.176910400390625 38.4153900146484375 38.642711639404296875 38.8555755615234375 39.011432647705078125 39.002483367919921875 38.905765533447265625 38.725528717041015625 38.567867279052734375 38.4857177734375 38.483783721923828125 38.538051605224609375 38.6393280029296875 38.723392486572265625 38.66728973388671875 38.594882965087890625 38.559112548828125 38.50861358642578125 38.42453765869140625 38.250606536865234375 38.064708709716796875 37.88779449462890625
38.405689239501953125 38.348926544189453125 38.328937530517578125 38.293548583984375 38.2234649658203125 38.14281463623046875 38.084415435791015625 38.0460968017578125 38.03298187255859375 38.06812286376953125 38.142795562744140625 38.20194244384765625 38.191463470458984375 38.069599151611328125 37.967342376708984375 37.867809295654296875 37.81023406982421875 37.78516387939453125 37.81939697265625 37.964893341064453125 38.108860015869140625 38.275524139404296875 38.506908416748046875 38.735233306884765625 38.92783355712890625 39.079196929931640625 39.083263397216796875 38.9730072021484375 38.7731170654296875 38.613704681396484375 38.51828765869140625 38.48905181884765625 38.530055999755859375 38.635120391845703125 38.747966766357421875 38.74248504638671875 38.712677001953125 38.709056854248046875 38.672245025634765625 38.584415435791015625 38.417156219482421875 38.242839813232421875 38.06763458251953125
38.421634674072265625 38.35321807861328125 38.32912445068359375 38.290737152099609375 38.217159271240234375 38.135196685791015625 38.08203887939453125 38.059112548828125 38.06716156005859375 38.124317169189453125 38.202571868896484375 38.2623291015625 38.271404266357421875 38.197940826416015625 38.12232208251953125 38.024669647216796875 37.953472137451171875 37.928363800048828125 37.98015594482421875 38.127376556396484375 38.25853729248046875 38.405818939208984375 38.615352630615234375 38.818614959716796875 38.980022430419921875 39.12300872802734375 39.152133941650390625 39.0665435791015625 38.879215240478515625 38.71485137939453125 38.5934295654296875 38.5314788818359375 38.551998138427734375 38.6384429931640625 38.770259857177734375 38.838985443115234375 38.85936737060546875 38.8683013916015625 38.8206329345703125 38.736057281494140625 38.604099273681640625 38.45098876953125 38.279003143310546875
38.44980621337890625 38.3618316650390625 38.325031280517578125 38.27352142333984375 38.190128326416015625 38.108539581298828125 38.067554473876953125 38.0644378662109375 38.104351043701171875 38.194881439208984375 38.29801177978515625 38.382587432861328125 38.423046112060546875 38.394924163818359375 38.3582763671875 38.298858642578125 38.230907440185546875 38.21305084228515625 38.292659759521484375 38.423503875732421875 38.52291107177734375 38.635936737060546875 38.773471832275390625 38.905750274658203125 39.033084869384765625 39.1657562255859375 39.229923248291015625 39.18425750732421875 39.056331634521484375 38.899608612060546875 38.7167510986328125 38.60509490966796875 38.59607696533203125 38.650238037109375 38.790374755859375 38.953205108642578125 39.024017333984375 39.027835845947265625 38.98479461669921875 38.907520294189453125 38.76317596435546875 38.6058197021484375 38.4435882568359375
38.455341339111328125 38.34931182861328125 38.3060150146484375 38.244647979736328125 38.155445098876953125 38.085933685302734375 38.071361541748046875 38.0942840576171875 38.145801544189453125 38.255252838134765625 38.3736572265625 38.47144317626953125 38.5329742431640625 38.521656036376953125 38.48995208740234375 38.444400787353515625 38.41069793701171875 38.421176910400390625 38.521869659423828125 38.663051605224609375 38.75272369384765625 38.80898284912109375 38.8795166015625 38.96831512451171875 39.07672882080078125 39.200298309326171875 39.2870025634765625 39.2656097412109375 39.15887451171875 39.009918212890625 38.804012298583984375 38.641510009765625 38.61006927490234375 38.655246734619140625 38.794673919677734375 38.9614105224609375 39.0467071533203125 39.06198883056640625 39.042568206787109375 38.990264892578125 38.87359619140625 38.736972808837890625 38.593235015869140625
38.449192047119140625 38.3287506103515625 38.277690887451171875 38.207202911376953125 38.1197967529296875 38.081295013427734375 38.10205841064453125 38.147312164306640625 38.205364227294921875 38.311748504638671875 38.4239349365234375 38.51210784912109375 38.586658477783203125 38.60593414306640625 38.57830810546875 38.53339385986328125 38.51854705810546875 38.551998138427734375 38.6740264892578125 38.822696685791015625 38.896785736083984375 38.928775787353515625 38.9632110595703125 39.026569366455078125 39.11917877197265625 39.22832489013671875 39.31787109375 39.313343048095703125 39.22167205810546875 39.05971527099609375 38.86354827880859375 38.692043304443359375 38.633304595947265625 38.67896270751953125 38.802051544189453125 38.941089630126953125 39.033962249755859375 39.0648651123046875 39.067066192626953125 39.0404510498046875 38.96248626708984375 38.852390289306640625 38.72406005859375
38.42566680908203125 38.290843963623046875 38.233966827392578125 38.1629486083984375 38.095493316650390625 38.08734893798828125 38.13714599609375 38.198787689208984375 38.26459503173828125 38.36798858642578125 38.47118377685546875 38.55389404296875 38.639453887939453125 38.679729461669921875 38.657184600830078125 38.616931915283203125 38.611637115478515625 38.651920318603515625 38.7862701416015625 38.923305511474609375 38.99060821533203125 39.023895263671875 39.05467987060546875 39.106327056884765625 39.17871856689453125 39.26641845703125 39.34600067138671875 39.3465728759765625 39.26062774658203125 39.093341827392578125 38.901763916015625 38.7622222900390625 38.703411102294921875 38.7213897705078125 38.805820465087890625 38.924297332763671875 39.023937225341796875 39.07335662841796875 39.096485137939453125 39.090366363525390625 39.04319000244140625 38.956821441650390625 38.846012115478515625
38.36688995361328125 38.2320098876953125 38.17913055419921875 38.125049591064453125 38.089382171630859375 38.10851287841796875 38.178955078125 38.25463104248046875 38.32981109619140625 38.43381500244140625 38.53195953369140625 38.6244659423828125 38.718593597412109375 38.755619049072265625 38.73311614990234375 38.699687957763671875 38.707317352294921875 38.751422882080078125 38.873382568359375 38.99738311767578125 39.05197906494140625 39.084552764892578125 39.1283721923828125 39.188945770263671875 39.248310089111328125 39.31554412841796875 39.37606048583984375 39.37557220458984375 39.296390533447265625 39.14019012451171875 38.95928192138671875 38.8485260009765625 38.8062286376953125 38.781494140625 38.811969757080078125 38.91262054443359375 39.021068572998046875 39.09275054931640625 39.13762664794921875 39.1485137939453125 39.12523651123046875 39.060756683349609375 38.97370147705078125
38.283660888671875 38.18707275390625 38.15207672119140625 38.12165069580078125 38.119724273681640625 38.168315887451171875 38.2541351318359375 38.33603668212890625 38.411441802978515625 38.50638580322265625 38.59600830078125 38.68709564208984375 38.773468017578125 38.8135833740234375 38.805084228515625 38.7871856689453125 38.80594635009765625 38.83972930908203125 38.933788299560546875 39.04242706298828125 39.079845428466796875 39.08232879638671875 39.1129150390625 39.18740081787109375 39.263332366943359375 39.341827392578125 39.39127349853515625 39.4007720947265625 39.35144805908203125 39.23357391357421875 39.078731536865234375 38.959255218505859375 38.884670257568359375 38.8385467529296875 38.83765411376953125 38.915378570556640625 39.024105072021484375 39.12233734130859375 39.192760467529296875 39.227130889892578125 39.232654571533203125 39.19377899169921875 39.1364593505859375
38.217266082763671875 38.1737213134765625 38.158069610595703125 38.14968109130859375 38.191112518310546875 38.276744842529296875 38.370616912841796875 38.445003509521484375 38.505138397216796875 38.573627471923828125 38.6330718994140625 38.68988800048828125 38.755542755126953125 38.836917877197265625 38.883331298828125 38.918548583984375 38.923702239990234375 38.91570281982421875 38.979404449462890625 39.041034698486328125 39.051883697509765625 39.03090667724609375 39.03150177001953125 39.089962005615234375 39.1876068115234375 39.300708770751953125 39.363269805908203125 39.407032012939453125 39.412784576416015625 39.351314544677734375 39.218685150146484375 39.07239532470703125 38.961864471435546875 38.8740997314453125 38.8492584228515625 38.931671142578125 39.03224945068359375 39.147998809814453125 39.246967315673828125 39.311431884765625 39.353336334228515625 39.337306976318359375 39.300365447998046875
38.188934326171875 38.17217254638671875 38.163539886474609375 38.17118072509765625 38.243560791015625 38.350860595703125 38.4434356689453125 38.50640106201171875 38.545307159423828125 38.5744476318359375 38.59224700927734375 38.619670867919921875 38.678180694580078125 38.810550689697265625 38.908782958984375 39.00264739990234375 39.01248931884765625 38.969181060791015625 39.017627716064453125 39.05059814453125 39.03000640869140625 38.998462677001953125 38.97452545166015625 38.99730682373046875 39.085590362548828125 39.209339141845703125 39.28865814208984375 39.383026123046875 39.44983673095703125 39.430767059326171875 39.312389373779296875 39.159641265869140625 39.03507232666015625 38.902599334716796875 38.826015472412109375 38.922687530517578125 39.04894256591796875 39.162502288818359375 39.276142120361328125 39.3642578125 39.435802459716796875 39.4270172119140625 39.393405914306640625
