INPUT/RASTER/ASCII/BIO08.asc
ncols        225
nrows        269
xllcorner    473000.000000000000
yllcorner    4429100.000000000000
cellsize     50.000000000000
NODATA_value -9999
[rows 160 to 179 of 269, columns 0 to 43 of 225]
-9999 -9999 -9999 -9999 -9999 -9999 -9999 -9999 14.956244468688964844 14.938986778259277344 14.889623641967773438 14.859286308288574219 14.855539321899414062 14.844388961791992188 14.845219612121582031 14.834506988525390625 14.832632064819335938 14.824957847595214844 14.817934989929199219 14.810894966125488281 14.795350074768066406 14.793962478637695312 14.7811431884765625 14.775952339172363281 14.778364181518554688 14.775854110717773438 14.776780128479003906 14.771752357482910156 14.770158767700195312 14.767339706420898438 14.766777992248535156 14.76593780517578125 14.752714157104492188 14.749279022216796875 14.741624832153320312 14.736234664916992188 14.72869110107421875 14.72034454345703125 14.712537765502929688 14.7101898193359375 14.708614349365234375 14.705275535583496094 14.701934814453125 14.6999664306640625
-9999 -9999 -9999 -9999 -9999 -9999 -9999 -9999 -9999 14.945814132690429688 14.904768943786621094 14.863470077514648438 14.855762481689453125 14.85134124755859375 14.850979804992675781 14.843151092529296875 14.837739944458007812 14.83173370361328125 14.822698593139648438 14.812761306762695312 14.806557655334472656 14.798437118530273438 14.789644241333007812 14.783427238464355469 14.7839813232421875 14.781744956970214844 14.781266212463378906 14.777109146118164062 14.780376434326171875 14.780454635620117188 14.778742790222167969 14.76969146728515625 14.75763702392578125 14.75308990478515625 14.745203018188476562 14.736502647399902344 14.730447769165039062 14.722050666809082031 14.7168426513671875 14.713587760925292969 14.711001396179199219 14.709791183471679688 14.704641342163085938 14.70468902587890625
-9999 -9999 -9999 -9999 -9999 -9999 -9999 -9999 14.956502914428710938 14.952532768249511719 14.910984039306640625 14.865596771240234375 14.85823822021484375 14.856225013732910156 14.856695175170898438 14.849157333374023438 14.842812538146972656 14.835976600646972656 14.823275566101074219 14.814258575439453125 14.808964729309082031 14.80367279052734375 14.795886993408203125 14.788798332214355469 14.789590835571289062 14.788531303405761719 14.789476394653320312 14.785177230834960938 14.787076950073242188 14.785826683044433594 14.782019615173339844 14.768939971923828125 14.757066726684570312 14.752679824829101562 14.745615005493164062 14.737577438354492188 14.7316131591796875 14.724064826965332031 14.719961166381835938 14.7172698974609375 14.714474678039550781 14.712921142578125 14.707982063293457031 14.707826614379882812
-9999 -9999 -9999 -9999 -9999 -9999 -9999 14.954687118530273438 14.957571029663085938 14.95401763916015625 14.908982276916503906 14.865618705749511719 14.860272407531738281 14.858549118041992188 14.858123779296875 14.85384368896484375 14.846777915954589844 14.837890625 14.824441909790039062 14.817975997924804688 14.812826156616210938 14.806301116943359375 14.799976348876953125 14.795458793640136719 14.796685218811035156 14.795477867126464844 14.796183586120605469 14.791399002075195312 14.789692878723144531 14.789612770080566406 14.783140182495117188 14.768951416015625 14.757757186889648438 14.754907608032226562 14.748022079467773438 14.73860931396484375 14.73316192626953125 14.725943565368652344 14.722294807434082031 14.72061920166015625 14.718013763427734375 14.716816902160644531 14.712199211120605469 14.7109527587890625
-9999 -9999 -9999 -9999 -9999 -9999 14.951821327209472656 14.950575828552246094 14.955426216125488281 14.945018768310546875 14.895145416259765625 14.866334915161132812 14.862903594970703125 14.860904693603515625 14.8609619140625 14.858846664428710938 14.8528594970703125 14.842570304870605469 14.827825546264648438 14.81983184814453125 14.815822601318359375 14.810039520263671875 14.804293632507324219 14.800769805908203125 14.803789138793945312 14.805375099182128906 14.805100440979003906 14.800133705139160156 14.798239707946777344 14.794703483581542969 14.783529281616210938 14.768945693969726562 14.758139610290527344 14.754156112670898438 14.749218940734863281 14.740674972534179688 14.735402107238769531 14.728219032287597656 14.725009918212890625 14.724000930786132812 14.722478866577148438 14.720698356628417969 14.716051101684570312 14.714458465576171875
-9999 -9999 -9999 -9999 -9999 -9999 14.929141044616699219 14.930396080017089844 14.933564186096191406 14.925983428955078125 14.89305877685546875 14.873737335205078125 14.867155075073242188 14.868236541748046875 14.870790481567382812 14.86821746826171875 14.857821464538574219 14.845697402954101562 14.832713127136230469 14.823522567749023438 14.819454193115234375 14.811533927917480469 14.807498931884765625 14.805521965026855469 14.807152748107910156 14.81475067138671875 14.81842041015625 14.817830085754394531 14.811883926391601562 14.80031585693359375 14.7840728759765625 14.76851654052734375 14.757966041564941406 14.753751754760742188 14.748618125915527344 14.742529869079589844 14.738409042358398438 14.7318115234375 14.727727890014648438 14.726861000061035156 14.726055145263671875 14.723795890808105469 14.719292640686035156 14.717179298400878906
-9999 -9999 -9999 -9999 -9999 14.939562797546386719 14.91452789306640625 14.910430908203125 14.912786483764648438 14.911745071411132812 14.898146629333496094 14.879770278930664062 14.875182151794433594 14.881622314453125 14.886628150939941406 14.878660202026367188 14.854627609252929688 14.841086387634277344 14.832988739013671875 14.826465606689453125 14.824495315551757812 14.819687843322753906 14.813444137573242188 14.811919212341308594 14.811620712280273438 14.832373619079589844 14.847971916198730469 14.848649024963378906 14.828374862670898438 14.805270195007324219 14.783519744873046875 14.771046638488769531 14.760445594787597656 14.755859375 14.750845909118652344 14.744747161865234375 14.742590904235839844 14.74013519287109375 14.737532615661621094 14.735013008117675781 14.730714797973632812 14.728425979614257812 14.724564552307128906 14.72336578369140625
-9999 -9999 -9999 -9999 -9999 14.940006256103515625 14.915619850158691406 14.909771919250488281 14.910275459289550781 14.909100532531738281 14.905261993408203125 14.898537635803222656 14.897731781005859375 14.894747734069824219 14.889172554016113281 14.876392364501953125 14.850799560546875 14.837820053100585938 14.830120086669921875 14.82793426513671875 14.832079887390136719 14.834665298461914062 14.826872825622558594 14.824616432189941406 14.816417694091796875 14.846919059753417969 14.868874549865722656 14.853902816772460938 14.818202018737792969 14.80126953125 14.785552978515625 14.772868156433105469 14.763149261474609375 14.758815765380859375 14.754340171813964844 14.74808502197265625 14.74367523193359375 14.740654945373535156 14.737537384033203125 14.736884117126464844 14.733827590942382812 14.729940414428710938 14.727779388427734375 14.726444244384765625
-9999 -9999 -9999 -9999 -9999 14.943079948425292969 14.920421600341796875 14.914099693298339844 14.915122032165527344 14.914414405822753906 14.911151885986328125 14.902919769287109375 14.903862953186035156 14.901541709899902344 14.895700454711914062 14.880850791931152344 14.853757858276367188 14.8426513671875 14.835089683532714844 14.83158111572265625 14.843824386596679688 14.862743377685546875 14.859438896179199219 14.855633735656738281 14.851069450378417969 14.864670753479003906 14.870929718017578125 14.847059249877929688 14.813078880310058594 14.800756454467773438 14.788167953491210938 14.776917457580566406 14.767987251281738281 14.762918472290039062 14.758217811584472656 14.751363754272460938 14.746605873107910156 14.742739677429199219 14.738306999206542969 14.737685203552246094 14.736310005187988281 14.732557296752929688 14.730132102966308594 14.727982521057128906
-9999 -9999 -9999 -9999 -9999 14.945783615112304688 14.924672126770019531 14.917074203491210938 14.918321609497070312 14.919016838073730469 14.916462898254394531 14.908930778503417969 14.912606239318847656 14.910910606384277344 14.902766227722167969 14.889812469482421875 14.860569000244140625 14.851759910583496094 14.854578971862792969 14.850019454956054688 14.866712570190429688 14.877245903015136719 14.876806259155273438 14.875516891479492188 14.87432861328125 14.867411613464355469 14.856413841247558594 14.830435752868652344 14.810148239135742188 14.800963401794433594 14.790044784545898438 14.779201507568359375 14.772507667541503906 14.767380714416503906 14.762061119079589844 14.754322052001953125 14.749530792236328125 14.745038032531738281 14.742049217224121094 14.740267753601074219 14.7371826171875 14.734766006469726562 14.733095169067382812 14.730258941650390625
-9999 -9999 -9999 -9999 14.9690399169921875 14.951665878295898438 14.934217453002929688 14.923612594604492188 14.922870635986328125 14.923574447631835938 14.9202880859375 14.914873123168945312 14.928486824035644531 14.926004409790039062 14.914339065551757812 14.901003837585449219 14.866907119750976562 14.869474411010742188 14.881450653076171875 14.880259513854980469 14.885255813598632812 14.884918212890625 14.879835128784179688 14.874231338500976562 14.876371383666992188 14.856500625610351562 14.841587066650390625 14.820694923400878906 14.806824684143066406 14.799824714660644531 14.790509223937988281 14.781854629516601562 14.774909019470214844 14.770734786987304688 14.765810966491699219 14.758005142211914062 14.752121925354003906 14.74831390380859375 14.743489265441894531 14.742619514465332031 14.7393951416015625 14.735533714294433594 14.736703872680664062 14.734040260314941406
-9999 -9999 -9999 -9999 14.9843902587890625 14.965222358703613281 14.935573577880859375 14.931690216064453125 14.929331779479980469 14.930979728698730469 14.924582481384277344 14.93392181396484375 14.947805404663085938 14.940837860107421875 14.936193466186523438 14.919490814208984375 14.8957061767578125 14.892290115356445312 14.892848968505859375 14.888744354248046875 14.88714599609375 14.884660720825195312 14.872554779052734375 14.8646240234375 14.84870147705078125 14.838747024536132812 14.823900222778320312 14.815051078796386719 14.805706977844238281 14.796299934387207031 14.792119979858398438 14.783181190490722656 14.774571418762207031 14.773031234741210938 14.767161369323730469 14.761953353881835938 14.755453109741210938 14.752288818359375 14.747179985046386719 14.745817184448242188 14.743346214294433594 14.738552093505859375 14.741484642028808594 14.739320755004882812
-9999 -9999 -9999 -9999 15.006083488464355469 14.984211921691894531 14.942586898803710938 14.93645477294921875 14.934739112854003906 14.937314987182617188 14.937265396118164062 14.955418586730957031 14.955011367797851562 14.951848983764648438 14.953535079956054688 14.942609786987304688 14.938790321350097656 14.907405853271484375 14.888338088989257812 14.860416412353515625 14.864254951477050781 14.843126296997070312 14.850431442260742188 14.837831497192382812 14.82382965087890625 14.820201873779296875 14.811808586120605469 14.810117721557617188 14.80197906494140625 14.797534942626953125 14.790407180786132812 14.785627365112304688 14.777873039245605469 14.775040626525878906 14.76876068115234375 14.766046524047851562 14.762546539306640625 14.759144783020019531 14.756119728088378906 14.751224517822265625 14.750020980834960938 14.745941162109375 14.750219345092773438 14.777153968811035156
-9999 -9999 -9999 -9999 15.011321067810058594 14.986411094665527344 14.943876266479492188 14.938839912414550781 14.939134597778320312 14.941385269165039062 14.944088935852050781 14.955409049987792969 14.956238746643066406 14.953251838684082031 14.950824737548828125 14.944864273071289062 14.924383163452148438 14.904691696166992188 14.8747100830078125 14.846155166625976562 14.840518951416015625 14.830389022827148438 14.829928398132324219 14.823163032531738281 14.821305274963378906 14.815646171569824219 14.812549591064453125 14.808286666870117188 14.8049468994140625 14.797855377197265625 14.792593002319335938 14.787882804870605469 14.782807350158691406 14.779854774475097656 14.774021148681640625 14.767680168151855469 14.76904296875 14.768233299255371094 14.768963813781738281 14.76153564453125 14.76399993896484375 14.759708404541015625 14.780176162719726562 14.825216293334960938
-9999 -9999 -9999 15.0068206787109375 14.995463371276855469 14.969386100769042969 14.942625999450683594 14.943432807922363281 14.944384574890136719 14.944795608520507812 14.946797370910644531 14.955997467041015625 14.955460548400878906 14.950661659240722656 14.945946693420410156 14.932664871215820312 14.905167579650878906 14.885796546936035156 14.856308937072753906 14.842207908630371094 14.836954116821289062 14.830743789672851562 14.826147079467773438 14.82131195068359375 14.819270133972167969 14.814415931701660156 14.812541961669921875 14.809153556823730469 14.804934501647949219 14.800266265869140625 14.796421051025390625 14.792383193969726562 14.787113189697265625 14.783631324768066406 14.782053947448730469 14.774972915649414062 14.78155517578125 14.784502029418945312 14.79232025146484375 14.781424522399902344 14.796979904174804688 14.797123908996582031 14.8253631591796875 14.864541053771972656
-9999 -9999 -9999 15.001638412475585938 14.974039077758789062 14.956422805786132812 14.945110321044921875 14.945460319519042969 14.948029518127441406 14.94940185546875 14.953942298889160156 14.958372116088867188 14.955397605895996094 14.947039604187011719 14.94132232666015625 14.921903610229492188 14.890376091003417969 14.868449211120605469 14.849043846130371094 14.844732284545898438 14.840477943420410156 14.833292007446289062 14.826691627502441406 14.820562362670898438 14.817335128784179688 14.81340789794921875 14.812531471252441406 14.810770988464355469 14.809392929077148438 14.805750846862792969 14.803117752075195312 14.801336288452148438 14.797315597534179688 14.801581382751464844 14.805370330810546875 14.805104255676269531 14.823207855224609375 14.826757431030273438 14.839423179626464844 14.827311515808105469 14.852018356323242188 14.853770256042480469 14.874682426452636719 14.896383285522460938
15.022982597351074219 15.022317886352539062 15.019849777221679688 14.99301910400390625 14.969066619873046875 14.95598602294921875 14.950044631958007812 14.951542854309082031 14.952593803405761719 14.9521331787109375 14.959293365478515625 14.961899757385253906 14.955674171447753906 14.945863723754882812 14.939121246337890625 14.915623664855957031 14.891432762145996094 14.871625900268554688 14.854279518127441406 14.850833892822265625 14.846228599548339844 14.837284088134765625 14.827867507934570312 14.820550918579101562 14.817353248596191406 14.815151214599609375 14.816967964172363281 14.815556526184082031 14.814945220947265625 14.813479423522949219 14.812852859497070312 14.817552566528320312 14.819915771484375 14.84067535400390625 14.848026275634765625 14.854163169860839844 14.874294281005859375 14.879665374755859375 14.888172149658203125 14.881467819213867188 14.898974418640136719 14.901776313781738281 14.914544105529785156 14.918853759765625
-9999 15.001856803894042969 14.996896743774414062 14.976991653442382812 14.96672821044921875 14.959825515747070312 14.958252906799316406 14.959383010864257812 14.957210540771484375 14.956644058227539062 14.968123435974121094 14.967128753662109375 14.959046363830566406 14.945966720581054688 14.9384765625 14.913572311401367188 14.890059471130371094 14.870833396911621094 14.855566024780273438 14.853322982788085938 14.849825859069824219 14.83835601806640625 14.827208518981933594 14.819057464599609375 14.818762779235839844 14.820932388305664062 14.821381568908691406 14.822408676147460938 14.823396682739257812 14.826598167419433594 14.8285980224609375 14.838883399963378906 14.849836349487304688 14.878683090209960938 14.892181396484375 14.9019775390625 14.915971755981445312 14.923937797546386719 14.929026603698730469 14.925945281982421875 14.934574127197265625 14.935197830200195312 14.933682441711425781 14.929698944091796875
-9999 -9999 14.982552528381347656 14.974611282348632812 14.967901229858398438 14.965764045715332031 14.963320732116699219 14.964336395263671875 14.96258544921875 14.967801094055175781 14.981973648071289062 14.97339630126953125 14.963633537292480469 14.948349952697753906 14.939993858337402344 14.910443305969238281 14.883188247680664062 14.862347602844238281 14.850770950317382812 14.849371910095214844 14.846006393432617188 14.837983131408691406 14.82534027099609375 14.819783210754394531 14.824381828308105469 14.832363128662109375 14.836670875549316406 14.849124908447265625 14.872684478759765625 14.884370803833007812 14.892270088195800781 14.903708457946777344 14.917385101318359375 14.939458847045898438 14.954304695129394531 14.965432167053222656 14.968526840209960938 14.972374916076660156 14.972293853759765625 14.97205352783203125 14.972741127014160156 14.968138694763183594 14.947299003601074219 14.927569389343261719
-9999 -9999 -9999 14.979647636413574219 14.973712921142578125 14.973608970642089844 14.97264862060546875 14.974244117736816406 14.975080490112304688 14.980281829833984375 14.999212265014648438 14.987073898315429688 14.968783378601074219 14.948613166809082031 14.939615249633789062 14.906796455383300781 14.876917839050292969 14.855337142944335938 14.84545135498046875 14.84249114990234375 14.839026451110839844 14.831380844116210938 14.822053909301757812 14.821967124938964844 14.825675010681152344 14.8344268798828125 14.840260505676269531 14.864537239074707031 14.891239166259765625 14.9036712646484375 14.918341636657714844 14.929097175598144531 14.941310882568359375 14.958255767822265625 14.975113868713378906 14.984431266784667969 14.983218193054199219 14.982623100280761719 14.982250213623046875 14.980031967163085938 14.973443984985351562 14.964893341064453125 14.943884849548339844 14.921688079833984375
