INPUT/RASTER/ASCII/BIO08.asc
ncols        225
nrows        269
xllcorner    473009.983799999987
yllcorner    4429051.174800000153
cellsize     50.000000000000
NODATA_value -9999
[rows 198 to 215 of 269, columns 42 to 83 of 225]
14.927881240844726563 14.874269485473632813 14.852252960205078125 14.836742401123046875 14.830554962158203125 14.823244094848632813 14.814902305603027344 14.806804656982421875 14.801808357238769531 14.799259185791015625 14.804863929748535156 14.825823783874511719 14.863767623901367188 14.898572921752929688 14.910115242004394531 14.91190338134765625 14.911746025085449219 14.9063568115234375 14.888692855834960938 14.856127738952636719 14.833871841430664063 14.817808151245117188 14.805102348327636719 14.797085762023925781 14.785513877868652344 14.772882461547851563 14.761808395385742188 14.749507904052734375 14.731202125549316406 14.719893455505371094 14.707117080688476563 14.699479103088378906 14.697740554809570313 14.696765899658203125 14.695775985717773438 14.69944000244140625 14.719137191772460938 14.742615699768066406 14.752465248107910156 14.751791000366210938 14.747575759887695313 14.739102363586425781
14.947163581848144531 14.910614013671875 14.891506195068359375 14.866121292114257813 14.845935821533203125 14.827249526977539063 14.814977645874023438 14.809061050415039063 14.806169509887695313 14.814710617065429688 14.838838577270507813 14.866166114807128906 14.894227027893066406 14.913705825805664063 14.917336463928222656 14.913914680480957031 14.906765937805175781 14.892588615417480469 14.865575790405273438 14.830745697021484375 14.81075286865234375 14.800679206848144531 14.792306900024414063 14.780709266662597656 14.764456748962402344 14.748429298400878906 14.736417770385742188 14.725503921508789063 14.711792945861816406 14.704355239868164063 14.697046279907226563 14.695441246032714844 14.697000503540039063 14.696826934814453125 14.697411537170410156 14.709919929504394531 14.743814468383789063 14.772868156433105469 14.781863212585449219 14.774809837341308594 14.758500099182128906 14.739113807678222656
14.972539901733398438 14.953934669494628906 14.940387725830078125 14.913128852844238281 14.881525993347167969 14.844468116760253906 14.827790260314941406 14.832961082458496094 14.838011741638183594 14.85320281982421875 14.87624359130859375 14.894444465637207031 14.909137725830078125 14.917242050170898438 14.915808677673339844 14.903576850891113281 14.885975837707519531 14.861406326293945313 14.828176498413085938 14.795466423034667969 14.7808380126953125 14.774203300476074219 14.764567375183105469 14.748955726623535156 14.7344512939453125 14.724443435668945313 14.717005729675292969 14.710930824279785156 14.702299118041992188 14.695996284484863281 14.692654609680175781 14.695696830749511719 14.700667381286621094 14.704134941101074219 14.712894439697265625 14.73841094970703125 14.77925872802734375 14.805452346801757813 14.8060150146484375 14.789371490478515625 14.755093574523925781 14.719716072082519531
14.988460540771484375 14.983702659606933594 14.977194786071777344 14.957688331604003906 14.93297576904296875 14.903988838195800781 14.891215324401855469 14.898787498474121094 14.904436111450195313 14.909718513488769531 14.912576675415039063 14.913343429565429688 14.913895606994628906 14.910480499267578125 14.901549339294433594 14.873108863830566406 14.8389129638671875 14.807895660400390625 14.782182693481445313 14.760781288146972656 14.752428054809570313 14.746593475341796875 14.735987663269042969 14.72332763671875 14.714980125427246094 14.710833549499511719 14.706971168518066406 14.703432083129882813 14.698227882385253906 14.69341278076171875 14.691208839416503906 14.696690559387207031 14.706124305725097656 14.714314460754394531 14.732067108154296875 14.76807403564453125 14.809885978698730469 14.826157569885253906 14.816687583923339844 14.794537544250488281 14.750265121459960938 14.704607963562011719
14.986189842224121094 14.989299774169921875 14.988226890563964844 14.977234840393066406 14.964971542358398438 14.95491790771484375 14.948072433471679688 14.948508262634277344 14.948380470275878906 14.940827369689941406 14.928438186645507813 14.916820526123046875 14.906674385070800781 14.892445564270019531 14.876933097839355469 14.837457656860351563 14.798234939575195313 14.775300979614257813 14.760808944702148438 14.746259689331054688 14.7404632568359375 14.734709739685058594 14.724284172058105469 14.716756820678710938 14.714060783386230469 14.711102485656738281 14.707563400268554688 14.704138755798339844 14.699392318725585938 14.694222450256347656 14.690859794616699219 14.697474479675292969 14.711578369140625 14.722690582275390625 14.7448883056640625 14.787540435791015625 14.831086158752441406 14.840182304382324219 14.823312759399414063 14.7992095947265625 14.75478363037109375 14.71006011962890625
14.971112251281738281 14.980128288269042969 14.983433723449707031 14.981943130493164063 14.978449821472167969 14.9749755859375 14.969748497009277344 14.964652061462402344 14.960573196411132813 14.945805549621582031 14.925942420959472656 14.905338287353515625 14.884130477905273438 14.860074043273925781 14.842708587646484375 14.809676170349121094 14.78675079345703125 14.778768539428710938 14.7672882080078125 14.748624801635742188 14.741788864135742188 14.735003471374511719 14.726489067077636719 14.724145889282226563 14.724658012390136719 14.723258018493652344 14.721284866333007813 14.717586517333984375 14.709504127502441406 14.699429512023925781 14.692191123962402344 14.700014114379882813 14.719903945922851563 14.733492851257324219 14.758431434631347656 14.807504653930664063 14.855144500732421875 14.861419677734375 14.836031913757324219 14.807030677795410156 14.7600555419921875 14.721749305725097656
14.951345443725585938 14.967073440551757813 14.973460197448730469 14.978799819946289063 14.979626655578613281 14.976082801818847656 14.969428062438964844 14.960845947265625 14.954282760620117188 14.936939239501953125 14.910612106323242188 14.879850387573242188 14.850443840026855469 14.823625564575195313 14.808932304382324219 14.792176246643066406 14.792414665222167969 14.798634529113769531 14.7885284423828125 14.763016700744628906 14.7521514892578125 14.74562835693359375 14.741534233093261719 14.744985580444335938 14.748651504516601563 14.748687744140625 14.747267723083496094 14.743213653564453125 14.7304840087890625 14.713182449340820313 14.70326995849609375 14.713122367858886719 14.736402511596679688 14.753519058227539063 14.782448768615722656 14.829488754272460938 14.871158599853515625 14.872747421264648438 14.846062660217285156 14.814661979675292969 14.766536712646484375 14.736449241638183594
14.924578666687011719 14.948695182800292969 14.957973480224609375 14.968335151672363281 14.971480369567871094 14.967650413513183594 14.959184646606445313 14.948584556579589844 14.93927001953125 14.918668746948242188 14.888333320617675781 14.854266166687011719 14.824079513549804688 14.80055999755859375 14.792309761047363281 14.792348861694335938 14.805650711059570313 14.818118095397949219 14.813838958740234375 14.790523529052734375 14.77811431884765625 14.772852897644042969 14.771428108215332031 14.777118682861328125 14.781713485717773438 14.780473709106445313 14.77764892578125 14.772633552551269531 14.75811767578125 14.740222930908203125 14.731008529663085938 14.738579750061035156 14.755864143371582031 14.777430534362792969 14.811236381530761719 14.850244522094726563 14.880894660949707031 14.879559516906738281 14.856099128723144531 14.827152252197265625 14.7860107421875 14.760568618774414063
14.89235687255859375 14.923758506774902344 14.937394142150878906 14.951785087585449219 14.957564353942871094 14.95522308349609375 14.946482658386230469 14.937086105346679688 14.924365997314453125 14.897437095642089844 14.865727424621582031 14.835045814514160156 14.80896759033203125 14.790278434753417969 14.786851882934570313 14.794737815856933594 14.810906410217285156 14.828549385070800781 14.836139678955078125 14.828782081604003906 14.82175445556640625 14.817510604858398438 14.815732002258300781 14.819596290588378906 14.823015213012695313 14.820708274841308594 14.814592361450195313 14.806338310241699219 14.788417816162109375 14.772227287292480469 14.764432907104492188 14.770175933837890625 14.784762382507324219 14.805478096008300781 14.836447715759277344 14.867204666137695313 14.888111114501953125 14.887355804443359375 14.872300148010253906 14.851299285888671875 14.81976318359375 14.794690132141113281
14.860235214233398438 14.886243820190429688 14.898707389831542969 14.913560867309570313 14.925255775451660156 14.931277275085449219 14.926303863525390625 14.9157867431640625 14.8985748291015625 14.866124153137207031 14.835694313049316406 14.812905311584472656 14.795846939086914063 14.783432960510253906 14.781115531921386719 14.786449432373046875 14.801137924194335938 14.826313972473144531 14.851672172546386719 14.869441032409667969 14.874088287353515625 14.872273445129394531 14.870326995849609375 14.871117591857910156 14.871683120727539063 14.865365028381347656 14.853132247924804688 14.84151458740234375 14.820169448852539063 14.802740097045898438 14.796995162963867188 14.804831504821777344 14.816999435424804688 14.834768295288085938 14.859900474548339844 14.879772186279296875 14.891846656799316406 14.893340110778808594 14.889384269714355469 14.881085395812988281 14.861982345581054688 14.836015701293945313
14.838411331176757813 14.847207069396972656 14.850018501281738281 14.856425285339355469 14.872193336486816406 14.890512466430664063 14.89189910888671875 14.880582809448242188 14.860830307006835938 14.827333450317382813 14.803177833557128906 14.790872573852539063 14.783343315124511719 14.776324272155761719 14.773059844970703125 14.771666526794433594 14.782698631286621094 14.812170982360839844 14.851945877075195313 14.887264251708984375 14.901284217834472656 14.905391693115234375 14.90610504150390625 14.9024505615234375 14.897498130798339844 14.885687828063964844 14.866827011108398438 14.853236198425292969 14.832879066467285156 14.818629264831542969 14.817460060119628906 14.827169418334960938 14.836653709411621094 14.854513168334960938 14.876504898071289063 14.8841705322265625 14.890974998474121094 14.896420478820800781 14.899156570434570313 14.897824287414550781 14.887701034545898438 14.865360260009765625
14.831842422485351563 14.832448005676269531 14.829981803894042969 14.826933860778808594 14.836985588073730469 14.854893684387207031 14.857023239135742188 14.847607612609863281 14.831809043884277344 14.806786537170410156 14.791843414306640625 14.784131050109863281 14.778265953063964844 14.771636962890625 14.767518043518066406 14.762140274047851563 14.766354560852050781 14.792162895202636719 14.841175079345703125 14.886637687683105469 14.905429840087890625 14.916981697082519531 14.922965049743652344 14.913853645324707031 14.900834083557128906 14.88394927978515625 14.863096237182617188 14.847986221313476563 14.828022956848144531 14.822254180908203125 14.83336639404296875 14.849410057067871094 14.860749244689941406 14.874828338623046875 14.889669418334960938 14.891969680786132813 14.897009849548339844 14.903544425964355469 14.907772064208984375 14.907161712646484375 14.898709297180175781 14.880613327026367188
14.82867431640625 14.826818466186523438 14.823380470275878906 14.818101882934570313 14.822049140930175781 14.830870628356933594 14.830254554748535156 14.822734832763671875 14.812396049499511719 14.797894477844238281 14.788338661193847656 14.781507492065429688 14.775210380554199219 14.767924308776855469 14.7633514404296875 14.756974220275878906 14.759009361267089844 14.783426284790039063 14.837132453918457031 14.887969017028808594 14.909418106079101563 14.922719955444335938 14.929537773132324219 14.917904853820800781 14.899700164794921875 14.877995491027832031 14.85672760009765625 14.840954780578613281 14.820310592651367188 14.820204734802246094 14.842408180236816406 14.869584083557128906 14.88317108154296875 14.891152381896972656 14.8999786376953125 14.903931617736816406 14.909885406494140625 14.915042877197265625 14.91788482666015625 14.915891647338867188 14.905175209045410156 14.886968612670898438
14.826645851135253906 14.823057174682617188 14.820076942443847656 14.815484046936035156 14.814965248107910156 14.814934730529785156 14.811297416687011719 14.806209564208984375 14.801478385925292969 14.793995857238769531 14.7861328125 14.779145240783691406 14.772024154663085938 14.7641143798828125 14.759521484375 14.754261016845703125 14.759259223937988281 14.786009788513183594 14.841278076171875 14.892622947692871094 14.913880348205566406 14.927080154418945313 14.934328079223632813 14.922832489013671875 14.901152610778808594 14.87647247314453125 14.855075836181640625 14.841080665588378906 14.825726509094238281 14.827692031860351563 14.85066986083984375 14.883292198181152344 14.898960113525390625 14.905621528625488281 14.913773536682128906 14.919271469116210938 14.923605918884277344 14.92719268798828125 14.928987503051757813 14.926204681396484375 14.913353919982910156 14.894826889038085938
14.824300765991210938 14.820330619812011719 14.818182945251464844 14.81439208984375 14.81048583984375 14.806027412414550781 14.801613807678222656 14.798659324645996094 14.795665740966796875 14.789348602294921875 14.782155036926269531 14.775888442993164063 14.768723487854003906 14.760929107666015625 14.757653236389160156 14.7564849853515625 14.7642059326171875 14.792653083801269531 14.847054481506347656 14.898249626159667969 14.918703079223632813 14.930811882019042969 14.937774658203125 14.926459312438964844 14.904017448425292969 14.882181167602539063 14.868107795715332031 14.856176376342773438 14.848560333251953125 14.851161956787109375 14.867865562438964844 14.89566802978515625 14.913335800170898438 14.921957969665527344 14.93080902099609375 14.938859939575195313 14.939538002014160156 14.941287040710449219 14.944670677185058594 14.941167831420898438 14.927872657775878906 14.914167404174804688
14.82364654541015625 14.820249557495117188 14.8159332275390625 14.811339378356933594 14.806493759155273438 14.801209449768066406 14.795587539672851563 14.792049407958984375 14.78832244873046875 14.781457901000976563 14.775831222534179688 14.770747184753417969 14.764555931091308594 14.760297775268554688 14.760196685791015625 14.76642608642578125 14.783817291259765625 14.81548309326171875 14.860676765441894531 14.9045257568359375 14.924930572509765625 14.936160087585449219 14.942661285400390625 14.930857658386230469 14.908480644226074219 14.89418792724609375 14.89008331298828125 14.887357711791992188 14.88919830322265625 14.894494056701660156 14.908093452453613281 14.929324150085449219 14.942677497863769531 14.946197509765625 14.950982093811035156 14.95494842529296875 14.950053215026855469 14.949799537658691406 14.954857826232910156 14.952518463134765625 14.941326141357421875 14.932844161987304688
14.821897506713867188 14.81926727294921875 14.813123703002929688 14.808145523071289063 14.803943634033203125 14.798102378845214844 14.791123390197753906 14.786943435668945313 14.783167839050292969 14.776528358459472656 14.771116256713867188 14.766461372375488281 14.761363983154296875 14.759981155395507813 14.762073516845703125 14.774474143981933594 14.80251312255859375 14.837110519409179688 14.871884346008300781 14.90802001953125 14.926230430603027344 14.937018394470214844 14.944766998291015625 14.934977531433105469 14.916592597961425781 14.909460067749023438 14.910219192504882813 14.912766456604003906 14.917990684509277344 14.925511360168457031 14.939168930053710938 14.955264091491699219 14.962437629699707031 14.962991714477539063 14.965251922607421875 14.964795112609863281 14.957777023315429688 14.955911636352539063 14.959629058837890625 14.959333419799804688 14.952104568481445313 14.945906639099121094
14.818394660949707031 14.815568923950195313 14.809796333312988281 14.805022239685058594 14.801022529602050781 14.794931411743164063 14.787469863891601563 14.783222198486328125 14.780193328857421875 14.774381637573242188 14.768527030944824219 14.764902114868164063 14.761363029479980469 14.759722709655761719 14.762295722961425781 14.778155326843261719 14.811090469360351563 14.846216201782226563 14.874834060668945313 14.904008865356445313 14.918957710266113281 14.931296348571777344 14.942409515380859375 14.937706947326660156 14.9281005859375 14.92669677734375 14.92801666259765625 14.929645538330078125 14.933072090148925781 14.940540313720703125 14.953307151794433594 14.964458465576171875 14.968561172485351563 14.970289230346679688 14.97283935546875 14.972013473510742188 14.966397285461425781 14.963498115539550781 14.964219093322753906 14.964436531066894531 14.961211204528808594 14.956017494201660156
