INPUT/RASTER/ASCII/BIO02.asc
ncols        225
nrows        269
xllcorner    473009.983799999987
yllcorner    4429051.174800000153
cellsize     50.000000000000
NODATA_value -9999
[rows 108 to 125 of 269, columns 42 to 83 of 225]
9.5892391204833984375 9.6168355941772460938 9.634731292724609375 9.6507587432861328125 9.6611890792846679688 9.6734409332275390625 9.681621551513671875 9.6827335357666015625 9.6814393997192382813 9.679698944091796875 9.6804170608520507813 9.6781644821166992188 9.6681499481201171875 9.659496307373046875 9.6680841445922851563 9.6810598373413085938 9.6668672561645507813 9.652370452880859375 9.645263671875 9.6469297409057617188 9.6537456512451171875 9.6639146804809570313 9.6774883270263671875 9.6891870498657226563 9.71564483642578125 9.7394914627075195313 9.7377176284790039063 9.7192373275756835938 9.7123613357543945313 9.7144422531127929688 9.7224912643432617188 9.7405071258544921875 9.76656341552734375 9.8018665313720703125 9.8383769989013671875 9.8653192520141601563 9.8879537582397460938 9.9001941680908203125 9.8904170989990234375 9.8715429306030273438 9.8525114059448242188 9.8413934707641601563
9.5828504562377929688 9.6203126907348632813 9.6387472152709960938 9.651424407958984375 9.6575527191162109375 9.6711969375610351563 9.6811580657958984375 9.6871252059936523438 9.6896524429321289063 9.6907033920288085938 9.6921215057373046875 9.692722320556640625 9.692962646484375 9.6922130584716796875 9.6988477706909179688 9.690670013427734375 9.6611652374267578125 9.6488237380981445313 9.6451959609985351563 9.6484956741333007813 9.6561918258666992188 9.6672754287719726563 9.6818284988403320313 9.694652557373046875 9.7221460342407226563 9.7494354248046875 9.7535715103149414063 9.7362051010131835938 9.7315397262573242188 9.7364349365234375 9.7461080551147460938 9.7563304901123046875 9.7783145904541015625 9.8094148635864257813 9.84159088134765625 9.8668231964111328125 9.8855104446411132813 9.8916540145874023438 9.8810377120971679688 9.8725843429565429688 9.871936798095703125 9.8745021820068359375
9.5714740753173828125 9.61463165283203125 9.63877105712890625 9.6539888381958007813 9.6597585678100585938 9.6698732376098632813 9.6832332611083984375 9.6913843154907226563 9.6945657730102539063 9.700038909912109375 9.706607818603515625 9.7151098251342773438 9.7294206619262695313 9.7275600433349609375 9.7073497772216796875 9.6819734573364257813 9.6548938751220703125 9.6444578170776367188 9.6448268890380859375 9.650112152099609375 9.6572065353393554688 9.6691331863403320313 9.6884431838989257813 9.7032594680786132813 9.7308521270751953125 9.7596225738525390625 9.7715244293212890625 9.7566585540771484375 9.7547941207885742188 9.7561407089233398438 9.7632350921630859375 9.77614593505859375 9.79567718505859375 9.8168458938598632813 9.8406381607055664063 9.86194610595703125 9.8764810562133789063 9.8788099288940429688 9.8774995803833007813 9.8900403976440429688 9.8893098831176757813 9.8861522674560546875
9.5770311355590820313 9.5998277664184570313 9.6266222000122070313 9.6508073806762695313 9.65991973876953125 9.6735410690307617188 9.6887664794921875 9.6942033767700195313 9.698047637939453125 9.7079133987426757813 9.7214860916137695313 9.7352857589721679688 9.74782562255859375 9.733577728271484375 9.70734405517578125 9.68206787109375 9.65711212158203125 9.6443386077880859375 9.644611358642578125 9.6513986587524414063 9.6590404510498046875 9.6723241806030273438 9.693450927734375 9.7089996337890625 9.7377595901489257813 9.7678422927856445313 9.7847738265991210938 9.7778863906860351563 9.7727594375610351563 9.7694721221923828125 9.7729921340942382813 9.7871837615966796875 9.810680389404296875 9.8291311264038085938 9.8453340530395507813 9.8570194244384765625 9.8688945770263671875 9.8778676986694335938 9.8887119293212890625 9.8990125656127929688 9.8926210403442382813 9.8867931365966796875
9.5880613327026367188 9.5989999771118164063 9.6133975982666015625 9.641571044921875 9.6598272323608398438 9.6772708892822265625 9.6913738250732421875 9.69692230224609375 9.6995372772216796875 9.7150211334228515625 9.7404432296752929688 9.7476224899291992188 9.7456264495849609375 9.730228424072265625 9.7123355865478515625 9.6873836517333984375 9.6670656204223632813 9.6505451202392578125 9.6465578079223632813 9.6534671783447265625 9.6631937026977539063 9.6770334243774414063 9.6979112625122070313 9.7133169174194335938 9.740688323974609375 9.7699995040893554688 9.7954959869384765625 9.8042583465576171875 9.7922191619873046875 9.7841291427612304688 9.7839756011962890625 9.7990293502807617188 9.8249120712280273438 9.84296417236328125 9.8556976318359375 9.862339019775390625 9.87397003173828125 9.8892488479614257813 9.8946886062622070313 9.8960065841674804688 9.890869140625 9.8875827789306640625
9.6003980636596679688 9.6084947586059570313 9.6143922805786132813 9.6317701339721679688 9.6527233123779296875 9.6800050735473632813 9.6943273544311523438 9.7000856399536132813 9.7067899703979492188 9.726318359375 9.7436046600341796875 9.741687774658203125 9.733882904052734375 9.7307338714599609375 9.7202968597412109375 9.6943159103393554688 9.6752576828002929688 9.6602983474731445313 9.65213775634765625 9.6572427749633789063 9.6674337387084960938 9.680545806884765625 9.7008886337280273438 9.71652984619140625 9.7408399581909179688 9.7663393020629882813 9.8037500381469726563 9.8237237930297851563 9.8151216506958007813 9.8055944442749023438 9.8027086257934570313 9.81504058837890625 9.8362941741943359375 9.8542909622192382813 9.8681850433349609375 9.8786973953247070313 9.8886671066284179688 9.881404876708984375 9.8781070709228515625 9.8872137069702148438 9.8901767730712890625 9.8892850875854492188
9.6147775650024414063 9.621685028076171875 9.6265459060668945313 9.6319293975830078125 9.6381320953369140625 9.6717882156372070313 9.7000932693481445313 9.7071523666381835938 9.7228689193725585938 9.7350091934204101563 9.7312183380126953125 9.7254848480224609375 9.7263231277465820313 9.732212066650390625 9.7242422103881835938 9.7016363143920898438 9.6862735748291015625 9.6732616424560546875 9.6618585586547851563 9.6648540496826171875 9.67205047607421875 9.6832122802734375 9.7006235122680664063 9.7152881622314453125 9.738147735595703125 9.763034820556640625 9.798801422119140625 9.83034515380859375 9.8311614990234375 9.8248853683471679688 9.8203096389770507813 9.82743072509765625 9.8469600677490234375 9.8679904937744140625 9.8877162933349609375 9.901142120361328125 9.8909597396850585938 9.87552642822265625 9.865367889404296875 9.8741207122802734375 9.8854341506958007813 9.8882379531860351563
9.6269435882568359375 9.6337261199951171875 9.6374807357788085938 9.642879486083984375 9.647808074951171875 9.66022491455078125 9.6972837448120117188 9.7217493057250976563 9.7355442047119140625 9.7311010360717773438 9.7191791534423828125 9.7190876007080078125 9.7234869003295898438 9.7300958633422851563 9.7247247695922851563 9.7061147689819335938 9.6947479248046875 9.6834516525268554688 9.6708507537841796875 9.673297882080078125 9.6790571212768554688 9.687122344970703125 9.7003345489501953125 9.7133550643920898438 9.7380962371826171875 9.7608251571655273438 9.7892904281616210938 9.8271055221557617188 9.8409547805786132813 9.8382968902587890625 9.83269500732421875 9.8394498825073242188 9.8645372390747070313 9.8925762176513671875 9.9044122695922851563 9.89975738525390625 9.8843660354614257813 9.875759124755859375 9.86843109130859375 9.8657665252685546875 9.8719482421875 9.87538909912109375
9.6386632919311523438 9.6498422622680664063 9.6547574996948242188 9.6589593887329101563 9.6624345779418945313 9.6734027862548828125 9.7003812789916992188 9.7203607559204101563 9.7296581268310546875 9.724086761474609375 9.72064971923828125 9.7217464447021484375 9.7237787246704101563 9.7258424758911132813 9.7188262939453125 9.6989583969116210938 9.6885423660278320313 9.6847257614135742188 9.6833038330078125 9.6885433197021484375 9.6920709609985351563 9.6961297988891601563 9.7093048095703125 9.7194223403930664063 9.7396602630615234375 9.7601680755615234375 9.7879791259765625 9.8286104202270507813 9.8533191680908203125 9.8559255599975585938 9.8536014556884765625 9.8723478317260742188 9.8987941741943359375 9.9170427322387695313 9.9115915298461914063 9.9007549285888671875 9.8867740631103515625 9.880886077880859375 9.8745126724243164063 9.8679637908935546875 9.8699369430541992188 9.87281036376953125
9.64795684814453125 9.6616115570068359375 9.669826507568359375 9.675048828125 9.6797513961791992188 9.700733184814453125 9.713558197021484375 9.7141733169555664063 9.71857452392578125 9.7235393524169921875 9.7246980667114257813 9.7244014739990234375 9.7226476669311523438 9.7205629348754882813 9.7137994766235351563 9.6945476531982421875 9.6844625473022460938 9.6869478225708007813 9.6954870223999023438 9.7039861679077148438 9.7050199508666992188 9.7103633880615234375 9.7221441268920898438 9.7285709381103515625 9.7419281005859375 9.7610502243041992188 9.79193878173828125 9.8320941925048828125 9.858367919921875 9.8668718338012695313 9.88336944580078125 9.9120435714721679688 9.92771148681640625 9.931476593017578125 9.921642303466796875 9.9121179580688476563 9.8997364044189453125 9.8894681930541992188 9.8811292648315429688 9.8794651031494140625 9.8872289657592773438 9.8863420486450195313
9.6574277877807617188 9.6732578277587890625 9.6854400634765625 9.6978168487548828125 9.7091808319091796875 9.72286224365234375 9.7240447998046875 9.716693878173828125 9.711986541748046875 9.7185382843017578125 9.7232685089111328125 9.7221612930297851563 9.7180585861206054688 9.714359283447265625 9.7102451324462890625 9.6980133056640625 9.6897840499877929688 9.6924486160278320313 9.7055025100708007813 9.7147188186645507813 9.7176752090454101563 9.72403717041015625 9.7299137115478515625 9.7348833084106445313 9.747356414794921875 9.7653722763061523438 9.7940216064453125 9.8306608200073242188 9.8592987060546875 9.877796173095703125 9.9098377227783203125 9.93415069580078125 9.9419240951538085938 9.9404420852661132813 9.9325399398803710938 9.9266138076782226563 9.9161844253540039063 9.9009923934936523438 9.893909454345703125 9.8999004364013671875 9.9041242599487304688 9.894222259521484375
9.6662530899047851563 9.685581207275390625 9.7069025039672851563 9.7231187820434570313 9.7304592132568359375 9.7343654632568359375 9.7306270599365234375 9.7176122665405273438 9.7078523635864257813 9.7068662643432617188 9.7146368026733398438 9.7149000167846679688 9.7121610641479492188 9.7094573974609375 9.7070093154907226563 9.701694488525390625 9.6976823806762695313 9.70023345947265625 9.7147207260131835938 9.72527313232421875 9.7289714813232421875 9.7322225570678710938 9.735607147216796875 9.7399225234985351563 9.7525548934936523438 9.7723302841186523438 9.7971296310424804688 9.8309545516967773438 9.8736352920532226563 9.901355743408203125 9.925930023193359375 9.9435176849365234375 9.948474884033203125 9.9445428848266601563 9.939426422119140625 9.9358463287353515625 9.9272832870483398438 9.9128732681274414063 9.91112518310546875 9.9218196868896484375 9.912891387939453125 9.895275115966796875
9.6739664077758789063 9.6951780319213867188 9.7249927520751953125 9.736988067626953125 9.7369852066040039063 9.7397508621215820313 9.7314062118530273438 9.7144947052001953125 9.704105377197265625 9.6975612640380859375 9.6984834671020507813 9.7014589309692382813 9.7057504653930664063 9.7066297531127929688 9.707042694091796875 9.7069377899169921875 9.7071409225463867188 9.7132654190063476563 9.7263240814208984375 9.7360334396362304688 9.7359466552734375 9.7361402511596679688 9.740444183349609375 9.7437982559204101563 9.7549495697021484375 9.77765655517578125 9.8020172119140625 9.8414211273193359375 9.896800994873046875 9.9181909561157226563 9.93639373779296875 9.9509210586547851563 9.95313262939453125 9.9478616714477539063 9.9432115554809570313 9.9402675628662109375 9.9335966110229492188 9.92601776123046875 9.9304189682006835938 9.9374246597290039063 9.9218492507934570313 9.903900146484375
9.68384552001953125 9.7104244232177734375 9.7363042831420898438 9.7459087371826171875 9.7498311996459960938 9.7465000152587890625 9.7246990203857421875 9.7082548141479492188 9.7008695602416992188 9.6921396255493164063 9.6875 9.6862955093383789063 9.6973142623901367188 9.7061939239501953125 9.7129449844360351563 9.7207355499267578125 9.723941802978515625 9.7315988540649414063 9.7481031417846679688 9.7521886825561523438 9.7490587234497070313 9.7452716827392578125 9.7437601089477539063 9.7467861175537109375 9.7578096389770507813 9.7801227569580078125 9.8101367950439453125 9.8690195083618164063 9.9081707000732421875 9.9225435256958007813 9.941791534423828125 9.9586172103881835938 9.9582967758178710938 9.9508962631225585938 9.946414947509765625 9.9442090988159179688 9.9409036636352539063 9.938755035400390625 9.9420013427734375 9.9430913925170898438 9.9307394027709960938 9.919261932373046875
9.710422515869140625 9.7284383773803710938 9.741138458251953125 9.7499074935913085938 9.754276275634765625 9.7463216781616210938 9.71944427490234375 9.7015533447265625 9.697010040283203125 9.692264556884765625 9.6884298324584960938 9.6846179962158203125 9.6917924880981445313 9.7082548141479492188 9.7313098907470703125 9.7503824234008789063 9.7590351104736328125 9.7682952880859375 9.7738094329833984375 9.77288055419921875 9.767803192138671875 9.7574520111083984375 9.7540674209594726563 9.75806427001953125 9.77925872802734375 9.812397003173828125 9.8385229110717773438 9.8737535476684570313 9.9046564102172851563 9.9176244735717773438 9.9380617141723632813 9.9589290618896484375 9.9603052139282226563 9.9553537368774414063 9.9518346786499023438 9.9520311355590820313 9.9520769119262695313 9.9523248672485351563 9.9523296356201171875 9.948734283447265625 9.948818206787109375 9.9500141143798828125
9.761486053466796875 9.746433258056640625 9.7458925247192382813 9.7496633529663085938 9.7508134841918945313 9.7395334243774414063 9.7118825912475585938 9.6967382431030273438 9.69278717041015625 9.694828033447265625 9.6959629058837890625 9.6962537765502929688 9.7011852264404296875 9.7152299880981445313 9.74175262451171875 9.7709484100341796875 9.7846469879150390625 9.7866163253784179688 9.7842893600463867188 9.780574798583984375 9.7744340896606445313 9.76470947265625 9.7579927444458007813 9.7700967788696289063 9.8023805618286132813 9.8288516998291015625 9.8484792709350585938 9.8765325546264648438 9.9035081863403320313 9.9169454574584960938 9.9390954971313476563 9.9611673355102539063 9.9621639251708984375 9.9598302841186523438 9.9598398208618164063 9.9597234725952148438 9.95886993408203125 9.9587574005126953125 9.9560804367065429688 9.9510164260864257813 9.95304107666015625 9.954418182373046875
9.7837896347045898438 9.7693729400634765625 9.7539196014404296875 9.7509508132934570313 9.7496519088745117188 9.7370195388793945313 9.7131185531616210938 9.699981689453125 9.69597625732421875 9.6969089508056640625 9.698886871337890625 9.7037906646728515625 9.7109270095825195313 9.7232522964477539063 9.7469844818115234375 9.78356170654296875 9.8013277053833007813 9.802349090576171875 9.7963895797729492188 9.790660858154296875 9.7822313308715820313 9.7729539871215820313 9.7757940292358398438 9.7902002334594726563 9.8153781890869140625 9.8358707427978515625 9.8551959991455078125 9.8811655044555664063 9.9033288955688476563 9.9190759658813476563 9.9452972412109375 9.9693059921264648438 9.9679956436157226563 9.9656810760498046875 9.9676294326782226563 9.967380523681640625 9.9644174575805664063 9.9612092971801757813 9.95708465576171875 9.9557170867919921875 9.9566755294799804688 9.9535541534423828125
9.7919435501098632813 9.7859773635864257813 9.7698802947998046875 9.7544069290161132813 9.7481908798217773438 9.73233795166015625 9.7148618698120117188 9.7066287994384765625 9.7030954360961914063 9.7022686004638671875 9.7030115127563476563 9.7084951400756835938 9.7193269729614257813 9.7346172332763671875 9.75811004638671875 9.7890253067016601563 9.8107347488403320313 9.81815338134765625 9.8145322799682617188 9.8074693679809570313 9.79700469970703125 9.7920484542846679688 9.8047475814819335938 9.8099842071533203125 9.8199176788330078125 9.8381500244140625 9.85968780517578125 9.8863859176635742188 9.90663909912109375 9.92378997802734375 9.9502668380737304688 9.97443389892578125 9.9765758514404296875 9.9723911285400390625 9.9724578857421875 9.972393035888671875 9.9685077667236328125 9.9619874954223632813 9.9610929489135742188 9.96393585205078125 9.9589366912841796875 9.9547977447509765625
