INPUT/RASTER/ASCII/BIO05.asc
ncols        225
nrows        269
xllcorner    473009.983799999987
yllcorner    4429051.174800000153
cellsize     50.000000000000
NODATA_value  -9999
[rows 228 to 246 of 269, columns 44 to 87 of 225]
31.81081390380859375 31.810560226440429688 31.819019317626953125 31.850734710693359375 31.923887252807617188 31.986288070678710938 32.04114532470703125 32.102787017822265625 32.14583587646484375 32.1650238037109375 32.161663055419921875 32.151336669921875 32.12042999267578125 32.083545684814453125 32.05229949951171875 32.03781890869140625 32.056911468505859375 32.081142425537109375 32.091339111328125 32.11553955078125 32.164310455322265625 32.224674224853515625 32.277385711669921875 32.31137847900390625 32.33051300048828125 32.367950439453125 32.409252166748046875 32.442302703857421875 32.4708709716796875 32.48398590087890625 32.48348236083984375 32.483081817626953125 32.4885101318359375 32.500186920166015625 32.510135650634765625 32.517604827880859375 32.5214385986328125 32.525913238525390625 32.531803131103515625 32.53618621826171875 32.54065704345703125 32.54434967041015625 32.54364776611328125 32.537860870361328125
31.809812545776367188 31.8098297119140625 31.8161773681640625 31.8436737060546875 31.914434432983398438 31.977138519287109375 32.0332489013671875 32.099582672119140625 32.142116546630859375 32.154232025146484375 32.137554168701171875 32.118427276611328125 32.0779571533203125 32.036113739013671875 32.01255035400390625 32.01609039306640625 32.057895660400390625 32.104114532470703125 32.12882232666015625 32.16268157958984375 32.20191192626953125 32.24942779541015625 32.2885894775390625 32.318851470947265625 32.340190887451171875 32.379978179931640625 32.421138763427734375 32.452686309814453125 32.480915069580078125 32.49808502197265625 32.50104522705078125 32.50022125244140625 32.500560760498046875 32.506221771240234375 32.514911651611328125 32.520450592041015625 32.5242767333984375 32.52982330322265625 32.53497314453125 32.539581298828125 32.54436492919921875 32.54999542236328125 32.552654266357421875 32.553211212158203125
31.809328079223632813 31.811534881591796875 31.8192596435546875 31.846893310546875 31.91428375244140625 31.972320556640625 32.026790618896484375 32.091861724853515625 32.12384033203125 32.118988037109375 32.089435577392578125 32.06696319580078125 32.02834320068359375 31.99237060546875 31.9835662841796875 32.00872039794921875 32.07231903076171875 32.1341094970703125 32.170169830322265625 32.21596527099609375 32.25063323974609375 32.288379669189453125 32.320568084716796875 32.34552764892578125 32.364475250244140625 32.400661468505859375 32.4411163330078125 32.471996307373046875 32.493167877197265625 32.505840301513671875 32.509098052978515625 32.51021575927734375 32.50951385498046875 32.51220703125 32.519626617431640625 32.52298736572265625 32.5258636474609375 32.532321929931640625 32.539043426513671875 32.5454559326171875 32.550811767578125 32.5572662353515625 32.560688018798828125 32.563968658447265625
31.812288284301757813 31.816989898681640625 31.8300933837890625 31.863912582397460938 31.9294891357421875 31.98033905029296875 32.02535247802734375 32.072124481201171875 32.07489776611328125 32.048187255859375 32.02325439453125 32.0132598876953125 31.9997100830078125 31.983652114868164063 31.988513946533203125 32.0271148681640625 32.10309600830078125 32.171932220458984375 32.215290069580078125 32.26934814453125 32.302669525146484375 32.333648681640625 32.370975494384765625 32.394275665283203125 32.4075469970703125 32.429027557373046875 32.458545684814453125 32.484954833984375 32.49939727783203125 32.5082244873046875 32.512729644775390625 32.516696929931640625 32.519519805908203125 32.52042388916015625 32.523883819580078125 32.526092529296875 32.52860260009765625 32.53653717041015625 32.547397613525390625 32.555145263671875 32.559902191162109375 32.5645294189453125 32.567577362060546875 32.573017120361328125
31.816240310668945313 31.82598114013671875 31.846689224243164063 31.89054107666015625 31.955511093139648438 32.00098419189453125 32.0326080322265625 32.04779052734375 32.021633148193359375 31.988786697387695313 31.985292434692382813 31.996196746826171875 32.01421356201171875 32.02417755126953125 32.03360748291015625 32.0626983642578125 32.13124847412109375 32.205657958984375 32.2562408447265625 32.315006256103515625 32.35030364990234375 32.374156951904296875 32.40105438232421875 32.426357269287109375 32.4371185302734375 32.449676513671875 32.471546173095703125 32.491741180419921875 32.5028533935546875 32.510829925537109375 32.516750335693359375 32.522918701171875 32.53069305419921875 32.533901214599609375 32.533229827880859375 32.5308990478515625 32.531604766845703125 32.541385650634765625 32.55364990234375 32.560642242431640625 32.56476593017578125 32.56836700439453125 32.5709228515625 32.575450897216796875
31.816389083862304688 31.827945709228515625 31.853851318359375 31.906414031982421875 31.973619461059570313 32.016948699951171875 32.04193878173828125 32.04012298583984375 32.005420684814453125 31.98740386962890625 32.00006103515625 32.01666259765625 32.03985595703125 32.053211212158203125 32.0630950927734375 32.08514404296875 32.14383697509765625 32.221508026123046875 32.27535247802734375 32.33802032470703125 32.376239776611328125 32.403003692626953125 32.427642822265625 32.451995849609375 32.46176910400390625 32.470706939697265625 32.484638214111328125 32.4981231689453125 32.505092620849609375 32.5128173828125 32.51985931396484375 32.527889251708984375 32.5388336181640625 32.5450439453125 32.54480743408203125 32.5402984619140625 32.539215087890625 32.548305511474609375 32.559963226318359375 32.56451416015625 32.56732177734375 32.5708160400390625 32.57317352294921875 32.577335357666015625
31.816926956176757813 31.829431533813476563 31.859066009521484375 31.92246246337890625 31.98958587646484375 32.02873992919921875 32.06360626220703125 32.06053924560546875 32.027217864990234375 32.01700592041015625 32.0372772216796875 32.0551300048828125 32.0780181884765625 32.091068267822265625 32.099483489990234375 32.120006561279296875 32.178867340087890625 32.255306243896484375 32.303188323974609375 32.362079620361328125 32.402805328369140625 32.43115997314453125 32.450351715087890625 32.467693328857421875 32.476383209228515625 32.48760986328125 32.49639892578125 32.50185394287109375 32.506496429443359375 32.5141754150390625 32.5208892822265625 32.530261993408203125 32.5412139892578125 32.54888153076171875 32.55185699462890625 32.550510406494140625 32.550075531005859375 32.554943084716796875 32.564083099365234375 32.567104339599609375 32.568546295166015625 32.572021484375 32.574329376220703125 32.578121185302734375
31.819217681884765625 31.831327438354492188 31.864284515380859375 31.935976028442382813 32.002468109130859375 32.0386962890625 32.087493896484375 32.10149383544921875 32.084316253662109375 32.07947540283203125 32.0963897705078125 32.110595703125 32.129840850830078125 32.13995361328125 32.145542144775390625 32.170352935791015625 32.2357635498046875 32.302516937255859375 32.339946746826171875 32.388622283935546875 32.425083160400390625 32.450420379638671875 32.465106964111328125 32.475307464599609375 32.481536865234375 32.4915771484375 32.498340606689453125 32.500820159912109375 32.505954742431640625 32.512599945068359375 32.519283294677734375 32.53045654296875 32.541149139404296875 32.54979705810546875 32.554218292236328125 32.555667877197265625 32.555980682373046875 32.55812835693359375 32.564456939697265625 32.56809234619140625 32.57036590576171875 32.57353973388671875 32.575489044189453125 32.57849884033203125
31.82096099853515625 31.833658218383789063 31.869060516357421875 31.941270828247070313 32.00557708740234375 32.038860321044921875 32.0912322998046875 32.12543487548828125 32.135768890380859375 32.14629364013671875 32.1627197265625 32.17421722412109375 32.192913055419921875 32.2018890380859375 32.2056884765625 32.231784820556640625 32.2931671142578125 32.345928192138671875 32.373767852783203125 32.408657073974609375 32.435420989990234375 32.45623779296875 32.468963623046875 32.476528167724609375 32.4810943603515625 32.48868560791015625 32.493846893310546875 32.493572235107421875 32.4946746826171875 32.500629425048828125 32.512119293212890625 32.528568267822265625 32.541461944580078125 32.55072784423828125 32.5555877685546875 32.558353424072265625 32.558811187744140625 32.5596771240234375 32.563930511474609375 32.5693817138671875 32.574462890625 32.577754974365234375 32.578945159912109375 32.580722808837890625
31.822843551635742188 31.834840774536132813 31.8693695068359375 31.935791015625 31.9930572509765625 32.01546478271484375 32.066669464111328125 32.128040313720703125 32.175006866455078125 32.212886810302734375 32.238864898681640625 32.251194000244140625 32.276172637939453125 32.28968048095703125 32.295459747314453125 32.319400787353515625 32.361968994140625 32.388912200927734375 32.39917755126953125 32.40535736083984375 32.416988372802734375 32.44207000732421875 32.459819793701171875 32.469486236572265625 32.47382354736328125 32.4798126220703125 32.483821868896484375 32.480915069580078125 32.475128173828125 32.480438232421875 32.498226165771484375 32.524745941162109375 32.54278564453125 32.55225372314453125 32.557003021240234375 32.560062408447265625 32.5615692138671875 32.563823699951171875 32.566669464111328125 32.5720977783203125 32.583095550537109375 32.59185028076171875 32.594028472900390625 32.59131622314453125
31.822841644287109375 31.830133438110351563 31.856615066528320313 31.909479141235351563 31.957754135131835938 31.9875640869140625 32.05237579345703125 32.128223419189453125 32.191791534423828125 32.244354248046875 32.28485870361328125 32.302577972412109375 32.325450897216796875 32.342769622802734375 32.353267669677734375 32.37277984619140625 32.392303466796875 32.40180206298828125 32.392730712890625 32.366184234619140625 32.3660888671875 32.40650177001953125 32.438777923583984375 32.45400238037109375 32.45970916748046875 32.468334197998046875 32.476352691650390625 32.481231689453125 32.489994049072265625 32.500537872314453125 32.51454925537109375 32.534145355224609375 32.546939849853515625 32.553798675537109375 32.55823516845703125 32.561870574951171875 32.5652008056640625 32.57123565673828125 32.57483673095703125 32.578395843505859375 32.590496063232421875 32.60282135009765625 32.60695648193359375 32.60262298583984375
31.821376800537109375 31.829357147216796875 31.850811004638671875 31.894481658935546875 31.941884994506835938 31.980007171630859375 32.052814483642578125 32.13040924072265625 32.19310760498046875 32.24655914306640625 32.293239593505859375 32.315570831298828125 32.3387603759765625 32.353328704833984375 32.3580169677734375 32.365665435791015625 32.3771514892578125 32.3826751708984375 32.36702728271484375 32.3275146484375 32.325164794921875 32.381237030029296875 32.426021575927734375 32.4431610107421875 32.44918060302734375 32.461933135986328125 32.4744110107421875 32.486881256103515625 32.508052825927734375 32.523075103759765625 32.53301239013671875 32.543506622314453125 32.548366546630859375 32.55316162109375 32.557064056396484375 32.562282562255859375 32.567203521728515625 32.57888031005859375 32.586490631103515625 32.588642120361328125 32.596813201904296875 32.605922698974609375 32.61005401611328125 32.60866546630859375
-9999 31.832698822021484375 31.845287322998046875 31.880022048950195313 31.926990509033203125 31.967782974243164063 32.04250335693359375 32.11956024169921875 32.184795379638671875 32.24071502685546875 32.287914276123046875 32.310546875 32.333141326904296875 32.34185028076171875 32.3358154296875 32.3322296142578125 32.340793609619140625 32.35091400146484375 32.34035491943359375 32.30873870849609375 32.3139801025390625 32.37805938720703125 32.427890777587890625 32.44904327392578125 32.45868682861328125 32.470317840576171875 32.4798431396484375 32.49388885498046875 32.514904022216796875 32.531131744384765625 32.53902435302734375 32.5428314208984375 32.54122161865234375 32.544376373291015625 32.549419403076171875 32.557895660400390625 32.565555572509765625 32.582275390625 32.59392547607421875 32.5968475341796875 32.601619720458984375 32.607929229736328125 32.61119842529296875 32.61101531982421875
-9999 -9999 31.842800140380859375 31.865808486938476563 31.907052993774414063 31.947801589965820313 32.022579193115234375 32.1015777587890625 32.173618316650390625 32.23453521728515625 32.282962799072265625 32.303340911865234375 32.31539154052734375 32.314128875732421875 32.30423736572265625 32.29610443115234375 32.300811767578125 32.31458282470703125 32.316387176513671875 32.3057861328125 32.32340240478515625 32.3847503662109375 32.433910369873046875 32.45815277099609375 32.47098541259765625 32.479656219482421875 32.4889068603515625 32.501659393310546875 32.519168853759765625 32.53437042236328125 32.540370941162109375 32.538249969482421875 32.53046417236328125 32.531055450439453125 32.539142608642578125 32.551082611083984375 32.56099700927734375 32.578342437744140625 32.59357452392578125 32.60015106201171875 32.604248046875 32.60943603515625 32.612060546875 32.61130523681640625
-9999 -9999 31.848928451538085938 31.854932785034179688 31.885168075561523438 31.923685073852539063 32.0000152587890625 32.0848541259765625 32.1618194580078125 32.22246551513671875 32.26725006103515625 32.28314208984375 32.284023284912109375 32.277988433837890625 32.27153778076171875 32.2675933837890625 32.27518463134765625 32.2924041748046875 32.30523681640625 32.31969451904296875 32.3494873046875 32.394939422607421875 32.434268951416015625 32.4546661376953125 32.4736328125 32.48528289794921875 32.49691009521484375 32.507293701171875 32.52008056640625 32.5324859619140625 32.535907745361328125 32.53070068359375 32.5211944580078125 32.52101898193359375 32.5304412841796875 32.542682647705078125 32.5521240234375 32.567333221435546875 32.5838165283203125 32.59488677978515625 32.6020660400390625 32.6094207763671875 32.613208770751953125 32.61345672607421875
-9999 -9999 31.84588623046875 31.849323272705078125 31.867250442504882813 31.902280807495117188 31.97812652587890625 32.062480926513671875 32.1332855224609375 32.1795806884765625 32.2078857421875 32.217761993408203125 32.225368499755859375 32.234607696533203125 32.242946624755859375 32.2530670166015625 32.27220916748046875 32.2971038818359375 32.320789337158203125 32.357280731201171875 32.387195587158203125 32.4133758544921875 32.43863677978515625 32.452762603759765625 32.471065521240234375 32.4859161376953125 32.497112274169921875 32.50489044189453125 32.5147705078125 32.523845672607421875 32.524570465087890625 32.517734527587890625 32.5088348388671875 32.50962066650390625 32.52010345458984375 32.5313873291015625 32.53859710693359375 32.551021575927734375 32.5667724609375 32.582729339599609375 32.59615325927734375 32.608364105224609375 32.614933013916015625 32.6179656982421875
-9999 -9999 31.8466644287109375 31.8494873046875 31.864175796508789063 31.897359848022460938 31.965997695922851563 32.033054351806640625 32.082317352294921875 32.10660552978515625 32.1197967529296875 32.129558563232421875 32.15946197509765625 32.198974609375 32.230682373046875 32.2572021484375 32.281040191650390625 32.308013916015625 32.3430023193359375 32.392284393310546875 32.4198760986328125 32.4360198974609375 32.448543548583984375 32.454250335693359375 32.462894439697265625 32.47945404052734375 32.489131927490234375 32.496501922607421875 32.50986480712890625 32.517490386962890625 32.515827178955078125 32.506511688232421875 32.497356414794921875 32.49810028076171875 32.50933074951171875 32.52381134033203125 32.5310821533203125 32.54196929931640625 32.5575103759765625 32.57340240478515625 32.590167999267578125 32.605815887451171875 32.61469268798828125 32.61919403076171875
-9999 -9999 31.851535797119140625 31.85451507568359375 31.870035171508789063 31.901020050048828125 31.960504531860351563 32.0106201171875 32.042552947998046875 32.05088043212890625 32.061611175537109375 32.08062744140625 32.133892059326171875 32.19354248046875 32.23677825927734375 32.272708892822265625 32.30020904541015625 32.319980621337890625 32.351428985595703125 32.395954132080078125 32.423274993896484375 32.43741607666015625 32.443553924560546875 32.446063995361328125 32.453296661376953125 32.47383880615234375 32.484649658203125 32.490337371826171875 32.502597808837890625 32.508213043212890625 32.503662109375 32.492137908935546875 32.485149383544921875 32.486034393310546875 32.494792938232421875 32.510845184326171875 32.52100372314453125 32.534442901611328125 32.548931121826171875 32.563922882080078125 32.58106231689453125 32.599212646484375 32.610828399658203125 32.61849212646484375
-9999 -9999 31.859529495239257813 31.862216949462890625 31.876317977905273438 31.901960372924804688 31.949682235717773438 31.985654830932617188 32.0046539306640625 31.998682022094726563 32.0100555419921875 32.038753509521484375 32.114025115966796875 32.189327239990234375 32.23954010009765625 32.278148651123046875 32.316776275634765625 32.337612152099609375 32.354236602783203125 32.38222503662109375 32.408924102783203125 32.42549896240234375 32.43912506103515625 32.4480438232421875 32.460540771484375 32.477413177490234375 32.48226165771484375 32.484527587890625 32.491413116455078125 32.49228668212890625 32.48504638671875 32.47333526611328125 32.468593597412109375 32.4713897705078125 32.480194091796875 32.4949798583984375 32.5078887939453125 32.525638580322265625 32.54117584228515625 32.556293487548828125 32.573871612548828125 32.591785430908203125 32.60384368896484375 32.615093231201171875
