INPUT/RASTER/ASCII/BIO02.asc
ncols        225
nrows        269
xllcorner    473000.000000000000
yllcorner    4429100.000000000000
cellsize     50.000000000000
NODATA_value -9999
[rows 120 to 139 of 269, columns 0 to 43 of 225]
-9999 -9999 -9999 -9999 -9999 -9999 -9999 -9999 -9999 10.024523735046386719 10.016611099243164062 10.036629676818847656 10.059207916259765625 10.071633338928222656 9.9772796630859375 9.9308099746704101562 9.8717813491821289062 9.8394489288330078125 9.8155374526977539062 9.7956399917602539062 9.78679656982421875 9.7752199172973632812 9.774627685546875 9.788860321044921875 9.8243122100830078125 9.8629398345947265625 9.8993663787841796875 9.913726806640625 9.9203615188598632812 9.917232513427734375 9.8944568634033203125 9.8226642608642578125 9.7529754638671875 9.7082071304321289062 9.69475555419921875 9.6812839508056640625 9.68030548095703125 9.692203521728515625 9.6893320083618164062 9.6619396209716796875 9.6641750335693359375 9.657318115234375 9.6651515960693359375 9.6854677200317382812
-9999 -9999 -9999 -9999 -9999 -9999 -9999 -9999 -9999 -9999 10.048990249633789062 10.067533493041992188 10.078166961669921875 10.076091766357421875 9.9856510162353515625 9.9503812789916992188 9.8808307647705078125 9.8441257476806640625 9.81998443603515625 9.8016376495361328125 9.7965097427368164062 9.7832775115966796875 9.7777423858642578125 9.797275543212890625 9.8314771652221679688 9.8749542236328125 9.913944244384765625 9.925384521484375 9.9310064315795898438 9.922580718994140625 9.8987407684326171875 9.8356723785400390625 9.7635860443115234375 9.7213850021362304688 9.70977020263671875 9.69998931884765625 9.7038793563842773438 9.7215785980224609375 9.7309284210205078125 9.7065382003784179688 9.6881494522094726562 9.66823577880859375 9.6734561920166015625 9.6921014785766601562
-9999 -9999 -9999 -9999 -9999 -9999 -9999 -9999 -9999 -9999 -9999 -9999 10.089139938354492188 10.08519744873046875 10.013337135314941406 9.9770717620849609375 9.8958415985107421875 9.8529911041259765625 9.8274812698364257812 9.810512542724609375 9.814228057861328125 9.8080186843872070312 9.7963781356811523438 9.824306488037109375 9.8506307601928710938 9.8953218460083007812 9.9322805404663085938 9.9367151260375976562 9.9360284805297851562 9.918720245361328125 9.889522552490234375 9.836826324462890625 9.7715883255004882812 9.731769561767578125 9.72353363037109375 9.7138490676879882812 9.7209320068359375 9.7360677719116210938 9.7417783737182617188 9.733104705810546875 9.7210636138916015625 9.6718616485595703125 9.6820554733276367188 9.7098598480224609375
-9999 -9999 -9999 -9999 -9999 -9999 -9999 -9999 -9999 -9999 -9999 -9999 10.088978767395019531 10.089982986450195312 10.024572372436523438 9.9932737350463867188 9.9053020477294921875 9.862087249755859375 9.836055755615234375 9.823551177978515625 9.8445520401000976562 9.8529052734375 9.8265886306762695312 9.87548828125 9.877040863037109375 9.9252195358276367188 9.9482507705688476562 9.9441814422607421875 9.9416017532348632812 9.9174442291259765625 9.873508453369140625 9.8251791000366210938 9.7616014480590820312 9.7312259674072265625 9.7278814315795898438 9.7249288558959960938 9.7279529571533203125 9.7447261810302734375 9.7484006881713867188 9.7387762069702148438 9.7377109527587890625 9.6990566253662109375 9.7176799774169921875 9.7274904251098632812
-9999 -9999 -9999 -9999 -9999 -9999 -9999 -9999 -9999 -9999 -9999 -9999 -9999 10.078281402587890625 10.024898529052734375 9.992366790771484375 9.9164180755615234375 9.8649387359619140625 9.8458986282348632812 9.856136322021484375 9.8824367523193359375 9.90149688720703125 9.91146087646484375 9.9294795989990234375 9.9453105926513671875 9.9566593170166015625 9.9641323089599609375 9.955047607421875 9.955047607421875 9.9007511138916015625 9.8497943878173828125 9.7933330535888671875 9.7335729598999023438 9.72490692138671875 9.7257480621337890625 9.735706329345703125 9.7451486587524414062 9.7544460296630859375 9.7562513351440429688 9.7515230178833007812 9.7562150955200195312 9.7606983184814453125 9.77532196044921875 9.7375011444091796875
-9999 -9999 -9999 -9999 -9999 -9999 -9999 -9999 -9999 -9999 -9999 -9999 -9999 10.063839912414550781 10.001010894775390625 9.9756231307983398438 9.89908599853515625 9.8589849472045898438 9.85572052001953125 9.8764476776123046875 9.9015474319458007812 9.9335947036743164062 9.95804595947265625 9.963687896728515625 9.9801959991455078125 9.97391510009765625 9.97798919677734375 9.9652967453002929688 9.9518976211547851562 9.8836765289306640625 9.8280038833618164062 9.771648406982421875 9.7334356307983398438 9.7224378585815429688 9.722843170166015625 9.7331447601318359375 9.7388906478881835938 9.7577362060546875 9.7649593353271484375 9.7681293487548828125 9.7740650177001953125 9.79170989990234375 9.7878961563110351562 9.77703094482421875
-9999 -9999 -9999 -9999 -9999 -9999 -9999 -9999 -9999 -9999 -9999 -9999 -9999 -9999 10.011850357055664062 9.9778289794921875 9.8859891891479492188 9.8556690216064453125 9.8550319671630859375 9.8812007904052734375 9.925006866455078125 9.9706411361694335938 9.9942979812622070312 9.9926118850708007812 9.99431610107421875 9.9891214370727539062 9.9851827621459960938 9.9755220413208007812 9.9509410858154296875 9.8595733642578125 9.804721832275390625 9.770526885986328125 9.7369623184204101562 9.725574493408203125 9.7282238006591796875 9.730838775634765625 9.7337818145751953125 9.755889892578125 9.7768077850341796875 9.801029205322265625 9.7977275848388671875 9.7965707778930664062 9.7936077117919921875 9.791629791259765625
-9999 -9999 -9999 -9999 -9999 -9999 -9999 -9999 -9999 -9999 -9999 -9999 -9999 -9999 10.021697998046875 9.9917745590209960938 9.8947095870971679688 9.8704519271850585938 9.8665370941162109375 9.895526885986328125 9.9504976272583007812 10.013545036315917969 10.034549713134765625 10.021195411682128906 10.008534431457519531 9.9980268478393554688 9.9817495346069335938 9.9755954742431640625 9.9347257614135742188 9.8476276397705078125 9.7970476150512695312 9.7756872177124023438 9.74692535400390625 9.7335529327392578125 9.7360019683837890625 9.737483978271484375 9.7493915557861328125 9.7645158767700195312 9.7919025421142578125 9.8040781021118164062 9.8035879135131835938 9.796192169189453125 9.7920055389404296875 9.7919282913208007812
-9999 -9999 -9999 -9999 -9999 -9999 -9999 -9999 -9999 -9999 -9999 -9999 -9999 -9999 10.024365425109863281 10.004347801208496094 9.9389095306396484375 9.9088287353515625 9.9110260009765625 9.96392059326171875 10.005681991577148438 10.059823036193847656 10.065622329711914062 10.035772323608398438 10.016656875610351562 10.001251220703125 9.979095458984375 9.9694690704345703125 9.9267606735229492188 9.850765228271484375 9.8004331588745117188 9.7822446823120117188 9.758342742919921875 9.74481201171875 9.7465276718139648438 9.7487535476684570312 9.7648935317993164062 9.78520965576171875 9.7980031967163085938 9.7995929718017578125 9.7994546890258789062 9.789951324462890625 9.7900094985961914062 9.7915563583374023438
-9999 -9999 -9999 -9999 -9999 -9999 -9999 -9999 -9999 -9999 -9999 -9999 -9999 10.077729225158691406 10.041362762451171875 10.026803970336914062 9.990306854248046875 9.99044036865234375 10.007945060729980469 10.042835235595703125 10.059933662414550781 10.067041397094726562 10.055751800537109375 10.026412010192871094 9.9969043731689453125 9.9884958267211914062 9.98020172119140625 9.9753541946411132812 9.9358806610107421875 9.8590745925903320312 9.805301666259765625 9.79022216796875 9.7692232131958007812 9.7557477951049804688 9.7557392120361328125 9.7626314163208007812 9.7914829254150390625 9.8017559051513671875 9.7964038848876953125 9.7922992706298828125 9.7858057022094726562 9.7756071090698242188 9.7805461883544921875 9.7826137542724609375
-9999 -9999 -9999 -9999 -9999 -9999 -9999 -9999 -9999 -9999 -9999 -9999 10.14640045166015625 10.076204299926757812 10.044556617736816406 10.033024787902832031 10.017670631408691406 10.020864486694335938 10.035231590270996094 10.034196853637695312 10.005480766296386719 9.9900388717651367188 9.9837903976440429688 9.9537248611450195312 9.933124542236328125 9.9383554458618164062 9.95476531982421875 9.9529933929443359375 9.9473514556884765625 9.9097051620483398438 9.8521213531494140625 9.8161144256591796875 9.7887115478515625 9.772136688232421875 9.7715282440185546875 9.7971515655517578125 9.81020355224609375 9.8085603713989257812 9.7933597564697265625 9.7827243804931640625 9.7801923751831054688 9.7750301361083984375 9.7771205902099609375 9.7758617401123046875
-9999 -9999 -9999 -9999 -9999 -9999 -9999 -9999 -9999 -9999 -9999 10.178769111633300781 10.137059211730957031 10.030458450317382812 9.982318878173828125 9.9562625885009765625 9.9574298858642578125 9.9747409820556640625 9.9730815887451171875 9.96501922607421875 9.93495941162109375 9.9363927841186523438 9.9402723312377929688 9.9175329208374023438 9.8997812271118164062 9.8999881744384765625 9.9136676788330078125 9.9026336669921875 9.8924989700317382812 9.883708953857421875 9.8671779632568359375 9.8298854827880859375 9.8011035919189453125 9.785221099853515625 9.7919797897338867188 9.8099775314331054688 9.813999176025390625 9.8110246658325195312 9.79630279541015625 9.7857837677001953125 9.7824773788452148438 9.7775859832763671875 9.77754974365234375 9.7741374969482421875
-9999 -9999 -9999 -9999 -9999 -9999 -9999 -9999 -9999 -9999 10.159626960754394531 10.157105445861816406 10.09542083740234375 9.9801807403564453125 9.9240703582763671875 9.902805328369140625 9.909854888916015625 9.9251012802124023438 9.9161443710327148438 9.9031848907470703125 9.8828859329223632812 9.8977632522583007812 9.9072093963623046875 9.8951025009155273438 9.8746738433837890625 9.8632869720458984375 9.8598766326904296875 9.8472948074340820312 9.8269014358520507812 9.8360967636108398438 9.849506378173828125 9.838008880615234375 9.8199014663696289062 9.8218793869018554688 9.8172788619995117188 9.8177461624145507812 9.8191862106323242188 9.81658172607421875 9.8039484024047851562 9.7915744781494140625 9.7873563766479492188 9.7813138961791992188 9.7782564163208007812 9.773578643798828125
-9999 -9999 -9999 -9999 -9999 -9999 -9999 -9999 -9999 10.152393341064453125 10.165950775146484375 10.077749252319335938 10.023157119750976562 9.9401149749755859375 9.9072141647338867188 9.897563934326171875 9.8956804275512695312 9.8972196578979492188 9.8868055343627929688 9.877094268798828125 9.8710031509399414062 9.879993438720703125 9.8855848312377929688 9.8798961639404296875 9.86423492431640625 9.8501138687133789062 9.8317995071411132812 9.8226556777954101562 9.8064222335815429688 9.8080921173095703125 9.8183307647705078125 9.8270740509033203125 9.8426332473754882812 9.83493804931640625 9.830142974853515625 9.8291912078857421875 9.8285455703735351562 9.8234663009643554688 9.811328887939453125 9.7987470626831054688 9.7930049896240234375 9.785053253173828125 9.7824153900146484375 9.7768115997314453125
-9999 -9999 -9999 -9999 -9999 -9999 -9999 -9999 -9999 10.166723251342773438 10.120818138122558594 9.9925060272216796875 9.96118927001953125 9.91832733154296875 9.9031810760498046875 9.89977264404296875 9.8943195343017578125 9.891754150390625 9.8831872940063476562 9.8731412887573242188 9.8773050308227539062 9.8786449432373046875 9.8787174224853515625 9.8742876052856445312 9.8617687225341796875 9.8514966964721679688 9.831508636474609375 9.8251028060913085938 9.8090410232543945312 9.7996063232421875 9.7996730804443359375 9.8231096267700195312 9.8381557464599609375 9.8371686935424804688 9.837738037109375 9.8364543914794921875 9.83516693115234375 9.8290796279907226562 9.8173427581787109375 9.8038921356201171875 9.799015045166015625 9.7894840240478515625 9.7881832122802734375 9.782558441162109375
-9999 -9999 -9999 -9999 -9999 -9999 -9999 -9999 -9999 10.075429916381835938 10.06763458251953125 9.9650115966796875 9.901824951171875 9.8708324432373046875 9.9070787429809570312 9.9031953811645507812 9.8963499069213867188 9.8909711837768554688 9.8886470794677734375 9.8816394805908203125 9.891979217529296875 9.8923044204711914062 9.8835430145263671875 9.8769559860229492188 9.8643703460693359375 9.8533639907836914062 9.8369083404541015625 9.8251743316650390625 9.8115949630737304688 9.799396514892578125 9.80516815185546875 9.8239183425903320312 9.820102691650390625 9.8245525360107421875 9.834445953369140625 9.8301544189453125 9.8383312225341796875 9.8288183212280273438 9.817478179931640625 9.809055328369140625 9.8068132400512695312 9.79460906982421875 9.8000802993774414062 9.7923803329467773438
-9999 -9999 -9999 -9999 -9999 -9999 -9999 -9999 -9999 -9999 10.097665786743164062 9.9822292327880859375 9.863216400146484375 9.8355016708374023438 9.8118343353271484375 9.8509120941162109375 9.8423318862915039062 9.80023956298828125 9.8484897613525390625 9.903659820556640625 9.91114044189453125 9.9134664535522460938 9.8991909027099609375 9.8842926025390625 9.86719512939453125 9.8502559661865234375 9.8287944793701171875 9.8202600479125976562 9.8124599456787109375 9.8146572113037109375 9.818309783935546875 9.8071842193603515625 9.805065155029296875 9.8077211380004882812 9.809703826904296875 9.814327239990234375 9.8206615447998046875 9.8209619522094726562 9.8153743743896484375 9.8161630630493164062 9.8161630630493164062 9.8171291351318359375 9.8209514617919921875 9.8135156631469726562
-9999 -9999 -9999 -9999 -9999 -9999 -9999 -9999 -9999 -9999 10.082611083984375 9.9617481231689453125 9.848758697509765625 9.8254537582397460938 9.8090906143188476562 9.8065052032470703125 9.7987585067749023438 9.80162811279296875 9.8187961578369140625 9.8314971923828125 9.86832427978515625 9.876323699951171875 9.9084272384643554688 9.883941650390625 9.8654813766479492188 9.851291656494140625 9.83515167236328125 9.8248987197875976562 9.8178768157958984375 9.8336639404296875 9.8234548568725585938 9.811283111572265625 9.8024129867553710938 9.8047885894775390625 9.80632781982421875 9.8093814849853515625 9.81005096435546875 9.8133563995361328125 9.8176469802856445312 9.8199186325073242188 9.8252248764038085938 9.8327455520629882812 9.832759857177734375 9.8226528167724609375
-9999 -9999 -9999 -9999 -9999 -9999 -9999 -9999 -9999 -9999 10.042554855346679688 9.903717041015625 9.8288393020629882812 9.8169069290161132812 9.8084011077880859375 9.8042545318603515625 9.7952737808227539062 9.7973880767822265625 9.8190450668334960938 9.8396015167236328125 9.8389329910278320312 9.8325042724609375 9.8466024398803710938 9.8386516571044921875 9.8681268692016601562 9.8520383834838867188 9.8377437591552734375 9.8311452865600585938 9.8371839523315429688 9.8376092910766601562 9.8286237716674804688 9.8151807785034179688 9.8038167953491210938 9.8052520751953125 9.806758880615234375 9.8073711395263671875 9.8093547821044921875 9.8114423751831054688 9.8207569122314453125 9.8230848312377929688 9.8304691314697265625 9.8413848876953125 9.83936309814453125 9.840259552001953125
-9999 -9999 -9999 -9999 -9999 -9999 -9999 -9999 -9999 -9999 10.013490676879882812 9.8823032379150390625 9.8283367156982421875 9.8104448318481445312 9.8028430938720703125 9.8009138107299804688 9.789825439453125 9.79537200927734375 9.8247270584106445312 9.8434352874755859375 9.8419847488403320312 9.8361263275146484375 9.8202028274536132812 9.80475616455078125 9.784481048583984375 9.7971649169921875 9.854152679443359375 9.8546285629272460938 9.8495006561279296875 9.8422689437866210938 9.8305101394653320312 9.8176975250244140625 9.8067960739135742188 9.807712554931640625 9.8092632293701171875 9.8103685379028320312 9.81459808349609375 9.815250396728515625 9.823062896728515625 9.82529449462890625 9.8313417434692382812 9.843692779541015625 9.8505582809448242188 9.8413543701171875
