INPUT/RASTER/ASCII/BIO06.asc
ncols        225
nrows        269
xllcorner    473009.983799999987
yllcorner    4429051.174800000153
cellsize     50.000000000000
NODATA_value -9999
[rows 72 to 89 of 269, columns 168 to 209 of 225]
4.5428099632263183594 4.5362868309020996094 4.5340099334716796875 4.5338873863220214844 4.4804296493530273438 4.4271235466003417969 4.4221920967102050781 4.4213771820068359375 4.4207048416137695313 4.4196934700012207031 4.4150195121765136719 4.4063458442687988281 4.4046273231506347656 4.4053034782409667969 4.4054312705993652344 -9999 -9999 -9999 -9999 -9999 -9999 -9999 -9999 -9999 -9999 -9999 -9999 -9999 -9999 -9999 -9999 -9999 -9999 -9999 -9999 -9999 -9999 -9999 -9999 -9999 -9999 -9999
4.4630603790283203125 4.4479756355285644531 4.4424967765808105469 4.4386582374572753906 4.4260077476501464844 4.4142589569091796875 4.411357879638671875 4.4100155830383300781 4.4090185165405273438 4.4078001976013183594 4.4056229591369628906 4.4043908119201660156 4.4045653343200683594 4.4052567481994628906 4.4054827690124511719 -9999 -9999 -9999 -9999 -9999 -9999 -9999 -9999 -9999 -9999 -9999 -9999 -9999 -9999 -9999 -9999 -9999 -9999 -9999 -9999 -9999 -9999 -9999 -9999 -9999 -9999 -9999
4.4901480674743652344 4.4772119522094726563 4.4729738235473632813 4.4636440277099609375 4.4461717605590820313 4.4320683479309082031 4.4214372634887695313 4.4142069816589355469 4.4113702774047851563 4.4096341133117675781 4.4068284034729003906 4.405010223388671875 4.4045672416687011719 4.4050183296203613281 4.40538787841796875 -9999 -9999 -9999 -9999 -9999 -9999 -9999 -9999 -9999 -9999 -9999 -9999 -9999 -9999 -9999 -9999 -9999 -9999 -9999 -9999 -9999 -9999 -9999 -9999 -9999 -9999 -9999
4.5235462188720703125 4.5165925025939941406 4.5136761665344238281 4.50186920166015625 4.4835062026977539063 4.4683046340942382813 4.4475393295288085938 4.4330625534057617188 4.4255666732788085938 4.4188618659973144531 4.4101324081420898438 4.4062161445617675781 4.404819488525390625 4.4047236442565917969 4.4052248001098632813 -9999 -9999 -9999 -9999 -9999 -9999 -9999 -9999 -9999 -9999 -9999 -9999 -9999 -9999 -9999 -9999 -9999 -9999 -9999 -9999 -9999 -9999 -9999 -9999 -9999 -9999 -9999
4.5465779304504394531 4.5438094139099121094 4.5413718223571777344 4.5309634208679199219 4.5180459022521972656 4.5046415328979492188 4.4824700355529785156 4.4687280654907226563 4.4554982185363769531 4.441318511962890625 4.4224486351013183594 4.4113640785217285156 4.4067130088806152344 4.405181884765625 4.4047236442565917969 4.4047064781188964844 4.4046907424926757813 -9999 -9999 -9999 -9999 -9999 -9999 -9999 -9999 -9999 -9999 -9999 -9999 -9999 -9999 -9999 -9999 -9999 -9999 -9999 -9999 -9999 -9999 -9999 -9999 -9999
4.5586261749267578125 4.5576982498168945313 4.5558004379272460938 4.54964447021484375 4.5446143150329589844 4.5349168777465820313 4.5185513496398925781 4.507129669189453125 4.4912157058715820313 4.4773492813110351563 4.45404815673828125 4.434848785400390625 4.4226675033569335938 4.4120526313781738281 4.40704345703125 4.4061365127563476563 4.4056520462036132813 4.4059343338012695313 4.4039587974548339844 -9999 -9999 -9999 -9999 -9999 -9999 -9999 -9999 -9999 -9999 -9999 -9999 -9999 -9999 -9999 -9999 -9999 -9999 -9999 -9999 -9999 -9999 -9999
4.5617885589599609375 4.5606508255004882813 4.5598969459533691406 4.5586180686950683594 4.557498931884765625 4.5553231239318847656 4.5515141487121582031 4.5456948280334472656 4.5400891304016113281 4.532611846923828125 4.5171489715576171875 4.5048518180847167969 4.4852318763732910156 4.4640145301818847656 4.4493889808654785156 4.4383211135864257813 4.4270358085632324219 4.4154696464538574219 4.4060602188110351563 4.4049315452575683594 -9999 -9999 -9999 -9999 -9999 -9999 -9999 -9999 -9999 -9999 -9999 -9999 -9999 -9999 -9999 -9999 -9999 -9999 -9999 -9999 -9999 -9999
4.5655674934387207031 4.5622067451477050781 4.5613503456115722656 4.5604467391967773438 4.5595355033874511719 4.5587515830993652344 4.5578598976135253906 4.5565519332885742188 4.5556101799011230469 4.5514140129089355469 4.5460991859436035156 4.5398869514465332031 4.5245113372802734375 4.5050435066223144531 4.4900922775268554688 4.482723236083984375 4.4663414955139160156 4.4417982101440429688 4.4207854270935058594 4.4093050956726074219 4.4087405204772949219 -9999 -9999 -9999 -9999 -9999 -9999 -9999 -9999 -9999 -9999 -9999 -9999 -9999 -9999 -9999 -9999 -9999 -9999 -9999 -9999 -9999
4.5701603889465332031 4.5661578178405761719 4.564788818359375 4.56240081787109375 4.5608072280883789063 4.5594449043273925781 4.5584688186645507813 4.5578012466430664063 4.557308197021484375 4.5561194419860839844 4.5546827316284179688 4.5510039329528808594 4.5437436103820800781 4.5314764976501464844 4.5219516754150390625 4.5169215202331542969 4.5001149177551269531 4.47652435302734375 4.4494938850402832031 4.4267296791076660156 4.4175472259521484375 -9999 -9999 -9999 -9999 -9999 -9999 -9999 -9999 -9999 -9999 -9999 -9999 -9999 -9999 -9999 -9999 -9999 -9999 -9999 -9999 -9999
4.5730156898498535156 4.57059478759765625 4.5692458152770996094 4.5664057731628417969 4.5645303726196289063 4.5614094734191894531 4.5594735145568847656 4.5583195686340332031 4.5578260421752929688 4.5573925971984863281 4.5566501617431640625 4.5553331375122070313 4.552883148193359375 4.5470156669616699219 4.5440740585327148438 4.5405039787292480469 4.5277867317199707031 4.509403228759765625 4.4837188720703125 4.4590153694152832031 4.4451122283935546875 -9999 -9999 -9999 -9999 -9999 -9999 -9999 -9999 -9999 -9999 -9999 -9999 -9999 -9999 -9999 -9999 -9999 -9999 -9999 -9999 -9999
4.57842254638671875 4.5740523338317871094 4.5728712081909179688 4.5711998939514160156 4.5698194503784179688 4.5660696029663085938 4.5628256797790527344 4.5601096153259277344 4.5596089363098144531 4.5586333274841308594 4.5574398040771484375 4.5565981864929199219 4.5557107925415039063 4.5544748306274414063 4.5538878440856933594 4.5516324043273925781 4.5463857650756835938 4.53620147705078125 4.51894378662109375 4.4976944923400878906 4.4882416725158691406 4.5018563270568847656 4.4841489791870117188 4.4813208580017089844 -9999 -9999 -9999 -9999 -9999 -9999 -9999 -9999 -9999 -9999 -9999 -9999 -9999 -9999 -9999 -9999 -9999 -9999
4.5919981002807617188 4.5845856666564941406 4.5821423530578613281 4.5789585113525390625 4.5769267082214355469 4.5723867416381835938 4.568645477294921875 4.5656485557556152344 4.5651397705078125 4.563472747802734375 4.5611972808837890625 4.5588126182556152344 4.5570936203002929688 4.5559453964233398438 4.5554571151733398438 4.5549216270446777344 4.5539541244506835938 4.5495166778564453125 4.5443849563598632813 4.5330271720886230469 4.5231943130493164063 4.5142550468444824219 4.499904632568359375 4.5100774765014648438 4.5045428276062011719 -9999 -9999 -9999 -9999 -9999 -9999 -9999 -9999 -9999 -9999 -9999 -9999 -9999 -9999 -9999 -9999 -9999
4.6106743812561035156 4.6026263236999511719 4.5970683097839355469 4.5916590690612792969 4.5882220268249511719 4.5804228782653808594 4.5749826431274414063 4.5710935592651367188 4.5705761909484863281 4.5693507194519042969 4.567157745361328125 4.5637707710266113281 4.56017303466796875 4.557586669921875 4.5563097000122070313 4.555767059326171875 4.5550799369812011719 4.5542998313903808594 4.5534596443176269531 4.5517787933349609375 4.5484380722045898438 4.5469179153442382813 4.5373024940490722656 4.5222563743591308594 4.5217437744140625 4.5386829376220703125 -9999 -9999 -9999 -9999 -9999 -9999 -9999 -9999 -9999 -9999 -9999 -9999 -9999 -9999 -9999 -9999
4.6266894340515136719 4.6170129776000976563 4.61013031005859375 4.6055550575256347656 4.6001849174499511719 4.5906214714050292969 4.5832867622375488281 4.5774173736572265625 4.5768961906433105469 4.5732259750366210938 4.5696244239807128906 4.5677151679992675781 4.5648207664489746094 4.5614528656005859375 4.5583968162536621094 4.5572943687438964844 4.5557398796081542969 4.5548195838928222656 4.5540060997009277344 4.55318450927734375 4.5525455474853515625 4.5520787239074707031 4.5474920272827148438 4.5416197776794433594 4.544086456298828125 4.5695624351501464844 4.6092972755432128906 4.6280498504638671875 4.6501240730285644531 -9999 -9999 -9999 -9999 -9999 -9999 -9999 -9999 -9999 -9999 -9999 -9999 -9999
4.6364102363586425781 4.6301755905151367188 4.62509918212890625 4.6213750839233398438 4.6152310371398925781 4.6050329208374023438 4.5947079658508300781 4.5891079902648925781 4.5883288383483886719 4.5822229385375976563 4.5759835243225097656 4.5708460807800292969 4.5684118270874023438 4.5659761428833007813 4.563648223876953125 4.5617628097534179688 4.5584959983825683594 4.5560154914855957031 4.5546698570251464844 4.5537772178649902344 4.5532379150390625 4.5528087615966796875 4.5515584945678710938 4.5502576828002929688 4.5610256195068359375 4.5908975601196289063 4.6228194236755371094 4.6392278671264648438 4.6565341949462890625 -9999 -9999 -9999 -9999 -9999 -9999 -9999 -9999 -9999 -9999 -9999 -9999 -9999
4.6426815986633300781 4.6390299797058105469 4.6348371505737304688 4.6330933570861816406 4.6286702156066894531 4.6202287673950195313 4.6099214553833007813 4.6053514480590820313 4.6031537055969238281 4.5944700241088867188 4.5864300727844238281 4.5789251327514648438 4.5732641220092773438 4.5694637298583984375 4.5675454139709472656 4.5661015510559082031 4.5635480880737304688 4.5595650672912597656 4.5567693710327148438 4.5544328689575195313 4.5537495613098144531 4.5533113479614257813 4.5525031089782714844 4.5554141998291015625 4.5747919082641601563 4.6094865798950195313 4.6443886756896972656 4.6591496467590332031 4.6702122688293457031 -9999 -9999 -9999 -9999 -9999 -9999 -9999 -9999 -9999 -9999 -9999 -9999 -9999
4.6454453468322753906 4.643280029296875 4.64141082763671875 4.6407036781311035156 4.6370387077331542969 4.631500244140625 4.6239199638366699219 4.6204586029052734375 4.6179141998291015625 4.6091504096984863281 4.5989384651184082031 4.5900869369506835938 4.5822496414184570313 4.5758848190307617188 4.571125030517578125 4.5695562362670898438 4.5672106742858886719 4.564228057861328125 4.5608758926391601563 4.5561075210571289063 4.5546326637268066406 4.5539889335632324219 4.5533871650695800781 4.5613222122192382813 4.5892186164855957031 4.6260380744934082031 4.6598916053771972656 4.6725811958312988281 4.6785249710083007813 4.6820349693298339844 -9999 -9999 -9999 -9999 -9999 -9999 -9999 -9999 -9999 -9999 -9999 -9999
4.6567740440368652344 4.6474499702453613281 4.6448111534118652344 4.6436238288879394531 4.6414403915405273438 4.638698577880859375 4.6331157684326171875 4.6314110755920410156 4.6297163963317871094 4.6233496665954589844 4.6137571334838867188 4.6045970916748046875 4.5952076911926269531 4.5874485969543457031 4.5814108848571777344 4.5776085853576660156 4.5721173286437988281 4.5687994956970214844 4.5655813217163085938 4.559955596923828125 4.5577144622802734375 4.5562953948974609375 4.5563616752624511719 4.5723862648010253906 4.6059689521789550781 4.6415562629699707031 4.6645026206970214844 4.6750459671020507813 4.6823191642761230469 4.6823663711547851563 4.6824579238891601563 4.6824674606323242188 -9999 -9999 -9999 -9999 -9999 -9999 -9999 -9999 -9999 -9999
