INPUT/RASTER/ASCII/BIO06.asc
ncols        225
nrows        269
xllcorner    473000.000000000000
yllcorner    4429100.000000000000
cellsize     50.000000000000
NODATA_value -9999
[rows 120 to 139 of 269, columns 132 to 175 of 225]
-9999 -9999 -9999 -9999 -9999 -9999 -9999 -9999 -9999 -9999 -9999 -9999 -9999 4.922122955322265625 4.9191985130310058594 4.9175281524658203125 -9999 -9999 -9999 -9999 4.9110016822814941406 4.9129204750061035156 4.9171633720397949219 4.9189095497131347656 4.9183521270751953125 4.9175152778625488281 4.918552398681640625 4.9170556068420410156 4.9164113998413085938 4.9138827323913574219 4.9129667282104492188 4.9121732711791992188 4.9116687774658203125 4.9110779762268066406 4.9085974693298339844 4.9056568145751953125 4.9011297225952148438 4.8991580009460449219 4.8975811004638671875 4.8912115097045898438 4.89012908935546875 4.8771367073059082031 4.871913909912109375 4.8685693740844726562
-9999 -9999 -9999 -9999 -9999 -9999 -9999 -9999 -9999 -9999 -9999 -9999 4.950008392333984375 4.9524426460266113281 4.9417581558227539062 4.9271702766418457031 4.9223299026489257812 4.9137005805969238281 4.9108638763427734375 -9999 4.911102294921875 4.9134097099304199219 4.9176077842712402344 4.918811798095703125 4.91870880126953125 4.9186029434204101562 4.9192180633544921875 4.9197764396667480469 4.9199228286743164062 4.9182186126708984375 4.9169554710388183594 4.9152741432189941406 4.9135255813598632812 4.9123992919921875 4.910800933837890625 4.9107604026794433594 4.9085240364074707031 4.9074640274047851562 4.9068088531494140625 4.8988857269287109375 4.8959555625915527344 4.8884711265563964844 4.8846836090087890625 4.8812379837036132812
-9999 -9999 -9999 -9999 -9999 -9999 -9999 -9999 -9999 -9999 -9999 4.9715471267700195312 4.9681797027587890625 4.9676489830017089844 4.9607157707214355469 4.9418110847473144531 4.9387860298156738281 4.9242649078369140625 4.91938018798828125 4.9185109138488769531 4.9127240180969238281 4.9146552085876464844 4.9178380966186523438 4.9187860488891601562 4.918842315673828125 4.9188032150268554688 4.9192676544189453125 4.9200792312622070312 4.919734954833984375 4.9191784858703613281 4.9186801910400390625 4.9182019233703613281 4.9161396026611328125 4.914211273193359375 4.9120573997497558594 4.9116082191467285156 4.9104104042053222656 4.9096169471740722656 4.9092278480529785156 4.9036169052124023438 4.9017467498779296875 4.8983716964721679688 4.897968292236328125 4.8936944007873535156
-9999 -9999 -9999 -9999 -9999 -9999 -9999 -9999 -9999 -9999 -9999 -9999 -9999 -9999 4.9663228988647460938 4.9564280509948730469 4.9503993988037109375 4.9381160736083984375 4.9365439414978027344 4.9366369247436523438 4.9257884025573730469 4.9211153984069824219 4.9188909530639648438 4.9190554618835449219 4.9189543724060058594 4.9190545082092285156 4.9195222854614257812 4.9197750091552734375 4.9194154739379882812 4.9188399314880371094 4.9183225631713867188 4.9181537628173828125 4.9177761077880859375 4.9167757034301757812 4.9144964218139648438 4.9133996963500976562 4.9129133224487304688 4.9123072624206542969 4.9122018814086914062 4.9103527069091796875 4.9096078872680664062 4.9073882102966308594 4.9064350128173828125 4.904266357421875
-9999 -9999 -9999 -9999 -9999 -9999 -9999 -9999 -9999 -9999 -9999 -9999 -9999 -9999 -9999 4.9598398208618164062 4.9519891738891601562 4.9480738639831542969 4.9476909637451171875 4.9480452537536621094 4.9422855377197265625 4.938140869140625 4.9308552742004394531 4.9244165420532226562 4.9206519126892089844 4.9193081855773925781 4.9194712638854980469 4.9194822311401367188 4.9192018508911132812 4.9186115264892578125 4.9180612564086914062 4.9179224967956542969 4.9176206588745117188 4.9173154830932617188 4.9168639183044433594 4.9156980514526367188 4.9156422615051269531 4.9153814315795898438 4.9152050018310546875 4.9143385887145996094 4.9129667282104492188 4.9115047454833984375 4.90972137451171875 4.9085545539855957031
-9999 -9999 -9999 -9999 -9999 -9999 -9999 -9999 -9999 -9999 -9999 -9999 -9999 -9999 -9999 4.9668707847595214844 4.9553394317626953125 4.9495143890380859375 4.9478330612182617188 4.9486093521118164062 4.9530267715454101562 4.9513845443725585938 4.9492292404174804688 4.9402413368225097656 4.9329476356506347656 4.924617767333984375 4.9217858314514160156 4.9204697608947753906 4.9188513755798339844 4.9184789657592773438 4.918025970458984375 4.9178395271301269531 4.9175519943237304688 4.9170627593994140625 4.9167952537536621094 4.9166893959045410156 4.9158759117126464844 4.9154639244079589844 4.9154510498046875 4.9150943756103515625 4.9136357307434082031 4.9122138023376464844 4.910434722900390625 4.910053253173828125
-9999 -9999 -9999 -9999 -9999 -9999 -9999 -9999 -9999 -9999 -9999 -9999 -9999 -9999 -9999 4.9767642021179199219 4.9626379013061523438 4.9532399177551269531 4.9488773345947265625 4.949466705322265625 4.9533872604370117188 4.9578619003295898438 4.9591245651245117188 4.95294952392578125 4.9501962661743164062 4.9405145645141601562 4.9348130226135253906 4.9307351112365722656 4.9194617271423339844 4.9202127456665039062 4.9180402755737304688 4.9195103645324707031 4.9191913604736328125 4.9170198440551757812 4.9181528091430664062 4.9165010452270507812 4.9204068183898925781 4.9195618629455566406 4.9155640602111816406 4.9192576408386230469 4.9140906333923339844 4.9162855148315429688 4.9110002517700195312 4.9146695137023925781
-9999 -9999 -9999 -9999 -9999 -9999 -9999 -9999 -9999 -9999 -9999 -9999 -9999 -9999 -9999 4.9904842376708984375 4.9729824066162109375 4.9666318893432617188 4.9521760940551757812 4.9567422866821289062 4.9589705467224121094 4.9581556320190429688 4.9607872962951660156 4.9592370986938476562 4.9593944549560546875 4.9530396461486816406 4.9511923789978027344 4.94847869873046875 4.9305219650268554688 4.9330430030822753906 4.9246807098388671875 4.92729949951171875 4.9269690513610839844 4.9237513542175292969 4.9261369705200195312 4.9276714324951171875 4.9328179359436035156 4.9333467483520507812 4.9330205917358398438 4.9321722984313964844 4.9305372238159179688 4.9291462898254394531 4.9288539886474609375 4.9294862747192382812
-9999 -9999 -9999 -9999 -9999 -9999 -9999 -9999 -9999 -9999 -9999 -9999 -9999 -9999 -9999 5.0065150260925292969 4.9940271377563476562 4.9866967201232910156 4.9730577468872070312 4.9728369712829589844 4.9719929695129394531 4.9665985107421875 4.96718597412109375 4.9605455398559570312 4.9607195854187011719 4.9597964286804199219 4.9593305587768554688 4.9586057662963867188 4.9580926895141601562 4.9524068832397460938 4.9396166801452636719 4.9385571479797363281 4.9367589950561523438 4.9324784278869628906 4.9323849678039550781 4.9325013160705566406 4.9335241317749023438 4.93404388427734375 4.9338040351867675781 4.9324855804443359375 4.9306917190551757812 4.9297189712524414062 4.9297618865966796875 4.9300222396850585938
5.0227375030517578125 -9999 -9999 -9999 -9999 -9999 -9999 -9999 -9999 -9999 -9999 -9999 -9999 -9999 5.0162997245788574219 5.0143451690673828125 5.0039830207824707031 4.9972591400146484375 4.9875335693359375 4.9836578369140625 4.9825148582458496094 4.9798898696899414062 4.9791479110717773438 4.9702868461608886719 4.9625782966613769531 4.9622144699096679688 4.9592690467834472656 4.9586286544799804688 4.9587407112121582031 4.9586796760559082031 4.9557752609252929688 4.9528546333312988281 4.9528880119323730469 4.9399938583374023438 4.932861328125 4.9329748153686523438 4.9339489936828613281 4.9342069625854492188 4.9340434074401855469 4.9330568313598632812 4.9314870834350585938 4.930210113525390625 4.9297871589660644531 4.9299559593200683594
5.0277242660522460938 5.0307750701904296875 -9999 -9999 -9999 -9999 -9999 -9999 -9999 -9999 -9999 -9999 -9999 -9999 5.0218420028686523438 5.0151515007019042969 5.0122723579406738281 5.0046954154968261719 4.99956512451171875 4.994403839111328125 4.9905147552490234375 4.9934988021850585938 4.9868741035461425781 4.9862880706787109375 4.97245025634765625 4.9738006591796875 4.96408843994140625 4.9606218338012695312 4.9594273567199707031 4.9593358039855957031 4.9597558975219726562 4.9595117568969726562 4.9580097198486328125 4.9596052169799804688 4.94240570068359375 4.9399218559265136719 4.9335927963256835938 4.9340114593505859375 4.9338564872741699219 4.9332852363586425781 4.9324617385864257812 4.9306688308715820312 4.9300279617309570312 4.9300713539123535156
5.0344343185424804688 5.0380573272705078125 5.034809112548828125 5.0335078239440917969 -9999 -9999 -9999 -9999 -9999 -9999 -9999 -9999 -9999 -9999 -9999 5.0192275047302246094 5.0183281898498535156 5.0095882415771484375 5.0081911087036132812 5.004077911376953125 4.9990534782409667969 5.0019559860229492188 4.99593353271484375 4.9946093559265136719 4.9839277267456054688 4.9846911430358886719 4.9727087020874023438 4.9675354957580566406 4.9639415740966796875 4.9604701995849609375 4.960540771484375 4.9602894783020019531 4.9603300094604492188 4.9602499008178710938 4.9553694725036621094 4.9527311325073242188 4.9416289329528808594 4.9353795051574707031 4.936420440673828125 4.9352869987487792969 4.9357690811157226562 4.9332613945007324219 4.9338083267211914062 4.9324007034301757812
5.039577484130859375 5.040355682373046875 5.0388011932373046875 5.0380034446716308594 -9999 -9999 -9999 -9999 -9999 -9999 -9999 -9999 -9999 -9999 -9999 -9999 5.0198259353637695312 -9999 -9999 -9999 -9999 5.0081043243408203125 5.0051259994506835938 5.0023565292358398438 4.9946918487548828125 4.9924411773681640625 4.9833483695983886719 4.9777135848999023438 4.9738812446594238281 4.964992523193359375 4.96314239501953125 4.9610190391540527344 4.9609446525573730469 4.9606370925903320312 4.9596476554870605469 4.9590616226196289062 4.9549503326416015625 4.9439172744750976562 4.9432125091552734375 4.9384627342224121094 4.9387407302856445312 4.9366621971130371094 4.9370274543762207031 4.9358630180358886719
5.0454993247985839844 5.0470323562622070312 5.0431451797485351562 5.0407853126525878906 -9999 -9999 -9999 -9999 -9999 -9999 -9999 -9999 -9999 -9999 -9999 -9999 -9999 -9999 -9999 -9999 -9999 5.0168757438659667969 5.0136089324951171875 5.0158414840698242188 5.0074162483215332031 5.0073504447937011719 5.000141143798828125 4.9944128990173339844 4.9935011863708496094 4.9828481674194335938 4.9806108474731445312 4.9729752540588378906 4.96527862548828125 4.9636096954345703125 4.9604687690734863281 4.959796905517578125 4.9591116905212402344 4.9566950798034667969 4.95966339111328125 4.9535517692565917969 4.9474725723266601562 4.9393229484558105469 4.9367084503173828125 4.9363222122192382812
5.0570178031921386719 5.0582766532897949219 5.0549359321594238281 -9999 -9999 -9999 -9999 -9999 -9999 -9999 -9999 -9999 -9999 -9999 -9999 -9999 -9999 -9999 -9999 -9999 -9999 5.0168080329895019531 5.0185990333557128906 5.017971038818359375 5.0143184661865234375 5.0142273902893066406 5.0090250968933105469 5.0052666664123535156 5.000507354736328125 4.9915113449096679688 4.9890513420104980469 4.9856085777282714844 4.9748053550720214844 4.9708533287048339844 4.9641561508178710938 4.9604692459106445312 4.9597263336181640625 4.9595785140991210938 4.9597525596618652344 4.9599370956420898438 4.9603343009948730469 4.9471487998962402344 4.9366750717163085938 4.9361920356750488281
5.0609650611877441406 5.06092071533203125 5.0588622093200683594 -9999 -9999 -9999 -9999 -9999 -9999 -9999 -9999 -9999 -9999 -9999 -9999 -9999 -9999 -9999 -9999 -9999 -9999 -9999 5.0178360939025878906 5.0195293426513671875 5.02005767822265625 5.0175580978393554688 5.0146226882934570312 5.0121712684631347656 5.0059757232666015625 5.00006103515625 4.9948129653930664062 4.9914832115173339844 4.9877028465270996094 4.9810471534729003906 4.9736146926879882812 4.962947845458984375 4.960235595703125 4.9598183631896972656 4.95978546142578125 4.9602518081665039062 4.96025848388671875 4.9574704170227050781 4.9452614784240722656 4.9443354606628417969
5.0653791427612304688 5.0635542869567871094 -9999 -9999 -9999 -9999 -9999 -9999 -9999 -9999 -9999 -9999 -9999 -9999 -9999 -9999 -9999 -9999 -9999 -9999 -9999 -9999 5.0165667533874511719 5.0185322761535644531 5.0202803611755371094 5.020656585693359375 5.0207614898681640625 5.0153183937072753906 5.0112195014953613281 5.0082907676696777344 5.0023660659790039062 5.0014424324035644531 4.9979310035705566406 4.9902086257934570312 4.9849104881286621094 4.9702534675598144531 4.9656977653503417969 4.9638304710388183594 4.96009063720703125 4.9602322578430175781 4.9600925445556640625 4.9593744277954101562 4.9580507278442382812 4.9576358795166015625
-9999 -9999 -9999 -9999 -9999 -9999 -9999 -9999 -9999 -9999 -9999 -9999 -9999 -9999 -9999 -9999 -9999 -9999 -9999 -9999 -9999 -9999 5.0154614448547363281 5.017833709716796875 5.0203423500061035156 5.0209178924560546875 5.0213718414306640625 5.0197806358337402344 5.0147414207458496094 5.0138874053955078125 5.0092930793762207031 5.010639190673828125 5.005100250244140625 4.9965496063232421875 4.9925675392150878906 4.981170654296875 4.9765925407409667969 4.9729099273681640625 4.9625225067138671875 4.9607706069946289062 4.960033416748046875 4.9594364166259765625 4.9582500457763671875 4.9578566551208496094
-9999 -9999 -9999 -9999 -9999 -9999 -9999 -9999 -9999 -9999 -9999 -9999 -9999 -9999 -9999 -9999 -9999 -9999 -9999 -9999 -9999 -9999 -9999 5.01747894287109375 5.0200939178466796875 5.021087646484375 5.0216226577758789062 5.021327972412109375 5.0205502510070800781 5.0172638893127441406 5.0156221389770507812 5.0160641670227050781 5.0110635757446289062 5.0040812492370605469 5.0001130104064941406 4.9892187118530273438 4.9865665435791015625 4.98307037353515625 4.969509124755859375 4.9654383659362792969 4.9600095748901367188 4.9598317146301269531 4.9583921432495117188 4.9634532928466796875
-9999 -9999 -9999 -9999 -9999 -9999 -9999 -9999 -9999 -9999 -9999 -9999 -9999 -9999 -9999 -9999 -9999 -9999 -9999 -9999 -9999 -9999 -9999 5.0174670219421386719 5.0192127227783203125 5.0206174850463867188 5.0210776329040527344 5.021728515625 5.02130889892578125 5.0217728614807128906 5.0192036628723144531 5.0191245079040527344 5.0179219245910644531 5.0108537673950195312 5.0083227157592773438 4.99507904052734375 4.9972233772277832031 4.9957742691040039062 4.9799342155456542969 4.9835653305053710938 4.9626903533935546875 4.976245880126953125 4.9706015586853027344 4.9894709587097167969
