INPUT/RASTER/ASCII/BIO08.asc
ncols        225
nrows        269
xllcorner    473000.000000000000
yllcorner    4429100.000000000000
cellsize     50.000000000000
NODATA_value -9999
[rows 200 to 219 of 269, columns 176 to 219 of 225]
14.644704818725585938 14.63393402099609375 14.629842758178710938 14.626628875732421875 14.625950813293457031 14.624700546264648438 14.623453140258789062 14.622102737426757812 14.618930816650390625 14.605835914611816406 14.579248428344726562 14.569848060607910156 14.554249763488769531 14.549536705017089844 14.541677474975585938 14.534671783447265625 14.526816368103027344 14.523372650146484375 14.517563819885253906 14.514919281005859375 14.51432037353515625 14.513527870178222656 14.5130615234375 14.511180877685546875 14.508797645568847656 14.506341934204101562 14.500211715698242188 14.493616104125976562 14.487161636352539062 14.485940933227539062 14.510889053344726562 14.51378631591796875 14.510830879211425781 14.507355690002441406 14.5040130615234375 14.503679275512695312 14.500499725341796875 14.499738693237304688 14.504192352294921875 14.509824752807617188 14.507342338562011719 14.510413169860839844 14.510227203369140625 14.509579658508300781
14.649816513061523438 14.639521598815917969 14.631206512451171875 14.628484725952148438 14.626749992370605469 14.624987602233886719 14.624593734741210938 14.623208045959472656 14.620985031127929688 14.613247871398925781 14.591373443603515625 14.568675041198730469 14.556210517883300781 14.54732513427734375 14.542328834533691406 14.534605979919433594 14.526035308837890625 14.523100852966308594 14.518415451049804688 14.516666412353515625 14.515285491943359375 14.514322280883789062 14.512990951538085938 14.51248931884765625 14.510747909545898438 14.507099151611328125 14.5017852783203125 14.4918670654296875 14.502593040466308594 14.510190963745117188 14.515232086181640625 14.513097763061523438 14.510527610778808594 14.508381843566894531 14.504762649536132812 14.504119873046875 14.502412796020507812 14.500065803527832031 14.498992919921875 14.500040054321289062 14.50109100341796875 14.505501747131347656 14.51015472412109375 14.507180213928222656
14.652439117431640625 14.640636444091796875 14.632557868957519531 14.6291961669921875 14.627832412719726562 14.625699996948242188 14.62442779541015625 14.622019767761230469 14.617533683776855469 14.609253883361816406 14.599480628967285156 14.57332611083984375 14.55371856689453125 14.547270774841308594 14.540261268615722656 14.533721923828125 14.528390884399414062 14.5265350341796875 14.521828651428222656 14.518263816833496094 14.517488479614257812 14.515965461730957031 14.516224861145019531 14.513357162475585938 14.510982513427734375 14.507852554321289062 14.504181861877441406 14.52680206298828125 14.516652107238769531 14.51708221435546875 14.51468658447265625 14.512625694274902344 14.51064300537109375 14.508525848388671875 14.50635528564453125 14.504518508911132812 14.503268241882324219 14.502506256103515625 14.499159812927246094 14.500363349914550781 14.501131057739257812 14.501053810119628906 14.501656532287597656 14.502713203430175781
14.655808448791503906 14.640932083129882812 14.633296012878417969 14.630687713623046875 14.629382133483886719 14.628367424011230469 14.625090599060058594 14.621337890625 14.615488052368164062 14.606101036071777344 14.596212387084960938 14.580913543701171875 14.55205535888671875 14.545456886291503906 14.538945198059082031 14.534086227416992188 14.529626846313476562 14.527721405029296875 14.523821830749511719 14.519974708557128906 14.518678665161132812 14.517191886901855469 14.516175270080566406 14.515042304992675781 14.511157035827636719 14.507801055908203125 14.522145271301269531 14.525485992431640625 14.519060134887695312 14.51575469970703125 14.513764381408691406 14.511408805847167969 14.508891105651855469 14.508365631103515625 14.507555961608886719 14.506422042846679688 14.504166603088378906 14.50286102294921875 14.501117706298828125 14.50156402587890625 14.501507759094238281 14.502933502197265625 14.503664970397949219 14.503008842468261719
14.660299301147460938 14.640781402587890625 14.632678985595703125 14.631787300109863281 14.630962371826171875 14.629467964172363281 14.625775337219238281 14.620557785034179688 14.613437652587890625 14.599763870239257812 14.5881195068359375 14.58148193359375 14.549577713012695312 14.54364013671875 14.538442611694335938 14.533629417419433594 14.529964447021484375 14.527673721313476562 14.525103569030761719 14.521557807922363281 14.52069091796875 14.518514633178710938 14.516950607299804688 14.515758514404296875 14.520244598388671875 14.54306793212890625 14.532399177551269531 14.523324966430664062 14.516793251037597656 14.514007568359375 14.511667251586914062 14.509796142578125 14.508825302124023438 14.508343696594238281 14.508331298828125 14.50728607177734375 14.505902290344238281 14.50490570068359375 14.503329277038574219 14.503607749938964844 14.503397941589355469 14.503828048706054688 14.504016876220703125 14.504294395446777344
14.660982131958007812 14.641135215759277344 14.634225845336914062 14.633663177490234375 14.633081436157226562 14.630174636840820312 14.625142097473144531 14.617609024047851562 14.610198974609375 14.593700408935546875 14.584016799926757812 14.578019142150878906 14.554657936096191406 14.539752006530761719 14.535467147827148438 14.532304763793945312 14.529727935791015625 14.527576446533203125 14.525317192077636719 14.524031639099121094 14.523472785949707031 14.519869804382324219 14.519322395324707031 14.538403511047363281 14.542852401733398438 14.542938232421875 14.532958984375 14.52193450927734375 14.512810707092285156 14.510504722595214844 14.511068344116210938 14.511929512023925781 14.512063026428222656 14.510774612426757812 14.510723114013671875 14.509810447692871094 14.509181022644042969 14.509405136108398438 14.507650375366210938 14.508104324340820312 14.506778717041015625 14.506306648254394531 14.506825447082519531 14.507177352905273438
14.654740333557128906 14.640077590942382812 14.636246681213378906 14.638957023620605469 14.638804435729980469 14.632359504699707031 14.623017311096191406 14.610544204711914062 14.599308013916015625 14.583959579467773438 14.575778007507324219 14.570896148681640625 14.563390731811523438 14.544138908386230469 14.533667564392089844 14.530614852905273438 14.528896331787109375 14.527115821838378906 14.525255203247070312 14.524448394775390625 14.523832321166992188 14.550087928771972656 14.554449081420898438 14.551708221435546875 14.547741889953613281 14.542871475219726562 14.532843589782714844 14.523127555847167969 14.515357017517089844 14.514650344848632812 14.514238357543945312 14.514040946960449219 14.513675689697265625 14.511575698852539062 14.510654449462890625 14.510443687438964844 14.510379791259765625 14.509334564208984375 14.508667945861816406 14.508874893188476562 14.508957862854003906 14.509126663208007812 14.509697914123535156 14.509191513061523438
14.654680252075195312 14.642536163330078125 14.638371467590332031 14.63965606689453125 14.640180587768554688 14.633449554443359375 14.62169647216796875 14.60678863525390625 14.59442901611328125 14.576626777648925781 14.570012092590332031 14.566382408142089844 14.561267852783203125 14.543882369995117188 14.532614707946777344 14.530155181884765625 14.528802871704101562 14.527064323425292969 14.525221824645996094 14.526398658752441406 14.5413360595703125 14.557912826538085938 14.556855201721191406 14.554365158081054688 14.548830986022949219 14.543633460998535156 14.534369468688964844 14.52557373046875 14.519837379455566406 14.518785476684570312 14.518245697021484375 14.517278671264648438 14.51570892333984375 14.514388084411621094 14.51268768310546875 14.511998176574707031 14.512761116027832031 14.511366844177246094 14.510326385498046875 14.510906219482421875 14.510667800903320312 14.510225296020507812 14.510046005249023438 14.509368896484375
14.662996292114257812 14.646901130676269531 14.642043113708496094 14.64267730712890625 14.6430206298828125 14.634151458740234375 14.621677398681640625 14.603933334350585938 14.591142654418945312 14.573564529418945312 14.567487716674804688 14.563889503479003906 14.559141159057617188 14.557158470153808594 14.531897544860839844 14.530103683471679688 14.529397010803222656 14.527423858642578125 14.529155731201171875 14.559698104858398438 14.560044288635253906 14.558987617492675781 14.557612419128417969 14.554718017578125 14.549813270568847656 14.545224189758300781 14.537992477416992188 14.530103683471679688 14.526483535766601562 14.524585723876953125 14.523538589477539062 14.520922660827636719 14.51857757568359375 14.515781402587890625 14.51387786865234375 14.513811111450195312 14.513261795043945312 14.512556076049804688 14.512182235717773438 14.51125335693359375 14.511643409729003906 14.512770652770996094 14.512492179870605469 14.511525154113769531
14.666349411010742188 14.656147956848144531 14.650358200073242188 14.649537086486816406 14.649357795715332031 14.637178421020507812 14.622220993041992188 14.602182388305664062 14.588652610778808594 14.572291374206542969 14.567408561706542969 14.562625885009765625 14.558650970458984375 14.556334495544433594 14.534814834594726562 14.53005218505859375 14.529338836669921875 14.528604507446289062 14.553786277770996094 14.560606002807617188 14.561621665954589844 14.560197830200195312 14.557544708251953125 14.5558624267578125 14.551598548889160156 14.547224044799804688 14.541177749633789062 14.535037040710449219 14.530451774597167969 14.528278350830078125 14.526691436767578125 14.523546218872070312 14.520601272583007812 14.518037796020507812 14.515905380249023438 14.515542984008789062 14.515180587768554688 14.515421867370605469 14.515381813049316406 14.514538764953613281 14.513964653015136719 14.513501167297363281 14.513256072998046875 -9999
14.671581268310546875 14.668499946594238281 14.662160873413085938 14.657115936279296875 14.653000831604003906 14.638261795043945312 14.623173713684082031 14.599951744079589844 14.584904670715332031 14.570432662963867188 14.565695762634277344 14.562153816223144531 14.557750701904296875 14.555886268615722656 14.54734039306640625 14.530000686645507812 14.540575981140136719 14.546443939208984375 14.563828468322753906 14.562849998474121094 14.5619659423828125 14.56070709228515625 14.557476997375488281 14.556635856628417969 14.552720069885253906 14.548810005187988281 14.544160842895507812 14.538709640502929688 14.534633636474609375 14.531962394714355469 14.529524803161621094 14.526265144348144531 14.523042678833007812 14.519469261169433594 14.517090797424316406 14.517275810241699219 14.516977310180664062 14.516606330871582031 14.516931533813476562 14.514463424682617188 14.514312744140625 14.514202117919921875 14.513599395751953125 -9999
14.6722564697265625 14.668541908264160156 14.673656463623046875 14.662350654602050781 14.665661811828613281 14.636632919311523438 14.622275352478027344 14.599870681762695312 14.583312034606933594 14.569980621337890625 14.565613746643066406 14.562047958374023438 14.557666778564453125 14.556937217712402344 14.552669525146484375 14.549036979675292969 14.568013191223144531 14.566716194152832031 14.566781997680664062 14.5650634765625 14.561896324157714844 14.561534881591796875 14.559874534606933594 14.557949066162109375 14.554704666137695312 14.55080413818359375 14.546547889709472656 14.541128158569335938 14.538343429565429688 14.534804344177246094 14.5328826904296875 14.530056953430175781 14.525060653686523438 14.523951530456542969 14.518693923950195312 14.521214485168457031 14.520990371704101562 14.519045829772949219 14.519952774047851562 14.516902923583984375 14.517095565795898438 14.517231941223144531 -9999 -9999
14.660284042358398438 14.672272682189941406 14.681804656982421875 14.70595550537109375 14.707244873046875 14.662459373474121094 14.616405487060546875 14.593466758728027344 14.576704978942871094 14.569231986999511719 14.565404891967773438 14.561573028564453125 14.559298515319824219 14.558254241943359375 14.565277099609375 14.569615364074707031 14.570196151733398438 14.570263862609863281 14.570422172546386719 14.568120002746582031 14.565448760986328125 14.563009262084960938 14.560555458068847656 14.558748245239257812 14.555666923522949219 14.553903579711914062 14.549696922302246094 14.545125007629394531 14.541805267333984375 14.538813591003417969 14.536904335021972656 14.534746170043945312 14.531169891357421875 14.5312652587890625 14.527739524841308594 14.528345108032226562 14.526581764221191406 14.5239105224609375 14.523901939392089844 14.521767616271972656 14.521696090698242188 14.521204948425292969 -9999 -9999
14.723176956176757812 14.7077789306640625 14.720406532287597656 14.748779296875 14.73387908935546875 14.683617591857910156 14.620106697082519531 14.586313247680664062 14.577442169189453125 14.567843437194824219 14.564461708068847656 14.562030792236328125 14.560602188110351562 14.564699172973632812 14.571895599365234375 14.572170257568359375 14.572534561157226562 14.572610855102539062 14.571875572204589844 14.570569038391113281 14.567593574523925781 14.564619064331054688 14.561267852783203125 14.559148788452148438 14.557613372802734375 14.554849624633789062 14.551496505737304688 14.547081947326660156 14.543078422546386719 14.542226791381835938 14.539258003234863281 14.53797149658203125 14.536459922790527344 14.535783767700195312 14.533450126647949219 14.532396316528320312 14.530706405639648438 14.527963638305664062 14.526473045349121094 14.525821685791015625 14.52475738525390625 -9999 -9999 -9999
14.755454063415527344 14.740691184997558594 14.736910820007324219 14.743558883666992188 14.739044189453125 14.673183441162109375 14.6134490966796875 14.581795692443847656 14.574398994445800781 14.567037582397460938 14.563559532165527344 14.561773300170898438 14.560515403747558594 14.569371223449707031 14.573773384094238281 14.574312210083007812 14.574245452880859375 14.576175689697265625 14.574678421020507812 14.572328567504882812 14.570142745971679688 14.565565109252929688 14.563620567321777344 14.560546875 14.559146881103515625 14.556488990783691406 14.5520477294921875 14.54903411865234375 14.54561614990234375 14.545629501342773438 14.542446136474609375 14.540528297424316406 14.541318893432617188 14.53878021240234375 14.537485122680664062 14.535343170166015625 14.532619476318359375 14.531589508056640625 14.529089927673339844 14.530279159545898438 -9999 -9999 -9999 -9999
14.7461395263671875 14.7320098876953125 14.707305908203125 14.696198463439941406 14.70316314697265625 14.641370773315429688 14.601037979125976562 14.57807159423828125 14.572320938110351562 14.566842079162597656 14.565104484558105469 14.562830924987792969 14.569576263427734375 14.573870658874511719 14.575028419494628906 14.576279640197753906 14.576304435729980469 14.576511383056640625 14.575911521911621094 14.574664115905761719 14.57251739501953125 14.567182540893554688 14.564365386962890625 14.561510086059570312 14.55866241455078125 14.556210517883300781 14.552596092224121094 14.549370765686035156 14.547266960144042969 14.546792984008789062 14.544898033142089844 14.543699264526367188 14.5420684814453125 14.540294647216796875 14.539477348327636719 14.537921905517578125 14.534850120544433594 14.533170700073242188 14.530745506286621094 14.531029701232910156 -9999 -9999 -9999 -9999
14.718663215637207031 14.696164131164550781 14.659674644470214844 14.637603759765625 14.642598152160644531 14.606571197509765625 14.590137481689453125 14.575959205627441406 14.571384429931640625 14.567293167114257812 14.565018653869628906 14.565385818481445312 14.576175689697265625 14.575586318969726562 14.575385093688964844 14.577022552490234375 14.577318191528320312 14.57888031005859375 14.578276634216308594 14.575975418090820312 14.573259353637695312 14.568204879760742188 14.5651092529296875 14.562864303588867188 14.557764053344726562 14.555605888366699219 14.55294036865234375 14.550531387329101562 14.549295425415039062 14.549190521240234375 14.547170639038085938 14.545372962951660156 14.544468879699707031 14.542819976806640625 14.54146575927734375 14.539935111999511719 14.537457466125488281 14.535579681396484375 14.533015251159667969 -9999 -9999 -9999 -9999 -9999
14.685735702514648438 14.660367012023925781 14.635158538818359375 14.6226806640625 14.617571830749511719 14.598124504089355469 14.584477424621582031 14.5762786865234375 14.571869850158691406 14.568360328674316406 14.567376136779785156 14.566281318664550781 14.576105117797851562 14.575507164001464844 14.577091217041015625 14.577765464782714844 14.57810211181640625 14.579619407653808594 14.578968048095703125 14.577193260192871094 14.575551986694335938 14.570771217346191406 14.567412376403808594 14.563478469848632812 14.557199478149414062 14.555081367492675781 14.553902626037597656 14.552434921264648438 14.550580024719238281 14.549856185913085938 14.549129486083984375 14.547699928283691406 14.547609329223632812 14.546295166015625 14.54584503173828125 14.544209480285644531 -9999 -9999 -9999 -9999 -9999 -9999 -9999 -9999
14.647024154663085938 14.634270668029785156 14.626589775085449219 14.6177825927734375 14.610886573791503906 14.597158432006835938 14.586318016052246094 14.578939437866210938 14.574372291564941406 14.572662353515625 14.580494880676269531 14.579148292541503906 14.579221725463867188 14.578409194946289062 14.578017234802246094 14.579244613647460938 14.579990386962890625 14.579471588134765625 14.578847885131835938 14.578023910522460938 14.577508926391601562 14.572101593017578125 14.568152427673339844 14.563084602355957031 14.55712127685546875 14.554933547973632812 14.554189682006835938 14.553589820861816406 14.551519393920898438 14.550600051879882812 14.549100875854492188 14.5487213134765625 14.549589157104492188 14.549572944641113281 14.54864501953125 -9999 -9999 -9999 -9999 -9999 -9999 -9999 -9999 -9999
14.643472671508789062 14.632281303405761719 14.625280380249023438 14.617694854736328125 14.61052703857421875 14.5990753173828125 14.589498519897460938 14.5800628662109375 14.575898170471191406 14.575535774230957031 14.582051277160644531 14.581529617309570312 14.579555511474609375 14.5801849365234375 14.580073356628417969 14.580389976501464844 14.580258369445800781 14.579395294189453125 14.578947067260742188 14.577997207641601562 14.577432632446289062 14.571047782897949219 14.566439628601074219 14.561779022216796875 14.55622100830078125 14.554842948913574219 14.554116249084472656 14.553509712219238281 14.552853584289550781 14.552577972412109375 14.550864219665527344 14.550670623779296875 14.550741195678710938 14.551492691040039062 -9999 -9999 -9999 -9999 -9999 -9999 -9999 -9999 -9999 -9999
