INPUT/RASTER/ASCII/BIO01.asc
ncols        225
nrows        269
xllcorner    473009.983799999987
yllcorner    4429051.174800000153
cellsize     50.000000000000
NODATA_value -9999
[rows 57 to 75 of 269, columns 126 to 167 of 225]
15.631114006042480469 15.622568130493164063 15.619668960571289063 15.617279052734375 15.608694076538085938 15.601560592651367188 15.598990440368652344 15.598155021667480469 15.59825897216796875 15.600713729858398438 15.603165626525878906 15.604726791381835938 15.605234146118164063 15.606662750244140625 15.607410430908203125 15.607176780700683594 15.606954574584960938 15.607901573181152344 15.609061241149902344 15.608805656433105469 15.608652114868164063 15.608417510986328125 15.608121871948242188 15.607866287231445313 15.607610702514648438 15.6077880859375 15.610114097595214844 15.612982749938964844 15.617901802062988281 15.623750686645507813 15.631519317626953125 15.638373374938964844 15.641674041748046875 15.643373489379882813 15.644697189331054688 15.643367767333984375 15.638401985168457031 15.637170791625976563 15.6368255615234375 15.629627227783203125 15.627867698669433594 15.6348724365234375
15.650437355041503906 15.638753890991210938 15.635342597961425781 15.6314544677734375 15.623169898986816406 15.618017196655273438 15.611018180847167969 15.60544586181640625 15.604487419128417969 15.603781700134277344 15.602998733520507813 15.60427093505859375 15.605237960815429688 15.606716156005859375 15.607460975646972656 15.607226371765136719 15.607004165649414063 15.607956886291503906 15.609111785888671875 15.608855247497558594 15.608702659606933594 15.60846710205078125 15.608172416687011719 15.607916831970214844 15.607768058776855469 15.608465194702148438 15.610873222351074219 15.614905357360839844 15.620635032653808594 15.626717567443847656 15.634219169616699219 15.640750885009765625 15.6427154541015625 15.637517929077148438 15.636156082153320313 15.632344245910644531 15.621960639953613281 15.620586395263671875 15.624469757080078125 15.627379417419433594 15.633414268493652344 15.639514923095703125
15.660360336303710938 15.652700424194335938 15.653005599975585938 15.64989471435546875 15.641811370849609375 15.635732650756835938 15.624295234680175781 15.615961074829101563 15.615262985229492188 15.615040779113769531 15.610993385314941406 15.606762886047363281 15.607438087463378906 15.609118461608886719 15.609867095947265625 15.609796524047851563 15.609591484069824219 15.61054229736328125 15.611685752868652344 15.611419677734375 15.611256599426269531 15.611010551452636719 15.610705375671386719 15.610440254211425781 15.610807418823242188 15.612261772155761719 15.614018440246582031 15.618973731994628906 15.623015403747558594 15.624174118041992188 15.629567146301269531 15.634955406188964844 15.6363372802734375 15.628907203674316406 15.626260757446289063 15.624625205993652344 15.62129974365234375 15.621390342712402344 15.62549591064453125 15.628215789794921875 15.632284164428710938 15.636411666870117188
15.673322677612304688 15.669027328491210938 15.666330337524414063 15.659711837768554688 15.653245925903320313 15.646458625793457031 15.637777328491210938 15.634340286254882813 15.634713172912597656 15.634899139404296875 15.631360054016113281 15.627154350280761719 15.627712249755859375 15.629690170288085938 15.628535270690917969 15.62567138671875 15.625057220458984375 15.625830650329589844 15.626191139221191406 15.625517845153808594 15.625243186950683594 15.621427536010742188 15.611843109130859375 15.611608505249023438 15.612021446228027344 15.613751411437988281 15.615535736083984375 15.620153427124023438 15.623487472534179688 15.624220848083496094 15.629643440246582031 15.635029792785644531 15.637145042419433594 15.638226509094238281 15.637525558471679688 15.636060714721679688 15.632658004760742188 15.629494667053222656 15.631841659545898438 15.633718490600585938 15.635278701782226563 15.635785102844238281
15.685253143310546875 15.677732467651367188 15.671837806701660156 15.665265083312988281 15.659159660339355469 15.651918411254882813 15.646503448486328125 15.645812034606933594 15.6469573974609375 15.647237777709960938 15.645483016967773438 15.644535064697265625 15.645108222961425781 15.646723747253417969 15.644449234008789063 15.640870094299316406 15.6409759521484375 15.640299797058105469 15.632839202880859375 15.628444671630859375 15.628261566162109375 15.624858856201171875 15.616428375244140625 15.61614227294921875 15.6160125732421875 15.616824150085449219 15.618371009826660156 15.622773170471191406 15.628175735473632813 15.634928703308105469 15.643604278564453125 15.651646614074707031 15.654909133911132813 15.656390190124511719 15.656657218933105469 15.656064987182617188 15.652826309204101563 15.648247718811035156 15.649151802062988281 15.649915695190429688 15.648547172546386719 15.644620895385742188
15.693254470825195313 15.685097694396972656 15.679050445556640625 15.67185211181640625 15.664693832397460938 15.656741142272949219 15.652006149291992188 15.651737213134765625 15.653349876403808594 15.653409004211425781 15.651088714599609375 15.648594856262207031 15.648180007934570313 15.648188591003417969 15.641566276550292969 15.63333892822265625 15.634207725524902344 15.63443756103515625 15.628977775573730469 15.626099586486816406 15.625946044921875 15.624994277954101563 15.624059677124023438 15.623370170593261719 15.622844696044921875 15.623082160949707031 15.62438201904296875 15.62889862060546875 15.6354217529296875 15.645789146423339844 15.658946990966796875 15.6696319580078125 15.673906326293945313 15.675540924072265625 15.677098274230957031 15.677248954772949219 15.674702644348144531 15.671004295349121094 15.671174049377441406 15.670901298522949219 15.667829513549804688 15.661184310913085938
15.698988914489746094 15.692083358764648438 15.687053680419921875 15.677365303039550781 15.668459892272949219 15.661235809326171875 15.657398223876953125 15.655740737915039063 15.657049179077148438 15.656858444213867188 15.653275489807128906 15.642727851867675781 15.638174057006835938 15.636418342590332031 15.631681442260742188 15.627793312072753906 15.62921905517578125 15.62934112548828125 15.629839897155761719 15.630002975463867188 15.629622459411621094 15.628832817077636719 15.627405166625976563 15.625652313232421875 15.624735832214355469 15.625284194946289063 15.626764297485351563 15.631508827209472656 15.639131546020507813 15.653322219848632813 15.671208381652832031 15.684138298034667969 15.689164161682128906 15.691793441772460938 15.693957328796386719 15.69435882568359375 15.692219734191894531 15.6905059814453125 15.690640449523925781 15.689838409423828125 15.685856819152832031 15.678400039672851563
15.702373504638671875 15.696536064147949219 15.691925048828125 15.680669784545898438 15.669869422912597656 15.664418220520019531 15.656385421752929688 15.643094062805175781 15.641858100891113281 15.642597198486328125 15.642362594604492188 15.639029502868652344 15.635788917541503906 15.631918907165527344 15.630524635314941406 15.632940292358398438 15.635787010192871094 15.635718345642089844 15.636612892150878906 15.634560585021972656 15.633270263671875 15.632692337036132813 15.630671501159667969 15.628076553344726563 15.627347946166992188 15.628559112548828125 15.630217552185058594 15.635645866394042969 15.645229339599609375 15.662508964538574219 15.681107521057128906 15.694077491760253906 15.699295997619628906 15.702239990234375 15.705107688903808594 15.7061004638671875 15.705473899841308594 15.705047607421875 15.703907012939453125 15.702843666076660156 15.699205398559570313 15.694746971130371094
15.708498001098632813 15.704003334045410156 15.698916435241699219 15.687516212463378906 15.67700958251953125 15.668021202087402344 15.648301124572753906 15.637697219848632813 15.639301300048828125 15.642304420471191406 15.643796920776367188 15.643884658813476563 15.642773628234863281 15.64020538330078125 15.639776229858398438 15.642431259155273438 15.645827293395996094 15.645185470581054688 15.645865440368652344 15.643912315368652344 15.643115997314453125 15.642679214477539063 15.639143943786621094 15.63523101806640625 15.635184288024902344 15.636237144470214844 15.638197898864746094 15.646218299865722656 15.66027069091796875 15.678475379943847656 15.6948089599609375 15.704922676086425781 15.708551406860351563 15.711154937744140625 15.713925361633300781 15.715672492980957031 15.715193748474121094 15.713550567626953125 15.711763381958007813 15.711038589477539063 15.709868431091308594 15.708836555480957031
15.714405059814453125 15.706774711608886719 15.700146675109863281 15.690359115600585938 15.681971549987792969 15.673921585083007813 15.655031204223632813 15.646183013916015625 15.648638725280761719 15.6544189453125 15.656284332275390625 15.6553955078125 15.654300689697265625 15.653804779052734375 15.65320587158203125 15.65647125244140625 15.662543296813964844 15.661352157592773438 15.658618927001953125 15.657765388488769531 15.657954216003417969 15.658956527709960938 15.655629158020019531 15.651332855224609375 15.649431228637695313 15.649929046630859375 15.654089927673339844 15.667501449584960938 15.686212539672851563 15.702983856201171875 15.713662147521972656 15.718402862548828125 15.720062255859375 15.7224273681640625 15.725805282592773438 15.728228569030761719 15.727479934692382813 15.724145889282226563 15.722453117370605469 15.722156524658203125 15.72185516357421875 15.721065521240234375
15.720910072326660156 15.709065437316894531 15.702258110046386719 15.694728851318359375 15.688388824462890625 15.681881904602050781 15.664640426635742188 15.655976295471191406 15.657708168029785156 15.66194915771484375 15.66454315185546875 15.663052558898925781 15.661224365234375 15.661646842956542969 15.663481712341308594 15.670770645141601563 15.676724433898925781 15.672472953796386719 15.666994094848632813 15.665548324584960938 15.664426803588867188 15.665635108947753906 15.664827346801757813 15.6625213623046875 15.661394119262695313 15.664649009704589844 15.671024322509765625 15.687107086181640625 15.705921173095703125 15.718396186828613281 15.724475860595703125 15.72625732421875 15.726908683776855469 15.728981971740722656 15.732137680053710938 15.734284400939941406 15.733541488647460938 15.730847358703613281 15.729754447937011719 15.729584693908691406 15.729358673095703125 15.72861480712890625
15.72460174560546875 15.712812423706054688 15.705987930297851563 15.699110984802246094 15.694155693054199219 15.688467979431152344 15.671706199645996094 15.663667678833007813 15.66547393798828125 15.669222831726074219 15.67198944091796875 15.67024993896484375 15.668666839599609375 15.670422554016113281 15.67371368408203125 15.680932998657226563 15.685293197631835938 15.681820869445800781 15.677163124084472656 15.674313545227050781 15.671513557434082031 15.672052383422851563 15.672435760498046875 15.670895576477050781 15.672332763671875 15.680359840393066406 15.688788414001464844 15.70674896240234375 15.723408699035644531 15.731258392333984375 15.734272956848144531 15.733518600463867188 15.733632087707519531 15.734376907348632813 15.736437797546386719 15.737775802612304688 15.737201690673828125 15.735754013061523438 15.735193252563476563 15.735042572021484375 15.7348175048828125 15.734476089477539063
15.725884437561035156 15.716473579406738281 15.709100723266601563 15.703708648681640625 15.700154304504394531 15.691254615783691406 15.675740242004394531 15.67061614990234375 15.672785758972167969 15.676832199096679688 15.67955780029296875 15.67963409423828125 15.680828094482421875 15.683948516845703125 15.686116218566894531 15.68990325927734375 15.692799568176269531 15.691239356994628906 15.687483787536621094 15.685194969177246094 15.683591842651367188 15.683293342590332031 15.683381080627441406 15.681676864624023438 15.685361862182617188 15.695364952087402344 15.704830169677734375 15.7255096435546875 15.740545272827148438 15.745141029357910156 15.746217727661132813 15.743885040283203125 15.743333816528320313 15.74156951904296875 15.741933822631835938 15.741514205932617188 15.740971565246582031 15.740767478942871094 15.740556716918945313 15.740593910217285156 15.740526199340820313 15.740304946899414063
15.730192184448242188 15.720363616943359375 15.713983535766601563 15.710959434509277344 15.708441734313964844 15.693896293640136719 15.680507659912109375 15.680712699890136719 15.682887077331542969 15.687703132629394531 15.69187164306640625 15.693784713745117188 15.696969032287597656 15.700277328491210938 15.700555801391601563 15.701296806335449219 15.703221321105957031 15.702076911926269531 15.698682785034179688 15.697331428527832031 15.696969985961914063 15.696058273315429688 15.695837020874023438 15.695176124572753906 15.700281143188476563 15.71279144287109375 15.7232666015625 15.743312835693359375 15.75522613525390625 15.757548332214355469 15.757683753967285156 15.755234718322753906 15.754638671875 15.751262664794921875 15.750376701354980469 15.747220039367675781 15.74538421630859375 15.744792938232421875 15.744558334350585938 15.744785308837890625 15.744891166687011719 15.744677543640136719
15.738412857055664063 15.729913711547851563 15.724651336669921875 15.722314834594726563 15.720250129699707031 15.705213546752929688 15.690968513488769531 15.691135406494140625 15.693423271179199219 15.698954582214355469 15.704801559448242188 15.707812309265136719 15.710802078247070313 15.713994979858398438 15.714212417602539063 15.713999748229980469 15.714811325073242188 15.714111328125 15.712080001831054688 15.711007118225097656 15.711735725402832031 15.712821006774902344 15.7119140625 15.708996772766113281 15.715340614318847656 15.73423004150390625 15.746407508850097656 15.7640533447265625 15.772066116333007813 15.770191192626953125 15.769940376281738281 15.770043373107910156 15.768877983093261719 15.76334381103515625 15.759936332702636719 15.758534431457519531 15.759236335754394531 15.755590438842773438 15.753846168518066406 15.751859664916992188 15.749485969543457031 15.747035980224609375
15.742036819458007813 15.736750602722167969 15.732674598693847656 15.729961395263671875 15.726639747619628906 15.711276054382324219 15.697375297546386719 15.697658538818359375 15.699558258056640625 15.703721046447753906 15.708706855773925781 15.712008476257324219 15.715035438537597656 15.718110084533691406 15.71918487548828125 15.720672607421875 15.721375465393066406 15.7210845947265625 15.720429420471191406 15.720042228698730469 15.721698760986328125 15.724026679992675781 15.724354743957519531 15.726869583129882813 15.737891197204589844 15.759520530700683594 15.771297454833984375 15.784770965576171875 15.789702415466308594 15.789844512939453125 15.791300773620605469 15.791359901428222656 15.788822174072265625 15.783199310302734375 15.779513359069824219 15.779010772705078125 15.777915000915527344 15.771506309509277344 15.769215583801269531 15.765794754028320313 15.758538246154785156 15.750972747802734375
15.746311187744140625 15.743599891662597656 15.7413330078125 15.737956047058105469 15.731987953186035156 15.716783523559570313 15.704236030578613281 15.704736709594726563 15.705981254577636719 15.708573341369628906 15.712214469909667969 15.715411186218261719 15.718300819396972656 15.721133232116699219 15.722199440002441406 15.723598480224609375 15.72350311279296875 15.724400520324707031 15.725568771362304688 15.726477622985839844 15.727898597717285156 15.729197502136230469 15.730276107788085938 15.73657989501953125 15.751370429992675781 15.775606155395507813 15.787083625793457031 15.797146797180175781 15.800705909729003906 15.803325653076171875 15.805919647216796875 15.805807113647460938 15.803297042846679688 15.800925254821777344 15.799846649169921875 15.798334121704101563 15.792162895202636719 15.786492347717285156 15.78528594970703125 15.781505584716796875 15.7724761962890625 15.764636993408203125
15.751957893371582031 15.750742912292480469 15.749865531921386719 15.746008872985839844 15.736114501953125 15.720229148864746094 15.709232330322265625 15.710095405578613281 15.711125373840332031 15.712891578674316406 15.715084075927734375 15.717327117919921875 15.719973564147949219 15.72247314453125 15.72347259521484375 15.725388526916503906 15.726531982421875 15.728574752807617188 15.730814933776855469 15.732095718383789063 15.732601165771484375 15.7332611083984375 15.733873367309570313 15.739482879638671875 15.755245208740234375 15.7794342041015625 15.790366172790527344 15.800208091735839844 15.803982734680175781 15.806704521179199219 15.809553146362304688 15.810240745544433594 15.809253692626953125 15.808934211730957031 15.808668136596679688 15.807424545288085938 15.803552627563476563 15.801225662231445313 15.800595283508300781 15.796703338623046875 15.78955078125 15.78418731689453125
15.758589744567871094 15.758284568786621094 15.757855415344238281 15.753281593322753906 15.740015029907226563 15.722253799438476563 15.713848114013671875 15.714879035949707031 15.715471267700195313 15.716361045837402344 15.716917991638183594 15.71797943115234375 15.720435142517089844 15.722506523132324219 15.723791122436523438 15.726543426513671875 15.728174209594726563 15.730813980102539063 15.7332611083984375 15.733967781066894531 15.735093116760253906 15.73705291748046875 15.737703323364257813 15.742831230163574219 15.759092330932617188 15.781857490539550781 15.791536331176757813 15.801095008850097656 15.805745124816894531 15.80816650390625 15.810359001159667969 15.811255455017089844 15.811167716979980469 15.810838699340820313 15.810551643371582031 15.810019493103027344 15.808900833129882813 15.808480262756347656 15.808160781860351563 15.805545806884765625 15.802077293395996094 15.798880577087402344
