INPUT/RASTER/ASCII/BIO08.asc
ncols        225
nrows        269
xllcorner    473009.983799999987
yllcorner    4429051.174800000153
cellsize     50.000000000000
NODATA_value  -9999
[rows 209 to 227 of 269, columns 129 to 171 of 225]
14.831945419311523438 14.819924354553222656 14.797527313232421875 14.770243644714355469 14.744928359985351563 14.715880393981933594 14.682220458984375 14.658892631530761719 14.650585174560546875 14.650805473327636719 14.655245780944824219 14.657024383544921875 14.655874252319335938 14.653636932373046875 14.651989936828613281 14.647871017456054688 14.642947196960449219 14.636998176574707031 14.630132675170898438 14.62416839599609375 14.621143341064453125 14.617823600769042969 14.61612701416015625 14.615533828735351563 14.614781379699707031 14.613604545593261719 14.612683296203613281 14.611093521118164063 14.609804153442382813 14.607929229736328125 14.605714797973632813 14.612072944641113281 14.6249237060546875 14.630394935607910156 14.634991645812988281 14.634562492370605469 14.632810592651367188 14.6313323974609375 14.630527496337890625 14.630497932434082031 14.631488800048828125 14.633008003234863281 14.636556625366210938
14.822750091552734375 14.817502021789550781 14.799323081970214844 14.773707389831542969 14.748691558837890625 14.723090171813964844 14.694356918334960938 14.671988487243652344 14.661604881286621094 14.657456398010253906 14.658493995666503906 14.659157752990722656 14.658295631408691406 14.656710624694824219 14.6549530029296875 14.65119171142578125 14.64644622802734375 14.640318870544433594 14.633305549621582031 14.627596855163574219 14.624558448791503906 14.620596885681152344 14.61856842041015625 14.617707252502441406 14.61701202392578125 14.615723609924316406 14.614666938781738281 14.612260818481445313 14.609782218933105469 14.607392311096191406 14.605335235595703125 14.611557960510253906 14.624897956848144531 14.63134002685546875 14.636857032775878906 14.63694000244140625 14.635467529296875 14.6345062255859375 14.634106636047363281 14.634461402893066406 14.635333061218261719 14.636194229125976563 14.638247489929199219
14.80216217041015625 14.802824020385742188 14.793195724487304688 14.776025772094726563 14.753081321716308594 14.727907180786132813 14.703080177307128906 14.683140754699707031 14.672017097473144531 14.664811134338378906 14.663872718811035156 14.663161277770996094 14.6617431640625 14.660630226135253906 14.658604621887207031 14.654843330383300781 14.650226593017578125 14.644198417663574219 14.636915206909179688 14.630975723266601563 14.627771377563476563 14.623613357543945313 14.621625900268554688 14.620667457580566406 14.619866371154785156 14.618123054504394531 14.616452217102050781 14.613231658935546875 14.609727859497070313 14.606137275695800781 14.604348182678222656 14.613300323486328125 14.626530647277832031 14.632767677307128906 14.638784408569335938 14.640044212341308594 14.639578819274902344 14.640620231628417969 14.641249656677246094 14.641720771789550781 14.641233444213867188 14.640672683715820313 14.641382217407226563
14.773522377014160156 14.778903961181640625 14.780287742614746094 14.773824691772460938 14.752856254577636719 14.726453781127929688 14.703220367431640625 14.687387466430664063 14.678539276123046875 14.671685218811035156 14.670284271240234375 14.668689727783203125 14.666714668273925781 14.665653228759765625 14.663718223571777344 14.659418106079101563 14.654496192932128906 14.648491859436035156 14.640687942504882813 14.634219169616699219 14.630849838256835938 14.626852035522460938 14.624970436096191406 14.623961448669433594 14.622621536254882813 14.620290756225585938 14.618403434753417969 14.614512443542480469 14.609902381896972656 14.604482650756835938 14.601720809936523438 14.613858222961425781 14.627711296081542969 14.634179115295410156 14.641251564025878906 14.644268989562988281 14.645314216613769531 14.645877838134765625 14.646307945251464844 14.646882057189941406 14.645948410034179688 14.644469261169433594 14.644005775451660156
14.750704765319824219 14.757936477661132813 14.762984275817871094 14.76061248779296875 14.743729591369628906 14.718270301818847656 14.695423126220703125 14.684758186340332031 14.680002212524414063 14.675884246826171875 14.674630165100097656 14.673335075378417969 14.671950340270996094 14.671057701110839844 14.668691635131835938 14.663515090942382813 14.657769203186035156 14.651075363159179688 14.64273834228515625 14.636110305786132813 14.632396697998046875 14.628432273864746094 14.627130508422851563 14.626502037048339844 14.624807357788085938 14.621844291687011719 14.619649887084960938 14.615075111389160156 14.609798431396484375 14.603486061096191406 14.5998687744140625 14.614085197448730469 14.62947845458984375 14.636208534240722656 14.644135475158691406 14.648586273193359375 14.650341033935546875 14.650514602661132813 14.650243759155273438 14.649390220642089844 14.648426055908203125 14.646901130676269531 14.6450653076171875
14.730088233947753906 14.736790657043457031 14.741408348083496094 14.741021156311035156 14.730137825012207031 14.709102630615234375 14.689137458801269531 14.682477951049804688 14.68027496337890625 14.679255485534667969 14.678752899169921875 14.678159713745117188 14.678065299987792969 14.677776336669921875 14.674432754516601563 14.667810440063476563 14.660706520080566406 14.653076171875 14.644358634948730469 14.637726783752441406 14.633749008178710938 14.629519462585449219 14.628641128540039063 14.628302574157714844 14.626638412475585938 14.622876167297363281 14.620007514953613281 14.615035057067871094 14.609543800354003906 14.603901863098144531 14.602822303771972656 14.618187904357910156 14.63367462158203125 14.639569282531738281 14.646861076354980469 14.652149200439453125 14.654934883117675781 14.655301094055175781 14.654505729675292969 14.652135848999023438 14.650256156921386719 14.64820098876953125 14.644749641418457031
14.710873603820800781 14.715223312377929688 14.719855308532714844 14.721948623657226563 14.716451644897460938 14.700937271118164063 14.686372756958007813 14.683234214782714844 14.68245697021484375 14.68219757080078125 14.682213783264160156 14.682302474975585938 14.683453559875488281 14.683652877807617188 14.679888725280761719 14.672000885009765625 14.663836479187011719 14.65514373779296875 14.646378517150878906 14.6398773193359375 14.636433601379394531 14.632599830627441406 14.631644248962402344 14.630494117736816406 14.627993583679199219 14.623523712158203125 14.620295524597167969 14.614970207214355469 14.609630584716796875 14.605885505676269531 14.608740806579589844 14.623625755310058594 14.637027740478515625 14.642252922058105469 14.648738861083984375 14.654970169067382813 14.660099029541015625 14.661386489868164063 14.660653114318847656 14.656369209289550781 14.651369094848632813 14.648271560668945313 14.647341728210449219
14.693812370300292969 14.693009376525878906 14.696791648864746094 14.703330039978027344 14.702358245849609375 14.693058967590332031 14.686442375183105469 14.68593597412109375 14.685780525207519531 14.685416221618652344 14.685396194458007813 14.685629844665527344 14.687129020690917969 14.687509536743164063 14.68426513671875 14.676144599914550781 14.667157173156738281 14.658540725708007813 14.649586677551269531 14.642667770385742188 14.639874458312988281 14.637392997741699219 14.636068344116210938 14.633543014526367188 14.629471778869628906 14.624332427978515625 14.621026992797851563 14.615256309509277344 14.609688758850097656 14.607234954833984375 14.61257171630859375 14.626257896423339844 14.63733673095703125 14.643246650695800781 14.650822639465332031 14.658559799194335938 14.6679534912109375 14.675251960754394531 14.676733016967773438 14.671437263488769531 14.659762382507324219 14.652862548828125 14.661256790161132813
14.689713478088378906 14.686812400817871094 14.688426017761230469 14.693727493286132813 14.694185256958007813 14.690866470336914063 14.68975067138671875 14.689732551574707031 14.689423561096191406 14.688589096069335938 14.689397811889648438 14.690448760986328125 14.692599296569824219 14.693377494812011719 14.68994140625 14.681689262390136719 14.673953056335449219 14.665483474731445313 14.653819084167480469 14.645709037780761719 14.644440650939941406 14.644929885864257813 14.643830299377441406 14.639433860778808594 14.633736610412597656 14.627438545227050781 14.623640060424804688 14.617581367492675781 14.612086296081542969 14.610362052917480469 14.615349769592285156 14.628648757934570313 14.639393806457519531 14.645268440246582031 14.653270721435546875 14.662789344787597656 14.685845375061035156 14.7213287353515625 14.735410690307617188 14.731947898864746094 14.709977149963378906 14.693136215209960938 14.703995704650878906
14.698713302612304688 14.697720527648925781 14.69718170166015625 14.697986602783203125 14.699512481689453125 14.700487136840820313 14.700228691101074219 14.698382377624511719 14.695878028869628906 14.693554878234863281 14.694762229919433594 14.6967315673828125 14.698706626892089844 14.699444770812988281 14.696142196655273438 14.688180923461914063 14.680775642395019531 14.671253204345703125 14.657258033752441406 14.648764610290527344 14.648686408996582031 14.65058135986328125 14.648940086364746094 14.643901824951171875 14.637879371643066406 14.630880355834960938 14.626708984375 14.620599746704101563 14.614894866943359375 14.612406730651855469 14.617062568664550781 14.631209373474121094 14.64203643798828125 14.646879196166992188 14.653790473937988281 14.664872169494628906 14.698588371276855469 14.747649192810058594 14.767302513122558594 14.767424583435058594 14.749146461486816406 14.73415374755859375 14.734625816345214844
14.708575248718261719 14.709463119506835938 14.708170890808105469 14.707343101501464844 14.708918571472167969 14.710956573486328125 14.71024322509765625 14.707250595092773438 14.70269775390625 14.699444770812988281 14.701073646545410156 14.703104019165039063 14.703869819641113281 14.703304290771484375 14.699334144592285156 14.692292213439941406 14.685694694519042969 14.675963401794433594 14.661976814270019531 14.654646873474121094 14.654407501220703125 14.655528068542480469 14.652420997619628906 14.646884918212890625 14.640818595886230469 14.634001731872558594 14.630021095275878906 14.623571395874023438 14.617090225219726563 14.613036155700683594 14.61684417724609375 14.631318092346191406 14.641619682312011719 14.647076606750488281 14.65316009521484375 14.663304328918457031 14.697829246520996094 14.752511024475097656 14.777414321899414063 14.782753944396972656 14.768246650695800781 14.750824928283691406 14.737402915954589844
14.718180656433105469 14.720665931701660156 14.720056533813476563 14.718569755554199219 14.718646049499511719 14.720000267028808594 14.719503402709960938 14.71700286865234375 14.712012290954589844 14.708544731140136719 14.710255622863769531 14.710997581481933594 14.7093658447265625 14.707015037536621094 14.702250480651855469 14.69537353515625 14.689248085021972656 14.679978370666503906 14.666424751281738281 14.659091949462890625 14.6589508056640625 14.659513473510742188 14.655354499816894531 14.649402618408203125 14.643535614013671875 14.637117385864257813 14.633321762084960938 14.626758575439453125 14.619626045227050781 14.614092826843261719 14.616408348083496094 14.629751205444335938 14.638092041015625 14.646294593811035156 14.651981353759765625 14.660099029541015625 14.689634323120117188 14.752504348754882813 14.790026664733886719 14.802013397216796875 14.784137725830078125 14.752888679504394531 14.721784591674804688
14.727307319641113281 14.729158401489257813 14.72898101806640625 14.727499008178710938 14.726626396179199219 14.726803779602050781 14.726126670837402344 14.724725723266601563 14.72180938720703125 14.719478607177734375 14.720067977905273438 14.718836784362792969 14.714753150939941406 14.711297035217285156 14.706241607666015625 14.699176788330078125 14.6924591064453125 14.682468414306640625 14.669861793518066406 14.662708282470703125 14.662401199340820313 14.662702560424804688 14.658437728881835938 14.652269363403320313 14.646735191345214844 14.640596389770507813 14.636953353881835938 14.630606651306152344 14.623150825500488281 14.617496490478515625 14.618552207946777344 14.62892913818359375 14.635334014892578125 14.64373779296875 14.649743080139160156 14.655963897705078125 14.677090644836425781 14.740657806396484375 14.791833877563476563 14.819828033447265625 14.807018280029296875 14.758746147155761719 14.701025962829589844
14.734525680541992188 14.73520660400390625 14.734578132629394531 14.733655929565429688 14.732654571533203125 14.731672286987304688 14.730854988098144531 14.730015754699707031 14.727984428405761719 14.726653099060058594 14.727329254150390625 14.725297927856445313 14.720155715942382813 14.716012954711914063 14.710232734680175781 14.702666282653808594 14.695070266723632813 14.683734893798828125 14.67246246337890625 14.667079925537109375 14.667591094970703125 14.668764114379882813 14.663529396057128906 14.655995368957519531 14.650200843811035156 14.644296646118164063 14.640748023986816406 14.634733200073242188 14.627778053283691406 14.622384071350097656 14.6226654052734375 14.629338264465332031 14.634256362915039063 14.641631126403808594 14.647952079772949219 14.654520988464355469 14.663809776306152344 14.698948860168457031 14.74663543701171875 14.811970710754394531 14.827485084533691406 14.785505294799804688 14.708593368530273438
14.73857879638671875 14.739070892333984375 14.738715171813964844 14.738461494445800781 14.737685203552246094 14.736929893493652344 14.736439704895019531 14.735851287841796875 14.735258102416992188 14.735492706298828125 14.73505401611328125 14.731654167175292969 14.725935935974121094 14.721914291381835938 14.714857101440429688 14.706435203552246094 14.698615074157714844 14.689090728759765625 14.679698944091796875 14.675621986389160156 14.676756858825683594 14.679445266723632813 14.672619819641113281 14.662867546081542969 14.656019210815429688 14.649965286254882813 14.646490097045898438 14.640814781188964844 14.634428024291992188 14.629338264465332031 14.62851715087890625 14.632387161254882813 14.63539886474609375 14.640932083129882813 14.648839950561523438 14.664653778076171875 14.686374664306640625 14.712329864501953125 14.744691848754882813 14.80435943603515625 14.824174880981445313 14.786693572998046875 14.710689544677734375
14.740450859069824219 14.741331100463867188 14.741486549377441406 14.741873741149902344 14.741768836975097656 14.741440773010253906 14.741242408752441406 14.741460800170898438 14.742549896240234375 14.744234085083007813 14.742458343505859375 14.737565040588378906 14.731227874755859375 14.726666450500488281 14.719347953796386719 14.710779190063476563 14.703755378723144531 14.696588516235351563 14.688879966735839844 14.685468673706054688 14.686814308166503906 14.688738822937011719 14.681342124938964844 14.670904159545898438 14.663007736206054688 14.656912803649902344 14.65369415283203125 14.648378372192382813 14.642019271850585938 14.636362075805664063 14.633873939514160156 14.63531494140625 14.637017250061035156 14.64111328125 14.651904106140136719 14.683051109313964844 14.727949142456054688 14.765636444091796875 14.789203643798828125 14.816061973571777344 14.813752174377441406 14.770428657531738281 14.701169013977050781
14.741816520690917969 14.742956161499023438 14.743379592895507813 14.743719100952148438 14.743464469909667969 14.743465423583984375 14.743718147277832031 14.744115829467773438 14.745755195617675781 14.747621536254882813 14.746066093444824219 14.741281509399414063 14.734342575073242188 14.729055404663085938 14.721676826477050781 14.713822364807128906 14.707876205444335938 14.701491355895996094 14.695383071899414063 14.692549705505371094 14.693146705627441406 14.692258834838867188 14.6850433349609375 14.675536155700683594 14.667673110961914063 14.661878585815429688 14.659092903137207031 14.654366493225097656 14.647756576538085938 14.64113616943359375 14.636381149291992188 14.636438369750976563 14.637727737426757813 14.641421318054199219 14.654712677001953125 14.694406509399414063 14.749018669128417969 14.791470527648925781 14.809415817260742188 14.819827079772949219 14.806372642517089844 14.752760887145996094 14.687380790710449219
14.743515968322753906 14.744685173034667969 14.745087623596191406 14.745108604431152344 14.744746208190917969 14.744737625122070313 14.744798660278320313 14.745213508605957031 14.747588157653808594 14.750457763671875 14.749670982360839844 14.745129585266113281 14.737888336181640625 14.732446670532226563 14.724466323852539063 14.716901779174804688 14.711974143981933594 14.706633567810058594 14.701417922973632813 14.699309349060058594 14.699385643005371094 14.696323394775390625 14.688416481018066406 14.679079055786132813 14.671635627746582031 14.666162490844726563 14.663586616516113281 14.659474372863769531 14.652914047241210938 14.645104408264160156 14.637813568115234375 14.637728691101074219 14.638579368591308594 14.641473770141601563 14.656624794006347656 14.702054977416992188 14.761162757873535156 14.805489540100097656 14.819928169250488281 14.821789741516113281 14.801485061645507813 14.743282318115234375 14.678495407104492188
14.74591827392578125 14.747111320495605469 14.747366905212402344 14.746848106384277344 14.7461700439453125 14.745421409606933594 14.744769096374511719 14.745004653930664063 14.748158454895019531 14.753258705139160156 14.753355979919433594 14.749048233032226563 14.742624282836914063 14.737565994262695313 14.728801727294921875 14.720776557922363281 14.716366767883300781 14.711395263671875 14.70589447021484375 14.703800201416015625 14.703753471374511719 14.700243949890136719 14.691708564758300781 14.682340621948242188 14.675383567810058594 14.66999053955078125 14.66717529296875 14.662708282470703125 14.656392097473144531 14.648077964782714844 14.640031814575195313 14.640353202819824219 14.640543937683105469 14.642108917236328125 14.660589218139648438 14.714756965637207031 14.777032852172851563 14.814912796020507813 14.824878692626953125 14.820065498352050781 14.795624732971191406 14.744002342224121094 14.679362297058105469
