INPUT/RASTER/ASCII/BIO03.asc
ncols        225
nrows        269
xllcorner    473009.983799999987
yllcorner    4429051.174800000153
cellsize     50.000000000000
NODATA_value -9999
[rows 209 to 227 of 269, columns 86 to 128 of 225]
39.2205963134765625 39.176586151123046875 39.098468780517578125 38.974941253662109375 38.862659454345703125 38.8594512939453125 38.9167327880859375 38.96855926513671875 39.019474029541015625 39.119205474853515625 39.235843658447265625 39.3415374755859375 39.447940826416015625 39.518337249755859375 39.60520172119140625 39.701412200927734375 39.76889801025390625 39.834629058837890625 39.953693389892578125 40.065521240234375 40.141841888427734375 40.23723602294921875 40.2841796875 40.259357452392578125 40.15765380859375 40.04638671875 39.991313934326171875 39.93825531005859375 39.908428192138671875 39.87821197509765625 39.811702728271484375 39.721370697021484375 39.644866943359375 39.545501708984375 39.396999359130859375 39.265628814697265625 39.179508209228515625 39.161785125732421875 39.18659210205078125 39.258449554443359375 39.3694000244140625 39.490703582763671875 39.561183929443359375
39.304531097412109375 39.25379180908203125 39.160076141357421875 39.003204345703125 38.861053466796875 38.856853485107421875 38.909435272216796875 38.94367218017578125 38.97554779052734375 39.048213958740234375 39.147552490234375 39.245269775390625 39.3621826171875 39.451755523681640625 39.56475067138671875 39.66948699951171875 39.756267547607421875 39.84308624267578125 39.952739715576171875 40.056304931640625 40.134807586669921875 40.245677947998046875 40.317852020263671875 40.26967620849609375 40.099826812744140625 39.923931121826171875 39.8376312255859375 39.768707275390625 39.7474212646484375 39.736919403076171875 39.674282073974609375 39.58388519287109375 39.51113128662109375 39.410243988037109375 39.2712860107421875 39.141651153564453125 39.04398345947265625 39.024730682373046875 39.049907684326171875 39.117931365966796875 39.236454010009765625 39.3645477294921875 39.46413421630859375
39.419910430908203125 39.36374664306640625 39.268039703369140625 39.1084136962890625 38.959629058837890625 38.91240692138671875 38.931827545166015625 38.96396636962890625 39.0066375732421875 39.07110595703125 39.1483612060546875 39.229862213134765625 39.34416961669921875 39.440708160400390625 39.568035125732421875 39.671627044677734375 39.747379302978515625 39.8222198486328125 39.921833038330078125 40.027713775634765625 40.130344390869140625 40.27124786376953125 40.347415924072265625 40.2711944580078125 40.059520721435546875 39.846569061279296875 39.730556488037109375 39.62065887451171875 39.58777618408203125 39.598079681396484375 39.547985076904296875 39.467212677001953125 39.4020538330078125 39.289249420166015625 39.164402008056640625 39.04137420654296875 38.939495086669921875 38.910037994384765625 38.913421630859375 38.949871063232421875 39.055606842041015625 39.185878753662109375 39.30413818359375
39.60877227783203125 39.559322357177734375 39.485454559326171875 39.353790283203125 39.186290740966796875 39.05986785888671875 39.0163116455078125 39.029613494873046875 39.091777801513671875 39.176494598388671875 39.254543304443359375 39.33174896240234375 39.4243621826171875 39.494915008544921875 39.585926055908203125 39.635501861572265625 39.633541107177734375 39.6451568603515625 39.74849700927734375 39.906879425048828125 40.078105926513671875 40.29740142822265625 40.364940643310546875 40.25946044921875 40.059368133544921875 39.84954071044921875 39.722530364990234375 39.5700836181640625 39.473308563232421875 39.4377288818359375 39.3958892822265625 39.348018646240234375 39.2996978759765625 39.2057952880859375 39.108516693115234375 38.99676513671875 38.904499053955078125 38.870731353759765625 38.853984832763671875 38.84395599365234375 38.90027618408203125 39.015293121337890625 39.133342742919921875
39.79290008544921875 39.75626373291015625 39.694545745849609375 39.572963714599609375 39.38416290283203125 39.196502685546875 39.100208282470703125 39.0898895263671875 39.144500732421875 39.23331451416015625 39.316410064697265625 39.393238067626953125 39.47107696533203125 39.521091461181640625 39.569438934326171875 39.567150115966796875 39.506649017333984375 39.477603912353515625 39.602275848388671875 39.806484222412109375 40.028408050537109375 40.3144683837890625 40.3893890380859375 40.281459808349609375 40.11109161376953125 39.925243377685546875 39.805225372314453125 39.636318206787109375 39.48681640625 39.3784027099609375 39.300258636474609375 39.254302978515625 39.225711822509765625 39.173717498779296875 39.1038055419921875 39.006725311279296875 38.922275543212890625 38.88617706298828125 38.870677947998046875 38.848552703857421875 38.857635498046875 38.923282623291015625 39.012073516845703125
39.91943359375 39.88385772705078125 39.827701568603515625 39.69968414306640625 39.490985870361328125 39.26001739501953125 39.12920379638671875 39.10285186767578125 39.1376495361328125 39.207897186279296875 39.28133392333984375 39.35491943359375 39.437591552734375 39.492462158203125 39.531993865966796875 39.520748138427734375 39.453433990478515625 39.424182891845703125 39.567169189453125 39.7765045166015625 40.000003814697265625 40.308986663818359375 40.421489715576171875 40.340145111083984375 40.188777923583984375 40.02556610107421875 39.918819427490234375 39.75650787353515625 39.59271240234375 39.440032958984375 39.29850006103515625 39.22076416015625 39.19312286376953125 39.155139923095703125 39.10491943359375 39.0205078125 38.93769073486328125 38.900604248046875 38.894123077392578125 38.885406494140625 38.86644744873046875 38.874187469482421875 38.92205047607421875
39.994647979736328125 39.961208343505859375 39.922534942626953125 39.7844085693359375 39.547534942626953125 39.283763885498046875 39.126697540283203125 39.0922088623046875 39.117034912109375 39.16669464111328125 39.227813720703125 39.305694580078125 39.404415130615234375 39.47353363037109375 39.52628326416015625 39.52388763427734375 39.46836090087890625 39.448619842529296875 39.583038330078125 39.7754058837890625 39.976016998291015625 40.283344268798828125 40.444194793701171875 40.39844512939453125 40.267910003662109375 40.12816619873046875 40.034587860107421875 39.8796844482421875 39.710323333740234375 39.532745361328125 39.3447723388671875 39.23072052001953125 39.190189361572265625 39.144695281982421875 39.0993499755859375 39.020580291748046875 38.939266204833984375 38.904735565185546875 38.90436553955078125 38.907779693603515625 38.881824493408203125 38.85643768310546875 38.866168975830078125
40.05438232421875 40.028377532958984375 40.005947113037109375 39.853908538818359375 39.595752716064453125 39.32733917236328125 39.160858154296875 39.1183319091796875 39.1253204345703125 39.147518157958984375 39.19803619384765625 39.290500640869140625 39.415172576904296875 39.503803253173828125 39.58319854736328125 39.585590362548828125 39.54033660888671875 39.527065277099609375 39.63684844970703125 39.802642822265625 39.973339080810546875 40.261829376220703125 40.458160400390625 40.450557708740234375 40.346935272216796875 40.234039306640625 40.153476715087890625 40.001918792724609375 39.825786590576171875 39.636432647705078125 39.422962188720703125 39.270130157470703125 39.211154937744140625 39.146968841552734375 39.084136962890625 38.9971923828125 38.928253173828125 38.906986236572265625 38.9112396240234375 38.91854095458984375 38.895999908447265625 38.86109161376953125 38.8406524658203125
40.1592559814453125 40.1299896240234375 40.0815582275390625 39.92684173583984375 39.702175140380859375 39.473896026611328125 39.31557464599609375 39.25156402587890625 39.207271575927734375 39.179035186767578125 39.21728515625 39.33026123046875 39.4845123291015625 39.594020843505859375 39.7038421630859375 39.713413238525390625 39.659709930419921875 39.651889801025390625 39.75514984130859375 39.895168304443359375 40.03852081298828125 40.279544830322265625 40.4635009765625 40.4931640625 40.425029754638671875 40.333965301513671875 40.262706756591796875 40.11371612548828125 39.9359130859375 39.7489166259765625 39.5068817138671875 39.303363800048828125 39.219264984130859375 39.1319122314453125 39.05506134033203125 38.970623016357421875 38.92137908935546875 38.925937652587890625 38.93021392822265625 38.927104949951171875 38.907566070556640625 38.875255584716796875 38.84967803955078125
40.279613494873046875 40.230297088623046875 40.15410614013671875 40.041900634765625 39.90118408203125 39.723751068115234375 39.577495574951171875 39.488590240478515625 39.39392852783203125 39.3495635986328125 39.394145965576171875 39.514080047607421875 39.670772552490234375 39.77581024169921875 39.873447418212890625 39.866924285888671875 39.796657562255859375 39.80027008056640625 39.908599853515625 40.021877288818359375 40.121826171875 40.290218353271484375 40.44635009765625 40.512493133544921875 40.478633880615234375 40.402957916259765625 40.337337493896484375 40.198017120361328125 40.02640533447265625 39.8351593017578125 39.55328369140625 39.293498992919921875 39.187282562255859375 39.08527374267578125 39.007411956787109375 38.948627471923828125 38.928302764892578125 38.935184478759765625 38.93047332763671875 38.926631927490234375 38.920536041259765625 38.9006500244140625 38.88519287109375
40.353878021240234375 40.298915863037109375 40.23268890380859375 40.169818878173828125 40.084991455078125 39.927886962890625 39.786060333251953125 39.6867523193359375 39.58428192138671875 39.580860137939453125 39.65314483642578125 39.759723663330078125 39.885295867919921875 39.961151123046875 40.003475189208984375 39.963962554931640625 39.895328521728515625 39.90691375732421875 40.010776519775390625 40.10298919677734375 40.162082672119140625 40.27217864990234375 40.42649078369140625 40.51999664306640625 40.489574432373046875 40.4187164306640625 40.352367401123046875 40.223834991455078125 40.063785552978515625 39.875080108642578125 39.589550018310546875 39.320980072021484375 39.192291259765625 39.065151214599609375 38.98424530029296875 38.938816070556640625 38.931827545166015625 38.938266754150390625 38.93250274658203125 38.92456817626953125 38.922412872314453125 38.91670989990234375 38.918193817138671875
40.33380889892578125 40.2921142578125 40.253986358642578125 40.220790863037109375 40.151401519775390625 39.998264312744140625 39.854259490966796875 39.756649017333984375 39.682247161865234375 39.72032928466796875 39.80812835693359375 39.90062713623046875 39.991886138916015625 40.04351806640625 40.06723785400390625 40.040752410888671875 40.0015716552734375 40.019596099853515625 40.10402679443359375 40.1810150146484375 40.210407257080078125 40.266788482666015625 40.407501220703125 40.522216796875 40.496185302734375 40.43487548828125 40.361255645751953125 40.2368011474609375 40.092006683349609375 39.916790008544921875 39.652683258056640625 39.402835845947265625 39.254131317138671875 39.083225250244140625 38.9782562255859375 38.93372344970703125 38.937740325927734375 38.94234466552734375 38.936916351318359375 38.92905426025390625 38.924831390380859375 38.9295501708984375 38.95148468017578125
40.17852020263671875 40.156002044677734375 40.16107940673828125 40.174533843994140625 40.1259918212890625 39.976253509521484375 39.829437255859375 39.746952056884765625 39.72203826904296875 39.79601287841796875 39.888103485107421875 39.962947845458984375 40.026752471923828125 40.064250946044921875 40.0880584716796875 40.089435577392578125 40.0917816162109375 40.116790771484375 40.16756439208984375 40.23152923583984375 40.262989044189453125 40.293544769287109375 40.39615631103515625 40.526348114013671875 40.53177642822265625 40.484165191650390625 40.400928497314453125 40.272052764892578125 40.136737823486328125 39.977672576904296875 39.743343353271484375 39.52318572998046875 39.3701019287109375 39.159839630126953125 39.0038909912109375 38.938571929931640625 38.951160430908203125 38.953113555908203125 38.948619842529296875 38.94481658935546875 38.944248199462890625 38.953784942626953125 38.986705780029296875
39.996273040771484375 39.99796295166015625 40.040798187255859375 40.08654022216796875 40.059207916259765625 39.918781280517578125 39.784820556640625 39.7234954833984375 39.718414306640625 39.79396820068359375 39.886531829833984375 39.9548797607421875 40.010852813720703125 40.045886993408203125 40.078136444091796875 40.10009765625 40.11815643310546875 40.115650177001953125 40.1160888671875 40.16632843017578125 40.2412109375 40.326213836669921875 40.4184722900390625 40.540348052978515625 40.575565338134765625 40.550617218017578125 40.467243194580078125 40.331996917724609375 40.200534820556640625 40.055553436279296875 39.849796295166015625 39.65702056884765625 39.51172637939453125 39.291782379150390625 39.088901519775390625 38.978633880615234375 38.977519989013671875 38.976940155029296875 38.97198486328125 38.972064971923828125 38.976657867431640625 38.9898223876953125 39.018280029296875
39.962810516357421875 39.971088409423828125 40.01723480224609375 40.05849456787109375 40.041362762451171875 39.92201995849609375 39.8121490478515625 39.7574310302734375 39.705234527587890625 39.717620849609375 39.797473907470703125 39.8804779052734375 39.957057952880859375 40.00336456298828125 40.050365447998046875 40.08921051025390625 40.0940093994140625 40.02437591552734375 39.969387054443359375 40.013797760009765625 40.12212371826171875 40.27779388427734375 40.39731597900390625 40.5100860595703125 40.582645416259765625 40.595363616943359375 40.52663421630859375 40.39288330078125 40.27089691162109375 40.14972686767578125 39.9766387939453125 39.80495452880859375 39.66696929931640625 39.45294952392578125 39.23839569091796875 39.098476409912109375 39.056972503662109375 39.033718109130859375 39.0183563232421875 39.015651702880859375 39.017360687255859375 39.02542877197265625 39.045261383056640625
40.183441162109375 40.148956298828125 40.140026092529296875 40.15802001953125 40.153141021728515625 40.067291259765625 39.976268768310546875 39.89246368408203125 39.72509765625 39.616024017333984375 39.64273834228515625 39.744106292724609375 39.860057830810546875 39.928119659423828125 40.0006866455078125 40.068775177001953125 40.058506011962890625 39.90312957763671875 39.774730682373046875 39.82041168212890625 39.938991546630859375 40.115398406982421875 40.274372100830078125 40.447429656982421875 40.58919525146484375 40.637638092041015625 40.585048675537109375 40.467166900634765625 40.36763763427734375 40.273040771484375 40.122539520263671875 39.959796905517578125 39.824413299560546875 39.62359619140625 39.43338775634765625 39.304378509521484375 39.212764739990234375 39.136623382568359375 39.091007232666015625 39.05829620361328125 39.045063018798828125 39.04778289794921875 39.062244415283203125
40.47576904296875 40.39711761474609375 40.34117889404296875 40.352447509765625 40.3479461669921875 40.253269195556640625 40.139942169189453125 40.023036956787109375 39.7996978759765625 39.627620697021484375 39.596416473388671875 39.674709320068359375 39.784374237060546875 39.851764678955078125 39.940521240234375 40.039363861083984375 40.04042816162109375 39.8420867919921875 39.666736602783203125 39.708911895751953125 39.846759796142578125 40.06127166748046875 40.26654052734375 40.4756011962890625 40.620883941650390625 40.66350555419921875 40.614582061767578125 40.517974853515625 40.4307403564453125 40.322643280029296875 40.156284332275390625 39.991817474365234375 39.862400054931640625 39.68418121337890625 39.5347137451171875 39.425151824951171875 39.31172943115234375 39.199192047119140625 39.12805938720703125 39.06731414794921875 39.049755096435546875 39.058277130126953125 39.073795318603515625
40.672275543212890625 40.58538055419921875 40.5184173583984375 40.5378875732421875 40.52620697021484375 40.397197723388671875 40.2512359619140625 40.1272430419921875 39.918636322021484375 39.75524139404296875 39.710216522216796875 39.745998382568359375 39.797435760498046875 39.83048248291015625 39.90576171875 40.011623382568359375 40.04058837890625 39.866107940673828125 39.687374114990234375 39.722133636474609375 39.8753509521484375 40.13088226318359375 40.370601654052734375 40.562511444091796875 40.65381622314453125 40.66350555419921875 40.594440460205078125 40.4932098388671875 40.411281585693359375 40.287906646728515625 40.087886810302734375 39.893527984619140625 39.74512481689453125 39.575328826904296875 39.485858917236328125 39.42095947265625 39.321277618408203125 39.197124481201171875 39.11651611328125 39.05693817138671875 39.050273895263671875 39.066722869873046875 39.08664703369140625
40.782711029052734375 40.718845367431640625 40.6625823974609375 40.672481536865234375 40.633831024169921875 40.48752593994140625 40.3374176025390625 40.225757598876953125 40.052753448486328125 39.922405242919921875 39.892360687255859375 39.89931488037109375 39.8991241455078125 39.8983306884765625 39.930736541748046875 40.00608062744140625 40.055248260498046875 39.94161224365234375 39.773555755615234375 39.790531158447265625 39.94132232666015625 40.206546783447265625 40.46385955810546875 40.631710052490234375 40.67206573486328125 40.6540985107421875 40.567050933837890625 40.463703155517578125 40.39105987548828125 40.268550872802734375 40.03870391845703125 39.79668426513671875 39.59467315673828125 39.404632568359375 39.37595367431640625 39.374591827392578125 39.30699920654296875 39.180355072021484375 39.099430084228515625 39.051982879638671875 39.052516937255859375 39.07381439208984375 39.10076141357421875
