INPUT/RASTER/ASCII/BIO03.asc
ncols        225
nrows        269
xllcorner    473000.000000000000
yllcorner    4429100.000000000000
cellsize     50.000000000000
NODATA_value -9999
[rows 200 to 219 of 269, columns 135 to 179 of 225]
38.37534332275390625 38.4166259765625 38.2852020263671875 38.35565948486328125 38.325061798095703125 38.25916290283203125 38.306640625 38.291622161865234375 38.29553985595703125 38.2741241455078125 38.266551971435546875 38.234973907470703125 38.250823974609375 38.216152191162109375 38.21187591552734375 38.23519134521484375 38.20920562744140625 38.220668792724609375 38.237640380859375 38.26015472412109375 38.268890380859375 38.29006195068359375 38.328380584716796875 38.38358306884765625 38.43035888671875 38.471668243408203125 38.485652923583984375 38.48699188232421875 38.5023193359375 38.51009368896484375 38.515979766845703125 38.5243072509765625 38.5320587158203125 38.535274505615234375 38.54586029052734375 38.56969451904296875 38.595489501953125 38.6710205078125 38.729450225830078125 38.74170684814453125 38.728851318359375 38.676044464111328125 38.63123321533203125 38.616710662841796875 38.609218597412109375
38.357280731201171875 38.28739166259765625 38.254364013671875 38.250858306884765625 38.25000762939453125 38.25994110107421875 38.288578033447265625 38.30912017822265625 38.304058074951171875 38.293483734130859375 38.29325103759765625 38.27286529541015625 38.27928924560546875 38.261505126953125 38.254180908203125 38.261692047119140625 38.252407073974609375 38.26453399658203125 38.270519256591796875 38.29859161376953125 38.300479888916015625 38.3195037841796875 38.345661163330078125 38.374462127685546875 38.4208831787109375 38.4618682861328125 38.486263275146484375 38.48900604248046875 38.503467559814453125 38.5139923095703125 38.51461029052734375 38.516620635986328125 38.5170745849609375 38.52429962158203125 38.52802276611328125 38.553585052490234375 38.56805419921875 38.621479034423828125 38.7113800048828125 38.72496795654296875 38.738636016845703125 38.7057952880859375 38.660106658935546875 38.627979278564453125 38.62256622314453125
38.4431304931640625 38.323329925537109375 38.301685333251953125 38.2524871826171875 38.244892120361328125 38.27742767333984375 38.310024261474609375 38.33038330078125 38.325656890869140625 38.3202972412109375 38.32003021240234375 38.30121612548828125 38.3004302978515625 38.286224365234375 38.276889801025390625 38.280914306640625 38.2764892578125 38.287380218505859375 38.288837432861328125 38.31417083740234375 38.316741943359375 38.3323822021484375 38.34642791748046875 38.37052154541015625 38.410411834716796875 38.453521728515625 38.485012054443359375 38.48973846435546875 38.5038909912109375 38.5166015625 38.515895843505859375 38.51076507568359375 38.512142181396484375 38.515758514404296875 38.52120208740234375 38.539920806884765625 38.56687164306640625 38.606113433837890625 38.683994293212890625 38.704456329345703125 38.7448883056640625 38.7218475341796875 38.668796539306640625 38.637725830078125 38.628948211669921875
38.5877532958984375 38.38043212890625 38.341732025146484375 38.27152252197265625 38.252040863037109375 38.296825408935546875 38.340362548828125 38.35916900634765625 38.354473114013671875 38.346832275390625 38.34314727783203125 38.324642181396484375 38.314178466796875 38.301090240478515625 38.2972564697265625 38.296478271484375 38.291751861572265625 38.3102264404296875 38.310779571533203125 38.33348846435546875 38.3343963623046875 38.344005584716796875 38.35648345947265625 38.371845245361328125 38.40183258056640625 38.445262908935546875 38.480960845947265625 38.48858642578125 38.5049591064453125 38.5192108154296875 38.520671844482421875 38.51280975341796875 38.5147552490234375 38.515949249267578125 38.52381134033203125 38.5379638671875 38.5694732666015625 38.604400634765625 38.670688629150390625 38.6993560791015625 38.758392333984375 38.741832733154296875 38.6734619140625 38.644496917724609375 38.639141082763671875
38.70023345947265625 38.434757232666015625 38.35941314697265625 38.29059600830078125 38.268749237060546875 38.316204071044921875 38.3668975830078125 38.382415771484375 38.379070281982421875 38.370548248291015625 38.358844757080078125 38.33935546875 38.33167266845703125 38.31855010986328125 38.315097808837890625 38.31020355224609375 38.30838775634765625 38.3258056640625 38.34043121337890625 38.35639190673828125 38.3532562255859375 38.357318878173828125 38.3647003173828125 38.374401092529296875 38.397003173828125 38.4352569580078125 38.475681304931640625 38.485569000244140625 38.50968170166015625 38.521831512451171875 38.524570465087890625 38.520294189453125 38.51737213134765625 38.51877593994140625 38.52642822265625 38.5408477783203125 38.57208251953125 38.608623504638671875 38.677494049072265625 38.71350860595703125 38.79093170166015625 38.76770782470703125 38.67595672607421875 38.64467620849609375 38.64743804931640625
38.7125701904296875 38.513919830322265625 38.406230926513671875 38.305706024169921875 38.316692352294921875 38.35993194580078125 38.402225494384765625 38.403835296630859375 38.39963531494140625 38.390918731689453125 38.376438140869140625 38.3568878173828125 38.34360504150390625 38.3342437744140625 38.33056640625 38.32765960693359375 38.330707550048828125 38.345123291015625 38.36356353759765625 38.37557220458984375 38.37522125244140625 38.367401123046875 38.37850189208984375 38.3840179443359375 38.4015045166015625 38.4360504150390625 38.477203369140625 38.490085601806640625 38.5157470703125 38.524456024169921875 38.5276641845703125 38.528553009033203125 38.5237579345703125 38.5216064453125 38.532817840576171875 38.545032501220703125 38.57659149169921875 38.62218475341796875 38.69539642333984375 38.73345184326171875 38.816211700439453125 38.774204254150390625 38.680904388427734375 38.655429840087890625 38.65955352783203125
38.697772979736328125 38.487880706787109375 38.439727783203125 38.366168975830078125 38.400890350341796875 38.42725372314453125 38.454792022705078125 38.4430389404296875 38.440814971923828125 38.428249359130859375 38.411712646484375 38.394073486328125 38.37311553955078125 38.36026763916015625 38.357585906982421875 38.357086181640625 38.3631439208984375 38.3745574951171875 38.385303497314453125 38.39386749267578125 38.397762298583984375 38.400058746337890625 38.40196990966796875 38.402767181396484375 38.41239166259765625 38.44109344482421875 38.481903076171875 38.4991302490234375 38.52565765380859375 38.5372772216796875 38.541168212890625 38.5397796630859375 38.53844451904296875 38.5358123779296875 38.53807830810546875 38.55777740478515625 38.61029052734375 38.68926239013671875 38.7813568115234375 38.81032562255859375 38.829620361328125 38.7484283447265625 38.681751251220703125 38.67139434814453125 38.69147491455078125
38.69879913330078125 38.51727294921875 38.47119140625 38.4918212890625 38.51482391357421875 38.45636749267578125 38.475559234619140625 38.464588165283203125 38.4632568359375 38.44908905029296875 38.4350433349609375 38.41464996337890625 38.39070892333984375 38.378192901611328125 38.368175506591796875 38.3641357421875 38.3722381591796875 38.382785797119140625 38.39719390869140625 38.40582275390625 38.4075775146484375 38.41095733642578125 38.413921356201171875 38.410099029541015625 38.409454345703125 38.432590484619140625 38.470733642578125 38.48673248291015625 38.528026580810546875 38.53803253173828125 38.544353485107421875 38.54798126220703125 38.54674530029296875 38.54703521728515625 38.550140380859375 38.566082000732421875 38.620532989501953125 38.7347259521484375 38.839313507080078125 38.84021759033203125 38.82282257080078125 38.75098419189453125 38.697475433349609375 38.685413360595703125 38.697917938232421875
38.7072906494140625 38.547428131103515625 38.513362884521484375 38.535549163818359375 38.577266693115234375 38.53912353515625 38.5004730224609375 38.482391357421875 38.48349761962890625 38.47198486328125 38.45465850830078125 38.438201904296875 38.40833282470703125 38.392330169677734375 38.38014984130859375 38.380474090576171875 38.384490966796875 38.389163970947265625 38.4037933349609375 38.40847015380859375 38.410434722900390625 38.413822174072265625 38.41656494140625 38.411075592041015625 38.40813446044921875 38.4349212646484375 38.478466033935546875 38.49315643310546875 38.539005279541015625 38.5501251220703125 38.5541229248046875 38.55240631103515625 38.561065673828125 38.564266204833984375 38.5659942626953125 38.5805511474609375 38.628875732421875 38.7500152587890625 38.84845733642578125 38.8545684814453125 38.841320037841796875 38.796176910400390625 38.72245025634765625 38.70679473876953125 38.71584320068359375
38.7116851806640625 38.5754241943359375 38.54056549072265625 38.561923980712890625 38.60137939453125 38.618160247802734375 38.55970001220703125 38.50403594970703125 38.50676727294921875 38.493885040283203125 38.47241973876953125 38.458141326904296875 38.4278717041015625 38.41155242919921875 38.395870208740234375 38.39476776123046875 38.3973388671875 38.4011383056640625 38.410060882568359375 38.411121368408203125 38.414447784423828125 38.41670989990234375 38.41921234130859375 38.416461944580078125 38.416103363037109375 38.4434356689453125 38.505435943603515625 38.514617919921875 38.558727264404296875 38.56790924072265625 38.57000732421875 38.56261444091796875 38.57049560546875 38.57422637939453125 38.57997894287109375 38.59642791748046875 38.62958526611328125 38.704769134521484375 38.797801971435546875 38.8278961181640625 38.842967987060546875 38.816226959228515625 38.77213287353515625 38.751476287841796875 38.7530059814453125
38.747303009033203125 38.62328338623046875 38.567840576171875 38.590717315673828125 38.621509552001953125 38.63413238525390625 38.63350677490234375 38.52191162109375 38.52850341796875 38.51580047607421875 38.495899200439453125 38.47919464111328125 38.44931793212890625 38.432281494140625 38.41349029541015625 38.4132843017578125 38.412082672119140625 38.413127899169921875 38.422031402587890625 38.41937255859375 38.42423248291015625 38.423122406005859375 38.42186737060546875 38.42401123046875 38.416896820068359375 38.440349578857421875 38.520931243896484375 38.537662506103515625 38.576999664306640625 38.57625579833984375 38.5809478759765625 38.57851409912109375 38.583385467529296875 38.586322784423828125 38.59210205078125 38.613475799560546875 38.63413238525390625 38.67505645751953125 38.73662567138671875 38.77037811279296875 38.8200531005859375 38.84604644775390625 38.838230133056640625 38.814464569091796875 38.7942047119140625
38.8412933349609375 38.673755645751953125 38.651111602783203125 38.631195068359375 38.639667510986328125 38.653347015380859375 38.65936279296875 38.63027191162109375 38.59981536865234375 38.5376129150390625 38.524566650390625 38.50018310546875 38.4749755859375 38.44799041748046875 38.441844940185546875 38.427173614501953125 38.42801666259765625 38.432079315185546875 38.437999725341796875 38.438312530517578125 38.4377899169921875 38.43487548828125 38.42745208740234375 38.4236602783203125 38.417697906494140625 38.443325042724609375 38.5241546630859375 38.545612335205078125 38.59270477294921875 38.59029388427734375 38.59749603271484375 38.5849609375 38.60870361328125 38.614627838134765625 38.608020782470703125 38.63626861572265625 38.642482757568359375 38.6745452880859375 38.709300994873046875 38.734466552734375 38.76953125 38.8525848388671875 38.8430633544921875 38.8782958984375 38.824001312255859375
38.8970489501953125 38.754428863525390625 38.729915618896484375 38.6762542724609375 38.68183135986328125 38.702129364013671875 38.683197021484375 38.69738006591796875 38.679653167724609375 38.624004364013671875 38.61704254150390625 38.525516510009765625 38.51284027099609375 38.474445343017578125 38.4748382568359375 38.450435638427734375 38.44873809814453125 38.46123504638671875 38.455963134765625 38.4636993408203125 38.451873779296875 38.443218231201171875 38.436176300048828125 38.420867919921875 38.416534423828125 38.468048095703125 38.538238525390625 38.562236785888671875 38.6135406494140625 38.62366485595703125 38.622417449951171875 38.642932891845703125 38.6480560302734375 38.6602325439453125 38.6632080078125 38.66617584228515625 38.67486572265625 38.69500732421875 38.70334625244140625 38.70656585693359375 38.72577667236328125 38.799072265625 38.869052886962890625 38.92449951171875 39.064849853515625
38.85418701171875 38.76947021484375 38.74219512939453125 38.711574554443359375 38.714664459228515625 38.72209930419921875 38.7119293212890625 38.71923828125 38.71044158935546875 38.697872161865234375 38.690277099609375 38.55495452880859375 38.52498626708984375 38.491962432861328125 38.48317718505859375 38.469165802001953125 38.4689788818359375 38.4789276123046875 38.4734344482421875 38.470127105712890625 38.465755462646484375 38.454524993896484375 38.44268035888671875 38.42185211181640625 38.400554656982421875 38.46111297607421875 38.54628753662109375 38.57323455810546875 38.62947845458984375 38.662807464599609375 38.6649627685546875 38.68268585205078125 38.671833038330078125 38.68300628662109375 38.69109344482421875 38.685573577880859375 38.69510650634765625 38.696384429931640625 38.69986724853515625 38.7067413330078125 38.800022125244140625 39.141948699951171875 39.064342498779296875 39.14345550537109375 39.316326141357421875
38.794635772705078125 38.755832672119140625 38.74285125732421875 38.731601715087890625 38.737033843994140625 38.74404144287109375 38.739452362060546875 38.748882293701171875 38.7374114990234375 38.719997406005859375 38.7063140869140625 38.629329681396484375 38.5333709716796875 38.503444671630859375 38.49152374267578125 38.475704193115234375 38.478015899658203125 38.487255096435546875 38.486186981201171875 38.4821929931640625 38.4741058349609375 38.45940399169921875 38.44537353515625 38.419673919677734375 38.39954376220703125 38.464481353759765625 38.559513092041015625 38.59104156494140625 38.64667510986328125 38.684589385986328125 38.692890167236328125 38.711612701416015625 38.702304840087890625 38.69509124755859375 38.703350067138671875 38.69915008544921875 38.697795867919921875 38.690166473388671875 38.70696258544921875 38.77108001708984375 39.025173187255859375 39.336055755615234375 39.25374603271484375 39.240146636962890625 39.28777313232421875
38.766632080078125 38.749614715576171875 38.747406005859375 38.752384185791015625 38.76074981689453125 38.7699127197265625 38.776653289794921875 38.79027557373046875 38.773097991943359375 38.747333526611328125 38.72623443603515625 38.679752349853515625 38.600719451904296875 38.513080596923828125 38.49987030029296875 38.484546661376953125 38.489994049072265625 38.49935150146484375 38.49880218505859375 38.4848785400390625 38.478118896484375 38.462253570556640625 38.44805908203125 38.42549896240234375 38.43563079833984375 38.493824005126953125 38.5873565673828125 38.6126556396484375 38.66265869140625 38.69875335693359375 38.71968841552734375 38.73732757568359375 38.73217010498046875 38.71933746337890625 38.7136993408203125 38.710296630859375 38.69283294677734375 38.70064544677734375 38.764461517333984375 38.877002716064453125 39.1701507568359375 39.282489776611328125 39.206386566162109375 39.07593536376953125 39.0205078125
38.74971771240234375 38.746578216552734375 38.75841522216796875 38.7694244384765625 38.781032562255859375 38.78807830810546875 38.805973052978515625 38.816253662109375 38.8050537109375 38.771930694580078125 38.746185302734375 38.700225830078125 38.66799163818359375 38.549144744873046875 38.5214385986328125 38.5064697265625 38.510784149169921875 38.515228271484375 38.50839996337890625 38.493206024169921875 38.484195709228515625 38.46512603759765625 38.4507598876953125 38.434467315673828125 38.4625396728515625 38.525287628173828125 38.602886199951171875 38.626739501953125 38.67357635498046875 38.71485137939453125 38.749542236328125 38.77663421630859375 38.772731781005859375 38.7545166015625 38.72730255126953125 38.711666107177734375 38.72039031982421875 38.7701873779296875 38.94146728515625 39.0883026123046875 39.202144622802734375 39.12552642822265625 39.0093536376953125 38.826251983642578125 38.72145843505859375
38.801349639892578125 38.76607513427734375 38.76753997802734375 38.77458953857421875 38.801021575927734375 38.8062744140625 38.827911376953125 38.834484100341796875 38.830165863037109375 38.799129486083984375 38.76425933837890625 38.72226715087890625 38.68970489501953125 38.6523895263671875 38.59243011474609375 38.53751373291015625 38.5379486083984375 38.53490447998046875 38.519855499267578125 38.49777984619140625 38.491374969482421875 38.470668792724609375 38.453460693359375 38.440662384033203125 38.48016357421875 38.540493011474609375 38.603496551513671875 38.627532958984375 38.6880340576171875 38.734832763671875 38.788288116455078125 38.8589935302734375 38.86327362060546875 38.8499755859375 38.79876708984375 38.731723785400390625 38.804107666015625 38.944515228271484375 39.163440704345703125 39.2265625 39.162670135498046875 38.94869232177734375 38.823947906494140625 38.70601654052734375 38.65203857421875
38.858669281005859375 38.811588287353515625 38.78383636474609375 38.794284820556640625 38.811336517333984375 38.8303680419921875 38.859775543212890625 38.86843109130859375 38.865062713623046875 38.82982635498046875 38.80108642578125 38.771259307861328125 38.7160186767578125 38.67781829833984375 38.67552947998046875 38.690593719482421875 38.600170135498046875 38.57437896728515625 38.551090240478515625 38.5219879150390625 38.51319122314453125 38.491382598876953125 38.4719390869140625 38.467357635498046875 38.49678802490234375 38.558929443359375 38.62529754638671875 38.646221160888671875 38.7089996337890625 38.755611419677734375 38.86956787109375 39.193115234375 39.29036712646484375 39.312595367431640625 39.1800689697265625 39.021312713623046875 39.0962066650390625 39.22918701171875 39.271739959716796875 39.256542205810546875 38.9806060791015625 38.7555999755859375 38.699756622314453125 38.67066192626953125 38.634838104248046875
38.93025970458984375 38.9324493408203125 38.91584014892578125 38.862598419189453125 38.839397430419921875 38.85086822509765625 38.882038116455078125 38.90512847900390625 38.90164947509765625 38.870281219482421875 38.836132049560546875 38.799808502197265625 38.72823333740234375 38.6925506591796875 38.68959808349609375 38.715923309326171875 38.695064544677734375 38.59227752685546875 38.572566986083984375 38.537883758544921875 38.529510498046875 38.5080413818359375 38.48773193359375 38.4774017333984375 38.506988525390625 38.575042724609375 38.642284393310546875 38.65842437744140625 38.711437225341796875 38.762180328369140625 38.921909332275390625 39.272003173828125 39.372920989990234375 39.417407989501953125 39.31031036376953125 39.246006011962890625 39.234912872314453125 39.236217498779296875 39.103199005126953125 39.0503692626953125 38.833683013916015625 38.7410430908203125 38.693634033203125 38.668003082275390625 38.637561798095703125
