INPUT/RASTER/ASCII/BIO04.asc
ncols        225
nrows        269
xllcorner    473000.000000000000
yllcorner    4429100.000000000000
cellsize     50.000000000000
NODATA_value -9999
[rows 220 to 241 of 269, columns 144 to 191 of 225]
573.54901123046875 573.64453125 573.80902099609375 574.006591796875 574.12579345703125 574.16131591796875 574.184326171875 574.2740478515625 574.98388671875 575.6705322265625 575.85137939453125 575.8905029296875 576.00018310546875 576.0997314453125 576.2154541015625 576.2237548828125 576.1400146484375 576.0595703125 576.02984619140625 576.004150390625 575.9697265625 575.74920654296875 575.05328369140625 574.842041015625 574.7200927734375 574.93597412109375 575.192138671875 575.37091064453125 575.7264404296875 576.109130859375 576.12457275390625 576.37725830078125 576.49346923828125 576.6314697265625 576.76470947265625 576.84552001953125 576.93133544921875 577.07025146484375 577.2073974609375 577.32720947265625 577.3984375 578.25384521484375 578.32232666015625 578.35845947265625 578.4063720703125 578.43115234375 578.47344970703125 578.5050048828125
573.4945068359375 573.638427734375 573.79925537109375 573.9849853515625 574.11822509765625 574.143798828125 574.17431640625 574.2728271484375 574.369140625 575.2431640625 575.84490966796875 575.8837890625 575.99188232421875 576.0936279296875 576.22607421875 576.2615966796875 576.1744384765625 576.1290283203125 576.05615234375 576.04833984375 576.0159912109375 575.884521484375 575.09332275390625 574.73480224609375 574.46075439453125 574.77001953125 575.2196044921875 575.585693359375 576.1285400390625 576.385498046875 576.42236328125 576.526123046875 576.5496826171875 576.68231201171875 576.82122802734375 576.90631103515625 576.98504638671875 577.0997314453125 577.23675537109375 577.34112548828125 577.550537109375 578.26214599609375 578.3052978515625 578.3583984375 578.405029296875 578.43145751953125 578.4725341796875 578.5081787109375
573.4398193359375 573.5474853515625 573.80487060546875 573.97540283203125 574.1114501953125 574.1461181640625 574.1715087890625 574.268310546875 574.3719482421875 574.58782958984375 575.83868408203125 575.8773193359375 575.98095703125 576.091552734375 576.2137451171875 576.2637939453125 576.20367431640625 576.172607421875 576.1141357421875 576.09967041015625 576.078125 576.02178955078125 575.14208984375 574.9173583984375 574.31915283203125 574.5145263671875 575.06243896484375 575.92926025390625 576.326171875 576.5145263671875 576.544677734375 576.652099609375 576.610107421875 576.73040771484375 576.8636474609375 576.9515380859375 577.03045654296875 577.12933349609375 577.26654052734375 577.35516357421875 578.0677490234375 578.29974365234375 578.311767578125 578.3634033203125 578.40789794921875 578.43310546875 578.47186279296875 578.507568359375
573.32281494140625 573.4595947265625 573.695068359375 573.98681640625 574.1053466796875 574.11279296875 574.1348876953125 574.2120361328125 574.35693359375 574.47802734375 574.9056396484375 575.25262451171875 575.94476318359375 576.0672607421875 576.193359375 576.24188232421875 576.2149658203125 576.2149658203125 576.17584228515625 576.1484375 576.12359619140625 576.09442138671875 575.686279296875 575.5455322265625 574.52447509765625 574.3031005859375 574.77398681640625 575.8389892578125 576.36907958984375 576.576416015625 576.5849609375 576.711181640625 576.7760009765625 576.849853515625 576.9708251953125 576.9969482421875 577.1234130859375 577.17901611328125 577.354736328125 577.79254150390625 578.27337646484375 578.32843017578125 578.33453369140625 578.38018798828125 578.4071044921875 578.43505859375 578.4779052734375 578.50732421875
573.31591796875 573.4267578125 573.6046142578125 573.69140625 573.90814208984375 573.90283203125 574.0421142578125 574.172119140625 574.28338623046875 574.45245361328125 574.56109619140625 574.62921142578125 575.2574462890625 575.404296875 576.15673828125 576.20782470703125 576.2247314453125 576.23443603515625 576.22198486328125 576.17791748046875 576.02691650390625 575.8123779296875 575.5379638671875 575.3828125 574.67974853515625 574.42816162109375 574.8111572265625 575.84814453125 576.49920654296875 576.63153076171875 576.65911865234375 576.76513671875 576.87078857421875 576.99969482421875 577.1209716796875 577.19598388671875 577.21575927734375 577.318115234375 577.8004150390625 578.2689208984375 578.33685302734375 578.3685302734375 578.3763427734375 578.3914794921875 578.42401123046875 578.4560546875 578.4942626953125 578.55517578125
573.2357177734375 573.4185791015625 573.55169677734375 573.6676025390625 573.762451171875 573.7652587890625 573.96148681640625 574.1356201171875 574.26385498046875 574.42510986328125 574.53778076171875 574.58587646484375 574.6822509765625 574.7674560546875 576.0517578125 576.20721435546875 576.24005126953125 576.2578125 576.26190185546875 576.19256591796875 575.887939453125 575.461181640625 574.87939453125 574.828857421875 574.52301025390625 574.630126953125 575.13812255859375 576.10687255859375 576.49786376953125 576.6673583984375 576.7205810546875 576.8240966796875 576.95654296875 577.050537109375 577.22406005859375 577.3758544921875 577.35443115234375 577.391845703125 578.08514404296875 578.3076171875 578.34478759765625 578.38372802734375 578.39166259765625 578.40057373046875 578.42999267578125 578.46527099609375 578.5413818359375 578.635498046875
573.162841796875 573.3660888671875 573.53607177734375 573.63232421875 573.72357177734375 573.734130859375 573.83135986328125 574.13482666015625 574.2601318359375 574.4119873046875 574.53033447265625 574.5679931640625 574.65545654296875 574.74462890625 575.38189697265625 576.2186279296875 576.25958251953125 576.27734375 576.2869873046875 576.207275390625 575.8656005859375 575.34130859375 574.75250244140625 574.65216064453125 574.53704833984375 574.680908203125 575.35009765625 576.27508544921875 576.56500244140625 576.70965576171875 576.76983642578125 576.87921142578125 577.006103515625 577.10760498046875 577.02105712890625 576.34527587890625 576.75982666015625 577.3551025390625 578.22113037109375 578.322998046875 578.35931396484375 578.38726806640625 578.38763427734375 578.38726806640625 578.42633056640625 578.48760986328125 578.58428955078125 578.699951171875
573.158203125 573.2633056640625 573.50482177734375 573.60894775390625 573.68267822265625 573.69549560546875 573.775390625 574.0074462890625 574.256591796875 574.4052734375 574.515380859375 574.55596923828125 574.63592529296875 574.7259521484375 574.93353271484375 575.6356201171875 576.28082275390625 576.30108642578125 576.31939697265625 576.228759765625 575.83203125 575.2701416015625 574.6488037109375 574.55126953125 574.5323486328125 574.75390625 575.45166015625 576.3355712890625 576.0394287109375 575.96453857421875 575.75445556640625 576.1317138671875 575.981201171875 576.3685302734375 576.261962890625 576.37554931640625 576.42547607421875 576.48590087890625 578.05010986328125 578.32275390625 578.3509521484375 578.36456298828125 578.3560791015625 578.36322021484375 578.434814453125 578.5167236328125 578.633544921875 578.752685546875
573.14605712890625 573.22467041015625 573.38916015625 573.5936279296875 573.67120361328125 573.69207763671875 573.75958251953125 573.9215087890625 574.147705078125 574.3968505859375 574.5123291015625 574.55169677734375 574.6439208984375 574.7349853515625 574.89044189453125 575.023193359375 576.03582763671875 576.2777099609375 576.33233642578125 576.21490478515625 575.7064208984375 574.95849609375 573.4046630859375 573.511474609375 573.59552001953125 573.68658447265625 574.46636962890625 575.09759521484375 575.6495361328125 575.77056884765625 575.824462890625 575.9110107421875 576.0240478515625 576.14404296875 576.2933349609375 576.37646484375 576.41357421875 576.4539794921875 578.01837158203125 578.302978515625 578.310791015625 578.31170654296875 578.304931640625 578.360595703125 578.475341796875 578.56353759765625 578.6820068359375 578.797607421875
573.114990234375 573.18988037109375 573.320068359375 573.5245361328125 573.69390869140625 573.7197265625 573.7855224609375 573.9146728515625 574.0469970703125 574.17633056640625 574.497802734375 574.50091552734375 574.60467529296875 574.72857666015625 574.848876953125 574.44036865234375 574.0496826171875 574.5625 575.30169677734375 575.07171630859375 574.32391357421875 573.7156982421875 573.21142578125 573.1719970703125 573.3818359375 573.716552734375 574.2401123046875 574.98907470703125 575.60546875 575.84619140625 575.8828125 575.96319580078125 576.078857421875 576.19549560546875 576.3050537109375 576.35711669921875 576.38165283203125 576.42242431640625 578.01934814453125 578.39453125 578.2965087890625 578.24591064453125 578.2620849609375 578.39306640625 578.5159912109375 578.6265869140625 578.74322509765625 578.8387451171875
573.0765380859375 573.02081298828125 573.1612548828125 573.4434814453125 573.51263427734375 573.72821044921875 573.6583251953125 573.525634765625 572.94610595703125 573.06158447265625 573.13568115234375 573.19183349609375 573.4906005859375 573.59039306640625 573.70562744140625 573.8375244140625 573.93841552734375 574.00677490234375 573.95489501953125 574.35650634765625 573.8367919921875 573.27227783203125 572.9371337890625 572.94000244140625 573.35223388671875 573.86572265625 574.493896484375 575.2667236328125 575.7159423828125 575.89239501953125 575.92913818359375 576.02239990234375 576.11810302734375 576.19879150390625 576.25390625 576.27264404296875 576.3123779296875 576.3443603515625 576.63726806640625 578.29254150390625 578.29931640625 578.34906005859375 578.34521484375 578.45611572265625 578.58599853515625 578.6978759765625 578.81231689453125 578.89788818359375
571.9483642578125 572.06781005859375 572.2298583984375 572.3251953125 572.39031982421875 572.4283447265625 572.61395263671875 572.83013916015625 572.9327392578125 573.034912109375 573.11090087890625 573.152099609375 573.32257080078125 573.55401611328125 573.66583251953125 573.79736328125 573.92755126953125 573.9510498046875 573.677734375 573.13739013671875 573.58917236328125 573.18157958984375 572.94659423828125 572.94378662109375 573.2783203125 573.90850830078125 574.8067626953125 575.47613525390625 575.81915283203125 575.92669677734375 575.95654296875 576.06146240234375 576.1419677734375 576.20135498046875 576.234619140625 576.2408447265625 576.276611328125 576.3018798828125 576.4879150390625 578.18701171875 578.2586669921875 578.35687255859375 578.41937255859375 578.529052734375 578.6153564453125 578.70684814453125 578.82269287109375 578.911865234375
571.95330810546875 572.0831298828125 572.25396728515625 572.34588623046875 572.390380859375 572.4185791015625 572.50897216796875 572.76824951171875 572.91192626953125 573.003662109375 573.07861328125 573.11761474609375 573.224853515625 573.41015625 573.6075439453125 573.796630859375 573.89691162109375 573.8333740234375 573.3173828125 572.4637451171875 572.636474609375 572.9466552734375 572.93218994140625 572.9326171875 573.21826171875 573.94793701171875 575.0263671875 575.66339111328125 575.87603759765625 575.957275390625 575.98419189453125 576.08013916015625 576.16204833984375 576.19140625 576.2275390625 576.23858642578125 576.25653076171875 576.2794189453125 576.28216552734375 577.23681640625 578.262451171875 578.38140869140625 578.4326171875 578.61517333984375 578.6092529296875 578.70098876953125 578.82183837890625 578.9100341796875
571.96600341796875 572.09912109375 572.25360107421875 572.3475341796875 572.396728515625 572.431884765625 572.513427734375 572.66241455078125 572.88739013671875 572.980224609375 573.0465087890625 573.0848388671875 573.18145751953125 573.274658203125 573.4609375 573.811767578125 573.83001708984375 573.66644287109375 572.9300537109375 572.0980224609375 571.7413330078125 572.4300537109375 572.9593505859375 573.04864501953125 573.360107421875 574.0045166015625 575.02520751953125 575.72216796875 575.87677001953125 575.96978759765625 575.9962158203125 576.057861328125 576.13104248046875 576.1590576171875 576.21673583984375 576.227294921875 576.25091552734375 576.2730712890625 576.2877197265625 577.27783203125 578.31573486328125 578.4342041015625 578.4775390625 578.636474609375 578.66796875 578.71319580078125 578.8277587890625 578.9124755859375
571.99041748046875 572.1263427734375 572.236572265625 572.3262939453125 572.3846435546875 572.4263916015625 572.5068359375 572.62060546875 572.7900390625 572.95477294921875 573.014892578125 573.0592041015625 573.14447021484375 573.2509765625 573.44384765625 573.7352294921875 573.65313720703125 573.41290283203125 572.62823486328125 571.89031982421875 571.65203857421875 571.8052978515625 573.111572265625 573.29248046875 573.71435546875 574.1300048828125 574.85614013671875 575.6168212890625 575.86761474609375 575.97021484375 575.98876953125 576.03173828125 576.0845947265625 576.13104248046875 576.2061767578125 576.228759765625 576.25189208984375 576.262939453125 576.2960205078125 577.32281494140625 578.17755126953125 578.49285888671875 578.5186767578125 578.67724609375 578.7584228515625 578.8121337890625 578.86669921875 578.93499755859375
572.101318359375 572.181640625 572.1953125 572.2911376953125 572.37518310546875 572.405029296875 572.5057373046875 572.5765380859375 572.688232421875 572.86181640625 572.99102783203125 573.0384521484375 573.085693359375 573.225830078125 573.43170166015625 573.52099609375 573.2728271484375 573.0721435546875 572.31829833984375 571.8668212890625 571.652099609375 571.74462890625 572.44775390625 572.9371337890625 573.9149169921875 574.29132080078125 574.71356201171875 575.520263671875 575.87432861328125 575.97808837890625 575.9854736328125 576.0362548828125 576.0699462890625 576.13623046875 576.2115478515625 576.24090576171875 576.2562255859375 576.2530517578125 576.2984619140625 576.42230224609375 577.87762451171875 578.5538330078125 578.58380126953125 578.72308349609375 578.8240966796875 578.9515380859375 578.981689453125 578.9613037109375
572.0531005859375 572.161376953125 572.22259521484375 572.2713623046875 572.33026123046875 572.36029052734375 572.46014404296875 572.56781005859375 572.6329345703125 572.74188232421875 572.7423095703125 572.89312744140625 573.09552001953125 573.21697998046875 573.373046875 573.0023193359375 572.82720947265625 572.474365234375 572.30419921875 571.81939697265625 571.68890380859375 571.7950439453125 572.230712890625 572.440673828125 573.44281005859375 573.84619140625 574.8916015625 575.52972412109375 575.8560791015625 575.97247314453125 575.995361328125 576.06378173828125 576.1058349609375 576.1728515625 576.23291015625 576.246337890625 576.2464599609375 576.22412109375 576.28973388671875 576.45684814453125 577.55255126953125 578.569580078125 578.6119384765625 578.74267578125 578.8731689453125 579.0272216796875 579.0872802734375 579.13323974609375
571.98748779296875 572.097412109375 572.20721435546875 572.2750244140625 572.3123779296875 572.35205078125 572.448974609375 572.54473876953125 572.6021728515625 572.67242431640625 572.71185302734375 572.793701171875 573.040283203125 573.24853515625 573.24945068359375 572.8634033203125 572.51708984375 572.315185546875 572.053466796875 571.6422119140625 571.59185791015625 571.80181884765625 572.147705078125 572.383056640625 572.91448974609375 573.2325439453125 574.7825927734375 575.24285888671875 575.67108154296875 575.91156005859375 575.9461669921875 576.07537841796875 576.1180419921875 576.17071533203125 576.2138671875 576.23089599609375 576.2198486328125 576.143798828125 576.245849609375 576.4671630859375 576.5924072265625 578.56817626953125 578.6162109375 578.739501953125 578.85443115234375 578.9818115234375 579.10772705078125 579.17529296875
571.93359375 572.037841796875 572.13446044921875 572.2176513671875 572.29736328125 572.4554443359375 572.47222900390625 572.53607177734375 572.57171630859375 572.634033203125 572.6893310546875 572.7923583984375 572.9903564453125 573.189208984375 573.17156982421875 572.65869140625 572.335693359375 572.13629150390625 571.8824462890625 571.5474853515625 571.50213623046875 571.79241943359375 572.159912109375 572.3470458984375 572.8770751953125 573.1712646484375 574.0028076171875 575.05078125 575.51885986328125 575.8306884765625 575.89886474609375 576.047119140625 576.0828857421875 576.14923095703125 576.1910400390625 576.20849609375 576.1904296875 576.117919921875 576.23260498046875 576.472900390625 576.59930419921875 578.57745361328125 578.614013671875 578.73358154296875 578.8289794921875 578.948486328125 579.0859375 579.162353515625
571.8990478515625 571.97076416015625 572.05816650390625 572.183349609375 572.2822265625 572.458984375 572.54449462890625 572.5284423828125 572.5567626953125 572.61932373046875 572.682373046875 572.79437255859375 572.98223876953125 573.048828125 572.98162841796875 572.4124755859375 572.11065673828125 571.9425048828125 571.7412109375 571.50921630859375 571.489990234375 571.709716796875 572.1947021484375 572.34783935546875 572.79290771484375 573.0943603515625 573.498046875 574.386474609375 575.40606689453125 575.620361328125 575.84405517578125 576.0130615234375 576.05194091796875 576.12615966796875 576.16064453125 576.17401123046875 576.1373291015625 576.0455322265625 576.227783203125 576.4788818359375 576.60284423828125 577.18988037109375 577.677490234375 578.72412109375 578.81964111328125 578.92138671875 579.04876708984375 579.1336669921875
571.8834228515625 571.948486328125 572.0350341796875 572.171875 572.26641845703125 572.4398193359375 572.5399169921875 572.57281494140625 572.5419921875 572.61456298828125 572.6982421875 572.79302978515625 572.96038818359375 572.97332763671875 572.69207763671875 572.281982421875 571.97015380859375 571.8216552734375 571.59454345703125 571.4033203125 571.441650390625 571.69512939453125 572.1495361328125 572.37567138671875 572.71923828125 573.0216064453125 573.3978271484375 573.77398681640625 575.113525390625 575.51953125 575.77777099609375 575.96038818359375 576.01336669921875 576.08062744140625 576.1109619140625 576.1243896484375 576.0633544921875 576.02001953125 576.258056640625 576.4927978515625 576.60076904296875 576.69921875 577.6719970703125 578.71771240234375 578.8065185546875 578.90667724609375 579.0208740234375 579.101318359375
571.8756103515625 571.94500732421875 572.05499267578125 572.1905517578125 572.2734375 572.432373046875 572.52716064453125 572.585205078125 572.5660400390625 572.61041259765625 572.69659423828125 572.79815673828125 572.9610595703125 572.95147705078125 572.55548095703125 572.111083984375 571.884521484375 571.7486572265625 571.44891357421875 571.23486328125 571.3675537109375 571.6771240234375 572.03802490234375 572.17376708984375 572.648681640625 572.94580078125 573.35675048828125 573.7752685546875 574.2100830078125 574.77978515625 575.7740478515625 575.940185546875 575.96331787109375 576.01654052734375 576.0458984375 576.04986572265625 575.9542236328125 575.98333740234375 576.291015625 576.4833984375 576.5953369140625 576.69091796875 577.66278076171875 578.702880859375 578.79345703125 578.89178466796875 578.99981689453125 579.0770263671875
