INPUT/RASTER/ASCII/BIO08.asc
ncols        225
nrows        269
xllcorner    473000.000000000000
yllcorner    4429100.000000000000
cellsize     50.000000000000
NODATA_value -9999
[rows 160 to 179 of 269, columns 132 to 175 of 225]
14.406728744506835938 14.420571327209472656 14.437772750854492188 14.4440155029296875 14.447611808776855469 14.447078704833984375 14.442514419555664062 14.443666458129882812 14.445447921752929688 14.46360015869140625 14.490985870361328125 14.513912200927734375 14.53144073486328125 14.552865982055664062 14.56334686279296875 14.564586639404296875 14.560510635375976562 14.546471595764160156 14.532468795776367188 14.514794349670410156 14.483831405639648438 14.458088874816894531 14.427187919616699219 14.413584709167480469 14.409876823425292969 14.406522750854492188 14.413007736206054688 14.443170547485351562 14.471349716186523438 14.508920669555664062 14.527222633361816406 14.54306793212890625 14.563367843627929688 14.570801734924316406 14.573296546936035156 14.5709075927734375 14.567759513854980469 14.565332412719726562 14.561190605163574219 14.553801536560058594 14.546748161315917969 14.542375564575195312 14.540592193603515625 14.542908668518066406
14.414837837219238281 14.428569793701171875 14.447267532348632812 14.457586288452148438 14.46358489990234375 14.467196464538574219 14.462038040161132812 14.46569061279296875 14.461683273315429688 14.477999687194824219 14.502176284790039062 14.522650718688964844 14.542657852172851562 14.558846473693847656 14.564367294311523438 14.565301895141601562 14.564783096313476562 14.552278518676757812 14.53699493408203125 14.517480850219726562 14.479387283325195312 14.450366973876953125 14.423434257507324219 14.413968086242675781 14.413303375244140625 14.410670280456542969 14.420183181762695312 14.450749397277832031 14.477720260620117188 14.517229080200195312 14.531775474548339844 14.549304008483886719 14.56627655029296875 14.57462310791015625 14.575613021850585938 14.573084831237792969 14.573227882385253906 14.569727897644042969 14.568640708923339844 14.565262794494628906 14.558603286743164062 14.556684494018554688 14.552446365356445312 14.55640411376953125
14.421723365783691406 14.434015274047851562 14.452367782592773438 14.4645843505859375 14.479407310485839844 14.491438865661621094 14.47894287109375 14.498907089233398438 14.481932640075683594 14.507581710815429688 14.529601097106933594 14.539216995239257812 14.559945106506347656 14.565759658813476562 14.57373046875 14.57222747802734375 14.580214500427246094 14.568269729614257812 14.545617103576660156 14.530368804931640625 14.478605270385742188 14.451389312744140625 14.4341888427734375 14.420894622802734375 14.428118705749511719 14.421779632568359375 14.43866729736328125 14.467173576354980469 14.4903106689453125 14.536958694458007812 14.546523094177246094 14.567687034606933594 14.576315879821777344 14.587349891662597656 14.587675094604492188 14.582434654235839844 14.585428237915039062 14.579432487487792969 14.5825958251953125 14.580533027648925781 14.571588516235351562 14.574526786804199219 14.568386077880859375 14.574331283569335938
14.439344406127929688 14.438409805297851562 14.470131874084472656 14.471391677856445312 14.502720832824707031 14.520682334899902344 14.518472671508789062 14.532030105590820312 14.5337982177734375 14.540398597717285156 14.550400733947753906 14.573895454406738281 14.554430007934570312 14.571451187133789062 14.577939033508300781 14.597021102905273438 14.600275993347167969 14.59070587158203125 14.573344230651855469 14.556894302368164062 14.492168426513671875 14.479510307312011719 14.467734336853027344 14.4468994140625 14.460768699645996094 14.448240280151367188 14.460174560546875 14.489172935485839844 14.517902374267578125 14.559095382690429688 14.573682785034179688 14.589633941650390625 14.605390548706054688 14.609669685363769531 14.607087135314941406 14.598842620849609375 14.604250907897949219 14.597673416137695312 14.602826118469238281 14.60065460205078125 14.5919952392578125 14.596014022827148438 14.588775634765625 14.593787193298339844
14.468318939208984375 14.481581687927246094 14.498117446899414062 14.508441925048828125 14.518899917602539062 14.521709442138671875 14.521991729736328125 14.523233413696289062 14.523591995239257812 14.535883903503417969 14.534433364868164062 14.527311325073242188 14.527006149291992188 14.543936729431152344 14.576777458190917969 14.603115081787109375 14.606877326965332031 14.603137969970703125 14.594678878784179688 14.581805229187011719 14.555150032043457031 14.526479721069335938 14.516823768615722656 14.5057525634765625 14.501917839050292969 14.484464645385742188 14.474513053894042969 14.492020606994628906 14.53022003173828125 14.564367294311523438 14.579215049743652344 14.597982406616210938 14.615291595458984375 14.62073516845703125 14.618801116943359375 14.617132186889648438 14.614210128784179688 14.614823341369628906 14.613779067993164062 14.611531257629394531 14.609907150268554688 14.606512069702148438 14.604663848876953125 14.601232528686523438
14.489836692810058594 14.501901626586914062 14.507177352905273438 14.507137298583984375 14.509116172790527344 14.504669189453125 14.495939254760742188 14.502570152282714844 14.510473251342773438 14.525403022766113281 14.528658866882324219 14.531728744506835938 14.532961845397949219 14.5583648681640625 14.583009719848632812 14.608890533447265625 14.611962318420410156 14.610782623291015625 14.613368988037109375 14.602911949157714844 14.604788780212402344 14.575394630432128906 14.553926467895507812 14.553211212158203125 14.532607078552246094 14.527835845947265625 14.502001762390136719 14.515130996704101562 14.541008949279785156 14.573113441467285156 14.5906524658203125 14.608808517456054688 14.62091827392578125 14.621455192565917969 14.618961334228515625 14.615983009338378906 14.614149093627929688 14.613857269287109375 14.610837936401367188 14.609495162963867188 14.606717109680175781 14.603940963745117188 14.60068511962890625 14.596704483032226562
14.497441291809082031 14.500617027282714844 14.500803947448730469 14.49358367919921875 14.49228668212890625 14.486377716064453125 14.482282638549804688 14.495747566223144531 14.510043144226074219 14.526500701904296875 14.535065650939941406 14.542104721069335938 14.543324470520019531 14.563355445861816406 14.586533546447753906 14.608684539794921875 14.614671707153320312 14.618794441223144531 14.624073028564453125 14.619723320007324219 14.622530937194824219 14.606393814086914062 14.586719512939453125 14.577508926391601562 14.558089256286621094 14.547185897827148438 14.526789665222167969 14.52970123291015625 14.548028945922851562 14.578432083129882812 14.600154876708984375 14.613163948059082031 14.625461578369140625 14.623046875 14.618771553039550781 14.61663055419921875 14.614414215087890625 14.612379074096679688 14.6103668212890625 14.607720375061035156 14.605539321899414062 14.601316452026367188 14.593689918518066406 14.592891693115234375
14.4979705810546875 14.494171142578125 14.490330696105957031 14.486669540405273438 14.488264083862304688 14.48740386962890625 14.492444038391113281 14.5023193359375 14.516402244567871094 14.531544685363769531 14.544241905212402344 14.55263519287109375 14.55388641357421875 14.568173408508300781 14.587298393249511719 14.609279632568359375 14.61783599853515625 14.6272125244140625 14.632869720458984375 14.635163307189941406 14.642586708068847656 14.63177490234375 14.612674713134765625 14.596759796142578125 14.579344749450683594 14.563467025756835938 14.543675422668457031 14.540920257568359375 14.55435943603515625 14.583415985107421875 14.603947639465332031 14.616552352905273438 14.6242218017578125 14.622620582580566406 14.618910789489746094 14.61647796630859375 14.61280059814453125 14.609510421752929688 14.60678863525390625 14.605174064636230469 14.60305023193359375 14.599660873413085938 14.592413902282714844 14.589086532592773438
14.498565673828125 14.492170333862304688 14.488654136657714844 14.493228912353515625 14.501950263977050781 14.510828018188476562 14.518520355224609375 14.525333404541015625 14.534262657165527344 14.5392608642578125 14.547657966613769531 14.556222915649414062 14.562193870544433594 14.575849533081054688 14.591512680053710938 14.610132217407226562 14.620729446411132812 14.633502006530761719 14.638446807861328125 14.648392677307128906 14.659959793090820312 14.654369354248046875 14.634491920471191406 14.615397453308105469 14.5987396240234375 14.577925682067871094 14.557185173034667969 14.554098129272460938 14.565335273742675781 14.589671134948730469 14.607416152954101562 14.619699478149414062 14.627049446105957031 14.623976707458496094 14.619748115539550781 14.616374969482421875 14.611658096313476562 14.608655929565429688 14.604590415954589844 14.602442741394042969 14.600533485412597656 14.595913887023925781 14.588219642639160156 14.584791183471679688
14.506895065307617188 14.502397537231445312 14.502976417541503906 14.520104408264160156 14.533921241760253906 14.546544075012207031 14.553334236145019531 14.55988311767578125 14.563844680786132812 14.55823516845703125 14.558435440063476562 14.563371658325195312 14.567640304565429688 14.579320907592773438 14.592373847961425781 14.606477737426757812 14.6232147216796875 14.637703895568847656 14.642412185668945312 14.657935142517089844 14.6752777099609375 14.675551414489746094 14.6552276611328125 14.634974479675292969 14.619062423706054688 14.594268798828125 14.569637298583984375 14.565022468566894531 14.574148178100585938 14.596254348754882812 14.611480712890625 14.622454643249511719 14.630198478698730469 14.628213882446289062 14.624426841735839844 14.624819755554199219 14.618459701538085938 14.615995407104492188 14.607819557189941406 14.603359222412109375 14.599184036254882812 14.591747283935546875 14.583216667175292969 14.582897186279296875
14.563673973083496094 14.553949356079101562 14.5596771240234375 14.582282066345214844 14.604912757873535156 14.621903419494628906 14.624384880065917969 14.628848075866699219 14.625688552856445312 14.617249488830566406 14.605437278747558594 14.6033477783203125 14.605105400085449219 14.610609054565429688 14.610486030578613281 14.619588851928710938 14.637460708618164062 14.655405998229980469 14.661967277526855469 14.678536415100097656 14.692627906799316406 14.699059486389160156 14.687880516052246094 14.65915679931640625 14.639787673950195312 14.60614013671875 14.581516265869140625 14.577916145324707031 14.587548255920410156 14.6086578369140625 14.624286651611328125 14.633760452270507812 14.638386726379394531 14.636968612670898438 14.632985115051269531 14.6290130615234375 14.623651504516601562 14.620172500610351562 14.613265037536621094 14.608037948608398438 14.604030609130859375 14.594277381896972656 14.589019775390625 14.586328506469726562
14.61191558837890625 14.598951339721679688 14.601434707641601562 14.610281944274902344 14.628437995910644531 14.640766143798828125 14.643175125122070312 14.64878082275390625 14.646851539611816406 14.642664909362792969 14.633322715759277344 14.62627410888671875 14.628228187561035156 14.629444122314453125 14.63323974609375 14.637176513671875 14.652419090270996094 14.667797088623046875 14.673105239868164062 14.688902854919433594 14.698462486267089844 14.703176498413085938 14.692818641662597656 14.6609344482421875 14.639348030090332031 14.603956222534179688 14.583182334899902344 14.582677841186523438 14.593412399291992188 14.618425369262695312 14.633056640625 14.643313407897949219 14.645954132080078125 14.645583152770996094 14.640480995178222656 14.635377883911132812 14.63060760498046875 14.62511444091796875 14.618630409240722656 14.614040374755859375 14.609739303588867188 14.600607872009277344 14.595414161682128906 14.593863487243652344
14.639446258544921875 14.635354995727539062 14.630849838256835938 14.626542091369628906 14.633378982543945312 14.643445014953613281 14.647520065307617188 14.657194137573242188 14.658308029174804688 14.658636093139648438 14.651348114013671875 14.643873214721679688 14.646948814392089844 14.645794868469238281 14.651727676391601562 14.65341949462890625 14.664065361022949219 14.676484107971191406 14.67925262451171875 14.692798614501953125 14.699926376342773438 14.704546928405761719 14.689713478088378906 14.657758712768554688 14.635498046875 14.598608016967773438 14.57826995849609375 14.582167625427246094 14.594175338745117188 14.622064590454101562 14.636973381042480469 14.64757537841796875 14.6535797119140625 14.651669502258300781 14.645885467529296875 14.641017913818359375 14.634946823120117188 14.63039398193359375 14.625544548034667969 14.621762275695800781 14.616430282592773438 14.606656074523925781 14.602693557739257812 14.601301193237304688
14.637350082397460938 14.646558761596679688 14.644455909729003906 14.636592864990234375 14.637570381164550781 14.645101547241210938 14.648665428161621094 14.665486335754394531 14.670442581176757812 14.675034523010253906 14.670328140258789062 14.661241531372070312 14.666525840759277344 14.664298057556152344 14.671769142150878906 14.669839859008789062 14.678658485412597656 14.686914443969726562 14.687659263610839844 14.699361801147460938 14.7040252685546875 14.704586029052734375 14.686324119567871094 14.654577255249023438 14.630688667297363281 14.594058990478515625 14.573609352111816406 14.5824737548828125 14.59698486328125 14.625351905822753906 14.640088081359863281 14.649872779846191406 14.656259536743164062 14.654509544372558594 14.646805763244628906 14.640964508056640625 14.636846542358398438 14.633474349975585938 14.631184577941894531 14.626238822937011719 14.6217193603515625 14.614935874938964844 14.61055755615234375 14.609066009521484375
14.623612403869628906 14.648908615112304688 14.650285720825195312 14.647368431091308594 14.648916244506835938 14.654102325439453125 14.65457916259765625 14.677128791809082031 14.684003829956054688 14.691523551940917969 14.68248748779296875 14.687166213989257812 14.68793487548828125 14.684838294982910156 14.690403938293457031 14.684495925903320312 14.692013740539550781 14.69814300537109375 14.6967620849609375 14.70552825927734375 14.7058563232421875 14.702380180358886719 14.677503585815429688 14.646266937255859375 14.621809005737304688 14.589508056640625 14.574414253234863281 14.584842681884765625 14.600104331970214844 14.625824928283691406 14.640034675598144531 14.651287078857421875 14.66009521484375 14.656864166259765625 14.647472381591796875 14.641698837280273438 14.640015602111816406 14.635001182556152344 14.631318092346191406 14.626830101013183594 14.6243438720703125 14.620041847229003906 14.616921424865722656 14.614917755126953125
14.600882530212402344 14.634980201721191406 14.650951385498046875 14.663464546203613281 14.661896705627441406 14.670969009399414062 14.667554855346679688 14.69061279296875 14.699694633483886719 14.705376625061035156 14.69779205322265625 14.702044486999511719 14.703370094299316406 14.702358245849609375 14.70345306396484375 14.697443008422851562 14.707730293273925781 14.712510108947753906 14.705780982971191406 14.714109420776367188 14.709177970886230469 14.703278541564941406 14.671367645263671875 14.6359100341796875 14.611422538757324219 14.587831497192382812 14.574759483337402344 14.588076591491699219 14.602085113525390625 14.62528228759765625 14.639190673828125 14.653562545776367188 14.661981582641601562 14.65714263916015625 14.647982597351074219 14.642822265625 14.638936996459960938 14.633759498596191406 14.629762649536132812 14.6259307861328125 14.624685287475585938 14.620484352111816406 14.61846160888671875 14.615404129028320312
14.581625938415527344 14.614443778991699219 14.659760475158691406 14.6964874267578125 14.684180259704589844 14.688653945922851562 14.68939971923828125 14.695941925048828125 14.7061767578125 14.710290908813476562 14.710883140563964844 14.7129364013671875 14.712993621826171875 14.712804794311523438 14.711084365844726562 14.714628219604492188 14.724466323852539062 14.728620529174804688 14.727579116821289062 14.723712921142578125 14.715753555297851562 14.70249176025390625 14.680204391479492188 14.62917327880859375 14.611472129821777344 14.577399253845214844 14.5698699951171875 14.58792877197265625 14.60904693603515625 14.622536659240722656 14.6386566162109375 14.656126022338867188 14.662617683410644531 14.65667724609375 14.64827728271484375 14.639531135559082031 14.637660026550292969 14.632062911987304688 14.626282691955566406 14.622736930847167969 14.622980117797851562 14.618062973022460938 14.61754608154296875 14.612885475158691406
14.558890342712402344 14.60543060302734375 14.662811279296875 14.698725700378417969 14.704154014587402344 14.70246124267578125 14.705880165100097656 14.702677726745605469 14.70882415771484375 14.712466239929199219 14.715112686157226562 14.715728759765625 14.7149505615234375 14.713716506958007812 14.717055320739746094 14.724219322204589844 14.727879524230957031 14.733590126037597656 14.731176376342773438 14.724282264709472656 14.713436126708984375 14.700611114501953125 14.665852546691894531 14.628512382507324219 14.607309341430664062 14.582271575927734375 14.574026107788085938 14.593569755554199219 14.608622550964355469 14.628099441528320312 14.639758110046386719 14.651714324951171875 14.662531852722167969 14.660858154296875 14.648958206176757812 14.639837265014648438 14.636317253112792969 14.629199028015136719 14.622354507446289062 14.620574951171875 14.618103981018066406 14.614836692810058594 14.61185455322265625 14.609273910522460938
14.548224449157714844 14.596793174743652344 14.654207229614257812 14.690669059753417969 14.70757293701171875 14.710881233215332031 14.712970733642578125 14.712645530700683594 14.719592094421386719 14.720099449157714844 14.724313735961914062 14.720438957214355469 14.717340469360351562 14.714292526245117188 14.715298652648925781 14.720688819885253906 14.726897239685058594 14.729361534118652344 14.725615501403808594 14.7210235595703125 14.7107696533203125 14.696030616760253906 14.662308692932128906 14.627268791198730469 14.608063697814941406 14.587162017822265625 14.583057403564453125 14.604120254516601562 14.614750862121582031 14.631859779357910156 14.641279220581054688 14.650953292846679688 14.662472724914550781 14.662354469299316406 14.652559280395507812 14.641740798950195312 14.636105537414550781 14.627520561218261719 14.621798515319824219 14.617384910583496094 14.61321258544921875 14.610590934753417969 14.60774993896484375 14.606540679931640625
14.542117118835449219 14.585666656494140625 14.640891075134277344 14.682550430297851562 14.707203865051269531 14.715209007263183594 14.71778106689453125 14.723176002502441406 14.730958938598632812 14.731627464294433594 14.734869003295898438 14.7310028076171875 14.725213050842285156 14.719800949096679688 14.714877128601074219 14.714220046997070312 14.715155601501464844 14.712864875793457031 14.710984230041503906 14.713957786560058594 14.706602096557617188 14.694046974182128906 14.662304878234863281 14.633625030517578125 14.614932060241699219 14.598161697387695312 14.595974922180175781 14.615398406982421875 14.622996330261230469 14.636298179626464844 14.645161628723144531 14.652055740356445312 14.660860061645507812 14.6624908447265625 14.654043197631835938 14.642862319946289062 14.636899948120117188 14.6266632080078125 14.620574951171875 14.614800453186035156 14.610742568969726562 14.606995582580566406 14.605274200439453125 14.604966163635253906
