INPUT/RASTER/ASCII/BIO01.asc
ncols        225
nrows        269
xllcorner    473009.983799999987
yllcorner    4429051.174800000153
cellsize     50.000000000000
NODATA_value -9999
[rows 114 to 132 of 269, columns 42 to 83 of 225]
16.131467819213867188 16.13301849365234375 16.133462905883789063 16.13440704345703125 16.135517120361328125 16.12674713134765625 16.120084762573242188 16.118131637573242188 16.110334396362304688 16.104551315307617188 16.111785888671875 16.118825912475585938 16.121477127075195313 16.115480422973632813 16.1038665771484375 16.0851898193359375 16.072538375854492188 16.061420440673828125 16.049602508544921875 16.046794891357421875 16.046075820922851563 16.046499252319335938 16.053178787231445313 16.060205459594726563 16.069856643676757813 16.07506561279296875 16.088071823120117188 16.103742599487304688 16.102025985717773438 16.097074508666992188 16.092561721801757813 16.093179702758789063 16.1009521484375 16.10784149169921875 16.098642349243164063 16.080572128295898438 16.068338394165039063 16.055578231811523438 16.042730331420898438 16.027667999267578125 16.01624298095703125 16.011913299560546875
16.139329910278320313 16.140279769897460938 16.140033721923828125 16.140981674194335938 16.142488479614257813 16.1400604248046875 16.128107070922851563 16.118120193481445313 16.11089324951171875 16.11476898193359375 16.125280380249023438 16.126003265380859375 16.12442779541015625 16.118886947631835938 16.107824325561523438 16.091226577758789063 16.080068588256835938 16.069049835205078125 16.056545257568359375 16.053606033325195313 16.053157806396484375 16.053455352783203125 16.056982040405273438 16.060503005981445313 16.064371109008789063 16.068204879760742188 16.081457138061523438 16.101650238037109375 16.107717514038085938 16.104946136474609375 16.099885940551757813 16.101041793823242188 16.105772018432617188 16.1043548583984375 16.093149185180664063 16.081272125244140625 16.067682266235351563 16.058553695678710938 16.049085617065429688 16.037797927856445313 16.029268264770507813 16.025770187377929688
16.154510498046875 16.15362548828125 16.151319503784179688 16.150516510009765625 16.151134490966796875 16.150030136108398438 16.140026092529296875 16.131376266479492188 16.126817703247070313 16.129259109497070313 16.131378173828125 16.130218505859375 16.127674102783203125 16.122755050659179688 16.111963272094726563 16.093561172485351563 16.080739974975585938 16.073354721069335938 16.066802978515625 16.065134048461914063 16.0641326904296875 16.062059402465820313 16.059259414672851563 16.060161590576171875 16.062536239624023438 16.06824493408203125 16.081140518188476563 16.102344512939453125 16.114801406860351563 16.115140914916992188 16.111469268798828125 16.106142044067382813 16.105585098266601563 16.100566864013671875 16.092100143432617188 16.083326339721679688 16.07233428955078125 16.065114974975585938 16.05625152587890625 16.046461105346679688 16.043233871459960938 16.04201507568359375
16.170316696166992188 16.170347213745117188 16.165060043334960938 16.160017013549804688 16.158479690551757813 16.154260635375976563 16.148939132690429688 16.144830703735351563 16.140245437622070313 16.136966705322265625 16.13516998291015625 16.133455276489257813 16.129428863525390625 16.124052047729492188 16.1147613525390625 16.09775543212890625 16.08624267578125 16.080183029174804688 16.077848434448242188 16.0770263671875 16.07354736328125 16.067096710205078125 16.062032699584960938 16.062402725219726563 16.06595611572265625 16.073381423950195313 16.08631134033203125 16.104673385620117188 16.117540359497070313 16.1205291748046875 16.117130279541015625 16.108663558959960938 16.108095169067382813 16.106801986694335938 16.098667144775390625 16.090906143188476563 16.080659866333007813 16.07171630859375 16.062635421752929688 16.056224822998046875 16.056459426879882813 16.053976058959960938
16.180715560913085938 16.18408966064453125 16.181119918823242188 16.169477462768554688 16.162099838256835938 16.158998489379882813 16.1550750732421875 16.148344039916992188 16.141702651977539063 16.137121200561523438 16.134355545043945313 16.132101058959960938 16.127241134643554688 16.121919631958007813 16.114528656005859375 16.102222442626953125 16.094545364379882813 16.089803695678710938 16.087812423706054688 16.085844039916992188 16.07778167724609375 16.069488525390625 16.066724777221679688 16.0673980712890625 16.071498870849609375 16.079296112060546875 16.091241836547851563 16.105482101440429688 16.11551666259765625 16.11682891845703125 16.113542556762695313 16.113752365112304688 16.115041732788085938 16.11202239990234375 16.1058197021484375 16.100511550903320313 16.09081268310546875 16.079038619995117188 16.071748733520507813 16.070892333984375 16.068197250366210938 16.059429168701171875
16.187673568725585938 16.194368362426757813 16.194639205932617188 16.180898666381835938 16.172143936157226563 16.168092727661132813 16.159280776977539063 16.14879608154296875 16.1404876708984375 16.134410858154296875 16.1309356689453125 16.128082275390625 16.123378753662109375 16.119140625 16.11408233642578125 16.10582733154296875 16.100437164306640625 16.09870147705078125 16.0984344482421875 16.09224700927734375 16.079957962036132813 16.072862625122070313 16.071237564086914063 16.071680068969726563 16.07573699951171875 16.084629058837890625 16.095508575439453125 16.106197357177734375 16.10999298095703125 16.10900115966796875 16.112649917602539063 16.118238449096679688 16.11865997314453125 16.114255905151367188 16.10968780517578125 16.106292724609375 16.098264694213867188 16.086301803588867188 16.082586288452148438 16.085435867309570313 16.075841903686523438 16.062208175659179688
16.1927032470703125 16.198957443237304688 16.198690414428710938 16.190122604370117188 16.185239791870117188 16.178709030151367188 16.161863327026367188 16.146947860717773438 16.13813018798828125 16.131338119506835938 16.127687454223632813 16.123182296752929688 16.119482040405273438 16.117231369018554688 16.114767074584960938 16.111452102661132813 16.10909271240234375 16.108652114868164063 16.109277725219726563 16.09656524658203125 16.083074569702148438 16.077932357788085938 16.075290679931640625 16.074987411499023438 16.078260421752929688 16.088544845581054688 16.099279403686523438 16.10595703125 16.106393814086914063 16.109838485717773438 16.116851806640625 16.1223297119140625 16.121175765991210938 16.116029739379882813 16.111743927001953125 16.108791351318359375 16.102655410766601563 16.094867706298828125 16.094083786010742188 16.095502853393554688 16.082828521728515625 16.069643020629882813
16.196750640869140625 16.197767257690429688 16.197641372680664063 16.197673797607421875 16.196664810180664063 16.189695358276367188 16.164598464965820313 16.145183563232421875 16.136402130126953125 16.128179550170898438 16.123788833618164063 16.118707656860351563 16.117153167724609375 16.117090225219726563 16.118488311767578125 16.12068939208984375 16.120817184448242188 16.121021270751953125 16.119129180908203125 16.107416152954101563 16.095823287963867188 16.087915420532226563 16.08142852783203125 16.079381942749023438 16.08020782470703125 16.087713241577148438 16.097980499267578125 16.10182952880859375 16.111555099487304688 16.11651611328125 16.122255325317382813 16.12714385986328125 16.124172210693359375 16.117605209350585938 16.113428115844726563 16.110902786254882813 16.106889724731445313 16.103282928466796875 16.1024169921875 16.099399566650390625 16.088222503662109375 16.078760147094726563
16.195301055908203125 16.195886611938476563 16.19944000244140625 16.201770782470703125 16.202299118041992188 16.194261550903320313 16.169954299926757813 16.15016937255859375 16.13991546630859375 16.130138397216796875 16.124914169311523438 16.119276046752929688 16.118703842163085938 16.1212005615234375 16.130285263061523438 16.1374664306640625 16.137760162353515625 16.133985519409179688 16.131137847900390625 16.125885009765625 16.117008209228515625 16.105937957763671875 16.094701766967773438 16.09075164794921875 16.084280014038085938 16.079679489135742188 16.085306167602539063 16.097797393798828125 16.112146377563476563 16.117845535278320313 16.125843048095703125 16.132005691528320313 16.127748489379882813 16.120256423950195313 16.11627197265625 16.1151275634765625 16.11305999755859375 16.111066818237304688 16.108829498291015625 16.103557586669921875 16.090150833129882813 16.078828811645507813
16.188337326049804688 16.197174072265625 16.20183563232421875 16.201732635498046875 16.200986862182617188 16.191984176635742188 16.171291351318359375 16.156982421875 16.148893356323242188 16.1398468017578125 16.134082794189453125 16.127000808715820313 16.1265716552734375 16.131547927856445313 16.139524459838867188 16.1438751220703125 16.143606185913085938 16.141269683837890625 16.136905670166015625 16.131992340087890625 16.124277114868164063 16.113103866577148438 16.10381317138671875 16.095758438110351563 16.084276199340820313 16.083065032958984375 16.087932586669921875 16.0997467041015625 16.112524032592773438 16.118625640869140625 16.1286468505859375 16.13744354248046875 16.132345199584960938 16.12456512451171875 16.120904922485351563 16.119337081909179688 16.116769790649414063 16.114582061767578125 16.110866546630859375 16.103229522705078125 16.088687896728515625 16.078502655029296875
16.190340042114257813 16.194110870361328125 16.201978683471679688 16.202260971069335938 16.200155258178710938 16.190540313720703125 16.173330307006835938 16.162263870239257813 16.155748367309570313 16.148412704467773438 16.143129348754882813 16.1349945068359375 16.13311767578125 16.137384414672851563 16.142343521118164063 16.147607803344726563 16.151338577270507813 16.15001678466796875 16.143970489501953125 16.138051986694335938 16.130338668823242188 16.118801116943359375 16.104364395141601563 16.09503173828125 16.08704376220703125 16.089479446411132813 16.094274520874023438 16.103868484497070313 16.1136474609375 16.12091064453125 16.13320159912109375 16.143747329711914063 16.138437271118164063 16.13095855712890625 16.126920700073242188 16.124120712280273438 16.119787216186523438 16.115827560424804688 16.110364913940429688 16.098300933837890625 16.08453369140625 16.078619003295898438
16.193004608154296875 16.191036224365234375 16.196842193603515625 16.2008819580078125 16.198940277099609375 16.187479019165039063 16.174360275268554688 16.166982650756835938 16.162015914916992188 16.15641021728515625 16.152162551879882813 16.14469146728515625 16.140832901000976563 16.141284942626953125 16.143705368041992188 16.152910232543945313 16.160051345825195313 16.160083770751953125 16.154567718505859375 16.147907257080078125 16.138828277587890625 16.121551513671875 16.1006011962890625 16.095027923583984375 16.093158721923828125 16.0953826904296875 16.099988937377929688 16.107921600341796875 16.11685943603515625 16.124677658081054688 16.136890411376953125 16.147443771362304688 16.145030975341796875 16.138067245483398438 16.133392333984375 16.12931060791015625 16.122432708740234375 16.115709304809570313 16.106538772583007813 16.09256744384765625 16.083133697509765625 16.079336166381835938
16.192991256713867188 16.190074920654296875 16.190580368041992188 16.195018768310546875 16.195440292358398438 16.183073043823242188 16.174724578857421875 16.171215057373046875 16.16745758056640625 16.163393020629882813 16.16036224365234375 16.155025482177734375 16.149852752685546875 16.14473724365234375 16.14752197265625 16.159513473510742188 16.167682647705078125 16.168737411499023438 16.164447784423828125 16.15682220458984375 16.142965316772460938 16.118768692016601563 16.102813720703125 16.0989837646484375 16.097810745239257813 16.100982666015625 16.10633087158203125 16.115633010864257813 16.123455047607421875 16.129453659057617188 16.138439178466796875 16.14908599853515625 16.149679183959960938 16.143070220947265625 16.137422561645507813 16.1328887939453125 16.124073028564453125 16.113628387451171875 16.100042343139648438 16.089324951171875 16.082799911499023438 16.079896926879882813
16.19235992431640625 16.189680099487304688 16.187665939331054688 16.186841964721679688 16.186323165893554688 16.179342269897460938 16.17539215087890625 16.174261093139648438 16.171703338623046875 16.168331146240234375 16.166393280029296875 16.162668228149414063 16.15631866455078125 16.1504669189453125 16.153667449951171875 16.1663970947265625 16.174671173095703125 16.174724578857421875 16.168842315673828125 16.157159805297851563 16.137163162231445313 16.117946624755859375 16.106191635131835938 16.103168487548828125 16.102197647094726563 16.106660842895507813 16.1154632568359375 16.128108978271484375 16.133131027221679688 16.136714935302734375 16.143342971801757813 16.1514739990234375 16.151674270629882813 16.1446533203125 16.1379241943359375 16.133092880249023438 16.12415313720703125 16.110137939453125 16.098421096801757813 16.090242385864257813 16.084163665771484375 16.08238983154296875
16.194631576538085938 16.188600540161132813 16.184198379516601563 16.18158721923828125 16.179861068725585938 16.176204681396484375 16.176301956176757813 16.179136276245117188 16.177267074584960938 16.174894332885742188 16.172563552856445313 16.16759490966796875 16.163164138793945313 16.160272598266601563 16.16364288330078125 16.17554473876953125 16.181980133056640625 16.179849624633789063 16.164121627807617188 16.146484375 16.133554458618164063 16.124378204345703125 16.11710357666015625 16.114246368408203125 16.112531661987304688 16.115449905395507813 16.12531280517578125 16.13817596435546875 16.144412994384765625 16.14797210693359375 16.152250289916992188 16.15525054931640625 16.153491973876953125 16.146572113037109375 16.13964080810546875 16.132165908813476563 16.121673583984375 16.11069488525390625 16.102809906005859375 16.095493316650390625 16.089849472045898438 16.08818817138671875
16.200000762939453125 16.191804885864257813 16.183923721313476563 16.180400848388671875 16.179502487182617188 16.175214767456054688 16.1752166748046875 16.181758880615234375 16.18292999267578125 16.178525924682617188 16.17531585693359375 16.171955108642578125 16.17006683349609375 16.168767929077148438 16.174577713012695313 16.18599700927734375 16.189928054809570313 16.180423736572265625 16.155765533447265625 16.14214324951171875 16.1375274658203125 16.134069442749023438 16.131671905517578125 16.128477096557617188 16.124227523803710938 16.124540328979492188 16.1315765380859375 16.142421722412109375 16.149271011352539063 16.155261993408203125 16.1592864990234375 16.158403396606445313 16.15544891357421875 16.148191452026367188 16.138654708862304688 16.130084991455078125 16.120756149291992188 16.1141204833984375 16.10776519775390625 16.101152420043945313 16.09645843505859375 16.094949722290039063
16.206018447875976563 16.198184967041015625 16.189258575439453125 16.183811187744140625 16.18082427978515625 16.176540374755859375 16.17522430419921875 16.179086685180664063 16.182500839233398438 16.1790008544921875 16.177045822143554688 16.175653457641601563 16.175146102905273438 16.176321029663085938 16.184007644653320313 16.193246841430664063 16.192684173583984375 16.174573898315429688 16.153804779052734375 16.147785186767578125 16.146146774291992188 16.144014358520507813 16.14197540283203125 16.137956619262695313 16.131732940673828125 16.130891799926757813 16.137262344360351563 16.145002365112304688 16.149639129638671875 16.156047821044921875 16.162248611450195313 16.161127090454101563 16.15628814697265625 16.14665985107421875 16.136125564575195313 16.130336761474609375 16.1231689453125 16.1182403564453125 16.112764358520507813 16.106740951538085938 16.102876663208007813 16.101837158203125
16.21014404296875 16.203317642211914063 16.195470809936523438 16.190631866455078125 16.185888290405273438 16.179523468017578125 16.1768951416015625 16.175540924072265625 16.176347732543945313 16.179853439331054688 16.179967880249023438 16.178348541259765625 16.178728103637695313 16.182142257690429688 16.18994140625 16.192228317260742188 16.185903549194335938 16.173177719116210938 16.158214569091796875 16.15546417236328125 16.157135009765625 16.153705596923828125 16.149267196655273438 16.1444244384765625 16.138887405395507813 16.138919830322265625 16.145322799682617188 16.1520233154296875 16.1562347412109375 16.16123199462890625 16.164783477783203125 16.164457321166992188 16.155508041381835938 16.144300460815429688 16.1377410888671875 16.13274383544921875 16.125652313232421875 16.121021270751953125 16.116613388061523438 16.111864089965820313 16.108180999755859375 16.106542587280273438
16.212657928466796875 16.207193374633789063 16.201251983642578125 16.19742584228515625 16.193027496337890625 16.185230255126953125 16.178936004638671875 16.173929214477539063 16.171476364135742188 16.177593231201171875 16.180614471435546875 16.180738449096679688 16.180835723876953125 16.184602737426757813 16.189111709594726563 16.1878509521484375 16.18541717529296875 16.176507949829101563 16.164285659790039063 16.164913177490234375 16.166875839233398438 16.160341262817382813 16.154821395874023438 16.1485748291015625 16.146047592163085938 16.148492813110351563 16.15439605712890625 16.160711288452148438 16.164218902587890625 16.1667022705078125 16.167440414428710938 16.165739059448242188 16.154750823974609375 16.144983291625976563 16.140354156494140625 16.135343551635742188 16.127960205078125 16.123113632202148438 16.118808746337890625 16.1156158447265625 16.112335205078125 16.11005401611328125
