INPUT/RASTER/ASCII/BIO05.asc
ncols        225
nrows        269
xllcorner    473009.983799999987
yllcorner    4429051.174800000153
cellsize     50.000000000000
NODATA_value  -9999
[rows 19 to 37 of 269, columns 44 to 87 of 225]
31.287038803100585938 31.28823089599609375 31.289752960205078125 31.291578292846679688 31.291509628295898438 31.290889739990234375 31.289180755615234375 31.287567138671875 31.289173126220703125 31.290960311889648438 31.292436599731445313 31.294336318969726563 31.298213958740234375 31.2999725341796875 31.300291061401367188 31.300233840942382813 31.3011322021484375 31.300634384155273438 31.300527572631835938 31.297945022583007813 31.291830062866210938 31.281656265258789063 31.265453338623046875 31.25579833984375 31.24993133544921875 31.251070022583007813 31.256563186645507813 31.261627197265625 31.265939712524414063 31.268585205078125 31.269273757934570313 31.26966094970703125 31.272233963012695313 31.275814056396484375 31.280139923095703125 31.284845352172851563 31.290029525756835938 31.301424026489257813 31.31549072265625 31.33231353759765625 31.355255126953125 31.370235443115234375 31.359523773193359375 31.337757110595703125
31.288299560546875 31.289005279541015625 31.291452407836914063 31.293989181518554688 31.294183731079101563 31.293865203857421875 31.292236328125 31.290538787841796875 31.290849685668945313 31.291229248046875 31.292551040649414063 31.294073104858398438 31.297220230102539063 31.298971176147460938 31.299402236938476563 31.299190521240234375 31.299449920654296875 31.298971176147460938 31.298124313354492188 31.294773101806640625 31.28786468505859375 31.279018402099609375 31.266492843627929688 31.258546829223632813 31.253068923950195313 31.253826141357421875 31.258977890014648438 31.2659759521484375 31.27313995361328125 31.278247833251953125 31.280303955078125 31.281293869018554688 31.282945632934570313 31.285978317260742188 31.289134979248046875 31.291994094848632813 31.295993804931640625 31.306728363037109375 31.32001495361328125 31.336223602294921875 31.359466552734375 31.37624359130859375 31.364816665649414063 31.3401641845703125
31.292989730834960938 31.291492462158203125 31.291530609130859375 31.292612075805664063 31.292745590209960938 31.293491363525390625 31.293193817138671875 31.2916717529296875 31.291086196899414063 31.291288375854492188 31.292257308959960938 31.292966842651367188 31.295309066772460938 31.296052932739257813 31.296398162841796875 31.29616546630859375 31.295719146728515625 31.294885635375976563 31.29341888427734375 31.289659500122070313 31.282690048217773438 31.274374008178710938 31.2643280029296875 31.257617950439453125 31.253114700317382813 31.254278182983398438 31.259143829345703125 31.267316818237304688 31.278087615966796875 31.28699493408203125 31.290737152099609375 31.292903900146484375 31.293010711669921875 31.294567108154296875 31.297067642211914063 31.299978256225585938 31.304019927978515625 31.313863754272460938 31.3248291015625 31.337381362915039063 31.355859756469726563 31.372606277465820313 31.369737625122070313 31.34980010986328125
31.296756744384765625 31.294515609741210938 31.29178619384765625 31.291294097900390625 31.291385650634765625 31.29262542724609375 31.293506622314453125 31.292383193969726563 31.2912139892578125 31.29180908203125 31.291936874389648438 31.2917633056640625 31.293401718139648438 31.29288482666015625 31.291994094848632813 31.291149139404296875 31.29047393798828125 31.2888946533203125 31.287487030029296875 31.283506393432617188 31.276491165161132813 31.269495010375976563 31.26284027099609375 31.258398056030273438 31.254665374755859375 31.254199981689453125 31.257785797119140625 31.266475677490234375 31.281446456909179688 31.294345855712890625 31.299818038940429688 31.302854537963867188 31.30178070068359375 31.301626205444335938 31.303323745727539063 31.305896759033203125 31.309968948364257813 31.3181304931640625 31.327444076538085938 31.337358474731445313 31.352636337280273438 31.36991119384765625 31.377414703369140625 31.363983154296875
31.28713226318359375 31.285308837890625 31.286769866943359375 31.28729248046875 31.289531707763671875 31.291639328002929688 31.293792724609375 31.293216705322265625 31.291645050048828125 31.2912139892578125 31.290845870971679688 31.290454864501953125 31.291215896606445313 31.288934707641601563 31.28687286376953125 31.285411834716796875 31.284669876098632813 31.283624649047851563 31.281940460205078125 31.27782440185546875 31.270904541015625 31.266443252563476563 31.264120101928710938 31.262424468994140625 31.259386062622070313 31.256082534790039063 31.257490158081054688 31.267347335815429688 31.284608840942382813 31.2989349365234375 31.306287765502929688 31.31078338623046875 31.30966949462890625 31.308185577392578125 31.30870819091796875 31.310274124145507813 31.3138427734375 31.320852279663085938 31.329669952392578125 31.339727401733398438 31.356580734252929688 31.374841690063476563 31.385005950927734375 31.373416900634765625
31.27767181396484375 31.272748947143554688 31.270282745361328125 31.2718505859375 31.284336090087890625 31.289342880249023438 31.292871475219726563 31.294803619384765625 31.2925567626953125 31.289501190185546875 31.287998199462890625 31.287607192993164063 31.286710739135742188 31.283153533935546875 31.280437469482421875 31.278757095336914063 31.278402328491210938 31.278238296508789063 31.27685546875 31.273797988891601563 31.268520355224609375 31.267169952392578125 31.269664764404296875 31.2698822021484375 31.2656402587890625 31.260478973388671875 31.261297225952148438 31.271844863891601563 31.289592742919921875 31.303680419921875 31.312631607055664063 31.318172454833984375 31.3168792724609375 31.314367294311523438 31.313676834106445313 31.31426239013671875 31.31734466552734375 31.323284149169921875 31.332223892211914063 31.344572067260742188 31.36484527587890625 31.384691238403320313 31.39171600341796875 31.374786376953125
31.275434494018554688 31.267183303833007813 31.259782791137695313 31.260875701904296875 31.267543792724609375 31.272020339965820313 31.280511856079101563 31.29419708251953125 31.291561126708984375 31.283329010009765625 31.276662826538085938 31.274530410766601563 31.27257537841796875 31.269739151000976563 31.267333984375 31.266256332397460938 31.268106460571289063 31.269947052001953125 31.272373199462890625 31.274236679077148438 31.278400421142578125 31.285526275634765625 31.290578842163085938 31.289577484130859375 31.282018661499023438 31.2777099609375 31.281938552856445313 31.290714263916015625 31.30510711669921875 31.317548751831054688 31.323734283447265625 31.327632904052734375 31.326181411743164063 31.322912216186523438 31.321178436279296875 31.321455001831054688 31.323711395263671875 31.329700469970703125 31.340717315673828125 31.357725143432617188 31.379634857177734375 31.395994186401367188 31.398614883422851563 31.385700225830078125
31.274614334106445313 31.269021987915039063 31.26459503173828125 31.26474761962890625 31.265947341918945313 31.267602920532226563 31.271800994873046875 31.277019500732421875 31.27156829833984375 31.25904083251953125 31.248762130737304688 31.248296737670898438 31.256322860717773438 31.2559356689453125 31.255979537963867188 31.2564697265625 31.26172637939453125 31.265094757080078125 31.270969390869140625 31.27693939208984375 31.285814285278320313 31.296831130981445313 31.302707672119140625 31.303033828735351563 31.300230026245117188 31.30136871337890625 31.306669235229492188 31.312389373779296875 31.323930740356445313 31.332836151123046875 31.335802078247070313 31.337116241455078125 31.33380126953125 31.328828811645507813 31.325872421264648438 31.325435638427734375 31.327341079711914063 31.334133148193359375 31.34688568115234375 31.364858627319335938 31.384975433349609375 31.398824691772460938 31.402740478515625 31.399293899536132813
31.278656005859375 31.276418685913085938 31.273721694946289063 31.269800186157226563 31.268522262573242188 31.268110275268554688 31.267913818359375 31.265794754028320313 31.257364273071289063 31.246084213256835938 31.235490798950195313 31.231746673583984375 31.231479644775390625 31.23493194580078125 31.244215011596679688 31.249250411987304688 31.260105133056640625 31.265771865844726563 31.272928237915039063 31.280271530151367188 31.291063308715820313 31.302520751953125 31.309034347534179688 31.31101226806640625 31.312931060791015625 31.31911468505859375 31.325437545776367188 31.331310272216796875 31.340885162353515625 31.346757888793945313 31.347930908203125 31.346704483032226563 31.340312957763671875 31.331575393676757813 31.32711029052734375 31.326608657836914063 31.328432083129882813 31.335088729858398438 31.346790313720703125 31.362058639526367188 31.38065338134765625 31.396215438842773438 31.405536651611328125 31.410375595092773438
31.283390045166015625 31.282337188720703125 31.278886795043945313 31.27133941650390625 31.26625823974609375 31.263776779174804688 31.259347915649414063 31.252950668334960938 31.244136810302734375 31.23517608642578125 31.225336074829101563 31.221103668212890625 31.221059799194335938 31.225139617919921875 31.231504440307617188 31.2378997802734375 31.256008148193359375 31.263141632080078125 31.271932601928710938 31.283685684204101563 31.296976089477539063 31.309680938720703125 31.316965103149414063 31.319293975830078125 31.322244644165039063 31.328769683837890625 31.33647918701171875 31.3446197509765625 31.353586196899414063 31.357824325561523438 31.35813140869140625 31.3558197021484375 31.346143722534179688 31.333135604858398438 31.326404571533203125 31.325361251831054688 31.3272705078125 31.334527969360351563 31.345767974853515625 31.359344482421875 31.377391815185546875 31.394731521606445313 31.409269332885742188 31.420190811157226563
31.287319183349609375 31.285938262939453125 31.280405044555664063 31.26993560791015625 31.261411666870117188 31.2561798095703125 31.247295379638671875 31.237974166870117188 31.229389190673828125 31.221841812133789063 31.213146209716796875 31.210363388061523438 31.214902877807617188 31.221826553344726563 31.228679656982421875 31.236949920654296875 31.248521804809570313 31.253767013549804688 31.2647857666015625 31.282403945922851563 31.3023681640625 31.319177627563476563 31.326831817626953125 31.328676223754882813 31.330366134643554688 31.334529876708984375 31.342952728271484375 31.353837966918945313 31.363679885864257813 31.36756134033203125 31.367275238037109375 31.364063262939453125 31.35102081298828125 31.334344863891601563 31.325616836547851563 31.323606491088867188 31.326253890991210938 31.334621429443359375 31.346759796142578125 31.360719680786132813 31.378765106201171875 31.396474838256835938 31.411838531494140625 31.425195693969726563
31.289134979248046875 31.284328460693359375 31.276144027709960938 31.263803482055664063 31.252687454223632813 31.245174407958984375 31.23381805419921875 31.22290802001953125 31.214223861694335938 31.2074432373046875 31.201883316040039063 31.201902389526367188 31.2108001708984375 31.22141265869140625 31.231372833251953125 31.242712020874023438 31.252969741821289063 31.258016586303710938 31.265890121459960938 31.276096343994140625 31.301446914672851563 31.324445724487304688 31.336156845092773438 31.34052276611328125 31.339067459106445313 31.339834213256835938 31.348325729370117188 31.361810684204101563 31.3724822998046875 31.376720428466796875 31.375642776489257813 31.371606826782226563 31.357891082763671875 31.340785980224609375 31.330135345458984375 31.327854156494140625 31.330339431762695313 31.339752197265625 31.353731155395507813 31.369524002075195313 31.386217117309570313 31.399049758911132813 31.412067413330078125 31.424345016479492188
31.282054901123046875 31.26800537109375 31.254119873046875 31.242414474487304688 31.233564376831054688 31.227666854858398438 31.21878814697265625 31.210577011108398438 31.203639984130859375 31.198472976684570313 31.197694778442382813 31.200504302978515625 31.211200714111328125 31.223297119140625 31.235361099243164063 31.249715805053710938 31.262071609497070313 31.268299102783203125 31.277074813842773438 31.287248611450195313 31.302286148071289063 31.320398330688476563 31.33930206298828125 31.349010467529296875 31.347278594970703125 31.3465576171875 31.353282928466796875 31.369884490966796875 31.381635665893554688 31.384012222290039063 31.383016586303710938 31.378353118896484375 31.367650985717773438 31.352535247802734375 31.341806411743164063 31.339977264404296875 31.34220123291015625 31.352260589599609375 31.367959976196289063 31.384431838989257813 31.396856307983398438 31.404825210571289063 31.414354324340820313 31.42325592041015625
31.263263702392578125 31.24050140380859375 31.22136688232421875 31.21099090576171875 31.207462310791015625 31.207521438598632813 31.206716537475585938 31.204229354858398438 31.200002670288085938 31.197267532348632813 31.20011138916015625 31.20485687255859375 31.216527938842773438 31.228353500366210938 31.240434646606445313 31.254961013793945313 31.267360687255859375 31.27494049072265625 31.287130355834960938 31.299312591552734375 31.312854766845703125 31.328824996948242188 31.34207916259765625 31.347560882568359375 31.350738525390625 31.35326385498046875 31.35749053955078125 31.3699188232421875 31.382188796997070313 31.389739990234375 31.388214111328125 31.381406784057617188 31.370172500610351563 31.357578277587890625 31.349504470825195313 31.348114013671875 31.350736618041992188 31.359699249267578125 31.37422943115234375 31.387868881225585938 31.397531509399414063 31.406576156616210938 31.415479660034179688 31.423816680908203125
31.24410247802734375 31.222652435302734375 31.20551300048828125 31.1983489990234375 31.199176788330078125 31.201904296875 31.204280853271484375 31.203840255737304688 31.203256607055664063 31.203931808471679688 31.207807540893554688 31.212253570556640625 31.223291397094726563 31.23404693603515625 31.244184494018554688 31.255594253540039063 31.26804351806640625 31.275709152221679688 31.287900924682617188 31.300262451171875 31.31597900390625 31.332439422607421875 31.34398651123046875 31.349363327026367188 31.354196548461914063 31.358675003051757813 31.3625946044921875 31.367139816284179688 31.372995376586914063 31.380907058715820313 31.378570556640625 31.375833511352539063 31.370487213134765625 31.360828399658203125 31.355768203735351563 31.355989456176757813 31.359724044799804688 31.368780136108398438 31.378587722778320313 31.388929367065429688 31.39435577392578125 -9999 -9999 -9999
31.227573394775390625 31.212259292602539063 31.200778961181640625 31.199634552001953125 31.20404815673828125 31.20581817626953125 31.206623077392578125 31.20721435546875 31.210275650024414063 31.21277618408203125 31.2143707275390625 31.219736099243164063 31.230199813842773438 31.239000320434570313 31.246633529663085938 31.25598907470703125 31.26862335205078125 31.27606201171875 31.28754425048828125 31.300060272216796875 31.319019317626953125 31.335531234741210938 31.34525299072265625 31.350452423095703125 31.3558502197265625 31.361101150512695313 31.366361618041992188 31.370790481567382813 31.373584747314453125 31.373569488525390625 31.367536544799804688 31.36225128173828125 31.35723876953125 31.353343963623046875 31.3594512939453125 31.361843109130859375 31.368112564086914063 31.376749038696289063 31.37990570068359375 -9999 -9999 -9999 -9999 -9999
31.217376708984375 31.209455490112304688 31.205366134643554688 31.208456039428710938 31.21343994140625 31.214326858520507813 31.21433258056640625 31.216510772705078125 31.221048355102539063 31.22399139404296875 31.225214004516601563 31.2296295166015625 31.237184524536132813 31.2430877685546875 31.246908187866210938 31.254415512084960938 31.268079757690429688 31.27681732177734375 31.289646148681640625 31.302900314331054688 31.32210540771484375 31.33740997314453125 31.345689773559570313 31.350366592407226563 31.3553924560546875 31.36142730712890625 31.367496490478515625 31.3734130859375 31.377227783203125 31.375463485717773438 31.365510940551757813 31.353948593139648438 31.344440460205078125 31.342206954956054688 31.350461959838867188 31.356739044189453125 31.369722366333007813 31.37969207763671875 31.381404876708984375 -9999 -9999 -9999 -9999 -9999
31.212129592895507813 31.211526870727539063 31.213809967041015625 31.219207763671875 31.223409652709960938 31.224542617797851563 31.225728988647460938 31.230100631713867188 31.234151840209960938 31.23682403564453125 31.239177703857421875 31.241868972778320313 31.245513916015625 31.249685287475585938 31.249681472778320313 31.254362106323242188 31.269683837890625 31.280595779418945313 31.294988632202148438 31.307224273681640625 31.324003219604492188 31.337970733642578125 31.346189498901367188 31.350496292114257813 31.355133056640625 31.362047195434570313 31.366558074951171875 -9999 -9999 -9999 31.357194900512695313 31.352312088012695313 31.343395233154296875 31.338945388793945313 31.3348846435546875 31.333484649658203125 31.344865798950195313 31.367321014404296875 31.377431869506835938 -9999 -9999 -9999 -9999 -9999
31.21137237548828125 31.215353012084960938 31.221540451049804688 31.228456497192382813 31.233385086059570313 31.236446380615234375 31.240465164184570313 31.244596481323242188 31.246839523315429688 31.250093460083007813 31.253185272216796875 31.254749298095703125 31.256359100341796875 31.259733200073242188 31.261077880859375 31.265600204467773438 31.279626846313476563 31.288585662841796875 31.30019378662109375 31.310285568237304688 31.323541641235351563 31.336910247802734375 31.3464202880859375 31.351251602172851563 31.350530624389648438 31.350971221923828125 31.3668060302734375 -9999 -9999 -9999 -9999 -9999 -9999 31.338453292846679688 31.3249969482421875 31.311565399169921875 31.3177032470703125 31.320482254028320313 -9999 -9999 -9999 -9999 -9999 -9999
