INPUT/RASTER/ASCII/BIO09.asc
ncols        225
nrows        269
xllcorner    473000.000000000000
yllcorner    4429100.000000000000
cellsize     50.000000000000
NODATA_value -9999
[rows 200 to 219 of 269, columns 88 to 131 of 225]
25.090625762939453125 25.092113494873046875 25.09603118896484375 25.11053466796875 25.119235992431640625 25.11951446533203125 25.1275177001953125 25.134126663208007812 25.154840469360351562 25.172910690307617188 25.191007614135742188 25.204730987548828125 25.21570587158203125 25.233486175537109375 25.244947433471679688 25.240427017211914062 25.235469818115234375 25.237743377685546875 25.242298126220703125 25.242338180541992188 25.2427978515625 25.23940277099609375 25.241724014282226562 25.247379302978515625 25.249011993408203125 25.246320724487304688 25.239416122436523438 25.23233795166015625 25.22304534912109375 25.232591629028320312 25.231306076049804688 25.259550094604492188 25.291790008544921875 25.29901885986328125 25.295690536499023438 25.29815673828125 25.292112350463867188 25.300106048583984375 25.301446914672851562 25.30522918701171875 25.299566268920898438 25.288442611694335938 25.278478622436523438 25.268957138061523438
25.106365203857421875 25.1088104248046875 25.101837158203125 25.108888626098632812 25.12731170654296875 25.14919281005859375 25.1663818359375 25.173883438110351562 25.191350936889648438 25.19487762451171875 25.206678390502929688 25.218540191650390625 25.221902847290039062 25.23583984375 25.248348236083984375 25.253871917724609375 25.248363494873046875 25.25005340576171875 25.254461288452148438 25.251832962036132812 25.24720001220703125 25.242727279663085938 25.246044158935546875 25.253498077392578125 25.253007888793945312 25.246271133422851562 25.2371978759765625 25.227186203002929688 25.219846725463867188 25.221879959106445312 25.228040695190429688 25.240060806274414062 25.274019241333007812 25.301456451416015625 25.306003570556640625 25.307294845581054688 25.3011627197265625 25.30193328857421875 25.303844451904296875 25.301618576049804688 25.295391082763671875 25.286830902099609375 25.2778472900390625 25.26723480224609375
25.1228179931640625 25.124721527099609375 25.117151260375976562 25.1153411865234375 25.128810882568359375 25.157405853271484375 25.16974639892578125 25.193004608154296875 25.204370498657226562 25.21115875244140625 25.222911834716796875 25.2273101806640625 25.23047637939453125 25.239652633666992188 25.250246047973632812 25.257352828979492188 25.256540298461914062 25.257314682006835938 25.258785247802734375 25.257425308227539062 25.252666473388671875 25.248538970947265625 25.251241683959960938 25.257467269897460938 25.256923675537109375 25.248279571533203125 25.237884521484375 25.22721099853515625 25.2219085693359375 25.223783493041992188 25.23188018798828125 25.241184234619140625 25.259578704833984375 25.294885635375976562 25.3087615966796875 25.307094573974609375 25.301074981689453125 25.300018310546875 25.301168441772460938 25.298639297485351562 25.29308319091796875 25.285120010375976562 25.27831268310546875 25.268022537231445312
25.13985443115234375 25.141565322875976562 25.136014938354492188 25.1298828125 25.136888504028320312 25.157749176025390625 25.16852569580078125 25.195453643798828125 25.21192169189453125 25.222806930541992188 25.232961654663085938 25.236322402954101562 25.238405227661132812 25.243499755859375 25.250232696533203125 25.258419036865234375 25.26056671142578125 25.260976791381835938 25.26171875 25.261014938354492188 25.259111404418945312 25.25670623779296875 25.258226394653320312 25.262271881103515625 25.261241912841796875 25.25177001953125 25.241550445556640625 25.233552932739257812 25.231462478637695312 25.23357391357421875 25.240264892578125 25.246797561645507812 25.262859344482421875 25.273920059204101562 25.308691024780273438 25.307720184326171875 25.301263809204101562 25.300548553466796875 25.300487518310546875 25.298191070556640625 25.293191909790039062 25.286046981811523438 25.280946731567382812 25.271371841430664062
25.151311874389648438 25.154079437255859375 25.152200698852539062 25.145664215087890625 25.150281906127929688 25.16497039794921875 25.172239303588867188 25.197931289672851562 25.216960906982421875 25.231695175170898438 25.240375518798828125 25.243091583251953125 25.243722915649414062 25.24509429931640625 25.250574111938476562 25.259225845336914062 25.263166427612304688 25.26377105712890625 25.263919830322265625 25.263479232788085938 25.262638092041015625 25.263307571411132812 25.264867782592773438 25.2657470703125 25.264623641967773438 25.257368087768554688 25.250164031982421875 25.2453155517578125 25.24432373046875 25.246801376342773438 25.250133514404296875 25.254556655883789062 25.265895843505859375 25.272172927856445312 25.285894393920898438 25.308841705322265625 25.306980133056640625 25.30417633056640625 25.302946090698242188 25.299921035766601562 25.296169281005859375 25.290124893188476562 25.285634994506835938 25.276180267333984375
25.158298492431640625 25.163499832153320312 25.16675567626953125 25.162685394287109375 25.167589187622070312 25.175083160400390625 25.179357528686523438 25.203081130981445312 25.220674514770507812 25.235057830810546875 25.245090484619140625 25.247278213500976562 25.24810791015625 25.247814178466796875 25.25281524658203125 25.260631561279296875 25.264751434326171875 25.265697479248046875 25.265687942504882812 25.264545440673828125 25.263824462890625 25.266790390014648438 25.269994735717773438 25.2694091796875 25.267801284790039062 25.262054443359375 25.259431838989257812 25.256105422973632812 25.257276535034179688 25.258703231811523438 25.259466171264648438 25.263233184814453125 25.270359039306640625 25.273876190185546875 25.272714614868164062 25.288051605224609375 25.302219390869140625 25.3048248291015625 25.303783416748046875 25.30210113525390625 25.299053192138671875 25.29357147216796875 25.289844512939453125 25.279752731323242188
25.164110183715820312 25.171129226684570312 25.178178787231445312 25.177829742431640625 25.182226181030273438 25.186895370483398438 25.18923187255859375 25.212579727172851562 25.22537994384765625 25.23825836181640625 25.247882843017578125 25.250080108642578125 25.251829147338867188 25.252490997314453125 25.257192611694335938 25.261690139770507812 25.265583038330078125 25.267047882080078125 25.266323089599609375 25.265497207641601562 25.265222549438476562 25.268398284912109375 25.272291183471679688 25.271953582763671875 25.271444320678710938 25.268070220947265625 25.26789093017578125 25.265522003173828125 25.267667770385742188 25.268316268920898438 25.2675628662109375 25.270765304565429688 25.274265289306640625 25.272291183471679688 25.266317367553710938 25.2658843994140625 25.267103195190429688 25.301136016845703125 25.298837661743164062 25.301137924194335938 25.298841476440429688 25.290691375732421875 25.28688812255859375 25.277225494384765625
25.172443389892578125 25.176425933837890625 25.182764053344726562 25.1876678466796875 25.189754486083984375 25.194644927978515625 25.199499130249023438 25.221378326416015625 25.23557281494140625 25.240276336669921875 25.24930572509765625 25.249853134155273438 25.252613067626953125 25.25778961181640625 25.261877059936523438 25.265008926391601562 25.267910003662109375 25.26993560791015625 25.269176483154296875 25.267208099365234375 25.266567230224609375 25.269975662231445312 25.274293899536132812 25.275102615356445312 25.275424957275390625 25.2750701904296875 25.275838851928710938 25.276258468627929688 25.27616119384765625 25.275495529174804688 25.276050567626953125 25.274850845336914062 25.272382736206054688 25.261636734008789062 25.251983642578125 25.250698089599609375 25.246631622314453125 25.249660491943359375 25.273721694946289062 25.295564651489257812 25.2961273193359375 25.287019729614257812 25.280038833618164062 25.270620346069335938
25.183012008666992188 25.180873870849609375 25.180200576782226562 25.18489837646484375 25.185918807983398438 25.192813873291015625 25.200473785400390625 25.214366912841796875 25.229427337646484375 25.234121322631835938 25.24471282958984375 25.244268417358398438 25.24759674072265625 25.255603790283203125 25.26029205322265625 25.2657318115234375 25.267564773559570312 25.27010345458984375 25.270153045654296875 25.269956588745117188 25.26885986328125 25.273065567016601562 25.275669097900390625 25.275836944580078125 25.275346755981445312 25.275936126708984375 25.275247573852539062 25.276166915893554688 25.273721694946289062 25.271787643432617188 25.273515701293945312 25.26682281494140625 25.26024627685546875 25.247285842895507812 25.23847198486328125 25.2397003173828125 25.235792160034179688 25.241912841796875 25.246677398681640625 25.280477523803710938 25.294986724853515625 25.2879791259765625 25.279424667358398438 25.269063949584960938
25.1890106201171875 25.181398391723632812 25.17352294921875 25.17403411865234375 25.178049087524414062 25.185533523559570312 25.1895904541015625 25.20272064208984375 25.215211868286132812 25.225658416748046875 25.234277725219726562 25.237092971801757812 25.241544723510742188 25.25171661376953125 25.254358291625976562 25.2613677978515625 25.263437271118164062 25.268728256225585938 25.270442962646484375 25.273197174072265625 25.272916793823242188 25.275537490844726562 25.275302886962890625 25.274936676025390625 25.272317886352539062 25.273290634155273438 25.270231246948242188 25.272022247314453125 25.266925811767578125 25.262868881225585938 25.26456451416015625 25.252634048461914062 25.243833541870117188 25.230207443237304688 25.22312164306640625 25.227428436279296875 25.223089218139648438 25.233737945556640625 25.237298965454101562 25.245059967041015625 25.2905426025390625 25.287862777709960938 25.279901504516601562 25.2678375244140625
25.191341400146484375 25.18148040771484375 25.167505264282226562 25.164608001708984375 25.172300338745117188 25.1781005859375 25.176525115966796875 25.192140579223632812 25.199037551879882812 25.214639663696289062 25.222703933715820312 25.229795455932617188 25.2349700927734375 25.243316650390625 25.249332427978515625 25.252918243408203125 25.261016845703125 25.266773223876953125 25.268739700317382812 25.274242401123046875 25.276134490966796875 25.276386260986328125 25.2739105224609375 25.268680572509765625 25.266839981079101562 25.263158798217773438 25.261922836303710938 25.260227203369140625 25.256383895874023438 25.253143310546875 25.247264862060546875 25.238864898681640625 25.224386215209960938 25.212430953979492188 25.208209991455078125 25.206951141357421875 25.208742141723632812 25.2180023193359375 25.22817230224609375 25.223865509033203125 25.2606964111328125 25.282484054565429688 25.280019760131835938 25.268848419189453125
25.197061538696289062 25.185323715209960938 25.164897918701171875 25.162662506103515625 25.16915130615234375 25.174455642700195312 25.175523757934570312 25.183855056762695312 25.191539764404296875 25.204753875732421875 25.215780258178710938 25.223402023315429688 25.232896804809570312 25.24053955078125 25.247949600219726562 25.255664825439453125 25.259862899780273438 25.2667083740234375 25.26926422119140625 25.27422332763671875 25.277912139892578125 25.277141571044921875 25.269681930541992188 25.2600250244140625 25.258195877075195312 25.248760223388671875 25.251768112182617188 25.247814178466796875 25.247690200805664062 25.241052627563476562 25.232028961181640625 25.227239608764648438 25.207622528076171875 25.20299530029296875 25.192834854125976562 25.1840057373046875 25.19499969482421875 25.19663238525390625 25.2088775634765625 25.215078353881835938 25.223724365234375 25.25550079345703125 25.277812957763671875 25.268310546875
25.20513153076171875 25.19443511962890625 25.17200469970703125 25.16838836669921875 25.170215606689453125 25.175960540771484375 25.179750442504882812 25.185552597045898438 25.193729400634765625 25.201147079467773438 25.21530914306640625 25.221345901489257812 25.233278274536132812 25.242053985595703125 25.248903274536132812 25.254575729370117188 25.25958251953125 25.26570892333984375 25.268077850341796875 25.275159835815429688 25.278676986694335938 25.277416229248046875 25.267017364501953125 25.255723953247070312 25.250629425048828125 25.238193511962890625 25.239604949951171875 25.238941192626953125 25.238473892211914062 25.230833053588867188 25.2252044677734375 25.213985443115234375 25.197826385498046875 25.19126129150390625 25.178783416748046875 25.17145538330078125 25.17659759521484375 25.162052154541015625 25.17761993408203125 25.193468093872070312 25.195730209350585938 25.219326019287109375 25.2114715576171875 25.237056732177734375
25.223920822143554688 25.220005035400390625 25.198057174682617188 25.188823699951171875 25.180276870727539062 25.18251800537109375 25.191389083862304688 25.199575424194335938 25.210474014282226562 25.2148590087890625 25.227376937866210938 25.227993011474609375 25.235723495483398438 25.239147186279296875 25.238124847412109375 25.232692718505859375 25.244039535522460938 25.258342742919921875 25.262935638427734375 25.276462554931640625 25.278827667236328125 25.276203155517578125 25.267492294311523438 25.258541107177734375 25.250867843627929688 25.23923492431640625 25.229337692260742188 25.22136688232421875 25.224821090698242188 25.22010040283203125 25.214756011962890625 25.207094192504882812 25.19751739501953125 25.187038421630859375 25.176252365112304688 25.173954010009765625 25.171426773071289062 25.15833282470703125 25.1572113037109375 25.175018310546875 25.183572769165039062 25.199609756469726562 25.200799942016601562 25.208925247192382812
25.2357177734375 25.23044586181640625 25.214130401611328125 25.199077606201171875 25.188966751098632812 25.188783645629882812 25.193975448608398438 25.204076766967773438 25.212482452392578125 25.21996307373046875 25.2280120849609375 25.230047225952148438 25.234331130981445312 25.23382568359375 25.22894287109375 25.22483062744140625 25.234674453735351562 25.253282546997070312 25.2607269287109375 25.277296066284179688 25.279537200927734375 25.276782989501953125 25.27019500732421875 25.263149261474609375 25.256353378295898438 25.246082305908203125 25.232250213623046875 25.221477508544921875 25.21747589111328125 25.214038848876953125 25.211412429809570312 25.206060409545898438 25.198087692260742188 25.189060211181640625 25.179141998291015625 25.17597198486328125 25.17411041259765625 25.163524627685546875 25.154764175415039062 25.165231704711914062 25.171875 25.187177658081054688 25.190114974975585938 25.197130203247070312
25.243358612060546875 25.237880706787109375 25.223438262939453125 25.203643798828125 25.191104888916015625 25.189731597900390625 25.192232131958007812 25.200534820556640625 25.207202911376953125 25.21454620361328125 25.223339080810546875 25.226583480834960938 25.230312347412109375 25.230007171630859375 25.22362518310546875 25.219182968139648438 25.232252120971679688 25.2517547607421875 25.2596282958984375 25.277212142944335938 25.280406951904296875 25.278841018676757812 25.273588180541992188 25.268157958984375 25.263109207153320312 25.254695892333984375 25.241601943969726562 25.227142333984375 25.21765899658203125 25.212312698364257812 25.210514068603515625 25.205463409423828125 25.198883056640625 25.190563201904296875 25.1810150146484375 25.177515029907226562 25.174274444580078125 25.1612548828125 25.157169342041015625 25.157716751098632812 25.1614532470703125 25.1748504638671875 25.177667617797851562 25.183614730834960938
25.24918365478515625 25.242767333984375 25.226894378662109375 25.204051971435546875 25.188180923461914062 25.18647003173828125 25.189601898193359375 25.195034027099609375 25.200977325439453125 25.209018707275390625 25.219980239868164062 25.224163055419921875 25.229135513305664062 25.229949951171875 25.225606918334960938 25.2234039306640625 25.234174728393554688 25.251295089721679688 25.2582244873046875 25.275842666625976562 25.2809906005859375 25.28045654296875 25.276943206787109375 25.27276611328125 25.269603729248046875 25.262126922607421875 25.251054763793945312 25.23574066162109375 25.223400115966796875 25.212554931640625 25.21022796630859375 25.20549774169921875 25.199892044067382812 25.191614151000976562 25.180871963500976562 25.177425384521484375 25.174455642700195312 25.163076400756835938 25.1597900390625 25.155508041381835938 25.1561126708984375 25.162271499633789062 25.16428375244140625 25.169757843017578125
25.25344085693359375 25.246623992919921875 25.229351043701171875 25.205881118774414062 25.191312789916992188 25.187419891357421875 25.190753936767578125 25.193450927734375 25.198047637939453125 25.20798492431640625 25.221721649169921875 25.227037429809570312 25.235120773315429688 25.234506607055664062 25.232141494750976562 25.230016708374023438 25.238529205322265625 25.253002166748046875 25.258098602294921875 25.27481842041015625 25.281280517578125 25.281627655029296875 25.27957916259765625 25.276823043823242188 25.275135040283203125 25.268671035766601562 25.259307861328125 25.243730545043945312 25.231542587280273438 25.216861724853515625 25.21303558349609375 25.205760955810546875 25.199161529541015625 25.190362930297851562 25.179445266723632812 25.176631927490234375 25.173116683959960938 25.16394805908203125 25.161760330200195312 25.156887054443359375 25.154348373413085938 25.1524810791015625 25.151418685913085938 25.152902603149414062
25.256048202514648438 25.249401092529296875 25.23603057861328125 25.216350555419921875 25.205417633056640625 25.197229385375976562 25.198141098022460938 25.194990158081054688 25.19713592529296875 25.21035003662109375 25.22574615478515625 25.232912063598632812 25.242948532104492188 25.241460800170898438 25.239847183227539062 25.23700714111328125 25.246629714965820312 25.257787704467773438 25.261198043823242188 25.275663375854492188 25.28148651123046875 25.282491683959960938 25.281055450439453125 25.279912948608398438 25.278768539428710938 25.2730255126953125 25.265481948852539062 25.2512969970703125 25.239076614379882812 25.2204132080078125 25.216197967529296875 25.2046051025390625 25.197771072387695312 25.187894821166992188 25.179155349731445312 25.17173004150390625 25.165861129760742188 25.164587020874023438 25.162389755249023438 25.157930374145507812 25.15451812744140625 25.152820587158203125 25.150119781494140625 25.152164459228515625
25.25782012939453125 25.251720428466796875 25.2474212646484375 25.231121063232421875 25.226438522338867188 25.2125091552734375 25.2135009765625 25.208513259887695312 25.200084686279296875 25.223714828491210938 25.232738494873046875 25.24431610107421875 25.253231048583984375 25.253292083740234375 25.249101638793945312 25.2487945556640625 25.257261276245117188 25.264896392822265625 25.267330169677734375 25.276294708251953125 25.281116485595703125 25.282903671264648438 25.282972335815429688 25.282239913940429688 25.281557083129882812 25.27799224853515625 25.27089691162109375 25.25815582275390625 25.242685317993164062 25.2166595458984375 25.210935592651367188 25.198186874389648438 25.190082550048828125 25.184560775756835938 25.177938461303710938 25.168638229370117188 25.167720794677734375 25.16609954833984375 25.164457321166992188 25.161540985107421875 25.159206390380859375 25.160192489624023438 25.159227371215820312 25.161165237426757812
