INPUT/RASTER/ASCII/BIO04.asc
ncols        225
nrows        269
xllcorner    473000.000000000000
yllcorner    4429100.000000000000
cellsize     50.000000000000
NODATA_value -9999
[rows 198 to 219 of 269, columns 144 to 191 of 225]
575.11883544921875 575.329833984375 575.37493896484375 575.41326904296875 575.48095703125 575.5496826171875 575.58673095703125 575.63226318359375 575.67822265625 575.67718505859375 575.6756591796875 575.66229248046875 575.62652587890625 575.55181884765625 575.48504638671875 575.44342041015625 575.447021484375 575.4613037109375 575.4610595703125 575.4759521484375 575.5009765625 575.53851318359375 575.56982421875 575.57257080078125 575.58544921875 575.599365234375 575.6302490234375 575.61456298828125 575.58935546875 575.52215576171875 575.51861572265625 575.57061767578125 575.73431396484375 575.935546875 576.020751953125 576.06207275390625 576.1015625 576.2132568359375 576.2667236328125 576.31158447265625 576.99871826171875 577.7001953125 577.81011962890625 577.93963623046875 578.20458984375 578.29815673828125 578.38006591796875 578.4521484375
575.103271484375 575.29736328125 575.42333984375 575.4410400390625 575.4627685546875 575.508544921875 575.533447265625 575.590087890625 575.6416015625 575.63726806640625 575.6514892578125 575.6444091796875 575.62371826171875 575.5721435546875 575.49896240234375 575.464111328125 575.47039794921875 575.4761962890625 575.4700927734375 575.5081787109375 575.522216796875 575.5811767578125 575.6072998046875 575.59033203125 575.642822265625 575.6409912109375 575.692626953125 575.652587890625 575.6273193359375 575.54876708984375 575.5411376953125 575.62628173828125 575.83984375 575.97900390625 576.05242919921875 576.077392578125 576.1090087890625 576.18133544921875 576.23345947265625 576.28961181640625 576.3314208984375 577.2862548828125 577.81427001953125 577.951416015625 578.1649169921875 578.26171875 578.3603515625 578.44073486328125
575.16839599609375 575.26043701171875 575.37628173828125 575.42840576171875 575.48419189453125 575.5279541015625 575.515625 575.53326416015625 575.5732421875 575.60089111328125 575.6160888671875 575.618408203125 575.614990234375 575.59552001953125 575.5399169921875 575.50933837890625 575.490478515625 575.501953125 575.51953125 575.548095703125 575.5921630859375 575.63970947265625 575.6619873046875 575.70477294921875 575.7176513671875 575.75396728515625 575.76226806640625 575.76617431640625 575.66748046875 575.5860595703125 575.5986328125 575.661865234375 575.8250732421875 575.972412109375 576.0389404296875 576.10888671875 576.128173828125 576.17767333984375 576.226806640625 576.27154541015625 576.3204345703125 576.7236328125 577.855224609375 577.9786376953125 578.1622314453125 578.24505615234375 578.3577880859375 578.44677734375
575.16412353515625 575.2276611328125 575.33233642578125 575.3919677734375 575.4788818359375 575.54730224609375 575.5626220703125 575.56292724609375 575.52978515625 575.56671142578125 575.58538818359375 575.59228515625 575.60308837890625 575.6114501953125 575.600830078125 575.57647705078125 575.52911376953125 575.53021240234375 575.5560302734375 575.57745361328125 575.625244140625 575.66448974609375 575.7213134765625 575.778076171875 575.7789306640625 575.83349609375 575.82147216796875 575.86572265625 575.7872314453125 575.65570068359375 575.65673828125 575.6708984375 575.8074951171875 575.93280029296875 576.056884765625 576.1251220703125 576.148681640625 576.2100830078125 576.23492431640625 576.27716064453125 576.33551025390625 576.44873046875 577.22869873046875 578.0150146484375 578.1739501953125 578.29669189453125 578.36895751953125 578.47900390625
575.13348388671875 575.19525146484375 575.29852294921875 575.3717041015625 575.45306396484375 575.525634765625 575.546630859375 575.60992431640625 575.585205078125 575.55572509765625 575.578369140625 575.58587646484375 575.60443115234375 575.6368408203125 575.6385498046875 575.62591552734375 575.57635498046875 575.56231689453125 575.5819091796875 575.6064453125 575.6474609375 575.69195556640625 575.76385498046875 575.816650390625 575.827392578125 575.876220703125 575.8809814453125 575.89697265625 575.8499755859375 575.738525390625 575.7274169921875 575.6895751953125 575.803955078125 575.94671630859375 576.06854248046875 576.1416015625 576.16326904296875 576.22674560546875 576.262451171875 576.323974609375 576.4063720703125 576.5186767578125 576.646240234375 577.76904296875 578.2301025390625 578.31268310546875 578.41748046875 578.519775390625
575.10382080078125 575.17095947265625 575.2757568359375 575.36767578125 575.44696044921875 575.48687744140625 575.538818359375 575.61566162109375 575.640625 575.560791015625 575.56365966796875 575.57684326171875 575.60870361328125 575.642333984375 575.66534423828125 575.671630859375 575.6236572265625 575.60052490234375 575.612060546875 575.6343994140625 575.6700439453125 575.71240234375 575.79010009765625 575.8394775390625 575.85772705078125 575.8994140625 575.91619873046875 575.92041015625 575.884765625 575.797119140625 575.76690673828125 575.69384765625 575.7928466796875 575.96905517578125 576.08660888671875 576.150390625 576.17333984375 576.223876953125 576.2818603515625 576.35699462890625 576.4512939453125 576.57666015625 576.703369140625 577.2025146484375 578.267822265625 578.3536376953125 578.45367431640625 578.53790283203125
575.0806884765625 575.162841796875 575.27197265625 575.3558349609375 575.43682861328125 575.4700927734375 575.535400390625 575.60821533203125 575.6334228515625 575.63934326171875 575.61956787109375 575.56549072265625 575.60968017578125 575.652099609375 575.68963623046875 575.7095947265625 575.6749267578125 575.64166259765625 575.6463623046875 575.65484619140625 575.6927490234375 575.73492431640625 575.80517578125 575.86273193359375 575.8828125 575.9227294921875 575.9415283203125 575.94415283203125 575.9075927734375 575.81475830078125 575.76739501953125 575.66021728515625 575.7703857421875 575.99627685546875 576.11865234375 576.163330078125 576.1834716796875 576.237060546875 576.30126953125 576.39129638671875 576.4964599609375 576.66656494140625 576.8084716796875 576.986083984375 578.31378173828125 578.39483642578125 578.482177734375 578.5643310546875
575.06622314453125 575.1510009765625 575.26348876953125 575.356201171875 575.43212890625 575.46575927734375 575.5240478515625 575.5892333984375 575.6185302734375 575.63836669921875 575.683349609375 575.69073486328125 575.621337890625 575.65008544921875 575.69915771484375 575.727783203125 575.70355224609375 575.668701171875 575.6649169921875 575.67279052734375 575.7156982421875 575.7593994140625 575.81884765625 575.87811279296875 575.90814208984375 575.93841552734375 575.96435546875 575.964111328125 575.9112548828125 575.8099365234375 575.75634765625 575.64154052734375 575.787109375 576.01861572265625 576.1290283203125 576.1685791015625 576.188232421875 576.2542724609375 576.3341064453125 576.447509765625 576.5537109375 576.75384521484375 576.8741455078125 576.96832275390625 577.77783203125 578.47515869140625 578.5537109375 578.6219482421875
575.0416259765625 575.1279296875 575.23974609375 575.3455810546875 575.43255615234375 575.46429443359375 575.5140380859375 575.57720947265625 575.6092529296875 575.65032958984375 575.69866943359375 575.7138671875 575.7615966796875 575.81048583984375 575.7490234375 575.760986328125 575.753173828125 575.718994140625 575.70281982421875 575.71246337890625 575.74627685546875 575.79193115234375 575.8563232421875 575.90570068359375 575.9393310546875 575.9862060546875 575.9991455078125 575.953369140625 575.83477783203125 575.69696044921875 575.66082763671875 575.67626953125 575.8994140625 576.07891845703125 576.15838623046875 576.1641845703125 576.1802978515625 576.28173828125 576.40582275390625 576.56866455078125 576.7125244140625 576.90106201171875 577.0062255859375 577.07183837890625 577.1875 578.14886474609375 578.599365234375 578.66107177734375
575.02593994140625 575.10479736328125 575.22479248046875 575.3345947265625 575.4232177734375 575.4725341796875 575.53692626953125 575.587158203125 575.61883544921875 575.65472412109375 575.70074462890625 575.722900390625 575.769775390625 575.81280517578125 575.869873046875 575.7957763671875 575.80328369140625 575.77459716796875 575.7576904296875 575.740234375 575.773681640625 575.818603515625 575.8726806640625 575.917724609375 575.949951171875 575.9906005859375 576.0166015625 575.962158203125 575.77764892578125 575.61627197265625 575.63116455078125 575.725830078125 575.924560546875 576.08343505859375 576.1666259765625 576.181884765625 576.19647216796875 576.29583740234375 576.44989013671875 576.63720703125 576.7864990234375 577.00506591796875 577.088623046875 577.14788818359375 577.2342529296875 578.10162353515625 578.63397216796875 578.6884765625
575.00634765625 575.08984375 575.20391845703125 575.323974609375 575.4222412109375 575.473876953125 575.5313720703125 575.59063720703125 575.632568359375 575.67059326171875 575.7227783203125 575.746826171875 575.79400634765625 575.835205078125 575.91778564453125 575.904296875 575.838623046875 575.78955078125 575.773193359375 575.7489013671875 575.7777099609375 575.8302001953125 575.895263671875 575.929443359375 575.94610595703125 575.9873046875 576.01904296875 575.97509765625 575.77947998046875 575.630859375 575.6329345703125 575.721923828125 575.864013671875 576.06591796875 576.15631103515625 576.1763916015625 576.19476318359375 576.31396484375 576.47760009765625 576.693359375 576.8447265625 577.063232421875 577.13934326171875 577.20062255859375 577.28125 577.332763671875 578.641357421875 578.7120361328125
574.9891357421875 575.0791015625 575.19097900390625 575.30938720703125 575.41070556640625 575.467529296875 575.530517578125 575.5931396484375 575.6346435546875 575.68743896484375 575.74505615234375 575.76849365234375 575.8184814453125 575.85784912109375 575.93719482421875 575.9927978515625 575.917236328125 575.80902099609375 575.757080078125 575.73956298828125 575.77001953125 575.82916259765625 575.90374755859375 575.94219970703125 575.95782470703125 575.98822021484375 576.018798828125 576.00390625 575.90411376953125 575.76531982421875 575.71661376953125 575.75201416015625 575.85443115234375 575.9986572265625 576.09893798828125 576.1318359375 576.15771484375 576.308837890625 576.4998779296875 576.7386474609375 576.895263671875 577.10406494140625 577.166259765625 577.241455078125 577.3125 577.3695068359375 578.47381591796875 578.73583984375
574.9722900390625 575.056640625 575.1761474609375 575.29119873046875 575.39630126953125 575.4573974609375 575.5208740234375 575.59185791015625 575.63690185546875 575.6923828125 575.755615234375 575.77813720703125 575.83563232421875 575.88067626953125 575.9522705078125 576.0198974609375 576.0345458984375 575.91583251953125 575.814453125 575.73895263671875 575.7823486328125 575.83880615234375 575.9005126953125 575.94793701171875 575.96527099609375 575.9932861328125 576.0164794921875 576.025146484375 575.99810791015625 575.92236328125 575.8631591796875 575.83154296875 575.82568359375 575.8992919921875 576.00555419921875 576.079833984375 576.148193359375 576.323486328125 576.51837158203125 576.7843017578125 576.97052001953125 577.15081787109375 577.20947265625 577.27484130859375 577.34796142578125 577.40289306640625 577.80615234375 578.75994873046875
574.9410400390625 575.037353515625 575.156982421875 575.27813720703125 575.403076171875 575.438720703125 575.537353515625 575.5804443359375 575.638671875 575.692626953125 575.7579345703125 575.781005859375 575.8309326171875 575.89984130859375 575.9844970703125 576.0472412109375 576.0599365234375 575.94061279296875 575.9034423828125 575.7955322265625 575.782958984375 575.8380126953125 575.9173583984375 575.92999267578125 575.951904296875 575.99072265625 576.01593017578125 576.0386962890625 576.0460205078125 576.0250244140625 575.9671630859375 575.98077392578125 575.843994140625 575.93701171875 575.92523193359375 576.0517578125 576.055908203125 576.365966796875 576.56622314453125 576.811279296875 577.02532958984375 577.19464111328125 577.23687744140625 577.3154296875 577.3756103515625 577.432373046875 577.7840576171875 578.54052734375
574.23345947265625 574.3997802734375 575.154296875 575.26806640625 575.3828125 575.4388427734375 575.51812744140625 575.5906982421875 575.64794921875 575.69769287109375 575.7760009765625 575.79681396484375 575.87109375 575.95391845703125 576.03472900390625 576.108642578125 576.0628662109375 575.9569091796875 575.92779541015625 575.88385009765625 575.849609375 575.8389892578125 575.87347412109375 575.8834228515625 575.89910888671875 575.9537353515625 576.0079345703125 576.04986572265625 576.0677490234375 576.0899658203125 576.10296630859375 576.1219482421875 576.031005859375 575.947998046875 575.875732421875 575.660400390625 575.659423828125 576.16632080078125 576.67437744140625 576.94134521484375 577.1451416015625 577.2437744140625 577.30633544921875 577.36865234375 577.42779541015625 577.4744873046875 577.99365234375 578.3382568359375
573.6827392578125 573.76361083984375 575.07904052734375 575.2706298828125 575.38861083984375 575.44964599609375 575.52166748046875 575.59149169921875 575.6392822265625 575.7049560546875 575.79150390625 575.8118896484375 575.89208984375 575.9818115234375 576.0816650390625 576.202392578125 576.1163330078125 575.98797607421875 575.9647216796875 575.90362548828125 575.9049072265625 575.89715576171875 575.9130859375 575.86822509765625 575.8939208984375 575.9432373046875 575.99969482421875 576.0556640625 576.08734130859375 576.13116455078125 576.1505126953125 576.00823974609375 575.41021728515625 575.5953369140625 575.50238037109375 575.23773193359375 575.40625 575.9849853515625 576.66094970703125 577.0526123046875 577.15753173828125 577.29058837890625 577.35662841796875 577.39111328125 577.45654296875 577.78192138671875 578.32305908203125 578.35565185546875
573.66864013671875 573.75970458984375 574.402099609375 575.2813720703125 575.3951416015625 575.4605712890625 575.53875732421875 575.60357666015625 575.65069580078125 575.70953369140625 575.79534912109375 575.82586669921875 575.91375732421875 576.00579833984375 576.1187744140625 576.2347412109375 576.14190673828125 575.9927978515625 575.957763671875 575.9010009765625 575.890625 575.9205322265625 575.9595947265625 575.939697265625 575.90771484375 575.9495849609375 576.006103515625 576.08203125 576.13470458984375 576.1512451171875 576.052001953125 575.6029052734375 575.08416748046875 575.271484375 575.354248046875 575.32196044921875 575.37884521484375 576.1212158203125 576.75677490234375 577.12451171875 577.217041015625 577.3282470703125 577.39312744140625 577.42364501953125 577.4853515625 578.0660400390625 578.34271240234375 578.3775634765625
573.64434814453125 573.7481689453125 573.9578857421875 574.65924072265625 575.40582275390625 575.4716796875 575.55126953125 575.60980224609375 575.6544189453125 575.7147216796875 575.81915283203125 575.84918212890625 575.93994140625 576.030029296875 576.138916015625 576.1876220703125 576.112548828125 575.9674072265625 575.9432373046875 575.90118408203125 575.89239501953125 575.89910888671875 575.938232421875 575.9615478515625 575.97320556640625 575.960205078125 576.01776123046875 576.12432861328125 576.14794921875 576.06884765625 575.8724365234375 575.35833740234375 575.2135009765625 575.39447021484375 575.7003173828125 575.858154296875 575.79266357421875 576.47637939453125 576.91033935546875 577.188720703125 577.2672119140625 577.360107421875 577.4058837890625 577.4434814453125 577.8905029296875 578.2498779296875 578.361328125 578.3870849609375
573.62603759765625 573.73681640625 573.90496826171875 574.039306640625 575.18084716796875 575.45526123046875 575.5364990234375 575.59771728515625 575.65032958984375 575.72662353515625 575.831298828125 575.8685302734375 575.9661865234375 576.054443359375 576.15252685546875 576.16064453125 576.07904052734375 575.968017578125 575.94476318359375 575.912109375 575.890380859375 575.87200927734375 575.88970947265625 575.912841796875 575.9927978515625 576.03875732421875 576.0498046875 576.10009765625 576.04119873046875 575.75115966796875 575.4942626953125 575.33160400390625 575.5380859375 575.80548095703125 576.2266845703125 576.48974609375 576.45037841796875 576.85491943359375 577.04852294921875 577.2371826171875 577.306396484375 577.38592529296875 577.434814453125 577.53515625 578.32037353515625 578.34912109375 578.38909912109375 578.4088134765625
573.60406494140625 573.7296142578125 573.89422607421875 574.0244140625 574.201904296875 574.8282470703125 575.47833251953125 575.5732421875 575.6385498046875 575.73577880859375 575.8515625 575.88653564453125 575.9876708984375 576.0789794921875 576.17279052734375 576.15380859375 576.08038330078125 576 575.9739990234375 575.91595458984375 575.8807373046875 575.8275146484375 575.75579833984375 575.76507568359375 575.84136962890625 575.9998779296875 576.06585693359375 575.9627685546875 575.72955322265625 575.3599853515625 575.26513671875 575.44110107421875 575.91259765625 576.207275390625 576.50665283203125 576.6676025390625 576.734375 576.96649169921875 577.134521484375 577.261962890625 577.33184814453125 577.40594482421875 577.43994140625 577.5836181640625 578.3499755859375 578.38116455078125 578.40386962890625 578.4307861328125
573.5789794921875 573.69970703125 573.85723876953125 574.0308837890625 574.174560546875 574.2088623046875 574.23626708984375 575.40203857421875 575.61572265625 575.734130859375 575.8609619140625 575.90509033203125 576.00885009765625 576.10089111328125 576.18212890625 576.180419921875 576.10882568359375 576.02166748046875 575.99761962890625 575.9403076171875 575.9013671875 575.73333740234375 575.177734375 575.01922607421875 575.02886962890625 575.32391357421875 575.681884765625 575.602294921875 575.30120849609375 575.22698974609375 575.27490234375 575.86090087890625 576.36602783203125 576.53021240234375 576.650146484375 576.77197265625 576.85845947265625 577.0318603515625 577.17388916015625 577.2921142578125 577.36517333984375 577.640380859375 578.30224609375 578.2838134765625 578.377685546875 578.41180419921875 578.45416259765625 578.4754638671875
573.55670166015625 573.6741943359375 573.83233642578125 574.0362548828125 574.177490234375 574.2105712890625 574.217529296875 574.55047607421875 575.608642578125 575.72222900390625 575.8580322265625 575.90380859375 576.0069580078125 576.0982666015625 576.19451904296875 576.19012451171875 576.10906982421875 576.0205078125 576.0037841796875 575.97003173828125 575.9197998046875 575.66558837890625 575.06396484375 574.90521240234375 574.8763427734375 575.115478515625 575.2962646484375 575.3736572265625 575.4237060546875 575.5977783203125 575.69677734375 576.18878173828125 576.4295654296875 576.58245849609375 576.69573974609375 576.80072021484375 576.89501953125 577.041015625 577.1761474609375 577.3095703125 577.38433837890625 577.727294921875 578.316162109375 578.34844970703125 578.40386962890625 578.430419921875 578.47039794921875 578.494140625
