INPUT/RASTER/ASCII/BIO07.asc
ncols        225
nrows        269
xllcorner    473000.000000000000
yllcorner    4429100.000000000000
cellsize     50.000000000000
NODATA_value -9999
[rows 180 to 199 of 269, columns 132 to 175 of 225]
26.660829544067382812 26.71219635009765625 26.78318023681640625 26.854471206665039062 26.906137466430664062 26.93598175048828125 26.946771621704101562 26.973705291748046875 26.993425369262695312 27.003782272338867188 27.015550613403320312 27.011447906494140625 27.002593994140625 26.992061614990234375 26.98134613037109375 26.97165679931640625 26.97035980224609375 26.96484375 26.960277557373046875 26.966596603393554688 26.967840194702148438 26.9602203369140625 26.924165725708007812 26.893707275390625 26.874902725219726562 26.86528778076171875 26.866975784301757812 26.890079498291015625 26.9015960693359375 26.92440032958984375 26.936527252197265625 26.946941375732421875 26.960908889770507812 26.966817855834960938 26.96042633056640625 26.95063018798828125 26.944515228271484375 26.934040069580078125 26.9277191162109375 26.92366790771484375 26.921783447265625 26.921966552734375 26.92369842529296875 26.92754364013671875
26.666765213012695312 26.710300445556640625 26.778379440307617188 26.845293045043945312 26.897327423095703125 26.938507080078125 26.95326995849609375 26.993144989013671875 27.014957427978515625 27.02812957763671875 27.038604736328125 27.037418365478515625 27.02657318115234375 27.003108978271484375 26.978588104248046875 26.95716094970703125 26.94785308837890625 26.938085556030273438 26.933380126953125 26.936801910400390625 26.942171096801757812 26.944986343383789062 26.923055648803710938 26.898052215576171875 26.883531570434570312 26.876890182495117188 26.882322311401367188 26.900106430053710938 26.912731170654296875 26.932477951049804688 26.942119598388671875 26.95068359375 26.961849212646484375 26.96413421630859375 26.960664749145507812 26.952159881591796875 26.9461822509765625 26.93442535400390625 26.92830657958984375 26.922506332397460938 26.919378280639648438 26.921243667602539062 26.926788330078125 26.929521560668945312
26.704700469970703125 26.723743438720703125 26.768951416015625 26.827831268310546875 26.890960693359375 26.950521469116210938 26.971462249755859375 27.030462265014648438 27.05434417724609375 27.063749313354492188 27.069654464721679688 27.06827545166015625 27.038396835327148438 26.995456695556640625 26.94445037841796875 26.900838851928710938 26.87526702880859375 26.85489654541015625 26.851558685302734375 26.852708816528320312 26.882558822631835938 26.895788192749023438 26.895902633666992188 26.88556671142578125 26.876241683959960938 26.87143707275390625 26.883996963500976562 26.91059112548828125 26.926609039306640625 26.94478607177734375 26.952226638793945312 26.95763397216796875 26.96201324462890625 26.962015151977539062 26.959169387817382812 26.954111099243164062 26.9500274658203125 26.941541671752929688 26.932859420776367188 26.92523193359375 26.923610687255859375 26.925495147705078125 26.928922653198242188 26.931934356689453125
26.740142822265625 26.741994857788085938 26.773595809936523438 26.824697494506835938 26.890428543090820312 26.954587936401367188 26.979412078857421875 27.044483184814453125 27.06330108642578125 27.068037033081054688 27.0645294189453125 27.056329727172851562 27.02297210693359375 26.98065185546875 26.923913955688476562 26.866424560546875 26.819004058837890625 26.78392791748046875 26.789478302001953125 26.800355911254882812 26.84619140625 26.866918563842773438 26.871339797973632812 26.8700714111328125 26.8631591796875 26.863433837890625 26.882974624633789062 26.9138641357421875 26.932649612426757812 26.950862884521484375 26.957912445068359375 26.961847305297851562 26.9647674560546875 26.963628768920898438 26.958333969116210938 26.953367233276367188 26.95159149169921875 26.9448394775390625 26.93851470947265625 26.92896270751953125 26.924633026123046875 26.927824020385742188 26.929948806762695312 26.9358367919921875
26.7835845947265625 26.769372940063476562 26.794034957885742188 26.831279754638671875 26.894445419311523438 26.962520599365234375 26.989999771118164062 27.056669235229492188 27.066907882690429688 27.061235427856445312 27.046831130981445312 27.033990859985351562 27.003671646118164062 26.967260360717773438 26.910219192504882812 26.842449188232421875 26.78000640869140625 26.73656463623046875 26.737239837646484375 26.759813308715820312 26.81291961669921875 26.837476730346679688 26.846986770629882812 26.85033416748046875 26.845609664916992188 26.85384368896484375 26.883424758911132812 26.916584014892578125 26.93556976318359375 26.9504852294921875 26.955766677856445312 26.964939117431640625 26.965772628784179688 26.964708328247070312 26.9597320556640625 26.954967498779296875 26.953042984008789062 26.947591781616210938 26.940189361572265625 26.932283401489257812 26.927923202514648438 26.929838180541992188 26.9332427978515625 26.9375152587890625
26.839605331420898438 26.815538406372070312 26.835340499877929688 26.847805023193359375 26.907041549682617188 26.966487884521484375 27.001203536987304688 27.062808990478515625 27.067163467407226562 27.045696258544921875 27.02419281005859375 27.007944107055664062 26.985774993896484375 26.95771026611328125 26.903249740600585938 26.835529327392578125 26.778757095336914062 26.739011764526367188 26.73195648193359375 26.7427978515625 26.786838531494140625 26.808950424194335938 26.821170806884765625 26.831451416015625 26.8322296142578125 26.851535797119140625 26.887575149536132812 26.919305801391601562 26.938821792602539062 26.953561782836914062 26.957363128662109375 26.966796875 26.967388153076171875 26.965974807739257812 26.96075439453125 26.956005096435546875 26.954015731811523438 26.948635101318359375 26.942340850830078125 26.936222076416015625 26.931232452392578125 26.933835983276367188 26.936557769775390625 26.93962860107421875
26.90171051025390625 26.875093460083007812 26.892238616943359375 26.881740570068359375 26.946964263916015625 26.979984283447265625 27.026187896728515625 27.06653594970703125 27.061389923095703125 27.02667999267578125 26.997524261474609375 26.974727630615234375 26.963741302490234375 26.950054168701171875 26.898197174072265625 26.8392791748046875 26.787302017211914062 26.74828338623046875 26.74077606201171875 26.741678237915039062 26.760654449462890625 26.780498504638671875 26.799938201904296875 26.81447601318359375 26.824022293090820312 26.85259246826171875 26.894174575805664062 26.922634124755859375 26.940782546997070312 26.954700469970703125 26.95839691162109375 26.96845245361328125 26.97078704833984375 26.96747589111328125 26.961084365844726562 26.956478118896484375 26.953334808349609375 26.94739532470703125 26.941768646240234375 26.93849945068359375 26.936254501342773438 26.938833236694335938 26.939893722534179688 26.943653106689453125
26.959545135498046875 26.962223052978515625 26.954095840454101562 26.96433258056640625 27.02020263671875 27.02020263671875 27.059772491455078125 27.069570541381835938 27.049182891845703125 27.003894805908203125 26.954311370849609375 26.9420013427734375 26.936473846435546875 26.935220718383789062 26.888092041015625 26.839664459228515625 26.788562774658203125 26.748342514038085938 26.74491119384765625 26.7443084716796875 26.75376129150390625 26.771921157836914062 26.79205322265625 26.80956268310546875 26.825040817260742188 26.859157562255859375 26.901285171508789062 26.92598724365234375 26.942888259887695312 26.957263946533203125 26.959445953369140625 26.970705032348632812 26.971254348754882812 26.966222763061523438 26.958902359008789062 26.955234527587890625 26.950771331787109375 26.945604324340820312 26.942640304565429688 26.9416961669921875 26.940174102783203125 26.945032119750976562 26.9432525634765625 26.9504241943359375
27.038457870483398438 27.082361221313476562 27.0386199951171875 27.075456619262695312 27.053205490112304688 27.05577850341796875 27.05045318603515625 27.059589385986328125 27.02114105224609375 26.982305526733398438 26.904567718505859375 26.906255722045898438 26.89243316650390625 26.882411956787109375 26.865459442138671875 26.82354736328125 26.77532196044921875 26.75177001953125 26.748798370361328125 26.750362396240234375 26.76213836669921875 26.7765655517578125 26.787450790405273438 26.810302734375 26.819566726684570312 26.864046096801757812 26.907146453857421875 26.929229736328125 26.9485626220703125 26.96074676513671875 26.96479034423828125 26.97338104248046875 26.97074127197265625 26.961664199829101562 26.956827163696289062 26.953075408935546875 26.9512481689453125 26.946941375732421875 26.945501327514648438 26.94586181640625 26.948656082153320312 26.9525604248046875 26.955150604248046875 26.959299087524414062
27.100214004516601562 27.118618011474609375 27.107130050659179688 27.111286163330078125 27.0836181640625 27.078777313232421875 27.0598297119140625 27.049501419067382812 27.006053924560546875 26.9557342529296875 26.877420425415039062 26.867343902587890625 26.839031219482421875 26.81939697265625 26.826816558837890625 26.7961273193359375 26.778293609619140625 26.760738372802734375 26.760631561279296875 26.758998870849609375 26.768474578857421875 26.777538299560546875 26.792104721069335938 26.807346343994140625 26.823398590087890625 26.860675811767578125 26.899824142456054688 26.923961639404296875 26.943788528442382812 26.960292816162109375 26.964984893798828125 26.97393798828125 26.973300933837890625 26.965206146240234375 26.95729827880859375 26.955636978149414062 26.953281402587890625 26.95294952392578125 26.949970245361328125 26.951229095458984375 26.955516815185546875 26.957973480224609375 26.963731765747070312 26.9668731689453125
27.136991500854492188 27.153697967529296875 27.146787643432617188 27.142303466796875 27.109502792358398438 27.09983062744140625 27.074871063232421875 27.047512054443359375 26.995616912841796875 26.934505462646484375 26.853677749633789062 26.838787078857421875 26.8057861328125 26.785839080810546875 26.794694900512695312 26.780399322509765625 26.772977828979492188 26.763568878173828125 26.764347076416015625 26.763347625732421875 26.770620346069335938 26.778699874877929688 26.792156219482421875 26.807413101196289062 26.819057464599609375 26.85457611083984375 26.894367218017578125 26.920482635498046875 26.94069671630859375 26.9574737548828125 26.962001800537109375 26.9748687744140625 26.97679901123046875 26.9700469970703125 26.962308883666992188 26.96315765380859375 26.959432601928710938 26.961019515991210938 26.95772552490234375 26.9597930908203125 26.963558197021484375 26.965595245361328125 26.975244522094726562 26.9769134521484375
27.165544509887695312 27.179212570190429688 27.177373886108398438 27.165252685546875 27.127315521240234375 27.111347198486328125 27.08359527587890625 27.046033859252929688 26.9859161376953125 26.919263839721679688 26.839954376220703125 26.819868087768554688 26.782266616821289062 26.7680206298828125 26.774442672729492188 26.771823883056640625 26.768342971801757812 26.765546798706054688 26.765972137451171875 26.7674102783203125 26.773309707641601562 26.779100418090820312 26.790607452392578125 26.803813934326171875 26.815034866333007812 26.851293563842773438 26.8915252685546875 26.917034149169921875 26.936115264892578125 26.953672409057617188 26.959049224853515625 26.974554061889648438 26.980907440185546875 26.977848052978515625 26.974454879760742188 26.975973129272460938 26.970846176147460938 26.97029876708984375 26.969282150268554688 26.974796295166015625 26.97084808349609375 26.975322723388671875 26.985683441162109375 26.989376068115234375
27.179185867309570312 27.18776702880859375 27.190969467163085938 27.168552398681640625 27.129728317260742188 27.110303878784179688 27.079549789428710938 27.034885406494140625 26.976289749145507812 26.910253524780273438 26.8382110595703125 26.814661026000976562 26.77382659912109375 26.768032073974609375 26.769626617431640625 26.771318435668945312 26.769384384155273438 26.767879486083984375 26.76866912841796875 26.770120620727539062 26.774959564208984375 26.781576156616210938 26.792806625366210938 26.805162429809570312 26.81568145751953125 26.851894378662109375 26.892786026000976562 26.917041778564453125 26.932680130004882812 26.949922561645507812 26.955539703369140625 26.970983505249023438 26.98090362548828125 26.98490142822265625 26.986051559448242188 26.989490509033203125 26.985347747802734375 26.985479354858398438 26.985095977783203125 26.991710662841796875 26.983348846435546875 26.983123779296875 26.992708206176757812 27.00131988525390625
27.173814773559570312 27.179040908813476562 27.176622390747070312 27.160757064819335938 27.124362945556640625 27.10578155517578125 27.072849273681640625 27.025876998901367188 26.97607421875 26.915239334106445312 26.8477783203125 26.8249969482421875 26.78348541259765625 26.77504730224609375 26.773077011108398438 26.77349853515625 26.772075653076171875 26.77217864990234375 26.772447586059570312 26.775186538696289062 26.779804229736328125 26.785335540771484375 26.7966156005859375 26.80123138427734375 26.821392059326171875 26.85799407958984375 26.894832611083984375 26.917064666748046875 26.929767608642578125 26.943174362182617188 26.94799041748046875 26.964185714721679688 26.978563308715820312 26.986919403076171875 26.9911651611328125 26.994237899780273438 26.994371414184570312 26.997867584228515625 26.999910354614257812 27.010591506958007812 27.00547027587890625 26.9946746826171875 27.005626678466796875 27.01395416259765625
27.135583877563476562 27.1085205078125 27.086843490600585938 27.092395782470703125 27.093837738037109375 27.089900970458984375 27.07155609130859375 27.029882431030273438 26.987623214721679688 26.935262680053710938 26.872882843017578125 26.853855133056640625 26.814971923828125 26.793003082275390625 26.783718109130859375 26.781131744384765625 26.780687332153320312 26.780439376831054688 26.780597686767578125 26.784626007080078125 26.789569854736328125 26.796596527099609375 26.806980133056640625 26.811695098876953125 26.834390640258789062 26.870326995849609375 26.90061187744140625 26.918315887451171875 26.9272918701171875 26.936933517456054688 26.939998626708984375 26.951082229614257812 26.961688995361328125 26.970651626586914062 26.979753494262695312 26.98963165283203125 26.995183944702148438 27.00270843505859375 27.007253646850585938 27.022607803344726562 27.029859542846679688 27.026895523071289062 27.027042388916015625 27.024349212646484375
27.090597152709960938 27.070692062377929688 27.049070358276367188 27.064098358154296875 27.074703216552734375 27.078678131103515625 27.064966201782226562 27.023256301879882812 26.986850738525390625 26.937326431274414062 26.875762939453125 26.856510162353515625 26.817388534545898438 26.7952423095703125 26.787904739379882812 26.784978866577148438 26.785480499267578125 26.78536224365234375 26.7855072021484375 26.7904815673828125 26.795026779174804688 26.802021026611328125 26.811397552490234375 26.817277908325195312 26.83977508544921875 26.874309539794921875 26.902393341064453125 26.918964385986328125 26.9275054931640625 26.93575286865234375 26.938930511474609375 26.94744110107421875 26.955974578857421875 26.961338043212890625 26.968461990356445312 26.979768753051757812 26.987134933471679688 26.998075485229492188 27.003879547119140625 27.020915985107421875 27.035165786743164062 27.039564132690429688 27.036670684814453125 27.034536361694335938
27.06468963623046875 27.0460205078125 27.032251358032226562 27.051746368408203125 27.052534103393554688 27.057537078857421875 27.032625198364257812 26.99706268310546875 26.97603607177734375 26.9312896728515625 26.87688446044921875 26.859380722045898438 26.820817947387695312 26.798038482666015625 26.791784286499023438 26.79045867919921875 26.790681838989257812 26.791263580322265625 26.790439605712890625 26.79567718505859375 26.800508499145507812 26.808992385864257812 26.81906890869140625 26.826976776123046875 26.846467971801757812 26.878309249877929688 26.90291595458984375 26.9179229736328125 26.926561355590820312 26.935644149780273438 26.93903350830078125 26.947422027587890625 26.954347610473632812 26.9598388671875 26.966268539428710938 26.975215911865234375 26.981573104858398438 26.99289703369140625 27.000158309936523438 27.018054962158203125 27.033191680908203125 27.043514251708984375 27.04396820068359375 27.044664382934570312
27.041772842407226562 27.030426025390625 27.0166473388671875 27.030948638916015625 27.015192031860351562 27.021083831787109375 26.986013412475585938 26.95489501953125 26.950574874877929688 26.910238265991210938 26.873394012451171875 26.857946395874023438 26.824527740478515625 26.801401138305664062 26.796094894409179688 26.794347763061523438 26.796733856201171875 26.797199249267578125 26.79593658447265625 26.802026748657226562 26.80655670166015625 26.81688690185546875 26.828952789306640625 26.837041854858398438 26.854024887084960938 26.877315521240234375 26.900577545166015625 26.9174652099609375 26.9267578125 26.934879302978515625 26.937999725341796875 26.948579788208007812 26.955045700073242188 26.960981369018554688 26.967252731323242188 26.974761962890625 26.980062484741210938 26.9895172119140625 26.997579574584960938 27.0122528076171875 27.025575637817382812 27.043422698974609375 27.047697067260742188 27.049533843994140625
27.031972885131835938 27.01836395263671875 26.992444992065429688 26.997640609741210938 26.968912124633789062 26.978702545166015625 26.93938446044921875 26.912755966186523438 26.9136810302734375 26.881223678588867188 26.86362457275390625 26.850362777709960938 26.826267242431640625 26.805873870849609375 26.803018569946289062 26.80096435546875 26.8038787841796875 26.80442047119140625 26.801998138427734375 26.810403823852539062 26.813714981079101562 26.826231002807617188 26.837808609008789062 26.845050811767578125 26.85948944091796875 26.87856292724609375 26.90097808837890625 26.9176025390625 26.928157806396484375 26.936267852783203125 26.938709259033203125 26.9501190185546875 26.956340789794921875 26.962352752685546875 26.9696502685546875 26.976654052734375 26.981668472290039062 26.987916946411132812 26.9952239990234375 27.00827789306640625 27.022340774536132812 27.044071197509765625 27.049039840698242188 27.049692153930664062
27.043666839599609375 26.9974212646484375 26.9628448486328125 26.939920425415039062 26.915584564208984375 26.909423828125 26.88808441162109375 26.876031875610351562 26.862598419189453125 26.852733612060546875 26.842723846435546875 26.838655471801757812 26.830043792724609375 26.815919876098632812 26.811248779296875 26.81204986572265625 26.812290191650390625 26.814250946044921875 26.814950942993164062 26.820316314697265625 26.822540283203125 26.835943222045898438 26.8450775146484375 26.851839065551757812 26.864288330078125 26.8798370361328125 26.903577804565429688 26.918888092041015625 26.931365966796875 26.940732955932617188 26.9417266845703125 26.952127456665039062 26.95764923095703125 26.962888717651367188 26.970966339111328125 26.9785614013671875 26.9800872802734375 26.986337661743164062 26.992948532104492188 27.007274627685546875 27.02371978759765625 27.047210693359375 27.0503997802734375 27.048418045043945312
