INPUT/RASTER/ASCII/BIO04.asc
ncols        225
nrows        269
xllcorner    473000.000000000000
yllcorner    4429100.000000000000
cellsize     50.000000000000
NODATA_value -9999
[rows 198 to 219 of 269, columns 48 to 95 of 225]
566.34625244140625 566.520751953125 566.61663818359375 566.70855712890625 566.86767578125 566.91766357421875 566.4957275390625 565.966796875 565.88433837890625 565.787109375 565.81494140625 565.8720703125 566.040771484375 566.4415283203125 566.81256103515625 567.0545654296875 567.3504638671875 567.411376953125 567.5579833984375 567.677490234375 567.80108642578125 567.9844970703125 568.17901611328125 568.48236083984375 568.7813720703125 568.91265869140625 569.06524658203125 569.079345703125 569.1507568359375 569.226318359375 569.23394775390625 568.9930419921875 569.0657958984375 569.04241943359375 569.0035400390625 569.1318359375 569.431884765625 569.820068359375 570.06298828125 570.0804443359375 570.215576171875 570.2388916015625 570.2362060546875 570.008056640625 570.0078125 570.03289794921875 570.0269775390625 569.96112060546875
566.352783203125 566.5267333984375 566.6309814453125 566.6910400390625 566.5936279296875 566.485595703125 566.0770263671875 565.702392578125 565.70013427734375 565.7109375 565.7896728515625 565.93927001953125 566.22052001953125 566.6419677734375 567.0169677734375 567.1588134765625 567.35052490234375 567.4385986328125 567.6329345703125 567.9139404296875 568.0615234375 568.34222412109375 568.4920654296875 568.70611572265625 568.9287109375 569.0137939453125 569.09112548828125 569.11181640625 569.18048095703125 569.20123291015625 569.05621337890625 568.73876953125 568.7572021484375 568.79534912109375 568.859130859375 569.0511474609375 569.4158935546875 569.842041015625 570.05096435546875 570.092041015625 570.17938232421875 570.21124267578125 570.1051025390625 569.94549560546875 570.00201416015625 570.09906005859375 570.1075439453125 569.87750244140625
566.37518310546875 566.51385498046875 566.5914306640625 566.55853271484375 566.2357177734375 566.06707763671875 565.7750244140625 565.6156005859375 565.62933349609375 565.74127197265625 565.8717041015625 566.12042236328125 566.513427734375 566.94964599609375 567.29974365234375 567.37567138671875 567.58172607421875 567.67572021484375 567.9234619140625 568.22735595703125 568.37542724609375 568.562255859375 568.7103271484375 568.8663330078125 568.99798583984375 569.05609130859375 569.10137939453125 569.11981201171875 569.18212890625 569.12506103515625 568.8427734375 568.4637451171875 568.47119140625 568.5535888671875 568.7620849609375 569.0682373046875 569.5257568359375 569.86676025390625 570.0311279296875 570.0621337890625 570.099609375 570.0323486328125 570.06329345703125 569.92669677734375 569.8599853515625 569.9287109375 569.83709716796875 569.78778076171875
566.3824462890625 566.32196044921875 566.22381591796875 566.142822265625 565.87213134765625 565.772216796875 565.64434814453125 565.61962890625 565.642578125 565.85089111328125 566.0830078125 566.48028564453125 566.91265869140625 567.35345458984375 567.60076904296875 567.66009521484375 567.88848876953125 568.04693603515625 568.2821044921875 568.478759765625 568.58233642578125 568.6854248046875 568.8023681640625 568.94891357421875 569.0460205078125 569.06732177734375 569.0631103515625 569.0638427734375 568.99578857421875 568.7508544921875 568.44000244140625 568.08880615234375 568.25531005859375 568.47314453125 568.90234375 569.37939453125 569.853515625 569.92938232421875 569.78564453125 569.7630615234375 569.78460693359375 569.8040771484375 569.9940185546875 569.980224609375 569.919189453125 569.69775390625 569.51055908203125 569.3973388671875
565.25390625 565.2191162109375 565.20172119140625 565.2264404296875 565.36004638671875 565.48455810546875 565.612060546875 565.715087890625 565.84161376953125 566.2838134765625 566.78350830078125 567.34295654296875 567.5704345703125 567.802734375 567.9293212890625 568.01055908203125 568.239013671875 568.37493896484375 568.5263671875 568.63134765625 568.71875 568.7847900390625 568.86956787109375 568.97528076171875 569.060302734375 569.08209228515625 569.0343017578125 569.0029296875 568.83245849609375 568.563720703125 568.17376708984375 568.00177001953125 568.21478271484375 568.4578857421875 568.914306640625 569.49053955078125 569.8814697265625 569.88519287109375 569.55682373046875 569.5269775390625 569.522705078125 569.7105712890625 570.01910400390625 570.17730712890625 570.02587890625 569.64642333984375 569.46612548828125 569.14862060546875
564.7056884765625 564.80145263671875 564.88232421875 565.02313232421875 565.2960205078125 565.51068115234375 565.77789306640625 565.9464111328125 566.17724609375 566.66033935546875 567.223876953125 567.52471923828125 567.649658203125 567.87451171875 567.98095703125 568.078369140625 568.2901611328125 568.40191650390625 568.48944091796875 568.590576171875 568.68548583984375 568.76324462890625 568.84527587890625 568.97210693359375 569.0748291015625 569.0943603515625 568.989990234375 568.93133544921875 568.70855712890625 568.39361572265625 567.909912109375 567.80303955078125 568.1287841796875 568.4085693359375 568.86981201171875 569.4273681640625 569.7352294921875 569.85107421875 569.6636962890625 569.586669921875 569.532470703125 569.5950927734375 569.7744140625 569.96240234375 569.92388916015625 569.6561279296875 569.5020751953125 569.119140625
564.52191162109375 564.689208984375 564.76434326171875 565.00823974609375 565.3326416015625 565.67413330078125 566.1126708984375 566.344970703125 566.61712646484375 566.96923828125 567.282958984375 567.3858642578125 567.551513671875 567.83551025390625 567.9814453125 568.07989501953125 568.2720947265625 568.316162109375 568.37164306640625 568.4744873046875 568.51055908203125 568.60772705078125 568.69464111328125 568.91204833984375 569.069580078125 569.077880859375 568.92242431640625 568.81451416015625 568.5701904296875 568.2171630859375 567.65997314453125 567.53643798828125 568.02301025390625 568.329345703125 569.03533935546875 569.58343505859375 569.75689697265625 569.67767333984375 569.5352783203125 569.46246337890625 569.37506103515625 569.4022216796875 569.5260009765625 569.72186279296875 569.72247314453125 569.55084228515625 569.4537353515625 569.09002685546875
564.5877685546875 564.80242919921875 564.87652587890625 565.16015625 565.5030517578125 565.97442626953125 566.4886474609375 566.719970703125 566.9610595703125 567.1890869140625 567.22772216796875 567.1756591796875 567.33154296875 567.6737060546875 567.90484619140625 567.95843505859375 568.1529541015625 568.1036376953125 568.11761474609375 568.241455078125 568.2523193359375 568.3748779296875 568.46051025390625 568.77783203125 568.99334716796875 568.93829345703125 568.7728271484375 568.62982177734375 568.3662109375 568.007568359375 567.6116943359375 567.746826171875 568.192626953125 568.55950927734375 569.0521240234375 569.330322265625 569.50115966796875 569.509521484375 569.4658203125 569.4130859375 569.27301025390625 569.25701904296875 569.2958984375 569.45269775390625 569.447509765625 569.392333984375 569.3447265625 569.0093994140625
564.73565673828125 564.975341796875 565.0748291015625 565.397705078125 565.73779296875 566.25421142578125 566.7501220703125 566.969482421875 567.13568115234375 567.2210693359375 567.10089111328125 567.0010986328125 567.11859130859375 567.38165283203125 567.68853759765625 567.67864990234375 567.89385986328125 567.783935546875 567.7845458984375 567.9638671875 567.95550537109375 568.108154296875 568.191650390625 568.5037841796875 568.74029541015625 568.7552490234375 568.62493896484375 568.481689453125 568.2916259765625 568.0673828125 567.69287109375 567.7032470703125 568.0906982421875 568.4688720703125 568.748291015625 569.0736083984375 569.283447265625 569.2999267578125 569.37744140625 569.32501220703125 569.189453125 569.1396484375 569.1129150390625 569.20550537109375 569.20843505859375 569.19903564453125 569.1834716796875 568.871826171875
564.921875 565.15240478515625 565.183837890625 565.68011474609375 566.00872802734375 566.49786376953125 566.90679931640625 567.101318359375 567.21563720703125 567.16064453125 567.0972900390625 566.92633056640625 566.91107177734375 566.94830322265625 567.34356689453125 567.1414794921875 567.55950927734375 567.27105712890625 567.325927734375 567.63165283203125 567.63336181640625 567.833251953125 567.97052001953125 568.265625 568.5755615234375 568.59710693359375 568.6846923828125 568.34405517578125 568.01763916015625 567.88037109375 567.615966796875 567.63818359375 567.8277587890625 568.1868896484375 568.296630859375 568.66717529296875 569.02520751953125 568.93853759765625 569.2008056640625 569.10235595703125 569.06524658203125 569.06103515625 569.052490234375 569.04412841796875 569.09466552734375 569.07940673828125 569.00860595703125 568.946044921875
565.250732421875 565.48504638671875 565.643798828125 566.115966796875 566.53167724609375 566.85858154296875 567.016357421875 567.22637939453125 567.28594970703125 567.34136962890625 567.26513671875 567.1124267578125 566.782470703125 566.56304931640625 566.47344970703125 566.52423095703125 566.77203369140625 566.83612060546875 566.88238525390625 567.1571044921875 567.4281005859375 567.5372314453125 567.8695068359375 568.105224609375 568.2476806640625 568.23779296875 568.20074462890625 568.0408935546875 567.76446533203125 567.6739501953125 567.54510498046875 567.538818359375 567.5438232421875 567.676025390625 567.805908203125 568.1923828125 568.55096435546875 568.5494384765625 568.794921875 568.81060791015625 568.90386962890625 569.011474609375 569.12457275390625 569.1243896484375 569.1907958984375 569.13995361328125 569.02142333984375 569.41302490234375
565.6497802734375 565.90533447265625 566.191162109375 566.5191650390625 566.908203125 567.03173828125 567.1885986328125 567.33056640625 567.3721923828125 567.5186767578125 567.474853515625 567.2127685546875 566.95465087890625 566.64727783203125 566.6263427734375 566.46258544921875 566.5189208984375 566.7137451171875 566.88311767578125 567.04345703125 567.35931396484375 567.545654296875 567.7763671875 568.0458984375 568.0225830078125 568.06646728515625 568.021240234375 567.84912109375 567.6275634765625 567.58941650390625 567.4940185546875 567.47412109375 567.47265625 567.505859375 567.67047119140625 567.89013671875 568.23516845703125 568.4107666015625 568.60174560546875 568.67041015625 568.7928466796875 569.02423095703125 569.2562255859375 569.3394775390625 569.3612060546875 569.58251953125 569.6859130859375 569.6806640625
566.0322265625 566.247314453125 566.45794677734375 566.7215576171875 566.9716796875 567.0882568359375 567.23687744140625 567.36328125 567.42510986328125 567.5828857421875 567.77508544921875 567.64886474609375 567.4239501953125 566.82421875 566.62884521484375 566.4986572265625 566.42864990234375 566.62017822265625 566.88592529296875 567.12469482421875 567.42803955078125 567.6353759765625 567.8861083984375 568.0631103515625 567.943359375 567.834716796875 567.64990234375 567.6441650390625 567.46148681640625 567.3570556640625 567.40655517578125 567.33758544921875 567.3759765625 567.37744140625 567.543701171875 567.8272705078125 568.052978515625 568.2896728515625 568.42919921875 568.5419921875 568.7840576171875 569.0450439453125 569.37969970703125 569.818359375 569.80572509765625 570.02386474609375 570.0888671875 569.9012451171875
566.34063720703125 566.5198974609375 566.65057373046875 566.822021484375 567.00677490234375 567.12353515625 567.28289794921875 567.56878662109375 567.7042236328125 567.9298095703125 567.96551513671875 567.8172607421875 567.391845703125 566.81231689453125 566.55859375 566.430908203125 566.374755859375 566.559814453125 566.89453125 567.1834716796875 567.51202392578125 567.7103271484375 567.97625732421875 568.0997314453125 567.8946533203125 567.62030029296875 567.404541015625 567.44305419921875 567.259033203125 567.1923828125 567.24359130859375 567.1895751953125 567.25091552734375 567.269287109375 567.46435546875 567.77392578125 567.9708251953125 568.162353515625 568.3056640625 568.4287109375 568.69317626953125 568.9908447265625 569.50738525390625 570.159912109375 570.123291015625 570.10443115234375 570.12188720703125 570.06878662109375
566.55450439453125 566.686279296875 566.7496337890625 566.87908935546875 567.035400390625 567.341552734375 567.57196044921875 567.75823974609375 567.8280029296875 567.96649169921875 567.9967041015625 567.80145263671875 567.363525390625 566.76544189453125 566.53961181640625 566.3946533203125 566.3282470703125 566.499267578125 566.8814697265625 567.1795654296875 567.52294921875 567.67242431640625 567.9005126953125 567.96990966796875 567.816162109375 567.4716796875 567.14886474609375 567.14959716796875 567.05389404296875 567.00164794921875 567.0679931640625 567.04705810546875 567.10888671875 567.1343994140625 567.36041259765625 567.68011474609375 567.8421630859375 567.99859619140625 568.14288330078125 568.27349853515625 568.55438232421875 568.8388671875 569.73944091796875 570.0775146484375 570.1219482421875 570.09490966796875 570.06341552734375 570.05633544921875
566.6536865234375 566.75616455078125 566.95172119140625 567.20806884765625 567.3890380859375 567.49261474609375 567.66461181640625 567.798583984375 567.86419677734375 567.9453125 567.9686279296875 567.6893310546875 567.25860595703125 566.70574951171875 566.47747802734375 566.35821533203125 566.3140869140625 566.46954345703125 566.85516357421875 567.125244140625 567.30145263671875 567.5001220703125 567.65789794921875 567.71002197265625 567.60400390625 567.27093505859375 567.016845703125 566.9302978515625 566.863037109375 566.75836181640625 566.85662841796875 566.8853759765625 566.88836669921875 566.932373046875 567.18328857421875 567.427490234375 567.4967041015625 567.7020263671875 567.830322265625 567.969970703125 568.33868408203125 568.9500732421875 569.462646484375 569.747314453125 569.97320556640625 569.97723388671875 569.8870849609375 569.82977294921875
567.03143310546875 567.1544189453125 567.19927978515625 567.3570556640625 567.47674560546875 567.58087158203125 567.731201171875 567.825927734375 567.864990234375 567.87158203125 567.7413330078125 567.3948974609375 567.07037353515625 566.657958984375 566.41925048828125 566.29351806640625 566.25115966796875 566.41998291015625 566.83447265625 567.026611328125 567.07708740234375 567.11712646484375 567.126953125 567.0777587890625 566.8609619140625 566.69073486328125 566.500732421875 566.54925537109375 566.5662841796875 566.59112548828125 566.7659912109375 566.86419677734375 566.8074951171875 566.85369873046875 567.0618896484375 567.244384765625 567.3350830078125 567.4945068359375 567.95159912109375 568.275146484375 568.48748779296875 568.73779296875 569.1854248046875 569.5732421875 569.83795166015625 569.87762451171875 569.85626220703125 569.76800537109375
567.08026123046875 567.20599365234375 567.246826171875 567.39617919921875 567.5208740234375 567.63433837890625 567.77374267578125 567.84722900390625 567.87310791015625 567.8426513671875 567.59014892578125 567.188720703125 566.96673583984375 566.61602783203125 566.40838623046875 566.3160400390625 566.24462890625 566.3916015625 566.7220458984375 566.878173828125 566.85919189453125 566.9041748046875 566.7718505859375 566.6878662109375 566.60784912109375 566.416259765625 566.36376953125 566.38885498046875 566.4239501953125 566.46270751953125 566.64764404296875 566.77166748046875 566.74920654296875 566.77276611328125 566.90447998046875 567.0660400390625 567.1728515625 567.42193603515625 568.1168212890625 568.18841552734375 568.3607177734375 568.5789794921875 569.00933837890625 569.5015869140625 569.81732177734375 569.87890625 569.90509033203125 569.85400390625
567.129150390625 567.25592041015625 567.286865234375 567.42376708984375 567.5614013671875 567.6593017578125 567.775146484375 567.865478515625 567.88824462890625 567.8216552734375 567.531982421875 567.104736328125 566.95599365234375 566.7061767578125 566.5416259765625 566.44366455078125 566.31201171875 566.40301513671875 566.56439208984375 566.6492919921875 566.6202392578125 566.6226806640625 566.55242919921875 566.5196533203125 566.4327392578125 566.3173828125 566.3026123046875 566.29541015625 566.3240966796875 566.36212158203125 566.5113525390625 566.64703369140625 566.6885986328125 566.7197265625 566.78106689453125 566.927734375 567.05767822265625 567.73016357421875 568.057373046875 568.105712890625 568.2186279296875 568.47216796875 568.95257568359375 569.50897216796875 569.88909912109375 569.9639892578125 569.98052978515625 569.97589111328125
567.17852783203125 567.29705810546875 567.3231201171875 567.43768310546875 567.57086181640625 567.6502685546875 567.75506591796875 567.85205078125 567.9052734375 567.843505859375 567.60968017578125 567.18316650390625 567.05108642578125 566.82257080078125 566.71978759765625 566.53564453125 566.34796142578125 566.376708984375 566.44854736328125 566.4564208984375 566.370849609375 566.39031982421875 566.399658203125 566.40386962890625 566.342529296875 566.33929443359375 566.30224609375 566.3089599609375 566.2587890625 566.2794189453125 566.39501953125 566.5216064453125 566.62469482421875 566.6673583984375 566.71026611328125 566.86224365234375 567.25921630859375 567.75323486328125 568.02984619140625 568.05523681640625 568.10809326171875 568.3843994140625 568.9161376953125 569.4901123046875 569.8497314453125 569.9638671875 569.97808837890625 570.02398681640625
567.22930908203125 567.33868408203125 567.3480224609375 567.467041015625 567.56500244140625 567.58087158203125 567.71783447265625 567.8465576171875 567.90606689453125 567.9044189453125 567.7181396484375 567.3453369140625 567.1351318359375 566.8404541015625 566.74554443359375 566.50946044921875 566.3033447265625 566.26629638671875 566.26690673828125 566.164306640625 566.1181640625 566.232666015625 566.26580810546875 566.38812255859375 566.39959716796875 566.4886474609375 566.45672607421875 566.449462890625 566.32159423828125 566.27435302734375 566.3560791015625 566.46697998046875 566.59893798828125 566.6419677734375 566.78680419921875 567.03668212890625 567.474853515625 567.6697998046875 567.90997314453125 567.92236328125 568.04058837890625 568.324951171875 568.78155517578125 569.300537109375 569.6016845703125 569.8013916015625 569.860595703125 570.01495361328125
567.29986572265625 567.38427734375 567.4263916015625 567.517822265625 567.43267822265625 567.35638427734375 567.566162109375 567.82562255859375 567.84429931640625 567.92657470703125 567.7401123046875 567.39813232421875 566.98992919921875 566.6307373046875 566.6475830078125 566.28997802734375 566.213623046875 566.12579345703125 566.044921875 566.039306640625 565.9542236328125 566.06787109375 566.11767578125 566.35137939453125 566.5469970703125 566.5615234375 566.58612060546875 566.4476318359375 566.33837890625 566.2530517578125 566.36932373046875 566.5069580078125 566.791015625 566.6005859375 567.1055908203125 567.2825927734375 567.413330078125 567.56231689453125 567.77532958984375 567.80743408203125 568.00390625 568.2767333984375 568.511474609375 569.0040283203125 569.19305419921875 569.52508544921875 569.585693359375 569.7774658203125
