INPUT/RASTER/ASCII/BIO03.asc
ncols        225
nrows        269
xllcorner    473000.000000000000
yllcorner    4429100.000000000000
cellsize     50.000000000000
NODATA_value -9999
[rows 180 to 199 of 269, columns 45 to 89 of 225]
38.9583282470703125 38.800426483154296875 38.550388336181640625 38.402942657470703125 38.338611602783203125 38.342075347900390625 38.351207733154296875 38.32863616943359375 38.29541778564453125 38.344066619873046875 38.36843109130859375 38.387752532958984375 38.37639617919921875 38.35821533203125 38.316768646240234375 38.31885528564453125 38.331851959228515625 38.34047698974609375 38.34665679931640625 38.348896026611328125 38.348171234130859375 38.342884063720703125 38.3350067138671875 38.34143829345703125 38.348812103271484375 38.35553741455078125 38.36577606201171875 38.355930328369140625 38.347614288330078125 38.34221649169921875 38.34502410888671875 38.37497711181640625 38.4508514404296875 38.5986785888671875 38.71661376953125 38.721225738525390625 38.71710968017578125 38.70722198486328125 38.656093597412109375 38.5886383056640625 38.484508514404296875 38.399188995361328125 38.3626861572265625 38.33827972412109375 38.2904052734375
38.88189697265625 38.70377349853515625 38.497425079345703125 38.38341522216796875 38.349430084228515625 38.36243438720703125 38.3701629638671875 38.368419647216796875 38.35305023193359375 38.4051055908203125 38.43091583251953125 38.444950103759765625 38.428009033203125 38.3861846923828125 38.3155059814453125 38.31099700927734375 38.339481353759765625 38.35186767578125 38.355091094970703125 38.355487823486328125 38.352294921875 38.34722900390625 38.338764190673828125 38.349094390869140625 38.3622589111328125 38.36687469482421875 38.375057220458984375 38.36653900146484375 38.357662200927734375 38.352779388427734375 38.35494232177734375 38.3694305419921875 38.435626983642578125 38.59185028076171875 38.681743621826171875 38.668598175048828125 38.654449462890625 38.656566619873046875 38.638072967529296875 38.58664703369140625 38.503566741943359375 38.39253997802734375 38.34093475341796875 38.327434539794921875 38.29299163818359375
38.78485870361328125 38.601776123046875 38.450408935546875 38.37348175048828125 38.35651397705078125 38.371417999267578125 38.392917633056640625 38.423366546630859375 38.41384124755859375 38.442626953125 38.4649200439453125 38.475185394287109375 38.471435546875 38.432712554931640625 38.34820556640625 38.331691741943359375 38.34297943115234375 38.35430908203125 38.356113433837890625 38.35462188720703125 38.3560791015625 38.356903076171875 38.34975433349609375 38.35712432861328125 38.368377685546875 38.368282318115234375 38.381732940673828125 38.3751678466796875 38.365840911865234375 38.357421875 38.36199951171875 38.376506805419921875 38.44145965576171875 38.54681396484375 38.610897064208984375 38.61159515380859375 38.622905731201171875 38.629413604736328125 38.63243865966796875 38.602142333984375 38.53143310546875 38.415149688720703125 38.34938812255859375 38.332439422607421875 38.29558563232421875
38.6810150146484375 38.483612060546875 38.4054718017578125 38.3701934814453125 38.384395599365234375 38.377079010009765625 38.412433624267578125 38.441730499267578125 38.440753936767578125 38.45752716064453125 38.4697418212890625 38.478168487548828125 38.483074188232421875 38.450283050537109375 38.3836822509765625 38.350433349609375 38.353450775146484375 38.34879302978515625 38.34557342529296875 38.348682403564453125 38.363483428955078125 38.365398406982421875 38.3618316650390625 38.37862396240234375 38.38519287109375 38.38162994384765625 38.38553619384765625 38.382175445556640625 38.37758636474609375 38.373950958251953125 38.375072479248046875 38.375728607177734375 38.43898773193359375 38.46836090087890625 38.55902099609375 38.572277069091796875 38.61067962646484375 38.6171722412109375 38.637115478515625 38.626399993896484375 38.57277679443359375 38.446453094482421875 38.370269775390625 38.3292236328125 38.27761077880859375
38.52710723876953125 38.402812957763671875 38.39015960693359375 38.399566650390625 38.41909027099609375 38.43074798583984375 38.44240570068359375 38.449985504150390625 38.46071624755859375 38.464969635009765625 38.46598052978515625 38.463619232177734375 38.451171875 38.4131317138671875 38.397373199462890625 38.380573272705078125 38.36252593994140625 38.350673675537109375 38.345378875732421875 38.34978485107421875 38.35260009765625 38.371257781982421875 38.38069915771484375 38.395809173583984375 38.40130615234375 38.4007568359375 38.40082550048828125 38.38500213623046875 38.382793426513671875 38.379810333251953125 38.361843109130859375 38.3505401611328125 38.360992431640625 38.393222808837890625 38.47428131103515625 38.552989959716796875 38.61240386962890625 38.621463775634765625 38.648777008056640625 38.64527130126953125 38.599468231201171875 38.447750091552734375 38.35927581787109375 38.3115386962890625 38.25783538818359375
38.59011077880859375 38.44676971435546875 38.422985076904296875 38.438373565673828125 38.44249725341796875 38.45738983154296875 38.462093353271484375 38.468719482421875 38.4635467529296875 38.459716796875 38.44895172119140625 38.438274383544921875 38.41153717041015625 38.394451141357421875 38.389461517333984375 38.3866424560546875 38.36492919921875 38.352855682373046875 38.3482208251953125 38.3536224365234375 38.36370849609375 38.37705230712890625 38.38579559326171875 38.404510498046875 38.404510498046875 38.420162200927734375 38.41545867919921875 38.389923095703125 38.36406707763671875 38.344127655029296875 38.34227752685546875 38.34574127197265625 38.36688995361328125 38.386417388916015625 38.4391937255859375 38.56798553466796875 38.613674163818359375 38.62542724609375 38.660732269287109375 38.66754150390625 38.61138153076171875 38.4791107177734375 38.334468841552734375 38.285369873046875 38.224529266357421875
38.6753082275390625 38.512577056884765625 38.466053009033203125 38.4677581787109375 38.463344573974609375 38.476558685302734375 38.482028961181640625 38.481231689453125 38.465030670166015625 38.446544647216796875 38.43364715576171875 38.4146270751953125 38.39160919189453125 38.381099700927734375 38.37567901611328125 38.35648345947265625 38.364715576171875 38.3666229248046875 38.361309051513671875 38.370906829833984375 38.37682342529296875 38.3875885009765625 38.40549468994140625 38.4182586669921875 38.4267120361328125 38.442962646484375 38.41727447509765625 38.37210845947265625 38.35424041748046875 38.3487701416015625 38.343738555908203125 38.3559417724609375 38.3839111328125 38.41312408447265625 38.482952117919921875 38.551746368408203125 38.616954803466796875 38.63549041748046875 38.67006683349609375 38.68170166015625 38.608154296875 38.420284271240234375 38.27336883544921875 38.2541046142578125 38.15605926513671875
38.70458984375 38.555995941162109375 38.499294281005859375 38.49314117431640625 38.4808349609375 38.499866485595703125 38.498348236083984375 38.486114501953125 38.468555450439453125 38.43744659423828125 38.419002532958984375 38.393795013427734375 38.37612152099609375 38.36417388916015625 38.35767364501953125 38.35401153564453125 38.3726348876953125 38.38974761962890625 38.384429931640625 38.394992828369140625 38.38957977294921875 38.394214630126953125 38.418964385986328125 38.442150115966796875 38.46660614013671875 38.463657379150390625 38.41042327880859375 38.382049560546875 38.368877410888671875 38.37188720703125 38.35681915283203125 38.366039276123046875 38.4004364013671875 38.477878570556640625 38.5879974365234375 38.599300384521484375 38.63893890380859375 38.656459808349609375 38.67928314208984375 38.653533935546875 38.569393157958984375 38.31235504150390625 38.219051361083984375 38.17346954345703125 38.103790283203125
38.6553802490234375 38.543079376220703125 38.5098724365234375 38.520648956298828125 38.521244049072265625 38.5396881103515625 38.52571868896484375 38.49918365478515625 38.47385406494140625 38.427875518798828125 38.3941192626953125 38.379817962646484375 38.364715576171875 38.35341644287109375 38.3481292724609375 38.360809326171875 38.39357757568359375 38.43466949462890625 38.43094635009765625 38.446826934814453125 38.42641448974609375 38.403667449951171875 38.42243194580078125 38.4542694091796875 38.485248565673828125 38.487518310546875 38.436309814453125 38.4472198486328125 38.420166015625 38.3881988525390625 38.375186920166015625 38.3952484130859375 38.44872283935546875 38.558132171630859375 38.6617889404296875 38.64986419677734375 38.65648651123046875 38.66522979736328125 38.67546844482421875 38.61023712158203125 38.462917327880859375 38.23162841796875 38.1783447265625 38.149932861328125 38.11397552490234375
38.587158203125 38.516017913818359375 38.5438079833984375 38.559642791748046875 38.563907623291015625 38.57143402099609375 38.54819488525390625 38.514316558837890625 38.475200653076171875 38.421108245849609375 38.3823394775390625 38.366840362548828125 38.357326507568359375 38.34667205810546875 38.350860595703125 38.388336181640625 38.467655181884765625 38.55583953857421875 38.560092926025390625 38.58913421630859375 38.5485992431640625 38.487911224365234375 38.557342529296875 38.51604461669921875 38.6219482421875 38.746795654296875 38.79186248779296875 38.850147247314453125 38.713115692138671875 38.719512939453125 38.64349365234375 38.6547088623046875 38.775531768798828125 38.8007965087890625 38.77013397216796875 38.6760711669921875 38.613956451416015625 38.56964874267578125 38.51357269287109375 38.362598419189453125 38.28913116455078125 38.192996978759765625 38.171031951904296875 38.160308837890625 38.1589508056640625
38.76808929443359375 38.69223785400390625 38.785068511962890625 38.73696136474609375 38.60022735595703125 38.56549835205078125 38.552616119384765625 38.52004241943359375 38.480709075927734375 38.4114990234375 38.37401580810546875 38.358829498291015625 38.36292266845703125 38.396297454833984375 38.519947052001953125 38.69370269775390625 38.8605499267578125 38.954540252685546875 38.945140838623046875 38.993747711181640625 39.01194000244140625 38.89041900634765625 38.7901611328125 38.695278167724609375 38.806064605712890625 38.9619140625 39.006160736083984375 39.002719879150390625 38.952945709228515625 38.96504974365234375 38.928516387939453125 38.94097137451171875 38.9898681640625 38.94133758544921875 38.7666168212890625 38.645725250244140625 38.497295379638671875 38.4326324462890625 38.326595306396484375 38.25872039794921875 38.22173309326171875 38.1823577880859375 38.175567626953125 38.16393280029296875 38.169200897216796875
38.92646026611328125 38.929107666015625 38.862369537353515625 38.6829376220703125 38.561763763427734375 38.548496246337890625 38.534862518310546875 38.5188140869140625 38.483287811279296875 38.423431396484375 38.38088226318359375 38.376041412353515625 38.4038238525390625 38.509967803955078125 38.7345733642578125 38.9058685302734375 39.0568389892578125 39.091033935546875 39.098522186279296875 39.097957611083984375 39.0783843994140625 39.03082275390625 38.95532989501953125 38.908214569091796875 38.9362335205078125 39.020355224609375 39.048370361328125 39.027130126953125 39.017330169677734375 39.0477752685546875 39.041973114013671875 39.041736602783203125 39.01633453369140625 38.871891021728515625 38.667087554931640625 38.504817962646484375 38.367755889892578125 38.3213653564453125 38.238628387451171875 38.20967864990234375 38.19428253173828125 38.16985321044921875 38.16451263427734375 38.153049468994140625 38.16620635986328125
39.16765594482421875 39.18569183349609375 38.835216522216796875 38.612712860107421875 38.517505645751953125 38.515872955322265625 38.51415252685546875 38.5097808837890625 38.47863006591796875 38.42728424072265625 38.38175201416015625 38.389324188232421875 38.438934326171875 38.6239166259765625 38.8855438232421875 39.03436279296875 39.1660614013671875 39.173961639404296875 39.170009613037109375 39.133968353271484375 39.093994140625 39.05525970458984375 39.0103759765625 38.98462677001953125 38.98238372802734375 39.018077850341796875 39.02703094482421875 38.98012542724609375 38.899082183837890625 38.9490203857421875 38.91252899169921875 38.91356658935546875 38.8683013916015625 38.666522979736328125 38.4894561767578125 38.34066009521484375 38.27234649658203125 38.2516326904296875 38.204998016357421875 38.19330596923828125 38.176548004150390625 38.151706695556640625 38.142086029052734375 38.12778472900390625 38.14620208740234375
39.32065582275390625 39.161861419677734375 38.774921417236328125 38.576080322265625 38.50283050537109375 38.4983367919921875 38.500911712646484375 38.495029449462890625 38.4674530029296875 38.424785614013671875 38.38262176513671875 38.4170684814453125 38.476284027099609375 38.730926513671875 38.998363494873046875 39.114772796630859375 39.24977874755859375 39.24597930908203125 39.22356414794921875 39.12476348876953125 39.06658172607421875 39.026611328125 39.015625 39.0060882568359375 39.0089874267578125 39.026485443115234375 39.00891876220703125 38.89972686767578125 38.647716522216796875 38.6343841552734375 38.6118621826171875 38.60268402099609375 38.610595703125 38.4400177001953125 38.33382415771484375 38.262363433837890625 38.2304229736328125 38.221652984619140625 38.1895294189453125 38.184597015380859375 38.16550445556640625 38.1355133056640625 38.122470855712890625 38.106433868408203125 38.13004302978515625
39.30991363525390625 39.027606964111328125 38.7303619384765625 38.574832916259765625 38.514728546142578125 38.50124359130859375 38.5027923583984375 38.4847412109375 38.46448516845703125 38.43587493896484375 38.405513763427734375 38.5016632080078125 38.55654144287109375 38.81888580322265625 39.079376220703125 39.193668365478515625 39.316650390625 39.32413482666015625 39.240509033203125 39.05564117431640625 39.0124053955078125 38.9621124267578125 38.9988250732421875 38.985652923583984375 39.01392364501953125 39.02228546142578125 38.96489715576171875 38.8181610107421875 38.51804351806640625 38.426548004150390625 38.402744293212890625 38.399120330810546875 38.40099334716796875 38.30010223388671875 38.262798309326171875 38.2265167236328125 38.214710235595703125 38.21288299560546875 38.196987152099609375 38.17102813720703125 38.153652191162109375 38.12879180908203125 38.11782073974609375 38.1036224365234375 38.11391448974609375
39.1768035888671875 38.869251251220703125 38.67717742919921875 38.588024139404296875 38.535511016845703125 38.516407012939453125 38.5124969482421875 38.48226165771484375 38.471099853515625 38.494564056396484375 38.458728790283203125 38.67427825927734375 38.670734405517578125 38.969371795654296875 39.189662933349609375 39.2567138671875 39.33429718017578125 39.35143280029296875 39.134868621826171875 38.894992828369140625 38.8971405029296875 38.842815399169921875 38.92610931396484375 38.88959503173828125 38.975566864013671875 38.873935699462890625 38.7743072509765625 38.724720001220703125 38.444271087646484375 38.3564910888671875 38.3019561767578125 38.28028106689453125 38.284290313720703125 38.239772796630859375 38.2327880859375 38.21471405029296875 38.210147857666015625 38.2098846435546875 38.242351531982421875 38.185211181640625 38.183864593505859375 38.1290283203125 38.13426971435546875 38.106266021728515625 38.10669708251953125
38.8284454345703125 38.6939239501953125 38.653072357177734375 38.605194091796875 38.559803009033203125 38.542125701904296875 38.521022796630859375 38.4824371337890625 38.480472564697265625 38.556488037109375 38.73145294189453125 38.91527557373046875 38.99100494384765625 39.19921875 39.30007171630859375 39.3751373291015625 39.31876373291015625 39.11916351318359375 38.91053009033203125 38.76467132568359375 38.702259063720703125 38.75476837158203125 38.77846527099609375 38.77291107177734375 38.7606048583984375 38.6640472412109375 38.53417205810546875 38.47341156005859375 38.35507965087890625 38.27393341064453125 38.237728118896484375 38.235195159912109375 38.22663116455078125 38.2124481201171875 38.20760345458984375 38.21887969970703125 38.23264312744140625 38.224971771240234375 38.32452392578125 38.30191802978515625 38.2660980224609375 38.173694610595703125 38.159702301025390625 38.10723114013671875 38.10077667236328125
38.65655517578125 38.64388275146484375 38.62958526611328125 38.61623382568359375 38.57741546630859375 38.556766510009765625 38.528717041015625 38.479740142822265625 38.477703094482421875 38.66129302978515625 38.95363616943359375 39.082187652587890625 39.2350921630859375 39.296722412109375 39.3832244873046875 39.3875274658203125 39.2283172607421875 39.017726898193359375 38.87583160400390625 38.725299835205078125 38.7403106689453125 38.765899658203125 38.7826690673828125 38.75687408447265625 38.734615325927734375 38.6279144287109375 38.52020263671875 38.39504241943359375 38.294910430908203125 38.2412567138671875 38.2303466796875 38.22784423828125 38.22312164306640625 38.212650299072265625 38.23676300048828125 38.2782440185546875 38.3260955810546875 38.332523345947265625 38.40833282470703125 38.369167327880859375 38.24166107177734375 38.17591094970703125 38.16231536865234375 38.10701751708984375 38.10146331787109375
38.67417144775390625 38.664058685302734375 38.6439361572265625 38.627471923828125 38.585872650146484375 38.563808441162109375 38.542232513427734375 38.511089324951171875 38.520366668701171875 38.801525115966796875 39.15326690673828125 39.261394500732421875 39.350795745849609375 39.384429931640625 39.40720367431640625 39.34645843505859375 39.15355682373046875 38.968517303466796875 38.8569183349609375 38.754825592041015625 38.7741241455078125 38.7786407470703125 38.76702880859375 38.73815155029296875 38.64810943603515625 38.5697021484375 38.42218780517578125 38.2692413330078125 38.242275238037109375 38.21368408203125 38.218181610107421875 38.219715118408203125 38.219635009765625 38.2566986083984375 38.4197540283203125 38.41687774658203125 38.45209503173828125 38.50017547607421875 38.478786468505859375 38.370616912841796875 38.215618133544921875 38.14593505859375 38.147327423095703125 38.116001129150390625 38.1422576904296875
38.75089263916015625 38.70843505859375 38.672821044921875 38.633636474609375 38.5897674560546875 38.56264495849609375 38.5587005615234375 38.66416168212890625 38.7630462646484375 39.0502166748046875 39.32369232177734375 39.356842041015625 39.39884185791015625 39.404590606689453125 39.372768402099609375 39.242069244384765625 39.04308319091796875 38.86006927490234375 38.8065185546875 38.751857757568359375 38.750225067138671875 38.733989715576171875 38.626617431640625 38.579380035400390625 38.43807220458984375 38.38472747802734375 38.2855377197265625 38.2028350830078125 38.201381683349609375 38.208820343017578125 38.21082305908203125 38.213775634765625 38.23975372314453125 38.35327911376953125 38.55735015869140625 38.58222198486328125 38.579441070556640625 38.582668304443359375 38.529117584228515625 38.38706207275390625 38.214183807373046875 38.160030364990234375 38.15081787109375 38.1423492431640625 38.16387176513671875
