INPUT/RASTER/ASCII/BIO05.asc
ncols        225
nrows        269
xllcorner    473009.983799999987
yllcorner    4429051.174800000153
cellsize     50.000000000000
NODATA_value  -9999
[rows 209 to 227 of 269, columns 44 to 87 of 225]
31.903858184814453125 31.903818130493164063 31.928037643432617188 31.967647552490234375 31.977804183959960938 31.963855743408203125 31.938325881958007813 31.899150848388671875 31.878023147583007813 31.869108200073242188 31.86396026611328125 31.858121871948242188 31.854244232177734375 31.850561141967773438 31.86298370361328125 31.912244796752929688 32.004695892333984375 32.09752655029296875 32.139556884765625 32.168560028076171875 32.18802642822265625 32.174297332763671875 32.15232086181640625 32.12361907958984375 32.08672332763671875 32.061054229736328125 32.029132843017578125 32.0238037109375 32.05022430419921875 32.08698272705078125 32.11286163330078125 32.14471435546875 32.1803436279296875 32.191387176513671875 32.208911895751953125 32.229022979736328125 32.242618560791015625 32.244678497314453125 32.231838226318359375 32.199718475341796875 32.169017791748046875 32.153743743896484375 32.1406402587890625 32.129741668701171875
31.892663955688476563 31.88866424560546875 31.901546478271484375 31.923707962036132813 31.928693771362304688 31.91881561279296875 31.903711318969726563 31.88294219970703125 31.87146759033203125 31.864871978759765625 31.859378814697265625 31.852460861206054688 31.847837448120117188 31.842502593994140625 31.850618362426757813 31.895929336547851563 31.997417449951171875 32.10105133056640625 32.148773193359375 32.18195343017578125 32.2035064697265625 32.183940887451171875 32.150753021240234375 32.1123046875 32.075038909912109375 32.04845428466796875 32.01561737060546875 32.02077484130859375 32.0679931640625 32.127170562744140625 32.15838623046875 32.178699493408203125 32.202880859375 32.217926025390625 32.237926483154296875 32.255542755126953125 32.2663421630859375 32.26523590087890625 32.246852874755859375 32.21368408203125 32.1888885498046875 32.17708587646484375 32.163616180419921875 32.150943756103515625
31.88739013671875 31.884641647338867188 31.88950347900390625 31.895574569702148438 31.895160675048828125 31.889844894409179688 31.88404083251953125 31.875759124755859375 31.868028640747070313 31.861459732055664063 31.854579925537109375 31.846639633178710938 31.842008590698242188 31.83824920654296875 31.850286483764648438 31.900112152099609375 32.00577545166015625 32.11122894287109375 32.159030914306640625 32.19243621826171875 32.215259552001953125 32.19568634033203125 32.15465545654296875 32.10996246337890625 32.072498321533203125 32.0493011474609375 32.026233673095703125 32.035274505615234375 32.0845489501953125 32.155670166015625 32.19208526611328125 32.210460662841796875 32.23416900634765625 32.25325775146484375 32.270221710205078125 32.2847900390625 32.2934722900390625 32.290378570556640625 32.26622772216796875 32.2313079833984375 32.212162017822265625 32.205867767333984375 32.19178009033203125 32.177066802978515625
31.88459014892578125 31.883459091186523438 31.88228607177734375 31.880319595336914063 31.87786865234375 31.875726699829101563 31.873464584350585938 31.868330001831054688 31.861942291259765625 31.856645584106445313 31.84972381591796875 31.84186553955078125 31.839254379272460938 31.841419219970703125 31.858102798461914063 31.912252426147460938 32.0173187255859375 32.1236419677734375 32.170330047607421875 32.20169830322265625 32.22412872314453125 32.20471954345703125 32.16156005859375 32.12177276611328125 32.097469329833984375 32.078830718994140625 32.070098876953125 32.08062744140625 32.119197845458984375 32.182708740234375 32.224788665771484375 32.248378753662109375 32.27490997314453125 32.30206298828125 32.310581207275390625 32.321308135986328125 32.3348388671875 32.32940673828125 32.302097320556640625 32.276340484619140625 32.2647552490234375 32.258056640625 32.24365997314453125 32.2302703857421875
31.879034042358398438 31.878873825073242188 31.875673294067382813 31.871412277221679688 31.867200851440429688 31.864475250244140625 31.861568450927734375 31.855869293212890625 31.852264404296875 31.849033355712890625 31.843812942504882813 31.840326309204101563 31.842451095581054688 31.857921600341796875 31.892736434936523438 31.954050064086914063 32.044147491455078125 32.13802337646484375 32.185394287109375 32.2153472900390625 32.237117767333984375 32.216167449951171875 32.17236328125 32.14740753173828125 32.142333984375 32.142658233642578125 32.153018951416015625 32.170135498046875 32.205982208251953125 32.261432647705078125 32.29743194580078125 32.3097381591796875 32.327877044677734375 32.3453216552734375 32.338897705078125 32.34467315673828125 32.363277435302734375 32.360698699951171875 32.336940765380859375 32.32209014892578125 32.315975189208984375 32.3079376220703125 32.2930755615234375 32.281681060791015625
31.870452880859375 31.872426986694335938 31.870859146118164063 31.866153717041015625 31.859998703002929688 31.856494903564453125 31.853610992431640625 31.848352432250976563 31.84515380859375 31.842681884765625 31.839052200317382813 31.839792251586914063 31.845516204833984375 31.872089385986328125 31.926324844360351563 31.994029998779296875 32.066333770751953125 32.14624786376953125 32.18927764892578125 32.218341827392578125 32.243194580078125 32.2266998291015625 32.191070556640625 32.18093109130859375 32.185863494873046875 32.1970672607421875 32.214794158935546875 32.237964630126953125 32.2773590087890625 32.32562255859375 32.349308013916015625 32.3552703857421875 32.368343353271484375 32.374286651611328125 32.361301422119140625 32.362514495849609375 32.377796173095703125 32.3808746337890625 32.3668975830078125 32.356845855712890625 32.35155487060546875 32.341655731201171875 32.324146270751953125 32.314426422119140625
31.86135101318359375 31.86517333984375 31.86574554443359375 31.861295700073242188 31.8543853759765625 31.850790023803710938 31.849210739135742188 31.845388412475585938 31.841444015502929688 31.840541839599609375 31.838518142700195313 31.839488983154296875 31.846578598022460938 31.87914276123046875 31.942293167114257813 32.011516571044921875 32.072597503662109375 32.138317108154296875 32.173946380615234375 32.20594024658203125 32.238269805908203125 32.233676910400390625 32.217678070068359375 32.220264434814453125 32.226581573486328125 32.236003875732421875 32.250270843505859375 32.27449798583984375 32.313884735107421875 32.3515167236328125 32.3679351806640625 32.377780914306640625 32.39246368408203125 32.397548675537109375 32.387775421142578125 32.385562896728515625 32.392353057861328125 32.39696502685546875 32.39400482177734375 32.38592529296875 32.378814697265625 32.36423492431640625 32.342792510986328125 32.336658477783203125
31.853023529052734375 31.858034133911132813 31.858907699584960938 31.854717254638671875 31.848766326904296875 31.845857620239257813 31.84586334228515625 31.844638824462890625 31.841640472412109375 31.8426361083984375 31.84297943115234375 31.84102630615234375 31.846300125122070313 31.877996444702148438 31.938539505004882813 32.005130767822265625 32.063701629638671875 32.120204925537109375 32.151035308837890625 32.191074371337890625 32.234783172607421875 32.241161346435546875 32.243846893310546875 32.260265350341796875 32.266193389892578125 32.271335601806640625 32.28162384033203125 32.30207061767578125 32.332866668701171875 32.358074188232421875 32.372013092041015625 32.386951446533203125 32.4077301025390625 32.419490814208984375 32.41524505615234375 32.410511016845703125 32.408733367919921875 32.411159515380859375 32.41510009765625 32.4100799560546875 32.40007781982421875 32.379161834716796875 32.3552703857421875 32.352924346923828125
31.846343994140625 31.848943710327148438 31.849365234375 31.846286773681640625 31.842718124389648438 31.841096878051757813 31.842298507690429688 31.844312667846679688 31.8475189208984375 31.852071762084960938 31.8505401611328125 31.844640731811523438 31.846405029296875 31.869787216186523438 31.921136856079101563 31.98389434814453125 32.050151824951171875 32.11438751220703125 32.148723602294921875 32.192546844482421875 32.24627685546875 32.26056671142578125 32.270282745361328125 32.2949066162109375 32.302463531494140625 32.307361602783203125 32.309848785400390625 32.313152313232421875 32.324146270751953125 32.337558746337890625 32.348995208740234375 32.368495941162109375 32.402362823486328125 32.429340362548828125 32.432209014892578125 32.42549896240234375 32.419933319091796875 32.42246246337890625 32.430271148681640625 32.431003570556640625 32.419963836669921875 32.399505615234375 32.3809661865234375 32.378383636474609375
31.841852188110351563 31.84119415283203125 31.839757919311523438 31.838243484497070313 31.836786270141601563 31.835414886474609375 31.834764480590820313 31.842710494995117188 31.866817474365234375 31.882566452026367188 31.872615814208984375 31.856584548950195313 31.85529327392578125 31.870775222778320313 31.916118621826171875 31.983415603637695313 32.070331573486328125 32.1462860107421875 32.1847991943359375 32.226596832275390625 32.27126312255859375 32.282848358154296875 32.3004302978515625 32.32880401611328125 32.339763641357421875 32.34548187255859375 32.337574005126953125 32.319721221923828125 32.30979156494140625 32.322338104248046875 32.339534759521484375 32.368068695068359375 32.408199310302734375 32.436496734619140625 32.433650970458984375 32.42281341552734375 32.42444610595703125 32.43222808837890625 32.443752288818359375 32.447750091552734375 32.439594268798828125 32.426300048828125 32.41187286376953125 32.403118133544921875
31.838670730590820313 31.836412429809570313 31.834932327270507813 31.833036422729492188 31.831758499145507813 31.830890655517578125 31.833156585693359375 31.85750579833984375 31.914058685302734375 31.9484710693359375 31.937374114990234375 31.912286758422851563 31.90850830078125 31.921358108520507813 31.961488723754882813 32.029483795166015625 32.128253936767578125 32.20172119140625 32.23758697509765625 32.277820587158203125 32.29970550537109375 32.306125640869140625 32.332393646240234375 32.357257843017578125 32.36749267578125 32.375316619873046875 32.37084197998046875 32.34705352783203125 32.3282012939453125 32.33890533447265625 32.35659027099609375 32.386028289794921875 32.425777435302734375 32.449493408203125 32.437503814697265625 32.419147491455078125 32.42150115966796875 32.433368682861328125 32.450305938720703125 32.459804534912109375 32.4564056396484375 32.44832611083984375 32.43451690673828125 32.4227142333984375
31.838830947875976563 31.834346771240234375 31.83275604248046875 31.828580856323242188 31.826351165771484375 31.827455520629882813 31.8377532958984375 31.884021759033203125 31.965230941772460938 32.016933441162109375 32.02133941650390625 32.00273895263671875 32.000904083251953125 32.016998291015625 32.0472412109375 32.099498748779296875 32.17752838134765625 32.235240936279296875 32.26596832275390625 32.3070220947265625 32.3238677978515625 32.332691192626953125 32.351833343505859375 32.36827850341796875 32.3767852783203125 32.387142181396484375 32.389049530029296875 32.372188568115234375 32.35247802734375 32.355548858642578125 32.36672210693359375 32.390415191650390625 32.429424285888671875 32.45413970947265625 32.444141387939453125 32.427154541015625 32.427944183349609375 32.43729400634765625 32.455596923828125 32.467899322509765625 32.462070465087890625 32.449222564697265625 32.43733978271484375 32.4286956787109375
31.8359222412109375 31.833629608154296875 31.831745147705078125 31.825115203857421875 31.824228286743164063 31.829212188720703125 31.846868515014648438 31.907701492309570313 31.993618011474609375 32.05895233154296875 32.086822509765625 32.086856842041015625 32.089893341064453125 32.10810089111328125 32.131465911865234375 32.16729736328125 32.227268218994140625 32.2729034423828125 32.296497344970703125 32.328052520751953125 32.34647369384765625 32.356842041015625 32.365047454833984375 32.372711181640625 32.380458831787109375 32.394542694091796875 32.401371002197265625 32.3963623046875 32.386409759521484375 32.386867523193359375 32.391754150390625 32.4060211181640625 32.43544769287109375 32.456516265869140625 32.4515380859375 32.44213104248046875 32.443447113037109375 32.449123382568359375 32.464282989501953125 32.469257354736328125 32.449016571044921875 32.4192962646484375 32.402698516845703125 32.399166107177734375
31.828853607177734375 31.828277587890625 31.827106475830078125 31.824106216430664063 31.829793930053710938 31.840440750122070313 31.8654327392578125 31.933750152587890625 32.018444061279296875 32.09185791015625 32.136688232421875 32.152400970458984375 32.15938568115234375 32.178768157958984375 32.202014923095703125 32.22922515869140625 32.267131805419921875 32.294147491455078125 32.307826995849609375 32.32959747314453125 32.349315643310546875 32.3614349365234375 32.369213104248046875 32.374546051025390625 32.381748199462890625 32.39825439453125 32.409015655517578125 32.41144561767578125 32.413837432861328125 32.4227142333984375 32.426975250244140625 32.4333648681640625 32.448802947998046875 32.460521697998046875 32.458652496337890625 32.456836700439453125 32.45873260498046875 32.462535858154296875 32.471004486083984375 32.458728790283203125 32.416149139404296875 32.370143890380859375 32.3506927490234375 32.354671478271484375
31.822376251220703125 31.82192230224609375 31.822313308715820313 31.82706451416015625 31.842519760131835938 31.861660003662109375 31.89655303955078125 31.967920303344726563 32.0456695556640625 32.114177703857421875 32.161754608154296875 32.186359405517578125 32.196514129638671875 32.216259002685546875 32.23401641845703125 32.248332977294921875 32.266162872314453125 32.2777557373046875 32.28615570068359375 32.30628204345703125 32.327198028564453125 32.340816497802734375 32.35857391357421875 32.367034912109375 32.37142181396484375 32.38665008544921875 32.4044036865234375 32.413848876953125 32.42003631591796875 32.4360809326171875 32.444915771484375 32.4498748779296875 32.458835601806640625 32.46648406982421875 32.467838287353515625 32.46728515625 32.468845367431640625 32.47252655029296875 32.475902557373046875 32.448520660400390625 32.388149261474609375 32.34095001220703125 32.32552337646484375 32.334926605224609375
31.820293426513671875 31.819169998168945313 31.822389602661132813 31.835544586181640625 31.864368438720703125 31.893629074096679688 31.934717178344726563 32.004634857177734375 32.07161712646484375 32.129566192626953125 32.1745758056640625 32.202663421630859375 32.214267730712890625 32.231197357177734375 32.2372283935546875 32.230594635009765625 32.23198699951171875 32.23984527587890625 32.249034881591796875 32.271106719970703125 32.29181671142578125 32.308292388916015625 32.331165313720703125 32.336124420166015625 32.336872100830078125 32.352352142333984375 32.382884979248046875 32.400844573974609375 32.40338897705078125 32.422618865966796875 32.438724517822265625 32.449207305908203125 32.46202850341796875 32.473407745361328125 32.480258941650390625 32.48012542724609375 32.481533050537109375 32.48565673828125 32.489055633544921875 32.470859527587890625 32.42475128173828125 32.388889312744140625 32.37459564208984375 32.3725738525390625
31.816640853881835938 31.815944671630859375 31.823099136352539063 31.8467864990234375 31.906217575073242188 31.957149505615234375 31.997705459594726563 32.057109832763671875 32.110469818115234375 32.152927398681640625 32.184520721435546875 32.19492340087890625 32.199398040771484375 32.204189300537109375 32.18572998046875 32.158130645751953125 32.154201507568359375 32.16530609130859375 32.1738739013671875 32.192928314208984375 32.22353363037109375 32.256778717041015625 32.287052154541015625 32.30097198486328125 32.305206298828125 32.32659149169921875 32.377166748046875 32.41112518310546875 32.41440582275390625 32.42002105712890625 32.426441192626953125 32.437168121337890625 32.46041107177734375 32.482761383056640625 32.493896484375 32.498447418212890625 32.50130462646484375 32.50423431396484375 32.5079193115234375 32.503971099853515625 32.487060546875 32.467803955078125 32.45241546630859375 32.436370849609375
31.81502532958984375 31.815196990966796875 31.824155807495117188 31.856569290161132813 31.928850173950195313 31.986673355102539063 32.030780792236328125 32.08846282958984375 32.135009765625 32.165187835693359375 32.1799468994140625 32.1779022216796875 32.174468994140625 32.163791656494140625 32.131130218505859375 32.10028839111328125 32.096530914306640625 32.10239410400390625 32.10831451416015625 32.12886810302734375 32.174007415771484375 32.2259674072265625 32.270336151123046875 32.296863555908203125 32.30866241455078125 32.339328765869140625 32.3922882080078125 32.43231964111328125 32.445438385009765625 32.4428863525390625 32.4360504150390625 32.4434967041015625 32.46691131591796875 32.4906768798828125 32.5020904541015625 32.5084381103515625 32.51226043701171875 32.51610565185546875 32.520294189453125 32.5218353271484375 32.521465301513671875 32.515079498291015625 32.5023956298828125 32.482944488525390625
31.81349945068359375 31.814029693603515625 31.823390960693359375 31.857761383056640625 31.931243896484375 31.990213394165039063 32.0413360595703125 32.1005401611328125 32.14437103271484375 32.167240142822265625 32.17237091064453125 32.167720794677734375 32.15079498291015625 32.12532806396484375 32.091022491455078125 32.065792083740234375 32.068019866943359375 32.075778961181640625 32.080562591552734375 32.101619720458984375 32.153564453125 32.216953277587890625 32.271625518798828125 32.305042266845703125 32.321666717529296875 32.357166290283203125 32.402706146240234375 32.43938446044921875 32.46282196044921875 32.465869903564453125 32.45937347412109375 32.46245574951171875 32.476734161376953125 32.495296478271484375 32.5068359375 32.5135040283203125 32.517299652099609375 32.522335052490234375 32.527462005615234375 32.531402587890625 32.5360565185546875 32.53717041015625 32.53115081787109375 32.515872955322265625
