INPUT/RASTER/ASCII/BIO08.asc
ncols        225
nrows        269
xllcorner    473009.983799999987
yllcorner    4429051.174800000153
cellsize     50.000000000000
NODATA_value -9999
[rows 162 to 179 of 269, columns 168 to 209 of 225]
14.60028076171875 14.599658012390136719 14.598198890686035156 14.596353530883789063 14.593533515930175781 14.591236114501953125 14.589998245239257813 14.589594841003417969 14.587964057922363281 14.581226348876953125 14.569071769714355469 14.55623626708984375 14.546475410461425781 14.53765106201171875 14.521013259887695313 14.511102676391601563 14.505187034606933594 14.498670578002929688 14.490151405334472656 14.481855392456054688 14.471190452575683594 14.4622344970703125 14.450834274291992188 14.436182975769042969 14.422978401184082031 14.415975570678710938 14.404117584228515625 14.384023666381835938 14.370926856994628906 14.366141319274902344 14.360365867614746094 14.357311248779296875 14.354013442993164063 14.350441932678222656 14.348911285400390625 14.348347663879394531 14.349035263061523438 14.34972381591796875 14.350063323974609375 14.351261138916015625 14.352580070495605469 14.354808807373046875
14.611944198608398438 14.6116180419921875 14.610812187194824219 14.609065055847167969 14.606351852416992188 14.603618621826171875 14.60129547119140625 14.5985565185546875 14.593450546264648438 14.5863037109375 14.577597618103027344 14.566996574401855469 14.557892799377441406 14.549519538879394531 14.536908149719238281 14.528537750244140625 14.522835731506347656 14.516244888305664063 14.507048606872558594 14.499075889587402344 14.488921165466308594 14.479135513305664063 14.466820716857910156 14.449460983276367188 14.435042381286621094 14.42765045166015625 14.415537834167480469 14.39638519287109375 14.383070945739746094 14.378610610961914063 14.371613502502441406 14.366474151611328125 14.360142707824707031 14.354275703430175781 14.352501869201660156 14.351665496826171875 14.351278305053710938 14.351481437683105469 14.351861000061035156 14.352447509765625 14.353367805480957031 14.35468292236328125
14.614138603210449219 14.613470077514648438 14.611731529235839844 14.609859466552734375 14.606993675231933594 14.603883743286132813 14.600963592529296875 14.597171783447265625 14.590951919555664063 14.5841064453125 14.577298164367675781 14.568119049072265625 14.559804916381835938 14.552625656127929688 14.542087554931640625 14.534196853637695313 14.5285491943359375 14.522339820861816406 14.514984130859375 14.509657859802246094 14.502782821655273438 14.493890762329101563 14.481283187866210938 14.464737892150878906 14.451352119445800781 14.443451881408691406 14.431110382080078125 14.410097122192382813 14.395722389221191406 14.390992164611816406 14.382308006286621094 14.375579833984375 14.368654251098632813 14.361560821533203125 14.358751296997070313 14.357197761535644531 14.355376243591308594 14.354879379272460938 14.354287147521972656 14.353925704956054688 14.354261398315429688 14.354310035705566406
14.614525794982910156 14.613157272338867188 14.610066413879394531 14.6075897216796875 14.604680061340332031 14.600602149963378906 14.596212387084960938 14.592795372009277344 14.586940765380859375 14.580840110778808594 14.57471466064453125 14.566088676452636719 14.558210372924804688 14.551854133605957031 14.541971206665039063 14.534184455871582031 14.528657913208007813 14.523258209228515625 14.517916679382324219 14.513887405395507813 14.508060455322265625 14.500668525695800781 14.490031242370605469 14.477971076965332031 14.466891288757324219 14.45920562744140625 14.446484565734863281 14.424984931945800781 14.412210464477539063 14.406036376953125 14.394886016845703125 14.387263298034667969 14.381067276000976563 14.372716903686523438 14.368013381958007813 14.366161346435546875 14.362733840942382813 14.361515998840332031 14.359773635864257813 14.357303619384765625 14.355684280395507813 14.354300498962402344
14.612970352172851563 14.610560417175292969 14.607473373413085938 14.605886459350585938 14.603835105895996094 14.598629951477050781 14.592315673828125 14.588472366333007813 14.582887649536132813 14.578014373779296875 14.571312904357910156 14.563164710998535156 14.55605316162109375 14.550016403198242188 14.541051864624023438 14.534068107604980469 14.528750419616699219 14.523595809936523438 14.518492698669433594 14.515287399291992188 14.510440826416015625 14.503873825073242188 14.494382858276367188 14.484051704406738281 14.473670005798339844 14.466217994689941406 14.453248023986816406 14.434694290161132813 14.424036979675292969 14.416947364807128906 14.408410072326660156 14.403774261474609375 14.397686004638671875 14.387380599975585938 14.381005287170410156 14.377743721008300781 14.371018409729003906 14.368988037109375 14.367465019226074219 14.363180160522460938 14.360156059265136719 14.356474876403808594
14.611730575561523438 14.608523368835449219 14.60449981689453125 14.602910995483398438 14.601145744323730469 14.595559120178222656 14.589379310607910156 14.585302352905273438 14.581005096435546875 14.577361106872558594 14.57048797607421875 14.562627792358398438 14.556161880493164063 14.550097465515136719 14.541207313537597656 14.534321784973144531 14.529007911682128906 14.52374267578125 14.518635749816894531 14.516133308410644531 14.512480735778808594 14.505917549133300781 14.496587753295898438 14.487600326538085938 14.477311134338378906 14.469417572021484375 14.456180572509765625 14.438182830810546875 14.426610946655273438 14.420054435729980469 14.415236473083496094 14.413240432739257813 14.408968925476074219 14.401327133178710938 14.396798133850097656 14.391905784606933594 14.382878303527832031 14.3801727294921875 14.37783050537109375 14.371201515197753906 14.36858367919921875 14.364439010620117188
14.616032600402832031 14.611987113952636719 14.60617828369140625 14.602889060974121094 14.598907470703125 14.591444015502929688 14.585084915161132813 14.582987785339355469 14.580998420715332031 14.578467369079589844 14.57224273681640625 14.56424713134765625 14.55786895751953125 14.552431106567382813 14.544913291931152344 14.538782119750976563 14.533267021179199219 14.528047561645507813 14.523320198059082031 14.520947456359863281 14.516631126403808594 14.509212493896484375 14.500418663024902344 14.493008613586425781 14.483416557312011719 14.475531578063964844 14.462018013000488281 14.4425811767578125 14.429715156555175781 14.423392295837402344 14.419673919677734375 14.418094635009765625 14.415604591369628906 14.411439895629882813 14.408448219299316406 14.405328750610351563 14.400204658508300781 14.398448944091796875 14.395871162414550781 14.390489578247070313 14.386109352111816406 14.380114555358886719
14.622640609741210938 14.618004798889160156 14.611374855041503906 14.606980323791503906 14.601548194885253906 14.592687606811523438 14.587187767028808594 14.585733413696289063 14.584529876708984375 14.582598686218261719 14.575215339660644531 14.56610107421875 14.559445381164550781 14.55469512939453125 14.549080848693847656 14.544556617736816406 14.539839744567871094 14.535767555236816406 14.531933784484863281 14.529155731201171875 14.523884773254394531 14.515654563903808594 14.506997108459472656 14.498319625854492188 14.489933967590332031 14.48260498046875 14.46631622314453125 14.446043968200683594 14.433179855346679688 14.42716217041015625 14.424321174621582031 14.423256874084472656 14.42113494873046875 14.418272972106933594 14.41591644287109375 14.414468765258789063 14.411917686462402344 14.410742759704589844 14.409514427185058594 14.407151222229003906 14.403490066528320313 14.397711753845214844
14.628931045532226563 14.623650550842285156 14.617128372192382813 14.613109588623046875 14.607661247253417969 14.598554611206054688 14.594138145446777344 14.592342376708984375 14.590976715087890625 14.588328361511230469 14.579924583435058594 14.569089889526367188 14.562064170837402344 14.557003021240234375 14.551164627075195313 14.547418594360351563 14.54430389404296875 14.542406082153320313 14.538928031921386719 14.535350799560546875 14.528994560241699219 14.520861625671386719 14.512511253356933594 14.502390861511230469 14.493859291076660156 14.486532211303710938 14.468968391418457031 14.449164390563964844 14.436553001403808594 14.431523323059082031 14.429029464721679688 14.427689552307128906 14.425312995910644531 14.422643661499023438 14.420745849609375 14.419537544250488281 14.417898178100585938 14.416717529296875 14.415383338928222656 14.412752151489257813 14.410517692565917969 14.407728195190429688
14.633501052856445313 14.628717422485351563 14.623250961303710938 14.619479179382324219 14.613945960998535156 14.604745864868164063 14.601338386535644531 14.599307060241699219 14.597691535949707031 14.593687057495117188 14.585443496704101563 14.573758125305175781 14.56528472900390625 14.559905052185058594 14.554060935974121094 14.549654006958007813 14.546993255615234375 14.545670509338378906 14.541921615600585938 14.538006782531738281 14.531208038330078125 14.52419281005859375 14.515637397766113281 14.504727363586425781 14.495537757873535156 14.487897872924804688 14.471385002136230469 14.453410148620605469 14.4417877197265625 14.437094688415527344 14.434007644653320313 14.432003021240234375 14.429418563842773438 14.426824569702148438 14.425402641296386719 14.424451828002929688 14.423219680786132813 14.421936988830566406 14.419942855834960938 14.416948318481445313 14.414515495300292969 14.41260528564453125
14.63600921630859375 14.632561683654785156 14.628747940063476563 14.624869346618652344 14.619558334350585938 14.611970901489257813 14.608893394470214844 14.606589317321777344 14.60472869873046875 14.599359512329101563 14.591257095336914063 14.578969001770019531 14.569174766540527344 14.563971519470214844 14.558594703674316406 14.552622795104980469 14.550048828125 14.548262596130371094 14.543335914611816406 14.538937568664550781 14.532465934753417969 14.525583267211914063 14.516546249389648438 14.505650520324707031 14.496445655822753906 14.488800048828125 14.473102569580078125 14.4573516845703125 14.447472572326660156 14.442796707153320313 14.439388275146484375 14.437444686889648438 14.435164451599121094 14.432080268859863281 14.43064117431640625 14.430411338806152344 14.428592681884765625 14.426988601684570313 14.424691200256347656 14.421072006225585938 14.418275833129882813 14.416685104370117188
14.638702392578125 14.634284019470214844 14.630347251892089844 14.626969337463378906 14.623113632202148438 14.618485450744628906 14.615702629089355469 14.613292694091796875 14.610236167907714844 14.605422019958496094 14.598093032836914063 14.585509300231933594 14.5745849609375 14.569580078125 14.563879013061523438 14.556895256042480469 14.553948402404785156 14.551846504211425781 14.54633331298828125 14.541696548461914063 14.534865379333496094 14.525860786437988281 14.51673126220703125 14.506112098693847656 14.497548103332519531 14.490311622619628906 14.475846290588378906 14.460703849792480469 14.451247215270996094 14.447324752807617188 14.445162773132324219 14.444340705871582031 14.442777633666992188 14.440408706665039063 14.439599037170410156 14.439078330993652344 14.436406135559082031 14.434072494506835938 14.431793212890625 14.427151679992675781 14.423345565795898438 14.42160797119140625
14.638401031494140625 14.633234977722167969 14.629416465759277344 14.626677513122558594 14.623540878295898438 14.620175361633300781 14.617636680603027344 14.614935874938964844 14.611361503601074219 14.608404159545898438 14.602350234985351563 14.591367721557617188 14.581829071044921875 14.577146530151367188 14.570830345153808594 14.562444686889648438 14.558172225952148438 14.554799079895019531 14.548892021179199219 14.544939041137695313 14.538014411926269531 14.529506683349609375 14.521105766296386719 14.509256362915039063 14.500020980834960938 14.492890357971191406 14.478709220886230469 14.463238716125488281 14.45471954345703125 14.452689170837402344 14.452342987060546875 14.452189445495605469 14.451565742492675781 14.451532363891601563 14.452195167541503906 14.452394485473632813 14.450360298156738281 14.447299957275390625 14.444719314575195313 14.44001007080078125 14.436224937438964844 14.432096481323242188
14.636292457580566406 14.630948066711425781 14.62636566162109375 14.62352752685546875 14.621634483337402344 14.618231773376464844 14.615770339965820313 14.612874031066894531 14.609064102172851563 14.605305671691894531 14.599720001220703125 14.592653274536132813 14.587420463562011719 14.584073066711425781 14.577943801879882813 14.570409774780273438 14.564977645874023438 14.558961868286132813 14.551693916320800781 14.548055648803710938 14.542857170104980469 14.537257194519042969 14.529437065124511719 14.517439842224121094 14.507914543151855469 14.499769210815429688 14.4849700927734375 14.468840599060058594 14.459208488464355469 14.456145286560058594 14.455939292907714844 14.45629119873046875 14.456426620483398438 14.457674026489257813 14.459333419799804688 14.459908485412597656 14.457537651062011719 14.454095840454101563 14.451216697692871094 14.447534561157226563 14.44402313232421875 14.439070701599121094
14.635310173034667969 14.628961563110351563 14.623597145080566406 14.620622634887695313 14.618406295776367188 14.614872932434082031 14.612287521362304688 14.609777450561523438 14.6064605712890625 14.602829933166503906 14.598295211791992188 14.593328475952148438 14.589569091796875 14.586754798889160156 14.580780982971191406 14.573331832885742188 14.566914558410644531 14.560435295104980469 14.553391456604003906 14.54949951171875 14.545077323913574219 14.541782379150390625 14.534541130065917969 14.523192405700683594 14.513918876647949219 14.506371498107910156 14.491460800170898438 14.474054336547851563 14.46442413330078125 14.460591316223144531 14.460123062133789063 14.460414886474609375 14.460689544677734375 14.462527275085449219 14.46463775634765625 14.465839385986328125 14.463581085205078125 14.459877967834472656 14.456547737121582031 14.452808380126953125 14.44887542724609375 14.444291114807128906
14.634876251220703125 14.627635002136230469 14.621608734130859375 14.617997169494628906 14.614789962768554688 14.611229896545410156 14.609056472778320313 14.606977462768554688 14.604352951049804688 14.60094451904296875 14.597121238708496094 14.593341827392578125 14.590447425842285156 14.5880584716796875 14.582586288452148438 14.575379371643066406 14.568144798278808594 14.560909271240234375 14.553812980651855469 14.550208091735839844 14.546960830688476563 14.544676780700683594 14.5386505126953125 14.529375076293945313 14.520531654357910156 14.513703346252441406 14.498575210571289063 14.479551315307617188 14.470445632934570313 14.467028617858886719 14.466383934020996094 14.466063499450683594 14.466085433959960938 14.467797279357910156 14.469545364379882813 14.471002578735351563 14.469735145568847656 14.466892242431640625 14.463801383972167969 14.459498405456542969 14.454701423645019531 14.449795722961425781
14.635061264038085938 14.626524925231933594 14.619859695434570313 14.615390777587890625 14.61125946044921875 14.607611656188964844 14.606329917907714844 14.605108261108398438 14.603132247924804688 14.600121498107910156 14.596648216247558594 14.593270301818847656 14.591005325317382813 14.588641166687011719 14.584294319152832031 14.5776519775390625 14.569623947143554688 14.561840057373046875 14.555109024047851563 14.551835060119628906 14.548413276672363281 14.545533180236816406 14.54128265380859375 14.534689903259277344 14.527963638305664063 14.522058486938476563 14.507015228271484375 14.487225532531738281 14.478108406066894531 14.475419044494628906 14.474295616149902344 14.473490715026855469 14.473819732666015625 14.474214553833007813 14.47519683837890625 14.476787567138671875 14.477513313293457031 14.476504325866699219 14.473993301391601563 14.468309402465820313 14.461827278137207031 14.456511497497558594
14.635499000549316406 14.625885009765625 14.618342399597167969 14.6131591796875 14.60832977294921875 14.604958534240722656 14.604455947875976563 14.604418754577636719 14.603333473205566406 14.600762367248535156 14.597015380859375 14.593115806579589844 14.591143608093261719 14.588831901550292969 14.585545539855957031 14.579468727111816406 14.57117462158203125 14.563206672668457031 14.556963920593261719 14.553850173950195313 14.550353050231933594 14.54648590087890625 14.543195724487304688 14.538563728332519531 14.533765792846679688 14.528690338134765625 14.516038894653320313 14.498627662658691406 14.488364219665527344 14.485537528991699219 14.483282089233398438 14.481840133666992188 14.482080459594726563 14.481423377990722656 14.481547355651855469 14.482369422912597656 14.483173370361328125 14.4832611083984375 14.481706619262695313 14.476054191589355469 14.468461990356445313 14.462508201599121094
