INPUT/RASTER/ASCII/BIO06.asc
ncols        225
nrows        269
xllcorner    473009.983799999987
yllcorner    4429051.174800000153
cellsize     50.000000000000
NODATA_value -9999
[rows 54 to 71 of 269, columns 126 to 167 of 225]
4.6406559944152832031 4.63857269287109375 4.6377305984497070313 4.6369585990905761719 4.6355357170104980469 4.6343007087707519531 4.6260175704956054688 4.6070318222045898438 4.59682464599609375 4.5555357933044433594 4.545238494873046875 4.5412154197692871094 4.5258736610412597656 4.5228204727172851563 4.5222411155700683594 4.5212721824645996094 4.5199975967407226563 4.5187826156616210938 4.5176610946655273438 4.5166029930114746094 4.5159616470336914063 4.5149931907653808594 4.5137500762939453125 4.5126333236694335938 4.5115170478820800781 4.5103106498718261719 4.5093436241149902344 4.5087366104125976563 4.5077195167541503906 4.5065469741821289063 4.50508880615234375 4.5031857490539550781 4.5017838478088378906 4.5001211166381835938 4.4982557296752929688 4.4965529441833496094 4.4946627616882324219 4.4925899505615234375 4.4936852455139160156 4.4946107864379882813 -9999 -9999
4.6451802253723144531 4.6407275199890136719 4.6394138336181640625 4.6385259628295898438 4.6367444992065429688 4.6224102973937988281 4.5888104438781738281 4.5444555282592773438 4.5392022132873535156 4.5323338508605957031 4.5324811935424804688 4.5342378616333007813 4.5338563919067382813 4.5328612327575683594 4.5322766304016113281 4.5312952995300292969 4.5300140380859375 4.5288023948669433594 4.5276808738708496094 4.5266137123107910156 4.5259623527526855469 4.5249843597412109375 4.5237588882446289063 4.5227007865905761719 4.5216464996337890625 4.5204601287841796875 4.5194673538208007813 4.5188393592834472656 4.5177760124206542969 4.5165848731994628906 4.515201568603515625 4.5135645866394042969 4.51242828369140625 4.5111188888549804688 4.5095133781433105469 4.5079364776611328125 4.5061550140380859375 4.5039534568786621094 4.5016050338745117188 4.4992480278015136719 4.4923930168151855469 4.4889774322509765625
4.6656160354614257813 4.6508817672729492188 4.6473016738891601563 4.6464519500732421875 4.6333937644958496094 4.569515228271484375 4.5242371559143066406 4.5163755416870117188 4.51840972900390625 4.5362210273742675781 4.547695159912109375 4.5511121749877929688 4.5501146316528320313 4.5490856170654296875 4.5485024452209472656 4.5475001335144042969 4.5461955070495605469 4.5449891090393066406 4.5438799858093261719 4.5427942276000976563 4.5421252250671386719 4.5411272048950195313 4.5398859977722167969 4.538814544677734375 4.5377469062805175781 4.5365490913391113281 4.5355844497680664063 4.5349884033203125 4.5339708328247070313 4.5328049659729003906 4.5314793586730957031 4.5300192832946777344 4.5290560722351074219 4.5279893875122070313 4.5266256332397460938 4.5253167152404785156 4.5239930152893066406 4.5211534500122070313 4.5164093971252441406 4.5109095573425292969 4.5027227401733398438 4.499423980712890625
4.7069597244262695313 4.6827068328857421875 4.6764898300170898438 4.6707129478454589844 4.6083045005798339844 4.5380921363830566406 4.532428741455078125 4.5307288169860839844 4.5307140350341796875 4.5364346504211425781 4.5512981414794921875 4.5653438568115234375 4.5669894218444824219 4.5660457611083984375 4.5655350685119628906 4.5645737648010253906 4.5633168220520019531 4.5621857643127441406 4.5611519813537597656 4.5601105690002441406 4.5594878196716308594 4.5585374832153320313 4.5573458671569824219 4.5563173294067382813 4.5552926063537597656 4.5541577339172363281 4.5532984733581542969 4.5528059005737304688 4.5519256591796875 4.5508866310119628906 4.5496988296508789063 4.5484404563903808594 4.5476436614990234375 4.5467653274536132813 4.5455598831176757813 4.5444149971008300781 4.5434017181396484375 4.5391392707824707031 4.5314955711364746094 4.5262627601623535156 4.5207400321960449219 4.5183663368225097656
4.7528004646301269531 4.7268023490905761719 4.7213802337646484375 4.708423614501953125 4.5966510772705078125 4.5687003135681152344 4.5576028823852539063 4.5479207038879394531 4.5460305213928222656 4.5448956489562988281 4.5445241928100585938 4.5556807518005371094 4.5665264129638671875 4.566654205322265625 4.566143035888671875 4.5651788711547851563 4.5639190673828125 4.5627894401550292969 4.5617547035217285156 4.5607118606567382813 4.5600881576538085938 4.5591359138488769531 4.5579442977905273438 4.556915283203125 4.5558943748474121094 4.5548114776611328125 4.55408477783203125 4.5534615516662597656 4.552562713623046875 4.5514812469482421875 4.55023956298828125 4.5489358901977539063 4.5481228828430175781 4.5472364425659179688 4.5460610389709472656 4.5449361801147460938 4.5438890457153320313 4.5423955917358398438 4.5405178070068359375 4.5391550064086914063 4.5369982719421386719 4.5350441932678222656
4.78424072265625 4.7708125114440917969 4.7693262100219726563 4.7163105010986328125 4.6262359619140625 4.6070680618286132813 4.5875873565673828125 4.5724997520446777344 4.570281982421875 4.5686669349670410156 4.5593953132629394531 4.5519561767578125 4.5648102760314941406 4.5722708702087402344 4.5717635154724121094 4.5707883834838867188 4.5695095062255859375 4.5683650970458984375 4.5673165321350097656 4.566253662109375 4.5656099319458007813 4.5646338462829589844 4.5634217262268066406 4.5623731613159179688 4.5613617897033691406 4.5603466033935546875 4.5597701072692871094 4.5589466094970703125 4.5606966018676757813 4.5661840438842773438 4.5642299652099609375 4.557682037353515625 4.5538878440856933594 4.5527596473693847656 4.5515475273132324219 4.5499520301818847656 4.5465331077575683594 4.5433630943298339844 4.541736602783203125 4.5408349037170410156 4.5393323898315429688 4.5377526283264160156
4.8075852394104003906 4.8004126548767089844 4.7663865089416503906 4.6815972328186035156 4.6436038017272949219 4.6354389190673828125 4.6214666366577148438 4.6144270896911621094 4.6134495735168457031 4.611766815185546875 4.6025390625 4.5921092033386230469 4.595745086669921875 4.6015000343322753906 4.6013073921203613281 4.6014738082885742188 4.6006927490234375 4.5994443893432617188 4.5982618331909179688 4.5971169471740722656 4.5963883399963378906 4.5953197479248046875 4.5940189361572265625 4.5928888320922851563 4.5918059349060058594 4.5907673835754394531 4.5901899337768554688 4.5893955230712890625 4.5913233757019042969 4.5971741676330566406 4.5941281318664550781 4.5819172859191894531 4.5740518569946289063 4.572566986083984375 4.5712938308715820313 4.5691509246826171875 4.5620083808898925781 4.5527057647705078125 4.5490360260009765625 4.5478129386901855469 4.5442156791687011719 4.5400099754333496094
4.8149304389953613281 4.7592649459838867188 4.703128814697265625 4.6669716835021972656 4.6587133407592773438 4.6519579887390136719 4.6442809104919433594 4.6424918174743652344 4.6419281959533691406 4.6392254829406738281 4.6321382522583007813 4.6280117034912109375 4.6270084381103515625 4.6261477470397949219 4.6246666908264160156 4.6305670738220214844 4.6367154121398925781 4.6354360580444335938 4.6333818435668945313 4.6322927474975585938 4.6316103935241699219 4.6305723190307617188 4.6293082237243652344 4.6282153129577636719 4.6271409988403320313 4.6261172294616699219 4.6256322860717773438 4.6250667572021484375 4.6247043609619140625 4.6245021820068359375 4.6210560798645019531 4.60837554931640625 4.6011457443237304688 4.5997891426086425781 4.5985364913940429688 4.5967168807983398438 4.58933258056640625 4.5755524635314941406 4.5696997642517089844 4.5681786537170410156 4.5619354248046875 4.5517973899841308594
4.81571197509765625 4.7250566482543945313 4.6769242286682128906 4.6746125221252441406 4.6716241836547851563 4.6639971733093261719 4.65702056884765625 4.6561918258666992188 4.655735015869140625 4.6517963409423828125 4.6438741683959960938 4.6411881446838378906 4.6396470069885253906 4.6356520652770996094 4.6315703392028808594 4.6346421241760253906 4.64910888671875 4.6514267921447753906 4.6495022773742675781 4.6485185623168945313 4.6478724479675292969 4.64678955078125 4.6454863548278808594 4.64437103271484375 4.6432814598083496094 4.6422457695007324219 4.6418013572692871094 4.6413674354553222656 4.6410999298095703125 4.6408410072326660156 4.6375279426574707031 4.62885284423828125 4.6254301071166992188 4.6244192123413085938 4.6231904029846191406 4.6217961311340332031 4.614501953125 4.6009831428527832031 4.5958561897277832031 4.5947051048278808594 4.5890150070190429688 4.5759892463684082031
4.784694671630859375 4.7042946815490722656 4.6867895126342773438 4.6840777397155761719 4.6807971000671386719 4.6748957633972167969 4.6696577072143554688 4.66872406005859375 4.668292999267578125 4.6635928153991699219 4.6553587913513183594 4.6536736488342285156 4.6517767906188964844 4.6452002525329589844 4.64102935791015625 4.639728546142578125 4.6484618186950683594 4.6565318107604980469 4.6553277969360351563 4.6539406776428222656 4.6530900001525878906 4.6520237922668457031 4.6506643295288085938 4.649410247802734375 4.6482744216918945313 4.6472949981689453125 4.6468911170959472656 4.6464948654174804688 4.6462917327880859375 4.64603424072265625 4.6443657875061035156 4.64183807373046875 4.6408491134643554688 4.6399736404418945313 4.6387481689453125 4.636898040771484375 4.6301937103271484375 4.6221623420715332031 4.619632720947265625 4.6189064979553222656 4.6135544776916503906 4.6004271507263183594
4.7219190597534179688 4.6956758499145507813 4.6942691802978515625 4.6912655830383300781 4.6878843307495117188 4.6845736503601074219 4.6798787117004394531 4.6776547431945800781 4.6772565841674804688 4.6742272377014160156 4.6691308021545410156 4.6676859855651855469 4.6653323173522949219 4.656414031982421875 4.6520099639892578125 4.6514296531677246094 4.6506133079528808594 4.6568074226379394531 4.6646714210510253906 4.6595664024353027344 4.6567697525024414063 4.6555843353271484375 4.6540055274963378906 4.6525030136108398438 4.6513905525207519531 4.6504998207092285156 4.6501145362854003906 4.649532318115234375 4.6484098434448242188 4.6480245590209960938 4.6475758552551269531 4.6465177536010742188 4.6457161903381347656 4.6447553634643554688 4.6432776451110839844 4.6411237716674804688 4.6384181976318359375 4.6362938880920410156 4.6352519989013671875 4.6342101097106933594 4.6290197372436523438 4.6212258338928222656
4.7197422981262207031 4.7134571075439453125 4.711467742919921875 4.7082529067993164063 4.70485687255859375 4.7007055282592773438 4.6908450126647949219 4.68585205078125 4.68572235107421875 4.6856746673583984375 4.6822667121887207031 4.6791920661926269531 4.6773400306701660156 4.67244720458984375 4.6692409515380859375 4.6674532890319824219 4.6639251708984375 4.6593680381774902344 4.6689977645874023438 4.6702084541320800781 4.6698164939880371094 4.6686701774597167969 4.6636109352111816406 4.6588306427001953125 4.6572957038879394531 4.6557374000549316406 4.6552381515502929688 4.6542596817016601563 4.6526293754577636719 4.6519389152526855469 4.6510424613952636719 4.6497349739074707031 4.6488924026489257813 4.6473650932312011719 4.6446294784545898438 4.6429944038391113281 4.641895294189453125 4.6407027244567871094 4.6396679878234863281 4.6384482383728027344 4.6360821723937988281 4.6338229179382324219
4.7317271232604980469 4.7268233299255371094 4.7240529060363769531 4.7210135459899902344 4.7179503440856933594 4.7148542404174804688 4.7085371017456054688 4.7042241096496582031 4.7044472694396972656 4.7080931663513183594 4.7051858901977539063 4.7006368637084960938 4.6987614631652832031 4.6972255706787109375 4.6918797492980957031 4.6847910881042480469 4.6828489303588867188 4.6773118972778320313 4.6734662055969238281 4.6775183677673339844 4.6848936080932617188 4.68970489501953125 4.6836338043212890625 4.677013397216796875 4.6720976829528808594 4.6665639877319335938 4.6655259132385253906 4.6620545387268066406 4.6580424308776855469 4.6555972099304199219 4.6538305282592773438 4.6524538993835449219 4.6516475677490234375 4.6504650115966796875 4.6485829353332519531 4.6471152305603027344 4.6461472511291503906 4.6442623138427734375 4.6427397727966308594 4.6419744491577148438 4.6408567428588867188 4.63878631591796875
4.742946624755859375 4.7374615669250488281 4.7349672317504882813 4.7323083877563476563 4.7296309471130371094 4.7273607254028320313 4.7232909202575683594 4.7192430496215820313 4.7185382843017578125 4.71917724609375 4.7171072959899902344 4.712299346923828125 4.7098135948181152344 4.7089037895202636719 4.7061152458190917969 4.701778411865234375 4.7000288963317871094 4.6923499107360839844 4.6838173866271972656 4.6808629035949707031 4.6797394752502441406 4.6927866935729980469 4.6960921287536621094 4.6915783882141113281 4.6855111122131347656 4.6792378425598144531 4.6780819892883300781 4.6727838516235351563 4.6654076576232910156 4.6590480804443359375 4.6560821533203125 4.6531219482421875 4.6520390510559082031 4.6509923934936523438 4.6494426727294921875 4.6480169296264648438 4.6470794677734375 4.6459708213806152344 4.6448974609375 4.6442875862121582031 4.6433005332946777344 4.6413021087646484375
4.7493114471435546875 4.7442975044250488281 4.7419390678405761719 4.7393555641174316406 4.7369818687438964844 4.7349071502685546875 4.7314076423645019531 4.728656768798828125 4.7280697822570800781 4.7276930809020996094 4.7255578041076660156 4.7206158638000488281 4.7181057929992675781 4.7174696922302246094 4.716644287109375 4.7135310173034667969 4.7111620903015136719 4.7058711051940917969 4.6995110511779785156 4.6923928260803222656 4.6852502822875976563 4.6914610862731933594 4.7041635513305664063 4.7016696929931640625 4.6964650154113769531 4.6927943229675292969 4.6916012763977050781 4.6856045722961425781 4.6762561798095703125 4.6672534942626953125 4.662837982177734375 4.65599822998046875 4.6538190841674804688 4.6512370109558105469 4.6492772102355957031 4.6479363441467285156 4.6469850540161132813 4.6461100578308105469 4.6452054977416992188 4.6446046829223632813 4.6436209678649902344 4.642414093017578125
4.7528758049011230469 4.7501125335693359375 4.7477116584777832031 4.7453708648681640625 4.7434220314025878906 4.7414522171020507813 4.7383999824523925781 4.7363729476928710938 4.7360110282897949219 4.7356581687927246094 4.7333278656005859375 4.7300252914428710938 4.7287230491638183594 4.7283573150634765625 4.727268218994140625 4.7232689857482910156 4.7206673622131347656 4.7177119255065917969 4.7125725746154785156 4.7077388763427734375 4.7035374641418457031 4.7019472122192382813 4.7093076705932617188 4.7127470970153808594 4.7108163833618164063 4.7049474716186523438 4.70194244384765625 4.6990294456481933594 4.6911883354187011719 4.6810817718505859375 4.67581939697265625 4.6660799980163574219 4.6624612808227539063 4.6554436683654785156 4.6519141197204589844 4.6488475799560546875 4.6469564437866210938 4.6458034515380859375 4.644840240478515625 4.6442027091979980469 4.6431894302368164063 4.642215728759765625
4.7626352310180664063 4.7599339485168457031 4.7576856613159179688 4.7558140754699707031 4.7542500495910644531 4.7526383399963378906 4.7513031959533691406 4.7505679130554199219 4.7502965927124023438 4.7501330375671386719 4.7484564781188964844 4.7462620735168457031 4.7455534934997558594 4.7451910972595214844 4.7426209449768066406 4.7368054389953613281 4.7340860366821289063 4.7315993309020996094 4.7272181510925292969 4.7251973152160644531 4.7237639427185058594 4.720195770263671875 4.7176542282104492188 4.721088409423828125 4.7280278205871582031 4.7217955589294433594 4.7179126739501953125 4.7164182662963867188 4.708042144775390625 4.6968159675598144531 4.6906790733337402344 4.6807870864868164063 4.6765184402465820313 4.6667013168334960938 4.6616301536560058594 4.6543221473693847656 4.6490383148193359375 4.6459069252014160156 4.6446690559387207031 4.6439557075500488281 4.6428923606872558594 4.6419153213500976563
4.7770342826843261719 4.7745676040649414063 4.7725553512573242188 4.7708506584167480469 4.7694177627563476563 4.767730712890625 4.766216278076171875 4.7655024528503417969 4.7652993202209472656 4.765445709228515625 4.76563262939453125 4.7652258872985839844 4.76470184326171875 4.7643828392028808594 4.7615509033203125 4.755123138427734375 4.7521715164184570313 4.7507963180541992188 4.7492990493774414063 4.7483677864074707031 4.7477693557739257813 4.7461819648742675781 4.7388072013854980469 4.7305479049682617188 4.7399463653564453125 4.7480711936950683594 4.7483606338500976563 4.7464962005615234375 4.7345910072326660156 4.7168827056884765625 4.71038055419921875 4.7050795555114746094 4.699153900146484375 4.6852865219116210938 4.6764225959777832031 4.6726393699645996094 4.6728687286376953125 4.6639757156372070313 4.65952301025390625 4.6550245285034179688 4.6495480537414550781 4.6442117691040039063
