INPUT/RASTER/ASCII/BIO08.asc
ncols        225
nrows        269
xllcorner    473009.983799999987
yllcorner    4429051.174800000153
cellsize     50.000000000000
NODATA_value  -9999
[rows 228 to 246 of 269, columns 129 to 171 of 225]
14.748510360717773438 14.749487876892089844 14.749423027038574219 14.74859619140625 14.747362136840820313 14.745573043823242188 14.744688034057617188 14.744787216186523438 14.748531341552734375 14.755667686462402344 14.756284713745117188 14.752489089965820313 14.747583389282226563 14.743320465087890625 14.734710693359375 14.725781440734863281 14.721398353576660156 14.715506553649902344 14.708437919616699219 14.7052001953125 14.704984664916992188 14.701872825622558594 14.693563461303710938 14.684703826904296875 14.6786041259765625 14.673366546630859375 14.670238494873046875 14.665318489074707031 14.659144401550292969 14.651536941528320313 14.641927719116210938 14.640127182006835938 14.639054298400878906 14.640863418579101563 14.668303489685058594 14.734051704406738281 14.797394752502441406 14.827980995178222656 14.833109855651855469 14.820627212524414063 14.792600631713867188 14.749001502990722656 14.686957359313964844
14.75171661376953125 14.751825332641601563 14.751033782958984375 14.749983787536621094 14.748280525207519531 14.745543479919433594 14.744642257690429688 14.745243072509765625 14.750585556030273438 14.757927894592285156 14.758758544921875 14.755779266357421875 14.752218246459960938 14.748641014099121094 14.740093231201171875 14.731331825256347656 14.726087570190429688 14.719202995300292969 14.710711479187011719 14.706701278686523438 14.70610809326171875 14.702790260314941406 14.692984580993652344 14.682538032531738281 14.677411079406738281 14.673949241638183594 14.670569419860839844 14.665535926818847656 14.660549163818359375 14.654684066772460938 14.646458625793457031 14.641279220581054688 14.639562606811523438 14.653161048889160156 14.703348159790039063 14.7721099853515625 14.826256752014160156 14.850831031799316406 14.850022315979003906 14.82605743408203125 14.786704063415527344 14.739453315734863281 14.678295135498046875
14.755855560302734375 14.755594253540039063 14.75384521484375 14.75090789794921875 14.745792388916015625 14.74322509765625 14.743508338928222656 14.746440887451171875 14.754477500915527344 14.7620697021484375 14.7626800537109375 14.755837440490722656 14.748866081237792969 14.745220184326171875 14.738320350646972656 14.729921340942382813 14.722470283508300781 14.714564323425292969 14.708927154541015625 14.707200050354003906 14.705739974975585938 14.700539588928222656 14.692392349243164063 14.68544769287109375 14.681156158447265625 14.678476333618164063 14.6753387451171875 14.670354843139648438 14.666368484497070313 14.661200523376464844 14.653484344482421875 14.646136283874511719 14.650933265686035156 14.684079170227050781 14.746756553649902344 14.803899765014648438 14.841401100158691406 14.859263420104980469 14.857820510864257813 14.8324432373046875 14.778385162353515625 14.715363502502441406 14.659250259399414063
14.756700515747070313 14.756284713745117188 14.754097938537597656 14.749358177185058594 14.738613128662109375 14.734305381774902344 14.735692977905273438 14.740294456481933594 14.749535560607910156 14.757374763488769531 14.759274482727050781 14.755090713500976563 14.749381065368652344 14.74576568603515625 14.739256858825683594 14.730982780456542969 14.722437858581542969 14.713847160339355469 14.709718704223632813 14.70970916748046875 14.708482742309570313 14.703889846801757813 14.697163581848144531 14.69101715087890625 14.687426567077636719 14.685086250305175781 14.682149887084960938 14.677649497985839844 14.673359870910644531 14.666592597961425781 14.657588005065917969 14.653211593627929688 14.669568061828613281 14.7221221923828125 14.787135124206542969 14.834467887878417969 14.854351997375488281 14.862359046936035156 14.861994743347167969 14.837828636169433594 14.772588729858398438 14.696207046508789063 14.64533233642578125
14.752476692199707031 14.752294540405273438 14.750229835510253906 14.74588775634765625 14.738573074340820313 14.734682083129882813 14.736693382263183594 14.741588592529296875 14.750818252563476563 14.758481025695800781 14.759709358215332031 14.756243705749511719 14.751096725463867188 14.747467041015625 14.741089820861816406 14.73229217529296875 14.723901748657226563 14.716189384460449219 14.712536811828613281 14.712016105651855469 14.710808753967285156 14.706765174865722656 14.701226234436035156 14.696035385131835938 14.692826271057128906 14.691029548645019531 14.688327789306640625 14.684290885925292969 14.679020881652832031 14.670268058776855469 14.659691810607910156 14.663087844848632813 14.691533088684082031 14.757307052612304688 14.818751335144042969 14.855291366577148438 14.862394332885742188 14.861047744750976563 14.857913017272949219 14.833192825317382813 14.769845008850097656 14.694812774658203125 14.644466400146484375
14.75345611572265625 14.753626823425292969 14.751891136169433594 14.748421669006347656 14.743451118469238281 14.739398002624511719 14.740677833557128906 14.7448883056640625 14.75392913818359375 14.761803627014160156 14.762630462646484375 14.75905609130859375 14.754227638244628906 14.750993728637695313 14.743432044982910156 14.733518600463867188 14.725827217102050781 14.720009803771972656 14.716701507568359375 14.715493202209472656 14.713916778564453125 14.709947586059570313 14.704993247985839844 14.700507164001464844 14.69766998291015625 14.696358680725097656 14.694029808044433594 14.690519332885742188 14.683856010437011719 14.672613143920898438 14.663111686706542969 14.679414749145507813 14.716478347778320313 14.786388397216796875 14.839662551879882813 14.865117073059082031 14.864175796508789063 14.853377342224121094 14.84368133544921875 14.816853523254394531 14.768024444580078125 14.707563400268554688 14.653775215148925781
14.755984306335449219 14.755910873413085938 14.754815101623535156 14.752528190612792969 14.749438285827636719 14.745269775390625 14.744592666625976563 14.74784088134765625 14.756928443908691406 14.766231536865234375 14.768492698669433594 14.764319419860839844 14.758765220642089844 14.755347251892089844 14.746636390686035156 14.736317634582519531 14.729883193969726563 14.725652694702148438 14.7220916748046875 14.720133781433105469 14.718588829040527344 14.71494293212890625 14.710036277770996094 14.705486297607421875 14.702956199645996094 14.70182037353515625 14.700356483459472656 14.696860313415527344 14.688312530517578125 14.676281929016113281 14.675167083740234375 14.704712867736816406 14.741036415100097656 14.8046417236328125 14.850531578063964844 14.86852264404296875 14.862786293029785156 14.842749595642089844 14.825056076049804688 14.797475814819335938 14.765600204467773438 14.720480918884277344 14.662585258483886719
14.758233070373535156 14.757768630981445313 14.756920814514160156 14.755318641662597656 14.752254486083984375 14.748333930969238281 14.747096061706542969 14.75162506103515625 14.763227462768554688 14.772845268249511719 14.774668693542480469 14.769886970520019531 14.762559890747070313 14.757626533508300781 14.750318527221679688 14.742326736450195313 14.737633705139160156 14.73415374755859375 14.730294227600097656 14.727627754211425781 14.72554779052734375 14.721712112426757813 14.717167854309082031 14.713163375854492188 14.711350440979003906 14.71070098876953125 14.708643913269042969 14.703195571899414063 14.693444252014160156 14.687958717346191406 14.705953598022460938 14.741574287414550781 14.767655372619628906 14.815181732177734375 14.854440689086914063 14.86974334716796875 14.862558364868164063 14.838210105895996094 14.81696319580078125 14.789465904235839844 14.760241508483886719 14.718453407287597656 14.667580604553222656
14.761011123657226563 14.760211944580078125 14.758606910705566406 14.756763458251953125 14.754507064819335938 14.752387046813964844 14.753759384155273438 14.76016998291015625 14.772336006164550781 14.779137611389160156 14.778262138366699219 14.772878646850585938 14.764993667602539063 14.759935379028320313 14.755887031555175781 14.751809120178222656 14.747803688049316406 14.743940353393554688 14.739665031433105469 14.734986305236816406 14.732090950012207031 14.727993965148925781 14.724436759948730469 14.722157478332519531 14.721597671508789063 14.720506668090820313 14.715885162353515625 14.707512855529785156 14.699838638305664063 14.706216812133789063 14.741588592529296875 14.779076576232910156 14.796288490295410156 14.829538345336914063 14.861235618591308594 14.872491836547851563 14.86553955078125 14.843611717224121094 14.822756767272949219 14.791724205017089844 14.760137557983398438 14.724750518798828125 14.687503814697265625
14.764072418212890625 14.762995719909667969 14.760747909545898438 14.758855819702148438 14.757657051086425781 14.758379936218261719 14.762828826904296875 14.768668174743652344 14.777490615844726563 14.782876014709472656 14.781264305114746094 14.775022506713867188 14.767731666564941406 14.763782501220703125 14.761851310729980469 14.759853363037109375 14.755870819091796875 14.752353668212890625 14.747384071350097656 14.741804122924804688 14.735648155212402344 14.73085784912109375 14.728455543518066406 14.7282867431640625 14.727789878845214844 14.725836753845214844 14.718508720397949219 14.707877159118652344 14.702434539794921875 14.718188285827636719 14.759245872497558594 14.79570770263671875 14.81310272216796875 14.842921257019042969 14.866528511047363281 14.874200820922851563 14.868009567260742188 14.849028587341308594 14.829112052917480469 14.797368049621582031 14.767992973327636719 14.741083145141601563 14.708250999450683594
14.766757011413574219 14.765488624572753906 14.762983322143554688 14.760838508605957031 14.7604217529296875 14.763283729553222656 14.769071578979492188 14.77400970458984375 14.780959129333496094 14.785885810852050781 14.785055160522460938 14.779459953308105469 14.772522926330566406 14.768756866455078125 14.767271995544433594 14.767145156860351563 14.764880180358886719 14.761859893798828125 14.754610061645507813 14.748224258422851563 14.738989830017089844 14.733854293823242188 14.732634544372558594 14.733599662780761719 14.732769966125488281 14.730238914489746094 14.721177101135253906 14.710712432861328125 14.710646629333496094 14.735982894897460938 14.782901763916015625 14.81644439697265625 14.831442832946777344 14.855091094970703125 14.871906280517578125 14.876161575317382813 14.867647171020507813 14.849668502807617188 14.832820892333984375 14.805045127868652344 14.776967048645019531 14.753223419189453125 14.722833633422851563
14.7697906494140625 14.768260002136230469 14.765241622924804688 14.7630157470703125 14.762396812438964844 14.7657012939453125 14.771971702575683594 14.776411056518554688 14.783161163330078125 14.788732528686523438 14.789091110229492188 14.785129547119140625 14.779744148254394531 14.776704788208007813 14.773825645446777344 14.7726593017578125 14.771092414855957031 14.767951011657714844 14.759507179260253906 14.752718925476074219 14.743189811706542969 14.738420486450195313 14.737565040588378906 14.738408088684082031 14.736497879028320313 14.733106613159179688 14.724627494812011719 14.71660614013671875 14.723454475402832031 14.755673408508300781 14.802138328552246094 14.832598686218261719 14.846419334411621094 14.867173194885253906 14.879949569702148438 14.879548072814941406 14.86626434326171875 14.848141670227050781 14.834987640380859375 14.812617301940917969 14.785431861877441406 14.760416984558105469 14.72992706298828125
14.7740020751953125 14.772212028503417969 14.769077301025390625 14.765719413757324219 14.763490676879882813 14.7666168212890625 14.773482322692871094 14.77808380126953125 14.785178184509277344 14.791714668273925781 14.793239593505859375 14.790426254272460938 14.786612510681152344 14.784305572509765625 14.780130386352539063 14.776586532592773438 14.774344444274902344 14.770108222961425781 14.761789321899414063 14.755686759948730469 14.747236251831054688 14.743189811706542969 14.742924690246582031 14.743551254272460938 14.740174293518066406 14.735974311828613281 14.727549552917480469 14.720446586608886719 14.730310440063476563 14.766736030578613281 14.813214302062988281 14.842707633972167969 14.857330322265625 14.879141807556152344 14.890011787414550781 14.885100364685058594 14.867970466613769531 14.849591255187988281 14.838871955871582031 14.820920944213867188 14.795475006103515625 14.76790618896484375 14.736491203308105469
14.778674125671386719 14.777408599853515625 14.774529457092285156 14.769686698913574219 14.766129493713378906 14.769191741943359375 14.776095390319824219 14.780629158020019531 14.787606239318847656 14.794844627380371094 14.797673225402832031 14.795301437377929688 14.791954994201660156 14.789862632751464844 14.785428047180175781 14.780559539794921875 14.776976585388183594 14.771152496337890625 14.762804031372070313 14.757600784301757813 14.751146316528320313 14.748218536376953125 14.748737335205078125 14.74936676025390625 14.745146751403808594 14.740536689758300781 14.731043815612792969 14.72217559814453125 14.732314109802246094 14.771719932556152344 14.821873664855957031 14.854819297790527344 14.87099456787109375 14.892447471618652344 14.900204658508300781 14.893174171447753906 14.875338554382324219 14.857996940612792969 14.849503517150878906 14.836307525634765625 14.813799858093261719 14.785384178161621094 14.75753021240234375
14.7847747802734375 14.784041404724121094 14.781576156616210938 14.777002334594726563 14.773903846740722656 14.7763519287109375 14.78166961669921875 14.785367965698242188 14.791338920593261719 14.798696517944335938 14.80298614501953125 14.801880836486816406 14.799073219299316406 14.797331809997558594 14.793148040771484375 14.786762237548828125 14.780923843383789063 14.773358345031738281 14.765713691711425781 14.762253761291503906 14.758336067199707031 14.75618743896484375 14.757576942443847656 14.758200645446777344 14.752860069274902344 14.747500419616699219 14.736775398254394531 14.72971343994140625 14.746715545654296875 14.787898063659667969 14.833830833435058594 14.866816520690917969 14.882314682006835938 14.900267601013183594 14.905022621154785156 14.898795127868652344 14.88446044921875 14.870128631591796875 14.862804412841796875 14.853351593017578125 14.833146095275878906 14.805791854858398438 14.786130905151367188
14.787653923034667969 14.787039756774902344 14.785310745239257813 14.782194137573242188 14.779868125915527344 14.781391143798828125 14.785191535949707031 14.788294792175292969 14.794054031372070313 14.802454948425292969 14.808172225952148438 14.807934761047363281 14.804487228393554688 14.80193328857421875 14.797601699829101563 14.7891082763671875 14.781933784484863281 14.775730133056640625 14.770185470581054688 14.767769813537597656 14.764432907104492188 14.762280464172363281 14.76363372802734375 14.764026641845703125 14.757709503173828125 14.750893592834472656 14.7419891357421875 14.74454498291015625 14.772933006286621094 14.812325477600097656 14.849057197570800781 14.875902175903320313 14.888247489929199219 14.902078628540039063 14.90592193603515625 14.902222633361816406 14.893523216247558594 14.882599830627441406 14.875493049621582031 14.865839958190917969 14.847970008850097656 14.825960159301757813 14.808829307556152344
14.789215087890625 14.788602828979492188 14.787150382995605469 14.785277366638183594 14.783718109130859375 14.784512519836425781 14.787281036376953125 14.790277481079101563 14.797275543212890625 14.806677818298339844 14.811893463134765625 14.811356544494628906 14.807035446166992188 14.803241729736328125 14.797751426696777344 14.789030075073242188 14.782834053039550781 14.779079437255859375 14.774774551391601563 14.772030830383300781 14.76772308349609375 14.764904022216796875 14.765219688415527344 14.765691757202148438 14.7608184814453125 14.754982948303222656 14.749352455139160156 14.76186370849609375 14.796420097351074219 14.832080841064453125 14.862776756286621094 14.883690834045410156 14.892672538757324219 14.902771949768066406 14.906541824340820313 14.905280113220214844 14.900214195251464844 14.89081573486328125 14.883222579956054688 14.871692657470703125 14.856754302978515625 14.839501380920410156 14.819791793823242188
14.791480064392089844 14.790706634521484375 14.789494514465332031 14.787547111511230469 14.785895347595214844 14.786963462829589844 14.789980888366699219 14.7933197021484375 14.80088043212890625 14.810576438903808594 14.813847541809082031 14.811919212341308594 14.807642936706542969 14.803351402282714844 14.796582221984863281 14.789699554443359375 14.785492897033691406 14.782572746276855469 14.778726577758789063 14.775818824768066406 14.77043914794921875 14.766142845153808594 14.766221046447753906 14.767730712890625 14.764760971069335938 14.760787010192871094 14.758641242980957031 14.775058746337890625 14.80997467041015625 14.84297943115234375 14.870251655578613281 14.887973785400390625 14.895384788513183594 14.904065132141113281 14.908089637756347656 14.907884597778320313 14.902872085571289063 14.894043922424316406 14.886646270751953125 14.87462615966796875 14.86167144775390625 14.846095085144042969 14.824923515319824219
14.793511390686035156 14.792639732360839844 14.791365623474121094 14.789549827575683594 14.7882232666015625 14.789305686950683594 14.792790412902832031 14.7968292236328125 14.804997444152832031 14.813632965087890625 14.814821243286132813 14.811262130737304688 14.807392120361328125 14.803103446960449219 14.796418190002441406 14.791713714599609375 14.789051055908203125 14.78609466552734375 14.782212257385253906 14.779646873474121094 14.774535179138183594 14.768987655639648438 14.768777847290039063 14.771366119384765625 14.769349098205566406 14.766139984130859375 14.765559196472167969 14.781908035278320313 14.816492080688476563 14.848744392395019531 14.874117851257324219 14.890760421752929688 14.897809028625488281 14.905975341796875 14.909698486328125 14.909505844116210938 14.904371261596679688 14.895844459533691406 14.888579368591308594 14.875850677490234375 14.862999916076660156 14.848821640014648438 14.8291473388671875
