INPUT/RASTER/ASCII/BIO06.asc
ncols        225
nrows        269
xllcorner    473000.000000000000
yllcorner    4429100.000000000000
cellsize     50.000000000000
NODATA_value -9999
[rows 60 to 79 of 269, columns 0 to 43 of 225]
-9999 -9999 -9999 -9999 -9999 -9999 -9999 -9999 -9999 -9999 -9999 -9999 -9999 -9999 5.2750248908996582031 5.267299652099609375 5.2641253471374511719 5.2608656883239746094 5.255107879638671875 5.2456035614013671875 5.2371988296508789062 5.2241902351379394531 5.2161417007446289062 5.2148532867431640625 5.2120108604431152344 5.20844268798828125 5.2036786079406738281 5.1867384910583496094 5.1757578849792480469 5.1567249298095703125 5.1541318893432617188 5.1507863998413085938 5.1469602584838867188 5.1409935951232910156 5.1362209320068359375 5.132717132568359375 5.1311450004577636719 5.1273164749145507812 5.1242146492004394531 5.1204547882080078125 5.117572784423828125 5.1143965721130371094 5.1133241653442382812 5.1098585128784179688
-9999 -9999 -9999 -9999 -9999 -9999 -9999 -9999 -9999 -9999 -9999 -9999 -9999 5.3030710220336914062 5.2910170555114746094 5.2754230499267578125 5.26699066162109375 5.2622156143188476562 5.2580471038818359375 5.2514729499816894531 5.2410678863525390625 5.2347917556762695312 5.2224779129028320312 5.2172069549560546875 5.2117686271667480469 5.2087268829345703125 5.2049627304077148438 5.1979236602783203125 5.1932291984558105469 5.1740908622741699219 5.164707183837890625 5.1573801040649414062 5.1524329185485839844 5.1504087448120117188 5.1447963714599609375 5.1427597999572753906 5.1411051750183105469 5.1366558074951171875 5.1343913078308105469 5.1297578811645507812 5.1278271675109863281 5.1243500709533691406 5.12229156494140625 5.1199903488159179688
-9999 -9999 -9999 -9999 -9999 -9999 -9999 -9999 -9999 -9999 -9999 -9999 -9999 5.3086080551147460938 5.3011937141418457031 5.2893018722534179688 5.2823314666748046875 5.2748956680297851562 5.2567548751831054688 5.2521996498107910156 5.2488827705383300781 5.2400641441345214844 5.230686187744140625 5.2283086776733398438 5.2148690223693847656 5.2083110809326171875 5.2046985626220703125 5.2005743980407714844 5.1970834732055664062 5.1905770301818847656 5.1789445877075195312 5.1719455718994140625 5.1607723236083984375 5.1640577316284179688 5.152759552001953125 5.1562633514404296875 5.1541843414306640625 5.1446475982666015625 5.1473326683044433594 5.1375722885131835938 5.1403689384460449219 5.1367464065551757812 5.1299061775207519531 5.1319527626037597656
-9999 -9999 -9999 -9999 -9999 -9999 -9999 -9999 -9999 -9999 -9999 -9999 -9999 5.3099503517150878906 5.3087005615234375 5.2976408004760742188 5.2920165061950683594 5.28676605224609375 5.2714977264404296875 5.2610788345336914062 5.2477703094482421875 5.2488794326782226562 5.2364320755004882812 5.2336549758911132812 5.2279500961303710938 5.214473724365234375 5.2097978591918945312 5.2011003494262695312 5.2015714645385742188 5.1976327896118164062 5.1902742385864257812 5.195186614990234375 5.1900873184204101562 5.188335418701171875 5.181423187255859375 5.1818852424621582031 5.1785855293273925781 5.173187255859375 5.1713933944702148438 5.1654481887817382812 5.1640114784240722656 5.1602954864501953125 5.1572480201721191406 5.1556186676025390625
-9999 -9999 -9999 -9999 -9999 -9999 -9999 -9999 -9999 -9999 -9999 -9999 5.3357105255126953125 5.3258428573608398438 5.3197560310363769531 5.304035186767578125 5.2983145713806152344 5.2919111251831054688 5.2873582839965820312 5.2793231010437011719 5.2678518295288085938 5.2620677947998046875 5.2396984100341796875 5.2384357452392578125 5.2356524467468261719 5.2287034988403320312 5.2235445976257324219 5.212612152099609375 5.2117028236389160156 5.2085547447204589844 5.20455169677734375 5.2029318809509277344 5.1966753005981445312 5.1952853202819824219 5.1878919601440429688 5.188922882080078125 5.1856427192687988281 5.1797590255737304688 5.1781678199768066406 5.171581268310546875 5.17059326171875 5.1671571731567382812 5.1636552810668945312 5.1625957489013671875
-9999 -9999 -9999 -9999 -9999 -9999 -9999 -9999 -9999 -9999 -9999 -9999 5.3409242630004882812 5.3365159034729003906 5.3313694000244140625 5.3191251754760742188 5.301311492919921875 5.2979574203491210938 5.2893695831298828125 5.2858419418334960938 5.2783946990966796875 5.2723073959350585938 5.253711700439453125 5.2458810806274414062 5.2437887191772460938 5.2333431243896484375 5.229900360107421875 5.2229394912719726562 5.21920013427734375 5.2165479660034179688 5.2152204513549804688 5.2110843658447265625 5.2068686485290527344 5.202625274658203125 5.1983523368835449219 5.1965670585632324219 5.1932902336120605469 5.1861634254455566406 5.1855316162109375 5.177639007568359375 5.1778340339660644531 5.1746039390563964844 5.1700196266174316406 5.1701030731201171875
-9999 -9999 -9999 -9999 -9999 -9999 -9999 -9999 -9999 -9999 -9999 -9999 5.3431630134582519531 5.3398728370666503906 5.3351092338562011719 5.3297934532165527344 5.3166928291320800781 5.3192067146301269531 5.3066911697387695312 5.3011431694030761719 5.2957711219787597656 5.2789306640625 5.2770099639892578125 5.2657647132873535156 5.2537312507629394531 5.2478480339050292969 5.2334699630737304688 5.2310514450073242188 5.2260532379150390625 5.2225832939147949219 5.2227697372436523438 5.2165880203247070312 5.2141733169555664062 5.2086639404296875 5.2057123184204101562 5.202579498291015625 5.1999263763427734375 5.1959133148193359375 5.1915483474731445312 5.1870021820068359375 5.1831979751586914062 5.1807737350463867188 5.1797223091125488281 5.1767358779907226562
-9999 -9999 -9999 -9999 -9999 -9999 -9999 -9999 -9999 -9999 5.3584442138671875 5.3539094924926757812 5.3458476066589355469 5.3425092697143554688 5.3349480628967285156 5.3287830352783203125 5.3227734565734863281 5.3199801445007324219 5.3156046867370605469 5.3111019134521484375 5.3077850341796875 5.2964472770690917969 5.2989873886108398438 5.2891173362731933594 5.2695689201354980469 5.270069122314453125 5.2443857192993164062 5.2364478111267089844 5.231021881103515625 5.2273669242858886719 5.227691650390625 5.221103668212890625 5.2189388275146484375 5.2131299972534179688 5.210391998291015625 5.2072587013244628906 5.2042012214660644531 5.2028684616088867188 5.1966838836669921875 5.1941890716552734375 5.1890063285827636719 5.1859445571899414062 5.1870679855346679688 5.1820321083068847656
-9999 -9999 -9999 -9999 -9999 -9999 -9999 -9999 5.3745555877685546875 5.3658390045166015625 5.3624024391174316406 5.3601980209350585938 5.3522315025329589844 5.3470067977905273438 5.3369421958923339844 5.331432342529296875 5.3250594139099121094 5.32108306884765625 5.3154740333557128906 5.3113927841186523438 5.30820465087890625 5.3045697212219238281 5.3014421463012695312 5.2994656562805175781 5.2906064987182617188 5.2920894622802734375 5.2650475502014160156 5.2640666961669921875 5.2505435943603515625 5.2348647117614746094 5.234241485595703125 5.2262563705444335938 5.2236433029174804688 5.2182445526123046875 5.215084075927734375 5.212352752685546875 5.20944976806640625 5.2081212997436523438 5.2024474143981933594 5.1998052597045898438 5.195049285888671875 5.1922693252563476562 5.1930952072143554688 5.1881494522094726562
-9999 -9999 -9999 -9999 -9999 -9999 -9999 -9999 -9999 -9999 5.3664174079895019531 5.3643937110900878906 5.3569040298461914062 5.3519039154052734375 5.3417086601257324219 5.3361616134643554688 5.3279318809509277344 5.3243994712829589844 5.3202877044677734375 5.3165507316589355469 5.3146104812622070312 5.3081769943237304688 5.3049497604370117188 5.30322265625 5.2990694046020507812 5.2938961982727050781 5.2865161895751953125 5.2863907814025878906 5.277408599853515625 5.2691984176635742188 5.27608489990234375 5.2563886642456054688 5.2454495429992675781 5.2340946197509765625 5.227329254150390625 5.2232632637023925781 5.2205824851989746094 5.2206134796142578125 5.2136425971984863281 5.2126073837280273438 5.2066011428833007812 5.2036066055297851562 5.2056059837341308594 5.1992688179016113281
-9999 -9999 -9999 -9999 -9999 -9999 -9999 -9999 -9999 -9999 -9999 -9999 -9999 5.3669028282165527344 5.3512930870056152344 5.34157562255859375 5.3350858688354492188 5.3333859443664550781 5.328952789306640625 5.3248448371887207031 5.3184552192687988281 5.3107151985168457031 5.3073840141296386719 5.305965423583984375 5.3021492958068847656 5.2977991104125976562 5.2929549217224121094 5.2861781120300292969 5.2824044227600097656 5.2788672447204589844 5.2775411605834960938 5.270782470703125 5.266742706298828125 5.2560787200927734375 5.2364482879638671875 5.23207855224609375 5.2235269546508789062 5.2204871177673339844 5.2167096138000488281 5.2128190994262695312 5.2097311019897460938 5.2067480087280273438 5.2056055068969726562 5.2022638320922851562
-9999 -9999 -9999 -9999 -9999 -9999 -9999 -9999 -9999 -9999 -9999 -9999 -9999 -9999 -9999 -9999 -9999 -9999 -9999 5.3272995948791503906 5.3224315643310546875 5.3190932273864746094 5.3153705596923828125 5.3138942718505859375 5.3033618927001953125 5.3003168106079101562 5.2957854270935058594 5.2900209426879882812 5.2863025665283203125 5.2846202850341796875 5.2798213958740234375 5.2726593017578125 5.2683839797973632812 5.2638082504272460938 5.2576251029968261719 5.2535347938537597656 5.2336988449096679688 5.2285594940185546875 5.2175765037536621094 5.2128696441650390625 5.2098712921142578125 5.2066807746887207031 5.2055211067199707031 5.2019176483154296875
-9999 -9999 -9999 -9999 -9999 -9999 -9999 -9999 -9999 -9999 -9999 -9999 -9999 -9999 -9999 -9999 -9999 -9999 -9999 -9999 5.3346815109252929688 5.32546234130859375 5.3160638809204101562 5.3155913352966308594 5.3115983009338378906 5.308322906494140625 5.2979025840759277344 5.2924814224243164062 5.2898182868957519531 5.287914276123046875 5.2831096649169921875 5.2770085334777832031 5.2706255912780761719 5.264537811279296875 5.2603254318237304688 5.2592692375183105469 5.2549958229064941406 5.2503814697265625 5.2309002876281738281 5.2163710594177246094 5.2104792594909667969 5.2070164680480957031 5.2054357528686523438 5.2015638351440429688
-9999 -9999 -9999 -9999 -9999 -9999 -9999 -9999 -9999 -9999 -9999 -9999 -9999 -9999 -9999 -9999 -9999 -9999 -9999 -9999 -9999 5.3402676582336425781 5.3279972076416015625 5.3277716636657714844 5.3167810440063476562 5.3088350296020507812 5.3061251640319824219 5.3005466461181640625 5.2971043586730957031 5.2930121421813964844 5.2839875221252441406 5.2801709175109863281 5.2739071846008300781 5.2685222625732421875 5.2621889114379882812 5.2598452568054199219 5.2569661140441894531 5.2534246444702148438 5.2482175827026367188 5.2327198982238769531 5.222606658935546875 5.21625518798828125 5.2087039947509765625 5.2023587226867675781
-9999 -9999 -9999 -9999 -9999 -9999 -9999 -9999 -9999 -9999 -9999 -9999 -9999 -9999 -9999 -9999 -9999 -9999 -9999 -9999 -9999 -9999 5.3433980941772460938 5.3450975418090820312 5.3335561752319335938 5.322345733642578125 5.3173809051513671875 5.303058624267578125 5.3004832267761230469 5.2948350906372070312 5.2922949790954589844 5.2859473228454589844 5.2753877639770507812 5.2732052803039550781 5.2657985687255859375 5.2643804550170898438 5.2608485221862792969 5.253936767578125 5.2515139579772949219 5.245086669921875 5.2412543296813964844 5.2353196144104003906 5.2246580123901367188 5.2132997512817382812
-9999 -9999 -9999 -9999 -9999 -9999 -9999 -9999 -9999 -9999 -9999 -9999 -9999 -9999 -9999 -9999 -9999 -9999 -9999 -9999 -9999 -9999 -9999 5.3801259994506835938 5.3674373626708984375 5.3424963951110839844 5.3408036231994628906 5.3148555755615234375 5.3218369483947753906 5.3032026290893554688 5.3074536323547363281 5.298313140869140625 5.2853794097900390625 5.2848019599914550781 5.268260955810546875 5.2706189155578613281 5.267520904541015625 5.2615919113159179688 5.2571969032287597656 5.2499556541442871094 5.2441129684448242188 5.2394375801086425781 5.2371244430541992188 5.2330617904663085938
-9999 -9999 -9999 -9999 -9999 -9999 -9999 -9999 -9999 -9999 -9999 -9999 -9999 -9999 -9999 -9999 -9999 -9999 -9999 -9999 -9999 -9999 -9999 -9999 5.3989763259887695312 5.3883991241455078125 5.3761210441589355469 5.3512201309204101562 5.3572134971618652344 5.3412685394287109375 5.3389649391174316406 5.326145172119140625 5.3069934844970703125 5.2994961738586425781 5.2815074920654296875 5.283191680908203125 5.2756228446960449219 5.2696890830993652344 5.2611393928527832031 5.2525110244750976562 5.2475214004516601562 5.2433247566223144531 5.2408266067504882812 5.2348036766052246094
-9999 -9999 -9999 -9999 -9999 -9999 -9999 -9999 -9999 -9999 -9999 -9999 -9999 -9999 -9999 -9999 -9999 -9999 -9999 -9999 -9999 -9999 -9999 -9999 -9999 -9999 5.3942327499389648438 5.3925795555114746094 5.3795714378356933594 5.3747534751892089844 5.3566541671752929688 5.3450407981872558594 5.3336625099182128906 5.3174576759338378906 5.30364227294921875 5.2983646392822265625 5.2863903045654296875 5.275569915771484375 5.2666721343994140625 5.2591552734375 5.2528533935546875 5.2491588592529296875 5.243740081787109375 5.2385702133178710938
-9999 -9999 -9999 -9999 -9999 -9999 -9999 -9999 -9999 -9999 -9999 -9999 -9999 -9999 -9999 -9999 -9999 -9999 -9999 -9999 -9999 -9999 -9999 -9999 -9999 -9999 -9999 -9999 -9999 5.4029412269592285156 5.3839201927185058594 5.3679890632629394531 5.3670873641967773438 5.3355975151062011719 5.3245840072631835938 5.3137693405151367188 5.299182891845703125 5.291767120361328125 5.2742028236389160156 5.2690453529357910156 5.2577877044677734375 5.2542171478271484375 5.2508668899536132812 5.2449793815612792969
-9999 -9999 -9999 -9999 -9999 -9999 -9999 -9999 -9999 -9999 -9999 -9999 -9999 -9999 -9999 -9999 -9999 -9999 -9999 -9999 -9999 -9999 -9999 -9999 -9999 -9999 -9999 -9999 -9999 -9999 5.3951926231384277344 5.3855843544006347656 5.3762869834899902344 5.3553805351257324219 5.338794708251953125 5.3266191482543945312 5.3174080848693847656 5.3127231597900390625 5.2904920578002929688 5.2800121307373046875 5.2658033370971679688 5.2575325965881347656 5.2569208145141601562 5.2490777969360351562
