INPUT/RASTER/ASCII/BIO04.asc
ncols        225
nrows        269
xllcorner    473009.983799999987
yllcorner    4429051.174800000153
cellsize     50.000000000000
NODATA_value -9999
[rows 200 to 219 of 269, columns 46 to 91 of 225]
565.33233642578125 565.798828125 566.07440185546875 566.0941162109375 566.0716552734375 565.9935302734375 565.8612060546875 565.7554931640625 565.67498779296875 565.65704345703125 565.71893310546875 565.94207763671875 566.23211669921875 566.57080078125 566.97509765625 567.3726806640625 567.57562255859375 567.6883544921875 567.8525390625 568.0614013671875 568.2569580078125 568.42791748046875 568.565673828125 568.6666259765625 568.80780029296875 568.92730712890625 569.0242919921875 569.066650390625 569.0679931640625 569.0556640625 568.99957275390625 568.7977294921875 568.45013427734375 568.23419189453125 568.26788330078125 568.4693603515625 568.885986328125 569.337158203125 569.72412109375 569.8848876953125 569.83843994140625 569.78594970703125 569.7957763671875 569.8804931640625 569.9970703125 569.98980712890625
564.77813720703125 565.13934326171875 565.3651123046875 565.37823486328125 565.36328125 565.39190673828125 565.47021484375 565.5589599609375 565.64337158203125 565.7684326171875 565.92333984375 566.30157470703125 566.74359130859375 567.12933349609375 567.443115234375 567.72027587890625 567.85687255859375 567.9591064453125 568.13336181640625 568.321044921875 568.4625244140625 568.57794189453125 568.67584228515625 568.75018310546875 568.85638427734375 568.95928955078125 569.050537109375 569.07427978515625 569.03277587890625 568.9771728515625 568.8453369140625 568.539794921875 568.1593017578125 568.025634765625 568.16412353515625 568.42413330078125 568.921875 569.45623779296875 569.81121826171875 569.85919189453125 569.680908203125 569.57647705078125 569.57879638671875 569.72991943359375 569.9459228515625 570.04327392578125
564.4532470703125 564.634521484375 564.79034423828125 564.87054443359375 564.9241943359375 565.08245849609375 565.3218994140625 565.54937744140625 565.76153564453125 566.00946044921875 566.2330322265625 566.677490234375 567.12554931640625 567.4193115234375 567.628173828125 567.8511962890625 567.97015380859375 568.07391357421875 568.24310302734375 568.3857421875 568.47802734375 568.57025146484375 568.65777587890625 568.7288818359375 568.83563232421875 568.9498291015625 569.0582275390625 569.0748291015625 568.988525390625 568.90216064453125 568.7305908203125 568.35516357421875 567.93780517578125 567.85955810546875 568.08282470703125 568.382080078125 568.91876220703125 569.45172119140625 569.75128173828125 569.79571533203125 569.6417236328125 569.5389404296875 569.51287841796875 569.602294921875 569.7913818359375 569.93841552734375
564.32086181640625 564.43353271484375 564.57275390625 564.71160888671875 564.8175048828125 565.05181884765625 565.38031005859375 565.710693359375 566.03948974609375 566.38201904296875 566.62158203125 566.977294921875 567.24456787109375 567.3756103515625 567.54620361328125 567.81683349609375 567.96044921875 568.06982421875 568.2158203125 568.308837890625 568.3648681640625 568.43658447265625 568.50860595703125 568.57958984375 568.717041015625 568.8856201171875 569.035400390625 569.04486083984375 568.9072265625 568.7908935546875 568.5908203125 568.16162109375 567.72308349609375 567.70111083984375 568.00677490234375 568.36578369140625 568.9984130859375 569.49609375 569.677978515625 569.67724609375 569.56494140625 569.4698486328125 569.4122314453125 569.42333984375 569.5511474609375 569.6944580078125
564.3463134765625 564.454833984375 564.61334228515625 564.79266357421875 564.9337158203125 565.196044921875 565.583984375 566.00518798828125 566.40435791015625 566.7625732421875 566.96514892578125 567.15887451171875 567.20660400390625 567.1932373046875 567.32989501953125 567.650634765625 567.8299560546875 567.93853759765625 568.05084228515625 568.09100341796875 568.11297607421875 568.1741943359375 568.24462890625 568.31866455078125 568.4918212890625 568.72064208984375 568.90185546875 568.90631103515625 568.75189208984375 568.61761474609375 568.40985107421875 568.0152587890625 567.67535400390625 567.76568603515625 568.08935546875 568.45526123046875 568.978271484375 569.31890869140625 569.4588623046875 569.4967041015625 569.45294189453125 569.38739013671875 569.29803466796875 569.2550048828125 569.31353759765625 569.41162109375
564.496337890625 564.59906005859375 564.7716064453125 564.95819091796875 565.12811279296875 565.4405517578125 565.858154296875 566.2904052734375 566.6788330078125 566.9969482421875 567.1339111328125 567.1802978515625 567.1094970703125 567.02642822265625 567.08721923828125 567.34649658203125 567.5211181640625 567.624267578125 567.71856689453125 567.7403564453125 567.7606201171875 567.841796875 567.932373046875 568.02227783203125 568.22076416015625 568.45660400390625 568.677490234375 568.73394775390625 568.6214599609375 568.479248046875 568.2708740234375 567.9547119140625 567.6920166015625 567.73834228515625 568.00677490234375 568.31280517578125 568.7078857421875 569.02203369140625 569.18341064453125 569.26177978515625 569.2955322265625 569.278076171875 569.195068359375 569.12994384765625 569.134765625 569.1826171875
564.7508544921875 564.81329345703125 564.9693603515625 565.13818359375 565.33660888671875 565.72113037109375 566.144287109375 566.52593994140625 566.85247802734375 567.1165771484375 567.21209716796875 567.20635986328125 567.11383056640625 566.9732666015625 566.8963623046875 566.96466064453125 567.0501708984375 567.1385498046875 567.24346923828125 567.28656005859375 567.35400390625 567.50433349609375 567.64031982421875 567.76727294921875 568.00860595703125 568.24615478515625 568.4716796875 568.54547119140625 568.45428466796875 568.29888916015625 568.06158447265625 567.80755615234375 567.63128662109375 567.6414794921875 567.79412841796875 567.9921875 568.3072509765625 568.6456298828125 568.8466796875 568.941162109375 569.039794921875 569.083984375 569.06524658203125 569.0567626953125 569.077392578125 569.1075439453125
565.2158203125 565.17462158203125 565.2662353515625 565.43475341796875 565.6678466796875 566.0955810546875 566.492431640625 566.78619384765625 567.01513671875 567.21112060546875 567.2928466796875 567.318359375 567.24761962890625 567.0477294921875 566.80535888671875 566.6468505859375 566.59783935546875 566.6602783203125 566.80633544921875 566.8939208984375 567.00762939453125 567.21978759765625 567.4212646484375 567.58746337890625 567.8623046875 568.1104736328125 568.26214599609375 568.271240234375 568.1954345703125 568.05059814453125 567.8372802734375 567.67706298828125 567.56207275390625 567.5408935546875 567.57720947265625 567.6724853515625 567.9013671875 568.2440185546875 568.49224853515625 568.61328125 568.7611083984375 568.85516357421875 568.92254638671875 569.02484130859375 569.12188720703125 569.17535400390625
565.80908203125 565.67242431640625 565.69451904296875 565.85308837890625 566.08966064453125 566.49676513671875 566.818603515625 567.01513671875 567.15899658203125 567.3006591796875 567.38287353515625 567.4703369140625 567.46636962890625 567.2647705078125 566.91180419921875 566.64166259765625 566.50201416015625 566.49212646484375 566.60076904296875 566.73614501953125 566.88275146484375 567.0921630859375 567.34796142578125 567.54248046875 567.81402587890625 568.021484375 568.0906982421875 568.04791259765625 567.98199462890625 567.84222412109375 567.65643310546875 567.57171630859375 567.49517822265625 567.4674072265625 567.46600341796875 567.50689697265625 567.66510009765625 567.966552734375 568.24322509765625 568.4132080078125 568.58001708984375 568.69256591796875 568.827880859375 569.03765869140625 569.23895263671875 569.35406494140625
566.15704345703125 566.058837890625 566.0872802734375 566.221923828125 566.4093017578125 566.71710205078125 566.946533203125 567.098388671875 567.2255859375 567.38409423828125 567.4874267578125 567.62005615234375 567.72833251953125 567.6055908203125 567.189453125 566.8109130859375 566.61505126953125 566.50372314453125 566.4752197265625 566.63690185546875 566.86669921875 567.126220703125 567.4052734375 567.61669921875 567.88922119140625 568.02197265625 567.95989990234375 567.821044921875 567.72186279296875 567.614990234375 567.47393798828125 567.41131591796875 567.39117431640625 567.37384033203125 567.36614990234375 567.4039306640625 567.55731201171875 567.8282470703125 568.09051513671875 568.27325439453125 568.44146728515625 568.5655517578125 568.7608642578125 569.06097412109375 569.3828125 569.648193359375
566.29742431640625 566.2969970703125 566.3670654296875 566.48297119140625 566.6170654296875 566.82513427734375 567.00341796875 567.161865234375 567.3038330078125 567.53472900390625 567.6856689453125 567.82196044921875 567.92657470703125 567.8056640625 567.3367919921875 566.82257080078125 566.57904052734375 566.44927978515625 566.40826416015625 566.589599609375 566.87432861328125 567.1837158203125 567.473876953125 567.687744140625 567.95379638671875 568.04034423828125 567.88543701171875 567.62603759765625 567.475341796875 567.39971923828125 567.285888671875 567.24346923828125 567.2384033203125 567.23614501953125 567.24395751953125 567.2978515625 567.48028564453125 567.76190185546875 567.99407958984375 568.15130615234375 568.3182373046875 568.45208740234375 568.67279052734375 569.03857421875 569.5322265625 569.96429443359375
566.3665771484375 566.44732666015625 566.553466796875 566.64984130859375 566.7611083984375 566.92486572265625 567.095947265625 567.31463623046875 567.50042724609375 567.70843505859375 567.83709716796875 567.94500732421875 567.97119140625 567.7916259765625 567.301513671875 566.77734375 566.53515625 566.4075927734375 566.36279296875 566.54241943359375 566.8575439453125 567.190673828125 567.46832275390625 567.66668701171875 567.8770751953125 567.93768310546875 567.78704833984375 567.46221923828125 567.2392578125 567.16156005859375 567.08056640625 567.04998779296875 567.0670166015625 567.0850830078125 567.09857177734375 567.16229248046875 567.37060546875 567.65264892578125 567.85321044921875 567.984375 568.14971923828125 568.2901611328125 568.5399169921875 568.977783203125 569.62353515625 570.02508544921875
566.47894287109375 566.60107421875 566.72174072265625 566.80859375 566.96697998046875 567.1666259765625 567.321044921875 567.486572265625 567.64306640625 567.78851318359375 567.8651123046875 567.927490234375 567.908203125 567.698486328125 567.22637939453125 566.72052001953125 566.48297119140625 566.365966796875 566.32635498046875 566.50738525390625 566.8270263671875 567.1207275390625 567.3070068359375 567.46875 567.59710693359375 567.62164306640625 567.49969482421875 567.19439697265625 566.973388671875 566.90216064453125 566.8502197265625 566.816650390625 566.88116455078125 566.92901611328125 566.921142578125 566.9859619140625 567.20281982421875 567.436767578125 567.59283447265625 567.723876953125 567.93804931640625 568.116943359375 568.4176025390625 568.91375732421875 569.45489501953125 569.818115234375
566.70404052734375 566.8394775390625 566.9715576171875 567.06182861328125 567.17376708984375 567.336669921875 567.4686279296875 567.5845947265625 567.70751953125 567.82171630859375 567.86761474609375 567.860595703125 567.73541259765625 567.47308349609375 567.08245849609375 566.66143798828125 566.43487548828125 566.32513427734375 566.286865234375 566.46697998046875 566.77642822265625 566.9945068359375 567.07623291015625 567.14166259765625 567.15631103515625 567.110107421875 566.97259521484375 566.75091552734375 566.61224365234375 566.6004638671875 566.59869384765625 566.617919921875 566.75152587890625 566.831298828125 566.81219482421875 566.85791015625 567.047119140625 567.22991943359375 567.3583984375 567.5323486328125 567.90985107421875 568.18548583984375 568.4168701171875 568.785400390625 569.19989013671875 569.60369873046875
566.81494140625 566.9486083984375 567.09149169921875 567.1861572265625 567.2646484375 567.3975830078125 567.526611328125 567.6361083984375 567.74835205078125 567.84326171875 567.8701171875 567.81005859375 567.58929443359375 567.28436279296875 566.978515625 566.64691162109375 566.45513916015625 566.3486328125 566.290283203125 566.4339599609375 566.68084716796875 566.82305908203125 566.85223388671875 566.8509521484375 566.797607421875 566.72735595703125 566.6004638671875 566.45208740234375 566.38653564453125 566.402099609375 566.42138671875 566.48382568359375 566.6429443359375 566.74371337890625 566.74993896484375 566.7781982421875 566.91461181640625 567.0704345703125 567.2216796875 567.524658203125 567.98675537109375 568.210693359375 568.3585205078125 568.63055419921875 569.04547119140625 569.51422119140625
566.861572265625 566.99224853515625 567.13751220703125 567.23211669921875 567.3038330078125 567.4263916015625 567.55645751953125 567.65740966796875 567.7576904296875 567.85455322265625 567.88037109375 567.797119140625 567.54107666015625 567.227783203125 566.96954345703125 566.71038818359375 566.56060791015625 566.43841552734375 566.33575439453125 566.41680908203125 566.55908203125 566.6221923828125 566.6287841796875 566.60650634765625 566.574951171875 566.5343017578125 566.43731689453125 566.34820556640625 566.3212890625 566.3218994140625 566.32647705078125 566.384521484375 566.525146484375 566.63653564453125 566.68450927734375 566.7166748046875 566.8057861328125 566.95654296875 567.20709228515625 567.63482666015625 568.00628662109375 568.12408447265625 568.2384033203125 568.5206298828125 568.97357177734375 569.4940185546875
566.9150390625 567.04669189453125 567.185791015625 567.2752685546875 567.339111328125 567.4459228515625 567.5634765625 567.64996337890625 567.740478515625 567.85345458984375 567.8953857421875 567.82574462890625 567.59222412109375 567.2969970703125 567.0419921875 566.80926513671875 566.6788330078125 566.5235595703125 566.36065673828125 566.3812255859375 566.42724609375 566.3978271484375 566.38330078125 566.37939453125 566.410400390625 566.4163818359375 566.376708984375 566.35369873046875 566.34619140625 566.32586669921875 566.2940673828125 566.30926513671875 566.41778564453125 566.5352783203125 566.61944580078125 566.666015625 566.73956298828125 566.93109130859375 567.3267822265625 567.71417236328125 567.9654541015625 568.0491943359375 568.13946533203125 568.43768310546875 568.91717529296875 569.440673828125
566.97930908203125 567.1104736328125 567.238525390625 567.321044921875 567.38177490234375 567.46868896484375 567.53338623046875 567.5833740234375 567.68804931640625 567.83392333984375 567.89794921875 567.87396240234375 567.69146728515625 567.4144287109375 567.1090087890625 566.82275390625 566.66851806640625 566.49749755859375 566.29754638671875 566.26959228515625 566.24334716796875 566.14483642578125 566.1328125 566.18194580078125 566.2723388671875 566.371337890625 566.4420166015625 566.4774169921875 566.477294921875 566.431396484375 566.342041015625 566.2918701171875 566.37158203125 566.5 566.60272216796875 566.65802001953125 566.8135986328125 567.08404541015625 567.4361572265625 567.65972900390625 567.84710693359375 567.9324951171875 568.05694580078125 568.353271484375 568.77294921875 569.21923828125
567.03668212890625 567.1661376953125 567.288818359375 567.37017822265625 567.43585205078125 567.48077392578125 567.41107177734375 567.37237548828125 567.5045166015625 567.7152099609375 567.80194091796875 567.81640625 567.671142578125 567.37841796875 566.96954345703125 566.62213134765625 566.451904296875 566.276123046875 566.1082763671875 566.0997314453125 566.04638671875 565.97283935546875 565.9591064453125 566.0074462890625 566.1307373046875 566.31695556640625 566.48834228515625 566.54107666015625 566.5174560546875 566.4361572265625 566.320556640625 566.27215576171875 566.39617919921875 566.605712890625 566.78863525390625 566.875732421875 567.08367919921875 567.264404296875 567.4075927734375 567.555419921875 567.71759033203125 567.827392578125 567.98760986328125 568.21917724609375 568.50494384765625 568.85321044921875
567.07415771484375 567.2039794921875 567.33184814453125 567.4144287109375 567.45965576171875 567.4046630859375 567.15850830078125 567.00244140625 567.1043701171875 567.3399658203125 567.4388427734375 567.45953369140625 567.35052490234375 567.0877685546875 566.67401123046875 566.3525390625 566.19293212890625 565.9979248046875 565.8974609375 565.93212890625 565.90411376953125 565.867431640625 565.86358642578125 565.903076171875 566.005126953125 566.19903564453125 566.40460205078125 566.47784423828125 566.46258544921875 566.38726806640625 566.2752685546875 566.252197265625 566.500732421875 566.85821533203125 567.0836181640625 567.16473388671875 567.20416259765625 567.26580810546875 567.3680419921875 567.49835205078125 567.64324951171875 567.7615966796875 567.91180419921875 568.07208251953125 568.26995849609375 568.57305908203125
