INPUT/RASTER/ASCII/BIO02.asc
ncols        225
nrows        269
xllcorner    473009.983799999987
yllcorner    4429051.174800000153
cellsize     50.000000000000
NODATA_value -9999
[rows 144 to 161 of 269, columns 42 to 83 of 225]
9.8296632766723632813 9.8494625091552734375 9.879344940185546875 9.8909597396850585938 9.9068670272827148438 9.9160671234130859375 9.9217061996459960938 9.9244508743286132813 9.925868988037109375 9.9269895553588867188 9.9270191192626953125 9.9257230758666992188 9.922710418701171875 9.9196224212646484375 9.9173450469970703125 9.920627593994140625 9.938442230224609375 9.9830884933471679688 10.03363037109375 10.065517425537109375 10.069006919860839844 10.0424957275390625 10.030751228332519531 10.030399322509765625 10.031406402587890625 10.031147003173828125 10.033102989196777344 10.0457916259765625 10.050205230712890625 10.041201591491699219 10.035816192626953125 10.033858299255371094 10.031485557556152344 10.036185264587402344 10.047006607055664063 10.064734458923339844 10.087873458862304688 10.089168548583984375 10.070681571960449219 10.056117057800292969 10.051985740661621094 10.052996635437011719
9.822811126708984375 9.8338642120361328125 9.8556051254272460938 9.8598995208740234375 9.88739013671875 9.90134429931640625 9.9164400100708007813 9.9297876358032226563 9.9332218170166015625 9.9339017868041992188 9.9332027435302734375 9.931392669677734375 9.9286565780639648438 9.9256591796875 9.9254922866821289063 9.9309024810791015625 9.9514675140380859375 10.002257347106933594 10.051416397094726563 10.076936721801757813 10.079672813415527344 10.066938400268554688 10.054744720458984375 10.039645195007324219 10.039875030517578125 10.044900894165039063 10.047293663024902344 10.055766105651855469 10.061394691467285156 10.052071571350097656 10.043176651000976563 10.041787147521972656 10.043614387512207031 10.048474311828613281 10.055225372314453125 10.069780349731445313 10.095447540283203125 10.099704742431640625 10.0812530517578125 10.0671234130859375 10.064970016479492188 10.067121505737304688
9.8419332504272460938 9.8524265289306640625 9.8600034713745117188 9.8545446395874023438 9.8582410812377929688 9.8619718551635742188 9.8897371292114257813 9.9145832061767578125 9.9194135665893554688 9.9202775955200195313 9.9210195541381835938 9.9294605255126953125 9.9350214004516601563 9.9331512451171875 9.9356327056884765625 9.9444341659545898438 9.9709320068359375 10.02994537353515625 10.071596145629882813 10.079725265502929688 10.078466415405273438 10.077481269836425781 10.074995040893554688 10.062579154968261719 10.058608055114746094 10.065854072570800781 10.072556495666503906 10.077921867370605469 10.078629493713378906 10.067414283752441406 10.050594329833984375 10.047057151794433594 10.058115005493164063 10.065503120422363281 10.070901870727539063 10.083662986755371094 10.103415489196777344 10.109560966491699219 10.099613189697265625 10.086559295654296875 10.083422660827636719 10.086289405822753906
9.8783550262451171875 9.8794536590576171875 9.8718957901000976563 9.8656091690063476563 9.8607158660888671875 9.8602628707885742188 9.8652391433715820313 9.8692178726196289063 9.87110137939453125 9.87133026123046875 9.8747205734252929688 9.9004869461059570313 9.9202661514282226563 9.9337100982666015625 9.9501667022705078125 9.9654493331909179688 10.00445556640625 10.0757598876953125 10.09479522705078125 10.075420379638671875 10.069154739379882813 10.077722549438476563 10.086354255676269531 10.098324775695800781 10.100214004516601563 10.092487335205078125 10.092882156372070313 10.095263481140136719 10.088873863220214844 10.071453094482421875 10.052639961242675781 10.05307769775390625 10.06488800048828125 10.076242446899414063 10.082106590270996094 10.091881752014160156 10.107046127319335938 10.112674713134765625 10.106534004211425781 10.097743034362792969 10.094964981079101563 10.098134040832519531
9.8961229324340820313 9.8909015655517578125 9.8805217742919921875 9.87523651123046875 9.8726549148559570313 9.87314605712890625 9.8718690872192382813 9.8701839447021484375 9.8697957992553710938 9.8691005706787109375 9.8664398193359375 9.8659429550170898438 9.86960601806640625 9.9030618667602539063 9.941371917724609375 9.9733743667602539063 10.03619384765625 10.105340003967285156 10.107137680053710938 10.0803985595703125 10.069171905517578125 10.077363014221191406 10.090007781982421875 10.11347198486328125 10.128854751586914063 10.12804412841796875 10.103283882141113281 10.088359832763671875 10.080508232116699219 10.068722724914550781 10.058238029479980469 10.057879447937011719 10.066929817199707031 10.079871177673339844 10.086480140686035156 10.0924835205078125 10.107128143310546875 10.117554664611816406 10.106272697448730469 10.099467277526855469 10.100481033325195313 10.103549957275390625
9.9074726104736328125 9.8987331390380859375 9.8906459808349609375 9.887409210205078125 9.8851652145385742188 9.8845233917236328125 9.8812074661254882813 9.8788623809814453125 9.87830352783203125 9.877872467041015625 9.873958587646484375 9.8734483718872070313 9.8776607513427734375 9.8913507461547851563 9.920963287353515625 9.9671335220336914063 10.035599708557128906 10.099310874938964844 10.092596054077148438 10.086495399475097656 10.082074165344238281 10.088004112243652344 10.099236488342285156 10.122609138488769531 10.143381118774414063 10.1514434814453125 10.113871574401855469 10.080602645874023438 10.074747085571289063 10.070924758911132813 10.064370155334472656 10.063035964965820313 10.071256637573242188 10.080237388610839844 10.086382865905761719 10.093894004821777344 10.110180854797363281 10.123353958129882813 10.112938880920410156 10.101181983947753906 10.103746414184570313 10.110531806945800781
9.9106702804565429688 9.9053802490234375 9.9001550674438476563 9.8986787796020507813 9.8969669342041015625 9.894256591796875 9.8878765106201171875 9.8853158950805664063 9.8851919174194335938 9.8855762481689453125 9.8859453201293945313 9.8877553939819335938 9.8946399688720703125 9.920040130615234375 9.9588222503662109375 9.9969005584716796875 10.033235549926757813 10.069322586059570313 10.056324958801269531 10.060627937316894531 10.065266609191894531 10.091727256774902344 10.109956741333007813 10.127288818359375 10.146584510803222656 10.151477813720703125 10.128973960876464844 10.096558570861816406 10.083746910095214844 10.081017494201660156 10.073590278625488281 10.070979118347167969 10.077121734619140625 10.084994316101074219 10.091623306274414063 10.101239204406738281 10.118281364440917969 10.12937164306640625 10.120325088500976563 10.10541534423828125 10.102955818176269531 10.114276885986328125
9.9154729843139648438 9.9135103225708007813 9.9107112884521484375 9.908908843994140625 9.9083080291748046875 9.9047451019287109375 9.8961820602416992188 9.8928203582763671875 9.8933124542236328125 9.8956937789916992188 9.9041156768798828125 9.9145574569702148438 9.929759979248046875 9.9504327774047851563 9.9831485748291015625 10.020792961120605469 10.048980712890625 10.074095726013183594 10.057920455932617188 10.041089057922363281 10.038758277893066406 10.061800956726074219 10.075925827026367188 10.093519210815429688 10.132486343383789063 10.147243499755859375 10.137076377868652344 10.125317573547363281 10.113124847412109375 10.100829124450683594 10.087691307067871094 10.082174301147460938 10.085416793823242188 10.093431472778320313 10.099692344665527344 10.111714363098144531 10.130784034729003906 10.138715744018554688 10.126626968383789063 10.113058090209960938 10.109104156494140625 10.115346908569335938
9.9229440689086914063 9.9217138290405273438 9.9202089309692382813 9.9187917709350585938 9.9175014495849609375 9.9129896163940429688 9.9053258895874023438 9.9031963348388671875 9.9100008010864257813 9.9204607009887695313 9.9534397125244140625 9.9900188446044921875 10.011246681213378906 10.018841743469238281 10.022707939147949219 10.039080619812011719 10.062044143676757813 10.083577156066894531 10.073839187622070313 10.05585479736328125 10.049480438232421875 10.05103302001953125 10.052259445190429688 10.062144279479980469 10.091599464416503906 10.102734565734863281 10.102063179016113281 10.105002403259277344 10.109990119934082031 10.12035369873046875 10.108990669250488281 10.098367691040039063 10.100016593933105469 10.106541633605957031 10.111336708068847656 10.124836921691894531 10.145349502563476563 10.15059661865234375 10.137451171875 10.128077507019042969 10.124569892883300781 10.125337600708007813
9.9318361282348632813 9.9312467575073242188 9.9302892684936523438 9.9283208847045898438 9.9245214462280273438 9.9203968048095703125 9.916614532470703125 9.9186687469482421875 9.9316844940185546875 9.9500713348388671875 10.01299285888671875 10.073081016540527344 10.098233222961425781 10.0947265625 10.070409774780273438 10.060891151428222656 10.081033706665039063 10.098814964294433594 10.085608482360839844 10.067529678344726563 10.061671257019042969 10.063590049743652344 10.064573287963867188 10.067282676696777344 10.071901321411132813 10.071574211120605469 10.071263313293457031 10.076305389404296875 10.083575248718261719 10.099972724914550781 10.093791961669921875 10.102438926696777344 10.108402252197265625 10.116917610168457031 10.124170303344726563 10.137923240661621094 10.15874481201171875 10.161131858825683594 10.149562835693359375 10.14311981201171875 10.1405029296875 10.1392822265625
9.9389705657958984375 9.9389410018920898438 9.93872833251953125 9.9374828338623046875 9.9323883056640625 9.9278326034545898438 9.92871856689453125 9.9372959136962890625 9.9617052078247070313 9.98778533935546875 10.059885025024414063 10.131673812866210938 10.162462234497070313 10.150835037231445313 10.120168685913085938 10.108141899108886719 10.124002456665039063 10.127518653869628906 10.094611167907714844 10.071702003479003906 10.065230369567871094 10.066040992736816406 10.067600250244140625 10.073263168334960938 10.085700035095214844 10.090795516967773438 10.083080291748046875 10.08066558837890625 10.082122802734375 10.079882621765136719 10.073576927185058594 10.079918861389160156 10.077031135559082031 10.108202934265136719 10.132716178894042969 10.14925384521484375 10.169898033142089844 10.167703628540039063 10.15702056884765625 10.152463912963867188 10.151642799377441406 10.150654792785644531
9.9481649398803710938 9.9456300735473632813 9.9449644088745117188 9.9447355270385742188 9.9416952133178710938 9.938068389892578125 9.944698333740234375 9.9690093994140625 10.0121917724609375 10.043482780456542969 10.112812995910644531 10.186226844787597656 10.218375205993652344 10.204632759094238281 10.182012557983398438 10.17995452880859375 10.18799591064453125 10.171037673950195313 10.115594863891601563 10.081748008728027344 10.072148323059082031 10.069498062133789063 10.069531440734863281 10.074396133422851563 10.090944290161132813 10.105031013488769531 10.096065521240234375 10.085520744323730469 10.088416099548339844 10.088967323303222656 10.08498382568359375 10.080291748046875 10.069911003112792969 10.077817916870117188 10.094269752502441406 10.116826057434082031 10.16825103759765625 10.171014785766601563 10.164205551147460938 10.163364410400390625 10.16420745849609375 10.163769721984863281
9.961627960205078125 9.9542722702026367188 9.95139312744140625 9.9520483016967773438 9.9509134292602539063 9.9593172073364257813 9.9905719757080078125 10.0323486328125 10.079586029052734375 10.110339164733886719 10.170011520385742188 10.227501869201660156 10.255301475524902344 10.248912811279296875 10.237012863159179688 10.231088638305664063 10.220188140869140625 10.182641029357910156 10.124285697937011719 10.090212821960449219 10.080923080444335938 10.077921867370605469 10.077531814575195313 10.081959724426269531 10.095574378967285156 10.109395027160644531 10.100708961486816406 10.090640068054199219 10.092722892761230469 10.098094940185546875 10.101250648498535156 10.101963996887207031 10.104190826416015625 10.101816177368164063 10.102396965026855469 10.11138916015625 10.118634223937988281 10.112486839294433594 10.136464118957519531 10.152812957763671875 10.15740203857421875 10.170297622680664063
9.9689130783081054688 9.9653749465942382813 9.9637603759765625 9.9633941650390625 9.9653234481811523438 9.9916620254516601563 10.04491424560546875 10.093937873840332031 10.141233444213867188 10.169859886169433594 10.21971893310546875 10.254146575927734375 10.273249626159667969 10.275118827819824219 10.26331329345703125 10.237200736999511719 10.212240219116210938 10.165513038635253906 10.113924980163574219 10.087688446044921875 10.087206840515136719 10.089041709899902344 10.089447975158691406 10.092806816101074219 10.102425575256347656 10.111303329467773438 10.10511016845703125 10.095646858215332031 10.096352577209472656 10.10437774658203125 10.115849494934082031 10.124421119689941406 10.139744758605957031 10.151776313781738281 10.148792266845703125 10.134409904479980469 10.111123085021972656 10.096012115478515625 10.104162216186523438 10.116337776184082031 10.125931739807128906 10.152469635009765625
9.9743146896362304688 9.9747037887573242188 9.9765605926513671875 9.98049163818359375 9.9894590377807617188 10.024741172790527344 10.080992698669433594 10.138993263244628906 10.185000419616699219 10.210381507873535156 10.25302886962890625 10.27861785888671875 10.290060997009277344 10.285651206970214844 10.259504318237304688 10.217638015747070313 10.190900802612304688 10.15769195556640625 10.117062568664550781 10.090005874633789063 10.093893051147460938 10.100646018981933594 10.1022796630859375 10.105253219604492188 10.109508514404296875 10.111945152282714844 10.107914924621582031 10.101366043090820313 10.101508140563964844 10.10808563232421875 10.124621391296386719 10.149815559387207031 10.176409721374511719 10.188069343566894531 10.182902336120605469 10.160639762878417969 10.1248016357421875 10.10657501220703125 10.10883331298828125 10.122006416320800781 10.130946159362792969 10.137166976928710938
9.9819736480712890625 9.987720489501953125 9.9932537078857421875 10.001755714416503906 10.015685081481933594 10.044003486633300781 10.097788810729980469 10.15970611572265625 10.210953712463378906 10.239238739013671875 10.280865669250488281 10.303478240966796875 10.307961463928222656 10.289746284484863281 10.246517181396484375 10.201224327087402344 10.18267059326171875 10.165724754333496094 10.130342483520507813 10.099091529846191406 10.102245330810546875 10.112096786499023438 10.117475509643554688 10.12237548828125 10.117944717407226563 10.112553596496582031 10.108996391296386719 10.107233047485351563 10.107229232788085938 10.112606048583984375 10.129590034484863281 10.167917251586914063 10.200443267822265625 10.201568603515625 10.192603111267089844 10.170230865478515625 10.141339302062988281 10.119562149047851563 10.120905876159667969 10.136371612548828125 10.147356986999511719 10.148383140563964844
9.9920110702514648438 10.006339073181152344 10.014280319213867188 10.018068313598632813 10.026699066162109375 10.048483848571777344 10.096045494079589844 10.157712936401367188 10.214434623718261719 10.247019767761230469 10.29502105712890625 10.316784858703613281 10.3156585693359375 10.29015350341796875 10.234750747680664063 10.194718360900878906 10.190249443054199219 10.180504798889160156 10.142459869384765625 10.116064071655273438 10.115526199340820313 10.121097564697265625 10.126738548278808594 10.132146835327148438 10.123049736022949219 10.113916397094726563 10.110721588134765625 10.111040115356445313 10.112046241760253906 10.118406295776367188 10.136412620544433594 10.179224967956542969 10.215253829956054688 10.210480690002441406 10.197568893432617188 10.175681114196777344 10.157693862915039063 10.143642425537109375 10.137083053588867188 10.151216506958007813 10.166149139404296875 10.173002243041992188
10.007813453674316406 10.019983291625976563 10.0234832763671875 10.025590896606445313 10.030071258544921875 10.0442657470703125 10.088549613952636719 10.154049873352050781 10.214621543884277344 10.248510360717773438 10.299541473388671875 10.322451591491699219 10.318541526794433594 10.290879249572753906 10.232403755187988281 10.197926521301269531 10.204176902770996094 10.19808197021484375 10.165624618530273438 10.150909423828125 10.13207244873046875 10.125470161437988281 10.125873565673828125 10.129461288452148438 10.123235702514648438 10.116835594177246094 10.1141815185546875 10.113678932189941406 10.116621971130371094 10.125653266906738281 10.145725250244140625 10.187277793884277344 10.221830368041992188 10.220208168029785156 10.207765579223632813 10.189264297485351563 10.177309989929199219 10.173068046569824219 10.164570808410644531 10.167763710021972656 10.181423187255859375 10.188599586486816406
