INPUT/RASTER/ASCII/BIO06.asc
ncols        225
nrows        269
xllcorner    473009.983799999987
yllcorner    4429051.174800000153
cellsize     50.000000000000
NODATA_value -9999
[rows 90 to 107 of 269, columns 42 to 83 of 225]
5.3783106803894042969 5.3755826950073242188 5.3722434043884277344 5.3676853179931640625 5.362651824951171875 5.359302520751953125 5.3533086776733398438 5.346851348876953125 5.341136932373046875 5.335582733154296875 5.3291120529174804688 5.3224010467529296875 5.3168425559997558594 5.2993397712707519531 5.2785534858703613281 5.2644901275634765625 5.2544999122619628906 5.2486524581909179688 5.2401785850524902344 5.233951568603515625 5.2273640632629394531 5.2223458290100097656 5.2190542221069335938 5.2173390388488769531 5.2154459953308105469 5.2132091522216796875 5.2098321914672851563 5.2051372528076171875 5.2002878189086914063 5.197418212890625 5.1968064308166503906 5.1946816444396972656 5.1931204795837402344 5.1977171897888183594 5.2430286407470703125 5.3098292350769042969 5.3055148124694824219 5.2741460800170898438 5.2593750953674316406 5.25276947021484375 5.2492260932922363281 5.2471022605895996094
5.3824372291564941406 5.3790178298950195313 5.3756165504455566406 5.3732914924621582031 5.3684778213500976563 5.3642344474792480469 5.357555389404296875 5.3539948463439941406 5.3507175445556640625 5.3426804542541503906 5.3338351249694824219 5.33110809326171875 5.3277993202209472656 5.3153829574584960938 5.2978215217590332031 5.2820057868957519531 5.26763916015625 5.260196685791015625 5.2533020973205566406 5.2475066184997558594 5.2401399612426757813 5.2348546981811523438 5.2309718132019042969 5.2275943756103515625 5.2228803634643554688 5.217678070068359375 5.2147507667541503906 5.2115697860717773438 5.2066979408264160156 5.2051901817321777344 5.2046275138854980469 5.2022380828857421875 5.2169446945190429688 5.2536034584045410156 5.2889246940612792969 5.3049817085266113281 5.2783002853393554688 5.2591657638549804688 5.25769805908203125 5.2561373710632324219 5.2532958984375 5.2499442100524902344
5.3857827186584472656 5.3831849098205566406 5.3798933029174804688 5.376827239990234375 5.3724284172058105469 5.3694844245910644531 5.36322784423828125 5.3604121208190917969 5.3572492599487304688 5.3502597808837890625 5.3428845405578613281 5.3404169082641601563 5.3351411819458007813 5.3260598182678222656 5.3181772232055664063 5.3066616058349609375 5.2885937690734863281 5.2775669097900390625 5.266727447509765625 5.2587828636169433594 5.2536110877990722656 5.2507648468017578125 5.2473173141479492188 5.2433266639709472656 5.23686981201171875 5.2275986671447753906 5.2201266288757324219 5.2158050537109375 5.2130646705627441406 5.2117142677307128906 5.2109627723693847656 5.21996307373046875 5.2751789093017578125 5.3046808242797851563 5.2790389060974121094 5.2643675804138183594 5.2630414962768554688 5.2610769271850585938 5.259998321533203125 5.2584061622619628906 5.2561397552490234375 5.2529988288879394531
5.3863921165466308594 5.3848543167114257813 5.38333892822265625 5.3804569244384765625 5.3761982917785644531 5.3733401298522949219 5.3674168586730957031 5.3644003868103027344 5.3609056472778320313 5.3541326522827148438 5.3503088951110839844 5.3488764762878417969 5.3437056541442871094 5.3347640037536621094 5.3268556594848632813 5.3210344314575195313 5.3100099563598632813 5.3009824752807617188 5.2884616851806640625 5.2711405754089355469 5.2589373588562011719 5.2533555030822753906 5.2508702278137207031 5.2490839958190917969 5.246395111083984375 5.2400202751159667969 5.2304577827453613281 5.2205247879028320313 5.2153925895690917969 5.2136249542236328125 5.2138466835021972656 5.2623291015625 5.2954502105712890625 5.2749614715576171875 5.2715592384338378906 5.2697668075561523438 5.2670674324035644531 5.2642416954040527344 5.2619414329528808594 5.2593140602111816406 5.2574152946472167969 5.2545766830444335938
5.3867068290710449219 5.385021209716796875 5.3837275505065917969 5.381534576416015625 5.378204345703125 5.3756885528564453125 5.3701167106628417969 5.3646297454833984375 5.3609209060668945313 5.3573021888732910156 5.3544707298278808594 5.3512072563171386719 5.3468074798583984375 5.3427762985229492188 5.333332061767578125 5.3237280845642089844 5.3188776969909667969 5.3160376548767089844 5.3081107139587402344 5.2869458198547363281 5.2677903175354003906 5.2559971809387207031 5.2514510154724121094 5.2497158050537109375 5.248722076416015625 5.2463212013244628906 5.2419328689575195313 5.2322163581848144531 5.222965240478515625 5.2179899215698242188 5.2475767135620117188 5.2942295074462890625 5.278247833251953125 5.2729816436767578125 5.272968292236328125 5.2719030380249023438 5.2699785232543945313 5.2686052322387695313 5.2654628753662109375 5.2618646621704101563 5.2582955360412597656 5.2560529708862304688
5.3868551254272460938 5.3851571083068847656 5.3843102455139160156 5.3818311691284179688 5.377593994140625 5.3750691413879394531 5.3709440231323242188 5.3658351898193359375 5.3607163429260253906 5.3581337928771972656 5.3567352294921875 5.3544459342956542969 5.3489131927490234375 5.345027923583984375 5.3399896621704101563 5.3324642181396484375 5.3252701759338378906 5.3209276199340820313 5.3170690536499023438 5.3037362098693847656 5.2837343215942382813 5.2673573493957519531 5.2564697265625 5.250583648681640625 5.2491936683654785156 5.2473530769348144531 5.2455544471740722656 5.2423734664916992188 5.2387003898620605469 5.25505828857421875 5.2975525856018066406 5.2858066558837890625 5.2732291221618652344 5.2737307548522949219 5.2732295989990234375 5.2722625732421875 5.2718319892883300781 5.2719283103942871094 5.2701449394226074219 5.2652678489685058594 5.2608194351196289063 5.2568459510803222656
5.3877706527709960938 5.3857698440551757813 5.3846449851989746094 5.3816733360290527344 5.3770937919616699219 5.3743853569030761719 5.3701319694519042969 5.3666644096374511719 5.363880157470703125 5.35982513427734375 5.3565917015075683594 5.35550689697265625 5.3530216217041015625 5.3486657142639160156 5.3428802490234375 5.3391699790954589844 5.3333911895751953125 5.3276982307434082031 5.3203949928283691406 5.3141646385192871094 5.3039331436157226563 5.2896661758422851563 5.2690024375915527344 5.2558679580688476563 5.2515435218811035156 5.2476472854614257813 5.2459621429443359375 5.2483568191528320313 5.2668499946594238281 5.2897295951843261719 5.3006258010864257813 5.2867302894592285156 5.2793288230895996094 5.27693939208984375 5.2758107185363769531 5.2753367424011230469 5.2746067047119140625 5.2738523483276367188 5.2714190483093261719 5.2668166160583496094 5.2627964019775390625 5.2584376335144042969
5.3896923065185546875 5.3872394561767578125 5.3856739997863769531 5.3820271492004394531 5.3770956993103027344 5.3742213249206542969 5.3697938919067382813 5.3666944503784179688 5.3648447990417480469 5.3623442649841308594 5.3582406044006347656 5.3569388389587402344 5.3553242683410644531 5.3516879081726074219 5.3457241058349609375 5.341922760009765625 5.3384046554565429688 5.3344082832336425781 5.32578277587890625 5.3203625679016113281 5.3163137435913085938 5.3063597679138183594 5.28588104248046875 5.2699542045593261719 5.2608256340026855469 5.2510399818420410156 5.2521519660949707031 5.262851715087890625 5.2909245491027832031 5.2983775138854980469 5.297473907470703125 5.2956876754760742188 5.2916560173034667969 5.2869544029235839844 5.2824735641479492188 5.2806577682495117188 5.2786550521850585938 5.2753033638000488281 5.2703752517700195313 5.2661004066467285156 5.263271331787109375 5.26104736328125
5.3949551582336425781 5.3911089897155761719 5.3876657485961914063 5.3826131820678710938 5.3774027824401855469 5.3743925094604492188 5.369647979736328125 5.3665852546691894531 5.3649792671203613281 5.36374664306640625 5.3619704246520996094 5.3610978126525878906 5.3588390350341796875 5.3542113304138183594 5.349781036376953125 5.3465423583984375 5.3423242568969726563 5.3385257720947265625 5.33388519287109375 5.3306140899658203125 5.3245563507080078125 5.3155565261840820313 5.3054451942443847656 5.293735504150390625 5.2808446884155273438 5.2655992507934570313 5.2751932144165039063 5.28749847412109375 5.2982721328735351563 5.2993154525756835938 5.3002271652221679688 5.301731109619140625 5.3023285865783691406 5.3009371757507324219 5.2965860366821289063 5.2926359176635742188 5.2864747047424316406 5.2782082557678222656 5.2709803581237792969 5.2663564682006835938 5.263553619384765625 5.2620878219604492188
5.405223846435546875 5.3995594978332519531 5.3916492462158203125 5.3837265968322753906 5.3781933784484863281 5.3752522468566894531 5.3703742027282714844 5.3670282363891601563 5.365390777587890625 5.3644385337829589844 5.3637299537658691406 5.3630695343017578125 5.3612794876098632813 5.3583774566650390625 5.3535614013671875 5.3490386009216308594 5.3464488983154296875 5.3439888954162597656 5.3389801979064941406 5.3363385200500488281 5.331890106201171875 5.3225917816162109375 5.3156709671020507813 5.3097815513610839844 5.3012080192565917969 5.297519683837890625 5.301235198974609375 5.2983279228210449219 5.2987589836120605469 5.2998476028442382813 5.3014154434204101563 5.3037762641906738281 5.3057031631469726563 5.3063678741455078125 5.3051595687866210938 5.3030652999877929688 5.2976870536804199219 5.2875523567199707031 5.2751460075378417969 5.2679777145385742188 5.265575408935546875 5.2633070945739746094
5.4105739593505859375 5.4060912132263183594 5.3972783088684082031 5.3879656791687011719 5.3822026252746582031 5.3775887489318847656 5.3723444938659667969 5.3687429428100585938 5.3665852546691894531 5.3652958869934082031 5.3644533157348632813 5.3638429641723632813 5.3622884750366210938 5.360103607177734375 5.3572263717651367188 5.3516139984130859375 5.3481068611145019531 5.3470401763916015625 5.3449807167053222656 5.3399605751037597656 5.3356833457946777344 5.3319563865661621094 5.3258242607116699219 5.3177661895751953125 5.3246889114379882813 5.3322949409484863281 5.3201427459716796875 5.3054494857788085938 5.3012819290161132813 5.3008551597595214844 5.3016257286071777344 5.3039822578430175781 5.3061876296997070313 5.3069143295288085938 5.3062214851379394531 5.3050937652587890625 5.302974700927734375 5.2966938018798828125 5.28398895263671875 5.2732462882995605469 5.2681508064270019531 5.2651929855346679688
5.4124102592468261719 5.4092087745666503906 5.4033160209655761719 5.39638519287109375 5.3920454978942871094 5.3830881118774414063 5.3751087188720703125 5.3712868690490722656 5.3683753013610839844 5.366336822509765625 5.3653268814086914063 5.3648748397827148438 5.3637409210205078125 5.361553192138671875 5.3590779304504394531 5.3554973602294921875 5.3514189720153808594 5.3497877120971679688 5.3468780517578125 5.3438558578491210938 5.33837890625 5.3353066444396972656 5.3372173309326171875 5.3445324897766113281 5.3520336151123046875 5.3507237434387207031 5.3360714912414550781 5.3207640647888183594 5.3106670379638671875 5.3063001632690429688 5.3032979965209960938 5.3040871620178222656 5.3062200546264648438 5.307201385498046875 5.3069014549255371094 5.3058929443359375 5.3038492202758789063 5.3002452850341796875 5.294567108154296875 5.2860469818115234375 5.2738032341003417969 5.2666401863098144531
5.4123663902282714844 5.4103574752807617188 5.4076476097106933594 5.4035692214965820313 5.3997130393981933594 5.3910517692565917969 5.3811268806457519531 5.3749761581420898438 5.3700609207153320313 5.3673653602600097656 5.3663330078125 5.3660230636596679688 5.3652024269104003906 5.362964630126953125 5.3600788116455078125 5.3575901985168457031 5.3556847572326660156 5.3541274070739746094 5.3493466377258300781 5.3457283973693847656 5.3421483039855957031 5.3396897315979003906 5.3550319671630859375 5.3732433319091796875 5.3695998191833496094 5.3590574264526367188 5.3483815193176269531 5.3395519256591796875 5.3251190185546875 5.3165345191955566406 5.3087124824523925781 5.3051304817199707031 5.3061571121215820313 5.3073854446411132813 5.3076691627502441406 5.3068823814392089844 5.3047652244567871094 5.3013205528259277344 5.2984604835510253906 5.2938446998596191406 5.2822270393371582031 5.2719492912292480469
5.4113063812255859375 5.4100775718688964844 5.4094629287719726563 5.4075298309326171875 5.4050006866455078125 5.3987827301025390625 5.3903145790100097656 5.3810133934020996094 5.3729257583618164063 5.3687467575073242188 5.3673634529113769531 5.36721038818359375 5.3666510581970214844 5.364414215087890625 5.3611879348754882813 5.3585491180419921875 5.356868743896484375 5.3559842109680175781 5.3529572486877441406 5.3481287956237792969 5.3454742431640625 5.3539242744445800781 5.3742451667785644531 5.3796339035034179688 5.3767733573913574219 5.3694524765014648438 5.3605031967163085938 5.3512887954711914063 5.3416104316711425781 5.3346853256225585938 5.3235135078430175781 5.3117198944091796875 5.3070139884948730469 5.3076019287109375 5.3083238601684570313 5.3080887794494628906 5.3062639236450195313 5.3032393455505371094 5.3008971214294433594 5.2976756095886230469 5.2899889945983886719 5.2812352180480957031
5.4136228561401367188 5.4113473892211914063 5.409976959228515625 5.4092392921447753906 5.4083986282348632813 5.4054813385009765625 5.3991136550903320313 5.3905091285705566406 5.3816199302673339844 5.3741698265075683594 5.3701748847961425781 5.3698949813842773438 5.3693165779113769531 5.3663349151611328125 5.3627786636352539063 5.3602213859558105469 5.3585143089294433594 5.357700347900390625 5.3563189506530761719 5.35784149169921875 5.3656549453735351563 5.375980377197265625 5.3837161064147949219 5.3841567039489746094 5.38344573974609375 5.3799767494201660156 5.372310638427734375 5.3598494529724121094 5.3529934883117675781 5.3507285118103027344 5.3419985771179199219 5.3249368667602539063 5.3113293647766113281 5.3084177970886230469 5.3090372085571289063 5.309528350830078125 5.3081679344177246094 5.3058161735534667969 5.3033633232116699219 5.2996783256530761719 5.2934470176696777344 5.2867193222045898438
5.42032623291015625 5.4166078567504882813 5.4129586219787597656 5.4109144210815429688 5.4102830886840820313 5.4087729454040527344 5.4044055938720703125 5.3982257843017578125 5.3908085823059082031 5.3823080062866210938 5.3769927024841308594 5.3751201629638671875 5.3722848892211914063 5.3678021430969238281 5.3641681671142578125 5.3621144294738769531 5.3604073524475097656 5.3594970703125 5.3608675003051757813 5.3752112388610839844 5.3890137672424316406 5.3897304534912109375 5.3877243995666503906 5.38861846923828125 5.3902258872985839844 5.3865499496459960938 5.378391265869140625 5.3677067756652832031 5.3593397140502929688 5.3567743301391601563 5.3508706092834472656 5.3378405570983886719 5.3204178810119628906 5.3111929893493652344 5.3105359077453613281 5.3115220069885253906 5.3100690841674804688 5.3075685501098632813 5.3044390678405761719 5.3000540733337402344 5.2937550544738769531 5.2878370285034179688
5.4291892051696777344 5.424961090087890625 5.41805267333984375 5.4147534370422363281 5.4135222434997558594 5.4102272987365722656 5.4064617156982421875 5.4018459320068359375 5.3958678245544433594 5.3894262313842773438 5.3847098350524902344 5.3816738128662109375 5.3762340545654296875 5.3692612648010253906 5.3653612136840820313 5.3634839057922363281 5.361705780029296875 5.361370086669921875 5.3716297149658203125 5.3899788856506347656 5.39324951171875 5.3927202224731445313 5.3921504020690917969 5.3920845985412597656 5.3930268287658691406 5.391315460205078125 5.38299560546875 5.373325347900390625 5.3674116134643554688 5.3640460968017578125 5.3562774658203125 5.3471779823303222656 5.3327088356018066406 5.3185076713562011719 5.313884735107421875 5.3131527900695800781 5.3121271133422851563 5.308990478515625 5.3048205375671386719 5.2997450828552246094 5.2930397987365722656 5.2881140708923339844
5.4350805282592773438 5.432346343994140625 5.4245610237121582031 5.4192976951599121094 5.4172320365905761719 5.413181304931640625 5.4075245857238769531 5.4043149948120117188 5.4001421928405761719 5.3951973915100097656 5.3911890983581542969 5.3886313438415527344 5.3819212913513183594 5.3725605010986328125 5.3672161102294921875 5.3650569915771484375 5.3630480766296386719 5.367946624755859375 5.3894567489624023438 5.3958101272583007813 5.3945212364196777344 5.3943228721618652344 5.3952884674072265625 5.3956351280212402344 5.3965220451354980469 5.3957886695861816406 5.3893685340881347656 5.378582000732421875 5.3725843429565429688 5.3697147369384765625 5.3633327484130859375 5.3535523414611816406 5.3449759483337402344 5.3299121856689453125 5.320392608642578125 5.3171782493591308594 5.3149881362915039063 5.3109974861145019531 5.3054962158203125 5.2990841865539550781 5.2921233177185058594 5.2877430915832519531
