INPUT/RASTER/ASCII/BIO01.asc
ncols        225
nrows        269
xllcorner    473009.983799999987
yllcorner    4429051.174800000153
cellsize     50.000000000000
NODATA_value -9999
[rows 76 to 94 of 269, columns 126 to 167 of 225]
15.766752243041992188 15.76686859130859375 15.76685333251953125 15.761037826538085938 15.742708206176757813 15.723751068115234375 15.721256256103515625 15.722032546997070313 15.72162628173828125 15.720917701721191406 15.720454216003417969 15.720690727233886719 15.722556114196777344 15.724959373474121094 15.726785659790039063 15.729580879211425781 15.729848861694335938 15.731930732727050781 15.734059333801269531 15.735139846801757813 15.737626075744628906 15.740815162658691406 15.741960525512695313 15.748024940490722656 15.764851570129394531 15.78684234619140625 15.79541778564453125 15.803387641906738281 15.808294296264648438 15.811001777648925781 15.812180519104003906 15.812468528747558594 15.812112808227539063 15.810807228088378906 15.81032562255859375 15.810471534729003906 15.8102264404296875 15.810027122497558594 15.809839248657226563 15.808932304382324219 15.808145523071289063 15.806125640869140625
15.7757110595703125 15.775832176208496094 15.774816513061523438 15.766886711120605469 15.744810104370117188 15.733841896057128906 15.73126983642578125 15.730824470520019531 15.7295684814453125 15.727488517761230469 15.725880622863769531 15.725341796875 15.726358413696289063 15.729372024536132813 15.7317047119140625 15.734919548034667969 15.734770774841308594 15.736005783081054688 15.738256454467773438 15.740533828735351563 15.743513107299804688 15.747117042541503906 15.749112129211425781 15.757944107055664063 15.774910926818847656 15.793102264404296875 15.799818992614746094 15.805899620056152344 15.810002326965332031 15.813533782958984375 15.814969062805175781 15.814824104309082031 15.813714027404785156 15.810956954956054688 15.810825347900390625 15.811068534851074219 15.810618400573730469 15.810411453247070313 15.810207366943359375 15.809846878051757813 15.809580802917480469 15.808823585510253906
15.784640312194824219 15.783783912658691406 15.7760009765625 15.763547897338867188 15.754390716552734375 15.750368118286132813 15.746511459350585938 15.743710517883300781 15.741054534912109375 15.737561225891113281 15.735087394714355469 15.733362197875976563 15.733402252197265625 15.737252235412597656 15.740293502807617188 15.744656562805175781 15.745264053344726563 15.74689483642578125 15.750186920166015625 15.75335693359375 15.756312370300292969 15.759687423706054688 15.765697479248046875 15.779066085815429688 15.796650886535644531 15.807383537292480469 15.809787750244140625 15.811547279357910156 15.8124237060546875 15.812643051147460938 15.81488037109375 15.816478729248046875 15.815019607543945313 15.81341552734375 15.813433647155761719 15.8142242431640625 15.814197540283203125 15.81392669677734375 15.813015937805175781 15.811357498168945313 15.810314178466796875 15.808699607849121094
15.784399032592773438 15.780688285827636719 15.775808334350585938 15.770886421203613281 15.766907691955566406 15.765030860900878906 15.762521743774414063 15.760309219360351563 15.7550506591796875 15.749337196350097656 15.746892929077148438 15.745944976806640625 15.746827125549316406 15.749928474426269531 15.751865386962890625 15.752327919006347656 15.752551078796386719 15.754917144775390625 15.75797271728515625 15.760716438293457031 15.764698028564453125 15.768467903137207031 15.77495574951171875 15.787994384765625 15.804617881774902344 15.814566612243652344 15.816253662109375 15.815615653991699219 15.813706398010253906 15.811785697937011719 15.814165115356445313 15.819268226623535156 15.81998443603515625 15.816789627075195313 15.816304206848144531 15.816064834594726563 15.815542221069335938 15.814961433410644531 15.814087867736816406 15.812888145446777344 15.811395645141601563 15.809671401977539063
15.786952018737792969 15.781394004821777344 15.777213096618652344 15.773617744445800781 15.770688056945800781 15.769054412841796875 15.766778945922851563 15.764779090881347656 15.761775016784667969 15.755217552185058594 15.751620292663574219 15.75179290771484375 15.754105567932128906 15.756525993347167969 15.75681304931640625 15.756871223449707031 15.75829315185546875 15.760915756225585938 15.7640228271484375 15.766444206237792969 15.770241737365722656 15.774979591369628906 15.781666755676269531 15.793332099914550781 15.808155059814453125 15.817479133605957031 15.818943977355957031 15.81756591796875 15.814890861511230469 15.8134002685546875 15.817225456237792969 15.822951316833496094 15.824079513549804688 15.822536468505859375 15.821806907653808594 15.81890869140625 15.817632675170898438 15.817127227783203125 15.815699577331542969 15.812972068786621094 15.811983108520507813 15.811147689819335938
15.790123939514160156 15.783628463745117188 15.780626296997070313 15.778233528137207031 15.776270866394042969 15.774537086486816406 15.772523880004882813 15.77101898193359375 15.768803596496582031 15.76398468017578125 15.758562088012695313 15.757236480712890625 15.759122848510742188 15.760254859924316406 15.760180473327636719 15.760830879211425781 15.762357711791992188 15.7648773193359375 15.768215179443359375 15.770775794982910156 15.774262428283691406 15.779690742492675781 15.788133621215820313 15.799082756042480469 15.811151504516601563 15.818591117858886719 15.819498062133789063 15.817717552185058594 15.816091537475585938 15.816919326782226563 15.8225555419921875 15.828805923461914063 15.829706192016601563 15.829508781433105469 15.828355789184570313 15.8237152099609375 15.822213172912597656 15.82180023193359375 15.819662094116210938 15.815135955810546875 15.8136444091796875 15.812269210815429688
15.796133995056152344 15.790122032165527344 15.787626266479492188 15.786266326904296875 15.784949302673339844 15.783275604248046875 15.781310081481933594 15.779940605163574219 15.778261184692382813 15.775536537170410156 15.771656990051269531 15.767808914184570313 15.767828941345214844 15.768525123596191406 15.768512725830078125 15.76821136474609375 15.76827239990234375 15.768307685852050781 15.771068572998046875 15.773473739624023438 15.776844978332519531 15.78359222412109375 15.792637825012207031 15.80290985107421875 15.811934471130371094 15.817111015319824219 15.8176727294921875 15.816850662231445313 15.817633628845214844 15.820725440979003906 15.828042984008789063 15.836091041564941406 15.838245391845703125 15.838939666748046875 15.837450981140136719 15.832033157348632813 15.829651832580566406 15.827956199645996094 15.825421333312988281 15.821072578430175781 15.81848907470703125 15.815400123596191406
15.798126220703125 15.793646812438964844 15.791663169860839844 15.791207313537597656 15.790311813354492188 15.788582801818847656 15.786565780639648438 15.784836769104003906 15.783474922180175781 15.78174591064453125 15.781000137329101563 15.77922821044921875 15.7786102294921875 15.779096603393554688 15.778243064880371094 15.777215003967285156 15.776377677917480469 15.775433540344238281 15.777990341186523438 15.780359268188476563 15.783028602600097656 15.787764549255371094 15.795517921447753906 15.804096221923828125 15.810486793518066406 15.812891006469726563 15.812986373901367188 15.814023971557617188 15.817946434020996094 15.824446678161621094 15.834173202514648438 15.842618942260742188 15.845511436462402344 15.847362518310546875 15.84671783447265625 15.842864990234375 15.840166091918945313 15.836398124694824219 15.833416938781738281 15.829745292663574219 15.826189041137695313 15.822134971618652344
15.801732063293457031 15.798738479614257813 15.797155380249023438 15.796674728393554688 15.795385360717773438 15.793320655822753906 15.791095733642578125 15.789651870727539063 15.788753509521484375 15.787096977233886719 15.78630828857421875 15.786782264709472656 15.786901473999023438 15.786671638488769531 15.784084320068359375 15.783066749572753906 15.782874107360839844 15.784786224365234375 15.788427352905273438 15.791135787963867188 15.793940544128417969 15.798402786254882813 15.804476737976074219 15.809893608093261719 15.812940597534179688 15.813098907470703125 15.81305694580078125 15.8145904541015625 15.818875312805175781 15.827742576599121094 15.839856147766113281 15.848132133483886719 15.851095199584960938 15.854086875915527344 15.854156494140625 15.852636337280273438 15.851802825927734375 15.848131179809570313 15.84549713134765625 15.842886924743652344 15.838792800903320313 15.834504127502441406
15.810990333557128906 15.809490203857421875 15.807809829711914063 15.80597686767578125 15.803364753723144531 15.79880523681640625 15.796931266784667969 15.796040534973144531 15.795403480529785156 15.791628837585449219 15.790454864501953125 15.791002273559570313 15.7921295166015625 15.7926483154296875 15.78954315185546875 15.78759002685546875 15.78855133056640625 15.791638374328613281 15.795628547668457031 15.798535346984863281 15.801568031311035156 15.808209419250488281 15.8130950927734375 15.816164970397949219 15.817173957824707031 15.817347526550292969 15.817969322204589844 15.820151329040527344 15.824954986572265625 15.835595130920410156 15.846507072448730469 15.852746009826660156 15.855549812316894531 15.85781097412109375 15.858719825744628906 15.859136581420898438 15.859393119812011719 15.858339309692382813 15.85677337646484375 15.8540802001953125 15.850193023681640625 15.846841812133789063
15.821463584899902344 15.820488929748535156 15.818675994873046875 15.816859245300292969 15.813004493713378906 15.80727386474609375 15.805871963500976563 15.804872512817382813 15.802547454833984375 15.796990394592285156 15.796374320983886719 15.796758651733398438 15.796902656555175781 15.797170639038085938 15.795607566833496094 15.791987419128417969 15.792469978332519531 15.796147346496582031 15.800305366516113281 15.803403854370117188 15.806958198547363281 15.812276840209960938 15.816266059875488281 15.8181610107421875 15.818613052368164063 15.8202056884765625 15.821736335754394531 15.825095176696777344 15.832232475280761719 15.844878196716308594 15.856474876403808594 15.863190650939941406 15.86573028564453125 15.865542411804199219 15.862284660339355469 15.861824989318847656 15.862011909484863281 15.86223602294921875 15.861723899841308594 15.859196662902832031 15.855928421020507813 15.8534698486328125
15.827810287475585938 15.826741218566894531 15.82587432861328125 15.824322700500488281 15.821465492248535156 15.817954063415527344 15.81607818603515625 15.814234733581542969 15.81218719482421875 15.806572914123535156 15.805554389953613281 15.80590057373046875 15.805233955383300781 15.803789138793945313 15.802281379699707031 15.801618576049804688 15.800689697265625 15.802943229675292969 15.80574798583984375 15.808081626892089844 15.811530113220214844 15.815443038940429688 15.818049430847167969 15.819623947143554688 15.820711135864257813 15.823023796081542969 15.825475692749023438 15.830533027648925781 15.838716506958007813 15.851828575134277344 15.865056037902832031 15.872913360595703125 15.875270843505859375 15.874703407287597656 15.871610641479492188 15.869434356689453125 15.86621856689453125 15.86577606201171875 15.865252494812011719 15.862461090087890625 15.859714508056640625 15.85742950439453125
15.832856178283691406 15.831562042236328125 15.830463409423828125 15.828966140747070313 15.827174186706542969 15.824881553649902344 15.822709083557128906 15.821756362915039063 15.820609092712402344 15.816728591918945313 15.815148353576660156 15.815416336059570313 15.813242912292480469 15.810620307922363281 15.810819625854492188 15.812726020812988281 15.812487602233886719 15.811539649963378906 15.813321113586425781 15.815953254699707031 15.818042755126953125 15.820219993591308594 15.820093154907226563 15.820509910583496094 15.822454452514648438 15.82495880126953125 15.827843666076660156 15.834616661071777344 15.844098091125488281 15.857728958129882813 15.871310234069824219 15.879041671752929688 15.880555152893066406 15.87967681884765625 15.877673149108886719 15.875803947448730469 15.87393951416015625 15.87359619140625 15.87171173095703125 15.866425514221191406 15.862787246704101563 15.859587669372558594
15.838514328002929688 15.83701324462890625 15.835654258728027344 15.833252906799316406 15.830576896667480469 15.828288078308105469 15.827165603637695313 15.827195167541503906 15.826552391052246094 15.824010848999023438 15.822359085083007813 15.822436332702636719 15.821374893188476563 15.819891929626464844 15.820460319519042969 15.822920799255371094 15.823488235473632813 15.823218345642089844 15.822479248046875 15.823760986328125 15.824743270874023438 15.824872970581054688 15.822931289672851563 15.823141098022460938 15.824950218200683594 15.82696533203125 15.829573631286621094 15.836221694946289063 15.84529876708984375 15.85941314697265625 15.873885154724121094 15.881821632385253906 15.883697509765625 15.883299827575683594 15.881908416748046875 15.880461692810058594 15.879860877990722656 15.879137992858886719 15.877641677856445313 15.873782157897949219 15.868825912475585938 15.864398956298828125
15.846568107604980469 15.8448333740234375 15.842075347900390625 15.837918281555175781 15.83417510986328125 15.833107948303222656 15.8333587646484375 15.83377838134765625 15.83319091796875 15.831101417541503906 15.829844474792480469 15.829986572265625 15.830810546875 15.831202507019042969 15.831674575805664063 15.834211349487304688 15.836489677429199219 15.83867645263671875 15.835681915283203125 15.833735466003417969 15.832596778869628906 15.830610275268554688 15.82818603515625 15.826760292053222656 15.826439857482910156 15.829916954040527344 15.8324432373046875 15.835829734802246094 15.841874122619628906 15.853998184204101563 15.869472503662109375 15.880093574523925781 15.88482666015625 15.888195991516113281 15.888288497924804688 15.887034416198730469 15.885964393615722656 15.884373664855957031 15.883432388305664063 15.881829261779785156 15.879659652709960938 15.877345085144042969
15.860127449035644531 15.857326507568359375 15.850937843322753906 15.842932701110839844 15.841282844543457031 15.842447280883789063 15.842266082763671875 15.841993331909179688 15.841818809509277344 15.841549873352050781 15.841806411743164063 15.842253684997558594 15.844058036804199219 15.845769882202148438 15.847340583801269531 15.84942626953125 15.851831436157226563 15.854511260986328125 15.855166435241699219 15.853307723999023438 15.847329139709472656 15.839878082275390625 15.834829330444335938 15.831129074096679688 15.827123641967773438 15.82935333251953125 15.830973625183105469 15.832940101623535156 15.837274551391601563 15.846891403198242188 15.864399909973144531 15.881567001342773438 15.888993263244628906 15.89400482177734375 15.893495559692382813 15.89244842529296875 15.891222953796386719 15.890684127807617188 15.890289306640625 15.888216018676757813 15.886348724365234375 15.883988380432128906
15.871836662292480469 15.868227005004882813 15.860136032104492188 15.85228729248046875 15.8512725830078125 15.851553916931152344 15.849192619323730469 15.848155975341796875 15.848217964172363281 15.848568916320800781 15.848532676696777344 15.848936080932617188 15.852637290954589844 15.854906082153320313 15.856991767883300781 15.8585205078125 15.860857009887695313 15.86180877685546875 15.859945297241210938 15.857832908630371094 15.85434722900390625 15.844966888427734375 15.838101387023925781 15.834431648254394531 15.831415176391601563 15.832540512084960938 15.832981109619140625 15.832581520080566406 15.834156990051269531 15.840860366821289063 15.86092376708984375 15.882559776306152344 15.892076492309570313 15.899017333984375 15.901532173156738281 15.899634361267089844 15.896035194396972656 15.89438629150390625 15.89380645751953125 15.892762184143066406 15.891155242919921875 15.888545989990234375
15.876832008361816406 15.872698783874511719 15.86649322509765625 15.860859870910644531 15.859692573547363281 15.859930992126464844 15.858226776123046875 15.857195854187011719 15.857141494750976563 15.857676506042480469 15.855718612670898438 15.854948043823242188 15.858583450317382813 15.860729217529296875 15.861872673034667969 15.864688873291015625 15.866558074951171875 15.865137100219726563 15.861969947814941406 15.860019683837890625 15.857083320617675781 15.849523544311523438 15.840862274169921875 15.836495399475097656 15.834344863891601563 15.835026741027832031 15.835065841674804688 15.834330558776855469 15.83486175537109375 15.840941429138183594 15.861712455749511719 15.882627487182617188 15.893176078796386719 15.903401374816894531 15.906482696533203125 15.904494285583496094 15.901310920715332031 15.8985443115234375 15.897751808166503906 15.896314620971679688 15.893474578857421875 15.891321182250976563
15.879158973693847656 15.874678611755371094 15.869771003723144531 15.865027427673339844 15.864007949829101563 15.865325927734375 15.865677833557128906 15.865576744079589844 15.865641593933105469 15.866159439086914063 15.864514350891113281 15.863745689392089844 15.866994857788085938 15.868196487426757813 15.868046760559082031 15.87021636962890625 15.869211196899414063 15.866779327392578125 15.864089012145996094 15.862034797668457031 15.85845947265625 15.852107048034667969 15.845684051513671875 15.83908843994140625 15.836525917053222656 15.83716583251953125 15.837168693542480469 15.835968017578125 15.836010932922363281 15.843239784240722656 15.865382194519042969 15.8861846923828125 15.896769523620605469 15.907007217407226563 15.909250259399414063 15.9080352783203125 15.905386924743652344 15.903807640075683594 15.903578758239746094 15.901129722595214844 15.89739990234375 15.894079208374023438
