INPUT/RASTER/ASCII/BIO01.asc
ncols        225
nrows        269
xllcorner    473000.000000000000
yllcorner    4429100.000000000000
cellsize     50.000000000000
NODATA_value -9999
[rows 40 to 59 of 269, columns 44 to 87 of 225]
15.649570465087890625 15.651170730590820312 15.651991844177246094 15.648096084594726562 15.647617340087890625 15.646814346313476562 15.655022621154785156 15.653029441833496094 15.646686553955078125 15.652759552001953125 15.648372650146484375 15.651185035705566406 15.647668838500976562 15.64202117919921875 15.643113136291503906 15.645494461059570312 15.646348953247070312 15.647558212280273438 15.651943206787109375 15.655455589294433594 15.658075332641601562 15.663895606994628906 15.666273117065429688 15.667441368103027344 15.666682243347167969 -9999 -9999 -9999 -9999 -9999 -9999 -9999 -9999 -9999 -9999 -9999 -9999 -9999 -9999 -9999 -9999 -9999 -9999 -9999
15.653569221496582031 15.660832405090332031 15.65853118896484375 15.650637626647949219 15.659594535827636719 15.661370277404785156 15.669152259826660156 15.667156219482421875 15.662614822387695312 15.665722846984863281 15.662825584411621094 15.662165641784667969 15.657790184020996094 15.653890609741210938 15.651194572448730469 15.6473388671875 15.648453712463378906 15.649023056030273438 15.652665138244628906 15.656136512756347656 15.659152984619140625 15.66762542724609375 15.67148590087890625 15.672331809997558594 15.668377876281738281 -9999 -9999 -9999 -9999 -9999 -9999 -9999 -9999 -9999 -9999 -9999 -9999 -9999 -9999 -9999 -9999 -9999 -9999 -9999
15.682562828063964844 15.672941207885742188 15.671751022338867188 15.671125411987304688 15.67342376708984375 15.671522140502929688 15.676050186157226562 15.676065444946289062 15.671588897705078125 15.673686027526855469 15.66800689697265625 15.6673583984375 15.661350250244140625 15.656475067138671875 15.654356956481933594 15.6503143310546875 15.651780128479003906 15.651618003845214844 15.654680252075195312 15.6585540771484375 15.661725997924804688 15.669985771179199219 15.674628257751464844 15.675138473510742188 15.672921180725097656 -9999 -9999 -9999 -9999 -9999 -9999 -9999 -9999 -9999 -9999 -9999 -9999 -9999 -9999 -9999 -9999 -9999 -9999 -9999
15.70737457275390625 15.687359809875488281 15.687565803527832031 15.689361572265625 15.684061050415039062 15.6833953857421875 15.68169403076171875 15.680727005004882812 15.681466102600097656 15.68138885498046875 15.679981231689453125 15.674219131469726562 15.668931961059570312 15.66326141357421875 15.65821075439453125 15.655892372131347656 15.655455589294433594 15.65625 15.658631324768066406 15.660965919494628906 15.666507720947265625 15.672025680541992188 15.675115585327148438 15.675527572631835938 15.6756134033203125 -9999 -9999 -9999 -9999 -9999 -9999 -9999 -9999 -9999 -9999 -9999 -9999 -9999 -9999 -9999 -9999 -9999 -9999 -9999
15.729535102844238281 15.71642303466796875 15.718955039978027344 15.730939865112304688 15.716182708740234375 15.724973678588867188 15.701821327209472656 15.693022727966308594 15.693881988525390625 15.686204910278320312 15.682291030883789062 15.680531501770019531 15.678745269775390625 15.672529220581054688 15.664890289306640625 15.665663719177246094 15.662253379821777344 15.665836334228515625 15.664000511169433594 15.668138504028320312 15.675580978393554688 15.675242424011230469 15.678280830383300781 15.67745208740234375 15.678748130798339844 -9999 -9999 -9999 -9999 -9999 -9999 -9999 -9999 -9999 -9999 -9999 -9999 -9999 -9999 -9999 -9999 -9999 -9999 -9999
15.736474037170410156 15.734132766723632812 15.737779617309570312 15.742230415344238281 15.739911079406738281 15.739414215087890625 15.726909637451171875 15.709887504577636719 15.708635330200195312 15.694845199584960938 15.690848350524902344 15.684438705444335938 15.680392265319824219 15.676321029663085938 15.670444488525390625 15.667856216430664062 15.66603851318359375 15.666534423828125 15.667664527893066406 15.67205047607421875 15.676928520202636719 15.679304122924804688 15.681766510009765625 15.681873321533203125 15.682089805603027344 15.683502197265625 -9999 -9999 -9999 -9999 -9999 -9999 -9999 -9999 -9999 -9999 -9999 -9999 -9999 -9999 -9999 -9999 -9999 -9999
15.743488311767578125 15.740830421447753906 15.743306159973144531 15.746028900146484375 15.745561599731445312 15.745813369750976562 15.742018699645996094 15.729738235473632812 15.73138427734375 15.709743499755859375 15.707465171813964844 15.694927215576171875 15.6893157958984375 15.682522773742675781 15.673862457275390625 15.670044898986816406 15.666354179382324219 15.666110992431640625 15.66779327392578125 15.671356201171875 15.674656867980957031 15.679914474487304688 15.681720733642578125 15.684166908264160156 15.685975074768066406 15.688459396362304688 -9999 -9999 -9999 -9999 -9999 -9999 -9999 -9999 -9999 -9999 -9999 -9999 -9999 -9999 -9999 -9999 -9999 -9999
15.753574371337890625 15.751358985900878906 15.750611305236816406 15.749431610107421875 15.748790740966796875 15.749240875244140625 15.747507095336914062 15.742024421691894531 15.741140365600585938 15.727261543273925781 15.728671073913574219 15.712258338928222656 15.704033851623535156 15.69500732421875 15.682168006896972656 15.673292160034179688 15.666469573974609375 15.665685653686523438 15.666228294372558594 15.668773651123046875 15.67275238037109375 15.678874015808105469 15.683148384094238281 15.685060501098632812 15.688131332397460938 15.689513206481933594 15.689345359802246094 -9999 -9999 -9999 -9999 -9999 -9999 -9999 -9999 -9999 -9999 -9999 -9999 -9999 -9999 -9999 -9999 -9999
15.761959075927734375 15.760361671447753906 15.758652687072753906 15.757303237915039062 15.755759239196777344 15.7535552978515625 15.749576568603515625 15.744565010070800781 15.741469383239746094 15.736763954162597656 15.73686981201171875 15.728734016418457031 15.727888107299804688 15.71402740478515625 15.696439743041992188 15.681285858154296875 15.670812606811523438 15.667421340942382812 15.663708686828613281 15.665555000305175781 15.669728279113769531 15.6776580810546875 15.681628227233886719 15.684420585632324219 15.687929153442382812 15.690565109252929688 15.691153526306152344 15.6879119873046875 -9999 -9999 -9999 -9999 -9999 -9999 -9999 -9999 -9999 -9999 -9999 -9999 -9999 -9999 -9999 -9999
15.7702484130859375 15.769147872924804688 15.766985893249511719 15.761072158813476562 15.758330345153808594 15.756692886352539062 15.753610610961914062 15.744725227355957031 15.741024971008300781 15.737195968627929688 15.736813545227050781 15.736284255981445312 15.736087799072265625 15.728549957275390625 15.714365959167480469 15.693943977355957031 15.679372787475585938 15.673473358154296875 15.666215896606445312 15.662499427795410156 15.665948867797851562 15.677147865295410156 15.680844306945800781 15.683579444885253906 15.687788009643554688 15.690521240234375 15.691792488098144531 15.6904296875 -9999 -9999 -9999 -9999 -9999 -9999 -9999 -9999 -9999 -9999 -9999 -9999 -9999 -9999 -9999 -9999
15.775514602661132812 15.774538040161132812 15.771624565124511719 15.763394355773925781 15.758182525634765625 15.754899978637695312 15.751790046691894531 15.746031761169433594 15.742338180541992188 15.7362823486328125 15.734432220458984375 15.734004974365234375 15.734096527099609375 15.730189323425292969 15.720968246459960938 15.709611892700195312 15.694065093994140625 15.68488311767578125 15.677044868469238281 15.672114372253417969 15.676021575927734375 15.681537628173828125 15.681349754333496094 15.683051109313964844 15.686347007751464844 15.689335823059082031 15.690371513366699219 15.687786102294921875 15.684258460998535156 15.680634498596191406 -9999 -9999 -9999 -9999 -9999 -9999 -9999 -9999 -9999 -9999 -9999 -9999 -9999 -9999
15.777930259704589844 15.775360107421875 15.769186973571777344 15.762401580810546875 15.757679939270019531 15.753355026245117188 15.750243186950683594 15.744692802429199219 15.738920211791992188 15.736715316772460938 15.736253738403320312 15.735843658447265625 15.732324600219726562 15.7269287109375 15.71846771240234375 15.714516639709472656 15.710865020751953125 15.709238052368164062 15.702249526977539062 15.698541641235351562 15.6901702880859375 15.695210456848144531 15.691433906555175781 15.689942359924316406 15.687844276428222656 15.690753936767578125 15.688844680786132812 15.68701171875 15.683712005615234375 15.681331634521484375 15.678099632263183594 15.671558380126953125 -9999 -9999 -9999 -9999 -9999 -9999 -9999 -9999 -9999 -9999 -9999 -9999
15.776724815368652344 15.77295684814453125 15.766874313354492188 15.760743141174316406 15.757120132446289062 15.753292083740234375 15.751072883605957031 15.745583534240722656 15.740120887756347656 15.737987518310546875 15.736195564270019531 15.736581802368164062 15.732362747192382812 15.7284088134765625 15.721045494079589844 15.714952468872070312 15.712527275085449219 15.710366249084472656 15.709744453430175781 15.710977554321289062 15.711261749267578125 15.7130889892578125 15.705857276916503906 15.704760551452636719 15.694483757019042969 15.69211578369140625 15.689288139343261719 15.686967849731445312 15.684687614440917969 15.683864593505859375 15.682271957397460938 15.67588043212890625 15.670990943908691406 15.674388885498046875 -9999 -9999 -9999 -9999 -9999 -9999 -9999 -9999 -9999 -9999
15.775519371032714844 15.770915031433105469 15.765222549438476562 15.760230064392089844 15.757300376892089844 15.75540924072265625 15.752954483032226562 15.748392105102539062 15.74200439453125 15.739869117736816406 15.738950729370117188 15.739030838012695312 15.7334747314453125 15.729649543762207031 15.721654891967773438 15.717873573303222656 15.715482711791992188 15.712862014770507812 15.712492942810058594 15.715441703796386719 15.7232818603515625 15.728896141052246094 15.728661537170410156 15.721788406372070312 15.702211380004882812 15.701672554016113281 15.692772865295410156 15.686925888061523438 15.685092926025390625 15.685290336608886719 15.687086105346679688 15.682252883911132812 15.676500320434570312 15.67828369140625 15.68379974365234375 15.685941696166992188 15.687959671020507812 -9999 -9999 -9999 -9999 -9999 -9999 -9999
15.772563934326171875 15.768517494201660156 15.765184402465820312 15.759943962097167969 15.758451461791992188 15.75627899169921875 15.755262374877929688 15.753814697265625 15.747461318969726562 15.742185592651367188 15.740447044372558594 15.740040779113769531 15.736621856689453125 15.73220062255859375 15.723295211791992188 15.71860504150390625 15.718289375305175781 15.716472625732421875 15.715218544006347656 15.716959953308105469 15.723812103271484375 15.732474327087402344 15.736126899719238281 15.733319282531738281 15.7155914306640625 15.71651458740234375 15.7036285400390625 15.689576148986816406 15.691122055053710938 15.686712265014648438 15.694751739501953125 15.688289642333984375 15.68198394775390625 15.682980537414550781 15.684864044189453125 15.686985015869140625 15.688097953796386719 15.6859130859375 15.684831619262695312 15.684773445129394531 15.687689781188964844 -9999 -9999 -9999
15.769985198974609375 15.767778396606445312 15.763510704040527344 15.760041236877441406 15.758654594421386719 15.757532119750976562 15.756710052490234375 15.754807472229003906 15.750974655151367188 15.744128227233886719 15.741839408874511719 15.740388870239257812 15.738481521606445312 15.732995986938476562 15.726854324340820312 15.721223831176757812 15.719791412353515625 15.718276023864746094 15.717548370361328125 15.718056678771972656 15.723628997802734375 15.730716705322265625 15.734314918518066406 15.737133026123046875 15.737330436706542969 15.730670928955078125 15.724950790405273438 15.716207504272460938 15.716790199279785156 15.720223426818847656 15.708759307861328125 15.703280448913574219 15.697205543518066406 15.69441986083984375 15.692117691040039062 15.690113067626953125 15.689133644104003906 15.68697357177734375 15.685120582580566406 15.6862030029296875 15.688941001892089844 15.691516876220703125 -9999 -9999
15.770326614379882812 15.766720771789550781 15.761492729187011719 15.754522323608398438 15.754511833190917969 15.749303817749023438 15.75152587890625 15.746888160705566406 15.746869087219238281 15.742772102355957031 15.739288330078125 15.738111495971679688 15.731563568115234375 15.731107711791992188 15.724864006042480469 15.721593856811523438 15.720429420471191406 15.719076156616210938 15.718304634094238281 15.720992088317871094 15.72753143310546875 15.73293304443359375 15.737886428833007812 15.738808631896972656 15.741617202758789062 15.740756034851074219 15.740942001342773438 15.746669769287109375 15.741910934448242188 15.751058578491210938 15.741009712219238281 15.736287117004394531 15.754080772399902344 15.724814414978027344 15.737246513366699219 15.713563919067382812 15.713669776916503906 15.703968048095703125 15.69391632080078125 15.69300079345703125 15.689767837524414062 15.691457748413085938 15.69686126708984375 15.703449249267578125
15.781829833984375 15.773194313049316406 15.765512466430664062 15.760759353637695312 15.755694389343261719 15.754703521728515625 15.752852439880371094 15.753446578979492188 15.749401092529296875 15.745968818664550781 15.745771408081054688 15.739465713500976562 15.731106758117675781 15.725962638854980469 15.721546173095703125 15.721769332885742188 15.722101211547851562 15.721378326416015625 15.72017669677734375 15.722922325134277344 15.729276657104492188 15.737722396850585938 15.742476463317871094 15.742920875549316406 15.74565887451171875 15.74477386474609375 15.745271682739257812 15.747028350830078125 15.749803543090820312 15.751050949096679688 15.753458023071289062 15.755560874938964844 15.755649566650390625 15.749348640441894531 15.751976966857910156 15.746124267578125 15.743923187255859375 15.7389373779296875 15.719672203063964844 15.716478347778320312 15.700245857238769531 15.7069854736328125 15.70340728759765625 15.704869270324707031
15.804793357849121094 15.793788909912109375 15.783951759338378906 15.780942916870117188 15.773351669311523438 15.774670600891113281 15.770159721374511719 15.774206161499023438 15.767151832580566406 15.762453079223632812 15.763190269470214844 15.7534332275390625 15.737866401672363281 15.730358123779296875 15.728937149047851562 15.732837677001953125 15.731473922729492188 15.733340263366699219 15.728283882141113281 15.726986885070800781 15.7323455810546875 15.743803024291992188 15.749096870422363281 15.747069358825683594 15.746381759643554688 15.745966911315917969 15.745361328125 15.746601104736328125 15.751080513000488281 15.753355026245117188 15.755290985107421875 15.757397651672363281 15.75756072998046875 15.754314422607421875 15.752696990966796875 15.752353668212890625 15.752439498901367188 15.751043319702148438 15.740111351013183594 15.733624458312988281 15.722908973693847656 15.73126220703125 15.724682807922363281 15.713429450988769531
15.817134857177734375 15.809370994567871094 15.799096107482910156 15.793896675109863281 15.789703369140625 15.790492057800292969 15.787212371826171875 15.786991119384765625 15.782445907592773438 15.776967048645019531 15.774632453918457031 15.764232635498046875 15.75598907470703125 15.751881599426269531 15.751751899719238281 15.757694244384765625 15.754659652709960938 15.754283905029296875 15.740702629089355469 15.739943504333496094 15.749647140502929688 15.75617218017578125 15.757716178894042969 15.751997947692871094 15.74697113037109375 15.74603271484375 15.745591163635253906 15.746812820434570312 15.750731468200683594 15.752866744995117188 15.756632804870605469 15.758763313293457031 15.760274887084960938 15.757620811462402344 15.757310867309570312 15.75681304931640625 15.753820419311523438 15.751767158508300781 15.747034072875976562 15.746082305908203125 15.740766525268554688 15.744724273681640625 15.739361763000488281 15.733725547790527344
