INPUT/RASTER/ASCII/BIO08.asc
ncols        225
nrows        269
xllcorner    473009.983799999987
yllcorner    4429051.174800000153
cellsize     50.000000000000
NODATA_value  -9999
[rows 171 to 189 of 269, columns 129 to 171 of 225]
14.575842857360839844 14.608942985534667969 14.624790191650390625 14.630234718322753906 14.628525733947753906 14.623497962951660156 14.626131057739257813 14.634295463562011719 14.641390800476074219 14.648729324340820313 14.655714988708496094 14.657377243041992188 14.653758049011230469 14.646867752075195313 14.642709732055664063 14.642801284790039063 14.645669937133789063 14.647908210754394531 14.653315544128417969 14.664396286010742188 14.673251152038574219 14.681250572204589844 14.693309783935546875 14.700922966003417969 14.702322959899902344 14.688323020935058594 14.653090476989746094 14.629998207092285156 14.595703125 14.580286979675292969 14.583413124084472656 14.599829673767089844 14.623896598815917969 14.638057708740234375 14.646711349487304688 14.651393890380859375 14.648939132690429688 14.643984794616699219 14.638423919677734375 14.633502960205078125 14.628714561462402344 14.623251914978027344 14.619477272033691406
14.564334869384765625 14.605435371398925781 14.623937606811523438 14.637070655822753906 14.643878936767578125 14.639889717102050781 14.636689186096191406 14.638355255126953125 14.643283843994140625 14.652469635009765625 14.664503097534179688 14.670361518859863281 14.669454574584960938 14.664549827575683594 14.660838127136230469 14.661225318908691406 14.66431427001953125 14.666274070739746094 14.66945648193359375 14.676553726196289063 14.682948112487792969 14.688960075378417969 14.698400497436523438 14.703586578369140625 14.702141761779785156 14.685377120971679688 14.648990631103515625 14.625603675842285156 14.590839385986328125 14.576617240905761719 14.5833587646484375 14.601911544799804688 14.627015113830566406 14.640947341918945313 14.649756431579589844 14.655446052551269531 14.652332305908203125 14.646168708801269531 14.640263557434082031 14.636012077331542969 14.632561683654785156 14.628751754760742188 14.62487030029296875
14.543628692626953125 14.584919929504394531 14.604951858520507813 14.626996994018554688 14.645609855651855469 14.649458885192871094 14.648800849914550781 14.647328376770019531 14.650493621826171875 14.660326004028320313 14.676314353942871094 14.68602752685546875 14.686832427978515625 14.683882713317871094 14.682129859924316406 14.68320465087890625 14.6858978271484375 14.6856689453125 14.685866355895996094 14.690306663513183594 14.694732666015625 14.698483467102050781 14.704388618469238281 14.705667495727539063 14.699367523193359375 14.67816162109375 14.640519142150878906 14.618170738220214844 14.586895942687988281 14.575984954833984375 14.584490776062011719 14.603320121765136719 14.628167152404785156 14.641706466674804688 14.651620864868164063 14.658847808837890625 14.654627799987792969 14.646933555603027344 14.641488075256347656 14.638710975646972656 14.634281158447265625 14.630350112915039063 14.626969337463378906
14.521067619323730469 14.562198638916015625 14.583578109741210938 14.610971450805664063 14.637731552124023438 14.652917861938476563 14.661845207214355469 14.662360191345214844 14.665862083435058594 14.674559593200683594 14.691156387329101563 14.701949119567871094 14.702861785888671875 14.700196266174316406 14.699972152709960938 14.701555252075195313 14.703310012817382813 14.701296806335449219 14.7010498046875 14.705125808715820313 14.708482742309570313 14.710218429565429688 14.711764335632324219 14.709147453308105469 14.697604179382324219 14.670587539672851563 14.629721641540527344 14.608495712280273438 14.583434104919433594 14.57740020751953125 14.586922645568847656 14.604976654052734375 14.627864837646484375 14.641513824462890625 14.653813362121582031 14.660899162292480469 14.655427932739257813 14.647916793823242188 14.64168548583984375 14.638407707214355469 14.633227348327636719 14.629418373107910156 14.626678466796875
14.494031906127929688 14.530939102172851563 14.554341316223144531 14.588294029235839844 14.62933349609375 14.660778999328613281 14.676365852355957031 14.6798858642578125 14.683907508850097656 14.688515663146972656 14.698351860046386719 14.707273483276367188 14.709707260131835938 14.709621429443359375 14.710705757141113281 14.711583137512207031 14.7111968994140625 14.709986686706542969 14.713713645935058594 14.721704483032226563 14.725481033325195313 14.7248382568359375 14.720931053161621094 14.713500022888183594 14.699217796325683594 14.668766975402832031 14.624109268188476563 14.60135650634765625 14.5765533447265625 14.573561668395996094 14.586614608764648438 14.606517791748046875 14.627699851989746094 14.641344070434570313 14.654377937316894531 14.6615142822265625 14.655820846557617188 14.646383285522460938 14.639538764953613281 14.63629913330078125 14.630942344665527344 14.626368522644042969 14.62352752685546875
14.471047401428222656 14.499017715454101563 14.5240478515625 14.563775062561035156 14.618375778198242188 14.668311119079589844 14.69596099853515625 14.700205802917480469 14.699477195739746094 14.699614524841308594 14.701852798461914063 14.706988334655761719 14.711641311645507813 14.714154243469238281 14.715501785278320313 14.714996337890625 14.71472930908203125 14.71611785888671875 14.720729827880859375 14.728090286254882813 14.732174873352050781 14.730098724365234375 14.722933769226074219 14.71263885498046875 14.696013450622558594 14.666021347045898438 14.623686790466308594 14.602103233337402344 14.578339576721191406 14.575139045715332031 14.589326858520507813 14.609894752502441406 14.629555702209472656 14.641536712646484375 14.653115272521972656 14.661576271057128906 14.657984733581542969 14.647640228271484375 14.63910675048828125 14.635317802429199219 14.628953933715820313 14.623598098754882813 14.6206207275390625
14.465809822082519531 14.485015869140625 14.510159492492675781 14.551149368286132813 14.609107017517089844 14.662878990173339844 14.696392059326171875 14.706986427307128906 14.708657264709472656 14.708807945251464844 14.710698127746582031 14.714522361755371094 14.71839141845703125 14.7194061279296875 14.718649864196777344 14.716103553771972656 14.714717864990234375 14.71672821044921875 14.722292900085449219 14.727813720703125 14.72986602783203125 14.727452278137207031 14.720376968383789063 14.709674835205078125 14.691812515258789063 14.662542343139648438 14.6232757568359375 14.603776931762695313 14.583591461181640625 14.58281707763671875 14.596842765808105469 14.615290641784667969 14.632537841796875 14.642262458801269531 14.652386665344238281 14.661566734313964844 14.660262107849121094 14.650594711303710938 14.639876365661621094 14.634884834289550781 14.627628326416015625 14.621612548828125 14.617999076843261719
14.476282119750976563 14.48459625244140625 14.506456375122070313 14.543895721435546875 14.597939491271972656 14.650513648986816406 14.689259529113769531 14.707898139953613281 14.713693618774414063 14.716596603393554688 14.7221527099609375 14.726591110229492188 14.729684829711914063 14.7301483154296875 14.728327751159667969 14.723070144653320313 14.717165946960449219 14.715057373046875 14.716967582702636719 14.717731475830078125 14.716937065124511719 14.717099189758300781 14.713681221008300781 14.705541610717773438 14.689153671264648438 14.661746025085449219 14.626708030700683594 14.609820365905761719 14.593496322631835938 14.59580230712890625 14.608672142028808594 14.623059272766113281 14.636945724487304688 14.644806861877441406 14.652835845947265625 14.660966873168945313 14.660918235778808594 14.65245819091796875 14.641135215759277344 14.635071754455566406 14.626513481140136719 14.619860649108886719 14.615387916564941406
14.504007339477539063 14.500697135925292969 14.514329910278320313 14.542994499206542969 14.588360786437988281 14.637781143188476563 14.680206298828125 14.705119132995605469 14.715384483337402344 14.72319793701171875 14.733527183532714844 14.739191055297851563 14.742672920227050781 14.742959976196289063 14.740624427795410156 14.733121871948242188 14.722985267639160156 14.715475082397460938 14.709321022033691406 14.703650474548339844 14.699807167053222656 14.699375152587890625 14.698490142822265625 14.696996688842773438 14.686479568481445313 14.663366317749023438 14.634504318237304688 14.621222496032714844 14.609028816223144531 14.611536026000976563 14.6208648681640625 14.631334304809570313 14.642580986022949219 14.64859771728515625 14.654061317443847656 14.659625053405761719 14.659540176391601563 14.651981353759765625 14.641770362854003906 14.635510444641113281 14.625872611999511719 14.618346214294433594 14.6131591796875
14.539889335632324219 14.526074409484863281 14.52993011474609375 14.548220634460449219 14.584980010986328125 14.630604743957519531 14.672061920166015625 14.700848579406738281 14.715821266174316406 14.72901153564453125 14.744395256042480469 14.751284599304199219 14.754996299743652344 14.75555419921875 14.75336456298828125 14.743558883666992188 14.727404594421386719 14.712634086608886719 14.699254035949707031 14.688779830932617188 14.682691574096679688 14.678629875183105469 14.677093505859375 14.679422378540039063 14.674169540405273438 14.6595916748046875 14.638318061828613281 14.628279685974121094 14.620370864868164063 14.622417449951171875 14.629259109497070313 14.638022422790527344 14.647546768188476563 14.651849746704101563 14.655602455139160156 14.658809661865234375 14.65729522705078125 14.650896072387695313 14.641930580139160156 14.635626792907714844 14.625608444213867188 14.617629051208496094 14.611405372619628906
14.588917732238769531 14.566557884216308594 14.561387062072753906 14.567338943481445313 14.588880538940429688 14.623602867126464844 14.662324905395507813 14.697413444519042969 14.71880340576171875 14.738368034362792969 14.760206222534179688 14.768125534057617188 14.770189285278320313 14.7699737548828125 14.76650238037109375 14.750019073486328125 14.723508834838867188 14.696249008178710938 14.671155929565429688 14.652010917663574219 14.641818046569824219 14.634761810302734375 14.635242462158203125 14.645913124084472656 14.647275924682617188 14.6416473388671875 14.627455711364746094 14.619793891906738281 14.614533424377441406 14.619388580322265625 14.632112503051757813 14.644755363464355469 14.653017044067382813 14.656077384948730469 14.657911300659179688 14.657996177673339844 14.654852867126464844 14.649420738220214844 14.6421356201171875 14.636760711669921875 14.62735748291015625 14.618514060974121094 14.611289024353027344
14.627460479736328125 14.606211662292480469 14.598850250244140625 14.595414161682128906 14.601512908935546875 14.622323989868164063 14.657598495483398438 14.6962738037109375 14.72115325927734375 14.746153831481933594 14.770432472229003906 14.776453018188476563 14.775774955749511719 14.771059989929199219 14.764410972595214844 14.743782997131347656 14.712680816650390625 14.677550315856933594 14.638792037963867188 14.60375213623046875 14.585362434387207031 14.57955169677734375 14.59001922607421875 14.612583160400390625 14.622166633605957031 14.620899200439453125 14.612453460693359375 14.607356071472167969 14.605512619018554688 14.615346908569335938 14.630100250244140625 14.642819404602050781 14.653005599975585938 14.658860206604003906 14.65924835205078125 14.657604217529296875 14.653772354125976563 14.647765159606933594 14.641575813293457031 14.637560844421386719 14.62970733642578125 14.621039390563964844 14.612621307373046875
14.661713600158691406 14.642351150512695313 14.634482383728027344 14.627178192138671875 14.623507499694824219 14.633452415466308594 14.661687850952148438 14.698291778564453125 14.724575996398925781 14.75295257568359375 14.775935173034667969 14.777372360229492188 14.771741867065429688 14.761136054992675781 14.75238037109375 14.732479095458984375 14.702717781066894531 14.665485382080078125 14.617417335510253906 14.567521095275878906 14.542458534240722656 14.537885665893554688 14.55513763427734375 14.584804534912109375 14.599490165710449219 14.6011810302734375 14.596815109252929688 14.594762802124023438 14.599210739135742188 14.61457061767578125 14.630252838134765625 14.642099380493164063 14.649374961853027344 14.6530914306640625 14.654116630554199219 14.652026176452636719 14.650987625122070313 14.645970344543457031 14.640912055969238281 14.637933731079101563 14.630847930908203125 14.622285842895507813 14.61423492431640625
14.691844940185546875 14.675515174865722656 14.668446540832519531 14.661726951599121094 14.654656410217285156 14.65545654296875 14.673296928405761719 14.702704429626464844 14.728876113891601563 14.759378433227539063 14.778227806091308594 14.775223731994628906 14.763612747192382813 14.748342514038085938 14.739093780517578125 14.722474098205566406 14.696129798889160156 14.659754753112792969 14.611163139343261719 14.560469627380371094 14.535437583923339844 14.527382850646972656 14.537245750427246094 14.562898635864257813 14.578691482543945313 14.582495689392089844 14.583195686340332031 14.585346221923828125 14.597116470336914063 14.61602783203125 14.631533622741699219 14.643297195434570313 14.649234771728515625 14.651389122009277344 14.652807235717773438 14.650326728820800781 14.646407127380371094 14.640694618225097656 14.63774871826171875 14.635872840881347656 14.629131317138671875 14.622493743896484375 14.615796089172363281
14.719552040100097656 14.7075042724609375 14.702611923217773438 14.698464393615722656 14.691478729248046875 14.6862335205078125 14.695492744445800781 14.715740203857421875 14.739013671875 14.768625259399414063 14.778866767883300781 14.770636558532714844 14.753086090087890625 14.732426643371582031 14.722445487976074219 14.710808753967285156 14.689738273620605469 14.656252861022949219 14.611326217651367188 14.564291954040527344 14.540191650390625 14.529397010803222656 14.530181884765625 14.544237136840820313 14.557915687561035156 14.5654144287109375 14.572323799133300781 14.579100608825683594 14.598089218139648438 14.618832588195800781 14.633196830749511719 14.643971443176269531 14.649502754211425781 14.651459693908691406 14.653215408325195313 14.650868415832519531 14.64487457275390625 14.638036727905273438 14.632894515991210938 14.629528045654296875 14.623063087463378906 14.619393348693847656 14.615064620971679688
14.746850013732910156 14.739275932312011719 14.736665725708007813 14.735507011413574219 14.730742454528808594 14.723971366882324219 14.730193138122558594 14.747650146484375 14.763787269592285156 14.777910232543945313 14.777923583984375 14.764063835144042969 14.740274429321289063 14.713347434997558594 14.701930046081542969 14.694020271301269531 14.678143501281738281 14.649840354919433594 14.609902381896972656 14.565975189208984375 14.54181671142578125 14.531533241271972656 14.529417991638183594 14.535956382751464844 14.545508384704589844 14.555110931396484375 14.567343711853027344 14.577867507934570313 14.601462364196777344 14.622236251831054688 14.635024070739746094 14.644368171691894531 14.649828910827636719 14.651823997497558594 14.65351104736328125 14.650313377380371094 14.643403053283691406 14.636098861694335938 14.629405021667480469 14.625204086303710938 14.618761062622070313 14.613780021667480469 14.610270500183105469
14.777975082397460938 14.774366378784179688 14.77387237548828125 14.774831771850585938 14.77274322509765625 14.767520904541015625 14.768779754638671875 14.775292396545410156 14.778131484985351563 14.777925491333007813 14.773497581481933594 14.754159927368164063 14.725176811218261719 14.69277191162109375 14.677746772766113281 14.665904045104980469 14.654155731201171875 14.63463592529296875 14.601086616516113281 14.562731742858886719 14.541382789611816406 14.533370018005371094 14.532601356506347656 14.53780364990234375 14.544505119323730469 14.552693367004394531 14.565908432006835938 14.577597618103027344 14.603048324584960938 14.623744964599609375 14.635510444641113281 14.644512176513671875 14.65079498291015625 14.65276336669921875 14.6535797119140625 14.648516654968261719 14.639791488647460938 14.632584571838378906 14.626878738403320313 14.623293876647949219 14.617646217346191406 14.613308906555175781 14.610730171203613281
14.809563636779785156 14.80844879150390625 14.809124946594238281 14.810339927673339844 14.80975341796875 14.805891990661621094 14.798666000366210938 14.791956901550292969 14.784892082214355469 14.776070594787597656 14.765458106994628906 14.74037933349609375 14.707213401794433594 14.668232917785644531 14.647581100463867188 14.629179000854492188 14.619873046875 14.609227180480957031 14.585732460021972656 14.559653282165527344 14.546267509460449219 14.539830207824707031 14.537566184997558594 14.540591239929199219 14.545269966125488281 14.55197906494140625 14.563715934753417969 14.575360298156738281 14.601076126098632813 14.620843887329101563 14.633042335510253906 14.643582344055175781 14.650303840637207031 14.652658462524414063 14.653573989868164063 14.648364067077636719 14.639378547668457031 14.632031440734863281 14.626912117004394531 14.623877525329589844 14.619229316711425781 14.61539459228515625 14.612883567810058594
14.82457733154296875 14.823925018310546875 14.824744224548339844 14.825841903686523438 14.825998306274414063 14.822875022888183594 14.813177108764648438 14.803129196166992188 14.794488906860351563 14.781548500061035156 14.76201629638671875 14.731238365173339844 14.693510055541992188 14.650075912475585938 14.626832008361816406 14.60455322265625 14.593909263610839844 14.586862564086914063 14.572899818420410156 14.556382179260253906 14.547571182250976563 14.543092727661132813 14.540019989013671875 14.541676521301269531 14.545117378234863281 14.550209999084472656 14.560380935668945313 14.571615219116210938 14.59677886962890625 14.61635589599609375 14.629315376281738281 14.641007423400878906 14.6480560302734375 14.65111541748046875 14.653316497802734375 14.649517059326171875 14.641437530517578125 14.633955955505371094 14.629267692565917969 14.626710891723632813 14.622613906860351563 14.619264602661132813 14.616974830627441406
