INPUT/RASTER/ASCII/BIO05.asc
ncols        225
nrows        269
xllcorner    473000.000000000000
yllcorner    4429100.000000000000
cellsize     50.000000000000
NODATA_value -9999
[rows 100 to 119 of 269, columns 44 to 87 of 225]
31.226287841796875 31.200557708740234375 31.175914764404296875 31.174228668212890625 31.159801483154296875 31.14862060546875 31.157934188842773438 31.168163299560546875 31.181179046630859375 31.18502044677734375 31.192251205444335938 31.195329666137695312 31.1987762451171875 31.204244613647460938 31.20792388916015625 31.212139129638671875 31.218454360961914062 31.22602081298828125 31.238992691040039062 31.24985504150390625 31.259160995483398438 31.260639190673828125 31.25630950927734375 31.297412872314453125 31.34670257568359375 31.361606597900390625 31.3839111328125 31.39247894287109375 31.411771774291992188 31.433277130126953125 31.45639801025390625 31.474895477294921875 31.483875274658203125 31.487184524536132812 31.486291885375976562 31.47930145263671875 31.46553802490234375 31.461881637573242188 31.467470169067382812 31.470973968505859375 31.4714813232421875 31.46884918212890625 31.463697433471679688 31.46787261962890625
31.245344161987304688 31.219844818115234375 31.19815826416015625 31.1879730224609375 31.176523208618164062 31.16608428955078125 31.166803359985351562 31.172100067138671875 31.185518264770507812 31.188961029052734375 31.198009490966796875 31.200735092163085938 31.202724456787109375 31.208887100219726562 31.212518692016601562 31.21765899658203125 31.223783493041992188 31.22869110107421875 31.239572525024414062 31.251888275146484375 31.268423080444335938 31.274122238159179688 31.266696929931640625 31.348951339721679688 31.351917266845703125 31.365991592407226562 31.386562347412109375 31.392757415771484375 31.410062789916992188 31.4327239990234375 31.457042694091796875 31.4762725830078125 31.484754562377929688 31.48894500732421875 31.487030029296875 31.480661392211914062 31.470132827758789062 31.4693756103515625 31.471487045288085938 31.471721649169921875 31.471405029296875 31.466388702392578125 31.456300735473632812 31.458353042602539062
31.26184844970703125 31.246593475341796875 31.25124359130859375 31.216739654541015625 31.19379425048828125 31.1925506591796875 31.177562713623046875 31.180912017822265625 31.192600250244140625 31.197458267211914062 31.210094451904296875 31.210809707641601562 31.211229324340820312 31.213565826416015625 31.220066070556640625 31.222658157348632812 31.227840423583984375 31.23464202880859375 31.240148544311523438 31.25302886962890625 31.279384613037109375 31.33159637451171875 31.350971221923828125 31.362003326416015625 31.362325668334960938 31.370344161987304688 31.386379241943359375 31.39215087890625 31.404972076416015625 31.430620193481445312 31.456897735595703125 31.476369857788085938 31.487745285034179688 31.492521286010742188 31.4890594482421875 31.483522415161132812 31.476657867431640625 31.47930908203125 31.476228713989257812 31.47376251220703125 31.47025299072265625 31.462009429931640625 31.452371597290039062 31.457828521728515625
31.2638702392578125 31.27410125732421875 31.277669906616210938 31.25270843505859375 31.228473663330078125 31.221553802490234375 31.1900787353515625 31.1916656494140625 31.1980743408203125 31.208538055419921875 31.21744537353515625 31.22121429443359375 31.22039031982421875 31.218660354614257812 31.225702285766601562 31.22708892822265625 31.235044479370117188 31.24253082275390625 31.244060516357421875 31.25803375244140625 31.317371368408203125 31.376953125 31.387493133544921875 31.372964859008789062 31.372745513916015625 31.375125885009765625 31.3887786865234375 31.392290115356445312 31.407258987426757812 31.42724609375 31.454437255859375 31.476209640502929688 31.494123458862304688 31.4979248046875 31.495969772338867188 31.486888885498046875 31.485822677612304688 31.4879608154296875 31.4821014404296875 31.46688079833984375 31.461376190185546875 31.449995040893554688 31.44695281982421875 31.447427749633789062
31.25177001953125 31.286535263061523438 31.291261672973632812 31.28134918212890625 31.26366424560546875 31.24799346923828125 31.206853866577148438 31.199487686157226562 31.204250335693359375 31.215076446533203125 31.227443695068359375 31.232160568237304688 31.229503631591796875 31.223680496215820312 31.23032379150390625 31.2312469482421875 31.24004364013671875 31.247156143188476562 31.25035858154296875 31.3045501708984375 31.356937408447265625 31.373525619506835938 31.38759613037109375 31.387235641479492188 31.39415740966796875 31.384382247924804688 31.39286041259765625 31.394384384155273438 31.404291152954101562 31.411428451538085938 31.438446044921875 31.461421966552734375 31.491504669189453125 31.504018783569335938 31.50623321533203125 31.499364852905273438 31.506053924560546875 31.497945785522460938 31.4820709228515625 31.458761215209960938 31.449794769287109375 31.438137054443359375 31.439159393310546875 31.4339752197265625
31.2382659912109375 31.288082122802734375 31.30474853515625 31.301601409912109375 31.29344940185546875 31.277774810791015625 31.2299041748046875 31.215152740478515625 31.219400405883789062 31.239734649658203125 31.252056121826171875 31.24628448486328125 31.239406585693359375 31.236585617065429688 31.245370864868164062 31.244039535522460938 31.250764846801757812 31.259002685546875 31.31778717041015625 31.3543548583984375 31.367244720458984375 31.376026153564453125 31.398738861083984375 31.406036376953125 31.398773193359375 31.390106201171875 31.39170074462890625 31.394151687622070312 31.400674819946289062 31.4057769775390625 31.422716140747070312 31.4512786865234375 31.485506057739257812 31.507038116455078125 31.510223388671875 31.511079788208007812 31.511974334716796875 31.504739761352539062 31.484785079956054688 31.459199905395507812 31.447797775268554688 31.4325103759765625 31.432245254516601562 31.42899322509765625
31.258924484252929688 31.288709640502929688 31.3016510009765625 31.3133392333984375 31.315046310424804688 31.3001556396484375 31.25139617919921875 31.237764358520507812 31.246831893920898438 31.263635635375976562 31.270481109619140625 31.252300262451171875 31.243404388427734375 31.247943878173828125 31.253870010375976562 31.253955841064453125 31.258100509643554688 31.30611419677734375 31.352277755737304688 31.361539840698242188 31.37347412109375 31.383029937744140625 31.406568527221679688 31.417186737060546875 31.4046783447265625 31.392345428466796875 31.3905487060546875 31.392213821411132812 31.396871566772460938 31.402704238891601562 31.416595458984375 31.440502166748046875 31.473175048828125 31.501392364501953125 31.507158279418945312 31.51990509033203125 31.5153350830078125 31.505258560180664062 31.479158401489257812 31.464960098266601562 31.441858291625976562 31.422389984130859375 31.418863296508789062 31.41823577880859375
31.280874252319335938 31.29578399658203125 31.306262969970703125 31.319286346435546875 31.326848983764648438 31.316976547241210938 31.290876388549804688 31.2845611572265625 31.285531997680664062 31.290111541748046875 31.282678604125976562 31.258607864379882812 31.253831863403320312 31.258420944213867188 31.263660430908203125 31.263982772827148438 31.287817001342773438 31.353193283081054688 31.3582763671875 31.3687286376953125 31.381336212158203125 31.392547607421875 31.4123687744140625 31.428480148315429688 31.414447784423828125 31.397466659545898438 31.39325714111328125 31.393611907958984375 31.397586822509765625 31.4034881591796875 31.415334701538085938 31.438081741333007812 31.464508056640625 31.493635177612304688 31.50345611572265625 31.521697998046875 31.515489578247070312 31.503559112548828125 31.472896575927734375 31.462274551391601562 31.439388275146484375 31.416776657104492188 31.402845382690429688 31.408132553100585938
31.28934478759765625 31.304765701293945312 31.31345367431640625 31.322801589965820312 31.330448150634765625 31.327381134033203125 31.319002151489257812 31.31295013427734375 31.316070556640625 31.3144378662109375 31.303403854370117188 31.275295257568359375 31.26811981201171875 31.27378082275390625 31.2715301513671875 31.276700973510742188 31.354763031005859375 31.35845947265625 31.363372802734375 31.373357772827148438 31.387750625610351562 31.39717864990234375 31.417802810668945312 31.443372726440429688 31.435136795043945312 31.413305282592773438 31.4011077880859375 31.399921417236328125 31.40192413330078125 31.407491683959960938 31.42183685302734375 31.442729949951171875 31.4650115966796875 31.493310928344726562 31.503612518310546875 31.522068023681640625 31.51436614990234375 31.497898101806640625 31.468568801879882812 31.45970916748046875 31.44171142578125 31.422725677490234375 31.3984527587890625 31.400600433349609375
31.293972015380859375 31.310979843139648438 31.316799163818359375 31.323535919189453125 31.330610275268554688 31.331399917602539062 31.329851150512695312 31.326578140258789062 31.32785797119140625 31.324859619140625 31.316778182983398438 31.302715301513671875 31.300815582275390625 31.305627822875976562 31.327800750732421875 31.362277984619140625 31.357738494873046875 31.357954025268554688 31.366830825805664062 31.377349853515625 31.390533447265625 31.400533676147460938 31.42304229736328125 31.455341339111328125 31.453266143798828125 31.433694839477539062 31.423093795776367188 31.424036026000976562 31.425760269165039062 31.423061370849609375 31.436235427856445312 31.4550933837890625 31.475702285766601562 31.501169204711914062 31.510845184326171875 31.52294921875 31.511325836181640625 31.492183685302734375 31.46938323974609375 31.462049484252929688 31.446720123291015625 31.425474166870117188 31.39727020263671875 31.397571563720703125
31.29860687255859375 31.314920425415039062 31.31887054443359375 31.325931549072265625 31.332683563232421875 31.337139129638671875 31.337202072143554688 31.335720062255859375 31.339124679565429688 31.334644317626953125 31.337640762329101562 31.333211898803710938 31.324731826782226562 31.346258163452148438 31.375370025634765625 31.36554718017578125 31.359222412109375 31.359760284423828125 31.368726730346679688 31.379425048828125 31.394500732421875 31.40325164794921875 31.429271697998046875 31.463899612426757812 31.4656219482421875 31.448947906494140625 31.437381744384765625 31.44098663330078125 31.443178176879882812 31.43927764892578125 31.45806884765625 31.470672607421875 31.491619110107421875 31.51052093505859375 31.516155242919921875 31.521562576293945312 31.5050811767578125 31.489507675170898438 31.473419189453125 31.4700164794921875 31.453847885131835938 31.430797576904296875 31.4068450927734375 31.39583587646484375
31.303890228271484375 31.31781768798828125 31.323514938354492188 31.330087661743164062 31.337329864501953125 31.34606170654296875 31.347431182861328125 31.345916748046875 31.354867935180664062 31.35488128662109375 31.36187744140625 31.366413116455078125 31.3894195556640625 31.406352996826171875 31.37244415283203125 31.361419677734375 31.358539581298828125 31.362361907958984375 31.370349884033203125 31.381778717041015625 31.403028488159179688 31.416534423828125 31.441179275512695312 31.473176956176757812 31.487789154052734375 31.4715118408203125 31.45249176025390625 31.454671859741210938 31.459636688232421875 31.467884063720703125 31.485719680786132812 31.498643875122070312 31.517393112182617188 31.5272064208984375 31.525508880615234375 31.517459869384765625 31.502887725830078125 31.493425369262695312 31.481508255004882812 31.47772216796875 31.465406417846679688 31.449810028076171875 31.43445587158203125 31.427059173583984375
31.289072036743164062 31.315454483032226562 31.325122833251953125 31.335107803344726562 31.351144790649414062 31.355892181396484375 31.35778045654296875 31.358051300048828125 31.36435699462890625 31.365329742431640625 31.372213363647460938 31.412897109985351562 31.434009552001953125 31.411863327026367188 31.3758087158203125 31.366498947143554688 31.360507965087890625 31.362522125244140625 31.372480392456054688 31.383867263793945312 31.406826019287109375 31.419910430908203125 31.445863723754882812 31.483201980590820312 31.500286102294921875 31.49151611328125 31.466800689697265625 31.468601226806640625 31.467382431030273438 31.473848342895507812 31.499721527099609375 31.51360321044921875 31.530895233154296875 31.53780364990234375 31.53212738037109375 31.52187347412109375 31.507579803466796875 31.497041702270507812 31.484277725219726562 31.481782913208007812 31.475061416625976562 31.463502883911132812 31.454137802124023438 31.448461532592773438
31.275604248046875 31.30084991455078125 31.328275680541992188 31.341899871826171875 31.354303359985351562 31.3596343994140625 31.361042022705078125 31.3631439208984375 31.3710174560546875 31.373317718505859375 31.418186187744140625 31.458194732666015625 31.440587997436523438 31.417535781860351562 31.391988754272460938 31.3769989013671875 31.366306304931640625 31.367183685302734375 31.37795257568359375 31.388532638549804688 31.4104766845703125 31.423292160034179688 31.447725296020507812 31.481647491455078125 31.505601882934570312 31.5118255615234375 31.487659454345703125 31.488187789916992188 31.480752944946289062 31.4830322265625 31.51660919189453125 31.526643753051757812 31.543031692504882812 31.547399520874023438 31.543243408203125 31.5254669189453125 31.512281417846679688 31.497529983520507812 31.486415863037109375 31.486860275268554688 31.481264114379882812 31.4714202880859375 31.464672088623046875 31.456386566162109375
31.2904815673828125 31.295192718505859375 31.302301406860351562 31.342519760131835938 31.360687255859375 31.362401962280273438 31.364706039428710938 31.368892669677734375 31.37358856201171875 31.41863250732421875 31.449718475341796875 31.4606170654296875 31.452077865600585938 31.425235748291015625 31.40155792236328125 31.3842926025390625 31.37473297119140625 31.376434326171875 31.383266448974609375 31.392974853515625 31.41551971435546875 31.426776885986328125 31.453479766845703125 31.468921661376953125 31.5007476806640625 31.5261383056640625 31.516521453857421875 31.509462356567382812 31.501117706298828125 31.5097808837890625 31.529354095458984375 31.5462799072265625 31.5565185546875 31.550319671630859375 31.54644775390625 31.525196075439453125 31.510862350463867188 31.498773574829101562 31.490484237670898438 31.492525100708007812 31.488393783569335938 31.478063583374023438 31.472414016723632812 31.4604644775390625
31.300201416015625 31.3022918701171875 31.31201934814453125 31.327472686767578125 31.366024017333984375 31.367471694946289062 31.370637893676757812 31.374237060546875 31.418542861938476562 31.459329605102539062 31.462404251098632812 31.463895797729492188 31.45780181884765625 31.431812286376953125 31.42012786865234375 31.403491973876953125 31.385042190551757812 31.389554977416992188 31.391864776611328125 31.40064239501953125 31.412969589233398438 31.425136566162109375 31.4438323974609375 31.463621139526367188 31.483060836791992188 31.524339675903320312 31.531270980834960938 31.524402618408203125 31.518238067626953125 31.524858474731445312 31.538478851318359375 31.565280914306640625 31.562730789184570312 31.552913665771484375 31.538234710693359375 31.522480010986328125 31.506862640380859375 31.500225067138671875 31.49756622314453125 31.496891021728515625 31.495540618896484375 31.49285888671875 31.478609085083007812 31.462421417236328125
31.30992889404296875 31.312808990478515625 31.321746826171875 31.322906494140625 31.35155487060546875 31.374385833740234375 31.37635040283203125 31.418792724609375 31.45613861083984375 31.461437225341796875 31.463163375854492188 31.4651031494140625 31.4599151611328125 31.437150955200195312 31.423528671264648438 31.412736892700195312 31.395280838012695312 31.398738861083984375 31.40171051025390625 31.409832000732421875 31.416473388671875 31.424695968627929688 31.439365386962890625 31.456401824951171875 31.47556304931640625 31.517004013061523438 31.541757583618164062 31.538288116455078125 31.5300140380859375 31.538991928100585938 31.552845001220703125 31.569580078125 31.561710357666015625 31.553569793701171875 31.537403106689453125 31.527400970458984375 31.525735855102539062 31.508913040161132812 31.510173797607421875 31.506555557250976562 31.502576828002929688 31.4937896728515625 31.480548858642578125 31.464647293090820312
31.331867218017578125 31.33032989501953125 31.336273193359375 31.338972091674804688 31.348064422607421875 31.354501724243164062 31.445474624633789062 31.466085433959960938 31.465442657470703125 31.467601776123046875 31.466558456420898438 31.465892791748046875 31.459026336669921875 31.433193206787109375 31.412372589111328125 31.412202835083007812 31.411447525024414062 31.420984268188476562 31.419202804565429688 31.422454833984375 31.423105239868164062 31.428974151611328125 31.437709808349609375 31.457864761352539062 31.481134414672851562 31.518369674682617188 31.5518341064453125 31.554227828979492188 31.553205490112304688 31.56212615966796875 31.567724227905273438 31.57944488525390625 31.56494903564453125 31.556501388549804688 31.545989990234375 31.535501480102539062 31.528547286987304688 31.51805877685546875 31.52262115478515625 31.524152755737304688 31.510890960693359375 31.50316619873046875 31.484304428100585938 31.466192245483398438
31.344081878662109375 31.340909957885742188 31.34477996826171875 31.351022720336914062 31.35718536376953125 31.354719161987304688 31.392177581787109375 31.4694976806640625 31.46962738037109375 31.469732284545898438 31.466569900512695312 31.462766647338867188 31.458593368530273438 31.436298370361328125 31.42350006103515625 31.418531417846679688 31.423158645629882812 31.4308319091796875 31.429401397705078125 31.4278106689453125 31.430133819580078125 31.43433380126953125 31.442071914672851562 31.461521148681640625 31.487140655517578125 31.52108001708984375 31.548854827880859375 31.556035995483398438 31.566526412963867188 31.5764923095703125 31.581958770751953125 31.591243743896484375 31.575695037841796875 31.5685272216796875 31.561004638671875 31.544345855712890625 31.536500930786132812 31.529436111450195312 31.544708251953125 31.544099807739257812 31.516141891479492188 31.507274627685546875 31.4917449951171875 31.476865768432617188
31.3643341064453125 31.359193801879882812 31.359468460083007812 31.364715576171875 31.36569976806640625 31.358949661254882812 31.351819992065429688 31.407316207885742188 31.465974807739257812 31.465450286865234375 31.461452484130859375 31.456960678100585938 31.453029632568359375 31.439975738525390625 31.430784225463867188 31.428415298461914062 31.435251235961914062 31.442615509033203125 31.437616348266601562 31.435102462768554688 31.436664581298828125 31.44034576416015625 31.4492950439453125 31.468866348266601562 31.489948272705078125 31.519968032836914062 31.546527862548828125 31.555223464965820312 31.572774887084960938 31.587009429931640625 31.594099044799804688 31.593418121337890625 31.585666656494140625 31.583112716674804688 31.573993682861328125 31.55455780029296875 31.547674179077148438 31.55200958251953125 31.55588531494140625 31.547128677368164062 31.520368576049804688 31.5133209228515625 31.5012969970703125 31.491260528564453125
