INPUT/RASTER/ASCII/BIO05.asc
ncols        225
nrows        269
xllcorner    473009.983799999987
yllcorner    4429051.174800000153
cellsize     50.000000000000
NODATA_value -9999
[rows 133 to 151 of 269, columns 0 to 41 of 225]
-9999 -9999 -9999 -9999 -9999 -9999 -9999 -9999 -9999 31.813352584838867188 31.78168487548828125 31.706026077270507813 31.641876220703125 31.608154296875 31.59519195556640625 31.590076446533203125 31.587795257568359375 31.58489227294921875 31.578426361083984375 31.573055267333984375 31.573183059692382813 31.576208114624023438 31.577991485595703125 31.573154449462890625 31.562788009643554688 31.550878524780273438 31.536954879760742188 31.526353836059570313 31.5163116455078125 31.508579254150390625 31.509222030639648438 31.512338638305664063 31.511312484741210938 31.506467819213867188 31.50156402587890625 31.499536514282226563 31.498613357543945313 31.492433547973632813 31.481536865234375 31.470310211181640625 31.464817047119140625 31.45909881591796875
-9999 -9999 -9999 -9999 -9999 -9999 -9999 -9999 -9999 31.815351486206054688 31.783933639526367188 31.699556350708007813 31.628849029541015625 31.604244232177734375 31.597154617309570313 31.592370986938476563 31.587543487548828125 31.58371734619140625 31.581089019775390625 31.580570220947265625 31.5831451416015625 31.583616256713867188 31.58077239990234375 31.573268890380859375 31.563947677612304688 31.55170440673828125 31.536954879760742188 31.52745819091796875 31.51750946044921875 31.506292343139648438 31.501806259155273438 31.502969741821289063 31.504354476928710938 31.503782272338867188 31.501966476440429688 31.500919342041015625 31.499719619750976563 31.493352890014648438 31.483263015747070313 31.475250244140625 31.471279144287109375 31.466653823852539063
-9999 -9999 -9999 -9999 -9999 -9999 -9999 -9999 -9999 31.81887054443359375 31.802995681762695313 31.723802566528320313 31.635410308837890625 31.606716156005859375 31.597057342529296875 31.591726303100585938 31.585821151733398438 31.584138870239257813 31.587297439575195313 31.594244003295898438 31.599178314208984375 31.598428726196289063 31.5902099609375 31.577341079711914063 31.564516067504882813 31.547971725463867188 31.530992507934570313 31.522214889526367188 31.51552581787109375 31.506486892700195313 31.498300552368164063 31.491327285766601563 31.490434646606445313 31.492025375366210938 31.49427032470703125 31.496173858642578125 31.494520187377929688 31.488916397094726563 31.482030868530273438 31.480205535888671875 31.4809417724609375 31.4828033447265625
-9999 -9999 -9999 -9999 -9999 -9999 -9999 -9999 -9999 31.813486099243164063 31.802110671997070313 31.722888946533203125 31.63309478759765625 31.604749679565429688 31.593463897705078125 31.588045120239257813 31.5836944580078125 31.586215972900390625 31.59526824951171875 31.606882095336914063 31.610683441162109375 31.607975006103515625 31.595401763916015625 31.578113555908203125 31.562082290649414063 31.547792434692382813 31.532939910888671875 31.523799896240234375 31.516958236694335938 31.509914398193359375 31.500944137573242188 31.489603042602539063 31.486118316650390625 31.487855911254882813 31.490346908569335938 31.4925689697265625 31.491861343383789063 31.488782882690429688 31.485187530517578125 31.485897064208984375 31.488656997680664063 31.493610382080078125
-9999 -9999 -9999 -9999 -9999 -9999 -9999 -9999 -9999 31.801025390625 31.77344512939453125 31.68828582763671875 31.620676040649414063 31.601373672485351563 31.593038558959960938 31.587738037109375 31.582502365112304688 31.586980819702148438 31.600976943969726563 31.614223480224609375 31.616151809692382813 31.61035919189453125 31.595041275024414063 31.577901840209960938 31.56218719482421875 31.548135757446289063 31.536169052124023438 31.528524398803710938 31.520860671997070313 31.513315200805664063 31.50531768798828125 31.492952346801757813 31.48665618896484375 31.487483978271484375 31.489690780639648438 31.4907684326171875 31.491729736328125 31.491710662841796875 31.491636276245117188 31.492746353149414063 31.496500015258789063 31.501300811767578125
-9999 -9999 -9999 -9999 -9999 -9999 -9999 -9999 -9999 31.78791046142578125 31.751554489135742188 31.6682586669921875 31.61450958251953125 31.598400115966796875 31.592151641845703125 31.58685302734375 31.579906463623046875 31.588235855102539063 31.607358932495117188 31.619554519653320313 31.619440078735351563 31.612798690795898438 31.597324371337890625 31.581533432006835938 31.565221786499023438 31.550037384033203125 31.539045333862304688 31.532823562622070313 31.5251312255859375 31.516643524169921875 31.507221221923828125 31.495449066162109375 31.488580703735351563 31.488796234130859375 31.490633010864257813 31.49228668212890625 31.494720458984375 31.496715545654296875 31.499170303344726563 31.500835418701171875 31.50484466552734375 31.508100509643554688
-9999 -9999 -9999 -9999 -9999 -9999 -9999 -9999 -9999 31.782384872436523438 31.739551544189453125 31.658464431762695313 31.614542007446289063 31.599040985107421875 31.594043731689453125 31.589048385620117188 31.584196090698242188 31.597204208374023438 31.617767333984375 31.624616622924804688 31.620595932006835938 31.614683151245117188 31.601736068725585938 31.586071014404296875 31.569128036499023438 31.554660797119140625 31.544755935668945313 31.5387115478515625 31.53070068359375 31.5206146240234375 31.509542465209960938 31.500276565551757813 31.496072769165039063 31.496080398559570313 31.497415542602539063 31.499114990234375 31.502023696899414063 31.504878997802734375 31.508205413818359375 31.510288238525390625 31.513624191284179688 31.513563156127929688
-9999 -9999 -9999 -9999 -9999 -9999 -9999 -9999 -9999 31.774761199951171875 31.727586746215820313 31.650157928466796875 31.617212295532226563 31.605943679809570313 31.602621078491210938 31.5974884033203125 31.596197128295898438 31.61559295654296875 31.634107589721679688 31.63177490234375 31.6226806640625 31.616886138916015625 31.604534149169921875 31.588304519653320313 31.573272705078125 31.561464309692382813 31.550567626953125 31.543855667114257813 31.537200927734375 31.527479171752929688 31.517126083374023438 31.510654449462890625 31.507940292358398438 31.508136749267578125 31.509881973266601563 31.511627197265625 31.513134002685546875 31.5153656005859375 31.519281387329101563 31.522073745727539063 31.524127960205078125 31.520082473754882813
-9999 -9999 -9999 -9999 -9999 -9999 -9999 -9999 -9999 31.750726699829101563 31.707639694213867188 31.6454620361328125 31.623920440673828125 31.617341995239257813 31.615680694580078125 31.610368728637695313 31.615125656127929688 31.641216278076171875 31.649471282958984375 31.637659072875976563 31.625226974487304688 31.617837905883789063 31.604665756225585938 31.591661453247070313 31.580732345581054688 31.569072723388671875 31.5575408935546875 31.552495956420898438 31.54654693603515625 31.5391845703125 31.534166336059570313 31.530847549438476563 31.526721954345703125 31.525112152099609375 31.52642822265625 31.52790069580078125 31.527843475341796875 31.529003143310546875 31.533535003662109375 31.536954879760742188 31.537771224975585938 31.531768798828125
-9999 -9999 -9999 -9999 -9999 -9999 -9999 -9999 31.77297210693359375 31.7454986572265625 31.681863784790039063 31.643344879150390625 31.632038116455078125 31.629446029663085938 31.628747940063476563 31.625270843505859375 31.636522293090820313 31.661912918090820313 31.6594085693359375 31.641881942749023438 31.626932144165039063 31.617849349975585938 31.6043243408203125 31.595062255859375 31.587743759155273438 31.57485198974609375 31.562520980834960938 31.55908966064453125 31.55533599853515625 31.5512237548828125 31.552066802978515625 31.551298141479492188 31.545124053955078125 31.5408172607421875 31.5402984619140625 31.539636611938476563 31.539915084838867188 31.54166412353515625 31.54706573486328125 31.550508499145507813 31.550197601318359375 31.544269561767578125
-9999 -9999 -9999 -9999 -9999 -9999 -9999 -9999 31.776813507080078125 31.747262954711914063 31.673830032348632813 31.6483306884765625 31.64478302001953125 31.643640518188476563 31.643201828002929688 31.6439971923828125 31.66020965576171875 31.678281784057617188 31.6659088134765625 31.643293380737304688 31.62656402587890625 31.616415023803710938 31.602945327758789063 31.595758438110351563 31.590936660766601563 31.577440261840820313 31.565500259399414063 31.564952850341796875 31.566158294677734375 31.567144393920898438 31.568838119506835938 31.566949844360351563 31.560670852661132813 31.5565948486328125 31.553117752075195313 31.551362991333007813 31.552579879760742188 31.554708480834960938 31.560699462890625 31.563259124755859375 31.562273025512695313 31.557737350463867188
-9999 -9999 -9999 -9999 -9999 -9999 -9999 31.820768356323242188 31.80884552001953125 31.763437271118164063 31.686786651611328125 31.66336822509765625 31.664663314819335938 31.662874221801757813 31.6638946533203125 31.669025421142578125 31.68341827392578125 31.683958053588867188 31.661310195922851563 31.636951446533203125 31.621870040893554688 31.6127777099609375 31.601533889770507813 31.595829010009765625 31.59116363525390625 31.57884979248046875 31.570522308349609375 31.5719757080078125 31.577222824096679688 31.58267974853515625 31.58376312255859375 31.578191757202148438 31.572328567504882813 31.568765640258789063 31.565189361572265625 31.565906524658203125 31.568807601928710938 31.569913864135742188 31.57334136962890625 31.574518203735351563 31.57282257080078125 31.568798065185546875
-9999 -9999 -9999 -9999 -9999 -9999 -9999 31.820796966552734375 31.816518783569335938 31.771800994873046875 31.700979232788085938 31.685266494750976563 31.690168380737304688 31.686182022094726563 31.686101913452148438 31.692251205444335938 31.701566696166992188 31.685352325439453125 31.653047561645507813 31.627485275268554688 31.61595916748046875 31.609403610229492188 31.600582122802734375 31.595586776733398438 31.590799331665039063 31.582975387573242188 31.579557418823242188 31.581720352172851563 31.587932586669921875 31.595170974731445313 31.5941009521484375 31.586519241333007813 31.580667495727539063 31.577367782592773438 31.575067520141601563 31.577589035034179688 31.580247879028320313 31.580829620361328125 31.582628250122070313 31.583295822143554688 31.581151962280273438 31.575206756591796875
-9999 -9999 -9999 -9999 -9999 -9999 -9999 31.825387954711914063 31.818349838256835938 31.785844802856445313 31.731658935546875 31.711027145385742188 31.705282211303710938 31.699869155883789063 31.696147918701171875 31.69634246826171875 31.700290679931640625 31.6797332763671875 31.645053863525390625 31.621288299560546875 31.613035202026367188 31.608377456665039063 31.601068496704101563 31.595975875854492188 31.590547561645507813 31.58621978759765625 31.587923049926757813 31.59088897705078125 31.596639633178710938 31.606861114501953125 31.607332229614257813 31.598535537719726563 31.590768814086914063 31.587799072265625 31.587110519409179688 31.590288162231445313 31.592092514038085938 31.592756271362304688 31.592981338500976563 31.592821121215820313 31.5897369384765625 31.582464218139648438
-9999 -9999 -9999 -9999 -9999 -9999 -9999 31.826141357421875 31.820178985595703125 31.804967880249023438 31.768110275268554688 31.7208709716796875 31.689069747924804688 31.678953170776367188 31.674940109252929688 31.66957855224609375 31.667264938354492188 31.657741546630859375 31.638784408569335938 31.623317718505859375 31.617273330688476563 31.613573074340820313 31.60695648193359375 31.601095199584960938 31.596387863159179688 31.593690872192382813 31.597873687744140625 31.60164642333984375 31.60865020751953125 31.623247146606445313 31.627750396728515625 31.6153411865234375 31.604854583740234375 31.602285385131835938 31.602514266967773438 31.607046127319335938 31.609951019287109375 31.61089324951171875 31.608997344970703125 31.606897354125976563 31.601140975952148438 31.594264984130859375
-9999 -9999 -9999 -9999 -9999 -9999 -9999 31.82708740234375 31.821611404418945313 31.807317733764648438 31.767061233520507813 31.699186325073242188 31.656932830810546875 31.644590377807617188 31.642362594604492188 31.637910842895507813 31.633304595947265625 31.634378433227539063 31.63250732421875 31.626495361328125 31.622776031494140625 31.620222091674804688 31.61454010009765625 31.60964202880859375 31.607347488403320313 31.60711669921875 31.609432220458984375 31.612638473510742188 31.621959686279296875 31.637912750244140625 31.641284942626953125 31.627635955810546875 31.61704254150390625 31.613710403442382813 31.613615036010742188 31.620733261108398438 31.626708984375 31.626728057861328125 31.621767044067382813 31.6178131103515625 31.612279891967773438 31.606069564819335938
-9999 -9999 -9999 -9999 -9999 -9999 31.824995040893554688 31.8242034912109375 31.817647933959960938 31.787691116333007813 31.740842819213867188 31.68840789794921875 31.6550445556640625 31.642320632934570313 31.638187408447265625 31.635089874267578125 31.63191986083984375 31.631498336791992188 31.628850936889648438 31.624179840087890625 31.62093353271484375 31.619039535522460938 31.61585235595703125 31.613222122192382813 31.611753463745117188 31.612192153930664063 31.614484786987304688 31.618658065795898438 31.629413604736328125 31.647722244262695313 31.651187896728515625 31.639934539794921875 31.631229400634765625 31.626766204833984375 31.62657928466796875 31.635595321655273438 31.641523361206054688 31.637561798095703125 31.6283111572265625 31.623315811157226563 31.619573593139648438 31.613529205322265625
-9999 -9999 -9999 -9999 -9999 -9999 31.819566726684570313 31.811853408813476563 31.796428680419921875 31.755002975463867188 31.721588134765625 31.691553115844726563 31.661468505859375 31.646242141723632813 31.642122268676757813 31.639781951904296875 31.636503219604492188 31.633480072021484375 31.628381729125976563 31.623399734497070313 31.620174407958984375 31.618473052978515625 31.616331100463867188 31.614055633544921875 31.61194610595703125 31.61296844482421875 31.619836807250976563 31.6264801025390625 31.638753890991210938 31.656015396118164063 31.659116744995117188 31.650203704833984375 31.642740249633789063 31.638166427612304688 31.63818359375 31.646574020385742188 31.64980316162109375 31.642726898193359375 31.63191986083984375 31.626672744750976563 31.621746063232421875 31.616060256958007813
-9999 -9999 -9999 -9999 -9999 31.822698593139648438 31.819978713989257813 31.796382904052734375 31.76801300048828125 31.721311569213867188 31.706834793090820313 31.69263458251953125 31.666103363037109375 31.651960372924804688 31.648685455322265625 31.647108078002929688 31.643896102905273438 31.638536453247070313 31.63196563720703125 31.626689910888671875 31.622671127319335938 31.620534896850585938 31.617876052856445313 31.615186691284179688 31.61226654052734375 31.615694046020507813 31.627956390380859375 31.637712478637695313 31.65222930908203125 31.669256210327148438 31.670726776123046875 31.661235809326171875 31.653787612915039063 31.648534774780273438 31.646657943725585938 31.65177154541015625 31.651975631713867188 31.644336700439453125 31.63396453857421875 31.628650665283203125 31.623456954956054688 31.618951797485351563
