INPUT/RASTER/ASCII/BIO02.asc
ncols        225
nrows        269
xllcorner    473000.000000000000
yllcorner    4429100.000000000000
cellsize     50.000000000000
NODATA_value -9999
[rows 220 to 239 of 269, columns 88 to 131 of 225]
10.92966461181640625 10.894535064697265625 10.887417793273925781 10.810994148254394531 10.758314132690429688 10.705610275268554688 10.676746368408203125 10.681336402893066406 10.686056137084960938 10.760958671569824219 10.809732437133789062 10.844811439514160156 10.864069938659667969 10.830152511596679688 10.803056716918945312 10.795947074890136719 10.859381675720214844 10.903719902038574219 10.909781455993652344 10.969717979431152344 11.042995452880859375 11.085330009460449219 11.067499160766601562 11.039102554321289062 11.019520759582519531 10.972789764404296875 10.90057373046875 10.800371170043945312 10.714303970336914062 10.591343879699707031 10.548284530639648438 10.497988700866699219 10.470808029174804688 10.457033157348632812 10.450020790100097656 10.4435272216796875 10.441693305969238281 10.437662124633789062 10.438791275024414062 10.433847427368164062 10.435878753662109375 10.447186470031738281 10.44490814208984375 10.453814506530761719
10.948633193969726562 10.933629989624023438 10.9156951904296875 10.847444534301757812 10.766434669494628906 10.740214347839355469 10.707996368408203125 10.728907585144042969 10.770147323608398438 10.816013336181640625 10.858598709106445312 10.87127685546875 10.884693145751953125 10.877427101135253906 10.8542938232421875 10.8686676025390625 10.910464286804199219 10.942827224731445312 10.928542137145996094 10.963776588439941406 11.038877487182617188 11.088189125061035156 11.061763763427734375 11.046982765197753906 11.019343376159667969 10.971890449523925781 10.91226959228515625 10.81778717041015625 10.74382781982421875 10.633337974548339844 10.572908401489257812 10.501767158508300781 10.466604232788085938 10.453523635864257812 10.449304580688476562 10.444074630737304688 10.443340301513671875 10.438985824584960938 10.440196037292480469 10.440572738647460938 10.451415061950683594 10.469256401062011719 10.472471237182617188 10.482201576232910156
10.8976898193359375 10.892043113708496094 10.895428657531738281 10.82477569580078125 10.762545585632324219 10.727855682373046875 10.72495269775390625 10.765164375305175781 10.810578346252441406 10.837841033935546875 10.86701202392578125 10.877451896667480469 10.889904975891113281 10.894049644470214844 10.894719123840332031 10.927581787109375 10.93195343017578125 10.967554092407226562 10.973201751708984375 10.973845481872558594 11.018524169921875 11.098271369934082031 11.087243080139160156 11.070446014404296875 11.042156219482421875 10.98877716064453125 10.92694854736328125 10.852069854736328125 10.757165908813476562 10.678506851196289062 10.640459060668945312 10.527728080749511719 10.470200538635253906 10.449853897094726562 10.448335647583007812 10.448784828186035156 10.447896957397460938 10.44756317138671875 10.448773384094238281 10.45423126220703125 10.471241950988769531 10.488010406494140625 10.4947662353515625 10.499172210693359375
10.84832000732421875 10.858184814453125 10.865278244018554688 10.797443389892578125 10.74129486083984375 10.717913627624511719 10.722057342529296875 10.764376640319824219 10.798218727111816406 10.834561347961425781 10.856227874755859375 10.869332313537597656 10.884617805480957031 10.892278671264648438 10.9055328369140625 10.895938873291015625 10.904537200927734375 10.931891441345214844 10.938955307006835938 11.007106781005859375 11.052379608154296875 11.09771728515625 11.114099502563476562 11.098744392395019531 11.064386367797851562 11.024301528930664062 10.954058647155761719 10.896885871887207031 10.816847801208496094 10.731313705444335938 10.718204498291015625 10.583930015563964844 10.5152587890625 10.462069511413574219 10.455954551696777344 10.462084770202636719 10.456178665161132812 10.46161651611328125 10.459921836853027344 10.47414398193359375 10.479076385498046875 10.498496055603027344 10.503407478332519531 10.508632659912109375
10.830960273742675781 10.846240997314453125 10.849275588989257812 10.796731948852539062 10.745131492614746094 10.735998153686523438 10.7181243896484375 10.72905731201171875 10.756443977355957031 10.807750701904296875 10.836635589599609375 10.853467941284179688 10.874144554138183594 10.887457847595214844 10.897759437561035156 10.857052803039550781 10.848559379577636719 10.873486518859863281 10.888927459716796875 10.994421958923339844 11.031110763549804688 11.079503059387207031 11.116586685180664062 11.119447708129882812 11.091217994689941406 11.044368743896484375 10.979717254638671875 10.935642242431640625 10.868020057678222656 10.790719032287597656 10.775944709777832031 10.649373054504394531 10.580257415771484375 10.500957489013671875 10.483139991760253906 10.485418319702148438 10.47310638427734375 10.484796524047851562 10.480035781860351562 10.490972518920898438 10.492541313171386719 10.505087852478027344 10.512463569641113281 10.514157295227050781
10.891785621643066406 10.909737586975097656 10.906164169311523438 10.895793914794921875 10.837994575500488281 10.818752288818359375 10.727816581726074219 10.670751571655273438 10.659902572631835938 10.732896804809570312 10.789646148681640625 10.816623687744140625 10.849097251892089844 10.880992889404296875 10.883387565612792969 10.785442352294921875 10.740586280822753906 10.775281906127929688 10.78421783447265625 10.900736808776855469 10.937348365783691406 11.039597511291503906 11.129941940307617188 11.140584945678710938 11.12146759033203125 11.082991600036621094 11.029325485229492188 11.013989448547363281 10.948850631713867188 10.874316215515136719 10.859302520751953125 10.734437942504882812 10.682382583618164062 10.604668617248535156 10.563732147216796875 10.54827117919921875 10.511536598205566406 10.498678207397460938 10.490719795227050781 10.493913650512695312 10.499502182006835938 10.510514259338378906 10.517008781433105469 10.51961517333984375
10.970641136169433594 10.986795425415039062 10.9849090576171875 10.956510543823242188 10.891628265380859375 10.847959518432617188 10.757208824157714844 10.681285858154296875 10.664721488952636719 10.70423126220703125 10.763369560241699219 10.784320831298828125 10.822662353515625 10.867264747619628906 10.87992095947265625 10.780609130859375 10.704454421997070312 10.736307144165039062 10.77341461181640625 10.889652252197265625 10.973438262939453125 11.061139106750488281 11.143175125122070312 11.152453422546386719 11.134346961975097656 11.104949951171875 11.062746047973632812 11.005799293518066406 10.953545570373535156 10.882007598876953125 10.846028327941894531 10.761661529541015625 10.690210342407226562 10.643987655639648438 10.599393844604492188 10.553729057312011719 10.524647712707519531 10.493719100952148438 10.491891860961914062 10.499228477478027344 10.504111289978027344 10.51506805419921875 10.521564483642578125 10.524585723876953125
11.043491363525390625 11.0588836669921875 11.070654869079589844 11.0153961181640625 10.936923027038574219 10.888851165771484375 10.807677268981933594 10.736820220947265625 10.71590423583984375 10.734605789184570312 10.760845184326171875 10.76827239990234375 10.803896903991699219 10.852693557739257812 10.8837890625 10.792841911315917969 10.716057777404785156 10.743757247924804688 10.788059234619140625 10.926920890808105469 11.023502349853515625 11.103464126586914062 11.150491714477539062 11.150686264038085938 11.121335983276367188 11.076551437377929688 11.045796394348144531 10.980618476867675781 10.918572425842285156 10.834758758544921875 10.79438018798828125 10.716126441955566406 10.667938232421875 10.639347076416015625 10.600481986999511719 10.549459457397460938 10.517827033996582031 10.488002777099609375 10.492185592651367188 10.502187728881835938 10.509478569030761719 10.5200653076171875 10.526132583618164062 10.530008316040039062
11.101843833923339844 11.109197616577148438 11.111766815185546875 11.052240371704101562 10.971646308898925781 10.9254608154296875 10.864083290100097656 10.804743766784667969 10.790533065795898438 10.80777740478515625 10.795422554016113281 10.798111915588378906 10.810647964477539062 10.845106124877929688 10.885302543640136719 10.826763153076171875 10.74767303466796875 10.769374847412109375 10.810387611389160156 10.960376739501953125 11.063965797424316406 11.13985443115234375 11.151853561401367188 11.146715164184570312 11.103620529174804688 11.058740615844726562 11.032918930053710938 10.973567962646484375 10.897404670715332031 10.784992218017578125 10.719930648803710938 10.614166259765625 10.617992401123046875 10.617739677429199219 10.599553108215332031 10.544420242309570312 10.508920669555664062 10.487809181213378906 10.493610382080078125 10.504364013671875 10.515149116516113281 10.528100013732910156 10.533900260925292969 10.53813934326171875
11.163525581359863281 11.157621383666992188 11.124721527099609375 11.063909530639648438 11.002336502075195312 10.96402740478515625 10.923673629760742188 10.886348724365234375 10.871629714965820312 10.8832550048828125 10.860353469848632812 10.870976448059082031 10.86122894287109375 10.8557891845703125 10.902250289916992188 10.880260467529296875 10.822808265686035156 10.814841270446777344 10.850319862365722656 10.980485916137695312 11.08817291259765625 11.15491485595703125 11.1520233154296875 11.144040107727050781 11.104532241821289062 11.070162773132324219 11.050171852111816406 10.985486984252929688 10.905705451965332031 10.781987190246582031 10.703134536743164062 10.574387550354003906 10.582875251770019531 10.5966339111328125 10.587582588195800781 10.537698745727539062 10.506302833557128906 10.491556167602539062 10.495671272277832031 10.508131980895996094 10.52325439453125 10.535416603088378906 10.5382537841796875 10.544129371643066406
11.195255279541015625 11.18694305419921875 11.128462791442871094 11.070985794067382812 11.030229568481445312 11.00140380859375 10.977673530578613281 10.95892333984375 10.946438789367675781 10.946279525756835938 10.919681549072265625 10.9291534423828125 10.915774345397949219 10.89289093017578125 10.928826332092285156 10.919144630432128906 10.890915870666503906 10.880011558532714844 10.887226104736328125 10.977063179016113281 11.097722053527832031 11.155770301818847656 11.157009124755859375 11.150029182434082031 11.123965263366699219 11.096487045288085938 11.088547706604003906 11.011272430419921875 10.935727119445800781 10.810171127319335938 10.7342376708984375 10.606139183044433594 10.568573951721191406 10.569780349731445312 10.560606002807617188 10.531703948974609375 10.511806488037109375 10.496885299682617188 10.502107620239257812 10.514279365539550781 10.532885551452636719 10.545816421508789062 10.545262336730957031 10.549959182739257812
11.211076736450195312 11.209328651428222656 11.15239715576171875 11.088815689086914062 11.056279182434082031 11.029589653015136719 11.018924713134765625 11.015565872192382812 11.005131721496582031 11.015745162963867188 10.962833404541015625 11.000952720642089844 10.993165969848632812 10.950216293334960938 10.994240760803222656 10.955928802490234375 10.953083038330078125 10.933274269104003906 10.904636383056640625 10.933678627014160156 11.040426254272460938 11.132985115051269531 11.162119865417480469 11.162217140197753906 11.160915374755859375 11.165069580078125 11.139056205749511719 11.057668685913085938 10.975111007690429688 10.869443893432617188 10.812870979309082031 10.666757583618164062 10.559108734130859375 10.54148101806640625 10.528680801391601562 10.517630577087402344 10.513758659362792969 10.510751724243164062 10.521784782409667969 10.537794113159179688 10.549035072326660156 10.557313919067382812 10.556929588317871094 10.560024261474609375
11.23651885986328125 11.236598014831542969 11.186466217041015625 11.122851371765136719 11.071756362915039062 11.057384490966796875 11.054154396057128906 11.072223663330078125 11.072307586669921875 11.099386215209960938 11.080121994018554688 11.10125732421875 11.077591896057128906 11.055858612060546875 11.080902099609375 11.061525344848632812 11.025008201599121094 10.968642234802246094 10.912977218627929688 10.891206741333007812 10.993031501770019531 11.112633705139160156 11.164703369140625 11.167827606201171875 11.163066864013671875 11.162841796875 11.120661735534667969 11.055760383605957031 10.973318099975585938 10.884119987487792969 10.843358993530273438 10.703142166137695312 10.579514503479003906 10.5423431396484375 10.528498649597167969 10.518242835998535156 10.516669273376464844 10.517717361450195312 10.532122611999511719 10.544020652770996094 10.585156440734863281 10.594555854797363281 10.56561279296875 10.596212387084960938
11.246010780334472656 11.246087074279785156 11.21628570556640625 11.136035919189453125 11.072154045104980469 11.06866455078125 11.08029937744140625 11.101395606994628906 11.118009567260742188 11.142026901245117188 11.14483642578125 11.13800811767578125 11.107889175415039062 11.095404624938964844 11.112311363220214844 11.123427391052246094 11.054569244384765625 11.014151573181152344 10.89438629150390625 10.857888221740722656 10.959667205810546875 11.106618881225585938 11.159543991088867188 11.166707992553710938 11.154742240905761719 11.138092041015625 11.067514419555664062 11.027500152587890625 10.949892997741699219 10.869753837585449219 10.847042083740234375 10.700150489807128906 10.594202995300292969 10.583373069763183594 10.565876007080078125 10.522840499877929688 10.557820320129394531 10.523110389709472656 10.573044776916503906 10.6307525634765625 10.647518157958984375 10.658342361450195312 10.6563262939453125 10.661302566528320312
11.251436233520507812 11.255057334899902344 11.227252960205078125 11.17052459716796875 11.099589347839355469 11.101215362548828125 11.100197792053222656 11.128265380859375 11.155370712280273438 11.167569160461425781 11.17967987060546875 11.161263465881347656 11.127717018127441406 11.127607345581054688 11.138487815856933594 11.170825958251953125 11.11114501953125 11.079862594604492188 10.962835311889648438 10.906006813049316406 11.00244140625 11.108386993408203125 11.1725006103515625 11.169269561767578125 11.152257919311523438 11.082356452941894531 11.046718597412109375 10.993093490600585938 10.928577423095703125 10.863416671752929688 10.824530601501464844 10.69210052490234375 10.641172409057617188 10.629983901977539062 10.61907958984375 10.611280441284179688 10.610616683959960938 10.612570762634277344 10.621702194213867188 10.642518997192382812 10.658579826354980469 10.666345596313476562 10.668601036071777344 10.671289443969726562
11.2487030029296875 11.261181831359863281 11.249175071716308594 11.198700904846191406 11.128083229064941406 11.126641273498535156 11.126166343688964844 11.156627655029296875 11.1817626953125 11.197646141052246094 11.209005355834960938 11.193235397338867188 11.165551185607910156 11.162975311279296875 11.167278289794921875 11.195858001708984375 11.154918670654296875 11.13690185546875 11.038477897644042969 10.993842124938964844 11.150813102722167969 11.200313568115234375 11.273217201232910156 11.230722427368164062 11.176995277404785156 11.125141143798828125 11.030043601989746094 10.953279495239257812 10.909221649169921875 10.820735931396484375 10.742090225219726562 10.673077583312988281 10.636992454528808594 10.632807731628417969 10.62477874755859375 10.616271018981933594 10.614988327026367188 10.621469497680664062 10.632151603698730469 10.660015106201171875 10.66466522216796875 10.672951698303222656 10.676845550537109375 10.67768096923828125
11.248706817626953125 11.26245880126953125 11.257836341857910156 11.212940216064453125 11.150372505187988281 11.145221710205078125 11.151129722595214844 11.182699203491210938 11.206132888793945312 11.22391510009765625 11.237891197204589844 11.2269134521484375 11.208185195922851562 11.246242523193359375 11.256613731384277344 11.308872222900390625 11.261134147644042969 11.272977828979492188 11.172300338745117188 11.118419647216796875 11.190783500671386719 11.265414237976074219 11.304536819458007812 11.285063743591308594 11.216451644897460938 11.13530731201171875 11.024236679077148438 10.935548782348632812 10.85446929931640625 10.743527412414550781 10.689104080200195312 10.647272109985351562 10.635957717895507812 10.63515472412109375 10.631824493408203125 10.622089385986328125 10.620501518249511719 10.629299163818359375 10.642892837524414062 10.66632080078125 10.672736167907714844 10.67876434326171875 10.681543350219726562 10.683252334594726562
11.294260978698730469 11.328332901000976562 11.338647842407226562 11.326582908630371094 11.251338958740234375 11.265662193298339844 11.260485649108886719 11.294572830200195312 11.337375640869140625 11.331353187561035156 11.364679336547851562 11.342625617980957031 11.336065292358398438 11.36708831787109375 11.340838432312011719 11.349561691284179688 11.328001976013183594 11.309846878051757812 11.244153976440429688 11.181299209594726562 11.203786849975585938 11.277692794799804688 11.331460952758789062 11.320609092712402344 11.2574920654296875 11.205430030822753906 11.092862129211425781 11.020991325378417969 10.921627044677734375 10.83868408203125 10.844895362854003906 10.738895416259765625 10.71319580078125 10.674993515014648438 10.66719818115234375 10.648311614990234375 10.639188766479492188 10.647451400756835938 10.656855583190917969 10.676525115966796875 10.682817459106445312 10.689635276794433594 10.693437576293945312 10.690371513366699219
11.341215133666992188 11.339093208312988281 11.374860763549804688 11.361670494079589844 11.296711921691894531 11.290105819702148438 11.302969932556152344 11.338429450988769531 11.359037399291992188 11.370882987976074219 11.382590293884277344 11.38253021240234375 11.385109901428222656 11.389072418212890625 11.372026443481445312 11.369737625122070312 11.354933738708496094 11.330638885498046875 11.269358634948730469 11.211614608764648438 11.219161033630371094 11.278818130493164062 11.327714920043945312 11.3255157470703125 11.2720489501953125 11.238313674926757812 11.144356727600097656 11.069505691528320312 11.008996009826660156 10.94146728515625 10.929849624633789062 10.84332275390625 10.78066253662109375 10.719201087951660156 10.683450698852539062 10.667314529418945312 10.650464057922363281 10.653740882873535156 10.665345191955566406 10.684517860412597656 10.691250801086425781 10.698275566101074219 10.699822425842285156 10.697902679443359375
11.352235794067382812 11.351611137390136719 11.392578125 11.379716873168945312 11.3284759521484375 11.318657875061035156 11.331523895263671875 11.356522560119628906 11.374158859252929688 11.389923095703125 11.395136833190917969 11.401177406311035156 11.405829429626464844 11.404424667358398438 11.388355255126953125 11.382009506225585938 11.377541542053222656 11.358287811279296875 11.303656578063964844 11.246281623840332031 11.247972488403320312 11.29209136962890625 11.293889999389648438 11.279344558715820312 11.242952346801757812 11.219738006591796875 11.141766548156738281 11.076105117797851562 11.039454460144042969 10.982541084289550781 10.961061477661132812 10.885291099548339844 10.815580368041992188 10.743630409240722656 10.686533927917480469 10.672404289245605469 10.657128334045410156 10.6624908447265625 10.678644180297851562 10.695833206176757812 10.700145721435546875 10.706647872924804688 10.707052230834960938 10.705250740051269531
