INPUT/RASTER/ASCII/BIO03.asc
ncols        225
nrows        269
xllcorner    473009.983799999987
yllcorner    4429051.174800000153
cellsize     50.000000000000
NODATA_value -9999
[rows 247 to 265 of 269, columns 43 to 85 of 225]
-9999 -9999 -9999 38.917388916015625 38.923553466796875 38.9584503173828125 39.022998809814453125 39.142547607421875 39.2005767822265625 39.19952392578125 39.17018890380859375 39.2191925048828125 39.329357147216796875 39.585491180419921875 39.858257293701171875 40.0499725341796875 40.206512451171875 40.375217437744140625 40.46831512451171875 40.4929046630859375 40.540740966796875 40.63137054443359375 40.7452239990234375 40.85036468505859375 40.907810211181640625 40.9476470947265625 40.96404266357421875 40.930736541748046875 40.904697418212890625 40.886539459228515625 40.854747772216796875 40.813785552978515625 40.76964569091796875 40.752384185791015625 40.766521453857421875 40.809795379638671875 40.86084747314453125 40.90601348876953125 40.991485595703125 41.0873565673828125 41.155803680419921875 41.223171234130859375 41.29071044921875
-9999 -9999 -9999 -9999 -9999 -9999 -9999 -9999 39.169281005859375 39.160552978515625 39.158477783203125 39.23870086669921875 39.35041046142578125 39.582927703857421875 39.83354949951171875 40.021305084228515625 40.18792724609375 40.35472869873046875 40.437412261962890625 40.472644805908203125 40.528491973876953125 40.610309600830078125 40.7199859619140625 40.829692840576171875 40.881591796875 40.898777008056640625 40.875797271728515625 40.818756103515625 40.766834259033203125 40.7125701904296875 40.667217254638671875 40.63378143310546875 40.613643646240234375 40.62560272216796875 40.6642608642578125 40.7242584228515625 40.78330230712890625 40.83260345458984375 40.935108184814453125 41.064861297607421875 41.151042938232421875 41.219493865966796875 41.28497314453125
-9999 -9999 -9999 -9999 -9999 -9999 -9999 -9999 39.155872344970703125 39.155292510986328125 39.17610931396484375 39.26568603515625 39.3658905029296875 39.56752777099609375 39.791957855224609375 39.97003173828125 40.126972198486328125 40.26804351806640625 40.3361053466796875 40.399532318115234375 40.472583770751953125 40.55666351318359375 40.66046905517578125 40.7601165771484375 40.8026580810546875 40.80304718017578125 40.75907135009765625 40.690673828125 40.607830047607421875 40.521533966064453125 40.473419189453125 40.451091766357421875 40.453556060791015625 40.496387481689453125 40.5579986572265625 40.62456512451171875 40.69321441650390625 40.753177642822265625 40.872920989990234375 41.029170989990234375 41.1360931396484375 41.210662841796875 41.275630950927734375
-9999 -9999 -9999 -9999 -9999 -9999 -9999 -9999 -9999 39.15756988525390625 39.209041595458984375 39.2918853759765625 39.382259368896484375 39.55249786376953125 39.752346038818359375 39.915378570556640625 40.05617523193359375 40.177745819091796875 40.2372283935546875 40.303325653076171875 40.36757659912109375 40.460479736328125 40.575206756591796875 40.666759490966796875 40.698726654052734375 40.6876220703125 40.644977569580078125 40.581638336181640625 40.489185333251953125 40.393779754638671875 40.348278045654296875 40.33690643310546875 40.34909820556640625 40.39472198486328125 40.459896087646484375 40.5255889892578125 40.594638824462890625 40.659984588623046875 40.786853790283203125 40.96022796630859375 41.094387054443359375 41.180217742919921875 41.239528656005859375
-9999 -9999 -9999 -9999 -9999 -9999 -9999 -9999 -9999 -9999 39.303264617919921875 39.372272491455078125 39.453861236572265625 39.574008941650390625 39.728404998779296875 39.858615875244140625 39.976070404052734375 40.081485748291015625 40.13484954833984375 40.190586090087890625 40.243621826171875 40.35260772705078125 40.489139556884765625 40.563503265380859375 40.57071685791015625 40.54665374755859375 40.51116180419921875 40.46627044677734375 40.395816802978515625 40.309688568115234375 40.265560150146484375 40.257755279541015625 40.26261138916015625 40.287631988525390625 40.344821929931640625 40.407062530517578125 40.47235870361328125 40.5398712158203125 40.677700042724609375 40.8686981201171875 41.031627655029296875 41.1280670166015625 41.17496490478515625
-9999 -9999 -9999 -9999 -9999 -9999 -9999 -9999 -9999 -9999 39.320667266845703125 39.49445343017578125 39.53574371337890625 39.602100372314453125 39.6965179443359375 39.786312103271484375 39.8817291259765625 39.978389739990234375 40.0312042236328125 40.0890655517578125 40.14864349365234375 40.269512176513671875 40.413330078125 40.4550628662109375 40.43354034423828125 40.398632049560546875 40.35488128662109375 40.312908172607421875 40.263317108154296875 40.200405120849609375 40.16318511962890625 40.153652191162109375 40.147930145263671875 40.15186309814453125 40.186031341552734375 40.25928497314453125 40.341259002685546875 40.4157562255859375 40.56787872314453125 40.779407501220703125 40.96106719970703125 41.051876068115234375 41.0801544189453125
-9999 -9999 -9999 -9999 -9999 -9999 -9999 -9999 -9999 -9999 -9999 -9999 39.5759429931640625 39.593433380126953125 39.624279022216796875 39.694427490234375 39.792484283447265625 39.89589691162109375 39.961246490478515625 40.036212921142578125 40.112701416015625 40.238780975341796875 40.34619903564453125 40.34999847412109375 40.31388092041015625 40.25473785400390625 40.183502197265625 40.13057708740234375 40.09052276611328125 40.063022613525390625 40.049030303955078125 40.039310455322265625 40.023471832275390625 40.0072479248046875 40.017955780029296875 40.11183929443359375 40.221477508544921875 40.3081512451171875 40.4674530029296875 40.685649871826171875 40.86011505126953125 40.9340057373046875 40.94879913330078125
-9999 -9999 -9999 -9999 -9999 -9999 -9999 -9999 -9999 -9999 -9999 -9999 39.58367156982421875 39.581249237060546875 39.586185455322265625 39.650272369384765625 39.7577972412109375 39.84515380859375 39.91613006591796875 39.99541473388671875 40.073566436767578125 40.19203948974609375 40.255405426025390625 40.226352691650390625 40.17681884765625 40.090236663818359375 39.9923095703125 39.94058990478515625 39.923648834228515625 39.93845367431640625 39.956363677978515625 39.952793121337890625 39.9287872314453125 39.872737884521484375 39.851924896240234375 39.966983795166015625 40.090938568115234375 40.182132720947265625 40.346538543701171875 40.565677642822265625 40.725048065185546875 40.778362274169921875 40.784458160400390625
-9999 -9999 -9999 -9999 -9999 -9999 -9999 -9999 -9999 -9999 -9999 -9999 -9999 -9999 -9999 -9999 39.76259613037109375 39.8324127197265625 39.921344757080078125 39.970806121826171875 40.02913665771484375 40.103786468505859375 40.121486663818359375 40.06488800048828125 39.993556976318359375 39.86791229248046875 39.756500244140625 39.74271392822265625 39.786777496337890625 39.867938995361328125 39.9219970703125 39.923069000244140625 39.888164520263671875 39.794384002685546875 39.747348785400390625 39.8590545654296875 39.966297149658203125 40.04186248779296875 40.204158782958984375 40.428775787353515625 40.578838348388671875 40.63530731201171875 40.652004241943359375
-9999 -9999 -9999 -9999 -9999 -9999 -9999 -9999 -9999 -9999 -9999 -9999 -9999 -9999 -9999 -9999 -9999 -9999 39.94373321533203125 39.96691131591796875 40.010761260986328125 40.027797698974609375 40.000457763671875 39.922504425048828125 39.8353424072265625 39.686717987060546875 39.588497161865234375 39.635669708251953125 39.7491455078125 39.879302978515625 39.949001312255859375 39.95703125 39.93167877197265625 39.861408233642578125 39.816356658935546875 39.870464324951171875 39.926723480224609375 39.972949981689453125 40.114696502685546875 40.32403564453125 40.473541259765625 40.573863983154296875 40.631439208984375
-9999 -9999 -9999 -9999 -9999 -9999 -9999 -9999 -9999 -9999 -9999 -9999 -9999 -9999 -9999 -9999 -9999 -9999 -9999 -9999 -9999 40.0159454345703125 39.966541290283203125 39.88816070556640625 39.80739593505859375 39.674877166748046875 39.604705810546875 39.679714202880859375 39.80474853515625 39.919818878173828125 39.977260589599609375 40.007831573486328125 40.0359039306640625 40.02754974365234375 39.988780975341796875 39.976154327392578125 39.985324859619140625 40.014286041259765625 40.123966217041015625 40.294536590576171875 40.436809539794921875 40.56925201416015625 40.67003631591796875
-9999 -9999 -9999 -9999 -9999 -9999 -9999 -9999 -9999 -9999 -9999 -9999 -9999 -9999 -9999 -9999 -9999 -9999 -9999 -9999 -9999 -9999 39.923412322998046875 39.889862060546875 39.822719573974609375 39.72014617919921875 39.652454376220703125 39.71273040771484375 39.82289886474609375 39.92728424072265625 39.989536285400390625 40.052539825439453125 40.146144866943359375 40.197078704833984375 40.159515380859375 40.110034942626953125 40.09894561767578125 40.122127532958984375 40.2027587890625 40.34406280517578125 40.485443115234375 40.61750030517578125 40.733097076416015625
-9999 -9999 -9999 -9999 -9999 -9999 -9999 -9999 -9999 -9999 -9999 -9999 -9999 -9999 -9999 -9999 -9999 -9999 -9999 -9999 -9999 -9999 -9999 -9999 39.831089019775390625 39.72963714599609375 39.642913818359375 39.686153411865234375 39.781253814697265625 39.89056396484375 39.970813751220703125 40.069271087646484375 40.230724334716796875 40.347553253173828125 40.3100128173828125 40.2351226806640625 40.2162017822265625 40.234050750732421875 40.29770660400390625 40.430484771728515625 40.58316802978515625 40.713047027587890625 40.82056427001953125
-9999 -9999 -9999 -9999 -9999 -9999 -9999 -9999 -9999 -9999 -9999 -9999 -9999 -9999 -9999 -9999 -9999 -9999 -9999 -9999 -9999 -9999 -9999 -9999 -9999 39.6206512451171875 39.627452850341796875 39.643383026123046875 39.69939422607421875 39.79413604736328125 39.8867340087890625 40.020534515380859375 40.23602294921875 40.4376983642578125 40.454998016357421875 40.378330230712890625 40.356410980224609375 40.3626556396484375 40.41551971435546875 40.55670166015625 40.716510772705078125 40.846698760986328125 40.947177886962890625
-9999 -9999 -9999 -9999 -9999 -9999 -9999 -9999 -9999 -9999 -9999 -9999 -9999 -9999 -9999 -9999 -9999 -9999 -9999 -9999 -9999 -9999 -9999 -9999 -9999 -9999 -9999 39.626861572265625 39.684719085693359375 39.6749267578125 39.78076171875 39.9522857666015625 40.22757720947265625 40.507617950439453125 40.6311798095703125 40.584041595458984375 40.55561065673828125 40.5364532470703125 40.56591033935546875 40.695407867431640625 40.835346221923828125 40.96832275390625 41.08867645263671875
-9999 -9999 -9999 -9999 -9999 -9999 -9999 -9999 -9999 -9999 -9999 -9999 -9999 -9999 -9999 -9999 -9999 -9999 -9999 -9999 -9999 -9999 -9999 -9999 -9999 -9999 -9999 -9999 -9999 -9999 39.909664154052734375 39.991199493408203125 40.28045654296875 40.572315216064453125 40.743373870849609375 40.731884002685546875 40.70513153076171875 40.68201446533203125 40.6994781494140625 40.79439544677734375 40.911128997802734375 41.041538238525390625 41.1656036376953125
-9999 -9999 -9999 -9999 -9999 -9999 -9999 -9999 -9999 -9999 -9999 -9999 -9999 -9999 -9999 -9999 -9999 -9999 -9999 -9999 -9999 -9999 -9999 -9999 -9999 -9999 -9999 -9999 -9999 -9999 40.070140838623046875 40.123065948486328125 40.35915374755859375 40.638065338134765625 40.810619354248046875 40.814327239990234375 40.790126800537109375 40.774372100830078125 40.7927703857421875 40.863445281982421875 40.973896026611328125 41.09690093994140625 41.2005615234375
-9999 -9999 -9999 -9999 -9999 -9999 -9999 -9999 -9999 -9999 -9999 -9999 -9999 -9999 -9999 -9999 -9999 -9999 -9999 -9999 -9999 -9999 -9999 -9999 -9999 -9999 -9999 -9999 -9999 -9999 40.141925811767578125 40.178436279296875 40.54189300537109375 40.714595794677734375 40.8598785400390625 40.86785125732421875 40.85129547119140625 40.836101531982421875 40.847171783447265625 40.91004180908203125 41.023891448974609375 41.13079833984375 41.20157623291015625
-9999 -9999 -9999 -9999 -9999 -9999 -9999 -9999 -9999 -9999 -9999 -9999 -9999 -9999 -9999 -9999 -9999 -9999 -9999 -9999 -9999 -9999 -9999 -9999 -9999 -9999 -9999 -9999 -9999 -9999 -9999 -9999 40.6432647705078125 40.7314910888671875 40.868778228759765625 40.898738861083984375 40.8958892822265625 40.8744964599609375 40.8892669677734375 40.944675445556640625 41.04538726806640625 41.11026763916015625 41.12252044677734375
