INPUT/RASTER/ASCII/BIO05.asc
ncols        225
nrows        269
xllcorner    473000.000000000000
yllcorner    4429100.000000000000
cellsize     50.000000000000
NODATA_value -9999
[rows 240 to 259 of 269, columns 88 to 131 of 225]
32.606349945068359375 32.612346649169921875 32.621185302734375 32.61639404296875 32.603275299072265625 32.601165771484375 32.608776092529296875 32.622646331787109375 32.630374908447265625 32.6409759521484375 32.6453094482421875 32.6479644775390625 32.65195465087890625 32.650634765625 32.64493560791015625 32.6436920166015625 32.644550323486328125 32.639255523681640625 32.61952972412109375 32.599094390869140625 32.60657501220703125 32.62441253662109375 32.5937347412109375 32.575527191162109375 32.554096221923828125 32.53847503662109375 32.498809814453125 32.470977783203125 32.4178314208984375 32.383296966552734375 32.37532806396484375 32.335628509521484375 32.28924560546875 32.23896026611328125 32.20183563232421875 32.19481658935546875 32.187076568603515625 32.19464111328125 32.212604522705078125 32.224643707275390625 32.22841644287109375 32.231670379638671875 32.23212432861328125 32.23073577880859375
32.613010406494140625 32.61908721923828125 32.6208953857421875 32.614715576171875 32.6069488525390625 32.6071929931640625 32.61656951904296875 32.630588531494140625 32.6376953125 32.646697998046875 32.64878082275390625 32.65239715576171875 32.654827117919921875 32.65026092529296875 32.641315460205078125 32.64267730712890625 32.6461334228515625 32.64209747314453125 32.62920379638671875 32.619091033935546875 32.6248321533203125 32.6243133544921875 32.57604217529296875 32.546009063720703125 32.512432098388671875 32.49703216552734375 32.459270477294921875 32.416095733642578125 32.359340667724609375 32.332996368408203125 32.335231781005859375 32.297580718994140625 32.260074615478515625 32.218486785888671875 32.19963836669921875 32.197017669677734375 32.196735382080078125 32.204010009765625 32.220188140869140625 32.23337554931640625 32.240200042724609375 32.242397308349609375 32.2408599853515625 32.24109649658203125
32.610691070556640625 32.6175384521484375 32.619731903076171875 32.612396240234375 32.60797882080078125 32.610660552978515625 32.623867034912109375 32.638225555419921875 32.64117431640625 32.649753570556640625 32.65225982666015625 32.653621673583984375 32.649871826171875 32.64154052734375 32.636371612548828125 32.638462066650390625 32.64685821533203125 32.64495086669921875 32.63997650146484375 32.633312225341796875 32.6309051513671875 32.5996246337890625 32.537166595458984375 32.499053955078125 32.4602203369140625 32.452381134033203125 32.406238555908203125 32.37725830078125 32.30780029296875 32.27332305908203125 32.27780914306640625 32.2418212890625 32.22769927978515625 32.2032012939453125 32.19744873046875 32.198574066162109375 32.2043914794921875 32.21146392822265625 32.228729248046875 32.2408294677734375 32.250087738037109375 32.25238800048828125 32.250247955322265625 32.25431060791015625
32.61351776123046875 32.620952606201171875 32.623291015625 32.612659454345703125 32.61374664306640625 32.613494873046875 32.632404327392578125 32.643543243408203125 32.64658355712890625 32.651325225830078125 32.653179168701171875 32.6523895263671875 32.64929962158203125 32.63797760009765625 32.646060943603515625 32.64324951171875 32.650402069091796875 32.6478118896484375 32.64783477783203125 32.640735626220703125 32.624786376953125 32.55902099609375 32.48867034912109375 32.445281982421875 32.395160675048828125 32.36182403564453125 32.3313140869140625 32.29779815673828125 32.25830078125 32.22321319580078125 32.215641021728515625 32.197460174560546875 32.20021820068359375 32.20311737060546875 32.20529937744140625 32.206325531005859375 32.21051025390625 32.218036651611328125 32.2376708984375 32.25383758544921875 32.26184844970703125 32.2675018310546875 32.26776123046875 32.27027130126953125
32.622219085693359375 32.626247406005859375 32.62886810302734375 32.6260528564453125 32.626476287841796875 32.62818145751953125 32.640796661376953125 32.647457122802734375 32.648433685302734375 32.652179718017578125 32.653759002685546875 32.653087615966796875 32.6552581787109375 32.655902862548828125 32.663875579833984375 32.66054534912109375 32.65523529052734375 32.65291595458984375 32.65026092529296875 32.63820648193359375 32.60228729248046875 32.530513763427734375 32.44049835205078125 32.4131011962890625 32.34352874755859375 32.316558837890625 32.29869842529296875 32.274425506591796875 32.24433135986328125 32.21401214599609375 32.20447540283203125 32.190959930419921875 32.19933319091796875 32.205318450927734375 32.207630157470703125 32.210697174072265625 32.212429046630859375 32.21844482421875 32.24160003662109375 32.25811004638671875 32.266468048095703125 32.271419525146484375 32.271392822265625 32.275188446044921875
32.6236114501953125 32.6263885498046875 32.62985992431640625 32.6309814453125 32.63135528564453125 32.63857269287109375 32.648345947265625 32.651004791259765625 32.651134490966796875 32.65189361572265625 32.65196990966796875 32.653961181640625 32.6602020263671875 32.663818359375 32.66961669921875 32.66326141357421875 32.65177154541015625 32.649219512939453125 32.64156341552734375 32.63067626953125 32.595714569091796875 32.54276275634765625 32.4612274169921875 32.4304046630859375 32.35591888427734375 32.3083953857421875 32.2899322509765625 32.27021026611328125 32.249050140380859375 32.23621368408203125 32.204235076904296875 32.19101715087890625 32.196529388427734375 32.20917510986328125 32.211894989013671875 32.215423583984375 32.213848114013671875 32.220790863037109375 32.2462310791015625 32.26110076904296875 32.269626617431640625 32.274829864501953125 32.274997711181640625 32.27825164794921875
32.624553680419921875 32.627407073974609375 32.63147735595703125 32.63593292236328125 32.63695526123046875 32.64769744873046875 32.653362274169921875 32.655612945556640625 32.653842926025390625 32.651142120361328125 32.652759552001953125 32.65592193603515625 32.664493560791015625 32.667110443115234375 32.668453216552734375 32.659580230712890625 32.649200439453125 32.642971038818359375 32.637950897216796875 32.619579315185546875 32.598148345947265625 32.55832672119140625 32.5179290771484375 32.4744110107421875 32.4024810791015625 32.4049224853515625 32.31719207763671875 32.320590972900390625 32.289203643798828125 32.275890350341796875 32.2404937744140625 32.207111358642578125 32.208065032958984375 32.221729278564453125 32.22537994384765625 32.223384857177734375 32.21553802490234375 32.22750091552734375 32.2528228759765625 32.26685333251953125 32.27509307861328125 32.278656005859375 32.27915191650390625 32.28191375732421875
32.62421417236328125 32.628437042236328125 32.632904052734375 32.6400909423828125 32.643115997314453125 32.6537933349609375 32.66063690185546875 32.662273406982421875 32.65352630615234375 32.6512298583984375 32.653728485107421875 32.659023284912109375 32.665462493896484375 32.667057037353515625 32.66278076171875 32.64707183837890625 32.6386566162109375 32.6349639892578125 32.63791656494140625 32.620269775390625 32.605560302734375 32.578548431396484375 32.55937957763671875 32.529293060302734375 32.482669830322265625 32.483623504638671875 32.390743255615234375 32.39163970947265625 32.354946136474609375 32.345554351806640625 32.35063934326171875 32.268154144287109375 32.2593994140625 32.251338958740234375 32.265094757080078125 32.244564056396484375 32.226078033447265625 32.23735809326171875 32.255512237548828125 32.273159027099609375 32.276828765869140625 32.280925750732421875 32.281951904296875 32.284351348876953125
32.623241424560546875 32.629474639892578125 32.634914398193359375 32.64362335205078125 32.647064208984375 32.65860748291015625 32.666584014892578125 32.66788482666015625 32.656421661376953125 32.65277862548828125 32.658557891845703125 32.661342620849609375 32.665802001953125 32.66349029541015625 32.653186798095703125 32.63714599609375 32.630107879638671875 32.638523101806640625 32.6524658203125 32.634136199951171875 32.621967315673828125 32.603519439697265625 32.597625732421875 32.57910919189453125 32.55017852783203125 32.530487060546875 32.466854095458984375 32.46587371826171875 32.433345794677734375 32.4270172119140625 32.4305572509765625 32.350681304931640625 32.332271575927734375 32.30817413330078125 32.3148651123046875 32.28499603271484375 32.2464752197265625 32.24797821044921875 32.262294769287109375 32.27801513671875 32.282154083251953125 32.285739898681640625 32.28810882568359375 32.28827667236328125
32.62099456787109375 32.628002166748046875 32.636226654052734375 32.64459228515625 32.648708343505859375 32.66150665283203125 32.66905975341796875 32.676311492919921875 32.677654266357421875 32.67342376708984375 32.6797943115234375 32.67307281494140625 32.665863037109375 32.657985687255859375 32.64786529541015625 32.65203094482421875 32.656158447265625 32.668972015380859375 32.677906036376953125 32.669620513916015625 32.6649322509765625 32.645977020263671875 32.65015411376953125 32.637340545654296875 32.62909698486328125 32.620868682861328125 32.5692596435546875 32.58460235595703125 32.54743194580078125 32.561725616455078125 32.5110015869140625 32.460826873779296875 32.435657501220703125 32.38054656982421875 32.35599517822265625 32.32901763916015625 32.284542083740234375 32.26987457275390625 32.272151947021484375 32.28839111328125 32.2923583984375 32.296428680419921875 32.299800872802734375 32.29543304443359375
32.604969024658203125 32.61165618896484375 32.630352020263671875 32.64334869384765625 32.647968292236328125 32.6589813232421875 32.669582366943359375 32.67865753173828125 32.6811981201171875 32.6841583251953125 32.687984466552734375 32.6812896728515625 32.6657562255859375 32.658939361572265625 32.656230926513671875 32.669521331787109375 32.678363800048828125 32.68390655517578125 32.6874237060546875 32.68442535400390625 32.679889678955078125 32.670909881591796875 32.670909881591796875 32.668140411376953125 32.66402435302734375 32.6393890380859375 32.6191864013671875 32.617645263671875 32.602046966552734375 32.597991943359375 32.5688018798828125 32.513454437255859375 32.458465576171875 32.418315887451171875 32.3698272705078125 32.345806121826171875 32.3000030517578125 32.273448944091796875 32.27838134765625 32.299686431884765625 32.291805267333984375 32.2912750244140625 32.289371490478515625 32.284557342529296875
32.593109130859375 32.602386474609375 32.6230621337890625 32.63657379150390625 32.64190673828125 32.654998779296875 32.666561126708984375 32.676548004150390625 32.681427001953125 32.68526458740234375 32.6874847412109375 32.682430267333984375 32.6684722900390625 32.664165496826171875 32.670162200927734375 32.6844482421875 32.6929779052734375 32.6943511962890625 32.69286346435546875 32.686767578125 32.68457794189453125 32.6865997314453125 32.68653106689453125 32.68770599365234375 32.6843109130859375 32.658939361572265625 32.64093780517578125 32.639781951904296875 32.632354736328125 32.62720489501953125 32.606113433837890625 32.556720733642578125 32.503108978271484375 32.4603424072265625 32.39586639404296875 32.3634033203125 32.2894134521484375 32.266201019287109375 32.27544403076171875 32.3046722412109375 32.2938232421875 32.29622650146484375 32.29558563232421875 32.280841827392578125
32.57941436767578125 32.59255218505859375 32.613224029541015625 32.62839508056640625 32.633586883544921875 32.6486968994140625 32.660396575927734375 32.671314239501953125 32.67707061767578125 32.684051513671875 32.68442535400390625 32.681552886962890625 32.669891357421875 32.665554046630859375 32.67431640625 32.693603515625 32.703296661376953125 32.70223236083984375 32.69550323486328125 32.683223724365234375 32.67514801025390625 32.674800872802734375 32.6873931884765625 32.6907501220703125 32.69281768798828125 32.6707916259765625 32.660816192626953125 32.65935516357421875 32.6594390869140625 32.65384674072265625 32.63687896728515625 32.595981597900390625 32.53564453125 32.5033111572265625 32.422016143798828125 32.386341094970703125 32.307720184326171875 32.29486083984375 32.321269989013671875 32.3217926025390625 32.299510955810546875 32.285511016845703125 32.28896331787109375 32.288234710693359375
32.56151580810546875 32.57920074462890625 32.601596832275390625 32.6195068359375 32.62641143798828125 32.64495849609375 32.65201568603515625 32.66533660888671875 32.67592620849609375 32.6839141845703125 32.68392181396484375 32.681835174560546875 32.66939544677734375 32.662906646728515625 32.67131805419921875 32.697628021240234375 32.705867767333984375 32.70369720458984375 32.6978607177734375 32.684497833251953125 32.67086029052734375 32.663295745849609375 32.665882110595703125 32.6769561767578125 32.687137603759765625 32.67879486083984375 32.6768646240234375 32.66967010498046875 32.66146087646484375 32.654277801513671875 32.640125274658203125 32.614490509033203125 32.5803375244140625 32.562591552734375 32.4821319580078125 32.453884124755859375 32.3802337646484375 32.35756683349609375 32.38714599609375 32.335063934326171875 32.299266815185546875 32.284503936767578125 32.2887725830078125 32.288082122802734375
32.538486480712890625 32.562725067138671875 32.587512969970703125 32.609989166259765625 32.613811492919921875 32.63224029541015625 32.6363983154296875 32.656764984130859375 32.67350006103515625 32.685886383056640625 32.6872711181640625 32.68622589111328125 32.672119140625 32.662952423095703125 32.669445037841796875 32.70101165771484375 32.710666656494140625 32.705814361572265625 32.703800201416015625 32.693546295166015625 32.67813873291015625 32.659893035888671875 32.660335540771484375 32.662075042724609375 32.65741729736328125 32.667011260986328125 32.678737640380859375 32.675525665283203125 32.671390533447265625 32.66234588623046875 32.64962005615234375 32.647304534912109375 32.623744964599609375 32.612148284912109375 32.535190582275390625 32.526153564453125 32.483112335205078125 32.443389892578125 32.4514617919921875 32.356689453125 32.306041717529296875 32.282802581787109375 32.28215789794921875 32.2860565185546875
32.51610565185546875 32.5319061279296875 32.55675506591796875 32.59212493896484375 32.583225250244140625 32.60797119140625 32.61049652099609375 32.6417999267578125 32.67043304443359375 32.690830230712890625 32.6919097900390625 32.695037841796875 32.68062591552734375 32.675113677978515625 32.67926025390625 32.7114715576171875 32.713527679443359375 32.71564483642578125 32.70706939697265625 32.702259063720703125 32.678531646728515625 32.66363525390625 32.642314910888671875 32.649677276611328125 32.646785736083984375 32.667995452880859375 32.685451507568359375 32.6861572265625 32.68253326416015625 32.66785430908203125 32.66869354248046875 32.684741973876953125 32.67462158203125 32.65765380859375 32.60601043701171875 32.60485076904296875 32.5983428955078125 32.56818389892578125 32.492092132568359375 32.400604248046875 32.332721710205078125 32.29178619384765625 32.2895050048828125 32.290073394775390625
32.45986175537109375 32.49538421630859375 32.51456451416015625 32.54044342041015625 32.54714202880859375 32.556304931640625 32.58985137939453125 32.617343902587890625 32.66172027587890625 32.692501068115234375 32.702495574951171875 32.69264984130859375 32.69830322265625 32.68462371826171875 32.690128326416015625 32.69812774658203125 32.70343780517578125 32.702972412109375 32.703083038330078125 32.7027130126953125 32.69722747802734375 32.69803619384765625 32.686553955078125 32.666522979736328125 32.65258026123046875 32.66098785400390625 32.69001007080078125 32.699092864990234375 32.69466400146484375 32.6917266845703125 32.691196441650390625 32.6893463134765625 32.6795196533203125 32.66211700439453125 32.6378936767578125 32.6297149658203125 32.612293243408203125 32.575042724609375 32.510578155517578125 32.431243896484375 32.342853546142578125 32.297088623046875 32.29447174072265625 32.291515350341796875
32.420871734619140625 32.4615936279296875 32.503505706787109375 32.523956298828125 32.538875579833984375 32.562286376953125 32.58214569091796875 32.6136016845703125 32.648029327392578125 32.680927276611328125 32.678436279296875 32.6821746826171875 32.683917999267578125 32.68951416015625 32.6932373046875 32.698818206787109375 32.70632171630859375 32.7068939208984375 32.710540771484375 32.712322235107421875 32.71562957763671875 32.71251678466796875 32.704013824462890625 32.66986846923828125 32.66268157958984375 32.666347503662109375 32.68927001953125 32.70287322998046875 -9999 -9999 -9999 -9999 -9999 -9999 -9999 -9999 -9999 -9999 -9999 -9999 -9999 32.297481536865234375 32.29430389404296875 -9999
32.41907501220703125 32.4468994140625 32.491268157958984375 32.50760650634765625 32.525737762451171875 32.5705718994140625 32.594638824462890625 32.618434906005859375 32.64788055419921875 32.670650482177734375 32.67972564697265625 32.68194580078125 32.68009185791015625 32.6877593994140625 32.693187713623046875 32.698238372802734375 32.706912994384765625 32.7114715576171875 32.716312408447265625 32.723052978515625 32.726985931396484375 32.7186737060546875 32.71378326416015625 32.6851043701171875 -9999 -9999 -9999 -9999 -9999 -9999 -9999 -9999 -9999 -9999 -9999 -9999 -9999 -9999 -9999 -9999 -9999 -9999 -9999 -9999
32.430995941162109375 32.43079376220703125 32.471530914306640625 32.50222015380859375 32.52762603759765625 32.58873748779296875 32.6162872314453125 32.64690399169921875 32.657321929931640625 32.673274993896484375 32.679309844970703125 32.67745208740234375 32.66042327880859375 32.67182159423828125 32.687999725341796875 32.697856903076171875 32.70859527587890625 32.7143096923828125 32.721866607666015625 32.728969573974609375 32.73113250732421875 -9999 -9999 -9999 -9999 -9999 -9999 -9999 -9999 -9999 -9999 -9999 -9999 -9999 -9999 -9999 -9999 -9999 -9999 -9999 -9999 -9999 -9999 -9999
