INPUT/RASTER/ASCII/BIO05.asc
ncols        225
nrows        269
xllcorner    473009.983799999987
yllcorner    4429051.174800000153
cellsize     50.000000000000
NODATA_value -9999
[rows 209 to 227 of 269, columns 126 to 167 of 225]
32.257381439208984375 32.26613616943359375 32.290164947509765625 32.293529510498046875 32.2726593017578125 32.232700347900390625 32.186206817626953125 32.1455841064453125 32.10024261474609375 32.048091888427734375 32.01270294189453125 32.001613616943359375 32.00688934326171875 32.01949310302734375 32.027374267578125 32.060474395751953125 32.127910614013671875 32.14824676513671875 32.146350860595703125 32.1428375244140625 32.137638092041015625 32.131298065185546875 32.125423431396484375 32.122997283935546875 32.121929168701171875 32.124027252197265625 32.127780914306640625 32.13074493408203125 32.132999420166015625 32.13399505615234375 32.13555145263671875 32.1378173828125 32.138881683349609375 32.13959503173828125 32.154460906982421875 32.178554534912109375 32.189891815185546875 32.201385498046875 32.205196380615234375 32.206920623779296875 32.2088623046875 32.2111053466796875
32.212123870849609375 32.230434417724609375 32.259765625 32.275737762451171875 32.2686309814453125 32.2368927001953125 32.193477630615234375 32.153186798095703125 32.113536834716796875 32.06935882568359375 32.03517913818359375 32.02054595947265625 32.018657684326171875 32.025722503662109375 32.031284332275390625 32.037204742431640625 32.082492828369140625 32.121341705322265625 32.150238037109375 32.149341583251953125 32.143825531005859375 32.13722991943359375 32.131748199462890625 32.129299163818359375 32.12718963623046875 32.128749847412109375 32.132076263427734375 32.1351318359375 32.13720703125 32.1379852294921875 32.138240814208984375 32.138607025146484375 32.138851165771484375 32.139812469482421875 32.1544647216796875 32.17935943603515625 32.19228363037109375 32.20528411865234375 32.209930419921875 32.212188720703125 32.21508026123046875 32.217617034912109375
32.138202667236328125 32.174350738525390625 32.211456298828125 32.23703765869140625 32.241420745849609375 32.22632598876953125 32.19890594482421875 32.16229248046875 32.12311553955078125 32.085308074951171875 32.05492401123046875 32.03893280029296875 32.031970977783203125 32.035808563232421875 32.03910064697265625 32.0411529541015625 32.048885345458984375 32.067485809326171875 32.11504364013671875 32.141727447509765625 32.151226043701171875 32.144168853759765625 32.1382904052734375 32.13556671142578125 32.1331329345703125 32.134754180908203125 32.137928009033203125 32.14081573486328125 32.142162322998046875 32.1419525146484375 32.14090728759765625 32.1396331787109375 32.137969970703125 32.139373779296875 32.158382415771484375 32.18312835693359375 32.195735931396484375 32.20957183837890625 32.216152191162109375 32.220119476318359375 32.226261138916015625 32.229801177978515625
32.070697784423828125 32.1139373779296875 32.15444183349609375 32.184295654296875 32.197383880615234375 32.203334808349609375 32.19617462158203125 32.16332244873046875 32.12200927734375 32.086910247802734375 32.063411712646484375 32.05117034912109375 32.044769287109375 32.047855377197265625 32.049686431884765625 32.050823211669921875 32.05194854736328125 32.05437469482421875 32.064411163330078125 32.103900909423828125 32.149112701416015625 32.15140533447265625 32.1448516845703125 32.14185333251953125 32.139667510986328125 32.141460418701171875 32.144557952880859375 32.146587371826171875 32.146991729736328125 32.146434783935546875 32.14430999755859375 32.141269683837890625 32.13669586181640625 32.136569976806640625 32.160663604736328125 32.186428070068359375 32.199432373046875 32.215023040771484375 32.224514007568359375 32.230876922607421875 32.235973358154296875 32.239013671875
32.04926300048828125 32.07965087890625 32.113582611083984375 32.143894195556640625 32.16004180908203125 32.17269134521484375 32.17319488525390625 32.148128509521484375 32.108928680419921875 32.0747528076171875 32.060054779052734375 32.05466461181640625 32.052814483642578125 32.056156158447265625 32.058475494384765625 32.060588836669921875 32.06198883056640625 32.061676025390625 32.05844879150390625 32.066680908203125 32.115764617919921875 32.15029144287109375 32.148895263671875 32.145343780517578125 32.1432037353515625 32.145931243896484375 32.149646759033203125 32.1511077880859375 32.1504974365234375 32.149444580078125 32.1462249755859375 32.142120361328125 32.136135101318359375 32.13466644287109375 32.162082672119140625 32.190338134765625 32.20378875732421875 32.220806121826171875 32.232685089111328125 32.24021148681640625 32.244632720947265625 32.246509552001953125
32.04937744140625 32.058719635009765625 32.081264495849609375 32.10839080810546875 32.123302459716796875 32.134944915771484375 32.1390228271484375 32.125072479248046875 32.094074249267578125 32.06507110595703125 32.057193756103515625 32.056095123291015625 32.05942535400390625 32.064029693603515625 32.067516326904296875 32.071788787841796875 32.074188232421875 32.072246551513671875 32.066226959228515625 32.059032440185546875 32.071689605712890625 32.127155303955078125 32.1511383056640625 32.148433685302734375 32.14586639404296875 32.1492767333984375 32.15346527099609375 32.15497589111328125 32.153076171875 32.150936126708984375 32.1470794677734375 32.14263153076171875 32.1377105712890625 32.140293121337890625 32.16962432861328125 32.198108673095703125 32.21022796630859375 32.2262420654296875 32.239543914794921875 32.248805999755859375 32.253559112548828125 32.2545623779296875
32.053508758544921875 32.04889678955078125 32.05908966064453125 32.076114654541015625 32.086742401123046875 32.098178863525390625 32.106525421142578125 32.10221099853515625 32.081027984619140625 32.061344146728515625 32.059383392333984375 32.060665130615234375 32.065280914306640625 32.0707550048828125 32.075382232666015625 32.081745147705078125 32.0849609375 32.082317352294921875 32.0741424560546875 32.065158843994140625 32.056499481201171875 32.081653594970703125 32.14163970947265625 32.15306854248046875 32.15167999267578125 32.154987335205078125 32.157867431640625 32.15802764892578125 32.154987335205078125 32.152263641357421875 32.14785003662109375 32.143642425537109375 32.141742706298828125 32.150604248046875 32.179271697998046875 32.204463958740234375 32.21551513671875 32.230236053466796875 32.245128631591796875 32.2583160400390625 32.264636993408203125 32.26573944091796875
32.05872344970703125 32.049373626708984375 32.046680450439453125 32.04810333251953125 32.0499267578125 32.05976104736328125 32.07552337646484375 32.07904052734375 32.06861114501953125 32.062427520751953125 32.06488800048828125 32.0672149658203125 32.0716705322265625 32.07709503173828125 32.08197021484375 32.08893585205078125 32.092456817626953125 32.090679168701171875 32.082080841064453125 32.071704864501953125 32.0619964599609375 32.057147979736328125 32.077228546142578125 32.1196136474609375 32.156158447265625 32.162769317626953125 32.163761138916015625 32.1613616943359375 32.15723419189453125 32.154384613037109375 32.14925384521484375 32.144683837890625 32.144847869873046875 32.15769195556640625 32.184478759765625 32.2059326171875 32.21811676025390625 32.23465728759765625 32.252105712890625 32.2725677490234375 32.289306640625 32.294281005859375
32.061981201171875 32.052520751953125 32.046253204345703125 32.04238128662109375 32.0406646728515625 32.04681396484375 32.060443878173828125 32.06641387939453125 32.06609344482421875 32.069183349609375 32.072452545166015625 32.07451629638671875 32.0782012939453125 32.08502197265625 32.091281890869140625 32.099365234375 32.103565216064453125 32.101467132568359375 32.0926361083984375 32.0845947265625 32.0752410888671875 32.061023712158203125 32.052791595458984375 32.068233489990234375 32.100986480712890625 32.161853790283203125 32.17486572265625 32.16986846923828125 32.163852691650390625 32.16019439697265625 32.1545867919921875 32.15012359619140625 32.15145111083984375 32.16376495361328125 32.1899871826171875 32.210926055908203125 32.22307586669921875 32.24034881591796875 32.2608489990234375 32.304996490478515625 32.372020721435546875 32.40007781982421875
32.06815338134765625 32.061725616455078125 32.0581207275390625 32.05921173095703125 32.06067657470703125 32.0632171630859375 32.0693206787109375 32.077144622802734375 32.084075927734375 32.088634490966796875 32.08879852294921875 32.087146759033203125 32.08831787109375 32.09583282470703125 32.103668212890625 32.111484527587890625 32.115627288818359375 32.113742828369140625 32.10529327392578125 32.09751129150390625 32.086212158203125 32.067913055419921875 32.0577392578125 32.0601348876953125 32.072368621826171875 32.122951507568359375 32.175441741943359375 32.177852630615234375 32.17067718505859375 32.166408538818359375 32.160701751708984375 32.155887603759765625 32.155994415283203125 32.167797088623046875 32.19544219970703125 32.216548919677734375 32.227024078369140625 32.24251556396484375 32.265705108642578125 32.328525543212890625 32.420711517333984375 32.459564208984375
32.073017120361328125 32.069522857666015625 32.069530487060546875 32.077068328857421875 32.081729888916015625 32.08301544189453125 32.086383819580078125 32.094329833984375 32.10308837890625 32.106719970703125 32.104717254638671875 32.099826812744140625 32.0995025634765625 32.107757568359375 32.115726470947265625 32.121501922607421875 32.1234130859375 32.120391845703125 32.113433837890625 32.106861114501953125 32.095088958740234375 32.07672119140625 32.068408966064453125 32.07054901123046875 32.07674407958984375 32.091808319091796875 32.146190643310546875 32.17852783203125 32.17665863037109375 32.172687530517578125 32.166416168212890625 32.16033935546875 32.157932281494140625 32.168376922607421875 32.1964263916015625 32.216495513916015625 32.2282867431640625 32.2424163818359375 32.26403045654296875 32.328281402587890625 32.430999755859375 32.480144500732421875
32.078090667724609375 32.07826995849609375 32.0822906494140625 32.094486236572265625 32.10190582275390625 32.104373931884765625 32.106616973876953125 32.112030029296875 32.119647979736328125 32.123241424560546875 32.1215667724609375 32.116565704345703125 32.116069793701171875 32.124492645263671875 32.13028717041015625 32.131954193115234375 32.130786895751953125 32.12640380859375 32.11968994140625 32.11388397216796875 32.102832794189453125 32.085113525390625 32.076755523681640625 32.079067230224609375 32.084354400634765625 32.0839080810546875 32.105724334716796875 32.15935516357421875 32.180370330810546875 32.178974151611328125 32.172496795654296875 32.165355682373046875 32.1605682373046875 32.168609619140625 32.194431304931640625 32.210735321044921875 32.2279510498046875 32.24141693115234375 32.25959014892578125 32.315151214599609375 32.4328765869140625 32.506252288818359375
32.085132598876953125 32.08957672119140625 32.098682403564453125 32.111385345458984375 32.117740631103515625 32.120960235595703125 32.12322235107421875 32.127010345458984375 32.132602691650390625 32.135753631591796875 32.135814666748046875 32.134578704833984375 32.136089324951171875 32.142620086669921875 32.14501190185546875 32.142429351806640625 32.13932037353515625 32.134426116943359375 32.127346038818359375 32.120502471923828125 32.108188629150390625 32.091991424560546875 32.0839080810546875 32.08596038818359375 32.090824127197265625 32.088695526123046875 32.08575439453125 32.114276885986328125 32.168079376220703125 32.184566497802734375 32.1797637939453125 32.17211151123046875 32.167110443115234375 32.173122406005859375 32.194026947021484375 32.206974029541015625 32.224822998046875 32.23879241943359375 32.25374603271484375 32.294689178466796875 32.41327667236328125 32.512210845947265625
32.094818115234375 32.102024078369140625 32.113475799560546875 32.125080108642578125 32.129425048828125 32.131870269775390625 32.13510894775390625 32.138683319091796875 32.142261505126953125 32.14516448974609375 32.146198272705078125 32.146495819091796875 32.14974212646484375 32.156444549560546875 32.157436370849609375 32.152973175048828125 32.148639678955078125 32.142475128173828125 32.134490966796875 32.126117706298828125 32.111515045166015625 32.097499847412109375 32.092342376708984375 32.095760345458984375 32.102092742919921875 32.098323822021484375 32.090709686279296875 32.0859832763671875 32.123683929443359375 32.162811279296875 32.18585968017578125 32.180667877197265625 32.176059722900390625 32.18082427978515625 32.195789337158203125 32.20630645751953125 32.2224578857421875 32.236942291259765625 32.252437591552734375 32.27288818359375 32.3381805419921875 32.42761993408203125
32.10796356201171875 32.1139678955078125 32.12360382080078125 32.1336517333984375 32.137668609619140625 32.140605926513671875 32.1450347900390625 32.149017333984375 32.15299224853515625 32.15647125244140625 32.15795135498046875 32.160793304443359375 32.1668243408203125 32.17157745361328125 32.170116424560546875 32.164585113525390625 32.16040802001953125 32.151988983154296875 32.14246368408203125 32.133655548095703125 32.12206268310546875 32.111141204833984375 32.10813140869140625 32.1126251220703125 32.12154388427734375 32.1150360107421875 32.103633880615234375 32.09654998779296875 32.092952728271484375 32.106960296630859375 32.15682220458984375 32.17828369140625 32.188690185546875 32.19165802001953125 32.20211029052734375 32.2095184326171875 32.22266387939453125 32.239780426025390625 32.2709808349609375 32.3132476806640625 32.3637542724609375 32.425617218017578125
32.11887359619140625 32.122257232666015625 32.129596710205078125 32.13852691650390625 32.143222808837890625 32.1470794677734375 32.152660369873046875 32.15784454345703125 32.162570953369140625 32.16657257080078125 32.1694793701171875 32.17533111572265625 32.1839599609375 32.1863555908203125 32.1822052001953125 32.175525665283203125 32.17035675048828125 32.16144561767578125 32.15160369873046875 32.144100189208984375 32.136447906494140625 32.1282806396484375 32.126361846923828125 32.131237030029296875 32.13890838623046875 32.13135528564453125 32.118709564208984375 32.1098175048828125 32.1039886474609375 32.103061676025390625 32.110538482666015625 32.1486968994140625 32.1919097900390625 32.201885223388671875 32.208415985107421875 32.21369171142578125 32.2245025634765625 32.246440887451171875 32.30399322509765625 32.387989044189453125 32.462642669677734375 32.51097869873046875
32.121006011962890625 32.126003265380859375 32.13323974609375 32.14211273193359375 32.147274017333984375 32.15161895751953125 32.15712738037109375 32.16205596923828125 32.16736602783203125 32.17217254638671875 32.175411224365234375 32.182270050048828125 32.191249847412109375 32.19403839111328125 32.190059661865234375 32.18227386474609375 32.175792694091796875 32.166759490966796875 32.158123016357421875 32.152446746826171875 32.14609527587890625 32.14060211181640625 32.139644622802734375 32.143268585205078125 32.146167755126953125 32.13887786865234375 32.127750396728515625 32.11887359619140625 32.113513946533203125 32.11144256591796875 32.1086273193359375 32.118007659912109375 32.163578033447265625 32.2007293701171875 32.21132659912109375 32.21602630615234375 32.226184844970703125 32.252338409423828125 32.324893951416015625 32.4276885986328125 32.513645172119140625 32.552341461181640625
32.121700286865234375 32.129207611083984375 32.137416839599609375 32.14629364013671875 32.151508331298828125 32.15583038330078125 32.1607818603515625 32.165531158447265625 32.170825958251953125 32.175289154052734375 32.178558349609375 32.18675994873046875 32.197566986083984375 32.201725006103515625 32.19815826416015625 32.189788818359375 32.18299102783203125 32.172878265380859375 32.164699554443359375 32.1607513427734375 32.15616607666015625 32.152149200439453125 32.1524200439453125 32.15517425537109375 32.15435791015625 32.145843505859375 32.134952545166015625 32.126743316650390625 32.12189483642578125 32.120166778564453125 32.11757659912109375 32.111934661865234375 32.123592376708984375 32.17494964599609375 32.211879730224609375 32.21855926513671875 32.227420806884765625 32.25672149658203125 32.33953857421875 32.452381134033203125 32.544857025146484375 32.577281951904296875
32.122554779052734375 32.131603240966796875 32.1420440673828125 32.15154266357421875 32.1568145751953125 32.161037445068359375 32.165042877197265625 32.169223785400390625 32.1732025146484375 32.1763916015625 32.179340362548828125 32.188961029052734375 32.203815460205078125 32.20957183837890625 32.206394195556640625 32.199436187744140625 32.193271636962890625 32.181720733642578125 32.17266845703125 32.169586181640625 32.1656036376953125 32.16106414794921875 32.161346435546875 32.163898468017578125 32.16230010986328125 32.1526641845703125 32.141681671142578125 32.134258270263671875 32.12952423095703125 32.127384185791015625 32.124187469482421875 32.118190765380859375 32.10868072509765625 32.129833221435546875 32.200756072998046875 32.219562530517578125 32.231075286865234375 32.26609039306640625 32.365123748779296875 32.488880157470703125 32.577388763427734375 32.6015625
