INPUT/RASTER/ASCII/BIO07.asc
ncols        225
nrows        269
xllcorner    473009.983799999987
yllcorner    4429051.174800000153
cellsize     50.000000000000
NODATA_value -9999
[rows 133 to 151 of 269, columns 126 to 167 of 225]
26.633367538452148438 26.64272308349609375 26.654682159423828125 26.6698455810546875 26.687944412231445313 26.706623077392578125 26.717647552490234375 26.72951507568359375 26.742725372314453125 26.750104904174804688 26.757139205932617188 26.763980865478515625 26.768121719360351563 26.772235870361328125 26.777883529663085938 26.782711029052734375 26.78801727294921875 26.792917251586914063 26.796634674072265625 26.799451828002929688 26.803327560424804688 26.807281494140625 26.8100738525390625 26.811773300170898438 26.81304931640625 26.814176559448242188 26.816755294799804688 26.826738357543945313 26.847204208374023438 26.868822097778320313 26.877635955810546875 26.87932586669921875 26.883783340454101563 26.89276885986328125 26.907672882080078125 26.924663543701171875 26.940019607543945313 26.95143890380859375 26.965656280517578125 26.978794097900390625 26.987461090087890625 26.993379592895507813
26.6444854736328125 26.657016754150390625 26.670808792114257813 26.68502044677734375 26.699422836303710938 26.712612152099609375 26.719844818115234375 26.727853775024414063 26.736629486083984375 26.742551803588867188 26.748355865478515625 26.754856109619140625 26.7602081298828125 26.763917922973632813 26.769138336181640625 26.7754669189453125 26.78160858154296875 26.788133621215820313 26.794071197509765625 26.797679901123046875 26.802204132080078125 26.806215286254882813 26.810567855834960938 26.81330108642578125 26.813934326171875 26.815746307373046875 26.817600250244140625 26.82405853271484375 26.839620590209960938 26.861026763916015625 26.876590728759765625 26.883611679077148438 26.89136505126953125 26.899118423461914063 26.911130905151367188 26.92533111572265625 26.940029144287109375 26.950578689575195313 26.964746475219726563 26.980541229248046875 26.990692138671875 26.9991455078125
26.642789840698242188 26.658298492431640625 26.674449920654296875 26.6899261474609375 26.703891754150390625 26.714260101318359375 26.72034454345703125 26.726728439331054688 26.73271942138671875 26.738111495971679688 26.741636276245117188 26.745746612548828125 26.750041961669921875 26.754302978515625 26.760791778564453125 26.768115997314453125 26.7753753662109375 26.783239364624023438 26.788942337036132813 26.792377471923828125 26.797758102416992188 26.803760528564453125 26.810159683227539063 26.813787460327148438 26.814199447631835938 26.816249847412109375 26.818426132202148438 26.82202911376953125 26.833051681518554688 26.854848861694335938 26.876504898071289063 26.886579513549804688 26.89691925048828125 26.905420303344726563 26.914583206176757813 26.926570892333984375 26.942981719970703125 26.9541168212890625 26.969705581665039063 26.985950469970703125 26.993684768676757813 27.002092361450195313
26.63764190673828125 26.655683517456054688 26.673131942749023438 26.6887359619140625 26.701566696166992188 26.710817337036132813 26.716472625732421875 26.722543716430664063 26.728494644165039063 26.733755111694335938 26.736156463623046875 26.738750457763671875 26.741687774658203125 26.746999740600585938 26.754022598266601563 26.760377883911132813 26.76729583740234375 26.775213241577148438 26.78131866455078125 26.785142898559570313 26.791624069213867188 26.8008270263671875 26.808765411376953125 26.813266754150390625 26.814411163330078125 26.816480636596679688 26.818933486938476563 26.820940017700195313 26.82910919189453125 26.851581573486328125 26.877069473266601563 26.88916015625 26.9015655517578125 26.910755157470703125 26.918581008911132813 26.930383682250976563 26.9481201171875 26.960235595703125 26.9777679443359375 26.99311065673828125 26.998821258544921875 27.004383087158203125
26.6373291015625 26.654794692993164063 26.671613693237304688 26.686365127563476563 26.697725296020507813 26.706424713134765625 26.7117767333984375 26.717809677124023438 26.723377227783203125 26.727884292602539063 26.730712890625 26.73345947265625 26.735858917236328125 26.741085052490234375 26.747516632080078125 26.752767562866210938 26.758275985717773438 26.7656707763671875 26.7710113525390625 26.774654388427734375 26.782503128051757813 26.794071197509765625 26.803020477294921875 26.809650421142578125 26.8123321533203125 26.8147430419921875 26.817989349365234375 26.820264816284179688 26.828386306762695313 26.8502044677734375 26.876127243041992188 26.889614105224609375 26.904188156127929688 26.914766311645507813 26.923389434814453125 26.936899185180664063 26.95594024658203125 26.96921539306640625 26.986398696899414063 26.99927520751953125 27.003667831420898438 27.006771087646484375
26.639675140380859375 26.655517578125 26.671411514282226563 26.684450149536132813 26.693756103515625 26.700479507446289063 26.705099105834960938 26.711122512817382813 26.715970993041992188 26.720106124877929688 26.72418975830078125 26.728473663330078125 26.731115341186523438 26.734937667846679688 26.739759445190429688 26.744022369384765625 26.749176025390625 26.75632476806640625 26.76088714599609375 26.763574600219726563 26.770292282104492188 26.780786514282226563 26.790409088134765625 26.798677444458007813 26.801977157592773438 26.805082321166992188 26.810903549194335938 26.816110610961914063 26.82666015625 26.847492218017578125 26.870550155639648438 26.884191513061523438 26.90183258056640625 26.918163299560546875 26.932178497314453125 26.947895050048828125 26.968496322631835938 26.981607437133789063 26.994588851928710938 27.004306793212890625 27.006544113159179688 27.007720947265625
26.643489837646484375 26.656240463256835938 26.669679641723632813 26.680372238159179688 26.687509536743164063 26.692945480346679688 26.69774627685546875 26.703657150268554688 26.707479476928710938 26.71079254150390625 26.716684341430664063 26.722141265869140625 26.72545623779296875 26.7288818359375 26.733587265014648438 26.73792266845703125 26.742555618286132813 26.747861862182617188 26.750951766967773438 26.753221511840820313 26.759298324584960938 26.767827987670898438 26.775583267211914063 26.782667160034179688 26.785327911376953125 26.787927627563476563 26.795928955078125 26.804807662963867188 26.816997528076171875 26.836000442504882813 26.854669570922851563 26.8683624267578125 26.890432357788085938 26.91536712646484375 26.939451217651367188 26.9600372314453125 26.97943115234375 26.989683151245117188 26.997430801391601563 27.00316619873046875 27.003183364868164063 27.00106048583984375
26.64752960205078125 26.657733917236328125 26.66739654541015625 26.675537109375 26.681339263916015625 26.686994552612304688 26.691354751586914063 26.695774078369140625 26.698917388916015625 26.70311737060546875 26.710674285888671875 26.716587066650390625 26.719980239868164063 26.724576950073242188 26.731195449829101563 26.736402511596679688 26.741260528564453125 26.74546051025390625 26.747774124145507813 26.75046539306640625 26.7548828125 26.760671615600585938 26.767507553100585938 26.774257659912109375 26.77625274658203125 26.77953338623046875 26.7876739501953125 26.795078277587890625 26.803953170776367188 26.817890167236328125 26.834041595458984375 26.848535537719726563 26.873910903930664063 26.90567779541015625 26.939332962036132813 26.964038848876953125 26.979780197143554688 26.98735809326171875 26.993604660034179688 26.996646881103515625 26.995355606079101563 26.9927215576171875
26.648954391479492188 26.658123016357421875 26.666431427001953125 26.673069000244140625 26.678333282470703125 26.683019638061523438 26.686254501342773438 26.6901702880859375 26.69327545166015625 26.697649002075195313 26.7041473388671875 26.708875656127929688 26.712045669555664063 26.718282699584960938 26.726217269897460938 26.732944488525390625 26.739431381225585938 26.744106292724609375 26.747632980346679688 26.7518157958984375 26.75510406494140625 26.759763717651367188 26.765218734741210938 26.770170211791992188 26.77178192138671875 26.774377822875976563 26.781465530395507813 26.787317276000976563 26.794641494750976563 26.805997848510742188 26.820964813232421875 26.836345672607421875 26.864538192749023438 26.90191650390625 26.943960189819335938 26.97411346435546875 26.9892578125 26.99529266357421875 27.000051498413085938 27.002796173095703125 27.001649856567382813 26.99947357177734375
26.650074005126953125 26.658077239990234375 26.66534423828125 26.670764923095703125 26.67530059814453125 26.678815841674804688 26.681751251220703125 26.686374664306640625 26.690195083618164063 26.694501876831054688 26.699289321899414063 26.703420639038085938 26.706720352172851563 26.712694168090820313 26.719694137573242188 26.728084564208984375 26.735605239868164063 26.739816665649414063 26.743490219116210938 26.749326705932617188 26.754474639892578125 26.760202407836914063 26.765462875366210938 26.768922805786132813 26.770626068115234375 26.772260665893554688 26.77701568603515625 26.78153228759765625 26.787227630615234375 26.795894622802734375 26.808752059936523438 26.823772430419921875 26.853902816772460938 26.895292282104492188 26.941925048828125 26.977430343627929688 26.994548797607421875 27.000612258911132813 27.005109786987304688 27.007635116577148438 27.00604248046875 27.004594802856445313
26.652013778686523438 26.658905029296875 26.66424560546875 26.668102264404296875 26.672014236450195313 26.675340652465820313 26.677921295166015625 26.682031631469726563 26.68712615966796875 26.691804885864257813 26.696033477783203125 26.700384140014648438 26.704099655151367188 26.7086639404296875 26.7152099609375 26.723390579223632813 26.729688644409179688 26.7335052490234375 26.737077713012695313 26.7434844970703125 26.748464584350585938 26.755369186401367188 26.763607025146484375 26.769048690795898438 26.7719573974609375 26.773202896118164063 26.775875091552734375 26.779249191284179688 26.783109664916992188 26.788829803466796875 26.79990386962890625 26.813394546508789063 26.842721939086914063 26.8856353759765625 26.932977676391601563 26.968664169311523438 26.987363815307617188 26.994953155517578125 27.001617431640625 27.004642486572265625 27.002847671508789063 27.002262115478515625
26.652589797973632813 26.658285140991210938 26.661823272705078125 26.665159225463867188 26.670087814331054688 26.673938751220703125 26.676069259643554688 26.679365158081054688 26.684658050537109375 26.689779281616210938 26.693935394287109375 26.69838714599609375 26.702070236206054688 26.706516265869140625 26.713352203369140625 26.7197723388671875 26.724506378173828125 26.728483200073242188 26.731859207153320313 26.737178802490234375 26.74120330810546875 26.747819900512695313 26.756275177001953125 26.764013290405273438 26.769113540649414063 26.772304534912109375 26.776096343994140625 26.7790985107421875 26.7825775146484375 26.787523269653320313 26.796169281005859375 26.806665420532226563 26.83246612548828125 26.875070571899414063 26.92354583740234375 26.957838058471679688 26.9779052734375 26.988300323486328125 26.999055862426757813 27.003482818603515625 27.002435684204101563 27.00437164306640625
26.650266647338867188 26.655029296875 26.658227920532226563 26.662052154541015625 26.668535232543945313 26.672513961791992188 26.674152374267578125 26.677145004272460938 26.68213653564453125 26.688432693481445313 26.692760467529296875 26.697313308715820313 26.700754165649414063 26.705926895141601563 26.712154388427734375 26.717113494873046875 26.721593856811523438 26.725767135620117188 26.728694915771484375 26.732828140258789063 26.73726654052734375 26.742076873779296875 26.748098373413085938 26.755472183227539063 26.760406494140625 26.765737533569335938 26.771055221557617188 26.774820327758789063 26.781286239624023438 26.789180755615234375 26.796833038330078125 26.805828094482421875 26.83011627197265625 26.873218536376953125 26.9235382080078125 26.958932876586914063 26.979745864868164063 26.992597579956054688 27.007719039916992188 27.01263427734375 27.012796401977539063 27.01849365234375
26.648157119750976563 26.652437210083007813 26.656381607055664063 26.66114044189453125 26.667102813720703125 26.669816970825195313 26.670797348022460938 26.673707962036132813 26.679124832153320313 26.685831069946289063 26.690324783325195313 26.695215225219726563 26.698995590209960938 26.705560684204101563 26.71136474609375 26.716299057006835938 26.721601486206054688 26.725790023803710938 26.72808074951171875 26.7312774658203125 26.735342025756835938 26.739206314086914063 26.744054794311523438 26.749994277954101563 26.7534637451171875 26.759120941162109375 26.764032363891601563 26.768764495849609375 26.777133941650390625 26.788431167602539063 26.799127578735351563 26.80925750732421875 26.834699630737304688 26.878423690795898438 26.928400039672851563 26.965570449829101563 26.984991073608398438 26.999986648559570313 27.018758773803710938 27.023288726806640625 27.026273727416992188 27.035444259643554688
26.647846221923828125 26.65204620361328125 26.656341552734375 26.661222457885742188 26.665525436401367188 26.667135238647460938 26.668054580688476563 26.671314239501953125 26.677112579345703125 26.682485580444335938 26.686647415161132813 26.691631317138671875 26.69609832763671875 26.702848434448242188 26.709197998046875 26.715595245361328125 26.7227783203125 26.727569580078125 26.730051040649414063 26.733449935913085938 26.736364364624023438 26.73809051513671875 26.741823196411132813 26.747766494750976563 26.751672744750976563 26.7574310302734375 26.762035369873046875 26.766422271728515625 26.772756576538085938 26.783367156982421875 26.793554306030273438 26.80584716796875 26.836460113525390625 26.881175994873046875 26.931379318237304688 26.972536087036132813 26.993570327758789063 27.010187149047851563 27.02986907958984375 27.033555984497070313 27.039880752563476563 27.046957015991210938
26.645170211791992188 26.6505889892578125 26.655834197998046875 26.66117095947265625 26.664834976196289063 26.666257858276367188 26.6675567626953125 26.670549392700195313 26.675258636474609375 26.680135726928710938 26.684507369995117188 26.689714431762695313 26.694614410400390625 26.700067520141601563 26.706691741943359375 26.714284896850585938 26.72210693359375 26.727611541748046875 26.730691909790039063 26.734167098999023438 26.736431121826171875 26.738500595092773438 26.742750167846679688 26.749235153198242188 26.754604339599609375 26.75839996337890625 26.7624053955078125 26.765642166137695313 26.770093917846679688 26.778188705444335938 26.787519454956054688 26.800531387329101563 26.8310089111328125 26.875642776489257813 26.929363250732421875 26.975027084350585938 26.999347686767578125 27.016756057739257813 27.037555694580078125 27.043439865112304688 27.04795074462890625 27.046123504638671875
26.637605667114257813 26.6450958251953125 26.652828216552734375 26.659914016723632813 26.66381072998046875 26.665090560913085938 26.66622161865234375 26.668741226196289063 26.673126220703125 26.678253173828125 26.683568954467773438 26.688856124877929688 26.693086624145507813 26.698383331298828125 26.70555877685546875 26.714487075805664063 26.72364044189453125 26.731134414672851563 26.734415054321289063 26.735931396484375 26.737863540649414063 26.741590499877929688 26.746816635131835938 26.752542495727539063 26.756982803344726563 26.7595977783203125 26.762659072875976563 26.7655792236328125 26.769739151000976563 26.775869369506835938 26.7845306396484375 26.795833587646484375 26.82303619384765625 26.866575241088867188 26.920423507690429688 26.968914031982421875 26.99552154541015625 27.01531219482421875 27.039766311645507813 27.049289703369140625 27.052843093872070313 27.045221328735351563
26.626157760620117188 26.635648727416992188 26.645732879638671875 26.65503692626953125 26.660137176513671875 26.6618499755859375 26.663036346435546875 26.665531158447265625 26.670145034790039063 26.675844192504882813 26.681901931762695313 26.6871185302734375 26.691396713256835938 26.697519302368164063 26.7056121826171875 26.715969085693359375 26.729583740234375 26.742170333862304688 26.746095657348632813 26.7457122802734375 26.74916839599609375 26.754102706909179688 26.757173538208007813 26.7591705322265625 26.760616302490234375 26.761905670166015625 26.763469696044921875 26.765827178955078125 26.769975662231445313 26.774629592895507813 26.781938552856445313 26.791065216064453125 26.81465911865234375 26.854974746704101563 26.906291961669921875 26.954204559326171875 26.981761932373046875 27.004505157470703125 27.035434722900390625 27.053861618041992188 27.060106277465820313 27.049161911010742188
26.61202239990234375 26.621847152709960938 26.632654190063476563 26.643487930297851563 26.650388717651367188 26.654384613037109375 26.657054901123046875 26.660978317260742188 26.66667938232421875 26.673429489135742188 26.679836273193359375 26.684675216674804688 26.689517974853515625 26.696851730346679688 26.70606231689453125 26.717847824096679688 26.736440658569335938 26.755870819091796875 26.76317596435546875 26.766170501708984375 26.77619171142578125 26.783123016357421875 26.780851364135742188 26.7746734619140625 26.770053863525390625 26.76654815673828125 26.764129638671875 26.765157699584960938 26.768642425537109375 26.772663116455078125 26.779485702514648438 26.78722381591796875 26.806737899780273438 26.8414459228515625 26.888742446899414063 26.936174392700195313 26.965229034423828125 26.988443374633789063 27.02405548095703125 27.055942535400390625 27.066333770751953125 27.055055618286132813
