INPUT/RASTER/ASCII/BIO03.asc
ncols        225
nrows        269
xllcorner    473000.000000000000
yllcorner    4429100.000000000000
cellsize     50.000000000000
NODATA_value -9999
[rows 180 to 199 of 269, columns 90 to 134 of 225]
38.222454071044921875 38.12969207763671875 38.0751800537109375 38.008457183837890625 37.985195159912109375 38.005039215087890625 38.08365631103515625 38.15587615966796875 38.116855621337890625 37.965572357177734375 37.889278411865234375 37.785221099853515625 37.7493438720703125 37.7130126953125 37.72322845458984375 37.861148834228515625 38.000457763671875 38.155147552490234375 38.43585205078125 38.6059722900390625 38.887149810791015625 39.05609893798828125 38.98590850830078125 38.900737762451171875 38.7270355224609375 38.523563385009765625 38.4707794189453125 38.474334716796875 38.52532958984375 38.63903045654296875 38.75467681884765625 38.6763458251953125 38.575359344482421875 38.565036773681640625 38.4972686767578125 38.4397735595703125 38.252716064453125 38.03043365478515625 37.885955810546875 37.723880767822265625 37.7146453857421875 37.730396270751953125 37.873748779296875 38.03923797607421875 38.265697479248046875
38.234973907470703125 38.14174652099609375 38.0925445556640625 38.046062469482421875 38.028766632080078125 38.061832427978515625 38.14228057861328125 38.2151947021484375 38.2035980224609375 38.0601348876953125 37.963409423828125 37.8202056884765625 37.78719329833984375 37.75978851318359375 37.7583770751953125 37.955047607421875 38.10027313232421875 38.26148223876953125 38.51909637451171875 38.732669830322265625 38.957378387451171875 39.09876251220703125 39.108509063720703125 38.98067474365234375 38.765819549560546875 38.573390960693359375 38.4988555908203125 38.46799468994140625 38.500240325927734375 38.621623992919921875 38.778533935546875 38.7441558837890625 38.7040863037109375 38.71600341796875 38.670276641845703125 38.58596038818359375 38.42467498779296875 38.2142486572265625 38.04628753662109375 37.891613006591796875 37.81276702880859375 37.81333160400390625 37.89373779296875 38.032482147216796875 38.249332427978515625
38.225223541259765625 38.13486480712890625 38.08040618896484375 38.05702972412109375 38.0576934814453125 38.12371826171875 38.181793212890625 38.26372528076171875 38.27130126953125 38.16295623779296875 38.145839691162109375 37.960968017578125 37.9474334716796875 37.918354034423828125 37.890544891357421875 38.134510040283203125 38.22026824951171875 38.39307403564453125 38.61419677734375 38.81604766845703125 39.00081634521484375 39.139682769775390625 39.160125732421875 39.081684112548828125 38.88018798828125 38.69075775146484375 38.57660675048828125 38.52419281005859375 38.53426361083984375 38.6251983642578125 38.7960968017578125 38.83240509033203125 38.8639984130859375 38.8748931884765625 38.819240570068359375 38.71502685546875 38.653270721435546875 38.48084259033203125 38.30767059326171875 38.160923004150390625 38.028545379638671875 38.015460968017578125 38.0224456787109375 38.0773468017578125 38.217044830322265625
38.19561004638671875 38.10816192626953125 38.05925750732421875 38.06378173828125 38.09346771240234375 38.191432952880859375 38.2828216552734375 38.390598297119140625 38.444854736328125 38.380054473876953125 38.3817901611328125 38.293903350830078125 38.243560791015625 38.217044830322265625 38.23687744140625 38.44585418701171875 38.477321624755859375 38.64727020263671875 38.77469635009765625 38.8990631103515625 39.04901123046875 39.170318603515625 39.24227142333984375 39.18680572509765625 39.081027984619140625 38.90135955810546875 38.702014923095703125 38.606174468994140625 38.594768524169921875 38.637294769287109375 38.804779052734375 38.969562530517578125 39.054668426513671875 39.0606842041015625 38.999050140380859375 38.914520263671875 38.7892608642578125 38.593143463134765625 38.418415069580078125 38.29305267333984375 38.1632537841796875 38.16849517822265625 38.141735076904296875 38.138507843017578125 38.232051849365234375
38.1618194580078125 38.07799530029296875 38.0569305419921875 38.097187042236328125 38.108890533447265625 38.24546051025390625 38.350856781005859375 38.47121429443359375 38.55059051513671875 38.48590087890625 38.492259979248046875 38.410114288330078125 38.407566070556640625 38.40550994873046875 38.43700408935546875 38.665493011474609375 38.704986572265625 38.800472259521484375 38.85872650146484375 38.952239990234375 39.08672332763671875 39.2007598876953125 39.296230316162109375 39.2606201171875 39.169887542724609375 38.989154815673828125 38.78717803955078125 38.6240081787109375 38.601261138916015625 38.635074615478515625 38.803211212158203125 38.9735107421875 39.054256439208984375 39.07147216796875 39.0387420654296875 38.9769439697265625 38.88442230224609375 38.719181060791015625 38.553943634033203125 38.45136260986328125 38.3094940185546875 38.328197479248046875 38.286457061767578125 38.229869842529296875 38.299533843994140625
38.11554718017578125 38.07122039794921875 38.08849334716796875 38.162689208984375 38.16994476318359375 38.305980682373046875 38.40579986572265625 38.509746551513671875 38.5974578857421875 38.587230682373046875 38.586872100830078125 38.496551513671875 38.515045166015625 38.55164337158203125 38.59618377685546875 38.85280609130859375 38.866119384765625 38.932392120361328125 38.92302703857421875 39.007953643798828125 39.1282501220703125 39.218334197998046875 39.325428009033203125 39.3154754638671875 39.2491912841796875 39.03610992431640625 38.868053436279296875 38.6808929443359375 38.607757568359375 38.66031646728515625 38.819580078125 38.93657684326171875 39.040019989013671875 39.065460205078125 39.0650787353515625 39.0228729248046875 38.976650238037109375 38.848049163818359375 38.68001556396484375 38.610076904296875 38.47176361083984375 38.506336212158203125 38.470767974853515625 38.38271331787109375 38.43532562255859375
38.0820770263671875 38.080364227294921875 38.142608642578125 38.221607208251953125 38.258563995361328125 38.364208221435546875 38.47119903564453125 38.561573028564453125 38.618438720703125 38.69525146484375 38.68060302734375 38.616146087646484375 38.6217498779296875 38.61473846435546875 38.771331787109375 38.9310760498046875 39.007091522216796875 39.04161834716796875 39.061920166015625 39.1183013916015625 39.174530029296875 39.269809722900390625 39.3640594482421875 39.362148284912109375 39.264385223388671875 39.0669403076171875 38.88687896728515625 38.766483306884765625 38.61426544189453125 38.707721710205078125 38.815921783447265625 38.91834259033203125 39.027111053466796875 39.067867279052734375 39.100696563720703125 39.0754547119140625 39.060749053955078125 38.963108062744140625 38.810970306396484375 38.76030731201171875 38.635410308837890625 38.687896728515625 38.672077178955078125 38.57726287841796875 38.62027740478515625
38.078472137451171875 38.1040191650390625 38.157444000244140625 38.27288818359375 38.340290069580078125 38.43161773681640625 38.554901123046875 38.62207794189453125 38.73944091796875 38.79644775390625 38.7429046630859375 38.72116851806640625 38.706699371337890625 38.750362396240234375 38.867931365966796875 39.015899658203125 39.06984710693359375 39.09636688232421875 39.183940887451171875 39.208988189697265625 39.2660675048828125 39.3436126708984375 39.382602691650390625 39.3935394287109375 39.3127899169921875 39.14701080322265625 38.940959930419921875 38.8339691162109375 38.81540679931640625 38.760227203369140625 38.771198272705078125 38.89531707763671875 39.01922607421875 39.08940887451171875 39.147449493408203125 39.145633697509765625 39.11901092529296875 39.07125091552734375 38.96228790283203125 38.89781951904296875 38.865108489990234375 38.85840606689453125 38.858875274658203125 38.8559722900390625 38.818790435791015625
38.098842620849609375 38.1651458740234375 38.221080780029296875 38.346637725830078125 38.416652679443359375 38.49533843994140625 38.60721588134765625 38.693241119384765625 38.804595947265625 38.8379669189453125 38.799289703369140625 38.764247894287109375 38.794643402099609375 38.848934173583984375 38.919384002685546875 39.071170806884765625 39.1222076416015625 39.085796356201171875 39.07373809814453125 39.193881988525390625 39.287151336669921875 39.36855316162109375 39.403095245361328125 39.42520904541015625 39.370815277099609375 39.20880889892578125 39.15726470947265625 38.961116790771484375 38.9181365966796875 38.83959197998046875 38.833072662353515625 38.912616729736328125 39.024433135986328125 39.13675689697265625 39.20232391357421875 39.27068328857421875 39.236858367919921875 39.19140625 39.2275390625 39.09808349609375 39.199207305908203125 39.088527679443359375 39.105663299560546875 39.2349700927734375 39.083209991455078125
38.190502166748046875 38.33100128173828125 38.373455047607421875 38.477619171142578125 38.541683197021484375 38.58943939208984375 38.666591644287109375 38.7009735107421875 38.771717071533203125 38.84943389892578125 38.892024993896484375 39.005523681640625 38.9359130859375 38.93570709228515625 38.976654052734375 39.036407470703125 39.014057159423828125 39.024959564208984375 39.008808135986328125 39.078155517578125 39.2053375244140625 39.291912078857421875 39.366054534912109375 39.40985107421875 39.418701171875 39.3494873046875 39.24875640869140625 39.070934295654296875 38.98578643798828125 38.863300323486328125 38.8330230712890625 38.939605712890625 39.019824981689453125 39.14349365234375 39.26143646240234375 39.33632659912109375 39.356719970703125 39.333526611328125 39.33380126953125 39.270565032958984375 39.3112945556640625 39.28020477294921875 39.2978973388671875 39.3453216552734375 39.296787261962890625
38.237323760986328125 38.3645782470703125 38.4410400390625 38.530261993408203125 38.55419158935546875 38.582118988037109375 38.575305938720703125 38.6143341064453125 38.675495147705078125 38.792938232421875 38.905094146728515625 39.0311279296875 39.033077239990234375 38.94231414794921875 39.012950897216796875 39.057033538818359375 39.029010772705078125 38.994140625 38.957660675048828125 38.97614288330078125 39.090312957763671875 39.19477081298828125 39.278560638427734375 39.370250701904296875 39.46547698974609375 39.433063507080078125 39.34803009033203125 39.168437957763671875 39.07477569580078125 38.896160125732421875 38.80149078369140625 38.92572784423828125 39.058628082275390625 39.1460418701171875 39.298336029052734375 39.389495849609375 39.4564666748046875 39.43163299560546875 39.421966552734375 39.3748931884765625 39.405567169189453125 39.387359619140625 39.409175872802734375 39.451053619384765625 39.418598175048828125
38.246257781982421875 38.371135711669921875 38.452175140380859375 38.507961273193359375 38.501495361328125 38.495121002197265625 38.4734649658203125 38.511280059814453125 38.610385894775390625 38.74561309814453125 38.82001495361328125 38.96549224853515625 39.070880889892578125 39.017223358154296875 39.067371368408203125 39.132816314697265625 39.073230743408203125 38.999324798583984375 38.90699005126953125 38.9140625 38.998355865478515625 39.10343170166015625 39.18245697021484375 39.3504638671875 39.4961395263671875 39.506069183349609375 39.43570709228515625 39.243350982666015625 39.14810943603515625 38.94788360595703125 38.75812530517578125 38.849636077880859375 39.0551300048828125 39.185802459716796875 39.30689239501953125 39.39415740966796875 39.493640899658203125 39.492336273193359375 39.475555419921875 39.451526641845703125 39.47451019287109375 39.467548370361328125 39.494693756103515625 39.52716064453125 39.510349273681640625
38.229190826416015625 38.354434967041015625 38.424747467041015625 38.4405670166015625 38.433624267578125 38.390117645263671875 38.37884521484375 38.41712188720703125 38.59136199951171875 38.712131500244140625 38.777736663818359375 38.9268798828125 39.07955169677734375 39.1203155517578125 39.178958892822265625 39.2119598388671875 39.147281646728515625 39.059932708740234375 38.92588043212890625 38.90480804443359375 38.988857269287109375 39.04056549072265625 39.104694366455078125 39.298702239990234375 39.457065582275390625 39.565704345703125 39.5089263916015625 39.3172454833984375 39.192607879638671875 39.011089324951171875 38.77448272705078125 38.793148040771484375 38.988739013671875 39.19830322265625 39.302829742431640625 39.37236785888671875 39.489986419677734375 39.522220611572265625 39.51385498046875 39.499423980712890625 39.51947784423828125 39.518520355224609375 39.534923553466796875 39.552089691162109375 39.550334930419921875
38.214630126953125 38.3300628662109375 38.37940216064453125 38.362091064453125 38.3548126220703125 38.3132476806640625 38.29499053955078125 38.395069122314453125 38.56118011474609375 38.696750640869140625 38.764339447021484375 38.8903350830078125 39.044406890869140625 39.152740478515625 39.232601165771484375 39.303558349609375 39.269428253173828125 39.16376495361328125 39.00640869140625 38.988079071044921875 39.03179168701171875 39.07540130615234375 39.115489959716796875 39.22614288330078125 39.403316497802734375 39.574100494384765625 39.5650177001953125 39.396240234375 39.25441741943359375 39.09825897216796875 38.832813262939453125 38.782192230224609375 38.924228668212890625 39.1462554931640625 39.361419677734375 39.407215118408203125 39.491252899169921875 39.54558563232421875 39.54335784912109375 39.530239105224609375 39.526397705078125 39.520092010498046875 39.517810821533203125 39.525238037109375 39.505828857421875
38.176837921142578125 38.29620361328125 38.330730438232421875 38.328083038330078125 38.324737548828125 38.325183868408203125 38.35581207275390625 38.45165252685546875 38.599040985107421875 38.697418212890625 38.8036346435546875 38.870273590087890625 39.004001617431640625 39.09002685546875 39.249675750732421875 39.3607177734375 39.328273773193359375 39.206554412841796875 39.087863922119140625 39.1283111572265625 39.166656494140625 39.1685028076171875 39.216960906982421875 39.177520751953125 39.386394500732421875 39.57501220703125 39.5898895263671875 39.478763580322265625 39.321094512939453125 39.20777130126953125 38.91573333740234375 38.84467315673828125 38.933124542236328125 39.1194610595703125 39.33675384521484375 39.4443817138671875 39.527103424072265625 39.5645904541015625 39.55937957763671875 39.53997039794921875 39.51311492919921875 39.48723602294921875 39.3953704833984375 39.295528411865234375 39.21697235107421875
38.138072967529296875 38.2176361083984375 38.281986236572265625 38.32171630859375 38.33802032470703125 38.390583038330078125 38.459014892578125 38.5955657958984375 38.7572021484375 38.839141845703125 38.956455230712890625 39.02166748046875 39.201557159423828125 39.30234527587890625 39.400669097900390625 39.384918212890625 39.32080841064453125 39.216411590576171875 39.238903045654296875 39.392314910888671875 39.470111846923828125 39.4664154052734375 39.50113677978515625 39.44561004638671875 39.497455596923828125 39.59348297119140625 39.62868499755859375 39.60643768310546875 39.514041900634765625 39.390987396240234375 39.13384246826171875 39.078277587890625 39.06172943115234375 39.14463043212890625 39.32610321044921875 39.42789459228515625 39.595550537109375 39.651950836181640625 39.5611419677734375 39.520137786865234375 39.470897674560546875 39.384418487548828125 39.24817657470703125 39.178325653076171875 39.09903717041015625
38.124698638916015625 38.207065582275390625 38.29449462890625 38.3567047119140625 38.36016845703125 38.3959197998046875 38.484897613525390625 38.655864715576171875 38.879547119140625 38.99149322509765625 39.13318634033203125 39.19507598876953125 39.38155364990234375 39.418804168701171875 39.3818359375 39.276325225830078125 39.245540618896484375 39.25479888916015625 39.33870697021484375 39.482028961181640625 39.572574615478515625 39.57275390625 39.60247039794921875 39.56699371337890625 39.6059722900390625 39.6164398193359375 39.635662078857421875 39.627246856689453125 39.588043212890625 39.499309539794921875 39.2562408447265625 39.19612884521484375 39.12693023681640625 39.165744781494140625 39.36260223388671875 39.45662689208984375 39.63301849365234375 39.717350006103515625 39.639678955078125 39.499530792236328125 39.420101165771484375 39.3120574951171875 39.16730499267578125 39.1008758544921875 39.045482635498046875
38.125965118408203125 38.227817535400390625 38.355678558349609375 38.3511199951171875 38.35515594482421875 38.4091033935546875 38.5127716064453125 38.7098388671875 38.965610504150390625 39.1346588134765625 39.284954071044921875 39.38646697998046875 39.54663848876953125 39.4749298095703125 39.338596343994140625 39.233104705810546875 39.214527130126953125 39.355037689208984375 39.4394073486328125 39.534366607666015625 39.624691009521484375 39.644775390625 39.663776397705078125 39.64562225341796875 39.63448333740234375 39.631793975830078125 39.612049102783203125 39.613689422607421875 39.60968780517578125 39.572536468505859375 39.40976715087890625 39.356983184814453125 39.25649261474609375 39.25040435791015625 39.417636871337890625 39.49201202392578125 39.680572509765625 39.77150726318359375 39.71820068359375 39.5090789794921875 39.36544036865234375 39.23538970947265625 39.0951385498046875 39.051288604736328125 38.9940643310546875
38.176967620849609375 38.30588531494140625 38.328472137451171875 38.33770751953125 38.35340118408203125 38.4250030517578125 38.589069366455078125 38.79613494873046875 38.956058502197265625 39.219696044921875 39.30913543701171875 39.56064605712890625 39.66315460205078125 39.532756805419921875 39.34815216064453125 39.3301849365234375 39.357082366943359375 39.450359344482421875 39.538593292236328125 39.576190948486328125 39.61267852783203125 39.667560577392578125 39.68486785888671875 39.67201995849609375 39.61829376220703125 39.60526275634765625 39.59738922119140625 39.5791015625 39.604328155517578125 39.63881683349609375 39.64327239990234375 39.5476226806640625 39.430728912353515625 39.3620147705078125 39.477161407470703125 39.5364837646484375 39.719867706298828125 39.824420928955078125 39.74140167236328125 39.569671630859375 39.32436370849609375 39.219425201416015625 39.063472747802734375 39.01247406005859375 38.908477783203125
38.235595703125 38.34491729736328125 38.34716796875 38.326812744140625 38.34648895263671875 38.47942352294921875 38.6619415283203125 38.8276214599609375 39.041072845458984375 39.214855194091796875 39.3444671630859375 39.5533905029296875 39.689853668212890625 39.57100677490234375 39.480945587158203125 39.474468231201171875 39.5367431640625 39.54590606689453125 39.6056671142578125 39.58501434326171875 39.6114349365234375 39.664276123046875 39.69904327392578125 39.68804931640625 39.618560791015625 39.56452178955078125 39.5194854736328125 39.556583404541015625 39.55847930908203125 39.64859771728515625 39.7848052978515625 39.68398284912109375 39.59343719482421875 39.50244903564453125 39.5429534912109375 39.584590911865234375 39.777614593505859375 39.873931884765625 39.8007659912109375 39.61914825439453125 39.4710235595703125 39.26329803466796875 39.101409912109375 38.94023895263671875 38.805347442626953125
