INPUT/RASTER/ASCII/BIO08.asc
ncols        225
nrows        269
xllcorner    473000.000000000000
yllcorner    4429100.000000000000
cellsize     50.000000000000
NODATA_value -9999
[rows 120 to 139 of 269, columns 0 to 43 of 225]
-9999 -9999 -9999 -9999 -9999 -9999 -9999 -9999 -9999 14.773888587951660156 14.769270896911621094 14.774694442749023438 14.781834602355957031 14.784381866455078125 14.737939834594726562 14.71429443359375 14.680852890014648438 14.660543441772460938 14.64440155029296875 14.62955474853515625 14.621425628662109375 14.611537933349609375 14.609973907470703125 14.611364364624023438 14.624151229858398438 14.639667510986328125 14.648129463195800781 14.645429611206054688 14.646306991577148438 14.635614395141601562 14.620310783386230469 14.5758819580078125 14.53165435791015625 14.500725746154785156 14.490815162658691406 14.478362083435058594 14.473876953125 14.478403091430664062 14.479414939880371094 14.478060722351074219 14.4777679443359375 14.470056533813476562 14.471744537353515625 14.479866981506347656
-9999 -9999 -9999 -9999 -9999 -9999 -9999 -9999 -9999 -9999 14.783687591552734375 14.788270950317382812 14.790045738220214844 14.786159515380859375 14.741055488586425781 14.72316741943359375 14.684816360473632812 14.662998199462890625 14.646484375 14.632868766784667969 14.626873016357421875 14.616094589233398438 14.611680984497070312 14.619103431701660156 14.633057594299316406 14.652731895446777344 14.664782524108886719 14.662855148315429688 14.661845207214355469 14.645460128784179688 14.625537872314453125 14.583283424377441406 14.537957191467285156 14.508897781372070312 14.500269889831542969 14.49025726318359375 14.488958358764648438 14.497067451477050781 14.499075889587402344 14.493513107299804688 14.488476753234863281 14.476993560791015625 14.477023124694824219 14.484042167663574219
-9999 -9999 -9999 -9999 -9999 -9999 -9999 -9999 -9999 -9999 -9999 -9999 14.7946624755859375 14.790007591247558594 14.754031181335449219 14.736139297485351562 14.692357063293457031 14.666629791259765625 14.649794578552246094 14.637789726257324219 14.636422157287597656 14.630189895629882812 14.622378349304199219 14.634380340576171875 14.645809173583984375 14.666874885559082031 14.680326461791992188 14.6757965087890625 14.672586441040039062 14.654674530029296875 14.630468368530273438 14.586774826049804688 14.544791221618652344 14.515295982360839844 14.50882720947265625 14.498937606811523438 14.4996795654296875 14.506061553955078125 14.505765914916992188 14.497400283813476562 14.491428375244140625 14.479196548461914062 14.482089996337890625 14.487984657287597656
-9999 -9999 -9999 -9999 -9999 -9999 -9999 -9999 -9999 -9999 -9999 -9999 14.795894622802734375 14.791780471801757812 14.759284019470214844 14.743811607360839844 14.697130203247070312 14.671442031860351562 14.654370307922363281 14.643902778625488281 14.652422904968261719 14.654530525207519531 14.639462471008300781 14.661900520324707031 14.660213470458984375 14.682246208190917969 14.690979957580566406 14.684545516967773438 14.681070327758789062 14.660991668701171875 14.633630752563476562 14.58917999267578125 14.550088882446289062 14.520932197570800781 14.511429786682128906 14.507723808288574219 14.503986358642578125 14.511266708374023438 14.509713172912597656 14.5008544921875 14.498368263244628906 14.4835357666015625 14.489611625671386719 14.491022109985351562
-9999 -9999 -9999 -9999 -9999 -9999 -9999 -9999 -9999 -9999 -9999 -9999 -9999 14.793713569641113281 14.7642669677734375 14.748198509216308594 14.706211090087890625 14.673144340515136719 14.659644126892089844 14.661609649658203125 14.672271728515625 14.68009185791015625 14.684163093566894531 14.690144538879394531 14.694929122924804688 14.697389602661132812 14.698110580444335938 14.690382003784179688 14.690382003784179688 14.658476829528808594 14.627155303955078125 14.588475227355957031 14.5437469482421875 14.529500007629394531 14.526662826538085938 14.522813796997070312 14.517663002014160156 14.517756462097167969 14.514368057250976562 14.508592605590820312 14.508383750915527344 14.501530647277832031 14.500398635864257812 14.497080802917480469
-9999 -9999 -9999 -9999 -9999 -9999 -9999 -9999 -9999 -9999 -9999 -9999 -9999 14.797904014587402344 14.767905235290527344 14.751036643981933594 14.7020263671875 14.677892684936523438 14.665277481079101562 14.672406196594238281 14.682851791381835938 14.696689605712890625 14.707977294921875 14.707285881042480469 14.712415695190429688 14.7063446044921875 14.704688072204589844 14.695760726928710938 14.687520027160644531 14.647923469543457031 14.614001274108886719 14.576304435729980469 14.549771308898925781 14.534510612487792969 14.53588104248046875 14.52993011474609375 14.524007797241210938 14.521193504333496094 14.520379066467285156 14.514788627624511719 14.513345718383789062 14.512807846069335938 14.506788253784179688 14.502666473388671875
-9999 -9999 -9999 -9999 -9999 -9999 -9999 -9999 -9999 -9999 -9999 -9999 -9999 -9999 14.776482582092285156 14.757831573486328125 14.703823089599609375 14.68375396728515625 14.671364784240722656 14.682595252990722656 14.695872306823730469 14.715267181396484375 14.72580718994140625 14.721506118774414062 14.719266891479492188 14.713780403137207031 14.708159446716308594 14.70174407958984375 14.686888694763183594 14.634326934814453125 14.599832534790039062 14.575563430786132812 14.552399635314941406 14.540667533874511719 14.542089462280273438 14.535315513610839844 14.532289505004882812 14.531190872192382812 14.52825164794921875 14.526036262512207031 14.519533157348632812 14.515619277954101562 14.510537147521972656 14.505275726318359375
-9999 -9999 -9999 -9999 -9999 -9999 -9999 -9999 -9999 -9999 -9999 -9999 -9999 -9999 14.781698226928710938 14.766385078430175781 14.713949203491210938 14.697259902954101562 14.687792778015136719 14.697887420654296875 14.71567535400390625 14.740292549133300781 14.747760772705078125 14.735149383544921875 14.726069450378417969 14.718024253845214844 14.706305503845214844 14.7021636962890625 14.678265571594238281 14.627592086791992188 14.595157623291015625 14.5785369873046875 14.558077812194824219 14.54657745361328125 14.5467987060546875 14.543179512023925781 14.545583724975585938 14.543372154235839844 14.539232254028320312 14.535520553588867188 14.526045799255371094 14.515245437622070312 14.509378433227539062 14.505322456359863281
-9999 -9999 -9999 -9999 -9999 -9999 -9999 -9999 -9999 -9999 -9999 -9999 -9999 -9999 14.78289794921875 14.772552490234375 14.737719535827636719 14.720205307006835938 14.716884613037109375 14.738556861877441406 14.752673149108886719 14.767930984497070312 14.769846916198730469 14.745957374572753906 14.729842185974121094 14.719447135925292969 14.704825401306152344 14.698920249938964844 14.673921585083007812 14.629296302795410156 14.596962928771972656 14.58233642578125 14.564917564392089844 14.553397178649902344 14.553180694580078125 14.55078887939453125 14.557130813598632812 14.553094863891601562 14.547707557678222656 14.539869308471679688 14.5311126708984375 14.517666816711425781 14.508855819702148438 14.50494384765625
-9999 -9999 -9999 -9999 -9999 -9999 -9999 -9999 -9999 -9999 -9999 -9999 -9999 14.81009674072265625 14.790601730346679688 14.78289794921875 14.76351165771484375 14.760976791381835938 14.765814781188964844 14.779178619384765625 14.782777786254882812 14.779887199401855469 14.774466514587402344 14.748464584350585938 14.727965354919433594 14.714064598083496094 14.705266952514648438 14.701745986938476562 14.678563117980957031 14.633742332458496094 14.599637031555175781 14.586950302124023438 14.5713653564453125 14.559962272644042969 14.5587005615234375 14.559163093566894531 14.565562248229980469 14.561139106750488281 14.551863670349121094 14.541554450988769531 14.535828590393066406 14.5260772705078125 14.514501571655273438 14.504838943481445312
-9999 -9999 -9999 -9999 -9999 -9999 -9999 -9999 -9999 -9999 -9999 -9999 14.841414451599121094 14.809001922607421875 14.79180145263671875 14.785367012023925781 14.7761993408203125 14.775142669677734375 14.7784576416015625 14.7748870849609375 14.758396148681640625 14.74822998046875 14.744180679321289062 14.724821090698242188 14.70893096923828125 14.705938339233398438 14.702718734741210938 14.699954032897949219 14.6888275146484375 14.6613922119140625 14.626268386840820312 14.601873397827148438 14.58274078369140625 14.569622993469238281 14.568014144897460938 14.567311286926269531 14.56899261474609375 14.564854621887207031 14.551669120788574219 14.542318344116210938 14.53861236572265625 14.530473709106445312 14.521027565002441406 14.511674880981445312
-9999 -9999 -9999 -9999 -9999 -9999 -9999 -9999 -9999 -9999 -9999 14.856637954711914062 14.837244987487792969 14.788217544555664062 14.762417793273925781 14.74858856201171875 14.746927261352539062 14.752880096435546875 14.748493194580078125 14.741350173950195312 14.723105430603027344 14.721173286437988281 14.722104072570800781 14.706487655639648438 14.693964958190917969 14.689609527587890625 14.690237045288085938 14.683408737182617188 14.667135238647460938 14.655008316040039062 14.636003494262695312 14.609683990478515625 14.589885711669921875 14.575861930847167969 14.572650909423828125 14.572170257568359375 14.571117401123046875 14.566128730773925781 14.553377151489257812 14.544048309326171875 14.540217399597167969 14.534015655517578125 14.527352333068847656 14.517446517944335938
-9999 -9999 -9999 -9999 -9999 -9999 -9999 -9999 -9999 -9999 14.852563858032226562 14.847728729248046875 14.81964111328125 14.76438140869140625 14.733664512634277344 14.721978187561035156 14.722634315490722656 14.727796554565429688 14.719503402709960938 14.709423065185546875 14.695561408996582031 14.70075225830078125 14.704671859741210938 14.694352149963378906 14.680142402648925781 14.670557975769042969 14.664196014404296875 14.655447006225585938 14.638599395751953125 14.635829925537109375 14.631392478942871094 14.614231109619140625 14.599061012268066406 14.584113121032714844 14.580183029174804688 14.576646804809570312 14.57407379150390625 14.569291114807128906 14.557875633239746094 14.54746246337890625 14.543055534362792969 14.536174774169921875 14.530797004699707031 14.5218353271484375
-9999 -9999 -9999 -9999 -9999 -9999 -9999 -9999 -9999 14.854173660278320312 14.857527732849121094 14.81536865234375 14.787731170654296875 14.744601249694824219 14.724875450134277344 14.719025611877441406 14.715028762817382812 14.713108062744140625 14.703875541687011719 14.695348739624023438 14.6889495849609375 14.691458702087402344 14.692921638488769531 14.685921669006347656 14.674200057983398438 14.662976264953613281 14.648815155029296875 14.642332077026367188 14.62964630126953125 14.625064849853515625 14.620675086975097656 14.615521430969238281 14.606073379516601562 14.59311676025390625 14.587682723999023438 14.583292961120605469 14.579515457153320312 14.57323455810546875 14.562183380126953125 14.551710128784179688 14.546355247497558594 14.538331031799316406 14.533194541931152344 14.525804519653320312
-9999 -9999 -9999 -9999 -9999 -9999 -9999 -9999 -9999 14.862518310546875 14.8523101806640625 14.78919219970703125 14.75899505615234375 14.734498977661132812 14.722599983215332031 14.719953536987304688 14.714085578918457031 14.71002197265625 14.701710700988769531 14.693023681640625 14.692227363586425781 14.691586494445800781 14.689005851745605469 14.682633399963378906 14.672643661499023438 14.663515090942382812 14.648447990417480469 14.643517494201660156 14.631203651428222656 14.621979713439941406 14.615747451782226562 14.613469123840332031 14.609755516052246094 14.600321769714355469 14.59482574462890625 14.587594985961914062 14.583282470703125 14.576390266418457031 14.565629959106445312 14.554690361022949219 14.54985809326171875 14.540904998779296875 14.536586761474609375 14.529241561889648438
-9999 -9999 -9999 -9999 -9999 -9999 -9999 -9999 -9999 14.852693557739257812 14.8461151123046875 14.800141334533691406 14.750538825988769531 14.7308349609375 14.727004051208496094 14.72296142578125 14.716342926025390625 14.709295272827148438 14.704390525817871094 14.697405815124511719 14.699883460998535156 14.698701858520507812 14.691417694091796875 14.683851242065429688 14.67388153076171875 14.664220809936523438 14.651327133178710938 14.643229484558105469 14.632352828979492188 14.622344970703125 14.614400863647460938 14.612026214599609375 14.606755256652832031 14.600893020629882812 14.598330497741699219 14.590989112854003906 14.584972381591796875 14.5764312744140625 14.565410614013671875 14.5576629638671875 14.554358482360839844 14.543895721435546875 14.543670654296875 14.535214424133300781
-9999 -9999 -9999 -9999 -9999 -9999 -9999 -9999 -9999 -9999 14.862180709838867188 14.809274673461914062 14.752737045288085938 14.73077392578125 14.717035293579101562 14.718111991882324219 14.709627151489257812 14.703273773193359375 14.704280853271484375 14.709769248962402344 14.709192276000976562 14.709585189819335938 14.699090003967285156 14.687896728515625 14.674954414367675781 14.661922454833984375 14.646128654479980469 14.6400299072265625 14.633089065551757812 14.6234588623046875 14.614619255065917969 14.604287147521972656 14.599346160888671875 14.597808837890625 14.597086906433105469 14.594830513000488281 14.585856437683105469 14.575365066528320312 14.564832687377929688 14.560285568237304688 14.560285568237304688 14.557699203491210938 14.556180953979492188 14.547944068908691406
-9999 -9999 -9999 -9999 -9999 -9999 -9999 -9999 -9999 -9999 14.861448287963867188 14.804353713989257812 14.746707916259765625 14.730547904968261719 14.718868255615234375 14.713908195495605469 14.705663681030273438 14.703725814819335938 14.706362724304199219 14.712566375732421875 14.711419105529785156 14.709735870361328125 14.70391845703125 14.686929702758789062 14.673609733581542969 14.662424087524414062 14.6494293212890625 14.6424560546875 14.633038520812988281 14.627004623413085938 14.617405891418457031 14.606409072875976562 14.598080635070800781 14.596498489379882812 14.5961151123046875 14.593230247497558594 14.588262557983398438 14.580965995788574219 14.57293701171875 14.5671234130859375 14.565244674682617188 14.566120147705078125 14.562989234924316406 14.553236961364746094
-9999 -9999 -9999 -9999 -9999 -9999 -9999 -9999 -9999 -9999 14.849275588989257812 14.782436370849609375 14.742750167846679688 14.730045318603515625 14.719631195068359375 14.715474128723144531 14.706517219543457031 14.704008102416992188 14.70993804931640625 14.716501235961914062 14.712662696838378906 14.708256721496582031 14.698529243469238281 14.682584762573242188 14.674837112426757812 14.66257476806640625 14.650678634643554688 14.645796775817871094 14.635539054870605469 14.629086494445800781 14.620210647583007812 14.608514785766601562 14.598663330078125 14.596528053283691406 14.596141815185546875 14.592596054077148438 14.590425491333007812 14.5858917236328125 14.581652641296386719 14.57559967041015625 14.573723793029785156 14.574258804321289062 14.566253662109375 14.554742813110351562
-9999 -9999 -9999 -9999 -9999 -9999 -9999 -9999 -9999 -9999 14.8416595458984375 14.777782440185546875 14.745751380920410156 14.730185508728027344 14.721384048461914062 14.717466354370117188 14.705108642578125 14.705461502075195312 14.715946197509765625 14.720335960388183594 14.714861869812011719 14.709870338439941406 14.698464393615722656 14.68328857421875 14.669399261474609375 14.657999038696289062 14.652733802795410156 14.648456573486328125 14.638825416564941406 14.6315765380859375 14.62105560302734375 14.609788894653320312 14.600191116333007812 14.597764015197753906 14.597420692443847656 14.594246864318847656 14.593378067016601562 14.590093612670898438 14.588460922241210938 14.584757804870605469 14.583377838134765625 14.581063270568847656 14.568696022033691406 14.55518341064453125
