INPUT/RASTER/ASCII/BIO01.asc
ncols        225
nrows        269
xllcorner    473000.000000000000
yllcorner    4429100.000000000000
cellsize     50.000000000000
NODATA_value -9999
[rows 220 to 239 of 269, columns 88 to 131 of 225]
16.564550399780273438 16.557313919067382812 16.55460357666015625 16.53661346435546875 16.522029876708984375 16.50675201416015625 16.496990203857421875 16.496997833251953125 16.497598648071289062 16.517766952514648438 16.529727935791015625 16.537921905517578125 16.541545867919921875 16.53264617919921875 16.524492263793945312 16.521717071533203125 16.536533355712890625 16.54590606689453125 16.546955108642578125 16.55792999267578125 16.569829940795898438 16.575345993041992188 16.572103500366210938 16.565975189208984375 16.561962127685546875 16.55272674560546875 16.536550521850585938 16.510166168212890625 16.483411788940429688 16.439973831176757812 16.422933578491210938 16.400926589965820312 16.387968063354492188 16.380445480346679688 16.375593185424804688 16.371463775634765625 16.369714736938476562 16.366628646850585938 16.360935211181640625 16.352825164794921875 16.352313995361328125 16.355804443359375 16.35404205322265625 16.356897354125976562
16.568056106567382812 16.564533233642578125 16.560268402099609375 16.54479217529296875 16.52393341064453125 16.516222000122070312 16.505859375 16.511058807373046875 16.521266937255859375 16.53209686279296875 16.541254043579101562 16.543840408325195312 16.54616546630859375 16.5435028076171875 16.537015914916992188 16.539323806762695312 16.547750473022460938 16.55381011962890625 16.550777435302734375 16.556680679321289062 16.568929672241210938 16.574953079223632812 16.569385528564453125 16.566942214965820312 16.561788558959960938 16.552431106567382812 16.538997650146484375 16.514675140380859375 16.492298126220703125 16.454854965209960938 16.43192291259765625 16.40189361572265625 16.38565826416015625 16.378345489501953125 16.374675750732421875 16.371194839477539062 16.369892120361328125 16.366704940795898438 16.365556716918945312 16.359752655029296875 16.360042572021484375 16.365209579467773438 16.3659820556640625 16.369108200073242188
16.557971954345703125 16.55626678466796875 16.55588531494140625 16.539188385009765625 16.522609710693359375 16.51244354248046875 16.510807037353515625 16.520740509033203125 16.531505584716796875 16.537240982055664062 16.542890548706054688 16.545011520385742188 16.546907424926757812 16.546916961669921875 16.546108245849609375 16.552082061767578125 16.552234649658203125 16.558528900146484375 16.559278488159179688 16.5585174560546875 16.5650177001953125 16.575077056884765625 16.572795867919921875 16.570270538330078125 16.565502166748046875 16.55536651611328125 16.54210662841796875 16.523242950439453125 16.496021270751953125 16.470136642456054688 16.45618438720703125 16.412151336669921875 16.386430740356445312 16.375911712646484375 16.373973846435546875 16.372522354125976562 16.371578216552734375 16.369775772094726562 16.3686676025390625 16.36946868896484375 16.371105194091796875 16.373149871826171875 16.375057220458984375 16.375932693481445312
16.547533035278320312 16.548923492431640625 16.5493316650390625 16.532260894775390625 16.51656341552734375 16.509311676025390625 16.509647369384765625 16.52022552490234375 16.52811431884765625 16.536199569702148438 16.54018402099609375 16.54294586181640625 16.545511245727539062 16.546314239501953125 16.548261642456054688 16.54511260986328125 16.546072006225585938 16.551052093505859375 16.552133560180664062 16.564012527465820312 16.56906890869140625 16.574893951416015625 16.576261520385742188 16.57411956787109375 16.568624496459960938 16.561481475830078125 16.54750823974609375 16.53389739990234375 16.512781143188476562 16.486825942993164062 16.481967926025390625 16.43341827392578125 16.404682159423828125 16.380970001220703125 16.37644195556640625 16.377643585205078125 16.37448883056640625 16.375257492065429688 16.373254776000976562 16.377536773681640625 16.37868499755859375 16.38190460205078125 16.386556625366210938 16.38040924072265625
16.543422698974609375 16.54605865478515625 16.54561614990234375 16.5318603515625 16.517385482788085938 16.514209747314453125 16.508182525634765625 16.509952545166015625 16.516658782958984375 16.5292205810546875 16.53527069091796875 16.539022445678710938 16.542917251586914062 16.545038223266601562 16.546327590942382812 16.535892486572265625 16.532903671264648438 16.538051605224609375 16.5411376953125 16.560642242431640625 16.56574249267578125 16.572298049926757812 16.576488494873046875 16.576646804809570312 16.572338104248046875 16.56467437744140625 16.5524444580078125 16.54244232177734375 16.5258331298828125 16.504293441772460938 16.4993896484375 16.457004547119140625 16.430233001708984375 16.39691925048828125 16.387699127197265625 16.387298583984375 16.381376266479492188 16.384632110595703125 16.381200790405273438 16.383853912353515625 16.383676528930664062 16.387481689453125 16.3894195556640625 16.386928558349609375
16.556110382080078125 16.559093475341796875 16.557226181030273438 16.554300308227539062 16.540319442749023438 16.535251617431640625 16.510156631469726562 16.491662979125976562 16.487026214599609375 16.507951736450195312 16.52274322509765625 16.52948760986328125 16.536573410034179688 16.543109893798828125 16.54261016845703125 16.51657867431640625 16.5020751953125 16.511066436767578125 16.512996673583984375 16.54065704345703125 16.547977447509765625 16.565860748291015625 16.57790374755859375 16.578996658325195312 16.576116561889648438 16.570356369018554688 16.561130523681640625 16.557653427124023438 16.543886184692382812 16.525957107543945312 16.5216522216796875 16.484693527221679688 16.466623306274414062 16.436929702758789062 16.419780731201171875 16.41248321533203125 16.3968658447265625 16.3898468017578125 16.385118484497070312 16.384611129760742188 16.385942459106445312 16.38906097412109375 16.39084625244140625 16.391124725341796875
16.570627212524414062 16.57271575927734375 16.571390151977539062 16.565807342529296875 16.552320480346679688 16.541944503784179688 16.51804351806640625 16.49463653564453125 16.48828125 16.499303817749023438 16.5153045654296875 16.52072906494140625 16.529718399047851562 16.539682388305664062 16.541505813598632812 16.514385223388671875 16.490856170654296875 16.499616622924804688 16.509588241577148438 16.538238525390625 16.554920196533203125 16.56905364990234375 16.579378128051757812 16.580230712890625 16.57762908935546875 16.573347091674804688 16.566486358642578125 16.555883407592773438 16.54488372802734375 16.527826309204101562 16.518016815185546875 16.493040084838867188 16.468654632568359375 16.451343536376953125 16.433340072631835938 16.4141845703125 16.401729583740234375 16.38720703125 16.38506317138671875 16.386388778686523438 16.387369155883789062 16.390447616577148438 16.392271041870117188 16.392679214477539062
16.581480026245117188 16.58294677734375 16.583560943603515625 16.57529449462890625 16.561128616333007812 16.55088043212890625 16.531114578247070312 16.510919570922851562 16.5038299560546875 16.5080413818359375 16.5143585205078125 16.51602935791015625 16.524600982666015625 16.535945892333984375 16.5419464111328125 16.516887664794921875 16.494039535522460938 16.501489639282226562 16.513296127319335938 16.546079635620117188 16.563695907592773438 16.575006484985351562 16.58013916015625 16.57996368408203125 16.575910568237304688 16.569194793701171875 16.563631057739257812 16.5508575439453125 16.536916732788085938 16.51534271240234375 16.503448486328125 16.478351593017578125 16.460710525512695312 16.44921875 16.433277130126953125 16.411939620971679688 16.39833831787109375 16.38421630859375 16.38462066650390625 16.387144088745117188 16.389110565185546875 16.3920135498046875 16.3936920166015625 16.394414901733398438
16.58829498291015625 16.588640213012695312 16.588182449340820312 16.580377578735351562 16.567272186279296875 16.558284759521484375 16.544446945190429688 16.52904510498046875 16.524553298950195312 16.527774810791015625 16.523517608642578125 16.523712158203125 16.526056289672851562 16.533864974975585938 16.5411529541015625 16.525653839111328125 16.5029754638671875 16.508579254150390625 16.51904296875 16.552608489990234375 16.569927215576171875 16.579454421997070312 16.580209732055664062 16.579437255859375 16.573461532592773438 16.5663604736328125 16.561313629150390625 16.549259185791015625 16.531614303588867188 16.501087188720703125 16.479715347290039062 16.442348480224609375 16.44235992431640625 16.440828323364257812 16.4324188232421875 16.4093475341796875 16.39403533935546875 16.383609771728515625 16.384653091430664062 16.3875579833984375 16.390958786010742188 16.3948516845703125 16.396455764770507812 16.39727020263671875
16.59387969970703125 16.59307861328125 16.589380264282226562 16.581888198852539062 16.572313308715820312 16.565448760986328125 16.556985855102539062 16.54814910888671875 16.54425048828125 16.545667648315429688 16.53954315185546875 16.54150390625 16.538103103637695312 16.535678863525390625 16.544549942016601562 16.5385894775390625 16.523431777954101562 16.521059036254882812 16.52921295166015625 16.556291580200195312 16.573268890380859375 16.581079483032226562 16.580142974853515625 16.579050064086914062 16.573511123657226562 16.56801605224609375 16.564016342163085938 16.551403045654296875 16.53324127197265625 16.499853134155273438 16.473443984985351562 16.426637649536132812 16.428411483764648438 16.4323577880859375 16.427297592163085938 16.4061279296875 16.392358779907226562 16.384708404541015625 16.384946823120117188 16.38864898681640625 16.393812179565429688 16.3975982666015625 16.398284912109375 16.399187088012695312
16.596052169799804688 16.5951080322265625 16.589673995971679688 16.582757949829101562 16.576519012451171875 16.571741104125976562 16.567014694213867188 16.562713623046875 16.559747695922851562 16.558620452880859375 16.55249786376953125 16.553592681884765625 16.548923492431640625 16.543394088745117188 16.549932479858398438 16.54708099365234375 16.539865493774414062 16.537017822265625 16.537960052490234375 16.555418014526367188 16.574390411376953125 16.581027984619140625 16.580608367919921875 16.579624176025390625 16.575880050659179688 16.571775436401367188 16.569622039794921875 16.5561676025390625 16.53968048095703125 16.50740814208984375 16.483633041381835938 16.437900543212890625 16.42237091064453125 16.421283721923828125 16.416027069091796875 16.40328216552734375 16.394041061401367188 16.386487960815429688 16.387041091918945312 16.39075469970703125 16.397214889526367188 16.401292800903320312 16.400699615478515625 16.400966644287109375
16.596958160400390625 16.596437454223632812 16.591722488403320312 16.584867477416992188 16.580041885375976562 16.576019287109375 16.573596954345703125 16.572145462036132812 16.570081710815429688 16.569883346557617188 16.56012725830078125 16.564968109130859375 16.563083648681640625 16.555156707763671875 16.561748504638671875 16.554424285888671875 16.552595138549804688 16.548309326171875 16.541767120361328125 16.546497344970703125 16.565616607666015625 16.57814788818359375 16.581043243408203125 16.580829620361328125 16.580183029174804688 16.580150604248046875 16.576341629028320312 16.563884735107421875 16.547826766967773438 16.522935867309570312 16.506826400756835938 16.458635330200195312 16.41762542724609375 16.409027099609375 16.4021453857421875 16.3964385986328125 16.393896102905273438 16.391391754150390625 16.394458770751953125 16.399656295776367188 16.402978897094726562 16.4050750732421875 16.404506683349609375 16.404146194458007812
16.598209381103515625 16.597881317138671875 16.594394683837890625 16.588436126708984375 16.581939697265625 16.57977294921875 16.578704833984375 16.580347061157226562 16.579860687255859375 16.580810546875 16.57773590087890625 16.580011367797851562 16.576435089111328125 16.572910308837890625 16.575527191162109375 16.572200775146484375 16.565547943115234375 16.55515289306640625 16.542791366577148438 16.536828994750976562 16.55701446533203125 16.575305938720703125 16.581251144409179688 16.581356048583984375 16.58032989501953125 16.57982635498046875 16.573759078979492188 16.5634002685546875 16.547296524047851562 16.526361465454101562 16.51512908935546875 16.470672607421875 16.425098419189453125 16.40882110595703125 16.401517868041992188 16.396177291870117188 16.394565582275390625 16.393833160400390625 16.39675140380859375 16.4017333984375 16.402391433715820312 16.405055999755859375 16.407562255859375 16.403947830200195312
16.598621368408203125 16.598222732543945312 16.596471786499023438 16.58957672119140625 16.581838607788085938 16.5811309814453125 16.58191680908203125 16.5831756591796875 16.583942413330078125 16.585414886474609375 16.585088729858398438 16.584209442138671875 16.580394744873046875 16.578157424926757812 16.579586029052734375 16.580232620239257812 16.57016754150390625 16.562931060791015625 16.53827667236328125 16.528812408447265625 16.550233840942382812 16.57477569580078125 16.58057403564453125 16.581159591674804688 16.579278945922851562 16.57680511474609375 16.5657958984375 16.558465957641601562 16.542072296142578125 16.522359848022460938 16.515590667724609375 16.469240188598632812 16.430286407470703125 16.405847549438476562 16.397199630737304688 16.3975982666015625 16.392103195190429688 16.39559173583984375 16.393341064453125 16.392457962036132812 16.397975921630859375 16.401096343994140625 16.399953842163085938 16.400308609008789062
16.59886932373046875 16.59868621826171875 16.596874237060546875 16.592559814453125 16.585153579711914062 16.585086822509765625 16.583683013916015625 16.585056304931640625 16.587249755859375 16.587770462036132812 16.588283538818359375 16.586423873901367188 16.582424163818359375 16.581935882568359375 16.582447052001953125 16.585235595703125 16.577884674072265625 16.5731048583984375 16.55245208740234375 16.539653778076171875 16.558286666870117188 16.574544906616210938 16.581865310668945312 16.581356048583984375 16.57904052734375 16.568729400634765625 16.54955291748046875 16.5377044677734375 16.521745681762695312 16.503810882568359375 16.491451263427734375 16.446697235107421875 16.41593170166015625 16.39908599853515625 16.393140792846679688 16.38866424560546875 16.387958526611328125 16.387224197387695312 16.389507293701171875 16.396595001220703125 16.40164947509765625 16.4037933349609375 16.404207229614257812 16.403812408447265625
16.598785400390625 16.598928451538085938 16.597972869873046875 16.594655990600585938 16.588209152221679688 16.586910247802734375 16.585577011108398438 16.587759017944335938 16.589513778686523438 16.590175628662109375 16.590549468994140625 16.589138031005859375 16.586202621459960938 16.58559417724609375 16.5853424072265625 16.5874481201171875 16.58294677734375 16.580623626708984375 16.565887451171875 16.553518295288085938 16.55876922607421875 16.5729827880859375 16.573099136352539062 16.575883865356445312 16.568998336791992188 16.5514678955078125 16.533731460571289062 16.513055801391601562 16.500143051147460938 16.472475051879882812 16.4452056884765625 16.418436050415039062 16.402772903442382812 16.399888992309570312 16.394695281982421875 16.390171051025390625 16.389032363891601562 16.390228271484375 16.393405914306640625 16.403018951416015625 16.403911590576171875 16.405963897705078125 16.406808853149414062 16.405881881713867188
16.598804473876953125 16.599002838134765625 16.598392486572265625 16.59564208984375 16.58917999267578125 16.587757110595703125 16.587825775146484375 16.5899810791015625 16.591321945190429688 16.5919952392578125 16.592557907104492188 16.591588973999023438 16.589771270751953125 16.583911895751953125 16.580354690551757812 16.5792083740234375 16.579799652099609375 16.57553863525390625 16.569463729858398438 16.55966949462890625 16.564558029174804688 16.572721481323242188 16.57586669921875 16.574001312255859375 16.565774917602539062 16.553058624267578125 16.53070831298828125 16.508026123046875 16.483953475952148438 16.446155548095703125 16.42548370361328125 16.407995223999023438 16.40189361572265625 16.4003448486328125 16.397125244140625 16.3920745849609375 16.390813827514648438 16.393001556396484375 16.39731597900390625 16.405084609985351562 16.406641006469726562 16.407777786254882812 16.408212661743164062 16.4075469970703125
16.593143463134765625 16.589122772216796875 16.588899612426757812 16.584665298461914062 16.58235931396484375 16.58034515380859375 16.582479476928710938 16.584318161010742188 16.583639144897460938 16.585559844970703125 16.584154129028320312 16.58563995361328125 16.584934234619140625 16.58336639404296875 16.581502914428710938 16.581762313842773438 16.580057144165039062 16.578533172607421875 16.5720977783203125 16.563875198364257812 16.566265106201171875 16.573854446411132812 16.57796478271484375 16.576963424682617188 16.570465087890625 16.56368255615234375 16.544172286987304688 16.52862548828125 16.502153396606445312 16.476451873779296875 16.478511810302734375 16.44127655029296875 16.431018829345703125 16.415311813354492188 16.410451889038085938 16.402433395385742188 16.397693634033203125 16.39951324462890625 16.402135848999023438 16.408227920532226562 16.409803390502929688 16.411237716674804688 16.411983489990234375 16.409547805786132812
16.587545394897460938 16.5871734619140625 16.587863922119140625 16.587129592895507812 16.582843780517578125 16.582143783569335938 16.5825653076171875 16.58404541015625 16.584625244140625 16.584653854370117188 16.584812164306640625 16.584613800048828125 16.584325790405273438 16.584194183349609375 16.583181381225585938 16.582759857177734375 16.581686019897460938 16.579957962036132812 16.574655532836914062 16.567804336547851562 16.56819915771484375 16.573942184448242188 16.57770538330078125 16.577383041381835938 16.572147369384765625 16.567884445190429688 16.5534210205078125 16.538972854614257812 16.524213790893554688 16.506464004516601562 16.502973556518554688 16.476228713989257812 16.45467376708984375 16.431604385375976562 16.4163665771484375 16.40964508056640625 16.40167999267578125 16.4015960693359375 16.404926300048828125 16.410930633544921875 16.412504196166992188 16.414003372192382812 16.414020538330078125 16.411895751953125
16.587968826293945312 16.587678909301757812 16.58832550048828125 16.58771514892578125 16.585569381713867188 16.584934234619140625 16.585214614868164062 16.584939956665039062 16.58521270751953125 16.585296630859375 16.585218429565429688 16.585176467895507812 16.584947586059570312 16.584667205810546875 16.583845138549804688 16.58330535888671875 16.582796096801757812 16.581632614135742188 16.577634811401367188 16.57180023193359375 16.571498870849609375 16.575239181518554688 16.57485198974609375 16.57334136962890625 16.568937301635742188 16.56549072265625 16.552976608276367188 16.540157318115234375 16.531080245971679688 16.516878128051757812 16.510959625244140625 16.488861083984375 16.46595001220703125 16.440076828002929688 16.4171142578125 16.41117095947265625 16.40386199951171875 16.40465545654296875 16.409719467163085938 16.414913177490234375 16.415483474731445312 16.4167633056640625 16.41637420654296875 16.414264678955078125
