INPUT/RASTER/ASCII/BIO06.asc
ncols        225
nrows        269
xllcorner    473000.000000000000
yllcorner    4429100.000000000000
cellsize     50.000000000000
NODATA_value -9999
[rows 220 to 239 of 269, columns 88 to 131 of 225]
5.2488250732421875 5.2568845748901367188 5.2569985389709472656 5.2721309661865234375 5.280071258544921875 5.2874822616577148438 5.28987884521484375 5.2877402305603027344 5.2862787246704101562 5.2739992141723632812 5.2648663520812988281 5.2577433586120605469 5.2529058456420898438 5.2586889266967773438 5.2620186805725097656 5.2622928619384765625 5.2494807243347167969 5.2395305633544921875 5.2380037307739257812 5.2226605415344238281 5.2024936676025390625 5.1892542839050292969 5.1938724517822265625 5.2003159523010253906 5.2049198150634765625 5.2161512374877929688 5.2312464714050292969 5.2482080459594726562 5.25823211669921875 5.2671103477478027344 5.2683591842651367188 5.2673845291137695312 5.2658796310424804688 5.2639670372009277344 5.2620525360107421875 5.2608575820922851562 5.2597393989562988281 5.258392333984375 5.2564616203308105469 5.2544760704040527344 5.2529664039611816406 5.251682281494140625 5.2509589195251464844 5.2499566078186035156
5.2438678741455078125 5.2467393875122070312 5.2501401901245117188 5.2641882896423339844 5.2782268524169921875 5.2817440032958984375 5.2850656509399414062 5.2811641693115234375 5.2734484672546386719 5.2643218040466308594 5.2548894882202148438 5.2519292831420898438 5.2483358383178710938 5.248699188232421875 5.2521138191223144531 5.2480649948120117188 5.2382326126098632812 5.230129241943359375 5.2334165573120117188 5.2237362861633300781 5.2031412124633789062 5.18743133544921875 5.1937055587768554688 5.1976261138916015625 5.2045373916625976562 5.2159833908081054688 5.2283220291137695312 5.2449331283569335938 5.2541646957397460938 5.2638401985168457031 5.26662445068359375 5.2664237022399902344 5.2650232315063476562 5.2630019187927246094 5.2611570358276367188 5.260036468505859375 5.2588763236999511719 5.2575893402099609375 5.2557468414306640625 5.2540545463562011719 5.2526602745056152344 5.2514734268188476562 5.2510151863098144531 5.2499022483825683594
5.2557687759399414062 5.2563166618347167969 5.2543487548828125 5.2680964469909667969 5.2783565521240234375 5.282958984375 5.2825303077697753906 5.2749733924865722656 5.2658929824829101562 5.2597780227661132812 5.2525267601013183594 5.2501735687255859375 5.2465405464172363281 5.244533538818359375 5.2434115409851074219 5.2348604202270507812 5.2331223487854003906 5.2238030433654785156 5.2220611572265625 5.220920562744140625 5.2078466415405273438 5.183013916015625 5.1855144500732421875 5.19036102294921875 5.1979770660400390625 5.2111382484436035156 5.2247633934020996094 5.23827362060546875 5.2518596649169921875 5.2595701217651367188 5.2617712020874023438 5.2654147148132324219 5.263813018798828125 5.2617440223693847656 5.2606205940246582031 5.2589030265808105469 5.258304595947265625 5.2565732002258300781 5.2548923492431640625 5.2533507347106933594 5.2519989013671875 5.2511720657348632812 5.2502140998840332031 5.2492132186889648438
5.2666077613830566406 5.2635025978088378906 5.2606892585754394531 5.2727799415588378906 5.2812323570251464844 5.2838754653930664062 5.2823691368103027344 5.2745494842529296875 5.2676105499267578125 5.2599048614501953125 5.254261016845703125 5.2513756752014160156 5.2471818923950195312 5.2444581985473632812 5.2406001091003417969 5.241405487060546875 5.2386078834533691406 5.23159027099609375 5.2294621467590332031 5.2116112709045410156 5.1968836784362792969 5.18279266357421875 5.1767568588256835938 5.1814665794372558594 5.1910319328308105469 5.2013025283813476562 5.21805572509765625 5.2291011810302734375 5.2426371574401855469 5.2533636093139648438 5.2539544105529785156 5.2625703811645507812 5.2626338005065917969 5.2613544464111328125 5.25952911376953125 5.2579565048217773438 5.2573838233947753906 5.255664825439453125 5.254459381103515625 5.2525606155395507812 5.2517518997192382812 5.2503366470336914062 5.2491817474365234375 5.2485318183898925781
5.2698111534118652344 5.265613555908203125 5.2636995315551757812 5.2724704742431640625 5.2801637649536132812 5.2807707786560058594 5.2823433876037597656 5.2792205810546875 5.2739343643188476562 5.2642655372619628906 5.2575945854187011719 5.2540736198425292969 5.2488751411437988281 5.2450304031372070312 5.2417740821838378906 5.2487974166870117188 5.2494459152221679688 5.2436971664428710938 5.2399616241455078125 5.2136793136596679688 5.2026410102844238281 5.1879329681396484375 5.1756200790405273438 5.1745781898498535156 5.1826505661010742188 5.1954236030578613281 5.2115020751953125 5.2205319404602050781 5.2332792282104492188 5.2450184822082519531 5.2463293075561523438 5.2580471038818359375 5.2604265213012695312 5.260715484619140625 5.2590188980102539062 5.2574853897094726562 5.2568120956420898438 5.2548084259033203125 5.2533841133117675781 5.2511267662048339844 5.2504992485046386719 5.2489833831787109375 5.2475328445434570312 5.2471647262573242188
5.2556471824645996094 5.250591278076171875 5.2501382827758789062 5.251491546630859375 5.2625193595886230469 5.265625 5.2796921730041503906 5.2854819297790527344 5.2852325439453125 5.2747731208801269531 5.2648801803588867188 5.2600231170654296875 5.2529244422912597656 5.2454051971435546875 5.2438206672668457031 5.2598733901977539062 5.2648348808288574219 5.2588734626770019531 5.2568793296813964844 5.2340989112854003906 5.2253041267395019531 5.1985201835632324219 5.170597076416015625 5.1670989990234375 5.1725945472717285156 5.18358612060546875 5.1979756355285644531 5.2010021209716796875 5.2157149314880371094 5.2300658226013183594 5.2320680618286132812 5.2488694190979003906 5.2528166770935058594 5.2563748359680175781 5.2565336227416992188 5.2555389404296875 5.2555456161499023438 5.2536792755126953125 5.2523245811462402344 5.2502994537353515625 5.24933624267578125 5.2477707862854003906 5.246692657470703125 5.2459521293640136719
5.2354497909545898438 5.2302942276000976562 5.2296061515808105469 5.2362766265869140625 5.2509584426879882812 5.2594289779663085938 5.2746291160583496094 5.2836403846740722656 5.2841839790344238281 5.2781286239624023438 5.268512725830078125 5.2648882865905761719 5.2571821212768554688 5.2476778030395507812 5.2438874244689941406 5.2596583366394042969 5.2689213752746582031 5.2639260292053222656 5.2578411102294921875 5.2361712455749511719 5.2162351608276367188 5.1919007301330566406 5.1659564971923828125 5.1627254486083984375 5.1680607795715332031 5.1766338348388671875 5.1883039474487304688 5.2025122642517089844 5.2142925262451171875 5.2282228469848632812 5.23386383056640625 5.2451586723327636719 5.2512927055358886719 5.2537484169006347656 5.2545833587646484375 5.2545986175537109375 5.2544350624084472656 5.2527780532836914062 5.2514014244079589844 5.2494921684265136719 5.2484440803527832031 5.2468557357788085938 5.2458410263061523438 5.2450261116027832031
5.2140574455261230469 5.2086062431335449219 5.2038164138793945312 5.2197241783142089844 5.2397618293762207031 5.2503728866577148438 5.2656583786010742188 5.2758231163024902344 5.2775568962097167969 5.2735524177551269531 5.2684030532836914062 5.2668242454528808594 5.2598872184753417969 5.2499952316284179688 5.2424211502075195312 5.2567882537841796875 5.2668480873107910156 5.262302398681640625 5.2549624443054199219 5.2275094985961914062 5.2028369903564453125 5.1789412498474121094 5.1632099151611328125 5.1629428863525390625 5.1717801094055175781 5.184688568115234375 5.1925711631774902344 5.2081789970397949219 5.2211937904357910156 5.23581695556640625 5.2412290573120117188 5.2496170997619628906 5.2525186538696289062 5.2532491683959960938 5.2536978721618652344 5.253810882568359375 5.2535433769226074219 5.25183868408203125 5.2504568099975585938 5.2486486434936523438 5.2475447654724121094 5.2459330558776855469 5.2449793815612792969 5.2440881729125976562
5.1948733329772949219 5.1918573379516601562 5.1900348663330078125 5.2083721160888671875 5.2304701805114746094 5.241603851318359375 5.2542934417724609375 5.26439666748046875 5.2659196853637695312 5.261478424072265625 5.2624077796936035156 5.2613477706909179688 5.2581343650817871094 5.25093841552734375 5.2409048080444335938 5.2506513595581054688 5.2618885040283203125 5.258068084716796875 5.2508039474487304688 5.2191405296325683594 5.1910343170166015625 5.1670212745666503906 5.1623988151550292969 5.1638522148132324219 5.1768131256103515625 5.1893911361694335938 5.1955637931823730469 5.209354400634765625 5.2247180938720703125 5.2426276206970214844 5.2490458488464355469 5.2566509246826171875 5.2550630569458007812 5.2536573410034179688 5.2528553009033203125 5.2529935836791992188 5.2526011466979980469 5.2509617805480957031 5.2494969367980957031 5.2477893829345703125 5.246612548828125 5.2449917793273925781 5.2441086769104003906 5.2431201934814453125
5.1728787422180175781 5.1746120452880859375 5.1852569580078125 5.20452117919921875 5.2218184471130371094 5.2316961288452148438 5.2406558990478515625 5.2478723526000976562 5.2502722740173339844 5.2464051246643066406 5.2500987052917480469 5.2473378181457519531 5.2480745315551757812 5.2480306625366210938 5.2366862297058105469 5.2401676177978515625 5.249691009521484375 5.25070953369140625 5.2434568405151367188 5.2137484550476074219 5.1834511756896972656 5.1616892814636230469 5.161975860595703125 5.1643404960632324219 5.1761503219604492188 5.185741424560546875 5.1903810501098632812 5.2059965133666992188 5.2224030494689941406 5.2423343658447265625 5.2495980262756347656 5.2574534416198730469 5.2557611465454101562 5.253753662109375 5.2524161338806152344 5.2522606849670410156 5.2516317367553710938 5.250133514404296875 5.2485208511352539062 5.2469358444213867188 5.2456455230712890625 5.2442560195922851562 5.2437591552734375 5.2420911788940429688
5.1607522964477539062 5.1633067131042480469 5.1836519241333007812 5.2020483016967773438 5.213527679443359375 5.2213883399963378906 5.22684478759765625 5.2305521965026855469 5.2329616546630859375 5.23165130615234375 5.2370252609252929688 5.2339463233947753906 5.2351784706115722656 5.2395467758178710938 5.2302141189575195312 5.231502532958984375 5.2363491058349609375 5.2381792068481445312 5.2359476089477539062 5.2140035629272460938 5.1800861358642578125 5.1608910560607910156 5.1599550247192382812 5.161895751953125 5.1695756912231445312 5.17763519287109375 5.1787390708923339844 5.1992006301879882812 5.2154011726379394531 5.2373504638671875 5.2462034225463867188 5.2548584938049316406 5.255428314208984375 5.2535939216613769531 5.2520995140075683594 5.2515993118286132812 5.2505512237548828125 5.2493190765380859375 5.247455596923828125 5.2460966110229492188 5.2445344924926757812 5.2431082725524902344 5.2428526878356933594 5.2409472465515136719
5.1543951034545898438 5.154346466064453125 5.1747603416442871094 5.196063995361328125 5.2052531242370605469 5.2130603790283203125 5.2149987220764160156 5.2148241996765136719 5.2173757553100585938 5.2122259140014648438 5.22573089599609375 5.2137603759765625 5.2151575088500976562 5.2260899543762207031 5.2130641937255859375 5.2225484848022460938 5.2216281890869140625 5.2259235382080078125 5.2319197654724121094 5.2234854698181152344 5.1959257125854492188 5.167545318603515625 5.157558441162109375 5.1571793556213378906 5.1570272445678710938 5.1551675796508789062 5.1626610755920410156 5.185993194580078125 5.2058391571044921875 5.2267270088195800781 5.235027313232421875 5.2493214607238769531 5.2539935111999511719 5.252628326416015625 5.2510190010070800781 5.2499742507934570312 5.2489094734191894531 5.2476758956909179688 5.2459130287170410156 5.2443723678588867188 5.2427978515625 5.2413353919982910156 5.2409982681274414062 5.2391657829284667969
5.1438570022583007812 5.1432518959045410156 5.1619129180908203125 5.1841211318969726562 5.1999273300170898438 5.2041120529174804688 5.2042107582092285156 5.1976995468139648438 5.197139739990234375 5.1861205101013183594 5.191516876220703125 5.1842985153198242188 5.191020965576171875 5.1970462799072265625 5.1883654594421386719 5.1935396194458007812 5.2026615142822265625 5.2169642448425292969 5.2286090850830078125 5.2319426536560058594 5.2077684402465820312 5.1733555793762207031 5.1563329696655273438 5.1549077033996582031 5.1559042930603027344 5.1555318832397460938 5.1678528785705566406 5.1860370635986328125 5.2057518959045410156 5.2234597206115722656 5.2298831939697265625 5.2455005645751953125 5.2524886131286621094 5.2516779899597167969 5.2500844001770019531 5.2490954399108886719 5.24796295166015625 5.2468233108520507812 5.2449622154235839844 5.2434563636779785156 5.2417664527893066406 5.2402639389038085938 5.2400150299072265625 5.2380952835083007812
5.1397008895874023438 5.13907623291015625 5.1505022048950195312 5.1790671348571777344 5.1993756294250488281 5.2001409530639648438 5.1956033706665039062 5.1875710487365722656 5.1808876991271972656 5.171630859375 5.169895172119140625 5.1719846725463867188 5.18137359619140625 5.1844816207885742188 5.1782960891723632812 5.173885345458984375 5.193996429443359375 5.2044062614440917969 5.2318186759948730469 5.2380609512329101562 5.2151036262512207031 5.1751737594604492188 5.157497406005859375 5.1548900604248046875 5.1582078933715820312 5.16313934326171875 5.1829204559326171875 5.1931681632995605469 5.2103719711303710938 5.2253098487854003906 5.2285332679748535156 5.2449932098388671875 5.2511138916015625 5.250675201416015625 5.2491354942321777344 5.2482204437255859375 5.2470164299011230469 5.2459478378295898438 5.2439899444580078125 5.2425374984741210938 5.2407193183898925781 5.2391734123229980469 5.2390141487121582031 5.2369852066040039062
5.1371917724609375 5.1353259086608886719 5.1457285881042480469 5.1663985252380371094 5.1903405189514160156 5.1893739700317382812 5.1884775161743164062 5.1774091720581054688 5.1673512458801269531 5.1623883247375488281 5.1572561264038085938 5.1636152267456054688 5.17432403564453125 5.1736469268798828125 5.1692919731140136719 5.1575112342834472656 5.1765265464782714844 5.1853170394897460938 5.2159185409545898438 5.2277045249938964844 5.2040491104125976562 5.1738352775573730469 5.1526136398315429688 5.1536455154418945312 5.1587729454040527344 5.1791253089904785156 5.1988987922668457031 5.2102804183959960938 5.2221732139587402344 5.2322673797607421875 5.2366428375244140625 5.2484216690063476562 5.2505121231079101562 5.2496013641357421875 5.2480401992797851562 5.2468457221984863281 5.2463178634643554688 5.2446107864379882812 5.2429075241088867188 5.2410922050476074219 5.2392444610595703125 5.23802947998046875 5.2374529838562011719 5.2358083724975585938
5.1381053924560546875 5.1325855255126953125 5.1367931365966796875 5.155731201171875 5.1805348396301269531 5.1798496246337890625 5.1787590980529785156 5.1672806739807128906 5.1576509475708007812 5.1511607170104980469 5.14623260498046875 5.1518607139587402344 5.1610660552978515625 5.1613841056823730469 5.159149169921875 5.1483469009399414062 5.1619553565979003906 5.1674242019653320312 5.1959614753723144531 5.2100167274475097656 5.1862773895263671875 5.1608324050903320312 5.1463174819946289062 5.1498494148254394531 5.1664385795593261719 5.189579010009765625 5.2107653617858886719 5.2256217002868652344 5.2317051887512207031 5.2419981956481933594 5.2481403350830078125 5.2506279945373535156 5.24990081787109375 5.2487955093383789062 5.2466363906860351562 5.2457408905029296875 5.2450833320617675781 5.2432470321655273438 5.2419633865356445312 5.239505767822265625 5.2385125160217285156 5.2369604110717773438 5.2359333038330078125 5.2347211837768554688
5.137897491455078125 5.1318440437316894531 5.1330943107604980469 5.150142669677734375 5.1715412139892578125 5.1723566055297851562 5.1697106361389160156 5.1576609611511230469 5.1483702659606933594 5.1410145759582519531 5.1351742744445800781 5.1390690803527832031 5.1454224586486816406 5.1462984085083007812 5.14855194091796875 5.137241363525390625 5.1454067230224609375 5.149272918701171875 5.1738753318786621094 5.1908197402954101562 5.1741538047790527344 5.1493010520935058594 5.1348490715026855469 5.1416802406311035156 5.1636505126953125 5.1863584518432617188 5.2124266624450683594 5.2278628349304199219 5.23863983154296875 5.2482881546020507812 5.2505216598510742188 5.2506771087646484375 5.2490544319152832031 5.2478232383728027344 5.2456860542297363281 5.2447490692138671875 5.2440962791442871094 5.2423067092895507812 5.2408957481384277344 5.2384881973266601562 5.2373776435852050781 5.2358584403991699219 5.2349228858947753906 5.2335262298583984375
5.1356487274169921875 5.1324448585510253906 5.1272554397583007812 5.1362252235412597656 5.1590814590454101562 5.158740997314453125 5.1545877456665039062 5.1408891677856445312 5.1295080184936523438 5.1250748634338378906 5.1174821853637695312 5.1196146011352539062 5.1215076446533203125 5.1151671409606933594 5.12493896484375 5.121021270751953125 5.1289043426513671875 5.1352338790893554688 5.1579313278198242188 5.1772718429565429688 5.1694531440734863281 5.1443552970886230469 5.1242918968200683594 5.1282176971435546875 5.1495618820190429688 5.1654729843139648438 5.1953015327453613281 5.2107377052307128906 5.2273550033569335938 5.2372107505798339844 5.2364125251770019531 5.2443723678588867188 5.2447061538696289062 5.245220184326171875 5.2432613372802734375 5.2433538436889648438 5.2423505783081054688 5.2403283119201660156 5.2390618324279785156 5.2364678382873535156 5.235507965087890625 5.2339458465576171875 5.2327985763549804688 5.2317566871643066406
5.1327972412109375 5.1332097053527832031 5.1176486015319824219 5.1225900650024414062 5.1472363471984863281 5.149372100830078125 5.1439070701599121094 5.1293425559997558594 5.1205124855041503906 5.1150617599487304688 5.1098189353942871094 5.1095767021179199219 5.1079335212707519531 5.10584259033203125 5.1122922897338867188 5.1126861572265625 5.1181082725524902344 5.1270742416381835938 5.1488966941833496094 5.167400360107421875 5.1642627716064453125 5.1434946060180664062 5.1253476142883300781 5.1260027885437011719 5.1443514823913574219 5.154819488525390625 5.18155670166015625 5.1996164321899414062 5.2112030982971191406 5.2225809097290039062 5.2239832878112792969 5.2342753410339355469 5.2392711639404296875 5.2422471046447753906 5.24188995361328125 5.2420096397399902344 5.2410211563110351562 5.2393331527709960938 5.2376942634582519531 5.235363006591796875 5.2340588569641113281 5.2324700355529785156 5.231700897216796875 5.2303414344787597656
5.1280078887939453125 5.1277766227722167969 5.1086249351501464844 5.113773345947265625 5.1353578567504882812 5.1390180587768554688 5.1333627700805664062 5.1218023300170898438 5.1140298843383789062 5.106357574462890625 5.1033039093017578125 5.0995068550109863281 5.0963768959045410156 5.0968980789184570312 5.1051287651062011719 5.1074190139770507812 5.1087579727172851562 5.1160945892333984375 5.1362867355346679688 5.1557054519653320312 5.15448760986328125 5.1385335922241210938 5.1371603012084960938 5.1420650482177734375 5.1536202430725097656 5.1602573394775390625 5.1818556785583496094 5.1975488662719726562 5.2044467926025390625 5.2148408889770507812 5.2181100845336914062 5.2284994125366210938 5.2352447509765625 5.2399067878723144531 5.2409162521362304688 5.2409315109252929688 5.2399344444274902344 5.2382731437683105469 5.2364101409912109375 5.2341299057006835938 5.2328085899353027344 5.2312164306640625 5.230556488037109375 5.2291254997253417969
