INPUT/RASTER/ASCII/BIO07.asc
ncols        225
nrows        269
xllcorner    473009.983799999987
yllcorner    4429051.174800000153
cellsize     50.000000000000
NODATA_value -9999
[rows 38 to 56 of 269, columns 42 to 83 of 225]
26.636013031005859375 26.636014938354492188 26.638647079467773438 26.646547317504882813 26.656560897827148438 26.6676483154296875 26.678030014038085938 26.681293487548828125 26.686374664306640625 26.692413330078125 26.697368621826171875 26.705068588256835938 26.710943222045898438 26.714925765991210938 26.71855926513671875 26.721296310424804688 26.691579818725585938 26.643121719360351563 26.640382766723632813 26.649454116821289063 26.662740707397460938 26.677341461181640625 26.695577621459960938 26.718624114990234375 26.7356109619140625 26.744222640991210938 26.656459808349609375 26.531686782836914063 26.518880844116210938 26.525415420532226563 26.53050994873046875 26.530101776123046875 26.5233001708984375 26.51666259765625 26.51401519775390625 26.5151824951171875 26.490741729736328125 26.459926605224609375 26.4647216796875 26.48285675048828125 26.506988525390625 26.529361724853515625
26.620655059814453125 26.624326705932617188 26.628971099853515625 26.637889862060546875 26.648355484008789063 26.659387588500976563 26.667398452758789063 26.620939254760742188 26.572008132934570313 26.572460174560546875 26.578037261962890625 26.584993362426757813 26.589597702026367188 26.592540740966796875 26.594989776611328125 26.597341537475585938 26.522296905517578125 26.397491455078125 26.373565673828125 26.380954742431640625 26.39385223388671875 26.406511306762695313 26.422298431396484375 26.446016311645507813 26.46500396728515625 26.475194931030273438 26.463479995727539063 26.446073532104492188 26.449827194213867188 26.455900192260742188 26.460424423217773438 26.459245681762695313 26.452169418334960938 26.446634292602539063 26.4449920654296875 26.448163986206054688 26.453550338745117188 26.45782470703125 26.4656219482421875 26.483287811279296875 26.5094757080078125 26.525829315185546875
26.44614410400390625 26.452846527099609375 26.462589263916015625 26.47779083251953125 26.4920654296875 26.506368637084960938 26.512866973876953125 26.429101943969726563 26.340044021606445313 26.337400436401367188 26.34410858154296875 26.350299835205078125 26.353757858276367188 26.3546295166015625 26.3553924560546875 26.357034683227539063 26.347352981567382813 26.33042144775390625 26.33184814453125 26.33834075927734375 26.349123001098632813 26.36053466796875 26.376010894775390625 26.396915435791015625 26.413776397705078125 26.422191619873046875 26.429821014404296875 26.439983367919921875 26.448255538940429688 26.454412460327148438 26.458202362060546875 26.455760955810546875 26.447896957397460938 26.444690704345703125 26.445316314697265625 26.448596954345703125 26.45369720458984375 26.458173751831054688 26.466161727905273438 26.481794357299804688 26.504724502563476563 26.518848419189453125
26.225917816162109375 26.232828140258789063 26.248199462890625 26.271785736083984375 26.291509628295898438 26.3117523193359375 26.324995040893554688 26.316553115844726563 26.308786392211914063 26.3149566650390625 26.321733474731445313 26.327119827270507813 26.329404830932617188 26.327999114990234375 26.3264923095703125 26.326580047607421875 26.3275604248046875 26.330152511596679688 26.335968017578125 26.341920852661132813 26.351751327514648438 26.363355636596679688 26.379594802856445313 26.398950576782226563 26.412921905517578125 26.419176101684570313 26.426055908203125 26.436229705810546875 26.445295333862304688 26.452806472778320313 26.456424713134765625 26.453302383422851563 26.444622039794921875 26.4422607421875 26.44467926025390625 26.4482574462890625 26.45322418212890625 26.457834243774414063 26.464780807495117188 26.476633071899414063 26.4966583251953125 26.51361846923828125
26.15946197509765625 26.165937423706054688 26.18372344970703125 26.211826324462890625 26.235712051391601563 26.262872695922851563 26.279510498046875 26.291353225708007813 26.30738067626953125 26.319019317626953125 26.327404022216796875 26.333955764770507813 26.337039947509765625 26.336414337158203125 26.334930419921875 26.333318710327148438 26.332927703857421875 26.33545684814453125 26.341022491455078125 26.346498489379882813 26.355983734130859375 26.36782073974609375 26.384126663208007813 26.401416778564453125 26.412912368774414063 26.4180145263671875 26.4239349365234375 26.43280029296875 26.441583633422851563 26.450426101684570313 26.454061508178710938 26.451215744018554688 26.443359375 26.441066741943359375 26.443798065185546875 26.448087692260742188 26.453008651733398438 26.457605361938476563 26.46353912353515625 26.472751617431640625 26.491062164306640625 26.511562347412109375
26.144495010375976563 26.148141860961914063 26.156133651733398438 26.175073623657226563 26.1973876953125 26.223827362060546875 26.23783111572265625 26.256002426147460938 26.281332015991210938 26.302904129028320313 26.316278457641601563 26.328031539916992188 26.335321426391601563 26.340024948120117188 26.34288787841796875 26.34145355224609375 26.339723587036132813 26.341474533081054688 26.347013473510742188 26.35193634033203125 26.360952377319335938 26.37325286865234375 26.38982391357421875 26.404827117919921875 26.413774490356445313 26.419080734252929688 26.426519393920898438 26.43457794189453125 26.441370010375976563 26.446382522583007813 26.446933746337890625 26.4451141357421875 26.4415740966796875 26.439977645874023438 26.442981719970703125 26.448055267333984375 26.452772140502929688 26.45688629150390625 26.46315765380859375 26.474424362182617188 26.491083145141601563 26.512775421142578125
26.15360260009765625 26.15328216552734375 26.15035247802734375 26.156705856323242188 26.171239852905273438 26.187328338623046875 26.195079803466796875 26.212469100952148438 26.236785888671875 26.2655029296875 26.283252716064453125 26.30312347412109375 26.31670379638671875 26.32929229736328125 26.340574264526367188 26.34444427490234375 26.34496307373046875 26.3464508056640625 26.350460052490234375 26.3548126220703125 26.363597869873046875 26.376102447509765625 26.392572402954101563 26.406599044799804688 26.41403961181640625 26.420808792114257813 26.430566787719726563 26.439300537109375 26.445539474487304688 26.444721221923828125 26.4398193359375 26.437177658081054688 26.43631744384765625 26.436618804931640625 26.44066619873046875 26.446527481079101563 26.451856613159179688 26.455692291259765625 26.463165283203125 26.479108810424804688 26.494432449340820313 26.512228012084960938
26.159273147583007813 26.158050537109375 26.15798187255859375 26.1651611328125 26.175359725952148438 26.18564605712890625 26.191083908081054688 26.199609756469726563 26.211484909057617188 26.2310791015625 26.245077133178710938 26.26970672607421875 26.286855697631835938 26.306684494018554688 26.32463836669921875 26.335359573364257813 26.34320831298828125 26.3474578857421875 26.34996795654296875 26.353807449340820313 26.362445831298828125 26.373861312866210938 26.389163970947265625 26.40453338623046875 26.413389205932617188 26.421417236328125 26.43224334716796875 26.4416656494140625 26.448701858520507813 26.447633743286132813 26.440364837646484375 26.435436248779296875 26.431713104248046875 26.431720733642578125 26.437061309814453125 26.442808151245117188 26.448595046997070313 26.453155517578125 26.463319778442382813 26.483758926391601563 26.498987197875976563 26.5130615234375
26.16468048095703125 26.165164947509765625 26.1670379638671875 26.17310333251953125 26.181413650512695313 26.190181732177734375 26.194421768188476563 26.19974517822265625 26.205121994018554688 26.21075439453125 26.217561721801757813 26.234888076782226563 26.247755050659179688 26.273477554321289063 26.294281005859375 26.312530517578125 26.329252243041992188 26.339996337890625 26.34638214111328125 26.350673675537109375 26.358564376831054688 26.368991851806640625 26.38440704345703125 26.401981353759765625 26.41307830810546875 26.42133331298828125 26.432748794555664063 26.442699432373046875 26.449733734130859375 26.448953628540039063 26.441652297973632813 26.436359405517578125 26.43076324462890625 26.428457260131835938 26.431497573852539063 26.436815261840820313 26.445034027099609375 26.451234817504882813 26.463918685913085938 26.486186981201171875 26.5020294189453125 26.515445709228515625
26.1734466552734375 26.176408767700195313 26.17952728271484375 26.18448638916015625 26.190027236938476563 26.19419097900390625 26.196249008178710938 26.20111083984375 26.205305099487304688 26.206295013427734375 26.208379745483398438 26.213819503784179688 26.219690322875976563 26.23795318603515625 26.253725051879882813 26.275247573852539063 26.296657562255859375 26.314271926879882813 26.329242706298828125 26.337549209594726563 26.34844207763671875 26.3605499267578125 26.37757110595703125 26.398454666137695313 26.410856246948242188 26.419427871704101563 26.431812286376953125 26.443319320678710938 26.4507598876953125 26.45098876953125 26.445468902587890625 26.439748764038085938 26.4321746826171875 26.4276275634765625 26.42708587646484375 26.43133544921875 26.442874908447265625 26.45203399658203125 26.465572357177734375 26.486616134643554688 26.502965927124023438 26.516157150268554688
26.1806793212890625 26.185039520263671875 26.189413070678710938 26.1949920654296875 26.1989898681640625 26.197727203369140625 26.196819305419921875 26.199563980102539063 26.20235443115234375 26.203128814697265625 26.203886032104492188 26.206834793090820313 26.210315704345703125 26.217767715454101563 26.22682952880859375 26.239515304565429688 26.254426956176757813 26.273174285888671875 26.295186996459960938 26.307764053344726563 26.324487686157226563 26.341386795043945313 26.36270904541015625 26.391101837158203125 26.40622711181640625 26.415679931640625 26.429319381713867188 26.442110061645507813 26.45026397705078125 26.452085494995117188 26.448575973510742188 26.442958831787109375 26.434980392456054688 26.429571151733398438 26.427570343017578125 26.433109283447265625 26.447124481201171875 26.45835113525390625 26.471393585205078125 26.488834381103515625 26.503877639770507813 26.5151519775390625
26.185708999633789063 26.190019607543945313 26.1948089599609375 26.19927215576171875 26.201086044311523438 26.196491241455078125 26.193721771240234375 26.194705963134765625 26.1962890625 26.196397781372070313 26.196905136108398438 26.200992584228515625 26.2044677734375 26.20867919921875 26.214300155639648438 26.217866897583007813 26.222990036010742188 26.23284912109375 26.251733779907226563 26.263690948486328125 26.281797409057617188 26.302577972412109375 26.332828521728515625 26.37430572509765625 26.395708084106445313 26.40785980224609375 26.425405502319335938 26.4396820068359375 26.4470062255859375 26.449220657348632813 26.448246002197265625 26.444828033447265625 26.439409255981445313 26.434865951538085938 26.433238983154296875 26.442670822143554688 26.46007537841796875 26.471017837524414063 26.480039596557617188 26.49178314208984375 26.504123687744140625 26.513181686401367188
26.189258575439453125 26.191822052001953125 26.195127487182617188 26.197622299194335938 26.197031021118164063 26.191579818725585938 26.188711166381835938 26.189035415649414063 26.190248489379882813 26.190235137939453125 26.190141677856445313 26.1941986083984375 26.198400497436523438 26.20250701904296875 26.205858230590820313 26.20661163330078125 26.2069244384765625 26.20932769775390625 26.215883255004882813 26.221380233764648438 26.233472824096679688 26.256242752075195313 26.296398162841796875 26.34880828857421875 26.374723434448242188 26.3926849365234375 26.419734954833984375 26.437816619873046875 26.443965911865234375 26.446258544921875 26.446737289428710938 26.446107864379882813 26.443960189819335938 26.44049072265625 26.440158843994140625 26.451097488403320313 26.469938278198242188 26.480916976928710938 26.4878692626953125 26.493932723999023438 26.501893997192382813 26.5108642578125
26.190771102905273438 26.191043853759765625 26.192426681518554688 26.19304656982421875 26.191049575805664063 26.186822891235351563 26.185308456420898438 26.18670654296875 26.188646316528320313 26.188350677490234375 26.187318801879882813 26.19103240966796875 26.1956787109375 26.199968338012695313 26.202571868896484375 26.201725006103515625 26.200780868530273438 26.202409744262695313 26.205923080444335938 26.2082672119140625 26.214132308959960938 26.230539321899414063 26.2639007568359375 26.31404876708984375 26.339263916015625 26.366275787353515625 26.40606689453125 26.431613922119140625 26.440929412841796875 26.444635391235351563 26.446441650390625 26.448572158813476563 26.4498138427734375 26.447170257568359375 26.446798324584960938 26.457326889038085938 26.475229263305664063 26.485973358154296875 26.492609024047851563 26.495616912841796875 26.499187469482421875 26.507734298706054688
26.1906890869140625 26.188953399658203125 26.188629150390625 26.188434600830078125 26.1864013671875 26.183650970458984375 26.183185577392578125 26.186298370361328125 26.18985748291015625 26.190652847290039063 26.189645767211914063 26.191938400268554688 26.195354461669921875 26.199625015258789063 26.202434539794921875 26.200639724731445313 26.198221206665039063 26.199232101440429688 26.205108642578125 26.2083892822265625 26.214321136474609375 26.225786209106445313 26.248821258544921875 26.281000137329101563 26.297941207885742188 26.329254150390625 26.376256942749023438 26.409463882446289063 26.429609298706054688 26.44000244140625 26.444562911987304688 26.449544906616210938 26.456785202026367188 26.457118988037109375 26.455938339233398438 26.463716506958007813 26.478197097778320313 26.4867401123046875 26.492847442626953125 26.496244430541992188 26.499425888061523438 26.506072998046875
26.190389633178710938 26.185695648193359375 26.18422698974609375 26.1843109130859375 26.183263778686523438 26.18254852294921875 26.183294296264648438 26.186803817749023438 26.191564559936523438 26.19429779052734375 26.193338394165039063 26.1937255859375 26.195980072021484375 26.199748992919921875 26.202432632446289063 26.200740814208984375 26.197710037231445313 26.198534011840820313 26.202348709106445313 26.206064224243164063 26.212720870971679688 26.224033355712890625 26.244777679443359375 26.26644134521484375 26.278291702270507813 26.299165725708007813 26.335130691528320313 26.368680953979492188 26.40038299560546875 26.420330047607421875 26.427494049072265625 26.436067581176757813 26.455022811889648438 26.463434219360351563 26.463171005249023438 26.468923568725585938 26.480159759521484375 26.487094879150390625 26.492618560791015625 26.496057510375976563 26.500423431396484375 26.507886886596679688
26.18737030029296875 26.181859970092773438 26.180578231811523438 26.18094635009765625 26.181056976318359375 26.181131362915039063 26.18231964111328125 26.186281204223632813 26.191493988037109375 26.195180892944335938 26.194520950317382813 26.194177627563476563 26.195383071899414063 26.198221206665039063 26.201839447021484375 26.2010345458984375 26.197607040405273438 26.19753265380859375 26.199741363525390625 26.204698562622070313 26.211160659790039063 26.221117019653320313 26.240291595458984375 26.261838912963867188 26.27278900146484375 26.2845611572265625 26.305574417114257813 26.3321380615234375 26.362762451171875 26.38445281982421875 26.393131256103515625 26.405393600463867188 26.43610382080078125 26.451519012451171875 26.451997756958007813 26.45877838134765625 26.47264862060546875 26.481302261352539063 26.487438201904296875 26.492696762084960938 26.4979705810546875 26.5071258544921875
26.175878524780273438 26.174648284912109375 26.175243377685546875 26.175012588500976563 26.17397308349609375 26.172216415405273438 26.172658920288085938 26.175991058349609375 26.1811676025390625 26.185882568359375 26.187236785888671875 26.18793487548828125 26.188770294189453125 26.189832687377929688 26.19280242919921875 26.194122314453125 26.193798065185546875 26.195428848266601563 26.197561264038085938 26.202466964721679688 26.208980560302734375 26.218723297119140625 26.23702239990234375 26.258543014526367188 26.269618988037109375 26.278570175170898438 26.29279327392578125 26.310520172119140625 26.329631805419921875 26.348186492919921875 26.360326766967773438 26.373014450073242188 26.399280548095703125 26.412120819091796875 26.414541244506835938 26.425472259521484375 26.440828323364257813 26.449510574340820313 26.456388473510742188 26.471261978149414063 26.482065200805664063 26.496143341064453125
26.134790420532226563 26.141054153442382813 26.14847564697265625 26.147111892700195313 26.143560409545898438 26.13912200927734375 26.13820648193359375 26.141042709350585938 26.14662933349609375 26.152318954467773438 26.1554718017578125 26.15711212158203125 26.15769195556640625 26.158914566040039063 26.166280746459960938 26.175344467163085938 26.181369781494140625 26.18793487548828125 26.192350387573242188 26.198268890380859375 26.205974578857421875 26.217344284057617188 26.236637115478515625 26.258634567260742188 26.270328521728515625 26.277917861938476563 26.288824081420898438 26.299198150634765625 26.310718536376953125 26.324625015258789063 26.33650970458984375 26.347381591796875 26.3631744384765625 26.372919082641601563 26.379636764526367188 26.389621734619140625 26.39786529541015625 26.402593612670898438 26.410554885864257813 26.430677413940429688 26.443714141845703125 26.465532302856445313
