INPUT/RASTER/ASCII/BIO09.asc
ncols        225
nrows        269
xllcorner    473000.000000000000
yllcorner    4429100.000000000000
cellsize     50.000000000000
NODATA_value -9999
[rows 140 to 159 of 269, columns 176 to 219 of 225]
25.135097503662109375 25.122964859008789062 25.117101669311523438 25.096792221069335938 25.0892486572265625 25.08058929443359375 25.0699920654296875 25.06763458251953125 25.0554046630859375 25.054189682006835938 25.0455169677734375 25.048780441284179688 25.047262191772460938 25.0381317138671875 25.044237136840820312 25.04584503173828125 25.0564727783203125 25.0733489990234375 25.074880599975585938 25.07817840576171875 25.074176788330078125 25.06304168701171875 25.047088623046875 25.037456512451171875 25.028360366821289062 25.02524566650390625 25.052001953125 25.055767059326171875 25.058290481567382812 25.062429428100585938 25.061370849609375 25.063024520874023438 25.0631103515625 25.066450119018554688 -9999 -9999 -9999 -9999 -9999 -9999 -9999 -9999 -9999 -9999
25.147174835205078125 25.137159347534179688 25.126443862915039062 25.117237091064453125 25.107151031494140625 25.099456787109375 25.08798980712890625 25.088914871215820312 25.07653045654296875 25.072259902954101562 25.058422088623046875 25.064605712890625 25.063764572143554688 25.051746368408203125 25.057310104370117188 25.0556182861328125 25.06850433349609375 25.082258224487304688 25.081113815307617188 25.081319808959960938 25.06789398193359375 25.056932449340820312 25.043085098266601562 25.031543731689453125 25.025564193725585938 25.033489227294921875 25.05823516845703125 25.058790206909179688 25.064271926879882812 25.0673065185546875 25.06581878662109375 25.067785263061523438 25.066709518432617188 25.069732666015625 25.076948165893554688 -9999 -9999 -9999 -9999 -9999 -9999 -9999 -9999 -9999
25.145391464233398438 25.135631561279296875 25.126129150390625 25.121118545532226562 25.116085052490234375 25.111314773559570312 25.10903167724609375 25.102146148681640625 25.097249984741210938 25.08669281005859375 25.082803726196289062 25.081762313842773438 25.080997467041015625 25.076089859008789062 25.07349395751953125 25.079540252685546875 25.091058731079101562 25.092077255249023438 25.094112396240234375 25.091915130615234375 25.073925018310546875 25.058074951171875 25.046253204345703125 25.032129287719726562 25.0276336669921875 25.05464935302734375 25.0655670166015625 25.068616867065429688 25.0741729736328125 25.07275390625 25.073278427124023438 25.072689056396484375 25.071855545043945312 25.077342987060546875 25.083759307861328125 25.090908050537109375 -9999 -9999 -9999 -9999 -9999 -9999 -9999 -9999
25.144466400146484375 25.135341644287109375 25.126058578491210938 25.12131500244140625 25.118719100952148438 25.1151580810546875 25.11443328857421875 25.106248855590820312 25.101993560791015625 25.096651077270507812 25.092926025390625 25.091188430786132812 25.091249465942382812 25.094570159912109375 25.091165542602539062 25.103771209716796875 25.105638504028320312 25.10341644287109375 25.112567901611328125 25.107204437255859375 25.097665786743164062 25.0723114013671875 25.050867080688476562 25.0442962646484375 25.043148040771484375 25.074756622314453125 25.073350906372070312 25.082189559936523438 25.08092498779296875 25.080213546752929688 25.081785202026367188 25.077486038208007812 25.080530166625976562 25.083553314208984375 25.091335296630859375 25.096773147583007812 -9999 -9999 -9999 -9999 -9999 -9999 -9999 -9999
25.150335311889648438 25.144603729248046875 25.133077621459960938 25.132076263427734375 25.12509918212890625 25.11766815185546875 25.116151809692382812 25.108118057250976562 25.1035003662109375 25.098745346069335938 25.096035003662109375 25.094482421875 25.094861984252929688 25.0976715087890625 25.09961700439453125 25.10553741455078125 25.110935211181640625 25.115741729736328125 25.12591552734375 25.126710891723632812 25.1158599853515625 25.08902740478515625 25.0676422119140625 25.064123153686523438 25.06325531005859375 25.080705642700195312 25.08100128173828125 25.087413787841796875 25.089506149291992188 25.089288711547851562 25.090986251831054688 25.086236953735351562 25.097118377685546875 25.093845367431640625 -9999 -9999 -9999 -9999 -9999 -9999 -9999 -9999 -9999 -9999
25.155239105224609375 25.1480712890625 25.141300201416015625 25.140989303588867188 25.137006759643554688 25.132907867431640625 25.1351165771484375 25.122858047485351562 25.121768951416015625 25.112905502319335938 25.112018585205078125 25.107891082763671875 25.108224868774414062 25.1133270263671875 25.108404159545898438 25.108285903930664062 25.111108779907226562 25.118688583374023438 25.122833251953125 25.133632659912109375 25.129878997802734375 25.107282638549804688 25.087732315063476562 25.090961456298828125 25.085758209228515625 25.0916595458984375 25.089290618896484375 25.096567153930664062 25.095037460327148438 25.095262527465820312 25.097217559814453125 25.096666336059570312 25.101528167724609375 -9999 -9999 -9999 -9999 -9999 -9999 -9999 -9999 -9999 -9999 -9999
25.15435028076171875 25.14777374267578125 25.1433258056640625 25.14270782470703125 25.140901565551757812 25.137804031372070312 25.1360015869140625 25.12790679931640625 25.12343597412109375 25.120359420776367188 25.1204986572265625 25.119184494018554688 25.119197845458984375 25.121349334716796875 25.11827850341796875 25.1206512451171875 25.121191024780273438 25.128431320190429688 25.133419036865234375 25.136692047119140625 25.1323089599609375 25.1148834228515625 25.095911026000976562 25.09410858154296875 25.094118118286132812 25.093746185302734375 25.093927383422851562 25.098133087158203125 25.097528457641601562 25.099918365478515625 25.104715347290039062 25.104967117309570312 25.1066741943359375 25.105556488037109375 -9999 -9999 -9999 -9999 -9999 -9999 -9999 -9999 -9999 -9999
25.152772903442382812 25.1474761962890625 25.144819259643554688 25.144420623779296875 25.141956329345703125 25.137861251831054688 25.135955810546875 25.129617691040039062 25.125484466552734375 25.124525070190429688 25.125316619873046875 25.125040054321289062 25.123508453369140625 25.124856948852539062 25.125864028930664062 25.1281585693359375 25.128889083862304688 25.135305404663085938 25.138505935668945312 25.147741317749023438 25.148136138916015625 25.128026962280273438 25.10427093505859375 25.09981536865234375 25.097362518310546875 25.095561981201171875 25.095098495483398438 25.098619461059570312 25.099927902221679688 25.106586456298828125 25.108974456787109375 25.110853195190429688 25.11006927490234375 25.10865020751953125 -9999 -9999 -9999 -9999 -9999 -9999 -9999 -9999 -9999 -9999
25.151933670043945312 25.14792633056640625 25.145883560180664062 25.146381378173828125 25.143758773803710938 25.139326095581054688 25.13718414306640625 25.130115509033203125 25.127262115478515625 25.128450393676757812 25.129180908203125 25.129209518432617188 25.127780914306640625 25.127689361572265625 25.130125045776367188 25.131122589111328125 25.132694244384765625 25.136110305786132812 25.139833450317382812 25.154939651489257812 25.157413482666015625 25.143192291259765625 25.123025894165039062 25.109622955322265625 25.102609634399414062 25.096044540405273438 25.099100112915039062 25.099109649658203125 25.100330352783203125 25.111541748046875 25.112791061401367188 25.11318206787109375 25.112636566162109375 25.110931396484375 -9999 -9999 -9999 -9999 -9999 -9999 -9999 -9999 -9999 -9999
25.1505279541015625 25.147129058837890625 25.145902633666992188 25.147083282470703125 25.144306182861328125 25.1393585205078125 25.13713836669921875 25.131978988647460938 25.12981414794921875 25.131155014038085938 25.1314697265625 25.132139205932617188 25.130868911743164062 25.130767822265625 25.133569717407226562 25.1344451904296875 25.1363525390625 25.139730453491210938 25.142688751220703125 25.157495498657226562 25.159053802490234375 25.149045944213867188 25.129331588745117188 25.114528656005859375 25.108798980712890625 25.104139328002929688 25.102863311767578125 25.099773406982421875 25.105548858642578125 25.112058639526367188 25.112743377685546875 25.114889144897460938 25.113416671752929688 25.112371444702148438 -9999 -9999 -9999 -9999 -9999 -9999 -9999 -9999 -9999 -9999
25.151124954223632812 25.146579742431640625 25.146123886108398438 25.14728546142578125 25.14496612548828125 25.140787124633789062 25.13811492919921875 25.135967254638671875 25.132869720458984375 25.13698577880859375 25.135295867919921875 25.139720916748046875 25.13799285888671875 25.134860992431640625 25.13912200927734375 25.137493133544921875 25.142259597778320312 25.147195816040039062 25.148471832275390625 25.161022186279296875 25.161479949951171875 25.147731781005859375 25.126379013061523438 25.11518096923828125 25.111440658569335938 25.108123779296875 25.10553741455078125 25.103788375854492188 25.10898590087890625 25.112524032592773438 25.113208770751953125 25.113988876342773438 25.1136474609375 25.113592147827148438 -9999 -9999 -9999 -9999 -9999 -9999 -9999 -9999 -9999 -9999
25.155958175659179688 25.149021148681640625 25.151441574096679688 25.1482391357421875 25.148424148559570312 25.146192550659179688 25.144863128662109375 25.14350128173828125 25.143754959106445312 25.153371810913085938 25.1546478271484375 25.159717559814453125 25.15622711181640625 25.14852142333984375 25.150674819946289062 25.147844314575195312 25.153141021728515625 25.159990310668945312 25.159862518310546875 25.16606903076171875 25.158664703369140625 25.1421356201171875 25.123014450073242188 25.11542510986328125 25.1104736328125 25.10706329345703125 25.10418701171875 25.109128952026367188 25.108835220336914062 25.109588623046875 25.110622406005859375 25.111295700073242188 25.113555908203125 25.113759994506835938 -9999 -9999 -9999 -9999 -9999 -9999 -9999 -9999 -9999 -9999
25.163682937622070312 25.159509658813476562 25.162858963012695312 25.15778350830078125 25.155015945434570312 25.152980804443359375 25.149332046508789062 25.15024566650390625 25.152469635009765625 25.16650390625 25.168758392333984375 25.173826217651367188 25.171621322631835938 25.162591934204101562 25.160854339599609375 25.155059814453125 25.162418365478515625 25.169206619262695312 25.169092178344726562 25.166517257690429688 25.1558837890625 25.13558197021484375 25.116992950439453125 25.110828399658203125 25.10555267333984375 25.103496551513671875 25.101266860961914062 25.1041259765625 25.104768753051757812 25.106142044067382812 25.107807159423828125 25.10965728759765625 25.11185455322265625 25.113384246826171875 25.114442825317382812 -9999 -9999 -9999 -9999 -9999 -9999 -9999 -9999 -9999
25.1689300537109375 25.169403076171875 25.1685943603515625 25.162586212158203125 25.1598968505859375 25.1598968505859375 25.157178878784179688 25.157880783081054688 25.170612335205078125 25.178676605224609375 25.179718017578125 25.180002212524414062 25.179262161254882812 25.1748199462890625 25.169492721557617188 25.16387939453125 25.17003631591796875 25.171228408813476562 25.171945571899414062 25.161195755004882812 25.150598526000976562 25.128679275512695312 25.111703872680664062 25.105388641357421875 25.10010528564453125 25.098590850830078125 25.099168777465820312 25.100118637084960938 25.101320266723632812 25.103311538696289062 25.105260848999023438 25.107906341552734375 25.110982894897460938 25.113140106201171875 25.114696502685546875 -9999 -9999 -9999 -9999 -9999 -9999 -9999 -9999 -9999
25.173961639404296875 25.180286407470703125 25.172449111938476562 25.169725418090820312 25.16571807861328125 25.164989471435546875 25.166599273681640625 25.16864013671875 25.185375213623046875 25.183115005493164062 25.17719268798828125 25.177356719970703125 25.1748046875 25.174043655395507812 25.170423507690429688 25.170358657836914062 25.17052459716796875 25.165950775146484375 25.163028717041015625 25.15418243408203125 25.140777587890625 25.119441986083984375 25.109811782836914062 25.09893035888671875 25.096462249755859375 25.095281600952148438 25.098293304443359375 25.098682403564453125 25.101205825805664062 25.1017303466796875 25.102970123291015625 25.106678009033203125 25.1102294921875 25.113765716552734375 25.114551544189453125 25.11655426025390625 -9999 -9999 -9999 -9999 -9999 -9999 -9999 -9999
25.179601669311523438 25.187503814697265625 25.179117202758789062 25.178472518920898438 25.173343658447265625 25.172237396240234375 25.173480987548828125 25.177539825439453125 25.18767547607421875 25.183717727661132812 25.1726531982421875 25.171438217163085938 25.166538238525390625 25.160984039306640625 25.164018630981445312 25.161088943481445312 25.163501739501953125 25.157804489135742188 25.151479721069335938 25.145433425903320312 25.1295013427734375 25.116960525512695312 25.099300384521484375 25.094554901123046875 25.093469619750976562 25.095722198486328125 25.096832275390625 25.098541259765625 25.1003875732421875 25.101720809936523438 25.102914810180664062 25.10636138916015625 25.110034942626953125 25.113092422485351562 25.115480422973632812 25.11649322509765625 -9999 -9999 -9999 -9999 -9999 -9999 -9999 -9999
25.185672760009765625 25.19355010986328125 25.18878173828125 25.192234039306640625 25.187345504760742188 25.18854522705078125 25.180814743041992188 25.185750961303710938 25.190521240234375 25.184492111206054688 25.169506072998046875 25.167018890380859375 25.159763336181640625 25.150997161865234375 25.153009414672851562 25.148639678955078125 25.152191162109375 25.14694976806640625 25.14083099365234375 25.134256362915039062 25.120012283325195312 25.110116958618164062 25.09461212158203125 25.092596054077148438 25.093175888061523438 25.095310211181640625 25.097658157348632812 25.099628448486328125 25.100698471069335938 25.102634429931640625 25.103437423706054688 25.10622406005859375 25.108888626098632812 25.112354278564453125 25.115200042724609375 25.116455078125 25.11667633056640625 -9999 -9999 -9999 -9999 -9999 -9999 -9999
25.195905685424804688 25.202383041381835938 25.199903488159179688 25.201574325561523438 25.199838638305664062 25.201757431030273438 25.196468353271484375 25.195512771606445312 25.1938629150390625 25.182987213134765625 25.1670684814453125 25.163177490234375 25.153873443603515625 25.1461639404296875 25.14295196533203125 25.13570404052734375 25.136533737182617188 25.132287979125976562 25.124788284301757812 25.118450164794921875 25.106151580810546875 25.099828720092773438 25.090778350830078125 25.091245651245117188 25.091583251953125 25.093660354614257812 25.097959518432617188 25.100124359130859375 25.100946426391601562 25.103359222412109375 25.103649139404296875 25.105478286743164062 25.1079864501953125 25.11112213134765625 25.1146087646484375 25.11611175537109375 25.116739273071289062 -9999 -9999 -9999 -9999 -9999 -9999 -9999
25.200714111328125 25.202793121337890625 25.202344894409179688 25.200410842895507812 25.200384140014648438 25.200368881225585938 25.199596405029296875 25.196737289428710938 25.190801620483398438 25.178619384765625 25.163776397705078125 25.160516738891601562 25.152162551879882812 25.146203994750976562 25.14029693603515625 25.134029388427734375 25.130987167358398438 25.126916885375976562 25.123485565185546875 25.112318038940429688 25.102617263793945312 25.093921661376953125 25.092594146728515625 25.091480255126953125 25.091550827026367188 25.095417022705078125 25.097929000854492188 25.100093841552734375 25.1009521484375 25.1034698486328125 25.103618621826171875 25.104818344116210938 25.107677459716796875 25.1107635498046875 25.11367034912109375 25.115802764892578125 25.116733551025390625 25.118459701538085938 -9999 -9999 -9999 -9999 -9999 -9999
25.20496368408203125 25.20742034912109375 25.205850601196289062 25.20247650146484375 25.197843551635742188 25.194183349609375 25.192037582397460938 25.190883636474609375 25.183721542358398438 25.17314910888671875 25.1610107421875 25.158308029174804688 25.151662826538085938 25.146173477172851562 25.140321731567382812 25.13454437255859375 25.130331039428710938 25.124803543090820312 25.12155914306640625 25.1101226806640625 25.10039520263671875 25.092987060546875 25.092288970947265625 25.092746734619140625 25.094747543334960938 25.09679412841796875 25.098161697387695312 25.100345611572265625 25.100921630859375 25.103443145751953125 25.103590011596679688 25.104272842407226562 25.1068115234375 25.109785079956054688 25.113145828247070312 25.115221023559570312 25.116703033447265625 25.118427276611328125 -9999 -9999 -9999 -9999 -9999 -9999
