INPUT/RASTER/ASCII/BIO03.asc
ncols        225
nrows        269
xllcorner    473000.000000000000
yllcorner    4429100.000000000000
cellsize     50.000000000000
NODATA_value -9999
[rows 100 to 119 of 269, columns 45 to 89 of 225]
37.0696563720703125 37.00237274169921875 36.997592926025390625 36.957645416259765625 36.92547607421875 36.94580078125 36.967266082763671875 36.99782562255859375 37.0048828125 37.0211181640625 37.02503204345703125 37.035800933837890625 37.052234649658203125 37.05762481689453125 37.067882537841796875 37.090259552001953125 37.110866546630859375 37.1424560546875 37.1889190673828125 37.213352203369140625 37.22093963623046875 37.2177734375 37.277568817138671875 37.24036407470703125 37.295642852783203125 37.35863494873046875 37.381748199462890625 37.431964874267578125 37.4876556396484375 37.5490570068359375 37.59587860107421875 37.6181640625 37.62335968017578125 37.62435150146484375 37.6149139404296875 37.6286163330078125 37.65032958984375 37.662784576416015625 37.6717987060546875 37.673198699951171875 37.66220855712890625 37.64373779296875 37.6497955322265625 37.66025543212890625 37.670566558837890625
37.117336273193359375 37.058368682861328125 37.03527069091796875 37.00348663330078125 36.973125457763671875 36.970706939697265625 36.9795379638671875 37.011302947998046875 37.017181396484375 37.03821563720703125 37.0412139892578125 37.0419769287109375 37.061382293701171875 37.0715789794921875 37.084369659423828125 37.096691131591796875 37.11257171630859375 37.144008636474609375 37.176555633544921875 37.222301483154296875 37.29071807861328125 37.28636932373046875 37.18914794921875 37.22890472412109375 37.290805816650390625 37.3670196533203125 37.38060760498046875 37.429607391357421875 37.4885101318359375 37.553470611572265625 37.60221099853515625 37.623249053955078125 37.630970001220703125 37.622943878173828125 37.62835693359375 37.655437469482421875 37.658416748046875 37.672153472900390625 37.67327880859375 37.671672821044921875 37.6575164794921875 37.62487030029296875 37.625171661376953125 37.638393402099609375 37.638378143310546875
37.17716217041015625 37.18902587890625 37.10494232177734375 37.04907989501953125 37.0438690185546875 37.00067901611328125 37.00533294677734375 37.031158447265625 37.0422210693359375 37.070522308349609375 37.06977081298828125 37.067020416259765625 37.069164276123046875 37.088047027587890625 37.093379974365234375 37.11020660400390625 37.123744964599609375 37.14141845703125 37.177944183349609375 37.29122161865234375 37.284702301025390625 37.2447509765625 37.190143585205078125 37.212528228759765625 37.261859893798828125 37.336505889892578125 37.3617095947265625 37.41307830810546875 37.4854736328125 37.5556488037109375 37.60489654541015625 37.6343536376953125 37.64376068115234375 37.631122589111328125 37.66568756103515625 37.64989471435546875 37.659786224365234375 37.67404937744140625 37.67989349365234375 37.6687469482421875 37.64154052734375 37.61371612548828125 37.62593841552734375 37.633159637451171875 37.629100799560546875
37.2438812255859375 37.252346038818359375 37.192729949951171875 37.13425445556640625 37.115386962890625 37.034740447998046875 37.036102294921875 37.048152923583984375 37.07387542724609375 37.092639923095703125 37.09824371337890625 37.09377288818359375 37.084690093994140625 37.09966278076171875 37.101001739501953125 37.125232696533203125 37.147289276123046875 37.147396087646484375 37.22890472412109375 37.2501220703125 37.201595306396484375 37.2289581298828125 37.211090087890625 37.218719482421875 37.233600616455078125 37.294769287109375 37.334423065185546875 37.405284881591796875 37.4730377197265625 37.550983428955078125 37.6080474853515625 37.65419769287109375 37.69071197509765625 37.697948455810546875 37.6815185546875 37.673511505126953125 37.67462921142578125 37.66497039794921875 37.63971710205078125 37.6276702880859375 37.605922698974609375 37.597625732421875 37.597110748291015625 37.6110076904296875 37.6110992431640625
37.27561187744140625 37.287563323974609375 37.262660980224609375 37.216732025146484375 37.1782379150390625 37.0794830322265625 37.058319091796875 37.066356658935546875 37.092868804931640625 37.12065887451171875 37.128665924072265625 37.11931610107421875 37.0999298095703125 37.1137237548828125 37.114009857177734375 37.134403228759765625 37.15396881103515625 37.17632293701171875 37.202259063720703125 37.17366790771484375 37.18854522705078125 37.2316741943359375 37.2325592041015625 37.2514190673828125 37.247547149658203125 37.2696990966796875 37.29271697998046875 37.350589752197265625 37.3872833251953125 37.498992919921875 37.564609527587890625 37.677425384521484375 37.741214752197265625 37.7476806640625 37.7208251953125 37.7369537353515625 37.70749664306640625 37.658721923828125 37.594402313232421875 37.57082366943359375 37.53128814697265625 37.558135986328125 37.55335235595703125 37.5692138671875 37.66046142578125
37.257389068603515625 37.292125701904296875 37.306758880615234375 37.29013824462890625 37.248622894287109375 37.127086639404296875 37.090545654296875 37.107807159423828125 37.16064453125 37.188053131103515625 37.16907501220703125 37.14922332763671875 37.13703155517578125 37.156703948974609375 37.150821685791015625 37.18719482421875 37.2829742431640625 37.15093231201171875 37.129245758056640625 37.16725921630859375 37.19164276123046875 37.25029754638671875 37.278827667236328125 37.25806427001953125 37.250701904296875 37.268871307373046875 37.2733917236328125 37.30136871337890625 37.33963775634765625 37.4367523193359375 37.56136322021484375 37.687168121337890625 37.751251220703125 37.75997161865234375 37.757740020751953125 37.7562103271484375 37.730228424072265625 37.668666839599609375 37.591953277587890625 37.55804443359375 37.512065887451171875 37.514698028564453125 37.52440643310546875 37.618907928466796875 37.71714019775390625
37.254131317138671875 37.286449432373046875 37.317523956298828125 37.31987762451171875 37.275112152099609375 37.175792694091796875 37.14450836181640625 37.173130035400390625 37.219463348388671875 37.238555908203125 37.1875457763671875 37.161762237548828125 37.169101715087890625 37.1807403564453125 37.180683135986328125 37.273220062255859375 37.2082672119140625 37.132411956787109375 37.14569091796875 37.18358612060546875 37.2102508544921875 37.27288818359375 37.302333831787109375 37.271087646484375 37.24178314208984375 37.2426910400390625 37.25289154052734375 37.28058624267578125 37.3036346435546875 37.3984222412109375 37.54923248291015625 37.650791168212890625 37.729801177978515625 37.74755096435546875 37.785350799560546875 37.768138885498046875 37.7341461181640625 37.654998779296875 37.612102508544921875 37.543956756591796875 37.486125946044921875 37.484699249267578125 37.62876129150390625 37.668621063232421875 37.716320037841796875
37.266078948974609375 37.290714263916015625 37.330104827880859375 37.347873687744140625 37.318782806396484375 37.2511138916015625 37.23236846923828125 37.263702392578125 37.2826995849609375 37.263362884521484375 37.206020355224609375 37.19080352783203125 37.198429107666015625 37.2576446533203125 37.296764373779296875 37.25336456298828125 37.13437652587890625 37.1432037353515625 37.16777801513671875 37.1991729736328125 37.232677459716796875 37.28937530517578125 37.3319244384765625 37.293346405029296875 37.251529693603515625 37.23841094970703125 37.239849090576171875 37.269702911376953125 37.29680633544921875 37.39862823486328125 37.51727294921875 37.6124267578125 37.705524444580078125 37.7333221435546875 37.7904052734375 37.77086639404296875 37.731719970703125 37.6395111083984375 37.60744476318359375 37.539455413818359375 37.472759246826171875 37.535991668701171875 37.5929718017578125 37.64501953125 37.69393157958984375
37.283435821533203125 37.309352874755859375 37.333858489990234375 37.35904693603515625 37.348388671875 37.322414398193359375 37.30590057373046875 37.313472747802734375 37.3079376220703125 37.281108856201171875 37.22182464599609375 37.2298583984375 37.257518768310546875 37.32958984375 37.3104248046875 37.151432037353515625 37.15122222900390625 37.15985870361328125 37.18286895751953125 37.218471527099609375 37.2421722412109375 37.299407958984375 37.372684478759765625 37.34735107421875 37.290912628173828125 37.256694793701171875 37.254669189453125 37.264987945556640625 37.327915191650390625 37.40746307373046875 37.5037994384765625 37.59696197509765625 37.692966461181640625 37.72719573974609375 37.78685760498046875 37.7669525146484375 37.717403411865234375 37.629486083984375 37.602611541748046875 37.548290252685546875 37.56821441650390625 37.570285797119140625 37.5742645263671875 37.61077117919921875 37.66582489013671875
37.28391265869140625 37.315399169921875 37.33348846435546875 37.351917266845703125 37.356414794921875 37.352695465087890625 37.3412933349609375 37.342121124267578125 37.333648681640625 37.3122711181640625 37.280422210693359375 37.28154754638671875 37.3729095458984375 37.26544952392578125 37.170330047607421875 37.15392303466796875 37.1522674560546875 37.171985626220703125 37.19622802734375 37.228794097900390625 37.253814697265625 37.31268310546875 37.403804779052734375 37.39878082275390625 37.34198760986328125 37.31256103515625 37.31725311279296875 37.344951629638671875 37.382381439208984375 37.441982269287109375 37.527683258056640625 37.613468170166015625 37.69826507568359375 37.73388671875 37.784496307373046875 37.750110626220703125 37.696842193603515625 37.628173828125 37.61542510986328125 37.60277557373046875 37.648956298828125 37.56658935546875 37.5623321533203125 37.58019256591796875 37.60868072509765625
37.29308319091796875 37.30025482177734375 37.330181121826171875 37.35462188720703125 37.366916656494140625 37.37165069580078125 37.36631011962890625 37.37212371826171875 37.3590240478515625 37.382335662841796875 37.377666473388671875 37.387744903564453125 37.364532470703125 37.19905853271484375 37.1690673828125 37.150012969970703125 37.15323638916015625 37.177639007568359375 37.2043304443359375 37.2402191162109375 37.263706207275390625 37.33050537109375 37.425537109375 37.429935455322265625 37.38381195068359375 37.34876251220703125 37.368114471435546875 37.42560577392578125 37.415313720703125 37.47441864013671875 37.55048370361328125 37.62839508056640625 37.70758056640625 37.73651885986328125 37.76416778564453125 37.725616455078125 37.701923370361328125 37.718387603759765625 37.78107452392578125 37.7317352294921875 37.6657562255859375 37.5923614501953125 37.559574127197265625 37.584262847900390625 37.57689666748046875
37.30072784423828125 37.31478118896484375 37.329498291015625 37.355129241943359375 37.38250732421875 37.38631439208984375 37.38636016845703125 37.413593292236328125 37.415531158447265625 37.509029388427734375 37.507228851318359375 37.41233062744140625 37.269481658935546875 37.18186187744140625 37.1520843505859375 37.150524139404296875 37.15883636474609375 37.176410675048828125 37.20276641845703125 37.257892608642578125 37.29228973388671875 37.35759735107421875 37.4510955810546875 37.4911041259765625 37.448223114013671875 37.4461822509765625 37.451221466064453125 37.46553802490234375 37.490779876708984375 37.541561126708984375 37.575679779052734375 37.6322479248046875 37.6973724365234375 37.72342681884765625 37.72308349609375 37.692913055419921875 37.806488037109375 37.798736572265625 37.78427886962890625 37.745677947998046875 37.699859619140625 37.650493621826171875 37.62701416015625 37.646564483642578125 37.630062103271484375
37.306850433349609375 37.31867218017578125 37.343029022216796875 37.38459014892578125 37.393894195556640625 37.398403167724609375 37.41666412353515625 37.465671539306640625 37.48944091796875 37.55527496337890625 37.45864105224609375 37.346221923828125 37.28376007080078125 37.18654632568359375 37.16153717041015625 37.150455474853515625 37.161693572998046875 37.184574127197265625 37.21091461181640625 37.27095794677734375 37.30403900146484375 37.37322235107421875 37.47266387939453125 37.51558685302734375 37.515071868896484375 37.48546600341796875 37.486248016357421875 37.485980987548828125 37.50394439697265625 37.57956695556640625 37.61712646484375 37.66559600830078125 37.68769073486328125 37.697422027587890625 37.75374603271484375 37.77033233642578125 37.827594757080078125 37.79698944091796875 37.785430908203125 37.762477874755859375 37.7286224365234375 37.694976806640625 37.67691802978515625 37.659862518310546875 37.660678863525390625
37.44176483154296875 37.32540130615234375 37.36066436767578125 37.39005279541015625 37.403472900390625 37.406795501708984375 37.43828582763671875 37.54824066162109375 37.553455352783203125 37.488475799560546875 37.415679931640625 37.36571502685546875 37.299289703369140625 37.228057861328125 37.186492919921875 37.16009521484375 37.16707611083984375 37.198795318603515625 37.226146697998046875 37.28362274169921875 37.3158111572265625 37.380970001220703125 37.470855712890625 37.53299713134765625 37.59880828857421875 37.53018951416015625 37.530971527099609375 37.5176849365234375 37.529010772705078125 37.61688995361328125 37.656219482421875 37.69818878173828125 37.711032867431640625 37.701877593994140625 37.823394775390625 37.83307647705078125 37.814052581787109375 37.7934417724609375 37.789424896240234375 37.769611358642578125 37.741302490234375 37.714122772216796875 37.6895294189453125 37.67331695556640625 37.676197052001953125
37.582275390625 37.6327972412109375 37.4070892333984375 37.40654754638671875 37.410732269287109375 37.42962646484375 37.52484130859375 37.540874481201171875 37.466655731201171875 37.43279266357421875 37.418773651123046875 37.39881134033203125 37.32154083251953125 37.253940582275390625 37.20592498779296875 37.179286956787109375 37.1841583251953125 37.207317352294921875 37.2398529052734375 37.2994384765625 37.329067230224609375 37.39847564697265625 37.438365936279296875 37.566162109375 37.6472930908203125 37.6149444580078125 37.593280792236328125 37.56641387939453125 37.5900726318359375 37.64166259765625 37.695526123046875 37.726806640625 37.794769287109375 37.820346832275390625 37.79631805419921875 37.775279998779296875 37.787715911865234375 37.79534912109375 37.795074462890625 37.784381866455078125 37.750396728515625 37.730602264404296875 37.691455841064453125 37.67906951904296875 37.67815399169921875
37.6365203857421875 37.661220550537109375 37.573062896728515625 37.422969818115234375 37.42368316650390625 37.49810028076171875 37.53601837158203125 37.460651397705078125 37.393047332763671875 37.40372467041015625 37.425144195556640625 37.40850067138671875 37.336696624755859375 37.30771636962890625 37.25901031494140625 37.207073211669921875 37.218898773193359375 37.2267303466796875 37.2525634765625 37.290283203125 37.3238067626953125 37.375217437744140625 37.463901519775390625 37.53427886962890625 37.644794464111328125 37.66014862060546875 37.637912750244140625 37.61605072021484375 37.631641387939453125 37.669342041015625 37.741992950439453125 37.802669525146484375 37.8685150146484375 37.819484710693359375 37.78246307373046875 37.744518280029296875 37.75283050537109375 37.78430938720703125 37.78289794921875 37.801746368408203125 37.792034149169921875 37.747074127197265625 37.697048187255859375 37.6703948974609375 37.670444488525390625
37.667278289794921875 37.689731597900390625 37.680469512939453125 37.5741424560546875 37.490234375 37.54117584228515625 37.4699859619140625 37.401950836181640625 37.398593902587890625 37.40148162841796875 37.415409088134765625 37.40969085693359375 37.347076416015625 37.308193206787109375 37.284381866455078125 37.234828948974609375 37.243785858154296875 37.251277923583984375 37.2704010009765625 37.2927398681640625 37.316402435302734375 37.389286041259765625 37.464733123779296875 37.51552581787109375 37.626491546630859375 37.6922760009765625 37.67981719970703125 37.65181732177734375 37.67510223388671875 37.727931976318359375 37.908611297607421875 37.871337890625 37.86008453369140625 37.80970001220703125 37.78530120849609375 37.77812957763671875 37.741458892822265625 37.733062744140625 37.7501678466796875 37.765106201171875 37.770809173583984375 37.749637603759765625 37.69965362548828125 37.53545379638671875 37.48455810546875
37.7188262939453125 37.733013153076171875 37.721469879150390625 37.54071044921875 37.533374786376953125 37.45207977294921875 37.41485595703125 37.408603668212890625 37.412258148193359375 37.409824371337890625 37.406986236572265625 37.386119842529296875 37.318462371826171875 37.273548126220703125 37.2767791748046875 37.27664947509765625 37.305858612060546875 37.2968902587890625 37.3043670654296875 37.34101104736328125 37.379245758056640625 37.403087615966796875 37.46710205078125 37.53143310546875 37.634502410888671875 37.725635528564453125 37.729396820068359375 37.7219390869140625 37.8208465576171875 37.871303558349609375 37.93597412109375 37.894378662109375 37.86925506591796875 37.836025238037109375 37.802593231201171875 37.782314300537109375 37.7574920654296875 37.76702880859375 37.770793914794921875 37.7417449951171875 37.7399444580078125 37.749176025390625 37.705928802490234375 37.46079254150390625 37.38317108154296875
37.7494964599609375 37.758251190185546875 37.61913299560546875 37.569580078125 37.557117462158203125 37.498813629150390625 37.42699432373046875 37.42237091064453125 37.42075347900390625 37.40785980224609375 37.3938140869140625 37.38446044921875 37.320209503173828125 37.28122711181640625 37.285877227783203125 37.305393218994140625 37.32990264892578125 37.32586669921875 37.347545623779296875 37.3803558349609375 37.3935546875 37.41495513916015625 37.467803955078125 37.54193115234375 37.6441802978515625 37.7194061279296875 37.737628936767578125 37.800876617431640625 37.9405364990234375 37.950031280517578125 37.97193145751953125 37.923343658447265625 37.902729034423828125 37.88066864013671875 37.82749176025390625 37.8038330078125 37.784633636474609375 37.831085205078125 37.82720184326171875 37.74747467041015625 37.72476959228515625 37.737506866455078125 37.56348419189453125 37.423969268798828125 37.421039581298828125
37.741039276123046875 37.58725738525390625 37.601558685302734375 37.5966796875 37.57131195068359375 37.53673553466796875 37.474224090576171875 37.41606903076171875 37.41117095947265625 37.395549774169921875 37.377712249755859375 37.365573883056640625 37.331714630126953125 37.303829193115234375 37.297374725341796875 37.336322784423828125 37.35793304443359375 37.36228179931640625 37.397472381591796875 37.399837493896484375 37.4096832275390625 37.434070587158203125 37.48516845703125 37.544830322265625 37.63658905029296875 37.715038299560546875 37.7406158447265625 37.923198699951171875 37.97289276123046875 37.987178802490234375 37.9803009033203125 37.953125 37.94345855712890625 37.91712188720703125 37.858280181884765625 37.83446502685546875 37.846569061279296875 37.8588714599609375 37.8379058837890625 37.75879669189453125 37.737895965576171875 37.682445526123046875 37.42021942138671875 37.416210174560546875 37.427104949951171875
