INPUT/RASTER/ASCII/BIO07.asc
ncols        225
nrows        269
xllcorner    473009.983799999987
yllcorner    4429051.174800000153
cellsize     50.000000000000
NODATA_value -9999
[rows 228 to 246 of 269, columns 168 to 209 of 225]
27.441186904907226563 27.374149322509765625 27.287078857421875 27.180711746215820313 27.098480224609375 27.072723388671875 27.069635391235351563 27.069017410278320313 27.06548309326171875 27.059329986572265625 27.057003021240234375 27.057340621948242188 27.058574676513671875 27.062038421630859375 27.066808700561523438 27.073858261108398438 27.083665847778320313 27.09113311767578125 27.092466354370117188 27.0869903564453125 27.0803680419921875 27.073450088500976563 27.067676544189453125 27.06243896484375 27.059629440307617188 27.056753158569335938 27.0546722412109375 27.05367279052734375 27.052721023559570313 27.05448150634765625 27.056430816650390625 27.0609893798828125 27.071256637573242188 27.0887451171875 27.098812103271484375 -9999 -9999 -9999 -9999 -9999 -9999 -9999
27.465955734252929688 27.367292404174804688 27.26702117919921875 27.16432952880859375 27.096027374267578125 27.076107025146484375 27.073246002197265625 27.072505950927734375 27.070201873779296875 27.06891632080078125 27.071836471557617188 27.074270248413085938 27.076934814453125 27.082223892211914063 27.089277267456054688 27.0972747802734375 27.1038818359375 27.106729507446289063 27.102489471435546875 27.091150283813476563 27.0833892822265625 27.076564788818359375 27.07114410400390625 27.066858291625976563 27.06427764892578125 27.061761856079101563 27.0605010986328125 27.06011199951171875 27.059259414672851563 27.060640335083007813 27.06204986572265625 27.06526947021484375 27.072843551635742188 27.082927703857421875 27.098461151123046875 -9999 -9999 -9999 -9999 -9999 -9999 -9999
27.489347457885742188 27.360006332397460938 27.229536056518554688 27.134546279907226563 27.088451385498046875 27.078565597534179688 27.076974868774414063 27.075927734375 27.075258255004882813 27.0783233642578125 27.084529876708984375 27.088277816772460938 27.092103958129882813 27.099208831787109375 27.110010147094726563 27.119182586669921875 27.119741439819335938 27.116947174072265625 27.109056472778320313 27.09491729736328125 27.088235855102539063 27.083316802978515625 27.077966690063476563 27.07340240478515625 27.070695877075195313 27.067796707153320313 27.066350936889648438 27.065896987915039063 27.065593719482421875 27.066423416137695313 27.06745147705078125 27.069515228271484375 27.073520660400390625 27.076826095581054688 -9999 -9999 -9999 -9999 -9999 -9999 -9999 -9999
27.502099990844726563 27.355686187744140625 27.206623077392578125 27.117280960083007813 27.0863189697265625 27.081623077392578125 27.081315994262695313 27.081350326538085938 27.082406997680664063 27.0878143310546875 27.094217300415039063 27.09804534912109375 27.10286712646484375 27.110738754272460938 27.121585845947265625 27.128767013549804688 27.126689910888671875 27.12160491943359375 27.113447189331054688 27.100851058959960938 27.095617294311523438 27.091405868530273438 27.085752487182617188 27.080810546875 27.07794952392578125 27.074262619018554688 27.071298599243164063 27.069753646850585938 27.069414138793945313 27.070695877075195313 27.072185516357421875 27.072971343994140625 27.073062896728515625 -9999 -9999 -9999 -9999 -9999 -9999 -9999 -9999 -9999
27.4822235107421875 27.349002838134765625 27.211483001708984375 27.122344970703125 27.091766357421875 27.086992263793945313 27.087795257568359375 27.0903472900390625 27.093271255493164063 27.09844207763671875 27.102991104125976563 27.106176376342773438 27.111104965209960938 27.119325637817382813 27.12807464599609375 27.13115692138671875 27.127607345581054688 27.122201919555664063 27.115201950073242188 27.105770111083984375 27.101289749145507813 27.09716796875 27.091411590576171875 27.086584091186523438 27.083667755126953125 27.0793914794921875 27.075225830078125 27.072477340698242188 27.07170867919921875 27.073022842407226563 27.074352264404296875 27.074949264526367188 -9999 -9999 -9999 -9999 -9999 -9999 -9999 -9999 -9999 -9999
27.43540191650390625 27.338647842407226563 27.23291778564453125 27.140567779541015625 27.100435256958007813 27.093658447265625 27.09560394287109375 27.1002960205078125 27.104679107666015625 27.108747482299804688 27.11102294921875 27.11341094970703125 27.118864059448242188 27.128026962280273438 27.134185791015625 27.132549285888671875 27.12715911865234375 27.121488571166992188 27.115526199340820313 27.107936859130859375 27.103143692016601563 27.098535537719726563 27.09329986572265625 27.089574813842773438 27.087038040161132813 27.0829315185546875 27.078588485717773438 27.075237274169921875 27.073938369750976563 27.074476242065429688 27.074964523315429688 27.075328826904296875 -9999 -9999 -9999 -9999 -9999 -9999 -9999 -9999 -9999 -9999
27.376337051391601563 27.323530197143554688 27.249856948852539063 27.15702056884765625 27.1105499267578125 27.10179901123046875 27.103855133056640625 27.108837127685546875 27.113779067993164063 27.1168975830078125 27.118043899536132813 27.121023178100585938 27.1287384033203125 27.139818191528320313 27.143070220947265625 27.135786056518554688 27.127550125122070313 27.12117767333984375 27.115777969360351563 27.108602523803710938 27.10162353515625 27.094911575317382813 27.090311050415039063 27.088390350341796875 27.086912155151367188 27.083827972412109375 27.08062744140625 27.078069686889648438 27.076478958129882813 27.07588958740234375 27.075450897216796875 27.075067520141601563 -9999 -9999 -9999 -9999 -9999 -9999 -9999 -9999 -9999 -9999
27.315090179443359375 27.29151153564453125 27.24747467041015625 27.172527313232421875 27.129362106323242188 27.11522674560546875 27.113979339599609375 27.116458892822265625 27.120870590209960938 27.123638153076171875 27.125980377197265625 27.130189895629882813 27.1397705078125 27.153301239013671875 27.1531524658203125 27.140377044677734375 27.1297454833984375 27.123779296875 27.118616104125976563 27.11019134521484375 27.101324081420898438 27.0922088623046875 27.086477279663085938 27.085351943969726563 27.0851287841796875 27.083530426025390625 27.08116912841796875 27.078998565673828125 27.077968597412109375 27.077470779418945313 27.075748443603515625 -9999 -9999 -9999 -9999 -9999 -9999 -9999 -9999 -9999 -9999 -9999
27.2842254638671875 27.252157211303710938 27.246717453002929688 27.206089019775390625 27.160175323486328125 27.134525299072265625 27.126298904418945313 27.124303817749023438 27.127317428588867188 27.130628585815429688 27.134380340576171875 27.138469696044921875 27.14679718017578125 27.163202285766601563 27.160200119018554688 27.14237213134765625 27.13127899169921875 27.12610626220703125 27.121006011962890625 27.113145828247070313 27.105182647705078125 27.0965423583984375 27.089101791381835938 27.08629608154296875 27.085683822631835938 27.084804534912109375 27.082889556884765625 27.080717086791992188 27.079919815063476563 -9999 -9999 -9999 -9999 -9999 -9999 -9999 -9999 -9999 -9999 -9999 -9999 -9999
27.29888916015625 27.2417449951171875 27.236063003540039063 27.228872299194335938 27.1858367919921875 27.152147293090820313 27.136178970336914063 27.130804061889648438 27.13291168212890625 27.135669708251953125 27.13953399658203125 27.143938064575195313 27.15326690673828125 27.1718902587890625 27.165334701538085938 27.143861770629882813 27.132757186889648438 27.127353668212890625 27.122913360595703125 27.116582870483398438 27.110342025756835938 27.10277557373046875 27.094373703002929688 27.089570999145507813 27.088441848754882813 27.0879974365234375 27.08620452880859375 27.083929061889648438 27.080959320068359375 -9999 -9999 -9999 -9999 -9999 -9999 -9999 -9999 -9999 -9999 -9999 -9999 -9999
27.316495895385742188 27.253633499145507813 27.22049713134765625 27.216791152954101563 27.200193405151367188 27.173358917236328125 27.147539138793945313 27.139039993286132813 27.140445709228515625 27.142301559448242188 27.14670562744140625 27.152151107788085938 27.163846969604492188 27.181575775146484375 27.167919158935546875 27.144952774047851563 27.134477615356445313 27.129369735717773438 27.125490188598632813 27.120258331298828125 27.11537933349609375 27.109235763549804688 27.101408004760742188 27.095560073852539063 27.093973159790039063 27.093114852905273438 27.090658187866210938 27.088006973266601563 -9999 -9999 -9999 -9999 -9999 -9999 -9999 -9999 -9999 -9999 -9999 -9999 -9999 -9999
27.333448410034179688 27.272581100463867188 27.221561431884765625 27.187519073486328125 27.182527542114257813 27.17639923095703125 27.156164169311523438 27.147714614868164063 27.149240493774414063 27.151885986328125 27.157217025756835938 27.163875579833984375 27.178831100463867188 27.190248489379882813 27.168361663818359375 27.146234512329101563 27.136960983276367188 27.132354736328125 27.128824234008789063 27.124345779418945313 27.12004852294921875 27.114423751831054688 27.107793807983398438 27.10239410400390625 27.100324630737304688 27.098535537719726563 27.095266342163085938 27.0907440185546875 -9999 -9999 -9999 -9999 -9999 -9999 -9999 -9999 -9999 -9999 -9999 -9999 -9999 -9999
27.358343124389648438 27.301317214965820313 27.242351531982421875 27.186811447143554688 27.15570068359375 27.153501510620117188 27.14762115478515625 27.14914703369140625 27.157209396362304688 27.163984298706054688 27.172222137451171875 27.180204391479492188 27.196191787719726563 27.196567535400390625 27.16854095458984375 27.148797988891601563 27.140316009521484375 27.13584136962890625 27.1325225830078125 27.128473281860351563 27.123876571655273438 27.115831375122070313 27.108602523803710938 27.104013442993164063 27.101715087890625 27.1008758544921875 27.098669052124023438 27.097425460815429688 -9999 -9999 -9999 -9999 -9999 -9999 -9999 -9999 -9999 -9999 -9999 -9999 -9999 -9999
27.400959014892578125 27.347888946533203125 27.283435821533203125 27.228979110717773438 27.183584213256835938 27.158477783203125 27.129978179931640625 27.139905929565429688 27.1610870361328125 27.176824569702148438 27.191104888916015625 27.198541641235351563 27.20754241943359375 27.196971893310546875 27.167680740356445313 27.148595809936523438 27.139974594116210938 27.135362625122070313 27.132045745849609375 27.128238677978515625 27.122722625732421875 27.110200881958007813 27.100582122802734375 27.096035003662109375 27.093326568603515625 27.095777511596679688 27.101922988891601563 -9999 -9999 -9999 -9999 -9999 -9999 -9999 -9999 -9999 -9999 -9999 -9999 -9999 -9999 -9999
27.44840240478515625 27.396831512451171875 27.33048248291015625 27.283704757690429688 27.243394851684570313 27.209772109985351563 27.156091690063476563 27.134645462036132813 27.157501220703125 27.186414718627929688 27.20476531982421875 27.207777023315429688 27.20256805419921875 27.1821136474609375 27.153436660766601563 27.135713577270507813 27.127035140991210938 27.122377395629882813 27.119274139404296875 27.115430831909179688 27.11119842529296875 27.104328155517578125 27.097501754760742188 27.092103958129882813 27.0896148681640625 27.086210250854492188 -9999 -9999 -9999 -9999 -9999 -9999 -9999 -9999 -9999 -9999 -9999 -9999 -9999 -9999 -9999 -9999
27.481065750122070313 27.430238723754882813 27.372571945190429688 27.322790145874023438 27.278753280639648438 27.248065948486328125 27.2026214599609375 27.15228271484375 27.131679534912109375 27.1714935302734375 27.196821212768554688 27.200275421142578125 27.195905685424804688 27.177183151245117188 27.15059661865234375 27.1326446533203125 27.124139785766601563 27.119632720947265625 27.116537094116210938 27.112489700317382813 27.109483718872070313 27.105947494506835938 27.099729537963867188 27.093273162841796875 27.090791702270507813 -9999 -9999 -9999 -9999 -9999 -9999 -9999 -9999 -9999 -9999 -9999 -9999 -9999 -9999 -9999 -9999 -9999
27.489248275756835938 27.442073822021484375 27.394306182861328125 27.341966629028320313 27.295537948608398438 27.26633453369140625 27.22669219970703125 27.178623199462890625 27.121877670288085938 27.143863677978515625 27.188385009765625 27.19846343994140625 27.194896697998046875 27.177469253540039063 27.153705596923828125 27.136270523071289063 27.127410888671875 27.122632980346679688 27.118633270263671875 27.114276885986328125 27.111608505249023438 27.108638763427734375 27.103288650512695313 27.095678329467773438 -9999 -9999 -9999 -9999 -9999 -9999 -9999 -9999 -9999 -9999 -9999 -9999 -9999 -9999 -9999 -9999 -9999 -9999
27.496707916259765625 27.452203750610351563 27.408512115478515625 27.35437774658203125 27.305719375610351563 27.275083541870117188 27.231683731079101563 27.183660507202148438 27.127227783203125 27.1153411865234375 27.166040420532226563 27.1937255859375 27.194549560546875 27.17723846435546875 27.155508041381835938 27.140047073364257813 27.131048202514648438 27.125703811645507813 27.120882034301757813 27.1163787841796875 27.114336013793945313 27.112691879272460938 27.107677459716796875 27.105724334716796875 -9999 -9999 -9999 -9999 -9999 -9999 -9999 -9999 -9999 -9999 -9999 -9999 -9999 -9999 -9999 -9999 -9999 -9999
27.499109268188476563 27.452966690063476563 27.413494110107421875 27.363616943359375 27.31647491455078125 27.282806396484375 27.229284286499023438 27.174468994140625 27.12232208251953125 27.101043701171875 27.13393402099609375 27.170831680297851563 27.18582916259765625 27.175848007202148438 27.157634735107421875 27.144634246826171875 27.136325836181640625 27.130479812622070313 27.124780654907226563 27.1206512451171875 27.119083404541015625 27.118341445922851563 27.1179656982421875 -9999 -9999 -9999 -9999 -9999 -9999 -9999 -9999 -9999 -9999 -9999 -9999 -9999 -9999 -9999 -9999 -9999 -9999 -9999
