INPUT/RASTER/ASCII/BIO06.asc
ncols        225
nrows        269
xllcorner    473000.000000000000
yllcorner    4429100.000000000000
cellsize     50.000000000000
NODATA_value -9999
[rows 180 to 199 of 269, columns 132 to 175 of 225]
5.2490658760070800781 5.257923126220703125 5.2676668167114257812 5.2741074562072753906 5.2766699790954589844 5.2768778800964355469 5.2766404151916503906 5.2757925987243652344 5.2746796607971191406 5.2735877037048339844 5.272144317626953125 5.2718296051025390625 5.2708420753479003906 5.2695651054382324219 5.2681875228881835938 5.2664098739624023438 5.2653584480285644531 5.2639298439025878906 5.2631549835205078125 5.2621626853942871094 5.2608022689819335938 5.2592630386352539062 5.2549300193786621094 5.2503824234008789062 5.2474069595336914062 5.2445087432861328125 5.2433133125305175781 5.2446374893188476562 5.2450237274169921875 5.246158599853515625 5.2465596199035644531 5.2468347549438476562 5.2465801239013671875 5.2461590766906738281 5.2441310882568359375 5.2418642044067382812 5.240734100341796875 5.238071441650390625 5.2361989021301269531 5.2341599464416503906 5.2325906753540039062 5.2312226295471191406 5.2304449081420898438 5.2303476333618164062
5.2496938705444335938 5.2569260597229003906 5.2663216590881347656 5.2726883888244628906 5.2755117416381835938 5.2763781547546386719 5.2762470245361328125 5.2753276824951171875 5.2740302085876464844 5.2727508544921875 5.2712564468383789062 5.2709360122680664062 5.2701687812805175781 5.2691321372985839844 5.2674841880798339844 5.2651948928833007812 5.2636008262634277344 5.2617282867431640625 5.2608590126037597656 5.2596292495727539062 5.2585659027099609375 5.25757598876953125 5.2541799545288085938 5.250244140625 5.2478389739990234375 5.2454624176025390625 5.2447652816772460938 5.24524688720703125 5.2456541061401367188 5.2463240623474121094 5.24646759033203125 5.2464871406555175781 5.246006011962890625 5.245204925537109375 5.2434325218200683594 5.2413477897644042969 5.2401757240295410156 5.2374181747436523438 5.2355051040649414062 5.2332205772399902344 5.2315196990966796875 5.2301959991455078125 5.22940826416015625 5.2292108535766601562
5.2563619613647460938 5.2582640647888183594 5.2636356353759765625 5.2696270942687988281 5.2737627029418945312 5.2755799293518066406 5.2754316329956054688 5.2736639976501464844 5.271930694580078125 5.2705097198486328125 5.2691555023193359375 5.2688393592834472656 5.2688021659851074219 5.2678518295288085938 5.2646584510803222656 5.2599349021911621094 5.2558627128601074219 5.251827239990234375 5.2509250640869140625 5.2491359710693359375 5.2514743804931640625 5.2515902519226074219 5.2499613761901855469 5.2474069595336914062 5.2454428672790527344 5.2433042526245117188 5.2435374259948730469 5.2451381683349609375 5.2458176612854003906 5.2461910247802734375 5.2461028099060058594 5.24576568603515625 5.2446727752685546875 5.2436299324035644531 5.2418932914733886719 5.2401647567749023438 5.2391896247863769531 5.236850738525390625 5.2346320152282714844 5.2321181297302246094 5.2306346893310546875 5.2294259071350097656 5.2289562225341796875 5.2286138534545898438
5.2621483802795410156 5.2609047889709472656 5.2636742591857910156 5.2686138153076171875 5.2730736732482910156 5.2750859260559082031 5.2748956680297851562 5.272674560546875 5.27103424072265625 5.2697663307189941406 5.2688608169555664062 5.2687335014343261719 5.2683997154235839844 5.2669658660888671875 5.2625975608825683594 5.255542755126953125 5.2472863197326660156 5.2395586967468261719 5.2401719093322753906 5.2399048805236816406 5.2458343505859375 5.2471976280212402344 5.2460598945617675781 5.2446584701538085938 5.2427587509155273438 5.2414140701293945312 5.2425413131713867188 5.2448167800903320312 5.2456455230712890625 5.2459874153137207031 5.2459440231323242188 5.2453293800354003906 5.244235992431640625 5.24294281005859375 5.240955352783203125 5.239376068115234375 5.2384886741638183594 5.2365179061889648438 5.2344412803649902344 5.2316956520080566406 5.2300176620483398438 5.2288227081298828125 5.2283344268798828125 5.2282762527465820312
5.2680659294128417969 5.2646999359130859375 5.2658777236938476562 5.2688055038452148438 5.2726912498474121094 5.2746491432189941406 5.27429962158203125 5.2716488838195800781 5.270359039306640625 5.2694940567016601562 5.2689433097839355469 5.268726348876953125 5.2678232192993164062 5.2659592628479003906 5.2608199119567871094 5.2516393661499023438 5.2396364212036132812 5.2289757728576660156 5.2285709381103515625 5.2310690879821777344 5.2396745681762695312 5.2420415878295898438 5.2417016029357910156 5.2410211563110351562 5.2392640113830566406 5.2391939163208007812 5.2417931556701660156 5.244419097900390625 5.2451901435852050781 5.2454180717468261719 5.2455224990844726562 5.2448506355285644531 5.2436289787292480469 5.2422785758972167969 5.2403230667114257812 5.23882293701171875 5.2378606796264648438 5.2361006736755371094 5.2338356971740722656 5.2313199043273925781 5.2297077178955078125 5.2282624244689941406 5.2280240058898925781 5.2276606559753417969
5.2738370895385742188 5.270263671875 5.2700891494750976562 5.2699832916259765625 5.2728700637817382812 5.2741742134094238281 5.2737374305725097656 5.2708239555358886719 5.2698316574096679688 5.2694411277770996094 5.2688436508178710938 5.2682900428771972656 5.2669525146484375 5.2649703025817871094 5.259521484375 5.249950408935546875 5.2385954856872558594 5.2286615371704101562 5.2265377044677734375 5.2265028953552246094 5.2340359687805175781 5.2362818717956542969 5.2365789413452148438 5.2371835708618164062 5.2362060546875 5.2380456924438476562 5.2415528297424316406 5.244022369384765625 5.2447504997253417969 5.2449440956115722656 5.2449707984924316406 5.2442498207092285156 5.2430658340454101562 5.2416195869445800781 5.2396388053894042969 5.2381997108459472656 5.2371654510498046875 5.2354736328125 5.2332792282104492188 5.2310075759887695312 5.2293872833251953125 5.2279691696166992188 5.2277002334594726562 5.2270965576171875
5.2777276039123535156 5.2752900123596191406 5.2741885185241699219 5.2723779678344726562 5.273731231689453125 5.273632049560546875 5.27288818359375 5.2700958251953125 5.2695646286010742188 5.269222259521484375 5.2682819366455078125 5.2671084403991699219 5.2656450271606445312 5.2640256881713867188 5.2583575248718261719 5.2498025894165039062 5.2394213676452636719 5.2298731803894042969 5.2277441024780273438 5.2253870964050292969 5.227870941162109375 5.2299427986145019531 5.2318158149719238281 5.2333698272705078125 5.2339100837707519531 5.2373933792114257812 5.2416243553161621094 5.2436718940734863281 5.2441740036010742188 5.2442760467529296875 5.2443532943725585938 5.2436199188232421875 5.24265289306640625 5.2409701347351074219 5.2388730049133300781 5.237506866455078125 5.2362723350524902344 5.234569549560546875 5.2323689460754394531 5.2304625511169433594 5.22928619384765625 5.2277960777282714844 5.2273650169372558594 5.2267818450927734375
5.279094696044921875 5.2776651382446289062 5.2761125564575195312 5.27480316162109375 5.2734460830688476562 5.2734460830688476562 5.271030426025390625 5.2694759368896484375 5.2691941261291503906 5.2687540054321289062 5.2661728858947753906 5.2651586532592773438 5.2635836601257324219 5.2625584602355957031 5.2566494941711425781 5.2491779327392578125 5.2388162612915039062 5.2290019989013671875 5.2278652191162109375 5.2250885963439941406 5.2255377769470214844 5.2269186973571777344 5.2290220260620117188 5.2316336631774902344 5.2328610420227050781 5.2376651763916015625 5.2413988113403320312 5.2433099746704101562 5.2432851791381835938 5.2434201240539550781 5.2437272071838378906 5.2427248954772949219 5.2419676780700683594 5.2397379875183105469 5.2375216484069824219 5.2366094589233398438 5.2348418235778808594 5.23358154296875 5.2313108444213867188 5.229701995849609375 5.229015350341796875 5.2274341583251953125 5.2270169258117675781 5.2264924049377441406
5.2758474349975585938 5.2724895477294921875 5.2736420631408691406 5.2709522247314453125 5.2716183662414550781 5.2711720466613769531 5.2701158523559570312 5.2689394950866699219 5.268390655517578125 5.2674040794372558594 5.2613940238952636719 5.2615537643432617188 5.2591485977172851562 5.2564663887023925781 5.2529964447021484375 5.2452511787414550781 5.2348165512084960938 5.22845458984375 5.2270612716674804688 5.2252397537231445312 5.225494384765625 5.2262978553771972656 5.2271986007690429688 5.2297129631042480469 5.230831146240234375 5.2364225387573242188 5.24080657958984375 5.2417917251586914062 5.2423005104064941406 5.2424802780151367188 5.2423644065856933594 5.2417020797729492188 5.2400527000427246094 5.2377614974975585938 5.2362957000732421875 5.23442840576171875 5.2337369918823242188 5.2317600250244140625 5.2301154136657714844 5.2291851043701171875 5.2280898094177246094 5.2271523475646972656 5.2265343666076660156 5.2262511253356933594
5.2713212966918945312 5.2687487602233886719 5.2689418792724609375 5.2676420211791992188 5.2691645622253417969 5.2688059806823730469 5.2692365646362304688 5.2684841156005859375 5.2678446769714355469 5.2656612396240234375 5.2581424713134765625 5.2568526268005371094 5.251743316650390625 5.2471189498901367188 5.246501922607421875 5.2391719818115234375 5.2343997955322265625 5.2290539741516113281 5.227970123291015625 5.2256865501403808594 5.2253785133361816406 5.2258009910583496094 5.2267351150512695312 5.2278733253479003906 5.2302966117858886719 5.2346792221069335938 5.2390909194946289062 5.24002838134765625 5.2413034439086914062 5.2416486740112304688 5.241245269775390625 5.2409505844116210938 5.2391414642333984375 5.237529754638671875 5.235210418701171875 5.2335219383239746094 5.232944488525390625 5.2312655448913574219 5.2299818992614746094 5.2286591529846191406 5.22771453857421875 5.2268218994140625 5.2263665199279785156 5.2262363433837890625
5.2669744491577148438 5.2642655372619628906 5.2643365859985351562 5.2640137672424316406 5.2666063308715820312 5.2667999267578125 5.2678680419921875 5.2678899765014648438 5.2671518325805664062 5.2638735771179199219 5.2547054290771484375 5.2525563240051269531 5.2459578514099121094 5.2406597137451171875 5.2403550148010253906 5.235431671142578125 5.2324509620666503906 5.2287349700927734375 5.2279081344604492188 5.2256956100463867188 5.2249670028686523438 5.2251033782958984375 5.2253222465515136719 5.2271223068237304688 5.2285647392272949219 5.2328882217407226562 5.2374935150146484375 5.2388291358947753906 5.2401385307312011719 5.2405505180358886719 5.2401971817016601562 5.2402005195617675781 5.238681793212890625 5.2371525764465332031 5.2348799705505371094 5.2335386276245117188 5.2327632904052734375 5.231380462646484375 5.2300190925598144531 5.2288045883178710938 5.2278585433959960938 5.2268490791320800781 5.2269005775451660156 5.2265715599060058594
5.2628855705261230469 5.260364532470703125 5.2599468231201171875 5.2607603073120117188 5.2644414901733398438 5.265346527099609375 5.2667522430419921875 5.2672553062438964844 5.2663736343383789062 5.262165069580078125 5.2521734237670898438 5.2490673065185546875 5.2410483360290527344 5.2364497184753417969 5.2357268333435058594 5.2328968048095703125 5.2305841445922851562 5.2282190322875976562 5.2273797988891601562 5.225620269775390625 5.2246608734130859375 5.2242293357849121094 5.2241206169128417969 5.225467681884765625 5.2268614768981933594 5.23149871826171875 5.2362132072448730469 5.2376117706298828125 5.2387862205505371094 5.2393321990966796875 5.23912811279296875 5.2393293380737304688 5.2382607460021972656 5.2370276451110839844 5.235233306884765625 5.2340493202209472656 5.2331037521362304688 5.2315759658813476562 5.2304377555847167969 5.2292466163635253906 5.2279748916625976562 5.2270755767822265625 5.22722625732421875 5.2270498275756835938
5.2605013847351074219 5.2586646080017089844 5.2575392723083496094 5.2598237991333007812 5.2636656761169433594 5.264904022216796875 5.266368865966796875 5.2669124603271484375 5.2655277252197265625 5.2607879638671875 5.251155853271484375 5.2474346160888671875 5.2386107444763183594 5.2356042861938476562 5.2338662147521972656 5.2319331169128417969 5.2298593521118164062 5.2277646064758300781 5.227069854736328125 5.2252368927001953125 5.2241187095642089844 5.2237825393676757812 5.2236766815185546875 5.2247776985168457031 5.2260375022888183594 5.2307314872741699219 5.2354855537414550781 5.2367982864379882812 5.2375340461730957031 5.2380886077880859375 5.23798370361328125 5.2381505966186523438 5.2374668121337890625 5.2367992401123046875 5.2354536056518554688 5.2345099449157714844 5.2336525917053222656 5.2322998046875 5.2311921119689941406 5.230167388916015625 5.2284359931945800781 5.2270321846008300781 5.2271256446838378906 5.227367401123046875
5.2607407569885253906 5.25948333740234375 5.2589573860168457031 5.2603588104248046875 5.26358795166015625 5.2647385597229003906 5.2660913467407226562 5.2664380073547363281 5.2649145126342773438 5.2604074478149414062 5.2516775131225585938 5.2481188774108886719 5.2394814491271972656 5.2361164093017578125 5.2336087226867675781 5.2315015792846679688 5.2294569015502929688 5.2277088165283203125 5.2269725799560546875 5.2253375053405761719 5.2242426872253417969 5.2235913276672363281 5.2235555648803710938 5.2238135337829589844 5.2262163162231445312 5.2308893203735351562 5.2348651885986328125 5.2359752655029296875 5.2363138198852539062 5.2364878654479980469 5.2363872528076171875 5.2366285324096679688 5.2364482879638671875 5.2361054420471191406 5.2350335121154785156 5.2341151237487792969 5.2335996627807617188 5.2326178550720214844 5.23169708251953125 5.2310581207275390625 5.2296924591064453125 5.2273187637329101562 5.2275624275207519531 5.2276520729064941406
5.2646846771240234375 5.2666950225830078125 5.2672824859619140625 5.2660608291625976562 5.2650132179260253906 5.2648420333862304688 5.2649984359741210938 5.2650780677795410156 5.2639269828796386719 5.2602629661560058594 5.253200531005859375 5.250396728515625 5.2430667877197265625 5.2377314567565917969 5.23378753662109375 5.2312483787536621094 5.2292742729187011719 5.227474212646484375 5.2268509864807128906 5.2253499031066894531 5.2244415283203125 5.2239542007446289062 5.2238054275512695312 5.2240433692932128906 5.2267045974731445312 5.231109619140625 5.2338719367980957031 5.2344412803649902344 5.23426055908203125 5.2340335845947265625 5.2338285446166992188 5.2335352897644042969 5.23314666748046875 5.2328596115112304688 5.2322664260864257812 5.2320394515991210938 5.2319664955139160156 5.2313747406005859375 5.2306337356567382812 5.2303562164306640625 5.2300157546997070312 5.228496551513671875 5.2277455329895019531 5.2268471717834472656
5.2682862281799316406 5.2690291404724121094 5.2688708305358886719 5.2672166824340820312 5.265594482421875 5.2649779319763183594 5.2646431922912597656 5.2644677162170410156 5.2632498741149902344 5.2596230506896972656 5.2527294158935546875 5.2498669624328613281 5.2425360679626464844 5.2372641563415527344 5.2336206436157226562 5.2311043739318847656 5.2292389869689941406 5.2274737358093261719 5.226932525634765625 5.225521087646484375 5.2246227264404296875 5.2240056991577148438 5.2237453460693359375 5.224086761474609375 5.2266359329223632812 5.2308421134948730469 5.233127593994140625 5.2336602210998535156 5.2333002090454101562 5.2329053878784179688 5.232845306396484375 5.2321333885192871094 5.2316756248474121094 5.230884552001953125 5.2301125526428222656 5.2302308082580566406 5.2302064895629882812 5.2301144599914550781 5.2293186187744140625 5.2293710708618164062 5.2293934822082519531 5.2284426689147949219 5.227642059326171875 5.2266254425048828125
5.2694954872131347656 5.2697744369506835938 5.2688436508178710938 5.2672033309936523438 5.2659344673156738281 5.2654085159301757812 5.2649021148681640625 5.2637057304382324219 5.2623534202575683594 5.2584543228149414062 5.2520976066589355469 5.2493524551391601562 5.2421479225158691406 5.2368879318237304688 5.2333769798278808594 5.2312593460083007812 5.2292647361755371094 5.22765350341796875 5.2269968986511230469 5.2255496978759765625 5.2247853279113769531 5.224361419677734375 5.2242894172668457031 5.2249112129211425781 5.2268152236938476562 5.2305698394775390625 5.2322440147399902344 5.232654571533203125 5.23223876953125 5.2319483757019042969 5.2319860458374023438 5.2311849594116210938 5.2306222915649414062 5.2297711372375488281 5.2289285659790039062 5.2288947105407714844 5.2287149429321289062 5.2287664413452148438 5.2280392646789550781 5.2282781600952148438 5.2283229827880859375 5.2277979850769042969 5.2273130416870117188 5.2264509201049804688
5.27008056640625 5.269794464111328125 5.2685189247131347656 5.2672948837280273438 5.2660937309265136719 5.2657523155212402344 5.2642302513122558594 5.2618365287780761719 5.2606964111328125 5.2560853958129882812 5.2509489059448242188 5.2482805252075195312 5.2417964935302734375 5.2365970611572265625 5.2331948280334472656 5.2310881614685058594 5.2294292449951171875 5.2278108596801757812 5.2271504402160644531 5.2257790565490722656 5.2250318527221679688 5.224853515625 5.2252011299133300781 5.2257370948791503906 5.2271270751953125 5.2295207977294921875 5.2309527397155761719 5.2317132949829101562 5.231304168701171875 5.230899810791015625 5.2309818267822265625 5.2303590774536132812 5.2298183441162109375 5.2289357185363769531 5.2280731201171875 5.2279644012451171875 5.2276034355163574219 5.2275562286376953125 5.2268376350402832031 5.226924896240234375 5.2267966270446777344 5.226856231689453125 5.2267098426818847656 5.2258539199829101562
5.2698273658752441406 5.2695055007934570312 5.2679781913757324219 5.2670650482177734375 5.2649698257446289062 5.2649617195129394531 5.2619147300720214844 5.2585859298706054688 5.2576365470886230469 5.2525343894958496094 5.2490253448486328125 5.2463693618774414062 5.2411413192749023438 5.2364873886108398438 5.23346710205078125 5.2314090728759765625 5.2297692298889160156 5.2281794548034667969 5.2273874282836914062 5.2263593673706054688 5.2254619598388671875 5.2255682945251464844 5.225864410400390625 5.22613525390625 5.2270326614379882812 5.2288074493408203125 5.2300233840942382812 5.230831146240234375 5.2305078506469726562 5.2300977706909179688 5.2301721572875976562 5.2295660972595214844 5.2290706634521484375 5.2281146049499511719 5.2273626327514648438 5.227268218994140625 5.2268004417419433594 5.22650146484375 5.2256350517272949219 5.2256789207458496094 5.225574493408203125 5.2259545326232910156 5.2259311676025390625 5.2249093055725097656
5.2690320014953613281 5.2687234878540039062 5.2670068740844726562 5.2645387649536132812 5.2615404129028320312 5.2605123519897460938 5.2570676803588867188 5.2547273635864257812 5.2513737678527832031 5.2482938766479492188 5.2450175285339355469 5.2437982559204101562 5.24118804931640625 5.2368588447570800781 5.233978271484375 5.2320313453674316406 5.2299871444702148438 5.2289576530456542969 5.2283968925476074219 5.2271752357482910156 5.2261590957641601562 5.2262883186340332031 5.2261958122253417969 5.2262797355651855469 5.2268047332763671875 5.2280750274658203125 5.2293872833251953125 5.230091094970703125 5.2295193672180175781 5.2292547225952148438 5.2296304702758789062 5.2284193038940429688 5.2283153533935546875 5.2267942428588867188 5.2261300086975097656 5.2265644073486328125 5.2252569198608398438 5.2254328727722167969 5.2240328788757324219 5.2246823310852050781 5.224338531494140625 5.2248539924621582031 5.2251443862915039062 5.22348785400390625
