INPUT/RASTER/ASCII/BIO07.asc
ncols        225
nrows        269
xllcorner    473000.000000000000
yllcorner    4429100.000000000000
cellsize     50.000000000000
NODATA_value -9999
[rows 120 to 139 of 269, columns 132 to 175 of 225]
-9999 -9999 -9999 -9999 -9999 -9999 -9999 -9999 -9999 -9999 -9999 -9999 -9999 26.81670379638671875 26.807559967041015625 26.808511734008789062 -9999 -9999 -9999 -9999 26.812215805053710938 26.830713272094726562 26.868488311767578125 26.891239166259765625 26.899868011474609375 26.9064178466796875 26.91182708740234375 26.934644699096679688 26.950839996337890625 26.961938858032226562 26.973131179809570312 26.977558135986328125 26.983684539794921875 26.988677978515625 26.996494293212890625 27.005779266357421875 27.011943817138671875 27.014575958251953125 27.016490936279296875 27.015321731567382812 27.015613555908203125 27.022434234619140625 27.020429611206054688 27.02104949951171875
-9999 -9999 -9999 -9999 -9999 -9999 -9999 -9999 -9999 -9999 -9999 -9999 26.824291229248046875 26.811573028564453125 26.789693832397460938 26.791660308837890625 26.785247802734375 26.792627334594726562 26.798480987548828125 -9999 26.81153106689453125 26.832324981689453125 26.870092391967773438 26.888946533203125 26.898244857788085938 26.902912139892578125 26.915842056274414062 26.938150405883789062 26.9475250244140625 26.956546783447265625 26.96677398681640625 26.972040176391601562 26.980152130126953125 26.98499298095703125 26.998380661010742188 27.01373291015625 27.01739501953125 27.01869964599609375 27.020969390869140625 27.02062225341796875 27.022853851318359375 27.023927688598632812 27.019704818725585938 27.022090911865234375
-9999 -9999 -9999 -9999 -9999 -9999 -9999 -9999 -9999 -9999 -9999 26.83422088623046875 26.829542160034179688 26.823101043701171875 26.797430038452148438 26.776866912841796875 26.763425827026367188 26.774784088134765625 26.7884521484375 26.7937469482421875 26.814733505249023438 26.839202880859375 26.870779037475585938 26.888111114501953125 26.898332595825195312 26.902576446533203125 26.915576934814453125 26.936664581298828125 26.9449310302734375 26.952159881591796875 26.960987091064453125 26.964963912963867188 26.973913192749023438 26.979764938354492188 26.995090484619140625 27.014608383178710938 27.0218048095703125 27.023927688598632812 27.02349090576171875 27.023241043090820312 27.021358489990234375 27.019144058227539062 27.0116119384765625 27.00955963134765625
-9999 -9999 -9999 -9999 -9999 -9999 -9999 -9999 -9999 -9999 -9999 -9999 -9999 -9999 26.82242584228515625 26.77832794189453125 26.75479888916015625 26.758630752563476562 26.770425796508789062 26.775575637817382812 26.8105621337890625 26.842159271240234375 26.873630523681640625 26.889556884765625 26.8984832763671875 26.903985977172851562 26.9170379638671875 26.933145523071289062 26.941190719604492188 26.947931289672851562 26.956647872924804688 26.959394454956054688 26.967914581298828125 26.97507476806640625 26.990436553955078125 27.00812530517578125 27.017910003662109375 27.023014068603515625 27.023532867431640625 27.022043228149414062 27.018444061279296875 27.012849807739257812 27.007450103759765625 27.002410888671875
-9999 -9999 -9999 -9999 -9999 -9999 -9999 -9999 -9999 -9999 -9999 -9999 -9999 -9999 -9999 26.792284011840820312 26.761983871459960938 26.752492904663085938 26.759708404541015625 26.765445709228515625 26.802171707153320312 26.837766647338867188 26.868169784545898438 26.885272979736328125 26.898927688598632812 26.90666961669921875 26.916730880737304688 26.929899215698242188 26.938638687133789062 26.945148468017578125 26.953502655029296875 26.956432342529296875 26.96443939208984375 26.97241973876953125 26.983514785766601562 26.999217987060546875 27.011020660400390625 27.021207809448242188 27.024196624755859375 27.029052734375 27.023891448974609375 27.017915725708007812 27.011043548583984375 27.007854461669921875
-9999 -9999 -9999 -9999 -9999 -9999 -9999 -9999 -9999 -9999 -9999 -9999 -9999 -9999 -9999 26.807928085327148438 26.778329849243164062 26.758235931396484375 26.760004043579101562 26.766668319702148438 26.796840667724609375 26.832670211791992188 26.855136871337890625 26.871822357177734375 26.88812255859375 26.901805877685546875 26.9136505126953125 26.92504119873046875 26.934946060180664062 26.9434814453125 26.952709197998046875 26.955150604248046875 26.96329498291015625 26.96927642822265625 26.980035781860351562 26.992908477783203125 27.006708145141601562 27.02191925048828125 27.02762603759765625 27.04097747802734375 27.03331756591796875 27.0266265869140625 27.019145965576171875 27.01898193359375
-9999 -9999 -9999 -9999 -9999 -9999 -9999 -9999 -9999 -9999 -9999 -9999 -9999 -9999 -9999 26.821485519409179688 26.793308258056640625 26.766094207763671875 26.7645416259765625 26.770435333251953125 26.798543930053710938 26.831136703491210938 26.849710464477539062 26.862773895263671875 26.874036788940429688 26.8882904052734375 26.901611328125 26.912914276123046875 26.93350982666015625 26.940715789794921875 26.952516555786132812 26.953289031982421875 26.961284637451171875 26.968502044677734375 26.97521209716796875 26.9903564453125 27.004306793212890625 27.021343231201171875 27.029266357421875 27.043422698974609375 27.040401458740234375 27.028278350830078125 27.02611541748046875 27.028684616088867188
-9999 -9999 -9999 -9999 -9999 -9999 -9999 -9999 -9999 -9999 -9999 -9999 -9999 -9999 -9999 26.821149826049804688 26.793043136596679688 26.7726898193359375 26.769399642944335938 26.772169113159179688 26.799844741821289062 26.832582473754882812 26.852167129516601562 26.860157012939453125 26.8702850341796875 26.877511978149414062 26.88771820068359375 26.8964385986328125 26.920989990234375 26.927888870239257812 26.945705413818359375 26.9473724365234375 26.9551849365234375 26.962245941162109375 26.971086502075195312 26.984079360961914062 27.006183624267578125 27.027814865112304688 27.028186798095703125 27.033473968505859375 27.023633956909179688 27.018238067626953125 27.031063079833984375 27.046215057373046875
-9999 -9999 -9999 -9999 -9999 -9999 -9999 -9999 -9999 -9999 -9999 -9999 -9999 -9999 -9999 26.814428329467773438 26.798603057861328125 26.776031494140625 26.766141891479492188 26.768321990966796875 26.789722442626953125 26.825717926025390625 26.85320281982421875 26.868780136108398438 26.876512527465820312 26.878124237060546875 26.883241653442382812 26.889190673828125 26.89501953125 26.911348342895507812 26.93494415283203125 26.941720962524414062 26.95159912109375 26.961551666259765625 26.974155426025390625 26.989294052124023438 27.016710281372070312 27.040559768676757812 27.042665481567382812 27.039377212524414062 27.025899887084960938 27.026247024536132812 27.045421600341796875 27.055850982666015625
26.67656707763671875 -9999 -9999 -9999 -9999 -9999 -9999 -9999 -9999 -9999 -9999 -9999 -9999 -9999 26.812534332275390625 26.8076171875 26.7941741943359375 26.773870468139648438 26.766187667846679688 26.766613006591796875 26.774333953857421875 26.815073013305664062 26.849422454833984375 26.8700408935546875 26.878582000732421875 26.879648208618164062 26.885334014892578125 26.88800811767578125 26.89992523193359375 26.9107208251953125 26.925628662109375 26.93276214599609375 26.941150665283203125 26.963775634765625 26.979341506958007812 26.995351791381835938 27.025897979736328125 27.04428863525390625 27.04831695556640625 27.049327850341796875 27.039346694946289062 27.03398895263671875 27.0458984375 27.05496978759765625
26.695878982543945312 26.72480010986328125 -9999 -9999 -9999 -9999 -9999 -9999 -9999 -9999 -9999 -9999 -9999 -9999 26.804250717163085938 26.800519943237304688 26.788858413696289062 26.775646209716796875 26.77254486083984375 26.768795013427734375 26.782321929931640625 26.810548782348632812 26.849420547485351562 26.863773345947265625 26.873464584350585938 26.873302459716796875 26.880418777465820312 26.890256881713867188 26.905450820922851562 26.915798187255859375 26.9317169189453125 26.933504104614257812 26.945644378662109375 26.955204010009765625 26.976232528686523438 26.991741180419921875 27.018323898315429688 27.040891647338867188 27.045421600341796875 27.057159423828125 27.059690475463867188 27.043880462646484375 27.050920486450195312 27.05792999267578125
26.710100173950195312 26.732112884521484375 26.746250152587890625 26.761211395263671875 -9999 -9999 -9999 -9999 -9999 -9999 -9999 -9999 -9999 -9999 -9999 26.797115325927734375 26.789716720581054688 26.783327102661132812 26.7832794189453125 26.7786865234375 26.791593551635742188 26.816720962524414062 26.84935760498046875 26.86559295654296875 26.870073318481445312 26.8674163818359375 26.87499237060546875 26.888742446899414062 26.906585693359375 26.921596527099609375 26.939157485961914062 26.940898895263671875 26.952280044555664062 26.9621429443359375 26.968784332275390625 26.979450225830078125 27.007038116455078125 27.033048629760742188 27.039524078369140625 27.063379287719726562 27.071674346923828125 27.058870315551757812 27.071041107177734375 27.07202911376953125
26.717721939086914062 26.736711502075195312 26.749872207641601562 26.760210037231445312 -9999 -9999 -9999 -9999 -9999 -9999 -9999 -9999 -9999 -9999 -9999 -9999 26.798351287841796875 -9999 -9999 -9999 -9999 26.822643280029296875 26.852283477783203125 26.86862945556640625 26.866350173950195312 26.86531829833984375 26.869771957397460938 26.88568878173828125 26.904232025146484375 26.925344467163085938 26.943500518798828125 26.948360443115234375 26.959014892578125 26.966777801513671875 26.96996307373046875 26.97686004638671875 26.992731094360351562 27.02108001708984375 27.031978607177734375 27.066417694091796875 27.075656890869140625 27.0664520263671875 27.081195831298828125 27.082242965698242188
26.718517303466796875 26.736940383911132812 26.75058746337890625 26.759304046630859375 -9999 -9999 -9999 -9999 -9999 -9999 -9999 -9999 -9999 -9999 -9999 -9999 -9999 -9999 -9999 -9999 -9999 26.8226165771484375 26.856389999389648438 26.876743316650390625 26.873994827270507812 26.872653961181640625 26.873323440551757812 26.887907028198242188 26.903656005859375 26.923467636108398438 26.943799972534179688 26.952722549438476562 26.969593048095703125 26.977077484130859375 26.980642318725585938 26.986833572387695312 26.992435455322265625 27.00873565673828125 27.01660919189453125 27.0557861328125 27.0814971923828125 27.0837249755859375 27.076181411743164062 27.073141098022460938
26.715648651123046875 26.72989654541015625 26.742528915405273438 -9999 -9999 -9999 -9999 -9999 -9999 -9999 -9999 -9999 -9999 -9999 -9999 -9999 -9999 -9999 -9999 -9999 -9999 26.822574615478515625 26.848928451538085938 26.87129974365234375 26.879476547241210938 26.880443572998046875 26.88399505615234375 26.893072128295898438 26.907468795776367188 26.925142288208007812 26.941043853759765625 26.948118209838867188 26.96710205078125 26.977447509765625 26.988458633422851562 26.99634552001953125 26.999897003173828125 27.01042938232421875 27.0189971923828125 27.052194595336914062 27.076892852783203125 27.085752487182617188 27.077411651611328125 27.072048187255859375
26.71990203857421875 26.728399276733398438 26.736072540283203125 -9999 -9999 -9999 -9999 -9999 -9999 -9999 -9999 -9999 -9999 -9999 -9999 -9999 -9999 -9999 -9999 -9999 -9999 -9999 26.840869903564453125 26.861936569213867188 26.876659393310546875 26.884080886840820312 26.892225265502929688 26.898906707763671875 26.910900115966796875 26.92494964599609375 26.940973281860351562 26.94814300537109375 26.964338302612304688 26.978084564208984375 26.990270614624023438 27.00148773193359375 27.007091522216796875 27.014495849609375 27.020809173583984375 27.05225372314453125 27.077527999877929688 27.078203201293945312 27.075809478759765625 27.076093673706054688
26.721273422241210938 26.73027801513671875 -9999 -9999 -9999 -9999 -9999 -9999 -9999 -9999 -9999 -9999 -9999 -9999 -9999 -9999 -9999 -9999 -9999 -9999 -9999 -9999 26.83348846435546875 26.855777740478515625 26.877882003784179688 26.8860321044921875 26.8962249755859375 26.906520843505859375 26.91263580322265625 26.92444610595703125 26.944255828857421875 26.952213287353515625 26.969434738159179688 26.984256744384765625 26.991914749145507812 27.003095626831054688 27.010732650756835938 27.01537322998046875 27.027492523193359375 27.054218292236328125 27.075054168701171875 27.081134796142578125 27.07065582275390625 27.068250656127929688
-9999 -9999 -9999 -9999 -9999 -9999 -9999 -9999 -9999 -9999 -9999 -9999 -9999 -9999 -9999 -9999 -9999 -9999 -9999 -9999 -9999 -9999 26.8274383544921875 26.851900100708007812 26.879255294799804688 26.8889007568359375 26.902256011962890625 26.911983489990234375 26.918674468994140625 26.92806243896484375 26.94881439208984375 26.957098007202148438 26.979364395141601562 26.99261474609375 26.999128341674804688 27.00431060791015625 27.009965896606445312 27.016246795654296875 27.033985137939453125 27.056318283081054688 27.07697296142578125 27.089406967163085938 27.080022811889648438 27.077859878540039062
-9999 -9999 -9999 -9999 -9999 -9999 -9999 -9999 -9999 -9999 -9999 -9999 -9999 -9999 -9999 -9999 -9999 -9999 -9999 -9999 -9999 -9999 -9999 26.850254058837890625 26.878353118896484375 26.89122772216796875 26.905475616455078125 26.915903091430664062 26.919216156005859375 26.935617446899414062 26.955265045166015625 26.966569900512695312 26.989627838134765625 26.99786376953125 27.004669189453125 27.00647735595703125 27.010257720947265625 27.0145416259765625 27.030788421630859375 27.05202484130859375 27.081434249877929688 27.100446701049804688 27.090097427368164062 27.086315155029296875
-9999 -9999 -9999 -9999 -9999 -9999 -9999 -9999 -9999 -9999 -9999 -9999 -9999 -9999 -9999 -9999 -9999 -9999 -9999 -9999 -9999 -9999 -9999 26.850839614868164062 26.873249053955078125 26.888423919677734375 26.902498245239257812 26.921417236328125 26.92739105224609375 26.947162628173828125 26.964468002319335938 26.982107162475585938 26.997179031372070312 27.00323486328125 27.00806427001953125 27.0089111328125 27.0097808837890625 27.01090240478515625 27.02416229248046875 27.033863067626953125 27.078701019287109375 27.089044570922851562 27.094512939453125 27.08109283447265625
