INPUT/RASTER/ASCII/BIO05.asc
ncols        225
nrows        269
xllcorner    473000.000000000000
yllcorner    4429100.000000000000
cellsize     50.000000000000
NODATA_value -9999
[rows 80 to 99 of 269, columns 44 to 87 of 225]
31.085893630981445312 31.081897735595703125 31.079725265502929688 31.076812744140625 31.08284759521484375 31.095350265502929688 31.10985565185546875 31.130840301513671875 31.135433197021484375 31.14644622802734375 31.15473175048828125 31.165536880493164062 31.176012039184570312 31.172473907470703125 31.169158935546875 31.169580459594726562 31.171812057495117188 31.17472076416015625 31.179523468017578125 31.183040618896484375 31.186605453491210938 31.1898956298828125 31.190673828125 31.198955535888671875 31.20468902587890625 31.211681365966796875 31.221757888793945312 31.230159759521484375 31.233188629150390625 31.240940093994140625 31.247892379760742188 31.261892318725585938 31.270170211791992188 31.283817291259765625 31.293666839599609375 31.304830551147460938 31.3177947998046875 31.315555572509765625 31.301265716552734375 31.29674530029296875 31.293201446533203125 31.296466827392578125 31.300029754638671875 31.354705810546875
31.09534454345703125 31.098140716552734375 31.107164382934570312 31.09888458251953125 31.102876663208007812 31.117017745971679688 31.12548828125 31.142242431640625 31.148509979248046875 31.15854644775390625 31.165500640869140625 31.1734771728515625 31.178442001342773438 31.172210693359375 31.166942596435546875 31.16986083984375 31.171230316162109375 31.174663543701171875 31.178518295288085938 31.182344436645507812 31.1855926513671875 31.188882827758789062 31.191267013549804688 31.198408126831054688 31.20400238037109375 31.211986541748046875 31.2225494384765625 31.230762481689453125 31.234956741333007812 31.241546630859375 31.247224807739257812 31.2599334716796875 31.270257949829101562 31.28379058837890625 31.292999267578125 31.305568695068359375 31.31713104248046875 31.319347381591796875 31.307872772216796875 31.300584793090820312 31.297529220581054688 31.3009490966796875 31.344430923461914062 31.398176193237304688
31.098476409912109375 31.105115890502929688 31.1135101318359375 31.11383056640625 31.117055892944335938 31.124010086059570312 31.133222579956054688 31.146671295166015625 31.155511856079101562 31.164171218872070312 31.16864776611328125 31.177455902099609375 31.1815948486328125 31.174617767333984375 31.167528152465820312 31.1693572998046875 31.170864105224609375 31.173971176147460938 31.17778778076171875 31.1816558837890625 31.1848602294921875 31.188152313232421875 31.189300537109375 31.197132110595703125 31.204608917236328125 31.212430953979492188 31.2227783203125 31.230091094970703125 31.234708786010742188 31.238307952880859375 31.24620819091796875 31.26055145263671875 31.269563674926757812 31.2807159423828125 31.289770126342773438 31.3040771484375 31.317758560180664062 31.31858062744140625 31.31099700927734375 31.3050689697265625 31.301824569702148438 31.34658050537109375 31.386013031005859375 31.401178359985351562
31.097759246826171875 31.106296539306640625 31.118577957153320312 31.120649337768554688 31.127351760864257812 31.131650924682617188 31.137128829956054688 31.14917755126953125 31.159191131591796875 31.167568206787109375 31.1705169677734375 31.179464340209960938 31.185394287109375 31.18376922607421875 31.177114486694335938 31.173845291137695312 31.173257827758789062 31.175853729248046875 31.179019927978515625 31.18097686767578125 31.184133529663085938 31.187427520751953125 31.188623428344726562 31.194604873657226562 31.203937530517578125 31.212677001953125 31.222286224365234375 31.22942352294921875 31.233867645263671875 31.23957061767578125 31.247617721557617188 31.26053619384765625 31.27130889892578125 31.28179931640625 31.292970657348632812 31.308929443359375 31.322246551513671875 31.318378448486328125 31.310468673706054688 31.306352615356445312 31.31699371337890625 31.393466949462890625 31.39601898193359375 31.405048370361328125
31.093839645385742188 31.104722976684570312 31.12236785888671875 31.128355026245117188 31.134042739868164062 31.136089324951171875 31.142253875732421875 31.15297698974609375 31.16184234619140625 31.168689727783203125 31.172393798828125 31.180208206176757812 31.187917709350585938 31.19066619873046875 31.185420989990234375 31.182485580444335938 31.179853439331054688 31.1803131103515625 31.181631088256835938 31.18222808837890625 31.183414459228515625 31.186710357666015625 31.187953948974609375 31.1946563720703125 31.203914642333984375 31.212982177734375 31.221588134765625 31.227481842041015625 31.231319427490234375 31.23891448974609375 31.2484283447265625 31.263095855712890625 31.274633407592773438 31.291990280151367188 31.30516815185546875 31.319118499755859375 31.32802581787109375 31.3169403076171875 31.308319091796875 31.34938812255859375 31.383150100708007812 31.397937774658203125 31.400671005249023438 31.409799575805664062
31.091854095458984375 31.105253219604492188 31.126165390014648438 31.13271331787109375 31.142030715942382812 31.14566802978515625 31.150806427001953125 31.1567840576171875 31.16551971435546875 31.173513412475585938 31.175563812255859375 31.18267822265625 31.187236785888671875 31.190479278564453125 31.1885986328125 31.1862335205078125 31.185140609741210938 31.184780120849609375 31.185384750366210938 31.1834869384765625 31.183401107788085938 31.186275482177734375 31.18793487548828125 31.196542739868164062 31.2058258056640625 31.212963104248046875 31.220064163208007812 31.22682952880859375 31.231067657470703125 31.240192413330078125 31.250246047973632812 31.264377593994140625 31.276662826538085938 31.29810333251953125 31.31223297119140625 31.3287200927734375 31.32867431640625 31.315748214721679688 31.332128524780273438 31.394321441650390625 31.39687347412109375 31.402416229248046875 31.409809112548828125 31.417116165161132812
31.095012664794921875 31.1092376708984375 31.126758575439453125 31.132646560668945312 31.14757537841796875 31.1546173095703125 31.15880584716796875 31.1612396240234375 31.169643402099609375 31.178190231323242188 31.178739547729492188 31.1858062744140625 31.1878509521484375 31.189889907836914062 31.187929153442382812 31.188165664672851562 31.188726425170898438 31.189252853393554688 31.192594528198242188 31.18796539306640625 31.188417434692382812 31.190662384033203125 31.191131591796875 31.198392868041992188 31.206457138061523438 31.21331024169921875 31.2208251953125 31.227468490600585938 31.23303985595703125 31.24147796630859375 31.252946853637695312 31.266950607299804688 31.281442642211914062 31.2982177734375 31.30715179443359375 31.332368850708007812 31.33063507080078125 31.381532669067382812 31.398122787475585938 31.401363372802734375 31.409307479858398438 31.425518035888671875 31.4380950927734375 31.445514678955078125
31.11162567138671875 31.117891311645507812 31.125400543212890625 31.132293701171875 31.154012680053710938 31.16097259521484375 31.165578842163085938 31.1676025390625 31.173282623291015625 31.18212127685546875 31.18447113037109375 31.193653106689453125 31.193590164184570312 31.1915435791015625 31.187898635864257812 31.18902587890625 31.192232131958007812 31.195652008056640625 31.199443817138671875 31.1982269287109375 31.198308944702148438 31.19927978515625 31.198833465576171875 31.204267501831054688 31.210315704345703125 31.217710494995117188 31.22515106201171875 31.230693817138671875 31.236783981323242188 31.245351791381835938 31.259180068969726562 31.273403167724609375 31.287603378295898438 31.306734085083007812 31.314897537231445312 31.338275909423828125 31.38452911376953125 31.42066192626953125 31.413387298583984375 31.416133880615234375 31.427865982055664062 31.441576004028320312 31.451663970947265625 31.456575393676757812
31.121868133544921875 31.125244140625 31.130512237548828125 31.138017654418945312 31.154783248901367188 31.16094970703125 31.166067123413085938 31.170154571533203125 31.179426193237304688 31.18602752685546875 31.1883087158203125 31.200323104858398438 31.199359893798828125 31.196102142333984375 31.188535690307617188 31.190492630004882812 31.19342041015625 31.19693756103515625 31.202129364013671875 31.201440811157226562 31.2034759521484375 31.20536041259765625 31.203336715698242188 31.208377838134765625 31.212894439697265625 31.223371505737304688 31.231321334838867188 31.235851287841796875 31.243442535400390625 31.25179290771484375 31.264898300170898438 31.276639938354492188 31.291172027587890625 31.310268402099609375 31.316854476928710938 31.369146347045898438 31.440967559814453125 31.441507339477539062 31.4376983642578125 31.4386138916015625 31.450868606567382812 31.457637786865234375 31.463115692138671875 31.463743209838867188
31.137569427490234375 31.135517120361328125 31.136915206909179688 31.142847061157226562 31.152265548706054688 31.159648895263671875 31.168066024780273438 31.175281524658203125 31.184864044189453125 31.191427230834960938 31.192798614501953125 31.204160690307617188 31.205780029296875 31.202985763549804688 31.194957733154296875 31.196729660034179688 31.198123931884765625 31.200151443481445312 31.206684112548828125 31.205944061279296875 31.209753036499023438 31.213361740112304688 31.211057662963867188 31.216266632080078125 31.218694686889648438 31.231733322143554688 31.241130828857421875 31.242938995361328125 31.2520751953125 31.25888824462890625 31.272756576538085938 31.283092498779296875 31.29967498779296875 31.318904876708984375 31.320743560791015625 31.424493789672851562 31.448678970336914062 31.456460952758789062 31.46148681640625 31.4623870849609375 31.47133636474609375 31.472423553466796875 31.472900390625 31.471607208251953125
31.15071868896484375 31.14670562744140625 31.14974212646484375 31.150753021240234375 31.1514892578125 31.156108856201171875 31.17035675048828125 31.183305740356445312 31.19046783447265625 31.1956634521484375 31.197938919067382812 31.2047576904296875 31.20867919921875 31.208093643188476562 31.203966140747070312 31.2030181884765625 31.202398300170898438 31.206918716430664062 31.21271514892578125 31.215288162231445312 31.217851638793945312 31.221696853637695312 31.2242584228515625 31.2293701171875 31.238002777099609375 31.24341583251953125 31.251970291137695312 31.252603530883789062 31.263233184814453125 31.267911911010742188 31.283735275268554688 31.29148101806640625 31.314785003662109375 31.374797821044921875 31.379093170166015625 31.444612503051757812 31.457042694091796875 31.4681243896484375 31.47473907470703125 31.477819442749023438 31.4829254150390625 31.48529052734375 31.483179092407226562 31.47783660888671875
31.162273406982421875 31.163137435913085938 31.17221832275390625 31.16595458984375 31.156696319580078125 31.155794143676757812 31.173280715942382812 31.190700531005859375 31.193653106689453125 31.19777679443359375 31.199884414672851562 31.204454421997070312 31.20774078369140625 31.209100723266601562 31.20656585693359375 31.206295013427734375 31.207876205444335938 31.2136993408203125 31.218088150024414062 31.22657012939453125 31.225978851318359375 31.231159210205078125 31.2374725341796875 31.241483688354492188 31.252828598022460938 31.253482818603515625 31.258829116821289062 31.26904296875 31.2728729248046875 31.286281585693359375 31.29711151123046875 31.312425613403320312 31.380859375 31.4416351318359375 31.44512939453125 31.45624542236328125 31.470561981201171875 31.47780609130859375 31.480915069580078125 31.484926223754882812 31.48519134521484375 31.485979080200195312 31.4854736328125 31.48944854736328125
31.168701171875 31.173242568969726562 31.176723480224609375 31.174432754516601562 31.1670684814453125 31.169294357299804688 31.178289413452148438 31.1900787353515625 31.19493865966796875 31.197004318237304688 31.1986236572265625 31.202161788940429688 31.205841064453125 31.20919036865234375 31.209808349609375 31.209520339965820312 31.212720870971679688 31.218229293823242188 31.224164962768554688 31.23757171630859375 31.236532211303710938 31.24144744873046875 31.24720001220703125 31.25067138671875 31.260639190673828125 31.263544082641601562 31.279813766479492188 31.286211013793945312 31.292572021484375 31.313076019287109375 31.322113037109375 31.430639266967773438 31.429643630981445312 31.457361221313476562 31.467042922973632812 31.470577239990234375 31.487348556518554688 31.487363815307617188 31.489412307739257812 31.486955642700195312 31.484300613403320312 31.481594085693359375 31.486806869506835938 31.4934234619140625
31.173229217529296875 31.17889404296875 31.1812591552734375 31.179433822631835938 31.177392959594726562 31.178974151611328125 31.180932998657226562 31.184999465942382812 31.190664291381835938 31.193113327026367188 31.1974029541015625 31.200754165649414062 31.202062606811523438 31.208332061767578125 31.214385986328125 31.214906692504882812 31.220691680908203125 31.23052215576171875 31.23390960693359375 31.242120742797851562 31.244031906127929688 31.247592926025390625 31.251110076904296875 31.255655288696289062 31.26262664794921875 31.269868850708007812 31.2856597900390625 31.297853469848632812 31.3047027587890625 31.3170013427734375 31.379932403564453125 31.440311431884765625 31.455230712890625 31.465948104858398438 31.469654083251953125 31.479028701782226562 31.49124908447265625 31.493976593017578125 31.497547149658203125 31.492147445678710938 31.483196258544921875 31.480365753173828125 31.485927581787109375 31.492841720581054688
31.175182342529296875 31.18233489990234375 31.1812896728515625 31.180116653442382812 31.177583694458007812 31.175800323486328125 31.178579330444335938 31.181827545166015625 31.18752288818359375 31.1897735595703125 31.194881439208984375 31.20136260986328125 31.20275115966796875 31.2082366943359375 31.21572113037109375 31.218959808349609375 31.227056503295898438 31.23699951171875 31.240602493286132812 31.244106292724609375 31.246923446655273438 31.250112533569335938 31.2518157958984375 31.2596282958984375 31.265264511108398438 31.273075103759765625 31.287017822265625 31.29987335205078125 31.306011199951171875 31.357923507690429688 31.415370941162109375 31.446136474609375 31.458101272583007812 31.46469879150390625 31.465850830078125 31.480623245239257812 31.49515533447265625 31.49790191650390625 31.502988815307617188 31.502481460571289062 31.492828369140625 31.482997894287109375 31.483930587768554688 31.492267608642578125
31.17842864990234375 31.184282302856445312 31.1768341064453125 31.174711227416992188 31.170843124389648438 31.165567398071289062 31.168584823608398438 31.17545318603515625 31.183134078979492188 31.18715667724609375 31.19324493408203125 31.200799942016601562 31.2015228271484375 31.207592010498046875 31.215139389038085938 31.219076156616210938 31.231197357177734375 31.241558074951171875 31.24472808837890625 31.248670578002929688 31.25125885009765625 31.252264022827148438 31.254457473754882812 31.260595321655273438 31.267267227172851562 31.275665283203125 31.287740707397460938 31.292310714721679688 31.319723129272460938 31.396249771118164062 31.416164398193359375 31.4410552978515625 31.454252243041992188 31.459199905395507812 31.4594879150390625 31.479093551635742188 31.495218276977539062 31.498544692993164062 31.504299163818359375 31.50511932373046875 31.499179840087890625 31.486278533935546875 31.484256744384765625 31.49169921875
31.18231964111328125 31.188671112060546875 31.17302703857421875 31.1681671142578125 31.159427642822265625 31.15534210205078125 31.158391952514648438 31.169084548950195312 31.17884063720703125 31.184001922607421875 31.1905517578125 31.195638656616210938 31.199016571044921875 31.203420639038085938 31.213924407958984375 31.217096328735351562 31.228851318359375 31.240985870361328125 31.247426986694335938 31.248104095458984375 31.251384735107421875 31.254413604736328125 31.25582122802734375 31.260202407836914062 31.2660675048828125 31.277326583862304688 31.292324066162109375 31.295446395874023438 31.377559661865234375 31.391811370849609375 31.41127777099609375 31.436618804931640625 31.451068878173828125 31.458852767944335938 31.462121963500976562 31.481351852416992188 31.4940032958984375 31.4958953857421875 31.499666213989257812 31.498128890991210938 31.494340896606445312 31.48378753662109375 31.482923507690429688 31.491138458251953125
31.18365478515625 31.185207366943359375 31.16986846923828125 31.165111541748046875 31.154443740844726562 31.150262832641601562 31.1556396484375 31.16464996337890625 31.1753692626953125 31.180856704711914062 31.188152313232421875 31.19483184814453125 31.198444366455078125 31.202510833740234375 31.211427688598632812 31.213338851928710938 31.22325897216796875 31.235284805297851562 31.247720718383789062 31.249469757080078125 31.250774383544921875 31.253927230834960938 31.2552642822265625 31.259344100952148438 31.264232635498046875 31.279918670654296875 31.340911865234375 31.387189865112304688 31.391611099243164062 31.39701080322265625 31.415323257446289062 31.4392547607421875 31.455524444580078125 31.469081878662109375 31.47503662109375 31.488555908203125 31.488941192626953125 31.479032516479492188 31.480525970458984375 31.482799530029296875 31.482374191284179688 31.478733062744140625 31.482816696166992188 31.4905853271484375
31.1933441162109375 31.189374923706054688 31.17057037353515625 31.164899826049804688 31.1532745361328125 31.149684906005859375 31.153741836547851562 31.1634368896484375 31.174581527709960938 31.179643630981445312 31.187351226806640625 31.194095611572265625 31.197879791259765625 31.201429367065429688 31.206371307373046875 31.207845687866210938 31.215167999267578125 31.22959136962890625 31.245817184448242188 31.249561309814453125 31.250829696655273438 31.253240585327148438 31.254718780517578125 31.258054733276367188 31.265613555908203125 31.301860809326171875 31.38818359375 31.391405105590820312 31.39966583251953125 31.40799713134765625 31.429645538330078125 31.4476776123046875 31.46570587158203125 31.47928619384765625 31.482177734375 31.487552642822265625 31.4761810302734375 31.464344024658203125 31.467515945434570312 31.472612380981445312 31.473810195922851562 31.477268218994140625 31.482421875 31.48949432373046875
31.207530975341796875 31.193546295166015625 31.172918319702148438 31.167295455932617188 31.152357101440429688 31.147258758544921875 31.15515899658203125 31.165513992309570312 31.177495956420898438 31.182369232177734375 31.189434051513671875 31.193651199340820312 31.1967620849609375 31.201128005981445312 31.204620361328125 31.207189559936523438 31.213008880615234375 31.222070693969726562 31.239837646484375 31.249753952026367188 31.253953933715820312 31.253528594970703125 31.253635406494140625 31.259397506713867188 31.304622650146484375 31.360393524169921875 31.3838348388671875 31.39170074462890625 31.410125732421875 31.428699493408203125 31.452989578247070312 31.471599578857421875 31.481630325317382812 31.485391616821289062 31.485561370849609375 31.481304168701171875 31.466083526611328125 31.460300445556640625 31.464447021484375 31.467662811279296875 31.470090866088867188 31.47388458251953125 31.477718353271484375 31.486387252807617188
