INPUT/RASTER/ASCII/BIO04.asc
ncols        225
nrows        269
xllcorner    473009.983799999987
yllcorner    4429051.174800000153
cellsize     50.000000000000
NODATA_value -9999
[rows 220 to 239 of 269, columns 46 to 91 of 225]
567.1002197265625 567.238525390625 567.37017822265625 567.44384765625 567.451904296875 567.28643798828125 566.92498779296875 566.67730712890625 566.680908203125 566.85302734375 566.93292236328125 566.9378662109375 566.87530517578125 566.706787109375 566.39654541015625 566.148193359375 565.9991455078125 565.81658935546875 565.76812744140625 565.8060302734375 565.8209228515625 565.83172607421875 565.84063720703125 565.86895751953125 565.94287109375 566.09625244140625 566.28802490234375 566.3912353515625 566.41033935546875 566.36834716796875 566.27374267578125 566.31011962890625 566.70526123046875 567.05841064453125 567.17791748046875 567.2099609375 567.21392822265625 567.2535400390625 567.37567138671875 567.54156494140625 567.67938232421875 567.7847900390625 567.9046630859375 568.02496337890625 568.1988525390625 568.4915771484375
567.125732421875 567.27008056640625 567.38616943359375 567.43255615234375 567.40277099609375 567.16717529296875 566.7821044921875 566.474609375 566.35797119140625 566.4189453125 566.46197509765625 566.45745849609375 566.42181396484375 566.32501220703125 566.08392333984375 565.89971923828125 565.80609130859375 565.70989990234375 565.68548583984375 565.72021484375 565.77545166015625 565.82623291015625 565.84344482421875 565.85662841796875 565.9080810546875 566.01019287109375 566.145263671875 566.24224853515625 566.286376953125 566.29132080078125 566.28173828125 566.503662109375 566.8837890625 567.06744384765625 567.13641357421875 567.16748046875 567.19091796875 567.2747802734375 567.4749755859375 567.7301025390625 567.9000244140625 567.98345947265625 568.04913330078125 568.10833740234375 568.25543212890625 568.54583740234375
567.1690673828125 567.2891845703125 567.36016845703125 567.36151123046875 567.2852783203125 567.0142822265625 566.64434814453125 566.31805419921875 566.13055419921875 566.1080322265625 566.12164306640625 566.111572265625 566.0770263671875 565.9974365234375 565.8536376953125 565.78076171875 565.76678466796875 565.7396240234375 565.71771240234375 565.74725341796875 565.79296875 565.8470458984375 565.870361328125 565.8775634765625 565.9068603515625 565.97320556640625 566.0557861328125 566.110595703125 566.163818359375 566.2413330078125 566.39410400390625 566.71795654296875 566.92144775390625 567.02362060546875 567.0848388671875 567.1224365234375 567.17510986328125 567.33782958984375 567.6466064453125 567.98004150390625 568.16717529296875 568.21942138671875 568.233642578125 568.2489013671875 568.36932373046875 568.65142822265625
567.20574951171875 567.2821044921875 567.28973388671875 567.23199462890625 567.10003662109375 566.81475830078125 566.49322509765625 566.208984375 566.02215576171875 565.96099853515625 565.95477294921875 565.93585205078125 565.9140625 565.89312744140625 565.88897705078125 565.90985107421875 565.920166015625 565.89813232421875 565.870849609375 565.8917236328125 565.89404296875 565.93212890625 565.96826171875 565.9820556640625 565.97381591796875 566.002197265625 566.073486328125 566.126220703125 566.2314453125 566.42205810546875 566.625732421875 566.7923583984375 566.89654541015625 566.9884033203125 567.050537109375 567.08837890625 567.15869140625 567.3690185546875 567.7340087890625 568.0693359375 568.2386474609375 568.28125 568.289794921875 568.310546875 568.4173583984375 568.67071533203125
567.2232666015625 567.2491455078125 567.1629638671875 567.027587890625 566.8607177734375 566.58819580078125 566.33502197265625 566.12200927734375 565.96026611328125 565.89544677734375 565.885986328125 565.860595703125 565.89373779296875 566.021484375 566.13226318359375 566.17413330078125 566.17926025390625 566.14752197265625 566.1138916015625 566.10809326171875 566.08001708984375 566.11895751953125 566.16619873046875 566.17486572265625 566.0997314453125 566.10406494140625 566.2255859375 566.36383056640625 566.57537841796875 566.69647216796875 566.75921630859375 566.7960205078125 566.859375 566.94219970703125 567.00286865234375 567.04046630859375 567.11199951171875 567.281005859375 567.55712890625 567.81793212890625 567.9730224609375 568.0709228515625 568.15435791015625 568.2080078125 568.29736328125 568.49761962890625
567.24664306640625 567.21533203125 566.979736328125 566.72705078125 566.5487060546875 566.32098388671875 566.13623046875 566.0047607421875 565.88751220703125 565.87933349609375 565.91595458984375 565.980224609375 566.16473388671875 566.42022705078125 566.5714111328125 566.6082763671875 566.61383056640625 566.58935546875 566.505126953125 566.40423583984375 566.3199462890625 566.30499267578125 566.32379150390625 566.29998779296875 566.1783447265625 566.26629638671875 566.50262451171875 566.65673828125 566.7921142578125 566.8201904296875 566.79925537109375 566.78717041015625 566.83233642578125 566.89666748046875 566.9486083984375 566.98931884765625 567.06011962890625 567.1732177734375 567.3223876953125 567.4891357421875 567.631591796875 567.78009033203125 567.92218017578125 567.9869384765625 568.07470703125 568.2760009765625
567.26312255859375 567.1934814453125 566.897705078125 566.60797119140625 566.4056396484375 566.17950439453125 566.0126953125 565.9085693359375 565.8665771484375 565.93402099609375 566.03570556640625 566.2005615234375 566.467529296875 566.74139404296875 566.88653564453125 566.94061279296875 566.95526123046875 566.9281005859375 566.78057861328125 566.5826416015625 566.4205322265625 566.342041015625 566.326416015625 566.28704833984375 566.28753662109375 566.4276123046875 566.5484619140625 566.6583251953125 566.7596435546875 566.79693603515625 566.7874755859375 566.778076171875 566.8228759765625 566.8782958984375 566.92205810546875 566.96307373046875 567.032958984375 567.12310791015625 567.20904541015625 567.31414794921875 567.4300537109375 567.58154296875 567.731689453125 567.7874755859375 567.88287353515625 568.1182861328125
567.290283203125 567.21630859375 566.9150390625 566.614501953125 566.37677001953125 566.11993408203125 565.93206787109375 565.85009765625 565.8935546875 565.99322509765625 566.18109130859375 566.435791015625 566.71856689453125 566.95928955078125 567.05426025390625 567.071044921875 567.07928466796875 567.047607421875 566.8773193359375 566.63641357421875 566.43414306640625 566.33978271484375 566.35614013671875 566.397216796875 566.4739990234375 566.5211181640625 566.51483154296875 566.5762939453125 566.66278076171875 566.71673583984375 566.75006103515625 566.77325439453125 566.82275390625 566.87017822265625 566.9046630859375 566.95269775390625 567.0238037109375 567.10546875 567.174560546875 567.25067138671875 567.33380126953125 567.45672607421875 567.591796875 567.658203125 567.78173828125 568.031005859375
567.32940673828125 567.27203369140625 566.97607421875 566.6556396484375 566.3924560546875 566.08282470703125 565.8807373046875 565.84912109375 565.9686279296875 566.111083984375 566.373779296875 566.69268798828125 566.9647216796875 567.13995361328125 567.1319580078125 567.0386962890625 567.0020751953125 566.94482421875 566.79608154296875 566.5872802734375 566.43267822265625 566.435791015625 566.5325927734375 566.61212158203125 566.5849609375 566.537841796875 566.4962158203125 566.51806640625 566.57574462890625 566.63824462890625 566.70684814453125 566.7650146484375 566.82470703125 566.86968994140625 566.90081787109375 566.9534912109375 567.02532958984375 567.10516357421875 567.1744384765625 567.241455078125 567.30255126953125 567.38653564453125 567.4898681640625 567.58331298828125 567.75341796875 568.00048828125
567.35406494140625 567.31439208984375 567.0196533203125 566.67755126953125 566.400146484375 566.0687255859375 565.90679931640625 565.93658447265625 566.129638671875 566.32269287109375 566.63348388671875 566.976806640625 567.2080078125 567.28118896484375 567.14251708984375 566.92041015625 566.80950927734375 566.697265625 566.58978271484375 566.47265625 566.461181640625 566.6356201171875 566.72442626953125 566.671875 566.56768798828125 566.4996337890625 566.46588134765625 566.48040771484375 566.52484130859375 566.58551025390625 566.6708984375 566.75537109375 566.8232421875 566.87677001953125 566.91033935546875 566.9588623046875 567.03167724609375 567.10980224609375 567.17718505859375 567.23760986328125 567.2860107421875 567.34661865234375 567.42767333984375 567.5439453125 567.74859619140625 567.98333740234375
567.33673095703125 567.280517578125 566.96728515625 566.62994384765625 566.3758544921875 566.11639404296875 566.05279541015625 566.18634033203125 566.4371337890625 566.6343994140625 566.917724609375 567.21771240234375 567.37103271484375 567.33013916015625 567.07220458984375 566.76702880859375 566.6016845703125 566.4412841796875 566.38330078125 566.43609619140625 566.53619384765625 566.66650390625 566.6602783203125 566.58868408203125 566.4970703125 566.43865966796875 566.43701171875 566.47576904296875 566.5205078125 566.5721435546875 566.6561279296875 566.752685546875 566.8299560546875 566.892333984375 566.9306640625 566.975830078125 567.0396728515625 567.109619140625 567.17498779296875 567.23468017578125 567.28094482421875 567.33111572265625 567.404541015625 567.51959228515625 567.72296142578125 567.9508056640625
567.23651123046875 567.12188720703125 566.81964111328125 566.56103515625 566.38031005859375 566.248779296875 566.354736328125 566.60968017578125 566.83538818359375 566.9425048828125 567.06939697265625 567.23529052734375 567.3162841796875 567.2269287109375 566.91839599609375 566.58514404296875 566.40777587890625 566.283935546875 566.35009765625 566.51556396484375 566.5311279296875 566.4940185546875 566.47906494140625 566.47308349609375 566.43939208984375 566.41082763671875 566.43841552734375 566.494873046875 566.5357666015625 566.57611083984375 566.642822265625 566.74017333984375 566.83575439453125 566.9085693359375 566.9508056640625 566.99090576171875 567.03955078125 567.10400390625 567.17181396484375 567.23907470703125 567.2884521484375 567.33349609375 567.398193359375 567.49462890625 567.68310546875 567.92529296875
567.1124267578125 566.9482421875 566.67852783203125 566.46624755859375 566.349365234375 566.3709716796875 566.619140625 566.8956298828125 567.02215576171875 567.020263671875 567.004638671875 567.04766845703125 567.10015869140625 567.05792236328125 566.80615234375 566.5203857421875 566.41973876953125 566.35687255859375 566.4058837890625 566.424072265625 566.40106201171875 566.3604736328125 566.35467529296875 566.38531494140625 566.391357421875 566.3944091796875 566.44097900390625 566.50286865234375 566.53857421875 566.5699462890625 566.61767578125 566.701416015625 566.80792236328125 566.89947509765625 566.95196533203125 566.9881591796875 567.03240966796875 567.1015625 567.17333984375 567.24444580078125 567.2960205078125 567.3447265625 567.4063720703125 567.49090576171875 567.66619873046875 567.91717529296875
567.07769775390625 566.877197265625 566.590576171875 566.3914794921875 566.294677734375 566.38958740234375 566.6837158203125 566.8966064453125 566.93780517578125 566.9017333984375 566.86419677734375 566.8876953125 566.93890380859375 566.95745849609375 566.821044921875 566.68145751953125 566.58160400390625 566.43511962890625 566.34326171875 566.30804443359375 566.29254150390625 566.2655029296875 566.26605224609375 566.30682373046875 566.344970703125 566.3828125 566.4495849609375 566.51214599609375 566.5438232421875 566.57098388671875 566.60888671875 566.680908203125 566.7813720703125 566.87591552734375 566.9337158203125 566.97711181640625 567.027099609375 567.10565185546875 567.1842041015625 567.25640869140625 567.30865478515625 567.3592529296875 567.41943359375 567.49395751953125 567.6458740234375 567.888427734375
567.06781005859375 566.8116455078125 566.5067138671875 566.3262939453125 566.18841552734375 566.26336669921875 566.53131103515625 566.70355224609375 566.71063232421875 566.6710205078125 566.64404296875 566.67376708984375 566.7618408203125 566.923095703125 566.8892822265625 566.7149658203125 566.55023193359375 566.35296630859375 566.2393798828125 566.19891357421875 566.2073974609375 566.21539306640625 566.22735595703125 566.2626953125 566.31817626953125 566.3880615234375 566.46636962890625 566.52032470703125 566.55078125 566.584228515625 566.6234130859375 566.69073486328125 566.779052734375 566.85968017578125 566.91253662109375 566.97149658203125 567.0352783203125 567.11932373046875 567.2020263671875 567.27520751953125 567.327880859375 567.38043212890625 567.43609619140625 567.49151611328125 567.61322021484375 567.8291015625
567.058837890625 566.76593017578125 566.454345703125 566.289306640625 566.1036376953125 566.07977294921875 566.2349853515625 566.35272216796875 566.36773681640625 566.351806640625 566.3624267578125 566.4619140625 566.6568603515625 566.862060546875 566.7659912109375 566.5150146484375 566.378173828125 566.23675537109375 566.15869140625 566.13848876953125 566.16680908203125 566.203857421875 566.22991943359375 566.27288818359375 566.3375244140625 566.42095947265625 566.50421142578125 566.554443359375 566.5789794921875 566.609375 566.6470947265625 566.7108154296875 566.79388427734375 566.8641357421875 566.912841796875 566.98028564453125 567.0419921875 567.11785888671875 567.1944580078125 567.26812744140625 567.32305908203125 567.376708984375 567.35797119140625 567.31304931640625 567.3955078125 567.56268310546875
567.05682373046875 566.76837158203125 566.47540283203125 566.33740234375 566.14599609375 566.0101318359375 566.00067138671875 566.0115966796875 566.01416015625 566.028076171875 566.121826171875 566.32073974609375 566.55218505859375 566.6224365234375 566.47076416015625 566.30084228515625 566.22808837890625 566.17462158203125 566.15936279296875 566.15631103515625 566.18682861328125 566.23016357421875 566.2626953125 566.3155517578125 566.38775634765625 566.48284912109375 566.586669921875 566.6419677734375 566.64593505859375 566.64129638671875 566.65228271484375 566.70941162109375 566.7916259765625 566.85784912109375 566.90484619140625 566.96624755859375 566.907470703125 566.9232177734375 566.98565673828125 567.05426025390625 567.11175537109375 567.167724609375 566.99493408203125 566.75555419921875 566.77691650390625 566.89215087890625
567.0897216796875 566.841552734375 566.59234619140625 566.49737548828125 566.3079833984375 566.046142578125 565.86083984375 565.764892578125 565.7615966796875 565.81024169921875 566.0035400390625 566.1353759765625 566.24395751953125 566.2293701171875 566.15777587890625 566.12664794921875 566.1478271484375 566.23797607421875 566.30841064453125 566.28277587890625 566.27667236328125 566.303466796875 566.33343505859375 566.38311767578125 566.45135498046875 566.5489501953125 566.66473388671875 566.72015380859375 566.7071533203125 566.61724853515625 566.5042724609375 566.53045654296875 566.61474609375 566.68157958984375 566.7257080078125 566.75848388671875 566.38995361328125 566.2698974609375 566.31024169921875 566.35528564453125 566.4041748046875 566.47943115234375 566.4566650390625 566.37689208984375 566.393310546875 566.4970703125
567.18035888671875 567.005615234375 566.804443359375 566.67083740234375 566.4034423828125 566.07763671875 565.8466796875 565.818115234375 565.9072265625 565.92626953125 565.9586181640625 565.9818115234375 566.024169921875 566.02880859375 566.05133056640625 566.10589599609375 566.2010498046875 566.42669677734375 566.56329345703125 566.4698486328125 566.386962890625 566.3843994140625 566.39898681640625 566.30859375 566.24560546875 566.30029296875 566.3507080078125 566.37603759765625 566.378662109375 566.1859130859375 565.836669921875 565.7974853515625 565.88250732421875 565.94720458984375 565.98516845703125 566.02264404296875 565.9393310546875 565.955078125 565.9989013671875 566.03570556640625 566.0762939453125 566.15740966796875 566.27508544921875 566.35546875 566.3951416015625 566.5087890625
567.23291015625 567.10882568359375 566.919189453125 566.74896240234375 566.44293212890625 566.17626953125 566.07061767578125 566.0743408203125 566.0341796875 565.96551513671875 565.9013671875 565.91766357421875 565.9920654296875 566.0599365234375 566.12054443359375 566.15228271484375 566.1080322265625 566.25341796875 566.38861083984375 566.22900390625 566.0865478515625 566.06805419921875 566.0648193359375 565.768310546875 565.52532958984375 565.54083251953125 565.548828125 565.55438232421875 565.57177734375 565.5657958984375 565.5391845703125 565.596923828125 565.68365478515625 565.7381591796875 565.765625 565.7896728515625 565.8466796875 565.93536376953125 565.99652099609375 566.04827880859375 566.091552734375 566.1630859375 566.26361083984375 566.3363037109375 566.40313720703125 566.52276611328125
