INPUT/RASTER/ASCII/BIO06.asc
ncols        225
nrows        269
xllcorner    473009.983799999987
yllcorner    4429051.174800000153
cellsize     50.000000000000
NODATA_value -9999
[rows 90 to 107 of 269, columns 0 to 41 of 225]
-9999 -9999 -9999 -9999 -9999 -9999 -9999 -9999 -9999 -9999 -9999 -9999 -9999 -9999 -9999 -9999 -9999 -9999 -9999 -9999 5.7380518913269042969 5.7371959686279296875 5.7328629493713378906 5.7311844825744628906 -9999 -9999 -9999 -9999 -9999 -9999 -9999 -9999 5.4106659889221191406 5.4069905281066894531 5.40240478515625 5.3980326652526855469 5.3939280509948730469 5.3907628059387207031 5.3881392478942871094 5.3857874870300292969 5.38335418701171875 5.381832122802734375
-9999 -9999 -9999 -9999 -9999 -9999 -9999 -9999 -9999 -9999 -9999 -9999 -9999 -9999 -9999 -9999 -9999 -9999 -9999 -9999 5.7379574775695800781 5.73711395263671875 5.7328324317932128906 5.7302837371826171875 5.7260394096374511719 -9999 -9999 -9999 5.4356207847595214844 5.4320592880249023438 5.4245500564575195313 5.4173364639282226563 5.4105591773986816406 5.4061913490295410156 5.4018449783325195313 5.398036956787109375 5.3942818641662597656 5.3914866447448730469 5.3893036842346191406 5.3878464698791503906 5.3869166374206542969 5.3861126899719238281
-9999 -9999 -9999 -9999 -9999 -9999 -9999 -9999 -9999 -9999 -9999 -9999 -9999 -9999 -9999 -9999 -9999 5.7531113624572753906 5.7519330978393554688 5.7482142448425292969 5.741718292236328125 5.7362809181213378906 5.7323150634765625 5.7282748222351074219 5.7246551513671875 5.6851143836975097656 5.4966955184936523438 5.4444384574890136719 5.4378962516784667969 5.4337587356567382813 5.4261412620544433594 5.4186992645263671875 5.4121956825256347656 5.4057583808898925781 5.4016661643981933594 5.398357391357421875 5.3949575424194335938 5.3925323486328125 5.3905649185180664063 5.3890829086303710938 5.388126373291015625 5.3873305320739746094
-9999 -9999 -9999 -9999 -9999 -9999 -9999 -9999 -9999 -9999 -9999 -9999 -9999 -9999 -9999 -9999 5.7655644416809082031 5.758380889892578125 5.7518796920776367188 5.7473244667053222656 5.740264892578125 5.7339944839477539063 5.7306165695190429688 5.7272272109985351563 5.7231316566467285156 5.6993975639343261719 5.5567107200622558594 5.4517230987548828125 5.4413661956787109375 5.4376244544982910156 5.4307074546813964844 5.4234228134155273438 5.4156203269958496094 5.4082646369934082031 5.4027910232543945313 5.3991136550903320313 5.3955969810485839844 5.3934216499328613281 5.39191436767578125 5.3904676437377929688 5.3892230987548828125 5.388156890869140625
-9999 -9999 -9999 -9999 -9999 -9999 -9999 -9999 -9999 -9999 -9999 -9999 -9999 -9999 5.7760462760925292969 5.7751569747924804688 5.77092742919921875 5.7617101669311523438 5.7523503303527832031 5.746837615966796875 5.7399702072143554688 5.7347340583801269531 5.7312998771667480469 5.7265477180480957031 5.7219514846801757813 5.7161383628845214844 5.6654286384582519531 5.5177426338195800781 5.4431576728820800781 5.4391021728515625 5.43364715576171875 5.42733001708984375 5.4206299781799316406 5.4126410484313964844 5.4066572189331054688 5.4017758369445800781 5.39604949951171875 5.3938221931457519531 5.392833709716796875 5.3915514945983886719 5.3899831771850585938 5.388690948486328125
-9999 -9999 -9999 -9999 -9999 -9999 -9999 -9999 -9999 -9999 -9999 5.5706434249877929688 5.5646681785583496094 5.5616207122802734375 5.6542339324951171875 5.762638092041015625 5.7723593711853027344 5.7668786048889160156 5.7608847618103027344 5.7524247169494628906 5.7435412406921386719 5.7378020286560058594 5.7331709861755371094 5.7295045852661132813 5.7236185073852539063 5.7178912162780761719 5.7085599899291992188 5.6382389068603515625 5.5075631141662597656 5.4514970779418945313 5.4361405372619628906 5.429595947265625 5.4237713813781738281 5.4172501564025878906 5.4127445220947265625 5.4062976837158203125 5.4000072479248046875 5.39574432373046875 5.3937287330627441406 5.3920197486877441406 5.3904170989990234375 5.3891468048095703125
-9999 -9999 -9999 -9999 -9999 -9999 -9999 -9999 -9999 -9999 5.5738215446472167969 5.5709848403930664063 5.5670485496520996094 5.5623254776000976563 5.5789599418640136719 5.6813340187072753906 5.7445406913757324219 5.7679853439331054688 5.7632293701171875 5.7571392059326171875 5.7515559196472167969 5.744915008544921875 5.7376413345336914063 5.7339549064636230469 5.7273964881896972656 5.7220134735107421875 5.7164006233215332031 5.7019362449645996094 5.6717519760131835938 5.5634469985961914063 5.4509248733520507813 5.4307537078857421875 5.4254097938537597656 5.4199552536010742188 5.4159650802612304688 5.411022186279296875 5.4053335189819335938 5.400791168212890625 5.3973822593688964844 5.3934764862060546875 5.3914504051208496094 5.3900876045227050781
-9999 -9999 -9999 -9999 -9999 -9999 -9999 -9999 -9999 -9999 5.5740642547607421875 5.5716567039489746094 5.5670676231384277344 5.5623507499694824219 5.5598750114440917969 5.5783567428588867188 5.6358957290649414063 5.7419676780700683594 5.7646832466125488281 5.7584161758422851563 5.7534780502319335938 5.7494826316833496094 5.7458014488220214844 5.7411665916442871094 5.7334971427917480469 5.7276659011840820313 5.7197222709655761719 5.714679718017578125 5.7103729248046875 5.6694817543029785156 5.5225305557250976563 5.4353499412536621094 5.4266276359558105469 5.4218449592590332031 5.4183034896850585938 5.414386749267578125 5.4094738960266113281 5.4061350822448730469 5.4025282859802246094 5.3986787796020507813 5.3951053619384765625 5.3926763534545898438
-9999 -9999 -9999 -9999 -9999 -9999 -9999 -9999 -9999 -9999 5.5744681358337402344 5.5719780921936035156 5.5670990943908691406 5.5624346733093261719 5.55834197998046875 5.554691314697265625 5.5706639289855957031 5.656219482421875 5.7231326103210449219 5.7534327507019042969 5.7568240165710449219 5.7535552978515625 5.7504954338073730469 5.7471280097961425781 5.7419452667236328125 5.7362170219421386719 5.7258968353271484375 5.7216157913208007813 5.7182335853576660156 5.7111363410949707031 5.6379342079162597656 5.5036563873291015625 5.4515104293823242188 5.4242458343505859375 5.4204416275024414063 5.4170155525207519531 5.4130525588989257813 5.4104719161987304688 5.4086461067199707031 5.4062252044677734375 5.4030084609985351563 5.3997664451599121094
-9999 -9999 -9999 -9999 -9999 -9999 -9999 -9999 -9999 -9999 5.5743012428283691406 5.5722131729125976563 5.5674543380737304688 5.5627236366271972656 5.5588059425354003906 5.5553312301635742188 5.5542187690734863281 5.5641756057739257813 5.6087756156921386719 5.7115840911865234375 5.7578334808349609375 5.7580170631408691406 5.7555117607116699219 5.7523503303527832031 5.7478032112121582031 5.7426319122314453125 5.7360553741455078125 5.7325878143310546875 5.7300658226013183594 5.7254996299743652344 5.7088975906372070313 5.6616792678833007813 5.548496246337890625 5.4432573318481445313 5.4239377975463867188 5.4202699661254882813 5.4163470268249511719 5.4142141342163085938 5.414089202880859375 5.413288116455078125 5.411434173583984375 5.4098310470581054688
-9999 -9999 -9999 -9999 -9999 -9999 -9999 -9999 -9999 -9999 5.5742292404174804688 5.575107574462890625 5.5706377029418945313 5.5637836456298828125 5.5592279434204101563 5.5556530952453613281 5.5534639358520507813 5.5496978759765625 5.5487112998962402344 5.6161093711853027344 5.73138427734375 5.7583880424499511719 5.7568960189819335938 5.7542815208435058594 5.7507739067077636719 5.7459049224853515625 5.7413115501403808594 5.7374539375305175781 5.7343225479125976563 5.7293977737426757813 5.723423004150390625 5.7144293785095214844 5.6666393280029296875 5.5204916000366210938 5.4361958503723144531 5.4249420166015625 5.4190745353698730469 5.4157009124755859375 5.4151897430419921875 5.4152355194091796875 5.4143681526184082031 5.4131474494934082031
-9999 -9999 -9999 -9999 -9999 -9999 -9999 -9999 -9999 -9999 -9999 5.5869498252868652344 5.5804352760314941406 5.5688581466674804688 5.5624337196350097656 5.5566892623901367188 5.5537738800048828125 5.5502796173095703125 5.5463275909423828125 5.5461721420288085938 5.6445031166076660156 5.75017547607421875 5.7570056915283203125 5.7547488212585449219 5.7518191337585449219 5.74846649169921875 5.7443599700927734375 5.7400979995727539063 5.7369604110717773438 5.7318310737609863281 5.7251334190368652344 5.7197008132934570313 5.7140965461730957031 5.6481065750122070313 5.5367980003356933594 5.4488587379455566406 5.4234304428100585938 5.4185647964477539063 5.4161505699157714844 5.4150233268737792969 5.4145760536193847656 5.4136991500854492188
-9999 -9999 -9999 -9999 -9999 -9999 -9999 -9999 -9999 -9999 -9999 5.5945281982421875 5.5891079902648925781 5.5799884796142578125 5.5724539756774902344 5.5624933242797851563 5.5575199127197265625 5.5517773628234863281 5.5466990470886230469 5.5425915718078613281 5.5598654747009277344 5.6846590042114257813 5.7571468353271484375 5.7552456855773925781 5.7526302337646484375 5.7496480941772460938 5.7457385063171386719 5.7419362068176269531 5.7391018867492675781 5.7335371971130371094 5.727207183837890625 5.7209124565124511719 5.7160229682922363281 5.7083578109741210938 5.6827483177185058594 5.5463728904724121094 5.4384198188781738281 5.4220938682556152344 5.4186754226684570313 5.4159522056579589844 5.414134979248046875 5.4131531715393066406
-9999 -9999 -9999 -9999 -9999 -9999 -9999 -9999 -9999 -9999 -9999 5.5967664718627929688 5.5931453704833984375 5.5865840911865234375 5.5804920196533203125 5.5735883712768554688 5.5684647560119628906 5.5586462020874023438 5.5513281822204589844 5.5448946952819824219 5.5413303375244140625 5.58026885986328125 5.65904998779296875 5.7268958091735839844 5.7530393600463867188 5.7505998611450195313 5.7461504936218261719 5.7421169281005859375 5.739223480224609375 5.7343497276306152344 5.7286920547485351563 5.7229509353637695313 5.7180285453796386719 5.7131853103637695313 5.7085237503051757813 5.6583375930786132813 5.5137648582458496094 5.4348020553588867188 5.4225482940673828125 5.41887664794921875 5.415935516357421875 5.413394927978515625
-9999 -9999 -9999 -9999 -9999 -9999 -9999 -9999 -9999 -9999 -9999 5.5990619659423828125 5.5957465171813964844 5.5898113250732421875 5.5850892066955566406 5.5802097320556640625 5.5764312744140625 5.5696558952331542969 5.5630846023559570313 5.5537319183349609375 5.5447554588317871094 5.5405969619750976563 5.5579919815063476563 5.6433224678039550781 5.7239675521850585938 5.7473711967468261719 5.7459759712219238281 5.7418112754821777344 5.7389473915100097656 5.734302520751953125 5.7293672561645507813 5.7248783111572265625 5.7207226753234863281 5.7169981002807617188 5.7145667076110839844 5.7065219879150390625 5.6457762718200683594 5.5663166046142578125 5.4565868377685546875 5.4267296791076660156 5.4211015701293945313 5.4175739288330078125
-9999 -9999 -9999 -9999 -9999 -9999 -9999 -9999 -9999 -9999 -9999 5.5990047454833984375 5.5960488319396972656 5.5918111801147460938 5.5880117416381835938 5.5839982032775878906 5.5814304351806640625 5.5772547721862792969 5.572734832763671875 5.5661091804504394531 5.5593676567077636719 5.5538058280944824219 5.550960540771484375 5.5709948539733886719 5.6052384376525878906 5.7040457725524902344 5.7457928657531738281 5.7416028976440429688 5.7388906478881835938 5.734432220458984375 5.72989654541015625 5.7259092330932617188 5.7226758003234863281 5.7200422286987304688 5.7182555198669433594 5.7157225608825683594 5.7122359275817871094 5.6900305747985839844 5.557346343994140625 5.4446306228637695313 5.4287128448486328125 5.4265618324279785156
-9999 -9999 -9999 -9999 -9999 -9999 -9999 -9999 -9999 -9999 5.6009149551391601563 5.5989670753479003906 5.5956864356994628906 5.5919728279113769531 5.5885992050170898438 5.5855150222778320313 5.58348846435546875 5.5798482894897460938 5.5765194892883300781 5.5728397369384765625 5.5685214996337890625 5.563907623291015625 5.56159210205078125 5.5569143295288085938 5.54892730712890625 5.616733551025390625 5.7329721450805664063 5.742702484130859375 5.7397780418395996094 5.7352023124694824219 5.7305979728698730469 5.7265543937683105469 5.7235026359558105469 5.7212896347045898438 5.7198958396911621094 5.7179441452026367188 5.7148847579956054688 5.7106881141662597656 5.6587848663330078125 5.510021209716796875 5.4381031990051269531 5.4321131706237792969
-9999 -9999 -9999 -9999 -9999 -9999 -9999 -9999 -9999 -9999 5.6005835533142089844 5.5989480018615722656 5.5954046249389648438 5.5917749404907226563 5.5885529518127441406 5.5856676101684570313 5.5838608741760253906 5.5808558464050292969 5.5780048370361328125 5.5752081871032714844 5.5716881752014160156 5.5678257942199707031 5.5659165382385253906 5.5620603561401367188 5.5558934211730957031 5.5616297721862792969 5.6598687171936035156 5.7419691085815429688 5.7436938285827636719 5.7372598648071289063 5.7317714691162109375 5.7272992134094238281 5.7242288589477539063 5.7220978736877441406 5.7209072113037109375 5.7190799713134765625 5.7160820960998535156 5.7123699188232421875 5.703121185302734375 5.6226940155029296875 5.4843316078186035156 5.4409613609313964844
