INPUT/RASTER/ASCII/BIO06.asc
ncols        225
nrows        269
xllcorner    473009.983799999987
yllcorner    4429051.174800000153
cellsize     50.000000000000
NODATA_value  -9999
[rows 171 to 189 of 269, columns 129 to 171 of 225]
5.2598671913146972656 5.2678256034851074219 5.2708268165588378906 5.2711911201477050781 5.2697687149047851563 5.2681484222412109375 5.2689485549926757813 5.2697148323059082031 5.2705092430114746094 5.2711701393127441406 5.2712907791137695313 5.2705674171447753906 5.2690100669860839844 5.2668123245239257813 5.2652068138122558594 5.2647261619567871094 5.2643671035766601563 5.2638173103332519531 5.263763427734375 5.2645626068115234375 5.2652587890625 5.265697479248046875 5.2660241127014160156 5.2657442092895507813 5.2649822235107421875 5.2626924514770507813 5.2571196556091308594 5.2527284622192382813 5.2449946403503417969 5.2407865524291992188 5.2407884597778320313 5.2436575889587402344 5.2477273941040039063 5.2497544288635253906 5.2497587203979492188 5.2484507560729980469 5.2471137046813964844 5.2456088066101074219 5.2437829971313476563 5.2412142753601074219 5.2366790771484375 5.2323293685913085938 5.2310099601745605469
5.2599887847900390625 5.2688055038452148438 5.2724332809448242188 5.2742342948913574219 5.2743430137634277344 5.2723817825317382813 5.2706966400146484375 5.2700972557067871094 5.2704334259033203125 5.2713861465454101563 5.2722768783569335938 5.2721657752990722656 5.2710747718811035156 5.2693066596984863281 5.2678384780883789063 5.2673830986022949219 5.2669649124145507813 5.2663102149963378906 5.2657999992370605469 5.2658019065856933594 5.2660231590270996094 5.2661218643188476563 5.2660470008850097656 5.2654981613159179688 5.2644848823547363281 5.2618732452392578125 5.2559866905212402344 5.2514181137084960938 5.2434182167053222656 5.2394261360168457031 5.2402849197387695313 5.2436184883117675781 5.2478241920471191406 5.2498607635498046875 5.2507367134094238281 5.2507796287536621094 5.24950408935546875 5.2478280067443847656 5.2460651397705078125 5.2443432807922363281 5.2424774169921875 5.2404856681823730469 5.2391324043273925781
5.2548069953918457031 5.2648081779479980469 5.2690787315368652344 5.2725605964660644531 5.2746548652648925781 5.2740054130554199219 5.2725119590759277344 5.2712917327880859375 5.2712459564208984375 5.2722010612487792969 5.2735075950622558594 5.2738032341003417969 5.2729439735412597656 5.2715373039245605469 5.2703909873962402344 5.2699913978576660156 5.2694058418273925781 5.2684102058410644531 5.2674326896667480469 5.2669420242309570313 5.2667989730834960938 5.2665653228759765625 5.2660455703735351563 5.2651333808898925781 5.263690948486328125 5.2604689598083496094 5.2540335655212402344 5.2494611740112304688 5.242000579833984375 5.2387413978576660156 5.2400121688842773438 5.2433810234069824219 5.2474989891052246094 5.2494397163391113281 5.2504620552062988281 5.2507076263427734375 5.2492809295654296875 5.2473878860473632813 5.2458353042602539063 5.2449612617492675781 5.2435903549194335938 5.2422165870666503906 5.2409663200378417969
5.2477955818176269531 5.2587380409240722656 5.2637491226196289063 5.26929473876953125 5.2737994194030761719 5.2750535011291503906 5.2747316360473632813 5.2737054824829101563 5.2733798027038574219 5.2738995552062988281 5.2749347686767578125 5.2751131057739257813 5.2742280960083007813 5.2729077339172363281 5.2719511985778808594 5.2715611457824707031 5.2707657814025878906 5.2694787979125976563 5.2683625221252441406 5.2676644325256347656 5.2673058509826660156 5.2668361663818359375 5.2659087181091308594 5.2647023200988769531 5.262813568115234375 5.2587866783142089844 5.2514185905456542969 5.2468500137329101563 5.2405481338500976563 5.2384157180786132813 5.2399067878723144531 5.2430682182312011719 5.2467713356018066406 5.2487154006958007813 5.250087738037109375 5.2503046989440917969 5.2487072944641113281 5.2468476295471191406 5.2451844215393066406 5.2442584037780761719 5.2427206039428710938 5.2413587570190429688 5.2402191162109375
5.2387418746948242188 5.2491979598999023438 5.2553272247314453125 5.2632656097412109375 5.2714285850524902344 5.275909423828125 5.2769927978515625 5.2762436866760253906 5.2757315635681152344 5.2754917144775390625 5.2754430770874023438 5.2752537727355957031 5.2744503021240234375 5.273242950439453125 5.2723851203918457031 5.2717957496643066406 5.2707390785217285156 5.269412994384765625 5.26853179931640625 5.2679553031921386719 5.26747894287109375 5.2668290138244628906 5.2655763626098632813 5.264110565185546875 5.2620487213134765625 5.2576117515563964844 5.2494511604309082031 5.2444410324096679688 5.2380366325378417969 5.23659515380859375 5.23892974853515625 5.2425012588500976563 5.2458448410034179688 5.2477779388427734375 5.2492547035217285156 5.2494726181030273438 5.2478399276733398438 5.245685577392578125 5.2439169883728027344 5.2429871559143066406 5.2414031028747558594 5.2398939132690429688 5.2387256622314453125
5.2305874824523925781 5.2387967109680175781 5.2459850311279296875 5.256298065185546875 5.2682738304138183594 5.276165008544921875 5.2786617279052734375 5.2780370712280273438 5.2772727012634277344 5.276531219482421875 5.2755441665649414063 5.2748923301696777344 5.2742147445678710938 5.2731695175170898438 5.2724742889404296875 5.2715768814086914063 5.2703561782836914063 5.2692790031433105469 5.2684507369995117188 5.2677354812622070313 5.2672200202941894531 5.2665123939514160156 5.2651319503784179688 5.2634997367858886719 5.2612028121948242188 5.2567310333251953125 5.2488560676574707031 5.2440748214721679688 5.2379250526428222656 5.2364306449890136719 5.2389855384826660156 5.2426457405090332031 5.2456307411193847656 5.2472548484802246094 5.248508453369140625 5.2489061355590820313 5.24756622314453125 5.2452874183654785156 5.2432646751403808594 5.2422399520874023438 5.2404713630676269531 5.238811492919921875 5.2376074790954589844
5.2283563613891601563 5.2338209152221679688 5.2412896156311035156 5.2523813247680664063 5.2657103538513183594 5.2747559547424316406 5.2781519889831542969 5.2781500816345214844 5.2775979042053222656 5.2768254280090332031 5.2757086753845214844 5.2748627662658691406 5.2740659713745117188 5.2730345726013183594 5.2723679542541503906 5.2713465690612792969 5.2700595855712890625 5.2690224647521972656 5.2681155204772949219 5.2672014236450195313 5.2666068077087402344 5.2658686637878417969 5.2644581794738769531 5.2627401351928710938 5.2602443695068359375 5.2557210922241210938 5.2482619285583496094 5.2439069747924804688 5.2386307716369628906 5.2377033233642578125 5.240108489990234375 5.2431812286376953125 5.2456083297729492188 5.2468118667602539063 5.2478346824645996094 5.2483267784118652344 5.2473049163818359375 5.2451429367065429688 5.2428021430969238281 5.2415838241577148438 5.2396531105041503906 5.2378644943237304688 5.2365336418151855469
5.2313165664672851563 5.2331719398498535156 5.239635467529296875 5.2498908042907714844 5.2627024650573730469 5.2721853256225585938 5.2767462730407714844 5.2776355743408203125 5.2774095535278320313 5.2767839431762695313 5.275787353515625 5.2748494148254394531 5.2739005088806152344 5.2728300094604492188 5.272159576416015625 5.2710928916931152344 5.2697672843933105469 5.2686038017272949219 5.267498016357421875 5.2663555145263671875 5.2656311988830566406 5.2648615837097167969 5.2635092735290527344 5.2618665695190429688 5.259395599365234375 5.2550458908081054688 5.2483549118041992188 5.2445960044860839844 5.2403025627136230469 5.2400565147399902344 5.2420501708984375 5.2440938949584960938 5.245769500732421875 5.2466096878051757813 5.2472963333129882813 5.2476224899291992188 5.2467699050903320313 5.2447915077209472656 5.2423720359802246094 5.2409825325012207031 5.2388224601745605469 5.236907958984375 5.2354054450988769531
5.2396817207336425781 5.2378211021423339844 5.2415680885314941406 5.2492165565490722656 5.2600178718566894531 5.269397735595703125 5.2750520706176757813 5.2767930030822753906 5.2769556045532226563 5.2765522003173828125 5.2756071090698242188 5.2745566368103027344 5.2734885215759277344 5.2723703384399414063 5.2717280387878417969 5.2707390785217285156 5.2694149017333984375 5.2680530548095703125 5.2666134834289550781 5.2651720046997070313 5.2642312049865722656 5.2633733749389648438 5.2621240615844726563 5.2607717514038085938 5.2586178779602050781 5.2547883987426757813 5.2492566108703613281 5.2463335990905761719 5.2430753707885742188 5.2428326606750488281 5.2439250946044921875 5.2450304031372070313 5.2461056709289550781 5.2465958595275878906 5.2468762397766113281 5.2468218803405761719 5.2459588050842285156 5.2441005706787109375 5.2418489456176757813 5.2404255867004394531 5.2380762100219726563 5.2359933853149414063 5.2343454360961914063
5.2498779296875 5.245059967041015625 5.2457203865051269531 5.2502260208129882813 5.2587351799011230469 5.2675547599792480469 5.2734265327453613281 5.2757968902587890625 5.2764105796813964844 5.276180267333984375 5.2751240730285644531 5.273891448974609375 5.272701263427734375 5.2715425491333007813 5.2709503173828125 5.2701654434204101563 5.2689309120178222656 5.267269134521484375 5.2652578353881835938 5.2632689476013183594 5.2620148658752441406 5.2609448432922363281 5.25972747802734375 5.2588410377502441406 5.2572183609008789063 5.2541356086730957031 5.2495069503784179688 5.247222900390625 5.2449131011962890625 5.2445306777954101563 5.2449798583984375 5.2456293106079101563 5.2463250160217285156 5.2465066909790039063 5.2465167045593261719 5.2461209297180175781 5.2450575828552246094 5.2433524131774902344 5.2412815093994140625 5.2398471832275390625 5.2374324798583984375 5.2352609634399414063 5.23340606689453125
5.2620339393615722656 5.2555494308471679688 5.2537097930908203125 5.2546105384826660156 5.2589597702026367188 5.2654061317443847656 5.2711176872253417969 5.2744565010070800781 5.2756800651550292969 5.2754268646240234375 5.2738356590270996094 5.2722563743591308594 5.27099609375 5.2698411941528320313 5.2693958282470703125 5.2690587043762207031 5.2677597999572753906 5.2650423049926757813 5.2612810134887695313 5.2575726509094238281 5.2553234100341796875 5.2534928321838378906 5.2526288032531738281 5.2535967826843261719 5.2530546188354492188 5.2511968612670898438 5.2476963996887207031 5.2458047866821289063 5.2439889907836914063 5.2441277503967285156 5.2450776100158691406 5.245845794677734375 5.2462210655212402344 5.2461848258972167969 5.2459034919738769531 5.2450585365295410156 5.2437605857849121094 5.2421813011169433594 5.240360260009765625 5.2390799522399902344 5.2367806434631347656 5.2344613075256347656 5.2324175834655761719
5.2701416015625 5.264644622802734375 5.2624063491821289063 5.2608842849731445313 5.2612586021423339844 5.2644939422607421875 5.2696251869201660156 5.2735028266906738281 5.2750267982482910156 5.2746214866638183594 5.2725729942321777344 5.270931243896484375 5.2698321342468261719 5.2690091133117675781 5.2687435150146484375 5.268299102783203125 5.2664060592651367188 5.2623004913330078125 5.2556366920471191406 5.2479157447814941406 5.2432889938354492188 5.2414326667785644531 5.242961883544921875 5.2469162940979003906 5.2480340003967285156 5.2470002174377441406 5.2445535659790039063 5.2430863380432128906 5.241912841796875 5.2430443763732910156 5.2447028160095214844 5.2457141876220703125 5.2460041046142578125 5.2458596229553222656 5.245342254638671875 5.2442383766174316406 5.2427539825439453125 5.2410488128662109375 5.2393889427185058594 5.2383275032043457031 5.236301422119140625 5.2340283393859863281 5.2317690849304199219
5.2756910324096679688 5.2713761329650878906 5.2693228721618652344 5.2671093940734863281 5.265331268310546875 5.2660889625549316406 5.2697057723999023438 5.2730312347412109375 5.2745370864868164063 5.2738308906555175781 5.2715349197387695313 5.2702021598815917969 5.2694902420043945313 5.2689456939697265625 5.2686176300048828125 5.2676577568054199219 5.2651352882385253906 5.2601075172424316406 5.2509469985961914063 5.2389435768127441406 5.2320384979248046875 5.2302746772766113281 5.2338933944702148438 5.2402920722961425781 5.2428269386291503906 5.2424082756042480469 5.2406787872314453125 5.2397894859313964844 5.2399196624755859375 5.2422022819519042969 5.2442417144775390625 5.2452850341796875 5.2455196380615234375 5.2454090118408203125 5.2448134422302246094 5.2435889244079589844 5.2420401573181152344 5.2403035163879394531 5.2386631965637207031 5.237682342529296875 5.2357878684997558594 5.2335438728332519531 5.2313628196716308594
5.279270172119140625 5.2761044502258300781 5.2744584083557128906 5.2725749015808105469 5.2703299522399902344 5.2693324089050292969 5.2708535194396972656 5.2730226516723632813 5.2741532325744628906 5.2730746269226074219 5.2707767486572265625 5.2697863578796386719 5.2693848609924316406 5.2687559127807617188 5.2682042121887207031 5.2668738365173339844 5.2640728950500488281 5.2587590217590332031 5.2491426467895507813 5.2366795539855957031 5.2296452522277832031 5.2268643379211425781 5.2286391258239746094 5.2344431877136230469 5.2375445365905761719 5.2376837730407714844 5.2370691299438476563 5.2371068000793457031 5.2388434410095214844 5.2418637275695800781 5.2438516616821289063 5.2448596954345703125 5.2450346946716308594 5.2448549270629882813 5.2442646026611328125 5.2430281639099121094 5.2414150238037109375 5.23966217041015625 5.2380237579345703125 5.2370324134826660156 5.2351474761962890625 5.2330346107482910156 5.2310252189636230469
5.2812886238098144531 5.2791848182678222656 5.2780594825744628906 5.27672576904296875 5.2747602462768554688 5.2729730606079101563 5.2727680206298828125 5.2735128402709960938 5.2736968994140625 5.2720918655395507813 5.2701425552368164063 5.2695155143737792969 5.2691545486450195313 5.2680988311767578125 5.2672495841979980469 5.2657651901245117188 5.2629499435424804688 5.2577137947082519531 5.2486567497253417969 5.2370939254760742188 5.23036956787109375 5.2268438339233398438 5.2261590957641601563 5.2290816307067871094 5.2318792343139648438 5.2330317497253417969 5.2339324951171875 5.23505401611328125 5.2384023666381835938 5.2417788505554199219 5.2435164451599121094 5.2443408966064453125 5.2444481849670410156 5.2442383766174316406 5.2436895370483398438 5.2424931526184082031 5.2407813072204589844 5.2389554977416992188 5.2372794151306152344 5.2362165451049804688 5.2342901229858398438 5.2323203086853027344 5.2305874824523925781
5.2817468643188476563 5.2803597450256347656 5.2795648574829101563 5.2785506248474121094 5.2770390510559082031 5.2753705978393554688 5.2742943763732910156 5.2737784385681152344 5.2728695869445800781 5.2709736824035644531 5.2695574760437011719 5.2692065238952636719 5.2685680389404296875 5.2666926383972167969 5.265415191650390625 5.2638092041015625 5.2610673904418945313 5.256130218505859375 5.2477736473083496094 5.23686981201171875 5.2301545143127441406 5.2267866134643554688 5.2252893447875976563 5.2261343002319335938 5.2278728485107421875 5.2296266555786132813 5.2318897247314453125 5.2339024543762207031 5.238250732421875 5.2415614128112792969 5.2429723739624023438 5.2435445785522460938 5.2436342239379882813 5.243427276611328125 5.2428655624389648438 5.2415490150451660156 5.2396960258483886719 5.2378015518188476563 5.2360391616821289063 5.2349314689636230469 5.2330904006958007813 5.2313375473022460938 5.229915618896484375
5.279689788818359375 5.2785615921020507813 5.2778124809265136719 5.2767181396484375 5.2754101753234863281 5.2742285728454589844 5.273113250732421875 5.2721352577209472656 5.2713971138000488281 5.2701754570007324219 5.2689929008483886719 5.268619537353515625 5.2673001289367675781 5.2641344070434570313 5.262027740478515625 5.2595295906066894531 5.2568655014038085938 5.2527146339416503906 5.2450857162475585938 5.2352128028869628906 5.2291593551635742188 5.2264180183410644531 5.225284576416015625 5.2256331443786621094 5.2265143394470214844 5.2278923988342285156 5.2304120063781738281 5.2326970100402832031 5.2374348640441894531 5.2406945228576660156 5.2419033050537109375 5.2424030303955078125 5.2426018714904785156 5.2423844337463378906 5.2416973114013671875 5.2401123046875 5.2379717826843261719 5.2360577583312988281 5.2344279289245605469 5.2334084510803222656 5.2317166328430175781 5.2302002906799316406 5.2290253639221191406
5.2754497528076171875 5.2742590904235839844 5.2733416557312011719 5.2720632553100585938 5.2706613540649414063 5.2697167396545410156 5.2695088386535644531 5.2695708274841308594 5.2697110176086425781 5.2693209648132324219 5.26849365234375 5.2677683830261230469 5.2653365135192871094 5.2602996826171875 5.2568445205688476563 5.252758026123046875 5.2500309944152832031 5.2469053268432617188 5.2407369613647460938 5.2334909439086914063 5.2294607162475585938 5.2271633148193359375 5.2256312370300292969 5.2255597114562988281 5.2260313034057617188 5.2270154953002929688 5.2291760444641113281 5.2314658164978027344 5.2363290786743164063 5.2394652366638183594 5.24077606201171875 5.2415399551391601563 5.2418112754821777344 5.2416448593139648438 5.2409696578979492188 5.239360809326171875 5.2371754646301269531 5.2352328300476074219 5.2336969375610351563 5.2327680587768554688 5.2312531471252441406 5.2298293113708496094 5.2286691665649414063
5.2717790603637695313 5.2704968452453613281 5.2694759368896484375 5.2680616378784179688 5.2664332389831542969 5.2655253410339355469 5.2662181854248046875 5.2672190666198730469 5.2678599357604980469 5.2681398391723632813 5.2679667472839355469 5.2669482231140136719 5.2635164260864257813 5.25696563720703125 5.2525529861450195313 5.2471876144409179688 5.243915557861328125 5.2413849830627441406 5.23711395263671875 5.2320513725280761719 5.22918701171875 5.2274212837219238281 5.2256693840026855469 5.2252173423767089844 5.2253513336181640625 5.22591400146484375 5.2276968955993652344 5.2299261093139648438 5.2347788810729980469 5.2379717826843261719 5.2394814491271972656 5.2404756546020507813 5.2408223152160644531 5.2407588958740234375 5.2402596473693847656 5.2388463020324707031 5.2368011474609375 5.2348513603210449219 5.2333970069885253906 5.2325544357299804688 5.231143951416015625 5.2298140525817871094 5.2286977767944335938
