INPUT/RASTER/ASCII/BIO02.asc
ncols        225
nrows        269
xllcorner    473009.983799999987
yllcorner    4429051.174800000153
cellsize     50.000000000000
NODATA_value -9999
[rows 54 to 71 of 269, columns 126 to 167 of 225]
10.302545547485351563 10.308279037475585938 10.311497688293457031 10.316317558288574219 10.320826530456542969 10.326886177062988281 10.332842826843261719 10.335513114929199219 10.3400115966796875 10.35626983642578125 10.361380577087402344 10.364322662353515625 10.374418258666992188 10.37967681884765625 10.381186485290527344 10.383971214294433594 10.390900611877441406 10.395526885986328125 10.398601531982421875 10.401049613952636719 10.402602195739746094 10.406078338623046875 10.413107872009277344 10.422886848449707031 10.43121337890625 10.436801910400390625 10.440220832824707031 10.442882537841796875 10.44622039794921875 10.453188896179199219 10.471282005310058594 10.501011848449707031 10.521457672119140625 10.540689468383789063 10.556927680969238281 10.569263458251953125 10.584981918334960938 10.602356910705566406 10.610277175903320313 10.61232757568359375 -9999 -9999
10.302244186401367188 10.310666084289550781 10.313823699951171875 10.317925453186035156 10.322200775146484375 10.331135749816894531 10.341826438903808594 10.350801467895507813 10.354102134704589844 10.358524322509765625 10.358842849731445313 10.358980178833007813 10.363679885864257813 10.369115829467773438 10.371047019958496094 10.3735198974609375 10.378566741943359375 10.384049415588378906 10.388449668884277344 10.390843391418457031 10.392347335815429688 10.394965171813964844 10.398502349853515625 10.402623176574707031 10.407181739807128906 10.41204071044921875 10.41928863525390625 10.424814224243164063 10.433483123779296875 10.443696022033691406 10.461758613586425781 10.487447738647460938 10.503817558288574219 10.518231391906738281 10.531226158142089844 10.542757987976074219 10.558916091918945313 10.579606056213378906 10.598185539245605469 10.608559608459472656 10.634716987609863281 10.642861366271972656
10.287630081176757813 10.305533409118652344 10.311488151550292969 10.31546783447265625 10.323449134826660156 10.336444854736328125 10.3437042236328125 10.347647666931152344 10.348572731018066406 10.343164443969726563 10.339229583740234375 10.341219902038574219 10.345753669738769531 10.351962089538574219 10.354619026184082031 10.357003211975097656 10.3604583740234375 10.366240501403808594 10.372111320495605469 10.374693870544433594 10.376257896423339844 10.378621101379394531 10.381579399108886719 10.384210586547851563 10.386940956115722656 10.390664100646972656 10.39842987060546875 10.4060821533203125 10.418368339538574219 10.432375907897949219 10.452353477478027344 10.474883079528808594 10.487611770629882813 10.497369766235351563 10.506158828735351563 10.513253211975097656 10.522505760192871094 10.5429840087890625 10.565587043762207031 10.589318275451660156 10.628260612487792969 10.646124839782714844
10.255857467651367188 10.280991554260253906 10.292089462280273438 10.301537513732910156 10.317606925964355469 10.326189041137695313 10.327276229858398438 10.329880714416503906 10.33077239990234375 10.325762748718261719 10.32030487060546875 10.32344818115234375 10.327712059020996094 10.334019660949707031 10.337371826171875 10.339708328247070313 10.342970848083496094 10.348681449890136719 10.354616165161132813 10.357152938842773438 10.358668327331542969 10.360983848571777344 10.363887786865234375 10.366394996643066406 10.368893623352050781 10.372776985168457031 10.380999565124511719 10.38939666748046875 10.403874397277832031 10.420989036560058594 10.443017005920410156 10.462985992431640625 10.473141670227050781 10.479778289794921875 10.4865264892578125 10.495032310485839844 10.508504867553710938 10.528547286987304688 10.552453994750976563 10.588845252990722656 10.637033462524414063 10.659597396850585938
10.224549293518066406 10.254761695861816406 10.266379356384277344 10.277092933654785156 10.290067672729492188 10.291769027709960938 10.30059814453125 10.30953216552734375 10.31206512451171875 10.313879966735839844 10.3175201416015625 10.323534011840820313 10.327239036560058594 10.333464622497558594 10.336808204650878906 10.33914947509765625 10.34241485595703125 10.348132133483886719 10.354053497314453125 10.356589317321777344 10.358105659484863281 10.360423088073730469 10.363324165344238281 10.365830421447753906 10.368572235107421875 10.373545646667480469 10.381557464599609375 10.393137931823730469 10.409587860107421875 10.427350997924804688 10.44886016845703125 10.468160629272460938 10.480129241943359375 10.500354766845703125 10.5098114013671875 10.521306991577148438 10.546622276306152344 10.563596725463867188 10.578551292419433594 10.592082977294921875 10.615003585815429688 10.634481430053710938
10.211238861083984375 10.229433059692382813 10.233754158020019531 10.24236297607421875 10.248457908630371094 10.249353408813476563 10.266286849975585938 10.280591011047363281 10.284449577331542969 10.288461685180664063 10.300713539123535156 10.316066741943359375 10.321908950805664063 10.327313423156738281 10.330691337585449219 10.333446502685546875 10.3367919921875 10.342531204223632813 10.348453521728515625 10.351008415222167969 10.352542877197265625 10.354887008666992188 10.357804298400878906 10.360329627990722656 10.364271163940429688 10.37085723876953125 10.376826286315917969 10.391228675842285156 10.410787582397460938 10.434647560119628906 10.458626747131347656 10.486582756042480469 10.505311012268066406 10.5311737060546875 10.543285369873046875 10.549942970275878906 10.560144424438476563 10.571221351623535156 10.585302352905273438 10.594153404235839844 10.607797622680664063 10.621750831604003906
10.206491470336914063 10.206068992614746094 10.209160804748535156 10.215731620788574219 10.214142799377441406 10.212972640991210938 10.224265098571777344 10.232314109802246094 10.235959053039550781 10.241044044494628906 10.254009246826171875 10.268741607666015625 10.275814056396484375 10.282238960266113281 10.29048919677734375 10.300631523132324219 10.305207252502441406 10.311389923095703125 10.318734169006347656 10.32210540771484375 10.323863983154296875 10.333348274230957031 10.354822158813476563 10.357287406921386719 10.361185073852539063 10.368124961853027344 10.373834609985351563 10.387083053588867188 10.404740333557128906 10.427774429321289063 10.454491615295410156 10.495082855224609375 10.518894195556640625 10.532326698303222656 10.542255401611328125 10.547673225402832031 10.55658721923828125 10.570555686950683594 10.58492279052734375 10.592481613159179688 10.60482025146484375 10.616003036499023438
10.202889442443847656 10.201216697692871094 10.201822280883789063 10.198193550109863281 10.19159698486328125 10.190299034118652344 10.195382118225097656 10.1983489990234375 10.202924728393554688 10.21051025390625 10.222958564758300781 10.230694770812988281 10.235776901245117188 10.243042945861816406 10.253666877746582031 10.267621040344238281 10.273374557495117188 10.283605575561523438 10.3053436279296875 10.316537857055664063 10.318114280700683594 10.326292037963867188 10.345079421997070313 10.347468376159667969 10.350184440612792969 10.355061531066894531 10.360186576843261719 10.372540473937988281 10.387563705444335938 10.406586647033691406 10.43593597412109375 10.484289169311523438 10.509791374206542969 10.522229194641113281 10.531250953674316406 10.535117149353027344 10.544467926025390625 10.564891815185546875 10.580679893493652344 10.586256027221679688 10.597515106201171875 10.611351966857910156
10.19811248779296875 10.202507972717285156 10.200125694274902344 10.187021255493164063 10.176820755004882813 10.175733566284179688 10.180876731872558594 10.182709693908691406 10.188159942626953125 10.197999954223632813 10.212446212768554688 10.22179412841796875 10.228334426879882813 10.237824440002441406 10.255156517028808594 10.278812408447265625 10.287613868713378906 10.298462867736816406 10.316731452941894531 10.326971054077148438 10.328431129455566406 10.329178810119628906 10.330598831176757813 10.332089424133300781 10.333909988403320313 10.337458610534667969 10.341923713684082031 10.354266166687011719 10.371023178100585938 10.396944999694824219 10.436495780944824219 10.484918594360351563 10.50760650634765625 10.517884254455566406 10.526056289672851563 10.530211448669433594 10.541004180908203125 10.562939643859863281 10.575362205505371094 10.577652931213378906 10.583631515502929688 10.597424507141113281
10.197733879089355469 10.206638336181640625 10.200746536254882813 10.183162689208984375 10.167158126831054688 10.163393974304199219 10.16905975341796875 10.174291610717773438 10.180371284484863281 10.191082000732421875 10.209536552429199219 10.236049652099609375 10.248713493347167969 10.259688377380371094 10.272317886352539063 10.289286613464355469 10.30030059814453125 10.31255340576171875 10.320600509643554688 10.324719429016113281 10.326093673706054688 10.327187538146972656 10.327555656433105469 10.326824188232421875 10.327813148498535156 10.331972122192382813 10.336772918701171875 10.34957122802734375 10.368794441223144531 10.403834342956542969 10.452548980712890625 10.496433258056640625 10.514544486999511719 10.523440361022949219 10.532009124755859375 10.537769317626953125 10.548222541809082031 10.562670707702636719 10.5692291259765625 10.569317817687988281 10.572381019592285156 10.584466934204101563
10.194835662841796875 10.2045440673828125 10.197177886962890625 10.177805900573730469 10.159579277038574219 10.155141830444335938 10.170073509216308594 10.198883056640625 10.210224151611328125 10.219429969787597656 10.233845710754394531 10.247205734252929688 10.252377510070800781 10.263689994812011719 10.270514488220214844 10.27814483642578125 10.292133331298828125 10.307425498962402344 10.315735816955566406 10.323591232299804688 10.327124595642089844 10.328986167907714844 10.328426361083984375 10.32624053955078125 10.327622413635253906 10.333154678344726563 10.338335037231445313 10.353169441223144531 10.379092216491699219 10.42243194580078125 10.474757194519042969 10.513463973999023438 10.528512954711914063 10.538133621215820313 10.5489349365234375 10.556773185729980469 10.561926841735839844 10.566298484802246094 10.566517829895019531 10.566684722900390625 10.570203781127929688 10.577558517456054688
10.179533958435058594 10.183519363403320313 10.1763153076171875 10.157182693481445313 10.140766143798828125 10.141900062561035156 10.178736686706542969 10.205573081970214844 10.212979316711425781 10.22104644775390625 10.23294830322265625 10.240724563598632813 10.242994308471679688 10.248445510864257813 10.254922866821289063 10.265847206115722656 10.282879829406738281 10.301403045654296875 10.309741020202636719 10.318137168884277344 10.321603775024414063 10.324271202087402344 10.327840805053710938 10.329805374145507813 10.333741188049316406 10.3403778076171875 10.346528053283691406 10.368639945983886719 10.407306671142578125 10.457228660583496094 10.504499435424804688 10.533125877380371094 10.544035911560058594 10.554106712341308594 10.567470550537109375 10.575946807861328125 10.577875137329101563 10.577283859252929688 10.575943946838378906 10.577311515808105469 10.580415725708007813 10.583606719970703125
10.167843818664550781 10.161295890808105469 10.152166366577148438 10.136469841003417969 10.124347686767578125 10.127848625183105469 10.165174484252929688 10.18846893310546875 10.194350242614746094 10.200991630554199219 10.212701797485351563 10.221425056457519531 10.223774909973144531 10.226679801940917969 10.237508773803710938 10.261669158935546875 10.2812347412109375 10.292448997497558594 10.300083160400390625 10.306575775146484375 10.310214042663574219 10.315369606018066406 10.323399543762207031 10.328535079956054688 10.335575103759765625 10.349722862243652344 10.362460136413574219 10.405188560485839844 10.464946746826171875 10.513869285583496094 10.544917106628417969 10.55995941162109375 10.566102027893066406 10.574835777282714844 10.587738990783691406 10.597446441650390625 10.598443031311035156 10.595365524291992188 10.59532928466796875 10.59670257568359375 10.599090576171875 10.602436065673828125
10.159430503845214844 10.144151687622070313 10.133977890014648438 10.122798919677734375 10.114680290222167969 10.120127677917480469 10.156299591064453125 10.179265022277832031 10.185445785522460938 10.194922447204589844 10.206459999084472656 10.214324951171875 10.216288566589355469 10.219979286193847656 10.230904579162597656 10.258510589599609375 10.277363777160644531 10.285103797912597656 10.291773796081542969 10.299516677856445313 10.307268142700195313 10.311779022216796875 10.318190574645996094 10.323331832885742188 10.334746360778808594 10.357122421264648438 10.37673187255859375 10.433286666870117188 10.499424934387207031 10.544478416442871094 10.566211700439453125 10.577684402465820313 10.5820465087890625 10.589779853820800781 10.601419448852539063 10.610373497009277344 10.611310958862304688 10.6080322265625 10.608416557312011719 10.609746932983398438 10.61202239990234375 10.615313529968261719
10.154788970947265625 10.138528823852539063 10.128063201904296875 10.118300437927246094 10.112797737121582031 10.119879722595214844 10.155866622924804688 10.17726898193359375 10.183352470397949219 10.193852424621582031 10.205928802490234375 10.213495254516601563 10.216089248657226563 10.222337722778320313 10.232359886169433594 10.257075309753417969 10.2735137939453125 10.277790069580078125 10.28157806396484375 10.291310310363769531 10.30182647705078125 10.307024955749511719 10.311905860900878906 10.321380615234375 10.336915969848632813 10.367066383361816406 10.393740653991699219 10.455960273742675781 10.517926216125488281 10.557271957397460938 10.574939727783203125 10.589008331298828125 10.594527244567871094 10.60251617431640625 10.612461090087890625 10.619301795959472656 10.620675086975097656 10.619833946228027344 10.621108055114746094 10.622460365295410156 10.624731063842773438 10.627216339111328125
10.150613784790039063 10.1348724365234375 10.123299598693847656 10.116594314575195313 10.115542411804199219 10.130057334899902344 10.163176536560058594 10.177264213562011719 10.18370819091796875 10.194858551025390625 10.20726776123046875 10.2154998779296875 10.222002029418945313 10.230890274047851563 10.238824844360351563 10.257351875305175781 10.27082061767578125 10.274446487426757813 10.277662277221679688 10.2835693359375 10.289557456970214844 10.296197891235351563 10.302870750427246094 10.317163467407226563 10.3383026123046875 10.38274383544921875 10.415218353271484375 10.472176551818847656 10.525981903076171875 10.560045242309570313 10.574985504150390625 10.591747283935546875 10.598885536193847656 10.610772132873535156 10.620172500610351563 10.626669883728027344 10.630204200744628906 10.632935523986816406 10.635167121887207031 10.637049674987792969 10.639758110046386719 10.642007827758789063
10.139888763427734375 10.123000144958496094 10.113460540771484375 10.111346244812011719 10.115434646606445313 10.141386032104492188 10.167507171630859375 10.170331954956054688 10.176583290100097656 10.189137458801269531 10.203517913818359375 10.213647842407226563 10.2235565185546875 10.232878684997558594 10.239615440368652344 10.254938125610351563 10.266351699829101563 10.269921302795410156 10.272304534912109375 10.274045944213867188 10.276836395263671875 10.283397674560546875 10.294249534606933594 10.311910629272460938 10.337845802307128906 10.390448570251464844 10.424787521362304688 10.476368904113769531 10.523922920227050781 10.555068016052246094 10.569716453552246094 10.586537361145019531 10.595010757446289063 10.60929107666015625 10.619142532348632813 10.628561973571777344 10.636568069458007813 10.6427764892578125 10.645557403564453125 10.648059844970703125 10.651288986206054688 10.653562545776367188
10.128072738647460938 10.113821029663085938 10.106408119201660156 10.105557441711425781 10.110553741455078125 10.135844230651855469 10.1599884033203125 10.162454605102539063 10.1688232421875 10.182387351989746094 10.1966094970703125 10.205369949340820313 10.214402198791503906 10.223348617553710938 10.230519294738769531 10.244936943054199219 10.254217147827148438 10.256366729736328125 10.255578041076660156 10.255551338195800781 10.2590789794921875 10.265961647033691406 10.281790733337402344 10.30715179443359375 10.336132049560546875 10.382565498352050781 10.412556648254394531 10.459252357482910156 10.50537872314453125 10.540959358215332031 10.555499076843261719 10.568177223205566406 10.578981399536132813 10.597132682800292969 10.609423637390136719 10.615221023559570313 10.617102622985839844 10.628866195678710938 10.635112762451171875 10.640872955322265625 10.648021697998046875 10.65467071533203125
