INPUT/RASTER/ASCII/BIO02.asc
ncols        225
nrows        269
xllcorner    473009.983799999987
yllcorner    4429051.174800000153
cellsize     50.000000000000
NODATA_value -9999
[rows 72 to 89 of 269, columns 84 to 125 of 225]
9.823497772216796875 9.8278551101684570313 9.8348417282104492188 9.8532505035400390625 9.87310791015625 9.8889617919921875 9.8959321975708007813 9.9053802490234375 9.9164409637451171875 9.9325342178344726563 9.9430570602416992188 9.9502077102661132813 9.9681520462036132813 9.9818029403686523438 10.002099037170410156 10.031981468200683594 10.069761276245117188 10.096075057983398438 10.100353240966796875 10.099115371704101563 10.105233192443847656 10.119693756103515625 10.124738693237304688 10.1236724853515625 10.120247840881347656 10.118872642517089844 10.118378639221191406 10.11927032470703125 10.120671272277832031 10.124271392822265625 10.129486083984375 10.132389068603515625 10.138335227966308594 10.14887237548828125 10.164426803588867188 10.178293228149414063 10.187323570251464844 10.197124481201171875 10.197656631469726563 10.191817283630371094 10.17889404296875 10.156354904174804688
9.81328582763671875 9.8164625167846679688 9.8237276077270507813 9.8394250869750976563 9.8546476364135742188 9.8687868118286132813 9.8770465850830078125 9.8858842849731445313 9.895660400390625 9.8986291885375976563 9.905948638916015625 9.9225206375122070313 9.937191009521484375 9.9484043121337890625 9.9773702621459960938 10.016641616821289063 10.049591064453125 10.061747550964355469 10.068446159362792969 10.076555252075195313 10.097238540649414063 10.113576889038085938 10.124073028564453125 10.126463890075683594 10.122450828552246094 10.120942115783691406 10.11834716796875 10.117157936096191406 10.118810653686523438 10.123976707458496094 10.130266189575195313 10.134984970092773438 10.141248703002929688 10.149909019470214844 10.161455154418945313 10.178284645080566406 10.200122833251953125 10.207373619079589844 10.201268196105957031 10.188359260559082031 10.172666549682617188 10.154375076293945313
9.8054723739624023438 9.8090105056762695313 9.8173351287841796875 9.8312788009643554688 9.8445720672607421875 9.8574542999267578125 9.8660421371459960938 9.870555877685546875 9.8698472976684570313 9.8716220855712890625 9.8882236480712890625 9.90683746337890625 9.9180383682250976563 9.92705535888671875 9.9543619155883789063 10.002664566040039063 10.03949737548828125 10.042910575866699219 10.039263725280761719 10.043750762939453125 10.067530632019042969 10.097904205322265625 10.11554718017578125 10.122061729431152344 10.120539665222167969 10.119976997375488281 10.118631362915039063 10.117237091064453125 10.119012832641601563 10.124434471130371094 10.131917953491210938 10.137835502624511719 10.145604133605957031 10.153147697448730469 10.164273262023925781 10.190477371215820313 10.2122344970703125 10.212610244750976563 10.202840805053710938 10.185163497924804688 10.168453216552734375 10.154340744018554688
9.8008565902709960938 9.8049297332763671875 9.812511444091796875 9.826328277587890625 9.84075164794921875 9.8536996841430664063 9.8607282638549804688 9.8569126129150390625 9.8499774932861328125 9.858135223388671875 9.8769979476928710938 9.8976755142211914063 9.909564971923828125 9.9185991287231445313 9.9504070281982421875 9.996318817138671875 10.037881851196289063 10.042715072631835938 10.029055595397949219 10.026493072509765625 10.049296379089355469 10.080998420715332031 10.097932815551757813 10.106511116027832031 10.114338874816894531 10.11714935302734375 10.119465827941894531 10.120891571044921875 10.123788833618164063 10.128069877624511719 10.134707450866699219 10.140570640563964844 10.149141311645507813 10.158080101013183594 10.171767234802246094 10.199299812316894531 10.215124130249023438 10.214144706726074219 10.202892303466796875 10.182933807373046875 10.165980339050292969 10.156057357788085938
9.80066680908203125 9.804019927978515625 9.811008453369140625 9.8232278823852539063 9.837543487548828125 9.84882354736328125 9.8514661788940429688 9.8432331085205078125 9.8435029983520507813 9.8529748916625976563 9.8691778182983398438 9.8886356353759765625 9.9002046585083007813 9.9165086746215820313 9.9580841064453125 9.9955997467041015625 10.029693603515625 10.042916297912597656 10.039934158325195313 10.038962364196777344 10.048493385314941406 10.065045356750488281 10.073110580444335938 10.087948799133300781 10.106879234313964844 10.112888336181640625 10.119988441467285156 10.125851631164550781 10.129254341125488281 10.129553794860839844 10.13289642333984375 10.137569427490234375 10.146281242370605469 10.158408164978027344 10.178185462951660156 10.200644493103027344 10.208695411682128906 10.207560539245605469 10.196616172790527344 10.177455902099609375 10.161522865295410156 10.154011726379394531
9.8021936416625976563 9.8050327301025390625 9.8123378753662109375 9.82281494140625 9.8344144821166992188 9.836338043212890625 9.8322629928588867188 9.8343067169189453125 9.8416929244995117188 9.851787567138671875 9.8660755157470703125 9.8863372802734375 9.9018344879150390625 9.92557525634765625 9.960453033447265625 9.9866762161254882813 10.015478134155273438 10.038626670837402344 10.050570487976074219 10.059705734252929688 10.060990333557128906 10.059179306030273438 10.057528495788574219 10.0728759765625 10.096919059753417969 10.105338096618652344 10.118840217590332031 10.13028717041015625 10.132727622985839844 10.127031326293945313 10.128826141357421875 10.132412910461425781 10.139978408813476563 10.154787063598632813 10.180302619934082031 10.193959236145019531 10.197171211242675781 10.195825576782226563 10.186521530151367188 10.169692039489746094 10.155618667602539063 10.14893341064453125
9.801731109619140625 9.8050107955932617188 9.812648773193359375 9.8236942291259765625 9.8268308639526367188 9.8227815628051757813 9.8242654800415039063 9.831539154052734375 9.8417768478393554688 9.8529462814331054688 9.8696584701538085938 9.899723052978515625 9.926624298095703125 9.9381961822509765625 9.951030731201171875 9.9674901962280273438 9.988491058349609375 10.013463973999023438 10.032357215881347656 10.054395675659179688 10.071351051330566406 10.073957443237304688 10.066638946533203125 10.072577476501464844 10.08345794677734375 10.095594406127929688 10.118815422058105469 10.133158683776855469 10.138880729675292969 10.128805160522460938 10.123624801635742188 10.12358856201171875 10.131227493286132813 10.145709991455078125 10.166222572326660156 10.17584991455078125 10.178103446960449219 10.175955772399902344 10.1681976318359375 10.1545867919921875 10.14422607421875 10.141560554504394531
9.8006124496459960938 9.8034849166870117188 9.8088550567626953125 9.8128814697265625 9.8140268325805664063 9.8192491531372070313 9.8261098861694335938 9.83367919921875 9.8513746261596679688 9.8703861236572265625 9.8918218612670898438 9.916690826416015625 9.9326229095458984375 9.9389581680297851563 9.94394683837890625 9.9501695632934570313 9.9565181732177734375 9.9692707061767578125 9.98096466064453125 10.007799148559570313 10.05612945556640625 10.085951805114746094 10.091027259826660156 10.088847160339355469 10.088997840881347656 10.093003273010253906 10.102602958679199219 10.119718551635742188 10.141238212585449219 10.132772445678710938 10.120926856994628906 10.1168365478515625 10.127285003662109375 10.144364356994628906 10.151440620422363281 10.156217575073242188 10.15887451171875 10.158354759216308594 10.149778366088867188 10.137876510620117188 10.140601158142089844 10.152781486511230469
9.802257537841796875 9.8036518096923828125 9.7966089248657226563 9.794712066650390625 9.8067073822021484375 9.8213205337524414063 9.8330516815185546875 9.8497772216796875 9.8743944168090820313 9.8999996185302734375 9.9186449050903320313 9.9319067001342773438 9.9370975494384765625 9.9393224716186523438 9.9422359466552734375 9.94597625732421875 9.9505901336669921875 9.9583101272583007813 9.965183258056640625 9.9852495193481445313 10.031841278076171875 10.076482772827148438 10.097448348999023438 10.095658302307128906 10.088027000427246094 10.085369110107421875 10.085822105407714844 10.100834846496582031 10.128354072570800781 10.13079071044921875 10.122053146362304688 10.119946479797363281 10.131039619445800781 10.143107414245605469 10.148312568664550781 10.15218353271484375 10.154035568237304688 10.153679847717285156 10.148601531982421875 10.1455230712890625 10.159461021423339844 10.170664787292480469
9.806644439697265625 9.8001661300659179688 9.7882823944091796875 9.7943067550659179688 9.8077211380004882813 9.83144378662109375 9.8547515869140625 9.8738117218017578125 9.8869380950927734375 9.9020557403564453125 9.9234256744384765625 9.9331035614013671875 9.9355106353759765625 9.937313079833984375 9.939998626708984375 9.9431810379028320313 9.947170257568359375 9.9532213211059570313 9.9580078125 9.9740533828735351563 10.010816574096679688 10.061726570129394531 10.097235679626464844 10.093895912170410156 10.075506210327148438 10.072620391845703125 10.075654029846191406 10.085966110229492188 10.108839035034179688 10.120962142944335938 10.121697425842285156 10.126055717468261719 10.133693695068359375 10.138228416442871094 10.141912460327148438 10.144812583923339844 10.144655227661132813 10.143658638000488281 10.148855209350585938 10.157976150512695313 10.1638946533203125 10.166194915771484375
9.8029756546020507813 9.7911205291748046875 9.788928985595703125 9.7991485595703125 9.8171567916870117188 9.85126495361328125 9.876979827880859375 9.8891859054565429688 9.8948106765747070313 9.9061517715454101563 9.9250335693359375 9.9328718185424804688 9.934879302978515625 9.9356985092163085938 9.9368028640747070313 9.9404811859130859375 9.94545745849609375 9.9518480300903320313 9.9570360183715820313 9.97259521484375 10.004790306091308594 10.0543670654296875 10.089447975158691406 10.081830978393554688 10.058102607727050781 10.055328369140625 10.0623779296875 10.074612617492675781 10.088993072509765625 10.100460052490234375 10.116990089416503906 10.127687454223632813 10.128375053405761719 10.130151748657226563 10.131810188293457031 10.134687423706054688 10.143862724304199219 10.143003463745117188 10.14405059814453125 10.148565292358398438 10.151778221130371094 10.151895523071289063
9.7869396209716796875 9.7867279052734375 9.794403076171875 9.8134250640869140625 9.83826446533203125 9.8669404983520507813 9.885009765625 9.899883270263671875 9.9084520339965820313 9.918537139892578125 9.9283924102783203125 9.9334039688110351563 9.9357843399047851563 9.9355230331420898438 9.9364471435546875 9.9389867782592773438 9.9438648223876953125 9.9522838592529296875 9.9599628448486328125 9.9790191650390625 10.014578819274902344 10.055182456970214844 10.076003074645996094 10.061022758483886719 10.039615631103515625 10.038735389709472656 10.047839164733886719 10.06201934814453125 10.076025009155273438 10.091753959655761719 10.114841461181640625 10.125180244445800781 10.126139640808105469 10.128458976745605469 10.131592750549316406 10.142251014709472656 10.155790328979492188 10.151081085205078125 10.139376640319824219 10.139000892639160156 10.143055915832519531 10.143152236938476563
9.7788686752319335938 9.7896022796630859375 9.8054523468017578125 9.8327789306640625 9.8553571701049804688 9.87526702880859375 9.8887262344360351563 9.9109439849853515625 9.9262380599975585938 9.9304208755493164063 9.932422637939453125 9.9335842132568359375 9.934276580810546875 9.93575286865234375 9.9382772445678710938 9.9406499862670898438 9.9452037811279296875 9.95565032958984375 9.9654026031494140625 9.9896917343139648438 10.029166221618652344 10.058838844299316406 10.063149452209472656 10.041295051574707031 10.025714874267578125 10.028112411499023438 10.038558006286621094 10.051038742065429688 10.069047927856445313 10.096872329711914063 10.11133575439453125 10.115963935852050781 10.120672225952148438 10.127984046936035156 10.144115447998046875 10.15364837646484375 10.152482986450195313 10.140621185302734375 10.124483108520507813 10.121847152709960938 10.124530792236328125 10.131521224975585938
9.7882738113403320313 9.811008453369140625 9.830936431884765625 9.8503265380859375 9.8682918548583984375 9.8855133056640625 9.898395538330078125 9.9280309677124023438 9.9429912567138671875 9.941539764404296875 9.9371442794799804688 9.9331846237182617188 9.9326467514038085938 9.9357690811157226563 9.940753936767578125 9.94643402099609375 9.9554004669189453125 9.96787261962890625 9.9782581329345703125 10.007014274597167969 10.046808242797851563 10.063798904418945313 10.053170204162597656 10.033893585205078125 10.024485588073730469 10.0256195068359375 10.031316757202148438 10.0419769287109375 10.068021774291992188 10.091042518615722656 10.096514701843261719 10.104706764221191406 10.126450538635253906 10.136295318603515625 10.147504806518554688 10.145335197448730469 10.133632659912109375 10.122171401977539063 10.106720924377441406 10.101604461669921875 10.103466987609863281 10.114926338195800781
9.8184108734130859375 9.835460662841796875 9.8478193283081054688 9.858928680419921875 9.8759326934814453125 9.89813995361328125 9.9167222976684570313 9.9380483627319335938 9.949127197265625 9.9485530853271484375 9.9431934356689453125 9.9382305145263671875 9.9366598129272460938 9.9368410110473632813 9.9415130615234375 9.951709747314453125 9.9706087112426757813 9.9881086349487304688 9.9983377456665039063 10.025881767272949219 10.057647705078125 10.062413215637207031 10.049220085144042969 10.036602020263671875 10.030810356140136719 10.028848648071289063 10.026647567749023438 10.037947654724121094 10.067141532897949219 10.09133148193359375 10.113713264465332031 10.120562553405761719 10.13213348388671875 10.137103080749511719 10.137483596801757813 10.130191802978515625 10.116351127624511719 10.10831451416015625 10.098295211791992188 10.09348297119140625 10.093262672424316406 10.099027633666992188
9.8426227569580078125 9.8536577224731445313 9.8582639694213867188 9.86325836181640625 9.8799190521240234375 9.9050817489624023438 9.9190511703491210938 9.9361524581909179688 9.9470014572143554688 9.9500436782836914063 9.9495639801025390625 9.9466772079467773438 9.9432659149169921875 9.9381971359252929688 9.9391355514526367188 9.9544277191162109375 9.9813632965087890625 10.003899574279785156 10.017530441284179688 10.040242195129394531 10.062497138977050781 10.059117317199707031 10.045013427734375 10.03713226318359375 10.032911300659179688 10.030374526977539063 10.026783943176269531 10.039113998413085938 10.066129684448242188 10.104166030883789063 10.120264053344726563 10.125065803527832031 10.130515098571777344 10.132941246032714844 10.130924224853515625 10.121179580688476563 10.107526779174804688 10.10198974609375 10.096592903137207031 10.094040870666503906 10.091552734375 10.092138290405273438
9.8641481399536132813 9.8691816329956054688 9.866832733154296875 9.8702058792114257813 9.885814666748046875 9.9074726104736328125 9.9181318283081054688 9.9311380386352539063 9.9424505233764648438 9.9486989974975585938 9.9531002044677734375 9.9524183273315429688 9.9471788406372070313 9.938373565673828125 9.9400119781494140625 9.959751129150390625 9.988162994384765625 10.01153564453125 10.026095390319824219 10.045664787292480469 10.062180519104003906 10.062291145324707031 10.048945426940917969 10.03841400146484375 10.035297393798828125 10.033921241760253906 10.037295341491699219 10.058990478515625 10.081241607666015625 10.100895881652832031 10.112407684326171875 10.119298934936523438 10.12422943115234375 10.124571800231933594 10.121191978454589844 10.112180709838867188 10.101182937622070313 10.0976715087890625 10.095948219299316406 10.095713615417480469 10.094466209411621094 10.092616081237792969
9.8778200149536132813 9.8801126480102539063 9.8768463134765625 9.8803949356079101563 9.8967618942260742188 9.9119577407836914063 9.9191837310791015625 9.927921295166015625 9.9371995925903320313 9.9450101852416992188 9.95281982421875 9.953182220458984375 9.9477720260620117188 9.9376764297485351563 9.9414339065551757813 9.9656744003295898438 9.9926357269287109375 10.013718605041503906 10.02675628662109375 10.043468475341796875 10.058929443359375 10.0664215087890625 10.058521270751953125 10.044063568115234375 10.040329933166503906 10.048261642456054688 10.06304168701171875 10.075387001037597656 10.084380149841308594 10.094012260437011719 10.102144241333007813 10.110863685607910156 10.116539955139160156 10.11531829833984375 10.111009597778320313 10.104162216186523438 10.096989631652832031 10.095503807067871094 10.096712112426757813 10.098576545715332031 10.0986785888671875 10.093207359313964844
