INPUT/RASTER/ASCII/BIO05.asc
ncols        225
nrows        269
xllcorner    473000.000000000000
yllcorner    4429100.000000000000
cellsize     50.000000000000
NODATA_value -9999
[rows 180 to 199 of 269, columns 132 to 175 of 225]
31.9098968505859375 31.970119476318359375 32.050846099853515625 32.12857818603515625 32.18280792236328125 32.212860107421875 32.22341156005859375 32.2494964599609375 32.26810455322265625 32.277370452880859375 32.28769683837890625 32.2832794189453125 32.2734375 32.261627197265625 32.249530792236328125 32.238067626953125 32.2357177734375 32.2287750244140625 32.2234344482421875 32.228759765625 32.22864532470703125 32.219482421875 32.179096221923828125 32.1440887451171875 32.122310638427734375 32.10979461669921875 32.11029052734375 32.1347198486328125 32.1466217041015625 32.170558929443359375 32.183086395263671875 32.193775177001953125 32.207489013671875 32.212978363037109375 32.204559326171875 32.192493438720703125 32.18524932861328125 32.17211151123046875 32.16391754150390625 32.157825469970703125 32.1543731689453125 32.153186798095703125 32.154144287109375 32.15789031982421875
31.9164581298828125 31.96722412109375 32.04470062255859375 32.11798095703125 32.172840118408203125 32.214885711669921875 32.22951507568359375 32.26847076416015625 32.2889862060546875 32.30088043212890625 32.3098602294921875 32.308353424072265625 32.296741485595703125 32.27223968505859375 32.24607086181640625 32.222354888916015625 32.211452484130859375 32.1998138427734375 32.19423675537109375 32.196430206298828125 32.20073699951171875 32.202564239501953125 32.177234649658203125 32.148296356201171875 32.13137054443359375 32.12235260009765625 32.127086639404296875 32.145355224609375 32.15838623046875 32.178802490234375 32.188587188720703125 32.197170257568359375 32.207855224609375 32.209339141845703125 32.204097747802734375 32.19350433349609375 32.186359405517578125 32.171844482421875 32.16381072998046875 32.155727386474609375 32.150897979736328125 32.151439666748046875 32.15619659423828125 32.158733367919921875
31.961063385009765625 31.9820098876953125 32.032588958740234375 32.0974578857421875 32.164722442626953125 32.226100921630859375 32.24689483642578125 32.304126739501953125 32.326274871826171875 32.334259033203125 32.338809967041015625 32.337116241455078125 32.307201385498046875 32.2633056640625 32.209110260009765625 32.16077423095703125 32.131130218505859375 32.106723785400390625 32.10248565673828125 32.10184478759765625 32.134033203125 32.147380828857421875 32.145862579345703125 32.13297271728515625 32.121685028076171875 32.114742279052734375 32.127536773681640625 32.155731201171875 32.172428131103515625 32.19097900390625 32.198329925537109375 32.203399658203125 32.20668792724609375 32.205646514892578125 32.201061248779296875 32.19427490234375 32.18921661376953125 32.1783905029296875 32.167491912841796875 32.1573486328125 32.15424346923828125 32.154918670654296875 32.157878875732421875 32.160549163818359375
32.002292633056640625 32.002899169921875 32.03726959228515625 32.093311309814453125 32.163501739501953125 32.22967529296875 32.254306793212890625 32.317157745361328125 32.3343353271484375 32.337802886962890625 32.3333892822265625 32.32506561279296875 32.291370391845703125 32.24761962890625 32.186511993408203125 32.121967315673828125 32.06629180908203125 32.023487091064453125 32.0296478271484375 32.04026031494140625 32.0920257568359375 32.114116668701171875 32.117401123046875 32.1147308349609375 32.10591888427734375 32.10485076904296875 32.125514984130859375 32.15868377685546875 32.178295135498046875 32.196849822998046875 32.203857421875 32.20717620849609375 32.209003448486328125 32.206573486328125 32.19928741455078125 32.19274139404296875 32.1900787353515625 32.18135833740234375 32.1729583740234375 32.1606597900390625 32.1546478271484375 32.156646728515625 32.158283233642578125 32.164112091064453125
32.0516510009765625 32.0340728759765625 32.05991363525390625 32.100086212158203125 32.16713714599609375 32.237171173095703125 32.2642974853515625 32.328319549560546875 32.3372650146484375 32.330730438232421875 32.31577301025390625 32.3027191162109375 32.271495819091796875 32.233219146728515625 32.171039581298828125 32.094089508056640625 32.019641876220703125 31.965541839599609375 31.96581268310546875 31.99088287353515625 32.052593231201171875 32.079517364501953125 32.088687896728515625 32.0913543701171875 32.084873199462890625 32.093036651611328125 32.125217437744140625 32.16100311279296875 32.180759429931640625 32.195903778076171875 32.20128631591796875 32.209789276123046875 32.20940399169921875 32.206989288330078125 32.200054168701171875 32.193790435791015625 32.1909027099609375 32.18369293212890625 32.1740264892578125 32.163604736328125 32.15763092041015625 32.158100128173828125 32.161266326904296875 32.1651763916015625
32.11344146728515625 32.0858001708984375 32.10543060302734375 32.11779022216796875 32.179912567138671875 32.24066162109375 32.27494049072265625 32.3336334228515625 32.33699798583984375 32.315135955810546875 32.29303741455078125 32.276233673095703125 32.252727508544921875 32.22267913818359375 32.16277313232421875 32.085479736328125 32.017353057861328125 31.96767425537109375 31.958492279052734375 31.969301223754882812 32.0208740234375 32.045230865478515625 32.057750701904296875 32.068634033203125 32.0684356689453125 32.089580535888671875 32.12912750244140625 32.163330078125 32.18357086181640625 32.198505401611328125 32.202335357666015625 32.211048126220703125 32.210453033447265625 32.2075958251953125 32.2003936767578125 32.19420623779296875 32.191181182861328125 32.184108734130859375 32.175617218017578125 32.16722869873046875 32.160617828369140625 32.16180419921875 32.164257049560546875 32.16672515869140625
32.179439544677734375 32.15038299560546875 32.1664276123046875 32.154117584228515625 32.22069549560546875 32.2536163330078125 32.299076080322265625 32.33663177490234375 32.33095550537109375 32.295902252197265625 32.26580810546875 32.2418365478515625 32.2293853759765625 32.214080810546875 32.15655517578125 32.089080810546875 32.026721954345703125 31.97815704345703125 31.9685211181640625 31.967065811157226562 31.988525390625 32.010440826416015625 32.0317535400390625 32.04784393310546875 32.057933807373046875 32.08998870849609375 32.135799407958984375 32.1663055419921875 32.184955596923828125 32.198978424072265625 32.20275115966796875 32.21207427978515625 32.21343994140625 32.208446502685546875 32.19995880126953125 32.1939849853515625 32.189605712890625 32.181964874267578125 32.174137115478515625 32.1689605712890625 32.1655426025390625 32.166629791259765625 32.16725921630859375 32.170436859130859375
32.23863983154296875 32.239887237548828125 32.2302093505859375 32.2391357421875 32.29364776611328125 32.29364776611328125 32.33080291748046875 32.339046478271484375 32.3183746337890625 32.27265167236328125 32.22048187255859375 32.20716094970703125 32.2000579833984375 32.19777679443359375 32.144741058349609375 32.08884429931640625 32.027378082275390625 31.977344512939453125 31.972776412963867188 31.969396591186523438 31.979299545288085938 31.99884033203125 32.021076202392578125 32.04119873046875 32.057903289794921875 32.09682464599609375 32.1426849365234375 32.1692962646484375 32.1861724853515625 32.20068359375 32.2031707763671875 32.21343231201171875 32.213222503662109375 32.205959320068359375 32.196422576904296875 32.191844940185546875 32.185611724853515625 32.1791839599609375 32.1739501953125 32.171398162841796875 32.169189453125 32.172466278076171875 32.170269012451171875 32.17691802978515625
32.314304351806640625 32.35485076904296875 32.31226348876953125 32.346408843994140625 32.324825286865234375 32.3269500732421875 32.3205718994140625 32.32852935791015625 32.289531707763671875 32.2497100830078125 32.16596221923828125 32.16780853271484375 32.151580810546875 32.13887786865234375 32.1184539794921875 32.068798065185546875 32.01013946533203125 31.980224609375 31.975860595703125 31.975603103637695312 31.98763275146484375 32.00286102294921875 32.0146484375 32.04001617431640625 32.0503997802734375 32.100467681884765625 32.147953033447265625 32.1710205078125 32.19086456298828125 32.20322418212890625 32.2071533203125 32.215084075927734375 32.21079254150390625 32.19942474365234375 32.19312286376953125 32.187503814697265625 32.184986114501953125 32.17870330810546875 32.175617218017578125 32.175048828125 32.176746368408203125 32.179714202880859375 32.1816864013671875 32.185550689697265625
32.3715362548828125 32.38736724853515625 32.376071929931640625 32.37892913818359375 32.352783203125 32.347583770751953125 32.329067230224609375 32.31798553466796875 32.273899078369140625 32.22139739990234375 32.135562896728515625 32.124195098876953125 32.0907745361328125 32.066516876220703125 32.0733184814453125 32.035297393798828125 32.0126953125 31.9897918701171875 31.9886016845703125 31.984685897827148438 31.993854522705078125 32.003337860107421875 32.018840789794921875 32.035221099853515625 32.0536956787109375 32.095355987548828125 32.138912200927734375 32.163990020751953125 32.185092926025390625 32.20194244384765625 32.20623016357421875 32.2148895263671875 32.21244049072265625 32.20273590087890625 32.192508697509765625 32.189159393310546875 32.18622589111328125 32.184215545654296875 32.17995452880859375 32.179889678955078125 32.183231353759765625 32.184795379638671875 32.190097808837890625 32.19310760498046875
32.403964996337890625 32.41796112060546875 32.41112518310546875 32.40631866455078125 32.376110076904296875 32.36663055419921875 32.342739105224609375 32.315402984619140625 32.262767791748046875 32.1983795166015625 32.1083831787109375 32.091342926025390625 32.0517425537109375 32.02649688720703125 32.0350494384765625 32.01583099365234375 32.005428314208984375 31.992303848266601562 31.99225616455078125 31.989044189453125 31.995588302612304688 32.003803253173828125 32.01747894287109375 32.034534454345703125 32.0476226806640625 32.08746337890625 32.13185882568359375 32.159313201904296875 32.180835723876953125 32.198024749755859375 32.20220184326171875 32.215068817138671875 32.215480804443359375 32.2071990966796875 32.1971893310546875 32.196697235107421875 32.192195892333984375 32.1923980712890625 32.187744140625 32.188594818115234375 32.191417694091796875 32.19244384765625 32.202144622802734375 32.203487396240234375
32.428432464599609375 32.4395751953125 32.437320709228515625 32.426013946533203125 32.391757965087890625 32.3766937255859375 32.350345611572265625 32.313289642333984375 32.252288818359375 32.181427001953125 32.092128753662109375 32.068935394287109375 32.0233154296875 32.0044708251953125 32.01016998291015625 32.00472259521484375 31.998928070068359375 31.99376678466796875 31.993350982666015625 31.993030548095703125 31.9979705810546875 32.003330230712890625 32.014728546142578125 32.0292816162109375 32.041896820068359375 32.082794189453125 32.12773895263671875 32.1546478271484375 32.174900054931640625 32.193004608154296875 32.198177337646484375 32.2138824462890625 32.21916961669921875 32.214874267578125 32.209686279296875 32.21002197265625 32.203948974609375 32.201873779296875 32.199718475341796875 32.20404052734375 32.198822021484375 32.20240020751953125 32.212909698486328125 32.216426849365234375
32.439685821533203125 32.44643402099609375 32.44850921630859375 32.428375244140625 32.39339447021484375 32.37520599365234375 32.345920562744140625 32.30179595947265625 32.241817474365234375 32.17104339599609375 32.089366912841796875 32.06209564208984375 32.0124359130859375 32.00363922119140625 32.0034942626953125 32.0032501220703125 31.99924468994140625 31.995645523071289062 31.995738983154296875 31.995357513427734375 31.999080657958984375 32.005359649658203125 32.016483306884765625 32.029941558837890625 32.041721343994140625 32.0826263427734375 32.12827301025390625 32.153839111328125 32.170215606689453125 32.18801116943359375 32.193523406982421875 32.209133148193359375 32.2183685302734375 32.22170257568359375 32.22150421142578125 32.2239990234375 32.218997955322265625 32.21778106689453125 32.216289520263671875 32.2218780517578125 32.21178436279296875 32.210155487060546875 32.2198333740234375 32.228687286376953125
32.4345550537109375 32.4385223388671875 32.435581207275390625 32.421115875244140625 32.387950897216796875 32.37052154541015625 32.338939666748046875 32.292316436767578125 32.24098968505859375 32.175647735595703125 32.099456787109375 32.073116302490234375 32.022968292236328125 32.01116180419921875 32.006687164306640625 32.005001068115234375 32.00153350830078125 31.999887466430664062 31.999420166015625 32.000522613525390625 32.004047393798828125 32.0089263916015625 32.020172119140625 32.025043487548828125 32.047611236572265625 32.0888824462890625 32.129695892333984375 32.15303802490234375 32.166080474853515625 32.17966461181640625 32.18437957763671875 32.20081329345703125 32.2150115966796875 32.2230224609375 32.2261962890625 32.22835540771484375 32.227970123291015625 32.2304840087890625 32.23160552978515625 32.241649627685546875 32.23516082763671875 32.22199249267578125 32.233188629150390625 32.241607666015625
32.4002685546875 32.375217437744140625 32.3541259765625 32.35845947265625 32.358852386474609375 32.35474395751953125 32.33655548095703125 32.29496002197265625 32.25154876708984375 32.195526123046875 32.1260833740234375 32.104251861572265625 32.05803680419921875 32.030731201171875 32.017505645751953125 32.01238250732421875 32.009960174560546875 32.00791168212890625 32.0074462890625 32.009975433349609375 32.014011383056640625 32.020549774169921875 32.03078460693359375 32.035739898681640625 32.06109619140625 32.101436614990234375 32.13448333740234375 32.1527557373046875 32.16155242919921875 32.17096710205078125 32.173828125 32.1846160888671875 32.194835662841796875 32.203510284423828125 32.2120208740234375 32.22167205810546875 32.22714996337890625 32.2340850830078125 32.237888336181640625 32.252964019775390625 32.259876251220703125 32.25539398193359375 32.254787445068359375 32.251194000244140625
32.358882904052734375 32.3397216796875 32.31793975830078125 32.3313140869140625 32.340297698974609375 32.343658447265625 32.329608917236328125 32.287723541259765625 32.25009918212890625 32.196949005126953125 32.1284942626953125 32.10637664794921875 32.059925079345703125 32.032505035400390625 32.021526336669921875 32.016082763671875 32.01471710205078125 32.012836456298828125 32.012439727783203125 32.016002655029296875 32.019649505615234375 32.026027679443359375 32.0351409912109375 32.0413665771484375 32.06641387939453125 32.105152130126953125 32.13552093505859375 32.15262603759765625 32.16080474853515625 32.1686553955078125 32.17177581787109375 32.17957305908203125 32.187652587890625 32.19222259521484375 32.198574066162109375 32.20999908447265625 32.217342376708984375 32.22818756103515625 32.233196258544921875 32.250286102294921875 32.264560699462890625 32.268009185791015625 32.264312744140625 32.26116180419921875
32.334186553955078125 32.3157958984375 32.30109405517578125 32.318950653076171875 32.318470001220703125 32.32294464111328125 32.297527313232421875 32.260768890380859375 32.2383880615234375 32.1897430419921875 32.1289825439453125 32.108734130859375 32.06296539306640625 32.0349273681640625 32.0251617431640625 32.02172088623046875 32.019947052001953125 32.018917083740234375 32.017436981201171875 32.021228790283203125 32.02529144287109375 32.033355712890625 32.04335784912109375 32.05188751220703125 32.073284149169921875 32.10887908935546875 32.135158538818359375 32.150577545166015625 32.1587982177734375 32.16759490966796875 32.1710205078125 32.178607940673828125 32.184967041015625 32.189609527587890625 32.19519805908203125 32.20410919189453125 32.21028900146484375 32.2216644287109375 32.228199005126953125 32.246334075927734375 32.26151275634765625 32.271312713623046875 32.271282196044921875 32.271114349365234375
32.31185150146484375 32.300220489501953125 32.285167694091796875 32.298244476318359375 32.281284332275390625 32.286834716796875 32.250244140625 32.216732025146484375 32.211273193359375 32.166324615478515625 32.1243438720703125 32.106227874755859375 32.066326141357421875 32.037998199462890625 32.02928924560546875 32.0254364013671875 32.02616119384765625 32.0250091552734375 32.0230865478515625 32.027805328369140625 32.031589508056640625 32.04174041748046875 32.0541534423828125 32.062778472900390625 32.081150054931640625 32.10683441162109375 32.13153076171875 32.14917755126953125 32.158061981201171875 32.16577911376953125 32.16898345947265625 32.1789398193359375 32.184864044189453125 32.18991851806640625 32.1953277587890625 32.202728271484375 32.207668304443359375 32.217071533203125 32.22441864013671875 32.239177703857421875 32.25237274169921875 32.2702789306640625 32.27440643310546875 32.275386810302734375
32.301799774169921875 32.287868499755859375 32.2604217529296875 32.264705657958984375 32.233882904052734375 32.243663787841796875 32.201297760009765625 32.1713409423828125 32.17131805419921875 32.133758544921875 32.11264801025390625 32.09673309326171875 32.067409515380859375 32.0423583984375 32.0364837646484375 32.032375335693359375 32.033649444580078125 32.03260040283203125 32.029388427734375 32.036762237548828125 32.03917694091796875 32.051799774169921875 32.0636749267578125 32.071186065673828125 32.086521148681640625 32.10736846923828125 32.131000518798828125 32.148433685302734375 32.158664703369140625 32.1663665771484375 32.168880462646484375 32.179683685302734375 32.1854095458984375 32.19046783447265625 32.19701385498046875 32.203922271728515625 32.208469390869140625 32.21441650390625 32.220859527587890625 32.23395538330078125 32.24791717529296875 32.27002716064453125 32.27497100830078125 32.274600982666015625
32.3126983642578125 32.266143798828125 32.22985076904296875 32.20446014404296875 32.1771240234375 32.1699371337890625 32.14514923095703125 32.13076019287109375 32.113971710205078125 32.1010284423828125 32.087741851806640625 32.082454681396484375 32.071231842041015625 32.0527801513671875 32.04522705078125 32.0440826416015625 32.042278289794921875 32.04320526123046875 32.043346405029296875 32.04749298095703125 32.04869842529296875 32.06223297119140625 32.0712738037109375 32.07811737060546875 32.091091156005859375 32.10791015625 32.132965087890625 32.14897918701171875 32.160884857177734375 32.169986724853515625 32.171356201171875 32.180545806884765625 32.18596649169921875 32.1896820068359375 32.1970977783203125 32.2051239013671875 32.20534515380859375 32.21176910400390625 32.21697998046875 32.23195648193359375 32.248058319091796875 32.272064208984375 32.275543212890625 32.271907806396484375
