INPUT/RASTER/ASCII/BIO08.asc
ncols        225
nrows        269
xllcorner    473009.983799999987
yllcorner    4429051.174800000153
cellsize     50.000000000000
NODATA_value -9999
[rows 162 to 179 of 269, columns 84 to 125 of 225]
14.613153457641601563 14.603607177734375 14.598917961120605469 14.597646713256835938 14.598166465759277344 14.603440284729003906 14.62091064453125 14.642567634582519531 14.656293869018554688 14.649664878845214844 14.635218620300292969 14.606649398803710938 14.574452400207519531 14.551516532897949219 14.534337997436523438 14.519568443298339844 14.512044906616210938 14.508876800537109375 14.50434112548828125 14.495660781860351563 14.484669685363769531 14.476485252380371094 14.470181465148925781 14.467168807983398438 14.461864471435546875 14.452582359313964844 14.445026397705078125 14.447666168212890625 14.452139854431152344 14.447330474853515625 14.434966087341308594 14.431871414184570313 14.436643600463867188 14.437909126281738281 14.435659408569335938 14.43161773681640625 14.419089317321777344 14.405361175537109375 14.399515151977539063 14.397489547729492188 14.396430015563964844 14.395684242248535156
14.615144729614257813 14.607800483703613281 14.604810714721679688 14.605138778686523438 14.607456207275390625 14.616338729858398438 14.631249427795410156 14.646351814270019531 14.657684326171875 14.650426864624023438 14.636264801025390625 14.609050750732421875 14.579820632934570313 14.55365753173828125 14.531093597412109375 14.514302253723144531 14.507386207580566406 14.504511833190917969 14.499096870422363281 14.489897727966308594 14.481102943420410156 14.4758148193359375 14.470726966857910156 14.465581893920898438 14.456994056701660156 14.445090293884277344 14.435505867004394531 14.437420845031738281 14.444920539855957031 14.444266319274902344 14.441257476806640625 14.451551437377929688 14.468871116638183594 14.468295097351074219 14.455298423767089844 14.445567131042480469 14.430031776428222656 14.412645339965820313 14.404452323913574219 14.405694007873535156 14.406544685363769531 14.406435012817382813
14.630137443542480469 14.622756004333496094 14.622700691223144531 14.625622749328613281 14.628908157348632813 14.636725425720214844 14.647678375244140625 14.657086372375488281 14.661431312561035156 14.650552749633789063 14.636858940124511719 14.612616539001464844 14.585015296936035156 14.557940483093261719 14.534976959228515625 14.516111373901367188 14.503779411315917969 14.499203681945800781 14.492468833923339844 14.483960151672363281 14.476663589477539063 14.47225189208984375 14.468288421630859375 14.461894989013671875 14.453392982482910156 14.440776824951171875 14.432202339172363281 14.437272071838378906 14.457783699035644531 14.469469070434570313 14.483592987060546875 14.496661186218261719 14.507706642150878906 14.496872901916503906 14.471018791198730469 14.4582061767578125 14.447607994079589844 14.432065010070800781 14.421052932739257813 14.422127723693847656 14.424955368041992188 14.426448822021484375
14.648173332214355469 14.641436576843261719 14.643778800964355469 14.648079872131347656 14.650906562805175781 14.656123161315917969 14.662914276123046875 14.66614532470703125 14.662534713745117188 14.646764755249023438 14.6326904296875 14.610910415649414063 14.583382606506347656 14.557538986206054688 14.534584999084472656 14.513691902160644531 14.500186920166015625 14.495395660400390625 14.488786697387695313 14.481892585754394531 14.474766731262207031 14.468020439147949219 14.463426589965820313 14.456179618835449219 14.447757720947265625 14.439684867858886719 14.440943717956542969 14.457274436950683594 14.489472389221191406 14.508728981018066406 14.529456138610839844 14.532160758972167969 14.522966384887695313 14.504233360290527344 14.477202415466308594 14.464718818664550781 14.458649635314941406 14.449628829956054688 14.438735008239746094 14.434046745300292969 14.435708999633789063 14.438570976257324219
14.658933639526367188 14.654712677001953125 14.658291816711425781 14.66240692138671875 14.664763450622558594 14.669047355651855469 14.672449111938476563 14.668415069580078125 14.658182144165039063 14.639238357543945313 14.624873161315917969 14.603635787963867188 14.577019691467285156 14.552266120910644531 14.529625892639160156 14.509080886840820313 14.496743202209472656 14.491851806640625 14.4853668212890625 14.479558944702148438 14.473257064819335938 14.466449737548828125 14.461488723754882813 14.453396797180175781 14.444461822509765625 14.444616317749023438 14.459850311279296875 14.488758087158203125 14.524485588073730469 14.545941352844238281 14.570002555847167969 14.564488410949707031 14.533437728881835938 14.498732566833496094 14.472716331481933594 14.46196746826171875 14.455561637878417969 14.451221466064453125 14.447704315185546875 14.445474624633789063 14.447028160095214844 14.449964523315429688
14.66622161865234375 14.664383888244628906 14.669147491455078125 14.672685623168945313 14.674458503723144531 14.677592277526855469 14.676804542541503906 14.666895866394042969 14.65140533447265625 14.630742073059082031 14.616985321044921875 14.596693038940429688 14.569813728332519531 14.54479217529296875 14.523290634155273438 14.505052566528320313 14.494762420654296875 14.489975929260253906 14.483824729919433594 14.478319168090820313 14.472331047058105469 14.465846061706542969 14.4613800048828125 14.455389976501464844 14.453404426574707031 14.465634346008300781 14.491534233093261719 14.529654502868652344 14.567851066589355469 14.584871292114257813 14.59961700439453125 14.584023475646972656 14.538377761840820313 14.484865188598632813 14.457064628601074219 14.45035552978515625 14.448320388793945313 14.449504852294921875 14.4525909423828125 14.455377578735351563 14.459025382995605469 14.462086677551269531
14.6715850830078125 14.671416282653808594 14.677639007568359375 14.6808319091796875 14.6812286376953125 14.68135833740234375 14.675694465637207031 14.664646148681640625 14.647933006286621094 14.625787734985351563 14.612107276916503906 14.592888832092285156 14.56640625 14.542067527770996094 14.522524833679199219 14.507232666015625 14.499578475952148438 14.49483489990234375 14.488684654235839844 14.483063697814941406 14.476666450500488281 14.470575332641601563 14.467421531677246094 14.466890335083007813 14.479031562805175781 14.508539199829101563 14.544973373413085938 14.583935737609863281 14.615247726440429688 14.6224212646484375 14.618632316589355469 14.590296745300292969 14.535145759582519531 14.470266342163085938 14.444508552551269531 14.440769195556640625 14.443007469177246094 14.449248313903808594 14.455012321472167969 14.460599899291992188 14.466579437255859375 14.471590042114257813
14.681519508361816406 14.682544708251953125 14.690357208251953125 14.692793846130371094 14.692288398742675781 14.687704086303710938 14.675204277038574219 14.661160469055175781 14.643216133117675781 14.622198104858398438 14.609820365905761719 14.592524528503417969 14.568772315979003906 14.546919822692871094 14.529055595397949219 14.516626358032226563 14.510477066040039063 14.506090164184570313 14.498898506164550781 14.492264747619628906 14.485136985778808594 14.47943878173828125 14.476824760437011719 14.482020378112792969 14.512691497802734375 14.55750274658203125 14.59787750244140625 14.6371307373046875 14.663593292236328125 14.6626739501953125 14.642266273498535156 14.604673385620117188 14.545154571533203125 14.4736785888671875 14.441460609436035156 14.437382698059082031 14.439197540283203125 14.439942359924316406 14.445714950561523438 14.455676078796386719 14.4625701904296875 14.470501899719238281
14.699950218200683594 14.699777603149414063 14.700720787048339844 14.699405670166015625 14.695513725280761719 14.681415557861328125 14.664689064025878906 14.653167724609375 14.639348983764648438 14.621288299560546875 14.609537124633789063 14.593180656433105469 14.572546958923339844 14.554430007934570313 14.538156509399414063 14.527318000793457031 14.523438453674316406 14.519425392150878906 14.513189315795898438 14.51030731201171875 14.504161834716796875 14.501894950866699219 14.501973152160644531 14.5083770751953125 14.536848068237304688 14.5874481201171875 14.636849403381347656 14.677270889282226563 14.700178146362304688 14.697024345397949219 14.675207138061523438 14.636564254760742188 14.578394889831542969 14.513426780700683594 14.474543571472167969 14.462374687194824219 14.451496124267578125 14.442149162292480469 14.440241813659667969 14.444027900695800781 14.44873046875 14.457243919372558594
14.70363616943359375 14.703135490417480469 14.70162200927734375 14.697836875915527344 14.692185401916503906 14.678033828735351563 14.663904190063476563 14.653339385986328125 14.640122413635253906 14.622043609619140625 14.609614372253417969 14.592215538024902344 14.572903633117675781 14.558354377746582031 14.544284820556640625 14.53511810302734375 14.536561965942382813 14.533780097961425781 14.527284622192382813 14.522706031799316406 14.51638031005859375 14.513491630554199219 14.514369010925292969 14.519224166870117188 14.543166160583496094 14.592477798461914063 14.645083427429199219 14.68740081787109375 14.70880126953125 14.707295417785644531 14.691381454467773438 14.657576560974121094 14.605022430419921875 14.545229911804199219 14.503035545349121094 14.486042976379394531 14.468476295471191406 14.45577239990234375 14.448558807373046875 14.44348907470703125 14.441625595092773438 14.444858551025390625
14.703546524047851563 14.7032623291015625 14.700962066650390625 14.695652008056640625 14.689772605895996094 14.677492141723632813 14.662835121154785156 14.649432182312011719 14.63597869873046875 14.619526863098144531 14.607702255249023438 14.590952873229980469 14.575112342834472656 14.564311981201171875 14.55558013916015625 14.54853057861328125 14.54750823974609375 14.544018745422363281 14.537601470947265625 14.530848503112792969 14.523847579956054688 14.519562721252441406 14.519953727722167969 14.523537635803222656 14.545429229736328125 14.59355926513671875 14.646037101745605469 14.688616752624511719 14.709745407104492188 14.71103668212890625 14.701951026916503906 14.676165580749511719 14.631342887878417969 14.570435523986816406 14.523726463317871094 14.506948471069335938 14.491750717163085938 14.481047630310058594 14.468983650207519531 14.453585624694824219 14.441720962524414063 14.436708450317382813
14.702692985534667969 14.702112197875976563 14.698591232299804688 14.691225051879882813 14.684447288513183594 14.671111106872558594 14.652476310729980469 14.63474273681640625 14.622414588928222656 14.612378120422363281 14.60443878173828125 14.59265899658203125 14.583683013916015625 14.577084541320800781 14.570743560791015625 14.563090324401855469 14.557923316955566406 14.550774574279785156 14.544384002685546875 14.537006378173828125 14.528558731079101563 14.5226898193359375 14.521647453308105469 14.524888992309570313 14.546257972717285156 14.595813751220703125 14.649146080017089844 14.689578056335449219 14.70960235595703125 14.713328361511230469 14.711194038391113281 14.696420669555664063 14.658749580383300781 14.593526840209960938 14.544878959655761719 14.531746864318847656 14.523962020874023438 14.516371726989746094 14.499068260192871094 14.473409652709960938 14.450755119323730469 14.435755729675292969
14.701653480529785156 14.699458122253417969 14.693396568298339844 14.682925224304199219 14.674063682556152344 14.657819747924804688 14.637563705444335938 14.620350837707519531 14.609956741333007813 14.604361534118652344 14.600455284118652344 14.593837738037109375 14.589781761169433594 14.586782455444335938 14.5807647705078125 14.571852684020996094 14.565350532531738281 14.555699348449707031 14.548334121704101563 14.5400390625 14.530650138854980469 14.524135589599609375 14.521718978881835938 14.525480270385742188 14.551524162292480469 14.605957984924316406 14.661052703857421875 14.698633193969726563 14.71514129638671875 14.718225479125976563 14.717823982238769531 14.709935188293457031 14.676770210266113281 14.616847038269042969 14.574707984924316406 14.564648628234863281 14.563202857971191406 14.556768417358398438 14.533522605895996094 14.500071525573730469 14.471474647521972656 14.451731681823730469
14.701053619384765625 14.696687698364257813 14.687686920166015625 14.674854278564453125 14.665327072143554688 14.65004730224609375 14.63054656982421875 14.614209175109863281 14.603258132934570313 14.596808433532714844 14.593583106994628906 14.58992767333984375 14.590803146362304688 14.589495658874511719 14.584024429321289063 14.575145721435546875 14.569208145141601563 14.559627532958984375 14.551623344421386719 14.542570114135742188 14.533654212951660156 14.527482986450195313 14.52626800537109375 14.539308547973632813 14.580884933471679688 14.638463020324707031 14.690206527709960938 14.723729133605957031 14.736842155456542969 14.734337806701660156 14.724229812622070313 14.711569786071777344 14.686292648315429688 14.649031639099121094 14.625121116638183594 14.6195526123046875 14.61917877197265625 14.610816001892089844 14.583554267883300781 14.54746246337890625 14.518107414245605469 14.495143890380859375
14.700284957885742188 14.695209503173828125 14.685556411743164063 14.6750335693359375 14.668643951416015625 14.655659675598144531 14.635831832885742188 14.616346359252929688 14.600035667419433594 14.591558456420898438 14.58868408203125 14.588037490844726563 14.590318679809570313 14.589278221130371094 14.584377288818359375 14.575785636901855469 14.570197105407714844 14.561471939086914063 14.554295539855957031 14.545986175537109375 14.539118766784667969 14.538409233093261719 14.544360160827636719 14.570344924926757813 14.623208999633789063 14.6782684326171875 14.723379135131835938 14.754064559936523438 14.76578521728515625 14.757577896118164063 14.735836982727050781 14.715676307678222656 14.697596549987792969 14.685454368591308594 14.680216789245605469 14.680461883544921875 14.680940628051757813 14.668550491333007813 14.640086174011230469 14.606922149658203125 14.578823089599609375 14.552414894104003906
14.70416259765625 14.698710441589355469 14.689929962158203125 14.68083953857421875 14.675683975219726563 14.662472724914550781 14.640894889831542969 14.619462013244628906 14.600911140441894531 14.589914321899414063 14.586744308471679688 14.587596893310546875 14.591526985168457031 14.592149734497070313 14.587057113647460938 14.577389717102050781 14.571404457092285156 14.562315940856933594 14.555026054382324219 14.549868583679199219 14.546850204467773438 14.553220748901367188 14.568563461303710938 14.603649139404296875 14.655874252319335938 14.7042083740234375 14.74365234375 14.772969245910644531 14.786587715148925781 14.776132583618164063 14.746936798095703125 14.720006942749023438 14.704341888427734375 14.703484535217285156 14.711162567138671875 14.716977119445800781 14.7171783447265625 14.701233863830566406 14.673123359680175781 14.64469146728515625 14.618366241455078125 14.592496871948242188
14.712582588195800781 14.702828407287597656 14.691771507263183594 14.682717323303222656 14.67694091796875 14.663779258728027344 14.643121719360351563 14.621944427490234375 14.603869438171386719 14.591702461242675781 14.58727264404296875 14.589407920837402344 14.598137855529785156 14.603716850280761719 14.59819793701171875 14.583984375 14.575387954711914063 14.565186500549316406 14.558559417724609375 14.554118156433105469 14.555873870849609375 14.571727752685546875 14.593114852905273438 14.6334381103515625 14.683321952819824219 14.72548675537109375 14.7607879638671875 14.787692070007324219 14.797432899475097656 14.784807205200195313 14.752291679382324219 14.722588539123535156 14.708342552185058594 14.711141586303710938 14.723484039306640625 14.736462593078613281 14.740469932556152344 14.721302986145019531 14.697353363037109375 14.677091598510742188 14.655175209045410156 14.631134986877441406
14.719386100769042969 14.704448699951171875 14.689504623413085938 14.680438041687011719 14.6754302978515625 14.664470672607421875 14.645741462707519531 14.626069068908691406 14.609897613525390625 14.597356796264648438 14.592136383056640625 14.596566200256347656 14.611231803894042969 14.622821807861328125 14.619235038757324219 14.601420402526855469 14.587620735168457031 14.570858955383300781 14.564221382141113281 14.558596611022949219 14.563619613647460938 14.590275764465332031 14.616383552551269531 14.6557769775390625 14.703339576721191406 14.742044448852539063 14.773789405822753906 14.798302650451660156 14.801931381225585938 14.787144660949707031 14.754175186157226563 14.724938392639160156 14.710496902465820313 14.711286544799804688 14.722062110900878906 14.740832328796386719 14.751784324645996094 14.7347564697265625 14.718410491943359375 14.706866264343261719 14.689422607421875 14.666575431823730469
