INPUT/RASTER/ASCII/BIO04.asc
ncols        225
nrows        269
xllcorner    473000.000000000000
yllcorner    4429100.000000000000
cellsize     50.000000000000
NODATA_value -9999
[rows 220 to 241 of 269, columns 96 to 143 of 225]
569.378173828125 569.18402099609375 569.08612060546875 568.9986572265625 569.00555419921875 569.187744140625 569.383056640625 569.48583984375 569.33978271484375 569.257080078125 569.2567138671875 569.16082763671875 569.00738525390625 568.9620361328125 569.10125732421875 569.05712890625 569.1075439453125 569.3160400390625 569.64324951171875 570.08447265625 570.49896240234375 571.09527587890625 571.3121337890625 571.642822265625 571.850341796875 571.99896240234375 572.04730224609375 571.97430419921875 572.0321044921875 572.11767578125 572.16363525390625 572.242919921875 572.30657958984375 572.3348388671875 572.383544921875 572.3990478515625 572.511962890625 572.50799560546875 572.53839111328125 572.609375 572.671142578125 572.7791748046875 572.844970703125 572.999755859375 573.0732421875 573.09747314453125 573.147216796875 573.32928466796875
569.08624267578125 569.0068359375 568.94482421875 568.93017578125 568.9427490234375 569.0546875 569.222412109375 569.25921630859375 569.202392578125 569.15289306640625 569.2161865234375 569.20355224609375 569.04248046875 568.89215087890625 568.9034423828125 568.98345947265625 569.13153076171875 569.3421630859375 569.62921142578125 570.0435791015625 570.40716552734375 570.93853759765625 571.22674560546875 571.654541015625 571.89776611328125 572.04327392578125 572.012939453125 571.9996337890625 572.054443359375 572.13934326171875 572.22119140625 572.2696533203125 572.26849365234375 572.25592041015625 572.27435302734375 572.2889404296875 572.3955078125 572.425048828125 572.4698486328125 572.53228759765625 572.559326171875 572.7020263671875 572.75494384765625 572.82257080078125 572.996826171875 573.06109619140625 573.13330078125 573.2056884765625
568.96923828125 568.94879150390625 568.94769287109375 568.931640625 568.964111328125 569.0306396484375 569.107421875 569.0924072265625 569.1414794921875 569.09619140625 569.10601806640625 569.1888427734375 569.07733154296875 568.751708984375 568.865966796875 568.9405517578125 569.0777587890625 569.3243408203125 569.6080322265625 569.954833984375 570.396728515625 570.77374267578125 570.96697998046875 571.559326171875 571.9212646484375 572.107666015625 571.93426513671875 572.0184326171875 572.0516357421875 572.1392822265625 572.2188720703125 572.27679443359375 572.24468994140625 572.18560791015625 572.208251953125 572.2423095703125 572.3221435546875 572.389892578125 572.43768310546875 572.4979248046875 572.5262451171875 572.62158203125 572.677978515625 572.72698974609375 572.86700439453125 573.03021240234375 573.11962890625 573.183349609375
569.03546142578125 568.98382568359375 569.006591796875 568.98272705078125 569.005859375 569.05859375 569.094970703125 569.22039794921875 569.258056640625 569.23699951171875 569.2509765625 569.08807373046875 568.83294677734375 568.771484375 568.825927734375 568.88623046875 569.0499267578125 569.2503662109375 569.5426025390625 569.8323974609375 570.179443359375 570.58453369140625 570.6783447265625 571.3333740234375 571.74591064453125 572.0562744140625 571.94549560546875 571.99530029296875 572.05230712890625 572.112548828125 572.18560791015625 572.2216796875 572.249755859375 572.2127685546875 572.27557373046875 572.229736328125 572.2801513671875 572.3448486328125 572.40472412109375 572.4720458984375 572.4945068359375 572.57867431640625 572.65106201171875 572.6759033203125 572.73992919921875 572.92742919921875 573.09173583984375 573.185791015625
569.21258544921875 569.10400390625 569.097412109375 569.0614013671875 569.06561279296875 569.09710693359375 569.1456298828125 569.377685546875 569.47650146484375 569.45855712890625 569.4415283203125 569.01702880859375 568.917724609375 568.84765625 568.8424072265625 568.8548583984375 568.99945068359375 569.214111328125 569.486083984375 569.724609375 570.01922607421875 570.37835693359375 570.4736328125 571.0733642578125 571.47100830078125 571.78839111328125 571.84332275390625 571.90960693359375 571.99993896484375 572.0421142578125 572.13677978515625 572.197998046875 572.23431396484375 572.25946044921875 572.29132080078125 572.29290771484375 572.3245849609375 572.3260498046875 572.394775390625 572.4326171875 572.47259521484375 572.49957275390625 572.56378173828125 572.6246337890625 572.68511962890625 572.84661865234375 572.90228271484375 573.07232666015625
569.638427734375 569.42926025390625 569.31280517578125 569.23468017578125 569.19500732421875 569.1644287109375 569.2376708984375 569.6875 569.7867431640625 569.67706298828125 569.62750244140625 569.30010986328125 569.259765625 569.00823974609375 568.853759765625 568.841552734375 568.95989990234375 569.14990234375 569.3770751953125 569.52130126953125 569.7874755859375 570.11639404296875 570.21234130859375 570.7667236328125 571.07647705078125 571.3018798828125 571.5152587890625 571.66778564453125 571.8662109375 572.0184326171875 572.126953125 572.2132568359375 572.24346923828125 572.2767333984375 572.2994384765625 572.33087158203125 572.3916015625 572.39935302734375 572.3873291015625 572.43780517578125 572.46002197265625 572.48974609375 572.5208740234375 572.5908203125 572.6759033203125 572.8204345703125 572.91241455078125 573.00390625
569.64117431640625 569.56927490234375 569.43408203125 569.38238525390625 569.31890869140625 569.23486328125 569.27978515625 569.609619140625 569.86663818359375 569.8018798828125 569.69366455078125 569.362548828125 569.16748046875 568.9765625 568.84228515625 568.8416748046875 568.95684814453125 569.112060546875 569.309814453125 569.57275390625 569.80413818359375 570.12152099609375 570.2864990234375 570.691162109375 570.95379638671875 571.11376953125 571.388916015625 571.67138671875 571.8427734375 572.0718994140625 572.15350341796875 572.21728515625 572.25347900390625 572.28753662109375 572.30780029296875 572.3399658203125 572.3927001953125 572.4447021484375 572.458740234375 572.43560791015625 572.46148681640625 572.49169921875 572.51995849609375 572.585205078125 572.6668701171875 572.81683349609375 572.91510009765625 573.00860595703125
569.45843505859375 569.4754638671875 569.46630859375 569.46820068359375 569.412841796875 569.309326171875 569.249755859375 569.4678955078125 569.83880615234375 569.79937744140625 569.6632080078125 569.26385498046875 569.036865234375 568.88226318359375 568.846923828125 568.87213134765625 569.01849365234375 569.2171630859375 569.38702392578125 569.6783447265625 569.95074462890625 570.32220458984375 570.5081787109375 570.90484619140625 571.0755615234375 571.1534423828125 571.4150390625 571.7208251953125 571.90716552734375 572.12939453125 572.18450927734375 572.23291015625 572.2601318359375 572.29644775390625 572.31622314453125 572.34710693359375 572.4129638671875 572.45758056640625 572.5135498046875 572.514892578125 572.4818115234375 572.50140380859375 572.5177001953125 572.57562255859375 572.650390625 572.8104248046875 572.902587890625 573.00604248046875
569.196533203125 569.22637939453125 569.359619140625 569.38360595703125 569.41455078125 569.359375 569.09954833984375 569.366455078125 569.7437744140625 569.7254638671875 569.6046142578125 569.18328857421875 568.94183349609375 568.811279296875 568.867431640625 568.91015625 569.095703125 569.293701171875 569.45465087890625 569.726806640625 570.0548095703125 570.5416259765625 570.8363037109375 571.37139892578125 571.3214111328125 571.28094482421875 571.45172119140625 571.774169921875 571.9827880859375 572.16021728515625 572.21112060546875 572.2525634765625 572.26629638671875 572.29132080078125 572.30963134765625 572.34210205078125 572.41046142578125 572.4659423828125 572.5377197265625 572.59423828125 572.611572265625 572.5848388671875 572.51739501953125 572.560302734375 572.641845703125 572.779541015625 572.867431640625 572.98516845703125
568.93017578125 568.98516845703125 569.149169921875 569.1473388671875 569.21630859375 569.225341796875 569.043701171875 569.19970703125 569.4840087890625 569.5467529296875 569.482666015625 569.145751953125 568.897216796875 568.7979736328125 568.8912353515625 568.943603515625 569.12005615234375 569.28515625 569.430908203125 569.71435546875 570.0555419921875 570.58306884765625 570.93603515625 571.54345703125 571.39093017578125 571.408203125 571.53887939453125 571.8353271484375 572.02899169921875 572.1719970703125 572.23553466796875 572.2647705078125 572.26202392578125 572.2772216796875 572.2911376953125 572.34912109375 572.41961669921875 572.4766845703125 572.5660400390625 572.61920166015625 572.64898681640625 572.6607666015625 572.55120849609375 572.5574951171875 572.63720703125 572.7529296875 572.83245849609375 572.93182373046875
568.705078125 568.8017578125 568.970703125 568.91229248046875 568.861328125 569.001708984375 568.981689453125 569.09130859375 569.26824951171875 569.33978271484375 569.37646484375 569.1888427734375 568.89520263671875 568.828125 568.90264892578125 568.9598388671875 569.0994873046875 569.23468017578125 569.35321044921875 569.658203125 569.98760986328125 570.510498046875 570.832275390625 571.404052734375 571.48541259765625 571.56884765625 571.70111083984375 571.892578125 572.0406494140625 572.17620849609375 572.2430419921875 572.265625 572.25469970703125 572.26666259765625 572.2886962890625 572.36065673828125 572.428955078125 572.49761962890625 572.5985107421875 572.64434814453125 572.674072265625 572.65948486328125 572.625 572.575927734375 572.6328125 572.56524658203125 572.79791259765625 572.75286865234375
568.54595947265625 568.55352783203125 568.7362060546875 568.552734375 568.6514892578125 568.83624267578125 568.8109130859375 568.9949951171875 569.09722900390625 569.1953125 569.3409423828125 569.37420654296875 569.1094970703125 568.93475341796875 568.9384765625 568.97393798828125 569.046875 569.098876953125 569.259521484375 569.568603515625 569.9051513671875 570.33978271484375 570.575439453125 571.06158447265625 571.588134765625 571.75653076171875 571.90716552734375 572.01953125 572.08856201171875 572.1697998046875 572.20623779296875 572.2142333984375 572.23663330078125 572.271484375 572.295654296875 572.37310791015625 572.46728515625 572.37115478515625 572.389892578125 572.69134521484375 572.43994140625 572.642333984375 572.36053466796875 572.39556884765625 572.1607666015625 571.6494140625 571.69891357421875 571.78863525390625
568.39691162109375 568.20782470703125 568.3182373046875 568.30194091796875 568.442138671875 568.56280517578125 568.59539794921875 568.7222900390625 568.91522216796875 569.1219482421875 569.3828125 569.547119140625 569.2808837890625 569.01849365234375 568.95660400390625 568.986328125 569.06878662109375 569.1300048828125 569.33868408203125 569.6005859375 569.9398193359375 570.3162841796875 570.4866943359375 570.92889404296875 571.52447509765625 571.78521728515625 571.94085693359375 572.0469970703125 572.10772705078125 572.1669921875 572.16680908203125 572.21563720703125 571.86126708984375 571.89312744140625 572.2861328125 572.00408935546875 572.48095703125 571.690185546875 571.5858154296875 571.6165771484375 571.60797119140625 571.5340576171875 571.51190185546875 571.53662109375 571.60400390625 571.72857666015625 571.70355224609375 571.805908203125
568.132568359375 568.10064697265625 568.1815185546875 568.2281494140625 568.365966796875 568.48785400390625 568.5296630859375 568.5872802734375 568.8668212890625 569.0191650390625 569.49420166015625 569.6820068359375 569.42608642578125 569.06494140625 569.00775146484375 569.01629638671875 569.1185302734375 569.2215576171875 569.5196533203125 569.71246337890625 570.04730224609375 570.3984375 570.3848876953125 570.956787109375 571.4874267578125 571.3165283203125 571.49139404296875 572.0555419921875 571.6444091796875 572.171875 571.69195556640625 571.1260986328125 571.12860107421875 571.1522216796875 571.1787109375 571.2537841796875 571.3709716796875 571.47100830078125 571.59088134765625 571.6239013671875 571.60198974609375 571.5379638671875 571.50848388671875 571.5487060546875 571.6199951171875 571.7537841796875 571.83233642578125 571.8572998046875
568.0128173828125 568.062744140625 568.12933349609375 568.1961669921875 568.35784912109375 568.43695068359375 568.49188232421875 568.50048828125 568.7216796875 568.86279296875 569.2752685546875 569.55267333984375 569.3275146484375 569.08502197265625 569.0120849609375 569.0361328125 569.13726806640625 569.4183349609375 569.18475341796875 569.4462890625 569.75634765625 570.0548095703125 570.1220703125 570.64154052734375 570.77398681640625 570.73553466796875 570.87176513671875 570.9776611328125 571.005859375 571.0850830078125 571.12957763671875 571.118408203125 571.1298828125 571.1514892578125 571.1697998046875 571.2435302734375 571.343505859375 571.447021484375 571.53619384765625 571.5933837890625 571.5958251953125 571.52911376953125 571.492919921875 571.5166015625 571.60107421875 571.7445068359375 571.82220458984375 571.90679931640625
567.97100830078125 568.015380859375 568.08251953125 568.143310546875 568.28692626953125 568.36968994140625 568.44439697265625 568.4627685546875 568.63165283203125 568.7293701171875 569.06817626953125 569.1666259765625 568.0479736328125 568.31365966796875 567.88525390625 568.3551025390625 568.57330322265625 568.47186279296875 568.8985595703125 569.21875 569.44329833984375 569.72894287109375 570.0087890625 570.3973388671875 570.6595458984375 570.74664306640625 570.896484375 570.99224853515625 571.0328369140625 571.09033203125 571.10955810546875 571.0843505859375 571.117919921875 571.1541748046875 571.18017578125 571.2484130859375 571.33172607421875 571.40716552734375 571.523193359375 571.5936279296875 571.59429931640625 571.5357666015625 571.48382568359375 571.49725341796875 571.5855712890625 571.71630859375 571.7960205078125 571.921142578125
567.93634033203125 567.97943115234375 568.01043701171875 568.07891845703125 568.2088623046875 567.7374267578125 567.5992431640625 567.307861328125 567.7489013671875 567.51068115234375 568.09423828125 568.27655029296875 567.9593505859375 567.8355712890625 567.83416748046875 567.90234375 568.1551513671875 568.4683837890625 568.90313720703125 569.31353759765625 569.68414306640625 569.99151611328125 570.2724609375 570.54833984375 570.695556640625 570.7696533203125 570.894775390625 570.99884033203125 571.041015625 571.0850830078125 571.09368896484375 571.0872802734375 571.11553955078125 571.1624755859375 571.19122314453125 571.261474609375 571.36224365234375 571.43017578125 571.5450439453125 571.61761474609375 571.60101318359375 571.4586181640625 571.44744873046875 571.48095703125 571.566650390625 571.734130859375 571.8441162109375 571.92132568359375
566.7666015625 567.03466796875 566.854736328125 567.1180419921875 567.2249755859375 567.053466796875 567.19573974609375 567.26513671875 567.378173828125 567.472412109375 567.69232177734375 567.950439453125 567.9752197265625 567.8536376953125 567.82244873046875 567.8648681640625 568.095947265625 568.31805419921875 568.7320556640625 569.065673828125 569.35638427734375 569.6544189453125 569.6688232421875 570.197265625 570.405029296875 570.64300537109375 570.79315185546875 570.9046630859375 571.0084228515625 571.0638427734375 571.0870361328125 571.10516357421875 571.12811279296875 571.17169189453125 571.20233154296875 571.2867431640625 571.3853759765625 571.44732666015625 571.5325927734375 571.53875732421875 571.5372314453125 571.4224853515625 571.41998291015625 571.495849609375 571.59039306640625 571.75067138671875 571.84246826171875 571.90673828125
566.74395751953125 566.80731201171875 566.8416748046875 566.88531494140625 566.9697265625 567.0321044921875 567.15887451171875 567.24639892578125 567.3499755859375 567.44970703125 567.66119384765625 567.90087890625 567.95947265625 567.8853759765625 567.85772705078125 567.887451171875 568.092529296875 568.2550048828125 568.608154296875 568.9310302734375 569.03680419921875 569.29144287109375 569.3687744140625 569.7972412109375 570.14306640625 570.48541259765625 570.75048828125 570.84857177734375 570.998046875 571.06683349609375 571.09149169921875 571.10107421875 571.13385009765625 571.17694091796875 571.206298828125 571.29632568359375 571.37451171875 571.44110107421875 571.5018310546875 571.4869384765625 571.4678955078125 571.40533447265625 571.40728759765625 571.479248046875 571.59149169921875 571.74908447265625 571.81842041015625 571.87371826171875
566.736328125 566.7957763671875 566.84039306640625 566.8751220703125 566.95526123046875 567.025634765625 567.15264892578125 567.2454833984375 567.32916259765625 567.412841796875 567.6058349609375 567.83795166015625 567.9095458984375 567.88104248046875 567.9666748046875 568.0299072265625 568.19805908203125 568.3330078125 568.64569091796875 568.93798828125 568.9622802734375 569.173095703125 569.2835693359375 569.6622314453125 570.02825927734375 570.4122314453125 570.76849365234375 570.8597412109375 571.00213623046875 571.05859375 571.06549072265625 571.08203125 571.12890625 571.1746826171875 571.20660400390625 571.29913330078125 571.3978271484375 571.45086669921875 571.48138427734375 571.46197509765625 571.443359375 571.4071044921875 571.41009521484375 571.47412109375 571.56866455078125 571.7244873046875 571.80224609375 571.8560791015625
566.781982421875 566.79949951171875 566.82830810546875 566.87249755859375 566.95526123046875 567.0335693359375 567.16796875 567.2591552734375 567.34222412109375 567.40899658203125 567.57879638671875 567.7757568359375 567.82080078125 567.833251953125 568.0777587890625 568.20184326171875 568.39337158203125 568.54913330078125 568.85870361328125 569.099609375 569.16815185546875 569.343505859375 569.4185791015625 569.74853515625 570.1014404296875 570.4827880859375 570.8055419921875 570.88037109375 571.00396728515625 571.04296875 571.03082275390625 571.0594482421875 571.1142578125 571.1773681640625 571.2071533203125 571.3115234375 571.39501953125 571.45654296875 571.49639892578125 571.4747314453125 571.455078125 571.4202880859375 571.41070556640625 571.46173095703125 571.5408935546875 571.67230224609375 571.72637939453125 571.80450439453125
566.827880859375 566.88214111328125 566.83880615234375 566.9012451171875 566.97113037109375 567.0614013671875 567.21295166015625 567.290283203125 567.36419677734375 567.42303466796875 567.56317138671875 567.71063232421875 567.7618408203125 567.86456298828125 568.19384765625 568.3817138671875 568.63958740234375 568.7943115234375 569.10223388671875 569.22796630859375 569.43096923828125 569.65826416015625 569.67364501953125 569.999267578125 570.30078125 570.637451171875 570.850341796875 570.90264892578125 570.9827880859375 571.01995849609375 571.022705078125 571.0408935546875 571.08203125 571.151611328125 571.18896484375 571.28857421875 571.39599609375 571.48126220703125 571.523193359375 571.49151611328125 571.46783447265625 571.42626953125 571.41046142578125 571.44964599609375 571.51727294921875 571.62359619140625 571.6810302734375 571.75830078125
