INPUT/RASTER/ASCII/BIO06.asc
ncols        225
nrows        269
xllcorner    473009.983799999987
yllcorner    4429051.174800000153
cellsize     50.000000000000
NODATA_value  -9999
[rows 171 to 189 of 269, columns 43 to 85 of 225]
5.3799877166748046875 5.3773369789123535156 5.3757195472717285156 5.3713960647583007813 5.3644852638244628906 5.3575830459594726563 5.3528375625610351563 5.3519449234008789063 5.3530607223510742188 5.3551244735717773438 5.355548858642578125 5.354206085205078125 5.3519577980041503906 5.3480715751647949219 5.3444104194641113281 5.3378992080688476563 5.3324403762817382813 5.326801300048828125 5.3213000297546386719 5.3161096572875976563 5.3131928443908691406 5.3087921142578125 5.3043727874755859375 5.3025221824645996094 5.3008337020874023438 5.2990369796752929688 5.2975287437438964844 5.2948236465454101563 5.287982940673828125 5.2768344879150390625 5.2688770294189453125 5.2664217948913574219 5.265201568603515625 5.2643742561340332031 5.2630057334899902344 5.2610273361206054688 5.258304595947265625 5.2571568489074707031 5.2569918632507324219 5.2565937042236328125 5.2551927566528320313 5.2535433769226074219 5.2520375251770019531
5.382900238037109375 5.3773846626281738281 5.374042510986328125 5.3689527511596679688 5.3609805107116699219 5.3519272804260253906 5.3464403152465820313 5.3484177589416503906 5.3519310951232910156 5.3558301925659179688 5.35573577880859375 5.3535637855529785156 5.3514456748962402344 5.3491864204406738281 5.3464994430541992188 5.3406224250793457031 5.3343105316162109375 5.3287649154663085938 5.3232831954956054688 5.3182435035705566406 5.3151955604553222656 5.3106203079223632813 5.3055901527404785156 5.3028621673583984375 5.3010778427124023438 5.2992525100708007813 5.2978916168212890625 5.2963619232177734375 5.2915825843811035156 5.2809185981750488281 5.27030181884765625 5.2659807205200195313 5.2646808624267578125 5.2638034820556640625 5.26241302490234375 5.2610116004943847656 5.2598757743835449219 5.2588062286376953125 5.2579045295715332031 5.2568354606628417969 5.2551264762878417969 5.2534375190734863281 5.2517757415771484375
5.3835744857788085938 5.3750882148742675781 5.3692989349365234375 5.3616933822631835938 5.355510711669921875 5.3482871055603027344 5.3448195457458496094 5.3495860099792480469 5.3538427352905273438 5.356723785400390625 5.3551898002624511719 5.3522968292236328125 5.3500118255615234375 5.3482565879821777344 5.3467578887939453125 5.3427462577819824219 5.3367457389831542969 5.3305416107177734375 5.3252215385437011719 5.3200616836547851563 5.3170590400695800781 5.3123621940612792969 5.3078160285949707031 5.3037743568420410156 5.3013033866882324219 5.2993292808532714844 5.2978816032409667969 5.2965579032897949219 5.2933187484741210938 5.2858214378356933594 5.2742166519165039063 5.2658638954162597656 5.2642846107482910156 5.2634305953979492188 5.2620296478271484375 5.2606072425842285156 5.2596526145935058594 5.2586259841918945313 5.2575993537902832031 5.2564973831176757813 5.2547893524169921875 5.2531061172485351563 5.2514514923095703125
5.3813786506652832031 5.3717942237854003906 5.3650956153869628906 5.3561410903930664063 5.3513484001159667969 5.3484859466552734375 5.3494839668273925781 5.3547730445861816406 5.3571901321411132813 5.3571000099182128906 5.3543343544006347656 5.3513045310974121094 5.3488268852233886719 5.3469944000244140625 5.3458981513977050781 5.343463897705078125 5.3388094902038574219 5.3326144218444824219 5.3266019821166992188 5.3213963508605957031 5.3183374404907226563 5.3141660690307617188 5.3097624778747558594 5.305202484130859375 5.3014230728149414063 5.2991471290588378906 5.297679901123046875 5.2963471412658691406 5.2939677238464355469 5.2899007797241210938 5.2785549163818359375 5.2667865753173828125 5.2639164924621582031 5.2630586624145507813 5.2616748809814453125 5.2603092193603515625 5.2593903541564941406 5.2583127021789550781 5.2572388648986816406 5.2561187744140625 5.2544255256652832031 5.2527637481689453125 5.2511396408081054688
5.3791909217834472656 5.3707947731018066406 5.3653244972229003906 5.3579211235046386719 5.3538608551025390625 5.3540239334106445313 5.35782623291015625 5.3604025840759277344 5.3602170944213867188 5.3570380210876464844 5.3533759117126464844 5.3506035804748535156 5.3480787277221679688 5.3460149765014648438 5.3449640274047851563 5.3431673049926757813 5.3397083282470703125 5.3341307640075683594 5.3276691436767578125 5.3229494094848632813 5.3202505111694335938 5.3163971900939941406 5.3113765716552734375 5.306507110595703125 5.3017892837524414063 5.298919677734375 5.29737091064453125 5.2960329055786132813 5.2938952445983886719 5.2911162376403808594 5.28204345703125 5.2692923545837402344 5.2643504142761230469 5.2629156112670898438 5.2613425254821777344 5.2601380348205566406 5.2592368125915527344 5.2580008506774902344 5.256862640380859375 5.2557353973388671875 5.2540540695190429688 5.2524218559265136719 5.2508254051208496094
5.3789582252502441406 5.3735504150390625 5.3696360588073730469 5.3651385307312011719 5.3629603385925292969 5.3632555007934570313 5.3649516105651855469 5.3642559051513671875 5.3624806404113769531 5.357219696044921875 5.3529000282287597656 5.3501720428466796875 5.3477334976196289063 5.3455538749694824219 5.3444619178771972656 5.3427257537841796875 5.3404512405395507813 5.3360295295715332031 5.3310604095458984375 5.3262767791748046875 5.3233675956726074219 5.3193497657775878906 5.3138647079467773438 5.30831146240234375 5.3039999008178710938 5.2994246482849121094 5.2968811988830566406 5.2955508232116699219 5.2934856414794921875 5.2912492752075195313 5.2858371734619140625 5.2752490043640136719 5.2691884040832519531 5.2647705078125 5.2610502243041992188 5.2598104476928710938 5.2589015960693359375 5.2575144767761230469 5.2563204765319824219 5.2551908493041992188 5.2535166740417480469 5.2526717185974121094 5.25623321533203125
5.3806509971618652344 5.3822469711303710938 5.3823285102844238281 5.3801937103271484375 5.37696075439453125 5.373195648193359375 5.3694987297058105469 5.3666338920593261719 5.3630275726318359375 5.3587369918823242188 5.3544955253601074219 5.3507790565490722656 5.3479104042053222656 5.345703125 5.3444542884826660156 5.3425431251525878906 5.3407611846923828125 5.3382344245910644531 5.3345279693603515625 5.3293366432189941406 5.3266110420227050781 5.3214039802551269531 5.3156328201293945313 5.3105688095092773438 5.3059258460998535156 5.3006167411804199219 5.2965440750122070313 5.2951493263244628906 5.2931933403015136719 5.2911114692687988281 5.2880244255065917969 5.2821116447448730469 5.2771334648132324219 5.2688436508178710938 5.2614011764526367188 5.2596187591552734375 5.2585496902465820313 5.2569837570190429688 5.2557921409606933594 5.2549757957458496094 5.2564644813537597656 5.2624301910400390625 5.2725315093994140625
5.3831167221069335938 5.3872442245483398438 5.3891401290893554688 5.3899402618408203125 5.3851709365844726563 5.3788037300109863281 5.3734226226806640625 5.369731903076171875 5.3648028373718261719 5.3597855567932128906 5.3564057350158691406 5.35265350341796875 5.3489737510681152344 5.3463773727416992188 5.3451290130615234375 5.3431735038757324219 5.3411707878112792969 5.3390765190124511719 5.3360600471496582031 5.3313655853271484375 5.3283762931823730469 5.3229374885559082031 5.3176774978637695313 5.3127455711364746094 5.30753326416015625 5.3018641471862792969 5.2974386215209960938 5.2953367233276367188 5.2930016517639160156 5.2909483909606933594 5.288440704345703125 5.2853970527648925781 5.2819576263427734375 5.2731928825378417969 5.262897491455078125 5.25965118408203125 5.2583928108215332031 5.2576727867126464844 5.2574863433837890625 5.2628045082092285156 5.2709145545959472656 5.2823700904846191406 5.2906560897827148438
5.3853535652160644531 5.3897380828857421875 5.3915400505065917969 5.393085479736328125 5.3897562026977539063 5.3824191093444824219 5.3770632743835449219 5.3737120628356933594 5.3680286407470703125 5.3613533973693847656 5.3575897216796875 5.3548502922058105469 5.3510065078735351563 5.34759521484375 5.3460745811462402344 5.343719482421875 5.3413262367248535156 5.3391442298889160156 5.3369622230529785156 5.33367919921875 5.3309416770935058594 5.3255872726440429688 5.3198041915893554688 5.3147912025451660156 5.3091726303100585938 5.3030629158020019531 5.2998142242431640625 5.2966170310974121094 5.293041229248046875 5.2907810211181640625 5.2884440422058105469 5.2863574028015136719 5.2842035293579101563 5.2773008346557617188 5.2654805183410644531 5.2604126930236816406 5.2616109848022460938 5.2670850753784179688 5.2714486122131347656 5.2800798416137695313 5.2908940315246582031 5.2982850074768066406 5.3014430999755859375
5.3881044387817382813 5.3920192718505859375 5.3933897018432617188 5.3941731452941894531 5.391925811767578125 5.386013031005859375 5.3808126449584960938 5.3772745132446289063 5.3715667724609375 5.3641672134399414063 5.3592205047607421875 5.3564629554748535156 5.3531017303466796875 5.348972320556640625 5.3468580245971679688 5.3438019752502441406 5.3411669731140136719 5.3390283584594726563 5.3371539115905761719 5.3351092338562011719 5.3333058357238769531 5.3282685279846191406 5.3217687606811523438 5.3163828849792480469 5.3105611801147460938 5.3043293952941894531 5.3010678291320800781 5.297893524169921875 5.2933645248413085938 5.2906088829040527344 5.288280487060546875 5.2863588333129882813 5.2849884033203125 5.2801342010498046875 5.2693047523498535156 5.2657790184020996094 5.2741484642028808594 5.2839150428771972656 5.2917532920837402344 5.2971501350402832031 5.3035268783569335938 5.3057084083557128906 5.3050584793090820313
5.3912477493286132813 5.3942570686340332031 5.3949842453002929688 5.3946127891540527344 5.3923134803771972656 5.3888330459594726563 5.3849020004272460938 5.381427764892578125 5.3752932548522949219 5.3678975105285644531 5.3617691993713378906 5.3575787544250488281 5.3545613288879394531 5.3498172760009765625 5.3473463058471679688 5.3440117835998535156 5.3412113189697265625 5.3389844894409179688 5.3370509147644042969 5.335292816162109375 5.3341231346130371094 5.3299169540405273438 5.3235387802124023438 5.3175663948059082031 5.3117685317993164063 5.3062896728515625 5.30225372314453125 5.2991032600402832031 5.2941298484802246094 5.2905764579772949219 5.2880449295043945313 5.2861166000366210938 5.2851119041442871094 5.2821545600891113281 5.2763738632202148438 5.2797360420227050781 5.2924494743347167969 5.30062103271484375 5.3053798675537109375 5.3077769279479980469 5.3089108467102050781 5.3083744049072265625 5.3064584732055664063
5.3943119049072265625 5.3960604667663574219 5.3959021568298339844 5.3942675590515136719 5.391689300537109375 5.3891973495483398438 5.3871579170227050781 5.3856945037841796875 5.3801875114440917969 5.3730893135070800781 5.3662905693054199219 5.3603658676147460938 5.3555569648742675781 5.3510699272155761719 5.3487734794616699219 5.3449907302856445313 5.34156036376953125 5.3388891220092773438 5.3367266654968261719 5.3348550796508789063 5.3337826728820800781 5.3309006690979003906 5.3254494667053222656 5.3195309638977050781 5.3144564628601074219 5.3086881637573242188 5.3050961494445800781 5.3011803627014160156 5.2963204383850097656 5.2912678718566894531 5.2878866195678710938 5.2868809700012207031 5.287433624267578125 5.2875475883483886719 5.2915062904357910156 5.3008913993835449219 5.307231903076171875 5.3108768463134765625 5.3114161491394042969 5.311397552490234375 5.3105511665344238281 5.3092341423034667969 5.3068575859069824219
5.3961353302001953125 5.3968291282653808594 5.3957400321960449219 5.3932557106018066406 5.3908967971801757813 5.3889026641845703125 5.3872089385986328125 5.3861942291259765625 5.3845262527465820313 5.3801712989807128906 5.3729138374328613281 5.3661108016967773438 5.35816192626953125 5.3526325225830078125 5.3507733345031738281 5.3469915390014648438 5.3424305915832519531 5.3387417793273925781 5.3361773490905761719 5.3341383934020996094 5.3330488204956054688 5.3314800262451171875 5.3286595344543457031 5.3235340118408203125 5.3173799514770507813 5.3123846054077148438 5.3092999458312988281 5.3041543960571289063 5.2989759445190429688 5.2932343482971191406 5.2903995513916015625 5.2947049140930175781 5.3006157875061035156 5.3071179389953613281 5.3118305206298828125 5.312847137451171875 5.3135538101196289063 5.313812255859375 5.3134012222290039063 5.3124337196350097656 5.3108472824096679688 5.3090715408325195313 5.3066668510437011719
5.3968796730041503906 5.3969273567199707031 5.3956322669982910156 5.3931412696838378906 5.3908319473266601563 5.3888330459594726563 5.3870987892150878906 5.386058807373046875 5.3845005035400390625 5.3818864822387695313 5.3767533302307128906 5.3696093559265136719 5.3603119850158691406 5.3531975746154785156 5.3507838249206542969 5.3476109504699707031 5.3437204360961914063 5.3392534255981445313 5.3358807563781738281 5.3337683677673339844 5.3327035903930664063 5.3311662673950195313 5.3289523124694824219 5.3249850273132324219 5.3190393447875976563 5.3139262199401855469 5.3113117218017578125 5.3061265945434570313 5.3002233505249023438 5.2977738380432128906 5.3006043434143066406 5.308017730712890625 5.3114099502563476563 5.3136525154113769531 5.3140974044799804688 5.3137555122375488281 5.31378173828125 5.3136243820190429688 5.3130784034729003906 5.3120961189270019531 5.3105092048645019531 5.3087406158447265625 5.306583404541015625
5.3971185684204101563 5.3977403640747070313 5.3962130546569824219 5.39333343505859375 5.3908538818359375 5.3887376785278320313 5.3869314193725585938 5.385868072509765625 5.3843064308166503906 5.3821015357971191406 5.3790984153747558594 5.373271942138671875 5.3633604049682617188 5.3553662300109863281 5.3519692420959472656 5.3478493690490722656 5.3447065353393554688 5.340190887451171875 5.3360133171081542969 5.3335337638854980469 5.332485198974609375 5.3309640884399414063 5.329036712646484375 5.32653045654296875 5.3213143348693847656 5.3163137435913085938 5.3131814002990722656 5.3075661659240722656 5.3035526275634765625 5.3065505027770996094 5.3114047050476074219 5.3146162033081054688 5.3156528472900390625 5.3156423568725585938 5.31494903564453125 5.3142871856689453125 5.3136305809020996094 5.3132581710815429688 5.3126659393310546875 5.3116993904113769531 5.3101296424865722656 5.3084778785705566406 5.3071579933166503906
5.3967528343200683594 5.3985743522644042969 5.3974580764770507813 5.3939852714538574219 5.3908295631408691406 5.3885746002197265625 5.3867206573486328125 5.3856592178344726563 5.3840355873107910156 5.38181304931640625 5.3796477317810058594 5.3752236366271972656 5.3662295341491699219 5.3584985733032226563 5.3544988632202148438 5.3488168716430664063 5.3450045585632324219 5.3413858413696289063 5.3370256423950195313 5.3337564468383789063 5.3324527740478515625 5.3308863639831542969 5.3288216590881347656 5.3269925117492675781 5.3228521347045898438 5.3185377120971679688 5.3150472640991210938 5.3105993270874023438 5.3118166923522949219 5.3160672187805175781 5.3179979324340820313 5.3174777030944824219 5.3171887397766113281 5.3164453506469726563 5.3156490325927734375 5.3150229454040527344 5.3141150474548339844 5.3131685256958007813 5.3123292922973632813 5.3113241195678710938 5.3102087974548339844 5.3098912239074707031 5.3112344741821289063
5.3960218429565429688 5.3988566398620605469 5.3989510536193847656 5.3952784538269042969 5.3912215232849121094 5.3885145187377929688 5.386554718017578125 5.3854646682739257813 5.3837614059448242188 5.3814778327941894531 5.3793234825134277344 5.3760867118835449219 5.3691716194152832031 5.3618898391723632813 5.3577342033386230469 5.3511743545532226563 5.3457636833190917969 5.3422923088073730469 5.3386259078979492188 5.3344182968139648438 5.3327832221984863281 5.3311214447021484375 5.3287572860717773438 5.3268680572509765625 5.3242692947387695313 5.3206782341003417969 5.318172454833984375 5.3173189163208007813 5.3204483985900878906 5.3216485977172851563 5.3204770088195800781 5.3190579414367675781 5.3182544708251953125 5.3171253204345703125 5.3161110877990722656 5.3156595230102539063 5.3145742416381835938 5.3131995201110839844 5.3122076988220214844 5.3116922378540039063 5.3124094009399414063 5.3150234222412109375 5.319927215576171875
5.3947820663452148438 5.3984589576721191406 5.3994488716125488281 5.3966660499572753906 5.3925299644470214844 5.3894071578979492188 5.3867025375366210938 5.3853402137756347656 5.3834743499755859375 5.381137847900390625 5.3788886070251464844 5.3765158653259277344 5.37224578857421875 5.3654336929321289063 5.3613262176513671875 5.3546991348266601563 5.3484020233154296875 5.3435378074645996094 5.3399667739868164063 5.3357148170471191406 5.3338842391967773438 5.3315334320068359375 5.3289294242858886719 5.3271479606628417969 5.325733184814453125 5.3251042366027832031 5.3244795799255371094 5.3240303993225097656 5.3242282867431640625 5.3236560821533203125 5.3220739364624023438 5.3205461502075195313 5.3195567131042480469 5.3183369636535644531 5.3167347908020019531 5.3154697418212890625 5.3145895004272460938 5.3142690658569335938 5.3143701553344726563 5.3168644905090332031 5.3227028846740722656 5.3264017105102539063 5.3274850845336914063
5.3905935287475585938 5.3954825401306152344 5.3981103897094726563 5.3968000411987304688 5.3937287330627441406 5.3913292884826660156 5.3878931999206542969 5.3857607841491699219 5.3831295967102050781 5.3805994987487792969 5.3782758712768554688 5.3757939338684082031 5.3730254173278808594 5.3693227767944335938 5.36669158935546875 5.3609161376953125 5.3545331954956054688 5.3475880622863769531 5.3404221534729003906 5.3362669944763183594 5.3341236114501953125 5.3299670219421386719 5.3269953727722167969 5.327037811279296875 5.3280506134033203125 5.32875823974609375 5.3279256820678710938 5.3253917694091796875 5.3236083984375 5.322628021240234375 5.3212819099426269531 5.319789886474609375 5.3189721107482910156 5.3176255226135253906 5.3154840469360351563 5.3147859573364257813 5.3163609504699707031 5.3194580078125 5.3242702484130859375 5.3269805908203125 5.3326787948608398438 5.3326587677001953125 5.3289012908935546875
