INPUT/RASTER/ASCII/BIO04.asc
ncols        225
nrows        269
xllcorner    473009.983799999987
yllcorner    4429051.174800000153
cellsize     50.000000000000
NODATA_value -9999
[rows 180 to 199 of 269, columns 138 to 183 of 225]
573.21441650390625 573.0799560546875 573.0347900390625 573.03375244140625 573.065673828125 573.114990234375 573.25506591796875 573.48443603515625 573.7125244140625 573.92425537109375 574.08526611328125 574.1591796875 574.20806884765625 574.15606689453125 574.3753662109375 574.73382568359375 575.38861083984375 576.2716064453125 576.5267333984375 576.6380615234375 576.6629638671875 576.79071044921875 576.93780517578125 576.92169189453125 576.91009521484375 576.90142822265625 576.910888671875 576.96258544921875 577.0550537109375 577.17254638671875 577.25787353515625 577.381591796875 577.5001220703125 577.598876953125 577.6893310546875 577.75445556640625 577.7811279296875 577.80035400390625 577.83343505859375 577.8839111328125 577.95770263671875 578.034423828125 578.091796875 578.13671875 578.202392578125 578.2880859375
573.150390625 572.9517822265625 572.8941650390625 572.9097900390625 572.9583740234375 573.02557373046875 573.2265625 573.5498046875 573.89361572265625 574.22149658203125 574.42645263671875 574.46270751953125 574.51593017578125 574.4971923828125 574.4029541015625 574.39495849609375 574.680419921875 575.1353759765625 575.29840087890625 575.38568115234375 575.38153076171875 575.865478515625 576.47979736328125 576.6651611328125 576.86480712890625 576.897216796875 576.934814453125 577.00421142578125 577.093505859375 577.1964111328125 577.2706298828125 577.3861083984375 577.5093994140625 577.618408203125 577.7095947265625 577.76934814453125 577.79443359375 577.812255859375 577.84332275390625 577.89019775390625 577.9638671875 578.049560546875 578.1153564453125 578.16400146484375 578.2322998046875 578.3140869140625
573.095947265625 572.87188720703125 572.83740234375 572.8868408203125 572.98724365234375 573.09027099609375 573.32269287109375 573.677734375 574.07855224609375 574.47686767578125 574.7569580078125 574.91510009765625 574.9951171875 574.94134521484375 574.7578125 574.67242431640625 574.70452880859375 574.8162841796875 574.8922119140625 574.93798828125 574.88037109375 574.95831298828125 575.11761474609375 575.53314208984375 576.22991943359375 576.33233642578125 576.42401123046875 576.81243896484375 577.0675048828125 577.2008056640625 577.283935546875 577.387451171875 577.5078125 577.62420654296875 577.7218017578125 577.78076171875 577.80450439453125 577.817626953125 577.84716796875 577.8934326171875 577.96356201171875 578.05377197265625 578.12786865234375 578.1790771484375 578.24462890625 578.32061767578125
573.0426025390625 572.83148193359375 572.8453369140625 572.952392578125 573.1160888671875 573.243408203125 573.4630126953125 573.793701171875 574.1693115234375 574.54815673828125 574.96826171875 575.25201416015625 575.3514404296875 575.2718505859375 575.04803466796875 574.9222412109375 574.922119140625 574.98712158203125 575.025390625 575.0093994140625 574.89764404296875 574.77642822265625 574.69671630859375 574.776611328125 574.9669189453125 575.01055908203125 575.155517578125 575.9351806640625 576.41644287109375 576.8714599609375 577.184814453125 577.31005859375 577.48248291015625 577.6236572265625 577.72637939453125 577.78826904296875 577.809814453125 577.8275146484375 577.86053466796875 577.90228271484375 577.96026611328125 578.039794921875 578.11767578125 578.17364501953125 578.2401123046875 578.31671142578125
572.979248046875 572.81842041015625 572.88372802734375 573.05328369140625 573.27166748046875 573.41009521484375 573.5936279296875 573.86126708984375 574.1490478515625 574.52056884765625 575.0089111328125 575.30780029296875 575.43450927734375 575.42645263671875 575.2645263671875 575.14422607421875 575.122314453125 575.13848876953125 575.13232421875 575.0494384765625 574.90106201171875 574.779541015625 574.6982421875 574.66424560546875 574.66192626953125 574.6783447265625 574.7646484375 575.082275390625 575.35137939453125 576.01953125 576.50653076171875 576.71112060546875 577.19696044921875 577.50140380859375 577.67852783203125 577.78424072265625 577.8114013671875 577.83367919921875 577.86834716796875 577.90655517578125 577.95849609375 578.02691650390625 578.095703125 578.154541015625 578.22955322265625 578.31097412109375
572.8856201171875 572.8194580078125 572.94488525390625 573.1759033203125 573.453125 573.60626220703125 573.74139404296875 573.8966064453125 574.1044921875 574.50555419921875 574.9952392578125 575.28668212890625 575.42913818359375 575.48760986328125 575.42578125 575.34136962890625 575.294921875 575.2559814453125 575.205078125 575.0616455078125 574.8924560546875 574.7802734375 574.71014404296875 574.68060302734375 574.6798095703125 574.6944580078125 574.7530517578125 574.85040283203125 574.97320556640625 575.25140380859375 575.4517822265625 575.68646240234375 576.41131591796875 576.847412109375 577.344482421875 577.65594482421875 577.70098876953125 577.7232666015625 577.75640869140625 577.871337890625 577.96319580078125 578.033447265625 578.09906005859375 578.1549072265625 578.2354736328125 578.323974609375
572.80426025390625 572.84716796875 573.03387451171875 573.32672119140625 573.66619873046875 573.8389892578125 573.9329833984375 573.98284912109375 574.1556396484375 574.55487060546875 575.013427734375 575.29656982421875 575.4312744140625 575.5040283203125 575.4989013671875 575.45751953125 575.40606689453125 575.32745361328125 575.24407958984375 575.06298828125 574.88873291015625 574.78961181640625 574.73223876953125 574.70318603515625 574.701904296875 574.7191162109375 574.787841796875 574.896728515625 575.00689697265625 575.10675048828125 575.17193603515625 575.2884521484375 575.5062255859375 575.679931640625 576.41259765625 576.89202880859375 576.95037841796875 576.9713134765625 577.003173828125 577.5311279296875 577.865478515625 578.03692626953125 578.18280029296875 578.23834228515625 578.28411865234375 578.35943603515625
572.81854248046875 572.92486572265625 573.167724609375 573.51220703125 573.89483642578125 574.07958984375 574.1561279296875 574.2158203125 574.3603515625 574.69281005859375 575.08056640625 575.31988525390625 575.432373046875 575.49615478515625 575.5045166015625 575.48870849609375 575.453857421875 575.37359619140625 575.282470703125 575.08740234375 574.9136962890625 574.82135009765625 574.7645263671875 574.72869873046875 574.72869873046875 574.76220703125 574.8505859375 574.97528076171875 575.0869140625 575.17840576171875 575.2369384765625 575.31927490234375 575.42132568359375 575.53741455078125 575.64862060546875 575.7220458984375 575.75079345703125 575.7642822265625 575.79058837890625 576.60162353515625 577.16363525390625 577.7252197265625 578.23724365234375 578.3284912109375 578.1944580078125 578.17327880859375
572.83380126953125 573.01727294921875 573.32196044921875 573.7027587890625 574.07537841796875 574.2489013671875 574.37725830078125 574.5048828125 574.640625 574.879150390625 575.153076171875 575.3155517578125 575.40570068359375 575.4786376953125 575.50225830078125 575.50091552734375 575.481201171875 575.41632080078125 575.3355712890625 575.1533203125 574.98834228515625 574.8931884765625 574.822265625 574.7806396484375 574.78912353515625 574.86572265625 574.97564697265625 575.10089111328125 575.214111328125 575.30096435546875 575.353515625 575.427490234375 575.52886962890625 575.6536865234375 575.73095703125 575.77239990234375 575.7906494140625 575.80133056640625 575.83203125 575.93975830078125 576.13787841796875 576.81610107421875 577.6204833984375 577.89312744140625 577.76556396484375 577.719970703125
572.7880859375 573.05633544921875 573.41790771484375 573.79473876953125 574.1395263671875 574.35101318359375 574.5965576171875 574.76312255859375 574.87030029296875 575.027099609375 575.2135009765625 575.32977294921875 575.4141845703125 575.49969482421875 575.53631591796875 575.54718017578125 575.54150390625 575.494384765625 575.447998046875 575.32275390625 575.16473388671875 575.0640869140625 574.98529052734375 574.9395751953125 574.94036865234375 574.9990234375 575.09033203125 575.20263671875 575.312255859375 575.3955078125 575.445068359375 575.51568603515625 575.58685302734375 575.6505126953125 575.7127685546875 575.75244140625 575.76116943359375 575.7686767578125 575.80792236328125 575.9129638671875 576.03546142578125 576.2550048828125 576.6541748046875 577.18817138671875 577.58056640625 577.684326171875
572.7791748046875 573.09906005859375 573.468505859375 573.8037109375 574.208251953125 574.49737548828125 574.79248046875 574.98638916015625 575.0733642578125 575.17510986328125 575.302978515625 575.388427734375 575.507080078125 575.62225341796875 575.6695556640625 575.69195556640625 575.69683837890625 575.66412353515625 575.6142578125 575.4730224609375 575.3079833984375 575.2081298828125 575.1348876953125 575.08770751953125 575.070068359375 575.0675048828125 575.109375 575.19305419921875 575.2830810546875 575.36016845703125 575.41156005859375 575.48529052734375 575.54669189453125 575.6016845703125 575.67376708984375 575.71826171875 575.7166748046875 575.7176513671875 575.7646484375 575.9080810546875 576.0352783203125 576.109130859375 576.183837890625 576.7618408203125 577.46197509765625 577.66033935546875
572.84490966796875 573.195068359375 573.49676513671875 573.83184814453125 574.29632568359375 574.61126708984375 574.94921875 575.18402099609375 575.2760009765625 575.35955810546875 575.45953369140625 575.52752685546875 575.61749267578125 575.71221923828125 575.76312255859375 575.79107666015625 575.8016357421875 575.77691650390625 575.700927734375 575.5166015625 575.3468017578125 575.25750732421875 575.201904296875 575.1614990234375 575.1419677734375 575.1270751953125 575.136962890625 575.1820068359375 575.244873046875 575.30609130859375 575.353515625 575.42218017578125 575.474609375 575.52166748046875 575.60906982421875 575.67889404296875 575.67449951171875 575.6661376953125 575.71905517578125 575.88909912109375 576.0220947265625 576.07611083984375 576.09832763671875 576.3956298828125 577.1258544921875 577.5894775390625
572.96240234375 573.32269287109375 573.58514404296875 573.94927978515625 574.39788818359375 574.69317626953125 575.015869140625 575.24609375 575.358642578125 575.44989013671875 575.54241943359375 575.6029052734375 575.65167236328125 575.714599609375 575.76397705078125 575.7935791015625 575.80560302734375 575.7896728515625 575.696044921875 575.51275634765625 575.36126708984375 575.2904052734375 575.25921630859375 575.23858642578125 575.2269287109375 575.21478271484375 575.2073974609375 575.2254638671875 575.2645263671875 575.30145263671875 575.3306884765625 575.37677001953125 575.41705322265625 575.4423828125 575.514892578125 575.6102294921875 575.6204833984375 575.62225341796875 575.68798828125 575.856201171875 575.978515625 576.027099609375 576.045654296875 576.107666015625 576.6129150390625 577.4476318359375
573.05889892578125 573.36663818359375 573.67376708984375 574.030029296875 574.41851806640625 574.67144775390625 574.9677734375 575.20611572265625 575.34417724609375 575.44732666015625 575.53924560546875 575.5977783203125 575.64410400390625 575.70257568359375 575.7486572265625 575.7783203125 575.79156494140625 575.778564453125 575.67303466796875 575.496826171875 575.37371826171875 575.32489013671875 575.315673828125 575.31512451171875 575.31640625 575.318359375 575.3199462890625 575.33514404296875 575.3568115234375 575.36444091796875 575.36859130859375 575.39019775390625 575.418212890625 575.416748046875 575.43621826171875 575.51507568359375 575.55859375 575.59747314453125 575.683837890625 575.8321533203125 575.93255615234375 575.977783203125 576.0087890625 576.07952880859375 576.37579345703125 577.2802734375
573.11431884765625 573.41058349609375 573.73016357421875 574.07318115234375 574.447265625 574.66851806640625 574.94476318359375 575.19390869140625 575.33770751953125 575.44189453125 575.53271484375 575.59063720703125 575.63446044921875 575.69036865234375 575.7340087890625 575.76397705078125 575.7769775390625 575.76202392578125 575.6585693359375 575.49224853515625 575.39019775390625 575.355224609375 575.3560791015625 575.364990234375 575.37353515625 575.3892822265625 575.4088134765625 575.43682861328125 575.45843505859375 575.45184326171875 575.44061279296875 575.4449462890625 575.46331787109375 575.44561767578125 575.4188232421875 575.4605712890625 575.51629638671875 575.5731201171875 575.6658935546875 575.8040771484375 575.916015625 575.9830322265625 576.0362548828125 576.1324462890625 576.29962158203125 576.94561767578125
573.2908935546875 573.5867919921875 573.85113525390625 574.1534423828125 574.532958984375 574.75823974609375 574.99676513671875 575.21795654296875 575.3389892578125 575.4332275390625 575.52178955078125 575.57769775390625 575.622802734375 575.6783447265625 575.7171630859375 575.7420654296875 575.74609375 575.7271728515625 575.6427001953125 575.50323486328125 575.41943359375 575.39178466796875 575.3935546875 575.40155029296875 575.40972900390625 575.42816162109375 575.45513916015625 575.48980712890625 575.5181884765625 575.52117919921875 575.51446533203125 575.51409912109375 575.52484130859375 575.5052490234375 575.46173095703125 575.46588134765625 575.4991455078125 575.54669189453125 575.64459228515625 575.79510498046875 575.92962646484375 576.0146484375 576.08087158203125 576.188232421875 576.2918701171875 576.72906494140625
573.60101318359375 573.8778076171875 574.08489990234375 574.3250732421875 574.629150390625 574.82513427734375 575.07861328125 575.276123046875 575.3514404296875 575.4234619140625 575.50579833984375 575.56097412109375 575.60491943359375 575.65863037109375 575.69342041015625 575.70916748046875 575.703369140625 575.68548583984375 575.626708984375 575.5316162109375 575.4613037109375 575.42938232421875 575.427001953125 575.43719482421875 575.44366455078125 575.45654296875 575.484130859375 575.51910400390625 575.5482177734375 575.5587158203125 575.56201171875 575.570556640625 575.580810546875 575.57281494140625 575.531982421875 575.499755859375 575.50885009765625 575.5526123046875 575.67022705078125 575.846923828125 575.97174072265625 576.043212890625 576.10357666015625 576.205078125 576.2861328125 576.4732666015625
573.9014892578125 574.15869140625 574.34149169921875 574.52978515625 574.75152587890625 574.8990478515625 575.112060546875 575.30560302734375 575.37359619140625 575.41552734375 575.48638916015625 575.537353515625 575.5777587890625 575.62872314453125 575.66217041015625 575.67401123046875 575.67041015625 575.66015625 575.62091064453125 575.55157470703125 575.4888916015625 575.45550537109375 575.44976806640625 575.458984375 575.46575927734375 575.47894287109375 575.50872802734375 575.54345703125 575.57000732421875 575.583251953125 575.5936279296875 575.61566162109375 575.6302490234375 575.62615966796875 575.581298828125 575.5303955078125 575.5328369140625 575.587158203125 575.73223876953125 575.9190673828125 576.01824951171875 576.06640625 576.1094970703125 576.19073486328125 576.2642822265625 576.374755859375
574.22149658203125 574.43939208984375 574.5965576171875 574.73504638671875 574.88519287109375 574.987548828125 575.140869140625 575.30303955078125 575.3902587890625 575.433349609375 575.4771728515625 575.51220703125 575.5458984375 575.590087890625 575.62261962890625 575.6375732421875 575.64361572265625 575.641357421875 575.61834716796875 575.568359375 575.50958251953125 575.478515625 575.4713134765625 575.47735595703125 575.48944091796875 575.50860595703125 575.5435791015625 575.580810546875 575.6080322265625 575.62939453125 575.64617919921875 575.6737060546875 575.68878173828125 575.68267822265625 575.623779296875 575.5606689453125 575.566162109375 575.63330078125 575.7872314453125 575.9593505859375 576.04718017578125 576.0865478515625 576.11627197265625 576.17364501953125 576.2386474609375 576.3060302734375
574.6082763671875 574.75347900390625 574.8524169921875 574.92333984375 575.00341796875 575.06341552734375 575.1634521484375 575.280517578125 575.37213134765625 575.4427490234375 575.48516845703125 575.51593017578125 575.52783203125 575.55145263671875 575.57745361328125 575.59857177734375 575.61358642578125 575.61785888671875 575.61151123046875 575.5877685546875 575.54736328125 575.5162353515625 575.49951171875 575.50360107421875 575.52215576171875 575.54815673828125 575.58673095703125 575.6309814453125 575.6680908203125 575.7005615234375 575.72198486328125 575.74737548828125 575.76104736328125 575.75848388671875 575.68914794921875 575.60736083984375 575.6065673828125 575.6688232421875 575.7965087890625 575.95013427734375 576.05462646484375 576.1063232421875 576.13482666015625 576.17474365234375 576.22528076171875 576.27862548828125
