INPUT/RASTER/ASCII/BIO01.asc
ncols        225
nrows        269
xllcorner    473000.000000000000
yllcorner    4429100.000000000000
cellsize     50.000000000000
NODATA_value -9999
[rows 180 to 199 of 269, columns 44 to 87 of 225]
16.488269805908203125 16.479557037353515625 16.456281661987304688 16.415304183959960938 16.384769439697265625 16.370195388793945312 16.367139816284179688 16.3656158447265625 16.3559417724609375 16.347021102905273438 16.353704452514648438 16.35416412353515625 16.354932785034179688 16.351987838745117188 16.3477783203125 16.338102340698242188 16.3334197998046875 16.334600448608398438 16.333532333374023438 16.333250045776367188 16.328958511352539062 16.324131011962890625 16.319667816162109375 16.312931060791015625 16.3096160888671875 16.308851242065429688 16.307786941528320312 16.305192947387695312 16.302248001098632812 16.299596786499023438 16.297369003295898438 16.29743194580078125 16.296545028686523438 16.298297882080078125 16.3170166015625 16.334827423095703125 16.34526824951171875 16.349658966064453125 16.35201263427734375 16.359441757202148438 16.353282928466796875 16.339773178100585938 16.324232101440429688 16.31717681884765625
16.4764556884765625 16.468608856201171875 16.441411972045898438 16.40746307373046875 16.384899139404296875 16.375722885131835938 16.372812271118164062 16.372018814086914062 16.36537933349609375 16.358015060424804688 16.3643341064453125 16.366436004638671875 16.365495681762695312 16.361116409301757812 16.352167129516601562 16.33849334716796875 16.33673858642578125 16.337188720703125 16.33641815185546875 16.336477279663085938 16.33258056640625 16.327005386352539062 16.321409225463867188 16.31510162353515625 16.312158584594726562 16.311069488525390625 16.31067657470703125 16.306774139404296875 16.30373382568359375 16.300952911376953125 16.298862457275390625 16.29877471923828125 16.297908782958984375 16.29906463623046875 16.32004547119140625 16.343061447143554688 16.35334014892578125 16.362749099731445312 16.363224029541015625 16.365875244140625 16.359012603759765625 16.34470367431640625 16.324281692504882812 16.314649581909179688
16.4615325927734375 16.45426177978515625 16.425119400024414062 16.399227142333984375 16.385326385498046875 16.380367279052734375 16.37778472900390625 16.379018783569335938 16.37792205810546875 16.370662689208984375 16.371103286743164062 16.373079299926757812 16.37088775634765625 16.368083953857421875 16.359884262084960938 16.34381103515625 16.339990615844726562 16.340654373168945312 16.338991165161132812 16.337749481201171875 16.33465576171875 16.329174041748046875 16.323522567749023438 16.317291259765625 16.3156280517578125 16.313451766967773438 16.31179046630859375 16.309129714965820312 16.304861068725585938 16.301967620849609375 16.299280166625976562 16.299594879150390625 16.30042266845703125 16.305456161499023438 16.329059600830078125 16.350345611572265625 16.359638214111328125 16.36554718017578125 16.36734771728515625 16.369077682495117188 16.363162994384765625 16.35050201416015625 16.328754425048828125 16.315801620483398438
16.445596694946289062 16.438199996948242188 16.405292510986328125 16.390993118286132812 16.38433837890625 16.385120391845703125 16.383462905883789062 16.386119842529296875 16.385766983032226562 16.37804412841796875 16.376848220825195312 16.373477935791015625 16.372394561767578125 16.370922088623046875 16.363748550415039062 16.349796295166015625 16.3428802490234375 16.341869354248046875 16.34014129638671875 16.338823318481445312 16.336879730224609375 16.331350326538085938 16.3286590576171875 16.32158660888671875 16.320806503295898438 16.319242477416992188 16.315032958984375 16.312108993530273438 16.306337356567382812 16.303560256958007812 16.301839828491210938 16.304422378540039062 16.307542800903320312 16.313629150390625 16.334997177124023438 16.352752685546875 16.360256195068359375 16.366701126098632812 16.367486953735351562 16.370624542236328125 16.368396759033203125 16.358118057250976562 16.334398269653320312 16.318817138671875
16.430292129516601562 16.412714004516601562 16.39092254638671875 16.387928009033203125 16.3883056640625 16.390422821044921875 16.3916015625 16.3927764892578125 16.393260955810546875 16.3890533447265625 16.383108139038085938 16.376293182373046875 16.3701934814453125 16.367658615112304688 16.358642578125 16.353179931640625 16.347423553466796875 16.342708587646484375 16.339595794677734375 16.338045120239257812 16.3377838134765625 16.33751678466796875 16.33563995361328125 16.329864501953125 16.328077316284179688 16.326547622680664062 16.32079315185546875 16.316242218017578125 16.308559417724609375 16.30686187744140625 16.30652618408203125 16.313091278076171875 16.319890975952148438 16.323749542236328125 16.330842971801757812 16.34488677978515625 16.358600616455078125 16.368061065673828125 16.36937713623046875 16.3726806640625 16.3712005615234375 16.362279891967773438 16.334453582763671875 16.3175811767578125
16.451995849609375 16.422855377197265625 16.39809417724609375 16.392803192138671875 16.394281387329101562 16.393880844116210938 16.395483016967773438 16.395793914794921875 16.395694732666015625 16.39371490478515625 16.384649276733398438 16.376613616943359375 16.367488861083984375 16.361497879028320312 16.356481552124023438 16.352693557739257812 16.3494415283203125 16.342786788940429688 16.339128494262695312 16.338104248046875 16.3382568359375 16.338842391967773438 16.3387298583984375 16.334918975830078125 16.3328704833984375 16.3328704833984375 16.329021453857421875 16.320941925048828125 16.313915252685546875 16.3131866455078125 16.3185882568359375 16.320404052734375 16.324069976806640625 16.327043533325195312 16.330356597900390625 16.3393096923828125 16.360795974731445312 16.367853164672851562 16.369472503662109375 16.3743133544921875 16.374364852905273438 16.363796234130859375 16.341234207153320312 16.314851760864257812
16.471307754516601562 16.43726348876953125 16.408802032470703125 16.39962005615234375 16.398815155029296875 16.396940231323242188 16.398290634155273438 16.39868927001953125 16.3970794677734375 16.393571853637695312 16.386404037475585938 16.377410888671875 16.365858078002929688 16.360158920288085938 16.354177474975585938 16.351194381713867188 16.345602035522460938 16.343034744262695312 16.34112548828125 16.339929580688476562 16.340593338012695312 16.340520858764648438 16.341146469116210938 16.340641021728515625 16.338306427001953125 16.337703704833984375 16.336528778076171875 16.325666427612304688 16.327356338500976562 16.322750091552734375 16.325174331665039062 16.32413482666015625 16.326093673706054688 16.331083297729492188 16.335285186767578125 16.346485137939453125 16.357723236083984375 16.368000030517578125 16.370592117309570312 16.375413894653320312 16.37615966796875 16.36408233642578125 16.333456039428710938 16.315959930419921875
16.475805282592773438 16.443353652954101562 16.41651153564453125 16.404714584350585938 16.402637481689453125 16.399415969848632812 16.40177154541015625 16.400964736938476562 16.397472381591796875 16.393705368041992188 16.385969161987304688 16.375728607177734375 16.365350723266601562 16.360210418701171875 16.35282135009765625 16.347822189331054688 16.345998764038085938 16.345386505126953125 16.345418930053710938 16.343549728393554688 16.344381332397460938 16.34234619140625 16.342037200927734375 16.34386444091796875 16.3436126708984375 16.344850540161132812 16.340961456298828125 16.3348541259765625 16.337677001953125 16.332662582397460938 16.330230712890625 16.327436447143554688 16.3282318115234375 16.333644866943359375 16.346424102783203125 16.364351272583007812 16.365467071533203125 16.3712921142578125 16.373731613159179688 16.376842498779296875 16.374277114868164062 16.361278533935546875 16.3288116455078125 16.312654495239257812
16.474456787109375 16.436626434326171875 16.415620803833007812 16.40673065185546875 16.406785964965820312 16.405691146850585938 16.407962799072265625 16.405059814453125 16.399242401123046875 16.394134521484375 16.384790420532226562 16.375446319580078125 16.365665435791015625 16.36095428466796875 16.353498458862304688 16.34709930419921875 16.346759796142578125 16.35044097900390625 16.35285186767578125 16.351232528686523438 16.352972030639648438 16.34838104248046875 16.343235015869140625 16.34532928466796875 16.347385406494140625 16.350860595703125 16.350728988647460938 16.346759796142578125 16.350116729736328125 16.344202041625976562 16.338531494140625 16.334529876708984375 16.333452224731445312 16.341884613037109375 16.359968185424804688 16.376415252685546875 16.373607635498046875 16.3738250732421875 16.37481689453125 16.377450942993164062 16.370960235595703125 16.352052688598632812 16.322490692138671875 16.310321807861328125
16.47148895263671875 16.425373077392578125 16.412683486938476562 16.413555145263671875 16.414712905883789062 16.412372589111328125 16.412755966186523438 16.408315658569335938 16.401346206665039062 16.393886566162109375 16.383380889892578125 16.375492095947265625 16.367006301879882812 16.362400054931640625 16.355413436889648438 16.349697113037109375 16.352458953857421875 16.363382339477539062 16.374370574951171875 16.373811721801757812 16.376575469970703125 16.368894577026367188 16.357297897338867188 16.367650985717773438 16.362028121948242188 16.381303787231445312 16.399965286254882812 16.406940460205078125 16.4168548583984375 16.393800735473632812 16.39427947998046875 16.381193161010742188 16.38118743896484375 16.401041030883789062 16.399593353271484375 16.393331527709960938 16.378772735595703125 16.368955612182617188 16.36544036865234375 16.364255905151367188 16.34888458251953125 16.331478118896484375 16.314056396484375 16.308984756469726562
16.493824005126953125 16.452671051025390625 16.44025421142578125 16.45328521728515625 16.445125579833984375 16.419857025146484375 16.4122314453125 16.408479690551757812 16.401447296142578125 16.393915176391601562 16.380781173706054688 16.373125076293945312 16.369173049926757812 16.369531631469726562 16.370561599731445312 16.38443756103515625 16.408475875854492188 16.4272613525390625 16.438816070556640625 16.436481475830078125 16.439680099487304688 16.440385818481445312 16.421461105346679688 16.4087066650390625 16.393774032592773438 16.410951614379882812 16.43441009521484375 16.4403076171875 16.439077377319335938 16.430852890014648438 16.431665420532226562 16.425800323486328125 16.426792144775390625 16.433315277099609375 16.42496490478515625 16.397953033447265625 16.378063201904296875 16.36342620849609375 16.354114532470703125 16.340864181518554688 16.328817367553710938 16.320613861083984375 16.311496734619140625 16.309734344482421875
16.512079238891601562 16.475435256958007812 16.474712371826171875 16.464160919189453125 16.436321258544921875 16.415218353271484375 16.4102935791015625 16.4063720703125 16.400814056396484375 16.393842697143554688 16.382328033447265625 16.373882293701171875 16.3719024658203125 16.376287460327148438 16.393548965454101562 16.423107147216796875 16.4437713623046875 16.456979751586914062 16.457479476928710938 16.458177566528320312 16.455997467041015625 16.449251174926757812 16.44488525390625 16.4345245361328125 16.426851272583007812 16.4310760498046875 16.443056106567382812 16.44605255126953125 16.442230224609375 16.43988037109375 16.443223953247070312 16.44205474853515625 16.441205978393554688 16.436794281005859375 16.4167633056640625 16.388172149658203125 16.369718551635742188 16.35141754150390625 16.342660903930664062 16.32558441162109375 16.31885528564453125 16.314744949340820312 16.30855560302734375 16.307111740112304688
16.532918930053710938 16.50743865966796875 16.508693695068359375 16.459552764892578125 16.424734115600585938 16.407878875732421875 16.407009124755859375 16.404186248779296875 16.399509429931640625 16.392660140991210938 16.382509231567382812 16.373579025268554688 16.37375640869140625 16.381931304931640625 16.411924362182617188 16.450292587280273438 16.465000152587890625 16.474208831787109375 16.471071243286132812 16.468450546264648438 16.461317062377929688 16.454319000244140625 16.449188232421875 16.44275665283203125 16.438856124877929688 16.43811798095703125 16.442399978637695312 16.442676544189453125 16.435131072998046875 16.42192840576171875 16.428628921508789062 16.422529220581054688 16.422143936157226562 16.41568756103515625 16.391284942626953125 16.370815277099609375 16.350307464599609375 16.338575363159179688 16.33425140380859375 16.319416046142578125 16.315181732177734375 16.310710906982421875 16.304477691650390625 16.30210113525390625
16.547849655151367188 16.525579452514648438 16.505146026611328125 16.45020294189453125 16.418426513671875 16.404939651489257812 16.403621673583984375 16.403078079223632812 16.39786529541015625 16.390966415405273438 16.38159942626953125 16.3732757568359375 16.378114700317382812 16.387866973876953125 16.428525924682617188 16.467515945434570312 16.480207443237304688 16.488245010375976562 16.482578277587890625 16.477777481079101562 16.46027374267578125 16.45156097412109375 16.445363998413085938 16.4438323974609375 16.441560745239257812 16.441585540771484375 16.4432373046875 16.439708709716796875 16.422756195068359375 16.381748199462890625 16.37872314453125 16.374774932861328125 16.375371932983398438 16.37830352783203125 16.36363983154296875 16.351726531982421875 16.337139129638671875 16.330043792724609375 16.32802581787109375 16.319467544555664062 16.31299591064453125 16.308202743530273438 16.300760269165039062 16.297651290893554688
16.541681289672851562 16.523900985717773438 16.487010955810546875 16.443105697631835938 16.417804718017578125 16.40645599365234375 16.4036712646484375 16.403072357177734375 16.39760589599609375 16.391504287719726562 16.383087158203125 16.376857757568359375 16.392179489135742188 16.4010009765625 16.441732406616210938 16.478359222412109375 16.490251541137695312 16.499317169189453125 16.49584197998046875 16.482789993286132812 16.451498031616210938 16.443685531616210938 16.436491012573242188 16.441106796264648438 16.438243865966796875 16.44194793701171875 16.442266464233398438 16.43286895751953125 16.409824371337890625 16.359411239624023438 16.343616485595703125 16.341489791870117188 16.34593963623046875 16.351348876953125 16.345058441162109375 16.337894439697265625 16.329763412475585938 16.326498031616210938 16.32585906982421875 16.321308135986328125 16.315212249755859375 16.307323455810546875 16.298929214477539062 16.296194076538085938
16.51883697509765625 16.50746917724609375 16.464445114135742188 16.434514999389648438 16.4195556640625 16.409410476684570312 16.405780792236328125 16.404031753540039062 16.398021697998046875 16.39380645751953125 16.393404006958007812 16.3856658935546875 16.41974639892578125 16.419305801391601562 16.46315765380859375 16.492349624633789062 16.500597000122070312 16.505720138549804688 16.501466751098632812 16.473348617553710938 16.430759429931640625 16.427944183349609375 16.4182281494140625 16.430206298828125 16.423412322998046875 16.436092376708984375 16.419198989868164062 16.402784347534179688 16.394754409790039062 16.35012054443359375 16.334283828735351562 16.3342132568359375 16.3374786376953125 16.339475631713867188 16.333866119384765625 16.3316802978515625 16.326799392700195312 16.3249359130859375 16.324802398681640625 16.329402923583984375 16.31751251220703125 16.315736770629882812 16.301204681396484375 16.300561904907226562
16.483432769775390625 16.458415985107421875 16.43744659423828125 16.430362701416015625 16.421520233154296875 16.4129180908203125 16.408985137939453125 16.4046630859375 16.396928787231445312 16.395410537719726562 16.406206130981445312 16.430683135986328125 16.456218719482421875 16.466617584228515625 16.49401092529296875 16.506103515625 16.514265060424804688 16.506641387939453125 16.48036956787109375 16.4449310302734375 16.416843414306640625 16.401010513305664062 16.404117584228515625 16.4067840576171875 16.405000686645507812 16.4027252197265625 16.386074066162109375 16.365087509155273438 16.354888916015625 16.345399856567382812 16.338352203369140625 16.335964202880859375 16.334421157836914062 16.332000732421875 16.327777862548828125 16.32585906982421875 16.326772689819335938 16.328456878662109375 16.32677459716796875 16.344274520874023438 16.339138031005859375 16.330953598022460938 16.311817169189453125 16.30844879150390625
16.448999404907226562 16.431980133056640625 16.429121017456054688 16.425668716430664062 16.422458648681640625 16.415006637573242188 16.410764694213867188 16.405538558959960938 16.395782470703125 16.394697189331054688 16.423524856567382812 16.466106414794921875 16.480297088623046875 16.499721527099609375 16.506011962890625 16.515584945678710938 16.515287399291992188 16.49468994140625 16.465925216674804688 16.442476272583007812 16.412248611450195312 16.4113616943359375 16.406280517578125 16.40686798095703125 16.401927947998046875 16.39800262451171875 16.380756378173828125 16.366151809692382812 16.356719970703125 16.3434600830078125 16.33654022216796875 16.33404541015625 16.33274078369140625 16.330602645874023438 16.3273468017578125 16.330753326416015625 16.33747100830078125 16.34568023681640625 16.34650421142578125 16.359500885009765625 16.351070404052734375 16.325626373291015625 16.311529159545898438 16.30843353271484375
16.446748733520507812 16.43434906005859375 16.431875228881835938 16.427507400512695312 16.423849105834960938 16.415924072265625 16.411493301391601562 16.40732574462890625 16.4006805419921875 16.401445388793945312 16.445100784301757812 16.49452972412109375 16.504932403564453125 16.514970779418945312 16.51653289794921875 16.518083572387695312 16.510097503662109375 16.484615325927734375 16.458520889282226562 16.441236495971679688 16.421026229858398438 16.419559478759765625 16.40981292724609375 16.404659271240234375 16.39925384521484375 16.388339996337890625 16.37694549560546875 16.360774993896484375 16.343593597412109375 16.33742523193359375 16.3305206298828125 16.3311614990234375 16.330396652221679688 16.329202651977539062 16.335206985473632812 16.364391326904296875 16.362941741943359375 16.36883544921875 16.37671661376953125 16.371767044067382812 16.350551605224609375 16.320085525512695312 16.304843902587890625 16.304927825927734375
16.462690353393554688 16.4458770751953125 16.438404083251953125 16.431446075439453125 16.424404144287109375 16.416086196899414062 16.410858154296875 16.409593582153320312 16.4255218505859375 16.439775466918945312 16.480718612670898438 16.515872955322265625 16.518842697143554688 16.52231597900390625 16.519670486450195312 16.513711929321289062 16.496852874755859375 16.469160079956054688 16.442052841186523438 16.433252334594726562 16.423152923583984375 16.4199066162109375 16.405605316162109375 16.387155532836914062 16.380430221557617188 16.3607025146484375 16.35326385498046875 16.344709396362304688 16.330410003662109375 16.329050064086914062 16.32909393310546875 16.329214096069335938 16.328722000122070312 16.33258819580078125 16.352846145629882812 16.388580322265625 16.392070770263671875 16.391180038452148438 16.390850067138671875 16.38030242919921875 16.353137969970703125 16.319284439086914062 16.307165145874023438 16.305095672607421875
