INPUT/RASTER/ASCII/BIO01.asc
ncols        225
nrows        269
xllcorner    473009.983799999987
yllcorner    4429051.174800000153
cellsize     50.000000000000
NODATA_value -9999
[rows 19 to 37 of 269, columns 84 to 125 of 225]
15.517876625061035156 15.521019935607910156 15.511439323425292969 15.495866775512695313 15.479088783264160156 15.457828521728515625 15.447806358337402344 15.44329833984375 15.444126129150390625 15.445669174194335938 15.446969032287597656 15.446285247802734375 15.436422348022460938 15.413905143737792969 15.398893356323242188 15.391206741333007813 15.387289047241210938 15.382589340209960938 15.379532814025878906 15.379319190979003906 15.377511978149414063 15.373084068298339844 15.371334075927734375 15.370902061462402344 15.373590469360351563 15.377286911010742188 15.37967681884765625 15.381649971008300781 15.384981155395507813 15.388584136962890625 15.390995025634765625 15.3924560546875 15.393683433532714844 15.393740653991699219 -9999 -9999 -9999 -9999 -9999 -9999 -9999 -9999
15.524381637573242188 15.528903961181640625 15.517283439636230469 15.499059677124023438 15.490435600280761719 15.480065345764160156 15.469043731689453125 15.455404281616210938 15.451863288879394531 15.450945854187011719 15.451215744018554688 15.450583457946777344 15.44672393798828125 15.433865547180175781 15.420446395874023438 15.398495674133300781 15.389704704284667969 15.385189056396484375 15.380781173706054688 15.380566596984863281 15.379345893859863281 15.376389503479003906 15.3760528564453125 15.375485420227050781 15.377687454223632813 15.380861282348632813 15.382961273193359375 15.385033607482910156 15.38893890380859375 15.393406867980957031 15.396539688110351563 15.397989273071289063 15.399234771728515625 15.399470329284667969 -9999 -9999 -9999 -9999 -9999 -9999 -9999 -9999
15.526187896728515625 15.532039642333984375 15.525288581848144531 15.506143569946289063 15.495560646057128906 15.49442291259765625 15.492107391357421875 15.477553367614746094 15.46829986572265625 15.460071563720703125 15.457491874694824219 15.455861091613769531 15.452192306518554688 15.447642326354980469 15.44309234619140625 15.419083595275878906 15.395314216613769531 15.387623786926269531 15.382520675659179688 15.381516456604003906 15.381913185119628906 15.381617546081542969 15.381914138793945313 15.383831024169921875 15.386197090148925781 15.388949394226074219 15.390683174133300781 15.392824172973632813 15.397069931030273438 15.402256011962890625 15.406595230102539063 15.409510612487792969 15.410839080810546875 15.412710189819335938 15.417197227478027344 15.417334556579589844 15.417333602905273438 -9999 -9999 -9999 -9999 -9999
15.527894973754882813 15.53357696533203125 15.534258842468261719 15.518919944763183594 15.503129959106445313 15.499646186828613281 15.50452423095703125 15.50351715087890625 15.494814872741699219 15.476824760437011719 15.467041015625 15.463376998901367188 15.45766448974609375 15.453134536743164063 15.450875282287597656 15.43991851806640625 15.412043571472167969 15.394326210021972656 15.386515617370605469 15.383664131164550781 15.384196281433105469 15.385410308837890625 15.386224746704101563 15.388507843017578125 15.390806198120117188 15.39325714111328125 15.394904136657714844 15.396863937377929688 15.400753974914550781 15.406194686889648438 15.411753654479980469 15.416345596313476563 15.417952537536621094 15.418126106262207031 15.418280601501464844 15.418291091918945313 15.419243812561035156 15.420311927795410156 -9999 -9999 -9999 -9999
15.532851219177246094 15.540233612060546875 15.54290771484375 15.529321670532226563 15.511950492858886719 15.507043838500976563 15.510783195495605469 15.517567634582519531 15.515303611755371094 15.498317718505859375 15.480014801025390625 15.470585823059082031 15.462268829345703125 15.456480026245117188 15.453338623046875 15.447260856628417969 15.432806968688964844 15.409914016723632813 15.396519660949707031 15.390202522277832031 15.3894805908203125 15.390721321105957031 15.391289710998535156 15.39269256591796875 15.395064353942871094 15.397336006164550781 15.398709297180175781 15.400145530700683594 15.403376579284667969 15.40866851806640625 15.414641380310058594 15.420464515686035156 15.422821998596191406 15.42348480224609375 15.423182487487792969 15.422854423522949219 15.42249298095703125 15.422487258911132813 15.424702644348144531 15.424702644348144531 -9999 -9999
15.539508819580078125 15.548478126525878906 15.55023193359375 15.534637451171875 15.519437789916992188 15.516424179077148438 15.518489837646484375 15.521639823913574219 15.521526336669921875 15.5168304443359375 15.5055999755859375 15.484785079956054688 15.467538833618164063 15.460988044738769531 15.456524848937988281 15.451036453247070313 15.446630477905273438 15.434018135070800781 15.419436454772949219 15.411746978759765625 15.408366203308105469 15.40373992919921875 15.401385307312011719 15.401058197021484375 15.402434349060058594 15.403702735900878906 15.40456390380859375 15.405722618103027344 15.408708572387695313 15.4133148193359375 15.4185791015625 15.424282073974609375 15.427130699157714844 15.429207801818847656 15.429364204406738281 15.429104804992675781 15.428735733032226563 15.428374290466308594 15.428285598754882813 15.429553031921386719 15.43129730224609375 -9999
15.554068565368652344 15.561360359191894531 15.5588836669921875 15.545500755310058594 15.535805702209472656 15.532623291015625 15.529537200927734375 15.526437759399414063 15.524381637573242188 15.524200439453125 15.524740219116210938 15.501805305480957031 15.474332809448242188 15.466808319091796875 15.460882186889648438 15.45481109619140625 15.45369720458984375 15.451455116271972656 15.442087173461914063 15.434030532836914063 15.430812835693359375 15.423617362976074219 15.416921615600585938 15.4138336181640625 15.41315460205078125 15.413521766662597656 15.413755416870117188 15.41458892822265625 15.417270660400390625 15.421389579772949219 15.425913810729980469 15.430748939514160156 15.433633804321289063 15.436558723449707031 15.437447547912597656 15.437333106994628906 15.434359550476074219 15.431460380554199219 15.431201934814453125 15.431494712829589844 15.431521415710449219 15.432993888854980469
15.560540199279785156 15.566478729248046875 15.565771102905273438 15.557170867919921875 15.550011634826660156 15.544880867004394531 15.537975311279296875 15.532565116882324219 15.529722213745117188 15.528626441955566406 15.531644821166992188 15.516141891479492188 15.486463546752929688 15.473995208740234375 15.466567039489746094 15.459470748901367188 15.458527565002441406 15.45965576171875 15.45824432373046875 15.449952125549316406 15.445511817932128906 15.438943862915039063 15.429622650146484375 15.423867225646972656 15.421895980834960938 15.421038627624511719 15.420816421508789063 15.421456336975097656 15.423773765563964844 15.427690505981445313 15.431642532348632813 15.435598373413085938 15.438006401062011719 15.440797805786132813 15.442158699035644531 15.442275047302246094 15.439123153686523438 15.436676025390625 15.436491012573242188 15.437075614929199219 15.437429428100585938 15.437747955322265625
15.559356689453125 15.56607818603515625 15.569278717041015625 15.567403793334960938 15.561101913452148438 15.552800178527832031 15.544669151306152344 15.539234161376953125 15.537188529968261719 15.536153793334960938 15.536571502685546875 15.529287338256835938 15.50612640380859375 15.486658096313476563 15.473361015319824219 15.464984893798828125 15.463793754577636719 15.465057373046875 15.467522621154785156 15.466961860656738281 15.461384773254394531 15.448793411254882813 15.439258575439453125 15.43076324462890625 15.427198410034179688 15.425477981567382813 15.424558639526367188 15.425015449523925781 15.427489280700683594 15.430755615234375 15.433551788330078125 15.436475753784179688 15.438370704650878906 15.440881729125976563 15.4423828125 15.443026542663574219 15.442212104797363281 15.441556930541992188 15.441442489624023438 15.442030906677246094 15.442841529846191406 15.441969871520996094
15.558396339416503906 15.566493034362792969 15.57242584228515625 15.5752410888671875 15.569772720336914063 15.559747695922851563 15.550441741943359375 15.546438217163085938 15.544846534729003906 15.543147087097167969 15.540392875671386719 15.535305976867675781 15.523069381713867188 15.507372856140136719 15.488366127014160156 15.471187591552734375 15.469598770141601563 15.470841407775878906 15.473789215087890625 15.475504875183105469 15.470582008361816406 15.456996917724609375 15.448282241821289063 15.438934326171875 15.4324798583984375 15.42957305908203125 15.428558349609375 15.42879486083984375 15.430834770202636719 15.433022499084472656 15.434582710266113281 15.436697006225585938 15.438086509704589844 15.439934730529785156 15.441357612609863281 15.442406654357910156 15.442837715148925781 15.442725181579589844 15.442774772644042969 15.443037033081054688 15.444398880004882813 15.443892478942871094
15.559769630432128906 15.568256378173828125 15.574955940246582031 15.579193115234375 15.574676513671875 15.56610107421875 15.556262016296386719 15.551213264465332031 15.550362586975097656 15.548589706420898438 15.544627189636230469 15.537628173828125 15.532174110412597656 15.527276039123535156 15.510515213012695313 15.483450889587402344 15.475016593933105469 15.475991249084472656 15.47899627685546875 15.47879791259765625 15.475749969482421875 15.466312408447265625 15.457131385803222656 15.4488525390625 15.439931869506835938 15.434756278991699219 15.434008598327636719 15.434012413024902344 15.435007095336914063 15.436304092407226563 15.436754226684570313 15.437432289123535156 15.438432693481445313 15.44029998779296875 15.441632270812988281 15.442591667175292969 15.443556785583496094 15.4441986083984375 15.445226669311523438 15.445464134216308594 15.447031974792480469 15.447717666625976563
15.564675331115722656 15.570422172546386719 15.576083183288574219 15.580344200134277344 15.577359199523925781 15.570772171020507813 15.5627593994140625 15.556447982788085938 15.554970741271972656 15.553797721862792969 15.5503692626953125 15.54444122314453125 15.538048744201660156 15.535900115966796875 15.530467033386230469 15.508288383483886719 15.489544868469238281 15.482331275939941406 15.482050895690917969 15.481847763061523438 15.481038093566894531 15.477472305297851563 15.470364570617675781 15.4636688232421875 15.457149505615234375 15.452802658081054688 15.451948165893554688 15.451840400695800781 15.452355384826660156 15.452532768249511719 15.451378822326660156 15.445844650268554688 15.445740699768066406 15.450336456298828125 15.451374053955078125 15.45206451416015625 15.452646255493164063 15.451493263244628906 15.452724456787109375 15.454509735107421875 15.454347610473632813 15.452701568603515625
15.572391510009765625 15.574685096740722656 15.57843017578125 15.580996513366699219 15.579042434692382813 15.573065757751464844 15.566321372985839844 15.563998222351074219 15.562277793884277344 15.557759284973144531 15.556334495544433594 15.555642127990722656 15.550405502319335938 15.546916007995605469 15.541476249694824219 15.535305023193359375 15.521365165710449219 15.496816635131835938 15.48709869384765625 15.482422828674316406 15.4832611083984375 15.488677024841308594 15.490566253662109375 15.492215156555175781 15.493111610412597656 15.494359970092773438 15.494241714477539063 15.493925094604492188 15.494344711303710938 15.494806289672851563 15.489233970642089844 15.477267265319824219 15.474566459655761719 15.475844383239746094 15.476419448852539063 15.477305412292480469 15.472187042236328125 15.461069107055664063 15.461198806762695313 15.463723182678222656 15.460458755493164063 15.457159042358398438
15.578986167907714844 15.579516410827636719 15.580766677856445313 15.582276344299316406 15.580019950866699219 15.574000358581542969 15.567137718200683594 15.564188957214355469 15.563500404357910156 15.560782432556152344 15.557465553283691406 15.557299613952636719 15.555262565612792969 15.552640914916992188 15.548482894897460938 15.54058837890625 15.531311988830566406 15.50855255126953125 15.493548393249511719 15.487346649169921875 15.486868858337402344 15.490633010864257813 15.494092941284179688 15.497334480285644531 15.499044418334960938 15.500586509704589844 15.50080108642578125 15.500567436218261719 15.500749588012695313 15.501139640808105469 15.498376846313476563 15.495057106018066406 15.494595527648925781 15.495408058166503906 15.496411323547363281 15.4972991943359375 15.489300727844238281 15.480869293212890625 15.480664253234863281 15.480236053466796875 15.4726409912109375 15.465966224670410156
15.589222908020019531 15.588775634765625 15.585866928100585938 15.583364486694335938 15.581444740295410156 15.576306343078613281 15.569815635681152344 15.566170692443847656 15.564983367919921875 15.563427925109863281 15.561610221862792969 15.560159683227539063 15.558086395263671875 15.557687759399414063 15.553831100463867188 15.547077178955078125 15.537929534912109375 15.52100372314453125 15.502271652221679688 15.492040634155273438 15.490527153015136719 15.491250038146972656 15.493353843688964844 15.498319625854492188 15.501589775085449219 15.503401756286621094 15.503986358642578125 15.503765106201171875 15.5034637451171875 15.502672195434570313 15.501252174377441406 15.501370429992675781 15.501601219177246094 15.502180099487304688 15.503252029418945313 15.503387451171875 15.500191688537597656 15.498414039611816406 15.498748779296875 15.496852874755859375 15.487572669982910156 15.479142189025878906
15.603695869445800781 15.599644660949707031 15.594236373901367188 15.586484909057617188 15.582518577575683594 15.578493118286132813 15.573331832885742188 15.570337295532226563 15.568136215209960938 15.565898895263671875 15.565183639526367188 15.564116477966308594 15.561239242553710938 15.559301376342773438 15.558569908142089844 15.553723335266113281 15.545591354370117188 15.534949302673339844 15.517264366149902344 15.5007781982421875 15.497316360473632813 15.49678802490234375 15.497057914733886719 15.500200271606445313 15.505843162536621094 15.508942604064941406 15.509938240051269531 15.510067939758300781 15.507685661315917969 15.504594802856445313 15.504279136657714844 15.505338668823242188 15.505646705627441406 15.505939483642578125 15.507715225219726563 15.50884246826171875 15.508786201477050781 15.509238243103027344 15.508702278137207031 15.505369186401367188 15.500035285949707031 15.497357368469238281
15.616997718811035156 15.613142013549804688 15.604824066162109375 15.593982696533203125 15.587589263916015625 15.581458091735839844 15.575969696044921875 15.573611259460449219 15.571155548095703125 15.568529129028320313 15.567413330078125 15.567219734191894531 15.565155029296875 15.562203407287597656 15.562265396118164063 15.5602874755859375 15.553813934326171875 15.545788764953613281 15.534401893615722656 15.513303756713867188 15.506440162658691406 15.505194664001464844 15.504869461059570313 15.505431175231933594 15.512125968933105469 15.51650238037109375 15.519297599792480469 15.520929336547851563 15.518068313598632813 15.515024185180664063 15.514750480651855469 15.515716552734375 15.516070365905761719 15.515520095825195313 15.514969825744628906 15.5162200927734375 15.516736030578613281 15.517335891723632813 15.516335487365722656 15.511258125305175781 15.508515357971191406 15.509082794189453125
15.626265525817871094 15.624928474426269531 15.617650032043457031 15.605882644653320313 15.599291801452636719 15.588802337646484375 15.579921722412109375 15.5768890380859375 15.574334144592285156 15.572016716003417969 15.570389747619628906 15.569767951965332031 15.56934356689453125 15.568324089050292969 15.571506500244140625 15.570293426513671875 15.565485954284667969 15.558214187622070313 15.550035476684570313 15.535160064697265625 15.526934623718261719 15.520081520080566406 15.519330024719238281 15.518828392028808594 15.522060394287109375 15.524621009826660156 15.5251922607421875 15.526291847229003906 15.527902603149414063 15.527996063232421875 15.527787208557128906 15.528200149536132813 15.5280303955078125 15.526751518249511719 15.524366378784179688 15.523252487182617188 15.522915840148925781 15.519500732421875 15.518708229064941406 15.516477584838867188 15.51593780517578125 15.515753746032714844
15.641824722290039063 15.640330314636230469 15.635751724243164063 15.627843856811523438 15.621362686157226563 15.608048439025878906 15.594785690307617188 15.588660240173339844 15.582880973815917969 15.58048248291015625 15.57857513427734375 15.577309608459472656 15.577335357666015625 15.577602386474609375 15.580559730529785156 15.578931808471679688 15.573359489440917969 15.567828178405761719 15.561044692993164063 15.552556991577148438 15.546894073486328125 15.536973953247070313 15.532453536987304688 15.531778335571289063 15.530776023864746094 15.531050682067871094 15.529704093933105469 15.529831886291503906 15.532477378845214844 15.535493850708007813 15.53592681884765625 15.532989501953125 15.530544281005859375 15.5293426513671875 15.529775619506835938 15.529653549194335938 15.527862548828125 15.522005081176757813 15.521245002746582031 15.521283149719238281 15.522113800048828125 15.521143913269042969
