INPUT/RASTER/ASCII/BIO05.asc
ncols        225
nrows        269
xllcorner    473009.983799999987
yllcorner    4429051.174800000153
cellsize     50.000000000000
NODATA_value -9999
[rows 133 to 151 of 269, columns 42 to 83 of 225]
31.45616912841796875 31.453802108764648438 31.452821731567382813 31.452997207641601563 31.451147079467773438 31.447832107543945313 31.4482574462890625 31.450641632080078125 31.451581954956054688 31.4468994140625 31.4369354248046875 31.421133041381835938 31.421779632568359375 31.430751800537109375 31.448673248291015625 31.471258163452148438 31.479803085327148438 31.469434738159179688 31.461994171142578125 31.48012542724609375 31.487834930419921875 31.478017807006835938 31.473371505737304688 31.493436813354492188 31.553079605102539063 31.589962005615234375 31.610408782958984375 31.62360382080078125 31.62903594970703125 31.633197784423828125 31.638881683349609375 31.647373199462890625 31.6527557373046875 31.650653839111328125 31.646444320678710938 31.642103195190429688 31.63480377197265625 31.629512786865234375 31.626407623291015625 31.627227783203125 31.629693984985351563 31.630392074584960938
31.465173721313476563 31.464879989624023438 31.46314239501953125 31.4623565673828125 31.460033416748046875 31.455244064331054688 31.454103469848632813 31.455644607543945313 31.456806182861328125 31.457071304321289063 31.453836441040039063 31.439464569091796875 31.4295196533203125 31.431558609008789063 31.446985244750976563 31.471666336059570313 31.483480453491210938 31.479116439819335938 31.478540420532226563 31.494810104370117188 31.498189926147460938 31.490381240844726563 31.486902236938476563 31.490274429321289063 31.506727218627929688 31.554290771484375 31.617946624755859375 31.640996932983398438 31.6493072509765625 31.652784347534179688 31.654809951782226563 31.656885147094726563 31.658437728881835938 31.655910491943359375 31.6526031494140625 31.649869918823242188 31.64447021484375 31.638040542602539063 31.634187698364257813 31.632268905639648438 31.633539199829101563 31.633953094482421875
31.483716964721679688 31.4813690185546875 31.475643157958984375 31.471187591552734375 31.465501785278320313 31.460550308227539063 31.459630966186523438 31.46131134033203125 31.46323394775390625 31.464632034301757813 31.464679718017578125 31.463359832763671875 31.45601654052734375 31.442235946655273438 31.448999404907226563 31.470977783203125 31.486463546752929688 31.4996185302734375 31.514600753784179688 31.515928268432617188 31.505615234375 31.4973602294921875 31.49610137939453125 31.502124786376953125 31.51195526123046875 31.518697738647460938 31.5937652587890625 31.654474258422851563 31.664606094360351563 31.667634963989257813 31.669466018676757813 31.66368865966796875 31.6581878662109375 31.656538009643554688 31.654912948608398438 31.652616500854492188 31.648386001586914063 31.644994735717773438 31.642946243286132813 31.639993667602539063 31.636829376220703125 31.636749267578125
31.494230270385742188 31.486936569213867188 31.47766876220703125 31.471483230590820313 31.466665267944335938 31.461528778076171875 31.461803436279296875 31.464376449584960938 31.4679107666015625 31.4705810546875 31.470960617065429688 31.46979522705078125 31.468763351440429688 31.460788726806640625 31.455270767211914063 31.474878311157226563 31.4932403564453125 31.515605926513671875 31.53376007080078125 31.523895263671875 31.507368087768554688 31.499574661254882813 31.50080108642578125 31.513919830322265625 31.531192779541015625 31.538053512573242188 31.563306808471679688 31.645162582397460938 31.679431915283203125 31.679248809814453125 31.674961090087890625 31.663074493408203125 31.65673065185546875 31.65729522705078125 31.657764434814453125 31.655536651611328125 31.651159286499023438 31.650613784790039063 31.651641845703125 31.648427963256835938 31.641788482666015625 31.639011383056640625
31.498754501342773438 31.488430023193359375 31.47759246826171875 31.47159576416015625 31.46843719482421875 31.46466064453125 31.465770721435546875 31.469251632690429688 31.47446441650390625 31.4787445068359375 31.478761672973632813 31.476085662841796875 31.474802017211914063 31.474805831909179688 31.4698944091796875 31.47962188720703125 31.4991607666015625 31.524261474609375 31.5434722900390625 31.532255172729492188 31.511365890502929688 31.5025787353515625 31.505107879638671875 31.521465301513671875 31.54152679443359375 31.55522918701171875 31.567243576049804688 31.605213165283203125 31.655031204223632813 31.675748825073242188 31.673242568969726563 31.65859222412109375 31.655191421508789063 31.65789794921875 31.660182952880859375 31.6596221923828125 31.656810760498046875 31.655824661254882813 31.65634918212890625 31.651645660400390625 31.644342422485351563 31.639270782470703125
31.50205230712890625 31.489276885986328125 31.477830886840820313 31.472951889038085938 31.470697402954101563 31.470388412475585938 31.473575592041015625 31.478551864624023438 31.484720230102539063 31.489431381225585938 31.488681793212890625 31.483999252319335938 31.481119155883789063 31.482423782348632813 31.487150192260742188 31.493227005004882813 31.504980087280273438 31.53063201904296875 31.553628921508789063 31.548021316528320313 31.52335357666015625 31.511125564575195313 31.512361526489257813 31.524694442749023438 31.541318893432617188 31.557748794555664063 31.5710906982421875 31.58002471923828125 31.596075057983398438 31.637411117553710938 31.662523269653320313 31.655508041381835938 31.654651641845703125 31.659673690795898438 31.66396331787109375 31.665399551391601563 31.663211822509765625 31.65984344482421875 31.658016204833984375 31.652074813842773438 31.645633697509765625 31.64031219482421875
31.504060745239257813 31.49056243896484375 31.4792633056640625 31.475625991821289063 31.474939346313476563 31.478124618530273438 31.4830474853515625 31.489185333251953125 31.496198654174804688 31.501155853271484375 31.499774932861328125 31.493160247802734375 31.489255905151367188 31.49030303955078125 31.498903274536132813 31.5139007568359375 31.522724151611328125 31.539577484130859375 31.56221771240234375 31.563718795776367188 31.540554046630859375 31.524492263793945313 31.523229598999023438 31.530353546142578125 31.542201995849609375 31.557170867919921875 31.572484970092773438 31.578065872192382813 31.575151443481445313 31.585079193115234375 31.62602996826171875 31.646444320678710938 31.65505218505859375 31.662324905395507813 31.668077468872070313 31.67070770263671875 31.669198989868164063 31.665012359619140625 31.661970138549804688 31.655683517456054688 31.649871826171875 31.645494461059570313
31.5081024169921875 31.4950408935546875 31.484495162963867188 31.482379913330078125 31.485563278198242188 31.490276336669921875 31.494668960571289063 31.499940872192382813 31.50592041015625 31.51006317138671875 31.509008407592773438 31.503847122192382813 31.501016616821289063 31.502141952514648438 31.5085906982421875 31.52219390869140625 31.536573410034179688 31.554058074951171875 31.570043563842773438 31.570377349853515625 31.555511474609375 31.540769577026367188 31.538448333740234375 31.54319000244140625 31.551471710205078125 31.563114166259765625 31.57929229736328125 31.584310531616210938 31.573175430297851563 31.55873870849609375 31.5703582763671875 31.599145889282226563 31.65288543701171875 31.667005538940429688 31.673585891723632813 31.677886962890625 31.679790496826171875 31.677274703979492188 31.6729583740234375 31.665185928344726563 31.659093856811523438 31.656215667724609375
31.520208358764648438 31.508548736572265625 31.4987335205078125 31.495347976684570313 31.498432159423828125 31.50250244140625 31.5052337646484375 31.5084381103515625 31.512521743774414063 31.515247344970703125 31.514835357666015625 31.512742996215820313 31.511707305908203125 31.51202392578125 31.514425277709960938 31.519382476806640625 31.532257080078125 31.559141159057617188 31.580997467041015625 31.578517913818359375 31.565252304077148438 31.55309295654296875 31.551595687866210938 31.556543350219726563 31.5618743896484375 31.569082260131835938 31.583858489990234375 31.5913543701171875 31.576723098754882813 31.560453414916992188 31.54671478271484375 31.551389694213867188 31.622074127197265625 31.673366546630859375 31.680402755737304688 31.6870574951171875 31.6929168701171875 31.69188690185546875 31.68552398681640625 31.675588607788085938 31.669210433959960938 31.6670379638671875
31.534877777099609375 31.524267196655273438 31.514528274536132813 31.509586334228515625 31.509708404541015625 31.5123138427734375 31.512620925903320313 31.513395309448242188 31.517164230346679688 31.519769668579101563 31.519845962524414063 31.519285202026367188 31.518131256103515625 31.51638031005859375 31.515306472778320313 31.517969131469726563 31.529500961303710938 31.556659698486328125 31.591154098510742188 31.602258682250976563 31.579372406005859375 31.564586639404296875 31.563234329223632813 31.567157745361328125 31.569568634033203125 31.571508407592773438 31.578887939453125 31.593317031860351563 31.58821868896484375 31.571573257446289063 31.557262420654296875 31.552495956420898438 31.5793304443359375 31.65059661865234375 31.685281753540039063 31.693811416625976563 31.703851699829101563 31.703496932983398438 31.693765640258789063 31.682931900024414063 31.67705535888671875 31.674890518188476563
31.5491943359375 31.5389862060546875 31.530712127685546875 31.526275634765625 31.524639129638671875 31.52390289306640625 31.522752761840820313 31.521968841552734375 31.52376556396484375 31.5255126953125 31.525991439819335938 31.525888442993164063 31.524034500122070313 31.521184921264648438 31.518831253051757813 31.52121734619140625 31.534524917602539063 31.565107345581054688 31.60321807861328125 31.62512969970703125 31.604860305786132813 31.578678131103515625 31.5752105712890625 31.578516006469726563 31.579374313354492188 31.5787353515625 31.581960678100585938 31.59535980224609375 31.595151901245117188 31.581249237060546875 31.567966461181640625 31.562328338623046875 31.565769195556640625 31.60272979736328125 31.664022445678710938 31.694492340087890625 31.713901519775390625 31.714817047119140625 31.701025009155273438 31.68857574462890625 31.683252334594726563 31.682535171508789063
31.560663223266601563 31.552598953247070313 31.546724319458007813 31.542209625244140625 31.537908554077148438 31.53485870361328125 31.533025741577148438 31.53134918212890625 31.53155517578125 31.532899856567382813 31.533174514770507813 31.532377243041992188 31.529962539672851563 31.527498245239257813 31.525796890258789063 31.529157638549804688 31.545141220092773438 31.5830841064453125 31.621759414672851563 31.636365890502929688 31.6248626708984375 31.5970001220703125 31.586528778076171875 31.586719512939453125 31.5882568359375 31.58868408203125 31.59075164794921875 31.600332260131835938 31.601377487182617188 31.5894622802734375 31.578126907348632813 31.57285308837890625 31.5709228515625 31.579145431518554688 31.601594924926757813 31.656787872314453125 31.716541290283203125 31.722898483276367188 31.706727981567382813 31.694009780883789063 31.690586090087890625 31.691915512084960938
31.567911148071289063 31.563680648803710938 31.559051513671875 31.553524017333984375 31.547607421875 31.542972564697265625 31.540876388549804688 31.53916168212890625 31.538784027099609375 31.538808822631835938 31.538360595703125 31.537096023559570313 31.534952163696289063 31.532590866088867188 31.5328826904296875 31.538282394409179688 31.557523727416992188 31.603122711181640625 31.639505386352539063 31.643354415893554688 31.632295608520507813 31.618450164794921875 31.60765838623046875 31.594522476196289063 31.59521484375 31.600168228149414063 31.602916717529296875 31.610269546508789063 31.614099502563476563 31.6034088134765625 31.590444564819335938 31.582334518432617188 31.579881668090820313 31.582502365112304688 31.586681365966796875 31.618753433227539063 31.694566726684570313 31.720966339111328125 31.715364456176757813 31.703447341918945313 31.701923370361328125 31.704645156860351563
31.576936721801757813 31.574506759643554688 31.569093704223632813 31.562658309936523438 31.55683135986328125 31.552585601806640625 31.55095672607421875 31.549571990966796875 31.54857635498046875 31.54613494873046875 31.544454574584960938 31.542064666748046875 31.540195465087890625 31.538900375366210938 31.541677474975585938 31.550228118896484375 31.574163436889648438 31.625226974487304688 31.653245925903320313 31.645723342895507813 31.634033203125 31.628927230834960938 31.625926971435546875 31.614580154418945313 31.611209869384765625 31.61771392822265625 31.62413787841796875 31.629438400268554688 31.63013458251953125 31.619800567626953125 31.6032257080078125 31.591915130615234375 31.58983612060546875 31.594797134399414063 31.599370956420898438 31.612884521484375 31.647672653198242188 31.688661575317382813 31.725000381469726563 31.72090911865234375 31.7187347412109375 31.723276138305664063
31.590396881103515625 31.585123062133789063 31.577098846435546875 31.571695327758789063 31.567562103271484375 31.5670928955078125 31.567052841186523438 31.565839767456054688 31.563800811767578125 31.558050155639648438 31.554578781127929688 31.550220489501953125 31.5482177734375 31.549619674682617188 31.555683135986328125 31.568965911865234375 31.599201202392578125 31.653913497924804688 31.667463302612304688 31.646318435668945313 31.63451385498046875 31.635057449340820313 31.638986587524414063 31.646419525146484375 31.647735595703125 31.640535354614257813 31.641077041625976563 31.643869400024414063 31.63887786865234375 31.624101638793945313 31.606908798217773438 31.598131179809570313 31.5982818603515625 31.60385894775390625 31.608631134033203125 31.617979049682617188 31.6324310302734375 31.650577545166015625 31.699457168579101563 31.72992706298828125 31.731861114501953125 31.737232208251953125
31.600503921508789063 31.592908859252929688 31.5840606689453125 31.579593658447265625 31.577606201171875 31.578641891479492188 31.578031539916992188 31.576723098754882813 31.575435638427734375 31.570749282836914063 31.565797805786132813 31.560735702514648438 31.558671951293945313 31.5616302490234375 31.572862625122070313 31.592885971069335938 31.62696075439453125 31.675008773803710938 31.677202224731445313 31.65338134765625 31.64015960693359375 31.641956329345703125 31.648752212524414063 31.662311553955078125 31.673213958740234375 31.671924591064453125 31.649869918823242188 31.637598037719726563 31.6313629150390625 31.621160507202148438 31.609376907348632813 31.604330062866210938 31.60587310791015625 31.610660552978515625 31.613737106323242188 31.620269775390625 31.635175704956054688 31.646696090698242188 31.65478515625 31.70941925048828125 31.738590240478515625 31.744192123413085938
31.606885910034179688 31.599246978759765625 31.592498779296875 31.589916229248046875 31.588258743286132813 31.588277816772460938 31.585832595825195313 31.584197998046875 31.583856582641601563 31.583196640014648438 31.5783233642578125 31.574258804321289063 31.571855545043945313 31.575817108154296875 31.596014022827148438 31.62496185302734375 31.658054351806640625 31.697784423828125 31.689413070678710938 31.665435791015625 31.654401779174804688 31.656351089477539063 31.662916183471679688 31.67589569091796875 31.6876983642578125 31.692979812622070313 31.6596221923828125 31.63067626953125 31.625665664672851563 31.620510101318359375 31.612957000732421875 31.610652923583984375 31.61429595947265625 31.617338180541992188 31.619344711303710938 31.62511444091796875 31.6407470703125 31.653509140014648438 31.647085189819335938 31.66439056396484375 31.710313796997070313 31.74286651611328125
31.610754013061523438 31.604829788208007813 31.600372314453125 31.599399566650390625 31.598245620727539063 31.596406936645507813 31.591197967529296875 31.589382171630859375 31.58975982666015625 31.590373992919921875 31.590740203857421875 31.590623855590820313 31.589069366455078125 31.595172882080078125 31.62115478515625 31.65380096435546875 31.683755874633789063 31.714458465576171875 31.699588775634765625 31.678079605102539063 31.672025680541992188 31.673007965087890625 31.676774978637695313 31.68590545654296875 31.695159912109375 31.694093704223632813 31.673143386840820313 31.643610000610351563 31.630435943603515625 31.626752853393554688 31.6201324462890625 31.617944717407226563 31.621896743774414063 31.624841690063476563 31.6268463134765625 31.633245468139648438 31.64875030517578125 31.659091949462890625 31.6522216796875 31.643465042114257813 31.654710769653320313 31.713071823120117188
31.6161346435546875 31.6127471923828125 31.609346389770507813 31.607908248901367188 31.607740402221679688 31.60514068603515625 31.597988128662109375 31.595462799072265625 31.596426010131835938 31.598888397216796875 31.606739044189453125 31.613811492919921875 31.616786956787109375 31.62192535400390625 31.644033432006835938 31.674936294555664063 31.699689865112304688 31.722078323364257813 31.708276748657226563 31.691190719604492188 31.686872482299804688 31.685638427734375 31.686902999877929688 31.692842483520507813 31.699436187744140625 31.69617462158203125 31.682893753051757813 31.671657562255859375 31.65816497802734375 31.644184112548828125 31.631946563720703125 31.627725601196289063 31.630062103271484375 31.63413238525390625 31.636356353759765625 31.6435546875 31.659311294555664063 31.666721343994140625 31.657205581665039063 31.646352767944335938 31.64458465576171875 31.670818328857421875
