INPUT/RASTER/ASCII/BIO09.asc
ncols        225
nrows        269
xllcorner    473000.000000000000
yllcorner    4429100.000000000000
cellsize     50.000000000000
NODATA_value -9999
[rows 180 to 199 of 269, columns 0 to 43 of 225]
-9999 -9999 -9999 25.147192001342773438 25.145914077758789062 25.146966934204101562 25.14904022216796875 25.150781631469726562 25.154041290283203125 25.15840911865234375 25.167268753051757812 25.162008285522460938 25.152498245239257812 25.141061782836914062 25.1366729736328125 25.119771957397460938 25.10357666015625 25.092370986938476562 25.0878448486328125 25.086719512939453125 25.084169387817382812 25.080545425415039062 25.078273773193359375 25.08115386962890625 25.085285186767578125 25.09326171875 25.100976943969726562 25.1180572509765625 25.134561538696289062 25.14548492431640625 25.1594085693359375 25.166578292846679688 25.172925949096679688 25.18074798583984375 25.188898086547851562 25.192918777465820312 25.192537307739257812 25.19231414794921875 25.1915130615234375 25.19100189208984375 25.187005996704101562 25.193189620971679688 25.188550949096679688 25.179731369018554688
-9999 -9999 -9999 -9999 25.147436141967773438 25.148557662963867188 25.150539398193359375 25.152744293212890625 25.157138824462890625 25.1627349853515625 25.16744232177734375 25.162317276000976562 25.152368545532226562 25.140283584594726562 25.13555145263671875 25.119371414184570312 25.101163864135742188 25.090789794921875 25.08592987060546875 25.084169387817382812 25.080902099609375 25.077953338623046875 25.07659149169921875 25.079708099365234375 25.0833740234375 25.09171295166015625 25.097911834716796875 25.118743896484375 25.137126922607421875 25.150449752807617188 25.165546417236328125 25.17333984375 25.179349899291992188 25.1856842041015625 25.19187164306640625 25.19458770751953125 25.194942474365234375 25.19527435302734375 25.19420623779296875 25.193170547485351562 25.192159652709960938 25.192235946655273438 25.182994842529296875 25.174739837646484375
-9999 -9999 -9999 -9999 -9999 -9999 25.153888702392578125 25.155303955078125 25.15894317626953125 25.16509246826171875 25.168209075927734375 25.16196441650390625 25.150012969970703125 25.140872955322265625 25.136228561401367188 25.120252609252929688 25.102794647216796875 25.089780807495117188 25.083257675170898438 25.08184051513671875 25.079252243041992188 25.0767364501953125 25.07518768310546875 25.078029632568359375 25.081144332885742188 25.0895538330078125 25.096757888793945312 25.115831375122070312 25.137969970703125 25.153339385986328125 25.169466018676757812 25.17794036865234375 25.1839447021484375 25.189527511596679688 25.194061279296875 25.19585418701171875 25.196559906005859375 25.198431015014648438 25.198209762573242188 25.200504302978515625 25.19818115234375 25.187158584594726562 25.175655364990234375 25.16794586181640625
-9999 -9999 -9999 -9999 -9999 -9999 -9999 -9999 -9999 25.167627334594726562 25.1675262451171875 25.161867141723632812 25.153261184692382812 25.142732620239257812 25.13878631591796875 25.122112274169921875 25.10233306884765625 25.084606170654296875 25.080976486206054688 25.078660964965820312 25.078189849853515625 25.073850631713867188 25.072742462158203125 25.075029373168945312 25.079868316650390625 25.087192535400390625 25.092342376708984375 25.1165313720703125 25.141366958618164062 25.159816741943359375 25.170167922973632812 25.182409286499023438 25.186054229736328125 25.192697525024414062 25.196056365966796875 25.19657135009765625 25.197885513305664062 25.199466705322265625 25.204336166381835938 25.209857940673828125 25.196989059448242188 25.182802200317382812 25.16869354248046875 25.159336090087890625
-9999 -9999 -9999 -9999 -9999 -9999 -9999 -9999 -9999 -9999 25.166965484619140625 25.1614837646484375 25.154157638549804688 25.14427947998046875 25.139492034912109375 25.120641708374023438 25.098659515380859375 25.08355712890625 25.074550628662109375 25.068149566650390625 25.071069717407226562 25.065929412841796875 25.067523956298828125 25.06290435791015625 25.07245635986328125 25.09197235107421875 25.10927581787109375 25.13028717041015625 25.16107177734375 25.16703033447265625 25.178409576416015625 25.1855926513671875 25.188222885131835938 25.194461822509765625 25.196935653686523438 25.198331832885742188 25.20697784423828125 25.209119796752929688 25.214097976684570312 25.211694717407226562 25.198762893676757812 25.179767608642578125 25.170978546142578125 25.153829574584960938
-9999 -9999 -9999 -9999 -9999 -9999 -9999 -9999 -9999 -9999 -9999 -9999 -9999 25.145229339599609375 25.14044189453125 25.120817184448242188 25.10074615478515625 25.082897186279296875 25.068355560302734375 25.066249847412109375 25.066171646118164062 25.066587448120117188 25.064085006713867188 25.0594635009765625 25.06800079345703125 25.097637176513671875 25.11351776123046875 25.145212173461914062 25.170125961303710938 25.177984237670898438 25.184030532836914062 25.187633514404296875 25.18943023681640625 25.195545196533203125 25.197994232177734375 25.206766128540039062 25.212461471557617188 25.2142486572265625 25.213560104370117188 25.210977554321289062 25.201620101928710938 25.18906402587890625 25.174058914184570312 25.161983489990234375
-9999 -9999 -9999 -9999 -9999 -9999 -9999 -9999 -9999 -9999 -9999 -9999 -9999 -9999 25.142711639404296875 25.122667312622070312 25.1030120849609375 25.084371566772460938 25.068058013916015625 25.064844131469726562 25.064748764038085938 25.064388275146484375 25.0645751953125 25.062314987182617188 25.069063186645507812 25.102367401123046875 25.119152069091796875 25.153154373168945312 25.17572784423828125 25.1838836669921875 25.18787384033203125 25.191425323486328125 25.192424774169921875 25.196882247924804688 25.199323654174804688 25.214075088500976562 25.214330673217773438 25.21387481689453125 25.212930679321289062 25.21076202392578125 25.204769134521484375 25.195226669311523438 25.179996490478515625 25.16648101806640625
-9999 -9999 -9999 -9999 -9999 -9999 -9999 -9999 -9999 -9999 -9999 -9999 -9999 -9999 -9999 25.125600814819335938 25.106084823608398438 25.088001251220703125 25.07244873046875 25.0683441162109375 25.066354751586914062 25.065050125122070312 25.063070297241210938 25.062509536743164062 25.070100784301757812 25.107557296752929688 25.122951507568359375 25.156213760375976562 25.176593780517578125 25.185674667358398438 25.190156936645507812 25.193691253662109375 25.195043563842773438 25.19779205322265625 25.208049774169921875 25.213809967041015625 25.21358489990234375 25.213075637817382812 25.212587356567382812 25.211225509643554688 25.20856475830078125 25.201198577880859375 25.184247970581054688 25.16825103759765625
-9999 -9999 -9999 -9999 -9999 -9999 -9999 -9999 -9999 -9999 -9999 -9999 -9999 -9999 -9999 25.128610610961914062 25.109319686889648438 25.092107772827148438 25.077484130859375 25.073713302612304688 25.069654464721679688 25.065233230590820312 25.062185287475585938 25.063905715942382812 25.070690155029296875 25.108472824096679688 25.122720718383789062 25.154798507690429688 25.174304962158203125 25.184518814086914062 25.189853668212890625 25.193868637084960938 25.19606781005859375 25.205371856689453125 25.213306427001953125 25.213506698608398438 25.2124481201171875 25.212476730346679688 25.21270751953125 25.212039947509765625 25.2098388671875 25.204143524169921875 25.186658859252929688 25.168359756469726562
-9999 -9999 -9999 -9999 -9999 -9999 -9999 -9999 -9999 -9999 -9999 -9999 -9999 -9999 -9999 -9999 25.111284255981445312 25.095767974853515625 25.082675933837890625 25.07990264892578125 25.073965072631835938 25.06827545166015625 25.066616058349609375 25.0681610107421875 25.075838088989257812 25.106639862060546875 25.119991302490234375 25.147745132446289062 25.167728424072265625 25.179342269897460938 25.1866302490234375 25.19183349609375 25.197969436645507812 25.212337493896484375 25.214023590087890625 25.21343231201171875 25.211904525756835938 25.212408065795898438 25.2132720947265625 25.213197708129882812 25.210535049438476562 25.204946517944335938 25.189386367797851562 25.169483184814453125
-9999 -9999 -9999 -9999 -9999 -9999 -9999 -9999 -9999 -9999 -9999 -9999 -9999 -9999 -9999 25.1346435546875 25.113849639892578125 25.100412368774414062 25.087121963500976562 25.085231781005859375 25.079540252685546875 25.072221755981445312 25.070417404174804688 25.06954193115234375 25.071180343627929688 25.083530426025390625 25.100376129150390625 25.13098907470703125 25.157327651977539062 25.165063858032226562 25.183856964111328125 25.200456619262695312 25.203805923461914062 25.21006011962890625 25.213537216186523438 25.21385955810546875 25.212408065795898438 25.214202880859375 25.215433120727539062 25.215511322021484375 25.21327972412109375 25.209154129028320312 25.197048187255859375 25.180263519287109375
-9999 -9999 -9999 -9999 -9999 -9999 -9999 -9999 -9999 -9999 -9999 -9999 -9999 -9999 -9999 25.143159866333007812 25.125019073486328125 25.110504150390625 25.094953536987304688 25.092678070068359375 25.087644577026367188 25.083667755126953125 25.079801559448242188 25.073459625244140625 25.069942474365234375 25.068445205688476562 25.074047088623046875 25.104856491088867188 25.136457443237304688 25.158014297485351562 25.188619613647460938 25.197864532470703125 25.200870513916015625 25.207775115966796875 25.212919235229492188 25.214443206787109375 25.214000701904296875 25.215444564819335938 25.216169357299804688 25.216192245483398438 25.21450042724609375 25.210941314697265625 25.201921463012695312 25.188020706176757812
-9999 -9999 -9999 -9999 -9999 -9999 -9999 -9999 -9999 -9999 -9999 -9999 -9999 -9999 -9999 -9999 25.133510589599609375 25.117687225341796875 25.09986114501953125 25.098775863647460938 25.093334197998046875 25.088579177856445312 25.084211349487304688 25.076686859130859375 25.0735321044921875 25.071535110473632812 25.0721588134765625 25.096075057983398438 25.1269378662109375 25.160923004150390625 25.184534072875976562 25.195148468017578125 25.199575424194335938 25.206827163696289062 25.212779998779296875 25.214847564697265625 25.215147018432617188 25.2159881591796875 25.216342926025390625 25.216157913208007812 25.214929580688476562 25.21230316162109375 25.207147598266601562 25.197275161743164062
-9999 -9999 -9999 -9999 -9999 -9999 -9999 -9999 -9999 -9999 -9999 -9999 -9999 -9999 -9999 -9999 25.141979217529296875 25.126340866088867188 25.10764312744140625 25.1085205078125 25.10141754150390625 25.092752456665039062 25.0879669189453125 25.080125808715820312 25.079616546630859375 25.077909469604492188 25.07729339599609375 25.09517669677734375 25.126194000244140625 25.15975189208984375 25.1834716796875 25.19513702392578125 25.201175689697265625 25.207857131958007812 25.213239669799804688 25.215221405029296875 25.21590423583984375 25.216175079345703125 25.216289520263671875 25.215669631958007812 25.21463775634765625 25.213092803955078125 25.210714340209960938 25.205776214599609375
-9999 -9999 -9999 -9999 -9999 -9999 -9999 -9999 -9999 -9999 -9999 -9999 -9999 -9999 -9999 -9999 25.150730133056640625 25.136775970458984375 25.127452850341796875 25.123910903930664062 25.11441802978515625 25.099023818969726562 25.093553543090820312 25.086484909057617188 25.08664703369140625 25.084638595581054688 25.0825958251953125 25.103315353393554688 25.133609771728515625 25.165674209594726562 25.18764495849609375 25.197061538696289062 25.203290939331054688 25.20890045166015625 25.213602066040039062 25.215442657470703125 25.215936660766601562 25.215608596801757812 25.215564727783203125 25.215206146240234375 25.214109420776367188 25.214000701904296875 25.2101593017578125 25.2058868408203125
-9999 -9999 -9999 -9999 -9999 -9999 -9999 -9999 -9999 -9999 -9999 -9999 -9999 -9999 -9999 -9999 -9999 -9999 -9999 -9999 -9999 -9999 25.10053253173828125 25.095014572143554688 25.0923919677734375 25.088592529296875 25.090648651123046875 25.108364105224609375 25.152269363403320312 25.179477691650390625 25.190639495849609375 25.2021484375 25.20522308349609375 25.2111053466796875 25.214542388916015625 25.21579742431640625 25.216094970703125 25.215824127197265625 25.215972900390625 25.216114044189453125 25.215953826904296875 25.214872360229492188 25.20929718017578125 25.195928573608398438
-9999 -9999 -9999 -9999 -9999 -9999 -9999 -9999 -9999 -9999 -9999 -9999 -9999 -9999 -9999 -9999 -9999 -9999 -9999 -9999 -9999 -9999 -9999 25.127227783203125 25.113718032836914062 25.10507965087890625 25.11450958251953125 25.122884750366210938 25.1722869873046875 25.18744659423828125 25.200933456420898438 25.21012115478515625 25.21038055419921875 25.213871002197265625 25.214776992797851562 25.21595001220703125 25.216449737548828125 25.216821670532226562 25.217388153076171875 25.2173004150390625 25.217319488525390625 25.213871002197265625 25.197679519653320312 25.167964935302734375
-9999 -9999 -9999 -9999 -9999 -9999 -9999 -9999 -9999 -9999 -9999 -9999 -9999 -9999 -9999 -9999 -9999 -9999 -9999 -9999 -9999 -9999 -9999 -9999 -9999 -9999 25.131320953369140625 25.139163970947265625 25.176815032958984375 25.193218231201171875 25.206356048583984375 25.21166229248046875 25.21262359619140625 25.21392822265625 25.214910507202148438 25.21588134765625 25.216562271118164062 25.217136383056640625 25.217311859130859375 25.21779632568359375 25.217531204223632812 25.2116851806640625 25.189304351806640625 25.154554367065429688
-9999 -9999 -9999 -9999 -9999 -9999 -9999 -9999 -9999 -9999 -9999 -9999 -9999 -9999 -9999 -9999 -9999 -9999 -9999 -9999 -9999 -9999 -9999 -9999 -9999 -9999 -9999 25.156274795532226562 25.180572509765625 25.19835662841796875 25.210689544677734375 25.212396621704101562 25.21297454833984375 25.213886260986328125 25.214855194091796875 25.21579742431640625 25.216447830200195312 25.216976165771484375 25.21714019775390625 25.217731475830078125 25.21698760986328125 25.21079254150390625 25.185560226440429688 25.154474258422851562
-9999 -9999 -9999 -9999 -9999 -9999 -9999 -9999 -9999 -9999 -9999 -9999 -9999 -9999 -9999 -9999 -9999 -9999 -9999 -9999 -9999 -9999 -9999 -9999 -9999 -9999 -9999 25.174160003662109375 25.190990447998046875 25.204870223999023438 25.211727142333984375 25.212612152099609375 25.213001251220703125 25.21380615234375 25.214717864990234375 25.215562820434570312 25.216228485107421875 25.216808319091796875 25.216951370239257812 25.21755218505859375 25.216947555541992188 25.211408615112304688 25.188669204711914062 25.164913177490234375
