INPUT/RASTER/ASCII/BIO05.asc
ncols        225
nrows        269
xllcorner    473009.983799999987
yllcorner    4429051.174800000153
cellsize     50.000000000000
NODATA_value -9999
[rows 114 to 132 of 269, columns 84 to 125 of 225]
31.494232177734375 31.490209579467773438 31.475248336791992188 31.461366653442382813 31.456249237060546875 31.455976486206054688 31.456844329833984375 31.455709457397460938 31.451051712036132813 31.447580337524414063 31.448854446411132813 31.457780838012695313 31.4667205810546875 31.4814910888671875 31.49468231201171875 31.506853103637695313 31.5166778564453125 31.523038864135742188 31.53022003173828125 31.537425994873046875 31.53879547119140625 31.53995513916015625 31.540277481079101563 31.541889190673828125 31.54598236083984375 31.55741119384765625 31.569322586059570313 31.58103179931640625 31.5948638916015625 31.60774993896484375 31.615167617797851563 31.63006591796875 31.667387008666992188 31.716522216796875 31.745824813842773438 31.742238998413085938 31.732227325439453125 31.717916488647460938 31.713001251220703125 31.717021942138671875 31.726192474365234375 31.744220733642578125
31.500324249267578125 31.49344635009765625 31.47753143310546875 31.462184906005859375 31.455478668212890625 31.4553985595703125 31.456272125244140625 31.454441070556640625 31.45354461669921875 31.455150604248046875 31.460359573364257813 31.468647003173828125 31.47499847412109375 31.485914230346679688 31.496973037719726563 31.506620407104492188 31.515325546264648438 31.522096633911132813 31.531991958618164063 31.543506622314453125 31.546266555786132813 31.543609619140625 31.538293838500976563 31.53563690185546875 31.53812408447265625 31.549032211303710938 31.563106536865234375 31.577047348022460938 31.59149169921875 31.603456497192382813 31.610982894897460938 31.627712249755859375 31.666782379150390625 31.71291351318359375 31.744014739990234375 31.748508453369140625 31.742910385131835938 31.731252670288085938 31.72496795654296875 31.731477737426757813 31.748203277587890625 31.765783309936523438
31.508428573608398438 31.4968414306640625 31.479915618896484375 31.464466094970703125 31.460363388061523438 31.461742401123046875 31.462167739868164063 31.45929718017578125 31.461101531982421875 31.466762542724609375 31.475736618041992188 31.484174728393554688 31.489521026611328125 31.498258590698242188 31.505376815795898438 31.511676788330078125 31.522439956665039063 31.530076980590820313 31.539255142211914063 31.551744461059570313 31.55492401123046875 31.549358367919921875 31.538282394409179688 31.530504226684570313 31.5308380126953125 31.53936767578125 31.554090499877929688 31.569837570190429688 31.584455490112304688 31.597789764404296875 31.607492446899414063 31.627912521362304688 31.666399002075195313 31.70883941650390625 31.741275787353515625 31.751617431640625 31.7500457763671875 31.74338531494140625 31.738279342651367188 31.745691299438476563 31.760936737060546875 31.771467208862304688
31.516736984252929688 31.50397491455078125 31.487047195434570313 31.472631454467773438 31.472867965698242188 31.47582244873046875 31.475374221801757813 31.471874237060546875 31.474788665771484375 31.482511520385742188 31.491807937622070313 31.499689102172851563 31.50550079345703125 31.51361083984375 31.517803192138671875 31.524456024169921875 31.5364532470703125 31.542476654052734375 31.548376083374023438 31.55855560302734375 31.561147689819335938 31.553678512573242188 31.5394744873046875 31.525928497314453125 31.523586273193359375 31.529359817504882813 31.542964935302734375 31.560335159301757813 31.579477310180664063 31.59848785400390625 31.61060333251953125 31.631258010864257813 31.666294097900390625 31.703195571899414063 31.734539031982421875 31.751079559326171875 31.754407882690429688 31.755128860473632813 31.7554168701171875 31.761211395263671875 31.76902008056640625 31.771816253662109375
31.522642135620117188 31.510631561279296875 31.49761962890625 31.48706817626953125 31.487728118896484375 31.490566253662109375 31.490167617797851563 31.488580703735351563 31.49204254150390625 31.50150299072265625 31.510187149047851563 31.515899658203125 31.522329330444335938 31.528995513916015625 31.532403945922851563 31.53928375244140625 31.547330856323242188 31.551584243774414063 31.556735992431640625 31.566068649291992188 31.566829681396484375 31.556364059448242188 31.541118621826171875 31.522207260131835938 31.516439437866210938 31.519557952880859375 31.533411026000976563 31.552944183349609375 31.575838088989257813 31.597782135009765625 31.610691070556640625 31.629329681396484375 31.662546157836914063 31.695219039916992188 31.724100112915039063 31.746381759643554688 31.754878997802734375 31.761117935180664063 31.764978408813476563 31.7685089111328125 31.770633697509765625 31.771142959594726563
31.529935836791992188 31.51906585693359375 31.508663177490234375 31.502340316772460938 31.501888275146484375 31.503107070922851563 31.501893997192382813 31.5010223388671875 31.505855560302734375 31.515926361083984375 31.524137496948242188 31.527978897094726563 31.533929824829101563 31.538282394409179688 31.541479110717773438 31.546123504638671875 31.551782608032226563 31.555803298950195313 31.561672210693359375 31.571249008178710938 31.570575714111328125 31.55877685546875 31.544214248657226563 31.522249221801757813 31.513772964477539063 31.5150604248046875 31.529811859130859375 31.55083465576171875 31.574769973754882813 31.595087051391601563 31.606584548950195313 31.62351226806640625 31.65456390380859375 31.685750961303710938 31.714138031005859375 31.739795684814453125 31.751390457153320313 31.761142730712890625 31.766260147094726563 31.769388198852539063 31.769985198974609375 31.769672393798828125
31.543214797973632813 31.529863357543945313 31.518503189086914063 31.515544891357421875 31.514451980590820313 31.513666152954101563 31.510778427124023438 31.50919342041015625 31.515621185302734375 31.525875091552734375 31.534521102905273438 31.537927627563476563 31.54047393798828125 31.543634414672851563 31.546354293823242188 31.549373626708984375 31.555042266845703125 31.559329986572265625 31.564723968505859375 31.574396133422851563 31.572755813598632813 31.56114959716796875 31.5497283935546875 31.530702590942382813 31.520427703857421875 31.516714096069335938 31.530073165893554688 31.552442550659179688 31.57738494873046875 31.59685516357421875 31.6072998046875 31.620653152465820313 31.645008087158203125 31.674875259399414063 31.7048187255859375 31.73181915283203125 31.74500274658203125 31.7582855224609375 31.765285491943359375 31.768564224243164063 31.769107818603515625 31.766885757446289063
31.55777740478515625 31.54380035400390625 31.533788681030273438 31.530702590942382813 31.525529861450195313 31.5218505859375 31.520656585693359375 31.52283477783203125 31.531202316284179688 31.539890289306640625 31.545614242553710938 31.547367095947265625 31.551698684692382813 31.55866241455078125 31.559263229370117188 31.560087203979492188 31.564332962036132813 31.569143295288085938 31.577333450317382813 31.591747283935546875 31.589868545532226563 31.57440948486328125 31.566471099853515625 31.556985855102539063 31.549146652221679688 31.539337158203125 31.545221328735351563 31.56468963623046875 31.588344573974609375 31.6063385009765625 31.61821746826171875 31.631029129028320313 31.642160415649414063 31.665782928466796875 31.69626617431640625 31.722131729125976563 31.735704421997070313 31.75109100341796875 31.76050567626953125 31.764329910278320313 31.765230178833007813 31.757839202880859375
31.569629669189453125 31.560588836669921875 31.556676864624023438 31.552431106567382813 31.54015350341796875 31.530691146850585938 31.52983856201171875 31.544782638549804688 31.568084716796875 31.576417922973632813 31.569759368896484375 31.563737869262695313 31.565835952758789063 31.575054168701171875 31.57538604736328125 31.574260711669921875 31.580476760864257813 31.588945388793945313 31.596277236938476563 31.608551025390625 31.609395980834960938 31.599012374877929688 31.591388702392578125 31.58232879638671875 31.574069976806640625 31.560789108276367188 31.562715530395507813 31.5798797607421875 31.605733871459960938 31.6251678466796875 31.636743545532226563 31.650850296020507813 31.656726837158203125 31.672527313232421875 31.697910308837890625 31.720882415771484375 31.732913970947265625 31.747087478637695313 31.757261276245117188 31.762308120727539063 31.76229095458984375 31.750234603881835938
31.572429656982421875 31.5664520263671875 31.565320968627929688 31.56238555908203125 31.5522003173828125 31.542734146118164063 31.5411224365234375 31.559206008911132813 31.584903717041015625 31.594013214111328125 31.585470199584960938 31.577850341796875 31.5796661376953125 31.58758544921875 31.588459014892578125 31.589227676391601563 31.598310470581054688 31.609621047973632813 31.617185592651367188 31.623813629150390625 31.622676849365234375 31.619165420532226563 31.614484786987304688 31.602222442626953125 31.591806411743164063 31.5759735107421875 31.575075149536132813 31.591081619262695313 31.6210784912109375 31.64301300048828125 31.653942108154296875 31.66892242431640625 31.677038192749023438 31.688711166381835938 31.709072113037109375 31.726776123046875 31.736001968383789063 31.748304367065429688 31.757989883422851563 31.762386322021484375 31.759328842163085938 31.743555068969726563
31.574922561645507813 31.571056365966796875 31.57012176513671875 31.568319320678710938 31.565050125122070313 31.561750411987304688 31.56333160400390625 31.577001571655273438 31.593252182006835938 31.600896835327148438 31.596445083618164063 31.591630935668945313 31.593885421752929688 31.598751068115234375 31.598665237426757813 31.603250503540039063 31.6146392822265625 31.624639511108398438 31.6319122314453125 31.636335372924804688 31.634113311767578125 31.633707046508789063 31.631389617919921875 31.61933135986328125 31.607824325561523438 31.588348388671875 31.583955764770507813 31.599634170532226563 31.632251739501953125 31.655836105346679688 31.666173934936523438 31.681322097778320313 31.692754745483398438 31.706172943115234375 31.722734451293945313 31.734235763549804688 31.74188995361328125 31.754755020141601563 31.762847900390625 31.763566970825195313 31.754674911499023438 31.735210418701171875
31.57843780517578125 31.577449798583984375 31.576236724853515625 31.575490951538085938 31.577726364135742188 31.579721450805664063 31.58332061767578125 31.592311859130859375 31.600736618041992188 31.604837417602539063 31.6032562255859375 31.602193832397460938 31.608446121215820313 31.61042022705078125 31.608423233032226563 31.616054534912109375 31.628911972045898438 31.63782501220703125 31.645387649536132813 31.6520538330078125 31.649778366088867188 31.647779464721679688 31.646642684936523438 31.637683868408203125 31.626199722290039063 31.604274749755859375 31.597576141357421875 31.61199188232421875 31.642969131469726563 31.6658477783203125 31.676052093505859375 31.689989089965820313 31.70226287841796875 31.71765899658203125 31.732408523559570313 31.741834640502929688 31.749774932861328125 31.7653961181640625 31.769878387451171875 31.76202392578125 31.746358871459960938 31.723917007446289063
31.581575393676757813 31.583103179931640625 31.5829925537109375 31.583501815795898438 31.587285995483398438 31.5910491943359375 31.59598541259765625 31.60320281982421875 31.607969284057617188 31.609943389892578125 31.610734939575195313 31.612813949584960938 31.622442245483398438 31.6252593994140625 31.621873855590820313 31.629426956176757813 31.642993927001953125 31.651826858520507813 31.661287307739257813 31.6708526611328125 31.668031692504882813 31.66552734375 31.664892196655273438 31.654628753662109375 31.645540237426757813 31.630910873413085938 31.626321792602539063 31.6365814208984375 31.658811569213867188 31.678314208984375 31.686735153198242188 31.696821212768554688 31.706266403198242188 31.721408843994140625 31.73899078369140625 31.751977920532226563 31.760589599609375 31.771650314331054688 31.764434814453125 31.746128082275390625 31.725555419921875 31.7056427001953125
31.58740997314453125 31.591123580932617188 31.592931747436523438 31.595005035400390625 31.598314285278320313 31.600820541381835938 31.605121612548828125 31.6125030517578125 31.617889404296875 31.619585037231445313 31.622348785400390625 31.626401901245117188 31.638568878173828125 31.646389007568359375 31.64678192138671875 31.652446746826171875 31.662202835083007813 31.667966842651367188 31.674806594848632813 31.6812286376953125 31.681671142578125 31.684640884399414063 31.685770034790039063 31.675722122192382813 31.66950225830078125 31.66396331787109375 31.665479660034179688 31.672189712524414063 31.68569183349609375 31.698431015014648438 31.703474044799804688 31.706666946411132813 31.711992263793945313 31.726968765258789063 31.747789382934570313 31.763523101806640625 31.7704315185546875 31.766998291015625 31.743066787719726563 31.715566635131835938 31.693170547485351563 31.679117202758789063
31.597307205200195313 31.60150909423828125 31.604394912719726563 31.606298446655273438 31.60819244384765625 31.609544754028320313 31.61298370361328125 31.619899749755859375 31.626604080200195313 31.630826950073242188 31.635564804077148438 31.6402130126953125 31.652818679809570313 31.663217544555664063 31.669115066528320313 31.673673629760742188 31.678936004638671875 31.682407379150390625 31.685968399047851563 31.6909027099609375 31.693523406982421875 31.697313308715820313 31.699945449829101563 31.697195053100585938 31.694911956787109375 31.696567535400390625 31.704286575317382813 31.707788467407226563 31.712480545043945313 31.719120025634765625 31.721029281616210938 31.720518112182617188 31.724134445190429688 31.73973846435546875 31.761190414428710938 31.774225234985351563 31.776523590087890625 31.76158905029296875 31.729494094848632813 31.698459625244140625 31.674688339233398438 31.665517807006835938
31.608264923095703125 31.61098480224609375 31.6120758056640625 31.613004684448242188 31.61425018310546875 31.61539459228515625 31.61917877197265625 31.625837326049804688 31.63344573974609375 31.63985443115234375 31.644773483276367188 31.648061752319335938 31.657266616821289063 31.667951583862304688 31.675416946411132813 31.680477142333984375 31.685216903686523438 31.689300537109375 31.693714141845703125 31.6990509033203125 31.700059890747070313 31.702327728271484375 31.706979751586914063 31.708063125610351563 31.708026885986328125 31.712574005126953125 31.723194122314453125 31.729244232177734375 31.730131149291992188 31.733850479125976563 31.733736038208007813 31.732690811157226563 31.737722396850585938 31.756275177001953125 31.7774658203125 31.78343963623046875 31.778478622436523438 31.751735687255859375 31.711973190307617188 31.679460525512695313 31.659315109252929688 31.655694961547851563
31.61837005615234375 31.619243621826171875 31.618570327758789063 31.619205474853515625 31.620357513427734375 31.621294021606445313 31.624773025512695313 31.631452560424804688 31.639238357543945313 31.64646148681640625 31.65099334716796875 31.6532745361328125 31.660066604614257813 31.67067718505859375 31.679426193237304688 31.686082839965820313 31.690898895263671875 31.69651031494140625 31.703931808471679688 31.7094573974609375 31.706789016723632813 31.707256317138671875 31.713758468627929688 31.721485137939453125 31.72528839111328125 31.729921340942382813 31.738283157348632813 31.747583389282226563 31.749050140380859375 31.747907638549804688 31.746761322021484375 31.747135162353515625 31.756025314331054688 31.77645111083984375 31.790876388549804688 31.7853546142578125 31.77101898193359375 31.733417510986328125 31.690233230590820313 31.661321640014648438 31.650043487548828125 31.650600433349609375
31.624536514282226563 31.62451171875 31.623861312866210938 31.624219894409179688 31.62497711181640625 31.626216888427734375 31.629207611083984375 31.635101318359375 31.642168045043945313 31.649202346801757813 31.655208587646484375 31.658365249633789063 31.6648712158203125 31.67430877685546875 31.683071136474609375 31.691305160522460938 31.697336196899414063 31.70484161376953125 31.715091705322265625 31.721431732177734375 31.71730804443359375 31.717115402221679688 31.72425079345703125 31.732952117919921875 31.741594314575195313 31.7460479736328125 31.750654220581054688 31.758636474609375 31.7605438232421875 31.758087158203125 31.7579193115234375 31.761196136474609375 31.773477554321289063 31.789983749389648438 31.792627334594726563 31.777460098266601563 31.758211135864257813 31.716806411743164063 31.674497604370117188 31.65233612060546875 31.64788818359375 31.65134429931640625
31.62793731689453125 31.628015518188476563 31.627500534057617188 31.627916336059570313 31.628204345703125 31.629556655883789063 31.632551193237304688 31.637243270874023438 31.64357757568359375 31.6511077880859375 31.658979415893554688 31.663311004638671875 31.670412063598632813 31.678258895874023438 31.686868667602539063 31.69974517822265625 31.708539962768554688 31.714900970458984375 31.724225997924804688 31.730945587158203125 31.728784561157226563 31.7291412353515625 31.736545562744140625 31.742588043212890625 31.752223968505859375 31.757371902465820313 31.7604217529296875 31.76494598388671875 31.766252517700195313 31.765911102294921875 31.767343521118164063 31.774408340454101563 31.789531707763671875 31.80020904541015625 31.79160308837890625 31.770425796508789063 31.74953460693359375 31.708271026611328125 31.667867660522460938 31.652410507202148438 31.652935028076171875 31.658460617065429688
