INPUT/RASTER/ASCII/BIO08.asc
ncols        225
nrows        269
xllcorner    473009.983799999987
yllcorner    4429051.174800000153
cellsize     50.000000000000
NODATA_value -9999
[rows 162 to 179 of 269, columns 0 to 41 of 225]
-9999 -9999 -9999 -9999 -9999 -9999 -9999 14.956634521484375 14.956595420837402344 14.943928718566894531 14.903094291687011719 14.870047569274902344 14.860098838806152344 14.8582000732421875 14.856829643249511719 14.852453231811523438 14.845312118530273438 14.835482597351074219 14.823688507080078125 14.815486907958984375 14.810925483703613281 14.804841995239257813 14.798374176025390625 14.794483184814453125 14.794028282165527344 14.794216156005859375 14.792927742004394531 14.790324211120605469 14.788998603820800781 14.788072586059570313 14.780137062072753906 14.766347885131835938 14.757914543151855469 14.753582000732421875 14.746002197265625 14.737455368041992188 14.73096466064453125 14.725461006164550781 14.721345901489257813 14.719503402709960938 14.717185020446777344 14.714133262634277344
-9999 -9999 -9999 -9999 -9999 -9999 14.945467948913574219 14.953112602233886719 14.954707145690917969 14.937672615051269531 14.895547866821289063 14.869138717651367188 14.862180709838867188 14.860327720642089844 14.859636306762695313 14.857079505920410156 14.850317001342773438 14.838816642761230469 14.826300621032714844 14.818347930908203125 14.814241409301757813 14.808211326599121094 14.802450180053710938 14.80014801025390625 14.801619529724121094 14.802584648132324219 14.800863265991210938 14.797567367553710938 14.795069694519042969 14.792031288146972656 14.780804634094238281 14.7664642333984375 14.758528709411621094 14.754239082336425781 14.747685432434082031 14.739207267761230469 14.732919692993164063 14.727450370788574219 14.7239990234375 14.722870826721191406 14.721089363098144531 14.718087196350097656
-9999 -9999 -9999 -9999 14.950160026550292969 14.944909095764160156 14.933919906616210938 14.937085151672363281 14.938782691955566406 14.923093795776367188 14.89170074462890625 14.873463630676269531 14.8661956787109375 14.866686820983886719 14.867956161499023438 14.864945411682128906 14.855684280395507813 14.842730522155761719 14.830357551574707031 14.821698188781738281 14.817431449890136719 14.811095237731933594 14.806242942810058594 14.804856300354003906 14.807355880737304688 14.812968254089355469 14.814756393432617188 14.813280105590820313 14.80805206298828125 14.796876907348632813 14.781126022338867188 14.766301155090332031 14.75853729248046875 14.75376129150390625 14.747923851013183594 14.741341590881347656 14.736065864562988281 14.730791091918945313 14.727270126342773438 14.726269721984863281 14.724890708923339844 14.721773147583007813
-9999 -9999 -9999 -9999 14.93851470947265625 14.93344879150390625 14.9194793701171875 14.916345596313476563 14.917688369750976563 14.911179542541503906 14.895636558532714844 14.882023811340332031 14.874873161315917969 14.879491806030273438 14.881802558898925781 14.873246192932128906 14.85533905029296875 14.840832710266113281 14.831792831420898438 14.825357437133789063 14.822889328002929688 14.818478584289550781 14.811957359313964844 14.810705184936523438 14.813005447387695313 14.830255508422851563 14.841846466064453125 14.837946891784667969 14.823651313781738281 14.800891876220703125 14.781502723693847656 14.768040657043457031 14.760352134704589844 14.755338668823242188 14.749521255493164063 14.743891716003417969 14.740671157836914063 14.737375259399414063 14.734543800354003906 14.732247352600097656 14.72931671142578125 14.726240158081054688
-9999 -9999 -9999 -9999 14.937215805053710938 14.931254386901855469 14.916835784912109375 14.911084175109863281 14.911104202270507813 14.909330368041992188 14.902857780456542969 14.896337509155273438 14.892645835876464844 14.891473770141601563 14.887578010559082031 14.8743896484375 14.852823257446289063 14.837767601013183594 14.830647468566894531 14.828656196594238281 14.831938743591308594 14.834460258483886719 14.825125694274902344 14.822927474975585938 14.824143409729003906 14.847332000732421875 14.861982345581054688 14.847340583801269531 14.822560310363769531 14.800063133239746094 14.783082008361816406 14.770691871643066406 14.763246536254882813 14.758535385131835938 14.752721786499023438 14.746819496154785156 14.743259429931640625 14.740316390991210938 14.737783432006835938 14.735909461975097656 14.732744216918945313 14.729269981384277344
-9999 -9999 -9999 -9999 14.945431709289550781 14.937542915344238281 14.920299530029296875 14.914166450500488281 14.914029121398925781 14.913469314575195313 14.908685684204101563 14.904073715209960938 14.901949882507324219 14.89910125732421875 14.892772674560546875 14.877181053161621094 14.855229377746582031 14.840407371520996094 14.8343048095703125 14.835704803466796875 14.844371795654296875 14.856973648071289063 14.850433349609375 14.847701072692871094 14.8493804931640625 14.860814094543457031 14.863847732543945313 14.84332275390625 14.816779136657714844 14.799234390258789063 14.785516738891601563 14.774091720581054688 14.767229080200195313 14.762467384338378906 14.756171226501464844 14.749806404113769531 14.74550628662109375 14.741764068603515625 14.738921165466308594 14.7373046875 14.734984397888183594 14.731631278991699219
-9999 -9999 -9999 -9999 14.948700904846191406 14.941198348999023438 14.924143791198730469 14.917615890502929688 14.917632102966308594 14.918063163757324219 14.913973808288574219 14.909876823425292969 14.909461021423339844 14.907175064086914063 14.900686264038085938 14.884377479553222656 14.861411094665527344 14.848906517028808594 14.848727226257324219 14.853949546813964844 14.862489700317382813 14.874400138854980469 14.871875762939453125 14.870281219482421875 14.870183944702148438 14.864856719970703125 14.852321624755859375 14.832222938537597656 14.812103271484375 14.79940032958984375 14.787693023681640625 14.77728271484375 14.771561622619628906 14.766710281372070313 14.759645462036132813 14.752743721008300781 14.748189926147460938 14.744048118591308594 14.741490364074707031 14.739089012145996094 14.7364501953125 14.733965873718261719
-9999 -9999 -9999 -9999 14.955785751342773438 14.948060035705566406 14.929841995239257813 14.922278404235839844 14.921963691711425781 14.921945571899414063 14.918828010559082031 14.918549537658691406 14.923883438110351563 14.92147064208984375 14.913708686828613281 14.895608901977539063 14.871739387512207031 14.867189407348632813 14.876053810119628906 14.880187034606933594 14.882604598999023438 14.883508682250976563 14.879017829895019531 14.874855995178222656 14.870832443237304688 14.856134414672851563 14.8365478515625 14.821024894714355469 14.807967185974121094 14.798756599426269531 14.788966178894042969 14.780055999755859375 14.774805068969726563 14.770414352416992188 14.763887405395507813 14.7563018798828125 14.751471519470214844 14.747193336486816406 14.74414825439453125 14.741530418395996094 14.738359451293945313 14.736056327819824219
-9999 -9999 -9999 14.98423004150390625 14.975398063659667969 14.958096504211425781 14.936861991882324219 14.92893218994140625 14.928191184997558594 14.9268646240234375 14.924891471862792969 14.932107925415039063 14.942746162414550781 14.938404083251953125 14.930417060852050781 14.913016319274902344 14.892683982849121094 14.889585494995117188 14.890834808349609375 14.888392448425292969 14.887541770935058594 14.8837127685546875 14.8740386962890625 14.862415313720703125 14.850995063781738281 14.837176322937011719 14.824304580688476563 14.815918922424316406 14.806501388549804688 14.797310829162597656 14.789130210876464844 14.781267166137695313 14.77597808837890625 14.772059440612792969 14.766127586364746094 14.76055145263671875 14.755742073059082031 14.751290321350097656 14.747928619384765625 14.744786262512207031 14.741969108581542969 14.739333152770996094
-9999 -9999 -9999 14.993206024169921875 14.991120338439941406 14.971912384033203125 14.942981719970703125 14.934122085571289063 14.933764457702636719 14.933476448059082031 14.935341835021972656 14.945280075073242188 14.952780723571777344 14.949501991271972656 14.9451446533203125 14.936388969421386719 14.920221328735351563 14.902394294738769531 14.888146400451660156 14.875841140747070313 14.871046066284179688 14.8663787841796875 14.855093002319335938 14.842266082763671875 14.830913543701171875 14.821950912475585938 14.815516471862792969 14.810771942138671875 14.8044586181640625 14.796648025512695313 14.789326667785644531 14.782464981079101563 14.777564048767089844 14.773993492126464844 14.768520355224609375 14.763950347900390625 14.760785102844238281 14.757134437561035156 14.754044532775878906 14.750303268432617188 14.747043609619140625 14.745187759399414063
-9999 -9999 -9999 15.0074615478515625 15.004068374633789063 14.979538917541503906 14.947909355163574219 14.938241004943847656 14.938187599182128906 14.939576148986816406 14.944887161254882813 14.953387260437011719 14.955438613891601563 14.953058242797851563 14.950467109680175781 14.944734573364257813 14.928814888000488281 14.902186393737792969 14.875050544738769531 14.853002548217773438 14.844776153564453125 14.839685440063476563 14.833261489868164063 14.827341079711914063 14.822038650512695313 14.815932273864746094 14.811785697937011719 14.808279991149902344 14.803526878356933594 14.796848297119140625 14.790922164916992188 14.7852020263671875 14.78134918212890625 14.777777671813964844 14.771988868713378906 14.766921043395996094 14.766115188598632813 14.765478134155273438 14.76337432861328125 14.758519172668457031 14.755754470825195313 14.758001327514648438
-9999 -9999 -9999 15.007348060607910156 14.996327400207519531 14.968367576599121094 14.946287155151367188 14.942537307739257813 14.943164825439453125 14.943760871887207031 14.948055267333984375 14.954842567443847656 14.954731941223144531 14.950651168823242188 14.945601463317871094 14.933901786804199219 14.913264274597167969 14.885692596435546875 14.859094619750976563 14.842983245849609375 14.836645126342773438 14.831030845642089844 14.826208114624023438 14.822596549987792969 14.818956375122070313 14.8145294189453125 14.811786651611328125 14.808999061584472656 14.804890632629394531 14.799277305603027344 14.794739723205566406 14.789422035217285156 14.785699844360351563 14.782518386840820313 14.779574394226074219 14.774744033813476563 14.777785301208496094 14.781232833862304688 14.780744552612304688 14.777531623840332031 14.780861854553222656 14.792538642883300781
-9999 -9999 -9999 14.997461318969726563 14.978460311889648438 14.956935882568359375 14.946082115173339844 14.945997238159179688 14.947592735290527344 14.948708534240722656 14.953252792358398438 14.957134246826171875 14.9539642333984375 14.947072982788085938 14.93914031982421875 14.921662330627441406 14.896220207214355469 14.869385719299316406 14.850424766540527344 14.843239784240722656 14.8388519287109375 14.831933021545410156 14.825574874877929688 14.821140289306640625 14.817232131958007813 14.813786506652832031 14.812453269958496094 14.810571670532226563 14.807863235473632813 14.804494857788085938 14.801428794860839844 14.79791259765625 14.79579925537109375 14.796751022338867188 14.801706314086914063 14.801814079284667969 14.810396194458007813 14.818455696105957031 14.819826126098632813 14.819638252258300781 14.829113006591796875 14.846660614013671875
15.021831512451171875 15.017247200012207031 15.008414268493652344 14.988094329833984375 14.96845245361328125 14.954720497131347656 14.94997406005859375 14.95062255859375 14.95160675048828125 14.953236579895019531 14.95905303955078125 14.960813522338867188 14.954094886779785156 14.94493865966796875 14.934957504272460938 14.914788246154785156 14.890411376953125 14.866949081420898438 14.852551460266113281 14.84798431396484375 14.843672752380371094 14.834916114807128906 14.826284408569335938 14.820726394653320313 14.816946983337402344 14.815260887145996094 14.815419197082519531 14.814591407775878906 14.8134765625 14.812334060668945313 14.811704635620117188 14.813300132751464844 14.817316055297851563 14.827757835388183594 14.840421676635742188 14.847337722778320313 14.859983444213867188 14.869194984436035156 14.870600700378417969 14.872715950012207031 14.882163047790527344 14.895775794982910156
15.01630401611328125 15.008107185363769531 14.997872352600097656 14.980237960815429688 14.96623992919921875 14.95827484130859375 14.956487655639648438 14.956934928894042969 14.955919265747070313 14.958417892456054688 14.965540885925292969 14.9658050537109375 14.95584869384765625 14.944681167602539063 14.933352470397949219 14.912153244018554688 14.889627456665039063 14.868436813354492188 14.855310440063476563 14.851649284362792969 14.847295761108398438 14.836709022521972656 14.825966835021972656 14.820116996765136719 14.818667411804199219 14.819714546203613281 14.820743560791015625 14.82143402099609375 14.822694778442382813 14.824776649475097656 14.82752227783203125 14.836008071899414063 14.847432136535644531 14.866913795471191406 14.883901596069335938 14.894161224365234375 14.9061126708984375 14.914034843444824219 14.915614128112792969 14.917223930358886719 14.92284393310546875 14.928625106811523438
15.003598213195800781 14.992609024047851563 14.982945442199707031 14.97406005859375 14.967467308044433594 14.963925361633300781 14.962946891784667969 14.962224006652832031 14.9615631103515625 14.969090461730957031 14.976578712463378906 14.973101615905761719 14.959527015686035156 14.946252822875976563 14.933397293090820313 14.909422874450683594 14.884035110473632813 14.862833976745605469 14.852252960205078125 14.849550247192382813 14.846012115478515625 14.836225509643554688 14.824687004089355469 14.820446014404296875 14.823831558227539063 14.829817771911621094 14.834424018859863281 14.844585418701171875 14.859364509582519531 14.86928558349609375 14.876911163330078125 14.889670372009277344 14.902716636657714844 14.922512054443359375 14.938876152038574219 14.94930267333984375 14.955514907836914063 14.959105491638183594 14.959924697875976563 14.959924697875976563 14.960836410522460938 14.956824302673339844
-9999 14.985927581787109375 14.98244476318359375 14.977740287780761719 14.973412513732910156 14.972063064575195313 14.972073554992675781 14.972060203552246094 14.973567962646484375 14.983847618103027344 14.993501663208007813 14.985963821411132813 14.964300155639648438 14.946948051452636719 14.932186126708984375 14.905554771423339844 14.877161026000976563 14.855385780334472656 14.8462371826171875 14.842713356018066406 14.839559555053710938 14.830451011657714844 14.822514533996582031 14.821791648864746094 14.826500892639160156 14.834839820861816406 14.844182014465332031 14.864275932312011719 14.886361122131347656 14.900971412658691406 14.914274215698242188 14.927783966064453125 14.938433647155761719 14.955015182495117188 14.971326828002929688 14.979578018188476563 14.980195999145507813 14.979937553405761719 14.979768753051757813 14.977017402648925781 14.971735954284667969 14.962108612060546875
-9999 -9999 -9999 14.980352401733398438 14.978183746337890625 14.976889610290527344 14.978108406066894531 14.979711532592773438 14.983967781066894531 14.994892120361328125 15.002270698547363281 14.991582870483398438 14.965357780456542969 14.944471359252929688 14.929559707641601563 14.902609825134277344 14.873170852661132813 14.852181434631347656 14.842671394348144531 14.837573051452636719 14.833224296569824219 14.824472427368164063 14.819426536560058594 14.820611953735351563 14.826330184936523438 14.836165428161621094 14.849570274353027344 14.87337493896484375 14.89630889892578125 14.915598869323730469 14.934741973876953125 14.948521614074707031 14.957183837890625 14.970815658569335938 14.984842300415039063 14.990077972412109375 14.988689422607421875 14.986689567565917969 14.9852447509765625 14.979573249816894531 14.968336105346679688 14.955175399780273438
