INPUT/RASTER/ASCII/BIO03.asc
ncols        225
nrows        269
xllcorner    473009.983799999987
yllcorner    4429051.174800000153
cellsize     50.000000000000
NODATA_value -9999
[rows 57 to 75 of 269, columns 129 to 171 of 225]
38.43846893310546875 38.38866424560546875 38.32482147216796875 38.317657470703125 38.324977874755859375 38.327457427978515625 38.319820404052734375 38.318645477294921875 38.342166900634765625 38.358959197998046875 38.37274932861328125 38.381103515625 38.385272979736328125 38.39069366455078125 38.4017333984375 38.41464996337890625 38.41974639892578125 38.4225616455078125 38.426136016845703125 38.43084716796875 38.434978485107421875 38.43920135498046875 38.4467620849609375 38.46448516845703125 38.485691070556640625 38.5198822021484375 38.561061859130859375 38.61312103271484375 38.661899566650390625 38.69049072265625 38.715106964111328125 38.733470916748046875 38.758861541748046875 38.817363739013671875 38.884098052978515625 38.946369171142578125 39.03107452392578125 39.1469573974609375 39.207500457763671875 39.250385284423828125 39.29331207275390625 39.34783172607421875 -9999
38.393306732177734375 38.289142608642578125 38.239879608154296875 38.25197601318359375 38.27382659912109375 38.28063201904296875 38.28423309326171875 38.29573822021484375 38.325260162353515625 38.352203369140625 38.36977386474609375 38.378261566162109375 38.382640838623046875 38.38813018798828125 38.399188995361328125 38.412082672119140625 38.417179107666015625 38.4199981689453125 38.423587799072265625 38.428295135498046875 38.432430267333984375 38.437633514404296875 38.44817352294921875 38.46490478515625 38.492664337158203125 38.53409576416015625 38.58393096923828125 38.637752532958984375 38.689449310302734375 38.727237701416015625 38.794559478759765625 38.832340240478515625 38.863636016845703125 38.9398345947265625 38.996425628662109375 39.03476715087890625 39.0657501220703125 39.1138763427734375 39.15828704833984375 39.20590972900390625 39.278408050537109375 39.330928802490234375 39.32624053955078125
38.2782135009765625 38.186748504638671875 38.155792236328125 38.177394866943359375 38.20111846923828125 38.20853424072265625 38.21578216552734375 38.238758087158203125 38.276248931884765625 38.308414459228515625 38.332576751708984375 38.34505462646484375 38.3564453125 38.3638153076171875 38.374996185302734375 38.38791656494140625 38.3930816650390625 38.396087646484375 38.404933929443359375 38.424762725830078125 38.430736541748046875 38.437900543212890625 38.452091217041015625 38.4659576416015625 38.496883392333984375 38.548297882080078125 38.6247100830078125 38.689891815185546875 38.76220703125 38.816547393798828125 38.886447906494140625 38.933025360107421875 38.958049774169921875 38.988719940185546875 39.019351959228515625 39.052562713623046875 39.074054718017578125 39.10335540771484375 39.134243011474609375 39.17099761962890625 39.229824066162109375 39.282012939453125 39.29711151123046875
38.15130615234375 38.096446990966796875 38.083003997802734375 38.097759246826171875 38.109569549560546875 38.116573333740234375 38.124904632568359375 38.144195556640625 38.1709136962890625 38.191375732421875 38.21279144287109375 38.23741912841796875 38.274139404296875 38.290752410888671875 38.306316375732421875 38.335235595703125 38.351531982421875 38.35585784912109375 38.381443023681640625 38.44976043701171875 38.4615020751953125 38.46782684326171875 38.481204986572265625 38.494243621826171875 38.52252960205078125 38.56731414794921875 38.6349639892578125 38.703556060791015625 38.80164337158203125 38.868114471435546875 38.909088134765625 38.947948455810546875 38.9672088623046875 38.9857177734375 39.01856231689453125 39.053836822509765625 39.071910858154296875 39.09760284423828125 39.124279022216796875 39.14966583251953125 39.18827056884765625 39.22774505615234375 39.267688751220703125
38.076213836669921875 38.044589996337890625 38.0347900390625 38.04218292236328125 38.047595977783203125 38.057403564453125 38.072612762451171875 38.0955810546875 38.108600616455078125 38.115810394287109375 38.1302490234375 38.163295745849609375 38.2227325439453125 38.255756378173828125 38.283374786376953125 38.34688568115234375 38.38765716552734375 38.3936920166015625 38.410778045654296875 38.457324981689453125 38.465892791748046875 38.469783782958984375 38.4783782958984375 38.48950958251953125 38.516284942626953125 38.552684783935546875 38.60228729248046875 38.67620086669921875 38.791538238525390625 38.86560821533203125 38.907604217529296875 38.93955230712890625 38.9499359130859375 38.9680328369140625 39.01184844970703125 39.04979705810546875 39.06230926513671875 39.082111358642578125 39.111270904541015625 39.137653350830078125 39.165637969970703125 39.196285247802734375 39.2351226806640625
38.049900054931640625 38.014369964599609375 38.002490997314453125 38.01110076904296875 38.018390655517578125 38.030750274658203125 38.052143096923828125 38.086551666259765625 38.121524810791015625 38.13896942138671875 38.153919219970703125 38.1977386474609375 38.27315521240234375 38.320831298828125 38.3570404052734375 38.403858184814453125 38.43334197998046875 38.4382476806640625 38.438282012939453125 38.438373565673828125 38.438457489013671875 38.43994903564453125 38.44631195068359375 38.456165313720703125 38.483127593994140625 38.523651123046875 38.589900970458984375 38.69040679931640625 38.814250946044921875 38.8871917724609375 38.91999053955078125 38.942035675048828125 38.951969146728515625 38.97248077392578125 39.01596832275390625 39.044719696044921875 39.04949188232421875 39.058055877685546875 39.0836029052734375 39.112396240234375 39.13282012939453125 39.157054901123046875 39.1936187744140625
38.04555511474609375 37.996555328369140625 37.978145599365234375 37.994293212890625 38.02652740478515625 38.047344207763671875 38.069698333740234375 38.111949920654296875 38.188060760498046875 38.229167938232421875 38.249980926513671875 38.276317596435546875 38.313083648681640625 38.3492279052734375 38.395084381103515625 38.420909881591796875 38.432281494140625 38.436305999755859375 38.4375 38.435699462890625 38.43084716796875 38.430255889892578125 38.43830108642578125 38.449184417724609375 38.477970123291015625 38.52602386474609375 38.61363983154296875 38.7399139404296875 38.86358642578125 38.92298126220703125 38.946598052978515625 38.967395782470703125 38.9812469482421875 38.999568939208984375 39.026218414306640625 39.039211273193359375 39.038951873779296875 39.042331695556640625 39.062530517578125 39.087085723876953125 39.099536895751953125 39.113178253173828125 39.142696380615234375
38.028491973876953125 37.976802825927734375 37.961429595947265625 38.015361785888671875 38.112979888916015625 38.1531982421875 38.17366790771484375 38.205234527587890625 38.23998260498046875 38.25475311279296875 38.274341583251953125 38.289226531982421875 38.303955078125 38.32861328125 38.374050140380859375 38.408290863037109375 38.429302215576171875 38.438449859619140625 38.441387176513671875 38.439662933349609375 38.433925628662109375 38.434963226318359375 38.44615936279296875 38.458103179931640625 38.492832183837890625 38.558567047119140625 38.66973114013671875 38.811859130859375 38.918914794921875 38.962238311767578125 38.98552703857421875 39.011730194091796875 39.0302276611328125 39.039520263671875 39.045574188232421875 39.043849945068359375 39.042926788330078125 39.04764556884765625 39.05898284912109375 39.07276153564453125 39.079929351806640625 39.086940765380859375 39.107295989990234375
37.979885101318359375 37.934162139892578125 37.934329986572265625 38.043060302734375 38.1378021240234375 38.16190338134765625 38.17957305908203125 38.205699920654296875 38.225063323974609375 38.229740142822265625 38.237964630126953125 38.253986358642578125 38.285125732421875 38.324466705322265625 38.36173248291015625 38.388210296630859375 38.415283203125 38.4295501708984375 38.433025360107421875 38.439208984375 38.443450927734375 38.450977325439453125 38.468852996826171875 38.486438751220703125 38.5464935302734375 38.653987884521484375 38.787410736083984375 38.910205841064453125 38.9813995361328125 39.0095062255859375 39.031482696533203125 39.0616302490234375 39.082744598388671875 39.086750030517578125 39.08209228515625 39.076885223388671875 39.077960968017578125 39.082530975341796875 39.08789825439453125 39.094310760498046875 39.097248077392578125 39.09786224365234375 39.106098175048828125
37.932308197021484375 37.898296356201171875 37.90608978271484375 38.019062042236328125 38.10608673095703125 38.12540435791015625 38.142818450927734375 38.16864776611328125 38.188594818115234375 38.19333648681640625 38.198261260986328125 38.2204132080078125 38.277645111083984375 38.328037261962890625 38.35236358642578125 38.368984222412109375 38.39041900634765625 38.411533355712890625 38.422840118408203125 38.434139251708984375 38.443202972412109375 38.458072662353515625 38.49437713623046875 38.5305633544921875 38.640289306640625 38.802093505859375 38.934650421142578125 39.013423919677734375 39.05096435546875 39.0659942626953125 39.084178924560546875 39.112537384033203125 39.135196685791015625 39.138057708740234375 39.128467559814453125 39.1248779296875 39.1265716552734375 39.130001068115234375 39.135456085205078125 39.141819000244140625 39.14068603515625 39.135982513427734375 39.139324188232421875
37.9059295654296875 37.8817291259765625 37.89513397216796875 38.00704193115234375 38.0922088623046875 38.11157989501953125 38.133502960205078125 38.16034698486328125 38.178558349609375 38.18256378173828125 38.19037628173828125 38.213253021240234375 38.27498626708984375 38.324138641357421875 38.34023284912109375 38.3514556884765625 38.369007110595703125 38.39244842529296875 38.413944244384765625 38.43032073974609375 38.43984222412109375 38.46213531494140625 38.518054962158203125 38.5760345458984375 38.719310760498046875 38.889789581298828125 39.0078277587890625 39.064361572265625 39.093791961669921875 39.10588836669921875 39.12213134765625 39.147235870361328125 39.166957855224609375 39.169651031494140625 39.16123199462890625 39.1591644287109375 39.16098785400390625 39.16420745849609375 39.169189453125 39.17414093017578125 39.16919708251953125 39.165912628173828125 39.170307159423828125
37.898548126220703125 37.88196563720703125 37.904094696044921875 38.01557159423828125 38.092861175537109375 38.1113128662109375 38.135112762451171875 38.1632537841796875 38.18143463134765625 38.188304901123046875 38.202472686767578125 38.224170684814453125 38.27744293212890625 38.319606781005859375 38.329265594482421875 38.334712982177734375 38.351444244384765625 38.3743896484375 38.39415740966796875 38.41957855224609375 38.443668365478515625 38.475799560546875 38.55449676513671875 38.634654998779296875 38.7846221923828125 38.9381103515625 39.03960418701171875 39.08544158935546875 39.11862945556640625 39.134166717529296875 39.152408599853515625 39.17452239990234375 39.18972015380859375 39.19336700439453125 39.1911163330078125 39.1920623779296875 39.194286346435546875 39.197727203369140625 39.201465606689453125 39.20310211181640625 39.194667816162109375 39.19106292724609375 39.1941375732421875
37.893894195556640625 37.8904571533203125 37.941249847412109375 38.0473785400390625 38.0952606201171875 38.111583709716796875 38.137420654296875 38.16736602783203125 38.1882476806640625 38.20441436767578125 38.225078582763671875 38.24303436279296875 38.282623291015625 38.316066741943359375 38.324542999267578125 38.32878875732421875 38.337909698486328125 38.349475860595703125 38.364475250244140625 38.390354156494140625 38.4371337890625 38.49237060546875 38.6045684814453125 38.69866943359375 38.829071044921875 38.96068572998046875 39.048442840576171875 39.0874786376953125 39.124210357666015625 39.14366912841796875 39.169307708740234375 39.191623687744140625 39.206623077392578125 39.21555328369140625 39.222034454345703125 39.226100921630859375 39.229732513427734375 39.234508514404296875 39.238147735595703125 39.23676300048828125 39.226230621337890625 39.218231201171875 39.21689605712890625
37.8809814453125 37.889804840087890625 37.971553802490234375 38.067607879638671875 38.08271026611328125 38.09589385986328125 38.12474822998046875 38.158939361572265625 38.183135986328125 38.205524444580078125 38.227710723876953125 38.243610382080078125 38.276844024658203125 38.304439544677734375 38.31174468994140625 38.313022613525390625 38.3144683837890625 38.3195953369140625 38.33261871337890625 38.359928131103515625 38.415721893310546875 38.496814727783203125 38.62574005126953125 38.7180633544921875 38.835155487060546875 38.952632904052734375 39.035556793212890625 39.0737152099609375 39.108325958251953125 39.13082122802734375 39.162433624267578125 39.18724822998046875 39.2052459716796875 39.219158172607421875 39.23494720458984375 39.242870330810546875 39.249073028564453125 39.256694793701171875 39.2626953125 39.262294769287109375 39.25179290771484375 39.242954254150390625 39.24086761474609375
37.8581695556640625 37.86775970458984375 37.94820404052734375 38.0405731201171875 38.0546112060546875 38.0677947998046875 38.09717559814453125 38.130855560302734375 38.153179168701171875 38.17400360107421875 38.19521331787109375 38.21065521240234375 38.238552093505859375 38.260101318359375 38.26517486572265625 38.2627716064453125 38.261524200439453125 38.268840789794921875 38.285236358642578125 38.319171905517578125 38.380336761474609375 38.467456817626953125 38.593875885009765625 38.6758575439453125 38.7761688232421875 38.881771087646484375 38.9651031494140625 39.002208709716796875 39.029636383056640625 39.055751800537109375 39.09380340576171875 39.122882843017578125 39.13459014892578125 39.137237548828125 39.1622772216796875 39.17905426025390625 39.193981170654296875 39.2138519287109375 39.232715606689453125 39.2410125732421875 39.2376251220703125 39.230762481689453125 39.22966766357421875
37.789638519287109375 37.792667388916015625 37.871372222900390625 37.965404510498046875 37.98041534423828125 37.991973876953125 38.015163421630859375 38.043796539306640625 38.06665802001953125 38.087970733642578125 38.10863494873046875 38.12003326416015625 38.13567352294921875 38.15280914306640625 38.161441802978515625 38.166255950927734375 38.169769287109375 38.18093109130859375 38.20645904541015625 38.240550994873046875 38.289798736572265625 38.36878204345703125 38.49619293212890625 38.568698883056640625 38.6338043212890625 38.70226287841796875 38.756988525390625 38.785549163818359375 38.809703826904296875 38.835956573486328125 38.867919921875 38.890533447265625 38.899078369140625 38.911586761474609375 38.943767547607421875 38.9618072509765625 38.98694610595703125 39.02700042724609375 39.062038421630859375 39.08551025390625 39.10335540771484375 39.10678863525390625 39.106723785400390625
37.755588531494140625 37.7449493408203125 37.82135009765625 37.920597076416015625 37.93737030029296875 37.94655609130859375 37.963348388671875 37.985042572021484375 38.005573272705078125 38.025859832763671875 38.0450286865234375 38.05440521240234375 38.0676116943359375 38.087493896484375 38.102783203125 38.11559295654296875 38.125171661376953125 38.13922119140625 38.171138763427734375 38.200466156005859375 38.23714447021484375 38.315334320068359375 38.450237274169921875 38.52364349365234375 38.567493438720703125 38.592823028564453125 38.6186676025390625 38.6416015625 38.66236114501953125 38.679706573486328125 38.693012237548828125 38.701930999755859375 38.71128082275390625 38.7374420166015625 38.76453399658203125 38.774658203125 38.798709869384765625 38.84136962890625 38.874744415283203125 38.914051055908203125 38.950191497802734375 38.962310791015625 38.9678802490234375
37.77915191650390625 37.75350189208984375 37.825222015380859375 37.9271240234375 37.9456634521484375 37.953792572021484375 37.96680450439453125 37.981349945068359375 37.996295928955078125 38.0148773193359375 38.032196044921875 38.041088104248046875 38.056377410888671875 38.07781219482421875 38.097003936767578125 38.116241455078125 38.1310577392578125 38.149715423583984375 38.17842864990234375 38.201786041259765625 38.232753753662109375 38.312953948974609375 38.45259857177734375 38.529918670654296875 38.580654144287109375 38.59494781494140625 38.6061859130859375 38.627292633056640625 38.643375396728515625 38.651027679443359375 38.654937744140625 38.659351348876953125 38.666957855224609375 38.683437347412109375 38.696163177490234375 38.7012786865234375 38.71941375732421875 38.75030517578125 38.77481842041015625 38.818206787109375 38.850635528564453125 38.860324859619140625 38.874164581298828125
37.8002777099609375 37.779743194580078125 37.855533599853515625 37.938045501708984375 37.954494476318359375 37.960254669189453125 37.968288421630859375 37.9757080078125 37.984935760498046875 38.00152587890625 38.0176544189453125 38.02780914306640625 38.046833038330078125 38.0718536376953125 38.094783782958984375 38.12120819091796875 38.14218902587890625 38.16100311279296875 38.185024261474609375 38.203968048095703125 38.233734130859375 38.31636810302734375 38.453826904296875 38.527019500732421875 38.580661773681640625 38.605884552001953125 38.61408233642578125 38.62941741943359375 38.640193939208984375 38.64389801025390625 38.6472930908203125 38.651828765869140625 38.658191680908203125 38.665233612060546875 38.670185089111328125 38.673389434814453125 38.68497467041015625 38.70063018798828125 38.71616363525390625 38.749286651611328125 38.76871490478515625 38.775501251220703125 38.79459381103515625
