INPUT/RASTER/ASCII/BIO04.asc
ncols        225
nrows        269
xllcorner    473009.983799999987
yllcorner    4429051.174800000153
cellsize     50.000000000000
NODATA_value -9999
[rows 140 to 159 of 269, columns 46 to 91 of 225]
568.20672607421875 568.4609375 569.24017333984375 569.94091796875 570.40380859375 570.604736328125 570.66766357421875 570.7724609375 570.87603759765625 570.968505859375 571.03790283203125 571.05718994140625 571.0213623046875 570.93450927734375 570.83428955078125 570.8271484375 570.97479248046875 571.16094970703125 571.3348388671875 571.82000732421875 572.28106689453125 572.5872802734375 572.6868896484375 572.74957275390625 572.87664794921875 573.02276611328125 573.43011474609375 573.96124267578125 574.69970703125 574.985107421875 575.0264892578125 575.04644775390625 575.11016845703125 575.24041748046875 575.39849853515625 575.566162109375 575.676513671875 575.7490234375 575.81103515625 575.87286376953125 575.965576171875 576.0384521484375 576.084228515625 576.12200927734375 576.18310546875 576.2303466796875
568.164794921875 568.86431884765625 569.99420166015625 570.40936279296875 570.49652099609375 570.567138671875 570.62188720703125 570.710205078125 570.80072021484375 570.893310546875 570.98187255859375 571.03656005859375 571.02655029296875 570.9617919921875 570.857666015625 570.80401611328125 570.918212890625 571.1947021484375 571.5784912109375 572.2694091796875 572.56719970703125 572.6314697265625 572.65606689453125 572.6998291015625 572.830322265625 572.98779296875 573.16302490234375 573.374267578125 574.10516357421875 574.80120849609375 574.968017578125 574.98541259765625 575.04266357421875 575.186279296875 575.34429931640625 575.4949951171875 575.59661865234375 575.66656494140625 575.73248291015625 575.79541015625 575.871826171875 575.9368896484375 575.98162841796875 576.0233154296875 576.091796875 576.15185546875
568.3563232421875 569.62371826171875 570.27325439453125 570.391845703125 570.4571533203125 570.52972412109375 570.58233642578125 570.66290283203125 570.75323486328125 570.855224609375 570.9588623046875 571.023193359375 571.01611328125 570.94805908203125 570.83056640625 570.753662109375 570.9488525390625 571.63525390625 572.1298828125 572.42474365234375 572.52484130859375 572.59765625 572.659423828125 572.677734375 572.75506591796875 572.9091796875 573.0889892578125 573.2342529296875 573.543212890625 574.29107666015625 574.8284912109375 574.94561767578125 575.015380859375 575.133544921875 575.28399658203125 575.43988037109375 575.53924560546875 575.60748291015625 575.6759033203125 575.73468017578125 575.80242919921875 575.863037109375 575.9031982421875 575.93743896484375 576.00054931640625 576.07403564453125
569.12652587890625 570.00909423828125 570.22906494140625 570.32513427734375 570.4033203125 570.48187255859375 570.533447265625 570.61273193359375 570.70684814453125 570.81341552734375 570.9208984375 570.9827880859375 570.96234130859375 570.86590576171875 570.73779296875 570.77130126953125 571.33087158203125 572.06488037109375 572.30816650390625 572.37939453125 572.454833984375 572.538330078125 572.6173095703125 572.64337158203125 572.6981201171875 572.83673095703125 573.0123291015625 573.151611328125 573.28790283203125 573.65582275390625 574.2998046875 574.73712158203125 574.9609375 575.06610107421875 575.22882080078125 575.3935546875 575.4888916015625 575.54901123046875 575.61273193359375 575.67156982421875 575.74066162109375 575.80450439453125 575.83770751953125 575.8616943359375 575.9169921875 575.99615478515625
569.16925048828125 569.8399658203125 570.068115234375 570.24603271484375 570.34320068359375 570.42779541015625 570.4815673828125 570.56475830078125 570.66131591796875 570.7667236328125 570.8681640625 570.9212646484375 570.8822021484375 570.73797607421875 570.65789794921875 571.0689697265625 571.79437255859375 572.189208984375 572.27557373046875 572.3275146484375 572.394287109375 572.4658203125 572.5458984375 572.58917236328125 572.6328125 572.75799560546875 572.92755126953125 573.07568359375 573.2027587890625 573.35870361328125 573.627197265625 574.12066650390625 574.71942138671875 574.9622802734375 575.1734619140625 575.34490966796875 575.42864990234375 575.477294921875 575.5355224609375 575.595947265625 575.66748046875 575.7379150390625 575.77130126953125 575.79522705078125 575.84832763671875 575.92303466796875
567.8792724609375 568.70440673828125 569.35845947265625 569.9400634765625 570.0867919921875 570.184814453125 570.25927734375 570.43621826171875 570.6143798828125 570.7257080078125 570.81561279296875 570.85394287109375 570.80364990234375 570.66070556640625 570.78790283203125 571.480712890625 571.98199462890625 572.177734375 572.23809814453125 572.28997802734375 572.34063720703125 572.381591796875 572.4471435546875 572.5 572.53558349609375 572.6510009765625 572.82830810546875 573.013427734375 573.19561767578125 573.31964111328125 573.4066162109375 573.60198974609375 574.16015625 574.60662841796875 575.04345703125 575.264404296875 575.34222412109375 575.38128662109375 575.43438720703125 575.49615478515625 575.56719970703125 575.63836669921875 575.68109130859375 575.7144775390625 575.76971435546875 575.834228515625
566.67315673828125 567.0572509765625 567.9227294921875 568.740478515625 568.921142578125 569.0438232421875 569.19366455078125 569.78887939453125 570.34478759765625 570.56817626953125 570.736083984375 570.77044677734375 570.7742919921875 570.82623291015625 571.1658935546875 571.7484130859375 572.0101318359375 572.1373291015625 572.187255859375 572.23150634765625 572.2623291015625 572.274658203125 572.31463623046875 572.37432861328125 572.431884765625 572.5504150390625 572.7451171875 572.98858642578125 573.22222900390625 573.3033447265625 573.33355712890625 573.35693359375 573.506103515625 573.94378662109375 574.7177734375 575.12701416015625 575.23187255859375 575.26171875 575.30859375 575.37103271484375 575.4451904296875 575.52020263671875 575.5728759765625 575.61480712890625 575.6708984375 575.7255859375
566.34466552734375 566.4580078125 566.681884765625 566.89935302734375 567.01373291015625 567.1441650390625 567.34271240234375 568.212890625 569.01904296875 569.68865966796875 570.339111328125 570.5123291015625 570.8414306640625 571.27197265625 571.5096435546875 571.79046630859375 571.9775390625 572.077392578125 572.11041259765625 572.13482666015625 572.1551513671875 572.16864013671875 572.21826171875 572.30194091796875 572.388916015625 572.52825927734375 572.7525634765625 573.0267333984375 573.20025634765625 573.25537109375 573.27508544921875 573.29376220703125 573.2958984375 573.434814453125 574.10595703125 574.87725830078125 575.1319580078125 575.17156982421875 575.21917724609375 575.28314208984375 575.361083984375 575.4376220703125 575.4957275390625 575.53729248046875 575.59381103515625 575.6480712890625
566.27886962890625 566.370849609375 566.4691162109375 566.5615234375 566.653564453125 566.75341796875 566.85986328125 567.0128173828125 567.15252685546875 567.9918212890625 568.9571533203125 569.51025390625 570.46160888671875 571.104736328125 571.26043701171875 571.64874267578125 571.906494140625 572.003662109375 572.024658203125 572.03778076171875 572.0576171875 572.0751953125 572.18475341796875 572.33660888671875 572.4351806640625 572.57379150390625 572.82061767578125 573.02862548828125 573.13836669921875 573.196533203125 573.22991943359375 573.2646484375 573.2620849609375 573.2696533203125 573.52642822265625 574.34576416015625 574.935791015625 575.0899658203125 575.16583251953125 575.2303466796875 575.30517578125 575.3851318359375 575.4429931640625 575.48089599609375 575.53363037109375 575.5911865234375
566.21099853515625 566.3092041015625 566.419921875 566.515380859375 566.6016845703125 566.66156005859375 566.76177978515625 566.8743896484375 567.0145263671875 567.421142578125 567.8082275390625 568.2564697265625 568.99835205078125 569.4918212890625 569.79351806640625 570.8922119140625 571.48858642578125 571.77264404296875 571.91143798828125 571.9395751953125 571.9666748046875 572.021484375 572.19329833984375 572.3719482421875 572.48333740234375 572.64215087890625 572.85089111328125 572.9901123046875 573.074462890625 573.135986328125 573.175537109375 573.2169189453125 573.21356201171875 573.21728515625 573.33892822265625 573.745361328125 574.3096923828125 574.79876708984375 575.0845947265625 575.18359375 575.265380859375 575.34600830078125 575.39959716796875 575.4349365234375 575.4918212890625 575.549072265625
566.14898681640625 566.255126953125 566.38189697265625 566.48095703125 566.56378173828125 566.615234375 566.682861328125 566.7855224609375 567.116943359375 567.80670166015625 568.12921142578125 568.08319091796875 568.0361328125 567.9923095703125 568.26593017578125 569.28021240234375 569.86895751953125 570.82373046875 571.43658447265625 571.55938720703125 571.7974853515625 571.99444580078125 572.1927490234375 572.40045166015625 572.5462646484375 572.667236328125 572.81512451171875 572.9364013671875 573.01812744140625 573.076904296875 573.1163330078125 573.15625 573.1539306640625 573.1729736328125 573.29095458984375 573.480224609375 573.691162109375 574.23980712890625 574.87078857421875 575.132568359375 575.2298583984375 575.3125 575.3670654296875 575.40118408203125 575.4530029296875 575.5040283203125
566.091552734375 566.20166015625 566.336669921875 566.438720703125 566.51300048828125 566.55096435546875 566.6357421875 566.85986328125 567.3712158203125 567.9007568359375 568.02001953125 567.94561767578125 567.85760498046875 567.80389404296875 567.95953369140625 568.24713134765625 568.46685791015625 569.21368408203125 569.7125244140625 570.00469970703125 570.90765380859375 571.49078369140625 571.7557373046875 572.0367431640625 572.22802734375 572.5029296875 572.722412109375 572.857421875 572.95257568359375 573.0042724609375 573.03955078125 573.075439453125 573.0765380859375 573.11553955078125 573.2501220703125 573.400390625 573.49395751953125 573.72308349609375 574.3797607421875 574.8992919921875 575.15179443359375 575.2733154296875 575.32965087890625 575.362060546875 575.396484375 575.42889404296875
566.03765869140625 566.1573486328125 566.28717041015625 566.3790283203125 566.434814453125 566.4876708984375 566.78900146484375 567.13970947265625 567.37823486328125 567.583251953125 567.724609375 567.78424072265625 567.749267578125 567.7401123046875 567.87091064453125 568.05133056640625 568.1778564453125 568.30426025390625 568.38372802734375 568.59698486328125 569.287353515625 569.84832763671875 570.16851806640625 570.39398193359375 570.71490478515625 571.58087158203125 572.0933837890625 572.550048828125 572.8095703125 572.88604736328125 572.93609619140625 572.96307373046875 572.9766845703125 573.04742431640625 573.18988037109375 573.3206787109375 573.397705078125 573.46417236328125 573.76995849609375 574.21600341796875 574.8446044921875 575.18756103515625 575.26409912109375 575.2921142578125 575.3160400390625 575.33160400390625
565.98101806640625 566.11083984375 566.227783203125 566.3056640625 566.45684814453125 566.6722412109375 567.08709716796875 567.15570068359375 567.09893798828125 567.1898193359375 567.4111328125 567.572265625 567.57672119140625 567.6246337890625 567.80889892578125 568.00152587890625 568.123046875 568.19549560546875 568.23828125 568.3121337890625 568.46771240234375 568.75579833984375 569.01739501953125 569.1488037109375 569.38201904296875 570.0242919921875 570.43353271484375 571.53692626953125 572.13922119140625 572.49066162109375 572.7587890625 572.796142578125 572.86163330078125 572.9857177734375 573.13067626953125 573.247314453125 573.3167724609375 573.37884521484375 573.456298828125 573.61334228515625 574.2618408203125 574.96630859375 575.171875 575.21258544921875 575.23895263671875 575.23388671875
565.9241943359375 566.05841064453125 566.1751708984375 566.30047607421875 566.70806884765625 567.09625244140625 567.140625 566.8980712890625 566.79083251953125 566.9063720703125 567.13433837890625 567.27947998046875 567.30438232421875 567.432861328125 567.73419189453125 567.97369384765625 568.103271484375 568.1837158203125 568.23284912109375 568.3546142578125 568.552978515625 568.7275390625 568.91705322265625 569.06988525390625 569.15972900390625 569.27783203125 569.40679931640625 570.060791015625 570.47772216796875 571.34417724609375 572.05322265625 572.15997314453125 572.57708740234375 572.89141845703125 573.06658935546875 573.18511962890625 573.24688720703125 573.31317138671875 573.39886474609375 573.49169921875 573.7613525390625 574.5081787109375 575.0191650390625 575.1473388671875 575.18408203125 575.135498046875
565.86590576171875 566.00787353515625 566.2218017578125 566.5277099609375 566.9639892578125 567.13128662109375 566.91619873046875 566.64654541015625 566.54376220703125 566.65948486328125 566.84375 566.93927001953125 566.99151611328125 567.20428466796875 567.6121826171875 567.9180908203125 568.06719970703125 568.1641845703125 568.25347900390625 568.4862060546875 568.64752197265625 568.6832275390625 568.8280029296875 569.00225830078125 569.10272216796875 569.2254638671875 569.3323974609375 569.4244384765625 569.47967529296875 569.76495361328125 570.03314208984375 570.20074462890625 571.53436279296875 572.30120849609375 572.68878173828125 572.940673828125 573.02520751953125 573.193359375 573.33148193359375 573.4356689453125 573.54632568359375 573.93304443359375 574.5782470703125 574.9552001953125 575.11492919921875 575.03277587890625
565.8057861328125 566.06292724609375 566.63397216796875 566.929931640625 566.90338134765625 566.81878662109375 566.631103515625 566.45367431640625 566.3896484375 566.4752197265625 566.61395263671875 566.731689453125 566.8507080078125 567.13336181640625 567.55621337890625 567.8758544921875 568.037353515625 568.19439697265625 568.36456298828125 568.5916748046875 568.6551513671875 568.66693115234375 568.7921142578125 568.95703125 569.0462646484375 569.151611328125 569.24554443359375 569.33453369140625 569.36322021484375 569.294677734375 569.2347412109375 569.27630615234375 569.76434326171875 570.208251953125 571.01025390625 571.56951904296875 571.78521728515625 572.52288818359375 572.9202880859375 573.0462646484375 573.1439208984375 573.29840087890625 573.645263671875 574.19482421875 574.8153076171875 574.83154296875
565.8331298828125 566.39642333984375 566.83367919921875 566.76416015625 566.62408447265625 566.53289794921875 566.39581298828125 566.3165283203125 566.30511474609375 566.375 566.52294921875 566.72674560546875 566.89959716796875 567.18951416015625 567.5626220703125 567.8721923828125 568.07415771484375 568.33734130859375 568.48779296875 568.5802001953125 568.62225341796875 568.660400390625 568.77142333984375 568.90545654296875 568.9840087890625 569.07379150390625 569.15106201171875 569.21563720703125 569.22174072265625 569.19891357421875 569.17730712890625 569.20867919921875 569.3333740234375 569.5091552734375 569.77667236328125 569.948486328125 570.156982421875 571.02972412109375 571.48907470703125 571.61199951171875 571.70672607421875 571.85516357421875 572.38037109375 573.03033447265625 573.7098388671875 573.98553466796875
566.20159912109375 566.70074462890625 566.74981689453125 566.5611572265625 566.41387939453125 566.33465576171875 566.22979736328125 566.192626953125 566.22332763671875 566.33294677734375 566.5478515625 566.81610107421875 566.992919921875 567.21514892578125 567.537841796875 567.91888427734375 568.1627197265625 568.36566162109375 568.447021484375 568.516357421875 568.58453369140625 568.6593017578125 568.76519775390625 568.866943359375 568.93218994140625 569.011962890625 569.07269287109375 569.08905029296875 569.063720703125 569.07489013671875 569.12286376953125 569.25347900390625 569.373779296875 569.448974609375 569.5152587890625 569.560791015625 569.63671875 569.91888427734375 570.1163330078125 570.21685791015625 570.29681396484375 570.38232421875 570.82623291015625 571.50726318359375 571.89520263671875 572.52764892578125
566.64501953125 566.7904052734375 566.67645263671875 566.4700927734375 566.30328369140625 566.2078857421875 566.10247802734375 566.08038330078125 566.146728515625 566.31463623046875 566.6038818359375 566.88995361328125 567.0279541015625 567.1904296875 567.5538330078125 568.006103515625 568.202392578125 568.3070068359375 568.361572265625 568.4393310546875 568.54595947265625 568.65899658203125 568.76727294921875 568.84503173828125 568.8961181640625 568.96124267578125 569.005615234375 568.980712890625 568.953857421875 569.01336669921875 569.10015869140625 569.2711181640625 569.42376708984375 569.4508056640625 569.4593505859375 569.47918701171875 569.49224853515625 569.54486083984375 569.65478515625 569.7763671875 569.86083984375 569.9161376953125 570.04461669921875 570.25592041015625 570.42449951171875 571.11016845703125
