INPUT/RASTER/ASCII/BIO07.asc
ncols        225
nrows        269
xllcorner    473000.000000000000
yllcorner    4429100.000000000000
cellsize     50.000000000000
NODATA_value -9999
[rows 80 to 99 of 269, columns 44 to 87 of 225]
25.838399887084960938 25.8408050537109375 25.84439849853515625 25.846986770629882812 25.8556976318359375 25.869625091552734375 25.888391494750976562 25.912059783935546875 25.918666839599609375 25.930894851684570312 25.939151763916015625 25.951869964599609375 25.9639129638671875 25.963453292846679688 25.964874267578125 25.965879440307617188 25.970851898193359375 25.974212646484375 25.982814788818359375 25.987152099609375 25.994703292846679688 26.002429962158203125 26.003429412841796875 26.01734161376953125 26.02184295654296875 26.038021087646484375 26.049886703491210938 26.056158065795898438 26.070055007934570312 26.073259353637695312 26.0933837890625 26.106693267822265625 26.121950149536132812 26.139009475708007812 26.150959014892578125 26.162942886352539062 26.177021026611328125 26.176959991455078125 26.166065216064453125 26.163387298583984375 26.164508819580078125 26.1660003662109375 26.17453765869140625 26.1584625244140625
25.829267501831054688 25.844747543334960938 25.861272811889648438 25.858913421630859375 25.86602020263671875 25.8788909912109375 25.897401809692382812 25.915164947509765625 25.926483154296875 25.93841552734375 25.94440460205078125 25.9584197998046875 25.965850830078125 25.9629669189453125 25.961496353149414062 25.966304779052734375 25.968626022338867188 25.97400665283203125 25.980113983154296875 25.986362457275390625 25.991468429565429688 25.997949600219726562 25.99969482421875 26.010461807250976562 26.020338058471679688 26.030118942260742188 26.04218292236328125 26.051662445068359375 26.060047149658203125 26.06531524658203125 26.081949234008789062 26.09496307373046875 26.114084243774414062 26.133531570434570312 26.144435882568359375 26.160282135009765625 26.173976898193359375 26.1800079345703125 26.17165374755859375 26.166568756103515625 26.1648406982421875 26.169742584228515625 26.143512725830078125 26.124217987060546875
25.81609344482421875 25.837619781494140625 25.857402801513671875 25.86170196533203125 25.873373031616210938 25.884235382080078125 25.897312164306640625 25.91493988037109375 25.9297027587890625 25.941068649291992188 25.945745468139648438 25.958667755126953125 25.964458465576171875 25.961732864379882812 25.959852218627929688 25.965715408325195312 25.968151092529296875 25.97324371337890625 25.979305267333984375 25.9855804443359375 25.990629196166992188 25.995874404907226562 25.99776458740234375 26.007570266723632812 26.0165863037109375 26.026752471923828125 26.039606094360351562 26.050136566162109375 26.0558319091796875 26.060794830322265625 26.072965621948242188 26.086971282958984375 26.104671478271484375 26.122163772583007812 26.135580062866210938 26.152935028076171875 26.168598175048828125 26.175601959228515625 26.174182891845703125 26.17035675048828125 26.1684112548828125 26.140600204467773438 26.118444442749023438 26.124034881591796875
25.803647994995117188 25.8235321044921875 25.84712982177734375 25.855098724365234375 25.873212814331054688 25.884136199951171875 25.898046493530273438 25.91302490234375 25.930555343627929688 25.942523956298828125 25.945957183837890625 25.958415985107421875 25.966371536254882812 25.967700958251953125 25.965463638305664062 25.964931488037109375 25.96651458740234375 25.970693588256835938 25.979604721069335938 25.984807968139648438 25.989797592163085938 25.99503326416015625 25.996973037719726562 26.004985809326171875 26.015775680541992188 26.025751113891601562 26.037145614624023438 26.04520416259765625 26.05108642578125 26.059619903564453125 26.071331024169921875 26.085308074951171875 26.098924636840820312 26.113798141479492188 26.1298370361328125 26.147838592529296875 26.164691925048828125 26.16927337646484375 26.169198989868164062 26.166988372802734375 26.16049957275390625 26.112701416015625 26.116888046264648438 26.127288818359375
25.774929046630859375 25.805751800537109375 25.837116241455078125 25.845458984375 25.86215972900390625 25.878587722778320312 25.89884185791015625 25.915618896484375 25.926733016967773438 25.935422897338867188 25.94347381591796875 25.957408905029296875 25.96783447265625 25.973535537719726562 25.97200775146484375 25.970428466796875 25.970342636108398438 25.973114013671875 25.978281021118164062 25.981683731079101562 25.987821578979492188 25.994182586669921875 25.996189117431640625 26.004817962646484375 26.01554107666015625 26.025793075561523438 26.0360565185546875 26.043239593505859375 26.0478515625 26.056728363037109375 26.06789398193359375 26.085279464721679688 26.099710464477539062 26.118438720703125 26.13233184814453125 26.147603988647460938 26.161275863647460938 26.158222198486328125 26.160905838012695312 26.129970550537109375 26.108211517333984375 26.111637115478515625 26.119985580444335938 26.155954360961914062
25.759016036987304688 25.779582977294921875 25.82386016845703125 25.835720062255859375 25.86045074462890625 25.8768310546875 25.89483642578125 25.912158966064453125 25.926637649536132812 25.938821792602539062 25.942119598388671875 25.952962875366210938 25.966451644897460938 25.972860336303710938 25.974702835083007812 25.973529815673828125 25.97479248046875 25.97690582275390625 25.980091094970703125 25.981271743774414062 25.98423004150390625 25.989444732666015625 25.9919281005859375 26.002733230590820312 26.017017364501953125 26.025257110595703125 26.03444671630859375 26.04241943359375 26.047353744506835938 26.0576171875 26.068822860717773438 26.084093093872070312 26.097112655639648438 26.122667312622070312 26.137134552001953125 26.153659820556640625 26.156658172607421875 26.144140243530273438 26.129976272583007812 26.090595245361328125 26.095897674560546875 26.109882354736328125 26.127973556518554688 26.2159576416015625
25.7564544677734375 25.772420883178710938 25.808589935302734375 25.817144393920898438 25.8460693359375 25.871189117431640625 25.880674362182617188 25.9052276611328125 25.917787551879882812 25.935506820678710938 25.942138671875 25.952238082885742188 25.962812423706054688 25.969270706176757812 25.973308563232421875 25.974109649658203125 25.976850509643554688 25.980716705322265625 25.986280441284179688 25.98504638671875 25.987562179565429688 25.991842269897460938 25.993198394775390625 26.00243377685546875 26.01329803466796875 26.021453857421875 26.03404998779296875 26.042753219604492188 26.048095703125 26.058513641357421875 26.070825576782226562 26.08614349365234375 26.100992202758789062 26.1182098388671875 26.127262115478515625 26.152544021606445312 26.152942657470703125 26.098613739013671875 26.081655502319335938 26.086767196655273438 26.1178436279296875 26.199398040771484375 26.216451644897460938 26.2289886474609375
25.765096664428710938 25.775791168212890625 25.788433074951171875 25.795301437377929688 25.818517684936523438 25.836099624633789062 25.855409622192382812 25.8851776123046875 25.900579452514648438 25.919536590576171875 25.931463241577148438 25.948169708251953125 25.960233688354492188 25.961666107177734375 25.966251373291015625 25.968433380126953125 25.973863601684570312 25.983394622802734375 25.990724563598632812 25.993787765502929688 25.995586395263671875 25.99909210205078125 25.999612808227539062 26.00705718994140625 26.0149383544921875 26.023641586303710938 26.032812118530273438 26.039703369140625 26.04647064208984375 26.05738067626953125 26.07447052001953125 26.091449737548828125 26.105792999267578125 26.125476837158203125 26.133823394775390625 26.15375518798828125 26.131832122802734375 26.096435546875 26.107656478881835938 26.141239166259765625 26.196866989135742188 26.210710525512695312 26.221683502197265625 26.230516433715820312
25.763277053833007812 25.77223968505859375 25.792699813842773438 25.796176910400390625 25.817014694213867188 25.824848175048828125 25.840646743774414062 25.873996734619140625 25.888784408569335938 25.907863616943359375 25.918546676635742188 25.942518234252929688 25.96050262451171875 25.962398529052734375 25.96195220947265625 25.963657379150390625 25.970270156860351562 25.980998992919921875 25.9866485595703125 25.991039276123046875 25.997449874877929688 26.002559661865234375 26.003414154052734375 26.0102996826171875 26.01702117919921875 26.028455734252929688 26.0380706787109375 26.044063568115234375 26.05194091796875 26.061534881591796875 26.076223373413085938 26.089969635009765625 26.10677337646484375 26.12725830078125 26.13535308837890625 26.138849258422851562 26.113262176513671875 26.132169723510742188 26.198350906372070312 26.201135635375976562 26.212047576904296875 26.22153472900390625 26.228994369506835938 26.233158111572265625
25.773838043212890625 25.77564239501953125 25.78633880615234375 25.79015350341796875 25.811517715454101562 25.823698043823242188 25.835033416748046875 25.854444503784179688 25.871641159057617188 25.898311614990234375 25.91298675537109375 25.9346466064453125 25.955898284912109375 25.957950592041015625 25.964809417724609375 25.9666900634765625 25.972234725952148438 25.977596282958984375 25.985795974731445312 25.9907989501953125 25.997394561767578125 26.003061294555664062 26.004642486572265625 26.014741897583007812 26.021970748901367188 26.035198211669921875 26.04660797119140625 26.050172805786132812 26.05944061279296875 26.067668914794921875 26.08228302001953125 26.09417724609375 26.111572265625 26.13140869140625 26.13657379150390625 26.107929229736328125 26.120311737060546875 26.195898056030273438 26.217222213745117188 26.219995498657226562 26.22830963134765625 26.231416702270507812 26.234033584594726562 26.2377166748046875
25.777080535888671875 25.78479766845703125 25.79058837890625 25.792510986328125 25.79917144775390625 25.814739227294921875 25.835863113403320312 25.849996566772460938 25.864461898803710938 25.884906768798828125 25.891881942749023438 25.91616058349609375 25.937290191650390625 25.9510955810546875 25.960737228393554688 25.963191986083984375 25.97057342529296875 25.978982925415039062 25.989864349365234375 25.995464324951171875 26.001033782958984375 26.006170272827148438 26.0106658935546875 26.019805908203125 26.031389236450195312 26.043493270874023438 26.054473876953125 26.058624267578125 26.069263458251953125 26.0755767822265625 26.091999053955078125 26.10155487060546875 26.124576568603515625 26.121776580810546875 26.116937637329101562 26.139318466186523438 26.16599273681640625 26.218242645263671875 26.227727890014648438 26.232288360595703125 26.237476348876953125 26.24163818359375 26.241962432861328125 26.240390777587890625
25.78685760498046875 25.793279647827148438 25.805652618408203125 25.80535888671875 25.8008575439453125 25.80199432373046875 25.829938888549804688 25.850969314575195312 25.861654281616210938 25.871706008911132812 25.870121002197265625 25.897769927978515625 25.918125152587890625 25.939973831176757812 25.944917678833007812 25.952409744262695312 25.963758468627929688 25.966794967651367188 25.988674163818359375 26.002567291259765625 26.006132125854492188 26.01291656494140625 26.01947784423828125 26.027147293090820312 26.039592742919921875 26.045614242553710938 26.055328369140625 26.070384979248046875 26.07463836669921875 26.090545654296875 26.104108810424804688 26.1204071044921875 26.1154937744140625 26.10282135009765625 26.12702178955078125 26.200408935546875 26.214868545532226562 26.223560333251953125 26.230173110961914062 26.236812591552734375 26.238752365112304688 26.24181365966796875 26.243810653686523438 26.249460220336914062
25.792327880859375 25.799341201782226562 25.805530548095703125 25.807172775268554688 25.809000015258789062 25.813365936279296875 25.8258819580078125 25.841135025024414062 25.860721588134765625 25.865751266479492188 25.86896514892578125 25.88144683837890625 25.892292022705078125 25.920614242553710938 25.938892364501953125 25.9475555419921875 25.95790863037109375 25.963212966918945312 25.980623245239257812 25.988183975219726562 26.000268936157226562 26.009389877319335938 26.01415252685546875 26.032331466674804688 26.04351043701171875 26.049699783325195312 26.068386077880859375 26.0788421630859375 26.08556365966796875 26.103363037109375 26.112855911254882812 26.0830078125 26.137231826782226562 26.164369583129882812 26.20611572265625 26.211721420288085938 26.227748870849609375 26.230030059814453125 26.234743118286132812 26.23392486572265625 26.235155105590820312 26.233371734619140625 26.242341995239257812 26.252099990844726562
25.789638519287109375 25.799783706665039062 25.80937957763671875 25.808919906616210938 25.811717987060546875 25.813650131225585938 25.821533203125 25.8327484130859375 25.844133377075195312 25.848066329956054688 25.85323333740234375 25.874002456665039062 25.877567291259765625 25.893487930297851562 25.91314697265625 25.93059539794921875 25.951259613037109375 25.9656982421875 25.980058670043945312 25.989360809326171875 25.994825363159179688 26.001293182373046875 26.00516510009765625 26.024707794189453125 26.040994644165039062 26.053693771362304688 26.07073211669921875 26.085802078247070312 26.09363555908203125 26.10677337646484375 26.0919036865234375 26.168254852294921875 26.178388595581054688 26.2009124755859375 26.203172683715820312 26.217868804931640625 26.23075103759765625 26.235134124755859375 26.240598678588867188 26.237979888916015625 26.231822967529296875 26.231536865234375 26.238920211791992188 26.247747421264648438
25.79132080078125 25.800687789916992188 25.802827835083007812 25.80401611328125 25.809995651245117188 25.8109283447265625 25.816743850708007812 25.826066970825195312 25.837385177612304688 25.840457916259765625 25.847059249877929688 25.863599777221679688 25.87277984619140625 25.885686874389648438 25.9001922607421875 25.912630081176757812 25.929792404174804688 25.954366683959960938 25.980070114135742188 25.990995407104492188 25.99565887451171875 26.000585556030273438 26.002901077270507812 26.015821456909179688 26.027353286743164062 26.049524307250976562 26.071081161499023438 26.085744857788085938 26.092477798461914062 26.072832107543945312 26.120676040649414062 26.172735214233398438 26.185346603393554688 26.193567276000976562 26.19622039794921875 26.21549224853515625 26.231327056884765625 26.238164901733398438 26.244876861572265625 26.246282577514648438 26.239507675170898438 26.233465194702148438 26.236499786376953125 26.24584197998046875
25.794109344482421875 25.802240371704101562 25.799041748046875 25.798326492309570312 25.798252105712890625 25.798982620239257812 25.808027267456054688 25.816692352294921875 25.826473236083984375 25.834522247314453125 25.845891952514648438 25.85585784912109375 25.862398147583007812 25.88309478759765625 25.894256591796875 25.899820327758789062 25.9159088134765625 25.94205474853515625 25.972370147705078125 25.992198944091796875 25.99938201904296875 26.002340316772460938 26.005100250244140625 26.013372421264648438 26.021425247192382812 26.037776947021484375 26.05974578857421875 26.07146453857421875 26.074815750122070312 26.080610275268554688 26.141523361206054688 26.168420791625976562 26.181171417236328125 26.187366485595703125 26.188419342041015625 26.208688735961914062 26.22811126708984375 26.234628677368164062 26.245748519897460938 26.248264312744140625 26.244516372680664062 26.235942840576171875 26.23651885986328125 26.2451629638671875
25.79746246337890625 25.806028366088867188 25.79581451416015625 25.792779922485351562 25.788087844848632812 25.787109375 25.7983551025390625 25.81127166748046875 25.822046279907226562 25.827852249145507812 25.840547561645507812 25.850490570068359375 25.856225967407226562 25.867443084716796875 25.88780975341796875 25.896329879760742188 25.909330368041992188 25.927316665649414062 25.958507537841796875 25.9799652099609375 25.992612838745117188 26.003976821899414062 26.006168365478515625 26.012701034545898438 26.020177841186523438 26.032749176025390625 26.051239013671875 26.058603286743164062 26.037755966186523438 26.117780685424804688 26.139141082763671875 26.162250518798828125 26.177730560302734375 26.186876296997070312 26.190362930297851562 26.20871734619140625 26.22141265869140625 26.229051589965820312 26.237335205078125 26.239833831787109375 26.240314483642578125 26.233699798583984375 26.235219955444335938 26.244501113891601562
25.7986297607421875 25.8031005859375 25.793140411376953125 25.790201187133789062 25.783893585205078125 25.78282928466796875 25.790586471557617188 25.8042449951171875 25.818861007690429688 25.82513427734375 25.83355712890625 25.84380340576171875 25.855653762817382812 25.861814498901367188 25.876308441162109375 25.88187408447265625 25.9032745361328125 25.916881561279296875 25.938821792602539062 25.954620361328125 25.975879669189453125 25.996801376342773438 26.00278472900390625 26.011713027954101562 26.01836395263671875 26.03426361083984375 26.069614410400390625 26.089565277099609375 26.096231460571289062 26.108184814453125 26.134508132934570312 26.163585662841796875 26.179224014282226562 26.192613601684570312 26.199506759643554688 26.214231491088867188 26.217067718505859375 26.211170196533203125 26.216482162475585938 26.22400665283203125 26.2253875732421875 26.226955413818359375 26.234668731689453125 26.2438507080078125
25.806970596313476562 25.806705474853515625 25.793743133544921875 25.790027618408203125 25.782901763916015625 25.782321929931640625 25.788969039916992188 25.7999267578125 25.815793991088867188 25.824054718017578125 25.831411361694335938 25.841402053833007812 25.851152420043945312 25.859186172485351562 25.867933273315429688 25.870073318481445312 25.887420654296875 25.911838531494140625 25.926675796508789062 25.939762115478515625 25.957620620727539062 25.979190826416015625 25.993280410766601562 26.007184982299804688 26.01943206787109375 26.0441131591796875 26.089258193969726562 26.092622756958007812 26.10126495361328125 26.110174179077148438 26.133535385131835938 26.160022735595703125 26.182224273681640625 26.198486328125 26.2039642333984375 26.211017608642578125 26.206451416015625 26.198606491088867188 26.204011917114257812 26.210094451904296875 26.2130889892578125 26.219448089599609375 26.226896286010742188 26.240169525146484375
25.819244384765625 25.810333251953125 25.795742034912109375 25.792058944702148438 25.782115936279296875 25.780246734619140625 25.790102005004882812 25.80158233642578125 25.814184188842773438 25.819711685180664062 25.827909469604492188 25.838855743408203125 25.846099853515625 25.852487564086914062 25.86229705810546875 25.867139816284179688 25.87659454345703125 25.886562347412109375 25.911214828491210938 25.934291839599609375 25.940404891967773438 25.949739456176757812 25.96221160888671875 25.989307403564453125 26.030971527099609375 26.064060211181640625 26.085506439208984375 26.092508316040039062 26.109159469604492188 26.126188278198242188 26.148099899291992188 26.165769577026367188 26.178606033325195312 26.187746047973632812 26.195463180541992188 26.201093673706054688 26.195461273193359375 26.192922592163085938 26.200695037841796875 26.205730438232421875 26.208831787109375 26.214025497436523438 26.219713211059570312 26.23442840576171875
