INPUT/RASTER/ASCII/BIO07.asc
ncols        225
nrows        269
xllcorner    473000.000000000000
yllcorner    4429100.000000000000
cellsize     50.000000000000
NODATA_value -9999
[rows 220 to 239 of 269, columns 88 to 131 of 225]
27.163892745971679688 27.13622283935546875 27.133523941040039062 27.07170867919921875 27.030307769775390625 26.9877471923828125 26.96628570556640625 26.973142623901367188 26.97946929931640625 27.044672012329101562 27.088281631469726562 27.118804931640625 27.137449264526367188 27.111179351806640625 27.091562271118164062 27.088296890258789062 27.144016265869140625 27.1836700439453125 27.1895904541015625 27.243518829345703125 27.308485031127929688 27.34751129150390625 27.334951400756835938 27.315637588500976562 27.301267623901367188 27.263690948486328125 27.205358505249023438 27.124176025390625 27.055206298828125 26.956804275512695312 26.92267608642578125 26.885005950927734375 26.8657684326171875 26.857225418090820312 26.844381332397460938 26.81927490234375 26.819293975830078125 26.81835174560546875 26.818120956420898438 26.813608169555664062 26.817544937133789062 26.829374313354492188 26.828893661499023438 26.837871551513671875
27.179689407348632812 27.169862747192382812 27.15756988525390625 27.10283660888671875 27.0378265380859375 27.016994476318359375 26.993190765380859375 27.012544631958007812 27.0498504638671875 27.091129302978515625 27.129810333251953125 27.141445159912109375 27.154687881469726562 27.1514434814453125 27.134868621826171875 27.149827957153320312 27.187896728515625 27.217172622680664062 27.205806732177734375 27.238864898681640625 27.305345535278320312 27.351896286010742188 27.334560394287109375 27.32294464111328125 27.301471710205078125 27.2633056640625 27.215650558471679688 27.139102935791015625 27.080059051513671875 26.991550445556640625 26.9431304931640625 26.888591766357421875 26.86287689208984375 26.854585647583007812 26.835271835327148438 26.820270538330078125 26.821222305297851562 26.819971084594726562 26.8236846923828125 26.823198318481445312 26.8315887451171875 26.84764862060546875 26.851497650146484375 26.861207962036132812
27.137384414672851562 27.1349945068359375 27.140972137451171875 27.084239959716796875 27.034549713134765625 27.007196426391601562 27.006954193115234375 27.043489456176757812 27.0841522216796875 27.109712600708007812 27.13741302490234375 27.147020339965820312 27.159999847412109375 27.165996551513671875 27.169336318969726562 27.2000732421875 27.206035614013671875 27.238531112670898438 27.244256973266601562 27.24761199951171875 27.2895355224609375 27.363758087158203125 27.357015609741210938 27.343477249145507812 27.321041107177734375 27.278253555297851562 27.22856903076171875 27.16839599609375 27.092081069946289062 27.02906036376953125 26.998880386352539062 26.910015106201171875 26.866512298583984375 26.853008270263671875 26.821674346923828125 26.824886322021484375 26.825122833251953125 26.827686309814453125 26.831470489501953125 26.838634490966796875 26.851375579833984375 26.86299896240234375 26.870250701904296875 26.87561798095703125
27.095937728881835938 27.106678009033203125 27.115825653076171875 27.061639785766601562 27.017200469970703125 26.999286651611328125 27.00493621826171875 27.043224334716796875 27.074161529541015625 27.107351303100585938 27.128694534301757812 27.140565872192382812 27.155939102172851562 27.164873123168945312 27.178873062133789062 27.173715591430664062 27.1833038330078125 27.208738327026367188 27.215806961059570312 27.277105331420898438 27.3221588134765625 27.36346435546875 27.38069915771484375 27.368221282958984375 27.340885162353515625 27.309123992919921875 27.251874923706054688 27.206638336181640625 27.14165496826171875 27.073045730590820312 27.063388824462890625 26.956178665161132812 26.903522491455078125 26.861881256103515625 26.829000473022460938 26.836395263671875 26.832736968994140625 26.839801788330078125 26.840732574462890625 26.85546112060546875 26.861291885375976562 26.87657928466796875 26.885400772094726562 26.884435653686523438
27.081647872924804688 27.096927642822265625 27.102678298950195312 27.061380386352539062 27.0207672119140625 27.014667510986328125 27.00206756591796875 27.014249801635742188 27.03966522216796875 27.08528900146484375 27.112607955932617188 27.12761688232421875 27.14752197265625 27.16118621826171875 27.172735214233398438 27.141378402709960938 27.13661956787109375 27.159860610961914062 27.173944473266601562 27.269086837768554688 27.304311752319335938 27.348222732543945312 27.38323974609375 27.3864898681640625 27.36437225341796875 27.32668304443359375 27.274095535278320312 27.239734649658203125 27.1849212646484375 27.122758865356445312 27.111602783203125 27.01006317138671875 26.956598281860351562 26.878923416137695312 26.851434707641601562 26.85569000244140625 26.846933364868164062 26.85927581787109375 26.85788726806640625 26.870168685913085938 26.873136520385742188 26.886037826538085938 26.893917083740234375 26.894266128540039062
27.133670806884765625 27.151287078857421875 27.1514434814453125 27.1454620361328125 27.099233627319335938 27.084575653076171875 27.010877609252929688 26.966730117797851562 26.960493087768554688 27.023691177368164062 27.07405853271484375 27.097442626953125 27.127191543579101562 27.156524658203125 27.161382675170898438 27.082363128662109375 27.049791336059570312 27.08165740966796875 27.091119766235351562 27.191682815551757812 27.225383758544921875 27.314798355102539062 27.395580291748046875 27.405485153198242188 27.391187667846679688 27.360620498657226562 27.317138671875 27.307064056396484375 27.253833770751953125 27.19342803955078125 27.1820220947265625 27.080873489379882812 27.040927886962890625 26.955942153930664062 26.917539596557617188 26.907514572143554688 26.878894805908203125 26.871332168579101562 26.867341995239257812 26.873149871826171875 26.879621505737304688 26.8913116455078125 26.89820098876953125 26.901845932006835938
27.201147079467773438 27.2172698974609375 27.21891021728515625 27.197378158569335938 27.144863128662109375 27.1094970703125 27.035825729370117188 26.975925445556640625 26.9648590087890625 27.000408172607421875 27.05255889892578125 27.070957183837890625 27.105550765991210938 27.145381927490234375 27.15900421142578125 27.080776214599609375 27.021871566772460938 27.050676345825195312 27.08258056640625 27.182905197143554688 27.256420135498046875 27.333799362182617188 27.4074249267578125 27.416294097900390625 27.402856826782226562 27.37992095947265625 27.346284866333007812 27.300567626953125 27.258371353149414062 27.200458526611328125 27.171392440795898438 27.10398101806640625 27.032016754150390625 26.98213958740234375 26.94720458984375 26.912534713745117188 26.890270233154296875 26.867969512939453125 26.868961334228515625 26.878047943115234375 26.884008407592773438 26.895669937133789062 26.902507781982421875 26.90654754638671875
27.263988494873046875 27.279512405395507812 27.292947769165039062 27.248073577880859375 27.183687210083007812 27.14434814453125 27.078411102294921875 27.022388458251953125 27.007562637329101562 27.026041030883789062 27.050861358642578125 27.05804443359375 27.090314865112304688 27.1335601806640625 27.163440704345703125 27.093408584594726562 27.032098770141601562 27.057332992553710938 27.0952301025390625 27.214857101440429688 27.299501419067382812 27.370616912841796875 27.414175033569335938 27.41522216796875 27.392107009887695312 27.355966567993164062 27.332277297973632812 27.279649734497070312 27.22939300537109375 27.161464691162109375 27.128875732421875 27.066957473754882812 27.014293670654296875 26.977460861206054688 26.948741912841796875 26.909708023071289062 26.8854522705078125 26.864011764526367188 26.869890213012695312 26.881061553955078125 26.88901519775390625 26.900392532348632812 26.906829833984375 26.911619186401367188
27.314764022827148438 27.323345184326171875 27.328878402709960938 27.280088424682617188 27.213665008544921875 27.175710678100585938 27.126222610473632812 27.07949066162109375 27.070056915283203125 27.087497711181640625 27.080104827880859375 27.083431243896484375 27.096446990966796875 27.12761688232421875 27.168115615844726562 27.122165679931640625 27.058837890625 27.079015731811523438 27.1143035888671875 27.243724822998046875 27.33457183837890625 27.402498245239257812 27.4157867431640625 27.412281036376953125 27.377368927001953125 27.341152191162109375 27.321811676025390625 27.274148941040039062 27.212167739868164062 27.120624542236328125 27.067935943603515625 26.98383331298828125 26.97406768798828125 26.9605255126953125 26.948675155639648438 26.90627288818359375 26.878988265991210938 26.86449432373046875 26.871755599975585938 26.883457183837890625 26.89429473876953125 26.907575607299804688 26.913740158081054688 26.918895721435546875
27.368730545043945312 27.365751266479492188 27.340509414672851562 27.290485382080078125 27.240278244018554688 27.2088623046875 27.17700958251953125 27.148529052734375 27.138492584228515625 27.151350021362304688 27.1349334716796875 27.145000457763671875 27.140047073364257812 27.13901519775390625 27.18329620361328125 27.16747283935546875 27.121824264526367188 27.116266250610351562 27.148136138916015625 27.26129150390625 27.355802536010742188 27.416002273559570312 27.416372299194335938 27.410448074340820312 27.378648757934570312 27.3513946533203125 27.337078094482421875 27.284748077392578125 27.219717025756835938 27.118703842163085938 27.05472564697265625 26.94686126708984375 26.930301666259765625 26.944057464599609375 26.939661026000976562 26.901477813720703125 26.877605438232421875 26.868144989013671875 26.874156951904296875 26.887142181396484375 26.9015655517578125 26.913763046264648438 26.916980743408203125 26.924495697021484375
27.3969879150390625 27.392078399658203125 27.344156265258789062 27.296939849853515625 27.264583587646484375 27.241138458251953125 27.223337173461914062 27.210454940795898438 27.202180862426757812 27.205129623413085938 27.18540191650390625 27.1956787109375 27.189840316772460938 27.172693252563476562 27.206251144409179688 27.200696945190429688 27.179456710815429688 27.171390533447265625 27.1795654296875 27.258981704711914062 27.364471435546875 27.417345046997070312 27.421136856079101562 27.416219711303710938 27.396007537841796875 27.37445068359375 27.370615005493164062 27.307140350341796875 27.245695114135742188 27.14282989501953125 27.08078765869140625 26.968809127807617188 26.919330596923828125 26.923105239868164062 26.918636322021484375 26.8972625732421875 26.882862091064453125 26.873079299926757812 26.8801727294921875 26.8927459716796875 26.910165786743164062 26.922992706298828125 26.92330169677734375 26.930057525634765625
27.41118621826171875 27.412187576293945312 27.365510940551757812 27.3126983642578125 27.287534713745117188 27.26566314697265625 27.259174346923828125 27.2593994140625 27.252590179443359375 27.266214370727539062 27.224462509155273438 27.26044464111328125 27.256273269653320312 27.221632003784179688 27.262540817260742188 27.232288360595703125 27.232694625854492188 27.217014312744140625 27.194681167602539062 27.223041534423828125 27.31624603271484375 27.398525238037109375 27.42647552490234375 27.427625656127929688 27.428785324096679688 27.43454742431640625 27.414968490600585938 27.347713470458984375 27.279926300048828125 27.193258285522460938 27.146951675415039062 27.001569747924804688 26.9129486083984375 26.901445388793945312 26.894084930419921875 26.887233734130859375 26.88568878173828125 26.88555145263671875 26.897268295288085938 26.913015365600585938 26.924472808837890625 26.933572769165039062 26.934080123901367188 26.939504623413085938
27.434215545654296875 27.436716079711914062 27.395845413208007812 27.342924118041992188 27.301542282104492188 27.290332794189453125 27.290090560913085938 27.3087310791015625 27.311037063598632812 27.341312408447265625 27.327722549438476562 27.34716033935546875 27.329250335693359375 27.312665939331054688 27.337442398071289062 27.323301315307617188 27.294702529907226562 27.24788665771484375 27.203180313110351562 27.187772750854492188 27.276338577270507812 27.381534576416015625 27.4291839599609375 27.4329986572265625 27.431179046630859375 27.433101654052734375 27.399684906005859375 27.34659576416015625 27.2789764404296875 27.206136703491210938 27.172861099243164062 27.0307769775390625 26.930141448974609375 26.902866363525390625 26.894664764404296875 26.888397216796875 26.888763427734375 26.891826629638671875 26.904119491577148438 26.918720245361328125 26.931940078735351562 26.942144393920898438 26.941781997680664062 26.947612762451171875
27.44310760498046875 27.4461212158203125 27.421941757202148438 27.35497283935546875 27.30267333984375 27.3006591796875 27.313650131225585938 27.335878372192382812 27.354207992553710938 27.378955841064453125 27.3842926025390625 27.379337310791015625 27.355218887329101562 27.347347259521484375 27.364810943603515625 27.377279281616210938 27.320911407470703125 27.287387847900390625 27.1887054443359375 27.159992218017578125 27.248762130737304688 27.376972198486328125 27.425443649291992188 27.432552337646484375 27.424526214599609375 27.412221908569335938 27.354644775390625 27.32299041748046875 27.259767532348632812 27.194715499877929688 27.1607818603515625 27.026828765869140625 26.942720413208007812 26.907693862915039062 26.896741867065429688 26.892778396606445312 26.894269943237304688 26.896852493286132812 26.908216476440429688 26.92250823974609375 26.938600540161132812 26.94980621337890625 26.948873519897460938 26.956010818481445312
27.448442459106445312 27.45375823974609375 27.432384490966796875 27.38556671142578125 27.3264617919921875 27.329357147216796875 27.33237457275390625 27.362161636352539062 27.388256072998046875 27.40163421630859375 27.415203094482421875 27.400037765502929688 27.373456954956054688 27.375814437866210938 27.388116836547851562 27.419002532958984375 27.369647979736328125 27.34435272216796875 27.246494293212890625 27.201353073120117188 27.285821914672851562 27.378948211669921875 27.43740081787109375 27.435283660888671875 27.422428131103515625 27.365106582641601562 27.301937103271484375 27.259344100952148438 27.207881927490234375 27.155351638793945312 27.108440399169921875 26.986677169799804688 26.931247711181640625 26.908344268798828125 26.902299880981445312 26.898401260375976562 26.89864349365234375 26.903148651123046875 26.913417816162109375 26.933094024658203125 26.948940277099609375 26.957128524780273438 26.959901809692382812 26.964923858642578125
27.4464263916015625 27.45957183837890625 27.452051162719726562 27.410551071166992188 27.3515777587890625 27.353847503662109375 27.357328414916992188 27.387254714965820312 27.4116363525390625 27.428304672241210938 27.44120025634765625 27.428331375122070312 27.40674591064453125 27.406909942626953125 27.41357421875 27.441226959228515625 27.407976150512695312 27.393932342529296875 27.311456680297851562 27.26566314697265625 27.341709136962890625 27.413951873779296875 27.452920913696289062 27.444509506225585938 27.400690078735351562 27.331247329711914062 27.257038116455078125 27.191707611083984375 27.156679153442382812 27.0674591064453125 26.99161529541015625 26.938259124755859375 26.912092208862304688 26.911081314086914062 26.908182144165039062 26.903285980224609375 26.9033966064453125 26.911411285400390625 26.922473907470703125 26.948331832885742188 26.9540557861328125 26.963228225708007812 26.967695236206054688 26.970888137817382812
27.446825027465820312 27.461126327514648438 27.460100173950195312 27.423398971557617188 27.373952865600585938 27.372453689575195312 27.379858016967773438 27.410409927368164062 27.43332672119140625 27.451723098754882812 27.46593475341796875 27.457851409912109375 27.44434356689453125 27.4434051513671875 27.439319610595703125 27.467325210571289062 27.448822021484375 27.439922332763671875 27.375946044921875 27.327722549438476562 27.376543045043945312 27.443603515625 27.480680465698242188 27.4645233154296875 27.407581329345703125 27.340488433837890625 27.248912811279296875 27.177515029907226562 27.111490249633789062 26.992216110229492188 26.949090957641601562 26.9180908203125 26.9119720458984375 26.913761138916015625 26.914594650268554688 26.908769607543945312 26.908634185791015625 26.91845703125 26.93194580078125 26.954179763793945312 26.961397171020507812 26.96875 26.972259521484375 26.976305007934570312
27.451625823974609375 27.459806442260742188 27.47259521484375 27.45442962646484375 27.403619766235351562 27.405118942260742188 27.415863037109375 27.448978424072265625 27.475748062133789062 27.487024307250976562 27.504619598388671875 27.500751495361328125 27.498199462890625 27.51352691650390625 27.493448257446289062 27.503923416137695312 27.487323760986328125 27.47306060791015625 27.417997360229492188 27.366693496704101562 27.388797760009765625 27.45526885986328125 27.50522613525390625 27.496465682983398438 27.444078445434570312 27.401702880859375 27.308176040649414062 27.250392913818359375 27.151636123657226562 27.071834564208984375 27.078155517578125 26.99401092529296875 26.976062774658203125 26.947347640991210938 26.944662094116210938 26.930332183837890625 26.924983978271484375 26.934606552124023438 26.9445953369140625 26.963958740234375 26.97093963623046875 26.97894287109375 26.98343658447265625 26.983432769775390625
27.4576873779296875 27.458127975463867188 27.492763519287109375 27.483699798583984375 27.431039810180664062 27.426914215087890625 27.440532684326171875 27.47472381591796875 27.49524688720703125 27.50864410400390625 27.520868301391601562 27.52230072021484375 27.52756500244140625 27.533365249633789062 27.5214385986328125 27.522138595581054688 27.511562347412109375 27.4917449951171875 27.440532684326171875 27.393510818481445312 27.40259552001953125 27.456966400146484375 27.502508163452148438 27.501453399658203125 27.457395553588867188 27.430608749389648438 27.352788925170898438 27.291973114013671875 27.220188140869140625 27.157962799072265625 27.149356842041015625 27.080659866333007812 27.031927108764648438 26.984251022338867188 26.958581924438476562 26.946355819702148438 26.935077667236328125 26.94045257568359375 26.952495574951171875 26.971200942993164062 26.978818893432617188 26.987001419067382812 26.989393234252929688 26.990579605102539062
27.46783447265625 27.469682693481445312 27.510105133056640625 27.501094818115234375 27.45769500732421875 27.450344085693359375 27.464124679565429688 27.491056442260742188 27.509037017822265625 27.526449203491210938 27.533407211303710938 27.541234970092773438 27.548936843872070312 27.549625396728515625 27.5365447998046875 27.53343963623046875 27.531986236572265625 27.51647186279296875 27.470964431762695312 27.424077987670898438 27.428049087524414062 27.469097137451171875 27.473628997802734375 27.461908340454101562 27.432844161987304688 27.4151763916015625 27.3512115478515625 27.298173904418945312 27.246454238891601562 27.193048477172851562 27.17612457275390625 27.116123199462890625 27.06134796142578125 27.004983901977539062 26.9618377685546875 26.951295852661132812 26.9412994384765625 26.94829559326171875 26.964101791381835938 26.98114776611328125 26.986879348754882812 26.994646072387695312 26.996049880981445312 26.997404098510742188
