INPUT/RASTER/ASCII/BIO06.asc
ncols        225
nrows        269
xllcorner    473009.983799999987
yllcorner    4429051.174800000153
cellsize     50.000000000000
NODATA_value  -9999
[rows 57 to 75 of 269, columns 43 to 85 of 225]
5.0450959205627441406 5.0285725593566894531 5.0253810882568359375 5.0219712257385253906 5.0185723304748535156 5.0166268348693847656 5.0137653350830078125 5.0110077857971191406 5.0079412460327148438 5.0047001838684082031 5.0016512870788574219 4.9992885589599609375 4.9892835617065429688 4.9669108390808105469 4.9528646469116210938 4.9481039047241210938 4.9454317092895507813 4.9434661865234375 4.9375042915344238281 4.9291481971740722656 4.921894073486328125 4.9176640510559082031 4.9143829345703125 4.9116311073303222656 4.9093050956726074219 4.9056868553161621094 4.9022126197814941406 4.8979649543762207031 4.8947582244873046875 4.8929848670959472656 4.8891243934631347656 4.8836665153503417969 4.8805651664733886719 4.875621795654296875 4.8718881607055664063 4.8703827857971191406 4.8688588142395019531 4.8622984886169433594 4.8510026931762695313 4.8409337997436523438 4.8164267539978027344 4.8016748428344726563 4.8001589775085449219
5.0840773582458496094 5.0737719535827636719 5.0704236030578613281 5.0667715072631835938 5.0632529258728027344 5.0613646507263183594 5.0585875511169433594 5.0558466911315917969 5.0527606010437011719 5.0491461753845214844 5.0454335212707519531 5.0419168472290039063 5.0252528190612792969 5.001438140869140625 4.9927215576171875 4.9902501106262207031 4.9879355430603027344 4.9846224784851074219 4.9690470695495605469 4.9486336708068847656 4.9385194778442382813 4.9339008331298828125 4.9267292022705078125 4.9206390380859375 4.9149460792541503906 4.9079079627990722656 4.9040226936340332031 4.9009013175964355469 4.8979840278625488281 4.8962106704711914063 4.8943352699279785156 4.8907117843627929688 4.8876681327819824219 4.8825507164001464844 4.8775005340576171875 4.8753309249877929688 4.8724536895751953125 4.8676700592041015625 4.8647050857543945313 4.8589444160461425781 4.8487367630004882813 4.8450574874877929688 4.8437633514404296875
5.1042575836181640625 5.1001482009887695313 5.0967321395874023438 5.0930304527282714844 5.0896515846252441406 5.0878934860229492188 5.0851197242736816406 5.0823292732238769531 5.0790562629699707031 5.0719351768493652344 5.0624208450317382813 5.0573663711547851563 5.0489115715026855469 5.0407700538635253906 5.03778076171875 5.0353956222534179688 5.0332484245300292969 5.0267782211303710938 5.0038270950317382813 4.9870991706848144531 4.9825844764709472656 4.9759731292724609375 4.9511046409606933594 4.9353327751159667969 4.931110382080078125 4.9257912635803222656 4.9195384979248046875 4.9097762107849121094 4.9008760452270507813 4.8970823287963867188 4.8954572677612304688 4.89299774169921875 4.8908448219299316406 4.8879094123840332031 4.8842749595642089844 4.8822841644287109375 4.8792257308959960938 4.8736596107482910156 4.8695497512817382813 4.8631410598754882813 4.8607797622680664063 4.8593950271606445313 4.8582139015197753906
5.1168155670166015625 5.1133141517639160156 5.1099143028259277344 5.1064124107360839844 5.1033997535705566406 5.1017775535583496094 5.099033355712890625 5.09619140625 5.0923724174499511719 5.08300018310546875 5.0755133628845214844 5.0725994110107421875 5.0701093673706054688 5.0671992301940917969 5.0634541511535644531 5.0559744834899902344 5.0487303733825683594 5.0446624755859375 5.0366358757019042969 5.0319218635559082031 5.0295152664184570313 5.0159249305725097656 4.990596771240234375 4.9824161529541015625 4.9805631637573242188 4.9757013320922851563 4.9563932418823242188 4.9340457916259765625 4.9257445335388183594 4.920001983642578125 4.9143657684326171875 4.9040431976318359375 4.8954167366027832031 4.8911991119384765625 4.8886241912841796875 4.8867859840393066406 4.8840274810791015625 4.88027191162109375 4.8769135475158691406 4.8715181350708007813 4.8676991462707519531 4.8658967018127441406 4.8621096611022949219
5.1289958953857421875 5.1256451606750488281 5.1225523948669433594 5.1193943023681640625 5.1165437698364257813 5.1149277687072753906 5.1122083663940429688 5.1092905998229980469 5.104358673095703125 5.0955023765563964844 5.0906653404235839844 5.08885955810546875 5.0865917205810546875 5.0835747718811035156 5.0780687332153320313 5.0692791938781738281 5.0648198127746582031 5.0637173652648925781 5.061553955078125 5.0556550025939941406 5.0482001304626464844 5.04019927978515625 5.0315594673156738281 5.0283627510070800781 5.0264644622802734375 5.0230765342712402344 5.0137295722961425781 5.0025734901428222656 4.9913530349731445313 4.9775214195251464844 4.9715576171875 4.9581131935119628906 4.9343667030334472656 4.9213004112243652344 4.9157776832580566406 4.9088773727416992188 4.9001612663269042969 4.8900671005249023438 4.8833127021789550781 4.8786644935607910156 4.8749332427978515625 4.8728895187377929688 4.8703093528747558594
5.1497507095336914063 5.14673614501953125 5.1441507339477539063 5.1414537429809570313 5.1386065483093261719 5.1368541717529296875 5.1339783668518066406 5.1309719085693359375 5.1251025199890136719 5.1161823272705078125 5.1118826866149902344 5.1101536750793457031 5.1076893806457519531 5.1043224334716796875 5.0967416763305664063 5.0872554779052734375 5.0845904350280761719 5.0841312408447265625 5.0810160636901855469 5.0737547874450683594 5.0682516098022460938 5.0646967887878417969 5.0588445663452148438 5.0529103279113769531 5.051067352294921875 5.048309326171875 5.0414547920227050781 5.032634735107421875 5.0248098373413085938 5.0170497894287109375 5.0129132270812988281 4.9987430572509765625 4.9799985885620117188 4.9712433815002441406 4.9576520919799804688 4.9404454231262207031 4.9273056983947753906 4.9145493507385253906 4.8994703292846679688 4.8878521919250488281 4.8806467056274414063 4.8775067329406738281 4.8751673698425292969
5.1602811813354492188 5.1574611663818359375 5.1550316810607910156 5.1526417732238769531 5.1500329971313476563 5.1482820510864257813 5.145236968994140625 5.1419320106506347656 5.1356320381164550781 5.1285052299499511719 5.1255307197570800781 5.12375640869140625 5.1208958625793457031 5.1175475120544433594 5.1105484962463378906 5.10369110107421875 5.1020832061767578125 5.101657867431640625 5.0972967147827148438 5.0881738662719726563 5.0835175514221191406 5.0803894996643066406 5.0724391937255859375 5.0654702186584472656 5.0636777877807617188 5.0604925155639648438 5.0519871711730957031 5.0453443527221679688 5.0388693809509277344 5.0320191383361816406 5.0278606414794921875 5.0206079483032226563 5.0131578445434570313 5.0070786476135253906 4.9902329444885253906 4.9751944541931152344 4.9679398536682128906 4.9512534141540527344 4.9255657196044921875 4.910846710205078125 4.8962497711181640625 4.8875474929809570313 4.8815617561340332031
5.1675271987915039063 5.1649298667907714844 5.162448883056640625 5.1600551605224609375 5.1575179100036621094 5.1557703018188476563 5.1523528099060058594 5.1477499008178710938 5.1411728858947753906 5.1359806060791015625 5.1337285041809082031 5.1318273544311523438 5.1287798881530761719 5.1250996589660644531 5.1191797256469726563 5.115581512451171875 5.1152057647705078125 5.1148424148559570313 5.1105647087097167969 5.1032624244689941406 5.099605560302734375 5.0962209701538085938 5.0860395431518554688 5.0773410797119140625 5.075618743896484375 5.0714125633239746094 5.062313079833984375 5.0571222305297851563 5.0501151084899902344 5.0449223518371582031 5.0425281524658203125 5.038726806640625 5.0303802490234375 5.0218720436096191406 5.0136933326721191406 5.0083417892456054688 5.0030527114868164063 4.9856138229370117188 4.9686141014099121094 4.9498996734619140625 4.9221739768981933594 4.9079022407531738281 4.8984732627868652344
5.1751894950866699219 5.17267608642578125 5.1701154708862304688 5.1675844192504882813 5.1650261878967285156 5.1632661819458007813 5.1592154502868652344 5.1534023284912109375 5.1476807594299316406 5.1439642906188964844 5.1418361663818359375 5.13983917236328125 5.1360940933227539063 5.131031036376953125 5.1262664794921875 5.1244864463806152344 5.1243243217468261719 5.1237225532531738281 5.119602203369140625 5.1149821281433105469 5.112697601318359375 5.1093912124633789063 5.100696563720703125 5.0951781272888183594 5.0935368537902832031 5.0884490013122558594 5.0762228965759277344 5.0690431594848632813 5.0610485076904296875 5.0570154190063476563 5.0551581382751464844 5.0503706932067871094 5.042633056640625 5.0380492210388183594 5.0288863182067871094 5.0221333503723144531 5.0182704925537109375 5.0123200416564941406 5.0045838356018066406 4.9851431846618652344 4.9631376266479492188 4.9447908401489257813 4.9283008575439453125
5.1806082725524902344 5.177989959716796875 5.1754279136657714844 5.1727967262268066406 5.1700816154479980469 5.1680064201354980469 5.1632618904113769531 5.1584115028381347656 5.1547942161560058594 5.1515417098999023438 5.1494197845458984375 5.1474318504333496094 5.1427965164184570313 5.13718414306640625 5.1341953277587890625 5.1331510543823242188 5.1318206787109375 5.1301336288452148438 5.1260123252868652344 5.1231160163879394531 5.120899200439453125 5.117038726806640625 5.1098341941833496094 5.1074056625366210938 5.1058278083801269531 5.1007847785949707031 5.0927104949951171875 5.0863080024719238281 5.0755047798156738281 5.0701503753662109375 5.0679445266723632813 5.0614027976989746094 5.053569793701171875 5.0489835739135742188 5.0406966209411621094 5.0383477210998535156 5.0350584983825683594 5.02587890625 5.0152745246887207031 5.0066537857055664063 4.9941306114196777344 4.979961395263671875 4.9750432968139648438
5.1863126754760742188 5.1834735870361328125 5.1808910369873046875 5.1781673431396484375 5.1752285957336425781 5.1721639633178710938 5.1662840843200683594 5.162563323974609375 5.1596050262451171875 5.1581082344055175781 5.1565761566162109375 5.1534576416015625 5.1491036415100097656 5.1456270217895507813 5.1437401771545410156 5.1417798995971679688 5.1395840644836425781 5.1378865242004394531 5.1348729133605957031 5.1326808929443359375 5.1293630599975585938 5.1249041557312011719 5.1197695732116699219 5.1175518035888671875 5.1148123741149902344 5.1095409393310546875 5.1043214797973632813 5.0989055633544921875 5.0919880867004394531 5.0891466140747070313 5.0866770744323730469 5.0791182518005371094 5.07080841064453125 5.0651822090148925781 5.0578393936157226563 5.0556240081787109375 5.0500001907348632813 5.0403037071228027344 5.0306215286254882813 5.0208654403686523438 5.0138301849365234375 5.0095853805541992188 5.0069050788879394531
5.1954302787780761719 5.192348480224609375 5.1895298957824707031 5.1866092681884765625 5.1835112571716308594 5.1795406341552734375 5.1733036041259765625 5.1705956459045410156 5.1677770614624023438 5.1664667129516601563 5.1650681495666503906 5.1605286598205566406 5.1562557220458984375 5.1539292335510253906 5.1515350341796875 5.1484289169311523438 5.1470293998718261719 5.1464643478393554688 5.14464569091796875 5.1413121223449707031 5.1368117332458496094 5.1331186294555664063 5.1297774314880371094 5.1270990371704101563 5.1235017776489257813 5.1190066337585449219 5.114299774169921875 5.1084637641906738281 5.1046042442321777344 5.1030955314636230469 5.0999860763549804688 5.0938520431518554688 5.08982086181640625 5.084377288818359375 5.0780277252197265625 5.0756936073303222656 5.0688023567199707031 5.0580515861511230469 5.0462408065795898438 5.0393757820129394531 5.0321722030639648438 5.0279946327209472656 5.0232586860656738281
5.2012763023376464844 5.1981158256530761719 5.1952648162841796875 5.1922116279602050781 5.1891446113586425781 5.1863775253295898438 5.18213653564453125 5.1797127723693847656 5.1768960952758789063 5.174259185791015625 5.1723427772521972656 5.1674628257751464844 5.1632447242736816406 5.1611104011535644531 5.1580939292907714844 5.1546316146850585938 5.1540322303771972656 5.1536593437194824219 5.151317596435546875 5.1463518142700195313 5.1420760154724121094 5.1390452384948730469 5.1348423957824707031 5.1316370964050292969 5.1293354034423828125 5.1259279251098632813 5.1209974288940429688 5.116451263427734375 5.1139006614685058594 5.1119456291198730469 5.1071906089782714844 5.102046966552734375 5.0988163948059082031 5.0937027931213378906 5.0898919105529785156 5.0878434181213378906 5.0823245048522949219 5.0744099617004394531 5.0625014305114746094 5.0553011894226074219 5.0455622673034667969 5.0396738052368164063 5.0340294837951660156
5.20143890380859375 5.1983513832092285156 5.1955747604370117188 5.1924924850463867188 5.1895475387573242188 5.1879444122314453125 5.1853799819946289063 5.1828236579895019531 5.1800537109375 5.1775598526000976563 5.175933837890625 5.1730675697326660156 5.1703200340270996094 5.1686229705810546875 5.1657762527465820313 5.1621556282043457031 5.1611700057983398438 5.1605410575866699219 5.1575903892517089844 5.1519641876220703125 5.1483969688415527344 5.1452717781066894531 5.139026641845703125 5.1363873481750488281 5.1345462799072265625 5.1302666664123535156 5.1260342597961425781 5.1233892440795898438 5.1207246780395507813 5.1183681488037109375 5.1138181686401367188 5.1095342636108398438 5.1050567626953125 5.1006555557250976563 5.0974431037902832031 5.0948882102966308594 5.0906591415405273438 5.0848240852355957031 5.0775036811828613281 5.0715165138244628906 5.0608510971069335938 5.0537133216857910156 5.0466208457946777344
5.2011747360229492188 5.1982359886169433594 5.1954603195190429688 5.1924462318420410156 5.1896624565124511719 5.1879668235778808594 5.1854610443115234375 5.1827783584594726563 5.1798992156982421875 5.1775574684143066406 5.1761202812194824219 5.1750040054321289063 5.1735086441040039063 5.1723971366882324219 5.1708931922912597656 5.1688179969787597656 5.1676669120788574219 5.1667542457580566406 5.1635499000549316406 5.1579341888427734375 5.1544108390808105469 5.1510009765625 5.1439223289489746094 5.1421923637390136719 5.1394639015197753906 5.1341757774353027344 5.1308178901672363281 5.1279950141906738281 5.12419891357421875 5.1219744682312011719 5.1193499565124511719 5.115360260009765625 5.1109361648559570313 5.107456207275390625 5.1030120849609375 5.0995059013366699219 5.0962710380554199219 5.0909113883972167969 5.085910797119140625 5.0810093879699707031 5.0733103752136230469 5.0681734085083007813 5.0610647201538085938
5.2016186714172363281 5.1985187530517578125 5.1957440376281738281 5.1927876472473144531 5.1907215118408203125 5.1883196830749511719 5.1855669021606445313 5.1827702522277832031 5.1798830032348632813 5.1776471138000488281 5.1761493682861328125 5.175079345703125 5.1737999916076660156 5.1731157302856445313 5.1725325584411621094 5.1716885566711425781 5.1705083847045898438 5.1694502830505371094 5.1668210029602050781 5.16342926025390625 5.1607885360717773438 5.1572680473327636719 5.1497678756713867188 5.1480402946472167969 5.1447510719299316406 5.1393876075744628906 5.1364741325378417969 5.1324257850646972656 5.1278972625732421875 5.1265664100646972656 5.1241455078125 5.1194415092468261719 5.1163501739501953125 5.1133313179016113281 5.1086754798889160156 5.1056275367736816406 5.1018047332763671875 5.0965723991394042969 5.0922384262084960938 5.0872020721435546875 5.0812125205993652344 5.0767736434936523438 5.0728559494018554688
5.2084641456604003906 5.2035932540893554688 5.2001943588256835938 5.1970033645629882813 5.1952481269836425781 5.1922097206115722656 5.1874542236328125 5.1833019256591796875 5.1804761886596679688 5.1780982017517089844 5.1766605377197265625 5.1755437850952148438 5.1740264892578125 5.17342376708984375 5.1730256080627441406 5.1720533370971679688 5.1705760955810546875 5.1694841384887695313 5.1672987937927246094 5.1650943756103515625 5.1629242897033691406 5.1603269577026367188 5.1570525169372558594 5.1555018424987792969 5.1514601707458496094 5.145847320556640625 5.142963409423828125 5.1386475563049316406 5.1343793869018554688 5.1335201263427734375 5.129886627197265625 5.1282849311828613281 5.1253905296325683594 5.1213436126708984375 5.1172995567321777344 5.1141748428344726563 5.1115794181823730469 5.1072320938110351563 5.1021122932434082031 5.0968785285949707031 5.0911812782287597656 5.0879001617431640625 5.0857129096984863281
5.22917938232421875 5.2232651710510253906 5.2158045768737792969 5.21076202392578125 5.2088212966918945313 5.2053809165954589844 5.1982455253601074219 5.191967010498046875 5.1888818740844726563 5.1866159439086914063 5.1852550506591796875 5.1836490631103515625 5.1792731285095214844 5.17749786376953125 5.1773815155029296875 5.175018310546875 5.1717433929443359375 5.1703863143920898438 5.1681056022644042969 5.1655335426330566406 5.1629281044006347656 5.1604256629943847656 5.1585454940795898438 5.1572976112365722656 5.1548633575439453125 5.1522536277770996094 5.1500954627990722656 5.1476492881774902344 5.1456699371337890625 5.1447892189025878906 5.1404891014099121094 5.1374111175537109375 5.1336574554443359375 5.1287550926208496094 5.1236119270324707031 5.121501922607421875 5.1190166473388671875 5.1135830879211425781 5.1085219383239746094 5.1036887168884277344 5.0996861457824707031 5.0975437164306640625 5.0947933197021484375
5.2337236404418945313 5.2293539047241210938 5.2244052886962890625 5.2197442054748535156 5.2172760963439941406 5.2132859230041503906 5.2068762779235839844 5.2015047073364257813 5.1985235214233398438 5.1964159011840820313 5.1954627037048339844 5.1934504508972167969 5.1871953010559082031 5.1852068901062011719 5.1849045753479003906 5.1814255714416503906 5.176410675048828125 5.174591064453125 5.172271728515625 5.1689100265502929688 5.1646065711975097656 5.1615161895751953125 5.1595435142517089844 5.1578397750854492188 5.1555929183959960938 5.153743743896484375 5.1517515182495117188 5.1498694419860839844 5.14847564697265625 5.1477131843566894531 5.1457195281982421875 5.1438007354736328125 5.1403656005859375 5.1356854438781738281 5.1298723220825195313 5.1279783248901367188 5.1248211860656738281 5.119045257568359375 5.1134724617004394531 5.1082348823547363281 5.1056914329528808594 5.1037721633911132813 5.1002216339111328125
