INPUT/RASTER/ASCII/BIO09.asc
ncols        225
nrows        269
xllcorner    473000.000000000000
yllcorner    4429100.000000000000
cellsize     50.000000000000
NODATA_value -9999
[rows 140 to 159 of 269, columns 0 to 43 of 225]
-9999 -9999 -9999 -9999 -9999 -9999 -9999 -9999 -9999 -9999 25.072788238525390625 25.032918930053710938 25.019489288330078125 25.010347366333007812 25.006490707397460938 25.004461288452148438 24.999721527099609375 25.002948760986328125 25.00919342041015625 25.011722564697265625 25.007183074951171875 25.004436492919921875 24.999347686767578125 24.991098403930664062 24.983583450317382812 24.976640701293945312 24.9701690673828125 24.9765777587890625 24.983041763305664062 25.008558273315429688 25.0026702880859375 24.9981231689453125 24.99532318115234375 24.994653701782226562 24.995523452758789062 24.994037628173828125 24.995393753051757812 24.995325088500976562 24.99692535400390625 24.99571990966796875 24.9958648681640625 24.993255615234375 24.983053207397460938 24.973941802978515625
-9999 -9999 -9999 -9999 -9999 -9999 -9999 -9999 -9999 -9999 25.068956375122070312 25.030218124389648438 25.021465301513671875 25.015165328979492188 25.013566970825195312 25.010961532592773438 25.006010055541992188 25.01018524169921875 25.019557952880859375 25.0163116455078125 25.009489059448242188 25.0075225830078125 25.002222061157226562 24.99135589599609375 24.984746932983398438 24.979928970336914062 24.97301483154296875 24.969091415405273438 24.966259002685546875 24.960819244384765625 24.967638015747070312 25.002040863037109375 24.99915313720703125 24.99920654296875 25.000019073486328125 24.999897003173828125 24.999908447265625 24.999141693115234375 25.0009002685546875 25.00107574462890625 25.0013427734375 24.998687744140625 24.98748016357421875 24.978946685791015625
-9999 -9999 -9999 -9999 -9999 -9999 -9999 -9999 -9999 25.0874786376953125 25.056346893310546875 25.03005218505859375 25.024585723876953125 25.021615982055664062 25.020605087280273438 25.01845550537109375 25.018140792846679688 25.027528762817382812 25.030078887939453125 25.0215911865234375 25.014293670654296875 25.010351181030273438 25.004436492919921875 24.996152877807617188 24.991573333740234375 24.985361099243164062 24.977979660034179688 24.976552963256835938 24.972066879272460938 24.968170166015625 24.96512603759765625 24.962894439697265625 24.961866378784179688 24.959873199462890625 24.957944869995117188 24.960004806518554688 24.982128143310546875 25.00548553466796875 25.008241653442382812 25.00870513916015625 25.00885009765625 25.00624847412109375 24.999744415283203125 24.993574142456054688
-9999 -9999 -9999 -9999 -9999 -9999 -9999 -9999 -9999 25.073345184326171875 25.045217514038085938 25.030714035034179688 25.026865005493164062 25.026121139526367188 25.024881362915039062 25.024068832397460938 25.026308059692382812 25.0348968505859375 25.034395217895507812 25.025506973266601562 25.017034530639648438 25.012187957763671875 25.00579833984375 24.999385833740234375 24.994777679443359375 24.988767623901367188 24.980571746826171875 24.97879791259765625 24.976133346557617188 24.9727020263671875 24.9731292724609375 24.970708847045898438 24.9669952392578125 24.963382720947265625 24.96242523193359375 24.961225509643554688 24.960174560546875 24.960645675659179688 24.987337112426757812 25.009502410888671875 25.008928298950195312 25.010461807250976562 25.006307601928710938 24.999919891357421875
-9999 -9999 -9999 -9999 -9999 -9999 -9999 -9999 -9999 25.071939468383789062 25.04496002197265625 25.03321075439453125 25.03106689453125 25.031343460083007812 25.029119491577148438 25.030614852905273438 25.035146713256835938 25.041917800903320312 25.036365509033203125 25.027496337890625 25.017934799194335938 25.01361083984375 25.007152557373046875 25.001138687133789062 24.997711181640625 24.991321563720703125 24.982168197631835938 24.982408523559570312 24.982021331787109375 24.97925567626953125 24.980054855346679688 24.977809906005859375 24.973859786987304688 24.970029830932617188 24.967679977416992188 24.966091156005859375 24.964931488037109375 24.9658050537109375 24.967271804809570312 24.968561172485351562 24.967563629150390625 24.99011993408203125 25.003696441650390625 25.0055999755859375
-9999 -9999 -9999 -9999 -9999 -9999 -9999 -9999 25.092987060546875 25.078691482543945312 25.049333572387695312 25.038888931274414062 25.036413192749023438 25.038379669189453125 25.0352325439453125 25.039264678955078125 25.044582366943359375 25.044368743896484375 25.034008026123046875 25.02515411376953125 25.016675949096679688 25.013589859008789062 25.007703781127929688 25.003587722778320312 24.99927520751953125 24.993230819702148438 24.985691070556640625 24.98651123046875 24.987138748168945312 24.98604583740234375 24.9869232177734375 24.981649398803710938 24.979139328002929688 24.97594451904296875 24.972826004028320312 24.971981048583984375 24.97151947021484375 24.972095489501953125 24.971729278564453125 24.972940444946289062 24.971345901489257812 24.968994140625 24.96530914306640625 24.98505401611328125
-9999 -9999 -9999 -9999 -9999 -9999 -9999 -9999 25.093477249145507812 25.080623626708984375 25.053689956665039062 25.048124313354492188 25.047504425048828125 25.047695159912109375 25.044069290161132812 25.047868728637695312 25.051904678344726562 25.046779632568359375 25.030424118041992188 25.021053314208984375 25.014095306396484375 25.011943817138671875 25.007833480834960938 25.004507064819335938 25.001173019409179688 24.996526718139648438 24.9904327392578125 24.99188232421875 24.993377685546875 24.992326736450195312 24.992664337158203125 24.985685348510742188 24.982868194580078125 24.981143951416015625 24.977823257446289062 24.978025436401367188 24.9761962890625 24.976629257202148438 24.975627899169921875 24.976507186889648438 24.975236892700195312 24.971323013305664062 24.967897415161132812 24.964260101318359375
-9999 -9999 -9999 -9999 -9999 -9999 -9999 -9999 25.092554092407226562 25.0859375 25.063379287719726562 25.05947113037109375 25.0542449951171875 25.051822662353515625 25.049190521240234375 25.046518325805664062 25.047786712646484375 25.043729782104492188 25.0286102294921875 25.017248153686523438 25.012981414794921875 25.011501312255859375 25.007549285888671875 25.004995346069335938 25.001880645751953125 24.998600006103515625 24.995639801025390625 24.997816085815429688 24.99853515625 24.997934341430664062 25.00074005126953125 24.9911651611328125 24.98905181884765625 24.987154006958007812 24.98168182373046875 24.985414505004882812 24.980524063110351562 24.983484268188476562 24.978450775146484375 24.981204986572265625 24.979131698608398438 24.973642349243164062 24.97225189208984375 24.968774795532226562
-9999 -9999 -9999 -9999 -9999 -9999 -9999 -9999 25.092638015747070312 25.09168243408203125 25.082406997680664062 25.05699920654296875 25.0361328125 25.038820266723632812 25.029705047607421875 25.034822463989257812 25.023374557495117188 25.030550003051757812 25.024682998657226562 25.020053863525390625 25.015806198120117188 25.01624298095703125 25.0113677978515625 25.007961273193359375 25.005130767822265625 25.002536773681640625 25.00341796875 25.004108428955078125 25.005329132080078125 25.010145187377929688 25.012126922607421875 25.004146575927734375 24.995515823364257812 24.995927810668945312 24.992431640625 24.993175506591796875 24.992910385131835938 24.992799758911132812 24.989635467529296875 24.988862991333007812 24.9844818115234375 24.980335235595703125 24.978084564208984375 24.9747467041015625
-9999 -9999 -9999 -9999 -9999 -9999 -9999 25.09636688232421875 25.09412384033203125 25.087797164916992188 25.078840255737304688 25.04730224609375 25.0336151123046875 25.029237747192382812 25.026659011840820312 25.025999069213867188 25.022504806518554688 25.023077011108398438 25.02210235595703125 25.018932342529296875 25.017070770263671875 25.015872955322265625 25.013399124145507812 25.010568618774414062 25.009656906127929688 25.008203506469726562 25.008909225463867188 25.008489608764648438 25.011995315551757812 25.01912689208984375 25.018053054809570312 25.013837814331054688 25.003225326538085938 25.003049850463867188 24.998407363891601562 24.99892425537109375 25.00399017333984375 24.998785018920898438 24.996183395385742188 24.993297576904296875 24.988925933837890625 24.98685455322265625 24.981508255004882812 24.978891372680664062
-9999 -9999 -9999 -9999 -9999 -9999 -9999 25.09571075439453125 25.09371185302734375 25.082729339599609375 25.068859100341796875 25.046428680419921875 25.036319732666015625 25.029445648193359375 25.027492523193359375 25.02571868896484375 25.023601531982421875 25.02265167236328125 25.020702362060546875 25.018060684204101562 25.016042709350585938 25.01474761962890625 25.013427734375 25.011659622192382812 25.010568618774414062 25.009515762329101562 25.010341644287109375 25.01062774658203125 25.015201568603515625 25.021808624267578125 25.022668838500976562 25.0189208984375 25.0104827880859375 25.009786605834960938 25.005414962768554688 25.007036209106445312 25.010530471801757812 25.00420379638671875 24.998149871826171875 24.99554443359375 24.992549896240234375 24.990016937255859375 24.984233856201171875 24.98040771484375
-9999 -9999 -9999 -9999 -9999 -9999 -9999 25.091482162475585938 25.087795257568359375 25.069438934326171875 25.06085968017578125 25.049657821655273438 25.03960418701171875 25.031145095825195312 25.029298782348632812 25.027715682983398438 25.025922775268554688 25.0240020751953125 25.020660400390625 25.0181884765625 25.0160064697265625 25.015132904052734375 25.013706207275390625 25.0117340087890625 25.009950637817382812 25.0092926025390625 25.01279449462890625 25.013917922973632812 25.019315719604492188 25.02571868896484375 25.026575088500976562 25.023548126220703125 25.016714096069335938 25.01556396484375 25.011831283569335938 25.012264251708984375 25.01308441162109375 25.006990432739257812 25.00156402587890625 24.998828887939453125 24.993589401245117188 24.990871429443359375 24.987239837646484375 24.98357391357421875
-9999 -9999 -9999 -9999 -9999 -9999 25.097454071044921875 25.089862823486328125 25.080373764038085938 25.059417724609375 25.056039810180664062 25.051321029663085938 25.04148101806640625 25.034160614013671875 25.032283782958984375 25.030622482299804688 25.028718948364257812 25.0259552001953125 25.02230072021484375 25.0200653076171875 25.016998291015625 25.016025543212890625 25.014255523681640625 25.012348175048828125 25.01035308837890625 25.010137557983398438 25.015993118286132812 25.018136978149414062 25.025226593017578125 25.031330108642578125 25.03115081787109375 25.0274658203125 25.0222015380859375 25.020648956298828125 25.01692962646484375 25.01605224609375 25.014875411987304688 25.009214401245117188 25.00250244140625 24.999750137329101562 24.995908737182617188 24.99243927001953125 24.990118026733398438 24.98798370361328125
-9999 -9999 -9999 -9999 -9999 -9999 25.101564407348632812 25.0908203125 25.080228805541992188 25.062406539916992188 25.057203292846679688 25.052667617797851562 25.046543121337890625 25.03919219970703125 25.036224365234375 25.0352630615234375 25.031370162963867188 25.029130935668945312 25.024877548217773438 25.02193450927734375 25.01941680908203125 25.017917633056640625 25.015348434448242188 25.013586044311523438 25.013048171997070312 25.01385498046875 25.016859054565429688 25.020421981811523438 25.029449462890625 25.03491973876953125 25.03614044189453125 25.0318450927734375 25.026624679565429688 25.02460479736328125 25.021816253662109375 25.019723892211914062 25.017436981201171875 25.011110305786132812 25.005064010620117188 25.002798080444335938 24.998077392578125 24.996385574340820312 24.993402481079101562 24.991796493530273438
-9999 -9999 -9999 -9999 -9999 -9999 25.10256195068359375 25.098766326904296875 25.094793319702148438 25.074344635009765625 25.064218521118164062 25.057332992553710938 25.05327606201171875 25.047382354736328125 25.045040130615234375 25.047525405883789062 25.043188095092773438 25.039764404296875 25.033679962158203125 25.032077789306640625 25.02625274658203125 25.022672653198242188 25.019336700439453125 25.016775131225585938 25.017391204833984375 25.021686553955078125 25.025182723999023438 25.028347015380859375 25.035343170166015625 25.0405731201171875 25.04314422607421875 25.038539886474609375 25.032129287719726562 25.029689788818359375 25.027324676513671875 25.024496078491210938 25.02161407470703125 25.016122817993164062 25.01165771484375 25.010141372680664062 25.007734298706054688 25.005489349365234375 25.00038909912109375 24.99776458740234375
-9999 -9999 -9999 -9999 -9999 -9999 -9999 25.107782363891601562 25.111223220825195312 25.10083770751953125 25.082386016845703125 25.065631866455078125 25.061166763305664062 25.059291839599609375 25.056539535522460938 25.055065155029296875 25.04837799072265625 25.045055389404296875 25.040998458862304688 25.037141799926757812 25.030050277709960938 25.025836944580078125 25.02181243896484375 25.019317626953125 25.0193023681640625 25.025232315063476562 25.029047012329101562 25.033372879028320312 25.03905487060546875 25.04193115234375 25.044054031372070312 25.040157318115234375 25.0344390869140625 25.032588958740234375 25.030237197875976562 25.025892257690429688 25.02230072021484375 25.019590377807617188 25.016437530517578125 25.017080307006835938 25.014238357543945312 25.009185791015625 25.004810333251953125 25.00130462646484375
-9999 -9999 -9999 -9999 -9999 -9999 -9999 25.114116668701171875 25.119737625122070312 25.1078033447265625 25.086460113525390625 25.067899703979492188 25.063785552978515625 25.063463211059570312 25.061361312866210938 25.061361312866210938 25.056360244750976562 25.053457260131835938 25.0489501953125 25.040142059326171875 25.034503936767578125 25.029735565185546875 25.027067184448242188 25.024942398071289062 25.023199081420898438 25.028514862060546875 25.032880783081054688 25.038043975830078125 25.041898727416992188 25.04352569580078125 25.04497528076171875 25.041290283203125 25.036046981811523438 25.03398895263671875 25.03166961669921875 25.026943206787109375 25.024759292602539062 25.0238494873046875 25.02181243896484375 25.022512435913085938 25.019481658935546875 25.014324188232421875 25.010829925537109375 25.005092620849609375
-9999 -9999 -9999 -9999 -9999 -9999 -9999 -9999 25.129388809204101562 25.113687515258789062 25.087131500244140625 25.071414947509765625 25.0661773681640625 25.066944122314453125 25.06481170654296875 25.065334320068359375 25.062353134155273438 25.062803268432617188 25.057321548461914062 25.0453948974609375 25.038148880004882812 25.034252166748046875 25.033014297485351562 25.03228759765625 25.029094696044921875 25.032794952392578125 25.035711288452148438 25.040754318237304688 25.043659210205078125 25.045591354370117188 25.046133041381835938 25.04314422607421875 25.03948211669921875 25.03636932373046875 25.03316497802734375 25.028821945190429688 25.0261993408203125 25.027484893798828125 25.025800704956054688 25.025728225708007812 25.023931503295898438 25.020296096801757812 25.01805877685546875 25.01091766357421875
-9999 -9999 -9999 -9999 -9999 -9999 -9999 -9999 25.13782501220703125 25.11631011962890625 25.088359832763671875 25.07689666748046875 25.07167816162109375 25.072458267211914062 25.067529678344726562 25.068120956420898438 25.067047119140625 25.067249298095703125 25.062948226928710938 25.051328659057617188 25.043010711669921875 25.038150787353515625 25.03857421875 25.039794921875 25.037149429321289062 25.040988922119140625 25.041158676147460938 25.044307708740234375 25.04514312744140625 25.045505523681640625 25.047739028930664062 25.0459442138671875 25.042226791381835938 25.038242340087890625 25.03426361083984375 25.03173065185546875 25.028387069702148438 25.029819488525390625 25.02774810791015625 25.027116775512695312 25.026235580444335938 25.024389266967773438 25.023128509521484375 25.016571044921875
-9999 -9999 -9999 -9999 -9999 -9999 -9999 -9999 25.1407928466796875 25.118862152099609375 25.088975906372070312 25.081499099731445312 25.080076217651367188 25.07886505126953125 25.072572708129882812 25.07135772705078125 25.07152557373046875 25.069957733154296875 25.067646026611328125 25.059530258178710938 25.048458099365234375 25.046977996826171875 25.044691085815429688 25.044729232788085938 25.04632568359375 25.048748016357421875 25.048900604248046875 25.049287796020507812 25.04770660400390625 25.047563552856445312 25.049703598022460938 25.047777175903320312 25.044361114501953125 25.03963470458984375 25.038366317749023438 25.03656768798828125 25.033054351806640625 25.031839370727539062 25.028438568115234375 25.028112411499023438 25.027666091918945312 25.02652740478515625 25.026220321655273438 25.02178192138671875
