INPUT/RASTER/ASCII/BIO02.asc
ncols        225
nrows        269
xllcorner    473000.000000000000
yllcorner    4429100.000000000000
cellsize     50.000000000000
NODATA_value -9999
[rows 100 to 119 of 269, columns 44 to 87 of 225]
9.5929508209228515625 9.5699586868286132812 9.5459804534912109375 9.5446195602416992188 9.5307760238647460938 9.5198888778686523438 9.529209136962890625 9.5389461517333984375 9.55181884765625 9.5553607940673828125 9.5626392364501953125 9.5657024383544921875 9.5716991424560546875 9.5797243118286132812 9.583492279052734375 9.587799072265625 9.5983486175537109375 9.6079339981079101562 9.6215639114379882812 9.6426763534545898438 9.653438568115234375 9.65801239013671875 9.6581096649169921875 9.6896610260009765625 9.6978759765625 9.7201185226440429688 9.7451486587524414062 9.753993988037109375 9.7735958099365234375 9.7954006195068359375 9.8193340301513671875 9.8381938934326171875 9.8475275039672851562 9.8507061004638671875 9.8519344329833984375 9.850128173828125 9.8553972244262695312 9.8617963790893554688 9.8679628372192382812 9.872661590576171875 9.8738660812377929688 9.8711824417114257812 9.865619659423828125 9.8694658279418945312
9.60791778564453125 9.5875606536865234375 9.5663204193115234375 9.5586538314819335938 9.547580718994140625 9.5375928878784179688 9.5383825302124023438 9.543323516845703125 9.5566387176513671875 9.5597515106201171875 9.568843841552734375 9.5715570449829101562 9.5732879638671875 9.582508087158203125 9.5885105133056640625 9.5937662124633789062 9.5997533798217773438 9.607707977294921875 9.6216259002685546875 9.6361026763916015625 9.6548662185668945312 9.67879486083984375 9.6772279739379882812 9.6718568801879882812 9.6920537948608398438 9.7170963287353515625 9.7478275299072265625 9.7530241012573242188 9.7723913192749023438 9.7953968048095703125 9.82062530517578125 9.8402118682861328125 9.8490695953369140625 9.8531780242919921875 9.8508243560791015625 9.85161590576171875 9.8610439300537109375 9.863719940185546875 9.8708820343017578125 9.8727626800537109375 9.8727979660034179688 9.8691425323486328125 9.85831451416015625 9.8600721359252929688
9.621555328369140625 9.609447479248046875 9.615020751953125 9.5842952728271484375 9.56505584716796875 9.56415557861328125 9.5493793487548828125 9.55271148681640625 9.564121246337890625 9.5688619613647460938 9.5812206268310546875 9.5819454193115234375 9.5823965072631835938 9.5847110748291015625 9.59387969970703125 9.5964145660400390625 9.60430145263671875 9.6109514236450195312 9.6197299957275390625 9.6357593536376953125 9.6746006011962890625 9.686244964599609375 9.681224822998046875 9.672443389892578125 9.6833248138427734375 9.70427703857421875 9.7346343994140625 9.7448377609252929688 9.7655029296875 9.7937831878662109375 9.8211011886596679688 9.8408908843994140625 9.852840423583984375 9.85756683349609375 9.8535318374633789062 9.861850738525390625 9.8574514389038085938 9.8625268936157226562 9.8705997467041015625 9.8748340606689453125 9.8712978363037109375 9.862667083740234375 9.8537654876708984375 9.8600530624389648438
9.622478485107421875 9.6343317031860351562 9.6385889053344726562 9.61717987060546875 9.5969390869140625 9.5908899307250976562 9.56219482421875 9.564014434814453125 9.5700740814208984375 9.5805177688598632812 9.589019775390625 9.5927305221557617188 9.59217071533203125 9.590282440185546875 9.597393035888671875 9.5985403060913085938 9.609630584716796875 9.61949920654296875 9.6212549209594726562 9.64752960205078125 9.6705999374389648438 9.6719770431518554688 9.6826601028442382812 9.6793270111083984375 9.6838703155517578125 9.6914720535278320312 9.7164983749389648438 9.7331285476684570312 9.7618207931518554688 9.7884540557861328125 9.8190441131591796875 9.8415918350219726562 9.8601131439208984375 9.8714752197265625 9.8730792999267578125 9.8669261932373046875 9.8654413223266601562 9.867321014404296875 9.86521148681640625 9.858425140380859375 9.8547115325927734375 9.8488473892211914062 9.8474664688110351562 9.848846435546875
9.6098966598510742188 9.6460504531860351562 9.6517248153686523438 9.6433315277099609375 9.6275577545166015625 9.61419677734375 9.5789651870727539062 9.57221221923828125 9.5767154693603515625 9.587490081787109375 9.5994367599487304688 9.6040735244750976562 9.601654052734375 9.5957851409912109375 9.6024627685546875 9.6031808853149414062 9.6123571395874023438 9.6211872100830078125 9.6304636001586914062 9.6506500244140625 9.6570806503295898438 9.6662988662719726562 9.6833438873291015625 9.6857690811157226562 9.693668365478515625 9.69528961181640625 9.704822540283203125 9.7149753570556640625 9.73895263671875 9.7542819976806640625 9.7989339828491210938 9.8245029449462890625 9.8650836944580078125 9.8865108489990234375 9.8891687393188476562 9.881031036376953125 9.888156890869140625 9.8788051605224609375 9.8621854782104492188 9.84015655517578125 9.832210540771484375 9.8184375762939453125 9.8313531875610351562 9.8314695358276367188
9.5880889892578125 9.641590118408203125 9.6567354202270507812 9.6601047515869140625 9.6547527313232421875 9.6399059295654296875 9.595523834228515625 9.5830440521240234375 9.5919370651245117188 9.6129055023193359375 9.6247892379760742188 9.6190395355224609375 9.6125116348266601562 9.6094512939453125 9.618328094482421875 9.6167354583740234375 9.6291408538818359375 9.6573352813720703125 9.637470245361328125 9.6413822174072265625 9.6569690704345703125 9.666500091552734375 9.6887111663818359375 9.7016153335571289062 9.6953878402709960938 9.6952533721923828125 9.7042293548583984375 9.7064619064331054688 9.7185573577880859375 9.7349710464477539062 9.7746753692626953125 9.819660186767578125 9.8652067184448242188 9.8897008895874023438 9.8933610916137695312 9.8942661285400390625 9.89499664306640625 9.8867883682250976562 9.865570068359375 9.8385028839111328125 9.8265905380249023438 9.8108282089233398438 9.8136653900146484375 9.8197307586669921875
9.6063232421875 9.6407308578491210938 9.6542491912841796875 9.666744232177734375 9.6692075729370117188 9.6537456512451171875 9.6135349273681640625 9.602985382080078125 9.6160440444946289062 9.634876251220703125 9.6438446044921875 9.625743865966796875 9.6170186996459960938 9.6213617324829101562 9.627254486083984375 9.627605438232421875 9.6537313461303710938 9.648296356201171875 9.63983917236328125 9.6467695236206054688 9.6622991561889648438 9.6726655960083007812 9.6965570449829101562 9.709293365478515625 9.69956207275390625 9.6908693313598632812 9.6932191848754882812 9.697856903076171875 9.7100782394409179688 9.720142364501953125 9.7582035064697265625 9.8112211227416992188 9.8505611419677734375 9.88109588623046875 9.88820648193359375 9.9041843414306640625 9.8991336822509765625 9.8879384994506835938 9.860248565673828125 9.8451452255249023438 9.8210783004760742188 9.801036834716796875 9.8006448745727539062 9.8405475616455078125
9.6271257400512695312 9.6443691253662109375 9.654865264892578125 9.67157745361328125 9.6802511215209960938 9.6701574325561523438 9.6456785202026367188 9.6403045654296875 9.6508941650390625 9.65842437744140625 9.6524171829223632812 9.63251495361328125 9.6278810501098632812 9.6323146820068359375 9.6503086090087890625 9.6608819961547851562 9.65538787841796875 9.6392946243286132812 9.64415740966796875 9.6544704437255859375 9.6672277450561523438 9.6803112030029296875 9.7023916244506835938 9.7195577621459960938 9.7070322036743164062 9.69377899169921875 9.6907129287719726562 9.69188690185546875 9.7050905227661132812 9.7168331146240234375 9.75238037109375 9.797916412353515625 9.83536529541015625 9.8716020584106445312 9.8823843002319335938 9.9056396484375 9.8998651504516601562 9.8867444992065429688 9.854259490966796875 9.8429708480834960938 9.819118499755859375 9.7958698272705078125 9.8092679977416992188 9.8266773223876953125
9.6298828125 9.650119781494140625 9.6616029739379882812 9.6721096038818359375 9.684177398681640625 9.6813344955444335938 9.6729993820190429688 9.66823577880859375 9.6726961135864257812 9.6713314056396484375 9.6624584197998046875 9.6407957077026367188 9.642620086669921875 9.652622222900390625 9.671482086181640625 9.66768646240234375 9.6433572769165039062 9.6450986862182617188 9.6498651504516601562 9.6596498489379882812 9.6738595962524414062 9.683200836181640625 9.705364227294921875 9.7339487075805664062 9.7261409759521484375 9.7074642181396484375 9.696804046630859375 9.6967220306396484375 9.7021245956420898438 9.7243404388427734375 9.7526865005493164062 9.7913417816162109375 9.8284692764282226562 9.8660020828247070312 9.879428863525390625 9.9037027359008789062 9.897998809814453125 9.8811321258544921875 9.8502874374389648438 9.8408975601196289062 9.8220777511596679688 9.8225183486938476562 9.8169202804565429688 9.8195657730102539062
9.6299228668212890625 9.6486730575561523438 9.6632833480834960938 9.67130279541015625 9.6806182861328125 9.68389892578125 9.6843729019165039062 9.6814584732055664062 9.6831312179565429688 9.680706024169921875 9.6737689971923828125 9.663661956787109375 9.6660861968994140625 9.6928272247314453125 9.667999267578125 9.6493358612060546875 9.6447458267211914062 9.64519500732421875 9.6539506912231445312 9.6642084121704101562 9.6772947311401367188 9.6871471405029296875 9.7096958160400390625 9.7447614669799804688 9.744548797607421875 9.7253675460815429688 9.7165040969848632812 9.7188539505004882812 9.728435516357421875 9.7399463653564453125 9.7645263671875 9.799205780029296875 9.8334646224975585938 9.866718292236328125 9.8808679580688476562 9.9021692276000976562 9.8910064697265625 9.8729076385498046875 9.8492584228515625 9.8440370559692382812 9.836910247802734375 9.8435306549072265625 9.814731597900390625 9.814670562744140625
9.6340570449829101562 9.6516485214233398438 9.6554651260375976562 9.6688337326049804688 9.681003570556640625 9.6871395111083984375 9.6912050247192382812 9.6907701492309570312 9.6941890716552734375 9.6900539398193359375 9.6982965469360351562 9.6975498199462890625 9.7000379562377929688 9.6980152130126953125 9.66033935546875 9.6498079299926757812 9.6443758010864257812 9.646076202392578125 9.655979156494140625 9.6668672561645507812 9.6814136505126953125 9.690464019775390625 9.7161493301391601562 9.7521333694458007812 9.7553806304931640625 9.7399244308471679688 9.7291431427001953125 9.7355470657348632812 9.7532472610473632812 9.7510089874267578125 9.7745809555053710938 9.8062000274658203125 9.837085723876953125 9.8688840866088867188 9.8808746337890625 9.8934240341186523438 9.8812589645385742188 9.8722162246704101562 9.874057769775390625 9.889240264892578125 9.8722410202026367188 9.8494510650634765625 9.8237276077270507812 9.8134145736694335938
9.6388454437255859375 9.6539707183837890625 9.6607990264892578125 9.6670856475830078125 9.6798839569091796875 9.6919698715209960938 9.6953611373901367188 9.6973562240600585938 9.709442138671875 9.711307525634765625 9.738712310791015625 9.7398195266723632812 9.7183294296264648438 9.6824703216552734375 9.65289306640625 9.6426677703857421875 9.643947601318359375 9.6483583450317382812 9.656314849853515625 9.6673736572265625 9.6886243820190429688 9.7019329071044921875 9.726825714111328125 9.7613983154296875 9.7769412994384765625 9.7620306015014648438 9.7577667236328125 9.7600498199462890625 9.7668046951293945312 9.7776470184326171875 9.79798126220703125 9.8121776580810546875 9.8345460891723632812 9.8616962432861328125 9.8734302520751953125 9.8761510848999023438 9.8672018051147460938 9.897411346435546875 9.8938894271850585938 9.8888711929321289062 9.8758344650268554688 9.8603992462158203125 9.8435211181640625 9.8365535736083984375
9.6199131011962890625 9.649639129638671875 9.6613645553588867188 9.6715593338012695312 9.689891815185546875 9.6945285797119140625 9.6981410980224609375 9.70831298828125 9.7247266769409179688 9.7330265045166015625 9.75345611572265625 9.7353343963623046875 9.70822906494140625 9.68719482421875 9.6539821624755859375 9.6453485488891601562 9.6432523727416992188 9.6491241455078125 9.658977508544921875 9.6700601577758789062 9.6930837631225585938 9.7059373855590820312 9.7322378158569335938 9.7701501846313476562 9.787288665771484375 9.7853841781616210938 9.771724700927734375 9.7730283737182617188 9.7738361358642578125 9.7819309234619140625 9.8114757537841796875 9.8270063400268554688 9.8462095260620117188 9.8558645248413085938 9.8613615036010742188 9.8812351226806640625 9.8866138458251953125 9.901523590087890625 9.89244842529296875 9.8884401321411132812 9.8811788558959960938 9.8701953887939453125 9.8590221405029296875 9.8540935516357421875
9.6042776107788085938 9.63260650634765625 9.6631755828857421875 9.67806243896484375 9.6911106109619140625 9.69814300537109375 9.7006378173828125 9.711639404296875 9.7478418350219726562 9.7504253387451171875 9.7425403594970703125 9.7311992645263671875 9.7149868011474609375 9.6924200057983398438 9.6678819656372070312 9.6535959243774414062 9.6460351943969726562 9.6503381729125976562 9.66368865966796875 9.6753177642822265625 9.6974039077758789062 9.7099552154541015625 9.7347803115844726562 9.7692108154296875 9.793407440185546875 9.8134222030639648438 9.78934478759765625 9.7900400161743164062 9.7857065200805664062 9.790721893310546875 9.8250751495361328125 9.8411312103271484375 9.8577527999877929688 9.8639011383056640625 9.86136627197265625 9.8935413360595703125 9.8999195098876953125 9.89545440673828125 9.890346527099609375 9.8890628814697265625 9.8829622268676757812 9.87407684326171875 9.8652248382568359375 9.8579463958740234375
9.6205272674560546875 9.6252593994140625 9.6323556900024414062 9.6775789260864257812 9.696804046630859375 9.700054168701171875 9.7074937820434570312 9.7348909378051757812 9.7432489395141601562 9.730449676513671875 9.731273651123046875 9.7321071624755859375 9.72650909423828125 9.7000980377197265625 9.676670074462890625 9.660457611083984375 9.651996612548828125 9.655559539794921875 9.665943145751953125 9.679798126220703125 9.7030897140502929688 9.714389801025390625 9.7412281036376953125 9.7568264007568359375 9.800609588623046875 9.830410003662109375 9.8200578689575195312 9.812610626220703125 9.8037700653076171875 9.814178466796875 9.834720611572265625 9.8554477691650390625 9.8688335418701171875 9.8861331939697265625 9.8919572830200195312 9.8806247711181640625 9.8753986358642578125 9.8839664459228515625 9.8902616500854492188 9.8902997970581054688 9.8878116607666015625 9.8766422271728515625 9.8706989288330078125 9.8578739166259765625
9.631206512451171875 9.6328449249267578125 9.6430501937866210938 9.6601696014404296875 9.7029018402099609375 9.70456695556640625 9.72631072998046875 9.73858642578125 9.7280092239379882812 9.7177104949951171875 9.7233324050903320312 9.733890533447265625 9.7291736602783203125 9.7051029205322265625 9.6957378387451171875 9.679050445556640625 9.6620206832885742188 9.6675205230712890625 9.6725320816040039062 9.6834573745727539062 9.6990222930908203125 9.7118902206420898438 9.7321338653564453125 9.762073516845703125 9.787017822265625 9.8291988372802734375 9.836299896240234375 9.8287477493286132812 9.82202911376953125 9.828868865966796875 9.8446903228759765625 9.87284088134765625 9.8895673751831054688 9.9051218032836914062 9.8885631561279296875 9.8760232925415039062 9.8630876541137695312 9.8690347671508789062 9.8842220306396484375 9.88430023193359375 9.893482208251953125 9.8915119171142578125 9.87640380859375 9.8594532012939453125
9.6419353485107421875 9.6444311141967773438 9.6537952423095703125 9.6547365188598632812 9.6863346099853515625 9.7239618301391601562 9.7388916015625 9.7286205291748046875 9.7184820175170898438 9.7193346023559570312 9.7219085693359375 9.729320526123046875 9.7290096282958984375 9.7082691192626953125 9.6951169967651367188 9.6878528594970703125 9.671665191650390625 9.6761569976806640625 9.6809253692626953125 9.689208984375 9.6991825103759765625 9.7085399627685546875 9.7342214584350585938 9.7601747512817382812 9.7799053192138671875 9.8222141265869140625 9.8478832244873046875 9.8439083099365234375 9.8349180221557617188 9.8444995880126953125 9.8638353347778320312 9.9172954559326171875 9.9066324234008789062 9.90164947509765625 9.883945465087890625 9.877124786376953125 9.8758792877197265625 9.8638792037963867188 9.86269378662109375 9.8702249526977539062 9.8780298233032226562 9.881748199462890625 9.8766622543334960938 9.8594493865966796875
9.6637945175170898438 9.6638889312744140625 9.6701297760009765625 9.674427032470703125 9.7073917388916015625 9.7126255035400390625 9.7269744873046875 9.7221927642822265625 9.7215280532836914062 9.7233982086181640625 9.7242116928100585938 9.7250680923461914062 9.7186937332153320312 9.6963672637939453125 9.6816358566284179688 9.6841402053833007812 9.6860399246215820312 9.697994232177734375 9.6967058181762695312 9.7007894515991210938 9.7122869491577148438 9.7243967056274414062 9.735382080078125 9.760234832763671875 9.7850475311279296875 9.82472991943359375 9.85970306396484375 9.8617525100708007812 9.86032867431640625 9.889682769775390625 9.9056138992309570312 9.92706298828125 9.9132566452026367188 9.90460968017578125 9.8934345245361328125 9.8829641342163085938 9.8769245147705078125 9.8697414398193359375 9.8748388290405273438 9.8768777847290039062 9.86780548095703125 9.8696231842041015625 9.8768377304077148438 9.8615398406982421875
9.6701107025146484375 9.6754312515258789062 9.6796751022338867188 9.7042016983032226562 9.71759796142578125 9.7144975662231445312 9.7150058746337890625 9.726367950439453125 9.726165771484375 9.726245880126953125 9.7229337692260742188 9.7195911407470703125 9.7177066802978515625 9.6962108612060546875 9.6829662322998046875 9.6865777969360351562 9.6958322525024414062 9.7062244415283203125 9.706806182861328125 9.713130950927734375 9.7238864898681640625 9.729236602783203125 9.7385053634643554688 9.7595853805541992188 9.7882480621337890625 9.8279218673706054688 9.8571691513061523438 9.8644695281982421875 9.885074615478515625 9.9254560470581054688 9.930644989013671875 9.9401683807373046875 9.9235544204711914062 9.9166097640991210938 9.90970611572265625 9.891811370849609375 9.88449859619140625 9.8791780471801757812 9.8982391357421875 9.8973550796508789062 9.8693494796752929688 9.862445831298828125 9.8715333938598632812 9.879108428955078125
9.6848602294921875 9.6971569061279296875 9.7210674285888671875 9.7262477874755859375 9.7271862030029296875 9.7194719314575195312 9.7096881866455078125 9.715457916259765625 9.7234411239624023438 9.7225084304809570312 9.7181596755981445312 9.7133493423461914062 9.7103176116943359375 9.7000751495361328125 9.6909322738647460938 9.689624786376953125 9.706573486328125 9.715847015380859375 9.7185411453247070312 9.7280101776123046875 9.7303829193115234375 9.7347431182861328125 9.7450647354125976562 9.7654199600219726562 9.7887363433837890625 9.82456207275390625 9.8553295135498046875 9.8650159835815429688 9.9190244674682617188 9.937229156494140625 9.9441890716552734375 9.9430561065673828125 9.9343080520629882812 9.93143463134765625 9.92307281494140625 9.9029388427734375 9.8954439163208007812 9.9016170501708984375 9.90801239013671875 9.9010725021362304688 9.873165130615234375 9.8667879104614257812 9.8663616180419921875 9.89351654052734375
