INPUT/RASTER/ASCII/BIO01.asc
ncols        225
nrows        269
xllcorner    473000.000000000000
yllcorner    4429100.000000000000
cellsize     50.000000000000
NODATA_value -9999
[rows 20 to 39 of 269, columns 44 to 87 of 225]
15.650618553161621094 15.650622367858886719 15.646269798278808594 15.649241447448730469 15.641870498657226562 15.64519500732421875 15.63677978515625 15.631731033325195312 15.62873077392578125 15.629638671875 15.629245758056640625 15.625338554382324219 15.625256538391113281 15.626981735229492188 15.6081695556640625 15.608414649963378906 15.592870712280273438 15.581079483032226562 15.587169647216796875 15.568731307983398438 15.558193206787109375 15.547060966491699219 15.534051895141601562 15.529127120971679688 15.522440910339355469 15.520461082458496094 15.521494865417480469 15.522545814514160156 15.523220062255859375 15.523295402526855469 15.522958755493164062 15.520069122314453125 15.515354156494140625 15.507383346557617188 15.503141403198242188 15.50128173828125 15.501695632934570312 15.505336761474609375 15.50797271728515625 15.511945724487304688 15.521724700927734375 15.523680686950683594 15.516115188598632812 15.497965812683105469
15.655055999755859375 15.654564857482910156 15.651421546936035156 15.648405075073242188 15.646397590637207031 15.645112037658691406 15.642472267150878906 15.6363067626953125 15.633320808410644531 15.628305435180664062 15.627593994140625 15.629036903381347656 15.628492355346679688 15.623475074768066406 15.615584373474121094 15.613842010498046875 15.607515335083007812 15.597371101379394531 15.601751327514648438 15.579134941101074219 15.5709228515625 15.552514076232910156 15.538704872131347656 15.531184196472167969 15.524392127990722656 15.523350715637207031 15.522898674011230469 15.526197433471679688 15.527093887329101562 15.5292816162109375 15.53165435791015625 15.523913383483886719 15.520702362060546875 15.516224861145019531 15.511913299560546875 15.512461662292480469 15.509057044982910156 15.513770103454589844 15.514339447021484375 15.520108222961425781 15.524367332458496094 15.531855583190917969 15.526205062866210938 15.500814437866210938
15.661580085754394531 15.6595458984375 15.654123306274414062 15.6515960693359375 15.648413658142089844 15.647037506103515625 15.6433563232421875 15.639415740966796875 15.636926651000976562 15.632486343383789062 15.629243850708007812 15.626143455505371094 15.621091842651367188 15.618661880493164062 15.616361618041992188 15.613176345825195312 15.609419822692871094 15.60549163818359375 15.603251457214355469 15.590387344360351562 15.579846382141113281 15.561717987060546875 15.546129226684570312 15.536172866821289062 15.5283660888671875 15.523281097412109375 15.523199081420898438 15.525753974914550781 15.529651641845703125 15.5348358154296875 15.533254623413085938 15.527478218078613281 15.526226997375488281 15.522159576416015625 15.521709442138671875 15.518146514892578125 15.517968177795410156 15.519031524658203125 15.519001007080078125 15.522428512573242188 15.523690223693847656 15.533354759216308594 15.533161163330078125 15.510556221008300781
15.666734695434570312 15.663951873779296875 15.655988693237304688 15.6528167724609375 15.650232315063476562 15.649240493774414062 15.646516799926757812 15.642538070678710938 15.637224197387695312 15.634708404541015625 15.628858566284179688 15.623867988586425781 15.620402336120605469 15.614278793334960938 15.615372657775878906 15.610826492309570312 15.608675956726074219 15.605126380920410156 15.603158950805664062 15.595639228820800781 15.585943222045898438 15.574184417724609375 15.556452751159667969 15.55060577392578125 15.538659095764160156 15.532176971435546875 15.523908615112304688 15.525310516357421875 15.526956558227539062 15.533474922180175781 15.533720016479492188 15.532956123352050781 15.530613899230957031 15.526971817016601562 15.526027679443359375 15.523633956909179688 15.523767471313476562 15.525197029113769531 15.523406028747558594 15.524166107177734375 15.526445388793945312 15.534765243530273438 15.537686347961425781 15.525399208068847656
15.668254852294921875 15.663946151733398438 15.655646324157714844 15.6519775390625 15.650083541870117188 15.649808883666992188 15.649183273315429688 15.645555496215820312 15.64190673828125 15.63004302978515625 15.625171661376953125 15.623503684997558594 15.622022628784179688 15.618131637573242188 15.613016128540039062 15.607083320617675781 15.606141090393066406 15.603352546691894531 15.6014404296875 15.595127105712890625 15.588047027587890625 15.579816818237304688 15.574085235595703125 15.569785118103027344 15.552025794982910156 15.545772552490234375 15.530931472778320312 15.527124404907226562 15.526419639587402344 15.534150123596191406 15.5366058349609375 15.537900924682617188 15.536092758178710938 15.531452178955078125 15.529303550720214844 15.527587890625 15.527741432189941406 15.529323577880859375 15.529611587524414062 15.5279541015625 15.530961990356445312 15.543774604797363281 15.548521995544433594 15.533925056457519531
15.667715072631835938 15.662364959716796875 15.653284072875976562 15.649721145629882812 15.649699211120605469 15.649724960327148438 15.64942169189453125 15.647959709167480469 15.641030311584472656 15.630782127380371094 15.62680816650390625 15.6255340576171875 15.619787216186523438 15.615384101867675781 15.610433578491210938 15.6063995361328125 15.604175567626953125 15.603063583374023438 15.599653244018554688 15.594396591186523438 15.5888671875 15.584004402160644531 15.58277130126953125 15.580678939819335938 15.571829795837402344 15.560045242309570312 15.541034698486328125 15.534753799438476562 15.53179168701171875 15.53778839111328125 15.540953636169433594 15.543119430541992188 15.540075302124023438 15.535910606384277344 15.532938957214355469 15.531279563903808594 15.531597137451171875 15.532444000244140625 15.533368110656738281 15.535961151123046875 15.537897109985351562 15.552142143249511719 15.553786277770996094 15.539198875427246094
15.667090415954589844 15.6607818603515625 15.651518821716308594 15.649259567260742188 15.649250030517578125 15.649732589721679688 15.650089263916015625 15.643281936645507812 15.638474464416503906 15.629820823669433594 15.6214447021484375 15.618790626525878906 15.614453315734863281 15.610636711120605469 15.605402946472167969 15.600522041320800781 15.598244667053222656 15.598306655883789062 15.599233627319335938 15.599127769470214844 15.599853515625 15.602064132690429688 15.602740287780761719 15.6014556884765625 15.585567474365234375 15.578568458557128906 15.576729774475097656 15.568317413330078125 15.565479278564453125 15.565207481384277344 15.561715126037597656 15.556855201721191406 15.546902656555175781 15.542786598205566406 15.538705825805664062 15.537960052490234375 15.536633491516113281 15.538211822509765625 15.541151046752929688 15.54872894287109375 15.557187080383300781 15.566914558410644531 15.564554214477539062 15.550608634948730469
15.667365074157714844 15.662107467651367188 15.65702056884765625 15.653614044189453125 15.651050567626953125 15.6478424072265625 15.643883705139160156 15.642838478088378906 15.63953399658203125 15.626877784729003906 15.616871833801269531 15.613623619079589844 15.609224319458007812 15.606950759887695312 15.602121353149414062 15.598402023315429688 15.59958648681640625 15.599683761596679688 15.599241256713867188 15.601748466491699219 15.603700637817382812 15.606081962585449219 15.59961700439453125 15.599345207214355469 15.59587860107421875 15.593175888061523438 15.594124794006347656 15.587978363037109375 15.59227752685546875 15.582295417785644531 15.578992843627929688 15.571961402893066406 15.554544448852539062 15.546860694885253906 15.540843963623046875 15.539757728576660156 15.538370132446289062 15.539983749389648438 15.544322013854980469 15.552257537841796875 15.559514045715332031 15.567704200744628906 15.567996978759765625 15.560898780822753906
15.670620918273925781 15.66650390625 15.662946701049804688 15.653676033020019531 15.647208213806152344 15.646032333374023438 15.642912864685058594 15.63878631591796875 15.634153366088867188 15.622359275817871094 15.613332748413085938 15.608949661254882812 15.604006767272949219 15.601959228515625 15.600927352905273438 15.598566055297851562 15.602408409118652344 15.603280067443847656 15.605314254760742188 15.605229377746582031 15.60707855224609375 15.605916023254394531 15.606840133666992188 15.605654716491699219 15.605104446411132812 15.602978706359863281 15.605981826782226562 15.603803634643554688 15.606766700744628906 15.605802536010742188 15.602643966674804688 15.587504386901855469 15.566599845886230469 15.557277679443359375 15.541879653930664062 15.540990829467773438 15.539412498474121094 15.541022300720214844 15.544208526611328125 15.550020217895507812 15.556509017944335938 15.567116737365722656 15.568647384643554688 15.570534706115722656
15.674073219299316406 15.67050933837890625 15.662926673889160156 15.652227401733398438 15.645687103271484375 15.644063949584960938 15.637701988220214844 15.630338668823242188 15.626468658447265625 15.615344047546386719 15.608243942260742188 15.60253143310546875 15.600564956665039062 15.601104736328125 15.600696563720703125 15.600931167602539062 15.605684280395507812 15.606542587280273438 15.609142303466796875 15.60901641845703125 15.608518600463867188 15.610620498657226562 15.610474586486816406 15.612537384033203125 15.614194869995117188 15.60955047607421875 15.612791061401367188 15.613317489624023438 15.617313385009765625 15.617833137512207031 15.61321258544921875 15.605474472045898438 15.581675529479980469 15.569021224975585938 15.54584503173828125 15.542691230773925781 15.540081977844238281 15.540959358215332031 15.544322013854980469 15.548871040344238281 15.555204391479492188 15.568325996398925781 15.571048736572265625 15.578124046325683594
15.676480293273925781 15.6701507568359375 15.660353660583496094 15.652141571044921875 15.642940521240234375 15.640583038330078125 15.630692481994628906 15.621325492858886719 15.61797332763671875 15.607030868530273438 15.601201057434082031 15.595629692077636719 15.596961021423339844 15.599084854125976562 15.60181427001953125 15.6044158935546875 15.60968017578125 15.60889434814453125 15.610689163208007812 15.60906219482421875 15.611749649047851562 15.620090484619140625 15.616845130920410156 15.620532035827636719 15.617722511291503906 15.614894866943359375 15.619137763977050781 15.618863105773925781 15.624403953552246094 15.6251220703125 15.62142181396484375 15.616072654724121094 15.600878715515136719 15.581036567687988281 15.553430557250976562 15.553002357482910156 15.547818183898925781 15.541263580322265625 15.545869827270507812 15.550264358520507812 15.557784080505371094 15.57039642333984375 15.573822021484375 15.580402374267578125
15.680067062377929688 15.668107986450195312 15.660547256469726562 15.648821830749511719 15.63721466064453125 15.63306427001953125 15.622099876403808594 15.615642547607421875 15.607068061828613281 15.599617958068847656 15.593503952026367188 15.591980934143066406 15.594388961791992188 15.599157333374023438 15.603525161743164062 15.610318183898925781 15.611556053161621094 15.612742424011230469 15.6104736328125 15.612840652465820312 15.619878768920898438 15.62877655029296875 15.631320953369140625 15.63143157958984375 15.6248779296875 15.618511199951171875 15.623807907104492188 15.624879837036132812 15.630929946899414062 15.630127906799316406 15.627216339111328125 15.623548507690429688 15.608463287353515625 15.597856521606445312 15.565822601318359375 15.575034141540527344 15.566312789916992188 15.546689987182617188 15.55841827392578125 15.55382537841796875 15.564714431762695312 15.572058677673339844 15.573762893676757812 15.580694198608398438
15.6680908203125 15.659819602966308594 15.645387649536132812 15.629678726196289062 15.628816604614257812 15.619676589965820312 15.616900444030761719 15.608042716979980469 15.601053237915039062 15.595686912536621094 15.59310150146484375 15.592908859252929688 15.597414970397949219 15.603021621704101562 15.604367256164550781 15.610597610473632812 15.613718032836914062 15.618379592895507812 15.61811065673828125 15.62288665771484375 15.632671356201171875 15.635334014892578125 15.645983695983886719 15.642412185668945312 15.639482498168945312 15.635024070739746094 15.63365936279296875 15.638464927673339844 15.638393402099609375 15.636732101440429688 15.636613845825195312 15.630586624145507812 15.619872093200683594 15.608320236206054688 15.597714424133300781 15.594546318054199219 15.590576171875 15.584321975708007812 15.579254150390625 15.5749053955078125 15.571949958801269531 15.5755767822265625 15.577733993530273438 15.581729888916015625
15.65674591064453125 15.646250724792480469 15.6291351318359375 15.616868972778320312 15.616526603698730469 15.613897323608398438 15.613712310791015625 15.607331275939941406 15.604267120361328125 15.596895217895507812 15.597685813903808594 15.596858978271484375 15.60170745849609375 15.603748321533203125 15.605234146118164062 15.611284255981445312 15.615998268127441406 15.619441986083984375 15.623233795166015625 15.629849433898925781 15.635233879089355469 15.640522003173828125 15.647414207458496094 15.64858245849609375 15.64947509765625 15.650238037109375 15.6475677490234375 15.649061203002929688 15.645735740661621094 15.642590522766113281 15.641910552978515625 15.63336181640625 15.623661041259765625 15.613065719604492188 15.606988906860351562 15.602670669555664062 15.600027084350585938 15.604319572448730469 15.595976829528808594 15.589733123779296875 -9999 -9999 -9999 -9999
15.646832466125488281 15.636284828186035156 15.620934486389160156 15.614847183227539062 15.614474296569824219 15.614973068237304688 15.614339828491210938 15.610232353210449219 15.609808921813964844 15.604206085205078125 15.604681015014648438 15.602149009704589844 15.601614952087402344 15.605238914489746094 15.608143806457519531 15.612367630004882812 15.617018699645996094 15.620145797729492188 15.624090194702148438 15.630094528198242188 15.636682510375976562 15.643748283386230469 15.64922332763671875 15.650132179260253906 15.651597976684570312 15.652782440185546875 15.651964187622070312 15.652643203735351562 15.650356292724609375 15.646695137023925781 15.643964767456054688 15.635023117065429688 15.629519462585449219 15.617156982421875 15.610330581665039062 15.60817718505859375 15.608737945556640625 15.613326072692871094 -9999 -9999 -9999 -9999 -9999 -9999
15.639133453369140625 15.631031036376953125 15.620115280151367188 15.617855072021484375 15.618725776672363281 15.619140625 15.616375923156738281 15.61348724365234375 15.614002227783203125 15.612685203552246094 15.611278533935546875 15.604844093322753906 15.606043815612792969 15.609533309936523438 15.60968780517578125 15.613079071044921875 15.617920875549316406 15.620853424072265625 15.624789237976074219 15.630238533020019531 15.639254570007324219 15.646007537841796875 15.6499176025390625 15.651117324829101562 15.653384208679199219 15.653474807739257812 15.654231071472167969 15.655551910400390625 15.6543121337890625 15.652625083923339844 15.648845672607421875 15.63568878173828125 15.625030517578125 15.61870574951171875 15.615261077880859375 15.613636970520019531 15.614459037780761719 15.618054389953613281 -9999 -9999 -9999 -9999 -9999 -9999
15.63561248779296875 15.629596710205078125 15.624518394470214844 15.624345779418945312 15.625178337097167969 15.624861717224121094 15.622079849243164062 15.619947433471679688 15.621283531188964844 15.61894989013671875 15.612677574157714844 15.611762046813964844 15.614770889282226562 15.615106582641601562 15.611964225769042969 15.611879348754882812 15.617897987365722656 15.62155914306640625 15.626662254333496094 15.632927894592285156 15.641450881958007812 15.647973060607910156 15.650610923767089844 15.651844978332519531 15.652472496032714844 15.653799057006835938 -9999 15.656612396240234375 15.657471656799316406 15.655977249145507812 15.649835586547851562 15.6365509033203125 15.626260757446289062 15.619382858276367188 15.620798110961914062 15.621506690979003906 15.619099617004394531 -9999 -9999 -9999 -9999 -9999 -9999 -9999
15.632871627807617188 15.631846427917480469 15.631213188171386719 15.631966590881347656 15.632295608520507812 15.631328582763671875 15.629484176635742188 15.630505561828613281 15.626536369323730469 15.62129974365234375 15.621074676513671875 15.621481895446777344 15.620944976806640625 15.6220855712890625 15.6172637939453125 15.61285400390625 15.619140625 15.624536514282226562 15.631606101989746094 15.636621475219726562 15.643269538879394531 15.648608207702636719 15.651674270629882812 15.652620315551757812 15.653643608093261719 15.654859542846679688 -9999 -9999 -9999 -9999 -9999 -9999 -9999 15.622440338134765625 15.619980812072753906 15.620838165283203125 15.621732711791992188 -9999 -9999 -9999 -9999 -9999 -9999 -9999
15.632808685302734375 15.634385108947753906 15.636395454406738281 15.636877059936523438 15.639245986938476562 15.638527870178222656 15.63965606689453125 15.637548446655273438 15.629444122314453125 15.630268096923828125 15.629422187805175781 15.631550788879394531 15.629574775695800781 15.627764701843261719 15.629618644714355469 15.628698348999023438 15.635027885437011719 15.637964248657226562 15.639467239379882812 15.641962051391601562 15.643545150756835938 15.648584365844726562 15.652688980102539062 15.654116630554199219 15.656385421752929688 -9999 -9999 -9999 -9999 -9999 -9999 -9999 -9999 -9999 -9999 -9999 -9999 -9999 -9999 -9999 -9999 -9999 -9999 -9999
15.641742706298828125 15.642871856689453125 15.644301414489746094 15.644367218017578125 15.646740913391113281 15.645503997802734375 15.645489692687988281 15.644390106201171875 15.640712738037109375 15.643442153930664062 15.644664764404296875 15.644542694091796875 15.642147064208984375 15.638673782348632812 15.6358489990234375 15.633970260620117188 15.637703895568847656 15.638288497924804688 15.643161773681640625 15.646275520324707031 15.64575958251953125 15.65140533447265625 15.653749465942382812 15.656672477722167969 15.660849571228027344 -9999 -9999 -9999 -9999 -9999 -9999 -9999 -9999 -9999 -9999 -9999 -9999 -9999 -9999 -9999 -9999 -9999 -9999 -9999
