INPUT/RASTER/ASCII/BIO06.asc
ncols        225
nrows        269
xllcorner    473009.983799999987
yllcorner    4429051.174800000153
cellsize     50.000000000000
NODATA_value  -9999
[rows 0 to 18 of 269, columns 43 to 85 of 225]
-9999 -9999 -9999 4.4119725227355957031 4.4119725227355957031 -9999 -9999 -9999 -9999 -9999 -9999 -9999 -9999 -9999 -9999 -9999 -9999 -9999 -9999 4.2461438179016113281 4.2450747489929199219 4.2445235252380371094 -9999 -9999 -9999 -9999 -9999 -9999 -9999 -9999 -9999 -9999 -9999 -9999 -9999 -9999 -9999 -9999 -9999 -9999 -9999 -9999 -9999
-9999 -9999 -9999 4.4119520187377929688 4.4119520187377929688 -9999 -9999 -9999 -9999 -9999 -9999 -9999 -9999 -9999 -9999 -9999 4.3364114761352539063 4.3306975364685058594 4.3273272514343261719 4.3044099807739257813 4.2897334098815917969 4.2836103439331054688 4.2548398971557617188 -9999 -9999 -9999 -9999 -9999 -9999 -9999 -9999 -9999 -9999 -9999 -9999 -9999 -9999 -9999 -9999 -9999 -9999 -9999 -9999
-9999 -9999 -9999 4.4162359237670898438 4.4118714332580566406 4.4083123207092285156 4.406574249267578125 4.4030690193176269531 4.399486541748046875 4.39362335205078125 4.3881855010986328125 4.3841404914855957031 4.3778553009033203125 4.3743710517883300781 4.3675131797790527344 4.3564667701721191406 4.3421645164489746094 4.332851409912109375 4.3284306526184082031 4.3257846832275390625 4.3174409866333007813 4.3020768165588378906 4.2740411758422851563 4.2756738662719726563 -9999 -9999 -9999 -9999 -9999 -9999 -9999 -9999 -9999 -9999 -9999 -9999 -9999 -9999 -9999 -9999 -9999 -9999 -9999
4.4497370719909667969 4.4479522705078125 4.4342980384826660156 4.4251208305358886719 4.4140405654907226563 4.4089121818542480469 4.4065079689025878906 4.4035673141479492188 4.3996105194091796875 4.3948049545288085938 4.3896656036376953125 4.3857340812683105469 4.3800449371337890625 4.3769063949584960938 4.3708958625793457031 4.3637003898620605469 4.3526253700256347656 4.3413305282592773438 4.3330883979797363281 4.3285732269287109375 4.3232045173645019531 4.3180222511291503906 4.3061509132385253906 4.2866621017456054688 4.242214202880859375 4.2307214736938476563 4.2591404914855957031 -9999 -9999 -9999 -9999 -9999 -9999 -9999 -9999 -9999 -9999 -9999 -9999 -9999 -9999 -9999 -9999
4.4498720169067382813 4.4480037689208984375 4.44452667236328125 4.4378495216369628906 4.4267721176147460938 4.4159140586853027344 4.4111881256103515625 4.4064383506774902344 4.4000859260559082031 4.39540863037109375 4.3914647102355957031 4.388172149658203125 4.3832497596740722656 4.3802618980407714844 4.3754391670227050781 4.3699975013732910156 4.3634390830993652344 4.3555178642272949219 4.3420820236206054688 4.3380904197692871094 4.3292255401611328125 4.3211569786071777344 4.3157410621643066406 4.3061785697937011719 4.2762384414672851563 4.2654438018798828125 4.2731451988220214844 -9999 -9999 -9999 -9999 -9999 -9999 -9999 -9999 -9999 -9999 -9999 -9999 -9999 -9999 -9999 -9999
4.4505214691162109375 4.448211669921875 4.4452381134033203125 4.4419345855712890625 4.437103271484375 4.4275155067443847656 4.4231142997741699219 4.4191489219665527344 4.4068999290466308594 4.3982987403869628906 4.3923916816711425781 4.3885741233825683594 4.3858561515808105469 4.3825058937072753906 4.3782238960266113281 4.3736829757690429688 4.3690695762634277344 4.3622102737426757813 4.3568863868713378906 4.3519892692565917969 4.3412237167358398438 4.3300943374633789063 4.3198580741882324219 4.3132138252258300781 4.3063807487487792969 4.3019466400146484375 4.2867598533630371094 4.2832002639770507813 4.2615785598754882813 -9999 -9999 -9999 -9999 -9999 -9999 -9999 -9999 -9999 -9999 -9999 -9999 -9999 -9999
4.4502286911010742188 4.4479546546936035156 4.4448938369750976563 4.4416861534118652344 4.4380197525024414063 4.4336652755737304688 4.431102752685546875 4.4276242256164550781 4.4172544479370117188 4.4064350128173828125 4.3986353874206542969 4.3922905921936035156 4.3873620033264160156 4.3833565711975097656 4.3792705535888671875 4.3759560585021972656 4.3720383644104003906 4.3661475181579589844 4.3623704910278320313 4.3580904006958007813 4.3516492843627929688 4.3416566848754882813 4.3317542076110839844 4.3212876319885253906 4.3133406639099121094 4.3102841377258300781 4.3024549484252929688 4.2893948554992675781 4.2808837890625 4.2942352294921875 4.2943773269653320313 -9999 -9999 -9999 -9999 -9999 -9999 -9999 -9999 -9999 -9999 -9999 -9999
4.449436187744140625 4.4473042488098144531 4.4442429542541503906 4.4409952163696289063 4.4374322891235351563 4.4338812828063964844 4.4316477775573730469 4.429157257080078125 4.4239573478698730469 4.4157133102416992188 4.4091868400573730469 4.4028224945068359375 4.397777557373046875 4.3917279243469238281 4.3838171958923339844 4.3789196014404296875 4.3750357627868652344 4.3690509796142578125 4.3654742240905761719 4.3624811172485351563 4.3574323654174804688 4.3518085479736328125 4.344791412353515625 4.3340663909912109375 4.3258585929870605469 4.3205776214599609375 4.3104457855224609375 4.3015470504760742188 4.2954111099243164063 4.2945408821105957031 4.2941160202026367188 -9999 -9999 -9999 -9999 -9999 -9999 -9999 -9999 -9999 -9999 -9999 -9999
4.4488739967346191406 4.4464936256408691406 4.4433465003967285156 4.4401097297668457031 4.4365243911743164063 4.4329495429992675781 4.4307346343994140625 4.42844390869140625 4.424640655517578125 4.4203467369079589844 4.4166150093078613281 4.4129972457885742188 4.4105896949768066406 4.404937744140625 4.3958835601806640625 4.3872776031494140625 4.3797621726989746094 4.3725128173828125 4.3690133094787597656 4.3667306900024414063 4.3619561195373535156 4.3569698333740234375 4.3504629135131835938 4.3430261611938476563 4.3380417823791503906 4.3320994377136230469 4.3218550682067871094 4.3102931976318359375 4.3004159927368164063 4.295085906982421875 4.2921576499938964844 4.2911295890808105469 4.2742791175842285156 4.2289938926696777344 4.2044763565063476563 4.2025976181030273438 -9999 -9999 -9999 4.1395096778869628906 4.1362910270690917969 4.1240930557250976563 4.1008677482604980469
4.4486861228942871094 4.4459018707275390625 4.4426417350769042969 4.4394221305847167969 4.4358282089233398438 4.4321880340576171875 4.4299397468566894531 4.42761993408203125 4.4239068031311035156 4.4201574325561523438 4.4168114662170410156 4.4136843681335449219 4.4118704795837402344 4.4087834358215332031 4.4043073654174804688 4.3978905677795410156 4.3879804611206054688 4.3790106773376464844 4.3725590705871582031 4.3697052001953125 4.3647742271423339844 4.3595285415649414063 4.3535099029541015625 4.347576141357421875 4.3426227569580078125 4.3393678665161132813 4.3333902359008789063 4.3200387954711914063 4.3072037696838378906 4.2987465858459472656 4.2929162979125976563 4.29029083251953125 4.277828216552734375 4.2377848625183105469 4.2121257781982421875 4.1915965080261230469 4.177852630615234375 4.1667809486389160156 4.1525087356567382813 4.1428856849670410156 4.1371450424194335938 4.1300206184387207031 4.1201586723327636719
4.4483752250671386719 4.4454255104064941406 4.4420971870422363281 4.4388689994812011719 4.4352202415466308594 4.4315142631530761719 4.4292211532592773438 4.4268903732299804688 4.4231953620910644531 4.4194660186767578125 4.4161171913146972656 4.4129881858825683594 4.4112086296081542969 4.4083256721496582031 4.4052715301513671875 4.4025211334228515625 4.3966784477233886719 4.3888430595397949219 4.3779101371765136719 4.3743309974670410156 4.3677897453308105469 4.3616380691528320313 4.3563938140869140625 4.3504471778869628906 4.3460078239440917969 4.3434076309204101563 4.338104248046875 4.328907012939453125 4.3193597793579101563 4.3064637184143066406 4.2965369224548339844 4.291896820068359375 4.2874622344970703125 4.2709503173828125 4.2467398643493652344 4.1995000839233398438 4.1806802749633789063 4.1713738441467285156 4.1548070907592773438 4.144847869873046875 4.1395001411437988281 4.1344256401062011719 4.1254444122314453125
4.4480257034301757813 4.4449939727783203125 4.4416284561157226563 4.43841552734375 4.4347200393676757813 4.4310030937194824219 4.4286789894104003906 4.4262890815734863281 4.4226374626159667969 4.4188632965087890625 4.4155321121215820313 4.4123911857604980469 4.4106144905090332031 4.4078226089477539063 4.4047789573669433594 4.4019465446472167969 4.3990650177001953125 4.3948578834533691406 4.38842010498046875 4.38413238525390625 4.374301910400390625 4.3651747703552246094 4.358592987060546875 4.3537440299987792969 4.3490247726440429688 4.3462328910827636719 4.3412880897521972656 4.3344693183898925781 4.328578948974609375 4.3163228034973144531 4.3031420707702636719 4.2979345321655273438 4.290782928466796875 4.284580230712890625 4.2739548683166503906 4.2310309410095214844 4.1921067237854003906 4.1801729202270507813 4.16417694091796875 4.1462607383728027344 4.1399016380310058594 4.1353626251220703125 4.1290802955627441406
4.4587683677673339844 4.4462213516235351563 4.4418520927429199219 4.4381203651428222656 4.4347095489501953125 4.4310312271118164063 4.4281463623046875 4.4257178306579589844 4.4221034049987792969 4.4183611869812011719 4.4150776863098144531 4.411975860595703125 4.4101924896240234375 4.4072995185852050781 4.4042000770568847656 4.4012899398803710938 4.398372650146484375 4.3951115608215332031 4.3925147056579589844 4.3898110389709472656 4.3842043876647949219 4.3732347488403320313 4.3612723350524902344 4.3564195632934570313 4.3525333404541015625 4.3502802848815917969 4.3448176383972167969 4.3383870124816894531 4.3328680992126464844 4.3242921829223632813 4.3159155845642089844 4.3108549118041992188 4.298797607421875 4.2879877090454101563 4.2805104255676269531 4.2616147994995117188 4.224819183349609375 4.2079339027404785156 4.1858496665954589844 4.1564354896545410156 4.1410307884216308594 4.1361570358276367188 4.1306948661804199219
4.4839081764221191406 4.4681730270385742188 4.458652496337890625 4.446392059326171875 4.4463987350463867188 4.4421448707580566406 4.4306368827819824219 4.4269108772277832031 4.4225177764892578125 4.4176044464111328125 4.4145097732543945313 4.4114890098571777344 4.40966796875 4.4065980911254882813 4.403308868408203125 4.4002957344055175781 4.3973002433776855469 4.3939909934997558594 4.3915381431579589844 4.3897876739501953125 4.3868007659912109375 4.3811926841735839844 4.3744807243347167969 4.3676195144653320313 4.3616933822631835938 4.3574709892272949219 4.3497562408447265625 4.3442144393920898438 4.3397846221923828125 4.3320918083190917969 4.3273468017578125 4.3225693702697753906 4.3133039474487304688 4.3055424690246582031 4.2916479110717773438 4.2774348258972167969 4.2618861198425292969 4.2539973258972167969 4.240509033203125 4.1971731185913085938 4.1593618392944335938 4.1439685821533203125 4.1327776908874511719
4.5273408889770507813 4.5181417465209960938 4.4996132850646972656 4.485565185546875 4.4813380241394042969 4.4642229080200195313 4.448993682861328125 4.4443607330322265625 4.4331331253051757813 4.4206852912902832031 4.4164915084838867188 4.4115080833435058594 4.4092488288879394531 4.4060573577880859375 4.4025940895080566406 4.3995308876037597656 4.3965063095092773438 4.3931789398193359375 4.3907465934753417969 4.389049530029296875 4.3862285614013671875 4.3831629753112792969 4.3801221847534179688 4.3760118484497070313 4.3727850914001464844 4.3671441078186035156 4.357334136962890625 4.3493647575378417969 4.3438982963562011719 4.3378109931945800781 4.3329691886901855469 4.3286080360412597656 4.3224253654479980469 4.3166594505310058594 4.3039746284484863281 4.2864370346069335938 4.2770428657531738281 4.27361297607421875 4.2681574821472167969 4.241039276123046875 4.1994476318359375 4.1674971580505371094 4.1405415534973144531
4.5473432540893554688 4.5407996177673339844 4.5279402732849121094 4.5204143524169921875 4.5128140449523925781 4.4904184341430664063 4.4802560806274414063 4.473827362060546875 4.452594757080078125 4.4377636909484863281 4.4281091690063476563 4.4162373542785644531 4.4119977951049804688 4.4058666229248046875 4.4021100997924804688 4.3989953994750976563 4.3959560394287109375 4.3926205635070800781 4.39020538330078125 4.3885259628295898438 4.3857626914978027344 4.3827800750732421875 4.3798985481262207031 4.3774290084838867188 4.3760652542114257813 4.3726940155029296875 4.3657255172729492188 4.3566489219665527344 4.3480825424194335938 4.3403105735778808594 4.3365116119384765625 4.3329348564147949219 4.3268709182739257813 4.3206186294555664063 4.3109173774719238281 4.2965235710144042969 4.286502838134765625 4.2817378044128417969 4.272388458251953125 4.2611918449401855469 4.2414326667785644531 4.2038774490356445313 4.1634526252746582031
4.5515799522399902344 4.5466971397399902344 4.5408196449279785156 4.5369896888732910156 4.529170989990234375 4.5168509483337402344 4.5125865936279296875 4.5037026405334472656 4.478832244873046875 4.46726226806640625 4.449161529541015625 4.4323225021362304688 4.4244675636291503906 4.4094958305358886719 4.4043178558349609375 4.3991956710815429688 4.3954172134399414063 4.3920617103576660156 4.3896613121032714844 4.388004302978515625 4.3853130340576171875 4.3824224472045898438 4.3796358108520507813 4.3772072792053222656 4.3758673667907714844 4.3738045692443847656 4.37024688720703125 4.3649969100952148438 4.3553647994995117188 4.3437070846557617188 4.3394107818603515625 4.3360457420349121094 4.3316969871520996094 4.3252396583557128906 4.3154230117797851563 4.3061494827270507813 4.3005743026733398438 4.2936639785766601563 4.2789964675903320313 4.2667469978332519531 4.2594242095947265625 4.23889923095703125 4.2055611610412597656
4.5530762672424316406 4.5493831634521484375 4.5455350875854492188 4.5413746833801269531 4.5359945297241210938 4.5315561294555664063 4.5291872024536132813 4.5209622383117675781 4.5102286338806152344 4.5000505447387695313 4.4790616035461425781 4.4589943885803222656 4.4453997611999511719 4.4304342269897460938 4.42046356201171875 4.4060711860656738281 4.3968677520751953125 4.3916134834289550781 4.3890810012817382813 4.3874421119689941406 4.3848047256469726563 4.3820452690124511719 4.3793730735778808594 4.3770589828491210938 4.3757305145263671875 4.3736352920532226563 4.3706784248352050781 4.3675541877746582031 4.3622937202453613281 4.3527197837829589844 4.3469681739807128906 4.3405704498291015625 4.3345170021057128906 4.3295769691467285156 4.3205437660217285156 4.3130631446838378906 4.3074555397033691406 4.3030376434326171875 4.2896084785461425781 4.2728290557861328125 4.2633600234985351563 4.2567234039306640625 4.2496252059936523438
4.5606584548950195313 4.5570020675659179688 4.5520367622375488281 4.5438265800476074219 4.5386376380920410156 4.5346856117248535156 4.5324115753173828125 4.5278806686401367188 4.5233454704284667969 4.5155491828918457031 4.5066847801208496094 4.4870810508728027344 4.4724292755126953125 4.4663071632385253906 4.4479928016662597656 4.4276990890502929688 4.4088907241821289063 4.3970050811767578125 4.393383026123046875 4.388763427734375 4.3843517303466796875 4.3816576004028320313 4.3790373802185058594 4.3768777847290039063 4.3755769729614257813 4.3734083175659179688 4.3703732490539550781 4.3673520088195800781 4.3644037246704101563 4.3608489036560058594 4.3565011024475097656 4.3500041961669921875 4.3426108360290527344 4.3342843055725097656 4.3280048370361328125 4.3202981948852539063 4.3136248588562011719 4.3099613189697265625 4.30181121826171875 4.2859516143798828125 4.2758226394653320313 4.2640357017517089844 4.2569556236267089844
