INPUT/RASTER/ASCII/BIO02.asc
ncols        225
nrows        269
xllcorner    473000.000000000000
yllcorner    4429100.000000000000
cellsize     50.000000000000
NODATA_value -9999
[rows 200 to 219 of 269, columns 176 to 219 of 225]
10.457257270812988281 10.440834999084472656 10.435870170593261719 10.433972358703613281 10.434076309204101562 10.435848236083984375 10.437610626220703125 10.438642501831054688 10.435228347778320312 10.450798988342285156 10.536958694458007812 10.522708892822265625 10.498476028442382812 10.493597984313964844 10.483686447143554688 10.474225044250488281 10.464519500732421875 10.459757804870605469 10.453320503234863281 10.452605247497558594 10.453936576843261719 10.456697463989257812 10.45764923095703125 10.456815719604492188 10.456377029418945312 10.454448699951171875 10.448424339294433594 10.440141677856445312 10.432926177978515625 10.432010650634765625 10.269357681274414062 10.225544929504394531 10.223005294799804688 10.221085548400878906 10.218442916870117188 10.219539642333984375 10.217137336730957031 10.217905998229980469 10.256905555725097656 10.298009872436523438 10.282176017761230469 10.309138298034667969 10.309328079223632812 10.31192779541015625
10.469231605529785156 10.452144622802734375 10.440716743469238281 10.439544677734375 10.43749237060546875 10.438475608825683594 10.440638542175292969 10.441265106201171875 10.441164016723632812 10.430787086486816406 10.477173805236816406 10.522125244140625 10.503702163696289062 10.4918060302734375 10.485566139221191406 10.475893020629882812 10.4648590087890625 10.461081504821777344 10.456729888916015625 10.456151962280273438 10.457356452941894531 10.459244728088378906 10.4593353271484375 10.460809707641601562 10.460194587707519531 10.457525253295898438 10.452086448669433594 10.439093589782714844 10.33090972900390625 10.2798614501953125 10.226858139038085938 10.225582122802734375 10.224679946899414062 10.224445343017578125 10.221819877624511719 10.2218475341796875 10.221221923828125 10.220605850219726562 10.222010612487792969 10.229139328002929688 10.240929603576660156 10.276395797729492188 10.310503959655761719 10.290346145629882812
10.475754737854003906 10.455807685852050781 10.444788932800292969 10.442289352416992188 10.441044807434082031 10.441221237182617188 10.441853523254394531 10.441523551940917969 10.436830520629882812 10.425359725952148438 10.410320281982421875 10.497338294982910156 10.501104354858398438 10.492218971252441406 10.483826637268066406 10.476172447204589844 10.469788551330566406 10.46871185302734375 10.463124275207519531 10.460846900939941406 10.462884902954101562 10.463430404663085938 10.466609001159667969 10.463103294372558594 10.462672233581542969 10.460626602172851562 10.426839828491210938 10.240178108215332031 10.249149322509765625 10.2287445068359375 10.226788520812988281 10.226812362670898438 10.227054595947265625 10.226122856140136719 10.226575851440429688 10.224027633666992188 10.224734306335449219 10.226716995239257812 10.223888397216796875 10.229509353637695312 10.239699363708496094 10.24439239501953125 10.246304512023925781 10.250995635986328125
10.483829498291015625 10.457910537719726562 10.447710990905761719 10.446523666381835938 10.445497512817382812 10.447666168212890625 10.44464111328125 10.441783905029296875 10.434453964233398438 10.421113014221191406 10.405825614929199219 10.432210922241210938 10.4993896484375 10.490365982055664062 10.482867240905761719 10.478013992309570312 10.47321319580078125 10.471956253051757812 10.467825889587402344 10.465059280395507812 10.466123580932617188 10.466832160949707031 10.467759132385253906 10.467279434204101562 10.46430206298828125 10.461782455444335938 10.315320014953613281 10.23947906494140625 10.231348991394042969 10.228063583374023438 10.226879119873046875 10.226439476013183594 10.225704193115234375 10.227460861206054688 10.229987144470214844 10.228681564331054688 10.227778434753417969 10.228772163391113281 10.228631973266601562 10.232923507690429688 10.237819671630859375 10.249001502990722656 10.251743316650390625 10.253351211547851562
10.494226455688476562 10.459177970886230469 10.448073387145996094 10.450029373168945312 10.450026512145996094 10.451173782348632812 10.447482109069824219 10.441872596740722656 10.432094573974609375 10.411128997802734375 10.392724990844726562 10.397966384887695312 10.496265411376953125 10.488528251647949219 10.483327865600585938 10.478460311889648438 10.475119590759277344 10.473108291625976562 10.471342086791992188 10.469076156616210938 10.470769882202148438 10.470416069030761719 10.470314979553222656 10.469838142395019531 10.41675567626953125 10.26326751708984375 10.254433631896972656 10.237428665161132812 10.229261398315429688 10.226711273193359375 10.22509002685546875 10.225442886352539062 10.227084159851074219 10.229035377502441406 10.232731819152832031 10.231678962707519531 10.232182502746582031 10.233552932739257812 10.233799934387207031 10.237707138061523438 10.239978790283203125 10.252038955688476562 10.2537994384765625 10.257036209106445312
10.497043609619140625 10.461405754089355469 10.452561378479003906 10.455028533935546875 10.455603599548339844 10.453951835632324219 10.447854995727539062 10.437930107116699219 10.427555084228515625 10.401732444763183594 10.386866569519042969 10.380954742431640625 10.425512313842773438 10.484169960021972656 10.480587005615234375 10.478679656982421875 10.477097511291503906 10.475442886352539062 10.474094390869140625 10.475663185119628906 10.478010177612304688 10.475110054016113281 10.476855278015136719 10.351053237915039062 10.294913291931152344 10.266034126281738281 10.2526092529296875 10.238155364990234375 10.225627899169921875 10.224046707153320312 10.226933479309082031 10.231705665588378906 10.235320091247558594 10.235783576965332031 10.239614486694335938 10.238574028015136719 10.240290641784667969 10.243841171264648438 10.243590354919433594 10.248002052307128906 10.247950553894042969 10.251653671264648438 10.256715774536132812 10.264491081237792969
10.487512588500976562 10.462312698364257812 10.459367752075195312 10.468050003051757812 10.469496726989746094 10.461028099060058594 10.446821212768554688 10.42780303955078125 10.410584449768066406 10.387249946594238281 10.375239372253417969 10.368846893310546875 10.360188484191894531 10.445226669311523438 10.479069709777832031 10.477048873901367188 10.47725677490234375 10.475923538208007812 10.4755859375 10.477972030639648438 10.479898452758789062 10.322679519653320312 10.278806686401367188 10.28263092041015625 10.272769927978515625 10.267432212829589844 10.254342079162597656 10.241605758666992188 10.2316741943359375 10.232259750366210938 10.233999252319335938 10.237073898315429688 10.239457130432128906 10.239042282104492188 10.24102783203125 10.241565704345703125 10.244203567504882812 10.245259284973144531 10.247223854064941406 10.250787734985351562 10.253388404846191406 10.256119728088378906 10.262907028198242188 10.269755363464355469
10.488796234130859375 10.468799591064453125 10.465188026428222656 10.470861434936523438 10.473919868469238281 10.464580535888671875 10.44615936279296875 10.422716140747070312 10.403257369995117188 10.376123428344726562 10.366636276245117188 10.362806320190429688 10.357999801635742188 10.434412956237792969 10.478432655334472656 10.477537155151367188 10.478563308715820312 10.477115631103515625 10.476790428161621094 10.46802520751953125 10.381529808044433594 10.2847747802734375 10.28440093994140625 10.282111167907714844 10.276310920715332031 10.270229339599609375 10.258576393127441406 10.247127532958984375 10.240657806396484375 10.240500450134277344 10.242208480834960938 10.244039535522460938 10.244289398193359375 10.245306015014648438 10.245862007141113281 10.245779991149902344 10.249759674072265625 10.250097274780273438 10.251607894897460938 10.2556304931640625 10.2578582763671875 10.259588241577148438 10.260412216186523438 10.271066665649414062
10.506784439086914062 10.478878974914550781 10.473860740661621094 10.478160858154296875 10.481019020080566406 10.467397689819335938 10.447748184204101562 10.419108390808105469 10.398838043212890625 10.372364997863769531 10.363734245300292969 10.360110282897949219 10.355829238891601562 10.355696678161621094 10.474783897399902344 10.478734970092773438 10.480992317199707031 10.4790191650390625 10.456122398376464844 10.282222747802734375 10.285447120666503906 10.287566184997558594 10.287211418151855469 10.284412384033203125 10.279669761657714844 10.27442169189453125 10.266308784484863281 10.256109237670898438 10.253254890441894531 10.251513481140136719 10.252589225769042969 10.251729011535644531 10.250505447387695312 10.249330520629882812 10.2493438720703125 10.250487327575683594 10.252346992492675781 10.253582000732421875 10.256409645080566406 10.257755279541015625 10.261247634887695312 10.26552581787109375 10.265958786010742188 10.276342391967773438
10.5149383544921875 10.498640060424804688 10.491652488708496094 10.492992401123046875 10.494981765747070312 10.474694252014160156 10.450405120849609375 10.417539596557617188 10.395877838134765625 10.37175750732421875 10.365087509155273438 10.359553337097167969 10.356482505798339844 10.3559112548828125 10.455717086791992188 10.479944229125976562 10.482303619384765625 10.482332229614257812 10.325635910034179688 10.285426139831542969 10.289667129516601562 10.291296005249023438 10.288632392883300781 10.288022994995117188 10.284350395202636719 10.279323577880859375 10.273291587829589844 10.265811920166015625 10.261467933654785156 10.259130477905273438 10.2594451904296875 10.257715225219726562 10.25537109375 10.25469970703125 10.25420379638671875 10.254998207092285156 10.257163047790527344 10.259817123413085938 10.263325691223144531 10.264676094055175781 10.266718864440917969 10.268199920654296875 10.2687835693359375 -9999
10.52693939208984375 10.524874687194824219 10.516658782958984375 10.509433746337890625 10.503783226013183594 10.478283882141113281 10.453824043273925781 10.415035247802734375 10.391590118408203125 10.370147705078125 10.363621711730957031 10.360375404357910156 10.356441497802734375 10.356780052185058594 10.389997482299804688 10.48116302490234375 10.42534637451171875 10.384893417358398438 10.288839340209960938 10.290920257568359375 10.291794776916503906 10.293843269348144531 10.29006195068359375 10.291018486022949219 10.287926673889160156 10.283542633056640625 10.279973983764648438 10.27347564697265625 10.27008056640625 10.266773223876953125 10.265809059143066406 10.263882637023925781 10.260934829711914062 10.258746147155761719 10.257711410522460938 10.25952911376953125 10.261801719665527344 10.26332855224609375 10.267575263977050781 10.266139984130859375 10.268915176391601562 10.269936561584472656 10.27093505859375 -9999
10.529819488525390625 10.527255058288574219 10.542202949523925781 10.521440505981445312 10.531780242919921875 10.476655960083007812 10.454431533813476562 10.416399002075195312 10.391008377075195312 10.371606826782226562 10.364993095397949219 10.362439155578613281 10.357816696166992188 10.360821723937988281 10.374804496765136719 10.385889053344726562 10.291954994201660156 10.291851043701171875 10.296168327331542969 10.296972274780273438 10.293230056762695312 10.297524452209472656 10.295704841613769531 10.295517921447753906 10.293550491333007812 10.288473129272460938 10.286252021789550781 10.279081344604492188 10.278513908386230469 10.273059844970703125 10.273627281188964844 10.27240753173828125 10.265829086303710938 10.26837158203125 10.261914253234863281 10.268245697021484375 10.270636558532714844 10.268908500671386719 10.274792671203613281 10.271722793579101562 10.275729179382324219 10.277154922485351562 -9999 -9999
10.509655952453613281 10.538195610046386719 10.560718536376953125 10.617284774780273438 10.621809005737304688 10.532159805297851562 10.446424484252929688 10.408659934997558594 10.38286590576171875 10.372462272644042969 10.368459701538085938 10.364465713500976562 10.36446380615234375 10.366559028625488281 10.323774337768554688 10.295056343078613281 10.298365592956542969 10.301069259643554688 10.305109977722167969 10.304907798767089844 10.302450180053710938 10.302758216857910156 10.300013542175292969 10.299602508544921875 10.297550201416015625 10.297919273376464844 10.294307708740234375 10.288956642150878906 10.28705596923828125 10.282915115356445312 10.283078193664550781 10.28296661376953125 10.279109954833984375 10.283240318298339844 10.27999114990234375 10.282793998718261719 10.282657623291015625 10.280120849609375 10.284125328063964844 10.282939910888671875 10.286135673522949219 10.286535263061523438 -9999 -9999
10.645468711853027344 10.6155853271484375 10.648054122924804688 10.717901229858398438 10.684518814086914062 10.579038619995117188 10.454969406127929688 10.398177146911621094 10.384881973266601562 10.372159004211425781 10.369153022766113281 10.366695404052734375 10.369039535522460938 10.342302322387695312 10.297637939453125 10.30181884765625 10.303680419921875 10.307489395141601562 10.309871673583984375 10.310041427612304688 10.308520317077636719 10.306989669799804688 10.303623199462890625 10.302363395690917969 10.303265571594238281 10.302051544189453125 10.298674583435058594 10.294659614562988281 10.291337966918945312 10.291040420532226562 10.289446830749511719 10.289530754089355469 10.290339469909667969 10.292517662048339844 10.291909217834472656 10.291240692138671875 10.290594100952148438 10.289267539978027344 10.289999008178710938 10.292089462280273438 10.293474197387695312 -9999 -9999 -9999
10.723267555236816406 10.691164970397949219 10.686831474304199219 10.706816673278808594 10.698351860046386719 10.558605194091796875 10.444354057312011719 10.391711235046386719 10.381219863891601562 10.372453689575195312 10.3691558837890625 10.367945671081542969 10.370459556579589844 10.321014404296875 10.303310394287109375 10.307898521423339844 10.308779716491699219 10.3160552978515625 10.315924644470214844 10.315622329711914062 10.315320014953613281 10.310612678527832031 10.310062408447265625 10.306149482727050781 10.308298110961914062 10.305796623229980469 10.30178070068359375 10.300386428833007812 10.296952247619628906 10.299199104309082031 10.2958526611328125 10.296143531799316406 10.300922393798828125 10.299298286437988281 10.3011016845703125 10.297956466674804688 10.29621124267578125 10.297760009765625 10.296273231506347656 10.301968574523925781 -9999 -9999 -9999 -9999
10.70217132568359375 10.672661781311035156 10.621973037719726562 10.600870132446289062 10.619189262390136719 10.495799064636230469 10.423130989074707031 10.386705398559570312 10.379275321960449219 10.373815536499023438 10.373403549194335938 10.371479034423828125 10.339494705200195312 10.310092926025390625 10.307209968566894531 10.3129119873046875 10.314082145690917969 10.318245887756347656 10.319807052612304688 10.321413993835449219 10.321046829223632812 10.315150260925292969 10.312964439392089844 10.3095550537109375 10.3090972900390625 10.307077407836914062 10.304476737976074219 10.302591323852539062 10.301501274108886719 10.302799224853515625 10.301749229431152344 10.303252220153808594 10.3038330078125 10.303623199462890625 10.30609893798828125 10.304058074951171875 10.301720619201660156 10.302059173583984375 10.300827980041503906 10.304887771606445312 -9999 -9999 -9999 -9999
10.639978408813476562 10.594892501831054688 10.523903846740722656 10.483724594116210938 10.496198654174804688 10.431287765502929688 10.404980659484863281 10.384572982788085938 10.379344940185546875 10.376312255859375 10.374835968017578125 10.368703842163085938 10.304349899291992188 10.3059844970703125 10.3095703125 10.315813064575195312 10.317584037780761719 10.323987960815429688 10.32568359375 10.32544708251953125 10.323961257934570312 10.3186798095703125 10.315876007080078125 10.313645362854003906 10.309206008911132812 10.307818412780761719 10.306839942932128906 10.306201934814453125 10.306710243225097656 10.308504104614257812 10.307368278503417969 10.307865142822265625 10.309536933898925781 10.309674263000488281 10.311110496520996094 10.309234619140625 10.307890892028808594 10.307756423950195312 10.306427001953125 -9999 -9999 -9999 -9999 -9999
10.570384025573730469 10.522247314453125 10.47719573974609375 10.457029342651367188 10.449335098266601562 10.417482376098632812 10.396566390991210938 10.386714935302734375 10.381906509399414062 10.379891395568847656 10.380518913269042969 10.369248390197753906 10.305838584899902344 10.307592391967773438 10.314281463623046875 10.318724632263183594 10.32070159912109375 10.326906204223632812 10.328655242919921875 10.329787254333496094 10.331233978271484375 10.326275825500488281 10.323138236999511719 10.317857742309570312 10.311552047729492188 10.31008148193359375 10.311639785766601562 10.312757492065429688 10.31204986572265625 10.312972068786621094 10.313848495483398438 10.314972877502441406 10.318202972412109375 10.318719863891601562 10.321874618530273438 10.319617271423339844 -9999 -9999 -9999 -9999 -9999 -9999 -9999 -9999
10.495290756225585938 10.474415779113769531 10.464182853698730469 10.4510955810546875 10.440216064453125 10.418903350830078125 10.403112411499023438 10.394589424133300781 10.389561653137207031 10.368154525756835938 10.310355186462402344 10.315684318542480469 10.314495086669921875 10.31591796875 10.319188117980957031 10.324578285217285156 10.327284812927246094 10.329932212829589844 10.331742286682128906 10.334124565124511719 10.336304664611816406 10.330656051635742188 10.326080322265625 10.319269180297851562 10.313088417053222656 10.311924934387207031 10.314234733581542969 10.316400527954101562 10.315763473510742188 10.31591796875 10.315930366516113281 10.318848609924316406 10.323255538940429688 10.326441764831542969 10.32833099365234375 -9999 -9999 -9999 -9999 -9999 -9999 -9999 -9999 -9999
10.4899749755859375 10.472471237182617188 10.463596343994140625 10.452543258666992188 10.441449165344238281 10.423954963684082031 10.410701751708984375 10.398188591003417969 10.394170761108398438 10.366845130920410156 10.314694404602050781 10.3163909912109375 10.316717147827148438 10.321012496948242188 10.324792861938476562 10.328226089477539062 10.329792022705078125 10.33145904541015625 10.333978652954101562 10.336093902587890625 10.337840080261230469 10.330760002136230469 10.324799537658691406 10.318956375122070312 10.313231468200683594 10.313690185546875 10.316038131713867188 10.317955970764160156 10.319952964782714844 10.320974349975585938 10.320844650268554688 10.324082374572753906 10.326921463012695312 10.331637382507324219 -9999 -9999 -9999 -9999 -9999 -9999 -9999 -9999 -9999 -9999
