INPUT/RASTER/ASCII/BIO05.asc
ncols        225
nrows        269
xllcorner    473009.983799999987
yllcorner    4429051.174800000153
cellsize     50.000000000000
NODATA_value  -9999
[rows 133 to 151 of 269, columns 132 to 175 of 225]
31.772876739501953125 31.786396026611328125 31.797130584716796875 31.800539016723632813 31.80135345458984375 -9999 -9999 -9999 -9999 -9999 -9999 -9999 -9999 -9999 -9999 -9999 -9999 -9999 -9999 -9999 31.8381195068359375 31.846155166625976563 31.8699798583984375 31.889406204223632813 31.890943527221679688 31.889186859130859375 31.889406204223632813 31.895349502563476563 31.905368804931640625 31.91638946533203125 31.927701950073242188 31.933885574340820313 31.940744400024414063 31.946500778198242188 31.950059890747070313 31.952877044677734375 31.959722518920898438 31.970062255859375 31.986103057861328125 32.012622833251953125 32.0325469970703125 32.02832794189453125 32.01335906982421875 32.004627227783203125
31.780303955078125 31.789224624633789063 31.795995712280273438 31.798547744750976563 -9999 -9999 -9999 -9999 -9999 -9999 -9999 -9999 -9999 -9999 -9999 -9999 -9999 -9999 -9999 -9999 31.838190078735351563 31.847539901733398438 31.861875534057617188 31.883924484252929688 31.896352767944335938 31.900054931640625 31.904241561889648438 31.908649444580078125 31.91571807861328125 31.92472076416015625 31.934587478637695313 31.940662384033203125 31.9500885009765625 31.958009719848632813 31.961664199829101563 31.962493896484375 31.967378616333007813 31.97460174560546875 31.988071441650390625 32.013896942138671875 32.036136627197265625 32.032085418701171875 32.019107818603515625 32.0149993896484375
31.786579132080078125 31.792205810546875 31.795824050903320313 31.798091888427734375 -9999 -9999 -9999 -9999 -9999 -9999 -9999 -9999 -9999 -9999 -9999 -9999 -9999 -9999 -9999 -9999 -9999 31.843507766723632813 31.853120803833007813 31.877504348754882813 31.89859771728515625 31.9067230224609375 31.915464401245117188 31.919881820678710938 31.924596786499023438 31.933279037475585938 31.94549560546875 31.953126907348632813 31.964771270751953125 31.973316192626953125 31.974290847778320313 31.972909927368164063 31.975381851196289063 31.980316162109375 31.993419647216796875 32.015193939208984375 32.035747528076171875 32.03745269775390625 32.02776336669921875 32.0233917236328125
31.788583755493164063 31.7903900146484375 -9999 -9999 -9999 -9999 -9999 -9999 -9999 -9999 -9999 -9999 -9999 -9999 -9999 -9999 -9999 -9999 -9999 -9999 -9999 31.839193344116210938 31.84682464599609375 31.873493194580078125 31.900110244750976563 31.910848617553710938 31.9231719970703125 31.929155349731445313 31.933340072631835938 31.942453384399414063 31.957742691040039063 31.967350006103515625 31.98061370849609375 31.988222122192382813 31.987806320190429688 31.984424591064453125 31.984636306762695313 31.988531112670898438 31.999910354614257813 32.017566680908203125 32.037708282470703125 32.045497894287109375 32.03736114501953125 32.031955718994140625
-9999 -9999 -9999 -9999 -9999 -9999 -9999 -9999 -9999 -9999 -9999 -9999 -9999 -9999 -9999 -9999 -9999 -9999 -9999 -9999 -9999 31.837947845458984375 31.847461700439453125 31.871576309204101563 31.899946212768554688 31.912660598754882813 31.927667617797851563 31.935529708862304688 31.941440582275390625 31.95272064208984375 31.9705352783203125 31.981708526611328125 31.995538711547851563 32.001556396484375 32.000118255615234375 31.995111465454101563 31.994144439697265625 31.996265411376953125 32.003894805908203125 32.01882171630859375 32.041660308837890625 32.05544281005859375 32.048763275146484375 32.045215606689453125
-9999 -9999 -9999 -9999 -9999 -9999 -9999 -9999 -9999 -9999 -9999 -9999 -9999 -9999 -9999 -9999 -9999 -9999 -9999 -9999 -9999 -9999 31.85301971435546875 31.870561599731445313 31.895725250244140625 31.909070968627929688 31.927423477172851563 31.94150543212890625 31.952684402465820313 31.967313766479492188 31.987306594848632813 31.998289108276367188 32.010410308837890625 32.015254974365234375 32.0117950439453125 32.006381988525390625 32.003894805908203125 32.004253387451171875 32.00780487060546875 32.019062042236328125 32.04425048828125 32.063488006591796875 32.0645904541015625 32.066112518310546875
-9999 -9999 -9999 -9999 -9999 -9999 -9999 -9999 -9999 -9999 -9999 -9999 -9999 -9999 -9999 -9999 -9999 -9999 -9999 -9999 -9999 -9999 31.85639190673828125 31.867689132690429688 31.884752273559570313 31.898962020874023438 31.92334747314453125 31.948062896728515625 31.97034454345703125 31.990381240844726563 32.010997772216796875 32.020252227783203125 32.027439117431640625 32.030002593994140625 32.026363372802734375 32.0213470458984375 32.017673492431640625 32.017559051513671875 32.018878936767578125 32.02658843994140625 32.04864501953125 32.06993865966796875 32.078037261962890625 32.08087921142578125
-9999 -9999 -9999 -9999 -9999 -9999 -9999 -9999 -9999 -9999 -9999 -9999 -9999 -9999 -9999 -9999 -9999 -9999 -9999 -9999 -9999 -9999 -9999 31.862995147705078125 31.876033782958984375 31.88994598388671875 31.9173736572265625 31.950588226318359375 31.98349761962890625 32.006488800048828125 32.02205657958984375 32.02898406982421875 32.03507232666015625 32.036426544189453125 32.0333404541015625 32.029201507568359375 32.02692413330078125 32.028491973876953125 32.032970428466796875 32.039424896240234375 32.05310821533203125 32.07089996337890625 32.085742950439453125 32.09139251708984375
-9999 -9999 -9999 -9999 31.800167083740234375 31.801847457885742188 31.8037109375 31.806182861328125 31.809625625610351563 31.81374359130859375 31.815690994262695313 31.818073272705078125 31.821226119995117188 31.824056625366210938 31.823720932006835938 -9999 -9999 -9999 -9999 -9999 -9999 -9999 -9999 31.857341766357421875 31.86933135986328125 31.8828887939453125 31.91143035888671875 31.949773788452148438 31.991830825805664063 32.01929473876953125 32.03241729736328125 32.0373687744140625 32.04178619384765625 32.043163299560546875 32.040561676025390625 32.03691864013671875 32.036251068115234375 32.0391693115234375 32.045734405517578125 32.05236053466796875 32.059497833251953125 32.07074737548828125 32.08731842041015625 32.093959808349609375
-9999 -9999 -9999 31.797651290893554688 31.799167633056640625 31.801813125610351563 31.803676605224609375 31.806177139282226563 31.80999755859375 31.8150177001953125 31.81720733642578125 31.819116592407226563 31.82209014892578125 31.82477569580078125 31.824716567993164063 31.8260040283203125 -9999 -9999 -9999 -9999 -9999 -9999 -9999 31.851505279541015625 31.86185455322265625 31.876218795776367188 31.90716552734375 31.94892120361328125 31.995790481567382813 32.0272369384765625 32.041263580322265625 32.045742034912109375 32.049289703369140625 32.050441741943359375 32.047393798828125 32.044925689697265625 32.04746246337890625 32.0518035888671875 32.060153961181640625 32.066211700439453125 32.069309234619140625 32.076129913330078125 32.090484619140625 32.095134735107421875
-9999 -9999 -9999 31.797609329223632813 31.798906326293945313 31.801761627197265625 31.803621292114257813 31.806272506713867188 31.811260223388671875 31.81671905517578125 31.819536209106445313 31.821729660034179688 31.8238372802734375 31.825613021850585938 31.825897216796875 31.8259735107421875 -9999 -9999 -9999 -9999 -9999 -9999 -9999 31.848278045654296875 31.857397079467773438 31.871221542358398438 31.903917312622070313 31.949884414672851563 31.998592376708984375 32.031230926513671875 32.0471038818359375 32.052707672119140625 32.05803680419921875 32.05904388427734375 32.05545806884765625 32.053680419921875 32.057315826416015625 32.062839508056640625 32.07401275634765625 32.08127593994140625 32.082622528076171875 32.087310791015625 32.095020294189453125 32.094799041748046875
-9999 -9999 -9999 31.797559738159179688 31.79888916015625 31.801828384399414063 31.8037261962890625 31.806915283203125 31.812709808349609375 31.817255020141601563 31.82033538818359375 31.82303619384765625 31.824666976928710938 31.826166152954101563 31.826005935668945313 31.825826644897460938 -9999 -9999 -9999 -9999 -9999 -9999 -9999 31.84882354736328125 31.856723785400390625 31.868227005004882813 31.899473190307617188 31.947906494140625 31.999179840087890625 32.032321929931640625 32.050960540771484375 32.059574127197265625 32.069103240966796875 32.071319580078125 32.06853485107421875 32.0690460205078125 32.0713043212890625 32.07391357421875 32.08242034912109375 32.091861724853515625 32.094753265380859375 32.09494781494140625 32.093994140625 32.089931488037109375
-9999 -9999 -9999 31.797533035278320313 31.799505233764648438 31.8024749755859375 31.80460357666015625 31.808553695678710938 31.813772201538085938 31.817312240600585938 31.820344924926757813 31.822711944580078125 -9999 -9999 -9999 -9999 -9999 -9999 -9999 -9999 -9999 -9999 -9999 31.8571624755859375 31.857984542846679688 31.867925643920898438 31.897930145263671875 31.948385238647460938 32.002849578857421875 32.0367431640625 32.056720733642578125 32.068202972412109375 32.08255767822265625 32.08478546142578125 32.083404541015625 32.088104248046875 32.088947296142578125 32.0877685546875 32.090625762939453125 32.09651947021484375 32.0975189208984375 32.093891143798828125 32.088047027587890625 32.0827178955078125
-9999 -9999 -9999 31.797479629516601563 31.799650192260742188 31.803436279296875 31.805938720703125 31.810354232788085938 31.81441497802734375 31.818019866943359375 31.821666717529296875 31.824728012084960938 -9999 -9999 -9999 -9999 -9999 -9999 -9999 -9999 -9999 -9999 -9999 31.862367630004882813 31.863260269165039063 31.873384475708007813 31.903179168701171875 31.954248428344726563 32.008769989013671875 32.044498443603515625 32.062091827392578125 32.076908111572265625 32.0949249267578125 32.096225738525390625 32.097728729248046875 32.106761932373046875 32.10776519775390625 32.105922698974609375 32.10472869873046875 32.099285125732421875 32.09220123291015625 32.08849334716796875 32.082981109619140625 32.07791900634765625
-9999 31.789669036865234375 31.793912887573242188 31.796014785766601563 31.799106597900390625 31.803251266479492188 31.806264877319335938 31.810909271240234375 31.815649032592773438 31.8206024169921875 31.824823379516601563 31.827526092529296875 -9999 31.833417892456054688 31.833383560180664063 31.832525253295898438 31.835092544555664063 31.8412628173828125 31.844514846801757813 -9999 -9999 -9999 -9999 31.865194320678710938 31.866241455078125 31.878416061401367188 31.911623001098632813 31.959878921508789063 32.01250457763671875 32.053058624267578125 32.071521759033203125 32.088718414306640625 32.1073760986328125 32.1070556640625 32.113933563232421875 32.121551513671875 32.1141357421875 32.108127593994140625 32.099269866943359375 32.090877532958984375 32.085834503173828125 32.082874298095703125 32.078044891357421875 32.073848724365234375
31.785993576049804688 31.788961410522460938 31.792018890380859375 31.795558929443359375 31.798742294311523438 31.802724838256835938 31.8061981201171875 31.811031341552734375 31.816926956176757813 31.822828292846679688 31.827672958374023438 31.83107757568359375 31.835920333862304688 31.8340911865234375 31.833812713623046875 31.833383560180664063 31.836023330688476563 31.842243194580078125 31.847265243530273438 31.850526809692382813 31.851922988891601563 31.85260009765625 -9999 31.867422103881835938 31.868549346923828125 31.881261825561523438 31.91448974609375 31.960948944091796875 32.01509857177734375 32.058361053466796875 32.079620361328125 32.096973419189453125 32.11663055419921875 32.11882781982421875 32.1236724853515625 32.120281219482421875 32.105236053466796875 32.096210479736328125 32.08603668212890625 32.08257293701171875 32.081096649169921875 32.07875823974609375 32.0740509033203125 32.07006072998046875
31.784885406494140625 31.786500930786132813 31.789669036865234375 31.79367828369140625 31.798126220703125 31.802532196044921875 31.805879592895507813 31.810842514038085938 31.817407608032226563 31.825071334838867188 31.831922531127929688 31.837358474731445313 31.83959197998046875 31.83709716796875 31.837064743041992188 31.837917327880859375 31.840925216674804688 31.846586227416992188 31.850311279296875 31.851474761962890625 31.852886199951171875 31.853921890258789063 31.85695648193359375 31.861497879028320313 31.869325637817382813 31.881084442138671875 31.912488937377929688 31.959100723266601563 32.0139312744140625 32.05846405029296875 32.08078765869140625 32.09880828857421875 32.1202850341796875 32.125148773193359375 32.1274261474609375 32.11734771728515625 32.09828948974609375 32.089626312255859375 32.081584930419921875 32.08038330078125 32.080768585205078125 32.078823089599609375 32.073863983154296875 32.06992340087890625
31.781429290771484375 31.782621383666992188 31.78595733642578125 31.790485382080078125 31.796091079711914063 31.800661087036132813 31.804210662841796875 31.809911727905273438 31.817720413208007813 31.82802581787109375 31.840686798095703125 31.850574493408203125 31.851556777954101563 31.848443984985351563 31.849866867065429688 31.852140426635742188 31.85358428955078125 31.855001449584960938 31.855386734008789063 31.856231689453125 31.856327056884765625 31.856519699096679688 31.858491897583007813 31.861276626586914063 31.867807388305664063 31.878107070922851563 31.90720367431640625 31.95337677001953125 32.007610321044921875 32.0527801513671875 32.07587432861328125 32.096240997314453125 32.122303009033203125 32.13304901123046875 32.13503265380859375 32.119930267333984375 32.09932708740234375 32.09172821044921875 32.08538055419921875 32.08390045166015625 32.084598541259765625 32.083339691162109375 32.07999420166015625 32.077533721923828125
31.7744598388671875 31.776700973510742188 31.780961990356445313 31.786937713623046875 31.792913436889648438 31.796993255615234375 31.801649093627929688 31.808620452880859375 31.817974090576171875 31.830974578857421875 31.852296829223632813 31.871812820434570313 31.875782012939453125 31.874753952026367188 31.883068084716796875 31.887472152709960938 31.88230133056640625 31.8744049072265625 31.869882583618164063 31.86578369140625 31.8609466552734375 31.859563827514648438 31.860469818115234375 31.8625030517578125 31.86798858642578125 31.876482009887695313 31.900777816772460938 31.941648483276367188 31.993204116821289063 32.04082489013671875 32.06640625 32.089076995849609375 32.12109375 32.1458587646484375 32.147251129150390625 32.12763214111328125 32.10944366455078125 32.102447509765625 32.095211029052734375 32.091144561767578125 32.089569091796875 32.0902862548828125 32.09183502197265625 32.093112945556640625
