INPUT/RASTER/ASCII/BIO07.asc
ncols        225
nrows        269
xllcorner    473009.983799999987
yllcorner    4429051.174800000153
cellsize     50.000000000000
NODATA_value -9999
[rows 114 to 132 of 269, columns 126 to 167 of 225]
26.778453826904296875 26.78368377685546875 26.789888381958007813 26.79467010498046875 26.794939041137695313 26.794404983520507813 26.793985366821289063 26.795818328857421875 26.80205535888671875 26.811899185180664063 26.821115493774414063 26.826452255249023438 26.828504562377929688 26.827936172485351563 26.818975448608398438 26.799852371215820313 26.7847137451171875 26.77931976318359375 26.778606414794921875 26.780521392822265625 26.7866973876953125 26.791563034057617188 26.794393539428710938 26.79721832275390625 26.7985687255859375 26.799623489379882813 26.808599472045898438 26.827379226684570313 26.856105804443359375 26.886888504028320313 26.90618896484375 26.912858963012695313 26.917926788330078125 26.92574310302734375 26.938802719116210938 26.959644317626953125 26.975250244140625 26.981876373291015625 26.988870620727539063 26.9968719482421875 27.003734588623046875 27.010381698608398438
26.778120040893554688 26.78067779541015625 26.78359222412109375 26.782260894775390625 26.782039642333984375 26.787698745727539063 26.793180465698242188 26.800035476684570313 26.812059402465820313 26.828981399536132813 26.842832565307617188 26.850652694702148438 26.854372024536132813 26.855276107788085938 26.845966339111328125 26.819707870483398438 26.7967987060546875 26.787212371826171875 26.78456878662109375 26.786085128784179688 26.792726516723632813 26.798048019409179688 26.799612045288085938 26.800306320190429688 26.800531387329101563 26.80123138427734375 26.8079681396484375 26.825113296508789063 26.854154586791992188 26.887088775634765625 26.908864974975585938 26.917779922485351563 26.922992706298828125 26.930959701538085938 26.944532394409179688 26.961511611938476563 26.974802017211914063 26.980905532836914063 26.98757171630859375 26.994115829467773438 27.001008987426757813 27.008348464965820313
26.771631240844726563 26.773921966552734375 26.775417327880859375 26.771251678466796875 26.77109527587890625 26.7775115966796875 26.786516189575195313 26.795955657958984375 26.811536788940429688 26.835092544555664063 26.85225677490234375 26.861751556396484375 26.866159439086914063 26.870382308959960938 26.868618011474609375 26.848020553588867188 26.82126617431640625 26.803266525268554688 26.794221878051757813 26.793210983276367188 26.7990570068359375 26.803922653198242188 26.803571701049804688 26.801973342895507813 26.801082611083984375 26.801530838012695313 26.807210922241210938 26.82372283935546875 26.8538970947265625 26.887472152709960938 26.907918930053710938 26.9163818359375 26.92166900634765625 26.931943893432617188 26.947343826293945313 26.961954116821289063 26.973026275634765625 26.979030609130859375 26.987194061279296875 26.993741989135742188 26.998506546020507813 27.005056381225585938
26.763277053833007813 26.764698028564453125 26.765010833740234375 26.761028289794921875 26.761831283569335938 26.768930435180664063 26.779691696166992188 26.789768218994140625 26.807394027709960938 26.831207275390625 26.849170684814453125 26.860849380493164063 26.867021560668945313 26.876445770263671875 26.883703231811523438 26.877349853515625 26.8552398681640625 26.828413009643554688 26.809375762939453125 26.803159713745117188 26.80435943603515625 26.807544708251953125 26.8067626953125 26.804412841796875 26.802881240844726563 26.803152084350585938 26.809049606323242188 26.825586318969726563 26.855764389038085938 26.886911392211914063 26.904489517211914063 26.912479400634765625 26.918415069580078125 26.931941986083984375 26.948741912841796875 26.962131500244140625 26.972352981567382813 26.978118896484375 26.985599517822265625 26.993267059326171875 26.998540878295898438 27.00359344482421875
26.756567001342773438 26.755796432495117188 26.753717422485351563 26.750085830688476563 26.752338409423828125 26.762872695922851563 26.776998519897460938 26.788705825805664063 26.806184768676757813 26.82160186767578125 26.83533477783203125 26.84767913818359375 26.856903076171875 26.870555877685546875 26.881502151489257813 26.885807037353515625 26.87612152099609375 26.849687576293945313 26.825006484985351563 26.813968658447265625 26.808071136474609375 26.808422088623046875 26.808668136596679688 26.806657791137695313 26.804874420166015625 26.8050689697265625 26.812322616577148438 26.8311767578125 26.860996246337890625 26.887182235717773438 26.901247024536132813 26.90885162353515625 26.916112899780273438 26.9323577880859375 26.949930191040039063 26.9625396728515625 26.972148895263671875 26.977819442749023438 26.984361648559570313 26.9916839599609375 26.997394561767578125 27.003141403198242188
26.751119613647460938 26.748046875 26.743267059326171875 26.739999771118164063 26.744081497192382813 26.758005142211914063 26.775621414184570313 26.788137435913085938 26.803417205810546875 26.814056396484375 26.823362350463867188 26.833681106567382813 26.84400177001953125 26.855070114135742188 26.86478424072265625 26.874256134033203125 26.874078750610351563 26.853250503540039063 26.830266952514648438 26.81763458251953125 26.806722640991210938 26.805830001831054688 26.806270599365234375 26.804716110229492188 26.804126739501953125 26.805086135864257813 26.814226150512695313 26.835508346557617188 26.864963531494140625 26.887994766235351563 26.899532318115234375 26.906427383422851563 26.915950775146484375 26.933315277099609375 26.949750900268554688 26.96147918701171875 26.971096038818359375 26.977056503295898438 26.983001708984375 26.989957809448242188 26.996973037719726563 27.004144668579101563
26.741571426391601563 26.73675537109375 26.730981826782226563 26.729139328002929688 26.7342681884765625 26.750827789306640625 26.770809173583984375 26.783145904541015625 26.796651840209960938 26.805917739868164063 26.813558578491210938 26.821718215942382813 26.829837799072265625 26.836360931396484375 26.844305038452148438 26.852357864379882813 26.853040695190429688 26.839702606201171875 26.827344894409179688 26.8159027099609375 26.797201156616210938 26.792659759521484375 26.791231155395507813 26.793010711669921875 26.798151016235351563 26.802507400512695313 26.814701080322265625 26.838016510009765625 26.866380691528320313 26.887279510498046875 26.898227691650390625 26.904949188232421875 26.917964935302734375 26.93518829345703125 26.947986602783203125 26.957538604736328125 26.966741561889648438 26.972749710083007813 26.979564666748046875 26.987138748168945313 26.997503280639648438 27.008769989013671875
26.72115325927734375 26.714601516723632813 26.709148406982421875 26.710540771484375 26.717084884643554688 26.734319686889648438 26.75533294677734375 26.769245147705078125 26.783237457275390625 26.794384002685546875 26.801607131958007813 26.80755615234375 26.814647674560546875 26.820440292358398438 26.82860565185546875 26.8371734619140625 26.839651107788085938 26.834959030151367188 26.831937789916992188 26.824544906616210938 26.80072021484375 26.780574798583984375 26.770399093627929688 26.7749481201171875 26.78539276123046875 26.794145584106445313 26.8152008056640625 26.84212493896484375 26.868238449096679688 26.886730194091796875 26.897661209106445313 26.904718399047851563 26.918951034545898438 26.93442535400390625 26.9447479248046875 26.95258331298828125 26.9605712890625 26.965940475463867188 26.973419189453125 26.982271194458007813 26.99504852294921875 27.010019302368164063
26.705402374267578125 26.698499679565429688 26.69361114501953125 26.694520950317382813 26.701263427734375 26.71869659423828125 26.73785400390625 26.751012802124023438 26.768415451049804688 26.784761428833007813 26.792993545532226563 26.799190521240234375 26.80632781982421875 26.811746597290039063 26.819356918334960938 26.828044891357421875 26.83457183837890625 26.83843231201171875 26.842197418212890625 26.839750289916992188 26.816953659057617188 26.782735824584960938 26.761173248291015625 26.760898590087890625 26.769903182983398438 26.78095245361328125 26.811563491821289063 26.843753814697265625 26.868854522705078125 26.8861541748046875 26.897832870483398438 26.905513763427734375 26.918592453002929688 26.931575775146484375 26.941112518310546875 26.9485015869140625 26.955682754516601563 26.960481643676757813 26.967817306518554688 26.97723388671875 26.989757537841796875 27.004833221435546875
26.695081710815429688 26.688913345336914063 26.683877944946289063 26.68218231201171875 26.687875747680664063 26.704797744750976563 26.721811294555664063 26.734264373779296875 26.755380630493164063 26.776187896728515625 26.78626251220703125 26.794210433959960938 26.80138397216796875 26.806146621704101563 26.812997817993164063 26.8211212158203125 26.829122543334960938 26.837650299072265625 26.845254898071289063 26.845899581909179688 26.828266143798828125 26.793636322021484375 26.765836715698242188 26.756704330444335938 26.761194229125976563 26.772218704223632813 26.80539703369140625 26.840291976928710938 26.863874435424804688 26.881061553955078125 26.8954925537109375 26.904382705688476563 26.916950225830078125 26.928396224975585938 26.93795013427734375 26.945709228515625 26.9528045654296875 26.95749664306640625 26.964570999145507813 26.973583221435546875 26.984331130981445313 26.997615814208984375
26.686429977416992188 26.680614471435546875 26.674860000610351563 26.67169189453125 26.675151824951171875 26.688634872436523438 26.703218460083007813 26.717229843139648438 26.74211883544921875 26.76671600341796875 26.77974700927734375 26.789318084716796875 26.7956695556640625 26.800294876098632813 26.807331085205078125 26.814962387084960938 26.82260894775390625 26.833070755004882813 26.840738296508789063 26.842630386352539063 26.833349227905273438 26.806764602661132813 26.777597427368164063 26.760873794555664063 26.761081695556640625 26.770626068115234375 26.801294326782226563 26.835247039794921875 26.85501861572265625 26.871244430541992188 26.887233734130859375 26.898107528686523438 26.9123687744140625 26.923631668090820313 26.934627532958984375 26.943777084350585938 26.95134735107421875 26.95601654052734375 26.962755203247070313 26.970829010009765625 26.979984283447265625 26.991926193237304688
26.676410675048828125 26.67148590087890625 26.666379928588867188 26.66298675537109375 26.663173675537109375 26.669507980346679688 26.679025650024414063 26.695858001708984375 26.726165771484375 26.755487442016601563 26.773357391357421875 26.784437179565429688 26.789506912231445313 26.794446945190429688 26.801910400390625 26.80879974365234375 26.815805435180664063 26.826145172119140625 26.833343505859375 26.836229324340820313 26.834850311279296875 26.817655563354492188 26.788654327392578125 26.768388748168945313 26.765636444091796875 26.773296356201171875 26.801504135131835938 26.832685470581054688 26.849170684814453125 26.862844467163085938 26.875263214111328125 26.886140823364257813 26.901266098022460938 26.913326263427734375 26.92830657958984375 26.940027236938476563 26.948726654052734375 26.953725814819335938 26.960277557373046875 26.967782974243164063 26.975652694702148438 26.987710952758789063
26.66170501708984375 26.65872955322265625 26.655941009521484375 26.654077529907226563 26.653697967529296875 26.6551513671875 26.658935546875 26.676179885864257813 26.7110748291015625 26.744245529174804688 26.7664642333984375 26.779031753540039063 26.7841796875 26.7898101806640625 26.79692840576171875 26.802274703979492188 26.808969497680664063 26.818157196044921875 26.825349807739257813 26.82849884033203125 26.829172134399414063 26.818025588989257813 26.792774200439453125 26.774044036865234375 26.768980026245117188 26.77504730224609375 26.801675796508789063 26.831525802612304688 26.85025787353515625 26.862489700317382813 26.87079620361328125 26.878114700317382813 26.888156890869140625 26.897783279418945313 26.9124603271484375 26.927478790283203125 26.940073013305664063 26.947750091552734375 26.955034255981445313 26.96367645263671875 26.971920013427734375 26.985416412353515625
26.644826889038085938 26.644948959350585938 26.645933151245117188 26.647817611694335938 26.650915145874023438 26.656219482421875 26.661769866943359375 26.6777801513671875 26.709781646728515625 26.7418975830078125 26.763813018798828125 26.775617599487304688 26.780628204345703125 26.784841537475585938 26.790266036987304688 26.796331405639648438 26.802951812744140625 26.810359954833984375 26.81479644775390625 26.816770553588867188 26.818714141845703125 26.812231063842773438 26.794420242309570313 26.776811599731445313 26.768117904663085938 26.771051406860351563 26.793407440185546875 26.825582504272460938 26.850940704345703125 26.867254257202148438 26.875492095947265625 26.879245758056640625 26.8839569091796875 26.889841079711914063 26.899175643920898438 26.913055419921875 26.929409027099609375 26.941114425659179688 26.951501846313476563 26.96443939208984375 26.974416732788085938 26.9898529052734375
26.63483428955078125 26.636701583862304688 26.639955520629882813 26.645435333251953125 26.654895782470703125 26.667520523071289063 26.677886962890625 26.696023941040039063 26.722629547119140625 26.747987747192382813 26.765672683715820313 26.775875091552734375 26.78033447265625 26.784029006958007813 26.789892196655273438 26.795351028442382813 26.800783157348632813 26.805973052978515625 26.808542251586914063 26.810327529907226563 26.811265945434570313 26.805267333984375 26.7914276123046875 26.776315689086914063 26.768260955810546875 26.769353866577148438 26.787750244140625 26.82007598876953125 26.8488616943359375 26.8670806884765625 26.875978469848632813 26.879304885864257813 26.883428573608398438 26.889955520629882813 26.900110244750976563 26.911663055419921875 26.925104141235351563 26.934902191162109375 26.94780731201171875 26.96428680419921875 26.976934432983398438 26.993350982666015625
26.625898361206054688 26.629055023193359375 26.633829116821289063 26.642314910888671875 26.660251617431640625 26.681613922119140625 26.695526123046875 26.714040756225585938 26.736211776733398438 26.754848480224609375 26.767736434936523438 26.776287078857421875 26.780504226684570313 26.7843017578125 26.790401458740234375 26.795087814331054688 26.79925537109375 26.802236557006835938 26.8034820556640625 26.804826736450195313 26.804731369018554688 26.79998779296875 26.788766860961914063 26.777738571166992188 26.771615982055664063 26.771541595458984375 26.78740692138671875 26.817544937133789063 26.846466064453125 26.864419937133789063 26.873067855834960938 26.8759307861328125 26.880746841430664063 26.890045166015625 26.90326690673828125 26.915922164916992188 26.92761993408203125 26.935098648071289063 26.946512222290039063 26.960994720458984375 26.974401473999023438 26.992063522338867188
26.618518829345703125 26.622150421142578125 26.629058837890625 26.642261505126953125 26.668521881103515625 26.695648193359375 26.710241317749023438 26.726778030395507813 26.74564361572265625 26.759983062744140625 26.76952362060546875 26.776523590087890625 26.780223846435546875 26.784158706665039063 26.790056228637695313 26.793451309204101563 26.79669952392578125 26.798547744750976563 26.7989501953125 26.799915313720703125 26.80023956298828125 26.79759979248046875 26.7900543212890625 26.783983230590820313 26.780490875244140625 26.780984878540039063 26.794673919677734375 26.820142745971679688 26.846330642700195313 26.863529205322265625 26.869638442993164063 26.870824813842773438 26.875978469848632813 26.8884735107421875 26.905475616455078125 26.921365737915039063 26.934385299682617188 26.941989898681640625 26.951520919799804688 26.96126556396484375 26.96942138671875 26.98429107666015625
26.615518569946289063 26.618877410888671875 26.627866744995117188 26.646697998046875 26.676740646362304688 26.7040557861328125 26.717882156372070313 26.7328033447265625 26.749322891235351563 26.7604522705078125 26.768278121948242188 26.77489471435546875 26.778560638427734375 26.782644271850585938 26.788488388061523438 26.791631698608398438 26.793935775756835938 26.795536041259765625 26.796319961547851563 26.79822540283203125 26.800237655639648438 26.800348281860351563 26.79683685302734375 26.79396820068359375 26.792478561401367188 26.794378280639648438 26.80501556396484375 26.82541656494140625 26.849506378173828125 26.866312026977539063 26.868480682373046875 26.868089675903320313 26.872751235961914063 26.88629913330078125 26.9052886962890625 26.924444198608398438 26.93996429443359375 26.949268341064453125 26.959100723266601563 26.96710205078125 26.971242904663085938 26.979290008544921875
26.620182037353515625 26.624616622924804688 26.634622573852539063 26.654233932495117188 26.680986404418945313 26.705369949340820313 26.718997955322265625 26.733278274536132813 26.748472213745117188 26.757368087768554688 26.763818740844726563 26.770051956176757813 26.77434539794921875 26.778982162475585938 26.785047531127929688 26.7889404296875 26.791589736938476563 26.794179916381835938 26.796186447143554688 26.798757553100585938 26.802082061767578125 26.8051910400390625 26.805452346801757813 26.805316925048828125 26.805624008178710938 26.806962966918945313 26.812875747680664063 26.827732086181640625 26.851428985595703125 26.870265960693359375 26.873046875 26.872201919555664063 26.875787734985351563 26.887561798095703125 26.905149459838867188 26.924221038818359375 26.941244125366210938 26.953113555908203125 26.965366363525390625 26.974531173706054688 26.979907989501953125 26.984661102294921875
