INPUT/RASTER/ASCII/BIO13.asc
ncols        225
nrows        269
xllcorner    473000.000000000000
yllcorner    4429100.000000000000
cellsize     50.000000000000
NODATA_value -9999
[rows 100 to 119 of 269, columns 135 to 179 of 225]
-9999 -9999 -9999 -9999 -9999 -9999 -9999 -9999 -9999 -9999 -9999 -9999 -9999 -9999 -9999 -9999 -9999 -9999 -9999 -9999 -9999 109.91661834716796875 109.60388946533203125 109.47756195068359375 109.1450347900390625 108.9273529052734375 108.75455474853515625 108.60387420654296875 108.5315704345703125 108.51357269287109375 108.49794769287109375 108.50009918212890625 108.4819183349609375 108.485626220703125 -9999 -9999 -9999 -9999 -9999 -9999 -9999 -9999 -9999 -9999 -9999
-9999 -9999 -9999 -9999 -9999 -9999 -9999 -9999 -9999 -9999 -9999 -9999 -9999 -9999 -9999 -9999 -9999 -9999 -9999 -9999 -9999 109.9265899658203125 109.67049407958984375 109.5623931884765625 109.193695068359375 108.8959503173828125 108.726470947265625 108.58205413818359375 108.5069732666015625 108.47927093505859375 108.47335052490234375 108.46370697021484375 108.457275390625 108.44380950927734375 -9999 -9999 -9999 -9999 -9999 -9999 -9999 -9999 -9999 -9999 -9999
-9999 -9999 -9999 -9999 -9999 -9999 -9999 -9999 -9999 -9999 -9999 -9999 -9999 -9999 -9999 -9999 -9999 -9999 -9999 -9999 110.1225128173828125 109.8847503662109375 109.65191650390625 109.57196044921875 109.205963134765625 108.9123687744140625 108.70326995849609375 108.5519866943359375 108.50969696044921875 108.46743011474609375 108.44869232177734375 108.423553466796875 108.4188995361328125 108.39461517333984375 108.39092254638671875 -9999 -9999 -9999 -9999 -9999 -9999 -9999 -9999 -9999 -9999
-9999 -9999 -9999 -9999 -9999 -9999 -9999 -9999 -9999 -9999 -9999 -9999 -9999 -9999 -9999 -9999 -9999 -9999 -9999 -9999 109.9774017333984375 109.7752838134765625 109.57477569580078125 109.4884185791015625 109.14914703369140625 108.876678466796875 108.64345550537109375 108.485931396484375 108.43975067138671875 108.4216461181640625 108.4197235107421875 108.36605072021484375 108.34880828857421875 108.30512237548828125 108.27870941162109375 -9999 -9999 -9999 -9999 -9999 -9999 -9999 -9999 -9999 -9999
-9999 -9999 -9999 -9999 -9999 -9999 -9999 -9999 -9999 -9999 -9999 -9999 -9999 -9999 -9999 -9999 -9999 -9999 -9999 -9999 109.9048004150390625 109.72748565673828125 109.537506103515625 109.45001220703125 109.07415008544921875 108.8382568359375 108.61220550537109375 108.46755218505859375 108.42862701416015625 108.4051361083984375 108.40857696533203125 108.3499908447265625 108.2965850830078125 108.260345458984375 108.208251953125 108.2257843017578125 -9999 -9999 -9999 -9999 -9999 -9999 -9999 -9999 -9999
-9999 -9999 -9999 -9999 -9999 -9999 -9999 -9999 -9999 -9999 -9999 -9999 -9999 -9999 -9999 -9999 -9999 -9999 -9999 -9999 -9999 109.6402130126953125 109.4658355712890625 109.344482421875 108.99346923828125 108.76560211181640625 108.55889129638671875 108.451080322265625 108.4174652099609375 108.38526153564453125 108.35634613037109375 108.31432342529296875 108.28533172607421875 108.2218780517578125 108.14913177490234375 108.159759521484375 108.13909149169921875 108.2052459716796875 -9999 -9999 -9999 -9999 -9999 -9999 -9999
-9999 -9999 -9999 -9999 -9999 -9999 -9999 -9999 -9999 -9999 -9999 -9999 -9999 -9999 -9999 -9999 -9999 -9999 -9999 -9999 109.6800537109375 109.56678009033203125 109.35308837890625 109.1773529052734375 108.921417236328125 108.67365264892578125 108.5011444091796875 108.443145751953125 108.38695526123046875 108.3819122314453125 108.32578277587890625 108.26969146728515625 108.234161376953125 108.16446685791015625 108.12030029296875 108.10164642333984375 108.1003875732421875 108.12993621826171875 108.15265655517578125 108.1495819091796875 108.124481201171875 108.1024322509765625 108.0500030517578125 107.9975738525390625 107.9109649658203125
-9999 -9999 -9999 -9999 -9999 -9999 -9999 -9999 -9999 -9999 -9999 -9999 -9999 -9999 -9999 -9999 -9999 -9999 -9999 -9999 109.607391357421875 109.45581817626953125 109.19135284423828125 109.0157623291015625 108.80970001220703125 108.60898590087890625 108.48082733154296875 108.3665008544921875 108.3509979248046875 108.337890625 108.2746124267578125 108.24219512939453125 108.169219970703125 108.1403961181640625 108.10019683837890625 108.077606201171875 108.0721893310546875 108.06817626953125 108.0999908447265625 108.0968017578125 108.05572509765625 108.06006622314453125 107.99483489990234375 107.95429229736328125 107.8556671142578125
-9999 -9999 -9999 -9999 -9999 -9999 -9999 -9999 -9999 -9999 -9999 -9999 -9999 -9999 -9999 -9999 -9999 -9999 -9999 -9999 109.5347137451171875 109.3749542236328125 109.09374237060546875 108.97039794921875 108.7535552978515625 108.5840606689453125 108.45827484130859375 108.3209991455078125 108.28093719482421875 108.268310546875 108.2358856201171875 108.19992828369140625 108.123565673828125 108.09845733642578125 108.0546875 108.038726806640625 108.03447723388671875 108.036041259765625 108.0536651611328125 108.04779052734375 108.0234832763671875 108.01784515380859375 107.9556884765625 107.91419219970703125 107.80960845947265625
-9999 -9999 -9999 -9999 -9999 -9999 -9999 -9999 -9999 -9999 -9999 -9999 -9999 -9999 -9999 -9999 -9999 109.981903076171875 109.6873626708984375 109.4225921630859375 109.23209381103515625 109.17792510986328125 108.98613739013671875 108.900115966796875 108.72678375244140625 108.56150054931640625 108.40932464599609375 108.1957244873046875 108.13590240478515625 108.1082916259765625 108.02838897705078125 108.0554962158203125 108.018463134765625 108.03122711181640625 108.0095062255859375 107.99498748779296875 107.996337890625 107.96478271484375 108.00041961669921875 107.99884033203125 107.9588165283203125 107.95685577392578125 107.8909149169921875 107.849029541015625 107.7309722900390625
-9999 -9999 -9999 -9999 -9999 -9999 -9999 -9999 -9999 -9999 -9999 -9999 -9999 -9999 -9999 -9999 -9999 109.897369384765625 109.614776611328125 109.28894805908203125 109.091033935546875 109.02796173095703125 108.92694091796875 108.86837005615234375 108.6998748779296875 108.5159912109375 108.33104705810546875 108.122772216796875 108.07425689697265625 107.98546600341796875 107.928009033203125 107.94625091552734375 107.94533538818359375 107.97400665283203125 107.9566497802734375 107.9559478759765625 107.96804046630859375 107.9530029296875 107.9680633544921875 107.96195220947265625 107.9400787353515625 107.9186859130859375 107.8652801513671875 107.7901763916015625 107.69156646728515625
-9999 -9999 -9999 -9999 -9999 -9999 -9999 -9999 -9999 -9999 -9999 -9999 -9999 -9999 -9999 -9999 -9999 109.842132568359375 109.583221435546875 109.18759918212890625 108.963653564453125 108.906402587890625 108.85817718505859375 108.81610107421875 108.6642913818359375 108.50464630126953125 108.27661895751953125 108.0361175537109375 107.9837493896484375 107.89589691162109375 107.84124755859375 107.8593292236328125 107.878997802734375 107.90573883056640625 107.91196441650390625 107.9100341796875 107.9222412109375 107.9411773681640625 107.92641448974609375 107.92528533935546875 107.9212799072265625 107.9030914306640625 107.832733154296875 107.74233245849609375 107.6384124755859375
-9999 -9999 -9999 -9999 -9999 -9999 -9999 -9999 -9999 -9999 -9999 -9999 -9999 -9999 -9999 -9999 110.05817413330078125 109.83969879150390625 109.5790252685546875 109.139862060546875 108.849945068359375 108.73677825927734375 108.72881317138671875 108.7159576416015625 108.609771728515625 108.4385833740234375 108.23520660400390625 107.997283935546875 107.9187774658203125 107.80319976806640625 107.75445556640625 107.75890350341796875 107.7989349365234375 107.81168365478515625 107.83197021484375 107.8367156982421875 107.85776519775390625 107.8814239501953125 107.8650970458984375 107.88056182861328125 107.8819122314453125 107.85787200927734375 107.786468505859375 107.68848419189453125 107.619415283203125
-9999 -9999 -9999 -9999 -9999 -9999 -9999 -9999 -9999 -9999 -9999 -9999 -9999 -9999 -9999 110.0376739501953125 109.9971466064453125 109.8122711181640625 109.568023681640625 109.12590789794921875 108.7772674560546875 108.65003204345703125 108.6623382568359375 108.6636505126953125 108.55423736572265625 108.39983367919921875 108.18611907958984375 107.93108367919921875 107.84728240966796875 107.74578094482421875 107.722320556640625 107.686004638671875 107.6846466064453125 107.65775299072265625 107.64511871337890625 107.68813323974609375 107.7693023681640625 107.81479644775390625 107.814178466796875 107.81851959228515625 107.815155029296875 107.7843170166015625 107.719635009765625 107.6264495849609375 107.5524749755859375
-9999 -9999 -9999 -9999 -9999 -9999 -9999 -9999 -9999 -9999 -9999 -9999 -9999 -9999 -9999 109.9448089599609375 109.90453338623046875 109.75812530517578125 109.5365142822265625 109.1023712158203125 108.71141815185546875 108.6010284423828125 108.60036468505859375 108.6113433837890625 108.4729766845703125 108.33371734619140625 108.0816497802734375 107.858001708984375 107.766754150390625 107.69614410400390625 107.669647216796875 107.60428619384765625 107.5839996337890625 107.5058746337890625 107.50014495849609375 107.57369232177734375 107.694580078125 107.76862335205078125 107.76168060302734375 107.74855804443359375 107.748321533203125 107.70037078857421875 107.659576416015625 107.57108306884765625 107.526519775390625
-9999 -9999 -9999 -9999 -9999 -9999 -9999 -9999 -9999 -9999 -9999 -9999 -9999 -9999 -9999 109.817779541015625 109.79064178466796875 109.687255859375 109.4913330078125 109.07741546630859375 108.70025634765625 108.48638916015625 108.4219512939453125 108.490631103515625 108.31401824951171875 108.2538909912109375 107.89705657958984375 107.7254180908203125 107.66535186767578125 107.6039886474609375 107.5846710205078125 107.50695037841796875 107.45092010498046875 107.41010284423828125 107.423004150390625 107.474578857421875 107.61513519287109375 107.69663238525390625 107.67398834228515625 107.62329864501953125 107.6145172119140625 107.58463287353515625 107.5735015869140625 107.47979736328125 107.42655181884765625
-9999 -9999 -9999 -9999 -9999 -9999 -9999 -9999 -9999 -9999 -9999 -9999 -9999 -9999 -9999 -9999 109.70635986328125 109.65183258056640625 109.4830474853515625 109.04860687255859375 108.62322998046875 108.36438751220703125 108.247314453125 108.2149810791015625 108.12038421630859375 108.0121307373046875 107.80132293701171875 107.65908050537109375 107.60974884033203125 107.54853057861328125 107.5250244140625 107.45375823974609375 107.4116668701171875 107.36083984375 107.36580657958984375 107.4146881103515625 107.549407958984375 107.6639862060546875 107.59030914306640625 107.5429229736328125 107.5543670654296875 107.52388763427734375 107.499603271484375 107.4162139892578125 107.3867340087890625
-9999 -9999 -9999 -9999 -9999 -9999 -9999 -9999 -9999 -9999 -9999 -9999 -9999 -9999 -9999 -9999 109.6651458740234375 109.640380859375 109.46999359130859375 109.0330352783203125 108.5585784912109375 108.33718109130859375 108.2716827392578125 108.23210906982421875 108.0929107666015625 107.8888397216796875 107.7258453369140625 107.60394287109375 107.56787109375 107.495758056640625 107.43549346923828125 107.3983306884765625 107.37237548828125 107.31218719482421875 107.32094573974609375 107.36843109130859375 107.460662841796875 107.56974029541015625 107.449554443359375 107.4125518798828125 107.50099945068359375 107.472869873046875 107.4461669921875 107.35984039306640625 107.32635498046875
-9999 -9999 -9999 -9999 -9999 -9999 -9999 -9999 -9999 -9999 -9999 -9999 -9999 -9999 -9999 -9999 109.6160736083984375 109.5536956787109375 109.36801910400390625 108.9336700439453125 108.528076171875 108.37444305419921875 108.28778839111328125 108.25601959228515625 108.04213714599609375 107.82018280029296875 107.6903228759765625 107.5282135009765625 107.51267242431640625 107.43996429443359375 107.3527069091796875 107.335968017578125 107.28940582275390625 107.2497100830078125 107.266571044921875 107.28868865966796875 107.36188507080078125 107.3599090576171875 107.28273773193359375 107.2381439208984375 107.38323974609375 107.4293212890625 107.38983154296875 107.309326171875 107.2595977783203125
-9999 -9999 -9999 -9999 -9999 -9999 -9999 -9999 -9999 -9999 109.4384002685546875 109.55847930908203125 -9999 -9999 -9999 -9999 -9999 109.497589111328125 109.26810455322265625 108.814117431640625 108.475799560546875 108.3770751953125 108.2902374267578125 108.23773193359375 108.00049591064453125 107.7880401611328125 107.662200927734375 107.50958251953125 107.4727783203125 107.3974456787109375 107.31341552734375 107.278533935546875 107.2131805419921875 107.18515777587890625 107.1605682373046875 107.133636474609375 107.22408294677734375 107.1841583251953125 107.20099639892578125 107.21506500244140625 107.299560546875 107.3671112060546875 107.3470611572265625 107.27942657470703125 107.1995697021484375
