INPUT/RASTER/ASCII/BIO14.asc
ncols        225
nrows        269
xllcorner    473000.000000000000
yllcorner    4429100.000000000000
cellsize     50.000000000000
NODATA_value -9999
[rows 200 to 219 of 269, columns 44 to 87 of 225]
6.3311810493469238281 6.404369354248046875 6.4867682456970214844 6.5513033866882324219 6.5811104774475097656 6.595943450927734375 6.6040768623352050781 6.5848131179809570312 6.4840822219848632812 6.4267930984497070312 6.3118414878845214844 6.24912261962890625 6.244251251220703125 6.2537631988525390625 6.2696270942687988281 6.3110899925231933594 6.394287109375 6.4833331108093261719 6.5575246810913085938 6.5659894943237304688 6.5941367149353027344 6.6015424728393554688 6.6399292945861816406 6.6976132392883300781 6.719379425048828125 6.7568774223327636719 6.7795867919921875 6.7993874549865722656 6.8158273696899414062 6.8119597434997558594 6.803070068359375 6.8020229339599609375 6.8008761405944824219 6.7713747024536132812 6.6847047805786132812 6.5733714103698730469 6.5602917671203613281 6.5731868743896484375 6.6086664199829101562 6.6636958122253417969 6.75634002685546875 6.8220129013061523438 6.8406810760498046875 6.8433527946472167969
6.1808714866638183594 6.2630314826965332031 6.3691792488098144531 6.5280637741088867188 6.5794839859008789062 6.5450701713562011719 6.5099992752075195312 6.4779849052429199219 6.3890695571899414062 6.3481531143188476562 6.2711286544799804688 6.2465448379516601562 6.2437233924865722656 6.2785778045654296875 6.3211836814880371094 6.3994231224060058594 6.4908900260925292969 6.5793008804321289062 6.6276712417602539062 6.6316204071044921875 6.6652226448059082031 6.6890625953674316406 6.7253198623657226562 6.7582983970642089844 6.7678275108337402344 6.7844934463500976562 6.7987036705017089844 6.8137578964233398438 6.8190717697143554688 6.8066387176513671875 6.78551483154296875 6.7805962562561035156 6.7480721473693847656 6.6725587844848632812 6.5780658721923828125 6.4717040061950683594 6.4983921051025390625 6.5412015914916992188 6.6336627006530761719 6.73017120361328125 6.8256249427795410156 6.8282704353332519531 6.7909154891967773438 6.791942596435546875
6.030651092529296875 6.0946359634399414062 6.1677041053771972656 6.2623891830444335938 6.2874441146850585938 6.2577028274536132812 6.2424626350402832031 6.2359523773193359375 6.250030517578125 6.2663850784301757812 6.2548947334289550781 6.2640318870544433594 6.287601470947265625 6.3820257186889648438 6.49029541015625 6.607341766357421875 6.6462807655334472656 6.6812758445739746094 6.6999187469482421875 6.7089619636535644531 6.7440724372863769531 6.7632231712341308594 6.7801203727722167969 6.7889509201049804688 6.7942523956298828125 6.8009662628173828125 6.8066892623901367188 6.814056396484375 6.8183193206787109375 6.8048601150512695312 6.7743625640869140625 6.7606205940246582031 6.7032976150512695312 6.6226663589477539062 6.5068192481994628906 6.4454202651977539062 6.4825081825256347656 6.5328617095947265625 6.6307053565979003906 6.7510175704956054688 6.8276643753051757812 6.8151230812072753906 6.74948883056640625 6.7368068695068359375
6.0357427597045898438 6.0685238838195800781 6.104251861572265625 6.1285943984985351562 6.1386480331420898438 6.1429457664489746094 6.1540269851684570312 6.1780924797058105469 6.2296228408813476562 6.2691426277160644531 6.2934575080871582031 6.319995880126953125 6.3692202568054199219 6.4729394912719726562 6.5947217941284179688 6.6477694511413574219 6.6625566482543945312 6.6947922706604003906 6.7095775604248046875 6.7229256629943847656 6.7537260055541992188 6.7653675079345703125 6.7680559158325195312 6.7759232521057128906 6.7813992500305175781 6.7917127609252929688 6.7958898544311523438 6.8082914352416992188 6.8175592422485351562 6.8028235435485839844 6.7594242095947265625 6.7384495735168457031 6.6682691574096679688 6.5765452384948730469 6.4357857704162597656 6.3907880783081054688 6.4557442665100097656 6.5160112380981445312 6.6127443313598632812 6.7279505729675292969 6.7881298065185546875 6.7737460136413574219 6.7023878097534179688 6.6812191009521484375
6.0690617561340332031 6.0537390708923339844 6.0608134269714355469 6.0694212913513183594 6.0847163200378417969 6.1085362434387207031 6.1184854507446289062 6.1700739860534667969 6.2356581687927246094 6.3041257858276367188 6.3748316764831542969 6.4175162315368652344 6.4758281707763671875 6.5458950996398925781 6.6051130294799804688 6.6097135543823242188 6.6353678703308105469 6.6821455955505371094 6.7078905105590820312 6.7197012901306152344 6.7454214096069335938 6.7414083480834960938 6.7353992462158203125 6.7439928054809570312 6.7349257469177246094 6.7503309249877929688 6.7566609382629394531 6.7893171310424804688 6.8120660781860351562 6.7941021919250488281 6.7388095855712890625 6.70546722412109375 6.6296782493591308594 6.52852630615234375 6.3656229972839355469 6.31819915771484375 6.4149384498596191406 6.491596221923828125 6.6016445159912109375 6.698944091796875 6.7391414642333984375 6.7199354171752929688 6.6666154861450195312 6.6422376632690429688
6.1119208335876464844 6.06917572021484375 6.0676875114440917969 6.0716447830200195312 6.0988321304321289062 6.1352643966674804688 6.1452856063842773438 6.206523895263671875 6.2766389846801757812 6.3640766143798828125 6.4652738571166992188 6.5074696540832519531 6.5569796562194824219 6.59616851806640625 6.5873632431030273438 6.554103851318359375 6.5779399871826171875 6.639774322509765625 6.6854114532470703125 6.6859941482543945312 6.7134909629821777344 6.6861729621887207031 6.6695265769958496094 6.6837139129638671875 6.6680245399475097656 6.6900472640991210938 6.6958394050598144531 6.7524499893188476562 6.7895612716674804688 6.7558817863464355469 6.6983480453491210938 6.6560950279235839844 6.5598745346069335938 6.4719977378845214844 6.3234457969665527344 6.294727325439453125 6.3902354240417480469 6.4737863540649414062 6.5846223831176757812 6.6637349128723144531 6.6910905838012695312 6.6741724014282226562 6.6450071334838867188 6.6250257492065429688
6.1705422401428222656 6.1006641387939453125 6.1018309593200683594 6.0965328216552734375 6.1350827217102050781 6.179073333740234375 6.1947503089904785156 6.2649302482604980469 6.3336710929870605469 6.4307165145874023438 6.5261282920837402344 6.5652942657470703125 6.595729827880859375 6.6001424789428710938 6.5522050857543945312 6.507358551025390625 6.5223917961120605469 6.5639247894287109375 6.6289148330688476562 6.6140003204345703125 6.6475424766540527344 6.6039686203002929688 6.5837903022766113281 6.6120896339416503906 6.5911016464233398438 6.6221981048583984375 6.6264524459838867188 6.6816563606262207031 6.724536895751953125 6.6863675117492675781 6.6645836830139160156 6.5958571434020996094 6.4818639755249023438 6.4116826057434082031 6.2934398651123046875 6.278804779052734375 6.3592867851257324219 6.4465227127075195312 6.5280752182006835938 6.5975050926208496094 6.6335849761962890625 6.6179881095886230469 6.6186680793762207031 6.5982832908630371094
6.2623271942138671875 6.1903910636901855469 6.158115386962890625 6.1631340980529785156 6.1810970306396484375 6.2242178916931152344 6.2268047332763671875 6.3339648246765136719 6.3991975784301757812 6.4874706268310546875 6.5606122016906738281 6.5938243865966796875 6.6098489761352539062 6.5814352035522460938 6.5458984375 6.4829206466674804688 6.46683502197265625 6.4507741928100585938 6.5402898788452148438 6.4757361412048339844 6.5617475509643554688 6.4706034660339355469 6.4559106826782226562 6.5262861251831054688 6.4777154922485351562 6.5505609512329101562 6.5386219024658203125 6.5905919075012207031 6.6462793350219726562 6.5935549736022949219 6.6061587333679199219 6.5084095001220703125 6.4065890312194824219 6.3598623275756835938 6.2666687965393066406 6.2572073936462402344 6.2991261482238769531 6.3899660110473632812 6.4175233840942382812 6.4901328086853027344 6.56568145751953125 6.5220279693603515625 6.5705943107604980469 6.5364809036254882812
6.3885297775268554688 6.4419240951538085938 6.297496795654296875 6.3169240951538085938 6.2573990821838378906 6.304500579833984375 6.3384389877319335938 6.4383554458618164062 6.5226650238037109375 6.5602679252624511719 6.5857372283935546875 6.6164140701293945312 6.6235170364379882812 6.6168141365051269531 6.57798004150390625 6.526889801025390625 6.42426300048828125 6.3499646186828613281 6.3130207061767578125 6.3119678497314453125 6.3160457611083984375 6.3116102218627929688 6.309589385986328125 6.32071685791015625 6.3762340545654296875 6.3969402313232421875 6.4599981307983398438 6.5051784515380859375 6.5205068588256835938 6.4976606369018554688 6.4779500961303710938 6.4252367019653320312 6.3346099853515625 6.2977657318115234375 6.2560963630676269531 6.24138641357421875 6.2424550056457519531 6.2692742347717285156 6.2846708297729492188 6.3626985549926757812 6.4383554458618164062 6.416713714599609375 6.4602565765380859375 6.4555392265319824219
6.4978551864624023438 6.5234398841857910156 6.4508380889892578125 6.4126234054565429688 6.3587269783020019531 6.406391143798828125 6.46988677978515625 6.5335011482238769531 6.5965576171875 6.6033115386962890625 6.6181592941284179688 6.635112762451171875 6.63775634765625 6.6538877487182617188 6.6272859573364257812 6.542346954345703125 6.4618015289306640625 6.3238477706909179688 6.2688374519348144531 6.2459325790405273438 6.2052564620971679688 6.2412800788879394531 6.2634663581848144531 6.2850208282470703125 6.355159759521484375 6.392414093017578125 6.4358038902282714844 6.4818325042724609375 6.4578704833984375 6.450923919677734375 6.4261732101440429688 6.3692975044250488281 6.299190521240234375 6.2785701751708984375 6.2626624107360839844 6.2368230819702148438 6.2156972885131835938 6.2174692153930664062 6.23978424072265625 6.2829952239990234375 6.3511095046997070312 6.3757581710815429688 6.4041738510131835938 6.4149036407470703125
6.5296216011047363281 6.5529890060424804688 6.5240468978881835938 6.4875316619873046875 6.4514346122741699219 6.4881997108459472656 6.5325274467468261719 6.5794157981872558594 6.6090631484985351562 6.6106791496276855469 6.6257319450378417969 6.6390361785888671875 6.6461987495422363281 6.66536712646484375 6.6589345932006835938 6.5967607498168945312 6.50067138671875 6.3305673599243164062 6.2651929855346679688 6.2199501991271972656 6.1770462989807128906 6.2120656967163085938 6.2593178749084472656 6.3049840927124023438 6.3684368133544921875 6.41048431396484375 6.4582610130310058594 6.481182098388671875 6.433422088623046875 6.3867125511169433594 6.3252582550048828125 6.3143815994262695312 6.2544355392456054688 6.2404661178588867188 6.2324686050415039062 6.1935138702392578125 6.1875028610229492188 6.1760420799255371094 6.2055687904357910156 6.258144378662109375 6.2969145774841308594 6.339839935302734375 6.3528013229370117188 6.3768787384033203125
6.53094482421875 6.5608029365539550781 6.5521883964538574219 6.5397586822509765625 6.5242514610290527344 6.5517053604125976562 6.5762658119201660156 6.6006317138671875 6.6140031814575195312 6.6149811744689941406 6.6325259208679199219 6.6486186981201171875 6.6552991867065429688 6.6730580329895019531 6.6693811416625976562 6.6096820831298828125 6.4885196685791015625 6.32093048095703125 6.2426462173461914062 6.1973519325256347656 6.158275604248046875 6.1913266181945800781 6.2565779685974121094 6.3154921531677246094 6.3851566314697265625 6.4247674942016601562 6.4757480621337890625 6.4852786064147949219 6.4165239334106445312 6.3270587921142578125 6.2573418617248535156 6.2588367462158203125 6.2194771766662597656 6.1923818588256835938 6.1842274665832519531 6.1492013931274414062 6.1487588882446289062 6.1421175003051757812 6.1790142059326171875 6.2386140823364257812 6.2705378532409667969 6.301578521728515625 6.3160257339477539062 6.3424386978149414062
6.5310125350952148438 6.5411410331726074219 6.5477013587951660156 6.5711956024169921875 6.5729308128356933594 6.5885362625122070312 6.597324371337890625 6.6107535362243652344 6.6170454025268554688 6.6193361282348632812 6.6380190849304199219 6.6544146537780761719 6.6627469062805175781 6.6779069900512695312 6.6690869331359863281 6.6016116142272949219 6.4773044586181640625 6.3042054176330566406 6.2333173751831054688 6.1829390525817871094 6.1413850784301757812 6.1704225540161132812 6.2481846809387207031 6.3099331855773925781 6.3829617500305175781 6.4107036590576171875 6.4518818855285644531 6.447925567626953125 6.3920612335205078125 6.289196014404296875 6.2253170013427734375 6.206287384033203125 6.1682252883911132812 6.1367325782775878906 6.1319785118103027344 6.10582733154296875 6.1049933433532714844 6.100627899169921875 6.1456923484802246094 6.2083644866943359375 6.2318739891052246094 6.2535581588745117188 6.26885223388671875 6.2969789505004882812
6.5328326225280761719 6.5393848419189453125 6.5502610206604003906 6.5640673637390136719 6.573429107666015625 6.6016893386840820312 6.6070384979248046875 6.6198635101318359375 6.6266927719116210938 6.6251010894775390625 6.6440863609313964844 6.6602015495300292969 6.6671481132507324219 6.6695222854614257812 6.6583313941955566406 6.5672559738159179688 6.4453845024108886719 6.2840509414672851562 6.2126445770263671875 6.1683750152587890625 6.1329903602600097656 6.1575388908386230469 6.2380151748657226562 6.2949194908142089844 6.3302578926086425781 6.3626227378845214844 6.3859004974365234375 6.3775320053100585938 6.3335824012756347656 6.2573022842407226562 6.1857285499572753906 6.1516504287719726562 6.1117434501647949219 6.0631651878356933594 6.0646729469299316406 6.0511798858642578125 6.0344533920288085938 6.0346364974975585938 6.0877671241760253906 6.1311583518981933594 6.12996673583984375 6.1654443740844726562 6.1763782501220703125 6.2079010009765625
6.540004730224609375 6.5452923774719238281 6.558300018310546875 6.5728163719177246094 6.584568023681640625 6.5976290702819824219 6.6021585464477539062 6.620487213134765625 6.6293172836303710938 6.6362705230712890625 6.6515774726867675781 6.6594696044921875 6.66019439697265625 6.6442251205444335938 6.5941662788391113281 6.4862170219421386719 6.3891205787658691406 6.2623000144958496094 6.1882796287536621094 6.1415357589721679688 6.1067304611206054688 6.1345829963684082031 6.2233071327209472656 6.2601470947265625 6.2643542289733886719 6.2551035881042480469 6.2406706809997558594 6.2170863151550292969 6.1703143119812011719 6.101909637451171875 6.0366220474243164062 6.0381340980529785156 6.0172014236450195312 6.0074715614318847656 6.0330867767333984375 6.0399065017700195312 6.0051898956298828125 6.0072994232177734375 6.0477900505065917969 6.0749073028564453125 6.0808935165405273438 6.1030917167663574219 6.1254086494445800781 6.1446590423583984375
6.5534605979919433594 6.5529546737670898438 6.5631489753723144531 6.5767049789428710938 6.5922551155090332031 6.605930328369140625 6.6098294258117675781 6.6256022453308105469 6.6360368728637695312 6.6447138786315917969 6.6574029922485351562 6.6605091094970703125 6.6575231552124023438 6.6329817771911621094 6.5522098541259765625 6.4305706024169921875 6.3579378128051757812 6.2462139129638671875 6.18080902099609375 6.142040252685546875 6.1002025604248046875 6.1213560104370117188 6.19313812255859375 6.2167716026306152344 6.201873779296875 6.1947202682495117188 6.1713576316833496094 6.1360335350036621094 6.097644805908203125 6.0211076736450195312 5.9932341575622558594 5.9870042800903320312 5.971920013427734375 5.964893341064453125 5.9937696456909179688 6.0087881088256835938 5.9824018478393554688 5.97901153564453125 5.997776031494140625 6.0195155143737792969 6.0308694839477539062 6.0487880706787109375 6.0857706069946289062 6.0976338386535644531
6.5673532485961914062 6.5653319358825683594 6.5709471702575683594 6.5824728012084960938 6.5998959541320800781 6.6137676239013671875 6.6156015396118164062 6.6278986930847167969 6.6418027877807617188 6.6462626457214355469 6.6539063453674316406 6.6615400314331054688 6.6566066741943359375 6.6236200332641601562 6.5331392288208007812 6.4051465988159179688 6.3503708839416503906 6.2645535469055175781 6.2111191749572753906 6.1706509590148925781 6.1135053634643554688 6.1191663742065429688 6.1461963653564453125 6.1516604423522949219 6.1344585418701171875 6.1352753639221191406 6.1171007156372070312 6.0852313041687011719 6.0448069572448730469 5.9877262115478515625 5.970623016357421875 5.9545917510986328125 5.9379687309265136719 5.9300217628479003906 5.9490804672241210938 5.9682173728942871094 5.9590239524841308594 5.9582753181457519531 5.9567055702209472656 5.9744420051574707031 5.9931211471557617188 6.0149831771850585938 6.064075469970703125 6.0689954757690429688
6.5784854888916015625 6.5720319747924804688 6.5809717178344726562 6.5910663604736328125 6.6075959205627441406 6.6194119453430175781 6.6204204559326171875 6.6268057823181152344 6.6400022506713867188 6.6398892402648925781 6.6453104019165039062 6.65406036376953125 6.6560902595520019531 6.6246418952941894531 6.5474677085876464844 6.4203367233276367188 6.3694691658020019531 6.2894659042358398438 6.252758026123046875 6.1896023750305175781 6.1182990074157714844 6.1081418991088867188 6.1128516197204589844 6.0950450897216796875 6.0759897232055664062 6.088104248046875 6.0702190399169921875 6.04805755615234375 6.0146350860595703125 5.9878902435302734375 5.9650096893310546875 5.9522752761840820312 5.9134578704833984375 5.8998765945434570312 5.9093418121337890625 5.9266958236694335938 5.9344925880432128906 5.9375333786010742188 5.9301238059997558594 5.9396834373474121094 5.9619798660278320312 5.9950075149536132812 6.0508775711059570312 6.0490312576293945312
6.5844979286193847656 6.5843906402587890625 6.5938754081726074219 6.6015400886535644531 6.6155524253845214844 6.62509918212890625 6.6223955154418945312 6.6294102668762207031 6.6344146728515625 6.6191992759704589844 6.6316380500793457031 6.6484632492065429688 6.6515903472900390625 6.6351032257080078125 6.5692186355590820312 6.4563031196594238281 6.3856577873229980469 6.2888865470886230469 6.2547125816345214844 6.1774053573608398438 6.1013574600219726562 6.0767145156860351562 6.0768575668334960938 6.0516481399536132812 6.0270833969116210938 6.039981842041015625 6.0278115272521972656 6.0379800796508789062 6.0250792503356933594 6.02339935302734375 6.0028467178344726562 5.9858484268188476562 5.9257841110229492188 5.8920645713806152344 5.8915934562683105469 5.90500640869140625 5.9206943511962890625 5.924343109130859375 5.9113163948059082031 5.9111881256103515625 5.934612274169921875 5.9652838706970214844 6.0121674537658691406 6.0061373710632324219
6.588165283203125 6.5962977409362792969 6.6063032150268554688 6.6158156394958496094 6.6243672370910644531 6.6316318511962890625 6.6352605819702148438 6.6376357078552246094 6.5962595939636230469 6.5570497512817382812 6.5899825096130371094 6.6390790939331054688 6.6318745613098144531 6.6361103057861328125 6.5696959495544433594 6.4648656845092773438 6.3421678543090820312 6.2270498275756835938 6.22454071044921875 6.1134471893310546875 6.0721282958984375 6.0491385459899902344 6.0275564193725585938 6.0120229721069335938 5.9733715057373046875 5.9890184402465820312 5.9783158302307128906 6.0196337699890136719 6.0600786209106445312 6.0352458953857421875 6.03311920166015625 5.9768037796020507812 5.9248785972595214844 5.8770360946655273438 5.8866205215454101562 5.9107084274291992188 5.9149718284606933594 5.9064240455627441406 5.892551422119140625 5.8876223564147949219 5.9110174179077148438 5.9260544776916503906 5.9687290191650390625 5.9654998779296875
