INPUT/RASTER/ASCII/BIO11.asc
ncols        225
nrows        269
xllcorner    473009.983799999987
yllcorner    4429051.174800000153
cellsize     50.000000000000
NODATA_value -9999
[rows 57 to 75 of 269, columns 42 to 83 of 225]
9.0096950531005859375 9.0044107437133789063 8.99298858642578125 8.9842214584350585938 8.9747066497802734375 8.964977264404296875 8.9603319168090820313 8.957553863525390625 8.95623779296875 8.9544391632080078125 8.9505910873413085938 8.9455156326293945313 8.9412136077880859375 8.93309783935546875 8.9202899932861328125 8.91312408447265625 8.9108591079711914063 8.911693572998046875 8.91233062744140625 8.90991973876953125 8.9066057205200195313 8.9060497283935546875 8.9125776290893554688 8.9223756790161132813 8.9252338409423828125 8.9244298934936523438 8.92301177978515625 8.9219198226928710938 8.9210691452026367188 8.9225444793701171875 8.9255857467651367188 8.927700042724609375 8.93032073974609375 8.9320507049560546875 8.9315004348754882813 8.9287586212158203125 8.9268465042114257813 8.9263906478881835938 8.924144744873046875 8.91677093505859375 8.9077234268188476563 8.896083831787109375
9.0197210311889648438 9.0157651901245117188 9.0076084136962890625 8.9995355606079101563 8.9896688461303710938 8.980739593505859375 8.9770231246948242188 8.9746580123901367188 8.9725084304809570313 8.9700555801391601563 8.965450286865234375 8.9588537216186523438 8.9535856246948242188 8.9451198577880859375 8.9349489212036132813 8.9309625625610351563 8.930255889892578125 8.9317502975463867188 8.9323263168334960938 8.9282131195068359375 8.9222564697265625 8.92138671875 8.9284162521362304688 8.9345083236694335938 8.9337291717529296875 8.9304800033569335938 8.92650604248046875 8.9242725372314453125 8.9226703643798828125 8.9233064651489257813 8.92596435546875 8.9285955429077148438 8.9319744110107421875 8.933757781982421875 8.9337520599365234375 8.9316568374633789063 8.9302978515625 8.9298372268676757813 8.9279184341430664063 8.9239368438720703125 8.9176759719848632813 8.9117107391357421875
9.0207366943359375 9.0180454254150390625 9.0125741958618164063 9.00514984130859375 8.9961090087890625 8.9894733428955078125 8.9871244430541992188 8.9848384857177734375 8.9822015762329101563 8.9796552658081054688 8.9736728668212890625 8.9649896621704101563 8.959598541259765625 8.9544582366943359375 8.9505157470703125 8.9489612579345703125 8.9482107162475585938 8.9501104354858398438 8.950992584228515625 8.9479656219482421875 8.9459009170532226563 8.94864654541015625 8.9549627304077148438 8.9507322311401367188 8.9443655014038085938 8.9409952163696289063 8.937412261962890625 8.9333896636962890625 8.9286651611328125 8.9272603988647460938 8.9283771514892578125 8.9303102493286132813 8.9328336715698242188 8.9342660903930664063 8.9341726303100585938 8.9333772659301757813 8.9336538314819335938 8.9330949783325195313 8.9308347702026367188 8.9270505905151367188 8.9218683242797851563 8.9185161590576171875
9.0185060501098632813 9.0160608291625976563 9.0112733840942382813 9.004901885986328125 8.9980821609497070313 8.9942464828491210938 8.993022918701171875 8.9910173416137695313 8.9882144927978515625 8.9847393035888671875 8.9779224395751953125 8.9712543487548828125 8.9676809310913085938 8.964817047119140625 8.9621381759643554688 8.9598894119262695313 8.9572725296020507813 8.958889007568359375 8.9622697830200195313 8.9671535491943359375 8.9715528488159179688 8.9756460189819335938 8.9775876998901367188 8.9704008102416992188 8.96520233154296875 8.9620695114135742188 8.959041595458984375 8.9528989791870117188 8.9459695816040039063 8.9445028305053710938 8.9439182281494140625 8.9439792633056640625 8.9430561065673828125 8.9402818679809570313 8.9377641677856445313 8.9373302459716796875 8.9380807876586914063 8.9367074966430664063 8.9342317581176757813 8.93060302734375 8.926666259765625 8.92308807373046875
9.0173044204711914063 9.014476776123046875 9.011287689208984375 9.0078649520874023438 9.0042562484741210938 9.0017709732055664063 9.0005502700805664063 8.9985208511352539063 8.9953527450561523438 8.9906435012817382813 8.9836874008178710938 8.9784698486328125 8.9761829376220703125 8.974132537841796875 8.9714078903198242188 8.9684734344482421875 8.9654016494750976563 8.969470977783203125 8.975749969482421875 8.9853038787841796875 8.9907846450805664063 8.9929304122924804688 8.9930315017700195313 8.9888477325439453125 8.9843015670776367188 8.9805650711059570313 8.97782135009765625 8.9756937026977539063 8.9741468429565429688 8.9729757308959960938 8.9704179763793945313 8.9699859619140625 8.9676876068115234375 8.9599084854125976563 8.9541425704956054688 8.9518070220947265625 8.9498443603515625 8.9459095001220703125 8.9411754608154296875 8.9356441497802734375 8.9309453964233398438 8.9272480010986328125
9.0184888839721679688 9.0159654617309570313 9.0147409439086914063 9.0142507553100585938 9.0137767791748046875 9.012115478515625 9.0103216171264648438 9.0073528289794921875 9.0037326812744140625 8.998119354248046875 8.9912633895874023438 8.9866876602172851563 8.9849061965942382813 8.9824972152709960938 8.9798574447631835938 8.9768819808959960938 8.9754285812377929688 8.982479095458984375 8.9904165267944335938 9.0013837814331054688 9.0064601898193359375 9.0081024169921875 9.007404327392578125 9.0024480819702148438 8.996784210205078125 8.993160247802734375 8.9902811050415039063 8.988231658935546875 8.9876089096069335938 8.987743377685546875 8.9872446060180664063 8.9872560501098632813 8.9851436614990234375 8.9797468185424804688 8.9755620956420898438 8.9702634811401367188 8.9647979736328125 8.9603967666625976563 8.9548397064208984375 8.9454746246337890625 8.9372930526733398438 8.9317903518676757813
9.0196132659912109375 9.0176439285278320313 9.01739501953125 9.0174226760864257813 9.0181322097778320313 9.0175542831420898438 9.0157489776611328125 9.0119991302490234375 9.0078420639038085938 9.0017290115356445313 8.9956045150756835938 8.9919290542602539063 8.990024566650390625 8.98708343505859375 8.9849491119384765625 8.9828338623046875 8.9843997955322265625 8.9944095611572265625 9.0030002593994140625 9.0129899978637695313 9.0168247222900390625 9.0182647705078125 9.017185211181640625 9.0112695693969726563 9.0055608749389648438 9.0023593902587890625 8.9994783401489257813 8.9963808059692382813 8.9955463409423828125 8.995746612548828125 8.9952211380004882813 8.9951639175415039063 8.99505615234375 8.9935407638549804688 8.9901132583618164063 8.9838590621948242188 8.9792337417602539063 8.9783840179443359375 8.973052978515625 8.9602804183959960938 8.9496612548828125 8.9411020278930664063
9.0209512710571289063 9.0196580886840820313 9.0204477310180664063 9.020229339599609375 9.0205821990966796875 9.0202150344848632813 9.0186128616333007813 9.0148000717163085938 9.01003265380859375 9.0038270950317382813 8.9984884262084960938 8.9954671859741210938 8.9931459426879882813 8.9901933670043945313 8.988384246826171875 8.9875555038452148438 8.9920711517333984375 9.00494384765625 9.01419830322265625 9.0226106643676757813 9.025634765625 9.0270786285400390625 9.0260591506958007813 9.01975250244140625 9.0141201019287109375 9.0116147994995117188 9.0088987350463867188 9.0052890777587890625 9.0041780471801757813 9.0035467147827148438 9.002422332763671875 9.0028409957885742188 9.0034265518188476563 9.0018978118896484375 8.9982919692993164063 8.9942712783813476563 8.9923686981201171875 8.9936189651489257813 8.9904756546020507813 8.9803152084350585938 8.9675455093383789063 8.95513916015625
9.0230884552001953125 9.0229883193969726563 9.023983001708984375 9.0233306884765625 9.0227909088134765625 9.021923065185546875 9.02039337158203125 9.0166158676147460938 9.0118312835693359375 9.0065364837646484375 9.0018548965454101563 8.9991006851196289063 8.9967756271362304688 8.9937744140625 8.9921121597290039063 8.9932231903076171875 8.99981689453125 9.013721466064453125 9.0230035781860351563 9.0302686691284179688 9.0327320098876953125 9.0340528488159179688 9.0332775115966796875 9.0280408859252929688 9.024120330810546875 9.0223293304443359375 9.0196514129638671875 9.0154027938842773438 9.0130901336669921875 9.0109109878540039063 9.0094852447509765625 9.0101289749145507813 9.0096235275268554688 9.0081586837768554688 9.007266998291015625 9.0049867630004882813 9.00402069091796875 9.005603790283203125 9.0055017471313476563 8.9966182708740234375 8.9830045700073242188 8.9728441238403320313
9.026050567626953125 9.0264787673950195313 9.0267467498779296875 9.0258998870849609375 9.024810791015625 9.022914886474609375 9.0208501815795898438 9.0169458389282226563 9.013034820556640625 9.0091257095336914063 9.0054779052734375 9.0029649734497070313 9.0011968612670898438 8.998683929443359375 8.9977045059204101563 9.00052642822265625 9.0083770751953125 9.0219659805297851563 9.030132293701171875 9.0360479354858398438 9.0383996963500976563 9.0390167236328125 9.0377283096313476563 9.0341176986694335938 9.0317716598510742188 9.03034210205078125 9.0277557373046875 9.0252542495727539063 9.0233278274536132813 9.019832611083984375 9.017852783203125 9.0176248550415039063 9.0156078338623046875 9.0140123367309570313 9.0153217315673828125 9.0160074234008789063 9.0175323486328125 9.0191669464111328125 9.0169420242309570313 9.00662994384765625 8.995235443115234375 8.9883708953857421875
9.0314159393310546875 9.0311861038208007813 9.0301313400268554688 9.0287342071533203125 9.0269765853881835938 9.0240793228149414063 9.0213937759399414063 9.0173816680908203125 9.0145435333251953125 9.0115213394165039063 9.0093936920166015625 9.0080270767211914063 9.006572723388671875 9.0050268173217773438 9.0052738189697265625 9.0088949203491210938 9.0177068710327148438 9.031154632568359375 9.03858184814453125 9.04357147216796875 9.0446538925170898438 9.0438261032104492188 9.0421361923217773438 9.039669036865234375 9.0379953384399414063 9.0363893508911132813 9.0344638824462890625 9.0335397720336914063 9.0314397811889648438 9.02832794189453125 9.0270280838012695313 9.026172637939453125 9.0241641998291015625 9.0240106582641601563 9.0261030197143554688 9.0275945663452148438 9.0291261672973632813 9.029327392578125 9.0262470245361328125 9.018703460693359375 9.00960540771484375 9.0036907196044921875
9.0383968353271484375 9.0370082855224609375 9.0346832275390625 9.0321598052978515625 9.0293226242065429688 9.02581787109375 9.0230093002319335938 9.0198335647583007813 9.0183086395263671875 9.01607513427734375 9.0141992568969726563 9.0136013031005859375 9.0123338699340820313 9.0112323760986328125 9.0121307373046875 9.015735626220703125 9.0247583389282226563 9.0387029647827148438 9.0462903976440429688 9.0506391525268554688 9.0495882034301757813 9.0471563339233398438 9.0454721450805664063 9.0437297821044921875 9.0422687530517578125 9.0409641265869140625 9.0402040481567382813 9.0398578643798828125 9.0374097824096679688 9.0346117019653320313 9.0338296890258789063 9.032825469970703125 9.0311708450317382813 9.032917022705078125 9.035491943359375 9.0373592376708984375 9.0386037826538085938 9.03816986083984375 9.0348691940307617188 9.0288400650024414063 9.0224561691284179688 9.0165014266967773438
9.041996002197265625 9.0395059585571289063 9.0365781784057617188 9.0338592529296875 9.0302867889404296875 9.0266046524047851563 9.0244932174682617188 9.0225238800048828125 9.02149200439453125 9.0199146270751953125 9.018596649169921875 9.0183744430541992188 9.0173864364624023438 9.0173492431640625 9.019153594970703125 9.0227565765380859375 9.031780242919921875 9.0455579757690429688 9.0524702072143554688 9.0551462173461914063 9.0523862838745117188 9.0496397018432617188 9.0482320785522460938 9.0461435317993164063 9.0444812774658203125 9.0436191558837890625 9.0431671142578125 9.0427227020263671875 9.041584014892578125 9.0403881072998046875 9.0400238037109375 9.0382833480834960938 9.0360174179077148438 9.0373926162719726563 9.0399789810180664063 9.0427198410034179688 9.0440435409545898438 9.0438833236694335938 9.0416498184204101563 9.0367298126220703125 9.0314111709594726563 9.0253009796142578125
9.0423517227172851563 9.038753509521484375 9.0360403060913085938 9.0336132049560546875 9.0299787521362304688 9.02655792236328125 9.0250844955444335938 9.0236597061157226563 9.0218439102172851563 9.0200510025024414063 9.0198659896850585938 9.0205278396606445313 9.02089691162109375 9.0232725143432617188 9.0277452468872070313 9.03334808349609375 9.0421113967895507813 9.0529937744140625 9.0577182769775390625 9.05849456787109375 9.0554046630859375 9.0536298751831054688 9.0524854660034179688 9.049045562744140625 9.0469026565551757813 9.0460052490234375 9.0445070266723632813 9.0436716079711914063 9.0442552566528320313 9.044219970703125 9.0442352294921875 9.04277801513671875 9.0408697128295898438 9.0414886474609375 9.0440912246704101563 9.0471563339233398438 9.0482311248779296875 9.0478954315185546875 9.0459337234497070313 9.0423784255981445313 9.0380697250366210938 9.0329456329345703125
9.042781829833984375 9.038143157958984375 9.0359010696411132813 9.0335302352905273438 9.0301227569580078125 9.0270442962646484375 9.0254364013671875 9.024150848388671875 9.0218658447265625 9.01949310302734375 9.0198612213134765625 9.0207815170288085938 9.0224237442016601563 9.0268697738647460938 9.034282684326171875 9.0428447723388671875 9.051326751708984375 9.059173583984375 9.0618572235107421875 9.061214447021484375 9.0585193634033203125 9.05707550048828125 9.0556850433349609375 9.0516366958618164063 9.0496120452880859375 9.0484132766723632813 9.0462522506713867188 9.0450716018676757813 9.0455541610717773438 9.0455789566040039063 9.045833587646484375 9.046337127685546875 9.0455226898193359375 9.0458698272705078125 9.048412322998046875 9.051403045654296875 9.052577972412109375 9.0517635345458984375 9.048797607421875 9.044963836669921875 9.04148101806640625 9.0380697250366210938
9.0450334548950195313 9.0389165878295898438 9.0365858078002929688 9.0341787338256835938 9.0308513641357421875 9.0283880233764648438 9.0262002944946289063 9.0244140625 9.021884918212890625 9.0195217132568359375 9.0201053619384765625 9.0208635330200195313 9.0225772857666015625 9.027797698974609375 9.0371847152709960938 9.0474615097045898438 9.05580902099609375 9.0618457794189453125 9.0634603500366210938 9.0626821517944335938 9.0611715316772460938 9.0599765777587890625 9.0585985183715820313 9.05474853515625 9.0526638031005859375 9.0510282516479492188 9.0487585067749023438 9.0476551055908203125 9.0472879409790039063 9.0474033355712890625 9.0482578277587890625 9.05005645751953125 9.0506563186645507813 9.0513916015625 9.0537977218627929688 9.0573682785034179688 9.0597028732299804688 9.0579652786254882813 9.0525112152099609375 9.0473117828369140625 9.0442762374877929688 9.0416698455810546875
9.05113983154296875 9.0436983108520507813 9.0405645370483398438 9.0375986099243164063 9.0339212417602539063 9.0316190719604492188 9.0289525985717773438 9.025547027587890625 9.021884918212890625 9.0196752548217773438 9.0198335647583007813 9.020748138427734375 9.022533416748046875 9.0274019241333007813 9.0372552871704101563 9.0487575531005859375 9.0572662353515625 9.0622348785400390625 9.0634489059448242188 9.0629425048828125 9.0614299774169921875 9.0599737167358398438 9.059307098388671875 9.0578975677490234375 9.0561094284057617188 9.0538997650146484375 9.0521554946899414063 9.051792144775390625 9.0517301559448242188 9.0521898269653320313 9.0534467697143554688 9.055423736572265625 9.0587100982666015625 9.0612440109252929688 9.0644121170043945313 9.0692605972290039063 9.0719385147094726563 9.0681285858154296875 9.0583038330078125 9.0513486862182617188 9.0484247207641601563 9.04601287841796875
9.0566110610961914063 9.0512237548828125 9.0478868484497070313 9.0440845489501953125 9.0400705337524414063 9.037700653076171875 9.0345335006713867188 9.0297451019287109375 9.0246105194091796875 9.0218057632446289063 9.0224065780639648438 9.0241384506225585938 9.0262823104858398438 9.0306634902954101563 9.0403909683227539063 9.0528659820556640625 9.0610198974609375 9.064258575439453125 9.064666748046875 9.06360626220703125 9.0612850189208984375 9.0591278076171875 9.0577688217163085938 9.0569124221801757813 9.0561962127685546875 9.0553293228149414063 9.05571746826171875 9.0564479827880859375 9.0575304031372070313 9.0590038299560546875 9.06034088134765625 9.0624847412109375 9.0662097930908203125 9.070041656494140625 9.0741977691650390625 9.0775213241577148438 9.0786542892456054688 9.074062347412109375 9.0637912750244140625 9.0561351776123046875 9.0520906448364257813 9.0498666763305664063
9.0591173171997070313 9.0534267425537109375 9.0500459671020507813 9.0465955734252929688 9.0436067581176757813 9.0416355133056640625 9.0381345748901367188 9.0335063934326171875 9.0290813446044921875 9.026363372802734375 9.0277099609375 9.0312700271606445313 9.03412628173828125 9.0397005081176757813 9.0505657196044921875 9.0616588592529296875 9.067111968994140625 9.0675649642944335938 9.0667886734008789063 9.0653009414672851563 9.063079833984375 9.0603847503662109375 9.058391571044921875 9.0573930740356445313 9.0568284988403320313 9.0566835403442382813 9.0573472976684570313 9.0579862594604492188 9.0596628189086914063 9.0612964630126953125 9.0628461837768554688 9.0657749176025390625 9.070323944091796875 9.0756635665893554688 9.0806608200073242188 9.0826129913330078125 9.0826559066772460938 9.0796709060668945313 9.0721225738525390625 9.0639476776123046875 9.0575513839721679688 9.0541095733642578125
