INPUT/RASTER/ASCII/BIO13.asc
ncols        225
nrows        269
xllcorner    473000.000000000000
yllcorner    4429100.000000000000
cellsize     50.000000000000
NODATA_value -9999
[rows 160 to 179 of 269, columns 90 to 134 of 225]
107.52606964111328125 106.8400115966796875 106.439056396484375 106.3108673095703125 106.57918548583984375 106.85866546630859375 107.26676177978515625 107.51863861083984375 107.72187042236328125 107.77978515625 107.963348388671875 107.9820404052734375 108.0811920166015625 108.22403717041015625 108.3259124755859375 108.46814727783203125 108.4085693359375 108.410919189453125 108.35037994384765625 108.32782745361328125 108.43837738037109375 108.41192626953125 108.34152984619140625 108.343048095703125 108.3740997314453125 108.56337738037109375 108.7738189697265625 108.9142608642578125 108.9490966796875 108.93622589111328125 108.8652191162109375 108.844818115234375 108.8159942626953125 108.81656646728515625 108.795654296875 108.77610015869140625 108.7823028564453125 108.73198699951171875 108.7078399658203125 108.63159942626953125 108.517974853515625 108.34662628173828125 108.18634796142578125 107.911865234375 107.54601287841796875
107.4232177734375 106.69228363037109375 106.318084716796875 106.21331787109375 106.54720306396484375 106.83876800537109375 107.3374481201171875 107.6497955322265625 107.9001617431640625 107.953216552734375 108.0968170166015625 108.08034515380859375 108.15927886962890625 108.2443084716796875 108.32866668701171875 108.530120849609375 108.4866485595703125 108.50017547607421875 108.45403289794921875 108.4265594482421875 108.53203582763671875 108.4082183837890625 108.31310272216796875 108.2778778076171875 108.34954071044921875 108.53241729736328125 108.7566680908203125 108.8570556640625 108.932037353515625 108.85235595703125 108.8459930419921875 108.821044921875 108.79250335693359375 108.7792205810546875 108.7625579833984375 108.72850799560546875 108.7245330810546875 108.68749237060546875 108.65699005126953125 108.5638580322265625 108.419342041015625 108.3068695068359375 108.02715301513671875 107.7517547607421875 107.37194061279296875
107.13489532470703125 106.65750885009765625 106.143280029296875 106.0325927734375 106.4170074462890625 106.8493499755859375 107.3441619873046875 107.73656463623046875 107.9367218017578125 108.1003570556640625 108.22994232177734375 108.2515411376953125 108.2617034912109375 108.30504608154296875 108.4338836669921875 108.55033111572265625 108.5646514892578125 108.581085205078125 108.56298828125 108.55254364013671875 108.669464111328125 108.49329376220703125 108.38774871826171875 108.31517791748046875 108.4865570068359375 108.60137939453125 108.718902587890625 108.6925048828125 108.75765228271484375 108.6285247802734375 108.728271484375 108.81768798828125 108.7939300537109375 108.7486114501953125 108.72451019287109375 108.68627166748046875 108.68033599853515625 108.63280487060546875 108.606048583984375 108.4561309814453125 108.2864227294921875 108.14141082763671875 107.88910675048828125 107.6325836181640625 107.25878143310546875
106.90978240966796875 106.44559478759765625 106.0845184326171875 106.04581451416015625 106.32763671875 106.7056884765625 107.2276153564453125 107.59991455078125 107.96439361572265625 108.1789398193359375 108.273529052734375 108.2926483154296875 108.2891693115234375 108.36521148681640625 108.4650421142578125 108.540679931640625 108.5925750732421875 108.6007843017578125 108.610443115234375 108.6900482177734375 108.81768035888671875 108.70278167724609375 108.54018402099609375 108.5794830322265625 108.8273773193359375 108.77623748779296875 108.49798583984375 108.370330810546875 108.35912322998046875 108.371368408203125 108.50534820556640625 108.7304229736328125 108.77790069580078125 108.7435455322265625 108.6888580322265625 108.6525115966796875 108.6378021240234375 108.5869293212890625 108.4747467041015625 108.26702117919921875 108.03216552734375 107.956939697265625 107.73943328857421875 107.5406646728515625 107.114715576171875
106.64540863037109375 106.31354522705078125 105.9768524169921875 105.99787139892578125 106.2679443359375 106.64374542236328125 107.02630615234375 107.46761322021484375 107.87648773193359375 108.0258331298828125 108.21602630615234375 108.214935302734375 108.26564788818359375 108.3605804443359375 108.41625213623046875 108.49419403076171875 108.5119171142578125 108.57758331298828125 108.66412353515625 108.809417724609375 108.92615509033203125 108.8874053955078125 108.61035919189453125 108.4156036376953125 108.48926544189453125 108.16827392578125 107.308868408203125 107.677978515625 107.73094940185546875 108.044677734375 108.30167388916015625 108.372589111328125 108.64701080322265625 108.61159515380859375 108.61013031005859375 108.549713134765625 108.441131591796875 108.4110870361328125 108.0868377685546875 107.98954010009765625 107.5487213134765625 107.6504364013671875 107.4781036376953125 107.1958465576171875 106.85906219482421875
106.261260986328125 106.01747894287109375 105.8296051025390625 106.00464630126953125 106.2576751708984375 106.54810333251953125 106.9938812255859375 107.3852081298828125 107.7764434814453125 108.00042724609375 108.19493865966796875 108.2443084716796875 108.2801055908203125 108.34880828857421875 108.3910980224609375 108.45560455322265625 108.48003387451171875 108.546173095703125 108.66710662841796875 108.784515380859375 108.91164398193359375 108.72588348388671875 108.308837890625 107.823394775390625 107.65689849853515625 107.35495758056640625 107.045013427734375 107.21842193603515625 107.686004638671875 107.86309051513671875 108.12306976318359375 108.2730560302734375 108.48802947998046875 108.5258331298828125 108.49383544921875 108.39943695068359375 108.3076019287109375 108.18941497802734375 107.9328765869140625 107.7535400390625 107.4153594970703125 107.37073516845703125 107.1574859619140625 106.91912841796875 106.75042724609375
105.99347686767578125 105.84632110595703125 105.796875 106.06897735595703125 106.3618011474609375 106.5925445556640625 107.04341888427734375 107.37999725341796875 107.77832794189453125 108.056976318359375 108.22869110107421875 108.2736053466796875 108.31053924560546875 108.34900665283203125 108.386383056640625 108.43843841552734375 108.4754180908203125 108.5486602783203125 108.6671142578125 108.7390289306640625 108.70538330078125 108.24974822998046875 107.72748565673828125 107.2105865478515625 106.9275360107421875 106.83165740966796875 106.9520111083984375 107.3016815185546875 107.873443603515625 107.978851318359375 108.165802001953125 108.2554779052734375 108.3797760009765625 108.398956298828125 108.37522125244140625 108.253021240234375 108.180816650390625 108.05724334716796875 107.85404205322265625 107.653717041015625 107.33660888671875 107.27231597900390625 107.05710601806640625 106.9498443603515625 106.87674713134765625
105.733642578125 105.74541473388671875 105.846099853515625 106.1889801025390625 106.4521636962890625 106.69195556640625 107.127044677734375 107.44846343994140625 107.8341827392578125 108.079254150390625 108.24329376220703125 108.28912353515625 108.3357086181640625 108.354278564453125 108.374725341796875 108.42169952392578125 108.470703125 108.5322113037109375 108.63878631591796875 108.60454559326171875 108.2745819091796875 107.5957489013671875 107.06604766845703125 106.6250457763671875 106.290802001953125 106.444305419921875 106.9614715576171875 107.59098052978515625 108.177032470703125 108.2324676513671875 108.31180572509765625 108.326690673828125 108.310150146484375 108.2719879150390625 108.21430206298828125 108.1014862060546875 108.0539398193359375 107.95361328125 107.781951904296875 107.58786773681640625 107.26459503173828125 107.18413543701171875 107.0741729736328125 107.083038330078125 107.07053375244140625
105.62815093994140625 105.7563018798828125 105.94992828369140625 106.35614776611328125 106.5834503173828125 106.8033447265625 107.23110198974609375 107.59066009521484375 107.934661865234375 108.1561279296875 108.258087158203125 108.2977142333984375 108.328460693359375 108.35004425048828125 108.36981201171875 108.41054534912109375 108.4385528564453125 108.4855194091796875 108.46087646484375 108.2101593017578125 107.618804931640625 106.893798828125 106.3693695068359375 106.0667572021484375 105.86685943603515625 106.2733001708984375 107.02555084228515625 107.905059814453125 108.48052978515625 108.51996612548828125 108.49408721923828125 108.4046630859375 108.2735595703125 108.179107666015625 108.07234954833984375 107.94985198974609375 107.913299560546875 107.8574981689453125 107.73029327392578125 107.52082061767578125 107.1993408203125 107.114990234375 107.07010650634765625 107.1135711669921875 107.10285186767578125
105.65479278564453125 105.86334991455078125 106.0741729736328125 106.53003692626953125 106.74199676513671875 106.95503997802734375 107.3555755615234375 107.6822052001953125 107.97821807861328125 108.1508636474609375 108.19382476806640625 108.2446746826171875 108.27298736572265625 108.29840087890625 108.33062744140625 108.36946868896484375 108.37895965576171875 108.33780670166015625 108.02584075927734375 107.5832061767578125 106.8238067626953125 106.1917572021484375 105.64347076416015625 105.535736083984375 105.570220947265625 106.19379425048828125 106.99381256103515625 108.09673309326171875 108.654022216796875 108.70244598388671875 108.601806640625 108.4483489990234375 108.2693328857421875 108.10666656494140625 107.96311187744140625 107.8004302978515625 107.7657318115234375 107.6796112060546875 107.5212860107421875 107.3203582763671875 107.02459716796875 106.9431304931640625 106.9069366455078125 106.91839599609375 106.8479766845703125
105.7837677001953125 106.01535797119140625 106.2325286865234375 106.63442230224609375 106.83208465576171875 106.99480438232421875 107.3568878173828125 107.61586761474609375 107.89874267578125 108.05663299560546875 108.05188751220703125 108.1163482666015625 108.1430816650390625 108.2078857421875 108.284515380859375 108.29907989501953125 108.3466339111328125 108.24078369140625 107.70987701416015625 107.1134185791015625 106.156280517578125 105.5443115234375 104.9258575439453125 104.9499053955078125 105.1770477294921875 105.958770751953125 106.8525848388671875 107.92078399658203125 108.5949554443359375 108.59064483642578125 108.44251251220703125 108.46024322509765625 108.3317718505859375 108.1666259765625 108.000213623046875 107.89456939697265625 107.593414306640625 107.06287384033203125 106.6243743896484375 106.37903594970703125 106.18939208984375 106.0552215576171875 106.02732086181640625 106.12436676025390625 105.97692108154296875
106.0418243408203125 106.15471649169921875 106.29595947265625 106.58222198486328125 106.779510498046875 106.93593597412109375 107.2361602783203125 107.44072723388671875 107.70040130615234375 107.8131866455078125 107.8359222412109375 107.886749267578125 107.933563232421875 108.0238189697265625 108.1031341552734375 108.11006927490234375 108.1312713623046875 108.00844573974609375 107.5522308349609375 106.857330322265625 105.6268310546875 104.87139129638671875 104.37017822265625 104.37286376953125 104.605499267578125 105.33751678466796875 106.227996826171875 107.1248931884765625 107.9090423583984375 107.98073577880859375 108.1929473876953125 108.346405029296875 108.3337249755859375 108.2511749267578125 108.111358642578125 108.04128265380859375 107.7806243896484375 107.1757049560546875 106.4971466064453125 106.1103363037109375 105.6519927978515625 105.413177490234375 105.28521728515625 105.4366302490234375 105.34293365478515625
105.9797821044921875 106.08266448974609375 106.2147216796875 106.5213165283203125 106.73256683349609375 106.92446136474609375 107.2098388671875 107.3605499267578125 107.60169219970703125 107.75970458984375 107.73748779296875 107.785491943359375 107.82292938232421875 107.9107666015625 108.00205230712890625 107.99373626708984375 107.9892730712890625 107.89667510986328125 107.51810455322265625 106.87957763671875 105.58997344970703125 104.77752685546875 104.30626678466796875 104.285919189453125 104.37908935546875 104.98491668701171875 105.8471832275390625 106.6118621826171875 107.4668121337890625 107.59539794921875 107.9254150390625 108.1641082763671875 108.1599578857421875 108.26042938232421875 108.2258453369140625 108.21788787841796875 108.0292816162109375 107.4865264892578125 106.66384124755859375 106.10080718994140625 105.3470001220703125 105.1089019775390625 104.85277557373046875 104.87188720703125 104.87158203125
105.96726226806640625 106.162628173828125 106.194915771484375 106.55322265625 106.72655487060546875 106.9298248291015625 107.20395660400390625 107.31097412109375 107.476348876953125 107.65826416015625 107.63118743896484375 107.71149444580078125 107.73812103271484375 107.81188201904296875 107.90771484375 107.9151153564453125 107.87453460693359375 107.81804656982421875 107.47415924072265625 106.8333587646484375 105.56743621826171875 104.7382659912109375 104.29024505615234375 104.205718994140625 104.20771026611328125 104.6060791015625 105.391082763671875 106.17890167236328125 107.1544036865234375 107.3043670654296875 107.53491973876953125 107.7834320068359375 107.78894805908203125 108.11232757568359375 108.2328033447265625 108.32672882080078125 108.2846832275390625 107.7879180908203125 106.9877166748046875 106.294586181640625 105.4111328125 105.22354888916015625 104.8165283203125 104.64892578125 104.60544586181640625
106.17380523681640625 106.44678497314453125 106.62418365478515625 106.680999755859375 106.8267669677734375 106.98628997802734375 107.1607513427734375 107.2532958984375 107.3173675537109375 107.43755340576171875 107.48675537109375 107.60715484619140625 107.67299652099609375 107.7101593017578125 107.7967987060546875 107.8630828857421875 107.83899688720703125 107.787628173828125 107.392791748046875 106.657501220703125 105.46506500244140625 104.7399444580078125 104.28583526611328125 104.1938018798828125 104.13367462158203125 104.28835296630859375 104.92120361328125 105.8721466064453125 106.9718170166015625 106.9899139404296875 107.05925750732421875 107.32745361328125 107.30699920654296875 107.834228515625 108.06708526611328125 108.3912811279296875 108.4379425048828125 107.96863555908203125 107.243133544921875 106.5690155029296875 105.59142303466796875 105.45426177978515625 104.919158935546875 104.57631683349609375 104.4176025390625
106.375 106.7414398193359375 106.85179901123046875 106.97985076904296875 107.18662261962890625 107.14037322998046875 107.1994171142578125 107.18715667724609375 107.25597381591796875 107.3192291259765625 107.4050445556640625 107.5094757080078125 107.60053253173828125 107.6725921630859375 107.71990203857421875 107.81256103515625 107.81695556640625 107.765716552734375 107.1350250244140625 106.138031005859375 105.32122039794921875 104.52349090576171875 104.17717742919921875 104.14498138427734375 104.11000823974609375 104.1414947509765625 104.65724945068359375 105.59023284912109375 106.33880615234375 106.47440338134765625 106.47216796875 106.41768646240234375 106.677886962890625 107.1981201171875 107.766357421875 107.94670867919921875 108.2348480224609375 108.0829010009765625 107.59531402587890625 106.848052978515625 106.029205322265625 105.78591156005859375 105.25153350830078125 104.607391357421875 104.264251708984375
106.5157623291015625 106.919525146484375 107.088348388671875 107.2212982177734375 107.33068084716796875 107.292755126953125 107.23419189453125 107.17995452880859375 107.2168121337890625 107.2858123779296875 107.34656524658203125 107.40474700927734375 107.484100341796875 107.58287811279296875 107.6124725341796875 107.69742584228515625 107.5866851806640625 107.4979705810546875 106.35797119140625 105.8030548095703125 104.689666748046875 103.822723388671875 103.7989654541015625 103.6392974853515625 103.99802398681640625 104.2347259521484375 104.456207275390625 104.99871063232421875 104.79107666015625 105.3533935546875 105.29851531982421875 104.757415771484375 105.70966339111328125 105.69537353515625 106.7183990478515625 106.49883270263671875 107.55096435546875 107.84124755859375 107.730621337890625 107.26770782470703125 106.817718505859375 106.29241180419921875 105.504241943359375 104.873046875 104.05816650390625
106.58692169189453125 106.9403839111328125 107.20024871826171875 107.345611572265625 107.37238311767578125 107.327392578125 107.194061279296875 107.14778900146484375 107.16010284423828125 107.2187042236328125 107.2842559814453125 107.361358642578125 107.41719818115234375 107.49896240234375 107.53128814697265625 107.544158935546875 107.32098388671875 107.048309326171875 105.8804168701171875 105.2071075439453125 104.20627593994140625 103.47525787353515625 103.26245880126953125 103.1961822509765625 103.70870208740234375 104.13399505615234375 104.2867584228515625 104.42110443115234375 104.19782257080078125 104.34912109375 104.24533843994140625 104.10956573486328125 104.78578948974609375 105.013427734375 105.7481689453125 105.87850189208984375 106.77439117431640625 107.42635345458984375 107.56169891357421875 107.50089263916015625 107.0522918701171875 106.70339202880859375 105.8275604248046875 104.9914703369140625 103.95452117919921875
106.589630126953125 106.92675018310546875 107.17584228515625 107.3488922119140625 107.35207366943359375 107.302154541015625 107.132843017578125 107.04727935791015625 107.06282806396484375 107.1508331298828125 107.22966766357421875 107.32776641845703125 107.40143585205078125 107.48059844970703125 107.47735595703125 107.38599395751953125 107.0141754150390625 106.529815673828125 105.34808349609375 104.75154876708984375 103.80825042724609375 103.1345367431640625 102.8453369140625 102.8623809814453125 103.440582275390625 104.05736541748046875 104.21977996826171875 104.17490386962890625 103.7617340087890625 103.7162017822265625 103.61261749267578125 103.65308380126953125 104.26003265380859375 104.502349853515625 105.10591888427734375 105.278594970703125 106.0601654052734375 106.82566070556640625 107.17388916015625 107.46490478515625 107.1295166015625 106.84647369384765625 105.96537017822265625 105.10297393798828125 104.0687255859375
106.54048919677734375 106.8651580810546875 107.0962677001953125 107.2775726318359375 107.31800079345703125 107.2509002685546875 106.9894866943359375 106.791229248046875 106.8415374755859375 107.021331787109375 107.15692138671875 107.3145904541015625 107.387603759765625 107.4788360595703125 107.4438629150390625 107.1118621826171875 106.652587890625 106.06745147705078125 104.9455718994140625 104.35909271240234375 103.49094390869140625 102.88946533203125 102.66660308837890625 102.795166015625 103.32586669921875 103.98343658447265625 104.1185302734375 104.0346527099609375 103.78814697265625 103.46050262451171875 103.1870880126953125 103.40847015380859375 103.87519073486328125 103.9980316162109375 104.47823333740234375 104.685455322265625 105.37076568603515625 106.16840362548828125 106.68343353271484375 107.2089385986328125 107.03572845458984375 106.82550048828125 106.0289459228515625 105.2554168701171875 104.262847900390625
