INPUT/RASTER/ASCII/BIO11.asc
ncols        225
nrows        269
xllcorner    473000.000000000000
yllcorner    4429100.000000000000
cellsize     50.000000000000
NODATA_value -9999
[rows 200 to 219 of 269, columns 88 to 131 of 225]
9.4511861801147460938 9.451580047607421875 9.4556722640991210938 9.476757049560546875 9.489105224609375 9.487659454345703125 9.499881744384765625 9.5084638595581054688 9.5406589508056640625 9.5693311691284179688 9.59824371337890625 9.6161632537841796875 9.6334257125854492188 9.6618804931640625 9.6852817535400390625 9.6703948974609375 9.658763885498046875 9.6611051559448242188 9.669017791748046875 9.666790008544921875 9.66504669189453125 9.656497955322265625 9.6584863662719726562 9.6670904159545898438 9.6690034866333007812 9.66146087646484375 9.6466503143310546875 9.6309261322021484375 9.6117706298828125 9.6239347457885742188 9.623126983642578125 9.6573095321655273438 9.69284820556640625 9.706096649169921875 9.6969594955444335938 9.69934844970703125 9.6855993270874023438 9.7002162933349609375 9.7015743255615234375 9.7068691253662109375 9.6928768157958984375 9.6688861846923828125 9.6481790542602539062 9.6280193328857421875
9.4761705398559570312 9.4780702590942382812 9.4645700454711914062 9.4735698699951171875 9.4967136383056640625 9.5292100906372070312 9.5552320480346679688 9.5680932998657226562 9.593578338623046875 9.6001462936401367188 9.6187534332275390625 9.6361446380615234375 9.6414155960083007812 9.6658172607421875 9.688648223876953125 9.6960468292236328125 9.6835832595825195312 9.6842679977416992188 9.6912746429443359375 9.68386077880859375 9.6731128692626953125 9.6623830795288085938 9.6659917831420898438 9.676563262939453125 9.6747388839721679688 9.6606616973876953125 9.6418981552124023438 9.620838165283203125 9.605609893798828125 9.606929779052734375 9.6167392730712890625 9.6364994049072265625 9.677837371826171875 9.7106313705444335938 9.7179384231567382812 9.7184391021728515625 9.7031908035278320312 9.7035808563232421875 9.705783843994140625 9.6986684799194335938 9.6839799880981445312 9.6651067733764648438 9.646564483642578125 9.62619781494140625
9.5026693344116210938 9.499248504638671875 9.4812755584716796875 9.47469329833984375 9.4952373504638671875 9.5404882431030273438 9.560760498046875 9.5985565185546875 9.6164770126342773438 9.6267032623291015625 9.645648956298828125 9.6521501541137695312 9.6572217941284179688 9.6729946136474609375 9.6920442581176757812 9.701541900634765625 9.697948455810546875 9.6967458724975585938 9.6981353759765625 9.6930675506591796875 9.6823024749755859375 9.6730403900146484375 9.674716949462890625 9.6826381683349609375 9.6805706024169921875 9.6638507843017578125 9.6428070068359375 9.6204833984375 9.6089572906494140625 9.6099710464477539062 9.6234302520751953125 9.6390333175659179688 9.6659555435180664062 9.706195831298828125 9.7235097885131835938 9.71759033203125 9.7025203704833984375 9.699138641357421875 9.6996698379516601562 9.6920156478881835938 9.6789703369140625 9.6613178253173828125 9.646984100341796875 9.6271333694458007812
9.5219411849975585938 9.5223140716552734375 9.51074981689453125 9.4982624053955078125 9.5079011917114257812 9.5407838821411132812 9.5583782196044921875 9.6026067733764648438 9.62994384765625 9.6479806900024414062 9.6645641326904296875 9.6692371368408203125 9.6723537445068359375 9.6803560256958007812 9.6915864944458007812 9.70301055908203125 9.7043895721435546875 9.7025594711303710938 9.70278167724609375 9.698696136474609375 9.6925449371337890625 9.6862316131591796875 9.685794830322265625 9.6902256011962890625 9.6872882843017578125 9.6693592071533203125 9.6492815017700195312 9.631832122802734375 9.6260852813720703125 9.6275606155395507812 9.6387386322021484375 9.6479272842407226562 9.6708469390869140625 9.6849727630615234375 9.72364044189453125 9.7184972763061523438 9.7024316787719726562 9.6997900009155273438 9.6977481842041015625 9.690608978271484375 9.6787214279174804688 9.662570953369140625 9.6514520645141601562 9.6327257156372070312
9.5403299331665039062 9.543041229248046875 9.53745269775390625 9.5241613388061523438 9.5298910140991210938 9.5527057647705078125 9.5644073486328125 9.6067047119140625 9.6390018463134765625 9.6646509170532226562 9.6789379119873046875 9.6824884414672851562 9.6826772689819335938 9.683269500732421875 9.6918478012084960938 9.7040395736694335938 9.7084932327270507812 9.7069854736328125 9.7062320709228515625 9.7024831771850585938 9.69812774658203125 9.6968431472778320312 9.6965160369873046875 9.69573211669921875 9.6925172805786132812 9.677967071533203125 9.6638431549072265625 9.653232574462890625 9.6494035720825195312 9.6506147384643554688 9.65447235107421875 9.6598577499389648438 9.675384521484375 9.6837453842163085938 9.6977691650390625 9.7205190658569335938 9.71526336669921875 9.7069654464721679688 9.7023744583129882812 9.6936321258544921875 9.684154510498046875 9.6699171066284179688 9.659854888916015625 9.6410627365112304688
9.5518522262573242188 9.5587520599365234375 9.5618257522583007812 9.552547454833984375 9.558856964111328125 9.56972503662109375 9.5763673782348632812 9.6156148910522460938 9.6456241607666015625 9.6708993911743164062 9.6882534027099609375 9.6918649673461914062 9.6914834976196289062 9.6885480880737304688 9.6956434249877929688 9.7060985565185546875 9.7108812332153320312 9.7099695205688476562 9.7089738845825195312 9.7038984298706054688 9.699771881103515625 9.7024297714233398438 9.7050533294677734375 9.7017335891723632812 9.6975231170654296875 9.6852579116821289062 9.678363800048828125 9.6699066162109375 9.6696605682373046875 9.669170379638671875 9.6689167022705078125 9.673351287841796875 9.6823863983154296875 9.6861209869384765625 9.6812276840209960938 9.693927764892578125 9.7071580886840820312 9.7078809738159179688 9.7035894393920898438 9.6975698471069335938 9.6894807815551757812 9.676090240478515625 9.6674489974975585938 9.6471767425537109375
9.5614528656005859375 9.5715513229370117188 9.5811777114868164062 9.578235626220703125 9.5837554931640625 9.5899229049682617188 9.5932836532592773438 9.6325674057006835938 9.6541748046875 9.6768255233764648438 9.69376373291015625 9.6973476409912109375 9.6987438201904296875 9.69775390625 9.7027645111083984375 9.70754241943359375 9.7118711471557617188 9.7119083404541015625 9.7097148895263671875 9.70503997802734375 9.7017879486083984375 9.704730987548828125 9.7086963653564453125 9.7058935165405273438 9.7034349441528320312 9.6950483322143554688 9.6920652389526367188 9.684955596923828125 9.68634796142578125 9.6845378875732421875 9.6818151473999023438 9.685390472412109375 9.688610076904296875 9.6828680038452148438 9.6699781417846679688 9.6670866012573242188 9.6650915145874023438 9.6996183395385742188 9.6945066452026367188 9.6949939727783203125 9.6885824203491210938 9.6698789596557617188 9.6612901687622070312 9.641864776611328125
9.57538604736328125 9.5804290771484375 9.5887451171875 9.5951204299926757812 9.5964908599853515625 9.603137969970703125 9.6112079620361328125 9.6483125686645507812 9.67327880859375 9.68022918701171875 9.6960821151733398438 9.6962375640869140625 9.6993350982666015625 9.7060232162475585938 9.7101049423217773438 9.7126331329345703125 9.71535491943359375 9.716457366943359375 9.7141132354736328125 9.7073001861572265625 9.7033138275146484375 9.7067632675170898438 9.7116155624389648438 9.7108554840087890625 9.7099142074584960938 9.7067108154296875 9.7052850723266601562 9.7028903961181640625 9.7002897262573242188 9.696071624755859375 9.6956052780151367188 9.691577911376953125 9.6844348907470703125 9.6642827987670898438 9.6460437774658203125 9.6419162750244140625 9.634357452392578125 9.6367712020874023438 9.659008026123046875 9.6827421188354492188 9.6821346282958984375 9.6618661880493164062 9.6473846435546875 9.6287717819213867188
9.5932283401489257812 9.58759307861328125 9.5837659835815429688 9.5896739959716796875 9.5892496109008789062 9.5993757247924804688 9.6123294830322265625 9.6348209381103515625 9.6609325408935546875 9.6676158905029296875 9.6860799789428710938 9.6841707229614257812 9.6888370513916015625 9.7019376754760742188 9.7069330215454101562 9.7135400772094726562 9.7142839431762695312 9.716304779052734375 9.71550750732421875 9.7118558883666992188 9.70697021484375 9.7120208740234375 9.7137670516967773438 9.7118072509765625 9.709262847900390625 9.7078752517700195312 9.7036876678466796875 9.7022409439086914062 9.695400238037109375 9.689060211181640625 9.6906061172485351562 9.677448272705078125 9.6637821197509765625 9.6406869888305664062 9.6236724853515625 9.6244792938232421875 9.6163301467895507812 9.624355316162109375 9.6289997100830078125 9.6653852462768554688 9.6793546676635742188 9.6631689071655273438 9.6457452774047851562 9.6254186630249023438
9.6039495468139648438 9.5880823135375976562 9.57195281982421875 9.5703830718994140625 9.574855804443359375 9.5862331390380859375 9.5925502777099609375 9.6134042739868164062 9.6336870193481445312 9.6506567001342773438 9.6646900177001953125 9.6693372726440429688 9.67610931396484375 9.6942348480224609375 9.6962270736694335938 9.7053937911987304688 9.7064580917358398438 9.7132701873779296875 9.7156200408935546875 9.7175045013427734375 9.71405029296875 9.716266632080078125 9.7125673294067382812 9.7096109390258789062 9.703166961669921875 9.7024793624877929688 9.6942052841186523438 9.6942815780639648438 9.683155059814453125 9.67353057861328125 9.674915313720703125 9.6537847518920898438 9.637424468994140625 9.6113405227661132812 9.5960969924926757812 9.602123260498046875 9.5932188034057617188 9.6105976104736328125 9.6146612167358398438 9.6333637237548828125 9.6701297760009765625 9.6623773574829101562 9.6461362838745117188 9.6226711273193359375
9.607288360595703125 9.5878047943115234375 9.561229705810546875 9.5537767410278320312 9.5649461746215820312 9.5729894638061523438 9.569301605224609375 9.5940485000610351562 9.6038084030151367188 9.6299448013305664062 9.6419630050659179688 9.6547393798828125 9.663005828857421875 9.6769962310791015625 9.68662261962890625 9.6903934478759765625 9.7011432647705078125 9.7092342376708984375 9.7118196487426757812 9.71913909912109375 9.719738006591796875 9.7169809341430664062 9.71006011962890625 9.6976137161254882812 9.6934061050415039062 9.6842699050903320312 9.6793346405029296875 9.67371368408203125 9.6646718978881835938 9.6576471328735351562 9.6465740203857421875 9.630359649658203125 9.6020526885986328125 9.578441619873046875 9.5695505142211914062 9.56516265869140625 9.5675449371337890625 9.5816650390625 9.5976381301879882812 9.60843658447265625 9.6427555084228515625 9.653987884521484375 9.6458454132080078125 9.6239290237426757812
9.617191314697265625 9.59424591064453125 9.5564413070678710938 9.5501499176025390625 9.5591974258422851562 9.566341400146484375 9.5672454833984375 9.5791292190551757812 9.5902004241943359375 9.6115560531616210938 9.6287841796875 9.6421823501586914062 9.658191680908203125 9.670818328857421875 9.6832733154296875 9.6944408416748046875 9.6992826461791992188 9.7086210250854492188 9.712100982666015625 9.7185201644897460938 9.722782135009765625 9.7185068130493164062 9.701198577880859375 9.6821842193603515625 9.678012847900390625 9.6601619720458984375 9.6626071929931640625 9.65308380126953125 9.6508846282958984375 9.6367578506469726562 9.6190395355224609375 9.60910797119140625 9.5715045928955078125 9.5618686676025390625 9.542064666748046875 9.5250444412231445312 9.5430841445922851562 9.543689727783203125 9.571887969970703125 9.5922956466674804688 9.605075836181640625 9.6306486129760742188 9.6409740447998046875 9.622119903564453125
9.6314868927001953125 9.610050201416015625 9.5682773590087890625 9.5595798492431640625 9.5606546401977539062 9.5685749053955078125 9.57421112060546875 9.5816936492919921875 9.593692779541015625 9.60466766357421875 9.6275577545166015625 9.6379194259643554688 9.6585140228271484375 9.6734485626220703125 9.68476104736328125 9.6921930313110351562 9.698314666748046875 9.7063570022583007812 9.7095174789428710938 9.7198963165283203125 9.723972320556640625 9.7185773849487304688 9.6960086822509765625 9.674694061279296875 9.6649837493896484375 9.6404781341552734375 9.640827178955078125 9.6370391845703125 9.6343593597412109375 9.6180753707885742188 9.606884002685546875 9.5845775604248046875 9.5535440444946289062 9.5408735275268554688 9.5174007415771484375 9.5030078887939453125 9.511077880859375 9.4941453933715820312 9.526947021484375 9.5537090301513671875 9.55530548095703125 9.5896425247192382812 9.5792284011840820312 9.5981159210205078125
9.6662921905517578125 9.6563472747802734375 9.613536834716796875 9.5943460464477539062 9.5774335861206054688 9.58014678955078125 9.5938329696655273438 9.6058034896850585938 9.622955322265625 9.6288976669311523438 9.6492528915405273438 9.6497602462768554688 9.6625146865844726562 9.6668100357055664062 9.6625728607177734375 9.6490936279296875 9.6687707901000976562 9.6929159164428710938 9.6997051239013671875 9.7217721939086914062 9.723262786865234375 9.7151632308959960938 9.6959333419799804688 9.6783294677734375 9.6645460128784179688 9.641613006591796875 9.6210613250732421875 9.6036586761474609375 9.608448028564453125 9.5978527069091796875 9.5871973037719726562 9.57163238525390625 9.5525417327880859375 9.532955169677734375 9.5124273300170898438 9.5067081451416015625 9.501667022705078125 9.487483978271484375 9.4935445785522460938 9.521205902099609375 9.5338611602783203125 9.5593214035034179688 9.5599126815795898438 9.57154083251953125
9.6891002655029296875 9.676239013671875 9.6422672271728515625 9.6122150421142578125 9.5921535491943359375 9.5908498764038085938 9.598033905029296875 9.6133260726928710938 9.626247406005859375 9.63771820068359375 9.6500606536865234375 9.6531276702880859375 9.6592454910278320312 9.6560115814208984375 9.6442308425903320312 9.633846282958984375 9.6505022048950195312 9.6838703155517578125 9.6955204010009765625 9.7229661941528320312 9.724376678466796875 9.7155923843383789062 9.7000093460083007812 9.6854658126831054688 9.6729145050048828125 9.65337371826171875 9.6258344650268554688 9.6034088134765625 9.59447479248046875 9.5863561630249023438 9.580799102783203125 9.5692615509033203125 9.5530490875244140625 9.5358648300170898438 9.5167675018310546875 9.5096035003662109375 9.5056276321411132812 9.49560546875 9.488880157470703125 9.5041341781616210938 9.5134935379028320312 9.537258148193359375 9.5408849716186523438 9.5518693923950195312
9.7047090530395507812 9.6909036636352539062 9.659465789794921875 9.6201267242431640625 9.5955171585083007812 9.5921068191528320312 9.59458160400390625 9.6065473556518554688 9.61626434326171875 9.6272716522216796875 9.6408443450927734375 9.6461029052734375 9.6510496139526367188 9.648273468017578125 9.633792877197265625 9.6230010986328125 9.6454362869262695312 9.6808824539184570312 9.6931591033935546875 9.7222509384155273438 9.7258758544921875 9.7192897796630859375 9.7056055068969726562 9.693485260009765625 9.6835117340087890625 9.6672191619873046875 9.642597198486328125 9.613269805908203125 9.5942983627319335938 9.5827760696411132812 9.5787353515625 9.5676898956298828125 9.553936004638671875 9.537899017333984375 9.5193929672241210938 9.5117034912109375 9.508296966552734375 9.5009136199951171875 9.4922885894775390625 9.4910078048706054688 9.4954919815063476562 9.5156993865966796875 9.5191221237182617188 9.5280561447143554688
9.7172136306762695312 9.7008199691772460938 9.6657533645629882812 9.6205644607543945312 9.5899677276611328125 9.5857706069946289062 9.5893011093139648438 9.5963296890258789062 9.6046924591064453125 9.6167383193969726562 9.6341905593872070312 9.6410694122314453125 9.6483240127563476562 9.6477422714233398438 9.6369762420654296875 9.6303577423095703125 9.6485614776611328125 9.679599761962890625 9.6902294158935546875 9.718799591064453125 9.7267551422119140625 9.722232818603515625 9.7113819122314453125 9.7011203765869140625 9.6940059661865234375 9.6788129806518554688 9.658115386962890625 9.6287298202514648438 9.6041231155395507812 9.582668304443359375 9.577754974365234375 9.5672006607055664062 9.5551853179931640625 9.539142608642578125 9.5186061859130859375 9.511051177978515625 9.5085725784301757812 9.5034198760986328125 9.4960565567016601562 9.4867448806762695312 9.4860630035400390625 9.49399566650390625 9.4960889816284179688 9.50403594970703125
9.7265796661376953125 9.7089080810546875 9.6701574325561523438 9.6235246658325195312 9.5951108932495117188 9.5870580673217773438 9.5909185409545898438 9.5931081771850585938 9.5990924835205078125 9.6144428253173828125 9.63703155517578125 9.64604949951171875 9.6593809127807617188 9.6560516357421875 9.6488513946533203125 9.6422929763793945312 9.65643310546875 9.6818628311157226562 9.689456939697265625 9.7161388397216796875 9.7269439697265625 9.7243938446044921875 9.7161235809326171875 9.708126068115234375 9.7033519744873046875 9.689334869384765625 9.6708984375 9.6423368453979492188 9.618427276611328125 9.5897674560546875 9.5822277069091796875 9.5671014785766601562 9.5534276962280273438 9.5364370346069335938 9.51563262939453125 9.5092153549194335938 9.5072879791259765625 9.504337310791015625 9.4987096786499023438 9.4883928298950195312 9.48258209228515625 9.4770984649658203125 9.4741945266723632812 9.4753351211547851562
9.7316045761108398438 9.7146701812744140625 9.6830396652221679688 9.6423540115356445312 9.62000274658203125 9.6039896011352539062 9.6035938262939453125 9.5954008102416992188 9.597080230712890625 9.6183147430419921875 9.6441898345947265625 9.6568450927734375 9.674320220947265625 9.669254302978515625 9.6632633209228515625 9.65522003173828125 9.6713743209838867188 9.6891527175903320312 9.694183349609375 9.7170238494873046875 9.7268877029418945312 9.7257947921752929688 9.718486785888671875 9.7131929397583007812 9.7096099853515625 9.6964473724365234375 9.6804065704345703125 9.6545562744140625 9.6313543319702148438 9.5954809188842773438 9.5873651504516601562 9.5644559860229492188 9.5505313873291015625 9.5315914154052734375 9.5155620574951171875 9.5101270675659179688 9.5087327957153320312 9.5048542022705078125 9.4990596771240234375 9.4894285202026367188 9.4823017120361328125 9.4769525527954101562 9.4714841842651367188 9.4734039306640625
9.7345294952392578125 9.7194976806640625 9.70616912841796875 9.670162200927734375 9.6589365005493164062 9.631252288818359375 9.6310625076293945312 9.6194553375244140625 9.601924896240234375 9.6429376602172851562 9.657135009765625 9.6785478591918945312 9.6936101913452148438 9.6919097900390625 9.6808681488037109375 9.6777400970458984375 9.6898527145385742188 9.70027923583984375 9.703762054443359375 9.71712493896484375 9.7246494293212890625 9.7256784439086914062 9.7217540740966796875 9.7170534133911132812 9.7142000198364257812 9.7044935226440429688 9.6885652542114257812 9.6644191741943359375 9.6365709304809570312 9.5878124237060546875 9.5770435333251953125 9.5523586273193359375 9.536327362060546875 9.524936676025390625 9.5175018310546875 9.5135011672973632812 9.5107927322387695312 9.5062723159790039062 9.5014286041259765625 9.4943447113037109375 9.4889373779296875 9.4880514144897460938 9.4853878021240234375 9.4871721267700195312
