INPUT/RASTER/ASCII/BIO13.asc
ncols        225
nrows        269
xllcorner    473009.983799999987
yllcorner    4429051.174800000153
cellsize     50.000000000000
NODATA_value -9999
[rows 76 to 94 of 269, columns 86 to 128 of 225]
114.61420440673828125 114.50437164306640625 114.37256622314453125 114.246002197265625 114.17151641845703125 114.17792510986328125 114.135345458984375 114.05019378662109375 113.9152069091796875 113.7626495361328125 113.66849517822265625 113.62422943115234375 113.5240631103515625 113.30458831787109375 113.04605865478515625 112.9157867431640625 112.928314208984375 112.95015716552734375 112.9498748779296875 112.95888519287109375 113.03867340087890625 113.122161865234375 113.11502838134765625 113.0998687744140625 113.06284332275390625 112.9955596923828125 112.93129730224609375 112.87114715576171875 112.79418182373046875 112.734771728515625 112.64080810546875 112.5105438232421875 112.37529754638671875 112.2537384033203125 112.1802215576171875 112.1659088134765625 112.23525238037109375 112.3768768310546875 112.50434112548828125 112.556884765625 112.5372314453125 112.50537109375 112.4651947021484375
114.55927276611328125 114.4548797607421875 114.33162689208984375 114.21517181396484375 114.1459808349609375 114.1467437744140625 114.09210205078125 113.99753570556640625 113.8683624267578125 113.7217254638671875 113.62158203125 113.57016754150390625 113.48470306396484375 113.32218170166015625 113.1005401611328125 112.91382598876953125 112.809173583984375 112.72949981689453125 112.71129608154296875 112.75628662109375 112.88077545166015625 112.9838409423828125 112.977020263671875 112.965057373046875 112.9257659912109375 112.8493499755859375 112.78632354736328125 112.74533843994140625 112.70069122314453125 112.65947723388671875 112.578704833984375 112.45599365234375 112.331024169921875 112.2298431396484375 112.1714935302734375 112.16115570068359375 112.218170166015625 112.3385467529296875 112.4452056884765625 112.487091064453125 112.46309661865234375 112.43387603759765625 112.3983612060546875
114.49951934814453125 114.387451171875 114.2724761962890625 114.16762542724609375 114.10498809814453125 114.0956878662109375 114.0214691162109375 113.910430908203125 113.78424835205078125 113.65155029296875 113.5556640625 113.4978179931640625 113.42418670654296875 113.331329345703125 113.20952606201171875 113.059844970703125 112.93462371826171875 112.74117279052734375 112.55603790283203125 112.49597930908203125 112.57137298583984375 112.66152191162109375 112.66075897216796875 112.658843994140625 112.64898681640625 112.60919952392578125 112.545806884765625 112.52338409423828125 112.5442047119140625 112.54378509521484375 112.49114227294921875 112.3979034423828125 112.2994842529296875 112.2134246826171875 112.1612548828125 112.155517578125 112.2030487060546875 112.29912567138671875 112.3669586181640625 112.3805389404296875 112.37004852294921875 112.365875244140625 112.36968994140625
114.428070068359375 114.31204986572265625 114.19869232177734375 114.08592987060546875 114.01155853271484375 113.995849609375 113.886871337890625 113.7348480224609375 113.61089324951171875 113.51456451416015625 113.4514007568359375 113.40680694580078125 113.35352325439453125 113.30735015869140625 113.2689971923828125 113.2259063720703125 113.17249298095703125 112.9848785400390625 112.6160888671875 112.31375885009765625 112.23744964599609375 112.30573272705078125 112.347991943359375 112.37039947509765625 112.3943634033203125 112.37982940673828125 112.3129425048828125 112.3177337646484375 112.38600921630859375 112.417877197265625 112.4046173095703125 112.34305572509765625 112.26357269287109375 112.193572998046875 112.1442413330078125 112.129486083984375 112.17641448974609375 112.263824462890625 112.284576416015625 112.2502593994140625 112.27007293701171875 112.3142242431640625 112.35425567626953125
114.3619232177734375 114.24701690673828125 114.12725830078125 113.98486328125 113.87555694580078125 113.8485565185546875 113.73789215087890625 113.57888031005859375 113.46178436279296875 113.394195556640625 113.359222412109375 113.33983612060546875 113.31610870361328125 113.28601837158203125 113.2573089599609375 113.2208404541015625 113.17450714111328125 113.043121337890625 112.735443115234375 112.346221923828125 112.12841033935546875 112.167633056640625 112.29663848876953125 112.35378265380859375 112.38008880615234375 112.35236358642578125 112.2876739501953125 112.283294677734375 112.32883453369140625 112.35549163818359375 112.35018157958984375 112.30181121826171875 112.23410797119140625 112.17166900634765625 112.132354736328125 112.1226806640625 112.16951751708984375 112.24604034423828125 112.24520111083984375 112.2010955810546875 112.2489471435546875 112.3237152099609375 112.3578033447265625
114.311676025390625 114.19530487060546875 114.0560302734375 113.86728668212890625 113.7128448486328125 113.67742156982421875 113.6236419677734375 113.5340423583984375 113.4249725341796875 113.34859466552734375 113.31816864013671875 113.30322265625 113.284881591796875 113.261199951171875 113.23641204833984375 113.19244384765625 113.14342498779296875 113.03130340576171875 112.7758026123046875 112.3643035888671875 112.06641387939453125 112.098388671875 112.31635284423828125 112.39971923828125 112.41393280029296875 112.3658599853515625 112.2967529296875 112.27486419677734375 112.29070281982421875 112.3021087646484375 112.29196929931640625 112.25055694580078125 112.19568634033203125 112.1459503173828125 112.12699127197265625 112.14090728759765625 112.19886016845703125 112.24135589599609375 112.2183685302734375 112.18029022216796875 112.2532958984375 112.34133148193359375 112.360626220703125
114.25141143798828125 114.13263702392578125 113.9730377197265625 113.7406768798828125 113.55681610107421875 113.499359130859375 113.48438262939453125 113.45838165283203125 113.370819091796875 113.29929351806640625 113.27371978759765625 113.26468658447265625 113.2522735595703125 113.2308349609375 113.19931793212890625 113.1404266357421875 113.08036041259765625 112.9537353515625 112.68389129638671875 112.27797698974609375 112.02118682861328125 112.11360931396484375 112.38579559326171875 112.4756011962890625 112.4696197509765625 112.39591217041015625 112.3096771240234375 112.2649383544921875 112.2528839111328125 112.24698638916015625 112.2285919189453125 112.18820953369140625 112.1489105224609375 112.12419891357421875 112.13703155517578125 112.1816558837890625 112.2576141357421875 112.26502227783203125 112.21544647216796875 112.1809539794921875 112.253814697265625 112.32923126220703125 112.3395233154296875
114.169219970703125 114.048828125 113.87824249267578125 113.64392852783203125 113.4668121337890625 113.36698150634765625 113.3251800537109375 113.31529998779296875 113.274505615234375 113.237030029296875 113.21598052978515625 113.21186065673828125 113.20427703857421875 113.186614990234375 113.14728546142578125 113.0725555419921875 112.99700927734375 112.8242950439453125 112.495849609375 112.14595794677734375 112.00323486328125 112.17168426513671875 112.45055389404296875 112.5280914306640625 112.5040435791015625 112.414215087890625 112.31848907470703125 112.24764251708984375 112.21614837646484375 112.199737548828125 112.172637939453125 112.128021240234375 112.0947723388671875 112.094482421875 112.14424896240234375 112.20461273193359375 112.28285980224609375 112.28092193603515625 112.22551727294921875 112.1977996826171875 112.24790191650390625 112.29425811767578125 112.29383087158203125
114.03154754638671875 113.91292572021484375 113.74365234375 113.5474853515625 113.4136810302734375 113.27356719970703125 113.1768035888671875 113.1597747802734375 113.161712646484375 113.165740966796875 113.15776824951171875 113.14908599853515625 113.13590240478515625 113.1108551025390625 113.0576171875 112.96384429931640625 112.87071990966796875 112.65125274658203125 112.2826690673828125 112.0202484130859375 112.00048065185546875 112.20514678955078125 112.43321990966796875 112.49029541015625 112.46633148193359375 112.39129638671875 112.31011199951171875 112.22866058349609375 112.182525634765625 112.161163330078125 112.119598388671875 112.062347412109375 112.0233612060546875 112.03876495361328125 112.1193084716796875 112.180084228515625 112.2516021728515625 112.26905059814453125 112.23221588134765625 112.209808349609375 112.21631622314453125 112.232757568359375 112.224273681640625
113.80393218994140625 113.691009521484375 113.54550933837890625 113.40785980224609375 113.32767486572265625 113.16567230224609375 113.03716278076171875 113.0217742919921875 113.0491943359375 113.075714111328125 113.07218170166015625 113.06111907958984375 113.03960418701171875 112.9857635498046875 112.89234161376953125 112.76641845703125 112.65520477294921875 112.40374755859375 112.0454254150390625 111.88995361328125 111.97589874267578125 112.15583038330078125 112.2905120849609375 112.3330230712890625 112.34395599365234375 112.3199615478515625 112.2698516845703125 112.202545166015625 112.146026611328125 112.11109161376953125 112.0505523681640625 111.9813232421875 111.93608856201171875 111.9549713134765625 112.0557098388671875 112.128021240234375 112.2103729248046875 112.24535369873046875 112.221771240234375 112.20326995849609375 112.18015289306640625 112.17151641845703125 112.16159820556640625
113.60358428955078125 113.51496124267578125 113.3867340087890625 113.27034759521484375 113.208984375 113.0706634521484375 112.95775604248046875 112.93990325927734375 112.96103668212890625 112.9827728271484375 112.98595428466796875 112.9884033203125 112.96533966064453125 112.871978759765625 112.70389556884765625 112.521820068359375 112.39928436279296875 112.16974639892578125 111.88321685791015625 111.82453155517578125 111.9439849853515625 112.0763702392578125 112.1550445556640625 112.19425201416015625 112.23845672607421875 112.2595672607421875 112.240081787109375 112.1809234619140625 112.10799407958984375 112.05631256103515625 111.9910125732421875 111.92737579345703125 111.89820098876953125 111.9369964599609375 112.04486083984375 112.11090087890625 112.17345428466796875 112.19831085205078125 112.1897430419921875 112.1760101318359375 112.1490478515625 112.13385009765625 112.121124267578125
113.456512451171875 113.40874481201171875 113.28990936279296875 113.17447662353515625 113.1240692138671875 113.01699066162109375 112.915435791015625 112.88323211669921875 112.87998199462890625 112.8913116455078125 112.9147186279296875 112.95299530029296875 112.93320465087890625 112.7840423583984375 112.54692840576171875 112.3294219970703125 112.18946075439453125 111.9986419677734375 111.79050445556640625 111.783111572265625 111.91263580322265625 112.02490234375 112.0820159912109375 112.11307525634765625 112.16204071044921875 112.20662689208984375 112.21550750732421875 112.16101837158203125 112.0801849365234375 112.02384185791015625 111.95433807373046875 111.90323638916015625 111.894256591796875 111.95081329345703125 112.054779052734375 112.099365234375 112.12070465087890625 112.11951446533203125 112.12061309814453125 112.1202850341796875 112.10961151123046875 112.09897613525390625 112.07639312744140625
113.327545166015625 113.30626678466796875 113.20392608642578125 113.1004638671875 113.06000518798828125 112.9766693115234375 112.88091278076171875 112.8327484130859375 112.80621337890625 112.815277099609375 112.85820770263671875 112.93317413330078125 112.90720367431640625 112.6999664306640625 112.4253082275390625 112.2027435302734375 112.0633392333984375 111.9077911376953125 111.745208740234375 111.7150115966796875 111.820068359375 111.94676971435546875 112.0009613037109375 112.02347564697265625 112.081573486328125 112.16053009033203125 112.1902618408203125 112.13242340087890625 112.05875396728515625 112.003082275390625 111.9385986328125 111.9057159423828125 111.910400390625 111.96021270751953125 112.03644561767578125 112.0599517822265625 112.0481719970703125 112.02375030517578125 112.022247314453125 112.04499053955078125 112.0548248291015625 112.0497894287109375 112.03087615966796875
113.2218475341796875 113.20095062255859375 113.11527252197265625 113.0368499755859375 113.01505279541015625 112.9424591064453125 112.85207366943359375 112.78781890869140625 112.748077392578125 112.7621002197265625 112.81524658203125 112.91327667236328125 112.88488006591796875 112.63646697998046875 112.34352874755859375 112.12689208984375 111.9993438720703125 111.8715972900390625 111.7256622314453125 111.6436309814453125 111.6902008056640625 111.82669830322265625 111.89293670654296875 111.9142303466796875 111.9939117431640625 112.11655426025390625 112.15167236328125 112.09039306640625 112.035552978515625 111.98474884033203125 111.929290771484375 111.91284942626953125 111.92392730712890625 111.95494842529296875 111.99237060546875 111.994415283203125 111.95949554443359375 111.920654296875 111.92594146728515625 111.9737548828125 111.99440765380859375 111.99332427978515625 111.98052978515625
113.1621856689453125 113.1112518310546875 113.03277587890625 112.97565460205078125 112.967010498046875 112.89939117431640625 112.8064422607421875 112.73085784912109375 112.68918609619140625 112.71282196044921875 112.7705841064453125 112.8742523193359375 112.85120391845703125 112.5861968994140625 112.278289794921875 112.06731414794921875 111.95493316650390625 111.84694671630859375 111.70769500732421875 111.5692291259765625 111.53226470947265625 111.64682769775390625 111.74962615966796875 111.7866668701171875 111.88877105712890625 112.02497100830078125 112.03952789306640625 111.99662017822265625 111.96131134033203125 111.9296722412109375 111.90674591064453125 111.91341400146484375 111.91705322265625 111.91800689697265625 111.9078369140625 111.88809967041015625 111.838134765625 111.79257965087890625 111.82746124267578125 111.893035888671875 111.91240692138671875 111.91707611083984375 111.92041015625
113.12625885009765625 113.05014801025390625 112.97296142578125 112.9180908203125 112.90665435791015625 112.83609771728515625 112.73694610595703125 112.657012939453125 112.606475830078125 112.6251983642578125 112.6747283935546875 112.75347137451171875 112.72147369384765625 112.47528076171875 112.193511962890625 112.00092315673828125 111.90222930908203125 111.81524658203125 111.7102813720703125 111.55553436279296875 111.4151153564453125 111.44512939453125 111.5953369140625 111.67864227294921875 111.807281494140625 111.900543212890625 111.8322296142578125 111.80724334716796875 111.8099822998046875 111.81099700927734375 111.84786224365234375 111.8975677490234375 111.89109039306640625 111.85254669189453125 111.79911041259765625 111.7532196044921875 111.67990875244140625 111.6273040771484375 111.6794281005859375 111.763031005859375 111.78861236572265625 111.80828857421875 111.83544921875
113.10474395751953125 113.0151214599609375 112.9358978271484375 112.87226104736328125 112.860198974609375 112.78209686279296875 112.678985595703125 112.5941925048828125 112.527130126953125 112.52539825439453125 112.54674530029296875 112.56542205810546875 112.49300384521484375 112.2971038818359375 112.093841552734375 111.942901611328125 111.86197662353515625 111.80626678466796875 111.74945831298828125 111.62994384765625 111.43084716796875 111.34113311767578125 111.47939300537109375 111.607177734375 111.77895355224609375 111.842041015625 111.65154266357421875 111.55313873291015625 111.583831787109375 111.634796142578125 111.748565673828125 111.856781005859375 111.8637847900390625 111.80590057373046875 111.73915863037109375 111.681182861328125 111.5998687744140625 111.540008544921875 111.5412750244140625 111.620758056640625 111.6753387451171875 111.7039642333984375 111.73956298828125
113.101043701171875 112.999420166015625 112.8992156982421875 112.82065582275390625 112.8232879638671875 112.76604461669921875 112.6631927490234375 112.57141876220703125 112.49913787841796875 112.4725189208984375 112.46053314208984375 112.42662811279296875 112.3386688232421875 112.1906585693359375 112.043060302734375 111.92784881591796875 111.8624420166015625 111.81987762451171875 111.76596832275390625 111.64212799072265625 111.4330596923828125 111.28243255615234375 111.3692474365234375 111.51531982421875 111.71857452392578125 111.7644500732421875 111.4939422607421875 111.30968475341796875 111.34981536865234375 111.44322967529296875 111.62017059326171875 111.7785186767578125 111.81914520263671875 111.7703094482421875 111.7044830322265625 111.64701080322265625 111.5640411376953125 111.49884796142578125 111.48302459716796875 111.53316497802734375 111.5950164794921875 111.62610626220703125 111.6610107421875
113.06607818603515625 112.948577880859375 112.8316650390625 112.74112701416015625 112.71759033203125 112.71404266357421875 112.630767822265625 112.54569244384765625 112.4754486083984375 112.4268951416015625 112.39466094970703125 112.33261871337890625 112.2439117431640625 112.13030242919921875 112.01409912109375 111.9150390625 111.8530120849609375 111.81726837158203125 111.76073455810546875 111.62404632568359375 111.41822052001953125 111.24373626708984375 111.28376007080078125 111.4249267578125 111.6181793212890625 111.61939239501953125 111.33147430419921875 111.156158447265625 111.2099151611328125 111.30574798583984375 111.49613189697265625 111.6827850341796875 111.7535552978515625 111.7278289794921875 111.6694488525390625 111.61968994140625 111.54293060302734375 111.4709014892578125 111.44501495361328125 111.478057861328125 111.53322601318359375 111.57061767578125 111.6060943603515625
