INPUT/RASTER/ASCII/BIO11.asc
ncols        225
nrows        269
xllcorner    473009.983799999987
yllcorner    4429051.174800000153
cellsize     50.000000000000
NODATA_value -9999
[rows 95 to 113 of 269, columns 126 to 167 of 225]
8.9268703460693359375 8.9215383529663085938 8.9150781631469726563 8.9084300994873046875 8.9069385528564453125 8.9099578857421875 8.9129343032836914063 8.9140539169311523438 8.9139280319213867188 8.9133062362670898438 8.9125967025756835938 8.9129962921142578125 8.915248870849609375 8.9161853790283203125 8.9165096282958984375 8.9174299240112304688 8.914093017578125 8.9104471206665039063 8.9062938690185546875 8.9018535614013671875 8.897701263427734375 8.8923587799072265625 8.8876600265502929688 8.8841485977172851563 8.88234710693359375 8.8823137283325195313 8.8816499710083007813 8.8810138702392578125 8.882129669189453125 8.8907079696655273438 8.9159193038940429688 8.9410543441772460938 8.9532613754272460938 8.9646396636962890625 8.9687986373901367188 8.967067718505859375 8.9637937545776367188 8.9616250991821289063 8.9605808258056640625 8.9585094451904296875 8.9553155899047851563 8.9509057998657226563
8.9336338043212890625 8.9294862747192382813 8.9237041473388671875 8.9167566299438476563 8.9156522750854492188 8.9203386306762695313 8.924694061279296875 8.925922393798828125 8.925018310546875 8.9227199554443359375 8.9208459854125976563 8.921192169189453125 8.9223575592041015625 8.9227552413940429688 8.923076629638671875 8.9227933883666992188 8.9203920364379882813 8.9168682098388671875 8.9113683700561523438 8.906169891357421875 8.9022188186645507813 8.8971261978149414063 8.8921213150024414063 8.88938140869140625 8.8866662979125976563 8.8855981826782226563 8.8843526840209960938 8.8854093551635742188 8.8895168304443359375 8.9012012481689453125 8.9273014068603515625 8.9504003524780273438 8.9615278244018554688 8.9724788665771484375 8.9771099090576171875 8.9760036468505859375 8.9735126495361328125 8.9712800979614257813 8.9696226119995117188 8.9669704437255859375 8.9628696441650390625 8.958415985107421875
8.9403362274169921875 8.9367132186889648438 8.9314556121826171875 8.9251079559326171875 8.9246120452880859375 8.929515838623046875 8.9332647323608398438 8.933746337890625 8.9325237274169921875 8.92946624755859375 8.9273939132690429688 8.9275102615356445313 8.9275312423706054688 8.926723480224609375 8.92606353759765625 8.9240016937255859375 8.9216823577880859375 8.9179553985595703125 8.9125041961669921875 8.9084825515747070313 8.9051656723022460938 8.9008321762084960938 8.8974809646606445313 8.8949270248413085938 8.8909463882446289063 8.8891420364379882813 8.8875789642333984375 8.8903684616088867188 8.89740753173828125 8.912044525146484375 8.9363813400268554688 8.9554166793823242188 8.9658994674682617188 8.9766836166381835938 8.98128509521484375 8.9821577072143554688 8.9818525314331054688 8.9803400039672851563 8.978458404541015625 8.97487640380859375 8.9704313278198242188 8.9659366607666015625
8.9444437026977539063 8.9408769607543945313 8.9365549087524414063 8.932086944580078125 8.9321050643920898438 8.93560028076171875 8.9373254776000976563 8.9371128082275390625 8.9360342025756835938 8.9333524703979492188 8.9321269989013671875 8.9321794509887695313 8.9314222335815429688 8.9299097061157226563 8.9278821945190429688 8.9237613677978515625 8.919345855712890625 8.9149169921875 8.9102458953857421875 8.9073495864868164063 8.9048738479614257813 8.9019870758056640625 8.9006137847900390625 8.8983058929443359375 8.8951711654663085938 8.893848419189453125 8.8926439285278320313 8.8968448638916015625 8.904735565185546875 8.9192104339599609375 8.940158843994140625 8.95658111572265625 8.9665784835815429688 8.9771060943603515625 8.9825143814086914063 8.9857311248779296875 8.9869785308837890625 8.9864606857299804688 8.9846925735473632813 8.980266571044921875 8.9758653640747070313 8.9718580245971679688
8.94618988037109375 8.9432916641235351563 8.9405050277709960938 8.9380102157592773438 8.9381923675537109375 8.9409418106079101563 8.9425554275512695313 8.9428052902221679688 8.9412899017333984375 8.9387264251708984375 8.9371252059936523438 8.935985565185546875 8.9347171783447265625 8.9330158233642578125 8.9294729232788085938 8.9247760772705078125 8.9194917678833007813 8.9148769378662109375 8.9102783203125 8.9078073501586914063 8.9055194854736328125 8.9027919769287109375 8.9016666412353515625 8.8999176025390625 8.8989076614379882813 8.8989667892456054688 8.9000062942504882813 8.9062175750732421875 8.9144067764282226563 8.9258928298950195313 8.94158935546875 8.955249786376953125 8.9638757705688476563 8.9753007888793945313 8.9840631484985351563 8.9891500473022460938 8.9917440414428710938 8.9919481277465820313 8.9904336929321289063 8.9862489700317382813 8.981403350830078125 8.9770135879516601563
8.94771575927734375 8.945919036865234375 8.9442739486694335938 8.9426145553588867188 8.9431142807006835938 8.946075439453125 8.9477186203002929688 8.9477901458740234375 8.9463090896606445313 8.9441308975219726563 8.9428091049194335938 8.9413785934448242188 8.9389858245849609375 8.9365816116333007813 8.9316453933715820313 8.9263591766357421875 8.9205541610717773438 8.9158658981323242188 8.9120550155639648438 8.9096136093139648438 8.9079341888427734375 8.9049777984619140625 8.9034681320190429688 8.9021282196044921875 8.901683807373046875 8.9022369384765625 8.9061460494995117188 8.9143390655517578125 8.9243593215942382813 8.9346265792846679688 8.9463739395141601563 8.9570703506469726563 8.9634847640991210938 8.9752779006958007813 8.9864492416381835938 8.9932432174682617188 8.9959354400634765625 8.9961299896240234375 8.9948663711547851563 8.9908609390258789063 8.9866151809692382813 8.982379913330078125
8.9516592025756835938 8.9503488540649414063 8.9490270614624023438 8.9478168487548828125 8.9489564895629882813 8.9521961212158203125 8.9534091949462890625 8.9529733657836914063 8.9515390396118164063 8.9496755599975585938 8.948032379150390625 8.9461574554443359375 8.9428606033325195313 8.939807891845703125 8.9348459243774414063 8.9283733367919921875 8.9216518402099609375 8.9173135757446289063 8.913982391357421875 8.9114465713500976563 8.9100294113159179688 8.9075498580932617188 8.906162261962890625 8.90557098388671875 8.9054622650146484375 8.90622711181640625 8.9112958908081054688 8.9207439422607421875 8.933013916015625 8.9436464309692382813 8.9540538787841796875 8.9632320404052734375 8.96926116943359375 8.98059844970703125 8.9919519424438476563 8.9991245269775390625 9.0012912750244140625 9.0010080337524414063 8.9993066787719726563 8.995166778564453125 8.9921779632568359375 8.9883203506469726563
8.96196746826171875 8.95983123779296875 8.957599639892578125 8.956676483154296875 8.9575204849243164063 8.9603519439697265625 8.9609727859497070313 8.9601831436157226563 8.9582529067993164063 8.9562349319458007813 8.9544725418090820313 8.9519863128662109375 8.9476108551025390625 8.9437570571899414063 8.9379367828369140625 8.929653167724609375 8.922389984130859375 8.9184122085571289063 8.9160203933715820313 8.9140682220458984375 8.9121828079223632813 8.9100341796875 8.9098300933837890625 8.9109325408935546875 8.9118623733520507813 8.9129877090454101563 8.9181537628173828125 8.9289903640747070313 8.942119598388671875 8.9519195556640625 8.9611072540283203125 8.9689350128173828125 8.976222991943359375 8.9885854721069335938 9.0004625320434570313 9.0077104568481445313 9.0089569091796875 9.0070657730102539063 9.0045442581176757813 8.9998931884765625 8.997608184814453125 8.9945230484008789063
8.9771909713745117188 8.9739427566528320313 8.9700412750244140625 8.9683170318603515625 8.968448638916015625 8.97008514404296875 8.9699468612670898438 8.9690771102905273438 8.9661073684692382813 8.9636602401733398438 8.9623613357543945313 8.959766387939453125 8.9543085098266601563 8.9494380950927734375 8.94153594970703125 8.9307565689086914063 8.9220561981201171875 8.91815948486328125 8.9172306060791015625 8.9167528152465820313 8.9146299362182617188 8.9131412506103515625 8.9143400192260742188 8.9171504974365234375 8.9202604293823242188 8.922618865966796875 8.927097320556640625 8.9388704299926757813 8.951107025146484375 8.9591646194458007813 8.9666595458984375 8.9729747772216796875 8.9811611175537109375 8.9944362640380859375 9.006641387939453125 9.0145483016967773438 9.0159349441528320313 9.0136938095092773438 9.0106344223022460938 9.0049991607666015625 9.0016946792602539063 8.9991512298583984375
8.99320220947265625 8.9894771575927734375 8.98413848876953125 8.9789714813232421875 8.9774255752563476563 8.9775533676147460938 8.9771909713745117188 8.9761495590209960938 8.9727716445922851563 8.9705257415771484375 8.969791412353515625 8.9678277969360351563 8.9613142013549804688 8.9554462432861328125 8.9460544586181640625 8.933437347412109375 8.9233303070068359375 8.918750762939453125 8.9182157516479492188 8.9181833267211914063 8.9165468215942382813 8.9158601760864257813 8.9178133010864257813 8.9220952987670898438 8.9285154342651367188 8.9330282211303710938 8.9382658004760742188 8.9490833282470703125 8.960224151611328125 8.967327117919921875 8.9735870361328125 8.9796819686889648438 8.9880113601684570313 9.0004529953002929688 9.0115909576416015625 9.0188341140747070313 9.0206851959228515625 9.0197391510009765625 9.0174798965454101563 9.01273345947265625 9.0078306198120117188 9.0036783218383789063
9.0091447830200195313 9.0057458877563476563 9.0004301071166992188 8.9916553497314453125 8.9849042892456054688 8.9821319580078125 8.9809122085571289063 8.9798555374145507813 8.9782190322875976563 8.9767818450927734375 8.9757671356201171875 8.9739513397216796875 8.9672880172729492188 8.9612751007080078125 8.9524488449096679688 8.9393815994262695313 8.9280796051025390625 8.9227161407470703125 8.9223985671997070313 8.9222698211669921875 8.9203643798828125 8.9196319580078125 8.921539306640625 8.9267902374267578125 8.9364728927612304688 8.9446039199829101563 8.9551239013671875 8.96459197998046875 8.9717721939086914063 8.9760866165161132813 8.9822721481323242188 8.990268707275390625 8.9979352951049804688 9.0083398818969726563 9.0170640945434570313 9.0219354629516601563 9.0231351852416992188 9.022430419921875 9.021213531494140625 9.0193634033203125 9.0160188674926757813 9.0110569000244140625
9.020885467529296875 9.0183763504028320313 9.014087677001953125 9.0041751861572265625 8.9938573837280273438 8.9886903762817382813 8.985584259033203125 8.9838466644287109375 8.9820775985717773438 8.979644775390625 8.977848052978515625 8.9759960174560546875 8.9709043502807617188 8.9656963348388671875 8.9579372406005859375 8.9463014602661132813 8.9361619949340820313 8.9303493499755859375 8.9293699264526367188 8.9292879104614257813 8.9272308349609375 8.9260110855102539063 8.9267864227294921875 8.9313211441040039063 8.9425754547119140625 8.9530916213989257813 8.9673309326171875 8.9761791229248046875 8.9807491302490234375 8.9834146499633789063 8.9910764694213867188 9.0015544891357421875 9.0085859298706054688 9.0166273117065429688 9.0225992202758789063 9.02597808837890625 9.0260000228881835938 9.024524688720703125 9.023345947265625 9.0224256515502929688 9.0211553573608398438 9.0182905197143554688
9.0298852920532226563 9.0274686813354492188 9.0226221084594726563 9.01322174072265625 9.0041837692260742188 8.9978790283203125 8.9916486740112304688 8.9888830184936523438 8.9876718521118164063 8.9848423004150390625 8.98204803466796875 8.9791040420532226563 8.9733629226684570313 8.96814727783203125 8.962169647216796875 8.9542989730834960938 8.9468526840209960938 8.9411077499389648438 8.9389934539794921875 8.9389486312866210938 8.9391231536865234375 8.937389373779296875 8.9360370635986328125 8.9387836456298828125 8.9483442306518554688 8.9579172134399414063 8.9723224639892578125 8.9826517105102539063 8.9881572723388671875 8.99079132080078125 8.9989223480224609375 9.0098714828491210938 9.0163974761962890625 9.0227975845336914063 9.0273675918579101563 9.0307855606079101563 9.031558990478515625 9.03034210205078125 9.028656005859375 9.0267305374145507813 9.025424957275390625 9.0236301422119140625
9.0369768142700195313 9.0342864990234375 9.0289516448974609375 9.0216016769409179688 9.0182008743286132813 9.0137386322021484375 9.0049715042114257813 9.0002994537353515625 8.9981603622436523438 8.9942255020141601563 8.98956298828125 8.9852628707885742188 8.9796514511108398438 8.9755649566650390625 8.9721231460571289063 8.9683218002319335938 8.964275360107421875 8.9606275558471679688 8.95815277099609375 8.9574899673461914063 8.95865631103515625 8.9570474624633789063 8.953952789306640625 8.9550037384033203125 8.9605455398559570313 8.966419219970703125 8.977508544921875 8.9903783798217773438 8.9998302459716796875 9.0039997100830078125 9.0091409683227539063 9.0162210464477539063 9.021114349365234375 9.026882171630859375 9.0324468612670898438 9.0379180908203125 9.0412931442260742188 9.0419797897338867188 9.0411510467529296875 9.0381717681884765625 9.034832000732421875 9.030426025390625
9.0442657470703125 9.0412530899047851563 9.03629302978515625 9.0325994491577148438 9.03578948974609375 9.0339040756225585938 9.0249729156494140625 9.0180368423461914063 9.0104551315307617188 9.0035037994384765625 8.9973154067993164063 8.9918375015258789063 8.9864025115966796875 8.9839181900024414063 8.982868194580078125 8.9817438125610351563 8.980010986328125 8.9778308868408203125 8.9751787185668945313 8.9739313125610351563 8.9737768173217773438 8.9715251922607421875 8.9676027297973632813 8.96816253662109375 8.971584320068359375 8.9755945205688476563 8.9853725433349609375 8.998485565185546875 9.01100921630859375 9.0177450180053710938 9.0194196701049804688 9.0216131210327148438 9.0244646072387695313 9.02930450439453125 9.0361547470092773438 9.0442981719970703125 9.05013275146484375 9.0527067184448242188 9.053375244140625 9.05034637451171875 9.0453624725341796875 9.0383520126342773438
9.050304412841796875 9.0472021102905273438 9.042926788330078125 9.0418138504028320313 9.0475749969482421875 9.046722412109375 9.0384922027587890625 9.0309085845947265625 9.020496368408203125 9.0121049880981445313 9.0056972503662109375 8.9992160797119140625 8.9928712844848632813 8.9909524917602539063 8.9913082122802734375 8.9908657073974609375 8.9895572662353515625 8.9871969223022460938 8.9843835830688476563 8.982975006103515625 8.9813985824584960938 8.97855377197265625 8.9755449295043945313 8.975688934326171875 8.9775037765502929688 8.980846405029296875 8.9904661178588867188 9.0037889480590820313 9.0191564559936523438 9.028045654296875 9.028656005859375 9.02759552001953125 9.028743743896484375 9.0319585800170898438 9.0383129119873046875 9.0474977493286132813 9.05507659912109375 9.0588445663452148438 9.0605316162109375 9.0583934783935546875 9.0530672073364257813 9.0458889007568359375
9.0562868118286132813 9.0534372329711914063 9.0497751235961914063 9.0503358840942382813 9.0565547943115234375 9.0550470352172851563 9.0467987060546875 9.0398187637329101563 9.0303335189819335938 9.022552490234375 9.0170488357543945313 9.0100917816162109375 9.0032205581665039063 9.0012254714965820313 9.0009927749633789063 8.9995288848876953125 8.9969720840454101563 8.99376678466796875 8.9908046722412109375 8.989459991455078125 8.987522125244140625 8.9849863052368164063 8.983554840087890625 8.9827022552490234375 8.982067108154296875 8.9838390350341796875 8.9927911758422851563 9.00634002685546875 9.0239362716674804688 9.03661346435546875 9.0391969680786132813 9.0354137420654296875 9.034793853759765625 9.03665924072265625 9.0417966842651367188 9.0500545501708984375 9.0581455230712890625 9.0627717971801757813 9.0654506683349609375 9.0645532608032226563 9.0602903366088867188 9.0539617538452148438
9.0673837661743164063 9.0646028518676757813 9.060565948486328125 9.0621700286865234375 9.066341400146484375 9.0617990493774414063 9.0533742904663085938 9.047435760498046875 9.0407571792602539063 9.035938262939453125 9.0324945449829101563 9.0272083282470703125 9.0215349197387695313 9.0188846588134765625 9.0158863067626953125 9.0109243392944335938 9.0052137374877929688 9.0003032684326171875 8.9969282150268554688 8.99550628662109375 8.9934663772583007813 8.99160003662109375 8.991786956787109375 8.9901027679443359375 8.9876499176025390625 8.9881496429443359375 8.9960079193115234375 9.0089931488037109375 9.0266332626342773438 9.042499542236328125 9.0469274520874023438 9.0436162948608398438 9.0425481796264648438 9.0434274673461914063 9.0474081039428710938 9.054775238037109375 9.0624713897705078125 9.0669984817504882813 9.0688810348510742188 9.0680332183837890625 9.065944671630859375 9.0625391006469726563
9.08698272705078125 9.082942962646484375 9.0772981643676757813 9.0758056640625 9.073047637939453125 9.06557464599609375 9.0588283538818359375 9.0546207427978515625 9.0513763427734375 9.0505876541137695313 9.0501375198364257813 9.0480175018310546875 9.0444211959838867188 9.0415325164794921875 9.035289764404296875 9.0245981216430664063 9.0144243240356445313 9.0073480606079101563 9.0035352706909179688 9.0025787353515625 9.001956939697265625 9.0000219345092773438 8.9992427825927734375 8.9978208541870117188 8.99546051025390625 8.994873046875 9.0006618499755859375 9.01259613037109375 9.0302934646606445313 9.0478343963623046875 9.0525331497192382813 9.0503597259521484375 9.0494661331176757813 9.0508623123168945313 9.0561695098876953125 9.0642757415771484375 9.0717000961303710938 9.075031280517578125 9.0745306015014648438 9.07265472412109375 9.0713605880737304688 9.069915771484375
