INPUT/RASTER/ASCII/BIO11.asc
ncols        225
nrows        269
xllcorner    473009.983799999987
yllcorner    4429051.174800000153
cellsize     50.000000000000
NODATA_value  -9999
[rows 133 to 151 of 269, columns 44 to 87 of 225]
9.3662052154541015625 9.3629474639892578125 9.3591375350952148438 9.3504896163940429688 9.3422298431396484375 9.3372735977172851563 9.3334836959838867188 9.3337602615356445313 9.3405790328979492188 9.3546466827392578125 9.3596324920654296875 9.3629751205444335938 9.3714885711669921875 9.3842067718505859375 9.3900518417358398438 9.3826398849487304688 9.3727588653564453125 9.3765468597412109375 9.3755979537963867188 9.364322662353515625 9.35693359375 9.3480167388916015625 9.3394689559936523438 9.3365573883056640625 9.3378009796142578125 9.3421564102172851563 9.3440914154052734375 9.337940216064453125 9.3241901397705078125 9.2878665924072265625 9.2535562515258789063 9.2419290542602539063 9.2349672317504882813 9.2293109893798828125 9.2209072113037109375 9.2134151458740234375 9.2074413299560546875 9.2037057876586914063 9.2011976242065429688 9.1990070343017578125 9.1953001022338867188 9.190822601318359375 9.1857089996337890625 9.1803674697875976563
9.3746356964111328125 9.3710622787475585938 9.3668766021728515625 9.3585834503173828125 9.3511486053466796875 9.3461456298828125 9.3413982391357421875 9.3358974456787109375 9.3348131179809570313 9.342449188232421875 9.352085113525390625 9.3609638214111328125 9.370792388916015625 9.3841829299926757813 9.3922300338745117188 9.3905134201049804688 9.3881196975708007813 9.3918056488037109375 9.3874464035034179688 9.37503814697265625 9.3680171966552734375 9.3644886016845703125 9.3648710250854492188 9.3606538772583007813 9.3532629013061523438 9.353313446044921875 9.3507843017578125 9.3244256973266601563 9.2859554290771484375 9.266277313232421875 9.2568235397338867188 9.2499666213989257813 9.2432727813720703125 9.23702239990234375 9.2283620834350585938 9.2203073501586914063 9.2139120101928710938 9.2088441848754882813 9.2055101394653320313 9.2036371231079101563 9.20050048828125 9.1937074661254882813 9.1859979629516601563 9.1820659637451171875
9.3825941085815429688 9.37673187255859375 9.3709201812744140625 9.3636074066162109375 9.3587818145751953125 9.3557224273681640625 9.3519048690795898438 9.3455638885498046875 9.340972900390625 9.3352642059326171875 9.3364162445068359375 9.3536930084228515625 9.3708276748657226563 9.3845539093017578125 9.3946380615234375 9.4030447006225585938 9.4111509323120117188 9.4081468582153320313 9.3958406448364257813 9.3830213546752929688 9.3769989013671875 9.3752565383911132813 9.3787546157836914063 9.3789119720458984375 9.372097015380859375 9.3539981842041015625 9.327098846435546875 9.2969713211059570313 9.27671051025390625 9.2672281265258789063 9.2587175369262695313 9.2528772354125976563 9.24854278564453125 9.243106842041015625 9.2333173751831054688 9.225803375244140625 9.2207670211791992188 9.2152013778686523438 9.2092943191528320313 9.2063913345336914063 9.202793121337890625 9.1954641342163085938 9.18950653076171875 9.1869878768920898438
9.3841075897216796875 9.377223968505859375 9.3719568252563476563 9.3649663925170898438 9.361297607421875 9.359645843505859375 9.3578710556030273438 9.3537282943725585938 9.349468231201171875 9.341640472412109375 9.335887908935546875 9.3428821563720703125 9.3654117584228515625 9.3863134384155273438 9.3990573883056640625 9.4122524261474609375 9.4228839874267578125 9.4148044586181640625 9.3991670608520507813 9.38748931884765625 9.38360595703125 9.3851642608642578125 9.3912906646728515625 9.3940305709838867188 9.38564300537109375 9.3372220993041992188 9.29741668701171875 9.28728485107421875 9.2782154083251953125 9.2666683197021484375 9.2584886550903320313 9.254852294921875 9.2517642974853515625 9.2476739883422851563 9.2390880584716796875 9.23136138916015625 9.2268619537353515625 9.22100067138671875 9.21356964111328125 9.2080440521240234375 9.2016420364379882813 9.1957998275756835938 9.1914539337158203125 9.1896867752075195313
9.3843927383422851563 9.3776674270629882813 9.373291015625 9.3675985336303710938 9.3647794723510742188 9.3640718460083007813 9.3641757965087890625 9.3622884750366210938 9.3585405349731445313 9.3497915267944335938 9.3414745330810546875 9.3389453887939453125 9.3544836044311523438 9.38397216796875 9.402400970458984375 9.4176015853881835938 9.4294834136962890625 9.421802520751953125 9.4039402008056640625 9.3920907974243164063 9.38947296142578125 9.3926534652709960938 9.3987483978271484375 9.4004116058349609375 9.372936248779296875 9.3245382308959960938 9.3037672042846679688 9.2930479049682617188 9.2781362533569335938 9.2642259597778320313 9.2577886581420898438 9.2563314437866210938 9.2551937103271484375 9.2523479461669921875 9.2456960678100585938 9.2377290725708007813 9.2310056686401367188 9.2235546112060546875 9.2156000137329101563 9.2074956893920898438 9.2003469467163085938 9.196529388427734375 9.1930761337280273438 9.1915559768676757813
9.3849458694458007813 9.3788852691650390625 9.3751926422119140625 9.3716831207275390625 9.3704175949096679688 9.3707523345947265625 9.3719301223754882813 9.3715877532958984375 9.3683080673217773438 9.3591661453247070313 9.3496084213256835938 9.3430833816528320313 9.3476381301879882813 9.374767303466796875 9.4003734588623046875 9.4199686050415039063 9.4355525970458984375 9.43222808837890625 9.41352081298828125 9.3996667861938476563 9.3964872360229492188 9.3981199264526367188 9.3993082046508789063 9.3835058212280273438 9.34326171875 9.3212366104125976563 9.31427001953125 9.3005437850952148438 9.2786579132080078125 9.2627277374267578125 9.257694244384765625 9.257984161376953125 9.2588367462158203125 9.2576923370361328125 9.2519388198852539063 9.2438335418701171875 9.2346467971801757813 9.2242755889892578125 9.215328216552734375 9.2076015472412109375 9.2024507522583007813 9.2002782821655273438 9.1972751617431640625 9.1958150863647460938
9.3869686126708984375 9.3815317153930664063 9.379222869873046875 9.3777675628662109375 9.3775081634521484375 9.3783445358276367188 9.3798761367797851563 9.3801422119140625 9.37738800048828125 9.3688812255859375 9.3599948883056640625 9.3531141281127929688 9.3523855209350585938 9.3656711578369140625 9.3866224288940429688 9.4124889373779296875 9.4355220794677734375 9.44051361083984375 9.4250478744506835938 9.4100503921508789063 9.4048280715942382813 9.3981752395629882813 9.3846216201782226563 9.3520669937133789063 9.327640533447265625 9.3224353790283203125 9.3169403076171875 9.30503082275390625 9.2822599411010742188 9.2647275924682617188 9.259235382080078125 9.2602796554565429688 9.2621431350708007813 9.262470245361328125 9.258380889892578125 9.2503566741943359375 9.2399339675903320313 9.2272777557373046875 9.2182703018188476563 9.2133188247680664063 9.211193084716796875 9.2106800079345703125 9.2073259353637695313 9.2059478759765625
9.3937892913818359375 9.3881053924560546875 9.3873691558837890625 9.3866262435913085938 9.3858633041381835938 9.385906219482421875 9.386562347412109375 9.3861379623413085938 9.3838701248168945313 9.3778047561645507813 9.3716630935668945313 9.3667039871215820313 9.3641004562377929688 9.3657350540161132813 9.3734912872314453125 9.3933801651000976563 9.4212102890014648438 9.4405431747436523438 9.4337148666381835938 9.420238494873046875 9.4091901779174804688 9.3795757293701171875 9.3522090911865234375 9.3348817825317382813 9.3309392929077148438 9.3280706405639648438 9.3178234100341796875 9.305881500244140625 9.2891187667846679688 9.275333404541015625 9.2653751373291015625 9.2643451690673828125 9.2664499282836914063 9.2680006027221679688 9.2668018341064453125 9.2592287063598632813 9.2479114532470703125 9.2359628677368164063 9.22850799560546875 9.2251424789428710938 9.2246522903442382813 9.2245273590087890625 9.22115325927734375 9.2199335098266601563
9.4075164794921875 9.3998613357543945313 9.397457122802734375 9.3953523635864257813 9.393032073974609375 9.3915929794311523438 9.391139984130859375 9.3898878097534179688 9.3879070281982421875 9.3839244842529296875 9.37995147705078125 9.376049041748046875 9.3720045089721679688 9.369556427001953125 9.3725528717041015625 9.3825283050537109375 9.4041385650634765625 9.4332981109619140625 9.4377241134643554688 9.420398712158203125 9.3954524993896484375 9.3520307540893554688 9.3356885910034179688 9.3346605300903320313 9.3359375 9.3341817855834960938 9.32247161865234375 9.3090028762817382813 9.2957391738891601563 9.2870702743530273438 9.277034759521484375 9.2704687118530273438 9.2711210250854492188 9.2737531661987304688 9.2741785049438476563 9.2670545578002929688 9.2563486099243164063 9.2454996109008789063 9.2385959625244140625 9.2354574203491210938 9.2342128753662109375 9.2335195541381835938 9.2318162918090820313 9.2313060760498046875
9.42145538330078125 9.4131069183349609375 9.4089670181274414063 9.40421295166015625 9.3990087509155273438 9.3957424163818359375 9.3946657180786132813 9.3932247161865234375 9.3914728164672851563 9.3883504867553710938 9.384502410888671875 9.3798370361328125 9.3748311996459960938 9.3720703125 9.375194549560546875 9.3855066299438476563 9.4014043807983398438 9.423229217529296875 9.4307336807250976563 9.3923625946044921875 9.3606729507446289063 9.3439321517944335938 9.3403472900390625 9.3381519317626953125 9.3367929458618164063 9.3383941650390625 9.3319101333618164063 9.3177652359008789063 9.3032350540161132813 9.2947626113891601563 9.288913726806640625 9.2804050445556640625 9.2759647369384765625 9.2773838043212890625 9.2783460617065429688 9.2735242843627929688 9.2632541656494140625 9.25188446044921875 9.2452411651611328125 9.24224090576171875 9.240596771240234375 9.240322113037109375 9.239437103271484375 9.2391405105590820313
9.43473052978515625 9.428058624267578125 9.4233217239379882813 9.4156370162963867188 9.407825469970703125 9.402435302734375 9.3997411727905273438 9.3976383209228515625 9.3960103988647460938 9.393035888671875 9.3887872695922851563 9.3836565017700195313 9.3785648345947265625 9.3768482208251953125 9.3820371627807617188 9.3960943222045898438 9.4119195938110351563 9.4152374267578125 9.3916540145874023438 9.35988616943359375 9.3500833511352539063 9.3492746353149414063 9.3471927642822265625 9.3439779281616210938 9.3416299819946289063 9.3437948226928710938 9.3401212692260742188 9.32711029052734375 9.311717987060546875 9.3024759292602539063 9.2975139617919921875 9.2924642562866210938 9.2849435806274414063 9.28115081787109375 9.2825784683227539063 9.2803678512573242188 9.268894195556640625 9.2569675445556640625 9.2508115768432617188 9.2484455108642578125 9.247135162353515625 9.2468357086181640625 9.2457370758056640625 9.2449436187744140625
9.4496173858642578125 9.443645477294921875 9.4361143112182617188 9.4266347885131835938 9.4177865982055664063 9.410327911376953125 9.4056720733642578125 9.402751922607421875 9.4008779525756835938 9.3974895477294921875 9.39298248291015625 9.3879947662353515625 9.3836317062377929688 9.3831005096435546875 9.3908586502075195313 9.4107084274291992188 9.4240512847900390625 9.3984222412109375 9.352100372314453125 9.3388395309448242188 9.3451128005981445313 9.3526172637939453125 9.352939605712890625 9.3510828018188476563 9.3489713668823242188 9.3502140045166015625 9.3485288619995117188 9.3373708724975585938 9.322177886962890625 9.3107137680053710938 9.3038787841796875 9.2995252609252929688 9.2944116592407226563 9.2905797958374023438 9.2898530960083007813 9.2868719100952148438 9.27381134033203125 9.2617444992065429688 9.2568798065185546875 9.2556619644165039063 9.254917144775390625 9.254474639892578125 9.2531270980834960938 9.2516632080078125
9.4628620147705078125 9.45662689208984375 9.4476022720336914063 9.4376459121704101563 9.4283952713012695313 9.4193134307861328125 9.4129762649536132813 9.4081878662109375 9.4054155349731445313 9.4012269973754882813 9.3965625762939453125 9.391788482666015625 9.3886957168579101563 9.38979339599609375 9.3993139266967773438 9.4211330413818359375 9.4213237762451171875 9.375762939453125 9.3391323089599609375 9.3282756805419921875 9.3333902359008789063 9.3491392135620117188 9.356258392333984375 9.3590307235717773438 9.3588886260986328125 9.3595876693725585938 9.3594036102294921875 9.3499402999877929688 9.3347425460815429688 9.3194513320922851563 9.307758331298828125 9.303104400634765625 9.3009395599365234375 9.3022899627685546875 9.3028879165649414063 9.2977275848388671875 9.2820348739624023438 9.26959991455078125 9.2655916213989257813 9.2656087875366210938 9.2655744552612304688 9.2650308609008789063 9.2638616561889648438 9.2625494003295898438
9.4709005355834960938 9.4643964767456054688 9.4577426910400390625 9.4505529403686523438 9.442546844482421875 9.4339342117309570313 9.426769256591796875 9.4189510345458984375 9.414211273193359375 9.4073772430419921875 9.4013128280639648438 9.3969736099243164063 9.39524078369140625 9.39826202392578125 9.4052038192749023438 9.4153995513916015625 9.4012784957885742188 9.3613653182983398438 9.33945465087890625 9.3294649124145507813 9.329357147216796875 9.3414707183837890625 9.3550176620483398438 9.3667993545532226563 9.371997833251953125 9.3723773956298828125 9.3702402114868164063 9.3611278533935546875 9.3455362319946289063 9.3268785476684570313 9.3107423782348632813 9.3078708648681640625 9.3085412979125976563 9.312618255615234375 9.317790985107421875 9.3132295608520507813 9.2957935333251953125 9.2816638946533203125 9.277118682861328125 9.278545379638671875 9.279430389404296875 9.2788705825805664063 9.2775564193725585938 9.2761783599853515625
9.47637176513671875 9.470371246337890625 9.4656782150268554688 9.4616765975952148438 9.4576616287231445313 9.452789306640625 9.4466199874877929688 9.4366302490234375 9.4295825958251953125 9.4198207855224609375 9.41167449951171875 9.4067335128784179688 9.4046277999877929688 9.4049158096313476563 9.3989086151123046875 9.3907957077026367188 9.3823308944702148438 9.3612155914306640625 9.345531463623046875 9.3378229141235351563 9.3362255096435546875 9.3388261795043945313 9.347896575927734375 9.3673181533813476563 9.379741668701171875 9.3794240951538085938 9.3743648529052734375 9.3635501861572265625 9.347286224365234375 9.3288974761962890625 9.3169527053833007813 9.314060211181640625 9.3144979476928710938 9.3175802230834960938 9.3240509033203125 9.3255767822265625 9.3118886947631835938 9.2936534881591796875 9.287334442138671875 9.288982391357421875 9.2897806167602539063 9.2890596389770507813 9.2872419357299804688 9.2855253219604492188
9.4813356399536132813 9.4760894775390625 9.4725141525268554688 9.4692945480346679688 9.4653749465942382813 9.4612827301025390625 9.4568281173706054688 9.449951171875 9.4427623748779296875 9.4343852996826171875 9.4263362884521484375 9.417125701904296875 9.4090089797973632813 9.3926305770874023438 9.38172149658203125 9.3877973556518554688 9.3865299224853515625 9.3683109283447265625 9.3539819717407226563 9.3478755950927734375 9.3474140167236328125 9.3484649658203125 9.3504657745361328125 9.36185455322265625 9.3756856918334960938 9.3747014999389648438 9.3691768646240234375 9.3600139617919921875 9.3447818756103515625 9.3324155807495117188 9.3257150650024414063 9.3219451904296875 9.3201169967651367188 9.3213434219360351563 9.3284282684326171875 9.3345193862915039063 9.3265371322631835938 9.3070478439331054688 9.2964372634887695313 9.2955789566040039063 9.2955875396728515625 9.2949666976928710938 9.2932834625244140625 9.2908487319946289063
9.486480712890625 9.4825372695922851563 9.4793272018432617188 9.4753932952880859375 9.4702081680297851563 9.465854644775390625 9.4622602462768554688 9.4596014022827148438 9.4538602828979492188 9.4465122222900390625 9.4359827041625976563 9.409648895263671875 9.3904161453247070313 9.376800537109375 9.3860921859741210938 9.405513763427734375 9.399444580078125 9.3787593841552734375 9.3663692474365234375 9.3611631393432617188 9.360565185546875 9.360797882080078125 9.3606843948364257813 9.359554290771484375 9.3607606887817382813 9.3667812347412109375 9.3651027679443359375 9.3565587997436523438 9.3446969985961914063 9.337360382080078125 9.3338756561279296875 9.3304157257080078125 9.3278331756591796875 9.3276081085205078125 9.3344449996948242188 9.34041595458984375 9.334453582763671875 9.320079803466796875 9.3092899322509765625 9.3037118911743164063 9.3009586334228515625 9.2995195388793945313 9.2971515655517578125 9.2946481704711914063
9.4912633895874023438 9.4880218505859375 9.4852247238159179688 9.4805002212524414063 9.4738187789916992188 9.469142913818359375 9.465972900390625 9.4642915725708007813 9.46209716796875 9.4571094512939453125 9.4353790283203125 9.3904972076416015625 9.3752231597900390625 9.3882799148559570313 9.4040079116821289063 9.4200601577758789063 9.4106798171997070313 9.3915843963623046875 9.3823804855346679688 9.3759145736694335938 9.3729724884033203125 9.3715877532958984375 9.3690032958984375 9.361774444580078125 9.3510599136352539063 9.3563737869262695313 9.3615293502807617188 9.3571977615356445313 9.3491716384887695313 9.343013763427734375 9.3404483795166015625 9.3376817703247070313 9.3350667953491210938 9.3345947265625 9.340915679931640625 9.34508514404296875 9.3385267257690429688 9.3270845413208007813 9.3204202651977539063 9.3143863677978515625 9.3074169158935546875 9.3034191131591796875 9.3005886077880859375 9.2978887557983398438
9.496967315673828125 9.493328094482421875 9.4906663894653320313 9.48554229736328125 9.4781007766723632813 9.4731588363647460938 9.4708080291748046875 9.4705610275268554688 9.4691953659057617188 9.45923614501953125 9.4286546707153320313 9.3953647613525390625 9.3912611007690429688 9.4028787612915039063 9.4152584075927734375 9.42613983154296875 9.4175567626953125 9.4032983779907226563 9.3962383270263671875 9.3903560638427734375 9.3872442245483398438 9.3848419189453125 9.3794097900390625 9.3684434890747070313 9.3538837432861328125 9.350208282470703125 9.3553915023803710938 9.3577623367309570313 9.3548212051391601563 9.3502550125122070313 9.34746551513671875 9.3459339141845703125 9.3441381454467773438 9.34383392333984375 9.3490734100341796875 9.3508577346801757813 9.34250640869140625 9.3325061798095703125 9.32761383056640625 9.324794769287109375 9.31700897216796875 9.3097162246704101563 9.3049287796020507813 9.3016262054443359375
