INPUT/RASTER/ASCII/BIO11.asc
ncols        225
nrows        269
xllcorner    473009.983799999987
yllcorner    4429051.174800000153
cellsize     50.000000000000
NODATA_value -9999
[rows 228 to 246 of 269, columns 126 to 167 of 225]
9.5237903594970703125 9.5272188186645507813 9.5322322845458984375 9.5357608795166015625 9.5370340347290039063 9.5371866226196289063 9.53662109375 9.5355777740478515625 9.533885955810546875 9.53308868408203125 9.5333499908447265625 9.5372552871704101563 9.544475555419921875 9.5456905364990234375 9.5424404144287109375 9.5381040573120117188 9.5339365005493164063 9.526493072509765625 9.517822265625 9.512939453125 9.5094442367553710938 9.5126476287841796875 9.517864227294921875 9.5190486907958984375 9.5169858932495117188 9.5115146636962890625 9.5058612823486328125 9.4999837875366210938 9.4949026107788085938 9.4913616180419921875 9.486690521240234375 9.4808292388916015625 9.473724365234375 9.4734106063842773438 9.4754972457885742188 9.469409942626953125 9.465213775634765625 9.4878396987915039063 9.544219970703125 9.5997686386108398438 9.6287403106689453125 9.634449005126953125
9.52619171142578125 9.5304727554321289063 9.535671234130859375 9.5389966964721679688 9.5395345687866210938 9.5388813018798828125 9.5377359390258789063 9.5358686447143554688 9.5334730148315429688 9.532787322998046875 9.53383636474609375 9.5394134521484375 9.5467309951782226563 9.5479803085327148438 9.5453701019287109375 9.54180145263671875 9.53815460205078125 9.5311555862426757813 9.5228376388549804688 9.5170745849609375 9.510517120361328125 9.5066852569580078125 9.5135126113891601563 9.5170574188232421875 9.5194950103759765625 9.5214023590087890625 9.5230255126953125 9.518756866455078125 9.5150966644287109375 9.5116529464721679688 9.5067005157470703125 9.5017795562744140625 9.4962358474731445313 9.4917774200439453125 9.488433837890625 9.485584259033203125 9.493541717529296875 9.527072906494140625 9.5792856216430664063 9.6233530044555664063 9.6448354721069335938 9.6461114883422851563
9.5326023101806640625 9.5373592376708984375 9.5410356521606445313 9.543048858642578125 9.5431375503540039063 9.5416536331176757813 9.5388154983520507813 9.53510284423828125 9.5327701568603515625 9.5329761505126953125 9.5358123779296875 9.5431880950927734375 9.5503625869750976563 9.5518980026245117188 9.5490560531616210938 9.5444812774658203125 9.5406579971313476563 9.5346918106079101563 9.5268239974975585938 9.51953125 9.5118322372436523438 9.5065469741821289063 9.506687164306640625 9.5082750320434570313 9.5208654403686523438 9.532665252685546875 9.5319852828979492188 9.5279207229614257813 9.5249614715576171875 9.521846771240234375 9.517047882080078125 9.512783050537109375 9.5075435638427734375 9.5000658035278320313 9.4930629730224609375 9.497409820556640625 9.525775909423828125 9.572414398193359375 9.6112909317016601563 9.6368017196655273438 9.6505069732666015625 9.6509342193603515625
9.5362558364868164063 9.5416698455810546875 9.5456180572509765625 9.5474882125854492188 9.547328948974609375 9.54538726806640625 9.5414743423461914063 9.5367527008056640625 9.5336809158325195313 9.5342111587524414063 9.5377359390258789063 9.5451707839965820313 9.552036285400390625 9.5537319183349609375 9.5507068634033203125 9.5457887649536132813 9.5419359207153320313 9.5362730026245117188 9.5284624099731445313 9.5205430984497070313 9.5124902725219726563 9.5077924728393554688 9.5069122314453125 9.506198883056640625 9.5093536376953125 9.5262765884399414063 9.5346765518188476563 9.532711029052734375 9.5302448272705078125 9.5273447036743164063 9.52297210693359375 9.5184125900268554688 9.5117740631103515625 9.5029010772705078125 9.4989728927612304688 9.5131378173828125 9.5579071044921875 9.6120004653930664063 9.6445465087890625 9.6503238677978515625 9.6525545120239257813 9.6519804000854492188
9.5399494171142578125 9.5454950332641601563 9.5494747161865234375 9.55124664306640625 9.5510892868041992188 9.5490980148315429688 9.5452289581298828125 9.5397930145263671875 9.5357646942138671875 9.5363521575927734375 9.5399036407470703125 9.54715728759765625 9.5539073944091796875 9.5550165176391601563 9.5519008636474609375 9.5471324920654296875 9.54337310791015625 9.5375642776489257813 9.5291996002197265625 9.521404266357421875 9.5142974853515625 9.5100984573364257813 9.50882720947265625 9.5075330734252929688 9.5049295425415039063 9.5127286911010742188 9.5300493240356445313 9.5355520248413085938 9.5347566604614257813 9.53216552734375 9.5282106399536132813 9.5228624343872070313 9.5144701004028320313 9.5045270919799804688 9.507602691650390625 9.5315647125244140625 9.5857944488525390625 9.6378116607666015625 9.6665363311767578125 9.6624622344970703125 9.6519327163696289063 9.646453857421875
9.5439367294311523438 9.5485315322875976563 9.55187225341796875 9.5534601211547851563 9.5534229278564453125 9.5517244338989257813 9.5485200881958007813 9.5440359115600585938 9.5397481918334960938 9.5394744873046875 9.54233551025390625 9.549327850341796875 9.5564432144165039063 9.5576181411743164063 9.5543355941772460938 9.5496063232421875 9.5460968017578125 9.5394163131713867188 9.530124664306640625 9.5228319168090820313 9.51723480224609375 9.5134563446044921875 9.5116224288940429688 9.5100450515747070313 9.5064325332641601563 9.5049409866333007813 9.5179319381713867188 9.5334062576293945313 9.538120269775390625 9.5365877151489257813 9.533050537109375 9.5266132354736328125 9.5163583755493164063 9.5079584121704101563 9.5214529037475585938 9.551967620849609375 9.6079072952270507813 9.653644561767578125 9.6759309768676757813 9.671112060546875 9.6505575180053710938 9.6357860565185546875
9.547332763671875 9.552005767822265625 9.5543975830078125 9.55523681640625 9.554901123046875 9.5535669326782226563 9.55124664306640625 9.5480213165283203125 9.5439128875732421875 9.54230499267578125 9.5445842742919921875 9.5519590377807617188 9.5600709915161132813 9.5621881484985351563 9.5585479736328125 9.5530061721801757813 9.5490016937255859375 9.5418224334716796875 9.5325899124145507813 9.5263853073120117188 9.5220489501953125 9.518260955810546875 9.515766143798828125 9.5140447616577148438 9.5105829238891601563 9.5060262680053710938 9.5068159103393554688 9.5226507186889648438 9.536319732666015625 9.538299560546875 9.5373945236206054688 9.5301885604858398438 9.5202417373657226563 9.520168304443359375 9.5443935394287109375 9.5738630294799804688 9.6223888397216796875 9.6614532470703125 9.6783351898193359375 9.6742048263549804688 9.652446746826171875 9.629680633544921875
9.5507564544677734375 9.5549774169921875 9.5566463470458984375 9.556884765625 9.5561876296997070313 9.5547809600830078125 9.5527782440185546875 9.5497293472290039063 9.5460872650146484375 9.5446729660034179688 9.5480451583862304688 9.55730438232421875 9.5653257369995117188 9.566562652587890625 9.5623626708984375 9.5556039810180664063 9.5504093170166015625 9.5445337295532226563 9.5377206802368164063 9.5330219268798828125 9.5292530059814453125 9.5252656936645507813 9.5219287872314453125 9.5195980072021484375 9.5158872604370117188 9.5115308761596679688 9.50780487060546875 9.512226104736328125 9.5227375030517578125 9.5276193618774414063 9.5372247695922851563 9.5339183807373046875 9.5302476882934570313 9.5462312698364257813 9.5770778656005859375 9.5986871719360351563 9.6332025527954101563 9.6650209426879882813 9.678852081298828125 9.6744861602783203125 9.6561460494995117188 9.6358175277709960938
9.5536603927612304688 9.5570039749145507813 9.5585584640502929688 9.5587930679321289063 9.5578441619873046875 9.55580902099609375 9.5535411834716796875 9.5511627197265625 9.5492372512817382813 9.55020904541015625 9.5548648834228515625 9.5639743804931640625 9.5699338912963867188 9.569118499755859375 9.564197540283203125 9.5571441650390625 9.5520429611206054688 9.5484914779663085938 9.5448045730590820313 9.5408792495727539063 9.5369586944580078125 9.5326032638549804688 9.5278348922729492188 9.5242099761962890625 9.520050048828125 9.5164623260498046875 9.5141839981079101563 9.5131931304931640625 9.5118007659912109375 9.5119113922119140625 9.5255079269409179688 9.5347509384155273438 9.5427122116088867188 9.5716238021850585938 9.6049404144287109375 9.6211185455322265625 9.64568328857421875 9.6701955795288085938 9.6801729202270507813 9.6757221221923828125 9.6595478057861328125 9.6421527862548828125
9.55623626708984375 9.5592374801635742188 9.5605020523071289063 9.56076812744140625 9.5596408843994140625 9.5572071075439453125 9.5548906326293945313 9.5532779693603515625 9.553501129150390625 9.5568571090698242188 9.5613470077514648438 9.5680170059204101563 9.5726156234741210938 9.57143402099609375 9.5660457611083984375 9.5593080520629882813 9.55499267578125 9.5528497695922851563 9.55095672607421875 9.5475597381591796875 9.54398345947265625 9.5389308929443359375 9.5334491729736328125 9.5271368026733398438 9.5220584869384765625 9.5193338394165039063 9.5186700820922851563 9.5178937911987304688 9.5158567428588867188 9.50992584228515625 9.5095167160034179688 9.5259084701538085938 9.5503711700439453125 9.5869235992431640625 9.6194696426391601563 9.6349039077758789063 9.6563177108764648438 9.6745319366455078125 9.6810817718505859375 9.6764287948608398438 9.66208648681640625 9.6460666656494140625
9.5597782135009765625 9.5624647140502929688 9.5629034042358398438 9.5627307891845703125 9.5614080429077148438 9.5586977005004882813 9.556163787841796875 9.5549831390380859375 9.5566196441650390625 9.5610561370849609375 9.565032958984375 9.5704298019409179688 9.5746583938598632813 9.5741415023803710938 9.5695400238037109375 9.5633783340454101563 9.5593700408935546875 9.5572557449340820313 9.5562944412231445313 9.5541934967041015625 9.551120758056640625 9.544521331787109375 9.538249969482421875 9.5299654006958007813 9.5244350433349609375 9.5224781036376953125 9.522586822509765625 9.5215101242065429688 9.518909454345703125 9.5114145278930664063 9.503887176513671875 9.5156564712524414063 9.5553836822509765625 9.6041917800903320313 9.6359004974365234375 9.649173736572265625 9.6661863327026367188 9.6791477203369140625 9.6824588775634765625 9.6755504608154296875 9.6614532470703125 9.6478757858276367188
9.5639295578002929688 9.566295623779296875 9.5661249160766601563 9.5652713775634765625 9.563648223876953125 9.5605764389038085938 9.5577421188354492188 9.5560960769653320313 9.5578680038452148438 9.562755584716796875 9.5665225982666015625 9.571796417236328125 9.5765752792358398438 9.5770349502563476563 9.5737295150756835938 9.5689601898193359375 9.5657415390014648438 9.5626382827758789063 9.56040191650390625 9.5584497451782226563 9.5551891326904296875 9.5478382110595703125 9.5413761138916015625 9.5330944061279296875 9.5279207229614257813 9.5263500213623046875 9.5263929367065429688 9.524383544921875 9.5209417343139648438 9.51369476318359375 9.506076812744140625 9.5131826400756835938 9.5529422760009765625 9.611637115478515625 9.6464891433715820313 9.6596288681030273438 9.6753759384155273438 9.6854581832885742188 9.685230255126953125 9.6748247146606445313 9.6601629257202148438 9.64904022216796875
9.5670757293701171875 9.5697374343872070313 9.569850921630859375 9.568698883056640625 9.5669641494750976563 9.5638790130615234375 9.5601072311401367188 9.5570611953735351563 9.5585298538208007813 9.5637798309326171875 9.5676717758178710938 9.5731229782104492188 9.5786151885986328125 9.5801076889038085938 9.5776720046997070313 9.57403564453125 9.571475982666015625 9.56763458251953125 9.5635938644409179688 9.5607700347900390625 9.5564670562744140625 9.5490064620971679688 9.5431766510009765625 9.5359964370727539063 9.531642913818359375 9.5306673049926757813 9.5306835174560546875 9.527614593505859375 9.5234394073486328125 9.5159711837768554688 9.5084972381591796875 9.5146503448486328125 9.5471487045288085938 9.604846954345703125 9.6440029144287109375 9.6621417999267578125 9.6831941604614257813 9.6925182342529296875 9.6895151138305664063 9.6768589019775390625 9.6620798110961914063 9.6527500152587890625
9.5696611404418945313 9.5728130340576171875 9.573345184326171875 9.572437286376953125 9.5711212158203125 9.568340301513671875 9.56378173828125 9.559856414794921875 9.5610914230346679688 9.5660676956176757813 9.5697345733642578125 9.5749158859252929688 9.580776214599609375 9.5833606719970703125 9.5815286636352539063 9.578319549560546875 9.5760030746459960938 9.5720911026000976563 9.567020416259765625 9.5628957748413085938 9.5572071075439453125 9.5496540069580078125 9.5446939468383789063 9.5392580032348632813 9.5359716415405273438 9.53571319580078125 9.5358648300170898438 9.5320997238159179688 9.5274524688720703125 9.5191326141357421875 9.510791778564453125 9.5181255340576171875 9.5490264892578125 9.5960340499877929688 9.6308441162109375 9.6556081771850585938 9.6865377426147460938 9.6977872848510742188 9.6942281723022460938 9.682018280029296875 9.668575286865234375 9.6609363555908203125
9.5719060897827148438 9.57579803466796875 9.576686859130859375 9.5763769149780273438 9.5754709243774414063 9.573093414306640625 9.5689868927001953125 9.5655412673950195313 9.5663280487060546875 9.5699872970581054688 9.5728893280029296875 9.57733154296875 9.5832738876342773438 9.586994171142578125 9.5862379074096679688 9.5834188461303710938 9.5812387466430664063 9.5775041580200195313 9.5712766647338867188 9.565410614013671875 9.5586595535278320313 9.5517282485961914063 9.548160552978515625 9.5445508956909179688 9.541980743408203125 9.5422916412353515625 9.542514801025390625 9.5378961563110351563 9.5324249267578125 9.5235319137573242188 9.5176525115966796875 9.5313215255737304688 9.5639858245849609375 9.601291656494140625 9.628932952880859375 9.6473407745361328125 9.6777868270874023438 9.6968317031860351563 9.6968402862548828125 9.687740325927734375 9.6770992279052734375 9.6705837249755859375
9.573017120361328125 9.5772733688354492188 9.5782747268676757813 9.5780401229858398438 9.5772027969360351563 9.5753126144409179688 9.5723867416381835938 9.5697717666625976563 9.5699529647827148438 9.572399139404296875 9.5747823715209960938 9.579265594482421875 9.58603668212890625 9.590671539306640625 9.590511322021484375 9.5872631072998046875 9.58425140380859375 9.5801706314086914063 9.572605133056640625 9.5658550262451171875 9.5602655410766601563 9.555049896240234375 9.5522661209106445313 9.5489244461059570313 9.5462703704833984375 9.5463428497314453125 9.5463609695434570313 9.5414018630981445313 9.535099029541015625 9.5277194976806640625 9.529613494873046875 9.5523805618286132813 9.5842647552490234375 9.6142425537109375 9.6356973648071289063 9.6455926895141601563 9.6617479324340820313 9.68463897705078125 9.69628143310546875 9.69286346435546875 9.6850681304931640625 9.6790800094604492188
9.574268341064453125 9.57831573486328125 9.57927703857421875 9.5791444778442382813 9.578319549560546875 9.5766668319702148438 9.5745286941528320313 9.5724697113037109375 9.5723562240600585938 9.57416534423828125 9.576450347900390625 9.58174896240234375 9.5893583297729492188 9.593402862548828125 9.59267425537109375 9.5888652801513671875 9.584934234619140625 9.579769134521484375 9.5722599029541015625 9.5665254592895507813 9.5627012252807617188 9.55861663818359375 9.5556888580322265625 9.5514850616455078125 9.5480175018310546875 9.5473117828369140625 9.5474615097045898438 9.5437803268432617188 9.53867340087890625 9.5340099334716796875 9.5429353713989257813 9.5703210830688476563 9.5996618270874023438 9.6246404647827148438 9.641265869140625 9.6480302810668945313 9.6547288894653320313 9.6668577194213867188 9.6881618499755859375 9.695209503173828125 9.6896028518676757813 9.6837282180786132813
9.57636260986328125 9.5801420211791992188 9.5810461044311523438 9.5808458328247070313 9.5798864364624023438 9.5783166885375976563 9.5761709213256835938 9.5741281509399414063 9.5741796493530273438 9.576244354248046875 9.578887939453125 9.5846538543701171875 9.5922880172729492188 9.5947999954223632813 9.5927534103393554688 9.5889072418212890625 9.5847978591918945313 9.5787248611450195313 9.5725793838500976563 9.568531036376953125 9.5653657913208007813 9.5615901947021484375 9.5586767196655273438 9.55391693115234375 9.5492687225341796875 9.548168182373046875 9.5491123199462890625 9.5468149185180664063 9.54315948486328125 9.5409860610961914063 9.5524873733520507813 9.5801515579223632813 9.60761260986328125 9.6298666000366210938 9.6440792083740234375 9.6497030258178710938 9.6547346115112304688 9.6585750579833984375 9.6734876632690429688 9.691131591796875 9.69078826904296875 9.685516357421875
9.578704833984375 9.5823106765747070313 9.5828771591186523438 9.58245086669921875 9.58141326904296875 9.5797891616821289063 9.5776920318603515625 9.5758867263793945313 9.5759801864624023438 9.5783529281616210938 9.5815000534057617188 9.5877285003662109375 9.5949029922485351563 9.596038818359375 9.5924930572509765625 9.58860015869140625 9.5847644805908203125 9.5788736343383789063 9.5742635726928710938 9.571502685546875 9.568500518798828125 9.56470489501953125 9.5620174407958984375 9.5575313568115234375 9.5521478652954101563 9.5506315231323242188 9.5521945953369140625 9.5504732131958007813 9.5472440719604492188 9.5453815460205078125 9.5553731918334960938 9.5828409194946289063 9.6109781265258789063 9.6324415206909179688 9.6458158493041992188 9.6511020660400390625 9.6556873321533203125 9.65758514404296875 9.6614828109741210938 9.6784381866455078125 9.6870660781860351563 9.683807373046875
