INPUT/RASTER/ASCII/BIO11.asc
ncols        225
nrows        269
xllcorner    473009.983799999987
yllcorner    4429051.174800000153
cellsize     50.000000000000
NODATA_value  -9999
[rows 95 to 113 of 269, columns 88 to 131 of 225]
9.09787750244140625 9.0980739593505859375 9.0975656509399414063 -9999 -9999 -9999 9.1086368560791015625 9.108097076416015625 9.1079092025756835938 9.1080226898193359375 -9999 -9999 -9999 -9999 9.1145076751708984375 9.1097497940063476563 9.098575592041015625 9.061519622802734375 9.02959442138671875 9.0290422439575195313 9.0263757705688476563 9.0168581008911132813 9.0045785903930664063 9.0024471282958984375 9.010265350341796875 9.0112066268920898438 9.004184722900390625 8.9950542449951171875 8.9784288406372070313 8.9619760513305664063 8.9526300430297851563 8.9494791030883789063 8.949695587158203125 8.9499578475952148438 8.9490804672241210938 8.948516845703125 8.9465122222900390625 8.9421854019165039063 -9999 -9999 -9999 -9999 -9999 -9999
9.097324371337890625 9.0968313217163085938 9.0959882736206054688 9.0953607559204101563 -9999 -9999 -9999 -9999 -9999 -9999 -9999 -9999 -9999 -9999 9.1166334152221679688 9.1070499420166015625 9.082763671875 9.042690277099609375 9.0217027664184570313 9.0309495925903320313 9.0349531173706054688 9.0304822921752929688 9.0245771408081054688 9.0241975784301757813 9.0246114730834960938 9.0194654464721679688 9.011920928955078125 9.0016317367553710938 8.9834184646606445313 8.9665012359619140625 8.9575338363647460938 8.9551296234130859375 8.955539703369140625 8.955692291259765625 8.9545011520385742188 8.952548980712890625 8.948841094970703125 -9999 -9999 -9999 -9999 -9999 -9999 -9999
9.0964021682739257813 9.0942506790161132813 9.0938196182250976563 9.0938405990600585938 -9999 -9999 -9999 -9999 -9999 -9999 -9999 -9999 -9999 -9999 9.1162319183349609375 9.0877695083618164063 9.0473613739013671875 9.0290050506591796875 9.0242214202880859375 9.0345697402954101563 9.041667938232421875 9.0413427352905273438 9.039478302001953125 9.0383825302124023438 9.0336408615112304688 9.0253505706787109375 9.017669677734375 9.0061969757080078125 8.9861516952514648438 8.96944427490234375 8.9616346359252929688 8.9600973129272460938 8.9607763290405273438 8.96099853515625 8.9605503082275390625 -9999 -9999 -9999 -9999 -9999 -9999 -9999 -9999 -9999
9.0940732955932617188 9.091434478759765625 9.0908145904541015625 9.0928478240966796875 -9999 -9999 -9999 -9999 -9999 -9999 -9999 -9999 -9999 9.1168642044067382813 9.1117238998413085938 9.05834197998046875 9.0261869430541992188 9.0231904983520507813 9.0277471542358398438 9.03893280029296875 9.0458059310913085938 9.046489715576171875 9.0452289581298828125 9.0425586700439453125 9.0346012115478515625 9.0244903564453125 9.017009735107421875 9.005367279052734375 8.9855833053588867188 8.9707155227661132813 8.9645175933837890625 8.9634447097778320313 8.963863372802734375 8.963558197021484375 8.9625616073608398438 -9999 -9999 -9999 -9999 -9999 -9999 -9999 -9999 -9999
9.0888614654541015625 9.087615966796875 9.0877752304077148438 9.0918226242065429688 9.0979185104370117188 -9999 -9999 -9999 -9999 -9999 -9999 9.1130475997924804688 9.1147480010986328125 9.1074380874633789063 9.0920085906982421875 9.043613433837890625 9.0260095596313476563 9.02628326416015625 9.0323810577392578125 9.0440721511840820313 9.0498027801513671875 9.0503215789794921875 9.0480108261108398438 9.04302978515625 9.0296716690063476563 9.015514373779296875 9.0079374313354492188 8.998294830322265625 8.9833421707153320313 8.9729404449462890625 8.9690866470336914063 8.9668531417846679688 8.9646692276000976563 8.962749481201171875 -9999 -9999 -9999 -9999 -9999 -9999 -9999 -9999 -9999 -9999
9.0852346420288085938 9.084514617919921875 9.0840320587158203125 9.0909252166748046875 9.0975542068481445313 -9999 -9999 -9999 -9999 -9999 -9999 9.1106662750244140625 9.1054334640502929688 9.074314117431640625 9.041057586669921875 9.0304517745971679688 9.029125213623046875 9.0325460433959960938 9.0388431549072265625 9.0459346771240234375 9.04972076416015625 9.0515508651733398438 9.0510034561157226563 9.0462579727172851563 9.0284280776977539063 9.0093984603881835938 9.00201416015625 8.995426177978515625 8.986236572265625 8.9816827774047851563 8.9796581268310546875 8.9737520217895507813 8.9656343460083007813 8.9627780914306640625 -9999 -9999 -9999 -9999 -9999 -9999 -9999 -9999 -9999 -9999
9.0830373764038085938 9.0819425582885742188 9.0818910598754882813 9.0888309478759765625 9.0987253189086914063 9.1051244735717773438 -9999 -9999 -9999 -9999 9.1017322540283203125 9.0974054336547851563 9.0762395858764648438 9.04030609130859375 9.028469085693359375 9.0289745330810546875 9.031383514404296875 9.0365686416625976563 9.0408716201782226563 9.04053497314453125 9.0398550033569335938 9.041965484619140625 9.0488758087158203125 9.0518903732299804688 9.0382909774780273438 9.0168161392211914063 9.0074567794799804688 9.0011959075927734375 8.99391937255859375 8.991973876953125 8.9899702072143554688 8.9807720184326171875 8.9713144302368164063 8.9665422439575195313 -9999 -9999 -9999 -9999 -9999 -9999 -9999 -9999 -9999 -9999
9.0780658721923828125 9.0772562026977539063 9.0788049697875976563 9.0878391265869140625 9.1001348495483398438 9.1039838790893554688 -9999 -9999 -9999 -9999 9.1006317138671875 9.0812463760375976563 9.0404062271118164063 9.025104522705078125 9.02642822265625 9.0287961959838867188 9.03194427490234375 9.0366649627685546875 9.0381984710693359375 9.0319423675537109375 9.0276021957397460938 9.0288763046264648438 9.04048919677734375 9.0533380508422851563 9.0540676116943359375 9.0367603302001953125 9.0244665145874023438 9.0158224105834960938 9.0048627853393554688 8.9989490509033203125 8.995136260986328125 8.9867391586303710938 8.979747772216796875 8.9785642623901367188 -9999 -9999 -9999 -9999 -9999 -9999 -9999 -9999 -9999 -9999
9.0720663070678710938 9.0710916519165039063 9.0743360519409179688 9.0847558975219726563 9.0927324295043945313 9.0923700332641601563 9.07147979736328125 9.0729932785034179688 9.0900468826293945313 9.0978498458862304688 9.0872220993041992188 9.047367095947265625 9.018672943115234375 9.0202322006225585938 9.0251312255859375 9.0281000137329101563 9.030673980712890625 9.0329837799072265625 9.03157806396484375 9.0232839584350585938 9.0186204910278320313 9.020160675048828125 9.0310115814208984375 9.0489292144775390625 9.0657444000244140625 9.0589246749877929688 9.0451955795288085938 9.0332050323486328125 9.0159997940063476563 9.0053091049194335938 9.0006237030029296875 8.9939403533935546875 8.9888477325439453125 8.98943328857421875 -9999 -9999 -9999 -9999 -9999 -9999 -9999 -9999 -9999 -9999
9.0693845748901367188 9.0690927505493164063 9.07147979736328125 9.07462310791015625 9.0703582763671875 9.0637788772583007813 9.067028045654296875 9.0671262741088867188 9.084197998046875 9.0827283859252929688 9.053546905517578125 9.0186605453491210938 9.0138082504272460938 9.01959228515625 9.0243291854858398438 9.0276994705200195313 9.0293674468994140625 9.0286312103271484375 9.0247297286987304688 9.0179700851440429688 9.0152978897094726563 9.0178928375244140625 9.0266017913818359375 9.0434169769287109375 9.0658178329467773438 9.0683746337890625 9.0574045181274414063 9.044559478759765625 9.0261831283569335938 9.0157909393310546875 9.0094804763793945313 9.0010919570922851563 8.9965667724609375 8.9976634979248046875 9.0065011978149414063 -9999 -9999 -9999 -9999 -9999 -9999 -9999 -9999 -9999
9.0703458786010742188 9.0720500946044921875 9.0699405670166015625 9.0566358566284179688 9.0416660308837890625 9.03473663330078125 9.0410985946655273438 9.0593843460083007813 9.0679006576538085938 9.05080413818359375 9.0204563140869140625 9.013309478759765625 9.0171995162963867188 9.0223255157470703125 9.0256013870239257813 9.0287380218505859375 9.0305471420288085938 9.0281896591186523438 9.0224609375 9.0165758132934570313 9.0148153305053710938 9.0176038742065429688 9.025390625 9.0401592254638671875 9.0632791519165039063 9.07236480712890625 9.0661687850952148438 9.0554609298706054688 9.0426378250122070313 9.0342206954956054688 9.0232982635498046875 9.0107707977294921875 9.0054254531860351563 9.00591278076171875 9.0084629058837890625 -9999 -9999 -9999 -9999 -9999 -9999 -9999 -9999 -9999
9.071624755859375 9.075702667236328125 9.0682764053344726563 9.041530609130859375 9.0227603912353515625 9.0165195465087890625 9.02097320556640625 9.044025421142578125 9.0450687408447265625 9.0181713104248046875 9.0133600234985351563 9.0189161300659179688 9.0233182907104492188 9.0278978347778320313 9.0300626754760742188 9.0331144332885742188 9.0348796844482421875 9.0304346084594726563 9.0216884613037109375 9.0155124664306640625 9.0141086578369140625 9.0167207717895507813 9.0237722396850585938 9.0360441207885742188 9.0587329864501953125 9.0733079910278320313 9.0712604522705078125 9.0651960372924804688 9.058437347412109375 9.052639007568359375 9.0400171279907226563 9.0238971710205078125 9.0153665542602539063 9.014484405517578125 9.0173397064208984375 9.0222425460815429688 -9999 -9999 -9999 -9999 -9999 -9999 -9999 -9999
9.0702075958251953125 9.076679229736328125 9.0674943923950195313 9.035831451416015625 9.0173654556274414063 9.0133543014526367188 9.0175828933715820313 9.0361394882202148438 9.0309724807739257813 9.0114641189575195313 9.0198259353637695313 9.0262022018432617188 9.029022216796875 9.0339841842651367188 9.0373582839965820313 9.0399065017700195313 9.0401058197021484375 9.032848358154296875 9.0221776962280273438 9.0164747238159179688 9.0158891677856445313 9.0184535980224609375 9.0231332778930664063 9.031707763671875 9.0491075515747070313 9.0649776458740234375 9.06938934326171875 9.0691614151000976563 9.0681333541870117188 9.067295074462890625 9.0593891143798828125 9.04354095458984375 9.0308055877685546875 9.0266094207763671875 9.025318145751953125 9.0279321670532226563 9.0325908660888671875 9.0334482192993164063 -9999 -9999 -9999 -9999 -9999 -9999
9.0659666061401367188 9.0695953369140625 9.0610942840576171875 9.0372591018676757813 9.0248928070068359375 9.01897430419921875 9.015010833740234375 9.011249542236328125 9.0070953369140625 9.0150194168090820313 9.0270175933837890625 9.0336046218872070313 9.0354137420654296875 9.03871917724609375 9.041584014892578125 9.04354095458984375 9.0415620803833007813 9.0332098007202148438 9.0256595611572265625 9.0223646163940429688 9.0224246978759765625 9.02471160888671875 9.02690887451171875 9.03038787841796875 9.0367794036865234375 9.0473451614379882813 9.0562181472778320313 9.0621919631958007813 9.0696687698364257813 9.0771722793579101563 9.0775661468505859375 9.0656337738037109375 9.0507230758666992188 9.0426273345947265625 9.035938262939453125 9.0350141525268554688 9.0370244979858398438 9.0386810302734375 9.0433778762817382813 -9999 -9999 -9999 -9999 -9999
9.0711841583251953125 9.070331573486328125 9.0616197586059570313 9.0490980148315429688 9.0403594970703125 9.0145044326782226563 8.987133026123046875 8.9907255172729492188 8.9994916915893554688 9.0151510238647460938 9.0278644561767578125 9.03646087646484375 9.040069580078125 9.0415258407592773438 9.0426702499389648438 9.0422887802124023438 9.0391874313354492188 9.0343332290649414063 9.03154754638671875 9.0307188034057617188 9.0312671661376953125 9.0326995849609375 9.03206634521484375 9.0308923721313476563 9.0308637619018554688 9.0337429046630859375 9.0400514602661132813 9.0503377914428710938 9.0679826736450195313 9.0833911895751953125 9.0895395278930664063 9.0818004608154296875 9.0676240921020507813 9.0567836761474609375 9.0462217330932617188 9.0429410934448242188 9.0440692901611328125 9.0454540252685546875 9.045223236083984375 9.0470972061157226563 -9999 -9999 -9999 -9999
9.0883922576904296875 9.0857372283935546875 9.0779485702514648438 9.0683612823486328125 9.0524797439575195313 9.0044193267822265625 8.9742279052734375 8.9850435256958007813 8.9979228973388671875 9.0139141082763671875 9.02727508544921875 9.0363368988037109375 9.0411233901977539063 9.0425872802734375 9.0432081222534179688 9.0413379669189453125 9.0378999710083007813 9.0349912643432617188 9.0341176986694335938 9.0346317291259765625 9.0353860855102539063 9.03572845458984375 9.034282684326171875 9.033084869384765625 9.0323734283447265625 9.0324106216430664063 9.0363016128540039063 9.0474386215209960938 9.0707769393920898438 9.0894451141357421875 9.0971593856811523438 9.0900468826293945313 9.07549285888671875 9.0630617141723632813 9.0516338348388671875 9.0481233596801757813 9.049160003662109375 9.0512647628784179688 9.0503053665161132813 9.0486803054809570313 9.0475873947143554688 -9999 -9999 -9999
9.1019449234008789063 9.0995740890502929688 9.0957098007202148438 9.086086273193359375 9.05693817138671875 9.0027828216552734375 8.9790658950805664063 8.9871816635131835938 8.99764251708984375 9.0136137008666992188 9.02686309814453125 9.0354433059692382813 9.0404634475708007813 9.0428380966186523438 9.0439329147338867188 9.0412721633911132813 9.037342071533203125 9.0350103378295898438 9.0349826812744140625 9.036346435546875 9.0366888046264648438 9.0352048873901367188 9.0347146987915039063 9.0354547500610351563 9.0351133346557617188 9.03574371337890625 9.0388326644897460938 9.04840850830078125 9.0713682174682617188 9.0949497222900390625 9.106281280517578125 9.0981616973876953125 9.0833597183227539063 9.0695400238037109375 9.0580244064331054688 9.0538806915283203125 9.0539541244506835938 9.0563907623291015625 9.0562915802001953125 9.0534410476684570313 9.0513963699340820313 -9999 -9999 -9999
9.1109933853149414063 9.1092586517333984375 9.1071557998657226563 9.0874271392822265625 9.0381021499633789063 8.99854278564453125 8.988433837890625 8.9941082000732421875 9.0019674301147460938 9.0152864456176757813 9.026336669921875 9.0339193344116210938 9.0389871597290039063 9.0420408248901367188 9.043659210205078125 9.0406894683837890625 9.0364503860473632813 9.0348405838012695313 9.0350065231323242188 9.0354595184326171875 9.0347423553466796875 9.0335721969604492188 9.0356817245483398438 9.0383548736572265625 9.038898468017578125 9.0403871536254882813 9.0427942276000976563 9.0500345230102539063 9.0707025527954101563 9.1003122329711914063 9.1173295974731445313 9.1095428466796875 9.0975675582885742188 9.0824251174926757813 9.0704946517944335938 9.0652246475219726563 9.0636768341064453125 9.0659780502319335938 9.0673656463623046875 9.0645875930786132813 9.0623159408569335938 -9999 -9999 -9999
9.116085052490234375 9.1141681671142578125 9.1056489944458007813 9.0599079132080078125 9.0136365890502929688 9.00051116943359375 8.9966325759887695313 9.0004520416259765625 9.0065202713012695313 9.0165004730224609375 9.0247564315795898438 9.0312356948852539063 9.0359563827514648438 9.0389766693115234375 9.0408544540405273438 9.039821624755859375 9.0366525650024414063 9.03521728515625 9.0334758758544921875 9.029911041259765625 9.0288839340209960938 9.031421661376953125 9.0355634689331054688 9.0400342941284179688 9.0429315567016601563 9.04640960693359375 9.0497884750366210938 9.0569362640380859375 9.0761747360229492188 9.1056756973266601563 9.1244354248046875 9.1190404891967773438 9.1087188720703125 9.0953359603881835938 9.08585357666015625 9.0827627182006835938 9.0804033279418945313 9.0830106735229492188 9.086994171142578125 9.0829524993896484375 9.0796222686767578125 -9999 -9999 -9999
