INPUT/RASTER/ASCII/BIO19.asc
ncols        225
nrows        269
xllcorner    473009.983799999987
yllcorner    4429051.174800000153
cellsize     50.000000000000
NODATA_value -9999
[rows 76 to 94 of 269, columns 132 to 175 of 225]
231.16064453125 231.0602874755859375 231.032501220703125 231.0099029541015625 230.9745635986328125 230.89892578125 230.7210540771484375 230.4893798828125 230.3212890625 230.0559234619140625 229.78094482421875 229.513946533203125 229.221923828125 229.0227508544921875 228.809326171875 228.4839630126953125 228.236602783203125 227.7791290283203125 226.6817169189453125 225.1185150146484375 224.3579864501953125 223.799407958984375 223.3761749267578125 222.975067138671875 222.669158935546875 222.5571746826171875 222.5360260009765625 222.539794921875 222.49713134765625 222.4129791259765625 222.3713226318359375 222.339569091796875 222.31884765625 222.283905029296875 222.245849609375 222.209014892578125 222.164794921875 222.120391845703125 222.100555419921875 222.106536865234375 222.1085205078125 222.22198486328125 222.3779449462890625 222.3145751953125
230.8587646484375 230.822509765625 230.845855712890625 230.902801513671875 230.93914794921875 230.9154052734375 230.7930755615234375 230.530914306640625 230.3265533447265625 230.0261383056640625 229.727142333984375 229.4667205810546875 229.1781463623046875 228.9497833251953125 228.7104644775390625 228.2863616943359375 227.8497161865234375 227.1840972900390625 226.0251617431640625 224.706634521484375 224.1224822998046875 223.719940185546875 223.4061279296875 223.053985595703125 222.7256011962890625 222.586181640625 222.5839996337890625 222.6118011474609375 222.53863525390625 222.40997314453125 222.3579254150390625 222.3249053955078125 222.3018646240234375 222.2648773193359375 222.2323760986328125 222.2072601318359375 222.153594970703125 222.1015167236328125 222.088348388671875 222.1078948974609375 222.066986083984375 222.1226654052734375 222.2260284423828125 222.18280029296875
230.5729217529296875 230.605255126953125 230.6671295166015625 230.7708282470703125 230.8481597900390625 230.874481201171875 230.7932891845703125 230.508575439453125 230.2778167724609375 229.962493896484375 229.63983154296875 229.3892059326171875 229.1143646240234375 228.8603973388671875 228.593170166015625 228.0775299072265625 227.4344024658203125 226.537445068359375 225.2871551513671875 224.18841552734375 223.81695556640625 223.6749114990234375 223.5878753662109375 223.395599365234375 223.0348663330078125 222.74188232421875 222.6721649169921875 222.638397216796875 222.5472412109375 222.40899658203125 222.33734130859375 222.305328369140625 222.29046630859375 222.25836181640625 222.248321533203125 222.250396728515625 222.1561279296875 222.0835113525390625 222.0773773193359375 222.112213134765625 222.096099853515625 222.0995941162109375 222.073883056640625 221.9547271728515625
230.375030517578125 230.4439544677734375 230.5155487060546875 230.6111602783203125 230.6680450439453125 230.64471435546875 230.50067138671875 230.2517547607421875 230.06927490234375 229.8156280517578125 229.53619384765625 229.2816925048828125 229.0201873779296875 228.7941131591796875 228.4933624267578125 227.9786834716796875 227.369110107421875 226.5186767578125 225.30908203125 224.221343994140625 223.8865814208984375 223.872039794921875 223.9190826416015625 223.78857421875 223.4119720458984375 222.9579925537109375 222.7442169189453125 222.629852294921875 222.4870758056640625 222.3705596923828125 222.31622314453125 222.2989044189453125 222.30816650390625 222.310577392578125 222.3130950927734375 222.297454833984375 222.18255615234375 222.1183624267578125 222.136993408203125 222.1781158447265625 222.2077789306640625 222.16937255859375 222.0059661865234375 221.81646728515625
230.2623291015625 230.325439453125 230.39227294921875 230.48504638671875 230.5192718505859375 230.4235687255859375 230.190155029296875 229.967864990234375 229.8276214599609375 229.6298980712890625 229.4005279541015625 229.1595458984375 228.8932952880859375 228.6777191162109375 228.394683837890625 227.87158203125 227.2717437744140625 226.4949188232421875 225.4370574951171875 224.492828369140625 224.21484375 224.2430572509765625 224.2927093505859375 224.07568359375 223.6039276123046875 223.073150634765625 222.7934112548828125 222.60882568359375 222.423919677734375 222.3394012451171875 222.29705810546875 222.2730865478515625 222.287322998046875 222.3365325927734375 222.3418731689453125 222.3112640380859375 222.229766845703125 222.1817169189453125 222.1943817138671875 222.2345123291015625 222.3095550537109375 222.262786865234375 222.000518798828125 221.74761962890625
230.138519287109375 230.17608642578125 230.2378997802734375 230.3265380859375 230.3365936279296875 230.1635894775390625 229.8587493896484375 229.6654815673828125 229.5577239990234375 229.4279327392578125 229.255828857421875 229.0308685302734375 228.75732421875 228.539093017578125 228.275634765625 227.7663726806640625 227.1321563720703125 226.3867950439453125 225.5084686279296875 224.77801513671875 224.5803680419921875 224.621368408203125 224.6025390625 224.2849273681640625 223.728271484375 223.11431884765625 222.78265380859375 222.563323974609375 222.374053955078125 222.309295654296875 222.2761993408203125 222.2422637939453125 222.24505615234375 222.3057861328125 222.324951171875 222.2965850830078125 222.240325927734375 222.20611572265625 222.209136962890625 222.26751708984375 222.360382080078125 222.29022216796875 221.971771240234375 221.7118072509765625
229.9683685302734375 230.005035400390625 230.0458984375 230.0977630615234375 230.051910400390625 229.8279266357421875 229.5042877197265625 229.3369903564453125 229.276397705078125 229.226531982421875 229.092010498046875 228.8741912841796875 228.60205078125 228.3919677734375 228.143463134765625 227.6298828125 226.9859161376953125 226.2893218994140625 225.613067626953125 225.14361572265625 225.027252197265625 225.0031890869140625 224.828460693359375 224.4007720947265625 223.7704315185546875 223.085296630859375 222.705474853515625 222.4576416015625 222.2764892578125 222.2293243408203125 222.2233734130859375 222.1995849609375 222.1927337646484375 222.2293701171875 222.252716064453125 222.2463226318359375 222.202392578125 222.1909027099609375 222.2050933837890625 222.2645416259765625 222.3199310302734375 222.2059326171875 221.9207000732421875 221.716064453125
229.7657470703125 229.8161163330078125 229.839324951171875 229.846649169921875 229.744720458984375 229.50836181640625 229.2242279052734375 229.097564697265625 229.0689544677734375 229.0442047119140625 228.9181060791015625 228.697357177734375 228.4212188720703125 228.20782470703125 227.959747314453125 227.4232940673828125 226.81158447265625 226.23712158203125 225.7732391357421875 225.5402984619140625 225.4835205078125 225.353515625 224.9866180419921875 224.38861083984375 223.6358795166015625 222.9658966064453125 222.5951385498046875 222.295867919921875 222.127593994140625 222.084381103515625 222.0753173828125 222.06353759765625 222.064178466796875 222.0801239013671875 222.09814453125 222.124237060546875 222.1179046630859375 222.1441650390625 222.1658782958984375 222.2033538818359375 222.2091217041015625 222.094085693359375 221.9039764404296875 221.7589263916015625
229.5838775634765625 229.6143798828125 229.6001434326171875 229.5597686767578125 229.4597320556640625 229.2758636474609375 229.065826416015625 228.949798583984375 228.90142822265625 228.8320770263671875 228.6811676025390625 228.446258544921875 228.150421142578125 227.9175262451171875 227.6358795166015625 227.0981292724609375 226.5929718017578125 226.2011260986328125 225.9177703857421875 225.7980804443359375 225.7491455078125 225.5519561767578125 225.06085205078125 224.2807769775390625 223.36456298828125 222.698028564453125 222.381683349609375 222.0930328369140625 221.95806884765625 221.898101806640625 221.837554931640625 221.78643798828125 221.7882080078125 221.8201141357421875 221.8585662841796875 221.9136810302734375 221.97320556640625 222.0473480224609375 222.090972900390625 222.11627197265625 222.1519317626953125 222.1116485595703125 221.9490509033203125 221.8389739990234375
229.4209136962890625 229.4224700927734375 229.3688507080078125 229.2881011962890625 229.207672119140625 229.1016845703125 228.969146728515625 228.858245849609375 228.7817535400390625 228.6583404541015625 228.460723876953125 228.184661865234375 227.86614990234375 227.619293212890625 227.3147125244140625 226.812591552734375 226.4272613525390625 226.1573486328125 225.9710845947265625 225.8482818603515625 225.754180908203125 225.5111236572265625 224.9909515380859375 224.11175537109375 223.0834503173828125 222.4002838134765625 222.1278228759765625 221.9177398681640625 221.790069580078125 221.69378662109375 221.61474609375 221.52728271484375 221.507598876953125 221.5501861572265625 221.6229400634765625 221.70635986328125 221.81634521484375 221.9120941162109375 221.9707183837890625 222.022125244140625 222.14306640625 222.20916748046875 222.0591583251953125 221.9315338134765625
229.226898193359375 229.221038818359375 229.1781005859375 229.1054534912109375 229.02239990234375 228.9229736328125 228.8269195556640625 228.7554931640625 228.65960693359375 228.4926605224609375 228.25830078125 227.9493408203125 227.608001708984375 227.34912109375 227.061553955078125 226.6586456298828125 226.341796875 226.1235504150390625 225.9575042724609375 225.775054931640625 225.61590576171875 225.3023529052734375 224.750457763671875 223.8357086181640625 222.8059234619140625 222.1383209228515625 221.881622314453125 221.7141876220703125 221.62493896484375 221.5304107666015625 221.4436492919921875 221.3526763916015625 221.3213958740234375 221.3534393310546875 221.428070068359375 221.5171661376953125 221.6466522216796875 221.755615234375 221.8313751220703125 221.9140777587890625 222.105804443359375 222.2552337646484375 222.1560211181640625 222.0214385986328125
228.999420166015625 228.9764862060546875 228.9419708251953125 228.89141845703125 228.83575439453125 228.742156982421875 228.6346282958984375 228.568115234375 228.4706573486328125 228.27886962890625 228.001953125 227.6721038818359375 227.313720703125 227.05712890625 226.816864013671875 226.511932373046875 226.2719879150390625 226.089202880859375 225.926483154296875 225.7110443115234375 225.498504638671875 225.076751708984375 224.4517364501953125 223.4928741455078125 222.4622650146484375 221.812042236328125 221.5819549560546875 221.4626617431640625 221.4449920654296875 221.4026947021484375 221.3223876953125 221.2076263427734375 221.164642333984375 221.2046966552734375 221.260498046875 221.335845947265625 221.4581298828125 221.596527099609375 221.7001495361328125 221.8171844482421875 222.0241241455078125 222.18597412109375 222.16815185546875 222.055816650390625
228.79168701171875 228.7346038818359375 228.6997222900390625 228.6707763671875 228.6424102783203125 228.5584869384765625 228.4439544677734375 228.37249755859375 228.2638092041015625 228.034576416015625 227.6932220458984375 227.3470916748046875 227.006927490234375 226.7632293701171875 226.5960235595703125 226.3867340087890625 226.2281951904296875 226.08770751953125 225.91278076171875 225.6514434814453125 225.4071502685546875 224.933319091796875 224.2686309814453125 223.2706756591796875 222.2153472900390625 221.563720703125 221.3605194091796875 221.2708282470703125 221.2905731201171875 221.2813720703125 221.2079315185546875 221.1154327392578125 221.0766448974609375 221.091552734375 221.1279296875 221.19049072265625 221.2996826171875 221.4563751220703125 221.5690460205078125 221.6966552734375 221.887908935546875 222.0165557861328125 222.048675537109375 221.9828033447265625
228.6062774658203125 228.522796630859375 228.476715087890625 228.450775146484375 228.4202117919921875 228.3405303955078125 228.203582763671875 228.1122894287109375 228.001556396484375 227.747283935546875 227.355682373046875 226.982635498046875 226.6814727783203125 226.4913787841796875 226.3913116455078125 226.29119873046875 226.2298736572265625 226.1426239013671875 225.986572265625 225.682525634765625 225.4227294921875 224.973236083984375 224.3570404052734375 223.4056396484375 222.3164215087890625 221.5644378662109375 221.28802490234375 221.1155242919921875 221.07977294921875 221.0779876708984375 221.048980712890625 221.005279541015625 220.9794769287109375 220.9614105224609375 220.970489501953125 221.0146484375 221.1199798583984375 221.266326904296875 221.3746337890625 221.5091400146484375 221.6933441162109375 221.7898101806640625 221.839080810546875 221.8186492919921875
228.3804779052734375 228.2715301513671875 228.2114715576171875 228.167022705078125 228.109100341796875 228.0024261474609375 227.7995147705078125 227.6595611572265625 227.5333099365234375 227.2805633544921875 226.9048614501953125 226.533782958984375 226.26910400390625 226.1670684814453125 226.1580657958984375 226.2029876708984375 226.255126953125 226.2517242431640625 226.166748046875 225.8589324951171875 225.6118927001953125 225.2711029052734375 224.7980804443359375 224.0061798095703125 222.8379974365234375 221.79437255859375 221.3199462890625 220.9416656494140625 220.7887725830078125 220.7848968505859375 220.79571533203125 220.773162841796875 220.753326416015625 220.736053466796875 220.727294921875 220.7556304931640625 220.8543548583984375 220.9959869384765625 221.100982666015625 221.24713134765625 221.421905517578125 221.5209503173828125 221.5747222900390625 221.557861328125
228.100494384765625 227.9934539794921875 227.9189300537109375 227.8279266357421875 227.703216552734375 227.5367431640625 227.2465667724609375 227.05322265625 226.884429931640625 226.623931884765625 226.3095245361328125 226.022003173828125 225.83514404296875 225.8254852294921875 225.935699462890625 226.1303558349609375 226.282470703125 226.3605499267578125 226.367218017578125 226.13861083984375 225.9358367919921875 225.668212890625 225.32220458984375 224.6705780029296875 223.369720458984375 222.0063018798828125 221.346588134765625 220.7841033935546875 220.5343475341796875 220.4915618896484375 220.4915618896484375 220.4664459228515625 220.4485626220703125 220.4592437744140625 220.4871063232421875 220.5446319580078125 220.65118408203125 220.799713134765625 220.9207611083984375 221.0523681640625 221.2018890380859375 221.3043365478515625 221.3503570556640625 221.2897491455078125
227.876007080078125 227.79833984375 227.712127685546875 227.5862884521484375 227.4267730712890625 227.244415283203125 226.9394378662109375 226.7219390869140625 226.50372314453125 226.214447021484375 225.935272216796875 225.7577056884765625 225.7279205322265625 225.780517578125 225.89764404296875 226.1110687255859375 226.3098907470703125 226.421539306640625 226.45458984375 226.30609130859375 226.15850830078125 225.955841064453125 225.701019287109375 225.13409423828125 223.77099609375 222.2207794189453125 221.4015045166015625 220.6704559326171875 220.3161163330078125 220.23577880859375 220.265380859375 220.2468719482421875 220.221038818359375 220.23565673828125 220.2950439453125 220.361785888671875 220.4807281494140625 220.6466522216796875 220.7791748046875 220.8834381103515625 221.016082763671875 221.117095947265625 221.1396636962890625 221.0803070068359375
227.6233367919921875 227.549591064453125 227.4676361083984375 227.32574462890625 227.185699462890625 227.035552978515625 226.750701904296875 226.52130126953125 226.278289794921875 225.977752685546875 225.74957275390625 225.6790313720703125 225.740570068359375 225.8218231201171875 225.9426116943359375 226.1380767822265625 226.3188934326171875 226.431549072265625 226.449981689453125 226.322998046875 226.2200469970703125 226.099365234375 225.916351318359375 225.3717041015625 223.9328155517578125 222.358489990234375 221.468475341796875 220.6001434326171875 220.194305419921875 220.1059722900390625 220.1382598876953125 220.10662841796875 220.0641326904296875 220.084197998046875 220.1519927978515625 220.21966552734375 220.3440093994140625 220.51605224609375 220.638214111328125 220.73431396484375 220.8636016845703125 220.9636993408203125 220.9960174560546875 220.9597015380859375
227.367156982421875 227.2775726318359375 227.1871185302734375 227.0564117431640625 226.9258270263671875 226.789215087890625 226.5316314697265625 226.3326568603515625 226.0902557373046875 225.8201141357421875 225.673309326171875 225.6891937255859375 225.7752838134765625 225.8542633056640625 225.9891204833984375 226.191802978515625 226.337677001953125 226.4322052001953125 226.4363861083984375 226.3343963623046875 226.2335968017578125 226.156829833984375 226.002532958984375 225.45648193359375 223.9495086669921875 222.3590850830078125 221.4632110595703125 220.54571533203125 220.10699462890625 220.01617431640625 220.035247802734375 220.005859375 219.9693756103515625 219.97406005859375 220.0156707763671875 220.088226318359375 220.224151611328125 220.3817138671875 220.4804840087890625 220.576416015625 220.709228515625 220.825653076171875 220.8695831298828125 220.847625732421875
