INPUT/RASTER/ASCII/BIO19.asc
ncols        225
nrows        269
xllcorner    473009.983799999987
yllcorner    4429051.174800000153
cellsize     50.000000000000
NODATA_value -9999
[rows 228 to 246 of 269, columns 132 to 175 of 225]
196.6827392578125 196.651153564453125 196.663482666015625 196.633331298828125 196.5680389404296875 196.5531463623046875 204.876800537109375 208.3735809326171875 208.48040771484375 208.6725311279296875 208.6968841552734375 206.82232666015625 204.33984375 203.3059844970703125 201.65374755859375 199.2962493896484375 198.2846832275390625 198.1836090087890625 198.26519775390625 199.5532379150390625 201.3865966796875 201.8230438232421875 202.0411529541015625 202.1797332763671875 202.367095947265625 202.6182098388671875 202.951446533203125 206.63348388671875 209.7971343994140625 210.1122589111328125 209.7609100341796875 207.6657562255859375 204.6584320068359375 200.898651123046875 197.810150146484375 197.0801239013671875 198.1800079345703125 200.594482421875 203.9307708740234375 208.3024444580078125 211.902252197265625 213.12384033203125 213.3284759521484375 213.1945037841796875
196.5370941162109375 196.6934967041015625 196.8118133544921875 196.769012451171875 196.644683837890625 197.6470947265625 205.26458740234375 208.0511932373046875 208.0907440185546875 208.21087646484375 208.3975677490234375 208.7708892822265625 208.5554962158203125 208.4421539306640625 207.9944915771484375 203.8755950927734375 200.666259765625 200.4218902587890625 200.531494140625 203.709381103515625 208.426422119140625 209.116607666015625 209.252349853515625 209.3622589111328125 209.5445404052734375 209.7232818603515625 209.9563751220703125 211.5230255126953125 212.94000244140625 213.056121826171875 211.8947906494140625 208.2706451416015625 203.0138397216796875 198.3402557373046875 195.6902008056640625 195.4301300048828125 197.403533935546875 200.899322509765625 204.7642669677734375 209.040191650390625 212.0694427490234375 213.038604736328125 213.0810089111328125 211.901153564453125
196.983795166015625 199.4387359619140625 200.615570068359375 200.5272064208984375 200.247314453125 203.0264739990234375 206.9699249267578125 207.4979248046875 207.531097412109375 207.72210693359375 207.9249114990234375 208.287841796875 208.760101318359375 209.19305419921875 209.610015869140625 208.9416351318359375 208.1595611572265625 208.1030731201171875 208.294036865234375 209.333526611328125 210.6915130615234375 210.9847412109375 211.1017303466796875 211.2097930908203125 211.403472900390625 211.561553955078125 211.80511474609375 212.2234649658203125 212.6062774658203125 212.1613311767578125 209.66949462890625 205.01409912109375 200.1552734375 196.7244110107421875 194.808380126953125 194.6278228759765625 196.670806884765625 201.2449951171875 206.3135986328125 210.345245361328125 212.455322265625 212.97467041015625 212.38818359375 210.21710205078125
201.7577972412109375 206.1999359130859375 208.351226806640625 208.2164306640625 207.81414794921875 207.61962890625 207.4303436279296875 207.1406707763671875 207.2205047607421875 207.46551513671875 207.6738128662109375 208.0121002197265625 208.4814910888671875 208.967864990234375 209.4565887451171875 209.657440185546875 209.57958984375 209.5731201171875 209.7428741455078125 210.0547332763671875 210.3452911376953125 210.48724365234375 210.5762786865234375 210.671844482421875 210.83795166015625 211.02447509765625 211.3822479248046875 211.9019012451171875 212.03863525390625 210.8009796142578125 206.912200927734375 201.73095703125 197.31512451171875 195.2398834228515625 194.40679931640625 194.3280792236328125 196.2841339111328125 201.46588134765625 207.29205322265625 211.1283111572265625 212.59552001953125 212.7754364013671875 211.45599365234375 209.3137969970703125
207.593292236328125 208.7712554931640625 209.368255615234375 209.170166015625 208.7720794677734375 208.0129547119140625 207.2212371826171875 206.9146575927734375 207.0094757080078125 207.2476654052734375 207.44940185546875 207.80108642578125 208.318756103515625 208.7966156005859375 209.2088470458984375 209.369720458984375 209.3237457275390625 209.3295135498046875 209.47442626953125 209.7183074951171875 209.943572998046875 210.0573883056640625 210.10919189453125 210.1846160888671875 210.3194580078125 210.5700836181640625 211.067138671875 211.6715087890625 211.2612457275390625 209.1933441162109375 204.3325347900390625 199.0991973876953125 195.363983154296875 194.3586578369140625 194.539398193359375 194.917724609375 196.952911376953125 201.71160888671875 207.1208648681640625 210.949066162109375 212.340362548828125 212.2000579833984375 210.134613037109375 208.430328369140625
208.6228790283203125 208.795989990234375 208.9546966552734375 208.808807373046875 208.4669952392578125 207.7255096435546875 206.8977508544921875 206.5837249755859375 206.694244384765625 206.93121337890625 207.113067626953125 207.5408782958984375 208.139434814453125 208.5774688720703125 208.866943359375 208.994384765625 208.9945526123046875 209.02362060546875 209.16497802734375 209.3795928955078125 209.5697784423828125 209.6590728759765625 209.6821441650390625 209.7247772216796875 209.82861328125 210.1677093505859375 210.8135528564453125 211.298858642578125 210.05792236328125 207.3916778564453125 202.1775054931640625 197.2717437744140625 194.341827392578125 194.09332275390625 195.206573486328125 196.2853240966796875 198.4792022705078125 202.0598907470703125 206.2635345458984375 210.2047576904296875 211.700347900390625 210.751373291015625 208.9432830810546875 207.8258209228515625
208.267822265625 208.335296630859375 208.4807586669921875 208.4467926025390625 208.151885986328125 207.371917724609375 206.45147705078125 206.0529022216796875 206.19696044921875 206.508514404296875 206.7361602783203125 207.209197998046875 207.8064727783203125 208.1564178466796875 208.34368896484375 208.4736785888671875 208.529266357421875 208.5707244873046875 208.701416015625 208.9079742431640625 209.09637451171875 209.1614837646484375 209.1658477783203125 209.1725921630859375 209.2974090576171875 209.7525787353515625 210.37811279296875 210.196319580078125 208.0511627197265625 205.397186279296875 200.6489715576171875 196.2286529541015625 193.8872528076171875 194.0875396728515625 195.9599151611328125 197.72088623046875 199.964935302734375 202.450408935546875 205.5897216796875 209.510009765625 210.6076202392578125 208.444061279296875 207.63946533203125 207.4285125732421875
207.9797821044921875 208.028411865234375 208.1350555419921875 208.084014892578125 207.6923675537109375 206.7408599853515625 205.819976806640625 205.497589111328125 205.6938934326171875 206.11602783203125 206.450164794921875 206.8130035400390625 207.207550048828125 207.4343109130859375 207.5775604248046875 207.7274322509765625 207.855865478515625 207.94903564453125 208.10260009765625 208.279571533203125 208.4121246337890625 208.4146728515625 208.392974853515625 208.467376708984375 208.7477874755859375 209.2606658935546875 209.4112548828125 207.893310546875 205.0826416015625 203.014556884765625 199.3921966552734375 195.59283447265625 193.5799102783203125 193.9183197021484375 196.0460205078125 198.0652313232421875 200.370941162109375 202.7331390380859375 205.5709381103515625 208.5621185302734375 208.68414306640625 207.353424072265625 207.1306304931640625 207.161163330078125
207.764678955078125 207.757537841796875 207.7177276611328125 207.4612884521484375 206.9543304443359375 206.00421142578125 205.25531005859375 205.1142578125 205.3769989013671875 205.827789306640625 206.1555633544921875 206.3184814453125 206.447296142578125 206.6123046875 206.7717437744140625 206.957794189453125 207.2150421142578125 207.4137115478515625 207.6054534912109375 207.72052001953125 207.72711181640625 207.64764404296875 207.653778076171875 207.90057373046875 208.3920135498046875 208.8054962158203125 208.2281036376953125 205.59405517578125 202.4300079345703125 200.7385101318359375 197.89349365234375 194.741241455078125 193.15972900390625 193.5185546875 195.436920166015625 197.4084930419921875 199.9760589599609375 202.4971160888671875 204.87200927734375 206.0667572021484375 205.75732421875 206.2200469970703125 206.6502838134765625 206.87396240234375
207.538787841796875 207.4717559814453125 207.2471923828125 206.7821502685546875 206.28460693359375 205.53955078125 204.90509033203125 204.796478271484375 205.103607177734375 205.5294952392578125 205.7902679443359375 205.8307647705078125 205.8041229248046875 205.92559814453125 206.0581512451171875 206.3162689208984375 206.663055419921875 207.068572998046875 207.3325347900390625 207.3761444091796875 207.2475738525390625 207.14984130859375 207.210418701171875 207.626800537109375 208.2589569091796875 208.517181396484375 207.3074798583984375 204.1011810302734375 200.8949127197265625 199.1903228759765625 196.5584869384765625 194.0412445068359375 192.8686370849609375 193.271026611328125 194.9930572509765625 196.8402099609375 199.4100341796875 201.836151123046875 203.563690185546875 203.654937744140625 204.099884033203125 205.4361419677734375 206.2270965576171875 206.5937652587890625
207.31561279296875 207.2115325927734375 206.8634033203125 206.30108642578125 205.845123291015625 205.207550048828125 204.601806640625 204.432159423828125 204.670166015625 205.0484771728515625 205.2850799560546875 205.3241729736328125 205.2160186767578125 205.2250823974609375 205.3160247802734375 205.7202911376953125 206.1578216552734375 206.718658447265625 207.0182952880859375 206.9976654052734375 206.8035430908203125 206.73089599609375 206.8399200439453125 207.339508056640625 207.9446258544921875 207.82623291015625 205.9453277587890625 202.2322998046875 199.08062744140625 197.4995574951171875 195.2183074951171875 193.242095947265625 192.51007080078125 193.2797393798828125 194.9969024658203125 196.5649261474609375 198.7868194580078125 201.112091064453125 202.0537109375 201.7179107666015625 202.9844207763671875 204.4626922607421875 205.7271270751953125 206.2323150634765625
207.0607147216796875 206.997528076171875 206.63665771484375 206.0328216552734375 205.5936737060546875 204.96337890625 204.3036346435546875 204.0433197021484375 204.16485595703125 204.42095947265625 204.589508056640625 204.7194671630859375 204.727325439453125 204.725006103515625 204.8345184326171875 205.309906005859375 205.769195556640625 206.332427978515625 206.6043243408203125 206.5517120361328125 206.362701416015625 206.37066650390625 206.55401611328125 207.03607177734375 207.508544921875 206.9805450439453125 204.5795745849609375 200.723052978515625 197.6841888427734375 196.1073455810546875 193.85821533203125 192.137542724609375 191.9539947509765625 193.310546875 195.1291351318359375 196.4046478271484375 198.18170166015625 200.2096405029296875 200.57098388671875 200.49639892578125 202.2552032470703125 203.6759490966796875 205.2175140380859375 205.82684326171875
206.7356109619140625 206.7951507568359375 206.4598388671875 205.82257080078125 205.3708343505859375 204.7213897705078125 203.9920806884765625 203.6343841552734375 203.6776885986328125 203.83416748046875 203.94598388671875 204.1460418701171875 204.32012939453125 204.3988189697265625 204.604278564453125 205.092926025390625 205.4992523193359375 205.971527099609375 206.1790618896484375 206.0807647705078125 205.898193359375 206.003448486328125 206.256378173828125 206.76837158203125 207.2372589111328125 206.555450439453125 203.8394622802734375 199.8020172119140625 196.665435791015625 194.903564453125 192.3863677978515625 190.7539520263671875 191.08984375 192.9327239990234375 194.8418121337890625 195.9233551025390625 197.237274169921875 198.321868896484375 198.366455078125 199.4304962158203125 201.354461669921875 202.7990264892578125 204.62774658203125 205.4443206787109375
206.2772674560546875 206.415313720703125 206.0993804931640625 205.4837493896484375 205.05035400390625 204.42230224609375 203.6547698974609375 203.1938018798828125 203.1853179931640625 203.3097381591796875 203.404876708984375 203.6186676025390625 203.8967437744140625 204.101806640625 204.439697265625 204.94366455078125 205.277618408203125 205.6053314208984375 205.731201171875 205.58154296875 205.3973846435546875 205.5740814208984375 205.875701904296875 206.4681396484375 207.0169830322265625 206.228912353515625 203.2875823974609375 199.0078887939453125 195.5131378173828125 193.4912109375 190.8425445556640625 189.4422149658203125 190.062286376953125 192.0441131591796875 193.912109375 194.846221923828125 195.371337890625 195.113037109375 195.75408935546875 197.5586395263671875 199.4068603515625 200.91485595703125 203.2662200927734375 204.7527008056640625
205.648345947265625 205.7474212646484375 205.470001220703125 204.96929931640625 204.603973388671875 204.0427703857421875 203.26708984375 202.701904296875 202.601226806640625 202.7033538818359375 202.7964935302734375 203.007537841796875 203.411651611328125 203.79241943359375 204.2416229248046875 204.7046661376953125 204.9241485595703125 205.102203369140625 205.173126220703125 204.9768218994140625 204.78912353515625 205.0469970703125 205.425750732421875 206.073028564453125 206.4136199951171875 205.0449066162109375 201.8563995361328125 197.841522216796875 194.3643341064453125 192.3514556884765625 189.961151123046875 188.8586273193359375 189.4044036865234375 191.01666259765625 192.6200714111328125 193.4814605712890625 192.82171630859375 192.0595550537109375 193.7721710205078125 195.4446563720703125 196.95794677734375 198.30535888671875 200.6975555419921875 203.0319671630859375
205.2252044677734375 205.259552001953125 205.0437774658203125 204.659271240234375 204.346405029296875 203.7887115478515625 202.9455413818359375 202.3021697998046875 202.149658203125 202.298797607421875 202.47637939453125 202.72467041015625 203.260009765625 203.72760009765625 204.075164794921875 204.388671875 204.541717529296875 204.7000732421875 204.7802581787109375 204.6036529541015625 204.4325408935546875 204.7216644287109375 205.1759796142578125 205.6969146728515625 205.359161376953125 203.117340087890625 199.84112548828125 196.3424530029296875 193.3509521484375 191.6688690185546875 189.7421417236328125 188.78472900390625 188.991729736328125 189.9505157470703125 191.2488555908203125 191.861724853515625 190.7760467529296875 190.42437744140625 192.1235809326171875 193.7411346435546875 195.212127685546875 196.3858642578125 198.2197418212890625 200.4996795654296875
204.984375 204.9840850830078125 204.806976318359375 204.484527587890625 204.180084228515625 203.5437774658203125 202.616241455078125 202.02716064453125 201.9297637939453125 202.136962890625 202.4041748046875 202.752777099609375 203.2820281982421875 203.6551513671875 203.8416748046875 204.0537261962890625 204.2209014892578125 204.45794677734375 204.6115875244140625 204.503631591796875 204.3198699951171875 204.49609375 204.8466796875 205.13360595703125 204.1565704345703125 201.4003143310546875 198.2044830322265625 195.038482666015625 192.49127197265625 191.1548004150390625 189.6302490234375 188.7066497802734375 188.5777587890625 189.1427764892578125 190.2029571533203125 190.225433349609375 188.92755126953125 189.4674530029296875 191.0367889404296875 192.85748291015625 194.5280609130859375 195.6402587890625 197.21978759765625 199.189666748046875
204.8272705078125 204.826324462890625 204.6342010498046875 204.2869873046875 203.9475555419921875 203.26202392578125 202.3252716064453125 201.8828277587890625 201.914031982421875 202.142364501953125 202.42645263671875 202.844573974609375 203.2432403564453125 203.4594879150390625 203.585968017578125 203.7713623046875 203.9381256103515625 204.2266693115234375 204.4871063232421875 204.414154052734375 204.1582489013671875 204.2116241455078125 204.4353790283203125 204.5042877197265625 203.2741851806640625 200.418182373046875 197.308074951171875 194.34027099609375 192.021575927734375 190.8269805908203125 189.432098388671875 188.4859619140625 188.2201385498046875 188.7178955078125 188.9868927001953125 188.4600677490234375 188.1493682861328125 189.06866455078125 190.533660888671875 192.422332763671875 194.1788177490234375 195.3364410400390625 197.0457611083984375 199.0005645751953125
204.68218994140625 204.6597747802734375 204.4628753662109375 204.085418701171875 203.697174072265625 202.962127685546875 202.0618133544921875 201.7513885498046875 201.9301300048828125 202.1823883056640625 202.439483642578125 202.8218841552734375 203.07421875 203.170806884765625 203.282989501953125 203.471771240234375 203.6192474365234375 203.884918212890625 204.213897705078125 204.1781005859375 203.8644866943359375 203.8668060302734375 204.0550079345703125 204.0985260009765625 202.9946136474609375 200.1230316162109375 196.9014434814453125 193.97161865234375 191.704254150390625 190.521881103515625 189.161163330078125 188.264312744140625 188.0113067626953125 188.3361968994140625 187.5399017333984375 186.60894775390625 187.6624908447265625 189.0410614013671875 190.3808441162109375 192.1223602294921875 193.8151092529296875 195.075042724609375 197.15545654296875 199.3763275146484375
