INPUT/RASTER/ASCII/BIO15.asc
ncols        225
nrows        269
xllcorner    473000.000000000000
yllcorner    4429100.000000000000
cellsize     50.000000000000
NODATA_value -9999
[rows 100 to 119 of 269, columns 45 to 89 of 225]
53.821502685546875 53.7950286865234375 53.78897857666015625 53.76978302001953125 53.7541046142578125 53.745361328125 53.74015045166015625 53.736301422119140625 53.73308563232421875 53.726985931396484375 53.715900421142578125 53.70758819580078125 53.698078155517578125 53.6878509521484375 53.685581207275390625 53.67848968505859375 53.673309326171875 53.6674652099609375 53.66217041015625 53.656314849853515625 53.64715576171875 53.6410064697265625 53.628917694091796875 53.61913299560546875 53.6158447265625 53.61598968505859375 53.61638641357421875 53.601165771484375 53.620513916015625 53.5717926025390625 53.56423187255859375 53.558475494384765625 53.549774169921875 53.54589080810546875 53.5282440185546875 53.509307861328125 53.4957427978515625 53.48628997802734375 53.4795074462890625 53.473178863525390625 53.4619598388671875 53.446987152099609375 53.43695068359375 53.428192138671875 53.419567108154296875
53.83170318603515625 53.80812835693359375 53.7957305908203125 53.780597686767578125 53.761951446533203125 53.74881744384765625 53.740966796875 53.737194061279296875 53.7339019775390625 53.72869110107421875 53.717365264892578125 53.708377838134765625 53.699077606201171875 53.688991546630859375 53.68711090087890625 53.67987823486328125 53.67333221435546875 53.66608428955078125 53.66181182861328125 53.659999847412109375 53.653350830078125 53.645488739013671875 53.631855010986328125 53.6205902099609375 53.599300384521484375 53.615966796875 53.593067169189453125 53.56072998046875 53.562633514404296875 53.56311798095703125 53.56243896484375 53.556125640869140625 53.5479736328125 53.54370880126953125 53.52614593505859375 53.50928497314453125 53.4970703125 53.48567962646484375 53.477294921875 53.470264434814453125 53.45795440673828125 53.440006256103515625 53.429065704345703125 53.421703338623046875 53.412021636962890625
53.84615325927734375 53.84004974365234375 53.813114166259765625 53.786376953125 53.77509307861328125 53.75447845458984375 53.74381256103515625 53.73796844482421875 53.73657989501953125 53.7313232421875 53.723346710205078125 53.711017608642578125 53.69982147216796875 53.6910400390625 53.68836212158203125 53.683013916015625 53.6744384765625 53.66512298583984375 53.660114288330078125 53.663055419921875 53.6604156494140625 53.65509796142578125 53.6089324951171875 53.59667205810546875 53.5616607666015625 53.55796051025390625 53.556972503662109375 53.55573272705078125 53.55755615234375 53.55989837646484375 53.55987548828125 53.554958343505859375 53.547191619873046875 53.5422515869140625 53.524875640869140625 53.510334014892578125 53.49976348876953125 53.485454559326171875 53.4757843017578125 53.466724395751953125 53.4528656005859375 53.43491363525390625 53.426105499267578125 53.41729736328125 53.406826019287109375
53.807697296142578125 53.8549346923828125 53.83325958251953125 53.805393218994140625 53.79073333740234375 53.75894927978515625 53.747768402099609375 53.741168975830078125 53.74074554443359375 53.736682891845703125 53.725864410400390625 53.714019775390625 53.701297760009765625 53.69195556640625 53.68915557861328125 53.68297576904296875 53.676639556884765625 53.6651763916015625 53.66062164306640625 53.662616729736328125 53.652278900146484375 53.60455322265625 53.585750579833984375 53.5714874267578125 53.5623321533203125 53.55535125732421875 53.554302215576171875 53.552303314208984375 53.551715850830078125 53.5558624267578125 53.55580902099609375 53.55364990234375 53.54752349853515625 53.542236328125 53.5245513916015625 53.51152801513671875 53.5003509521484375 53.48877716064453125 53.467914581298828125 53.460750579833984375 53.44219970703125 53.4282989501953125 53.4163665771484375 53.40723419189453125 53.399749755859375
53.769779205322265625 53.759006500244140625 53.776905059814453125 53.777767181396484375 53.8051300048828125 53.7670745849609375 53.75077056884765625 53.743076324462890625 53.74301910400390625 53.740856170654296875 53.73055267333984375 53.717761993408203125 53.702457427978515625 53.69304656982421875 53.68982696533203125 53.68413543701171875 53.6777191162109375 53.6604156494140625 53.604877471923828125 53.62407684326171875 53.61777496337890625 53.60198974609375 53.58855438232421875 53.577922821044921875 53.56279754638671875 53.552249908447265625 53.550914764404296875 53.54607391357421875 53.537567138671875 53.542266845703125 53.540630340576171875 53.54958343505859375 53.546390533447265625 53.5413818359375 53.5264129638671875 53.51630401611328125 53.50279998779296875 53.4777984619140625 53.45758056640625 53.44785308837890625 53.42884063720703125 53.42012786865234375 53.4021759033203125 53.3971099853515625 53.38809967041015625
53.757274627685546875 53.75754547119140625 53.753917694091796875 53.744731903076171875 53.71677398681640625 53.6985626220703125 53.65496063232421875 53.67111968994140625 53.70362091064453125 53.75254058837890625 53.735919952392578125 53.720348358154296875 53.700977325439453125 53.6407928466796875 53.651214599609375 53.644313812255859375 53.623020172119140625 53.625118255615234375 53.60355377197265625 53.6014251708984375 53.601375579833984375 53.60286712646484375 53.594356536865234375 53.57778167724609375 53.56201171875 53.54891204833984375 53.546894073486328125 53.54012298583984375 53.53173828125 53.529476165771484375 53.5321502685546875 53.5420684814453125 53.5441131591796875 53.54093170166015625 53.52907562255859375 53.516948699951171875 53.5025482177734375 53.476531982421875 53.45368194580078125 53.44260406494140625 53.4229888916015625 53.412174224853515625 53.39669036865234375 53.3895111083984375 53.382297515869140625
53.75344085693359375 53.753208160400390625 53.754451751708984375 53.742855072021484375 53.72298431396484375 53.68488311767578125 53.665630340576171875 53.660579681396484375 53.66436767578125 53.675472259521484375 53.661731719970703125 53.66233062744140625 53.6611328125 53.64275360107421875 53.638916015625 53.630321502685546875 53.62287139892578125 53.61305999755859375 53.604785919189453125 53.6012115478515625 53.601593017578125 53.60453033447265625 53.597042083740234375 53.57834625244140625 53.56026458740234375 53.54555511474609375 53.542896270751953125 53.53504180908203125 53.52730560302734375 53.5230712890625 53.52332305908203125 53.531955718994140625 53.537815093994140625 53.536346435546875 53.531154632568359375 53.516082763671875 53.49976348876953125 53.47054290771484375 53.4578094482421875 53.43663787841796875 53.4147186279296875 53.40191650390625 53.3881072998046875 53.38431549072265625 53.3798675537109375
53.755035400390625 53.75360870361328125 53.75487518310546875 53.7467498779296875 53.7308349609375 53.701511383056640625 53.686046600341796875 53.679988861083984375 53.67767333984375 53.663623809814453125 53.637538909912109375 53.64421844482421875 53.65546417236328125 53.64540863037109375 53.6414642333984375 53.63060760498046875 53.62270355224609375 53.612457275390625 53.60601806640625 53.602588653564453125 53.602382659912109375 53.604137420654296875 53.600414276123046875 53.5810394287109375 53.560070037841796875 53.544277191162109375 53.540691375732421875 53.53240203857421875 53.52495574951171875 53.51932525634765625 53.51917266845703125 53.5239410400390625 53.530284881591796875 53.5313720703125 53.529094696044921875 53.51332855224609375 53.49566650390625 53.464168548583984375 53.454586029052734375 53.432285308837890625 53.40887451171875 53.3903045654296875 53.3798980712890625 53.378963470458984375 53.3764495849609375
53.757724761962890625 53.755588531494140625 53.75417327880859375 53.7461090087890625 53.734775543212890625 53.71539306640625 53.7007293701171875 53.6914825439453125 53.68495941162109375 53.66826629638671875 53.639842987060546875 53.64968109130859375 53.66049957275390625 53.64702606201171875 53.64163970947265625 53.63149261474609375 53.622875213623046875 53.612133026123046875 53.60582733154296875 53.6030426025390625 53.602207183837890625 53.60410308837890625 53.605762481689453125 53.58991241455078125 53.565731048583984375 53.54579925537109375 53.541088104248046875 53.53166961669921875 53.524349212646484375 53.51979827880859375 53.5189361572265625 53.521099090576171875 53.527019500732421875 53.52860260009765625 53.526165008544921875 53.509796142578125 53.4892730712890625 53.458850860595703125 53.450054168701171875 53.430393218994140625 53.40917205810546875 53.384838104248046875 53.373046875 53.37117767333984375 53.371799468994140625
53.758823394775390625 53.755161285400390625 53.75185394287109375 53.742671966552734375 53.733066558837890625 53.719295501708984375 53.706554412841796875 53.6959228515625 53.68877410888671875 53.673534393310546875 53.65206146240234375 53.6611480712890625 53.670017242431640625 53.6497039794921875 53.642486572265625 53.62908935546875 53.619861602783203125 53.610927581787109375 53.6052703857421875 53.601470947265625 53.601306915283203125 53.603912353515625 53.60943603515625 53.5974578857421875 53.573925018310546875 53.5551605224609375 53.551227569580078125 53.54156494140625 53.53009796142578125 53.524478912353515625 53.52301025390625 53.523815155029296875 53.528232574462890625 53.5299224853515625 53.52329254150390625 53.505126953125 53.482624053955078125 53.456390380859375 53.44803619384765625 53.4297637939453125 53.407741546630859375 53.38088226318359375 53.3685302734375 53.362789154052734375 53.358554840087890625
53.758480072021484375 53.753910064697265625 53.75054168701171875 53.7414093017578125 53.73384857177734375 53.72103118896484375 53.709629058837890625 53.69944000244140625 53.69219970703125 53.68286895751953125 53.667064666748046875 53.67252349853515625 53.674930572509765625 53.65026092529296875 53.6391143798828125 53.62473297119140625 53.61717987060546875 53.60797119140625 53.603633880615234375 53.599704742431640625 53.60002899169921875 53.6034698486328125 53.6107177734375 53.601741790771484375 53.578948974609375 53.56032562255859375 53.557147979736328125 53.547687530517578125 53.536273956298828125 53.533123016357421875 53.528949737548828125 53.529300689697265625 53.530055999755859375 53.530094146728515625 53.51880645751953125 53.4985809326171875 53.47740936279296875 53.455692291259765625 53.448822021484375 53.429981231689453125 53.407642364501953125 53.38222503662109375 53.364658355712890625 53.359981536865234375 53.34889984130859375
53.7565765380859375 53.754241943359375 53.7494354248046875 53.741733551025390625 53.735748291015625 53.72370147705078125 53.71204376220703125 53.704341888427734375 53.69948577880859375 53.692966461181640625 53.678314208984375 53.6818695068359375 53.672382354736328125 53.643085479736328125 53.63161468505859375 53.619113922119140625 53.612102508544921875 53.602085113525390625 53.5974578857421875 53.597606658935546875 53.5999298095703125 53.603290557861328125 53.610073089599609375 53.608905792236328125 53.58629608154296875 53.56310272216796875 53.559391021728515625 53.551418304443359375 53.54665374755859375 53.54326629638671875 53.5391693115234375 53.53857421875 53.534149169921875 53.5296478271484375 53.5106201171875 53.491363525390625 53.47380828857421875 53.454257965087890625 53.447322845458984375 53.43048095703125 53.411937713623046875 53.391002655029296875 53.3751068115234375 53.369480133056640625 53.356624603271484375
53.7515106201171875 53.750026702880859375 53.747936248779296875 53.745159149169921875 53.7372589111328125 53.725467681884765625 53.715648651123046875 53.707366943359375 53.7033538818359375 53.696506500244140625 53.680904388427734375 53.662811279296875 53.6689605712890625 53.64214324951171875 53.632152557373046875 53.617107391357421875 53.60935211181640625 53.600124359130859375 53.59575653076171875 53.59659576416015625 53.5989532470703125 53.602817535400390625 53.61136627197265625 53.611385345458984375 53.593944549560546875 53.568359375 53.5635528564453125 53.552608489990234375 53.547119140625 53.548137664794921875 53.544921875 53.543243408203125 53.537174224853515625 53.530548095703125 53.5098876953125 53.491046905517578125 53.472553253173828125 53.452785491943359375 53.446323394775390625 53.43248748779296875 53.4163818359375 53.398296356201171875 53.383544921875 53.37065887451171875 53.361171722412109375
53.75240325927734375 53.74800872802734375 53.74805450439453125 53.74312591552734375 53.73375701904296875 53.726161956787109375 53.71479034423828125 53.707065582275390625 53.70429229736328125 53.69476318359375 53.686389923095703125 53.6641693115234375 53.669254302978515625 53.652561187744140625 53.636211395263671875 53.617176055908203125 53.60904693603515625 53.59996795654296875 53.595447540283203125 53.595478057861328125 53.597957611083984375 53.600696563720703125 53.60723114013671875 53.6115875244140625 53.60158538818359375 53.5755462646484375 53.570369720458984375 53.556278228759765625 53.5494232177734375 53.5540771484375 53.54959869384765625 53.54714202880859375 53.539608001708984375 53.534107208251953125 53.508647918701171875 53.49071502685546875 53.469478607177734375 53.450923919677734375 53.445850372314453125 53.432559967041015625 53.41768646240234375 53.400676727294921875 53.38475799560546875 53.371856689453125 53.362804412841796875
53.755802154541015625 53.75400543212890625 53.749843597412109375 53.74308013916015625 53.7354736328125 53.7238616943359375 53.714290618896484375 53.70722198486328125 53.70357513427734375 53.6958160400390625 53.6826019287109375 53.6671905517578125 53.675750732421875 53.6536407470703125 53.635406494140625 53.62158966064453125 53.609798431396484375 53.60085296630859375 53.59352874755859375 53.593395233154296875 53.59552001953125 53.59798431396484375 53.598388671875 53.604259490966796875 53.60654449462890625 53.5880279541015625 53.5795745849609375 53.5661773681640625 53.55853271484375 53.5573577880859375 53.55573272705078125 53.54914093017578125 53.53794097900390625 53.531406402587890625 53.5061798095703125 53.487178802490234375 53.466796875 53.45011138916015625 53.44567108154296875 53.433155059814453125 53.41826629638671875 53.40152740478515625 53.38385772705078125 53.37055206298828125 53.36080169677734375
53.75966644287109375 53.757480621337890625 53.751811981201171875 53.74370574951171875 53.735687255859375 53.724575042724609375 53.71488189697265625 53.706211090087890625 53.7013092041015625 53.69403839111328125 53.681629180908203125 53.66657257080078125 53.67144012451171875 53.659839630126953125 53.644695281982421875 53.6212158203125 53.612667083740234375 53.60124969482421875 53.59336090087890625 53.590457916259765625 53.59012603759765625 53.592006683349609375 53.590198516845703125 53.589344024658203125 53.602443695068359375 53.592235565185546875 53.58510589599609375 53.5704498291015625 53.562824249267578125 53.559024810791015625 53.5615386962890625 53.550506591796875 53.538204193115234375 53.5198822021484375 53.499286651611328125 53.477916717529296875 53.463451385498046875 53.449405670166015625 53.444854736328125 53.4357757568359375 53.42181396484375 53.401447296142578125 53.380191802978515625 53.36357879638671875 53.35602569580078125
53.763378143310546875 53.760967254638671875 53.754268646240234375 53.745136260986328125 53.737049102783203125 53.725128173828125 53.71504974365234375 53.705333709716796875 53.69983673095703125 53.691432952880859375 53.679325103759765625 53.66506195068359375 53.67144775390625 53.65883636474609375 53.64669036865234375 53.623722076416015625 53.6148223876953125 53.603481292724609375 53.595500946044921875 53.589168548583984375 53.58686065673828125 53.58618927001953125 53.58272552490234375 53.5819244384765625 53.5947265625 53.595458984375 53.590087890625 53.5740966796875 53.566585540771484375 53.562252044677734375 53.5578460693359375 53.544647216796875 53.534820556640625 53.51306915283203125 53.495769500732421875 53.4808502197265625 53.462535858154296875 53.446651458740234375 53.44368743896484375 53.431415557861328125 53.41428375244140625 53.397121429443359375 53.373332977294921875 53.36046600341796875 53.350704193115234375
53.76734161376953125 53.76214599609375 53.757839202880859375 53.748142242431640625 53.73831939697265625 53.72388458251953125 53.7118072509765625 53.701763153076171875 53.696929931640625 53.688232421875 53.67449188232421875 53.65875244140625 53.64368438720703125 53.646472930908203125 53.640827178955078125 53.627300262451171875 53.6213531494140625 53.607753753662109375 53.5965423583984375 53.58734130859375 53.5831756591796875 53.57967376708984375 53.57794952392578125 53.57898712158203125 53.58988189697265625 53.59531402587890625 53.59407806396484375 53.5824127197265625 53.57581329345703125 53.566650390625 53.56067657470703125 53.54198455810546875 53.5319366455078125 53.514942169189453125 53.495563507080078125 53.47919464111328125 53.462268829345703125 53.45056915283203125 53.448272705078125 53.4304351806640625 53.4144287109375 53.393283843994140625 53.370914459228515625 53.358978271484375 53.3507843017578125
53.769443511962890625 53.76412200927734375 53.7608184814453125 53.75051116943359375 53.73926544189453125 53.72246551513671875 53.7105865478515625 53.699748992919921875 53.69382476806640625 53.68231201171875 53.66681671142578125 53.65352630615234375 53.63474273681640625 53.649806976318359375 53.64040374755859375 53.629917144775390625 53.62390899658203125 53.609439849853515625 53.596500396728515625 53.587200164794921875 53.58312225341796875 53.57799530029296875 53.575839996337890625 53.5793609619140625 53.5872039794921875 53.590335845947265625 53.5908660888671875 53.5861663818359375 53.581401824951171875 53.571857452392578125 53.56465911865234375 53.544933319091796875 53.535610198974609375 53.520587921142578125 53.4972076416015625 53.480602264404296875 53.4652862548828125 53.460117340087890625 53.456333160400390625 53.4297027587890625 53.41347503662109375 53.393131256103515625 53.37163543701171875 53.361545562744140625 53.35507965087890625
53.777248382568359375 53.770069122314453125 53.765697479248046875 53.75249481201171875 53.73809051513671875 53.71912384033203125 53.70623779296875 53.694095611572265625 53.68791961669921875 53.675266265869140625 53.659427642822265625 53.6468963623046875 53.626865386962890625 53.613033294677734375 53.6345977783203125 53.633510589599609375 53.627597808837890625 53.610744476318359375 53.597545623779296875 53.58753204345703125 53.58342742919921875 53.57872772216796875 53.576633453369140625 53.5778350830078125 53.58306121826171875 53.58573150634765625 53.586894989013671875 53.586483001708984375 53.584560394287109375 53.57572174072265625 53.562713623046875 53.5474700927734375 53.539241790771484375 53.524356842041015625 53.49970245361328125 53.48389434814453125 53.47492218017578125 53.463409423828125 53.4545440673828125 53.42852020263671875 53.41359710693359375 53.39478302001953125 53.376262664794921875 53.364719390869140625 53.35730743408203125
