INPUT/RASTER/ASCII/BIO13.asc
ncols        225
nrows        269
xllcorner    473000.000000000000
yllcorner    4429100.000000000000
cellsize     50.000000000000
NODATA_value -9999
[rows 180 to 199 of 269, columns 135 to 179 of 225]
103.61456298828125 103.02816009521484375 102.6958160400390625 102.5741119384765625 102.28421783447265625 102.0676422119140625 101.95953369140625 101.8284912109375 101.87505340576171875 101.96764373779296875 102.07541656494140625 102.19422149658203125 102.295623779296875 102.3132781982421875 102.374053955078125 102.42071533203125 102.35341644287109375 102.334442138671875 102.42404937744140625 102.83821868896484375 103.193511962890625 103.423614501953125 103.5379486083984375 103.52414703369140625 103.2414093017578125 103.10831451416015625 102.83744049072265625 102.68982696533203125 102.571990966796875 102.4037322998046875 102.3386077880859375 102.41162109375 102.5210113525390625 102.59734344482421875 102.71671295166015625 102.7965850830078125 102.84487152099609375 102.8625640869140625 102.86421966552734375 102.83785247802734375 102.7952117919921875 102.7313995361328125 102.72853851318359375 102.7261505126953125 102.7353057861328125
103.6985626220703125 103.10253143310546875 102.64276123046875 102.4804229736328125 102.05104827880859375 101.81676483154296875 101.67841339111328125 101.563995361328125 101.577392578125 101.68881988525390625 101.9340667724609375 102.2004852294921875 102.43466949462890625 102.5411834716796875 102.65200042724609375 102.7034149169921875 102.66729736328125 102.603515625 102.57393646240234375 102.82781219482421875 103.12076568603515625 103.29700469970703125 103.37635040283203125 103.3152008056640625 103.1003570556640625 102.95305633544921875 102.71967315673828125 102.6035308837890625 102.5059051513671875 102.37215423583984375 102.34751129150390625 102.386688232421875 102.48264312744140625 102.5557861328125 102.6920318603515625 102.76799774169921875 102.83756256103515625 102.872100830078125 102.8484954833984375 102.76122283935546875 102.733795166015625 102.668487548828125 102.64553070068359375 102.64649200439453125 102.6519317626953125
103.85948944091796875 103.1275787353515625 102.46202850341796875 102.23809814453125 101.60993194580078125 101.362640380859375 101.26158905029296875 101.19890594482421875 101.2102508544921875 101.51676177978515625 101.9725189208984375 102.53382110595703125 103.0339202880859375 103.33673095703125 103.5837249755859375 103.6241302490234375 103.61534881591796875 103.2576751708984375 103.1028900146484375 103.10349273681640625 103.2280731201171875 103.3421630859375 103.40166473388671875 103.25284576416015625 102.9343109130859375 102.74643707275390625 102.5330963134765625 102.4444122314453125 102.38303375244140625 102.329345703125 102.33075714111328125 102.3630828857421875 102.419403076171875 102.4698028564453125 102.5673065185546875 102.673614501953125 102.76531219482421875 102.781646728515625 102.7609710693359375 102.71599578857421875 102.68042755126953125 102.6096038818359375 102.578216552734375 102.57364654541015625 102.6136016845703125
103.8748931884765625 103.10956573486328125 102.39305877685546875 102.1305084228515625 101.4402923583984375 101.248291015625 101.19306182861328125 101.22821044921875 101.307586669921875 101.6541595458984375 102.111297607421875 102.7431640625 103.41890716552734375 103.99561309814453125 104.43848419189453125 104.3715667724609375 104.2392578125 103.676971435546875 103.4250946044921875 103.37450408935546875 103.3944549560546875 103.47776031494140625 103.47918701171875 103.241851806640625 102.8751373291015625 102.65126800537109375 102.438079833984375 102.357940673828125 102.30979156494140625 102.2770843505859375 102.28768157958984375 102.3487091064453125 102.4082183837890625 102.42713165283203125 102.5082855224609375 102.58174896240234375 102.69632720947265625 102.7500152587890625 102.70928192138671875 102.68438720703125 102.61114501953125 102.5506744384765625 102.51256561279296875 102.50557708740234375 102.56838226318359375
103.7739715576171875 103.0399017333984375 102.28237152099609375 101.9954833984375 101.29062652587890625 101.1885528564453125 101.2376251220703125 101.38735198974609375 101.5149078369140625 101.835205078125 102.236328125 102.8773956298828125 103.687591552734375 104.4619293212890625 105.02515411376953125 105.02320098876953125 104.7347412109375 104.06884765625 103.76328277587890625 103.650115966796875 103.6154632568359375 103.6717987060546875 103.5771636962890625 103.21504974365234375 102.822723388671875 102.59515380859375 102.42067718505859375 102.362823486328125 102.252197265625 102.245269775390625 102.2535400390625 102.31092071533203125 102.36962890625 102.388763427734375 102.4560394287109375 102.54082489013671875 102.63549041748046875 102.69097900390625 102.6642608642578125 102.6253814697265625 102.5701751708984375 102.51904296875 102.47367095947265625 102.43506622314453125 102.468414306640625
103.556732177734375 102.87305450439453125 102.21639251708984375 101.853546142578125 101.20319366455078125 101.16294097900390625 101.3729400634765625 101.6011199951171875 101.76633453369140625 102.00447845458984375 102.32025146484375 102.9349517822265625 103.7510833740234375 104.45595550537109375 104.972198486328125 105.0730743408203125 104.93430328369140625 104.3786163330078125 104.09820556640625 103.94950103759765625 103.8295745849609375 103.81679534912109375 103.586181640625 103.14347076416015625 102.77025604248046875 102.535400390625 102.36318206787109375 102.324066162109375 102.20906829833984375 102.206573486328125 102.21738433837890625 102.2777252197265625 102.3378143310546875 102.35628509521484375 102.42425537109375 102.494354248046875 102.56744384765625 102.63189697265625 102.59542083740234375 102.5663299560546875 102.52433013916015625 102.48736572265625 102.41077423095703125 102.368072509765625 102.375244140625
103.141143798828125 102.40819549560546875 102.05197906494140625 101.567962646484375 101.14044952392578125 101.19879150390625 101.5470428466796875 101.8626861572265625 102.102020263671875 102.222412109375 102.38360595703125 102.97071075439453125 103.6845855712890625 104.325836181640625 104.8303375244140625 104.93828582763671875 104.927886962890625 104.6951446533203125 104.43857574462890625 104.1962432861328125 104.0231170654296875 103.898681640625 103.55411529541015625 103.04256439208984375 102.71089935302734375 102.49088287353515625 102.32840728759765625 102.29210662841796875 102.168426513671875 102.147308349609375 102.17871856689453125 102.25279998779296875 102.3127899169921875 102.343536376953125 102.419769287109375 102.48065948486328125 102.51959228515625 102.55224609375 102.51471710205078125 102.5072174072265625 102.455535888671875 102.40777587890625 102.35485076904296875 102.31072235107421875 102.32305145263671875
102.19283294677734375 101.5976715087890625 101.5976715087890625 101.187286376953125 101.0847320556640625 101.29003143310546875 101.7621307373046875 102.30275726318359375 102.4396820068359375 102.504180908203125 102.5289306640625 103.066070556640625 103.6590423583984375 104.2885589599609375 104.8087921142578125 104.8649444580078125 104.872894287109375 104.7654571533203125 104.51983642578125 104.2678985595703125 104.066162109375 103.8571929931640625 103.45362091064453125 102.92765045166015625 102.65148162841796875 102.4366302490234375 102.269073486328125 102.2600860595703125 102.11299896240234375 102.122161865234375 102.1644744873046875 102.2498626708984375 102.3082275390625 102.34571075439453125 102.4220733642578125 102.4425048828125 102.45368194580078125 102.48622894287109375 102.4127960205078125 102.44806671142578125 102.346954345703125 102.3418121337890625 102.2613677978515625 102.25104522705078125 102.27081298828125
100.9788970947265625 101.22162628173828125 101.19344329833984375 101.22484588623046875 101.1494598388671875 101.526092529296875 101.96208953857421875 102.8125152587890625 102.81390380859375 102.9792022705078125 103.09969329833984375 103.3023529052734375 103.81629180908203125 104.4260711669921875 104.73467254638671875 104.77618408203125 104.76403045654296875 104.61403656005859375 104.4299774169921875 104.294525146484375 104.00940704345703125 103.8938751220703125 103.34568023681640625 102.824951171875 102.5641937255859375 102.3377227783203125 102.1959381103515625 102.1490020751953125 102.0492706298828125 102.07958984375 102.185211181640625 102.2420196533203125 102.28631591796875 102.30792999267578125 102.3592071533203125 102.3763885498046875 102.3719482421875 102.338043212890625 102.2905426025390625 102.258941650390625 102.2091827392578125 102.168731689453125 102.1304779052734375 102.1721954345703125 102.2072296142578125
100.603973388671875 100.88042449951171875 100.9183502197265625 101.114898681640625 101.2181854248046875 101.66414642333984375 102.220062255859375 103.10791778564453125 103.23482513427734375 103.57859039306640625 103.8138427734375 103.737701416015625 104.116912841796875 104.35637664794921875 104.58795928955078125 104.58465576171875 104.62195587158203125 104.499114990234375 104.3962554931640625 104.21613311767578125 104.01894378662109375 103.82643890380859375 103.35869598388671875 102.89231109619140625 102.597808837890625 102.3728179931640625 102.18042755126953125 102.1177520751953125 102.02219390869140625 102.02106475830078125 102.1236114501953125 102.21646881103515625 102.2278900146484375 102.2641143798828125 102.2598114013671875 102.303558349609375 102.28835296630859375 102.22847747802734375 102.20660400390625 102.12891387939453125 102.099700927734375 102.045623779296875 102.0668487548828125 102.1038360595703125 102.1354827880859375
100.28366851806640625 100.60120391845703125 100.68698883056640625 100.9385528564453125 101.2149810791015625 101.75426483154296875 102.43454742431640625 103.3690643310546875 103.55417633056640625 103.9637298583984375 104.2118072509765625 104.114837646484375 104.296173095703125 104.4035186767578125 104.53112030029296875 104.5178375244140625 104.54547119140625 104.452880859375 104.361358642578125 104.19016265869140625 104.006378173828125 103.8613128662109375 103.4151611328125 102.93769073486328125 102.620147705078125 102.3885498046875 102.19256591796875 102.13330841064453125 101.99074554443359375 101.961456298828125 102.046661376953125 102.1373138427734375 102.1204986572265625 102.17127227783203125 102.1456146240234375 102.19136810302734375 102.16648101806640625 102.114349365234375 102.09607696533203125 101.9738006591796875 101.96010589599609375 101.8745574951171875 101.9744415283203125 102.05062103271484375 102.0431365966796875
100.0453338623046875 100.40373992919921875 100.55129241943359375 100.82677459716796875 101.2067718505859375 101.83748626708984375 102.58446502685546875 103.51390838623046875 103.762359619140625 104.23603057861328125 104.41827392578125 104.3494873046875 104.38648223876953125 104.44255828857421875 104.4854888916015625 104.4783172607421875 104.47298431396484375 104.399749755859375 104.3364715576171875 104.191802978515625 104.0325469970703125 103.89251708984375 103.4373779296875 102.9518890380859375 102.642425537109375 102.42218017578125 102.21649169921875 102.1488037109375 101.97391510009765625 101.8949737548828125 101.9355621337890625 101.9749298095703125 101.9515228271484375 102.016876220703125 102.01769256591796875 102.03469085693359375 101.9634552001953125 102.0150604248046875 101.96106719970703125 101.8323211669921875 101.7933502197265625 101.7262725830078125 101.90380859375 102.0028533935546875 101.976959228515625
99.99155426025390625 100.3555145263671875 100.5385894775390625 100.84320831298828125 101.29846954345703125 101.9206390380859375 102.66449737548828125 103.515106201171875 103.8047943115234375 104.3214569091796875 104.39904022216796875 104.39029693603515625 104.3741607666015625 104.4090423583984375 104.4354248046875 104.425048828125 104.418212890625 104.3602294921875 104.28498077392578125 104.1455230712890625 103.99576568603515625 103.86466217041015625 103.4116668701171875 102.9165496826171875 102.623626708984375 102.4425506591796875 102.240203857421875 102.17108917236328125 101.99505615234375 101.87628936767578125 101.83358001708984375 101.8198394775390625 101.7756500244140625 101.8274688720703125 101.82135009765625 101.8291778564453125 101.74665069580078125 101.8480377197265625 101.84949493408203125 101.73180389404296875 101.6338653564453125 101.59844970703125 101.80780792236328125 101.91353607177734375 101.88338470458984375
100.040252685546875 100.38100433349609375 100.5600128173828125 100.885498046875 101.36759185791015625 101.901153564453125 102.58405303955078125 103.37947845458984375 103.65648651123046875 104.1785430908203125 104.2908477783203125 104.3259124755859375 104.3275909423828125 104.35454559326171875 104.36022186279296875 104.3580474853515625 104.333251953125 104.279632568359375 104.2171173095703125 104.0786590576171875 104.02396392822265625 103.77272796630859375 103.317535400390625 102.8717498779296875 102.604766845703125 102.4570770263671875 102.29964447021484375 102.241180419921875 102.0542755126953125 101.8849029541015625 101.79018402099609375 101.74068450927734375 101.70229339599609375 101.70281982421875 101.6591339111328125 101.63701629638671875 101.50928497314453125 101.57018280029296875 101.69451904296875 101.56287384033203125 101.46744537353515625 101.45691680908203125 101.6571044921875 101.7568359375 101.71456146240234375
100.65026092529296875 100.6309661865234375 100.6710205078125 100.85088348388671875 101.27939605712890625 101.732086181640625 102.31235504150390625 103.03964996337890625 103.264862060546875 103.74492645263671875 104.0264129638671875 104.15050506591796875 104.1932373046875 104.204864501953125 104.2151336669921875 104.217010498046875 104.1733551025390625 104.1182403564453125 104.03462982177734375 103.91058349609375 103.8525390625 103.57120513916015625 103.12908935546875 102.76328277587890625 102.5532073974609375 102.44830322265625 102.33545684814453125 102.29915618896484375 102.17034912109375 102.045562744140625 101.94205474853515625 101.83602142333984375 101.7195281982421875 101.6562957763671875 101.567047119140625 101.5153045654296875 101.33526611328125 101.2527008056640625 101.284759521484375 101.279571533203125 101.3115692138671875 101.3856658935546875 101.505035400390625 101.508209228515625 101.438323974609375
100.9107208251953125 100.79779815673828125 100.7606048583984375 100.89420318603515625 101.3258819580078125 101.71924591064453125 102.26674652099609375 102.98587799072265625 103.21198272705078125 103.694549560546875 103.9795684814453125 104.07755279541015625 104.1259613037109375 104.1240386962890625 104.13253021240234375 104.1361541748046875 104.0787353515625 104.0306243896484375 103.94573974609375 103.8367156982421875 103.7618865966796875 103.48370361328125 103.0621337890625 102.72121429443359375 102.52734375 102.42507171630859375 102.3288421630859375 102.2938690185546875 102.19261932373046875 102.0950469970703125 102.030670166015625 101.947540283203125 101.81695556640625 101.72893524169921875 101.6029815673828125 101.533233642578125 101.337066650390625 101.170684814453125 101.11821746826171875 101.1515350341796875 101.17303466796875 101.243988037109375 101.3311004638671875 101.4024200439453125 101.4334716796875
101.01385498046875 100.9994964599609375 100.95269775390625 101.20517730712890625 101.5823211669921875 101.81573486328125 102.31305694580078125 102.952545166015625 103.15660858154296875 103.63191986083984375 103.9258270263671875 104.00870513916015625 104.038116455078125 104.03839874267578125 104.037872314453125 104.0552215576171875 103.99327850341796875 103.9429473876953125 103.8380126953125 103.72176361083984375 103.620269775390625 103.3809814453125 102.9951171875 102.6956329345703125 102.521942138671875 102.41715240478515625 102.3109283447265625 102.27486419677734375 102.17372894287109375 102.09661865234375 102.0294036865234375 101.95449066162109375 101.8527984619140625 101.77509307861328125 101.6457061767578125 101.5576171875 101.3524932861328125 101.17440032958984375 101.0543365478515625 101.0507965087890625 101.0384368896484375 101.1296234130859375 101.23018646240234375 101.34340667724609375 101.40805816650390625
101.2057952880859375 101.36473846435546875 101.308807373046875 101.67806243896484375 102.02068328857421875 102.076263427734375 102.5320281982421875 102.9738616943359375 103.15303802490234375 103.5659332275390625 103.86518096923828125 103.934661865234375 103.97072601318359375 103.9422454833984375 103.943145751953125 103.9674072265625 103.89342498779296875 103.84836578369140625 103.7190399169921875 103.57940673828125 103.47476959228515625 103.2676849365234375 102.989593505859375 102.704864501953125 102.5096435546875 102.395751953125 102.301025390625 102.26947021484375 102.14104461669921875 102.0707855224609375 101.997100830078125 101.92417144775390625 101.840728759765625 101.774139404296875 101.6678619384765625 101.5690765380859375 101.402069091796875 101.2430877685546875 101.03672027587890625 100.99103546142578125 100.96439361572265625 101.08359527587890625 101.25278472900390625 101.33890533447265625 101.3757781982421875
101.534423828125 101.83880615234375 101.7400665283203125 102.16863250732421875 102.47347259521484375 102.4734649658203125 102.84839630126953125 103.07032012939453125 103.22393035888671875 103.524200439453125 103.7907867431640625 103.8279876708984375 103.86907958984375 103.8326263427734375 103.83251953125 103.8726806640625 103.76830291748046875 103.74005126953125 103.5822906494140625 103.4506683349609375 103.35576629638671875 103.180999755859375 102.9566497802734375 102.681121826171875 102.4904632568359375 102.36011505126953125 102.26561737060546875 102.2435302734375 102.1039886474609375 102.0380706787109375 101.962249755859375 101.8773193359375 101.80126953125 101.73676300048828125 101.66947174072265625 101.57822418212890625 101.43108367919921875 101.2619171142578125 101.01084136962890625 100.958587646484375 100.944244384765625 101.11956787109375 101.34365081787109375 101.35811614990234375 101.3502960205078125
102.13321685791015625 102.4105682373046875 102.48255157470703125 102.7327423095703125 102.8768310546875 103.04180145263671875 103.1658782958984375 103.29351043701171875 103.3451995849609375 103.4554595947265625 103.6380767822265625 103.704559326171875 103.70281982421875 103.708038330078125 103.6887969970703125 103.6826324462890625 103.62435150146484375 103.61118316650390625 103.441619873046875 103.3423919677734375 103.2525177001953125 103.1028900146484375 102.9236602783203125 102.63092041015625 102.45754241943359375 102.29552459716796875 102.1862945556640625 102.1901702880859375 102.05426025390625 102.00531005859375 101.930328369140625 101.83634185791015625 101.76175689697265625 101.7302093505859375 101.6710205078125 101.5799560546875 101.425872802734375 101.22113037109375 100.949981689453125 100.92609405517578125 100.93399810791015625 101.230712890625 101.3119049072265625 101.3055419921875 101.30425262451171875
