INPUT/RASTER/ASCII/BIO11.asc
ncols        225
nrows        269
xllcorner    473000.000000000000
yllcorner    4429100.000000000000
cellsize     50.000000000000
NODATA_value -9999
[rows 140 to 159 of 269, columns 44 to 87 of 225]
9.3856592178344726562 9.3794126510620117188 9.37823486328125 9.376384735107421875 9.377490997314453125 9.3772192001342773438 9.3801221847534179688 9.3828554153442382812 9.379055023193359375 9.3711185455322265625 9.3584079742431640625 9.3523321151733398438 9.3488864898681640625 9.3617534637451171875 9.37126922607421875 9.4207172393798828125 9.443511962890625 9.445892333984375 9.4227085113525390625 9.41065216064453125 9.4044322967529296875 9.406322479248046875 9.40328216552734375 9.3376636505126953125 9.3222951889038085938 9.321636199951171875 9.3191814422607421875 9.3081293106079101562 9.2775478363037109375 9.2596349716186523438 9.2576427459716796875 9.2596035003662109375 9.2618074417114257812 9.2625951766967773438 9.2584743499755859375 9.2487459182739257812 9.2425861358642578125 9.2249517440795898438 9.2174310684204101562 9.2120227813720703125 9.2088670730590820312 9.217529296875 9.2061414718627929688 9.209949493408203125
9.3904514312744140625 9.3838338851928710938 9.3893413543701171875 9.386684417724609375 9.387714385986328125 9.386150360107421875 9.3868532180786132812 9.386898040771484375 9.3845796585083007812 9.3801202774047851562 9.3724460601806640625 9.3704423904418945312 9.3652353286743164062 9.3655910491943359375 9.3695526123046875 9.3903760910034179688 9.419658660888671875 9.4462890625 9.432979583740234375 9.42357635498046875 9.4168004989624023438 9.3736858367919921875 9.3461761474609375 9.3295230865478515625 9.3348588943481445312 9.32989501953125 9.316791534423828125 9.3044347763061523438 9.288196563720703125 9.2768888473510742188 9.2617120742797851562 9.2649908065795898438 9.2669649124145507812 9.270122528076171875 9.268009185791015625 9.2598247528076171875 9.2507381439208984375 9.2356786727905273438 9.2322673797607421875 9.2254533767700195312 9.224903106689453125 9.2287702560424804688 9.220458984375 9.2236337661743164062
9.4094181060791015625 9.3980770111083984375 9.3977069854736328125 9.3949337005615234375 9.393463134765625 9.3916921615600585938 9.3911561965942382812 9.3904504776000976562 9.3885107040405273438 9.384563446044921875 9.3800830841064453125 9.3768339157104492188 9.3723659515380859375 9.3690395355224609375 9.3713245391845703125 9.3814477920532226562 9.3968515396118164062 9.4376668930053710938 9.4394989013671875 9.4282865524291992188 9.4107685089111328125 9.3351602554321289062 9.3344707489013671875 9.334644317626953125 9.3362884521484375 9.3366947174072265625 9.3244981765747070312 9.307464599609375 9.2934427261352539062 9.287078857421875 9.2781915664672851562 9.2685375213623046875 9.2714853286743164062 9.2749414443969726562 9.2762451171875 9.2662935256958007812 9.259304046630859375 9.2451391220092773438 9.2395582199096679688 9.235027313232421875 9.2338504791259765625 9.2349720001220703125 9.23175048828125 9.2340993881225585938
9.423717498779296875 9.4117183685302734375 9.4092187881469726562 9.4052734375 9.398754119873046875 9.3951549530029296875 9.3946466445922851562 9.3935556411743164062 9.3920307159423828125 9.3889942169189453125 9.3849725723266601562 9.3790760040283203125 9.3747892379760742188 9.3711681365966796875 9.3729705810546875 9.384929656982421875 9.4009952545166015625 9.415802001953125 9.4474506378173828125 9.3922834396362304688 9.347896575927734375 9.3429412841796875 9.3405771255493164062 9.3374071121215820312 9.3347949981689453125 9.3393011093139648438 9.3369607925415039062 9.3178014755249023438 9.3016729354858398438 9.2947816848754882812 9.2915601730346679688 9.2820768356323242188 9.2752971649169921875 9.278888702392578125 9.2789592742919921875 9.2745494842529296875 9.2658948898315429688 9.2517728805541992188 9.2461795806884765625 9.2431249618530273438 9.2407083511352539062 9.2420358657836914062 9.2399806976318359375 9.2407169342041015625
9.4356050491333007812 9.4269123077392578125 9.4235630035400390625 9.41632080078125 9.406650543212890625 9.4023456573486328125 9.39925384521484375 9.397090911865234375 9.3963031768798828125 9.392974853515625 9.3889379501342773438 9.3821935653686523438 9.37798309326171875 9.3762407302856445312 9.3792352676391601562 9.3959369659423828125 9.4117422103881835938 9.4200696945190429688 9.3917140960693359375 9.3537731170654296875 9.3507404327392578125 9.349834442138671875 9.3481540679931640625 9.3432817459106445312 9.3403329849243164062 9.3449048995971679688 9.342132568359375 9.3276319503784179688 9.3072977066040039062 9.3021917343139648438 9.2975664138793945312 9.2964382171630859375 9.2820367813110351562 9.277896881103515625 9.2823505401611328125 9.2826318740844726562 9.270702362060546875 9.2563610076904296875 9.250194549560546875 9.24787139892578125 9.24649810791015625 9.246463775634765625 9.245265960693359375 9.2447071075439453125
9.4489049911499023438 9.4409971237182617188 9.4335231781005859375 9.4266328811645507812 9.4158477783203125 9.4094285964965820312 9.4046039581298828125 9.4019269943237304688 9.4014110565185546875 9.3973827362060546875 9.3928785324096679688 9.386623382568359375 9.3830089569091796875 9.3821191787719726562 9.385959625244140625 9.4110288619995117188 9.4276561737060546875 9.4174280166625976562 9.3295726776123046875 9.3382625579833984375 9.3489427566528320312 9.3545751571655273438 9.3534002304077148438 9.350093841552734375 9.34712982177734375 9.3497772216796875 9.3474636077880859375 9.3358745574951171875 9.31569671630859375 9.3097543716430664062 9.3039302825927734375 9.3012094497680664062 9.2946262359619140625 9.2872772216796875 9.2873258590698242188 9.2870960235595703125 9.2737874984741210938 9.259830474853515625 9.2546062469482421875 9.2549638748168945312 9.2538089752197265625 9.2530384063720703125 9.252285003662109375 9.24825286865234375
9.4659452438354492188 9.456821441650390625 9.4461498260498046875 9.4370822906494140625 9.4243898391723632812 9.4178676605224609375 9.4105205535888671875 9.4058780670166015625 9.40503692626953125 9.4004688262939453125 9.3965654373168945312 9.3897247314453125 9.3878927230834960938 9.3889923095703125 9.3925628662109375 9.427410125732421875 9.44370269775390625 9.3712177276611328125 9.3329191207885742188 9.3232212066650390625 9.3264150619506835938 9.3563365936279296875 9.3570995330810546875 9.358913421630859375 9.3531360626220703125 9.357501983642578125 9.3588705062866210938 9.3508090972900390625 9.3279085159301757812 9.3193731307983398438 9.3081731796264648438 9.3014507293701171875 9.2991237640380859375 9.3006839752197265625 9.3015804290771484375 9.298095703125 9.278560638427734375 9.2666788101196289062 9.2615900039672851562 9.2644367218017578125 9.2604646682739257812 9.2634992599487304688 9.262577056884765625 9.2582569122314453125
9.4727621078491210938 9.4631147384643554688 9.4571256637573242188 9.4526462554931640625 9.437152862548828125 9.4343137741088867188 9.4259357452392578125 9.4102535247802734375 9.4148664474487304688 9.4031124114990234375 9.400547027587890625 9.3932590484619140625 9.3944253921508789062 9.39835357666015625 9.4017496109008789062 9.4182939529418945312 9.4098939895629882812 9.3578281402587890625 9.3364124298095703125 9.325878143310546875 9.3267335891723632812 9.3417072296142578125 9.3540897369384765625 9.3705959320068359375 9.3748836517333984375 9.3752298355102539062 9.3705902099609375 9.3652963638305664062 9.344486236572265625 9.33026123046875 9.3079204559326171875 9.3068590164184570312 9.309906005859375 9.3139476776123046875 9.3223485946655273438 9.318416595458984375 9.2940120697021484375 9.282360076904296875 9.2754640579223632812 9.2808990478515625 9.2797718048095703125 9.2815904617309570312 9.2801923751831054688 9.2770137786865234375
9.47522735595703125 9.4690990447998046875 9.4664592742919921875 9.4623193740844726562 9.456417083740234375 9.45507049560546875 9.442615509033203125 9.4368638992309570312 9.4317102432250976562 9.41413116455078125 9.4107675552368164062 9.4007358551025390625 9.4036426544189453125 9.4111089706420898438 9.416103363037109375 9.3822603225708007812 9.3796405792236328125 9.3617420196533203125 9.3430280685424804688 9.3350400924682617188 9.3358602523803710938 9.3335399627685546875 9.3416194915771484375 9.3781766891479492188 9.3830804824829101562 9.3815402984619140625 9.3798236846923828125 9.3643512725830078125 9.345123291015625 9.32784271240234375 9.3164453506469726562 9.3111572265625 9.3142213821411132812 9.3169612884521484375 9.3238077163696289062 9.3281164169311523438 9.310302734375 9.2909879684448242188 9.2843866348266601562 9.2900228500366210938 9.28868865966796875 9.2898092269897460938 9.287448883056640625 9.2848377227783203125
9.481441497802734375 9.4745645523071289062 9.475719451904296875 9.469669342041015625 9.4654083251953125 9.4602804183959960938 9.4554891586303710938 9.4476604461669921875 9.4438323974609375 9.4345331192016601562 9.4240283966064453125 9.4185895919799804688 9.4194431304931640625 9.388324737548828125 9.3762969970703125 9.3926210403442382812 9.3866786956787109375 9.3652200698852539062 9.3527021408081054688 9.346759796142578125 9.3462429046630859375 9.34807586669921875 9.3492374420166015625 9.3643388748168945312 9.3825130462646484375 9.3757753372192382812 9.3698577880859375 9.3610696792602539062 9.3423213958740234375 9.3318004608154296875 9.3254270553588867188 9.3178310394287109375 9.3195905685424804688 9.318546295166015625 9.3272380828857421875 9.3365602493286132812 9.327243804931640625 9.3044061660766601562 9.2907428741455078125 9.295238494873046875 9.2935123443603515625 9.2949132919311523438 9.2933444976806640625 9.2895879745483398438
9.486209869384765625 9.481609344482421875 9.4820346832275390625 9.4756946563720703125 9.472171783447265625 9.465728759765625 9.463047027587890625 9.459991455078125 9.4541521072387695312 9.451702117919921875 9.4368963241577148438 9.3919973373413085938 9.3865327835083007812 9.3715848922729492188 9.39251708984375 9.410854339599609375 9.4084291458129882812 9.3779087066650390625 9.3635540008544921875 9.3660411834716796875 9.3602170944213867188 9.3661975860595703125 9.3600435256958007812 9.3589878082275390625 9.3579702377319335938 9.36981964111328125 9.3665609359741210938 9.3561553955078125 9.3412618637084960938 9.3356142044067382812 9.3349609375 9.330104827880859375 9.3285388946533203125 9.326305389404296875 9.335063934326171875 9.3421154022216796875 9.3370800018310546875 9.321666717529296875 9.3088226318359375 9.3006496429443359375 9.300601959228515625 9.299285888671875 9.2975635528564453125 9.294769287109375
9.4912672042846679688 9.4877233505249023438 9.487751007080078125 9.4811305999755859375 9.4741840362548828125 9.4690713882446289062 9.4661951065063476562 9.4644937515258789062 9.4624128341674804688 9.4634876251220703125 9.445278167724609375 9.365360260009765625 9.3681812286376953125 9.3907070159912109375 9.4067621231079101562 9.425754547119140625 9.4130649566650390625 9.391674041748046875 9.3835353851318359375 9.3833866119384765625 9.372966766357421875 9.37442779541015625 9.3695287704467773438 9.36008453369140625 9.34653472900390625 9.3549203872680664062 9.3636121749877929688 9.357086181640625 9.350215911865234375 9.3426523208618164062 9.3412065505981445312 9.34055328369140625 9.335269927978515625 9.3361177444458007812 9.340625762939453125 9.3467559814453125 9.3421611785888671875 9.3261852264404296875 9.3229465484619140625 9.3160648345947265625 9.3068141937255859375 9.30352020263671875 9.3007965087890625 9.29950714111328125
9.4969310760498046875 9.4923124313354492188 9.4923315048217773438 9.486812591552734375 9.47991943359375 9.4731340408325195312 9.4700832366943359375 9.46868896484375 9.4708395004272460938 9.4755764007568359375 9.4156446456909179688 9.3854770660400390625 9.383617401123046875 9.40303802490234375 9.413890838623046875 9.4285001754760742188 9.417697906494140625 9.4030218124389648438 9.3960733413696289062 9.3933849334716796875 9.3872690200805664062 9.3905029296875 9.3778162002563476562 9.365818023681640625 9.35065460205078125 9.3447399139404296875 9.344081878662109375 9.362369537353515625 9.3574085235595703125 9.3497571945190429688 9.3465585708618164062 9.347866058349609375 9.3438549041748046875 9.344654083251953125 9.3481225967407226562 9.3527917861938476562 9.34427642822265625 9.3306913375854492188 9.3280363082885742188 9.325893402099609375 9.3183422088623046875 9.3069696426391601562 9.3039407730102539062 9.302089691162109375
9.5034112930297851562 9.4983367919921875 9.4968967437744140625 9.4895172119140625 9.482288360595703125 9.4773836135864257812 9.4810838699340820312 9.4829254150390625 9.4781103134155273438 9.43663787841796875 9.4417886734008789062 9.4491100311279296875 9.4271783828735351562 9.4204044342041015625 9.428195953369140625 9.4337072372436523438 9.4293212890625 9.4144277572631835938 9.4061832427978515625 9.4080629348754882812 9.404144287109375 9.4041681289672851562 9.3973598480224609375 9.384349822998046875 9.3666601181030273438 9.3596639633178710938 9.3623285293579101562 9.352832794189453125 9.354450225830078125 9.3604745864868164062 9.35713958740234375 9.36022186279296875 9.3568124771118164062 9.3624467849731445312 9.3610086441040039062 9.359157562255859375 9.3514041900634765625 9.3407812118530273438 9.339824676513671875 9.3352308273315429688 9.3344707489013671875 9.325977325439453125 9.3110551834106445312 9.3101749420166015625
9.5119905471801757812 9.5064439773559570312 9.504192352294921875 9.4944562911987304688 9.4884815216064453125 9.4856424331665039062 9.4894199371337890625 9.4910306930541992188 9.4398660659790039062 9.4673566818237304688 9.4798097610473632812 9.477855682373046875 9.4568805694580078125 9.4379253387451171875 9.4432849884033203125 9.44229888916015625 9.4294080734252929688 9.4179286956787109375 9.4104928970336914062 9.4097957611083984375 9.40882110595703125 9.4087848663330078125 9.407978057861328125 9.394535064697265625 9.3816585540771484375 9.3713941574096679688 9.3694181442260742188 9.3596296310424804688 9.35332489013671875 9.3617010116577148438 9.3638124465942382812 9.3647747039794921875 9.3647928237915039062 9.369754791259765625 9.3707494735717773438 9.36379241943359375 9.35556793212890625 9.346858978271484375 9.3448476791381835938 9.341064453125 9.3399209976196289062 9.3363666534423828125 9.3273820877075195312 9.3156642913818359375
9.5188779830932617188 9.514209747314453125 9.5098276138305664062 9.5008955001831054688 9.493778228759765625 9.493709564208984375 9.45943450927734375 9.4239416122436523438 9.4565782546997070312 9.4953174591064453125 9.5181398391723632812 9.5067310333251953125 9.4896993637084960938 9.4778470993041992188 9.478588104248046875 9.46840667724609375 9.4347438812255859375 9.419971466064453125 9.411590576171875 9.410289764404296875 9.4099063873291015625 9.4096879959106445312 9.4135103225708007812 9.415111541748046875 9.3991241455078125 9.3837022781372070312 9.3776082992553710938 9.3653879165649414062 9.3583698272705078125 9.3541889190673828125 9.380474090576171875 9.377185821533203125 9.372997283935546875 9.3805179595947265625 9.3830890655517578125 9.370098114013671875 9.3588914871215820312 9.3522253036499023438 9.3515062332153320312 9.3487720489501953125 9.3453474044799804688 9.341976165771484375 9.3392267227172851562 9.329601287841796875
9.5242834091186523438 9.5208730697631835938 9.516574859619140625 9.5081281661987304688 9.5027446746826171875 9.4913587570190429688 9.4447231292724609375 9.4582281112670898438 9.4884548187255859375 9.5210819244384765625 9.5428485870361328125 9.5306549072265625 9.521259307861328125 9.5193424224853515625 9.517261505126953125 9.4988546371459960938 9.4515333175659179688 9.4274740219116210938 9.4170999526977539062 9.41283416748046875 9.4110193252563476562 9.407627105712890625 9.4117870330810546875 9.4215488433837890625 9.4126539230346679688 9.39398193359375 9.385906219482421875 9.3718633651733398438 9.365039825439453125 9.3627490997314453125 9.369716644287109375 9.3928546905517578125 9.3963308334350585938 9.4029941558837890625 9.3960514068603515625 9.3778133392333984375 9.3648529052734375 9.3588876724243164062 9.3581304550170898438 9.356334686279296875 9.3519916534423828125 9.3476209640502929688 9.3445100784301757812 9.3422393798828125
9.5312070846557617188 9.5260467529296875 9.521472930908203125 9.5139398574829101562 9.4779710769653320312 9.456684112548828125 9.4761095046997070312 9.491363525390625 9.51624298095703125 9.537212371826171875 9.5549249649047851562 9.5472888946533203125 9.543453216552734375 9.5371103286743164062 9.5318164825439453125 9.5037603378295898438 9.4597301483154296875 9.432163238525390625 9.420848846435546875 9.417011260986328125 9.4146394729614257812 9.4104900360107421875 9.4155521392822265625 9.4224338531494140625 9.415863037109375 9.3975839614868164062 9.3917369842529296875 9.3819837570190429688 9.373310089111328125 9.3724308013916015625 9.3730516433715820312 9.392139434814453125 9.409515380859375 9.4151554107666015625 9.4086217880249023438 9.3913011550903320312 9.3742885589599609375 9.367443084716796875 9.3647184371948242188 9.363155364990234375 9.357776641845703125 9.3539276123046875 9.34912872314453125 9.3484659194946289062
9.53943634033203125 9.536895751953125 9.5285358428955078125 9.4942407608032226562 9.4575433731079101562 9.4896678924560546875 9.5051116943359375 9.5190629959106445312 9.5399904251098632812 9.5489673614501953125 9.5602750778198242188 9.55773162841796875 9.5541782379150390625 9.5357303619384765625 9.5311250686645507812 9.4963750839233398438 9.458660125732421875 9.4343166351318359375 9.4244184494018554688 9.4198503494262695312 9.4185914993286132812 9.4158792495727539062 9.4195308685302734375 9.422504425048828125 9.4179706573486328125 9.4056673049926757812 9.3995037078857421875 9.3932924270629882812 9.3833646774291992188 9.38314056396484375 9.3886880874633789062 9.3901042938232421875 9.4019479751586914062 9.4236297607421875 9.4104375839233398438 9.3968143463134765625 9.386959075927734375 9.3855066299438476562 9.381900787353515625 9.3745088577270507812 9.362712860107421875 9.3631296157836914062 9.358715057373046875 9.3542490005493164062
9.5498418807983398438 9.5358285903930664062 9.5381155014038085938 9.46805572509765625 9.4793853759765625 9.5156097412109375 9.5295705795288085938 9.5419988632202148438 9.558124542236328125 9.5590486526489257812 9.5683612823486328125 9.5625715255737304688 9.5512914657592773438 9.52356719970703125 9.5170602798461914062 9.493465423583984375 9.4644317626953125 9.4432821273803710938 9.4332904815673828125 9.4238882064819335938 9.4271640777587890625 9.4204311370849609375 9.4237995147705078125 9.4221639633178710938 9.41826629638671875 9.4119634628295898438 9.4073734283447265625 9.403194427490234375 9.395503997802734375 9.3997106552124023438 9.4100809097290039062 9.414142608642578125 9.4123992919921875 9.3984661102294921875 9.4011487960815429688 9.4051847457885742188 9.4011526107788085938 9.4001054763793945312 9.3948955535888671875 9.3958673477172851562 9.3846263885498046875 9.3853120803833007812 9.3823804855346679688 9.380130767822265625
