INPUT/RASTER/ASCII/BIO10.asc
ncols        225
nrows        269
xllcorner    473009.983799999987
yllcorner    4429051.174800000153
cellsize     50.000000000000
NODATA_value  -9999
[rows 171 to 189 of 269, columns 132 to 175 of 225]
25.246618270874023438 25.246784210205078125 25.245016098022460938 25.24831390380859375 25.254812240600585938 25.260204315185546875 25.265825271606445313 25.271703720092773438 25.273983001708984375 25.272775650024414063 25.26953887939453125 25.267927169799804688 25.268619537353515625 25.271585464477539063 25.27423095703125 25.27895355224609375 25.287294387817382813 25.29372406005859375 25.299547195434570313 25.3084564208984375 25.314479827880859375 25.31641387939453125 25.308580398559570313 25.287115097045898438 25.272794723510742188 25.251462936401367188 25.24236297607421875 25.245502471923828125 25.257452011108398438 25.27433013916015625 25.284162521362304688 25.290285110473632813 25.294189453125 25.293695449829101563 25.291530609130859375 25.28897857666015625 25.286426544189453125 25.283296585083007813 25.280229568481445313 25.278741836547851563 25.275997161865234375 25.269895553588867188 25.26813507080078125 25.267442703247070313
25.246248245239257813 25.256544113159179688 25.255960464477539063 25.255197525024414063 25.257442474365234375 25.261415481567382813 25.268230438232421875 25.277362823486328125 25.282337188720703125 25.282886505126953125 25.28095245361328125 25.279645919799804688 25.280523300170898438 25.283617019653320313 25.286069869995117188 25.289342880249023438 25.29508209228515625 25.2999114990234375 25.30445098876953125 25.311674118041992188 25.31615447998046875 25.316295623779296875 25.30670166015625 25.2844696044921875 25.269933700561523438 25.248266220092773438 25.239942550659179688 25.2454681396484375 25.258823394775390625 25.276363372802734375 25.286058425903320313 25.292444229125976563 25.2972259521484375 25.296339035034179688 25.293401718139648438 25.290636062622070313 25.288606643676757813 25.286869049072265625 25.285274505615234375 25.283718109130859375 25.281011581420898438 25.27617645263671875 25.274736404418945313 25.273866653442382813
25.21865081787109375 25.246072769165039063 25.254976272583007813 25.262723922729492188 25.26302337646484375 25.266025543212890625 25.273290634155273438 25.284936904907226563 25.292360305786132813 25.294004440307617188 25.293344497680664063 25.293302536010742188 25.29461669921875 25.297437667846679688 25.298480987548828125 25.299829483032226563 25.303846359252929688 25.30739593505859375 25.31048583984375 25.315450668334960938 25.317462921142578125 25.314540863037109375 25.302103042602539063 25.278995513916015625 25.265096664428710938 25.245677947998046875 25.239532470703125 25.246221542358398438 25.259756088256835938 25.277124404907226563 25.286558151245117188 25.293651580810546875 25.29941558837890625 25.297824859619140625 25.29390716552734375 25.291383743286132813 25.290191650390625 25.288236618041992188 25.286710739135742188 25.28548431396484375 25.283975601196289063 25.281904220581054688 25.2807464599609375 25.279811859130859375
25.191892623901367188 25.21175384521484375 25.231969833374023438 25.258615493774414063 25.263765335083007813 25.27410888671875 25.282442092895507813 25.2944183349609375 25.30248260498046875 25.304187774658203125 25.303722381591796875 25.304656982421875 25.306287765502929688 25.30849456787109375 25.30840301513671875 25.309457778930664063 25.313213348388671875 25.316066741943359375 25.317876815795898438 25.320085525512695313 25.31964874267578125 25.313421249389648438 25.297260284423828125 25.271993637084960938 25.2587890625 25.243410110473632813 25.240476608276367188 25.247835159301757813 25.260854721069335938 25.276943206787109375 25.286443710327148438 25.295074462890625 25.300746917724609375 25.2983551025390625 25.294561386108398438 25.291515350341796875 25.289960861206054688 25.287572860717773438 25.286130905151367188 25.2853240966796875 25.284341812133789063 25.283245086669921875 25.28226470947265625 25.2811431884765625
25.176298141479492188 25.204586029052734375 25.226680755615234375 25.238636016845703125 25.249608993530273438 25.268342971801757813 25.276166915893554688 25.283840179443359375 25.29073333740234375 25.293437957763671875 25.302015304565429688 25.310930252075195313 25.312574386596679688 25.313465118408203125 25.31388092041015625 25.317432403564453125 25.323619842529296875 25.326711654663085938 25.3270263671875 25.325824737548828125 25.322381973266601563 25.314439773559570313 25.296092987060546875 25.268350601196289063 25.254123687744140625 25.238885879516601563 25.237955093383789063 25.247648239135742188 25.261884689331054688 25.276861190795898438 25.286355972290039063 25.295457839965820313 25.301168441772460938 25.298633575439453125 25.29360198974609375 25.2901611328125 25.288629531860351563 25.286128997802734375 25.284191131591796875 25.28331756591796875 25.283147811889648438 25.282022476196289063 25.28108978271484375 25.279842376708984375
25.16009521484375 25.19744110107421875 25.231275558471679688 25.250265121459960938 25.254911422729492188 25.256879806518554688 25.258304595947265625 25.26113128662109375 25.2656097412109375 25.269701004028320313 25.283475875854492188 25.295911788940429688 25.297990798950195313 25.309122085571289063 25.317731857299804688 25.32183074951171875 25.327606201171875 25.33087921142578125 25.3303070068359375 25.32707977294921875 25.32184600830078125 25.312421798706054688 25.294351577758789063 25.268093109130859375 25.254627227783203125 25.240079879760742188 25.239013671875 25.249446868896484375 25.264110565185546875 25.278085708618164063 25.286500930786132813 25.294668197631835938 25.301225662231445313 25.300043106079101563 25.29443359375 25.289903640747070313 25.28801727294921875 25.284864425659179688 25.282419204711914063 25.281457901000976563 25.281078338623046875 25.279865264892578125 25.278850555419921875 25.27785491943359375
25.1517333984375 25.19140625 25.22782135009765625 25.250585556030273438 25.258440017700195313 25.260236740112304688 25.261182785034179688 25.263723373413085938 25.267309188842773438 25.270847320556640625 25.274200439453125 25.275957107543945313 25.276462554931640625 25.288473129272460938 25.298931121826171875 25.3130645751953125 25.326501846313476563 25.328538894653320313 25.328344345092773438 25.3254852294921875 25.319995880126953125 25.309772491455078125 25.292139053344726563 25.26784515380859375 25.25574493408203125 25.243564605712890625 25.244098663330078125 25.254405975341796875 25.267656326293945313 25.2800445556640625 25.286991119384765625 25.294219970703125 25.301240921020507813 25.301525115966796875 25.296358108520507813 25.290422439575195313 25.287761688232421875 25.284030914306640625 25.281158447265625 25.27978515625 25.278760910034179688 25.277528762817382813 25.2767791748046875 25.276063919067382813
25.14694976806640625 25.184122085571289063 25.219890594482421875 25.246091842651367188 25.259061813354492188 25.263454437255859375 25.266124725341796875 25.270944595336914063 25.274892807006835938 25.277925491333007813 25.279371261596679688 25.2789154052734375 25.2767181396484375 25.27521514892578125 25.276105880737304688 25.288217544555664063 25.299007415771484375 25.299772262573242188 25.312814712524414063 25.318624496459960938 25.316289901733398438 25.30810546875 25.291650772094726563 25.27010345458984375 25.259723663330078125 25.250104904174804688 25.25266265869140625 25.262182235717773438 25.27274322509765625 25.282926559448242188 25.28865814208984375 25.294536590576171875 25.300882339477539063 25.301975250244140625 25.297586441040039063 25.291261672973632813 25.28791046142578125 25.283336639404296875 25.280050277709960938 25.278120040893554688 25.276494979858398438 25.27519989013671875 25.275033950805664063 25.27487945556640625
25.146419525146484375 25.17787933349609375 25.21169281005859375 25.24036407470703125 25.257354736328125 25.264566421508789063 25.27030181884765625 25.278066635131835938 25.282747268676757813 25.285997390747070313 25.287328720092773438 25.286561965942382813 25.282918930053710938 25.277837753295898438 25.2743377685546875 25.271703720092773438 25.2693328857421875 25.26808929443359375 25.280046463012695313 25.2880401611328125 25.299753189086914063 25.303228378295898438 25.29100799560546875 25.275035858154296875 25.267194747924804688 25.26031494140625 25.262998580932617188 25.270172119140625 25.278148651123046875 25.286596298217773438 25.291128158569335938 25.295354843139648438 25.300050735473632813 25.301122665405273438 25.297311782836914063 25.2917022705078125 25.288225173950195313 25.282953262329101563 25.279100418090820313 25.276706695556640625 25.274625778198242188 25.273509979248046875 25.273851394653320313 25.274471282958984375
25.149976730346679688 25.175714492797851563 25.207088470458984375 25.23520660400390625 25.25469970703125 25.264890670776367188 25.273965835571289063 25.284820556640625 25.290218353271484375 25.293588638305664063 25.295080184936523438 25.294412612915039063 25.289398193359375 25.280633926391601563 25.272617340087890625 25.26543426513671875 25.260009765625 25.25688934326171875 25.255037307739257813 25.25612640380859375 25.267345428466796875 25.271953582763671875 25.275152206420898438 25.274631500244140625 25.270097732543945313 25.266096115112304688 25.268527984619140625 25.274871826171875 25.2824554443359375 25.289829254150390625 25.293247222900390625 25.2963714599609375 25.299556732177734375 25.299713134765625 25.296648025512695313 25.291837692260742188 25.288330078125 25.282815933227539063 25.278667449951171875 25.275598526000976563 25.273168563842773438 25.27272796630859375 25.273679733276367188 25.27442169189453125
25.162799835205078125 25.17839813232421875 25.202625274658203125 25.229032516479492188 25.252584457397460938 25.26683807373046875 25.2798309326171875 25.2945556640625 25.300519943237304688 25.302865982055664063 25.303884506225585938 25.302457809448242188 25.293432235717773438 25.278293609619140625 25.262399673461914063 25.247690200805664063 25.23661041259765625 25.230779647827148438 25.226945877075195313 25.228515625 25.236667633056640625 25.238636016845703125 25.242303848266601563 25.240869522094726563 25.23734283447265625 25.23511505126953125 25.239427566528320313 25.263055801391601563 25.285884857177734375 25.29339599609375 25.296010971069335938 25.297901153564453125 25.299083709716796875 25.298196792602539063 25.295755386352539063 25.292022705078125 25.289117813110351563 25.284006118774414063 25.279298782348632813 25.275583267211914063 25.273345947265625 25.273242950439453125 25.274175643920898438 25.27489471435546875
25.181461334228515625 25.186815261840820313 25.201885223388671875 25.226064682006835938 25.251926422119140625 25.26837921142578125 25.284692764282226563 25.300828933715820313 25.305616378784179688 25.306310653686523438 25.304630279541015625 25.301286697387695313 25.289699554443359375 25.271627426147460938 25.25063323974609375 25.226972579956054688 25.205364227294921875 25.1940460205078125 25.190975189208984375 25.199138641357421875 25.215173721313476563 25.22251129150390625 25.222858428955078125 25.218585968017578125 25.21591949462890625 25.21581268310546875 25.223279953002929688 25.239288330078125 25.254266738891601563 25.273418426513671875 25.293771743774414063 25.294788360595703125 25.295221328735351563 25.29663848876953125 25.294742584228515625 25.291715621948242188 25.289690017700195313 25.28558349609375 25.28099822998046875 25.276510238647460938 25.273942947387695313 25.27390289306640625 25.274633407592773438 25.275892257690429688
25.202348709106445313 25.201292037963867188 25.209215164184570313 25.228776931762695313 25.253263473510742188 25.270574569702148438 25.288911819458007813 25.30420684814453125 25.30623626708984375 25.30396270751953125 25.298717498779296875 25.2940673828125 25.2828369140625 25.265466690063476563 25.243005752563476563 25.2131500244140625 25.1815948486328125 25.165742874145507813 25.163454055786132813 25.176187515258789063 25.197053909301757813 25.20780181884765625 25.209985733032226563 25.208242416381835938 25.207530975341796875 25.211526870727539063 25.22259521484375 25.233858108520507813 25.242815017700195313 25.251909255981445313 25.259929656982421875 25.261610031127929688 25.263711929321289063 25.282110214233398438 25.2863922119140625 25.288774490356445313 25.289976119995117188 25.28636932373046875 25.281856536865234375 25.27761077880859375 25.274677276611328125 25.274486541748046875 25.275465011596679688 25.27642059326171875
25.224781036376953125 25.221551895141601563 25.223524093627929688 25.236295700073242188 25.256063461303710938 25.273204803466796875 25.292877197265625 25.305644989013671875 25.305011749267578125 25.299123764038085938 25.290996551513671875 25.286001205444335938 25.276721954345703125 25.2613983154296875 25.239412307739257813 25.209148406982421875 25.1770172119140625 25.161161422729492188 25.1565399169921875 25.164381027221679688 25.182668685913085938 25.19420623779296875 25.197797775268554688 25.199380874633789063 25.2014312744140625 25.210233688354492188 25.223627090454101563 25.234773635864257813 25.243520736694335938 25.248254776000976563 25.250249862670898438 25.252166748046875 25.2525177001953125 25.257642745971679688 25.258638381958007813 25.272251129150390625 25.279596328735351563 25.277517318725585938 25.27988433837890625 25.278673171997070313 25.275854110717773438 25.275562286376953125 25.276386260986328125 25.276912689208984375
25.24831390380859375 25.2451934814453125 25.243303298950195313 25.2504730224609375 25.26416015625 25.279277801513671875 25.29852294921875 25.306093215942382813 25.302320480346679688 25.292791366577148438 25.281270980834960938 25.275770187377929688 25.269527435302734375 25.257442474365234375 25.237247467041015625 25.209344863891601563 25.179636001586914063 25.164411544799804688 25.157968521118164063 25.159761428833007813 25.170373916625976563 25.1805572509765625 25.186613082885742188 25.192304611206054688 25.197404861450195313 25.2109527587890625 25.225542068481445313 25.235940933227539063 25.244047164916992188 25.248517990112304688 25.250387191772460938 25.252521514892578125 25.252149581909179688 25.249437332153320313 25.246606826782226563 25.249464035034179688 25.25074005126953125 25.2510528564453125 25.265302658081054688 25.26973724365234375 25.274545669555664063 25.27696990966796875 25.277433395385742188 25.278039932250976563
25.271612167358398438 25.269948959350585938 25.267145156860351563 25.272281646728515625 25.283962249755859375 25.294467926025390625 25.304208755493164063 25.305604934692382813 25.29842376708984375 25.285009384155273438 25.269483566284179688 25.263017654418945313 25.2590484619140625 25.250171661376953125 25.233217239379882813 25.208517074584960938 25.180845260620117188 25.165586471557617188 25.15949249267578125 25.159351348876953125 25.16497802734375 25.172445297241210938 25.179910659790039063 25.189136505126953125 25.196710586547851563 25.213281631469726563 25.227878570556640625 25.237247467041015625 25.244432449340820313 25.248853683471679688 25.250749588012695313 25.252840042114257813 25.251922607421875 25.248626708984375 25.24498748779296875 25.241619110107421875 25.239473342895507813 25.237043380737304688 25.238269805908203125 25.23908233642578125 25.258981704711914063 25.267330169677734375 25.26786041259765625 25.268817901611328125
25.295682907104492188 25.29570770263671875 25.293951034545898438 25.296031951904296875 25.300897598266601563 25.3032684326171875 25.3043365478515625 25.303050994873046875 25.292499542236328125 25.275766372680664063 25.25662994384765625 25.2477874755859375 25.241237640380859375 25.234910964965820313 25.223506927490234375 25.20287322998046875 25.17882537841796875 25.1654205322265625 25.160844802856445313 25.1616058349609375 25.166357040405273438 25.171939849853515625 25.178468704223632813 25.188348770141601563 25.19669342041015625 25.214483261108398438 25.22902679443359375 25.237733840942382813 25.24469757080078125 25.249647140502929688 25.25152587890625 25.253061294555664063 25.250949859619140625 25.246486663818359375 25.242910385131835938 25.240175247192382813 25.23842620849609375 25.235748291015625 25.233974456787109375 25.23334503173828125 25.234867095947265625 25.235727310180664063 25.236104965209960938 25.237340927124023438
25.316907882690429688 25.317840576171875 25.3169708251953125 25.314012527465820313 25.31095123291015625 25.307405471801757813 25.303346633911132813 25.298330307006835938 25.284185409545898438 25.264673233032226563 25.241140365600585938 25.22858428955078125 25.217708587646484375 25.212873458862304688 25.207120895385742188 25.192949295043945313 25.176950454711914063 25.168827056884765625 25.165307998657226563 25.165069580078125 25.168336868286132813 25.172552108764648438 25.178096771240234375 25.18700408935546875 25.195323944091796875 25.213300704956054688 25.227252960205078125 25.236246109008789063 25.244211196899414063 25.249441146850585938 25.251569747924804688 25.253170013427734375 25.250965118408203125 25.246335983276367188 25.242670059204101563 25.240312576293945313 25.238920211791992188 25.2368927001953125 25.235446929931640625 25.234815597534179688 25.2347259521484375 25.235651016235351563 25.236572265625 25.2379150390625
25.325853347778320313 25.327203750610351563 25.326793670654296875 25.322490692138671875 25.31755828857421875 25.313140869140625 25.306684494018554688 25.296312332153320313 25.278608322143554688 25.256103515625 25.22954559326171875 25.215213775634765625 25.201717376708984375 25.195957183837890625 25.192529678344726563 25.184579849243164063 25.174875259399414063 25.169788360595703125 25.167575836181640625 25.166799545288085938 25.169155120849609375 25.17254638671875 25.177021026611328125 25.184894561767578125 25.192951202392578125 25.210588455200195313 25.224435806274414063 25.233936309814453125 25.242654800415039063 25.24810028076171875 25.250684738159179688 25.253108978271484375 25.251810073852539063 25.247768402099609375 25.244020462036132813 25.241941452026367188 25.240861892700195313 25.239194869995117188 25.238067626953125 25.237583160400390625 25.237316131591796875 25.238391876220703125 25.239940643310546875 25.24143218994140625
