INPUT/RASTER/ASCII/BIO19.asc
ncols        225
nrows        269
xllcorner    473009.983799999987
yllcorner    4429051.174800000153
cellsize     50.000000000000
NODATA_value -9999
[rows 228 to 246 of 269, columns 88 to 131 of 225]
194.13006591796875 194.1918487548828125 194.871673583984375 196.1826171875 197.35906982421875 198.2035064697265625 199.0624237060546875 198.100250244140625 197.779266357421875 197.8501129150390625 198.0015106201171875 198.127960205078125 199.183380126953125 200.2845306396484375 199.7872772216796875 200.0636138916015625 200.2645416259765625 201.400482177734375 200.3969268798828125 197.832122802734375 195.1706085205078125 193.6241455078125 193.42718505859375 193.6696929931640625 194.4000091552734375 195.14007568359375 195.733489990234375 196.9609375 199.5638885498046875 201.4860076904296875 197.809234619140625 195.1851806640625 195.095703125 194.9025115966796875 195.4232940673828125 196.764312744140625 197.5947113037109375 198.02899169921875 198.00384521484375 197.6884765625 197.2745819091796875 196.9693603515625 196.8271331787109375 196.7365570068359375
193.3350677490234375 193.5979766845703125 194.5824737548828125 195.8009796142578125 196.698211669921875 197.2876739501953125 198.0983734130859375 198.52777099609375 198.545379638671875 198.783477783203125 199.04986572265625 199.15185546875 199.3502197265625 199.3563385009765625 198.936614990234375 199.0312347412109375 199.9278411865234375 200.2259368896484375 199.5998992919921875 197.7430877685546875 195.217987060546875 193.5587005615234375 193.296417236328125 193.4882354736328125 193.9444732666015625 194.3272857666015625 194.888458251953125 196.19842529296875 198.83953857421875 200.968048095703125 198.1710357666015625 195.559417724609375 195.5254058837890625 195.6164398193359375 196.054107666015625 196.963104248046875 197.5032501220703125 197.820068359375 197.765167236328125 197.39434814453125 196.9676666259765625 196.6797943115234375 196.5857696533203125 196.5422515869140625
192.7803497314453125 193.0361328125 194.02178955078125 195.1961517333984375 196.0209197998046875 196.4713287353515625 196.914703369140625 196.9533843994140625 196.749847412109375 196.8817138671875 197.0785369873046875 197.149322509765625 197.3338470458984375 197.4322662353515625 197.2437591552734375 197.3535003662109375 198.151123046875 198.772735595703125 199.2108917236328125 198.49237060546875 196.2202911376953125 193.961212158203125 193.2018585205078125 193.1340179443359375 193.16949462890625 193.225982666015625 193.8301544189453125 195.3029022216796875 197.7837066650390625 200.164794921875 200.3690948486328125 197.7751007080078125 196.003082275390625 196.350372314453125 196.81964111328125 197.21588134765625 197.4076080322265625 197.462493896484375 197.347503662109375 197.239471435546875 196.96502685546875 196.755859375 196.6870880126953125 196.6942138671875
192.3133544921875 192.4051513671875 193.2729644775390625 194.585296630859375 195.5346221923828125 195.9162139892578125 195.9396820068359375 195.58099365234375 195.1735076904296875 194.8673248291015625 194.7666778564453125 194.8543243408203125 195.2725372314453125 195.410369873046875 195.1708831787109375 195.2313690185546875 196.31005859375 197.440032958984375 199.0380401611328125 199.36761474609375 197.1991424560546875 194.41571044921875 193.224700927734375 192.9774169921875 193.062957763671875 193.3839263916015625 194.1428375244140625 195.55267333984375 197.714752197265625 199.7882232666015625 201.4428863525390625 200.40814208984375 196.952362060546875 197.1812286376953125 197.739654541015625 198.015625 198.120819091796875 198.0571746826171875 198.890594482421875 201.3904571533203125 201.5895538330078125 201.3353118896484375 201.24578857421875 201.248626708984375
192.135955810546875 192.1203460693359375 192.875 194.2712860107421875 195.2904052734375 195.6027679443359375 195.3890533447265625 194.817291259765625 194.351837158203125 193.932952880859375 193.804412841796875 194.000946044921875 194.5602569580078125 194.68487548828125 194.3512115478515625 194.259765625 195.272979736328125 196.5876007080078125 198.729461669921875 199.5739593505859375 197.5247650146484375 194.6465301513671875 193.261474609375 192.9548797607421875 193.244842529296875 194.078704833984375 195.1610565185546875 196.4634552001953125 198.321044921875 200.201934814453125 201.9069366455078125 201.218414306640625 199.8569793701171875 202.0309906005859375 202.826751708984375 203.0293121337890625 203.08978271484375 203.003692626953125 204.1596832275390625 207.51275634765625 207.824798583984375 207.5241241455078125 207.4051971435546875 207.38592529296875
192.0068359375 191.900054931640625 192.4484405517578125 193.782989501953125 194.817291259765625 195.0874481201171875 194.7939453125 194.1867828369140625 193.7006072998046875 193.29364013671875 193.18927001953125 193.4064788818359375 193.975250244140625 194.11474609375 193.7548675537109375 193.5306854248046875 194.3161163330078125 195.5633087158203125 197.7474822998046875 198.7652587890625 196.981231689453125 194.3221435546875 193.0708160400390625 192.8813323974609375 193.5185394287109375 194.947540283203125 196.4135894775390625 197.75201416015625 199.5725555419921875 201.463958740234375 203.2624969482421875 203.9371490478515625 205.130828857421875 208.0198822021484375 208.8072662353515625 209.011077880859375 209.0626983642578125 208.9757080078125 208.958251953125 209.2686920166015625 208.9828643798828125 208.698577880859375 208.57769775390625 208.54193115234375
191.9284515380859375 191.7040863037109375 191.9929351806640625 193.1475067138671875 194.14947509765625 194.4112091064453125 194.104644775390625 193.507415771484375 193.0192718505859375 192.6127471923828125 192.49237060546875 192.642974853515625 193.1198883056640625 193.3221435546875 193.031280517578125 192.72259521484375 193.22918701171875 194.172027587890625 195.9602813720703125 196.968597412109375 195.6160125732421875 193.4533538818359375 192.570526123046875 192.6349029541015625 193.7089080810546875 195.684814453125 197.5771942138671875 199.195465087890625 201.4118804931640625 203.6466522216796875 205.5187835693359375 207.54351806640625 208.7422027587890625 209.5545196533203125 209.9352569580078125 210.1548309326171875 210.216339111328125 210.080718994140625 209.6408538818359375 209.0478057861328125 208.654937744140625 208.4331512451171875 208.3373565673828125 208.267425537109375
191.85699462890625 191.5789794921875 191.6570892333984375 192.55023193359375 193.44970703125 193.7007598876953125 193.3694000244140625 192.7664947509765625 192.284027099609375 191.890411376953125 191.72314453125 191.770477294921875 192.06378173828125 192.2635498046875 192.165618896484375 191.907928466796875 192.167816162109375 192.8083343505859375 194.1800994873046875 195.1710662841796875 194.3183746337890625 192.614105224609375 191.911651611328125 192.1181488037109375 193.4198150634765625 195.578216552734375 197.6886749267578125 199.7161102294921875 202.46685791015625 205.051666259765625 206.7070159912109375 208.25494384765625 208.98876953125 209.2856292724609375 209.5515594482421875 209.81787109375 209.917572021484375 209.7375335693359375 209.226654052734375 208.668670654296875 208.33544921875 208.16436767578125 208.0991058349609375 208.0257415771484375
191.708526611328125 191.4841766357421875 191.336181640625 191.9310760498046875 192.756500244140625 192.98284912109375 192.6030731201171875 191.9741363525390625 191.49481201171875 191.153045654296875 190.9599456787109375 190.8999786376953125 190.972625732421875 191.0459136962890625 191.1230621337890625 191.0762939453125 191.2740631103515625 191.832855224609375 193.0776824951171875 194.099365234375 193.6752166748046875 192.2083740234375 191.3603973388671875 191.4801483154296875 192.65673828125 194.46453857421875 196.4131317138671875 198.517181396484375 201.0565948486328125 203.2371063232421875 204.6187896728515625 206.129913330078125 207.3970947265625 208.19989013671875 208.7430267333984375 209.1497955322265625 209.3654327392578125 209.274444580078125 208.8270416259765625 208.3408966064453125 208.01605224609375 207.8448486328125 207.801055908203125 207.783660888671875
191.4528045654296875 191.35552978515625 190.9259185791015625 191.2696685791015625 192.0704193115234375 192.3101959228515625 191.934783935546875 191.3129425048828125 190.8594207763671875 190.5700836181640625 190.392547607421875 190.280120849609375 190.2038421630859375 190.2037200927734375 190.3566741943359375 190.4599761962890625 190.6603851318359375 191.1995391845703125 192.3997802734375 193.3875274658203125 193.2556915283203125 192.0555572509765625 191.2474517822265625 191.3392791748046875 192.2342529296875 193.48333740234375 195.175323486328125 196.9897308349609375 198.78057861328125 200.35479736328125 201.5234375 203.197906494140625 205.177886962890625 206.8587493896484375 207.954925537109375 208.541595458984375 208.8877105712890625 208.8845062255859375 208.4688262939453125 208.0094757080078125 207.70831298828125 207.5340423583984375 207.5052490234375 207.532501220703125
191.098358154296875 191.041778564453125 190.5601348876953125 190.8038177490234375 191.4742431640625 191.6938018798828125 191.39056396484375 190.8638916015625 190.4434661865234375 190.1684417724609375 190.0164337158203125 189.88470458984375 189.7808990478515625 189.8267059326171875 190.0094146728515625 190.117340087890625 190.22039794921875 190.6473388671875 191.7136383056640625 192.61041259765625 192.5581207275390625 191.775177001953125 191.6708221435546875 192.0957794189453125 192.81427001953125 193.7805328369140625 195.2530364990234375 196.7431640625 198.0931854248046875 199.3760986328125 200.391845703125 201.9403228759765625 203.996429443359375 206.1800384521484375 207.6829986572265625 208.3057861328125 208.638946533203125 208.555511474609375 208.0527191162109375 207.6181488037109375 207.38726806640625 207.2507171630859375 207.23883056640625 207.29022216796875
190.6862945556640625 190.5579681396484375 190.3291778564453125 190.5995941162109375 191.0481109619140625 191.1689605712890625 190.886383056640625 190.4278411865234375 190.0550689697265625 189.7931671142578125 189.654144287109375 189.5443267822265625 189.4829559326171875 189.6299285888671875 189.8542938232421875 189.9543609619140625 189.9792022705078125 190.27178955078125 191.110137939453125 191.78424072265625 191.62890625 191.3652191162109375 192.2837982177734375 193.2080078125 194.09649658203125 195.1765289306640625 196.4483642578125 197.7488555908203125 199.118865966796875 200.206146240234375 200.9852294921875 202.2913970947265625 204.19586181640625 206.3261566162109375 207.6924285888671875 208.1511993408203125 208.362884521484375 208.1528167724609375 207.577362060546875 207.1676025390625 206.9884185791015625 206.9112548828125 206.925689697265625 207.008880615234375
190.456085205078125 190.2875518798828125 190.2467041015625 190.5588836669921875 190.8486480712890625 190.85321044921875 190.49786376953125 190.048675537109375 189.7345123291015625 189.5159454345703125 189.4097900390625 189.33111572265625 189.3830413818359375 189.672393798828125 189.9210968017578125 189.951629638671875 189.869476318359375 190.049835205078125 190.615509033203125 191.032257080078125 190.9995574951171875 191.4465789794921875 193.223358154296875 194.562164306640625 195.7762908935546875 197.03271484375 198.1350860595703125 199.3904876708984375 201.005645751953125 202.1117095947265625 202.7300567626953125 203.76605224609375 205.3161163330078125 206.9405059814453125 207.790252685546875 208.00592041015625 208.03900146484375 207.7533111572265625 207.1856231689453125 206.747283935546875 206.5421295166015625 206.49114990234375 206.5155792236328125 206.600860595703125
190.3638153076171875 190.207183837890625 190.20654296875 190.5172271728515625 190.7314453125 190.63458251953125 190.169921875 189.732757568359375 189.5040740966796875 189.340423583984375 189.2578582763671875 189.2525634765625 189.4472808837890625 189.7935028076171875 189.9783172607421875 189.917388916015625 189.778045654296875 189.868133544921875 190.1889801025390625 190.5084075927734375 190.9183197021484375 192.2612457275390625 194.7039337158203125 196.2758026123046875 197.7991943359375 199.3018798828125 200.191925048828125 201.277923583984375 202.998779296875 204.2627410888671875 204.9067230224609375 205.6685028076171875 206.5737152099609375 207.4316864013671875 207.7758941650390625 207.8300628662109375 207.7422637939453125 207.414459228515625 206.8240966796875 206.3400115966796875 206.0968780517578125 206.024200439453125 206.01190185546875 206.0715484619140625
190.1618804931640625 190.0391998291015625 190.0320587158203125 190.2787628173828125 190.4455413818359375 190.29083251953125 189.8043212890625 189.447418212890625 189.2985992431640625 189.204345703125 189.15606689453125 189.21490478515625 189.3998565673828125 189.607391357421875 189.6456451416015625 189.592132568359375 189.5892791748046875 189.6654510498046875 189.833831787109375 190.230865478515625 191.335235595703125 193.5961456298828125 196.5236663818359375 198.259765625 200.1998443603515625 202.061920166015625 202.6335906982421875 203.2848663330078125 204.809539794921875 206.1099395751953125 206.784912109375 207.294891357421875 207.474639892578125 207.5544586181640625 207.5673370361328125 207.557159423828125 207.471893310546875 207.1445770263671875 206.4581298828125 205.905517578125 205.629180908203125 205.50274658203125 205.4539642333984375 205.479278564453125
189.8828887939453125 189.783782958984375 189.7333984375 189.8253631591796875 189.8886566162109375 189.7371826171875 189.3888397216796875 189.19073486328125 189.134002685546875 189.097808837890625 189.089019775390625 189.111236572265625 189.0898895263671875 189.0128021240234375 188.938140869140625 189.0536041259765625 189.331268310546875 189.494110107421875 189.6787109375 190.2879180908203125 191.97821044921875 194.67877197265625 197.7545623779296875 199.712432861328125 202.1245269775390625 203.94586181640625 204.1790771484375 204.3935394287109375 205.5618438720703125 206.698577880859375 207.361968994140625 207.7903289794921875 207.6798248291015625 207.455718994140625 207.3630523681640625 207.3313446044921875 207.309051513671875 207.00360107421875 206.22265625 205.6374664306640625 205.3511962890625 205.2188568115234375 205.1658782958984375 205.1533050537109375
189.7733001708984375 189.6741485595703125 189.6024627685546875 189.58917236328125 189.5529327392578125 189.365325927734375 189.076202392578125 188.97119140625 189.0150604248046875 189.0552520751953125 189.0756988525390625 189.01812744140625 188.86175537109375 188.704803466796875 188.6595458984375 188.910675048828125 189.3340606689453125 189.5747833251953125 189.92242431640625 190.67193603515625 192.0990447998046875 194.3227081298828125 197.1378173828125 199.1883392333984375 201.99359130859375 203.8201751708984375 204.100189208984375 204.3101043701171875 205.129547119140625 206.078369140625 207.0444793701171875 207.67193603515625 207.5997772216796875 207.23590087890625 207.080718994140625 207.10687255859375 207.1734619140625 206.8267059326171875 206.0052490234375 205.446807861328125 205.172760009765625 205.03839111328125 204.99114990234375 204.969390869140625
189.709014892578125 189.5921783447265625 189.49664306640625 189.40692138671875 189.3104400634765625 189.0778961181640625 188.7898712158203125 188.760711669921875 188.9198455810546875 189.01953125 189.0261688232421875 188.896148681640625 188.6967315673828125 188.59246826171875 188.6469268798828125 189.003173828125 189.495574951171875 189.735748291015625 190.0899200439453125 190.801422119140625 191.927337646484375 193.57928466796875 195.71112060546875 197.33929443359375 199.71197509765625 201.43524169921875 202.2742156982421875 202.869171142578125 203.50286865234375 204.2774810791015625 205.659881591796875 206.7125396728515625 206.9998016357421875 206.668487548828125 206.543365478515625 206.73553466796875 206.94476318359375 206.59503173828125 205.771881103515625 205.246826171875 204.9881134033203125 204.8682098388671875 204.8377838134765625 204.81097412109375
189.683013916015625 189.5129547119140625 189.38507080078125 189.2020263671875 189.0474700927734375 188.789215087890625 188.4771575927734375 188.5052032470703125 188.839508056640625 188.96923828125 188.9387969970703125 188.7566375732421875 188.5952606201171875 188.5911407470703125 188.78936767578125 189.2898101806640625 189.805450439453125 189.907684326171875 190.0383148193359375 190.6737518310546875 191.5976409912109375 192.7093353271484375 194.0605621337890625 195.1157989501953125 196.8135833740234375 198.37249755859375 199.50885009765625 200.3884735107421875 200.97515869140625 201.592681884765625 202.9650726318359375 204.4754638671875 205.491363525390625 205.40869140625 205.4379119873046875 205.92034912109375 206.435699462890625 206.282257080078125 205.551666259765625 205.0413055419921875 204.81390380859375 204.715484619140625 204.692626953125 204.6706085205078125
