INPUT/RASTER/ASCII/BIO10.asc
ncols        225
nrows        269
xllcorner    473009.983799999987
yllcorner    4429051.174800000153
cellsize     50.000000000000
NODATA_value -9999
[rows 76 to 94 of 269, columns 126 to 167 of 225]
24.756284713745117188 24.756755828857421875 24.757268905639648438 24.75424957275390625 24.747509002685546875 24.745349884033203125 24.7468719482421875 24.747900009155273438 24.748102188110351563 24.748378753662109375 24.74877166748046875 24.749616622924804688 24.751653671264648438 24.7539520263671875 24.755571365356445313 24.758007049560546875 24.7581024169921875 24.759565353393554688 24.759891510009765625 24.75980377197265625 24.761791229248046875 24.764606475830078125 24.765840530395507813 24.770643234252929688 24.782808303833007813 24.798131942749023438 24.804166793823242188 24.81012725830078125 24.814121246337890625 24.816843032836914063 24.818445205688476563 24.819309234619140625 24.819393157958984375 24.8187103271484375 24.818956375122070313 24.819662094116210938 24.82007598876953125 24.820516586303710938 24.820714950561523438 24.820459365844726563 24.820310592651367188 24.8188934326171875
24.764150619506835938 24.764623641967773438 24.765277862548828125 24.762353897094726563 24.75629425048828125 24.754558563232421875 24.755222320556640625 24.755556106567382813 24.75514984130859375 24.754428863525390625 24.754016876220703125 24.75435638427734375 24.755825042724609375 24.758562088012695313 24.76053619384765625 24.763195037841796875 24.762462615966796875 24.762416839599609375 24.762964248657226563 24.764743804931640625 24.767223358154296875 24.76995086669921875 24.771177291870117188 24.77787017822265625 24.790088653564453125 24.802835464477539063 24.807626724243164063 24.812318801879882813 24.815662384033203125 24.818592071533203125 24.82070159912109375 24.821544647216796875 24.821136474609375 24.819208145141601563 24.8195648193359375 24.820123672485351563 24.820316314697265625 24.82074737548828125 24.820928573608398438 24.821231842041015625 24.821619033813476563 24.821506500244140625
24.775766372680664063 24.775516510009765625 24.774658203125 24.771951675415039063 24.767980575561523438 24.766744613647460938 24.766864776611328125 24.766347885131835938 24.765497207641601563 24.764026641845703125 24.762987136840820313 24.762439727783203125 24.763240814208984375 24.766613006591796875 24.769084930419921875 24.77227020263671875 24.7706451416015625 24.771734237670898438 24.774526596069335938 24.777156829833984375 24.779541015625 24.781347274780273438 24.785234451293945313 24.795047760009765625 24.807519912719726563 24.814363479614257813 24.815931320190429688 24.817718505859375 24.818891525268554688 24.818927764892578125 24.820468902587890625 24.822561264038085938 24.822477340698242188 24.821651458740234375 24.822210311889648438 24.823192596435546875 24.823690414428710938 24.824079513549804688 24.823558807373046875 24.822544097900390625 24.82227325439453125 24.821475982666015625
24.7888336181640625 24.786586761474609375 24.783933639526367188 24.781568527221679688 24.779623031616210938 24.779085159301757813 24.778131484985351563 24.777219772338867188 24.776203155517578125 24.774852752685546875 24.773988723754882813 24.773981094360351563 24.775331497192382813 24.77813720703125 24.779363632202148438 24.777835845947265625 24.776903152465820313 24.7791595458984375 24.781978607177734375 24.78433990478515625 24.787473678588867188 24.789798736572265625 24.794300079345703125 24.803922653198242188 24.8154144287109375 24.8213348388671875 24.8223876953125 24.822559356689453125 24.821714401245117188 24.820020675659179688 24.821519851684570313 24.825571060180664063 24.826375961303710938 24.824365615844726563 24.824710845947265625 24.82480621337890625 24.82489013671875 24.825075149536132813 24.8247222900390625 24.824293136596679688 24.823648452758789063 24.822628021240234375
24.791891098022460938 24.7883758544921875 24.785961151123046875 24.784185409545898438 24.782939910888671875 24.782541275024414063 24.7816009521484375 24.780673980712890625 24.779758453369140625 24.778482437133789063 24.777944564819335938 24.778789520263671875 24.781139373779296875 24.783111572265625 24.782077789306640625 24.780809402465820313 24.781970977783203125 24.784511566162109375 24.787378311157226563 24.789537429809570313 24.792573928833007813 24.795825958251953125 24.80071258544921875 24.80941009521484375 24.819789886474609375 24.825626373291015625 24.826642990112304688 24.826305389404296875 24.824747085571289063 24.823045730590820313 24.825557708740234375 24.829790115356445313 24.830392837524414063 24.829149246215820313 24.829542160034179688 24.827510833740234375 24.826875686645507813 24.827108383178710938 24.826259613037109375 24.824573516845703125 24.82437896728515625 24.824178695678710938
24.795328140258789063 24.79114532470703125 24.78955078125 24.788614273071289063 24.788045883178710938 24.787570953369140625 24.78681182861328125 24.786211013793945313 24.78521728515625 24.783870697021484375 24.78308868408203125 24.783014297485351563 24.78399658203125 24.784069061279296875 24.783105850219726563 24.783647537231445313 24.78539276123046875 24.787878036499023438 24.7908935546875 24.793119430541992188 24.795955657958984375 24.800008773803710938 24.806486129760742188 24.814722061157226563 24.823282241821289063 24.828182220458984375 24.828948974609375 24.828334808349609375 24.8275299072265625 24.827638626098632813 24.831548690795898438 24.8359222412109375 24.836023330688476563 24.83550262451171875 24.835184097290039063 24.832086563110351563 24.831392288208007813 24.831632614135742188 24.830018997192382813 24.826627731323242188 24.82598114013671875 24.825220108032226563
24.801473617553710938 24.7976226806640625 24.79638671875 24.79618072509765625 24.796070098876953125 24.7956390380859375 24.794916152954101563 24.794412612915039063 24.793710708618164063 24.792741775512695313 24.792131423950195313 24.790843963623046875 24.789621353149414063 24.789358139038085938 24.789701461791992188 24.79012298583984375 24.79056549072265625 24.790563583374023438 24.79299163818359375 24.79509735107421875 24.797885894775390625 24.8032073974609375 24.810213088989257813 24.817996978759765625 24.824602127075195313 24.828477859497070313 24.829187393188476563 24.829236984252929688 24.83013153076171875 24.832120895385742188 24.83742523193359375 24.8431243896484375 24.844226837158203125 24.844449996948242188 24.843255996704101563 24.839483261108398438 24.838619232177734375 24.837694168090820313 24.835599899291992188 24.832279205322265625 24.830583572387695313 24.828176498413085938
24.803495407104492188 24.800722122192382813 24.7998504638671875 24.800287246704101563 24.80047607421875 24.800006866455078125 24.799249649047851563 24.798494338989257813 24.798015594482421875 24.797445297241210938 24.797420501708984375 24.79705047607421875 24.797571182250976563 24.79839324951171875 24.7984771728515625 24.798452377319335938 24.79803466796875 24.797014236450195313 24.7992401123046875 24.8013153076171875 24.8034515380859375 24.80654144287109375 24.812292098999023438 24.818864822387695313 24.823917388916015625 24.826238632202148438 24.826694488525390625 24.828035354614257813 24.831102371215820313 24.835828781127929688 24.843082427978515625 24.849225997924804688 24.850986480712890625 24.8522186279296875 24.851741790771484375 24.848932266235351563 24.848123550415039063 24.845722198486328125 24.843240737915039063 24.840440750122070313 24.8377227783203125 24.834531784057617188
24.806598663330078125 24.804868698120117188 24.804277420043945313 24.80469512939453125 24.804578781127929688 24.803815841674804688 24.802911758422851563 24.802354812622070313 24.802164077758789063 24.800876617431640625 24.799493789672851563 24.799879074096679688 24.80162811279296875 24.802621841430664063 24.802936553955078125 24.803279876708984375 24.803462982177734375 24.805322647094726563 24.8085479736328125 24.8108673095703125 24.812961578369140625 24.81577301025390625 24.820343017578125 24.824689865112304688 24.827245712280273438 24.827867507934570313 24.828207015991210938 24.829648971557617188 24.832288742065429688 24.838489532470703125 24.847410202026367188 24.85349273681640625 24.855566024780273438 24.857997894287109375 24.8584747314453125 24.857637405395507813 24.857824325561523438 24.855928421020507813 24.854192733764648438 24.852540969848632813 24.849348068237304688 24.8460540771484375
24.815288543701171875 24.814607620239257813 24.813943862915039063 24.813386917114257813 24.811960220336914063 24.80866241455078125 24.80800628662109375 24.807840347290039063 24.807369232177734375 24.802593231201171875 24.801267623901367188 24.802288055419921875 24.803783416748046875 24.804979324340820313 24.805624008178710938 24.806707382202148438 24.808038711547851563 24.81087493896484375 24.814350128173828125 24.816808700561523438 24.818960189819335938 24.824129104614257813 24.8282318115234375 24.83089447021484375 24.831943511962890625 24.832574844360351563 24.83335113525390625 24.8351593017578125 24.838140487670898438 24.845464706420898438 24.85247802734375 24.85646820068359375 24.858736038208007813 24.860910415649414063 24.8621826171875 24.863109588623046875 24.86388397216796875 24.863786697387695313 24.863344192504882813 24.862428665161132813 24.859670639038085938 24.857469558715820313
24.825420379638671875 24.82511138916015625 24.824354171752929688 24.823802947998046875 24.821210861206054688 24.816495895385742188 24.816102981567382813 24.815643310546875 24.8124542236328125 24.806386947631835938 24.806322097778320313 24.807268142700195313 24.808048248291015625 24.808622360229492188 24.808393478393554688 24.808629989624023438 24.810953140258789063 24.814302444458007813 24.81784820556640625 24.8204193115234375 24.823184967041015625 24.827548980712890625 24.831026077270507813 24.832780838012695313 24.833343505859375 24.835004806518554688 24.8364105224609375 24.839130401611328125 24.844411849975585938 24.853549957275390625 24.861246109008789063 24.865779876708984375 24.867845535278320313 24.8677825927734375 24.865001678466796875 24.864950180053710938 24.865566253662109375 24.866247177124023438 24.866449356079101563 24.865997314453125 24.8644561767578125 24.863252639770507813
24.831357955932617188 24.830984115600585938 24.830902099609375 24.830554962158203125 24.828958511352539063 24.826267242431640625 24.82459259033203125 24.822229385375976563 24.820039749145507813 24.815004348754882813 24.81475830078125 24.815673828125 24.815561294555664063 24.814428329467773438 24.813302993774414063 24.814300537109375 24.81693267822265625 24.819864273071289063 24.8219451904296875 24.823772430419921875 24.82663726806640625 24.830091476440429688 24.832508087158203125 24.834075927734375 24.835313796997070313 24.8375396728515625 24.839569091796875 24.843372344970703125 24.849393844604492188 24.858854293823242188 24.868268966674804688 24.87404632568359375 24.875982284545898438 24.87572479248046875 24.873455047607421875 24.8719635009765625 24.869184494018554688 24.868967056274414063 24.868831634521484375 24.867631912231445313 24.866956710815429688 24.866254806518554688
24.835664749145507813 24.835132598876953125 24.834888458251953125 24.834589004516601563 24.833909988403320313 24.831884384155273438 24.82906341552734375 24.827768325805664063 24.827157974243164063 24.8242645263671875 24.823627471923828125 24.82448577880859375 24.822813034057617188 24.820468902587890625 24.820913314819335938 24.822950363159179688 24.824613571166992188 24.826404571533203125 24.828174591064453125 24.830308914184570313 24.832223892211914063 24.834337234497070313 24.834346771240234375 24.834911346435546875 24.836881637573242188 24.83908843994140625 24.841375350952148438 24.846576690673828125 24.853654861450195313 24.863384246826171875 24.873060226440429688 24.878793716430664063 24.880121231079101563 24.87978363037109375 24.878881454467773438 24.877832412719726563 24.876407623291015625 24.87640380859375 24.874830245971679688 24.87056732177734375 24.868602752685546875 24.867435455322265625
24.840488433837890625 24.839809417724609375 24.839380264282226563 24.838396072387695313 24.836538314819335938 24.833578109741210938 24.831930160522460938 24.832193374633789063 24.832143783569335938 24.830663681030273438 24.82996368408203125 24.830684661865234375 24.830066680908203125 24.828828811645507813 24.82965087890625 24.831867218017578125 24.832216262817382813 24.834356307983398438 24.83567047119140625 24.836978912353515625 24.838104248046875 24.838640213012695313 24.837247848510742188 24.837795257568359375 24.83960723876953125 24.841043472290039063 24.842969894409179688 24.848062515258789063 24.854848861694335938 24.865118026733398438 24.875545501708984375 24.881242752075195313 24.882762908935546875 24.882678985595703125 24.882226943969726563 24.881641387939453125 24.881679534912109375 24.881534576416015625 24.880390167236328125 24.877298355102539063 24.873392105102539063 24.870828628540039063
24.847482681274414063 24.8466339111328125 24.845052719116210938 24.842041015625 24.838531494140625 24.836519241333007813 24.837001800537109375 24.837690353393554688 24.837640762329101563 24.83657073974609375 24.836181640625 24.836885452270507813 24.837879180908203125 24.838338851928710938 24.839040756225585938 24.841342926025390625 24.842845916748046875 24.845418930053710938 24.845167160034179688 24.84442138671875 24.844598770141601563 24.844097137451171875 24.842769622802734375 24.84203338623046875 24.8419647216796875 24.844713211059570313 24.846652984619140625 24.849065780639648438 24.85349273681640625 24.862527847290039063 24.873479843139648438 24.880451202392578125 24.883924484252929688 24.886625289916992188 24.887136459350585938 24.8868560791015625 24.88668060302734375 24.885744094848632813 24.885179519653320313 24.88428497314453125 24.882843017578125 24.881628036499023438
24.859201431274414063 24.857585906982421875 24.852460861206054688 24.844631195068359375 24.843212127685546875 24.844461441040039063 24.84452056884765625 24.844455718994140625 24.84484100341796875 24.84537506103515625 24.846179962158203125 24.84686279296875 24.848331451416015625 24.849870681762695313 24.851491928100585938 24.853368759155273438 24.855316162109375 24.857660293579101563 24.858646392822265625 24.85752105712890625 24.855945587158203125 24.853023529052734375 24.849691390991210938 24.847097396850585938 24.84381103515625 24.845623016357421875 24.846836090087890625 24.848232269287109375 24.851642608642578125 24.85883331298828125 24.870843887329101563 24.882764816284179688 24.888143539428710938 24.891572952270507813 24.891099929809570313 24.890869140625 24.890430450439453125 24.89054107666015625 24.890546798706054688 24.889345169067382813 24.888368606567382813 24.887075424194335938
24.869174957275390625 24.866634368896484375 24.858938217163085938 24.851938247680664063 24.851816177368164063 24.852512359619140625 24.850414276123046875 24.849653244018554688 24.850391387939453125 24.85137939453125 24.85162353515625 24.852128982543945313 24.85540008544921875 24.857385635375976563 24.859254837036132813 24.860467910766601563 24.86254119873046875 24.863634109497070313 24.86252593994140625 24.8612213134765625 24.859609603881835938 24.856563568115234375 24.853206634521484375 24.85083770751953125 24.848766326904296875 24.84995269775390625 24.850177764892578125 24.849462509155273438 24.85051727294921875 24.85523223876953125 24.869441986083984375 24.884717941284179688 24.89138031005859375 24.89597320556640625 24.898035049438476563 24.896772384643554688 24.894117355346679688 24.89312744140625 24.892925262451171875 24.892789840698242188 24.892263412475585938 24.8907470703125
24.872209548950195313 24.868408203125 24.863065719604492188 24.859195709228515625 24.859159469604492188 24.859859466552734375 24.858358383178710938 24.857660293579101563 24.858318328857421875 24.859384536743164063 24.857830047607421875 24.857311248779296875 24.86058807373046875 24.862323760986328125 24.863073348999023438 24.865488052368164063 24.8673248291015625 24.866573333740234375 24.86468505859375 24.863704681396484375 24.862087249755859375 24.858190536499023438 24.85501861572265625 24.853021621704101563 24.851734161376953125 24.852621078491210938 24.852705001831054688 24.852115631103515625 24.852512359619140625 24.85666656494140625 24.871133804321289063 24.8855743408203125 24.892782211303710938 24.899932861328125 24.902370452880859375 24.900976181030273438 24.898807525634765625 24.89658355712890625 24.896076202392578125 24.895599365234375 24.893907546997070313 24.8928375244140625
24.872074127197265625 24.86837005615234375 24.865163803100585938 24.86248779296875 24.862596511840820313 24.864213943481445313 24.86470794677734375 24.864915847778320313 24.86566162109375 24.866733551025390625 24.865533828735351563 24.865125656127929688 24.868135452270507813 24.869009017944335938 24.868410110473632813 24.870317459106445313 24.869657516479492188 24.86835479736328125 24.867034912109375 24.865903854370117188 24.86363983154296875 24.859632492065429688 24.857381820678710938 24.854969024658203125 24.853878021240234375 24.854705810546875 24.854940414428710938 24.854196548461914063 24.854259490966796875 24.859577178955078125 24.875108718872070313 24.88944244384765625 24.896556854248046875 24.903310775756835938 24.904754638671875 24.904142379760742188 24.902418136596679688 24.901363372802734375 24.901424407958984375 24.899866104125976563 24.897153854370117188 24.894960403442382813
