INPUT/RASTER/ASCII/BIO13.asc
ncols        225
nrows        269
xllcorner    473000.000000000000
yllcorner    4429100.000000000000
cellsize     50.000000000000
NODATA_value -9999
[rows 240 to 259 of 269, columns 90 to 134 of 225]
95.72603607177734375 95.7735137939453125 95.9005126953125 95.9231414794921875 95.8303680419921875 95.67296600341796875 95.5872039794921875 95.4609527587890625 95.412750244140625 95.3759613037109375 95.32415771484375 95.3346099853515625 95.382080078125 95.39029693603515625 95.370208740234375 95.4254302978515625 95.62549591064453125 95.83390045166015625 95.7493743896484375 95.54805755615234375 95.8681640625 96.05658721923828125 96.27719879150390625 96.4387359619140625 96.8497772216796875 97.1397247314453125 97.4241790771484375 97.70269775390625 97.786529541015625 98.1990966796875 98.6868133544921875 99.21376800537109375 99.60126495361328125 99.672515869140625 99.74858856201171875 99.661529541015625 99.4620819091796875 99.32570648193359375 99.27899169921875 99.237396240234375 99.22966766357421875 99.2364654541015625 99.209320068359375 99.17107391357421875 99.05910491943359375
95.6962890625 95.76108551025390625 95.8288116455078125 95.82877349853515625 95.71494293212890625 95.55611419677734375 95.479400634765625 95.36794281005859375 95.34613037109375 95.296844482421875 95.2618255615234375 95.3092193603515625 95.38906097412109375 95.37192535400390625 95.3220367431640625 95.36614990234375 95.49134063720703125 95.589935302734375 95.5262451171875 95.518280029296875 96.028106689453125 96.3402862548828125 96.69026947021484375 96.851837158203125 97.2404632568359375 97.51882171630859375 97.9346160888671875 98.2087554931640625 98.186309814453125 98.57466888427734375 98.97052764892578125 99.4023590087890625 99.597991943359375 99.61971282958984375 99.616363525390625 99.5353546142578125 99.352081298828125 99.20654296875 99.12432861328125 99.09406280517578125 99.1106719970703125 99.09705352783203125 99.12467193603515625 99.11701202392578125 99.00864410400390625
95.67586517333984375 95.75543212890625 95.7852783203125 95.76171112060546875 95.6048126220703125 95.4425506591796875 95.4125823974609375 95.30335235595703125 95.279449462890625 95.25188446044921875 95.282806396484375 95.3726654052734375 95.4101104736328125 95.38768768310546875 95.28302764892578125 95.30682373046875 95.34549713134765625 95.40749359130859375 95.4329681396484375 95.750396728515625 96.41362762451171875 96.80962371826171875 97.21375274658203125 97.299072265625 97.75412750244140625 97.90470123291015625 98.44780731201171875 98.80878448486328125 98.770660400390625 99.13336944580078125 99.28839111328125 99.530517578125 99.59466552734375 99.56897735595703125 99.50080108642578125 99.4296417236328125 99.22750091552734375 99.1009979248046875 98.98583984375 98.95470428466796875 98.98479461669921875 98.92366790771484375 99.01947784423828125 99.004241943359375 98.89656829833984375
95.59369659423828125 95.722381591796875 95.6815948486328125 95.7014312744140625 95.47046661376953125 95.34275054931640625 95.3251800537109375 95.24394989013671875 95.2400665283203125 95.22269439697265625 95.246856689453125 95.38137054443359375 95.26538848876953125 95.30767822265625 95.20421600341796875 95.2474517822265625 95.22112274169921875 95.287994384765625 95.4695587158203125 96.14270782470703125 96.90167236328125 97.3425750732421875 97.86339569091796875 98.2071075439453125 98.4530487060546875 98.51908111572265625 98.9246368408203125 99.29225921630859375 99.3785552978515625 99.55576324462890625 99.52742767333984375 99.48168182373046875 99.4579925537109375 99.4368896484375 99.38622283935546875 99.3069915771484375 99.08310699462890625 98.9103240966796875 98.81172943115234375 98.744964599609375 98.746612548828125 98.70507049560546875 98.7611236572265625 98.73877716064453125 98.63936614990234375
95.48287200927734375 95.519378662109375 95.497406005859375 95.48499298095703125 95.3299560546875 95.2500762939453125 95.2459869384765625 95.18401336669921875 95.17485809326171875 95.16448211669921875 95.13277435302734375 95.13196563720703125 95.02529144287109375 95.06548309326171875 95.10251617431640625 95.135406494140625 95.1451416015625 95.2648773193359375 95.652008056640625 96.39647674560546875 97.3579864501953125 97.6356048583984375 98.36937713623046875 98.6610565185546875 98.76934814453125 98.7407379150390625 99.044189453125 99.36113739013671875 99.4704742431640625 99.59603118896484375 99.5101318359375 99.4295501708984375 99.40668487548828125 99.36183929443359375 99.3373565673828125 99.2763824462890625 99.01309967041015625 98.8388671875 98.7345733642578125 98.67542266845703125 98.682159423828125 98.62497711181640625 98.64898681640625 98.61371612548828125 98.53285980224609375
95.442352294921875 95.42168426513671875 95.41481781005859375 95.32936859130859375 95.2166900634765625 95.1826629638671875 95.17278289794921875 95.1561737060546875 95.1497344970703125 95.1228485107421875 95.0440673828125 95.0078582763671875 94.93383026123046875 94.99310302734375 95.1071929931640625 95.13158416748046875 95.20482635498046875 95.3152618408203125 95.6793212890625 96.2349395751953125 97.09497833251953125 97.42041015625 98.2081146240234375 98.7060089111328125 98.71856689453125 98.74494171142578125 98.9628753662109375 99.097076416015625 99.4461212158203125 99.56653594970703125 99.5133056640625 99.3598175048828125 99.3348236083984375 99.28307342529296875 99.29387664794921875 99.2252197265625 98.9355621337890625 98.781036376953125 98.672760009765625 98.6109619140625 98.61801910400390625 98.56420135498046875 98.57054901123046875 98.52349853515625 98.4565277099609375
95.38986968994140625 95.3238983154296875 95.32097625732421875 95.18731689453125 95.1317291259765625 95.09906005859375 95.0994873046875 95.13135528564453125 95.0971832275390625 95.07093048095703125 94.9585113525390625 94.93646240234375 94.91390228271484375 94.98900604248046875 95.10460662841796875 95.15502166748046875 95.21440887451171875 95.4016876220703125 95.6108245849609375 96.0392303466796875 96.4489898681640625 96.92211151123046875 97.6811676025390625 97.63637542724609375 98.261444091796875 98.167877197265625 98.50835418701171875 98.64736175537109375 99.019775390625 99.367950439453125 99.35056304931640625 99.19769287109375 99.1514129638671875 99.17018890380859375 99.2488250732421875 99.11402130126953125 98.836883544921875 98.6799468994140625 98.58464813232421875 98.54168701171875 98.533905029296875 98.496917724609375 98.480560302734375 98.46429443359375 98.41475677490234375
95.3421478271484375 95.2495269775390625 95.2230377197265625 95.092559814453125 95.02208709716796875 94.99615478515625 95.07334136962890625 95.09865570068359375 95.057525634765625 95.0062713623046875 94.91900634765625 94.9056549072265625 94.94304656982421875 95.09333038330078125 95.18589019775390625 95.21160888671875 95.18392181396484375 95.3635711669921875 95.5035552978515625 95.793426513671875 95.979522705078125 96.3074493408203125 96.79717254638671875 96.7705230712890625 97.44792938232421875 97.38434600830078125 97.77916717529296875 97.87640380859375 97.8062286376953125 98.68700408935546875 98.76294708251953125 98.852752685546875 98.6876373291015625 98.9147491455078125 99.105560302734375 98.968292236328125 98.77878570556640625 98.5724639892578125 98.53842926025390625 98.4886474609375 98.464202880859375 98.44216156005859375 98.390533447265625 98.3971405029296875 98.32444000244140625
95.28829193115234375 95.18194580078125 95.1486663818359375 95.0114288330078125 94.92668914794921875 94.90445709228515625 95.012969970703125 95.0504302978515625 94.9767913818359375 94.9499969482421875 94.88629913330078125 94.9123077392578125 95.01398468017578125 95.17026519775390625 95.245941162109375 95.14508819580078125 94.998199462890625 95.18527984619140625 95.300537109375 95.4971160888671875 95.544219970703125 95.7467498779296875 96.04801177978515625 96.0677947998046875 96.58118438720703125 96.56566619873046875 96.91436004638671875 96.97902679443359375 96.927215576171875 97.77832794189453125 97.9592742919921875 98.2177886962890625 98.1302337646484375 98.45468902587890625 98.85894775390625 98.82810211181640625 98.67739105224609375 98.493927001953125 98.45285797119140625 98.4087066650390625 98.37210845947265625 98.37186431884765625 98.3464202880859375 98.332122802734375 98.2564544677734375
95.24188232421875 95.14167022705078125 95.09894561767578125 94.950775146484375 94.849761962890625 94.75814056396484375 94.727996826171875 94.7745513916015625 94.69213104248046875 94.76950836181640625 94.82757568359375 94.91596221923828125 95.01572418212890625 94.9535980224609375 94.91361236572265625 94.7624969482421875 94.67243194580078125 94.7525482177734375 94.784332275390625 94.9902496337890625 94.9260101318359375 95.07207489013671875 95.15331268310546875 95.0476226806640625 95.42720794677734375 95.2448883056640625 95.64734649658203125 95.47920989990234375 96.02683258056640625 96.55416107177734375 96.8031005859375 97.396453857421875 97.637542724609375 97.9358062744140625 98.4037017822265625 98.540771484375 98.52320098876953125 98.329925537109375 98.29566192626953125 98.246612548828125 98.1946868896484375 98.2479095458984375 98.22393798828125 98.2369384765625 98.15291595458984375
95.24395751953125 95.0951690673828125 95.04703521728515625 94.91819000244140625 94.8016815185546875 94.69651031494140625 94.6608428955078125 94.6233673095703125 94.575103759765625 94.64463043212890625 94.7983245849609375 94.86785125732421875 94.888641357421875 94.736968994140625 94.63922882080078125 94.57330322265625 94.53311920166015625 94.55698394775390625 94.595306396484375 94.6868438720703125 94.675567626953125 94.70623779296875 94.64687347412109375 94.646881103515625 94.85874176025390625 94.8647918701171875 95.0291900634765625 95.06500244140625 95.3748321533203125 95.95735931396484375 96.53265380859375 96.9580841064453125 97.46295166015625 97.7209625244140625 98.203094482421875 98.4757080078125 98.421112060546875 98.18292236328125 98.139678955078125 98.09328460693359375 98.068328857421875 98.1568145751953125 98.1865997314453125 98.17995452880859375 98.09307861328125
95.28490447998046875 95.13735198974609375 95.074462890625 94.93024444580078125 94.7979583740234375 94.68347930908203125 94.62723541259765625 94.57607269287109375 94.54938507080078125 94.59740447998046875 94.7386627197265625 94.777496337890625 94.705780029296875 94.5476531982421875 94.44964599609375 94.43194580078125 94.44161224365234375 94.498687744140625 94.5156402587890625 94.48696136474609375 94.47979736328125 94.4654998779296875 94.38286590576171875 94.41021728515625 94.5960845947265625 94.6009063720703125 94.675872802734375 94.725982666015625 94.9473419189453125 95.4665985107421875 96.02970123291015625 96.48102569580078125 97.158416748046875 97.50424957275390625 98.0975494384765625 98.31488800048828125 98.23249053955078125 97.89232635498046875 98.01070404052734375 97.97415924072265625 97.97613525390625 98.1291046142578125 98.14923095703125 98.11791229248046875 98.0692901611328125
95.35550689697265625 95.1927032470703125 95.12874603271484375 94.96575927734375 94.8294219970703125 94.7051239013671875 94.64239501953125 94.55504608154296875 94.55096435546875 94.57276153564453125 94.6927337646484375 94.728912353515625 94.62786865234375 94.4198455810546875 94.3061981201171875 94.3178863525390625 94.37998199462890625 94.50298309326171875 94.58637237548828125 94.5793304443359375 94.441253662109375 94.40003204345703125 94.25841522216796875 94.2555694580078125 94.35208892822265625 94.36432647705078125 94.3365631103515625 94.41428375244140625 94.5700225830078125 94.9533233642578125 95.444671630859375 95.78151702880859375 96.64188385009765625 97.01975250244140625 97.8499755859375 97.98310089111328125 97.694366455078125 97.683746337890625 97.9148101806640625 98.05875396728515625 98.020660400390625 98.0212554931640625 98.06397247314453125 98.07958984375 98.0324554443359375
95.444793701171875 95.25543212890625 95.1708984375 94.973876953125 94.88463592529296875 94.734954833984375 94.6233367919921875 94.52301025390625 94.52533721923828125 94.5364227294921875 94.6672821044921875 94.724090576171875 94.62696075439453125 94.3466949462890625 94.2462921142578125 94.2721710205078125 94.32256317138671875 94.45729827880859375 94.6023712158203125 94.67000579833984375 94.64333343505859375 94.51399993896484375 94.23258209228515625 94.14190673828125 94.11425018310546875 94.12088775634765625 94.092803955078125 94.170928955078125 94.3123779296875 94.57906341552734375 94.94167327880859375 95.12050628662109375 95.97491455078125 96.2696685791015625 97.0487060546875 97.28890228271484375 96.9640045166015625 97.5161590576171875 97.88861083984375 98.0408477783203125 97.996795654296875 97.994293212890625 98.01287841796875 98.02201080322265625 97.9883270263671875
95.5603179931640625 95.324981689453125 95.27080535888671875 95.0776824951171875 95.01702117919921875 94.7924652099609375 94.61792755126953125 94.468505859375 94.4587249755859375 94.456390380859375 94.6076202392578125 94.69068145751953125 94.61407470703125 94.280364990234375 94.16271209716796875 94.21959686279296875 94.22704315185546875 94.32883453369140625 94.4952545166015625 94.5992889404296875 94.6730804443359375 94.5566253662109375 94.23271942138671875 94.02822113037109375 93.889739990234375 93.9252777099609375 93.9572906494140625 94.057464599609375 94.1816864013671875 94.194091796875 94.4523162841796875 94.55744171142578125 95.38311767578125 95.46524810791015625 95.918609619140625 96.34853363037109375 96.2450103759765625 97.2596588134765625 97.78282928466796875 98.0255279541015625 98.0412750244140625 97.9828643798828125 98.0027923583984375 97.96124267578125 97.93733978271484375
95.8407440185546875 95.483367919921875 95.5498504638671875 95.304534912109375 95.2467803955078125 94.9060821533203125 94.61946868896484375 94.37073516845703125 94.37839508056640625 94.317840576171875 94.4863739013671875 94.4471893310546875 94.36290740966796875 94.1387786865234375 93.98785400390625 94.08493804931640625 94.04996490478515625 94.09496307373046875 94.3197479248046875 94.30977630615234375 94.5523681640625 94.37380218505859375 94.2013702392578125 93.989715576171875 93.779052734375 93.78433990478515625 93.79996490478515625 93.9713134765625 93.94034576416015625 93.745880126953125 93.856414794921875 94.02318572998046875 94.5755157470703125 94.5778045654296875 94.64234161376953125 94.96685028076171875 95.763458251953125 96.7397613525390625 97.45017242431640625 97.881500244140625 97.9113616943359375 97.8919830322265625 97.8868255615234375 97.87105560302734375 97.84214019775390625
96.2372283935546875 95.95440673828125 95.88066864013671875 95.7758636474609375 95.41149139404296875 95.113983154296875 94.64996337890625 94.2718505859375 94.2039794921875 94.163360595703125 94.2369537353515625 94.13161468505859375 94.01526641845703125 93.93756103515625 93.8621673583984375 93.87705230712890625 93.85788726806640625 93.85511016845703125 93.9207611083984375 93.8932952880859375 94.0236968994140625 94.0153350830078125 94.0907135009765625 94.00833892822265625 93.68184661865234375 93.5912628173828125 93.62249755859375 93.66217041015625 93.65264892578125 93.666748046875 93.7772216796875 93.946685791015625 94.20928955078125 94.28432464599609375 94.465179443359375 94.86740875244140625 95.53830718994140625 96.3874664306640625 97.31429290771484375 97.7972412109375 97.83270263671875 97.84897613525390625 97.83563995361328125 -9999 -9999
96.3199615478515625 96.08245849609375 95.93463897705078125 95.6649932861328125 95.45269012451171875 94.96697998046875 94.6077880859375 94.2506866455078125 94.131195068359375 94.08697509765625 94.061767578125 93.995635986328125 93.951629638671875 93.88570404052734375 93.79937744140625 93.79114532470703125 93.74599456787109375 93.7227935791015625 93.68126678466796875 93.70821380615234375 93.79461669921875 93.881072998046875 93.9539031982421875 93.9094085693359375 93.659881591796875 93.5096282958984375 -9999 -9999 -9999 -9999 -9999 -9999 -9999 -9999 -9999 -9999 -9999 -9999 -9999 97.76526641845703125 97.8087158203125 -9999 -9999 -9999 -9999
96.415985107421875 96.0836334228515625 95.86324310302734375 95.26287841796875 95.11297607421875 94.75222015380859375 94.421966552734375 94.18405914306640625 94.072021484375 94.05637359619140625 94.05745697021484375 93.9827423095703125 93.91843414306640625 93.84746551513671875 93.76154327392578125 93.698333740234375 93.65383148193359375 93.57570648193359375 93.516937255859375 93.611328125 93.6475372314453125 93.75485992431640625 -9999 -9999 -9999 -9999 -9999 -9999 -9999 -9999 -9999 -9999 -9999 -9999 -9999 -9999 -9999 -9999 -9999 -9999 -9999 -9999 -9999 -9999 -9999
96.39117431640625 95.96856689453125 95.70410919189453125 95.0384979248046875 94.74858856201171875 94.406158447265625 94.299652099609375 94.12337493896484375 94.04621124267578125 94.07164764404296875 94.23686981201171875 94.12023162841796875 93.94158172607421875 93.821929931640625 93.71186065673828125 93.638702392578125 93.56313323974609375 93.48133087158203125 93.4438018798828125 -9999 -9999 -9999 -9999 -9999 -9999 -9999 -9999 -9999 -9999 -9999 -9999 -9999 -9999 -9999 -9999 -9999 -9999 -9999 -9999 -9999 -9999 -9999 -9999 -9999 -9999
