INPUT/RASTER/ASCII/BIO14.asc
ncols        225
nrows        269
xllcorner    473000.000000000000
yllcorner    4429100.000000000000
cellsize     50.000000000000
NODATA_value -9999
[rows 180 to 199 of 269, columns 88 to 131 of 225]
6.8200898170471191406 6.844081878662109375 6.8794088363647460938 6.9277324676513671875 6.9567046165466308594 6.9926347732543945312 7.0056090354919433594 6.9968228340148925781 6.9579706192016601562 6.9207324981689453125 6.9302587509155273438 6.9771261215209960938 7.0117425918579101562 7.0655694007873535156 7.0787115097045898438 7.0971479415893554688 7.0931615829467773438 7.0240449905395507812 6.9538021087646484375 6.8773951530456542969 6.7416858673095703125 6.6621394157409667969 6.5608797073364257812 6.4886121749877929688 6.4771246910095214844 6.5080175399780273438 6.5889129638671875 6.6863842010498046875 6.7130670547485351562 6.7132358551025390625 6.6898188591003417969 6.6369080543518066406 6.5835475921630859375 6.6200304031372070312 6.6695981025695800781 6.67598724365234375 6.7324500083923339844 6.7709093093872070312 6.8652830123901367188 6.9804034233093261719 7.0570979118347167969 7.1449403762817382812 7.1517505645751953125 7.1440382003784179688
6.8238992691040039062 6.84255218505859375 6.8729357719421386719 6.9214639663696289062 6.9477076530456542969 6.9729022979736328125 6.9832620620727539062 6.9648113250732421875 6.9252185821533203125 6.8822202682495117188 6.8766937255859375 6.9311270713806152344 6.9639329910278320312 7.0365633964538574219 7.0555596351623535156 7.0720753669738769531 7.0745248794555664062 6.975612640380859375 6.9030323028564453125 6.8242135047912597656 6.7012929916381835938 6.6235032081604003906 6.5310754776000976562 6.4689812660217285156 6.4659523963928222656 6.497821807861328125 6.571475982666015625 6.6620936393737792969 6.699069976806640625 6.7157011032104492188 6.7013149261474609375 6.6445231437683105469 6.5726747512817382812 6.5899405479431152344 6.6087346076965332031 6.6194300651550292969 6.6578264236450195312 6.6992273330688476562 6.7791171073913574219 6.8858890533447265625 6.9731130599975585938 7.0555043220520019531 7.0989251136779785156 7.0992989540100097656
6.8211169242858886719 6.8410124778747558594 6.876834869384765625 6.9246320724487304688 6.9511656761169433594 6.9596843719482421875 6.9638233184814453125 6.9247083663940429688 6.890567779541015625 6.8428163528442382812 6.8323564529418945312 6.8879528045654296875 6.89360809326171875 6.9640927314758300781 6.9743804931640625 6.9901547431945800781 7.0058107376098632812 6.8847966194152832031 6.8428068161010742188 6.7637834548950195312 6.671283721923828125 6.5933966636657714844 6.5107092857360839844 6.4502859115600585938 6.4424328804016113281 6.4781713485717773438 6.5383777618408203125 6.6118955612182617188 6.6614484786987304688 6.6880736351013183594 6.6844630241394042969 6.642063140869140625 6.56386566162109375 6.5485076904296875 6.5446181297302246094 6.560031890869140625 6.5874571800231933594 6.6369843482971191406 6.6669921875 6.7519516944885253906 6.8391313552856445312 6.9149112701416015625 6.9847517013549804688 6.9921164512634277344
6.8217220306396484375 6.8492403030395507812 6.8881592750549316406 6.9328298568725585938 6.948497772216796875 6.9354796409606933594 6.9238109588623046875 6.8665003776550292969 6.8221836090087890625 6.7709980010986328125 6.7467565536499023438 6.7798490524291992188 6.7798480987548828125 6.8247933387756347656 6.8355073928833007812 6.8388743400573730469 6.830570220947265625 6.7325897216796875 6.716663360595703125 6.6634998321533203125 6.6102972030639648438 6.5540819168090820312 6.4878940582275390625 6.4355459213256835938 6.4052419662475585938 6.4303445816040039062 6.4783611297607421875 6.5490832328796386719 6.6012978553771972656 6.6479401588439941406 6.6545157432556152344 6.6351823806762695312 6.5609197616577148438 6.4996290206909179688 6.4773950576782226562 6.4761676788330078125 6.5051755905151367188 6.5436525344848632812 6.6022410392761230469 6.6967511177062988281 6.7834672927856445312 6.8474779129028320312 6.9149017333984375 6.9127888679504394531
6.8275418281555175781 6.8571186065673828125 6.8964819908142089844 6.933135986328125 6.9347729682922363281 6.9094915390014648438 6.9042634963989257812 6.8381457328796386719 6.7884507179260253906 6.7315502166748046875 6.69549560546875 6.7281465530395507812 6.7258615493774414062 6.7674117088317871094 6.7693362236022949219 6.7521882057189941406 6.7325458526611328125 6.6401262283325195312 6.6394090652465820312 6.5958437919616699219 6.5708174705505371094 6.5291967391967773438 6.4703917503356933594 6.4215517044067382812 6.3811621665954589844 6.3974456787109375 6.4382610321044921875 6.5206875801086425781 6.5882158279418945312 6.6407871246337890625 6.6508679389953613281 6.6360621452331542969 6.5749053955078125 6.5120229721069335938 6.4768252372741699219 6.4705963134765625 6.4864001274108886719 6.5153980255126953125 6.5589222908020019531 6.6362662315368652344 6.7164597511291503906 6.7681446075439453125 6.8403215408325195312 6.8314971923828125
6.8361325263977050781 6.8659319877624511719 6.9021973609924316406 6.9239854812622070312 6.9114937782287597656 6.8761200904846191406 6.8733701705932617188 6.8079276084899902344 6.7613215446472167969 6.7125825881958007812 6.6727352142333984375 6.6792688369750976562 6.6801433563232421875 6.7251367568969726562 6.7177667617797851562 6.6967439651489257812 6.6562414169311523438 6.5678210258483886719 6.5640358924865722656 6.5346179008483886719 6.5407762527465820312 6.5033731460571289062 6.4512767791748046875 6.4132175445556640625 6.367877960205078125 6.3730416297912597656 6.40274810791015625 6.4988179206848144531 6.5770168304443359375 6.6322174072265625 6.6472125053405761719 6.6328082084655761719 6.580780029296875 6.5281877517700195312 6.4824862480163574219 6.472576141357421875 6.4737396240234375 6.4937496185302734375 6.5157179832458496094 6.5762944221496582031 6.6551141738891601562 6.6902146339416503906 6.7591223716735839844 6.7426848411560058594
6.8411321640014648438 6.8810229301452636719 6.908626556396484375 6.9121313095092773438 6.8844552040100097656 6.8464765548706054688 6.8289022445678710938 6.7790117263793945312 6.7291126251220703125 6.6877093315124511719 6.6619930267333984375 6.6276636123657226562 6.6351132392883300781 6.6673760414123535156 6.666568756103515625 6.6710653305053710938 6.6159267425537109375 6.5324420928955078125 6.4991397857666015625 6.4847292900085449219 6.4772787094116210938 6.4537630081176757812 6.4298954010009765625 6.3898377418518066406 6.3507204055786132812 6.3520078659057617188 6.3955450057983398438 6.4842634201049804688 6.567699432373046875 6.6222748756408691406 6.6435503959655761719 6.6327052116394042969 6.5817613601684570312 6.5358438491821289062 6.4875597953796386719 6.4707698822021484375 6.4569668769836425781 6.4692606925964355469 6.4767222404479980469 6.522686004638671875 6.5947065353393554688 6.6186342239379882812 6.6788616180419921875 6.6541309356689453125
6.863254547119140625 6.8951511383056640625 6.9100122451782226562 6.89931488037109375 6.8748726844787597656 6.8195767402648925781 6.7872509956359863281 6.7458710670471191406 6.6883840560913085938 6.6582689285278320312 6.6051192283630371094 6.5798206329345703125 6.6057095527648925781 6.6171560287475585938 6.6268162727355957031 6.629322052001953125 6.58409881591796875 6.5051150321960449219 6.470127105712890625 6.4595694541931152344 6.4222674369812011719 6.4128584861755371094 6.3895416259765625 6.3569965362548828125 6.3419499397277832031 6.3375725746154785156 6.3737149238586425781 6.4473657608032226562 6.541900634765625 6.6080899238586425781 6.633319854736328125 6.6330413818359375 6.6015863418579101562 6.5454254150390625 6.4902057647705078125 6.4600172042846679688 6.4354939460754394531 6.4367656707763671875 6.4500260353088378906 6.4724054336547851562 6.523448944091796875 6.5546522140502929688 6.5702662467956542969 6.5738964080810546875
6.8700537681579589844 6.8897571563720703125 6.8994698524475097656 6.86840057373046875 6.8423700332641601562 6.7822656631469726562 6.7487649917602539062 6.7136645317077636719 6.6631097793579101562 6.62430572509765625 6.574367523193359375 6.5601954460144042969 6.579010009765625 6.596576690673828125 6.6002359390258789062 6.5911388397216796875 6.5601511001586914062 6.4906072616577148438 6.47029876708984375 6.4772014617919921875 6.4698123931884765625 6.4183793067932128906 6.3792414665222167969 6.3449859619140625 6.3316221237182617188 6.3227090835571289062 6.3476099967956542969 6.4250216484069824219 6.4717893600463867188 6.5621089935302734375 6.58348846435546875 6.6203751564025878906 6.6046757698059082031 6.5626235008239746094 6.4868483543395996094 6.4370284080505371094 6.4097886085510253906 6.3797426223754882812 6.3963751792907714844 6.4179301261901855469 6.4021382331848144531 6.4622492790222167969 6.4172716140747070312 6.4685039520263671875
6.8643407821655273438 6.8666620254516601562 6.8531556129455566406 6.785762786865234375 6.766933441162109375 6.71813201904296875 6.6878285408020019531 6.6673216819763183594 6.6323757171630859375 6.6185050010681152344 6.5887141227722167969 6.553985595703125 6.539752960205078125 6.5147724151611328125 6.5466127395629882812 6.5499277114868164062 6.5327892303466796875 6.5072145462036132812 6.5178542137145996094 6.5133719444274902344 6.5105791091918945312 6.4687056541442871094 6.4139862060546875 6.3772306442260742188 6.3461475372314453125 6.3284921646118164062 6.3265523910522460938 6.3794789314270019531 6.4303178787231445312 6.5119280815124511719 6.5514521598815917969 6.6096396446228027344 6.625339508056640625 6.5655317306518554688 6.490070343017578125 6.4333004951477050781 6.382694244384765625 6.3504986763000488281 6.3429994583129882812 6.3543448448181152344 6.3549256324768066406 6.3840947151184082031 6.36721038818359375 6.3816194534301757812
6.8620820045471191406 6.8612418174743652344 6.8294730186462402344 6.768993377685546875 6.7335176467895507812 6.6922717094421386719 6.6814374923706054688 6.6701083183288574219 6.6750946044921875 6.6582484245300292969 6.6315774917602539062 6.5938520431518554688 6.554386138916015625 6.5026717185974121094 6.503337860107421875 6.5463147163391113281 6.5154538154602050781 6.4970417022705078125 6.5104465484619140625 6.52744293212890625 6.5456705093383789062 6.5199160575866699219 6.4641900062561035156 6.4189152717590332031 6.3830900192260742188 6.3446598052978515625 6.3213410377502441406 6.3484010696411132812 6.3860063552856445312 6.4671330451965332031 6.5099620819091796875 6.5936765670776367188 6.6395740509033203125 6.5825033187866210938 6.5009036064147949219 6.4314565658569335938 6.3657894134521484375 6.3269166946411132812 6.2995519638061523438 6.31134796142578125 6.3162097930908203125 6.3378787040710449219 6.3256459236145019531 6.3341746330261230469
6.8671789169311523438 6.8624262809753417969 6.8246965408325195312 6.7654414176940917969 6.7277116775512695312 6.7025046348571777344 6.7062129974365234375 6.7112488746643066406 6.7234745025634765625 6.7069196701049804688 6.6705431938171386719 6.629932403564453125 6.59613037109375 6.531185150146484375 6.4856038093566894531 6.5115199089050292969 6.4901843070983886719 6.4623651504516601562 6.4898052215576171875 6.5244550704956054688 6.5684733390808105469 6.5642566680908203125 6.5050802230834960938 6.4587039947509765625 6.424381256103515625 6.366489410400390625 6.3182091712951660156 6.3164081573486328125 6.3473567962646484375 6.4328989982604980469 6.4760236740112304688 6.5689673423767089844 6.6594710350036621094 6.6174645423889160156 6.5213599205017089844 6.4390530586242675781 6.3612275123596191406 6.3241119384765625 6.2829232215881347656 6.2847132682800292969 6.2926020622253417969 6.3041639328002929688 6.2954120635986328125 6.2989721298217773438
6.8794755935668945312 6.8721036911010742188 6.8327646255493164062 6.7732172012329101562 6.7405200004577636719 6.7345137596130371094 6.7385377883911132812 6.7616329193115234375 6.7690114974975585938 6.7543711662292480469 6.7009816169738769531 6.6452221870422363281 6.6150951385498046875 6.5474100112915039062 6.48065948486328125 6.4644365310668945312 6.4395623207092285156 6.4264860153198242188 6.4559316635131835938 6.4962639808654785156 6.5591497421264648438 6.5701346397399902344 6.5252223014831542969 6.4862046241760253906 6.462810516357421875 6.4024829864501953125 6.3351192474365234375 6.2903881072998046875 6.3153123855590820312 6.3995556831359863281 6.4553041458129882812 6.5389680862426757812 6.6510210037231445312 6.6433935165405273438 6.5533132553100585938 6.4589242935180664062 6.3703517913818359375 6.332637786865234375 6.2835621833801269531 6.2712283134460449219 6.2756023406982421875 6.2829546928405761719 6.2755637168884277344 6.2764830589294433594
6.8898644447326660156 6.8798837661743164062 6.8396306037902832031 6.7847638130187988281 6.7621335983276367188 6.7722516059875488281 6.7765231132507324219 6.7996187210083007812 6.809818267822265625 6.7874050140380859375 6.7154803276062011719 6.6520013809204101562 6.620792388916015625 6.5636277198791503906 6.494632720947265625 6.4485211372375488281 6.4150781631469726562 6.3855462074279785156 6.4012670516967773438 6.4489507675170898438 6.5214786529541015625 6.5310306549072265625 6.5134649276733398438 6.4966940879821777344 6.4836783409118652344 6.433746337890625 6.3573732376098632812 6.2859368324279785156 6.2908201217651367188 6.3642716407775878906 6.4270215034484863281 6.4982171058654785156 6.6227264404296875 6.647785186767578125 6.5824790000915527344 6.481624603271484375 6.3861212730407714844 6.34210205078125 6.2829351425170898438 6.2604780197143554688 6.2623753547668457031 6.269012451171875 6.2717695236206054688 6.2748212814331054688
6.8909487724304199219 6.8876562118530273438 6.8580098152160644531 6.801025390625 6.78545379638671875 6.7884111404418945312 6.7908830642700195312 6.8038148880004882812 6.8118844032287597656 6.7663044929504394531 6.6966938972473144531 6.6512165069580078125 6.6017565727233886719 6.5722808837890625 6.5123066902160644531 6.4751100540161132812 6.4062833786010742188 6.3596396446228027344 6.3749370574951171875 6.4288125038146972656 6.4838008880615234375 6.4705471992492675781 6.4633741378784179688 6.4807257652282714844 6.4565024375915527344 6.4546117782592773438 6.3647866249084472656 6.2845530509948730469 6.2795476913452148438 6.3278574943542480469 6.39684295654296875 6.4480066299438476562 6.5830888748168945312 6.6175484657287597656 6.5774474143981933594 6.4929819107055664062 6.3956284523010253906 6.3506169319152832031 6.2844252586364746094 6.2552089691162109375 6.2548112869262695312 6.2630896568298339844 6.2764720916748046875 6.28687286376953125
6.8865709304809570312 6.8907942771911621094 6.8767633438110351562 6.8391938209533691406 6.8087673187255859375 6.8007020950317382812 6.7997412681579589844 6.7918791770935058594 6.7602572441101074219 6.6955432891845703125 6.6204800605773925781 6.5834956169128417969 6.5300478935241699219 6.5017080307006835938 6.4225697517395019531 6.3799490928649902344 6.3384151458740234375 6.3467240333557128906 6.3751597404479980469 6.4218645095825195312 6.4150381088256835938 6.3711009025573730469 6.3449258804321289062 6.3476877212524414062 6.3332018852233886719 6.3583984375 6.3240733146667480469 6.2752518653869628906 6.261707305908203125 6.2721343040466308594 6.3119063377380371094 6.3655314445495605469 6.4811248779296875 6.5055942535400390625 6.5145502090454101562 6.4760036468505859375 6.392284393310546875 6.3487348556518554688 6.2779302597045898438 6.2445292472839355469 6.2462797164916992188 6.2644071578979492188 6.2860355377197265625 6.3235077857971191406
6.8799796104431152344 6.8891954421997070312 6.8803391456604003906 6.8440957069396972656 6.811191558837890625 6.8055429458618164062 6.8046312332153320312 6.7887887954711914062 6.7471861839294433594 6.6661763191223144531 6.5628271102905273438 6.5127816200256347656 6.4495830535888671875 6.4234280586242675781 6.3435306549072265625 6.329051971435546875 6.3458147048950195312 6.3929142951965332031 6.4073805809020996094 6.410320281982421875 6.383953094482421875 6.3348865509033203125 6.3003177642822265625 6.3014702796936035156 6.2892484664916992188 6.3055591583251953125 6.2892470359802246094 6.2686648368835449219 6.2579741477966308594 6.2602739334106445312 6.2798204421997070312 6.3153619766235351562 6.4178533554077148438 6.4455676078796386719 6.4779992103576660156 6.4618377685546875 6.3754019737243652344 6.3355045318603515625 6.2613081932067871094 6.2274327278137207031 6.2368097305297851562 6.2739138603210449219 6.3067846298217773438 6.353992462158203125
6.8794193267822265625 6.8842692375183105469 6.873996734619140625 6.8349018096923828125 6.8043012619018554688 6.8078289031982421875 6.8066802024841308594 6.7818355560302734375 6.7331628799438476562 6.6399936676025390625 6.5226435661315917969 6.4477281570434570312 6.3819565773010253906 6.3394727706909179688 6.2728338241577148438 6.304599761962890625 6.3637757301330566406 6.4109163284301757812 6.4199070930480957031 6.3792171478271484375 6.3462500572204589844 6.3064026832580566406 6.2743291854858398438 6.2703619003295898438 6.25977325439453125 6.2716083526611328125 6.2741174697875976562 6.2706089019775390625 6.2599029541015625 6.2601766586303710938 6.2628450393676757812 6.2788271903991699219 6.3498525619506835938 6.3737406730651855469 6.4191803932189941406 6.4231042861938476562 6.350513458251953125 6.3194346427917480469 6.24062347412109375 6.2042751312255859375 6.2273349761962890625 6.2857184410095214844 6.329418182373046875 6.3867831230163574219
6.8748726844787597656 6.8632683753967285156 6.8497986793518066406 6.8086881637573242188 6.8051962852478027344 6.8140316009521484375 6.8069043159484863281 6.7734479904174804688 6.6955819129943847656 6.5988149642944335938 6.5257968902587890625 6.4091782569885253906 6.370304107666015625 6.2650122642517089844 6.2239532470703125 6.2792448997497558594 6.35909271240234375 6.3786268234252929688 6.3728046417236328125 6.3354978561401367188 6.2991285324096679688 6.2844820022583007812 6.2699909210205078125 6.2487215995788574219 6.2419457435607910156 6.2523159980773925781 6.2759075164794921875 6.2821860313415527344 6.2812070846557617188 6.2736110687255859375 6.2638216018676757812 6.2502503395080566406 6.2497301101684570312 6.2909135818481445312 6.3419737815856933594 6.3730297088623046875 6.3238916397094726562 6.2995810508728027344 6.2234377861022949219 6.1818151473999023438 6.2169103622436523438 6.284759521484375 6.346378326416015625 6.3983707427978515625
6.8612957000732421875 6.8520917892456054688 6.8318471908569335938 6.7889981269836425781 6.7896952629089355469 6.8080153465270996094 6.7919993400573730469 6.7452502250671386719 6.6598763465881347656 6.583431243896484375 6.4869446754455566406 6.4102921485900878906 6.354679107666015625 6.2670583724975585938 6.212169647216796875 6.2586007118225097656 6.3053569793701171875 6.321788787841796875 6.2926263809204101562 6.2908978462219238281 6.2661657333374023438 6.276149749755859375 6.2663636207580566406 6.2450184822082519531 6.2320885658264160156 6.2405710220336914062 6.2747998237609863281 6.2988233566284179688 6.3185596466064453125 6.292575836181640625 6.2817912101745605469 6.2452654838562011719 6.1902184486389160156 6.233142852783203125 6.2715196609497070312 6.3111324310302734375 6.2950048446655273438 6.2778201103210449219 6.1988673210144042969 6.1607160568237304688 6.1913433074951171875 6.267314910888671875 6.3311872482299804688 6.3978929519653320312
