INPUT/RASTER/ASCII/BIO10.asc
ncols        225
nrows        269
xllcorner    473009.983799999987
yllcorner    4429051.174800000153
cellsize     50.000000000000
NODATA_value  -9999
[rows 152 to 170 of 269, columns 44 to 87 of 225]
24.987346649169921875 24.985767364501953125 24.984468460083007813 24.98184967041015625 24.978397369384765625 24.977142333984375 24.979167938232421875 24.982500076293945313 24.991945266723632813 25.001401901245117188 25.005876541137695313 25.004644393920898438 25.00093841552734375 25.001455307006835938 25.006555557250976563 25.01065826416015625 25.006475448608398438 25.00006103515625 24.997579574584960938 24.998203277587890625 24.998510360717773438 25.00171661376953125 25.013063430786132813 25.0146331787109375 25.010152816772460938 25.01318359375 25.021884918212890625 25.042516708374023438 25.05684661865234375 25.066213607788085938 25.067724227905273438 25.068248748779296875 25.068189620971679688 25.069082260131835938 25.07178497314453125 25.071056365966796875 25.065977096557617188 25.062326431274414063 25.06085205078125 25.0613555908203125 25.073055267333984375 25.086992263793945313 25.103450775146484375 25.1065673828125
24.992977142333984375 24.99124908447265625 24.988859176635742188 24.9849090576171875 24.98213958740234375 24.982410430908203125 24.986284255981445313 24.991455078125 25.008829116821289063 25.026947021484375 25.0348663330078125 25.033231735229492188 25.02303314208984375 25.015964508056640625 25.017625808715820313 25.016576766967773438 25.010053634643554688 25.00363922119140625 25.001338958740234375 25.001703262329101563 25.001859664916992188 25.002712249755859375 25.005750656127929688 25.00765228271484375 25.00222015380859375 24.996822357177734375 24.998460769653320313 25.0072479248046875 25.017400741577148438 25.05570220947265625 25.069128036499023438 25.072626113891601563 25.075199127197265625 25.077991485595703125 25.078647613525390625 25.074552536010742188 25.069761276245117188 25.067197799682617188 25.066066741943359375 25.065395355224609375 25.065076828002929688 25.0683441162109375 25.092477798461914063 25.1098175048828125
24.99790191650390625 24.99636077880859375 24.993238449096679688 24.98894500732421875 24.986635208129882813 24.988615036010742188 24.994268417358398438 25.00057220458984375 25.022642135620117188 25.045232772827148438 25.054426193237304688 25.05075836181640625 25.040487289428710938 25.0348052978515625 25.034791946411132813 25.027538299560546875 25.012989044189453125 25.0047760009765625 25.002279281616210938 25.002267837524414063 25.002685546875 25.0063934326171875 25.017353057861328125 25.021183013916015625 25.0124053955078125 25.004291534423828125 24.9992218017578125 24.994029998779296875 24.991634368896484375 25.017591476440429688 25.045795440673828125 25.065000534057617188 25.077157974243164063 25.081632614135742188 25.084331512451171875 25.077999114990234375 25.072130203247070313 25.070165634155273438 25.069681167602539063 25.069103240966796875 25.068431854248046875 25.067880630493164063 25.076761245727539063 25.103292465209960938
25.002040863037109375 25.00116729736328125 24.997758865356445313 24.993879318237304688 24.993244171142578125 24.997934341430664063 25.008413314819335938 25.017253875732421875 25.0392913818359375 25.0611724853515625 25.070262908935546875 25.066282272338867188 25.059543609619140625 25.0582275390625 25.056949615478515625 25.044315338134765625 25.020917892456054688 25.00788116455078125 25.004343032836914063 25.003162384033203125 25.003717422485351563 25.0120086669921875 25.023937225341796875 25.028734207153320313 25.02146148681640625 25.011852264404296875 25.00458526611328125 24.997400283813476563 24.994852066040039063 24.996494293212890625 25.01819610595703125 25.0428924560546875 25.0504608154296875 25.0583953857421875 25.084074020385742188 25.082319259643554688 25.075275421142578125 25.073690414428710938 25.07378387451171875 25.073375701904296875 25.072240829467773438 25.0708465576171875 25.071498870849609375 25.086225509643554688
25.006895065307617188 25.005054473876953125 25.00293731689453125 25.001893997192382813 25.00688934326171875 25.016088485717773438 25.029369354248046875 25.038625717163085938 25.056409835815429688 25.072528839111328125 25.079980850219726563 25.078203201293945313 25.074916839599609375 25.073146820068359375 25.0686798095703125 25.053167343139648438 25.027835845947265625 25.011526107788085938 25.007158279418945313 25.006921768188476563 25.011280059814453125 25.020496368408203125 25.026090621948242188 25.030405044555664063 25.0254669189453125 25.015872955322265625 25.010587692260742188 25.00395965576171875 25.000722885131835938 25.000303268432617188 25.008579254150390625 25.030704498291015625 25.043695449829101563 25.049554824829101563 25.0545196533203125 25.050760269165039063 25.063465118408203125 25.07279205322265625 25.07379150390625 25.076539993286132813 25.076305389404296875 25.07440948486328125 25.073572158813476563 25.076786041259765625
25.013399124145507813 25.01187896728515625 25.009382247924804688 25.012134552001953125 25.023530960083007813 25.037078857421875 25.0493927001953125 25.05682373046875 25.070423126220703125 25.079427719116210938 25.08435821533203125 25.084796905517578125 25.081668853759765625 25.07465362548828125 25.067291259765625 25.051763534545898438 25.029998779296875 25.014163970947265625 25.01189422607421875 25.019201278686523438 25.022930145263671875 25.025102615356445313 25.028064727783203125 25.030742645263671875 25.02776336669921875 25.021360397338867188 25.017553329467773438 25.012485504150390625 25.008405685424804688 25.007425308227539063 25.012598037719726563 25.020727157592773438 25.032901763916015625 25.04573822021484375 25.0462493896484375 25.040941238403320313 25.041658401489257813 25.042917251586914063 25.0471649169921875 25.066442489624023438 25.070997238159179688 25.06940460205078125 25.068731307983398438 25.070133209228515625
25.020357131958007813 25.018991470336914063 25.017427444458007813 25.02240753173828125 25.03692626953125 25.05266571044921875 25.0641326904296875 25.070016860961914063 25.080474853515625 25.086019515991210938 25.088346481323242188 25.087175369262695313 25.080303192138671875 25.068912506103515625 25.061128616333007813 25.050638198852539063 25.0355072021484375 25.023725509643554688 25.024030685424804688 25.028520584106445313 25.0289306640625 25.028917312622070313 25.030054092407226563 25.030607223510742188 25.028863906860351563 25.025732040405273438 25.0233154296875 25.019781112670898438 25.016649246215820313 25.017004013061523438 25.0230865478515625 25.026582717895507813 25.028097152709960938 25.028392791748046875 25.038984298706054688 25.044672012329101563 25.043506622314453125 25.041900634765625 25.042455673217773438 25.047891616821289063 25.047971725463867188 25.046941757202148438 25.046758651733398438 25.047845840454101563
25.027070999145507813 25.026304244995117188 25.0253143310546875 25.030427932739257813 25.044786453247070313 25.061077117919921875 25.07338714599609375 25.079875946044921875 25.089715957641601563 25.093616485595703125 25.092920303344726563 25.087842941284179688 25.076429367065429688 25.063913345336914063 25.058439254760742188 25.053255081176757813 25.044870376586914063 25.040149688720703125 25.039148330688476563 25.0376434326171875 25.035959243774414063 25.034252166748046875 25.032381057739257813 25.030366897583007813 25.028900146484375 25.028039932250976563 25.027395248413085938 25.026014328002929688 25.024328231811523438 25.026702880859375 25.03064727783203125 25.030481338500976563 25.027627944946289063 25.021139144897460938 25.024686813354492188 25.042787551879882813 25.049108505249023438 25.049905776977539063 25.050067901611328125 25.048871994018554688 25.046262741088867188 25.043966293334960938 25.043195724487304688 25.043367385864257813
25.031223297119140625 25.031162261962890625 25.030664443969726563 25.03389739990234375 25.046222686767578125 25.062475204467773438 25.0764617919921875 25.084186553955078125 25.094953536987304688 25.098367691040039063 25.096012115478515625 25.08798980712890625 25.07292938232421875 25.061756134033203125 25.060441970825195313 25.059396743774414063 25.055360794067382813 25.051317214965820313 25.04911041259765625 25.045518875122070313 25.042165756225585938 25.0378570556640625 25.033704757690429688 25.030454635620117188 25.02911376953125 25.029005050659179688 25.029176712036132813 25.030027389526367188 25.031625747680664063 25.036054611206054688 25.0361480712890625 25.032915115356445313 25.028865814208984375 25.0218505859375 25.017969131469726563 25.03131866455078125 25.0504302978515625 25.05753326416015625 25.060138702392578125 25.059469223022460938 25.056270599365234375 25.05220794677734375 25.050519943237304688 25.050428390502929688
25.033632278442382813 25.034013748168945313 25.033830642700195313 25.034938812255859375 25.04586029052734375 25.063661575317382813 25.078981399536132813 25.087198257446289063 25.09793853759765625 25.101083755493164063 25.098375320434570313 25.0891265869140625 25.072162628173828125 25.062404632568359375 25.065488815307617188 25.070278167724609375 25.06671142578125 25.06267547607421875 25.055994033813476563 25.050897598266601563 25.045675277709960938 25.039064407348632813 25.03387451171875 25.031108856201171875 25.029943466186523438 25.02956390380859375 25.030382156372070313 25.033086776733398438 25.037992477416992188 25.042871475219726563 25.040922164916992188 25.03615570068359375 25.031705856323242188 25.0258331298828125 25.02190399169921875 25.02388763427734375 25.041593551635742188 25.061351776123046875 25.067537307739257813 25.067974090576171875 25.063520431518554688 25.057994842529296875 25.056592941284179688 25.056985855102539063
25.035715103149414063 25.035907745361328125 25.036153793334960938 25.03850555419921875 25.050222396850585938 25.06731414794921875 25.082002639770507813 25.090307235717773438 25.100854873657226563 25.1038970947265625 25.101202011108398438 25.093152999877929688 25.079792022705078125 25.073553085327148438 25.0798187255859375 25.082559585571289063 25.076686859130859375 25.0691680908203125 25.055049896240234375 25.050745010375976563 25.046216964721679688 25.04013824462890625 25.034868240356445313 25.0319366455078125 25.030931472778320313 25.030805587768554688 25.031946182250976563 25.035219192504882813 25.041311264038085938 25.04681396484375 25.046724319458007813 25.041250228881835938 25.036832809448242188 25.031988143920898438 25.029066085815429688 25.027688980102539063 25.032854080200195313 25.05823516845703125 25.073383331298828125 25.071836471557617188 25.066240310668945313 25.061769485473632813 25.060359954833984375 25.060855865478515625
25.037698745727539063 25.037427902221679688 25.038112640380859375 25.0439910888671875 25.058696746826171875 25.073881149291992188 25.086565017700195313 25.0946502685546875 25.105161666870117188 25.107791900634765625 25.105184555053710938 25.09969329833984375 25.094821929931640625 25.095119476318359375 25.094638824462890625 25.088552474975585938 25.082334518432617188 25.066692352294921875 25.051158905029296875 25.047565460205078125 25.045866012573242188 25.042078018188476563 25.036876678466796875 25.032796859741210938 25.031904220581054688 25.032258987426757813 25.033502578735351563 25.036672592163085938 25.042346954345703125 25.050464630126953125 25.052316665649414063 25.0469818115234375 25.041818618774414063 25.036748886108398438 25.03383636474609375 25.032255172729492188 25.033525466918945313 25.048116683959960938 25.063739776611328125 25.070903778076171875 25.067600250244140625 25.06453704833984375 25.06421661376953125 25.065725326538085938
25.039384841918945313 25.03905487060546875 25.03960418701171875 25.045095443725585938 25.061384201049804688 25.078975677490234375 25.092782974243164063 25.100130081176757813 25.1082000732421875 25.110809326171875 25.110258102416992188 25.107721328735351563 25.105783462524414063 25.10007476806640625 25.089960098266601563 25.077863693237304688 25.071727752685546875 25.059566497802734375 25.050848007202148438 25.04854583740234375 25.047224044799804688 25.045475006103515625 25.04164886474609375 25.037004470825195313 25.034515380859375 25.034526824951171875 25.035348892211914063 25.037874221801757813 25.042589187622070313 25.05223846435546875 25.058216094970703125 25.056079864501953125 25.052127838134765625 25.045072555541992188 25.039714813232421875 25.037916183471679688 25.039081573486328125 25.046001434326171875 25.05289459228515625 25.06128692626953125 25.067846298217773438 25.07366180419921875 25.075944900512695313 25.079090118408203125
25.042531967163085938 25.04212188720703125 25.041856765747070313 25.046817779541015625 25.065736770629882813 25.085638046264648438 25.098939895629882813 25.103197097778320313 25.102949142456054688 25.102701187133789063 25.111965179443359375 25.118503570556640625 25.107522964477539063 25.092081069946289063 25.08177947998046875 25.06923675537109375 25.0619659423828125 25.055233001708984375 25.05135345458984375 25.049970626831054688 25.048578262329101563 25.047578811645507813 25.046079635620117188 25.042577743530273438 25.038362503051757813 25.03662109375 25.037080764770507813 25.038908004760742188 25.042642593383789063 25.052068710327148438 25.061494827270507813 25.064121246337890625 25.063068389892578125 25.055583953857421875 25.048877716064453125 25.04653167724609375 25.046579360961914063 25.05106353759765625 25.055265426635742188 25.057294845581054688 25.06235504150390625 25.079227447509765625 25.089345932006835938 25.09358978271484375
25.045118331909179688 25.044767379760742188 25.044158935546875 25.049848556518554688 25.070695877075195313 25.08895111083984375 25.098918914794921875 25.100734710693359375 25.09543609619140625 25.094129562377929688 25.112798690795898438 25.124738693237304688 25.106290817260742188 25.087345123291015625 25.079195022583007813 25.069210052490234375 25.060449600219726563 25.054412841796875 25.051532745361328125 25.0504302978515625 25.049285888671875 25.048311233520507813 25.047916412353515625 25.046487808227539063 25.0423583984375 25.038671493530273438 25.03876495361328125 25.040187835693359375 25.043359756469726563 25.051570892333984375 25.061771392822265625 25.06761932373046875 25.068609237670898438 25.063985824584960938 25.057743072509765625 25.05527496337890625 25.053354263305664063 25.0543365478515625 25.05704498291015625 25.060556411743164063 25.060077667236328125 25.072065353393554688 25.094633102416992188 25.10243988037109375
25.046619415283203125 25.04631805419921875 25.046007156372070313 25.052316665649414063 25.071348190307617188 25.086797714233398438 25.095834732055664063 25.098388671875 25.0959930419921875 25.0991668701171875 25.11782073974609375 25.126295089721679688 25.106771469116210938 25.088138580322265625 25.079883575439453125 25.070346832275390625 25.061370849609375 25.054901123046875 25.051845550537109375 25.050569534301757813 25.049657821655273438 25.048919677734375 25.048711776733398438 25.048412322998046875 25.045454025268554688 25.041852951049804688 25.041233062744140625 25.04193878173828125 25.044588088989257813 25.051317214965820313 25.061285018920898438 25.068470001220703125 25.070882797241210938 25.069499969482421875 25.063568115234375 25.061792373657226563 25.058956146240234375 25.056303024291992188 25.05753326416015625 25.062816619873046875 25.06346893310546875 25.066455841064453125 25.089048385620117188 25.107603073120117188
25.048952102661132813 25.048574447631835938 25.048101425170898438 25.054592132568359375 25.0723419189453125 25.087297439575195313 25.09820556640625 25.102807998657226563 25.10687255859375 25.114381790161132813 25.126079559326171875 25.126562118530273438 25.106065750122070313 25.089616775512695313 25.080991744995117188 25.070653915405273438 25.06311798095703125 25.056732177734375 25.052494049072265625 25.050767898559570313 25.049709320068359375 25.049243927001953125 25.04946136474609375 25.049730300903320313 25.048540115356445313 25.045873641967773438 25.044786453247070313 25.044122695922851563 25.045972824096679688 25.051250457763671875 25.060102462768554688 25.066965103149414063 25.07037353515625 25.07112884521484375 25.067539215087890625 25.065668106079101563 25.064300537109375 25.060344696044921875 25.0603790283203125 25.065748214721679688 25.066755294799804688 25.068208694458007813 25.07973480224609375 25.103822708129882813
25.053133010864257813 25.053066253662109375 25.052837371826171875 25.061967849731445313 25.080898284912109375 25.096185684204101563 25.108327865600585938 25.115200042724609375 25.124156951904296875 25.128721237182617188 25.132717132568359375 25.12261199951171875 25.099180221557617188 25.084991455078125 25.077722549438476563 25.070745468139648438 25.064563751220703125 25.05869293212890625 25.053064346313476563 25.050556182861328125 25.049297332763671875 25.04933929443359375 25.050123214721679688 25.050922393798828125 25.051572799682617188 25.051296234130859375 25.049291610717773438 25.046743392944335938 25.047399520874023438 25.051137924194335938 25.05788421630859375 25.063226699829101563 25.066560745239257813 25.06961822509765625 25.069478988647460938 25.069150924682617188 25.070688247680664063 25.071249008178710938 25.071563720703125 25.073970794677734375 25.07347869873046875 25.07642364501953125 25.084424972534179688 25.091083526611328125
25.064043045043945313 25.066036224365234375 25.069576263427734375 25.082965850830078125 25.1011810302734375 25.1159820556640625 25.128854751586914063 25.134521484375 25.1334991455078125 25.131160736083984375 25.126407623291015625 25.112209320068359375 25.09268951416015625 25.083585739135742188 25.074951171875 25.070688247680664063 25.065618515014648438 25.06024169921875 25.055492401123046875 25.052762985229492188 25.050386428833007813 25.050245285034179688 25.051347732543945313 25.052417755126953125 25.054193496704101563 25.054882049560546875 25.053491592407226563 25.050701141357421875 25.0490570068359375 25.050573348999023438 25.054473876953125 25.057708740234375 25.060026168823242188 25.063722610473632813 25.065731048583984375 25.069887161254882813 25.076396942138671875 25.081233978271484375 25.085010528564453125 25.0882568359375 25.08867645263671875 25.090282440185546875 25.092626571655273438 25.093120574951171875
