INPUT/RASTER/ASCII/BIO15.asc
ncols        225
nrows        269
xllcorner    473009.983799999987
yllcorner    4429051.174800000153
cellsize     50.000000000000
NODATA_value  -9999
[rows 171 to 189 of 269, columns 88 to 131 of 225]
53.474292755126953125 53.44989776611328125 53.420337677001953125 53.3958892822265625 53.371112823486328125 53.341983795166015625 53.32018280029296875 53.294063568115234375 53.263362884521484375 53.239078521728515625 53.214717864990234375 53.19251251220703125 53.178409576416015625 53.168628692626953125 53.152980804443359375 53.134662628173828125 53.116710662841796875 53.102725982666015625 53.095489501953125 53.091705322265625 53.101596832275390625 53.137508392333984375 53.18498992919921875 53.227809906005859375 53.2499237060546875 53.2459564208984375 53.221103668212890625 53.175395965576171875 53.108856201171875 53.035053253173828125 52.98126220703125 52.957363128662109375 52.935550689697265625 52.91326904296875 52.89418792724609375 52.87755584716796875 52.865779876708984375 52.8586883544921875 52.8567352294921875 52.870601654052734375 52.895503997802734375 52.92024993896484375 52.943111419677734375 52.956058502197265625
53.465015411376953125 53.44207000732421875 53.41156005859375 53.3834686279296875 53.358234405517578125 53.331768035888671875 53.311676025390625 53.286380767822265625 53.25739288330078125 53.23551177978515625 53.21396636962890625 53.192523956298828125 53.178844451904296875 53.16666412353515625 53.150726318359375 53.13291168212890625 53.114757537841796875 53.100269317626953125 53.09307098388671875 53.08850860595703125 53.09680938720703125 53.13217926025390625 53.1798248291015625 53.22264862060546875 53.243923187255859375 53.242664337158203125 53.22579193115234375 53.18970489501953125 53.12929534912109375 53.05161285400390625 52.991611480712890625 52.9672698974609375 52.947765350341796875 52.9267120361328125 52.904155731201171875 52.879734039306640625 52.859771728515625 52.846561431884765625 52.83808135986328125 52.849201202392578125 52.873722076416015625 52.904232025146484375 52.93219757080078125 52.947467803955078125
53.4507598876953125 53.42617034912109375 53.391910552978515625 53.359745025634765625 53.334461212158203125 53.31268310546875 53.2966156005859375 53.275054931640625 53.25034332275390625 53.231842041015625 53.213672637939453125 53.193450927734375 53.1804962158203125 53.16420745849609375 53.1474456787109375 53.1298980712890625 53.111347198486328125 53.095897674560546875 53.087665557861328125 53.0830078125 53.091861724853515625 53.1294403076171875 53.17841339111328125 53.218769073486328125 53.236942291259765625 53.236461639404296875 53.225555419921875 53.200618743896484375 53.14659881591796875 53.06467437744140625 53.00213623046875 52.980754852294921875 52.967044830322265625 52.9492950439453125 52.922985076904296875 52.890411376953125 52.862125396728515625 52.842449188232421875 52.8257904052734375 52.831432342529296875 52.850887298583984375 52.880825042724609375 52.91014862060546875 52.926425933837890625
53.43157196044921875 53.40413665771484375 53.368114471435546875 53.33522796630859375 53.30867767333984375 53.287837982177734375 53.274242401123046875 53.257843017578125 53.240612030029296875 53.22669219970703125 53.21062469482421875 53.1914825439453125 53.17862701416015625 53.160625457763671875 53.143230438232421875 53.125194549560546875 53.106292724609375 53.0905609130859375 53.081756591796875 53.07881927490234375 53.09372711181640625 53.1368560791015625 53.187259674072265625 53.224018096923828125 53.236522674560546875 53.23294830322265625 53.220409393310546875 53.198978424072265625 53.151096343994140625 53.07866668701171875 53.025783538818359375 53.00815582275390625 52.998905181884765625 52.983104705810546875 52.951892852783203125 52.91210174560546875 52.8784332275390625 52.85469818115234375 52.82868194580078125 52.821746826171875 52.83002471923828125 52.853755950927734375 52.880870819091796875 52.897464752197265625
53.41486358642578125 53.38702392578125 53.349578857421875 53.314990997314453125 53.286083221435546875 53.264728546142578125 53.252269744873046875 53.2406158447265625 53.22974395751953125 53.219219207763671875 53.204700469970703125 53.186359405517578125 53.1741485595703125 53.156093597412109375 53.137897491455078125 53.119274139404296875 53.10062408447265625 53.08596038818359375 53.0791168212890625 53.083740234375 53.112178802490234375 53.160503387451171875 53.20868682861328125 53.242275238037109375 53.251232147216796875 53.241672515869140625 53.21704864501953125 53.188404083251953125 53.149425506591796875 53.10266876220703125 53.07103729248046875 53.05974578857421875 53.051959991455078125 53.03334808349609375 52.99645233154296875 52.95246124267578125 52.916217803955078125 52.888519287109375 52.847827911376953125 52.822475433349609375 52.814456939697265625 52.824260711669921875 52.844097137451171875 52.860584259033203125
53.399387359619140625 53.372333526611328125 53.33397674560546875 53.29850006103515625 53.2683258056640625 53.247074127197265625 53.23633575439453125 53.227581024169921875 53.21947479248046875 53.210353851318359375 53.196849822998046875 53.17873382568359375 53.1667022705078125 53.14952850341796875 53.131866455078125 53.113643646240234375 53.096012115478515625 53.08504486083984375 53.084148406982421875 53.0995330810546875 53.138309478759765625 53.187183380126953125 53.231792449951171875 53.26513671875 53.27695465087890625 53.26244354248046875 53.223968505859375 53.185413360595703125 53.1522369384765625 53.12841796875 53.116199493408203125 53.112522125244140625 53.106121063232421875 53.0827789306640625 53.041599273681640625 52.9974822998046875 52.960113525390625 52.928661346435546875 52.87621307373046875 52.834857940673828125 52.810306549072265625 52.80307769775390625 52.813323974609375 52.829082489013671875
53.385341644287109375 53.35984039306640625 53.323032379150390625 53.288478851318359375 53.2586517333984375 53.2367706298828125 53.226093292236328125 53.218902587890625 53.213550567626953125 53.206943511962890625 53.1935577392578125 53.173419952392578125 53.160015106201171875 53.14267730712890625 53.1252288818359375 53.1075897216796875 53.09275054931640625 53.08807373046875 53.095127105712890625 53.12084197998046875 53.16413116455078125 53.209667205810546875 53.251163482666015625 53.284137725830078125 53.297679901123046875 53.280307769775390625 53.232608795166015625 53.185329437255859375 53.153072357177734375 53.139865875244140625 53.14134979248046875 53.14593505859375 53.141082763671875 53.11286163330078125 53.0701751708984375 53.029682159423828125 52.9935302734375 52.961307525634765625 52.90752410888671875 52.85845947265625 52.8200225830078125 52.797454833984375 52.7989044189453125 52.813068389892578125
53.3737030029296875 53.35103607177734375 53.3172760009765625 53.284061431884765625 53.25567626953125 53.233318328857421875 53.221439361572265625 53.21555328369140625 53.2150115966796875 53.213619232177734375 53.200267791748046875 53.174854278564453125 53.157100677490234375 53.1363677978515625 53.118289947509765625 53.1006927490234375 53.08997344970703125 53.0953216552734375 53.110363006591796875 53.14227294921875 53.187511444091796875 53.229587554931640625 53.26781463623046875 53.29877471923828125 53.306529998779296875 53.28516387939453125 53.2332763671875 53.182758331298828125 53.15106201171875 53.140899658203125 53.147480010986328125 53.160320281982421875 53.161663055419921875 53.130687713623046875 53.09157562255859375 53.059413909912109375 53.02741241455078125 52.995452880859375 52.94158172607421875 52.88858795166015625 52.840671539306640625 52.805206298828125 52.796840667724609375 52.80663299560546875
53.363555908203125 53.34418487548828125 53.313381195068359375 53.28183746337890625 53.255611419677734375 53.2338714599609375 53.221668243408203125 53.217815399169921875 53.222198486328125 53.225879669189453125 53.214344024658203125 53.184051513671875 53.16074371337890625 53.134006500244140625 53.114383697509765625 53.097278594970703125 53.09027862548828125 53.105754852294921875 53.12763214111328125 53.160266876220703125 53.204868316650390625 53.2447967529296875 53.279895782470703125 53.308383941650390625 53.308216094970703125 53.28314208984375 53.230686187744140625 53.180866241455078125 53.148319244384765625 53.13494110107421875 53.139862060546875 53.157978057861328125 53.168064117431640625 53.142017364501953125 53.1113433837890625 53.087978363037109375 53.06037139892578125 53.028697967529296875 52.974155426025390625 52.92011260986328125 52.86904144287109375 52.826412200927734375 52.808258056640625 52.81038665771484375
53.3558502197265625 53.338176727294921875 53.308929443359375 53.277996063232421875 53.253665924072265625 53.2353057861328125 53.2253875732421875 53.22449493408203125 53.231670379638671875 53.237560272216796875 53.22888946533203125 53.19829559326171875 53.1734161376953125 53.14330291748046875 53.12053680419921875 53.103610992431640625 53.099346160888671875 53.12102508544921875 53.14640045166015625 53.17694091796875 53.21856689453125 53.2557525634765625 53.287929534912109375 53.31402587890625 53.309375762939453125 53.283428192138671875 53.232959747314453125 53.185211181640625 53.14986419677734375 53.129840850830078125 53.13152313232421875 53.15045928955078125 53.167377471923828125 53.153545379638671875 53.13232421875 53.113292694091796875 53.08841705322265625 53.05815887451171875 53.006175994873046875 52.953655242919921875 52.901805877685546875 52.855434417724609375 52.828510284423828125 52.822231292724609375
53.348613739013671875 53.33016204833984375 53.300434112548828125 53.26963043212890625 53.24737548828125 53.235198974609375 53.23073577880859375 53.234516143798828125 53.243900299072265625 53.250225067138671875 53.244281768798828125 53.218471527099609375 53.19742584228515625 53.170009613037109375 53.145183563232421875 53.128753662109375 53.12876129150390625 53.151336669921875 53.173828125 53.1982421875 53.232349395751953125 53.264251708984375 53.2924652099609375 53.31714630126953125 53.31340789794921875 53.289203643798828125 53.242900848388671875 53.1988067626953125 53.16022491455078125 53.132781982421875 53.129482269287109375 53.14379119873046875 53.16518402099609375 53.167999267578125 53.15630340576171875 53.139739990234375 53.116054534912109375 53.08759307861328125 53.0421295166015625 52.992847442626953125 52.94043731689453125 52.8916778564453125 52.858043670654296875 52.844646453857421875
53.33724212646484375 53.315868377685546875 53.285125732421875 53.25641632080078125 53.239192962646484375 53.23401641845703125 53.23755645751953125 53.24929046630859375 53.26261138916015625 53.27251434326171875 53.271671295166015625 53.253566741943359375 53.238067626953125 53.215656280517578125 53.193912506103515625 53.182796478271484375 53.190616607666015625 53.20893096923828125 53.221767425537109375 53.234493255615234375 53.2532196044921875 53.273372650146484375 53.2945709228515625 53.316730499267578125 53.321834564208984375 53.303600311279296875 53.262348175048828125 53.219013214111328125 53.174640655517578125 53.13936614990234375 53.129177093505859375 53.135379791259765625 53.15679931640625 53.177555084228515625 53.178012847900390625 53.16562652587890625 53.145061492919921875 53.11862945556640625 53.071384429931640625 53.02140045166015625 52.970592498779296875 52.92296600341796875 52.889415740966796875 52.874237060546875
53.326679229736328125 53.303974151611328125 53.274089813232421875 53.250164031982421875 53.239078521728515625 53.238521575927734375 53.24393463134765625 53.25804901123046875 53.27410888671875 53.28697967529296875 53.2910308837890625 53.276782989501953125 53.261932373046875 53.2409820556640625 53.22385406494140625 53.22097015380859375 53.23616790771484375 53.253536224365234375 53.261730194091796875 53.265552520751953125 53.270870208740234375 53.2812347412109375 53.297794342041015625 53.317623138427734375 53.328586578369140625 53.316104888916015625 53.278331756591796875 53.230236053466796875 53.177173614501953125 53.137439727783203125 53.12448883056640625 53.12694549560546875 53.1435546875 53.16658782958984375 53.173915863037109375 53.165771484375 53.15135955810546875 53.1309356689453125 53.090610504150390625 53.045864105224609375 52.999187469482421875 52.95479583740234375 52.92247772216796875 52.906742095947265625
53.316471099853515625 53.29364013671875 53.266025543212890625 53.247684478759765625 53.242748260498046875 53.24578094482421875 53.25215911865234375 53.2654571533203125 53.2801055908203125 53.29071044921875 53.298004150390625 53.291263580322265625 53.277332305908203125 53.256298065185546875 53.241916656494140625 53.24086761474609375 53.260162353515625 53.281139373779296875 53.28958892822265625 53.288951873779296875 53.285614013671875 53.289653778076171875 53.30222320556640625 53.318370819091796875 53.330104827880859375 53.32193756103515625 53.28797149658203125 53.235584259033203125 53.1770172119140625 53.134868621826171875 53.1199188232421875 53.121044158935546875 53.134052276611328125 53.153911590576171875 53.164211273193359375 53.16005706787109375 53.15114593505859375 53.13712310791015625 53.106212615966796875 53.06754302978515625 53.024211883544921875 52.98395538330078125 52.95464324951171875 52.939971923828125
53.305065155029296875 53.282562255859375 53.258350372314453125 53.245204925537109375 53.245574951171875 53.25203704833984375 53.26015472412109375 53.272823333740234375 53.28543853759765625 53.29479217529296875 53.304866790771484375 53.30332183837890625 53.290569305419921875 53.27057647705078125 53.2579345703125 53.252964019775390625 53.271358489990234375 53.29593658447265625 53.306537628173828125 53.30667877197265625 53.302486419677734375 53.303615570068359375 53.3110504150390625 53.32171630859375 53.330921173095703125 53.3240509033203125 53.291534423828125 53.237728118896484375 53.17723846435546875 53.133068084716796875 53.115543365478515625 53.115070343017578125 53.125804901123046875 53.143070220947265625 53.1552276611328125 53.155773162841796875 53.152194976806640625 53.14334869384765625 53.120086669921875 53.08692169189453125 53.04734039306640625 53.011936187744140625 52.98706817626953125 52.974834442138671875
53.291919708251953125 53.27132415771484375 53.2516021728515625 53.243988037109375 53.249126434326171875 53.258960723876953125 53.26920318603515625 53.2819976806640625 53.2934722900390625 53.3053436279296875 53.3176422119140625 53.315311431884765625 53.302478790283203125 53.283802032470703125 53.27223968505859375 53.263824462890625 53.27817535400390625 53.30260467529296875 53.3130035400390625 53.3134307861328125 53.313365936279296875 53.317050933837890625 53.32117462158203125 53.32666015625 53.331390380859375 53.3238372802734375 53.292938232421875 53.24124908447265625 53.181499481201171875 53.13489532470703125 53.113491058349609375 53.10846710205078125 53.1146697998046875 53.131259918212890625 53.14675140380859375 53.153011322021484375 53.15497589111328125 53.1504364013671875 53.1331787109375 53.105327606201171875 53.071300506591796875 53.04256439208984375 53.022983551025390625 53.013645172119140625
53.280948638916015625 53.264373779296875 53.251247406005859375 53.25048065185546875 53.259552001953125 53.271129608154296875 53.28154754638671875 53.292209625244140625 53.3015594482421875 53.31313323974609375 53.323513031005859375 53.32183837890625 53.3117828369140625 53.295055389404296875 53.28316497802734375 53.27313232421875 53.28307342529296875 53.300876617431640625 53.30562591552734375 53.29825592041015625 53.2978057861328125 53.306514739990234375 53.314975738525390625 53.323604583740234375 53.32720947265625 53.320491790771484375 53.296451568603515625 53.251407623291015625 53.1947174072265625 53.14605712890625 53.117862701416015625 53.102565765380859375 53.09867095947265625 53.115467071533203125 53.136646270751953125 53.150482177734375 53.1590118408203125 53.16048431396484375 53.150554656982421875 53.129100799560546875 53.102367401123046875 53.079990386962890625 53.065387725830078125 53.05895233154296875
53.273468017578125 53.261646270751953125 53.258625030517578125 53.266693115234375 53.27787017822265625 53.287868499755859375 53.294921875 53.299434661865234375 53.301540374755859375 53.30458831787109375 53.3095245361328125 53.316677093505859375 53.31764984130859375 53.3108062744140625 53.297061920166015625 53.2810211181640625 53.284687042236328125 53.288692474365234375 53.28345489501953125 53.269672393798828125 53.26342010498046875 53.27130126953125 53.285991668701171875 53.30370330810546875 53.31230926513671875 53.3124542236328125 53.299785614013671875 53.26534271240234375 53.21373748779296875 53.1631317138671875 53.127349853515625 53.09853363037109375 53.081615447998046875 53.0981292724609375 53.1249542236328125 53.146968841552734375 53.163074493408203125 53.172245025634765625 53.171604156494140625 53.1558685302734375 53.134120941162109375 53.11498260498046875 53.10327911376953125 53.098552703857421875
53.26757049560546875 53.258586883544921875 53.2628021240234375 53.27608489990234375 53.2870635986328125 53.294414520263671875 53.29634857177734375 53.291332244873046875 53.283447265625 53.279224395751953125 53.281463623046875 53.296146392822265625 53.307918548583984375 53.3179779052734375 53.30884552001953125 53.285762786865234375 53.28570556640625 53.282459259033203125 53.269474029541015625 53.253208160400390625 53.23785400390625 53.238285064697265625 53.253047943115234375 53.2738037109375 53.28656005859375 53.297885894775390625 53.297084808349609375 53.274871826171875 53.23044586181640625 53.1786346435546875 53.13922882080078125 53.099391937255859375 53.069492340087890625 53.082550048828125 53.112926483154296875 53.141582489013671875 53.163890838623046875 53.1792755126953125 53.186275482177734375 53.172367095947265625 53.151401519775390625 53.13324737548828125 53.12230682373046875 53.1178741455078125
