INPUT/RASTER/ASCII/BIO19.asc
ncols        225
nrows        269
xllcorner    473009.983799999987
yllcorner    4429051.174800000153
cellsize     50.000000000000
NODATA_value  -9999
[rows 240 to 259 of 269, columns 45 to 89 of 225]
204.7397918701171875 204.3809661865234375 203.306060791015625 201.6538848876953125 200.1553192138671875 197.528045654296875 194.6700286865234375 192.646820068359375 190.915496826171875 189.145599365234375 188.97430419921875 191.602325439453125 192.045196533203125 192.30572509765625 192.5584259033203125 192.3720703125 192.568695068359375 196.1421051025390625 199.8059539794921875 199.9912261962890625 197.711090087890625 196.2784576416015625 196.1613922119140625 195.8060455322265625 195.40283203125 195.05767822265625 194.56500244140625 193.81195068359375 193.1545257568359375 192.8423004150390625 192.7584075927734375 192.91180419921875 192.897003173828125 192.726654052734375 192.401702880859375 192.0900726318359375 191.48065185546875 190.9712066650390625 190.8352813720703125 190.7066802978515625 190.5129852294921875 190.3975677490234375 190.434967041015625 190.45611572265625 190.287445068359375
-9999 204.430877685546875 203.73089599609375 202.3552703857421875 200.8983154296875 198.2636260986328125 195.5791168212890625 196.1341400146484375 196.470703125 194.8075714111328125 194.9315643310546875 198.92633056640625 199.939910888671875 200.3141326904296875 200.659576416015625 200.55181884765625 200.1697998046875 200.8225250244140625 201.693939208984375 201.1341094970703125 198.9691009521484375 196.9953765869140625 195.9616546630859375 195.3612518310546875 194.99169921875 194.6469573974609375 194.2011260986328125 193.59637451171875 193.01214599609375 192.7770538330078125 192.8909759521484375 193.2587738037109375 193.3522796630859375 193.0972137451171875 192.660552978515625 192.2766876220703125 191.660369873046875 191.04718017578125 190.7520599365234375 190.59783935546875 190.4164581298828125 190.310882568359375 190.356842041015625 190.363800048828125 190.2070465087890625
-9999 204.1689300537109375 203.9926605224609375 203.0407562255859375 201.717864990234375 199.062744140625 196.5027618408203125 199.8962860107421875 203.01202392578125 202.4426116943359375 202.1068267822265625 202.809661865234375 203.1225128173828125 203.3058319091796875 203.40863037109375 203.1057891845703125 202.4001007080078125 201.7992095947265625 201.06512451171875 199.9354705810546875 198.3307342529296875 196.8427581787109375 196.00628662109375 195.2673492431640625 194.7587890625 194.33843994140625 193.9620513916015625 193.521881103515625 193.0647735595703125 192.934173583984375 193.160614013671875 193.5856781005859375 193.7009429931640625 193.4030609130859375 192.9601287841796875 192.60595703125 192.0767974853515625 191.4516754150390625 190.9877471923828125 190.677398681640625 190.38006591796875 190.2050628662109375 190.1967620849609375 190.162322998046875 190.0395050048828125
-9999 204.100982666015625 204.006439208984375 203.469146728515625 202.3055877685546875 199.7304534912109375 197.0715789794921875 198.2564239501953125 201.257293701171875 203.9039764404296875 204.476531982421875 204.52362060546875 204.767852783203125 204.346221923828125 203.8287353515625 203.07080078125 202.0819091796875 201.073577880859375 199.5517578125 198.3098907470703125 197.353302001953125 196.460418701171875 195.9308319091796875 195.3251190185546875 194.731109619140625 194.3166046142578125 194.0257720947265625 193.6455078125 193.304718017578125 193.2835540771484375 193.591278076171875 194.0111083984375 194.096771240234375 193.7598114013671875 193.3139801025390625 193.02227783203125 192.5952301025390625 192.009796142578125 191.4123382568359375 190.8782196044921875 190.38671875 190.0881500244140625 189.9793243408203125 189.88262939453125 189.7834930419921875
-9999 203.9816741943359375 203.8944091796875 203.4084625244140625 202.3216705322265625 200.0128326416015625 197.6286468505859375 195.907470703125 196.7951507568359375 199.8197021484375 200.5953826904296875 202.50592041015625 205.589111328125 204.702911376953125 203.527435302734375 202.51739501953125 201.5280303955078125 200.237518310546875 198.336273193359375 197.1126251220703125 196.4689483642578125 196.0456085205078125 195.843475341796875 195.5675048828125 194.9369049072265625 194.5254974365234375 194.28912353515625 193.8270263671875 193.53155517578125 193.61328125 194.0255889892578125 194.4499969482421875 194.5305633544921875 194.1985321044921875 193.643829345703125 193.310791015625 192.902313232421875 192.3374176025390625 191.75482177734375 191.1251373291015625 190.5007781982421875 190.091796875 189.9040069580078125 189.773345947265625 189.6741485595703125
-9999 203.726898193359375 203.6371307373046875 203.1360015869140625 202.1398162841796875 200.1690826416015625 198.3805999755859375 197.2812347412109375 197.0679931640625 196.7950439453125 196.3349151611328125 199.65228271484375 205.445831298828125 204.4794769287109375 202.9641265869140625 201.7054595947265625 200.8809967041015625 199.8434906005859375 198.2558441162109375 197.0939788818359375 196.478271484375 196.1790618896484375 196.0258636474609375 195.7474822998046875 195.03778076171875 194.630645751953125 194.4748992919921875 194.0995330810546875 193.91326904296875 194.1095123291015625 194.6041717529296875 194.9589080810546875 195.0029296875 194.7438201904296875 194.1712799072265625 193.7282562255859375 193.19366455078125 192.6331634521484375 192.0820770263671875 191.4423675537109375 190.7512969970703125 190.2479400634765625 189.9337158203125 189.7090301513671875 189.5921173095703125
-9999 203.389739990234375 203.312225341796875 202.86962890625 202.027923583984375 200.4428863525390625 199.19085693359375 198.5969696044921875 198.84588623046875 198.56805419921875 197.7465972900390625 199.8411102294921875 204.940887451171875 204.3270416259765625 202.7524566650390625 201.11126708984375 200.16302490234375 199.6300811767578125 198.7072906494140625 197.6560516357421875 196.9092254638671875 196.3065032958984375 195.89019775390625 195.4303436279296875 194.8616180419921875 194.7334136962890625 194.730682373046875 194.5680389404296875 194.5901947021484375 194.8950042724609375 195.3858184814453125 195.647552490234375 195.59686279296875 195.2856292724609375 194.7516021728515625 194.253662109375 193.5531463623046875 192.8857574462890625 192.310821533203125 191.65673828125 190.9799652099609375 190.483489990234375 190.0575714111328125 189.683013916015625 189.512847900390625
-9999 203.3002777099609375 203.2234649658203125 202.7850494384765625 201.985931396484375 200.5175018310546875 199.753662109375 199.73089599609375 200.0628204345703125 199.4594879150390625 198.234619140625 197.6499481201171875 202.0942535400390625 204.1180419921875 202.681304931640625 200.77569580078125 199.7478179931640625 199.5261077880859375 199.0412750244140625 198.1104736328125 197.14727783203125 196.253814697265625 195.699493408203125 195.27593994140625 195.0492095947265625 195.2837677001953125 195.4544525146484375 195.5542755126953125 195.80072021484375 196.1470947265625 196.5070343017578125 196.6035308837890625 196.3845672607421875 195.8852081298828125 195.336761474609375 194.870208740234375 194.0176849365234375 193.0612030029296875 192.3753509521484375 191.7207794189453125 191.07635498046875 190.65155029296875 190.188629150390625 189.69818115234375 189.4526519775390625
-9999 -9999 -9999 -9999 -9999 -9999 200.0638580322265625 200.1490936279296875 200.1474761962890625 199.163330078125 197.8356475830078125 196.323822021484375 200.7764892578125 204.206024169921875 202.8016815185546875 200.9124908447265625 199.985198974609375 199.61248779296875 199.05523681640625 198.201263427734375 197.1857147216796875 196.306793212890625 195.850494384765625 195.6420440673828125 195.7884979248046875 196.2596282958984375 196.6970977783203125 197.1656646728515625 197.561553955078125 197.8502655029296875 197.985809326171875 197.7903900146484375 197.3198699951171875 196.645111083984375 196.0068359375 195.4902191162109375 194.4627532958984375 193.1825714111328125 192.3332672119140625 191.6684112548828125 191.040771484375 190.677490234375 190.2835540771484375 189.8426361083984375 189.5607147216796875
-9999 -9999 -9999 -9999 -9999 -9999 200.18994140625 200.1782684326171875 199.8869476318359375 198.7745208740234375 197.575439453125 196.4063262939453125 201.165496826171875 204.6960906982421875 203.3794708251953125 201.7504425048828125 200.970703125 200.2614288330078125 199.5154571533203125 198.638031005859375 197.604736328125 196.802337646484375 196.475921630859375 196.444793701171875 196.8050994873046875 197.407073974609375 198.175994873046875 198.993988037109375 199.4400634765625 199.629730224609375 199.541046142578125 199.0233612060546875 198.3072662353515625 197.552978515625 196.805755615234375 196.173187255859375 194.96209716796875 193.416717529296875 192.37158203125 191.64971923828125 191.0280609130859375 190.6814727783203125 190.4544525146484375 190.218536376953125 189.9179229736328125
-9999 -9999 -9999 -9999 -9999 -9999 -9999 200.1092529296875 199.4259033203125 198.3963165283203125 197.3236541748046875 196.52337646484375 201.5799713134765625 205.2518157958984375 204.094940185546875 202.6600341796875 201.964324951171875 201.1935882568359375 200.50469970703125 199.5433807373046875 198.3358154296875 197.5323944091796875 197.3492431640625 197.4775543212890625 197.8491668701171875 198.4177703857421875 199.3052520751953125 200.2422637939453125 200.676971435546875 200.758087158203125 200.5697479248046875 200.01904296875 199.254669189453125 198.495361328125 197.72967529296875 197.0294952392578125 195.72113037109375 193.9819183349609375 192.6689300537109375 191.837921142578125 191.2678070068359375 190.9560089111328125 190.8350830078125 190.696807861328125 190.2918701171875
-9999 -9999 -9999 -9999 -9999 -9999 -9999 -9999 198.2159576416015625 197.4013519287109375 196.4420013427734375 196.188507080078125 201.5286407470703125 205.5157012939453125 204.8639068603515625 203.6646270751953125 203.0273284912109375 202.3481597900390625 201.7411041259765625 200.5930023193359375 199.1239013671875 198.4142913818359375 198.4654693603515625 198.7980194091796875 199.1448211669921875 199.542388916015625 200.21942138671875 201.0778045654296875 201.5077667236328125 201.5543060302734375 201.446990966796875 201.114044189453125 200.422760009765625 199.6832122802734375 198.9372711181640625 198.19622802734375 196.74017333984375 194.784759521484375 193.1759490966796875 192.234527587890625 191.7693634033203125 191.591278076171875 191.5356903076171875 191.2834625244140625 190.6785736083984375
-9999 -9999 -9999 -9999 -9999 -9999 -9999 -9999 198.0028839111328125 195.9324798583984375 195.4393463134765625 195.4073028564453125 198.9886322021484375 202.8849639892578125 204.911224365234375 204.7193450927734375 204.1274261474609375 203.411041259765625 202.6829986572265625 201.379150390625 199.8307952880859375 199.361236572265625 199.6485443115234375 200.2094573974609375 200.7308502197265625 201.120849609375 201.59210205078125 202.2166595458984375 202.5804901123046875 202.6481170654296875 202.6602325439453125 202.560638427734375 202.1141815185546875 201.232421875 200.28106689453125 199.4442291259765625 197.802520751953125 195.594879150390625 193.7746124267578125 192.8691864013671875 192.5665283203125 192.5686187744140625 192.57415771484375 192.108795166015625 191.22467041015625
-9999 -9999 -9999 -9999 -9999 -9999 -9999 -9999 -9999 -9999 194.9167938232421875 194.6734161376953125 194.761749267578125 196.5691070556640625 202.57928466796875 205.331207275390625 204.8630218505859375 203.9419097900390625 203.01318359375 201.633819580078125 200.4720306396484375 200.3968048095703125 200.832061767578125 201.673004150390625 202.5413055419921875 203.0830535888671875 203.4671173095703125 203.7077178955078125 203.813812255859375 203.88641357421875 204.0175018310546875 204.1511993408203125 203.9674835205078125 202.827056884765625 201.541717529296875 200.5519256591796875 198.798431396484375 196.474884033203125 194.68377685546875 193.919677734375 193.7375640869140625 193.9029693603515625 193.9388275146484375 193.126556396484375 191.95648193359375
-9999 -9999 -9999 -9999 -9999 -9999 -9999 -9999 -9999 -9999 194.588531494140625 194.6116485595703125 194.570648193359375 194.795928955078125 203.0503387451171875 205.8107147216796875 205.33026123046875 204.350341796875 203.3921356201171875 202.0510101318359375 201.37310791015625 201.6763458251953125 202.244598388671875 202.9628753662109375 203.7289886474609375 204.9156951904296875 205.32843017578125 205.0954132080078125 204.828338623046875 204.8311920166015625 205.0623931884765625 205.67120361328125 205.855682373046875 204.432769775390625 202.9522857666015625 201.8899993896484375 200.036895751953125 197.6397857666015625 195.9504241943359375 195.3682403564453125 195.26715087890625 195.3977203369140625 195.2740478515625 194.310272216796875 193.080413818359375
-9999 -9999 -9999 -9999 -9999 -9999 -9999 -9999 -9999 -9999 -9999 -9999 -9999 -9999 205.3177490234375 206.061920166015625 205.2256011962890625 204.581634521484375 203.819366455078125 202.9144744873046875 202.7293243408203125 203.394287109375 204.2064056396484375 203.2628021240234375 201.8477630615234375 205.7123565673828125 206.8047332763671875 205.8531646728515625 205.160064697265625 205.1100006103515625 205.4715423583984375 206.5327301025390625 207.0289459228515625 205.6208038330078125 204.30841064453125 203.403076171875 201.527191162109375 199.000335693359375 197.354461669921875 196.71746826171875 196.5061798095703125 196.449371337890625 196.2694244384765625 195.6208038330078125 194.48583984375
-9999 -9999 -9999 -9999 -9999 -9999 -9999 -9999 -9999 -9999 -9999 -9999 -9999 -9999 -9999 -9999 204.9369659423828125 204.6139984130859375 203.9530181884765625 203.67620849609375 203.9730987548828125 204.9322967529296875 205.9477691650390625 202.88519287109375 199.2030487060546875 205.587646484375 207.1121826171875 205.635040283203125 204.763397216796875 204.63433837890625 204.8842010498046875 205.6659698486328125 206.135772705078125 205.41900634765625 204.7069244384765625 204.1352691650390625 202.4675750732421875 200.0646514892578125 198.3924713134765625 197.285247802734375 196.6512298583984375 196.447784423828125 196.6243133544921875 196.65704345703125 195.6162261962890625
-9999 -9999 -9999 -9999 -9999 -9999 -9999 -9999 -9999 -9999 -9999 -9999 -9999 -9999 -9999 -9999 -9999 -9999 -9999 203.75177001953125 204.329681396484375 205.27838134765625 206.2114715576171875 203.6073455810546875 202.17529296875 206.4386138916015625 206.4487762451171875 205.0909881591796875 204.3717803955078125 203.9833221435546875 203.6148681640625 203.66522216796875 204.0465087890625 204.1238861083984375 203.9752349853515625 203.6042327880859375 202.301055908203125 200.3271484375 198.7270355224609375 197.2841796875 196.2092437744140625 195.8349151611328125 196.3243408203125 196.962646484375 196.1500091552734375
-9999 -9999 -9999 -9999 -9999 -9999 -9999 -9999 -9999 -9999 -9999 -9999 -9999 -9999 -9999 -9999 -9999 -9999 -9999 -9999 204.8618316650390625 205.240753173828125 205.980133056640625 205.5998382568359375 206.4077301025390625 207.368743896484375 206.230377197265625 204.948028564453125 204.175567626953125 203.4170074462890625 202.3078765869140625 201.6854705810546875 202.041656494140625 202.538330078125 202.627197265625 202.3212738037109375 201.35894775390625 199.7371826171875 198.1645965576171875 196.7504119873046875 195.559051513671875 195.017303466796875 195.426849365234375 196.28216552734375 195.913818359375
-9999 -9999 -9999 -9999 -9999 -9999 -9999 -9999 -9999 -9999 -9999 -9999 -9999 -9999 -9999 -9999 -9999 -9999 -9999 -9999 -9999 -9999 205.8476715087890625 207.024383544921875 208.07391357421875 207.7445220947265625 206.6729278564453125 205.3283538818359375 204.340911865234375 203.1768646240234375 201.3147430419921875 199.975067138671875 200.3178253173828125 201.083709716796875 201.257537841796875 201.016510009765625 200.257965087890625 198.7705230712890625 197.1385498046875 195.8034210205078125 194.78448486328125 194.151641845703125 194.1808929443359375 194.925994873046875 195.0576629638671875
