INPUT/RASTER/ASCII/BIO11.asc
ncols        225
nrows        269
xllcorner    473009.983799999987
yllcorner    4429051.174800000153
cellsize     50.000000000000
NODATA_value -9999
[rows 190 to 208 of 269, columns 126 to 167 of 225]
9.6680126190185546875 9.6680011749267578125 9.6633539199829101563 9.660213470458984375 9.6600656509399414063 9.6608858108520507813 9.6627588272094726563 9.6641016006469726563 9.6617650985717773438 9.6508426666259765625 9.6373090744018554688 9.6267709732055664063 9.6091670989990234375 9.582820892333984375 9.5466451644897460938 9.504543304443359375 9.4561548233032226563 9.4263172149658203125 9.3997173309326171875 9.38538360595703125 9.3812990188598632813 9.3755979537963867188 9.3669452667236328125 9.3614339828491210938 9.3565387725830078125 9.3526105880737304688 9.3529043197631835938 9.3550767898559570313 9.3590831756591796875 9.367496490478515625 9.3777952194213867188 9.4008283615112304688 9.423183441162109375 9.4382114410400390625 9.450687408447265625 9.4595050811767578125 9.4639787673950195313 9.4685773849487304688 9.4690608978271484375 9.4650011062622070313 9.4599676132202148438 9.4558401107788085938
9.6686000823974609375 9.6719264984130859375 9.6695270538330078125 9.667163848876953125 9.6669054031372070313 9.667022705078125 9.6676359176635742188 9.667938232421875 9.6651210784912109375 9.6529636383056640625 9.6381378173828125 9.6271104812622070313 9.6064739227294921875 9.5756578445434570313 9.5387172698974609375 9.4973154067993164063 9.4500265121459960938 9.4197015762329101563 9.3907289505004882813 9.3753385543823242188 9.37117767333984375 9.3674163818359375 9.3617706298828125 9.3580341339111328125 9.3544378280639648438 9.351451873779296875 9.3513097763061523438 9.35291290283203125 9.3563394546508789063 9.3635015487670898438 9.3750276565551757813 9.3993940353393554688 9.4218893051147460938 9.435840606689453125 9.446514129638671875 9.454639434814453125 9.4592123031616210938 9.4646816253662109375 9.46826934814453125 9.4682321548461914063 9.4660444259643554688 9.46356964111328125
9.6690626144409179688 9.6741485595703125 9.673007965087890625 9.6702871322631835938 9.6681528091430664063 9.6662158966064453125 9.6620321273803710938 9.6561174392700195313 9.6505384445190429688 9.64087677001953125 9.629741668701171875 9.6205472946166992188 9.6000680923461914063 9.567413330078125 9.533260345458984375 9.4953718185424804688 9.4513044357299804688 9.4226560592651367188 9.39398193359375 9.3769598007202148438 9.3702917098999023438 9.3657541275024414063 9.3609552383422851563 9.3578939437866210938 9.3557872772216796875 9.3541269302368164063 9.3540430068969726563 9.3554840087890625 9.3587636947631835938 9.3640756607055664063 9.3780126571655273438 9.4022312164306640625 9.4227457046508789063 9.434764862060546875 9.4429035186767578125 9.448978424072265625 9.4527416229248046875 9.4579534530639648438 9.4633579254150390625 9.4661378860473632813 9.4664478302001953125 9.466503143310546875
9.67061614990234375 9.6756343841552734375 9.6733522415161132813 9.668804168701171875 9.6636476516723632813 9.6577854156494140625 9.6452131271362304688 9.629039764404296875 9.6192026138305664063 9.6156711578369140625 9.6129598617553710938 9.6083345413208007813 9.5928316116333007813 9.5638294219970703125 9.53357696533203125 9.4996328353881835938 9.4587774276733398438 9.432552337646484375 9.4047288894653320313 9.3842096328735351563 9.3744411468505859375 9.36864471435546875 9.3639402389526367188 9.3611021041870117188 9.3592786788940429688 9.3581285476684570313 9.35842132568359375 9.35987091064453125 9.363033294677734375 9.3675584793090820313 9.3831167221069335938 9.4066915512084960938 9.4241819381713867188 9.4338836669921875 9.4397420883178710938 9.4437322616577148438 9.4461641311645507813 9.4499349594116210938 9.4544467926025390625 9.4575519561767578125 9.4596958160400390625 9.4628095626831054688
9.6724796295166015625 9.6784105300903320313 9.672115325927734375 9.6628017425537109375 9.6536159515380859375 9.6417255401611328125 9.623744964599609375 9.6047277450561523438 9.5943546295166015625 9.5959997177124023438 9.59857940673828125 9.5970239639282226563 9.5854597091674804688 9.559535980224609375 9.5324764251708984375 9.5016384124755859375 9.4627714157104492188 9.4377489089965820313 9.4100046157836914063 9.3877735137939453125 9.377307891845703125 9.3714122772216796875 9.3668537139892578125 9.3640995025634765625 9.36257171630859375 9.3617038726806640625 9.362285614013671875 9.36371612548828125 9.3669176101684570313 9.37165069580078125 9.3869810104370117188 9.409496307373046875 9.4247560501098632813 9.4330043792724609375 9.437824249267578125 9.4408369064331054688 9.4425287246704101563 9.4448833465576171875 9.44754791259765625 9.449352264404296875 9.451526641845703125 9.4561319351196289063
9.6769876480102539063 9.6857166290283203125 9.6772985458374023438 9.6584272384643554688 9.6431112289428710938 9.6268377304077148438 9.606739044189453125 9.5890483856201171875 9.5812673568725585938 9.5836029052734375 9.584552764892578125 9.581264495849609375 9.5675706863403320313 9.54375457763671875 9.5220546722412109375 9.4959058761596679688 9.4609546661376953125 9.4382886886596679688 9.41118621826171875 9.3891448974609375 9.3794012069702148438 9.3743772506713867188 9.3700780868530273438 9.3675518035888671875 9.3659076690673828125 9.3650970458984375 9.36620330810546875 9.3681955337524414063 9.3723812103271484375 9.3775424957275390625 9.3908252716064453125 9.4104623794555664063 9.42378997802734375 9.4312801361083984375 9.4360322952270507813 9.43914794921875 9.4408855438232421875 9.4429759979248046875 9.4448766708374023438 9.44600677490234375 9.4475030899047851563 9.4511251449584960938
9.6833744049072265625 9.6926374435424804688 9.6842317581176757813 9.658290863037109375 9.6351633071899414063 9.61468505859375 9.5937795639038085938 9.578243255615234375 9.5693073272705078125 9.5657978057861328125 9.5617122650146484375 9.55561065673828125 9.5384111404418945313 9.5162630081176757813 9.5000715255737304688 9.480075836181640625 9.4534635543823242188 9.4358720779418945313 9.4120349884033203125 9.3912324905395507813 9.3819990158081054688 9.3776311874389648438 9.3738727569580078125 9.3714437484741210938 9.3699312210083007813 9.369335174560546875 9.3708896636962890625 9.3738842010498046875 9.3791303634643554688 9.3841810226440429688 9.3947000503540039063 9.4095973968505859375 9.4215106964111328125 9.4294729232788085938 9.4346942901611328125 9.4375762939453125 9.4395084381103515625 9.442188262939453125 9.4440507888793945313 9.4451656341552734375 9.4466028213500976563 9.449443817138671875
9.6880578994750976563 9.6979618072509765625 9.6885585784912109375 9.6626901626586914063 9.6370258331298828125 9.6125497817993164063 9.588348388671875 9.5691509246826171875 9.554210662841796875 9.5435724258422851563 9.5348148345947265625 9.5272855758666992188 9.5096654891967773438 9.4891815185546875 9.4752683639526367188 9.460483551025390625 9.44232940673828125 9.4299640655517578125 9.4115228652954101563 9.394214630126953125 9.3859415054321289063 9.381824493408203125 9.3781423568725585938 9.3758745193481445313 9.3747463226318359375 9.37445831298828125 9.3761701583862304688 9.3795871734619140625 9.3846025466918945313 9.38883209228515625 9.3972558975219726563 9.4094142913818359375 9.4205265045166015625 9.42871856689453125 9.4343729019165039063 9.4373760223388671875 9.43927764892578125 9.4419431686401367188 9.4435882568359375 9.4447431564331054688 9.446468353271484375 9.4490251541137695313
9.6919088363647460938 9.7020635604858398438 9.6920690536499023438 9.6672544479370117188 9.644378662109375 9.618804931640625 9.5879583358764648438 9.5581636428833007813 9.5334634780883789063 9.5150442123413085938 9.5023050308227539063 9.4939107894897460938 9.4785280227661132813 9.4618587493896484375 9.4504728317260742188 9.4408016204833984375 9.4300813674926757813 9.4224500656127929688 9.4104509353637695313 9.3980045318603515625 9.3910303115844726563 9.38701629638671875 9.383586883544921875 9.3817319869995117188 9.3806400299072265625 9.3806753158569335938 9.38246917724609375 9.3855543136596679688 9.3895397186279296875 9.3929157257080078125 9.3996057510375976563 9.4097042083740234375 9.4204092025756835938 9.428615570068359375 9.434722900390625 9.4381046295166015625 9.4394502639770507813 9.4414987564086914063 9.4426164627075195313 9.4435262680053710938 9.44521331787109375 9.4469232559204101563
9.6995849609375 9.7033367156982421875 9.69132232666015625 9.66806793212890625 9.6474752426147460938 9.623470306396484375 9.5875186920166015625 9.543781280517578125 9.5032215118408203125 9.4738264083862304688 9.458766937255859375 9.4508485794067382813 9.440654754638671875 9.431427001953125 9.4260931015014648438 9.42352294921875 9.4201879501342773438 9.4170331954956054688 9.4107303619384765625 9.4033346176147460938 9.3983488082885742188 9.3949184417724609375 9.3918180465698242188 9.3899812698364257813 9.3886919021606445313 9.38881683349609375 9.390331268310546875 9.3926334381103515625 9.3956556320190429688 9.3983335494995117188 9.403255462646484375 9.410564422607421875 9.4193286895751953125 9.4276342391967773438 9.4348630905151367188 9.4384717941284179688 9.4391546249389648438 9.440509796142578125 9.4412689208984375 9.4414739608764648438 9.4421529769897460938 9.4427080154418945313
9.7037029266357421875 9.6986846923828125 9.685062408447265625 9.66481781005859375 9.6464290618896484375 9.6235818862915039063 9.5873966217041015625 9.5385904312133789063 9.4853153228759765625 9.4453554153442382813 9.4281721115112304688 9.4206743240356445313 9.4142274856567382813 9.4112720489501953125 9.4126691818237304688 9.416278839111328125 9.4177789688110351563 9.4171895980834960938 9.4139394760131835938 9.4098148345947265625 9.4063062667846679688 9.4034013748168945313 9.4002447128295898438 9.398029327392578125 9.396785736083984375 9.396392822265625 9.3973102569580078125 9.3990583419799804688 9.4016942977905273438 9.4039831161499023438 9.4072465896606445313 9.4115390777587890625 9.4171237945556640625 9.4250020980834960938 9.4334383010864257813 9.4377183914184570313 9.4385013580322265625 9.4397802352905273438 9.4406223297119140625 9.4399852752685546875 9.4392404556274414063 9.4391651153564453125
9.6992778778076171875 9.6923770904541015625 9.6791248321533203125 9.661907196044921875 9.64642333984375 9.6250171661376953125 9.5910091400146484375 9.5487270355224609375 9.4982662200927734375 9.4536561965942382813 9.432216644287109375 9.4222459793090820313 9.412078857421875 9.4089450836181640625 9.4137811660766601563 9.4194993972778320313 9.4215879440307617188 9.4212751388549804688 9.4187784194946289063 9.4153270721435546875 9.411773681640625 9.4084625244140625 9.4050283432006835938 9.40256500244140625 9.4008455276489257813 9.4000873565673828125 9.4011602401733398438 9.402759552001953125 9.405101776123046875 9.4069976806640625 9.409149169921875 9.4116277694702148438 9.41544342041015625 9.4221820831298828125 9.4309663772583007813 9.436336517333984375 9.4376697540283203125 9.4392032623291015625 9.440196990966796875 9.4391307830810546875 9.4372959136962890625 9.4365749359130859375
9.6978158950805664063 9.6909542083740234375 9.6781864166259765625 9.6631650924682617188 9.6500082015991210938 9.6301860809326171875 9.5984172821044921875 9.5605173110961914063 9.5183954238891601563 9.4735469818115234375 9.4448270797729492188 9.430995941162109375 9.4154825210571289063 9.4101800918579101563 9.4173650741577148438 9.42464447021484375 9.426609039306640625 9.426166534423828125 9.4235935211181640625 9.4198427200317382813 9.4158029556274414063 9.4116334915161132813 9.4080648422241210938 9.4061079025268554688 9.4037923812866210938 9.4027376174926757813 9.4042730331420898438 9.4061384201049804688 9.4083461761474609375 9.4097318649291992188 9.410800933837890625 9.4120655059814453125 9.4145612716674804688 9.41963958740234375 9.4283428192138671875 9.4346361160278320313 9.4366235733032226563 9.43856048583984375 9.4398288726806640625 9.4389781951904296875 9.4367208480834960938 9.4356098175048828125
9.7008771896362304688 9.6935949325561523438 9.6824550628662109375 9.6693735122680664063 9.6573476791381835938 9.6378326416015625 9.6069440841674804688 9.5709028244018554688 9.5325078964233398438 9.489421844482421875 9.45513153076171875 9.4365386962890625 9.4189882278442382813 9.414112091064453125 9.4222230911254882813 9.4299716949462890625 9.431671142578125 9.4308032989501953125 9.427776336669921875 9.4232683181762695313 9.4186763763427734375 9.41442108154296875 9.410976409912109375 9.4091749191284179688 9.406589508056640625 9.4056463241577148438 9.4075679779052734375 9.4098958969116210938 9.411792755126953125 9.4126129150390625 9.4126882553100585938 9.4132404327392578125 9.4144334793090820313 9.4179096221923828125 9.425922393798828125 9.4327869415283203125 9.4356098175048828125 9.438343048095703125 9.4395761489868164063 9.4390420913696289063 9.4370603561401367188 9.4354200363159179688
9.7011556625366210938 9.6959514617919921875 9.6864786148071289063 9.673656463623046875 9.6620464324951171875 9.6424226760864257813 9.612239837646484375 9.5769405364990234375 9.538097381591796875 9.4943666458129882813 9.4596662521362304688 9.4400129318237304688 9.4237260818481445313 9.4236249923706054688 9.4315176010131835938 9.437313079833984375 9.4372997283935546875 9.4355936050415039063 9.43224334716796875 9.4274072647094726563 9.4224119186401367188 9.4176931381225585938 9.4141445159912109375 9.41236114501953125 9.4103879928588867188 9.4098958969116210938 9.41161346435546875 9.4136962890625 9.4148511886596679688 9.4150390625 9.4146642684936523438 9.4149694442749023438 9.4154052734375 9.417613983154296875 9.4246778488159179688 9.431743621826171875 9.4352436065673828125 9.4384431838989257813 9.4395542144775390625 9.4391736984252929688 9.4376707077026367188 9.4358043670654296875
9.6883459091186523438 9.691425323486328125 9.6845264434814453125 9.6696720123291015625 9.6566705703735351563 9.637767791748046875 9.6094388961791992188 9.57550048828125 9.5363397598266601563 9.4924917221069335938 9.458179473876953125 9.4422674179077148438 9.4332447052001953125 9.4376306533813476563 9.442775726318359375 9.4454555511474609375 9.443630218505859375 9.4413356781005859375 9.4376077651977539063 9.4328298568725585938 9.4275360107421875 9.4218854904174804688 9.4177007675170898438 9.4158115386962890625 9.4141702651977539063 9.4140100479125976563 9.415386199951171875 9.4167022705078125 9.4173183441162109375 9.4173421859741210938 9.4168348312377929688 9.416568756103515625 9.4164609909057617188 9.4175939559936523438 9.423519134521484375 9.4304227828979492188 9.4345760345458984375 9.4384069442749023438 9.4398479461669921875 9.4395923614501953125 9.4383764266967773438 9.436885833740234375
9.6626195907592773438 9.6791553497314453125 9.6793346405029296875 9.6640005111694335938 9.6484498977661132813 9.628997802734375 9.6011180877685546875 9.569133758544921875 9.5321950912475585938 9.4915609359741210938 9.4599819183349609375 9.4470853805541992188 9.4459686279296875 9.4509687423706054688 9.4514293670654296875 9.4506988525390625 9.4480304718017578125 9.445636749267578125 9.4418210983276367188 9.43724822998046875 9.4317083358764648438 9.4254179000854492188 9.420654296875 9.4182615280151367188 9.4161472320556640625 9.4160184860229492188 9.4171533584594726563 9.4182615280151367188 9.4186944961547851563 9.4185943603515625 9.4181203842163085938 9.4173765182495117188 9.4162111282348632813 9.4164419174194335938 9.4217281341552734375 9.42856597900390625 9.4333047866821289063 9.4382371902465820313 9.4401559829711914063 9.43988037109375 9.4389801025390625 9.4380884170532226563
9.6371393203735351563 9.6614599227905273438 9.673023223876953125 9.6620588302612304688 9.645111083984375 9.623920440673828125 9.5954847335815429688 9.565494537353515625 9.5310239791870117188 9.492725372314453125 9.464450836181640625 9.453838348388671875 9.4555997848510742188 9.4611968994140625 9.460231781005859375 9.4556331634521484375 9.45159149169921875 9.4491710662841796875 9.4454975128173828125 9.4409055709838867188 9.43537139892578125 9.4286355972290039063 9.4231586456298828125 9.4203891754150390625 9.4181070327758789063 9.4175271987915039063 9.4181451797485351563 9.4189453125 9.4189519882202148438 9.4186620712280273438 9.418201446533203125 9.4173126220703125 9.4153909683227539063 9.4148616790771484375 9.4208049774169921875 9.428676605224609375 9.4338369369506835938 9.4393596649169921875 9.4414958953857421875 9.440765380859375 9.439697265625 9.4394893646240234375
9.6157846450805664063 9.6351671218872070313 9.65789794921875 9.6591176986694335938 9.644443511962890625 9.6215457916259765625 9.592868804931640625 9.5653018951416015625 9.53302764892578125 9.4962673187255859375 9.4702396392822265625 9.4604806900024414063 9.461620330810546875 9.4674310684204101563 9.468936920166015625 9.4634075164794921875 9.4564447402954101563 9.4534082412719726563 9.4496202468872070313 9.444835662841796875 9.439304351806640625 9.4325428009033203125 9.4265842437744140625 9.423480987548828125 9.420684814453125 9.4196338653564453125 9.419769287109375 9.4196710586547851563 9.4191265106201171875 9.4186182022094726563 9.4179277420043945313 9.417041778564453125 9.4152269363403320313 9.414127349853515625 9.4208736419677734375 9.431697845458984375 9.4372100830078125 9.44245147705078125 9.4440793991088867188 9.4429607391357421875 9.4414110183715820313 9.4409132003784179688
