INPUT/RASTER/ASCII/BIO19.asc
ncols        225
nrows        269
xllcorner    473000.000000000000
yllcorner    4429100.000000000000
cellsize     50.000000000000
NODATA_value -9999
[rows 200 to 219 of 269, columns 138 to 183 of 225]
205.2153778076171875 205.6024017333984375 206.45513916015625 205.8256072998046875 206.013946533203125 205.961669921875 206.238922119140625 206.33343505859375 206.74835205078125 206.5325927734375 206.9410400390625 206.9786529541015625 206.6602783203125 206.931304931640625 206.776031494140625 206.5477294921875 206.246490478515625 206.12982177734375 205.847747802734375 205.3393707275390625 204.611114501953125 203.9969482421875 203.456573486328125 203.273590087890625 203.2555999755859375 203.0549468994140625 202.9525299072265625 202.8748779296875 202.766204833984375 202.66461181640625 202.62261962890625 202.484710693359375 202.1754608154296875 201.90289306640625 200.957366943359375 200.2163543701171875 200.0627288818359375 200.2273101806640625 200.90264892578125 201.4802703857421875 201.6696929931640625 201.770477294921875 201.779632568359375 201.7582855224609375 201.7370758056640625 201.7352447509765625
206.5774078369140625 206.5808563232421875 206.443023681640625 206.0594635009765625 205.7818603515625 205.8470001220703125 205.9811859130859375 205.9792327880859375 206.2439727783203125 206.1541290283203125 206.386871337890625 206.4811248779296875 206.3798828125 206.425140380859375 206.191497802734375 206.1102142333984375 205.73565673828125 205.7102508544921875 205.4571685791015625 205.110198974609375 204.7298736572265625 204.1192626953125 203.5833282470703125 203.264404296875 203.2276611328125 203.03875732421875 202.900238037109375 202.89154052734375 202.864288330078125 202.8571319580078125 202.76348876953125 202.713653564453125 202.4213409423828125 202.2775115966796875 201.5919952392578125 200.446197509765625 200.2746124267578125 200.103607177734375 200.52392578125 201.1098175048828125 201.5263824462890625 201.599853515625 201.680419921875 201.6855621337890625 201.6414947509765625 201.6501007080078125
206.55340576171875 206.6461334228515625 206.2104034423828125 205.7751922607421875 205.5005645751953125 205.561065673828125 205.6263427734375 205.6247711181640625 205.86785888671875 205.873291015625 206.057952880859375 206.178619384765625 206.1237335205078125 206.169708251953125 205.9599609375 205.8665924072265625 205.528778076171875 205.4944000244140625 205.2863311767578125 205.0992431640625 204.78070068359375 204.255218505859375 203.6908416748046875 203.279266357421875 203.2169189453125 203.031890869140625 202.8650970458984375 202.8734893798828125 202.938995361328125 202.91998291015625 202.872955322265625 202.8402099609375 202.633026123046875 202.293853759765625 201.790069580078125 200.794921875 200.5357513427734375 200.0246429443359375 200.3201904296875 200.9994354248046875 201.4019622802734375 201.518524169921875 201.5730743408203125 201.604278564453125 201.6119232177734375 201.7233428955078125
206.300018310546875 206.549102783203125 205.953033447265625 205.3745880126953125 205.121124267578125 205.1808929443359375 205.27569580078125 205.3189849853515625 205.55712890625 205.690093994140625 205.859771728515625 205.90863037109375 205.916259765625 205.9756927490234375 205.728240966796875 205.5968170166015625 205.272735595703125 205.260284423828125 205.1319580078125 204.9656829833984375 204.7621917724609375 204.3665008544921875 203.7972869873046875 203.3304290771484375 203.2304229736328125 203.0164794921875 202.82977294921875 202.810028076171875 202.9109954833984375 202.9223175048828125 202.9244537353515625 202.8455810546875 202.665008544921875 202.2611083984375 201.8129119873046875 200.9650726318359375 200.600982666015625 199.85400390625 200.0673828125 200.9405059814453125 201.3157196044921875 201.3881378173828125 201.436126708984375 201.4004974365234375 201.5303497314453125 201.725982666015625
206.0457611083984375 206.3257293701171875 205.6954193115234375 205.0246429443359375 204.8148345947265625 204.8566436767578125 204.962615966796875 205.11083984375 205.361358642578125 205.45770263671875 205.62738037109375 205.671417236328125 205.7330322265625 205.753814697265625 205.520721435546875 205.30755615234375 205.040924072265625 205.01043701171875 204.955291748046875 204.85638427734375 204.7273406982421875 204.42864990234375 203.926483154296875 203.3975677490234375 203.2681884765625 202.9535675048828125 202.794219970703125 202.7578887939453125 202.833221435546875 202.9254150390625 202.9087066650390625 202.81256103515625 202.628662109375 202.22821044921875 201.7592926025390625 200.8785247802734375 200.421356201171875 199.4437103271484375 199.7409820556640625 200.90936279296875 201.314239501953125 201.282073974609375 201.2970123291015625 201.294464111328125 201.44720458984375 201.7345733642578125
205.861907958984375 205.69158935546875 205.1194305419921875 204.56072998046875 204.53277587890625 204.5850982666015625 204.6934661865234375 204.877960205078125 205.1285400390625 205.2985076904296875 205.4182281494140625 205.465179443359375 205.5006256103515625 205.45697021484375 205.2640380859375 205.0186920166015625 204.8578338623046875 204.8501739501953125 204.824310302734375 204.6734466552734375 204.5994720458984375 204.3682098388671875 203.91455078125 203.3760986328125 203.2078857421875 202.873016357421875 202.758514404296875 202.7196807861328125 202.773193359375 202.8432159423828125 202.8728179931640625 202.7304534912109375 202.5753326416015625 202.170684814453125 201.585540771484375 200.650390625 200.1681365966796875 199.125457763671875 199.6591796875 200.8465118408203125 201.17669677734375 201.1269378662109375 201.123626708984375 201.212799072265625 201.4461822509765625 201.877685546875
205.6077880859375 204.705047607421875 204.23583984375 203.87127685546875 204.016815185546875 204.0428924560546875 204.2005767822265625 204.4114837646484375 204.63580322265625 204.905914306640625 205.070770263671875 205.1045074462890625 205.1085052490234375 205.0249481201171875 204.872344970703125 204.7283172607421875 204.61334228515625 204.56121826171875 204.5284576416015625 204.502716064453125 204.3770599365234375 204.22222900390625 203.845123291015625 203.3111114501953125 203.086639404296875 202.7411651611328125 202.625152587890625 202.6106719970703125 202.6338348388671875 202.6538543701171875 202.6898193359375 202.66363525390625 202.411590576171875 201.737030029296875 200.727569580078125 199.560333251953125 199.196380615234375 198.95611572265625 199.984527587890625 200.8363189697265625 200.97283935546875 200.718414306640625 200.6868438720703125 201.000091552734375 201.502410888671875 202.23919677734375
204.83282470703125 204.2123870849609375 203.8548431396484375 203.59857177734375 203.733978271484375 203.748077392578125 203.9261627197265625 204.1044769287109375 204.3637847900390625 204.6725616455078125 204.832427978515625 204.962554931640625 205.0124969482421875 204.9026947021484375 204.7617950439453125 204.569610595703125 204.45404052734375 204.429840087890625 204.3837890625 204.343597412109375 204.3743133544921875 204.2590484619140625 203.954376220703125 203.4545135498046875 203.2459564208984375 202.72784423828125 202.65081787109375 202.5716552734375 202.5279998779296875 202.54669189453125 202.5447845458984375 202.5076141357421875 202.30462646484375 201.605621337890625 200.150177001953125 198.8309783935546875 198.82037353515625 199.04083251953125 199.9512176513671875 200.635406494140625 200.7935028076171875 200.63629150390625 200.554046630859375 200.8935546875 201.5390472412109375 202.43475341796875
204.2622833251953125 203.71978759765625 203.49566650390625 203.3254547119140625 203.499847412109375 203.482086181640625 203.625396728515625 203.8461456298828125 204.0532379150390625 204.43896484375 204.64398193359375 204.80255126953125 204.7948150634765625 204.7387847900390625 204.6754913330078125 204.4802093505859375 204.416900634765625 204.3897552490234375 204.343597412109375 204.306610107421875 204.3766937255859375 204.3446044921875 203.9300537109375 203.35150146484375 203.160369873046875 202.6300506591796875 202.4943389892578125 202.4453887939453125 202.47125244140625 202.3618621826171875 202.32177734375 202.3025054931640625 202.11773681640625 201.498565673828125 199.9568023681640625 198.7158355712890625 198.6400146484375 198.8077545166015625 199.3794403076171875 200.3170013427734375 200.5201263427734375 200.4072265625 200.332855224609375 200.811370849609375 201.5087127685546875 202.678802490234375
203.9176483154296875 203.4056549072265625 203.1883544921875 203.0498199462890625 203.216522216796875 203.1773834228515625 203.337890625 203.6120452880859375 203.7900390625 204.1806793212890625 204.3889007568359375 204.593353271484375 204.604034423828125 204.5670623779296875 204.5155487060546875 204.39508056640625 204.3795166015625 204.33428955078125 204.302978515625 204.269439697265625 204.303314208984375 204.307586669921875 203.876007080078125 203.0592193603515625 202.9146575927734375 202.380279541015625 202.264251708984375 202.2399139404296875 202.3392333984375 202.239959716796875 202.193115234375 202.1217041015625 201.912811279296875 201.48919677734375 200.52972412109375 199.351776123046875 198.973388671875 198.7863922119140625 199.125640869140625 199.6855010986328125 199.9505462646484375 199.933319091796875 199.888641357421875 200.5822601318359375 201.43341064453125 202.7441558837890625
203.5427093505859375 203.1430511474609375 202.979827880859375 202.8523712158203125 202.981903076171875 202.8927459716796875 203.0505523681640625 203.3043060302734375 203.5127716064453125 203.897674560546875 204.1144256591796875 204.359466552734375 204.358001708984375 204.3704071044921875 204.3553924560546875 204.2350006103515625 204.268524169921875 204.203033447265625 204.2159271240234375 204.2320556640625 204.201446533203125 204.29486083984375 204.0126800537109375 203.00311279296875 202.7186279296875 202.1487884521484375 202.1563568115234375 202.0984954833984375 202.1336517333984375 202.0733489990234375 202.0367431640625 201.9652252197265625 201.6928558349609375 201.430755615234375 200.9082183837890625 200.125213623046875 199.6981201171875 199.0738525390625 198.7493438720703125 198.8497161865234375 199.1523895263671875 199.4103546142578125 199.6141357421875 200.475341796875 201.332672119140625 202.84088134765625
203.0181121826171875 202.90667724609375 202.7277679443359375 202.64715576171875 202.659149169921875 202.6898193359375 202.76617431640625 202.9278564453125 203.23675537109375 203.558349609375 203.9048004150390625 203.98370361328125 204.1716461181640625 204.158538818359375 204.10247802734375 204.022308349609375 204.0159454345703125 204.02203369140625 204.058837890625 204.1552581787109375 204.208160400390625 204.3161468505859375 204.01458740234375 202.9606781005859375 202.68377685546875 201.99658203125 201.974884033203125 201.8846588134765625 202.05023193359375 201.74603271484375 201.6716461181640625 201.7596435546875 201.39923095703125 201.3232269287109375 200.9143524169921875 200.472686767578125 200.153564453125 199.712127685546875 198.66656494140625 198.7882232666015625 199.9720916748046875 199.0341033935546875 202.805389404296875 200.5396270751953125 201.3309783935546875 202.8065185546875
202.436065673828125 202.3604278564453125 202.0945281982421875 202.3356475830078125 202.148895263671875 202.354461669921875 202.4725799560546875 202.449432373046875 202.9019622802734375 203.0570068359375 203.5546875 203.54400634765625 203.8626251220703125 203.881500244140625 203.712554931640625 203.7821502685546875 203.675567626953125 203.83258056640625 203.9443359375 204.056884765625 204.270263671875 204.363311767578125 203.6899871826171875 202.7764892578125 202.46661376953125 201.80633544921875 201.611358642578125 201.563446044921875 201.30267333984375 201.2379150390625 201.0840606689453125 201.04925537109375 201.0146484375 200.906890869140625 200.6525115966796875 200.5482940673828125 200.508453369140625 200.266693115234375 199.3399658203125 204.735809326171875 204.00958251953125 208.414031982421875 208.27105712890625 201.8719635009765625 201.608978271484375 203.099365234375
201.9793548583984375 201.9353485107421875 201.8359375 201.96295166015625 201.86614990234375 201.9780426025390625 202.13525390625 202.2288055419921875 202.5947113037109375 202.89520263671875 203.3206939697265625 203.43133544921875 203.6123809814453125 203.6115264892578125 203.4779052734375 203.5485382080078125 203.587982177734375 203.6457672119140625 203.8030242919921875 204.0117034912109375 204.288909912109375 204.573211669921875 203.7803497314453125 202.6706085205078125 202.3223724365234375 201.5998382568359375 201.173919677734375 201.1071929931640625 200.8585968017578125 200.9324188232421875 200.7919158935546875 200.691131591796875 200.765350341796875 200.64691162109375 200.6337890625 200.592437744140625 200.5056915283203125 200.4460296630859375 207.435546875 207.03704833984375 207.390289306640625 205.12451171875 206.2125701904296875 203.4521636962890625 201.4255828857421875 203.4753570556640625
201.7195281982421875 201.6461334228515625 201.552642822265625 201.608306884765625 201.48529052734375 201.630340576171875 201.8485870361328125 202.019683837890625 202.4181365966796875 202.782135009765625 203.1667633056640625 203.318450927734375 203.5225677490234375 203.489288330078125 203.365386962890625 203.3780517578125 203.4267730712890625 203.5327606201171875 203.77587890625 203.975067138671875 204.316925048828125 204.5861968994140625 203.7357330322265625 202.497955322265625 202.0908966064453125 201.3775482177734375 200.89373779296875 200.7906036376953125 200.554168701171875 200.63067626953125 200.6407012939453125 200.533721923828125 200.5910186767578125 200.612091064453125 200.712982177734375 200.5012664794921875 199.68798828125 204.1957550048828125 204.92388916015625 205.960845947265625 206.110015869140625 205.4755859375 205.7636871337890625 204.13165283203125 201.852783203125 203.70953369140625
201.4505462646484375 201.340240478515625 201.22021484375 201.132476806640625 200.9574127197265625 201.17340087890625 201.49627685546875 201.76141357421875 202.2929229736328125 202.63861083984375 203.0367431640625 203.205352783203125 203.4026641845703125 203.3287200927734375 203.2037200927734375 203.2093505859375 203.420501708984375 203.527252197265625 203.7503814697265625 203.9386444091796875 204.239288330078125 204.109588623046875 203.350616455078125 202.1361083984375 201.8103179931640625 201.170928955078125 200.7112884521484375 200.4471282958984375 200.225128173828125 200.2921142578125 200.4017791748046875 200.400665283203125 200.44781494140625 200.67498779296875 200.57830810546875 199.76824951171875 204.61822509765625 206.6301727294921875 205.5923919677734375 206.5596771240234375 208.248565673828125 208.953857421875 208.3714141845703125 206.256561279296875 202.5775909423828125 203.894683837890625
201.2288360595703125 201.07806396484375 200.9854278564453125 200.7571563720703125 200.625091552734375 200.7647247314453125 201.179351806640625 201.502960205078125 202.0871124267578125 202.498504638671875 202.825408935546875 202.920745849609375 203.1127777099609375 203.0536041259765625 202.9929046630859375 203.125091552734375 203.341094970703125 203.459381103515625 203.711151123046875 203.9020538330078125 204.1202239990234375 203.755157470703125 202.9384613037109375 201.9338226318359375 201.6274566650390625 201.029327392578125 200.50421142578125 200.0657501220703125 199.724639892578125 199.775360107421875 200.0030517578125 200.29193115234375 200.429443359375 200.32177734375 199.692230224609375 207.702880859375 208.154388427734375 206.6386260986328125 207.6124267578125 208.751556396484375 201.4822998046875 200.3366241455078125 202.495697021484375 202.1364288330078125 203.2042999267578125 203.9817962646484375
200.9353179931640625 200.810791015625 200.75042724609375 200.4749908447265625 200.39044189453125 200.4427642822265625 200.829925537109375 201.2687530517578125 201.800323486328125 202.215728759765625 202.63934326171875 202.73309326171875 202.743316650390625 202.6986083984375 202.7637939453125 202.98974609375 203.2790985107421875 203.3635406494140625 203.636962890625 203.8652801513671875 204.03759765625 203.522918701171875 202.7388153076171875 201.92431640625 201.61572265625 200.84246826171875 200.248046875 199.5732574462890625 198.6856689453125 198.63336181640625 198.8022613525390625 199.448944091796875 200.192108154296875 199.2587738037109375 205.4176177978515625 207.1591644287109375 206.33099365234375 207.1398162841796875 203.674652099609375 200.45068359375 200.5321807861328125 201.2318878173828125 201.5069427490234375 202.615814208984375 203.5057525634765625 203.9219818115234375
200.7142333984375 200.514923095703125 200.441802978515625 200.044952392578125 199.9598236083984375 199.99847412109375 200.43670654296875 200.7947235107421875 201.166961669921875 201.86981201171875 202.358367919921875 202.38836669921875 202.1949615478515625 202.091217041015625 202.276947021484375 202.579254150390625 202.959716796875 203.07489013671875 203.36236572265625 203.61993408203125 203.684051513671875 203.302642822265625 202.4960174560546875 201.6392974853515625 201.371551513671875 200.5704193115234375 199.9799346923828125 199.6446380615234375 207.022247314453125 205.546783447265625 205.2139129638671875 207.137542724609375 200.693084716796875 208.18267822265625 206.2395782470703125 205.7309722900390625 205.9171295166015625 207.0965728759765625 199.8872833251953125 200.6073150634765625 200.987091064453125 201.4559783935546875 201.838958740234375 202.595428466796875 203.2697906494140625 203.6796417236328125
200.2732391357421875 200.0899200439453125 199.9462890625 199.585662841796875 199.4894561767578125 199.518890380859375 199.91766357421875 200.344696044921875 200.7999114990234375 201.708831787109375 202.1643524169921875 202.2031402587890625 201.865447998046875 201.8302154541015625 202.042724609375 202.2984466552734375 202.7508087158203125 202.860076904296875 203.1426849365234375 203.4113616943359375 203.5506744384765625 203.1678009033203125 202.2850341796875 201.41839599609375 201.2125244140625 200.5368499755859375 199.89459228515625 199.02825927734375 205.992218017578125 204.6934967041015625 204.1154327392578125 205.4454193115234375 206.239471435546875 206.35845947265625 206.3115081787109375 206.354705810546875 208.598785400390625 200.21368408203125 200.0723114013671875 200.6854400634765625 201.02166748046875 201.421051025390625 201.8137359619140625 201.700164794921875 201.4635009765625 201.9541778564453125
