INPUT/RASTER/ASCII/BIO13.asc
ncols        225
nrows        269
xllcorner    473009.983799999987
yllcorner    4429051.174800000153
cellsize     50.000000000000
NODATA_value -9999
[rows 228 to 246 of 269, columns 129 to 171 of 225]
100.400115966796875 100.3404693603515625 100.28832244873046875 100.243011474609375 100.200775146484375 100.1712188720703125 100.13483428955078125 100.0999298095703125 99.98618316650390625 99.7797088623046875 99.679595947265625 99.68314361572265625 99.71044158935546875 99.7534027099609375 99.855804443359375 99.964447021484375 100.00023651123046875 100.0508575439453125 100.12397003173828125 100.14556121826171875 100.122314453125 100.11864471435546875 100.18448638916015625 100.26171112060546875 100.31543731689453125 100.35434722900390625 100.37859344482421875 100.409271240234375 100.4550018310546875 100.524749755859375 100.5789947509765625 100.541900634765625 100.5218963623046875 100.4105224609375 99.84195709228515625 98.57305145263671875 97.19586181640625 96.35015106201171875 96.147308349609375 96.41197967529296875 97.0092010498046875 97.844512939453125 98.9472198486328125
100.2904052734375 100.2445526123046875 100.20383453369140625 100.1687469482421875 100.14203643798828125 100.12540435791015625 100.086883544921875 100.03746795654296875 99.89063262939453125 99.67479705810546875 99.56989288330078125 99.55644989013671875 99.565185546875 99.5976409912109375 99.69409942626953125 99.7992706298828125 99.85443878173828125 99.92562103271484375 100.01024627685546875 100.0359954833984375 100.0211181640625 100.0294342041015625 100.07460784912109375 100.107696533203125 100.142059326171875 100.16620635986328125 100.18335723876953125 100.212799072265625 100.2413482666015625 100.2852325439453125 100.3494873046875 100.3881072998046875 100.3709564208984375 100.04979705810546875 99.09165191650390625 97.709197998046875 96.47607421875 95.768524169921875 95.68695831298828125 96.1769866943359375 97.0531768798828125 98.02484893798828125 99.10283660888671875
100.1423797607421875 100.104248046875 100.07830810546875 100.0745086669921875 100.088592529296875 100.0725555419921875 100.013671875 99.925933837890625 99.73148345947265625 99.50457763671875 99.3889923095703125 99.374969482421875 99.4019622802734375 99.43859100341796875 99.5136871337890625 99.6107025146484375 99.6993408203125 99.7940216064453125 99.84021759033203125 99.82241058349609375 99.81275177001953125 99.845184326171875 99.9109649658203125 99.95697784423828125 99.97959136962890625 99.9947662353515625 100.0047454833984375 100.03028106689453125 100.0474090576171875 100.08795166015625 100.1696014404296875 100.24188995361328125 100.1119384765625 99.44747161865234375 98.2232208251953125 96.943389892578125 96.03076934814453125 95.51259613037109375 95.4515380859375 95.95944976806640625 97.1138153076171875 98.39595794677734375 99.410858154296875
100.02613067626953125 99.98896026611328125 99.9683990478515625 99.98403167724609375 100.024078369140625 100.02188873291015625 99.94751739501953125 99.8347015380859375 99.62053680419921875 99.3892822265625 99.27042388916015625 99.268646240234375 99.30951690673828125 99.3475341796875 99.41614532470703125 99.51238250732421875 99.614776611328125 99.71721649169921875 99.74373626708984375 99.7027587890625 99.68712615966796875 99.709259033203125 99.76381683349609375 99.81296539306640625 99.82656097412109375 99.83379364013671875 99.83969879150390625 99.85733795166015625 99.881011962890625 99.950286865234375 100.0600433349609375 100.07129669189453125 99.7371063232421875 98.71222686767578125 97.35230255126953125 96.18672943115234375 95.6237945556640625 95.38504791259765625 95.35028076171875 95.83573150634765625 97.14682769775390625 98.62438201904296875 99.588836669921875
99.93367767333984375 99.891357421875 99.86763763427734375 99.88005828857421875 99.9231109619140625 99.93466949462890625 99.8573455810546875 99.741943359375 99.527862548828125 99.29674530029296875 99.19098663330078125 99.1930694580078125 99.2321624755859375 99.26849365234375 99.3404998779296875 99.44918060302734375 99.5493927001953125 99.632080078125 99.64827728271484375 99.615509033203125 99.602996826171875 99.6187286376953125 99.65575408935546875 99.6880340576171875 99.69435882568359375 99.691986083984375 99.69264984130859375 99.702239990234375 99.7424468994140625 99.8476409912109375 99.979217529296875 99.84937286376953125 99.30098724365234375 98.0253143310546875 96.65193939208984375 95.661956787109375 95.375 95.39783477783203125 95.4810028076171875 95.986846923828125 97.1887969970703125 98.55876922607421875 99.52111053466796875
99.84619903564453125 99.800079345703125 99.7690582275390625 99.76670074462890625 99.78615570068359375 99.802001953125 99.7430877685546875 99.64220428466796875 99.43260955810546875 99.192169189453125 99.08449554443359375 99.09061431884765625 99.12938690185546875 99.1605987548828125 99.252166748046875 99.3817138671875 99.4716644287109375 99.52266693115234375 99.53022003173828125 99.50934600830078125 99.50281524658203125 99.5176239013671875 99.54709625244140625 99.57032012939453125 99.57030487060546875 99.560516357421875 99.55268096923828125 99.55428314208984375 99.61730194091796875 99.76087188720703125 99.86168670654296875 99.51755523681640625 98.81481170654296875 97.447967529296875 96.15909576416015625 95.37685394287109375 95.28510284423828125 95.548553466796875 95.81244659423828125 96.3592071533203125 97.25722503662109375 98.3161468505859375 99.30760955810546875
99.75414276123046875 99.71445465087890625 99.67395782470703125 99.6495513916015625 99.64147186279296875 99.65389251708984375 99.62386322021484375 99.53509521484375 99.31551361083984375 99.05113983154296875 98.92169952392578125 98.93647003173828125 98.99446868896484375 99.03752899169921875 99.1407012939453125 99.2699127197265625 99.3371734619140625 99.3618011474609375 99.3700103759765625 99.36344146728515625 99.3600921630859375 99.3721466064453125 99.39955902099609375 99.42232513427734375 99.41606903076171875 99.401458740234375 99.384368896484375 99.391387939453125 99.48435211181640625 99.62268829345703125 99.551361083984375 98.97399139404296875 98.2744293212890625 97.02779388427734375 95.86417388916015625 95.2337646484375 95.25775146484375 95.71710205078125 96.15703582763671875 96.71673583984375 97.3321990966796875 98.1164398193359375 99.0948028564453125
99.6586151123046875 99.6267852783203125 99.58341217041015625 99.5430450439453125 99.52910614013671875 99.531494140625 99.49706268310546875 99.3833465576171875 99.11943817138671875 98.85492706298828125 98.74517059326171875 98.773406982421875 98.85992431640625 98.93048858642578125 99.005157470703125 99.082061767578125 99.11756134033203125 99.130828857421875 99.14417266845703125 99.15642547607421875 99.16635894775390625 99.18430328369140625 99.2041015625 99.21245574951171875 99.1900482177734375 99.168731689453125 99.16909027099609375 99.21624755859375 99.32410430908203125 99.33990478515625 98.9238128662109375 98.1747894287109375 97.62640380859375 96.67021942138671875 95.66680145263671875 95.121124267578125 95.18070220947265625 95.7059783935546875 96.2125701904296875 96.7881622314453125 97.37183380126953125 98.07639312744140625 98.7483673095703125
99.54460906982421875 99.5182952880859375 99.48975372314453125 99.45716094970703125 99.42903900146484375 99.39359283447265625 99.30612945556640625 99.16263580322265625 98.89897918701171875 98.6787567138671875 98.61577606201171875 98.66109466552734375 98.75495147705078125 98.82384490966796875 98.846832275390625 98.85514068603515625 98.8746795654296875 98.8920745849609375 98.91492462158203125 98.9610748291015625 98.99744415283203125 99.02498626708984375 99.02877044677734375 99.00457763671875 98.96096038818359375 98.94677734375 98.9915771484375 99.0931243896484375 99.17529296875 99.00323486328125 98.29912567138671875 97.45891571044921875 97.007659912109375 96.25197601318359375 95.41546630859375 94.98104095458984375 95.045806884765625 95.5170745849609375 96.0113677978515625 96.65447235107421875 97.27913665771484375 97.85424041748046875 97.857666015625
99.43610382080078125 99.4135894775390625 99.39859771728515625 99.37677001953125 99.3343048095703125 99.2512054443359375 99.10992431640625 98.9688568115234375 98.75803375244140625 98.56731414794921875 98.51271820068359375 98.56948089599609375 98.65689849853515625 98.70851898193359375 98.69985198974609375 98.66803741455078125 98.676361083984375 98.6868133544921875 98.72927093505859375 98.80181121826171875 98.8881988525390625 98.93335723876953125 98.918701171875 98.859619140625 98.81127166748046875 98.811126708984375 98.89968109130859375 99.03751373291015625 99.079620361328125 98.7444305419921875 97.89263153076171875 97.0415496826171875 96.58692169189453125 95.88623046875 95.21353912353515625 94.88463592529296875 94.9606475830078125 95.38134765625 95.843597412109375 96.48735809326171875 97.08773040771484375 97.457000732421875 97.01007843017578125
99.3404693603515625 99.32227325439453125 99.3134613037109375 99.29651641845703125 99.24451446533203125 99.12952423095703125 98.9631500244140625 98.8328094482421875 98.64965057373046875 98.46630096435546875 98.39597320556640625 98.4348907470703125 98.5100250244140625 98.555419921875 98.54631805419921875 98.4934539794921875 98.47280120849609375 98.47249603271484375 98.5533599853515625 98.65160369873046875 98.77570343017578125 98.8293609619140625 98.79813385009765625 98.7221221923828125 98.6802215576171875 98.6925811767578125 98.8025970458984375 98.9334564208984375 98.878387451171875 98.37004852294921875 97.38751983642578125 96.55060577392578125 96.12789154052734375 95.5177001953125 94.98468780517578125 94.7696380615234375 94.94060516357421875 95.36029052734375 95.750701904296875 96.30484771728515625 96.8780670166015625 96.9059906005859375 96.283905029296875
99.22962188720703125 99.218170166015625 99.21750640869140625 99.20733642578125 99.16590118408203125 99.0476226806640625 98.8705291748046875 98.7445220947265625 98.56316375732421875 98.36585235595703125 98.27215576171875 98.281005859375 98.3246002197265625 98.3524627685546875 98.36670684814453125 98.3437652587890625 98.32019805908203125 98.32466888427734375 98.423919677734375 98.52796173095703125 98.6524200439453125 98.69889068603515625 98.659423828125 98.5847320556640625 98.56363677978515625 98.5951995849609375 98.70075225830078125 98.79747772216796875 98.63681793212890625 97.9942474365234375 96.97460174560546875 96.16698455810546875 95.74550628662109375 95.1437835693359375 94.6768798828125 94.60349273681640625 94.92600250244140625 95.37204742431640625 95.68711090087890625 96.12563323974609375 96.58542633056640625 96.31649017333984375 95.7999420166015625
99.097991943359375 99.0890960693359375 99.08892059326171875 99.10009765625 99.0903472900390625 98.97866058349609375 98.7929534912109375 98.6636962890625 98.47733306884765625 98.26204681396484375 98.14325714111328125 98.13191986083984375 98.149810791015625 98.1630706787109375 98.19535064697265625 98.215301513671875 98.2126617431640625 98.24188995361328125 98.34458160400390625 98.434967041015625 98.5359344482421875 98.5659027099609375 98.5147705078125 98.4418487548828125 98.445953369140625 98.49556732177734375 98.60901641845703125 98.705047607421875 98.50492095947265625 97.77999114990234375 96.71169281005859375 95.8785247802734375 95.409393310546875 94.73862457275390625 94.29460906982421875 94.35528564453125 94.80326080322265625 95.272735595703125 95.537811279296875 95.83807373046875 95.89801025390625 95.4432830810546875 95.43866729736328125
98.95131683349609375 98.9329376220703125 98.926116943359375 98.9555816650390625 98.96611785888671875 98.85944366455078125 98.679351806640625 98.5548553466796875 98.37398529052734375 98.14884185791015625 98.00350189208984375 97.97888946533203125 97.988616943359375 97.99767303466796875 98.03353118896484375 98.08043670654296875 98.11053466796875 98.174041748046875 98.28079986572265625 98.35260009765625 98.41634368896484375 98.4254608154296875 98.36133575439453125 98.28824615478515625 98.31097412109375 98.373260498046875 98.50757598876953125 98.62433624267578125 98.39691925048828125 97.61217498779296875 96.4784698486328125 95.5522003173828125 95.015960693359375 94.3112640380859375 93.92711639404296875 94.06111907958984375 94.54489898681640625 95.0037994384765625 95.23085784912109375 95.23636627197265625 94.7184295654296875 94.5153350830078125 94.8975372314453125
98.78420257568359375 98.75635528564453125 98.74062347412109375 98.7605743408203125 98.76105499267578125 98.664306640625 98.5139007568359375 98.40700531005859375 98.243377685546875 98.01619720458984375 97.84412384033203125 97.79587554931640625 97.800048828125 97.80873870849609375 97.84398651123046875 97.9236297607421875 97.99929046630859375 98.091705322265625 98.18811798095703125 98.230499267578125 98.2557373046875 98.2507781982421875 98.17469024658203125 98.10074615478515625 98.144439697265625 98.22663116455078125 98.37506866455078125 98.43805694580078125 98.0608062744140625 97.21440887451171875 96.15247344970703125 95.23159027099609375 94.69770050048828125 94.0596466064453125 93.75232696533203125 93.86713409423828125 94.25551605224609375 94.6461639404296875 94.8509521484375 94.349029541015625 93.6238555908203125 93.92041015625 94.32900238037109375
98.68457794189453125 98.65563201904296875 98.6301727294921875 98.6251373291015625 98.6090850830078125 98.5283966064453125 98.40814971923828125 98.31491851806640625 98.15233612060546875 97.90801239013671875 97.71604156494140625 97.654510498046875 97.67084503173828125 97.7013702392578125 97.74619293212890625 97.8597259521484375 97.957855224609375 98.0240936279296875 98.08197021484375 98.10723114013671875 98.1273651123046875 98.1248016357421875 98.0537567138671875 97.9840545654296875 98.03577423095703125 98.1374359130859375 98.25325775146484375 98.1412200927734375 97.53867340087890625 96.67066192626953125 95.743560791015625 94.94842529296875 94.499908447265625 93.98145294189453125 93.711578369140625 93.7389678955078125 93.9586944580078125 94.27066802978515625 94.3525238037109375 93.6256561279296875 93.10718536376953125 93.47209930419921875 93.8708953857421875
98.61557769775390625 98.58821868896484375 98.560577392578125 98.54107666015625 98.5164031982421875 98.4459228515625 98.341796875 98.25077056884765625 98.06784820556640625 97.8017578125 97.62384796142578125 97.5765228271484375 97.60819244384765625 97.661865234375 97.7321319580078125 97.8440399169921875 97.91780853271484375 97.94248199462890625 97.97415924072265625 98.00304412841796875 98.04346466064453125 98.059844970703125 98.00649261474609375 97.933502197265625 97.9560699462890625 98.030975341796875 98.08641815185546875 97.80942535400390625 97.07415008544921875 96.22686004638671875 95.3855743408203125 94.705108642578125 94.34576416015625 93.931060791015625 93.669891357421875 93.61060333251953125 93.72613525390625 93.95156097412109375 93.74532318115234375 92.876007080078125 92.797882080078125 93.1732635498046875 93.62442779541015625
98.5527191162109375 98.529754638671875 98.5008087158203125 98.48162078857421875 98.4568023681640625 98.3824615478515625 98.271942138671875 98.17188262939453125 97.97620391845703125 97.70769500732421875 97.567626953125 97.553466796875 97.59290313720703125 97.65099334716796875 97.73696136474609375 97.81493377685546875 97.84824371337890625 97.8574066162109375 97.8821868896484375 97.91094970703125 97.96463775634765625 98.00856781005859375 97.96422576904296875 97.87261199951171875 97.86347198486328125 97.90563201904296875 97.90482330322265625 97.562530517578125 96.801513671875 95.97635650634765625 95.18618011474609375 94.564697265625 94.24196624755859375 93.860687255859375 93.59369659423828125 93.49906158447265625 93.58107757568359375 93.4452362060546875 92.98871612548828125 92.554443359375 92.67050933837890625 93.02696990966796875 93.49565887451171875
98.4945526123046875 98.47351837158203125 98.445770263671875 98.42531585693359375 98.39496612548828125 98.3193817138671875 98.20105743408203125 98.08840179443359375 97.87981414794921875 97.6194915771484375 97.513092041015625 97.53697967529296875 97.58515167236328125 97.6363372802734375 97.7106475830078125 97.7506103515625 97.753082275390625 97.75853729248046875 97.78418731689453125 97.807952880859375 97.8557281494140625 97.91735076904296875 97.8825836181640625 97.7760772705078125 97.7537384033203125 97.7867279052734375 97.77938079833984375 97.4696502685546875 96.7046356201171875 95.850738525390625 95.07032012939453125 94.46210479736328125 94.1425323486328125 93.77007293701171875 93.51578521728515625 93.42389678955078125 93.4238739013671875 92.80806732177734375 92.163909912109375 92.32532501220703125 92.64339447021484375 92.96985626220703125 93.4005584716796875
