INPUT/RASTER/ASCII/BIO17.asc
ncols        225
nrows        269
xllcorner    473000.000000000000
yllcorner    4429100.000000000000
cellsize     50.000000000000
NODATA_value -9999
[rows 240 to 259 of 269, columns 44 to 87 of 225]
-9999 23.65325164794921875 23.55448150634765625 23.338104248046875 23.073087692260742188 22.84909820556640625 22.505571365356445312 22.039691925048828125 21.7221527099609375 21.418727874755859375 21.097700119018554688 21.025770187377929688 19.998012542724609375 19.913312911987304688 19.938076019287109375 19.894672393798828125 19.9156646728515625 19.896453857421875 19.90657806396484375 20.29364013671875 20.38082122802734375 20.077411651611328125 19.782785415649414062 19.71137237548828125 19.6890716552734375 19.65940093994140625 19.587938308715820312 19.548948287963867188 19.4457550048828125 19.361215591430664062 19.342952728271484375 19.296413421630859375 19.305072784423828125 19.31626129150390625 19.33506011962890625 19.319505691528320312 19.31600189208984375 19.263668060302734375 19.234247207641601562 19.267900466918945312 19.262790679931640625 19.232084274291992188 19.225460052490234375 19.246404647827148438
-9999 -9999 23.600978851318359375 23.416126251220703125 23.171567916870117188 22.91182708740234375 22.581882476806640625 22.12644195556640625 21.777217864990234375 21.459882736206054688 21.14892578125 21.073368072509765625 20.045322418212890625 19.949008941650390625 20.092111587524414062 20.094661712646484375 20.163156509399414062 20.103754043579101562 20.064516067504882812 20.38433074951171875 20.443212509155273438 20.077142715454101562 19.763423919677734375 19.651811599731445312 19.612060546875 19.580369949340820312 19.55523681640625 19.50811004638671875 19.421024322509765625 19.32970428466796875 19.313558578491210938 19.312311172485351562 19.348260879516601562 19.383617401123046875 19.396612167358398438 19.35120391845703125 19.33740234375 19.241855621337890625 19.202480316162109375 19.222164154052734375 19.237131118774414062 19.222408294677734375 19.22270965576171875 19.243520736694335938
-9999 -9999 23.651584625244140625 23.524707794189453125 23.306903839111328125 23.031856536865234375 22.722286224365234375 22.256603240966796875 21.85901641845703125 21.504810333251953125 21.169569015502929688 21.110137939453125 20.160188674926757812 20.103153228759765625 20.301921844482421875 20.32903289794921875 20.422113418579101562 20.354204177856445312 20.2568359375 20.399229049682617188 20.402423858642578125 20.022882461547851562 19.711154937744140625 19.603757858276367188 19.526851654052734375 19.524257659912109375 19.495645523071289062 19.463443756103515625 19.39638519287109375 19.315481185913085938 19.295619964599609375 19.34278106689453125 19.43729400634765625 19.482166290283203125 19.471645355224609375 19.40582275390625 19.374330520629882812 19.269710540771484375 19.22733306884765625 19.21047210693359375 19.21146392822265625 19.216350555419921875 19.219949722290039062 19.246112823486328125
-9999 -9999 -9999 23.618768692016601562 23.403873443603515625 23.252002716064453125 22.754360198974609375 22.420064926147460938 21.960668563842773438 21.570068359375 21.317052841186523438 21.260738372802734375 20.35324859619140625 20.433704376220703125 20.514154434204101562 20.554473876953125 20.541294097900390625 20.452259063720703125 20.390544891357421875 20.30092620849609375 20.163530349731445312 19.942798614501953125 19.712371826171875 19.662525177001953125 19.527872085571289062 19.49871063232421875 19.452638626098632812 19.418771743774414062 19.401956558227539062 19.344106674194335938 19.304424285888671875 19.402868270874023438 19.472827911376953125 19.539752960205078125 19.523075103759765625 19.445148468017578125 19.440189361572265625 19.328130722045898438 19.31688690185546875 19.232837677001953125 19.25211334228515625 19.224290847778320312 19.217184066772460938 19.233228683471679688
-9999 -9999 -9999 23.614990234375 23.534389495849609375 23.397216796875 22.992292404174804688 22.50083160400390625 22.273960113525390625 21.891946792602539062 22.00859832763671875 21.738554000854492188 21.157840728759765625 20.880140304565429688 20.668436050415039062 20.616840362548828125 20.545648574829101562 20.399332046508789062 20.2541656494140625 20.02797698974609375 19.849700927734375 19.8044281005859375 19.682300567626953125 19.645412445068359375 19.5563507080078125 19.502992630004882812 19.464916229248046875 19.4567413330078125 19.425630569458007812 19.397687911987304688 19.402822494506835938 19.479360580444335938 19.580730438232421875 19.613315582275390625 19.596828460693359375 19.53961181640625 19.5179901123046875 19.468412399291992188 19.411190032958984375 19.34632110595703125 19.277629852294921875 19.242023468017578125 19.210239410400390625 19.216663360595703125
-9999 -9999 -9999 23.601224899291992188 23.528730392456054688 23.349050521850585938 23.024877548217773438 22.646337509155273438 22.48943328857421875 22.289690017700195312 22.365436553955078125 22.218198776245117188 21.78684234619140625 20.9501800537109375 20.709337234497070312 20.526372909545898438 20.480897903442382812 20.362970352172851562 20.228639602661132812 19.86011505126953125 19.713077545166015625 19.687482833862304688 19.663671493530273438 19.644777297973632812 19.635931015014648438 19.591320037841796875 19.517240524291992188 19.538051605224609375 19.466836929321289062 19.437200546264648438 19.477125167846679688 19.550754547119140625 19.679843902587890625 19.67787933349609375 19.660655975341796875 19.6138458251953125 19.555994033813476562 19.534986495971679688 19.463993072509765625 19.428148269653320312 19.339130401611328125 19.25946044921875 19.22898101806640625 19.215547561645507812
-9999 -9999 -9999 23.591268539428710938 23.500856399536132812 23.35819244384765625 23.059528350830078125 22.787000656127929688 22.701070785522460938 22.624935150146484375 22.710796356201171875 22.547046661376953125 21.95586395263671875 20.9896392822265625 20.67760467529296875 20.43972015380859375 20.338886260986328125 20.260364532470703125 20.138149261474609375 19.861650466918945312 19.767770767211914062 19.697965621948242188 19.69924163818359375 19.684633255004882812 19.673482894897460938 19.581018447875976562 19.540689468383789062 19.5583038330078125 19.511138916015625 19.504007339477539062 19.554674148559570312 19.652887344360351562 19.757371902465820312 19.753755569458007812 19.75843048095703125 19.72956085205078125 19.633367538452148438 19.581905364990234375 19.52111053466796875 19.48651123046875 19.401889801025390625 19.310701370239257812 19.264392852783203125 19.228803634643554688
-9999 -9999 -9999 -9999 23.456356048583984375 23.34056854248046875 23.116497039794921875 22.943218231201171875 22.893589019775390625 22.95465087890625 22.987367630004882812 22.827520370483398438 22.08684539794921875 21.032917022705078125 20.674009323120117188 20.463872909545898438 20.272127151489257812 20.15111541748046875 20.116428375244140625 19.98867034912109375 19.887416839599609375 19.79509735107421875 19.71952056884765625 19.677295684814453125 19.614202499389648438 19.536319732666015625 19.557483673095703125 19.6091156005859375 19.58776092529296875 19.61765289306640625 19.693353652954101562 19.78432464599609375 19.876926422119140625 19.857934951782226562 19.846666336059570312 19.807058334350585938 19.725736618041992188 19.640283584594726562 19.568431854248046875 19.521942138671875 19.442865371704101562 19.356723785400390625 19.322725296020507812 19.26212310791015625
-9999 -9999 -9999 -9999 -9999 -9999 -9999 23.070775985717773438 23.093736648559570312 23.200374603271484375 23.11107635498046875 22.973918914794921875 22.149084091186523438 21.080005645751953125 20.69998931884765625 20.453626632690429688 20.229717254638671875 20.0905609130859375 20.09470367431640625 20.075408935546875 19.968845367431640625 19.845960617065429688 19.701581954956054688 19.651514053344726562 19.5901031494140625 19.58332061767578125 19.662631988525390625 19.724878311157226562 19.72353363037109375 19.797000885009765625 19.87406158447265625 19.942348480224609375 20.004117965698242188 19.977880477905273438 19.93084716796875 19.888368606567382812 19.824296951293945312 19.72540283203125 19.59993743896484375 19.530618667602539062 19.462606430053710938 19.3779144287109375 19.342840194702148438 19.292707443237304688
-9999 -9999 -9999 -9999 -9999 -9999 -9999 -9999 23.121919631958007812 23.171985626220703125 22.971111297607421875 22.846004486083984375 22.1239471435546875 21.08887481689453125 20.723814010620117188 20.4433746337890625 20.208421707153320312 20.09320068359375 20.08443450927734375 20.021389007568359375 19.927989959716796875 19.815549850463867188 19.695098876953125 19.659105300903320312 19.642894744873046875 19.691455841064453125 19.784332275390625 19.875026702880859375 19.933971405029296875 20.026311874389648438 20.085329055786132812 20.129945755004882812 20.1504058837890625 20.10977935791015625 20.031444549560546875 19.96967315673828125 19.908571243286132812 19.776124954223632812 19.621799468994140625 19.52782440185546875 19.463140487670898438 19.378446578979492188 19.362949371337890625 19.3098297119140625
-9999 -9999 -9999 -9999 -9999 -9999 -9999 -9999 -9999 23.130435943603515625 22.92926788330078125 22.850931167602539062 22.454713821411132812 21.65360260009765625 20.85009002685546875 20.587156295776367188 20.424091339111328125 20.360874176025390625 20.247287750244140625 20.11986541748046875 20.018207550048828125 19.923192977905273438 19.815851211547851562 19.801382064819335938 19.802448272705078125 19.884777069091796875 20.022180557250976562 20.182947158813476562 20.33538818359375 20.424905776977539062 20.458171844482421875 20.47333526611328125 20.374187469482421875 20.292837142944335938 20.216657638549804688 20.116979598999023438 20.036441802978515625 19.850801467895507812 19.654521942138671875 19.533679962158203125 19.4655914306640625 19.375499725341796875 19.342010498046875 19.345010757446289062
-9999 -9999 -9999 -9999 -9999 -9999 -9999 -9999 -9999 -9999 22.986751556396484375 22.831140518188476562 22.506221771240234375 21.727489471435546875 20.9393768310546875 20.687694549560546875 20.544408798217773438 20.484361648559570312 20.363094329833984375 20.307420730590820312 20.179851531982421875 20.05634307861328125 19.920160293579101562 19.936412811279296875 19.975461959838867188 20.019634246826171875 20.154964447021484375 20.32543182373046875 20.491819381713867188 20.57349395751953125 20.57389068603515625 20.57621002197265625 20.489887237548828125 20.440324783325195312 20.359180450439453125 20.24411773681640625 20.180484771728515625 19.977930068969726562 19.78415679931640625 19.595829010009765625 19.51312255859375 19.433912277221679688 19.4047698974609375 19.416135787963867188
-9999 -9999 -9999 -9999 -9999 -9999 -9999 -9999 -9999 -9999 22.7894134521484375 22.656871795654296875 22.45172882080078125 21.759332656860351562 21.036487579345703125 20.814973831176757812 20.709930419921875 20.655330657958984375 20.528568267822265625 20.508890151977539062 20.333845138549804688 20.172166824340820312 20.05503082275390625 20.106550216674804688 20.198850631713867188 20.20798492431640625 20.332532882690429688 20.425876617431640625 20.607515335083007812 20.69411468505859375 20.674320220947265625 20.71430206298828125 20.651437759399414062 20.614002227783203125 20.5437774658203125 20.420928955078125 20.369749069213867188 20.124156951904296875 19.91290283203125 19.673252105712890625 19.573787689208984375 19.517581939697265625 19.493640899658203125 19.533935546875
-9999 -9999 -9999 -9999 -9999 -9999 -9999 -9999 -9999 -9999 -9999 22.501531600952148438 22.400697708129882812 21.760593414306640625 21.162477493286132812 20.96517181396484375 20.875728607177734375 20.771678924560546875 20.729167938232421875 20.651103973388671875 20.480190277099609375 20.270631790161132812 20.1898956298828125 20.271913528442382812 20.4062042236328125 20.407793045043945312 20.563648223876953125 20.579814910888671875 20.769788742065429688 20.854436874389648438 20.812953948974609375 20.892732620239257812 20.83972930908203125 20.872156143188476562 20.77207183837890625 20.60536956787109375 20.5521240234375 20.270360946655273438 20.0313720703125 19.7307891845703125 19.6524810791015625 19.634790420532226562 19.60758209228515625 19.674028396606445312
-9999 -9999 -9999 -9999 -9999 -9999 -9999 -9999 -9999 -9999 -9999 -9999 22.347223281860351562 21.865020751953125 21.372859954833984375 21.107721328735351562 21.017436981201171875 20.883649826049804688 20.811737060546875 20.692615509033203125 20.5080718994140625 20.362627029418945312 20.320932388305664062 20.440454483032226562 20.621255874633789062 20.641984939575195312 20.851909637451171875 20.833093643188476562 20.992824554443359375 21.0352783203125 20.98596954345703125 21.104104995727539062 21.06233978271484375 21.14333343505859375 21.001058578491210938 20.773344039916992188 20.699405670166015625 20.403347015380859375 20.144300460815429688 19.836879730224609375 19.79190826416015625 19.795400619506835938 19.759515762329101562 19.883937835693359375
-9999 -9999 -9999 -9999 -9999 -9999 -9999 -9999 -9999 -9999 -9999 -9999 -9999 22.4142303466796875 21.55645751953125 21.30051422119140625 21.09041595458984375 21.005733489990234375 20.877782821655273438 20.800121307373046875 20.568986892700195312 20.49451446533203125 20.597637176513671875 20.652339935302734375 20.826702117919921875 21.071048736572265625 21.179944992065429688 21.120647430419921875 21.232692718505859375 21.206686019897460938 21.154178619384765625 21.278242111206054688 21.26025390625 21.474206924438476562 21.2588958740234375 20.917657852172851562 20.904722213745117188 20.501800537109375 20.323261260986328125 19.97353363037109375 20.030477523803710938 20.054096221923828125 19.964939117431640625 20.103557586669921875
-9999 -9999 -9999 -9999 -9999 -9999 -9999 -9999 -9999 -9999 -9999 -9999 -9999 -9999 -9999 -9999 -9999 -9999 20.956386566162109375 20.852565765380859375 20.841814041137695312 20.740642547607421875 21.05873870849609375 20.974369049072265625 21.29071807861328125 21.795322418212890625 21.568384170532226562 21.49150848388671875 21.3076324462890625 21.237270355224609375 21.244121551513671875 21.325811386108398438 21.5553436279296875 21.7084503173828125 21.423295974731445312 21.203100204467773438 21.203100204467773438 20.877819061279296875 20.506683349609375 20.309406280517578125 20.249691009521484375 20.248088836669921875 20.251110076904296875 20.24106597900390625
-9999 -9999 -9999 -9999 -9999 -9999 -9999 -9999 -9999 -9999 -9999 -9999 -9999 -9999 -9999 -9999 -9999 -9999 -9999 -9999 20.84476470947265625 20.914575576782226562 21.153392791748046875 21.216426849365234375 21.577281951904296875 21.802083969116210938 21.72856903076171875 21.453435897827148438 21.281171798706054688 21.164506912231445312 21.14298248291015625 21.2421417236328125 21.294879913330078125 21.497188568115234375 21.347415924072265625 21.306339263916015625 21.258388519287109375 21.0560302734375 20.688581466674804688 20.52390289306640625 20.3175048828125 20.23044586181640625 20.205753326416015625 20.27060699462890625
-9999 -9999 -9999 -9999 -9999 -9999 -9999 -9999 -9999 -9999 -9999 -9999 -9999 -9999 -9999 -9999 -9999 -9999 -9999 -9999 -9999 -9999 21.129581451416015625 21.232534408569335938 21.574056625366210938 21.701841354370117188 21.5971527099609375 21.337902069091796875 21.197450637817382812 21.118215560913085938 21.077121734619140625 21.057979583740234375 21.007381439208984375 21.181671142578125 21.143970489501953125 21.20446014404296875 21.16407012939453125 20.951929092407226562 20.724208831787109375 20.51914215087890625 20.3344573974609375 20.144067764282226562 20.090167999267578125 20.224773406982421875
-9999 -9999 -9999 -9999 -9999 -9999 -9999 -9999 -9999 -9999 -9999 -9999 -9999 -9999 -9999 -9999 -9999 -9999 -9999 -9999 -9999 -9999 -9999 21.172885894775390625 21.441808700561523438 21.548097610473632812 21.506160736083984375 21.33699798583984375 21.180353164672851562 21.0835723876953125 21.015071868896484375 20.84545135498046875 20.700769424438476562 20.858489990234375 20.9137725830078125 20.991830825805664062 20.95909881591796875 20.805789947509765625 20.6420745849609375 20.3959197998046875 20.26619720458984375 20.04041290283203125 19.978397369384765625 20.079708099365234375
