INPUT/RASTER/ASCII/BIO15.asc
ncols        225
nrows        269
xllcorner    473009.983799999987
yllcorner    4429051.174800000153
cellsize     50.000000000000
NODATA_value -9999
[rows 171 to 189 of 269, columns 84 to 125 of 225]
53.521602630615234375 53.511932373046875 53.50019073486328125 53.4864654541015625 53.4742889404296875 53.449916839599609375 53.4203338623046875 53.3959197998046875 53.371105194091796875 53.3419952392578125 53.32015228271484375 53.29407501220703125 53.2633514404296875 53.23908233642578125 53.21468353271484375 53.1925201416015625 53.17840576171875 53.1686248779296875 53.15299224853515625 53.134654998779296875 53.116733551025390625 53.10272216796875 53.095489501953125 53.0917205810546875 53.1016082763671875 53.137531280517578125 53.1849822998046875 53.227832794189453125 53.249904632568359375 53.245941162109375 53.221099853515625 53.175426483154296875 53.108821868896484375 53.035144805908203125 52.98125457763671875 52.957366943359375 52.9355316162109375 52.9132843017578125 52.894176483154296875 52.87755584716796875 52.8657684326171875 52.858684539794921875
53.51576995849609375 53.506435394287109375 53.493709564208984375 53.477886199951171875 53.46501922607421875 53.4420928955078125 53.41156005859375 53.383514404296875 53.35823822021484375 53.331787109375 53.311649322509765625 53.28639984130859375 53.257381439208984375 53.2355194091796875 53.21393585205078125 53.192531585693359375 53.178836822509765625 53.16666412353515625 53.150737762451171875 53.132907867431640625 53.114780426025390625 53.100269317626953125 53.093074798583984375 53.08852386474609375 53.09682464599609375 53.132205963134765625 53.179821014404296875 53.222675323486328125 53.243907928466796875 53.2426605224609375 53.225788116455078125 53.189723968505859375 53.129238128662109375 53.051700592041015625 52.991596221923828125 52.9672698974609375 52.9477386474609375 52.9267120361328125 52.90413665771484375 52.879734039306640625 52.859752655029296875 52.84656524658203125
53.5088043212890625 53.4986572265625 53.48403167724609375 53.4652252197265625 53.450748443603515625 53.426174163818359375 53.3918914794921875 53.359775543212890625 53.334442138671875 53.312679290771484375 53.296573638916015625 53.275054931640625 53.25032806396484375 53.231842041015625 53.213634490966796875 53.193462371826171875 53.18048095703125 53.164203643798828125 53.14745330810546875 53.129886627197265625 53.11136627197265625 53.095890045166015625 53.087665557861328125 53.083019256591796875 53.09188079833984375 53.1294708251953125 53.178417205810546875 53.218791961669921875 53.23693084716796875 53.236454010009765625 53.22554779052734375 53.200626373291015625 53.14653778076171875 53.06478118896484375 53.00214385986328125 52.980777740478515625 52.967044830322265625 52.949321746826171875 52.922985076904296875 52.890430450439453125 52.862110137939453125 52.84246063232421875
53.501735687255859375 53.48919677734375 53.4710540771484375 53.44837188720703125 53.4315948486328125 53.404186248779296875 53.368133544921875 53.335296630859375 53.3087005615234375 53.287872314453125 53.2742462158203125 53.25787353515625 53.2406158447265625 53.2266998291015625 53.21059417724609375 53.191493988037109375 53.178615570068359375 53.160625457763671875 53.14324188232421875 53.12519073486328125 53.106319427490234375 53.090564727783203125 53.08176422119140625 53.07884979248046875 53.09374237060546875 53.136882781982421875 53.187252044677734375 53.224025726318359375 53.236522674560546875 53.23294830322265625 53.2204132080078125 53.1989898681640625 53.151035308837890625 53.078746795654296875 53.025760650634765625 53.00814056396484375 52.998867034912109375 52.983074188232421875 52.951847076416015625 52.9120941162109375 52.878391265869140625 52.854686737060546875
53.494907379150390625 53.479045867919921875 53.45714569091796875 53.432003021240234375 53.414859771728515625 53.387042999267578125 53.349567413330078125 53.315029144287109375 53.28607177734375 53.264728546142578125 53.25225067138671875 53.240619659423828125 53.229732513427734375 53.219219207763671875 53.2046661376953125 53.186370849609375 53.17413330078125 53.15608978271484375 53.137908935546875 53.119266510009765625 53.10064697265625 53.085956573486328125 53.0791168212890625 53.083782196044921875 53.1121826171875 53.160541534423828125 53.208690643310546875 53.24228668212890625 53.251232147216796875 53.24166107177734375 53.21704864501953125 53.188419342041015625 53.149402618408203125 53.1027374267578125 53.071048736572265625 53.0597686767578125 53.051959991455078125 53.03336334228515625 52.996448516845703125 52.952484130859375 52.91619873046875 52.888515472412109375
53.48566436767578125 53.465190887451171875 53.44010162353515625 53.415191650390625 53.39939117431640625 53.3723602294921875 53.33397674560546875 53.298549652099609375 53.268321990966796875 53.2470855712890625 53.236331939697265625 53.22759246826171875 53.21947479248046875 53.210361480712890625 53.1968231201171875 53.17874908447265625 53.16669464111328125 53.14952850341796875 53.131877899169921875 53.11363983154296875 53.096035003662109375 53.085041046142578125 53.08414459228515625 53.099575042724609375 53.13828277587890625 53.187198638916015625 53.231781005859375 53.265140533447265625 53.2769317626953125 53.26241302490234375 53.22396087646484375 53.18543243408203125 53.15222930908203125 53.12844085693359375 53.11618804931640625 53.11251068115234375 53.106075286865234375 53.082767486572265625 53.04156494140625 52.997478485107421875 52.96006011962890625 52.928623199462890625
53.47628021240234375 53.451137542724609375 53.42346954345703125 53.39984130859375 53.3853302001953125 53.359851837158203125 53.32302093505859375 53.28852081298828125 53.25864410400390625 53.236774444580078125 53.22608184814453125 53.218906402587890625 53.213550567626953125 53.2069549560546875 53.19353485107421875 53.17343902587890625 53.159999847412109375 53.142669677734375 53.125232696533203125 53.107578277587890625 53.092769622802734375 53.088085174560546875 53.095142364501953125 53.12091064453125 53.164127349853515625 53.209705352783203125 53.2511749267578125 53.2841644287109375 53.29766082763671875 53.2802734375 53.232601165771484375 53.185352325439453125 53.153076171875 53.13988494873046875 53.141345977783203125 53.145938873291015625 53.141056060791015625 53.112880706787109375 53.070171356201171875 53.02971649169921875 52.993518829345703125 52.9613189697265625
53.4675140380859375 53.438259124755859375 53.40891265869140625 53.386753082275390625 53.37371063232421875 53.3510589599609375 53.317272186279296875 53.284107208251953125 53.255672454833984375 53.23332977294921875 53.221439361572265625 53.215564727783203125 53.215015411376953125 53.213623046875 53.200222015380859375 53.17487335205078125 53.1570892333984375 53.136371612548828125 53.118305206298828125 53.100696563720703125 53.089992523193359375 53.095325469970703125 53.1103515625 53.142307281494140625 53.187465667724609375 53.229595184326171875 53.26779937744140625 53.29876708984375 53.306507110595703125 53.285121917724609375 53.23326873779296875 53.1827850341796875 53.15106964111328125 53.1409149169921875 53.147472381591796875 53.160297393798828125 53.161594390869140625 53.130687713623046875 53.091548919677734375 53.0594024658203125 53.02735137939453125 52.9954071044921875
53.4603729248046875 53.428562164306640625 53.3968963623046875 53.37497711181640625 53.363552093505859375 53.344196319580078125 53.3133697509765625 53.2818756103515625 53.25560760498046875 53.233882904052734375 53.221668243408203125 53.21782684326171875 53.22220611572265625 53.225887298583984375 53.214290618896484375 53.184078216552734375 53.16072845458984375 53.134006500244140625 53.1143951416015625 53.09728240966796875 53.090297698974609375 53.10576629638671875 53.127635955810546875 53.160320281982421875 53.204845428466796875 53.24481964111328125 53.279895782470703125 53.308368682861328125 53.308208465576171875 53.28310394287109375 53.230682373046875 53.180889129638671875 53.148319244384765625 53.1349639892578125 53.139858245849609375 53.15796661376953125 53.1680145263671875 53.14203643798828125 53.111339569091796875 53.0879974365234375 53.06034088134765625 53.028690338134765625
53.456958770751953125 53.4252471923828125 53.390377044677734375 53.3665008544921875 53.3558502197265625 53.338191986083984375 53.308917999267578125 53.27803802490234375 53.253662109375 53.235309600830078125 53.2253875732421875 53.224498748779296875 53.2316741943359375 53.237560272216796875 53.228824615478515625 53.198314666748046875 53.173389434814453125 53.143299102783203125 53.120548248291015625 53.10361480712890625 53.099361419677734375 53.12103271484375 53.146392822265625 53.176982879638671875 53.218540191650390625 53.255767822265625 53.28792572021484375 53.313999176025390625 53.3093719482421875 53.283390045166015625 53.2329559326171875 53.18523406982421875 53.149860382080078125 53.12987518310546875 53.131526947021484375 53.150447845458984375 53.167339324951171875 53.1535491943359375 53.132312774658203125 53.113292694091796875 53.088367462158203125 53.058132171630859375
53.454669952392578125 53.42462158203125 53.387393951416015625 53.360382080078125 53.3486175537109375 53.330181121826171875 53.3004302978515625 53.269680023193359375 53.247379302978515625 53.235202789306640625 53.230739593505859375 53.234508514404296875 53.243896484375 53.250213623046875 53.2442169189453125 53.218471527099609375 53.197383880615234375 53.16998291015625 53.145172119140625 53.1287384033203125 53.12874603271484375 53.151317596435546875 53.173801422119140625 53.198261260986328125 53.2323150634765625 53.26425933837890625 53.29245758056640625 53.317119598388671875 53.3134002685546875 53.289165496826171875 53.242889404296875 53.198818206787109375 53.16020965576171875 53.13282012939453125 53.129486083984375 53.143787384033203125 53.1651763916015625 53.167980194091796875 53.156276702880859375 53.139720916748046875 53.11598968505859375 53.087554931640625
53.450969696044921875 53.423755645751953125 53.384033203125 53.352108001708984375 53.337245941162109375 53.315891265869140625 53.285121917724609375 53.25646209716796875 53.23919677734375 53.2340240478515625 53.237567901611328125 53.24927520751953125 53.262607574462890625 53.272502899169921875 53.2716217041015625 53.25356292724609375 53.23802947998046875 53.21562957763671875 53.19390106201171875 53.18279266357421875 53.19058990478515625 53.20891571044921875 53.221752166748046875 53.23450469970703125 53.253204345703125 53.273380279541015625 53.2945709228515625 53.31673431396484375 53.3218231201171875 53.303569793701171875 53.262340545654296875 53.219028472900390625 53.17461395263671875 53.13941192626953125 53.12917327880859375 53.1353759765625 53.1568145751953125 53.177509307861328125 53.177982330322265625 53.1656036376953125 53.14499664306640625 53.118587493896484375
53.448177337646484375 53.42236328125 53.378406524658203125 53.34278106689453125 53.326686859130859375 53.3040008544921875 53.274097442626953125 53.25020599365234375 53.239078521728515625 53.23851776123046875 53.24394989013671875 53.25803375244140625 53.274105072021484375 53.286960601806640625 53.29097747802734375 53.27677154541015625 53.261898040771484375 53.24095916748046875 53.22383880615234375 53.22095489501953125 53.23610687255859375 53.253498077392578125 53.26169586181640625 53.265533447265625 53.270854949951171875 53.2812347412109375 53.29779052734375 53.31763458251953125 53.32855987548828125 53.316070556640625 53.27831268310546875 53.230255126953125 53.177165985107421875 53.137500762939453125 53.124492645263671875 53.126949310302734375 53.143596649169921875 53.16657257080078125 53.173915863037109375 53.165771484375 53.151325225830078125 53.1309051513671875
53.445461273193359375 53.41905975341796875 53.371791839599609375 53.333515167236328125 53.316471099853515625 53.2936553955078125 53.266025543212890625 53.247711181640625 53.242748260498046875 53.24578094482421875 53.252178192138671875 53.26544952392578125 53.28011322021484375 53.29071044921875 53.297985076904296875 53.29126739501953125 53.277317047119140625 53.256298065185546875 53.241924285888671875 53.240894317626953125 53.260143280029296875 53.281147003173828125 53.289592742919921875 53.28894805908203125 53.285625457763671875 53.2896575927734375 53.30222320556640625 53.318389892578125 53.330089569091796875 53.321918487548828125 53.287967681884765625 53.23561859130859375 53.17700958251953125 53.13492584228515625 53.119915008544921875 53.121044158935546875 53.134075164794921875 53.15389251708984375 53.164211273193359375 53.16005706787109375 53.151123046875 53.13710784912109375
53.441051483154296875 53.411960601806640625 53.362590789794921875 53.3227996826171875 53.3050689697265625 53.28258514404296875 53.258358001708984375 53.245227813720703125 53.245574951171875 53.252033233642578125 53.260166168212890625 53.2728118896484375 53.28543853759765625 53.294788360595703125 53.304851531982421875 53.303310394287109375 53.290546417236328125 53.27056884765625 53.257930755615234375 53.252986907958984375 53.271335601806640625 53.29593658447265625 53.306529998779296875 53.30666351318359375 53.302486419677734375 53.30361175537109375 53.31104278564453125 53.3217315673828125 53.330905914306640625 53.32403564453125 53.291530609130859375 53.237762451171875 53.1772308349609375 53.133129119873046875 53.11554718017578125 53.11507415771484375 53.125827789306640625 53.143062591552734375 53.15523529052734375 53.1557769775390625 53.152179718017578125 53.14333343505859375
53.431499481201171875 53.397487640380859375 53.347225189208984375 53.308727264404296875 53.2919158935546875 53.27133941650390625 53.25160980224609375 53.24401092529296875 53.24913787841796875 53.25896453857421875 53.26922607421875 53.28199005126953125 53.29347991943359375 53.3053436279296875 53.317626953125 53.3153076171875 53.302463531494140625 53.28380584716796875 53.272247314453125 53.26385498046875 53.278163909912109375 53.30260467529296875 53.312992095947265625 53.313411712646484375 53.313343048095703125 53.3170318603515625 53.321163177490234375 53.326663970947265625 53.331378936767578125 53.323818206787109375 53.292938232421875 53.241291046142578125 53.181499481201171875 53.13497161865234375 53.113494873046875 53.108463287353515625 53.114681243896484375 53.1312408447265625 53.14675140380859375 53.15300750732421875 53.154972076416015625 53.150432586669921875
53.410411834716796875 53.37097930908203125 53.325794219970703125 53.294589996337890625 53.2809600830078125 53.264392852783203125 53.25125885009765625 53.250484466552734375 53.259552001953125 53.2711181640625 53.28154754638671875 53.2921905517578125 53.30155181884765625 53.31311798095703125 53.323486328125 53.321826934814453125 53.31175994873046875 53.2950439453125 53.283161163330078125 53.273143768310546875 53.283061981201171875 53.300876617431640625 53.30562591552734375 53.29827117919921875 53.29781341552734375 53.306514739990234375 53.314968109130859375 53.32360076904296875 53.32720184326171875 53.320484161376953125 53.29644775390625 53.251430511474609375 53.19469451904296875 53.14611053466796875 53.11785888671875 53.10257720947265625 53.098712921142578125 53.115474700927734375 53.13666534423828125 53.150482177734375 53.159008026123046875 53.160465240478515625
53.371631622314453125 53.33519744873046875 53.30353546142578125 53.28356170654296875 53.273464202880859375 53.261653900146484375 53.258636474609375 53.266689300537109375 53.277881622314453125 53.287872314453125 53.294925689697265625 53.29943084716796875 53.301540374755859375 53.3045806884765625 53.309528350830078125 53.316669464111328125 53.317646026611328125 53.310810089111328125 53.297077178955078125 53.28104400634765625 53.284679412841796875 53.28868865966796875 53.283447265625 53.2696685791015625 53.263423919677734375 53.271297454833984375 53.285976409912109375 53.303699493408203125 53.312297821044921875 53.31244659423828125 53.29978179931640625 53.265369415283203125 53.21372222900390625 53.163196563720703125 53.127349853515625 53.09854888916015625 53.081645965576171875 53.098117828369140625 53.124965667724609375 53.14696502685546875 53.163089752197265625 53.1722412109375
53.334136962890625 53.309757232666015625 53.289386749267578125 53.277095794677734375 53.26757049560546875 53.2585906982421875 53.26280975341796875 53.27606201171875 53.2870635986328125 53.294414520263671875 53.296344757080078125 53.291339874267578125 53.283451080322265625 53.279232025146484375 53.281505584716796875 53.296142578125 53.307933807373046875 53.3179779052734375 53.308856964111328125 53.28578948974609375 53.28569793701171875 53.282451629638671875 53.26947784423828125 53.25319671630859375 53.237880706787109375 53.2382965087890625 53.253055572509765625 53.273822784423828125 53.2865753173828125 53.2978973388671875 53.297084808349609375 53.2748870849609375 53.23041534423828125 53.178691864013671875 53.139217376708984375 53.0994110107421875 53.069530487060546875 53.082553863525390625 53.112949371337890625 53.141582489013671875 53.163913726806640625 53.1792755126953125
