INPUT/RASTER/ASCII/BIO15.asc
ncols        225
nrows        269
xllcorner    473000.000000000000
yllcorner    4429100.000000000000
cellsize     50.000000000000
NODATA_value -9999
[rows 180 to 199 of 269, columns 180 to 224 of 225]
52.402515411376953125 52.39368438720703125 52.38298797607421875 52.36480712890625 52.34667205810546875 52.3262786865234375 52.297882080078125 52.28359222412109375 52.2696685791015625 52.255893707275390625 52.241481781005859375 52.2265167236328125 52.211700439453125 52.201171875 52.184352874755859375 52.158695220947265625 52.14105224609375 52.1277618408203125 52.114093780517578125 52.1105194091796875 52.102016448974609375 52.0925140380859375 52.083110809326171875 52.072551727294921875 52.064697265625 52.05521392822265625 52.04940032958984375 51.866756439208984375 51.839420318603515625 51.824497222900390625 51.805698394775390625 51.800556182861328125 51.787334442138671875 51.7731475830078125 51.7607269287109375 51.745090484619140625 51.736492156982421875 51.725131988525390625 51.72040557861328125 51.710636138916015625 51.7011566162109375 -9999 -9999 -9999 -9999
52.391429901123046875 52.381855010986328125 52.37102508544921875 52.352783203125 52.336090087890625 52.3183441162109375 52.30530548095703125 52.2831573486328125 52.263629913330078125 52.25074005126953125 52.2359466552734375 52.22209930419921875 52.20900726318359375 52.198856353759765625 52.18262481689453125 52.160099029541015625 52.14231109619140625 52.1256103515625 52.11081695556640625 52.107265472412109375 52.0973052978515625 52.0875396728515625 52.076595306396484375 52.0641632080078125 52.056110382080078125 52.046863555908203125 52.0410308837890625 51.962249755859375 51.83502960205078125 51.819324493408203125 51.796718597412109375 51.793231964111328125 51.78073883056640625 51.76607513427734375 51.75380706787109375 51.737079620361328125 51.728588104248046875 51.717205047607421875 51.71087646484375 51.702880859375 51.69316864013671875 51.69244384765625 51.689258575439453125 -9999 -9999
52.384510040283203125 52.37613677978515625 52.363651275634765625 52.345745086669921875 52.33156585693359375 52.31331634521484375 52.3015594482421875 52.279476165771484375 52.2595367431640625 52.247791290283203125 52.232624053955078125 52.219512939453125 52.20534515380859375 52.195526123046875 52.180438995361328125 52.15996551513671875 52.141414642333984375 52.123870849609375 52.10919189453125 52.104557037353515625 52.093814849853515625 52.0845489501953125 52.0727691650390625 52.05980682373046875 52.0495758056640625 52.040988922119140625 52.0363311767578125 51.986843109130859375 51.83185577392578125 51.814182281494140625 51.79095458984375 51.7863922119140625 51.7740478515625 51.76035308837890625 51.747600555419921875 51.732311248779296875 51.72315216064453125 51.71073150634765625 51.70611572265625 51.69689178466796875 51.68810272216796875 51.686862945556640625 51.682735443115234375 51.67673492431640625 -9999
52.378509521484375 52.370815277099609375 52.35770416259765625 52.34112548828125 52.32743072509765625 52.306240081787109375 52.2803955078125 52.2715301513671875 52.255939483642578125 52.24466705322265625 52.229267120361328125 52.21619415283203125 52.201808929443359375 52.19256591796875 52.17679595947265625 52.15726470947265625 52.13983154296875 52.1219329833984375 52.106536865234375 52.1020355224609375 52.091007232666015625 52.0805206298828125 52.068645477294921875 52.0557861328125 52.046237945556640625 52.036289215087890625 52.03163909912109375 51.981227874755859375 51.8270263671875 51.808658599853515625 51.785518646240234375 51.780773162841796875 51.76839447021484375 51.75588226318359375 51.742401123046875 51.727855682373046875 51.71790313720703125 51.7074432373046875 51.70319366455078125 51.69162750244140625 51.68243408203125 51.679767608642578125 51.6753082275390625 -9999 -9999
52.37481689453125 52.3670654296875 52.35443115234375 52.33736419677734375 52.324069976806640625 52.302410125732421875 52.276699066162109375 52.2677001953125 52.252140045166015625 52.240779876708984375 52.226108551025390625 52.21398162841796875 52.198028564453125 52.188873291015625 52.17307281494140625 52.153438568115234375 52.13790130615234375 52.120258331298828125 52.104236602783203125 52.099193572998046875 52.087207794189453125 52.0775299072265625 52.0643768310546875 52.052459716796875 52.040912628173828125 52.03073883056640625 52.02660369873046875 52.012027740478515625 51.911285400390625 51.805553436279296875 51.78263092041015625 51.776927947998046875 51.764430999755859375 51.75173187255859375 51.737621307373046875 51.7234039306640625 51.712398529052734375 51.701992034912109375 51.698139190673828125 51.686023712158203125 51.6773834228515625 51.672344207763671875 -9999 -9999 -9999
52.37474822998046875 52.366485595703125 52.351795196533203125 52.33460235595703125 52.32109832763671875 52.29830169677734375 52.273006439208984375 52.2633819580078125 52.248104095458984375 52.237827301025390625 52.22368621826171875 52.21103668212890625 52.1947021484375 52.185546875 52.169109344482421875 52.148990631103515625 52.13385772705078125 52.11618804931640625 52.10054779052734375 52.094692230224609375 52.083080291748046875 52.07315826416015625 52.059467315673828125 52.0474090576171875 52.03597259521484375 52.02783966064453125 52.02362823486328125 52.0068359375 51.90653228759765625 51.8065185546875 51.780399322509765625 51.773162841796875 51.75963592529296875 51.747585296630859375 51.733249664306640625 51.719570159912109375 51.70829010009765625 51.697235107421875 51.69339752197265625 51.68070220947265625 51.67356109619140625 51.66713714599609375 -9999 -9999 -9999
52.37125396728515625 52.363922119140625 52.34827423095703125 52.330051422119140625 52.31694793701171875 52.294406890869140625 52.270069122314453125 52.260295867919921875 52.245174407958984375 52.235248565673828125 52.220172882080078125 52.208835601806640625 52.19069671630859375 52.182220458984375 52.1644744873046875 52.143390655517578125 52.1291046142578125 52.11119842529296875 52.09686279296875 52.090930938720703125 52.079898834228515625 52.07016754150390625 52.05619049072265625 52.0451202392578125 52.032024383544921875 52.021389007568359375 52.01927947998046875 52.000247955322265625 51.98926544189453125 51.82929229736328125 51.77529144287109375 51.766815185546875 51.75415802001953125 51.743438720703125 51.727825164794921875 51.7160491943359375 51.703578948974609375 51.692840576171875 51.6895751953125 51.675907135009765625 51.669437408447265625 51.66268157958984375 51.65557098388671875 -9999 -9999
52.364734649658203125 52.360958099365234375 52.342891693115234375 52.324047088623046875 52.312412261962890625 52.289562225341796875 52.26598358154296875 52.255908966064453125 52.241298675537109375 52.23267364501953125 52.21483612060546875 52.20476531982421875 52.18277740478515625 52.176342010498046875 52.155109405517578125 52.13486480712890625 52.123291015625 52.103885650634765625 52.091785430908203125 52.084690093994140625 52.073673248291015625 52.065799713134765625 52.0507354736328125 52.038928985595703125 52.02465057373046875 52.013286590576171875 52.0095672607421875 51.990673065185546875 51.977909088134765625 51.856021881103515625 51.765720367431640625 51.7583465576171875 51.745697021484375 51.734844207763671875 51.72021484375 51.70902252197265625 51.69727325439453125 51.686061859130859375 51.682849884033203125 51.67145538330078125 51.66426849365234375 51.656429290771484375 51.647747039794921875 -9999 -9999
52.355136871337890625 52.35025787353515625 52.335727691650390625 52.318408966064453125 52.30626678466796875 52.28406524658203125 52.260852813720703125 52.2511138916015625 52.2371673583984375 52.2271575927734375 52.20757293701171875 52.19181060791015625 52.170665740966796875 52.163482666015625 52.143962860107421875 52.123584747314453125 52.1113433837890625 52.095066070556640625 52.08371734619140625 52.07765960693359375 52.06717681884765625 52.059139251708984375 52.045452117919921875 52.034465789794921875 52.02051544189453125 52.009273529052734375 52.0055694580078125 51.985271453857421875 51.971904754638671875 51.936496734619140625 51.760623931884765625 51.752857208251953125 51.740413665771484375 51.73040008544921875 51.71591949462890625 51.704586029052734375 51.69301605224609375 51.682826995849609375 51.68025970458984375 51.66864776611328125 51.6620025634765625 51.65267181396484375 -9999 -9999 -9999
52.3492889404296875 52.3448028564453125 52.32935333251953125 52.31861114501953125 52.30159759521484375 52.276943206787109375 52.256443023681640625 52.247638702392578125 52.239208221435546875 52.224643707275390625 52.20531463623046875 52.182941436767578125 52.16144561767578125 52.15431976318359375 52.13336181640625 52.12099456787109375 52.1047515869140625 52.09061431884765625 52.077846527099609375 52.07358551025390625 52.06540679931640625 52.053630828857421875 52.04183197021484375 52.029491424560546875 52.01505279541015625 52.0097198486328125 51.99889373779296875 51.98206329345703125 51.964084625244140625 51.9458160400390625 51.755535125732421875 51.74738311767578125 51.7351837158203125 51.7259674072265625 51.71173858642578125 51.701389312744140625 51.688938140869140625 51.678730010986328125 51.677074432373046875 51.6647796630859375 51.65821075439453125 51.649044036865234375 -9999 -9999 -9999
52.348445892333984375 52.3409423828125 52.328739166259765625 52.31183624267578125 52.29827117919921875 52.2671661376953125 52.256649017333984375 52.249294281005859375 52.23516082763671875 52.2206268310546875 52.198207855224609375 52.1751861572265625 52.1586456298828125 52.14697265625 52.133464813232421875 52.113986968994140625 52.099212646484375 52.087467193603515625 52.073017120361328125 52.07024383544921875 52.059356689453125 52.04846954345703125 52.037265777587890625 52.023136138916015625 52.013469696044921875 52.007381439208984375 51.992218017578125 51.9751434326171875 51.95661163330078125 51.942005157470703125 51.836154937744140625 51.7427215576171875 51.732666015625 51.719936370849609375 51.707508087158203125 51.695220947265625 51.682613372802734375 51.67533111572265625 51.67153167724609375 51.661655426025390625 51.652683258056640625 51.644012451171875 -9999 -9999 -9999
52.350650787353515625 52.33978271484375 52.326770782470703125 52.309967041015625 52.29645538330078125 52.266040802001953125 52.2568206787109375 52.250091552734375 52.234531402587890625 52.21694183349609375 52.192058563232421875 52.17002105712890625 52.153446197509765625 52.14327239990234375 52.129390716552734375 52.110137939453125 52.09552001953125 52.0834503173828125 52.0693359375 52.066253662109375 52.055606842041015625 52.0451507568359375 52.033016204833984375 52.0187835693359375 52.008899688720703125 52.002880096435546875 51.987548828125 51.96970367431640625 51.951629638671875 51.937259674072265625 51.83023834228515625 51.7384796142578125 51.726612091064453125 51.71485137939453125 51.704029083251953125 51.68936920166015625 51.680561065673828125 51.67102813720703125 51.66568756103515625 51.657444000244140625 51.64778900146484375 -9999 -9999 -9999 -9999
52.350677490234375 52.33863067626953125 52.326568603515625 52.30902099609375 52.2958221435546875 52.265201568603515625 52.255458831787109375 52.249691009521484375 52.23012542724609375 52.210857391357421875 52.184970855712890625 52.164119720458984375 52.14849853515625 52.13849639892578125 52.125316619873046875 52.10591888427734375 52.09113311767578125 52.0789337158203125 52.06635284423828125 52.06327056884765625 52.052394866943359375 52.041484832763671875 52.029033660888671875 52.015132904052734375 52.003879547119140625 51.9976959228515625 51.983219146728515625 51.964542388916015625 51.94732666015625 51.932689666748046875 51.91454315185546875 51.856159210205078125 51.7259674072265625 51.711681365966796875 51.699718475341796875 51.686199188232421875 51.676609039306640625 51.666873931884765625 51.6625213623046875 51.654476165771484375 51.645259857177734375 -9999 -9999 -9999 -9999
52.352825164794921875 52.3415985107421875 52.32501220703125 52.307193756103515625 52.29421234130859375 52.26387786865234375 52.2535552978515625 52.244171142578125 52.21735382080078125 52.196727752685546875 52.17029571533203125 52.15052032470703125 52.137516021728515625 52.12751007080078125 52.116428375244140625 52.09874725341796875 52.0844573974609375 52.073383331298828125 52.06075286865234375 52.057888031005859375 52.047618865966796875 52.03694915771484375 52.02317047119140625 52.00714111328125 51.99483489990234375 51.98450469970703125 51.974094390869140625 51.957225799560546875 51.9400482177734375 51.92620086669921875 51.90793609619140625 51.904163360595703125 51.720470428466796875 51.7047271728515625 51.693378448486328125 51.679874420166015625 51.67171478271484375 51.662952423095703125 51.65869140625 51.6504669189453125 -9999 -9999 -9999 -9999 -9999
52.353786468505859375 52.33618927001953125 52.3190155029296875 52.30242919921875 52.2900238037109375 52.2615814208984375 52.25144195556640625 52.238094329833984375 52.206787109375 52.185546875 52.16101837158203125 52.1450042724609375 52.131183624267578125 52.12345123291015625 52.11081695556640625 52.09432220458984375 52.08287811279296875 52.07036590576171875 52.058132171630859375 52.05467987060546875 52.044597625732421875 52.034694671630859375 52.019237518310546875 52.00348663330078125 51.989574432373046875 51.980865478515625 51.968845367431640625 51.951976776123046875 51.936412811279296875 51.9215087890625 51.903656005859375 51.899013519287109375 51.820705413818359375 51.701259613037109375 51.689189910888671875 51.677349090576171875 51.668376922607421875 51.659915924072265625 51.65679931640625 51.64682769775390625 -9999 -9999 -9999 -9999 -9999
52.344234466552734375 52.32509613037109375 52.309345245361328125 52.29613494873046875 52.28743743896484375 52.25720977783203125 52.24695587158203125 52.229583740234375 52.19626617431640625 52.17612457275390625 52.154811859130859375 52.140216827392578125 52.126232147216796875 52.11904144287109375 52.10596466064453125 52.09088897705078125 52.07955169677734375 52.067584991455078125 52.05551910400390625 52.05146026611328125 52.04116058349609375 52.0313873291015625 52.015167236328125 51.999492645263671875 51.985515594482421875 51.9772186279296875 51.964824676513671875 51.94728851318359375 51.9321136474609375 51.9163818359375 51.8997039794921875 51.895595550537109375 51.834980010986328125 51.69716644287109375 51.685596466064453125 51.673580169677734375 51.664905548095703125 51.65663909912109375 51.653045654296875 51.642597198486328125 -9999 -9999 -9999 -9999 -9999
52.33709716796875 52.31606292724609375 52.301555633544921875 52.28948211669921875 52.2732086181640625 52.251102447509765625 52.2424774169921875 52.222904205322265625 52.18768310546875 52.167568206787109375 52.14943695068359375 52.1361541748046875 52.122539520263671875 52.116062164306640625 52.10301971435546875 52.087444305419921875 52.07692718505859375 52.063762664794921875 52.052555084228515625 52.047863006591796875 52.03688812255859375 52.02667999267578125 52.010028839111328125 51.99481201171875 51.9798736572265625 51.9722137451171875 51.959625244140625 51.942104339599609375 51.927154541015625 51.910858154296875 51.89510345458984375 51.890064239501953125 51.87828826904296875 51.7803802490234375 51.681247711181640625 51.670440673828125 51.660854339599609375 51.6518096923828125 51.64897918701171875 51.63706207275390625 -9999 -9999 -9999 -9999 -9999
52.331512451171875 52.31066131591796875 52.296833038330078125 52.2856292724609375 52.26906585693359375 52.24565887451171875 52.236415863037109375 52.21556854248046875 52.17987060546875 52.162445068359375 52.14577484130859375 52.1328125 52.118694305419921875 52.11236572265625 52.099452972412109375 52.08349609375 52.07324981689453125 52.05939483642578125 52.04782867431640625 52.0423736572265625 52.03141021728515625 52.021976470947265625 52.00449371337890625 51.98978424072265625 51.97444915771484375 51.967212677001953125 51.954071044921875 51.936676025390625 51.92285919189453125 51.9067535400390625 51.891162872314453125 51.884868621826171875 51.87387847900390625 51.77701568603515625 51.6769561767578125 51.6660614013671875 51.656093597412109375 51.648128509521484375 51.64492034912109375 51.631771087646484375 -9999 -9999 -9999 -9999 -9999
52.32752227783203125 52.30966949462890625 52.296199798583984375 52.282989501953125 52.265720367431640625 52.23938751220703125 52.2280120849609375 52.209636688232421875 52.1761627197265625 52.160182952880859375 52.143890380859375 52.1305694580078125 52.1151275634765625 52.108673095703125 52.09531402587890625 52.079498291015625 52.068511962890625 52.054229736328125 52.042755126953125 52.03688812255859375 52.025936126708984375 52.0169219970703125 51.998317718505859375 51.9844207763671875 51.968677520751953125 51.96221160888671875 51.947940826416015625 51.93109130859375 51.91790771484375 51.901386260986328125 51.886566162109375 51.879451751708984375 51.867397308349609375 51.77205657958984375 51.675914764404296875 51.66136932373046875 51.65091705322265625 51.64162445068359375 51.639934539794921875 51.626155853271484375 -9999 -9999 -9999 -9999 -9999
52.32232666015625 52.30989837646484375 52.29518890380859375 52.2808685302734375 52.263568878173828125 52.233257293701171875 52.224315643310546875 52.2037200927734375 52.1765594482421875 52.158802032470703125 52.14095306396484375 52.128326416015625 52.109928131103515625 52.105342864990234375 52.088199615478515625 52.072597503662109375 52.065185546875 52.048419952392578125 52.0380401611328125 52.030658721923828125 52.01873779296875 52.0115203857421875 51.9901275634765625 51.97837066650390625 51.959506988525390625 51.95653533935546875 51.94017791748046875 51.923381805419921875 51.91295623779296875 51.8943634033203125 51.8819732666015625 51.871784210205078125 51.85834503173828125 51.849338531494140625 51.722869873046875 51.65294647216796875 51.642040252685546875 51.632404327392578125 51.62998199462890625 51.61614990234375 -9999 -9999 -9999 -9999 -9999
