INPUT/RASTER/ASCII/BIO17.asc
ncols        225
nrows        269
xllcorner    473009.983799999987
yllcorner    4429051.174800000153
cellsize     50.000000000000
NODATA_value -9999
[rows 57 to 75 of 269, columns 42 to 83 of 225]
26.820947647094726563 26.851274490356445313 26.908977508544921875 26.980604171752929688 27.065692901611328125 27.148889541625976563 27.187969207763671875 27.214361190795898438 27.22757720947265625 27.24594879150390625 27.282367706298828125 27.328611373901367188 27.36553955078125 27.408342361450195313 27.451486587524414063 27.474071502685546875 27.499280929565429688 27.507719039916992188 27.503360748291015625 27.50678253173828125 27.504941940307617188 27.487514495849609375 27.422197341918945313 27.330778121948242188 27.2987213134765625 27.301225662231445313 27.308263778686523438 27.315746307373046875 27.320011138916015625 27.305280685424804688 27.279497146606445313 27.255369186401367188 27.223407745361328125 27.205966949462890625 27.2036895751953125 27.222948074340820313 27.240732192993164063 27.244203567504882813 27.249162673950195313 27.286733627319335938 27.337553024291992188 27.36573028564453125
26.860467910766601563 26.890064239501953125 26.944522857666015625 27.014705657958984375 27.102497100830078125 27.179779052734375 27.21187591552734375 27.234346389770507813 27.252264022827148438 27.274684906005859375 27.313859939575195313 27.36598968505859375 27.406103134155273438 27.439296722412109375 27.4651641845703125 27.483945846557617188 27.50652313232421875 27.505186080932617188 27.494159698486328125 27.480817794799804688 27.467145919799804688 27.444799423217773438 27.372728347778320313 27.290414810180664063 27.270902633666992188 27.28496551513671875 27.304922103881835938 27.317836761474609375 27.326128005981445313 27.315134048461914063 27.290647506713867188 27.266820907592773438 27.234708786010742188 27.218301773071289063 27.212945938110351563 27.224458694458007813 27.235103607177734375 27.235815048217773438 27.243890762329101563 27.2767486572265625 27.31929779052734375 27.347414016723632813
26.91916656494140625 26.9453582763671875 26.994279861450195313 27.060760498046875 27.141218185424804688 27.201253890991210938 27.223520278930664063 27.245950698852539063 27.270229339599609375 27.2938995361328125 27.332979202270507813 27.383098602294921875 27.417858123779296875 27.448347091674804688 27.469663619995117188 27.49085235595703125 27.512104034423828125 27.498538970947265625 27.476308822631835938 27.443113327026367188 27.414064407348632813 27.380327224731445313 27.306261062622070313 27.263309478759765625 27.264734268188476563 27.283700942993164063 27.306827545166015625 27.319650650024414063 27.323461532592773438 27.310762405395507813 27.291368484497070313 27.270750045776367188 27.243122100830078125 27.227968215942382813 27.2284698486328125 27.234365463256835938 27.231845855712890625 27.233728408813476563 27.245176315307617188 27.274461746215820313 27.308561325073242188 27.335622787475585938
26.990688323974609375 27.015428543090820313 27.060062408447265625 27.117605209350585938 27.179046630859375 27.215358734130859375 27.228160858154296875 27.248689651489257813 27.276323318481445313 27.307161331176757813 27.348880767822265625 27.391489028930664063 27.419450759887695313 27.446062088012695313 27.47211456298828125 27.50104522705078125 27.517278671264648438 27.486757278442382813 27.448759078979492188 27.391794204711914063 27.343105316162109375 27.302377700805664063 27.253139495849609375 27.247529983520507813 27.26712799072265625 27.29335784912109375 27.315370559692382813 27.321758270263671875 27.316516876220703125 27.300813674926757813 27.283155441284179688 27.265718460083007813 27.244127273559570313 27.231668472290039063 27.236589431762695313 27.23903656005859375 27.229654312133789063 27.23444366455078125 27.24666595458984375 27.274089813232421875 27.3022003173828125 27.329187393188476563
27.0666046142578125 27.09444427490234375 27.125461578369140625 27.15804290771484375 27.192338943481445313 27.217172622680664063 27.22985076904296875 27.250501632690429688 27.28107452392578125 27.319097518920898438 27.36277008056640625 27.401912689208984375 27.423244476318359375 27.443933486938476563 27.475765228271484375 27.508083343505859375 27.516523361206054688 27.46880340576171875 27.414228439331054688 27.331378936767578125 27.27120208740234375 27.23546600341796875 27.219264984130859375 27.236642837524414063 27.265275955200195313 27.297525405883789063 27.321685791015625 27.32160186767578125 27.305217742919921875 27.286745071411132813 27.269962310791015625 27.255327224731445313 27.237508773803710938 27.231456756591796875 27.239328384399414063 27.241973876953125 27.23105621337890625 27.234956741333007813 27.245306015014648438 27.271129608154296875 27.299581527709960938 27.32517242431640625
27.135705947875976563 27.160951614379882813 27.175470352172851563 27.183465957641601563 27.1915283203125 27.20948028564453125 27.226934432983398438 27.255340576171875 27.289403915405273438 27.33258819580078125 27.376230239868164063 27.41173553466796875 27.42901611328125 27.453855514526367188 27.490390777587890625 27.517015457153320313 27.507783889770507813 27.441949844360351563 27.375806808471679688 27.27695465087890625 27.21405029296875 27.187700271606445313 27.191913604736328125 27.222993850708007813 27.251852035522460938 27.28186798095703125 27.3079681396484375 27.309820175170898438 27.293119430541992188 27.273790359497070313 27.256681442260742188 27.245189666748046875 27.230228424072265625 27.226537704467773438 27.238729476928710938 27.2449493408203125 27.235248565673828125 27.233531951904296875 27.240251541137695313 27.26673126220703125 27.29972076416015625 27.32358551025390625
27.168222427368164063 27.188997268676757813 27.195552825927734375 27.199365615844726563 27.197723388671875 27.206830978393554688 27.224514007568359375 27.259153366088867188 27.29607391357421875 27.341936111450195313 27.3850860595703125 27.4162445068359375 27.434818267822265625 27.466886520385742188 27.501550674438476563 27.518400192260742188 27.491376876831054688 27.405735015869140625 27.334623336791992188 27.241346359252929688 27.1853179931640625 27.16321563720703125 27.172574996948242188 27.206529617309570313 27.233476638793945313 27.25980377197265625 27.2837371826171875 27.2875518798828125 27.27783203125 27.261884689331054688 27.24697113037109375 27.236480712890625 27.22417449951171875 27.219228744506835938 27.234380722045898438 27.246631622314453125 27.242197036743164063 27.22859954833984375 27.225919723510742188 27.25789642333984375 27.298580169677734375 27.319072723388671875
27.188859939575195313 27.20406341552734375 27.202054977416992188 27.207958221435546875 27.209323883056640625 27.216711044311523438 27.232616424560546875 27.26641082763671875 27.304143905639648438 27.349735260009765625 27.392335891723632813 27.420146942138671875 27.4424591064453125 27.478097915649414063 27.509275436401367188 27.5117340087890625 27.468601226806640625 27.362520217895507813 27.285877227783203125 27.206907272338867188 27.165205001831054688 27.1481170654296875 27.1567840576171875 27.189910888671875 27.214324951171875 27.234575271606445313 27.254037857055664063 27.261058807373046875 27.25766754150390625 27.246896743774414063 27.240148544311523438 27.231143951416015625 27.221826553344726563 27.215707778930664063 27.225566864013671875 27.238935470581054688 27.239770889282226563 27.216825485229492188 27.201044082641601563 27.241769790649414063 27.295932769775390625 27.31563568115234375
27.201932907104492188 27.20734405517578125 27.203718185424804688 27.213289260864257813 27.222124099731445313 27.233722686767578125 27.248722076416015625 27.279989242553710938 27.31491851806640625 27.35587310791015625 27.397882461547851563 27.42417144775390625 27.447572708129882813 27.485548019409179688 27.506448745727539063 27.492626190185546875 27.437257766723632813 27.322420120239257813 27.24390411376953125 27.17522430419921875 27.147226333618164063 27.136526107788085938 27.143220901489257813 27.171863555908203125 27.193231582641601563 27.208873748779296875 27.225872039794921875 27.233934402465820313 27.236286163330078125 27.23333740234375 27.232000350952148438 27.227136611938476563 27.22493743896484375 27.218976974487304688 27.214376449584960938 27.209995269775390625 27.2011871337890625 27.179370880126953125 27.163484573364257813 27.218967437744140625 27.290002822875976563 27.314157485961914063
27.201841354370117188 27.202922821044921875 27.205341339111328125 27.216547012329101563 27.22995758056640625 27.250024795532226563 27.26808929443359375 27.297258377075195313 27.32729339599609375 27.362997055053710938 27.39942169189453125 27.424509048461914063 27.444919586181640625 27.480787277221679688 27.48871612548828125 27.463758468627929688 27.399511337280273438 27.283535003662109375 27.211088180541992188 27.154693603515625 27.13343048095703125 27.129144668579101563 27.137975692749023438 27.157337188720703125 27.174436569213867188 27.18737030029296875 27.203279495239257813 27.20926666259765625 27.214099884033203125 27.218587875366210938 27.22031402587890625 27.222492218017578125 27.227756500244140625 27.220661163330078125 27.199693679809570313 27.174833297729492188 27.156894683837890625 27.136278152465820313 27.12937164306640625 27.187938690185546875 27.2643890380859375 27.294086456298828125
27.184490203857421875 27.191041946411132813 27.204387664794921875 27.220148086547851563 27.239078521728515625 27.267305374145507813 27.287469863891601563 27.313627243041992188 27.3376312255859375 27.368024826049804688 27.39701080322265625 27.415559768676757813 27.43402862548828125 27.457363128662109375 27.458187103271484375 27.429534912109375 27.353521347045898438 27.23645782470703125 27.1715850830078125 27.127758026123046875 27.119405746459960938 27.12413787841796875 27.134906768798828125 27.15120697021484375 27.163471221923828125 27.173933029174804688 27.1829986572265625 27.183101654052734375 27.192867279052734375 27.206634521484375 27.212587356567382813 27.22003936767578125 27.22379302978515625 27.206987380981445313 27.177240371704101563 27.1475982666015625 27.13043975830078125 27.115232467651367188 27.11426544189453125 27.152599334716796875 27.209421157836914063 27.24388885498046875
27.16243743896484375 27.17855072021484375 27.20235443115234375 27.227388381958007813 27.255201339721679688 27.288324356079101563 27.308004379272460938 27.326826095581054688 27.3421783447265625 27.366222381591796875 27.39249420166015625 27.405942916870117188 27.421689987182617188 27.435886383056640625 27.431537628173828125 27.401592254638671875 27.319934844970703125 27.20081329345703125 27.13818359375 27.103267669677734375 27.11002349853515625 27.125181198120117188 27.13814544677734375 27.152627944946289063 27.161867141723632813 27.168178558349609375 27.169597625732421875 27.166315078735351563 27.17876434326171875 27.198843002319335938 27.204916000366210938 27.210943222045898438 27.215166091918945313 27.194452285766601563 27.1629180908203125 27.134502410888671875 27.120819091796875 27.10882568359375 27.109495162963867188 27.128442764282226563 27.167055130004882813 27.201816558837890625
27.15468597412109375 27.180023193359375 27.208917617797851563 27.235691070556640625 27.269666671752929688 27.304491043090820313 27.322147369384765625 27.3378143310546875 27.350320816040039063 27.368602752685546875 27.388628005981445313 27.4045867919921875 27.413587570190429688 27.41323089599609375 27.40110015869140625 27.36975860595703125 27.286436080932617188 27.170574188232421875 27.114526748657226563 27.092756271362304688 27.109476089477539063 27.127765655517578125 27.140472412109375 27.154165267944335938 27.163465499877929688 27.169595718383789063 27.171270370483398438 27.168958663940429688 27.174772262573242188 27.184873580932617188 27.186113357543945313 27.194078445434570313 27.206298828125 27.190790176391601563 27.160396575927734375 27.131978988647460938 27.119138717651367188 27.108997344970703125 27.110654830932617188 27.124471664428710938 27.154180526733398438 27.1827392578125
27.157300949096679688 27.191547393798828125 27.218706130981445313 27.243129730224609375 27.2776641845703125 27.3104400634765625 27.32559967041015625 27.341619491577148438 27.361249923706054688 27.381740570068359375 27.396116256713867188 27.408275604248046875 27.407672882080078125 27.388257980346679688 27.354276657104492188 27.306919097900390625 27.227098464965820313 27.13599395751953125 27.098270416259765625 27.09154510498046875 27.109048843383789063 27.12036895751953125 27.130681991577148438 27.149919509887695313 27.164865493774414063 27.1722869873046875 27.180095672607421875 27.183172225952148438 27.179372787475585938 27.178480148315429688 27.175054550170898438 27.182516098022460938 27.1945953369140625 27.182806015014648438 27.15415191650390625 27.124233245849609375 27.111268997192382813 27.106565475463867188 27.11273956298828125 27.129482269287109375 27.157152175903320313 27.177072525024414063
27.161195755004882813 27.200925827026367188 27.223812103271484375 27.247774124145507813 27.280458450317382813 27.3100738525390625 27.326623916625976563 27.341508865356445313 27.364841461181640625 27.390985488891601563 27.406053543090820313 27.4119110107421875 27.402042388916015625 27.368417739868164063 27.310468673706054688 27.2412109375 27.169958114624023438 27.10626983642578125 27.085702896118164063 27.091238021850585938 27.106847763061523438 27.116266250610351563 27.128091812133789063 27.150249481201171875 27.166240692138671875 27.174041748046875 27.184246063232421875 27.192850112915039063 27.18910980224609375 27.183605194091796875 27.178394317626953125 27.173954010009765625 27.177707672119140625 27.169420242309570313 27.144403457641601563 27.112031936645507813 27.095052719116210938 27.096843719482421875 27.113737106323242188 27.139858245849609375 27.164081573486328125 27.178064346313476563
27.164388656616210938 27.205753326416015625 27.226900100708007813 27.250507354736328125 27.282230377197265625 27.305841445922851563 27.327564239501953125 27.345264434814453125 27.369153976440429688 27.395662307739257813 27.411291122436523438 27.415838241577148438 27.404066085815429688 27.3638763427734375 27.289548873901367188 27.207622528076171875 27.14119720458984375 27.093801498413085938 27.082225799560546875 27.09075164794921875 27.103219985961914063 27.114439010620117188 27.12674713134765625 27.148525238037109375 27.165277481079101563 27.175537109375 27.185827255249023438 27.195001602172851563 27.195436477661132813 27.18653106689453125 27.178686141967773438 27.162786483764648438 27.154170989990234375 27.146490097045898438 27.123813629150390625 27.086248397827148438 27.060174942016601563 27.069692611694335938 27.109434127807617188 27.149448394775390625 27.169010162353515625 27.180452346801757813
27.168186187744140625 27.209653854370117188 27.230894088745117188 27.253416061401367188 27.285190582275390625 27.306737899780273438 27.331752777099609375 27.356546401977539063 27.383752822875976563 27.410352706909179688 27.427934646606445313 27.429174423217773438 27.41622161865234375 27.376302719116210938 27.296586990356445313 27.204425811767578125 27.135311126708984375 27.094903945922851563 27.086317062377929688 27.093439102172851563 27.109012603759765625 27.124082565307617188 27.132669448852539063 27.14444732666015625 27.160694122314453125 27.17704010009765625 27.184635162353515625 27.188159942626953125 27.186773300170898438 27.177478790283203125 27.167720794677734375 27.146368026733398438 27.120351791381835938 27.098386764526367188 27.064798355102539063 27.016265869140625 26.9877471923828125 27.01935577392578125 27.100276947021484375 27.154001235961914063 27.172075271606445313 27.1838226318359375
27.174741744995117188 27.215641021728515625 27.238725662231445313 27.260007858276367188 27.288623809814453125 27.309068679809570313 27.337087631225585938 27.368169784545898438 27.404430389404296875 27.441888809204101563 27.450405120849609375 27.440042495727539063 27.422046661376953125 27.376682281494140625 27.293001174926757813 27.192447662353515625 27.12233734130859375 27.090105056762695313 27.08672332763671875 27.09844207763671875 27.1195220947265625 27.137754440307617188 27.1517486572265625 27.161813735961914063 27.16944122314453125 27.178586959838867188 27.176921844482421875 27.174036026000976563 27.167934417724609375 27.15720367431640625 27.147626876831054688 27.125143051147460938 27.091859817504882813 27.055322647094726563 27.010248184204101563 26.971401214599609375 26.959062576293945313 26.997861862182617188 27.079423904418945313 27.138631820678710938 27.167268753051757813 27.182901382446289063
27.174734115600585938 27.217638015747070313 27.24427032470703125 27.269763946533203125 27.292156219482421875 27.307695388793945313 27.336582183837890625 27.369699478149414063 27.4082183837890625 27.447856903076171875 27.444677352905273438 27.41802215576171875 27.39313507080078125 27.333326339721679688 27.239063262939453125 27.14998626708984375 27.099376678466796875 27.085142135620117188 27.09006500244140625 27.105260848999023438 27.123075485229492188 27.140033721923828125 27.156719207763671875 27.16741180419921875 27.17124176025390625 27.173023223876953125 27.170421600341796875 27.168577194213867188 27.15866851806640625 27.14832305908203125 27.137403488159179688 27.11449432373046875 27.078571319580078125 27.031194686889648438 26.981706619262695313 26.95403289794921875 26.951894760131835938 26.974750518798828125 27.030557632446289063 27.09201812744140625 27.140539169311523438 27.169677734375
