INPUT/RASTER/ASCII/BIO10.asc
ncols        225
nrows        269
xllcorner    473009.983799999987
yllcorner    4429051.174800000153
cellsize     50.000000000000
NODATA_value -9999
[rows 152 to 170 of 269, columns 168 to 209 of 225]
25.178522109985351563 25.174627304077148438 25.169589996337890625 25.166170120239257813 25.164098739624023438 25.16414642333984375 25.165477752685546875 25.16675567626953125 25.167219161987304688 25.16790771484375 25.165922164916992188 25.161378860473632813 25.159099578857421875 25.157505035400390625 25.155672073364257813 25.158910751342773438 25.168684005737304688 25.17592620849609375 25.178686141967773438 25.179323196411132813 25.178197860717773438 25.173910140991210938 25.16750335693359375 25.166107177734375 25.169198989868164063 25.17113494873046875 25.169160842895507813 25.160411834716796875 25.145517349243164063 25.127988815307617188 25.11313629150390625 25.103794097900390625 25.100561141967773438 25.098537445068359375 25.09937286376953125 25.100229263305664063 25.102228164672851563 25.1038360595703125 25.105573654174804688 25.108621597290039063 25.111146926879882813 25.113279342651367188
25.186069488525390625 25.181150436401367188 25.173795700073242188 25.168834686279296875 25.165594100952148438 25.165578842163085938 25.16780853271484375 25.16999053955078125 25.172855377197265625 25.175413131713867188 25.17041015625 25.165861129760742188 25.164701461791992188 25.1636962890625 25.162763595581054688 25.169031143188476563 25.180267333984375 25.182268142700195313 25.17935943603515625 25.177572250366210938 25.176128387451171875 25.174774169921875 25.171232223510742188 25.170732498168945313 25.170055389404296875 25.167764663696289063 25.162435531616210938 25.152469635009765625 25.13829803466796875 25.121488571166992188 25.1077880859375 25.098934173583984375 25.096240997314453125 25.09616851806640625 25.098024368286132813 25.098958969116210938 25.100915908813476563 25.101930618286132813 25.103841781616210938 25.107259750366210938 25.11058807373046875 25.113313674926757813
25.19170379638671875 25.187280654907226563 25.180217742919921875 25.174177169799804688 25.169801712036132813 25.168794631958007813 25.17089080810546875 25.173437118530273438 25.178256988525390625 25.182497024536132813 25.176563262939453125 25.17287445068359375 25.1714630126953125 25.170217514038085938 25.16997528076171875 25.177232742309570313 25.185329437255859375 25.182682037353515625 25.175764083862304688 25.171825408935546875 25.168455123901367188 25.166835784912109375 25.1658935546875 25.165943145751953125 25.16400909423828125 25.160491943359375 25.154605865478515625 25.145298004150390625 25.131700515747070313 25.116382598876953125 25.1034393310546875 25.09539794921875 25.094097137451171875 25.09545135498046875 25.097257614135742188 25.098651885986328125 25.100673675537109375 25.10173797607421875 25.103506088256835938 25.106866836547851563 25.11038970947265625 25.113462448120117188
25.197467803955078125 25.193431854248046875 25.187353134155273438 25.181766510009765625 25.176244735717773438 25.173748016357421875 25.175205230712890625 25.17771148681640625 25.18399810791015625 25.189523696899414063 25.1856842041015625 25.184238433837890625 25.183254241943359375 25.18083953857421875 25.178895950317382813 25.184251785278320313 25.188013076782226563 25.18245697021484375 25.172054290771484375 25.166852951049804688 25.16141510009765625 25.157129287719726563 25.156084060668945313 25.15584564208984375 25.154058456420898438 25.150846481323242188 25.145252227783203125 25.13553619384765625 25.123239517211914063 25.110322952270507813 25.098836898803710938 25.09336090087890625 25.093626022338867188 25.09580230712890625 25.097517013549804688 25.099056243896484375 25.100965499877929688 25.10231781005859375 25.10370635986328125 25.106637954711914063 25.10988616943359375 25.113042831420898438
25.203863143920898438 25.201211929321289063 25.197839736938476563 25.193668365478515625 25.187211990356445313 25.181919097900390625 25.183345794677734375 25.186418533325195313 25.192873001098632813 25.19811248779296875 25.19692230224609375 25.196706771850585938 25.196638107299804688 25.195020675659179688 25.192369461059570313 25.192693710327148438 25.190580368041992188 25.181310653686523438 25.168741226196289063 25.162319183349609375 25.155132293701171875 25.148609161376953125 25.14487457275390625 25.14202880859375 25.139543533325195313 25.136690139770507813 25.130716323852539063 25.120952606201171875 25.111011505126953125 25.101232528686523438 25.093854904174804688 25.091836929321289063 25.092571258544921875 25.095277786254882813 25.098041534423828125 25.099817276000976563 25.101396560668945313 25.10301971435546875 25.103883743286132813 25.10599517822265625 25.108829498291015625 25.112003326416015625
25.2092742919921875 25.207639694213867188 25.206060409545898438 25.203283309936523438 25.197256088256835938 25.19062042236328125 25.191644668579101563 25.195039749145507813 25.199781417846679688 25.20317840576171875 25.202322006225585938 25.200983047485351563 25.20058441162109375 25.20017242431640625 25.198499679565429688 25.195734024047851563 25.189205169677734375 25.177501678466796875 25.165311813354492188 25.159046173095703125 25.152233123779296875 25.145513534545898438 25.139558792114257813 25.134273529052734375 25.130542755126953125 25.127798080444335938 25.121524810791015625 25.111276626586914063 25.102067947387695313 25.09465789794921875 25.09201812744140625 25.091403961181640625 25.092260360717773438 25.095449447631835938 25.0981292724609375 25.1000518798828125 25.10150909423828125 25.10324859619140625 25.103815078735351563 25.105272293090820313 25.108079910278320313 25.111202239990234375
25.214183807373046875 25.21266937255859375 25.210477828979492188 25.207622528076171875 25.202814102172851563 25.197544097900390625 25.197906494140625 25.200481414794921875 25.204090118408203125 25.206380844116210938 25.204620361328125 25.201435089111328125 25.19879150390625 25.19637298583984375 25.194040298461914063 25.191478729248046875 25.18408203125 25.173219680786132813 25.16265106201171875 25.157468795776367188 25.151683807373046875 25.145452499389648438 25.1393585205078125 25.133768081665039063 25.129228591918945313 25.125898361206054688 25.119798660278320313 25.108999252319335938 25.099618911743164063 25.093431472778320313 25.092496871948242188 25.092617034912109375 25.094333648681640625 25.096681594848632813 25.098413467407226563 25.100164413452148438 25.101528167724609375 25.103231430053710938 25.103704452514648438 25.104799270629882813 25.107488632202148438 25.11061859130859375
25.2187652587890625 25.217586517333984375 25.214677810668945313 25.211282730102539063 25.207818984985351563 25.204868316650390625 25.205488204956054688 25.207342147827148438 25.211017608642578125 25.21277618408203125 25.209117889404296875 25.203905105590820313 25.199296951293945313 25.19446563720703125 25.189756393432617188 25.187067031860351563 25.180761337280273438 25.172405242919921875 25.162868499755859375 25.15726470947265625 25.151842117309570313 25.14565277099609375 25.139638900756835938 25.133855819702148438 25.128458023071289063 25.124599456787109375 25.117826461791992188 25.107646942138671875 25.099008560180664063 25.094249725341796875 25.093671798706054688 25.094043731689453125 25.096221923828125 25.097591400146484375 25.098842620849609375 25.10044097900390625 25.10187530517578125 25.103281021118164063 25.10364532470703125 25.10459136962890625 25.107133865356445313 25.110284805297851563
25.222970962524414063 25.222301483154296875 25.220813751220703125 25.219329833984375 25.217199325561523438 25.21553802490234375 25.215991973876953125 25.217679977416992188 25.221307754516601563 25.221837997436523438 25.215711593627929688 25.208570480346679688 25.20302581787109375 25.198406219482421875 25.191608428955078125 25.187286376953125 25.182399749755859375 25.176362991333007813 25.168306350708007813 25.162506103515625 25.156736373901367188 25.150636672973632813 25.143716812133789063 25.135585784912109375 25.128902435302734375 25.12462615966796875 25.117490768432617188 25.106897354125976563 25.09885406494140625 25.095434188842773438 25.095783233642578125 25.096586227416992188 25.09796905517578125 25.099132537841796875 25.099912643432617188 25.10063934326171875 25.102083206176757813 25.103302001953125 25.10372161865234375 25.104997634887695313 25.10756683349609375 25.1106109619140625
25.233211517333984375 25.233041763305664063 25.23264312744140625 25.232082366943359375 25.23089599609375 25.230245590209960938 25.230865478515625 25.231998443603515625 25.233890533447265625 25.232236862182617188 25.224893569946289063 25.217035293579101563 25.211353302001953125 25.207004547119140625 25.197021484375 25.19120025634765625 25.187631607055664063 25.18277740478515625 25.17682647705078125 25.171583175659179688 25.165004730224609375 25.15882110595703125 25.151424407958984375 25.142383575439453125 25.135213851928710938 25.130741119384765625 25.123504638671875 25.1100311279296875 25.101871490478515625 25.099864959716796875 25.0995330810546875 25.099931716918945313 25.100673675537109375 25.100566864013671875 25.10057830810546875 25.10108184814453125 25.102771759033203125 25.103740692138671875 25.104425430297851563 25.106174468994140625 25.108324050903320313 25.111238479614257813
25.249996185302734375 25.2501678466796875 25.250165939331054688 25.249841690063476563 25.249050140380859375 25.248693466186523438 25.248739242553710938 25.248994827270507813 25.248704910278320313 25.24546051025390625 25.238842010498046875 25.23160552978515625 25.226032257080078125 25.220380783081054688 25.2084197998046875 25.202243804931640625 25.199314117431640625 25.195674896240234375 25.190282821655273438 25.184541702270507813 25.1775360107421875 25.1728057861328125 25.166028976440429688 25.155895233154296875 25.147096633911132813 25.143009185791015625 25.135721206665039063 25.12258148193359375 25.1139678955078125 25.111410140991210938 25.107797622680664063 25.105981826782226563 25.10443878173828125 25.102678298950195313 25.102407455444335938 25.10288238525390625 25.104190826416015625 25.105220794677734375 25.105943679809570313 25.107540130615234375 25.109241485595703125 25.11151123046875
25.26171875 25.2620849609375 25.2624664306640625 25.262128829956054688 25.261386871337890625 25.260732650756835938 25.259929656982421875 25.258687973022460938 25.256269454956054688 25.252744674682617188 25.2482757568359375 25.24242401123046875 25.237245559692382813 25.232076644897460938 25.224138259887695313 25.219491958618164063 25.216705322265625 25.213230133056640625 25.207334518432617188 25.201597213745117188 25.194749832153320313 25.188823699951171875 25.180929183959960938 25.168020248413085938 25.158056259155273438 25.153697967529296875 25.146223068237304688 25.1334228515625 25.124002456665039063 25.121686935424804688 25.116964340209960938 25.113355636596679688 25.109531402587890625 25.105752944946289063 25.105175018310546875 25.105298995971679688 25.105714797973632813 25.10640716552734375 25.10715484619140625 25.10834503173828125 25.10977935791015625 25.111444473266601563
25.264619827270507813 25.264703750610351563 25.264217376708984375 25.263776779174804688 25.262973785400390625 25.262071609497070313 25.260816574096679688 25.258855819702148438 25.255723953247070313 25.252384185791015625 25.249114990234375 25.244161605834960938 25.239482879638671875 25.235334396362304688 25.229280471801757813 25.225099563598632813 25.222349166870117188 25.219190597534179688 25.214948654174804688 25.211612701416015625 25.207612991333007813 25.202547073364257813 25.194391250610351563 25.182016372680664063 25.173076629638671875 25.168354034423828125 25.160594940185546875 25.145765304565429688 25.13520050048828125 25.132741928100585938 25.126459121704101563 25.121324539184570313 25.117136001586914063 25.11228179931640625 25.110677719116210938 25.110017776489257813 25.108968734741210938 25.10906982421875 25.108966827392578125 25.109371185302734375 25.1103973388671875 25.111215591430664063
25.266101837158203125 25.2656707763671875 25.263994216918945313 25.263048171997070313 25.262216567993164063 25.260492324829101563 25.257936477661132813 25.25634765625 25.253505706787109375 25.25063323974609375 25.247760772705078125 25.243154525756835938 25.238750457763671875 25.235164642333984375 25.229486465454101563 25.225343704223632813 25.222669601440429688 25.220048904418945313 25.2174224853515625 25.21524810791015625 25.21204376220703125 25.208078384399414063 25.201824188232421875 25.194032669067382813 25.187086105346679688 25.1822967529296875 25.174198150634765625 25.159231185913085938 25.150543212890625 25.146875381469726563 25.1382293701171875 25.132139205932617188 25.12834930419921875 25.122117996215820313 25.118837356567382813 25.118158340454101563 25.11559295654296875 25.114957809448242188 25.113691329956054688 25.112178802490234375 25.111616134643554688 25.111265182495117188
25.265707015991210938 25.264692306518554688 25.263410568237304688 25.263208389282226563 25.262920379638671875 25.26030731201171875 25.256195068359375 25.254339218139648438 25.2516632080078125 25.24948883056640625 25.245761871337890625 25.241411209106445313 25.23749542236328125 25.234075546264648438 25.229112625122070313 25.225557327270507813 25.223018646240234375 25.220556259155273438 25.218107223510742188 25.216464996337890625 25.213853836059570313 25.210420608520507813 25.205135345458984375 25.199155807495117188 25.192869186401367188 25.188097000122070313 25.179897308349609375 25.167819976806640625 25.161502838134765625 25.15715789794921875 25.15091705322265625 25.147518157958984375 25.143459320068359375 25.135156631469726563 25.130578994750976563 25.128862380981445313 25.123325347900390625 25.121929168701171875 25.121015548706054688 25.11782073974609375 25.115825653076171875 25.113332748413085938
25.265279769897460938 25.26372528076171875 25.261934280395507813 25.261796951293945313 25.26169586181640625 25.259077072143554688 25.255519866943359375 25.253442764282226563 25.251556396484375 25.250131607055664063 25.246051788330078125 25.241857528686523438 25.238348007202148438 25.234571456909179688 25.229349136352539063 25.225839614868164063 25.22330474853515625 25.220767974853515625 25.21826171875 25.21709442138671875 25.215414047241210938 25.212017059326171875 25.206838607788085938 25.201725006103515625 25.195667266845703125 25.19095611572265625 25.182687759399414063 25.170917510986328125 25.163579940795898438 25.159877777099609375 25.157247543334960938 25.156297683715820313 25.15363311767578125 25.147983551025390625 25.145259857177734375 25.141954421997070313 25.134319305419921875 25.132398605346679688 25.130685806274414063 25.125194549560546875 25.123563766479492188 25.120647430419921875
25.26973724365234375 25.267358779907226563 25.26407623291015625 25.262800216674804688 25.26126861572265625 25.257291793823242188 25.253351211547851563 25.252561569213867188 25.252166748046875 25.251552581787109375 25.248434066772460938 25.244167327880859375 25.240636825561523438 25.23726654052734375 25.232961654663085938 25.22991943359375 25.227048873901367188 25.224409103393554688 25.222095489501953125 25.220815658569335938 25.218351364135742188 25.214324951171875 25.209516525268554688 25.205556869506835938 25.200052261352539063 25.195354461669921875 25.186979293823242188 25.174617767333984375 25.166467666625976563 25.16301727294921875 25.161029815673828125 25.160169601440429688 25.1591033935546875 25.156764984130859375 25.1554107666015625 25.153635025024414063 25.149911880493164063 25.148988723754882813 25.147104263305664063 25.142965316772460938 25.139888763427734375 25.1351165771484375
25.276203155517578125 25.273242950439453125 25.269207000732421875 25.267192840576171875 25.264654159545898438 25.259279251098632813 25.255800247192382813 25.2554779052734375 25.255613327026367188 25.255273818969726563 25.251020431518554688 25.246006011962890625 25.242321014404296875 25.239660263061523438 25.236829757690429688 25.234842300415039063 25.232427597045898438 25.230499267578125 25.2288360595703125 25.227396011352539063 25.224248886108398438 25.219448089599609375 25.2146453857421875 25.209531784057617188 25.204471588134765625 25.200107574462890625 25.19005584716796875 25.177419662475585938 25.169612884521484375 25.166349411010742188 25.16498565673828125 25.1644439697265625 25.163320541381835938 25.16204071044921875 25.161146163940429688 25.160968780517578125 25.159891128540039063 25.159595489501953125 25.159090042114257813 25.15808868408203125 25.155792236328125 25.151391983032226563
25.282161712646484375 25.278566360473632813 25.274591445922851563 25.272914886474609375 25.2703094482421875 25.264524459838867188 25.261930465698242188 25.261388778686523438 25.26142120361328125 25.260198593139648438 25.2550506591796875 25.248899459838867188 25.244937896728515625 25.2418060302734375 25.238595962524414063 25.237070083618164063 25.235807418823242188 25.235424041748046875 25.234039306640625 25.23221588134765625 25.228574752807617188 25.22388458251953125 25.219278335571289063 25.213087081909179688 25.20775604248046875 25.203365325927734375 25.192552566528320313 25.180103302001953125 25.17215728759765625 25.169567108154296875 25.168615341186523438 25.16806793212890625 25.16686248779296875 25.165485382080078125 25.164720535278320313 25.164661407470703125 25.164300918579101563 25.164051055908203125 25.163616180419921875 25.162509918212890625 25.161685943603515625 25.160228729248046875
