INPUT/RASTER/ASCII/BIO12.asc
ncols        225
nrows        269
xllcorner    473000.000000000000
yllcorner    4429100.000000000000
cellsize     50.000000000000
NODATA_value -9999
[rows 0 to 20 of 269, columns 48 to 95 of 225]
-9999 -9999 -9999 -9999 -9999 -9999 -9999 -9999 -9999 -9999 -9999 -9999 -9999 -9999 -9999 -9999 -9999 -9999 -9999 -9999 -9999 -9999 -9999 -9999 -9999 -9999 -9999 -9999 -9999 -9999 -9999 -9999 -9999 -9999 -9999 -9999 -9999 -9999 -9999 -9999 -9999 -9999 -9999 -9999 -9999 -9999 -9999 -9999
-9999 -9999 -9999 -9999 -9999 -9999 -9999 -9999 -9999 -9999 -9999 -9999 -9999 -9999 -9999 749.6663818359375 -9999 -9999 -9999 -9999 -9999 -9999 -9999 -9999 -9999 -9999 -9999 -9999 -9999 -9999 -9999 -9999 -9999 -9999 -9999 -9999 -9999 -9999 -9999 -9999 -9999 -9999 -9999 -9999 -9999 -9999 -9999 -9999
-9999 -9999 -9999 -9999 746.02783203125 -9999 -9999 -9999 -9999 -9999 -9999 -9999 747.42608642578125 748.3060302734375 748.5780029296875 749.108154296875 749.58416748046875 750.516357421875 -9999 -9999 -9999 -9999 -9999 -9999 -9999 -9999 -9999 -9999 -9999 -9999 -9999 -9999 -9999 -9999 -9999 -9999 -9999 -9999 -9999 -9999 -9999 -9999 -9999 -9999 -9999 -9999 -9999 -9999
745.60113525390625 745.89483642578125 746.11602783203125 746.07635498046875 745.6517333984375 744.91375732421875 744.75091552734375 745.0106201171875 745.169677734375 745.69903564453125 746.0982666015625 746.70343017578125 747.39373779296875 748.25103759765625 748.5650634765625 749.29052734375 749.87640380859375 750.84442138671875 752.0240478515625 -9999 -9999 -9999 -9999 -9999 -9999 -9999 -9999 -9999 -9999 -9999 -9999 -9999 -9999 -9999 -9999 -9999 -9999 -9999 -9999 -9999 -9999 -9999 -9999 -9999 -9999 -9999 -9999 -9999
745.22369384765625 745.68780517578125 745.7403564453125 745.557861328125 745.03021240234375 744.50714111328125 744.50360107421875 744.6383056640625 744.77642822265625 745.259033203125 745.80548095703125 746.69085693359375 747.41522216796875 748.32891845703125 748.61279296875 749.560302734375 750.29034423828125 751.3231201171875 752.76483154296875 753.507568359375 -9999 -9999 -9999 -9999 -9999 -9999 -9999 -9999 -9999 -9999 -9999 -9999 -9999 -9999 -9999 -9999 -9999 -9999 -9999 -9999 -9999 -9999 -9999 -9999 -9999 -9999 -9999 -9999
744.674560546875 745.146484375 745.486572265625 745.19989013671875 744.65289306640625 744.204833984375 744.308837890625 744.2847900390625 744.32421875 744.818359375 745.52972412109375 746.7388916015625 747.8980712890625 748.65948486328125 748.9046630859375 749.8363037109375 750.5201416015625 751.62701416015625 753.13128662109375 754.34808349609375 754.57733154296875 753.692138671875 -9999 -9999 -9999 -9999 -9999 -9999 -9999 -9999 -9999 -9999 -9999 -9999 -9999 -9999 -9999 -9999 -9999 -9999 -9999 -9999 -9999 -9999 -9999 -9999 -9999 -9999
744.2625732421875 744.29974365234375 744.97186279296875 745.07373046875 744.5810546875 744.25439453125 744.17315673828125 744.1466064453125 744.03936767578125 744.4383544921875 745.7186279296875 747.03106689453125 748.40740966796875 749.27984619140625 749.37939453125 750.2637939453125 750.81036376953125 751.58380126953125 753.0380859375 754.33111572265625 754.40423583984375 753.858154296875 752.47918701171875 -9999 -9999 -9999 -9999 -9999 -9999 -9999 -9999 -9999 -9999 -9999 -9999 -9999 -9999 -9999 -9999 -9999 -9999 -9999 -9999 -9999 -9999 -9999 -9999 -9999
744.3507080078125 744.31256103515625 744.26287841796875 744.678466796875 744.40087890625 744.3597412109375 744.184814453125 744.1866455078125 744.07098388671875 744.4190673828125 746.1192626953125 747.5673828125 748.706298828125 749.507568359375 749.8536376953125 750.5614013671875 750.7939453125 751.1329345703125 752.27777099609375 753.76263427734375 753.31475830078125 753.5950927734375 752.56903076171875 751.8450927734375 -9999 -9999 -9999 -9999 -9999 -9999 -9999 -9999 -9999 -9999 -9999 -9999 -9999 -9999 -9999 -9999 -9999 749.41510009765625 750.33404541015625 -9999 -9999 -9999 -9999 -9999
743.99212646484375 744.08575439453125 743.9276123046875 743.84564208984375 743.320556640625 743.7032470703125 743.524658203125 744.14593505859375 744.17144775390625 744.840576171875 746.1800537109375 747.53619384765625 748.58636474609375 749.0826416015625 749.3919677734375 749.95281982421875 749.6678466796875 750.2398681640625 750.797607421875 751.6650390625 751.852294921875 752.44464111328125 752.60888671875 752.436767578125 752.20379638671875 -9999 -9999 -9999 -9999 -9999 -9999 -9999 -9999 -9999 -9999 -9999 -9999 749.96728515625 749.25640869140625 748.4061279296875 748.5919189453125 749.24029541015625 750.09954833984375 750.679443359375 750.91558837890625 750.89947509765625 750.40582275390625 749.4354248046875
743.506591796875 743.63311767578125 743.4591064453125 743.406005859375 742.97314453125 742.90338134765625 742.79339599609375 743.34613037109375 744.09588623046875 744.46978759765625 745.62054443359375 746.87335205078125 747.72784423828125 748.38067626953125 748.35943603515625 748.7869873046875 748.0897216796875 748.9552001953125 749.93902587890625 750.012939453125 750.9183349609375 751.923828125 752.70599365234375 752.6796875 752.29571533203125 751.84197998046875 751.845458984375 751.3494873046875 -9999 -9999 -9999 -9999 -9999 -9999 -9999 -9999 750.90277099609375 750.1826171875 748.7896728515625 747.5194091796875 748.4302978515625 749.5867919921875 750.093017578125 750.94512939453125 751.1068115234375 750.95025634765625 750.24365234375 749.52838134765625
743.1312255859375 743.0830078125 742.867431640625 742.86541748046875 742.502685546875 742.3790283203125 742.3216552734375 742.59564208984375 743.087890625 743.63140869140625 745.22418212890625 746.2454833984375 747.14996337890625 747.78533935546875 747.5469970703125 747.74359130859375 747.319091796875 747.91058349609375 748.678466796875 748.99560546875 750.04278564453125 751.55694580078125 752.8203125 752.7794189453125 752.31658935546875 752.00982666015625 751.9443359375 751.3424072265625 750.74346923828125 750.384033203125 750.39959716796875 753.84014892578125 757.28985595703125 755.4873046875 753.48980712890625 751.9754638671875 751.15802001953125 749.53021240234375 748.19879150390625 747.70245361328125 748.572998046875 749.57745361328125 750.4825439453125 750.8416748046875 751.0306396484375 750.6932373046875 750.1563720703125 749.02337646484375
742.76318359375 742.64044189453125 742.5198974609375 742.42681884765625 742.1539306640625 742.000732421875 741.8492431640625 742.08624267578125 742.47772216796875 742.8936767578125 744.67413330078125 745.61700439453125 746.55255126953125 746.98663330078125 746.7337646484375 746.74981689453125 746.3824462890625 746.87451171875 747.5333251953125 748.30255126953125 749.37225341796875 751.06884765625 752.7286376953125 752.9241943359375 752.4166259765625 752.12493896484375 751.843017578125 751.21875 750.53466796875 750.12310791015625 751.60125732421875 757.0089111328125 756.86846923828125 755.07342529296875 753.23431396484375 751.8056640625 751.054931640625 749.2864990234375 748.211669921875 747.61492919921875 748.46295166015625 749.632568359375 750.35491943359375 750.547119140625 750.683837890625 750.27581787109375 749.87939453125 748.66748046875
742.814697265625 742.58758544921875 742.35516357421875 742.37445068359375 741.92669677734375 741.75390625 741.6820068359375 741.7861328125 742.284912109375 742.7252197265625 743.29779052734375 744.2215576171875 745.66748046875 746.1094970703125 745.919921875 745.87115478515625 745.567626953125 745.898681640625 746.8878173828125 747.9759521484375 748.96038818359375 750.5579833984375 752.232421875 752.8408203125 752.615234375 752.27783203125 752.0035400390625 751.08905029296875 750.06622314453125 749.52618408203125 751.26776123046875 755.6009521484375 755.675048828125 754.27679443359375 752.9271240234375 751.841796875 751.0908203125 749.26373291015625 748.34619140625 -9999 -9999 -9999 -9999 -9999 750.36761474609375 749.8575439453125 749.43426513671875 748.2501220703125
742.63067626953125 742.34124755859375 742.3121337890625 742.302978515625 742.00482177734375 741.86065673828125 741.8812255859375 742.0032958984375 742.14605712890625 742.43359375 742.71441650390625 743.0489501953125 744.45849609375 745.00701904296875 744.9830322265625 744.99176025390625 744.7520751953125 745.101806640625 746.48065185546875 747.72076416015625 748.392333984375 749.98529052734375 751.64642333984375 752.695556640625 752.913330078125 752.4530029296875 752.28582763671875 751.21624755859375 749.9190673828125 748.99365234375 754.3651123046875 754.3922119140625 754.279541015625 753.37353515625 752.48870849609375 751.756591796875 751.0234375 749.282958984375 748.282958984375 -9999 -9999 -9999 -9999 -9999 -9999 -9999 -9999 746.77618408203125
741.52862548828125 741.37933349609375 741.42822265625 741.6202392578125 741.9139404296875 742.154541015625 742.39990234375 742.42236328125 742.28375244140625 742.1541748046875 741.98992919921875 742.0938720703125 742.248046875 742.43719482421875 742.58624267578125 743.61651611328125 743.91455078125 744.36114501953125 745.7635498046875 747.02740478515625 747.7789306640625 749.26611328125 750.853271484375 752.280517578125 752.886962890625 752.6405029296875 752.419677734375 751.53985595703125 750.4796142578125 753.9178466796875 754.03057861328125 752.9515380859375 752.531005859375 751.5032958984375 751.1376953125 750.7415771484375 750.270751953125 749.24505615234375 748.8203125 747.84283447265625 -9999 -9999 -9999 -9999 -9999 -9999 -9999 -9999
741.16619873046875 741.03631591796875 741.015625 741.0081787109375 741.62255859375 742.2254638671875 742.59686279296875 742.56842041015625 742.29437255859375 741.799072265625 741.62872314453125 741.737548828125 741.8612060546875 742.04119873046875 742.16754150390625 742.2501220703125 743.119140625 744.2196044921875 745.6793212890625 746.28204345703125 747.62261962890625 749.11968994140625 750.63128662109375 751.88818359375 752.20806884765625 752.1697998046875 752.087646484375 751.5166015625 750.45263671875 754.43115234375 754.1864013671875 752.7196044921875 751.97979736328125 751.1484375 750.531494140625 749.8349609375 749.27728271484375 748.81927490234375 748.52496337890625 747.89434814453125 747.58587646484375 -9999 -9999 -9999 -9999 -9999 -9999 -9999
741.03973388671875 740.8839111328125 740.47998046875 740.744384765625 741.513916015625 742.19586181640625 742.7318115234375 742.6524658203125 742.27484130859375 741.81036376953125 741.3819580078125 741.4415283203125 741.48394775390625 741.6549072265625 741.8092041015625 741.98797607421875 742.362548828125 743.76727294921875 745.6556396484375 746.241943359375 747.83306884765625 749.1561279296875 750.44317626953125 751.4952392578125 751.43109130859375 751.71490478515625 751.816162109375 751.320068359375 750.4249267578125 754.87744140625 754.56195068359375 752.79278564453125 752.01544189453125 751.0374755859375 750.21832275390625 749.1722412109375 748.6484375 748.1171875 748.045166015625 747.6767578125 747.83966064453125 748.59967041015625 -9999 -9999 -9999 -9999 -9999 -9999
740.9345703125 740.827392578125 740.5555419921875 740.7584228515625 741.2822265625 741.92169189453125 742.6212158203125 742.2921142578125 741.8905029296875 741.514892578125 741.073486328125 741.1448974609375 741.15087890625 741.305419921875 741.4500732421875 741.72381591796875 742.2470703125 743.18798828125 745.75360107421875 746.1722412109375 748.18035888671875 749.436767578125 749.8126220703125 750.55072021484375 750.330078125 750.76171875 751.1766357421875 751.20086669921875 753.1597900390625 756.10321044921875 754.87384033203125 753.04876708984375 752.3116455078125 751.23162841796875 750.31640625 748.937255859375 748.173583984375 747.13812255859375 747.19720458984375 747.56134033203125 748.09259033203125 749.17242431640625 -9999 -9999 -9999 -9999 -9999 -9999
740.5894775390625 740.59466552734375 740.6915283203125 740.7930908203125 741.232666015625 741.35345458984375 741.7752685546875 741.3795166015625 741.1695556640625 740.9737548828125 740.7467041015625 740.90850830078125 740.91845703125 741.0018310546875 741.2125244140625 741.45819091796875 742.1920166015625 743.15985107421875 745.009765625 745.87542724609375 748.02166748046875 749.349365234375 749.08563232421875 749.23822021484375 749.22662353515625 749.65252685546875 750.2303466796875 752.54498291015625 755.45263671875 755.48297119140625 755.3182373046875 753.732421875 753.00286865234375 751.608642578125 750.685546875 749.19091796875 748.09710693359375 746.664794921875 746.6544189453125 747.84222412109375 748.8955078125 749.9578857421875 -9999 -9999 -9999 -9999 -9999 -9999
740.0738525390625 740.1431884765625 740.35137939453125 740.67401123046875 740.82110595703125 740.784912109375 740.74969482421875 740.697265625 740.4700927734375 740.4359130859375 740.4632568359375 740.64422607421875 740.764404296875 740.8448486328125 740.915771484375 741.3349609375 742.0748291015625 743.04681396484375 745.38116455078125 746.18878173828125 747.33245849609375 749.01641845703125 747.921142578125 748.53704833984375 749.84197998046875 750.60552978515625 751.89605712890625 753.937744140625 754.346435546875 753.46923828125 754.35589599609375 754.2314453125 753.3887939453125 751.9847412109375 750.98223876953125 749.749755859375 748.0985107421875 746.45867919921875 746.84515380859375 748.49334716796875 749.513916015625 750.438232421875 750.44818115234375 -9999 -9999 -9999 -9999 -9999
739.4937744140625 739.4376220703125 739.98095703125 740.41314697265625 740.3558349609375 740.4547119140625 740.587158203125 740.5272216796875 740.3011474609375 740.2701416015625 740.46746826171875 740.6895751953125 740.7398681640625 740.98046875 741.11102294921875 741.3800048828125 742.2354736328125 743.2138671875 745.1416015625 745.88629150390625 746.8250732421875 746.9488525390625 746.58331298828125 748.46014404296875 752.50189208984375 752.275146484375 752.22320556640625 752.373779296875 752.15814208984375 751.943359375 751.7803955078125 753.486328125 753.3065185546875 752.12548828125 750.8839111328125 749.49041748046875 746.69000244140625 745.23162841796875 746.185791015625 749.04864501953125 749.9208984375 750.28643798828125 749.8006591796875 -9999 -9999 -9999 -9999 -9999
