INPUT/RASTER/ASCII/BIO19.asc
ncols        225
nrows        269
xllcorner    473009.983799999987
yllcorner    4429051.174800000153
cellsize     50.000000000000
NODATA_value  -9999
[rows 80 to 99 of 269, columns 90 to 134 of 225]
230.8444366455078125 231.28863525390625 231.1825103759765625 230.7171173095703125 230.3993072509765625 230.262908935546875 230.222900390625 230.2119598388671875 230.2198028564453125 230.2204132080078125 230.2246246337890625 230.189056396484375 230.0877838134765625 229.6972503662109375 228.70062255859375 227.4086151123046875 226.724945068359375 226.96453857421875 227.4996490478515625 227.7416839599609375 227.907135009765625 227.902557373046875 227.781646728515625 227.881744384765625 228.14459228515625 228.2503509521484375 228.241302490234375 -9999 -9999 -9999 -9999 228.1855316162109375 228.3811492919921875 228.6810150146484375 228.786163330078125 228.7553253173828125 229.03900146484375 229.370330810546875 229.569427490234375 229.7060394287109375 229.8075103759765625 -9999 -9999 -9999 -9999
230.290771484375 230.7016143798828125 230.7954559326171875 230.5782470703125 230.28887939453125 230.12066650390625 230.0967864990234375 230.101409912109375 230.1278533935546875 230.151031494140625 230.168975830078125 230.1062469482421875 229.9951171875 229.673248291015625 228.8636016845703125 227.4911346435546875 226.5195770263671875 226.734954833984375 227.6122589111328125 227.9533843994140625 228.0615386962890625 227.9708404541015625 227.831451416015625 227.8685760498046875 228.0244598388671875 228.1258392333984375 228.1277923583984375 228.0959320068359375 -9999 -9999 -9999 228.31109619140625 228.423675537109375 228.6778564453125 228.7034759521484375 228.6939544677734375 229.06707763671875 229.4457550048828125 229.591766357421875 229.65655517578125 229.72296142578125 -9999 -9999 -9999 -9999
229.764862060546875 230.09326171875 230.321990966796875 230.3318023681640625 230.1189422607421875 229.9676971435546875 229.9608917236328125 229.9866180419921875 230.033905029296875 230.064727783203125 230.058258056640625 229.9417877197265625 229.7909088134765625 229.4171600341796875 228.5556182861328125 227.2026824951171875 226.3777618408203125 226.8083648681640625 227.8838043212890625 228.260406494140625 228.306854248046875 228.1106719970703125 227.898529052734375 227.852447509765625 227.9078521728515625 227.9469451904296875 227.964385986328125 227.9244232177734375 227.8822174072265625 -9999 228.2449188232421875 228.3234405517578125 228.649871826171875 228.778076171875 228.708251953125 228.7113037109375 229.0833587646484375 229.4166107177734375 229.53033447265625 229.5458984375 229.6865997314453125 -9999 -9999 -9999 -9999
229.4886322021484375 229.652435302734375 229.776885986328125 229.8436126708984375 229.7980499267578125 229.7688140869140625 229.7778167724609375 229.821075439453125 229.88531494140625 229.929351806640625 229.89453125 229.7209320068359375 229.5142822265625 228.9753265380859375 227.902374267578125 226.7503204345703125 226.3343658447265625 227.037322998046875 228.135772705078125 228.4720916748046875 228.469024658203125 228.2166748046875 227.9542083740234375 227.8104400634765625 227.7954254150390625 227.79644775390625 227.7824554443359375 227.7312469482421875 227.6911163330078125 227.600555419921875 228.3227691650390625 228.4007110595703125 228.7586669921875 228.853057861328125 228.761932373046875 228.7890625 229.0787506103515625 229.3073883056640625 229.382537841796875 229.365264892578125 229.587860107421875 -9999 -9999 -9999 -9999
229.443878173828125 229.385040283203125 229.2749176025390625 229.3143768310546875 229.4209747314453125 229.5400238037109375 229.595306396484375 229.6220855712890625 229.6659393310546875 229.68304443359375 229.5980987548828125 229.356048583984375 229.0862579345703125 228.3802490234375 227.1628570556640625 226.32342529296875 226.3466949462890625 227.178863525390625 228.094146728515625 228.357391357421875 228.3588409423828125 228.1674957275390625 227.95111083984375 227.763916015625 227.6955413818359375 227.6784820556640625 227.6124420166015625 227.5154571533203125 227.4815826416015625 227.48968505859375 228.2626953125 228.329986572265625 228.66778564453125 228.8313446044921875 228.8062896728515625 228.8520965576171875 228.985015869140625 229.1063385009765625 229.1524658203125 229.1408538818359375 229.4433441162109375 -9999 -9999 -9999 -9999
229.4666748046875 229.1290130615234375 228.811767578125 228.8540802001953125 229.0514678955078125 229.2507171630859375 229.3211517333984375 229.339569091796875 229.3534698486328125 229.2667694091796875 229.0374755859375 228.6797943115234375 228.3448944091796875 227.5240478515625 226.3426971435546875 225.885833740234375 226.287445068359375 227.0309906005859375 227.61016845703125 227.82098388671875 227.9462890625 227.9484100341796875 227.848724365234375 227.7001800537109375 227.5915069580078125 227.525299072265625 227.3908843994140625 227.2503204345703125 227.193572998046875 227.1844024658203125 227.8605804443359375 228.1481475830078125 228.5391387939453125 228.76483154296875 228.78680419921875 228.8463287353515625 228.8724517822265625 228.903564453125 228.9674224853515625 229.0204925537109375 229.0166778564453125 -9999 -9999 -9999 -9999
229.1967315673828125 228.8593292236328125 228.5587921142578125 228.590850830078125 228.7655181884765625 228.945220947265625 229.0336151123046875 229.1059722900390625 229.116180419921875 228.887664794921875 228.39117431640625 227.83203125 227.4564666748046875 226.713714599609375 225.7889556884765625 225.6774444580078125 226.198394775390625 226.7717742919921875 227.14910888671875 227.347259521484375 227.591094970703125 227.759552001953125 227.786376953125 227.65899658203125 227.4803314208984375 227.352264404296875 227.2005157470703125 227.079437255859375 227.0796356201171875 227.3138885498046875 227.8242645263671875 228.1018524169921875 228.4233856201171875 228.6122589111328125 228.6876678466796875 228.7637481689453125 228.777587890625 228.787750244140625 228.866943359375 -9999 -9999 -9999 -9999 -9999 -9999
228.920196533203125 228.69366455078125 228.4332122802734375 228.413330078125 228.5003509521484375 228.6367645263671875 228.7819061279296875 228.9984893798828125 229.0258636474609375 228.596588134765625 227.8524017333984375 227.165863037109375 226.7274627685546875 226.1231689453125 225.4794921875 225.551177978515625 226.1079864501953125 226.608612060546875 226.9067840576171875 227.0755615234375 227.336669921875 227.5888519287109375 227.725067138671875 227.6276092529296875 227.408721923828125 227.2565155029296875 227.088623046875 227.01177978515625 227.0838623046875 227.3919677734375 227.8558197021484375 228.07763671875 228.25103759765625 228.3459930419921875 228.4556732177734375 228.5793304443359375 228.6447601318359375 228.7522125244140625 -9999 -9999 -9999 -9999 -9999 -9999 -9999
228.7180023193359375 228.5752410888671875 228.33502197265625 228.2577056884765625 228.2611846923828125 228.38812255859375 228.5994873046875 228.9506988525390625 228.9570159912109375 228.319244384765625 227.4407806396484375 226.735992431640625 226.2994384765625 225.8209991455078125 225.3400115966796875 225.3291015625 225.7976837158203125 226.34918212890625 226.6362762451171875 226.774505615234375 227.068145751953125 227.4427337646484375 227.65423583984375 227.553253173828125 227.3593292236328125 227.2056427001953125 227.053985595703125 227.039398193359375 227.1595916748046875 227.443084716796875 227.8069915771484375 227.9531707763671875 228.0078582763671875 228.0192413330078125 228.1190032958984375 228.323516845703125 228.5201568603515625 -9999 -9999 -9999 -9999 -9999 -9999 -9999 -9999
228.588531494140625 228.5289154052734375 228.3006744384765625 228.192779541015625 228.0849456787109375 228.22076416015625 228.468505859375 228.902374267578125 228.89990234375 228.1138916015625 227.1697540283203125 226.4859161376953125 226.0916900634765625 225.713592529296875 225.2923736572265625 225.09521484375 225.7045440673828125 226.303680419921875 226.3066253662109375 226.4029998779296875 226.7736053466796875 227.3043365478515625 227.5346527099609375 227.4219970703125 227.293792724609375 227.1655731201171875 227.047943115234375 227.0856781005859375 227.226470947265625 227.44183349609375 227.6660614013671875 227.735076904296875 227.706451416015625 227.665679931640625 227.7891998291015625 228.059234619140625 -9999 -9999 -9999 -9999 -9999 -9999 -9999 -9999 -9999
228.4041748046875 228.6072235107421875 -9999 -9999 228.0117950439453125 228.085906982421875 228.3349761962890625 228.7891845703125 228.80560302734375 227.95953369140625 226.96136474609375 226.297332763671875 225.9574432373046875 225.6537322998046875 225.257354736328125 224.8573760986328125 227.1212005615234375 227.6999053955078125 226.0246429443359375 225.973052978515625 226.4233856201171875 227.0026092529296875 227.1587677001953125 227.111175537109375 227.051300048828125 226.9976959228515625 227.00408935546875 227.1210784912109375 227.22857666015625 227.333221435546875 227.3862152099609375 227.3770294189453125 227.2941436767578125 227.2286834716796875 227.4573516845703125 227.8019561767578125 227.890777587890625 -9999 -9999 -9999 -9999 -9999 -9999 -9999 -9999
228.1278228759765625 -9999 -9999 -9999 227.7803497314453125 227.8095703125 228.02777099609375 228.3925628662109375 228.3763275146484375 227.5972137451171875 226.692108154296875 226.0935516357421875 225.802581787109375 225.5753631591796875 225.302032470703125 224.84234619140625 229.747467041015625 230.0840911865234375 225.8105010986328125 225.61773681640625 226.16265869140625 226.5877532958984375 226.4452056884765625 226.4618682861328125 226.5379486083984375 226.6019439697265625 226.83038330078125 227.108367919921875 227.17340087890625 227.1289825439453125 227.0240936279296875 226.9204559326171875 226.7530670166015625 226.6615447998046875 226.9515228271484375 227.3731536865234375 227.52044677734375 227.374542236328125 -9999 -9999 -9999 -9999 -9999 -9999 -9999
-9999 -9999 -9999 -9999 227.466339111328125 227.4856414794921875 227.6086273193359375 227.75836181640625 227.5964813232421875 226.9972686767578125 226.3725738525390625 225.9529876708984375 225.6832733154296875 225.572174072265625 225.46807861328125 225.1336669921875 229.611236572265625 229.4730987548828125 225.387176513671875 225.3856201171875 226.08465576171875 226.4023895263671875 225.82122802734375 225.5747833251953125 225.7503814697265625 225.9927825927734375 226.496246337890625 226.9863128662109375 227.1055450439453125 226.9884185791015625 226.8307037353515625 226.6827392578125 226.4862213134765625 226.3682403564453125 226.4752044677734375 226.8812255859375 227.188018798828125 227.374542236328125 -9999 -9999 -9999 -9999 -9999 -9999 -9999
-9999 -9999 -9999 -9999 227.307708740234375 227.312744140625 227.3246307373046875 227.285980224609375 227.070556640625 226.762054443359375 226.261138916015625 226.02978515625 225.6927490234375 225.64398193359375 225.5493621826171875 225.1991119384765625 226.9622955322265625 226.5494842529296875 224.7401885986328125 225.07708740234375 225.8886871337890625 226.14495849609375 225.2763214111328125 224.721893310546875 224.93084716796875 225.325164794921875 226.054290771484375 226.7235870361328125 226.9658660888671875 226.8858184814453125 226.727386474609375 226.5784454345703125 226.374725341796875 226.2371368408203125 226.2825469970703125 226.5697021484375 226.962249755859375 -9999 -9999 -9999 -9999 -9999 -9999 -9999 -9999
-9999 -9999 -9999 -9999 227.2197113037109375 227.1707763671875 227.1140289306640625 227.05029296875 226.8775482177734375 226.8106689453125 -9999 -9999 225.6828460693359375 225.65765380859375 225.5530853271484375 225.156524658203125 224.704620361328125 224.1792144775390625 224.2332305908203125 224.7743377685546875 225.549713134765625 225.6456451416015625 224.7142791748046875 224.1916046142578125 224.4489593505859375 224.8516387939453125 225.62835693359375 226.3986358642578125 226.7486114501953125 226.75494384765625 226.6258544921875 226.502288818359375 226.316925048828125 226.1537322998046875 226.1625823974609375 226.3740997314453125 -9999 -9999 -9999 -9999 -9999 -9999 -9999 -9999 -9999
228.553192138671875 -9999 -9999 -9999 227.2192535400390625 227.14288330078125 227.0697784423828125 227.0084381103515625 -9999 -9999 -9999 -9999 225.67919921875 225.6670074462890625 225.5400390625 225.2064666748046875 224.6070556640625 223.885223388671875 223.859130859375 224.2969970703125 224.8214874267578125 224.684417724609375 223.974945068359375 223.7554931640625 224.0722808837890625 224.515777587890625 225.3348541259765625 226.131866455078125 226.5299224853515625 226.57855224609375 226.460174560546875 226.3591461181640625 226.2192230224609375 226.0806121826171875 226.0675811767578125 226.15093994140625 -9999 -9999 -9999 -9999 -9999 -9999 -9999 -9999 -9999
228.613616943359375 228.622406005859375 -9999 -9999 -9999 -9999 -9999 -9999 -9999 -9999 -9999 -9999 225.6737213134765625 225.6407470703125 225.504119873046875 225.279998779296875 224.7370147705078125 223.8188629150390625 223.4153900146484375 223.5726318359375 223.7678680419921875 223.5826873779296875 223.308319091796875 223.4327545166015625 223.77935791015625 224.28851318359375 225.19647216796875 226.0177154541015625 226.3928070068359375 226.3981170654296875 226.2685089111328125 226.1817626953125 226.090057373046875 226.041351318359375 226.02276611328125 -9999 -9999 -9999 -9999 -9999 -9999 -9999 -9999 -9999 -9999
228.7259979248046875 228.71099853515625 -9999 -9999 -9999 -9999 -9999 -9999 -9999 -9999 -9999 -9999 225.638519287109375 225.573883056640625 225.4485931396484375 225.2740020751953125 224.76605224609375 223.82574462890625 223.170440673828125 223.0294952392578125 222.9541778564453125 222.8566131591796875 222.9476470947265625 223.2689361572265625 223.622802734375 224.1981048583984375 225.2070465087890625 226.013397216796875 226.3213348388671875 226.276458740234375 226.130889892578125 226.0302276611328125 225.936065673828125 -9999 -9999 -9999 -9999 -9999 -9999 -9999 -9999 -9999 -9999 -9999 -9999
228.917724609375 228.6705474853515625 -9999 -9999 -9999 -9999 -9999 -9999 -9999 -9999 -9999 225.7149810791015625 225.6514434814453125 225.5477752685546875 225.425140380859375 225.24261474609375 224.7388763427734375 223.8314208984375 223.1627655029296875 222.8745269775390625 222.6857452392578125 222.65802001953125 222.959686279296875 223.395233154296875 223.7366943359375 224.32000732421875 225.3114166259765625 226.012176513671875 226.2285003662109375 226.15582275390625 226.0181427001953125 225.9346923828125 225.8502349853515625 -9999 -9999 -9999 -9999 -9999 -9999 -9999 -9999 -9999 -9999 -9999 -9999
229.1850433349609375 228.7677764892578125 228.281402587890625 -9999 -9999 -9999 -9999 -9999 -9999 226.4090423583984375 226.109527587890625 225.8927459716796875 225.701751708984375 225.5551300048828125 225.406005859375 225.1540374755859375 224.6165618896484375 223.7728118896484375 223.26629638671875 222.875457763671875 222.6661224365234375 222.710205078125 223.26373291015625 223.9105682373046875 224.254638671875 224.7210693359375 225.4354248046875 225.8832855224609375 225.967071533203125 225.9439239501953125 225.8850555419921875 225.8210601806640625 -9999 -9999 -9999 -9999 -9999 -9999 -9999 -9999 -9999 -9999 -9999 -9999 -9999
