INPUT/RASTER/ASCII/BIO19.asc
ncols        225
nrows        269
xllcorner    473009.983799999987
yllcorner    4429051.174800000153
cellsize     50.000000000000
NODATA_value -9999
[rows 114 to 132 of 269, columns 0 to 43 of 225]
-9999 -9999 -9999 -9999 -9999 -9999 214.2620086669921875 215.2279815673828125 217.2391204833984375 218.9892425537109375 219.7133636474609375 220.419647216796875 220.6650543212890625 220.367523193359375 219.78631591796875 219.370880126953125 218.922332763671875 218.5269317626953125 219.308685302734375 221.0371551513671875 222.7057647705078125 223.536865234375 223.9864501953125 224.42633056640625 224.784423828125 225.4407501220703125 226.4543304443359375 227.177398681640625 227.6164093017578125 228.3981170654296875 229.182891845703125 229.874664306640625 230.27667236328125 230.4376373291015625 230.5387115478515625 230.70550537109375 230.9732818603515625 231.1511688232421875 230.9953765869140625 230.6868133544921875 230.4876861572265625 230.1523590087890625 229.83697509765625 229.60357666015625
-9999 -9999 -9999 -9999 -9999 -9999 214.3588409423828125 215.631927490234375 217.9817657470703125 219.280364990234375 219.82000732421875 220.282806396484375 220.199127197265625 219.49530029296875 218.578460693359375 218.14715576171875 217.95513916015625 218.171112060546875 219.443328857421875 221.4155731201171875 223.0113067626953125 223.637725830078125 223.79571533203125 223.88348388671875 223.9433135986328125 224.081298828125 224.6834716796875 225.4290924072265625 226.0921478271484375 227.2035064697265625 228.205657958984375 229.045013427734375 229.5092926025390625 229.7079925537109375 229.8478851318359375 230.0909881591796875 230.439849853515625 230.6590423583984375 230.55706787109375 230.3036346435546875 230.1070556640625 229.7953338623046875 229.4546966552734375 229.227447509765625
-9999 -9999 -9999 -9999 -9999 -9999 214.940032958984375 215.9806976318359375 217.94805908203125 218.9839935302734375 219.448028564453125 219.8261871337890625 219.3521728515625 218.1283721923828125 217.2181549072265625 217.20123291015625 217.739227294921875 218.77398681640625 220.213348388671875 221.797882080078125 222.9829864501953125 223.4194488525390625 223.48907470703125 223.4278564453125 223.201446533203125 222.7523193359375 222.686553955078125 223.205902099609375 223.901611328125 225.05511474609375 226.3257598876953125 227.6031341552734375 228.3186187744140625 228.708526611328125 229.0045318603515625 229.3193359375 229.71234130859375 229.964691162109375 230.115325927734375 230.0970458984375 229.923553466796875 229.689361572265625 229.3593292236328125 229.1007232666015625
-9999 -9999 -9999 -9999 -9999 -9999 215.1462860107421875 215.2119598388671875 216.0993499755859375 217.1971435546875 217.7947235107421875 218.1831817626953125 217.5016632080078125 217.4136810302734375 215.9406890869140625 216.7138214111328125 218.3094329833984375 219.8250274658203125 220.9736480712890625 221.99664306640625 222.822479248046875 223.146575927734375 223.1594696044921875 222.966888427734375 222.464752197265625 221.6518402099609375 221.0634307861328125 221.0270843505859375 221.2666778564453125 221.85009765625 223.1352691650390625 225.2114715576171875 226.7279510498046875 227.482421875 228.0518646240234375 228.667266845703125 229.0570526123046875 229.42559814453125 229.7793121337890625 229.6651458740234375 229.5265655517578125 229.40093994140625 229.06842041015625 228.72528076171875
-9999 -9999 -9999 -9999 -9999 -9999 -9999 214.8393096923828125 214.977447509765625 215.4196624755859375 215.7769622802734375 215.8868865966796875 218.2174530029296875 222.1358795166015625 217.116973876953125 217.2031707763671875 218.9950714111328125 220.4843902587890625 221.3917083740234375 222.1105194091796875 222.71893310546875 223.0032806396484375 223.0261688232421875 222.7447357177734375 222.004791259765625 220.941986083984375 220.121978759765625 219.8040313720703125 219.765716552734375 220.0347900390625 221.1008758544921875 223.3819427490234375 225.6491241455078125 226.8382568359375 227.5513916015625 228.21942138671875 228.5007171630859375 229.0064849853515625 229.2259979248046875 228.9703369140625 228.9121856689453125 228.9049530029296875 228.5845489501953125 228.102447509765625
-9999 -9999 -9999 -9999 -9999 -9999 -9999 -9999 214.462493896484375 214.47369384765625 214.4770355224609375 214.585601806640625 221.48687744140625 225.5753631591796875 217.9407958984375 217.66558837890625 219.3401336669921875 220.6943206787109375 221.5205078125 222.114013671875 222.605072021484375 222.9346466064453125 222.9640350341796875 222.595947265625 221.6754608154296875 220.412750244140625 219.4842987060546875 219.1298065185546875 219.094329833984375 219.406585693359375 220.4255218505859375 222.59649658203125 225.099639892578125 226.4951171875 227.1938323974609375 227.7337799072265625 227.962127685546875 228.348968505859375 228.38360595703125 228.2333221435546875 228.307342529296875 228.4406890869140625 228.197509765625 227.6088409423828125
-9999 -9999 -9999 -9999 -9999 -9999 -9999 -9999 214.243927001953125 214.226898193359375 213.9334564208984375 215.420257568359375 224.176544189453125 226.279510498046875 217.740081787109375 217.4119415283203125 219.1934356689453125 220.6028900146484375 221.4328155517578125 221.9414215087890625 222.322021484375 222.6566162109375 222.6815338134765625 222.2239532470703125 221.1943206787109375 219.8120574951171875 218.792144775390625 218.46087646484375 218.515838623046875 218.9972991943359375 220.1311187744140625 222.2191619873046875 224.688140869140625 226.086151123046875 226.6989593505859375 227.213043212890625 227.5693359375 227.63525390625 227.48126220703125 227.53692626953125 227.77325439453125 228.046051025390625 227.8783721923828125 227.3033447265625
-9999 -9999 -9999 -9999 -9999 -9999 -9999 -9999 -9999 -9999 213.762969970703125 221.5263214111328125 227.930999755859375 226.23876953125 217.09661865234375 216.6817169189453125 218.70758056640625 220.326446533203125 221.190032958984375 221.5708465576171875 221.69189453125 221.8241119384765625 221.794189453125 221.28839111328125 220.3008880615234375 218.98394775390625 218.0125885009765625 217.83740234375 218.030609130859375 218.7286376953125 220.0698089599609375 222.10687255859375 224.371337890625 225.68902587890625 226.2277069091796875 226.8516387939453125 227.320770263671875 227.0843658447265625 226.9266357421875 227.1405792236328125 227.453460693359375 227.746673583984375 227.545318603515625 227.045684814453125
-9999 -9999 -9999 -9999 -9999 -9999 -9999 -9999 -9999 -9999 -9999 229.7456817626953125 229.81695556640625 226.1158294677734375 216.7234954833984375 216.1795806884765625 218.339599609375 220.0556640625 220.8670654296875 220.9905548095703125 220.6587371826171875 220.3883514404296875 220.1483306884765625 219.6407318115234375 218.919158935546875 218.000640869140625 217.3628692626953125 217.349639892578125 217.669525146484375 218.6567230224609375 220.2235565185546875 222.2614898681640625 224.34527587890625 225.497650146484375 225.986724853515625 226.616943359375 226.9361114501953125 226.708831787109375 226.6053619384765625 226.775146484375 226.9866790771484375 227.1777801513671875 227.064788818359375 226.7270355224609375
-9999 -9999 -9999 -9999 -9999 -9999 -9999 -9999 -9999 -9999 -9999 -9999 229.7682952880859375 226.048492431640625 216.565582275390625 216.0697174072265625 218.23748779296875 219.9336700439453125 220.519500732421875 220.290069580078125 219.5343170166015625 218.8845672607421875 218.4132080078125 217.928314208984375 217.5114593505859375 217.110992431640625 216.8841094970703125 217.0018463134765625 217.4619598388671875 218.89508056640625 220.69622802734375 222.6514129638671875 224.537933349609375 225.463958740234375 225.99591064453125 226.50335693359375 226.543701171875 226.352325439453125 226.28460693359375 226.3623504638671875 226.4014434814453125 226.424957275390625 226.4731597900390625 226.361846923828125
-9999 -9999 -9999 -9999 -9999 -9999 -9999 -9999 -9999 -9999 -9999 -9999 229.869903564453125 222.5330810546875 215.7834320068359375 216.1437835693359375 218.263092041015625 219.852996826171875 220.213104248046875 219.7768096923828125 218.7548065185546875 217.85986328125 217.30859375 216.889495849609375 216.66632080078125 216.533233642578125 216.544189453125 216.779144287109375 217.3772430419921875 219.3154296875 221.404541015625 223.1324615478515625 224.7977752685546875 225.769073486328125 226.2532501220703125 226.42462158203125 226.3768463134765625 226.1523895263671875 225.9997711181640625 226.0492095947265625 226.0426177978515625 225.989166259765625 226.0723876953125 226.107147216796875
-9999 -9999 -9999 -9999 -9999 -9999 -9999 -9999 -9999 -9999 -9999 -9999 -9999 214.10455322265625 214.6762542724609375 215.992431640625 218.205718994140625 219.662384033203125 219.8895263671875 219.2808837890625 217.88482666015625 216.6671905517578125 216.1165313720703125 215.9233551025390625 215.987091064453125 216.0684051513671875 216.2713623046875 216.5876617431640625 217.431121826171875 219.9173126220703125 222.105987548828125 223.4289703369140625 224.878997802734375 225.9741058349609375 226.278472900390625 226.259368896484375 226.1721649169921875 225.8255615234375 225.601348876953125 225.6512298583984375 225.7008514404296875 225.7573394775390625 225.875396728515625 225.957061767578125
-9999 -9999 -9999 -9999 -9999 -9999 -9999 -9999 -9999 -9999 -9999 -9999 -9999 213.6615447998046875 214.2285308837890625 215.5071563720703125 217.6217498779296875 218.9687347412109375 219.0346832275390625 218.2713623046875 216.5968475341796875 215.18438720703125 214.80194091796875 215.0096435546875 215.4454498291015625 215.7772064208984375 216.182342529296875 216.6130828857421875 217.7488861083984375 220.411590576171875 222.407684326171875 223.50079345703125 224.88128662109375 225.799530029296875 225.9811553955078125 225.892791748046875 225.6879730224609375 225.3373565673828125 225.1876373291015625 225.2567901611328125 225.4142608642578125 225.686737060546875 225.861572265625 225.908111572265625
-9999 -9999 -9999 -9999 -9999 -9999 -9999 -9999 -9999 -9999 -9999 -9999 -9999 214.0976409912109375 214.2547149658203125 214.8773345947265625 216.42242431640625 217.47723388671875 217.2697296142578125 216.336273193359375 214.8560791015625 213.7953033447265625 213.79974365234375 214.4437255859375 215.1927337646484375 215.7441558837890625 216.249755859375 216.7462158203125 217.9518585205078125 220.45892333984375 222.33416748046875 223.5218963623046875 224.87017822265625 225.4891815185546875 225.5918121337890625 225.413421630859375 225.06951904296875 224.8763275146484375 224.9135589599609375 225.086944580078125 225.3158416748046875 225.6816864013671875 225.895294189453125 225.930450439453125
-9999 -9999 -9999 -9999 -9999 -9999 -9999 -9999 -9999 -9999 -9999 -9999 224.142181396484375 220.1029815673828125 214.62738037109375 214.2361602783203125 215.0963287353515625 215.5029296875 215.0350189208984375 214.320037841796875 213.67669677734375 213.451507568359375 213.8325958251953125 214.6964263916015625 215.5609893798828125 216.082061767578125 216.368865966796875 216.7111053466796875 217.72821044921875 220.0492095947265625 221.993988037109375 223.3639373779296875 224.5782623291015625 225.0731201171875 225.1815948486328125 224.9430694580078125 224.57110595703125 224.5263671875 224.795013427734375 225.1095428466796875 225.332550048828125 225.6550140380859375 225.8686370849609375 225.980255126953125
-9999 -9999 -9999 -9999 -9999 -9999 -9999 -9999 -9999 -9999 -9999 226.393829345703125 226.2583770751953125 218.1054229736328125 214.2024078369140625 214.17376708984375 214.535369873046875 214.5164031982421875 214.1305694580078125 214.1385040283203125 214.562103271484375 214.888824462890625 215.297515869140625 216.06072998046875 216.7937164306640625 216.93896484375 216.8626556396484375 217.00726318359375 217.5650787353515625 219.1819610595703125 221.1984100341796875 222.9499664306640625 224.0394134521484375 224.5639801025390625 224.7011871337890625 224.5004425048828125 224.2472381591796875 224.3090362548828125 224.747100830078125 225.1334228515625 225.305938720703125 225.532135009765625 225.724853515625 225.9088287353515625
-9999 -9999 -9999 -9999 -9999 -9999 -9999 -9999 -9999 -9999 226.439666748046875 226.2252197265625 224.2574920654296875 216.802886962890625 215.493316650390625 216.0140838623046875 216.008575439453125 215.7812042236328125 215.6655426025390625 216.1047515869140625 216.701873779296875 216.7872772216796875 216.89678955078125 217.4079437255859375 218.0467376708984375 218.141571044921875 218.103424072265625 218.341766357421875 218.800323486328125 219.7101593017578125 221.13653564453125 222.5330810546875 223.52166748046875 224.07037353515625 224.2486114501953125 224.14453125 224.0184326171875 224.1479644775390625 224.6030731201171875 225.0123291015625 225.17236328125 225.3444671630859375 225.51275634765625 225.7154388427734375
-9999 -9999 -9999 -9999 -9999 -9999 -9999 -9999 -9999 226.096221923828125 226.2435150146484375 224.7694244384765625 219.1363067626953125 216.1435089111328125 217.0231781005859375 217.5995330810546875 217.5112152099609375 217.3331298828125 217.4320068359375 217.941741943359375 218.3204345703125 218.10687255859375 217.9769744873046875 218.255859375 218.8798675537109375 219.2657470703125 219.570465087890625 219.9727783203125 220.4727783203125 221.20831298828125 221.7340087890625 222.3480072021484375 223.035003662109375 223.5378570556640625 223.7618255615234375 223.7867584228515625 223.743682861328125 223.911224365234375 224.338836669921875 224.7740631103515625 224.97088623046875 225.1573333740234375 225.325927734375 225.5123748779296875
-9999 -9999 -9999 -9999 -9999 -9999 -9999 -9999 -9999 225.9508819580078125 225.5806732177734375 221.64080810546875 216.6456298828125 216.6324615478515625 217.6067352294921875 217.98980712890625 218.031494140625 218.0692138671875 218.2990264892578125 218.6665191650390625 218.837677001953125 218.65478515625 218.53570556640625 218.722076416015625 219.2356719970703125 219.753082275390625 220.273284912109375 220.7357025146484375 221.3055419921875 222.1007080078125 222.3542327880859375 222.467498779296875 222.7589111328125 223.104034423828125 223.3367462158203125 223.4304962158203125 223.449005126953125 223.6592864990234375 224.0797576904296875 224.529510498046875 224.762542724609375 224.9803466796875 225.1461029052734375 225.296539306640625
