INPUT/RASTER/ASCII/BIO14.asc
ncols        225
nrows        269
xllcorner    473000.000000000000
yllcorner    4429100.000000000000
cellsize     50.000000000000
NODATA_value -9999
[rows 200 to 219 of 269, columns 132 to 175 of 225]
6.4799923896789550781 6.58477783203125 6.6613931655883789062 6.7858014106750488281 6.7675457000732421875 6.8332195281982421875 6.7997570037841796875 6.8166279792785644531 6.8505954742431640625 6.8286190032958984375 6.8371815681457519531 6.836330413818359375 6.8485746383666992188 6.853061676025390625 6.8714895248413085938 6.864231109619140625 6.8821153640747070312 6.8849406242370605469 6.8725805282592773438 6.8854398727416992188 6.8811316490173339844 6.8739938735961914062 6.8640279769897460938 6.860076904296875 6.8502893447875976562 6.8323068618774414062 6.805828094482421875 6.7835531234741210938 6.7641172409057617188 6.758129119873046875 6.7579717636108398438 6.7518339157104492188 6.7494854927062988281 6.7480902671813964844 6.7449622154235839844 6.742641448974609375 6.74155426025390625 6.7378315925598144531 6.7275061607360839844 6.7162499427795410156 6.68044281005859375 6.6528005599975585938 6.6478371620178222656 6.6551609039306640625
6.4899239540100097656 6.5780811309814453125 6.7013883590698242188 6.7942070960998535156 6.8309636116027832031 6.8482294082641601562 6.8514647483825683594 6.8535103797912597656 6.8495273590087890625 6.836719512939453125 6.82759857177734375 6.8309450149536132812 6.8376512527465820312 6.8387422561645507812 6.8510122299194335938 6.8489522933959960938 6.8596825599670410156 6.8646740913391113281 6.8610677719116210938 6.8649191856384277344 6.8571405410766601562 6.8558173179626464844 6.8428440093994140625 6.8426985740661621094 6.8342623710632324219 6.8219594955444335938 6.8091673851013183594 6.7869324684143066406 6.7678632736206054688 6.7569222450256347656 6.7557172775268554688 6.7504038810729980469 6.7462644577026367188 6.7476487159729003906 6.7482290267944335938 6.7488393783569335938 6.7463321685791015625 6.7454319000244140625 6.7344737052917480469 6.7285518646240234375 6.7036175727844238281 6.6607308387756347656 6.6540956497192382812 6.6493291854858398438
6.4774065017700195312 6.5515422821044921875 6.6731209754943847656 6.7506504058837890625 6.8120989799499511719 6.8235578536987304688 6.8499240875244140625 6.8554062843322753906 6.8399534225463867188 6.8250970840454101562 6.8161220550537109375 6.8192381858825683594 6.823272705078125 6.8244180679321289062 6.8357934951782226562 6.8374495506286621094 6.8462653160095214844 6.8522601127624511719 6.8504953384399414062 6.8543138504028320312 6.847499847412109375 6.8456478118896484375 6.8341341018676757812 6.8335795402526855469 6.8268785476684570312 6.82079315185546875 6.8103232383728027344 6.7914209365844726562 6.7711892127990722656 6.7566580772399902344 6.7545232772827148438 6.7492928504943847656 6.7441120147705078125 6.7460885047912597656 6.7502384185791015625 6.750446319580078125 6.7496762275695800781 6.7479739189147949219 6.7403535842895507812 6.728244781494140625 6.7102465629577636719 6.6730604171752929688 6.6632213592529296875 6.6452441215515136719
6.4531731605529785156 6.5212202072143554688 6.6272602081298828125 6.7061448097229003906 6.7826528549194335938 6.8026609420776367188 6.8395352363586425781 6.8510432243347167969 6.8294305801391601562 6.8089895248413085938 6.8008623123168945312 6.8038997650146484375 6.8090634346008300781 6.8119792938232421875 6.8231058120727539062 6.8297209739685058594 6.83785247802734375 6.8405427932739257812 6.8418092727661132812 6.8460850715637207031 6.8378553390502929688 6.8344736099243164062 6.8235311508178710938 6.8237624168395996094 6.8201360702514648438 6.8149003982543945312 6.808807373046875 6.7949604988098144531 6.774478912353515625 6.7577996253967285156 6.7542700767517089844 6.7478566169738769531 6.7419557571411132812 6.7427792549133300781 6.748287200927734375 6.7482700347900390625 6.7486448287963867188 6.74578857421875 6.7403807640075683594 6.7260446548461914062 6.7101125717163085938 6.6786050796508789062 6.6647849082946777344 6.6376218795776367188
6.4261460304260253906 6.4937276840209960938 6.5919971466064453125 6.6776947975158691406 6.764148712158203125 6.7930965423583984375 6.8291196823120117188 6.841808319091796875 6.8189039230346679688 6.7948455810546875 6.788433074951171875 6.7907271385192871094 6.7963109016418457031 6.8033156394958496094 6.8148627281188964844 6.8200998306274414062 6.8281574249267578125 6.8305082321166992188 6.8340635299682617188 6.8367862701416015625 6.829151153564453125 6.8225531578063964844 6.8138689994812011719 6.813343048095703125 6.8125391006469726562 6.8099470138549804688 6.8066654205322265625 6.7966070175170898438 6.778652191162109375 6.759563446044921875 6.7549581527709960938 6.74459075927734375 6.7397952079772949219 6.7399120330810546875 6.7436084747314453125 6.7460908889770507812 6.7462911605834960938 6.74359893798828125 6.7379846572875976562 6.7238407135009765625 6.7070298194885253906 6.6742420196533203125 6.6568975448608398438 6.6207494735717773438
6.4156198501586914062 6.4854993820190429688 6.5754208564758300781 6.6709690093994140625 6.7684545516967773438 6.7967538833618164062 6.8214154243469238281 6.8166828155517578125 6.7960925102233886719 6.7762703895568847656 6.7769446372985839844 6.7795629501342773438 6.7852315902709960938 6.7937040328979492188 6.805171966552734375 6.8133077621459960938 6.8193616867065429688 6.8218231201171875 6.8244242668151855469 6.8245916366577148438 6.818553924560546875 6.8106522560119628906 6.8060922622680664062 6.80638885498046875 6.8067121505737304688 6.8021574020385742188 6.800937652587890625 6.7935266494750976562 6.7773814201354980469 6.7579102516174316406 6.7518634796142578125 6.7406492233276367188 6.7376308441162109375 6.7374429702758789062 6.7385420799255371094 6.7420177459716796875 6.7439332008361816406 6.7395162582397460938 6.7349367141723632812 6.7206878662109375 6.6993117332458496094 6.6644153594970703125 6.64617156982421875 6.6074328422546386719
6.4098515510559082031 6.4816732406616210938 6.577335357666015625 6.6774644851684570312 6.7820706367492675781 6.8070197105407714844 6.8111715316772460938 6.7774863243103027344 6.7608499526977539062 6.7484521865844726562 6.7558460235595703125 6.7573862075805664062 6.7649340629577636719 6.7744679450988769531 6.7848315238952636719 6.7968802452087402344 6.804576873779296875 6.8065152168273925781 6.8079700469970703125 6.8064823150634765625 6.8020725250244140625 6.7979626655578613281 6.7952518463134765625 6.7937192916870117188 6.7937669754028320312 6.7941236495971679688 6.7907967567443847656 6.7864098548889160156 6.7731156349182128906 6.7537980079650878906 6.7456631660461425781 6.7339119911193847656 6.7295131683349609375 6.7288889884948730469 6.7311081886291503906 6.7329168319702148438 6.7349934577941894531 6.7351193428039550781 6.726715087890625 6.7020902633666992188 6.6642580032348632812 6.6203899383544921875 6.6067609786987304688 6.5989365577697753906
6.4417595863342285156 6.5033268928527832031 6.5901780128479003906 6.6753306388854980469 6.7659502029418945312 6.789752960205078125 6.7804288864135742188 6.7581038475036621094 6.7455844879150390625 6.7373185157775878906 6.74434661865234375 6.7453784942626953125 6.7537026405334472656 6.7620110511779785156 6.7736716270446777344 6.7872438430786132812 6.7946934700012207031 6.800609588623046875 6.8036665916442871094 6.8010554313659667969 6.7971334457397460938 6.7911062240600585938 6.7884097099304199219 6.7878923416137695312 6.7874193191528320312 6.7872676849365234375 6.7898998260498046875 6.7870969772338867188 6.7765150070190429688 6.7584972381591796875 6.7510600090026855469 6.7317824363708496094 6.728282928466796875 6.7263231277465820312 6.7260174751281738281 6.7278885841369628906 6.7283663749694824219 6.7281918525695800781 6.7215304374694824219 6.6960926055908203125 6.6408796310424804688 6.5911297798156738281 6.5913014411926269531 6.60108184814453125
6.448261260986328125 6.5058531761169433594 6.5862646102905273438 6.67047882080078125 6.7500929832458496094 6.7678890228271484375 6.7577624320983886719 6.7384901046752929688 6.7312602996826171875 6.7261762619018554688 6.73473358154296875 6.7344903945922851562 6.7414603233337402344 6.7514400482177734375 6.7610311508178710938 6.7776041030883789062 6.7867417335510253906 6.7937955856323242188 6.7945704460144042969 6.7940258979797363281 6.7931356430053710938 6.7869324684143066406 6.7862873077392578125 6.7856011390686035156 6.7851195335388183594 6.7851314544677734375 6.78922271728515625 6.7896709442138671875 6.7747874259948730469 6.7537174224853515625 6.7470064163208007812 6.725383758544921875 6.7213811874389648438 6.720516204833984375 6.7231898307800292969 6.7198185920715332031 6.7187967300415039062 6.719371795654296875 6.7133374214172363281 6.6910371780395507812 6.6324138641357421875 6.5856752395629882812 6.5833959579467773438 6.5910625457763671875
6.4557037353515625 6.5026993751525878906 6.5785932540893554688 6.6675128936767578125 6.7353892326354980469 6.75357818603515625 6.7438235282897949219 6.7257161140441894531 6.718822479248046875 6.7149014472961425781 6.7232275009155273438 6.72211456298828125 6.7297372817993164062 6.7418103218078613281 6.7502264976501464844 6.7670168876647949219 6.7762241363525390625 6.7850880622863769531 6.7865200042724609375 6.786701202392578125 6.7863001823425292969 6.7829289436340332031 6.7841615676879882812 6.7827219963073730469 6.7828083038330078125 6.7829923629760742188 6.7856268882751464844 6.7875180244445800781 6.7718949317932128906 6.7408270835876464844 6.7353925704956054688 6.714618682861328125 6.7116422653198242188 6.7116551399230957031 6.7172155380249023438 6.714160919189453125 6.7128729820251464844 6.7114930152893066406 6.7044515609741210938 6.6897559165954589844 6.6535344123840332031 6.6092190742492675781 6.5953259468078613281 6.5892181396484375
6.4518065452575683594 6.49529266357421875 6.5626454353332519531 6.6494293212890625 6.7109432220458984375 6.7392644882202148438 6.7287206649780273438 6.7149376869201660156 6.7101602554321289062 6.7065639495849609375 6.7136077880859375 6.7105207443237304688 6.7180280685424804688 6.729343414306640625 6.7388834953308105469 6.755481719970703125 6.764965057373046875 6.7754335403442382812 6.7763433456420898438 6.7784209251403808594 6.7794618606567382812 6.7760386466979980469 6.7791996002197265625 6.7769217491149902344 6.7787113189697265625 6.7808504104614257812 6.7809362411499023438 6.7863063812255859375 6.7753510475158691406 6.7358961105346679688 6.7256650924682617188 6.7047786712646484375 6.7066240310668945312 6.7052712440490722656 6.7084035873413085938 6.7067799568176269531 6.7058835029602050781 6.7045564651489257812 6.6949892044067382812 6.6865835189819335938 6.6671519279479980469 6.6380743980407714844 6.62236785888671875 6.5992994308471679688
6.4336729049682617188 6.4963183403015136719 6.53650665283203125 6.6029300689697265625 6.6854124069213867188 6.6970043182373046875 6.7081623077392578125 6.70489501953125 6.6995220184326171875 6.6979289054870605469 6.6997518539428710938 6.70178985595703125 6.7060837745666503906 6.7139434814453125 6.7274732589721679688 6.7414789199829101562 6.7564320564270019531 6.7600007057189941406 6.7688188552856445312 6.7693462371826171875 6.7687253952026367188 6.7671642303466796875 6.7684431076049804688 6.7691850662231445312 6.7716169357299804688 6.7767958641052246094 6.7802548408508300781 6.7850923538208007812 6.7729673385620117188 6.7333707809448242188 6.723491668701171875 6.6980032920837402344 6.69876861572265625 6.69606781005859375 6.7043123245239257812 6.6925721168518066406 6.6904387474060058594 6.6957268714904785156 6.6823010444641113281 6.6815176010131835938 6.6660094261169433594 6.6500983238220214844 6.63901519775390625 6.6225347518920898438
6.412567138671875 6.4650683403015136719 6.5312104225158691406 6.57422637939453125 6.6446280479431152344 6.65647125244140625 6.6844310760498046875 6.6831250190734863281 6.6735897064208984375 6.6849260330200195312 6.6781520843505859375 6.687389373779296875 6.6937232017517089844 6.6936159133911132812 6.7137227058410644531 6.7206468582153320312 6.7417144775390625 6.74150848388671875 6.7555418014526367188 6.7578434944152832031 6.752079010009765625 6.7567996978759765625 6.7536520957946777344 6.7608156204223632812 6.7664084434509277344 6.7711019515991210938 6.7804150581359863281 6.7840709686279296875 6.7593932151794433594 6.7249965667724609375 6.7134680747985839844 6.6892786026000976562 6.683048248291015625 6.6824936866760253906 6.6732888221740722656 6.6712188720703125 6.6661376953125 6.6660838127136230469 6.6660394668579101562 6.6631731986999511719 6.6546497344970703125 6.6514940261840820312 6.650390625 6.642364501953125
6.427547454833984375 6.4658308029174804688 6.5361571311950683594 6.593914031982421875 6.6361355781555175781 6.6496992111206054688 6.6659646034240722656 6.6658568382263183594 6.6630234718322753906 6.6696405410766601562 6.6666302680969238281 6.6719231605529785156 6.6794724464416503906 6.6839685440063476562 6.7009415626525878906 6.7138209342956542969 6.7317805290222167969 6.7365636825561523438 6.7449550628662109375 6.7464776039123535156 6.7423925399780273438 6.7468018531799316406 6.7496204376220703125 6.7525925636291503906 6.7594738006591796875 6.7663183212280273438 6.7786574363708496094 6.790599822998046875 6.7613997459411621094 6.7196054458618164062 6.7062702178955078125 6.6800770759582519531 6.664485931396484375 6.6634049415588378906 6.6548566818237304688 6.6584820747375488281 6.6540751457214355469 6.6509356498718261719 6.6553959846496582031 6.6517815589904785156 6.6526808738708496094 6.6521959304809570312 6.6488962173461914062 6.6052794456481933594
6.47275543212890625 6.4924788475036621094 6.5558724403381347656 6.61737823486328125 6.6418967247009277344 6.648593902587890625 6.65534210205078125 6.6540818214416503906 6.6515092849731445312 6.6553139686584472656 6.6513271331787109375 6.6578474044799804688 6.6677350997924804688 6.6752634048461914062 6.6928424835205078125 6.708881378173828125 6.7252087593078613281 6.7316160202026367188 6.7408423423767089844 6.7411031723022460938 6.7374272346496582031 6.7395410537719726562 6.7427520751953125 6.7475275993347167969 6.7561573982238769531 6.76416015625 6.7789106369018554688 6.7903165817260742188 6.7588229179382324219 6.7120723724365234375 6.6965265274047851562 6.6706137657165527344 6.6528382301330566406 6.6502776145935058594 6.64225006103515625 6.6459064483642578125 6.6473050117492675781 6.6439828872680664062 6.6477112770080566406 6.6495370864868164062 6.6547598838806152344 6.6476879119873046875 6.6164059638977050781 6.4967389106750488281
6.5207943916320800781 6.5291280746459960938 6.5766072273254394531 6.62572479248046875 6.6429042816162109375 6.645595550537109375 6.6443734169006347656 6.6416692733764648438 6.638103485107421875 6.6363162994384765625 6.6303534507751464844 6.6395616531372070312 6.6534709930419921875 6.6646671295166015625 6.6868686676025390625 6.7020511627197265625 6.71956634521484375 6.726665496826171875 6.7355742454528808594 6.7342538833618164062 6.7305698394775390625 6.7323551177978515625 6.7406053543090820312 6.7446498870849609375 6.753864288330078125 6.7619991302490234375 6.775089263916015625 6.7711381912231445312 6.7431077957153320312 6.6972393989562988281 6.6848917007446289062 6.6617598533630371094 6.6449680328369140625 6.6361174583435058594 6.6286973953247070312 6.6319136619567871094 6.6371531486511230469 6.6379723548889160156 6.6412320137023925781 6.65106964111328125 6.6485853195190429688 6.6184034347534179688 6.564075469970703125 6.4270977973937988281
6.5659971237182617188 6.5657820701599121094 6.5980782508850097656 6.6331233978271484375 6.6365771293640136719 6.6350374221801757812 6.6352362632751464844 6.630950927734375 6.6284737586975097656 6.6212048530578613281 6.6169342994689941406 6.6231446266174316406 6.6405792236328125 6.6540675163269042969 6.67818450927734375 6.6952176094055175781 6.7105016708374023438 6.7151002883911132812 6.7237505912780761719 6.7229900360107421875 6.7218213081359863281 6.7266902923583984375 6.735622406005859375 6.740734100341796875 6.7515573501586914062 6.7598371505737304688 6.7696738243103027344 6.7566804885864257812 6.7263522148132324219 6.6885728836059570312 6.6770334243774414062 6.6554212570190429688 6.636150360107421875 6.6204981803894042969 6.6085290908813476562 6.6110463142395019531 6.6208357810974121094 6.6329045295715332031 6.6395754814147949219 6.6365399360656738281 6.6134061813354492188 6.5317301750183105469 6.4626188278198242188 6.4108324050903320312
6.6055278778076171875 6.6028566360473632812 6.620136260986328125 6.6291832923889160156 6.6259608268737792969 6.6254215240478515625 6.6233034133911132812 6.6200132369995117188 6.6188416481018066406 6.6096682548522949219 6.6072916984558105469 6.6100564002990722656 6.6264142990112304688 6.6444101333618164062 6.6663918495178222656 6.683658599853515625 6.7012181282043457031 6.7063665390014648438 6.7087755203247070312 6.7085661888122558594 6.7111811637878417969 6.7200670242309570312 6.7325258255004882812 6.7362413406372070312 6.74788665771484375 6.757671356201171875 6.7656607627868652344 6.746944427490234375 6.7178049087524414062 6.6873517036437988281 6.6757855415344238281 6.6473388671875 6.6254415512084960938 6.6005930900573730469 6.5675754547119140625 6.5660448074340820312 6.5735583305358886719 6.5994939804077148438 6.6294693946838378906 6.59461212158203125 6.5281414985656738281 6.4259796142578125 6.3970584869384765625 6.4280786514282226562
6.6223850250244140625 6.6162843704223632812 6.6198143959045410156 6.6224069595336914062 6.6143527030944824219 6.6167473793029785156 6.6141643524169921875 6.6079258918762207031 6.6063733100891113281 6.5923709869384765625 6.5900897979736328125 6.592189788818359375 6.6104984283447265625 6.6251964569091796875 6.6406507492065429688 6.669036865234375 6.6889553070068359375 6.6907825469970703125 6.6842541694641113281 6.6815671920776367188 6.6898946762084960938 6.7027521133422851562 6.7187709808349609375 6.7235727310180664062 6.7357335090637207031 6.746723175048828125 6.7504048347473144531 6.7369136810302734375 6.7067661285400390625 6.6746602058410644531 6.6647815704345703125 6.6351222991943359375 6.6134648323059082031 6.5593905448913574219 6.4081974029541015625 6.3638439178466796875 6.3547797203063964844 6.416469573974609375 6.4918413162231445312 6.4578480720520019531 6.3939051628112792969 6.3738780021667480469 6.3811850547790527344 6.512054443359375
6.6050767898559570312 6.5932717323303222656 6.58475494384765625 6.5861749649047851562 6.5859923362731933594 6.5946702957153320312 6.5964131355285644531 6.5905270576477050781 6.5861530303955078125 6.57355499267578125 6.5707945823669433594 6.5725541114807128906 6.5893082618713378906 6.6069250106811523438 6.6258244514465332031 6.6621952056884765625 6.6807808876037597656 6.6829881668090820312 6.6708312034606933594 6.6707906723022460938 6.6801929473876953125 6.6911706924438476562 6.7100009918212890625 6.7145180702209472656 6.7264780998229980469 6.7379403114318847656 6.7444577217102050781 6.7309513092041015625 6.6977987289428710938 6.6652913093566894531 6.6578602790832519531 6.6329617500305175781 6.609363555908203125 6.5332846641540527344 6.3710174560546875 6.3253512382507324219 6.3064298629760742188 6.3556580543518066406 6.3859057426452636719 6.3922977447509765625 6.3925690650939941406 6.4513368606567382812 6.4762172698974609375 6.5814085006713867188
