INPUT/RASTER/ASCII/BIO13.asc
ncols        225
nrows        269
xllcorner    473009.983799999987
yllcorner    4429051.174800000153
cellsize     50.000000000000
NODATA_value -9999
[rows 133 to 151 of 269, columns 129 to 171 of 225]
109.65955352783203125 109.417633056640625 109.19640350341796875 109.07096099853515625 108.92470550537109375 108.7925872802734375 108.71477508544921875 108.60710906982421875 108.52263641357421875 108.50289154052734375 108.46675872802734375 108.39528656005859375 108.2135162353515625 108.07588958740234375 107.9867401123046875 107.9179534912109375 107.88426971435546875 107.83757781982421875 107.78643798828125 107.79392242431640625 107.93311309814453125 108.02936553955078125 108.03147125244140625 107.99912261962890625 107.882568359375 107.64551544189453125 107.40479278564453125 107.320526123046875 107.3098907470703125 107.2803192138671875 107.2034912109375 107.08243560791015625 106.9455413818359375 106.8066253662109375 106.720489501953125 106.62424468994140625 106.52965545654296875 106.4644622802734375 106.412994384765625 106.32353973388671875 106.205108642578125 106.03702545166015625 105.7482452392578125
109.39275360107421875 109.2244110107421875 109.06304168701171875 108.96856689453125 108.85778045654296875 108.76019287109375 108.70406341552734375 108.65956878662109375 108.6197357177734375 108.59398651123046875 108.56272125244140625 108.52281951904296875 108.43634796142578125 108.343597412109375 108.1555328369140625 108.00374603271484375 107.95827484130859375 107.85833740234375 107.79195404052734375 107.81797027587890625 107.9495697021484375 108.0098419189453125 107.98925018310546875 107.96228790283203125 107.880126953125 107.68819427490234375 107.439666748046875 107.26552581787109375 107.19455718994140625 107.12046051025390625 107.04952239990234375 106.95708465576171875 106.8392333984375 106.70734405517578125 106.6196746826171875 106.4995269775390625 106.3837890625 106.3219757080078125 106.29026031494140625 106.22406768798828125 106.1365966796875 105.98931884765625 105.7173614501953125
109.22068023681640625 109.08438873291015625 108.96254730224609375 108.88668060302734375 108.80475616455078125 108.7262725830078125 108.68126678466796875 108.656463623046875 108.6270294189453125 108.5979766845703125 108.56280517578125 108.5185546875 108.4708404541015625 108.41640472412109375 108.3173065185546875 108.2430572509765625 108.200286865234375 108.0250244140625 107.9158477783203125 107.93053436279296875 107.973876953125 107.98736572265625 107.96006011962890625 107.92894744873046875 107.8805999755859375 107.74039459228515625 107.47265625 107.22069549560546875 107.10605621337890625 106.99249267578125 106.91587066650390625 106.8424072265625 106.7294921875 106.573272705078125 106.46599578857421875 106.32407379150390625 106.2020721435546875 106.16266632080078125 106.15508270263671875 106.11639404296875 106.0540313720703125 105.9102935791015625 105.67758941650390625
109.11829376220703125 108.98889923095703125 108.888885498046875 108.8273468017578125 108.75400543212890625 108.68576812744140625 108.6537628173828125 108.64031982421875 108.6086883544921875 108.57787322998046875 108.54161834716796875 108.49169921875 108.43608856201171875 108.38701629638671875 108.33913421630859375 108.29732513427734375 108.268829345703125 108.18279266357421875 108.09288787841796875 108.02646636962890625 107.9786376953125 107.96489715576171875 107.93556976318359375 107.90142822265625 107.87299346923828125 107.7678985595703125 107.4873504638671875 107.17682647705078125 107.03134918212890625 106.89177703857421875 106.80561065673828125 106.7341766357421875 106.6146697998046875 106.42945098876953125 106.30027008056640625 106.1429290771484375 106.029083251953125 106.003570556640625 106.015655517578125 105.99942779541015625 105.95212554931640625 105.8285369873046875 105.63445281982421875
109.04195404052734375 108.91466522216796875 108.8259735107421875 108.7755279541015625 108.7059783935546875 108.647979736328125 108.6321563720703125 108.617706298828125 108.57755279541015625 108.5475921630859375 108.5120086669921875 108.461761474609375 108.40554046630859375 108.35951995849609375 108.3165435791015625 108.27808380126953125 108.25206756591796875 108.2041778564453125 108.12928009033203125 108.04936981201171875 107.98189544677734375 107.9580078125 107.91953277587890625 107.8786163330078125 107.84868621826171875 107.74803924560546875 107.4802398681640625 107.16165924072265625 106.9966278076171875 106.8248748779296875 106.711181640625 106.6215362548828125 106.4819183349609375 106.2724456787109375 106.1304931640625 105.97109222412109375 105.87117767333984375 105.85861968994140625 105.8852386474609375 105.88210296630859375 105.85253143310546875 105.76622772216796875 105.6044921875
108.94477081298828125 108.83502197265625 108.76480865478515625 108.72669219970703125 108.67071533203125 108.62508392333984375 108.61045074462890625 108.5825653076171875 108.5361785888671875 108.5074920654296875 108.47238922119140625 108.423553466796875 108.37494659423828125 108.3270263671875 108.2790069580078125 108.24167633056640625 108.21472930908203125 108.1645355224609375 108.09227752685546875 108.0286712646484375 107.98128509521484375 107.9635162353515625 107.9153289794921875 107.85305023193359375 107.79470062255859375 107.68414306640625 107.45880889892578125 107.1876678466796875 107.0207977294921875 106.80532073974609375 106.608551025390625 106.4508819580078125 106.27431488037109375 106.0506134033203125 105.9183349609375 105.78446197509765625 105.702423095703125 105.706817626953125 105.738037109375 105.74803924560546875 105.73450469970703125 105.683563232421875 105.56116485595703125
108.83779144287109375 108.75598907470703125 108.70850372314453125 108.68068695068359375 108.64070892333984375 108.60613250732421875 108.5821075439453125 108.5403594970703125 108.49469757080078125 108.46205902099609375 108.42548370361328125 108.37693023681640625 108.3301544189453125 108.28143310546875 108.23235321044921875 108.19477081298828125 108.1665191650390625 108.11829376220703125 108.0514984130859375 107.99208831787109375 107.9464874267578125 107.92899322509765625 107.9056396484375 107.83650970458984375 107.745208740234375 107.6285552978515625 107.45783233642578125 107.25705718994140625 107.09295654296875 106.824859619140625 106.52201080322265625 106.23270416259765625 105.987518310546875 105.77117919921875 105.66411590576171875 105.57989501953125 105.53546905517578125 105.5450439453125 105.57048797607421875 105.5855865478515625 105.57262420654296875 105.53063201904296875 105.4377899169921875
108.78330230712890625 108.71918487548828125 108.67685699462890625 108.64951324462890625 108.6102752685546875 108.5795440673828125 108.55197906494140625 108.50855255126953125 108.4630584716796875 108.43007659912109375 108.39327239990234375 108.34436798095703125 108.29633331298828125 108.24852752685546875 108.20214080810546875 108.16411590576171875 108.12860870361328125 108.087158203125 108.03284454345703125 107.9747314453125 107.92528533935546875 107.9127349853515625 107.88338470458984375 107.826995849609375 107.76241302490234375 107.65834808349609375 107.5034942626953125 107.320770263671875 107.16130828857421875 106.87036895751953125 106.49001312255859375 106.08905792236328125 105.794647216796875 105.60645294189453125 105.51557159423828125 105.449462890625 105.43310546875 105.4486083984375 105.4694366455078125 105.4714202880859375 105.44149017333984375 105.3690948486328125 105.2791900634765625
108.74829864501953125 108.6937103271484375 108.657440185546875 108.62841033935546875 108.58327484130859375 108.55100250244140625 108.52336883544921875 108.4799652099609375 108.43448638916015625 108.40155029296875 108.3645782470703125 108.3133544921875 108.2570343017578125 108.21302032470703125 108.173004150390625 108.13373565673828125 108.09035491943359375 108.0517730712890625 107.98970794677734375 107.92957305908203125 107.88474273681640625 107.87021636962890625 107.84912109375 107.80239105224609375 107.7588958740234375 107.69219207763671875 107.5665283203125 107.38451385498046875 107.21808624267578125 106.9104156494140625 106.48537445068359375 106.002166748046875 105.65435028076171875 105.475372314453125 105.4017486572265625 105.34276580810546875 105.31667327880859375 105.33618927001953125 105.35688018798828125 105.34883880615234375 105.30922698974609375 105.21721649169921875 105.12404632568359375
108.7207489013671875 108.67542266845703125 108.6492156982421875 108.6188507080078125 108.5635528564453125 108.52390289306640625 108.4942169189453125 108.45082855224609375 108.40535736083984375 108.372467041015625 108.33502960205078125 108.27782440185546875 108.209136962890625 108.1635284423828125 108.12841033935546875 108.0914154052734375 108.0510101318359375 108.01949310302734375 107.95874786376953125 107.893218994140625 107.845245361328125 107.8218994140625 107.8059539794921875 107.77062225341796875 107.73331451416015625 107.69488525390625 107.61395263671875 107.4615478515625 107.283599853515625 106.937957763671875 106.47263336181640625 105.94647216796875 105.5623779296875 105.36905670166015625 105.2956695556640625 105.23736572265625 105.20044708251953125 105.210174560546875 105.18587493896484375 105.175628662109375 105.13976287841796875 105.03314971923828125 104.95322418212890625
108.70861053466796875 108.6664276123046875 108.63372039794921875 108.6054229736328125 108.55661773681640625 108.50041961669921875 108.4614715576171875 108.41777801513671875 108.3721923828125 108.33928680419921875 108.2996978759765625 108.23197174072265625 108.1602783203125 108.11005401611328125 108.0703125 108.04015350341796875 108.0081787109375 107.986419677734375 107.93854522705078125 107.8677978515625 107.80910491943359375 107.7801666259765625 107.76009368896484375 107.7281646728515625 107.6917266845703125 107.65863037109375 107.59996795654296875 107.48590850830078125 107.32714080810546875 106.96784210205078125 106.45810699462890625 105.9019927978515625 105.50147247314453125 105.28720855712890625 105.1965789794921875 105.11202239990234375 105.0505828857421875 105.0242767333984375 104.9490203857421875 104.915771484375 104.87329864501953125 104.7705078125 104.72216033935546875
108.686126708984375 108.6326141357421875 108.59299468994140625 108.5689697265625 108.53066253662109375 108.4714508056640625 108.42350006103515625 108.37827301025390625 108.33086395263671875 108.29693603515625 108.25174713134765625 108.17832183837890625 108.1150970458984375 108.06464385986328125 108.0199432373046875 107.99330902099609375 107.96100616455078125 107.9385223388671875 107.90207672119140625 107.83599090576171875 107.76934814453125 107.733489990234375 107.7147979736328125 107.68029022216796875 107.6454925537109375 107.6056976318359375 107.54369354248046875 107.44445037841796875 107.31858062744140625 106.9952545166015625 106.4721221923828125 105.8756866455078125 105.45055389404296875 105.2105560302734375 105.0867919921875 104.94808197021484375 104.81586456298828125 104.75321197509765625 104.683837890625 104.63459014892578125 104.60405731201171875 104.533416748046875 104.4670562744140625
108.631988525390625 108.567657470703125 108.5345458984375 108.5178680419921875 108.483734130859375 108.43297576904296875 108.3810272216796875 108.33306121826171875 108.2803497314453125 108.24312591552734375 108.19122314453125 108.12294769287109375 108.0681915283203125 108.01683807373046875 107.97198486328125 107.946075439453125 107.910125732421875 107.87653350830078125 107.8438873291015625 107.79032135009765625 107.7254180908203125 107.6856842041015625 107.664947509765625 107.63262939453125 107.607452392578125 107.56281280517578125 107.48992919921875 107.3933868408203125 107.27758026123046875 106.9725799560546875 106.44258880615234375 105.82703399658203125 105.38286590576171875 105.13323974609375 104.9754180908203125 104.76795196533203125 104.59746551513671875 104.5277099609375 104.44864654541015625 104.41207122802734375 104.41313934326171875 104.37952423095703125 104.3226318359375
108.5702972412109375 108.514739990234375 108.4919281005859375 108.48294830322265625 108.45014190673828125 108.39849853515625 108.3447265625 108.2949066162109375 108.236724853515625 108.194915771484375 108.13869476318359375 108.07732391357421875 108.02069091796875 107.96363067626953125 107.9179229736328125 107.89368438720703125 107.8598175048828125 107.824371337890625 107.79172515869140625 107.7491302490234375 107.69203948974609375 107.6559295654296875 107.62237548828125 107.588653564453125 107.56671905517578125 107.514617919921875 107.4313201904296875 107.33228302001953125 107.21051788330078125 106.89258575439453125 106.35630035400390625 105.75511932373046875 105.310638427734375 105.08026123046875 104.8763885498046875 104.57033538818359375 104.416748046875 104.35198211669921875 104.23838043212890625 104.2119140625 104.2277984619140625 104.2389373779296875 104.2785491943359375
108.52947998046875 108.48246002197265625 108.4670257568359375 108.45829010009765625 108.42133331298828125 108.366729736328125 108.31256103515625 108.26433563232421875 108.20731353759765625 108.160614013671875 108.10158538818359375 108.03276824951171875 107.96317291259765625 107.89984893798828125 107.85045623779296875 107.82501983642578125 107.79241943359375 107.7633209228515625 107.749755859375 107.7164459228515625 107.655487060546875 107.61377716064453125 107.56479644775390625 107.52490997314453125 107.4971466064453125 107.45473480224609375 107.37532806396484375 107.2772216796875 107.1424102783203125 106.80364227294921875 106.28696441650390625 105.695831298828125 105.21489715576171875 104.97147369384765625 104.74604034423828125 104.3842315673828125 104.25433349609375 104.1714630126953125 104.08544158935546875 104.14586639404296875 104.2091064453125 104.28350067138671875 104.34264373779296875
108.4988861083984375 108.4576568603515625 108.444183349609375 108.43053436279296875 108.396453857421875 108.3438720703125 108.28765106201171875 108.2361602783203125 108.1791534423828125 108.12931060791015625 108.06822967529296875 107.98989105224609375 107.907745361328125 107.83392333984375 107.77463531494140625 107.75 107.732025146484375 107.7133026123046875 107.69818878173828125 107.658416748046875 107.58499908447265625 107.5252532958984375 107.49073028564453125 107.4568328857421875 107.43535614013671875 107.40167999267578125 107.3291473388671875 107.22417449951171875 107.0865325927734375 106.75521087646484375 106.2600555419921875 105.66661834716796875 105.1549224853515625 104.88338470458984375 104.67675018310546875 104.35572052001953125 104.15596771240234375 104.05567169189453125 104.06381988525390625 104.204498291015625 104.2956390380859375 104.37747955322265625 104.3969879150390625
108.48700714111328125 108.44281768798828125 108.431304931640625 108.41989898681640625 108.391082763671875 108.33985137939453125 108.279449462890625 108.21563720703125 108.15322113037109375 108.10405731201171875 108.0401458740234375 107.95400238037109375 107.852691650390625 107.74886322021484375 107.66425323486328125 107.637298583984375 107.6383056640625 107.6226959228515625 107.59466552734375 107.55329132080078125 107.4925384521484375 107.4482574462890625 107.4225006103515625 107.3949737548828125 107.37401580810546875 107.34096527099609375 107.2833251953125 107.18750762939453125 107.0621490478515625 106.7510528564453125 106.259735107421875 105.66609954833984375 105.1534881591796875 104.87363433837890625 104.6596527099609375 104.36901092529296875 104.15097808837890625 104.00457000732421875 104.04798126220703125 104.22869873046875 104.31867218017578125 104.38018035888671875 104.38153076171875
108.52178955078125 108.4619903564453125 108.4449310302734375 108.43282318115234375 108.4006195068359375 108.34304046630859375 108.27492523193359375 108.2014923095703125 108.1384429931640625 108.086639404296875 108.01212310791015625 107.913055419921875 107.78626251220703125 107.61835479736328125 107.46965789794921875 107.429534912109375 107.441986083984375 107.40398406982421875 107.3564453125 107.33824920654296875 107.330718994140625 107.3291015625 107.32025909423828125 107.31396484375 107.30330657958984375 107.27374267578125 107.231597900390625 107.1556854248046875 107.04863739013671875 106.76630401611328125 106.29363250732421875 105.712493896484375 105.19547271728515625 104.90555572509765625 104.67595672607421875 104.3594818115234375 104.12525177001953125 103.9562835693359375 103.9901275634765625 104.16579437255859375 104.24560546875 104.295318603515625 104.30239105224609375
108.634368896484375 108.5509490966796875 108.504058837890625 108.4725799560546875 108.42071533203125 108.3480072021484375 108.2660980224609375 108.18813323974609375 108.12938690185546875 108.07018280029296875 107.98056793212890625 107.86669921875 107.7194976806640625 107.48618316650390625 107.2446746826171875 107.15582275390625 107.12200164794921875 107.00090789794921875 106.9194488525390625 106.956146240234375 107.04644012451171875 107.11278533935546875 107.16474151611328125 107.2170867919921875 107.22930145263671875 107.2129058837890625 107.17718505859375 107.11026763916015625 107.0199127197265625 106.78311920166015625 106.3643646240234375 105.8085479736328125 105.26869964599609375 104.95326995849609375 104.70595550537109375 104.3476409912109375 104.03348541259765625 103.90390777587890625 103.93033599853515625 104.03179931640625 104.09491729736328125 104.15593719482421875 104.18944549560546875
