INPUT/RASTER/ASCII/BIO19.asc
ncols        225
nrows        269
xllcorner    473009.983799999987
yllcorner    4429051.174800000153
cellsize     50.000000000000
NODATA_value  -9999
[rows 40 to 59 of 269, columns 45 to 89 of 225]
247.6101226806640625 247.3726806640625 247.110870361328125 246.6542205810546875 243.7434539794921875 244.0804443359375 246.5036468505859375 249.5076141357421875 251.4608306884765625 251.6907196044921875 252.445404052734375 252.8863372802734375 253.02630615234375 253.125701904296875 253.19879150390625 253.1058349609375 252.9364013671875 252.6424407958984375 252.332916259765625 251.9052886962890625 251.77459716796875 252.603118896484375 253.0775909423828125 253.062957763671875 253.0466156005859375 -9999 -9999 -9999 -9999 -9999 -9999 -9999 -9999 -9999 -9999 -9999 -9999 -9999 -9999 -9999 -9999 -9999 -9999 -9999 -9999
240.0975799560546875 239.818878173828125 239.5294036865234375 239.2425384521484375 238.5518646240234375 238.463623046875 239.165771484375 242.774017333984375 245.2563629150390625 245.870819091796875 249.70196533203125 251.4852294921875 251.928802490234375 252.67657470703125 253.0086517333984375 252.947723388671875 252.8050079345703125 252.549560546875 252.2322998046875 251.8571624755859375 252.4488525390625 253.198944091796875 253.298919677734375 253.2315521240234375 253.2120513916015625 -9999 -9999 -9999 -9999 -9999 -9999 -9999 -9999 -9999 -9999 -9999 -9999 -9999 -9999 -9999 -9999 -9999 -9999 -9999 -9999
238.47564697265625 238.13653564453125 237.7952423095703125 237.52606201171875 237.359283447265625 237.184600830078125 237.161102294921875 237.83685302734375 238.313385009765625 238.8224029541015625 243.3206634521484375 245.4148101806640625 246.8480987548828125 250.1602630615234375 251.574493408203125 251.595489501953125 251.4815826416015625 251.24981689453125 250.9339599609375 251.3892059326171875 253.0710296630859375 253.3995361328125 253.2983551025390625 253.1784210205078125 253.0334320068359375 -9999 -9999 -9999 -9999 -9999 -9999 -9999 -9999 -9999 -9999 -9999 -9999 -9999 -9999 -9999 -9999 -9999 -9999 -9999 -9999
238.1099395751953125 237.763519287109375 237.4129180908203125 237.1930694580078125 237.054229736328125 236.952484130859375 236.91143798828125 236.8693084716796875 236.8232879638671875 236.8915863037109375 237.4590911865234375 237.7957763671875 239.3007965087890625 243.057220458984375 244.684051513671875 244.7411956787109375 244.6757354736328125 244.4917755126953125 244.1939697265625 247.8397064208984375 251.306243896484375 251.509033203125 251.765625 252.5927581787109375 252.7370147705078125 252.28497314453125 -9999 -9999 -9999 -9999 -9999 -9999 -9999 -9999 -9999 -9999 -9999 -9999 -9999 -9999 -9999 -9999 -9999 -9999 -9999
237.67010498046875 237.3769378662109375 237.081268310546875 236.9442901611328125 236.8452911376953125 236.8128814697265625 236.8337249755859375 236.87408447265625 236.8721466064453125 236.9000396728515625 236.8956756591796875 236.8925628662109375 237.0084381103515625 237.20721435546875 237.3320159912109375 237.3348236083984375 237.264739990234375 237.0718231201171875 236.7883453369140625 240.673614501953125 243.4769287109375 243.491607666015625 245.0197601318359375 249.2387847900390625 250.787384033203125 251.7918548583984375 -9999 -9999 -9999 -9999 -9999 -9999 -9999 -9999 -9999 -9999 -9999 -9999 -9999 -9999 -9999 -9999 -9999 -9999 -9999
237.30633544921875 237.0998077392578125 236.888885498046875 236.7936553955078125 236.72625732421875 236.725006103515625 236.7796630859375 236.8553466796875 236.875030517578125 236.8766021728515625 236.8985595703125 236.8990936279296875 236.953765869140625 237.0985260009765625 237.2431640625 237.3428497314453125 237.296112060546875 237.1081390380859375 237.0048980712890625 237.039794921875 236.8041229248046875 236.5832366943359375 237.774871826171875 241.235198974609375 243.71624755859375 249.645477294921875 252.0584259033203125 -9999 -9999 -9999 -9999 -9999 -9999 -9999 -9999 -9999 -9999 -9999 -9999 -9999 -9999 -9999 -9999 -9999 -9999
236.87786865234375 236.774017333984375 236.67169189453125 236.62457275390625 236.5807037353515625 236.5993804931640625 236.7128448486328125 236.8176422119140625 236.8736572265625 236.865020751953125 236.8636627197265625 236.876861572265625 236.8970947265625 237.033203125 237.2334136962890625 237.38006591796875 237.3685302734375 237.261016845703125 237.3248138427734375 237.3110198974609375 236.891448974609375 236.5816192626953125 236.4014739990234375 236.3159332275390625 239.405029296875 249.2613983154296875 252.0973968505859375 -9999 -9999 -9999 -9999 -9999 -9999 -9999 -9999 -9999 -9999 -9999 -9999 -9999 -9999 -9999 -9999 -9999 -9999
236.36859130859375 236.3500518798828125 236.386962890625 236.4197845458984375 236.4341583251953125 236.5036468505859375 236.68231201171875 236.8252716064453125 236.906768798828125 236.9034271240234375 236.8597564697265625 236.8206329345703125 236.847137451171875 237.0416412353515625 237.3260498046875 237.494110107421875 237.519439697265625 237.592041015625 237.778411865234375 237.5793304443359375 237.0002288818359375 236.645843505859375 236.414306640625 236.54107666015625 243.485504150390625 250.9339447021484375 251.0098114013671875 249.429412841796875 248.063140869140625 -9999 -9999 -9999 -9999 -9999 -9999 -9999 -9999 -9999 -9999 -9999 -9999 -9999 -9999 -9999 -9999
235.92022705078125 235.954193115234375 236.18408203125 236.3324737548828125 236.394683837890625 236.495208740234375 236.7179412841796875 236.8986358642578125 236.9819488525390625 236.982879638671875 236.933624267578125 236.8687896728515625 236.945037841796875 237.196075439453125 237.497100830078125 237.6936492919921875 237.7718505859375 237.9974212646484375 238.211700439453125 237.8515167236328125 237.1171112060546875 236.7437744140625 236.508636474609375 236.6446380615234375 243.8750457763671875 250.903839111328125 251.7731475830078125 249.8993988037109375 246.1308135986328125 237.612152099609375 -9999 -9999 -9999 -9999 -9999 -9999 -9999 -9999 -9999 -9999 -9999 -9999 -9999 -9999 -9999
235.6996917724609375 235.810577392578125 236.184356689453125 236.413970947265625 236.5224609375 236.63232421875 236.8453521728515625 237.0466156005859375 237.117584228515625 237.1189117431640625 237.080963134765625 237.0513916015625 237.1937408447265625 237.4539337158203125 237.71685791015625 237.90008544921875 238.047698974609375 238.420318603515625 238.53717041015625 238.0214080810546875 237.1981964111328125 236.8080902099609375 236.5996856689453125 236.3881988525390625 239.4149169921875 247.45391845703125 251.931396484375 252.423828125 245.718475341796875 237.9151153564453125 237.0698699951171875 -9999 -9999 -9999 -9999 -9999 -9999 -9999 -9999 -9999 -9999 -9999 -9999 -9999 -9999
235.72467041015625 235.92510986328125 236.3214263916015625 236.54595947265625 236.67913818359375 236.794769287109375 236.99456787109375 237.2130126953125 237.2533721923828125 237.2247314453125 237.193572998046875 237.2455291748046875 237.4435577392578125 237.6948089599609375 237.8986968994140625 238.0420379638671875 238.2678985595703125 238.6763153076171875 238.6612701416015625 238.0334625244140625 237.1766510009765625 236.8036041259765625 236.6258392333984375 236.247802734375 236.4746856689453125 242.8380584716796875 251.028564453125 252.3563232421875 247.3989715576171875 240.6112213134765625 238.2261962890625 238.958892822265625 248.7645111083984375 250.857025146484375 -9999 -9999 -9999 -9999 -9999 -9999 -9999 -9999 -9999 -9999 -9999
235.8851470947265625 236.12652587890625 236.4677581787109375 236.6377716064453125 236.7305145263671875 236.8250885009765625 237.024017333984375 237.2498931884765625 237.2846221923828125 237.2450408935546875 237.2155303955078125 237.305816650390625 237.5255279541015625 237.7720489501953125 237.948577880859375 238.0767364501953125 238.4159088134765625 238.743316650390625 238.5646820068359375 237.896514892578125 237.1045684814453125 236.7740325927734375 236.5763397216796875 236.2066650390625 235.9957427978515625 240.9576873779296875 248.7872314453125 251.2746429443359375 251.4456634521484375 248.4171142578125 243.045440673828125 242.31884765625 249.8202667236328125 251.946502685546875 251.6369476318359375 251.5072021484375 251.422027587890625 251.41802978515625 251.3785858154296875 -9999 -9999 -9999 -9999 -9999 -9999
236.060302734375 236.29754638671875 236.5652008056640625 236.684417724609375 236.7110443115234375 236.74981689453125 236.9105987548828125 237.135345458984375 237.2083892822265625 237.18743896484375 237.159149169921875 237.2567596435546875 237.5073394775390625 237.7814788818359375 237.9532928466796875 238.1875 238.490936279296875 238.6647186279296875 238.42083740234375 237.754119873046875 237.0475311279296875 236.7557220458984375 236.5465087890625 236.2015533447265625 236.0229339599609375 239.0257568359375 242.3827056884765625 247.8566741943359375 251.9187164306640625 252.0524139404296875 251.5062713623046875 251.5049591064453125 252.09649658203125 251.90087890625 251.6283416748046875 251.460968017578125 251.4225921630859375 251.4054107666015625 251.3198394775390625 250.9566650390625 250.874908447265625 250.8729400634765625 -9999 -9999 -9999
236.2177276611328125 236.4170989990234375 236.6039886474609375 236.6751556396484375 236.6826324462890625 236.65740966796875 236.7362060546875 236.9623565673828125 237.11322021484375 237.14398193359375 237.12274169921875 237.188873291015625 237.4315338134765625 237.73541259765625 237.9629364013671875 238.363800048828125 238.6512298583984375 238.6254425048828125 238.3887786865234375 237.7830810546875 237.1376953125 236.8452911376953125 236.621856689453125 236.2877349853515625 236.0644378662109375 236.208160400390625 237.421905517578125 242.6047515869140625 247.8162078857421875 251.342132568359375 251.9946136474609375 252.183563232421875 252.08270263671875 251.7730865478515625 251.58380126953125 251.4485321044921875 251.4148712158203125 251.350860595703125 251.1581573486328125 250.9289398193359375 250.7963104248046875 250.47186279296875 -9999 -9999 249.6719818115234375
236.34613037109375 236.50091552734375 236.6569366455078125 236.7108154296875 236.700103759765625 236.65582275390625 236.6859130859375 236.88525390625 237.0630035400390625 237.135589599609375 237.1544952392578125 237.1932830810546875 237.3914642333984375 237.6833648681640625 238.09454345703125 238.433746337890625 238.645416259765625 238.5850982666015625 238.3736114501953125 237.8436279296875 237.2361297607421875 236.9322052001953125 236.7037200927734375 236.363739013671875 236.0989990234375 235.9208831787109375 235.963409423828125 236.73699951171875 240.641937255859375 247.765045166015625 250.135040283203125 250.5997314453125 251.477630615234375 251.57464599609375 251.448028564453125 251.3538970947265625 251.3529205322265625 251.3214874267578125 251.0984954833984375 250.867095947265625 250.6312713623046875 250.2513580322265625 249.48419189453125 249.18280029296875 249.3530426025390625
236.4659271240234375 236.66595458984375 236.8936767578125 236.9771728515625 236.9911041259765625 236.9477996826171875 236.9365234375 237.0558319091796875 237.1863555908203125 237.2620086669921875 237.3533477783203125 237.445587158203125 237.5985260009765625 237.8182525634765625 238.3306884765625 238.657440185546875 238.6811981201171875 238.5882110595703125 238.348175048828125 237.8296966552734375 237.234588623046875 236.92486572265625 236.7005615234375 236.3909759521484375 236.1254425048828125 235.88433837890625 235.634002685546875 235.390716552734375 236.3073883056640625 240.8527374267578125 243.1289215087890625 244.081695556640625 248.472137451171875 249.84967041015625 250.11895751953125 250.8145904541015625 251.15936279296875 251.2250823974609375 251.045196533203125 250.8444366455078125 250.625244140625 250.1600799560546875 249.459991455078125 249.024993896484375 248.9451141357421875
236.646148681640625 236.9513092041015625 237.2931976318359375 237.4359588623046875 237.4734649658203125 237.41668701171875 237.3712005615234375 237.4257965087890625 237.524200439453125 237.6157684326171875 237.7786865234375 237.946990966796875 238.0245513916015625 238.2136688232421875 238.5617218017578125 238.68670654296875 238.6392822265625 238.531890869140625 238.2746124267578125 237.724365234375 237.0627899169921875 236.7392425537109375 236.5605621337890625 236.3372039794921875 236.1420440673828125 235.9264373779296875 235.641815185546875 235.3587799072265625 235.172943115234375 235.3224945068359375 235.390472412109375 236.033599853515625 240.5074005126953125 242.0144500732421875 244.0777435302734375 248.8717803955078125 249.8395538330078125 250.72479248046875 250.9414215087890625 250.7880706787109375 250.632232666015625 250.2342681884765625 249.51287841796875 248.8083953857421875 248.69287109375
236.8701934814453125 237.2549896240234375 237.629730224609375 237.780731201171875 237.809112548828125 237.73846435546875 237.685272216796875 237.7473907470703125 237.8869476318359375 238.018096923828125 238.171142578125 238.281982421875 238.2874298095703125 238.5303955078125 238.7130126953125 238.642303466796875 238.523468017578125 238.36541748046875 238.1077728271484375 237.5228271484375 236.7650604248046875 236.4556732177734375 236.376556396484375 236.2711029052734375 236.156280517578125 236.0184326171875 235.769683837890625 235.482574462890625 235.23406982421875 234.8847503662109375 234.624969482421875 234.45635986328125 234.42913818359375 234.437286376953125 237.6854400634765625 246.11956787109375 246.4921875 249.6416168212890625 250.796234130859375 250.6991424560546875 250.57965087890625 250.2693939208984375 249.59759521484375 248.7794647216796875 248.5775299072265625
237.102996826171875 237.5037384033203125 237.83941650390625 237.945068359375 237.9483184814453125 237.9083709716796875 237.8808746337890625 237.9601593017578125 238.136871337890625 238.2880401611328125 238.379364013671875 238.379638671875 238.4276580810546875 238.714447021484375 238.738250732421875 238.594482421875 238.3673248291015625 238.133148193359375 237.84356689453125 237.2145538330078125 236.515228271484375 236.286163330078125 236.280517578125 236.257110595703125 236.176422119140625 236.0634307861328125 235.838348388671875 235.5595703125 235.312652587890625 234.961883544921875 234.708282470703125 234.51788330078125 234.430999755859375 234.3897857666015625 235.647918701171875 241.90765380859375 244.9847259521484375 249.4154205322265625 250.66339111328125 250.64605712890625 250.543731689453125 250.2363433837890625 249.6198272705078125 248.7678680419921875 248.301483154296875
237.412628173828125 237.765899658203125 237.9900360107421875 238.0319976806640625 238.034088134765625 238.034942626953125 238.015594482421875 238.0938873291015625 238.2572784423828125 238.373779296875 238.4475555419921875 238.427093505859375 238.5601348876953125 238.85650634765625 238.725830078125 238.4904022216796875 238.13525390625 237.8020782470703125 237.4390716552734375 236.796173095703125 236.34967041015625 236.254364013671875 236.2797393798828125 236.2762298583984375 236.194427490234375 236.0520172119140625 235.815765380859375 235.5696258544921875 235.3428802490234375 235.02044677734375 234.7742919921875 234.6208343505859375 234.4978790283203125 234.3719940185546875 234.2869110107421875 236.2343292236328125 240.0606842041015625 246.9886627197265625 249.5315704345703125 250.4647369384765625 250.4816436767578125 250.1859283447265625 249.564178466796875 248.6400604248046875 247.934295654296875
