INPUT/RASTER/ASCII/BIO15.asc
ncols        225
nrows        269
xllcorner    473009.983799999987
yllcorner    4429051.174800000153
cellsize     50.000000000000
NODATA_value  -9999
[rows 247 to 265 of 269, columns 88 to 131 of 225]
53.5134124755859375 53.506557464599609375 53.497310638427734375 53.491237640380859375 53.4887542724609375 53.485870361328125 53.47955322265625 53.463779449462890625 53.438648223876953125 53.422153472900390625 53.41538238525390625 53.407047271728515625 53.392276763916015625 53.37422943115234375 53.351531982421875 53.3239898681640625 53.3023834228515625 53.299037933349609375 53.2939910888671875 53.267086029052734375 53.232166290283203125 53.200305938720703125 53.169498443603515625 53.148044586181640625 53.112476348876953125 53.071929931640625 53.036891937255859375 53.005035400390625 52.9800262451171875 52.962017059326171875 52.924896240234375 52.87604522705078125 52.82926177978515625 52.80524444580078125 52.783657073974609375 52.76013946533203125 52.733066558837890625 52.71442413330078125 52.711589813232421875 52.709011077880859375 52.702259063720703125 52.695404052734375 52.68825531005859375 52.67742156982421875
53.497493743896484375 53.49166107177734375 53.48628997802734375 53.48241424560546875 53.480377197265625 53.478546142578125 53.471439361572265625 53.459552764892578125 53.44113922119140625 53.426860809326171875 53.41999053955078125 53.405132293701171875 53.381610870361328125 53.358913421630859375 53.337726593017578125 53.32213592529296875 53.313182830810546875 53.31291961669921875 53.311065673828125 53.290363311767578125 53.260807037353515625 53.23526763916015625 53.2144775390625 53.202205657958984375 53.181911468505859375 53.15248870849609375 53.1248626708984375 53.09925079345703125 53.0743865966796875 53.05493927001953125 53.015377044677734375 52.9619293212890625 52.9036865234375 52.859439849853515625 52.820964813232421875 52.79107666015625 52.756893157958984375 52.7261810302734375 52.717472076416015625 52.714874267578125 52.708526611328125 52.701770782470703125 52.694004058837890625 52.680877685546875
53.473541259765625 53.468231201171875 53.468631744384765625 53.46845245361328125 53.46709442138671875 53.4659576416015625 53.461700439453125 53.454265594482421875 53.442562103271484375 53.43148040771484375 53.42472076416015625 53.4060821533203125 53.3768310546875 53.354618072509765625 53.339740753173828125 53.335552215576171875 53.333621978759765625 53.3307647705078125 53.3232269287109375 53.305835723876953125 53.283298492431640625 53.262638092041015625 53.246547698974609375 53.239101409912109375 53.229339599609375 53.20673370361328125 53.18218231201171875 53.1607818603515625 53.13703155517578125 53.11750030517578125 53.077205657958984375 53.02021026611328125 52.9537353515625 52.8969879150390625 52.843997955322265625 52.80818939208984375 52.771099090576171875 52.73441314697265625 52.723850250244140625 52.723522186279296875 52.715862274169921875 52.70830535888671875 52.6996917724609375 52.683628082275390625
53.449665069580078125 53.44744110107421875 53.451519012451171875 53.45366668701171875 53.45351409912109375 53.453983306884765625 53.453594207763671875 53.44895172119140625 53.4404449462890625 53.431209564208984375 53.42450714111328125 53.406467437744140625 53.37786102294921875 53.358875274658203125 53.3503265380859375 53.3508453369140625 53.348545074462890625 53.34246826171875 53.32833099365234375 53.308506011962890625 53.289043426513671875 53.273838043212890625 53.26177978515625 53.25705718994140625 53.251331329345703125 53.23090362548828125 53.206134796142578125 53.187168121337890625 53.167194366455078125 53.150005340576171875 53.11289215087890625 53.057621002197265625 52.99079132080078125 52.93088531494140625 52.866901397705078125 52.821399688720703125 52.779140472412109375 52.743244171142578125 52.736591339111328125 52.737125396728515625 52.72261810302734375 52.7119903564453125 52.702480316162109375 52.68439483642578125
53.42717742919921875 53.431179046630859375 53.43753814697265625 53.441196441650390625 53.442661285400390625 53.44490814208984375 53.445461273193359375 53.442417144775390625 53.436618804931640625 53.428844451904296875 53.4215850830078125 53.405277252197265625 53.378692626953125 53.360477447509765625 53.35540008544921875 53.360988616943359375 53.358943939208984375 53.350200653076171875 53.330730438232421875 53.3060302734375 53.281703948974609375 53.266574859619140625 53.260761260986328125 53.260944366455078125 53.260623931884765625 53.246570587158203125 53.226093292236328125 53.210575103759765625 53.195465087890625 53.179950714111328125 53.146121978759765625 53.09891510009765625 53.041469573974609375 52.983306884765625 52.910556793212890625 52.854030609130859375 52.803714752197265625 52.7714996337890625 52.76836395263671875 52.753658294677734375 52.725734710693359375 52.70830535888671875 52.700244903564453125 52.6859893798828125
53.402019500732421875 53.4134979248046875 53.4226837158203125 53.428638458251953125 53.432170867919921875 53.434337615966796875 53.43399810791015625 53.43421173095703125 53.43332672119140625 53.42775726318359375 53.4211578369140625 53.40545654296875 53.37871551513671875 53.35764312744140625 53.3534088134765625 53.365306854248046875 53.363124847412109375 53.3531646728515625 53.333110809326171875 53.30693817138671875 53.277614593505859375 53.2552947998046875 53.247173309326171875 53.250885009765625 53.259979248046875 53.25848388671875 53.246578216552734375 53.233127593994140625 53.21744537353515625 53.201648712158203125 53.1709442138671875 53.13530731201171875 53.092555999755859375 53.042049407958984375 52.9697265625 52.91408538818359375 52.864154815673828125 52.83257293701171875 52.81795501708984375 52.77188873291015625 52.7271270751953125 52.70484161376953125 52.696926116943359375 52.68506622314453125
53.37284088134765625 53.391490936279296875 53.403171539306640625 53.4106292724609375 53.41365814208984375 53.413166046142578125 53.4148712158203125 53.422512054443359375 53.42967987060546875 53.4290618896484375 53.424762725830078125 53.410144805908203125 53.383739471435546875 53.3601226806640625 53.3553924560546875 53.37164306640625 53.3693695068359375 53.358852386474609375 53.340229034423828125 53.3163299560546875 53.286834716796875 53.25933074951171875 53.245838165283203125 53.245800018310546875 53.2571563720703125 53.26602935791015625 53.26253509521484375 53.2500152587890625 53.23017120361328125 53.213134765625 53.188385009765625 53.16913604736328125 53.14115142822265625 53.0956268310546875 53.031032562255859375 52.98921966552734375 52.95365142822265625 52.917049407958984375 52.870044708251953125 52.796756744384765625 52.7350006103515625 52.704769134521484375 52.6944427490234375 52.68311309814453125
53.339542388916015625 53.359180450439453125 53.37183380126953125 53.380115509033203125 53.381885528564453125 53.380615234375 53.38852691650390625 53.406558990478515625 53.424652099609375 53.43192291259765625 53.4311065673828125 53.418743133544921875 53.39612579345703125 53.3775177001953125 53.37311553955078125 53.38336944580078125 53.379619598388671875 53.369541168212890625 53.352603912353515625 53.332706451416015625 53.3077239990234375 53.2814483642578125 53.265392303466796875 53.257396697998046875 53.257572174072265625 53.26596832275390625 53.269378662109375 53.26134490966796875 53.240932464599609375 53.225185394287109375 53.207851409912109375 53.197345733642578125 53.174907684326171875 53.13466644287109375 53.08271026611328125 53.056182861328125 53.033473968505859375 52.98480224609375 52.907093048095703125 52.823711395263671875 52.749263763427734375 52.7091217041015625 52.695587158203125 52.683391571044921875
53.303333282470703125 53.319873809814453125 53.3360443115234375 53.34648895263671875 53.34810638427734375 53.347949981689453125 53.36382293701171875 53.3919830322265625 53.419521331787109375 53.434368133544921875 53.4373321533203125 53.42800140380859375 53.411197662353515625 53.400634765625 53.396327972412109375 53.393863677978515625 53.3873138427734375 53.379390716552734375 53.3654937744140625 53.350383758544921875 53.333316802978515625 53.311931610107421875 53.295177459716796875 53.27984619140625 53.263294219970703125 53.26363372802734375 53.272281646728515625 53.269786834716796875 53.25087738037109375 53.23805999755859375 53.2240753173828125 53.20855712890625 53.181812286376953125 53.146831512451171875 53.108245849609375 53.0881805419921875 53.063152313232421875 53.005817413330078125 52.926639556884765625 52.841991424560546875 52.756771087646484375 52.711483001708984375 52.696842193603515625 52.683807373046875
53.2751312255859375 53.288883209228515625 53.31208038330078125 53.328090667724609375 53.334255218505859375 53.340732574462890625 53.36067962646484375 53.39113616943359375 53.419368743896484375 53.435039520263671875 53.439395904541015625 53.432437896728515625 53.419658660888671875 53.411468505859375 53.404491424560546875 53.39647674560546875 53.390262603759765625 53.38451385498046875 53.374591827392578125 53.3636627197265625 53.350475311279296875 53.330532073974609375 53.3124847412109375 53.294605255126953125 53.2719879150390625 53.264614105224609375 53.27341461181640625 53.273220062255859375 53.252956390380859375 53.2401580810546875 53.225421905517578125 53.205745697021484375 53.175373077392578125 53.1408843994140625 53.110088348388671875 53.09210968017578125 53.062801361083984375 53.0054473876953125 52.951122283935546875 52.8454132080078125 52.757534027099609375 52.706172943115234375 52.6964111328125 52.68378448486328125
53.26531982421875 53.27330780029296875 53.298992156982421875 53.322055816650390625 53.3393096923828125 53.3648681640625 53.386837005615234375 53.40787506103515625 53.426822662353515625 53.437038421630859375 53.43975067138671875 53.43154144287109375 53.416759490966796875 53.40911102294921875 53.40238189697265625 53.395458221435546875 53.391414642333984375 53.38831329345703125 53.382701873779296875 53.374576568603515625 53.360591888427734375 53.33925628662109375 53.320957183837890625 53.2996063232421875 53.275936126708984375 53.265048980712890625 -9999 -9999 -9999 -9999 -9999 -9999 -9999 -9999 -9999 -9999 -9999 -9999 -9999 -9999 -9999 -9999 -9999 -9999
53.279788970947265625 53.276935577392578125 53.298686981201171875 53.326671600341796875 53.35146331787109375 53.389705657958984375 53.416858673095703125 53.429599761962890625 53.437465667724609375 53.440265655517578125 53.439533233642578125 53.425746917724609375 53.40248870849609375 53.39504241943359375 53.394927978515625 53.394016265869140625 53.392528533935546875 53.3910369873046875 53.387554168701171875 53.380504608154296875 53.367397308349609375 53.342029571533203125 53.3285675048828125 -9999 -9999 -9999 -9999 -9999 -9999 -9999 -9999 -9999 -9999 -9999 -9999 -9999 -9999 -9999 -9999 -9999 -9999 -9999 -9999 -9999
53.3112335205078125 53.29601287841796875 53.308383941650390625 53.336395263671875 53.361331939697265625 53.401226043701171875 53.430950164794921875 53.44129180908203125 53.44417572021484375 53.442596435546875 53.439464569091796875 53.42236328125 53.393032073974609375 53.385982513427734375 53.391048431396484375 53.394474029541015625 53.394924163818359375 53.393886566162109375 53.39056396484375 53.384342193603515625 53.371013641357421875 -9999 -9999 -9999 -9999 -9999 -9999 -9999 -9999 -9999 -9999 -9999 -9999 -9999 -9999 -9999 -9999 -9999 -9999 -9999 -9999 -9999 -9999 -9999
53.358058929443359375 53.334087371826171875 53.327301025390625 53.346454620361328125 53.369037628173828125 53.406276702880859375 53.436222076416015625 53.446868896484375 53.44811248779296875 53.444385528564453125 53.439464569091796875 53.422985076904296875 53.3978729248046875 53.391773223876953125 53.3950042724609375 53.397525787353515625 53.397796630859375 53.39594268798828125 53.393596649169921875 53.3895416259765625 -9999 -9999 -9999 -9999 -9999 -9999 -9999 -9999 -9999 -9999 -9999 -9999 -9999 -9999 -9999 -9999 -9999 -9999 -9999 -9999 -9999 -9999 -9999 -9999
53.412761688232421875 53.3892822265625 53.370967864990234375 53.375911712646484375 53.391101837158203125 53.4183349609375 53.441570281982421875 53.4505767822265625 53.45005035400390625 53.444042205810546875 53.438022613525390625 53.424610137939453125 53.406986236572265625 53.400592803955078125 53.40033721923828125 53.400115966796875 53.39949798583984375 53.396228790283203125 53.3949432373046875 -9999 -9999 -9999 -9999 -9999 -9999 -9999 -9999 -9999 -9999 -9999 -9999 -9999 -9999 -9999 -9999 -9999 -9999 -9999 -9999 -9999 -9999 -9999 -9999 -9999
53.448947906494140625 53.434417724609375 53.420505523681640625 53.417041778564453125 53.422962188720703125 53.4366607666015625 53.449611663818359375 53.4545440673828125 53.450870513916015625 53.44284820556640625 53.436443328857421875 53.425548553466796875 53.412364959716796875 53.405971527099609375 53.403484344482421875 53.401439666748046875 53.39971160888671875 -9999 -9999 -9999 -9999 -9999 -9999 -9999 -9999 -9999 -9999 -9999 -9999 -9999 -9999 -9999 -9999 -9999 -9999 -9999 -9999 -9999 -9999 -9999 -9999 -9999 -9999 -9999
53.4650421142578125 53.4616546630859375 53.456501007080078125 53.4524993896484375 53.453296661376953125 53.4571533203125 53.460269927978515625 53.459239959716796875 53.451587677001953125 53.44185638427734375 53.43506622314453125 53.424480438232421875 53.414722442626953125 53.4095611572265625 53.404541015625 53.403827667236328125 -9999 -9999 -9999 -9999 -9999 -9999 -9999 -9999 -9999 -9999 -9999 -9999 -9999 -9999 -9999 -9999 -9999 -9999 -9999 -9999 -9999 -9999 -9999 -9999 -9999 -9999 -9999 -9999
53.459697723388671875 53.469280242919921875 53.472904205322265625 53.47473907470703125 53.476207733154296875 53.4756317138671875 53.4709320068359375 53.46378326416015625 53.45287322998046875 53.441436767578125 53.4337005615234375 53.422458648681640625 53.415737152099609375 53.41304779052734375 -9999 -9999 -9999 -9999 -9999 -9999 -9999 -9999 -9999 -9999 -9999 -9999 -9999 -9999 -9999 -9999 -9999 -9999 -9999 -9999 -9999 -9999 -9999 -9999 -9999 -9999 -9999 -9999 -9999 -9999
53.42964935302734375 53.4519805908203125 53.467365264892578125 53.477779388427734375 53.481502532958984375 53.482013702392578125 53.47705841064453125 53.46782684326171875 53.455577850341796875 53.443271636962890625 53.43314361572265625 53.42189788818359375 53.417667388916015625 53.413455963134765625 -9999 -9999 -9999 -9999 -9999 -9999 -9999 -9999 -9999 -9999 -9999 -9999 -9999 -9999 -9999 -9999 -9999 -9999 -9999 -9999 -9999 -9999 -9999 -9999 -9999 -9999 -9999 -9999 -9999 -9999
