INPUT/RASTER/ASCII/BIO19.asc
ncols        225
nrows        269
xllcorner    473000.000000000000
yllcorner    4429100.000000000000
cellsize     50.000000000000
NODATA_value -9999
[rows 180 to 199 of 269, columns 46 to 91 of 225]
203.4941864013671875 206.363616943359375 208.242095947265625 209.0276031494140625 209.048980712890625 208.9807586669921875 209.3415985107421875 209.7791290283203125 209.1397552490234375 208.885986328125 208.6490478515625 209.0368804931640625 209.470672607421875 209.9697723388671875 210.065155029296875 209.85028076171875 209.742279052734375 209.676483154296875 209.7217254638671875 209.812713623046875 209.8957672119140625 210.08074951171875 210.0645904541015625 209.97100830078125 209.9346771240234375 209.859161376953125 209.94232177734375 209.9990386962890625 210.015380859375 209.9632568359375 209.7218475341796875 209.087371826171875 207.419921875 205.9837493896484375 205.55804443359375 205.38543701171875 205.35394287109375 205.379180908203125 205.950042724609375 207.0036468505859375 207.9822998046875 208.388153076171875 208.64306640625 209.1806488037109375 210.0068511962890625 211.154571533203125
204.571258544921875 206.9246826171875 208.331878662109375 208.7421875 208.6988525390625 208.61383056640625 208.7408294677734375 209.0137939453125 208.35980224609375 208.04791259765625 207.8970947265625 208.3715362548828125 209.11248779296875 209.9239349365234375 209.9415283203125 209.6716461181640625 209.5459136962890625 209.48675537109375 209.53216552734375 209.665985107421875 209.780792236328125 209.9591827392578125 209.9029388427734375 209.7813720703125 209.740386962890625 209.717376708984375 209.79742431640625 209.8597259521484375 209.871185302734375 209.8260650634765625 209.6875762939453125 209.1396484375 207.3436279296875 205.9388427734375 205.6330718994140625 205.36224365234375 205.30975341796875 205.269805908203125 205.759735107421875 206.6947174072265625 207.999908447265625 208.59033203125 208.7383575439453125 209.138580322265625 209.8366851806640625 210.990875244140625
205.7270965576171875 207.4575958251953125 208.347930908203125 208.509063720703125 208.4462890625 208.2024078369140625 207.940765380859375 208.174713134765625 207.8576507568359375 207.5765838623046875 207.4875030517578125 207.8282470703125 208.524932861328125 209.50494384765625 209.670745849609375 209.4796142578125 209.398193359375 209.395111083984375 209.432098388671875 209.543426513671875 209.6181793212890625 209.7883758544921875 209.7093505859375 209.6353607177734375 209.668182373046875 209.5683135986328125 209.67669677734375 209.7433624267578125 209.80010986328125 209.7241058349609375 209.5322265625 208.873504638671875 207.3369140625 206.162811279296875 205.7924041748046875 205.4603424072265625 205.33868408203125 205.172149658203125 205.4957275390625 206.2911529541015625 207.6833038330078125 208.4740753173828125 208.6702423095703125 209.0962066650390625 209.9421234130859375 211.0715484619140625
207.0834808349609375 207.95953369140625 208.363677978515625 208.117523193359375 208.19342041015625 207.7935943603515625 207.5169830322265625 207.72686767578125 207.523834228515625 207.4964599609375 207.3677978515625 207.6287384033203125 208.23980712890625 209.03363037109375 209.424163818359375 209.3263702392578125 209.348052978515625 209.3586273193359375 209.3332061767578125 209.396087646484375 209.3417816162109375 209.543853759765625 209.36212158203125 209.3131256103515625 209.4488067626953125 209.4086761474609375 209.5556793212890625 209.5748748779296875 209.5819091796875 209.4462432861328125 209.275238037109375 208.6070709228515625 207.643798828125 206.410980224609375 206.0015106201171875 205.470855712890625 205.39178466796875 205.0655364990234375 205.113616943359375 205.73272705078125 207.2729034423828125 208.22784423828125 208.7071075439453125 209.3389739990234375 210.257049560546875 211.31365966796875
207.9963836669921875 208.114288330078125 207.948883056640625 207.661468505859375 207.48638916015625 207.311492919921875 207.185699462890625 207.156402587890625 207.2253570556640625 207.34368896484375 207.727691650390625 207.9933624267578125 208.575958251953125 208.795196533203125 209.0020599365234375 209.184844970703125 209.290985107421875 209.33251953125 209.2381591796875 209.173919677734375 209.0061798095703125 209.078369140625 208.9521484375 208.937469482421875 209.08660888671875 209.12725830078125 209.410614013671875 209.3875732421875 209.340362548828125 209.2147674560546875 209.00836181640625 208.7584686279296875 208.2322998046875 207.175537109375 206.1529998779296875 205.386474609375 205.252349853515625 204.9042205810546875 204.910125732421875 205.417694091796875 207.231414794921875 208.3045196533203125 208.8522186279296875 209.5384521484375 210.4678802490234375 211.318115234375
207.4507293701171875 207.681396484375 207.44464111328125 207.35076904296875 207.12982177734375 207.0550689697265625 206.9231109619140625 206.9356231689453125 207.163604736328125 207.393096923828125 208.1212158203125 208.535247802734375 208.75323486328125 208.8159942626953125 208.8507232666015625 209.1342010498046875 209.23089599609375 209.28033447265625 209.1828460693359375 209.0125885009765625 208.84271240234375 208.820220947265625 208.67578125 208.67578125 208.633544921875 208.859161376953125 209.1663818359375 209.2783203125 209.15838623046875 209.08587646484375 208.892120361328125 208.5972137451171875 208.2826080322265625 207.5745849609375 205.961334228515625 205.3771514892578125 205.2197723388671875 204.7479248046875 204.619354248046875 205.2498931884765625 206.7962646484375 208.516845703125 209.069061279296875 209.76214599609375 210.611114501953125 211.07757568359375
206.63177490234375 207.137542724609375 207.0672607421875 207.07379150390625 206.8753662109375 206.789642333984375 206.7335205078125 206.89739990234375 207.1565093994140625 207.4337615966796875 208.2960052490234375 208.6777191162109375 208.87969970703125 208.920196533203125 209.14093017578125 209.09344482421875 209.0438385009765625 209.0996856689453125 208.942047119140625 208.8261871337890625 208.65826416015625 208.46356201171875 208.393096923828125 208.323272705078125 208.17987060546875 208.631866455078125 208.799224853515625 209.036590576171875 208.917388916015625 208.951141357421875 208.7441558837890625 208.33551025390625 207.937713623046875 207.02178955078125 206.150604248046875 205.3203277587890625 205.074188232421875 204.61669921875 204.4259033203125 205.243194580078125 207.3889312744140625 208.8509521484375 209.2073211669921875 210.14605712890625 210.767242431640625 210.76513671875
206.0561676025390625 206.7129058837890625 206.738525390625 206.83721923828125 206.5716705322265625 206.5675506591796875 206.650634765625 206.8290557861328125 207.1905670166015625 207.55108642578125 208.4172821044921875 208.746490478515625 208.9998931884765625 209.1112060546875 209.1127471923828125 208.931915283203125 208.722686767578125 208.7972259521484375 208.6281280517578125 208.652557373046875 208.552703857421875 208.24169921875 208.033782958984375 207.78125 207.892669677734375 208.36810302734375 208.3979034423828125 208.5886383056640625 208.573089599609375 208.74444580078125 208.58978271484375 208.1142730712890625 207.120819091796875 205.7245941162109375 205.5555877685546875 205.037750244140625 204.805450439453125 204.4788818359375 204.647308349609375 205.5623931884765625 208.2110748291015625 209.2935333251953125 209.7601318359375 210.5048980712890625 210.803741455078125 210.427642822265625
206.127655029296875 206.5362396240234375 206.385009765625 206.3274993896484375 206.0718994140625 206.2138519287109375 206.46954345703125 206.73919677734375 207.2509002685546875 207.68975830078125 208.4661865234375 208.7659912109375 209.01470947265625 209.1620635986328125 209.010833740234375 208.598114013671875 208.1565399169921875 208.2101287841796875 207.97705078125 208.18499755859375 208.424560546875 208.18505859375 207.8330841064453125 207.4788360595703125 207.4120330810546875 207.8001708984375 207.5386962890625 207.8352508544921875 208.1305999755859375 208.3350067138671875 208.1964874267578125 207.501220703125 206.123199462890625 204.8186187744140625 204.9272003173828125 204.808563232421875 204.683258056640625 204.45458984375 205.015228271484375 206.5379791259765625 208.922332763671875 209.6093597412109375 209.930419921875 210.360382080078125 210.5256805419921875 209.623138427734375
206.357635498046875 206.0518035888671875 205.8354034423828125 205.78936767578125 205.669708251953125 205.9189453125 206.263671875 206.6967315673828125 207.30096435546875 207.7340240478515625 208.475494384765625 208.73626708984375 208.963409423828125 209.0261993408203125 208.614990234375 207.66015625 206.6357421875 206.60089111328125 206.2833709716796875 206.7327880859375 207.4088897705078125 206.51226806640625 206.906707763671875 205.5378570556640625 204.0602264404296875 203.4520416259765625 202.66278076171875 204.243621826171875 204.088134765625 204.9949798583984375 204.8631439208984375 203.33782958984375 203.1780548095703125 203.4952392578125 204.5321807861328125 205.193450927734375 205.56365966796875 205.905426025390625 207.31634521484375 208.296905517578125 209.3895721435546875 209.6487884521484375 209.77239990234375 209.75238037109375 209.3175811767578125 207.4748992919921875
204.2237396240234375 203.098480224609375 203.609649658203125 205.2274322509765625 205.647430419921875 205.802215576171875 206.144683837890625 206.5789031982421875 207.36865234375 208.061614990234375 208.4825592041015625 208.4067230224609375 208.117279052734375 206.7763519287109375 204.783050537109375 202.980712890625 201.89752197265625 202.0052337646484375 201.5055084228515625 201.2895660400390625 202.6223602294921875 203.619964599609375 204.661865234375 203.3311920166015625 201.4815216064453125 200.9119873046875 200.8973388671875 201.41656494140625 201.2222442626953125 201.6322174072265625 201.447235107421875 200.8397216796875 201.3565826416015625 203.322540283203125 204.720550537109375 206.1143951416015625 206.8109588623046875 207.857452392578125 208.6132965087890625 209.05206298828125 209.512664794921875 209.586883544921875 209.7094879150390625 209.60699462890625 208.6979217529296875 207.036590576171875
201.49859619140625 202.18963623046875 204.209228515625 205.58551025390625 205.78265380859375 205.9417572021484375 206.1336517333984375 206.5238189697265625 207.2071380615234375 207.979156494140625 208.28955078125 207.931671142578125 206.6064300537109375 204.0781097412109375 202.206390380859375 200.6774139404296875 200.349334716796875 200.244476318359375 200.2430572509765625 200.5251617431640625 200.8935546875 201.6572113037109375 202.14495849609375 201.7849273681640625 200.7755126953125 200.40704345703125 200.599822998046875 200.659027099609375 200.264739990234375 200.31591796875 200.2742767333984375 200.519195556640625 202.046417236328125 204.250701904296875 205.8592681884765625 207.326751708984375 207.8866729736328125 208.8932037353515625 209.2248077392578125 209.387939453125 209.659942626953125 209.717041015625 209.8356781005859375 209.63262939453125 208.568939208984375 206.9405517578125
198.6476898193359375 202.472930908203125 205.0042724609375 206.0708770751953125 206.06439208984375 206.114990234375 206.218902587890625 206.589874267578125 207.1748504638671875 207.9681396484375 208.1025848388671875 207.4826812744140625 205.22442626953125 202.165618896484375 200.6327362060546875 199.3544158935546875 199.350738525390625 199.409942626953125 199.7930908203125 200.22540283203125 200.5549774169921875 200.99114990234375 201.212799072265625 201.21722412109375 200.7750396728515625 200.6216278076171875 201.10955810546875 201.9892425537109375 201.36248779296875 201.772613525390625 201.70770263671875 202.156005859375 204.200592041015625 205.9616546630859375 207.532867431640625 208.294677734375 208.54608154296875 209.27105712890625 209.420013427734375 209.59942626953125 209.880340576171875 209.99114990234375 210.1474456787109375 209.878204345703125 208.7722625732421875 207.137908935546875
198.876312255859375 203.142547607421875 205.407470703125 206.2353515625 206.2946624755859375 206.2310943603515625 206.351165771484375 206.6751708984375 207.1768951416015625 207.933380126953125 207.7397918701171875 207.008941650390625 203.942626953125 200.8211212158203125 199.5726776123046875 198.303741455078125 198.4625701904296875 198.7132415771484375 199.8504638671875 200.463714599609375 200.8323211669921875 200.8875732421875 200.9453887939453125 200.8939056396484375 200.6551971435546875 200.80157470703125 202.010528564453125 204.9158172607421875 205.0293426513671875 205.270660400390625 205.24420166015625 205.0405120849609375 206.559356689453125 207.574432373046875 208.437042236328125 208.80999755859375 208.91162109375 209.3125 209.5170440673828125 209.7182769775390625 210.0759735107421875 210.2304840087890625 210.410125732421875 210.074554443359375 208.9446868896484375 207.432830810546875
200.3294677734375 203.65399169921875 205.4410552978515625 206.0883941650390625 206.2311553955078125 206.1725921630859375 206.386138916015625 206.6392669677734375 207.0617218017578125 207.629150390625 206.6909637451171875 206.02105712890625 202.894287109375 199.8907623291015625 198.683624267578125 197.460052490234375 197.476226806640625 198.401214599609375 200.5579376220703125 201.044342041015625 201.511138916015625 201.0529327392578125 201.151275634765625 200.815032958984375 200.67755126953125 201.278656005859375 202.935699462890625 206.4544525146484375 207.496856689453125 207.686859130859375 207.5019073486328125 207.2640533447265625 208.04638671875 208.4528045654296875 208.874481201171875 208.9931488037109375 209.007659912109375 209.1649017333984375 209.46697998046875 209.7774810791015625 210.14898681640625 210.27569580078125 210.43170166015625 210.270599365234375 209.4140777587890625 207.849822998046875
202.0905914306640625 204.2344970703125 205.25433349609375 205.805450439453125 206.0205535888671875 206.0123138427734375 206.347442626953125 206.46240234375 206.3777313232421875 207.234039306640625 204.608306884765625 204.641357421875 201.14666748046875 198.64508056640625 197.8921661376953125 197.084075927734375 197.076904296875 199.3636016845703125 202.246002197265625 202.285369873046875 202.8409271240234375 201.8542327880859375 202.2177276611328125 201.22528076171875 202.357574462890625 203.4630889892578125 204.0074005126953125 207.194732666015625 208.2266998291015625 208.5425872802734375 208.5162353515625 208.386138916015625 208.755218505859375 208.8170318603515625 209.0013427734375 209.0284423828125 209.029998779296875 208.5636444091796875 209.26983642578125 209.2443695068359375 210.02593994140625 209.97393798828125 210.3097991943359375 210.3439483642578125 209.8904876708984375 208.82977294921875
204.0400390625 204.478607177734375 204.989990234375 205.47723388671875 205.63958740234375 205.85888671875 206.281402587890625 206.26605224609375 205.3626708984375 203.8924102783203125 201.765167236328125 200.89715576171875 198.53802490234375 197.4141387939453125 196.56072998046875 197.102508544921875 199.2340087890625 201.708282470703125 203.522064208984375 204.35894775390625 203.825897216796875 203.5013885498046875 203.526702880859375 203.6625823974609375 204.7601318359375 206.209136962890625 206.884063720703125 207.8862152099609375 208.5843505859375 208.8594818115234375 208.85662841796875 208.941009521484375 209.0727386474609375 209.1041717529296875 208.9190673828125 208.712860107421875 208.8046875 207.4922943115234375 207.7490234375 208.163330078125 209.314056396484375 209.4763031005859375 210.12835693359375 210.29425048828125 209.97735595703125 208.9522705078125
204.576568603515625 204.6921844482421875 204.7982025146484375 205.2146759033203125 205.420013427734375 205.7387542724609375 206.279205322265625 206.2795257568359375 204.2049407958984375 201.221038818359375 199.84405517578125 198.140869140625 197.469696044921875 196.4903564453125 196.38751220703125 198.051910400390625 200.3219451904296875 201.991241455078125 203.875091552734375 203.722991943359375 203.6374053955078125 203.417083740234375 203.684326171875 203.9338226318359375 205.11639404296875 206.245513916015625 207.30340576171875 208.3128509521484375 208.80902099609375 208.9337158203125 208.938629150390625 208.958740234375 209.05279541015625 208.7069854736328125 208.141448974609375 207.511932373046875 207.41754150390625 206.424957275390625 206.876800537109375 208.454803466796875 209.2626495361328125 209.425994873046875 210.1199951171875 210.1582794189453125 209.805572509765625 208.70721435546875
204.305633544921875 204.4896697998046875 204.634521484375 205.081207275390625 205.305877685546875 205.5453033447265625 205.8734130859375 205.736541748046875 202.5393829345703125 198.934051513671875 197.808502197265625 196.833160400390625 196.4980316162109375 196.206512451171875 196.793701171875 198.8373260498046875 200.85107421875 202.11822509765625 203.3606109619140625 203.20074462890625 203.401214599609375 203.5562744140625 203.8653717041015625 204.767303466796875 205.605560302734375 207.0200958251953125 208.5052490234375 208.81683349609375 209.1309967041015625 209.06768798828125 209.01385498046875 208.975921630859375 208.47210693359375 206.3760833740234375 206.388397216796875 205.9244537353515625 205.2957000732421875 205.525115966796875 206.83599853515625 208.7749481201171875 209.626708984375 209.60382080078125 209.9822845458984375 209.6057281494140625 209.1744537353515625 208.0211029052734375
203.75311279296875 204.1042022705078125 204.533355712890625 205.0017242431640625 205.2893524169921875 205.3160858154296875 204.023590087890625 202.8548583984375 199.694793701171875 197.062744140625 196.7067108154296875 196.2348175048828125 196.2196502685546875 196.5380859375 197.884796142578125 200.033203125 202.06512451171875 202.6693115234375 203.273834228515625 203.3144683837890625 203.7952728271484375 205.0166015625 205.487091064453125 207.01104736328125 207.5520477294921875 208.402069091796875 209.3305511474609375 209.3152618408203125 209.173980712890625 209.1409912109375 209.0694427490234375 208.7015228271484375 207.2354278564453125 204.65863037109375 204.327850341796875 204.3449859619140625 204.2641448974609375 204.8837738037109375 206.6126861572265625 208.775604248046875 209.4285430908203125 209.541900634765625 209.6235809326171875 209.310394287109375 208.703399658203125 207.5062255859375
