INPUT/RASTER/ASCII/BIO14.asc
ncols        225
nrows        269
xllcorner    473009.983799999987
yllcorner    4429051.174800000153
cellsize     50.000000000000
NODATA_value -9999
[rows 216 to 233 of 269, columns 84 to 125 of 225]
5.9627261161804199219 5.9959311485290527344 6.0352225303649902344 6.0456013679504394531 6.0550079345703125 6.1154222488403320313 6.2212891578674316406 6.33636474609375 6.4101634025573730469 6.4297084808349609375 6.4277124404907226563 6.4191489219665527344 6.3979153633117675781 6.3582558631896972656 6.3052144050598144531 6.2679386138916015625 6.2354636192321777344 6.23548126220703125 6.2555327415466308594 6.2622585296630859375 6.2175450325012207031 6.1502604484558105469 6.0837197303771972656 5.9757471084594726563 5.9052548408508300781 5.9084749221801757813 5.9460859298706054688 5.9879193305969238281 6.0185256004333496094 6.0774188041687011719 6.146270751953125 6.2215809822082519531 6.3121047019958496094 6.3797554969787597656 6.4067549705505371094 6.4367761611938476563 6.4680337905883789063 6.5128469467163085938 6.554935455322265625 6.5709033012390136719 6.5753026008605957031 6.5818195343017578125
5.9323992729187011719 5.963558197021484375 5.9952592849731445313 6.0065426826477050781 6.0254321098327636719 6.0858807563781738281 6.1767334938049316406 6.27286529541015625 6.3415894508361816406 6.3700022697448730469 6.3905344009399414063 6.4044146537780761719 6.3887567520141601563 6.3403038978576660156 6.2749733924865722656 6.2292985916137695313 6.1847295761108398438 6.1816415786743164063 6.2045955657958984375 6.2089133262634277344 6.1677842140197753906 6.1120810508728027344 6.0569443702697753906 5.9674792289733886719 5.9018621444702148438 5.8920068740844726563 5.9166378974914550781 5.9497022628784179688 5.9755797386169433594 6.030731201171875 6.0980129241943359375 6.1723713874816894531 6.2747721672058105469 6.3639054298400878906 6.4020595550537109375 6.4426088333129882813 6.4790315628051757813 6.5203185081481933594 6.5526356697082519531 6.5646028518676757813 6.5689268112182617188 6.5756545066833496094
5.9028429985046386719 5.9243497848510742188 5.9501972198486328125 5.9684152603149414063 5.9971475601196289063 6.0404496192932128906 6.096435546875 6.1685576438903808594 6.2293677330017089844 6.2671046257019042969 6.3084249496459960938 6.3292088508605957031 6.3115038871765136719 6.2613344192504882813 6.1967120170593261719 6.1540465354919433594 6.1151700019836425781 6.1181764602661132813 6.1470775604248046875 6.1466379165649414063 6.1045203208923339844 6.0607118606567382813 6.0230860710144042969 5.9613919258117675781 5.9060339927673339844 5.8833513259887695313 5.8954992294311523438 5.9215016365051269531 5.9437103271484375 5.9937109947204589844 6.0591583251953125 6.1354265213012695313 6.253795623779296875 6.3670454025268554688 6.4152226448059082031 6.4626941680908203125 6.4998126029968261719 6.52893829345703125 6.5467867851257324219 6.55554962158203125 6.5604710578918457031 6.5678534507751464844
5.8814153671264648438 5.89886474609375 5.9222254753112792969 5.942241668701171875 5.9669184684753417969 5.9909257888793945313 6.0238947868347167969 6.0853633880615234375 6.1420130729675292969 6.1827683448791503906 6.2260718345642089844 6.2289776802062988281 6.2003617286682128906 6.157745361328125 6.1081442832946777344 6.0785970687866210938 6.0626735687255859375 6.0788407325744628906 6.1066727638244628906 6.1030459403991699219 6.0633707046508789063 6.0284504890441894531 6.0065793991088867188 5.9666409492492675781 5.9118924140930175781 5.8788614273071289063 5.8885593414306640625 5.9118418693542480469 5.9347128868103027344 5.9820241928100585938 6.0432715415954589844 6.1182827949523925781 6.237499237060546875 6.3540449142456054688 6.4122366905212402344 6.4711394309997558594 6.5097413063049316406 6.532878875732421875 6.544757843017578125 6.5521783828735351563 6.5565710067749023438 6.5630984306335449219
5.8766579627990722656 5.904384613037109375 5.9283008575439453125 5.94366455078125 5.9580922126770019531 5.9709529876708984375 5.9975957870483398438 6.0566716194152832031 6.11336517333984375 6.1529412269592285156 6.1841716766357421875 6.1698808670043945313 6.1354961395263671875 6.0995912551879882813 6.0646920204162597656 6.045246124267578125 6.0369458198547363281 6.048023223876953125 6.0640778541564941406 6.0580530166625976563 6.0265550613403320313 5.99803924560546875 5.9874792098999023438 5.9674358367919921875 5.9172043800354003906 5.87525177001953125 5.8825426101684570313 5.9033656120300292969 5.9298586845397949219 5.9760632514953613281 6.0313601493835449219 6.100627899169921875 6.2099127769470214844 6.3172292709350585938 6.3838796615600585938 6.4622378349304199219 6.5118260383605957031 6.535511016845703125 6.5441570281982421875 6.5498309135437011719 6.5536742210388183594 6.5585422515869140625
5.8980774879455566406 5.9507126808166503906 5.983722686767578125 5.9924511909484863281 5.9911999702453613281 5.9869513511657714844 6.0060243606567382813 6.0641875267028808594 6.1222805976867675781 6.1558179855346679688 6.1668539047241210938 6.1381320953369140625 6.1024379730224609375 6.0739178657531738281 6.0500512123107910156 6.0362081527709960938 6.0279035568237304688 6.0282068252563476563 6.0281543731689453125 6.0195641517639160156 6.0013227462768554688 5.9780941009521484375 5.966899871826171875 5.9561409950256347656 5.9183602333068847656 5.8703861236572265625 5.867950439453125 5.884654998779296875 5.9145579338073730469 5.9619154930114746094 6.0131440162658691406 6.0754179954528808594 6.1710491180419921875 6.2640666961669921875 6.3316092491149902344 6.426639556884765625 6.4991898536682128906 6.5340137481689453125 6.541606903076171875 6.5444312095642089844 6.5472254753112792969 6.54998016357421875
5.9397430419921875 6.0133986473083496094 6.0505023002624511719 6.0504078865051269531 6.0349378585815429688 6.0185742378234863281 6.0300307273864746094 6.0854258537292480469 6.1390728950500488281 6.1643109321594238281 6.1673607826232910156 6.1380133628845214844 6.1020846366882324219 6.0760474205017089844 6.0551271438598632813 6.0421738624572753906 6.0306019783020019531 6.0230388641357421875 6.0169839859008789063 6.0189337730407714844 6.0198121070861816406 6.0015344619750976563 5.9739470481872558594 5.9419384002685546875 5.906696319580078125 5.8632464408874511719 5.8515415191650390625 5.8604159355163574219 5.8899545669555664063 5.9388680458068847656 5.98792266845703125 6.0438866615295410156 6.1264348030090332031 6.2062735557556152344 6.2689900398254394531 6.3664379119873046875 6.4592914581298828125 6.5155987739562988281 6.5291614532470703125 6.5323529243469238281 6.535266876220703125 6.5361294746398925781
5.9569754600524902344 6.0306386947631835938 6.06261444091796875 6.0598917007446289063 6.0429263114929199219 6.0281085968017578125 6.0357718467712402344 6.0832171440124511719 6.1273393630981445313 6.1497836112976074219 6.1718492507934570313 6.168121337890625 6.1369495391845703125 6.1045594215393066406 6.0751066207885742188 6.0575494766235351563 6.0401782989501953125 6.0260953903198242188 6.0250997543334960938 6.0530104637145996094 6.0749983787536621094 6.0581111907958984375 6.0167851448059082031 5.9565863609313964844 5.9117665290832519531 5.8724040985107421875 5.8479094505310058594 5.8439126014709472656 5.8680710792541503906 5.9157586097717285156 5.9606270790100097656 6.0067000389099121094 6.07476806640625 6.1441073417663574219 6.202083587646484375 6.2945032119750976563 6.3908586502075195313 6.4636716842651367188 6.4922494888305664063 6.504840850830078125 6.5125436782836914063 6.5145211219787597656
5.8964519500732421875 5.9504303932189941406 5.9792928695678710938 5.9920501708984375 5.9956469535827636719 5.9897274971008300781 5.9926142692565917969 6.0261693000793457031 6.0617327690124511719 6.0949101448059082031 6.162853240966796875 6.2087612152099609375 6.199005126953125 6.1582846641540527344 6.1122097969055175781 6.085613250732421875 6.0580158233642578125 6.0324802398681640625 6.0373201370239257813 6.0989599227905273438 6.1488537788391113281 6.1298727989196777344 6.0829463005065917969 6.0139336585998535156 5.954578399658203125 5.8928961753845214844 5.8441615104675292969 5.8279795646667480469 5.8463492393493652344 5.8877873420715332031 5.9237699508666992188 5.9589872360229492188 6.0165801048278808594 6.0803842544555664063 6.1355853080749511719 6.2197828292846679688 6.3040003776550292969 6.3729906082153320313 6.4201955795288085938 6.455844879150390625 6.4773888587951660156 6.4933199882507324219
5.8187131881713867188 5.8469181060791015625 5.8733167648315429688 5.9009375572204589844 5.9211640357971191406 5.9180517196655273438 5.9205579757690429688 5.9554882049560546875 5.9977006912231445313 6.0426859855651855469 6.13175201416015625 6.2028045654296875 6.2167530059814453125 6.1851963996887207031 6.1411967277526855469 6.1145615577697753906 6.0802483558654785156 6.0424785614013671875 6.0425395965576171875 6.1197156906127929688 6.1885704994201660156 6.17098236083984375 6.1158604621887207031 6.0322904586791992188 5.955928802490234375 5.8815979957580566406 5.8318486213684082031 5.8176922798156738281 5.8346395492553710938 5.8683142662048339844 5.8994779586791992188 5.9390845298767089844 6.0020155906677246094 6.0660681724548339844 6.1184968948364257813 6.1925110816955566406 6.2620625495910644531 6.3198795318603515625 6.3738794326782226563 6.42572784423828125 6.4589362144470214844 6.4880490303039550781
5.7765650749206542969 5.7867689132690429688 5.8059611320495605469 5.8352007865905761719 5.8583011627197265625 5.8524732589721679688 5.8572597503662109375 5.9028425216674804688 5.95548248291015625 6.0020036697387695313 6.083465576171875 6.1495776176452636719 6.1689133644104003906 6.1550588607788085938 6.1348433494567871094 6.1220297813415527344 6.092861175537109375 6.0518131256103515625 6.0394816398620605469 6.1064257621765136719 6.178165435791015625 6.1642889976501464844 6.1033892631530761719 6.0048918724060058594 5.9171113967895507813 5.8501024246215820313 5.81935882568359375 5.8163747787475585938 5.8402123451232910156 5.8756427764892578125 5.9051337242126464844 5.9506754875183105469 6.0272083282470703125 6.1042881011962890625 6.1659345626831054688 6.2379908561706542969 6.2847542762756347656 6.3220005035400390625 6.3685669898986816406 6.4257292747497558594 6.4633307456970214844 6.4919652938842773438
5.7582988739013671875 5.7596654891967773438 5.7690577507019042969 5.7900795936584472656 5.80901336669921875 5.8063473701477050781 5.8197541236877441406 5.8701305389404296875 5.9231905937194824219 5.9642205238342285156 6.0303282737731933594 6.0818514823913574219 6.0947079658508300781 6.0926599502563476563 6.093395233154296875 6.0941534042358398438 6.0816564559936523438 6.0514836311340332031 6.0302615165710449219 6.0741634368896484375 6.1419587135314941406 6.1354265213012695313 6.076244354248046875 5.9754862785339355469 5.8828220367431640625 5.8251919746398925781 5.8119745254516601563 5.8182873725891113281 5.8483514785766601563 5.8847284317016601563 5.9111390113830566406 5.9566707611083984375 6.0453705787658691406 6.1426310539245605469 6.2284402847290039063 6.3121800422668457031 6.3337235450744628906 6.3418717384338378906 6.3740606307983398438 6.4325556755065917969 6.4703640937805175781 6.4933857917785644531
5.7510671615600585938 5.74953460693359375 5.7521038055419921875 5.7612209320068359375 5.770565032958984375 5.7761564254760742188 5.8039159774780273438 5.8541097640991210938 5.8986048698425292969 5.9305267333984375 5.9789676666259765625 6.0134911537170410156 6.0209093093872070313 6.0265831947326660156 6.0357608795166015625 6.0409007072448730469 6.0448927879333496094 6.0341057777404785156 6.0130376815795898438 6.0326366424560546875 6.0864734649658203125 6.0911145210266113281 6.0448780059814453125 5.9562945365905761719 5.8643956184387207031 5.8121623992919921875 5.8077797889709472656 5.8180937767028808594 5.8463873863220214844 5.8756008148193359375 5.8992624282836914063 5.9455637931823730469 6.041225433349609375 6.1500067710876464844 6.2508349418640136719 6.350589752197265625 6.3705263137817382813 6.3648591041564941406 6.3864827156066894531 6.4393749237060546875 6.4721508026123046875 6.4900813102722167969
5.7440686225891113281 5.7403936386108398438 5.7389340400695800781 5.7407064437866210938 5.7431225776672363281 5.7558579444885253906 5.7944540977478027344 5.8413324356079101563 5.8758568763732910156 5.8986825942993164063 5.9306488037109375 5.9494028091430664063 5.9532389640808105469 5.9646391868591308594 5.9770460128784179688 5.9826412200927734375 5.9924669265747070313 5.9955229759216308594 5.9833517074584960938 5.9897847175598144531 6.0244526863098144531 6.0367875099182128906 6.0170297622680664063 5.9537553787231445313 5.8667206764221191406 5.8104453086853027344 5.8037118911743164063 5.8122010231018066406 5.8307051658630371094 5.8471598625183105469 5.8696503639221191406 5.9188737869262695313 6.0158710479736328125 6.122737884521484375 6.2170233726501464844 6.3307576179504394531 6.3833165168762207031 6.3921194076538085938 6.4105625152587890625 6.446758270263671875 6.4683198928833007813 6.481700897216796875
5.7325105667114257813 5.7285261154174804688 5.7263579368591308594 5.7247004508972167969 5.7245678901672363281 5.7370171546936035156 5.775623321533203125 5.82089996337890625 5.8528170585632324219 5.87067413330078125 5.8895282745361328125 5.8943190574645996094 5.8902449607849121094 5.8978338241577148438 5.9077348709106445313 5.912200927734375 5.9215135574340820313 5.9278302192687988281 5.9238758087158203125 5.930820465087890625 5.9619359970092773438 5.9857850074768066406 6.0039658546447753906 5.9813375473022460938 5.9033288955688476563 5.82564544677734375 5.8011660575866699219 5.8003764152526855469 5.8038573265075683594 5.80864715576171875 5.8326406478881835938 5.8876399993896484375 5.9788889884948730469 6.0692925453186035156 6.1481537818908691406 6.27263641357421875 6.3754425048828125 6.4194664955139160156 6.4397511482238769531 6.4561266899108886719 6.4642233848571777344 6.4674706459045410156
5.718780517578125 5.7171125411987304688 5.7159032821655273438 5.7124619483947753906 5.7093443870544433594 5.7159142494201660156 5.7502865791320800781 5.8004508018493652344 5.8367824554443359375 5.8521738052368164063 5.8560385704040527344 5.8466267585754394531 5.8352513313293457031 5.8271989822387695313 5.8264689445495605469 5.8315167427062988281 5.8491373062133789063 5.8568253517150878906 5.8510255813598632813 5.8561840057373046875 5.8972921371459960938 5.9392409324645996094 5.9986929893493652344 6.0132350921630859375 5.9388337135314941406 5.8424382209777832031 5.8025536537170410156 5.7953505516052246094 5.8005995750427246094 5.8147950172424316406 5.8442845344543457031 5.8970255851745605469 5.9768919944763183594 6.0528988838195800781 6.1192145347595214844 6.2360062599182128906 6.3544836044311523438 6.4192371368408203125 6.442630767822265625 6.4544830322265625 6.459377288818359375 6.4582419395446777344
5.7115283012390136719 5.7109999656677246094 5.710483551025390625 5.7081322669982910156 5.7038908004760742188 5.7066111564636230469 5.7369298934936523438 5.790069580078125 5.8288741111755371094 5.8417916297912597656 5.8371911048889160156 5.8201603889465332031 5.8067007064819335938 5.7946147918701171875 5.7928743362426757813 5.8017935752868652344 5.8244314193725585938 5.8316278457641601563 5.8224539756774902344 5.8221788406372070313 5.8609385490417480469 5.909458160400390625 5.9882750511169433594 6.0211381912231445313 5.9509634971618652344 5.8511729240417480469 5.8043541908264160156 5.7950234413146972656 5.8075437545776367188 5.8400034904479980469 5.8810052871704101563 5.9299030303955078125 5.9988965988159179688 6.0680170059204101563 6.1302509307861328125 6.2406382560729980469 6.3507518768310546875 6.4145894050598144531 6.439289093017578125 6.4489898681640625 6.4529070854187011719 6.4520039558410644531
5.7073316574096679688 5.7071223258972167969 5.7068095207214355469 5.7049579620361328125 5.7001447677612304688 5.6995935440063476563 5.7225394248962402344 5.7734599113464355469 5.8127899169921875 5.8241963386535644531 5.8167409896850585938 5.79842376708984375 5.7842073440551757813 5.7725291252136230469 5.7716336250305175781 5.7812790870666503906 5.8042421340942382813 5.8119478225708007813 5.8018236160278320313 5.7967982292175292969 5.8274235725402832031 5.8735270500183105469 5.9538373947143554688 5.9928598403930664063 5.9321184158325195313 5.8401231765747070313 5.7980542182922363281 5.7928829193115234375 5.817768096923828125 5.8714227676391601563 5.9260845184326171875 5.9762525558471679688 6.0439066886901855469 6.1133799552917480469 6.1789398193359375 6.2823333740234375 6.366207122802734375 6.4124355316162109375 6.4338297843933105469 6.4433140754699707031 6.44670867919921875 6.4459090232849121094
