INPUT/RASTER/ASCII/BIO17.asc
ncols        225
nrows        269
xllcorner    473009.983799999987
yllcorner    4429051.174800000153
cellsize     50.000000000000
NODATA_value -9999
[rows 19 to 37 of 269, columns 84 to 125 of 225]
27.990711212158203125 27.911403656005859375 27.974142074584960938 28.133962631225585938 28.228601455688476563 28.274473190307617188 28.27582550048828125 28.236528396606445313 28.20818328857421875 28.190326690673828125 28.178762435913085938 28.171396255493164063 28.162517547607421875 28.153280258178710938 28.148786544799804688 28.15439605712890625 28.156900405883789063 28.154096603393554688 28.15308380126953125 28.144145965576171875 28.13217926025390625 28.105749130249023438 28.080610275268554688 28.056409835815429688 28.02339935302734375 27.980564117431640625 27.949954986572265625 27.926395416259765625 27.884523391723632813 27.8358306884765625 27.80126953125 27.782468795776367188 27.771276473999023438 27.771123886108398438 -9999 -9999 -9999 -9999 -9999 -9999 -9999 -9999
27.971710205078125 27.886106491088867188 27.9407501220703125 28.10552978515625 28.200565338134765625 28.2352447509765625 28.224712371826171875 28.183923721313476563 28.15831756591796875 28.138631820678710938 28.132242202758789063 28.1399078369140625 28.147394180297851563 28.149211883544921875 28.150310516357421875 28.1576385498046875 28.160356521606445313 28.157785415649414063 28.156553268432617188 28.145631790161132813 28.133180618286132813 28.108182907104492188 28.083169937133789063 28.05864715576171875 28.028806686401367188 27.992753982543945313 27.966314315795898438 27.94173431396484375 27.893672943115234375 27.834224700927734375 27.787706375122070313 27.759122848510742188 27.745677947998046875 27.744174957275390625 -9999 -9999 -9999 -9999 -9999 -9999 -9999 -9999
27.985246658325195313 27.9026947021484375 27.911119461059570313 28.039630889892578125 28.145090103149414063 28.180995941162109375 28.161668777465820313 28.121896743774414063 28.098905563354492188 28.074794769287109375 28.062953948974609375 28.078687667846679688 28.112360000610351563 28.132078170776367188 28.139314651489257813 28.151493072509765625 28.161554336547851563 28.160615921020507813 28.156490325927734375 28.139059066772460938 28.12355804443359375 28.101886749267578125 28.080410003662109375 28.055513381958007813 28.02896881103515625 27.998981475830078125 27.97760009765625 27.9539947509765625 27.904783248901367188 27.836170196533203125 27.766580581665039063 27.695890426635742188 27.657810211181640625 27.625535964965820313 27.575469970703125 27.580747604370117188 27.582925796508789063 -9999 -9999 -9999 -9999 -9999
27.988569259643554688 27.904186248779296875 27.867828369140625 27.958440780639648438 28.081926345825195313 28.120012283325195313 28.087158203125 28.039754867553710938 28.019626617431640625 28.00127410888671875 27.983591079711914063 27.99900054931640625 28.063497543334960938 28.109256744384765625 28.126977920532226563 28.151704788208007813 28.167982101440429688 28.163805007934570313 28.148895263671875 28.120656967163085938 28.100965499877929688 28.083208084106445313 28.071697235107421875 28.051387786865234375 28.026662826538085938 28.000423431396484375 27.980779647827148438 27.96057891845703125 27.91701507568359375 27.8327789306640625 27.723529815673828125 27.620477676391601563 27.572145462036132813 27.56758880615234375 27.571947097778320313 27.578599929809570313 27.583890914916992188 27.593944549560546875 -9999 -9999 -9999 -9999
27.955560684204101563 27.863735198974609375 27.820108413696289063 27.90790557861328125 28.035902023315429688 28.067029953002929688 28.017110824584960938 27.954839706420898438 27.939466476440429688 27.938129425048828125 27.923862457275390625 27.936834335327148438 28.013683319091796875 28.083673477172851563 28.121002197265625 28.16127777099609375 28.175008773803710938 28.16048431396484375 28.126165390014648438 28.079221725463867188 28.055704116821289063 28.045452117919921875 28.047449111938476563 28.041852951049804688 28.02094268798828125 27.994405746459960938 27.97151947021484375 27.956417083740234375 27.91805267333984375 27.814817428588867188 27.696508407592773438 27.6083221435546875 27.569513320922851563 27.557844161987304688 27.5643768310546875 27.574422836303710938 27.586118698120117188 27.597097396850585938 27.607227325439453125 27.607820510864257813 -9999 -9999
27.895761489868164063 27.79898834228515625 27.772634506225585938 27.882276535034179688 27.997690200805664063 28.01836395263671875 27.966722488403320313 27.910757064819335938 27.901493072509765625 27.900835037231445313 27.88103485107421875 27.890207290649414063 27.95966339111328125 28.036596298217773438 28.095813751220703125 28.155389785766601563 28.167682647705078125 28.140108108520507813 28.078855514526367188 27.996723175048828125 27.96326446533203125 27.963413238525390625 27.987215042114257813 28.004819869995117188 27.998914718627929688 27.96109771728515625 27.9169921875 27.902246475219726563 27.869493484497070313 27.793731689453125 27.7177886962890625 27.645830154418945313 27.603174209594726563 27.57556915283203125 27.573350906372070313 27.581460952758789063 27.593109130859375 27.60532379150390625 27.612482070922851563 27.61837005615234375 27.625217437744140625 -9999
27.812900543212890625 27.733425140380859375 27.726593017578125 27.8119964599609375 27.895383834838867188 27.927509307861328125 27.924867630004882813 27.9150390625 27.912868499755859375 27.892351150512695313 27.84307861328125 27.841508865356445313 27.906339645385742188 27.978151321411132813 28.045469284057617188 28.124908447265625 28.141231536865234375 28.109022140502929688 28.036281585693359375 27.929241180419921875 27.885873794555664063 27.88816070556640625 27.915706634521484375 27.941404342651367188 27.94268798828125 27.895860671997070313 27.867231369018554688 27.859071731567382813 27.834285736083984375 27.787797927856445313 27.734493255615234375 27.676868438720703125 27.6379547119140625 27.60376739501953125 27.5923614501953125 27.597383499145507813 27.608795166015625 27.620973587036132813 27.627323150634765625 27.6282806396484375 27.633897781372070313 27.64530181884765625
27.790248870849609375 27.718095779418945313 27.70092010498046875 27.736360549926757813 27.78937530517578125 27.843225479125976563 27.891292572021484375 27.9119110107421875 27.912174224853515625 27.87738037109375 27.809801101684570313 27.802616119384765625 27.86066436767578125 27.923860549926757813 27.985317230224609375 28.068933486938476563 28.0956878662109375 28.07250213623046875 28.012960433959960938 27.913137435913085938 27.865987777709960938 27.85082244873046875 27.851352691650390625 27.849880218505859375 27.8421173095703125 27.8386383056640625 27.842823028564453125 27.840711593627929688 27.819549560546875 27.778711318969726563 27.735776901245117188 27.691463470458984375 27.660991668701171875 27.630380630493164063 27.614900588989257813 27.615724563598632813 27.625797271728515625 27.637868881225585938 27.6437835693359375 27.640588760375976563 27.639835357666015625 27.652286529541015625
27.822420120239257813 27.720720291137695313 27.672300338745117188 27.661790847778320313 27.706233978271484375 27.781280517578125 27.851446151733398438 27.88210296630859375 27.8809661865234375 27.846063613891601563 27.792470932006835938 27.785661697387695313 27.826669692993164063 27.875843048095703125 27.927267074584960938 28.0017852783203125 28.035533905029296875 28.020658493041992188 27.971637725830078125 27.893840789794921875 27.848419189453125 27.80733489990234375 27.775735855102539063 27.760927200317382813 27.764764785766601563 27.788476943969726563 27.806440353393554688 27.80780029296875 27.786754608154296875 27.754594802856445313 27.727273941040039063 27.697088241577148438 27.674930572509765625 27.65003204345703125 27.634515762329101563 27.629274368286132813 27.634504318237304688 27.645769119262695313 27.652505874633789063 27.65087890625 27.648714065551757813 27.663837432861328125
27.813747406005859375 27.659353256225585938 27.58548736572265625 27.546621322631835938 27.617597579956054688 27.725605010986328125 27.80069732666015625 27.834255218505859375 27.83518218994140625 27.811128616333007813 27.779537200927734375 27.77387237548828125 27.80220794677734375 27.842931747436523438 27.883174896240234375 27.9399871826171875 27.967607498168945313 27.956159591674804688 27.917516708374023438 27.853361129760742188 27.804456710815429688 27.750387191772460938 27.724775314331054688 27.711704254150390625 27.714517593383789063 27.738325119018554688 27.755773544311523438 27.759431838989257813 27.74510955810546875 27.725666046142578125 27.713771820068359375 27.695234298706054688 27.68012237548828125 27.663709640502929688 27.650470733642578125 27.642068862915039063 27.640321731567382813 27.64899444580078125 27.6562347412109375 27.659067153930664063 27.662031173706054688 27.678644180297851563
27.694835662841796875 27.529455184936523438 27.45452880859375 27.408903121948242188 27.498149871826171875 27.627302169799804688 27.70325469970703125 27.740955352783203125 27.746465682983398438 27.733835220336914063 27.716409683227539063 27.71338653564453125 27.743640899658203125 27.800350189208984375 27.83733367919921875 27.871740341186523438 27.887365341186523438 27.877061843872070313 27.847843170166015625 27.790313720703125 27.751585006713867188 27.723743438720703125 27.706167221069335938 27.687177658081054688 27.676891326904296875 27.69470977783203125 27.70761871337890625 27.712537765502929688 27.70865631103515625 27.700962066650390625 27.700092315673828125 27.69248199462890625 27.683200836181640625 27.672962188720703125 27.662546157836914063 27.6557159423828125 27.648700714111328125 27.652421951293945313 27.658102035522460938 27.664142608642578125 27.67465972900390625 27.68918609619140625
27.538188934326171875 27.463827133178710938 27.411487579345703125 27.371730804443359375 27.403009414672851563 27.476083755493164063 27.546747207641601563 27.586084365844726563 27.593881607055664063 27.590505599975585938 27.580728530883789063 27.5807342529296875 27.61664581298828125 27.694433212280273438 27.72885894775390625 27.739957809448242188 27.749101638793945313 27.747577667236328125 27.739458084106445313 27.734380722045898438 27.728565216064453125 27.71663665771484375 27.700191497802734375 27.680295944213867188 27.666202545166015625 27.670770645141601563 27.680189132690429688 27.685619354248046875 27.685611724853515625 27.687528610229492188 27.689128875732421875 27.689544677734375 27.686069488525390625 27.67786407470703125 27.673013687133789063 27.668369293212890625 27.659334182739257813 27.656309127807617188 27.656156539916992188 27.661130905151367188 27.677965164184570313 27.695196151733398438
27.454305648803710938 27.423585891723632813 27.389970779418945313 27.366151809692382813 27.388881683349609375 27.452402114868164063 27.525850296020507813 27.559314727783203125 27.567159652709960938 27.574613571166992188 27.571743011474609375 27.56917572021484375 27.573755264282226563 27.574747085571289063 27.574556350708007813 27.574037551879882813 27.576536178588867188 27.60619354248046875 27.670309066772460938 27.71369171142578125 27.721254348754882813 27.712755203247070313 27.703838348388671875 27.688068389892578125 27.678112030029296875 27.667728424072265625 27.669603347778320313 27.6766510009765625 27.679704666137695313 27.679403305053710938 27.683475494384765625 27.691417694091796875 27.69216156005859375 27.685733795166015625 27.682987213134765625 27.676959991455078125 27.669469833374023438 27.662580490112304688 27.659679412841796875 27.662336349487304688 27.679513931274414063 27.698629379272460938
27.437948226928710938 27.409894943237304688 27.37966156005859375 27.355928421020507813 27.378976821899414063 27.4426422119140625 27.519708633422851563 27.557741165161132813 27.567640304565429688 27.577474594116210938 27.580492019653320313 27.5728912353515625 27.569660186767578125 27.563444137573242188 27.565176010131835938 27.566354751586914063 27.5633697509765625 27.58333587646484375 27.6409149169921875 27.7034912109375 27.718109130859375 27.712190628051757813 27.707712173461914063 27.695560455322265625 27.684907913208007813 27.673519134521484375 27.672367095947265625 27.679029464721679688 27.686113357543945313 27.687326431274414063 27.69189453125 27.6969451904296875 27.699197769165039063 27.697000503540039063 27.691240310668945313 27.68550872802734375 27.68036651611328125 27.675312042236328125 27.673053741455078125 27.676378250122070313 27.688007354736328125 27.702230453491210938
27.429368972778320313 27.404020309448242188 27.3766937255859375 27.353206634521484375 27.36920166015625 27.422771453857421875 27.4951934814453125 27.539182662963867188 27.555803298950195313 27.570796966552734375 27.576442718505859375 27.572765350341796875 27.567043304443359375 27.563053131103515625 27.56450653076171875 27.559963226318359375 27.56098175048828125 27.5724029541015625 27.6200103759765625 27.691440582275390625 27.710790634155273438 27.713232040405273438 27.713796615600585938 27.7061004638671875 27.69525146484375 27.681087493896484375 27.676202774047851563 27.681871414184570313 27.69258880615234375 27.700620651245117188 27.704975128173828125 27.703165054321289063 27.70307159423828125 27.703817367553710938 27.698358535766601563 27.695575714111328125 27.691740036010742188 27.690532684326171875 27.690219879150390625 27.692218780517578125 27.696155548095703125 27.705793380737304688
27.416210174560546875 27.39632415771484375 27.37587738037109375 27.358098983764648438 27.366250991821289063 27.406446456909179688 27.464632034301757813 27.5030059814453125 27.529451370239257813 27.553424835205078125 27.564592361450195313 27.566598892211914063 27.563077926635742188 27.564189910888671875 27.559619903564453125 27.55370330810546875 27.559106826782226563 27.569416046142578125 27.598730087280273438 27.671339035034179688 27.704858779907226563 27.715753555297851563 27.7227935791015625 27.721652984619140625 27.711147308349609375 27.693145751953125 27.684497833251953125 27.685878753662109375 27.69655609130859375 27.708147048950195313 27.71361541748046875 27.708631515502929688 27.707311630249023438 27.710552215576171875 27.7061614990234375 27.7066497802734375 27.706415176391601563 27.704622268676757813 27.707315444946289063 27.710018157958984375 27.710361480712890625 27.712408065795898438
27.392602920532226563 27.380216598510742188 27.37136077880859375 27.361169815063476563 27.36513519287109375 27.3957672119140625 27.442539215087890625 27.47348785400390625 27.502637863159179688 27.530427932739257813 27.545793533325195313 27.553590774536132813 27.557214736938476563 27.5615386962890625 27.551744461059570313 27.546609878540039063 27.549608230590820313 27.560899734497070313 27.5762786865234375 27.644012451171875 27.689119338989257813 27.711818695068359375 27.724279403686523438 27.732395172119140625 27.728120803833007813 27.711408615112304688 27.699682235717773438 27.6931610107421875 27.700365066528320313 27.712017059326171875 27.72016143798828125 27.71758270263671875 27.715097427368164063 27.719209671020507813 27.718149185180664063 27.71793365478515625 27.721307754516601563 27.718904495239257813 27.718221664428710938 27.723554611206054688 27.7275848388671875 27.725149154663085938
27.348117828369140625 27.345020294189453125 27.354127883911132813 27.359241485595703125 27.3655242919921875 27.389181137084960938 27.427829742431640625 27.454975128173828125 27.481334686279296875 27.507415771484375 27.526361465454101563 27.539419174194335938 27.544651031494140625 27.547283172607421875 27.538822174072265625 27.53658294677734375 27.54210662841796875 27.553005218505859375 27.566041946411132813 27.59928131103515625 27.635663986206054688 27.686632156372070313 27.70954132080078125 27.724483489990234375 27.729801177978515625 27.720823287963867188 27.712953567504882813 27.703840255737304688 27.70550537109375 27.716165542602539063 27.72662353515625 27.729030609130859375 27.727598190307617188 27.729465484619140625 27.732501983642578125 27.735635757446289063 27.735754013061523438 27.736036300659179688 27.737611770629882813 27.741159439086914063 27.742298126220703125 27.742372512817382813
27.269786834716796875 27.283910751342773438 27.318899154663085938 27.354299545288085938 27.368152618408203125 27.388082504272460938 27.419246673583984375 27.44002532958984375 27.464847564697265625 27.486921310424804688 27.508563995361328125 27.524156570434570313 27.528642654418945313 27.531162261962890625 27.52838897705078125 27.532186508178710938 27.543340682983398438 27.553493499755859375 27.561313629150390625 27.564868927001953125 27.581634521484375 27.643711090087890625 27.689775466918945313 27.706190109252929688 27.7158966064453125 27.715394973754882813 27.716312408447265625 27.713958740234375 27.711023330688476563 27.7197418212890625 27.730655670166015625 27.738935470581054688 27.742708206176757813 27.743585586547851563 27.743865966796875 27.74947357177734375 27.751180648803710938 27.748373031616210938 27.751552581787109375 27.75664520263671875 27.75698089599609375 27.75522613525390625
