INPUT/RASTER/ASCII/BIO10.asc
ncols        225
nrows        269
xllcorner    473009.983799999987
yllcorner    4429051.174800000153
cellsize     50.000000000000
NODATA_value  -9999
[rows 171 to 189 of 269, columns 44 to 87 of 225]
25.086980819702148438 25.092222213745117188 25.100223541259765625 25.114360809326171875 25.132009506225585938 25.146348953247070313 25.1486358642578125 25.1449737548828125 25.132253646850585938 25.11650848388671875 25.104923248291015625 25.098171234130859375 25.08946990966796875 25.082616806030273438 25.073986053466796875 25.06975555419921875 25.065975189208984375 25.062496185302734375 25.05895233154296875 25.056776046752929688 25.054218292236328125 25.0534210205078125 25.054426193237304688 25.055517196655273438 25.057226181030273438 25.058320999145507813 25.057977676391601563 25.055967330932617188 25.051860809326171875 25.049957275390625 25.051340103149414063 25.052669525146484375 25.05348968505859375 25.055822372436523438 25.06101226806640625 25.069179534912109375 25.077911376953125 25.083576202392578125 25.08702850341796875 25.090175628662109375 25.0916900634765625 25.092870712280273438 25.093488693237304688 25.092458724975585938
25.108005523681640625 25.113817214965820313 25.122371673583984375 25.13527679443359375 25.15232086181640625 25.160863876342773438 25.155614852905273438 25.146703720092773438 25.124990463256835938 25.102178573608398438 25.088850021362304688 25.0864715576171875 25.08447265625 25.080751419067382813 25.073902130126953125 25.068576812744140625 25.065395355224609375 25.063165664672851563 25.060953140258789063 25.059480667114257813 25.057781219482421875 25.057024002075195313 25.05756378173828125 25.0586395263671875 25.060054779052734375 25.060581207275390625 25.060213088989257813 25.058460235595703125 25.054042816162109375 25.050428390502929688 25.050416946411132813 25.051107406616210938 25.051492691040039063 25.053403854370117188 25.058504104614257813 25.067361831665039063 25.077074050903320313 25.083221435546875 25.08638763427734375 25.089691162109375 25.0916900634765625 25.092973709106445313 25.093099594116210938 25.091138839721679688
25.131441116333007813 25.13637542724609375 25.143941879272460938 25.1561737060546875 25.1648712158203125 25.164447784423828125 25.151998519897460938 25.139619827270507813 25.114513397216796875 25.091510772705078125 25.078914642333984375 25.076826095581054688 25.077388763427734375 25.076551437377929688 25.072650909423828125 25.06764984130859375 25.06490325927734375 25.063650131225585938 25.06240081787109375 25.061580657958984375 25.060579299926757813 25.0605926513671875 25.060750961303710938 25.061548233032226563 25.06241607666015625 25.062269210815429688 25.061405181884765625 25.059659957885742188 25.056140899658203125 25.05178070068359375 25.049835205078125 25.050571441650390625 25.051137924194335938 25.052982330322265625 25.057443618774414063 25.066623687744140625 25.077159881591796875 25.083127975463867188 25.086208343505859375 25.089441299438476563 25.091188430786132813 25.09229278564453125 25.091672897338867188 25.088445663452148438
25.150655746459960938 25.1542510986328125 25.162258148193359375 25.168975830078125 25.168537139892578125 25.159162521362304688 25.138986587524414063 25.125051498413085938 25.101926803588867188 25.083524703979492188 25.073822021484375 25.071065902709960938 25.071292877197265625 25.071496963500976563 25.070262908935546875 25.067409515380859375 25.065570831298828125 25.064374923706054688 25.0634002685546875 25.062868118286132813 25.062816619873046875 25.063249588012695313 25.06331634521484375 25.063138961791992188 25.063287734985351563 25.062984466552734375 25.061929702758789063 25.059988021850585938 25.057573318481445313 25.0532073974609375 25.049617767333984375 25.049940109252929688 25.050779342651367188 25.052904129028320313 25.057962417602539063 25.067964553833007813 25.078784942626953125 25.084415435791015625 25.08727264404296875 25.089578628540039063 25.090576171875 25.090692520141601563 25.088504791259765625 25.083345413208007813
25.161748886108398438 25.166158676147460938 25.171548843383789063 25.168550491333007813 25.161828994750976563 25.144567489624023438 25.121026992797851563 25.108640670776367188 25.090459823608398438 25.076875686645507813 25.071018218994140625 25.068349838256835938 25.067369461059570313 25.067811965942382813 25.068361282348632813 25.067577362060546875 25.0664520263671875 25.065093994140625 25.064510345458984375 25.06436920166015625 25.064840316772460938 25.065118789672851563 25.065097808837890625 25.064344406127929688 25.063503265380859375 25.06298065185546875 25.061931610107421875 25.059783935546875 25.05754852294921875 25.054294586181640625 25.050296783447265625 25.049421310424804688 25.05023956298828125 25.052898406982421875 25.059530258178710938 25.070444107055664063 25.080841064453125 25.086622238159179688 25.088802337646484375 25.090227127075195313 25.09023284912109375 25.089025497436523438 25.08502197265625 25.078380584716796875
25.173267364501953125 25.175058364868164063 25.170894622802734375 25.159297943115234375 25.1439208984375 25.122110366821289063 25.101938247680664063 25.094112396240234375 25.08303070068359375 25.073431015014648438 25.0699615478515625 25.067890167236328125 25.066339492797851563 25.066576004028320313 25.067455291748046875 25.067937850952148438 25.067625045776367188 25.067596435546875 25.067493438720703125 25.0673675537109375 25.067659378051757813 25.06743621826171875 25.066602706909179688 25.06568145751953125 25.063716888427734375 25.062530517578125 25.061801910400390625 25.060106277465820313 25.058349609375 25.056848526000976563 25.053434371948242188 25.051744461059570313 25.051115036010742188 25.053060531616210938 25.061410903930664063 25.074010848999023438 25.0836181640625 25.088285446166992188 25.089931488037109375 25.090925216674804688 25.089941024780273438 25.089282989501953125 25.085462570190429688 25.081026077270507813
25.17726898193359375 25.172847747802734375 25.158946990966796875 25.136243820190429688 25.112981796264648438 25.096776962280273438 25.087526321411132813 25.083766937255859375 25.078830718994140625 25.073862075805664063 25.071916580200195313 25.0709686279296875 25.069623947143554688 25.069005966186523438 25.0689544677734375 25.0699310302734375 25.070753097534179688 25.07122802734375 25.070926666259765625 25.070770263671875 25.069890975952148438 25.06891632080078125 25.067718505859375 25.06597137451171875 25.063673019409179688 25.062259674072265625 25.062047958374023438 25.061071395874023438 25.059812545776367188 25.059078216552734375 25.05764007568359375 25.056161880493164063 25.053745269775390625 25.054727554321289063 25.06504058837890625 25.078779220581054688 25.086763381958007813 25.08948516845703125 25.090635299682617188 25.092815399169921875 25.094320297241210938 25.094682693481445313 25.092388153076171875 25.088939666748046875
25.172960281372070313 25.16657257080078125 25.150308609008789063 25.123178482055664063 25.099103927612304688 25.089281082153320313 25.086133956909179688 25.0834808349609375 25.07918548583984375 25.076402664184570313 25.07637786865234375 25.076717376708984375 25.075834274291992188 25.075361251831054688 25.074932098388671875 25.074430465698242188 25.074609756469726563 25.074977874755859375 25.074739456176757813 25.074115753173828125 25.07231903076171875 25.070753097534179688 25.068819046020507813 25.066310882568359375 25.064073562622070313 25.062898635864257813 25.062625885009765625 25.06197357177734375 25.060993194580078125 25.060003280639648438 25.059720993041992188 25.059055328369140625 25.05696868896484375 25.058490753173828125 25.07076263427734375 25.0831451416015625 25.08946990966796875 25.09152984619140625 25.095518112182617188 25.100481033325195313 25.103424072265625 25.10079193115234375 25.09661102294921875 25.092718124389648438
25.167362213134765625 25.160125732421875 25.144527435302734375 25.11981964111328125 25.098798751831054688 25.091989517211914063 25.090593338012695313 25.087909698486328125 25.082401275634765625 25.080099105834960938 25.082599639892578125 25.084575653076171875 25.084192276000976563 25.083353042602539063 25.080545425415039063 25.077314376831054688 25.076799392700195313 25.078031539916992188 25.078340530395507813 25.07770538330078125 25.075384140014648438 25.072755813598632813 25.070188522338867188 25.067049026489257813 25.064901351928710938 25.064554214477539063 25.064012527465820313 25.063081741333007813 25.062185287475585938 25.061208724975585938 25.061107635498046875 25.06110382080078125 25.060132980346679688 25.062042236328125 25.0755157470703125 25.088031768798828125 25.095811843872070313 25.099939346313476563 25.105503082275390625 25.111253738403320313 25.110750198364257813 25.103960037231445313 25.096456527709960938 25.092252731323242188
25.160772323608398438 25.1526947021484375 25.136932373046875 25.116455078125 25.10044097900390625 25.095867156982421875 25.095020294189453125 25.092832565307617188 25.088403701782226563 25.086635589599609375 25.089487075805664063 25.092119216918945313 25.091348648071289063 25.089468002319335938 25.083578109741210938 25.07826995849609375 25.077976226806640625 25.079683303833007813 25.080608367919921875 25.080379486083984375 25.078054428100585938 25.074640274047851563 25.071630477905273438 25.068414688110351563 25.066404342651367188 25.0662078857421875 25.065704345703125 25.064319610595703125 25.063119888305664063 25.06219482421875 25.062084197998046875 25.062343597412109375 25.061992645263671875 25.064687728881835938 25.0795135498046875 25.095060348510742188 25.104478836059570313 25.1107025146484375 25.11480712890625 25.118534088134765625 25.11551666259765625 25.106538772583007813 25.0963287353515625 25.091032028198242188
25.152408599853515625 25.143466949462890625 25.127920150756835938 25.112119674682617188 25.101871490478515625 25.09967803955078125 25.099300384521484375 25.098392486572265625 25.096494674682617188 25.094022750854492188 25.094879150390625 25.096982955932617188 25.0959320068359375 25.0940093994140625 25.087430953979492188 25.080720901489257813 25.079702377319335938 25.080942153930664063 25.081697463989257813 25.081554412841796875 25.079729080200195313 25.076490402221679688 25.07324981689453125 25.070322036743164063 25.068639755249023438 25.06784820556640625 25.067247390747070313 25.065656661987304688 25.064039230346679688 25.062885284423828125 25.062732696533203125 25.063074111938476563 25.063821792602539063 25.069728851318359375 25.086406707763671875 25.102962493896484375 25.111906051635742188 25.116973876953125 25.120203018188476563 25.12215423583984375 25.11911773681640625 25.109998703002929688 25.098079681396484375 25.091196060180664063
25.141521453857421875 25.130260467529296875 25.116056442260742188 25.1068572998046875 25.102838516235351563 25.103443145751953125 25.1043243408203125 25.104391098022460938 25.103685379028320313 25.100873947143554688 25.09922027587890625 25.0988006591796875 25.098003387451171875 25.096773147583007813 25.091501235961914063 25.084718704223632813 25.081903457641601563 25.08174896240234375 25.081773757934570313 25.081533432006835938 25.0808868408203125 25.078845977783203125 25.076219558715820313 25.07413482666015625 25.07227325439453125 25.071439743041992188 25.070005416870117188 25.067842483520507813 25.065401077270507813 25.063989639282226563 25.064863204956054688 25.066165924072265625 25.06859588623046875 25.078838348388671875 25.094989776611328125 25.107204437255859375 25.115253448486328125 25.119266510009765625 25.121809005737304688 25.124053955078125 25.122945785522460938 25.115083694458007813 25.1017913818359375 25.092073440551757813
25.131669998168945313 25.117313385009765625 25.105760574340820313 25.1037750244140625 25.105203628540039063 25.107385635375976563 25.108663558959960938 25.110296249389648438 25.1104583740234375 25.107608795166015625 25.104442596435546875 25.100542068481445313 25.097972869873046875 25.096220016479492188 25.091686248779296875 25.086977005004882813 25.083984375 25.082332611083984375 25.08127593994140625 25.080942153930664063 25.08171844482421875 25.082338333129882813 25.0813140869140625 25.079076766967773438 25.07765960693359375 25.076608657836914063 25.074405670166015625 25.071298599243164063 25.067457199096679688 25.066858291625976563 25.07068634033203125 25.075193405151367188 25.080621719360351563 25.08746337890625 25.09450531005859375 25.104429244995117188 25.115133285522460938 25.120611190795898438 25.123233795166015625 25.125726699829101563 25.125337600708007813 25.117931365966796875 25.102230072021484375 25.090898513793945313
25.137144088745117188 25.119665145874023438 25.108011245727539063 25.1063079833984375 25.107685089111328125 25.109586715698242188 25.110683441162109375 25.112386703491210938 25.112916946411132813 25.110528945922851563 25.106618881225585938 25.100847244262695313 25.095609664916992188 25.09271240234375 25.089344024658203125 25.087419509887695313 25.084888458251953125 25.082275390625 25.081148147583007813 25.080980300903320313 25.081981658935546875 25.083314895629882813 25.083093643188476563 25.08135223388671875 25.08040618896484375 25.079891204833984375 25.077779769897460938 25.073701858520507813 25.071031570434570313 25.072877883911132813 25.078464508056640625 25.081727981567382813 25.085313796997070313 25.089143753051757813 25.093725204467773438 25.102273941040039063 25.114110946655273438 25.120576858520507813 25.12346649169921875 25.1266937255859375 25.126832962036132813 25.119451522827148438 25.102125167846679688 25.089792251586914063
25.149456024169921875 25.12841796875 25.114009857177734375 25.110387802124023438 25.110300064086914063 25.111469268798828125 25.1123504638671875 25.114103317260742188 25.114168167114257813 25.112180709838867188 25.108343124389648438 25.101558685302734375 25.094743728637695313 25.0914306640625 25.088062286376953125 25.086881637573242188 25.084569931030273438 25.082487106323242188 25.081785202026367188 25.081878662109375 25.083011627197265625 25.084268569946289063 25.08521270751953125 25.084241867065429688 25.083881378173828125 25.083339691162109375 25.08095550537109375 25.077413558959960938 25.077510833740234375 25.080030441284179688 25.083099365234375 25.084917068481445313 25.08730316162109375 25.0910797119140625 25.095958709716796875 25.10324859619140625 25.114179611206054688 25.120496749877929688 25.123752593994140625 25.127546310424804688 25.127740859985351563 25.119558334350585938 25.102476119995117188 25.090497970581054688
25.154575347900390625 25.135320663452148438 25.119432449340820313 25.114061355590820313 25.11299896240234375 25.113574981689453125 25.114597320556640625 25.115583419799804688 25.114650726318359375 25.112579345703125 25.108745574951171875 25.101842880249023438 25.094816207885742188 25.091264724731445313 25.087034225463867188 25.085170745849609375 25.084150314331054688 25.084066390991210938 25.083955764770507813 25.0843658447265625 25.085245132446289063 25.08526611328125 25.086603164672851563 25.087194442749023438 25.08798980712890625 25.08760833740234375 25.085712432861328125 25.084348678588867188 25.085704803466796875 25.086925506591796875 25.086986541748046875 25.087305068969726563 25.089082717895507813 25.093969345092773438 25.103116989135742188 25.110921859741210938 25.118043899536132813 25.122297286987304688 25.125028610229492188 25.128414154052734375 25.127645492553710938 25.1188507080078125 25.102941513061523438 25.092584609985351563
25.154371261596679688 25.135114669799804688 25.120786666870117188 25.11660003662109375 25.11632537841796875 25.117092132568359375 25.118112564086914063 25.117641448974609375 25.115411758422851563 25.112497329711914063 25.108274459838867188 25.101837158203125 25.095607757568359375 25.092119216918945313 25.087324142456054688 25.084667205810546875 25.085422515869140625 25.088098526000976563 25.0890960693359375 25.089944839477539063 25.090694427490234375 25.088100433349609375 25.0883636474609375 25.090250015258789063 25.092061996459960938 25.093767166137695313 25.095735549926757813 25.0961456298828125 25.097156524658203125 25.095979690551757813 25.093526840209960938 25.092962265014648438 25.0942840576171875 25.100839614868164063 25.114103317260742188 25.121337890625 25.123224258422851563 25.124385833740234375 25.126073837280273438 25.128564834594726563 25.125688552856445313 25.115568161010742188 25.101919174194335938 25.092487335205078125
25.153295516967773438 25.131998062133789063 25.122074127197265625 25.122186660766601563 25.122129440307617188 25.12154388427734375 25.121599197387695313 25.1196746826171875 25.116453170776367188 25.112268447875976563 25.107593536376953125 25.102294921875 25.097057342529296875 25.094011306762695313 25.089969635009765625 25.08834075927734375 25.091592788696289063 25.09857177734375 25.102386474609375 25.10449981689453125 25.105083465576171875 25.0992584228515625 25.098598480224609375 25.099811553955078125 25.101449966430664063 25.109243392944335938 25.12128448486328125 25.124874114990234375 25.124475479125976563 25.119962692260742188 25.115955352783203125 25.114953994750976563 25.116247177124023438 25.12378692626953125 25.132104873657226563 25.130535125732421875 25.126184463500976563 25.123537063598632813 25.123319625854492188 25.124172210693359375 25.11844635009765625 25.106634140014648438 25.09738922119140625 25.091831207275390625
25.161334991455078125 25.140567779541015625 25.134252548217773438 25.138469696044921875 25.133172988891601563 25.125776290893554688 25.122888565063476563 25.120235443115234375 25.1168365478515625 25.11185455322265625 25.106344223022460938 25.101858139038085938 25.099254608154296875 25.098814010620117188 25.099534988403320313 25.105283737182617188 25.1171417236328125 25.128290176391601563 25.133314132690429688 25.13567352294921875 25.136587142944335938 25.1316375732421875 25.1280059814453125 25.122102737426757813 25.119579315185546875 25.130435943603515625 25.14818572998046875 25.153097152709960938 25.151485443115234375 25.14794158935546875 25.1460418701171875 25.145418167114257813 25.146657943725585938 25.15111541748046875 25.148904800415039063 25.136371612548828125 25.126955032348632813 25.121805191040039063 25.116418838500976563 25.112413406372070313 25.10642242431640625 25.098445892333984375 25.0937042236328125 25.091678619384765625
