INPUT/RASTER/ASCII/BIO19.asc
ncols        225
nrows        269
xllcorner    473000.000000000000
yllcorner    4429100.000000000000
cellsize     50.000000000000
NODATA_value -9999
[rows 240 to 259 of 269, columns 92 to 137 of 225]
191.0651397705078125 191.183013916015625 190.9099273681640625 190.397796630859375 190.130279541015625 189.7480010986328125 189.61065673828125 189.5277557373046875 189.4232635498046875 189.52789306640625 189.8236541748046875 189.9332275390625 189.9456329345703125 190.196197509765625 191.0537567138671875 191.9595794677734375 191.70648193359375 191.026702880859375 192.3588409423828125 193.1280059814453125 194.0658416748046875 194.76318359375 196.461761474609375 197.6739044189453125 198.8650970458984375 200.022796630859375 200.37542724609375 202.08380126953125 204.060333251953125 206.195220947265625 207.801025390625 208.1121673583984375 208.4852447509765625 208.2316436767578125 207.5547637939453125 207.1278533935546875 207.02630615234375 206.95025634765625 206.9543609619140625 207.080841064453125 207.075103759765625 207.0097808837890625 206.6790618896484375 206.056396484375 205.654449462890625 204.88623046875
190.8692779541015625 190.8931884765625 190.5449371337890625 190.0272216796875 189.788726806640625 189.4702301025390625 189.42889404296875 189.30401611328125 189.2645111083984375 189.5062255859375 189.9339752197265625 189.938995361328125 189.84222412109375 190.043548583984375 190.6171875 191.0977020263671875 190.9189910888671875 190.99517822265625 193.056396484375 194.3115234375 195.7509307861328125 196.442230224609375 198.0605316162109375 199.221343994140625 200.9286041259765625 202.0692901611328125 202.00323486328125 203.62548828125 205.23846435546875 207.01275634765625 207.866912841796875 207.994232177734375 208.0601348876953125 207.82135009765625 207.2163848876953125 206.7448883056640625 206.5152435302734375 206.4833984375 206.572235107421875 206.629913330078125 206.8262939453125 206.8902587890625 206.5736541748046875 205.9146728515625 205.4467010498046875 204.66552734375
190.782562255859375 190.7092132568359375 190.200439453125 189.6693572998046875 189.605987548828125 189.3026123046875 189.246917724609375 189.2126312255859375 189.4286651611328125 189.82891845703125 190.09881591796875 190.0770721435546875 189.774261474609375 189.890716552734375 190.135284423828125 190.4742279052734375 190.634857177734375 191.9788055419921875 194.62835693359375 196.2146453857421875 197.869537353515625 198.253631591796875 200.1541900634765625 200.795074462890625 203.020233154296875 204.4969940185546875 204.346435546875 205.8931121826171875 206.5489349365234375 207.611328125 207.9326171875 207.8987884521484375 207.7136077880859375 207.4903564453125 206.834686279296875 206.41473388671875 206.0792694091796875 206.0438995361328125 206.163421630859375 206.058441162109375 206.497802734375 206.553497314453125 206.2392578125 205.6932830810546875 205.13458251953125 204.444671630859375
190.474609375 190.5515289306640625 189.79022216796875 189.392822265625 189.3435516357421875 189.1826934814453125 189.1707763671875 189.2095489501953125 189.399139404296875 189.939361572265625 189.647705078125 189.8439178466796875 189.5782928466796875 189.7376708984375 189.762420654296875 190.1204071044921875 190.85406494140625 193.608673095703125 196.5976409912109375 198.389190673828125 200.506683349609375 201.928802490234375 203.0072021484375 203.332427978515625 205.0131988525390625 206.5157012939453125 206.859039306640625 207.6760711669921875 207.63214111328125 207.56854248046875 207.559906005859375 207.533599853515625 207.4170074462890625 207.17236328125 206.4232635498046875 205.83343505859375 205.5532379150390625 205.3800048828125 205.39825439453125 205.3610382080078125 205.65478515625 205.6751251220703125 205.3930816650390625 204.95843505859375 204.5599517822265625 203.949432373046875
189.8624114990234375 189.864532470703125 189.3758697509765625 189.1641387939453125 189.1890869140625 189.081878662109375 189.070892333984375 189.1160888671875 189.08935546875 189.126068115234375 188.850433349609375 189.0589599609375 189.318084716796875 189.4575042724609375 189.6025543212890625 190.16607666015625 191.7159576416015625 194.7283172607421875 198.521453857421875 199.6614990234375 202.5888519287109375 203.7660980224609375 204.3175201416015625 204.26953125 205.5610504150390625 206.86688232421875 207.2934722900390625 207.9168701171875 207.6434173583984375 207.45135498046875 207.439544677734375 207.3273468017578125 207.312713623046875 207.1323699951171875 206.2371673583984375 205.63525390625 205.339599609375 205.1956024169921875 205.2274322509765625 205.1356353759765625 205.299285888671875 205.2743377685546875 205.063385009765625 204.716644287109375 204.3826751708984375 203.80255126953125
189.6124725341796875 189.375213623046875 189.0325927734375 188.963592529296875 189.0196990966796875 189.049957275390625 189.08819580078125 189.0472259521484375 188.839111328125 188.7578582763671875 188.568450927734375 188.893768310546875 189.431732177734375 189.5582427978515625 189.9381256103515625 190.4303131103515625 191.93780517578125 194.1879730224609375 197.6183013916015625 198.912017822265625 202.02984619140625 204.056915283203125 204.2028961181640625 204.402679443359375 205.345123291015625 205.8979339599609375 207.277191162109375 207.8872528076171875 207.7340240478515625 207.265899658203125 207.239471435546875 207.106689453125 207.2292327880859375 207.012664794921875 206.0211334228515625 205.48992919921875 205.183135986328125 205.027923583984375 205.0576019287109375 204.9811859130859375 205.07073974609375 205.0036163330078125 204.84521484375 204.591888427734375 204.248687744140625 203.59869384765625
189.3424835205078125 188.938568115234375 188.7722320556640625 188.743377685546875 188.849945068359375 189.04315185546875 188.99908447265625 188.9191436767578125 188.6201934814453125 188.5758056640625 188.58502197265625 188.993194580078125 189.4925537109375 189.764617919921875 190.0377044677734375 190.8636016845703125 191.7882232666015625 193.51123046875 195.230621337890625 197.0635223388671875 200.0890655517578125 200.02740478515625 202.517333984375 202.28271484375 203.649261474609375 204.225921630859375 205.741729736328125 207.1895599365234375 207.2205352783203125 206.7259063720703125 206.6444244384765625 206.7498779296875 207.12005615234375 206.695770263671875 205.71929931640625 205.208770751953125 204.93731689453125 204.836212158203125 204.8387908935546875 204.7938079833984375 204.829010009765625 204.864715576171875 204.73870849609375 204.311676025390625 204.1164093017578125 203.199859619140625
189.0447845458984375 188.647186279296875 188.4295806884765625 188.4267578125 188.8248291015625 188.9990692138671875 188.9217529296875 188.7513275146484375 188.54364013671875 188.539215087890625 188.7811431884765625 189.4744415283203125 189.890777587890625 190.06097412109375 190.0028533935546875 190.7994384765625 191.4497222900390625 192.64227294921875 193.4884033203125 194.7647552490234375 196.7464447021484375 196.748931884765625 199.4482574462890625 199.3234710693359375 200.9063873291015625 201.3206939697265625 201.1515045166015625 204.6438751220703125 205.052825927734375 205.4639129638671875 204.9547576904296875 205.839263916015625 206.6588287353515625 206.2373046875 205.57049560546875 204.898529052734375 204.8178558349609375 204.7077178955078125 204.6753082275390625 204.662506103515625 204.5869903564453125 204.6685943603515625 204.487823486328125 204.057708740234375 203.7299346923828125 202.72125244140625
188.8384552001953125 188.4086151123046875 188.14215087890625 188.1535797119140625 188.6670379638671875 188.89483642578125 188.68524169921875 188.6159820556640625 188.493408203125 188.6478424072265625 189.1392364501953125 189.8495025634765625 190.2066650390625 189.88006591796875 189.366241455078125 190.191925048828125 190.7400054931640625 191.5774688720703125 191.8784942626953125 192.67510986328125 193.9251556396484375 194.099365234375 196.168975830078125 196.22064208984375 197.6324920654296875 197.9202880859375 197.814422607421875 201.19866943359375 202.00799560546875 203.0789642333984375 202.86468505859375 204.1320648193359375 205.7794342041015625 205.76458740234375 205.2541961669921875 204.665008544921875 204.563079833984375 204.4744873046875 204.389434814453125 204.4671478271484375 204.4873199462890625 204.493896484375 204.3015289306640625 203.79986572265625 203.5018463134765625 202.569854736328125
188.7276458740234375 188.2493743896484375 187.9736480712890625 187.732330322265625 187.714813232421875 187.9715118408203125 187.73455810546875 188.06219482421875 188.41888427734375 188.8075408935546875 189.290496826171875 189.1600341796875 189.05987548828125 188.545074462890625 188.242645263671875 188.652191162109375 188.8822021484375 189.747406005859375 189.6216888427734375 190.1921844482421875 190.588897705078125 190.2842254638671875 191.826812744140625 191.240814208984375 192.851226806640625 192.277496337890625 194.4418792724609375 196.5835418701171875 197.6670074462890625 200.0252532958984375 201.095855712890625 202.2501983642578125 204.1445159912109375 204.792205810546875 204.7861785888671875 204.171051025390625 204.0833282470703125 203.975372314453125 203.84381103515625 204.1160888671875 204.154998779296875 204.2542572021484375 204.0292816162109375 203.6548309326171875 203.415069580078125 202.6376953125
188.67840576171875 188.274871826171875 187.8966064453125 187.588134765625 187.5305633544921875 187.47955322265625 187.354522705078125 187.6707916259765625 188.3760528564453125 188.7109832763671875 188.8875274658203125 188.3889923095703125 188.0857696533203125 187.880523681640625 187.792266845703125 187.9839019775390625 188.218597412109375 188.6610870361328125 188.7202911376953125 188.86370849609375 188.71575927734375 188.80047607421875 189.71405029296875 189.8372802734375 190.5463409423828125 190.741912841796875 192.006378173828125 194.3625030517578125 196.6889190673828125 198.4189453125 200.489501953125 201.510528564453125 203.4607086181640625 204.6105804443359375 204.4848175048828125 203.67205810546875 203.573699951171875 203.4759521484375 203.425018310546875 203.85882568359375 204.0814208984375 204.1298065185546875 203.8939361572265625 203.66162109375 203.4127960205078125 202.75091552734375
188.876739501953125 188.3948974609375 187.9668121337890625 187.6184844970703125 187.4688720703125 187.3750762939453125 187.3230438232421875 187.566192626953125 188.213134765625 188.43841552734375 188.2564544677734375 187.7238006591796875 187.428314208984375 187.401336669921875 187.5146942138671875 187.8351898193359375 187.978912353515625 187.9633636474609375 188.03076171875 188.0072479248046875 187.7690277099609375 187.95263671875 188.7725677490234375 188.8841400146484375 189.253082275390625 189.497711181640625 190.425384521484375 192.5363616943359375 194.809600830078125 196.6459197998046875 199.37945556640625 200.7464141845703125 203.1279449462890625 204.057769775390625 203.8302154541015625 202.61639404296875 203.1505126953125 203.0906982421875 203.1385955810546875 203.828338623046875 204.0076904296875 203.9664764404296875 203.8787689208984375 203.694793701171875 203.462890625 202.8905487060546875
189.1601715087890625 188.600189208984375 188.1625213623046875 187.7762908935546875 187.59564208984375 187.368316650390625 187.39739990234375 187.5458831787109375 188.1033782958984375 188.32568359375 188.030517578125 187.2969818115234375 186.948822021484375 187.0279998779296875 187.3528900146484375 187.929443359375 188.3220977783203125 188.3996429443359375 187.95062255859375 187.83038330078125 187.365509033203125 187.42266845703125 187.9065093994140625 188.036865234375 188.0180206298828125 188.359375 189.0435333251953125 190.6280059814453125 192.6120758056640625 194.015899658203125 197.4476776123046875 198.9492340087890625 202.249359130859375 202.842254638671875 201.82525634765625 201.8786163330078125 202.8594970703125 203.498809814453125 203.3820953369140625 203.49066162109375 203.748321533203125 203.8980712890625 203.8253326416015625 203.6429595947265625 203.4885101318359375 202.92401123046875
189.396575927734375 188.6993408203125 188.4499664306640625 187.9652862548828125 187.589752197265625 187.3178863525390625 187.3661346435546875 187.4788360595703125 188.0729827880859375 188.380859375 188.1011962890625 187.08203125 186.7908477783203125 186.919525146484375 187.2046966552734375 187.8270263671875 188.453125 188.8259735107421875 188.77117919921875 188.3324432373046875 187.34033203125 187.0515899658203125 187.0600128173828125 187.162933349609375 187.1485748291015625 187.485931396484375 188.120391845703125 189.2531280517578125 190.7324676513671875 191.529998779296875 194.9326934814453125 196.1182403564453125 199.220611572265625 200.221954345703125 199.071929931640625 201.299713134765625 202.8361358642578125 203.50750732421875 203.360443115234375 203.4651336669921875 203.621337890625 203.7544097900390625 203.72552490234375 203.5787506103515625 203.4637298583984375 202.98388671875
189.856842041015625 189.16937255859375 189.0365142822265625 188.261566162109375 187.6367340087890625 187.1802978515625 187.17596435546875 187.242401123046875 187.909912109375 188.325164794921875 188.125396728515625 186.8934173583984375 186.541046142578125 186.784423828125 186.908843994140625 187.403656005859375 188.10693359375 188.6267242431640625 188.955657958984375 188.5726776123046875 187.41583251953125 186.68035888671875 186.26513671875 186.4743804931640625 186.69866943359375 187.115875244140625 187.689300537109375 187.852569580078125 188.9057159423828125 189.4397125244140625 192.7090911865234375 193.091888427734375 194.932159423828125 196.647430419921875 196.3768157958984375 200.3761444091796875 202.5177154541015625 203.539306640625 203.603668212890625 203.5121612548828125 203.653228759765625 203.6100311279296875 203.59906005859375 203.4872283935546875 -9999 -9999
191.03790283203125 190.1162872314453125 190.0265960693359375 188.80120849609375 187.7105712890625 186.9005889892578125 186.9326324462890625 186.8044586181640625 187.5081787109375 187.48016357421875 187.25079345703125 186.4131317138671875 185.961944580078125 186.33111572265625 186.321136474609375 186.5956268310546875 187.49560546875 187.60308837890625 188.5569305419921875 187.962371826171875 187.39239501953125 186.600494384765625 185.9342498779296875 185.997711181640625 186.1867523193359375 186.8516845703125 186.8515167236328125 186.2429351806640625 186.735931396484375 187.4986572265625 189.719146728515625 189.7821044921875 190.1159515380859375 191.4326629638671875 194.6417236328125 198.5021209716796875 201.3604888916015625 203.113189697265625 203.2416839599609375 203.2930145263671875 203.345611572265625 203.3942413330078125 203.372314453125 -9999 -9999 -9999
192.424774169921875 192.1121063232421875 190.79345703125 189.70281982421875 187.9643096923828125 186.633087158203125 186.39251708984375 186.3220977783203125 186.6777191162109375 186.373992919921875 186.0208740234375 185.7701416015625 185.5929107666015625 185.66259765625 185.695587158203125 185.7851104736328125 186.0869293212890625 186.1088714599609375 186.645904541015625 186.693603515625 187.0843963623046875 186.811370849609375 185.679290771484375 185.3884429931640625 185.6212005615234375 185.7928466796875 185.85931396484375 186.014007568359375 186.498931884765625 187.2779998779296875 188.3697357177734375 188.7201995849609375 189.5053558349609375 191.1175537109375 193.845306396484375 197.2071075439453125 200.9102783203125 202.8627777099609375 203.0074920654296875 203.2030029296875 203.2181243896484375 -9999 -9999 -9999 -9999 -9999
192.7161865234375 191.783538818359375 191.0126495361328125 189.225250244140625 187.902435302734375 186.61248779296875 186.2122802734375 186.1038818359375 186.100860595703125 185.93939208984375 185.832122802734375 185.671783447265625 185.4324951171875 185.43243408203125 185.35302734375 185.3269500732421875 185.2619171142578125 185.4624786376953125 185.861572265625 186.260955810546875 186.6076202392578125 186.5318603515625 185.66156005859375 185.1762542724609375 -9999 -9999 -9999 -9999 -9999 -9999 -9999 -9999 -9999 -9999 -9999 -9999 -9999 202.814971923828125 202.985198974609375 -9999 -9999 -9999 -9999 -9999 -9999 -9999
192.51220703125 190.292266845703125 189.769012451171875 188.465911865234375 187.283721923828125 186.4398193359375 186.084747314453125 186.054718017578125 186.1862640380859375 185.944366455078125 185.7935638427734375 185.626129150390625 185.3509674072265625 185.1754913330078125 185.0533599853515625 184.8507080078125 184.7281494140625 185.1653289794921875 185.394989013671875 185.833648681640625 -9999 -9999 -9999 -9999 -9999 -9999 -9999 -9999 -9999 -9999 -9999 -9999 -9999 -9999 -9999 -9999 -9999 -9999 -9999 -9999 -9999 -9999 -9999 -9999 -9999 -9999
191.9680938720703125 189.4899139404296875 188.429718017578125 187.2271728515625 186.8657684326171875 186.2780914306640625 186.05255126953125 186.1875457763671875 186.9497528076171875 186.550933837890625 185.9572601318359375 185.5955047607421875 185.2323760986328125 185.012847900390625 184.776153564453125 184.5591888427734375 184.513458251953125 -9999 -9999 -9999 -9999 -9999 -9999 -9999 -9999 -9999 -9999 -9999 -9999 -9999 -9999 -9999 -9999 -9999 -9999 -9999 -9999 -9999 -9999 -9999 -9999 -9999 -9999 -9999 -9999 -9999
