INPUT/RASTER/ASCII/BIO11.asc
ncols        225
nrows        269
xllcorner    473009.983799999987
yllcorner    4429051.174800000153
cellsize     50.000000000000
NODATA_value  -9999
[rows 171 to 189 of 269, columns 176 to 219 of 225]
9.411830902099609375 9.4083909988403320313 9.400897979736328125 9.38962554931640625 9.3803253173828125 9.3746709823608398438 9.3691911697387695313 9.3646688461303710938 9.3622074127197265625 9.361133575439453125 9.3578081130981445313 9.353908538818359375 9.3477115631103515625 9.340824127197265625 9.3325634002685546875 9.3220300674438476563 9.312595367431640625 9.3049163818359375 9.28931427001953125 9.2715177536010742188 9.25974273681640625 9.2545881271362304688 9.2516851425170898438 9.2497320175170898438 9.2477569580078125 9.2455234527587890625 9.2443914413452148438 9.2440805435180664063 9.24332427978515625 9.2423114776611328125 9.2406473159790039063 9.2380123138427734375 9.2358655929565429688 9.2344570159912109375 9.2341556549072265625 9.2354078292846679688 9.236316680908203125 9.236408233642578125 9.2345418930053710938 9.2298736572265625 9.22219085693359375 9.2183742523193359375 9.2178773880004882813 9.2171411514282226563
9.4184656143188476563 9.4140958786010742188 9.4066781997680664063 9.39501190185546875 9.3845005035400390625 9.3788099288940429688 9.3736867904663085938 9.3678951263427734375 9.3652315139770507813 9.3638143539428710938 9.3594827651977539063 9.3550739288330078125 9.3489923477172851563 9.3418874740600585938 9.3331823348999023438 9.3226575851440429688 9.3133401870727539063 9.30572509765625 9.2909460067749023438 9.2749652862548828125 9.2647342681884765625 9.2599248886108398438 9.2570219039916992188 9.2553472518920898438 9.25376129150390625 9.2513704299926757813 9.2502756118774414063 9.250499725341796875 9.249256134033203125 9.247768402099609375 9.2458639144897460938 9.2425556182861328125 9.2398548126220703125 9.238574981689453125 9.2385072708129882813 9.2394075393676757813 9.2403783798217773438 9.2415380477905273438 9.24112701416015625 9.23712921142578125 9.2300996780395507813 9.22589874267578125 9.2252893447875976563 9.2238588333129882813
9.4230852127075195313 9.4192476272583007813 9.4128484725952148438 9.4013614654541015625 9.3902730941772460938 9.3846635818481445313 9.3792314529418945313 9.37233734130859375 9.3689889907836914063 9.3670663833618164063 9.36225128173828125 9.35772705078125 9.35137176513671875 9.3427753448486328125 9.3339252471923828125 9.3234128952026367188 9.3144140243530273438 9.3072061538696289063 9.2934169769287109375 9.2779569625854492188 9.2682027816772460938 9.2644357681274414063 9.2628946304321289063 9.2623872756958007813 9.261592864990234375 9.2602748870849609375 9.2601232528686523438 9.2603712081909179688 9.2586841583251953125 9.2564411163330078125 9.254398345947265625 9.2503337860107421875 9.24677276611328125 9.24481964111328125 9.2441530227661132813 9.2443971633911132813 9.2445526123046875 9.2441301345825195313 9.2420501708984375 9.2385187149047851563 9.2354936599731445313 9.2339029312133789063 9.233242034912109375 9.2310695648193359375
9.42324066162109375 9.4203386306762695313 9.415096282958984375 9.405719757080078125 9.3969240188598632813 9.3921804428100585938 9.3863992691040039063 9.3786468505859375 9.3739681243896484375 9.3703241348266601563 9.3645572662353515625 9.3605203628540039063 9.3547239303588867188 9.3471574783325195313 9.339221954345703125 9.3279104232788085938 9.3182268142700195313 9.31076812744140625 9.2970018386840820313 9.2812166213989257813 9.2717523574829101563 9.269115447998046875 9.269054412841796875 9.2693605422973632813 9.2694158554077148438 9.2701358795166015625 9.2715349197387695313 9.2725362777709960938 9.2712554931640625 9.2684602737426757813 9.2660646438598632813 9.2621927261352539063 9.2588109970092773438 9.254978179931640625 9.2521028518676757813 9.2505044937133789063 9.2495212554931640625 9.2458038330078125 9.2407255172729492188 9.238433837890625 9.2374324798583984375 9.2365522384643554688 9.2364482879638671875 9.2366428375244140625
9.4204549789428710938 9.4170389175415039063 9.4122524261474609375 9.4061269760131835938 9.4010972976684570313 9.3978605270385742188 9.392330169677734375 9.3851232528686523438 9.379497528076171875 9.373783111572265625 9.366802215576171875 9.3627948760986328125 9.358310699462890625 9.3535280227661132813 9.3465738296508789063 9.3353357315063476563 9.3256120681762695313 9.3176031112670898438 9.30332183837890625 9.2867670059204101563 9.2765302658081054688 9.2729139328002929688 9.2727289199829101563 9.2734212875366210938 9.2740964889526367188 9.275909423828125 9.2782344818115234375 9.279815673828125 9.27837371826171875 9.2751922607421875 9.2724008560180664063 9.2691316604614257813 9.265960693359375 9.2616729736328125 9.2578344345092773438 9.25507354736328125 9.252376556396484375 9.2459926605224609375 9.2416143417358398438 9.240200042724609375 9.2388019561767578125 9.237911224365234375 9.2380456924438476563 9.2387218475341796875
9.4176187515258789063 9.414424896240234375 9.4104967117309570313 9.4062023162841796875 9.402652740478515625 9.4000463485717773438 9.3947992324829101563 9.3877153396606445313 9.3812589645385742188 9.3748521804809570313 9.367900848388671875 9.36379241943359375 9.36003875732421875 9.357208251953125 9.3511800765991210938 9.3409032821655273438 9.3315753936767578125 9.3241033554077148438 9.3098773956298828125 9.2920284271240234375 9.2817792892456054688 9.27777862548828125 9.277339935302734375 9.2778291702270507813 9.278533935546875 9.2807674407958984375 9.2833795547485351563 9.2854681015014648438 9.2843770980834960938 9.281223297119140625 9.2781782150268554688 9.2747173309326171875 9.2710561752319335938 9.266849517822265625 9.2627964019775390625 9.2599048614501953125 9.2551326751708984375 9.247303009033203125 9.2441282272338867188 9.2425241470336914063 9.2410259246826171875 9.2401676177978515625 9.2402334213256835938 9.2405424118041992188
9.4153699874877929688 9.41249847412109375 9.4091691970825195313 9.4058713912963867188 9.4032049179077148438 9.4010028839111328125 9.3963718414306640625 9.3896808624267578125 9.3825273513793945313 9.37532806396484375 9.3683099746704101563 9.364471435546875 9.3614969253540039063 9.359363555908203125 9.3545579910278320313 9.3464651107788085938 9.3381214141845703125 9.3314208984375 9.3171844482421875 9.2979631423950195313 9.2879076004028320313 9.28441619873046875 9.2839059829711914063 9.2837963104248046875 9.2843685150146484375 9.2862768173217773438 9.288448333740234375 9.290668487548828125 9.2907314300537109375 9.2887363433837890625 9.2860994338989257813 9.28200531005859375 9.2772531509399414063 9.2726116180419921875 9.2677736282348632813 9.2640733718872070313 9.257328033447265625 9.2503032684326171875 9.2471342086791992188 9.2446985244750976563 9.2433862686157226563 9.2425746917724609375 9.2425851821899414063 9.24320220947265625
9.4141530990600585938 9.4117259979248046875 9.408660888671875 9.405544281005859375 9.4034099578857421875 9.4013319015502929688 9.3976774215698242188 9.39173126220703125 9.3840074539184570313 9.3762607574462890625 9.369548797607421875 9.3660440444946289063 9.3629579544067382813 9.3601446151733398438 9.35663604736328125 9.351070404052734375 9.3449077606201171875 9.3393011093139648438 9.3257341384887695313 9.3065471649169921875 9.2962026596069335938 9.293170928955078125 9.2922391891479492188 9.2915201187133789063 9.2922821044921875 9.2930850982666015625 9.2944097518920898438 9.2964410781860351563 9.297992706298828125 9.29779815673828125 9.2959871292114257813 9.2910070419311523438 9.2845735549926757813 9.27927398681640625 9.2722291946411132813 9.2657079696655273438 9.2581968307495117188 9.2532186508178710938 9.2504091262817382813 9.2477827072143554688 9.2458858489990234375 9.244312286376953125 9.2445812225341796875 9.2462177276611328125
9.4141225814819335938 9.4123201370239257813 9.409053802490234375 9.4053678512573242188 9.4031581878662109375 9.4010753631591796875 9.39807891845703125 9.3927679061889648438 9.3852224349975585938 9.37754058837890625 9.3714704513549804688 9.3682355880737304688 9.3651113510131835938 9.3615932464599609375 9.3587064743041992188 9.3549432754516601563 9.3506383895874023438 9.3458881378173828125 9.3345823287963867188 9.3184499740600585938 9.3076572418212890625 9.3040647506713867188 9.3021697998046875 9.300777435302734375 9.3012790679931640625 9.3011798858642578125 9.3014202117919921875 9.3024950027465820313 9.3035259246826171875 9.3038568496704101563 9.30291748046875 9.2985029220581054688 9.2914714813232421875 9.2848062515258789063 9.2751922607421875 9.266948699951171875 9.2610750198364257813 9.25629425048828125 9.2530984878540039063 9.2507619857788085938 9.2487268447875976563 9.2469348907470703125 9.247283935546875 9.24855804443359375
9.4143171310424804688 9.4133214950561523438 9.4099454879760742188 9.405620574951171875 9.402393341064453125 9.3999195098876953125 9.3965091705322265625 9.391475677490234375 9.3854732513427734375 9.3789758682250976563 9.3742856979370117188 9.3713665008544921875 9.3682165145874023438 9.3650217056274414063 9.3624753952026367188 9.3598423004150390625 9.3566579818725585938 9.3523435592651367188 9.3428668975830078125 9.3307771682739257813 9.3208875656127929688 9.3159761428833007813 9.3136491775512695313 9.312374114990234375 9.3120737075805664063 9.3115015029907226563 9.3101806640625 9.3096055984497070313 9.3086147308349609375 9.3079729080200195313 9.3072996139526367188 9.3042306900024414063 9.2977705001831054688 9.2876682281494140625 9.2754869461059570313 9.26865386962890625 9.2640857696533203125 9.2595424652099609375 9.2558679580688476563 9.2530775070190429688 9.2505540847778320313 9.2486810684204101563 9.2489099502563476563 9.250423431396484375
9.4151201248168945313 9.4145307540893554688 9.4111881256103515625 9.405918121337890625 9.4018039703369140625 9.3989439010620117188 9.3952684402465820313 9.3906707763671875 9.3859033584594726563 9.3805217742919921875 9.3767385482788085938 9.3738050460815429688 9.3708705902099609375 9.368488311767578125 9.36631011962890625 9.36383056640625 9.36067962646484375 9.3566274642944335938 9.3484439849853515625 9.3386936187744140625 9.329502105712890625 9.3238477706909179688 9.3214025497436523438 9.3204545974731445313 9.3200778961181640625 9.319950103759765625 9.3185262680053710938 9.3160114288330078125 9.3138828277587890625 9.31287384033203125 9.3121194839477539063 9.309284210205078125 9.3022203445434570313 9.2873182296752929688 9.2737684249877929688 9.26847076416015625 9.2645215988159179688 9.2605581283569335938 9.257259368896484375 9.2545318603515625 9.252239227294921875 9.2500658035278320313 9.2500219345092773438 9.2515687942504882813
9.4163637161254882813 9.4158582687377929688 9.4129018783569335938 9.40715789794921875 9.4021749496459960938 9.3990497589111328125 9.3956842422485351563 9.3917245864868164063 9.38726043701171875 9.3823490142822265625 9.3788909912109375 9.3759603500366210938 9.3732128143310546875 9.3709659576416015625 9.3691511154174804688 9.366535186767578125 9.3630046844482421875 9.3589801788330078125 9.3511857986450195313 9.3425855636596679688 9.3343591690063476563 9.32852935791015625 9.3254327774047851563 9.3242921829223632813 9.3239202499389648438 9.3240270614624023438 9.3237676620483398438 9.3218536376953125 9.3200216293334960938 9.31781768798828125 9.3166322708129882813 9.3135976791381835938 9.30448150634765625 9.2877454757690429688 9.2743349075317382813 9.269100189208984375 9.2647380828857421875 9.2608156204223632813 9.2577905654907226563 9.255035400390625 9.2531480789184570313 9.2520914077758789063 9.2519702911376953125 9.2524366378784179688
9.4166231155395507813 9.4166202545166015625 9.4149646759033203125 9.410358428955078125 9.4049825668334960938 9.4013643264770507813 9.3979234695434570313 9.3939180374145507813 9.3892889022827148438 9.3843231201171875 9.3808536529541015625 9.3780651092529296875 9.3753948211669921875 9.37325286865234375 9.3720045089721679688 9.3694887161254882813 9.3654069900512695313 9.3610429763793945313 9.3532743453979492188 9.344997406005859375 9.3378925323486328125 9.3324174880981445313 9.3287448883056640625 9.3271942138671875 9.3263349533081054688 9.3262262344360351563 9.3262958526611328125 9.3258829116821289063 9.3248424530029296875 9.3233623504638671875 9.3218021392822265625 9.3172521591186523438 9.30744171142578125 9.2924280166625976563 9.2794675827026367188 9.273242950439453125 9.26737213134765625 9.262325286865234375 9.2588529586791992188 9.2560272216796875 9.2537641525268554688 9.2529802322387695313 9.2527217864990234375 9.2530202865600585938
9.4172906875610351563 9.4176769256591796875 9.4166774749755859375 9.4132633209228515625 9.4088573455810546875 9.4049472808837890625 9.4006128311157226563 9.3961181640625 9.3910684585571289063 9.385959625244140625 9.382556915283203125 9.379825592041015625 9.3773441314697265625 9.3756170272827148438 9.3746366500854492188 9.3720521926879882813 9.3674840927124023438 9.3627653121948242188 9.3546962738037109375 9.3460063934326171875 9.3391885757446289063 9.3342084884643554688 9.3305158615112304688 9.32883453369140625 9.3280010223388671875 9.3276205062866210938 9.327564239501953125 9.327831268310546875 9.3279256820678710938 9.3282155990600585938 9.326190948486328125 9.3189764022827148438 9.3092470169067382813 9.2969636917114257813 9.2848882675170898438 9.2776966094970703125 9.2710676193237304688 9.2647390365600585938 9.2604846954345703125 9.2576618194580078125 9.2551088333129882813 9.2536706924438476563 9.2529611587524414063 9.2534399032592773438
9.4198274612426757813 9.4191684722900390625 9.4177713394165039063 9.4146566390991210938 9.4109296798706054688 9.407379150390625 9.40245819091796875 9.3972253799438476563 9.3921108245849609375 9.3874053955078125 9.3842859268188476563 9.3818264007568359375 9.3795785903930664063 9.3779201507568359375 9.3768625259399414063 9.3745555877685546875 9.3694629669189453125 9.3642425537109375 9.3556413650512695313 9.3464612960815429688 9.339740753173828125 9.3352336883544921875 9.3320446014404296875 9.3307981491088867188 9.3303012847900390625 9.3297872543334960938 9.3297376632690429688 9.3316755294799804688 9.33315277099609375 9.3330507278442382813 9.32984161376953125 9.3183155059814453125 9.3088731765747070313 9.2987394332885742188 9.288051605224609375 9.2811174392700195313 9.2746534347534179688 9.2673091888427734375 9.26256561279296875 9.2594852447509765625 9.2563610076904296875 9.2543516159057617188 9.25341033935546875 9.2541227340698242188
9.426586151123046875 9.422702789306640625 9.418537139892578125 9.4139318466186523438 9.4093379974365234375 9.4063940048217773438 9.4027032852172851563 9.3976144790649414063 9.3929615020751953125 9.3888692855834960938 9.385967254638671875 9.3838167190551757813 9.38189697265625 9.380077362060546875 9.3791484832763671875 9.3782796859741210938 9.3729801177978515625 9.3671741485595703125 9.358150482177734375 9.34937286376953125 9.3431940078735351563 9.3395128250122070313 9.337162017822265625 9.3363513946533203125 9.3360195159912109375 9.3358850479125976563 9.335865020751953125 9.3394575119018554688 9.3419094085693359375 9.3407869338989257813 9.3349618911743164063 9.3158206939697265625 9.3050060272216796875 9.2975130081176757813 9.2893123626708984375 9.28369903564453125 9.2775297164916992188 9.2696466445922851563 9.2648487091064453125 9.2609453201293945313 9.2566518783569335938 9.2544488906860351563 9.2540826797485351563 9.2556276321411132813
9.4346628189086914063 9.4283056259155273438 9.4204616546630859375 9.4123897552490234375 9.4057512283325195313 9.4039201736450195313 9.4058637619018554688 9.4040460586547851563 9.4000215530395507813 9.3960866928100585938 9.3933534622192382813 9.3914651870727539063 9.3897542953491210938 9.3874149322509765625 9.3850860595703125 9.3833665847778320313 9.377506256103515625 9.3723897933959960938 9.3637943267822265625 9.3556013107299804688 9.3508291244506835938 9.348331451416015625 9.34708404541015625 9.3467741012573242188 9.3467226028442382813 9.3470325469970703125 9.3472394943237304688 9.3466930389404296875 9.344837188720703125 9.3431253433227539063 9.3361959457397460938 9.3149938583374023438 9.3031587600708007813 9.2965421676635742188 9.2903795242309570313 9.2861166000366210938 9.2808742523193359375 9.2743463516235351563 9.2700109481811523438 9.2653989791870117188 9.260700225830078125 9.2586803436279296875 9.2580461502075195313 9.2591390609741210938
9.4344501495361328125 9.4302921295166015625 9.4235992431640625 9.41709136962890625 9.4137296676635742188 9.413974761962890625 9.4179639816284179688 9.4171810150146484375 9.4134187698364257813 9.4099092483520507813 9.4072027206420898438 9.4059534072875976563 9.4043989181518554688 9.4010534286499023438 9.3931064605712890625 9.3835086822509765625 9.376495361328125 9.371433258056640625 9.3632555007934570313 9.3557920455932617188 9.3517007827758789063 9.3497829437255859375 9.3487091064453125 9.3483133316040039063 9.3483629226684570313 9.3485698699951171875 9.3488378524780273438 9.3483400344848632813 9.3463230133056640625 9.3440990447998046875 9.3368463516235351563 9.3159170150756835938 9.302867889404296875 9.296138763427734375 9.29015350341796875 9.2861700057983398438 9.2825450897216796875 9.2790155410766601563 9.2757024765014648438 9.2709245681762695313 9.2663164138793945313 9.2634983062744140625 9.2623767852783203125 9.2625579833984375
9.4392070770263671875 9.4326543807983398438 9.4251604080200195313 9.421543121337890625 9.4211130142211914063 9.4230394363403320313 9.423206329345703125 9.4199419021606445313 9.41648101806640625 9.4137926101684570313 9.4120855331420898438 9.4112033843994140625 9.4089746475219726563 9.4037380218505859375 9.3938932418823242188 9.383121490478515625 9.3760128021240234375 9.3711805343627929688 9.3637647628784179688 9.3566160202026367188 9.3527088165283203125 9.35123443603515625 9.3504266738891601563 9.3499698638916015625 9.34960174560546875 9.3495693206787109375 9.349712371826171875 9.349124908447265625 9.3475217819213867188 9.345401763916015625 9.3389434814453125 9.320850372314453125 9.3036518096923828125 9.2959012985229492188 9.2902746200561523438 9.2867498397827148438 9.2837162017822265625 9.2817630767822265625 9.2799434661865234375 9.2758913040161132813 9.2718524932861328125 9.2688932418823242188 9.2673616409301757813 9.2672271728515625
