INPUT/RASTER/ASCII/BIO12.asc
ncols        225
nrows        269
xllcorner    473000.000000000000
yllcorner    4429100.000000000000
cellsize     50.000000000000
NODATA_value -9999
[rows 21 to 41 of 269, columns 48 to 95 of 225]
739.43731689453125 739.5701904296875 739.7720947265625 740.21246337890625 740.363525390625 740.5938720703125 740.6553955078125 740.61688232421875 740.4805908203125 740.581787109375 740.65814208984375 740.8775634765625 741.00482177734375 741.19476318359375 741.420166015625 741.88629150390625 742.8831787109375 743.59942626953125 745.2667236328125 745.7298583984375 746.6529541015625 746.673583984375 746.4793701171875 749.1104736328125 752.041748046875 751.410400390625 750.957763671875 751.1878662109375 750.83026123046875 751.03289794921875 751.15789794921875 751.38909912109375 752.4508056640625 751.15478515625 750.42559814453125 748.9774169921875 747.2164306640625 744.9246826171875 745.76318359375 748.48431396484375 749.54150390625 749.70025634765625 749.28466796875 748.0196533203125 -9999 -9999 -9999 -9999
739.63079833984375 739.64068603515625 739.75506591796875 740.14678955078125 740.37103271484375 740.5650634765625 740.6614990234375 740.75555419921875 740.6688232421875 740.8927001953125 740.93572998046875 741.3095703125 741.38409423828125 741.633056640625 741.973388671875 742.388916015625 743.37396240234375 744.1036376953125 745.4501953125 745.91046142578125 746.76373291015625 746.79461669921875 746.5478515625 749.28912353515625 751.7335205078125 750.6099853515625 750.1536865234375 750.13592529296875 750.025390625 750.317138671875 750.0234375 751.2860107421875 751.76043701171875 750.73095703125 750.048828125 749.1033935546875 747.84747314453125 745.45538330078125 745.398681640625 747.41082763671875 748.4915771484375 748.9814453125 748.11376953125 746.82763671875 746.6181640625 -9999 -9999 -9999
739.77301025390625 739.7716064453125 739.79833984375 740.08721923828125 740.43896484375 740.58978271484375 740.72808837890625 740.8931884765625 740.826416015625 741.080322265625 741.3856201171875 741.8018798828125 741.88568115234375 742.25823974609375 742.4644775390625 743.00396728515625 743.9862060546875 744.63824462890625 745.5716552734375 745.85565185546875 746.4910888671875 746.731201171875 746.69378662109375 746.11865234375 750.22467041015625 749.98968505859375 749.53228759765625 749.29180908203125 749.40313720703125 749.6922607421875 749.5228271484375 749.85748291015625 750.162109375 750.48980712890625 749.83807373046875 748.9837646484375 748.08111572265625 745.6363525390625 744.9720458984375 745.91644287109375 747.69677734375 748.10577392578125 747.01641845703125 745.603271484375 745.47509765625 744.40631103515625 -9999 -9999
739.96075439453125 739.9017333984375 739.77838134765625 740.0535888671875 740.3223876953125 740.68499755859375 740.85498046875 741.0296630859375 741.02630615234375 741.511962890625 741.9117431640625 742.35467529296875 742.5125732421875 742.709716796875 742.9547119140625 743.6175537109375 744.4752197265625 744.99517822265625 745.324951171875 745.5167236328125 745.93896484375 746.422119140625 746.76513671875 745.9307861328125 749.44049072265625 749.65142822265625 749.15478515625 748.5794677734375 748.596435546875 749.05950927734375 749.08245849609375 749.0738525390625 748.96697998046875 749.2640380859375 749.6705322265625 748.802001953125 747.6324462890625 744.9625244140625 744.238525390625 745.22625732421875 747.2071533203125 747.3663330078125 745.90228271484375 744.1331787109375 743.98480224609375 743.5477294921875 -9999 -9999
740.112548828125 740.0311279296875 739.884033203125 739.8251953125 740.205078125 740.86334228515625 741.2259521484375 741.32989501953125 741.5693359375 742.065185546875 742.61126708984375 743.0289306640625 743.18328857421875 743.26190185546875 743.50537109375 743.97149658203125 744.6573486328125 745.0035400390625 744.710205078125 744.66961669921875 745.31488037109375 745.98974609375 746.26251220703125 745.43603515625 748.937744140625 749.15618896484375 748.531494140625 747.8165283203125 748.033447265625 748.4266357421875 748.5799560546875 748.71990966796875 748.4251708984375 749.07452392578125 749.43603515625 748.2520751953125 746.8056640625 743.92779541015625 743.5040283203125 745.27191162109375 747.0838623046875 746.83648681640625 745.21075439453125 743.7637939453125 743.508056640625 743.2353515625 742.49078369140625 -9999
740.1995849609375 739.9759521484375 739.60809326171875 739.61553955078125 740.1480712890625 741.3951416015625 742.51617431640625 742.8524169921875 743.35498046875 743.65869140625 744.1710205078125 744.436279296875 744.40386962890625 744.29290771484375 744.05322265625 743.9154052734375 743.427734375 742.62493896484375 742.1927490234375 742.2333984375 743.39825439453125 744.1431884765625 743.6942138671875 743.1585693359375 747.0806884765625 747.50225830078125 747.2821044921875 746.876708984375 747.08843994140625 747.48358154296875 747.81683349609375 747.82940673828125 747.796875 747.26416015625 748.17291259765625 746.8436279296875 744.94482421875 742.97576904296875 742.9505615234375 744.01275634765625 744.8758544921875 745.1087646484375 744.62969970703125 744.3076171875 744.08001708984375 743.414306640625 742.00830078125 741.435546875
739.8818359375 739.924560546875 739.81170654296875 739.72576904296875 740.0316162109375 741.85418701171875 743.19061279296875 743.6483154296875 744.2734375 744.4542236328125 744.98431396484375 745.23040771484375 744.8321533203125 744.6544189453125 744.295166015625 743.658447265625 743.11767578125 742.13568115234375 741.69781494140625 741.5706787109375 741.9207763671875 742.1168212890625 741.5208740234375 741.5594482421875 746.05694580078125 746.826416015625 746.9105224609375 746.6412353515625 746.90228271484375 747.13568115234375 747.5562744140625 747.714599609375 747.69024658203125 747.06396484375 746.36187744140625 746.4747314453125 744.8350830078125 743.05926513671875 742.88665771484375 742.9993896484375 743.52569580078125 743.8765869140625 744.50146484375 744.42510986328125 744.2418212890625 743.4088134765625 741.4161376953125 740.8782958984375
739.70037841796875 739.7445068359375 740.0889892578125 740.500732421875 741.0126953125 742.69647216796875 743.86419677734375 744.50677490234375 745.08258056640625 745.18768310546875 745.2362060546875 745.41168212890625 744.82977294921875 744.5218505859375 743.9937744140625 743.36053466796875 742.6842041015625 741.6561279296875 741.26318359375 740.97979736328125 740.90765380859375 740.6405029296875 739.91754150390625 743.4649658203125 746.0775146484375 745.52435302734375 745.716552734375 745.70770263671875 746.6407470703125 747.4576416015625 748.1202392578125 748.17999267578125 748.19488525390625 747.6458740234375 746.9769287109375 746.9617919921875 745.536865234375 743.3184814453125 742.883056640625 742.10809326171875 742.2969970703125 743.01171875 743.9122314453125 744.052001953125 743.73138427734375 742.790283203125 741.2698974609375 740.74847412109375
739.9195556640625 740.17578125 741.0516357421875 741.98175048828125 742.36004638671875 743.9337158203125 744.78179931640625 745.6395263671875 745.74237060546875 745.4306640625 745.2774658203125 744.9801025390625 744.37628173828125 744.2117919921875 743.598388671875 742.92352294921875 742.18878173828125 740.91815185546875 740.5216064453125 740.1422119140625 739.99627685546875 739.83642578125 739.36944580078125 742.2205810546875 744.8521728515625 744.468994140625 744.766357421875 744.764404296875 745.99542236328125 747.24151611328125 748.208251953125 748.34039306640625 748.43109130859375 747.7327880859375 746.8897705078125 745.793212890625 745.02996826171875 742.737060546875 742.6949462890625 740.36865234375 741.5570068359375 742.45867919921875 743.27471923828125 743.43316650390625 743.14739990234375 742.4156494140625 741.4708251953125 740.862548828125
739.495849609375 740.848876953125 742.016357421875 743.54296875 743.8289794921875 745.37030029296875 746.0045166015625 746.84375 746.42608642578125 745.85638427734375 745.21392822265625 744.66998291015625 743.810302734375 743.77838134765625 743.0257568359375 742.2576904296875 741.5089111328125 739.9139404296875 739.5955810546875 739.16204833984375 739.21630859375 739.337646484375 739.74993896484375 745.03985595703125 743.91583251953125 743.5093994140625 743.87640380859375 743.9620361328125 745.53277587890625 747.08709716796875 748.3565673828125 748.52752685546875 748.42608642578125 747.757568359375 746.70947265625 745.63330078125 743.10992431640625 740.441650390625 739.7164306640625 738.11834716796875 739.7686767578125 741.13446044921875 741.9271240234375 742.99700927734375 742.000244140625 742.28485107421875 740.7330322265625 740.975830078125
739.580078125 740.17047119140625 742.71343994140625 743.5833740234375 745.7215576171875 746.656005859375 747.3756103515625 747.53399658203125 746.9964599609375 746.003662109375 745.072509765625 743.95831298828125 742.9671630859375 742.69818115234375 742.19744873046875 741.6600341796875 740.334228515625 738.70294189453125 737.99053955078125 737.936767578125 738.4063720703125 738.960205078125 741.70703125 744.45611572265625 743.18756103515625 742.76605224609375 743.10791015625 743.319091796875 745.069091796875 746.2381591796875 748.1365966796875 747.871826171875 747.78594970703125 747.59765625 745.77978515625 744.48016357421875 741.81158447265625 740.277587890625 739.80523681640625 738.33587646484375 738.2625732421875 739.01275634765625 739.810791015625 740.0509033203125 739.9464111328125 739.4796142578125 738.9144287109375 738.44293212890625
741.60906982421875 743.1600341796875 742.97015380859375 744.1251220703125 744.8798828125 746.25146484375 745.66845703125 746.4180908203125 746.638427734375 745.6492919921875 744.612060546875 742.9881591796875 742.31341552734375 741.4195556640625 741.189453125 740.174560546875 738.47430419921875 737.7183837890625 735.82135009765625 736.31427001953125 736.52734375 736.8865966796875 743.901611328125 742.88885498046875 742.1829833984375 742.080322265625 742.1822509765625 742.592529296875 743.87939453125 745.35107421875 746.579345703125 746.8052978515625 746.76806640625 745.97900390625 744.03668212890625 741.890380859375 740.6573486328125 739.8155517578125 739.333740234375 738.3170166015625 738.2808837890625 739.163818359375 739.9376220703125 739.93243408203125 739.8927001953125 739.64697265625 739.17181396484375 738.624755859375
744.02789306640625 744.36651611328125 744.04669189453125 744.41314697265625 744.8604736328125 745.39483642578125 745.03570556640625 745.075439453125 744.7867431640625 743.1322021484375 744.0477294921875 742.980224609375 741.9814453125 741.34942626953125 740.5159912109375 739.19976806640625 738.1544189453125 737.02581787109375 735.691162109375 735.37969970703125 735.0289306640625 738.3975830078125 741.72119140625 741.509765625 741.47698974609375 741.52630615234375 741.56707763671875 742.47259521484375 743.7098388671875 744.83355712890625 745.4898681640625 745.9649658203125 745.756591796875 744.232177734375 742.83624267578125 741.4794921875 -9999 -9999 -9999 -9999 -9999 -9999 739.846923828125 740.02142333984375 739.94842529296875 739.78118896484375 739.49151611328125 738.758056640625
744.45074462890625 744.28680419921875 744.175048828125 744.4764404296875 744.472900390625 744.64862060546875 744.21844482421875 744.27911376953125 743.3558349609375 742.49853515625 742.266357421875 741.9073486328125 741.93133544921875 741.34552001953125 740.49151611328125 739.273193359375 738.02801513671875 736.6090087890625 735.4971923828125 735.23626708984375 734.79193115234375 738.07354736328125 741.5072021484375 741.11224365234375 741.10015869140625 741.19482421875 741.4132080078125 742.3045654296875 743.4322509765625 744.556396484375 745.0274658203125 745.2471923828125 744.6231689453125 742.6353759765625 -9999 -9999 -9999 -9999 -9999 -9999 -9999 -9999 739.3238525390625 739.765380859375 739.775390625 739.6243896484375 739.3585205078125 738.8892822265625
743.87420654296875 743.71649169921875 743.94921875 744.158935546875 743.904296875 743.7955322265625 743.9482421875 743.66668701171875 742.7742919921875 742.11529541015625 741.6199951171875 740.88763427734375 740.2998046875 740.3370361328125 740.49713134765625 739.3673095703125 737.7171630859375 736.35345458984375 735.490966796875 735.1883544921875 736.30450439453125 741.69921875 741.21875 740.7138671875 740.62371826171875 740.69659423828125 741.07470703125 742.5443115234375 743.70452880859375 744.44427490234375 744.625244140625 744.681640625 743.141357421875 742.0540771484375 -9999 -9999 -9999 -9999 -9999 -9999 -9999 -9999 -9999 739.19403076171875 739.43768310546875 739.4052734375 739.24359130859375 738.79168701171875
742.9547119140625 742.90704345703125 743.1500244140625 743.24102783203125 742.8494873046875 742.7861328125 742.58636474609375 742.6094970703125 742.08990478515625 741.7310791015625 741.64361572265625 741.1754150390625 740.00128173828125 739.3170166015625 738.5638427734375 737.7611083984375 737.466552734375 736.1455078125 735.0767822265625 734.48822021484375 734.50628662109375 737.67718505859375 -9999 740.615966796875 740.18902587890625 740.31207275390625 741.0999755859375 742.823974609375 743.85345458984375 744.39593505859375 743.6544189453125 743.28765869140625 742.43426513671875 -9999 -9999 -9999 -9999 -9999 -9999 -9999 -9999 -9999 -9999 -9999 -9999 739.062744140625 738.91729736328125 738.57061767578125
741.93365478515625 741.97564697265625 742.08349609375 741.6492919921875 741.48779296875 741.485595703125 741.345947265625 741.18011474609375 741.279296875 740.9176025390625 741.3382568359375 741.5234375 740.01116943359375 738.9298095703125 737.62152099609375 736.5909423828125 735.2760009765625 735.2265625 734.594482421875 734.34783935546875 733.96331787109375 733.5697021484375 -9999 -9999 -9999 -9999 -9999 -9999 -9999 744.41162109375 743.4979248046875 742.75848388671875 742.18939208984375 -9999 -9999 -9999 -9999 -9999 -9999 -9999 -9999 -9999 -9999 -9999 -9999 -9999 -9999 -9999
740.94024658203125 740.9208984375 740.39398193359375 740.16705322265625 740.492431640625 740.14703369140625 740.1046142578125 739.87646484375 740.0133056640625 740.1031494140625 739.650146484375 739.5849609375 738.37615966796875 737.78521728515625 737.11346435546875 736.23358154296875 735.413330078125 735.3804931640625 734.6171875 734.30267333984375 733.75439453125 -9999 -9999 -9999 -9999 -9999 -9999 -9999 -9999 -9999 -9999 -9999 -9999 -9999 -9999 -9999 -9999 -9999 -9999 -9999 -9999 -9999 -9999 -9999 -9999 -9999 -9999 -9999
739.67974853515625 739.3594970703125 738.55322265625 738.480224609375 738.8660888671875 738.28704833984375 738.10882568359375 738.02008056640625 738.168701171875 738.5325927734375 738.821044921875 738.82861328125 738.34881591796875 737.8236083984375 737.16766357421875 736.32501220703125 735.5723876953125 735.2943115234375 734.53533935546875 734.2589111328125 733.785400390625 -9999 -9999 -9999 -9999 -9999 -9999 -9999 -9999 -9999 -9999 -9999 -9999 -9999 -9999 -9999 -9999 -9999 -9999 -9999 -9999 -9999 -9999 -9999 -9999 -9999 -9999 -9999
738.9713134765625 738.6080322265625 737.646484375 737.65484619140625 737.99029541015625 737.49755859375 737.59918212890625 737.4991455078125 737.826171875 738.0826416015625 738.3831787109375 738.6832275390625 738.3695068359375 738.04461669921875 737.1773681640625 736.36944580078125 735.73052978515625 734.46966552734375 734.45257568359375 735.4688720703125 735.2437744140625 -9999 -9999 -9999 -9999 -9999 -9999 -9999 -9999 -9999 -9999 -9999 -9999 -9999 -9999 -9999 -9999 -9999 -9999 -9999 -9999 -9999 -9999 -9999 -9999 -9999 -9999 -9999
738.09698486328125 737.8555908203125 736.91241455078125 736.8621826171875 737.1136474609375 736.6517333984375 736.9661865234375 736.97772216796875 737.4530029296875 737.87646484375 738.088623046875 738.475830078125 738.1253662109375 737.89752197265625 737.15582275390625 736.35296630859375 735.642822265625 734.5152587890625 736.963623046875 739.50262451171875 739.4610595703125 -9999 -9999 -9999 -9999 -9999 -9999 -9999 -9999 -9999 -9999 -9999 -9999 -9999 -9999 -9999 -9999 -9999 -9999 -9999 -9999 -9999 -9999 -9999 -9999 -9999 -9999 -9999
