INPUT/RASTER/ASCII/BIO12.asc
ncols        225
nrows        269
xllcorner    473009.983799999987
yllcorner    4429051.174800000153
cellsize     50.000000000000
NODATA_value -9999
[rows 120 to 139 of 269, columns 138 to 183 of 225]
692.5447998046875 692.32269287109375 692.1815185546875 692.4608154296875 693.89404296875 696.53131103515625 698.54498291015625 699.9998779296875 702.471435546875 703.98114013671875 704.84979248046875 705.29669189453125 705.21441650390625 704.94793701171875 703.9014892578125 701.56353759765625 698.66986083984375 696.64080810546875 695.69549560546875 695.13433837890625 693.936767578125 692.37750244140625 691.33648681640625 690.64910888671875 690.006591796875 689.59625244140625 689.1629638671875 688.69720458984375 687.93878173828125 687.10589599609375 686.6593017578125 686.67449951171875 686.9490966796875 687.40484619140625 687.8597412109375 688.43463134765625 689.2362060546875 689.75531005859375 690.11077880859375 690.56866455078125 690.86865234375 691.13653564453125 691.471435546875 691.6749267578125 691.677734375 691.67938232421875
692.79522705078125 692.56707763671875 692.310546875 692.14776611328125 693.310791015625 695.43743896484375 696.352294921875 697.34814453125 700.3955078125 703.678466796875 705.5682373046875 706.0413818359375 705.599609375 704.9825439453125 703.44384765625 700.94342041015625 698.3994140625 696.6563720703125 695.70867919921875 695.09381103515625 693.7794189453125 692.3642578125 691.5167236328125 690.9427490234375 690.35931396484375 689.972900390625 689.4876708984375 688.9449462890625 687.9576416015625 686.7144775390625 686.00408935546875 685.897705078125 686.11212158203125 686.53631591796875 687.03515625 687.7041015625 688.500732421875 689.10955810546875 689.44769287109375 689.7825927734375 690.13189697265625 690.65826416015625 691.17572021484375 691.503173828125 691.56854248046875 691.454345703125
692.7730712890625 692.56939697265625 692.39300537109375 692.18756103515625 692.7188720703125 694.10137939453125 694.5775146484375 695.13812255859375 698.0145263671875 702.3602294921875 705.3035888671875 706.14111328125 705.6900634765625 704.85784912109375 702.675048828125 700.02862548828125 697.93206787109375 696.500732421875 695.61083984375 694.9630126953125 693.78729248046875 692.6353759765625 691.86419677734375 691.3212890625 690.7784423828125 690.41156005859375 689.86297607421875 689.2030029296875 688.23724365234375 686.9912109375 686.0146484375 685.62060546875 685.609619140625 685.83343505859375 686.375 687.20745849609375 687.990234375 688.61981201171875 688.94390869140625 689.109619140625 689.48516845703125 690.228271484375 690.93548583984375 691.38818359375 691.4578857421875 691.15509033203125
692.59857177734375 692.43060302734375 692.3101806640625 692.17938232421875 692.2130126953125 692.875244140625 693.42926025390625 693.924560546875 696.44598388671875 700.76898193359375 704.32171630859375 705.7840576171875 705.5958251953125 704.6749267578125 701.9610595703125 699.09124755859375 697.35711669921875 696.26910400390625 695.45361328125 694.8450927734375 693.87164306640625 692.92352294921875 692.17041015625 691.59234619140625 691.056396484375 690.69329833984375 690.13104248046875 689.43646240234375 688.58123779296875 687.48065185546875 686.2735595703125 685.5079345703125 685.1317138671875 684.98699951171875 685.539794921875 686.48248291015625 687.2813720703125 687.80950927734375 688.03509521484375 688.19140625 688.879150390625 689.79766845703125 690.604736328125 691.14007568359375 691.16180419921875 690.71038818359375
692.431396484375 692.2437744140625 692.13092041015625 692.022705078125 691.9097900390625 691.93487548828125 692.42755126953125 693.16351318359375 695.25958251953125 698.9434814453125 702.783935546875 705.04425048828125 705.31298828125 704.439697265625 701.44598388671875 698.371337890625 696.83172607421875 695.98577880859375 695.26409912109375 694.72967529296875 693.945068359375 693.17755126953125 692.425537109375 691.7503662109375 691.16766357421875 690.806396484375 690.27691650390625 689.6568603515625 688.9130859375 687.88800048828125 686.489013671875 685.39361572265625 684.6268310546875 684.08526611328125 684.6314697265625 685.66650390625 686.417724609375 686.74505615234375 686.8048095703125 687.04888916015625 688.32275390625 689.4000244140625 689.97491455078125 690.3094482421875 690.33428955078125 689.970703125
692.28839111328125 692.0574951171875 691.89605712890625 691.70526123046875 691.62591552734375 691.38623046875 691.3343505859375 692.03961181640625 693.850341796875 696.9383544921875 700.96966552734375 703.84625244140625 704.61773681640625 703.99810791015625 701.06793212890625 697.9027099609375 696.3861083984375 695.59130859375 694.95294189453125 694.50396728515625 693.88946533203125 693.29791259765625 692.56494140625 691.8302001953125 691.18084716796875 690.80865478515625 690.30181884765625 689.74127197265625 689.1224365234375 687.97479248046875 686.2335205078125 684.89227294921875 683.95648193359375 683.3565673828125 683.9609375 684.97723388671875 685.24908447265625 685.05999755859375 684.90252685546875 685.69036865234375 687.75042724609375 688.96600341796875 689.09173583984375 688.99688720703125 689.0909423828125 689.0233154296875
692.19952392578125 691.8594970703125 691.58050537109375 691.4716796875 691.3642578125 691.0771484375 690.90191650390625 691.02154541015625 692.38836669921875 695.38031005859375 699.1929931640625 702.0533447265625 703.322998046875 703.1192626953125 700.509033203125 697.59747314453125 695.9461669921875 694.998779296875 694.40911865234375 694.08978271484375 693.64202880859375 693.17572021484375 692.55889892578125 691.79571533203125 691.0390625 690.60986328125 690.07305908203125 689.4273681640625 688.7720947265625 687.35369873046875 684.96875 683.2432861328125 682.62994384765625 682.76971435546875 683.6942138671875 684.38922119140625 683.429443359375 682.41571044921875 682.70849609375 684.59588623046875 686.83514404296875 688.059814453125 688.31964111328125 688.3140869140625 688.34454345703125 688.4544677734375
692.2005615234375 691.9456787109375 691.65576171875 691.4197998046875 691.185546875 690.95880126953125 690.85968017578125 690.87152099609375 691.494140625 693.91864013671875 697.35943603515625 700.04290771484375 701.7537841796875 702.05255126953125 700.13006591796875 697.2958984375 695.26641845703125 694.13421630859375 693.70184326171875 693.52984619140625 693.2801513671875 692.914794921875 692.2874755859375 691.4881591796875 690.62078857421875 690.0841064453125 689.45404052734375 688.67889404296875 687.93267822265625 686.53466796875 683.90765380859375 682.005615234375 681.547119140625 682.07574462890625 683.13763427734375 683.583740234375 682.39068603515625 681.36138916015625 681.7130126953125 683.53289794921875 685.81219482421875 687.2525634765625 687.8621826171875 688.0958251953125 688.19940185546875 688.3468017578125
692.1854248046875 691.982666015625 691.6136474609375 691.30889892578125 691.09686279296875 690.9801025390625 690.96405029296875 691.0428466796875 691.5531005859375 693.30047607421875 696.4664306640625 699.09674072265625 700.77032470703125 701.2054443359375 699.7447509765625 696.93218994140625 694.592041015625 693.44287109375 693.26300048828125 693.2452392578125 693.1343994140625 692.75567626953125 691.9376220703125 691.02142333984375 690.11981201171875 689.540283203125 688.79852294921875 688.019775390625 687.337890625 686.0587158203125 683.5152587890625 681.63250732421875 681.09539794921875 681.33978271484375 682.196533203125 682.82232666015625 682.08551025390625 681.10223388671875 680.91046142578125 682.38494873046875 684.9439697265625 686.7071533203125 687.5462646484375 687.86962890625 688.05230712890625 688.3231201171875
692.1400146484375 691.92645263671875 691.5289306640625 691.28778076171875 691.13116455078125 691.12060546875 691.21356201171875 691.328125 691.79949951171875 693.0213623046875 695.424072265625 697.94287109375 699.58306884765625 700.06488037109375 698.94305419921875 696.29425048828125 693.8782958984375 692.760009765625 692.78924560546875 692.9361572265625 692.9798583984375 692.5306396484375 691.51531982421875 690.45208740234375 689.4718017578125 688.85699462890625 688.07366943359375 687.3199462890625 686.7860107421875 685.7479248046875 683.61383056640625 681.83642578125 680.98944091796875 680.54376220703125 680.939453125 681.74755859375 681.46258544921875 680.60400390625 680.17047119140625 681.4820556640625 684.2520751953125 686.2899169921875 687.31439208984375 687.7115478515625 687.9588623046875 688.3350830078125
692.1397705078125 691.91375732421875 691.5394287109375 691.440185546875 691.3712158203125 691.46246337890625 691.6444091796875 691.7099609375 691.997314453125 692.757080078125 694.16522216796875 696.0205078125 697.50299072265625 698.1575927734375 697.368896484375 695.133544921875 692.92572021484375 691.82806396484375 692.01983642578125 692.3714599609375 692.574951171875 692.02911376953125 690.90289306640625 689.71563720703125 688.6474609375 688.00567626953125 687.20855712890625 686.53509521484375 686.211181640625 685.5224609375 683.86822509765625 682.296142578125 681.0689697265625 679.7779541015625 679.51507568359375 680.2568359375 680.02459716796875 679.4385986328125 679.5709228515625 681.16143798828125 683.84454345703125 685.9075927734375 687.08111572265625 687.62548828125 687.90960693359375 688.34710693359375
692.29583740234375 692.07904052734375 691.71612548828125 691.6224365234375 691.646484375 691.76690673828125 691.90679931640625 691.85821533203125 691.90924072265625 692.2020263671875 692.93194580078125 693.91571044921875 694.83807373046875 695.84771728515625 695.50396728515625 693.78570556640625 691.724365234375 690.58721923828125 690.99737548828125 691.49554443359375 691.73760986328125 691.1175537109375 689.97802734375 688.7584228515625 687.66351318359375 687.01824951171875 686.28778076171875 685.73870849609375 685.53253173828125 685.12249755859375 683.9154052734375 682.566162109375 681.0902099609375 679.1671142578125 678.3365478515625 678.850341796875 678.57049560546875 678.4998779296875 679.55535888671875 681.4881591796875 683.7015380859375 685.5723876953125 686.8460693359375 687.50091552734375 687.85906982421875 688.41363525390625
692.946533203125 692.735595703125 692.3580322265625 691.99029541015625 691.8802490234375 691.89398193359375 691.8924560546875 691.77081298828125 691.67498779296875 691.626953125 691.93341064453125 692.55145263671875 693.1483154296875 693.88018798828125 693.88800048828125 692.81689453125 690.77886962890625 689.2774658203125 689.548095703125 690.00604248046875 690.197509765625 689.6412353515625 688.62847900390625 687.51654052734375 686.4549560546875 685.81378173828125 685.20068359375 684.78240966796875 684.575439453125 684.3291015625 683.55279541015625 682.45074462890625 680.96099853515625 678.750244140625 677.3153076171875 677.5438232421875 678.1766357421875 678.86334228515625 680.18853759765625 681.94732666015625 683.58160400390625 685.1728515625 686.5155029296875 687.27008056640625 687.732421875 688.46380615234375
694.50927734375 694.38580322265625 694.0750732421875 693.13250732421875 692.47247314453125 692.08892822265625 691.781982421875 691.64593505859375 691.5006103515625 691.36297607421875 691.51824951171875 692.24127197265625 692.72613525390625 692.88726806640625 692.9554443359375 692.29010009765625 690.57525634765625 688.8189697265625 688.38421630859375 688.4736328125 688.48065185546875 688.0955810546875 687.33837890625 686.444091796875 685.5 684.9100341796875 684.30401611328125 683.7847900390625 683.499267578125 683.34820556640625 682.8907470703125 682.075439453125 680.762939453125 678.45867919921875 676.46795654296875 676.65447998046875 678.07562255859375 678.9197998046875 680.0374755859375 681.69403076171875 683.27459716796875 684.836181640625 686.20635986328125 686.953369140625 687.468017578125 688.32550048828125
695.21875 695.135009765625 695.0621337890625 694.69610595703125 694.271484375 693.24981689453125 692.41204833984375 692.20306396484375 691.7493896484375 691.515380859375 691.64434814453125 692.26654052734375 692.64263916015625 692.665771484375 692.7420654296875 692.30224609375 690.90802001953125 689.12164306640625 687.995361328125 687.57135009765625 687.184326171875 686.85400390625 686.351318359375 685.6263427734375 684.7447509765625 684.14056396484375 683.32037353515625 682.6114501953125 682.3563232421875 682.382568359375 682.12384033203125 681.57196044921875 680.4658203125 678.3148193359375 676.2310791015625 676.26806640625 677.47906494140625 677.99786376953125 679.00299072265625 680.84027099609375 682.62567138671875 684.2618408203125 685.63629150390625 686.36077880859375 686.99029541015625 688.03314208984375
695.4478759765625 695.3291015625 695.1953125 695.028076171875 694.822265625 694.324462890625 693.964599609375 693.7816162109375 692.8929443359375 692.3548583984375 692.25897216796875 692.3963623046875 692.5863037109375 692.567626953125 692.60504150390625 692.44989013671875 691.47125244140625 689.42498779296875 687.61004638671875 686.82440185546875 686.13128662109375 685.78985595703125 685.46337890625 684.78106689453125 683.68017578125 682.899658203125 681.88446044921875 681.11920166015625 681.0645751953125 681.30682373046875 681.26934814453125 680.90716552734375 679.88525390625 678.09320068359375 676.1932373046875 675.74847412109375 676.62225341796875 677.16461181640625 678.00091552734375 679.68438720703125 681.54595947265625 683.3656005859375 684.86138916015625 685.70477294921875 686.51153564453125 687.75079345703125
695.44976806640625 695.32171630859375 695.13739013671875 694.89642333984375 694.72705078125 694.57427978515625 694.41094970703125 694.32049560546875 693.94354248046875 693.46429443359375 692.9169921875 692.53448486328125 692.5496826171875 692.50457763671875 692.5093994140625 692.53192138671875 691.866455078125 689.6610107421875 687.2056884765625 686.11419677734375 685.240966796875 684.89111328125 684.6134033203125 683.880859375 682.52032470703125 681.54278564453125 680.38836669921875 679.69561767578125 679.765380859375 680.18359375 680.337158203125 680.09735107421875 679.27490234375 677.8314208984375 675.9608154296875 674.988525390625 675.64617919921875 676.21368408203125 676.73541259765625 678.064453125 680.091552734375 682.13720703125 683.80035400390625 684.8916015625 685.95513916015625 687.474609375
695.36395263671875 695.24237060546875 695.05535888671875 694.80865478515625 694.666259765625 694.5572509765625 694.423828125 694.34320068359375 694.1689453125 693.7783203125 693.2862548828125 692.83160400390625 692.74615478515625 692.55731201171875 692.46881103515625 692.4678955078125 691.8409423828125 689.74517822265625 687.1719970703125 685.874755859375 684.6641845703125 684.06561279296875 683.67974853515625 682.803955078125 681.23675537109375 680.15191650390625 678.978515625 678.4091796875 678.594482421875 679.142822265625 679.41217041015625 679.33087158203125 678.842041015625 677.6883544921875 675.6473388671875 674.1402587890625 674.49810791015625 674.83282470703125 674.96044921875 676.07879638671875 678.4462890625 680.555908203125 682.34063720703125 683.74078369140625 685.109619140625 686.91461181640625
695.252197265625 695.1351318359375 694.96112060546875 694.78204345703125 694.62225341796875 694.46771240234375 694.34393310546875 694.25506591796875 694.059814453125 693.69586181640625 693.39599609375 693.20294189453125 693.197998046875 692.866943359375 692.52215576171875 692.210693359375 691.476806640625 689.755126953125 687.6058349609375 686.2855224609375 684.62457275390625 683.18084716796875 682.18994140625 681.012939453125 679.357421875 678.4000244140625 677.467041015625 677.066650390625 677.40435791015625 677.9937744140625 678.37835693359375 678.43988037109375 678.26708984375 677.46502685546875 675.378173828125 673.4541015625 673.11834716796875 673.0076904296875 672.84576416015625 674.1334228515625 676.88873291015625 678.85498046875 680.65155029296875 682.23040771484375 683.8709716796875 685.8189697265625
695.13677978515625 695.00732421875 694.83642578125 694.67376708984375 694.50689697265625 694.34112548828125 694.21075439453125 694.11529541015625 693.93939208984375 693.6243896484375 693.36859130859375 693.21112060546875 693.220947265625 693.21002197265625 692.8076171875 692.13665771484375 691.2708740234375 689.99578857421875 688.47174072265625 687.17608642578125 685.0357666015625 682.6143798828125 680.3448486328125 678.4788818359375 676.91033935546875 676.209228515625 675.7626953125 675.76708984375 676.16595458984375 676.7044677734375 677.1328125 677.19903564453125 677.10528564453125 676.566650390625 674.88311767578125 672.9566650390625 672.00897216796875 671.67950439453125 671.65643310546875 673.3359375 676.02825927734375 677.80078125 679.5693359375 681.184814453125 682.6949462890625 684.35845947265625
