INPUT/RASTER/ASCII/BIO19.asc
ncols        225
nrows        269
xllcorner    473000.000000000000
yllcorner    4429100.000000000000
cellsize     50.000000000000
NODATA_value -9999
[rows 140 to 159 of 269, columns 92 to 137 of 225]
220.882354736328125 220.6814727783203125 219.80120849609375 219.7780303955078125 219.2838592529296875 218.5626220703125 218.452239990234375 218.1094970703125 218.40533447265625 218.24981689453125 218.00152587890625 217.6167449951171875 217.186737060546875 216.8892059326171875 216.50921630859375 216.323333740234375 215.8097076416015625 214.99041748046875 215.21697998046875 214.9435577392578125 215.1740570068359375 215.260650634765625 215.53692626953125 215.936126708984375 217.015655517578125 217.81396484375 218.9884033203125 220.0880584716796875 220.2508544921875 220.787567138671875 220.8116912841796875 220.3603363037109375 219.6656646728515625 219.38299560546875 219.1808319091796875 218.4213104248046875 218.025726318359375 217.7540740966796875 -9999 -9999 -9999 -9999 -9999 -9999 -9999 -9999
220.441192626953125 220.14794921875 219.52899169921875 219.3995819091796875 218.8289794921875 218.168853759765625 217.8797760009765625 217.6676483154296875 217.944366455078125 217.9205169677734375 217.7563323974609375 217.531524658203125 217.205810546875 216.86358642578125 216.4375 216.3104248046875 215.7061614990234375 214.870758056640625 214.5527801513671875 214.5801849365234375 214.9971466064453125 215.3704071044921875 215.61505126953125 216.282135009765625 216.972442626953125 217.88336181640625 219.301177978515625 220.298919677734375 220.657806396484375 220.852294921875 220.6661529541015625 219.80291748046875 219.2394866943359375 218.756011962890625 218.490478515625 218.204986572265625 217.8697509765625 217.705078125 -9999 -9999 -9999 -9999 -9999 -9999 -9999 -9999
220.100494384765625 219.8421173095703125 219.330047607421875 219.1791534423828125 218.5503997802734375 217.921783447265625 217.6434326171875 217.54376220703125 217.6580963134765625 217.6844024658203125 217.584381103515625 217.3872222900390625 217.151763916015625 216.8154296875 216.3166961669921875 216.178985595703125 215.601409912109375 214.7509307861328125 214.3103179931640625 214.36346435546875 214.887451171875 215.4711761474609375 215.668487548828125 216.34576416015625 216.9534912109375 217.8863983154296875 219.4539642333984375 220.3301849365234375 220.684967041015625 220.810760498046875 220.533935546875 219.61541748046875 219.0311737060546875 218.54150390625 218.352752685546875 218.0573883056640625 217.75714111328125 -9999 -9999 -9999 -9999 -9999 -9999 -9999 -9999 -9999
219.782135009765625 219.5834808349609375 219.13092041015625 218.9883270263671875 218.2844085693359375 217.772430419921875 217.583099365234375 217.517608642578125 217.5561065673828125 217.5428619384765625 217.4123077392578125 217.1014556884765625 216.78515625 216.6178436279296875 215.951019287109375 215.7591094970703125 215.0524749755859375 214.459625244140625 214.0446014404296875 214.04864501953125 214.74920654296875 215.4916534423828125 215.7217254638671875 216.370758056640625 217.081085205078125 217.9903717041015625 219.4288177490234375 220.21435546875 220.5855865478515625 220.5731964111328125 220.231689453125 219.403167724609375 218.8542938232421875 218.4015350341796875 218.2391204833984375 217.9894256591796875 -9999 -9999 -9999 -9999 -9999 -9999 -9999 -9999 217.36181640625 217.2853240966796875
219.459747314453125 219.3438720703125 218.931671142578125 218.7548675537109375 218.1403961181640625 217.720794677734375 217.552978515625 217.442352294921875 217.4672088623046875 217.4404449462890625 217.1616973876953125 216.6049652099609375 216.2470703125 216.1977081298828125 215.413848876953125 215.0860595703125 214.5696258544921875 214.31494140625 213.8214111328125 213.733642578125 214.7793731689453125 215.596954345703125 215.7991943359375 216.486907958984375 217.257415771484375 218.1588897705078125 219.4055633544921875 220.0306854248046875 220.1875457763671875 220.066162109375 219.7333526611328125 219.092742919921875 218.6643524169921875 218.2768096923828125 -9999 -9999 -9999 -9999 -9999 -9999 -9999 -9999 -9999 -9999 217.3462677001953125 217.2696533203125
219.137176513671875 218.99609375 218.63433837890625 218.4378509521484375 217.99041748046875 217.6934661865234375 217.4158782958984375 217.2690582275390625 217.1506805419921875 217.0156097412109375 216.5812530517578125 215.8912506103515625 215.43963623046875 215.355194091796875 214.82757568359375 214.4318389892578125 214.1998138427734375 214.24346923828125 214.0667724609375 214.10357666015625 215.1483917236328125 215.7414093017578125 215.9009246826171875 216.595733642578125 217.457977294921875 218.40325927734375 219.3623046875 219.6528167724609375 219.7074127197265625 219.656707763671875 219.3553009033203125 218.855377197265625 218.5016937255859375 -9999 -9999 -9999 -9999 -9999 -9999 -9999 -9999 -9999 -9999 -9999 217.330291748046875 217.2535400390625
218.6676025390625 218.3536224365234375 218.214508056640625 217.9844818115234375 217.7635040283203125 217.543609619140625 217.1999053955078125 217.02215576171875 216.5796356201171875 216.4959716796875 215.83331298828125 215.137603759765625 214.7054290771484375 214.123779296875 213.4091033935546875 213.6261444091796875 214.1272735595703125 214.6627197265625 215.263916015625 215.503509521484375 215.830841064453125 216.106781005859375 216.250457763671875 216.9821929931640625 217.8582611083984375 218.82537841796875 219.5930633544921875 219.693695068359375 219.614837646484375 219.3263092041015625 219.0134735107421875 -9999 -9999 -9999 -9999 -9999 -9999 -9999 -9999 -9999 -9999 -9999 -9999 -9999 -9999 217.1753082275390625
217.7279052734375 217.487945556640625 217.34979248046875 217.285400390625 217.244232177734375 217.1699371337890625 216.8824005126953125 216.422393798828125 215.528167724609375 215.2938079833984375 214.809356689453125 214.6060791015625 214.239715576171875 214.1137847900390625 214.1197509765625 214.4871063232421875 214.879425048828125 215.202362060546875 215.7110595703125 215.8238372802734375 216.02459716796875 216.29461669921875 216.4493255615234375 217.248321533203125 218.0335235595703125 218.9705963134765625 219.695770263671875 219.84698486328125 219.7746124267578125 219.478759765625 219.173828125 -9999 -9999 -9999 -9999 -9999 -9999 -9999 -9999 -9999 -9999 -9999 -9999 -9999 -9999 217.1137542724609375
217.3067169189453125 217.076446533203125 217.076202392578125 216.9359283447265625 216.8945770263671875 216.9950408935546875 216.7709808349609375 216.1263275146484375 214.9475555419921875 214.75360107421875 214.285003662109375 214.4325714111328125 214.434783935546875 215.047393798828125 215.343475341796875 215.8452606201171875 216.163055419921875 215.9620208740234375 216.0438995361328125 216.02154541015625 216.2159423828125 216.50750732421875 216.64794921875 217.4351043701171875 218.184051513671875 219.1328277587890625 219.89605712890625 220.065673828125 220.174102783203125 219.997955322265625 219.581024169921875 218.710205078125 -9999 -9999 -9999 -9999 -9999 -9999 -9999 -9999 -9999 -9999 -9999 -9999 217.26202392578125 217.1330108642578125
217.0076904296875 216.75616455078125 216.75347900390625 216.6467132568359375 216.659576416015625 216.792449951171875 216.4864959716796875 215.732177734375 214.129547119140625 214.0908203125 213.62530517578125 214.2358551025390625 214.82537841796875 216.2658233642578125 216.640350341796875 216.8773193359375 216.92327880859375 216.501190185546875 216.281494140625 216.219024658203125 216.496826171875 216.7672576904296875 216.870758056640625 217.6142578125 218.3343048095703125 219.2371978759765625 219.998199462890625 220.1551666259765625 220.38323974609375 220.4923553466796875 220.062225341796875 218.960601806640625 218.42236328125 -9999 -9999 -9999 -9999 -9999 -9999 -9999 -9999 -9999 217.4152679443359375 217.307952880859375 217.248321533203125 217.1423797607421875
216.64434814453125 216.52972412109375 216.471405029296875 216.475799560546875 216.4469146728515625 216.495330810546875 216.068634033203125 215.0196990966796875 212.7734527587890625 213.08526611328125 212.83282470703125 214.2335968017578125 215.5093994140625 217.1529388427734375 217.276275634765625 217.378082275390625 217.1962127685546875 216.746490478515625 216.5273590087890625 216.440704345703125 216.677459716796875 216.933837890625 217.044342041015625 217.7353515625 218.4842529296875 219.382080078125 220.0021209716796875 220.1330413818359375 220.3627166748046875 220.521514892578125 220.3092193603515625 219.35748291015625 218.898040771484375 218.378326416015625 218.076446533203125 217.9581451416015625 217.6328582763671875 -9999 217.49676513671875 217.5315093994140625 217.574493408203125 217.521392822265625 217.50189208984375 217.364288330078125 217.2587127685546875 217.1276702880859375
216.23162841796875 216.25262451171875 216.164306640625 216.2589874267578125 216.1722412109375 216.0082244873046875 215.554534912109375 213.1552734375 210.7811431884765625 211.0381317138671875 212.5925140380859375 214.061553955078125 216.37591552734375 217.6877593994140625 217.6669158935546875 217.6193084716796875 217.475555419921875 217.1016845703125 216.8020782470703125 216.735992431640625 216.8665771484375 217.068450927734375 217.218536376953125 217.7671966552734375 218.769775390625 219.479705810546875 219.9829254150390625 220.1100616455078125 220.2669677734375 220.4055328369140625 220.34942626953125 220.037811279296875 219.433685302734375 219.0053863525390625 218.57147216796875 218.39892578125 217.834747314453125 217.7348175048828125 217.6163482666015625 217.611572265625 217.7135009765625 217.626129150390625 217.6466827392578125 217.4691925048828125 217.3403472900390625 217.1829376220703125
215.43585205078125 215.5124664306640625 215.073211669921875 215.2583465576171875 214.5428619384765625 212.731475830078125 212.56573486328125 209.76947021484375 209.8948516845703125 210.45556640625 212.0454864501953125 214.4901580810546875 216.26104736328125 217.4243927001953125 217.61529541015625 217.649993896484375 217.51593017578125 217.406982421875 217.065948486328125 217.153472900390625 217.1813507080078125 217.4956207275390625 218.029571533203125 218.46746826171875 219.1790008544921875 219.4771881103515625 219.84344482421875 220.0213165283203125 220.202484130859375 220.267791748046875 220.318084716796875 220.32989501953125 220.0863037109375 219.7118988037109375 219.5725250244140625 219.10601806640625 218.677734375 218.27508544921875 218.170623779296875 218.0640411376953125 218.0368804931640625 217.9153289794921875 217.819488525390625 217.619659423828125 217.3721160888671875 217.27313232421875
214.8653717041015625 214.5501556396484375 214.064239501953125 213.85443115234375 212.5465545654296875 210.98931884765625 210.1510162353515625 209.3494873046875 210.059539794921875 211.0149383544921875 212.389434814453125 214.50994873046875 216.0874176025390625 217.1670074462890625 217.5158843994140625 217.6116180419921875 217.5220794677734375 217.430755615234375 217.2248077392578125 217.324859619140625 217.5586090087890625 218.071746826171875 218.495391845703125 218.994476318359375 219.278533935546875 219.4833526611328125 219.796875 219.9137115478515625 220.073638916015625 220.1240081787109375 220.2498931884765625 220.2356719970703125 220.251068115234375 220.04656982421875 220.009674072265625 219.6734161376953125 219.3972625732421875 218.9732818603515625 218.71832275390625 218.58880615234375 218.343231201171875 218.13916015625 217.8900299072265625 217.71380615234375 217.5079498291015625 217.3111114501953125
214.099456787109375 213.4461517333984375 212.761383056640625 212.464080810546875 211.0221099853515625 209.5894775390625 209.0147857666015625 209.565521240234375 210.6927337646484375 211.5985565185546875 212.823333740234375 214.7448272705078125 216.011383056640625 216.94781494140625 217.3428192138671875 217.4748382568359375 217.494171142578125 217.4052734375 217.2940673828125 217.373626708984375 217.7477874755859375 218.4310760498046875 218.74066162109375 219.17291259765625 219.3043212890625 219.4480133056640625 219.6520843505859375 219.7673492431640625 219.8906707763671875 219.955413818359375 220.1062774658203125 220.141082763671875 220.13885498046875 220.024383544921875 219.98907470703125 219.8305816650390625 219.54840087890625 219.2522735595703125 218.9557037353515625 218.764892578125 218.5283966064453125 218.29095458984375 217.9752197265625 217.743438720703125 217.5555419921875 217.3431854248046875
212.8691253662109375 212.04547119140625 211.55615234375 211.229827880859375 209.7433319091796875 208.727752685546875 208.91943359375 210.050445556640625 211.3097076416015625 212.084014892578125 213.247161865234375 214.94580078125 215.984039306640625 216.6956939697265625 217.144989013671875 217.28948974609375 217.4379425048828125 217.3795318603515625 217.294158935546875 217.37310791015625 217.763916015625 218.1845550537109375 218.7898712158203125 219.182220458984375 219.25640869140625 219.390106201171875 219.53143310546875 219.5847320556640625 219.6651611328125 219.7864837646484375 219.986724853515625 220.021697998046875 220.065277099609375 220.0017852783203125 219.9680938720703125 219.8680419921875 219.6746978759765625 219.4414215087890625 219.1047821044921875 218.842742919921875 218.6435394287109375 218.344512939453125 218.0298919677734375 217.748260498046875 217.556182861328125 217.4083251953125
211.858795166015625 210.334197998046875 210.105987548828125 209.737823486328125 208.7086334228515625 208.5264892578125 209.395263671875 210.7064361572265625 211.851318359375 212.5447540283203125 213.642791748046875 215.1096954345703125 216.0053863525390625 216.588043212890625 216.995819091796875 217.1037445068359375 217.328857421875 217.255645751953125 217.1837158203125 217.323394775390625 217.7387542724609375 218.0428924560546875 218.643035888671875 219.008453369140625 219.110260009765625 219.2249908447265625 219.312591552734375 219.359222412109375 219.389251708984375 219.5438079833984375 219.8926544189453125 219.9264373779296875 219.9152984619140625 219.978759765625 219.946746826171875 219.8585968017578125 219.776153564453125 219.5629119873046875 219.2095947265625 218.9446868896484375 218.717437744140625 218.3732147216796875 218.0380706787109375 217.8016357421875 217.5381011962890625 217.3723297119140625
210.970550537109375 208.852783203125 208.5576934814453125 208.1839752197265625 207.9637451171875 208.520721435546875 209.9446258544921875 211.1663818359375 212.3448333740234375 212.93182373046875 214.020111083984375 215.22210693359375 215.9775238037109375 216.515716552734375 216.7729644775390625 216.849609375 217.0305023193359375 217.0335693359375 217.045684814453125 217.2733917236328125 217.6348724365234375 217.861358642578125 218.30010986328125 218.673431396484375 218.8414764404296875 219.0660552978515625 219.117889404296875 219.121917724609375 219.211181640625 219.3497314453125 219.7225494384765625 219.8308258056640625 219.8197784423828125 219.7714385986328125 219.802703857421875 219.8311614990234375 219.754913330078125 219.5928192138671875 219.2342987060546875 218.9483642578125 218.75347900390625 218.3770751953125 218.01470947265625 217.70782470703125 217.4576568603515625 217.21185302734375
209.861846923828125 208.0458221435546875 207.743255615234375 208.1234893798828125 208.8269195556640625 209.10198974609375 210.580841064453125 211.5771484375 212.85595703125 213.3186492919921875 214.316070556640625 215.406646728515625 215.998321533203125 216.313262939453125 216.500885009765625 216.500274658203125 216.577850341796875 216.7133331298828125 216.8466033935546875 217.149658203125 217.4339599609375 217.61260986328125 217.77294921875 217.9843597412109375 218.3763427734375 218.8191986083984375 219.070068359375 219.076263427734375 219.12896728515625 219.131866455078125 219.30364990234375 219.467254638671875 219.533416748046875 219.511505126953125 219.5625 219.578369140625 219.56451416015625 219.4546661376953125 219.1552734375 218.7929534912109375 218.577301025390625 218.041168212890625 217.525390625 217.152069091796875 216.82537841796875 216.59222412109375
208.279876708984375 207.7041168212890625 208.266998291015625 209.5265350341796875 210.946502685546875 211.2915191650390625 212.1478424072265625 212.7649078369140625 213.67755126953125 213.969085693359375 214.754730224609375 215.5710906982421875 215.9901275634765625 216.2616424560546875 216.2740020751953125 216.2532501220703125 216.1558990478515625 216.2187957763671875 216.6519775390625 216.80340576171875 216.8182373046875 216.966888427734375 217.2215576171875 217.8276214599609375 218.400238037109375 218.9588623046875 219.1924896240234375 219.2171630859375 219.1194000244140625 219.108062744140625 219.229034423828125 219.3216552734375 219.357086181640625 219.4340667724609375 219.441864013671875 219.4346771240234375 219.493255615234375 219.3774566650390625 219.010955810546875 218.568084716796875 218.2837982177734375 217.603485107421875 216.710845947265625 216.298583984375 216.0356903076171875 215.83746337890625
