INPUT/RASTER/ASCII/BIO15.asc
ncols        225
nrows        269
xllcorner    473009.983799999987
yllcorner    4429051.174800000153
cellsize     50.000000000000
NODATA_value -9999
[rows 95 to 113 of 269, columns 126 to 167 of 225]
53.25757598876953125 53.248531341552734375 53.237339019775390625 53.22107696533203125 53.20810699462890625 53.200550079345703125 53.195652008056640625 53.190830230712890625 53.18145751953125 53.170047760009765625 53.159984588623046875 53.150959014892578125 53.142406463623046875 53.137237548828125 53.13146209716796875 53.122615814208984375 53.111278533935546875 53.098209381103515625 53.0849761962890625 53.07572174072265625 53.06604766845703125 53.0511627197265625 53.0374755859375 53.025707244873046875 53.014949798583984375 53.008190155029296875 52.99970245361328125 52.989650726318359375 52.98126220703125 52.97786712646484375 52.988170623779296875 53.001567840576171875 53.006988525390625 53.00884246826171875 53.002986907958984375 52.992153167724609375 52.980525970458984375 52.969409942626953125 52.962371826171875 52.951709747314453125 52.940135955810546875 52.927928924560546875
53.257190704345703125 53.248386383056640625 53.236602783203125 53.22025299072265625 53.20803070068359375 53.202030181884765625 53.198505401611328125 53.19384765625 53.18386077880859375 53.171459197998046875 53.16078948974609375 53.15143585205078125 53.14237213134765625 53.136791229248046875 53.129673004150390625 53.11923980712890625 53.107288360595703125 53.093738555908203125 53.079364776611328125 53.06939697265625 53.059627532958984375 53.04524993896484375 53.032196044921875 53.021030426025390625 53.01032257080078125 53.003353118896484375 52.994609832763671875 52.985584259033203125 52.97908782958984375 52.978271484375 52.989223480224609375 53.0008697509765625 53.00518035888671875 53.005832672119140625 52.999408721923828125 52.988983154296875 52.9784088134765625 52.96775054931640625 52.960418701171875 52.949008941650390625 52.936901092529296875 52.9248046875
53.256038665771484375 53.247608184814453125 53.236202239990234375 53.220790863037109375 53.209300994873046875 53.203372955322265625 53.199581146240234375 53.194576263427734375 53.18433380126953125 53.171276092529296875 53.160488128662109375 53.151031494140625 53.141510009765625 53.135364532470703125 53.1270904541015625 53.11533355712890625 53.102664947509765625 53.088565826416015625 53.07391357421875 53.06396484375 53.05431365966796875 53.04030609130859375 53.02799224853515625 53.017059326171875 53.006023406982421875 52.99883270263671875 52.990421295166015625 52.982746124267578125 52.978771209716796875 52.98035430908203125 52.98987579345703125 52.998470306396484375 53.001644134521484375 53.001590728759765625 52.99530029296875 52.986175537109375 52.976787567138671875 52.96694183349609375 52.959621429443359375 52.947505950927734375 52.934841156005859375 52.92253875732421875
53.254467010498046875 53.24631500244140625 53.235912322998046875 53.22180938720703125 53.21065521240234375 53.20359039306640625 53.198558807373046875 53.193302154541015625 53.183177947998046875 53.170024871826171875 53.159595489501953125 53.150363922119140625 53.1399993896484375 53.133060455322265625 53.123805999755859375 53.11103057861328125 53.097171783447265625 53.0826568603515625 53.0689544677734375 53.059810638427734375 53.05068206787109375 53.037273406982421875 53.025234222412109375 53.01389312744140625 53.0025634765625 52.995517730712890625 52.987918853759765625 52.9815826416015625 52.979328155517578125 52.981357574462890625 52.988239288330078125 52.9940338134765625 52.996410369873046875 52.99619293212890625 52.991123199462890625 52.983959197998046875 52.975681304931640625 52.96636199951171875 52.95912933349609375 52.946659088134765625 52.933696746826171875 52.921062469482421875
53.25290679931640625 53.245311737060546875 53.23574066162109375 53.222621917724609375 53.211517333984375 53.203754425048828125 53.198108673095703125 53.192901611328125 53.182392120361328125 53.16925048828125 53.158809661865234375 53.149036407470703125 53.137683868408203125 53.130115509033203125 53.120166778564453125 53.106716156005859375 53.092014312744140625 53.077510833740234375 53.064479827880859375 53.055999755859375 53.047122955322265625 53.034381866455078125 53.0224151611328125 53.011058807373046875 53.000308990478515625 52.99365234375 52.986236572265625 52.981227874755859375 52.97948455810546875 52.980228424072265625 52.9835052490234375 52.986370086669921875 52.988124847412109375 52.98912811279296875 52.986507415771484375 52.98126983642578125 52.9741973876953125 52.965240478515625 52.95804595947265625 52.945556640625 52.932281494140625 52.9193572998046875
53.25131988525390625 53.244625091552734375 53.23584747314453125 53.2233734130859375 53.212566375732421875 53.204891204833984375 53.198772430419921875 53.19310760498046875 53.182590484619140625 53.169651031494140625 53.158832550048828125 53.14829254150390625 53.13584136962890625 53.127716064453125 53.117046356201171875 53.102741241455078125 53.087863922119140625 53.073390960693359375 53.060482025146484375 53.051906585693359375 53.043613433837890625 53.031314849853515625 53.01937103271484375 53.008777618408203125 52.998683929443359375 52.9922637939453125 52.9857025146484375 52.981601715087890625 52.980010986328125 52.979198455810546875 52.979137420654296875 52.9795074462890625 52.9804534912109375 52.982646942138671875 52.982654571533203125 52.978572845458984375 52.971588134765625 52.962711334228515625 52.95568084716796875 52.943332672119140625 52.93018341064453125 52.917179107666015625
53.25147247314453125 53.244991302490234375 53.23583221435546875 53.22411346435546875 53.21430206298828125 53.206958770751953125 53.200450897216796875 53.1943359375 53.183841705322265625 53.171077728271484375 53.1595916748046875 53.14837646484375 53.135150909423828125 53.126255035400390625 53.114803314208984375 53.0992584228515625 53.08386993408203125 53.0696258544921875 53.056720733642578125 53.048297882080078125 53.040225982666015625 53.027690887451171875 53.0159149169921875 53.00626373291015625 52.99707794189453125 52.99132537841796875 52.985504150390625 52.982105255126953125 52.981098175048828125 52.97904205322265625 52.976776123046875 52.9756927490234375 52.97592926025390625 52.977603912353515625 52.9782867431640625 52.975345611572265625 52.96845245361328125 52.95915985107421875 52.951961517333984375 52.939891815185546875 52.927448272705078125 52.91468048095703125
53.250171661376953125 53.24378204345703125 53.235492706298828125 53.225433349609375 53.21662139892578125 53.20926666259765625 53.20232391357421875 53.195953369140625 53.1852569580078125 53.172454833984375 53.160884857177734375 53.1494140625 53.13542938232421875 53.125705718994140625 53.11307525634765625 53.095859527587890625 53.079357147216796875 53.06507110595703125 53.052734375 53.044719696044921875 53.03617095947265625 53.0233306884765625 53.01235198974609375 53.003704071044921875 52.99550628662109375 52.9902801513671875 52.984882354736328125 52.982769012451171875 52.982501983642578125 52.9794921875 52.9757080078125 52.973541259765625 52.973567962646484375 52.9746246337890625 52.974819183349609375 52.972316741943359375 52.96549224853515625 52.955776214599609375 52.948146820068359375 52.93593597412109375 52.92420196533203125 52.9120941162109375
53.23130035400390625 53.228515625 53.23125457763671875 53.227191925048828125 53.2188568115234375 53.21071624755859375 53.203205108642578125 53.19683074951171875 53.186138153076171875 53.17346954345703125 53.162319183349609375 53.150970458984375 53.136318206787109375 53.125743865966796875 53.111476898193359375 53.092418670654296875 53.074329376220703125 53.05992889404296875 53.04836273193359375 53.04076385498046875 53.0317230224609375 53.019107818603515625 53.00882720947265625 53.001087188720703125 52.994129180908203125 52.9894561767578125 52.9841461181640625 52.98314666748046875 52.98331451416015625 52.9796905517578125 52.974720001220703125 52.9720306396484375 52.972629547119140625 52.9739532470703125 52.973400115966796875 52.970050811767578125 52.96263885498046875 52.952564239501953125 52.94498443603515625 52.932952880859375 52.921253204345703125 52.909748077392578125
53.20529937744140625 53.203670501708984375 53.217105865478515625 53.22641754150390625 53.220088958740234375 53.210788726806640625 53.203136444091796875 53.196659088134765625 53.1860809326171875 53.17383575439453125 53.16303253173828125 53.152065277099609375 53.13715362548828125 53.125919342041015625 53.110477447509765625 53.090240478515625 53.071285247802734375 53.0566558837890625 53.04549407958984375 53.038135528564453125 53.02919769287109375 53.016979217529296875 53.0068817138671875 52.9998016357421875 52.994537353515625 52.991153717041015625 52.9865875244140625 52.984832763671875 52.98441314697265625 52.9800262451171875 52.974254608154296875 52.97182464599609375 52.972927093505859375 52.974384307861328125 52.9732513427734375 52.968456268310546875 52.959766387939453125 52.949245452880859375 52.94199371337890625 52.930767059326171875 52.918766021728515625 52.906955718994140625
53.21067047119140625 53.2020416259765625 53.199859619140625 53.216800689697265625 53.220184326171875 53.210826873779296875 53.2025909423828125 53.19605255126953125 53.185649871826171875 53.173492431640625 53.162456512451171875 53.15161895751953125 53.136745452880859375 53.12540435791015625 53.1100311279296875 53.089752197265625 53.070423126220703125 53.055446624755859375 53.045501708984375 53.03868865966796875 53.02869415283203125 53.016368865966796875 53.00626373291015625 52.99980926513671875 52.996707916259765625 52.995815277099609375 52.994388580322265625 52.991466522216796875 52.9877471923828125 52.981235504150390625 52.975673675537109375 52.973949432373046875 52.9747161865234375 52.9750518798828125 52.972766876220703125 52.966686248779296875 52.957180023193359375 52.94618988037109375 52.938732147216796875 52.92803192138671875 52.916656494140625 52.90486907958984375
53.21605682373046875 53.20815277099609375 53.196018218994140625 53.197811126708984375 53.214221954345703125 53.21166229248046875 53.202487945556640625 53.19539642333984375 53.184940338134765625 53.17270660400390625 53.16121673583984375 53.149776458740234375 53.134944915771484375 53.124034881591796875 53.10942840576171875 53.09020233154296875 53.071502685546875 53.056362152099609375 53.04740142822265625 53.041263580322265625 53.02994537353515625 53.017284393310546875 53.00670623779296875 53 52.998256683349609375 52.99930572509765625 53.000591278076171875 52.99697113037109375 52.990383148193359375 52.982044219970703125 52.977512359619140625 52.977497100830078125 52.978099822998046875 52.976230621337890625 52.971660614013671875 52.96478271484375 52.955196380615234375 52.94426727294921875 52.93675994873046875 52.925807952880859375 52.914600372314453125 52.903285980224609375
53.2197113037109375 53.2118682861328125 53.199222564697265625 53.18532562255859375 53.195476531982421875 53.209064483642578125 53.202728271484375 53.195178985595703125 53.185062408447265625 53.172534942626953125 53.160251617431640625 53.14777374267578125 53.13271331787109375 53.122280120849609375 53.1089324951171875 53.09161376953125 53.07425689697265625 53.058963775634765625 53.049163818359375 53.043094635009765625 53.033176422119140625 53.0209503173828125 53.008914947509765625 53.00078582763671875 52.998065948486328125 52.998870849609375 53.000762939453125 52.998394012451171875 52.9924163818359375 52.983417510986328125 52.97864532470703125 52.978931427001953125 52.978847503662109375 52.975311279296875 52.96929931640625 52.962177276611328125 52.953571319580078125 52.943866729736328125 52.936458587646484375 52.924800872802734375 52.913288116455078125 52.901691436767578125
53.22112274169921875 53.2130126953125 53.19992828369140625 53.184017181396484375 53.180171966552734375 53.195796966552734375 53.20296478271484375 53.198818206787109375 53.18808746337890625 53.173793792724609375 53.15978240966796875 53.14597320556640625 53.130809783935546875 53.121212005615234375 53.109752655029296875 53.09545135498046875 53.080860137939453125 53.066623687744140625 53.056392669677734375 53.050052642822265625 53.0407257080078125 53.02808380126953125 53.014469146728515625 53.004871368408203125 52.9989471435546875 52.9969635009765625 52.997524261474609375 52.997894287109375 52.995784759521484375 52.98839569091796875 52.9812469482421875 52.978237152099609375 52.976001739501953125 52.970996856689453125 52.9648590087890625 52.958850860595703125 52.9523162841796875 52.944980621337890625 52.938079833984375 52.926074981689453125 52.913471221923828125 52.900299072265625
53.22129058837890625 53.212871551513671875 53.20008087158203125 53.187015533447265625 53.180957794189453125 53.18280792236328125 53.192474365234375 53.197811126708984375 53.1914520263671875 53.17630767822265625 53.16094970703125 53.146091461181640625 53.130504608154296875 53.121608734130859375 53.111934661865234375 53.099742889404296875 53.087055206298828125 53.07381439208984375 53.06330108642578125 53.0564727783203125 53.045879364013671875 53.032077789306640625 53.018096923828125 53.00821685791015625 53.000629425048828125 52.9968414306640625 52.99590301513671875 52.99726104736328125 52.99835968017578125 52.99349212646484375 52.984272003173828125 52.977386474609375 52.973201751708984375 52.967071533203125 52.96136474609375 52.957035064697265625 52.952167510986328125 52.94742584228515625 52.9404754638671875 52.928127288818359375 52.914379119873046875 52.89972686767578125
53.221714019775390625 53.21317291259765625 53.200927734375 53.190059661865234375 53.185062408447265625 53.17734527587890625 53.1715087890625 53.178737640380859375 53.187633514404296875 53.17884063720703125 53.16373443603515625 53.14824676513671875 53.13195037841796875 53.12335968017578125 53.114803314208984375 53.103160858154296875 53.090442657470703125 53.07682037353515625 53.065876007080078125 53.058742523193359375 53.046966552734375 53.032672882080078125 53.01937103271484375 53.009342193603515625 53.000965118408203125 52.99660491943359375 52.99460601806640625 52.995868682861328125 52.99892425537109375 52.996295928955078125 52.986713409423828125 52.977611541748046875 52.97217559814453125 52.965061187744140625 52.95934295654296875 52.955959320068359375 52.952205657958984375 52.948909759521484375 52.941730499267578125 52.92913055419921875 52.914947509765625 52.89977264404296875
53.22356414794921875 53.215221405029296875 53.2035064697265625 53.193874359130859375 53.188968658447265625 53.17818450927734375 53.163726806640625 53.15921783447265625 53.173191070556640625 53.18058013916015625 53.16864776611328125 53.152996063232421875 53.13646697998046875 53.127864837646484375 53.118877410888671875 53.106578826904296875 53.092708587646484375 53.078273773193359375 53.06685638427734375 53.059551239013671875 53.04743194580078125 53.033245086669921875 53.020915985107421875 53.010028839111328125 52.9996490478515625 52.9940185546875 52.991634368896484375 52.993083953857421875 52.997791290283203125 52.997959136962890625 52.989501953125 52.979053497314453125 52.9722137451171875 52.963836669921875 52.957889556884765625 52.95433807373046875 52.95125579833984375 52.94867706298828125 52.941936492919921875 52.929473876953125 52.915462493896484375 52.900348663330078125
53.229015350341796875 53.220989227294921875 53.209400177001953125 53.2008209228515625 53.193958282470703125 53.180309295654296875 53.165546417236328125 53.154941558837890625 53.15360260009765625 53.180667877197265625 53.176788330078125 53.162593841552734375 53.146984100341796875 53.1378173828125 53.126617431640625 53.111621856689453125 53.095241546630859375 53.07958221435546875 53.06778717041015625 53.0603179931640625 53.048099517822265625 53.034267425537109375 53.02274322509765625 53.011013031005859375 52.998950958251953125 52.992218017578125 52.988800048828125 52.9897613525390625 52.9951934814453125 52.997898101806640625 52.990444183349609375 52.9792022705078125 52.971622467041015625 52.96274566650390625 52.956615447998046875 52.953029632568359375 52.950511932373046875 52.94814300537109375 52.940944671630859375 52.928272247314453125 52.915454864501953125 52.901897430419921875
53.23773956298828125 53.229869842529296875 53.218547821044921875 53.20832061767578125 53.195526123046875 53.17929840087890625 53.1660308837890625 53.156646728515625 53.151233673095703125 53.176486968994140625 53.184032440185546875 53.175098419189453125 53.16173553466796875 53.15232086181640625 53.1381683349609375 53.118015289306640625 53.0978240966796875 53.0805511474609375 53.068454742431640625 53.061367034912109375 53.050418853759765625 53.0367431640625 53.024387359619140625 53.012691497802734375 53.00023651123046875 52.992462158203125 52.987232208251953125 52.98703765869140625 52.992198944091796875 52.996234893798828125 52.98957061767578125 52.979068756103515625 52.971958160400390625 52.9631195068359375 52.956695556640625 52.953643798828125 52.950527191162109375 52.947113037109375 52.938812255859375 52.926311492919921875 52.91455841064453125 52.902606964111328125
