INPUT/RASTER/ASCII/BIO14.asc
ncols        225
nrows        269
xllcorner    473009.983799999987
yllcorner    4429051.174800000153
cellsize     50.000000000000
NODATA_value -9999
[rows 144 to 161 of 269, columns 42 to 83 of 225]
7.0964117050170898438 7.1139731407165527344 7.1287560462951660156 7.1403355598449707031 7.151378631591796875 7.1636862754821777344 7.173297882080078125 7.1817693710327148438 7.1880173683166503906 7.1929306983947753906 7.1964893341064453125 7.2031679153442382813 7.2121982574462890625 7.2222123146057128906 7.230804443359375 7.2313113212585449219 7.2133507728576660156 7.164722442626953125 7.1133012771606445313 7.0969099998474121094 7.1049261093139648438 7.1136431694030761719 7.1173033714294433594 7.1167058944702148438 7.1184697151184082031 7.1215972900390625 7.1246304512023925781 7.1184101104736328125 7.1177287101745605469 7.1365222930908203125 7.1602621078491210938 7.1768164634704589844 7.1871953010559082031 7.1892719268798828125 7.1861162185668945313 7.1772427558898925781 7.1609578132629394531 7.1617655754089355469 7.1885690689086914063 7.2139306068420410156 7.2238097190856933594 7.2257966995239257813
7.0844159126281738281 7.0973882675170898438 7.1104984283447265625 7.1233415603637695313 7.136077880859375 7.150081634521484375 7.1599874496459960938 7.1683721542358398438 7.1753473281860351563 7.1824674606323242188 7.1874585151672363281 7.1950731277465820313 7.2038731575012207031 7.2133846282958984375 7.2192616462707519531 7.21628570556640625 7.1934671401977539063 7.1348996162414550781 7.0866155624389648438 7.0854167938232421875 7.0981292724609375 7.1046643257141113281 7.1081662178039550781 7.1080346107482910156 7.10623931884765625 7.1021862030029296875 7.1018595695495605469 7.0983366966247558594 7.096405029296875 7.1135158538818359375 7.1397910118103027344 7.1608448028564453125 7.1721758842468261719 7.1732573509216308594 7.1702122688293457031 7.1601357460021972656 7.1430768966674804688 7.1437230110168457031 7.1708989143371582031 7.1959295272827148438 7.2040238380432128906 7.2038893699645996094
7.0691366195678710938 7.0806736946105957031 7.0952100753784179688 7.10894012451171875 7.1212253570556640625 7.1336889266967773438 7.1424870491027832031 7.1503763198852539063 7.1581730842590332031 7.1688332557678222656 7.176105499267578125 7.18553924560546875 7.1943979263305664063 7.2020525932312011719 7.2043805122375488281 7.1964960098266601563 7.1669092178344726563 7.1006894111633300781 7.0634560585021972656 7.0795674324035644531 7.0952887535095214844 7.0966820716857910156 7.0970625877380371094 7.0943269729614257813 7.0879168510437011719 7.0772747993469238281 7.0709471702575683594 7.0692114830017089844 7.0728430747985839844 7.0913233757019042969 7.1216745376586914063 7.1460967063903808594 7.1567735671997070313 7.1548295021057128906 7.1506891250610351563 7.1400284767150878906 7.1233081817626953125 7.1230940818786621094 7.1458983421325683594 7.1701602935791015625 7.1790838241577148438 7.1769852638244628906
7.0490164756774902344 7.0638628005981445313 7.0820012092590332031 7.0947313308715820313 7.1045408248901367188 7.112335205078125 7.1190524101257324219 7.1266536712646484375 7.1352429389953613281 7.1489658355712890625 7.1590633392333984375 7.1709609031677246094 7.1803636550903320313 7.1848626136779785156 7.1819744110107421875 7.1667523384094238281 7.1289687156677246094 7.0593805313110351563 7.0397396087646484375 7.07312774658203125 7.0908575057983398438 7.0866036415100097656 7.0818567276000976563 7.0723867416381835938 7.0624899864196777344 7.0521388053894042969 7.0482831001281738281 7.0523195266723632813 7.0630240440368652344 7.0858364105224609375 7.1158719062805175781 7.1362094879150390625 7.1435132026672363281 7.1408162117004394531 7.1369228363037109375 7.1292066574096679688 7.1142086982727050781 7.1083178520202636719 7.1262030601501464844 7.1508393287658691406 7.1600728034973144531 7.15744781494140625
7.0337042808532714844 7.051242828369140625 7.0699725151062011719 7.0811748504638671875 7.0885548591613769531 7.094707489013671875 7.1024746894836425781 7.1104564666748046875 7.1180415153503417969 7.1282296180725097656 7.1401591300964355469 7.1530609130859375 7.1626996994018554688 7.165439605712890625 7.1544551849365234375 7.128292083740234375 7.0856580734252929688 7.0244274139404296875 7.0214385986328125 7.0577082633972167969 7.07448577880859375 7.072177886962890625 7.0652284622192382813 7.0516672134399414063 7.0399932861328125 7.02976226806640625 7.0402626991271972656 7.0606665611267089844 7.0735769271850585938 7.0899667739868164063 7.1117458343505859375 7.1262331008911132813 7.1306509971618652344 7.1291246414184570313 7.1276087760925292969 7.12345123291015625 7.1080517768859863281 7.0947599411010742188 7.1100249290466308594 7.1361908912658691406 7.1463537216186523438 7.1454987525939941406
7.0240302085876464844 7.0412802696228027344 7.0571560859680175781 7.0654597282409667969 7.0720171928405761719 7.079647064208984375 7.090343475341796875 7.0991187095642089844 7.105648040771484375 7.1101732254028320313 7.1204590797424316406 7.1314020156860351563 7.1407451629638671875 7.1420626640319824219 7.120044708251953125 7.0818233489990234375 7.0397086143493652344 6.9897503852844238281 7.0013718605041503906 7.0366611480712890625 7.0468530654907226563 7.0480027198791503906 7.0429849624633789063 7.0314278602600097656 7.0201840400695800781 7.01739501953125 7.0421023368835449219 7.0675487518310546875 7.0781965255737304688 7.0885982513427734375 7.1047148704528808594 7.115749359130859375 7.117359161376953125 7.1173429489135742188 7.1171250343322753906 7.1137223243713378906 7.097698211669921875 7.0836429595947265625 7.0964441299438476563 7.1214551925659179688 7.1326327323913574219 7.1330285072326660156
7.0173068046569824219 7.0317792892456054688 7.04473876953125 7.0512599945068359375 7.056827545166015625 7.0663461685180664063 7.0808157920837402344 7.090427398681640625 7.0962109565734863281 7.0988936424255371094 7.1018366813659667969 7.1058564186096191406 7.1122999191284179688 7.1115889549255371094 7.0844225883483886719 7.04203033447265625 7.0039286613464355469 6.966045379638671875 6.9857387542724609375 7.0180602073669433594 7.0218257904052734375 7.0238146781921386719 7.0227365493774414063 7.0164480209350585938 7.0090432167053222656 7.0141448974609375 7.0404195785522460938 7.0594816207885742188 7.0672640800476074219 7.07628631591796875 7.09165191650390625 7.103038787841796875 7.1049146652221679688 7.1046671867370605469 7.1043648719787597656 7.1001143455505371094 7.0838642120361328125 7.0731463432312011719 7.0867710113525390625 7.1105504035949707031 7.121486663818359375 7.1212430000305175781
7.0082440376281738281 7.0194549560546875 7.0307278633117675781 7.0376529693603515625 7.0426506996154785156 7.0530667304992675781 7.0694875717163085938 7.0797944068908691406 7.0834980010986328125 7.0818228721618652344 7.0721907615661621094 7.0621027946472167969 7.0590295791625976563 7.0586156845092773438 7.0424036979675292969 7.0095553398132324219 6.979381561279296875 6.9526262283325195313 6.9710383415222167969 6.9974050521850585938 6.9991197586059570313 7.00255584716796875 7.0045328140258789063 7.0027089118957519531 6.9995136260986328125 7.0079979896545410156 7.0301871299743652344 7.0414395332336425781 7.0454311370849609375 7.0549325942993164063 7.0717988014221191406 7.085552215576171875 7.0897240638732910156 7.0882892608642578125 7.0873622894287109375 7.0818171501159667969 7.0655336380004882813 7.059131622314453125 7.0766248703002929688 7.0979146957397460938 7.1077585220336914063 7.1085391044616699219
6.9951839447021484375 7.0051064491271972656 7.0153737068176269531 7.022617340087890625 7.0294899940490722656 7.0418939590454101563 7.0569453239440917969 7.0647902488708496094 7.0613908767700195313 7.0501885414123535156 7.0168185234069824219 6.9780211448669433594 6.9578900337219238281 6.9591975212097167969 6.9728975296020507813 6.9728631973266601563 6.9543552398681640625 6.9368643760681152344 6.9517946243286132813 6.9732151031494140625 6.9765362739562988281 6.9783868789672851563 6.9804973602294921875 6.9818558692932128906 6.98249053955078125 6.9933304786682128906 7.011371612548828125 7.0190515518188476563 7.0225706100463867188 7.0319504737854003906 7.0480923652648925781 7.0632014274597167969 7.0685176849365234375 7.0666289329528808594 7.0646619796752929688 7.0567889213562011719 7.0423765182495117188 7.0424070358276367188 7.0615692138671875 7.0782170295715332031 7.0864348411560058594 7.0897068977355957031
6.9791531562805175781 6.9892945289611816406 6.9988265037536621094 7.0062499046325683594 7.015964508056640625 7.0303020477294921875 7.0418553352355957031 7.0439577102661132813 7.03388214111328125 7.0162844657897949219 6.9583368301391601563 6.8890633583068847656 6.8552918434143066406 6.8619842529296875 6.8990168571472167969 6.9240746498107910156 6.9142985343933105469 6.9090132713317871094 6.9350199699401855469 6.9550085067749023438 6.9612765312194824219 6.963130950927734375 6.9641819000244140625 6.9643092155456542969 6.9619817733764648438 6.9693965911865234375 6.987880706787109375 6.999546051025390625 7.0058884620666503906 7.01644134521484375 7.0306062698364257813 7.0444421768188476563 7.0489468574523925781 7.0472507476806640625 7.0437855720520019531 7.0327405929565429688 7.0202231407165527344 7.0275082588195800781 7.04674530029296875 7.0599651336669921875 7.0663676261901855469 7.0710058212280273438
6.9652762413024902344 6.9763083457946777344 6.9852743148803710938 6.9916348457336425781 7.0023660659790039063 7.0172166824340820313 7.0245456695556640625 7.0188851356506347656 6.9996213912963867188 6.9758524894714355469 6.904369354248046875 6.8201580047607421875 6.7798128128051757813 6.7925887107849121094 6.831951141357421875 6.8540101051330566406 6.8492903709411621094 6.863067626953125 6.9160032272338867188 6.9445524215698242188 6.9545540809631347656 6.9593033790588378906 6.9604983329772949219 6.9579639434814453125 6.9460320472717285156 6.9417695999145507813 6.9627175331115722656 6.9831686019897460938 6.993167877197265625 7.0059123039245605469 7.018707275390625 7.030025482177734375 7.0329618453979492188 7.0300779342651367188 7.0245327949523925781 7.0102968215942382813 7.0005183219909667969 7.0156621932983398438 7.0364193916320800781 7.0473604202270507813 7.0513463020324707031 7.0553693771362304688
6.9492802619934082031 6.9635872840881347656 6.9738860130310058594 6.9791650772094726563 6.9883894920349121094 7.0001549720764160156 6.9994778633117675781 6.9810733795166015625 6.9445357322692871094 6.9102630615234375 6.8387813568115234375 6.7581949234008789063 6.7186036109924316406 6.7314753532409667969 6.7605757713317871094 6.771091461181640625 6.7736263275146484375 6.8085446357727050781 6.8867163658142089844 6.9303560256958007813 6.9448270797729492188 6.9532122611999511719 6.9562964439392089844 6.9542570114135742188 6.9395284652709960938 6.9251227378845214844 6.9418325424194335938 6.96810150146484375 6.9800238609313964844 6.9927258491516113281 7.0029368400573730469 7.0105733871459960938 7.0112457275390625 7.0050883293151855469 6.9974966049194335938 6.9833221435546875 6.9823198318481445313 7.0050120353698730469 7.0250325202941894531 7.0328431129455566406 7.0348000526428222656 7.0384058952331542969
6.9289650917053222656 6.9462151527404785156 6.9591841697692871094 6.9651737213134765625 6.9724888801574707031 6.9731607437133789063 6.952014923095703125 6.9149003028869628906 6.8658432960510253906 6.8284058570861816406 6.7686486244201660156 6.7101125717163085938 6.67975616455078125 6.6851954460144042969 6.7032251358032226563 6.71944427490234375 6.7392091751098632813 6.7926545143127441406 6.8744330406188964844 6.9199576377868652344 6.93412017822265625 6.9413132667541503906 6.944026947021484375 6.9426403045654296875 6.9320187568664550781 6.9195890426635742188 6.9327516555786132813 6.9571595191955566406 6.9672031402587890625 6.975605010986328125 6.9812374114990234375 6.9852623939514160156 6.980258941650390625 6.9677796363830566406 6.9587249755859375 6.953372955322265625 6.9679989814758300781 6.9957323074340820313 7.0113463401794433594 7.0150079727172851563 7.0159020423889160156 7.0206003189086914063
6.9151406288146972656 6.9283032417297363281 6.9382061958312988281 6.9435515403747558594 6.950214385986328125 6.9393572807312011719 6.8957209587097167969 6.8414740562438964844 6.7909665107727050781 6.7581310272216796875 6.7103185653686523438 6.6754407882690429688 6.6578717231750488281 6.6593804359436035156 6.6797108650207519531 6.71722412109375 6.7505621910095214844 6.8067517280578613281 6.8763704299926757813 6.9154834747314453125 6.9237318038940429688 6.9255619049072265625 6.927097320556640625 6.9276304244995117188 6.9220719337463378906 6.9165205955505371094 6.9266147613525390625 6.9448394775390625 6.9531741142272949219 6.9583268165588378906 6.9586415290832519531 6.9547343254089355469 6.93909454345703125 6.9240345954895019531 6.9201021194458007813 6.9299573898315429688 6.9564847946166992188 6.9822087287902832031 6.9925179481506347656 6.992176055908203125 6.9917330741882324219 6.9976086616516113281
6.9051213264465332031 6.9128651618957519531 6.9183087348937988281 6.9219074249267578125 6.92528533935546875 6.9077234268188476563 6.8548336029052734375 6.7911972999572753906 6.7396974563598632813 6.7094960212707519531 6.6691069602966308594 6.6440944671630859375 6.6364908218383789063 6.6477341651916503906 6.684597015380859375 6.7379603385925292969 6.7722444534301757813 6.8120479583740234375 6.8614263534545898438 6.8986768722534179688 6.9065427780151367188 6.9067025184631347656 6.9079599380493164063 6.9097857475280761719 6.911289215087890625 6.9144692420959472656 6.9234213829040527344 6.9346532821655273438 6.940486907958984375 6.9441428184509277344 6.9403767585754394531 6.9231572151184082031 6.8981070518493652344 6.88812255859375 6.8935728073120117188 6.9178433418273925781 6.9487509727478027344 6.9672884941101074219 6.9715785980224609375 6.9670863151550292969 6.9637475013732910156 6.9686384201049804688
6.8953466415405273438 6.8993868827819824219 6.9019184112548828125 6.9034590721130371094 6.9038500785827636719 6.8861951828002929688 6.8349962234497070313 6.7691497802734375 6.71258544921875 6.6782679557800292969 6.637439727783203125 6.6157941818237304688 6.6165075302124023438 6.641872406005859375 6.6969900131225585938 6.7546787261962890625 6.7793989181518554688 6.8020753860473632813 6.8385744094848632813 6.8744029998779296875 6.8841423988342285156 6.8854494094848632813 6.8865985870361328125 6.88958740234375 6.9000425338745117188 6.9123444557189941406 6.9218320846557617188 6.9275088310241699219 6.9304957389831542969 6.9315810203552246094 6.9248208999633789063 6.8972744941711425781 6.8699908256530761719 6.8712677955627441406 6.8840899467468261719 6.9130177497863769531 6.9427227973937988281 6.9554109573364257813 6.9543294906616210938 6.9446835517883300781 6.9362092018127441406 6.9374699592590332031
6.8864388465881347656 6.8888111114501953125 6.8898234367370605469 6.890468597412109375 6.8906803131103515625 6.8786320686340332031 6.8345432281494140625 6.7687621116638183594 6.7065458297729492188 6.6673340797424316406 6.6213450431823730469 6.5997714996337890625 6.6057286262512207031 6.6393218040466308594 6.7067217826843261719 6.7609400749206542969 6.7707409858703613281 6.7835679054260253906 6.8184151649475097656 6.845653533935546875 6.8592462539672851563 6.86685943603515625 6.871730804443359375 6.8784151077270507813 6.8939785957336425781 6.9096884727478027344 6.9191074371337890625 6.9230055809020996094 6.9239778518676757813 6.92110443115234375 6.9086446762084960938 6.8757977485656738281 6.8507785797119140625 6.8587517738342285156 6.8758916854858398438 6.9044933319091796875 6.9296050071716308594 6.9387373924255371094 6.9358549118041992188 6.922328948974609375 6.9080934524536132813 6.904697418212890625
6.8766961097717285156 6.879001617431640625 6.8798909187316894531 6.8807091712951660156 6.8825917243957519531 6.8767523765563964844 6.8365607261657714844 6.7678194046020507813 6.7020015716552734375 6.66077423095703125 6.6129140853881835938 6.5907988548278808594 6.598285675048828125 6.6337184906005859375 6.7014288902282714844 6.7485775947570800781 6.749370574951171875 6.7593922615051269531 6.7880444526672363281 6.8051843643188476563 6.8382310867309570313 6.8572306632995605469 6.8682322502136230469 6.8790235519409179688 6.8933701515197753906 6.9060573577880859375 6.9144330024719238281 6.9187684059143066406 6.9179587364196777344 6.9110569953918457031 6.8932175636291503906 6.8600077629089355469 6.8382954597473144531 6.8452739715576171875 6.861286163330078125 6.8857870101928710938 6.9052519798278808594 6.9137148857116699219 6.9135236740112304688 6.89954376220703125 6.8837566375732421875 6.8816003799438476563
