INPUT/RASTER/ASCII/BIO11.asc
ncols        225
nrows        269
xllcorner    473000.000000000000
yllcorner    4429100.000000000000
cellsize     50.000000000000
NODATA_value -9999
[rows 60 to 79 of 269, columns 44 to 87 of 225]
9.0144863128662109375 9.0068950653076171875 8.9954681396484375 8.990367889404296875 8.9881944656372070312 8.9857616424560546875 8.9826440811157226562 8.9813718795776367188 8.9761705398559570312 8.962680816650390625 8.9580926895141601562 8.9539051055908203125 8.9527416229248046875 8.9505901336669921875 8.949993133544921875 8.954128265380859375 8.9538631439208984375 8.9494724273681640625 8.9466047286987304688 8.9504919052124023438 8.9624128341674804688 8.9512014389038085938 8.9421024322509765625 8.9389352798461914062 8.937030792236328125 8.9334459304809570312 8.9282045364379882812 8.9260587692260742188 8.92684173583984375 8.928836822509765625 8.9317474365234375 8.9347467422485351562 8.9337701797485351562 8.9329395294189453125 8.9344959259033203125 8.9336910247802734375 8.9310617446899414062 8.9287052154541015625 8.9211750030517578125 8.918254852294921875 8.9165973663330078125 8.9165096282958984375 8.9155168533325195312 8.9184427261352539062
9.0117778778076171875 9.0044660568237304688 8.9964437484741210938 8.99346923828125 8.993366241455078125 8.9911346435546875 8.988216400146484375 8.984466552734375 8.9780607223510742188 8.97167205810546875 8.9685993194580078125 8.9660882949829101562 8.9623804092407226562 8.9611797332763671875 8.956806182861328125 8.956569671630859375 8.9606170654296875 8.967437744140625 8.9743671417236328125 8.9800214767456054688 8.981658935546875 8.9707956314086914062 8.9677000045776367188 8.9640560150146484375 8.9611644744873046875 8.9523372650146484375 8.9385671615600585938 8.9390583038330078125 8.94054412841796875 8.9399089813232421875 8.937686920166015625 8.9354457855224609375 8.934307098388671875 8.9340972900390625 8.936229705810546875 8.9346485137939453125 8.9334611892700195312 8.9309473037719726562 8.92771148681640625 8.9236440658569335938 8.9214305877685546875 8.9190235137939453125 8.918201446533203125 8.9241895675659179688
9.0092792510986328125 9.0067129135131835938 9.0017986297607421875 8.9972963333129882812 8.999317169189453125 8.9954204559326171875 8.9940099716186523438 8.98722076416015625 8.9828052520751953125 8.9768276214599609375 8.973041534423828125 8.9738140106201171875 8.9690494537353515625 8.9689168930053710938 8.9632387161254882812 8.966281890869140625 8.9740238189697265625 8.9826707839965820312 8.9906587600708007812 8.9912347793579101562 8.9892282485961914062 8.9898080825805664062 8.9844980239868164062 8.9809770584106445312 8.977184295654296875 8.979434967041015625 8.9820680618286132812 8.9799051284790039062 8.9730424880981445312 8.971588134765625 8.9737300872802734375 8.959503173828125 8.948787689208984375 8.9501514434814453125 8.9487514495849609375 8.9456491470336914062 8.9387922286987304688 8.933322906494140625 8.9305486679077148438 8.9281978607177734375 8.92498779296875 8.9247903823852539062 8.9260721206665039062 8.93346405029296875
9.01465606689453125 9.0155839920043945312 9.0157623291015625 9.0127096176147460938 9.0120344161987304688 9.008083343505859375 9.0052976608276367188 8.99817657470703125 8.9926977157592773438 8.9868478775024414062 8.9849138259887695312 8.9838495254516601562 8.979534149169921875 8.9785480499267578125 8.9738407135009765625 8.979496002197265625 8.9892101287841796875 9.0007762908935546875 9.008373260498046875 9.0106897354125976562 9.00859832763671875 9.0043926239013671875 8.9954853057861328125 8.9936361312866210938 8.9885168075561523438 8.988124847412109375 8.9863338470458984375 8.9857044219970703125 8.9893045425415039062 8.9893903732299804688 8.9875154495239257812 8.9789819717407226562 8.9750967025756835938 8.9724941253662109375 8.9629144668579101562 8.9571857452392578125 8.948505401611328125 8.9446868896484375 8.9353628158569335938 8.92755889892578125 8.9278230667114257812 8.92731475830078125 8.9281864166259765625 8.9344387054443359375
9.016429901123046875 9.0167236328125 9.01874542236328125 9.017253875732421875 9.0168008804321289062 9.0112476348876953125 9.0082302093505859375 9.0005731582641601562 8.9961309432983398438 8.9917201995849609375 8.990238189697265625 8.9870367050170898438 8.9845132827758789062 8.9832429885864257812 8.984409332275390625 8.992191314697265625 9.0025129318237304688 9.011871337890625 9.016910552978515625 9.0186338424682617188 9.0152339935302734375 9.0117559432983398438 9.0044755935668945312 9.0027599334716796875 8.9975061416625976562 8.9963226318359375 8.99614715576171875 8.994396209716796875 8.9950532913208007812 8.992313385009765625 8.9952974319458007812 8.9962663650512695312 8.9925251007080078125 8.984832763671875 8.9760198593139648438 8.9814672470092773438 8.9697666168212890625 8.9586591720581054688 8.949497222900390625 8.939128875732421875 8.935489654541015625 8.9305210113525390625 8.9307794570922851562 8.9354887008666992188
9.01911163330078125 9.0202856063842773438 9.0208177566528320312 9.01995086669921875 9.0193567276000976562 9.0144014358520507812 9.0101423263549804688 9.0018939971923828125 8.99872589111328125 8.9950914382934570312 8.9924640655517578125 8.9901266098022460938 8.9876651763916015625 8.9868526458740234375 8.9923162460327148438 9.0027294158935546875 9.0143365859985351562 9.0210733413696289062 9.0266256332397460938 9.0281591415405273438 9.0253505706787109375 9.0208158493041992188 9.0102128982543945312 9.0119533538818359375 9.0048704147338867188 9.0052928924560546875 9.0047130584716796875 9.0024623870849609375 9.0030460357666015625 9.0013513565063476562 9.0045146942138671875 9.0026273727416992188 8.9950113296508789062 8.994659423828125 8.9903707504272460938 8.9952363967895507812 8.9854755401611328125 8.9830989837646484375 8.9702177047729492188 8.95017242431640625 8.9466648101806640625 8.9399480819702148438 8.9410200119018554688 8.941730499267578125
9.0242671966552734375 9.0231990814208984375 9.022491455078125 9.0221271514892578125 9.02154541015625 9.017192840576171875 9.01117706298828125 9.0059995651245117188 9.001270294189453125 8.998737335205078125 8.9972391128540039062 8.9933767318725585938 8.9915714263916015625 8.992549896240234375 8.9969806671142578125 9.0106201171875 9.0221958160400390625 9.02901458740234375 9.0328168869018554688 9.0344324111938476562 9.0327634811401367188 9.0283346176147460938 9.0212221145629882812 9.0227069854736328125 9.0164699554443359375 9.0151205062866210938 9.0131101608276367188 9.00791168212890625 9.0089359283447265625 9.0081396102905273438 9.0099468231201171875 9.0077352523803710938 9.0053873062133789062 9.0047607421875 8.9978189468383789062 9.0048017501831054688 9.0024166107177734375 8.9979639053344726562 8.9828710556030273438 8.969120025634765625 8.9631204605102539062 8.951000213623046875 8.9592084884643554688 8.9577741622924804688
9.0277385711669921875 9.0257587432861328125 9.024669647216796875 9.023529052734375 9.02129364013671875 9.0169277191162109375 9.01261138916015625 9.0088653564453125 9.0053777694702148438 9.0017566680908203125 9.0021915435791015625 8.998104095458984375 8.99932098388671875 8.9989500045776367188 9.0081005096435546875 9.0247659683227539062 9.02738189697265625 9.0354442596435546875 9.0378856658935546875 9.0391902923583984375 9.0370550155639648438 9.0339260101318359375 9.031177520751953125 9.0301036834716796875 9.026729583740234375 9.0237598419189453125 9.0236053466796875 9.0196065902709960938 9.0171804428100585938 9.0174083709716796875 9.0151729583740234375 9.0110721588134765625 9.0143585205078125 9.0141353607177734375 9.0166759490966796875 9.019657135009765625 9.0161485671997070312 9.0033054351806640625 8.9938497543334960938 8.98834991455078125 8.9810924530029296875 8.9722766876220703125 8.9826269149780273438 8.9749422073364257812
9.03070831298828125 9.0284633636474609375 9.026744842529296875 9.0241870880126953125 9.0217943191528320312 9.0166864395141601562 9.014240264892578125 9.011383056640625 9.009609222412109375 9.0081300735473632812 9.0097522735595703125 9.0050258636474609375 9.008892059326171875 9.0081262588500976562 9.01909637451171875 9.0357036590576171875 9.0383510589599609375 9.0486001968383789062 9.0451803207397460938 9.0468339920043945312 9.042751312255859375 9.0401706695556640625 9.041599273681640625 9.0368804931640625 9.0374279022216796875 9.0342397689819335938 9.0322933197021484375 9.0314617156982421875 9.0274791717529296875 9.030277252197265625 9.0246133804321289062 9.024272918701171875 9.0347309112548828125 9.02811431884765625 9.036388397216796875 9.0307750701904296875 9.0296354293823242188 9.0198926925659179688 9.0101308822631835938 9.01397705078125 9.00091552734375 9.0008878707885742188 8.9977121353149414062 8.995571136474609375
9.03769683837890625 9.0332880020141601562 9.0293664932250976562 9.0274600982666015625 9.0237760543823242188 9.0212345123291015625 9.0188274383544921875 9.0182647705078125 9.0141553878784179688 9.0137386322021484375 9.0141277313232421875 9.0114488601684570312 9.0137424468994140625 9.015216827392578125 9.0256023406982421875 9.04103851318359375 9.0464925765991210938 9.0539464950561523438 9.0504608154296875 9.0463962554931640625 9.0456180572509765625 9.0441732406616210938 9.0436105728149414062 9.041355133056640625 9.042816162109375 9.0410490036010742188 9.0379362106323242188 9.036556243896484375 9.0340261459350585938 9.0353527069091796875 9.0312604904174804688 9.0342550277709960938 9.0377407073974609375 9.038631439208984375 9.0416355133056640625 9.0401945114135742188 9.0378026962280273438 9.0297527313232421875 9.0239086151123046875 9.0203704833984375 9.0142030715942382812 9.0139865875244140625 9.0099325180053710938 9.0124912261962890625
9.0363969802856445312 9.0347537994384765625 9.0296640396118164062 9.026630401611328125 9.024871826171875 9.0229282379150390625 9.02246856689453125 9.0213623046875 9.0197553634643554688 9.0194025039672851562 9.0188007354736328125 9.0169668197631835938 9.0195217132568359375 9.0200519561767578125 9.0309581756591796875 9.046833038330078125 9.0522775650024414062 9.0570087432861328125 9.051876068115234375 9.0490093231201171875 9.0476551055908203125 9.0458879470825195312 9.044384002685546875 9.0433826446533203125 9.043468475341796875 9.0433740615844726562 9.041904449462890625 9.0424098968505859375 9.0404710769653320312 9.039661407470703125 9.0351314544677734375 9.0372257232666015625 9.0401172637939453125 9.0428066253662109375 9.0449733734130859375 9.0443944931030273438 9.0430698394775390625 9.0371656417846679688 9.032257080078125 9.0280923843383789062 9.019618988037109375 9.018604278564453125 9.0166530609130859375 9.018268585205078125
9.0360240936279296875 9.033660888671875 9.0288181304931640625 9.0260496139526367188 9.0252599716186523438 9.0239658355712890625 9.0211610794067382812 9.01914215087890625 9.0190801620483398438 9.020702362060546875 9.0208787918090820312 9.0233049392700195312 9.0291500091552734375 9.0318088531494140625 9.0420932769775390625 9.053546905517578125 9.056880950927734375 9.05960845947265625 9.0543727874755859375 9.0548152923583984375 9.0535211563110351562 9.0491514205932617188 9.0470037460327148438 9.0459089279174804688 9.0439510345458984375 9.0425662994384765625 9.044628143310546875 9.044891357421875 9.0446386337280273438 9.04308319091796875 9.0403757095336914062 9.0409345626831054688 9.0438451766967773438 9.0472621917724609375 9.0488500595092773438 9.0476512908935546875 9.0461072921752929688 9.0428133010864257812 9.0383958816528320312 9.0349597930908203125 9.0287542343139648438 9.0272207260131835938 9.0222759246826171875 9.0226192474365234375
9.036113739013671875 9.0336122512817382812 9.02938079833984375 9.0265092849731445312 9.025402069091796875 9.0245370864868164062 9.0224008560180664062 9.0187864303588867188 9.0199069976806640625 9.0208530426025390625 9.0223941802978515625 9.0271778106689453125 9.035305023193359375 9.043910980224609375 9.0536813735961914062 9.0613260269165039062 9.06317901611328125 9.0628147125244140625 9.0573129653930664062 9.0565052032470703125 9.055263519287109375 9.0508317947387695312 9.049617767333984375 9.0485067367553710938 9.045650482177734375 9.0446605682373046875 9.045467376708984375 9.04538726806640625 9.0447397232055664062 9.0469341278076171875 9.0452013015747070312 9.0451021194458007812 9.0483646392822265625 9.05123138427734375 9.0520963668823242188 9.0512285232543945312 9.04805755615234375 9.0446624755859375 9.0415058135986328125 9.0389528274536132812 9.035541534423828125 9.0340929031372070312 9.0305690765380859375 9.0305576324462890625
9.0362033843994140625 9.0339307785034179688 9.0294771194458007812 9.0284366607666015625 9.0258550643920898438 9.0246400833129882812 9.021816253662109375 9.0188961029052734375 9.0205135345458984375 9.020893096923828125 9.022045135498046875 9.0275220870971679688 9.0382061004638671875 9.0477762222290039062 9.0575990676879882812 9.0623760223388671875 9.0637159347534179688 9.0629520416259765625 9.062084197998046875 9.0610904693603515625 9.0603189468383789062 9.0546045303344726562 9.0522241592407226562 9.0514764785766601562 9.0482692718505859375 9.0476598739624023438 9.0468645095825195312 9.0470981597900390625 9.0481328964233398438 9.0506372451782226562 9.0503587722778320312 9.050266265869140625 9.052227020263671875 9.0558423995971679688 9.0590267181396484375 9.0578174591064453125 9.0509014129638671875 9.046764373779296875 9.0440092086791992188 9.0419874191284179688 9.038982391357421875 9.0380878448486328125 9.0367565155029296875 9.0381221771240234375
9.0380859375 9.0373783111572265625 9.0313615798950195312 9.0314464569091796875 9.0287952423095703125 9.0247020721435546875 9.0213518142700195312 9.0190038681030273438 9.0192279815673828125 9.0204401016235351562 9.0212278366088867188 9.0263395309448242188 9.0369386672973632812 9.0481157302856445312 9.0582342147827148438 9.06204986572265625 9.0633287429809570312 9.06308746337890625 9.061695098876953125 9.0598583221435546875 9.0597591400146484375 9.0592441558837890625 9.0575733184814453125 9.0545558929443359375 9.05088043212890625 9.0516614913940429688 9.0515575408935546875 9.0501861572265625 9.0528125762939453125 9.05371856689453125 9.059276580810546875 9.06262969970703125 9.0635395050048828125 9.0717144012451171875 9.074504852294921875 9.0723142623901367188 9.0561590194702148438 9.0514078140258789062 9.0492105484008789062 9.0464677810668945312 9.04441070556640625 9.0437068939208984375 9.04291534423828125 9.0450229644775390625
9.04909515380859375 9.0449047088623046875 9.038089752197265625 9.038097381591796875 9.03507232666015625 9.0291414260864257812 9.0238790512084960938 9.01963043212890625 9.0217695236206054688 9.02358245849609375 9.0232858657836914062 9.02907562255859375 9.0366640090942382812 9.0518589019775390625 9.06204986572265625 9.0632257461547851562 9.064624786376953125 9.0633563995361328125 9.06049346923828125 9.0578470230102539062 9.0572357177734375 9.0563879013061523438 9.0560350418090820312 9.055240631103515625 9.0560855865478515625 9.05724334716796875 9.0583219528198242188 9.0601634979248046875 9.0613908767700195312 9.0629520416259765625 9.0662965774536132812 9.0706300735473632812 9.072544097900390625 9.0776376724243164062 9.0790090560913085938 9.075260162353515625 9.05805206298828125 9.054866790771484375 9.0515642166137695312 9.0494823455810546875 9.0487127304077148438 9.0471792221069335938 9.0450649261474609375 9.0473852157592773438
9.0494232177734375 9.046581268310546875 9.0424976348876953125 9.0423994064331054688 9.0385541915893554688 9.033725738525390625 9.0287570953369140625 9.0238704681396484375 9.0263519287109375 9.031635284423828125 9.0303554534912109375 9.0376901626586914062 9.0447549819946289062 9.0612325668334960938 9.0680780410766601562 9.0668706893920898438 9.0668096542358398438 9.0653247833251953125 9.06351470947265625 9.0593614578247070312 9.05808258056640625 9.0570936203002929688 9.0561809539794921875 9.0562429428100585938 9.057155609130859375 9.0576200485229492188 9.0597696304321289062 9.0607824325561523438 9.0626058578491210938 9.0655765533447265625 9.0700979232788085938 9.0769681930541992188 9.079738616943359375 9.0829524993896484375 9.0817117691040039062 9.0808000564575195312 9.06793212890625 9.0638523101806640625 9.0561780929565429688 9.052005767822265625 9.0522060394287109375 9.0492572784423828125 9.0484161376953125 9.0496273040771484375
9.05133056640625 9.047649383544921875 9.0448284149169921875 9.0428524017333984375 9.0402097702026367188 9.0349483489990234375 9.0333499908447265625 9.0284481048583984375 9.0338258743286132812 9.0405683517456054688 9.0387020111083984375 9.0518703460693359375 9.0592823028564453125 9.0731096267700195312 9.0740213394165039062 9.0694398880004882812 9.069580078125 9.06606292724609375 9.0650577545166015625 9.0602617263793945312 9.0602321624755859375 9.059452056884765625 9.0572414398193359375 9.0591287612915039062 9.058223724365234375 9.0585002899169921875 9.06079864501953125 9.0618581771850585938 9.0638341903686523438 9.0671100616455078125 9.0712690353393554688 9.0786342620849609375 9.0843963623046875 9.0860347747802734375 9.0853090286254882812 9.0865268707275390625 9.0769395828247070312 9.073650360107421875 9.0656900405883789062 9.0580053329467773438 9.0570964813232421875 9.0520639419555664062 9.0527639389038085938 9.0536394119262695312
9.056270599365234375 9.0500316619873046875 9.0449647903442382812 9.0434551239013671875 9.0409650802612304688 9.03914642333984375 9.0395069122314453125 9.042510986328125 9.0478582382202148438 9.0528211593627929688 9.0553159713745117188 9.0652408599853515625 9.0779485702514648438 9.0800085067749023438 9.0784626007080078125 9.0742549896240234375 9.073253631591796875 9.070491790771484375 9.0695781707763671875 9.06488037109375 9.0638475418090820312 9.0630645751953125 9.0616626739501953125 9.0623540878295898438 9.059291839599609375 9.0605602264404296875 9.0625514984130859375 9.063388824462890625 9.0648164749145507812 9.067729949951171875 9.0720043182373046875 9.078784942626953125 9.0830583572387695312 9.0872259140014648438 9.0895280838012695312 9.0925884246826171875 9.087291717529296875 9.0850534439086914062 9.0741434097290039062 9.0642833709716796875 9.0627050399780273438 9.0585203170776367188 9.0580453872680664062 9.0588130950927734375
9.0651531219482421875 9.0545806884765625 9.049739837646484375 9.0470991134643554688 9.0440759658813476562 9.046627044677734375 9.049564361572265625 9.0624780654907226562 9.0614681243896484375 9.0667638778686523438 9.0740299224853515625 9.0777368545532226562 9.08554840087890625 9.0826692581176757812 9.0779027938842773438 9.074787139892578125 9.0738763809204101562 9.0731048583984375 9.0717191696166992188 9.0706939697265625 9.0679140090942382812 9.0673227310180664062 9.0663576126098632812 9.065883636474609375 9.064098358154296875 9.0644598007202148438 9.0652618408203125 9.0673770904541015625 9.06731414794921875 9.0693578720092773438 9.0726032257080078125 9.0779056549072265625 9.0827484130859375 9.0853700637817382812 9.0897960662841796875 9.0960140228271484375 9.1008272171020507812 9.091945648193359375 9.0819635391235351562 9.0723218917846679688 9.0690746307373046875 9.0650196075439453125 9.06368255615234375 9.0638675689697265625
