INPUT/RASTER/ASCII/BIO10.asc
ncols        225
nrows        269
xllcorner    473009.983799999987
yllcorner    4429051.174800000153
cellsize     50.000000000000
NODATA_value -9999
[rows 209 to 227 of 269, columns 126 to 167 of 225]
25.228057861328125 25.231988906860351563 25.2615509033203125 25.28215789794921875 25.278036117553710938 25.26586151123046875 25.250894546508789063 25.23682403564453125 25.22021484375 25.200258255004882813 25.186260223388671875 25.181615829467773438 25.183111190795898438 25.18743896484375 25.189990997314453125 25.201921463012695313 25.226678848266601563 25.233987808227539063 25.232694625854492188 25.230731964111328125 25.228082656860351563 25.224918365478515625 25.222051620483398438 25.220743179321289063 25.219728469848632813 25.219921112060546875 25.220800399780273438 25.22142791748046875 25.221769332885742188 25.221830368041992188 25.221891403198242188 25.222204208374023438 25.2220611572265625 25.22174835205078125 25.227121353149414063 25.236360549926757813 25.240537643432617188 25.2445526123046875 25.245449066162109375 25.245508193969726563 25.2456817626953125 25.246080398559570313
25.213764190673828125 25.219015121459960938 25.233716964721679688 25.2644500732421875 25.276302337646484375 25.267107009887695313 25.253149032592773438 25.239315032958984375 25.224910736083984375 25.20815277099609375 25.194843292236328125 25.188892364501953125 25.187580108642578125 25.189716339111328125 25.191362380981445313 25.193109512329101563 25.209638595581054688 25.223857879638671875 25.234106063842773438 25.233140945434570313 25.230381011962890625 25.227128982543945313 25.22443389892578125 25.223117828369140625 25.221689224243164063 25.221666336059570313 25.222370147705078125 25.223035812377929688 25.223306655883789063 25.223278045654296875 25.222808837890625 25.222347259521484375 25.221872329711914063 25.221660614013671875 25.226947784423828125 25.236509323120117188 25.241313934326171875 25.245922088623046875 25.2471466064453125 25.247402191162109375 25.2479248046875 25.248487472534179688
25.188802719116210938 25.20067596435546875 25.213043212890625 25.232366561889648438 25.248537063598632813 25.25048828125 25.25261688232421875 25.242237091064453125 25.22815704345703125 25.213916778564453125 25.202205657958984375 25.195812225341796875 25.192552566528320313 25.193418502807617188 25.194179534912109375 25.194461822509765625 25.197019577026367188 25.203584671020507813 25.220804214477539063 25.230197906494140625 25.23308563232421875 25.22966766357421875 25.226827621459960938 25.225408554077148438 25.223855972290039063 25.2238616943359375 25.224504470825195313 25.225101470947265625 25.225078582763671875 25.224651336669921875 25.22365570068359375 25.222528457641601563 25.221271514892578125 25.221239089965820313 25.228296279907226563 25.237787246704101563 25.242456436157226563 25.24738311767578125 25.249362945556640625 25.250278472900390625 25.252071380615234375 25.253118515014648438
25.165065765380859375 25.180162429809570313 25.193805694580078125 25.204669952392578125 25.210758209228515625 25.219373703002929688 25.239496231079101563 25.24121856689453125 25.227519989013671875 25.214296340942382813 25.205198287963867188 25.200269699096679688 25.197252273559570313 25.197826385498046875 25.198019027709960938 25.197948455810546875 25.198049545288085938 25.198543548583984375 25.201686859130859375 25.215890884399414063 25.232187271118164063 25.23227691650390625 25.229177474975585938 25.227655410766601563 25.226209640502929688 25.226285934448242188 25.226898193359375 25.22714996337890625 25.226747512817382813 25.2261810302734375 25.224752426147460938 25.222904205322265625 25.220455169677734375 25.219797134399414063 25.2289276123046875 25.23882293701171875 25.243640899658203125 25.24924468994140625 25.25235748291015625 25.254222869873046875 25.25565338134765625 25.256528854370117188
25.157199859619140625 25.16791534423828125 25.179660797119140625 25.189870834350585938 25.1951751708984375 25.199609756469726563 25.21143341064453125 25.228036880493164063 25.222309112548828125 25.209604263305664063 25.2037506103515625 25.201419830322265625 25.200153350830078125 25.200824737548828125 25.201208114624023438 25.201517105102539063 25.201723098754882813 25.201189041137695313 25.1993560791015625 25.201833724975585938 25.219577789306640625 25.231748580932617188 25.230585098266601563 25.22884368896484375 25.227422714233398438 25.227874755859375 25.22873687744140625 25.228759765625 25.2279510498046875 25.227186203002929688 25.225315093994140625 25.223035812377929688 25.220006942749023438 25.218793869018554688 25.229276657104492188 25.240167617797851563 25.245151519775390625 25.251298904418945313 25.255329132080078125 25.257642745971679688 25.258815765380859375 25.259241104125976563
25.157136917114257813 25.160146713256835938 25.167974472045898438 25.17734527587890625 25.182382583618164063 25.186197280883789063 25.188066482543945313 25.200796127319335938 25.213155746459960938 25.20581817626953125 25.202493667602539063 25.20178985595703125 25.202505111694335938 25.2036590576171875 25.20449066162109375 25.205623626708984375 25.20621490478515625 25.205066680908203125 25.202182769775390625 25.198865890502929688 25.202943801879882813 25.222963333129882813 25.2313232421875 25.229890823364257813 25.228302001953125 25.229030609130859375 25.230081558227539063 25.23012542724609375 25.228799819946289063 25.227596282958984375 25.225467681884765625 25.223049163818359375 25.220458984375 25.220903396606445313 25.23212432861328125 25.243062973022460938 25.247503280639648438 25.253236770629882813 25.257799148559570313 25.260770797729492188 25.262065887451171875 25.262155532836914063
25.158550262451171875 25.156373977661132813 25.159711837768554688 25.165552139282226563 25.169162750244140625 25.173032760620117188 25.175676345825195313 25.177110671997070313 25.19261932373046875 25.203710556030273438 25.203161239624023438 25.203365325927734375 25.204570770263671875 25.2060546875 25.207319259643554688 25.2092437744140625 25.21014404296875 25.208736419677734375 25.20505523681640625 25.201066970825195313 25.197141647338867188 25.205814361572265625 25.22768402099609375 25.231576919555664063 25.2304534912109375 25.231138229370117188 25.23166656494140625 25.231170654296875 25.229387283325195313 25.2279510498046875 25.225595474243164063 25.223278045654296875 25.221925735473632813 25.224931716918945313 25.235828399658203125 25.24539947509765625 25.2494049072265625 25.25461578369140625 25.259778976440429688 25.2642364501953125 25.266122817993164063 25.2662506103515625
25.160356521606445313 25.1564178466796875 25.154943466186523438 25.154996871948242188 25.155366897583007813 25.158731460571289063 25.16420745849609375 25.165264129638671875 25.1688385009765625 25.1919403076171875 25.20478057861328125 25.20568084716796875 25.206821441650390625 25.208282470703125 25.2096405029296875 25.211786270141601563 25.212799072265625 25.211729049682617188 25.20790863037109375 25.203411102294921875 25.199115753173828125 25.196554183959960938 25.203470230102539063 25.218997955322265625 25.232149124145507813 25.234058380126953125 25.233827590942382813 25.232313156127929688 25.230096817016601563 25.228610992431640625 25.225969314575195313 25.223505020141601563 25.222995758056640625 25.2276153564453125 25.237728118896484375 25.245790481567382813 25.250234603881835938 25.256143569946289063 25.262266159057617188 25.269428253173828125 25.2751312255859375 25.276659011840820313
25.161407470703125 25.15743255615234375 25.154619216918945313 25.152677536010742188 25.151720046997070313 25.153722763061523438 25.1584320068359375 25.160198211669921875 25.160564422607421875 25.17334747314453125 25.195585250854492188 25.202606201171875 25.2078857421875 25.211061477661132813 25.212934494018554688 25.215486526489257813 25.216749191284179688 25.215570449829101563 25.21169281005859375 25.208070755004882813 25.20391845703125 25.197824478149414063 25.194116592407226563 25.199598312377929688 25.21143341064453125 25.2336883544921875 25.237909317016601563 25.23537445068359375 25.232419967651367188 25.230617523193359375 25.227792739868164063 25.22537994384765625 25.22534942626953125 25.229740142822265625 25.239597320556640625 25.2474365234375 25.25185394287109375 25.258031845092773438 25.26528167724609375 25.280933380126953125 25.303876876831054688 25.312978744506835938
25.16345977783203125 25.160634994506835938 25.158840179443359375 25.158782958984375 25.159038543701171875 25.15967559814453125 25.161533355712890625 25.163970947265625 25.166065216064453125 25.169111251831054688 25.174190521240234375 25.175378799438476563 25.1992340087890625 25.214788436889648438 25.217264175415039063 25.219701766967773438 25.220937728881835938 25.219852447509765625 25.216165542602539063 25.212724685668945313 25.207889556884765625 25.20026397705078125 25.195837020874023438 25.196468353271484375 25.200649261474609375 25.219041824340820313 25.2380523681640625 25.2382965087890625 25.234893798828125 25.23285675048828125 25.23000335693359375 25.227458953857421875 25.226934432983398438 25.231109619140625 25.24150848388671875 25.249395370483398438 25.253149032592773438 25.258625030517578125 25.266866683959960938 25.28913116455078125 25.320272445678710938 25.332635879516601563
25.165103912353515625 25.1633758544921875 25.162937164306640625 25.165277481079101563 25.166715621948242188 25.166881561279296875 25.167705535888671875 25.170175552368164063 25.172929763793945313 25.173837661743164063 25.172832489013671875 25.170778274536132813 25.183557510375976563 25.213283538818359375 25.221517562866210938 25.223194122314453125 25.223608016967773438 25.22211456298828125 25.219013214111328125 25.216066360473632813 25.211099624633789063 25.203500747680664063 25.199831008911132813 25.200359344482421875 25.202249526977539063 25.207296371459960938 25.22701263427734375 25.238485336303710938 25.237092971801757813 25.235179901123046875 25.232114791870117188 25.229070663452148438 25.227529525756835938 25.2311553955078125 25.241731643676757813 25.24922943115234375 25.2534637451171875 25.258413314819335938 25.266061782836914063 25.288829803466796875 25.323314666748046875 25.338712692260742188
25.166837692260742188 25.166469573974609375 25.167512893676757813 25.171539306640625 25.17397308349609375 25.174571990966796875 25.17498779296875 25.176513671875 25.178829193115234375 25.17975616455078125 25.178928375244140625 25.1768035888671875 25.17876434326171875 25.201183319091796875 25.22310638427734375 25.226848602294921875 25.22614288330078125 25.224161148071289063 25.221170425415039063 25.21852874755859375 25.2138671875 25.206560134887695313 25.202899932861328125 25.203493118286132813 25.20502471923828125 25.2042388916015625 25.21175384521484375 25.231222152709960938 25.238430023193359375 25.237497329711914063 25.234363555908203125 25.230901718139648438 25.228404998779296875 25.231060028076171875 25.240810394287109375 25.246904373168945313 25.253154754638671875 25.257852554321289063 25.26422119140625 25.283905029296875 25.32332611083984375 25.346109390258789063
25.169261932373046875 25.1704559326171875 25.173341751098632813 25.17751312255859375 25.17954254150390625 25.180414199829101563 25.180835723876953125 25.181768417358398438 25.183345794677734375 25.184123992919921875 25.183946609497070313 25.18318939208984375 25.183420181274414063 25.190486907958984375 25.21176910400390625 25.227670669555664063 25.2290191650390625 25.226909637451171875 25.223810195922851563 25.220800399780273438 25.215694427490234375 25.209001541137695313 25.205463409423828125 25.20595550537109375 25.207319259643554688 25.20590972900390625 25.20415496826171875 25.214235305786132813 25.233755111694335938 25.239538192749023438 25.237051010131835938 25.233402252197265625 25.230831146240234375 25.232664108276367188 25.240465164184570313 25.245260238647460938 25.25173187255859375 25.2566375732421875 25.261804580688476563 25.276258468627929688 25.3161468505859375 25.347063064575195313
25.172628402709960938 25.174816131591796875 25.178524017333984375 25.182262420654296875 25.183559417724609375 25.184154510498046875 25.18492889404296875 25.185781478881835938 25.186639785766601563 25.187328338623046875 25.1875 25.187305450439453125 25.188016891479492188 25.190019607543945313 25.196741104125976563 25.21796417236328125 25.230930328369140625 25.22965240478515625 25.226247787475585938 25.222690582275390625 25.216747283935546875 25.210910797119140625 25.20850372314453125 25.209516525268554688 25.211435317993164063 25.209413528442382813 25.205904006958007813 25.203535079956054688 25.217042922973632813 25.2313232421875 25.239301681518554688 25.23661041259765625 25.23421478271484375 25.23554229736328125 25.240955352783203125 25.24478912353515625 25.25060272216796875 25.255716323852539063 25.2611083984375 25.268220901489257813 25.291238784790039063 25.3206787109375
25.177160263061523438 25.178911209106445313 25.181951522827148438 25.18511962890625 25.186296463012695313 25.187061309814453125 25.188249588012695313 25.189245223999023438 25.190240859985351563 25.191131591796875 25.19145965576171875 25.192157745361328125 25.193836212158203125 25.195085525512695313 25.194366455078125 25.202463150024414063 25.216150283813476563 25.21952056884765625 25.228214263916015625 25.225233078002929688 25.220447540283203125 25.215822219848632813 25.214262008666992188 25.215669631958007813 25.218542098999023438 25.215524673461914063 25.210622787475585938 25.207384109497070313 25.205440521240234375 25.210323333740234375 25.22838592529296875 25.235729217529296875 25.238992691040039063 25.239603042602539063 25.243200302124023438 25.245800018310546875 25.25042724609375 25.256555557250976563 25.267801284790039063 25.28256988525390625 25.29959869384765625 25.319684982299804688
25.18085479736328125 25.181665420532226563 25.1838836669921875 25.1866455078125 25.188058853149414063 25.189144134521484375 25.190731048583984375 25.192142486572265625 25.193401336669921875 25.1944732666015625 25.195299148559570313 25.1970367431640625 25.199604034423828125 25.200033187866210938 25.198274612426757813 25.1965484619140625 25.196035385131835938 25.199188232421875 25.220798492431640625 25.228807449340820313 25.225526809692382813 25.221986770629882813 25.220859527587890625 25.2223968505859375 25.224781036376953125 25.221418380737304688 25.216104507446289063 25.212213516235351563 25.20946502685546875 25.208774566650390625 25.210994720458984375 25.224630355834960938 25.2401885986328125 25.24337005615234375 25.245401382446289063 25.247152328491210938 25.250856399536132813 25.258817672729492188 25.279691696166992188 25.308568954467773438 25.332181930541992188 25.346441268920898438
25.181470870971679688 25.182849884033203125 25.185026168823242188 25.187765121459960938 25.18933868408203125 25.19058990478515625 25.192150115966796875 25.19347381591796875 25.1949310302734375 25.196279525756835938 25.197216033935546875 25.1992950439453125 25.20197296142578125 25.202539443969726563 25.200855255126953125 25.1978302001953125 25.19536590576171875 25.19321441650390625 25.203134536743164063 25.223508834838867188 25.228597640991210938 25.22635650634765625 25.2256011962890625 25.226667404174804688 25.227277755737304688 25.22403717041015625 25.219324111938476563 25.215467453002929688 25.212919235229492188 25.211820602416992188 25.210214614868164063 25.2130889892578125 25.229524612426757813 25.24282073974609375 25.246326446533203125 25.2478485107421875 25.251295089721679688 25.260843276977539063 25.287029266357421875 25.321577072143554688 25.347566604614257813 25.358293533325195313
25.181575775146484375 25.183839797973632813 25.186353683471679688 25.1890869140625 25.190675735473632813 25.19191741943359375 25.193284988403320313 25.194543838500976563 25.195995330810546875 25.197225570678710938 25.198171615600585938 25.200702667236328125 25.203990936279296875 25.20502471923828125 25.203496932983398438 25.200300216674804688 25.1977386474609375 25.193929672241210938 25.193231582641601563 25.207513809204101563 25.226511001586914063 25.230215072631835938 25.23011016845703125 25.230848312377929688 25.23009490966796875 25.226430892944335938 25.221836090087890625 25.21825408935546875 25.21591949462890625 25.214960098266601563 25.213464736938476563 25.210733413696289063 25.214458465576171875 25.233013153076171875 25.246379852294921875 25.248630523681640625 25.25156402587890625 25.262287139892578125 25.291990280151367188 25.328952789306640625 25.35559844970703125 25.364183425903320313
25.181741714477539063 25.18454742431640625 25.187835693359375 25.190792083740234375 25.192394256591796875 25.193590164184570313 25.1946258544921875 25.195692062377929688 25.196689605712890625 25.197483062744140625 25.1983184814453125 25.201330184936523438 25.2059783935546875 25.207550048828125 25.206174850463867188 25.203493118286132813 25.201171875 25.196859359741210938 25.193284988403320313 25.1956329345703125 25.214038848876953125 25.23058319091796875 25.233186721801757813 25.233850479125976563 25.232818603515625 25.228765487670898438 25.224164962768554688 25.2209014892578125 25.218624114990234375 25.217515945434570313 25.215799331665039063 25.212957382202148438 25.2087554931640625 25.215635299682617188 25.24150848388671875 25.248273849487304688 25.252166748046875 25.26497650146484375 25.299928665161132813 25.33817291259765625 25.360261917114257813 25.36620330810546875
