INPUT/RASTER/ASCII/BIO17.asc
ncols        225
nrows        269
xllcorner    473000.000000000000
yllcorner    4429100.000000000000
cellsize     50.000000000000
NODATA_value -9999
[rows 140 to 159 of 269, columns 0 to 43 of 225]
-9999 -9999 -9999 -9999 -9999 -9999 -9999 -9999 -9999 -9999 22.616025924682617188 23.31363677978515625 23.533054351806640625 23.67364501953125 23.740362167358398438 23.7773895263671875 24.02991485595703125 24.237957000732421875 24.132511138916015625 24.112871170043945312 24.182809829711914062 24.229465484619140625 24.312671661376953125 24.456758499145507812 24.460058212280273438 24.4564361572265625 24.5356292724609375 24.577295303344726562 24.675134658813476562 24.750738143920898438 24.855731964111328125 24.939060211181640625 24.996288299560546875 25.022344589233398438 25.016538619995117188 25.0599517822265625 25.05959320068359375 25.07984161376953125 25.079692840576171875 25.098134994506835938 25.099773406982421875 25.11887359619140625 25.21356964111328125 25.32997894287109375
-9999 -9999 -9999 -9999 -9999 -9999 -9999 -9999 -9999 -9999 22.683843612670898438 23.364276885986328125 23.52263641357421875 23.626081466674804688 23.664815902709960938 23.714939117431640625 23.798521041870117188 23.936313629150390625 24.004247665405273438 24.0554962158203125 24.164073944091796875 24.20648193359375 24.289606094360351562 24.401235580444335938 24.31201934814453125 24.401824951171875 24.515689849853515625 24.56818389892578125 24.637857437133789062 24.70404052734375 24.814184188842773438 24.880889892578125 24.939495086669921875 24.95549774169921875 24.950717926025390625 24.975244522094726562 24.993764877319335938 25.02382659912109375 25.0214996337890625 25.026378631591796875 25.035638809204101562 25.075958251953125 25.191314697265625 25.306163787841796875
-9999 -9999 -9999 -9999 -9999 -9999 -9999 -9999 -9999 22.323093414306640625 22.898303985595703125 23.364385604858398438 23.4712066650390625 23.543176651000976562 23.5751495361328125 23.621294021606445312 23.651811599731445312 23.515094757080078125 23.56775665283203125 24.028614044189453125 24.144941329956054688 24.2063446044921875 24.2908782958984375 24.17380523681640625 24.245388031005859375 24.340536117553710938 24.452861785888671875 24.476398468017578125 24.558244705200195312 24.622089385986328125 24.6729278564453125 24.71103668212890625 24.772218704223632812 24.819498062133789062 24.822879791259765625 24.851903915405273438 24.881195068359375 24.913248062133789062 24.912736892700195312 24.913530349731445312 24.928325653076171875 24.982465744018554688 25.087390899658203125 25.18209075927734375
-9999 -9999 -9999 -9999 -9999 -9999 -9999 -9999 -9999 22.580669403076171875 23.087648391723632812 23.35243988037109375 23.43401336669921875 23.471548080444335938 23.50737762451171875 23.533140182495117188 23.523904800415039062 23.40909576416015625 23.440824508666992188 23.79156494140625 24.12192535400390625 24.202442169189453125 24.1329498291015625 24.148946762084960938 24.210153579711914062 24.308315277099609375 24.436725616455078125 24.462133407592773438 24.506891250610351562 24.563907623291015625 24.576236724853515625 24.610815048217773438 24.671710968017578125 24.736158370971679688 24.75704193115234375 24.796571731567382812 24.830633163452148438 24.843023300170898438 24.846883773803710938 24.831592559814453125 24.859224319458007812 24.9204254150390625 24.99892425537109375 25.10475921630859375
-9999 -9999 -9999 -9999 -9999 -9999 -9999 -9999 -9999 22.600797653198242188 23.090824127197265625 23.31110382080078125 23.366237640380859375 23.387811660766601562 23.439596176147460938 23.429151535034179688 23.383123397827148438 23.29544830322265625 23.412137985229492188 23.5753021240234375 23.981191635131835938 24.209995269775390625 24.123388290405273438 24.145788192749023438 24.1940155029296875 24.296276092529296875 24.4205780029296875 24.429782867431640625 24.440610885620117188 24.471332550048828125 24.478101730346679688 24.529693603515625 24.586639404296875 24.642187118530273438 24.6797332763671875 24.725131988525390625 24.760959625244140625 24.767536163330078125 24.769559860229492188 24.757772445678710938 24.78917694091796875 24.84691619873046875 24.917310714721679688 25.027423858642578125
-9999 -9999 -9999 -9999 -9999 -9999 -9999 -9999 22.1956634521484375 22.475713729858398438 23.015829086303710938 23.2178192138671875 23.27935028076171875 23.2736358642578125 23.3412322998046875 23.289493560791015625 23.229776382446289062 23.254388809204101562 23.448211669921875 23.61065673828125 23.762556076049804688 23.89636993408203125 24.06748199462890625 24.141183853149414062 24.193159103393554688 24.291309356689453125 24.400606155395507812 24.392818450927734375 24.375993728637695312 24.394031524658203125 24.389871597290039062 24.471492767333984375 24.525592803955078125 24.57242584228515625 24.617700576782226562 24.64119720458984375 24.664531707763671875 24.675340652465820312 24.703693389892578125 24.692781448364257812 24.732992172241210938 24.784862518310546875 24.857393264770507812 24.957721710205078125
-9999 -9999 -9999 -9999 -9999 -9999 -9999 -9999 22.183696746826171875 22.438507080078125 22.940277099609375 23.064569473266601562 23.096920013427734375 23.120134353637695312 23.197004318237304688 23.148227691650390625 23.108350753784179688 23.213321685791015625 23.503423690795898438 23.672748565673828125 23.847715377807617188 23.919345855712890625 24.072156906127929688 24.140628814697265625 24.192295074462890625 24.267950057983398438 24.338592529296875 24.325883865356445312 24.305707931518554688 24.309085845947265625 24.3244781494140625 24.424747467041015625 24.47576904296875 24.50406646728515625 24.567129135131835938 24.566366195678710938 24.594842910766601562 24.608335494995117188 24.6454620361328125 24.639133453369140625 24.674957275390625 24.749553680419921875 24.818605422973632812 24.89183807373046875
-9999 -9999 -9999 -9999 -9999 -9999 -9999 -9999 22.202938079833984375 22.338733673095703125 22.7766876220703125 22.86486053466796875 22.981840133666992188 23.04914093017578125 23.110567092895507812 23.171995162963867188 23.16846466064453125 23.260602951049804688 23.5285186767578125 23.7295684814453125 23.967664718627929688 23.997152328491210938 24.077968597412109375 24.1338348388671875 24.199064254760742188 24.255403518676757812 24.28421783447265625 24.265964508056640625 24.255229949951171875 24.25852203369140625 24.226350784301757812 24.366533279418945312 24.403646469116210938 24.4309234619140625 24.508905410766601562 24.4775848388671875 24.54425811767578125 24.52108001708984375 24.602510452270507812 24.571699142456054688 24.615739822387695312 24.714237213134765625 24.753557205200195312 24.8259429931640625
-9999 -9999 -9999 -9999 -9999 -9999 -9999 -9999 22.194793701171875 22.22461700439453125 22.426820755004882812 22.9092254638671875 23.276548385620117188 23.2598724365234375 23.422449111938476562 23.355297088623046875 23.5645294189453125 23.471822738647460938 23.59059906005859375 23.757030487060546875 23.90491485595703125 23.918542861938476562 24.011899948120117188 24.082118988037109375 24.14571380615234375 24.205480575561523438 24.204099655151367188 24.201089859008789062 24.187427520751953125 24.126573562622070312 24.09246063232421875 24.213323593139648438 24.338001251220703125 24.339651107788085938 24.387939453125 24.38098907470703125 24.38909912109375 24.40484619140625 24.4607086181640625 24.476781845092773438 24.535673141479492188 24.61254119873046875 24.66648101806640625 24.735696792602539062
-9999 -9999 -9999 -9999 -9999 -9999 -9999 22.1142120361328125 22.161966323852539062 22.298175811767578125 22.489902496337890625 23.070873260498046875 23.31569671630859375 23.41326904296875 23.469232559204101562 23.4943084716796875 23.57691192626953125 23.588077545166015625 23.629209518432617188 23.772327423095703125 23.8942718505859375 23.921480178833007812 23.977264404296875 24.042547225952148438 24.073236465454101562 24.117671966552734375 24.12778472900390625 24.14257049560546875 24.108968734741210938 24.017986297607421875 24.02982330322265625 24.110681533813476562 24.248800277709960938 24.255252838134765625 24.320436477661132812 24.310056686401367188 24.253953933715820312 24.321825027465820312 24.373317718505859375 24.424175262451171875 24.487985610961914062 24.5194091796875 24.614965438842773438 24.673122406005859375
-9999 -9999 -9999 -9999 -9999 -9999 -9999 22.149555206298828125 22.181560516357421875 22.42139434814453125 22.682836532592773438 23.084695816040039062 23.270771026611328125 23.4087066650390625 23.454866409301757812 23.497554779052734375 23.5587158203125 23.593570709228515625 23.674024581909179688 23.856151580810546875 23.90706634521484375 23.935871124267578125 23.974039077758789062 24.023487091064453125 24.05704498291015625 24.095502853393554688 24.10394287109375 24.108125686645507812 24.058322906494140625 23.975030899047851562 23.98000335693359375 24.052431106567382812 24.162893295288085938 24.177892684936523438 24.236949920654296875 24.213682174682617188 24.168941497802734375 24.2595062255859375 24.357080459594726562 24.395090103149414062 24.44828033447265625 24.49552154541015625 24.579313278198242188 24.64923095703125
-9999 -9999 -9999 -9999 -9999 -9999 -9999 22.24602508544921875 22.323381423950195312 22.68981170654296875 22.840433120727539062 23.046468734741210938 23.222015380859375 23.38050079345703125 23.425201416015625 23.465055465698242188 23.521404266357421875 23.57147979736328125 23.683618545532226562 23.851438522338867188 23.904745101928710938 23.92733001708984375 23.967042922973632812 24.019685745239257812 24.063776016235351562 24.096261978149414062 24.064809799194335938 24.056245803833007812 23.993680953979492188 23.9129638671875 23.924175262451171875 23.9903564453125 24.091623306274414062 24.119632720947265625 24.170701980590820312 24.154069900512695312 24.148883819580078125 24.22951507568359375 24.329372406005859375 24.369337081909179688 24.43906402587890625 24.490736007690429688 24.554452896118164062 24.606225967407226562
-9999 -9999 -9999 -9999 -9999 -9999 22.132383346557617188 22.296632766723632812 22.476102828979492188 22.8626861572265625 22.941204071044921875 23.039453506469726562 23.207637786865234375 23.349346160888671875 23.387889862060546875 23.420166015625 23.476436614990234375 23.53992462158203125 23.745706558227539062 23.81996917724609375 23.886770248413085938 23.911136627197265625 23.955961227416992188 24.007806777954101562 24.055215835571289062 24.08106231689453125 24.014207839965820312 23.99005889892578125 23.901063919067382812 23.824140548706054688 23.851291656494140625 23.928272247314453125 24.024906158447265625 24.061367034912109375 24.117473602294921875 24.120256423950195312 24.14028167724609375 24.22496795654296875 24.32840728759765625 24.361865997314453125 24.423646926879882812 24.4706573486328125 24.521200180053710938 24.559391021728515625
-9999 -9999 -9999 -9999 -9999 -9999 22.10182952880859375 22.3204803466796875 22.520315170288085938 22.8292083740234375 22.926555633544921875 23.026559829711914062 23.147396087646484375 23.289844512939453125 23.335279464721679688 23.364702224731445312 23.439104080200195312 23.492853164672851562 23.71756744384765625 23.788492202758789062 23.846925735473632812 23.8796539306640625 23.936586380004882812 23.986452102661132812 24.012256622314453125 24.022722244262695312 23.991451263427734375 23.949396133422851562 23.833555221557617188 23.765880584716796875 23.771337509155273438 23.858541488647460938 23.958179473876953125 23.999271392822265625 24.057470321655273438 24.090602874755859375 24.135494232177734375 24.213418960571289062 24.30832672119140625 24.340734481811523438 24.40191650390625 24.435285568237304688 24.480226516723632812 24.516374588012695312
-9999 -9999 -9999 -9999 -9999 -9999 22.132753372192382812 22.214397430419921875 22.299718856811523438 22.6581573486328125 22.840955734252929688 22.975992202758789062 23.041290283203125 23.166015625 23.214313507080078125 23.191221237182617188 23.287981033325195312 23.4566650390625 23.605133056640625 23.641452789306640625 23.739454269409179688 23.80138397216796875 23.870668411254882812 23.932905197143554688 23.941602706909179688 23.898731231689453125 23.859645843505859375 23.822443008422851562 23.736730575561523438 23.67226409912109375 23.65613555908203125 23.74962615966796875 23.868890762329101562 23.917093276977539062 23.970727920532226562 24.035985946655273438 24.099151611328125 24.182260513305664062 24.24140167236328125 24.261240005493164062 24.301374435424804688 24.3415985107421875 24.407024383544921875 24.44942474365234375
-9999 -9999 -9999 -9999 -9999 -9999 -9999 22.105373382568359375 22.057336807250976562 22.23960113525390625 22.591644287109375 22.9036102294921875 22.974246978759765625 23.013238906860351562 23.0474700927734375 23.09329986572265625 23.208581924438476562 23.381265640258789062 23.505405426025390625 23.575565338134765625 23.699327468872070312 23.766057968139648438 23.8358612060546875 23.892770767211914062 23.910085678100585938 23.841791152954101562 23.79755401611328125 23.74172210693359375 23.675836563110351562 23.648372650146484375 23.639204025268554688 23.721906661987304688 23.830657958984375 23.87026214599609375 23.923700332641601562 24.0130767822265625 24.086700439453125 24.146463394165039062 24.198373794555664062 24.198106765747070312 24.2305755615234375 24.29474639892578125 24.364398956298828125 24.410205841064453125
-9999 -9999 -9999 -9999 -9999 -9999 -9999 22.041292190551757812 21.932842254638671875 22.141124725341796875 22.550813674926757812 22.891948699951171875 22.959817886352539062 22.979167938232421875 23.002460479736328125 23.026899337768554688 23.176067352294921875 23.301540374755859375 23.379924774169921875 23.536417007446289062 23.645116806030273438 23.719263076782226562 23.772739410400390625 23.813398361206054688 23.847993850708007812 23.788816452026367188 23.735452651977539062 23.665828704833984375 23.628240585327148438 23.620655059814453125 23.622087478637695312 23.701822280883789062 23.803258895874023438 23.84635162353515625 23.899354934692382812 23.994913101196289062 24.04749298095703125 24.082628250122070312 24.136234283447265625 24.132680892944335938 24.1745452880859375 24.236419677734375 24.28887939453125 24.367160797119140625
-9999 -9999 -9999 -9999 -9999 -9999 -9999 -9999 21.733545303344726562 22.08466339111328125 22.57625579833984375 22.870100021362304688 22.949197769165039062 22.951084136962890625 22.980365753173828125 22.999212265014648438 23.111055374145507812 23.18320465087890625 23.267572402954101562 23.455230712890625 23.589273452758789062 23.657175064086914062 23.694047927856445312 23.71440887451171875 23.770610809326171875 23.726388931274414062 23.688629150390625 23.62123870849609375 23.597660064697265625 23.585285186767578125 23.601207733154296875 23.67026519775390625 23.747186660766601562 23.807147979736328125 23.873996734619140625 23.964040756225585938 24.02356719970703125 24.025421142578125 24.074087142944335938 24.08220672607421875 24.123800277709960938 24.170446395874023438 24.205770492553710938 24.3088226318359375
-9999 -9999 -9999 -9999 -9999 -9999 -9999 -9999 21.542530059814453125 22.024374008178710938 22.579067230224609375 22.807956695556640625 22.892711639404296875 22.8978118896484375 22.958263397216796875 22.987096786499023438 23.130596160888671875 23.140413284301757812 23.210479736328125 23.385498046875 23.53192138671875 23.59889984130859375 23.610006332397460938 23.60894012451171875 23.6588287353515625 23.615749359130859375 23.611230850219726562 23.571409225463867188 23.574285507202148438 23.584300994873046875 23.57305908203125 23.623416900634765625 23.701656341552734375 23.77558135986328125 23.85469818115234375 23.917196273803710938 23.988168716430664062 23.987722396850585938 24.04250335693359375 24.059022903442382812 24.091516494750976562 24.127389907836914062 24.161731719970703125 24.242832183837890625
-9999 -9999 -9999 -9999 -9999 -9999 -9999 -9999 21.467395782470703125 21.970216751098632812 22.572391510009765625 22.721645355224609375 22.773571014404296875 22.821681976318359375 22.9212646484375 23.028446197509765625 23.10051727294921875 23.12589263916015625 23.1619110107421875 23.298084259033203125 23.4801025390625 23.500013351440429688 23.536815643310546875 23.534597396850585938 23.52362060546875 23.504993438720703125 23.506582260131835938 23.51580810546875 23.540491104125976562 23.548915863037109375 23.539064407348632812 23.591846466064453125 23.665439605712890625 23.75164794921875 23.787824630737304688 23.839263916015625 23.91455078125 23.953783035278320312 24.030017852783203125 24.040937423706054688 24.0668792724609375 24.103435516357421875 24.127485275268554688 24.188304901123046875
