INPUT/RASTER/ASCII/BIO10.asc
ncols        225
nrows        269
xllcorner    473009.983799999987
yllcorner    4429051.174800000153
cellsize     50.000000000000
NODATA_value  -9999
[rows 95 to 113 of 269, columns 0 to 43 of 225]
-9999 -9999 -9999 -9999 -9999 -9999 -9999 -9999 -9999 -9999 -9999 24.892253875732421875 24.88956451416015625 24.879781723022460938 24.894681930541992188 24.917608261108398438 24.917009353637695313 24.909023284912109375 24.899446487426757813 24.891384124755859375 24.883810043334960938 24.878179550170898438 24.874910354614257813 24.87200927734375 24.867750167846679688 24.863492965698242188 24.860086441040039063 24.840860366821289063 24.805162429809570313 24.788427352905273438 24.78070831298828125 24.774105072021484375 24.767618179321289063 24.760501861572265625 24.755182266235351563 24.748931884765625 24.745477676391601563 24.748441696166992188 24.754564285278320313 24.758890151977539063 24.7599029541015625 24.7604827880859375 24.761644363403320313 24.765466690063476563
-9999 -9999 -9999 -9999 -9999 -9999 -9999 -9999 -9999 -9999 24.905401229858398438 24.894399642944335938 24.887193679809570313 24.877851486206054688 24.874805450439453125 24.895856857299804688 24.9089813232421875 24.908864974975585938 24.8986358642578125 24.889276504516601563 24.883481979370117188 24.88019561767578125 24.876682281494140625 24.87425994873046875 24.869655609130859375 24.865644454956054688 24.862661361694335938 24.857610702514648438 24.848781585693359375 24.818819046020507813 24.785295486450195313 24.774736404418945313 24.768392562866210938 24.76220703125 24.7577667236328125 24.752538681030273438 24.749324798583984375 24.75238800048828125 24.758268356323242188 24.76166534423828125 24.76296234130859375 24.763822555541992188 24.764892578125 24.767698287963867188
-9999 -9999 -9999 -9999 -9999 -9999 -9999 -9999 -9999 -9999 24.908899307250976563 24.900693893432617188 24.888860702514648438 24.879703521728515625 24.872713088989257813 24.87256622314453125 24.883960723876953125 24.904571533203125 24.898759841918945313 24.885789871215820313 24.8826446533203125 24.883401870727539063 24.881998062133789063 24.879133224487304688 24.873800277709960938 24.86937713623046875 24.865396499633789063 24.862615585327148438 24.859975814819335938 24.84752655029296875 24.805450439453125 24.77753448486328125 24.770536422729492188 24.765119552612304688 24.761354446411132813 24.757120132446289063 24.75431060791015625 24.7573699951171875 24.763607025146484375 24.768602371215820313 24.770305633544921875 24.771076202392578125 24.771436691284179688 24.772817611694335938
-9999 -9999 -9999 -9999 -9999 -9999 -9999 -9999 -9999 -9999 24.92194366455078125 24.910861968994140625 24.894788742065429688 24.8850860595703125 24.878797531127929688 24.872661590576171875 24.873159408569335938 24.888576507568359375 24.895122528076171875 24.89211273193359375 24.892070770263671875 24.892858505249023438 24.890888214111328125 24.88739776611328125 24.881830215454101563 24.877292633056640625 24.871603012084960938 24.8684844970703125 24.865848541259765625 24.861379623413085938 24.838666915893554688 24.799516677856445313 24.781463623046875 24.76959991455078125 24.765649795532226563 24.762401580810546875 24.76061248779296875 24.763719558715820313 24.77202606201171875 24.78095245361328125 24.784490585327148438 24.785099029541015625 24.784173965454101563 24.783237457275390625
-9999 -9999 -9999 -9999 -9999 -9999 -9999 -9999 -9999 -9999 24.935106277465820313 24.922725677490234375 24.9026031494140625 24.89129638671875 24.885622024536132813 24.880899429321289063 24.877737045288085938 24.874591827392578125 24.879974365234375 24.900632858276367188 24.908960342407226563 24.90703582763671875 24.904382705688476563 24.89963531494140625 24.893054962158203125 24.888650894165039063 24.883312225341796875 24.878602981567382813 24.875715255737304688 24.870523452758789063 24.8615264892578125 24.846075057983398438 24.812528610229492188 24.779855728149414063 24.771818161010742188 24.769092559814453125 24.767889022827148438 24.77069091796875 24.781419754028320313 24.793165206909179688 24.79735565185546875 24.799671173095703125 24.801782608032226563 24.799951553344726563
-9999 -9999 -9999 -9999 -9999 -9999 -9999 -9999 -9999 -9999 24.937368392944335938 24.927032470703125 24.911436080932617188 24.897352218627929688 24.890041351318359375 24.885206222534179688 24.882223129272460938 24.8768768310546875 24.8719329833984375 24.883647918701171875 24.908128738403320313 24.91251373291015625 24.9102630615234375 24.9066314697265625 24.90242767333984375 24.899049758911132813 24.893564224243164063 24.887136459350585938 24.883287429809570313 24.87673187255859375 24.868633270263671875 24.86173248291015625 24.845788955688476563 24.802892684936523438 24.777866363525390625 24.77327728271484375 24.77164459228515625 24.773572921752929688 24.782987594604492188 24.794403076171875 24.7990570068359375 24.80214691162109375 24.807344436645507813 24.808340072631835938
-9999 -9999 -9999 -9999 -9999 -9999 -9999 -9999 -9999 -9999 -9999 24.937076568603515625 24.921586990356445313 24.904386520385742188 24.89508056640625 24.889066696166992188 24.886201858520507813 24.882076263427734375 24.87648773193359375 24.869718551635742188 24.88890838623046875 24.912633895874023438 24.912595748901367188 24.9102935791015625 24.908174514770507813 24.906337738037109375 24.902130126953125 24.896471023559570313 24.89147186279296875 24.883022308349609375 24.872201919555664063 24.865106582641601563 24.86037445068359375 24.838733673095703125 24.805967330932617188 24.780975341796875 24.77471160888671875 24.776025772094726563 24.782863616943359375 24.791952133178710938 24.796886444091796875 24.8003082275390625 24.807430267333984375 24.812070846557617188
-9999 -9999 -9999 -9999 -9999 -9999 -9999 -9999 -9999 -9999 -9999 24.945140838623046875 24.929868698120117188 24.913228988647460938 24.902759552001953125 24.894786834716796875 24.891326904296875 24.886531829833984375 24.880252838134765625 24.872945785522460938 24.8704681396484375 24.897975921630859375 24.915035247802734375 24.914228439331054688 24.913364410400390625 24.913000106811523438 24.90877532958984375 24.901727676391601563 24.895853042602539063 24.885999679565429688 24.876047134399414063 24.868560791015625 24.86367034912109375 24.857831954956054688 24.847776412963867188 24.809736251831054688 24.780740737915039063 24.777322769165039063 24.782255172729492188 24.789709091186523438 24.794134140014648438 24.797346115112304688 24.804651260375976563 24.811498641967773438
-9999 -9999 -9999 -9999 -9999 -9999 -9999 -9999 -9999 -9999 -9999 24.948675155639648438 24.934644699096679688 24.919582366943359375 24.909578323364257813 24.903425216674804688 24.899835586547851563 24.892635345458984375 24.885345458984375 24.877857208251953125 24.870176315307617188 24.875215530395507813 24.894327163696289063 24.911771774291992188 24.91898345947265625 24.919080734252929688 24.912174224853515625 24.90381622314453125 24.897504806518554688 24.887783050537109375 24.878293991088867188 24.871141433715820313 24.86614227294921875 24.861328125 24.85774993896484375 24.84262847900390625 24.803619384765625 24.783033370971679688 24.7841644287109375 24.78977203369140625 24.792345046997070313 24.794332504272460938 24.79984283447265625 24.806915283203125
-9999 -9999 -9999 -9999 -9999 -9999 -9999 -9999 -9999 -9999 -9999 24.950313568115234375 24.938358306884765625 24.9251861572265625 24.91656494140625 24.911357879638671875 24.907688140869140625 24.900293350219726563 24.89310455322265625 24.886402130126953125 24.880208969116210938 24.87474822998046875 24.878049850463867188 24.900066375732421875 24.921375274658203125 24.923917770385742188 24.91355133056640625 24.904376983642578125 24.898120880126953125 24.88893890380859375 24.881383895874023438 24.87586212158203125 24.871774673461914063 24.868412017822265625 24.865947723388671875 24.862035751342773438 24.845752716064453125 24.825273513793945313 24.797817230224609375 24.793537139892578125 24.793466567993164063 24.793787002563476563 24.797140121459960938 24.8029327392578125
-9999 -9999 -9999 -9999 -9999 -9999 -9999 -9999 -9999 -9999 -9999 24.949254989624023438 24.940126419067382813 24.931093215942382813 24.925212860107421875 24.919836044311523438 24.915988922119140625 24.909158706665039063 24.904148101806640625 24.901973724365234375 24.900884628295898438 24.8973236083984375 24.8957977294921875 24.900493621826171875 24.9059600830078125 24.919292449951171875 24.91574859619140625 24.90610504150390625 24.90032958984375 24.891618728637695313 24.885082244873046875 24.880542755126953125 24.877620697021484375 24.876598358154296875 24.875713348388671875 24.874225616455078125 24.872600555419921875 24.8656768798828125 24.829343795776367188 24.79999542236328125 24.79663848876953125 24.797983169555664063 24.801828384399414063 24.808485031127929688
-9999 -9999 -9999 -9999 -9999 -9999 -9999 -9999 -9999 -9999 24.962953567504882813 24.9522857666015625 24.941492080688476563 24.934200286865234375 24.93004608154296875 24.925271987915039063 24.921941757202148438 24.916950225830078125 24.915035247802734375 24.915750503540039063 24.916105270385742188 24.914266586303710938 24.913904190063476563 24.9117889404296875 24.902679443359375 24.902860641479492188 24.91648101806640625 24.909915924072265625 24.904386520385742188 24.8961639404296875 24.889017105102539063 24.884002685546875 24.881589889526367188 24.881933212280273438 24.88231658935546875 24.881900787353515625 24.879766464233398438 24.876073837280273438 24.859279632568359375 24.818660736083984375 24.800493240356445313 24.802806854248046875 24.811920166015625 24.820690155029296875
-9999 -9999 -9999 -9999 -9999 -9999 -9999 -9999 -9999 -9999 24.966726303100585938 24.957193374633789063 24.943449020385742188 24.936336517333984375 24.933427810668945313 24.92996978759765625 24.927991867065429688 24.925693511962890625 24.92581939697265625 24.927083969116210938 24.9267578125 24.925079345703125 24.924581527709960938 24.9221954345703125 24.912603378295898438 24.89609527587890625 24.904424667358398438 24.915569305419921875 24.91117095947265625 24.902933120727539063 24.8944854736328125 24.88791656494140625 24.885316848754882813 24.88590240478515625 24.886957168579101563 24.8869476318359375 24.884721755981445313 24.880422592163085938 24.873888015747070313 24.850828170776367188 24.815460205078125 24.808977127075195313 24.8203125 24.830274581909179688
-9999 -9999 -9999 -9999 -9999 -9999 -9999 -9999 -9999 -9999 24.974582672119140625 24.962940216064453125 24.946405410766601563 24.940105438232421875 24.939001083374023438 24.9375 24.937135696411132813 24.937257766723632813 24.93836212158203125 24.939548492431640625 24.938976287841796875 24.936841964721679688 24.934413909912109375 24.929368972778320313 24.91985321044921875 24.900686264038085938 24.890764236450195313 24.90785980224609375 24.918420791625976563 24.912324905395507813 24.90129852294921875 24.89276123046875 24.889783859252929688 24.8899078369140625 24.890514373779296875 24.8907318115234375 24.889055252075195313 24.884685516357421875 24.879957199096679688 24.875696182250976563 24.86914825439453125 24.842769622802734375 24.827732086181640625 24.834552764892578125
-9999 -9999 -9999 -9999 -9999 -9999 -9999 -9999 25.01297760009765625 25.010454177856445313 24.986158370971679688 24.968820571899414063 24.952220916748046875 24.945814132690429688 24.944810867309570313 24.945343017578125 24.946512222290039063 24.948291778564453125 24.949726104736328125 24.951343536376953125 24.950460433959960938 24.946712493896484375 24.942028045654296875 24.933422088623046875 24.923166275024414063 24.906261444091796875 24.89055633544921875 24.8844757080078125 24.895160675048828125 24.91399383544921875 24.910043716430664063 24.899652481079101563 24.894567489624023438 24.893564224243164063 24.894014358520507813 24.894620895385742188 24.893526077270507813 24.890066146850585938 24.886575698852539063 24.885211944580078125 24.885747909545898438 24.882488250732421875 24.849903106689453125 24.838865280151367188
-9999 -9999 -9999 -9999 -9999 -9999 -9999 25.036518096923828125 25.028223037719726563 25.011377334594726563 24.99565887451171875 24.9737701416015625 24.959077835083007813 24.953550338745117188 24.953413009643554688 24.954904556274414063 24.956480026245117188 24.959014892578125 24.960205078125 24.963113784790039063 24.961894989013671875 24.955293655395507813 24.9479217529296875 24.93598175048828125 24.924299240112304688 24.90937042236328125 24.895650863647460938 24.88759613037109375 24.885297775268554688 24.900850296020507813 24.908594131469726563 24.9097442626953125 24.903108596801757813 24.900358200073242188 24.899770736694335938 24.899410247802734375 24.8980712890625 24.896211624145507813 24.894357681274414063 24.894144058227539063 24.895128250122070313 24.898180007934570313 24.887937545776367188 24.86156463623046875
-9999 -9999 -9999 -9999 -9999 -9999 -9999 25.05493927001953125 25.034540176391601563 25.01410675048828125 25.000288009643554688 24.981378555297851563 24.969106674194335938 24.963975906372070313 24.963083267211914063 24.964097976684570313 24.965997695922851563 24.97010040283203125 24.972202301025390625 24.973711013793945313 24.969757080078125 24.96155548095703125 24.952661514282226563 24.938760757446289063 24.925626754760742188 24.912609100341796875 24.90102386474609375 24.893461227416992188 24.88942718505859375 24.88831329345703125 24.891119003295898438 24.912403106689453125 24.915279388427734375 24.911279678344726563 24.909454345703125 24.907123565673828125 24.904178619384765625 24.902612686157226563 24.902435302734375 24.904241561889648438 24.90595245361328125 24.908815383911132813 24.91120147705078125 24.904428482055664063
-9999 -9999 -9999 -9999 -9999 -9999 -9999 25.058233261108398438 25.038125991821289063 25.018011093139648438 25.006635665893554688 24.991323471069335938 24.981723785400390625 24.976253509521484375 24.972745895385742188 24.971561431884765625 24.974641799926757813 24.98157501220703125 24.982900619506835938 24.979427337646484375 24.97132110595703125 24.962825775146484375 24.954732894897460938 24.942632675170898438 24.93117523193359375 24.918512344360351563 24.906778335571289063 24.8993072509765625 24.89536285400390625 24.888912200927734375 24.884052276611328125 24.89757537841796875 24.918645858764648438 24.9213714599609375 24.919488906860351563 24.916494369506835938 24.912250518798828125 24.908472061157226563 24.908222198486328125 24.9111480712890625 24.913282394409179688 24.916162490844726563 24.919368743896484375 24.922351837158203125
-9999 -9999 -9999 -9999 -9999 -9999 -9999 25.063266754150390625 25.04259490966796875 25.023029327392578125 25.012807846069335938 25.000169754028320313 24.99260711669921875 24.988002777099609375 24.986467361450195313 24.986242294311523438 24.98999786376953125 24.9978179931640625 24.995046615600585938 24.983873367309570313 24.971574783325195313 24.963245391845703125 24.957044601440429688 24.948444366455078125 24.940080642700195313 24.927738189697265625 24.914533615112304688 24.907016754150390625 24.902807235717773438 24.895236968994140625 24.887798309326171875 24.885190963745117188 24.90428924560546875 24.924997329711914063 24.927450180053710938 24.925355911254882813 24.921163558959960938 24.915805816650390625 24.914539337158203125 24.917179107666015625 24.919248580932617188 24.922311782836914063 24.924669265747070313 24.927433013916015625
