INPUT/RASTER/ASCII/BIO17.asc
ncols        225
nrows        269
xllcorner    473009.983799999987
yllcorner    4429051.174800000153
cellsize     50.000000000000
NODATA_value -9999
[rows 114 to 132 of 269, columns 0 to 41 of 225]
-9999 -9999 -9999 -9999 -9999 -9999 23.141988754272460938 23.308788299560546875 23.645885467529296875 23.941982269287109375 24.071010589599609375 24.2060699462890625 24.273790359497070313 24.257246017456054688 24.193759918212890625 24.148168563842773438 24.097507476806640625 24.063777923583984375 24.222742080688476563 24.543853759765625 24.9069061279296875 25.099611282348632813 25.230152130126953125 25.35562896728515625 25.440143585205078125 25.573087692260742188 25.761400222778320313 25.896007537841796875 25.97900390625 26.1233367919921875 26.27483367919921875 26.411375045776367188 26.499629974365234375 26.5501708984375 26.58373260498046875 26.62950897216796875 26.697528839111328125 26.751321792602539063 26.709672927856445313 26.257181167602539063 25.930112838745117188 25.873086929321289063
-9999 -9999 -9999 -9999 -9999 -9999 23.15393829345703125 23.36728668212890625 23.762950897216796875 23.988979339599609375 24.089197158813476563 24.186254501342773438 24.20259857177734375 24.122640609741210938 24.006246566772460938 23.955486297607421875 23.947927474975585938 24.026491165161132813 24.298831939697265625 24.70865631103515625 25.051601409912109375 25.195405960083007813 25.237812042236328125 25.275453567504882813 25.310342788696289063 25.362361907958984375 25.486387252807617188 25.62450408935546875 25.742488861083984375 25.938337326049804688 26.123849868774414063 26.283428192138671875 26.381378173828125 26.437818527221679688 26.477434158325195313 26.53531646728515625 26.616113662719726563 26.676326751708984375 26.627727508544921875 26.203479766845703125 25.911756515502929688 25.861629486083984375
-9999 -9999 -9999 -9999 -9999 -9999 23.248630523681640625 23.424695968627929688 23.759822845458984375 23.944677352905273438 24.03308868408203125 24.116943359375 24.071462631225585938 23.906894683837890625 23.81162261962890625 23.846004486083984375 23.958169937133789063 24.211175918579101563 24.532670974731445313 24.848453521728515625 25.07343292236328125 25.164148330688476563 25.19178009033203125 25.206178665161132813 25.196428298950195313 25.156787872314453125 25.1764678955078125 25.279230117797851563 25.40232086181640625 25.60478973388671875 25.832302093505859375 26.060268402099609375 26.197412490844726563 26.282787322998046875 26.346719741821289063 26.417219161987304688 26.505067825317382813 26.55773162841796875 26.4638671875 26.197492599487304688 26.064840316772460938 26.040287017822265625
-9999 -9999 -9999 -9999 -9999 -9999 23.283512115478515625 23.315494537353515625 23.475862503051757813 23.66876220703125 23.777975082397460938 23.865198135375976563 23.711395263671875 23.49687957763671875 23.623516082763671875 23.907041549682617188 24.185939788818359375 24.475862503051757813 24.704145431518554688 24.89398193359375 25.051998138427734375 25.124349594116210938 25.143148422241210938 25.137050628662109375 25.084314346313476563 24.987886428833007813 24.925909042358398438 24.941875457763671875 24.993740081787109375 25.107234954833984375 25.337095260620117188 25.689792633056640625 25.9519805908203125 26.09078216552734375 26.196987152099609375 26.317758560180664063 26.396734237670898438 26.383611679077148438 26.244123458862304688 26.13407135009765625 26.112489700317382813 26.113615036010742188
-9999 -9999 -9999 -9999 -9999 -9999 -9999 23.281707763671875 23.30869293212890625 23.395261764526367188 23.471652984619140625 23.536590576171875 23.4242095947265625 23.3981475830078125 23.708354949951171875 24.042413711547851563 24.34654998779296875 24.607028961181640625 24.775737762451171875 24.914701461791992188 25.038248062133789063 25.104330062866210938 25.124738693237304688 25.104787826538085938 25.014984130859375 24.879560470581054688 24.781366348266601563 24.753345489501953125 24.761816024780273438 24.82627105712890625 25.021999359130859375 25.406679153442382813 25.786062240600585938 25.9910888671875 26.119539260864257813 26.249538421630859375 26.283832550048828125 26.176725387573242188 26.061407089233398438 26.021688461303710938 26.026607513427734375 26.0468902587890625
-9999 -9999 -9999 -9999 -9999 -9999 -9999 -9999 23.245191574096679688 23.260896682739257813 23.320001602172851563 23.3777923583984375 23.375356674194335938 23.438974380493164063 23.793842315673828125 24.11914825439453125 24.402301788330078125 24.641691207885742188 24.79776763916015625 24.917203903198242188 25.022378921508789063 25.095472335815429688 25.116933822631835938 25.083463668823242188 24.96552276611328125 24.798898696899414063 24.683721542358398438 24.649972915649414063 24.658887863159179688 24.730119705200195313 24.918552398681640625 25.2860260009765625 25.702219009399414063 25.939435958862304688 26.065662384033203125 26.168430328369140625 26.14078521728515625 25.992795944213867188 25.914043426513671875 25.909547805786132813 25.935274124145507813 25.977563858032226563
-9999 -9999 -9999 -9999 -9999 -9999 -9999 -9999 23.212108612060546875 23.232152938842773438 23.34996795654296875 23.365781784057617188 23.350454330444335938 23.428560256958007813 23.765916824340820313 24.082122802734375 24.38134765625 24.629373550415039063 24.786073684692382813 24.892293930053710938 24.98017120361328125 25.053995132446289063 25.074796676635742188 25.02736663818359375 24.89243316650390625 24.707157135009765625 24.57764434814453125 24.547498703002929688 24.570537567138671875 24.6682281494140625 24.874660491943359375 25.2291717529296875 25.639993667602539063 25.87757110595703125 25.990406036376953125 26.056142807006835938 25.945203781127929688 25.806444168090820313 25.772005081176757813 25.803960800170898438 25.855045318603515625 25.919170379638671875
-9999 -9999 -9999 -9999 -9999 -9999 -9999 -9999 -9999 -9999 23.400468826293945313 23.336599349975585938 23.312376022338867188 23.384248733520507813 23.67401885986328125 23.970582962036132813 24.307767868041992188 24.5885009765625 24.750497817993164063 24.836862564086914063 24.884204864501953125 24.926374435424804688 24.93865203857421875 24.883701324462890625 24.755403518676757813 24.58034515380859375 24.45835113525390625 24.452550888061523438 24.497175216674804688 24.628719329833984375 24.867601394653320313 25.214136123657226563 25.5929718017578125 25.817968368530273438 25.917177200317382813 25.925151824951171875 25.765716552734375 25.68665313720703125 25.687696456909179688 25.745794296264648438 25.808843612670898438 25.876214981079101563
-9999 -9999 -9999 -9999 -9999 -9999 -9999 -9999 -9999 -9999 -9999 23.311574935913085938 23.299610137939453125 23.366724014282226563 23.623752593994140625 23.894710540771484375 24.25286865234375 24.5487823486328125 24.702676773071289063 24.749212265014648438 24.726118087768554688 24.70539093017578125 24.68489837646484375 24.62967681884765625 24.542957305908203125 24.430128097534179688 24.36016082763671875 24.379625320434570313 24.444025039672851563 24.620763778686523438 24.89495086669921875 25.241607666015625 25.592184066772460938 25.790802001953125 25.853021621704101563 25.79500579833984375 25.673334121704101563 25.630804061889648438 25.642452239990234375 25.69362640380859375 25.740858078002929688 25.792345046997070313
-9999 -9999 -9999 -9999 -9999 -9999 -9999 -9999 -9999 -9999 -9999 -9999 23.299776077270507813 23.381656646728515625 23.622394561767578125 23.880826950073242188 24.240222930908203125 24.5330352783203125 24.651739120483398438 24.6432952880859375 24.55403900146484375 24.474029541015625 24.417453765869140625 24.365787506103515625 24.326702117919921875 24.294790267944335938 24.288928985595703125 24.328817367553710938 24.4151153564453125 24.661520004272460938 24.972356796264648438 25.3060760498046875 25.618627548217773438 25.758615493774414063 25.734577178955078125 25.626111984252929688 25.589702606201171875 25.580385208129882813 25.597604751586914063 25.63437652587890625 25.654687881469726563 25.680057525634765625
-9999 -9999 -9999 -9999 -9999 -9999 -9999 -9999 -9999 -9999 -9999 -9999 23.349248886108398438 23.440093994140625 23.64868927001953125 23.89572906494140625 24.247585296630859375 24.523807525634765625 24.607286453247070313 24.566188812255859375 24.434881210327148438 24.316484451293945313 24.247467041015625 24.206087112426757813 24.197292327880859375 24.207151412963867188 24.238187789916992188 24.295803070068359375 24.403980255126953125 24.729671478271484375 25.085557937622070313 25.383777618408203125 25.62389373779296875 25.664613723754882813 25.604875564575195313 25.555812835693359375 25.562526702880859375 25.552890777587890625 25.556844711303710938 25.589176177978515625 25.60236358642578125 25.615774154663085938
-9999 -9999 -9999 -9999 -9999 -9999 -9999 -9999 -9999 -9999 -9999 -9999 -9999 23.51944732666015625 23.634611129760742188 23.874887466430664063 24.241449356079101563 24.496866226196289063 24.5596160888671875 24.491582870483398438 24.3017425537109375 24.132883071899414063 24.063999176025390625 24.057903289794921875 24.093957901000976563 24.137311935424804688 24.19734954833984375 24.264928817749023438 24.413051605224609375 24.826221466064453125 25.197711944580078125 25.425798416137695313 25.575891494750976563 25.54268646240234375 25.512798309326171875 25.521327972412109375 25.534130096435546875 25.50568389892578125 25.498449325561523438 25.53082275390625 25.552797317504882813 25.583417892456054688
-9999 -9999 -9999 -9999 -9999 -9999 -9999 -9999 -9999 -9999 -9999 -9999 -9999 23.485141754150390625 23.584590911865234375 23.801984786987304688 24.153162002563476563 24.391454696655273438 24.4290618896484375 24.336917877197265625 24.103528976440429688 23.904180526733398438 23.861602783203125 23.91811370849609375 24.0123138427734375 24.094793319702148438 24.185491561889648438 24.268468856811523438 24.463735580444335938 24.906179428100585938 25.244909286499023438 25.392238616943359375 25.461864471435546875 25.453569412231445313 25.456247329711914063 25.4675140380859375 25.462621688842773438 25.43349456787109375 25.437841415405273438 25.47319793701171875 25.512048721313476563 25.576177597045898438
-9999 -9999 -9999 -9999 -9999 -9999 -9999 -9999 -9999 -9999 -9999 -9999 -9999 23.465269088745117188 23.543212890625 23.70658111572265625 23.968854904174804688 24.161516189575195313 24.156454086303710938 24.037776947021484375 23.8346710205078125 23.690174102783203125 23.708040237426757813 23.832683563232421875 23.975833892822265625 24.092632293701171875 24.198873519897460938 24.29192352294921875 24.498226165771484375 24.91644287109375 25.225782394409179688 25.29836273193359375 25.31890106201171875 25.368509292602539063 25.398004531860351563 25.396759033203125 25.37009429931640625 25.365373611450195313 25.398492813110351563 25.4501495361328125 25.500555038452148438 25.578744888305664063
-9999 -9999 -9999 -9999 -9999 -9999 -9999 -9999 -9999 -9999 -9999 -9999 23.27548980712890625 23.345458984375 23.493371963500976563 23.60971832275390625 23.765054702758789063 23.856492996215820313 23.810781478881835938 23.726253509521484375 23.653760910034179688 23.639677047729492188 23.7163848876953125 23.875356674194335938 24.036586761474609375 24.148654937744140625 24.22064208984375 24.289581298828125 24.466466903686523438 24.855043411254882813 25.153959274291992188 25.194269180297851563 25.226449966430664063 25.3033905029296875 25.337621688842773438 25.327100753784179688 25.2960662841796875 25.314172744750976563 25.382358551025390625 25.456197738647460938 25.506870269775390625 25.57927703857421875
-9999 -9999 -9999 -9999 -9999 -9999 -9999 -9999 -9999 -9999 -9999 22.826436996459960938 23.1126861572265625 23.329404830932617188 23.515796661376953125 23.60457611083984375 23.682077407836914063 23.707050323486328125 23.674177169799804688 23.702562332153320313 23.796609878540039063 23.868640899658203125 23.949687957763671875 24.092947006225585938 24.233661651611328125 24.287052154541015625 24.30224609375 24.340295791625976563 24.445478439331054688 24.717336654663085938 24.941127777099609375 25.013700485229492188 25.134225845336914063 25.227752685546875 25.266201019287109375 25.261875152587890625 25.24958038330078125 25.28478240966796875 25.380453109741210938 25.465608596801757813 25.507753372192382813 25.565637588500976563
-9999 -9999 -9999 -9999 -9999 -9999 -9999 -9999 -9999 -9999 22.802629470825195313 22.838060379028320313 23.1045379638671875 23.517238616943359375 23.785322189331054688 23.895938873291015625 23.91614532470703125 23.908571243286132813 23.917917251586914063 24.013690948486328125 24.13477325439453125 24.169054031372070313 24.203424453735351563 24.307329177856445313 24.433376312255859375 24.478887557983398438 24.499856948852539063 24.552518844604492188 24.641841888427734375 24.73331451416015625 24.7506561279296875 24.880578994750976563 25.051160812377929688 25.155210494995117188 25.200582504272460938 25.211534500122070313 25.219129562377929688 25.265214920043945313 25.364391326904296875 25.453119277954101563 25.49260711669921875 25.541820526123046875
-9999 -9999 -9999 -9999 -9999 -9999 -9999 -9999 -9999 22.736003875732421875 22.808858871459960938 22.936550140380859375 23.31783294677734375 23.76857757568359375 24.039102554321289063 24.147029876708984375 24.154327392578125 24.154445648193359375 24.197315216064453125 24.304140090942382813 24.390857696533203125 24.378141403198242188 24.375532150268554688 24.44313812255859375 24.566783905029296875 24.6574249267578125 24.730945587158203125 24.80914306640625 24.897703170776367188 24.836444854736328125 24.750823974609375 24.847333908081054688 24.97975921630859375 25.077373504638671875 25.130138397216796875 25.161304473876953125 25.181798934936523438 25.233776092529296875 25.328668594360351563 25.421411514282226563 25.466617584228515625 25.518114089965820313
-9999 -9999 -9999 -9999 -9999 -9999 -9999 -9999 -9999 22.706714630126953125 22.832239151000976563 23.167812347412109375 23.5977630615234375 23.948513031005859375 24.135707855224609375 24.21118927001953125 24.238805770874023438 24.272617340087890625 24.335950851440429688 24.420595169067382813 24.473602294921875 24.463926315307617188 24.46533203125 24.5183868408203125 24.62413787841796875 24.735090255737304688 24.841714859008789063 24.924289703369140625 24.973436355590820313 24.897623062133789063 24.834306716918945313 24.87100982666015625 24.941709518432617188 25.014642715454101563 25.068798065185546875 25.11075592041015625 25.14080810546875 25.19940948486328125 25.293165206909179688 25.388139724731445313 25.439001083374023438 25.495441436767578125
