INPUT/RASTER/ASCII/BIO12.asc
ncols        225
nrows        269
xllcorner    473000.000000000000
yllcorner    4429100.000000000000
cellsize     50.000000000000
NODATA_value -9999
[rows 126 to 146 of 269, columns 96 to 143 of 225]
712.54620361328125 712.8565673828125 712.79296875 712.5103759765625 711.05377197265625 709.878173828125 710.087158203125 708.48431396484375 709.565673828125 709.1649169921875 709.2303466796875 710.5096435546875 710.76727294921875 713.7392578125 714.02203369140625 713.2330322265625 710.05712890625 707.6964111328125 707.3487548828125 703.732177734375 701.19775390625 700.188232421875 698.3455810546875 697.79754638671875 696.9210205078125 695.51513671875 694.7537841796875 695.9239501953125 696.736572265625 699.820556640625 700.73321533203125 701.80615234375 702.599609375 703.4271240234375 703.86981201171875 -9999 -9999 -9999 -9999 -9999 -9999 -9999 -9999 -9999 -9999 -9999 -9999 -9999
711.40509033203125 710.71148681640625 711.426513671875 710.6737060546875 709.37103271484375 708.50323486328125 707.977783203125 706.64666748046875 707.061279296875 707.4156494140625 707.0406494140625 708.22369384765625 708.863037109375 710.4151611328125 711.2952880859375 709.853271484375 707.9205322265625 706.31060791015625 706.40118408203125 704.75714111328125 704.1329345703125 701.5770263671875 699.22662353515625 696.9315185546875 696.0703125 694.5791015625 695.8692626953125 697.888427734375 698.0692138671875 701.80133056640625 701.701171875 703.27197265625 703.44769287109375 704.4227294921875 704.845703125 -9999 -9999 -9999 -9999 -9999 -9999 -9999 -9999 -9999 -9999 -9999 -9999 -9999
709.37274169921875 707.48321533203125 708.36474609375 706.5316162109375 707.2689208984375 706.6654052734375 705.58453369140625 705.6873779296875 704.9483642578125 705.4969482421875 705.09930419921875 704.6796875 706.48846435546875 705.1641845703125 706.8157958984375 704.1746826171875 705.4539794921875 704.23162841796875 703.86407470703125 703.68035888671875 703.34600830078125 701.801025390625 700.3367919921875 697.72698974609375 696.38525390625 697.947998046875 699.10736083984375 702.69189453125 702.37432861328125 704.033447265625 704.5474853515625 704.818359375 704.98370361328125 705.09173583984375 705.1868896484375 704.8138427734375 -9999 -9999 -9999 -9999 -9999 -9999 -9999 -9999 -9999 -9999 -9999 -9999
708.0146484375 706.8895263671875 706.375732421875 705.756103515625 705.6717529296875 705.2781982421875 704.87213134765625 704.56414794921875 704.1156005859375 704.16851806640625 703.77252197265625 703.606689453125 704.244873046875 703.722412109375 703.26580810546875 702.1845703125 702.85345458984375 702.2398681640625 701.6334228515625 702.2447509765625 701.6527099609375 700.9046630859375 698.45135498046875 696.857177734375 696.9281005859375 698.408935546875 701.544189453125 706.1639404296875 706.67034912109375 707.16650390625 708.772705078125 705.77020263671875 705.609619140625 705.32159423828125 704.63800048828125 702.567138671875 702.37847900390625 -9999 -9999 -9999 -9999 -9999 -9999 -9999 -9999 -9999 -9999 -9999
707.60107421875 706.54071044921875 705.8045654296875 705.16424560546875 705.05169677734375 704.509765625 704.037353515625 703.668701171875 703.5277099609375 703.6788330078125 702.90264892578125 702.948486328125 702.98638916015625 702.3419189453125 701.6297607421875 700.13336181640625 700.9556884765625 700.6478271484375 700.3192138671875 700.9378662109375 700.16949462890625 699.0699462890625 696.60919189453125 695.97894287109375 696.7138671875 699.6749267578125 703.27288818359375 707.8614501953125 708.8416748046875 709.1683349609375 709.1884765625 708.06011962890625 708.8565673828125 706.15240478515625 703.76922607421875 700.66009521484375 700.03375244140625 697.0714111328125 -9999 -9999 -9999 -9999 -9999 -9999 -9999 -9999 -9999 -9999
707.24749755859375 706.2530517578125 705.382568359375 704.5111083984375 704.432373046875 703.74127197265625 703.08013916015625 702.41864013671875 702.8173828125 703.068115234375 702.25634765625 701.5040283203125 701.1474609375 700.41058349609375 700.2943115234375 698.75531005859375 698.93878173828125 699.333251953125 699.2498779296875 699.5301513671875 698.36920166015625 697.0479736328125 695.3673095703125 696.2022705078125 697.45355224609375 701.797607421875 705.34222412109375 709.1302490234375 709.49151611328125 709.4432373046875 709.35894775390625 709.1517333984375 708.6619873046875 707.55902099609375 704.368896484375 700.16412353515625 698.009765625 695.6539306640625 694.716064453125 693.5301513671875 -9999 -9999 -9999 -9999 -9999 -9999 -9999 -9999
706.5687255859375 705.72039794921875 704.920166015625 704.1639404296875 703.96881103515625 702.8643798828125 702.0616455078125 701.179443359375 701.55615234375 701.92913818359375 700.995849609375 700.6748046875 699.67401123046875 699.09124755859375 699.07568359375 698.050537109375 698.09979248046875 698.3902587890625 698.314208984375 698.27386474609375 696.93603515625 695.7535400390625 695.3060302734375 697.0374755859375 698.54150390625 702.7572021484375 706.76995849609375 709.480712890625 709.58441162109375 709.1829833984375 708.7945556640625 708.80853271484375 708.0384521484375 706.9154052734375 703.4505615234375 700.4034423828125 698.97210693359375 697.7310791015625 694.52435302734375 693.16986083984375 -9999 -9999 -9999 -9999 -9999 -9999 -9999 -9999
705.79290771484375 705.1876220703125 704.41973876953125 702.89862060546875 702.16522216796875 701.5699462890625 701.1043701171875 700.24224853515625 700.481201171875 700.67803955078125 699.7353515625 699.4207763671875 698.5606689453125 698.01666259765625 697.9100341796875 697.468017578125 697.50531005859375 697.6240234375 697.56243896484375 696.9857177734375 695.319091796875 694.24041748046875 695.06634521484375 697.26043701171875 699.13677978515625 703.2880859375 707.41046142578125 709.2799072265625 709.0682373046875 708.60626220703125 708.2296142578125 707.957763671875 706.9859619140625 705.5157470703125 702.32855224609375 699.8431396484375 698.80682373046875 696.9881591796875 695.89727783203125 695.3104248046875 -9999 -9999 -9999 -9999 -9999 -9999 -9999 -9999
705.0498046875 704.7772216796875 703.9619140625 702.122802734375 700.85479736328125 700.408203125 699.91455078125 698.70953369140625 698.68994140625 698.519287109375 698.0096435546875 697.66064453125 697.00762939453125 696.6016845703125 696.5511474609375 696.375244140625 695.9822998046875 695.717529296875 695.669189453125 694.0394287109375 691.90106201171875 692.88348388671875 695.33966064453125 697.7667236328125 699.6888427734375 703.5531005859375 706.9439697265625 708.0814208984375 707.70855712890625 706.56622314453125 705.8741455078125 704.467529296875 703.16534423828125 702.22479248046875 700.50738525390625 698.65924072265625 697.81451416015625 696.4180908203125 695.63299560546875 -9999 -9999 -9999 -9999 -9999 -9999 -9999 -9999 -9999
704.3182373046875 703.77227783203125 703.53936767578125 701.8560791015625 699.515869140625 698.7738037109375 698.784423828125 697.9864501953125 697.91650390625 697.6121826171875 697.17718505859375 696.85113525390625 696.276123046875 696.016357421875 695.81744384765625 695.6815185546875 695.16290283203125 694.4127197265625 694.049072265625 691.517578125 690.7730712890625 692.71307373046875 695.59979248046875 698.11114501953125 699.877197265625 703.16485595703125 706.17547607421875 707.3896484375 707.04217529296875 705.2625732421875 704.08355712890625 702.49993896484375 701.19287109375 700.2030029296875 699.05560302734375 697.85198974609375 697.196533203125 696.2237548828125 695.78375244140625 -9999 -9999 -9999 -9999 -9999 -9999 -9999 -9999 -9999
703.49566650390625 702.2596435546875 701.7005615234375 700.712646484375 698.83233642578125 698.0401611328125 698.0086669921875 697.43206787109375 697.20404052734375 696.70751953125 696.3446044921875 695.853515625 695.48907470703125 695.43084716796875 695.07171630859375 695.0379638671875 694.29156494140625 692.964111328125 692.367431640625 690.28271484375 690.8690185546875 693.03558349609375 695.84912109375 698.21044921875 699.75555419921875 702.7149658203125 705.34259033203125 706.81988525390625 706.4990234375 704.58294677734375 703.2716064453125 701.5291748046875 699.89300537109375 698.90325927734375 698.039794921875 697.2276611328125 696.60003662109375 696.028564453125 -9999 -9999 -9999 -9999 -9999 -9999 -9999 -9999 -9999 -9999
702.8709716796875 701.787353515625 700.46942138671875 699.57147216796875 698.4019775390625 697.8404541015625 697.5999755859375 696.9093017578125 696.6138916015625 695.80389404296875 695.4505615234375 694.91455078125 694.42523193359375 694.55035400390625 693.94158935546875 694.02691650390625 693.0985107421875 691.491943359375 691.17523193359375 690.0667724609375 691.2093505859375 693.62615966796875 696.35113525390625 698.2481689453125 699.86767578125 702.509521484375 704.85003662109375 706.310791015625 705.63543701171875 704.107421875 703.39300537109375 700.92266845703125 699.2657470703125 698.18023681640625 -9999 -9999 -9999 -9999 -9999 -9999 -9999 -9999 -9999 -9999 -9999 -9999 -9999 -9999
701.9344482421875 701.3759765625 699.8990478515625 699.16058349609375 698.30780029296875 697.79156494140625 697.4971923828125 696.5106201171875 696.0234375 694.97674560546875 694.43389892578125 693.84564208984375 693.18927001953125 693.486328125 692.7493896484375 692.770751953125 691.4122314453125 690.4007568359375 690.34991455078125 689.90203857421875 691.427001953125 694.5357666015625 697.2930908203125 698.83624267578125 700.616455078125 702.7320556640625 704.60333251953125 705.6175537109375 704.53271484375 703.3057861328125 702.76318359375 700.44769287109375 698.882568359375 697.7608642578125 -9999 -9999 -9999 -9999 -9999 -9999 -9999 -9999 -9999 -9999 -9999 -9999 -9999 -9999
701.201416015625 700.15643310546875 699.2935791015625 698.7374267578125 698.36614990234375 697.88568115234375 697.51812744140625 696.293701171875 695.16290283203125 694.27838134765625 693.27166748046875 692.93524169921875 692.07940673828125 691.628662109375 691.791748046875 691.069580078125 690.10455322265625 689.8704833984375 689.87640380859375 690.2623291015625 692.88494873046875 695.99951171875 697.73052978515625 699.97332763671875 701.6597900390625 703.26007080078125 704.362548828125 704.49530029296875 703.27044677734375 702.45068359375 702.3162841796875 699.43292236328125 698.37640380859375 697.0946044921875 696.35089111328125 -9999 -9999 -9999 -9999 -9999 -9999 -9999 -9999 -9999 -9999 -9999 -9999 -9999
699.8616943359375 698.0313720703125 697.80157470703125 696.92376708984375 697.70831298828125 697.32965087890625 696.678955078125 695.76446533203125 694.66552734375 693.97894287109375 693.01983642578125 692.59539794921875 691.32098388671875 689.2452392578125 689.8607177734375 689.15087890625 689.77447509765625 690.00042724609375 690.6563720703125 691.7044677734375 694.37451171875 696.41925048828125 699.3658447265625 702.11236572265625 702.5360107421875 703.88592529296875 703.953125 702.830322265625 701.0982666015625 700.3944091796875 699.89013671875 697.97186279296875 696.9853515625 696.3079833984375 -9999 -9999 -9999 -9999 -9999 -9999 -9999 -9999 -9999 -9999 -9999 -9999 -9999 -9999
698.659423828125 697.0057373046875 696.309326171875 695.7777099609375 696.49407958984375 696.44110107421875 696.02447509765625 695.4896240234375 694.6834716796875 693.863525390625 692.798095703125 692.49920654296875 690.997802734375 688.9033203125 688.13458251953125 688.1990966796875 689.26654052734375 690.20904541015625 690.8084716796875 692.50347900390625 694.222900390625 696.52557373046875 700.08056640625 702.5655517578125 703.48382568359375 703.9593505859375 703.51727294921875 701.34716796875 699.95977783203125 698.75469970703125 698.07421875 697.3818359375 696.5281982421875 696.136474609375 -9999 -9999 -9999 -9999 -9999 -9999 -9999 -9999 -9999 -9999 -9999 -9999 -9999 -9999
697.9188232421875 696.3470458984375 695.67425537109375 695.4268798828125 695.73370361328125 695.804443359375 695.5533447265625 695.087890625 694.51763916015625 693.69927978515625 692.45361328125 692.12469482421875 690.69012451171875 688.56097412109375 687.482177734375 687.61407470703125 688.94573974609375 690.41461181640625 690.89898681640625 692.61590576171875 694.1319580078125 696.4862060546875 700.41558837890625 702.599853515625 703.50433349609375 703.81146240234375 703.13897705078125 700.833984375 699.39093017578125 698.1702880859375 697.685302734375 696.9647216796875 696.2021484375 -9999 -9999 -9999 -9999 -9999 -9999 -9999 -9999 -9999 -9999 -9999 -9999 -9999 -9999 -9999
697.20977783203125 695.932861328125 695.47943115234375 695.3206787109375 695.4344482421875 695.40618896484375 695.081787109375 694.34210205078125 693.5587158203125 693.15972900390625 691.49676513671875 691.0289306640625 689.27142333984375 687.78985595703125 686.77154541015625 686.783935546875 688.5537109375 690.41937255859375 690.989013671875 692.63177490234375 694.40771484375 696.6993408203125 700.30560302734375 702.2664794921875 703.20855712890625 703.17333984375 702.3355712890625 700.259033203125 698.90087890625 697.77252197265625 697.35693359375 696.7469482421875 -9999 -9999 -9999 -9999 -9999 -9999 -9999 -9999 695.17938232421875 694.9847412109375 694.8585205078125 694.76568603515625 694.48895263671875 694.0877685546875 693.965087890625 693.892578125
696.805908203125 695.7630615234375 695.3602294921875 695.091552734375 695.16802978515625 695.10595703125 694.423828125 693.0592041015625 692.1708984375 692.0635986328125 690.111083984375 689.29998779296875 688.01806640625 687.385498046875 686.16741943359375 685.9532470703125 688.5830078125 690.63641357421875 691.1397705078125 692.87579345703125 694.8055419921875 697.07403564453125 700.19488525390625 701.7706298828125 702.1658935546875 701.8614501953125 701.0418701171875 699.43865966796875 698.3782958984375 697.4130859375 -9999 -9999 -9999 -9999 -9999 -9999 -9999 -9999 -9999 -9999 695.09368896484375 694.89886474609375 694.77947998046875 694.6800537109375 694.226318359375 693.87738037109375 693.68963623046875 693.50732421875
696.3841552734375 695.6541748046875 694.97076416015625 694.6173095703125 694.33062744140625 694.0089111328125 692.939697265625 691.22698974609375 690.1094970703125 689.90911865234375 688.6025390625 687.61651611328125 687.04437255859375 687.16436767578125 686.7325439453125 686.8359375 689.45758056640625 690.9493408203125 691.351318359375 693.0999755859375 695.263916015625 697.637451171875 700.04327392578125 700.7779541015625 700.9176025390625 700.793701171875 700.0491943359375 698.80120849609375 697.92425537109375 -9999 -9999 -9999 -9999 -9999 -9999 -9999 -9999 -9999 -9999 -9999 695.007080078125 694.8121337890625 694.69964599609375 694.56939697265625 694.02423095703125 693.76788330078125 693.5816650390625 693.427490234375
695.76678466796875 695.2388916015625 694.38092041015625 693.9591064453125 692.86492919921875 692.6766357421875 691.017822265625 689.29052734375 688.2313232421875 686.77740478515625 685.0126953125 685.54937744140625 686.77587890625 688.12847900390625 689.63818359375 690.2523193359375 691.074951171875 691.773193359375 692.1400146484375 693.9757080078125 696.1790771484375 698.60150146484375 700.5340576171875 700.78448486328125 700.5928955078125 699.88055419921875 699.1005859375 -9999 -9999 -9999 -9999 -9999 -9999 -9999 -9999 -9999 -9999 -9999 -9999 -9999 -9999 694.52789306640625 694.415283203125 694.17877197265625 693.740234375 693.59954833984375 -9999 -9999
