INPUT/RASTER/ASCII/BIO16.asc
ncols        225
nrows        269
xllcorner    473009.983799999987
yllcorner    4429051.174800000153
cellsize     50.000000000000
NODATA_value -9999
[rows 200 to 219 of 269, columns 90 to 134 of 225]
292.250732421875 291.686279296875 290.451812744140625 289.388031005859375 288.267669677734375 286.992828369140625 285.9576416015625 284.847747802734375 283.831756591796875 282.73370361328125 281.8883056640625 280.519866943359375 279.280975341796875 278.94677734375 279.08050537109375 278.954681396484375 278.761383056640625 278.763031005859375 279.24267578125 279.579010009765625 279.283721923828125 278.6549072265625 278.565277099609375 279.2890625 280.2069091796875 281.040740966796875 281.697845458984375 281.48956298828125 280.7711181640625 279.7969970703125 278.254913330078125 276.877288818359375 276.38323974609375 276.61810302734375 276.93096923828125 276.915313720703125 276.625 276.797149658203125 277.47894287109375 278.51385498046875 279.448577880859375 280.574676513671875 282.297149658203125 284.3643798828125 286.423309326171875
291.12530517578125 291.0625 289.86614990234375 288.452056884765625 286.816162109375 285.066162109375 284.00433349609375 283.0966796875 282.264678955078125 281.4754638671875 280.93743896484375 279.978759765625 278.816986083984375 278.01873779296875 277.856781005859375 277.788970947265625 277.6812744140625 277.8262939453125 278.4061279296875 278.7569580078125 278.469085693359375 277.880950927734375 277.946319580078125 278.979339599609375 280.022674560546875 280.902496337890625 281.47369384765625 281.209197998046875 280.498748779296875 279.504730224609375 277.896392822265625 276.47796630859375 275.8095703125 276.054595947265625 276.62701416015625 276.80914306640625 276.78570556640625 277.06951904296875 277.717193603515625 278.56732177734375 279.33526611328125 280.38983154296875 282.01995849609375 283.932769775390625 285.91998291015625
289.815643310546875 290.044769287109375 289.2763671875 288.152984619140625 286.604461669921875 284.571380615234375 283.07061767578125 281.951904296875 281.10064697265625 280.464080810546875 280.103271484375 279.50469970703125 278.638824462890625 277.695281982421875 277.2509765625 277.166778564453125 277.11602783203125 277.232574462890625 277.583831787109375 277.792999267578125 277.586212158203125 277.1842041015625 277.363372802734375 278.48187255859375 279.496307373046875 280.248046875 280.602630615234375 280.280609130859375 279.684661865234375 278.839508056640625 277.360198974609375 276.084991455078125 275.6092529296875 275.9071044921875 276.478118896484375 276.71331787109375 276.768341064453125 277.048431396484375 277.66571044921875 278.39105224609375 279.03228759765625 280.010467529296875 281.54083251953125 283.28863525390625 285.0760498046875
288.48681640625 288.71038818359375 288.261962890625 287.4873046875 286.24322509765625 284.20703125 282.38629150390625 281.01812744140625 280.09234619140625 279.60052490234375 279.41204833984375 279.113555908203125 278.4542236328125 277.4486083984375 276.791595458984375 276.662811279296875 276.653472900390625 276.76373291015625 276.914276123046875 276.850921630859375 276.63214111328125 276.4893798828125 276.760711669921875 277.723724365234375 278.52691650390625 279.0394287109375 279.180755615234375 278.906982421875 278.514404296875 277.909942626953125 276.735748291015625 275.720916748046875 275.452301025390625 275.707122802734375 276.04241943359375 276.304290771484375 276.464630126953125 276.774383544921875 277.302032470703125 277.924591064453125 278.5118408203125 279.488128662109375 280.99395751953125 282.673431396484375 284.3741455078125
287.157501220703125 287.163482666015625 286.863189697265625 286.4002685546875 285.45318603515625 283.561431884765625 281.765960693359375 280.385711669921875 279.3682861328125 278.913787841796875 278.756744384765625 278.570892333984375 278.029937744140625 277.1083984375 276.421905517578125 276.248321533203125 276.271026611328125 276.44140625 276.5030517578125 276.17095947265625 275.794586181640625 275.795196533203125 276.107940673828125 276.783905029296875 277.267974853515625 277.539794921875 277.568695068359375 277.39251708984375 277.161163330078125 276.754150390625 275.955596923828125 275.462982177734375 275.6329345703125 275.979339599609375 276.15203857421875 276.2333984375 276.30474853515625 276.5047607421875 276.938720703125 277.553924560546875 278.124298095703125 279.11627197265625 280.5989990234375 282.25408935546875 283.99932861328125
286.0980224609375 285.859527587890625 285.576324462890625 285.264251708984375 284.430419921875 282.560302734375 280.975860595703125 279.84735107421875 278.894378662109375 278.43182373046875 278.15283203125 277.81610107421875 277.315277099609375 276.6258544921875 276.04168701171875 275.818939208984375 275.88116455078125 276.121124267578125 276.1405029296875 275.70208740234375 275.202667236328125 275.122650146484375 275.30767822265625 275.648712158203125 275.862396240234375 275.95391845703125 275.9661865234375 275.9212646484375 275.824920654296875 275.638916015625 275.43670654296875 275.751678466796875 276.4537353515625 276.877532958984375 277.01544189453125 276.9493408203125 276.719573974609375 276.602874755859375 276.902435302734375 277.63116455078125 278.275665283203125 279.220123291015625 280.596771240234375 282.17803955078125 283.936737060546875
285.598114013671875 285.272216796875 284.91693115234375 284.58612060546875 283.73699951171875 281.90753173828125 280.52655029296875 279.64166259765625 278.832427978515625 278.383636474609375 277.9642333984375 277.35455322265625 276.7464599609375 276.175537109375 275.637939453125 275.360260009765625 275.438812255859375 275.711456298828125 275.719451904296875 275.257965087890625 274.745941162109375 274.58428955078125 274.63677978515625 274.75506591796875 274.792236328125 274.8162841796875 274.904693603515625 275.032958984375 275.08807373046875 275.236114501953125 275.798797607421875 276.782684326171875 277.748870849609375 278.1817626953125 278.2979736328125 278.10894775390625 277.54998779296875 277.03533935546875 277.039459228515625 277.793243408203125 278.57269287109375 279.532470703125 280.8670654296875 282.335540771484375 283.977508544921875
285.5706787109375 285.35845947265625 284.94671630859375 284.527496337890625 283.717071533203125 282.198333740234375 280.958343505859375 280.08038330078125 279.297088623046875 278.84613037109375 278.33050537109375 277.51129150390625 276.798370361328125 276.21142578125 275.576385498046875 275.18768310546875 275.127227783203125 275.19818115234375 275.139862060546875 274.71990966796875 274.390960693359375 274.394073486328125 274.474334716796875 274.577423095703125 274.605865478515625 274.6900634765625 274.92559814453125 275.241790771484375 275.484649658203125 276.002044677734375 277.099395751953125 278.231353759765625 279.10198974609375 279.418914794921875 279.42578125 279.0648193359375 278.308319091796875 277.555450439453125 277.215087890625 277.773162841796875 278.628387451171875 279.67449951171875 281.028472900390625 282.389495849609375 283.907806396484375
285.91937255859375 285.889129638671875 285.48260498046875 285.0238037109375 284.33160400390625 283.1114501953125 281.95098876953125 281.003082275390625 280.14544677734375 279.632843017578125 279.009735107421875 278.129852294921875 277.493988037109375 276.928924560546875 276.053131103515625 275.367767333984375 274.976043701171875 274.576324462890625 274.3719482421875 274.18157958984375 274.29864501953125 274.693878173828125 274.9488525390625 275.202850341796875 275.3236083984375 275.48931884765625 275.873565673828125 276.41033935546875 276.888092041015625 277.658966064453125 278.91033935546875 279.957794189453125 280.601593017578125 280.74127197265625 280.598114013671875 280.021453857421875 279.1365966796875 278.284332275390625 277.64874267578125 277.783477783203125 278.5406494140625 279.67559814453125 281.039947509765625 282.27874755859375 283.692169189453125
286.30645751953125 286.37554931640625 285.926513671875 285.53076171875 285.06488037109375 284.103118896484375 283.00439453125 282.022674560546875 281.048065185546875 280.408599853515625 279.62506103515625 278.769500732421875 278.155731201171875 277.556915283203125 276.55377197265625 275.64227294921875 275.02783203125 274.25518798828125 273.833221435546875 273.93206787109375 274.606475830078125 275.43902587890625 275.896728515625 276.313140869140625 276.49505615234375 276.669525146484375 277.119781494140625 277.7730712890625 278.356048583984375 279.147369384765625 280.350189208984375 281.406097412109375 282.017364501953125 282.060821533203125 281.79620361328125 281.10040283203125 280.1385498046875 279.20294189453125 278.361236572265625 278.079345703125 278.509307861328125 279.5208740234375 280.836822509765625 282.046722412109375 283.304656982421875
286.3316650390625 286.5191650390625 286.076995849609375 285.725372314453125 285.38616943359375 284.655975341796875 283.69854736328125 282.774017333984375 281.6973876953125 280.887847900390625 279.880035400390625 278.94921875 278.179168701171875 277.41302490234375 276.48199462890625 275.632598876953125 275.001220703125 274.116455078125 273.515045166015625 273.7828369140625 274.959136962890625 276.22723388671875 276.89666748046875 277.4737548828125 277.65576171875 277.720062255859375 278.16162109375 278.83721923828125 279.40277099609375 280.215240478515625 281.35491943359375 282.38385009765625 283.120208740234375 283.225677490234375 282.960784912109375 282.31494140625 281.325653076171875 280.27044677734375 279.2984619140625 278.700286865234375 278.744415283203125 279.461273193359375 280.5814208984375 281.739990234375 282.883514404296875
285.530548095703125 286.02801513671875 285.800933837890625 285.46173095703125 285.0247802734375 284.369659423828125 283.608856201171875 282.825103759765625 281.768280029296875 280.8973388671875 279.76885986328125 278.847259521484375 278.168182373046875 277.498809814453125 276.641754150390625 275.766632080078125 274.952117919921875 273.847625732421875 273.219329833984375 273.689453125 275.181121826171875 276.746490478515625 277.62884521484375 278.48480224609375 278.784820556640625 278.73565673828125 279.108489990234375 279.74542236328125 280.245574951171875 281.1199951171875 282.1298828125 283.1307373046875 283.968231201171875 284.18438720703125 284.12109375 283.84088134765625 282.990447998046875 281.796783447265625 280.664825439453125 279.84027099609375 279.578948974609375 279.81561279296875 280.42645263671875 281.426605224609375 282.57318115234375
283.544525146484375 284.606719970703125 284.926605224609375 284.762481689453125 284.146514892578125 283.318206787109375 282.561431884765625 281.825927734375 280.9649658203125 280.320526123046875 279.497711181640625 279.019012451171875 278.972259521484375 278.80938720703125 277.897918701171875 276.578704833984375 275.230224609375 273.541351318359375 272.97137451171875 273.649078369140625 275.057373046875 276.602264404296875 277.57037353515625 278.7586669921875 279.537994384765625 279.836822509765625 280.15435791015625 280.58416748046875 280.958221435546875 281.67620849609375 282.4600830078125 283.405609130859375 284.185455322265625 284.44573974609375 284.571197509765625 284.786346435546875 284.369964599609375 283.250518798828125 282.098175048828125 281.18572998046875 280.725128173828125 280.493682861328125 280.59002685546875 281.404876708984375 282.57244873046875
281.7628173828125 283.290771484375 284.0716552734375 284.12127685546875 283.5693359375 282.7080078125 281.91229248046875 281.18536376953125 280.456298828125 279.98883056640625 279.520965576171875 279.468292236328125 279.9036865234375 280.07049560546875 278.96197509765625 277.25006103515625 275.5001220703125 273.31060791015625 272.684478759765625 273.373504638671875 274.551513671875 275.8963623046875 276.796539306640625 278.102752685546875 279.283782958984375 280.141937255859375 280.72760009765625 281.082763671875 281.342926025390625 281.796966552734375 282.3973388671875 283.226531982421875 283.936614990234375 284.2183837890625 284.3499755859375 284.693084716796875 284.69281005859375 284.021759033203125 283.1287841796875 282.25213623046875 281.7388916015625 281.377105712890625 281.284271240234375 281.852325439453125 282.893280029296875
280.783172607421875 282.657257080078125 283.732879638671875 283.923919677734375 283.547119140625 282.847625732421875 282.132965087890625 281.429931640625 280.65594482421875 280.144805908203125 279.747528076171875 279.76934814453125 280.266357421875 280.437042236328125 279.168060302734375 277.4033203125 275.632598876953125 273.268341064453125 272.374481201171875 272.867919921875 273.8890380859375 275.038299560546875 275.817108154296875 277.0421142578125 278.314971923828125 279.51763916015625 280.58843994140625 281.15325927734375 281.39581298828125 281.754638671875 282.257171630859375 283.013336181640625 283.716156005859375 284.0076904296875 284.1058349609375 284.34075927734375 284.53997802734375 284.40753173828125 283.893341064453125 283.180145263671875 282.73675537109375 282.4034423828125 282.221435546875 282.4945068359375 283.2686767578125
280.23944091796875 282.3790283203125 283.68023681640625 283.9427490234375 283.653228759765625 283.132537841796875 282.521392822265625 281.77618408203125 280.860595703125 280.226776123046875 279.7183837890625 279.666534423828125 280.063995361328125 280.15423583984375 278.95867919921875 277.33282470703125 275.73260498046875 273.37518310546875 272.138092041015625 272.37591552734375 273.2310791015625 274.18402099609375 274.845458984375 275.982269287109375 277.262725830078125 278.614410400390625 280.0677490234375 280.97998046875 281.30010986328125 281.668914794921875 282.132171630859375 282.886627197265625 283.62109375 283.900604248046875 283.973236083984375 284.10205078125 284.327484130859375 284.504669189453125 284.349517822265625 283.969085693359375 283.700469970703125 283.3958740234375 283.09527587890625 283.114593505859375 283.603302001953125
279.764678955078125 281.92730712890625 283.3026123046875 283.633331298828125 283.500823974609375 283.22198486328125 282.70257568359375 281.8289794921875 280.691253662109375 279.894439697265625 279.167633056640625 279.074859619140625 279.38037109375 279.414093017578125 278.432708740234375 277.03265380859375 275.6641845703125 273.446197509765625 271.959075927734375 271.92779541015625 272.579254150390625 273.317352294921875 273.866058349609375 274.943359375 276.215789794921875 277.615386962890625 279.301544189453125 280.55682373046875 281.03826904296875 281.551239013671875 282.079742431640625 282.86773681640625 283.600189208984375 283.840606689453125 283.881072998046875 283.934356689453125 284.118927001953125 284.386322021484375 284.517791748046875 284.527099609375 284.506805419921875 284.28204345703125 283.847991943359375 283.675933837890625 283.877685546875
278.812957763671875 280.6024169921875 281.878021240234375 282.383575439453125 282.695281982421875 282.859405517578125 282.450225830078125 281.403564453125 280.02386474609375 279.061309814453125 278.090667724609375 277.92828369140625 278.29034423828125 278.2769775390625 277.366668701171875 276.19512939453125 275.0517578125 273.19903564453125 271.80841064453125 271.51971435546875 271.915557861328125 272.481201171875 272.93701171875 273.940887451171875 275.182708740234375 276.563751220703125 278.484466552734375 280.16387939453125 280.8653564453125 281.58624267578125 282.2169189453125 282.9356689453125 283.47601318359375 283.638092041015625 283.67730712890625 283.735015869140625 283.90447998046875 284.152496337890625 284.333099365234375 284.425537109375 284.462982177734375 284.336822509765625 284.011077880859375 283.797637939453125 283.746246337890625
277.135955810546875 278.45257568359375 279.572601318359375 280.262115478515625 280.98388671875 281.284759521484375 280.835662841796875 279.75555419921875 278.390228271484375 277.487030029296875 276.62396240234375 276.5745849609375 277.05340576171875 276.94671630859375 276.017364501953125 275.0806884765625 274.28277587890625 272.977935791015625 271.7900390625 271.24896240234375 271.399169921875 271.827667236328125 272.21038818359375 273.11248779296875 274.31854248046875 275.737518310546875 277.973480224609375 280.128997802734375 281.02825927734375 281.885986328125 282.530792236328125 283.01007080078125 283.265777587890625 283.365264892578125 283.416473388671875 283.487396240234375 283.61700439453125 283.78076171875 283.874969482421875 283.817626953125 283.74932861328125 283.68914794921875 283.544525146484375 283.322265625 283.105316162109375
275.6119384765625 276.718902587890625 277.75726318359375 278.50634765625 279.267364501953125 279.216339111328125 278.55255126953125 277.62164306640625 276.552764892578125 275.908843994140625 275.5068359375 275.73040771484375 276.189849853515625 276.0205078125 275.139495849609375 274.37811279296875 273.89093017578125 273.015106201171875 271.83941650390625 271.094512939453125 271.19757080078125 271.583099365234375 271.971588134765625 272.816741943359375 273.940216064453125 275.334442138671875 277.58734130859375 279.8082275390625 280.904876708984375 281.988067626953125 282.662322998046875 283.023651123046875 283.16192626953125 283.23529052734375 283.276123046875 283.330322265625 283.401702880859375 283.477508544921875 283.4678955078125 283.243377685546875 283.072021484375 283.01800537109375 282.936676025390625 282.738983154296875 282.494781494140625
