INPUT/RASTER/ASCII/BIO11.asc
ncols        225
nrows        269
xllcorner    473009.983799999987
yllcorner    4429051.174800000153
cellsize     50.000000000000
NODATA_value  -9999
[rows 114 to 132 of 269, columns 132 to 175 of 225]
-9999 -9999 -9999 -9999 -9999 -9999 -9999 -9999 -9999 -9999 -9999 -9999 -9999 -9999 -9999 -9999 -9999 9.0053510665893554688 9.0033426284790039063 9.0014925003051757813 9.004840850830078125 9.015369415283203125 9.0328464508056640625 9.0519876480102539063 9.0613965988159179688 9.0625896453857421875 9.06156158447265625 9.0621738433837890625 9.0673322677612304688 9.0767679214477539063 9.0824337005615234375 9.0842351913452148438 9.083202362060546875 9.0802240371704101563 9.0780963897705078125 9.0763998031616210938 9.073726654052734375 9.0699949264526367188 9.0641717910766601563 9.0538721084594726563 9.0442991256713867188 9.038463592529296875 9.03380584716796875 9.0303678512573242188
-9999 -9999 -9999 -9999 -9999 -9999 -9999 -9999 -9999 -9999 -9999 -9999 -9999 -9999 -9999 -9999 -9999 9.0092859268188476563 9.006923675537109375 9.006114959716796875 9.0072565078735351563 9.0163555145263671875 9.0349283218383789063 9.0560235977172851563 9.068294525146484375 9.0718507766723632813 9.072174072265625 9.0738239288330078125 9.0787296295166015625 9.084964752197265625 9.08821868896484375 9.089366912841796875 9.0887060165405273438 9.086780548095703125 9.0841350555419921875 9.0816392898559570313 9.0778341293334960938 9.073230743408203125 9.0677967071533203125 9.058109283447265625 9.0498666763305664063 9.0463590621948242188 9.0418071746826171875 9.0372152328491210938
-9999 -9999 -9999 -9999 -9999 -9999 -9999 -9999 -9999 -9999 -9999 -9999 -9999 9.0296783447265625 9.029598236083984375 9.0295696258544921875 -9999 -9999 -9999 9.0095033645629882813 9.009853363037109375 9.0182170867919921875 9.0377321243286132813 9.05876922607421875 9.0696630477905273438 9.0727510452270507813 9.0744476318359375 9.0787677764892578125 9.0852842330932617188 9.0903387069702148438 9.0927915573120117188 9.0938129425048828125 9.09342193603515625 9.0919351577758789063 9.0898427963256835938 9.0872678756713867188 9.0831813812255859375 9.0772342681884765625 9.071533203125 9.0628271102905273438 9.0563182830810546875 9.054729461669921875 9.0505504608154296875 9.0440082550048828125
-9999 -9999 -9999 -9999 -9999 -9999 -9999 -9999 -9999 -9999 -9999 -9999 9.0431489944458007813 9.0322055816650390625 9.0301084518432617188 9.0297956466674804688 -9999 -9999 -9999 9.0126047134399414063 9.013980865478515625 9.0230665206909179688 9.0426654815673828125 9.0614843368530273438 9.0695552825927734375 9.0715970993041992188 9.0738763809204101563 9.0804471969604492188 9.08867645263671875 9.0941524505615234375 9.097087860107421875 9.0984363555908203125 9.09850311279296875 9.0973253250122070313 9.0951137542724609375 9.093021392822265625 9.0900735855102539063 9.0844707489013671875 9.0784778594970703125 9.0706081390380859375 9.0652818679809570313 9.0637235641479492188 9.0594997406005859375 9.0511798858642578125
-9999 -9999 -9999 -9999 -9999 -9999 -9999 -9999 -9999 -9999 -9999 9.061336517333984375 9.0508298873901367188 9.0409917831420898438 9.0332126617431640625 9.0301504135131835938 -9999 -9999 -9999 9.01473236083984375 9.0175924301147460938 9.029285430908203125 9.0490903854370117188 9.0648746490478515625 9.0704221725463867188 9.0721349716186523438 9.0752515792846679688 9.0830707550048828125 9.0911474227905273438 9.0960988998413085938 9.0997419357299804688 9.1015577316284179688 9.1022243499755859375 9.102085113525390625 9.1003856658935546875 9.0982961654663085938 9.0960702896118164063 9.0933923721313476563 9.0884351730346679688 9.0812826156616210938 9.0752439498901367188 9.0700283050537109375 9.0638027191162109375 9.055908203125
-9999 -9999 -9999 -9999 -9999 -9999 -9999 -9999 -9999 -9999 -9999 9.06475830078125 9.0605535507202148438 9.0485105514526367188 9.0364770889282226563 9.0305614471435546875 9.025302886962890625 9.0196819305419921875 9.0160970687866210938 9.0155200958251953125 9.0195484161376953125 9.0330953598022460938 9.0527429580688476563 9.066852569580078125 9.0716505050659179688 9.0737409591674804688 9.0784273147583007813 9.0867938995361328125 9.0936822891235351563 9.0973844528198242188 9.1004276275634765625 9.1022977828979492188 9.1037664413452148438 9.1044740676879882813 9.1047315597534179688 9.1046142578125 9.103343963623046875 9.1013584136962890625 9.0974035263061523438 9.09119415283203125 9.085002899169921875 9.0765428543090820313 9.0681095123291015625 9.0615396499633789063
-9999 -9999 -9999 -9999 -9999 -9999 -9999 -9999 -9999 -9999 9.104312896728515625 9.0966749191284179688 9.0796260833740234375 9.0683155059814453125 9.0487623214721679688 9.0329418182373046875 9.0231046676635742188 9.0165739059448242188 9.0145139694213867188 9.0152435302734375 9.0207347869873046875 9.0355987548828125 9.0543661117553710938 9.0668792724609375 9.0719432830810546875 9.0748043060302734375 9.0818004608154296875 9.0907649993896484375 9.0959692001342773438 9.0987215042114257813 9.1011629104614257813 9.1026554107666015625 9.1039323806762695313 9.1051301956176757813 9.1083164215087890625 9.1118927001953125 9.1128301620483398438 9.1112737655639648438 9.107311248779296875 9.1015625 9.0957670211791992188 9.0877790451049804688 9.0792789459228515625 9.0726461410522460938
-9999 -9999 -9999 -9999 -9999 -9999 -9999 -9999 -9999 -9999 9.1125650405883789063 9.1104383468627929688 9.1033143997192382813 9.0952548980712890625 9.0716333389282226563 9.0431613922119140625 9.0259380340576171875 9.017597198486328125 9.016925811767578125 9.0193223953247070313 9.0259752273559570313 9.0408229827880859375 9.05664825439453125 9.0670518875122070313 9.0721502304077148438 9.0754680633544921875 9.083156585693359375 9.091335296630859375 9.0955600738525390625 9.0978746414184570313 9.100254058837890625 9.1017971038818359375 9.1033239364624023438 9.104736328125 9.1093235015869140625 9.1157579421997070313 9.1187410354614257813 9.1182756423950195313 9.1154432296752929688 9.11038970947265625 9.1047391891479492188 9.0979633331298828125 9.090728759765625 9.0846090316772460938
-9999 -9999 -9999 -9999 -9999 -9999 -9999 -9999 -9999 -9999 9.1206998825073242188 9.1196746826171875 9.11614990234375 9.11200714111328125 9.0913238525390625 9.0577745437622070313 9.0341615676879882813 9.0240697860717773438 9.0242595672607421875 9.0279560089111328125 9.0371103286743164063 9.050853729248046875 9.061916351318359375 9.0692625045776367188 9.07326507568359375 9.0766353607177734375 9.0832853317260742188 9.089672088623046875 9.0934009552001953125 9.0955762863159179688 9.0978937149047851563 9.0995054244995117188 9.101848602294921875 9.1043376922607421875 9.108795166015625 9.1151952743530273438 9.1199808120727539063 9.1214818954467773438 9.120647430419921875 9.1176910400390625 9.1126108169555664063 9.1055002212524414063 9.0988330841064453125 9.093570709228515625
-9999 -9999 -9999 -9999 -9999 -9999 -9999 -9999 -9999 -9999 -9999 -9999 -9999 9.118427276611328125 9.1011381149291992188 9.0708990097045898438 9.0434083938598632813 9.0306501388549804688 9.0301275253295898438 9.0348672866821289063 9.0489091873168945313 9.0638227462768554688 9.0714139938354492188 9.0747671127319335938 9.0764141082763671875 9.07867431640625 9.083202362060546875 9.0879964828491210938 9.0914936065673828125 9.0938749313354492188 9.0961475372314453125 9.0977659225463867188 9.1003999710083007813 9.1035022735595703125 9.1075916290283203125 9.1132249832153320313 9.1195230484008789063 9.1234197616577148438 9.1250734329223632813 9.1248426437377929688 9.1199483871459960938 9.11224365234375 9.1055307388305664063 9.101047515869140625
-9999 -9999 -9999 -9999 -9999 -9999 -9999 -9999 -9999 -9999 -9999 -9999 -9999 -9999 9.1099386215209960938 9.0856189727783203125 9.0554552078247070313 9.0373029708862304688 9.033657073974609375 9.0386104583740234375 9.0572881698608398438 9.0750970840454101563 9.0824069976806640625 9.083404541015625 9.0831003189086914063 9.0834293365478515625 9.0848169326782226563 9.0875701904296875 9.0902729034423828125 9.093048095703125 9.095611572265625 9.0972146987915039063 9.0996341705322265625 9.1023464202880859375 9.10596466064453125 9.1114130020141601563 9.1189413070678710938 9.1248617172241210938 9.1290340423583984375 9.1313934326171875 9.1265544891357421875 9.118267059326171875 9.1119394302368164063 9.1089534759521484375
-9999 -9999 -9999 -9999 -9999 -9999 -9999 -9999 -9999 -9999 -9999 -9999 -9999 -9999 9.1246700286865234375 9.1034030914306640625 9.0711297988891601563 9.0475797653198242188 9.0395641326904296875 9.0425233840942382813 9.0617532730102539063 9.08209228515625 9.0908670425415039063 9.09259796142578125 9.0931997299194335938 9.0925092697143554688 9.0914182662963867188 9.091663360595703125 9.0920076370239257813 9.094112396240234375 9.0968503952026367188 9.098400115966796875 9.1006441116333007813 9.1029481887817382813 9.1057682037353515625 9.1125850677490234375 9.1230211257934570313 9.1305189132690429688 9.1357469558715820313 9.1384754180908203125 9.1332492828369140625 9.1250762939453125 9.1219110488891601563 9.1223783493041992188
9.0767421722412109375 -9999 -9999 -9999 -9999 -9999 -9999 -9999 -9999 -9999 -9999 -9999 -9999 -9999 9.13764190673828125 9.1198577880859375 9.0900793075561523438 9.0659580230712890625 9.0532684326171875 9.0521564483642578125 9.0684251785278320313 9.0864620208740234375 9.095611572265625 9.0998983383178710938 9.10210418701171875 9.1017675399780273438 9.101406097412109375 9.1014547348022460938 9.1005678176879882813 9.1012325286865234375 9.1031494140625 9.1039409637451171875 9.106136322021484375 9.108829498291015625 9.1118679046630859375 9.121105194091796875 9.136566162109375 9.1469182968139648438 9.150074005126953125 9.1479654312133789063 9.1406230926513671875 9.1345319747924804688 9.1394634246826171875 9.145355224609375
9.0838060379028320313 9.0902957916259765625 -9999 -9999 -9999 -9999 -9999 -9999 -9999 -9999 -9999 -9999 -9999 -9999 9.1454296112060546875 9.1332731246948242188 9.1098375320434570313 9.0883693695068359375 9.0724506378173828125 9.0670795440673828125 9.0774793624877929688 9.093357086181640625 9.1034154891967773438 9.10768890380859375 9.1080532073974609375 9.1078691482543945313 9.10799407958984375 9.1088228225708007813 9.11089324951171875 9.1125669479370117188 9.113773345947265625 9.1136798858642578125 9.1153135299682617188 9.1172313690185546875 9.1204080581665039063 9.1283597946166992188 9.1442918777465820313 9.1556758880615234375 9.1578283309936523438 9.1532106399536132813 9.1450052261352539063 9.1405763626098632813 9.1470155715942382813 9.1529836654663085938
9.0958948135375976563 9.1094350814819335938 9.1168394088745117188 -9999 -9999 -9999 -9999 -9999 -9999 -9999 -9999 -9999 -9999 -9999 9.1462917327880859375 9.1359043121337890625 9.1169795989990234375 9.0990886688232421875 9.0840959548950195313 9.078125 9.085163116455078125 9.1006994247436523438 9.1125850677490234375 9.116031646728515625 9.1130428314208984375 9.1112680435180664063 9.1100606918334960938 9.1106939315795898438 9.1145677566528320313 9.1188449859619140625 9.1219959259033203125 9.1234159469604492188 9.1250209808349609375 9.1250810623168945313 9.1260747909545898438 9.1320943832397460938 9.1469564437866210938 9.15814208984375 9.1607923507690429688 9.15802001953125 9.1511688232421875 9.1455869674682617188 9.1490383148193359375 9.154689788818359375
9.1120100021362304688 9.1235074996948242188 9.1387739181518554688 9.1486635208129882813 9.1523427963256835938 -9999 -9999 -9999 -9999 -9999 -9999 -9999 -9999 -9999 9.1465396881103515625 9.137371063232421875 9.1224231719970703125 9.1081781387329101563 9.095897674560546875 9.09051513671875 9.0949001312255859375 9.1096639633178710938 9.1223611831665039063 9.1255731582641601563 9.1202344894409179688 9.1167650222778320313 9.1133575439453125 9.1133394241333007813 9.1179018020629882813 9.1233167648315429688 9.1283130645751953125 9.1313762664794921875 9.1342535018920898438 9.1350727081298828125 9.1339063644409179688 9.136417388916015625 9.147075653076171875 9.1570796966552734375 9.1616468429565429688 9.163318634033203125 9.1594591140747070313 9.152713775634765625 9.1532182693481445313 9.1580419540405273438
9.1281976699829101563 9.137752532958984375 9.146739959716796875 9.1526117324829101563 9.1547822952270507813 -9999 -9999 -9999 -9999 -9999 -9999 -9999 -9999 -9999 9.1468229293823242188 9.1403551101684570313 9.1297807693481445313 9.119304656982421875 9.1114940643310546875 9.10717010498046875 9.1097240447998046875 9.1221179962158203125 9.1337995529174804688 9.137157440185546875 9.1312379837036132813 9.1262378692626953125 9.1207475662231445313 9.12015533447265625 9.1239986419677734375 9.1291494369506835938 9.1344709396362304688 9.1377801895141601563 9.1418161392211914063 9.1442060470581054688 9.1433458328247070313 9.1432065963745117188 9.1491804122924804688 9.1559305191040039063 9.162334442138671875 9.1692409515380859375 9.1695775985717773438 9.1632547378540039063 9.1633901596069335938 9.1664209365844726563
9.140033721923828125 9.14783477783203125 9.1541128158569335938 9.1570348739624023438 9.1575107574462890625 -9999 -9999 -9999 -9999 -9999 -9999 -9999 -9999 -9999 9.1475744247436523438 9.1438665390014648438 9.1361875534057617188 9.1283740997314453125 9.1237583160400390625 9.1198453903198242188 9.1237936019897460938 9.1351985931396484375 9.1463832855224609375 9.1504259109497070313 9.1440076828002929688 9.1381092071533203125 9.1324138641357421875 9.132122039794921875 9.1350488662719726563 9.13883209228515625 9.1431303024291992188 9.1455745697021484375 9.1486539840698242188 9.1504907608032226563 9.1503705978393554688 9.1505670547485351563 9.1547918319702148438 9.1588220596313476563 9.16580963134765625 9.17594146728515625 9.1793422698974609375 9.1739044189453125 9.1741495132446289063 9.1738576889038085938
9.148006439208984375 9.155185699462890625 9.1598949432373046875 9.1607103347778320313 9.1599740982055664063 -9999 -9999 -9999 -9999 -9999 -9999 -9999 -9999 -9999 -9999 -9999 -9999 -9999 -9999 -9999 9.14029693603515625 9.1444234848022460938 9.15634918212890625 9.1639118194580078125 9.1588144302368164063 9.1536149978637695313 9.1490688323974609375 9.1489515304565429688 9.151111602783203125 9.1536493301391601563 9.1567411422729492188 9.1577615737915039063 9.1581640243530273438 9.1578283309936523438 9.1570539474487304688 9.1570606231689453125 9.160175323486328125 9.1647996902465820313 9.1726217269897460938 9.1840457916259765625 9.1898336410522460938 9.1839475631713867188 9.177295684814453125 9.1720972061157226563
