INPUT/RASTER/ASCII/BIO15.asc
ncols        225
nrows        269
xllcorner    473009.983799999987
yllcorner    4429051.174800000153
cellsize     50.000000000000
NODATA_value -9999
[rows 228 to 246 of 269, columns 84 to 125 of 225]
53.6455535888671875 53.635845184326171875 53.62583160400390625 53.610553741455078125 53.59229278564453125 53.576416015625 53.543407440185546875 53.49445343017578125 53.453464508056640625 53.42464447021484375 53.3805694580078125 53.344989776611328125 53.328418731689453125 53.31390380859375 53.297672271728515625 53.287723541259765625 53.2747955322265625 53.270965576171875 53.27408599853515625 53.24951171875 53.20397186279296875 53.19359588623046875 53.213871002197265625 53.261302947998046875 53.3128662109375 53.338169097900390625 53.3301544189453125 53.31551361083984375 53.285404205322265625 53.252315521240234375 53.22480010986328125 53.181926727294921875 53.10649871826171875 53.028797149658203125 52.96360015869140625 52.897113800048828125 52.87468719482421875 52.865077972412109375 52.841182708740234375 52.8043670654296875 52.781589508056640625 52.762691497802734375
53.64251708984375 53.634456634521484375 53.62755584716796875 53.617832183837890625 53.604770660400390625 53.583438873291015625 53.542133331298828125 53.4953765869140625 53.46136474609375 53.438686370849609375 53.40537261962890625 53.38001251220703125 53.365734100341796875 53.34722137451171875 53.328433990478515625 53.31793212890625 53.3013153076171875 53.288448333740234375 53.285785675048828125 53.269565582275390625 53.2360076904296875 53.221042633056640625 53.223445892333984375 53.253345489501953125 53.301239013671875 53.32927703857421875 53.32293701171875 53.3096466064453125 53.286556243896484375 53.262493133544921875 53.235607147216796875 53.19023895263671875 53.113185882568359375 53.03589630126953125 52.973758697509765625 52.899021148681640625 52.858821868896484375 52.841548919677734375 52.819499969482421875 52.79154205322265625 52.77455902099609375 52.757938385009765625
53.639965057373046875 53.632152557373046875 53.625823974609375 53.618724822998046875 53.607601165771484375 53.586452484130859375 53.544933319091796875 53.499057769775390625 53.466709136962890625 53.44738006591796875 53.42298126220703125 53.407207489013671875 53.398433685302734375 53.382476806640625 53.364841461181640625 53.354686737060546875 53.338653564453125 53.3235321044921875 53.315441131591796875 53.298656463623046875 53.266613006591796875 53.24365997314453125 53.22052001953125 53.22161102294921875 53.26190948486328125 53.304424285888671875 53.3108062744140625 53.304279327392578125 53.29199981689453125 53.276210784912109375 53.247989654541015625 53.198009490966796875 53.123630523681640625 53.055484771728515625 53.000949859619140625 52.918689727783203125 52.850627899169921875 52.814693450927734375 52.7918243408203125 52.774242401123046875 52.764129638671875 52.752552032470703125
53.63730621337890625 53.627681732177734375 53.620616912841796875 53.614871978759765625 53.60602569580078125 53.58935546875 53.550815582275390625 53.500965118408203125 53.465167999267578125 53.44748687744140625 53.433650970458984375 53.42801666259765625 53.42450714111328125 53.419605255126953125 53.40926361083984375 53.398448944091796875 53.3761444091796875 53.359832763671875 53.353122711181640625 53.337421417236328125 53.297657012939453125 53.261943817138671875 53.211700439453125 53.190349578857421875 53.22829437255859375 53.2830810546875 53.300327301025390625 53.29846954345703125 53.284885406494140625 53.26230621337890625 53.23029327392578125 53.1821136474609375 53.115497589111328125 53.056514739990234375 53.009059906005859375 52.930419921875 52.85321044921875 52.806163787841796875 52.78168487548828125 52.766445159912109375 52.757938385009765625 52.7485198974609375
53.634929656982421875 53.624401092529296875 53.616794586181640625 53.61016082763671875 53.602153778076171875 53.588459014892578125 53.552944183349609375 53.500682830810546875 53.462940216064453125 53.446987152099609375 53.439228057861328125 53.439178466796875 53.437252044677734375 53.43532562255859375 53.4256744384765625 53.41192626953125 53.38570404052734375 53.369640350341796875 53.36537933349609375 53.353511810302734375 53.314968109130859375 53.27436065673828125 53.2107696533203125 53.177394866943359375 53.212238311767578125 53.268939971923828125 53.291027069091796875 53.29071044921875 53.2718963623046875 53.236423492431640625 53.19671630859375 53.151859283447265625 53.093353271484375 53.039463043212890625 52.994873046875 52.9203338623046875 52.847858428955078125 52.8013458251953125 52.7761993408203125 52.7620697021484375 52.75405120849609375 52.7445068359375
53.63028717041015625 53.619503021240234375 53.611743927001953125 53.60469818115234375 53.59711456298828125 53.585971832275390625 53.556072235107421875 53.505268096923828125 53.466922760009765625 53.451984405517578125 53.44629669189453125 53.447299957275390625 53.446014404296875 53.443851470947265625 53.433567047119140625 53.4192047119140625 53.3925018310546875 53.375995635986328125 53.372470855712890625 53.364044189453125 53.331005096435546875 53.291637420654296875 53.226207733154296875 53.188327789306640625 53.21717071533203125 53.268829345703125 53.28759765625 53.284275054931640625 53.256626129150390625 53.206508636474609375 53.15802001953125 53.113208770751953125 53.056949615478515625 53.00418853759765625 52.958770751953125 52.889583587646484375 52.832210540771484375 52.795200347900390625 52.771778106689453125 52.757781982421875 52.750019073486328125 52.74041748046875
53.6237030029296875 53.612712860107421875 53.60485076904296875 53.59729766845703125 53.5895538330078125 53.581668853759765625 53.558879852294921875 53.51271820068359375 53.474987030029296875 53.4601593017578125 53.45484161376953125 53.45574951171875 53.454624176025390625 53.452541351318359375 53.443302154541015625 53.43033599853515625 53.40545654296875 53.3872222900390625 53.381923675537109375 53.375736236572265625 53.34964752197265625 53.3174285888671875 53.26053619384765625 53.22209930419921875 53.241237640380859375 53.28153228759765625 53.291141510009765625 53.2812652587890625 53.242465972900390625 53.179126739501953125 53.121097564697265625 53.07077789306640625 53.007480621337890625 52.949398040771484375 52.90404510498046875 52.848041534423828125 52.8115386962890625 52.787136077880859375 52.767124176025390625 52.75305938720703125 52.745265960693359375 52.7366485595703125
53.617900848388671875 53.606899261474609375 53.598575592041015625 53.58998870849609375 53.581058502197265625 53.57402801513671875 53.5569915771484375 53.517818450927734375 53.482635498046875 53.46800994873046875 53.463397979736328125 53.464649200439453125 53.463504791259765625 53.461162567138671875 53.455410003662109375 53.444126129150390625 53.422672271728515625 53.40447235107421875 53.394069671630859375 53.3865509033203125 53.3667755126953125 53.341876983642578125 53.294368743896484375 53.255550384521484375 53.26284027099609375 53.292461395263671875 53.2977142333984375 53.28414154052734375 53.23935699462890625 53.17142486572265625 53.108341217041015625 53.048976898193359375 52.97496795654296875 52.9109039306640625 52.870777130126953125 52.82956695556640625 52.803073883056640625 52.783443450927734375 52.76493072509765625 52.750423431396484375 52.74170684814453125 52.7336273193359375
53.61444854736328125 53.605251312255859375 53.596744537353515625 53.586109161376953125 53.57364654541015625 53.563732147216796875 53.55281829833984375 53.5217437744140625 53.488376617431640625 53.474315643310546875 53.471050262451171875 53.4731903076171875 53.472076416015625 53.468379974365234375 53.465000152587890625 53.4557647705078125 53.439060211181640625 53.42438507080078125 53.409244537353515625 53.396022796630859375 53.37775421142578125 53.354747772216796875 53.3098907470703125 53.26983642578125 53.2664031982421875 53.290283203125 53.29949188232421875 53.28818511962890625 53.24626922607421875 53.1864013671875 53.126407623291015625 53.0642852783203125 52.993633270263671875 52.93691253662109375 52.9012298583984375 52.859523773193359375 52.821964263916015625 52.792354583740234375 52.768985748291015625 52.753276824951171875 52.7415771484375 52.730922698974609375
53.61180877685546875 53.608722686767578125 53.60231781005859375 53.58782958984375 53.568256378173828125 53.5558624267578125 53.55294036865234375 53.5286865234375 53.495769500732421875 53.481235504150390625 53.477878570556640625 53.479976654052734375 53.4782257080078125 53.473114013671875 53.4693145751953125 53.46142578125 53.44861602783203125 53.435970306396484375 53.418712615966796875 53.401386260986328125 53.382976531982421875 53.360355377197265625 53.316318511962890625 53.276859283447265625 53.26593017578125 53.282989501953125 53.291168212890625 53.280620574951171875 53.24584197998046875 53.19965362548828125 53.145114898681640625 53.088535308837890625 53.032726287841796875 52.986942291259765625 52.954105377197265625 52.90749359130859375 52.854709625244140625 52.807521820068359375 52.7738189697265625 52.755725860595703125 52.741001129150390625 52.728061676025390625
53.610126495361328125 53.60906219482421875 53.604572296142578125 53.58974456787109375 53.56749725341796875 53.55509185791015625 53.553802490234375 53.53224945068359375 53.502788543701171875 53.48874664306640625 53.483440399169921875 53.4830474853515625 53.480419158935546875 53.4749298095703125 53.47043609619140625 53.46308135986328125 53.45101165771484375 53.437023162841796875 53.418903350830078125 53.401432037353515625 53.385650634765625 53.36597442626953125 53.32521820068359375 53.287845611572265625 53.27486419677734375 53.281124114990234375 53.270843505859375 53.251689910888671875 53.22183990478515625 53.183231353759765625 53.134307861328125 53.08544921875 53.03948211669921875 52.999797821044921875 52.969745635986328125 52.9250335693359375 52.86992645263671875 52.812419891357421875 52.770824432373046875 52.752048492431640625 52.73754119873046875 52.726062774658203125
53.609394073486328125 53.604442596435546875 53.599269866943359375 53.587017059326171875 53.569263458251953125 53.55889892578125 53.550548553466796875 53.52820587158203125 53.504863739013671875 53.493511199951171875 53.4876556396484375 53.4854583740234375 53.48154449462890625 53.475719451904296875 53.470874786376953125 53.462894439697265625 53.449619293212890625 53.432750701904296875 53.413463592529296875 53.396213531494140625 53.382572174072265625 53.3665008544921875 53.33168792724609375 53.299991607666015625 53.289722442626953125 53.282444000244140625 53.24555206298828125 53.213748931884765625 53.180263519287109375 53.139659881591796875 53.0965423583984375 53.0531158447265625 53.0075531005859375 52.972858428955078125 52.9482269287109375 52.909030914306640625 52.85736846923828125 52.801177978515625 52.7622833251953125 52.746601104736328125 52.734302520751953125 52.7251434326171875
53.606922149658203125 53.59897613525390625 53.59256744384765625 53.58092498779296875 53.566280364990234375 53.557071685791015625 53.543460845947265625 53.519947052001953125 53.50104522705078125 53.4929046630859375 53.4890594482421875 53.486660003662109375 53.48114013671875 53.474117279052734375 53.468357086181640625 53.459491729736328125 53.4430389404296875 53.4221649169921875 53.40222930908203125 53.3869171142578125 53.376220703125 53.363208770751953125 53.335666656494140625 53.3107147216796875 53.297176361083984375 53.27130889892578125 53.212734222412109375 53.171009063720703125 53.1302947998046875 53.086334228515625 53.048290252685546875 53.007091522216796875 52.95748138427734375 52.923542022705078125 52.902996063232421875 52.87029266357421875 52.826671600341796875 52.78098297119140625 52.752086639404296875 52.740962982177734375 52.73192596435546875 52.724170684814453125
53.600677490234375 53.592388153076171875 53.585735321044921875 53.573833465576171875 53.559574127197265625 53.550067901611328125 53.53534698486328125 53.511989593505859375 53.495395660400390625 53.489894866943359375 53.488994598388671875 53.486301422119140625 53.478404998779296875 53.469860076904296875 53.463443756103515625 53.4525146484375 53.432064056396484375 53.40959930419921875 53.391475677490234375 53.3787078857421875 53.36959075927734375 53.35904693603515625 53.338104248046875 53.315723419189453125 53.290447235107421875 53.241535186767578125 53.1673126220703125 53.120937347412109375 53.07369232177734375 53.02459716796875 52.992290496826171875 52.955902099609375 52.905559539794921875 52.86956024169921875 52.84920501708984375 52.8228302001953125 52.792636871337890625 52.76210784912109375 52.742862701416015625 52.734771728515625 52.727954864501953125 52.72100067138671875
53.58647918701171875 53.58148956298828125 53.576839447021484375 53.56647491455078125 53.55338287353515625 53.542957305908203125 53.5284576416015625 53.50739288330078125 53.493122100830078125 53.48822021484375 53.48749542236328125 53.482585906982421875 53.47247314453125 53.46199798583984375 53.454639434814453125 53.44191741943359375 53.421718597412109375 53.403079986572265625 53.389041900634765625 53.3760833740234375 53.363216400146484375 53.35306549072265625 53.336273193359375 53.311832427978515625 53.268341064453125 53.196628570556640625 53.1124114990234375 53.063732147216796875 53.008312225341796875 52.952022552490234375 52.92746734619140625 52.90131378173828125 52.85655975341796875 52.820953369140625 52.800540924072265625 52.77964019775390625 52.76373291015625 52.7480621337890625 52.7350616455078125 52.728168487548828125 52.7212982177734375 52.7143402099609375
53.566173553466796875 53.566608428955078125 53.56543731689453125 53.557880401611328125 53.546512603759765625 53.535442352294921875 53.522167205810546875 53.506252288818359375 53.496551513671875 53.4897613525390625 53.4844207763671875 53.475048065185546875 53.462345123291015625 53.450237274169921875 53.441768646240234375 53.43004608154296875 53.4155426025390625 53.404712677001953125 53.393795013427734375 53.37613677978515625 53.35550689697265625 53.3429718017578125 53.32575225830078125 53.2957000732421875 53.23709869384765625 53.155239105224609375 53.069301605224609375 53.016937255859375 52.954143524169921875 52.90232086181640625 52.8854827880859375 52.86869049072265625 52.831859588623046875 52.80011749267578125 52.779918670654296875 52.7607269287109375 52.750331878662109375 52.74034881591796875 52.729339599609375 52.72284698486328125 52.714813232421875 52.707469940185546875
53.548892974853515625 53.55300140380859375 53.554935455322265625 53.54958343505859375 53.539157867431640625 53.528118133544921875 53.51546478271484375 53.502590179443359375 53.495849609375 53.489864349365234375 53.48282623291015625 53.470844268798828125 53.455310821533203125 53.44106292724609375 53.431781768798828125 53.422283172607421875 53.411563873291015625 53.4029083251953125 53.391132354736328125 53.369709014892578125 53.345073699951171875 53.33043670654296875 53.308849334716796875 53.2751617431640625 53.223663330078125 53.15383148193359375 53.073863983154296875 53.0192413330078125 52.947933197021484375 52.896221160888671875 52.87842559814453125 52.86167144775390625 52.832363128662109375 52.805294036865234375 52.777683258056640625 52.75450897216796875 52.743377685546875 52.73606109619140625 52.7263336181640625 52.718837738037109375 52.70922088623046875 52.702816009521484375
53.531276702880859375 53.53716278076171875 53.5417022705078125 53.539882659912109375 53.53208160400390625 53.52156829833984375 53.5095977783203125 53.498870849609375 53.49382781982421875 53.489093780517578125 53.4820709228515625 53.46795654296875 53.44918060302734375 53.433269500732421875 53.424381256103515625 53.416904449462890625 53.407405853271484375 53.397228240966796875 53.3826446533203125 53.358348846435546875 53.33188629150390625 53.31731414794921875 53.295619964599609375 53.263034820556640625 53.219417572021484375 53.163608551025390625 53.09909820556640625 53.053279876708984375 52.98946380615234375 52.938312530517578125 52.908367156982421875 52.883319854736328125 52.858074188232421875 52.83526611328125 52.797306060791015625 52.76544952392578125 52.747531890869140625 52.740085601806640625 52.73038482666015625 52.7200927734375 52.70818328857421875 52.702426910400390625
53.51654815673828125 53.52194976806640625 53.52626800537109375 53.527530670166015625 53.523914337158203125 53.514926910400390625 53.503875732421875 53.495784759521484375 53.49237823486328125 53.48836517333984375 53.482074737548828125 53.466350555419921875 53.44261932373046875 53.42586517333984375 53.418025970458984375 53.411998748779296875 53.40145111083984375 53.38843536376953125 53.369853973388671875 53.341678619384765625 53.314701080322265625 53.3039093017578125 53.28829193115234375 53.257762908935546875 53.21932220458984375 53.176822662353515625 53.130523681640625 53.097316741943359375 53.046840667724609375 52.997661590576171875 52.960330963134765625 52.92850494384765625 52.90389251708984375 52.884029388427734375 52.845302581787109375 52.8037567138671875 52.7716827392578125 52.76004791259765625 52.7479400634765625 52.732318878173828125 52.714935302734375 52.705997467041015625
