INPUT/RASTER/ASCII/BIO12.asc
ncols        225
nrows        269
xllcorner    473009.983799999987
yllcorner    4429051.174800000153
cellsize     50.000000000000
NODATA_value -9999
[rows 100 to 119 of 269, columns 46 to 91 of 225]
733.1385498046875 734.48553466796875 735.99884033203125 736.81658935546875 736.86492919921875 736.19134521484375 735.33270263671875 734.78955078125 734.233154296875 733.98529052734375 733.70611572265625 733.42425537109375 733.03131103515625 732.705810546875 732.23504638671875 731.597900390625 730.93853759765625 729.90972900390625 728.4212646484375 727.89959716796875 728.1597900390625 728.6422119140625 728.676025390625 728.36614990234375 727.1241455078125 726.50299072265625 726.1697998046875 724.3548583984375 722.18359375 720.5946044921875 719.717041015625 719.3876953125 719.56927490234375 720.1912841796875 720.931640625 721.311279296875 721.25836181640625 721.2232666015625 721.39923095703125 722.00390625 722.77679443359375 722.7130126953125 722.28369140625 722.1307373046875 721.842041015625 720.2364501953125
729.95574951171875 731.81707763671875 733.89849853515625 735.04144287109375 735.64471435546875 735.45849609375 734.722412109375 734.09197998046875 733.29052734375 733.02056884765625 733.02874755859375 732.882080078125 732.48291015625 732.14154052734375 731.657958984375 731.1510009765625 730.72161865234375 729.697265625 727.67999267578125 726.71148681640625 727.275390625 728.62005615234375 729.18304443359375 729.52081298828125 728.6885986328125 727.867431640625 726.718505859375 724.51165771484375 722.1829833984375 720.44573974609375 719.35089111328125 718.93310546875 719.1658935546875 719.76544189453125 720.193359375 720.380615234375 720.7296142578125 721.12371826171875 721.55657958984375 722.42218017578125 723.10247802734375 722.97088623046875 722.5787353515625 722.48370361328125 722.2359619140625 720.765380859375
727.54931640625 728.9962158203125 731.13165283203125 732.8480224609375 734.3209228515625 734.68707275390625 734.04974365234375 733.33544921875 732.34698486328125 732.07061767578125 732.3360595703125 732.3746337890625 732.04302978515625 731.68035888671875 731.11639404296875 730.62945556640625 730.4136962890625 729.61767578125 727.67547607421875 726.9571533203125 727.59918212890625 728.95196533203125 729.62188720703125 729.3685302734375 728.5128173828125 727.8406982421875 726.76361083984375 724.68548583984375 722.40771484375 720.47381591796875 718.9967041015625 718.3731689453125 718.58856201171875 719.1915283203125 719.42913818359375 719.5516357421875 720.41070556640625 721.55963134765625 722.30743408203125 723.0806884765625 723.54486083984375 723.54705810546875 723.26947021484375 723.1124267578125 722.6683349609375 721.029541015625
727.26092529296875 727.8046875 729.029296875 730.68365478515625 732.94073486328125 734.0458984375 733.60565185546875 732.58172607421875 731.2052001953125 730.99212646484375 731.5028076171875 731.81817626953125 731.75372314453125 731.457275390625 730.8719482421875 730.3443603515625 730.4171142578125 730.35980224609375 728.92364501953125 728.24456787109375 727.92352294921875 728.0748291015625 728.4647216796875 728.558349609375 728.07537841796875 727.61114501953125 726.86138916015625 725.38812255859375 723.410888671875 721.06298828125 718.88037109375 717.78857421875 717.7705078125 718.11767578125 718.26397705078125 718.5963134765625 720.0264892578125 721.92254638671875 722.98455810546875 723.73614501953125 724.114013671875 724.26251220703125 724.16485595703125 723.99774169921875 723.31427001953125 721.47509765625
727.46435546875 727.05950927734375 727.5841064453125 729.46923828125 732.22015380859375 733.949951171875 733.4957275390625 731.75311279296875 729.81640625 730.14306640625 730.9598388671875 731.486083984375 732.03753662109375 731.93939208984375 731.456298828125 730.922607421875 730.86224365234375 730.8746337890625 729.69720458984375 728.59918212890625 727.07275390625 726.49267578125 727.0933837890625 727.7950439453125 727.76788330078125 727.49041748046875 727.04443359375 726.21875 724.6669921875 722.07958984375 719.285888671875 717.5496826171875 717.013671875 716.87200927734375 717.052001953125 717.76513671875 719.55560302734375 721.76922607421875 723.16412353515625 724.30133056640625 724.8167724609375 724.9322509765625 724.7236328125 724.39501953125 723.8040771484375 722.92578125
727.2325439453125 726.12908935546875 726.2518310546875 728.2325439453125 730.83416748046875 732.46429443359375 731.84783935546875 730.4591064453125 729.47662353515625 730.68927001953125 731.63653564453125 731.7607421875 732.02349853515625 731.9610595703125 731.68328857421875 731.23388671875 730.81884765625 730.2445068359375 729.03533935546875 727.8543701171875 725.9410400390625 725.1817626953125 726.18109130859375 727.34979248046875 727.6485595703125 727.5064697265625 727.17254638671875 726.5335693359375 725.23553466796875 722.914794921875 720.09375 717.91668701171875 716.76519775390625 716.112548828125 716.46844482421875 717.560791015625 719.55499267578125 721.604736328125 723.31585693359375 724.9937744140625 725.843994140625 725.70086669921875 724.98651123046875 724.27880859375 724.2496337890625 725.6104736328125
726.78961181640625 725.57708740234375 725.2479248046875 726.51513671875 728.31719970703125 729.35833740234375 728.8621826171875 728.5142822265625 729.1024169921875 730.8331298828125 731.62945556640625 731.40325927734375 731.17681884765625 731.11431884765625 731.0177001953125 730.6956787109375 730.2779541015625 729.52935791015625 728.285888671875 727.17010498046875 725.234619140625 724.178955078125 725.11077880859375 726.66265869140625 727.2813720703125 727.25958251953125 727.00128173828125 726.41607666015625 725.2078857421875 723.19287109375 720.6466064453125 718.40765380859375 716.8314208984375 715.8165283203125 716.27777099609375 717.683837890625 719.89459228515625 721.67083740234375 723.3680419921875 725.47845458984375 726.922607421875 726.5494384765625 725.35394287109375 724.33905029296875 724.9024658203125 727.986083984375
726.08740234375 725.1168212890625 724.61859130859375 725.142822265625 726.013916015625 726.59918212890625 726.50335693359375 726.65484619140625 727.8565673828125 729.6326904296875 730.12628173828125 730.01922607421875 730.18206787109375 730.3707275390625 730.3836669921875 730.18072509765625 729.7562255859375 728.92724609375 727.640869140625 726.58758544921875 724.55657958984375 722.94427490234375 723.4461669921875 725.31317138671875 726.324462890625 726.447509765625 726.31536865234375 725.81317138671875 724.59295654296875 722.7484130859375 720.4830322265625 718.35198974609375 716.71685791015625 715.6990966796875 716.3001708984375 718.00054931640625 720.21990966796875 721.74761962890625 723.14154052734375 725.28009033203125 727.34588623046875 727.18817138671875 725.91571044921875 724.73974609375 725.5028076171875 729.1824951171875
725.50762939453125 724.81878662109375 724.3001708984375 724.34576416015625 724.60235595703125 724.8892822265625 724.98565673828125 725.2254638671875 726.17926025390625 727.32696533203125 727.63330078125 727.99609375 729.02825927734375 729.70819091796875 730.03515625 729.92059326171875 729.34088134765625 728.42828369140625 727.177001953125 726.0765380859375 723.8470458984375 721.66595458984375 721.55908203125 723.3603515625 724.34368896484375 724.4219970703125 724.39471435546875 724.2069091796875 723.09820556640625 721.3895263671875 719.4246826171875 717.55230712890625 716.11224365234375 715.52001953125 716.51092529296875 718.316162109375 720.155029296875 721.35595703125 722.59002685546875 724.73785400390625 727.19287109375 727.45294189453125 726.6357421875 725.91168212890625 726.75750732421875 729.54144287109375
725.02880859375 724.4217529296875 723.8138427734375 723.6007080078125 723.6331787109375 723.6328125 723.57000732421875 723.59368896484375 723.8734130859375 724.3848876953125 725.0413818359375 726.3394775390625 728.3262939453125 729.4898681640625 729.9329833984375 729.7294921875 729.08837890625 728.10040283203125 726.66143798828125 725.4183349609375 723.06268310546875 720.55523681640625 719.792724609375 721.4451904296875 722.46435546875 722.4892578125 722.37359619140625 721.990478515625 720.79034423828125 719.2591552734375 717.64044189453125 716.25701904296875 715.3902587890625 715.48175048828125 716.7645263671875 718.31146240234375 719.63653564453125 720.5345458984375 721.7166748046875 723.6558837890625 725.994140625 726.54705810546875 726.1326904296875 726.009033203125 726.95269775390625 728.3504638671875
724.5838623046875 723.838134765625 722.95196533203125 722.6163330078125 722.57806396484375 722.4027099609375 722.11199951171875 721.90032958984375 721.7601318359375 722.11578369140625 723.25 725.367431640625 727.9769287109375 729.43048095703125 729.81097412109375 729.51654052734375 728.9102783203125 727.853515625 726.06207275390625 724.6292724609375 722.219482421875 719.55364990234375 718.1280517578125 719.48577880859375 720.7906494140625 721.02899169921875 720.7984619140625 719.96551513671875 718.48382568359375 716.98284912109375 715.6182861328125 714.7454833984375 714.63470458984375 715.3720703125 716.656982421875 717.91534423828125 718.97479248046875 719.70538330078125 720.63690185546875 722.071533203125 723.827880859375 724.3189697265625 724.2269287109375 724.34564208984375 725.16021728515625 726.0751953125
724.27642822265625 723.2200927734375 722.0430908203125 721.661865234375 721.5992431640625 721.416015625 721.07281494140625 720.7906494140625 720.53955078125 720.9351806640625 722.29522705078125 724.68072509765625 727.24615478515625 728.90753173828125 729.49163818359375 729.21258544921875 728.61236572265625 727.48565673828125 725.57269287109375 724.0843505859375 721.6263427734375 718.8841552734375 717.04742431640625 717.7139892578125 719.11700439453125 719.71636962890625 719.6826171875 718.70452880859375 716.8507080078125 715.29620361328125 714.11370849609375 713.5338134765625 713.82403564453125 714.9415283203125 716.25140380859375 717.5157470703125 718.52435302734375 719.08331298828125 719.70703125 720.74468994140625 721.96124267578125 722.47637939453125 722.76678466796875 722.8489990234375 723.13067626953125 723.6937255859375
723.71539306640625 722.61419677734375 721.4954833984375 721.10565185546875 721.030517578125 720.8067626953125 720.3577880859375 720.07501220703125 719.8109130859375 720.114501953125 721.45941162109375 723.9578857421875 726.12957763671875 727.86163330078125 728.81939697265625 728.62921142578125 728.03765869140625 726.98199462890625 725.13043212890625 723.6533203125 721.33917236328125 718.78363037109375 716.5140380859375 715.9952392578125 717.1290283203125 718.03192138671875 718.312744140625 717.3465576171875 715.3338623046875 713.84588623046875 712.8558349609375 712.51312255859375 712.98944091796875 714.45037841796875 715.92181396484375 717.2642822265625 718.1331787109375 718.48944091796875 718.9307861328125 719.75799560546875 720.74786376953125 721.45367431640625 721.85577392578125 721.85382080078125 721.7955322265625 722.1094970703125
722.57623291015625 721.76397705078125 720.94122314453125 720.59930419921875 720.49237060546875 720.29998779296875 719.8521728515625 719.5772705078125 719.33001708984375 719.4688720703125 720.6236572265625 723.134033203125 725.14312744140625 726.6556396484375 727.82196044921875 727.79730224609375 727.2939453125 726.47247314453125 724.8212890625 723.37762451171875 721.31689453125 719.2823486328125 716.67486572265625 714.760498046875 715.1329345703125 715.97222900390625 716.41278076171875 715.7183837890625 714.007568359375 712.487060546875 711.7674560546875 711.9261474609375 712.7554931640625 714.40704345703125 715.9444580078125 717.02789306640625 717.5938720703125 717.8231201171875 718.1455078125 718.77154541015625 719.88555908203125 720.92254638671875 721.37249755859375 721.396484375 721.349609375 721.56634521484375
721.3778076171875 720.8465576171875 720.23779296875 719.95086669921875 719.808349609375 719.6866455078125 719.3955078125 719.18756103515625 718.97314453125 719.02606201171875 720.03167724609375 722.29632568359375 723.99957275390625 725.3111572265625 726.673583984375 726.786376953125 726.42523193359375 725.83258056640625 724.56707763671875 723.3619384765625 721.6322021484375 720.040771484375 717.50799560546875 714.49432373046875 713.83892822265625 714.29193115234375 714.75811767578125 714.395751953125 712.873779296875 711.3114013671875 711.02490234375 711.82366943359375 713.166748046875 714.57391357421875 715.83343505859375 716.661376953125 717.03314208984375 717.18035888671875 717.37725830078125 717.8177490234375 719.20831298828125 720.66357421875 721.34149169921875 721.46392822265625 721.42877197265625 721.58294677734375
720.96966552734375 720.57611083984375 720.10223388671875 719.86505126953125 719.79248046875 719.75799560546875 719.59381103515625 719.2147216796875 718.75726318359375 718.7647705078125 719.6737060546875 721.7408447265625 723.25738525390625 724.377685546875 725.5849609375 725.66265869140625 725.34515380859375 724.922607421875 724.08782958984375 723.24993896484375 721.8955078125 720.4742431640625 718.1607666015625 714.73681640625 712.981201171875 712.97357177734375 713.41656494140625 713.02301025390625 711.56573486328125 710.44866943359375 710.697265625 711.716064453125 713.2235107421875 714.19140625 715.080810546875 715.99951171875 716.33392333984375 716.35943603515625 716.69342041015625 717.40081787109375 718.89093017578125 720.41107177734375 721.15289306640625 721.2431640625 721.20758056640625 721.42706298828125
722.83831787109375 722.33056640625 721.9180908203125 721.85699462890625 722.0103759765625 722.14990234375 721.99664306640625 720.69451904296875 719.30950927734375 719.36395263671875 720.27752685546875 722.2010498046875 723.3834228515625 723.93890380859375 724.23651123046875 723.994384765625 723.81451416015625 723.72491455078125 723.34954833984375 722.83001708984375 721.76513671875 720.3145751953125 717.98712158203125 714.490478515625 712.0484619140625 711.52587890625 711.5836181640625 711.1405029296875 710.05230712890625 709.50250244140625 710.1993408203125 711.250244140625 712.54425048828125 713.370849609375 714.21722412109375 715.06610107421875 715.09588623046875 714.9830322265625 715.84625244140625 716.97552490234375 718.55450439453125 720.00732421875 720.47271728515625 720.37451171875 720.3597412109375 720.67578125
723.369140625 722.80322265625 722.53125 722.81072998046875 723.27862548828125 723.59539794921875 723.59765625 722.9310302734375 722.36956787109375 722.656005859375 723.40814208984375 724.416015625 724.116943359375 723.54522705078125 722.87347412109375 722.3828125 722.46087646484375 722.651123046875 722.486083984375 722.12847900390625 721.21014404296875 719.72698974609375 717.33251953125 714.1025390625 711.67938232421875 710.779296875 710.10894775390625 709.3267822265625 708.57269287109375 708.3515625 709.1453857421875 710.0390625 711.184326171875 712.312255859375 713.25177001953125 713.60870361328125 713.25958251953125 713.46417236328125 714.96917724609375 716.306884765625 717.828125 719.1611328125 719.29327392578125 718.9893798828125 718.99346923828125 719.30889892578125
721.7274169921875 721.437744140625 721.5843505859375 722.3564453125 723.13818359375 723.646484375 723.870849609375 724.04144287109375 724.42230224609375 724.8275146484375 725.34613037109375 726.04931640625 725.8165283203125 723.98516845703125 721.83270263671875 721.13629150390625 721.50701904296875 721.82196044921875 721.70489501953125 721.38720703125 720.46881103515625 718.956787109375 716.7279052734375 713.95843505859375 711.683837890625 710.560546875 709.35992431640625 708.07940673828125 707.426025390625 707.54095458984375 708.158203125 708.71282958984375 709.67083740234375 711.07977294921875 711.8345947265625 711.4910888671875 711.533447265625 712.62591552734375 714.251708984375 715.52349853515625 716.7611083984375 717.77374267578125 717.879150390625 717.64105224609375 717.6734619140625 717.82012939453125
719.94268798828125 720.05377197265625 720.84912109375 722.18194580078125 723.19580078125 723.87908935546875 724.239990234375 724.521484375 724.87890625 725.12890625 725.3824462890625 725.92877197265625 726.2515869140625 724.79766845703125 721.46429443359375 720.18841552734375 720.77923583984375 721.14080810546875 721.0474853515625 720.7845458984375 719.9052734375 718.24371337890625 716.1456298828125 713.71728515625 711.39208984375 710.105224609375 708.70062255859375 707.29840087890625 706.807373046875 707.1253662109375 707.587158203125 707.925537109375 708.66192626953125 709.909423828125 710.20635986328125 709.49072265625 710.3486328125 712.08941650390625 713.38800048828125 714.55999755859375 715.661376953125 716.3048095703125 716.47161865234375 716.45306396484375 716.60992431640625 716.75616455078125
