INPUT/RASTER/ASCII/BIO17.asc
ncols        225
nrows        269
xllcorner    473009.983799999987
yllcorner    4429051.174800000153
cellsize     50.000000000000
NODATA_value -9999
[rows 152 to 170 of 269, columns 42 to 83 of 225]
24.471157073974609375 24.51513671875 24.560392379760742188 24.59222412109375 24.622529983520507813 24.676710128784179688 24.741634368896484375 24.777021408081054688 24.767391204833984375 24.725189208984375 24.593828201293945313 24.440832138061523438 24.36322021484375 24.372674942016601563 24.432451248168945313 24.435779571533203125 24.363409042358398438 24.296581268310546875 24.351697921752929688 24.28090667724609375 24.0099029541015625 23.945209503173828125 23.956720352172851563 23.97043609619140625 23.981784820556640625 24.034368515014648438 24.117261886596679688 24.157758712768554688 24.178003311157226563 24.222246170043945313 24.296190261840820313 24.367557525634765625 24.399545669555664063 24.399723052978515625 24.396768569946289063 24.372806549072265625 24.324392318725585938 24.334323883056640625 24.421100616455078125 24.497713088989257813 24.53743743896484375 24.557168960571289063
24.410226821899414063 24.455068588256835938 24.497333526611328125 24.529878616333007813 24.571672439575195313 24.633655548095703125 24.684413909912109375 24.69655609130859375 24.659727096557617188 24.591409683227539063 24.360599517822265625 24.084320068359375 23.951528549194335938 23.982763290405273438 24.136913299560546875 24.241735458374023438 24.204683303833007813 24.187223434448242188 24.261289596557617188 24.076801300048828125 23.904392242431640625 23.885128021240234375 23.893968582153320313 23.902744293212890625 23.90215301513671875 23.940935134887695313 24.025617599487304688 24.081340789794921875 24.112674713134765625 24.162883758544921875 24.229015350341796875 24.295299530029296875 24.324056625366210938 24.325025558471679688 24.3160400390625 24.279294967651367188 24.238605499267578125 24.277950286865234375 24.3650665283203125 24.427850723266601563 24.46025848388671875 24.48557281494140625
24.357225418090820313 24.405660629272460938 24.44562530517578125 24.473865509033203125 24.519775390625 24.5838165283203125 24.617481231689453125 24.598217010498046875 24.523965835571289063 24.43036651611328125 24.14475250244140625 23.808038711547851563 23.648651123046875 23.704484939575195313 23.868051528930664063 23.960742950439453125 23.9441375732421875 24.003778457641601563 24.172161102294921875 23.961626052856445313 23.853490829467773438 23.871126174926757813 23.8814239501953125 23.87946319580078125 23.840044021606445313 23.831632614135742188 23.926280975341796875 24.016998291015625 24.062932968139648438 24.122732162475585938 24.183431625366210938 24.239582061767578125 24.262022018432617188 24.25818634033203125 24.240804672241210938 24.19118499755859375 24.161611557006835938 24.232789993286132813 24.326074600219726563 24.379663467407226563 24.402307510375976563 24.425176620483398438
24.29512786865234375 24.3567962646484375 24.402128219604492188 24.4259796142578125 24.465806961059570313 24.517358779907226563 24.518629074096679688 24.447809219360351563 24.303678512573242188 24.167585372924804688 23.881977081298828125 23.559909820556640625 23.403570175170898438 23.459781646728515625 23.581834793090820313 23.627832412719726563 23.640565872192382813 23.78571319580078125 24.055913925170898438 23.905517578125 23.816381454467773438 23.848907470703125 23.86685943603515625 23.8669281005859375 23.816221237182617188 23.766820907592773438 23.844356536865234375 23.958599090576171875 24.01233673095703125 24.071992874145507813 24.122266769409179688 24.16357421875 24.176885604858398438 24.159809112548828125 24.13416290283203125 24.084825515747070313 24.090789794921875 24.192548751831054688 24.28287506103515625 24.323820114135742188 24.338262557983398438 24.35948944091796875
24.2159423828125 24.289499282836914063 24.345434188842773438 24.372018814086914063 24.404376983642578125 24.411100387573242188 24.329565048217773438 24.183055877685546875 23.988275527954101563 23.839376449584960938 23.601192474365234375 23.3683013916015625 23.249301910400390625 23.27544403076171875 23.352710723876953125 23.421772003173828125 23.504194259643554688 23.724275588989257813 24.008777618408203125 23.864999771118164063 23.775655746459960938 23.803562164306640625 23.820032119750976563 23.822771072387695313 23.788702011108398438 23.747335433959960938 23.8105621337890625 23.917266845703125 23.963430404663085938 24.0057220458984375 24.037538528442382813 24.0643310546875 24.054719924926757813 24.012073516845703125 23.980525970458984375 23.966909408569335938 24.036127090454101563 24.158334732055664063 24.23085784912109375 24.255044937133789063 24.265199661254882813 24.290891647338867188
24.163238525390625 24.220249176025390625 24.26336669921875 24.287052154541015625 24.317323684692382813 24.277521133422851563 24.104999542236328125 23.889179229736328125 23.688524246215820313 23.558231353759765625 23.368358612060546875 23.231143951416015625 23.163860321044921875 23.174093246459960938 23.26065826416015625 23.415842056274414063 23.553159713745117188 23.783945083618164063 24.007333755493164063 23.84091949462890625 23.735919952392578125 23.742837905883789063 23.754556655883789063 23.765092849731445313 23.751529693603515625 23.738025665283203125 23.788875579833984375 23.8705596923828125 23.909845352172851563 23.939020156860351563 23.949701309204101563 23.94484710693359375 23.892299652099609375 23.8392181396484375 23.82840728759765625 23.876344680786132813 23.993747711181640625 24.107885360717773438 24.158975601196289063 24.166996002197265625 24.171754837036132813 24.202260971069335938
24.126529693603515625 24.161602020263671875 24.186611175537109375 24.203184127807617188 24.220228195190429688 24.153291702270507813 23.943319320678710938 23.689504623413085938 23.484819412231445313 23.365167617797851563 23.205312728881835938 23.107982635498046875 23.080991744995117188 23.130586624145507813 23.284013748168945313 23.503290176391601563 23.644426345825195313 23.806346893310546875 23.870985031127929688 23.724811553955078125 23.6664581298828125 23.670045852661132813 23.680654525756835938 23.69644927978515625 23.711475372314453125 23.73332977294921875 23.779596328735351563 23.832988739013671875 23.8621826171875 23.885332107543945313 23.879732131958007813 23.8213043212890625 23.730760574340820313 23.698215484619140625 23.725381851196289063 23.831670761108398438 23.966840744018554688 24.051971435546875 24.078748703002929688 24.070011138916015625 24.063076019287109375 24.089649200439453125
24.091094970703125 24.111166000366210938 24.12438201904296875 24.132627487182617188 24.13758087158203125 24.070247650146484375 23.867099761962890625 23.60433197021484375 23.379148483276367188 23.242839813232421875 23.081205368041992188 22.99747467041015625 23.004116058349609375 23.110820770263671875 23.338085174560546875 23.574840545654296875 23.677288055419921875 23.7664794921875 23.676380157470703125 23.56256866455078125 23.575315475463867188 23.58795928955078125 23.598150253295898438 23.618684768676757813 23.669956207275390625 23.72875213623046875 23.777233123779296875 23.808155059814453125 23.82586669921875 23.838655471801757813 23.820569992065429688 23.719970703125 23.620370864868164063 23.633380889892578125 23.6903839111328125 23.815549850463867188 23.94589996337890625 24.007417678833007813 24.012493133544921875 23.982938766479492188 23.9552459716796875 23.96718597412109375
24.058563232421875 24.071872711181640625 24.078929901123046875 24.083551406860351563 24.087778091430664063 24.043100357055664063 23.8686981201171875 23.606184005737304688 23.358129501342773438 23.202020645141601563 23.01950836181640625 22.936054229736328125 22.963895797729492188 23.103878021240234375 23.38082122802734375 23.603525161743164063 23.64562225341796875 23.694059371948242188 23.570323944091796875 23.432254791259765625 23.476806640625 23.515794754028320313 23.541242599487304688 23.576877593994140625 23.64884185791015625 23.721467971801757813 23.769708633422851563 23.793432235717773438 23.803022384643554688 23.799831390380859375 23.758563995361328125 23.636400222778320313 23.545970916748046875 23.586061477661132813 23.66054534912109375 23.784425735473632813 23.89623260498046875 23.9434051513671875 23.941217422485351563 23.895999908447265625 23.84500885009765625 23.838159561157226563
24.022481918334960938 24.035503387451171875 24.042047500610351563 24.047365188598632813 24.058345794677734375 24.038759231567382813 23.880105972290039063 23.605607986450195313 23.3429718017578125 23.178701400756835938 22.988618850708007813 22.9029541015625 22.936975479125976563 23.08438873291015625 23.362583160400390625 23.556674957275390625 23.562334060668945313 23.599369049072265625 23.449329376220703125 23.271427154541015625 23.3947601318359375 23.478567123413085938 23.529680252075195313 23.58249664306640625 23.649572372436523438 23.710010528564453125 23.75406646728515625 23.779544830322265625 23.781955718994140625 23.762495040893554688 23.699493408203125 23.575916290283203125 23.498891830444335938 23.534952163696289063 23.604890823364257813 23.71221923828125 23.801240921020507813 23.84572601318359375 23.854444503784179688 23.8074188232421875 23.75016021728515625 23.748369216918945313
23.983867645263671875 24.00054931640625 24.008205413818359375 24.017339706420898438 24.03058624267578125 23.998050689697265625 23.82469940185546875 23.561658859252929688 23.310953140258789063 23.14202880859375 22.949831008911132813 22.865907669067382813 22.895416259765625 23.022552490234375 23.222398757934570313 23.35771942138671875 23.388538360595703125 23.479448318481445313 23.30814361572265625 23.183656692504882813 23.41168975830078125 23.51117706298828125 23.55945587158203125 23.607538223266601563 23.653484344482421875 23.699108123779296875 23.737155914306640625 23.757598876953125 23.755748748779296875 23.730260848999023438 23.662996292114257813 23.543155670166015625 23.46541595458984375 23.480093002319335938 23.528530120849609375 23.617181777954101563 23.692361831665039063 23.741918563842773438 23.758174896240234375 23.696359634399414063 23.648038864135742188 23.697292327880859375
23.946626663208007813 23.96675872802734375 23.977169036865234375 23.991466522216796875 24.003114700317382813 23.943614959716796875 23.738323211669921875 23.483667373657226563 23.245405197143554688 23.076784133911132813 22.89417266845703125 22.815656661987304688 22.835994720458984375 22.9212188720703125 23.044219970703125 23.169261932373046875 23.284009933471679688 23.4283599853515625 23.241298675537109375 23.2227935791015625 23.459459304809570313 23.54645538330078125 23.5811309814453125 23.617727279663085938 23.650287628173828125 23.686420440673828125 23.717103958129882813 23.730894088745117188 23.728609085083007813 23.706007003784179688 23.647020339965820313 23.522699356079101563 23.429544448852539063 23.424268722534179688 23.45851898193359375 23.53699493408203125 23.61174774169921875 23.66558074951171875 23.678735733032226563 23.6062164306640625 23.567035675048828125 23.642465591430664063
23.9084014892578125 23.928903579711914063 23.943418502807617188 23.95937347412109375 23.974966049194335938 23.92527008056640625 23.7022705078125 23.416553497314453125 23.166200637817382813 23.01639556884765625 22.8900299072265625 22.832366943359375 22.807531356811523438 22.8343048095703125 23.010606765747070313 23.240015029907226563 23.423015594482421875 23.504070281982421875 23.284015655517578125 23.324499130249023438 23.470088958740234375 23.52747344970703125 23.565122604370117188 23.60027313232421875 23.626440048217773438 23.6548004150390625 23.681163787841796875 23.693593978881835938 23.69620513916015625 23.6832427978515625 23.63897705078125 23.515872955322265625 23.393102645874023438 23.357576370239257813 23.371063232421875 23.430620193481445313 23.505725860595703125 23.566869735717773438 23.588176727294921875 23.525995254516601563 23.473768234252929688 23.509418487548828125
23.861543655395507813 23.877227783203125 23.892681121826171875 23.909704208374023438 23.934923171997070313 23.890279769897460938 23.630825042724609375 23.324115753173828125 23.103555679321289063 23.019372940063476563 23.026422500610351563 23.038568496704101563 22.919759750366210938 22.836751937866210938 23.085315704345703125 23.395692825317382813 23.567037582397460938 23.566493988037109375 23.33602142333984375 23.382585525512695313 23.467569351196289063 23.5065460205078125 23.5452423095703125 23.58286285400390625 23.605619430541992188 23.62622833251953125 23.649366378784179688 23.662611007690429688 23.667093276977539063 23.661844253540039063 23.630832672119140625 23.520326614379882813 23.38117218017578125 23.311296463012695313 23.292926788330078125 23.317144393920898438 23.372829437255859375 23.434635162353515625 23.47811126708984375 23.452417373657226563 23.40314483642578125 23.388629913330078125
23.828294754028320313 23.83907318115234375 23.853412628173828125 23.869665145874023438 23.897306442260742188 23.84311676025390625 23.565216064453125 23.285409927368164063 23.118570327758789063 23.077264785766601563 23.160985946655273438 23.228662490844726563 23.03369140625 22.854869842529296875 23.131816864013671875 23.471820831298828125 23.617143630981445313 23.576547622680664063 23.350679397583007813 23.391475677490234375 23.46309661865234375 23.498365402221679688 23.533411026000976563 23.5717926025390625 23.595754623413085938 23.61211395263671875 23.627626419067382813 23.638700485229492188 23.640880584716796875 23.636980056762695313 23.613744735717773438 23.523281097412109375 23.387311935424804688 23.293041229248046875 23.249401092529296875 23.237422943115234375 23.262157440185546875 23.308254241943359375 23.36983489990234375 23.3987274169921875 23.378753662109375 23.333086013793945313
23.809072494506835938 23.816572189331054688 23.8256683349609375 23.8408050537109375 23.866191864013671875 23.803579330444335938 23.547149658203125 23.304315567016601563 23.148326873779296875 23.094671249389648438 23.161869049072265625 23.2144317626953125 23.006404876708984375 22.852106094360351563 23.144062042236328125 23.470605850219726563 23.612415313720703125 23.564298629760742188 23.343152999877929688 23.382017135620117188 23.454801559448242188 23.493694305419921875 23.527021408081054688 23.562227249145507813 23.586107254028320313 23.602924346923828125 23.61142730712890625 23.614288330078125 23.612468719482421875 23.608076095581054688 23.5908050537109375 23.52178955078125 23.396764755249023438 23.293996810913085938 23.24066925048828125 23.204212188720703125 23.198902130126953125 23.216106414794921875 23.273773193359375 23.344240188598632813 23.352550506591796875 23.291934967041015625
23.78949737548828125 23.790307998657226563 23.785390853881835938 23.797777175903320313 23.824703216552734375 23.75240325927734375 23.5030364990234375 23.26470947265625 23.085290908813476563 23.00922393798828125 23.044498443603515625 23.0428924560546875 22.882831573486328125 22.860467910766601563 23.190740585327148438 23.482103347778320313 23.59659576416015625 23.50617218017578125 23.317235946655273438 23.363254547119140625 23.444169998168945313 23.489383697509765625 23.525341033935546875 23.556713104248046875 23.574451446533203125 23.588964462280273438 23.592464447021484375 23.591444015502929688 23.585521697998046875 23.579326629638671875 23.566661834716796875 23.5180816650390625 23.414844512939453125 23.322601318359375 23.270343780517578125 23.218030929565429688 23.185235977172851563 23.166828155517578125 23.184539794921875 23.250446319580078125 23.274263381958007813 23.225341796875
23.75905609130859375 23.738819122314453125 23.708978652954101563 23.706979751586914063 23.714693069458007813 23.592502593994140625 23.318630218505859375 23.076189041137695313 22.9056854248046875 22.84397125244140625 22.864088058471679688 22.843538284301757813 22.800304412841796875 22.956104278564453125 23.331346511840820313 23.579250335693359375 23.600490570068359375 23.3473358154296875 23.26662445068359375 23.351879119873046875 23.437976837158203125 23.486665725708007813 23.526218414306640625 23.552042007446289063 23.561883926391601563 23.570772171020507813 23.571031570434570313 23.566305160522460938 23.559850692749023438 23.552305221557617188 23.543727874755859375 23.516275405883789063 23.447963714599609375 23.384138107299804688 23.34174346923828125 23.2873992919921875 23.245349884033203125 23.182056427001953125 23.12784576416015625 23.11865234375 23.123983383178710938 23.109714508056640625
23.700847625732421875 23.595628738403320313 23.49890899658203125 23.452646255493164063 23.381855010986328125 23.175991058349609375 22.903692245483398438 22.705236434936523438 22.6174163818359375 22.628549575805664063 22.729022979736328125 22.855466842651367188 22.986301422119140625 23.200986862182617188 23.480373382568359375 23.637523651123046875 23.654912948608398438 23.356405258178710938 23.27146148681640625 23.344146728515625 23.415401458740234375 23.458406448364257813 23.502023696899414063 23.525957107543945313 23.53162384033203125 23.537500381469726563 23.534221649169921875 23.5300445556640625 23.5280609130859375 23.527009963989257813 23.528017044067382813 23.522480010986328125 23.496530532836914063 23.469537734985351563 23.44925689697265625 23.415216445922851563 23.3746337890625 23.276685714721679688 23.174259185791015625 23.11347198486328125 23.082410812377929688 23.05853271484375
