INPUT/RASTER/ASCII/BIO15.asc
ncols        225
nrows        269
xllcorner    473000.000000000000
yllcorner    4429100.000000000000
cellsize     50.000000000000
NODATA_value -9999
[rows 200 to 219 of 269, columns 45 to 89 of 225]
53.76812744140625 53.710323333740234375 53.660137176513671875 53.636112213134765625 53.616886138916015625 53.605373382568359375 53.610523223876953125 53.65561676025390625 53.682407379150390625 53.8061981201171875 53.8459014892578125 53.8451690673828125 53.82720947265625 53.808536529541015625 53.770416259765625 53.70917510986328125 53.6463775634765625 53.59615325927734375 53.5864410400390625 53.5568084716796875 53.545406341552734375 53.51329803466796875 53.471607208251953125 53.451934814453125 53.426418304443359375 53.4075469970703125 53.385883331298828125 53.36685943603515625 53.358631134033203125 53.34978485107421875 53.347808837890625 53.33838653564453125 53.34189605712890625 53.37450408935546875 53.419811248779296875 53.41863250732421875 53.407161712646484375 53.377513885498046875 53.337757110595703125 53.279449462890625 53.238697052001953125 53.215862274169921875 53.212520599365234375 53.2025146484375 53.192462921142578125
53.85080718994140625 53.774383544921875 53.66724395751953125 53.630123138427734375 53.638576507568359375 53.65212249755859375 53.664813995361328125 53.7060394287109375 53.723491668701171875 53.834686279296875 53.840999603271484375 53.8384246826171875 53.804931640625 53.769252777099609375 53.70983123779296875 53.64665985107421875 53.586071014404296875 53.552082061767578125 53.54436492919921875 53.513031005859375 53.492855072021484375 53.462646484375 53.434978485107421875 53.421062469482421875 53.40668487548828125 53.391559600830078125 53.37084197998046875 53.35295867919921875 53.349285125732421875 53.345798492431640625 53.346248626708984375 53.352207183837890625 53.3785858154296875 53.418155670166015625 53.462734222412109375 53.4402618408203125 53.40876007080078125 53.3531036376953125 53.2926177978515625 53.2337493896484375 53.2239837646484375 53.2267303466796875 53.22499847412109375 53.21916961669921875 53.20998382568359375
53.95184326171875 53.89089202880859375 53.816455841064453125 53.791717529296875 53.7999725341796875 53.804012298583984375 53.801555633544921875 53.7809906005859375 53.76163482666015625 53.831417083740234375 53.816730499267578125 53.7969818115234375 53.728527069091796875 53.65615081787109375 53.579517364501953125 53.5492095947265625 53.519138336181640625 53.50211334228515625 53.49155426025390625 53.4605865478515625 53.442901611328125 53.4228515625 53.4076080322265625 53.39569091796875 53.3863372802734375 53.375308990478515625 53.3595733642578125 53.347118377685546875 53.342365264892578125 53.344951629638671875 53.34810638427734375 53.36650848388671875 53.3979949951171875 53.448505401611328125 53.4710540771484375 53.440807342529296875 53.406764984130859375 53.346492767333984375 53.274204254150390625 53.2265167236328125 53.22209930419921875 53.2403106689453125 53.243377685546875 53.24163818359375 53.2333221435546875
53.963623046875 53.92742156982421875 53.89966583251953125 53.883457183837890625 53.869388580322265625 53.856769561767578125 53.832645416259765625 53.78778076171875 53.752315521240234375 53.7999267578125 53.775238037109375 53.739521026611328125 53.66904449462890625 53.590900421142578125 53.550548553466796875 53.5344390869140625 53.5047454833984375 53.490966796875 53.477001190185546875 53.449573516845703125 53.434299468994140625 53.421142578125 53.40770721435546875 53.394283294677734375 53.3845672607421875 53.372798919677734375 53.35474395751953125 53.341266632080078125 53.336147308349609375 53.345947265625 53.351764678955078125 53.377002716064453125 53.41600799560546875 53.481075286865234375 53.496044158935546875 53.44855499267578125 53.409481048583984375 53.34857940673828125 53.278293609619140625 53.23882293701171875 53.23465728759765625 53.25704193115234375 53.263782501220703125 53.268329620361328125 53.26038360595703125
53.96732330322265625 53.950855255126953125 53.934600830078125 53.913837432861328125 53.88594818115234375 53.87461090087890625 53.830852508544921875 53.7771148681640625 53.734149932861328125 53.743503570556640625 53.71015167236328125 53.67010498046875 53.621612548828125 53.57825469970703125 53.563785552978515625 53.54230499267578125 53.504405975341796875 53.485553741455078125 53.471820831298828125 53.447418212890625 53.439350128173828125 53.430446624755859375 53.4170684814453125 53.4102783203125 53.398418426513671875 53.3850555419921875 53.35703277587890625 53.337642669677734375 53.33348846435546875 53.349765777587890625 53.3611907958984375 53.38991546630859375 53.435543060302734375 53.5146942138671875 53.53272247314453125 53.464633941650390625 53.41652679443359375 53.347187042236328125 53.285381317138671875 53.25601959228515625 53.253513336181640625 53.2685089111328125 53.2761993408203125 53.28537750244140625 53.280597686767578125
53.949459075927734375 53.938568115234375 53.926204681396484375 53.896541595458984375 53.85993194580078125 53.849239349365234375 53.799015045166015625 53.74373626708984375 53.732883453369140625 53.683750152587890625 53.65213775634765625 53.617794036865234375 53.58786773681640625 53.580844879150390625 53.5868072509765625 53.56649017333984375 53.51952362060546875 53.49065399169921875 53.482067108154296875 53.45702362060546875 53.460300445556640625 53.456836700439453125 53.44091033935546875 53.43711090087890625 53.422119140625 53.4084320068359375 53.368129730224609375 53.34210205078125 53.3451690673828125 53.363506317138671875 53.379734039306640625 53.419818878173828125 53.4602508544921875 53.5325469970703125 53.540283203125 53.471782684326171875 53.419933319091796875 53.349155426025390625 53.2960662841796875 53.27327728271484375 53.269260406494140625 53.272960662841796875 53.2780303955078125 53.294162750244140625 53.2953948974609375
53.92041015625 53.907077789306640625 53.90175628662109375 53.86395263671875 53.823299407958984375 53.808837890625 53.75335693359375 53.700855255126953125 53.68625640869140625 53.642436981201171875 53.61380767822265625 53.589878082275390625 53.57939910888671875 53.592937469482421875 53.605617523193359375 53.5903472900390625 53.55297088623046875 53.513477325439453125 53.512554168701171875 53.484283447265625 53.4960479736328125 53.49471282958984375 53.471527099609375 53.470294952392578125 53.45058441162109375 53.4370269775390625 53.396457672119140625 53.36740875244140625 53.3726654052734375 53.377960205078125 53.40570831298828125 53.4553680419921875 53.487873077392578125 53.543384552001953125 53.54326629638671875 53.48273468017578125 53.428577423095703125 53.372295379638671875 53.323150634765625 53.295864105224609375 53.290863037109375 53.279937744140625 53.28485870361328125 53.300785064697265625 53.3069915771484375
53.84891510009765625 53.85984039306640625 53.845569610595703125 53.82515716552734375 53.786952972412109375 53.78444671630859375 53.702178955078125 53.653789520263671875 53.64659881591796875 53.61653900146484375 53.59201812744140625 53.572681427001953125 53.5830535888671875 53.586650848388671875 53.609531402587890625 53.614978790283203125 53.6064453125 53.554447174072265625 53.579242706298828125 53.5232086181640625 53.560214996337890625 53.556293487548828125 53.511119842529296875 53.523059844970703125 53.482212066650390625 53.4745330810546875 53.43416595458984375 53.40044403076171875 53.41131591796875 53.40166473388671875 53.443454742431640625 53.4885406494140625 53.51143646240234375 53.54996490478515625 53.549839019775390625 53.509052276611328125 53.45430755615234375 53.4249725341796875 53.3718109130859375 53.32471466064453125 53.33257293701171875 53.29843902587890625 53.30840301513671875 53.311771392822265625 53.31365966796875
53.67362213134765625 53.75949859619140625 53.72805023193359375 53.76203155517578125 53.724742889404296875 53.7000579833984375 53.628448486328125 53.56858062744140625 53.61700439453125 53.59532928466796875 53.565673828125 53.556427001953125 53.5482940673828125 53.55716705322265625 53.5770263671875 53.623077392578125 53.654949188232421875 53.6695709228515625 53.662380218505859375 53.647991180419921875 53.638744354248046875 53.631977081298828125 53.61330413818359375 53.56809234619140625 53.552066802978515625 53.5040435791015625 53.47100830078125 53.45079803466796875 53.451435089111328125 53.45781707763671875 53.478382110595703125 53.51917266845703125 53.535186767578125 53.544757843017578125 53.5460205078125 53.53200531005859375 53.51273345947265625 53.491130828857421875 53.432239532470703125 53.381053924560546875 53.378910064697265625 53.34496307373046875 53.340824127197265625 53.32689666748046875 53.31264495849609375
53.61981964111328125 53.65450286865234375 53.66255950927734375 53.689483642578125 53.65106201171875 53.60699462890625 53.562480926513671875 53.5548095703125 53.576374053955078125 53.56546783447265625 53.544677734375 53.54062652587890625 53.51934814453125 53.525615692138671875 53.55913543701171875 53.59192657470703125 53.66248321533203125 53.68646240234375 53.696689605712890625 53.706783294677734375 53.6775665283203125 53.65126800537109375 53.624858856201171875 53.574798583984375 53.5446929931640625 53.51299285888671875 53.474651336669921875 53.47554779052734375 53.4709930419921875 53.4771728515625 53.5021514892578125 53.5360565185546875 53.536651611328125 53.53446197509765625 53.538570404052734375 53.53986358642578125 53.534732818603515625 53.5087127685546875 53.474079132080078125 53.42130279541015625 53.39484405517578125 53.366535186767578125 53.356414794921875 53.338409423828125 53.305171966552734375
53.59665679931640625 53.604763031005859375 53.611907958984375 53.62642669677734375 53.595653533935546875 53.56444549560546875 53.529636383056640625 53.541561126708984375 53.574695587158203125 53.55455780029296875 53.5362396240234375 53.529327392578125 53.507068634033203125 53.5022430419921875 53.52294921875 53.5637664794921875 53.65122222900390625 53.68196868896484375 53.705810546875 53.71816253662109375 53.688690185546875 53.6464996337890625 53.605876922607421875 53.5596923828125 53.52756500244140625 53.4931182861328125 53.4678802490234375 53.4827728271484375 53.4998931884765625 53.525966644287109375 53.528903961181640625 53.553211212158203125 53.5499420166015625 53.544620513916015625 53.55558013916015625 53.5518341064453125 53.55071258544921875 53.525299072265625 53.480068206787109375 53.44326019287109375 53.4087371826171875 53.3860015869140625 53.370861053466796875 53.335445404052734375 53.296661376953125
53.585735321044921875 53.58171844482421875 53.5756072998046875 53.57721710205078125 53.55242919921875 53.5334625244140625 53.510814666748046875 53.5324249267578125 53.56545257568359375 53.54407501220703125 53.524871826171875 53.517711639404296875 53.4967498779296875 53.48992919921875 53.5090789794921875 53.56402587890625 53.649810791015625 53.689289093017578125 53.712879180908203125 53.72353363037109375 53.694606781005859375 53.640857696533203125 53.59275054931640625 53.542613983154296875 53.512676239013671875 53.476108551025390625 53.4584808349609375 53.48575592041015625 53.527812957763671875 53.560527801513671875 53.555316925048828125 53.56766510009765625 53.5734100341796875 53.567714691162109375 53.577205657958984375 53.569339752197265625 53.56573486328125 53.53472137451171875 53.484630584716796875 53.452362060546875 53.42409515380859375 53.400875091552734375 53.383544921875 53.344402313232421875 53.3003692626953125
53.58837890625 53.576137542724609375 53.55146026611328125 53.542858123779296875 53.524913787841796875 53.5153350830078125 53.49816131591796875 53.5242767333984375 53.556179046630859375 53.534271240234375 53.515472412109375 53.5069580078125 53.487880706787109375 53.48311614990234375 53.5063323974609375 53.563690185546875 53.6526336669921875 53.688343048095703125 53.7147216796875 53.72772979736328125 53.700672149658203125 53.638702392578125 53.589344024658203125 53.53659820556640625 53.51399993896484375 53.48221588134765625 53.47210693359375 53.4931182861328125 53.54325103759765625 53.5736236572265625 53.580783843994140625 53.592937469482421875 53.602481842041015625 53.59406280517578125 53.5987548828125 53.590576171875 53.586090087890625 53.5487213134765625 53.496028900146484375 53.46926116943359375 53.445796966552734375 53.422382354736328125 53.403141021728515625 53.3606719970703125 53.317901611328125
53.582897186279296875 53.56746673583984375 53.5489654541015625 53.536102294921875 53.51055145263671875 53.5034637451171875 53.48609161376953125 53.512645721435546875 53.54616546630859375 53.524169921875 53.50608062744140625 53.4977569580078125 53.4857025146484375 53.48160552978515625 53.515716552734375 53.574497222900390625 53.657623291015625 53.694599151611328125 53.716663360595703125 53.7263336181640625 53.70157623291015625 53.63762664794921875 53.59162139892578125 53.56531524658203125 53.5351409912109375 53.51264190673828125 53.50513458251953125 53.5205535888671875 53.555377960205078125 53.5918121337890625 53.608394622802734375 53.62238311767578125 53.64111328125 53.625469207763671875 53.6214141845703125 53.62480926513671875 53.616580963134765625 53.573528289794921875 53.532291412353515625 53.5201873779296875 53.487972259521484375 53.46599578857421875 53.444759368896484375 53.409236907958984375 53.3808441162109375
53.56688690185546875 53.54925537109375 53.53151702880859375 53.51659393310546875 53.500949859619140625 53.495624542236328125 53.4753265380859375 53.50046539306640625 53.52648162841796875 53.5065155029296875 53.4935455322265625 53.487579345703125 53.485687255859375 53.501140594482421875 53.546489715576171875 53.592601776123046875 53.6567230224609375 53.69640350341796875 53.719760894775390625 53.7298431396484375 53.7022552490234375 53.632633209228515625 53.599163055419921875 53.592010498046875 53.586284637451171875 53.58614349365234375 53.58855438232421875 53.60788726806640625 53.641269683837890625 53.676792144775390625 53.670238494873046875 53.6700592041015625 53.66835784912109375 53.63808441162109375 53.6219635009765625 53.636013031005859375 53.628276824951171875 53.591495513916015625 53.560459136962890625 53.54552459716796875 53.519428253173828125 53.4917755126953125 53.47588348388671875 53.444225311279296875 53.41086578369140625
53.556377410888671875 53.539699554443359375 53.523044586181640625 53.505649566650390625 53.489727020263671875 53.485263824462890625 53.465755462646484375 53.490589141845703125 53.51500701904296875 53.49639892578125 53.486545562744140625 53.481708526611328125 53.4849853515625 53.516056060791015625 53.570964813232421875 53.603031158447265625 53.658748626708984375 53.69428253173828125 53.71131134033203125 53.727203369140625 53.702777862548828125 53.6435546875 53.619327545166015625 53.622875213623046875 53.61725616455078125 53.6215057373046875 53.63198089599609375 53.64855194091796875 53.68717193603515625 53.6998291015625 53.696849822998046875 53.69464111328125 53.689807891845703125 53.657100677490234375 53.636249542236328125 53.643688201904296875 53.6408538818359375 53.617767333984375 53.589969635009765625 53.57222747802734375 53.547664642333984375 53.51074981689453125 53.498565673828125 53.46974945068359375 53.433513641357421875
53.54341888427734375 53.528591156005859375 53.51358795166015625 53.494739532470703125 53.478755950927734375 53.47588348388671875 53.457611083984375 53.481201171875 53.50716400146484375 53.491161346435546875 53.4795379638671875 53.47515106201171875 53.483303070068359375 53.519184112548828125 53.57875823974609375 53.600128173828125 53.639827728271484375 53.667987823486328125 53.685150146484375 53.71129608154296875 53.696598052978515625 53.666229248046875 53.65406036376953125 53.658840179443359375 53.648670196533203125 53.6492767333984375 53.658046722412109375 53.67716217041015625 53.7026519775390625 53.70859527587890625 53.712024688720703125 53.7116851806640625 53.70696258544921875 53.680858612060546875 53.657501220703125 53.652271270751953125 53.64827728271484375 53.6386871337890625 53.613376617431640625 53.591094970703125 53.5627593994140625 53.518047332763671875 53.509593963623046875 53.49102783203125 53.44823455810546875
53.53327178955078125 53.516315460205078125 53.502685546875 53.4838104248046875 53.468906402587890625 53.46697998046875 53.451160430908203125 53.47565460205078125 53.503360748291015625 53.488494873046875 53.476837158203125 53.468372344970703125 53.47623443603515625 53.504268646240234375 53.56333160400390625 53.581592559814453125 53.61705780029296875 53.6349945068359375 53.665462493896484375 53.70110321044921875 53.696308135986328125 53.680561065673828125 53.68436431884765625 53.6900787353515625 53.672870635986328125 53.67292022705078125 53.675464630126953125 53.69075775146484375 53.694721221923828125 53.70534515380859375 53.705867767333984375 53.722179412841796875 53.720996856689453125 53.701633453369140625 53.679943084716796875 53.66191864013671875 53.655803680419921875 53.649799346923828125 53.630146026611328125 53.605693817138671875 53.568729400634765625 53.51971435546875 53.5152435302734375 53.507556915283203125 53.46022796630859375
53.5203857421875 53.502635955810546875 53.4908294677734375 53.472759246826171875 53.45904541015625 53.4595184326171875 53.442836761474609375 53.47200775146484375 53.506931304931640625 53.488437652587890625 53.47316741943359375 53.463592529296875 53.4643096923828125 53.4854736328125 53.53632354736328125 53.56487274169921875 53.609996795654296875 53.626880645751953125 53.665744781494140625 53.7053680419921875 53.709697723388671875 53.69695281982421875 53.70658111572265625 53.71575164794921875 53.6983795166015625 53.694095611572265625 53.674587249755859375 53.676311492919921875 53.66219329833984375 53.67147064208984375 53.67417144775390625 53.705982208251953125 53.71878814697265625 53.70664215087890625 53.688365936279296875 53.6639404296875 53.6579742431640625 53.65545654296875 53.642704010009765625 53.6178741455078125 53.581592559814453125 53.5388336181640625 53.536670684814453125 53.51665496826171875 53.46727752685546875
53.504444122314453125 53.48888397216796875 53.47383880615234375 53.45915985107421875 53.4486083984375 53.443340301513671875 53.431797027587890625 53.48197174072265625 53.530666351318359375 53.50302886962890625 53.471405029296875 53.466564178466796875 53.45722198486328125 53.478031158447265625 53.524875640869140625 53.581451416015625 53.638019561767578125 53.63872528076171875 53.697086334228515625 53.7178955078125 53.71765899658203125 53.71990966796875 53.7267303466796875 53.742565155029296875 53.7265777587890625 53.7179718017578125 53.676624298095703125 53.645221710205078125 53.643341064453125 53.643341064453125 53.669902801513671875 53.699306488037109375 53.719066619873046875 53.69948577880859375 53.676849365234375 53.657337188720703125 53.66359710693359375 53.658382415771484375 53.649120330810546875 53.62750244140625 53.598842620849609375 53.5617218017578125 53.55438995361328125 53.51902008056640625 53.47252655029296875
