INPUT/RASTER/ASCII/BIO14.asc
ncols        225
nrows        269
xllcorner    473009.983799999987
yllcorner    4429051.174800000153
cellsize     50.000000000000
NODATA_value -9999
[rows 234 to 251 of 269, columns 84 to 125 of 225]
5.7043704986572265625 5.7044196128845214844 5.7042593955993652344 5.7030134201049804688 5.6983208656311035156 5.6935586929321289063 5.7072305679321289063 5.7517156600952148438 5.789875030517578125 5.8009734153747558594 5.7930402755737304688 5.7750492095947265625 5.7607421875 5.7490611076354980469 5.7474460601806640625 5.7547631263732910156 5.7745089530944824219 5.7844295501708984375 5.7767467498779296875 5.7686891555786132813 5.7893576622009277344 5.8245987892150878906 5.8907785415649414063 5.9294438362121582031 5.8840603828430175781 5.8097414970397949219 5.7807903289794921875 5.7846522331237792969 5.8250904083251953125 5.8982186317443847656 5.9680581092834472656 6.0281844139099121094 6.1099295616149902344 6.1916170120239257813 6.2597918510437011719 6.3427166938781738281 6.3896465301513671875 6.4121947288513183594 6.4270033836364746094 6.4367094039916992188 6.4401373863220214844 6.4373202323913574219
5.7001624107360839844 5.7002167701721191406 5.7006673812866210938 5.7006816864013671875 5.6968221664428710938 5.6901879310607910156 5.6963291168212890625 5.731472015380859375 5.765956878662109375 5.77666473388671875 5.7678318023681640625 5.749607086181640625 5.735477447509765625 5.72423553466796875 5.7204651832580566406 5.7242951393127441406 5.7377285957336425781 5.7475390434265136719 5.7467112541198730469 5.7404470443725585938 5.7523021697998046875 5.7767519950866699219 5.8280649185180664063 5.8660883903503417969 5.8384995460510253906 5.7804989814758300781 5.7579560279846191406 5.7668657302856445313 5.8153996467590332031 5.8950085639953613281 5.9725999832153320313 6.0472927093505859375 6.1480603218078613281 6.2421975135803222656 6.3026332855224609375 6.3599538803100585938 6.3884763717651367188 6.4016904830932617188 6.4137020111083984375 6.42498016357421875 6.4297990798950195313 6.4254279136657714844
5.6924161911010742188 5.6901907920837402344 5.690906524658203125 5.6934452056884765625 5.6926889419555664063 5.6880807876586914063 5.6861505508422851563 5.7106347084045410156 5.7424578666687011719 5.7522735595703125 5.7416958808898925781 5.7225093841552734375 5.7084646224975585938 5.6990466117858886719 5.6939897537231445313 5.694133758544921875 5.6998629570007324219 5.7051405906677246094 5.7105283737182617188 5.7117557525634765625 5.7213726043701171875 5.7428922653198242188 5.7896575927734375 5.8287491798400878906 5.8164081573486328125 5.7668447494506835938 5.7390899658203125 5.7448883056640625 5.7889418601989746094 5.85602569580078125 5.9278225898742675781 6.0052227973937988281 6.0984292030334472656 6.1781253814697265625 6.2287926673889160156 6.2847776412963867188 6.3322863578796386719 6.3635077476501464844 6.3852891921997070313 6.4012923240661621094 6.4103832244873046875 6.4093370437622070313
5.680133819580078125 5.6701407432556152344 5.6681866645812988281 5.6755909919738769531 5.6848363876342773438 5.6846284866333007813 5.6726222038269042969 5.6881327629089355469 5.7190580368041992188 5.729343414306640625 5.7189059257507324219 5.6999440193176269531 5.6867976188659667969 5.6792278289794921875 5.6747126579284667969 5.6729731559753417969 5.673366546630859375 5.6760067939758300781 5.6840763092041015625 5.6906299591064453125 5.7003216743469238281 5.7211275100708007813 5.7662830352783203125 5.8041424751281738281 5.8021979331970214844 5.762119293212890625 5.7357649803161621094 5.740550994873046875 5.774547576904296875 5.8216919898986816406 5.8843202590942382813 5.9513769149780273438 6.0178761482238769531 6.07593536376953125 6.1189975738525390625 6.1807842254638671875 6.2536768913269042969 6.3161749839782714844 6.3575854301452636719 6.3797979354858398438 6.3936357498168945313 6.3958220481872558594
5.6687722206115722656 5.6562247276306152344 5.6518521308898925781 5.659656524658203125 5.67328643798828125 5.6743950843811035156 5.6604990959167480469 5.67242431640625 5.6986865997314453125 5.7082438468933105469 5.7003688812255859375 5.6847734451293945313 5.6727871894836425781 5.66571044921875 5.6620936393737792969 5.6596546173095703125 5.6590442657470703125 5.663303375244140625 5.67241668701171875 5.6791157722473144531 5.6853213310241699219 5.7021145820617675781 5.7424793243408203125 5.7770771980285644531 5.7779479026794433594 5.75272369384765625 5.7514367103576660156 5.7680821418762207031 5.7957730293273925781 5.8328166007995605469 5.887603759765625 5.9430856704711914063 5.9938516616821289063 6.04150390625 6.0791072845458984375 6.136386871337890625 6.2119736671447753906 6.2923741340637207031 6.3482632637023925781 6.3717470169067382813 6.3851132392883300781 6.3844203948974609375
5.6583547592163085938 5.650726318359375 5.64723968505859375 5.6517438888549804688 5.6595964431762695313 5.6581244468688964844 5.6532196998596191406 5.6660771369934082031 5.6844134330749511719 5.6904449462890625 5.6832947731018066406 5.6701021194458007813 5.659793853759765625 5.6531672477722167969 5.65000152587890625 5.6483321189880371094 5.6492099761962890625 5.6570572853088378906 5.6676373481750488281 5.6740365028381347656 5.6774373054504394531 5.6894292831420898438 5.7216515541076660156 5.7482929229736328125 5.7454695701599121094 5.7387361526489257813 5.7738943099975585938 5.8083214759826660156 5.8420557975769042969 5.8831343650817871094 5.9307498931884765625 5.9794569015502929688 6.0309138298034667969 6.0715689659118652344 6.1007275581359863281 6.1493525505065917969 6.2195153236389160156 6.2979969978332519531 6.3489909172058105469 6.3666124343872070313 6.375637054443359375 6.370410919189453125
5.6505498886108398438 5.6466960906982421875 5.6447772979736328125 5.6484813690185546875 5.6523575782775878906 5.6494307518005371094 5.6512041091918945313 5.6655321121215820313 5.6781935691833496094 5.6800718307495117188 5.6703176498413085938 5.65743255615234375 5.6491942405700683594 5.6440954208374023438 5.6420907974243164063 5.6415205001831054688 5.6464123725891113281 5.6593179702758789063 5.6707487106323242188 5.6746506690979003906 5.6742219924926757813 5.6822004318237304688 5.7046866416931152344 5.7221364974975585938 5.7236652374267578125 5.7422471046447753906 5.807979583740234375 5.85717010498046875 5.9025053977966308594 5.9498639106750488281 5.9914221763610839844 6.0385046005249023438 6.0986809730529785156 6.1399817466735839844 6.1634011268615722656 6.2023782730102539063 6.2598891258239746094 6.3203191757202148438 6.3528780937194824219 6.3618187904357910156 6.3644657135009765625 6.3565239906311035156
5.6476802825927734375 5.6442484855651855469 5.6426644325256347656 5.6466650962829589844 5.6500244140625 5.6475000381469726563 5.6506848335266113281 5.6649241447448730469 5.6748409271240234375 5.6731333732604980469 5.6594858169555664063 5.6470060348510742188 5.6417965888977050781 5.6386389732360839844 5.6374640464782714844 5.6394968032836914063 5.6494569778442382813 5.6643719673156738281 5.6735086441040039063 5.6741318702697753906 5.6716480255126953125 5.6763973236083984375 5.6901402473449707031 5.7041025161743164063 5.7213892936706542969 5.77188873291015625 5.8613405227661132813 5.9188251495361328125 5.9752144813537597656 6.0313997268676757813 6.0653753280639648438 6.1064004898071289063 6.1703190803527832031 6.2172236442565917969 6.2415447235107421875 6.2707276344299316406 6.3052287101745605469 6.3383173942565917969 6.3528313636779785156 6.3559985160827636719 6.3543219566345214844 6.3448567390441894531
5.651824951171875 5.6442232131958007813 5.640140533447265625 5.6421871185302734375 5.6440529823303222656 5.642711639404296875 5.6456384658813476563 5.6574721336364746094 5.6654715538024902344 5.6619005203247070313 5.6475472450256347656 5.6379046440124511719 5.6355180740356445313 5.6348123550415039063 5.6348447799682617188 5.6391482353210449219 5.648731231689453125 5.6586818695068359375 5.6625714302062988281 5.6634345054626464844 5.6657948493957519531 5.6700329780578613281 5.6783208847045898438 5.6950259208679199219 5.737041473388671875 5.8202409744262695313 5.9269528388977050781 5.9902739524841308594 6.0615434646606445313 6.1305837631225585938 6.1531934738159179688 6.1786985397338867188 6.2355961799621582031 6.2837705612182617188 6.3091835975646972656 6.3293671607971191406 6.3379826545715332031 6.3433055877685546875 6.3459782600402832031 6.3468337059020996094 6.3452320098876953125 6.3357558250427246094
5.6605730056762695313 5.6460356712341308594 5.6375417709350585938 5.635997772216796875 5.6356339454650878906 5.6351046562194824219 5.6364598274230957031 5.642574310302734375 5.6465039253234863281 5.6434063911437988281 5.6341152191162109375 5.6301088333129882813 5.6309781074523925781 5.6323161125183105469 5.633739471435546875 5.6367216110229492188 5.6389179229736328125 5.6386976242065429688 5.6385364532470703125 5.6453943252563476563 5.6577301025390625 5.6650400161743164063 5.6738810539245605469 5.6981210708618164063 5.7609925270080566406 5.8598356246948242188 5.9718060493469238281 6.0430121421813964844 6.1309952735900878906 6.1984229087829589844 6.2089338302612304688 6.2188506126403808594 6.2630076408386230469 6.3052968978881835938 6.330322265625 6.3475823402404785156 6.3458318710327148438 6.3402972221374511719 6.3391809463500976563 6.3392558097839355469 6.3398847579956054688 6.3311600685119628906
5.670528411865234375 5.651226043701171875 5.6387810707092285156 5.63440704345703125 5.6328182220458984375 5.6322646141052246094 5.6328387260437011719 5.6351628303527832031 5.6354947090148925781 5.6311421394348144531 5.6239552497863769531 5.6232461929321289063 5.6276812553405761719 5.6317248344421386719 5.6341786384582519531 5.6343045234680175781 5.6316628456115722656 5.6285772323608398438 5.6294469833374023438 5.6411204338073730469 5.6586322784423828125 5.6687064170837402344 5.6833410263061523438 5.7125620841979980469 5.7660317420959472656 5.8478565216064453125 5.9505167007446289063 6.0250096321105957031 6.1269774436950683594 6.1945519447326660156 6.2067103385925292969 6.2164487838745117188 6.2480292320251464844 6.2834148406982421875 6.3194875717163085938 6.3438653945922851563 6.3434605598449707031 6.3328795433044433594 6.3294534683227539063 6.3315482139587402344 6.3352971076965332031 6.324981689453125
5.68280792236328125 5.6611113548278808594 5.6452937126159667969 5.6364068984985351563 5.6314611434936523438 5.6302571296691894531 5.6299619674682617188 5.6295452117919921875 5.6277222633361816406 5.6217603683471679688 5.6145911216735839844 5.6165671348571777344 5.625095367431640625 5.6312437057495117188 5.6331958770751953125 5.6307282447814941406 5.6265320777893066406 5.6253094673156738281 5.6297178268432617188 5.6451210975646972656 5.6650781631469726563 5.6751217842102050781 5.6899733543395996094 5.7178235054016113281 5.7605385780334472656 5.8219690322875976563 5.9002575874328613281 5.9596829414367675781 6.0462179183959960938 6.1100912094116210938 6.1421575546264648438 6.1656022071838378906 6.1903605461120605469 6.2192635536193847656 6.2704157829284667969 6.3099122047424316406 6.3222103118896484375 6.3124890327453613281 6.3097805976867675781 6.3175940513610839844 6.3261942863464355469 6.3154053688049316406
5.6914300918579101563 5.6702284812927246094 5.6546359062194824219 5.6417627334594726563 5.631473541259765625 5.6283535957336425781 5.6268858909606933594 5.6231265068054199219 5.6192255020141601563 5.6123409271240234375 5.6042933464050292969 5.6082901954650878906 5.6230454444885253906 5.6302504539489746094 5.6308703422546386719 5.6265344619750976563 5.6236734390258789063 5.6260051727294921875 5.6355223655700683594 5.6560482978820800781 5.67681884765625 5.681934356689453125 5.6888036727905273438 5.7139248847961425781 5.7494215965270996094 5.7915773391723632813 5.8420257568359375 5.8810048103332519531 5.9434037208557128906 6.001316070556640625 6.0438904762268066406 6.0773725509643554688 6.1001977920532226563 6.1232709884643554688 6.1737780570983886719 6.2292590141296386719 6.2671766281127929688 6.2659201622009277344 6.2683568000793457031 6.2863206863403320313 6.3055987358093261719 6.3014917373657226563
5.6948328018188476563 5.6747736930847167969 5.661712646484375 5.6475157737731933594 5.633087158203125 5.6272592544555664063 5.623500823974609375 5.6171731948852539063 5.6121211051940917969 5.6037034988403320313 5.5947470664978027344 5.5983247756958007813 5.6148080825805664063 5.6216602325439453125 5.6209502220153808594 5.6195206642150878906 5.6220679283142089844 5.6308002471923828125 5.6456918716430664063 5.6657242774963378906 5.6797056198120117188 5.6752295494079589844 5.6683320999145507813 5.6886844635009765625 5.7190713882446289063 5.7460513114929199219 5.7735853195190429688 5.794765472412109375 5.8329052925109863281 5.8756341934204101563 5.9128818511962890625 5.9450821876525878906 5.9674496650695800781 5.985992431640625 6.030487060546875 6.0948605537414550781 6.1561245918273925781 6.1760759353637695313 6.1950545310974121094 6.2267088890075683594 6.2634978294372558594 6.2774386405944824219
5.6943049430847167969 5.6748089790344238281 5.6639122962951660156 5.6521778106689453125 5.6394953727722167969 5.6323494911193847656 5.6236591339111328125 5.6145615577697753906 5.6089544296264648438 5.5990157127380371094 5.5890440940856933594 5.5868682861328125 5.5949115753173828125 5.5990819931030273438 5.5986323356628417969 5.6055359840393066406 5.6193957328796386719 5.6342668533325195313 5.6475558280944824219 5.6526460647583007813 5.6507058143615722656 5.6425528526306152344 5.6320066452026367188 5.6444573402404785156 5.6677632331848144531 5.6861023902893066406 5.6996464729309082031 5.7077221870422363281 5.7233777046203613281 5.7485713958740234375 5.7732143402099609375 5.7945551872253417969 5.8151011466979980469 5.834136962890625 5.8785567283630371094 5.9450364112854003906 6.0201964378356933594 6.0721478462219238281 6.1189632415771484375 6.1606564521789550781 6.2094278335571289063 6.2451839447021484375
5.6951651573181152344 5.6757106781005859375 5.6653842926025390625 5.6597318649291992188 5.654323577880859375 5.6464667320251464844 5.6303620338439941406 5.6165933609008789063 5.6101660728454589844 5.5995793342590332031 5.5875215530395507813 5.5805492401123046875 5.5804014205932617188 5.5809087753295898438 5.5806164741516113281 5.5926337242126464844 5.6143136024475097656 5.6290502548217773438 5.6344270706176757813 5.6249499320983886719 5.614154815673828125 5.6095919609069824219 5.6067256927490234375 5.6149616241455078125 5.6291131973266601563 5.6409997940063476563 5.6482367515563964844 5.649692535400390625 5.6504979133605957031 5.6651892662048339844 5.6841597557067871094 5.6983475685119628906 5.7162547111511230469 5.7345175743103027344 5.7777743339538574219 5.8461108207702636719 5.9305706024169921875 6.0010242462158203125 6.0708937644958496094 6.1217107772827148438 6.1748294830322265625 6.2210988998413085938
5.7030959129333496094 5.6850786209106445313 5.675933837890625 5.6743335723876953125 5.6722617149353027344 5.6605257987976074219 5.6397905349731445313 5.6232233047485351563 5.6154379844665527344 5.6033430099487304688 5.5887651443481445313 5.5796680450439453125 5.5760478973388671875 5.5745730400085449219 5.5743794441223144531 5.585845947265625 5.6070408821105957031 5.617889404296875 5.6151123046875 5.5995984077453613281 5.5893359184265136719 5.5889005661010742188 5.5944428443908691406 5.6057295799255371094 5.6158318519592285156 5.6205234527587890625 5.6224317550659179688 5.6202893257141113281 5.61572265625 5.6272635459899902344 5.6461443901062011719 5.6567487716674804688 5.6691975593566894531 5.6837711334228515625 5.7214064598083496094 5.7853860855102539063 5.8678340911865234375 5.9410405158996582031 6.0269145965576171875 6.0929193496704101563 6.1543021202087402344 6.1985921859741210938
5.7177743911743164063 5.703216552734375 5.6986856460571289063 5.6992173194885253906 5.6925930976867675781 5.6732358932495117188 5.6500406265258789063 5.6319584846496582031 5.6222639083862304688 5.6080117225646972656 5.5924520492553710938 5.5815711021423339844 5.5747284889221191406 5.5714883804321289063 5.5719900131225585938 5.5812935829162597656 5.5999736785888671875 5.6097850799560546875 5.6024837493896484375 5.58054351806640625 5.569980621337890625 5.5729198455810546875 5.5851955413818359375 5.6027150154113769531 5.6191210746765136719 5.6237845420837402344 5.6184153556823730469 5.6096286773681640625 5.5974221229553222656 5.6004948616027832031 5.6135287284851074219 5.6193795204162597656 5.6251544952392578125 5.6371212005615234375 5.6692676544189453125 5.7201137542724609375 5.7861990928649902344 5.854022979736328125 5.950176239013671875 6.0317630767822265625 6.1049280166625976563 6.1412329673767089844
