INPUT/RASTER/ASCII/BIO10.asc
ncols        225
nrows        269
xllcorner    473009.983799999987
yllcorner    4429051.174800000153
cellsize     50.000000000000
NODATA_value -9999
[rows 38 to 56 of 269, columns 126 to 167 of 225]
24.401889801025390625 24.405717849731445313 24.433254241943359375 24.500295639038085938 24.5267181396484375 24.527780532836914063 24.530681610107421875 24.533702850341796875 24.534631729125976563 24.537319183349609375 24.539445877075195313 24.541727066040039063 24.545093536376953125 24.5492401123046875 24.55199432373046875 24.55274200439453125 24.55255889892578125 24.5518035888671875 -9999 -9999 -9999 -9999 -9999 -9999 -9999 -9999 -9999 -9999 -9999 -9999 -9999 -9999 -9999 -9999 -9999 -9999 -9999 -9999 -9999 -9999 -9999 -9999
24.418619155883789063 24.466932296752929688 24.505933761596679688 24.528167724609375 24.533151626586914063 24.533542633056640625 24.535312652587890625 24.537118911743164063 24.5378875732421875 24.539464950561523438 24.540618896484375 24.542377471923828125 24.545763015747070313 24.550098419189453125 24.553766250610351563 24.55509185791015625 24.552667617797851563 24.55065155029296875 -9999 -9999 -9999 -9999 -9999 -9999 -9999 -9999 -9999 -9999 -9999 -9999 -9999 -9999 -9999 -9999 -9999 -9999 -9999 -9999 -9999 -9999 -9999 -9999
24.468416213989257813 24.524045944213867188 24.535587310791015625 24.535955429077148438 24.535043716430664063 24.535741806030273438 24.537340164184570313 24.5385894775390625 24.539653778076171875 24.54109954833984375 24.541913986206054688 24.54296112060546875 24.5455169677734375 24.54949188232421875 24.55370330810546875 24.5554046630859375 24.5533905029296875 24.550350189208984375 -9999 -9999 -9999 -9999 -9999 -9999 -9999 -9999 -9999 -9999 -9999 -9999 -9999 -9999 -9999 -9999 -9999 -9999 -9999 -9999 -9999 -9999 -9999 -9999
24.52391815185546875 24.5423431396484375 24.542924880981445313 24.541656494140625 24.539493560791015625 24.540159225463867188 24.541500091552734375 24.542612075805664063 24.543123245239257813 24.542772293090820313 24.542827606201171875 24.543611526489257813 24.54543304443359375 24.549070358276367188 24.553203582763671875 24.555299758911132813 24.554706573486328125 24.551143646240234375 24.549772262573242188 -9999 -9999 -9999 -9999 -9999 -9999 -9999 -9999 -9999 -9999 -9999 -9999 -9999 -9999 -9999 -9999 -9999 -9999 -9999 -9999 -9999 -9999 -9999
24.54522705078125 24.546352386474609375 24.54727935791015625 24.54782867431640625 24.54833984375 24.54883575439453125 24.55020904541015625 24.551233291625976563 24.551067352294921875 24.547639846801757813 24.546131134033203125 24.545818328857421875 24.546329498291015625 24.549669265747070313 24.553403854370117188 24.555528640747070313 24.556598663330078125 24.555189132690429688 24.553409576416015625 24.552845001220703125 24.554019927978515625 24.553644180297851563 -9999 -9999 -9999 -9999 -9999 -9999 -9999 -9999 -9999 -9999 -9999 -9999 -9999 -9999 -9999 -9999 -9999 -9999 -9999 -9999
24.547557830810546875 24.548460006713867188 24.54959869384765625 24.55108642578125 24.552377700805664063 24.5538482666015625 24.555011749267578125 24.55507659912109375 24.555475234985351563 24.555578231811523438 24.55519866943359375 24.551687240600585938 24.549131393432617188 24.550970077514648438 24.553882598876953125 24.556209564208984375 24.55884552001953125 24.559871673583984375 24.559108734130859375 24.5567626953125 24.554601669311523438 24.555040359497070313 -9999 -9999 -9999 -9999 -9999 -9999 -9999 -9999 -9999 -9999 -9999 -9999 -9999 -9999 -9999 -9999 -9999 -9999 -9999 -9999
24.5480804443359375 24.54949188232421875 24.550664901733398438 24.552423477172851563 24.554162979125976563 24.556552886962890625 24.5576629638671875 24.55841827392578125 24.558973312377929688 24.558900833129882813 24.558195114135742188 24.557958602905273438 24.55640411376953125 24.5543212890625 24.555639266967773438 24.557010650634765625 24.5598907470703125 24.562160491943359375 24.56243896484375 24.560382843017578125 24.558290481567382813 24.556161880493164063 24.554531097412109375 -9999 -9999 -9999 -9999 -9999 -9999 -9999 -9999 -9999 -9999 -9999 -9999 -9999 -9999 -9999 -9999 -9999 -9999 -9999
24.549375534057617188 24.550138473510742188 24.551309585571289063 24.552881240844726563 24.554811477661132813 24.557790756225585938 24.559886932373046875 24.561248779296875 24.56177520751953125 24.561038970947265625 24.560489654541015625 24.559495925903320313 24.559148788452148438 24.558847427368164063 24.558885574340820313 24.55759429931640625 24.560031890869140625 24.563348770141601563 24.56463623046875 24.562664031982421875 24.560403823852539063 24.556756973266601563 24.554101943969726563 24.55309295654296875 -9999 -9999 -9999 -9999 -9999 -9999 -9999 -9999 -9999 -9999 -9999 -9999 -9999 -9999 -9999 -9999 -9999 -9999
24.553071975708007813 24.553964614868164063 24.555200576782226563 24.555576324462890625 24.556119918823242188 24.558855056762695313 24.561075210571289063 24.562452316284179688 24.562824249267578125 24.562534332275390625 24.562040328979492188 24.561168670654296875 24.560670852661132813 24.559818267822265625 24.559373855590820313 24.558818817138671875 24.560811996459960938 24.564580917358398438 24.56662750244140625 24.564283370971679688 24.561918258666992188 24.55721282958984375 24.553949356079101563 24.553913116455078125 24.55565643310546875 24.556148529052734375 -9999 -9999 -9999 -9999 -9999 -9999 -9999 -9999 -9999 -9999 -9999 -9999 -9999 -9999 -9999 -9999
24.55602264404296875 24.557750701904296875 24.559011459350585938 24.55915069580078125 24.560106277465820313 24.562173843383789063 24.563076019287109375 24.564016342163085938 24.56383514404296875 24.563610076904296875 24.5634613037109375 24.563358306884765625 24.562940597534179688 24.562255859375 24.561977386474609375 24.560771942138671875 24.562051773071289063 24.567241668701171875 24.570451736450195313 24.569517135620117188 24.567602157592773438 24.560665130615234375 24.561170578002929688 24.566278457641601563 24.568668365478515625 24.579820632934570313 24.601366043090820313 24.602222442626953125 -9999 -9999 -9999 -9999 -9999 -9999 -9999 -9999 -9999 -9999 -9999 -9999 -9999 -9999
24.558597564697265625 24.560495376586914063 24.5616912841796875 24.562242507934570313 24.563997268676757813 24.566196441650390625 24.567413330078125 24.56877899169921875 24.568502426147460938 24.56804656982421875 24.567485809326171875 24.567981719970703125 24.571117401123046875 24.573652267456054688 24.57338714599609375 24.572723388671875 24.573862075805664063 24.57756805419921875 24.58172607421875 24.585439682006835938 24.586374282836914063 24.582426071166992188 24.585115432739257813 24.591505050659179688 24.594722747802734375 24.601388931274414063 24.60532379150390625 24.608190536499023438 24.617677688598632813 -9999 -9999 -9999 -9999 -9999 -9999 -9999 -9999 -9999 -9999 -9999 -9999 -9999
24.561679840087890625 24.56278228759765625 24.563884735107421875 24.56514739990234375 24.5670928955078125 24.568817138671875 24.571180343627929688 24.575849533081054688 24.577341079711914063 24.577648162841796875 24.577358245849609375 24.577840805053710938 24.582296371459960938 24.587188720703125 24.587633132934570313 24.587963104248046875 24.589206695556640625 24.591495513916015625 24.595348358154296875 24.60125732421875 24.604688644409179688 24.607786178588867188 24.609102249145507813 24.609880447387695313 24.612203598022460938 24.616855621337890625 24.619501113891601563 24.619546890258789063 24.620103836059570313 24.622188568115234375 24.622488021850585938 -9999 -9999 -9999 -9999 -9999 -9999 -9999 -9999 -9999 -9999 -9999
24.567195892333984375 24.564825057983398438 24.565214157104492188 24.56865692138671875 24.572206497192382813 24.573846817016601563 24.576547622680664063 24.582807540893554688 24.58576202392578125 24.586732864379882813 24.587491989135742188 24.58768463134765625 24.588735580444335938 24.591787338256835938 24.59307861328125 24.593555450439453125 24.595073699951171875 24.596927642822265625 24.599918365478515625 24.60459136962890625 24.607517242431640625 24.611845016479492188 24.615365982055664063 24.617191314697265625 24.6194915771484375 24.622623443603515625 24.623714447021484375 24.622426986694335938 24.62061309814453125 24.62273406982421875 24.626684188842773438 -9999 -9999 -9999 -9999 -9999 -9999 -9999 -9999 -9999 -9999 -9999
24.57537841796875 24.572849273681640625 24.573251724243164063 24.5760650634765625 24.580221176147460938 24.582387924194335938 24.584104537963867188 24.587718963623046875 24.590406417846679688 24.591142654418945313 24.591762542724609375 24.592107772827148438 24.592559814453125 24.593629837036132813 24.594270706176757813 24.59493255615234375 24.596708297729492188 24.598384857177734375 24.6006622314453125 24.603433609008789063 24.605287551879882813 24.607912063598632813 24.611118316650390625 24.615390777587890625 24.619646072387695313 24.62146759033203125 24.621349334716796875 24.619634628295898438 24.617300033569335938 24.619398117065429688 24.624393463134765625 24.627649307250976563 24.63266754150390625 24.635004043579101563 24.636072158813476563 -9999 -9999 -9999 -9999 -9999 -9999 -9999
24.580417633056640625 24.580036163330078125 24.580804824829101563 24.582357406616210938 24.585428237915039063 24.58730316162109375 24.588090896606445313 24.589681625366210938 24.59110260009765625 24.59168243408203125 24.592132568359375 24.59233856201171875 24.593235015869140625 24.593828201293945313 24.594095230102539063 24.5948333740234375 24.596584320068359375 24.59783935546875 24.59944915771484375 24.600999832153320313 24.601861953735351563 24.603214263916015625 24.606927871704101563 24.6122894287109375 24.61672210693359375 24.617853164672851563 24.61714935302734375 24.615522384643554688 24.612997055053710938 24.614068984985351563 24.620513916015625 24.628429412841796875 24.632526397705078125 24.635187149047851563 24.63668060302734375 24.64121246337890625 24.643957138061523438 24.646135330200195313 24.646615982055664063 -9999 -9999 -9999
24.58307647705078125 24.583791732788085938 24.58443450927734375 24.585720062255859375 24.58740234375 24.58834075927734375 24.588846206665039063 24.589519500732421875 24.590234756469726563 24.591053009033203125 24.591442108154296875 24.591711044311523438 24.593225479125976563 24.594091415405273438 24.5943450927734375 24.595035552978515625 24.596693038940429688 24.597719192504882813 24.59856414794921875 24.5994720458984375 24.599916458129882813 24.600812911987304688 24.603963851928710938 24.6085052490234375 24.611948013305664063 24.61324310302734375 24.61273956298828125 24.612030029296875 24.6106719970703125 24.611530303955078125 24.617055892944335938 24.625759124755859375 24.631113052368164063 24.635341644287109375 24.638362884521484375 24.64093017578125 24.643808364868164063 24.646335601806640625 24.646942138671875 -9999 -9999 -9999
24.584554672241210938 24.585475921630859375 24.586172103881835938 24.587621688842773438 24.588560104370117188 24.58905792236328125 24.589521408081054688 24.589857101440429688 24.590204238891601563 24.590818405151367188 24.591793060302734375 24.593048095703125 24.595174789428710938 24.596317291259765625 24.596597671508789063 24.597146987915039063 24.598775863647460938 24.599781036376953125 24.600376129150390625 24.600811004638671875 24.601087570190429688 24.601823806762695313 24.6034698486328125 24.605882644653320313 24.607889175415039063 24.609140396118164063 24.609874725341796875 24.610469818115234375 24.611166000366210938 24.61279296875 24.617292404174804688 24.6246337890625 24.629560470581054688 24.634016036987304688 24.637668609619140625 24.64035797119140625 24.643772125244140625 24.647516250610351563 24.65067291259765625 24.650310516357421875 -9999 -9999
24.586458206176757813 24.587255477905273438 24.587633132934570313 24.58881378173828125 24.589883804321289063 24.59067535400390625 24.591253280639648438 24.591806411743164063 24.592191696166992188 24.59343719482421875 24.595737457275390625 24.597835540771484375 24.59954071044921875 24.600856781005859375 24.60124969482421875 24.601705551147460938 24.602809906005859375 24.604055404663085938 24.605020523071289063 24.605432510375976563 24.60569000244140625 24.606182098388671875 24.606874465942382813 24.60776519775390625 24.608777999877929688 24.609844207763671875 24.611619949340820313 24.612993240356445313 24.615133285522460938 24.617649078369140625 24.62220001220703125 24.628633499145507813 24.632642745971679688 24.636041641235351563 24.639003753662109375 24.641572952270507813 24.645196914672851563 24.649627685546875 24.6513671875 24.648115158081054688 24.64432525634765625 24.6444091796875
24.593214035034179688 24.590787887573242188 24.591060638427734375 24.593090057373046875 24.594991683959960938 24.59656524658203125 24.596757888793945313 24.597249984741210938 24.597974777221679688 24.601591110229492188 24.604921340942382813 24.606000900268554688 24.6070404052734375 24.60854339599609375 24.609140396118164063 24.60955810546875 24.610204696655273438 24.611539840698242188 24.61292266845703125 24.613374710083007813 24.613636016845703125 24.614044189453125 24.614564895629882813 24.615032196044921875 24.615530014038085938 24.616273880004882813 24.61821746826171875 24.620206832885742188 24.623388290405273438 24.626977920532226563 24.632108688354492188 24.637807846069335938 24.640947341918945313 24.643251419067382813 24.645238876342773438 24.64678192138671875 24.648824691772460938 24.65048980712890625 24.645397186279296875 24.6444244384765625 24.647062301635742188 24.64997100830078125
