INPUT/RASTER/ASCII/BIO15.asc
ncols        225
nrows        269
xllcorner    473009.983799999987
yllcorner    4429051.174800000153
cellsize     50.000000000000
NODATA_value  -9999
[rows 76 to 94 of 269, columns 44 to 87 of 225]
53.642978668212890625 53.633861541748046875 53.625125885009765625 53.619464874267578125 53.611530303955078125 53.611370086669921875 53.656955718994140625 53.712764739990234375 53.7187957763671875 53.716075897216796875 53.714099884033203125 53.713199615478515625 53.7137451171875 53.71125030517578125 53.705120086669921875 53.6968994140625 53.69081878662109375 53.681423187255859375 53.672290802001953125 53.663387298583984375 53.653156280517578125 53.64505767822265625 53.6406402587890625 53.63365936279296875 53.62519073486328125 53.6165618896484375 53.60868072509765625 53.602649688720703125 53.599224090576171875 53.594287872314453125 53.589107513427734375 53.585540771484375 53.58177947998046875 53.57590484619140625 53.570911407470703125 53.56513214111328125 53.554721832275390625 53.54048919677734375 53.52558135986328125 53.51401519775390625 53.507659912109375 53.500125885009765625 53.490200042724609375 53.48250579833984375
53.6441650390625 53.6341705322265625 53.6246795654296875 53.61862945556640625 53.61113739013671875 53.622188568115234375 53.689426422119140625 53.726871490478515625 53.7251739501953125 53.722431182861328125 53.720890045166015625 53.720272064208984375 53.719249725341796875 53.7132720947265625 53.704410552978515625 53.694850921630859375 53.688480377197265625 53.679195404052734375 53.670413970947265625 53.661773681640625 53.651660919189453125 53.643707275390625 53.6397857666015625 53.632862091064453125 53.624011993408203125 53.615695953369140625 53.607952117919921875 53.602100372314453125 53.598445892333984375 53.59326934814453125 53.58792877197265625 53.58374786376953125 53.57935333251953125 53.573883056640625 53.570102691650390625 53.566532135009765625 53.55892181396484375 53.54505157470703125 53.528476715087890625 53.5157318115234375 53.508899688720703125 53.501148223876953125 53.49117279052734375 53.483188629150390625
53.646366119384765625 53.6356964111328125 53.62564849853515625 53.619419097900390625 53.613758087158203125 53.63401031494140625 53.705204010009765625 53.737178802490234375 53.734100341796875 53.73099517822265625 53.729022979736328125 53.726734161376953125 53.722240447998046875 53.7131500244140625 53.702426910400390625 53.692089080810546875 53.6859130859375 53.677272796630859375 53.66866302490234375 53.660060882568359375 53.649932861328125 53.641941070556640625 53.637821197509765625 53.63097381591796875 53.622554779052734375 53.61467742919921875 53.607128143310546875 53.6014862060546875 53.5977630615234375 53.592067718505859375 53.586177825927734375 53.581451416015625 53.5765533447265625 53.571521759033203125 53.568889617919921875 53.567401885986328125 53.56233978271484375 53.54866790771484375 53.5301513671875 53.51663970947265625 53.50983428955078125 53.50186920166015625 53.492084503173828125 53.48450469970703125
53.649280548095703125 53.639270782470703125 53.6289825439453125 53.622669219970703125 53.627857208251953125 53.673450469970703125 53.7305908203125 53.745922088623046875 53.74151611328125 53.738010406494140625 53.735477447509765625 53.73114013671875 53.723506927490234375 53.71147918701171875 53.699283599853515625 53.689014434814453125 53.683162689208984375 53.674907684326171875 53.666431427001953125 53.657833099365234375 53.647686004638671875 53.6396026611328125 53.635036468505859375 53.6282806396484375 53.620555877685546875 53.6129150390625 53.6060028076171875 53.600727081298828125 53.597072601318359375 53.59098052978515625 53.584217071533203125 53.579158782958984375 53.574245452880859375 53.5699615478515625 53.568023681640625 53.567241668701171875 53.562778472900390625 53.5499267578125 53.53121185302734375 53.517124176025390625 53.510406494140625 53.502635955810546875 53.49292755126953125 53.48555755615234375
53.65303802490234375 53.64559173583984375 53.637012481689453125 53.632282257080078125 53.66077423095703125 53.730678558349609375 53.75429534912109375 53.75189971923828125 53.746341705322265625 53.742527008056640625 53.739398956298828125 53.7335205078125 53.72406005859375 53.710052490234375 53.6968231201171875 53.68686676025390625 53.6811981201171875 53.67291259765625 53.66440582275390625 53.655796051025390625 53.645626068115234375 53.637561798095703125 53.633060455322265625 53.626251220703125 53.6185760498046875 53.61138916015625 53.604877471923828125 53.599796295166015625 53.596221923828125 53.58978271484375 53.5823516845703125 53.57733154296875 53.572666168212890625 53.568523406982421875 53.56697845458984375 53.56616973876953125 53.561489105224609375 53.55027008056640625 53.532894134521484375 53.518230438232421875 53.511173248291015625 53.50344085693359375 53.493640899658203125 53.486202239990234375
53.65547943115234375 53.64968109130859375 53.64349365234375 53.6434783935546875 53.692291259765625 53.756557464599609375 53.759708404541015625 53.754535675048828125 53.74900054931640625 53.744785308837890625 53.741241455078125 53.73456573486328125 53.724521636962890625 53.71048736572265625 53.696689605712890625 53.686614990234375 53.6804351806640625 53.671764373779296875 53.6630859375 53.65435791015625 53.644138336181640625 53.636066436767578125 53.63146209716796875 53.624599456787109375 53.617374420166015625 53.610485076904296875 53.60379791259765625 53.598659515380859375 53.59503936767578125 53.58809661865234375 53.580814361572265625 53.575923919677734375 53.57111358642578125 53.566375732421875 53.565006256103515625 53.564708709716796875 53.560482025146484375 53.549274444580078125 53.533100128173828125 53.51921844482421875 53.51218414306640625 53.504276275634765625 53.494274139404296875 53.4869232177734375
53.65515899658203125 53.65016937255859375 53.64609527587890625 53.65831756591796875 53.737762451171875 53.76596832275390625 53.761539459228515625 53.755687713623046875 53.750026702880859375 53.7454986572265625 53.741542816162109375 53.734676361083984375 53.725673675537109375 53.713550567626953125 53.69986724853515625 53.69034576416015625 53.68158721923828125 53.67154693603515625 53.662448883056640625 53.653076171875 53.64247894287109375 53.634349822998046875 53.629451751708984375 53.622467041015625 53.615856170654296875 53.6092376708984375 53.602252960205078125 53.59682464599609375 53.593036651611328125 53.586536407470703125 53.579868316650390625 53.575038909912109375 53.570652008056640625 53.566326141357421875 53.5655059814453125 53.56604766845703125 53.561275482177734375 53.547748565673828125 53.531768798828125 53.5193023681640625 53.51285552978515625 53.50518035888671875 53.495204925537109375 53.48799896240234375
53.65350341796875 53.649654388427734375 53.649883270263671875 53.670604705810546875 53.760921478271484375 53.7714996337890625 53.763690948486328125 53.756927490234375 53.750637054443359375 53.745815277099609375 53.741680145263671875 53.734485626220703125 53.726055145263671875 53.7157745361328125 53.70316314697265625 53.69425201416015625 53.683910369873046875 53.6725921630859375 53.662811279296875 53.65247344970703125 53.640972137451171875 53.632717132568359375 53.6278839111328125 53.621128082275390625 53.614643096923828125 53.607913970947265625 53.6004486083984375 53.594631195068359375 53.590877532958984375 53.58527374267578125 53.5792083740234375 53.5746917724609375 53.57128143310546875 53.569110870361328125 53.56943511962890625 53.5700225830078125 53.562957763671875 53.545749664306640625 53.52945709228515625 53.518512725830078125 53.513057708740234375 53.50653076171875 53.4972381591796875 53.490139007568359375
53.653018951416015625 53.65123748779296875 53.668949127197265625 53.701862335205078125 53.769184112548828125 53.77504730224609375 53.76662445068359375 53.758419036865234375 53.751468658447265625 53.74669647216796875 53.74221038818359375 53.734439849853515625 53.72537994384765625 53.715335845947265625 53.703693389892578125 53.69541168212890625 53.6854095458984375 53.673984527587890625 53.66381072998046875 53.652736663818359375 53.640323638916015625 53.6318511962890625 53.627178192138671875 53.620639801025390625 53.614070892333984375 53.606700897216796875 53.59882354736328125 53.59302520751953125 53.58953857421875 53.584445953369140625 53.578826904296875 53.574611663818359375 53.57183837890625 53.571247100830078125 53.572582244873046875 53.572994232177734375 53.56342315673828125 53.54375457763671875 53.5278778076171875 53.518672943115234375 53.5145263671875 53.50977325439453125 53.502109527587890625 53.49494171142578125
53.6555023193359375 53.662448883056640625 53.71389007568359375 53.760059356689453125 53.781158447265625 53.778270721435546875 53.769519805908203125 53.759979248046875 53.7523040771484375 53.7476959228515625 53.74303436279296875 53.734943389892578125 53.724933624267578125 53.7138214111328125 53.7024078369140625 53.695102691650390625 53.686046600341796875 53.675395965576171875 53.66551971435546875 53.654239654541015625 53.64128875732421875 53.632480621337890625 53.627590179443359375 53.6205596923828125 53.613590240478515625 53.605724334716796875 53.597736358642578125 53.592174530029296875 53.58895111083984375 53.58409881591796875 53.578884124755859375 53.574909210205078125 53.5726165771484375 53.572231292724609375 53.5737457275390625 53.57392120361328125 53.56378173828125 53.544055938720703125 53.52895355224609375 53.52129364013671875 53.518985748291015625 53.51714324951171875 53.511249542236328125 53.503803253173828125
53.662715911865234375 53.69026947021484375 53.7577667236328125 53.784564971923828125 53.7857666015625 53.779636383056640625 53.77117156982421875 53.76128387451171875 53.7528839111328125 53.748260498046875 53.74433135986328125 53.7368011474609375 53.7258758544921875 53.712818145751953125 53.70067596435546875 53.693843841552734375 53.685909271240234375 53.6763916015625 53.667186737060546875 53.6566162109375 53.64385986328125 53.63465118408203125 53.629169464111328125 53.6212310791015625 53.613536834716796875 53.605686187744140625 53.597743988037109375 53.5921173095703125 53.58898162841796875 53.58451080322265625 53.579769134521484375 53.575901031494140625 53.57381439208984375 53.57384490966796875 53.57472991943359375 53.574619293212890625 53.567684173583984375 53.55084228515625 53.536041259765625 53.529331207275390625 53.5279388427734375 53.52654266357421875 53.519397735595703125 53.5106353759765625
53.67632293701171875 53.719280242919921875 53.77420806884765625 53.787158966064453125 53.785282135009765625 53.778491973876953125 53.770679473876953125 53.762218475341796875 53.754627227783203125 53.749500274658203125 53.745861053466796875 53.739154815673828125 53.728076934814453125 53.714046478271484375 53.70096588134765625 53.693515777587890625 53.685596466064453125 53.676532745361328125 53.667819976806640625 53.65778350830078125 53.645824432373046875 53.637020111083984375 53.631229400634765625 53.62261962890625 53.61463165283203125 53.60747528076171875 53.599872589111328125 53.59423065185546875 53.591243743896484375 53.586963653564453125 53.581768035888671875 53.577392578125 53.575023651123046875 53.5750732421875 53.57559967041015625 53.576145172119140625 53.573272705078125 53.561313629150390625 53.548664093017578125 53.54227447509765625 53.539886474609375 53.53597259521484375 53.525074005126953125 53.514041900634765625
53.69434356689453125 53.7570037841796875 53.789867401123046875 53.788974761962890625 53.7833709716796875 53.776462554931640625 53.770488739013671875 53.763774871826171875 53.75643157958984375 53.751155853271484375 53.74706268310546875 53.74007415771484375 53.729755401611328125 53.716480255126953125 53.703357696533203125 53.69547271728515625 53.686870574951171875 53.677516937255859375 53.6690826416015625 53.65941619873046875 53.64812469482421875 53.6400909423828125 53.634571075439453125 53.62596893310546875 53.61824798583984375 53.61106109619140625 53.603740692138671875 53.597888946533203125 53.594875335693359375 53.590496063232421875 53.585041046142578125 53.58062744140625 53.578807830810546875 53.57930755615234375 53.57935333251953125 53.579189300537109375 53.577396392822265625 53.569278717041015625 53.559925079345703125 53.553531646728515625 53.5499114990234375 53.54364776611328125 53.52984619140625 53.517333984375
53.705608367919921875 53.768833160400390625 53.795879364013671875 53.792026519775390625 53.782619476318359375 53.774662017822265625 53.770488739013671875 53.7653961181640625 53.757823944091796875 53.752155303955078125 53.747440338134765625 53.739513397216796875 53.729625701904296875 53.71772003173828125 53.705150604248046875 53.697246551513671875 53.68828582763671875 53.67887115478515625 53.670772552490234375 53.6616668701171875 53.65082550048828125 53.64331817626953125 53.638671875 53.631206512451171875 53.62384033203125 53.615604400634765625 53.608066558837890625 53.6024322509765625 53.59947967529296875 53.595142364501953125 53.589630126953125 53.585712432861328125 53.585544586181640625 53.587383270263671875 53.5864410400390625 53.5841827392578125 53.58160400390625 53.574619293212890625 53.566196441650390625 53.559368133544921875 53.55490875244140625 53.547359466552734375 53.533473968505859375 53.52094268798828125
53.73471832275390625 53.791698455810546875 53.8035736083984375 53.79734039306640625 53.784168243408203125 53.77417755126953125 53.770702362060546875 53.766628265380859375 53.758647918701171875 53.752429962158203125 53.74687957763671875 53.73802947998046875 53.72817230224609375 53.717193603515625 53.705486297607421875 53.698123931884765625 53.689571380615234375 53.680309295654296875 53.6727294921875 53.66449737548828125 53.654277801513671875 53.64716339111328125 53.64290618896484375 53.63622283935546875 53.628932952880859375 53.619964599609375 53.612377166748046875 53.60764312744140625 53.605106353759765625 53.60125732421875 53.595966339111328125 53.592952728271484375 53.594135284423828125 53.596096038818359375 53.594043731689453125 53.589977264404296875 53.586063385009765625 53.578678131103515625 53.56946563720703125 53.56103515625 53.55535125732421875 53.546794891357421875 53.534191131591796875 53.523372650146484375
53.770610809326171875 53.81334686279296875 53.809528350830078125 53.80164337158203125 53.788028717041015625 53.776889801025390625 53.771633148193359375 53.766048431396484375 53.7581634521484375 53.752300262451171875 53.745090484619140625 53.735416412353515625 53.72563934326171875 53.715526580810546875 53.7050323486328125 53.69861602783203125 53.691036224365234375 53.68224334716796875 53.675205230712890625 53.66776275634765625 53.657825469970703125 53.650669097900390625 53.646213531494140625 53.639377593994140625 53.6317596435546875 53.623443603515625 53.6168670654296875 53.61380767822265625 53.612163543701171875 53.608795166015625 53.60430908203125 53.60260772705078125 53.603855133056640625 53.603771209716796875 53.600677490234375 53.595699310302734375 53.5905914306640625 53.58229827880859375 53.571575164794921875 53.560337066650390625 53.552791595458984375 53.5434417724609375 53.532505035400390625 53.52313232421875
53.802692413330078125 53.818881988525390625 53.8104705810546875 53.802539825439453125 53.790889739990234375 53.779697418212890625 53.7711944580078125 53.7625885009765625 53.754772186279296875 53.749935150146484375 53.742244720458984375 53.732364654541015625 53.722217559814453125 53.713214874267578125 53.704669952392578125 53.699432373046875 53.693035125732421875 53.685260772705078125 53.6779937744140625 53.670185089111328125 53.660160064697265625 53.65254974365234375 53.64786529541015625 53.6405792236328125 53.632720947265625 53.62537384033203125 53.620296478271484375 53.618450164794921875 53.6172027587890625 53.6136322021484375 53.610454559326171875 53.61058807373046875 53.610645294189453125 53.607631683349609375 53.6037139892578125 53.598941802978515625 53.5936737060546875 53.584808349609375 53.57372283935546875 53.56020355224609375 53.550449371337890625 53.540042877197265625 53.529827117919921875 53.521144866943359375
53.825725555419921875 53.82077789306640625 53.809505462646484375 53.801158905029296875 53.789493560791015625 53.7777252197265625 53.767932891845703125 53.7584228515625 53.750797271728515625 53.746250152587890625 53.73943328857421875 53.730388641357421875 53.719799041748046875 53.711101531982421875 53.703853607177734375 53.69968414306640625 53.694705963134765625 53.68804931640625 53.6800079345703125 53.67096710205078125 53.66054534912109375 53.652584075927734375 53.64781951904296875 53.640674591064453125 53.6327362060546875 53.62564849853515625 53.62059783935546875 53.61844635009765625 53.61658477783203125 53.612506866455078125 53.61101531982421875 53.61234283447265625 53.610660552978515625 53.605804443359375 53.601470947265625 53.598178863525390625 53.5940399169921875 53.58526611328125 53.575305938720703125 53.563205718994140625 53.552845001220703125 53.53961944580078125 53.527294158935546875 53.51651763916015625
53.828845977783203125 53.82053375244140625 53.806915283203125 53.797245025634765625 53.784442901611328125 53.7716522216796875 53.761943817138671875 53.753757476806640625 53.747203826904296875 53.74310302734375 53.736644744873046875 53.728275299072265625 53.71787261962890625 53.70914459228515625 53.702301025390625 53.69870758056640625 53.694976806640625 53.689117431640625 53.680805206298828125 53.671356201171875 53.660732269287109375 53.652347564697265625 53.647350311279296875 53.6400604248046875 53.632251739501953125 53.62541961669921875 53.620052337646484375 53.617115020751953125 53.614017486572265625 53.609050750732421875 53.608318328857421875 53.609912872314453125 53.60739898681640625 53.60190582275390625 53.597625732421875 53.596118927001953125 53.593021392822265625 53.58415985107421875 53.5746002197265625 53.56432342529296875 53.55452728271484375 53.536266326904296875 53.518451690673828125 53.498790740966796875
