INPUT/RASTER/ASCII/BIO14.asc
ncols        225
nrows        269
xllcorner    473000.000000000000
yllcorner    4429100.000000000000
cellsize     50.000000000000
NODATA_value -9999
[rows 100 to 119 of 269, columns 88 to 131 of 225]
7.5528283119201660156 7.5537233352661132812 7.5483279228210449219 -9999 -9999 -9999 -9999 -9999 -9999 -9999 -9999 -9999 -9999 -9999 7.465423583984375 7.4643425941467285156 7.488994598388671875 7.4990038871765136719 7.4810652732849121094 7.4609818458557128906 7.4408707618713378906 7.4364442825317382812 7.4337930679321289062 7.4412846565246582031 7.4638910293579101562 7.50136566162109375 7.5125732421875 7.5392704010009765625 7.5792016983032226562 7.5967092514038085938 7.6037950515747070312 7.6104044914245605469 7.6102976799011230469 -9999 -9999 -9999 -9999 -9999 -9999 -9999 -9999 -9999 -9999 -9999
7.5639433860778808594 7.5676712989807128906 7.5646772384643554688 7.5479865074157714844 -9999 -9999 -9999 -9999 -9999 -9999 -9999 -9999 -9999 7.4722189903259277344 7.465656280517578125 7.4624905586242675781 7.463470458984375 7.4565854072570800781 7.4345822334289550781 7.4156589508056640625 7.4150409698486328125 7.4358744621276855469 7.4247493743896484375 7.4333748817443847656 7.4793958663940429688 7.5232419967651367188 7.5356469154357910156 7.5501132011413574219 7.5767812728881835938 7.5812382698059082031 7.5844454765319824219 7.5985608100891113281 7.6048736572265625 -9999 -9999 -9999 -9999 -9999 -9999 -9999 -9999 -9999 -9999 -9999
7.569408416748046875 7.5752482414245605469 7.5734319686889648438 7.560672760009765625 -9999 -9999 -9999 -9999 -9999 -9999 -9999 -9999 7.493267059326171875 7.4771027565002441406 7.4658484458923339844 7.4644412994384765625 7.4608249664306640625 7.4492902755737304688 7.4350295066833496094 7.4290685653686523438 7.4379363059997558594 7.4179544448852539062 7.4099125862121582031 7.397876739501953125 7.4504995346069335938 7.5021414756774902344 7.5397863388061523438 7.5332007408142089844 7.5695958137512207031 7.5636067390441894531 7.5636210441589355469 7.5781736373901367188 7.5965752601623535156 -9999 -9999 -9999 -9999 -9999 -9999 -9999 -9999 -9999 -9999 -9999
7.5845932960510253906 7.5874319076538085938 7.58507537841796875 7.5704555511474609375 7.5327067375183105469 -9999 -9999 -9999 -9999 -9999 -9999 7.508411407470703125 7.5027990341186523438 7.4886751174926757812 7.4697785377502441406 7.4683413505554199219 7.4590816497802734375 7.4502592086791992188 7.44366455078125 7.4528264999389648438 7.4740576744079589844 7.4606046676635742188 7.4442768096923828125 7.4019374847412109375 7.4072828292846679688 7.4334349632263183594 7.4837145805358886719 7.4795460700988769531 7.5362062454223632812 7.5375065803527832031 7.5397090911865234375 7.5709695816040039062 7.5696692466735839844 -9999 -9999 -9999 -9999 -9999 -9999 -9999 -9999 -9999 -9999 -9999
7.6072478294372558594 7.6091685295104980469 7.6118674278259277344 7.5751872062683105469 7.5665826797485351562 -9999 -9999 -9999 -9999 -9999 7.5220966339111328125 7.5213422775268554688 7.5123877525329589844 7.4956898689270019531 7.4831638336181640625 7.4756622314453125 7.4705648422241210938 7.4626474380493164062 7.4608430862426757812 7.4883813858032226562 7.4978780746459960938 7.4999570846557617188 7.4727392196655273438 7.4398031234741210938 7.380023956298828125 7.3816637992858886719 7.42055511474609375 7.45189666748046875 7.4951443672180175781 7.50628662109375 7.5074262619018554688 7.5237917900085449219 7.5382800102233886719 -9999 -9999 -9999 -9999 -9999 -9999 -9999 -9999 -9999 -9999 -9999
7.6183948516845703125 7.6153512001037597656 7.6100478172302246094 7.5953516960144042969 7.6299457550048828125 7.6232461929321289062 -9999 -9999 -9999 7.5573368072509765625 7.5327944755554199219 7.5241746902465820312 7.5167832374572753906 7.5012922286987304688 7.4907555580139160156 7.4837713241577148438 7.4819202423095703125 7.4798688888549804688 7.4873480796813964844 7.503021240234375 7.5073213577270507812 7.5032258033752441406 7.4866571426391601562 7.4421477317810058594 7.3960332870483398438 7.381378173828125 7.4044399261474609375 7.4342904090881347656 7.4620223045349121094 7.4870882034301757812 7.4983119964599609375 7.5157098770141601562 7.5281634330749511719 -9999 -9999 -9999 -9999 -9999 -9999 -9999 -9999 -9999 -9999 -9999
7.6255388259887695312 7.6148624420166015625 7.6195278167724609375 7.6442656517028808594 7.6961050033569335938 7.6974072456359863281 7.6782031059265136719 7.65943145751953125 7.6124815940856933594 7.5715041160583496094 7.538570404052734375 7.5250768661499023438 7.5178956985473632812 7.503154754638671875 7.4925894737243652344 7.4860982894897460938 7.4809112548828125 7.4845280647277832031 7.4976024627685546875 7.5104999542236328125 7.5109553337097167969 7.5069189071655273438 7.4897818565368652344 7.4512643814086914062 7.4082169532775878906 7.3782558441162109375 7.3854432106018066406 7.4126629829406738281 7.4260168075561523438 7.4515256881713867188 7.4787888526916503906 7.5033192634582519531 7.5188198089599609375 7.515094757080078125 -9999 -9999 -9999 -9999 -9999 -9999 -9999 -9999 -9999 -9999
7.6330213546752929688 7.6169004440307617188 7.6299152374267578125 7.6882028579711914062 7.7395548820495605469 7.7427506446838378906 7.7371735572814941406 7.698154449462890625 7.6464104652404785156 7.5761852264404296875 7.5387682914733886719 7.5240488052368164062 7.5174880027770996094 7.5018372535705566406 7.4943814277648925781 7.4855265617370605469 7.4789137840270996094 7.4867138862609863281 7.5077185630798339844 7.5188784599304199219 7.5183663368225097656 7.5152897834777832031 7.4974069595336914062 7.465480804443359375 7.425075531005859375 7.3754029273986816406 7.3720636367797851562 7.3863649368286132812 7.3946814537048339844 7.4118051528930664062 7.4461984634399414062 7.4776458740234375 7.5037360191345214844 7.4998126029968261719 7.4988765716552734375 -9999 -9999 -9999 -9999 -9999 -9999 -9999 -9999 -9999
7.6471343040466308594 7.6222667694091796875 7.6355423927307128906 7.708892822265625 7.7517919540405273438 7.755390167236328125 7.7555932998657226562 7.6999950408935546875 7.6490397453308105469 7.5723257064819335938 7.5360436439514160156 7.5192012786865234375 7.5161156654357910156 7.4999370574951171875 7.4885735511779785156 7.4831175804138183594 7.48065185546875 7.4936695098876953125 7.5193734169006347656 7.5291013717651367188 7.527645111083984375 7.5217251777648925781 7.5065846443176269531 7.4801421165466308594 7.4532222747802734375 7.3922119140625 7.3775272369384765625 7.3778462409973144531 7.3802976608276367188 7.3819937705993652344 7.4009218215942382812 7.4264078140258789062 7.4723033905029296875 7.4740772247314453125 7.483844757080078125 7.4782004356384277344 -9999 -9999 -9999 -9999 -9999 -9999 -9999 -9999
7.6625771522521972656 7.651073455810546875 7.6647500991821289062 7.7237181663513183594 7.752655029296875 7.7499842643737792969 7.7310309410095214844 7.6706228256225585938 7.6254777908325195312 7.5627574920654296875 7.5330572128295898438 7.5152578353881835938 7.5122923851013183594 7.5024466514587402344 7.4959492683410644531 7.4881305694580078125 7.4908494949340820312 7.5123562812805175781 7.5276322364807128906 7.5307769775390625 7.5306653976440429688 7.525279998779296875 7.5119886398315429688 7.4970035552978515625 7.4850978851318359375 7.4366354942321777344 7.4131703376770019531 7.3933587074279785156 7.3790860176086425781 7.3651509284973144531 7.3626890182495117188 7.3845577239990234375 7.4348416328430175781 7.445446014404296875 7.4665522575378417969 7.4678125381469726562 7.4624729156494140625 -9999 -9999 -9999 -9999 -9999 -9999 -9999
7.6615166664123535156 7.6691966056823730469 7.6863622665405273438 7.708644866943359375 7.7183694839477539062 7.715362548828125 7.6905775070190429688 7.6372699737548828125 7.6099271774291992188 7.5788102149963378906 7.5498280525207519531 7.5251965522766113281 7.5190672874450683594 7.5161652565002441406 7.5138731002807617188 7.5146145820617675781 7.5215063095092773438 7.530033111572265625 7.5330996513366699219 7.5339918136596679688 7.5334277153015136719 7.5256376266479492188 7.5196261405944824219 7.5160689353942871094 7.5165829658508300781 7.5070104598999023438 7.4956378936767578125 7.4637694358825683594 7.4133434295654296875 7.3759775161743164062 7.350833892822265625 7.3592500686645507812 7.3990626335144042969 7.418224334716796875 7.4467296600341796875 7.4572381973266601562 7.4531526565551757812 7.4492373466491699219 -9999 -9999 -9999 -9999 -9999 -9999
7.6206836700439453125 7.6331691741943359375 7.6529560089111328125 7.6728091239929199219 7.6888895034790039062 7.6925220489501953125 7.6870622634887695312 7.6569056510925292969 7.6305799484252929688 7.5899400711059570312 7.5566878318786621094 7.53435516357421875 7.5273766517639160156 7.525302886962890625 7.5230145454406738281 7.5239300727844238281 7.5296850204467773438 7.5373234748840332031 7.5383362770080566406 7.53647613525390625 7.5350871086120605469 7.527164459228515625 7.5216126441955566406 7.5187563896179199219 7.5199708938598632812 7.5154547691345214844 7.506565093994140625 7.4809794425964355469 7.4015789031982421875 7.3741827011108398438 7.3525905609130859375 7.3606772422790527344 7.402416229248046875 7.4224681854248046875 7.4460206031799316406 7.4520893096923828125 7.4488544464111328125 7.4420957565307617188 7.446170806884765625 -9999 -9999 -9999 -9999 -9999
7.6093811988830566406 7.6126074790954589844 7.6215543746948242188 7.63059234619140625 7.6499247550964355469 7.6675052642822265625 7.6759672164916992188 7.6604437828063964844 7.63848114013671875 7.600086212158203125 7.5661387443542480469 7.5434737205505371094 7.5383868217468261719 7.5316524505615234375 7.5283350944519042969 7.5316514968872070312 7.5378198623657226562 7.5460000038146972656 7.5446190834045410156 7.5398607254028320312 7.5374302864074707031 7.5295886993408203125 7.5252084732055664062 7.5208783149719238281 7.5223646163940429688 7.5194344520568847656 7.5136613845825195312 7.4948706626892089844 7.4275469779968261719 7.38043212890625 7.3438887596130371094 7.3582668304443359375 7.398815155029296875 7.4247598648071289062 7.4417295455932617188 7.4471440315246582031 7.4444837570190429688 7.4347949028015136719 7.4379835128784179688 7.4417881965637207031 -9999 -9999 -9999 -9999
7.5979595184326171875 7.6000699996948242188 7.6033411026000976562 7.6116232872009277344 7.6269822120666503906 7.6484942436218261719 7.6615571975708007812 7.64977264404296875 7.6339731216430664062 7.6026363372802734375 7.5765123367309570312 7.5534954071044921875 7.5492048263549804688 7.5406103134155273438 7.5336132049560546875 7.5407185554504394531 7.5478010177612304688 7.5536584854125976562 7.5532021522521972656 7.5450887680053710938 7.5444655418395996094 7.5338568687438964844 7.5301990509033203125 7.5231986045837402344 7.5209307670593261719 7.5161089897155761719 7.5131497383117675781 7.4986104965209960938 7.4449601173400878906 7.3829240798950195312 7.32855987548828125 7.3510737419128417969 7.3710565567016601562 7.4156522750854492188 7.4295678138732910156 7.4368877410888671875 7.438152313232421875 7.4179525375366210938 7.4202694892883300781 7.4187526702880859375 -9999 -9999 -9999 -9999
7.5932402610778808594 7.5973277091979980469 7.5964274406433105469 7.6071944236755371094 7.6228952407836914062 7.6400933265686035156 7.6503510475158691406 7.643787384033203125 7.6302704811096191406 7.6051468849182128906 7.5892057418823242188 7.5644211769104003906 7.5614600181579589844 7.5530910491943359375 7.5464076995849609375 7.5501265525817871094 7.5577392578125 7.560405731201171875 7.56134796142578125 7.5559396743774414062 7.5575518608093261719 7.5428018569946289062 7.5386877059936523438 7.5284075736999511719 7.5203924179077148438 7.5117540359497070312 7.508808135986328125 7.4914598464965820312 7.4462594985961914062 7.3795857429504394531 7.3261342048645019531 7.3457117080688476562 7.3638243675231933594 7.40459442138671875 7.4134392738342285156 7.4156050682067871094 7.4213590621948242188 7.3998084068298339844 7.3930315971374511719 7.3915972709655761719 -9999 -9999 -9999 -9999
7.5992236137390136719 7.6020450592041015625 7.6034588813781738281 7.6105394363403320312 7.624248504638671875 7.6360788345336914062 7.6408252716064453125 7.634731292724609375 7.6295528411865234375 7.6111969947814941406 7.5966320037841796875 7.5778937339782714844 7.5707521438598632812 7.5650548934936523438 7.5598473548889160156 7.549900054931640625 7.555084228515625 7.5602812767028808594 7.5659589767456054688 7.5704884529113769531 7.5716619491577148438 7.5564250946044921875 7.5479345321655273438 7.5310754776000976562 7.5211195945739746094 7.5082936286926269531 7.5006375312805175781 7.4884357452392578125 7.4333362579345703125 7.3778429031372070312 7.3274440765380859375 7.3402929306030273438 7.3517370223999023438 7.3915867805480957031 7.3959894180297851562 7.3963174819946289062 7.4054431915283203125 7.3675055503845214844 7.3676095008850097656 7.3574304580688476562 -9999 -9999 -9999 -9999
7.598968505859375 7.6032400131225585938 7.6042990684509277344 7.6144800186157226562 7.6184554100036621094 7.6237893104553222656 7.6090450286865234375 7.6141595840454101562 7.6103649139404296875 7.5930738449096679688 7.5905871391296386719 7.5755968093872070312 7.573749542236328125 7.5648369789123535156 7.5527677536010742188 7.54126739501953125 7.5347146987915039062 7.551738739013671875 7.5715703964233398438 7.5840578079223632812 7.5849027633666992188 7.5764265060424804688 7.5575714111328125 7.540149688720703125 7.5255756378173828125 7.5199613571166992188 7.5124635696411132812 7.4961080551147460938 7.4366946220397949219 7.371623992919921875 7.3367528915405273438 7.3298015594482421875 7.3350434303283691406 7.3616418838500976562 7.381633758544921875 7.3817396163940429688 7.3578100204467773438 7.3367137908935546875 7.3283143043518066406 7.3350248336791992188 -9999 -9999 -9999 -9999
7.5911149978637695312 7.5911870002746582031 7.5877532958984375 7.606884002685546875 7.6075682640075683594 7.6084890365600585938 7.592479705810546875 7.5925264358520507812 7.5892610549926757812 7.5764975547790527344 7.5778002738952636719 7.572940826416015625 7.5611157417297363281 7.5509490966796875 7.5417370796203613281 7.5311388969421386719 7.5283799171447753906 7.5422530174255371094 7.5718173980712890625 7.5925264358520507812 7.5951147079467773438 7.5962934494018554688 7.5763912200927734375 7.5585317611694335938 7.5414581298828125 7.5270934104919433594 7.5165867805480957031 7.4913678169250488281 7.4368681907653808594 7.3918042182922363281 7.3404402732849121094 7.3275132179260253906 7.3305954933166503906 7.336151123046875 7.3575201034545898438 7.3547873497009277344 7.3317098617553710938 7.3332791328430175781 7.335174560546875 7.335437774658203125 -9999 -9999 -9999 -9999
7.5753931999206542969 7.5708909034729003906 7.5692815780639648438 7.5878696441650390625 7.585308074951171875 7.5857572555541992188 7.5711536407470703125 7.5719838142395019531 7.5679326057434082031 7.5532693862915039062 7.5602383613586425781 7.5458779335021972656 7.5387282371520996094 7.5338540077209472656 7.52783203125 7.5228514671325683594 7.5210595130920410156 7.5382285118103027344 7.5699205398559570312 7.5974445343017578125 7.6057405471801757812 7.6115813255310058594 7.592960357666015625 7.5718936920166015625 7.5492649078369140625 7.5252070426940917969 7.5100626945495605469 7.4868574142456054688 7.4378633499145507812 7.3992776870727539062 7.3539991378784179688 7.3350515365600585938 7.3279461860656738281 7.3266444206237792969 7.3336782455444335938 7.3329534530639648438 7.3268337249755859375 7.3329877853393554688 7.3358969688415527344 7.3399310111999511719 -9999 -9999 -9999 -9999
7.5580511093139648438 7.5561656951904296875 7.5564403533935546875 7.5669994354248046875 7.5649003982543945312 7.5583648681640625 7.5450663566589355469 7.5480194091796875 7.5431232452392578125 7.5356721878051757812 7.5418305397033691406 7.5310564041137695312 7.5273966789245605469 7.5242605209350585938 7.5204987525939941406 7.5123739242553710938 7.512752532958984375 7.5350222587585449219 7.5687785148620605469 7.6004314422607421875 7.6153202056884765625 7.6239914894104003906 7.6071119308471679688 7.5785980224609375 7.5555171966552734375 7.5294628143310546875 7.5167179107666015625 7.4919214248657226562 7.4473133087158203125 7.41002655029296875 7.3715224266052246094 7.3444294929504394531 7.3301296234130859375 7.3227558135986328125 7.3248033523559570312 7.3259792327880859375 7.3285183906555175781 7.3348021507263183594 7.3365683555603027344 -9999 -9999 -9999 -9999 -9999
