INPUT/RASTER/ASCII/BIO17.asc
ncols        225
nrows        269
xllcorner    473000.000000000000
yllcorner    4429100.000000000000
cellsize     50.000000000000
NODATA_value -9999
[rows 220 to 239 of 269, columns 176 to 219 of 225]
24.059324264526367188 24.153533935546875 24.243665695190429688 24.2988128662109375 24.3718414306640625 24.640245437622070312 24.906053543090820312 24.987674713134765625 25.021898269653320312 25.057193756103515625 25.080308914184570312 25.087503433227539062 25.104991912841796875 25.096563339233398438 25.102994918823242188 25.1131591796875 25.108423233032226562 25.115337371826171875 25.129243850708007812 25.163732528686523438 25.184661865234375 25.2570648193359375 25.304897308349609375 25.3455963134765625 25.386932373046875 25.398023605346679688 25.408290863037109375 25.418087005615234375 25.423833847045898438 25.4317626953125 25.436826705932617188 25.447977066040039062 25.44766998291015625 25.43863677978515625 -9999 -9999 -9999 -9999 -9999 -9999 -9999 -9999 -9999 -9999
24.0822601318359375 24.168333053588867188 24.263713836669921875 24.32550811767578125 24.45014190673828125 24.809988021850585938 24.89865875244140625 24.967927932739257812 24.997724533081054688 25.025028228759765625 25.041803359985351562 25.050935745239257812 25.06982421875 25.059926986694335938 25.065019607543945312 25.08171844482421875 25.078216552734375 25.102954864501953125 25.118532180786132812 25.15720367431640625 25.191289901733398438 25.286922454833984375 25.330572128295898438 25.362939834594726562 25.38579559326171875 25.391550064086914062 25.396453857421875 25.405384063720703125 25.3985137939453125 25.39990234375 25.411834716796875 25.422428131103515625 25.427164077758789062 -9999 -9999 -9999 -9999 -9999 -9999 -9999 -9999 -9999 -9999 -9999
24.1090087890625 24.170076370239257812 24.269990921020507812 24.336904525756835938 24.552808761596679688 24.805578231811523438 24.891399383544921875 24.9481658935546875 24.980215072631835938 25.003810882568359375 25.014331817626953125 25.018953323364257812 25.038463592529296875 25.024305343627929688 25.0270233154296875 25.046443939208984375 25.041601181030273438 25.079095840454101562 25.111608505249023438 25.167413711547851562 25.21318817138671875 25.316637039184570312 25.356227874755859375 25.367269515991210938 25.380817413330078125 25.376874923706054688 25.371633529663085938 25.377378463745117188 25.384958267211914062 25.390949249267578125 25.390897750854492188 25.389942169189453125 -9999 -9999 -9999 -9999 -9999 -9999 -9999 -9999 -9999 -9999 -9999 -9999
24.11663818359375 24.178995132446289062 24.342290878295898438 24.52198028564453125 24.77121734619140625 24.82025909423828125 24.8948822021484375 24.943675994873046875 24.95798492431640625 24.980520248413085938 25.00212860107421875 24.9839935302734375 25.003265380859375 24.974641799926757812 24.981042861938476562 25.011150360107421875 25.00771331787109375 25.055217742919921875 25.112340927124023438 25.181676864624023438 25.231243133544921875 25.325223922729492188 25.35894012451171875 25.358091354370117188 25.372003555297851562 25.352203369140625 25.352830886840820312 25.372282028198242188 25.358839035034179688 25.381978988647460938 25.341367721557617188 -9999 -9999 -9999 -9999 -9999 -9999 -9999 -9999 -9999 -9999 -9999 -9999 -9999
24.128017425537109375 24.213373184204101562 24.30467987060546875 24.77472686767578125 24.81055450439453125 24.870267868041992188 24.903232574462890625 24.92473602294921875 24.953876495361328125 24.960567474365234375 24.956270217895507812 24.935733795166015625 24.93239593505859375 24.92905426025390625 24.943384170532226562 24.9687042236328125 24.987333297729492188 25.064235687255859375 25.137317657470703125 25.182220458984375 25.262945175170898438 25.324893951416015625 25.349029541015625 25.335023880004882812 25.3352203369140625 25.320648193359375 25.3199310302734375 25.3276519775390625 25.279598236083984375 25.310495376586914062 -9999 -9999 -9999 -9999 -9999 -9999 -9999 -9999 -9999 -9999 -9999 -9999 -9999 -9999
24.162328720092773438 24.243825912475585938 24.612133026123046875 24.808198928833007812 24.848560333251953125 24.890300750732421875 24.900974273681640625 24.910274505615234375 24.932264328002929688 24.938776016235351562 24.9187774658203125 24.90760040283203125 24.88524627685546875 24.90648651123046875 24.94429779052734375 24.99210357666015625 25.016933441162109375 25.1009368896484375 25.153886795043945312 25.220117568969726562 25.268932342529296875 25.30814361572265625 25.314807891845703125 25.31764984130859375 25.310455322265625 25.287975311279296875 25.306104660034179688 25.239681243896484375 25.1044769287109375 -9999 -9999 -9999 -9999 -9999 -9999 -9999 -9999 -9999 -9999 -9999 -9999 -9999 -9999 -9999
24.177545547485351562 24.272769927978515625 24.716848373413085938 24.81903076171875 24.86302947998046875 24.88580322265625 24.895738601684570312 24.890424728393554688 24.90869140625 24.90442657470703125 24.879755020141601562 24.8566741943359375 24.846151351928710938 24.889461517333984375 24.946805953979492188 25.01787567138671875 25.050264358520507812 25.134302139282226562 25.182735443115234375 25.237018585205078125 25.26398468017578125 25.290136337280273438 25.288196563720703125 25.297258377075195312 25.278018951416015625 25.266645431518554688 25.245340347290039062 25.10582733154296875 24.875087738037109375 -9999 -9999 -9999 -9999 -9999 -9999 -9999 -9999 -9999 -9999 -9999 -9999 -9999 -9999 -9999
24.196575164794921875 24.477693557739257812 24.731525421142578125 24.818696975708007812 24.851091384887695312 24.866008758544921875 24.874032974243164062 24.855276107788085938 24.862827301025390625 24.844545364379882812 24.813966751098632812 24.795095443725585938 24.818508148193359375 24.878671646118164062 24.955228805541992188 25.032169342041015625 25.075603485107421875 25.148548126220703125 25.196447372436523438 25.243776321411132812 25.251384735107421875 25.268505096435546875 25.267889022827148438 25.276458740234375 25.253826141357421875 25.225290298461914062 25.108798980712890625 24.84079742431640625 -9999 -9999 -9999 -9999 -9999 -9999 -9999 -9999 -9999 -9999 -9999 -9999 -9999 -9999 -9999 -9999
24.204128265380859375 24.557466506958007812 24.727069854736328125 24.782094955444335938 24.802093505859375 24.80034637451171875 24.820016860961914062 24.801008224487304688 24.786058425903320312 24.755334854125976562 24.729063034057617188 24.7537994384765625 24.82141876220703125 24.884637832641601562 24.9625091552734375 25.0388031005859375 25.081014633178710938 25.139850616455078125 25.188831329345703125 25.228395462036132812 25.25405120849609375 25.270290374755859375 25.278139114379882812 25.269948959350585938 25.24108123779296875 25.176679611206054688 24.936277389526367188 -9999 -9999 -9999 -9999 -9999 -9999 -9999 -9999 -9999 -9999 -9999 -9999 -9999 -9999 -9999 -9999 -9999
24.395998001098632812 24.639522552490234375 24.703493118286132812 24.725749969482421875 24.733530044555664062 24.734668731689453125 24.751432418823242188 24.73526763916015625 24.701601028442382812 24.653148651123046875 24.65178680419921875 24.746120452880859375 24.824314117431640625 24.905887603759765625 24.981927871704101562 25.041604995727539062 25.075672149658203125 25.1273193359375 25.17559051513671875 25.2234039306640625 25.263706207275390625 25.281377792358398438 25.288372039794921875 25.282634735107421875 25.235965728759765625 25.161529541015625 24.90357208251953125 -9999 -9999 -9999 -9999 -9999 -9999 -9999 -9999 -9999 -9999 -9999 -9999 -9999 -9999 -9999 -9999 -9999
24.53736114501953125 24.576656341552734375 24.58370208740234375 24.587522506713867188 24.593832015991210938 24.5879974365234375 24.583623886108398438 24.565525054931640625 24.546674728393554688 24.564517974853515625 24.60036468505859375 24.731298446655273438 24.818605422973632812 24.8990631103515625 24.972644805908203125 25.024242401123046875 25.059383392333984375 25.109859466552734375 25.149061203002929688 25.182867050170898438 25.222169876098632812 25.23955535888671875 25.24765777587890625 25.255949020385742188 25.244800567626953125 25.20345306396484375 -9999 -9999 -9999 -9999 -9999 -9999 -9999 -9999 -9999 -9999 -9999 -9999 -9999 -9999 -9999 -9999 -9999 -9999
24.52527618408203125 24.539148330688476562 24.52951812744140625 24.516820907592773438 24.518239974975585938 24.5108184814453125 24.464380264282226562 24.427143096923828125 24.4618682861328125 24.524599075317382812 24.57654571533203125 24.73363494873046875 24.810001373291015625 24.863819122314453125 24.93839263916015625 25.000255584716796875 25.029102325439453125 25.089641571044921875 25.1212158203125 25.162578582763671875 25.192598342895507812 25.2230224609375 25.242567062377929688 25.246770858764648438 25.247287750244140625 -9999 -9999 -9999 -9999 -9999 -9999 -9999 -9999 -9999 -9999 -9999 -9999 -9999 -9999 -9999 -9999 -9999 -9999 -9999
24.50936126708984375 24.4909820556640625 24.486787796020507812 24.475824356079101562 24.459659576416015625 24.452733993530273438 24.4080963134765625 24.384273529052734375 24.4261322021484375 24.508808135986328125 24.55271148681640625 24.69954681396484375 24.76699066162109375 24.817838668823242188 24.897161483764648438 24.960969924926757812 24.98987579345703125 25.05413055419921875 25.099451065063476562 25.149919509887695312 25.18071746826171875 25.20073699951171875 25.206892013549804688 25.225248336791992188 -9999 -9999 -9999 -9999 -9999 -9999 -9999 -9999 -9999 -9999 -9999 -9999 -9999 -9999 -9999 -9999 -9999 -9999 -9999 -9999
24.443758010864257812 24.420820236206054688 24.440221786499023438 24.4258270263671875 24.4148101806640625 24.40991973876953125 24.373617172241210938 24.387248992919921875 24.438289642333984375 24.520345687866210938 24.559436798095703125 24.665224075317382812 24.72779083251953125 24.781108856201171875 24.862071990966796875 24.925495147705078125 24.956838607788085938 25.030071258544921875 25.082307815551757812 25.144891738891601562 25.174783706665039062 25.19326019287109375 25.201412200927734375 25.215606689453125 -9999 -9999 -9999 -9999 -9999 -9999 -9999 -9999 -9999 -9999 -9999 -9999 -9999 -9999 -9999 -9999 -9999 -9999 -9999 -9999
24.362857818603515625 24.35449981689453125 24.393646240234375 24.387950897216796875 24.376100540161132812 24.363277435302734375 24.341487884521484375 24.394029617309570312 24.454431533813476562 24.537195205688476562 24.562328338623046875 24.664396286010742188 24.719148635864257812 24.786218643188476562 24.86090087890625 24.909114837646484375 24.939830780029296875 25.005931854248046875 25.059123992919921875 25.135122299194335938 25.153676986694335938 25.179355621337890625 25.194665908813476562 -9999 -9999 -9999 -9999 -9999 -9999 -9999 -9999 -9999 -9999 -9999 -9999 -9999 -9999 -9999 -9999 -9999 -9999 -9999 -9999 -9999
24.3125152587890625 24.32018280029296875 24.36234283447265625 24.360166549682617188 24.32477569580078125 24.316619873046875 24.290325164794921875 24.39698028564453125 24.462236404418945312 24.549282073974609375 24.588136672973632812 24.664339065551757812 24.744884490966796875 24.823886871337890625 24.885965347290039062 24.907016754150390625 24.941064834594726562 24.995594024658203125 25.040388107299804688 25.097875595092773438 25.128864288330078125 25.159458160400390625 -9999 -9999 -9999 -9999 -9999 -9999 -9999 -9999 -9999 -9999 -9999 -9999 -9999 -9999 -9999 -9999 -9999 -9999 -9999 -9999 -9999 -9999
24.274810791015625 24.297557830810546875 24.314517974853515625 24.31380462646484375 24.268033981323242188 24.206531524658203125 24.23278045654296875 24.35837554931640625 24.472503662109375 24.524387359619140625 24.554149627685546875 24.647256851196289062 24.740360260009765625 24.856388092041015625 24.892978668212890625 24.934490203857421875 24.939411163330078125 24.986652374267578125 25.033887863159179688 25.08112335205078125 25.1207122802734375 25.134368896484375 -9999 -9999 -9999 -9999 -9999 -9999 -9999 -9999 -9999 -9999 -9999 -9999 -9999 -9999 -9999 -9999 -9999 -9999 -9999 -9999 -9999 -9999
24.23166656494140625 24.253414154052734375 24.245883941650390625 24.256834030151367188 24.214662551879882812 24.0995941162109375 24.169881820678710938 24.3392333984375 24.435733795166015625 24.502122879028320312 24.529178619384765625 24.622018814086914062 24.692363739013671875 24.79553985595703125 24.88372039794921875 24.9150238037109375 24.939014434814453125 24.965206146240234375 25.013097763061523438 25.055751800537109375 25.0916748046875 -9999 -9999 -9999 -9999 -9999 -9999 -9999 -9999 -9999 -9999 -9999 -9999 -9999 -9999 -9999 -9999 -9999 -9999 -9999 -9999 -9999 -9999 -9999
24.17958831787109375 24.212896347045898438 24.20520782470703125 24.215009689331054688 24.165592193603515625 24.0550384521484375 24.135953903198242188 24.3251800537109375 24.416690826416015625 24.490106582641601562 24.507421493530273438 24.594770431518554688 24.647613525390625 24.741361618041992188 24.840421676635742188 24.881649017333984375 24.915418624877929688 24.93178558349609375 24.98438262939453125 25.022266387939453125 -9999 -9999 -9999 -9999 -9999 -9999 -9999 -9999 -9999 -9999 -9999 -9999 -9999 -9999 -9999 -9999 -9999 -9999 -9999 -9999 -9999 -9999 -9999 -9999
24.131320953369140625 24.170579910278320312 24.156879425048828125 24.161252975463867188 24.092998504638671875 23.9646148681640625 24.109979629516601562 24.31111907958984375 24.40338897705078125 24.46923828125 24.489473342895507812 24.563884735107421875 24.61814117431640625 24.6929473876953125 24.782098770141601562 24.832977294921875 24.871953964233398438 24.890712738037109375 24.947553634643554688 24.992588043212890625 -9999 -9999 -9999 -9999 -9999 -9999 -9999 -9999 -9999 -9999 -9999 -9999 -9999 -9999 -9999 -9999 -9999 -9999 -9999 -9999 -9999 -9999 -9999 -9999
