INPUT/RASTER/ASCII/BIO11.asc
ncols        225
nrows        269
xllcorner    473000.000000000000
yllcorner    4429100.000000000000
cellsize     50.000000000000
NODATA_value -9999
[rows 220 to 239 of 269, columns 88 to 131 of 225]
9.7400035858154296875 9.73308563232421875 9.7291650772094726562 9.710529327392578125 9.6930217742919921875 9.6752567291259765625 9.6634988784790039062 9.6629667282104492188 9.663303375244140625 9.6858196258544921875 9.6981878280639648438 9.70543670654296875 9.7075357437133789062 9.69879913330078125 9.6900491714477539062 9.6865444183349609375 9.698497772216796875 9.7056531906127929688 9.706272125244140625 9.714080810546875 9.722686767578125 9.7257108688354492188 9.7219448089599609375 9.7177438735961914062 9.7142915725708007812 9.705738067626953125 9.6905794143676757812 9.6659679412841796875 9.6397066116333007812 9.5913457870483398438 9.57196807861328125 9.5464458465576171875 9.53145599365234375 9.52245330810546875 9.5170145034790039062 9.5132274627685546875 9.5109243392944335938 9.507171630859375 9.5029306411743164062 9.495880126953125 9.494846343994140625 9.4983425140380859375 9.4962339401245117188 9.4990749359130859375
9.7428722381591796875 9.7386684417724609375 9.733806610107421875 9.718570709228515625 9.6948213577270507812 9.6857366561889648438 9.6732463836669921875 9.6788806915283203125 9.690135955810546875 9.7013406753540039062 9.70841217041015625 9.7102451324462890625 9.7114086151123046875 9.7078180313110351562 9.7008581161499023438 9.7016086578369140625 9.7076740264892578125 9.711994171142578125 9.7091970443725585938 9.71265411376953125 9.72158050537109375 9.7256669998168945312 9.7213268280029296875 9.7188692092895507812 9.7137613296508789062 9.70511627197265625 9.6922855377197265625 9.6696405410766601562 9.6481256484985351562 9.6078844070434570312 9.58182525634765625 9.5471601486206054688 9.5284900665283203125 9.5197134017944335938 9.5160455703735351562 9.5125551223754882812 9.5107250213623046875 9.50688934326171875 9.5050420761108398438 9.5007352828979492188 9.5024318695068359375 9.5085315704345703125 9.50931549072265625 9.5124273300170898438
9.733837127685546875 9.7312908172607421875 9.7296466827392578125 9.712352752685546875 9.6930608749389648438 9.6809291839599609375 9.678745269775390625 9.6896619796752929688 9.7012004852294921875 9.7058286666870117188 9.7093372344970703125 9.7109060287475585938 9.7114477157592773438 9.7102603912353515625 9.708408355712890625 9.712127685546875 9.7113275527954101562 9.7155961990356445312 9.7158041000366210938 9.7139005661010742188 9.7183961868286132812 9.7263393402099609375 9.72333526611328125 9.7210235595703125 9.7164783477783203125 9.706974029541015625 9.6945238113403320312 9.67670440673828125 9.6508951187133789062 9.624851226806640625 9.6088438034057617188 9.5583896636962890625 9.5288257598876953125 9.5164794921875 9.515598297119140625 9.513500213623046875 9.512279510498046875 9.509792327880859375 9.5080900192260742188 9.508548736572265625 9.5125255584716796875 9.5171146392822265625 9.51897430419921875 9.519672393798828125
9.7235116958618164062 9.724483489990234375 9.7235240936279296875 9.70430755615234375 9.6857509613037109375 9.677021026611328125 9.6770877838134765625 9.688739776611328125 9.69730377197265625 9.7045526504516601562 9.7066278457641601562 9.7087373733520507812 9.7098598480224609375 9.7093877792358398438 9.7098827362060546875 9.705780029296875 9.7056226730346679688 9.7088527679443359375 9.7092113494873046875 9.7181386947631835938 9.7224941253662109375 9.725887298583984375 9.7253360748291015625 9.723506927490234375 9.718311309814453125 9.7113943099975585938 9.69873046875 9.6855220794677734375 9.665897369384765625 9.64117431640625 9.6357631683349609375 9.58213043212890625 9.548923492431640625 9.5219221115112304688 9.5178880691528320312 9.5187206268310546875 9.515106201171875 9.515411376953125 9.5129079818725585938 9.5170764923095703125 9.5182046890258789062 9.5235795974731445312 9.5262327194213867188 9.523834228515625
9.7186222076416015625 9.7211971282958984375 9.7198333740234375 9.7035465240478515625 9.686374664306640625 9.6823673248291015625 9.6750736236572265625 9.6765594482421875 9.6837377548217773438 9.6973295211791992188 9.70195770263671875 9.7049303054809570312 9.7072248458862304688 9.707927703857421875 9.7078189849853515625 9.6973552703857421875 9.6937150955200195312 9.69722747802734375 9.6993741989135742188 9.7160863876342773438 9.7195377349853515625 9.7235383987426757812 9.725116729736328125 9.7249193191528320312 9.7207098007202148438 9.7135572433471679688 9.7024641036987304688 9.6925439834594726562 9.677127838134765625 9.6567220687866210938 9.6516828536987304688 9.6082630157470703125 9.5775136947631835938 9.5402994155883789062 9.5301980972290039062 9.5292463302612304688 9.5224742889404296875 9.525424957275390625 9.5212192535400390625 9.5234365463256835938 9.5231752395629882812 9.5270204544067382812 9.5286769866943359375 9.5274782180786132812
9.7306261062622070312 9.7324352264404296875 9.7294101715087890625 9.7256870269775390625 9.7113313674926757812 9.7056293487548828125 9.6767902374267578125 9.6549673080444335938 9.64905548095703125 9.6726579666137695312 9.688861846923828125 9.6958255767822265625 9.70098876953125 9.705524444580078125 9.7038927078247070312 9.6782083511352539062 9.6634798049926757812 9.673450469970703125 9.6753368377685546875 9.6989612579345703125 9.704036712646484375 9.7177753448486328125 9.725330352783203125 9.7258501052856445312 9.7227525711059570312 9.717193603515625 9.7088632583618164062 9.704555511474609375 9.69210052490234375 9.6753940582275390625 9.6709260940551757812 9.6358203887939453125 9.6174936294555664062 9.5854005813598632812 9.5658435821533203125 9.556980133056640625 9.5392961502075195312 9.5307369232177734375 9.52508544921875 9.523899078369140625 9.5251665115356445312 9.5282306671142578125 9.5298910140991210938 9.5300464630126953125
9.7426729202270507812 9.7432861328125 9.7407426834106445312 9.734989166259765625 9.7225284576416015625 9.712066650390625 9.6854982376098632812 9.6579713821411132812 9.650177001953125 9.6623201370239257812 9.6801433563232421875 9.6862077713012695312 9.6944475173950195312 9.702159881591796875 9.70244598388671875 9.6767673492431640625 9.6521282196044921875 9.6618604660034179688 9.671234130859375 9.696460723876953125 9.7094945907592773438 9.7197656631469726562 9.7259674072265625 9.7261714935302734375 9.7233171463012695312 9.71905517578125 9.7126102447509765625 9.7026538848876953125 9.6924467086791992188 9.6765308380126953125 9.66725921630859375 9.643405914306640625 9.6198940277099609375 9.60158538818359375 9.5806980133056640625 9.55852508544921875 9.5442724227905273438 9.5273647308349609375 9.5245981216430664062 9.5255117416381835938 9.526348114013671875 9.5293636322021484375 9.5310983657836914062 9.5313673019409179688
9.750732421875 9.750759124755859375 9.7496385574340820312 9.742229461669921875 9.7295866012573242188 9.7202663421630859375 9.699817657470703125 9.6763372421264648438 9.667697906494140625 9.672008514404296875 9.6787242889404296875 9.6804780960083007812 9.6891651153564453125 9.6984996795654296875 9.7027940750122070312 9.68021392822265625 9.6555042266845703125 9.6636409759521484375 9.674541473388671875 9.702785491943359375 9.7162923812866210938 9.7238702774047851562 9.7260980606079101562 9.7255716323852539062 9.721652984619140625 9.715496063232421875 9.70989990234375 9.6980266571044921875 9.6850862503051757812 9.6649160385131835938 9.6536540985107421875 9.6293430328369140625 9.6114892959594726562 9.5988254547119140625 9.5802087783813476562 9.5555934906005859375 9.5400152206420898438 9.523593902587890625 9.5236711502075195312 9.525966644287109375 9.5278844833374023438 9.5306987762451171875 9.5323019027709960938 9.5328893661499023438
9.7551431655883789062 9.7543535232543945312 9.7524538040161132812 9.7457427978515625 9.7342748641967773438 9.7262420654296875 9.71327972412109375 9.6965551376342773438 9.691287994384765625 9.6940069198608398438 9.6889858245849609375 9.688594818115234375 9.690341949462890625 9.6962919235229492188 9.7031927108764648438 9.6884860992431640625 9.664852142333984375 9.6710224151611328125 9.679965972900390625 9.7078580856323242188 9.7208042144775390625 9.7266063690185546875 9.7257471084594726562 9.724761962890625 9.7193880081176757812 9.71288299560546875 9.707561492919921875 9.6962518692016601562 9.679935455322265625 9.6515064239501953125 9.62999725341796875 9.589824676513671875 9.5902070999145507812 9.58884429931640625 9.5787992477416992188 9.5522670745849609375 9.5347089767456054688 9.5225124359130859375 9.523265838623046875 9.5260334014892578125 9.5295286178588867188 9.5334615707397460938 9.5350189208984375 9.5356702804565429688
9.7581148147583007812 9.7566967010498046875 9.7528467178344726562 9.746547698974609375 9.7379751205444335938 9.7318782806396484375 9.7236785888671875 9.7147321701049804688 9.7103404998779296875 9.7101564407348632812 9.70357513427734375 9.704753875732421875 9.70101165771484375 9.6985931396484375 9.7059335708618164062 9.6995553970336914062 9.6849603652954101562 9.6823568344116210938 9.6886768341064453125 9.71051025390625 9.7229480743408203125 9.727283477783203125 9.725299835205078125 9.7240629196166992188 9.7189884185791015625 9.713771820068359375 9.7092638015747070312 9.6976261138916015625 9.6808710098266601562 9.6498937606811523438 9.6226186752319335938 9.5718736648559570312 9.5747776031494140625 9.5787858963012695312 9.5725460052490234375 9.5482273101806640625 9.5323686599731445312 9.5233564376831054688 9.5231428146362304688 9.5268621444702148438 9.5322923660278320312 9.5361795425415039062 9.5368299484252929688 9.5373640060424804688
9.7587213516235351562 9.7571048736572265625 9.7526721954345703125 9.7468662261962890625 9.7409067153930664062 9.7366390228271484375 9.731655120849609375 9.7267103195190429688 9.7232379913330078125 9.7208280563354492188 9.7144317626953125 9.7153463363647460938 9.7116937637329101562 9.7060070037841796875 9.7101230621337890625 9.706539154052734375 9.6990709304809570312 9.6960878372192382812 9.6960077285766601562 9.7092580795288085938 9.72336578369140625 9.72670745849609375 9.7252101898193359375 9.7239274978637695312 9.7201719284057617188 9.7162456512451171875 9.7130565643310546875 9.70117950439453125 9.6858921051025390625 9.6561765670776367188 9.6333141326904296875 9.5843038558959960938 9.5675344467163085938 9.565715789794921875 9.5592594146728515625 9.5446043014526367188 9.533763885498046875 9.524967193603515625 9.5249986648559570312 9.5288372039794921875 9.535625457763671875 9.5398406982421875 9.5391483306884765625 9.5388555526733398438
9.758716583251953125 9.7571258544921875 9.7533826828002929688 9.7480373382568359375 9.74308013916015625 9.739658355712890625 9.7364130020141601562 9.7338190078735351562 9.7313518524169921875 9.7300052642822265625 9.7215023040771484375 9.725543975830078125 9.7229013442993164062 9.7156734466552734375 9.7193479537963867188 9.7123928070068359375 9.7093944549560546875 9.7052659988403320312 9.6989355087280273438 9.701000213623046875 9.7157869338989257812 9.7239389419555664062 9.7246990203857421875 9.7239837646484375 9.722438812255859375 9.721416473388671875 9.71728515625 9.7065830230712890625 9.6920900344848632812 9.66933441162109375 9.6544504165649414062 9.6073169708251953125 9.5613718032836914062 9.5510778427124023438 9.542781829833984375 9.5360584259033203125 9.5328378677368164062 9.5296993255615234375 9.5326070785522460938 9.538082122802734375 9.5413618087768554688 9.54332733154296875 9.54262542724609375 9.5416517257690429688
9.7583637237548828125 9.7569780349731445312 9.75423431396484375 9.7497501373291015625 9.743892669677734375 9.7418212890625 9.7397680282592773438 9.73952484130859375 9.738193511962890625 9.7388811111450195312 9.7356357574462890625 9.736598968505859375 9.7328357696533203125 9.72927093505859375 9.7296209335327148438 9.726001739501953125 9.7194070816040039062 9.7104063034057617188 9.6986865997314453125 9.69216156005859375 9.7083330154418945312 9.7213888168334960938 9.7244281768798828125 9.723888397216796875 9.7220821380615234375 9.7207803726196289062 9.7149066925048828125 9.70575714111328125 9.6911678314208984375 9.6718988418579101562 9.6615304946899414062 9.6195049285888671875 9.5694532394409179688 9.5504131317138671875 9.541637420654296875 9.5353574752807617188 9.533153533935546875 9.5320491790771484375 9.5353364944458007812 9.5400180816650390625 9.5454149246215820312 9.5476026535034179688 9.54566192626953125 9.5453786849975585938
9.7579479217529296875 9.7563428878784179688 9.754978179931640625 9.7499294281005859375 9.74329376220703125 9.7423048019409179688 9.7414722442626953125 9.742290496826171875 9.7418146133422851562 9.7417697906494140625 9.7401485443115234375 9.7391233444213867188 9.7356004714965820312 9.7326135635375976562 9.732257843017578125 9.7313251495361328125 9.722469329833984375 9.7161540985107421875 9.694026947021484375 9.684814453125 9.7020168304443359375 9.720600128173828125 9.7233572006225585938 9.7233133316040039062 9.7209005355834960938 9.7182483673095703125 9.7083148956298828125 9.7013378143310546875 9.6861963272094726562 9.667835235595703125 9.662139892578125 9.617816925048828125 9.5749454498291015625 9.5548610687255859375 9.5448322296142578125 9.5365571975708007812 9.5383348464965820312 9.5336284637451171875 9.5390787124633789062 9.545932769775390625 9.5500249862670898438 9.5519495010375976562 9.5506458282470703125 9.5495672225952148438
9.7575235366821289062 9.7563810348510742188 9.754444122314453125 9.7511463165283203125 9.7454204559326171875 9.7446231842041015625 9.7433309555053710938 9.7437200546264648438 9.743801116943359375 9.74279022216796875 9.7415266036987304688 9.7400808334350585938 9.7362842559814453125 9.7347135543823242188 9.7337141036987304688 9.7340564727783203125 9.72800445556640625 9.7235698699951171875 9.7059869766235351562 9.6937084197998046875 9.708148956298828125 9.719936370849609375 9.723590850830078125 9.7230091094970703125 9.7205352783203125 9.7114858627319335938 9.6980419158935546875 9.6866731643676757812 9.6714229583740234375 9.6544818878173828125 9.64337158203125 9.6012248992919921875 9.5716381072998046875 9.557720184326171875 9.5508441925048828125 9.5456190109252929688 9.5445842742919921875 9.5426349639892578125 9.5435791015625 9.5491170883178710938 9.5527067184448242188 9.5539302825927734375 9.5539178848266601562 9.5523223876953125
9.7572450637817382812 9.7560415267944335938 9.7543287277221679688 9.7518444061279296875 9.7470903396606445312 9.746303558349609375 9.7450084686279296875 9.74501800537109375 9.7447328567504882812 9.7436819076538085938 9.742328643798828125 9.741214752197265625 9.73828887939453125 9.7367191314697265625 9.7351579666137695312 9.7349672317504882812 9.7310991287231445312 9.7287244796752929688 9.716579437255859375 9.7061614990234375 9.7148656845092773438 9.721981048583984375 9.7225322723388671875 9.7221202850341796875 9.7161378860473632812 9.703685760498046875 9.6872892379760742188 9.6681070327758789062 9.655567169189453125 9.6299314498901367188 9.6044216156005859375 9.5780239105224609375 9.5617647171020507812 9.5580854415893554688 9.5515279769897460938 9.5464487075805664062 9.5448751449584960938 9.5447492599487304688 9.5468225479125976562 9.5544681549072265625 9.554561614990234375 9.5554571151733398438 9.555606842041015625 9.553730010986328125
9.7569561004638671875 9.7557287216186523438 9.754058837890625 9.7519588470458984375 9.7482624053955078125 9.7472381591796875 9.7461938858032226562 9.7458896636962890625 9.745265960693359375 9.744110107421875 9.74326324462890625 9.7421369552612304688 9.7398633956909179688 9.73749542236328125 9.7349920272827148438 9.7339792251586914062 9.7320737838745117188 9.7300786972045898438 9.7234096527099609375 9.7150421142578125 9.7188892364501953125 9.72336578369140625 9.7237195968627929688 9.7223196029663085938 9.715576171875 9.7045192718505859375 9.6845855712890625 9.6631145477294921875 9.6403188705444335938 9.605442047119140625 9.585369110107421875 9.5675954818725585938 9.56043243408203125 9.5579805374145507812 9.5533447265625 9.54772186279296875 9.5460300445556640625 9.5468883514404296875 9.5499982833862304688 9.5559167861938476562 9.5565967559814453125 9.556613922119140625 9.5564136505126953125 9.5546865463256835938
9.7556171417236328125 9.7536792755126953125 9.7519626617431640625 9.750091552734375 9.74761962890625 9.7465190887451171875 9.74585723876953125 9.74505615234375 9.743762969970703125 9.742557525634765625 9.7411651611328125 9.7407121658325195312 9.7389974594116210938 9.7374734878540039062 9.7355070114135742188 9.7341756820678710938 9.7324495315551757812 9.7308950424194335938 9.7261514663696289062 9.718944549560546875 9.71933746337890625 9.7232837677001953125 9.7239704132080078125 9.723175048828125 9.7180185317993164062 9.7119350433349609375 9.695125579833984375 9.6804180145263671875 9.6566562652587890625 9.6326513290405273438 9.6339778900146484375 9.5981016159057617188 9.5870733261108398438 9.5712985992431640625 9.565029144287109375 9.5570898056030273438 9.5517063140869140625 9.5520763397216796875 9.5536518096923828125 9.5578594207763671875 9.5586519241333007812 9.5589437484741210938 9.558929443359375 9.5556468963623046875
9.7542667388916015625 9.7530450820922851562 9.7510309219360351562 9.749729156494140625 9.7478837966918945312 9.7470264434814453125 9.7459869384765625 9.7447824478149414062 9.743518829345703125 9.7418565750122070312 9.7407274246215820312 9.7399349212646484375 9.73830413818359375 9.7370309829711914062 9.7354583740234375 9.733982086181640625 9.7325191497802734375 9.7311220169067382812 9.727268218994140625 9.721286773681640625 9.7203216552734375 9.7227935791015625 9.723438262939453125 9.7228679656982421875 9.7186260223388671875 9.7145557403564453125 9.7021532058715820312 9.6888685226440429688 9.6759366989135742188 9.6594514846801757812 9.6558017730712890625 9.630046844482421875 9.6087799072265625 9.5860471725463867188 9.57013702392578125 9.5634222030639648438 9.554828643798828125 9.5535430908203125 9.55560302734375 9.5599002838134765625 9.560497283935546875 9.56084442138671875 9.560329437255859375 9.5571613311767578125
9.753910064697265625 9.752655029296875 9.7503404617309570312 9.7492322921752929688 9.7480649948120117188 9.747283935546875 9.7460689544677734375 9.7444829940795898438 9.7431287765502929688 9.741302490234375 9.7402486801147460938 9.7393093109130859375 9.7376508712768554688 9.7364940643310546875 9.7350292205810546875 9.7336444854736328125 9.7322902679443359375 9.7313175201416015625 9.7285184860229492188 9.7235889434814453125 9.72217559814453125 9.7231464385986328125 9.7214460372924804688 9.7201051712036132812 9.716007232666015625 9.7123889923095703125 9.7013254165649414062 9.6894054412841796875 9.6814298629760742188 9.6682453155517578125 9.6624784469604492188 9.641139984130859375 9.6187744140625 9.5934772491455078125 9.5703334808349609375 9.5643177032470703125 9.5563459396362304688 9.555934906005859375 9.55959320068359375 9.563152313232421875 9.562747955322265625 9.5628824234008789062 9.5620212554931640625 9.5588197708129882812
