INPUT/RASTER/ASCII/BIO12.asc
ncols        225
nrows        269
xllcorner    473000.000000000000
yllcorner    4429100.000000000000
cellsize     50.000000000000
NODATA_value -9999
[rows 147 to 167 of 269, columns 96 to 143 of 225]
694.3902587890625 694.223388671875 693.51312255859375 692.39288330078125 690.15814208984375 689.58697509765625 688.3760986328125 687.88018798828125 686.98309326171875 686.67083740234375 686.706298828125 687.62060546875 688.61126708984375 689.43609619140625 690.7110595703125 691.0111083984375 691.51385498046875 692.19708251953125 692.5948486328125 694.59539794921875 696.57470703125 698.91845703125 700.7479248046875 701.12152099609375 700.946044921875 700.21868896484375 699.45501708984375 -9999 -9999 -9999 -9999 -9999 -9999 -9999 -9999 -9999 -9999 -9999 -9999 -9999 -9999 694.32464599609375 694.2108154296875 693.88232421875 693.6583251953125 693.39324951171875 -9999 -9999
693.472412109375 693.74566650390625 693.198486328125 691.6112060546875 688.6614990234375 688.1944580078125 687.02001953125 687.40155029296875 687.4293212890625 688.9610595703125 689.72509765625 690.972412109375 691.77667236328125 691.2940673828125 691.49822998046875 691.46343994140625 691.94683837890625 692.683837890625 693.049072265625 695.0167236328125 696.90850830078125 699.2781982421875 701.20599365234375 701.622314453125 701.89898681640625 701.4742431640625 700.4271240234375 698.2646484375 -9999 -9999 -9999 -9999 -9999 -9999 -9999 -9999 -9999 -9999 -9999 -9999 694.65203857421875 694.3272705078125 694.12799072265625 693.79168701171875 693.4532470703125 693.0552978515625 692.71063232421875 692.611572265625
692.8427734375 693.20477294921875 692.443603515625 690.584228515625 686.5711669921875 686.49560546875 685.32550048828125 686.864990234375 688.3648681640625 691.9637451171875 692.9271240234375 693.5087890625 693.63311767578125 692.6007080078125 692.04718017578125 691.9151611328125 692.6038818359375 693.2879638671875 693.56402587890625 695.4190673828125 697.24169921875 699.49334716796875 701.418701171875 701.800048828125 702.3759765625 702.66796875 701.58453369140625 698.8480224609375 697.4925537109375 -9999 -9999 -9999 -9999 -9999 -9999 -9999 -9999 -9999 694.9915771484375 694.73406982421875 694.572265625 694.305419921875 694.04437255859375 693.7001953125 693.24755859375 692.7901611328125 692.38604736328125 -9999
692.26702880859375 692.41156005859375 691.35443115234375 688.76123046875 683.13507080078125 683.9393310546875 683.2989501953125 686.81488037109375 690.0343017578125 694.137939453125 694.47613525390625 694.71649169921875 694.27081298828125 693.17242431640625 692.61700439453125 692.4276123046875 693.0103759765625 693.65911865234375 693.9559326171875 695.6763916015625 697.5743408203125 699.80999755859375 701.38592529296875 701.69879150390625 702.27874755859375 702.6982421875 702.15625 699.79791259765625 698.63616943359375 697.340087890625 696.60260009765625 696.2943115234375 695.4996337890625 -9999 695.14752197265625 695.2510986328125 695.3436279296875 695.22662353515625 695.16265869140625 694.832763671875 694.552978515625 694.2235107421875 693.9600830078125 693.64471435546875 693.1634521484375 692.5111083984375 691.859619140625 -9999
691.545654296875 691.14178466796875 690.0250244140625 684.03662109375 678.11077880859375 678.757568359375 682.6573486328125 686.3394775390625 692.1396484375 695.43212890625 695.39093017578125 695.2755126953125 694.92303466796875 693.998291015625 693.25897216796875 693.1033935546875 693.4393310546875 693.9501953125 694.32855224609375 695.70947265625 698.22515869140625 700.008544921875 701.27435302734375 701.59466552734375 701.9915771484375 702.3443603515625 702.2098388671875 701.43560791015625 699.9293212890625 698.862548828125 697.798095703125 697.35089111328125 695.9620361328125 695.69512939453125 695.40087890625 695.40887451171875 695.6456298828125 695.44622802734375 695.46112060546875 695.05316162109375 694.69415283203125 694.29925537109375 693.9974365234375 693.66656494140625 693.07861328125 692.19097900390625 690.73968505859375 690.951904296875
687.4014892578125 682.85009765625 682.4803466796875 675.46630859375 675.82220458984375 677.1983642578125 681.2166748046875 687.3433837890625 691.7496337890625 694.7034912109375 695.15869140625 695.28289794921875 694.95684814453125 694.658203125 693.8502197265625 694.04345703125 694.15655517578125 694.949951171875 696.2525634765625 697.3931884765625 699.143798828125 699.93341064453125 700.8201904296875 701.3048095703125 701.76348876953125 701.8944091796875 702.06396484375 702.060546875 701.49383544921875 700.5645751953125 700.21728515625 699.05419921875 697.98590087890625 696.98138427734375 696.721435546875 696.4564208984375 696.388916015625 696.0751953125 695.8253173828125 695.3253173828125 694.70538330078125 694.45703125 694.2110595703125 693.71923828125 692.8634033203125 691.7039794921875 690.239013671875 687.6768798828125
682.34954833984375 678.45220947265625 676.38140869140625 674.3753662109375 676.17437744140625 678.556884765625 682.01678466796875 687.33245849609375 691.2744140625 693.99884033203125 694.86895751953125 695.1256103515625 694.91064453125 694.6763916015625 694.18548583984375 694.43072509765625 695.03759765625 696.32818603515625 697.3760986328125 698.64825439453125 699.3509521484375 699.88531494140625 700.66192626953125 700.9718017578125 701.37713623046875 701.49285888671875 701.8289794921875 701.782958984375 701.84124755859375 701.33355712890625 701.2265625 700.40557861328125 699.7015380859375 698.659912109375 698.02447509765625 697.685302734375 697.08843994140625 696.5621337890625 695.95635986328125 695.498779296875 695.00048828125 694.50750732421875 694.262939453125 693.65423583984375 692.60980224609375 691.80133056640625 689.87835693359375 687.85205078125
678.4932861328125 674.9107666015625 673.49603271484375 674.875244140625 677.71441650390625 679.9759521484375 683.0582275390625 687.8760986328125 691.0435791015625 693.406494140625 694.39508056640625 694.7392578125 694.79656982421875 694.5716552734375 694.3143310546875 694.5113525390625 695.46624755859375 697.1822509765625 697.9481201171875 699.04974365234375 699.37396240234375 699.75201416015625 700.2581787109375 700.56072998046875 700.87451171875 701.0294189453125 701.4246826171875 701.504638671875 701.5155029296875 701.23297119140625 701.13323974609375 700.75360107421875 700.0379638671875 699.312744140625 698.5733642578125 698.084228515625 697.50677490234375 696.900390625 696.12493896484375 695.53179931640625 695.0753173828125 694.54364013671875 694.3577880859375 693.56756591796875 692.3990478515625 691.4462890625 689.96502685546875 688.8656005859375
675.2515869140625 672.71527099609375 673.21417236328125 676.0478515625 679.2139892578125 681.1497802734375 684.07464599609375 688.33502197265625 690.93450927734375 692.73199462890625 693.8594970703125 694.23162841796875 694.61181640625 694.46630859375 694.270263671875 694.468994140625 695.46185302734375 696.51806640625 698.02996826171875 699.0284423828125 699.21270751953125 699.56243896484375 699.9149169921875 700.05914306640625 700.26568603515625 700.56536865234375 701.080810546875 701.1644287109375 701.28662109375 701.131591796875 701.0391845703125 700.802490234375 700.31231689453125 699.74114990234375 698.90155029296875 698.23760986328125 697.750244140625 696.9931640625 696.21734619140625 695.5029296875 695.0328369140625 694.66265869140625 694.390625 693.4818115234375 692.37109375 691.220703125 689.68927001953125 688.7767333984375
672.62005615234375 672.17181396484375 674.36077880859375 677.6483154296875 680.52520751953125 682.2618408203125 685.0206298828125 688.70135498046875 690.9473876953125 692.41900634765625 693.4456787109375 693.72314453125 694.29498291015625 694.115478515625 693.94989013671875 694.3037109375 695.35455322265625 696.1187744140625 697.62158203125 698.54937744140625 698.80596923828125 699.10498046875 699.326171875 699.4505615234375 699.53094482421875 699.9169921875 700.80084228515625 700.884765625 700.8668212890625 701.02935791015625 700.9444580078125 700.7342529296875 700.5247802734375 700.00048828125 699.1192626953125 698.45147705078125 697.89080810546875 697.0240478515625 696.19366455078125 695.59564208984375 694.9437255859375 694.5289306640625 694.23919677734375 693.4705810546875 692.3424072265625 691.03851318359375 688.89630126953125 687.4019775390625
670.71136474609375 672.117431640625 675.68890380859375 678.7586669921875 681.71319580078125 683.1898193359375 685.91802978515625 688.93621826171875 690.83721923828125 692.19195556640625 692.8477783203125 693.04144287109375 693.502685546875 693.5194091796875 693.5587158203125 694.1376953125 695.04888916015625 695.61895751953125 696.722900390625 697.664306640625 698.09259033203125 698.66058349609375 698.7979736328125 698.810546875 699.039306640625 699.390380859375 700.32958984375 700.6043701171875 700.58258056640625 700.46563720703125 700.54296875 700.6209716796875 700.4305419921875 700.031005859375 699.13671875 698.41973876953125 697.93682861328125 696.992919921875 696.09130859375 695.3204345703125 694.69891357421875 694.08404541015625 693.8421630859375 693.2794189453125 692.251953125 690.593017578125 687.72186279296875 685.1695556640625
672.82086181640625 673.531494140625 677.230712890625 679.74609375 682.9422607421875 684.1171875 686.60888671875 689.3482666015625 690.8489990234375 691.6358642578125 692.1268310546875 692.11785888671875 692.320556640625 692.6778564453125 693.01068115234375 693.78753662109375 694.49609375 694.94647216796875 695.3431396484375 695.855712890625 696.8475341796875 697.95751953125 698.5965576171875 698.610107421875 698.7471923828125 698.763427734375 699.19482421875 699.613037109375 699.77886962890625 699.72784423828125 699.8602294921875 699.9007568359375 699.87255859375 699.59765625 698.8544921875 697.94769287109375 697.409423828125 696.0716552734375 694.7816162109375 693.849853515625 693.0325927734375 692.4498291015625 692.2503662109375 692.2470703125 691.6402587890625 689.1343994140625 683.39215087890625 678.9891357421875
678.04669189453125 678.9285888671875 681.0740966796875 682.63726806640625 684.920654296875 685.664306640625 687.62908935546875 689.68243408203125 690.748291015625 691.4290771484375 691.4788818359375 691.42193603515625 691.18682861328125 691.360107421875 692.44512939453125 692.840576171875 692.8768310546875 693.2607421875 693.8961181640625 695.41998291015625 696.8665771484375 698.2630615234375 698.862060546875 698.91864013671875 698.67938232421875 698.6632080078125 698.96441650390625 699.2081298828125 699.29400634765625 699.49029541015625 699.517822265625 699.49755859375 699.6536865234375 699.36065673828125 698.4530029296875 697.341064453125 696.63092041015625 694.9366455078125 692.69970703125 691.67510986328125 691.01263427734375 690.51727294921875 690.74951171875 690.60150146484375 689.89508056640625 686.54583740234375 680.92169189453125 676.8770751953125
679.0443115234375 681.55963134765625 683.65313720703125 684.3575439453125 686.29052734375 686.52886962890625 687.68310546875 689.24444580078125 690.3299560546875 691.92645263671875 691.61309814453125 691.77886962890625 691.470947265625 691.434814453125 692.76214599609375 692.7333984375 692.383056640625 692.48138427734375 693.0159912109375 694.98876953125 697.0687255859375 698.6328125 699.1881103515625 699.20941162109375 698.8052978515625 698.80712890625 698.8712158203125 699.10858154296875 699.1973876953125 699.251953125 699.35833740234375 699.24578857421875 699.25054931640625 698.85955810546875 698.112060546875 696.8060302734375 695.505859375 693.2501220703125 690.28253173828125 688.88763427734375 688.1358642578125 687.93072509765625 688.4522705078125 687.673095703125 686.98626708984375 684.0166015625 679.4442138671875 675.43768310546875
679.8436279296875 682.91400146484375 685.4302978515625 686.0771484375 687.66650390625 687.576416015625 688.563720703125 689.6083984375 690.52301025390625 692.664306640625 692.48114013671875 692.76080322265625 692.58203125 692.48828125 693.78485107421875 692.870361328125 692.31304931640625 692.06866455078125 692.98101806640625 694.89727783203125 697.0865478515625 698.30682373046875 699.20745849609375 698.6441650390625 698.8199462890625 698.7667236328125 698.84814453125 698.9471435546875 699.08880615234375 699.01275634765625 699.0145263671875 699.03558349609375 698.9691162109375 698.44171142578125 697.4031982421875 696.543212890625 694.2613525390625 691.9912109375 688.91351318359375 687.0787353515625 685.9173583984375 685.1063232421875 685.6646728515625 684.68572998046875 684.8724365234375 682.24310302734375 678.14404296875 674.3035888671875
680.15386962890625 683.937255859375 685.90966796875 687.6456298828125 689.0770263671875 689.36090087890625 689.7235107421875 690.292724609375 691.633544921875 693.02850341796875 693.3486328125 693.6683349609375 693.7408447265625 693.785888671875 695.1995849609375 693.8023681640625 693.1658935546875 692.5733642578125 694.3924560546875 695.70037841796875 696.9200439453125 697.02020263671875 697.818359375 696.826171875 697.95306396484375 698.9091796875 699.04833984375 698.84619140625 698.93597412109375 698.82159423828125 698.7923583984375 698.73431396484375 698.6868896484375 697.66595458984375 696.3875732421875 695.25006103515625 693.21466064453125 691.098876953125 688.08978271484375 685.94232177734375 684.10296630859375 682.76055908203125 683.24365234375 681.1903076171875 682.1458740234375 679.27593994140625 675.580322265625 672.49560546875
679.361328125 682.82904052734375 686.36859130859375 688.6009521484375 689.61163330078125 689.98126220703125 690.09051513671875 691.05645751953125 692.1658935546875 693.115478515625 693.8529052734375 694.01739501953125 694.28594970703125 695.27191162109375 696.6881103515625 695.93359375 694.75250244140625 695.19586181640625 697.689697265625 697.4154052734375 695.2001953125 694.3333740234375 694.5093994140625 694.71124267578125 696.0950927734375 698.38714599609375 699.08984375 699.060546875 698.84967041015625 698.71044921875 698.6719970703125 698.496337890625 697.7724609375 696.19384765625 694.37298583984375 693.7867431640625 692.06390380859375 690.45068359375 686.989501953125 684.9276123046875 682.4273681640625 680.90118408203125 680.8218994140625 678.76885986328125 677.88848876953125 676.88421630859375 675.02972412109375 670.931640625
677.89453125 681.93255615234375 685.8699951171875 687.567138671875 689.384521484375 689.623046875 690.167236328125 691.30279541015625 692.1527099609375 692.99725341796875 693.46453857421875 694.07904052734375 695.1165771484375 696.7666015625 697.96929931640625 698.0137939453125 695.62969970703125 694.15728759765625 694.88787841796875 692.29595947265625 684.986083984375 688.41156005859375 689.3177490234375 692.07061767578125 694.607177734375 695.616455078125 698.2060546875 698.3128662109375 698.38507080078125 698.07012939453125 697.345947265625 697.22235107421875 694.7354736328125 693.9619140625 690.481689453125 691.3116455078125 689.9571533203125 687.71331787109375 684.98193359375 683.1405029296875 681.60723876953125 681.3616943359375 681.2088623046875 680.6900634765625 680.2784423828125 678.1424560546875 678.14794921875 678.892578125
677.7723388671875 681.43804931640625 685.218994140625 687.5084228515625 689.44140625 690.05511474609375 690.54376220703125 691.44598388671875 692.09735107421875 692.902099609375 693.34942626953125 694.03125 695.3953857421875 696.714599609375 698.0936279296875 696.7393798828125 693.1861572265625 689.0279541015625 687.69384765625 685.27386474609375 682.79656982421875 684.55767822265625 689.0882568359375 690.70538330078125 693.2703857421875 694.898681640625 697.04644775390625 697.71881103515625 697.609130859375 696.98968505859375 696.32464599609375 695.505126953125 693.5316162109375 692.1177978515625 689.46240234375 689.0902099609375 687.407958984375 685.5859375 684.28253173828125 684.166748046875 683.65716552734375 684.13348388671875 685.3271484375 684.00439453125 682.57958984375 680.085693359375 679.2833251953125 678.62396240234375
678.38397216796875 681.57342529296875 685.418701171875 688.18359375 689.9263916015625 690.486572265625 690.99945068359375 691.6317138671875 692.22503662109375 692.9329833984375 693.47845458984375 694.23834228515625 695.580078125 696.4783935546875 696.43304443359375 692.6488037109375 688.1678466796875 683.71435546875 681.35101318359375 680.7763671875 682.136474609375 685.4901123046875 690.93896484375 691.92816162109375 693.84051513671875 694.9146728515625 696.2655029296875 696.75677490234375 696.73577880859375 695.8665771484375 695.36376953125 694.5108642578125 693.0003662109375 691.41339111328125 688.93212890625 688.3975830078125 686.69879150390625 686.0357666015625 685.60296630859375 686.392333984375 686.2720947265625 686.86175537109375 687.369873046875 685.078369140625 682.7254638671875 680.01812744140625 678.4339599609375 677.17913818359375
679.30108642578125 682.36865234375 686.101806640625 688.5521240234375 690.240234375 690.7950439453125 691.40869140625 691.8626708984375 692.2908935546875 692.96795654296875 693.60693359375 694.2762451171875 695.5113525390625 695.44580078125 692.76263427734375 686.96630859375 682.43292236328125 678.6448974609375 675.8375244140625 677.49591064453125 682.39385986328125 688.26702880859375 693.82952880859375 694.385498046875 695.334716796875 695.7255859375 695.83050537109375 695.7940673828125 695.48394775390625 694.6978759765625 694.40234375 693.772216796875 692.52960205078125 691.01324462890625 688.46240234375 687.7967529296875 687.041259765625 687.40301513671875 687.52740478515625 687.821533203125 687.2269287109375 687.0743408203125 686.3515625 684.4921875 682.25860595703125 679.65631103515625 677.4639892578125 676.100830078125
