INPUT/RASTER/ASCII/BIO18.asc
ncols        225
nrows        269
xllcorner    473009.983799999987
yllcorner    4429051.174800000153
cellsize     50.000000000000
NODATA_value  -9999
[rows 100 to 119 of 269, columns 172 to 214 of 225]
-9999 -9999 -9999 -9999 -9999 -9999 -9999 -9999 -9999 -9999 -9999 -9999 26.447629928588867188 26.47064971923828125 26.497823715209960938 26.545118331909179688 26.575702667236328125 26.590885162353515625 26.599954605102539063 26.587696075439453125 26.55881500244140625 26.525030136108398438 26.501827239990234375 26.477701187133789063 26.441328048706054688 26.406063079833984375 26.378078460693359375 26.380773544311523438 -9999 -9999 -9999 -9999 -9999 -9999 -9999 -9999 -9999 -9999 -9999 -9999 -9999 -9999 -9999
-9999 -9999 -9999 -9999 -9999 -9999 -9999 -9999 -9999 -9999 26.393291473388671875 26.404310226440429688 26.44618988037109375 26.477169036865234375 26.509937286376953125 26.541509628295898438 26.559556961059570313 26.573270797729492188 26.582918167114257813 26.570825576782226563 26.540708541870117188 26.508274078369140625 26.486858367919921875 26.462520599365234375 26.422395706176757813 26.376714706420898438 26.346576690673828125 26.341432571411132813 -9999 -9999 -9999 -9999 -9999 -9999 -9999 -9999 -9999 -9999 -9999 -9999 -9999 -9999 -9999
-9999 -9999 -9999 -9999 -9999 -9999 -9999 -9999 -9999 26.387144088745117188 26.38967132568359375 26.404516220092773438 26.445806503295898438 26.492235183715820313 26.5206146240234375 26.540592193603515625 26.551656723022460938 26.560041427612304688 26.569490432739257813 26.56449127197265625 26.533929824829101563 26.499584197998046875 26.477621078491210938 26.450176239013671875 26.400373458862304688 26.340543746948242188 26.3147430419921875 26.31330108642578125 -9999 -9999 -9999 -9999 -9999 -9999 -9999 -9999 -9999 -9999 -9999 -9999 -9999 -9999 -9999
26.203229904174804688 26.276384353637695313 26.317880630493164063 26.337427139282226563 26.344011306762695313 26.354907989501953125 26.36847686767578125 26.3699951171875 26.3672027587890625 26.382871627807617188 26.3878173828125 26.40130615234375 26.436689376831054688 26.483224868774414063 26.518157958984375 26.539068222045898438 26.548383712768554688 26.55568695068359375 26.566095352172851563 26.567356109619140625 26.54013824462890625 26.500705718994140625 26.475444793701171875 26.441286087036132813 26.383886337280273438 26.320817947387695313 26.30693817138671875 26.30995941162109375 -9999 -9999 -9999 -9999 -9999 -9999 -9999 -9999 -9999 -9999 -9999 -9999 -9999 -9999 -9999
26.215129852294921875 26.273168563842773438 26.315227508544921875 26.334703445434570313 26.341068267822265625 26.348730087280273438 26.36573028564453125 26.36696624755859375 26.36455535888671875 26.36920166015625 26.377248764038085938 26.390359878540039063 26.4176788330078125 26.460540771484375 26.503614425659179688 26.531063079833984375 26.541721343994140625 26.552583694458007813 26.565509796142578125 26.56868743896484375 26.544057846069335938 26.50217437744140625 26.473463058471679688 26.430377960205078125 26.36685943603515625 26.310487747192382813 26.30512237548828125 26.309970855712890625 -9999 -9999 -9999 -9999 -9999 -9999 -9999 -9999 -9999 -9999 -9999 -9999 -9999 -9999 -9999
26.196630477905273438 26.25372314453125 26.29811859130859375 26.31887054443359375 26.325433731079101563 26.337766647338867188 26.349512100219726563 26.349884033203125 26.348957061767578125 26.350927352905273438 26.356283187866210938 26.370899200439453125 26.398557662963867188 26.4408416748046875 26.486547470092773438 26.515661239624023438 26.52901458740234375 26.542695999145507813 26.554464340209960938 26.554599761962890625 26.53162384033203125 26.49609375 26.467641830444335938 26.422616958618164063 26.351720809936523438 26.296970367431640625 26.296545028686523438 26.305559158325195313 -9999 -9999 -9999 -9999 -9999 -9999 -9999 -9999 -9999 -9999 -9999 -9999 -9999 -9999 -9999
26.181987762451171875 26.235729217529296875 26.279363632202148438 26.30377960205078125 26.314029693603515625 26.32468414306640625 26.333814620971679688 26.3356475830078125 26.333530426025390625 26.335416793823242188 26.339588165283203125 26.349599838256835938 26.372951507568359375 26.416347503662109375 26.464908599853515625 26.496517181396484375 26.510807037353515625 26.525629043579101563 26.5365142822265625 26.53253173828125 26.515470504760742188 26.488706588745117188 26.46460723876953125 26.426244735717773438 26.361639022827148438 26.300228118896484375 26.282100677490234375 -9999 -9999 -9999 -9999 -9999 -9999 -9999 -9999 -9999 -9999 -9999 -9999 -9999 -9999 -9999 -9999
26.168066024780273438 26.218852996826171875 26.261783599853515625 26.287319183349609375 26.298740386962890625 26.309324264526367188 26.3179473876953125 26.318151473999023438 26.313869476318359375 26.312343597412109375 26.311548233032226563 26.313627243041992188 26.328731536865234375 26.3709716796875 26.427999496459960938 26.466098785400390625 26.483154296875 26.502874374389648438 26.520303726196289063 26.516950607299804688 26.50334930419921875 26.483655929565429688 26.465061187744140625 26.4373626708984375 26.384286880493164063 26.321004867553710938 26.298955917358398438 -9999 -9999 -9999 -9999 -9999 -9999 -9999 -9999 -9999 -9999 -9999 -9999 -9999 -9999 -9999 -9999
26.152055740356445313 26.202960968017578125 26.246236801147460938 26.27008819580078125 26.280210494995117188 26.290279388427734375 26.296323776245117188 26.29361724853515625 26.2889251708984375 26.28594970703125 26.28388214111328125 26.282220840454101563 26.28728485107421875 26.323381423950195313 26.384954452514648438 26.431661605834960938 26.451002120971679688 26.474521636962890625 26.500963211059570313 26.503025054931640625 26.494726181030273438 26.481130599975585938 26.466541290283203125 26.446613311767578125 26.3919830322265625 26.324953079223632813 26.300867080688476563 -9999 -9999 -9999 -9999 -9999 -9999 -9999 -9999 -9999 -9999 -9999 -9999 -9999 -9999 -9999 -9999
26.142305374145507813 26.190610885620117188 26.233905792236328125 26.2585601806640625 26.267789840698242188 26.27478790283203125 26.272817611694335938 26.269552230834960938 26.268064498901367188 26.269189834594726563 26.272121429443359375 26.2696533203125 26.270612716674804688 26.300207138061523438 26.356716156005859375 26.405483245849609375 26.425815582275390625 26.450426101684570313 26.480480194091796875 26.489107131958007813 26.48626708984375 26.477756500244140625 26.466810226440429688 26.443239212036132813 26.369161605834960938 26.295000076293945313 26.274280548095703125 -9999 -9999 -9999 -9999 -9999 -9999 -9999 -9999 -9999 -9999 -9999 -9999 -9999 -9999 -9999 -9999
26.134429931640625 26.176984786987304688 26.221954345703125 26.251970291137695313 26.261810302734375 26.262712478637695313 26.254238128662109375 26.252145767211914063 26.25676727294921875 26.265546798706054688 26.270174026489257813 26.262964248657226563 26.265604019165039063 26.290960311889648438 26.337739944458007813 26.379512786865234375 26.398862838745117188 26.424646377563476563 26.456903457641601563 26.473331451416015625 26.4772186279296875 26.474473953247070313 26.465892791748046875 26.430202484130859375 26.335735321044921875 26.260072708129882813 26.244592666625976563 -9999 -9999 -9999 -9999 -9999 -9999 -9999 -9999 -9999 -9999 -9999 -9999 -9999 -9999 -9999 -9999
26.113534927368164063 26.156839370727539063 26.205682754516601563 26.237606048583984375 26.247112274169921875 26.24443817138671875 26.235137939453125 26.238096237182617188 26.248760223388671875 26.261873245239257813 26.266561508178710938 26.259386062622070313 26.2648162841796875 26.285343170166015625 26.320459365844726563 26.354188919067382813 26.374124526977539063 26.400220870971679688 26.434661865234375 26.457784652709960938 26.466661453247070313 26.465631484985351563 26.461032867431640625 26.418127059936523438 26.308349609375 26.226566314697265625 26.21157073974609375 -9999 -9999 -9999 -9999 -9999 -9999 -9999 -9999 -9999 -9999 -9999 -9999 -9999 -9999 -9999 -9999
26.083065032958984375 26.134418487548828125 26.181177139282226563 26.208410263061523438 26.2169647216796875 26.215623855590820313 26.210607528686523438 26.216381072998046875 26.2307586669921875 26.246313095092773438 26.252508163452148438 26.255239486694335938 26.26464080810546875 26.279150009155273438 26.302412033081054688 26.333080291748046875 26.353481292724609375 26.379579544067382813 26.412012100219726563 26.437511444091796875 26.449289321899414063 26.44918060302734375 26.442394256591796875 26.399950027465820313 26.27661895751953125 26.179294586181640625 26.159078598022460938 -9999 -9999 -9999 -9999 -9999 -9999 -9999 -9999 -9999 -9999 -9999 -9999 -9999 -9999 -9999 -9999
26.056392669677734375 26.108676910400390625 26.145139694213867188 26.1658782958984375 26.175891876220703125 26.18212127685546875 26.1837158203125 26.19364166259765625 26.212537765502929688 26.225358963012695313 26.2333221435546875 26.244611740112304688 26.259744644165039063 26.27620697021484375 26.29351043701171875 26.318891525268554688 26.338125228881835938 26.361886978149414063 26.390195846557617188 26.416521072387695313 26.424879074096679688 26.41259765625 26.393642425537109375 26.338674545288085938 26.220033645629882813 26.135318756103515625 26.116931915283203125 -9999 -9999 -9999 -9999 -9999 -9999 -9999 -9999 -9999 -9999 -9999 -9999 -9999 -9999 -9999 -9999
26.031169891357421875 26.073577880859375 26.09769439697265625 26.118139266967773438 26.132022857666015625 26.14566802978515625 26.150831222534179688 26.163242340087890625 26.183444976806640625 26.196668624877929688 26.2078094482421875 26.224966049194335938 26.245843887329101563 26.267116546630859375 26.28684234619140625 26.307188034057617188 26.323740005493164063 26.3453521728515625 26.371213912963867188 26.391080856323242188 26.388301849365234375 26.356355667114257813 26.317243576049804688 26.2407684326171875 26.14455413818359375 26.101169586181640625 26.093692779541015625 -9999 -9999 -9999 -9999 -9999 -9999 -9999 -9999 -9999 -9999 -9999 -9999 -9999 -9999 -9999 -9999
26.001255035400390625 26.033094406127929688 26.057109832763671875 26.087198257446289063 26.10361480712890625 26.116437911987304688 26.124538421630859375 26.139862060546875 26.159440994262695313 26.173837661743164063 26.188253402709960938 26.209726333618164063 26.232591629028320313 26.253622055053710938 26.274974822998046875 26.295238494873046875 26.3109893798828125 26.332744598388671875 26.361421585083007813 26.376390457153320313 26.367071151733398438 26.320735931396484375 26.26506805419921875 26.157196044921875 26.074779510498046875 26.074518203735351563 26.080640792846679688 -9999 -9999 -9999 -9999 -9999 -9999 -9999 -9999 -9999 -9999 -9999 -9999 -9999 -9999 -9999 -9999
25.9499969482421875 25.9710540771484375 26.003179550170898438 26.056993484497070313 26.08238983154296875 26.0939483642578125 26.101894378662109375 26.117864608764648438 26.140026092529296875 26.157190322875976563 26.171754837036132813 26.1948394775390625 26.220090866088867188 26.243669509887695313 26.26458740234375 26.286396026611328125 26.3031768798828125 26.323457717895507813 26.35645294189453125 26.367887496948242188 26.351518630981445313 26.294164657592773438 26.224597930908203125 26.091142654418945313 26.028165817260742188 26.046695709228515625 26.077348709106445313 -9999 -9999 -9999 -9999 -9999 -9999 -9999 -9999 -9999 -9999 -9999 -9999 -9999 -9999 -9999 -9999
25.876623153686523438 25.893749237060546875 25.938852310180664063 26.020017623901367188 26.062143325805664063 26.077016830444335938 26.0818023681640625 26.097570419311523438 26.122083663940429688 26.139339447021484375 26.154125213623046875 26.179300308227539063 26.20508575439453125 26.23145294189453125 26.259702682495117188 26.282909393310546875 26.299886703491210938 26.322435379028320313 26.354257583618164063 26.350954055786132813 26.3200836181640625 26.256235122680664063 26.180295944213867188 26.049707412719726563 26.0191650390625 26.029069900512695313 -9999 -9999 -9999 -9999 -9999 -9999 -9999 -9999 -9999 -9999 -9999 -9999 -9999 -9999 -9999 -9999 -9999
25.80692291259765625 25.843889236450195313 25.9058990478515625 25.986232757568359375 26.032979965209960938 26.062288284301757813 26.068166732788085938 26.080961227416992188 26.106683731079101563 26.123846054077148438 26.139410018920898438 26.164287567138671875 26.191839218139648438 26.219465255737304688 26.25261688232421875 26.282136917114257813 26.29993438720703125 26.326250076293945313 26.353031158447265625 26.327228546142578125 26.271966934204101563 26.201520919799804688 26.131883621215820313 26.011865615844726563 25.94536590576171875 -9999 -9999 -9999 -9999 -9999 -9999 -9999 -9999 -9999 -9999 -9999 -9999 -9999 -9999 -9999 -9999 -9999 -9999
25.753141403198242188 25.809373855590820313 25.881494522094726563 25.941003799438476563 25.982479095458984375 26.023712158203125 26.04215240478515625 26.064355850219726563 26.094820022583007813 26.113809585571289063 26.128789901733398438 26.156038284301757813 26.180652618408203125 26.210239410400390625 26.24401092529296875 26.27938079833984375 26.299539566040039063 26.325742721557617188 26.348356246948242188 26.306863784790039063 26.231601715087890625 26.151609420776367188 26.086963653564453125 25.980947494506835938 25.933164596557617188 -9999 -9999 -9999 -9999 -9999 -9999 -9999 -9999 -9999 -9999 -9999 -9999 -9999 -9999 -9999 -9999 -9999 -9999
