INPUT/RASTER/ASCII/BIO14.asc
ncols        225
nrows        269
xllcorner    473009.983799999987
yllcorner    4429051.174800000153
cellsize     50.000000000000
NODATA_value -9999
[rows 90 to 107 of 269, columns 42 to 83 of 225]
7.6041970252990722656 7.5963306427001953125 7.59712982177734375 7.6039104461669921875 7.6090488433837890625 7.6139235496520996094 7.6272153854370117188 7.630802154541015625 7.6183876991271972656 7.6049571037292480469 7.6015439033508300781 7.6008172035217285156 7.6004419326782226563 7.6008419990539550781 7.602260589599609375 7.6075067520141601563 7.6158967018127441406 7.6206617355346679688 7.62366485595703125 7.6239719390869140625 7.622142791748046875 7.62164306640625 7.6227383613586425781 7.6216874122619628906 7.6197490692138671875 7.6167612075805664063 7.6126699447631835938 7.6108617782592773438 7.6058125495910644531 7.5992422103881835938 7.5934891700744628906 7.5836949348449707031 7.5735316276550292969 7.5587835311889648438 7.5343389511108398438 7.5123844146728515625 7.5036716461181640625 7.4941458702087402344 7.48276519775390625 7.4774184226989746094 7.4771904945373535156 7.4789805412292480469
7.5974984169006347656 7.5891118049621582031 7.58880615234375 7.5916829109191894531 7.59545135498046875 7.6013646125793457031 7.6156663894653320313 7.6221604347229003906 7.6142625808715820313 7.6046681404113769531 7.6024694442749023438 7.6026973724365234375 7.6036128997802734375 7.6056060791015625 7.6068091392517089844 7.609828948974609375 7.6151137351989746094 7.6174530982971191406 7.6179561614990234375 7.6170411109924316406 7.6136651039123535156 7.6108012199401855469 7.6110405921936035156 7.6101551055908203125 7.6086864471435546875 7.6060500144958496094 7.6027774810791015625 7.5992617607116699219 7.5916881561279296875 7.5809903144836425781 7.5730280876159667969 7.5620846748352050781 7.5500035285949707031 7.5321478843688964844 7.5078291893005371094 7.4911074638366699219 7.4849710464477539063 7.4777116775512695313 7.4692354202270507813 7.4660983085632324219 7.4694800376892089844 7.4780106544494628906
7.5935220718383789063 7.5876889228820800781 7.5863318443298339844 7.5865459442138671875 7.5911269187927246094 7.5968341827392578125 7.6060681343078613281 7.6126699447631835938 7.6129984855651855469 7.6110463142395019531 7.6099824905395507813 7.6092777252197265625 7.6087775230407714844 7.6108689308166503906 7.6129779815673828125 7.6131296157836914063 7.6134228706359863281 7.6127691268920898438 7.6102237701416015625 7.6066946983337402344 7.603893280029296875 7.6019196510314941406 7.6023645401000976563 7.6026773452758789063 7.6017460823059082031 7.6002378463745117188 7.5975408554077148438 7.5915050506591796875 7.5801644325256347656 7.5665602684020996094 7.5575885772705078125 7.5471544265747070313 7.5318932533264160156 7.5096292495727539063 7.4884352684020996094 7.4790005683898925781 7.4748587608337402344 7.4670948982238769531 7.4590101242065429688 7.4572668075561523438 7.4615087509155273438 7.4754853248596191406
7.5915713310241699219 7.5907754898071289063 7.5863037109375 7.5847983360290527344 7.591583251953125 7.5983180999755859375 7.6075425148010253906 7.6156177520751953125 7.6191816329956054688 7.6194858551025390625 7.6179151535034179688 7.6164264678955078125 7.6136922836303710938 7.6136522293090820313 7.6168599128723144531 7.6161909103393554688 7.613155364990234375 7.6097807884216308594 7.6036267280578613281 7.5972285270690917969 7.5965404510498046875 7.5979685783386230469 7.5994868278503417969 7.6007452011108398438 7.5999822616577148438 7.5981001853942871094 7.5955829620361328125 7.5888352394104003906 7.5776262283325195313 7.5654897689819335938 7.5576615333557128906 7.5480432510375976563 7.5285863876342773438 7.5034031867980957031 7.4864649772644042969 7.4815230369567871094 7.4783511161804199219 7.4670047760009765625 7.45619964599609375 7.4542598724365234375 7.4558086395263671875 7.4663395881652832031
7.5907726287841796875 7.5927243232727050781 7.5841464996337890625 7.5838537216186523438 7.5964899063110351563 7.6065464019775390625 7.6186656951904296875 7.6293973922729492188 7.6327481269836425781 7.6296534538269042969 7.6253285408020019531 7.6226620674133300781 7.6189951896667480469 7.61724090576171875 7.6199593544006347656 7.61931610107421875 7.6152315139770507813 7.6104097366333007813 7.6010851860046386719 7.5926604270935058594 7.5926380157470703125 7.5950365066528320313 7.5970354080200195313 7.5994091033935546875 7.5992121696472167969 7.5976672172546386719 7.5947995185852050781 7.5873470306396484375 7.5777864456176757813 7.5704250335693359375 7.5639262199401855469 7.5546822547912597656 7.5331969261169433594 7.5072560310363769531 7.4923276901245117188 7.4889454841613769531 7.4856123924255371094 7.46993255615234375 7.456584930419921875 7.4548749923706054688 7.4554567337036132813 7.4616231918334960938
7.5911922454833984375 7.5924773216247558594 7.5809807777404785156 7.5831160545349121094 7.6031293869018554688 7.6177721023559570313 7.6343722343444824219 7.6462068557739257813 7.6481752395629882813 7.6416711807250976563 7.6339359283447265625 7.6297597885131835938 7.6254763603210449219 7.6240339279174804688 7.6254343986511230469 7.6247687339782714844 7.6200041770935058594 7.6154103279113769531 7.6055636405944824219 7.5944924354553222656 7.5918436050415039063 7.5947747230529785156 7.5974283218383789063 7.5991120338439941406 7.599582672119140625 7.5997376441955566406 7.5972433090209960938 7.58624267578125 7.5741014480590820313 7.5695290565490722656 7.5665712356567382813 7.5602784156799316406 7.5397291183471679688 7.5138211250305175781 7.4968423843383789063 7.4901671409606933594 7.4840002059936523438 7.4687595367431640625 7.4607458114624023438 7.4647426605224609375 7.4679484367370605469 7.473964691162109375
7.5940070152282714844 7.5865774154663085938 7.5767521858215332031 7.5843110084533691406 7.6082873344421386719 7.6250333786010742188 7.6443915367126464844 7.6559667587280273438 7.65676116943359375 7.6498422622680664063 7.6408114433288574219 7.6358866691589355469 7.6307930946350097656 7.6286792755126953125 7.6293349266052246094 7.6293478012084960938 7.6264619827270507813 7.6235494613647460938 7.6156353950500488281 7.6027178764343261719 7.5944285392761230469 7.5959563255310058594 7.5997853279113769531 7.6012320518493652344 7.6019949913024902344 7.6030063629150390625 7.6004567146301269531 7.5848269462585449219 7.5683236122131347656 7.5635743141174316406 7.561443328857421875 7.5545668601989746094 7.535030364990234375 7.5104660987854003906 7.4917993545532226563 7.4809508323669433594 7.4728217124938964844 7.4648365974426269531 7.4718680381774902344 7.4878716468811035156 7.4941844940185546875 7.498443603515625
7.5920643806457519531 7.5701642036437988281 7.5648827552795410156 7.58052825927734375 7.6089563369750976563 7.6278071403503417969 7.6491789817810058594 7.6607890129089355469 7.660839080810546875 7.6531386375427246094 7.6437811851501464844 7.6386027336120605469 7.6336908340454101563 7.6318993568420410156 7.6325058937072753906 7.6333608627319335938 7.6330685615539550781 7.6319899559020996094 7.6263890266418457031 7.6127729415893554688 7.600368499755859375 7.5983285903930664063 7.6014847755432128906 7.6040201187133789063 7.6054329872131347656 7.6071219444274902344 7.6038279533386230469 7.5864672660827636719 7.5673050880432128906 7.5596413612365722656 7.5527043342590332031 7.5388240814208984375 7.5176448822021484375 7.49587249755859375 7.4805154800415039063 7.4716897010803222656 7.4673771858215332031 7.4695043563842773438 7.4896197319030761719 7.5108575820922851563 7.5156617164611816406 7.5164737701416015625
7.5779476165771484375 7.5422883033752441406 7.5468850135803222656 7.574535369873046875 7.6070342063903808594 7.627124786376953125 7.6510267257690429688 7.6634511947631835938 7.6622438430786132813 7.6531224250793457031 7.6431913375854492188 7.6380519866943359375 7.6343107223510742188 7.6341519355773925781 7.6348681449890136719 7.6359233856201171875 7.6363391876220703125 7.6358265876770019531 7.6319904327392578125 7.620662689208984375 7.6081552505493164063 7.6013383865356445313 7.6010184288024902344 7.6048226356506347656 7.6077823638916015625 7.6109209060668945313 7.6088085174560546875 7.59323883056640625 7.5718111991882324219 7.5590810775756835938 7.5447168350219726563 7.5214834213256835938 7.4973039627075195313 7.4783415794372558594 7.4694638252258300781 7.4676709175109863281 7.46977996826171875 7.4809756278991699219 7.5049114227294921875 7.52264404296875 7.5249700546264648438 7.5246014595031738281
7.567218780517578125 7.5113430023193359375 7.525054931640625 7.5642604827880859375 7.5987563133239746094 7.6185336112976074219 7.6436696052551269531 7.6587891578674316406 7.6592245101928710938 7.6499128341674804688 7.6397876739501953125 7.6348896026611328125 7.6320576667785644531 7.6330356597900390625 7.6332683563232421875 7.6340050697326660156 7.6335434913635253906 7.6321039199829101563 7.6286282539367675781 7.62079620361328125 7.6118326187133789063 7.6025223731994628906 7.5956025123596191406 7.59755706787109375 7.6023459434509277344 7.6081228256225585938 7.6089072227478027344 7.5954847335815429688 7.574062347412109375 7.5603790283203125 7.5439372062683105469 7.5169124603271484375 7.4919338226318359375 7.4740452766418457031 7.4664106369018554688 7.4664082527160644531 7.4719343185424804688 7.4869685173034667969 7.5086374282836914063 7.5229668617248535156 7.5243597030639648438 7.5246396064758300781
7.5660266876220703125 7.5012812614440917969 7.5047397613525390625 7.5403370857238769531 7.5719709396362304688 7.5963978767395019531 7.6248784065246582031 7.6424207687377929688 7.6480450630187988281 7.6431345939636230469 7.6346569061279296875 7.6292757987976074219 7.6252560615539550781 7.6266551017761230469 7.6277313232421875 7.6286115646362304688 7.6274266242980957031 7.6255202293395996094 7.6225323677062988281 7.6180024147033691406 7.6126170158386230469 7.6016836166381835938 7.5843853950500488281 7.5805072784423828125 7.5870208740234375 7.5977020263671875 7.602054595947265625 7.5931735038757324219 7.5755968093872070313 7.5646910667419433594 7.5505886077880859375 7.5227990150451660156 7.4937634468078613281 7.47441864013671875 7.4661717414855957031 7.4652843475341796875 7.4716291427612304688 7.4862732887268066406 7.5031208992004394531 7.5148653984069824219 7.5198073387145996094 7.5240206718444824219
7.5757913589477539063 7.5164494514465332031 7.4935793876647949219 7.5086627006530761719 7.5248646736145019531 7.5573444366455078125 7.5950803756713867188 7.61763763427734375 7.6318202018737792969 7.6344318389892578125 7.6278586387634277344 7.6211285591125488281 7.6133289337158203125 7.6143884658813476563 7.6199026107788085938 7.6228766441345214844 7.6215991973876953125 7.6194410324096679688 7.6162571907043457031 7.6137385368347167969 7.6119050979614257813 7.60105133056640625 7.5754499435424804688 7.5632700920104980469 7.5701761245727539063 7.586395263671875 7.5952506065368652344 7.5924730300903320313 7.5799245834350585938 7.5700831413269042969 7.5552802085876464844 7.5264849662780761719 7.4964165687561035156 7.4752073287963867188 7.4636201858520507813 7.4613599777221679688 7.4685039520263671875 7.4828124046325683594 7.4948453903198242188 7.5036129951477050781 7.5147585868835449219 7.5255942344665527344
7.58969879150390625 7.5528402328491210938 7.5184450149536132813 7.5032715797424316406 7.4935426712036132813 7.5183496475219726563 7.5560374259948730469 7.5863270759582519531 7.6137986183166503906 7.6249327659606933594 7.6198978424072265625 7.6118731498718261719 7.60118865966796875 7.60214996337890625 7.611637115478515625 7.6174774169921875 7.6172442436218261719 7.6147527694702148438 7.6103296279907226563 7.6081218719482421875 7.6083693504333496094 7.5988564491271972656 7.5731649398803710938 7.5587739944458007813 7.5600895881652832031 7.5754742622375488281 7.586986541748046875 7.5871515274047851563 7.5787396430969238281 7.5714888572692871094 7.5586905479431152344 7.5322594642639160156 7.5030040740966796875 7.47875213623046875 7.4612593650817871094 7.4558157920837402344 7.4626965522766113281 7.4770665168762207031 7.4861688613891601563 7.4939289093017578125 7.5129456520080566406 7.5354285240173339844
7.6026592254638671875 7.5821242332458496094 7.55216217041015625 7.5198259353637695313 7.5014424324035644531 7.5123133659362792969 7.5330061912536621094 7.5584998130798339844 7.5976133346557617188 7.6201024055480957031 7.6180171966552734375 7.6042857170104980469 7.5865054130554199219 7.5882558822631835938 7.6014113426208496094 7.6101422309875488281 7.611141204833984375 7.6089940071105957031 7.6042928695678710938 7.6015329360961914063 7.6019730567932128906 7.5961689949035644531 7.5761389732360839844 7.5625557899475097656 7.5534162521362304688 7.5588450431823730469 7.570377349853515625 7.5780825614929199219 7.5761208534240722656 7.5720691680908203125 7.5643253326416015625 7.5472316741943359375 7.5226240158081054688 7.4919710159301757813 7.463581085205078125 7.4508996009826660156 7.4541792869567871094 7.4646062850952148438 7.4723038673400878906 7.4832906723022460938 7.5111165046691894531 7.5451211929321289063
7.6149339675903320313 7.5982184410095214844 7.5693869590759277344 7.5320830345153808594 7.5143609046936035156 7.5117664337158203125 7.5226907730102539063 7.5530557632446289063 7.5998382568359375 7.63182830810546875 7.629222869873046875 7.6017765998840332031 7.5722279548645019531 7.5786137580871582031 7.5907907485961914063 7.5976896286010742188 7.5999670028686523438 7.5990009307861328125 7.5960497856140136719 7.5934438705444335938 7.59314727783203125 7.5905933380126953125 7.575565338134765625 7.5612249374389648438 7.5417284965515136719 7.5381245613098144531 7.5534763336181640625 7.5705952644348144531 7.5756683349609375 7.5744929313659667969 7.57144927978515625 7.5643596649169921875 7.546337127685546875 7.5119843482971191406 7.4741625785827636719 7.4515323638916015625 7.4468293190002441406 7.4497256278991699219 7.4579563140869140625 7.4748148918151855469 7.5081548690795898438 7.5468745231628417969
7.6089239120483398438 7.5858864784240722656 7.5602784156799316406 7.5305180549621582031 7.5137162208557128906 7.5006542205810546875 7.5079936981201171875 7.5432786941528320313 7.5881285667419433594 7.6185503005981445313 7.6134824752807617188 7.5926198959350585938 7.5791177749633789063 7.5920276641845703125 7.589473724365234375 7.5854363441467285156 7.586517333984375 7.5869688987731933594 7.5872426033020019531 7.5860037803649902344 7.5847468376159667969 7.5812392234802246094 7.5679612159729003906 7.5529928207397460938 7.5283150672912597656 7.5217251777648925781 7.5427007675170898438 7.5669150352478027344 7.5770106315612792969 7.5779132843017578125 7.5766062736511230469 7.5724029541015625 7.5583109855651855469 7.5280671119689941406 7.4898171424865722656 7.4603743553161621094 7.4461798667907714844 7.4411973953247070313 7.452152252197265625 7.4748544692993164063 7.5111637115478515625 7.5466980934143066406
7.5889058113098144531 7.5583186149597167969 7.5361614227294921875 7.5190458297729492188 7.5085000991821289063 7.4937648773193359375 7.4941225051879882813 7.5183815956115722656 7.5508852005004882813 7.5722112655639648438 7.569156646728515625 7.5666608810424804688 7.580158233642578125 7.604434967041015625 7.5906381607055664063 7.573802947998046875 7.5742516517639160156 7.5765857696533203125 7.5796952247619628906 7.5804238319396972656 7.5791254043579101563 7.57293701171875 7.5591244697570800781 7.5451574325561523438 7.5201401710510253906 7.5089755058288574219 7.5289096832275390625 7.559047698974609375 7.5740756988525390625 7.5768246650695800781 7.5766911506652832031 7.5733208656311035156 7.5606265068054199219 7.5350928306579589844 7.5010790824890136719 7.4706730842590332031 7.4499278068542480469 7.4393620491027832031 7.4519495964050292969 7.47948455810546875 7.5190067291259765625 7.5498523712158203125
7.5712451934814453125 7.5389537811279296875 7.5199971199035644531 7.507244110107421875 7.4992780685424804688 7.4882831573486328125 7.4860205650329589844 7.498805999755859375 7.5169353485107421875 7.5312180519104003906 7.5343408584594726563 7.53954315185546875 7.5624942779541015625 7.5927753448486328125 7.5753998756408691406 7.5556182861328125 7.5616092681884765625 7.5678124427795410156 7.5726146697998046875 7.5751814842224121094 7.5737781524658203125 7.566356658935546875 7.5518774986267089844 7.5388703346252441406 7.5123801231384277344 7.4926242828369140625 7.5059227943420410156 7.5409321784973144531 7.5620107650756835938 7.5669889450073242188 7.5688080787658691406 7.5667209625244140625 7.5538511276245117188 7.5309424400329589844 7.5012569427490234375 7.4725084304809570313 7.4508600234985351563 7.4402575492858886719 7.4550089836120605469 7.4870753288269042969 7.52672576904296875 7.553730010986328125
