INPUT/RASTER/ASCII/BIO12.asc
ncols        225
nrows        269
xllcorner    473009.983799999987
yllcorner    4429051.174800000153
cellsize     50.000000000000
NODATA_value -9999
[rows 100 to 119 of 269, columns 0 to 45 of 225]
-9999 -9999 -9999 -9999 -9999 -9999 -9999 -9999 -9999 -9999 707.48931884765625 709.817626953125 712.94140625 715.96221923828125 717.61334228515625 718.67144775390625 719.29229736328125 720.2503662109375 721.3692626953125 722.7001953125 723.95819091796875 724.71051025390625 725.19049072265625 725.796875 726.501220703125 727.012451171875 727.75531005859375 728.68951416015625 729.4405517578125 730.62744140625 731.9595947265625 732.96221923828125 733.62969970703125 734.429443359375 735.038818359375 735.3968505859375 735.39532470703125 734.29156494140625 731.7000732421875 729.24029541015625 728.071533203125 727.331787109375 726.640625 728.14306640625 729.36529541015625 731.36199951171875
-9999 -9999 -9999 -9999 -9999 -9999 -9999 -9999 -9999 -9999 -9999 708.7083740234375 711.63519287109375 714.82147216796875 716.7266845703125 717.858642578125 718.404052734375 719.158203125 720.2423095703125 721.756103515625 723.23809814453125 724.1785888671875 724.644775390625 725.01104736328125 725.3543701171875 725.62445068359375 726.338623046875 727.426513671875 728.42529296875 729.99273681640625 731.680908203125 732.95379638671875 733.73846435546875 734.439453125 734.95257568359375 735.2406005859375 735.20062255859375 734.4754638671875 731.94537353515625 729.71063232421875 728.55780029296875 727.81536865234375 727.42559814453125 728.7071533203125 728.3173828125 729.05450439453125
-9999 -9999 -9999 -9999 -9999 -9999 -9999 -9999 -9999 -9999 -9999 707.69921875 710.6561279296875 713.90216064453125 715.93048095703125 717.07269287109375 717.57403564453125 718.2982177734375 719.4185791015625 720.83074951171875 722.43438720703125 723.59967041015625 724.01690673828125 724.14483642578125 724.24267578125 724.2587890625 725.05865478515625 726.4761962890625 727.6904296875 729.4959716796875 731.37762451171875 732.74700927734375 733.62152099609375 734.35784912109375 734.87298583984375 735.1802978515625 735.14654541015625 734.52667236328125 732.22247314453125 730.32977294921875 729.60980224609375 729.15960693359375 730.10791015625 730.836669921875 729.117919921875 728.04791259765625
-9999 -9999 -9999 -9999 -9999 -9999 -9999 -9999 -9999 -9999 -9999 707.20111083984375 709.998046875 713.08111572265625 715.09088134765625 716.15081787109375 716.6700439453125 717.5703125 718.7379150390625 719.94769287109375 721.32025146484375 722.50677490234375 722.8843994140625 722.92236328125 722.8714599609375 722.95703125 724.33245849609375 726.04388427734375 727.3507080078125 729.16998291015625 730.96478271484375 732.25592041015625 733.11187744140625 733.8726806640625 734.4281005859375 734.8262939453125 734.84051513671875 734.299072265625 732.88287353515625 731.8997802734375 732.71044921875 732.988037109375 733.41412353515625 732.78753662109375 730.63311767578125 728.38421630859375
-9999 -9999 -9999 -9999 -9999 -9999 -9999 -9999 -9999 -9999 -9999 707.15142822265625 709.49407958984375 712.0838623046875 713.8009033203125 714.84210205078125 715.50244140625 716.69183349609375 717.8841552734375 718.61639404296875 719.18212890625 720.01483154296875 720.3780517578125 720.39373779296875 720.445556640625 721.4969482421875 723.8448486328125 725.77972412109375 727.0758056640625 728.807861328125 730.29376220703125 731.32421875 732.033447265625 732.55084228515625 732.96746826171875 733.66864013671875 734.3817138671875 734.28436279296875 735.14373779296875 735.1732177734375 735.7777099609375 735.9302978515625 735.08233642578125 733.7054443359375 731.5087890625 728.7967529296875
-9999 -9999 -9999 -9999 -9999 -9999 -9999 -9999 -9999 -9999 -9999 707.22607421875 709.13555908203125 711.0548095703125 712.23846435546875 713.28802490234375 714.06243896484375 715.27252197265625 716.14093017578125 716.22528076171875 716.0321044921875 716.37255859375 716.58135986328125 716.64996337890625 717.3812255859375 719.95733642578125 723.163818359375 725.21783447265625 726.43804931640625 728.0711669921875 729.44476318359375 730.3636474609375 730.95379638671875 731.20037841796875 731.45928955078125 733.144775390625 735.4169921875 736.0157470703125 736.77984619140625 736.82025146484375 736.54730224609375 736.0577392578125 734.6046142578125 732.75335693359375 730.763427734375 728.5279541015625
-9999 -9999 -9999 -9999 -9999 -9999 -9999 -9999 -9999 -9999 703.76837158203125 706.19061279296875 708.71380615234375 710.406005859375 711.25872802734375 712.17388916015625 712.83746337890625 713.67657470703125 714.0123291015625 713.76739501953125 713.532470703125 713.660888671875 713.70086669921875 713.90869140625 715.277099609375 718.74609375 722.25482177734375 724.3411865234375 725.50286865234375 727.0050048828125 728.49542236328125 729.64349365234375 730.47686767578125 731.200439453125 731.67254638671875 733.9219970703125 735.9202880859375 736.6365966796875 736.66961669921875 736.5299072265625 736.23345947265625 735.42108154296875 733.19964599609375 730.86065673828125 729.0948486328125 727.678955078125
-9999 -9999 -9999 -9999 -9999 -9999 -9999 -9999 -9999 -9999 702.81085205078125 704.8602294921875 708.12188720703125 709.8251953125 710.41070556640625 711.01885986328125 711.390380859375 711.724365234375 711.669677734375 711.35333251953125 711.29852294921875 711.511962890625 711.677490234375 712.12115478515625 713.72711181640625 717.4591064453125 721.03887939453125 723.16058349609375 724.288330078125 725.65716552734375 727.40179443359375 729.3321533203125 731.1884765625 733.16326904296875 733.8538818359375 734.542724609375 735.13427734375 735.82080078125 736.25146484375 736.050537109375 735.6173095703125 734.60467529296875 731.9471435546875 729.49957275390625 727.94183349609375 726.8089599609375
-9999 -9999 -9999 -9999 -9999 -9999 -9999 -9999 -9999 -9999 700.8953857421875 703.3580322265625 707.19207763671875 708.85540771484375 709.1431884765625 709.33026123046875 709.3406982421875 709.20013427734375 708.91357421875 708.58831787109375 708.622314453125 709.0758056640625 709.65966796875 710.757568359375 712.6048583984375 716.1766357421875 719.66253662109375 721.67108154296875 722.84600830078125 724.437744140625 727.3778076171875 730.8570556640625 733.52923583984375 734.1376953125 734.13427734375 734.00103759765625 734.16546630859375 734.844482421875 735.25439453125 734.91339111328125 734.5777587890625 733.61834716796875 731.04296875 728.74859619140625 727.20330810546875 726.0965576171875
-9999 -9999 -9999 -9999 -9999 -9999 -9999 -9999 691.7945556640625 692.40472412109375 697.9730224609375 701.852783203125 705.72991943359375 707.362060546875 707.6104736328125 707.4459228515625 707.1453857421875 706.68475341796875 706.3330078125 705.8670654296875 705.92266845703125 706.80047607421875 707.91046142578125 709.80242919921875 712.0052490234375 715.354736328125 718.76031494140625 720.59686279296875 722.287353515625 725.17877197265625 729.40069580078125 732.12274169921875 733.2113037109375 733.367919921875 733.23126220703125 733.06304931640625 733.13720703125 733.61053466796875 733.75286865234375 733.28692626953125 733.05816650390625 732.2066650390625 730.12396240234375 728.0528564453125 726.54595947265625 725.53045654296875
-9999 -9999 -9999 -9999 -9999 -9999 -9999 686.0968017578125 688.04998779296875 692.0706787109375 695.59356689453125 700.4437255859375 703.968994140625 705.39837646484375 705.5213623046875 705.18017578125 704.79400634765625 704.1251220703125 703.72467041015625 703.1287841796875 703.3489990234375 704.79229736328125 706.45965576171875 709.030517578125 711.83294677734375 715.48712158203125 719.83551025390625 721.70166015625 723.51318359375 726.45477294921875 728.96600341796875 730.81597900390625 731.861572265625 732.1064453125 732.0274658203125 731.96002197265625 732.03106689453125 732.23834228515625 732.0291748046875 731.27398681640625 730.92791748046875 730.214111328125 728.73260498046875 727.07476806640625 725.89703369140625 725.08953857421875
-9999 -9999 -9999 -9999 -9999 -9999 -9999 682.00341796875 686.62640380859375 691.59442138671875 694.74224853515625 698.6939697265625 701.56024169921875 702.84649658203125 703.22271728515625 703.11181640625 702.64739990234375 701.5740966796875 700.994140625 700.81890869140625 701.7296142578125 703.531005859375 705.50799560546875 708.6021728515625 712.55419921875 716.9876708984375 721.45166015625 723.298583984375 724.34344482421875 725.79541015625 727.4197998046875 728.9959716796875 730.15655517578125 730.5924072265625 730.6531982421875 730.71722412109375 730.84912109375 730.9371337890625 730.4078369140625 729.28460693359375 728.7783203125 728.14312744140625 727.126708984375 725.95098876953125 725.27789306640625 724.77532958984375
-9999 -9999 -9999 -9999 -9999 -9999 -9999 681.85546875 686.45086669921875 691.70025634765625 694.18170166015625 697.09588623046875 699.15386962890625 700.12939453125 700.74859619140625 700.94683837890625 700.269287109375 698.63348388671875 698.26385498046875 699.2960205078125 701.28204345703125 703.2896728515625 705.7156982421875 709.6817626953125 713.84014892578125 717.9061279296875 720.87835693359375 722.52154541015625 723.38543701171875 724.62994384765625 726.064453125 727.43017578125 728.48187255859375 729.0269775390625 729.248291015625 729.4459228515625 729.7213134765625 729.89483642578125 729.22821044921875 727.87396240234375 727.23699951171875 726.5675048828125 725.82940673828125 725.00054931640625 724.5401611328125 724.16033935546875
-9999 -9999 -9999 -9999 -9999 -9999 -9999 682.0384521484375 686.66424560546875 691.7264404296875 693.87896728515625 696.22454833984375 697.60382080078125 697.885009765625 697.72344970703125 697.3582763671875 696.380615234375 694.661865234375 695.247314453125 698.11236572265625 701.6636962890625 704.080322265625 707.12109375 711.1436767578125 713.60638427734375 716.1473388671875 718.88055419921875 720.5615234375 721.48577880859375 722.9857177734375 724.56011962890625 726.021240234375 726.9952392578125 727.48968505859375 727.75372314453125 728.054443359375 728.5255126953125 728.8671875 728.27081298828125 726.79608154296875 725.94537353515625 725.1878662109375 724.536376953125 723.89862060546875 723.4527587890625 723.029296875
-9999 -9999 -9999 -9999 -9999 -9999 679.96075439453125 682.42034912109375 687.50341796875 691.931396484375 693.77783203125 695.59918212890625 696.27801513671875 695.60003662109375 694.2066650390625 693.210205078125 692.1326904296875 691.223876953125 693.42535400390625 698.27392578125 703.917236328125 706.8172607421875 708.80072021484375 710.556396484375 711.5350341796875 713.2041015625 715.7664794921875 717.5947265625 718.70599365234375 720.68157958984375 722.67095947265625 724.4273681640625 725.45635986328125 725.88250732421875 726.15185546875 726.58740234375 727.28155517578125 727.7508544921875 727.31036376953125 725.81427001953125 724.78497314453125 723.91363525390625 723.1536865234375 722.5927734375 722.21905517578125 721.8143310546875
-9999 -9999 -9999 -9999 -9999 -9999 680.189697265625 683.40570068359375 689.346435546875 692.64599609375 694.03106689453125 695.24359130859375 695.099365234375 693.4052734375 691.17138671875 690.12933349609375 689.721435546875 690.64324951171875 694.77789306640625 701.20465087890625 706.485107421875 708.5389404296875 708.96929931640625 709.21044921875 709.38330078125 709.756103515625 711.28961181640625 713.1744384765625 714.84613037109375 717.6463623046875 720.17974853515625 722.30548095703125 723.49029541015625 724.010986328125 724.37689208984375 724.99993896484375 725.89581298828125 726.46856689453125 726.2689208984375 725.14434814453125 724.20294189453125 723.39337158203125 722.56622314453125 722.0167236328125 721.736083984375 721.37200927734375
-9999 -9999 -9999 -9999 -9999 -9999 681.638427734375 684.2674560546875 689.24713134765625 691.88916015625 693.08514404296875 694.08599853515625 692.95172119140625 689.9068603515625 688.06256103515625 688.4468994140625 689.97198486328125 693.8358154296875 698.82232666015625 703.6201171875 706.82891845703125 707.95550537109375 708.1453857421875 708.01416015625 707.4713134765625 706.37603759765625 706.23907470703125 707.55810546875 709.3116455078125 712.217529296875 715.4227294921875 718.64422607421875 720.45758056640625 721.455810546875 722.2103271484375 723.0025634765625 724.00567626953125 724.72161865234375 725.71185302734375 726.1014404296875 725.5562744140625 724.9544677734375 724.1395263671875 723.4974365234375 723.29296875 723.11224365234375
-9999 -9999 -9999 -9999 -9999 -9999 682.15673828125 682.3455810546875 684.606201171875 687.398193359375 688.9281005859375 689.98870849609375 687.14447021484375 683.41619873046875 685.27691650390625 689.786865234375 693.97357177734375 698.285888671875 701.61016845703125 704.259765625 706.3607177734375 707.191650390625 707.239501953125 706.780029296875 705.54791259765625 703.5430908203125 702.09930419921875 702.02874755859375 702.64166259765625 704.12200927734375 707.36395263671875 712.5838623046875 716.40087890625 718.30792236328125 719.74749755859375 721.30291748046875 722.342529296875 723.74676513671875 725.699462890625 725.91961669921875 725.6005859375 725.28680419921875 724.46612548828125 723.61346435546875 723.380615234375 723.46722412109375
-9999 -9999 -9999 -9999 -9999 -9999 -9999 681.4449462890625 681.800537109375 682.95721435546875 683.98565673828125 684.75982666015625 682.70660400390625 682.14141845703125 686.8743896484375 692.05682373046875 696.62213134765625 700.37274169921875 702.6668701171875 704.48931884765625 706.03741455078125 706.76873779296875 706.8416748046875 706.16015625 704.3333740234375 701.70367431640625 699.6806640625 698.90582275390625 698.82366943359375 699.5179443359375 702.21209716796875 707.94451904296875 713.6392822265625 716.63201904296875 718.43206787109375 720.13006591796875 721.03326416015625 723.3255615234375 724.72686767578125 724.20648193359375 724.062744140625 724.04693603515625 723.25750732421875 722.0582275390625 721.37493896484375 721.5784912109375
-9999 -9999 -9999 -9999 -9999 -9999 -9999 -9999 680.53424072265625 680.78533935546875 681.66790771484375 682.44158935546875 682.2119140625 682.9268798828125 688.24810791015625 693.2159423828125 697.437255859375 700.85009765625 702.9415283203125 704.45074462890625 705.7054443359375 706.5499267578125 706.6392822265625 705.74114990234375 703.4630126953125 700.33349609375 698.0394287109375 697.17327880859375 697.09832763671875 697.90069580078125 700.4771728515625 705.934326171875 712.2193603515625 715.728271484375 717.492431640625 718.9046630859375 719.92901611328125 722.02410888671875 722.64776611328125 722.30120849609375 722.48736572265625 722.8233642578125 722.227294921875 720.7615966796875 719.5313720703125 719.60504150390625
