INPUT/RASTER/ASCII/BIO18.asc
ncols        225
nrows        269
xllcorner    473009.983799999987
yllcorner    4429051.174800000153
cellsize     50.000000000000
NODATA_value  -9999
[rows 180 to 199 of 269, columns 43 to 85 of 225]
22.063709259033203125 22.327917098999023438 22.509572982788085938 22.808748245239257813 23.1640167236328125 23.426694869995117188 23.509996414184570313 23.520444869995117188 23.53277587890625 23.572834014892578125 23.600757598876953125 23.576902389526367188 23.542741775512695313 23.527309417724609375 23.290826797485351563 23.061948776245117188 23.142477035522460938 23.186140060424804688 23.188993453979492188 23.193973541259765625 23.203958511352539063 23.23125457763671875 23.273645401000976563 23.316379547119140625 23.359617233276367188 23.385911941528320313 23.392536163330078125 23.398143768310546875 23.417346954345703125 23.45134735107421875 23.493024826049804688 23.52014923095703125 23.526918411254882813 23.519941329956054688 23.429935455322265625 23.207576751708984375 23.046712875366210938 22.995923995971679688 22.980182647705078125 22.979124069213867188 23.003271102905273438 23.09778594970703125 23.273290634155273438
22.220369338989257813 22.495159149169921875 22.690073013305664063 22.976749420166015625 23.253911972045898438 23.434551239013671875 23.482912063598632813 23.4840087890625 23.476278305053710938 23.479825973510742188 23.504238128662109375 23.500614166259765625 23.482923507690429688 23.46802520751953125 23.226337432861328125 22.99909210205078125 23.09491729736328125 23.154102325439453125 23.167774200439453125 23.179698944091796875 23.193904876708984375 23.219408035278320313 23.257953643798828125 23.297819137573242188 23.3361358642578125 23.362142562866210938 23.37191009521484375 23.3810577392578125 23.402231216430664063 23.436756134033203125 23.479457855224609375 23.505556106567382813 23.512956619262695313 23.504415512084960938 23.408519744873046875 23.215780258178710938 23.078763961791992188 23.021755218505859375 22.996137619018554688 22.98451995849609375 22.992536544799804688 23.062143325805664063 23.223117828369140625
22.391256332397460938 22.690395355224609375 22.920379638671875 23.180492401123046875 23.347208023071289063 23.42690277099609375 23.437765121459960938 23.432241439819335938 23.418222427368164063 23.410490036010742188 23.432256698608398438 23.450771331787109375 23.460229873657226563 23.423908233642578125 23.182781219482421875 22.956117630004882813 23.038486480712890625 23.113979339599609375 23.150119781494140625 23.176076889038085938 23.193988800048828125 23.211454391479492188 23.235820770263671875 23.263164520263671875 23.292860031127929688 23.316183090209960938 23.32830810546875 23.347715377807617188 23.380474090576171875 23.420858383178710938 23.460102081298828125 23.478179931640625 23.48114013671875 23.472316741943359375 23.39685821533203125 23.267353057861328125 23.150333404541015625 23.061964035034179688 23.01091766357421875 22.988399505615234375 22.97808074951171875 23.014682769775390625 23.15119171142578125
22.462686538696289063 22.804821014404296875 23.082033157348632813 23.313474655151367188 23.386590957641601563 23.391529083251953125 23.378696441650390625 23.369718551635742188 23.360666275024414063 23.362560272216796875 23.38516998291015625 23.417818069458007813 23.441370010375976563 23.2508697509765625 23.068105697631835938 22.9691925048828125 23.022577285766601563 23.083482742309570313 23.137029647827148438 23.17803192138671875 23.1979522705078125 23.205945968627929688 23.212024688720703125 23.221958160400390625 23.243371963500976563 23.259674072265625 23.27154541015625 23.299961090087890625 23.345310211181640625 23.402339935302734375 23.4395904541015625 23.453134536743164063 23.450563430786132813 23.442491531372070313 23.415048599243164063 23.358463287353515625 23.247407913208007813 23.099733352661132813 23.011600494384765625 22.978628158569335938 22.95708465576171875 22.978717803955078125 23.1070098876953125
22.373571395874023438 22.677717208862304688 23.005208969116210938 23.258569717407226563 23.3358154296875 23.347736358642578125 23.34131622314453125 23.336093902587890625 23.326871871948242188 23.336902618408203125 23.370870590209960938 23.413702011108398438 23.436464309692382813 23.061191558837890625 22.943080902099609375 22.99527740478515625 23.0349273681640625 23.080204010009765625 23.135858535766601563 23.175493240356445313 23.192697525024414063 23.197330474853515625 23.199254989624023438 23.20485687255859375 23.220249176025390625 23.22735595703125 23.233814239501953125 23.260248184204101563 23.31389617919921875 23.378660202026367188 23.423971176147460938 23.43811798095703125 23.435474395751953125 23.423839569091796875 23.402212142944335938 23.365758895874023438 23.273283004760742188 23.115686416625976563 23.013156890869140625 22.974199295043945313 22.941431045532226563 22.955335617065429688 23.088342666625976563
22.258344650268554688 22.506242752075195313 22.86280059814453125 23.156024932861328125 23.265819549560546875 23.300754547119140625 23.307294845581054688 23.305387496948242188 23.298131942749023438 23.319461822509765625 23.364620208740234375 23.418079376220703125 23.450748443603515625 23.074581146240234375 22.962137222290039063 23.020221710205078125 23.057676315307617188 23.097715377807617188 23.134555816650390625 23.160833358764648438 23.172147750854492188 23.175539016723632813 23.183868408203125 23.185474395751953125 23.191898345947265625 23.18909454345703125 23.19058990478515625 23.217771530151367188 23.278789520263671875 23.343610763549804688 23.391574859619140625 23.413766860961914063 23.417615890502929688 23.408109664916992188 23.377027511596679688 23.319217681884765625 23.231599807739257813 23.096361160278320313 23.004978179931640625 22.964599609375 22.926973342895507813 22.945163726806640625 23.0993194580078125
22.196626663208007813 22.446950912475585938 22.786848068237304688 23.084772109985351563 23.20836639404296875 23.251214981079101563 23.264802932739257813 23.26169586181640625 23.267429351806640625 23.307100296020507813 23.362928390502929688 23.4294891357421875 23.473062515258789063 23.098333358764648438 22.98609161376953125 23.04523468017578125 23.087003707885742188 23.112865447998046875 23.114871978759765625 23.11962127685546875 23.121656417846679688 23.126749038696289063 23.157459259033203125 23.166255950927734375 23.159332275390625 23.142240524291992188 23.133638381958007813 23.155466079711914063 23.22069549560546875 23.274700164794921875 23.319627761840820313 23.361860275268554688 23.380216598510742188 23.375944137573242188 23.326587677001953125 23.200464248657226563 23.09439849853515625 23.016819000244140625 22.967988967895507813 22.94156646728515625 22.918577194213867188 22.969970703125 23.163654327392578125
22.166570663452148438 22.453281402587890625 22.8151397705078125 23.081312179565429688 23.163745880126953125 23.18764495849609375 23.200000762939453125 23.199663162231445313 23.227336883544921875 23.288988113403320313 23.361265182495117188 23.444982528686523438 23.492765426635742188 23.111257553100585938 22.998186111450195313 23.055871963500976563 23.0922698974609375 23.086139678955078125 23.039670944213867188 23.009225845336914063 22.9952239990234375 22.998546600341796875 23.06891632080078125 23.101306915283203125 23.09398651123046875 23.07646942138671875 23.031522750854492188 22.989038467407226563 23.020849227905273438 23.057973861694335938 23.121158599853515625 23.196653366088867188 23.2273406982421875 23.22725677490234375 23.154123306274414063 22.990812301635742188 22.916309356689453125 22.927455902099609375 22.943359375 22.95050811767578125 22.967983245849609375 23.07862091064453125 23.318216323852539063
22.098459243774414063 22.422397613525390625 22.820684432983398438 23.03565216064453125 23.044956207275390625 23.075746536254882813 23.124380111694335938 23.147630691528320313 23.194959640502929688 23.27056121826171875 23.361001968383789063 23.460535049438476563 23.451854705810546875 23.090711593627929688 22.992013931274414063 23.02398681640625 23.014026641845703125 22.93088531494140625 22.803842544555664063 22.726640701293945313 22.6902618408203125 22.685420989990234375 22.788015365600585938 22.850725173950195313 22.8854827880859375 22.914379119873046875 22.803943634033203125 22.608751296997070313 22.55582427978515625 22.592334747314453125 22.694135665893554688 22.784593582153320313 22.819398880004882813 22.819734573364257813 22.741596221923828125 22.667360305786132813 22.75632476806640625 22.891580581665039063 22.992847442626953125 23.067066192626953125 23.161224365234375 23.316616058349609375 23.536981582641601563
21.92623138427734375 22.23767852783203125 22.626943588256835938 22.802202224731445313 22.79035186767578125 22.9218597412109375 23.070037841796875 23.13762664794921875 23.191217422485351563 23.26494598388671875 23.36254119873046875 23.472787857055664063 23.298292160034179688 23.013460159301757813 22.953073501586914063 22.903699874877929688 22.764955520629882813 22.5282135009765625 22.312871932983398438 22.22214508056640625 22.186769485473632813 22.172313690185546875 22.253240585327148438 22.358654022216796875 22.506769180297851563 22.613420486450195313 22.49017333984375 22.234571456909179688 22.153690338134765625 22.198049545288085938 22.279170989990234375 22.327760696411132813 22.351329803466796875 22.353183746337890625 22.330770492553710938 22.424839019775390625 22.694265365600585938 22.938241958618164063 23.11727142333984375 23.26558685302734375 23.426593780517578125 23.558210372924804688 23.684017181396484375
21.705156326293945313 21.9746246337890625 22.299112319946289063 22.4380035400390625 22.603923797607421875 22.923868179321289063 23.104978561401367188 23.170049667358398438 23.214147567749023438 23.273653030395507813 23.362047195434570313 23.469585418701171875 23.215684890747070313 22.955244064331054688 22.873849868774414063 22.694669723510742188 22.414031982421875 22.09920501708984375 21.904664993286132813 21.853973388671875 21.853485107421875 21.87546539306640625 21.94657135009765625 22.03847503662109375 22.183500289916992188 22.288122177124023438 22.236063003540039063 22.0949859619140625 22.057415008544921875 22.112825393676757813 22.162189483642578125 22.1640777587890625 22.170328140258789063 22.184627532958984375 22.263891220092773438 22.50258636474609375 22.831762313842773438 23.1040496826171875 23.29364776611328125 23.445720672607421875 23.596439361572265625 23.680713653564453125 23.746118545532226563
21.448184967041015625 21.6755218505859375 21.928178787231445313 22.116977691650390625 22.588407516479492188 23.03249359130859375 23.18621826171875 23.2236480712890625 23.247859954833984375 23.2944793701171875 23.372318267822265625 23.46959686279296875 23.210554122924804688 22.9251708984375 22.782474517822265625 22.476057052612304688 22.11949920654296875 21.824617385864257813 21.679876327514648438 21.666013717651367188 21.70940399169921875 21.800733566284179688 21.905820846557617188 21.976047515869140625 22.060087203979492188 22.121812820434570313 22.118213653564453125 22.074357986450195313 22.079746246337890625 22.205522537231445313 22.371877670288085938 22.40642547607421875 22.400854110717773438 22.420925140380859375 22.54846954345703125 22.81687164306640625 23.108554840087890625 23.331499099731445313 23.463382720947265625 23.5633544921875 23.671689987182617188 23.734195709228515625 23.787389755249023438
21.28339385986328125 21.488119125366210938 21.76892852783203125 22.11321258544921875 22.673381805419921875 23.089395523071289063 23.220245361328125 23.25119781494140625 23.269201278686523438 23.315494537353515625 23.388326644897460938 23.461124420166015625 23.17650604248046875 22.857542037963867188 22.6665496826171875 22.288221359252929688 21.910829544067382813 21.6418914794921875 21.5151214599609375 21.517610549926757813 21.617193222045898438 21.808931350708007813 21.960407257080078125 22.0178985595703125 22.056379318237304688 22.082845687866210938 22.081768035888671875 22.071443557739257813 22.124317169189453125 22.368745803833007813 22.753461837768554688 22.8877105712890625 22.87895965576171875 22.888439178466796875 22.971708297729492188 23.161767959594726563 23.355991363525390625 23.492710113525390625 23.566534042358398438 23.621028900146484375 23.69377899169921875 23.753614425659179688 23.81305694580078125
21.3572235107421875 21.567413330078125 21.86969757080078125 22.284770965576171875 22.76766204833984375 23.094974517822265625 23.209865570068359375 23.244050979614257813 23.27130126953125 23.324617385864257813 23.38763427734375 23.357950210571289063 23.016815185546875 22.698259353637695313 22.491521835327148438 22.1198577880859375 21.760393142700195313 21.507997512817382813 21.404920578002929688 21.433240890502929688 21.609178543090820313 21.911844253540039063 22.09424591064453125 22.130151748657226563 22.131875991821289063 22.132080078125 22.12162017822265625 22.127643585205078125 22.234155654907226563 22.544240951538085938 23.006441116333007813 23.208505630493164063 23.225214004516601563 23.229364395141601563 23.276327133178710938 23.384618759155273438 23.49298095703125 23.5700836181640625 23.610630035400390625 23.636163711547851563 23.6772003173828125 23.73896026611328125 23.812152862548828125
21.6114501953125 21.85453033447265625 22.141748428344726563 22.521484375 22.866411209106445313 23.084362030029296875 23.181882858276367188 23.221195220947265625 23.263360977172851563 23.326904296875 23.36685943603515625 23.159454345703125 22.710977554321289063 22.416162490844726563 22.215307235717773438 21.887372970581054688 21.582149505615234375 21.37923431396484375 21.364032745361328125 21.481481552124023438 21.740003585815429688 22.12397003173828125 22.30805206298828125 22.311662673950195313 22.287700653076171875 22.278553009033203125 22.28688812255859375 22.35361480712890625 22.513851165771484375 22.791858673095703125 23.1581573486328125 23.353998184204101563 23.398469924926757813 23.412353515625 23.450910568237304688 23.511196136474609375 23.565456390380859375 23.604402542114257813 23.624361038208007813 23.622060775756835938 23.609025955200195313 23.657526016235351563 23.749525070190429688
22.021001815795898438 22.329839706420898438 22.5648345947265625 22.792186737060546875 22.955720901489257813 23.065690994262695313 23.146556854248046875 23.193187713623046875 23.252191543579101563 23.328443527221679688 23.333362579345703125 22.970880508422851563 22.35639190673828125 22.0158538818359375 21.830114364624023438 21.568023681640625 21.357946395874023438 21.269826889038085938 21.4236297607421875 21.686002731323242188 21.997955322265625 22.372974395751953125 22.50666046142578125 22.481807708740234375 22.460687637329101563 22.478954315185546875 22.541019439697265625 22.707307815551757813 22.905902862548828125 23.09088134765625 23.289236068725585938 23.425708770751953125 23.474554061889648438 23.49541473388671875 23.533555984497070313 23.576429367065429688 23.595157623291015625 23.591627120971679688 23.581323623657226563 23.5484619140625 23.463113784790039063 23.485652923583984375 23.619045257568359375
22.36272430419921875 22.709014892578125 22.870885848999023438 22.947540283203125 22.99271392822265625 23.0464324951171875 23.118299484252929688 23.172275543212890625 23.241436004638671875 23.324583053588867188 23.297582626342773438 22.81139373779296875 22.052898406982421875 21.667339324951171875 21.51335906982421875 21.33428192138671875 21.22772979736328125 21.257596969604492188 21.533445358276367188 21.846462249755859375 22.140424728393554688 22.422779083251953125 22.492298126220703125 22.4813385009765625 22.491161346435546875 22.534029006958007813 22.607496261596679688 22.789789199829101563 23.001354217529296875 23.1917266845703125 23.366689682006835938 23.4673919677734375 23.502504348754882813 23.520998001098632813 23.548120498657226563 23.567708969116210938 23.531377792358398438 23.46773529052734375 23.41548919677734375 23.379274368286132813 23.310182571411132813 23.401607513427734375 23.613742828369140625
22.406686782836914063 22.721506118774414063 22.862209320068359375 22.91683197021484375 22.971282958984375 23.03765106201171875 23.10984039306640625 23.163784027099609375 23.219854354858398438 23.268167495727539063 23.172332763671875 22.576416015625 21.739933013916015625 21.384920120239257813 21.289541244506835938 21.204072952270507813 21.18782806396484375 21.31313323974609375 21.65219879150390625 21.9451904296875 22.178228378295898438 22.376392364501953125 22.432531356811523438 22.4641265869140625 22.516450881958007813 22.592565536499023438 22.697862625122070313 22.904623031616210938 23.109233856201171875 23.306135177612304688 23.447948455810546875 23.506959915161132813 23.525758743286132813 23.539197921752929688 23.543149948120117188 23.47486114501953125 23.331048965454101563 23.221405029296875 23.173761367797851563 23.166477203369140625 23.183618545532226563 23.398044586181640625 23.674442291259765625
22.234256744384765625 22.5246734619140625 22.722692489624023438 22.832025527954101563 22.929140090942382813 23.0233917236328125 23.10260772705078125 23.155710220336914063 23.159494400024414063 23.061037063598632813 22.810167312622070313 22.17031097412109375 21.440807342529296875 21.209268569946289063 21.177644729614257813 21.176183700561523438 21.244541168212890625 21.463956832885742188 21.837337493896484375 22.104112625122070313 22.269771575927734375 22.39581298828125 22.457309722900390625 22.5454254150390625 22.676893234252929688 22.814466476440429688 22.953266143798828125 23.16054534912109375 23.31221771240234375 23.44774627685546875 23.521884918212890625 23.535303115844726563 23.54288482666015625 23.549989700317382813 23.5056915283203125 23.299631118774414063 23.052064895629882813 22.9331207275390625 22.938022613525390625 23.0022125244140625 23.10254669189453125 23.388959884643554688 23.687343597412109375
21.78260040283203125 22.024568557739257813 22.319856643676757813 22.588357925415039063 22.843379974365234375 22.998952865600585938 23.040891647338867188 23.052516937255859375 22.9544830322265625 22.700231552124023438 22.312253952026367188 21.68328094482421875 21.226104736328125 21.1365203857421875 21.182714462280273438 21.273717880249023438 21.44289398193359375 21.757434844970703125 22.143445968627929688 22.372650146484375 22.480436325073242188 22.571512222290039063 22.672655105590820313 22.808248519897460938 22.969488143920898438 23.1121826171875 23.227237701416015625 23.376163482666015625 23.470388412475585938 23.539861679077148438 23.553445816040039063 23.532962799072265625 23.525051116943359375 23.505357742309570313 23.372100830078125 23.0377197265625 22.735284805297851563 22.633695602416992188 22.7058868408203125 22.903841018676757813 23.12960052490234375 23.45400238037109375 23.700132369995117188
