INPUT/RASTER/ASCII/BIO18.asc
ncols        225
nrows        269
xllcorner    473009.983799999987
yllcorner    4429051.174800000153
cellsize     50.000000000000
NODATA_value  -9999
[rows 80 to 99 of 269, columns 86 to 128 of 225]
27.073701858520507813 27.054882049560546875 27.02542877197265625 26.98323822021484375 26.926004409790039063 26.728336334228515625 26.62433624267578125 26.574335098266601563 26.55146026611328125 26.558135986328125 26.57428741455078125 26.5879364013671875 26.613409042358398438 26.641857147216796875 26.67034149169921875 26.68941497802734375 26.69031524658203125 26.649614334106445313 26.521280288696289063 26.344869613647460938 26.262220382690429688 26.32558441162109375 26.438220977783203125 26.494905471801757813 26.545927047729492188 26.569580078125 26.5773773193359375 26.62039947509765625 26.684879302978515625 26.715314865112304688 26.71905517578125 -9999 -9999 -9999 -9999 26.850904464721679688 26.89040374755859375 26.954992294311523438 26.994203567504882813 27.01593017578125 27.083219528198242188 27.14777374267578125 27.1941986083984375
27.051595687866210938 27.031965255737304688 26.991607666015625 26.92351531982421875 26.840976715087890625 26.638519287109375 26.56728363037109375 26.55621337890625 26.537853240966796875 26.539644241333007813 26.558378219604492188 26.574474334716796875 26.602848052978515625 26.634883880615234375 26.66559600830078125 26.68050384521484375 26.679910659790039063 26.650033950805664063 26.550952911376953125 26.36206817626953125 26.234661102294921875 26.293947219848632813 26.456525802612304688 26.527805328369140625 26.572101593017578125 26.584409713745117188 26.589801788330078125 26.623151779174804688 26.670965194702148438 26.701036453247070313 26.720460891723632813 26.737218856811523438 -9999 -9999 -9999 26.873683929443359375 26.898351669311523438 26.960071563720703125 26.986974716186523438 27.012144088745117188 27.093423843383789063 27.165403366088867188 27.203611373901367188
27.024608612060546875 27.003622055053710938 26.951946258544921875 26.8594970703125 26.76044464111328125 26.545564651489257813 26.497079849243164063 26.521638870239257813 26.515310287475585938 26.51983642578125 26.541303634643554688 26.560771942138671875 26.592464447021484375 26.625772476196289063 26.652765274047851563 26.659364700317382813 26.652618408203125 26.6147613525390625 26.507633209228515625 26.32189178466796875 26.217487335205078125 26.310573577880859375 26.503511428833007813 26.578369140625 26.611429214477539063 26.609468460083007813 26.605342864990234375 26.626077651977539063 26.6582489013671875 26.67862701416015625 26.700876235961914063 26.71964263916015625 26.72982025146484375 -9999 26.852931976318359375 26.869220733642578125 26.939958572387695313 26.982105255126953125 26.994237899780273438 27.0214996337890625 27.102642059326171875 27.167566299438476563 27.200811386108398438
26.985525131225585938 26.96361541748046875 26.905820846557617188 26.809896469116210938 26.710773468017578125 26.47623443603515625 26.415735244750976563 26.44944000244140625 26.469316482543945313 26.49298095703125 26.516981124877929688 26.53926849365234375 26.57367706298828125 26.609125137329101563 26.63178253173828125 26.629547119140625 26.614147186279296875 26.5506134033203125 26.41053009033203125 26.25624847412109375 26.215799331665039063 26.351583480834960938 26.54819488525390625 26.61618804931640625 26.639177322387695313 26.628231048583984375 26.618862152099609375 26.625104904174804688 26.646333694458007813 26.660802841186523438 26.678256988525390625 26.695833206176757813 26.709613800048828125 26.71558380126953125 26.870849609375 26.886873245239257813 26.964168548583984375 27.001192092895507813 27.010143280029296875 27.04131317138671875 27.109636306762695313 27.15826416015625 27.185573577880859375
26.91603851318359375 26.895109176635742188 26.838090896606445313 26.74274444580078125 26.635374069213867188 26.414402008056640625 26.340839385986328125 26.3710479736328125 26.414766311645507813 26.461669921875 26.492963790893554688 26.512752532958984375 26.544048309326171875 26.575366973876953125 26.59029388427734375 26.577455520629882813 26.552248001098632813 26.46274566650390625 26.300168991088867188 26.194799423217773438 26.223031997680664063 26.379138946533203125 26.547208786010742188 26.603824615478515625 26.62691497802734375 26.62427520751953125 26.623117446899414063 26.62357330322265625 26.63658905029296875 26.648271560668945313 26.657705307006835938 26.668254852294921875 26.687679290771484375 26.701074600219726563 26.868589401245117188 26.883195877075195313 26.95835113525390625 27.00641632080078125 27.025857925415039063 27.060125350952148438 27.10404205322265625 27.135974884033203125 27.158857345581054688
26.798048019409179688 26.780307769775390625 26.736635208129882813 26.619579315185546875 26.457181930541992188 26.319047927856445313 26.272205352783203125 26.304552078247070313 26.362552642822265625 26.422067642211914063 26.455743789672851563 26.474401473999023438 26.501140594482421875 26.51636505126953125 26.508880615234375 26.4781036376953125 26.442804336547851563 26.335515975952148438 26.178670883178710938 26.133169174194335938 26.220611572265625 26.363069534301757813 26.478754043579101563 26.527318954467773438 26.569995880126953125 26.59593963623046875 26.612264633178710938 26.620782852172851563 26.627965927124023438 26.632053375244140625 26.630962371826171875 26.63488006591796875 26.6509246826171875 26.66173553466796875 26.80904388427734375 26.862255096435546875 26.945745468139648438 27.003574371337890625 27.030527114868164063 27.067108154296875 27.09442138671875 27.11232757568359375 27.132715225219726563
26.694278717041015625 26.690061569213867188 26.656078338623046875 26.527849197387695313 26.340732574462890625 26.256195068359375 26.2366180419921875 26.268079757690429688 26.32262420654296875 26.37862396240234375 26.413604736328125 26.442363739013671875 26.46915435791015625 26.462331771850585938 26.413232803344726563 26.351099014282226563 26.309514999389648438 26.214563369750976563 26.097860336303710938 26.106403350830078125 26.21259307861328125 26.328662872314453125 26.412988662719726563 26.459764480590820313 26.52111053466796875 26.572269439697265625 26.605794906616210938 26.618997573852539063 26.616975784301757813 26.611688613891601563 26.608036041259765625 26.615156173706054688 26.640264511108398438 26.701305389404296875 26.804347991943359375 26.861322402954101563 26.933963775634765625 26.986078262329101563 27.021516799926757813 27.060838699340820313 27.085897445678710938 27.096853256225585938 27.113542556762695313
26.619045257568359375 26.63764190673828125 26.608949661254882813 26.480943679809570313 26.30065155029296875 26.234203338623046875 26.220949172973632813 26.244337081909179688 26.285268783569335938 26.3330535888671875 26.3726654052734375 26.428371429443359375 26.4593658447265625 26.421289443969726563 26.333600997924804688 26.251657485961914063 26.200311660766601563 26.127103805541992188 26.054351806640625 26.09159088134765625 26.203479766845703125 26.308414459228515625 26.380619049072265625 26.422849655151367188 26.486886978149414063 26.551179885864257813 26.600690841674804688 26.616590499877929688 26.609720230102539063 26.601881027221679688 26.59625244140625 26.610469818115234375 26.646953582763671875 26.720363616943359375 26.814607620239257813 26.86385345458984375 26.913492202758789063 26.951059341430664063 26.99200439453125 27.03891754150390625 27.068628311157226563 27.09162139892578125 -9999
26.553895950317382813 26.587198257446289063 26.567760467529296875 26.4461517333984375 26.27205657958984375 26.21942138671875 26.209392547607421875 26.223840713500976563 26.251800537109375 26.297838211059570313 26.346921920776367188 26.424699783325195313 26.4527587890625 26.382192611694335938 26.273626327514648438 26.18891143798828125 26.13790130615234375 26.084463119506835938 26.037166595458984375 26.0615997314453125 26.159837722778320313 26.27298736572265625 26.343523025512695313 26.380994796752929688 26.450181961059570313 26.533685684204101563 26.594921112060546875 26.608646392822265625 26.6024627685546875 26.595716476440429688 26.595716476440429688 26.620382308959960938 26.66455078125 26.734281539916992188 26.812952041625976563 26.85047149658203125 26.881696701049804688 26.906332015991210938 26.945882797241210938 27.004251480102539063 27.053464889526367188 -9999 -9999
26.501216888427734375 26.534696578979492188 26.524608612060546875 26.41674041748046875 26.256868362426757813 26.21405792236328125 26.205852508544921875 26.215541839599609375 26.230474472045898438 26.275396347045898438 26.330196380615234375 26.421009063720703125 26.44773101806640625 26.354076385498046875 26.235332489013671875 26.153961181640625 26.109621047973632813 26.072126388549804688 26.034296035766601563 26.029752731323242188 26.0952911376953125 26.214040756225585938 26.29128265380859375 26.32806396484375 26.409366607666015625 26.5173492431640625 26.581636428833007813 26.592924118041992188 26.59233856201171875 26.589414596557617188 26.598630905151367188 26.632844924926757813 26.680654525756835938 26.739963531494140625 26.796865463256835938 26.822416305541992188 26.840761184692382813 26.857370376586914063 26.900781631469726563 26.967744827270507813 -9999 -9999 -9999
26.475145339965820313 26.491817474365234375 26.485774993896484375 26.3910369873046875 26.280054092407226563 26.228137969970703125 -9999 -9999 26.227701187133789063 26.259784698486328125 26.3134765625 26.40760040283203125 26.43730926513671875 26.334337234497070313 26.207242965698242188 26.129041671752929688 26.093296051025390625 26.068269729614257813 26.034727096557617188 25.998693466186523438 26.017644882202148438 26.124292373657226563 26.221965789794921875 26.267469406127929688 26.361337661743164063 26.477014541625976563 26.529872894287109375 26.5513458251953125 26.560100555419921875 26.568225860595703125 26.596881866455078125 26.644140243530273438 26.6878662109375 26.730499267578125 26.760774612426757813 26.774211883544921875 26.78424835205078125 26.797159194946289063 26.857181549072265625 26.938520431518554688 26.9746551513671875 -9999 -9999
26.465114593505859375 26.467662811279296875 26.463550567626953125 26.436510086059570313 26.335580825805664063 -9999 -9999 -9999 26.216104507446289063 26.222906112670898438 26.271184921264648438 26.351507186889648438 26.376176834106445313 26.283750534057617188 26.171300888061523438 26.103429794311523438 26.075414657592773438 26.06276702880859375 26.048748016357421875 26.003631591796875 25.964666366577148438 26.024087905883789063 26.148456573486328125 26.219846725463867188 26.328638076782226563 26.420412063598632813 26.426824569702148438 26.458568572998046875 26.488637924194335938 26.515104293823242188 26.577304840087890625 26.648786544799804688 26.686925888061523438 26.707578659057617188 26.713579177856445313 26.712429046630859375 26.70949554443359375 26.718568801879882813 26.78841400146484375 26.88254547119140625 26.926622390747070313 26.920869827270507813 -9999
26.463571548461914063 26.45861053466796875 26.458658218383789063 -9999 -9999 -9999 -9999 -9999 26.172969818115234375 26.178218841552734375 26.2116851806640625 26.258600234985351563 26.260602951049804688 26.196371078491210938 26.127841949462890625 26.085241317749023438 26.0638275146484375 26.067586898803710938 26.079700469970703125 26.054285049438476563 25.9825897216796875 25.975221633911132813 26.092914581298828125 26.189128875732421875 26.322092056274414063 26.397211074829101563 26.335271835327148438 26.326105117797851563 26.371755599975585938 26.4261627197265625 26.531330108642578125 26.635602951049804688 26.681318283081054688 26.691289901733398438 26.689821243286132813 26.681964874267578125 26.67464447021484375 26.679775238037109375 26.721227645874023438 26.8130645751953125 26.883363723754882813 26.920869827270507813 -9999
26.4683990478515625 26.458408355712890625 26.447021484375 26.430124282836914063 -9999 -9999 -9999 -9999 26.151859283447265625 26.154876708984375 26.171039581298828125 26.188665390014648438 26.182172775268554688 26.159618377685546875 26.112682342529296875 26.091516494750976563 26.07210540771484375 26.082960128784179688 26.0967254638671875 26.068925857543945313 25.991674423217773438 25.950365066528320313 26.03919219970703125 26.14566802978515625 26.296300888061523438 26.36191558837890625 26.2552032470703125 26.198093414306640625 26.248987197875976563 26.327184677124023438 26.46771240234375 26.600101470947265625 26.66466522216796875 26.679807662963867188 26.678768157958984375 26.671228408813476563 26.663053512573242188 26.66530609130859375 26.697307586669921875 26.76900482177734375 26.849170684814453125 -9999 -9999
26.461025238037109375 26.448343276977539063 26.432897567749023438 26.425487518310546875 -9999 -9999 -9999 -9999 26.122470855712890625 26.134937286376953125 26.141819000244140625 26.148805618286132813 26.15352630615234375 26.149932861328125 -9999 -9999 26.074632644653320313 26.08930206298828125 26.101627349853515625 26.06667327880859375 25.991268157958984375 25.936756134033203125 25.999319076538085938 26.103086471557617188 26.248151779174804688 26.288820266723632813 26.172430038452148438 26.120424270629882813 26.178911209106445313 26.258485794067382813 26.406566619873046875 26.554853439331054688 26.636325836181640625 26.664506912231445313 26.667547225952148438 26.664365768432617188 26.659734725952148438 26.65826416015625 26.684722900390625 26.736553192138671875 -9999 -9999 -9999
26.441518783569335938 26.432233810424804688 26.428607940673828125 26.429637908935546875 26.439252853393554688 -9999 -9999 -9999 26.121713638305664063 26.130895614624023438 26.135961532592773438 26.137151718139648438 -9999 -9999 -9999 -9999 26.078790664672851563 26.095552444458007813 26.104471206665039063 26.079435348510742188 26.011762619018554688 25.927202224731445313 25.949213027954101563 26.03383636474609375 26.13982391357421875 26.144212722778320313 26.062602996826171875 26.058115005493164063 26.12592315673828125 26.211946487426757813 26.366779327392578125 26.519388198852539063 26.6085357666015625 26.64337158203125 26.647569656372070313 26.647760391235351563 26.6506805419921875 26.652479171752929688 26.665632247924804688 26.691638946533203125 -9999 -9999 -9999
26.433155059814453125 26.428554534912109375 26.437662124633789063 26.445714950561523438 26.457000732421875 26.464839935302734375 -9999 -9999 -9999 -9999 -9999 -9999 -9999 -9999 -9999 -9999 26.083585739135742188 26.097126007080078125 26.104610443115234375 26.096752166748046875 26.037984848022460938 25.922925949096679688 25.886064529418945313 25.926919937133789063 25.981603622436523438 25.9785919189453125 25.965074539184570313 26.014467239379882813 26.086980819702148438 26.18334197998046875 26.35221099853515625 26.5087738037109375 26.594530105590820313 26.622816085815429688 26.625272750854492188 26.627521514892578125 26.635616302490234375 26.642145156860351563 26.654504776000976563 -9999 -9999 -9999 -9999
26.4391937255859375 26.439161300659179688 26.45615386962890625 26.474760055541992188 26.480382919311523438 26.480684280395507813 -9999 -9999 -9999 -9999 -9999 -9999 -9999 -9999 -9999 -9999 26.087825775146484375 26.096300125122070313 26.104175567626953125 26.102451324462890625 26.049074172973632813 25.930675506591796875 25.85430145263671875 25.84891510009765625 25.861522674560546875 25.872323989868164063 25.9160308837890625 25.99636077880859375 26.070077896118164063 26.17687225341796875 26.361690521240234375 26.516122817993164063 26.591611862182617188 26.612314224243164063 26.61238861083984375 26.612567901611328125 26.614519119262695313 -9999 -9999 -9999 -9999 -9999 -9999
26.467725753784179688 26.476556777954101563 26.493753433227539063 26.51116943359375 26.516439437866210938 26.50165557861328125 -9999 -9999 -9999 -9999 -9999 -9999 -9999 -9999 -9999 26.133457183837890625 26.12006378173828125 26.120624542236328125 26.120006561279296875 26.10651397705078125 26.05269622802734375 25.939195632934570313 25.858184814453125 25.830150604248046875 25.825300216674804688 25.847118377685546875 25.923854827880859375 26.022203445434570313 26.094036102294921875 26.20217132568359375 26.384408950805664063 26.522516250610351563 26.583890914916992188 26.600467681884765625 26.601865768432617188 26.6023406982421875 26.60543060302734375 -9999 -9999 -9999 -9999 -9999 -9999
26.533105850219726563 26.556598663330078125 26.559400558471679688 26.566577911376953125 26.562847137451171875 26.520982742309570313 26.473812103271484375 -9999 -9999 -9999 -9999 -9999 -9999 26.268245697021484375 26.238656997680664063 26.212858200073242188 26.193094253540039063 26.190624237060546875 26.169950485229492188 26.12640380859375 26.065179824829101563 25.96051788330078125 25.89276123046875 25.83829498291015625 25.829339981079101563 25.862396240234375 25.977252960205078125 26.107877731323242188 26.180118560791015625 26.270067214965820313 26.4091644287109375 26.507915496826171875 26.548755645751953125 26.573223114013671875 26.58699798583984375 26.589076995849609375 -9999 -9999 -9999 -9999 -9999 -9999 -9999
