INPUT/RASTER/ASCII/BIO16.asc
ncols        225
nrows        269
xllcorner    473009.983799999987
yllcorner    4429051.174800000153
cellsize     50.000000000000
NODATA_value -9999
[rows 220 to 239 of 269, columns 135 to 179 of 225]
281.857086181640625 281.878936767578125 281.9901123046875 282.016510009765625 281.81060791015625 281.65362548828125 281.614532470703125 281.65570068359375 281.77392578125 281.966033935546875 282.14117431640625 282.44635009765625 282.936248779296875 283.219390869140625 283.187896728515625 283.044647216796875 283.072784423828125 283.211944580078125 283.359954833984375 283.5364990234375 283.653839111328125 283.82421875 284.03033447265625 284.1806640625 284.013824462890625 283.3406982421875 282.848541259765625 282.362579345703125 281.95135498046875 281.45648193359375 280.0792236328125 276.8779296875 274.3994140625 273.24139404296875 273.82720947265625 275.578094482421875 277.39569091796875 279.234527587890625 280.204803466796875 280.642547607421875 280.974884033203125 281.118621826171875 281.3983154296875 281.6861572265625 281.810760498046875
281.434814453125 281.418670654296875 281.4404296875 281.400604248046875 281.226104736328125 281.150115966796875 281.2177734375 281.320220947265625 281.4605712890625 281.667388916015625 281.872222900390625 282.221649169921875 282.67596435546875 282.92840576171875 282.893768310546875 282.75048828125 282.791351318359375 282.953033447265625 283.09619140625 283.26068115234375 283.371246337890625 283.531402587890625 283.7432861328125 283.8961181640625 283.775299072265625 283.2418212890625 282.85125732421875 282.371826171875 281.947906494140625 281.508270263671875 280.540008544921875 277.694610595703125 274.79974365234375 272.5142822265625 272.42034912109375 274.730010986328125 277.854583740234375 280.022613525390625 280.721099853515625 280.92584228515625 281.06317138671875 281.142486572265625 281.34454345703125 281.4478759765625 280.8826904296875
281.0595703125 281.021759033203125 280.9970703125 280.8974609375 280.7235107421875 280.690826416015625 280.809112548828125 280.94171142578125 281.124176025390625 281.36505126953125 281.607177734375 281.991851806640625 282.390655517578125 282.558258056640625 282.4822998046875 282.288360595703125 282.37066650390625 282.61102294921875 282.78326416015625 282.94464111328125 283.05108642578125 283.198394775390625 283.387115478515625 283.526031494140625 283.43670654296875 283.05694580078125 282.75677490234375 282.335418701171875 281.89617919921875 281.356597900390625 280.662841796875 279.060546875 276.7528076171875 273.11163330078125 271.52197265625 273.384552001953125 277.2467041015625 279.99334716796875 280.72186279296875 280.847442626953125 280.954681396484375 281.07080078125 281.241485595703125 280.643096923828125 278.78009033203125
280.6329345703125 280.576446533203125 280.48175048828125 280.295501708984375 280.16552734375 280.209442138671875 280.366363525390625 280.50531005859375 280.7352294921875 281.01739501953125 281.264556884765625 281.564727783203125 281.8707275390625 281.981475830078125 281.874603271484375 281.632965087890625 281.76788330078125 282.103363037109375 282.335052490234375 282.510528564453125 282.613311767578125 282.7464599609375 282.916259765625 283.04962158203125 283.010528564453125 282.752960205078125 282.543487548828125 282.20733642578125 281.702392578125 280.674560546875 279.185577392578125 277.561737060546875 275.88690185546875 273.01904296875 271.70068359375 273.4638671875 277.169097900390625 279.907379150390625 280.623504638671875 280.732879638671875 280.8590087890625 281.01104736328125 281.11932373046875 279.812255859375 278.075286865234375
280.280242919921875 280.194061279296875 280.03216552734375 279.7845458984375 279.689971923828125 279.791351318359375 279.983123779296875 280.1551513671875 280.3975830078125 280.679473876953125 280.89239501953125 281.106658935546875 281.330718994140625 281.4053955078125 281.295989990234375 281.107208251953125 281.269561767578125 281.61761474609375 281.886505126953125 282.067138671875 282.156982421875 282.2734375 282.44403076171875 282.6051025390625 282.642486572265625 282.488037109375 282.33453369140625 282.05120849609375 281.442840576171875 279.8082275390625 277.317840576171875 275.033203125 273.592376708984375 272.138275146484375 272.031982421875 274.22607421875 277.6392822265625 279.936981201171875 280.55975341796875 280.699859619140625 280.8560791015625 281.029998779296875 280.81298828125 278.891448974609375 277.95025634765625
280.0576171875 279.96380615234375 279.774078369140625 279.504974365234375 279.393524169921875 279.4866943359375 279.7025146484375 279.90789794921875 280.1624755859375 280.419677734375 280.582550048828125 280.75439453125 280.912506103515625 280.95050048828125 280.867095947265625 280.797515869140625 280.984130859375 281.29730224609375 281.55853271484375 281.7271728515625 281.798492431640625 281.888153076171875 282.063079833984375 282.2685546875 282.408966064453125 282.319671630859375 282.186431884765625 281.9256591796875 281.22723388671875 279.227264404296875 276.261016845703125 273.651885986328125 272.39007568359375 271.71221923828125 272.2489013671875 274.919464111328125 278.217071533203125 280.047637939453125 280.538116455078125 280.69781494140625 280.86993408203125 281.036285400390625 280.197113037109375 277.958953857421875 277.84332275390625
279.900238037109375 279.81005859375 279.587310791015625 279.2503662109375 279.093902587890625 279.17266845703125 279.390472412109375 279.598846435546875 279.883941650390625 280.1434326171875 280.266204833984375 280.3935546875 280.519744873046875 280.530120849609375 280.460357666015625 280.471282958984375 280.703369140625 281.01593017578125 281.259185791015625 281.414031982421875 281.480194091796875 281.55352783203125 281.722747802734375 281.970184326171875 282.203369140625 282.125732421875 282.008636474609375 281.7916259765625 281.009735107421875 278.69342041015625 275.416839599609375 272.66461181640625 271.55938720703125 271.345611572265625 272.2926025390625 275.09246826171875 278.348358154296875 280.112152099609375 280.591949462890625 280.744720458984375 280.8902587890625 280.939849853515625 279.0428466796875 277.58050537109375 277.718536376953125
279.79071044921875 279.711151123046875 279.457977294921875 279.0106201171875 278.8013916015625 278.865234375 279.036407470703125 279.21630859375 279.526580810546875 279.81878662109375 279.928466796875 280.05047607421875 280.203948974609375 280.23114013671875 280.167938232421875 280.19110107421875 280.440582275390625 280.7470703125 280.96490478515625 281.11248779296875 281.1900634765625 281.282135009765625 281.4449462890625 281.699432373046875 281.928070068359375 281.82281494140625 281.734161376953125 281.5604248046875 280.5784912109375 277.76593017578125 274.167327880859375 271.5465087890625 270.6922607421875 270.905914306640625 272.166015625 274.6785888671875 277.84710693359375 280.02545166015625 280.673370361328125 280.80810546875 280.876007080078125 280.50079345703125 278.01251220703125 277.31390380859375 277.48284912109375
279.689971923828125 279.609771728515625 279.320953369140625 278.789886474609375 278.548431396484375 278.5841064453125 278.6844482421875 278.81982421875 279.12017822265625 279.4449462890625 279.569244384765625 279.734466552734375 279.96282958984375 280.0457763671875 279.998504638671875 280.013458251953125 280.222747802734375 280.46295166015625 280.6357421875 280.766510009765625 280.85107421875 280.9598388671875 281.11224365234375 281.3284912109375 281.503814697265625 281.430267333984375 281.392822265625 281.114044189453125 279.591796875 276.16558837890625 272.44561767578125 270.1693115234375 269.633331298828125 270.3758544921875 272.031585693359375 274.33544921875 277.3673095703125 279.855560302734375 280.68243408203125 280.79901123046875 280.60357666015625 279.154083251953125 277.360198974609375 277.0782470703125 277.121795654296875
279.562713623046875 279.4429931640625 279.06402587890625 278.50738525390625 278.25274658203125 278.24212646484375 278.29180908203125 278.398529052734375 278.68267822265625 278.9979248046875 279.174896240234375 279.396026611328125 279.65570068359375 279.7498779296875 279.725372314453125 279.77294921875 279.926116943359375 280.046417236328125 280.16644287109375 280.251800537109375 280.31915283203125 280.427276611328125 280.53289794921875 280.678619384765625 280.881134033203125 281.013702392578125 280.983917236328125 280.133697509765625 277.550262451171875 273.814666748046875 270.487030029296875 268.586883544921875 268.381103515625 269.73736572265625 272.15283203125 274.828033447265625 277.792449951171875 279.8797607421875 280.529266357421875 280.49395751953125 279.302520751953125 277.363922119140625 276.638946533203125 276.566253662109375 276.53564453125
279.367919921875 279.14373779296875 278.6351318359375 278.048187255859375 277.76434326171875 277.752044677734375 277.85137939453125 277.969329833984375 278.195343017578125 278.48822021484375 278.7562255859375 279.04132080078125 279.1961669921875 279.171630859375 279.161346435546875 279.27447509765625 279.48333740234375 279.6383056640625 279.726165771484375 279.78546142578125 279.833953857421875 279.932220458984375 280.00665283203125 280.143218994140625 280.393096923828125 280.617218017578125 280.280120849609375 278.4947509765625 275.1865234375 271.7303466796875 269.275634765625 267.891143798828125 267.74114990234375 269.146087646484375 272.319091796875 275.839874267578125 278.63238525390625 280.07366943359375 280.404541015625 279.785797119140625 277.649169921875 276.450775146484375 276.262908935546875 276.135894775390625 276.05950927734375
279.190887451171875 278.898345947265625 278.336090087890625 277.737274169921875 277.444366455078125 277.46533203125 277.602386474609375 277.724090576171875 277.932464599609375 278.22314453125 278.528533935546875 278.83465576171875 278.93585205078125 278.84814453125 278.821563720703125 278.906585693359375 279.084686279296875 279.247955322265625 279.311187744140625 279.34881591796875 279.386199951171875 279.46282958984375 279.555023193359375 279.769775390625 280.096221923828125 280.153961181640625 279.26055908203125 276.493499755859375 272.815643310546875 269.670623779296875 268.168304443359375 267.544769287109375 267.46630859375 268.810028076171875 272.409881591796875 276.46282958984375 279.117889404296875 280.107391357421875 280.1727294921875 278.872955322265625 276.775970458984375 276.068328857421875 275.938629150390625 275.8095703125 275.730743408203125
278.94775390625 278.648162841796875 278.08612060546875 277.487640380859375 277.230316162109375 277.261749267578125 277.3939208984375 277.510986328125 277.728607177734375 278.0531005859375 278.352447509765625 278.604736328125 278.677764892578125 278.61236572265625 278.594268798828125 278.661773681640625 278.79205322265625 278.909332275390625 278.95269775390625 278.964111328125 278.987213134765625 279.041839599609375 279.178985595703125 279.49151611328125 279.877349853515625 279.550689697265625 278.073883056640625 274.6236572265625 270.90911865234375 268.24224853515625 267.491607666015625 267.5804443359375 267.8231201171875 269.222381591796875 272.52484130859375 276.28472900390625 278.93402099609375 279.85699462890625 279.6181640625 277.62335205078125 275.970001220703125 275.674224853515625 275.585357666015625 275.51568603515625 275.4576416015625
278.639007568359375 278.37890625 277.8291015625 277.205169677734375 276.942535400390625 276.98492431640625 277.11614990234375 277.21917724609375 277.4901123046875 277.87139892578125 278.1427001953125 278.308624267578125 278.3580322265625 278.324981689453125 278.32318115234375 278.38812255859375 278.49774169921875 278.590301513671875 278.6163330078125 278.60748291015625 278.607452392578125 278.640228271484375 278.839447021484375 279.256439208984375 279.558441162109375 278.648101806640625 276.750762939453125 273.05218505859375 269.567718505859375 267.466644287109375 267.24761962890625 267.99169921875 268.7265625 270.237213134765625 272.711822509765625 275.62445068359375 278.35302734375 279.2767333984375 278.250885009765625 276.512451171875 275.438812255859375 275.28704833984375 275.24395751953125 275.246551513671875 275.213958740234375
278.31719970703125 278.090057373046875 277.5130615234375 276.8238525390625 276.5018310546875 276.56768798828125 276.751251220703125 276.886444091796875 277.188995361328125 277.56927490234375 277.7786865234375 277.872711181640625 277.923858642578125 277.9296875 277.936492919921875 277.993865966796875 278.097808837890625 278.18902587890625 278.197998046875 278.175994873046875 278.150665283203125 278.1981201171875 278.47882080078125 278.881500244140625 278.714599609375 277.168853759765625 275.2801513671875 271.908905029296875 268.7655029296875 267.077880859375 267.174072265625 268.451568603515625 269.665863037109375 271.211700439453125 272.916656494140625 275.081207275390625 277.785858154296875 278.26934814453125 276.072967529296875 275.28631591796875 275.07440185546875 274.98211669921875 274.96893310546875 275.00677490234375 274.954620361328125
277.975433349609375 277.680267333984375 276.982574462890625 276.29290771484375 276.024322509765625 276.12677001953125 276.387939453125 276.597930908203125 276.8228759765625 277.06060791015625 277.183380126953125 277.246337890625 277.31134033203125 277.368377685546875 277.411376953125 277.484710693359375 277.567779541015625 277.619598388671875 277.584503173828125 277.54412841796875 277.5662841796875 277.72296142578125 278.044097900390625 278.112945556640625 277.006988525390625 274.993560791015625 273.516510009765625 270.936309814453125 268.229156494140625 266.772216796875 266.96527099609375 268.422210693359375 269.81793212890625 271.407012939453125 273.0252685546875 274.9755859375 276.94830322265625 276.545501708984375 275.081268310546875 274.809814453125 274.7996826171875 274.73443603515625 274.72991943359375 274.727203369140625 274.634490966796875
277.458648681640625 277.082305908203125 276.385284423828125 275.816192626953125 275.674835205078125 275.823760986328125 276.10479736328125 276.310211181640625 276.394378662109375 276.445159912109375 276.524383544921875 276.5985107421875 276.68902587890625 276.837493896484375 276.95330810546875 277.05291748046875 277.092254638671875 277.05535888671875 276.962432861328125 276.941436767578125 277.08453369140625 277.3892822265625 277.640350341796875 277.19744873046875 275.30694580078125 273.0450439453125 271.832489013671875 269.79827880859375 267.545654296875 266.391632080078125 266.5987548828125 267.908447265625 269.270599365234375 271.043548583984375 272.7734375 274.386688232421875 274.854583740234375 274.00604248046875 274.12060546875 274.393951416015625 274.520599365234375 274.496307373046875 274.471221923828125 274.4207763671875 274.331634521484375
276.9263916015625 276.556610107421875 276.0035400390625 275.514739990234375 275.3961181640625 275.57611083984375 275.839599609375 275.997894287109375 275.995880126953125 275.93731689453125 275.98590087890625 276.041046142578125 276.183746337890625 276.400360107421875 276.65606689453125 276.80474853515625 276.793792724609375 276.66180419921875 276.555938720703125 276.573150634765625 276.835357666015625 277.23883056640625 277.3807373046875 276.493438720703125 274.20068359375 271.9090576171875 270.687286376953125 268.80279541015625 266.996337890625 266.1297607421875 266.367645263671875 267.539642333984375 268.814544677734375 270.589508056640625 272.25384521484375 273.36737060546875 272.8651123046875 272.660186767578125 273.517730712890625 274.05059814453125 274.278564453125 274.280364990234375 274.271942138671875 274.218231201171875 274.119842529296875
276.528900146484375 276.188323974609375 275.7105712890625 275.241790771484375 275.080230712890625 275.211578369140625 275.4415283203125 275.582794189453125 275.579559326171875 275.463623046875 275.43316650390625 275.458953857421875 275.7054443359375 275.989410400390625 276.350433349609375 276.52294921875 276.466766357421875 276.288604736328125 276.20025634765625 276.251434326171875 276.57208251953125 276.956512451171875 276.833709716796875 275.474761962890625 272.8260498046875 270.573150634765625 269.438323974609375 267.80047607421875 266.374664306640625 265.818756103515625 266.31597900390625 267.485748291015625 268.565277099609375 270.0966796875 271.68963623046875 272.088165283203125 271.209930419921875 271.794097900390625 272.791351318359375 273.652679443359375 273.977294921875 274.000823974609375 274.02081298828125 273.950836181640625 273.82086181640625
276.2789306640625 275.9500732421875 275.477264404296875 274.97039794921875 274.74505615234375 274.794464111328125 274.93841552734375 275.0318603515625 275.09228515625 275.0577392578125 275.01922607421875 275.0579833984375 275.354400634765625 275.653900146484375 276.016143798828125 276.1690673828125 276.09039306640625 275.915771484375 275.884063720703125 275.987640380859375 276.2962646484375 276.58795166015625 276.177734375 274.453521728515625 271.704315185546875 269.531768798828125 268.400665283203125 266.786407470703125 265.54119873046875 265.371551513671875 266.281982421875 267.523895263671875 268.3984375 269.6165771484375 270.95745849609375 270.774749755859375 270.12506103515625 271.216064453125 272.192626953125 273.245391845703125 273.642669677734375 273.68060302734375 273.67779541015625 273.58001708984375 273.41400146484375
