INPUT/RASTER/ASCII/BIO17.asc
ncols        225
nrows        269
xllcorner    473000.000000000000
yllcorner    4429100.000000000000
cellsize     50.000000000000
NODATA_value -9999
[rows 240 to 259 of 269, columns 88 to 131 of 225]
19.306583404541015625 19.2976531982421875 19.279737472534179688 19.3362579345703125 19.444616317749023438 19.471462249755859375 19.453762054443359375 19.406187057495117188 19.386505126953125 19.358211517333984375 19.352991104125976562 19.355257034301757812 19.365392684936523438 19.39855194091796875 19.4687347412109375 19.505847930908203125 19.529424667358398438 19.576108932495117188 19.719348907470703125 19.874691009521484375 19.8580322265625 19.783962249755859375 19.999752044677734375 20.11919403076171875 20.274745941162109375 20.39368438720703125 20.663251876831054688 20.860240936279296875 21.052459716796875 21.23809814453125 21.296245574951171875 21.567831039428710938 21.8736572265625 22.202610015869140625 22.458734512329101562 22.5113677978515625 22.583253860473632812 22.566196441650390625 22.490413665771484375 22.452056884765625 22.455341339111328125 22.463552474975585938 22.471693038940429688 22.512393951416015625
19.269422531127929688 19.260278701782226562 19.284280776977539062 19.348743438720703125 19.425525665283203125 19.438077926635742188 19.410223007202148438 19.361705780029296875 19.345447540283203125 19.327001571655273438 19.334840774536132812 19.33173370361328125 19.351102828979492188 19.40329742431640625 19.493129730224609375 19.5143890380859375 19.522808074951171875 19.56170654296875 19.664587020874023438 19.758563995361328125 19.75188446044921875 19.787401199340820312 20.107564926147460938 20.297657012939453125 20.525457382202148438 20.642854690551757812 20.901403427124023438 21.090274810791015625 21.357500076293945312 21.54055023193359375 21.53771209716796875 21.7975006103515625 22.050134658813476562 22.327756881713867188 22.47469329833984375 22.501462936401367188 22.529092788696289062 22.513339996337890625 22.448633193969726562 22.40299224853515625 22.3885040283203125 22.403028488159179688 22.422595977783203125 22.454120635986328125
19.2857513427734375 19.272294998168945312 19.294065475463867188 19.365039825439453125 19.422193527221679688 19.419971466064453125 19.36966705322265625 19.31908416748046875 19.327306747436523438 19.31169891357421875 19.316680908203125 19.32732391357421875 19.383398056030273438 19.457714080810546875 19.525411605834960938 19.54203033447265625 19.521327972412109375 19.547298431396484375 19.6033172607421875 19.67684173583984375 19.718336105346679688 19.937231063842773438 20.34146881103515625 20.579898834228515625 20.839202880859375 20.911121368408203125 21.21258544921875 21.324121475219726562 21.66815948486328125 21.899480819702148438 21.88234710693359375 22.1332550048828125 22.2457122802734375 22.422641754150390625 22.4906463623046875 22.496026992797851562 22.487438201904296875 22.47194671630859375 22.401693344116210938 22.36156463623046875 22.333482742309570312 22.347394943237304688 22.369670867919921875 22.379335403442382812
19.271503448486328125 19.25583648681640625 19.276830673217773438 19.366046905517578125 19.385778427124023438 19.40567779541015625 19.322772979736328125 19.291271209716796875 19.297698974609375 19.306255340576171875 19.313802719116210938 19.3385467529296875 19.390621185302734375 19.4815521240234375 19.471639633178710938 19.516170501708984375 19.504049301147460938 19.5328826904296875 19.560350418090820312 19.636526107788085938 19.757381439208984375 20.18267822265625 20.632684707641601562 20.9036407470703125 21.230485916137695312 21.455278396606445312 21.637037277221679688 21.703912734985351562 21.968379974365234375 22.2032318115234375 22.258256912231445312 22.40293121337890625 22.415220260620117188 22.428850173950195312 22.449930191040039062 22.455499649047851562 22.456783294677734375 22.438808441162109375 22.354248046875 22.29015350341796875 22.269252777099609375 22.263156890869140625 22.271442413330078125 22.29015350341796875
19.226301193237304688 19.235935211181640625 19.248254776000976562 19.291620254516601562 19.30474853515625 19.323577880859375 19.2775115966796875 19.272613525390625 19.291957855224609375 19.305875778198242188 19.315664291381835938 19.339115142822265625 19.359838485717773438 19.380186080932617188 19.3704071044921875 19.418575286865234375 19.48000335693359375 19.507854461669921875 19.5506439208984375 19.656377792358398438 19.896595001220703125 20.3571624755859375 20.924686431884765625 21.099945068359375 21.541988372802734375 21.72734832763671875 21.833692550659179688 21.846035003662109375 22.054948806762695312 22.26129150390625 22.327747344970703125 22.445037841796875 22.423542022705078125 22.419185638427734375 22.439113616943359375 22.432794570922851562 22.44879150390625 22.439426422119140625 22.3343048095703125 22.267810821533203125 22.24518585205078125 22.24315643310546875 22.25289154052734375 22.263559341430664062
19.222087860107421875 19.231027603149414062 19.239532470703125 19.26634979248046875 19.275287628173828125 19.265804290771484375 19.241033554077148438 19.247447967529296875 19.279993057250976562 19.308719635009765625 19.330417633056640625 19.340650558471679688 19.333429336547851562 19.340410232543945312 19.3357391357421875 19.406499862670898438 19.507831573486328125 19.533966064453125 19.61237335205078125 19.699037551879882812 19.939847946166992188 20.28765106201171875 20.805501937866210938 20.999773025512695312 21.4647369384765625 21.780071258544921875 21.824108123779296875 21.875787734985351562 22.034465789794921875 22.121753692626953125 22.332271575927734375 22.448177337646484375 22.44332122802734375 22.399702072143554688 22.41683197021484375 22.408033370971679688 22.443820953369140625 22.4285736083984375 22.309339523315429688 22.25310516357421875 22.227020263671875 22.222484588623046875 22.234287261962890625 22.243169784545898438
19.219270706176757812 19.22800445556640625 19.238880157470703125 19.24106597900390625 19.248432159423828125 19.21566009521484375 19.208925247192382812 19.2301177978515625 19.268016815185546875 19.318241119384765625 19.329874038696289062 19.328466415405273438 19.3153076171875 19.323877334594726562 19.349390029907226562 19.432622909545898438 19.522012710571289062 19.575349807739257812 19.630025863647460938 19.77349853515625 19.929592132568359375 20.1979217529296875 20.472318649291992188 20.741285324096679688 21.197338104248046875 21.209934234619140625 21.589679718017578125 21.580730438232421875 21.793680191040039062 21.885602951049804688 22.121242523193359375 22.352512359619140625 22.3793487548828125 22.329614639282226562 22.33905029296875 22.361303329467773438 22.428737640380859375 22.388492584228515625 22.267864227294921875 22.214054107666015625 22.194644927978515625 22.193172454833984375 22.20008087158203125 22.213169097900390625
19.224090576171875 19.224969863891601562 19.233549118041992188 19.219110488891601562 19.214872360229492188 19.182224273681640625 19.168781280517578125 19.193592071533203125 19.272760391235351562 19.320898056030273438 19.326953887939453125 19.313180923461914062 19.312368392944335938 19.327306747436523438 19.38632965087890625 19.509899139404296875 19.587894439697265625 19.625858306884765625 19.633356094360351562 19.772558212280273438 19.888357162475585938 20.08078765869140625 20.228534698486328125 20.417840957641601562 20.723318099975585938 20.744495391845703125 21.154987335205078125 21.16110992431640625 21.405076980590820312 21.473051071166992188 21.466161727905273438 21.9917755126953125 22.069149017333984375 22.147922515869140625 22.0951690673828125 22.23004913330078125 22.364664077758789062 22.319915771484375 22.244127273559570312 22.166400909423828125 22.171722412109375 22.172420501708984375 22.173404693603515625 22.19274139404296875
19.232723236083984375 19.22193145751953125 19.224811553955078125 19.20096588134765625 19.194507598876953125 19.15642547607421875 19.13661956787109375 19.163351058959960938 19.258392333984375 19.314905166625976562 19.301105499267578125 19.302602767944335938 19.313245773315429688 19.351694107055664062 19.446645736694335938 19.571880340576171875 19.64192962646484375 19.607580184936523438 19.549953460693359375 19.693304061889648438 19.793621063232421875 19.935441970825195312 20.00385284423828125 20.124551773071289062 20.323154449462890625 20.36617279052734375 20.68590545654296875 20.713077545166015625 20.934339523315429688 20.9837493896484375 20.983577728271484375 21.494411468505859375 21.628576278686523438 21.802379608154296875 21.792133331298828125 21.982057571411132812 22.236043930053710938 22.249950408935546875 22.19657135009765625 22.13079833984375 22.132917404174804688 22.136598587036132812 22.130136489868164062 22.162357330322265625
19.248992919921875 19.233867645263671875 19.220254898071289062 19.198101043701171875 19.187940597534179688 19.142080307006835938 19.126972198486328125 19.11888885498046875 19.13793182373046875 19.197763442993164062 19.18060302734375 19.23851776123046875 19.318805694580078125 19.390106201171875 19.4824676513671875 19.48493194580078125 19.48715972900390625 19.424449920654296875 19.396150588989257812 19.477586746215820312 19.528949737548828125 19.6744842529296875 19.6770782470703125 19.767026901245117188 19.841978073120117188 19.813756942749023438 20.058389663696289062 19.992486953735351562 20.242504119873046875 20.168972015380859375 20.497117996215820312 20.826324462890625 20.999608993530273438 21.35921478271484375 21.53377532958984375 21.707630157470703125 21.997205734252929688 22.10617828369140625 22.1257781982421875 22.055759429931640625 22.06024169921875 22.060972213745117188 22.047405242919921875 22.108005523681640625
19.350297927856445312 19.337184906005859375 19.261301040649414062 19.211460113525390625 19.198347091674804688 19.163053512573242188 19.128267288208007812 19.10870361328125 19.119701385498046875 19.13576507568359375 19.131177902221679688 19.188821792602539062 19.31449127197265625 19.379316329956054688 19.426578521728515625 19.373098373413085938 19.348089218139648438 19.32788848876953125 19.332017898559570312 19.381563186645507812 19.43236541748046875 19.517267227172851562 19.54608154296875 19.574159622192382812 19.5705108642578125 19.5986785888671875 19.752260208129882812 19.788852691650390625 19.908481597900390625 19.9462127685546875 20.144159317016601562 20.504236221313476562 20.857069015502929688 21.12560272216796875 21.444705963134765625 21.59877777099609375 21.896404266357421875 22.078226089477539062 22.07996368408203125 21.981929779052734375 21.984233856201171875 21.986293792724609375 21.985013961791992188 22.068185806274414062
19.423868179321289062 19.395582199096679688 19.307710647583007812 19.254362106323242188 19.236185073852539062 19.186323165893554688 19.143489837646484375 19.115789413452148438 19.111232757568359375 19.121175765991210938 19.12639617919921875 19.173933029174804688 19.290569305419921875 19.3395233154296875 19.334995269775390625 19.276540756225585938 19.252544403076171875 19.258068084716796875 19.291166305541992188 19.359258651733398438 19.396909713745117188 19.415689468383789062 19.445650100708007812 19.449565887451171875 19.432849884033203125 19.475299835205078125 19.61527252197265625 19.65016937255859375 19.720630645751953125 19.765483856201171875 19.914743423461914062 20.239446640014648438 20.58460235595703125 20.868352890014648438 21.283031463623046875 21.486825942993164062 21.8466644287109375 21.99677276611328125 21.983697891235351562 21.827850341796875 21.92121124267578125 21.928615570068359375 21.941722869873046875 22.061635971069335938
19.50439453125 19.45003509521484375 19.359651565551757812 19.295543670654296875 19.277187347412109375 19.215955734252929688 19.171789169311523438 19.13851165771484375 19.129381179809570312 19.120073318481445312 19.136890411376953125 19.170728683471679688 19.274272918701171875 19.322740554809570312 19.301860809326171875 19.214366912841796875 19.182689666748046875 19.203525543212890625 19.267026901245117188 19.372003555297851562 19.44551849365234375 19.4776153564453125 19.433101654052734375 19.422590255737304688 19.373495101928710938 19.397769927978515625 19.489130020141601562 19.526765823364257812 19.541110992431640625 19.600032806396484375 19.713964462280273438 19.962718963623046875 20.266277313232421875 20.4874420166015625 21.002897262573242188 21.225833892822265625 21.71813201904296875 21.819784164428710938 21.692644119262695312 21.7196197509765625 21.877155303955078125 21.98523712158203125 21.974849700927734375 22.010707855224609375
19.602825164794921875 19.520948410034179688 19.420284271240234375 19.340463638305664062 19.311426162719726562 19.230297088623046875 19.21331787109375 19.165735244750976562 19.12841796875 19.1126556396484375 19.132074356079101562 19.160732269287109375 19.269433975219726562 19.330196380615234375 19.311529159545898438 19.182758331298828125 19.15923309326171875 19.187191009521484375 19.244897842407226562 19.3564453125 19.463548660278320312 19.538171768188476562 19.543619155883789062 19.490839004516601562 19.36876678466796875 19.34316253662109375 19.365896224975585938 19.399534225463867188 19.414415359497070312 19.472789764404296875 19.57944488525390625 19.763034820556640625 19.993801116943359375 20.127443313598632812 20.638690948486328125 20.815908432006835938 21.279703140258789062 21.44026947021484375 21.293788909912109375 21.634307861328125 21.871770858764648438 21.984346389770507812 21.969760894775390625 22.004846572875976562
19.731822967529296875 19.610494613647460938 19.49559783935546875 19.38919830322265625 19.377956390380859375 19.298126220703125 19.2979888916015625 19.208444595336914062 19.135091781616210938 19.09259033203125 19.104314804077148438 19.126325607299804688 19.2454833984375 19.321685791015625 19.314510345458984375 19.154964447021484375 19.122556686401367188 19.167028427124023438 19.201513290405273438 19.294618606567382812 19.412792205810546875 19.508546829223632812 19.569271087646484375 19.524501800537109375 19.378572463989257812 19.288547515869140625 19.250125885009765625 19.299047470092773438 19.348224639892578125 19.418142318725585938 19.515882492065429688 19.559350967407226562 19.728961944580078125 19.824161529541015625 20.316509246826171875 20.377489089965820312 20.659318923950195312 20.923187255859375 20.902994155883789062 21.49932098388671875 21.82350921630859375 21.986448287963867188 22.00287628173828125 22.009111404418945312
19.85698699951171875 19.782258987426757812 19.66704559326171875 19.487598419189453125 19.548496246337890625 19.434732437133789062 19.44084930419921875 19.286153793334960938 19.145559310913085938 19.05194091796875 19.068906784057617188 19.062761306762695312 19.1871337890625 19.199232101440429688 19.187738418579101562 19.085132598876953125 19.038202285766601562 19.10100555419921875 19.115850448608398438 19.177059173583984375 19.323822021484375 19.359785079956054688 19.510852813720703125 19.435239791870117188 19.373798370361328125 19.275960922241210938 19.200906753540039062 19.229124069213867188 19.272718429565429688 19.37877655029296875 19.39328765869140625 19.32483673095703125 19.413249969482421875 19.541614532470703125 19.882299423217773438 19.897363662719726562 19.961965560913085938 20.1679534912109375 20.649652481079101562 21.22550201416015625 21.653263092041015625 21.921443939208984375 21.94681549072265625 21.973842620849609375
20.17179107666015625 19.99169921875 19.89838409423828125 19.77561187744140625 19.746150970458984375 19.722713470458984375 19.554052352905273438 19.411037445068359375 19.181741714477539062 19.013010025024414062 18.990428924560546875 18.992733001708984375 19.066600799560546875 19.039028167724609375 19.0096282958984375 18.991306304931640625 18.98398590087890625 19.00333404541015625 19.024553298950195312 19.0589447021484375 19.119112014770507812 19.142932891845703125 19.233510971069335938 19.250761032104492188 19.327693939208984375 19.30426788330078125 19.1622772216796875 19.138935089111328125 19.1890716552734375 19.223600387573242188 19.247983932495117188 19.290399551391601562 19.377664566040039062 19.508287429809570312 19.686204910278320312 19.742582321166992188 19.872266769409179688 20.120861053466796875 20.533039093017578125 21.0370025634765625 21.586439132690429688 21.883304595947265625 21.911138534545898438 21.95880126953125
20.391986846923828125 20.17917633056640625 19.962436676025390625 19.86203765869140625 19.79097747802734375 19.67535400390625 19.5830841064453125 19.347009658813476562 19.1725616455078125 19.0077056884765625 18.9640350341796875 18.962398529052734375 18.98287200927734375 18.98041534423828125 18.978778839111328125 18.97632598876953125 18.962408065795898438 18.969234466552734375 18.978244781494140625 18.98807525634765625 18.99900054931640625 19.048137664794921875 19.119110107421875 19.190082550048828125 19.253414154052734375 19.2624359130859375 19.156826019287109375 19.106624603271484375 -9999 -9999 -9999 -9999 -9999 -9999 -9999 -9999 -9999 -9999 -9999 -9999 -9999 21.874393463134765625 21.906024932861328125 -9999
20.394847869873046875 20.258331298828125 20.026903152465820312 19.87249755859375 19.761697769165039062 19.46035003662109375 19.403806686401367188 19.237453460693359375 19.083126068115234375 18.984819412231445312 18.94527435302734375 18.953702926635742188 18.994659423828125 18.976287841796875 18.975999832153320312 18.968976974487304688 18.947940826416015625 18.931301116943359375 18.930707931518554688 18.922756195068359375 18.920909881591796875 19.005258560180664062 19.0505523681640625 19.124982833862304688 -9999 -9999 -9999 -9999 -9999 -9999 -9999 -9999 -9999 -9999 -9999 -9999 -9999 -9999 -9999 -9999 -9999 -9999 -9999 -9999
20.237213134765625 20.233194351196289062 20.023756027221679688 19.81798553466796875 19.6833648681640625 19.344692230224609375 19.210756301879882812 19.0608062744140625 19.024827957153320312 18.961362838745117188 18.940402984619140625 18.972642898559570312 19.104410171508789062 19.0633697509765625 18.99919891357421875 18.96407318115234375 18.93029022216796875 18.90727996826171875 18.890140533447265625 18.880018234252929688 18.889225006103515625 -9999 -9999 -9999 -9999 -9999 -9999 -9999 -9999 -9999 -9999 -9999 -9999 -9999 -9999 -9999 -9999 -9999 -9999 -9999 -9999 -9999 -9999 -9999
