INPUT/RASTER/ASCII/BIO12.asc
ncols        225
nrows        269
xllcorner    473009.983799999987
yllcorner    4429051.174800000153
cellsize     50.000000000000
NODATA_value -9999
[rows 140 to 159 of 269, columns 0 to 45 of 225]
-9999 -9999 -9999 -9999 -9999 -9999 -9999 -9999 -9999 667.0650634765625 671.1456298828125 678.43670654296875 682.08660888671875 683.4398193359375 683.8941650390625 684.44921875 685.5313720703125 686.66937255859375 686.9320068359375 688.254638671875 689.51312255859375 690.23370361328125 691.7117919921875 694.60467529296875 698.1591796875 700.2755126953125 701.44677734375 702.14013671875 702.79217529296875 703.7208251953125 704.6824951171875 705.33697509765625 705.72320556640625 705.8291015625 705.74322509765625 705.6513671875 705.613037109375 705.50421142578125 705.21075439453125 704.954833984375 704.83013916015625 705.23785400390625 706.3721923828125 707.65911865234375 708.7449951171875 709.10052490234375
-9999 -9999 -9999 -9999 -9999 -9999 -9999 -9999 -9999 669.37017822265625 673.04132080078125 678.890625 681.36041259765625 682.2227783203125 682.499755859375 683.0169677734375 682.84625244140625 681.6171875 682.596435546875 686.5025634765625 688.968505859375 690.02935791015625 692.39593505859375 695.74249267578125 697.9835205078125 699.363525390625 700.55645751953125 701.10809326171875 701.6583251953125 702.3636474609375 702.83673095703125 703.1705322265625 703.651611328125 703.95037841796875 703.95294189453125 703.92822265625 703.9910888671875 703.95654296875 703.61859130859375 703.3111572265625 703.28167724609375 703.83197021484375 704.917724609375 706.07952880859375 707.10003662109375 707.5738525390625
-9999 -9999 -9999 -9999 -9999 -9999 -9999 -9999 666.410400390625 668.98944091796875 675.03173828125 679.0865478515625 680.48175048828125 680.9595947265625 681.1414794921875 681.46575927734375 680.68670654296875 678.648193359375 679.36517333984375 683.847900390625 688.1143798828125 690.04345703125 693.6556396484375 696.34814453125 697.37884521484375 698.643798828125 699.914794921875 700.32177734375 700.62359619140625 700.99505615234375 701.02862548828125 701.1522216796875 701.75079345703125 702.2481689453125 702.44427490234375 702.616943359375 702.66278076171875 702.57708740234375 702.1539306640625 701.846435546875 701.90625 702.44439697265625 703.36724853515625 704.43280029296875 705.41949462890625 705.9881591796875
-9999 -9999 -9999 -9999 -9999 -9999 -9999 -9999 665.61114501953125 668.1861572265625 675.20697021484375 678.429443359375 679.10150146484375 679.4029541015625 679.54296875 679.5113525390625 678.35797119140625 677.0535888671875 678.29052734375 681.3377685546875 685.73919677734375 689.53460693359375 694.30963134765625 696.33404541015625 696.97467041015625 698.2265625 699.4210205078125 699.58782958984375 699.46356201171875 699.34130859375 699.26446533203125 699.536376953125 700.1568603515625 700.62469482421875 701.00927734375 701.245849609375 701.1875 701.08734130859375 700.676513671875 700.45953369140625 700.58929443359375 701.03448486328125 701.87359619140625 702.87530517578125 703.709228515625 704.22357177734375
-9999 -9999 -9999 -9999 -9999 -9999 -9999 661.954345703125 662.9033203125 666.6868896484375 673.8013916015625 676.7303466796875 676.90948486328125 677.264404296875 677.3531494140625 677.00152587890625 675.99212646484375 676.25177001953125 678.587158203125 681.27630615234375 683.7474365234375 688.9180908203125 694.986083984375 696.22552490234375 696.76763916015625 697.8475341796875 698.67218017578125 698.6533203125 698.2293701171875 697.73052978515625 697.69000244140625 698.27618408203125 698.90576171875 699.319580078125 699.6920166015625 699.724365234375 699.531494140625 699.491455078125 699.29931640625 699.21282958984375 699.41107177734375 699.8775634765625 700.67578125 701.45098876953125 702.0626220703125 702.579833984375
-9999 -9999 -9999 -9999 -9999 -9999 -9999 661.90869140625 662.22955322265625 665.7421875 672.062255859375 674.5037841796875 674.60791015625 675.1304931640625 675.38995361328125 675.121826171875 674.53656005859375 676.0045166015625 679.1905517578125 682.380859375 686.553466796875 691.10107421875 695.1876220703125 696.0740966796875 696.6221923828125 697.35784912109375 697.703125 697.5716552734375 697.093505859375 696.41064453125 696.43701171875 697.1939697265625 697.8804931640625 698.2672119140625 698.53839111328125 698.4212646484375 698.24951171875 698.24407958984375 698.19317626953125 698.17962646484375 698.4241943359375 699.051025390625 699.78631591796875 700.26495361328125 700.76873779296875 701.3681640625
-9999 -9999 -9999 -9999 -9999 -9999 -9999 661.16021728515625 661.92333984375 664.3885498046875 669.09613037109375 672.10321044921875 673.5777587890625 674.4361572265625 674.93487548828125 675.17803955078125 675.145263671875 676.749267578125 679.84027099609375 683.596923828125 690.21429443359375 693.6666259765625 695.0992431640625 695.75018310546875 696.33349609375 696.82855224609375 696.755126953125 696.50469970703125 696.03070068359375 695.05487060546875 694.8341064453125 695.7139892578125 696.6009521484375 696.9849853515625 697.1319580078125 696.93121337890625 696.79180908203125 696.78076171875 696.86492919921875 696.964111328125 697.32635498046875 698.05413818359375 698.65673828125 699.043212890625 699.64013671875 700.29754638671875
-9999 -9999 -9999 -9999 -9999 -9999 -9999 660.98004150390625 661.56396484375 662.95306396484375 666.35211181640625 671.3004150390625 675.11016845703125 676.55450439453125 677.05328369140625 677.6234130859375 678.11346435546875 678.892578125 680.65277099609375 685.3306884765625 691.51263427734375 693.578857421875 694.2928466796875 694.914306640625 695.41656494140625 695.7418212890625 695.52392578125 695.2169189453125 694.6177978515625 693.30279541015625 692.779541015625 693.88720703125 695.000732421875 695.3973388671875 695.4879150390625 695.14544677734375 694.8585205078125 694.82379150390625 695.10498046875 695.3935546875 695.95123291015625 696.66888427734375 697.1834716796875 697.784912109375 698.61578369140625 699.208740234375
-9999 -9999 -9999 -9999 -9999 -9999 -9999 660.81500244140625 661.34881591796875 663.02490234375 666.78900146484375 672.8431396484375 677.33343505859375 678.9820556640625 679.42169189453125 679.887451171875 680.4835205078125 680.65167236328125 681.7684326171875 687.67352294921875 692.2427978515625 692.89617919921875 693.42742919921875 693.92938232421875 694.24542236328125 694.36004638671875 694.24322509765625 693.9796142578125 693.21063232421875 691.76202392578125 691.32586669921875 692.48822021484375 693.57403564453125 694.03875732421875 694.17364501953125 693.63043212890625 693.105224609375 693.171875 693.76416015625 694.2420654296875 694.76580810546875 695.42279052734375 696.0660400390625 696.84246826171875 697.71209716796875 698.2064208984375
-9999 -9999 -9999 -9999 -9999 -9999 660.874755859375 661.1444091796875 661.92596435546875 664.8829345703125 669.05059814453125 673.6798095703125 677.257080078125 678.9300537109375 679.5067138671875 679.89141845703125 680.37481689453125 680.70037841796875 683.43218994140625 689.7156982421875 692.44781494140625 692.82122802734375 693.1617431640625 693.4803466796875 693.73150634765625 693.79217529296875 693.58026123046875 693.19403076171875 692.28533935546875 690.69189453125 690.24169921875 691.2056884765625 692.10662841796875 692.62255859375 692.77484130859375 692.112060546875 691.6263427734375 692.0264892578125 692.98907470703125 693.58319091796875 694.01837158203125 694.64141845703125 695.3306884765625 696.0888671875 696.774169921875 697.08099365234375
-9999 -9999 -9999 -9999 -9999 -9999 661.1422119140625 662.10052490234375 663.89215087890625 667.8243408203125 670.89935302734375 673.57281494140625 676.58062744140625 678.4072265625 678.97979736328125 679.299560546875 679.77239990234375 680.53753662109375 685.01959228515625 691.10894775390625 692.41009521484375 692.64385986328125 692.92620849609375 693.22412109375 693.5333251953125 693.5294189453125 692.89794921875 692.23919677734375 691.1650390625 689.6173095703125 689.24200439453125 690.074462890625 690.87518310546875 691.3995361328125 691.5836181640625 691.0233154296875 690.77911376953125 691.41644287109375 692.50274658203125 693.1253662109375 693.65093994140625 694.24688720703125 694.79132080078125 695.3699951171875 695.8668212890625 696.0584716796875
-9999 -9999 -9999 -9999 -9999 660.39031982421875 660.74761962890625 663.0609130859375 666.006103515625 670.291259765625 672.11138916015625 673.48968505859375 675.973388671875 677.6956787109375 678.19049072265625 678.45233154296875 678.9345703125 680.82745361328125 687.225830078125 691.07354736328125 691.89776611328125 692.1943359375 692.548828125 692.8741455078125 693.19171142578125 692.9971923828125 692.01751708984375 691.07672119140625 689.74017333984375 688.171875 687.90509033203125 688.81109619140625 689.63360595703125 690.20758056640625 690.5572509765625 690.32061767578125 690.37957763671875 691.092529296875 692.130615234375 692.7388916015625 693.2608642578125 693.75274658203125 694.09326171875 694.461181640625 694.84918212890625 695.06732177734375
-9999 -9999 -9999 -9999 -9999 660.04949951171875 660.3065185546875 662.9180908203125 665.92303466796875 669.8857421875 671.82208251953125 673.0013427734375 674.83441162109375 676.43475341796875 676.8482666015625 677.00360107421875 677.71929931640625 681.2529296875 687.93280029296875 690.17266845703125 690.83203125 691.314697265625 691.86651611328125 692.19921875 692.268310546875 691.765869140625 690.8582763671875 689.8331298828125 688.23931884765625 686.63861083984375 686.29803466796875 687.278076171875 688.224853515625 688.8388671875 689.33392333984375 689.53240966796875 689.930419921875 690.66094970703125 691.5313720703125 692.02276611328125 692.44146728515625 692.8203125 693.11102294921875 693.39617919921875 693.7197265625 693.9591064453125
-9999 -9999 -9999 -9999 -9999 659.90435791015625 660.1109619140625 661.28021240234375 662.93768310546875 666.5240478515625 669.82342529296875 671.855712890625 673.16400146484375 674.38690185546875 674.6649169921875 674.744873046875 676.0755615234375 682.1729736328125 687.18988037109375 688.351318359375 689.2906494140625 690.071533203125 690.85015869140625 691.223388671875 691.02166748046875 690.06817626953125 689.10357666015625 688.1461181640625 686.65789794921875 685.1798095703125 684.72283935546875 685.70098876953125 686.8050537109375 687.422119140625 688.009033203125 688.62347412109375 689.27178955078125 689.94683837890625 690.4998779296875 690.7572021484375 691.03350830078125 691.4586181640625 691.90789794921875 692.20806884765625 692.4847412109375 692.73638916015625
-9999 -9999 -9999 -9999 -9999 659.90911865234375 660.17437744140625 659.35302734375 659.42840576171875 662.37823486328125 667.071044921875 670.54730224609375 671.881591796875 672.40643310546875 672.6051025390625 672.91986083984375 675.437744140625 682.2950439453125 685.88677978515625 686.93719482421875 688.17742919921875 689.088134765625 689.925537109375 690.27227783203125 690.00323486328125 688.80584716796875 687.6494140625 686.66351318359375 685.43121337890625 684.29962158203125 683.91571044921875 684.80303955078125 685.908203125 686.452880859375 687.0989990234375 687.97528076171875 688.65399169921875 689.172607421875 689.47515869140625 689.5521240234375 689.75860595703125 690.29644775390625 690.880859375 691.2391357421875 691.4796142578125 691.66265869140625
-9999 -9999 -9999 -9999 -9999 -9999 660.2921142578125 656.8984375 656.84130859375 660.0164794921875 665.66424560546875 669.86004638671875 671.251708984375 671.3604736328125 671.45294189453125 671.806640625 676.13037109375 682.0960693359375 684.17218017578125 685.7943115234375 687.23687744140625 688.11883544921875 688.84814453125 689.0491943359375 688.8690185546875 687.77886962890625 686.50982666015625 685.47808837890625 684.4833984375 683.6826171875 683.46441650390625 684.24615478515625 685.2559814453125 685.7772216796875 686.50823974609375 687.47186279296875 687.9666748046875 688.21331787109375 688.39306640625 688.4625244140625 688.7080078125 689.19049072265625 689.74151611328125 690.31243896484375 690.6407470703125 690.75469970703125
-9999 -9999 -9999 -9999 -9999 -9999 -9999 654.34088134765625 653.952880859375 658.6923828125 665.44732666015625 669.44696044921875 670.60546875 670.69635009765625 670.82305908203125 671.82366943359375 676.796630859375 680.80364990234375 682.184326171875 684.31793212890625 686.0758056640625 686.85125732421875 687.324462890625 687.2816162109375 687.17742919921875 686.44122314453125 685.29107666015625 684.44970703125 683.70001220703125 683.04827880859375 682.88592529296875 683.44281005859375 684.25518798828125 684.9329833984375 685.87396240234375 686.79559326171875 687.17041015625 687.12567138671875 687.2532958984375 687.43048095703125 687.65484619140625 687.9256591796875 688.3101806640625 689.072265625 689.59088134765625 689.763427734375
-9999 -9999 -9999 -9999 -9999 -9999 -9999 650.0029296875 650.9462890625 657.46051025390625 665.01397705078125 668.4864501953125 669.3287353515625 669.7298583984375 670.33807373046875 673.0771484375 678.55047607421875 680.177978515625 680.96600341796875 682.9903564453125 684.8707275390625 685.541748046875 685.7103271484375 685.39739990234375 685.0853271484375 684.5167236328125 683.79608154296875 683.39923095703125 683.04541015625 682.53741455078125 682.2109375 682.539794921875 683.2996826171875 684.15069580078125 685.18017578125 685.81036376953125 686.1378173828125 686.25567626953125 686.5548095703125 686.79168701171875 686.92022705078125 687.04742431640625 687.2940673828125 687.7919921875 688.14898681640625 688.30596923828125
-9999 -9999 -9999 -9999 -9999 -9999 -9999 649.33880615234375 650.26251220703125 656.47247314453125 663.5645751953125 667.052490234375 667.96942138671875 668.690185546875 670.19122314453125 674.3199462890625 678.68603515625 679.609619140625 680.23199462890625 681.8629150390625 683.55267333984375 684.21246337890625 684.367431640625 684.0594482421875 683.56134033203125 682.92425537109375 682.559814453125 682.44927978515625 682.2774658203125 681.85443115234375 681.4520263671875 681.6669921875 682.4923095703125 683.279052734375 684.0355224609375 684.533203125 684.9886474609375 685.47869873046875 686.0191650390625 686.275390625 686.341552734375 686.3895263671875 686.50653076171875 686.65423583984375 686.7276611328125 686.77484130859375
-9999 -9999 -9999 -9999 -9999 -9999 -9999 649.362060546875 650.53997802734375 654.30157470703125 660.66290283203125 664.90631103515625 666.54595947265625 667.63079833984375 670.0155029296875 675.11151123046875 678.2740478515625 678.7288818359375 679.34234619140625 680.63214111328125 681.8514404296875 682.58819580078125 682.98370361328125 682.95684814453125 682.49127197265625 681.80706787109375 681.5557861328125 681.5362548828125 681.3045654296875 680.7208251953125 680.29150390625 680.4998779296875 681.4249267578125 682.12579345703125 682.81768798828125 683.4990234375 684.13629150390625 684.80157470703125 685.4425048828125 685.6988525390625 685.7122802734375 685.71307373046875 685.7275390625 685.63592529296875 685.521484375 685.435302734375
