INPUT/RASTER/ASCII/BIO15.asc
ncols        225
nrows        269
xllcorner    473000.000000000000
yllcorner    4429100.000000000000
cellsize     50.000000000000
NODATA_value -9999
[rows 100 to 119 of 269, columns 0 to 44 of 225]
-9999 -9999 -9999 -9999 -9999 -9999 -9999 -9999 -9999 -9999 -9999 54.0706787109375 54.021305084228515625 53.99318695068359375 53.98041534423828125 53.962657928466796875 53.956756591796875 53.9359893798828125 53.916622161865234375 53.90140533447265625 53.883945465087890625 53.87213134765625 53.86191558837890625 53.849727630615234375 53.83234405517578125 53.818981170654296875 53.81009674072265625 53.7907562255859375 53.785419464111328125 53.768192291259765625 53.75577545166015625 53.741703033447265625 53.731414794921875 53.7128448486328125 53.70276641845703125 53.6954345703125 53.6831207275390625 53.71884918212890625 53.7429656982421875 53.751262664794921875 53.749301910400390625 53.7486572265625 53.745441436767578125 53.87091827392578125 53.85054779052734375
-9999 -9999 -9999 -9999 -9999 -9999 -9999 -9999 -9999 -9999 -9999 54.079395294189453125 54.03614044189453125 54.00534820556640625 53.981609344482421875 53.968730926513671875 53.958667755126953125 53.94510650634765625 53.92647552490234375 53.904216766357421875 53.88848114013671875 53.87381744384765625 53.86673736572265625 53.8546142578125 53.841426849365234375 53.828449249267578125 53.81328582763671875 53.79843902587890625 53.79206085205078125 53.7724761962890625 53.754180908203125 53.743190765380859375 53.729579925537109375 53.71416473388671875 53.70368194580078125 53.6947021484375 53.685100555419921875 53.709320068359375 53.7404327392578125 53.747127532958984375 53.7459869384765625 53.74562835693359375 53.7445831298828125 53.87761688232421875 53.86008453369140625
-9999 -9999 -9999 -9999 -9999 -9999 -9999 -9999 -9999 -9999 -9999 54.08692169189453125 54.0435638427734375 54.012451171875 53.9862213134765625 53.97235107421875 53.963161468505859375 53.9507904052734375 53.93318939208984375 53.90972900390625 53.892086029052734375 53.875621795654296875 53.86804962158203125 53.858245849609375 53.8475189208984375 53.836109161376953125 53.82169342041015625 53.8089141845703125 53.796062469482421875 53.77559661865234375 53.757228851318359375 53.73873138427734375 53.72621917724609375 53.711727142333984375 53.702358245849609375 53.695568084716796875 53.68521881103515625 53.68007659912109375 53.737232208251953125 53.740692138671875 53.741973876953125 53.739105224609375 53.74118804931640625 53.8338165283203125 53.8681182861328125
-9999 -9999 -9999 -9999 -9999 -9999 -9999 -9999 -9999 -9999 -9999 54.09537506103515625 54.04921722412109375 54.018665313720703125 53.99079132080078125 53.97725677490234375 53.968090057373046875 53.95563507080078125 53.937381744384765625 53.91526031494140625 53.896564483642578125 53.87778472900390625 53.870967864990234375 53.862857818603515625 53.85404205322265625 53.84482574462890625 53.83011627197265625 53.812511444091796875 53.79981231689453125 53.77753448486328125 53.7579345703125 53.73907470703125 53.7269287109375 53.710605621337890625 53.701938629150390625 53.694431304931640625 53.684055328369140625 53.678165435791015625 53.733978271484375 53.735260009765625 53.73657989501953125 53.7339935302734375 53.7501220703125 53.777378082275390625 53.76548004150390625
-9999 -9999 -9999 -9999 -9999 -9999 -9999 -9999 -9999 -9999 -9999 54.09641265869140625 54.051677703857421875 54.023235321044921875 53.99500274658203125 53.98174285888671875 53.97351837158203125 53.958759307861328125 53.940921783447265625 53.91996002197265625 53.9029693603515625 53.882884979248046875 53.87715911865234375 53.86933135986328125 53.860595703125 53.852996826171875 53.83294677734375 53.81291961669921875 53.8006134033203125 53.77751922607421875 53.758892059326171875 53.740100860595703125 53.72837066650390625 53.711334228515625 53.70223236083984375 53.69377899169921875 53.68323516845703125 53.67743682861328125 53.732135772705078125 53.7328338623046875 53.7508392333984375 53.7600555419921875 53.7561798095703125 53.755329132080078125 53.75583648681640625
-9999 -9999 -9999 -9999 -9999 -9999 -9999 -9999 -9999 -9999 -9999 54.0949859619140625 54.05503082275390625 54.02843475341796875 54.001934051513671875 53.9884185791015625 53.979251861572265625 53.961029052734375 53.94153594970703125 53.92424774169921875 53.913196563720703125 53.8954925537109375 53.889163970947265625 53.88123321533203125 53.8746185302734375 53.860919952392578125 53.83351898193359375 53.811717987060546875 53.799713134765625 53.7774810791015625 53.761020660400390625 53.744564056396484375 53.73383331298828125 53.718353271484375 53.711650848388671875 53.701328277587890625 53.69217681884765625 53.654632568359375 53.756992340087890625 53.761112213134765625 53.754459381103515625 53.749507904052734375 53.746425628662109375 53.741756439208984375 53.738147735595703125
-9999 -9999 -9999 -9999 -9999 -9999 -9999 -9999 -9999 -9999 -9999 54.084705352783203125 54.0539398193359375 54.034046173095703125 54.015697479248046875 53.9996490478515625 53.98931121826171875 53.969417572021484375 53.952869415283203125 53.94269561767578125 53.938671112060546875 53.9249725341796875 53.91875457763671875 53.911769866943359375 53.89521026611328125 53.869579315185546875 53.835113525390625 53.812824249267578125 53.8015899658203125 53.7796783447265625 53.76364898681640625 53.74817657470703125 53.73712158203125 53.72564697265625 53.720134735107421875 53.714733123779296875 53.72707366943359375 53.709346771240234375 53.76690673828125 53.760345458984375 53.751575469970703125 53.7487335205078125 53.745944976806640625 53.746044158935546875 53.748138427734375
-9999 -9999 -9999 -9999 -9999 -9999 -9999 -9999 -9999 -9999 54.13620758056640625 54.08734130859375 54.055889129638671875 54.03604888916015625 54.019618988037109375 54.0032806396484375 53.994709014892578125 53.97689056396484375 53.96712493896484375 53.95748138427734375 53.952045440673828125 53.942317962646484375 53.93811798095703125 53.929058074951171875 53.90288543701171875 53.874355316162109375 53.839664459228515625 53.816745758056640625 53.80600738525390625 53.785030364990234375 53.76874542236328125 53.751735687255859375 53.74078369140625 53.732830047607421875 53.72641754150390625 53.741497039794921875 53.73236083984375 53.7203216552734375 53.765232086181640625 53.75804901123046875 53.74996185302734375 53.74982452392578125 53.75383758544921875 53.75827789306640625 53.759037017822265625
-9999 -9999 -9999 -9999 -9999 -9999 -9999 -9999 -9999 -9999 54.150054931640625 54.09485626220703125 54.05828857421875 54.038745880126953125 54.0247802734375 54.010040283203125 54.004756927490234375 53.99018096923828125 53.9843902587890625 53.9733734130859375 53.9683380126953125 53.95720672607421875 53.950408935546875 53.940280914306640625 53.91449737548828125 53.88355255126953125 53.848003387451171875 53.82347869873046875 53.81351470947265625 53.793548583984375 53.7765350341796875 53.757472991943359375 53.74445343017578125 53.75843048095703125 53.75550079345703125 53.74968719482421875 53.73540496826171875 53.722682952880859375 53.722141265869140625 53.757236480712890625 53.75144195556640625 53.75203704833984375 53.7585906982421875 53.76324462890625 53.76177215576171875
-9999 -9999 -9999 -9999 -9999 -9999 -9999 -9999 -9999 -9999 54.16302490234375 54.104496002197265625 54.06067657470703125 54.044086456298828125 54.03244781494140625 54.02044677734375 54.017658233642578125 54.005889892578125 54.002582550048828125 53.98996734619140625 53.985828399658203125 53.97265625 53.96329498291015625 53.946559906005859375 53.91965484619140625 53.890285491943359375 53.8548431396484375 53.83106231689453125 53.82138824462890625 53.8009490966796875 53.7871856689453125 53.77336883544921875 53.7738037109375 53.76221466064453125 53.756679534912109375 53.7511138916015625 53.73769378662109375 53.72513580322265625 53.72539520263671875 53.76093292236328125 53.754932403564453125 53.75347900390625 53.7601776123046875 53.763141632080078125 53.76213836669921875
-9999 -9999 -9999 -9999 -9999 -9999 -9999 -9999 -9999 -9999 54.17568206787109375 54.112819671630859375 54.068607330322265625 54.05327606201171875 54.040557861328125 54.0291290283203125 54.030811309814453125 54.020465850830078125 54.0179595947265625 54.00591278076171875 54.003429412841796875 53.98625946044921875 53.97498321533203125 53.950664520263671875 53.92177581787109375 53.894382476806640625 53.860683441162109375 53.838287353515625 53.830295562744140625 53.804805755615234375 53.808803558349609375 53.7904510498046875 53.7765350341796875 53.763690948486328125 53.757843017578125 53.753108978271484375 53.7403564453125 53.728790283203125 53.731029510498046875 53.76654815673828125 53.763713836669921875 53.7572021484375 53.761241912841796875 53.76349639892578125 53.762481689453125
-9999 -9999 -9999 -9999 -9999 -9999 -9999 -9999 -9999 54.210483551025390625 54.183910369873046875 54.120731353759765625 54.07891845703125 54.066341400146484375 54.054737091064453125 54.041561126708984375 54.047336578369140625 54.03617095947265625 54.035488128662109375 54.022563934326171875 54.0239105224609375 54.000034332275390625 53.98360443115234375 53.953800201416015625 53.923004150390625 53.89605712890625 53.87569427490234375 53.84391021728515625 53.84748077392578125 53.837005615234375 53.820064544677734375 53.791522979736328125 53.779827117919921875 53.7673492431640625 53.76053619384765625 53.755611419677734375 53.742252349853515625 53.733226776123046875 53.73802947998046875 53.772979736328125 53.773113250732421875 53.76364898681640625 53.7654266357421875 53.76512908935546875 53.76320648193359375
-9999 -9999 -9999 -9999 -9999 -9999 -9999 -9999 54.27776336669921875 54.20941162109375 54.18907928466796875 54.13597869873046875 54.103496551513671875 54.084224700927734375 54.072109222412109375 54.062541961669921875 54.061260223388671875 54.06230926513671875 54.05623626708984375 54.0487213134765625 54.02979278564453125 54.0074005126953125 53.99472808837890625 53.95708465576171875 53.92885589599609375 53.906494140625 53.90151214599609375 53.875396728515625 53.867156982421875 53.84716033935546875 53.825267791748046875 53.804615020751953125 53.786968231201171875 53.77252197265625 53.76436614990234375 53.758876800537109375 53.74486541748046875 53.73682403564453125 53.744258880615234375 53.7840423583984375 53.78338623046875 53.7751312255859375 53.772098541259765625 53.76824951171875 53.761810302734375
-9999 -9999 -9999 -9999 -9999 -9999 -9999 -9999 54.265594482421875 54.203983306884765625 54.18759918212890625 54.14667510986328125 54.12403106689453125 54.10558319091796875 54.090969085693359375 54.0748291015625 54.074344635009765625 54.0915069580078125 54.076000213623046875 54.05754852294921875 54.033580780029296875 54.006687164306640625 53.99571990966796875 53.973537445068359375 53.9613037109375 53.931003570556640625 53.901371002197265625 53.883296966552734375 53.86998748779296875 53.85157012939453125 53.831455230712890625 53.8075103759765625 53.78954315185546875 53.78034210205078125 53.771148681640625 53.7623748779296875 53.7490386962890625 53.73651123046875 53.72972869873046875 53.79036712646484375 53.78853607177734375 53.782867431640625 53.774444580078125 53.77082061767578125 53.762409210205078125
-9999 -9999 -9999 -9999 -9999 -9999 -9999 -9999 54.26505279541015625 54.204349517822265625 54.190185546875 54.15129852294921875 54.13385772705078125 54.1191253662109375 54.115825653076171875 54.10375213623046875 54.1053619384765625 54.127838134765625 54.1018829345703125 54.062831878662109375 54.032833099365234375 54.005985260009765625 54.008697509765625 53.9913330078125 53.97225189208984375 53.94318389892578125 53.910366058349609375 53.892284393310546875 53.8781585693359375 53.8599090576171875 53.837574005126953125 53.8154144287109375 53.7993316650390625 53.7845306396484375 53.77877044677734375 53.767963409423828125 53.754390716552734375 53.741367340087890625 53.739643096923828125 53.7628326416015625 53.792354583740234375 53.7898712158203125 53.780521392822265625 53.77248382568359375 53.7678070068359375
-9999 -9999 -9999 -9999 -9999 -9999 -9999 54.31191253662109375 54.253833770751953125 54.201114654541015625 54.187114715576171875 54.15499114990234375 54.14076995849609375 54.134185791015625 54.144794464111328125 54.138538360595703125 54.142086029052734375 54.151813507080078125 54.11817169189453125 54.062286376953125 54.042407989501953125 54.0224609375 54.021945953369140625 54.001129150390625 53.985149383544921875 53.96086883544921875 53.9273529052734375 53.9091339111328125 53.89334869384765625 53.87172698974609375 53.845882415771484375 53.82190704345703125 53.805049896240234375 53.7910919189453125 53.785503387451171875 53.774013519287109375 53.757846832275390625 53.74463653564453125 53.735260009765625 53.76627349853515625 53.79608154296875 53.79375457763671875 53.785793304443359375 53.777515411376953125 53.7712860107421875
-9999 -9999 -9999 -9999 -9999 -9999 54.3451995849609375 54.28295135498046875 54.2274322509765625 54.192424774169921875 54.179473876953125 54.155239105224609375 54.14971923828125 54.151519775390625 54.16725921630859375 54.1654510498046875 54.162384033203125 54.1512603759765625 54.116973876953125 54.0810089111328125 54.048374176025390625 54.029205322265625 54.023632049560546875 54.00994873046875 53.99916839599609375 53.985042572021484375 53.961238861083984375 53.943729400634765625 53.91893768310546875 53.8875732421875 53.859386444091796875 53.83300018310546875 53.8150177001953125 53.80028533935546875 53.7947235107421875 53.7803955078125 53.76329803466796875 53.748744964599609375 53.7395782470703125 53.77053070068359375 53.800823211669921875 53.7972564697265625 53.790679931640625 53.781818389892578125 53.7747802734375
-9999 -9999 -9999 -9999 -9999 -9999 -9999 54.2748565673828125 54.2175750732421875 54.19181060791015625 54.18247222900390625 54.15978240966796875 54.156219482421875 54.16656494140625 54.186992645263671875 54.185947418212890625 54.16710662841796875 54.152759552001953125 54.123523712158203125 54.0774993896484375 54.049045562744140625 54.02996826171875 54.02530670166015625 54.013591766357421875 54.0077972412109375 54.006221771240234375 53.998687744140625 53.98146820068359375 53.95584869384765625 53.921375274658203125 53.8850555419921875 53.851825714111328125 53.83159637451171875 53.8128204345703125 53.8032379150390625 53.79044342041015625 53.771087646484375 53.756389617919921875 53.7641143798828125 53.812808990478515625 53.8093414306640625 53.80408477783203125 53.79639434814453125 53.788578033447265625 53.78089141845703125
-9999 -9999 -9999 -9999 -9999 -9999 -9999 -9999 54.2813262939453125 54.235992431640625 54.21805572509765625 54.190105438232421875 54.20792388916015625 54.264186859130859375 54.25923919677734375 54.238933563232421875 54.176731109619140625 54.13803863525390625 54.103893280029296875 54.069000244140625 54.0461883544921875 54.029605865478515625 54.02628326416015625 54.017719268798828125 54.0181732177734375 54.02091217041015625 54.02233123779296875 54.0180206298828125 54.00749969482421875 53.99327850341796875 53.955829620361328125 53.89180755615234375 53.85692596435546875 53.83296966552734375 53.822998046875 53.795047760009765625 53.775814056396484375 53.764499664306640625 53.81676483154296875 53.8187255859375 53.8151702880859375 53.806484222412109375 53.800289154052734375 53.7938232421875 53.7852630615234375
-9999 -9999 -9999 -9999 -9999 -9999 -9999 -9999 54.309535980224609375 54.27166748046875 54.2557830810546875 54.24440765380859375 54.266693115234375 54.310398101806640625 54.25612640380859375 54.218204498291015625 54.160739898681640625 54.124485015869140625 54.09246063232421875 54.065460205078125 54.044155120849609375 54.0287628173828125 54.024169921875 54.01580810546875 54.02079010009765625 54.0282745361328125 54.032855987548828125 54.02899932861328125 54.025867462158203125 54.01041412353515625 53.983997344970703125 53.9203033447265625 53.869052886962890625 53.833465576171875 53.82166290283203125 53.79619598388671875 53.7813873291015625 53.819240570068359375 53.828899383544921875 53.82470703125 53.820659637451171875 53.80928802490234375 53.804027557373046875 53.79964447021484375 53.794879913330078125
