INPUT/RASTER/ASCII/BIO16.asc
ncols        225
nrows        269
xllcorner    473009.983799999987
yllcorner    4429051.174800000153
cellsize     50.000000000000
NODATA_value -9999
[rows 80 to 99 of 269, columns 90 to 134 of 225]
315.1798095703125 315.0643310546875 314.765838623046875 314.35858154296875 314.066986083984375 313.911468505859375 313.8392333984375 313.802276611328125 313.76287841796875 313.710235595703125 313.6610107421875 313.58740234375 313.478729248046875 313.1422119140625 312.33294677734375 311.299774169921875 310.732330322265625 310.866668701171875 311.244720458984375 311.41693115234375 311.51275634765625 311.463409423828125 311.31671142578125 311.335418701171875 311.485748291015625 311.57440185546875 311.58197021484375 311.47906494140625 311.3226318359375 311.180755615234375 311.0989990234375 311.08929443359375 311.2427978515625 311.477630615234375 311.503143310546875 311.41571044921875 311.57476806640625 311.794525146484375 311.906890869140625 311.959930419921875 312.281707763671875 313.03118896484375 313.10443115234375 313.1029052734375 313.107269287109375
314.744384765625 314.606658935546875 314.463623046875 314.245452880859375 313.975738525390625 313.79632568359375 313.73651123046875 313.71160888671875 313.686676025390625 313.651519775390625 313.613006591796875 313.51898193359375 313.402984619140625 313.118988037109375 312.45184326171875 311.358001708984375 310.572479248046875 310.687103271484375 311.307464599609375 311.55108642578125 311.614013671875 311.50927734375 311.3505859375 311.321624755859375 311.39105224609375 311.43817138671875 311.4326171875 311.34869384765625 311.22723388671875 311.1199951171875 311.0936279296875 311.148193359375 311.332000732421875 311.47418212890625 311.439453125 311.36846923828125 311.595947265625 311.85186767578125 311.923980712890625 311.928375244140625 312.2584228515625 312.954925537109375 313.010772705078125 312.989959716796875 312.990447998046875
314.327911376953125 314.130889892578125 314.094146728515625 314.049224853515625 313.838134765625 313.671966552734375 313.6253662109375 313.616607666015625 313.60784912109375 313.578826904296875 313.522003173828125 313.387359619140625 313.24127197265625 312.917877197265625 312.21160888671875 311.133026123046875 310.459442138671875 310.738739013671875 311.5068359375 311.767974853515625 311.775909423828125 311.601348876953125 311.396026611328125 311.304962158203125 311.298370361328125 311.298309326171875 311.270294189453125 311.189208984375 311.1102294921875 311.071197509765625 311.13134765625 311.269622802734375 311.502532958984375 311.549163818359375 311.44207763671875 311.38092041015625 311.60797119140625 311.82952880859375 311.877166748046875 311.8743896484375 312.43682861328125 312.873992919921875 312.8818359375 312.86053466796875 312.845062255859375
314.08978271484375 313.779266357421875 313.6705322265625 313.669586181640625 313.585906982421875 313.51251220703125 313.478271484375 313.48291015625 313.4873046875 313.468597412109375 313.3905029296875 313.212738037109375 313.0245361328125 312.575653076171875 311.70977783203125 310.78375244140625 310.4208984375 310.9073486328125 311.693572998046875 311.92132568359375 311.880096435546875 311.66162109375 311.430511474609375 311.26837158203125 311.208770751953125 311.180084228515625 311.128387451171875 311.035797119140625 310.97332763671875 311.000885009765625 311.16156005859375 311.343292236328125 311.58319091796875 311.6044921875 311.4815673828125 311.43890380859375 311.6038818359375 311.74627685546875 311.7647705078125 311.765655517578125 312.54949951171875 312.759033203125 312.728271484375 312.71759033203125 312.688629150390625
313.939788818359375 313.5301513671875 313.276885986328125 313.256622314453125 313.289306640625 313.329010009765625 313.33038330078125 313.3226318359375 313.311798095703125 313.27294921875 313.157012939453125 312.9273681640625 312.691253662109375 312.1151123046875 311.139892578125 310.452117919921875 310.424163818359375 311.009307861328125 311.657135009765625 311.82916259765625 311.788177490234375 311.610015869140625 311.418487548828125 311.2275390625 311.1280517578125 311.085784912109375 310.994720458984375 310.867706298828125 310.789703369140625 310.86004638671875 311.104522705078125 311.288543701171875 311.511749267578125 311.58599853515625 311.51373291015625 311.485595703125 311.53179931640625 311.59271240234375 311.589263916015625 311.602874755859375 312.40625 312.617401123046875 312.590545654296875 312.564910888671875 312.50750732421875
313.67919921875 313.23675537109375 312.9095458984375 312.89410400390625 312.996246337890625 313.097198486328125 313.110626220703125 313.0965576171875 313.06304931640625 312.945831298828125 312.720458984375 312.4033203125 312.117950439453125 311.454742431640625 310.5074462890625 310.11102294921875 310.37103271484375 310.888885498046875 311.282318115234375 311.414703369140625 311.46875 311.429656982421875 311.32281494140625 311.17047119140625 311.042633056640625 310.96343994140625 310.82073974609375 310.6611328125 310.56610107421875 310.645965576171875 310.94537353515625 311.15997314453125 311.41156005859375 311.533447265625 311.497344970703125 311.479888916015625 311.445404052734375 311.43798828125 311.43072509765625 311.49005126953125 312.309417724609375 312.51129150390625 312.467041015625 312.4195556640625 312.3321533203125
313.3505859375 312.98406982421875 312.70458984375 312.682525634765625 312.76763916015625 312.85504150390625 312.885162353515625 312.9095458984375 312.8724365234375 312.647552490234375 312.218902587890625 311.74884033203125 311.43267822265625 310.829254150390625 310.077484130859375 309.9447021484375 310.295989990234375 310.6844482421875 310.92529296875 311.048675537109375 311.19342041015625 311.277191162109375 311.253753662109375 311.12371826171875 310.951141357421875 310.8262939453125 310.670684814453125 310.526336669921875 310.47509765625 310.6092529296875 310.927947998046875 311.12457275390625 311.321044921875 311.415283203125 311.42010498046875 311.4156494140625 311.370635986328125 311.345367431640625 311.330474853515625 311.385986328125 312.217864990234375 312.39007568359375 312.3197021484375 312.266754150390625 312.18743896484375
313.12872314453125 312.847686767578125 312.59912109375 312.5379638671875 312.556671142578125 312.61419677734375 312.69512939453125 312.821502685546875 312.7947998046875 312.41796875 311.80133056640625 311.234771728515625 310.871124267578125 310.37322998046875 309.834991455078125 309.841888427734375 310.220611572265625 310.554351806640625 310.736480712890625 310.837646484375 310.995361328125 311.143096923828125 311.19696044921875 311.07965087890625 310.88525390625 310.747711181640625 310.5809326171875 310.470733642578125 310.47454833984375 310.657135009765625 310.965118408203125 311.10333251953125 311.18756103515625 311.21087646484375 311.2420654296875 311.274139404296875 311.2734375 311.26055908203125 311.218902587890625 311.284637451171875 312.097442626953125 312.238616943359375 312.1468505859375 312.081085205078125 312.0081787109375
312.963287353515625 312.7471923828125 312.51446533203125 312.409820556640625 312.365142822265625 312.416168212890625 312.549346923828125 312.776702880859375 312.73345947265625 312.198455810546875 311.479583740234375 310.899261474609375 310.537139892578125 310.1353759765625 309.721160888671875 309.665985107421875 309.978118896484375 310.3511962890625 310.525360107421875 310.603240966796875 310.785858154296875 311.027191162109375 311.13787841796875 311.01123046875 310.8341064453125 310.698883056640625 310.547637939453125 310.487213134765625 310.52825927734375 310.692535400390625 310.924896240234375 311.005706787109375 310.999755859375 310.95977783203125 310.983917236328125 311.078887939453125 311.13397216796875 311.1363525390625 311.104705810546875 311.37335205078125 312.054229736328125 312.108123779296875 311.988922119140625 311.89739990234375 311.824188232421875
312.84930419921875 312.66278076171875 312.444671630859375 312.296234130859375 312.215606689453125 312.280120849609375 312.441131591796875 312.73138427734375 312.681549072265625 312.034423828125 311.265716552734375 310.70159912109375 310.371795654296875 310.046173095703125 309.677459716796875 309.481109619140625 309.633941650390625 310.033782958984375 310.24072265625 310.31524658203125 310.556640625 310.9169921875 311.042388916015625 310.90594482421875 310.77679443359375 310.655548095703125 310.531646728515625 310.5162353515625 310.574737548828125 310.687835693359375 310.814422607421875 310.836761474609375 310.767791748046875 310.688568115234375 310.731231689453125 310.89447021484375 310.978973388671875 310.99212646484375 310.977203369140625 311.587677001953125 312.077880859375 311.996826171875 311.84796142578125 311.736541748046875 311.65478515625
312.7279052734375 312.55523681640625 312.330169677734375 312.150848388671875 312.064971923828125 312.15570068359375 312.32928466796875 312.634979248046875 312.59967041015625 311.9073486328125 311.097930908203125 310.549224853515625 310.2608642578125 309.990753173828125 309.640869140625 309.29083251953125 309.216156005859375 309.5562744140625 309.862762451171875 309.98016357421875 310.282684326171875 310.679962158203125 310.749298095703125 310.662841796875 310.585784912109375 310.5169677734375 310.482513427734375 310.53009033203125 310.568328857421875 310.599578857421875 310.596466064453125 310.559478759765625 310.44952392578125 310.35198974609375 310.47528076171875 310.6868896484375 310.767852783203125 310.796661376953125 310.825653076171875 311.580657958984375 311.99761962890625 311.8475341796875 311.6768798828125 311.5467529296875 311.453521728515625
312.57647705078125 312.396270751953125 312.154327392578125 311.963134765625 311.8531494140625 311.930511474609375 312.081695556640625 312.319610595703125 312.2598876953125 311.6187744140625 310.880584716796875 310.3819580078125 310.1309814453125 309.918792724609375 309.662567138671875 309.268280029296875 308.911834716796875 309.02178955078125 309.45733642578125 309.7008056640625 310.075592041015625 310.355926513671875 310.199615478515625 310.162078857421875 310.1885986328125 310.208709716796875 310.337158203125 310.501953125 310.5126953125 310.436431884765625 310.31536865234375 310.207183837890625 310.033660888671875 309.916961669921875 310.087249755859375 310.347930908203125 310.44580078125 310.51544189453125 310.609405517578125 311.416351318359375 311.822662353515625 311.6453857421875 311.468170166015625 311.34295654296875 311.232666015625
312.462066650390625 312.26318359375 312.010528564453125 311.80609130859375 311.651153564453125 311.6728515625 311.747283935546875 311.82171630859375 311.65191650390625 311.1478271484375 310.62347412109375 310.238372802734375 310.035552978515625 309.90582275390625 309.77978515625 309.481414794921875 308.965179443359375 308.749114990234375 309.152099609375 309.516693115234375 310.00897216796875 310.2071533203125 309.71807861328125 309.4805908203125 309.583251953125 309.739410400390625 310.077301025390625 310.401458740234375 310.448944091796875 310.320037841796875 310.16265869140625 310.02154541015625 309.82623291015625 309.689788818359375 309.721588134765625 309.97100830078125 310.1478271484375 310.2418212890625 310.358795166015625 311.190277099609375 311.6063232421875 311.450439453125 311.303802490234375 311.205902099609375 311.077545166015625
312.36083984375 312.227264404296875 311.976287841796875 311.75286865234375 311.583740234375 311.53765869140625 311.52130126953125 311.452606201171875 311.240447998046875 310.8668212890625 310.494110107421875 310.206298828125 310.0457763671875 309.951873779296875 309.833740234375 309.52362060546875 308.980224609375 308.5982666015625 308.861114501953125 309.2755126953125 309.85357666015625 310.004852294921875 309.297882080078125 308.82659912109375 308.95489501953125 309.2266845703125 309.736663818359375 310.197357177734375 310.336456298828125 310.232208251953125 310.077239990234375 309.9375 309.737701416015625 309.586761474609375 309.572021484375 309.741424560546875 309.938018798828125 310.038726806640625 310.15380859375 310.994171142578125 311.42340087890625 311.2684326171875 311.111328125 311.01654052734375 310.891510009765625
312.062225341796875 312.087188720703125 311.894439697265625 311.691375732421875 311.52801513671875 311.422210693359375 311.350738525390625 311.20550537109375 310.991302490234375 310.711334228515625 310.4241943359375 310.180419921875 310.029083251953125 309.9537353515625 309.828460693359375 309.483367919921875 308.94879150390625 308.501953125 308.6373291015625 309.038360595703125 309.58917236328125 309.618804931640625 308.86444091796875 308.41754150390625 308.5828857421875 308.86126708984375 309.40789794921875 309.9456787109375 310.1668701171875 310.1256103515625 309.9908447265625 309.872100830078125 309.689208984375 309.519683837890625 309.477569580078125 309.600341796875 309.7786865234375 309.89654541015625 310.01318359375 310.863311767578125 311.287445068359375 311.099212646484375 310.9161376953125 310.80938720703125 310.677978515625
311.872955322265625 311.76446533203125 311.634979248046875 311.603118896484375 311.48504638671875 311.34100341796875 311.235076904296875 311.066375732421875 310.859710693359375 310.620880126953125 310.37017822265625 310.14849853515625 310.012451171875 309.950897216796875 309.8089599609375 309.512054443359375 309.015045166015625 308.42095947265625 308.35906982421875 308.666351318359375 309.026458740234375 308.879547119140625 308.29412841796875 308.078521728515625 308.2894287109375 308.59912109375 309.178436279296875 309.737060546875 309.995269775390625 309.985870361328125 309.8570556640625 309.754547119140625 309.608154296875 309.4522705078125 309.385467529296875 309.471038818359375 309.6229248046875 309.73858642578125 309.947723388671875 310.8128662109375 311.156005859375 310.8875732421875 310.632537841796875 310.499603271484375 310.374176025390625
311.948822021484375 311.673095703125 311.422088623046875 311.387359619140625 311.29180908203125 311.20538330078125 311.156005859375 310.990875244140625 310.797027587890625 310.5924072265625 310.335784912109375 310.111419677734375 309.99151611328125 309.918731689453125 309.769805908203125 309.55621337890625 309.102386474609375 308.359130859375 308.011688232421875 308.105560302734375 308.216064453125 308.03363037109375 307.778228759765625 307.824432373046875 308.058380126953125 308.418212890625 309.0655517578125 309.643096923828125 309.884429931640625 309.8426513671875 309.705657958984375 309.612945556640625 309.486968994140625 309.353759765625 309.2657470703125 309.318267822265625 309.456085205078125 309.5491943359375 309.99713134765625 310.82598876953125 310.9462890625 310.582489013671875 310.255584716796875 310.113739013671875 310.01959228515625
312.085601806640625 311.780487060546875 311.358154296875 311.089569091796875 310.900054931640625 311.05938720703125 311.210296630859375 311.06048583984375 310.890167236328125 310.673828125 310.34149169921875 310.0938720703125 309.965423583984375 309.865814208984375 309.72039794921875 309.538787841796875 309.111297607421875 308.3509521484375 307.812744140625 307.678863525390625 307.583526611328125 307.468658447265625 307.49163818359375 307.688720703125 307.92864990234375 308.33917236328125 309.06396484375 309.630889892578125 309.821685791015625 309.74224853515625 309.59381103515625 309.49072265625 309.34576416015625 309.224151611328125 309.139068603515625 309.175079345703125 309.3006591796875 309.380950927734375 309.96221923828125 310.72698974609375 310.70074462890625 310.326904296875 310.015289306640625 309.891693115234375 309.809814453125
312.21063232421875 311.84912109375 311.324462890625 310.922821044921875 310.6776123046875 311.073760986328125 311.407989501953125 311.294281005859375 311.156097412109375 310.881439208984375 310.452972412109375 310.1844482421875 310.03741455078125 309.91778564453125 309.742401123046875 309.516693115234375 309.088348388671875 308.35333251953125 307.805755615234375 307.55145263671875 307.368927001953125 307.30780029296875 307.490966796875 307.775390625 308.006195068359375 308.423126220703125 309.134918212890625 309.62225341796875 309.743682861328125 309.643646240234375 309.501739501953125 309.39532470703125 309.217437744140625 309.102142333984375 309.069488525390625 309.098602294921875 309.20001220703125 309.27520751953125 309.82763671875 310.531341552734375 310.4873046875 310.17578125 309.931304931640625 309.820892333984375 309.731903076171875
312.3973388671875 311.9156494140625 311.32293701171875 310.888671875 310.636138916015625 311.07391357421875 311.4510498046875 311.398101806640625 311.279083251953125 311.066375732421875 310.75262451171875 310.46795654296875 310.2939453125 310.142852783203125 309.891082763671875 309.543731689453125 309.082275390625 308.39666748046875 307.95709228515625 307.559417724609375 307.352783203125 307.34674072265625 307.716766357421875 308.159271240234375 308.39215087890625 308.720245361328125 309.22125244140625 309.516510009765625 309.537200927734375 309.475372314453125 309.394134521484375 309.292755126953125 309.094940185546875 308.987823486328125 309.01934814453125 309.062103271484375 309.123626708984375 309.17047119140625 309.683013916015625 310.3350830078125 310.28857421875 310.015960693359375 309.805206298828125 309.69219970703125 309.62255859375
