INPUT/RASTER/ASCII/BIO15.asc
ncols        225
nrows        269
xllcorner    473009.983799999987
yllcorner    4429051.174800000153
cellsize     50.000000000000
NODATA_value -9999
[rows 95 to 113 of 269, columns 168 to 209 of 225]
52.91300201416015625 52.89830780029296875 52.889171600341796875 52.88025665283203125 52.867023468017578125 52.852146148681640625 52.837802886962890625 52.827030181884765625 52.820316314697265625 52.8106689453125 52.79946136474609375 52.789760589599609375 52.780406951904296875 52.77114105224609375 52.764759063720703125 52.7585296630859375 52.749542236328125 52.738311767578125 52.725128173828125 52.710666656494140625 52.699977874755859375 52.69207000732421875 52.67774200439453125 52.6632537841796875 52.653896331787109375 52.647922515869140625 52.6444244384765625 52.640346527099609375 52.635074615478515625 52.629314422607421875 52.621265411376953125 52.6190185546875 -9999 -9999 -9999 -9999 -9999 -9999 -9999 -9999 -9999 -9999
52.910259246826171875 52.896114349365234375 52.88700103759765625 52.87746429443359375 52.864124298095703125 52.84934234619140625 52.834503173828125 52.8231048583984375 52.8159332275390625 52.80605316162109375 52.795177459716796875 52.786163330078125 52.777835845947265625 52.7691802978515625 52.762939453125 52.7565460205078125 52.7470245361328125 52.73443603515625 52.718379974365234375 52.7007598876953125 52.688648223876953125 52.681186676025390625 52.669948577880859375 52.6575927734375 52.64839935302734375 52.64255523681640625 52.639247894287109375 52.63500213623046875 52.629787445068359375 52.623874664306640625 52.615627288818359375 52.61333465576171875 -9999 -9999 -9999 -9999 -9999 -9999 -9999 -9999 -9999 -9999
52.908138275146484375 52.89520263671875 52.886501312255859375 52.8749237060546875 52.8612823486328125 52.846683502197265625 52.83196258544921875 52.820926666259765625 52.81404876708984375 52.803775787353515625 52.7928009033203125 52.784198760986328125 52.776485443115234375 52.76798248291015625 52.761333465576171875 52.75469970703125 52.744998931884765625 52.731884002685546875 52.715335845947265625 52.6962738037109375 52.683544158935546875 52.676517486572265625 52.666034698486328125 52.654376983642578125 52.64574432373046875 52.63965606689453125 52.63587188720703125 52.631374359130859375 52.625858306884765625 52.6196746826171875 52.6118621826171875 52.6097412109375 -9999 -9999 -9999 -9999 -9999 -9999 -9999 -9999 -9999 -9999
52.90631866455078125 52.89440155029296875 52.886016845703125 52.873126983642578125 52.859477996826171875 52.84499359130859375 52.830295562744140625 52.819461822509765625 52.812671661376953125 52.8022613525390625 52.791461944580078125 52.78285980224609375 52.77529144287109375 52.76656341552734375 52.75945281982421875 52.7524566650390625 52.742351531982421875 52.729496002197265625 52.7132720947265625 52.693836212158203125 52.6811065673828125 52.6743316650390625 52.66342926025390625 52.652179718017578125 52.6444244384765625 52.6383056640625 52.634319305419921875 52.62914276123046875 52.622585296630859375 52.615985870361328125 52.608318328857421875 52.598934173583984375 -9999 -9999 -9999 -9999 -9999 -9999 -9999 -9999 -9999 -9999
52.904209136962890625 52.89196014404296875 52.883487701416015625 52.870906829833984375 52.85750579833984375 52.8430633544921875 52.82883453369140625 52.817996978759765625 52.81130218505859375 52.80132293701171875 52.7904510498046875 52.781383514404296875 52.773281097412109375 52.764495849609375 52.75726318359375 52.74959564208984375 52.73853302001953125 52.725391387939453125 52.709911346435546875 52.691959381103515625 52.680267333984375 52.673336029052734375 52.66201019287109375 52.651012420654296875 52.64357757568359375 52.6372528076171875 52.632915496826171875 52.627315521240234375 52.61995697021484375 52.612934112548828125 52.605205535888671875 52.596172332763671875 -9999 -9999 -9999 -9999 -9999 -9999 -9999 -9999 -9999 -9999
52.90210723876953125 52.889461517333984375 52.88103485107421875 52.86871337890625 52.855472564697265625 52.8409881591796875 52.826969146728515625 52.816577911376953125 52.810199737548828125 52.80027008056640625 52.788997650146484375 52.77931976318359375 52.7703857421875 52.76120758056640625 52.7539215087890625 52.745723724365234375 52.733455657958984375 52.719593048095703125 52.704700469970703125 52.68938446044921875 52.679561614990234375 52.671844482421875 52.6602020263671875 52.64965057373046875 52.642223358154296875 52.635494232177734375 52.630718231201171875 52.624908447265625 52.617237091064453125 52.61038970947265625 52.602954864501953125 52.59444427490234375 -9999 -9999 -9999 -9999 -9999 -9999 -9999 -9999 -9999 -9999
52.900081634521484375 52.8879852294921875 52.879596710205078125 52.867061614990234375 52.85338592529296875 52.8385162353515625 52.82442474365234375 52.814426422119140625 52.808261871337890625 52.79805755615234375 52.78652191162109375 52.77610015869140625 52.76657867431640625 52.7568206787109375 52.74935150146484375 52.74073028564453125 52.727443695068359375 52.712764739990234375 52.69858551025390625 52.685825347900390625 52.678188323974609375 52.66945648193359375 52.65714263916015625 52.646541595458984375 52.6392059326171875 52.632335662841796875 52.6273956298828125 52.621562957763671875 52.614215850830078125 52.608318328857421875 52.601253509521484375 52.599269866943359375 -9999 -9999 -9999 -9999 -9999 -9999 -9999 -9999 -9999 -9999
52.8982696533203125 52.8871002197265625 52.87891387939453125 52.866119384765625 52.851505279541015625 52.835681915283203125 52.82126617431640625 52.811618804931640625 52.8056640625 52.795375823974609375 52.78353118896484375 52.772228240966796875 52.7621917724609375 52.751995086669921875 52.744312286376953125 52.73555755615234375 52.7217559814453125 52.7064208984375 52.69261932373046875 52.681133270263671875 52.674495697021484375 52.665798187255859375 52.653247833251953125 52.6419830322265625 52.63465118408203125 52.627925872802734375 52.623020172119140625 52.61742401123046875 52.610935211181640625 52.606334686279296875 52.598842620849609375 52.596508026123046875 -9999 -9999 -9999 -9999 -9999 -9999 -9999 -9999 -9999 -9999
52.89664459228515625 52.886501312255859375 52.8786468505859375 52.8656768798828125 52.850208282470703125 52.833461761474609375 52.818820953369140625 52.808868408203125 52.802722930908203125 52.792652130126953125 52.780399322509765625 52.768871307373046875 52.75882720947265625 52.748210906982421875 52.74037933349609375 52.731830596923828125 52.718532562255859375 52.703174591064453125 52.688751220703125 52.67716217041015625 52.6706695556640625 52.66202545166015625 52.649356842041015625 52.63751220703125 52.629848480224609375 52.6235504150390625 52.61893463134765625 52.613903045654296875 52.608089447021484375 52.6037750244140625 52.59515380859375 52.592395782470703125 -9999 -9999 -9999 -9999 -9999 -9999 -9999 -9999 -9999 -9999
52.894634246826171875 52.885425567626953125 52.877910614013671875 52.864871978759765625 52.84918975830078125 52.8321533203125 52.81658172607421875 52.80608367919921875 52.799869537353515625 52.789752960205078125 52.777393341064453125 52.766292572021484375 52.75618743896484375 52.745372772216796875 52.73755645751953125 52.729045867919921875 52.716449737548828125 52.701416015625 52.686229705810546875 52.6740264892578125 52.667407989501953125 52.658405303955078125 52.645481109619140625 52.633457183837890625 52.625537872314453125 52.619434356689453125 52.6151275634765625 52.61086273193359375 52.605587005615234375 52.60070037841796875 52.5913848876953125 52.5884857177734375 -9999 -9999 -9999 -9999 -9999 -9999 -9999 -9999 -9999 -9999
52.8925628662109375 52.88303375244140625 52.8757171630859375 52.862972259521484375 52.847675323486328125 52.830623626708984375 52.8146820068359375 52.804012298583984375 52.797771453857421875 52.78757476806640625 52.7752685546875 52.7642822265625 52.7540130615234375 52.743404388427734375 52.73574066162109375 52.727054595947265625 52.714385986328125 52.6993865966796875 52.68393707275390625 52.67156982421875 52.66469573974609375 52.655399322509765625 52.642547607421875 52.630786895751953125 52.622699737548828125 52.616001129150390625 52.611663818359375 52.60753631591796875 52.6029205322265625 52.5985107421875 52.590435028076171875 52.586597442626953125 -9999 -9999 -9999 -9999 -9999 -9999 -9999 -9999 -9999 -9999
52.890567779541015625 52.88036346435546875 52.872821807861328125 52.860431671142578125 52.845821380615234375 52.829044342041015625 52.81314849853515625 52.8021392822265625 52.795543670654296875 52.7854766845703125 52.773387908935546875 52.76222991943359375 52.752063751220703125 52.7414398193359375 52.73372650146484375 52.7252960205078125 52.712982177734375 52.697864532470703125 52.682125091552734375 52.6695098876953125 52.66254425048828125 52.653102874755859375 52.6403045654296875 52.628902435302734375 52.620265960693359375 52.612758636474609375 52.60802459716796875 52.60324859619140625 52.598026275634765625 52.595203399658203125 52.594390869140625 -9999 -9999 -9999 -9999 -9999 -9999 -9999 -9999 -9999 -9999 -9999
52.888538360595703125 52.878070831298828125 52.87017059326171875 52.85782623291015625 52.8435211181640625 52.8269805908203125 52.811130523681640625 52.800022125244140625 52.793300628662109375 52.7832183837890625 52.771148681640625 52.76010894775390625 52.7501373291015625 52.739776611328125 52.73193359375 52.7237091064453125 52.71207427978515625 52.697032928466796875 52.680477142333984375 52.667240142822265625 52.66001129150390625 52.65008544921875 52.636661529541015625 52.62519073486328125 52.616222381591796875 52.60805511474609375 52.602813720703125 52.597026824951171875 52.590709686279296875 52.588146209716796875 52.587772369384765625 -9999 -9999 -9999 -9999 -9999 -9999 -9999 -9999 -9999 -9999 -9999
52.88555908203125 52.874362945556640625 52.86606597900390625 52.853603363037109375 52.83968353271484375 52.823085784912109375 52.8071746826171875 52.796222686767578125 52.78961181640625 52.77954864501953125 52.767688751220703125 52.756877899169921875 52.746929168701171875 52.73670196533203125 52.729114532470703125 52.721324920654296875 52.7105865478515625 52.696075439453125 52.679046630859375 52.664981842041015625 52.65752410888671875 52.6472015380859375 52.6329193115234375 52.620941162109375 52.61145782470703125 52.6027069091796875 52.597087860107421875 52.59053802490234375 52.584316253662109375 52.58208465576171875 52.5818939208984375 -9999 -9999 -9999 -9999 -9999 -9999 -9999 -9999 -9999 -9999 -9999
52.88330841064453125 52.871280670166015625 52.862583160400390625 52.84970855712890625 52.83563995361328125 52.819232940673828125 52.80329132080078125 52.792263031005859375 52.78571319580078125 52.77590179443359375 52.76474761962890625 52.75394439697265625 52.74367523193359375 52.73308563232421875 52.725612640380859375 52.718349456787109375 52.707996368408203125 52.6940765380859375 52.67748260498046875 52.663204193115234375 52.655643463134765625 52.645175933837890625 52.63053131103515625 52.617950439453125 52.6079559326171875 52.598724365234375 52.592769622802734375 52.586505889892578125 52.58203887939453125 52.580471038818359375 52.57997894287109375 -9999 -9999 -9999 -9999 -9999 -9999 -9999 -9999 -9999 -9999 -9999
52.882717132568359375 52.87009429931640625 52.86119842529296875 52.84771728515625 52.83289337158203125 52.81699371337890625 52.800872802734375 52.78934478759765625 52.782733917236328125 52.773468017578125 52.76290130615234375 52.751964569091796875 52.741115570068359375 52.72979736328125 52.72217559814453125 52.71533966064453125 52.704799652099609375 52.691272735595703125 52.67555999755859375 52.66190338134765625 52.654422760009765625 52.643802642822265625 52.6289215087890625 52.615631103515625 52.605007171630859375 52.59523773193359375 52.589069366455078125 52.58386993408203125 52.581264495849609375 52.57985687255859375 52.578891754150390625 -9999 -9999 -9999 -9999 -9999 -9999 -9999 -9999 -9999 -9999 -9999
52.883411407470703125 52.870517730712890625 52.861301422119140625 52.8469085693359375 52.831478118896484375 52.81546783447265625 52.798954010009765625 52.78725433349609375 52.780666351318359375 52.771717071533203125 52.761203765869140625 52.7497711181640625 52.738346099853515625 52.726627349853515625 52.71900177001953125 52.7121124267578125 52.701282501220703125 52.688201904296875 52.67354583740234375 52.660614013671875 52.653072357177734375 52.642383575439453125 52.627269744873046875 52.613368988037109375 52.602275848388671875 52.592334747314453125 52.58580780029296875 52.581226348876953125 52.58001708984375 52.579204559326171875 52.578205108642578125 -9999 -9999 -9999 -9999 -9999 -9999 -9999 -9999 -9999 -9999 -9999
52.88665771484375 52.874485015869140625 52.8637542724609375 52.8470916748046875 52.8306427001953125 52.813816070556640625 52.797473907470703125 52.786220550537109375 52.7797088623046875 52.77060699462890625 52.759662628173828125 52.74794769287109375 52.736164093017578125 52.724720001220703125 52.717037200927734375 52.70864105224609375 52.697357177734375 52.6848297119140625 52.67125701904296875 52.658596038818359375 52.650997161865234375 52.640270233154296875 52.62530517578125 52.61118316650390625 52.599803924560546875 52.589763641357421875 52.58343505859375 52.578784942626953125 52.578830718994140625 52.579494476318359375 52.5789947509765625 -9999 -9999 -9999 -9999 -9999 -9999 -9999 -9999 -9999 -9999 -9999
52.888896942138671875 52.87667083740234375 52.864505767822265625 52.84590911865234375 52.8282928466796875 52.8113250732421875 52.795932769775390625 52.7852935791015625 52.778629302978515625 52.7687835693359375 52.757183074951171875 52.745067596435546875 52.73284912109375 52.723102569580078125 52.715488433837890625 52.704715728759765625 52.69271087646484375 52.68000030517578125 52.666957855224609375 52.654773712158203125 52.64727783203125 52.63671875 52.622097015380859375 52.607891082763671875 52.596805572509765625 52.58785247802734375 52.582630157470703125 52.57910919189453125 52.578754425048828125 52.578296661376953125 52.57763671875 -9999 -9999 -9999 -9999 -9999 -9999 -9999 -9999 -9999 -9999 -9999
