INPUT/RASTER/ASCII/BIO18.asc
ncols        225
nrows        269
xllcorner    473009.983799999987
yllcorner    4429051.174800000153
cellsize     50.000000000000
NODATA_value  -9999
[rows 220 to 239 of 269, columns 43 to 85 of 225]
23.4447479248046875 23.482151031494140625 23.53948211669921875 23.582111358642578125 23.641122817993164063 23.689161300659179688 23.70200347900390625 23.660783767700195313 23.424287796020507813 22.850910186767578125 22.043514251708984375 21.712095260620117188 21.79595184326171875 21.833820343017578125 21.775638580322265625 21.645742416381835938 21.40444183349609375 21.009710311889648438 20.687608718872070313 20.523807525634765625 20.325487136840820313 20.235317230224609375 20.212499618530273438 20.151330947875976563 20.091716766357421875 20.056005477905273438 20.019567489624023438 20.025714874267578125 20.127092361450195313 20.266338348388671875 20.302160263061523438 20.269939422607421875 20.173229217529296875 19.991701126098632813 19.865606307983398438 19.930459976196289063 20.052209854125976563 20.082159042358398438 20.055912017822265625 19.986114501953125 19.9472503662109375 20.015893936157226563 20.138132095336914063
23.4587554931640625 23.520318984985351563 23.554201126098632813 23.595062255859375 23.660097122192382813 23.696538925170898438 23.684696197509765625 23.603532791137695313 23.294969558715820313 22.714578628540039063 21.836400985717773438 21.36473846435546875 21.333644866943359375 21.333700180053710938 21.263887405395507813 21.158716201782226563 20.997228622436523438 20.71363067626953125 20.47723388671875 20.361291885375976563 20.21976470947265625 20.130970001220703125 20.095785140991210938 20.079174041748046875 20.065288543701171875 20.038942337036132813 19.984439849853515625 19.964117050170898438 20.006467819213867188 20.08121490478515625 20.109464645385742188 20.104434967041015625 20.05789947509765625 19.939535140991210938 19.848663330078125 19.893344879150390625 19.970703125 19.991834640502929688 19.982221603393554688 19.935964584350585938 19.9490509033203125 20.10832977294921875 20.331224441528320313
-9999 23.577030181884765625 23.592702865600585938 23.626638412475585938 23.666629791259765625 23.660068511962890625 23.60848236083984375 23.481250762939453125 23.130365371704101563 22.558889389038085938 21.656635284423828125 21.110528945922851563 20.991573333740234375 20.960443496704101563 20.8841400146484375 20.78511810302734375 20.674119949340820313 20.514665603637695313 20.392980575561523438 20.33441925048828125 20.242816925048828125 20.1533050537109375 20.107257843017578125 20.078838348388671875 20.06879425048828125 20.049467086791992188 19.9877166748046875 19.941265106201171875 19.941522598266601563 19.955049514770507813 19.930707931518554688 19.916408538818359375 19.902750015258789063 19.854305267333984375 19.818822860717773438 19.852630615234375 19.893222808837890625 19.907697677612304688 19.905565261840820313 19.893587112426757813 19.99973297119140625 20.283222198486328125 20.591281890869140625
23.587099075317382813 23.60101318359375 23.626712799072265625 23.652408599853515625 23.6497039794921875 23.580320358276367188 23.472852706909179688 23.2925872802734375 22.92261505126953125 22.393262863159179688 21.533391952514648438 20.984491348266601563 20.82260894775390625 20.771478652954101563 20.69615936279296875 20.634576797485351563 20.606044769287109375 20.560207366943359375 20.519969940185546875 20.488506317138671875 20.404737472534179688 20.309015274047851563 20.253164291381835938 20.175586700439453125 20.14749908447265625 20.142889022827148438 20.089296340942382813 19.999849319458007813 19.953535079956054688 19.950437545776367188 19.893512725830078125 19.847299575805664063 19.829576492309570313 19.801769256591796875 19.78270721435546875 19.798076629638671875 19.8299713134765625 19.845598220825195313 19.843410491943359375 19.851640701293945313 20.011829376220703125 20.358686447143554688 20.666629791259765625
23.573263168334960938 23.6078338623046875 23.645267486572265625 23.656085968017578125 23.605825424194335938 23.442922592163085938 23.25653839111328125 23.043247222900390625 22.686763763427734375 22.237028121948242188 21.486492156982421875 20.936353683471679688 20.758432388305664063 20.70855712890625 20.656597137451171875 20.67177581787109375 20.763055801391601563 20.8090667724609375 20.78850555419921875 20.754590988159179688 20.666379928588867188 20.56101226806640625 20.475057601928710938 20.364912033081054688 20.33864593505859375 20.346879959106445313 20.288671493530273438 20.123987197875976563 20.01219940185546875 20.016466140747070313 19.9657135009765625 19.899217605590820313 19.856058120727539063 19.796365737915039063 19.744903564453125 19.728672027587890625 19.74979400634765625 19.763509750366210938 19.760808944702148438 19.768720626831054688 19.875080108642578125 20.121664047241210938 20.349935531616210938
23.573993682861328125 23.627628326416015625 23.665540695190429688 23.657962799072265625 23.552572250366210938 23.243236541748046875 22.937353134155273438 22.709096908569335938 22.398550033569335938 22.09272003173828125 21.594320297241210938 20.987398147583007813 20.813936233520507813 20.8104705810546875 20.827205657958984375 20.96762847900390625 21.167196273803710938 21.247478485107421875 21.22229766845703125 21.192745208740234375 21.116041183471679688 20.956407546997070313 20.769426345825195313 20.600879669189453125 20.516286849975585938 20.493078231811523438 20.397733688354492188 20.144235610961914063 19.946294784545898438 19.924287796020507813 19.938098907470703125 19.939813613891601563 19.907367706298828125 19.806278228759765625 19.699193954467773438 19.660051345825195313 19.6581878662109375 19.661266326904296875 19.661739349365234375 19.669109344482421875 19.713748931884765625 19.814725875854492188 19.938846588134765625
23.588764190673828125 23.640071868896484375 23.673406600952148438 23.6575775146484375 23.514280319213867188 23.146503448486328125 22.8054351806640625 22.549974441528320313 22.23950958251953125 21.989728927612304688 21.60796356201171875 21.04123687744140625 20.900220870971679688 20.951856613159179688 21.056722640991210938 21.267910003662109375 21.482435226440429688 21.554967880249023438 21.54938507080078125 21.535242080688476563 21.45475006103515625 21.226932525634765625 20.938373565673828125 20.686979293823242188 20.532802581787109375 20.464630126953125 20.320323944091796875 20.061044692993164063 19.8457183837890625 19.76679229736328125 19.7965850830078125 19.857513427734375 19.85010528564453125 19.763744354248046875 19.65898895263671875 19.618638992309570313 19.60813140869140625 19.604907989501953125 19.600900650024414063 19.6050872802734375 19.624971389770507813 19.649982452392578125 19.701221466064453125
23.601696014404296875 23.65374755859375 23.6867828369140625 23.670267105102539063 23.522581100463867188 23.149656295776367188 22.798694610595703125 22.50972747802734375 22.183933258056640625 21.946079254150390625 21.59909820556640625 21.084987640380859375 20.964765548706054688 21.093219757080078125 21.286222457885742188 21.511030197143554688 21.6892547607421875 21.709758758544921875 21.667470932006835938 21.647893905639648438 21.561689376831054688 21.309774398803710938 20.976308822631835938 20.679838180541992188 20.4920501708984375 20.397670745849609375 20.227663040161132813 19.999637603759765625 19.810100555419921875 19.68573760986328125 19.670864105224609375 19.71781158447265625 19.730676651000976563 19.695613861083984375 19.629716873168945313 19.594583511352539063 19.579257965087890625 19.572813034057617188 19.568117141723632813 19.568775177001953125 19.577932357788085938 19.581956863403320313 19.59758758544921875
23.616838455200195313 23.669467926025390625 23.705120086669921875 23.695323944091796875 23.563966751098632813 23.198591232299804688 22.83348846435546875 22.526437759399414063 22.182378768920898438 21.945848464965820313 21.620862960815429688 21.159162521362304688 21.080839157104492188 21.28064727783203125 21.53630828857421875 21.747785568237304688 21.857759475708007813 21.773895263671875 21.624300003051757813 21.55511474609375 21.437999725341796875 21.206907272338867188 20.9053497314453125 20.63677978515625 20.455341339111328125 20.348247528076171875 20.165426254272460938 19.95233154296875 19.782440185546875 19.641126632690429688 19.577756881713867188 19.589494705200195313 19.6128387451171875 19.620767593383789063 19.597417831420898438 19.574672698974609375 19.55809783935546875 19.55028533935546875 19.547822952270507813 19.54726409912109375 19.553785324096679688 19.557992935180664063 19.561925888061523438
23.628168106079101563 23.677640914916992188 23.709154129028320313 23.705837249755859375 23.5927734375 23.243562698364257813 22.884044647216796875 22.574274063110351563 22.211368560791015625 21.9842681884765625 21.706792831420898438 21.319692611694335938 21.293981552124023438 21.534969329833984375 21.8104248046875 21.978380203247070313 21.984418869018554688 21.769435882568359375 21.496271133422851563 21.344182968139648438 21.16185760498046875 20.96753692626953125 20.736307144165039063 20.5398712158203125 20.389341354370117188 20.277606964111328125 20.08768463134765625 19.874706268310546875 19.71160125732421875 19.580572128295898438 19.50731658935546875 19.50251007080078125 19.523447036743164063 19.552137374877929688 19.561191558837890625 19.548358917236328125 19.542461395263671875 19.537603378295898438 19.529430389404296875 19.52968597412109375 19.533843994140625 19.535470962524414063 19.530752182006835938
23.641939163208007813 23.680685043334960938 23.699344635009765625 23.682283401489257813 23.559984207153320313 23.224466323852539063 22.89563751220703125 22.60675811767578125 22.271312713623046875 22.122539520263671875 21.967952728271484375 21.654420852661132813 21.611940383911132813 21.812435150146484375 22.037385940551757813 22.123992919921875 22.014400482177734375 21.678270339965820313 21.318960189819335938 21.105585098266601563 20.855306625366210938 20.671672821044921875 20.492130279541015625 20.323886871337890625 20.199983596801757813 20.107952117919921875 19.952205657958984375 19.760112762451171875 19.605709075927734375 19.512493133544921875 19.468984603881835938 19.464387893676757813 19.4735565185546875 19.500116348266601563 19.52408599853515625 19.522958755493164063 19.528125762939453125 19.529207229614257813 19.516389846801757813 19.504383087158203125 19.49770355224609375 19.496458053588867188 19.490461349487304688
23.647251129150390625 23.66698455810546875 23.666521072387695313 23.615514755249023438 23.449625015258789063 23.115411758422851563 22.825536727905273438 22.596675872802734375 22.386175155639648438 22.412443161010742188 22.485639572143554688 22.201202392578125 21.93353271484375 21.950511932373046875 22.036029815673828125 22.044576644897460938 21.884494781494140625 21.49956512451171875 21.098663330078125 20.842569351196289063 20.546291351318359375 20.358890533447265625 20.218730926513671875 20.050853729248046875 19.928974151611328125 19.863653182983398438 19.782827377319335938 19.656085968017578125 19.535657882690429688 19.477573394775390625 19.456020355224609375 19.446207046508789063 19.440456390380859375 19.444240570068359375 19.468860626220703125 19.49089813232421875 19.5091094970703125 19.515001296997070313 19.495248794555664063 19.462728500366210938 19.44840240478515625 19.449953079223632813 19.453327178955078125
23.651247024536132813 23.654720306396484375 23.630285263061523438 23.53993988037109375 23.317220687866210938 22.974302291870117188 22.71015167236328125 22.544046401977539063 22.489748001098632813 22.663257598876953125 22.864946365356445313 22.535493850708007813 22.021028518676757813 21.870080947875976563 21.830173492431640625 21.804445266723632813 21.688825607299804688 21.354990005493164063 20.934635162353515625 20.641162872314453125 20.315454483032226563 20.11377716064453125 19.9941558837890625 19.87351226806640625 19.750097274780273438 19.694105148315429688 19.655794143676757813 19.5756988525390625 19.493165969848632813 19.458181381225585938 19.443521499633789063 19.426977157592773438 19.409254074096679688 19.387792587280273438 19.394428253173828125 19.430688858032226563 19.472995758056640625 19.492052078247070313 19.46674346923828125 19.427858352661132813 19.419404983520507813 19.426027297973632813 19.434015274047851563
23.658044815063476563 23.656986236572265625 23.623487472534179688 23.507839202880859375 23.233974456787109375 22.873113632202148438 22.621974945068359375 22.473264694213867188 22.492864608764648438 22.713123321533203125 22.855787277221679688 22.44123077392578125 21.886201858520507813 21.712207794189453125 21.655673980712890625 21.627878189086914063 21.541124343872070313 21.253969192504882813 20.8264923095703125 20.52394866943359375 20.185522079467773438 19.966766357421875 19.83071136474609375 19.723514556884765625 19.614458084106445313 19.564861297607421875 19.537578582763671875 19.495990753173828125 19.45621490478515625 19.446455001831054688 19.434370040893554688 19.413236618041992188 19.38727569580078125 19.3521575927734375 19.343235015869140625 19.371553421020507813 19.417924880981445313 19.44390869140625 19.427564620971679688 19.395277023315429688 19.398973464965820313 19.414398193359375 19.42366790771484375
23.656373977661132813 23.65459442138671875 23.617547988891601563 23.483354568481445313 23.152240753173828125 22.778608322143554688 22.551095962524414063 22.349046707153320313 22.345806121826171875 22.540155410766601563 22.643316268920898438 22.193906784057617188 21.635976791381835938 21.469247817993164063 21.418262481689453125 21.400665283203125 21.316022872924804688 21.019090652465820313 20.606248855590820313 20.342706680297851563 20.038213729858398438 19.817892074584960938 19.677556991577148438 19.596981048583984375 19.529300689697265625 19.493021011352539063 19.458118438720703125 19.437480926513671875 19.437582015991210938 19.442167282104492188 19.428346633911132813 19.408590316772460938 19.379100799560546875 19.343893051147460938 19.328359603881835938 19.340732574462890625 19.36902618408203125 19.388521194458007813 19.391962051391601563 19.37713623046875 19.387706756591796875 19.408433914184570313 19.41873931884765625
23.650880813598632813 23.645450592041015625 23.60826873779296875 23.4580230712890625 23.08968353271484375 22.712671279907226563 22.503376007080078125 22.244541168212890625 22.137723922729492188 22.216815948486328125 22.264467239379882813 21.830656051635742188 21.303812026977539063 21.1413421630859375 21.10227203369140625 21.100698471069335938 20.999950408935546875 20.676275253295898438 20.317758560180664063 20.116849899291992188 19.880140304565429688 19.69864654541015625 19.58028411865234375 19.522556304931640625 19.490224838256835938 19.471227645874023438 19.445589065551757813 19.436260223388671875 19.453216552734375 19.463779449462890625 19.45220947265625 19.42724609375 19.385112762451171875 19.346706390380859375 19.326227188110351563 19.331478118896484375 19.345914840698242188 19.359865188598632813 19.37555694580078125 19.377170562744140625 19.385156631469726563 19.397531509399414063 19.407846450805664063
23.645360946655273438 23.640333175659179688 23.599756240844726563 23.440471649169921875 23.076284408569335938 22.717767715454101563 22.534580230712890625 22.26824188232421875 22.045652389526367188 21.95340728759765625 21.88483428955078125 21.508502960205078125 21.061536788940429688 20.772884368896484375 20.702455520629882813 20.705595016479492188 20.603664398193359375 20.317514419555664063 20.052968978881835938 19.921689987182617188 19.783580780029296875 19.674398422241210938 19.576168060302734375 19.520875930786132813 19.496450424194335938 19.485536575317382813 19.472171783447265625 19.472217559814453125 19.503299713134765625 19.539346694946289063 19.534563064575195313 19.483789443969726563 19.405292510986328125 19.347993850708007813 19.322900772094726563 19.32647705078125 19.3349761962890625 19.346002578735351563 19.364923477172851563 19.376995086669921875 19.379621505737304688 19.37262725830078125 19.373701095581054688
23.644878387451171875 23.640111923217773438 23.603040695190429688 23.455127716064453125 23.130811691284179688 22.816619873046875 22.675691604614257813 22.41001129150390625 22.057506561279296875 21.77838134765625 21.559110641479492188 21.316209793090820313 21.025852203369140625 20.40518951416015625 20.234075546264648438 20.220766067504882813 20.129388809204101563 19.946512222290039063 19.82460784912109375 19.799043655395507813 19.827672958374023438 19.820100784301757813 19.696651458740234375 19.59813690185546875 19.553964614868164063 19.540431976318359375 19.5310821533203125 19.53234100341796875 19.56574249267578125 19.615324020385742188 19.609853744506835938 19.537168502807617188 19.421102523803710938 19.342340469360351563 19.317111968994140625 19.322038650512695313 19.328777313232421875 19.33355712890625 19.341497421264648438 19.35700225830078125 19.363569259643554688 19.331174850463867188 19.300815582275390625
-9999 23.654827117919921875 23.629693984985351563 23.520658493041992188 23.268571853637695313 23.002874374389648438 22.826196670532226563 22.485759735107421875 22.064434051513671875 21.711589813232421875 21.4245147705078125 21.193792343139648438 20.934278488159179688 20.192888259887695313 19.980588912963867188 19.951292037963867188 19.8871307373046875 19.814188003540039063 19.784214019775390625 19.850988388061523438 20.042032241821289063 20.112140655517578125 19.913440704345703125 19.72652435302734375 19.647798538208007813 19.62592315673828125 19.600362777709960938 19.57639312744140625 19.566631317138671875 19.533815383911132813 19.489198684692382813 19.434003829956054688 19.36054229736328125 19.319087982177734375 19.311981201171875 19.320363998413085938 19.32315826416015625 19.318742752075195313 19.3036651611328125 19.30753326416015625 19.3227691650390625 19.292406082153320313 19.251712799072265625
-9999 23.664476394653320313 23.638315200805664063 23.555448532104492188 23.354001998901367188 23.099409103393554688 22.886333465576171875 22.503942489624023438 22.072351455688476563 21.720109939575195313 21.42746734619140625 21.171590805053710938 20.885660171508789063 20.141626358032226563 19.947149276733398438 19.957181930541992188 19.961008071899414063 19.934453964233398438 19.917955398559570313 20.005674362182617188 20.24279022216796875 20.320880889892578125 20.048076629638671875 19.792400360107421875 19.694047927856445313 19.664640426635742188 19.6222991943359375 19.582590103149414063 19.539319992065429688 19.451568603515625 19.379617691040039063 19.34052276611328125 19.314180374145507813 19.319530487060546875 19.328783035278320313 19.33907318115234375 19.3316192626953125 19.316293716430664063 19.270696640014648438 19.247905731201171875 19.265506744384765625 19.256216049194335938 19.235454559326171875
