INPUT/RASTER/ASCII/BIO13.asc
ncols        225
nrows        269
xllcorner    473009.983799999987
yllcorner    4429051.174800000153
cellsize     50.000000000000
NODATA_value -9999
[rows 38 to 56 of 269, columns 43 to 85 of 225]
116.2960968017578125 116.30680084228515625 116.25775146484375 116.18602752685546875 116.1054534912109375 116.02313995361328125 115.95583343505859375 115.8767547607421875 115.84537506103515625 115.8309326171875 115.78399658203125 115.74594879150390625 115.7310638427734375 115.72829437255859375 115.7338714599609375 115.73715972900390625 115.714111328125 115.640167236328125 115.57012176513671875 115.47046661376953125 115.37359619140625 115.2598419189453125 115.14960479736328125 115.05899810791015625 115.01287841796875 114.9703826904296875 115.077545166015625 115.58908843994140625 116.45110321044921875 116.579071044921875 116.63393402099609375 116.7688446044921875 116.8369598388671875 116.77867889404296875 116.659912109375 116.59084320068359375 116.54627227783203125 116.47013092041015625 116.3337554931640625 116.13651275634765625 115.9803466796875 115.91371917724609375 115.93463897705078125
116.215057373046875 116.2145843505859375 116.16408538818359375 116.09084320068359375 116.01241302490234375 115.923675537109375 115.84336090087890625 115.75399017333984375 115.7245635986328125 115.705078125 115.6673736572265625 115.64434814453125 115.64196014404296875 115.6530303955078125 115.6641845703125 115.6766815185546875 115.67766571044921875 115.63297271728515625 115.57353973388671875 115.4714813232421875 115.37601470947265625 115.25920867919921875 115.1445465087890625 115.28028106689453125 115.44106292724609375 115.45090484619140625 115.836639404296875 116.16179656982421875 116.2774810791015625 116.26853179931640625 116.398223876953125 116.63690948486328125 116.71697998046875 116.67583465576171875 116.61833953857421875 116.561370849609375 116.515899658203125 116.43700408935546875 116.27873992919921875 116.06232452392578125 115.93793487548828125 115.95238494873046875 116.0196990966796875
116.16429901123046875 116.14672088623046875 116.084136962890625 115.999359130859375 115.9066009521484375 115.8197021484375 115.74571990966796875 115.6630706787109375 115.62604522705078125 115.5952606201171875 115.56600189208984375 115.55574798583984375 115.5756683349609375 115.6047210693359375 115.6237640380859375 115.63555908203125 115.6396484375 115.601470947265625 115.54883575439453125 115.460113525390625 115.36646270751953125 115.24718475341796875 115.32999420166015625 115.91684722900390625 116.279052734375 116.28340911865234375 116.29792022705078125 116.29290008544921875 116.24465179443359375 116.2130126953125 116.26465606689453125 116.4070587158203125 116.548065185546875 116.61800384521484375 116.6015167236328125 116.5500946044921875 116.50406646728515625 116.42169189453125 116.265289306640625 116.05261993408203125 115.94124603271484375 115.981842041015625 116.0658416748046875
116.12096405029296875 116.08306884765625 116.00844573974609375 115.90999603271484375 115.80721282958984375 115.719390869140625 115.656005859375 115.58209991455078125 115.5349273681640625 115.49609375 115.46796417236328125 115.46282958984375 115.4985504150390625 115.5429840087890625 115.57039642333984375 115.58649444580078125 115.58733367919921875 115.55335235595703125 115.50765228271484375 115.42887115478515625 115.33327484130859375 115.25737762451171875 115.78054046630859375 116.3386688232421875 116.441802978515625 116.4104156494140625 116.350860595703125 116.294769287109375 116.24524688720703125 116.21920013427734375 116.2553558349609375 116.35730743408203125 116.45096588134765625 116.5562591552734375 116.59044647216796875 116.5476226806640625 116.5001983642578125 116.42833709716796875 116.3062286376953125 116.10467529296875 115.94904327392578125 115.94864654541015625 116.0156097412109375
116.04570770263671875 116.01274871826171875 115.93529510498046875 115.82456207275390625 115.712371826171875 115.6237640380859375 115.56757354736328125 115.50424957275390625 115.45858001708984375 115.4163360595703125 115.38463592529296875 115.37787628173828125 115.4080352783203125 115.45246124267578125 115.4969635009765625 115.5269012451171875 115.528106689453125 115.49655914306640625 115.4557952880859375 115.3806610107421875 115.2826995849609375 115.3225555419921875 116.1916961669921875 116.4658203125 116.43707275390625 116.38835906982421875 116.32761383056640625 116.27654266357421875 116.23682403564453125 116.221405029296875 116.25766754150390625 116.3493499755859375 116.39333343505859375 116.46126556396484375 116.55042266845703125 116.539764404296875 116.49462127685546875 116.43236541748046875 116.3357086181640625 116.14693450927734375 115.9415283203125 115.86632537841796875 115.8979644775390625
115.85715484619140625 115.88452911376953125 115.82852935791015625 115.71579742431640625 115.60166168212890625 115.5287628173828125 115.4785308837890625 115.43508148193359375 115.40657806396484375 115.3777618408203125 115.34935760498046875 115.34308624267578125 115.34423065185546875 115.3586273193359375 115.40509033203125 115.45043182373046875 115.4597625732421875 115.428253173828125 115.393157958984375 115.32288360595703125 115.224151611328125 115.60370635986328125 116.35733795166015625 116.45534515380859375 116.40711212158203125 116.33824920654296875 116.26615142822265625 116.21680450439453125 116.20568084716796875 116.22209930419921875 116.2587432861328125 116.3318023681640625 116.3687744140625 116.36733245849609375 116.4424285888671875 116.50606536865234375 116.4878997802734375 116.42386627197265625 116.30572509765625 116.13349151611328125 115.91152191162109375 115.754730224609375 115.74436187744140625
115.6621551513671875 115.73346710205078125 115.70096588134765625 115.6031951904296875 115.50499725341796875 115.45717620849609375 115.4162139892578125 115.3916473388671875 115.38053131103515625 115.37474822998046875 115.35874176025390625 115.35605621337890625 115.34273529052734375 115.3253936767578125 115.34156036376953125 115.38199615478515625 115.40076446533203125 115.38613128662109375 115.35693359375 115.288970947265625 115.2592926025390625 116.0084075927734375 116.4720916748046875 116.4351654052734375 116.3709716796875 116.279052734375 116.19788360595703125 116.141754150390625 116.1566619873046875 116.21209716796875 116.2587432861328125 116.3197784423828125 116.35573577880859375 116.3458404541015625 116.335693359375 116.41790008544921875 116.45876312255859375 116.4051513671875 116.24756622314453125 116.08971405029296875 115.9072113037109375 115.72034454345703125 115.65825653076171875
115.57694244384765625 115.62645721435546875 115.59641265869140625 115.5229034423828125 115.44843292236328125 115.41233062744140625 115.38013458251953125 115.364288330078125 115.3626556396484375 115.36676025390625 115.35683441162109375 115.34682464599609375 115.34087371826171875 115.32459259033203125 115.3237152099609375 115.3491058349609375 115.37347412109375 115.38585662841796875 115.36324310302734375 115.29669952392578125 115.5551300048828125 116.29659271240234375 116.50040435791015625 116.43074798583984375 116.3537139892578125 116.25093841552734375 116.16271209716796875 116.09841156005859375 116.1156158447265625 116.19452667236328125 116.2506866455078125 116.3094329833984375 116.3443145751953125 116.34712982177734375 116.32369232177734375 116.3254852294921875 116.36635589599609375 116.35309600830078125 116.1878509521484375 116.035247802734375 115.89055633544921875 115.7180633544921875 115.6268463134765625
115.476348876953125 115.49868011474609375 115.4737701416015625 115.42901611328125 115.38513946533203125 115.36258697509765625 115.336669921875 115.3263702392578125 115.34117889404296875 115.3534698486328125 115.35372161865234375 115.34087371826171875 115.32846832275390625 115.3157196044921875 115.3052825927734375 115.32828521728515625 115.368194580078125 115.39373779296875 115.38100433349609375 115.377105712890625 115.892181396484375 116.5477447509765625 116.52869415283203125 116.42276763916015625 116.3433685302734375 116.23455810546875 116.14092254638671875 116.07649993896484375 116.09056854248046875 116.16954803466796875 116.22735595703125 116.2914276123046875 116.3310699462890625 116.347686767578125 116.3370361328125 116.2913055419921875 116.26380157470703125 116.2421722412109375 116.1294097900390625 115.9952239990234375 115.85822296142578125 115.71213531494140625 115.62380218505859375
115.34592437744140625 115.34731292724609375 115.3280181884765625 115.30722808837890625 115.30242156982421875 115.302337646484375 115.29254150390625 115.29644775390625 115.3295440673828125 115.3525390625 115.359954833984375 115.3486175537109375 115.32440948486328125 115.297119140625 115.28845977783203125 115.32782745361328125 115.39127349853515625 115.42287445068359375 115.42288970947265625 115.65003204345703125 116.35112762451171875 116.69420623779296875 116.55178070068359375 116.43230438232421875 116.349945068359375 116.23133087158203125 116.121917724609375 116.05327606201171875 116.05686187744140625 116.1174468994140625 116.17922210693359375 116.2625274658203125 116.3163909912109375 116.339996337890625 116.3270111083984375 116.26493072509765625 116.20296478271484375 116.1101837158203125 116.05417633056640625 115.9702911376953125 115.84148406982421875 115.72005462646484375 115.64153289794921875
115.23227691650390625 115.22071075439453125 115.1994171142578125 115.1934356689453125 115.24234771728515625 115.2745819091796875 115.2781524658203125 115.290771484375 115.33618927001953125 115.3697357177734375 115.377716064453125 115.36760711669921875 115.34185791015625 115.30747222900390625 115.312713623046875 115.3678741455078125 115.436004638671875 115.47557830810546875 115.53151702880859375 115.9863739013671875 116.695220947265625 116.800384521484375 116.574493408203125 116.44933319091796875 116.365997314453125 116.23992156982421875 116.1183013916015625 116.04233551025390625 116.029632568359375 116.06954193115234375 116.12999725341796875 116.21697235107421875 116.27837371826171875 116.30562591552734375 116.2618560791015625 116.1549224853515625 116.073822021484375 115.9644012451171875 115.93210601806640625 115.897857666015625 115.8321380615234375 115.7431640625 115.671295166015625
115.165191650390625 115.14771270751953125 115.13349151611328125 115.149139404296875 115.23828125 115.29331207275390625 115.3098602294921875 115.32517242431640625 115.36797332763671875 115.40729522705078125 115.411895751953125 115.40192413330078125 115.37938690185546875 115.35489654541015625 115.37868499755859375 115.43647003173828125 115.49398040771484375 115.5322723388671875 115.7112884521484375 116.414306640625 116.92804718017578125 116.84453582763671875 116.5852508544921875 116.4554595947265625 116.3795928955078125 116.2499847412109375 116.1233673095703125 116.05644989013671875 116.03958892822265625 116.0537261962890625 116.091644287109375 116.152008056640625 116.2039642333984375 116.22647857666015625 116.13623046875 115.9697723388671875 115.871612548828125 115.792144775390625 115.745697021484375 115.74505615234375 115.7926177978515625 115.76485443115234375 115.6977996826171875
115.13465118408203125 115.1318511962890625 115.13582611083984375 115.176544189453125 115.27204132080078125 115.3256683349609375 115.34914398193359375 115.3661346435546875 115.405303955078125 115.4494476318359375 115.445556640625 115.42725372314453125 115.4066925048828125 115.40496063232421875 115.4443817138671875 115.499725341796875 115.54076385498046875 115.58336639404296875 115.9322662353515625 116.7118682861328125 117.0220489501953125 116.84119415283203125 116.56986236572265625 116.44490814208984375 116.37758636474609375 116.2434844970703125 116.11711883544921875 116.07068634033203125 116.05435943603515625 116.053802490234375 116.0633087158203125 116.0900421142578125 116.1304779052734375 116.139190673828125 116.0328216552734375 115.84527587890625 115.73636627197265625 115.6688232421875 115.62563323974609375 115.62836456298828125 115.69571685791015625 115.74008941650390625 115.6931304931640625
115.13704681396484375 115.1543731689453125 115.176849365234375 115.22911834716796875 115.309295654296875 115.34757232666015625 115.35976409912109375 115.37090301513671875 115.40985107421875 115.45610809326171875 115.4506988525390625 115.4293670654296875 115.40932464599609375 115.4183197021484375 115.4638824462890625 115.5179595947265625 115.55524444580078125 115.6632537841796875 116.2729949951171875 116.96416473388671875 117.00701904296875 116.7944793701171875 116.541473388671875 116.4285430908203125 116.3556671142578125 116.22394561767578125 116.1070404052734375 116.0708770751953125 116.0546112060546875 116.04351043701171875 116.02513885498046875 116.01723480224609375 116.04882049560546875 116.05745697021484375 115.95526123046875 115.777679443359375 115.6713409423828125 115.60699462890625 115.5817108154296875 115.5723419189453125 115.5695648193359375 115.61672210693359375 115.61330413818359375
115.15599822998046875 115.19149017333984375 115.222137451171875 115.273468017578125 115.33319854736328125 115.3571014404296875 115.35088348388671875 115.34650421142578125 115.3748626708984375 115.4208526611328125 115.4261627197265625 115.410064697265625 115.39038848876953125 115.40146636962890625 115.455657958984375 115.5174713134765625 115.58255767822265625 116.00533294677734375 116.5894317626953125 117.015960693359375 116.96334075927734375 116.7459869384765625 116.5168304443359375 116.4148406982421875 116.33873748779296875 116.21398162841796875 116.113677978515625 116.072052001953125 116.05130767822265625 116.0329437255859375 115.987762451171875 115.9250335693359375 115.93193817138671875 115.94964599609375 115.8754119873046875 115.7326812744140625 115.64862823486328125 115.58953857421875 115.5586700439453125 115.5316162109375 115.48053741455078125 115.42430877685546875 115.4381866455078125
115.1871185302734375 115.23497772216796875 115.262603759765625 115.3033599853515625 115.34061431884765625 115.35105133056640625 115.3394927978515625 115.31729888916015625 115.322784423828125 115.36919403076171875 115.3962860107421875 115.3946533203125 115.37697601318359375 115.37933349609375 115.4313507080078125 115.5015106201171875 115.65677642822265625 116.42952728271484375 117.0042266845703125 117.036163330078125 116.9456024169921875 116.74530029296875 116.53331756591796875 116.4313201904296875 116.35123443603515625 116.2295684814453125 116.13503265380859375 116.07373809814453125 116.03759765625 116.01462554931640625 115.9433135986328125 115.83203887939453125 115.81772613525390625 115.8379058837890625 115.78842926025390625 115.6883544921875 115.62694549560546875 115.5766448974609375 115.54537200927734375 115.50457763671875 115.43286895751953125 115.3576202392578125 115.3349609375
115.22411346435546875 115.270721435546875 115.295257568359375 115.32342529296875 115.35195159912109375 115.35753631591796875 115.34093475341796875 115.31348419189453125 115.3054046630859375 115.344390869140625 115.378997802734375 115.38906097412109375 115.3826141357421875 115.377410888671875 115.41704559326171875 115.48389434814453125 115.960693359375 116.55389404296875 117.01611328125 117.01892852783203125 116.9327239990234375 116.75356292724609375 116.55223846435546875 116.4471435546875 116.36565399169921875 116.24239349365234375 116.13811492919921875 116.05741119384765625 115.99132537841796875 115.9359588623046875 115.84247589111328125 115.72364044189453125 115.7060546875 115.728607177734375 115.70104217529296875 115.63027191162109375 115.58344268798828125 115.5421142578125 115.51915740966796875 115.48675537109375 115.4073638916015625 115.3316192626953125 115.26345062255859375
115.24861907958984375 115.2924346923828125 115.3253173828125 115.36562347412109375 115.41350555419921875 115.42728424072265625 115.41759490966796875 115.3904876708984375 115.37090301513671875 115.3876495361328125 115.40909576416015625 115.42005157470703125 115.4338836669921875 115.4436187744140625 115.470703125 115.5628814697265625 116.37615203857421875 116.9724273681640625 117.05339813232421875 117.0084686279296875 116.91436767578125 116.738433837890625 116.5406951904296875 116.43410491943359375 116.3538055419921875 116.2390899658203125 116.13465118408203125 116.03638458251953125 115.93753814697265625 115.84294891357421875 115.74387359619140625 115.63277435302734375 115.59574127197265625 115.59433746337890625 115.5785369873046875 115.53790283203125 115.5009307861328125 115.4638824462890625 115.4593353271484375 115.44879913330078125 115.3806304931640625 115.3128509521484375 115.24431610107421875
115.27385711669921875 115.31512451171875 115.3706817626953125 115.4405517578125 115.52020263671875 115.55052947998046875 115.54744720458984375 115.5166473388671875 115.48752593994140625 115.48628997802734375 115.498779296875 115.51421356201171875 115.54811859130859375 115.57907867431640625 115.5883941650390625 115.90606689453125 116.7113800048828125 117.05855560302734375 117.03711700439453125 116.98004913330078125 116.88118743896484375 116.69635772705078125 116.480194091796875 116.3698272705078125 116.30226898193359375 116.2117462158203125 116.12699127197265625 116.035888671875 115.92755889892578125 115.82543182373046875 115.73709869384765625 115.6162567138671875 115.5334320068359375 115.48455810546875 115.4608612060546875 115.43729400634765625 115.40247344970703125 115.35984039306640625 115.365081787109375 115.378265380859375 115.33870697021484375 115.28322601318359375 115.23099517822265625
