INPUT/RASTER/ASCII/BIO19.asc
ncols        225
nrows        269
xllcorner    473009.983799999987
yllcorner    4429051.174800000153
cellsize     50.000000000000
NODATA_value  -9999
[rows 200 to 219 of 269, columns 90 to 134 of 225]
207.7053070068359375 207.0283660888671875 205.4667816162109375 204.1085662841796875 202.679443359375 201.067535400390625 199.774871826171875 198.3747406005859375 197.1025238037109375 195.7189788818359375 194.64959716796875 192.9054412841796875 193.461395263671875 198.2322845458984375 199.85614013671875 199.7255401611328125 199.46923828125 199.363037109375 197.261474609375 194.7134246826171875 196.48223876953125 201.858642578125 203.8849334716796875 198.68194580078125 193.8618316650390625 194.34259033203125 195.2744598388671875 195.0724639892578125 194.4978179931640625 195.970458984375 195.4105682373046875 190.5086517333984375 188.7349395751953125 189.06317138671875 189.530364990234375 189.541900634765625 189.215484619140625 189.51226806640625 190.48333740234375 191.9165496826171875 193.19769287109375 194.7231903076171875 197.0561065673828125 199.857452392578125 202.66595458984375
206.331207275390625 206.315093994140625 204.8037109375 202.986175537109375 200.881500244140625 198.64447021484375 197.317108154296875 196.182586669921875 195.1508331298828125 194.173797607421875 193.5073394775390625 192.30181884765625 194.214752197265625 201.37152099609375 203.4248199462890625 203.399993896484375 203.272064208984375 203.4140777587890625 202.2346343994140625 200.54949951171875 201.6850738525390625 203.3109283447265625 203.34600830078125 199.1959075927734375 194.455413818359375 194.4652252197265625 195.230499267578125 194.9492950439453125 195.36865234375 199.9929351806640625 200.9142608642578125 193.3916168212890625 188.50775146484375 188.4237518310546875 189.22296142578125 189.4935760498046875 189.516448974609375 189.959320068359375 190.88519287109375 192.076019287109375 193.137786865234375 194.5694122314453125 196.7798309326171875 199.3682708740234375 202.078643798828125
204.683380126953125 205.052001953125 204.10284423828125 202.667755126953125 200.6787261962890625 198.068878173828125 196.16461181640625 194.7525177001953125 193.6951141357421875 192.919281005859375 192.4855499267578125 191.7667388916015625 194.1103668212890625 201.0079193115234375 202.633148193359375 202.58538818359375 202.5386810302734375 202.744140625 203.28936767578125 203.6298980712890625 203.3766021728515625 202.8445587158203125 202.9423980712890625 201.674652099609375 197.2847747802734375 195.775848388671875 196.1058502197265625 195.726104736328125 196.6966552734375 201.7664337158203125 203.0758819580078125 198.049407958984375 190.2644805908203125 188.4305267333984375 189.105499267578125 189.44891357421875 189.5759429931640625 190.0140533447265625 190.8998565673828125 191.9266815185546875 192.821502685546875 194.153045654296875 196.2323760986328125 198.602691650390625 201.03985595703125
203.0176239013671875 203.3791656494140625 202.850341796875 201.8730926513671875 200.283905029296875 197.6698455810546875 195.3450164794921875 193.6049346923828125 192.449432373046875 191.8602142333984375 191.66265869140625 191.7454986572265625 195.1391754150390625 201.1277618408203125 202.06146240234375 201.9434661865234375 201.955810546875 202.1528167724609375 202.4122772216796875 202.36590576171875 202.096038818359375 201.932769775390625 202.3448638916015625 203.2769317626953125 202.584808349609375 202.2447509765625 202.37738037109375 202.020660400390625 202.023193359375 203.1064300537109375 202.5553436279296875 200.580322265625 195.04864501953125 189.69805908203125 188.7543487548828125 189.004241943359375 189.2624359130859375 189.7404022216796875 190.5084381103515625 191.400299072265625 192.22406005859375 193.5533294677734375 195.600616455078125 197.88134765625 200.20050048828125
201.351776123046875 201.4263916015625 201.093017578125 200.5264739990234375 199.3285980224609375 196.906951904296875 194.6155548095703125 192.8595733642578125 191.582977294921875 191.081634521484375 191.4603271484375 194.0141143798828125 199.4759979248046875 202.04669189453125 201.6408233642578125 201.4351806640625 201.4932708740234375 201.7763824462890625 201.9093780517578125 201.4800567626953125 200.985382080078125 201.0268096923828125 201.49859619140625 202.484527587890625 203.1517486572265625 203.540985107421875 203.6241607666015625 203.4181671142578125 203.13555908203125 202.6519927978515625 201.5980072021484375 200.8829193115234375 199.6326904296875 195.249298095703125 191.727569580078125 189.7493743896484375 189.2570648193359375 189.486358642578125 190.1245574951171875 191.006805419921875 191.8079986572265625 193.1581878662109375 195.1753082275390625 197.4240570068359375 199.8013153076171875
200.04754638671875 199.800567626953125 199.4901275634765625 199.121551513671875 198.0747222900390625 195.6956939697265625 193.6849822998046875 192.2600860595703125 191.0687713623046875 191.0361175537109375 194.4354095458984375 198.57257080078125 202.0090179443359375 201.962677001953125 201.2090301513671875 200.926239013671875 201.0406341552734375 201.42291259765625 201.495758056640625 200.9157867431640625 200.24639892578125 200.1732940673828125 200.4633331298828125 200.988922119140625 201.3345947265625 201.5062255859375 201.572174072265625 201.55621337890625 201.4482421875 201.2111663818359375 200.96502685546875 201.461273193359375 202.3443450927734375 201.822113037109375 199.356842041015625 194.9676055908203125 191.40411376953125 189.8939208984375 190.1945343017578125 191.2233123779296875 192.1219024658203125 193.409454345703125 195.287109375 197.43890380859375 199.83380126953125
199.489715576171875 199.1273651123046875 198.7223663330078125 198.3290863037109375 197.263519287109375 194.9463043212890625 193.2052001953125 192.10101318359375 191.099273681640625 191.4416351318359375 197.311431884765625 201.3875274658203125 202.1103515625 201.4618377685546875 200.7403106689453125 200.37939453125 200.5172576904296875 200.9464263916015625 201.003265380859375 200.39080810546875 199.7036895751953125 199.514801025390625 199.6160888671875 199.824737548828125 199.9190216064453125 199.9947967529296875 200.1693267822265625 200.4008331298828125 200.5081634521484375 200.747283935546875 201.290069580078125 202.4031524658203125 203.7847747802734375 204.446380615234375 204.0195770263671875 202.1598663330078125 196.63592529296875 191.6036376953125 190.5620269775390625 191.558868408203125 192.635467529296875 193.9429779052734375 195.7654266357421875 197.7691802978515625 200.0104522705078125
199.5641326904296875 199.35162353515625 198.8723907470703125 198.36285400390625 197.3449859619140625 195.4199371337890625 193.859527587890625 192.764495849609375 191.7962188720703125 191.5822906494140625 194.8745269775390625 200.070159912109375 201.436676025390625 201.1753692626953125 200.6936492919921875 200.2168426513671875 200.156768798828125 200.2989044189453125 200.2615966796875 199.708587646484375 199.28271484375 199.3288116455078125 199.4699554443359375 199.6573028564453125 199.7394866943359375 199.901336669921875 200.2855377197265625 200.7853851318359375 201.1597900390625 201.7545013427734375 201.2536468505859375 200.8387908935546875 201.86639404296875 202.382293701171875 202.449310302734375 203.722137451171875 201.98846435546875 195.24090576171875 191.3801116943359375 191.6431121826171875 192.806365966796875 194.2274169921875 196.0756072998046875 197.9384307861328125 200.016876220703125
200.115875244140625 200.142578125 199.67022705078125 199.108734130859375 198.24462890625 196.70587158203125 195.2478485107421875 194.0610198974609375 192.99481201171875 192.375030517578125 192.39666748046875 195.01568603515625 197.133453369140625 199.41357421875 201.1682281494140625 200.554107666015625 200.022491455078125 199.4954071044921875 199.250396728515625 199.024169921875 199.233245849609375 199.8369293212890625 200.2267608642578125 200.62896728515625 200.842803955078125 201.120849609375 201.701385498046875 202.5083770751953125 203.080963134765625 202.493438720703125 198.3743896484375 195.6110382080078125 196.052825927734375 196.3057861328125 196.1624755859375 198.8537139892578125 201.8497314453125 200.4720611572265625 194.4263153076171875 192.0196380615234375 192.7879791259765625 194.3220672607421875 196.1841888427734375 197.886627197265625 199.827056884765625
200.7105865478515625 200.86785888671875 200.3392181396484375 199.8609466552734375 199.294677734375 198.0967864990234375 196.719635009765625 195.4884033203125 194.2646942138671875 193.452239990234375 192.434173583984375 191.3734893798828125 190.9755096435546875 196.6268768310546875 201.6053924560546875 201.0272674560546875 200.1780242919921875 199.1198883056640625 198.5639801025390625 198.750701904296875 199.755157470703125 200.981964111328125 201.6609649658203125 202.294891357421875 202.5961761474609375 202.886871337890625 202.8922119140625 203.5023345947265625 203.490325927734375 199.7962493896484375 195.92828369140625 196.0810699462890625 196.92266845703125 197.043304443359375 196.73602294921875 195.92236328125 196.364532470703125 201.1989593505859375 200.0261383056640625 194.1763153076171875 192.946807861328125 194.210845947265625 196.010284423828125 197.6754150390625 199.4106292724609375
200.818817138671875 201.1315460205078125 200.61181640625 200.1915435791015625 199.7909698486328125 198.89752197265625 197.7056121826171875 196.5469512939453125 195.1683807373046875 194.1116943359375 192.8077850341796875 191.641143798828125 192.640869140625 198.909393310546875 201.8965911865234375 201.0855865478515625 200.21295166015625 198.9968414306640625 198.185394287109375 198.6120452880859375 200.330078125 202.1737060546875 202.7481231689453125 202.81591796875 203.032501220703125 203.1751861572265625 200.1054229736328125 199.06317138671875 198.8564300537109375 196.589019775390625 196.162506103515625 197.412689208984375 198.458709716796875 198.6610260009765625 198.3535003662109375 197.5669708251953125 196.515045166015625 198.144683837890625 202.1357269287109375 198.1890106201171875 193.7857208251953125 194.22100830078125 195.7648468017578125 197.3637847900390625 198.9489898681640625
199.8486480712890625 200.569915771484375 200.33123779296875 199.926422119140625 199.398895263671875 198.6060333251953125 197.6770477294921875 196.684722900390625 195.3053131103515625 194.1704559326171875 192.7407073974609375 191.5928497314453125 193.8180084228515625 200.035888671875 201.2312164306640625 201.091949462890625 200.21795654296875 198.6942596435546875 197.84454345703125 198.559478759765625 200.72705078125 202.9846038818359375 201.8315582275390625 198.3402252197265625 198.29022216796875 198.30224609375 195.4782867431640625 194.544677734375 195.091644287109375 195.932373046875 197.1284637451171875 198.5111846923828125 199.69232177734375 200.040069580078125 199.9965057373046875 199.692138671875 198.6617431640625 197.7896575927734375 199.5952911376953125 198.4803924560546875 194.9553375244140625 194.8029937744140625 195.67657470703125 197.0693511962890625 198.6597747802734375
197.360748291015625 198.825531005859375 199.2979736328125 199.119049072265625 198.364959716796875 197.3589019775390625 196.4586639404296875 195.4853668212890625 194.3468475341796875 193.529388427734375 192.5067291259765625 191.941314697265625 193.274383544921875 196.0869598388671875 197.3201904296875 201.158416748046875 200.7059478759765625 198.3731231689453125 197.6074371337890625 198.618072509765625 200.667266845703125 202.8911895751953125 200.717926025390625 194.6985015869140625 194.15045166015625 194.493499755859375 194.5917205810546875 195.007171630859375 195.5371856689453125 196.5607147216796875 197.6696014404296875 198.9941253662109375 200.0996551513671875 200.5052947998046875 200.70849609375 201.056610107421875 200.587738037109375 199.2282562255859375 198.1577606201171875 197.0806121826171875 196.1345977783203125 195.8146820068359375 196.01123046875 197.1625823974609375 198.7824859619140625
195.1234130859375 197.2027587890625 198.2772064208984375 198.3774871826171875 197.719940185546875 196.708892822265625 195.76617431640625 194.75518798828125 193.7822265625 193.204345703125 192.649658203125 192.6456146240234375 193.34332275390625 193.7705078125 194.9355621337890625 201.413970947265625 201.1836395263671875 198.15032958984375 197.3054351806640625 198.33282470703125 200.05389404296875 202.00213623046875 201.5492401123046875 197.1793670654296875 194.434295654296875 194.500152587890625 195.2471923828125 195.7773590087890625 196.159942626953125 196.8225250244140625 197.6828460693359375 198.853729248046875 199.8675537109375 200.301422119140625 200.512237548828125 201.028656005859375 201.1074676513671875 200.299285888671875 199.1994476318359375 198.1230621337890625 197.4990081787109375 197.073455810546875 197.020782470703125 197.8463592529296875 199.300689697265625
193.9197540283203125 196.4542388916015625 197.9144134521484375 198.2024078369140625 197.8010406494140625 197.033111572265625 196.16302490234375 195.16387939453125 194.129852294921875 193.49334716796875 193.0310211181640625 193.12420654296875 193.8407135009765625 194.1360931396484375 195.1116180419921875 201.6964569091796875 201.452239990234375 198.16961669921875 196.94329833984375 197.6929168701171875 199.1912384033203125 200.868438720703125 201.802978515625 200.6888885498046875 196.5381011962890625 194.4964752197265625 195.1934051513671875 195.95843505859375 196.317352294921875 196.8544769287109375 197.58636474609375 198.6614227294921875 199.6658782958984375 200.11248779296875 200.2797698974609375 200.6532440185546875 200.993438720703125 200.892913818359375 200.2905426025390625 199.4286956787109375 198.8964996337890625 198.5085906982421875 198.3387603759765625 198.775726318359375 199.8787384033203125
193.2797698974609375 196.1644744873046875 197.9227752685546875 198.317779541015625 198.0679168701171875 197.5132904052734375 196.7566375732421875 195.7167205810546875 194.4851226806640625 193.67877197265625 193.07025146484375 193.0665283203125 193.65216064453125 193.8417510986328125 194.922943115234375 201.7001495361328125 201.67022705078125 198.3953094482421875 196.6790924072265625 197.0654754638671875 198.32757568359375 199.7255401611328125 200.6942138671875 201.8533477783203125 199.933258056640625 195.74859619140625 194.87353515625 195.816925048828125 196.273468017578125 196.8238067626953125 197.504058837890625 198.5770111083984375 199.6231689453125 200.0538482666015625 200.1880340576171875 200.42156982421875 200.79620361328125 201.103179931640625 200.9731597900390625 200.548583984375 200.2463836669921875 199.89605712890625 199.5703277587890625 199.673583984375 200.3987274169921875
192.736053466796875 195.6566009521484375 197.5295257568359375 198.0430450439453125 197.989471435546875 197.7121124267578125 197.092132568359375 195.9268798828125 194.368438720703125 193.3289794921875 192.490020751953125 192.449188232421875 192.844818115234375 192.96356201171875 194.4062957763671875 201.412841796875 201.6540374755859375 198.5740966796875 196.500885009765625 196.505401611328125 197.4780731201171875 198.5709228515625 199.379241943359375 200.954376220703125 202.165191650390625 199.3802642822265625 195.2415008544921875 195.37713623046875 196.0152740478515625 196.7548828125 197.5206451416015625 198.638092041015625 199.6820526123046875 200.06134033203125 200.1534576416015625 200.28759765625 200.608612060546875 201.0343017578125 201.2811279296875 201.3683624267578125 201.392822265625 201.14697265625 200.6455841064453125 200.497955322265625 200.8447265625
191.91168212890625 194.0713348388671875 195.81317138671875 196.5452117919921875 197.0266265869140625 197.319061279296875 196.849945068359375 195.470001220703125 193.7837677001953125 192.8301239013671875 192.710113525390625 192.803924560546875 191.919677734375 192.1985321044921875 195.2248992919921875 200.9544525146484375 200.8951873779296875 198.3243560791015625 196.3893890380859375 196.0271453857421875 196.63555908203125 197.483001708984375 198.1589202880859375 199.6296539306640625 201.4410858154296875 202.542266845703125 196.768890380859375 195.0548095703125 195.9022979736328125 196.91583251953125 197.816375732421875 198.8429412841796875 199.6340179443359375 199.909912109375 200.0003509521484375 200.1405029296875 200.4418487548828125 200.842132568359375 201.1535186767578125 201.3498992919921875 201.4502105712890625 201.3340911865234375 200.975616455078125 200.7742462158203125 200.78680419921875
193.6099395751953125 192.1902313232421875 192.959136962890625 193.8736114501953125 194.8845367431640625 195.355255126953125 194.8336181640625 193.63409423828125 194.17144775390625 195.607696533203125 196.781036376953125 196.6041259765625 193.68109130859375 195.12078857421875 199.03167724609375 200.743194580078125 199.9418182373046875 198.13287353515625 196.4873046875 195.7660064697265625 196.024993896484375 196.676910400390625 197.2495269775390625 198.5759735107421875 200.337188720703125 202.2963104248046875 197.0846710205078125 195.2550506591796875 196.25457763671875 197.447784423828125 198.367340087890625 199.078765869140625 199.49609375 199.6896209716796875 199.79583740234375 199.9535369873046875 200.2026214599609375 200.4923248291015625 200.6899871826171875 200.6895294189453125 200.650543212890625 200.62127685546875 200.5009918212890625 200.2884521484375 200.0829620361328125
197.67022705078125 192.6386260986328125 190.89398193359375 191.669158935546875 192.7325592041015625 192.7393798828125 192.0887298583984375 192.7206268310546875 196.82464599609375 200.0203704833984375 200.4064178466796875 199.87750244140625 198.31915283203125 200.0303192138671875 200.651397705078125 200.1118011474609375 199.46697998046875 198.266754150390625 196.638671875 195.6273345947265625 195.81884765625 196.4041900634765625 196.989410400390625 198.237152099609375 199.88092041015625 201.834259033203125 198.959808349609375 195.4925079345703125 196.184234619140625 197.6742401123046875 198.6328125 199.1890869140625 199.4522705078125 199.611419677734375 199.7042083740234375 199.8401336669921875 200.0129852294921875 200.18719482421875 200.2483673095703125 200.0283050537109375 199.8536834716796875 199.83294677734375 199.79620361328125 199.61627197265625 199.3747711181640625
