INPUT/RASTER/ASCII/BIO15.asc
ncols        225
nrows        269
xllcorner    473009.983799999987
yllcorner    4429051.174800000153
cellsize     50.000000000000
NODATA_value  -9999
[rows 114 to 132 of 269, columns 88 to 131 of 225]
53.365753173828125 53.357662200927734375 53.350498199462890625 53.337940216064453125 53.3245697021484375 53.312725067138671875 53.30236053466796875 53.29595184326171875 53.2938079833984375 53.29105377197265625 53.310985565185546875 53.369319915771484375 53.377834320068359375 53.37335205078125 53.370349884033203125 53.363346099853515625 53.352474212646484375 53.341373443603515625 53.330043792724609375 53.3188629150390625 53.31357574462890625 53.3089141845703125 53.304920196533203125 53.30091094970703125 53.29630279541015625 53.290935516357421875 53.28775787353515625 53.28790283203125 53.296604156494140625 53.3128662109375 53.320709228515625 53.31125640869140625 53.29929351806640625 53.281040191650390625 53.26506805419921875 53.255878448486328125 53.250278472900390625 53.248291015625 53.246837615966796875 53.23938751220703125 53.23426055908203125 -9999 -9999 -9999
53.361297607421875 53.35340118408203125 53.3462066650390625 53.333263397216796875 53.321491241455078125 53.312145233154296875 53.303997039794921875 53.297702789306640625 53.294460296630859375 53.2899322509765625 53.3065948486328125 53.362213134765625 53.37407684326171875 53.3703155517578125 53.36824798583984375 53.36315155029296875 53.35309600830078125 53.3402862548828125 53.325893402099609375 53.312061309814453125 53.30560302734375 53.300327301025390625 53.297107696533203125 53.29424285888671875 53.289943695068359375 53.2843170166015625 53.281391143798828125 53.2826385498046875 53.292102813720703125 53.306682586669921875 53.314983367919921875 53.309795379638671875 53.30077362060546875 53.2844696044921875 53.26824188232421875 53.259937286376953125 53.257411956787109375 53.254840850830078125 53.251239776611328125 53.2435302734375 53.23836517333984375 -9999 -9999 -9999
53.359638214111328125 53.35280609130859375 53.34545135498046875 53.331920623779296875 53.321136474609375 53.3135833740234375 53.3070831298828125 53.30101776123046875 53.29743194580078125 53.292049407958984375 53.2963104248046875 53.34264373779296875 53.37279510498046875 53.371479034423828125 53.36876678466796875 53.3636322021484375 53.353733062744140625 53.33965301513671875 53.32257843017578125 53.30579376220703125 53.297901153564453125 53.291309356689453125 53.28795623779296875 53.28588104248046875 53.28218841552734375 53.277729034423828125 53.27618408203125 53.279544830322265625 53.2888946533203125 53.30110931396484375 53.30937957763671875 53.307453155517578125 53.301151275634765625 53.288051605224609375 53.2733612060546875 53.2653045654296875 53.261371612548828125 53.25458526611328125 53.248630523681640625 53.24091339111328125 53.235813140869140625 -9999 -9999 -9999
53.361743927001953125 53.356098175048828125 53.34857940673828125 53.3350067138671875 53.32483673095703125 53.3183441162109375 53.31212615966796875 53.306186676025390625 53.3023681640625 53.29645538330078125 53.289409637451171875 53.328521728515625 53.37517547607421875 53.375 53.370838165283203125 53.364467620849609375 53.354030609130859375 53.338779449462890625 53.320262908935546875 53.30049896240234375 53.290771484375 53.282711029052734375 53.2787017822265625 53.2772979736328125 53.275836944580078125 53.2742156982421875 53.27407073974609375 53.27751922607421875 53.2852935791015625 53.294376373291015625 53.301273345947265625 53.3025665283203125 53.299518585205078125 53.290554046630859375 53.279170989990234375 53.2705230712890625 53.262516021728515625 53.251453399658203125 53.24352264404296875 53.23621368408203125 53.23091888427734375 -9999 -9999 -9999
53.365451812744140625 53.359424591064453125 53.351688385009765625 53.339038848876953125 53.329738616943359375 53.3242645263671875 53.31816864013671875 53.313007354736328125 53.30791473388671875 53.30054473876953125 53.292125701904296875 53.331043243408203125 53.377628326416015625 53.37664031982421875 53.3721771240234375 53.36550140380859375 53.354152679443359375 53.337383270263671875 53.318340301513671875 53.296237945556640625 53.284465789794921875 53.27498626708984375 53.27093505859375 53.270473480224609375 53.270664215087890625 53.270191192626953125 53.270305633544921875 53.272731781005859375 53.27921295166015625 53.2861328125 53.291393280029296875 53.295337677001953125 53.29537200927734375 53.28957366943359375 53.28026580810546875 53.270824432373046875 53.259914398193359375 53.24732208251953125 53.2396240234375 53.236400604248046875 -9999 -9999 -9999 -9999
53.369632720947265625 53.36232757568359375 53.35382080078125 53.341136932373046875 53.3324432373046875 53.327606201171875 53.321910858154296875 53.3175201416015625 53.31118011474609375 53.302349090576171875 53.29361724853515625 53.331455230712890625 53.376560211181640625 53.375370025634765625 53.37115478515625 53.364727020263671875 53.353099822998046875 53.33600616455078125 53.317485809326171875 53.294727325439453125 53.281585693359375 53.270740509033203125 53.26665496826171875 53.266826629638671875 53.2675933837890625 53.26641082763671875 53.2657318115234375 53.266994476318359375 53.2714996337890625 53.27728271484375 53.28223419189453125 53.2876434326171875 53.28936767578125 53.285694122314453125 53.27742767333984375 53.267913818359375 53.256252288818359375 53.24292755126953125 53.235363006591796875 -9999 -9999 -9999 -9999 -9999
53.37303924560546875 53.364566802978515625 53.355377197265625 53.342376708984375 53.333927154541015625 53.328754425048828125 53.325504302978515625 53.324192047119140625 53.317455291748046875 53.30818939208984375 53.2989501953125 53.3288421630859375 53.36556243896484375 53.36391448974609375 53.359889984130859375 53.354541778564453125 53.3474578857421875 53.334682464599609375 53.318080902099609375 53.29772186279296875 53.28450775146484375 53.27099609375 53.265247344970703125 53.265422821044921875 53.2664947509765625 53.26483154296875 53.26386260986328125 53.263652801513671875 53.263721466064453125 53.267486572265625 53.272991180419921875 53.278850555419921875 53.281291961669921875 53.2794342041015625 53.27249908447265625 53.263149261474609375 53.25148773193359375 53.23675537109375 53.22733306884765625 -9999 -9999 -9999 -9999 -9999
53.385440826416015625 53.37470245361328125 53.3658905029296875 53.355991363525390625 53.350555419921875 53.34490203857421875 53.345310211181640625 53.349834442138671875 53.343379974365234375 53.33502960205078125 53.324764251708984375 53.322452545166015625 53.324314117431640625 53.3207244873046875 53.318195343017578125 53.31616973876953125 53.32231903076171875 53.32103729248046875 53.306884765625 53.2993316650390625 53.293308258056640625 53.2776031494140625 53.26888275146484375 53.26772308349609375 53.2683868408203125 53.266902923583984375 53.266590118408203125 53.265865325927734375 53.25994873046875 53.259120941162109375 53.263759613037109375 53.268650054931640625 53.270893096923828125 53.26966094970703125 53.263889312744140625 53.25499725341796875 53.243358612060546875 53.225933074951171875 53.21417236328125 -9999 -9999 -9999 -9999 -9999
53.412265777587890625 53.398723602294921875 53.389423370361328125 53.384838104248046875 53.3865966796875 53.381931304931640625 53.37012481689453125 53.361751556396484375 53.353061676025390625 53.346195220947265625 53.336132049560546875 53.323734283447265625 53.315364837646484375 53.31266021728515625 53.310359954833984375 53.30584716796875 53.300228118896484375 53.289875030517578125 53.2758636474609375 53.280391693115234375 53.281688690185546875 53.267333984375 53.265918731689453125 53.268798828125 53.27301788330078125 53.275173187255859375 53.275264739990234375 53.27349090576171875 53.265689849853515625 53.260894775390625 53.26221466064453125 53.264881134033203125 53.265777587890625 53.263553619384765625 53.257808685302734375 53.24935150146484375 53.236988067626953125 53.21700286865234375 53.2021484375 53.182300567626953125 53.1742706298828125 53.1463165283203125 53.1387481689453125 -9999
53.420139312744140625 53.4077301025390625 53.398693084716796875 53.394832611083984375 53.396453857421875 53.391925811767578125 53.37763214111328125 53.366031646728515625 53.356937408447265625 53.34949493408203125 53.339359283447265625 53.328037261962890625 53.320903778076171875 53.319202423095703125 53.316722869873046875 53.30913543701171875 53.29726409912109375 53.2849578857421875 53.272380828857421875 53.261775970458984375 53.252933502197265625 53.238895416259765625 53.243457794189453125 53.25006866455078125 53.267917633056640625 53.2783203125 53.279083251953125 53.279041290283203125 53.273586273193359375 53.26776885986328125 53.266368865966796875 53.26578521728515625 53.264881134033203125 53.261737823486328125 53.25542449951171875 53.246143341064453125 53.23163604736328125 53.209316253662109375 53.192562103271484375 53.179233551025390625 53.16344451904296875 53.143871307373046875 53.135009765625 -9999
53.423130035400390625 53.41426849365234375 53.4070587158203125 53.401271820068359375 53.397983551025390625 53.391780853271484375 53.379230499267578125 53.369495391845703125 53.361179351806640625 53.352313995361328125 53.3412628173828125 53.33168792724609375 53.3259735107421875 53.323749542236328125 53.32091522216796875 53.312610626220703125 53.299839019775390625 53.288150787353515625 53.27674102783203125 53.2601165771484375 53.246746063232421875 53.227710723876953125 53.21880340576171875 53.218471527099609375 53.245182037353515625 53.26104736328125 53.264545440673828125 53.27386474609375 53.274997711181640625 53.27288055419921875 53.27098846435546875 53.26739501953125 53.265430450439453125 53.262783050537109375 53.2555084228515625 53.243480682373046875 53.22533416748046875 53.20067596435546875 53.183620452880859375 53.170818328857421875 53.154144287109375 53.136943817138671875 53.12519073486328125 -9999
53.4255828857421875 53.4194183349609375 53.413425445556640625 53.405780792236328125 53.398685455322265625 53.390285491943359375 53.37882232666015625 53.3712158203125 53.365100860595703125 53.355480194091796875 53.343257904052734375 53.33473968505859375 53.32994842529296875 53.32736968994140625 53.324779510498046875 53.317790985107421875 53.304973602294921875 53.292308807373046875 53.280914306640625 53.26506805419921875 53.25209808349609375 53.231414794921875 53.216251373291015625 53.21190643310546875 53.220302581787109375 53.226436614990234375 53.23175811767578125 53.24805450439453125 53.254405975341796875 53.264934539794921875 53.268779754638671875 53.266998291015625 53.265499114990234375 53.261749267578125 53.253662109375 53.237392425537109375 53.21521759033203125 53.1892547607421875 53.17261505126953125 53.1605987548828125 53.14469146728515625 53.127452850341796875 53.112194061279296875 53.1027984619140625
53.426860809326171875 53.421497344970703125 53.415771484375 53.407466888427734375 53.39887237548828125 53.389347076416015625 53.378864288330078125 53.373020172119140625 53.368701934814453125 53.36025238037109375 53.3480072021484375 53.33916473388671875 53.33425140380859375 53.331287384033203125 53.329128265380859375 53.32308197021484375 53.310474395751953125 53.29821014404296875 53.2871856689453125 53.270599365234375 53.25835418701171875 53.241146087646484375 53.22802734375 53.22216033935546875 53.221126556396484375 53.2223968505859375 53.221553802490234375 53.21802520751953125 53.2141265869140625 53.232158660888671875 53.24335479736328125 53.255218505859375 53.256061553955078125 53.238231658935546875 53.23274993896484375 53.21640777587890625 53.1941986083984375 53.171558380126953125 53.1570892333984375 53.146404266357421875 53.13210296630859375 53.115936279296875 53.100559234619140625 53.090869903564453125
53.428516387939453125 53.423023223876953125 53.41551971435546875 53.406826019287109375 53.398693084716796875 53.38941192626953125 53.37996673583984375 53.37522125244140625 53.37210845947265625 53.36618804931640625 53.35662841796875 53.347232818603515625 53.33997344970703125 53.33513641357421875 53.33124542236328125 53.3233642578125 53.31214141845703125 53.30251312255859375 53.29270172119140625 53.2772064208984375 53.26670074462890625 53.2540435791015625 53.244579315185546875 53.2369232177734375 53.2307281494140625 53.227985382080078125 53.2245635986328125 53.215789794921875 53.206451416015625 53.203220367431640625 53.20606231689453125 53.223133087158203125 53.223628997802734375 53.193935394287109375 53.18365478515625 53.166095733642578125 53.15647125244140625 53.14554595947265625 53.13543701171875 53.12969207763671875 53.119388580322265625 53.1057891845703125 53.092803955078125 53.084774017333984375
53.4292755126953125 53.423748016357421875 53.414699554443359375 53.40540313720703125 53.397857666015625 53.389934539794921875 53.381500244140625 53.376926422119140625 53.37349700927734375 53.3685150146484375 53.36148834228515625 53.352115631103515625 53.34287261962890625 53.336933135986328125 53.331768035888671875 53.32314300537109375 53.312488555908203125 53.303050994873046875 53.293972015380859375 53.281887054443359375 53.2736663818359375 53.264240264892578125 53.2580718994140625 53.2500152587890625 53.23944854736328125 53.232730865478515625 53.227428436279296875 53.21686553955078125 53.206684112548828125 53.203678131103515625 53.204975128173828125 53.204620361328125 53.1996612548828125 53.178585052490234375 53.148906707763671875 53.120906829833984375 53.11122894287109375 53.103572845458984375 53.099613189697265625 53.108066558837890625 53.1057281494140625 53.098690032958984375 53.092132568359375 53.089153289794921875
53.42884063720703125 53.423168182373046875 53.41411590576171875 53.40473175048828125 53.397548675537109375 53.390655517578125 53.382381439208984375 53.3770904541015625 53.371837615966796875 53.366718292236328125 53.3605194091796875 53.3516845703125 53.342235565185546875 53.336673736572265625 53.332248687744140625 53.323902130126953125 53.312122344970703125 53.301639556884765625 53.293376922607421875 53.28391265869140625 53.2773590087890625 53.269252777099609375 53.26410675048828125 53.25772857666015625 53.2458953857421875 53.237010955810546875 53.23050689697265625 53.21961212158203125 53.210384368896484375 53.208652496337890625 53.208972930908203125 53.202426910400390625 53.192577362060546875 53.16683197021484375 53.131435394287109375 53.101070404052734375 53.07979583740234375 53.0664215087890625 53.06298065185546875 53.07082366943359375 53.06893157958984375 53.07898712158203125 53.08650970458984375 53.09297943115234375
53.427837371826171875 53.4221038818359375 53.41280364990234375 53.403285980224609375 53.39608001708984375 53.389484405517578125 53.38126373291015625 53.375682830810546875 53.369312286376953125 53.363857269287109375 53.358154296875 53.350250244140625 53.341045379638671875 53.336383819580078125 53.333713531494140625 53.32587432861328125 53.312282562255859375 53.3006744384765625 53.293079376220703125 53.287418365478515625 53.283046722412109375 53.27501678466796875 53.26834869384765625 53.262912750244140625 53.251659393310546875 53.240505218505859375 53.2333221435546875 53.223209381103515625 53.216197967529296875 53.21512603759765625 53.21088409423828125 53.1972198486328125 53.18186187744140625 53.150539398193359375 53.11362457275390625 53.085735321044921875 53.06711578369140625 53.054962158203125 53.0484161376953125 53.04351806640625 53.03604888916015625 53.0450897216796875 53.058322906494140625 53.079601287841796875
53.4260101318359375 53.4203643798828125 53.41086578369140625 53.400798797607421875 53.39315032958984375 53.386455535888671875 53.379077911376953125 53.374179840087890625 53.367794036865234375 53.36162567138671875 53.35577392578125 53.349147796630859375 53.341030120849609375 53.337093353271484375 53.3355255126953125 53.328227996826171875 53.31427764892578125 53.30237579345703125 53.295116424560546875 53.2916717529296875 53.287944793701171875 53.279636383056640625 53.2711334228515625 53.26433563232421875 53.253009796142578125 53.241573333740234375 53.234912872314453125 53.226589202880859375 53.22177886962890625 53.218585968017578125 53.2072601318359375 53.187694549560546875 53.1692657470703125 53.13588714599609375 53.099483489990234375 53.075145721435546875 53.060680389404296875 53.0505523681640625 53.044322967529296875 53.03829193115234375 53.03106689453125 53.028011322021484375 53.035400390625 53.052295684814453125
53.42391204833984375 53.41831207275390625 53.408725738525390625 53.3980712890625 53.389972686767578125 53.38339996337890625 53.376903533935546875 53.37271881103515625 53.3668060302734375 53.35984039306640625 53.353717803955078125 53.34966278076171875 53.343700408935546875 53.33917999267578125 53.336582183837890625 53.329158782958984375 53.31641387939453125 53.305034637451171875 53.297885894775390625 53.294361114501953125 53.28975677490234375 53.28141021728515625 53.272121429443359375 53.263484954833984375 53.25182342529296875 53.241607666015625 53.236080169677734375 53.23036956787109375 53.227535247802734375 53.220226287841796875 53.201816558837890625 53.17844390869140625 53.159000396728515625 53.125972747802734375 53.09093475341796875 53.0696258544921875 53.0576934814453125 53.049030303955078125 53.043914794921875 53.03919219970703125 53.0333251953125 53.031314849853515625 53.03521728515625 53.039218902587890625
