INPUT/RASTER/ASCII/BIO16.asc
ncols        225
nrows        269
xllcorner    473009.983799999987
yllcorner    4429051.174800000153
cellsize     50.000000000000
NODATA_value -9999
[rows 120 to 139 of 269, columns 135 to 179 of 225]
302.025848388671875 301.910858154296875 301.76727294921875 301.68768310546875 301.58331298828125 301.511444091796875 301.5894775390625 302.053558349609375 302.838134765625 303.4071044921875 303.8165283203125 304.512481689453125 304.9073486328125 305.109710693359375 305.189453125 305.10809326171875 304.988128662109375 304.614715576171875 303.846282958984375 302.909088134765625 302.229644775390625 301.88238525390625 301.67120361328125 301.259552001953125 300.726654052734375 300.34613037109375 300.072998046875 299.819580078125 299.658599853515625 299.47723388671875 299.27203369140625 298.98358154296875 298.670928955078125 298.468841552734375 298.423980712890625 298.471038818359375 298.5555419921875 298.634765625 298.740966796875 298.91705322265625 299.02655029296875 299.102142333984375 299.18841552734375 299.2138671875 299.232330322265625
302.03912353515625 301.91436767578125 301.81280517578125 301.7135009765625 301.606414794921875 301.4759521484375 301.380157470703125 301.762298583984375 302.45428466796875 302.702423095703125 302.972442626953125 303.84368896484375 304.778289794921875 305.29144287109375 305.379364013671875 305.188751220703125 304.962188720703125 304.4390869140625 303.621307373046875 302.7906494140625 302.198333740234375 301.852935791015625 301.629547119140625 301.176605224609375 300.686737060546875 300.365142822265625 300.12652587890625 299.891021728515625 299.737396240234375 299.54022216796875 299.311553955078125 298.953460693359375 298.515869140625 298.233428955078125 298.151763916015625 298.180419921875 298.255279541015625 298.347808837890625 298.48248291015625 298.657073974609375 298.793914794921875 298.86419677734375 298.912933349609375 298.95318603515625 299.050323486328125
302.079376220703125 301.884552001953125 301.76971435546875 301.66522216796875 301.565704345703125 301.461181640625 301.346435546875 301.506011962890625 301.9871826171875 302.12799072265625 302.26959228515625 303.08905029296875 304.347320556640625 305.18115234375 305.3800048828125 305.186614990234375 304.89471435546875 304.17572021484375 303.313629150390625 302.619171142578125 302.121826171875 301.79425048828125 301.5611572265625 301.150054931640625 300.740264892578125 300.44195556640625 300.212799072265625 299.989654541015625 299.842071533203125 299.6256103515625 299.361297607421875 299.009735107421875 298.57122802734375 298.207763671875 298.038726806640625 297.998748779296875 298.012603759765625 298.11810302734375 298.302459716796875 298.4730224609375 298.616546630859375 298.68231201171875 298.679229736328125 298.727294921875 298.890411376953125
302.109100341796875 301.830413818359375 301.67828369140625 301.580230712890625 301.491546630859375 301.4044189453125 301.312744140625 301.287139892578125 301.51824951171875 301.7249755859375 301.8665771484375 302.58355712890625 303.83587646484375 304.855377197265625 305.244384765625 305.130950927734375 304.812103271484375 303.931610107421875 303.00164794921875 302.41754150390625 302.02471923828125 301.7198486328125 301.498809814453125 301.1492919921875 300.801605224609375 300.508819580078125 300.268951416015625 300.047943115234375 299.901580810546875 299.68096923828125 299.406158447265625 299.0882568359375 298.6939697265625 298.26031494140625 297.978424072265625 297.82720947265625 297.728912353515625 297.8377685546875 298.0556640625 298.232208251953125 298.348114013671875 298.38201904296875 298.373779296875 298.5166015625 298.733123779296875
302.169281005859375 301.788299560546875 301.59564208984375 301.49896240234375 301.404052734375 301.318939208984375 301.2344970703125 301.147552490234375 301.133819580078125 301.321868896484375 301.570892333984375 302.189483642578125 303.25360107421875 304.3609619140625 304.992950439453125 305.01861572265625 304.714263916015625 303.7486572265625 302.75640869140625 302.23162841796875 301.91253662109375 301.63623046875 301.437774658203125 301.145843505859375 300.853118896484375 300.56072998046875 300.29132080078125 300.05609130859375 299.910400390625 299.69976806640625 299.447662353515625 299.163665771484375 298.791961669921875 298.299530029296875 297.91741943359375 297.647369384765625 297.428314208984375 297.53509521484375 297.78106689453125 297.945556640625 298.007476806640625 297.9866943359375 298.00018310546875 298.32098388671875 298.58587646484375
302.3187255859375 301.787994384765625 301.529266357421875 301.421539306640625 301.31341552734375 301.213226318359375 301.103515625 301.025421142578125 300.900909423828125 300.8582763671875 301.1026611328125 301.6998291015625 302.611114501953125 303.779083251953125 304.5987548828125 304.777587890625 304.550567626953125 303.604278564453125 302.58453369140625 302.066802978515625 301.76336669921875 301.512481689453125 301.340118408203125 301.0999755859375 300.860931396484375 300.57440185546875 300.286865234375 300.0313720703125 299.882476806640625 299.67877197265625 299.44482421875 299.198883056640625 298.787109375 298.187652587890625 297.730621337890625 297.40911865234375 297.172332763671875 297.296722412109375 297.537078857421875 297.556793212890625 297.464508056640625 297.375885009765625 297.552825927734375 298.112640380859375 298.419677734375
302.52392578125 301.846923828125 301.494476318359375 301.35003662109375 301.2086181640625 301.072662353515625 300.987823486328125 300.90081787109375 300.75860595703125 300.663116455078125 300.67919921875 301.13604736328125 302.07879638671875 303.198516845703125 304.014129638671875 304.344696044921875 304.24444580078125 303.39581298828125 302.453338623046875 301.8946533203125 301.544830322265625 301.30877685546875 301.17596435546875 300.98663330078125 300.7857666015625 300.53466796875 300.238525390625 299.950469970703125 299.784332275390625 299.571533203125 299.311737060546875 299.054779052734375 298.5570068359375 297.757843017578125 297.183685302734375 296.96026611328125 296.94854736328125 297.17022705078125 297.312835693359375 296.957916259765625 296.61474609375 296.663055419921875 297.174530029296875 297.788726806640625 298.09857177734375
302.5242919921875 301.81195068359375 301.445892333984375 301.300384521484375 301.184814453125 301.045440673828125 300.922027587890625 300.79644775390625 300.6722412109375 300.59967041015625 300.573455810546875 300.736480712890625 301.521820068359375 302.584075927734375 303.3570556640625 303.822601318359375 303.8753662109375 303.23614501953125 302.31744384765625 301.643890380859375 301.237884521484375 301.049713134765625 300.961761474609375 300.83270263671875 300.66259765625 300.408447265625 300.101348876953125 299.779632568359375 299.58087158203125 299.33978271484375 299.0406494140625 298.75604248046875 298.270294189453125 297.403594970703125 296.776580810546875 296.600189208984375 296.706756591796875 296.970123291015625 297.036956787109375 296.61114501953125 296.263214111328125 296.329315185546875 296.8201904296875 297.4464111328125 297.821868896484375
302.27471923828125 301.705322265625 301.391448974609375 301.2640380859375 301.1641845703125 301.000640869140625 300.8563232421875 300.737579345703125 300.6468505859375 300.599578857421875 300.593292236328125 300.7010498046875 301.22509765625 302.234954833984375 303.03179931640625 303.49407958984375 303.58880615234375 303.090179443359375 302.1781005859375 301.410064697265625 300.9990234375 300.88775634765625 300.84674072265625 300.759857177734375 300.58563232421875 300.2734375 299.930755615234375 299.598602294921875 299.38690185546875 299.111785888671875 298.811553955078125 298.546539306640625 298.09771728515625 297.25732421875 296.636444091796875 296.436065673828125 296.456146240234375 296.65704345703125 296.778533935546875 296.491668701171875 296.157745361328125 296.0584716796875 296.444244384765625 297.155487060546875 297.629180908203125
301.999725341796875 301.595550537109375 301.337890625 301.21875 301.115509033203125 300.943206787109375 300.818359375 300.716552734375 300.658172607421875 300.644134521484375 300.64874267578125 300.74102783203125 301.067230224609375 301.810943603515625 302.61541748046875 303.100677490234375 303.214202880859375 302.818023681640625 301.9559326171875 301.1649169921875 300.763397216796875 300.7158203125 300.7249755859375 300.685211181640625 300.48956298828125 300.117279052734375 299.7298583984375 299.373748779296875 299.151397705078125 298.86370849609375 298.57110595703125 298.351104736328125 297.975616455078125 297.259735107421875 296.67108154296875 296.376434326171875 296.1865234375 296.24700927734375 296.424041748046875 296.2747802734375 295.97882080078125 295.805938720703125 296.14208984375 296.917449951171875 297.47479248046875
301.766632080078125 301.481964111328125 301.282806396484375 301.183807373046875 301.076690673828125 300.911346435546875 300.829742431640625 300.75469970703125 300.727325439453125 300.740478515625 300.730133056640625 300.7662353515625 300.94061279296875 301.3316650390625 301.92181396484375 302.40618896484375 302.60040283203125 302.3087158203125 301.5712890625 300.843597412109375 300.44842529296875 300.45037841796875 300.521942138671875 300.530975341796875 300.3060302734375 299.9000244140625 299.4747314453125 299.09185791015625 298.86138916015625 298.56951904296875 298.301361083984375 298.14532470703125 297.8760986328125 297.30621337890625 296.780242919921875 296.369842529296875 295.922760009765625 295.782745361328125 295.939605712890625 295.8065185546875 295.59356689453125 295.5927734375 296.0137939453125 296.76263427734375 297.327667236328125
301.781280517578125 301.501220703125 301.283721923828125 301.199371337890625 301.09490966796875 300.932708740234375 300.85101318359375 300.8031005859375 300.784576416015625 300.78497314453125 300.73992919921875 300.703369140625 300.732025146484375 300.899017333984375 301.198455810546875 301.534332275390625 301.889373779296875 301.733612060546875 301.130645751953125 300.443115234375 300.035064697265625 300.103668212890625 300.220001220703125 300.24090576171875 299.9935302734375 299.5836181640625 299.148529052734375 298.757476806640625 298.526031494140625 298.25445556640625 298.024200439453125 297.904052734375 297.7196044921875 297.285858154296875 296.827850341796875 296.34173583984375 295.70233154296875 295.3895263671875 295.477081298828125 295.32965087890625 295.273590087890625 295.553680419921875 296.078857421875 296.684661865234375 297.191314697265625
302.17315673828125 301.785980224609375 301.471832275390625 301.393707275390625 301.291046142578125 301.12200927734375 300.940582275390625 300.8406982421875 300.78802490234375 300.744659423828125 300.67730712890625 300.594268798828125 300.51226806640625 300.56219482421875 300.824493408203125 301.138519287109375 301.4007568359375 301.302001953125 300.833648681640625 300.12493896484375 299.595001220703125 299.620391845703125 299.724700927734375 299.73040771484375 299.502593994140625 299.13140869140625 298.72918701171875 298.348358154296875 298.1182861328125 297.88238525390625 297.691802978515625 297.571380615234375 297.436737060546875 297.134124755859375 296.75146484375 296.2611083984375 295.534149169921875 295.03741455078125 295.038177490234375 295.1685791015625 295.342987060546875 295.70513916015625 296.177337646484375 296.606903076171875 297.028533935546875
302.38531494140625 302.144622802734375 301.96142578125 301.930450439453125 301.855133056640625 301.700775146484375 301.300384521484375 301.002197265625 300.81195068359375 300.663482666015625 300.59075927734375 300.494110107421875 300.389984130859375 300.44427490234375 300.85638427734375 301.14068603515625 301.17022705078125 301.097320556640625 300.766937255859375 300.097412109375 299.439605712890625 299.23004150390625 299.220489501953125 299.170501708984375 298.9952392578125 298.701995849609375 298.366058349609375 298.021026611328125 297.806610107421875 297.572906494140625 297.35162353515625 297.207183837890625 297.101348876953125 296.8958740234375 296.600494384765625 296.16400146484375 295.408599853515625 294.742645263671875 294.7305908203125 295.100982666015625 295.323272705078125 295.6221923828125 296.06329345703125 296.476348876953125 296.88897705078125
302.36358642578125 302.27093505859375 302.1904296875 302.140899658203125 302.078369140625 302.0032958984375 301.820404052734375 301.6195068359375 301.19921875 300.858245849609375 300.75872802734375 300.5447998046875 300.412139892578125 300.51983642578125 300.912628173828125 301.097869873046875 301.066558837890625 301.026458740234375 300.824554443359375 300.31085205078125 299.610076904296875 299.10418701171875 298.918365478515625 298.74542236328125 298.585113525390625 298.369720458984375 298.085662841796875 297.75982666015625 297.541168212890625 297.242340087890625 296.9635009765625 296.828277587890625 296.776275634765625 296.633026123046875 296.420440673828125 296.042877197265625 295.3336181640625 294.6392822265625 294.581756591796875 294.888336181640625 295.01165771484375 295.2762451171875 295.77227783203125 296.247528076171875 296.682891845703125
302.31121826171875 302.27197265625 302.219635009765625 302.160980224609375 302.087799072265625 301.99749755859375 301.897552490234375 301.782073974609375 301.561614990234375 301.39825439453125 301.3067626953125 300.92669677734375 300.70123291015625 300.808990478515625 300.985687255859375 301.046630859375 300.997161865234375 300.94622802734375 300.84405517578125 300.491180419921875 299.773590087890625 299.048065185546875 298.728485107421875 298.426055908203125 298.23272705078125 298.066619873046875 297.79595947265625 297.403839111328125 297.1317138671875 296.77362060546875 296.47772216796875 296.403533935546875 296.417327880859375 296.346221923828125 296.198089599609375 295.835968017578125 295.234466552734375 294.595977783203125 294.391876220703125 294.595977783203125 294.72650146484375 294.939697265625 295.388916015625 295.88726806640625 296.37847900390625
302.245269775390625 302.2369384765625 302.178619384765625 302.11517333984375 302.0390625 301.933349609375 301.811431884765625 301.70880126953125 301.610076904296875 301.520416259765625 301.4622802734375 301.279388427734375 301.086212158203125 301.0042724609375 300.9798583984375 300.98272705078125 300.936553955078125 300.8804931640625 300.832672119140625 300.57586669921875 299.842132568359375 299.00634765625 298.613525390625 298.213592529296875 297.9583740234375 297.783966064453125 297.49188232421875 297.02056884765625 296.688751220703125 296.28863525390625 296.01495361328125 295.9786376953125 296.0460205078125 296.0350341796875 295.926544189453125 295.62139892578125 295.1253662109375 294.49566650390625 294.13104248046875 294.269012451171875 294.406585693359375 294.52398681640625 294.865325927734375 295.4139404296875 295.97406005859375
302.19549560546875 302.18438720703125 302.1029052734375 302.041717529296875 301.967529296875 301.860931396484375 301.737335205078125 301.64300537109375 301.557647705078125 301.47711181640625 301.423736572265625 301.322479248046875 301.153533935546875 301.004486083984375 300.922119140625 300.907073974609375 300.875457763671875 300.821014404296875 300.77508544921875 300.531005859375 299.833831787109375 298.99591064453125 298.562255859375 298.0936279296875 297.760772705078125 297.5101318359375 297.14678955078125 296.605133056640625 296.235107421875 295.829010009765625 295.59326171875 295.59228515625 295.69927978515625 295.72381591796875 295.663665771484375 295.4600830078125 295.0521240234375 294.370452880859375 293.84283447265625 293.886993408203125 293.95062255859375 293.947723388671875 294.2249755859375 294.87713623046875 295.456756591796875
302.14837646484375 302.10064697265625 302.002197265625 301.9444580078125 301.871612548828125 301.7689208984375 301.666046142578125 301.566497802734375 301.467376708984375 301.389892578125 301.33404541015625 301.22650146484375 301.062164306640625 300.9249267578125 300.8382568359375 300.818328857421875 300.7919921875 300.715972900390625 300.625823974609375 300.365447998046875 299.787353515625 299.07879638671875 298.642852783203125 298.08013916015625 297.56298828125 297.121002197265625 296.640533447265625 296.04071044921875 295.678131103515625 295.336578369140625 295.14508056640625 295.189788818359375 295.309326171875 295.369537353515625 295.353057861328125 295.24578857421875 294.944976806640625 294.249267578125 293.594482421875 293.42462158203125 293.34918212890625 293.257720947265625 293.58648681640625 294.35650634765625 294.892486572265625
302.085174560546875 301.99969482421875 301.90325927734375 301.834716796875 301.7579345703125 301.65606689453125 301.55816650390625 301.456451416015625 301.354217529296875 301.27557373046875 301.216705322265625 301.11474609375 300.96527099609375 300.83514404296875 300.73968505859375 300.711456298828125 300.68304443359375 300.576202392578125 300.431304931640625 300.200103759765625 299.796417236328125 299.282379150390625 298.85400390625 298.151519775390625 297.357391357421875 296.59857177734375 295.959259033203125 295.365478515625 295.055389404296875 294.829010009765625 294.7099609375 294.7628173828125 294.86639404296875 294.9404296875 294.925506591796875 294.842620849609375 294.622344970703125 294.0494384765625 293.3944091796875 293.04400634765625 292.908599853515625 292.859954833984375 293.307861328125 294.05859375 294.535430908203125
