INPUT/RASTER/ASCII/BIO3.asc
ncols        225
nrows        269
xllcorner    473009.983799999987
yllcorner    4429051.174800000153
cellsize     50.000000000000
NODATA_value  -9999
[rows 209 to 227 of 269, columns 44 to 87 of 225]
38.70599365234375 38.694484710693359375 38.7465362548828125 38.85236358642578125 38.88666534423828125 38.844280242919921875 38.768733978271484375 38.6475982666015625 38.570514678955078125 38.531497955322265625 38.506000518798828125 38.478244781494140625 38.4590606689453125 38.4385986328125 38.455272674560546875 38.578044891357421875 38.8546600341796875 39.16420745849609375 39.326629638671875 39.430393218994140625 39.502719879150390625 39.453212738037109375 39.358127593994140625 39.244487762451171875 39.11136627197265625 39.015323638916015625 38.90363311767578125 38.87239837646484375 38.953746795654296875 39.084377288818359375 39.1762847900390625 39.26840972900390625 39.386928558349609375 39.453533172607421875 39.512699127197265625 39.573673248291015625 39.616840362548828125 39.62206268310546875 39.569583892822265625 39.45201873779296875 39.338623046875 39.274303436279296875 39.220714569091796875 39.1767578125
38.6758575439453125 38.656711578369140625 38.677463531494140625 38.72747039794921875 38.738323211669921875 38.70774078369140625 38.662586212158203125 38.594696044921875 38.5479278564453125 38.51706695556640625 38.490734100341796875 38.455883026123046875 38.432109832763671875 38.40915679931640625 38.418670654296875 38.532794952392578125 38.8329620361328125 39.179218292236328125 39.36005401611328125 39.476238250732421875 39.55690765380859375 39.49408721923828125 39.363582611083984375 39.216892242431640625 39.079448699951171875 38.984256744384765625 38.8771820068359375 38.87198638916015625 39.006000518798828125 39.2077178955078125 39.32964324951171875 39.400638580322265625 39.4965362548828125 39.5629730224609375 39.62238311767578125 39.675502777099609375 39.7094573974609375 39.704105377197265625 39.631412506103515625 39.504886627197265625 39.4082489013671875 39.358356475830078125 39.3044891357421875 39.25382232666015625
38.66168975830078125 38.647274017333984375 38.6478424072265625 38.6533203125 38.6441650390625 38.624568939208984375 38.60088348388671875 38.565662384033203125 38.5322418212890625 38.49991607666015625 38.468494415283203125 38.432537078857421875 38.41068267822265625 38.39392852783203125 38.415683746337890625 38.546474456787109375 38.861095428466796875 39.2159576416015625 39.397418975830078125 39.51334381103515625 39.5974578857421875 39.535282135009765625 39.3839263916015625 39.22130584716796875 39.090118408203125 39.0052947998046875 38.92962646484375 38.939208984375 39.07207489013671875 39.307086944580078125 39.463321685791015625 39.538303375244140625 39.627300262451171875 39.701755523681640625 39.75048828125 39.79149627685546875 39.8229522705078125 39.8107147216796875 39.7181854248046875 39.58843231201171875 39.509708404541015625 39.47454833984375 39.419952392578125 39.363857269287109375
38.6496734619140625 38.6401824951171875 38.625537872314453125 38.60849761962890625 38.59003448486328125 38.575298309326171875 38.556812286376953125 38.52841949462890625 38.50144195556640625 38.476703643798828125 38.448558807373046875 38.4178314208984375 38.404876708984375 38.408557891845703125 38.454578399658203125 38.605743408203125 38.914379119873046875 39.262767791748046875 39.443325042724609375 39.553680419921875 39.63529205322265625 39.5717620849609375 39.413417816162109375 39.27066802978515625 39.188488006591796875 39.1312255859375 39.10387420654296875 39.13262939453125 39.248477935791015625 39.469940185546875 39.633655548095703125 39.711643218994140625 39.794513702392578125 39.881683349609375 39.89990234375 39.921375274658203125 39.96997833251953125 39.9564666748046875 39.853595733642578125 39.7512359619140625 39.698696136474609375 39.6632232666015625 39.608646392822265625 39.559253692626953125
38.6170196533203125 38.61557769775390625 38.596080780029296875 38.5716400146484375 38.547962188720703125 38.53192901611328125 38.516117095947265625 38.489803314208984375 38.469776153564453125 38.45319366455078125 38.4316558837890625 38.41071319580078125 38.41015625 38.4517059326171875 38.557590484619140625 38.741466522216796875 39.010547637939453125 39.3150634765625 39.4912109375 39.598102569580078125 39.680080413818359375 39.6158447265625 39.45987701416015625 39.3624114990234375 39.34087371826171875 39.34344482421875 39.37993621826171875 39.44615936279296875 39.574199676513671875 39.76938629150390625 39.900653839111328125 39.942546844482421875 39.995025634765625 40.045375823974609375 40.011791229248046875 40.010326385498046875 40.0684051513671875 40.068897247314453125 39.98284912109375 39.9120941162109375 39.8773193359375 39.840961456298828125 39.793060302734375 39.756504058837890625
38.569042205810546875 38.582592010498046875 38.5741424560546875 38.551479339599609375 38.52375030517578125 38.50604248046875 38.49310302734375 38.47063446044921875 38.45136260986328125 38.437480926513671875 38.41970062255859375 38.4073638916015625 38.416683197021484375 38.4871063232421875 38.645832061767578125 38.855743408203125 39.081207275390625 39.336170196533203125 39.49123382568359375 39.596035003662109375 39.6917724609375 39.65026092529296875 39.53168487548828125 39.484439849853515625 39.495208740234375 39.531795501708984375 39.598659515380859375 39.683589935302734375 39.82077789306640625 39.988208770751953125 40.078525543212890625 40.104206085205078125 40.144931793212890625 40.163288116455078125 40.10857391357421875 40.0907440185546875 40.13037109375 40.144084930419921875 40.095836639404296875 40.043300628662109375 40.01160430908203125 39.975498199462890625 39.9193572998046875 39.883846282958984375
38.528881072998046875 38.55088043212890625 38.554584503173828125 38.5360107421875 38.50765228271484375 38.490100860595703125 38.480831146240234375 38.463855743408203125 38.444072723388671875 38.43363189697265625 38.4191131591796875 38.40756988525390625 38.41973114013671875 38.50244903564453125 38.680530548095703125 38.896091461181640625 39.095272064208984375 39.3061065673828125 39.4335479736328125 39.547210693359375 39.6715240478515625 39.671512603759765625 39.62047576904296875 39.625652313232421875 39.64813995361328125 39.687469482421875 39.74188995361328125 39.818630218505859375 39.946990966796875 40.077381134033203125 40.141506195068359375 40.179874420166015625 40.233654022216796875 40.2567291259765625 40.215023040771484375 40.187854766845703125 40.195392608642578125 40.206188201904296875 40.19384002685546875 40.155406951904296875 40.12346649169921875 40.077117919921875 39.994594573974609375 39.961231231689453125
38.49451446533203125 38.516948699951171875 38.527782440185546875 38.514728546142578125 38.490825653076171875 38.476104736328125 38.47107696533203125 38.4622955322265625 38.4485321044921875 38.44274139404296875 38.431964874267578125 38.41545867919921875 38.4208221435546875 38.49654388427734375 38.662288665771484375 38.86705780029296875 39.062961578369140625 39.255306243896484375 39.368923187255859375 39.50266265869140625 39.66594696044921875 39.704784393310546875 39.714305877685546875 39.776271820068359375 39.80879974365234375 39.836544036865234375 39.86342620849609375 39.913970947265625 40.003902435302734375 40.086566925048828125 40.136295318603515625 40.191310882568359375 40.27490997314453125 40.333728790283203125 40.317142486572265625 40.2837677001953125 40.262142181396484375 40.26216888427734375 40.271800994873046875 40.2551422119140625 40.22637939453125 40.15464019775390625 40.05413818359375 40.028217315673828125
38.469623565673828125 38.477344512939453125 38.487873077392578125 38.485500335693359375 38.47205352783203125 38.46154022216796875 38.45830535888671875 38.459804534912109375 38.472259521484375 38.4826202392578125 38.466220855712890625 38.43480682373046875 38.429107666015625 38.481170654296875 38.6190338134765625 38.812168121337890625 39.035945892333984375 39.259517669677734375 39.388031005859375 39.532440185546875 39.720027923583984375 39.784969329833984375 39.832180023193359375 39.933689117431640625 39.97263336181640625 39.98553466796875 39.977565765380859375 39.9609832763671875 39.970111846923828125 40.0079803466796875 40.050586700439453125 40.1240997314453125 40.252704620361328125 40.3657989501953125 40.373142242431640625 40.332904815673828125 40.3061370849609375 40.31078338623046875 40.343109130859375 40.3560638427734375 40.324756622314453125 40.243854522705078125 40.15921783447265625 40.130035400390625
38.45470428466796875 38.447910308837890625 38.44806671142578125 38.452701568603515625 38.451541900634765625 38.44542694091796875 38.440219879150390625 38.46265411376953125 38.54405975341796875 38.6020660400390625 38.572826385498046875 38.507167816162109375 38.489505767822265625 38.52211761474609375 38.641162872314453125 38.844303131103515625 39.134265899658203125 39.401287078857421875 39.544101715087890625 39.691867828369140625 39.846805572509765625 39.894527435302734375 39.970035552978515625 40.07395172119140625 40.12030792236328125 40.137599945068359375 40.105014801025390625 40.0218963623046875 39.955532073974609375 39.98018646240234375 40.04030609130859375 40.141933441162109375 40.292644500732421875 40.40641021728515625 40.387653350830078125 40.325847625732421875 40.326564788818359375 40.359386444091796875 40.417560577392578125 40.441730499267578125 40.408748626708984375 40.35009002685546875 40.279510498046875 40.230281829833984375
38.444362640380859375 38.432178497314453125 38.426654815673828125 38.423076629638671875 38.425701141357421875 38.429798126220703125 38.438488006591796875 38.5102386474609375 38.68692779541015625 38.814121246337890625 38.803104400634765625 38.721561431884765625 38.696582794189453125 38.727447509765625 38.830852508544921875 39.0245361328125 39.3286285400390625 39.58556365966796875 39.7220611572265625 39.882602691650390625 39.98416900634765625 40.007984161376953125 40.08844757080078125 40.174285888671875 40.214916229248046875 40.240047454833984375 40.22353363037109375 40.13198089599609375 40.037441253662109375 40.04662322998046875 40.101413726806640625 40.200626373291015625 40.351848602294921875 40.455921173095703125 40.41962432861328125 40.3444976806640625 40.345989227294921875 40.38797760009765625 40.4516143798828125 40.488971710205078125 40.466983795166015625 40.418750762939453125 40.353851318359375 40.29895782470703125
38.44216156005859375 38.42429351806640625 38.4175262451171875 38.4009857177734375 38.397674560546875 38.413421630859375 38.448719024658203125 38.5800628662109375 38.823711395263671875 39.008544921875 39.0538482666015625 39.00510406494140625 38.98990631103515625 39.03162384033203125 39.114299774169921875 39.263172149658203125 39.5127410888671875 39.72393798828125 39.8470001220703125 40.00560760498046875 40.085540771484375 40.113666534423828125 40.166065216064453125 40.2168121337890625 40.247898101806640625 40.282810211181640625 40.288967132568359375 40.22805023193359375 40.14220428466796875 40.128082275390625 40.157062530517578125 40.230800628662109375 40.3693084716796875 40.478076934814453125 40.464504241943359375 40.401561737060546875 40.391330718994140625 40.417469024658203125 40.47783660888671875 40.517627716064453125 40.47794342041015625 40.40024566650390625 40.33373260498046875 40.292110443115234375
38.427150726318359375 38.41663360595703125 38.410587310791015625 38.39049530029296875 38.3874664306640625 38.412670135498046875 38.47265625 38.651081085205078125 38.913787841796875 39.13846588134765625 39.257068634033203125 39.27285003662109375 39.2791595458984375 39.329418182373046875 39.401638031005859375 39.51209259033203125 39.714122772216796875 39.8822479248046875 39.97310638427734375 40.085842132568359375 40.15953826904296875 40.195468902587890625 40.21749114990234375 40.23659515380859375 40.261264801025390625 40.309192657470703125 40.33419036865234375 40.3141021728515625 40.27213287353515625 40.263561248779296875 40.274356842041015625 40.3138580322265625 40.410831451416015625 40.50733184814453125 40.50848388671875 40.466342926025390625 40.458770751953125 40.471843719482421875 40.5154571533203125 40.51760101318359375 40.413906097412109375 40.2681884765625 40.178508758544921875 40.15604400634765625
38.402164459228515625 38.39817047119140625 38.392871856689453125 38.38741302490234375 38.40453338623046875 38.443386077880859375 38.52744293212890625 38.738491058349609375 39.002780914306640625 39.24432373046875 39.409778594970703125 39.47841644287109375 39.5037384033203125 39.5601654052734375 39.6333770751953125 39.72608184814453125 39.8609619140625 39.956516265869140625 40.0017242431640625 40.0732421875 40.14612579345703125 40.18914031982421875 40.219234466552734375 40.2355499267578125 40.25527191162109375 40.3083648681640625 40.35196685791015625 40.3617401123046875 40.362842559814453125 40.392055511474609375 40.41135406494140625 40.431728363037109375 40.487804412841796875 40.548885345458984375 40.543865203857421875 40.524188995361328125 40.5211639404296875 40.528900146484375 40.547634124755859375 40.482395172119140625 40.29329681396484375 40.0936279296875 39.9958648681640625 39.99765777587890625
38.389148712158203125 38.381961822509765625 38.378173828125 38.394351959228515625 38.445171356201171875 38.509807586669921875 38.618267059326171875 38.845996856689453125 39.0977935791015625 39.321079254150390625 39.489551544189453125 39.58446502685546875 39.622959136962890625 39.682987213134765625 39.74051666259765625 39.787204742431640625 39.839252471923828125 39.875598907470703125 39.90191650390625 39.96666717529296875 40.04190826416015625 40.090541839599609375 40.153774261474609375 40.18236541748046875 40.1916656494140625 40.238311767578125 40.31153106689453125 40.3544464111328125 40.367710113525390625 40.42266845703125 40.471836090087890625 40.50510406494140625 40.5491180419921875 40.584049224853515625 40.585784912109375 40.57210540771484375 40.568103790283203125 40.575954437255859375 40.579875946044921875 40.4756622314453125 40.24330902099609375 40.045680999755859375 39.962726593017578125 39.971050262451171875
38.38576507568359375 38.374759674072265625 38.377780914306640625 38.415287017822265625 38.51671600341796875 38.62581634521484375 38.74874114990234375 38.966922760009765625 39.194660186767578125 39.38558197021484375 39.53902435302734375 39.633312225341796875 39.672183990478515625 39.7263031005859375 39.740619659423828125 39.70074462890625 39.684757232666015625 39.70619964599609375 39.733371734619140625 39.799343109130859375 39.8777923583984375 39.9439849853515625 40.027011871337890625 40.05342864990234375 40.053668975830078125 40.102039337158203125 40.225582122802734375 40.31652069091796875 40.32796478271484375 40.384552001953125 40.458301544189453125 40.50614166259765625 40.56414794921875 40.614894866943359375 40.639301300048828125 40.63361358642578125 40.6309814453125 40.63927459716796875 40.643459320068359375 40.577297210693359375 40.411014556884765625 40.261920928955078125 40.183563232421875 40.14910125732421875
38.378814697265625 38.368011474609375 38.3804931640625 38.444915771484375 38.621486663818359375 38.7980499267578125 38.933147430419921875 39.123149871826171875 39.31133270263671875 39.46575164794921875 39.5855865478515625 39.630077362060546875 39.63755035400390625 39.64107513427734375 39.5690155029296875 39.45813751220703125 39.42014312744140625 39.443599700927734375 39.467254638671875 39.523166656494140625 39.630664825439453125 39.756671905517578125 39.873752593994140625 39.936901092529296875 39.9576568603515625 40.030315399169921875 40.21686553955078125 40.38199615478515625 40.423770904541015625 40.43019866943359375 40.44297027587890625 40.47430419921875 40.558773040771484375 40.6511993408203125 40.6932220458984375 40.705081939697265625 40.710552215576171875 40.7165374755859375 40.721012115478515625 40.698764801025390625 40.633525848388671875 40.552173614501953125 40.475677490234375 40.3970794677734375
38.37542724609375 38.366832733154296875 38.383563995361328125 38.46762847900390625 38.673000335693359375 38.865550994873046875 39.019046783447265625 39.213283538818359375 39.379230499267578125 39.507442474365234375 39.586940765380859375 39.58895111083984375 39.560802459716796875 39.50676727294921875 39.389904022216796875 39.2726287841796875 39.240345001220703125 39.251953125 39.26622772216796875 39.322254180908203125 39.4670867919921875 39.652400970458984375 39.819854736328125 39.92761993408203125 39.978557586669921875 40.086879730224609375 40.28978729248046875 40.475231170654296875 40.553791046142578125 40.5438385009765625 40.505916595458984375 40.517871856689453125 40.591827392578125 40.683101654052734375 40.72632598876953125 40.744564056396484375 40.754413604736328125 40.764560699462890625 40.7718353271484375 40.7680511474609375 40.759243011474609375 40.730175018310546875 40.6724853515625 40.58562469482421875
38.37081146240234375 38.36231231689453125 38.379364013671875 38.46562957763671875 38.6730804443359375 38.869476318359375 39.0396881103515625 39.25093841552734375 39.4172515869140625 39.520969390869140625 39.5627899169921875 39.54900360107421875 39.476604461669921875 39.37158966064453125 39.249080657958984375 39.155155181884765625 39.1531219482421875 39.185382843017578125 39.202671051025390625 39.2614593505859375 39.419219970703125 39.630733489990234375 39.826267242431640625 39.95713043212890625 40.03031158447265625 40.165493011474609375 40.3521728515625 40.51103973388671875 40.616878509521484375 40.639629364013671875 40.611537933349609375 40.608257293701171875 40.64414215087890625 40.706462860107421875 40.745899200439453125 40.76729583740234375 40.77863311767578125 40.7905120849609375 40.8011932373046875 40.8057403564453125 40.813053131103515625 40.810943603515625 40.78270721435546875 40.71886444091796875
