INPUT/RASTER/ASCII/BIO3.asc
ncols        225
nrows        269
xllcorner    473009.983799999987
yllcorner    4429051.174800000153
cellsize     50.000000000000
NODATA_value  -9999
[rows 38 to 56 of 269, columns 44 to 87 of 225]
37.061920166015625 37.079769134521484375 37.09832763671875 37.121685028076171875 37.1507720947265625 37.1888580322265625 37.227252960205078125 37.23610687255859375 37.239200592041015625 37.2432098388671875 37.244808197021484375 37.242717742919921875 37.23809814453125 37.232051849365234375 37.258869171142578125 37.31310272216796875 37.340328216552734375 37.355388641357421875 37.377445220947265625 37.401092529296875 37.431766510009765625 37.47365570068359375 37.503566741943359375 37.516448974609375 37.620838165283203125 37.760372161865234375 -9999 -9999 -9999 -9999 -9999 -9999 -9999 -9999 -9999 -9999 -9999 -9999 -9999 -9999 -9999 -9999 -9999 -9999
37.090923309326171875 37.102848052978515625 37.13162994384765625 37.172039031982421875 37.22013092041015625 37.304576873779296875 37.39134979248046875 37.403415679931640625 37.402065277099609375 37.4005584716796875 37.399822235107421875 37.396282196044921875 37.38835906982421875 37.3805999755859375 37.448841094970703125 37.570041656494140625 37.607929229736328125 37.620677947998046875 37.642711639404296875 37.66320037841796875 37.689975738525390625 37.735286712646484375 37.769962310791015625 37.785552978515625 37.81174468994140625 37.8479461669921875 -9999 -9999 -9999 -9999 -9999 -9999 -9999 -9999 -9999 -9999 -9999 -9999 -9999 -9999 -9999 -9999 -9999 -9999
37.254291534423828125 37.282146453857421875 37.328090667724609375 37.372600555419921875 37.4031524658203125 37.5140533447265625 37.63961029052734375 37.65962982177734375 37.66512298583984375 37.666202545166015625 37.663867950439453125 37.655651092529296875 37.643299102783203125 37.633296966552734375 37.637142181396484375 37.6507568359375 37.66132354736328125 37.67256927490234375 37.69196319580078125 37.712413787841796875 37.742481231689453125 37.786060333251953125 37.819515228271484375 37.833446502685546875 37.8416748046875 37.843547821044921875 -9999 -9999 -9999 -9999 -9999 -9999 -9999 -9999 -9999 -9999 -9999 -9999 -9999 -9999 -9999 -9999 -9999 -9999
37.431194305419921875 37.489208221435546875 37.547840118408203125 37.59131622314453125 37.616687774658203125 37.650146484375 37.688602447509765625 37.699535369873046875 37.708385467529296875 37.713970184326171875 37.71305084228515625 37.70676422119140625 37.693294525146484375 37.682224273681640625 37.675060272216796875 37.671016693115234375 37.675769805908203125 37.68509674072265625 37.701900482177734375 37.722869873046875 37.75505828857421875 37.7949066162109375 37.82189178466796875 37.831623077392578125 37.838817596435546875 37.84051513671875 -9999 -9999 -9999 -9999 -9999 -9999 -9999 -9999 -9999 -9999 -9999 -9999 -9999 -9999 -9999 -9999 -9999 -9999
37.43978118896484375 37.514461517333984375 37.57143402099609375 37.622432708740234375 37.652065277099609375 37.672580718994140625 37.69843292236328125 37.711200714111328125 37.71811676025390625 37.7239990234375 37.724872589111328125 37.7217254638671875 37.708858489990234375 37.6948699951171875 37.6884765625 37.68619537353515625 37.690425872802734375 37.698482513427734375 37.71435546875 37.73596954345703125 37.769458770751953125 37.804576873779296875 37.825439453125 37.832927703857421875 37.839702606201171875 37.8492584228515625 -9999 -9999 -9999 -9999 -9999 -9999 -9999 -9999 -9999 -9999 -9999 -9999 -9999 -9999 -9999 -9999 -9999 -9999
37.429576873779296875 37.47312164306640625 37.516452789306640625 37.564975738525390625 37.589691162109375 37.619968414306640625 37.6599273681640625 37.688510894775390625 37.703151702880859375 37.71759796142578125 37.7252960205078125 37.727569580078125 37.72231292724609375 37.708576202392578125 37.69910430908203125 37.695026397705078125 37.699283599853515625 37.705890655517578125 37.720516204833984375 37.743419647216796875 37.782474517822265625 37.815128326416015625 37.830474853515625 37.839076995849609375 37.8513031005859375 37.861820220947265625 37.882293701171875 -9999 -9999 -9999 -9999 -9999 -9999 -9999 -9999 -9999 -9999 -9999 -9999 -9999 -9999 -9999 -9999 -9999
37.451694488525390625 37.456745147705078125 37.4822998046875 37.51085662841796875 37.523296356201171875 37.5498504638671875 37.58441162109375 37.624813079833984375 37.647006988525390625 37.6753387451171875 37.694080352783203125 37.710994720458984375 37.72341156005859375 37.71966552734375 37.708446502685546875 37.700351715087890625 37.700168609619140625 37.70519256591796875 37.7191619873046875 37.742584228515625 37.78154754638671875 37.8119049072265625 37.824504852294921875 37.838916778564453125 37.861846923828125 37.87654876708984375 37.8834075927734375 -9999 -9999 -9999 -9999 -9999 -9999 -9999 -9999 -9999 -9999 -9999 -9999 -9999 -9999 -9999 -9999 -9999
37.477344512939453125 37.483707427978515625 37.499202728271484375 37.5150146484375 37.522174835205078125 37.53125762939453125 37.541591644287109375 37.56557464599609375 37.580509185791015625 37.617076873779296875 37.64301300048828125 37.672481536865234375 37.696964263916015625 37.70713043212890625 37.71053314208984375 37.7069549560546875 37.701694488525390625 37.705242156982421875 37.7188262939453125 37.739322662353515625 37.7689971923828125 37.798435211181640625 37.81456756591796875 37.831897735595703125 37.856517791748046875 37.872760772705078125 37.8831024169921875 37.892101287841796875 -9999 -9999 -9999 -9999 -9999 -9999 -9999 -9999 -9999 -9999 -9999 -9999 -9999 -9999 -9999 -9999
37.507411956787109375 37.5113067626953125 37.52082061767578125 37.53115081787109375 37.53461456298828125 37.535968780517578125 37.534557342529296875 37.532619476318359375 37.533817291259765625 37.55625152587890625 37.574680328369140625 37.61554718017578125 37.644954681396484375 37.66967010498046875 37.689422607421875 37.69625091552734375 37.69690704345703125 37.7004241943359375 37.71128082275390625 37.728954315185546875 37.758968353271484375 37.794391632080078125 37.816593170166015625 37.832363128662109375 37.852787017822265625 37.868534088134765625 37.8792724609375 37.884246826171875 -9999 -9999 -9999 -9999 -9999 -9999 -9999 -9999 -9999 -9999 -9999 -9999 -9999 -9999 -9999 -9999
37.546283721923828125 37.547618865966796875 37.54982757568359375 37.54817962646484375 37.544727325439453125 37.54262542724609375 37.53931427001953125 37.528011322021484375 37.519710540771484375 37.519870758056640625 37.525440216064453125 37.55384063720703125 37.575420379638671875 37.606044769287109375 37.632968902587890625 37.65020751953125 37.665985107421875 37.675907135009765625 37.690425872802734375 37.710353851318359375 37.744045257568359375 37.788219451904296875 37.813854217529296875 37.830394744873046875 37.853240966796875 37.873065948486328125 37.88217926025390625 37.87432861328125 37.864253997802734375 37.85561370849609375 -9999 -9999 -9999 -9999 -9999 -9999 -9999 -9999 -9999 -9999 -9999 -9999 -9999 -9999
37.57891082763671875 37.581493377685546875 37.579257965087890625 37.561916351318359375 37.549655914306640625 37.543170928955078125 37.537120819091796875 37.524349212646484375 37.512699127197265625 37.50827789306640625 37.509387969970703125 37.51819610595703125 37.52817535400390625 37.5414886474609375 37.555202484130859375 37.57413482666015625 37.602161407470703125 37.619182586669921875 37.643280029296875 37.671466827392578125 37.71443939208984375 37.775554656982421875 37.806575775146484375 37.824798583984375 37.850566864013671875 37.873783111572265625 37.884616851806640625 37.8790435791015625 37.862270355224609375 37.8492279052734375 37.826244354248046875 -9999 -9999 -9999 -9999 -9999 -9999 -9999 -9999 -9999 -9999 -9999 -9999 -9999
37.598400115966796875 37.598453521728515625 37.589954376220703125 37.56131744384765625 37.543788909912109375 37.53487396240234375 37.526592254638671875 37.512737274169921875 37.500118255615234375 37.49810028076171875 37.499202728271484375 37.5018463134765625 37.50458526611328125 37.49951171875 37.495166778564453125 37.49881744384765625 37.5215301513671875 37.537250518798828125 37.56329345703125 37.598804473876953125 37.660160064697265625 37.7472381591796875 37.7900238037109375 37.81247711181640625 37.845615386962890625 37.871959686279296875 37.8805084228515625 37.876033782958984375 37.86513519287109375 37.849826812744140625 37.830478668212890625 37.823486328125 -9999 -9999 -9999 -9999 -9999 -9999 -9999 -9999 -9999 -9999 -9999 -9999
37.60369110107421875 37.59856414794921875 37.582508087158203125 37.55126190185546875 37.534519195556640625 37.524631500244140625 37.515933990478515625 37.5023345947265625 37.48821258544921875 37.486907958984375 37.49008941650390625 37.4923858642578125 37.48883819580078125 37.47710418701171875 37.46417999267578125 37.455547332763671875 37.456783294677734375 37.46097564697265625 37.47615814208984375 37.515941619873046875 37.596843719482421875 37.704708099365234375 37.755306243896484375 37.787548065185546875 37.8382568359375 37.8714752197265625 37.876117706298828125 37.87177276611328125 37.864795684814453125 37.85698699951171875 37.84177398681640625 37.827571868896484375 37.819568634033203125 37.83341217041015625 37.83678436279296875 -9999 -9999 -9999 -9999 -9999 -9999 -9999 -9999 -9999
37.599498748779296875 37.5889434814453125 37.568538665771484375 37.541530609130859375 37.529117584228515625 37.522243499755859375 37.51555633544921875 37.501552581787109375 37.4855499267578125 37.48377227783203125 37.48804473876953125 37.490673065185546875 37.48505401611328125 37.47014617919921875 37.4550933837890625 37.445575714111328125 37.442474365234375 37.441410064697265625 37.446079254150390625 37.474803924560546875 37.543849945068359375 37.646213531494140625 37.694644927978515625 37.74379730224609375 37.817352294921875 37.863239288330078125 37.872638702392578125 37.870838165283203125 37.86717987060546875 37.86676025390625 37.8606414794921875 37.84397125244140625 37.83300018310546875 37.849857330322265625 37.89218902587890625 37.915393829345703125 37.923511505126953125 37.92678070068359375 37.923938751220703125 37.924823760986328125 -9999 -9999 -9999 -9999
37.591724395751953125 37.57805633544921875 37.556987762451171875 37.535800933837890625 37.5269012451171875 37.52480316162109375 37.52246856689453125 37.511409759521484375 37.49549102783203125 37.490177154541015625 37.49173736572265625 37.494312286376953125 37.48899078369140625 37.4716949462890625 37.453273773193359375 37.443523406982421875 37.446743011474609375 37.447895050048828125 37.453014373779296875 37.47304534912109375 37.52313232421875 37.590404510498046875 37.622920989990234375 37.680294036865234375 37.76647186279296875 37.82482147216796875 37.854248046875 37.86492919921875 37.866886138916015625 37.873935699462890625 37.883392333984375 37.874248504638671875 37.86103057861328125 37.87117767333984375 37.900646209716796875 37.917881011962890625 37.927459716796875 37.927112579345703125 37.92514801025390625 37.929080963134765625 37.953094482421875 37.976406097412109375 37.984096527099609375 -9999
37.581996917724609375 37.568248748779296875 37.5504150390625 37.535556793212890625 37.530101776123046875 37.529193878173828125 37.5306396484375 37.52515411376953125 37.509296417236328125 37.498592376708984375 37.496768951416015625 37.498260498046875 37.4934844970703125 37.47658538818359375 37.456325531005859375 37.446140289306640625 37.44687652587890625 37.44828033447265625 37.454959869384765625 37.474231719970703125 37.5186920166015625 37.56514739990234375 37.588489532470703125 37.62732696533203125 37.693206787109375 37.751560211181640625 37.803562164306640625 37.83281707763671875 37.839878082275390625 37.855663299560546875 37.890407562255859375 37.897632598876953125 37.88585662841796875 37.8902740478515625 37.910350799560546875 37.922733306884765625 37.93041229248046875 37.92971038818359375 37.930843353271484375 37.94126129150390625 37.955295562744140625 37.97705078125 38.016460418701171875 -9999
37.573825836181640625 37.5600128173828125 37.54632568359375 37.53436279296875 37.530181884765625 37.530559539794921875 37.533313751220703125 37.530773162841796875 37.516132354736328125 37.503437042236328125 37.4986724853515625 37.49747467041015625 37.49509429931640625 37.48091888427734375 37.460235595703125 37.447971343994140625 37.446044921875 37.449161529541015625 37.4558868408203125 37.47205352783203125 37.511852264404296875 37.55765533447265625 37.57979583740234375 37.60222625732421875 37.64115142822265625 37.687763214111328125 37.739459991455078125 37.774322509765625 37.786960601806640625 37.811359405517578125 37.86798095703125 37.888118743896484375 37.877407073974609375 37.88185882568359375 37.905040740966796875 37.91902923583984375 37.926319122314453125 37.9281158447265625 37.93015289306640625 37.944305419921875 37.960323333740234375 37.978420257568359375 38.0218505859375 38.084991455078125
37.5631561279296875 37.547878265380859375 37.53223419189453125 37.515743255615234375 37.509548187255859375 37.508167266845703125 37.51085662841796875 37.51122283935546875 37.50225067138671875 37.49261474609375 37.48709869384765625 37.4808807373046875 37.47600555419921875 37.4668426513671875 37.45427703857421875 37.44710540771484375 37.445587158203125 37.4483184814453125 37.455356597900390625 37.471843719482421875 37.509769439697265625 37.555328369140625 37.577884674072265625 37.595088958740234375 37.62120819091796875 37.65210723876953125 37.684589385986328125 37.716701507568359375 37.7390899658203125 37.764789581298828125 37.81279754638671875 37.830013275146484375 37.82465362548828125 37.83554840087890625 37.85982513427734375 37.87274932861328125 37.880157470703125 37.897571563720703125 37.907680511474609375 37.929718017578125 37.95609283447265625 37.9736328125 38.0083465576171875 38.070720672607421875
37.51279449462890625 37.495147705078125 37.473163604736328125 37.449039459228515625 37.438983917236328125 37.4361419677734375 37.439971923828125 37.442996978759765625 37.438930511474609375 37.4318084716796875 37.42543792724609375 37.41776275634765625 37.419132232666015625 37.42607879638671875 37.4292755126953125 37.43570709228515625 37.44054412841796875 37.44570159912109375 37.455169677734375 37.475070953369140625 37.515590667724609375 37.56366729736328125 37.587711334228515625 37.60132598876953125 37.6194000244140625 37.6352996826171875 37.653652191162109375 37.678562164306640625 37.701274871826171875 37.7228240966796875 37.752902984619140625 37.768581390380859375 37.775112152099609375 37.78508758544921875 37.7953033447265625 37.80083465576171875 37.810306549072265625 37.83623504638671875 37.84820556640625 37.88170623779296875 37.9206695556640625 37.93590545654296875 37.965084075927734375 38.0369873046875
