INPUT/RASTER/ASCII/BIO3.asc
ncols        225
nrows        269
xllcorner    473009.983799999987
yllcorner    4429051.174800000153
cellsize     50.000000000000
NODATA_value  -9999
[rows 95 to 113 of 269, columns 44 to 87 of 225]
37.014026641845703125 37.017581939697265625 36.990325927734375 36.96990203857421875 36.94852447509765625 36.937961578369140625 36.946483612060546875 36.96900177001953125 36.99105072021484375 37.0047607421875 37.024837493896484375 37.03948974609375 37.0502777099609375 37.067676544189453125 37.093471527099609375 37.114459991455078125 37.1449432373046875 37.190090179443359375 37.23088836669921875 37.259876251220703125 37.285037994384765625 37.30057525634765625 37.30664825439453125 37.31433868408203125 37.326908111572265625 37.357067108154296875 37.387462615966796875 37.398990631103515625 37.404491424560546875 37.419757843017578125 37.471500396728515625 37.53395843505859375 37.57727813720703125 37.597553253173828125 37.61539459228515625 37.653720855712890625 37.679897308349609375 37.68706512451171875 37.704967498779296875 37.735965728759765625 37.741771697998046875 37.72121429443359375 37.716175079345703125 37.72982025146484375
37.02745819091796875 37.021572113037109375 36.98755645751953125 36.963596343994140625 36.937225341796875 36.925060272216796875 36.932102203369140625 36.956020355224609375 36.98375701904296875 36.998012542724609375 37.01513671875 37.030487060546875 37.044124603271484375 37.055728912353515625 37.074260711669921875 37.092403411865234375 37.124713897705078125 37.16536712646484375 37.20041656494140625 37.2248687744140625 37.25995635986328125 37.28847503662109375 37.30074310302734375 37.312671661376953125 37.3257293701171875 37.357471466064453125 37.37451171875 37.3723907470703125 37.3799896240234375 37.40761566162109375 37.468677520751953125 37.536441802978515625 37.587871551513671875 37.617919921875 37.64117431640625 37.666046142578125 37.663707733154296875 37.649227142333984375 37.67319488525390625 37.705097198486328125 37.709056854248046875 37.7035064697265625 37.712207794189453125 37.728485107421875
37.05361175537109375 37.033855438232421875 36.99271392822265625 36.965747833251953125 36.936000823974609375 36.92337799072265625 36.930522918701171875 36.953350067138671875 36.981365203857421875 36.996372222900390625 37.01232147216796875 37.026515960693359375 37.039722442626953125 37.049655914306640625 37.060749053955078125 37.07275390625 37.100406646728515625 37.14080047607421875 37.176548004150390625 37.201267242431640625 37.232257843017578125 37.259815216064453125 37.279266357421875 37.301830291748046875 37.314441680908203125 37.3428802490234375 37.3621978759765625 37.37245941162109375 37.391185760498046875 37.429187774658203125 37.488307952880859375 37.55152130126953125 37.60309600830078125 37.6338043212890625 37.6529541015625 37.662525177001953125 37.645992279052734375 37.631732940673828125 37.6583099365234375 37.6779022216796875 37.682315826416015625 37.6857147216796875 37.701297760009765625 37.719936370849609375
37.090240478515625 37.05089569091796875 37.00330352783203125 36.97464752197265625 36.940593719482421875 36.92655181884765625 36.935863494873046875 36.9597625732421875 36.985248565673828125 36.999050140380859375 37.013370513916015625 37.025333404541015625 37.036609649658203125 37.045589447021484375 37.05573272705078125 37.066112518310546875 37.085323333740234375 37.117565155029296875 37.155223846435546875 37.18871307373046875 37.211761474609375 37.2275543212890625 37.2522430419921875 37.282093048095703125 37.2840423583984375 37.311710357666015625 37.35350799560546875 37.381366729736328125 37.4143829345703125 37.467632293701171875 37.5265350341796875 37.576694488525390625 37.6129302978515625 37.63167572021484375 37.643329620361328125 37.643321990966796875 37.637664794921875 37.641357421875 37.6572265625 37.667423248291015625 37.671016693115234375 37.672771453857421875 37.68152618408203125 37.695796966552734375
37.131778717041015625 37.0754241943359375 37.024200439453125 36.99566650390625 36.95961761474609375 36.940906524658203125 36.947399139404296875 36.971508026123046875 36.9960784912109375 37.00893402099609375 37.020854949951171875 37.027988433837890625 37.03966522216796875 37.051410675048828125 37.061847686767578125 37.0712738037109375 37.089221954345703125 37.114841461181640625 37.143672943115234375 37.1798858642578125 37.212482452392578125 37.22977447509765625 37.2509307861328125 37.2581787109375 37.25133514404296875 37.2981414794921875 37.3541259765625 37.38657379150390625 37.4257965087890625 37.487331390380859375 37.548221588134765625 37.592632293701171875 37.6167755126953125 37.6248321533203125 37.62567138671875 37.623363494873046875 37.636745452880859375 37.651111602783203125 37.662586212158203125 37.671417236328125 37.67128753662109375 37.66217041015625 37.648914337158203125 37.6510772705078125
37.167148590087890625 37.117946624755859375 37.0715484619140625 37.037647247314453125 36.99773406982421875 36.97483062744140625 36.972354888916015625 36.9888916015625 37.010639190673828125 37.024341583251953125 37.0381011962890625 37.043487548828125 37.050754547119140625 37.0623321533203125 37.076019287109375 37.084980010986328125 37.098041534423828125 37.119052886962890625 37.142040252685546875 37.174121856689453125 37.230236053466796875 37.27477264404296875 37.259033203125 37.21405029296875 37.225345611572265625 37.290920257568359375 37.35218048095703125 37.384700775146484375 37.42452239990234375 37.4890289306640625 37.553661346435546875 37.599056243896484375 37.622467041015625 37.63022613525390625 37.62781524658203125 37.633304595947265625 37.64947509765625 37.659511566162109375 37.6704254150390625 37.6747589111328125 37.670078277587890625 37.651828765869140625 37.627506256103515625 37.627056121826171875
37.19948577880859375 37.177822113037109375 37.151302337646484375 37.1053924560546875 37.053630828857421875 37.0226898193359375 37.0056915283203125 37.00930023193359375 37.027797698974609375 37.04384613037109375 37.064151763916015625 37.07010650634765625 37.068637847900390625 37.07308197021484375 37.086170196533203125 37.09632110595703125 37.111995697021484375 37.1271514892578125 37.143558502197265625 37.179775238037109375 37.25385284423828125 37.275249481201171875 37.23687744140625 37.20037078857421875 37.21540069580078125 37.2660064697265625 37.32855987548828125 37.36800384521484375 37.41500091552734375 37.486400604248046875 37.5540618896484375 37.603008270263671875 37.63372802734375 37.647884368896484375 37.656284332275390625 37.6620025634765625 37.65972137451171875 37.662811279296875 37.670398712158203125 37.67069244384765625 37.660167694091796875 37.63460540771484375 37.61499786376953125 37.61820220947265625
37.215694427490234375 37.231945037841796875 37.225620269775390625 37.184803009033203125 37.128894805908203125 37.080326080322265625 37.0415191650390625 37.030735015869140625 37.046600341796875 37.064907073974609375 37.090240478515625 37.096370697021484375 37.08795166015625 37.085865020751953125 37.093967437744140625 37.103939056396484375 37.123455047607421875 37.1397857666015625 37.152919769287109375 37.197376251220703125 37.234294891357421875 37.21727752685546875 37.220218658447265625 37.213687896728515625 37.2188568115234375 37.2460784912109375 37.300601959228515625 37.341064453125 37.39353179931640625 37.472637176513671875 37.54473114013671875 37.60143280029296875 37.65073394775390625 37.68502044677734375 37.69507598876953125 37.686260223388671875 37.678493499755859375 37.6752471923828125 37.66074371337890625 37.63864898681640625 37.62203216552734375 37.605731964111328125 37.595897674560546875 37.597438812255859375
37.20328521728515625 37.255779266357421875 37.269744873046875 37.252086639404296875 37.206634521484375 37.145610809326171875 37.086536407470703125 37.057769775390625 37.069286346435546875 37.091949462890625 37.1225738525390625 37.1264801025390625 37.11144256591796875 37.10449981689453125 37.1108551025390625 37.11966705322265625 37.141139984130859375 37.16168975830078125 37.1746826171875 37.194660186767578125 37.187816619873046875 37.198047637939453125 37.22920989990234375 37.236545562744140625 37.236663818359375 37.248294830322265625 37.279125213623046875 37.305522918701171875 37.350025177001953125 37.425182342529296875 37.503643035888671875 37.58386993408203125 37.670627593994140625 37.72502899169921875 37.730747222900390625 37.719264984130859375 37.712001800537109375 37.699375152587890625 37.657611846923828125 37.60498809814453125 37.577243804931640625 37.5634307861328125 37.561344146728515625 37.569004058837890625
37.173076629638671875 37.24869537353515625 37.2841949462890625 37.29727935791015625 37.274517059326171875 37.21160888671875 37.13961029052734375 37.097492218017578125 37.113250732421875 37.14514923095703125 37.177303314208984375 37.165340423583984375 37.14208984375 37.137233734130859375 37.1441802978515625 37.15494537353515625 37.190670013427734375 37.202850341796875 37.17174530029296875 37.15885162353515625 37.17128753662109375 37.201923370361328125 37.2501068115234375 37.26995086669921875 37.257907867431640625 37.25247955322265625 37.26435089111328125 37.275730133056640625 37.302978515625 37.361141204833984375 37.4463653564453125 37.559947967529296875 37.674442291259765625 37.736415863037109375 37.753040313720703125 37.755718231201171875 37.7474517822265625 37.722904205322265625 37.6665496826171875 37.59896087646484375 37.556713104248046875 37.52443695068359375 37.52193450927734375 37.558155059814453125
37.183032989501953125 37.248291015625 37.2845458984375 37.31746673583984375 37.31558990478515625 37.26293182373046875 37.19606781005859375 37.158199310302734375 37.182132720947265625 37.21269989013671875 37.228260040283203125 37.1948699951171875 37.169189453125 37.172588348388671875 37.188846588134765625 37.21010589599609375 37.2390899658203125 37.201202392578125 37.14734649658203125 37.1461181640625 37.183490753173828125 37.21883392333984375 37.274623870849609375 37.29924774169921875 37.274372100830078125 37.24903106689453125 37.25020599365234375 37.2581939697265625 37.278156280517578125 37.321529388427734375 37.412708282470703125 37.540668487548828125 37.64977264404296875 37.718677520751953125 37.7558441162109375 37.776721954345703125 37.76410675048828125 37.7282867431640625 37.6656951904296875 37.60288238525390625 37.550689697265625 37.50156402587890625 37.51132965087890625 37.58750152587890625
37.220439910888671875 37.264286041259765625 37.289989471435546875 37.327030181884765625 37.33802032470703125 37.303546905517578125 37.25650787353515625 37.23226165771484375 37.253810882568359375 37.267597198486328125 37.25522613525390625 37.213329315185546875 37.19536590576171875 37.20769500732421875 37.24472808837890625 37.269214630126953125 37.232135772705078125 37.1605682373046875 37.146060943603515625 37.163486480712890625 37.199108123779296875 37.2331695556640625 37.291290283203125 37.322658538818359375 37.298732757568359375 37.2589111328125 37.244415283203125 37.248630523681640625 37.268909454345703125 37.31214141845703125 37.405040740966796875 37.51964569091796875 37.619358062744140625 37.69496917724609375 37.74727630615234375 37.782032012939453125 37.768398284912109375 37.7238311767578125 37.654979705810546875 37.6005706787109375 37.548954010009765625 37.501644134521484375 37.536174774169921875 37.60095977783203125
37.240589141845703125 37.27867889404296875 37.30237579345703125 37.333782196044921875 37.3521575927734375 37.338191986083984375 37.314785003662109375 37.30049896240234375 37.3067474365234375 37.304351806640625 37.275188446044921875 37.236042022705078125 37.2344970703125 37.26557159423828125 37.294586181640625 37.27336883544921875 37.18756866455078125 37.151401519775390625 37.15891265869140625 37.18022918701171875 37.21479034423828125 37.24505615234375 37.3056488037109375 37.3544769287109375 37.341335296630859375 37.290958404541015625 37.26337432861328125 37.262096405029296875 37.277515411376953125 37.33493804931640625 37.41541290283203125 37.50902557373046875 37.60607147216796875 37.683551788330078125 37.74143218994140625 37.779254913330078125 37.76366424560546875 37.712215423583984375 37.643779754638671875 37.59680938720703125 37.561695098876953125 37.556396484375 37.565341949462890625 37.58087158203125
37.24826812744140625 37.283397674560546875 37.306732177734375 37.333587646484375 37.352420806884765625 37.3548736572265625 37.350620269775390625 37.343410491943359375 37.34091949462890625 37.335235595703125 37.313091278076171875 37.29000091552734375 37.309146881103515625 37.337528228759765625 37.268436431884765625 37.196369171142578125 37.15973663330078125 37.155658721923828125 37.170215606689453125 37.193973541259765625 37.2274627685546875 37.257839202880859375 37.3216094970703125 37.38694000244140625 37.39138031005859375 37.340267181396484375 37.31381988525390625 37.31719207763671875 37.34009552001953125 37.383800506591796875 37.444965362548828125 37.52756500244140625 37.616455078125 37.688121795654296875 37.743488311767578125 37.772754669189453125 37.747528076171875 37.69899749755859375 37.65773773193359375 37.637577056884765625 37.6285247802734375 37.625034332275390625 37.5767822265625 37.568206787109375
37.266387939453125 37.29084014892578125 37.30558013916015625 37.330902099609375 37.35439300537109375 37.36725616455078125 37.370899200439453125 37.372173309326171875 37.375408172607421875 37.380710601806640625 37.3923797607421875 37.38957977294921875 37.37812042236328125 37.330715179443359375 37.221324920654296875 37.167621612548828125 37.15387725830078125 37.158878326416015625 37.17562103271484375 37.20159149169921875 37.240535736083984375 37.2749786376953125 37.341457366943359375 37.41454315185546875 37.437015533447265625 37.39348602294921875 37.37686920166015625 37.38544464111328125 37.411228179931640625 37.438953399658203125 37.487579345703125 37.555938720703125 37.62982177734375 37.693859100341796875 37.738109588623046875 37.751495361328125 37.7283935546875 37.72144317626953125 37.727264404296875 37.7401580810546875 37.716381072998046875 37.67179107666015625 37.604095458984375 37.585292816162109375
37.324687957763671875 37.304927825927734375 37.31217193603515625 37.334564208984375 37.364482879638671875 37.380496978759765625 37.38591766357421875 37.396785736083984375 37.415088653564453125 37.443004608154296875 37.486995697021484375 37.469478607177734375 37.378444671630859375 37.28619384765625 37.200519561767578125 37.159046173095703125 37.15264129638671875 37.16226959228515625 37.178020477294921875 37.20604705810546875 37.2552032470703125 37.295185089111328125 37.363292694091796875 37.440113067626953125 37.480731964111328125 37.45322418212890625 37.446460723876953125 37.445831298828125 37.459186553955078125 37.488956451416015625 37.5375213623046875 37.588130950927734375 37.641231536865234375 37.689342498779296875 37.722156524658203125 37.73148345947265625 37.737590789794921875 37.781246185302734375 37.785861968994140625 37.77761077880859375 37.74962615966796875 37.70493316650390625 37.650402069091796875 37.633174896240234375
37.429019927978515625 37.34192657470703125 37.318981170654296875 37.34506988525390625 37.37950897216796875 37.39189910888671875 37.39717864990234375 37.419109344482421875 37.464160919189453125 37.502750396728515625 37.52642059326171875 37.46239471435546875 37.36278533935546875 37.282085418701171875 37.210849761962890625 37.166095733642578125 37.154956817626953125 37.166728973388671875 37.184413909912109375 37.21543121337890625 37.26824188232421875 37.309871673583984375 37.37921142578125 37.45740509033203125 37.511981964111328125 37.513813018798828125 37.500370025634765625 37.486354827880859375 37.488689422607421875 37.519573211669921875 37.57772064208984375 37.625331878662109375 37.663448333740234375 37.690143585205078125 37.718524932861328125 37.74965667724609375 37.782253265380859375 37.8144073486328125 37.79987335205078125 37.782634735107421875 37.7623291015625 37.729160308837890625 37.690204620361328125 37.672145843505859375
37.531097412109375 37.437046051025390625 37.36505126953125 37.3647003173828125 37.3887786865234375 37.40091705322265625 37.40743255615234375 37.448154449462890625 37.518711090087890625 37.53424072265625 37.50045013427734375 37.42981719970703125 37.369842529296875 37.298763275146484375 37.23748779296875 37.189083099365234375 37.165454864501953125 37.1751251220703125 37.196521759033203125 37.22855377197265625 37.280426025390625 37.321819305419921875 37.38692474365234375 37.460842132568359375 37.5392608642578125 37.581760406494140625 37.5569000244140625 37.530384063720703125 37.523609161376953125 37.553478240966796875 37.61468505859375 37.66230010986328125 37.695636749267578125 37.717197418212890625 37.7542266845703125 37.796600341796875 37.80764007568359375 37.81018829345703125 37.797115325927734375 37.786769866943359375 37.7722625732421875 37.745304107666015625 37.712902069091796875 37.68924713134765625
37.59405517578125 37.5632476806640625 37.505859375 37.4298095703125 37.40340423583984375 37.41341400146484375 37.436595916748046875 37.490909576416015625 37.523586273193359375 37.4989166259765625 37.443637847900390625 37.418140411376953125 37.388324737548828125 37.31952667236328125 37.2623138427734375 37.219207763671875 37.186855316162109375 37.19039154052734375 37.210376739501953125 37.23946380615234375 37.28784942626953125 37.328838348388671875 37.38794708251953125 37.45543670654296875 37.5577392578125 37.6275787353515625 37.615123748779296875 37.588653564453125 37.574741363525390625 37.595325469970703125 37.645931243896484375 37.694549560546875 37.738262176513671875 37.78144073486328125 37.811450958251953125 37.79677581787109375 37.77478790283203125 37.785511016845703125 37.793750762939453125 37.791736602783203125 37.784515380859375 37.765026092529296875 37.729015350341796875 37.69562530517578125
