INPUT/RASTER/ASCII/BIO3.asc
ncols        225
nrows        269
xllcorner    473009.983799999987
yllcorner    4429051.174800000153
cellsize     50.000000000000
NODATA_value  -9999
[rows 133 to 151 of 269, columns 132 to 175 of 225]
38.0399932861328125 38.073276519775390625 38.105075836181640625 38.1177978515625 38.132640838623046875 -9999 -9999 -9999 -9999 -9999 -9999 -9999 -9999 -9999 -9999 -9999 -9999 -9999 -9999 -9999 38.25853729248046875 38.276920318603515625 38.336223602294921875 38.397312164306640625 38.416217803955078125 38.41558074951171875 38.42029571533203125 38.438465118408203125 38.473506927490234375 38.516948699951171875 38.57091522216796875 38.61502838134765625 38.65887451171875 38.690273284912109375 38.70716094970703125 38.716297149658203125 38.73084259033203125 38.75550079345703125 38.79616546630859375 38.871379852294921875 38.9398651123046875 38.95191192626953125 38.920063018798828125 38.893703460693359375
38.04634857177734375 38.07025909423828125 38.091197967529296875 38.099029541015625 -9999 -9999 -9999 -9999 -9999 -9999 -9999 -9999 -9999 -9999 -9999 -9999 -9999 -9999 -9999 -9999 38.259002685546875 38.279254913330078125 38.31333160400390625 38.375030517578125 38.417987823486328125 38.434844970703125 38.45084381103515625 38.46566009521484375 38.49275970458984375 38.5391693115234375 38.597873687744140625 38.6328887939453125 38.6690216064453125 38.7058258056640625 38.7258453369140625 38.73931121826171875 38.753269195556640625 38.7710418701171875 38.80640411376953125 38.874111175537109375 38.9402008056640625 38.94689178466796875 38.9217987060546875 38.909145355224609375
38.049594879150390625 38.0655059814453125 38.080730438232421875 38.096797943115234375 -9999 -9999 -9999 -9999 -9999 -9999 -9999 -9999 -9999 -9999 -9999 -9999 -9999 -9999 -9999 -9999 -9999 38.270904541015625 38.292724609375 38.356327056884765625 38.42017364501953125 38.447978973388671875 38.473682403564453125 38.491123199462890625 38.513774871826171875 38.5671234130859375 38.623401641845703125 38.654293060302734375 38.694522857666015625 38.7327423095703125 38.74530792236328125 38.756732940673828125 38.768863677978515625 38.785121917724609375 38.82392120361328125 38.881717681884765625 38.941555023193359375 38.9555816650390625 38.92983245849609375 38.915775299072265625
38.0462799072265625 38.050373077392578125 -9999 -9999 -9999 -9999 -9999 -9999 -9999 -9999 -9999 -9999 -9999 -9999 -9999 -9999 -9999 -9999 -9999 -9999 -9999 38.26396942138671875 38.280735015869140625 38.346607208251953125 38.4232177734375 38.4580078125 38.491252899169921875 38.512905120849609375 38.539455413818359375 38.592693328857421875 38.64797210693359375 38.6815643310546875 38.727489471435546875 38.762908935546875 38.769657135009765625 38.772876739501953125 38.778972625732421875 38.7955474853515625 38.8366546630859375 38.888042449951171875 38.949188232421875 38.979339599609375 38.955303192138671875 38.936122894287109375
-9999 -9999 -9999 -9999 -9999 -9999 -9999 -9999 -9999 -9999 -9999 -9999 -9999 -9999 -9999 -9999 -9999 -9999 -9999 -9999 -9999 38.2626495361328125 38.284564971923828125 38.343303680419921875 38.4211883544921875 38.46056365966796875 38.501560211181640625 38.534168243408203125 38.5741119384765625 38.623668670654296875 38.67864227294921875 38.7158050537109375 38.76105499267578125 38.7895660400390625 38.792209625244140625 38.78853607177734375 38.788299560546875 38.79986572265625 38.833713531494140625 38.881092071533203125 38.95284271240234375 39.001697540283203125 38.98273468017578125 38.96439361572265625
-9999 -9999 -9999 -9999 -9999 -9999 -9999 -9999 -9999 -9999 -9999 -9999 -9999 -9999 -9999 -9999 -9999 -9999 -9999 -9999 -9999 -9999 38.291866302490234375 38.337833404541015625 38.4051971435546875 38.445339202880859375 38.50022125244140625 38.56311798095703125 38.6196746826171875 38.6664276123046875 38.72434234619140625 38.760833740234375 38.7944183349609375 38.81427764892578125 38.810581207275390625 38.80205535888671875 38.794712066650390625 38.796955108642578125 38.813507080078125 38.84828948974609375 38.9231719970703125 38.98596954345703125 38.98443603515625 38.974498748779296875
-9999 -9999 -9999 -9999 -9999 -9999 -9999 -9999 -9999 -9999 -9999 -9999 -9999 -9999 -9999 -9999 -9999 -9999 -9999 -9999 -9999 -9999 38.279956817626953125 38.31253814697265625 38.361240386962890625 38.40412139892578125 38.4844970703125 38.578914642333984375 38.656017303466796875 38.714473724365234375 38.769298553466796875 38.79761505126953125 38.815700531005859375 38.82424163818359375 38.815155029296875 38.799358367919921875 38.78509521484375 38.78241729736328125 38.78478240966796875 38.80117034912109375 38.853847503662109375 38.91425323486328125 38.94298553466796875 38.95160675048828125
-9999 -9999 -9999 -9999 -9999 -9999 -9999 -9999 -9999 -9999 -9999 -9999 -9999 -9999 -9999 -9999 -9999 -9999 -9999 -9999 -9999 -9999 -9999 38.27080535888671875 38.31226348876953125 38.36525726318359375 38.46166229248046875 38.5667877197265625 38.66870880126953125 38.740039825439453125 38.7831268310546875 38.80294036865234375 38.81647491455078125 38.81787109375 38.806060791015625 38.78969573974609375 38.778438568115234375 38.780147552490234375 38.79013824462890625 38.80474090576171875 38.834697723388671875 38.88083648681640625 38.93065643310546875 38.950267791748046875
-9999 -9999 -9999 -9999 38.001529693603515625 38.003936767578125 38.0076751708984375 38.019287109375 38.032436370849609375 38.046051025390625 38.05773162841796875 38.069927215576171875 38.097141265869140625 38.1361541748046875 38.144176483154296875 -9999 -9999 -9999 -9999 -9999 -9999 -9999 -9999 38.2434844970703125 38.303104400634765625 38.36347198486328125 38.45679473876953125 38.5708465576171875 38.698211669921875 38.786350250244140625 38.82720184326171875 38.841976165771484375 38.850681304931640625 38.851139068603515625 38.839839935302734375 38.82498931884765625 38.819431304931640625 38.825382232666015625 38.840877532958984375 38.8563232421875 38.870746612548828125 38.897640228271484375 38.948040008544921875 38.96920013427734375
-9999 -9999 -9999 37.991245269775390625 37.99469757080078125 37.99945831298828125 38.003448486328125 38.013393402099609375 38.0250701904296875 38.0413818359375 38.057605743408203125 38.082489013671875 38.109882354736328125 38.136501312255859375 38.1425323486328125 38.132961273193359375 -9999 -9999 -9999 -9999 -9999 -9999 -9999 38.224880218505859375 38.294551849365234375 38.3521575927734375 38.442413330078125 38.567104339599609375 38.70854949951171875 38.81201171875 38.85857391357421875 38.873394012451171875 38.881229400634765625 38.88097381591796875 38.868255615234375 38.855754852294921875 38.857944488525390625 38.868740081787109375 38.890308380126953125 38.906314849853515625 38.911258697509765625 38.92420196533203125 38.958408355712890625 38.970867156982421875
-9999 -9999 -9999 37.986965179443359375 37.988857269287109375 37.993900299072265625 37.998897552490234375 38.00563812255859375 38.017536163330078125 38.036159515380859375 38.064647674560546875 38.099033355712890625 38.1165313720703125 38.128650665283203125 38.1311492919921875 38.130645751953125 -9999 -9999 -9999 -9999 -9999 -9999 -9999 38.230937957763671875 38.28265380859375 38.328044891357421875 38.415645599365234375 38.546848297119140625 38.69197845458984375 38.7968292236328125 38.84873199462890625 38.868488311767578125 38.88327789306640625 38.884601593017578125 38.871189117431640625 38.861431121826171875 38.865634918212890625 38.877262115478515625 38.903133392333984375 38.9239349365234375 38.927028656005859375 38.93207550048828125 38.945079803466796875 38.94229888916015625
-9999 -9999 -9999 37.98345947265625 37.9854583740234375 37.990875244140625 37.995880126953125 38.003173828125 38.022411346435546875 38.047153472900390625 38.080318450927734375 38.101757049560546875 38.11043548583984375 38.11881256103515625 38.1198577880859375 38.119342803955078125 -9999 -9999 -9999 -9999 -9999 -9999 -9999 38.251132965087890625 38.280971527099609375 38.311359405517578125 38.38944244384765625 38.521697998046875 38.671962738037109375 38.774326324462890625 38.831295013427734375 38.860111236572265625 38.888004302978515625 38.893817901611328125 38.882801055908203125 38.88112640380859375 38.8827972412109375 38.88506317138671875 38.900051116943359375 38.921665191650390625 38.92725372314453125 38.92087554931640625 38.9105072021484375 38.8959503173828125
-9999 -9999 -9999 37.982685089111328125 37.98542022705078125 37.99054718017578125 37.995227813720703125 38.00615692138671875 38.038364410400390625 38.072269439697265625 38.09027099609375 38.098667144775390625 -9999 -9999 -9999 -9999 -9999 -9999 -9999 -9999 -9999 -9999 -9999 38.280292510986328125 38.28304290771484375 38.308734893798828125 38.383769989013671875 38.519237518310546875 38.67610931396484375 38.78209686279296875 38.841609954833984375 38.878173828125 38.919651031494140625 38.9268951416015625 38.91974639892578125 38.9301300048828125 38.930385589599609375 38.9235992431640625 38.92324066162109375 38.92922210693359375 38.923740386962890625 38.90859222412109375 38.8873748779296875 38.8690948486328125
-9999 -9999 -9999 37.975086212158203125 37.9799346923828125 37.987468719482421875 37.9934234619140625 38.011783599853515625 38.05223846435546875 38.086688995361328125 38.09674072265625 38.102931976318359375 -9999 -9999 -9999 -9999 -9999 -9999 -9999 -9999 -9999 -9999 -9999 38.283107757568359375 38.2861328125 38.314449310302734375 38.395572662353515625 38.53525543212890625 38.69232177734375 38.80450439453125 38.860881805419921875 38.903995513916015625 38.95594024658203125 38.96155548095703125 38.96327972412109375 38.984668731689453125 38.981975555419921875 38.970859527587890625 38.9576416015625 38.936000823974609375 38.910068511962890625 38.89319610595703125 38.8734588623046875 38.856372833251953125
-9999 37.95436859130859375 37.962680816650390625 37.967342376708984375 37.972431182861328125 37.98030853271484375 37.990535736083984375 38.025432586669921875 38.0692291259765625 38.0901947021484375 38.10308837890625 38.109127044677734375 -9999 38.119171142578125 38.116718292236328125 38.111789703369140625 38.114658355712890625 38.127613067626953125 38.13531494140625 -9999 -9999 -9999 -9999 38.27007293701171875 38.27326202392578125 38.3067474365234375 38.3992462158203125 38.5396728515625 38.699199676513671875 38.826507568359375 38.889347076416015625 38.937633514404296875 38.992244720458984375 38.995273590087890625 39.00738525390625 39.02182769775390625 38.99439239501953125 38.969699859619140625 38.93842315673828125 38.9112548828125 38.892040252685546875 38.8780975341796875 38.860034942626953125 38.8451080322265625
37.949962615966796875 37.953060150146484375 37.9571990966796875 37.962635040283203125 37.968715667724609375 37.9850921630859375 38.009952545166015625 38.04876708984375 38.07382965087890625 38.090343475341796875 38.105106353759765625 38.1133880615234375 38.125629425048828125 38.120532989501953125 38.1171875 38.1136016845703125 38.11746978759765625 38.131256103515625 38.148609161376953125 38.1949005126953125 38.21668243408203125 38.21906280517578125 -9999 38.2576751708984375 38.261260986328125 38.296474456787109375 38.38702392578125 38.523029327392578125 38.688610076904296875 38.83063507080078125 38.904544830322265625 38.957248687744140625 39.01674652099609375 39.027374267578125 39.03400421142578125 39.01995849609375 38.969867706298828125 38.9376373291015625 38.904827117919921875 38.889190673828125 38.880878448486328125 38.869476318359375 38.851650238037109375 38.837127685546875
37.947254180908203125 37.947536468505859375 37.951030731201171875 37.95775604248046875 37.97325897216796875 38.006595611572265625 38.0384368896484375 38.057422637939453125 38.07344818115234375 38.09357452392578125 38.113849639892578125 38.130649566650390625 38.139812469482421875 38.12985992431640625 38.126026153564453125 38.1273040771484375 38.13427734375 38.15360260009765625 38.17646026611328125 38.205150604248046875 38.219303131103515625 38.2207794189453125 38.22608184814453125 38.2353973388671875 38.254566192626953125 38.285400390625 38.366634368896484375 38.4992523193359375 38.663814544677734375 38.809444427490234375 38.888607025146484375 38.949222564697265625 39.021617889404296875 39.04564666748046875 39.049510955810546875 39.017635345458984375 38.95488739013671875 38.923252105712890625 38.89679718017578125 38.8868408203125 38.883403778076171875 38.8739776611328125 38.857036590576171875 38.843898773193359375
37.937160491943359375 37.9374237060546875 37.94194793701171875 37.95470428466796875 37.98651885986328125 38.02402496337890625 38.044269561767578125 38.057403564453125 38.074832916259765625 38.10033416748046875 38.136272430419921875 38.169155120849609375 38.176250457763671875 38.166561126708984375 38.168109893798828125 38.1741485595703125 38.180145263671875 38.201366424560546875 38.222137451171875 38.229248046875 38.22612762451171875 38.22403717041015625 38.2277984619140625 38.232990264892578125 38.247943878173828125 38.2728118896484375 38.343257904052734375 38.466899871826171875 38.62444305419921875 38.768115997314453125 38.84960174560546875 38.916141510009765625 39.0066986083984375 39.05865478515625 39.070728302001953125 39.029598236083984375 38.9647216796875 38.93547821044921875 38.911895751953125 38.900508880615234375 38.895885467529296875 38.88964080810546875 38.880840301513671875 38.874156951904296875
37.9177093505859375 37.92287445068359375 37.933399200439453125 37.96279144287109375 38.0043792724609375 38.0289154052734375 38.04108428955078125 38.056034088134765625 38.077205657958984375 38.107715606689453125 38.160633087158203125 38.217136383056640625 38.236026763916015625 38.23792266845703125 38.26163482666015625 38.278888702392578125 38.2827911376953125 38.2807769775390625 38.27060699462890625 38.25212860107421875 38.23260498046875 38.225566864013671875 38.226696014404296875 38.229869842529296875 38.2429351806640625 38.2631988525390625 38.320415496826171875 38.42667388916015625 38.572895050048828125 38.717395782470703125 38.8043212890625 38.8725128173828125 38.975193023681640625 39.065349578857421875 39.08868408203125 39.0458984375 38.993785858154296875 38.96820831298828125 38.94142913818359375 38.922054290771484375 38.909755706787109375 38.908172607421875 38.91487884521484375 38.919727325439453125
