INPUT/RASTER/ASCII/BIO4.asc
ncols        225
nrows        269
xllcorner    473009.983799999987
yllcorner    4429051.174800000153
cellsize     50.000000000000
NODATA_value  -9999
[rows 105 to 125 of 269, columns 94 to 140 of 225]
577.1854248046875 577.06634521484375 577.048095703125 577.4222412109375 577.96929931640625 578.14727783203125 578.1617431640625 578.15203857421875 578.14129638671875 578.14581298828125 578.17584228515625 578.23883056640625 578.32781982421875 578.42059326171875 578.461669921875 578.4752197265625 578.44427490234375 578.34796142578125 578.17425537109375 578.13397216796875 578.227783203125 578.37652587890625 578.56329345703125 578.6922607421875 578.83856201171875 578.9991455078125 579.08441162109375 579.1053466796875 579.10821533203125 -9999 -9999 -9999 -9999 -9999 -9999 -9999 -9999 -9999 -9999 -9999 -9999 -9999 -9999 -9999 -9999 -9999 -9999
577.37432861328125 577.214599609375 577.34619140625 577.9161376953125 578.114501953125 578.11712646484375 578.1241455078125 578.116943359375 578.112060546875 578.11444091796875 578.14434814453125 578.2254638671875 578.33770751953125 578.43084716796875 578.46759033203125 578.48016357421875 578.453369140625 578.3790283203125 578.21392822265625 578.13739013671875 578.20672607421875 578.304931640625 578.41900634765625 578.51959228515625 578.6822509765625 578.876953125 578.9920654296875 579.02587890625 579.0338134765625 579.01458740234375 -9999 -9999 -9999 -9999 -9999 -9999 -9999 -9999 -9999 -9999 -9999 -9999 -9999 -9999 -9999 -9999 -9999
577.41754150390625 577.34332275390625 577.5867919921875 578.071533203125 578.08447265625 578.06884765625 578.08477783203125 578.0780029296875 578.0689697265625 578.074951171875 578.1180419921875 578.2225341796875 578.3477783203125 578.4365234375 578.46771240234375 578.4793701171875 578.4642333984375 578.4178466796875 578.3092041015625 578.23602294921875 578.23907470703125 578.2701416015625 578.3236083984375 578.3770751953125 578.495849609375 578.68878173828125 578.8438720703125 578.90887451171875 578.96038818359375 578.97174072265625 578.97222900390625 578.97540283203125 -9999 -9999 -9999 -9999 -9999 -9999 -9999 -9999 -9999 -9999 -9999 -9999 -9999 -9999 -9999
577.56048583984375 577.82373046875 578.03753662109375 578.09088134765625 578.04046630859375 578.02142333984375 578.042236328125 578.04998779296875 578.05023193359375 578.0670166015625 578.12994384765625 578.243896484375 578.34521484375 578.41375732421875 578.4398193359375 578.4532470703125 578.461181640625 578.467529296875 578.47320556640625 578.42767333984375 578.371337890625 578.34088134765625 578.31011962890625 578.28302001953125 578.32183837890625 578.475830078125 578.65167236328125 578.7535400390625 578.855712890625 578.90447998046875 578.92584228515625 578.94952392578125 578.93157958984375 -9999 -9999 -9999 -9999 -9999 -9999 -9999 -9999 -9999 -9999 -9999 -9999 -9999 -9999
578.08563232421875 578.21417236328125 578.20513916015625 578.10809326171875 578.0386962890625 578.00750732421875 578.018310546875 578.03826904296875 578.05462646484375 578.097412109375 578.17181396484375 578.25830078125 578.322998046875 578.373046875 578.394287109375 578.41558837890625 578.4666748046875 578.53582763671875 578.59326171875 578.5989990234375 578.56036376953125 578.4874267578125 578.35186767578125 578.24383544921875 578.22247314453125 578.32806396484375 578.495361328125 578.62078857421875 578.75677490234375 578.82684326171875 578.85546875 578.886474609375 578.91558837890625 578.9111328125 -9999 -9999 -9999 -9999 -9999 -9999 -9999 -9999 -9999 -9999 -9999 -9999 -9999
578.33587646484375 578.313232421875 578.22625732421875 578.1231689453125 578.04803466796875 578.0155029296875 578.02056884765625 578.0399169921875 578.06072998046875 578.11614990234375 578.19354248046875 578.26416015625 578.31304931640625 578.3516845703125 578.3714599609375 578.41357421875 578.489013671875 578.55755615234375 578.611083984375 578.64349365234375 578.6295166015625 578.5511474609375 578.3612060546875 578.21612548828125 578.17529296875 578.26800537109375 578.435546875 578.570556640625 578.70770263671875 578.77716064453125 578.80535888671875 578.82952880859375 578.86859130859375 578.9033203125 578.9344482421875 -9999 -9999 -9999 -9999 -9999 -9999 -9999 -9999 -9999 -9999 -9999 -9999
578.31878662109375 578.29974365234375 578.2340087890625 578.1314697265625 578.0576171875 578.02984619140625 578.03387451171875 578.04559326171875 578.0626220703125 578.12396240234375 578.20526123046875 578.271240234375 578.31378173828125 578.34613037109375 578.373779296875 578.44488525390625 578.5091552734375 578.54803466796875 578.59368896484375 578.6292724609375 578.626708984375 578.56524658203125 578.38470458984375 578.1944580078125 578.1187744140625 578.2183837890625 578.3836669921875 578.5318603515625 578.66387939453125 578.7318115234375 578.76171875 578.77740478515625 578.80712890625 578.859619140625 578.89495849609375 -9999 -9999 -9999 -9999 -9999 -9999 -9999 -9999 -9999 -9999 -9999 -9999
578.24591064453125 578.24224853515625 578.2000732421875 578.1217041015625 578.0679931640625 578.04949951171875 578.05328369140625 578.05902099609375 578.07183837890625 578.13641357421875 578.22064208984375 578.2803955078125 578.322998046875 578.37506103515625 578.421875 578.4876708984375 578.514892578125 578.53216552734375 578.56671142578125 578.59613037109375 578.6002197265625 578.56048583984375 578.40692138671875 578.16790771484375 578.04315185546875 578.14080810546875 578.27410888671875 578.44610595703125 578.58135986328125 578.6531982421875 578.689208984375 578.6910400390625 578.7025146484375 578.752197265625 578.78778076171875 -9999 -9999 -9999 -9999 -9999 -9999 -9999 -9999 -9999 -9999 -9999 -9999
578.17364501953125 578.18536376953125 578.159423828125 578.111328125 578.08306884765625 578.07489013671875 578.08203125 578.08819580078125 578.09930419921875 578.1500244140625 578.2255859375 578.2845458984375 578.35272216796875 578.46051025390625 578.509765625 578.5211181640625 578.52508544921875 578.52679443359375 578.53936767578125 578.55096435546875 578.54852294921875 578.51007080078125 578.3687744140625 578.129638671875 577.99432373046875 578.07659912109375 578.19305419921875 578.3531494140625 578.47149658203125 578.529296875 578.5718994140625 578.56365966796875 578.54681396484375 578.5989990234375 578.6375732421875 -9999 -9999 -9999 -9999 -9999 -9999 -9999 -9999 -9999 -9999 -9999 -9999
578.10601806640625 578.12591552734375 578.11614990234375 578.09735107421875 578.086669921875 578.08807373046875 578.10308837890625 578.11163330078125 578.1087646484375 578.12872314453125 578.194580078125 578.27874755859375 578.403564453125 578.51904296875 578.55206298828125 578.5528564453125 578.5413818359375 578.529541015625 578.5205078125 578.5174560546875 578.5118408203125 578.46405029296875 578.3125 578.0904541015625 577.9588623046875 578.0120849609375 578.1065673828125 578.2474365234375 578.360107421875 578.40478515625 578.41357421875 578.38494873046875 578.3648681640625 578.41357421875 578.4490966796875 -9999 -9999 -9999 -9999 -9999 -9999 -9999 -9999 -9999 -9999 -9999 -9999
578.0057373046875 578.02471923828125 578.0283203125 578.0308837890625 578.037353515625 578.0572509765625 578.0770263671875 578.0823974609375 578.0689697265625 578.07208251953125 578.1556396484375 578.28179931640625 578.42578125 578.54046630859375 578.578369140625 578.584228515625 578.563720703125 578.53851318359375 578.523681640625 578.52313232421875 578.5145263671875 578.45281982421875 578.2900390625 578.08251953125 577.94500732421875 577.9544677734375 578.0186767578125 578.13909912109375 578.2542724609375 578.28948974609375 578.26336669921875 578.2391357421875 578.23956298828125 578.28656005859375 578.3199462890625 -9999 -9999 -9999 -9999 -9999 -9999 -9999 -9999 -9999 -9999 -9999 -9999
577.88995361328125 577.90643310546875 577.91424560546875 577.92718505859375 577.95550537109375 577.99346923828125 578.004150390625 578.00604248046875 578.00146484375 578.02587890625 578.1361083984375 578.26898193359375 578.4141845703125 578.54852294921875 578.60137939453125 578.62176513671875 578.6021728515625 578.56719970703125 578.542724609375 578.52825927734375 578.50677490234375 578.43109130859375 578.2725830078125 578.08843994140625 577.9505615234375 577.92523193359375 577.96075439453125 578.048583984375 578.14739990234375 578.17962646484375 578.16650390625 578.18328857421875 578.20654296875 578.25262451171875 578.28497314453125 -9999 -9999 -9999 -9999 -9999 -9999 -9999 -9999 -9999 -9999 -9999 -9999
577.7625732421875 577.78082275390625 577.78948974609375 577.80780029296875 577.85076904296875 577.8896484375 577.9002685546875 577.91363525390625 577.94012451171875 578.01080322265625 578.1119384765625 578.23468017578125 578.3896484375 578.55670166015625 578.630859375 578.66748046875 578.65423583984375 578.610595703125 578.55926513671875 578.51116943359375 578.47442626953125 578.39990234375 578.2591552734375 578.10736083984375 577.9825439453125 577.9227294921875 577.92462158203125 577.971435546875 578.03485107421875 578.072021484375 578.09930419921875 578.15753173828125 578.19976806640625 578.245849609375 578.28253173828125 -9999 -9999 -9999 -9999 -9999 -9999 -9999 -9999 -9999 -9999 -9999 -9999
577.6224365234375 577.64105224609375 577.6578369140625 577.6895751953125 577.73822021484375 577.77947998046875 577.81787109375 577.85748291015625 577.91265869140625 577.98211669921875 578.0604248046875 578.19586181640625 578.35845947265625 578.55303955078125 578.6512451171875 578.704345703125 578.69110107421875 578.635986328125 578.5648193359375 578.5023193359375 578.46246337890625 578.4000244140625 578.27362060546875 578.14215087890625 578.03192138671875 577.94427490234375 577.91534423828125 577.93115234375 577.9725341796875 578.01739501953125 578.0731201171875 578.14361572265625 578.18792724609375 578.21429443359375 -9999 -9999 -9999 -9999 -9999 -9999 -9999 -9999 -9999 -9999 -9999 -9999 -9999
577.523681640625 577.54193115234375 577.56671142578125 577.61181640625 577.66412353515625 577.71954345703125 577.791015625 577.86395263671875 577.9093017578125 577.939453125 578.01409912109375 578.1566162109375 578.31427001953125 578.51678466796875 578.63104248046875 578.7001953125 578.6873779296875 578.625244140625 578.547119140625 578.4923095703125 578.46173095703125 578.41351318359375 578.3092041015625 578.1876220703125 578.07843017578125 577.9747314453125 577.92840576171875 577.9232177734375 577.95489501953125 578.0008544921875 578.063720703125 578.1400146484375 578.1849365234375 -9999 -9999 -9999 -9999 -9999 -9999 -9999 -9999 -9999 -9999 -9999 -9999 -9999 -9999
577.4700927734375 577.48858642578125 577.51397705078125 577.5577392578125 577.618896484375 577.7003173828125 577.79705810546875 577.86053466796875 577.878173828125 577.88592529296875 577.96258544921875 578.10821533203125 578.24749755859375 578.42156982421875 578.53631591796875 578.6363525390625 578.64324951171875 578.58172607421875 578.50030517578125 578.45098876953125 578.423828125 578.3917236328125 578.3341064453125 578.23248291015625 578.11566162109375 578.006591796875 577.95306396484375 577.9305419921875 577.9490966796875 577.9918212890625 578.0550537109375 578.14666748046875 578.21099853515625 -9999 -9999 -9999 -9999 -9999 -9999 -9999 -9999 -9999 -9999 -9999 -9999 -9999 -9999
577.36810302734375 577.41259765625 577.44708251953125 577.47552490234375 577.5723876953125 577.70184326171875 577.76519775390625 577.78277587890625 577.77630615234375 577.76019287109375 577.8294677734375 577.9842529296875 578.10906982421875 578.2379150390625 578.33428955078125 578.46429443359375 578.51373291015625 578.4722900390625 578.39666748046875 578.3489990234375 578.31561279296875 578.283203125 578.28814697265625 578.235107421875 578.12615966796875 578.0274658203125 577.9755859375 577.9432373046875 577.9476318359375 577.9849853515625 578.04925537109375 578.1683349609375 578.25555419921875 -9999 -9999 -9999 -9999 -9999 -9999 -9999 -9999 -9999 -9999 -9999 -9999 -9999 -9999
577.19580078125 577.28814697265625 577.34783935546875 577.39825439453125 577.517333984375 577.63262939453125 577.67413330078125 577.66607666015625 577.652587890625 577.64984130859375 577.70849609375 577.82391357421875 577.93634033203125 578.0670166015625 578.1683349609375 578.31719970703125 578.38995361328125 578.3634033203125 578.27398681640625 578.205078125 578.170654296875 578.14056396484375 578.164794921875 578.154541015625 578.080810546875 578.003662109375 577.96380615234375 577.9393310546875 577.94171142578125 577.97479248046875 578.0455322265625 578.1893310546875 578.3016357421875 578.43707275390625 578.49835205078125 578.684814453125 578.718505859375 -9999 -9999 -9999 -9999 -9999 -9999 -9999 -9999 -9999 -9999
577.08843994140625 577.18597412109375 577.2655029296875 577.352783203125 577.45477294921875 577.5330810546875 577.5579833984375 577.54046630859375 577.53375244140625 577.56341552734375 577.6337890625 577.712890625 577.79925537109375 577.93505859375 578.0474853515625 578.2119140625 578.3035888671875 578.285888671875 578.176025390625 578.08819580078125 578.05548095703125 578.02569580078125 578.03564453125 578.03759765625 577.99322509765625 577.94970703125 577.92779541015625 577.91217041015625 577.91986083984375 577.9600830078125 578.05023193359375 578.21759033203125 578.34893798828125 578.4510498046875 578.56292724609375 578.6947021484375 578.73883056640625 -9999 -9999 -9999 -9999 -9999 -9999 -9999 -9999 -9999 -9999
577.01708984375 577.1048583984375 577.20355224609375 577.30059814453125 577.38543701171875 577.43743896484375 577.4468994140625 577.43572998046875 577.43505859375 577.47454833984375 577.55780029296875 577.633056640625 577.70404052734375 577.8289794921875 577.94110107421875 578.11883544921875 578.23065185546875 578.21807861328125 578.0989990234375 578.0035400390625 577.9730224609375 577.945068359375 577.9404296875 577.9298095703125 577.902587890625 577.8909912109375 577.8800048828125 577.85919189453125 577.87652587890625 577.94378662109375 578.06988525390625 578.26177978515625 578.39703369140625 578.49334716796875 578.61376953125 578.72698974609375 578.794189453125 -9999 -9999 -9999 -9999 -9999 -9999 -9999 -9999 -9999 -9999
576.9779052734375 577.06817626953125 577.14251708984375 577.2156982421875 577.3017578125 577.34161376953125 577.34149169921875 577.33465576171875 577.3316650390625 577.35748291015625 577.4423828125 577.52911376953125 577.602783203125 577.7225341796875 577.82916259765625 578.005126953125 578.12200927734375 578.1146240234375 578.01275634765625 577.925537109375 577.8980712890625 577.88140869140625 577.8795166015625 577.86041259765625 577.83697509765625 577.8311767578125 577.81903076171875 577.79022216796875 577.83441162109375 577.955810546875 578.124755859375 578.331787109375 578.4637451171875 578.55181884765625 578.66375732421875 578.777587890625 578.86846923828125 578.91552734375 -9999 -9999 -9999 -9999 -9999 -9999 -9999 -9999 -9999
