INPUT/RASTER/ASCII/BIO4.asc
ncols        225
nrows        269
xllcorner    473009.983799999987
yllcorner    4429051.174800000153
cellsize     50.000000000000
NODATA_value  -9999
[rows 147 to 167 of 269, columns 0 to 46 of 225]
-9999 -9999 -9999 -9999 -9999 -9999 -9999 557.38482666015625 557.46209716796875 557.60528564453125 557.88916015625 558.24322509765625 558.544677734375 558.72406005859375 558.8106689453125 558.89715576171875 559.00946044921875 559.1734619140625 559.65228271484375 560.50091552734375 561.00140380859375 561.128173828125 561.25286865234375 561.3760986328125 561.4959716796875 561.61614990234375 561.68841552734375 561.718017578125 561.74139404296875 561.763427734375 561.98614501953125 562.4937744140625 562.8095703125 562.90289306640625 563.02496337890625 563.12445068359375 563.195068359375 563.2757568359375 563.382080078125 563.45599365234375 563.56915283203125 564.00042724609375 565.2935791015625 565.92559814453125 566.1580810546875 566.2620849609375 566.34454345703125
-9999 -9999 -9999 -9999 -9999 -9999 -9999 557.35638427734375 557.42059326171875 557.594970703125 557.89605712890625 558.319580078125 558.686279296875 558.88836669921875 558.97235107421875 559.0523681640625 559.18536376953125 559.4891357421875 560.23980712890625 560.8505859375 561.02569580078125 561.09722900390625 561.21295166015625 561.32855224609375 561.43634033203125 561.54180908203125 561.6192626953125 561.65087890625 561.66326904296875 561.75091552734375 562.18365478515625 562.6234130859375 562.7943115234375 562.87652587890625 562.96917724609375 563.03448486328125 563.08880615234375 563.17724609375 563.30364990234375 563.39093017578125 563.604736328125 564.42938232421875 565.56036376953125 565.96734619140625 566.1165771484375 566.20648193359375 566.2786865234375
-9999 -9999 -9999 -9999 -9999 -9999 557.30029296875 557.362548828125 557.44512939453125 557.702880859375 558.0234375 558.35662841796875 558.666748046875 558.883056640625 558.97882080078125 559.05584716796875 559.28350830078125 559.97552490234375 560.6876220703125 560.93353271484375 561.03564453125 561.10345458984375 561.20703125 561.3109130859375 561.41461181640625 561.51641845703125 561.5875244140625 561.61114501953125 561.64544677734375 561.92669677734375 562.3597412109375 562.57708740234375 562.7054443359375 562.790771484375 562.88421630859375 562.9422607421875 562.99951171875 563.1102294921875 563.2618408203125 563.39898681640625 564.00323486328125 565.18084716796875 565.7684326171875 565.93414306640625 566.06427001953125 566.1419677734375 566.21087646484375
-9999 -9999 -9999 -9999 -9999 -9999 557.31805419921875 557.41290283203125 557.56915283203125 557.8892822265625 558.142822265625 558.34771728515625 558.6134033203125 558.83294677734375 558.9271240234375 559.04766845703125 559.6156005859375 560.4378662109375 560.79736328125 560.93548583984375 561.03485107421875 561.1026611328125 561.2025146484375 561.30523681640625 561.412841796875 561.51416015625 561.6005859375 561.6490478515625 561.78509521484375 562.13848876953125 562.359619140625 562.51116943359375 562.6312255859375 562.71612548828125 562.81170654296875 562.87738037109375 562.951171875 563.07733154296875 563.34710693359375 563.76007080078125 564.76361083984375 565.541015625 565.7628173828125 565.8946533203125 566.013671875 566.083984375 566.1488037109375
-9999 -9999 -9999 -9999 -9999 557.21710205078125 557.2667236328125 557.4713134765625 557.70428466796875 558.0469970703125 558.21759033203125 558.34368896484375 558.57769775390625 558.7808837890625 558.90594482421875 559.28619384765625 560.08447265625 560.57464599609375 560.76751708984375 560.9027099609375 561.0107421875 561.08477783203125 561.18951416015625 561.2965087890625 561.40838623046875 561.5435791015625 561.81207275390625 561.982177734375 562.0611572265625 562.18170166015625 562.29180908203125 562.43975830078125 562.55914306640625 562.64581298828125 562.75146484375 562.83966064453125 562.94110107421875 563.1571044921875 563.96319580078125 564.74053955078125 565.3162841796875 565.60150146484375 565.7252197265625 565.84228515625 565.95587158203125 566.028564453125 566.0914306640625
-9999 -9999 -9999 -9999 -9999 557.19573974609375 557.233154296875 557.46173095703125 557.70123291015625 558.0198974609375 558.185791015625 558.30914306640625 558.51312255859375 558.75469970703125 559.082275390625 559.7454833984375 560.302978515625 560.52703857421875 560.681640625 560.81561279296875 560.94097900390625 561.0316162109375 561.15350341796875 561.32733154296875 561.50933837890625 561.7071533203125 562.04193115234375 562.144287109375 562.12933349609375 562.1259765625 562.203369140625 562.35479736328125 562.48114013671875 562.56982421875 562.68402099609375 562.84033203125 563.17938232421875 563.73583984375 564.75506591796875 565.2860107421875 565.43505859375 565.55780029296875 565.66961669921875 565.78094482421875 565.890869140625 565.9658203125 566.0374755859375
-9999 -9999 -9999 -9999 -9999 557.1864013671875 557.23095703125 557.36285400390625 557.51702880859375 557.8095703125 558.0556640625 558.237060546875 558.4810791015625 558.98675537109375 559.47686767578125 559.99932861328125 560.25335693359375 560.41790771484375 560.568359375 560.69769287109375 560.83685302734375 560.94622802734375 561.1346435546875 561.49029541015625 561.79925537109375 561.9344482421875 562.05157470703125 562.0638427734375 562.05035400390625 562.05035400390625 562.11981201171875 562.27081298828125 562.406982421875 562.49578857421875 562.6220703125 563.0135498046875 563.9345703125 564.6458740234375 565.119873046875 565.2703857421875 565.35919189453125 565.47747802734375 565.60052490234375 565.7138671875 565.821044921875 565.8968505859375 565.9808349609375
-9999 -9999 -9999 -9999 -9999 -9999 557.266357421875 557.2515869140625 557.301513671875 557.55181884765625 557.88397216796875 558.1568603515625 558.66912841796875 559.49127197265625 559.8065185546875 560.0013427734375 560.15045166015625 560.31488037109375 560.4664306640625 560.61572265625 560.76898193359375 560.9117431640625 561.2508544921875 561.6890869140625 561.92401123046875 561.9678955078125 561.96270751953125 561.966064453125 561.97314453125 562.0020751953125 562.0804443359375 562.2265625 562.36279296875 562.44683837890625 562.60009765625 563.3575439453125 564.59625244140625 565.00958251953125 565.13671875 565.197509765625 565.2822265625 565.40899658203125 565.54095458984375 565.65875244140625 565.7635498046875 565.8349609375 565.92401123046875
-9999 -9999 -9999 -9999 -9999 -9999 557.2750244140625 557.12005615234375 557.1446533203125 557.39947509765625 557.7918701171875 558.13580322265625 559.05230712890625 559.75701904296875 559.869140625 559.9378662109375 560.0572509765625 560.20379638671875 560.361083984375 560.56524658203125 560.7427978515625 560.97589111328125 561.4600830078125 561.7659912109375 561.87890625 561.90545654296875 561.888671875 561.88104248046875 561.89849853515625 561.95751953125 562.05511474609375 562.200439453125 562.3311767578125 562.415283203125 562.6602783203125 563.70745849609375 564.7740478515625 564.9739990234375 565.072998046875 565.13238525390625 565.21954345703125 565.34332275390625 565.4732666015625 565.60467529296875 565.7147216796875 565.78143310546875 565.8658447265625
-9999 -9999 -9999 -9999 -9999 -9999 -9999 556.97674560546875 556.97259521484375 557.3037109375 557.7843017578125 558.3211669921875 559.276611328125 559.75531005859375 559.83001708984375 559.88812255859375 559.9786376953125 560.08355712890625 560.2626953125 560.62481689453125 560.91510009765625 561.2186279296875 561.5740966796875 561.6953125 561.78118896484375 561.83074951171875 561.8212890625 561.82232666015625 561.8533935546875 561.90869140625 562.00665283203125 562.14666748046875 562.26568603515625 562.40631103515625 563.11865234375 564.4202880859375 564.82403564453125 564.914306640625 565.009521484375 565.0751953125 565.15899658203125 565.2672119140625 565.38592529296875 565.52960205078125 565.6483154296875 565.71728515625 565.805419921875
-9999 -9999 -9999 -9999 -9999 -9999 -9999 556.7406005859375 556.80438232421875 557.24798583984375 557.9373779296875 558.838623046875 559.50640869140625 559.7052001953125 559.7955322265625 559.8555908203125 559.931640625 560.0360107421875 560.3253173828125 560.90802001953125 561.2900390625 561.4114990234375 561.51873779296875 561.58599853515625 561.65692138671875 561.716796875 561.7359619140625 561.7662353515625 561.82379150390625 561.88653564453125 561.96490478515625 562.09368896484375 562.27447509765625 562.75634765625 563.9720458984375 564.63946533203125 564.77801513671875 564.86712646484375 564.97467041015625 565.04541015625 565.1221923828125 565.21826171875 565.32598876953125 565.453369140625 565.55328369140625 565.64410400390625 565.83197021484375
-9999 -9999 -9999 -9999 -9999 -9999 -9999 556.727294921875 556.7938232421875 557.32745361328125 558.31719970703125 559.16778564453125 559.49652099609375 559.64361572265625 559.75042724609375 559.83306884765625 559.95147705078125 560.1090087890625 560.5513916015625 561.011474609375 561.24200439453125 561.3443603515625 561.44158935546875 561.50982666015625 561.56927490234375 561.6243896484375 561.66607666015625 561.71478271484375 561.78509521484375 561.854736328125 561.93853759765625 562.23040771484375 562.82830810546875 563.56329345703125 564.30059814453125 564.57965087890625 564.69976806640625 564.8128662109375 564.9427490234375 565.021728515625 565.09539794921875 565.18682861328125 565.28912353515625 565.43695068359375 565.559814453125 565.8046875 566.20068359375
-9999 -9999 -9999 -9999 -9999 -9999 -9999 556.74517822265625 556.95135498046875 557.59423828125 558.62841796875 559.22662353515625 559.45001220703125 559.59747314453125 559.73052978515625 559.88824462890625 560.16632080078125 560.37347412109375 560.72625732421875 560.983154296875 561.13037109375 561.2452392578125 561.36138916015625 561.448486328125 561.51165771484375 561.56488037109375 561.61431884765625 561.6697998046875 561.736328125 561.79852294921875 561.97955322265625 562.69134521484375 563.63677978515625 564.10626220703125 564.35089111328125 564.5113525390625 564.63861083984375 564.762939453125 564.90069580078125 564.981201171875 565.052734375 565.14837646484375 565.2935791015625 565.6732177734375 565.9698486328125 566.26385498046875 566.64508056640625
-9999 -9999 -9999 -9999 -9999 -9999 -9999 -9999 557.7626953125 558.01507568359375 558.7314453125 559.1868896484375 559.43212890625 559.71539306640625 559.98175048828125 560.15399169921875 560.4256591796875 560.59759521484375 560.77264404296875 560.93499755859375 561.035400390625 561.16033935546875 561.29119873046875 561.39019775390625 561.4600830078125 561.51580810546875 561.56549072265625 561.61614990234375 561.66583251953125 561.7601318359375 562.34368896484375 563.4190673828125 564.03082275390625 564.19403076171875 564.33367919921875 564.48590087890625 564.6148681640625 564.7369384765625 564.85980224609375 564.92718505859375 564.998046875 565.12030029296875 565.48577880859375 566.17242431640625 566.53662109375 566.63616943359375 566.74920654296875
-9999 -9999 -9999 -9999 -9999 -9999 -9999 558.10870361328125 558.1143798828125 558.24462890625 558.72137451171875 559.17669677734375 559.51873779296875 559.9886474609375 560.246826171875 560.3499755859375 560.47589111328125 560.61541748046875 560.7740478515625 560.91790771484375 561.0037841796875 561.1177978515625 561.244873046875 561.3421630859375 561.407958984375 561.45989990234375 561.50518798828125 561.552490234375 561.610595703125 561.98480224609375 563.10345458984375 563.903564453125 564.1099853515625 564.1959228515625 564.3271484375 564.47442626953125 564.5999755859375 564.71527099609375 564.8248291015625 564.88616943359375 564.97100830078125 565.23724365234375 565.91168212890625 566.45843505859375 566.5880126953125 566.63665771484375 566.71673583984375
-9999 -9999 -9999 -9999 -9999 -9999 -9999 558.140625 558.1175537109375 558.25341796875 558.77374267578125 559.27978515625 559.75714111328125 560.14996337890625 560.2373046875 560.31219482421875 560.44305419921875 560.6070556640625 560.7808837890625 560.9073486328125 560.9805908203125 561.090087890625 561.208740234375 561.298095703125 561.35235595703125 561.39752197265625 561.43914794921875 561.4951171875 561.68743896484375 562.64276123046875 563.66900634765625 563.9803466796875 564.114990234375 564.19580078125 564.3182373046875 564.46331787109375 564.58453369140625 564.6953125 564.7969970703125 564.85870361328125 565.0330810546875 565.6197509765625 566.2657470703125 566.473388671875 566.53485107421875 566.58526611328125 566.66729736328125
-9999 -9999 -9999 -9999 -9999 -9999 558.2901611328125 558.2156982421875 558.185546875 558.367919921875 559.00927734375 559.6279296875 559.99639892578125 560.1552734375 560.1973876953125 560.2584228515625 560.3880615234375 560.571533203125 560.7659912109375 560.902587890625 560.9776611328125 561.08551025390625 561.18646240234375 561.2596435546875 561.29742431640625 561.326904296875 561.362548828125 561.41796875 562.06072998046875 563.27557373046875 563.780517578125 563.98602294921875 564.11572265625 564.1961669921875 564.3121337890625 564.4512939453125 564.5673828125 564.67437744140625 564.78094482421875 564.951171875 565.3531494140625 566.03533935546875 566.34539794921875 566.442138671875 566.5032958984375 566.55224609375 566.623046875
-9999 -9999 -9999 -9999 557.16168212890625 557.45257568359375 558.20562744140625 558.41021728515625 558.443603515625 558.729736328125 559.3475341796875 559.82391357421875 560.02227783203125 560.0792236328125 560.0950927734375 560.168701171875 560.3387451171875 560.54345703125 560.73199462890625 560.87652587890625 560.9564208984375 561.06573486328125 561.17315673828125 561.24346923828125 561.2650146484375 561.24041748046875 561.2882080078125 561.52630615234375 562.39556884765625 563.4405517578125 563.7996826171875 563.99945068359375 564.12420654296875 564.20428466796875 564.31549072265625 564.4410400390625 564.58367919921875 564.80902099609375 565.0006103515625 565.4901123046875 565.8934326171875 566.19073486328125 566.31781005859375 566.40399169921875 566.46954345703125 566.52032470703125 566.59332275390625
-9999 -9999 -9999 -9999 558.02459716796875 558.13616943359375 558.46209716796875 558.71392822265625 558.90460205078125 559.25506591796875 559.5413818359375 559.76666259765625 559.91259765625 559.9483642578125 559.9686279296875 560.0931396484375 560.34417724609375 560.57098388671875 560.7308349609375 560.84466552734375 560.89605712890625 560.97467041015625 561.10589599609375 561.1861572265625 561.23046875 561.30169677734375 561.64459228515625 562.3272705078125 563.0135498046875 563.543701171875 563.82763671875 564.006591796875 564.12542724609375 564.2044677734375 564.3179931640625 564.479248046875 564.8177490234375 565.38134765625 565.65960693359375 565.909423828125 566.0804443359375 566.18084716796875 566.27105712890625 566.3521728515625 566.41876220703125 566.47088623046875 566.55401611328125
-9999 -9999 -9999 -9999 558.2318115234375 558.314208984375 558.6214599609375 559.0517578125 559.2608642578125 559.3992919921875 559.52325439453125 559.6453857421875 559.751220703125 559.82940673828125 559.90771484375 560.08294677734375 560.3653564453125 560.5958251953125 560.73785400390625 560.80853271484375 560.79998779296875 560.79302978515625 560.9271240234375 561.02093505859375 561.15185546875 561.7796630859375 562.4637451171875 562.9095458984375 563.3277587890625 563.62969970703125 563.85357666015625 564.01171875 564.1173095703125 564.19146728515625 564.389404296875 564.81365966796875 565.29345703125 565.76708984375 565.92559814453125 565.98760986328125 566.06744384765625 566.1551513671875 566.23748779296875 566.31427001953125 566.37994384765625 566.431396484375 566.5174560546875
-9999 -9999 -9999 -9999 558.1168212890625 558.27801513671875 558.78668212890625 559.19451904296875 559.304443359375 559.3619384765625 559.4625244140625 559.56976318359375 559.65740966796875 559.739990234375 559.83697509765625 560.04510498046875 560.33807373046875 560.5631103515625 560.68060302734375 560.7130126953125 560.660888671875 560.57568359375 560.670166015625 560.7672119140625 561.06842041015625 562.25421142578125 562.82305908203125 563.07977294921875 563.39996337890625 563.6527099609375 563.8546142578125 564.015869140625 564.111083984375 564.21435546875 564.679931640625 565.371826171875 565.66424560546875 565.8443603515625 565.917236328125 565.9755859375 566.05291748046875 566.13824462890625 566.21710205078125 566.29205322265625 566.35284423828125 566.4033203125 566.4873046875
