INPUT/RASTER/ASCII/BIO4.asc
ncols        225
nrows        269
xllcorner    473009.983799999987
yllcorner    4429051.174800000153
cellsize     50.000000000000
NODATA_value  -9999
[rows 42 to 62 of 269, columns 0 to 46 of 225]
-9999 -9999 -9999 -9999 -9999 -9999 -9999 -9999 -9999 -9999 -9999 -9999 -9999 -9999 -9999 -9999 -9999 -9999 -9999 -9999 -9999 -9999 -9999 -9999 -9999 568.42144775390625 568.538818359375 569.2056884765625 569.61065673828125 569.5989990234375 569.68048095703125 569.777099609375 569.88311767578125 570.03192138671875 570.19525146484375 570.32586669921875 570.4033203125 570.52020263671875 570.7186279296875 570.88543701171875 570.99627685546875 571.0709228515625 571.11053466796875 571.1676025390625 571.21368408203125 571.18743896484375 571.17572021484375
-9999 -9999 -9999 -9999 -9999 -9999 -9999 -9999 -9999 -9999 -9999 -9999 -9999 -9999 -9999 -9999 -9999 -9999 -9999 -9999 -9999 -9999 -9999 -9999 568.285400390625 568.44952392578125 568.631591796875 569.06622314453125 569.39044189453125 569.51739501953125 569.58331298828125 569.64215087890625 569.73699951171875 569.8961181640625 570.0654296875 570.1907958984375 570.26318359375 570.37042236328125 570.55291748046875 570.7479248046875 570.8525390625 570.85882568359375 570.82037353515625 570.87518310546875 570.9588623046875 570.9783935546875 571.0010986328125
-9999 -9999 -9999 -9999 -9999 -9999 -9999 -9999 -9999 -9999 -9999 -9999 -9999 -9999 -9999 -9999 -9999 -9999 -9999 -9999 -9999 -9999 -9999 -9999 568.308837890625 568.5809326171875 568.91876220703125 569.2545166015625 569.457763671875 569.5694580078125 569.59307861328125 569.62542724609375 569.71343994140625 569.848388671875 569.9990234375 570.12152099609375 570.189697265625 570.28399658203125 570.419921875 570.539306640625 570.6002197265625 570.578369140625 570.538818359375 570.6163330078125 570.75115966796875 570.8160400390625 570.84686279296875
-9999 -9999 -9999 -9999 -9999 -9999 -9999 -9999 -9999 -9999 -9999 -9999 -9999 -9999 -9999 -9999 -9999 -9999 -9999 -9999 -9999 -9999 -9999 568.3731689453125 568.44989013671875 568.786376953125 569.10040283203125 569.32501220703125 569.4923095703125 569.5789794921875 569.58355712890625 569.616943359375 569.69482421875 569.79925537109375 569.928466796875 570.05059814453125 570.11358642578125 570.1922607421875 570.2945556640625 570.33868408203125 570.36126708984375 570.40045166015625 570.44244384765625 570.53790283203125 570.66119384765625 570.72882080078125 570.771240234375
-9999 -9999 -9999 -9999 -9999 -9999 -9999 -9999 -9999 -9999 -9999 -9999 -9999 -9999 -9999 -9999 -9999 -9999 -9999 -9999 -9999 -9999 -9999 568.59912109375 568.667724609375 568.874267578125 569.114501953125 569.319580078125 569.45489501953125 569.5008544921875 569.5262451171875 569.5872802734375 569.66680908203125 569.7679443359375 569.887451171875 569.996337890625 570.04949951171875 570.11273193359375 570.17388916015625 570.17803955078125 570.22894287109375 570.3038330078125 570.36346435546875 570.45111083984375 570.55853271484375 570.6282958984375 570.68878173828125
-9999 -9999 -9999 -9999 -9999 -9999 -9999 -9999 -9999 -9999 -9999 -9999 -9999 -9999 -9999 -9999 -9999 -9999 -9999 -9999 -9999 -9999 568.41827392578125 568.63055419921875 568.69232177734375 568.86181640625 569.08935546875 569.26898193359375 569.38226318359375 569.41595458984375 569.45758056640625 569.542236328125 569.634765625 569.7408447265625 569.854736328125 569.9508056640625 569.99786376953125 570.03265380859375 570.02996826171875 570.0694580078125 570.13861083984375 570.20709228515625 570.26104736328125 570.34027099609375 570.4366455078125 570.50982666015625 570.58636474609375
-9999 -9999 -9999 -9999 -9999 -9999 -9999 -9999 -9999 -9999 -9999 -9999 -9999 -9999 -9999 -9999 -9999 -9999 -9999 -9999 -9999 -9999 568.3873291015625 568.4610595703125 568.599853515625 568.81915283203125 569.03912353515625 569.18975830078125 569.270751953125 569.3250732421875 569.3880615234375 569.48260498046875 569.59124755859375 569.70562744140625 569.812255859375 569.8782958984375 569.90802001953125 569.91693115234375 569.933349609375 570.00732421875 570.06964111328125 570.12567138671875 570.16815185546875 570.232177734375 570.31915283203125 570.39312744140625 570.4810791015625
-9999 -9999 -9999 -9999 -9999 -9999 -9999 -9999 -9999 -9999 -9999 -9999 -9999 -9999 -9999 -9999 -9999 -9999 -9999 -9999 -9999 568.10113525390625 568.2052001953125 568.37371826171875 568.5498046875 568.7891845703125 568.9832763671875 569.093017578125 569.17022705078125 569.2301025390625 569.3023681640625 569.40167236328125 569.51702880859375 569.6260986328125 569.70086669921875 569.74212646484375 569.75787353515625 569.7991943359375 569.86041259765625 569.93682861328125 569.99676513671875 570.05322265625 570.09625244140625 570.156982421875 570.2392578125 570.31512451171875 570.4022216796875
-9999 -9999 -9999 -9999 -9999 -9999 -9999 -9999 -9999 -9999 -9999 -9999 -9999 -9999 -9999 -9999 -9999 -9999 -9999 -9999 -9999 568.1435546875 568.2086181640625 568.416748046875 568.58544921875 568.79156494140625 568.93438720703125 568.99090576171875 569.07989501953125 569.14569091796875 569.2135009765625 569.3094482421875 569.4130859375 569.47906494140625 569.5233154296875 569.60125732421875 569.6448974609375 569.70599365234375 569.77777099609375 569.84521484375 569.90777587890625 569.97869873046875 570.03253173828125 570.104248046875 570.19500732421875 570.27947998046875 570.363037109375
-9999 -9999 -9999 -9999 -9999 -9999 -9999 -9999 -9999 -9999 -9999 -9999 -9999 -9999 -9999 -9999 -9999 -9999 -9999 -9999 568.072509765625 568.2353515625 568.33880615234375 568.53533935546875 568.66241455078125 568.8074951171875 568.88458251953125 568.92437744140625 569.014404296875 569.0819091796875 569.149169921875 569.22174072265625 569.27410888671875 569.30743408203125 569.38702392578125 569.4906005859375 569.548095703125 569.62054443359375 569.70587158203125 569.774169921875 569.84014892578125 569.9249267578125 569.990478515625 570.07781982421875 570.18035888671875 570.27008056640625 570.34942626953125
-9999 -9999 -9999 -9999 -9999 -9999 -9999 -9999 -9999 -9999 -9999 -9999 -9999 -9999 -9999 -9999 -9999 -9999 -9999 -9999 568.072509765625 568.12939453125 568.35406494140625 568.5069580078125 568.62982177734375 568.7640380859375 568.80181884765625 568.86590576171875 568.95379638671875 569.0230712890625 569.0738525390625 569.0863037109375 569.0980224609375 569.17376708984375 569.28912353515625 569.392578125 569.44866943359375 569.54010009765625 569.64910888671875 569.72882080078125 569.799560546875 569.8798828125 569.9547119140625 570.06353759765625 570.1768798828125 570.2589111328125 570.32818603515625
-9999 -9999 -9999 -9999 -9999 -9999 -9999 -9999 -9999 -9999 -9999 -9999 -9999 -9999 -9999 -9999 -9999 -9999 -9999 -9999 -9999 568.27960205078125 568.32159423828125 568.435302734375 568.55804443359375 568.6632080078125 568.72625732421875 568.81298828125 568.8939208984375 568.95355224609375 568.95245361328125 568.940185546875 568.997802734375 569.08721923828125 569.204833984375 569.3116455078125 569.37127685546875 569.4742431640625 569.60382080078125 569.69512939453125 569.771728515625 569.8338623046875 569.91571044921875 570.056640625 570.1741943359375 570.2425537109375 570.312744140625
-9999 -9999 -9999 -9999 -9999 -9999 -9999 -9999 -9999 -9999 -9999 -9999 -9999 -9999 -9999 -9999 -9999 -9999 -9999 -9999 -9999 568.24969482421875 568.290771484375 568.39862060546875 568.50372314453125 568.5596923828125 568.64007568359375 568.745849609375 568.80474853515625 568.8209228515625 568.822998046875 568.86749267578125 568.93939208984375 569.0225830078125 569.14111328125 569.24969482421875 569.31097412109375 569.4119873046875 569.54901123046875 569.65985107421875 569.75445556640625 569.82208251953125 569.90777587890625 570.05633544921875 570.16583251953125 570.22052001953125 570.294189453125
-9999 -9999 -9999 -9999 -9999 -9999 -9999 -9999 -9999 -9999 -9999 -9999 -9999 -9999 -9999 -9999 -9999 -9999 -9999 -9999 568.00811767578125 568.06536865234375 568.27099609375 568.39031982421875 568.4541015625 568.48065185546875 568.54510498046875 568.6300048828125 568.658935546875 568.676513671875 568.73291015625 568.8154296875 568.89068603515625 568.98162841796875 569.098388671875 569.20037841796875 569.26263427734375 569.3555908203125 569.48223876953125 569.61407470703125 569.73773193359375 569.8209228515625 569.90203857421875 570.0347900390625 570.13134765625 570.19635009765625 570.287353515625
-9999 -9999 -9999 -9999 -9999 -9999 -9999 -9999 -9999 -9999 -9999 -9999 -9999 -9999 -9999 -9999 -9999 -9999 -9999 -9999 567.80255126953125 568.031005859375 568.2933349609375 568.39202880859375 568.39361572265625 568.395263671875 568.3961181640625 568.4495849609375 568.50262451171875 568.57098388671875 568.65814208984375 568.76190185546875 568.8502197265625 568.9530029296875 569.06689453125 569.1649169921875 569.22442626953125 569.306640625 569.425048828125 569.565185546875 569.69586181640625 569.7869873046875 569.85333251953125 569.94317626953125 570.03619384765625 570.13983154296875 570.26220703125
-9999 -9999 -9999 -9999 -9999 -9999 -9999 -9999 -9999 -9999 -9999 -9999 -9999 -9999 -9999 -9999 -9999 567.38970947265625 567.4530029296875 567.66510009765625 567.9036865234375 568.1173095703125 568.33203125 568.3868408203125 568.33868408203125 568.2908935546875 568.287353515625 568.35931396484375 568.44873046875 568.53399658203125 568.6148681640625 568.725830078125 568.82952880859375 568.9368896484375 569.049560546875 569.15032958984375 569.2125244140625 569.30120849609375 569.41839599609375 569.54718017578125 569.6617431640625 569.73553466796875 569.78155517578125 569.82861328125 569.933837890625 570.06268310546875 570.2044677734375
-9999 -9999 -9999 -9999 -9999 -9999 -9999 -9999 -9999 -9999 -9999 -9999 -9999 -9999 -9999 -9999 567.26873779296875 567.40643310546875 567.50567626953125 567.72979736328125 568.0050048828125 568.21710205078125 568.33685302734375 568.3460693359375 568.26318359375 568.2034912109375 568.2587890625 568.35986328125 568.4571533203125 568.53717041015625 568.60711669921875 568.70867919921875 568.818115234375 568.9293212890625 569.0462646484375 569.1539306640625 569.22430419921875 569.32904052734375 569.444580078125 569.5556640625 569.65740966796875 569.71832275390625 569.7513427734375 569.78607177734375 569.89111328125 570.01605224609375 570.160400390625
-9999 -9999 -9999 -9999 -9999 -9999 -9999 -9999 -9999 -9999 -9999 -9999 -9999 -9999 566.96600341796875 567.0478515625 567.2933349609375 567.49462890625 567.6578369140625 567.87042236328125 568.07989501953125 568.23870849609375 568.2802734375 568.2191162109375 568.15765380859375 568.16644287109375 568.25213623046875 568.3541259765625 568.4532470703125 568.53411865234375 568.60455322265625 568.701416015625 568.8062744140625 568.92083740234375 569.04736328125 569.16473388671875 569.24267578125 569.353515625 569.46563720703125 569.56219482421875 569.66217041015625 569.73284912109375 569.748779296875 569.79132080078125 569.89312744140625 570.013427734375 570.1500244140625
-9999 -9999 -9999 -9999 -9999 -9999 -9999 -9999 -9999 -9999 -9999 -9999 566.83062744140625 566.83563232421875 566.89453125 567.06378173828125 567.3851318359375 567.64794921875 567.83428955078125 567.98858642578125 568.103515625 568.1763916015625 568.13861083984375 568.05731201171875 568.08807373046875 568.1656494140625 568.25335693359375 568.34307861328125 568.431396484375 568.5142822265625 568.593017578125 568.69415283203125 568.79986572265625 568.9176025390625 569.06011962890625 569.19317626953125 569.27178955078125 569.37298583984375 569.4822998046875 569.5777587890625 569.67657470703125 569.74957275390625 569.767822265625 569.82269287109375 569.92364501953125 570.034423828125 570.15069580078125
-9999 -9999 -9999 -9999 -9999 -9999 -9999 -9999 -9999 -9999 -9999 -9999 566.86602783203125 566.8580322265625 566.88958740234375 567.115478515625 567.46636962890625 567.69195556640625 567.92877197265625 568.0582275390625 568.1094970703125 568.0645751953125 568.00567626953125 568.02154541015625 568.0787353515625 568.166748046875 568.25286865234375 568.3289794921875 568.41131591796875 568.4833984375 568.5626220703125 568.6695556640625 568.78460693359375 568.91448974609375 569.068115234375 569.1956787109375 569.27459716796875 569.37322998046875 569.48699951171875 569.59124755859375 569.6749267578125 569.7271728515625 569.77716064453125 569.85687255859375 569.9447021484375 570.028564453125 570.11572265625
-9999 -9999 -9999 -9999 -9999 -9999 -9999 -9999 -9999 -9999 -9999 -9999 566.79559326171875 566.798828125 566.8782958984375 567.15936279296875 567.5345458984375 567.7384033203125 567.9383544921875 568.0311279296875 568.049072265625 568.01043701171875 567.9947509765625 568.0247802734375 568.072265625 568.15167236328125 568.23590087890625 568.310302734375 568.39190673828125 568.46124267578125 568.53656005859375 568.64581298828125 568.76806640625 568.9080810546875 569.06085205078125 569.1624755859375 569.24761962890625 569.35748291015625 569.48431396484375 569.59735107421875 569.66961669921875 569.7249755859375 569.78863525390625 569.87103271484375 569.94140625 569.998779296875 570.0576171875
