INPUT/RASTER/ASCII/BIO4.asc
ncols        225
nrows        269
xllcorner    473009.983799999987
yllcorner    4429051.174800000153
cellsize     50.000000000000
NODATA_value  -9999
[rows 0 to 20 of 269, columns 47 to 93 of 225]
573.44940185546875 -9999 -9999 -9999 -9999 -9999 -9999 -9999 -9999 -9999 -9999 -9999 -9999 -9999 -9999 574.9276123046875 574.96502685546875 574.98431396484375 -9999 -9999 -9999 -9999 -9999 -9999 -9999 -9999 -9999 -9999 -9999 -9999 -9999 -9999 -9999 -9999 -9999 -9999 -9999 -9999 -9999 -9999 -9999 -9999 -9999 -9999 -9999 -9999 -9999
573.46209716796875 -9999 -9999 -9999 -9999 -9999 -9999 -9999 -9999 -9999 -9999 -9999 574.4412841796875 574.53680419921875 574.653076171875 574.78717041015625 574.87713623046875 574.96392822265625 575.1148681640625 -9999 -9999 -9999 -9999 -9999 -9999 -9999 -9999 -9999 -9999 -9999 -9999 -9999 -9999 -9999 -9999 -9999 -9999 -9999 -9999 -9999 -9999 -9999 -9999 -9999 -9999 -9999 -9999
573.61334228515625 574.2559814453125 574.45587158203125 574.58050537109375 574.62945556640625 574.67864990234375 574.72296142578125 574.78741455078125 574.8453369140625 574.86865234375 574.8590087890625 574.64239501953125 574.453369140625 574.52392578125 574.6341552734375 574.7080078125 574.81689453125 574.951171875 575.10736083984375 575.2042236328125 -9999 -9999 -9999 -9999 -9999 -9999 -9999 -9999 -9999 -9999 -9999 -9999 -9999 -9999 -9999 -9999 -9999 -9999 -9999 -9999 -9999 -9999 -9999 -9999 -9999 -9999 -9999
573.89471435546875 574.32489013671875 574.45001220703125 574.51953125 574.5877685546875 574.63568115234375 574.6846923828125 574.75042724609375 574.77655029296875 574.79656982421875 574.86199951171875 574.78076171875 574.61663818359375 574.55828857421875 574.614501953125 574.6832275390625 574.78912353515625 574.92156982421875 575.081298828125 575.24542236328125 575.432373046875 575.481689453125 575.477294921875 -9999 -9999 -9999 -9999 -9999 -9999 -9999 -9999 -9999 -9999 -9999 -9999 -9999 -9999 -9999 -9999 -9999 -9999 -9999 -9999 -9999 -9999 -9999 -9999
574.18170166015625 574.32989501953125 574.40325927734375 574.45599365234375 574.521728515625 574.57147216796875 574.62359619140625 574.67596435546875 574.6785888671875 574.7073974609375 574.80755615234375 574.91412353515625 575.016845703125 574.86517333984375 574.81256103515625 574.77374267578125 574.7867431640625 574.89935302734375 575.05303955078125 575.2266845703125 575.39410400390625 575.458251953125 575.44305419921875 -9999 -9999 -9999 -9999 -9999 -9999 -9999 -9999 -9999 -9999 -9999 -9999 -9999 -9999 -9999 -9999 -9999 -9999 -9999 -9999 -9999 -9999 -9999 -9999
574.18780517578125 574.2867431640625 574.34637451171875 574.39678955078125 574.46612548828125 574.523681640625 574.56829833984375 574.58184814453125 574.5853271484375 574.6427001953125 574.75372314453125 574.89764404296875 575.05670166015625 575.204345703125 575.27935791015625 575.14678955078125 575.0052490234375 574.94439697265625 575.0489501953125 575.19561767578125 575.310546875 575.36712646484375 575.3984375 575.37823486328125 575.40533447265625 -9999 -9999 -9999 -9999 -9999 -9999 -9999 -9999 -9999 -9999 -9999 -9999 -9999 -9999 -9999 -9999 -9999 576.93365478515625 576.9815673828125 576.99298095703125 -9999 -9999
574.15252685546875 574.24627685546875 574.30181884765625 574.348388671875 574.41644287109375 574.47332763671875 574.5040283203125 574.51025390625 574.53656005859375 574.6043701171875 574.72314453125 574.87603759765625 575.03753662109375 575.20587158203125 575.319091796875 575.3590087890625 575.3294677734375 575.2025146484375 575.26580810546875 575.299560546875 575.2659912109375 575.2872314453125 575.31146240234375 575.351806640625 575.38397216796875 575.4166259765625 575.42864990234375 -9999 -9999 -9999 -9999 -9999 -9999 -9999 -9999 -9999 -9999 -9999 -9999 -9999 -9999 576.7835693359375 576.88580322265625 576.9715576171875 577.04168701171875 -9999 -9999
574.09259033203125 574.185546875 574.2447509765625 574.293212890625 574.35113525390625 574.3814697265625 574.40399169921875 574.434326171875 574.4737548828125 574.54864501953125 574.6719970703125 574.8233642578125 574.98016357421875 575.1383056640625 575.2508544921875 575.3214111328125 575.3916015625 575.41815185546875 575.5084228515625 575.51055908203125 575.43768310546875 575.38134765625 575.2674560546875 575.2945556640625 575.3560791015625 575.4068603515625 575.41876220703125 -9999 -9999 -9999 -9999 -9999 -9999 -9999 -9999 -9999 -9999 -9999 -9999 -9999 -9999 576.759521484375 576.82586669921875 576.94622802734375 577.0379638671875 -9999 -9999
574.02313232421875 574.10955810546875 574.16778564453125 574.21624755859375 574.2574462890625 574.25579833984375 574.28790283203125 574.35052490234375 574.40081787109375 574.4775390625 574.5936279296875 574.7357177734375 574.88983154296875 575.0418701171875 575.14990234375 575.2103271484375 575.2847900390625 575.35528564453125 575.46832275390625 575.58502197265625 575.66717529296875 575.626708984375 575.40252685546875 575.32489013671875 575.342041015625 575.37939453125 575.405029296875 575.45794677734375 575.80517578125 576.08917236328125 576.2174072265625 576.2291259765625 -9999 -9999 -9999 576.3419189453125 576.347412109375 576.3909912109375 576.404541015625 576.42095947265625 576.49310302734375 576.65283203125 576.789794921875 576.91949462890625 577.0252685546875 577.0740966796875 577.12432861328125
573.96856689453125 574.046142578125 574.09814453125 574.13958740234375 574.16314697265625 574.1624755859375 574.21270751953125 574.2850341796875 574.3421630859375 574.4217529296875 574.529296875 574.65679931640625 574.8021240234375 574.95269775390625 575.0601806640625 575.11077880859375 575.17578125 575.248291015625 575.3553466796875 575.484130859375 575.600341796875 575.68194580078125 575.6748046875 575.589599609375 575.45379638671875 575.3961181640625 575.45050048828125 575.6295166015625 575.86114501953125 576.08551025390625 576.19915771484375 576.27081298828125 576.349365234375 576.37786865234375 576.3580322265625 576.32379150390625 576.3375244140625 576.34906005859375 576.33837890625 576.32232666015625 576.394775390625 576.58624267578125 576.7601318359375 576.8914794921875 576.99005126953125 577.0302734375 577.056884765625
573.92431640625 573.99468994140625 574.0401611328125 574.0628662109375 574.071533203125 574.0992431640625 574.15435791015625 574.2247314453125 574.2823486328125 574.370849609375 574.47833251953125 574.5906982421875 574.71612548828125 574.86199951171875 574.966064453125 575.009765625 575.072998046875 575.150390625 575.25225830078125 575.37982177734375 575.5103759765625 575.6163330078125 575.792724609375 575.8870849609375 575.8228759765625 575.65277099609375 575.7071533203125 575.878662109375 575.9981689453125 576.04840087890625 576.11541748046875 576.23077392578125 576.31329345703125 576.343017578125 576.329345703125 576.29583740234375 576.29638671875 576.30401611328125 576.28717041015625 576.269287109375 576.31158447265625 576.4954833984375 576.7056884765625 576.8408203125 576.92071533203125 576.93267822265625 576.91412353515625
573.89178466796875 573.95904541015625 573.99786376953125 573.98223876953125 573.998291015625 574.05133056640625 574.11053466796875 574.17974853515625 574.23602294921875 574.327392578125 574.4320068359375 574.529296875 574.63616943359375 574.77069091796875 574.86468505859375 574.908203125 574.974365234375 575.0526123046875 575.15777587890625 575.29852294921875 575.4405517578125 575.548583984375 575.73272705078125 575.95916748046875 576.21197509765625 576.23712158203125 576.06744384765625 576.02911376953125 575.99267578125 575.98565673828125 576.01763916015625 576.09814453125 576.18865966796875 576.22882080078125 576.23736572265625 576.24151611328125 576.26019287109375 576.26971435546875 576.2508544921875 576.2335205078125 576.24981689453125 576.443115234375 576.667236328125 576.78631591796875 576.7535400390625 576.76934814453125 576.768798828125
573.8421630859375 573.8819580078125 573.91351318359375 573.9019775390625 573.9425048828125 574.0103759765625 574.077392578125 574.151123046875 574.205810546875 574.28302001953125 574.37396240234375 574.45660400390625 574.54937744140625 574.66522216796875 574.74810791015625 574.79437255859375 574.86065673828125 574.94140625 575.05694580078125 575.22418212890625 575.4315185546875 575.57781982421875 575.78948974609375 576.15643310546875 576.43817138671875 576.57867431640625 576.4871826171875 576.3984375 576.1834716796875 576.080810546875 576.04534912109375 575.96881103515625 576.01177978515625 576.05108642578125 576.08441162109375 576.1390380859375 576.19769287109375 576.21954345703125 576.20745849609375 576.188720703125 576.16259765625 576.0390625 -9999 576.65960693359375 576.669189453125 576.7034912109375 576.6849365234375
573.7115478515625 573.70501708984375 573.7332763671875 573.76947021484375 573.85003662109375 573.9500732421875 574.039794921875 574.12335205078125 574.17431640625 574.23291015625 574.299560546875 574.36700439453125 574.4459228515625 574.54461669921875 574.62066650390625 574.66943359375 574.73980712890625 574.8270263671875 574.9603271484375 575.2078857421875 575.58953857421875 575.82794189453125 576.01995849609375 576.2667236328125 576.44775390625 576.5673828125 576.61590576171875 576.6077880859375 576.52716064453125 576.48358154296875 576.36981201171875 575.99609375 575.86700439453125 575.86285400390625 575.87774658203125 575.957763671875 576.054931640625 576.096923828125 576.09423828125 576.07989501953125 576.02911376953125 576.02294921875 576.0286865234375 -9999 -9999 -9999 576.65789794921875
573.546875 573.568115234375 573.60272216796875 573.6527099609375 573.75634765625 573.88690185546875 573.999267578125 574.09619140625 574.14599609375 574.19366455078125 574.24261474609375 574.30126953125 574.3740234375 574.4666748046875 574.5404052734375 574.5888671875 574.6629638671875 574.78289794921875 575.03363037109375 575.3665771484375 575.70758056640625 575.9005126953125 576.07293701171875 576.232666015625 576.37445068359375 576.48602294921875 576.5509033203125 576.5869140625 576.6231689453125 576.63702392578125 576.56683349609375 576.25732421875 576.00567626953125 575.91217041015625 575.80059814453125 575.8160400390625 575.88525390625 575.91448974609375 575.90447998046875 575.90972900390625 575.92669677734375 575.98651123046875 576.0653076171875 576.12518310546875 -9999 -9999 -9999
573.4327392578125 573.46856689453125 573.505615234375 573.56005859375 573.67822265625 573.81787109375 573.94464111328125 574.05517578125 574.1082763671875 574.156005859375 574.1995849609375 574.2537841796875 574.3240966796875 574.4140625 574.48675537109375 574.54083251953125 574.63494873046875 574.85418701171875 575.2646484375 575.5531005859375 575.72332763671875 575.8658447265625 576.02569580078125 576.1707763671875 576.29888916015625 576.4029541015625 576.47711181640625 576.524169921875 576.57257080078125 576.59576416015625 576.5794677734375 576.48583984375 576.3656005859375 576.2181396484375 575.90081787109375 575.76019287109375 575.72039794921875 575.718505859375 575.73193359375 575.78143310546875 575.871337890625 575.967041015625 576.08502197265625 576.12445068359375 -9999 -9999 -9999
573.4488525390625 573.425537109375 573.44476318359375 573.4920654296875 573.6072998046875 573.73583984375 573.865478515625 573.97894287109375 574.0367431640625 574.09307861328125 574.14093017578125 574.20123291015625 574.27447509765625 574.36346435546875 574.43731689453125 574.53131103515625 574.72113037109375 575.0518798828125 575.406982421875 575.60186767578125 575.71014404296875 575.84112548828125 575.9840087890625 576.095458984375 576.198486328125 576.3011474609375 576.3848876953125 576.445556640625 576.50921630859375 576.5467529296875 576.5535888671875 576.53326416015625 576.49822998046875 576.44464111328125 576.1282958984375 575.831787109375 575.5965576171875 575.56414794921875 575.58380126953125 575.66571044921875 575.8194580078125 575.95574951171875 576.086181640625 576.1973876953125 576.22149658203125 -9999 -9999
573.658447265625 573.58367919921875 573.52947998046875 573.48431396484375 573.54583740234375 573.64801025390625 573.7547607421875 573.854736328125 573.91741943359375 573.980224609375 574.0469970703125 574.129150390625 574.21588134765625 574.33514404296875 574.43463134765625 574.64898681640625 575.00054931640625 575.23797607421875 575.41510009765625 575.587158203125 575.69281005859375 575.80682373046875 575.9295654296875 576.005126953125 576.077392578125 576.1732177734375 576.25830078125 576.32781982421875 576.4049072265625 576.458251953125 576.49298095703125 576.5020751953125 576.4842529296875 576.45196533203125 576.3258056640625 576.146728515625 575.78924560546875 575.60595703125 575.5068359375 575.5743408203125 575.76580810546875 575.95025634765625 576.09149169921875 576.192626953125 576.20745849609375 -9999 -9999
573.76995849609375 573.84661865234375 573.773193359375 573.658447265625 573.5755615234375 573.61279296875 573.66473388671875 573.73809814453125 573.7955322265625 573.854248046875 573.95159912109375 574.07275390625 574.1903076171875 574.46295166015625 574.6400146484375 574.862060546875 575.0860595703125 575.22308349609375 575.3768310546875 575.55322265625 575.65777587890625 575.7615966796875 575.8548583984375 575.90985107421875 575.9671630859375 576.04156494140625 576.107666015625 576.1663818359375 576.24169921875 576.3004150390625 576.31195068359375 576.34161376953125 576.3587646484375 576.32391357421875 576.2584228515625 576.2508544921875 576.18963623046875 575.93597412109375 575.75714111328125 575.788818359375 575.791259765625 575.8958740234375 576.04302978515625 576.1324462890625 576.1112060546875 -9999 -9999
573.68756103515625 573.76708984375 573.81396484375 573.85638427734375 573.7882080078125 573.78759765625 573.7176513671875 573.69940185546875 573.71356201171875 573.7708740234375 573.93280029296875 574.19384765625 574.37139892578125 574.66961669921875 574.8475341796875 574.92266845703125 575.0400390625 575.17755126953125 575.327392578125 575.49493408203125 575.6007080078125 575.700439453125 575.780517578125 575.82952880859375 575.87774658203125 575.930908203125 575.9757080078125 576.01806640625 576.07958984375 576.10516357421875 576.08038330078125 576.12554931640625 576.17108154296875 576.1824951171875 576.1817626953125 576.1925048828125 576.18157958984375 576.10064697265625 576.042724609375 576.1070556640625 575.99700927734375 575.8846435546875 575.952392578125 576.02044677734375 576.05242919921875 576.0196533203125 -9999
573.63092041015625 573.70843505859375 573.75982666015625 573.84393310546875 573.93316650390625 573.99273681640625 573.944580078125 573.83685302734375 573.75396728515625 573.8380126953125 574.07012939453125 574.39337158203125 574.55987548828125 574.69598388671875 574.8016357421875 574.8651123046875 574.98187255859375 575.130859375 575.27972412109375 575.43963623046875 575.547119140625 575.6456298828125 575.73236083984375 575.78814697265625 575.82757568359375 575.86322021484375 575.8887939453125 575.8990478515625 575.9088134765625 575.91943359375 575.94671630859375 576.0177001953125 576.07305908203125 576.09625244140625 576.1082763671875 576.125 576.12750244140625 576.08294677734375 576.03887939453125 576.130615234375 576.21990966796875 576.11181640625 575.98309326171875 575.90655517578125 575.94781494140625 575.964599609375 -9999
