INPUT/RASTER/ASCII/BIO7.asc
ncols        225
nrows        269
xllcorner    473009.983799999987
yllcorner    4429051.174800000153
cellsize     50.000000000000
NODATA_value  -9999
[rows 100 to 119 of 269, columns 86 to 128 of 225]
26.20246124267578125 26.206254959106445313 26.212545394897460938 26.21582794189453125 26.221723556518554688 26.241479873657226563 26.256885528564453125 -9999 -9999 -9999 -9999 -9999 -9999 26.332677841186523438 26.355253219604492188 26.472591400146484375 26.5889739990234375 26.63191986083984375 26.644683837890625 26.655183792114257813 26.670124053955078125 26.686201095581054688 26.6962738037109375 26.710615158081054688 26.725788116455078125 26.732667922973632813 26.723413467407226563 26.707578659057617188 26.701564788818359375 26.696300506591796875 26.689687728881835938 26.689138412475585938 26.691797256469726563 26.691799163818359375 26.6905059814453125 26.691051483154296875 -9999 -9999 -9999 -9999 -9999 -9999 -9999
26.197767257690429688 26.202802658081054688 26.208774566650390625 26.211477279663085938 26.215658187866210938 26.233043670654296875 26.251678466796875 26.263277053833007813 -9999 -9999 -9999 -9999 26.328216552734375 26.34781646728515625 26.431804656982421875 26.569135665893554688 26.626218795776367188 26.637922286987304688 26.646421432495117188 26.658060073852539063 26.668590545654296875 26.6750335693359375 26.679378509521484375 26.690351486206054688 26.709730148315429688 26.72583770751953125 26.725233078002929688 26.709320068359375 26.701229095458984375 26.696367263793945313 26.692159652709960938 26.69521331787109375 26.699178695678710938 26.697309494018554688 26.692779541015625 26.691297531127929688 -9999 -9999 -9999 -9999 -9999 -9999 -9999
26.190824508666992188 26.19567108154296875 26.201396942138671875 26.204942703247070313 26.2104644775390625 26.22763824462890625 26.250064849853515625 26.259256362915039063 -9999 -9999 -9999 -9999 26.313821792602539063 26.384796142578125 26.525987625122070313 26.604719161987304688 26.625986099243164063 26.635465621948242188 26.64540863037109375 26.656690597534179688 26.663576126098632813 26.661083221435546875 26.659715652465820313 26.66790771484375 26.6894989013671875 26.715787887573242188 26.731981277465820313 26.7237701416015625 26.712846755981445313 26.704896926879882813 26.696409225463867188 26.69658660888671875 26.699619293212890625 26.697462081909179688 26.693693161010742188 26.693021774291992188 -9999 -9999 -9999 -9999 -9999 -9999 -9999
26.177761077880859375 26.184843063354492188 26.190973281860351563 26.195051193237304688 26.202684402465820313 26.221765518188476563 26.238031387329101563 26.241086959838867188 26.221250534057617188 26.224040985107421875 26.262155532836914063 26.292554855346679688 26.340028762817382813 26.475004196166992188 26.580995559692382813 26.608690261840820313 26.619974136352539063 26.629718780517578125 26.6395263671875 26.64929962158203125 26.653530120849609375 26.64833831787109375 26.645696640014648438 26.652265548706054688 26.671361923217773438 26.702030181884765625 26.734344482421875 26.738138198852539063 26.726964950561523438 26.715005874633789063 26.700252532958984375 26.696599960327148438 26.69783782958984375 26.695161819458007813 26.692861557006835938 26.69335174560546875 -9999 -9999 -9999 -9999 -9999 -9999 -9999
26.160699844360351563 26.171358108520507813 26.181554794311523438 26.187932968139648438 26.195158004760742188 26.206602096557617188 26.209077835083007813 26.206695556640625 26.21540069580078125 26.217134475708007813 26.254650115966796875 26.30290985107421875 26.426343917846679688 26.55437469482421875 26.591802597045898438 26.605253219604492188 26.615398406982421875 26.62406158447265625 26.63225555419921875 26.6392059326171875 26.641937255859375 26.639675140380859375 26.639820098876953125 26.647577285766601563 26.663196563720703125 26.690500259399414063 26.72852325439453125 26.741888046264648438 26.73451995849609375 26.722833633422851563 26.708799362182617188 26.703996658325195313 26.701475143432617188 26.695959091186523438 26.69432830810546875 26.69715118408203125 26.705484390258789063 -9999 -9999 -9999 -9999 -9999 -9999
26.146535873413085938 26.156543731689453125 26.17241668701171875 26.1834564208984375 26.186769485473632813 26.179403305053710938 26.169696807861328125 26.167436599731445313 26.179861068725585938 26.205303192138671875 26.244775772094726563 26.373661041259765625 26.520708084106445313 26.573406219482421875 26.586408615112304688 26.600416183471679688 26.612462997436523438 26.621623992919921875 26.629375457763671875 26.633090972900390625 26.634069442749023438 26.634782791137695313 26.637239456176757813 26.645677566528320313 26.660177230834960938 26.683645248413085938 26.720823287963867188 26.741559982299804688 26.738971710205078125 26.731756210327148438 26.723957061767578125 26.7190399169921875 26.710077285766601563 26.699213027954101563 26.696542739868164063 26.700046539306640625 26.706239700317382813 -9999 -9999 -9999 -9999 -9999 -9999
26.135953903198242188 26.1437225341796875 26.160564422607421875 26.1739959716796875 26.1741943359375 26.153741836547851563 26.1394805908203125 26.138002395629882813 26.1482086181640625 26.179218292236328125 26.268405914306640625 26.461669921875 26.548009872436523438 26.56665802001953125 26.578145980834960938 26.592809677124023438 26.605741500854492188 26.61627960205078125 26.624294281005859375 26.626092910766601563 26.625774383544921875 26.6273345947265625 26.630784988403320313 26.640323638916015625 26.655290603637695313 26.676294326782226563 26.711376190185546875 26.739910125732421875 26.744716644287109375 26.742254257202148438 26.7394561767578125 26.737104415893554688 26.72574615478515625 26.710058212280273438 26.703256607055664063 26.70503997802734375 26.711956024169921875 26.719194412231445313 -9999 -9999 -9999 -9999 -9999
26.13120269775390625 26.135646820068359375 26.149496078491210938 26.1620025634765625 26.161058425903320313 26.136575698852539063 26.122913360595703125 26.123849868774414063 26.135644912719726563 26.19304656982421875 26.312376022338867188 26.493640899658203125 26.543426513671875 26.55982208251953125 26.572275161743164063 26.58550262451171875 26.596429824829101563 26.606929779052734375 26.613748550415039063 26.61347198486328125 26.613229751586914063 26.61544036865234375 26.6188812255859375 26.62909698486328125 26.646337509155273438 26.665996551513671875 26.695709228515625 26.729475021362304688 26.7420806884765625 26.74517059326171875 26.748804092407226563 26.75293731689453125 26.747568130493164063 26.731821060180664063 26.719329833984375 26.7168426513671875 26.719636917114257813 26.7268829345703125 26.738033294677734375 26.740573883056640625 -9999 -9999 -9999
26.129856109619140625 26.130788803100585938 26.140043258666992188 26.147838592529296875 26.143718719482421875 26.124202728271484375 26.117511749267578125 26.137699127197265625 26.193159103393554688 26.323795318603515625 26.428598403930664063 26.503934860229492188 26.532850265502929688 26.550323486328125 26.563844680786132813 26.574079513549804688 26.582025527954101563 26.590618133544921875 26.595157623291015625 26.593976974487304688 26.595134735107421875 26.599298477172851563 26.603179931640625 26.613576889038085938 26.629907608032226563 26.645030975341796875 26.664319992065429688 26.696664810180664063 26.714799880981445313 26.72640228271484375 26.743127822875976563 26.759206771850585938 26.7657012939453125 26.756109237670898438 26.7406158447265625 26.7330474853515625 26.72896575927734375 26.732542037963867188 26.74094390869140625 26.747951507568359375 26.753152847290039063 -9999 -9999
26.135046005249023438 26.13358306884765625 26.139530181884765625 26.142400741577148438 26.136434555053710938 26.12624359130859375 26.136041641235351563 26.217060089111328125 26.343580245971679688 26.43396759033203125 26.476511001586914063 26.5010528564453125 26.52072906494140625 26.537525177001953125 26.550046920776367188 26.556812286376953125 26.562269210815429688 26.569646835327148438 26.572734832763671875 26.5734710693359375 26.5768280029296875 26.581956863403320313 26.58666229248046875 26.597909927368164063 26.610471725463867188 26.619504928588867188 26.629589080810546875 26.650638580322265625 26.666332244873046875 26.684492111206054688 26.719097137451171875 26.74884796142578125 26.765966415405273438 26.766324996948242188 26.752599716186523438 26.742639541625976563 26.734888076782226563 26.735963821411132813 26.743846893310546875 26.751585006713867188 26.753881454467773438 26.754772186279296875 -9999
26.145017623901367188 26.144006729125976563 26.1473388671875 26.148250579833984375 26.1434326171875 26.13895416259765625 26.171728134155273438 26.303928375244140625 26.413875579833984375 26.450923919677734375 26.4685211181640625 26.490812301635742188 26.510919570922851563 26.526857376098632813 26.538316726684570313 26.544000625610351563 26.54895782470703125 26.556476593017578125 26.5594024658203125 26.561483383178710938 26.566293716430664063 26.572610855102539063 26.578304290771484375 26.589138031005859375 26.598730087280273438 26.605497360229492188 26.612680435180664063 26.626535415649414063 26.637998580932617188 26.656015396118164063 26.698427200317382813 26.735681533813476563 26.75727081298828125 26.761884689331054688 26.749042510986328125 26.7400054931640625 26.73474884033203125 26.736982345581054688 26.745485305786132813 26.75426483154296875 26.756565093994140625 26.75632476806640625 26.756433486938476563
26.153703689575195313 26.152437210083007813 26.152629852294921875 26.1538238525390625 26.15350341796875 26.159799575805664063 26.225557327270507813 26.358613967895507813 26.425973892211914063 26.445346832275390625 26.459825515747070313 26.481981277465820313 26.501852035522460938 26.5171051025390625 26.528341293334960938 26.534780502319335938 26.540082931518554688 26.547330856323242188 26.550012588500976563 26.552526473999023438 26.557672500610351563 26.565248489379882813 26.572000503540039063 26.582851409912109375 26.591745376586914063 26.598970413208007813 26.606964111328125 26.617221832275390625 26.625677108764648438 26.640600204467773438 26.679685592651367188 26.72286224365234375 26.749670028686523438 26.753662109375 26.74118804931640625 26.731935501098632813 26.730150222778320313 26.735338211059570313 26.746307373046875 26.758207321166992188 26.762250900268554688 26.761554718017578125 26.760831832885742188
26.157917022705078125 26.155055999755859375 26.154327392578125 26.156198501586914063 26.1609649658203125 26.2052154541015625 26.329303741455078125 26.4144439697265625 26.432209014892578125 26.44429779052734375 26.455951690673828125 26.475131988525390625 26.492464065551757813 26.506517410278320313 26.517751693725585938 26.524927139282226563 26.530645370483398438 26.537351608276367188 26.539682388305664063 26.542886734008789063 26.548013687133789063 26.555538177490234375 26.5626678466796875 26.574327468872070313 26.58319854736328125 26.591686248779296875 26.602148056030273438 26.612585067749023438 26.620031356811523438 26.632116317749023438 26.665561676025390625 26.712690353393554688 26.74480438232421875 26.74721527099609375 26.73734283447265625 26.724660873413085938 26.724016189575195313 26.73114013671875 26.744634628295898438 26.763856887817382813 26.771978378295898438 26.772480010986328125 26.772434234619140625
26.160726547241210938 26.155103683471679688 26.153972625732421875 26.1556243896484375 26.179271697998046875 26.304559707641601563 26.420057296752929688 26.433782577514648438 26.43567657470703125 26.444818496704101563 26.454526901245117188 26.47000885009765625 26.48418426513671875 26.4969329833984375 26.507717132568359375 26.514810562133789063 26.520551681518554688 26.527681350708007813 26.530731201171875 26.53426361083984375 26.538478851318359375 26.544160842895507813 26.550664901733398438 26.563032150268554688 26.573087692260742188 26.5830535888671875 26.596599578857421875 26.609151840209960938 26.616519927978515625 26.628253936767578125 26.660434722900390625 26.70806884765625 26.739648818969726563 26.741292953491210938 26.733419418334960938 26.721643447875976563 26.721464157104492188 26.728271484375 26.741334915161132813 26.764545440673828125 26.77799224853515625 26.781597137451171875 26.783662796020507813
26.163949966430664063 26.157747268676757813 26.166656494140625 26.175046920776367188 26.256990432739257813 26.404523849487304688 26.43605804443359375 26.43658447265625 26.439908981323242188 26.448102951049804688 26.455896377563476563 26.467847824096679688 26.479879379272460938 26.49144744873046875 26.50125885009765625 26.508062362670898438 26.515253067016601563 26.524404525756835938 26.529087066650390625 26.531423568725585938 26.53260040283203125 26.534822463989257813 26.539419174194335938 26.551027297973632813 26.562849044799804688 26.574483871459960938 26.590566635131835938 26.604932785034179688 26.612272262573242188 26.6236572265625 26.656042098999023438 26.70037078857421875 26.730894088745117188 26.7374267578125 26.733425140380859375 26.724012374877929688 26.722381591796875 26.7284698486328125 26.742664337158203125 26.765130996704101563 26.77845001220703125 26.783681869506835938 26.78668975830078125
26.162967681884765625 26.1722869873046875 26.246143341064453125 26.296175003051757813 26.371337890625 26.429346084594726563 26.436487197875976563 26.440214157104492188 26.44677734375 26.455137252807617188 26.461353302001953125 26.470762252807617188 26.480726242065429688 26.490062713623046875 26.499324798583984375 26.50653076171875 26.5150604248046875 26.526821136474609375 26.532693862915039063 26.532642364501953125 26.529497146606445313 26.527952194213867188 26.530302047729492188 26.540035247802734375 26.553167343139648438 26.566484451293945313 26.581956863403320313 26.595941543579101563 26.603734970092773438 26.616655349731445313 26.649190902709960938 26.690168380737304688 26.721017837524414063 26.732778549194335938 26.7325439453125 26.726041793823242188 26.724592208862304688 26.732015609741210938 26.748331069946289063 26.768688201904296875 26.778118133544921875 26.78067779541015625 26.782314300537109375
26.162916183471679688 26.2001190185546875 26.33356475830078125 26.413377761840820313 26.430868148803710938 26.437574386596679688 26.44115447998046875 26.447498321533203125 26.45647430419921875 26.465177536010742188 26.470928192138671875 26.479124069213867188 26.486446380615234375 26.493669509887695313 26.504180908203125 26.511861801147460938 26.519519805908203125 26.531009674072265625 26.53665924072265625 26.534832000732421875 26.52793121337890625 26.522211074829101563 26.522426605224609375 26.530092239379882813 26.543039321899414063 26.557523727416992188 26.572767257690429688 26.588224411010742188 26.59812164306640625 26.614297866821289063 26.645940780639648438 26.683197021484375 26.714099884033203125 26.729183197021484375 26.73188018798828125 26.729970932006835938 26.730630874633789063 26.738346099853515625 26.752027511596679688 26.765775680541992188 26.771642684936523438 26.773935317993164063 26.775644302368164063
26.177804946899414063 26.278467178344726563 26.396795272827148438 26.440866470336914063 26.445108413696289063 26.445146560668945313 26.4489593505859375 26.456790924072265625 26.46610260009765625 26.474054336547851563 26.480176925659179688 26.488002777099609375 26.493560791015625 26.50096893310546875 26.512096405029296875 26.51874542236328125 26.524410247802734375 26.534135818481445313 26.539285659790039063 26.536685943603515625 26.528192520141601563 26.518283843994140625 26.515836715698242188 26.521039962768554688 26.532726287841796875 26.548187255859375 26.56636810302734375 26.585035324096679688 26.59679412841796875 26.613340377807617188 26.642877578735351563 26.676118850708007813 26.70529937744140625 26.723684310913085938 26.730297088623046875 26.734601974487304688 26.738788604736328125 26.7452239990234375 26.753168106079101563 26.76036834716796875 26.763273239135742188 26.765226364135742188 26.767271041870117188
26.239656448364257813 26.384565353393554688 26.439937591552734375 26.447740554809570313 26.449056625366210938 26.45017242431640625 26.454498291015625 26.463409423828125 26.472467422485351563 26.478521347045898438 26.484903335571289063 26.49178314208984375 26.496686935424804688 26.50388336181640625 26.513032913208007813 26.51865386962890625 26.523969650268554688 26.53325653076171875 26.537494659423828125 26.53466033935546875 26.52674102783203125 26.51371002197265625 26.508359909057617188 26.511537551879882813 26.523225784301757813 26.540193557739257813 26.560735702514648438 26.580324172973632813 26.592439651489257813 26.608379364013671875 26.636934280395507813 26.666721343994140625 26.693340301513671875 26.715284347534179688 26.726367950439453125 26.735553741455078125 26.741884231567382813 26.747339248657226563 26.751241683959960938 26.754739761352539063 26.757049560546875 26.757925033569335938 -9999
26.342220306396484375 26.432275772094726563 26.446990966796875 26.45064544677734375 26.45143890380859375 26.4528656005859375 26.458292007446289063 26.46755218505859375 26.47631072998046875 26.481039047241210938 26.486604690551757813 26.4920654296875 26.496549606323242188 26.502119064331054688 26.509710311889648438 26.515171051025390625 26.52082061767578125 26.530332565307617188 26.5334625244140625 26.52971649169921875 26.523145675659179688 26.509481430053710938 26.502218246459960938 26.503473281860351563 26.51531982421875 26.5336151123046875 26.555166244506835938 26.5737457275390625 26.5849761962890625 26.600580215454101563 26.627542495727539063 26.655483245849609375 26.681491851806640625 26.705480575561523438 26.718868255615234375 26.7313079833984375 26.73969268798828125 26.745494842529296875 26.748470306396484375 26.750324249267578125 26.75164794921875 -9999 -9999
