INPUT/RASTER/ASCII/BIO7.asc
ncols        225
nrows        269
xllcorner    473009.983799999987
yllcorner    4429051.174800000153
cellsize     50.000000000000
NODATA_value  -9999
[rows 40 to 59 of 269, columns 43 to 85 of 225]
26.453012466430664063 26.462741851806640625 26.477947235107421875 26.492197036743164063 26.506519317626953125 26.513017654418945313 26.429185867309570313 26.340059280395507813 26.33742523193359375 26.344142913818359375 26.350324630737304688 26.353786468505859375 26.354658126831054688 26.3554229736328125 26.357065200805664063 26.347368240356445313 26.330408096313476563 26.331850051879882813 26.3383331298828125 26.34912109375 26.36054229736328125 26.37599945068359375 26.396944046020507813 26.413774490356445313 26.4221954345703125 26.429113388061523438 26.430738449096679688 -9999 -9999 -9999 -9999 -9999 -9999 -9999 -9999 -9999 -9999 -9999 -9999 -9999 -9999 -9999 -9999
26.232816696166992188 26.24817657470703125 26.271778106689453125 26.291469573974609375 26.3117523193359375 26.324983596801757813 26.316547393798828125 26.308788299560546875 26.314958572387695313 26.321744918823242188 26.327119827270507813 26.32940673828125 26.328001022338867188 26.3264923095703125 26.326581954956054688 26.327562332153320313 26.330142974853515625 26.335973739624023438 26.341915130615234375 26.35175323486328125 26.363363265991210938 26.379589080810546875 26.398981094360351563 26.412919998168945313 26.419178009033203125 26.425344467163085938 26.426832199096679688 -9999 -9999 -9999 -9999 -9999 -9999 -9999 -9999 -9999 -9999 -9999 -9999 -9999 -9999 -9999 -9999
26.165929794311523438 26.183710098266601563 26.211841583251953125 26.235685348510742188 26.262907028198242188 26.279527664184570313 26.291372299194335938 26.307407379150390625 26.31903076171875 26.327425003051757813 26.33396148681640625 26.337045669555664063 26.33641815185546875 26.334928512573242188 26.333316802978515625 26.332925796508789063 26.335445404052734375 26.34102630615234375 26.346490859985351563 26.355981826782226563 26.367828369140625 26.384120941162109375 26.401441574096679688 26.41291046142578125 26.418016433715820313 26.423709869384765625 26.430568695068359375 -9999 -9999 -9999 -9999 -9999 -9999 -9999 -9999 -9999 -9999 -9999 -9999 -9999 -9999 -9999 -9999
26.14812469482421875 26.156106948852539063 26.1750640869140625 26.197340011596679688 26.223848342895507813 26.23783111572265625 26.256011962890625 26.28136444091796875 26.302927017211914063 26.316314697265625 26.328044891357421875 26.335336685180664063 26.34003448486328125 26.342901229858398438 26.341457366943359375 26.339723587036132813 26.341464996337890625 26.347021102905273438 26.351932525634765625 26.36095428466796875 26.373264312744140625 26.38982391357421875 26.404850006103515625 26.413774490356445313 26.4190826416015625 26.426511764526367188 26.43373870849609375 26.443658828735351563 -9999 -9999 -9999 -9999 -9999 -9999 -9999 -9999 -9999 -9999 -9999 -9999 -9999 -9999 -9999
26.153280258178710938 26.150346755981445313 26.156702041625976563 26.171216964721679688 26.187347412109375 26.195081710815429688 26.212484359741210938 26.236825942993164063 26.265542984008789063 26.283298492431640625 26.303142547607421875 26.3167266845703125 26.3292999267578125 26.340597152709960938 26.344446182250976563 26.344961166381835938 26.34644317626953125 26.3504638671875 26.354806900024414063 26.363597869873046875 26.3761138916015625 26.392574310302734375 26.406621932983398438 26.41403961181640625 26.420812606811523438 26.430559158325195313 26.439304351806640625 26.444568634033203125 -9999 -9999 -9999 -9999 -9999 -9999 -9999 -9999 -9999 -9999 -9999 -9999 -9999 -9999 -9999
26.158050537109375 26.157978057861328125 26.1651611328125 26.175344467163085938 26.185655593872070313 26.191080093383789063 26.199609756469726563 26.21149444580078125 26.2310943603515625 26.245088577270507813 26.26970672607421875 26.286863327026367188 26.30667877197265625 26.324659347534179688 26.335357666015625 26.343210220336914063 26.347455978393554688 26.34996795654296875 26.353803634643554688 26.362445831298828125 26.373868942260742188 26.38916015625 26.404558181762695313 26.413387298583984375 26.421422958374023438 26.4322357177734375 26.44167327880859375 26.448396682739257813 26.452411651611328125 -9999 -9999 -9999 -9999 -9999 -9999 -9999 -9999 -9999 -9999 -9999 -9999 -9999 -9999
26.165170669555664063 26.167041778564453125 26.173109054565429688 26.18140411376953125 26.190191268920898438 26.19441986083984375 26.199747085571289063 26.205125808715820313 26.210750579833984375 26.217554092407226563 26.234867095947265625 26.247735977172851563 26.273456573486328125 26.294277191162109375 26.312505722045898438 26.329244613647460938 26.3399810791015625 26.34638214111328125 26.350667953491210938 26.358562469482421875 26.36899566650390625 26.384397506713867188 26.402006149291992188 26.413076400756835938 26.421339035034179688 26.432741165161132813 26.442708969116210938 26.449731826782226563 26.452062606811523438 -9999 -9999 -9999 -9999 -9999 -9999 -9999 -9999 -9999 -9999 -9999 -9999 -9999 -9999
26.176408767700195313 26.179523468017578125 26.184482574462890625 26.1900177001953125 26.19419097900390625 26.196247100830078125 26.201112747192382813 26.205308914184570313 26.206296920776367188 26.20838165283203125 26.21381378173828125 26.219684600830078125 26.237951278686523438 26.25373077392578125 26.2752532958984375 26.296689987182617188 26.314279556274414063 26.329280853271484375 26.337566375732421875 26.348461151123046875 26.360570907592773438 26.377573013305664063 26.39849090576171875 26.410858154296875 26.419435501098632813 26.431806564331054688 26.443330764770507813 26.4507598876953125 26.45145416259765625 26.449632644653320313 26.447374343872070313 -9999 -9999 -9999 -9999 -9999 -9999 -9999 -9999 -9999 -9999 -9999 -9999
26.185052871704101563 26.189422607421875 26.19500732421875 26.199008941650390625 26.19773101806640625 26.196821212768554688 26.199563980102539063 26.20235443115234375 26.203128814697265625 26.203884124755859375 26.206827163696289063 26.210308074951171875 26.217739105224609375 26.226797103881835938 26.239467620849609375 26.254381179809570313 26.273097991943359375 26.295177459716796875 26.30773162841796875 26.324472427368164063 26.341388702392578125 26.362688064575195313 26.391145706176757813 26.406223297119140625 26.415683746337890625 26.429307937622070313 26.442121505737304688 26.45026397705078125 26.452089309692382813 26.44882965087890625 26.445150375366210938 26.439159393310546875 -9999 -9999 -9999 -9999 -9999 -9999 -9999 -9999 -9999 -9999 -9999
26.190021514892578125 26.194805145263671875 26.199274063110351563 26.201097488403320313 26.196489334106445313 26.193723678588867188 26.194707870483398438 26.196292877197265625 26.196401596069335938 26.196905136108398438 26.200992584228515625 26.204469680786132813 26.208677291870117188 26.214307785034179688 26.217870712280273438 26.22299957275390625 26.232822418212890625 26.251766204833984375 26.263696670532226563 26.2818145751953125 26.302606582641601563 26.33281707763671875 26.374383926391601563 26.395711898803710938 26.407869338989257813 26.425397872924804688 26.439697265625 26.4470062255859375 26.449222564697265625 26.448251724243164063 26.444829940795898438 26.440521240234375 26.439718246459960938 -9999 -9999 -9999 -9999 -9999 -9999 -9999 -9999 -9999 -9999
26.191823959350585938 26.195127487182617188 26.197622299194335938 26.197040557861328125 26.191572189331054688 26.188709259033203125 26.18903350830078125 26.190248489379882813 26.190235137939453125 26.190135955810546875 26.194196701049804688 26.198400497436523438 26.202503204345703125 26.205860137939453125 26.206609725952148438 26.206922531127929688 26.209310531616210938 26.21588134765625 26.221363067626953125 26.233457565307617188 26.25624847412109375 26.296358108520507813 26.348888397216796875 26.374711990356445313 26.392688751220703125 26.4197235107421875 26.437837600708007813 26.443964004516601563 26.446258544921875 26.44673919677734375 26.446109771728515625 26.443964004516601563 26.441671371459960938 26.442577362060546875 26.451351165771484375 26.453182220458984375 -9999 -9999 -9999 -9999 -9999 -9999 -9999
26.191045761108398438 26.192430496215820313 26.193050384521484375 26.191061019897460938 26.18682098388671875 26.18531036376953125 26.18670654296875 26.188646316528320313 26.18834686279296875 26.18730926513671875 26.191028594970703125 26.1956787109375 26.199968338012695313 26.20257568359375 26.201725006103515625 26.20078277587890625 26.2024078369140625 26.205926895141601563 26.208263397216796875 26.2141265869140625 26.230550765991210938 26.263872146606445313 26.314172744750976563 26.339311599731445313 26.366338729858398438 26.406095504760742188 26.431671142578125 26.44094085693359375 26.444639205932617188 26.446439743041992188 26.44857025146484375 26.44980621337890625 26.447156906127929688 26.446786880493164063 26.4569549560546875 26.476091384887695313 26.4868621826171875 26.490938186645507813 26.496366500854492188 26.499271392822265625 26.502101898193359375 -9999 -9999
26.1889495849609375 26.188627243041992188 26.1884307861328125 26.186403274536132813 26.183645248413085938 26.1831817626953125 26.186298370361328125 26.189859390258789063 26.190654754638671875 26.18964385986328125 26.191938400268554688 26.195354461669921875 26.19962310791015625 26.202440261840820313 26.200639724731445313 26.19821929931640625 26.199214935302734375 26.20511627197265625 26.208391189575195313 26.214324951171875 26.225793838500976563 26.24878692626953125 26.28102874755859375 26.297901153564453125 26.329252243041992188 26.376237869262695313 26.409496307373046875 26.4296112060546875 26.44001007080078125 26.444562911987304688 26.449548721313476563 26.456790924072265625 26.457124710083007813 26.455942153930664063 26.463708877563476563 26.478223800659179688 26.486738204956054688 26.492704391479492188 26.49627685546875 26.499507904052734375 26.503702163696289063 26.515436172485351563 26.526782989501953125
26.18569183349609375 26.184230804443359375 26.184312820434570313 26.183263778686523438 26.18254852294921875 26.183292388916015625 26.186803817749023438 26.19156646728515625 26.194299697875976563 26.193334579467773438 26.193723678588867188 26.195980072021484375 26.199748992919921875 26.2024383544921875 26.200740814208984375 26.1977081298828125 26.198528289794921875 26.202352523803710938 26.206060409545898438 26.2127227783203125 26.224042892456054688 26.24477386474609375 26.2664794921875 26.278293609619140625 26.299190521240234375 26.335130691528320313 26.368726730346679688 26.400390625 26.42034912109375 26.427499771118164063 26.43607330322265625 26.455020904541015625 26.463434219360351563 26.463171005249023438 26.468914031982421875 26.480176925659179688 26.487092971801757813 26.492620468139648438 26.496051788330078125 26.500425338745117188 26.50788116455078125 26.515813827514648438 26.526388168334960938
26.181850433349609375 26.180578231811523438 26.18094635009765625 26.181056976318359375 26.181131362915039063 26.182315826416015625 26.186281204223632813 26.191497802734375 26.195184707641601563 26.19451904296875 26.194177627563476563 26.195383071899414063 26.198217391967773438 26.201845169067382813 26.2010345458984375 26.197607040405273438 26.197528839111328125 26.199739456176757813 26.204694747924804688 26.211160659790039063 26.221126556396484375 26.240283966064453125 26.261873245239257813 26.272787094116210938 26.28456878662109375 26.30554962158203125 26.332151412963867188 26.362745285034179688 26.38445281982421875 26.3931121826171875 26.405370712280273438 26.436084747314453125 26.451517105102539063 26.451995849609375 26.458766937255859375 26.4726715087890625 26.481298446655273438 26.487438201904296875 26.492692947387695313 26.4979705810546875 26.507120132446289063 26.5161285400390625 26.52504730224609375
26.1746368408203125 26.17523956298828125 26.175006866455078125 26.173969268798828125 26.172204971313476563 26.17264556884765625 26.1759796142578125 26.18115997314453125 26.18587493896484375 26.187229156494140625 26.18792724609375 26.188762664794921875 26.1898193359375 26.1927947998046875 26.19411468505859375 26.19379425048828125 26.195425033569335938 26.197557449340820313 26.20246124267578125 26.208978652954101563 26.218730926513671875 26.237010955810546875 26.258575439453125 26.269617080688476563 26.27857208251953125 26.292772293090820313 26.310522079467773438 26.329601287841796875 26.34816741943359375 26.360288619995117188 26.372976303100585938 26.399234771728515625 26.412084579467773438 26.414508819580078125 26.425434112548828125 26.440824508666992188 26.449476242065429688 26.456357955932617188 26.471240997314453125 26.482051849365234375 26.496122360229492188 26.5112762451171875 26.520483016967773438
26.14107513427734375 26.14849853515625 26.147134780883789063 26.143589019775390625 26.139139175415039063 26.138223648071289063 26.141061782836914063 26.146654129028320313 26.152339935302734375 26.155496597290039063 26.157135009765625 26.15771484375 26.158922195434570313 26.166294097900390625 26.175350189208984375 26.181383132934570313 26.187944412231445313 26.192361831665039063 26.198274612426757813 26.2059783935546875 26.21735382080078125 26.236629486083984375 26.258668899536132813 26.27032470703125 26.277919769287109375 26.288816452026367188 26.299200057983398438 26.310705184936523438 26.324617385864257813 26.33648681640625 26.3473663330078125 26.3631439208984375 26.372892379760742188 26.379613876342773438 26.389598846435546875 26.397853851318359375 26.40256500244140625 26.410528182983398438 26.430669784545898438 26.443712234497070313 26.465524673461914063 26.488248825073242188 26.496961593627929688
26.085077285766601563 26.095951080322265625 26.093835830688476563 26.088544845581054688 26.083585739135742188 26.082630157470703125 26.085796356201171875 26.091787338256835938 26.097734451293945313 26.100923538208007813 26.101865768432617188 26.102077484130859375 26.10924530029296875 26.129423141479492188 26.145830154418945313 26.153919219970703125 26.162990570068359375 26.169820785522460938 26.1812591552734375 26.197145462036132813 26.213367462158203125 26.234869003295898438 26.260225296020507813 26.272745132446289063 26.278497695922851563 26.286630630493164063 26.294492721557617188 26.303287506103515625 26.31426239013671875 26.324657440185546875 26.334962844848632813 26.3500823974609375 26.361295700073242188 26.371660232543945313 26.3781585693359375 26.380725860595703125 26.38509368896484375 26.39422607421875 26.402496337890625 26.408792495727539063 26.428792953491210938 26.445087432861328125 26.450849533081054688
26.044210433959960938 26.0496368408203125 26.047153472900390625 26.041599273681640625 26.037723541259765625 26.037885665893554688 26.0416412353515625 26.046825408935546875 26.05214691162109375 26.055749893188476563 26.05727386474609375 26.058187484741210938 26.070146560668945313 26.091630935668945313 26.103902816772460938 26.110742568969726563 26.1201324462890625 26.12917327880859375 26.151416778564453125 26.17816925048828125 26.197149276733398438 26.220365524291992188 26.2501983642578125 26.265581130981445313 26.27198028564453125 26.280431747436523438 26.288583755493164063 26.297393798828125 26.308673858642578125 26.31937408447265625 26.328401565551757813 26.341890335083007813 26.3525543212890625 26.362997055053710938 26.371288299560546875 26.375616073608398438 26.381427764892578125 26.38950347900390625 26.392957687377929688 26.396961212158203125 26.40544891357421875 26.410358428955078125 26.414571762084960938
26.0165557861328125 26.018270492553710938 26.015888214111328125 26.011579513549804688 26.010446548461914063 26.012119293212890625 26.015865325927734375 26.020023345947265625 26.0253448486328125 26.031824111938476563 26.037914276123046875 26.041013717651367188 26.046642303466796875 26.055999755859375 26.062986373901367188 26.07064056396484375 26.082464218139648438 26.095066070556640625 26.12319183349609375 26.14766693115234375 26.163320541381835938 26.18898773193359375 26.225452423095703125 26.24454498291015625 26.24916839599609375 26.255411148071289063 26.267620086669921875 26.285314559936523438 26.301876068115234375 26.313875198364257813 26.32312774658203125 26.336656570434570313 26.347591400146484375 26.355785369873046875 26.363506317138671875 26.369680404663085938 26.375226974487304688 26.382711410522460938 26.387355804443359375 26.393352508544921875 26.397159576416015625 26.4001922607421875 26.404085159301757813
