INPUT/RASTER/ASCII/BIO7.asc
ncols        225
nrows        269
xllcorner    473009.983799999987
yllcorner    4429051.174800000153
cellsize     50.000000000000
NODATA_value  -9999
[rows 200 to 219 of 269, columns 86 to 128 of 225]
26.534122467041015625 26.545740127563476563 26.552743911743164063 26.555370330810546875 26.55680084228515625 26.57611846923828125 26.61682891845703125 26.65230560302734375 26.69095611572265625 26.73606109619140625 26.773065567016601563 26.813360214233398438 26.851146697998046875 26.8931884765625 26.926158905029296875 26.98143768310546875 27.0331573486328125 27.048040390014648438 27.042972564697265625 27.048555374145507813 27.056959152221679688 27.057180404663085938 27.03736114501953125 27.023958206176757813 27.03668975830078125 27.06329345703125 27.067289352416992188 27.037538528442382813 27.000909805297851563 26.96915435791015625 26.945138931274414063 26.953733444213867188 26.9810638427734375 27.016155242919921875 27.064401626586914063 27.109312057495117188 27.127790451049804688 27.117872238159179688 27.10451507568359375 27.105319976806640625 27.118091583251953125 27.11122894287109375 27.083276748657226563
26.560659408569335938 26.580919265747070313 26.59226226806640625 26.596017837524414063 26.58917236328125 26.592870712280273438 26.632757186889648438 26.679750442504882813 26.736186981201171875 26.799055099487304688 26.838886260986328125 26.873867034912109375 26.906452178955078125 26.938047409057617188 26.959814071655273438 26.999460220336914063 27.04869842529296875 27.083469390869140625 27.090898513793945313 27.094089508056640625 27.098978042602539063 27.093036651611328125 27.06851959228515625 27.054155349731445313 27.066720962524414063 27.092031478881835938 27.089597702026367188 27.047033309936523438 27.005527496337890625 26.971958160400390625 26.95117950439453125 26.962205886840820313 26.9898223876953125 27.029417037963867188 27.0894927978515625 27.132457733154296875 27.150951385498046875 27.139207839965820313 27.114532470703125 27.106903076171875 27.108354568481445313 27.096935272216796875 27.070798873901367188
26.587228775024414063 26.611974716186523438 26.6280364990234375 26.636074066162109375 26.628889083862304688 26.623189926147460938 26.649694442749023438 26.687534332275390625 26.741258621215820313 26.814691543579101563 26.871307373046875 26.915224075317382813 26.949472427368164063 26.97574615478515625 26.990787506103515625 27.016099929809570313 27.05330657958984375 27.09473419189453125 27.114727020263671875 27.11862945556640625 27.121019363403320313 27.116109848022460938 27.10100555419921875 27.092351913452148438 27.101642608642578125 27.119356155395507813 27.111932754516601563 27.065013885498046875 27.024026870727539063 26.994966506958007813 26.982137680053710938 26.995515823364257813 27.019182205200195313 27.053487777709960938 27.114782333374023438 27.1605224609375 27.16231536865234375 27.143301010131835938 27.118337631225585938 27.108417510986328125 27.106525421142578125 27.095310211181640625 27.07049560546875
26.612169265747070313 26.63703155517578125 26.658159255981445313 26.672712326049804688 26.670076370239257813 26.664333343505859375 26.680723190307617188 26.7075653076171875 26.751312255859375 26.825592041015625 26.894866943359375 26.949300765991210938 26.98734283447265625 27.0081939697265625 27.016378402709960938 27.0294036865234375 27.058109283447265625 27.102540969848632813 27.132228851318359375 27.138134002685546875 27.138645172119140625 27.13382720947265625 27.127286911010742188 27.13045501708984375 27.140499114990234375 27.14701080322265625 27.135242462158203125 27.093965530395507813 27.060743331909179688 27.04041290283203125 27.03549957275390625 27.047220230102539063 27.063428878784179688 27.088705062866210938 27.13880157470703125 27.1815948486328125 27.179668426513671875 27.153102874755859375 27.13477325439453125 27.123258590698242188 27.1167755126953125 27.104185104370117188 27.082849502563476563
26.633031845092773438 26.653583526611328125 26.68021392822265625 26.703916549682617188 26.712505340576171875 26.713932037353515625 26.725599288940429688 26.74237060546875 26.776519775390625 26.846752166748046875 26.91599273681640625 26.971727371215820313 27.01421356201171875 27.033710479736328125 27.04080963134765625 27.049242019653320313 27.073125839233398438 27.114236831665039063 27.145526885986328125 27.153522491455078125 27.152544021606445313 27.14487457275390625 27.142238616943359375 27.157604217529296875 27.175045013427734375 27.17510986328125 27.161060333251953125 27.13137054443359375 27.110805511474609375 27.099737167358398438 27.099061965942382813 27.106943130493164063 27.116941452026367188 27.134588241577148438 27.16959381103515625 27.191400527954101563 27.179996490478515625 27.1517791748046875 27.13426971435546875 27.125368118286132813 27.120990753173828125 27.1126861572265625 27.0950775146484375
26.661907196044921875 26.675008773803710938 26.700992584228515625 26.728748321533203125 26.746419906616210938 26.756299972534179688 26.767589569091796875 26.779499053955078125 26.810413360595703125 26.881128311157226563 26.943342208862304688 26.989732742309570313 27.030063629150390625 27.050090789794921875 27.062585830688476563 27.077798843383789063 27.100347518920898438 27.131582260131835938 27.158565521240234375 27.16895294189453125 27.166093826293945313 27.155092239379882813 27.15433502197265625 27.174694061279296875 27.198057174682617188 27.201900482177734375 27.19342041015625 27.178066253662109375 27.168748855590820313 27.164989471435546875 27.164669036865234375 27.1667633056640625 27.17108917236328125 27.17940521240234375 27.188631057739257813 27.175268173217773438 27.144975662231445313 27.124195098876953125 27.111476898193359375 27.103033065795898438 27.104162216186523438 27.105596542358398438 27.093236923217773438
26.708879470825195313 26.711833953857421875 26.727382659912109375 26.745817184448242188 26.760877609252929688 26.773885726928710938 26.787841796875 26.800579071044921875 26.83245849609375 26.902326583862304688 26.957202911376953125 26.993984222412109375 27.028409957885742188 27.047849655151367188 27.066419601440429688 27.093656539916992188 27.121213912963867188 27.147455215454101563 27.17261505126953125 27.1856842041015625 27.182016372680664063 27.169361114501953125 27.169097900390625 27.190738677978515625 27.21489715576171875 27.222547531127929688 27.220083236694335938 27.2145843505859375 27.212970733642578125 27.21195220947265625 27.2079315185546875 27.20208740234375 27.199686050415039063 27.193302154541015625 27.169103622436523438 27.1273193359375 27.087677001953125 27.070583343505859375 27.064561843872070313 27.067419052124023438 27.076610565185546875 27.086017608642578125 27.084077835083007813
26.761484146118164063 26.755838394165039063 26.756927490234375 26.756513595581054688 26.758441925048828125 26.767429351806640625 26.783380508422851563 26.799242019653320313 26.82967376708984375 26.887918472290039063 26.936944961547851563 26.972902297973632813 27.005697250366210938 27.024900436401367188 27.047323226928710938 27.083353042602539063 27.1153564453125 27.142255783081054688 27.1718292236328125 27.190034866333007813 27.192926406860351563 27.189718246459960938 27.192554473876953125 27.212465286254882813 27.228063583374023438 27.227834701538085938 27.224002838134765625 27.21915435791015625 27.217874526977539063 27.214040756225585938 27.20337677001953125 27.189283370971679688 27.178770065307617188 27.156721115112304688 27.110748291015625 27.064638137817382813 27.03072357177734375 27.0189971923828125 27.019073486328125 27.033239364624023438 27.053981781005859375 27.0650634765625 27.074216842651367188
26.798097610473632813 26.788944244384765625 26.7780303955078125 26.758899688720703125 26.743421554565429688 26.745998382568359375 26.761592864990234375 26.778673171997070313 26.804412841796875 26.850618362426757813 26.895452499389648438 26.933124542236328125 26.967952728271484375 26.989122390747070313 27.01546478271484375 27.053266525268554688 27.081172943115234375 27.106534957885742188 27.146375656127929688 27.177928924560546875 27.19644927978515625 27.215612411499023438 27.225450515747070313 27.2345428466796875 27.228885650634765625 27.210208892822265625 27.198381423950195313 27.18689727783203125 27.181606292724609375 27.174381256103515625 27.157741546630859375 27.1348876953125 27.115011215209960938 27.083673477172851563 27.034193038940429688 26.994432449340820313 26.971250534057617188 26.966876983642578125 26.972606658935546875 26.994935989379882813 27.021907806396484375 27.03447723388671875 27.054325103759765625
26.828004837036132813 26.81638336181640625 26.794408798217773438 26.759235382080078125 26.727499008178710938 26.726644515991210938 26.743556976318359375 26.758253097534179688 26.77556610107421875 26.811445236206054688 26.852817535400390625 26.890705108642578125 26.92908477783203125 26.954687118530273438 26.9868927001953125 27.022787094116210938 27.049068450927734375 27.075269699096679688 27.120058059692382813 27.161478042602539063 27.190366744995117188 27.227405548095703125 27.247926712036132813 27.242990493774414063 27.21074676513671875 27.172315597534179688 27.151834487915039063 27.133840560913085938 27.126291275024414063 27.119203567504882813 27.100809097290039063 27.074419021606445313 27.051332473754882813 27.020870208740234375 26.97589874267578125 26.937952041625976563 26.91729736328125 26.916795730590820313 26.9267730712890625 26.95267486572265625 26.980520248413085938 26.996141433715820313 27.023845672607421875
26.855455398559570313 26.841552734375 26.814466476440429688 26.768390655517578125 26.724514007568359375 26.719568252563476563 26.736175537109375 26.749263763427734375 26.762025833129882813 26.78928375244140625 26.824930191040039063 26.860010147094726563 26.901546478271484375 26.933248519897460938 26.973928451538085938 27.01255035400390625 27.045299530029296875 27.078626632690429688 27.120166778564453125 27.158725738525390625 27.1883392333984375 27.230772018432617188 27.260248184204101563 27.247156143188476563 27.191471099853515625 27.134288787841796875 27.105417251586914063 27.081655502319335938 27.074634552001953125 27.072481155395507813 27.055391311645507813 27.029298782348632813 27.007833480834960938 26.977680206298828125 26.93658447265625 26.900953292846679688 26.876796722412109375 26.874362945556640625 26.8842010498046875 26.905294418334960938 26.927364349365234375 26.952030181884765625 26.986021041870117188
26.893619537353515625 26.877786636352539063 26.849103927612304688 26.800043106079101563 26.750308990478515625 26.73416900634765625 26.743289947509765625 26.75595855712890625 26.772289276123046875 26.797025680541992188 26.8256683349609375 26.855524063110351563 26.896165847778320313 26.930101394653320313 26.975492477416992188 27.013734817504882813 27.042825698852539063 27.07215118408203125 27.110189437866210938 27.149400711059570313 27.187343597412109375 27.240299224853515625 27.27123260498046875 27.248260498046875 27.178106307983398438 27.108642578125 27.071516036987304688 27.03730010986328125 27.026123046875 27.028894424438476563 27.015239715576171875 26.991405487060546875 26.973041534423828125 26.941249847412109375 26.905782699584960938 26.872209548950195313 26.8452606201171875 26.83925628662109375 26.84224700927734375 26.843030929565429688 26.855535507202148438 26.892354965209960938 26.933183670043945313
26.95529937744140625 26.940080642700195313 26.915819168090820313 26.87213134765625 26.818332672119140625 26.7805938720703125 26.77013397216796875 26.77667236328125 26.799795150756835938 26.831300735473632813 26.860433578491210938 26.889146804809570313 26.922979354858398438 26.94857025146484375 26.98209381103515625 27.00240325927734375 27.005578994750976563 27.013666152954101563 27.05246734619140625 27.108865737915039063 27.170186996459960938 27.250370025634765625 27.278171539306640625 27.2448272705078125 27.17874908447265625 27.11042022705078125 27.069789886474609375 27.022430419921875 26.992763519287109375 26.982410430908203125 26.971555709838867188 26.95627593994140625 26.943109512329101563 26.917789459228515625 26.891117095947265625 26.859972000122070313 26.835271835327148438 26.827892303466796875 26.82451629638671875 26.802654266357421875 26.8014068603515625 26.838743209838867188 26.879529953002929688
27.011943817138671875 26.99773406982421875 26.978168487548828125 26.939413070678710938 26.881307601928710938 26.82463836669921875 26.797082901000976563 26.795976638793945313 26.817089080810546875 26.850091934204101563 26.88097381591796875 26.909688949584960938 26.9388580322265625 26.957803726196289063 26.977262496948242188 26.980325698852539063 26.964052200317382813 26.958528518676757813 27.004016876220703125 27.075345993041992188 27.153860092163085938 27.257234573364257813 27.287584304809570313 27.253253936767578125 27.197374343872070313 27.136981964111328125 27.098484039306640625 27.045419692993164063 26.999395370483398438 26.967304229736328125 26.946634292602539063 26.934621810913085938 26.925945281982421875 26.910808563232421875 26.89104461669921875 26.863950729370117188 26.84157562255859375 26.833454132080078125 26.828136444091796875 26.800626754760742188 26.788051605224609375 26.810754776000976563 26.842151641845703125
27.049085617065429688 27.03627777099609375 27.020200729370117188 26.981273651123046875 26.916561126708984375 26.845457077026367188 26.806728363037109375 26.800516128540039063 26.81536102294921875 26.842388153076171875 26.870107650756835938 26.897699356079101563 26.928373336791992188 26.948877334594726563 26.965402603149414063 26.965524673461914063 26.947124481201171875 26.941583633422851563 26.992975234985351563 27.065778732299804688 27.144649505615234375 27.25588226318359375 27.299564361572265625 27.274518966674804688 27.22495269775390625 27.171895980834960938 27.137577056884765625 27.0861968994140625 27.035078048706054688 26.988843917846679688 26.949615478515625 26.92983245849609375 26.921848297119140625 26.910196304321289063 26.893903732299804688 26.869291305541992188 26.847108840942382813 26.838634490966796875 26.8295745849609375 26.803766250610351563 26.790765762329101563 26.796358108520507813 26.81491851806640625
27.072460174560546875 27.062896728515625 27.0528564453125 27.010187149047851563 26.935678482055664063 26.853616714477539063 26.806406021118164063 26.797595977783203125 26.809261322021484375 26.8296356201171875 26.853330612182617188 26.88220977783203125 26.918010711669921875 26.94313812255859375 26.96401214599609375 26.967050552368164063 26.952518463134765625 26.950099945068359375 26.998712539672851563 27.065877914428710938 27.136796951293945313 27.24733734130859375 27.308223724365234375 27.295732498168945313 27.253221511840820313 27.207920074462890625 27.177814483642578125 27.1284027099609375 27.07517242431640625 27.021665573120117188 26.9670562744140625 26.934110641479492188 26.923305511474609375 26.91129302978515625 26.896387100219726563 26.871845245361328125 26.848550796508789063 26.840269088745117188 26.829084396362304688 26.805963516235351563 26.795808792114257813 26.791652679443359375 26.798357009887695313
27.092838287353515625 27.08635711669921875 27.08184051513671875 27.034147262573242188 26.952074050903320313 26.868165969848632813 26.817766189575195313 26.806360244750976563 26.8123779296875 26.823984146118164063 26.844274520874023438 26.87781524658203125 26.922033309936523438 26.953573226928710938 26.983316421508789063 26.987928390502929688 26.97667694091796875 26.97635650634765625 27.017011642456054688 27.075532913208007813 27.136247634887695313 27.240245819091796875 27.313800811767578125 27.314840316772460938 27.281621932983398438 27.24536895751953125 27.219511032104492188 27.1708831787109375 27.116024017333984375 27.0588226318359375 26.993833541870117188 26.947429656982421875 26.93068695068359375 26.913473129272460938 26.8962860107421875 26.870637893676757813 26.84685516357421875 26.836656570434570313 26.82584381103515625 26.808950424194335938 26.801023483276367188 26.7939300537109375 26.791307449340820313
27.129810333251953125 27.122135162353515625 27.10849761962890625 27.059499740600585938 26.988101959228515625 26.916681289672851563 26.868320465087890625 26.849765777587890625 26.839267730712890625 26.834667205810546875 26.851095199584960938 26.891378402709960938 26.945455551147460938 26.984079360961914063 27.0242767333984375 27.0313873291015625 27.017120361328125 27.018589019775390625 27.0574493408203125 27.107744216918945313 27.159379959106445313 27.2471160888671875 27.316446304321289063 27.330875396728515625 27.310228347778320313 27.281564712524414063 27.259334564208984375 27.212385177612304688 27.156864166259765625 27.098466873168945313 27.02246856689453125 26.95908355712890625 26.934246063232421875 26.90962982177734375 26.88896942138671875 26.8656158447265625 26.843769073486328125 26.824918746948242188 26.814912796020507813 26.810483932495117188 26.8059234619140625 26.799467086791992188 26.795251846313476563
27.172586441040039063 27.157770156860351563 27.134355545043945313 27.099668502807617188 27.05609130859375 27.000440597534179688 26.954950332641601563 26.927762985229492188 26.90055084228515625 26.890712738037109375 26.909511566162109375 26.952602386474609375 27.008197784423828125 27.045818328857421875 27.082315444946289063 27.083986282348632813 27.063884735107421875 27.069189071655273438 27.110225677490234375 27.151952743530273438 27.1889495849609375 27.25160980224609375 27.311176300048828125 27.338808059692382813 27.330682754516601563 27.308414459228515625 27.28920745849609375 27.24581146240234375 27.190338134765625 27.1287689208984375 27.03894805908203125 26.956998825073242188 26.925142288208007813 26.895963668823242188 26.875087738037109375 26.859666824340820313 26.841173171997070313 26.820795059204101563 26.816400527954101563 26.815320968627929688 26.812803268432617188 26.809091567993164063 26.80767059326171875
27.199033737182617188 27.182277679443359375 27.16248321533203125 27.1446685791015625 27.119724273681640625 27.0699920654296875 27.025075912475585938 26.993946075439453125 26.963665008544921875 26.967157363891601563 26.995424270629882813 27.03490447998046875 27.081024169921875 27.10935211181640625 27.127361297607421875 27.117658615112304688 27.097949981689453125 27.105983734130859375 27.145792007446289063 27.180572509765625 27.203481674194335938 27.245769500732421875 27.3047637939453125 27.34288787841796875 27.337171554565429688 27.316961288452148438 27.297285079956054688 27.2562408447265625 27.204111099243164063 27.143032073974609375 27.051715850830078125 26.966672897338867188 26.927579879760742188 26.890384674072265625 26.868570327758789063 26.85681915283203125 26.8403167724609375 26.821582794189453125 26.819135665893554688 26.8187713623046875 26.81817626953125 26.817348480224609375 26.8193206787109375
