INPUT/RASTER/ASCII/BIO7.asc
ncols        225
nrows        269
xllcorner    473009.983799999987
yllcorner    4429051.174800000153
cellsize     50.000000000000
NODATA_value  -9999
[rows 160 to 179 of 269, columns 172 to 214 of 225]
27.071153640747070313 27.069509506225585938 27.072435379028320313 27.077596664428710938 27.087421417236328125 27.091678619384765625 27.07880401611328125 27.062234878540039063 27.04907989501953125 27.042680740356445313 27.042568206787109375 27.040079116821289063 27.031637191772460938 27.020526885986328125 27.01149749755859375 27.007982254028320313 27.001859664916992188 26.991502761840820313 26.98220062255859375 26.975933074951171875 26.96611785888671875 26.95781707763671875 26.946119308471679688 26.928951263427734375 26.915494918823242188 26.90769195556640625 26.902654647827148438 26.901006698608398438 26.903783798217773438 26.907522201538085938 26.910760879516601563 26.914278030395507813 26.91916656494140625 26.923112869262695313 26.925445556640625 26.929857254028320313 26.93653106689453125 26.944284439086914063 26.951761245727539063 26.958284378051757813 26.96253204345703125 26.968633651733398438 26.97203826904296875
27.06012725830078125 27.060976028442382813 27.0642242431640625 27.067974090576171875 27.073329925537109375 27.071905136108398438 27.057035446166992188 27.04000091552734375 27.027067184448242188 27.020538330078125 27.021200180053710938 27.0196990966796875 27.014232635498046875 27.006128311157226563 26.997961044311523438 26.994525909423828125 26.990556716918945313 26.979433059692382813 26.969676971435546875 26.965864181518554688 26.958866119384765625 26.950931549072265625 26.939899444580078125 26.924678802490234375 26.914331436157226563 26.90964508056640625 26.908094406127929688 26.907705307006835938 26.909992218017578125 26.9118194580078125 26.913700103759765625 26.91677093505859375 26.921794891357421875 26.925504684448242188 26.928110122680664063 26.933168411254882813 26.939189910888671875 26.946367263793945313 26.953413009643554688 26.9593048095703125 26.96327972412109375 26.969400405883789063 26.973585128784179688
27.037427902221679688 27.038867950439453125 27.040594100952148438 27.042085647583007813 27.042461395263671875 27.037511825561523438 27.02562713623046875 27.01165008544921875 26.999950408935546875 26.99359893798828125 26.992338180541992188 26.989917755126953125 26.985876083374023438 26.98047637939453125 26.97501373291015625 26.974023818969726563 26.971378326416015625 26.96042633056640625 26.950681686401367188 26.949748992919921875 26.946943283081054688 26.940023422241210938 26.92885589599609375 26.915506362915039063 26.911325454711914063 26.91028594970703125 26.912343978881835938 26.913747787475585938 26.914215087890625 26.915740966796875 26.917694091796875 26.921007156372070313 26.925678253173828125 26.929264068603515625 26.931957244873046875 26.936676025390625 26.941957473754882813 26.94797515869140625 26.954128265380859375 26.959783554077148438 26.963560104370117188 26.969312667846679688 26.975208282470703125
27.018796920776367188 27.01959991455078125 27.019544601440429688 27.018926620483398438 27.015716552734375 27.009950637817382813 27.002679824829101563 26.992399215698242188 26.982179641723632813 26.975057601928710938 26.967472076416015625 26.961656570434570313 26.957872390747070313 26.95331573486328125 26.950504302978515625 26.951337814331054688 26.949703216552734375 26.941196441650390625 26.93270111083984375 26.933704376220703125 26.931734085083007813 26.9245147705078125 26.913421630859375 26.903993606567382813 26.905488967895507813 26.905071258544921875 26.908414840698242188 26.9117889404296875 26.91139984130859375 26.914319992065429688 26.91777801513671875 26.922595977783203125 26.928514480590820313 26.9319610595703125 26.934820175170898438 26.939144134521484375 26.943881988525390625 26.9487762451171875 26.953676223754882813 26.959127426147460938 26.962980270385742188 26.969091415405273438 26.975465774536132813
27.00888824462890625 27.009363174438476563 27.009035110473632813 27.007669448852539063 27.00351715087890625 26.998205184936523438 26.993379592895507813 26.985126495361328125 26.976099014282226563 26.968828201293945313 26.959774017333984375 26.9532928466796875 26.949541091918945313 26.945573806762695313 26.942499160766601563 26.940916061401367188 26.937259674072265625 26.930431365966796875 26.922712326049804688 26.919614791870117188 26.913257598876953125 26.90517425537109375 26.8946990966796875 26.888830184936523438 26.891796112060546875 26.8911285400390625 26.89667510986328125 26.90301513671875 26.902475357055664063 26.906686782836914063 26.912244796752929688 26.918346405029296875 26.927240371704101563 26.93170928955078125 26.935644149780273438 26.940923690795898438 26.945446014404296875 26.949304580688476563 26.952917098999023438 26.957874298095703125 26.962049484252929688 26.969213485717773438 26.975999832153320313
26.99798583984375 26.99892425537109375 26.999799728393554688 26.9979248046875 26.993749618530273438 26.989877700805664063 26.987020492553710938 26.979833602905273438 26.971645355224609375 26.965261459350585938 26.957380294799804688 26.951475143432617188 26.947956085205078125 26.944789886474609375 26.941753387451171875 26.939405441284179688 26.936338424682617188 26.931293487548828125 26.9234771728515625 26.914831161499023438 26.90459442138671875 26.895887374877929688 26.884769439697265625 26.874940872192382813 26.871349334716796875 26.870271682739257813 26.87823486328125 26.886081695556640625 26.88755035400390625 26.895755767822265625 26.903196334838867188 26.90769195556640625 26.918645858764648438 26.925027847290039063 26.930490493774414063 26.938320159912109375 26.944150924682617188 26.94905853271484375 26.95253753662109375 26.957065582275390625 26.961565017700195313 26.969482421875 26.976697921752929688
26.985599517822265625 26.9860687255859375 26.986047744750976563 26.983673095703125 26.980222702026367188 26.978900909423828125 26.979833602905273438 26.974056243896484375 26.967042922973632813 26.962091445922851563 26.955211639404296875 26.949781417846679688 26.9465484619140625 26.9436187744140625 26.940799713134765625 26.939432144165039063 26.937824249267578125 26.9337615966796875 26.926137924194335938 26.918218612670898438 26.909418106079101563 26.90087890625 26.88813018798828125 26.870389938354492188 26.860198974609375 26.857633590698242188 26.861728668212890625 26.865514755249023438 26.869222640991210938 26.880523681640625 26.887277603149414063 26.89165496826171875 26.90590667724609375 26.913694381713867188 26.918231964111328125 26.928478240966796875 26.936962127685546875 26.944559097290039063 26.950624465942382813 26.957126617431640625 26.962022781372070313 26.96997833251953125 26.97772216796875
26.9764862060546875 26.974603652954101563 26.971582412719726563 26.969690322875976563 26.968601226806640625 26.969387054443359375 26.971004486083984375 26.965677261352539063 26.959596633911132813 26.957273483276367188 26.95349884033203125 26.948884963989257813 26.94603729248046875 26.943349838256835938 26.94112396240234375 26.9408721923828125 26.940034866333007813 26.935760498046875 26.92828369140625 26.921955108642578125 26.913858413696289063 26.905656814575195313 26.892541885375976563 26.873401641845703125 26.861921310424804688 26.857625961303710938 26.856702804565429688 26.85687255859375 26.860174179077148438 26.86639404296875 26.869140625 26.874990463256835938 26.889863967895507813 26.89697265625 26.90248870849609375 26.915409088134765625 26.924058914184570313 26.932643890380859375 26.9417724609375 26.9525146484375 26.959009170532226563 26.96741485595703125 26.975786209106445313
26.964776992797851563 26.96218109130859375 26.961376190185546875 26.961801528930664063 26.963506698608398438 26.965559005737304688 26.96457672119140625 26.958356857299804688 26.952760696411132813 26.950654983520507813 26.947940826416015625 26.944889068603515625 26.94377899169921875 26.9427032470703125 26.941514968872070313 26.94257354736328125 26.943700790405273438 26.939741134643554688 26.93276214599609375 26.927494049072265625 26.920198440551757813 26.912263870239257813 26.898485183715820313 26.879093170166015625 26.866552352905273438 26.861742019653320313 26.8602142333984375 26.859722137451171875 26.86107635498046875 26.863027572631835938 26.8641815185546875 26.86846160888671875 26.875986099243164063 26.87985992431640625 26.884473800659179688 26.893014907836914063 26.900915145874023438 26.91219329833984375 26.925653457641601563 26.939970016479492188 26.946878433227539063 26.956083297729492188 26.965763092041015625
26.954118728637695313 26.95384979248046875 26.954862594604492188 26.95560455322265625 26.957902908325195313 26.962163925170898438 26.963403701782226563 26.95592498779296875 26.949586868286132813 26.946788787841796875 26.944616317749023438 26.943511962890625 26.944002151489257813 26.944810867309570313 26.944332122802734375 26.9437408447265625 26.943328857421875 26.940073013305664063 26.934080123901367188 26.929872512817382813 26.925189971923828125 26.91819000244140625 26.901861190795898438 26.881893157958984375 26.870336532592773438 26.866285324096679688 26.866268157958984375 26.866582870483398438 26.866537094116210938 26.867191314697265625 26.868082046508789063 26.8704833984375 26.873439788818359375 26.8754425048828125 26.877534866333007813 26.880266189575195313 26.8851470947265625 26.89340972900390625 26.906850814819335938 26.920087814331054688 26.927486419677734375 26.942285537719726563 26.9553985595703125
26.94677734375 26.948635101318359375 26.949678421020507813 26.949941635131835938 26.95191192626953125 26.958431243896484375 26.960506439208984375 26.951349258422851563 26.944868087768554688 26.943889617919921875 26.94362640380859375 26.944257736206054688 26.94651031494140625 26.948766708374023438 26.948659896850585938 26.946392059326171875 26.94278717041015625 26.938676834106445313 26.93285369873046875 26.927556991577148438 26.922433853149414063 26.915418624877929688 26.89855194091796875 26.880718231201171875 26.872539520263671875 26.869670867919921875 26.87088775634765625 26.872295379638671875 26.87298583984375 26.873264312744140625 26.873748779296875 26.875860214233398438 26.878652572631835938 26.8802032470703125 26.881017684936523438 26.882572174072265625 26.884733200073242188 26.88829803466796875 26.895565032958984375 26.9032135009765625 26.910703659057617188 26.928087234497070313 26.942594528198242188
26.940740585327148438 26.94429779052734375 26.945203781127929688 26.945112228393554688 26.946788787841796875 26.953874588012695313 26.95497894287109375 26.945283889770507813 26.93953704833984375 26.939342498779296875 26.939592361450195313 26.942121505737304688 26.9469451904296875 26.949771881103515625 26.950428009033203125 26.948944091796875 26.94400787353515625 26.93933868408203125 26.932918548583984375 26.925107955932617188 26.917722702026367188 26.910205841064453125 26.895009994506835938 26.879724502563476563 26.872903823852539063 26.87039947509765625 26.872447967529296875 26.875202178955078125 26.877035140991210938 26.878442764282226563 26.880109786987304688 26.882345199584960938 26.88484954833984375 26.885992050170898438 26.886213302612304688 26.8867645263671875 26.887819290161132813 26.89057159423828125 26.894712448120117188 26.899606704711914063 26.905080795288085938 26.91675567626953125 26.928857803344726563
26.936748504638671875 26.939790725708007813 26.93999481201171875 26.939563751220703125 26.941070556640625 26.9487457275390625 26.9489898681640625 26.939083099365234375 26.933923721313476563 26.93349456787109375 26.933506011962890625 26.937246322631835938 26.9423828125 26.945339202880859375 26.948060989379882813 26.948484420776367188 26.943723678588867188 26.93967437744140625 26.93340301513671875 26.924291610717773438 26.915761947631835938 26.9082183837890625 26.894748687744140625 26.880605697631835938 26.872949600219726563 26.870937347412109375 26.873287200927734375 26.876379013061523438 26.8784637451171875 26.881650924682617188 26.885614395141601563 26.888895034790039063 26.891305923461914063 26.89194488525390625 26.89202117919921875 26.891633987426757813 26.8921051025390625 26.894254684448242188 26.898084640502929688 26.902965545654296875 26.906389236450195313 26.91251373291015625 26.920358657836914063
26.936834335327148438 26.936817169189453125 26.936229705810546875 26.935640335083007813 26.936367034912109375 26.941890716552734375 26.941038131713867188 26.932237625122070313 26.928476333618164063 26.927801132202148438 26.926511764526367188 26.9298095703125 26.932769775390625 26.936311721801757813 26.9411163330078125 26.941497802734375 26.937585830688476563 26.935962677001953125 26.931959152221679688 26.924097061157226563 26.916944503784179688 26.910131454467773438 26.896877288818359375 26.8823394775390625 26.874767303466796875 26.8747406005859375 26.877058029174804688 26.878995895385742188 26.881326675415039063 26.8856353759765625 26.891202926635742188 26.895475387573242188 26.899183273315429688 26.899007797241210938 26.898591995239257813 26.898115158081054688 26.898363113403320313 26.900201797485351563 26.9031524658203125 26.90691375732421875 26.909082412719726563 26.913331985473632813 26.918212890625
26.937528610229492188 26.937808990478515625 26.937402725219726563 26.936487197875976563 26.9356536865234375 26.936456680297851563 26.9342498779296875 26.927778244018554688 26.9238739013671875 26.922128677368164063 26.919923782348632813 26.920696258544921875 26.92038726806640625 26.922529220581054688 26.925668716430664063 26.925317764282226563 26.925050735473632813 26.9271087646484375 26.92479705810546875 26.920309066772460938 26.916011810302734375 26.91074371337890625 26.898433685302734375 26.884828567504882813 26.879472732543945313 26.880323410034179688 26.883550643920898438 26.885936737060546875 26.888835906982421875 26.8933563232421875 26.899362564086914063 26.905015945434570313 26.907711029052734375 26.906778335571289063 26.906452178955078125 26.906965255737304688 26.906604766845703125 26.906988143920898438 26.9088287353515625 26.911592483520507813 26.912931442260742188 26.915548324584960938 26.918169021606445313
26.935628890991210938 26.936065673828125 26.935617446899414063 26.934679031372070313 26.933717727661132813 26.933397293090820313 26.931436538696289063 26.927356719970703125 26.924127578735351563 26.922399520874023438 26.91896820068359375 26.914520263671875 26.91150665283203125 26.910516738891601563 26.909383773803710938 26.90784454345703125 26.910570144653320313 26.915439605712890625 26.915399551391601563 26.914178848266601563 26.911382675170898438 26.9076995849609375 26.896556854248046875 26.885631561279296875 26.882541656494140625 26.884202957153320313 26.888225555419921875 26.891239166259765625 26.89531707763671875 26.900634765625 26.906494140625 26.91257476806640625 26.914976119995117188 26.913639068603515625 26.9129791259765625 26.91295623779296875 26.912738800048828125 26.91182708740234375 26.912200927734375 26.914011001586914063 26.914609909057617188 26.916553497314453125 26.918527603149414063
26.932107925415039063 26.932331085205078125 26.931886672973632813 26.931446075439453125 26.9312286376953125 26.931230545043945313 26.930410385131835938 26.928501129150390625 26.926675796508789063 26.925516128540039063 26.922212600708007813 26.917064666748046875 26.912517547607421875 26.908430099487304688 26.903942108154296875 26.901529312133789063 26.90290069580078125 26.906734466552734375 26.908277511596679688 26.908739089965820313 26.907499313354492188 26.904613494873046875 26.893190383911132813 26.883203506469726563 26.881418228149414063 26.885280609130859375 26.8902587890625 26.893953323364257813 26.900682449340820313 26.9073028564453125 26.91364288330078125 26.919572830200195313 26.921674728393554688 26.920309066772460938 26.919404983520507813 26.919256210327148438 26.918918609619140625 26.917024612426757813 26.9160614013671875 26.916748046875 26.91594696044921875 26.916988372802734375 26.919408798217773438
26.928333282470703125 26.928302764892578125 26.928541183471679688 26.92881011962890625 26.929548263549804688 26.930004119873046875 26.929990768432617188 26.929399490356445313 26.928731918334960938 26.928098678588867188 26.92559051513671875 26.920940399169921875 26.915433883666992188 26.909849166870117188 26.904584884643554688 26.902044296264648438 26.901533126831054688 26.9031524658203125 26.90396881103515625 26.9037628173828125 26.903688430786132813 26.901027679443359375 26.889291763305664063 26.879459381103515625 26.878503799438476563 26.88353729248046875 26.889415740966796875 26.89444732666015625 26.903781890869140625 26.912595748901367188 26.920244216918945313 26.92687225341796875 26.930328369140625 26.930240631103515625 26.929059982299804688 26.927644729614257813 26.926034927368164063 26.923906326293945313 26.9222259521484375 26.921092987060546875 26.918828964233398438 26.918117523193359375 26.9199066162109375
26.924856185913085938 26.9246368408203125 26.925994873046875 26.927549362182617188 26.929380416870117188 26.93044281005859375 26.930788040161132813 26.9304351806640625 26.9304656982421875 26.929998397827148438 26.928758621215820313 26.925067901611328125 26.9188079833984375 26.912508010864257813 26.907602310180664063 26.90540313720703125 26.904270172119140625 26.904367446899414063 26.904069900512695313 26.902551651000976563 26.900995254516601563 26.89752960205078125 26.887065887451171875 26.877252578735351563 26.87615966796875 26.881404876708984375 26.887998580932617188 26.894266128540039063 26.9039306640625 26.914560317993164063 26.92420196533203125 26.933446884155273438 26.940111160278320313 26.942594528198242188 26.942266464233398438 26.939165115356445313 26.934589385986328125 26.9315948486328125 26.929027557373046875 26.926776885986328125 26.924190521240234375 26.921840667724609375 26.921487808227539063
26.92223358154296875 26.922481536865234375 26.925020217895507813 26.927919387817382813 26.930986404418945313 26.932888031005859375 26.932971954345703125 26.93186187744140625 26.931793212890625 26.931325912475585938 26.93094635009765625 26.928079605102539063 26.922033309936523438 26.915790557861328125 26.911531448364257813 26.909704208374023438 26.908618927001953125 26.907825469970703125 26.907993316650390625 26.9069976806640625 26.90436553955078125 26.90044403076171875 26.891473770141601563 26.880453109741210938 26.877773284912109375 26.8811492919921875 26.886915206909179688 26.893056869506835938 26.901937484741210938 26.912668228149414063 26.923288345336914063 26.934528350830078125 26.944231033325195313 26.94936370849609375 26.950731277465820313 26.948968887329101563 26.944314956665039063 26.939691543579101563 26.935148239135742188 26.9319305419921875 26.92910003662109375 26.927337646484375 26.925783157348632813
