INPUT/RASTER/ASCII/bkd.asc
ncols        225
nrows        269
xllcorner    473000.000000000000
yllcorner    4429100.000000000000
cellsize     50.000000000000
NODATA_value -9999
[rows 58 to 86 of 269, columns 66 to 131 of 225]
123 123 123 123.199676513671875 124 124 124 124 123.60064697265625 122 122 122 122 122 122 122 122 122 121.800323486328125 121 121 121 121 121.39935302734375 123 123 123 -9999 -9999 -9999 -9999 -9999 -9999 -9999 -9999 -9999 -9999 -9999 -9999 -9999 -9999 -9999 -9999 -9999 -9999 -9999 -9999 -9999 -9999 -9999 -9999 -9999 -9999 -9999 -9999 -9999 -9999 -9999 -9999 -9999 -9999 -9999 -9999 -9999 -9999 -9999
123 123 123 123.199676513671875 124 124 124 124 123.60064697265625 122 122 122 122 122 122 122 122 122 121.800323486328125 121 121 121 121 121.39935302734375 123 123 123 -9999 -9999 -9999 -9999 -9999 -9999 -9999 -9999 -9999 -9999 -9999 -9999 -9999 -9999 -9999 -9999 -9999 -9999 -9999 -9999 -9999 -9999 -9999 -9999 -9999 -9999 -9999 -9999 -9999 -9999 -9999 -9999 -9999 -9999 -9999 -9999 -9999 -9999 -9999
123 123 123 123.199676513671875 124 124 124 124 123.60064697265625 122 122 122 122 122 122 122 122 122 121.800323486328125 121 121 121 121 121.39935302734375 123 123 123 -9999 -9999 -9999 -9999 -9999 -9999 -9999 -9999 -9999 -9999 -9999 -9999 -9999 -9999 -9999 -9999 -9999 -9999 -9999 -9999 -9999 -9999 -9999 -9999 -9999 -9999 -9999 -9999 -9999 -9999 -9999 -9999 -9999 -9999 -9999 -9999 -9999 -9999 -9999
120.07048797607421875 120.07048797607421875 120.07048797607421875 120.66013336181640625 123.02349853515625 123.02349853515625 123.02349853515625 123.02349853515625 122.81912994384765625 122 122 122 122 122 122 122 122 122 121.99530792236328125 121.97650146484375 121.97650146484375 121.97650146484375 121.97650146484375 121.9858856201171875 122.02349853515625 122.02349853515625 122.02349853515625 122.02349853515625 -9999 -9999 -9999 -9999 -9999 -9999 -9999 -9999 -9999 -9999 -9999 -9999 -9999 -9999 -9999 -9999 -9999 -9999 -9999 -9999 -9999 -9999 -9999 -9999 -9999 -9999 -9999 -9999 -9999 -9999 -9999 -9999 -9999 -9999 -9999 -9999 -9999 -9999
120 120 120 120.599029541015625 123 123 123 123 122.800323486328125 122 122 122 122 122 122 122 122 122 122 122 122 122 122 122 122 122 122 122 121.800323486328125 -9999 -9999 -9999 -9999 -9999 -9999 -9999 -9999 -9999 -9999 -9999 -9999 -9999 -9999 -9999 -9999 -9999 -9999 -9999 -9999 -9999 -9999 -9999 -9999 -9999 -9999 -9999 -9999 -9999 -9999 -9999 -9999 -9999 -9999 -9999 -9999 -9999
120 120 120 120.599029541015625 123 123 123 123 122.800323486328125 122 122 122 122 122 122 122 122 122 122 122 122 122 122 122 122 122 122 122 121.800323486328125 121 -9999 -9999 -9999 -9999 -9999 -9999 -9999 -9999 -9999 -9999 -9999 -9999 -9999 -9999 -9999 -9999 -9999 -9999 -9999 -9999 -9999 -9999 -9999 -9999 -9999 -9999 -9999 -9999 -9999 -9999 -9999 -9999 -9999 -9999 -9999 -9999
120 120 120 120.599029541015625 123 123 123 123 122.800323486328125 122 122 122 122 122 122 122 122 122 122 122 122 122 122 122 122 122 122 122 121.800323486328125 121 -9999 -9999 -9999 -9999 -9999 -9999 -9999 -9999 -9999 -9999 -9999 -9999 -9999 -9999 -9999 -9999 -9999 -9999 -9999 -9999 -9999 -9999 -9999 -9999 -9999 -9999 -9999 -9999 -9999 -9999 -9999 -9999 -9999 -9999 -9999 -9999
120 120 120 120.599029541015625 123 123 123 123 122.800323486328125 122 122 122 122 122 122 122 122 122 122 122 122 122 122 122 122 122 122 122 121.800323486328125 121 121 121 -9999 -9999 -9999 -9999 -9999 -9999 -9999 -9999 -9999 -9999 -9999 -9999 -9999 -9999 -9999 -9999 -9999 -9999 -9999 -9999 -9999 -9999 -9999 -9999 -9999 -9999 -9999 -9999 -9999 -9999 -9999 -9999 -9999 -9999
119.02349853515625 119.02349853515625 119.02349853515625 119.8175048828125 123 123 123 123 122.800323486328125 122 122 122 122 121.80501556396484375 121.02349853515625 121.02349853515625 121.02349853515625 121.02349853515625 121.21848297119140625 122 122 122 122 121.80501556396484375 121.02349853515625 121.02349853515625 121.02349853515625 121.02349853515625 121.2137908935546875 121.97650146484375 121.97650146484375 121.97650146484375 121.97650146484375 121.78151702880859375 -9999 -9999 -9999 -9999 -9999 -9999 -9999 -9999 -9999 -9999 -9999 -9999 -9999 -9999 -9999 -9999 -9999 -9999 -9999 -9999 -9999 -9999 -9999 -9999 -9999 -9999 -9999 -9999 -9999 -9999 -9999 -9999
119 119 119 119.7987060546875 123 123 123 123 122.800323486328125 122 122 122 122 121.800323486328125 121 121 121 121 121.199676513671875 122 122 122 122 121.800323486328125 121 121 121 121 121.199676513671875 122 122 122 122 121.800323486328125 121 121 121 -9999 -9999 -9999 -9999 -9999 -9999 -9999 -9999 -9999 -9999 -9999 -9999 -9999 -9999 -9999 -9999 -9999 -9999 -9999 -9999 -9999 -9999 -9999 -9999 -9999 -9999 -9999 -9999 -9999
119 119 119 119.7987060546875 123 123 123 123 122.800323486328125 122 122 122 122 121.800323486328125 121 121 121 121 121.199676513671875 122 122 122 122 121.800323486328125 121 121 121 121 121.199676513671875 122 122 122 122 121.800323486328125 121 121 121 121 120.800323486328125 -9999 -9999 -9999 -9999 -9999 -9999 -9999 -9999 -9999 -9999 -9999 -9999 -9999 -9999 -9999 -9999 -9999 -9999 -9999 -9999 -9999 -9999 -9999 -9999 -9999 -9999 -9999
119 119 119 119.7987060546875 123 123 123 123 122.800323486328125 122 122 122 122 121.800323486328125 121 121 121 121 121.199676513671875 122 122 122 122 121.800323486328125 121 121 121 121 121.199676513671875 122 122 122 122 121.800323486328125 121 121 121 121 120.800323486328125 -9999 -9999 -9999 -9999 -9999 -9999 -9999 -9999 -9999 -9999 -9999 -9999 -9999 -9999 -9999 -9999 -9999 -9999 -9999 -9999 -9999 -9999 -9999 -9999 -9999 -9999 -9999
119 119 119 119.7987060546875 123 123 123 123 122.800323486328125 122 122 122 122 121.800323486328125 121 121 121 121 121.199676513671875 122 122 122 122 121.800323486328125 121 121 121 121 121.199676513671875 122 122 122 122 121.800323486328125 121 121 121 121 120.800323486328125 -9999 -9999 -9999 -9999 -9999 -9999 -9999 -9999 -9999 -9999 -9999 -9999 -9999 -9999 -9999 -9999 -9999 -9999 -9999 -9999 -9999 -9999 -9999 -9999 -9999 -9999 -9999
119 119 119 119.7987060546875 123 123 123 123 122.800323486328125 122 122 122 122 121.800323486328125 121 121 121 121 121.199676513671875 122 122 122 122 121.800323486328125 121 121 121 121 121.199676513671875 122 122 122 122 121.800323486328125 121 121 121 121 120.800323486328125 -9999 -9999 -9999 -9999 -9999 -9999 -9999 -9999 -9999 -9999 -9999 -9999 -9999 -9999 -9999 -9999 -9999 -9999 -9999 -9999 -9999 -9999 -9999 -9999 -9999 -9999 -9999
119 119 119 119.7987060546875 123 123 123 123 122.800323486328125 122 122 122 122 121.800323486328125 121 121 121 121 121.199676513671875 122 122 122 122 121.800323486328125 121 121 121 121 121.199676513671875 122 122 122 122 121.800323486328125 121 121 121 121 120.800323486328125 120 -9999 -9999 -9999 -9999 -9999 -9999 -9999 -9999 -9999 -9999 -9999 -9999 -9999 -9999 -9999 -9999 -9999 -9999 -9999 -9999 -9999 -9999 -9999 -9999 -9999 -9999
119 119 119 119.7987060546875 123 123 123 123 122.800323486328125 122 122 122 122 121.800323486328125 121 121 121 121 121.199676513671875 122 122 122 122 121.800323486328125 121 121 121 121 121.199676513671875 122 122 122 122 121.800323486328125 121 121 121 121 120.800323486328125 120 120 -9999 -9999 -9999 -9999 -9999 -9999 -9999 -9999 -9999 -9999 -9999 -9999 -9999 -9999 -9999 -9999 -9999 -9999 -9999 -9999 -9999 -9999 -9999 -9999 -9999
119 119 119 119.7987060546875 123 123 123 123 122.800323486328125 122 122 122 122 121.800323486328125 121 121 121 121 121.199676513671875 122 122 122 122 121.800323486328125 121 121 121 121 121.199676513671875 122 122 122 122 121.800323486328125 121 121 121 121 120.800323486328125 120 120 -9999 -9999 -9999 -9999 -9999 -9999 -9999 -9999 -9999 -9999 -9999 -9999 -9999 -9999 -9999 -9999 -9999 -9999 -9999 -9999 -9999 118 -9999 -9999 -9999
119 119 119 119.7987060546875 123 123 123 123 122.800323486328125 122 122 122 122 121.800323486328125 121 121 121 121 121.199676513671875 122 122 122 122 121.800323486328125 121 121 121 121 121.199676513671875 122 122 122 122 121.800323486328125 121 121 121 121 120.800323486328125 120 120 -9999 -9999 -9999 -9999 -9999 -9999 -9999 -9999 -9999 -9999 -9999 -9999 -9999 -9999 -9999 -9999 -9999 -9999 -9999 -9999 118 118 117.800323486328125 -9999 -9999
119.97650146484375 119.97650146484375 119.97650146484375 119.995269775390625 120.07048797607421875 120.07048797607421875 120.07048797607421875 120.07048797607421875 120.4557647705078125 122 122 122 122 121.99530792236328125 121.97650146484375 121.97650146484375 121.97650146484375 121.97650146484375 121.7862091064453125 121.02349853515625 121.02349853515625 121.02349853515625 121.02349853515625 121.01880645751953125 121 121 121 121 121.199676513671875 122 122 122 122 121.800323486328125 121 121 121 121 121.58026123046875 123.90601348876953125 123.90601348876953125 123.90601348876953125 -9999 -9999 -9999 -9999 -9999 -9999 -9999 -9999 -9999 -9999 -9999 -9999 -9999 -9999 -9999 -9999 -9999 -9999 117.02349853515625 117.02349853515625 117.02349853515625 117.2137908935546875 -9999 -9999
120 120 120 120 120 120 120 120 120.39935302734375 122 122 122 122 122 122 122 122 122 121.800323486328125 121 121 121 121 121 121 121 121 121 121.199676513671875 122 122 122 122 121.800323486328125 121 121 121 121 121.599029541015625 124 124 124 124 123.2012939453125 -9999 -9999 -9999 -9999 -9999 -9999 -9999 -9999 -9999 -9999 -9999 -9999 -9999 -9999 -9999 117 117 117 117 117.199676513671875 -9999 -9999
120 120 120 120 120 120 120 120 120.39935302734375 122 122 122 122 122 122 122 122 122 121.800323486328125 121 121 121 121 121 121 121 121 121 121.199676513671875 122 122 122 122 121.800323486328125 121 121 121 121 121.599029541015625 124 124 124 124 123.2012939453125 120 120 -9999 -9999 -9999 -9999 -9999 -9999 -9999 -9999 -9999 -9999 -9999 -9999 -9999 117 117 117 117 117.199676513671875 -9999 -9999
120 120 120 120 120 120 120 120 120.39935302734375 122 122 122 122 122 122 122 122 122 121.800323486328125 121 121 121 121 121 121 121 121 121 121.199676513671875 122 122 122 122 121.800323486328125 121 121 121 121 121.599029541015625 124 124 124 124 123.2012939453125 120 120 120 -9999 -9999 -9999 -9999 -9999 -9999 -9999 -9999 -9999 -9999 -9999 117.800323486328125 117 117 117 117 117.199676513671875 -9999 -9999
120 120 120 120 120 120 120 120 120.39935302734375 122 122 122 122 122 122 122 122 122 121.800323486328125 121 121 121 121 121 121 121 121 121 121.199676513671875 122 122 122 122 121.800323486328125 121 121 121 121 121.599029541015625 124 124 124 124 123.2012939453125 120 120 120 -9999 -9999 -9999 -9999 -9999 -9999 -9999 -9999 -9999 -9999 118 117.800323486328125 117 117 117 117 117.199676513671875 -9999 -9999
120 120 120 120.58495330810546875 122.92951202392578125 122.92951202392578125 122.92951202392578125 122.92951202392578125 122.93889617919921875 122.97650146484375 122.97650146484375 122.97650146484375 122.97650146484375 122.78151702880859375 122 122 122 122 121.800323486328125 121 121 121 121 121.19498443603515625 121.97650146484375 121.97650146484375 121.97650146484375 121.97650146484375 121.98119354248046875 122 122 122 122 121.99530792236328125 121.97650146484375 121.97650146484375 121.97650146484375 121.97650146484375 121.79559326171875 121.07048797607421875 121.07048797607421875 121.07048797607421875 121.07048797607421875 121.05171966552734375 120.97650146484375 120.97650146484375 120.97650146484375 120.97650146484375 120.1871795654296875 -9999 -9999 -9999 -9999 -9999 -9999 -9999 -9999 118 118.1902923583984375 118.95301055908203125 118.95301055908203125 118.95301055908203125 118.95301055908203125 118.37274932861328125 -9999 -9999
120 120 120 120.599029541015625 123 123 123 123 123 123 123 123 123 122.800323486328125 122 122 122 122 121.800323486328125 121 121 121 121 121.199676513671875 122 122 122 122 122 122 122 122 122 122 122 122 122 122 121.800323486328125 121 121 121 121 121 121 121 121 121 120.2012939453125 117 117 -9999 -9999 -9999 -9999 -9999 118 118 118.199676513671875 119 119 119 119 118.400970458984375 -9999 -9999
120 120 120 120.599029541015625 123 123 123 123 123 123 123 123 123 122.800323486328125 122 122 122 122 121.800323486328125 121 121 121 121 121.199676513671875 122 122 122 122 122 122 122 122 122 122 122 122 122 122 121.800323486328125 121 121 121 121 121 121 121 121 121 120.2012939453125 117 117 117 -9999 -9999 -9999 -9999 118 118 118.199676513671875 119 119 119 119 118.400970458984375 116 -9999
120 120 120 120.599029541015625 123 123 123 123 123 123 123 123 123 122.800323486328125 122 122 122 122 121.800323486328125 121 121 121 121 121.199676513671875 122 122 122 122 122 122 122 122 122 122 122 122 122 122 121.800323486328125 121 121 121 121 121 121 121 121 121 120.2012939453125 117 117 117 -9999 -9999 -9999 -9999 118 118 118.199676513671875 119 119 119 119 118.400970458984375 -9999 -9999
120 120 120 120.599029541015625 123 123 123 123 123 123 123 123 123 122.800323486328125 122 122 122 122 121.800323486328125 121 121 121 121 121.199676513671875 122 122 122 122 122 122 122 122 122 122 122 122 122 122 121.800323486328125 121 121 121 121 121 121 121 121 121 120.2012939453125 117 117 117 117 -9999 -9999 118 118 118 118.199676513671875 119 119 119 119 118.400970458984375 -9999 -9999
120 120 120 120.01407623291015625 120.07048797607421875 120.07048797607421875 120.07048797607421875 120.07048797607421875 120.6554412841796875 123 123 123 123 122.99530792236328125 122.97650146484375 122.97650146484375 122.97650146484375 122.97650146484375 122.58184051513671875 121 121 121 121 121.199676513671875 122 122 122 122 122 122 122 122 122 121.80501556396484375 121.02349853515625 121.02349853515625 121.02349853515625 121.02349853515625 121.2137908935546875 121.97650146484375 121.97650146484375 121.97650146484375 121.97650146484375 121.78151702880859375 121 121 121 121 120.5912628173828125 118.95301055908203125 118.95301055908203125 118.95301055908203125 118.95301055908203125 -9999 -9999 119.95301055908203125 119.95301055908203125 119.95301055908203125 119.177764892578125 116.07048797607421875 116.07048797607421875 -9999 -9999 -9999 -9999 -9999
