INPUT/RASTER/ASCII/bkd.asc
ncols        225
nrows        269
xllcorner    473009.983799999987
yllcorner    4429051.174800000153
cellsize     50.000000000000
NODATA_value -9999
[rows 198 to 215 of 269, columns 123 to 163 of 225]
1.3091636896133422852 1.3052105903625488281 1.3012576103210449219 1.2973046302795410156 1.2928555011749267578 1.2864179611206054688 1.2799803018569946289 1.2735427618026733398 1.2671051025390625 1.2617189884185791016 1.2605471611022949219 1.259375452995300293 1.2582036256790161133 1.2570317983627319336 1.2568053007125854492 1.2603677511215209961 1.2639300823211669922 1.2674925327301025391 1.2710548639297485352 1.2750260829925537109 1.2806354761123657227 1.2862448692321777344 1.2918542623519897461 1.2974636554718017578 1.301874995231628418 1.3014843463897705078 1.3010938167572021484 1.3007031679153442383 1.3003125190734863281 1.3005553483963012695 1.3033365011215209961 1.3061176538467407227 1.30889892578125 1.3116800785064697266 1.3146266937255859375 1.3182361125946044922 1.3218455314636230469 1.3254549503326416016 1.3290643692016601563 1.3309109210968017578 1.3256921768188476563
1.310764312744140625 1.3048113584518432617 1.2988582849502563477 1.2929053306579589844 1.2871749401092529297 1.2823374271392822266 1.2774997949600219727 1.2726621627807617188 1.2678246498107910156 1.2634793519973754883 1.2611075639724731445 1.2587357759475708008 1.256363987922668457 1.2539921998977661133 1.2531248331069946289 1.2582871913909912109 1.263449549674987793 1.2686120271682739258 1.2737743854522705078 1.2789461612701416016 1.2841556072235107422 1.289364933967590332 1.2945743799209594727 1.2997837066650390625 1.3037950992584228516 1.3030045032501220703 1.3022139072418212891 1.3014233112335205078 1.3006327152252197266 1.3007150888442993164 1.3042962551116943359 1.3078774213790893555 1.3114587068557739258 1.3150398731231689453 1.3185468912124633789 1.3217562437057495117 1.3249657154083251953 1.3281750679016113281 1.3313844203948974609 1.3330707550048828125 1.3286519050598144531
1.3123649358749389648 1.3044120073318481445 1.2964589595794677734 1.2885059118270874023 1.2814944982528686523 1.2782568931579589844 1.2750192880630493164 1.2717816829681396484 1.2685440778732299805 1.2652398347854614258 1.2616679668426513672 1.2580962181091308594 1.2545243501663208008 1.250952601432800293 1.2494442462921142578 1.2562066316604614258 1.2629690170288085938 1.2697315216064453125 1.2764939069747924805 1.282866358757019043 1.2876757383346557617 1.2924851179122924805 1.2972944974899291992 1.302103877067565918 1.3057152032852172852 1.3045246601104736328 1.3033339977264404297 1.3021434545516967773 1.3009527921676635742 1.3008748292922973633 1.3052560091018676758 1.3096371889114379883 1.3140183687210083008 1.3183996677398681641 1.3224669694900512695 1.3252763748168945313 1.328085780143737793 1.3308951854705810547 1.3337045907974243164 1.3352304697036743164 1.33161163330078125
1.3139656782150268555 1.3040126562118530273 1.2940596342086791992 1.2841066122055053711 1.2758139371871948242 1.2741763591766357422 1.2725387811660766602 1.2709012031555175781 1.2692636251449584961 1.2670001983642578125 1.2622283697128295898 1.2574565410614013672 1.2526848316192626953 1.2479130029678344727 1.2457637786865234375 1.2541261911392211914 1.2624886035919189453 1.2708508968353271484 1.2792133092880249023 1.2867864370346069336 1.2911958694458007813 1.2956051826477050781 1.3000146150588989258 1.3044240474700927734 1.3076353073120117188 1.3060446977615356445 1.3044542074203491211 1.3028635978698730469 1.3012729883193969727 1.3010345697402954102 1.3062157630920410156 1.3113969564437866211 1.3165781497955322266 1.321759343147277832 1.3263871669769287109 1.3287965059280395508 1.3312059640884399414 1.3336153030395507813 1.3360247611999511719 1.3373901844024658203 1.3345713615417480469
1.3155663013458251953 1.3036133050918579102 1.291660308837890625 1.2797071933746337891 1.2701334953308105469 1.2700958251953125 1.2700582742691040039 1.2700207233428955078 1.2699830532073974609 1.2687605619430541992 1.2627887725830078125 1.2568169832229614258 1.2508451938629150391 1.2448734045028686523 1.2420831918716430664 1.2520456314086914063 1.2620080709457397461 1.2719703912734985352 1.281932830810546875 1.2907065153121948242 1.2947160005569458008 1.2987253665924072266 1.3027347326278686523 1.3067440986633300781 1.3095555305480957031 1.307564854621887207 1.3055742979049682617 1.3035836219787597656 1.3015930652618408203 1.301194310188293457 1.3071755170822143555 1.3131567239761352539 1.3191379308700561523 1.3251191377639770508 1.3303072452545166016 1.3323166370391845703 1.3343260288238525391 1.3363354206085205078 1.3383449316024780273 1.3395498991012573242 1.3375310897827148438
1.3047444820404052734 1.2950880527496337891 1.2854316234588623047 1.2757751941680908203 1.2680469751358032227 1.2680469751358032227 1.2680469751358032227 1.2680469751358032227 1.2680469751358032227 1.2671608924865722656 1.2627233266830444336 1.2582857608795166016 1.2538480758666992188 1.2494105100631713867 1.2479337453842163086 1.2583243846893310547 1.2687150239944458008 1.2791055440902709961 1.2894961833953857422 1.2983766794204711914 1.3012049198150634766 1.3040331602096557617 1.3068612813949584961 1.3096895217895507813 1.3116315603256225586 1.3100222349166870117 1.3084127902984619141 1.3068034648895263672 1.3051940202713012695 1.3048700094223022461 1.3096982240676879883 1.3145264387130737305 1.3193546533584594727 1.3241828680038452148 1.3285243511199951172 1.3309149742126464844 1.3333055973052978516 1.3356962203979492188 1.3380867242813110352 1.3398346900939941406 1.3390064239501953125
1.2936236858367919922 1.2863672971725463867 1.2791107892990112305 1.271854400634765625 1.2660470008850097656 1.2660470008850097656 1.2660470008850097656 1.2660470008850097656 1.2660470008850097656 1.2654803991317749023 1.2626427412033081055 1.2598052024841308594 1.2569676637649536133 1.2541300058364868164 1.2540136575698852539 1.2648042440414428711 1.2755948305130004883 1.2863854169845581055 1.2971760034561157227 1.3061370849609375 1.3077653646469116211 1.3093935251235961914 1.3110216856002807617 1.3126499652862548828 1.3137115240097045898 1.3125021457672119141 1.3112927675247192383 1.3100832700729370117 1.3088738918304443359 1.3086304664611816406 1.3122587203979492188 1.3158868551254272461 1.3195151090621948242 1.3231432437896728516 1.3266042470932006836 1.3293948173522949219 1.3321855068206787109 1.3349760770797729492 1.3377666473388671875 1.3400743007659912109 1.3404461145401000977
1.2825028896331787109 1.2776464223861694336 1.272790074348449707 1.2679337263107299805 1.2640470266342163086 1.2640470266342163086 1.2640470266342163086 1.2640470266342163086 1.2640470266342163086 1.2637999057769775391 1.2625622749328613281 1.2613246440887451172 1.260087132453918457 1.2588495016098022461 1.2600935697555541992 1.2712841033935546875 1.2824747562408447266 1.2936652898788452148 1.3048559427261352539 1.3138974905014038086 1.3143256902694702148 1.3147538900375366211 1.3151820898056030273 1.3156102895736694336 1.3157913684844970703 1.3149820566177368164 1.3141726255416870117 1.313363194465637207 1.3125537633895874023 1.3123909235000610352 1.3148190975189208984 1.3172472715377807617 1.319675445556640625 1.3221037387847900391 1.32468414306640625 1.3278747797012329102 1.3310652971267700195 1.3342559337615966797 1.3374465703964233398 1.3403139114379882813 1.341885685920715332
1.2713820934295654297 1.2689256668090820313 1.2664692401885986328 1.2640129327774047852 1.2620469331741333008 1.2620469331741333008 1.2620469331741333008 1.2620469331741333008 1.2620469331741333008 1.262119293212890625 1.2624818086624145508 1.2628442049026489258 1.2632066011428833008 1.2635689973831176758 1.2661733627319335938 1.2777639627456665039 1.2893545627593994141 1.3009451627731323242 1.3125357627868652344 1.3216578960418701172 1.3208861351013183594 1.3201143741607666016 1.319342494010925293 1.3185707330703735352 1.3178713321685791016 1.317461848258972168 1.3170524835586547852 1.3166431188583374023 1.3162337541580200195 1.3161512613296508789 1.3173794746398925781 1.3186076879501342773 1.3198359012603759766 1.3210641145706176758 1.3227640390396118164 1.3263546228408813477 1.3299452066421508789 1.3335357904434204102 1.3371263742446899414 1.3405535221099853516 1.3433252573013305664
1.2602612972259521484 1.2602049112319946289 1.2601485252380371094 1.2600921392440795898 1.2600469589233398438 1.2600469589233398438 1.2600469589233398438 1.2600469589233398438 1.2600469589233398438 1.2604387998580932617 1.2624012231826782227 1.2643636465072631836 1.2663260698318481445 1.2682884931564331055 1.2722532749176025391 1.2842438220977783203 1.2962344884872436523 1.3082250356674194336 1.3202157020568847656 1.3294183015823364258 1.3274465799331665039 1.3254747390747070313 1.3235028982162475586 1.3215311765670776367 1.319951176643371582 1.3199417591094970703 1.3199323415756225586 1.3199230432510375977 1.3199136257171630859 1.3199117183685302734 1.3199398517608642578 1.319968104362487793 1.3199962377548217773 1.3200244903564453125 1.320843815803527832 1.3248344659805297852 1.3288251161575317383 1.3328156471252441406 1.3368062973022460938 1.3407931327819824219 1.3447649478912353516
1.2619529962539672852 1.2619529962539672852 1.2619529962539672852 1.2619529962539672852 1.2618750333786010742 1.2614843845367431641 1.2610938549041748047 1.2607032060623168945 1.2603125572204589844 1.2603993415832519531 1.2623993158340454102 1.2643992900848388672 1.266399383544921875 1.268399357795715332 1.2724740505218505859 1.2848646640777587891 1.2972552776336669922 1.3096458911895751953 1.3220365047454833984 1.3313976526260375977 1.3286164999008178711 1.3258353471755981445 1.3230540752410888672 1.3202729225158691406 1.3182810544967651367 1.3194527626037597656 1.3206245899200439453 1.321796417236328125 1.3229682445526123047 1.3239840269088745117 1.3243746757507324219 1.3247652053833007813 1.3251558542251586914 1.3255465030670166016 1.3264237642288208008 1.3292520046234130859 1.3320801258087158203 1.3349083662033081055 1.3377366065979003906 1.3403307199478149414 1.3419871330261230469
1.2639529705047607422 1.2639529705047607422 1.2639529705047607422 1.2639529705047607422 1.2637951374053955078 1.2630045413970947266 1.2622139453887939453 1.2614233493804931641 1.2606327533721923828 1.2603993415832519531 1.2623993158340454102 1.2643992900848388672 1.266399383544921875 1.268399357795715332 1.2725539207458496094 1.2853446006774902344 1.2981351613998413086 1.3109258413314819336 1.3237164020538330078 1.3332380056381225586 1.3296567201614379883 1.3260755538940429688 1.3224943876266479492 1.3189131021499633789 1.3165205717086791992 1.318892359733581543 1.3212642669677734375 1.3236360549926757813 1.326007843017578125 1.32806396484375 1.3288545608520507813 1.3296451568603515625 1.3304357528686523438 1.331226348876953125 1.3321841955184936523 1.3338123559951782227 1.335440516471862793 1.3370687961578369141 1.3386969566345214844 1.3398514986038208008 1.3391079902648925781
1.2659529447555541992 1.2659529447555541992 1.2659529447555541992 1.2659529447555541992 1.2657152414321899414 1.2645246982574462891 1.2633340358734130859 1.2621434926986694336 1.2609528303146362305 1.2603993415832519531 1.2623993158340454102 1.2643992900848388672 1.266399383544921875 1.268399357795715332 1.2726337909698486328 1.2858244180679321289 1.299015045166015625 1.3122056722640991211 1.3253962993621826172 1.3350782394409179688 1.3306970596313476563 1.326315760612487793 1.3219345808029174805 1.317553400993347168 1.3147602081298828125 1.3183319568634033203 1.3219038248062133789 1.3254755735397338867 1.3290474414825439453 1.3321437835693359375 1.3333344459533691406 1.334524989128112793 1.3357156515121459961 1.3369061946868896484 1.3379445075988769531 1.3383727073669433594 1.3388009071350097656 1.3392291069030761719 1.3396573066711425781 1.3393722772598266602 1.3362287282943725586
1.267953038215637207 1.267953038215637207 1.267953038215637207 1.267953038215637207 1.267635345458984375 1.2660447359085083008 1.2644542455673217773 1.2628636360168457031 1.2612730264663696289 1.2603993415832519531 1.2623993158340454102 1.2643992900848388672 1.266399383544921875 1.268399357795715332 1.2727136611938476563 1.2863043546676635742 1.2998949289321899414 1.3134855031967163086 1.3270761966705322266 1.3369184732437133789 1.3317372798919677734 1.326556086540222168 1.3213747739791870117 1.3161935806274414063 1.312999725341796875 1.3177715539932250977 1.3225433826446533203 1.327315211296081543 1.3320870399475097656 1.336223602294921875 1.3378142118453979492 1.3394048213958740234 1.3409954309463500977 1.3425860404968261719 1.3437049388885498047 1.3429331779479980469 1.3421612977981567383 1.3413895368576049805 1.3406177759170532227 1.3388930559158325195 1.3333494663238525391
1.2699530124664306641 1.2699530124664306641 1.2699530124664306641 1.2699530124664306641 1.2695555686950683594 1.2675648927688598633 1.265574336051940918 1.2635836601257324219 1.2615931034088134766 1.2603993415832519531 1.2623993158340454102 1.2643992900848388672 1.266399383544921875 1.268399357795715332 1.2727935314178466797 1.2867841720581054688 1.3007748126983642578 1.3147654533386230469 1.3287559747695922852 1.3387587070465087891 1.3327775001525878906 1.3267962932586669922 1.3208150863647460938 1.3148338794708251953 1.3112393617630004883 1.317211151123046875 1.3231830596923828125 1.3291548490524291992 1.3351266384124755859 1.3403035402297973633 1.3422940969467163086 1.3442847728729248047 1.34627532958984375 1.3482658863067626953 1.3494653701782226563 1.3474935293197631836 1.3455216884613037109 1.3435499668121337891 1.3415781259536743164 1.3384138345718383789 1.3304702043533325195
1.2822653055191040039 1.2810934782028198242 1.2799216508865356445 1.2787498235702514648 1.2772566080093383789 1.2744754552841186523 1.2716943025588989258 1.2689130306243896484 1.2661318778991699219 1.2645393610000610352 1.2677111625671386719 1.2708829641342163086 1.2740547657012939453 1.277226567268371582 1.2820925712585449219 1.2937489748001098633 1.3054053783416748047 1.3170617818832397461 1.3287181854248046875 1.3370048999786376953 1.3317861557006835938 1.3265672922134399414 1.3213485479354858398 1.3161296844482421875 1.3130730390548706055 1.3186824321746826172 1.3242918252944946289 1.3299012184143066406 1.3355107307434082031 1.3403993844985961914 1.3423993587493896484 1.3443993330001831055 1.3463994264602661133 1.3483994007110595703 1.3493666648864746094 1.3461948633193969727 1.3430230617523193359 1.3398512601852416992 1.3366794586181640625 1.3327776193618774414 1.3259493112564086914
1.2948256731033325195 1.2924538850784301758 1.2900819778442382813 1.2877101898193359375 1.2850968837738037109 1.2815157175064086914 1.2779345512390136719 1.2743532657623291016 1.270772099494934082 1.2687789201736450195 1.2731508016586303711 1.2775225639343261719 1.2818943262100219727 1.2862662076950073242 1.2916133403778076172 1.3008697032928466797 1.3101260662078857422 1.3193825483322143555 1.328638911247253418 1.3351646661758422852 1.3307459354400634766 1.3263270854949951172 1.3219082355499267578 1.3174895048141479492 1.3149931430816650391 1.3202025890350341797 1.3254120349884033203 1.3306213617324829102 1.3358308076858520508 1.3403993844985961914 1.3423993587493896484 1.3443993330001831055 1.3463994264602661133 1.3483994007110595703 1.3491270542144775391 1.3447552919387817383 1.3403834104537963867 1.3360116481781005859 1.3316398859024047852 1.3270171880722045898 1.3213889598846435547
1.3073860406875610352 1.3038141727447509766 1.3002424240112304688 1.2966705560684204102 1.292937159538269043 1.2885559797286987305 1.284174799919128418 1.2797936201095581055 1.2754123210906982422 1.2730185985565185547 1.2785903215408325195 1.2841621637344360352 1.2897340059280395508 1.2953058481216430664 1.3011341094970703125 1.3079905509948730469 1.3148468732833862305 1.3217033147811889648 1.3285596370697021484 1.333324432373046875 1.3297055959701538086 1.326086878776550293 1.3224680423736572266 1.3188492059707641602 1.3169133663177490234 1.3217227458953857422 1.3265321254730224609 1.3313415050506591797 1.3361510038375854492 1.3403993844985961914 1.3423993587493896484 1.3443993330001831055 1.3463994264602661133 1.3483994007110595703 1.3488874435424804688 1.3433156013488769531 1.3377438783645629883 1.3321720361709594727 1.326600193977355957 1.3212567567825317383 1.316828608512878418
