INPUT/RASTER/ASCII/bkd.asc
ncols        225
nrows        269
xllcorner    473009.983799999987
yllcorner    4429051.174800000153
cellsize     50.000000000000
NODATA_value -9999
[rows 90 to 107 of 269, columns 164 to 204 of 225]
1.3050192594528198242 1.3017816543579101563 1.2985440492630004883 1.2961145639419555664 1.2969239950180053711 1.2977334260940551758 1.2985427379608154297 1.2993521690368652344 1.3006370067596435547 1.3038276433944702148 1.307018280029296875 1.3102089166641235352 1.3133994340896606445 1.3147549629211425781 1.3087549209594726563 1.3027549982070922852 1.2967549562454223633 1.2907549142837524414 1.2865900993347167969 1.2897806167602539063 1.2929712533950805664 1.2961618900299072266 1.2993524074554443359 1.3027807474136352539 1.3071620464324951172 1.3115432262420654297 1.3159244060516357422 1.3203055858612060547 1.3232510089874267578 1.3204417228698730469 1.3176323175430297852 1.3148229122161865234 1.3120135068893432617 1.3097651004791259766 1.3097651004791259766 1.3097651004791259766 1.3097651004791259766 1.3097651004791259766 -9999 -9999 -9999
1.302538752555847168 1.3009011745452880859 1.2992635965347290039 1.29803466796875 1.2984441518783569336 1.2988535165786743164 1.2992628812789916992 1.299672245979309082 1.3007168769836425781 1.3043075799942016602 1.3078981637954711914 1.3114887475967407227 1.3150793313980102539 1.3167549371719360352 1.3107550144195556641 1.3047549724578857422 1.2987549304962158203 1.2927548885345458984 1.2886699438095092773 1.2922605276107788086 1.2958511114120483398 1.2994416952133178711 1.3030322790145874023 1.3069405555725097656 1.3121217489242553711 1.3173029422760009766 1.322484135627746582 1.3276654481887817383 1.3313308954238891602 1.3289215564727783203 1.3265122175216674805 1.3241027593612670898 1.32169342041015625 1.3197650909423828125 1.3197650909423828125 1.3197650909423828125 1.3197650909423828125 1.3197650909423828125 -9999 -9999 -9999
1.3000582456588745117 1.3000206947326660156 1.2999830245971679688 1.2999548912048339844 1.2999641895294189453 1.299973607063293457 1.2999830245971679688 1.2999924421310424805 1.3007967472076416016 1.3047873973846435547 1.3087780475616455078 1.3127686977386474609 1.3167592287063598633 1.318755030632019043 1.3127549886703491211 1.3067549467086791992 1.3007549047470092773 1.2947549819946289063 1.2907497882843017578 1.2947404384613037109 1.2987309694290161133 1.3027216196060180664 1.3067121505737304688 1.3111002445220947266 1.317081451416015625 1.3230626583099365234 1.3290439844131469727 1.3350251913070678711 1.3394107818603515625 1.3374013900756835938 1.335391998291015625 1.3333826065063476563 1.3313732147216796875 1.3297650814056396484 1.3297650814056396484 1.3297650814056396484 1.3297650814056396484 1.3297650814056396484 -9999 -9999 -9999
1.2999999523162841797 1.2999999523162841797 1.2999999523162841797 1.2999999523162841797 1.2999999523162841797 1.2999999523162841797 1.2999999523162841797 1.2999999523162841797 1.3004866838455200195 1.3029242753982543945 1.3053618669509887695 1.3077994585037231445 1.3102371692657470703 1.3113799095153808594 1.3073328733444213867 1.3032859563827514648 1.2992389202117919922 1.2951918840408325195 1.2930636405944824219 1.2986260652542114258 1.3041884899139404297 1.3097509145736694336 1.3153132200241088867 1.3208070993423461914 1.326025843620300293 1.3312447071075439453 1.3364634513854980469 1.3416823148727416992 1.3453817367553710938 1.3429911136627197266 1.3406004905700683594 1.3382098674774169922 1.3358193635940551758 1.3334716558456420898 1.3307756185531616211 1.3267362117767333984 1.3200162649154663086 1.3066223859786987305 1.2799999713897705078 1.2799999713897705078 1.2799999713897705078
1.2999999523162841797 1.2999999523162841797 1.2999999523162841797 1.2999999523162841797 1.2999999523162841797 1.2999999523162841797 1.2999999523162841797 1.2999999523162841797 1.3001672029495239258 1.3010047674179077148 1.3018424510955810547 1.3026800155639648438 1.3035175800323486328 1.3037792444229125977 1.3017323017120361328 1.2996852397918701172 1.2976381778717041016 1.2955912351608276367 1.2953830957412719727 1.3025455474853515625 1.3097079992294311523 1.3168703317642211914 1.3240327835083007813 1.3306473493576049805 1.3350661993026733398 1.3394849300384521484 1.3439037799835205078 1.3483225107192993164 1.3513017892837524414 1.3485112190246582031 1.3457206487655639648 1.3429300785064697266 1.3401393890380859375 1.3369692564010620117 1.3314818143844604492 1.3241858482360839844 1.3140112161636352539 1.2988352775573730469 1.2799999713897705078 1.2799999713897705078 1.2799999713897705078
1.2999999523162841797 1.2999999523162841797 1.2999999523162841797 1.2999999523162841797 1.2999999523162841797 1.2999999523162841797 1.2999999523162841797 1.2999999523162841797 1.299847722053527832 1.2990853786468505859 1.2983229160308837891 1.297560572624206543 1.2967981100082397461 1.2961785793304443359 1.2961316108703613281 1.2960846424102783203 1.2960375547409057617 1.2959905862808227539 1.2977025508880615234 1.3064650297164916992 1.3152273893356323242 1.3239898681640625 1.332752227783203125 1.3404875993728637695 1.3441064357757568359 1.3477252721786499023 1.351343989372253418 1.3549628257751464844 1.3572219610214233398 1.3540313243865966797 1.3508408069610595703 1.3476501703262329102 1.34445953369140625 1.3404101133346557617 1.3321127891540527344 1.3221814632415771484 1.310080409049987793 1.2950117588043212891 1.2799999713897705078 1.2799999713897705078 1.2799999713897705078
1.2999999523162841797 1.2999999523162841797 1.2999999523162841797 1.2999999523162841797 1.2999999523162841797 1.2999999523162841797 1.2999999523162841797 1.2999999523162841797 1.2995282411575317383 1.2971658706665039063 1.2948033809661865234 1.2924410104751586914 1.2900786399841308594 1.2885779142379760742 1.2905309200286865234 1.2924839258193969727 1.2944369316101074219 1.2963899374008178711 1.300022125244140625 1.3103845119476318359 1.3207468986511230469 1.3311092853546142578 1.3414717912673950195 1.3503278493881225586 1.353146672248840332 1.3559654951095581055 1.3587843179702758789 1.3616031408309936523 1.3631421327590942383 1.3595514297485351563 1.355960845947265625 1.3523702621459960938 1.3487796783447265625 1.3437955379486083984 1.3326802253723144531 1.3205646276473999023 1.3073076009750366211 1.2927396297454833984 1.2799999713897705078 1.2799999713897705078 1.2799999713897705078
1.2999999523162841797 1.2999999523162841797 1.2999999523162841797 1.2999999523162841797 1.2999999523162841797 1.2999999523162841797 1.2999999523162841797 1.2999999523162841797 1.2992087602615356445 1.2952463626861572266 1.2912839651107788086 1.2873215675354003906 1.2833591699600219727 1.2809772491455078125 1.2849302291870117188 1.288883209228515625 1.292836308479309082 1.2967892885208129883 1.3023415803909301758 1.3143039941787719727 1.3262664079666137695 1.3382288217544555664 1.3501912355422973633 1.3601680994033813477 1.3621869087219238281 1.3642057180404663086 1.3662245273590087891 1.3682433366775512695 1.3690621852874755859 1.3650716543197631836 1.3610810041427612305 1.3570903539657592773 1.353099822998046875 1.3471269607543945313 1.3331930637359619141 1.3192330598831176758 1.3052465915679931641 1.2912337779998779297 1.2799999713897705078 1.2799999713897705078 1.2799999713897705078
1.2999999523162841797 1.2999999523162841797 1.2999999523162841797 1.3000779151916503906 1.3004685640335083008 1.3008590936660766602 1.3012497425079345703 1.3016403913497924805 1.3010762929916381836 1.2966856956481933594 1.2922950983047485352 1.2879045009613037109 1.2835139036178588867 1.2810326814651489258 1.2862044572830200195 1.2913762331008911133 1.2965481281280517578 1.3017199039459228516 1.307865142822265625 1.3179121017456054688 1.3279591798782348633 1.338006138801574707 1.3480530977249145508 1.3566493988037109375 1.3594305515289306641 1.3622117042541503906 1.364992976188659668 1.3677741289138793945 1.3688113689422607422 1.3628582954406738281 1.3569053411483764648 1.3509522676467895508 1.3449993133544921875 1.3377515077590942383 1.3253139257431030273 1.3128762245178222656 1.3004386425018310547 1.2880010604858398438 1.2780469655990600586 1.2780469655990600586 1.2780469655990600586
1.2999999523162841797 1.2999999523162841797 1.2999999523162841797 1.3001577854156494141 1.3009483814239501953 1.3017389774322509766 1.3025295734405517578 1.3033201694488525391 1.3029963970184326172 1.2982057332992553711 1.2934151887893676758 1.2886246442794799805 1.2838339805603027344 1.2812722921371459961 1.2876440286636352539 1.2940158843994140625 1.3003877401351928711 1.3067594766616821289 1.3134658336639404297 1.3215128183364868164 1.3295598030090332031 1.3376067876815795898 1.3456537723541259766 1.3528090715408325195 1.3563902378082275391 1.3599715232849121094 1.3635526895523071289 1.3671338558197021484 1.368412017822265625 1.3604589700698852539 1.3525059223175048828 1.3445529937744140625 1.3365999460220336914 1.3280709981918334961 1.3172333240509033203 1.3063957691192626953 1.2955580949783325195 1.2847205400466918945 1.2760469913482666016 1.2760469913482666016 1.2760469913482666016
1.2999999523162841797 1.2999999523162841797 1.2999999523162841797 1.3002376556396484375 1.3014283180236816406 1.302618861198425293 1.3038095235824584961 1.3050000667572021484 1.3049165010452270508 1.2997258901596069336 1.2945352792739868164 1.2893446683883666992 1.2841541767120361328 1.2815119028091430664 1.2890837192535400391 1.2966555356979370117 1.3042273521423339844 1.311799168586730957 1.3190665245056152344 1.3251134157180786133 1.331160426139831543 1.3372074365615844727 1.3432544469833374023 1.3489688634872436523 1.3533500432968139648 1.3577312231063842773 1.3621124029159545898 1.3664935827255249023 1.3680126667022705078 1.3580596446990966797 1.3481066226959228516 1.3381536006927490234 1.3282005786895751953 1.3183903694152832031 1.3091528415679931641 1.2999151945114135742 1.2906776666641235352 1.2814400196075439453 1.2740470170974731445 1.2740470170974731445 1.2740470170974731445
1.2999999523162841797 1.2999999523162841797 1.2999999523162841797 1.3003175258636474609 1.3019081354141235352 1.3034987449645996094 1.3050893545150756836 1.3066799640655517578 1.3068366050720214844 1.3012460470199584961 1.2956554889678955078 1.2900648117065429688 1.2844742536544799805 1.2817515134811401367 1.2905232906341552734 1.2992950677871704102 1.3080669641494750977 1.3168387413024902344 1.3246670961380004883 1.3287141323089599609 1.3327611684799194336 1.3368080854415893555 1.3408551216125488281 1.3451285362243652344 1.3503097295761108398 1.3554909229278564453 1.3606721162796020508 1.3658533096313476563 1.3676133155822753906 1.3556602001190185547 1.3437072038650512695 1.3317542076110839844 1.3198012113571166992 1.3087098598480224609 1.301072239875793457 1.2934347391128540039 1.285797119140625 1.2781594991683959961 1.2720469236373901367 1.2720469236373901367 1.2720469236373901367
1.2999999523162841797 1.2999999523162841797 1.2999999523162841797 1.3003973960876464844 1.3023880720138549805 1.3043786287307739258 1.3063691854476928711 1.3083598613739013672 1.3087568283081054688 1.3027662038803100586 1.2967755794525146484 1.2907849550247192383 1.2847943305969238281 1.281991124153137207 1.2919629812240600586 1.3019347190856933594 1.3119065761566162109 1.3218784332275390625 1.330267786979675293 1.3323148488998413086 1.3343617916107177734 1.3364087343215942383 1.3384557962417602539 1.3412883281707763672 1.3472695350646972656 1.3532507419586181641 1.3592319488525390625 1.3652131557464599609 1.3672139644622802734 1.3532608747482299805 1.3393079042434692383 1.3253548145294189453 1.3114018440246582031 1.2990293502807617188 1.2929917573928833008 1.2869541645050048828 1.2809165716171264648 1.2748789787292480469 1.2700469493865966797 1.2700469493865966797 1.2700469493865966797
1.3028122186660766602 1.3032027482986450195 1.3035933971405029297 1.3041493892669677734 1.3053681850433349609 1.3065869808197021484 1.3078057765960693359 1.3090245723724365234 1.3091138601303100586 1.3046762943267822266 1.3002387285232543945 1.2958011627197265625 1.2913634777069091797 1.2892627716064453125 1.2965285778045654297 1.3037943840026855469 1.3110601902008056641 1.3183259963989257813 1.3245403766632080078 1.3265403509140014648 1.3285403251647949219 1.3305402994155883789 1.3325403928756713867 1.3351050615310668945 1.3399332761764526367 1.3447614908218383789 1.3495895862579345703 1.3544178009033203125 1.3558764457702636719 1.3438293933868408203 1.3317824602127075195 1.319735407829284668 1.3076884746551513672 1.2971385717391967773 1.2923655509948730469 1.287184596061706543 1.2815411090850830078 1.2753702402114868164 1.2699999809265136719 1.2699999809265136719 1.2699999809265136719
1.3056920766830444336 1.3064826726913452148 1.3072732686996459961 1.3079895973205566406 1.3084083795547485352 1.3088271617889404297 1.3092459440231323242 1.3096647262573242188 1.3094333410263061523 1.3065958023071289063 1.3037581443786621094 1.3009206056594848633 1.2980830669403076172 1.2967036962509155273 1.3011695146560668945 1.3056353330612182617 1.3101011514663696289 1.3145668506622314453 1.3185403347015380859 1.320540308952331543 1.322540283203125 1.3245403766632080078 1.3265403509140014648 1.3288654088973999023 1.3324936628341674805 1.3361217975616455078 1.3397500514984130859 1.3433781862258911133 1.3442758321762084961 1.3342287540435791016 1.3241817951202392578 1.3141348361968994141 1.3040877580642700195 1.2954078912734985352 1.2918717861175537109 1.2876590490341186523 1.2825543880462646484 1.2762415409088134766 1.2699999809265136719 1.2699999809265136719 1.2699999809265136719
1.308571934700012207 1.3097624778747558594 1.3109531402587890625 1.3118299245834350586 1.3114486932754516602 1.3110674619674682617 1.3106862306594848633 1.3103049993515014648 1.3097528219223022461 1.3085151910781860352 1.307277679443359375 1.3060400485992431641 1.3048025369644165039 1.3041446208953857422 1.3058104515075683594 1.3074762821197509766 1.309141993522644043 1.3108078241348266602 1.3125402927398681641 1.3145402669906616211 1.3165403604507446289 1.3185403347015380859 1.320540308952331543 1.3226257562637329102 1.3250540494918823242 1.3274822235107421875 1.3299103975296020508 1.3323385715484619141 1.3326750993728637695 1.3246281147003173828 1.3165811300277709961 1.3085341453552246094 1.3004871606826782227 1.293648838996887207 1.2913228273391723633 1.2882465124130249023 1.2839868068695068359 1.2776983976364135742 1.2699999809265136719 1.2699999809265136719 1.2699999809265136719
1.3114517927169799805 1.3130424022674560547 1.3146330118179321289 1.3156701326370239258 1.3144890069961547852 1.3133077621459960938 1.3121265172958374023 1.3109452724456787109 1.3100723028182983398 1.3104346990585327148 1.3107972145080566406 1.3111596107482910156 1.3115220069885253906 1.311585545539855957 1.3104513883590698242 1.3093171119689941406 1.3081829547882080078 1.3070486783981323242 1.3065402507781982422 1.30854034423828125 1.310540318489074707 1.3125402927398681641 1.3145402669906616211 1.3163862228393554688 1.3176143169403076172 1.3188425302505493164 1.3200707435607910156 1.3212989568710327148 1.3210744857788085938 1.3150274753570556641 1.3089804649353027344 1.3029334545135498047 1.2968865633010864258 1.2918608188629150391 1.2907087802886962891 1.2889930009841918945 1.2861657142639160156 1.2806293964385986328 1.2699999809265136719 1.2699999809265136719 1.2699999809265136719
1.3143316507339477539 1.31632232666015625 1.3183128833770751953 1.3195104598999023438 1.3175292015075683594 1.3155480623245239258 1.3135668039321899414 1.311585545539855957 1.3103917837142944336 1.3123542070388793945 1.3143166303634643555 1.3162790536880493164 1.3182414770126342773 1.3190264701843261719 1.3150923252105712891 1.3111580610275268555 1.3072237968444824219 1.3032895326614379883 1.3005403280258178711 1.3025403022766113281 1.3045402765274047852 1.3065402507781982422 1.3085402250289916992 1.3101465702056884766 1.3101747035980224609 1.3102029561996459961 1.3102310895919799805 1.3102593421936035156 1.3094737529754638672 1.3054268360137939453 1.3013797998428344727 1.2973328828811645508 1.2932858467102050781 1.2900429964065551758 1.290017247200012207 1.2899732589721679688 1.2898808717727661133 1.2895644903182983398 1.2699999809265136719 1.2699999809265136719 1.2699999809265136719
