INPUT/RASTER/ASCII/bkd.asc
ncols        225
nrows        269
xllcorner    473000.000000000000
yllcorner    4429100.000000000000
cellsize     50.000000000000
NODATA_value -9999
[rows 203 to 231 of 269, columns 132 to 197 of 225]
118 118 118.39935302734375 120 120 120 120 120 120 120 120 120 120.39935302734375 122 122 122 122 121.800323486328125 121 121 121 121 121.199676513671875 122 122 122 122 122.599029541015625 125 125 125 125 124.800323486328125 124 124 124 124 123.800323486328125 123 123 123 123 123.599029541015625 126 126 126 126 125.800323486328125 125 125 125 125 125 125 125 125 125 124.60064697265625 123 123 123 123 122.800323486328125 122 122 122
118 118 118.39935302734375 120 120 120 120 120 120 120 120 120 120.39935302734375 122 122 122 122 121.800323486328125 121 121 121 121 121.199676513671875 122 122 122 122 122.599029541015625 125 125 125 125 124.800323486328125 124 124 124 124 123.800323486328125 123 123 123 123 123.599029541015625 126 126 126 126 125.800323486328125 125 125 125 125 125 125 125 125 125 124.60064697265625 123 123 123 123 122.800323486328125 122 122 122
118 118 118.39935302734375 120 120 120 120 120 120 120 120 120 120.39935302734375 122 122 122 122 121.800323486328125 121 121 121 121 121.199676513671875 122 122 122 122 122.599029541015625 125 125 125 125 124.800323486328125 124 124 124 124 123.800323486328125 123 123 123 123 123.599029541015625 126 126 126 126 125.800323486328125 125 125 125 125 125 125 125 125 125 124.60064697265625 123 123 123 123 122.800323486328125 122 122 122
117.02349853515625 117.02349853515625 117.8128204345703125 120.97650146484375 120.97650146484375 120.97650146484375 120.97650146484375 121.3664703369140625 122.92951202392578125 122.92951202392578125 122.92951202392578125 122.92951202392578125 122.54892730712890625 121.02349853515625 121.02349853515625 121.02349853515625 121.02349853515625 121.01880645751953125 121 121 121 121 121.00469207763671875 121.02349853515625 121.02349853515625 121.02349853515625 121.02349853515625 121.62252044677734375 124.02349853515625 124.02349853515625 124.02349853515625 124.02349853515625 124.2137908935546875 124.97650146484375 124.97650146484375 124.97650146484375 124.97650146484375 124.776824951171875 123.97650146484375 123.97650146484375 123.97650146484375 123.97650146484375 123.60060882568359375 122.09398651123046875 122.09398651123046875 122.09398651123046875 122.09398651123046875 122.28427886962890625 123.04698944091796875 123.04698944091796875 123.04698944091796875 123.04698944091796875 123.241973876953125 124.02349853515625 124.02349853515625 124.02349853515625 124.02349853515625 124.20909881591796875 124.95301055908203125 124.95301055908203125 124.95301055908203125 124.95301055908203125 124.558349609375 122.97650146484375 122.97650146484375 122.97650146484375
117 117 117.7987060546875 121 121 121 121 121.39935302734375 123 123 123 123 122.60064697265625 121 121 121 121 121 121 121 121 121 121 121 121 121 121 121.599029541015625 124 124 124 124 124.199676513671875 125 125 125 125 124.800323486328125 124 124 124 124 123.60064697265625 122 122 122 122 122.199676513671875 123 123 123 123 123.199676513671875 124 124 124 124 124.199676513671875 125 125 125 125 124.60064697265625 123 123 123
117 117 117.7987060546875 121 121 121 121 121.39935302734375 123 123 123 123 122.60064697265625 121 121 121 121 121 121 121 121 121 121 121 121 121 121 121.599029541015625 124 124 124 124 124.199676513671875 125 125 125 125 124.800323486328125 124 124 124 124 123.60064697265625 122 122 122 122 122.199676513671875 123 123 123 123 123.199676513671875 124 124 124 124 124.199676513671875 125 125 125 125 124.60064697265625 123 123 123
117 117 117.7987060546875 121 121 121 121 121.39935302734375 123 123 123 123 122.60064697265625 121 121 121 121 121 121 121 121 121 121 121 121 121 121 121.599029541015625 124 124 124 124 124.199676513671875 125 125 125 125 124.800323486328125 124 124 124 124 123.60064697265625 122 122 122 122 122.199676513671875 123 123 123 123 123.199676513671875 124 124 124 124 124.199676513671875 125 125 125 125 124.60064697265625 123 123 123
117 117 117.7987060546875 121 121 121 121 121.39935302734375 123 123 123 123 122.60064697265625 121 121 121 121 121 121 121 121 121 121 121 121 121 121 121.599029541015625 124 124 124 124 124.199676513671875 125 125 125 125 124.800323486328125 124 124 124 124 123.60064697265625 122 122 122 122 122.199676513671875 123 123 123 123 123.199676513671875 124 124 124 124 124.199676513671875 125 125 125 125 124.60064697265625 123 123 123
119.92951202392578125 119.92951202392578125 119.94828033447265625 120.02349853515625 120.02349853515625 120.02349853515625 120.02349853515625 120.4228515625 122.02349853515625 122.02349853515625 122.02349853515625 122.02349853515625 121.81912994384765625 121 121 121 121 121.19498443603515625 121.97650146484375 121.97650146484375 121.97650146484375 121.97650146484375 122.756439208984375 125.8825225830078125 125.8825225830078125 125.8825225830078125 125.8825225830078125 125.8965911865234375 125.95301055908203125 125.95301055908203125 125.95301055908203125 125.95301055908203125 125.37274932861328125 123.04698944091796875 123.04698944091796875 123.04698944091796875 123.04698944091796875 123.04229736328125 123.02349853515625 123.02349853515625 123.02349853515625 123.02349853515625 123.0141143798828125 122.97650146484375 122.97650146484375 122.97650146484375 122.97650146484375 123.176177978515625 123.97650146484375 123.97650146484375 123.97650146484375 123.97650146484375 123.59122467041015625 122.04698944091796875 122.04698944091796875 122.04698944091796875 122.04698944091796875 123.02660369873046875 126.95301055908203125 126.95301055908203125 126.95301055908203125 126.95301055908203125 126.94362640380859375 126.90601348876953125 126.90601348876953125 126.90601348876953125
120 120 120 120 120 120 120 120.39935302734375 122 122 122 122 121.800323486328125 121 121 121 121 121.199676513671875 122 122 122 122 122.7987060546875 126 126 126 126 126 126 126 126 126 125.400970458984375 123 123 123 123 123 123 123 123 123 123 123 123 123 123 123.199676513671875 124 124 124 124 123.60064697265625 122 122 122 122 122.998382568359375 127 127 127 127 127 127 127 127
120 120 120 120 120 120 120 120.39935302734375 122 122 122 122 121.800323486328125 121 121 121 121 121.199676513671875 122 122 122 122 122.7987060546875 126 126 126 126 126 126 126 126 126 125.400970458984375 123 123 123 123 123 123 123 123 123 123 123 123 123 123 123.199676513671875 124 124 124 124 123.60064697265625 122 122 122 122 122.998382568359375 127 127 127 127 127 127 127 127
120 120 120 120 120 120 120 120.39935302734375 122 122 122 122 121.800323486328125 121 121 121 121 121.199676513671875 122 122 122 122 122.7987060546875 126 126 126 126 126 126 126 126 126 125.400970458984375 123 123 123 123 123 123 123 123 123 123 123 123 123 123 123.199676513671875 124 124 124 124 123.60064697265625 122 122 122 122 122.998382568359375 127 127 127 127 127 127 127 127
120 120 120 120 120 120 120 120.39935302734375 122 122 122 122 121.800323486328125 121 121 121 121 121.199676513671875 122 122 122 122 122.7987060546875 126 126 126 126 126 126 126 126 126 125.400970458984375 123 123 123 123 123 123 123 123 123 123 123 123 123 123 123.199676513671875 124 124 124 124 123.60064697265625 122 122 122 122 122.998382568359375 127 127 127 127 127 127 127 127
119.02349853515625 119.02349853515625 119.60845184326171875 121.95301055908203125 121.95301055908203125 121.95301055908203125 121.95301055908203125 122.157379150390625 122.97650146484375 122.97650146484375 122.97650146484375 122.97650146484375 122.776824951171875 121.97650146484375 121.97650146484375 121.97650146484375 121.97650146484375 122.76113128662109375 125.90601348876953125 125.90601348876953125 125.90601348876953125 125.90601348876953125 126.1197662353515625 126.97650146484375 126.97650146484375 126.97650146484375 126.97650146484375 126.196563720703125 123.07048797607421875 123.07048797607421875 123.07048797607421875 123.07048797607421875 122.86142730712890625 122.02349853515625 122.02349853515625 122.02349853515625 122.02349853515625 122.02349853515625 122.02349853515625 122.02349853515625 122.02349853515625 122.02349853515625 122.60845184326171875 124.95301055908203125 124.95301055908203125 124.95301055908203125 124.95301055908203125 124.95770263671875 124.97650146484375 124.97650146484375 124.97650146484375 124.97650146484375 124.77213287353515625 123.95301055908203125 123.95301055908203125 123.95301055908203125 123.95301055908203125 124.36643218994140625 126.02349853515625 126.02349853515625 126.02349853515625 126.02349853515625 125.82851409912109375 125.04698944091796875 125.04698944091796875 125.04698944091796875
119 119 119.599029541015625 122 122 122 122 122.199676513671875 123 123 123 123 122.800323486328125 122 122 122 122 122.7987060546875 126 126 126 126 126.199676513671875 127 127 127 127 126.2012939453125 123 123 123 123 122.800323486328125 122 122 122 122 122 122 122 122 122 122.599029541015625 125 125 125 125 125 125 125 125 125 124.800323486328125 124 124 124 124 124.39935302734375 126 126 126 126 125.800323486328125 125 125 125
119 119 119.599029541015625 122 122 122 122 122.199676513671875 123 123 123 123 122.800323486328125 122 122 122 122 122.7987060546875 126 126 126 126 126.199676513671875 127 127 127 127 126.2012939453125 123 123 123 123 122.800323486328125 122 122 122 122 122 122 122 122 122 122.599029541015625 125 125 125 125 125 125 125 125 125 124.800323486328125 124 124 124 124 124.39935302734375 126 126 126 126 125.800323486328125 125 125 125
119 119 119.599029541015625 122 122 122 122 122.199676513671875 123 123 123 123 122.800323486328125 122 122 122 122 122.7987060546875 126 126 126 126 126.199676513671875 127 127 127 127 126.2012939453125 123 123 123 123 122.800323486328125 122 122 122 122 122 122 122 122 122 122.599029541015625 125 125 125 125 125 125 125 125 125 124.800323486328125 124 124 124 124 124.39935302734375 126 126 126 126 125.800323486328125 125 125 125
119 119 119.599029541015625 122 122 122 122 122.199676513671875 123 123 123 123 122.800323486328125 122 122 122 122 122.7987060546875 126 126 126 126 126.199676513671875 127 127 127 127 126.2012939453125 123 123 123 123 122.800323486328125 122 122 122 122 122 122 122 122 122 122.599029541015625 125 125 125 125 125 125 125 125 125 124.800323486328125 124 124 124 124 124.39935302734375 126 126 126 126 125.800323486328125 125 125 125
121.92951202392578125 121.92951202392578125 122.13857269287109375 122.97650146484375 122.97650146484375 122.97650146484375 122.97650146484375 122.59122467041015625 121.04698944091796875 121.04698944091796875 121.04698944091796875 121.04698944091796875 121.62725067138671875 123.95301055908203125 123.95301055908203125 123.95301055908203125 123.95301055908203125 123.971771240234375 124.04698944091796875 124.04698944091796875 124.04698944091796875 124.04698944091796875 124.0516815185546875 124.07048797607421875 124.07048797607421875 124.07048797607421875 124.07048797607421875 124.05171966552734375 123.97650146484375 123.97650146484375 123.97650146484375 123.97650146484375 123.3868560791015625 121.02349853515625 121.02349853515625 121.02349853515625 121.02349853515625 121.02349853515625 121.02349853515625 121.02349853515625 121.02349853515625 121.02349853515625 121.8175048828125 125 125 125 125 125 125 125 125 125 124.800323486328125 124 124 124 124 123.619415283203125 122.09398651123046875 122.09398651123046875 122.09398651123046875 122.09398651123046875 122.4792633056640625 124.02349853515625 124.02349853515625 124.02349853515625
122 122 122.199676513671875 123 123 123 123 122.60064697265625 121 121 121 121 121.599029541015625 124 124 124 124 124 124 124 124 124 124 124 124 124 124 124 124 124 124 124 123.400970458984375 121 121 121 121 121 121 121 121 121 121.7987060546875 125 125 125 125 125 125 125 125 125 124.800323486328125 124 124 124 124 123.60064697265625 122 122 122 122 122.39935302734375 124 124 124
122 122 122.199676513671875 123 123 123 123 122.60064697265625 121 121 121 121 121.599029541015625 124 124 124 124 124 124 124 124 124 124 124 124 124 124 124 124 124 124 124 123.400970458984375 121 121 121 121 121 121 121 121 121 121.7987060546875 125 125 125 125 125 125 125 125 125 124.800323486328125 124 124 124 124 123.60064697265625 122 122 122 122 122.39935302734375 124 124 124
122 122 122.199676513671875 123 123 123 123 122.60064697265625 121 121 121 121 121.599029541015625 124 124 124 124 124 124 124 124 124 124 124 124 124 124 124 124 124 124 124 123.400970458984375 121 121 121 121 121 121 121 121 121 121.7987060546875 125 125 125 125 125 125 125 125 125 124.800323486328125 124 124 124 124 123.60064697265625 122 122 122 122 122.39935302734375 124 124 124
122 122 122.199676513671875 123 123 123 123 122.60064697265625 121 121 121 121 121.599029541015625 124 124 124 124 124 124 124 124 124 124 124 124 124 124 124 124 124 124 124 123.400970458984375 121 121 121 121 121 121 121 121 121 121.7987060546875 125 125 125 125 125 125 125 125 125 124.800323486328125 124 124 124 124 123.60064697265625 122 122 122 122 122.39935302734375 124 124 124
121.02349853515625 121.02349853515625 121.41815948486328125 123 123 123 123 122.79563140869140625 121.97650146484375 121.97650146484375 121.97650146484375 121.97650146484375 122.38054656982421875 124 124 124 124 124.19498443603515625 124.97650146484375 124.97650146484375 124.97650146484375 124.97650146484375 124.5865325927734375 123.02349853515625 123.02349853515625 123.02349853515625 123.02349853515625 123.02349853515625 123.02349853515625 123.02349853515625 123.02349853515625 123.02349853515625 122.61945343017578125 121 121 121 121 120.02507781982421875 116.1174774169921875 116.1174774169921875 116.1174774169921875 116.1174774169921875 117.6961212158203125 124.02349853515625 124.02349853515625 124.02349853515625 124.02349853515625 124.21848297119140625 125 125 125 125 124.4103546142578125 122.04698944091796875 122.04698944091796875 122.04698944091796875 122.04698944091796875 122.03760528564453125 122 122 122 122 122.39935302734375 124 124 124
121 121 121.39935302734375 123 123 123 123 122.800323486328125 122 122 122 122 122.39935302734375 124 124 124 124 124.199676513671875 125 125 125 125 124.60064697265625 123 123 123 123 123 123 123 123 123 122.60064697265625 121 121 121 121 120.001617431640625 116 116 116 116 117.59740447998046875 124 124 124 124 124.199676513671875 125 125 125 125 124.400970458984375 122 122 122 122 122 122 122 122 122 122.39935302734375 124 124 124
121 121 121.39935302734375 123 123 123 123 122.800323486328125 122 122 122 122 122.39935302734375 124 124 124 124 124.199676513671875 125 125 125 125 124.60064697265625 123 123 123 123 123 123 123 123 123 122.60064697265625 121 121 121 121 120.001617431640625 116 116 116 116 117.59740447998046875 124 124 124 124 124.199676513671875 125 125 125 125 124.400970458984375 122 122 122 122 122 122 122 122 122 122.39935302734375 124 124 124
121 121 121.39935302734375 123 123 123 123 122.800323486328125 122 122 122 122 122.39935302734375 124 124 124 124 124.199676513671875 125 125 125 125 124.60064697265625 123 123 123 123 123 123 123 123 123 122.60064697265625 121 121 121 121 120.001617431640625 116 116 116 116 117.59740447998046875 124 124 124 124 124.199676513671875 125 125 125 125 124.400970458984375 122 122 122 122 122 122 122 122 122 122.39935302734375 124 124 124
121 121 121.39935302734375 123 123 123 123 122.800323486328125 122 122 122 122 122.39935302734375 124 124 124 124 124.199676513671875 125 125 125 125 124.60064697265625 123 123 123 123 123 123 123 123 123 122.60064697265625 121 121 121 121 120.001617431640625 116 116 116 116 117.59740447998046875 124 124 124 124 124.199676513671875 125 125 125 125 124.400970458984375 122 122 122 122 122 122 122 122 122 122.39935302734375 124 124 124
121.97650146484375 121.97650146484375 122.57083892822265625 124.95301055908203125 124.95301055908203125 124.95301055908203125 124.95301055908203125 125.14330291748046875 125.90601348876953125 125.90601348876953125 125.90601348876953125 125.90601348876953125 126.110382080078125 126.92951202392578125 126.92951202392578125 126.92951202392578125 126.92951202392578125 126.34925079345703125 124.02349853515625 124.02349853515625 124.02349853515625 124.02349853515625 123.81912994384765625 123 123 123 123 123 123 123 123 123 123.18560028076171875 123.92951202392578125 123.92951202392578125 123.92951202392578125 123.92951202392578125 122.73614501953125 117.95301055908203125 117.95301055908203125 117.95301055908203125 117.95301055908203125 118.96546173095703125 123.02349853515625 123.02349853515625 123.02349853515625 123.02349853515625 123.02819061279296875 123.04698944091796875 123.04698944091796875 123.04698944091796875 123.04698944091796875 123.03292083740234375 122.97650146484375 122.97650146484375 122.97650146484375 122.97650146484375 122.39154815673828125 120.04698944091796875 120.04698944091796875 120.04698944091796875 120.04698944091796875 120.44634246826171875 122.04698944091796875 122.04698944091796875 122.04698944091796875
