INPUT/RASTER/ASCII/bkd.asc
ncols        225
nrows        269
xllcorner    473000.000000000000
yllcorner    4429100.000000000000
cellsize     50.000000000000
NODATA_value -9999
[rows 58 to 86 of 269, columns 0 to 65 of 225]
-9999 -9999 -9999 -9999 -9999 -9999 -9999 -9999 -9999 -9999 -9999 -9999 -9999 -9999 -9999 -9999 -9999 -9999 0 23.362091064453125 117 117 117 117 118.397735595703125 124 124 124 124 123.60064697265625 122 122 122 122 122 122 122 122 122 122.39935302734375 124 124 124 124 124.199676513671875 125 125 125 125 124.60064697265625 123 123 123 123 122.800323486328125 122 122 122 122 122 122 122 122 122 122.199676513671875 123
-9999 -9999 -9999 -9999 -9999 -9999 -9999 -9999 -9999 -9999 -9999 -9999 -9999 -9999 -9999 -9999 0 0 0 23.362091064453125 117 117 117 117 118.397735595703125 124 124 124 124 123.60064697265625 122 122 122 122 122 122 122 122 122 122.39935302734375 124 124 124 124 124.199676513671875 125 125 125 125 124.60064697265625 123 123 123 123 122.800323486328125 122 122 122 122 122 122 122 122 122 122.199676513671875 123
-9999 -9999 -9999 -9999 -9999 -9999 -9999 -9999 -9999 -9999 -9999 -9999 -9999 -9999 0 0 0 0 0 23.362091064453125 117 117 117 117 118.397735595703125 124 124 124 124 123.60064697265625 122 122 122 122 122 122 122 122 122 122.39935302734375 124 124 124 124 124.199676513671875 125 125 125 125 124.60064697265625 123 123 123 123 122.800323486328125 122 122 122 122 122 122 122 122 122 122.199676513671875 123
-9999 -9999 -9999 -9999 -9999 -9999 -9999 -9999 -9999 -9999 -9999 -9999 -9999 116.2039794921875 116.2039794921875 116.2039794921875 116.2039794921875 116.2039794921875 116.2039794921875 117.53282928466796875 122.8590240478515625 122.8590240478515625 122.8590240478515625 122.8590240478515625 123.4768218994140625 125.95301055908203125 125.95301055908203125 125.95301055908203125 125.95301055908203125 125.16368865966796875 122 122 122 122 121.80501556396484375 121.02349853515625 121.02349853515625 121.02349853515625 121.02349853515625 121.22786712646484375 122.04698944091796875 122.04698944091796875 122.04698944091796875 122.04698944091796875 122.0516815185546875 122.07048797607421875 122.07048797607421875 122.07048797607421875 122.07048797607421875 121.67113494873046875 120.07048797607421875 120.07048797607421875 120.07048797607421875 120.07048797607421875 120.4557647705078125 122 122 122 122 122.3899688720703125 123.95301055908203125 123.95301055908203125 123.95301055908203125 123.95301055908203125 123.177764892578125 120.07048797607421875
-9999 -9999 -9999 -9999 -9999 -9999 -9999 -9999 -9999 -9999 -9999 -9999 -9999 119 119 119 119 119 119 119.7987060546875 123 123 123 123 123.599029541015625 126 126 126 126 125.2012939453125 122 122 122 122 121.800323486328125 121 121 121 121 121.199676513671875 122 122 122 122 122 122 122 122 122 121.60064697265625 120 120 120 120 120.39935302734375 122 122 122 122 122.39935302734375 124 124 124 124 123.2012939453125 120
-9999 -9999 -9999 -9999 -9999 -9999 -9999 -9999 -9999 -9999 -9999 -9999 -9999 119 119 119 119 119 119 119.7987060546875 123 123 123 123 123.599029541015625 126 126 126 126 125.2012939453125 122 122 122 122 121.800323486328125 121 121 121 121 121.199676513671875 122 122 122 122 122 122 122 122 122 121.60064697265625 120 120 120 120 120.39935302734375 122 122 122 122 122.39935302734375 124 124 124 124 123.2012939453125 120
-9999 -9999 -9999 -9999 -9999 -9999 -9999 -9999 -9999 -9999 -9999 -9999 119 119 119 119 119 119 119 119.7987060546875 123 123 123 123 123.599029541015625 126 126 126 126 125.2012939453125 122 122 122 122 121.800323486328125 121 121 121 121 121.199676513671875 122 122 122 122 122 122 122 122 122 121.60064697265625 120 120 120 120 120.39935302734375 122 122 122 122 122.39935302734375 124 124 124 124 123.2012939453125 120
-9999 -9999 -9999 -9999 -9999 -9999 -9999 -9999 -9999 -9999 -9999 -9999 119 119 119 119 119 119 119 119.7987060546875 123 123 123 123 123.599029541015625 126 126 126 126 125.2012939453125 122 122 122 122 121.800323486328125 121 121 121 121 121.199676513671875 122 122 122 122 122 122 122 122 122 121.60064697265625 120 120 120 120 120.39935302734375 122 122 122 122 122.39935302734375 124 124 124 124 123.2012939453125 120
-9999 -9999 -9999 -9999 -9999 -9999 -9999 -9999 -9999 -9999 -9999 -9999 117.04698944091796875 117.04698944091796875 117.82692718505859375 120.95301055908203125 120.95301055908203125 120.95301055908203125 120.95301055908203125 121.94669342041015625 125.92951202392578125 125.92951202392578125 125.92951202392578125 125.92951202392578125 125.553619384765625 124.04698944091796875 124.04698944091796875 124.04698944091796875 124.04698944091796875 123.44327545166015625 121.02349853515625 121.02349853515625 121.02349853515625 121.02349853515625 121.01880645751953125 121 121 121 121 121.5896453857421875 123.95301055908203125 123.95301055908203125 123.95301055908203125 123.95301055908203125 124.1479949951171875 124.92951202392578125 124.92951202392578125 124.92951202392578125 124.92951202392578125 124.7251434326171875 123.90601348876953125 123.90601348876953125 123.90601348876953125 123.90601348876953125 123.91539764404296875 123.95301055908203125 123.95301055908203125 123.95301055908203125 123.95301055908203125 123.7674102783203125 123.02349853515625 123.02349853515625 123.02349853515625 123.02349853515625 122.22479248046875 119.02349853515625
-9999 -9999 -9999 -9999 -9999 -9999 -9999 -9999 -9999 -9999 117 117 117 117 117.7987060546875 121 121 121 121 121.998382568359375 126 126 126 126 125.60064697265625 124 124 124 124 123.400970458984375 121 121 121 121 121 121 121 121 121 121.599029541015625 124 124 124 124 124.199676513671875 125 125 125 125 124.800323486328125 124 124 124 124 124 124 124 124 124 123.800323486328125 123 123 123 123 122.2012939453125 119
-9999 -9999 -9999 -9999 -9999 -9999 -9999 -9999 0 23.362091064453125 117 117 117 117 117.7987060546875 121 121 121 121 121.998382568359375 126 126 126 126 125.60064697265625 124 124 124 124 123.400970458984375 121 121 121 121 121 121 121 121 121 121.599029541015625 124 124 124 124 124.199676513671875 125 125 125 125 124.800323486328125 124 124 124 124 124 124 124 124 124 123.800323486328125 123 123 123 123 122.2012939453125 119
-9999 -9999 -9999 -9999 -9999 -9999 -9999 -9999 -9999 -9999 117 117 117 117 117.7987060546875 121 121 121 121 121.998382568359375 126 126 126 126 125.60064697265625 124 124 124 124 123.400970458984375 121 121 121 121 121 121 121 121 121 121.599029541015625 124 124 124 124 124.199676513671875 125 125 125 125 124.800323486328125 124 124 124 124 124 124 124 124 124 123.800323486328125 123 123 123 123 122.2012939453125 119
-9999 -9999 -9999 -9999 -9999 -9999 -9999 -9999 -9999 -9999 -9999 -9999 -9999 117 117.7987060546875 121 121 121 121 121.998382568359375 126 126 126 126 125.60064697265625 124 124 124 124 123.400970458984375 121 121 121 121 121 121 121 121 121 121.599029541015625 124 124 124 124 124.199676513671875 125 125 125 125 124.800323486328125 124 124 124 124 124 124 124 124 124 123.800323486328125 123 123 123 123 122.2012939453125 119
-9999 -9999 -9999 -9999 -9999 -9999 -9999 -9999 -9999 -9999 -9999 -9999 -9999 -9999 -9999 -9999 -9999 -9999 -9999 117.89737701416015625 121.1174774169921875 121.1174774169921875 121.1174774169921875 121.1174774169921875 122.08301544189453125 125.95301055908203125 125.95301055908203125 125.95301055908203125 125.95301055908203125 125.5489654541015625 123.92951202392578125 123.92951202392578125 123.92951202392578125 123.92951202392578125 123.3445587158203125 121 121 121 121 121.01407623291015625 121.07048797607421875 121.07048797607421875 121.07048797607421875 121.07048797607421875 121.66013336181640625 124.02349853515625 124.02349853515625 124.02349853515625 124.02349853515625 124.2137908935546875 124.97650146484375 124.97650146484375 124.97650146484375 124.97650146484375 124.78151702880859375 124 124 124 124 123.800323486328125 123 123 123 123 122.2012939453125 119
-9999 -9999 -9999 -9999 -9999 -9999 -9999 -9999 -9999 -9999 -9999 -9999 -9999 -9999 -9999 -9999 -9999 -9999 -9999 -9999 121 121 121 121 121.998382568359375 126 126 126 126 125.60064697265625 124 124 124 124 123.400970458984375 121 121 121 121 121 121 121 121 121 121.599029541015625 124 124 124 124 124.199676513671875 125 125 125 125 124.800323486328125 124 124 124 124 123.800323486328125 123 123 123 123 122.2012939453125 119
-9999 -9999 -9999 -9999 -9999 -9999 -9999 -9999 -9999 -9999 -9999 -9999 -9999 -9999 -9999 -9999 -9999 -9999 -9999 -9999 -9999 121 121 121 121.998382568359375 126 126 126 126 125.60064697265625 124 124 124 124 123.400970458984375 121 121 121 121 121 121 121 121 121 121.599029541015625 124 124 124 124 124.199676513671875 125 125 125 125 124.800323486328125 124 124 124 124 123.800323486328125 123 123 123 123 122.2012939453125 119
-9999 -9999 -9999 -9999 -9999 -9999 -9999 -9999 -9999 -9999 -9999 -9999 -9999 -9999 -9999 -9999 -9999 -9999 -9999 -9999 -9999 -9999 121 121 121.998382568359375 126 126 126 126 125.60064697265625 124 124 124 124 123.400970458984375 121 121 121 121 121 121 121 121 121 121.599029541015625 124 124 124 124 124.199676513671875 125 125 125 125 124.800323486328125 124 124 124 124 123.800323486328125 123 123 123 123 122.2012939453125 119
-9999 -9999 -9999 -9999 -9999 -9999 -9999 -9999 -9999 -9999 -9999 -9999 -9999 -9999 -9999 -9999 -9999 -9999 -9999 -9999 -9999 -9999 -9999 121 121.998382568359375 126 126 126 126 125.60064697265625 124 124 124 124 123.400970458984375 121 121 121 121 121 121 121 121 121 121.599029541015625 124 124 124 124 124.199676513671875 125 125 125 125 124.800323486328125 124 124 124 124 123.800323486328125 123 123 123 123 122.2012939453125 119
-9999 -9999 -9999 -9999 -9999 -9999 -9999 -9999 -9999 -9999 -9999 -9999 -9999 -9999 -9999 -9999 -9999 -9999 -9999 -9999 -9999 -9999 -9999 -9999 123.36643218994140625 125.02349853515625 125.02349853515625 125.02349853515625 125.02349853515625 124.03919219970703125 120.09398651123046875 120.09398651123046875 120.09398651123046875 120.09398651123046875 120.0799102783203125 120.02349853515625 120.02349853515625 120.02349853515625 120.02349853515625 120.4134674072265625 121.97650146484375 121.97650146484375 121.97650146484375 121.97650146484375 122.38054656982421875 124 124 124 124 123.8097076416015625 123.04698944091796875 123.04698944091796875 123.04698944091796875 123.04698944091796875 123.04229736328125 123.02349853515625 123.02349853515625 123.02349853515625 123.02349853515625 122.823822021484375 122.02349853515625 122.02349853515625 122.02349853515625 122.02349853515625 121.6147613525390625 119.97650146484375
-9999 -9999 -9999 -9999 -9999 -9999 -9999 -9999 -9999 -9999 -9999 -9999 -9999 -9999 -9999 -9999 -9999 -9999 -9999 -9999 -9999 -9999 -9999 -9999 -9999 -9999 125 125 125 124.001617431640625 120 120 120 120 120 120 120 120 120 120.39935302734375 122 122 122 122 122.39935302734375 124 124 124 124 123.800323486328125 123 123 123 123 123 123 123 123 123 122.800323486328125 122 122 122 122 121.60064697265625 120
-9999 -9999 -9999 -9999 -9999 -9999 -9999 -9999 -9999 -9999 -9999 -9999 -9999 -9999 -9999 -9999 -9999 -9999 -9999 -9999 -9999 -9999 -9999 -9999 -9999 -9999 -9999 -9999 -9999 124.001617431640625 120 120 120 120 120 120 120 120 120 120.39935302734375 122 122 122 122 122.39935302734375 124 124 124 124 123.800323486328125 123 123 123 123 123 123 123 123 123 122.800323486328125 122 122 122 122 121.60064697265625 120
-9999 -9999 -9999 -9999 -9999 -9999 -9999 -9999 -9999 -9999 -9999 -9999 -9999 -9999 -9999 -9999 -9999 -9999 -9999 -9999 -9999 -9999 -9999 -9999 -9999 -9999 -9999 -9999 -9999 -9999 120 120 120 120 120 120 120 120 120 120.39935302734375 122 122 122 122 122.39935302734375 124 124 124 124 123.800323486328125 123 123 123 123 123 123 123 123 123 122.800323486328125 122 122 122 122 121.60064697265625 120
-9999 -9999 -9999 -9999 -9999 -9999 -9999 -9999 -9999 -9999 -9999 -9999 -9999 -9999 -9999 -9999 -9999 -9999 -9999 -9999 -9999 -9999 -9999 -9999 -9999 -9999 -9999 -9999 -9999 -9999 -9999 120 120 120 120 120 120 120 120 120.39935302734375 122 122 122 122 122.39935302734375 124 124 124 124 123.800323486328125 123 123 123 123 123 123 123 123 123 122.800323486328125 122 122 122 122 121.60064697265625 120
-9999 -9999 -9999 -9999 -9999 -9999 -9999 -9999 -9999 -9999 -9999 -9999 -9999 -9999 -9999 -9999 -9999 -9999 -9999 -9999 -9999 -9999 -9999 -9999 -9999 -9999 -9999 -9999 -9999 -9999 -9999 121.95301055908203125 121.95301055908203125 121.95301055908203125 121.95301055908203125 121.95301055908203125 121.95301055908203125 121.95301055908203125 121.95301055908203125 122.157379150390625 122.97650146484375 122.97650146484375 122.97650146484375 122.97650146484375 122.79090118408203125 122.04698944091796875 122.04698944091796875 122.04698944091796875 122.04698944091796875 122.23728179931640625 123 123 123 123 123.19498443603515625 123.97650146484375 123.97650146484375 123.97650146484375 123.97650146484375 123.19187164306640625 120.04698944091796875 120.04698944091796875 120.04698944091796875 120.04698944091796875 120.03760528564453125 120
-9999 -9999 -9999 -9999 -9999 -9999 -9999 -9999 -9999 -9999 -9999 -9999 -9999 -9999 -9999 -9999 -9999 -9999 -9999 -9999 -9999 -9999 -9999 -9999 -9999 -9999 -9999 -9999 -9999 -9999 -9999 -9999 122 122 122 122 122 122 122 122.199676513671875 123 123 123 123 122.800323486328125 122 122 122 122 122.199676513671875 123 123 123 123 123.199676513671875 124 124 124 124 123.2012939453125 120 120 120 120 120 120
-9999 -9999 -9999 -9999 -9999 -9999 -9999 -9999 -9999 -9999 -9999 -9999 -9999 -9999 -9999 -9999 -9999 -9999 -9999 -9999 -9999 -9999 -9999 -9999 -9999 -9999 -9999 -9999 -9999 -9999 -9999 -9999 122 122 122 122 122 122 122 122.199676513671875 123 123 123 123 122.800323486328125 122 122 122 122 122.199676513671875 123 123 123 123 123.199676513671875 124 124 124 124 123.2012939453125 120 120 120 120 120 120
-9999 -9999 -9999 -9999 -9999 -9999 -9999 -9999 -9999 -9999 -9999 -9999 -9999 -9999 -9999 -9999 -9999 -9999 -9999 -9999 -9999 -9999 -9999 -9999 -9999 -9999 -9999 -9999 -9999 -9999 -9999 -9999 -9999 122 122 122 122 122 122 122.199676513671875 123 123 123 123 122.800323486328125 122 122 122 122 122.199676513671875 123 123 123 123 123.199676513671875 124 124 124 124 123.2012939453125 120 120 120 120 120 120
-9999 -9999 -9999 -9999 -9999 -9999 -9999 -9999 -9999 -9999 -9999 -9999 -9999 -9999 -9999 -9999 -9999 -9999 -9999 -9999 -9999 -9999 -9999 -9999 -9999 -9999 -9999 -9999 -9999 -9999 -9999 -9999 -9999 122 122 122 122 122 122 122.199676513671875 123 123 123 123 122.800323486328125 122 122 122 122 122.199676513671875 123 123 123 123 123.199676513671875 124 124 124 124 123.2012939453125 120 120 120 120 120 120
-9999 -9999 -9999 -9999 -9999 -9999 -9999 -9999 -9999 -9999 -9999 -9999 -9999 -9999 -9999 -9999 -9999 -9999 -9999 -9999 -9999 -9999 -9999 -9999 -9999 -9999 -9999 -9999 -9999 -9999 -9999 -9999 -9999 -9999 122.78151702880859375 122 122 122 122 122.00469207763671875 122.02349853515625 122.02349853515625 122.02349853515625 122.02349853515625 122.01880645751953125 122 122 122 122 121.8097076416015625 121.04698944091796875 121.04698944091796875 121.04698944091796875 121.04698944091796875 120.661712646484375 119.1174774169921875 119.1174774169921875 119.1174774169921875 119.1174774169921875 118.70874786376953125 117.07048797607421875 117.07048797607421875 117.07048797607421875 117.07048797607421875 117.6554412841796875 120
