INPUT/RASTER/ASCII/bkd.asc
ncols        225
nrows        269
xllcorner    473009.983799999987
yllcorner    4429051.174800000153
cellsize     50.000000000000
NODATA_value -9999
[rows 18 to 35 of 269, columns 41 to 81 of 225]
1.2938264608383178711 1.2927174568176269531 1.3063268661499023438 1.3199362754821777344 1.333545684814453125 1.3471550941467285156 1.3582903146743774414 1.3595091104507446289 1.3607279062271118164 1.3619467020034790039 1.3631654977798461914 1.3637322187423706055 1.3616852760314941406 1.359638214111328125 1.3575912714004516602 1.3555443286895751953 1.3536627292633056641 1.3524439334869384766 1.3512251377105712891 1.3500063419342041016 1.3487875461578369141 1.3471693992614746094 1.3439505100250244141 1.3407317399978637695 1.337512969970703125 1.3342941999435424805 1.3318054676055908203 1.3322430849075317383 1.3326807022094726563 1.3331182003021240234 1.3335558176040649414 1.3344614505767822266 1.3372426033020019531 1.3400237560272216797 1.342805027961730957 1.3455861806869506836 1.3494188785552978516 1.3574658632278442383 1.365512847900390625 1.3735598325729370117 1.3816068172454833984
1.2944667339324951172 1.2926375865936279297 1.3058469295501708984 1.319056391716003418 1.3322657346725463867 1.3454751968383789063 1.3561305999755859375 1.356549382209777832 1.3569682836532592773 1.3573870658874511719 1.3578058481216430664 1.3581316471099853516 1.358084559440612793 1.3580375909805297852 1.3579906225204467773 1.3579436540603637695 1.357822418212890625 1.3574036359786987305 1.3569848537445068359 1.3565660715103149414 1.3561471700668334961 1.3553290367126464844 1.3529102802276611328 1.3504915237426757813 1.3480726480484008789 1.3456538915634155273 1.3434859514236450195 1.3423235416412353516 1.3411611318588256836 1.3399987220764160156 1.3388363122940063477 1.3386211395263671875 1.342202305793762207 1.3457834720611572266 1.3493647575378417969 1.3529459238052368164 1.3570195436477661133 1.3630664348602294922 1.3691134452819824219 1.3751604557037353516 1.3812074661254882813
1.2951070070266723633 1.2925577163696289063 1.3053671121597290039 1.3181765079498291016 1.3309859037399291992 1.3437952995300292969 1.3539708852767944336 1.3535896539688110352 1.3532085418701171875 1.3528273105621337891 1.3524460792541503906 1.3525309562683105469 1.3544839620590209961 1.3564369678497314453 1.3583899736404418945 1.3603429794311523438 1.3619821071624755859 1.3623633384704589844 1.3627445697784423828 1.3631258010864257813 1.3635069131851196289 1.3634887933731079102 1.3618700504302978516 1.3602511882781982422 1.3586324453353881836 1.3570135831832885742 1.3551664352416992188 1.3524041175842285156 1.3496416807174682617 1.3468792438507080078 1.3441168069839477539 1.3427808284759521484 1.3471620082855224609 1.3515433073043823242 1.3559244871139526367 1.3603056669235229492 1.3646200895309448242 1.3686671257019042969 1.3727141618728637695 1.3767610788345336914 1.3808081150054931641
1.2957472801208496094 1.2924778461456298828 1.3048871755599975586 1.3172966241836547852 1.3297060728073120117 1.3421155214309692383 1.3518111705780029297 1.3506299257278442383 1.3494488000869750977 1.3482675552368164063 1.3470863103866577148 1.3469302654266357422 1.3508833646774291992 1.3548363447189331055 1.3587893247604370117 1.362742304801940918 1.3661419153213500977 1.3673230409622192383 1.3685042858123779297 1.3696855306625366211 1.3708666563034057617 1.3716485500335693359 1.3708297014236450195 1.3700109720230102539 1.3691921234130859375 1.3683733940124511719 1.3668470382690429688 1.3624845743179321289 1.3581222295761108398 1.353759765625 1.3493974208831787109 1.3469406366348266602 1.3521218299865722656 1.3573030233383178711 1.3624842166900634766 1.367665410041809082 1.3722207546234130859 1.3742678165435791016 1.3763147592544555664 1.3783617019653320313 1.3804087638854980469
1.2963875532150268555 1.2923979759216308594 1.3044073581695556641 1.3164167404174804688 1.3284262418746948242 1.3404356241226196289 1.3496514558792114258 1.3476701974868774414 1.3456890583038330078 1.3437077999114990234 1.3417266607284545898 1.3413296937942504883 1.3472826480865478516 1.3532357215881347656 1.3591886758804321289 1.365141749382019043 1.3703016042709350586 1.372282862663269043 1.3742640018463134766 1.3762452602386474609 1.3782263994216918945 1.3798083066940307617 1.3797894716262817383 1.3797706365585327148 1.3797519207000732422 1.3797330856323242188 1.378527522087097168 1.372565150260925293 1.3666026592254638672 1.3606402873992919922 1.3546779155731201172 1.3511003255844116211 1.3570815324783325195 1.363062739372253418 1.3690439462661743164 1.3750251531600952148 1.3798214197158813477 1.3798683881759643555 1.3799153566360473633 1.3799624443054199219 1.3800094127655029297
1.3039793968200683594 1.3017711639404296875 1.3118181228637695313 1.3218652009963989258 1.3319121599197387695 1.3419591188430786133 1.349522709846496582 1.3471320867538452148 1.3447414636611938477 1.3423508405685424805 1.3399603366851806641 1.3390890359878540039 1.3443078994750976563 1.3495266437530517578 1.3547455072402954102 1.3599642515182495117 1.3646963834762573242 1.3674775362014770508 1.3702586889266967773 1.3730399608612060547 1.3758211135864257813 1.3782030344009399414 1.3789842128753662109 1.3797653913497924805 1.38054656982421875 1.3813277482986450195 1.3808329105377197266 1.3752235174179077148 1.3696141242980957031 1.3640047311782836914 1.3583953380584716797 1.354636073112487793 1.3582924604415893555 1.361948847770690918 1.3656052350997924805 1.369261622428894043 1.3725779056549072266 1.3745309114456176758 1.376483917236328125 1.3784369230270385742 1.3803899288177490234
1.3117384910583496094 1.3113718032836914063 1.319418787956237793 1.3274657726287841797 1.3355128765106201172 1.3435598611831665039 1.3494428396224975586 1.3466521501541137695 1.3438615798950195313 1.341071009635925293 1.3382804393768310547 1.3369293212890625 1.3413481712341308594 1.345766901969909668 1.3501857519149780273 1.3546044826507568359 1.3588560819625854492 1.3624372482299804688 1.3660184144973754883 1.3695996999740600586 1.3731808662414550781 1.3763626813888549805 1.377943873405456543 1.3795250654220581055 1.3811063766479492188 1.3826875686645507813 1.382912755012512207 1.3777034282684326172 1.3724939823150634766 1.3672846555709838867 1.3620752096176147461 1.3581569194793701172 1.3594132661819458008 1.3606697320938110352 1.3619260787963867188 1.3631824254989624023 1.3649772405624389648 1.3689303398132324219 1.3728833198547363281 1.3768362998962402344 1.3807892799377441406
1.3194975852966308594 1.320972442626953125 1.3270194530487060547 1.3330664634704589844 1.3391134738922119141 1.3451604843139648438 1.3493629693984985352 1.346172332763671875 1.3429816961288452148 1.3397911787033081055 1.3366005420684814453 1.3347696065902709961 1.3383884429931640625 1.3420071601867675781 1.3456259965896606445 1.3492448329925537109 1.3530157804489135742 1.3573969602584838867 1.36177825927734375 1.3661594390869140625 1.370540618896484375 1.3745224475860595703 1.3769036531448364258 1.3792848587036132813 1.3816660642623901367 1.3840472698211669922 1.3849927186965942383 1.3801833391189575195 1.37537384033203125 1.3705644607543945313 1.3657550811767578125 1.3616776466369628906 1.3605340719223022461 1.3593904972076416016 1.3582468032836914063 1.3571032285690307617 1.3573766946792602539 1.3633296489715576172 1.3692826032638549805 1.3752356767654418945 1.3811886310577392578
1.3272566795349121094 1.3305732011795043945 1.3346201181411743164 1.3386671543121337891 1.3427140712738037109 1.3467611074447631836 1.3492830991744995117 1.3456925153732299805 1.3421018123626708984 1.3385112285614013672 1.3349206447601318359 1.3326098918914794922 1.3354287147521972656 1.3382474184036254883 1.3410662412643432617 1.3438850641250610352 1.34717559814453125 1.3523567914962768555 1.3575379848480224609 1.3627191781997680664 1.3679003715515136719 1.3726822137832641602 1.3758634328842163086 1.379044651985168457 1.3822257518768310547 1.3854069709777832031 1.3870725631713867188 1.3826631307601928711 1.3782536983489990234 1.3738443851470947266 1.3694349527359008789 1.3651984930038452148 1.3616548776626586914 1.358111262321472168 1.3545676469802856445 1.3510240316390991211 1.3497760295867919922 1.3577289581298828125 1.3656820058822631836 1.3736350536346435547 1.381587982177734375
1.3350157737731933594 1.3401738405227661133 1.3422207832336425781 1.3442678451538085938 1.3463147878646850586 1.3483617305755615234 1.3492032289505004883 1.3452125787734985352 1.3412220478057861328 1.3372313976287841797 1.3332407474517822266 1.3304501771926879883 1.3324689865112304688 1.3344876766204833984 1.3365064859390258789 1.3385252952575683594 1.341335296630859375 1.3473165035247802734 1.3532977104187011719 1.3592789173126220703 1.3652601242065429688 1.37084197998046875 1.3748230934143066406 1.378804326057434082 1.3827855587005615234 1.3867667913436889648 1.3891524076461791992 1.3851430416107177734 1.3811336755752563477 1.3771241903305053711 1.3731148242950439453 1.3687192201614379883 1.3627755641937255859 1.3568320274353027344 1.350888371467590332 1.3449448347091674805 1.3421753644943237305 1.3521283864974975586 1.3620814085006713867 1.3720344305038452148 1.3819873332977294922
1.3332450389862060547 1.3383684158325195313 1.3399777412414550781 1.3415871858596801758 1.3431966304779052734 1.3448059558868408203 1.3456072807312011719 1.3431696891784667969 1.3407320976257324219 1.3382945060729980469 1.3358569145202636719 1.3343054056167602539 1.3363053798675537109 1.338305354118347168 1.3403054475784301758 1.3423054218292236328 1.3447141647338867188 1.3487610816955566406 1.3528081178665161133 1.3568551540374755859 1.3609020709991455078 1.3645497560501098633 1.3665966987609863281 1.368643641471862793 1.3706907033920288086 1.3727376461029052734 1.3740451335906982422 1.3723888397216796875 1.370732426643371582 1.3690760135650634766 1.3674196004867553711 1.3651299476623535156 1.3603017330169677734 1.3554735183715820313 1.3506453037261962891 1.3458172082901000977 1.3434038162231445313 1.3506696224212646484 1.3579354286193847656 1.3652012348175048828 1.3724669218063354492
1.3312450647354125977 1.3362885713577270508 1.3374979496002197266 1.3387073278427124023 1.3399167060852050781 1.3411260843276977539 1.3419268131256103516 1.3410891294479370117 1.3402515649795532227 1.3394140005111694336 1.3385764360427856445 1.338305354118347168 1.3403054475784301758 1.3423054218292236328 1.3443053960800170898 1.3463053703308105469 1.3483147621154785156 1.3503618240356445313 1.3524087667465209961 1.3544557094573974609 1.3565027713775634766 1.3581503629684448242 1.358197331428527832 1.3582442998886108398 1.3582912683486938477 1.3583383560180664063 1.3585244417190551758 1.3592679500579833984 1.3600115776062011719 1.3607552051544189453 1.3614988327026367188 1.3613694906234741211 1.3577413558959960938 1.3541131019592285156 1.3504849672317504883 1.3468567132949829102 1.3448446989059448242 1.3493105173110961914 1.3537763357162475586 1.3582421541213989258 1.3627078533172607422
1.3292450904846191406 1.3342086076736450195 1.3350180387496948242 1.3358274698257446289 1.3366367816925048828 1.3374462127685546875 1.3382462263107299805 1.3390086889266967773 1.3397710323333740234 1.3405334949493408203 1.3412958383560180664 1.3423054218292236328 1.3443053960800170898 1.3463053703308105469 1.3483053445816040039 1.3503054380416870117 1.3519154787063598633 1.3519624471664428711 1.3520094156265258789 1.3520563840866088867 1.3521033525466918945 1.3517509698867797852 1.3497979640960693359 1.3478449583053588867 1.3458919525146484375 1.3439389467239379883 1.3430036306381225586 1.3461471796035766602 1.3492908477783203125 1.3524345159530639648 1.3555780649185180664 1.3576091527938842773 1.3551809787750244141 1.3527528047561645508 1.3503245115280151367 1.3478963375091552734 1.346285700798034668 1.3479514122009277344 1.3496172428131103516 1.3512830734252929688 1.3529487848281860352
1.3272451162338256836 1.3321287631988525391 1.3325381278991699219 1.3329476118087768555 1.3333569765090942383 1.3337663412094116211 1.3345657587051391602 1.3369281291961669922 1.3392904996871948242 1.341652989387512207 1.3440153598785400391 1.3463053703308105469 1.3483053445816040039 1.3503054380416870117 1.3523054122924804688 1.3543053865432739258 1.3555160760879516602 1.3535630702972412109 1.3516100645065307617 1.3496570587158203125 1.3477040529251098633 1.3453516960144042969 1.3413987159729003906 1.3374456167221069336 1.3334926366806030273 1.3295395374298095703 1.3274828195571899414 1.3330264091491699219 1.3385701179504394531 1.3441137075424194336 1.3496572971343994141 1.3538488149642944336 1.3526206016540527344 1.3513923883438110352 1.3501641750335693359 1.3489359617233276367 1.3477265834808349609 1.3465923070907592773 1.3454581499099731445 1.3443238735198974609 1.3431897163391113281
1.3252450227737426758 1.3300489187240600586 1.3300583362579345703 1.330067753791809082 1.330077052116394043 1.3300864696502685547 1.3308851718902587891 1.334847569465637207 1.3388100862503051758 1.3427724838256835938 1.3467348814010620117 1.3503054380416870117 1.3523054122924804688 1.3543053865432739258 1.3563053607940673828 1.3583053350448608398 1.359116673469543457 1.3551636934280395508 1.3512107133865356445 1.3472577333450317383 1.3433046340942382813 1.3389523029327392578 1.3329993486404418945 1.3270462751388549805 1.3210932016372680664 1.3151402473449707031 1.3119620084762573242 1.3199056386947631836 1.327849268913269043 1.3357928991317749023 1.3437365293502807617 1.3500883579254150391 1.3500602245330810547 1.3500319719314575195 1.3500038385391235352 1.3499755859375 1.3491674661636352539 1.3452332019805908203 1.3412990570068359375 1.3373647928237915039 1.3334306478500366211
1.3284015655517578125 1.3321090936660766602 1.3328902721405029297 1.3336714506149291992 1.3344526290893554688 1.3352338075637817383 1.3364237546920776367 1.3392519950866699219 1.3420801162719726563 1.3449083566665649414 1.3477365970611572266 1.3500874042510986328 1.3505250215530395508 1.3509626388549804688 1.3514001369476318359 1.3518377542495727539 1.3515452146530151367 1.3483264446258544922 1.3451076745986938477 1.3418889045715332031 1.3386701345443725586 1.3352859020233154297 1.331238865852355957 1.3271919488906860352 1.3231449127197265625 1.3190978765487670898 1.3171443939208984375 1.3235820531845092773 1.3300195932388305664 1.3364572525024414063 1.3428947925567626953 1.34796905517578125 1.3475784063339233398 1.3471878767013549805 1.3467972278594970703 1.3464065790176391602 1.34545135498046875 1.3422324657440185547 1.3390136957168579102 1.3357949256896972656 1.3325761556625366211
1.3316820859909057617 1.3342688083648681641 1.3358500003814697266 1.3374311923980712891 1.3390123844146728516 1.3405935764312744141 1.3421841859817504883 1.3438123464584350586 1.3454405069351196289 1.34706878662109375 1.3486969470977783203 1.3497679233551025391 1.3486055135726928711 1.3474431037902832031 1.3462806940078735352 1.3451182842254638672 1.3437050580978393555 1.3412861824035644531 1.3388674259185791016 1.33644866943359375 1.3340297937393188477 1.3316853046417236328 1.3296382427215576172 1.3275913000106811523 1.3255442380905151367 1.3234972953796386719 1.3228249549865722656 1.3276625871658325195 1.3325002193450927734 1.3373377323150634766 1.3421753644943237305 1.3458892107009887695 1.3450984954833984375 1.3443078994750976563 1.343517303466796875 1.3427267074584960938 1.341611027717590332 1.3391922712326049805 1.3367733955383300781 1.3343546390533447266 1.331935882568359375
1.3349626064300537109 1.336428523063659668 1.3388097286224365234 1.3411909341812133789 1.3435721397399902344 1.3459533452987670898 1.3479444980621337891 1.3483726978302001953 1.3488008975982666016 1.3492290973663330078 1.3496572971343994141 1.3494484424591064453 1.3466860055923461914 1.3439236879348754883 1.3411612510681152344 1.3383988142013549805 1.3358647823333740234 1.3342459201812744141 1.3326271772384643555 1.3310084342956542969 1.3293895721435546875 1.3280845880508422852 1.3280376195907592773 1.3279906511306762695 1.3279436826705932617 1.3278965950012207031 1.3285055160522460938 1.3317431211471557617 1.3349807262420654297 1.3382183313369750977 1.3414559364318847656 1.3438092470169067383 1.3426187038421630859 1.3414280414581298828 1.3402374982833862305 1.3390468358993530273 1.3377708196640014648 1.3361519575119018555 1.3345332145690917969 1.3329143524169921875 1.3312956094741821289
