INPUT/RASTER/ASCII/bkd.asc
ncols        225
nrows        269
xllcorner    473000.000000000000
yllcorner    4429100.000000000000
cellsize     50.000000000000
NODATA_value -9999
[rows 174 to 202 of 269, columns 0 to 65 of 225]
-9999 -9999 -9999 117 117.599029541015625 120 120 120 120 119.800323486328125 119 119 119 119 118.800323486328125 118 118 118 118 118 118 118 118 118 118 118 118 118 118 118.199676513671875 119 119 119 119 119.199676513671875 120 120 120 120 120.39935302734375 122 122 122 122 121.001617431640625 117 117 117 117 117.39935302734375 119 119 119 119 119.39935302734375 121 121 121 121 121 121 121 121 121 121 121
-9999 -9999 -9999 117 117.599029541015625 120 120 120 120 119.800323486328125 119 119 119 119 118.800323486328125 118 118 118 118 118 118 118 118 118 118 118 118 118 118 118.199676513671875 119 119 119 119 119.199676513671875 120 120 120 120 120.39935302734375 122 122 122 122 121.001617431640625 117 117 117 117 117.39935302734375 119 119 119 119 119.39935302734375 121 121 121 121 121 121 121 121 121 121 121
118.95301055908203125 118.95301055908203125 118.95301055908203125 118.95301055908203125 118.96707916259765625 119.02349853515625 119.02349853515625 119.02349853515625 119.02349853515625 119.01880645751953125 119 119 119 119 118.800323486328125 118 118 118 118 118.19498443603515625 118.97650146484375 118.97650146484375 118.97650146484375 118.97650146484375 119.56145477294921875 121.90601348876953125 121.90601348876953125 121.90601348876953125 121.90601348876953125 121.32575225830078125 119 119 119 119 119.39466094970703125 120.97650146484375 120.97650146484375 120.97650146484375 120.97650146484375 120.595916748046875 119.07048797607421875 119.07048797607421875 119.07048797607421875 119.07048797607421875 119.047027587890625 118.95301055908203125 118.95301055908203125 118.95301055908203125 118.95301055908203125 119.157379150390625 119.97650146484375 119.97650146484375 119.97650146484375 119.97650146484375 119.9858856201171875 120.02349853515625 120.02349853515625 120.02349853515625 120.02349853515625 120.02349853515625 120.02349853515625 120.02349853515625 120.02349853515625 120.02349853515625 120.02349853515625 120.02349853515625
-9999 119 119 119 119 119 119 119 119 119 119 119 119 119 118.800323486328125 118 118 118 118 118.199676513671875 119 119 119 119 119.599029541015625 122 122 122 122 121.400970458984375 119 119 119 119 119.39935302734375 121 121 121 121 120.60064697265625 119 119 119 119 119 119 119 119 119 119.199676513671875 120 120 120 120 120 120 120 120 120 120 120 120 120 120 120 120
-9999 -9999 119 119 119 119 119 119 119 119 119 119 119 119 118.800323486328125 118 118 118 118 118.199676513671875 119 119 119 119 119.599029541015625 122 122 122 122 121.400970458984375 119 119 119 119 119.39935302734375 121 121 121 121 120.60064697265625 119 119 119 119 119 119 119 119 119 119.199676513671875 120 120 120 120 120 120 120 120 120 120 120 120 120 120 120 120
-9999 -9999 -9999 119 119 119 119 119 119 119 119 119 119 119 118.800323486328125 118 118 118 118 118.199676513671875 119 119 119 119 119.599029541015625 122 122 122 122 121.400970458984375 119 119 119 119 119.39935302734375 121 121 121 121 120.60064697265625 119 119 119 119 119 119 119 119 119 119.199676513671875 120 120 120 120 120 120 120 120 120 120 120 120 120 120 120 120
-9999 -9999 -9999 119 119 119 119 119 119 119 119 119 119 119 118.800323486328125 118 118 118 118 118.199676513671875 119 119 119 119 119.599029541015625 122 122 122 122 121.400970458984375 119 119 119 119 119.39935302734375 121 121 121 121 120.60064697265625 119 119 119 119 119 119 119 119 119 119.199676513671875 120 120 120 120 120 120 120 120 120 120 120 120 120 120 120 120
-9999 -9999 -9999 -9999 121.3445587158203125 119 119 119 119 118.80501556396484375 118.02349853515625 118.02349853515625 118.02349853515625 118.02349853515625 118.2137908935546875 118.97650146484375 118.97650146484375 118.97650146484375 118.97650146484375 119.37116241455078125 120.95301055908203125 120.95301055908203125 120.95301055908203125 120.95301055908203125 120.96707916259765625 121.02349853515625 121.02349853515625 121.02349853515625 121.02349853515625 121.00942230224609375 120.95301055908203125 120.95301055908203125 120.95301055908203125 120.95301055908203125 120.7674102783203125 120.02349853515625 120.02349853515625 120.02349853515625 120.02349853515625 119.6241455078125 118.02349853515625 118.02349853515625 118.02349853515625 118.02349853515625 118.4134674072265625 119.97650146484375 119.97650146484375 119.97650146484375 119.97650146484375 119.7862091064453125 119.02349853515625 119.02349853515625 119.02349853515625 119.02349853515625 119.02349853515625 119.02349853515625 119.02349853515625 119.02349853515625 119.02349853515625 119.21848297119140625 120 120 120 120 120 120
-9999 -9999 -9999 -9999 -9999 -9999 119 119 119 118.800323486328125 118 118 118 118 118.199676513671875 119 119 119 119 119.39935302734375 121 121 121 121 121 121 121 121 121 121 121 121 121 121 120.800323486328125 120 120 120 120 119.60064697265625 118 118 118 118 118.39935302734375 120 120 120 120 119.800323486328125 119 119 119 119 119 119 119 119 119 119.199676513671875 120 120 120 120 120 120
-9999 -9999 -9999 -9999 -9999 -9999 -9999 -9999 -9999 118.800323486328125 118 118 118 118 118.199676513671875 119 119 119 119 119.39935302734375 121 121 121 121 121 121 121 121 121 121 121 121 121 121 120.800323486328125 120 120 120 120 119.60064697265625 118 118 118 118 118.39935302734375 120 120 120 120 119.800323486328125 119 119 119 119 119 119 119 119 119 119.199676513671875 120 120 120 120 120 120
-9999 -9999 -9999 -9999 -9999 -9999 -9999 -9999 -9999 -9999 118 118 118 118 118.199676513671875 119 119 119 119 119.39935302734375 121 121 121 121 121 121 121 121 121 121 121 121 121 121 120.800323486328125 120 120 120 120 119.60064697265625 118 118 118 118 118.39935302734375 120 120 120 120 119.800323486328125 119 119 119 119 119 119 119 119 119 119.199676513671875 120 120 120 120 120 120
-9999 -9999 -9999 -9999 -9999 -9999 -9999 -9999 -9999 -9999 -9999 -9999 -9999 118 118.199676513671875 119 119 119 119 119.39935302734375 121 121 121 121 121 121 121 121 121 121 121 121 121 121 120.800323486328125 120 120 120 120 119.60064697265625 118 118 118 118 118.39935302734375 120 120 120 120 119.800323486328125 119 119 119 119 119 119 119 119 119 119.199676513671875 120 120 120 120 120 120
-9999 -9999 -9999 -9999 -9999 -9999 -9999 -9999 -9999 -9999 -9999 -9999 -9999 -9999 119.76271820068359375 119 119 119 119 119.0093841552734375 119.04698944091796875 119.04698944091796875 119.04698944091796875 119.04698944091796875 118.65702056884765625 117.09398651123046875 117.09398651123046875 117.09398651123046875 117.09398651123046875 117.288970947265625 118.07048797607421875 118.07048797607421875 118.07048797607421875 118.07048797607421875 118.845733642578125 121.95301055908203125 121.95301055908203125 121.95301055908203125 121.95301055908203125 121.55365753173828125 119.95301055908203125 119.95301055908203125 119.95301055908203125 119.95301055908203125 119.7674102783203125 119.02349853515625 119.02349853515625 119.02349853515625 119.02349853515625 119.40877532958984375 120.95301055908203125 120.95301055908203125 120.95301055908203125 120.95301055908203125 120.3680572509765625 118.02349853515625 118.02349853515625 118.02349853515625 118.02349853515625 118.223175048828125 119.02349853515625 119.02349853515625 119.02349853515625 119.02349853515625 118.6335296630859375 117.07048797607421875
-9999 -9999 -9999 -9999 -9999 -9999 -9999 -9999 -9999 -9999 -9999 -9999 -9999 -9999 -9999 119 119 119 119 119 119 119 119 119 118.60064697265625 117 117 117 117 117.199676513671875 118 118 118 118 118.7987060546875 122 122 122 122 121.60064697265625 120 120 120 120 119.800323486328125 119 119 119 119 119.39935302734375 121 121 121 121 120.400970458984375 118 118 118 118 118.199676513671875 119 119 119 119 118.60064697265625 117
-9999 -9999 -9999 -9999 -9999 -9999 -9999 -9999 -9999 -9999 -9999 -9999 -9999 -9999 -9999 119 119 119 119 119 119 119 119 119 118.60064697265625 117 117 117 117 117.199676513671875 118 118 118 118 118.7987060546875 122 122 122 122 121.60064697265625 120 120 120 120 119.800323486328125 119 119 119 119 119.39935302734375 121 121 121 121 120.400970458984375 118 118 118 118 118.199676513671875 119 119 119 119 118.60064697265625 117
-9999 -9999 -9999 -9999 -9999 -9999 -9999 -9999 -9999 -9999 -9999 -9999 -9999 -9999 -9999 -9999 119 119 119 119 119 119 119 119 118.60064697265625 117 117 117 117 117.199676513671875 118 118 118 118 118.7987060546875 122 122 122 122 121.60064697265625 120 120 120 120 119.800323486328125 119 119 119 119 119.39935302734375 121 121 121 121 120.400970458984375 118 118 118 118 118.199676513671875 119 119 119 119 118.60064697265625 117
-9999 -9999 -9999 -9999 -9999 -9999 -9999 -9999 -9999 -9999 -9999 -9999 -9999 -9999 -9999 119 119 119 119 119 119 119 119 119 118.60064697265625 117 117 117 117 117.199676513671875 118 118 118 118 118.7987060546875 122 122 122 122 121.60064697265625 120 120 120 120 119.800323486328125 119 119 119 119 119.39935302734375 121 121 121 121 120.400970458984375 118 118 118 118 118.199676513671875 119 119 119 119 118.60064697265625 117
-9999 -9999 -9999 -9999 -9999 -9999 -9999 -9999 -9999 -9999 -9999 -9999 -9999 -9999 -9999 120.95301055908203125 120.95301055908203125 120.95301055908203125 120.95301055908203125 120.56304168701171875 119 119 119 119 119.380584716796875 120.90601348876953125 120.90601348876953125 120.90601348876953125 120.90601348876953125 121.49565887451171875 123.8590240478515625 123.8590240478515625 123.8590240478515625 123.8590240478515625 123.68280792236328125 122.97650146484375 122.97650146484375 122.97650146484375 122.97650146484375 122.5771484375 120.97650146484375 120.97650146484375 120.97650146484375 120.97650146484375 120.776824951171875 119.97650146484375 119.97650146484375 119.97650146484375 119.97650146484375 120.18087005615234375 121 121 121 121 120.7909393310546875 119.95301055908203125 119.95301055908203125 119.95301055908203125 119.95301055908203125 119.76271820068359375 119 119 119 119 118.9906158447265625 118.95301055908203125
-9999 -9999 -9999 -9999 -9999 -9999 -9999 -9999 -9999 -9999 -9999 -9999 -9999 -9999 -9999 -9999 121 121 121 120.60064697265625 119 119 119 119 119.39935302734375 121 121 121 121 121.599029541015625 124 124 124 124 123.800323486328125 123 123 123 123 122.60064697265625 121 121 121 121 120.800323486328125 120 120 120 120 120.199676513671875 121 121 121 121 120.800323486328125 120 120 120 120 119.800323486328125 119 119 119 119 119 119
-9999 -9999 -9999 -9999 -9999 -9999 -9999 -9999 -9999 -9999 -9999 -9999 -9999 -9999 -9999 -9999 121 121 121 120.60064697265625 119 119 119 119 119.39935302734375 121 121 121 121 121.599029541015625 124 124 124 124 123.800323486328125 123 123 123 123 122.60064697265625 121 121 121 121 120.800323486328125 120 120 120 120 120.199676513671875 121 121 121 121 120.800323486328125 120 120 120 120 119.800323486328125 119 119 119 119 119 119
-9999 -9999 -9999 -9999 -9999 -9999 -9999 -9999 -9999 -9999 -9999 -9999 -9999 -9999 -9999 -9999 121 121 121 120.60064697265625 119 119 119 119 119.39935302734375 121 121 121 121 121.599029541015625 124 124 124 124 123.800323486328125 123 123 123 123 122.60064697265625 121 121 121 121 120.800323486328125 120 120 120 120 120.199676513671875 121 121 121 121 120.800323486328125 120 120 120 120 119.800323486328125 119 119 119 119 119 119
-9999 -9999 -9999 -9999 -9999 -9999 -9999 -9999 -9999 -9999 -9999 -9999 -9999 -9999 -9999 -9999 -9999 -9999 -9999 -9999 -9999 -9999 119 119 119.39935302734375 121 121 121 121 121.599029541015625 124 124 124 124 123.800323486328125 123 123 123 123 122.60064697265625 121 121 121 121 120.800323486328125 120 120 120 120 120.199676513671875 121 121 121 121 120.800323486328125 120 120 120 120 119.800323486328125 119 119 119 119 119 119
-9999 -9999 -9999 -9999 -9999 -9999 -9999 -9999 -9999 -9999 -9999 -9999 -9999 -9999 -9999 -9999 -9999 -9999 -9999 -9999 -9999 -9999 -9999 119 120.179290771484375 124.90601348876953125 124.90601348876953125 124.90601348876953125 124.90601348876953125 125.11507415771484375 125.95301055908203125 125.95301055908203125 125.95301055908203125 125.95301055908203125 125.75333404541015625 124.95301055908203125 124.95301055908203125 124.95301055908203125 124.95301055908203125 124.358673095703125 121.97650146484375 121.97650146484375 121.97650146484375 121.97650146484375 121.776824951171875 120.97650146484375 120.97650146484375 120.97650146484375 120.97650146484375 120.98119354248046875 121 121 121 121 120.99530792236328125 120.97650146484375 120.97650146484375 120.97650146484375 120.97650146484375 120.58184051513671875 119 119 119 119 119.19498443603515625 119.97650146484375
-9999 -9999 -9999 -9999 -9999 -9999 -9999 -9999 -9999 -9999 -9999 -9999 -9999 -9999 -9999 -9999 -9999 -9999 -9999 -9999 -9999 -9999 -9999 -9999 -9999 -9999 125 125 125 125.199676513671875 126 126 126 126 125.800323486328125 125 125 125 125 124.400970458984375 122 122 122 122 121.800323486328125 121 121 121 121 121 121 121 121 121 121 121 121 121 121 120.60064697265625 119 119 119 119 119.199676513671875 120
-9999 -9999 -9999 -9999 -9999 -9999 -9999 -9999 -9999 -9999 -9999 -9999 -9999 -9999 -9999 -9999 -9999 -9999 -9999 -9999 -9999 -9999 -9999 -9999 -9999 -9999 -9999 125 125 125.199676513671875 126 126 126 126 125.800323486328125 125 125 125 125 124.400970458984375 122 122 122 122 121.800323486328125 121 121 121 121 121 121 121 121 121 121 121 121 121 121 120.60064697265625 119 119 119 119 119.199676513671875 120
-9999 -9999 -9999 -9999 -9999 -9999 -9999 -9999 -9999 -9999 -9999 -9999 -9999 -9999 -9999 -9999 -9999 -9999 -9999 -9999 -9999 -9999 -9999 -9999 -9999 -9999 -9999 125 125 125.199676513671875 126 126 126 126 125.800323486328125 125 125 125 125 124.400970458984375 122 122 122 122 121.800323486328125 121 121 121 121 121 121 121 121 121 121 121 121 121 121 120.60064697265625 119 119 119 119 119.199676513671875 120
-9999 -9999 -9999 -9999 -9999 -9999 -9999 -9999 -9999 -9999 -9999 -9999 -9999 -9999 -9999 -9999 -9999 -9999 -9999 -9999 -9999 -9999 -9999 -9999 -9999 -9999 -9999 125 125 125.199676513671875 126 126 126 126 125.800323486328125 125 125 125 125 124.400970458984375 122 122 122 122 121.800323486328125 121 121 121 121 121 121 121 121 121 121 121 121 121 121 120.60064697265625 119 119 119 119 119.199676513671875 120
-9999 -9999 -9999 -9999 -9999 -9999 -9999 -9999 -9999 -9999 -9999 -9999 -9999 -9999 -9999 -9999 -9999 -9999 -9999 -9999 -9999 -9999 -9999 -9999 -9999 -9999 124.02349853515625 124.02349853515625 124.02349853515625 123.63822174072265625 122.09398651123046875 -9999 122.09398651123046875 122.09398651123046875 122.4792633056640625 124.02349853515625 124.02349853515625 124.02349853515625 124.02349853515625 124.20440673828125 124.92951202392578125 124.92951202392578125 124.92951202392578125 124.92951202392578125 124.72983551025390625 123.92951202392578125 123.92951202392578125 123.92951202392578125 123.92951202392578125 123.14957427978515625 120.02349853515625 120.02349853515625 120.02349853515625 120.02349853515625 119.82851409912109375 119.04698944091796875 119.04698944091796875 119.04698944091796875 119.04698944091796875 119.42757415771484375 120.95301055908203125 120.95301055908203125 120.95301055908203125 120.95301055908203125 120.76271820068359375 120
-9999 -9999 -9999 -9999 -9999 -9999 -9999 -9999 -9999 -9999 -9999 -9999 -9999 -9999 -9999 -9999 -9999 -9999 -9999 -9999 -9999 -9999 -9999 -9999 -9999 -9999 124 124 124 -9999 -9999 -9999 122 122 122.39935302734375 124 124 124 124 124.199676513671875 125 125 125 125 124.800323486328125 124 124 124 124 123.2012939453125 120 120 120 120 119.800323486328125 119 119 119 119 119.39935302734375 121 121 121 121 120.800323486328125 120
