INPUT/RASTER/ASCII/bkd.asc
ncols        225
nrows        269
xllcorner    473009.983799999987
yllcorner    4429051.174800000153
cellsize     50.000000000000
NODATA_value -9999
[rows 90 to 107 of 269, columns 0 to 40 of 225]
-9999 -9999 -9999 -9999 -9999 -9999 -9999 0 0 0 0 0 0 0 0 0 0 0.054311871528625488281 0.32631188631057739258 0.59831190109252929688 0.87031185626983642578 1.1423119306564331055 1.3056881427764892578 1.0336881875991821289 0.76168811321258544922 0.48968812823295593262 0.21768812835216522217 0.089336171746253967285 0.47399827837944030762 0.77814108133316040039 1.0246511697769165039 1.2284923791885375977 1.3673074245452880859 1.364544987678527832 1.3617826700210571289 1.359020233154296875 1.3562577962875366211 1.3543608188629150391 1.3559327125549316406 1.3575044870376586914 1.3590762615203857422
-9999 -9999 -9999 -9999 -9999 -9999 -9999 0 0 0 0 0 0 0 0 0 0 0.054311871528625488281 0.32631188631057739258 0.59831190109252929688 0.87031185626983642578 1.1423119306564331055 1.3056881427764892578 1.0336881875991821289 0.76168811321258544922 0.48968812823295593262 0.21768812835216522217 0.068285010755062103271 0.39037322998046875 0.68267399072647094727 0.94913685321807861328 1.193042755126953125 1.3729879856109619141 1.3686255216598510742 1.3642631769180297852 1.3599007129669189453 1.3555383682250976563 1.3526004552841186523 1.355372309684753418 1.3581440448760986328 1.3609158992767333984
-9999 -9999 -9999 -9999 -9999 -9999 -9999 0 0 0 0 0 0 0 0 0 0 0.054311871528625488281 0.32631188631057739258 0.59831190109252929688 0.87031185626983642578 1.1423119306564331055 1.3056881427764892578 1.0336881875991821289 0.76168811321258544922 0.48968812823295593262 0.21768812835216522217 0.055354680866003036499 0.33226349949836730957 0.60865044593811035156 0.88451695442199707031 1.1598645448684692383 1.3786684274673461914 1.3727060556411743164 1.3667436838150024414 1.3607813119888305664 1.3548188209533691406 1.3508400917053222656 1.3548119068145751953 1.358783721923828125 1.3627555370330810547
-9999 -9999 -9999 -9999 -9999 -9999 -9999 0.2656090855598449707 0.2656090855598449707 0.2656090855598449707 0.2656090855598449707 0.2656090855598449707 0.2653751075267791748 0.26420331001281738281 0.26303151249885559082 0.26185968518257141113 0.26068788766860961914 0.30353277921676635742 0.52280157804489135742 0.74207037687301635742 0.96133911609649658203 1.180607914924621582 1.3123112916946411133 1.0930424928665161133 0.87377369403839111328 0.65450495481491088867 0.43523615598678588867 0.3043314814567565918 0.52760028839111328125 0.75086903572082519531 0.97413784265518188477 1.1974066495895385742 1.3751299381256103516 1.3703017234802246094 1.3654735088348388672 1.360645294189453125 1.3558171987533569336 1.3526737689971923828 1.3562831878662109375 1.3598924875259399414 1.3635019063949584961
-9999 -9999 -9999 -9999 -9999 -9999 -9999 0.537609100341796875 0.537609100341796875 0.537609100341796875 0.537609100341796875 0.537609100341796875 0.53713548183441162109 0.53476369380950927734 0.53239190578460693359 0.53002011775970458984 0.5276482701301574707 0.55875027179718017578 0.72401905059814453125 0.88928788900375366211 1.0545566082000732422 1.2198253870010375977 1.3190938234329223633 1.1538250446319580078 0.98855620622634887695 0.82328742742538452148 0.65801864862442016602 0.55954897403717041016 0.72881776094436645508 0.8980865478515625 1.0673553943634033203 1.2366241216659545898 1.371369481086730957 1.3677413463592529297 1.3641130924224853516 1.3604849576950073242 1.3568567037582397461 1.3545938730239868164 1.3578032255172729492 1.3610126972198486328 1.3642220497131347656
-9999 -9999 -9999 -9999 -9999 -9999 -9999 0.8096091151237487793 0.8096091151237487793 0.8096091151237487793 0.8096091151237487793 0.8096091151237487793 0.80889588594436645508 0.80532407760620117188 0.80175226926803588867 0.79818046092987060547 0.79460871219635009766 0.81396782398223876953 0.92523658275604248047 1.0365053415298461914 1.1477741003036499023 1.2590429782867431641 1.3258763551712036133 1.2146074771881103516 1.1033387184143066406 0.99206995964050292969 0.88080114126205444336 0.81476652622222900391 0.9300352931022644043 1.0453040599822998047 1.1605728864669799805 1.2758415937423706055 1.3676091432571411133 1.36518096923828125 1.3627527952194213867 1.3603245019912719727 1.3578963279724121094 1.35651397705078125 1.3593233823776245117 1.3621327877044677734 1.3649421930313110352
-9999 -9999 -9999 -9999 -9999 -9999 -9999 1.0816091299057006836 1.0816091299057006836 1.0816091299057006836 1.0816091299057006836 1.0816091299057006836 1.0806562900543212891 1.0758844614028930664 1.0711126327514648438 1.0663409233093261719 1.0615690946578979492 1.0691852569580078125 1.1264541149139404297 1.1837228536605834961 1.2409915924072265625 1.2982604503631591797 1.3326587677001953125 1.2753900289535522461 1.2181212902069091797 1.1608524322509765625 1.1035836935043334961 1.0699839591979980469 1.1312527656555175781 1.1925215721130371094 1.2537903785705566406 1.3150590658187866211 1.3638488054275512695 1.3626205921173095703 1.3613923788070678711 1.3601641654968261719 1.3589359521865844727 1.3584340810775756836 1.3608435392379760742 1.3632528781890869141 1.3656623363494873047
-9999 -9999 -9999 -9999 -9999 -9999 -9999 1.3536090850830078125 1.3536090850830078125 1.3536090850830078125 1.3536090850830078125 1.3536090850830078125 1.3524166345596313477 1.3464448451995849609 1.3404730558395385742 1.3345012664794921875 1.3285294771194458008 1.3244028091430664063 1.3276715278625488281 1.3309403657913208008 1.3342092037200927734 1.3374779224395751953 1.3394412994384765625 1.3361725807189941406 1.332903742790222168 1.3296350240707397461 1.3263661861419677734 1.3252015113830566406 1.3324702978134155273 1.3397390842437744141 1.3470078706741333008 1.3542766571044921875 1.360088348388671875 1.3600602149963378906 1.3600319623947143555 1.3600038290023803711 1.3599755764007568359 1.360354304313659668 1.3623636960983276367 1.3643730878829956055 1.3663824796676635742
-9999 -9999 -9999 -9999 -9999 -9999 -9999 1.3600000143051147461 1.3600000143051147461 1.3600000143051147461 1.3600000143051147461 1.3600000143051147461 1.3589580059051513672 1.3537391424179077148 1.3485203981399536133 1.3433015346527099609 1.3380827903747558594 1.334227442741394043 1.3358367681503295898 1.3374462127685546875 1.3390556573867797852 1.340664982795715332 1.3415536880493164063 1.3395537137985229492 1.3375537395477294922 1.3355536460876464844 1.3335536718368530273 1.3330731391906738281 1.3386825323104858398 1.3442919254302978516 1.3499013185501098633 1.355510711669921875 1.3596880435943603516 1.3581256866455078125 1.3565632104873657227 1.3550008535385131836 1.3534383773803710938 1.3524312973022460938 1.3536500930786132813 1.3548688888549804688 1.3560876846313476563
-9999 -9999 -9999 -9999 -9999 -9999 -9999 1.3600000143051147461 1.3600000143051147461 1.3600000143051147461 1.3600000143051147461 1.3600000143051147461 1.3591177463531494141 1.3546988964080810547 1.3502800464630126953 1.3458613157272338867 1.3414424657821655273 1.3381475210189819336 1.3393568992614746094 1.3405662775039672852 1.3417757749557495117 1.3429851531982421875 1.3435536623001098633 1.3415536880493164063 1.3395537137985229492 1.3375537395477294922 1.3355536460876464844 1.3349932432174682617 1.3402026891708374023 1.3454120159149169922 1.3506214618682861328 1.3558307886123657227 1.3593685626983642578 1.3562061786651611328 1.3530437946319580078 1.349881291389465332 1.346718907356262207 1.3442716598510742188 1.3446904420852661133 1.3451092243194580078 1.3455280065536499023
-9999 -9999 -9999 -9999 -9999 -9999 -9999 1.3600000143051147461 1.3600000143051147461 1.3600000143051147461 1.3600000143051147461 1.3600000143051147461 1.3592774868011474609 1.3556586503982543945 1.3520398139953613281 1.3484210968017578125 1.3448022603988647461 1.342067718505859375 1.3428770303726196289 1.3436864614486694336 1.3444958925247192383 1.3453052043914794922 1.3455536365509033203 1.3435536623001098633 1.3415536880493164063 1.3395537137985229492 1.3375537395477294922 1.3369133472442626953 1.3417227268218994141 1.3465321063995361328 1.3513416051864624023 1.3561509847640991211 1.3590490818023681641 1.3542866706848144531 1.3495242595672607422 1.3447618484497070313 1.3399994373321533203 1.336111903190612793 1.3357306718826293945 1.3353494405746459961 1.3349682092666625977
-9999 -9999 -9999 -9999 -9999 -9999 -9999 1.3600000143051147461 1.3600000143051147461 1.3600000143051147461 1.3600000143051147461 1.3600000143051147461 1.3594372272491455078 1.3566184043884277344 1.3537995815277099609 1.3509807586669921875 1.3481619358062744141 1.3459877967834472656 1.3463971614837646484 1.346806645393371582 1.3472160100936889648 1.3476253747940063477 1.3475537300109863281 1.3455536365509033203 1.3435536623001098633 1.3415536880493164063 1.3395537137985229492 1.3388334512710571289 1.3432428836822509766 1.3476523160934448242 1.3520616292953491211 1.3564710617065429688 1.3587296009063720703 1.3523671627044677734 1.3460048437118530273 1.3396424055099487305 1.3332799673080444336 1.3279521465301513672 1.3267709016799926758 1.3255896568298339844 1.3244085311889648438
-9999 -9999 -9999 -9999 -9999 -9999 -9999 1.3600000143051147461 1.3600000143051147461 1.3600000143051147461 1.3600000143051147461 1.3600000143051147461 1.3595969676971435547 1.3575781583786010742 1.3555593490600585938 1.3535405397415161133 1.3515217304229736328 1.3499078750610351563 1.349917292594909668 1.3499267101287841797 1.3499361276626586914 1.3499455451965332031 1.3495537042617797852 1.3475537300109863281 1.3455536365509033203 1.3435536623001098633 1.3415536880493164063 1.3407536745071411133 1.3447630405426025391 1.3487724065780639648 1.3527817726135253906 1.3567912578582763672 1.3584101200103759766 1.3504477739334106445 1.3424853086471557617 1.3345229625701904297 1.3265604972839355469 1.3197923898696899414 1.3178112506866455078 1.3158299922943115234 1.3138487339019775391
-9999 -9999 0 0 0 0 0 0.23777125775814056396 0.83657515048980712891 1.0845013856887817383 1.2200703620910644531 1.3055509328842163086 1.3537416458129882813 1.3517416715621948242 1.3497416973114013672 1.3477416038513183594 1.3457416296005249023 1.3442970514297485352 1.3450782299041748047 1.3458594083786010742 1.3466405868530273438 1.3474217653274536133 1.3476476669311523438 1.3456476926803588867 1.3436477184295654297 1.3416476249694824219 1.3396476507186889648 1.3387677669525146484 1.3423771858215332031 1.345986485481262207 1.3495959043502807617 1.3532053232192993164 1.3549646139144897461 1.3493081331253051758 1.3436517715454101563 1.3379954099655151367 1.3323390483856201172 1.3272566795349121094 1.3244755268096923828 1.3216942548751831055 1.3189131021499633789
-9999 -9999 0 0 0 0 0 0.12835459411144256592 0.59858036041259765625 0.89682209491729736328 1.1028466224670410156 1.2536978721618652344 1.3477416038513183594 1.3457416296005249023 1.3437416553497314453 1.3417416810989379883 1.3397417068481445313 1.3384567499160766602 1.3400379419326782227 1.3416191339492797852 1.3432003259658813477 1.3447815179824829102 1.3456476926803588867 1.3436477184295654297 1.3416476249694824219 1.3396476507186889648 1.3376476764678955078 1.336687922477722168 1.3398972749710083008 1.3431066274642944336 1.3463160991668701172 1.34952545166015625 1.3514437675476074219 1.3481874465942382813 1.3449310064315795898 1.3416745662689208984 1.3384182453155517578 1.3350969552993774414 1.3315157890319824219 1.3279345035552978516 1.324353337287902832
-9999 -9999 0 0 0 0 0 0.087656505405902862549 0.46508631110191345215 0.76351070404052734375 1.0053861141204833984 1.2053946256637573242 1.3417416810989379883 1.3397417068481445313 1.3377416133880615234 1.3357416391372680664 1.3337416648864746094 1.3326164484024047852 1.3349976539611816406 1.3373788595199584961 1.3397600650787353516 1.342141270637512207 1.3436477184295654297 1.3416476249694824219 1.3396476507186889648 1.3376476764678955078 1.3356477022171020508 1.3346079587936401367 1.3374173641204833984 1.3402267694473266602 1.3430361747741699219 1.3458455801010131836 1.3479230403900146484 1.3470666408538818359 1.3462102413177490234 1.3453538417816162109 1.3444974422454833984 1.3429372310638427734 1.3385560512542724609 1.3341748714447021484 1.3297935724258422852
-9999 -9999 0 0 0 0 0 0.066410310566425323486 0.37965589761734008789 0.66393178701400756836 0.9230791926383972168 1.1602889299392700195 1.3357416391372680664 1.3337416648864746094 1.3317416906356811523 1.3297417163848876953 1.3277416229248046875 1.3267762660980224609 1.3299574851989746094 1.333138585090637207 1.3363198041915893555 1.3395010232925415039 1.3416476249694824219 1.3396476507186889648 1.3376476764678955078 1.3356477022171020508 1.3336477279663085938 1.3325281143188476563 1.3349375724792480469 1.3373469114303588867 1.3397563695907592773 1.3421657085418701172 1.3444021940231323242 1.3459458351135253906 1.347489476203918457 1.3490331172943115234 1.3505766391754150391 1.3507775068283081055 1.3455963134765625 1.3404151201248168945 1.3352339267730712891
-9999 -9999 0 0 0 0 0 0.053360182791948318481 0.32029163837432861328 0.58671998977661132813 0.85264676809310913086 1.1180732250213623047 1.3297417163848876953 1.3277416229248046875 1.3257416486740112305 1.3237416744232177734 1.3217417001724243164 1.3209359645843505859 1.3249171972274780273 1.3288984298706054688 1.3328795433044433594 1.3368607759475708008 1.3396476507186889648 1.3376476764678955078 1.3356477022171020508 1.3336477279663085938 1.3316476345062255859 1.3304482698440551758 1.3324576616287231445 1.3344670534133911133 1.336476445198059082 1.3384858369827270508 1.3408814668655395508 1.3448250293731689453 1.3487687110900878906 1.3527122735977172852 1.3566558361053466797 1.3586177825927734375 1.3526365756988525391 1.3466553688049316406 1.3406741619110107422
