INPUT/RASTER/ASCII/blue2021.asc
ncols        225
nrows        269
xllcorner    473009.983799999987
yllcorner    4429051.174800000153
cellsize     50.000000000000
NODATA_value -9999
[rows 0 to 17 of 269, columns 41 to 81 of 225]
-9999 -9999 -9999 -9999 -9999 -9999 -9999 -9999 -9999 -9999 -9999 -9999 -9999 -9999 -9999 -9999 -9999 -9999 -9999 -9999 -9999 -9999 -9999 -9999 -9999 -9999 -9999 -9999 -9999 -9999 -9999 -9999 -9999 -9999 -9999 -9999 -9999 -9999 -9999 -9999 -9999
-9999 -9999 -9999 -9999 -9999 -9999 -9999 -9999 -9999 -9999 -9999 -9999 -9999 -9999 -9999 -9999 -9999 -9999 -9999 -9999 -9999 -9999 -9999 -9999 -9999 -9999 -9999 -9999 -9999 -9999 -9999 -9999 -9999 -9999 -9999 -9999 -9999 -9999 -9999 -9999 -9999
-9999 -9999 -9999 -9999 -9999 -9999 -9999 -9999 -9999 -9999 -9999 -9999 -9999 -9999 -9999 -9999 -9999 -9999 -9999 -9999 -9999 -9999 -9999 -9999 -9999 -9999 -9999 -9999 -9999 -9999 -9999 -9999 -9999 -9999 -9999 -9999 -9999 -9999 -9999 -9999 -9999
-9999 -9999 -9999 -9999 -9999 -9999 0.11064437031745910645 0.10944384336471557617 0.11195713281631469727 -9999 -9999 -9999 -9999 -9999 -9999 -9999 -9999 -9999 -9999 0.10555323958396911621 0.10917945951223373413 0.11613120883703231812 0.11065969616174697876 0.11082029342651367188 0.11341695487499237061 0.11141098290681838989 -9999 -9999 -9999 -9999 -9999 -9999 -9999 -9999 -9999 -9999 -9999 -9999 -9999 -9999 -9999
-9999 -9999 -9999 -9999 -9999 0.11427821218967437744 0.11007247865200042725 0.10870064049959182739 0.1082439124584197998 0.11831751465797424316 0.11697108298540115356 0.10924957692623138428 0.11945413798093795776 0.1195255964994430542 0.11564323306083679199 0.10360912978649139404 0.10438580811023712158 0.11059243977069854736 0.10532950609922409058 0.10257693380117416382 0.10598993301391601563 0.11375755816698074341 0.11590684205293655396 0.11956984549760818481 0.12323069572448730469 0.11903121322393417358 0.12466333061456680298 -9999 -9999 -9999 -9999 -9999 -9999 -9999 -9999 -9999 -9999 -9999 -9999 -9999 -9999
-9999 -9999 -9999 -9999 0.11390624195337295532 0.1100475117564201355 0.11660103499889373779 0.10968378186225891113 0.10788759589195251465 0.11295776069164276123 0.11851035803556442261 0.12142857909202575684 0.12296347320079803467 0.12316919863224029541 0.1181731298565864563 0.10472723841667175293 0.10709898173809051514 0.10987269133329391479 0.1057448461651802063 0.10271713882684707642 0.1042125895619392395 0.10562803596258163452 0.11101335287094116211 0.11862029135227203369 0.12319125980138778687 0.12025827914476394653 0.11708733439445495605 0.11403574049472808838 0.11909999698400497437 -9999 -9999 -9999 -9999 -9999 -9999 -9999 -9999 -9999 -9999 -9999 -9999
-9999 0.097872681915760040283 0.097632139921188354492 0.11030546575784683228 0.10983925312757492065 0.11004318296909332275 0.11870835721492767334 0.11629515141248703003 0.10826339572668075562 0.10883741080760955811 0.11253968626260757446 0.12501966953277587891 0.12138327956199645996 0.12505808472633361816 0.12119439244270324707 0.10648576170206069946 0.10647896677255630493 0.11207791417837142944 0.11586630344390869141 0.11179209500551223755 0.1030877530574798584 0.10253066569566726685 0.10698710381984710693 0.11214385926723480225 0.12040434032678604126 0.11935088038444519043 0.1125437319278717041 0.11353742331266403198 0.11008469760417938232 0.1117002442479133606 -9999 -9999 -9999 -9999 -9999 -9999 -9999 -9999 -9999 -9999 -9999
0.10633870959281921387 0.10216266661882400513 0.099285639822483062744 0.1044982224702835083 0.1102108880877494812 0.10732675343751907349 0.11279224604368209839 0.12178394943475723267 0.1152195855975151062 0.1145305335521697998 0.12112514674663543701 0.12666554749011993408 0.12152039259672164917 0.11962531507015228271 0.12032181769609451294 0.10900103300809860229 0.11383970826864242554 0.11372707784175872803 0.10830751806497573853 0.10161422193050384521 0.10334244370460510254 0.10538955032825469971 0.10921349376440048218 0.10943212360143661499 0.11474397778511047363 0.11762093007564544678 0.11607131361961364746 0.10869827866554260254 0.10743051767349243164 0.10729353129863739014 0.10335511714220046997 -9999 -9999 -9999 -9999 -9999 -9999 -9999 -9999 -9999 -9999
0.10928227007389068604 0.10426165163516998291 0.10385886579751968384 0.10279345512390136719 0.10892648994922637939 0.10303555428981781006 0.10720243304967880249 0.12249712646007537842 0.1298325657844543457 0.12478110939264297485 0.13302659988403320313 0.130220070481300354 0.12191715836524963379 0.11577064543962478638 0.119551829993724823 0.11369948089122772217 0.11584419757127761841 0.1105840727686882019 0.10084664821624755859 0.097673803567886352539 0.10141191631555557251 0.10257850587368011475 0.10339839011430740356 0.10909751057624816895 0.11072459816932678223 0.11590841412544250488 0.11420649290084838867 0.10618092119693756104 0.099889643490314483643 0.10330890864133834839 0.10618294775485992432 0.10414765775203704834 -9999 -9999 -9999 -9999 -9999 -9999 -9999 -9999 -9999
0.10276073962450027466 0.1073148772120475769 0.10574226826429367065 0.10833142697811126709 0.1101964116096496582 0.1069752126932144165 0.10726030170917510986 0.12056930363178253174 0.12826633453369140625 0.12597349286079406738 0.13101561367511749268 0.12683145701885223389 0.11668653041124343872 0.1144100874662399292 0.11470052599906921387 0.11302147060632705688 0.11490735411643981934 0.10574007034301757813 0.10017629712820053101 0.097545839846134185791 0.10241754353046417236 0.10149122774600982666 0.097895659506320953369 0.1031662672758102417 0.10645639896392822266 0.11342785507440567017 0.10850714892148971558 0.10065828263759613037 0.09794737398624420166 0.10583395510911941528 0.10775807499885559082 0.10678237676620483398 0.11249098926782608032 0.11590000241994857788 -9999 -9999 -9999 -9999 -9999 -9999 -9999
0.096703156828880310059 0.10290357470512390137 0.1044724583625793457 0.10563459992408752441 0.1079486161470413208 0.10731748491525650024 0.1083777695894241333 0.11247547715902328491 0.12235229462385177612 0.1345777660608291626 0.13081094622611999512 0.11675070226192474365 0.11388111859560012817 0.11418108642101287842 0.11426870524883270264 0.11197410523891448975 0.10931764543056488037 0.10388660430908203125 0.097812175750732421875 0.10143453627824783325 0.10479849576950073242 0.10343847423791885376 0.099874489009380340576 0.099922209978103637695 0.10241883993148803711 0.10663632303476333618 0.10286530107259750366 0.098733775317668914795 0.1021413952112197876 0.10364153236150741577 0.10242616385221481323 0.10318025946617126465 0.10828542709350585938 0.099550954997539520264 0.098544947803020477295 0.099699996411800384521 -9999 -9999 -9999 -9999 -9999
0.096963383257389068604 0.10169925540685653687 0.10306926071643829346 0.1047800108790397644 0.11363893002271652222 0.11386808007955551147 0.11087282001972198486 0.11517996340990066528 0.1333109438419342041 0.1420319676399230957 0.12567694485187530518 0.1133446618914604187 0.11361127346754074097 0.11986209452152252197 0.10956466197967529297 0.1070780828595161438 0.10401568561792373657 0.10186874121427536011 0.097269035875797271729 0.10335576534271240234 0.1017866283655166626 0.10166808217763900757 0.099261350929737091064 0.10191061347723007202 0.10568893700838088989 0.10533768683671951294 0.10022573173046112061 0.096834063529968261719 0.10103107243776321411 0.10094244033098220825 0.098903790116310119629 0.099969185888767242432 0.10235377401113510132 0.099139593541622161865 0.099763974547386169434 0.10197357833385467529 0.10028569400310516357 0.10049109160900115967 0.097627513110637664795 0.10032140463590621948 0.10540711879730224609
0.098504930734634399414 0.10465572774410247803 0.10472937673330307007 0.10521519929170608521 0.10827896744012832642 0.10959156602621078491 0.11141397804021835327 0.12444803118705749512 0.13985194265842437744 0.12688322365283966064 0.11181226372718811035 0.11710660159587860107 0.11910779774188995361 0.11683364212512969971 0.10240113735198974609 0.10113496333360671997 0.10061668604612350464 0.10062429308891296387 0.099264927208423614502 0.10178886353969573975 0.10194007307291030884 0.10057393461465835571 0.099395692348480224609 0.10250228643417358398 0.10298478603363037109 0.099135868251323699951 0.096362404525279998779 0.095550954341888427734 0.097510427236557006836 0.096263073384761810303 0.096541278064250946045 0.097908005118370056152 0.097373604774475097656 0.098838515579700469971 0.10074535012245178223 0.098324611783027648926 0.097588561475276947021 0.097982414066791534424 0.095901153981685638428 0.098548136651515960693 0.10185170918703079224
0.099621668457984924316 0.10191892832517623901 0.10366376489400863647 0.10657494515180587769 0.10398609936237335205 0.1099333837628364563 0.12077786028385162354 0.13671799004077911377 0.13828167319297790527 0.11450709402561187744 0.11236011981964111328 0.12047635018825531006 0.11480008065700531006 0.10688644647598266602 0.10103597491979598999 0.10370217263698577881 0.1033657565712928772 0.09991410374641418457 0.098676659166812896729 0.098486877977848052979 0.10205732285976409912 0.098946213722229003906 0.098582044243812561035 0.10213339328765869141 0.10155737400054931641 0.096398234367370605469 0.095139957964420318604 0.097575768828392028809 0.098127335309982299805 0.096267573535442352295 0.09711144864559173584 0.096497043967247009277 0.094837397336959838867 0.097722120583057403564 0.096096672117710113525 0.09339799731969833374 0.092612296342849731445 0.093487270176410675049 0.09645156562328338623 0.097320646047592163086 0.098494619131088256836
0.098089277744293212891 0.099919021129608154297 0.10253482311964035034 0.10168354213237762451 0.10597009211778640747 0.11695937067270278931 0.13639727234840393066 0.14070817828178405762 0.13058514893054962158 0.11091417074203491211 0.10937277227640151978 0.10772064328193664551 0.10654679685831069946 0.10325733572244644165 0.1090722009539604187 0.10835162550210952759 0.1002373620867729187 0.098849773406982421875 0.0983312949538230896 0.098273076117038726807 0.10172589123249053955 0.10117492824792861938 0.10005547106266021729 0.099019318819046020508 0.098248369991779327393 0.098815880715847015381 0.096338510513305664063 0.097823441028594970703 0.10005751252174377441 0.099231980741024017334 0.10108850151300430298 0.10107889771461486816 0.098636053502559661865 0.096421234309673309326 0.094428502023220062256 0.092844195663928985596 0.092029638588428497314 0.092500515282154083252 0.097698591649532318115 0.099079698324203491211 0.10121096670627593994
0.094935297966003417969 0.099629469215869903564 0.10473799705505371094 0.10891906172037124634 0.1131084635853767395 0.12898947298526763916 0.13827605545520782471 0.13090635836124420166 0.12110918015241622925 0.10963218659162521362 0.10516367852687835693 0.10436709970235824585 0.10322488099336624146 0.10571570694446563721 0.11480674147605895996 0.11790815740823745728 0.10575363039970397949 0.099492855370044708252 0.09803435206413269043 0.097992502152919769287 0.10136944800615310669 0.10446308553218841553 0.10302405804395675659 0.10131371766328811646 0.097516775131225585938 0.096503980457782745361 0.095562756061553955078 0.096836023032665252686 0.098692014813423156738 0.099397256970405578613 0.10421302914619445801 0.10353219509124755859 0.10115517675876617432 0.098023325204849243164 0.094638183712959289551 0.093026757240295410156 0.092343606054782867432 0.09233404695987701416 0.094110906124114990234 0.095214985311031341553 0.10193879902362823486
0.094942584633827209473 0.10172243416309356689 0.10627806186676025391 0.11614137142896652222 0.11219394207000732422 0.12011532485485076904 0.12030953168869018555 0.11461888998746871948 0.10991079360246658325 0.10738616436719894409 0.10325580835342407227 0.10566958039999008179 0.10687691718339920044 0.10889566689729690552 0.1147022545337677002 0.11923714727163314819 0.11162567883729934692 0.10101225227117538452 0.10028383135795593262 0.10040272772312164307 0.10491672158241271973 0.10667853057384490967 0.11056824028491973877 0.11057114601135253906 0.10018775612115859985 0.095591410994529724121 0.095177590847015380859 0.095622561872005462646 0.096657112240791320801 0.097786426544189453125 0.1026441529393196106 0.10346321761608123779 0.10721472650766372681 0.10063429921865463257 0.098730377852916717529 0.098349884152412414551 0.09728120267391204834 0.095274351537227630615 0.093939654529094696045 0.097960308194160461426 0.1014327704906463623
0.096447721123695373535 0.10518835484981536865 0.10388299822807312012 0.11184936761856079102 0.10319351404905319214 0.10092408955097198486 0.10473027825355529785 0.10987986624240875244 0.11045705527067184448 0.10607335716485977173 0.10268969833850860596 0.10840076953172683716 0.11221342533826828003 0.11387757956981658936 0.11815769225358963013 0.11700606346130371094 0.11405476182699203491 0.10546442121267318726 0.10548787564039230347 0.10766305774450302124 0.10791099816560745239 0.10771634429693222046 0.11165755242109298706 0.10404975712299346924 0.09832642972469329834 0.097848154604434967041 0.097916387021541595459 0.09931990504264831543 0.098217785358428955078 0.099421136081218719482 0.10137652605772018433 0.10264842212200164795 0.10636576265096664429 0.10790020227432250977 0.10938907414674758911 0.10776893794536590576 0.1106976047158241272 0.10103054344654083252 0.099497929215431213379 0.10260132700204849243 0.1043504178524017334
