INPUT/RASTER/ASCII/blue2021.asc
ncols        225
nrows        269
xllcorner    473009.983799999987
yllcorner    4429051.174800000153
cellsize     50.000000000000
NODATA_value -9999
[rows 198 to 215 of 269, columns 82 to 122 of 225]
0.092924229800701141357 0.097586870193481445313 0.097589485347270965576 0.10455314815044403076 0.11725603789091110229 0.12169130891561508179 0.11625183373689651489 0.11753693222999572754 0.13302482664585113525 0.13349361717700958252 0.13040864467620849609 0.12259626388549804688 0.12629739940166473389 0.12405475974082946777 0.12870395183563232422 0.11622554808855056763 0.10510791093111038208 0.10541868209838867188 0.11975552141666412354 0.11310961097478866577 0.11187007278203964233 0.11072276532649993896 0.11348141729831695557 0.12245641648769378662 0.12586592137813568115 0.13010166585445404053 0.13656403124332427979 0.1320409923791885376 0.12146487832069396973 0.11958086490631103516 0.11837381124496459961 0.11994113773107528687 0.1233351975679397583 0.12849980592727661133 0.12206254154443740845 0.12059645354747772217 0.10831558704376220703 0.10773123055696487427 0.1060263514518737793 0.10345280170440673828 0.10898519307374954224
0.092379875481128692627 0.09657017141580581665 0.096156947314739227295 0.10516983270645141602 0.11954805999994277954 0.12372758239507675171 0.12133043259382247925 0.12014600634574890137 0.11901546269655227661 0.121460743248462677 0.11328002065420150757 0.10986023396253585815 0.11361473798751831055 0.11690931022167205811 0.12399981915950775146 0.12701597809791564941 0.11152321845293045044 0.11454299837350845337 0.11737152189016342163 0.11386706680059432983 0.11085915565490722656 0.10726903378963470459 0.11292196065187454224 0.11752818524837493896 0.11774043738842010498 0.12529112398624420166 0.125926971435546875 0.12676960229873657227 0.12501114606857299805 0.11989132314920425415 0.11100769788026809692 0.10448879003524780273 0.11653419584035873413 0.12422401458024978638 0.12518826127052307129 0.12466626614332199097 0.12009164690971374512 0.11662261933088302612 0.11093625426292419434 0.10915334522724151611 0.10533344745635986328
0.10334128886461257935 0.098755069077014923096 0.10774917900562286377 0.11592330038547515869 0.11920539289712905884 0.12247934192419052124 0.11602267622947692871 0.11908427625894546509 0.11844241619110107422 0.11886905133724212646 0.11404689401388168335 0.11322981864213943481 0.11243513226509094238 0.11694499850273132324 0.11636459082365036011 0.11324589699506759644 0.11924938857555389404 0.12466150522232055664 0.12405809760093688965 0.12038900703191757202 0.11197164654731750488 0.10444244742393493652 0.11060106754302978516 0.1115101352334022522 0.11056870222091674805 0.12279575318098068237 0.12696908414363861084 0.12905484437942504883 0.12087058275938034058 0.11519949138164520264 0.10829667747020721436 0.10697698593139648438 0.11597689986228942871 0.11937715858221054077 0.12621815502643585205 0.12866552174091339111 0.12459062039852142334 0.11921250820159912109 0.1125836595892906189 0.10885952413082122803 0.10851763933897018433
0.10805211961269378662 0.1016851961612701416 0.11595417559146881104 0.12352921813726425171 0.11974944919347763062 0.11475652456283569336 0.11736119538545608521 0.11767794936895370483 0.11930982768535614014 0.11493938416242599487 0.10761680454015731812 0.11341582238674163818 0.11225292831659317017 0.10892863571643829346 0.11378880590200424194 0.11310646682977676392 0.12489433586597442627 0.12939126789569854736 0.12955373525619506836 0.12529484927654266357 0.10984615981578826904 0.10277140140533447266 0.10902290791273117065 0.1150439530611038208 0.12143137305974960327 0.14204606413841247559 0.12718005478382110596 0.13011910021305084229 0.12546622753143310547 0.11432994157075881958 0.10829693824052810669 0.10996583849191665649 0.12141114473342895508 0.12312496453523635864 0.12554541230201721191 0.12902882695198059082 0.12694981694221496582 0.1234668344259262085 0.11451396346092224121 0.10593224316835403442 0.10507656633853912354
0.10404951125383377075 0.11005470156669616699 0.11618239432573318481 0.13020864129066467285 0.12597438693046569824 0.11342455446720123291 0.11477572470903396606 0.11676727235317230225 0.11769727617502212524 0.11138454824686050415 0.10812047123908996582 0.10726026445627212524 0.10957799851894378662 0.10998309403657913208 0.10979483276605606079 0.10866680741310119629 0.12200332432985305786 0.14660871028900146484 0.14466430246829986572 0.1344210505485534668 0.10684674978256225586 0.1053606569766998291 0.1061695590615272522 0.11607740819454193115 0.13084942102432250977 0.15194128453731536865 0.14515540003776550293 0.13600960373878479004 0.12698149681091308594 0.11244539171457290649 0.10610537976026535034 0.11103396862745285034 0.11891756206750869751 0.12519638240337371826 0.12721066176891326904 0.12903186678886413574 0.1263233870267868042 0.12472826987504959106 0.1224932447075843811 0.11082953214645385742 0.10257606208324432373
0.10164518654346466064 0.12606930732727050781 0.12697921693325042725 0.11941409856081008911 0.12633784115314483643 0.11229333281517028809 0.11348932236433029175 0.1170581132173538208 0.11705172806978225708 0.11069447547197341919 0.10910408198833465576 0.11079991608858108521 0.10956392437219619751 0.11320742219686508179 0.11383052915334701538 0.10956817865371704102 0.11921280622482299805 0.14153313636779785156 0.14530304074287414551 0.13839632272720336914 0.11269287019968032837 0.11210115998983383179 0.10848631709814071655 0.11521744728088378906 0.13802905380725860596 0.14558149874210357666 0.14427623152732849121 0.14924499392509460449 0.14443282783031463623 0.11927568167448043823 0.11718592047691345215 0.12413127720355987549 0.12527638673782348633 0.12661382555961608887 0.12720116972923278809 0.12652479112148284912 0.12653580307960510254 0.12646247446537017822 0.12496645748615264893 0.11357216536998748779 0.10746254026889801025
0.10371736437082290649 0.12878234684467315674 0.12235363572835922241 0.11144373565912246704 0.12324861437082290649 0.12573935091495513916 0.11257139593362808228 0.11689879000186920166 0.11803087592124938965 0.11430210620164871216 0.11572087556123733521 0.11190326511859893799 0.11351957917213439941 0.11015848815441131592 0.11426904052495956421 0.11105564981698989868 0.11515991389751434326 0.13410985469818115234 0.13146255910396575928 0.12606088817119598389 0.12214800715446472168 0.11823942512273788452 0.11473757028579711914 0.12077469378709793091 0.13578309118747711182 0.13263045251369476318 0.12934902310371398926 0.12914504110813140869 0.14651252329349517822 0.13477337360382080078 0.12189059704542160034 0.11995895206928253174 0.12488028407096862793 0.12663352489471435547 0.12441500276327133179 0.12016802281141281128 0.12337175756692886353 0.12477773427963256836 0.11854881048202514648 0.10720568150281906128 0.11725182831287384033
0.095260925590991973877 0.10988514125347137451 0.12607975304126739502 0.11447934806346893311 0.12084623426198959351 0.13220497965812683105 0.11759994179010391235 0.11928485333919525146 0.12005779892206192017 0.11738423258066177368 0.11838351190090179443 0.11412068456411361694 0.11674507707357406616 0.11391042917966842651 0.11597916483879089355 0.11470776796340942383 0.11296474933624267578 0.11894306540489196777 0.11783932149410247803 0.11916641891002655029 0.12110549956560134888 0.11956375092267990112 0.12069540470838546753 0.12730242311954498291 0.13350181281566619873 0.13127312064170837402 0.12802082300186157227 0.1179185137152671814 0.12096512317657470703 0.12102860957384109497 0.1190443187952041626 0.11959818750619888306 0.13323573768138885498 0.13089153170585632324 0.12170201539993286133 0.11965941637754440308 0.13048750162124633789 0.12651407718658447266 0.10818451642990112305 0.10244281589984893799 0.11538961529731750488
0.09514573216438293457 0.10008828341960906982 0.12032701075077056885 0.13219837844371795654 0.13810740411281585693 0.13419683277606964111 0.12221039086580276489 0.11909205466508865356 0.12009988725185394287 0.1190916597843170166 0.1184011995792388916 0.11506724357604980469 0.11489704996347427368 0.1113656461238861084 0.11046575009822845459 0.12479650974273681641 0.1279182732105255127 0.11591733992099761963 0.11607337743043899536 0.11668679863214492798 0.11630158871412277222 0.11658822745084762573 0.11886259168386459351 0.12063021212816238403 0.12852045893669128418 0.1301921457052230835 0.13236635923385620117 0.11711064726114273071 0.11089541018009185791 0.114046439528465271 0.11728265136480331421 0.1180925518274307251 0.12271983176469802856 0.11934442073106765747 0.11498776078224182129 0.11334759742021560669 0.11012808233499526978 0.10298591107130050659 0.100320473313331604 0.10608399659395217896 0.10581383109092712402
0.095352351665496826172 0.097813419997692108154 0.10842411965131759644 0.12462942302227020264 0.13817200064659118652 0.13351275026798248291 0.12588126957416534424 0.12433615326881408691 0.12251701205968856812 0.11629807204008102417 0.11119727790355682373 0.11013153940439224243 0.11475101858377456665 0.11430661380290985107 0.1163251921534538269 0.13397249579429626465 0.12516288459300994873 0.11955729871988296509 0.1194769442081451416 0.112699165940284729 0.11136441677808761597 0.11451026052236557007 0.11557023227214813232 0.1177039220929145813 0.12288978695869445801 0.13385805487632751465 0.13785047829151153564 0.11613275110721588135 0.10551216453313827515 0.12176979333162307739 0.12396707385778427124 0.11898743361234664917 0.11663885414600372314 0.1192598491907119751 0.12097108364105224609 0.11261449754238128662 0.10702919214963912964 0.099299073219299316406 0.10393041372299194336 0.10584606975317001343 0.10205564647912979126
0.10026975721120834351 0.096882909536361694336 0.1061495169997215271 0.13278688490390777588 0.13753519952297210693 0.12798234820365905762 0.11871479451656341553 0.1184792444109916687 0.12492236495018005371 0.12833300232887268066 0.12481018900871276855 0.11920826137065887451 0.1137394830584526062 0.1131854131817817688 0.11785314232110977173 0.12307102233171463013 0.11863022297620773315 0.11689106374979019165 0.11749048531055450439 0.11399523168802261353 0.10461005568504333496 0.10944770276546478271 0.11230347305536270142 0.11419063061475753784 0.11802963912487030029 0.1309785991907119751 0.13186448812484741211 0.11679471284151077271 0.11343944817781448364 0.13297003507614135742 0.13263048231601715088 0.13344301283359527588 0.13100892305374145508 0.12081113457679748535 0.10846849530935287476 0.1051988750696182251 0.10318664461374282837 0.096867121756076812744 0.095559030771255493164 0.097707256674766540527 0.10166326910257339478
0.10401345789432525635 0.10183215141296386719 0.11595393717288970947 0.13634952902793884277 0.13337105512619018555 0.12295728921890258789 0.11734271794557571411 0.11276006698608398438 0.11662439256906509399 0.12845374643802642822 0.13493478298187255859 0.13438661396503448486 0.1204047277569770813 0.11015488952398300171 0.11657812446355819702 0.11761688441038131714 0.11760756373405456543 0.11826743185520172119 0.11905545741319656372 0.11967232078313827515 0.11781712621450424194 0.11852130293846130371 0.11914424598217010498 0.117594890296459198 0.11543346941471099854 0.11933948099613189697 0.12519656121730804443 0.11202997714281082153 0.11556109040975570679 0.12488590925931930542 0.12938764691352844238 0.13173189759254455566 0.12856145203113555908 0.11547648906707763672 0.10435087978839874268 0.10685117542743682861 0.10067982226610183716 0.093893960118293762207 0.099869780242443084717 0.1050772443413734436 0.10487966239452362061
0.10382390767335891724 0.10029237717390060425 0.11247710883617401123 0.1149698793888092041 0.11474502831697463989 0.11430128663778305054 0.11551845818758010864 0.10809214413166046143 0.10563739389181137085 0.12534712255001068115 0.13574357330799102783 0.13742521405220031738 0.12957994639873504639 0.12537758052349090576 0.11986464262008666992 0.11970572173595428467 0.11628956347703933716 0.11659533530473709106 0.1255169212818145752 0.12198890000581741333 0.12073662132024765015 0.12147959321737289429 0.12136310338973999023 0.12121686339378356934 0.11619193106889724731 0.11926027387380599976 0.12358731776475906372 0.11637950688600540161 0.10766718536615371704 0.10279089957475662231 0.10914508998394012451 0.11220827698707580566 0.11453551054000854492 0.10753622651100158691 0.10113255679607391357 0.1019509434700012207 0.098315268754959106445 0.097150668501853942871 0.11206541955471038818 0.11376737803220748901 0.10339928418397903442
0.10052407532930374146 0.10126695781946182251 0.10877629369497299194 0.11337103694677352905 0.1140833050012588501 0.11248369514942169189 0.10922967642545700073 0.11224095523357391357 0.10844694823026657104 0.10726866871118545532 0.12586525082588195801 0.136621817946434021 0.13646955788135528564 0.13065202534198760986 0.12672874331474304199 0.12447599321603775024 0.12547561526298522949 0.13049334287643432617 0.13949215412139892578 0.13086833059787750244 0.12037453800439834595 0.10897859185934066772 0.11077670753002166748 0.11581583321094512939 0.11459537595510482788 0.11886120587587356567 0.12042938917875289917 0.11219368129968643188 0.1107940971851348877 0.10289450734853744507 0.10461129248142242432 0.10839575529098510742 0.11362792551517486572 0.10766296833753585815 0.10230074822902679443 0.10696180909872055054 0.10103631019592285156 0.10021511465311050415 0.11564594507217407227 0.1105672791600227356 0.10206159204244613647
0.1060908585786819458 0.10844410955905914307 0.1136814802885055542 0.11385116726160049438 0.12049572169780731201 0.11606581509113311768 0.11255396157503128052 0.11564853787422180176 0.11943298578262329102 0.11151176691055297852 0.11676548421382904053 0.12912277877330780029 0.13264952600002288818 0.13293819129467010498 0.13507895171642303467 0.13910144567489624023 0.14014028012752532959 0.13871021568775177002 0.13391472399234771729 0.11948778480291366577 0.11516511440277099609 0.10021688789129257202 0.094941377639770507813 0.10222096741199493408 0.11088783293962478638 0.11062742769718170166 0.11173912882804870605 0.12122406065464019775 0.12312933802604675293 0.1104816049337387085 0.10761831700801849365 0.11648204922676086426 0.11641331017017364502 0.12018043547868728638 0.12193369120359420776 0.1137018352746963501 0.10099875181913375854 0.1082138940691947937 0.11085053533315658569 0.11435710638761520386 0.10808530449867248535
0.11996166408061981201 0.1176762506365776062 0.11355829983949661255 0.11178789287805557251 0.1221616789698600769 0.12119814008474349976 0.12041764706373214722 0.11706834286451339722 0.11873327940702438354 0.11282446235418319702 0.11445868760347366333 0.12682281434535980225 0.13077498972415924072 0.12476210296154022217 0.12438932806253433228 0.12720462679862976074 0.12697961926460266113 0.12473333626985549927 0.12261336296796798706 0.11874410510063171387 0.11543133854866027832 0.10658943653106689453 0.099109284579753875732 0.097152344882488250732 0.11403260380029678345 0.10606758296489715576 0.13417701423168182373 0.1391916126012802124 0.13286690413951873779 0.12107358872890472412 0.11660125106573104858 0.12007422745227813721 0.11133098602294921875 0.10960047692060470581 0.12410935759544372559 0.1281023174524307251 0.10867988318204879761 0.11988306045532226563 0.12196788936853408813 0.126763954758644104 0.1127349361777305603
0.11957702785730361938 0.12425642460584640503 0.12274569272994995117 0.11967476457357406616 0.12318652868270874023 0.12244568765163421631 0.12543684244155883789 0.11692248284816741943 0.11334218829870223999 0.10833785682916641235 0.1137823835015296936 0.12193465977907180786 0.12249772995710372925 0.12129464000463485718 0.1205863654613494873 0.12332272529602050781 0.12405350059270858765 0.12476467341184616089 0.1229658275842666626 0.12501484155654907227 0.12185154110193252563 0.11468633264303207397 0.10660698264837265015 0.10377205908298492432 0.115222148597240448 0.10807745903730392456 0.13677936792373657227 0.14124602079391479492 0.13276599347591400146 0.12493897974491119385 0.12442561239004135132 0.12082567811012268066 0.11641874164342880249 0.10662451386451721191 0.11430988460779190063 0.12563462555408477783 0.11760325729846954346 0.12140520662069320679 0.11974073201417922974 0.11885683983564376831 0.11021298915147781372
0.12311881035566329956 0.12430898100137710571 0.1258586198091506958 0.12946349382400512695 0.12414740025997161865 0.12106520682573318481 0.12208983302116394043 0.11455401778221130371 0.1118655279278755188 0.10956600308418273926 0.12110730260610580444 0.12198360264301300049 0.12265315651893615723 0.12263386696577072144 0.12221344560384750366 0.12162873148918151855 0.12357195466756820679 0.12399081140756607056 0.12304467707872390747 0.12666603922843933105 0.12723682820796966553 0.11072567850351333618 0.10918115079402923584 0.11531459540128707886 0.11379502713680267334 0.10965222865343093872 0.11717726290225982666 0.13836117088794708252 0.13213701546192169189 0.1281878054141998291 0.12681700289249420166 0.12267359346151351929 0.11382665485143661499 0.10497505217790603638 0.10361155867576599121 0.11134788393974304199 0.11527444422245025635 0.11780343949794769287 0.12040166556835174561 0.12214108556509017944 0.10897313058376312256
