INPUT/RASTER/ASCII/blue2023.asc
ncols        225
nrows        269
xllcorner    473009.983799999987
yllcorner    4429051.174800000153
cellsize     50.000000000000
NODATA_value -9999
[rows 126 to 143 of 269, columns 0 to 40 of 225]
-9999 -9999 -9999 -9999 -9999 -9999 -9999 -9999 -9999 -9999 -9999 -9999 -9999 0.091790825128555297852 0.091229125857353210449 0.09431397169828414917 0.10228399932384490967 0.1004962921142578125 0.098319239914417266846 0.09821233898401260376 0.094621002674102783203 0.11019480973482131958 0.12317759543657302856 0.124554462730884552 0.11624167859554290771 0.10420494526624679565 0.097999371588230133057 0.090273186564445495605 0.089422516524791717529 0.092309877276420593262 0.095763593912124633789 0.098546311259269714355 0.10001663118600845337 0.10155121982097625732 0.10296759754419326782 0.1049795001745223999 0.10433391481637954712 0.10775958746671676636 0.10746721923351287842 0.10242266952991485596 0.10001321882009506226
-9999 -9999 -9999 -9999 -9999 -9999 -9999 -9999 -9999 -9999 -9999 -9999 -9999 0.093093745410442352295 0.096235923469066619873 0.097587667405605316162 0.10094368457794189453 0.098384939134120941162 0.095531284809112548828 0.099196106195449829102 0.1065184175968170166 0.12124850600957870483 0.12085527926683425903 0.11544748395681381226 0.11559554189443588257 0.10925772786140441895 0.092494726181030273438 0.088635973632335662842 0.089025385677814483643 0.092175252735614776611 0.093775883316993713379 0.096414282917976379395 0.10000319033861160278 0.1013979688286781311 0.10370758175849914551 0.10101291537284851074 0.10167592018842697144 0.1006539762020111084 0.10211143642663955688 0.10280083119869232178 0.099216051399707794189
-9999 -9999 -9999 -9999 -9999 -9999 -9999 -9999 -9999 -9999 -9999 -9999 -9999 0.095665633678436279297 0.094788588583469390869 0.095494627952575683594 0.093279860913753509521 0.091818936169147491455 0.095908559858798980713 0.10971207171678543091 0.11558390408754348755 0.12242245674133300781 0.11735431104898452759 0.1067285686731338501 0.10785380005836486816 0.11296331137418746948 0.10251148790121078491 0.092106074094772338867 0.090815111994743347168 0.091729745268821716309 0.092241473495960235596 0.096020326018333435059 0.098713278770446777344 0.10180346667766571045 0.1028418615460395813 0.1012428775429725647 0.097522072494029998779 0.095287337899208068848 0.09995069354772567749 0.098133131861686706543 0.098972089588642120361
-9999 -9999 -9999 -9999 -9999 -9999 -9999 -9999 -9999 -9999 -9999 -9999 -9999 -9999 0.093340530991554260254 0.092955790460109710693 0.089244678616523742676 0.089535020291805267334 0.090529642999172210693 0.096279129385948181152 0.10723610222339630127 0.11518133431673049927 0.10339793562889099121 0.10352840274572372437 0.10203381627798080444 0.10755678266286849976 0.11164417117834091187 0.10095701366662979126 0.090886078774929046631 0.091402694582939147949 0.092510111629962921143 0.095124222338199615479 0.096764475107192993164 0.099669784307479858398 0.10058993101119995117 0.10077878087759017944 0.095212355256080627441 0.094746164977550506592 0.097598515450954437256 0.095515079796314239502 0.096872285008430480957
-9999 -9999 -9999 -9999 -9999 -9999 -9999 -9999 -9999 -9999 -9999 -9999 -9999 0.088988572359085083008 0.089859195053577423096 0.088849835097789764404 0.088966585695743560791 0.091193988919258117676 0.092606626451015472412 0.094114892184734344482 0.096676684916019439697 0.10076308995485305786 0.10356785356998443604 0.099335394799709320068 0.099038429558277130127 0.099513456225395202637 0.10212273895740509033 0.095679521560668945313 0.091865740716457366943 0.091525591909885406494 0.092774786055088043213 0.095242373645305633545 0.095946528017520904541 0.097902067005634307861 0.10203877091407775879 0.1001486554741859436 0.098578698933124542236 0.096419915556907653809 0.094738312065601348877 0.093753345310688018799 0.098325423896312713623
-9999 -9999 -9999 -9999 -9999 -9999 -9999 -9999 -9999 -9999 -9999 -9999 0.090170122683048248291 0.089664854109287261963 0.089653037488460540771 0.090958766639232635498 0.091473758220672607422 0.09199870377779006958 0.093297898769378662109 0.094618469476699829102 0.094691760838031768799 0.10191491991281509399 0.10701254755258560181 0.10333969444036483765 0.10805456340312957764 0.10664995014667510986 0.099586278200149536133 0.096044547855854034424 0.1012365296483039856 0.10206039994955062866 0.097221940755844116211 0.095619857311248779297 0.096483625471591949463 0.10113070160150527954 0.10789464414119720459 0.10361257195472717285 0.096985802054405212402 0.096660561859607696533 0.096001341938972473145 0.096518732607364654541 0.097975417971611022949
-9999 -9999 -9999 -9999 -9999 -9999 -9999 -9999 -9999 -9999 -9999 0.095446698367595672607 0.094800285995006561279 0.0929392203688621521 0.09406270831823348999 0.09503304213285446167 0.091954879462718963623 0.094139844179153442383 0.094415597617626190186 0.096046209335327148438 0.096238471567630767822 0.09779628366231918335 0.1008472144603729248 0.1066727861762046814 0.10608441382646560669 0.10760921239852905273 0.10511537641286849976 0.10531047731637954712 0.10565350204706192017 0.10628694295883178711 0.10397998988628387451 0.10061372071504592896 0.10268220305442810059 0.10480982810258865356 0.11166376620531082153 0.10514686256647109985 0.10018300265073776245 0.099388286471366882324 0.093727119266986846924 0.095447756350040435791 0.097135931253433227539
-9999 -9999 -9999 -9999 -9999 -9999 -9999 -9999 -9999 -9999 0.08974571526050567627 0.092654697597026824951 0.095283128321170806885 0.094664216041564941406 0.09482669830322265625 0.094508767127990722656 0.093981325626373291016 0.095488689839839935303 0.098563060164451599121 0.095787674188613891602 0.096415139734745025635 0.096752479672431945801 0.097489848732948303223 0.10188189893960952759 0.10148513317108154297 0.10333710908889770508 0.10926302522420883179 0.11298958957195281982 0.11163911223411560059 0.11715499311685562134 0.11696878820657730103 0.10864903777837753296 0.10651247948408126831 0.1078574061393737793 0.11226838827133178711 0.10302145779132843018 0.098220109939575195313 0.096837170422077178955 0.094001650810241699219 0.098139807581901550293 0.10051070153713226318
-9999 -9999 -9999 -9999 -9999 -9999 -9999 -9999 -9999 0.090400002896785736084 0.093093611299991607666 0.091216221451759338379 0.091322697699069976807 0.092867277562618255615 0.09343458712100982666 0.095898553729057312012 0.098670586943626403809 0.099581182003021240234 0.10039842873811721802 0.094627507030963897705 0.095339514315128326416 0.096452705562114715576 0.098717659711837768555 0.097985513508319854736 0.098712228238582611084 0.1027631908655166626 0.11583228409290313721 0.11578358709812164307 0.10827021300792694092 0.11053413152694702148 0.1085092201828956604 0.11304304748773574829 0.11086966097354888916 0.11071708053350448608 0.11278270930051803589 0.10567692667245864868 0.097307726740837097168 0.097431674599647521973 0.095917671918869018555 0.095646128058433532715 0.10079959779977798462
-9999 -9999 -9999 -9999 -9999 -9999 -9999 -9999 -9999 0.091832324862480163574 0.090848110616207122803 0.090696834027767181396 0.090055711567401885986 0.092004403471946716309 0.094091996550559997559 0.097327634692192077637 0.097163170576095581055 0.099597059190273284912 0.098812080919742584229 0.094429083168506622314 0.095552854239940643311 0.097267381846904754639 0.099061943590641021729 0.097196511924266815186 0.099589928984642028809 0.10763052105903625488 0.11404123902320861816 0.10660847276449203491 0.10017258673906326294 0.099773265421390533447 0.10033755749464035034 0.115522727370262146 0.11107473075389862061 0.10939755290746688843 0.10812631994485855103 0.10426624119281768799 0.10265006124973297119 0.10268690437078475952 0.10049348324537277222 0.097898401319980621338 0.10166255384683609009
-9999 -9999 -9999 -9999 -9999 -9999 -9999 -9999 -9999 0.093841172754764556885 0.091056913137435913086 0.089577667415142059326 0.089979283511638641357 0.090624988079071044922 0.092015139758586883545 0.098483540117740631104 0.097598016262054443359 0.098079964518547058105 0.096477910876274108887 0.095335558056831359863 0.09635524451732635498 0.099841304123401641846 0.10155395418405532837 0.09716586768627166748 0.10145176202058792114 0.10563284158706665039 0.099582247436046600342 0.095352850854396820068 0.093967765569686889648 0.093928389251232147217 0.094927057623863220215 0.10784640908241271973 0.11249519139528274536 0.1056682094931602478 0.099102377891540527344 0.10272322595119476318 0.10518907010555267334 0.10289759188890457153 0.10272327065467834473 0.10099346190690994263 0.10769056528806686401
-9999 -9999 -9999 -9999 -9999 -9999 -9999 -9999 -9999 0.092491015791893005371 0.089555181562900543213 0.089128986001014709473 0.090163946151733398438 0.091883942484855651855 0.094711542129516601563 0.098714306950569152832 0.0974025726318359375 0.099432393908500671387 0.10123505443334579468 0.1039074435830116272 0.10076431930065155029 0.10205968469381332397 0.10069619864225387573 0.09672676771879196167 0.10278309881687164307 0.1003939509391784668 0.096321895718574523926 0.095363132655620574951 0.095240630209445953369 0.096127204596996307373 0.097416199743747711182 0.10847420990467071533 0.11714196205139160156 0.10703027248382568359 0.10170106589794158936 0.10220432281494140625 0.10443755239248275757 0.10070385783910751343 0.10743439197540283203 0.10584839433431625366 0.10849417746067047119
-9999 -9999 -9999 -9999 -9999 -9999 -9999 -9999 -9999 0.089054532349109649658 0.089296899735927581787 0.090290687978267669678 0.091988459229469299316 0.09366572648286819458 0.096654742956161499023 0.1035132482647895813 0.10179033130407333374 0.10161294043064117432 0.10018063336610794067 0.10138674080371856689 0.099584296345710754395 0.10061549395322799683 0.098813220858573913574 0.096249215304851531982 0.098241180181503295898 0.098015114665031433105 0.098057195544242858887 0.096286393702030181885 0.09713649749755859375 0.098646454513072967529 0.10165648907423019409 0.10971484333276748657 0.11402373015880584717 0.10419564694166183472 0.10204645246267318726 0.099102765321731567383 0.09821971505880355835 0.10135354101657867432 0.11063216626644134521 0.10677707195281982422 0.10711716115474700928
-9999 -9999 -9999 -9999 -9999 -9999 -9999 -9999 -9999 0.090723857283592224121 0.090107709169387817383 0.091594465076923370361 0.096062779426574707031 0.096013255417346954346 0.095426186919212341309 0.097936071455478668213 0.096102952957153320313 0.098165817558765411377 0.10243500024080276489 0.1041919514536857605 0.10179825872182846069 0.10098227858543395996 0.099569819867610931396 0.096218660473823547363 0.094082333147525787354 0.093621835112571716309 0.096786469221115112305 0.096619926393032073975 0.09553899616003036499 0.09721555560827255249 0.095907166600227355957 0.099681161344051361084 0.10476248711347579956 0.10114026069641113281 0.10098569095134735107 0.098809979856014251709 0.097977742552757263184 0.09993603825569152832 0.11009457707405090332 0.10581912845373153687 0.10428881645202636719
-9999 -9999 -9999 -9999 -9999 -9999 -9999 -9999 -9999 0.092066094279289245605 0.090201720595359802246 0.092387534677982330322 0.096157908439636230469 0.097224302589893341064 0.097182869911193847656 0.096969261765480041504 0.094725728034973144531 0.096408702433109283447 0.10725855082273483276 0.11146558821201324463 0.10359260439872741699 0.10261708498001098633 0.10642457008361816406 0.1020367741584777832 0.094778791069984436035 0.094283044338226318359 0.096295908093452453613 0.096481002867221832275 0.094086267054080963135 0.096502684056758880615 0.099673867225646972656 0.099631033837795257568 0.097056068480014801025 0.09948635101318359375 0.099666915833950042725 0.096709333360195159912 0.098022475838661193848 0.10168287158012390137 0.10988109558820724487 0.10374123603105545044 0.10457795113325119019
-9999 -9999 -9999 -9999 -9999 -9999 -9999 -9999 -9999 0.090892903506755828857 0.089453212916851043701 0.091940030455589294434 0.094837568700313568115 0.096931427717208862305 0.099188946187496185303 0.09678961336612701416 0.095133654773235321045 0.098083287477493286133 0.10515928268432617188 0.10476601123809814453 0.101564064621925354 0.10518475621938705444 0.1067862287163734436 0.10702905058860778809 0.099506504833698272705 0.097850814461708068848 0.097195237874984741211 0.09574463963508605957 0.092345669865608215332 0.094243310391902923584 0.098439261317253112793 0.097802735865116119385 0.098107799887657165527 0.099117226898670196533 0.09938465803861618042 0.099677309393882751465 0.099924571812152862549 0.10619023442268371582 0.10989706963300704956 0.10802668333053588867 0.11081791669130325317
-9999 -9999 -9999 -9999 -9999 -9999 -9999 -9999 -9999 0.093619115650653839111 0.091958388686180114746 0.092830337584018707275 0.096321344375610351563 0.098278924822807312012 0.09868421405553817749 0.097200945019721984863 0.09590981900691986084 0.10438964515924453735 0.10998427867889404297 0.10358736664056777954 0.098700031638145446777 0.10281529277563095093 0.11283703893423080444 0.12001069635152816772 0.11819700151681900024 0.1132886931300163269 0.099155552685260772705 0.097022965550422668457 0.099043160676956176758 0.095473334193229675293 0.096630156040191650391 0.096491143107414245605 0.098774142563343048096 0.10076714307069778442 0.099647551774978637695 0.10114932060241699219 0.10578336566686630249 0.11401768773794174194 0.11251347512006759644 0.1077388077974319458 0.10441074520349502563
-9999 -9999 -9999 -9999 -9999 -9999 -9999 -9999 -9999 0.090967446565628051758 0.092127129435539245605 0.094780549407005310059 0.097975216805934906006 0.098614372313022613525 0.097877793014049530029 0.096900910139083862305 0.099288821220397949219 0.10976260900497436523 0.10435564815998077393 0.098990216851234436035 0.096752993762493133545 0.09814669191837310791 0.10579810291528701782 0.12394750863313674927 0.12576973438262939453 0.1202953830361366272 0.10298482328653335571 0.10228598862886428833 0.10332322865724563599 0.096967786550521850586 0.097138643264770507813 0.097100749611854553223 0.096830427646636962891 0.098848663270473480225 0.098633103072643280029 0.10013166815042495728 0.10356011241674423218 0.10829555243253707886 0.10825096070766448975 0.10617958754301071167 0.10968330502510070801
