INPUT/RASTER/ASCII/blue2021.asc
ncols        225
nrows        269
xllcorner    473009.983799999987
yllcorner    4429051.174800000153
cellsize     50.000000000000
NODATA_value -9999
[rows 54 to 71 of 269, columns 41 to 81 of 225]
0.11609616130590438843 0.10947272926568984985 0.10949733108282089233 0.11319836974143981934 0.11185044050216674805 0.11642523109912872314 0.11535461992025375366 0.11294480413198471069 0.11256843805313110352 0.10570314526557922363 0.10434493422508239746 0.10629702359437942505 0.11152491718530654907 0.11484947800636291504 0.10681103169918060303 0.1050694882869720459 0.10036271810531616211 0.1046016886830329895 0.11116593331098556519 0.11522056907415390015 0.11021208763122558594 0.10181058198213577271 0.10413181781768798828 0.11093710362911224365 0.11639188975095748901 0.11541687697172164917 0.10999485105276107788 0.1072031855583190918 0.10662374645471572876 0.10185196250677108765 0.098668612539768218994 0.10503279417753219604 0.11414565891027450562 0.10891000926494598389 0.10420506447553634644 0.10238263756036758423 0.09730580449104309082 0.093126758933067321777 0.093356966972351074219 0.091860443353652954102 0.091595709323883056641
0.11001394689083099365 0.11112524569034576416 0.1140138581395149231 0.10967981815338134766 0.11400523781776428223 0.11084613949060440063 0.10552660375833511353 0.10630075633525848389 0.10431893914937973022 0.10189600288867950439 0.10620217770338058472 0.10266391187906265259 0.10207641124725341797 0.10925603657960891724 0.10405391454696655273 0.10521925240755081177 0.096523277461528778076 0.095799587666988372803 0.10474216192960739136 0.10942862182855606079 0.099780261516571044922 0.099331140518188476563 0.10168686509132385254 0.10943785309791564941 0.11787632107734680176 0.11134287714958190918 0.1126529499888420105 0.11565820872783660889 0.11179565638303756714 0.108094044029712677 0.10426809638738632202 0.11384569108486175537 0.11799199879169464111 0.11119298636913299561 0.10735079646110534668 0.10524755716323852539 0.095862202346324920654 0.096714310348033905029 0.094406291842460632324 0.095241762697696685791 0.092223174870014190674
0.10505802929401397705 0.10901765525341033936 0.10974752902984619141 0.10848296433687210083 0.10923212766647338867 0.10539434105157852173 0.10237946361303329468 0.10026643425226211548 0.099534086883068084717 0.10023769736289978027 0.10472975671291351318 0.10437947511672973633 0.10690875351428985596 0.10619755834341049194 0.10324598848819732666 0.10375697910785675049 0.096438951790332794189 0.098094508051872253418 0.10752163082361221313 0.10715730488300323486 0.10202573239803314209 0.10133802145719528198 0.099925525486469268799 0.10180006921291351318 0.10448830574750900269 0.1028752252459526062 0.11033584177494049072 0.11273475736379623413 0.111783638596534729 0.11115922778844833374 0.099758811295032501221 0.11253266036510467529 0.11970702558755874634 0.1111473962664604187 0.11153028905391693115 0.10156403481960296631 0.098279625177383422852 0.097429186105728149414 0.094115734100341796875 0.092075891792774200439 0.091802120208740234375
0.10542635619640350342 0.10704995691776275635 0.10549114644527435303 0.10401437431573867798 0.10473529994487762451 0.10569792240858078003 0.10390523076057434082 0.099839277565479278564 0.11052399873733520508 0.10616026073694229126 0.10299064218997955322 0.10061878710985183716 0.10765668004751205444 0.1085764765739440918 0.10394378006458282471 0.097637765109539031982 0.099443465471267700195 0.10634226351976394653 0.10543261468410491943 0.10325349122285842896 0.10465884208679199219 0.10170865058898925781 0.098833657801151275635 0.10164537280797958374 0.10665570944547653198 0.10157135128974914551 0.1112460792064666748 0.11401093751192092896 0.10551179200410842896 0.095850385725498199463 0.096451275050640106201 0.10271809995174407959 0.10549630969762802124 0.10897829383611679077 0.11207804083824157715 0.10779150575399398804 0.10984599590301513672 0.097198940813541412354 0.094417586922645568848 0.092141635715961456299 0.093381494283676147461
0.10713004320859909058 0.11019410192966461182 0.10837294161319732666 0.10753316432237625122 0.10566969215869903564 0.10529194027185440063 0.1066217273473739624 0.11434924602508544922 0.1188180968165397644 0.10842603445053100586 0.10440210998058319092 0.099487029016017913818 0.097911514341831207275 0.10194276273250579834 0.10596834123134613037 0.10809328407049179077 0.10698360204696655273 0.11138703674077987671 0.10823627561330795288 0.10336808860301971436 0.10407598316669464111 0.10328876227140426636 0.10478577017784118652 0.1081439778208732605 0.1102341189980506897 0.10454846173524856567 0.10541272908449172974 0.10484649240970611572 0.10521277040243148804 0.097009129822254180908 0.097842559218406677246 0.10154463350772857666 0.098894193768501281738 0.10387526452541351318 0.097875796258449554443 0.097764588892459869385 0.10427585989236831665 0.098191536962985992432 0.096929319202899932861 0.094372831284999847412 0.091637551784515380859
0.10631483793258666992 0.10579125583171844482 0.10511834919452667236 0.11098399758338928223 0.112469501793384552 0.10886713117361068726 0.1107902228832244873 0.11451113969087600708 0.12156643718481063843 0.10564318299293518066 0.10839194804430007935 0.11195778846740722656 0.10130725055932998657 0.10277790576219558716 0.10342734307050704956 0.10261048376560211182 0.1088574826717376709 0.11426624655723571777 0.11039409786462783813 0.10646289587020874023 0.1043494492769241333 0.10561539977788925171 0.10827203840017318726 0.10775128006935119629 0.10854642093181610107 0.11145643144845962524 0.10666564851999282837 0.10652936995029449463 0.10577619820833206177 0.10591536760330200195 0.10628000646829605103 0.10536376386880874634 0.096685387194156646729 0.094673469662666320801 0.094132244586944580078 0.094883643090724945068 0.099497593939304351807 0.10562127083539962769 0.10437260568141937256 0.096706613898277282715 0.092695951461791992188
0.10952457785606384277 0.10831016302108764648 0.1042057424783706665 0.11018557101488113403 0.11688577383756637573 0.11807062476873397827 0.10596187412738800049 0.10435332357883453369 0.10829474031925201416 0.10581891238689422607 0.10592378675937652588 0.11418907344341278076 0.10440833121538162231 0.10308721661567687988 0.10287213325500488281 0.10426104068756103516 0.105998992919921875 0.10856549441814422607 0.10897910594940185547 0.10820113867521286011 0.10707338154315948486 0.10609975457191467285 0.10359330475330352783 0.10538008809089660645 0.10762362927198410034 0.10784228146076202393 0.10625954717397689819 0.1106707155704498291 0.10507914423942565918 0.10276492685079574585 0.10290806740522384644 0.10890164971351623535 0.10020742565393447876 0.096416473388671875 0.09859005361795425415 0.099186368286609649658 0.096183322370052337646 0.10233546048402786255 0.1115129813551902771 0.10005135089159011841 0.092908270657062530518
0.10400230437517166138 0.10792872309684753418 0.10676681250333786011 0.10621479898691177368 0.11412329971790313721 0.11892492324113845825 0.10443917661905288696 0.10605404525995254517 0.10863558948040008545 0.10592560470104217529 0.10201302170753479004 0.10583361983299255371 0.099160425364971160889 0.10066999495029449463 0.10126740485429763794 0.10571710765361785889 0.10397697240114212036 0.10503280907869338989 0.11100891232490539551 0.11361671239137649536 0.11068619787693023682 0.11022262275218963623 0.10973512381315231323 0.10925386101007461548 0.11075922846794128418 0.10441616177558898926 0.10329065471887588501 0.10213853418827056885 0.10351586341857910156 0.10439114272594451904 0.096731171011924743652 0.10453139245510101318 0.10847448557615280151 0.10423284024000167847 0.10522710531949996948 0.10640798509120941162 0.1045328676700592041 0.10305542498826980591 0.11434358358383178711 0.11347507685422897339 0.095995135605335235596
0.10708925873041152954 0.10729126632213592529 0.10779415816068649292 0.10542813688516616821 0.10715775191783905029 0.10634481906890869141 0.1060770377516746521 0.10635720193386077881 0.10852929204702377319 0.10402308404445648193 0.10072489082813262939 0.099652379751205444336 0.099015273153781890869 0.10898918658494949341 0.10759921371936798096 0.10504424571990966797 0.10504425317049026489 0.10252783447504043579 0.10240814089775085449 0.11180102825164794922 0.11701478064060211182 0.11942804604768753052 0.11736851930618286133 0.11643590778112411499 0.11248943209648132324 0.10635289549827575684 0.10466454178094863892 0.10482911020517349243 0.10350563377141952515 0.10950867831707000732 0.10566331446170806885 0.10234384983777999878 0.10847903043031692505 0.10705666989088058472 0.11470230668783187866 0.12583258748054504395 0.10888832807540893555 0.10966447740793228149 0.12530146539211273193 0.12536858022212982178 0.1068928837776184082
0.10939229279756546021 0.10789430886507034302 0.10375110805034637451 0.102225475013256073 0.10127411782741546631 0.10606854408979415894 0.11786956340074539185 0.10907910764217376709 0.10785007476806640625 0.10321514308452606201 0.10259208083152770996 0.094870828092098236084 0.10405952483415603638 0.10715646296739578247 0.108747139573097229 0.10740888118743896484 0.10600113123655319214 0.10574414581060409546 0.10461492091417312622 0.10768012702465057373 0.11234027892351150513 0.1176465153694152832 0.11630611121654510498 0.12317139655351638794 0.11170891672372817993 0.10387203842401504517 0.10196766257286071777 0.11294771730899810791 0.11310511082410812378 0.10968604683876037598 0.10935891419649124146 0.10559377819299697876 0.10938186198472976685 0.10511569678783416748 0.11964134126901626587 0.13909296691417694092 0.11733508855104446411 0.1067792549729347229 0.11779114603996276855 0.11352396756410598755 0.10561176389455795288
0.11201210319995880127 0.10932019352912902832 0.105445079505443573 0.10246960073709487915 0.10104588419198989868 0.10478036105632781982 0.11198762059211730957 0.11120375990867614746 0.10566475242376327515 0.10185115039348602295 0.10023478418588638306 0.097622357308864593506 0.10434711724519729614 0.10455916076898574829 0.10310218483209609985 0.10912160575389862061 0.10546918213367462158 0.10730382055044174194 0.11006340384483337402 0.10716726630926132202 0.10583757609128952026 0.11535450071096420288 0.11996683478355407715 0.11692182719707489014 0.1057920604944229126 0.10338849574327468872 0.10095694661140441895 0.10405965149402618408 0.10887443274259567261 0.11097628623247146606 0.11015057563781738281 0.10837412625551223755 0.10694071650505065918 0.10586672276258468628 0.11503902822732925415 0.13877016305923461914 0.12315657734870910645 0.10262206196784973145 0.10028247535228729248 0.10765168815851211548 0.10695564001798629761
0.10858459770679473877 0.10990350693464279175 0.1138744056224822998 0.11875286698341369629 0.11994174867868423462 0.11470610648393630981 0.10633193701505661011 0.10422109812498092651 0.10126541554927825928 0.10219626873731613159 0.10151764750480651855 0.1021572798490524292 0.10322035849094390869 0.1077210158109664917 0.10132242739200592041 0.10418833047151565552 0.10117480158805847168 0.10648929327726364136 0.11252733319997787476 0.10896295309066772461 0.10559613257646560669 0.12138718366622924805 0.11980377137660980225 0.10930779576301574707 0.098390206694602966309 0.097269617021083831787 0.099289745092391967773 0.10393203049898147583 0.10726981610059738159 0.10811524093151092529 0.10887593775987625122 0.1097836419939994812 0.10991551727056503296 0.11041951924562454224 0.10969417542219161987 0.11358526349067687988 0.11129296571016311646 0.097444444894790649414 0.097790539264678955078 0.10815100371837615967 0.1076917499303817749
0.10944158583879470825 0.11419895291328430176 0.12457271665334701538 0.12540715932846069336 0.12223204970359802246 0.1196807175874710083 0.11245625466108322144 0.1045788004994392395 0.10715415328741073608 0.11153437197208404541 0.10664860904216766357 0.10730266571044921875 0.10890664160251617432 0.10716909915208816528 0.10403696447610855103 0.10365737229585647583 0.10068262368440628052 0.10533559322357177734 0.10739139467477798462 0.11220975965261459351 0.11330211907625198364 0.11758912354707717896 0.11518916487693786621 0.11648160964250564575 0.10940825939178466797 0.10085225105285644531 0.11162029951810836792 0.10915332287549972534 0.10474814474582672119 0.10552848130464553833 0.10671333968639373779 0.09920094907283782959 0.10704935342073440552 0.11055432260036468506 0.11013767123222351074 0.10129790753126144409 0.099689163267612457275 0.098979137837886810303 0.10110584646463394165 0.10826512426137924194 0.10459104180335998535
0.1090198904275894165 0.1131466105580329895 0.11418554186820983887 0.11231844872236251831 0.11007714271545410156 0.11037647724151611328 0.11238835752010345459 0.11124001443386077881 0.11547566205263137817 0.11073758453130722046 0.10432150214910507202 0.10854895412921905518 0.10417620837688446045 0.10451705008745193481 0.10175530612468719482 0.099321030080318450928 0.09945443272590637207 0.099473237991333007813 0.10087686777114868164 0.10801529139280319214 0.11222327500581741333 0.115071125328540802 0.10899763554334640503 0.11740019172430038452 0.11930880695581436157 0.10675031691789627075 0.10800003260374069214 0.11207535862922668457 0.10494308173656463623 0.10427220165729522705 0.10519961267709732056 0.10398215055465698242 0.10123911499977111816 0.10579798370599746704 0.11465861648321151733 0.10618475824594497681 0.10063505172729492188 0.10180389136075973511 0.1079014018177986145 0.10777435451745986938 0.10693371295928955078
0.11208416521549224854 0.11087495088577270508 0.11162783950567245483 0.11079998314380645752 0.10639183968305587769 0.10455227643251419067 0.10676067322492599487 0.10763558745384216309 0.11274392902851104736 0.10699040442705154419 0.10152222216129302979 0.10497254878282546997 0.1015289798378944397 0.10390388965606689453 0.10732211172580718994 0.10259973257780075073 0.097702071070671081543 0.10005424171686172485 0.10287344455718994141 0.11110872030258178711 0.11544945091009140015 0.11760435253381729126 0.11124278604984283447 0.11204092949628829956 0.11072412878274917603 0.10651723295450210571 0.11232333630323410034 0.11451041698455810547 0.11348450183868408203 0.10907656699419021606 0.10741150379180908203 0.10509446263313293457 0.1021922677755355835 0.10823374241590499878 0.11928918212652206421 0.10986737161874771118 0.10077543556690216064 0.1072951778769493103 0.1187610328197479248 0.11107090860605239868 0.11165404319763183594
0.10754986852407455444 0.10502787679433822632 0.10711491107940673828 0.10907627642154693604 0.10776163637638092041 0.10830063372850418091 0.11195421963930130005 0.11062236130237579346 0.11598520725965499878 0.11617606878280639648 0.10803727805614471436 0.10010410100221633911 0.10275454819202423096 0.10731583088636398315 0.11802933365106582642 0.11267490684986114502 0.1039775460958480835 0.10893574357032775879 0.11791413277387619019 0.12513026595115661621 0.12550301849842071533 0.12782372534275054932 0.12780953943729400635 0.1089146733283996582 0.10471824556589126587 0.10584000498056411743 0.11266767233610153198 0.11568681150674819946 0.10314002633094787598 0.10050944983959197998 0.10604576766490936279 0.10325679183006286621 0.10366373509168624878 0.10620176047086715698 0.11216006428003311157 0.10554525256156921387 0.10330510139465332031 0.1030654609203338623 0.11477401852607727051 0.11351973563432693481 0.11280790716409683228
0.10159711539745330811 0.1017145887017250061 0.10535302013158798218 0.11195337027311325073 0.1110327988862991333 0.11105082929134368896 0.11273895204067230225 0.11216287314891815186 0.10838372260332107544 0.10900314152240753174 0.10899292677640914917 0.10142542421817779541 0.097074814140796661377 0.10076244175434112549 0.10186979919672012329 0.10588023066520690918 0.107509613037109375 0.10382509231567382813 0.10845984518527984619 0.11407936364412307739 0.11998527497053146362 0.1322342604398727417 0.12746626138687133789 0.10460302978754043579 0.10268284380435943604 0.10718764364719390869 0.10991276800632476807 0.1079896092414855957 0.10688342154026031494 0.10011621564626693726 0.10297108441591262817 0.10006257146596908569 0.10551406443119049072 0.1016249731183052063 0.10067706555128097534 0.10152584314346313477 0.10258275270462036133 0.10310631245374679565 0.10845396667718887329 0.11917199939489364624 0.11225642263889312744
0.10437420010566711426 0.10049910843372344971 0.10203778743743896484 0.10333874821662902832 0.10702820867300033569 0.10808902233839035034 0.1104502752423286438 0.10500779002904891968 0.1035629957914352417 0.10831435024738311768 0.10714062303304672241 0.099821381270885467529 0.098312653601169586182 0.099373430013656616211 0.1013738587498664856 0.10294108837842941284 0.10211823880672454834 0.098959863185882568359 0.10558599978685379028 0.10494009405374526978 0.11610837280750274658 0.12825843691825866699 0.11476615816354751587 0.095623910427093505859 0.095796719193458557129 0.10015945881605148315 0.10515205562114715576 0.101664714515209198 0.10386573523283004761 0.096153095364570617676 0.097457341849803924561 0.099457353353500366211 0.10277389734983444214 0.098986767232418060303 0.1011872217059135437 0.10041957348585128784 0.098812066018581390381 0.10470988601446151733 0.11375641077756881714 0.11437966674566268921 0.10536018013954162598
