INPUT/RASTER/ASCII/blue2023.asc
ncols        225
nrows        269
xllcorner    473009.983799999987
yllcorner    4429051.174800000153
cellsize     50.000000000000
NODATA_value -9999
[rows 108 to 125 of 269, columns 0 to 40 of 225]
-9999 -9999 -9999 -9999 -9999 -9999 -9999 -9999 -9999 -9999 0.10002032667398452759 0.10393125563859939575 0.10490191727876663208 0.10584608465433120728 0.098519682884216308594 0.1042234376072883606 0.10025084763765335083 0.10341321676969528198 0.10434426367282867432 0.098652601242065429688 0.10503926873207092285 0.11020496487617492676 0.10725977271795272827 0.10489002615213394165 0.10241898149251937866 0.10729785263538360596 0.10125921666622161865 0.096460282802581787109 0.097727164626121520996 0.099255949258804321289 0.098980337381362915039 0.097447715699672698975 0.095343813300132751465 0.10918410122394561768 0.12103798985481262207 0.13106591999530792236 0.12998464703559875488 0.12090506404638290405 0.11795844137668609619 0.11747402697801589966 0.11649246513843536377
-9999 -9999 -9999 -9999 -9999 -9999 -9999 -9999 -9999 -9999 0.099178142845630645752 0.10031954944133758545 0.10528803616762161255 0.11144302785396575928 0.10109712183475494385 0.10119781643152236938 0.099097579717636108398 0.10861220955848693848 0.11272913962602615356 0.10283934324979782104 0.10155645757913589478 0.10714799165725708008 0.10784687846899032593 0.10495035350322723389 0.10329241305589675903 0.10243645310401916504 0.094423606991767883301 0.093091860413551330566 0.098194226622581481934 0.10070732235908508301 0.099956996738910675049 0.096092209219932556152 0.10455335676670074463 0.11623559147119522095 0.12719753384590148926 0.13600777089595794678 0.13187885284423828125 0.11961797624826431274 0.11885897070169448853 0.12043244391679763794 0.11704070866107940674
-9999 -9999 -9999 -9999 -9999 -9999 -9999 -9999 -9999 -9999 0.1012887805700302124 0.10207255184650421143 0.10336612910032272339 0.10654209554195404053 0.10679267346858978271 0.10193594545125961304 0.10205995291471481323 0.11216762661933898926 0.11265894770622253418 0.099011369049549102783 0.10083658993244171143 0.10153666883707046509 0.10599656403064727783 0.10291556268930435181 0.10193909704685211182 0.097873851656913757324 0.093213796615600585938 0.093720272183418273926 0.09611530601978302002 0.098912708461284637451 0.09982852637767791748 0.10172027349472045898 0.11304872483015060425 0.11705038696527481079 0.12768188118934631348 0.13510811328887939453 0.12752874195575714111 0.11588966101408004761 0.11668024212121963501 0.11789321154356002808 0.11756348609924316406
-9999 -9999 -9999 -9999 -9999 -9999 -9999 -9999 -9999 -9999 0.10730675607919692993 0.10808954387903213501 0.10371339321136474609 0.10644751787185668945 0.1065038144588470459 0.098956197500228881836 0.10377192497253417969 0.11581657081842422485 0.11170525103807449341 0.098620183765888214111 0.10278671979904174805 0.10485163331031799316 0.10167862474918365479 0.099746376276016235352 0.096690669655799865723 0.096030145883560180664 0.094104200601577758789 0.094684213399887084961 0.093634180724620819092 0.09482539445161819458 0.097011528909206390381 0.10530955344438552856 0.11421922594308853149 0.11779429018497467041 0.1194958612322807312 0.12383796274662017822 0.12267343699932098389 0.116342201828956604 0.11572716385126113892 0.11574344336986541748 0.11787769198417663574
-9999 -9999 -9999 -9999 -9999 -9999 -9999 -9999 -9999 0.098626002669334411621 0.10710775107145309448 0.11067864298820495605 0.10703904181718826294 0.10752504318952560425 0.099710077047348022461 0.098985970020294189453 0.10184884071350097656 0.10368197411298751831 0.10036403685808181763 0.098294332623481750488 0.10547201335430145264 0.10907500982284545898 0.10070807486772537231 0.096652872860431671143 0.097059085965156555176 0.096581771969795227051 0.095872655510902404785 0.094055712223052978516 0.092646561563014984131 0.096485599875450134277 0.10078863054513931274 0.11041437089443206787 0.11721017956733703613 0.11773901432752609253 0.11558205634355545044 0.11592477560043334961 0.11899137496948242188 0.11645394563674926758 0.11438407003879547119 0.11451314389705657959 0.11789000779390335083
-9999 -9999 -9999 -9999 -9999 -9999 -9999 0.10339999943971633911 0.10819077491760253906 0.1060720980167388916 0.11417527496814727783 0.11146338284015655518 0.10714828968048095703 0.11081230640411376953 0.099535681307315826416 0.098919317126274108887 0.10380043834447860718 0.10812758654356002808 0.10223887115716934204 0.10199981927871704102 0.10664355009794235229 0.11069941520690917969 0.10072029381990432739 0.096051342785358428955 0.099487766623497009277 0.10354027897119522095 0.10389504581689834595 0.10189668089151382446 0.096873402595520019531 0.099782645702362060547 0.1097526252269744873 0.11162696778774261475 0.11077657341957092285 0.11606405675411224365 0.11505976319313049316 0.1120473816990852356 0.11395475268363952637 0.11443125456571578979 0.11238919198513031006 0.11372562497854232788 0.11547747999429702759
-9999 -9999 -9999 -9999 -9999 -9999 -9999 0.10653222352266311646 0.10975384712219238281 0.11209666728973388672 0.11743178218603134155 0.11552787572145462036 0.11410164088010787964 0.11188916862010955811 0.10353768616914749146 0.10047411173582077026 0.09815416485071182251 0.098774902522563934326 0.10081364214420318604 0.10421965271234512329 0.10724550485610961914 0.10675308108329772949 0.10055817663669586182 0.10103082656860351563 0.10713680088520050049 0.11443729698657989502 0.1096381843090057373 0.10081736743450164795 0.098475128412246704102 0.099452428519725799561 0.10300327092409133911 0.10469730943441390991 0.10725666582584381104 0.11807519197463989258 0.11629918962717056274 0.11472668498754501343 0.1147197037935256958 0.11112746596336364746 0.10560099780559539795 0.10408075153827667236 0.10390482097864151001
-9999 -9999 -9999 -9999 -9999 -9999 -9999 0.11086389422416687012 0.1071495935320854187 0.11406253278255462646 0.11403487622737884521 0.11373179405927658081 0.1101972237229347229 0.11009366065263748169 0.1033730730414390564 0.096434600651264190674 0.094257272779941558838 0.097317859530448913574 0.10220528393983840942 0.10480193048715591431 0.10804002732038497925 0.10680703073740005493 0.098868325352668762207 0.10129429399967193604 0.10543565452098846436 0.10687323659658432007 0.097601689398288726807 0.0947321280837059021 0.095233939588069915771 0.09572887420654296875 0.097674146294593811035 0.099818915128707885742 0.10489294677972793579 0.1148761361837387085 0.11323321610689163208 0.11697112023830413818 0.11545241624116897583 0.111362457275390625 0.10497988015413284302 0.09814739227294921875 0.098372176289558410645
-9999 -9999 -9999 -9999 -9999 -9999 -9999 0.098316110670566558838 0.098430007696151733398 0.10258089751005172729 0.1012221798300743103 0.10271421074867248535 0.10332499444484710693 0.10398349165916442871 0.097532197833061218262 0.092987649142742156982 0.094593822956085205078 0.10204785317182540894 0.10463721305131912231 0.10116199404001235962 0.10483209788799285889 0.10444166511297225952 0.10066702961921691895 0.10079532116651535034 0.10134801268577575684 0.096346653997898101807 0.092895537614822387695 0.093765430152416229248 0.095722667872905731201 0.093667775392532348633 0.093436703085899353027 0.094559103250503540039 0.099634833633899688721 0.11307207494974136353 0.11169707775115966797 0.11543244123458862305 0.11668872088193893433 0.11101633310317993164 0.10887566208839416504 0.106291159987449646 0.10524003952741622925
-9999 -9999 -9999 -9999 -9999 -9999 -9999 0.099088795483112335205 0.098749779164791107178 0.099155403673648834229 0.099001429975032806396 0.098912827670574188232 0.099908202886581420898 0.099589355289936065674 0.096804998815059661865 0.09165035933256149292 0.094859495759010314941 0.097282066941261291504 0.10232362896203994751 0.10197450965642929077 0.099434971809387207031 0.10126893967390060425 0.10302250087261199951 0.10190331190824508667 0.098099857568740844727 0.10301295667886734009 0.1037850603461265564 0.097296066582202911377 0.098266497254371643066 0.098905190825462341309 0.096284039318561553955 0.093061812222003936768 0.097946897149085998535 0.10446522384881973267 0.10725610703229904175 0.1124695315957069397 0.11443794518709182739 0.11401256918907165527 0.10977134853601455688 0.10684173554182052612 0.11004590988159179688
-9999 -9999 -9999 -9999 -9999 -9999 -9999 0.095128774642944335938 0.094320289790630340576 0.098725847899913787842 0.10223729908466339111 0.10188344866037368774 0.099385604262351989746 0.094853118062019348145 0.093630403280258178711 0.094716005027294158936 0.097553461790084838867 0.097663000226020812988 0.1009364202618598938 0.0989208221435546875 0.098798885941505432129 0.0996225699782371521 0.098103903234004974365 0.097874149680137634277 0.095596812665462493896 0.11633769422769546509 0.11425120383501052856 0.10430932044982910156 0.10443525761365890503 0.1059757620096206665 0.093822911381721496582 0.090937070548534393311 0.093193016946315765381 0.093459233641624450684 0.096082225441932678223 0.099832944571971893311 0.10347154736518859863 0.10231566429138183594 0.10496432334184646606 0.11011716723442077637 0.10769215971231460571
-9999 -9999 -9999 -9999 -9999 -9999 -9999 0.089199997484683990479 0.091632366180419921875 0.095446452498435974121 0.10060607641935348511 0.10385170578956604004 0.10033592581748962402 0.093700341880321502686 0.093320786952972412109 0.096259519457817077637 0.098246552050113677979 0.096421100199222564697 0.095743119716644287109 0.097648657858371734619 0.095084600150585174561 0.096189096570014953613 0.10171657800674438477 0.097032859921455383301 0.09575592726469039917 0.11449306458234786987 0.11780553311109542847 0.11602240800857543945 0.10256811231374740601 0.10094327479600906372 0.093820482492446899414 0.08925196528434753418 0.090155296027660369873 0.09163007885217666626 0.09528426826000213623 0.10080728679895401001 0.10717239230871200562 0.10551895201206207275 0.11077017337083816528 0.11044842749834060669 0.097977451980113983154
-9999 -9999 -9999 -9999 -9999 -9999 -9999 -9999 0.095100000500679016113 0.10017187148332595825 0.10113060474395751953 0.099495053291320800781 0.095860116183757781982 0.096238784492015838623 0.092699393630027770996 0.093999423086643218994 0.096851237118244171143 0.094228364527225494385 0.094296865165233612061 0.0948541983962059021 0.095840498805046081543 0.097984418272972106934 0.10136821866035461426 0.096900299191474914551 0.096974506974220275879 0.10688427090644836426 0.1105974242091178894 0.11081878095865249634 0.10205766558647155762 0.10427372902631759644 0.097864441573619842529 0.090866871178150177002 0.08982753753662109375 0.092177249491214752197 0.095832206308841705322 0.10385035723447799683 0.10556416213512420654 0.10899358987808227539 0.10719025880098342896 0.10538025200366973877 0.097875222563743591309
-9999 -9999 -9999 -9999 -9999 -9999 -9999 -9999 -9999 0.10639999806880950928 0.10826391726732254028 0.10446145385503768921 0.095414891839027404785 0.094695046544075012207 0.095617495477199554443 0.090422503650188446045 0.09643710404634475708 0.099115476012229919434 0.097748093307018280029 0.096238881349563598633 0.099166147410869598389 0.10062462091445922852 0.10328710824251174927 0.098242081701755523682 0.093429177999496459961 0.096479043364524841309 0.10104294121265411377 0.097935505211353302002 0.097418501973152160645 0.10120417177677154541 0.095911554992198944092 0.090736493468284606934 0.091184280812740325928 0.093939766287803649902 0.099417611956596374512 0.10827432572841644287 0.11040201038122177124 0.10830929875373840332 0.11036997288465499878 0.10816501080989837646 0.10452028363943099976
-9999 -9999 -9999 -9999 -9999 -9999 -9999 -9999 -9999 -9999 -9999 0.11184190213680267334 0.10717383027076721191 0.095651619136333465576 0.097140751779079437256 0.089240379631519317627 0.09260829538106918335 0.097326911985874176025 0.1004047393798828125 0.10068983584642410278 0.10291323065757751465 0.10378295928239822388 0.10183358937501907349 0.097213201224803924561 0.093991741538047790527 0.094124689698219299316 0.095173262059688568115 0.093879051506519317627 0.093447118997573852539 0.094165384769439697266 0.092772461473941802979 0.089477770030498504639 0.093061648309230804443 0.096236363053321838379 0.10074578225612640381 0.11132340878248214722 0.11243098974227905273 0.10889222472906112671 0.10770452022552490234 0.11078687757253646851 0.1099548637866973877
-9999 -9999 -9999 -9999 -9999 -9999 -9999 -9999 -9999 -9999 -9999 0.10627081990242004395 0.10228364914655685425 0.096901871263980865479 0.095120854675769805908 0.09036330878734588623 0.091701231896877288818 0.096614688634872436523 0.1000781133770942688 0.10140032321214675903 0.10308207571506500244 0.10118873417377471924 0.09688647836446762085 0.094421163201332092285 0.094576753675937652588 0.096814773976802825928 0.098849855363368988037 0.092765219509601593018 0.092691011726856231689 0.090349234640598297119 0.088851042091846466064 0.090155035257339477539 0.094282716512680053711 0.097961179912090301514 0.10396616905927658081 0.11206482350826263428 0.10834960639476776123 0.10787665843963623047 0.11121688783168792725 0.10817036032676696777 0.10941601544618606567
-9999 -9999 -9999 -9999 -9999 -9999 -9999 -9999 -9999 -9999 -9999 -9999 0.09844579547643661499 0.09473123401403427124 0.090486958622932434082 0.090132512152194976807 0.093941673636436462402 0.10158874094486236572 0.10573871433734893799 0.10034003108739852905 0.09851214289665222168 0.096378259360790252686 0.097218617796897888184 0.10258407145738601685 0.10741676390171051025 0.11215230077505111694 0.10481629520654678345 0.091346688568592071533 0.089399211108684539795 0.08848717808723449707 0.090898506343364715576 0.093646019697189331055 0.095628455281257629395 0.097923018038272857666 0.10869163274765014648 0.11518254131078720093 0.11212272942066192627 0.11262217164039611816 0.11163538694381713867 0.10616217553615570068 0.10300981253385543823
-9999 -9999 -9999 -9999 -9999 -9999 -9999 -9999 -9999 -9999 -9999 -9999 0.098999999463558197021 0.090428590774536132813 0.09059830009937286377 0.0908204689621925354 0.096656404435634613037 0.10270842164754867554 0.10487188398838043213 0.099351003766059875488 0.095710583031177520752 0.093491062521934509277 0.10492258518934249878 0.11846338957548141479 0.12437168508768081665 0.11603597551584243774 0.098804287612438201904 0.089712515473365783691 0.089622065424919128418 0.090208105742931365967 0.094262070953845977783 0.097335785627365112305 0.097527235746383666992 0.10023288428783416748 0.10531105101108551025 0.11143719404935836792 0.10894047468900680542 0.10921540111303329468 0.10677177459001541138 0.10456421226263046265 0.10070639103651046753
