INPUT/RASTER/ASCII/blue2023.asc
ncols        225
nrows        269
xllcorner    473009.983799999987
yllcorner    4429051.174800000153
cellsize     50.000000000000
NODATA_value -9999
[rows 198 to 215 of 269, columns 164 to 204 of 225]
0.10407925397157669067 0.11026273667812347412 0.10750834643840789795 0.10512144118547439575 0.10450869053602218628 0.10318033397197723389 0.1017189323902130127 0.10096623003482818604 0.097171910107135772705 0.10235247761011123657 0.10284437984228134155 0.10482144355773925781 0.10343974828720092773 0.10713659226894378662 0.10900732129812240601 0.11414797604084014893 0.12163271009922027588 0.11323380470275878906 0.10997787117958068848 0.11423831433057785034 0.10825131088495254517 0.099209196865558624268 0.093935355544090270996 0.095215849578380584717 0.099721334874629974365 0.10192859172821044922 0.10923691093921661377 0.10122956335544586182 0.10010233521461486816 0.10413570702075958252 0.11151510477066040039 0.11168929189443588257 0.10732848197221755981 0.10369572043418884277 0.10180384665727615356 0.10140890628099441528 0.10836597532033920288 0.11080226302146911621 0.10557135194540023804 0.097937829792499542236 0.097579941153526306152
0.10643168538808822632 0.11124180257320404053 0.10743536800146102905 0.10374266654253005981 0.10399735718965530396 0.10200659185647964478 0.099803782999515533447 0.098458454012870788574 0.095816038548946380615 0.10036904364824295044 0.10409183800220489502 0.10784700512886047363 0.11027969419956207275 0.10786374658346176147 0.11107675731182098389 0.11683540791273117065 0.12329225242137908936 0.11390069872140884399 0.11047100275754928589 0.11123229563236236572 0.11119786649942398071 0.10407505184412002563 0.096150644123554229736 0.09795459359884262085 0.10160455107688903809 0.10554811358451843262 0.10734356194734573364 0.10579216480255126953 0.10768960416316986084 0.11047065258026123047 0.1135133206844329834 0.11340849101543426514 0.11078136414289474487 0.11047504842281341553 0.10895055532455444336 0.1098302304744720459 0.11201249808073043823 0.10892169177532196045 0.10048980265855789185 0.10070531070232391357 0.096640385687351226807
0.10493070632219314575 0.1081894412636756897 0.10524967312812805176 0.10462197661399841309 0.10478299111127853394 0.10256223380565643311 0.10203712433576583862 0.097890473902225494385 0.096429534256458282471 0.10163844376802444458 0.10486102104187011719 0.10615428537130355835 0.10928662866353988647 0.10947600752115249634 0.1132496371865272522 0.11872265487909317017 0.11900877952575683594 0.11933586001396179199 0.11469916254281997681 0.11183780431747436523 0.11441703140735626221 0.10990967601537704468 0.1041402667760848999 0.10880331695079803467 0.10789783298969268799 0.11213123053312301636 0.11114534735679626465 0.11138552427291870117 0.11415576934814453125 0.11766788363456726074 0.11253652721643447876 0.10883359611034393311 0.10870900750160217285 0.10922021418809890747 0.10672900080680847168 0.10585862398147583008 0.10699082911014556885 0.10183346271514892578 0.10162726044654846191 0.10113772004842758179 0.098989062011241912842
0.10401944816112518311 0.10693734884262084961 0.10642287880182266235 0.10604921728372573853 0.10411071032285690308 0.10363627225160598755 0.10363280773162841797 0.10061600059270858765 0.096158012747764587402 0.10079208016395568848 0.10446433722972869873 0.10167943686246871948 0.10525254905223846436 0.10863368958234786987 0.11571576446294784546 0.11808753758668899536 0.11215570569038391113 0.11959190666675567627 0.11352061480283737183 0.1054581180214881897 0.10722269117832183838 0.10937903821468353271 0.11367634683847427368 0.11583047360181808472 0.11445935070514678955 0.11621784418821334839 0.11519911885261535645 0.11176363378763198853 0.11816439032554626465 0.11792919784784317017 0.11022080481052398682 0.1067212522029876709 0.11081847548484802246 0.11108843982219696045 0.11068910360336303711 0.10444567352533340454 0.10150851309299468994 0.097435668110847473145 0.10031767934560775757 0.10290360450744628906 0.10100302845239639282
0.10719775408506393433 0.11181039363145828247 0.11714177578687667847 0.11533360928297042847 0.10788542777299880981 0.1060137525200843811 0.10876333713531494141 0.10873354971408843994 0.098189748823642730713 0.10171812772750854492 0.10511011630296707153 0.10110715031623840332 0.10005390644073486328 0.10666624456644058228 0.11584208905696868896 0.12001091986894607544 0.11235703527927398682 0.10780535638332366943 0.10358459502458572388 0.11095865815877914429 0.1091734468936920166 0.11386628448963165283 0.11373695731163024902 0.11085663735866546631 0.11366496235132217407 0.11960469931364059448 0.11586340516805648804 0.1095323413610458374 0.11533874273300170898 0.11566079407930374146 0.10651892423629760742 0.10460561513900756836 0.11475045979022979736 0.11561636626720428467 0.111443348228931427 0.104643993079662323 0.10088914632797241211 0.098854757845401763916 0.099766060709953308105 0.099437542259693145752 0.10075860470533370972
0.11193648725748062134 0.11632443219423294067 0.11841678619384765625 0.11612003296613693237 0.11087571084499359131 0.11156994104385375977 0.11228596419095993042 0.10875586420297622681 0.10039825737476348877 0.10338239371776580811 0.10328201204538345337 0.098981991410255432129 0.095654197037220001221 0.10104107111692428589 0.10630044341087341309 0.11160311847925186157 0.10897729545831680298 0.1048200950026512146 0.10834562033414840698 0.11791799217462539673 0.11174164712429046631 0.11244095861911773682 0.10667853802442550659 0.11138225346803665161 0.11897989362478256226 0.11950712651014328003 0.1191134527325630188 0.11288297921419143677 0.10790403187274932861 0.10575152188539505005 0.10408142209053039551 0.11369041353464126587 0.11908500641584396362 0.11749417334794998169 0.10973764210939407349 0.10500247031450271606 0.10155352205038070679 0.10209997743368148804 0.10006786882877349854 0.096864618360996246338 0.10606689006090164185
0.10477221757173538208 0.10701160132884979248 0.11104629933834075928 0.11277198046445846558 0.1119104921817779541 0.11403758078813552856 0.11883122473955154419 0.11116962134838104248 0.10085498541593551636 0.098087199032306671143 0.099134996533393859863 0.097720779478549957275 0.095838770270347595215 0.10263475775718688965 0.10318996012210845947 0.10648149996995925903 0.10891301929950714111 0.10723033547401428223 0.11292617768049240112 0.1131769716739654541 0.10662698745727539063 0.10825782269239425659 0.10656293481588363647 0.12031903117895126343 0.1265509873628616333 0.1198045387864112854 0.11988118290901184082 0.1141775175929069519 0.10754547268152236938 0.10033084452152252197 0.10078347474336624146 0.1156031489372253418 0.11841367185115814209 0.12016960233449935913 0.11663915961980819702 0.10790326446294784546 0.10959822684526443481 0.11228623241186141968 0.1144113391637802124 0.10588884353637695313 0.1143124997615814209
0.10691846162080764771 0.10521948337554931641 0.10393146425485610962 0.10821416974067687988 0.11376382410526275635 0.11305467784404754639 0.12073297053575515747 0.11570636183023452759 0.099349714815616607666 0.095004662871360778809 0.099302791059017181396 0.098946750164031982422 0.098178438842296600342 0.10092430561780929565 0.10294806212186813354 0.11142395436763763428 0.11552550643682479858 0.11628040671348571777 0.10896877199411392212 0.1007642894983291626 0.10198448598384857178 0.10244250297546386719 0.1070855259895324707 0.11846599727869033813 0.12205904722213745117 0.12107821553945541382 0.12148275971412658691 0.11453093588352203369 0.10698834061622619629 0.10129423439502716064 0.10531520098447799683 0.1141560673713684082 0.10985612869262695313 0.1184417232871055603 0.11591629683971405029 0.11613219231367111206 0.11891411244869232178 0.11568220704793930054 0.1194726899266242981 0.11492701619863510132 0.11273621022701263428
0.10401190072298049927 0.10541758686304092407 0.10785677284002304077 0.11015760153532028198 0.11271902918815612793 0.11051885783672332764 0.11128167808055877686 0.10881099849939346313 0.098392978310585021973 0.093184493482112884521 0.098595082759857177734 0.098248563706874847412 0.1005878448486328125 0.099600329995155334473 0.10213246941566467285 0.11136600375175476074 0.11829584836959838867 0.11443580687046051025 0.1072306707501411438 0.098895080387592315674 0.099676162004470825195 0.09904851764440536499 0.10593321919441223145 0.11052067577838897705 0.10916779190301895142 0.11354459077119827271 0.11926847696304321289 0.11398458480834960938 0.10735016316175460815 0.10545884817838668823 0.10823948681354522705 0.11245422065258026123 0.11086361110210418701 0.11564605683088302612 0.11431582272052764893 0.11771234869956970215 0.12130837142467498779 0.11663188040256500244 0.11755037307739257813 0.11837108433246612549 0.12183998525142669678
0.10239873826503753662 0.10629260540008544922 0.10705437511205673218 0.1075808107852935791 0.10602410882711410522 0.1028904840350151062 0.10278437286615371704 0.10664058476686477661 0.098989456892013549805 0.093609482049942016602 0.09591172635555267334 0.09527171403169631958 0.097226858139038085938 0.099078759551048278809 0.10028812289237976074 0.11011856049299240112 0.10979747772216796875 0.10172929614782333374 0.1034013703465461731 0.10200712829828262329 0.096204675734043121338 0.095348328351974487305 0.10313056409358978271 0.10692556202411651611 0.10817189514636993408 0.11088971793651580811 0.11568207293748855591 0.11237357556819915771 0.11020767688751220703 0.10962590575218200684 0.10861222445964813232 0.106959514319896698 0.104494437575340271 0.11151657998561859131 0.11220715194940567017 0.11505115777254104614 0.11589818447828292847 0.11975889652967453003 0.11835522204637527466 0.11958795040845870972 0.12382405996322631836
0.10439334064722061157 0.10365929454565048218 0.10327930748462677002 0.10489720851182937622 0.10227659344673156738 0.09815934300422668457 0.10114678740501403809 0.10939902067184448242 0.10741098970174789429 0.099029183387756347656 0.097023375332355499268 0.093857012689113616943 0.092962905764579772949 0.097264900803565979004 0.098109744489192962646 0.096425011754035949707 0.097251139581203460693 0.10223444551229476929 0.10179993510246276855 0.098673164844512939453 0.096451327204704284668 0.097364194691181182861 0.10158602148294448853 0.10867942124605178833 0.10842067748308181763 0.11205191165208816528 0.11420232057571411133 0.11181139200925827026 0.113386496901512146 0.11321295052766799927 0.1105388253927230835 0.10516015440225601196 0.1037654876708984375 0.10529725998640060425 0.1071720123291015625 0.10677078366279602051 0.10776970535516738892 0.10947788506746292114 0.11344272643327713013 0.11898784339427947998 0.12200539559125900269
0.10431682318449020386 0.10260657221078872681 0.10314558446407318115 0.10167229175567626953 0.10146737843751907349 0.097853764891624450684 0.10050255060195922852 0.11044697463512420654 0.11109306663274765015 0.10283958911895751953 0.10267698019742965698 0.096884697675704956055 0.093550346791744232178 0.093785740435123443604 0.09456167370080947876 0.092471621930599212646 0.097059048712253570557 0.10391505807638168335 0.10324489325284957886 0.099018067121505737305 0.099113374948501586914 0.10211543738842010498 0.10228714346885681152 0.10626194626092910767 0.10255058109760284424 0.10873576253652572632 0.11460609734058380127 0.1147678866982460022 0.11474746465682983398 0.11505323648452758789 0.11763535439968109131 0.11384049803018569946 0.11285967379808425903 0.10915692150592803955 0.10479918122291564941 0.10438667237758636475 0.10838016867637634277 0.11061124503612518311 0.11410291492938995361 0.12161703407764434814 0.12527981400489807129
0.1068800315260887146 0.10542385280132293701 0.10226397216320037842 0.10448308289051055908 0.10380864143371582031 0.099430061876773834229 0.10384090244770050049 0.10973976552486419678 0.10703961551189422607 0.10429627448320388794 0.10419065505266189575 0.10068021714687347412 0.094656683504581451416 0.091653168201446533203 0.091349609196186065674 0.091478630900382995605 0.095830500125885009766 0.10165223479270935059 0.096936263144016265869 0.09744523465633392334 0.10072847455739974976 0.10257801413536071777 0.10414382070302963257 0.10226051509380340576 0.10442073643207550049 0.11218519508838653564 0.11618785560131072998 0.11891946196556091309 0.11299043893814086914 0.11661741882562637329 0.11890609562397003174 0.11587702482938766479 0.11159009486436843872 0.10719204694032669067 0.10269748419523239136 0.10186410695314407349 0.1069398149847984314 0.11425709724426269531 0.11752874404191970825 0.11605704575777053833 0.11943239718675613403
0.10975800454616546631 0.10754540562629699707 0.10794346034526824951 0.10546660423278808594 0.10188662260770797729 0.10337383300065994263 0.10670920461416244507 0.10616502910852432251 0.10628414154052734375 0.10564736276865005493 0.10557270050048828125 0.10534597933292388916 0.10009390860795974731 0.095688834786415100098 0.092477068305015563965 0.088945105671882629395 0.090703226625919342041 0.092414423823356628418 0.091617226600646972656 0.099942073225975036621 0.10382154583930969238 0.10186240822076797485 0.10320480912923812866 0.10359717905521392822 0.10721936076879501343 0.11352437734603881836 0.11512481421232223511 0.11741349101066589355 0.11128731817007064819 0.11107496172189712524 0.11002369970083236694 0.10920714586973190308 0.10232692211866378784 0.10505999624729156494 0.10337501019239425659 0.10284142196178436279 0.10456793755292892456 0.11441579461097717285 0.11172334849834442139 0.1038166433572769165 0.10843660682439804077
0.10893322527408599854 0.11272032558917999268 0.10846372693777084351 0.10574073344469070435 0.10329234600067138672 0.10875160247087478638 0.10730276256799697876 0.10566785186529159546 0.10497830063104629517 0.10446944832801818848 0.10653202980756759644 0.1016987338662147522 0.096380643546581268311 0.092387892305850982666 0.094480991363525390625 0.091930978000164031982 0.09063228219747543335 0.088188342750072479248 0.091652445495128631592 0.10481537878513336182 0.10935157537460327148 0.10421100258827209473 0.10383252799510955811 0.1057732701301574707 0.107939109206199646 0.1080207526683807373 0.10873384773731231689 0.11037354171276092529 0.11231156438589096069 0.11045075953006744385 0.10577087104320526123 0.10379850119352340698 0.09926198422908782959 0.10131293535232543945 0.10279759764671325684 0.10675748437643051147 0.10470580309629440308 0.10600459575653076172 0.10541313886642456055 0.10105147212743759155 0.10694967210292816162
0.11475256085395812988 0.10988086462020874023 0.10394557565450668335 0.10425424575805664063 0.10512182861566543579 0.10637810081243515015 0.10588286817073822021 0.10604545474052429199 0.10425043106079101563 0.10183601826429367065 0.10020759701728820801 0.094394125044345855713 0.09162823110818862915 0.091828078031539916992 0.091936297714710235596 0.091236740350723266602 0.088569767773151397705 0.088014401495456695557 0.095863282680511474609 0.10870438814163208008 0.117673531174659729 0.11744058132171630859 0.10695868730545043945 0.10495610535144805908 0.10747769474983215332 0.10688300430774688721 0.10515682399272918701 0.10681958496570587158 0.11473983526229858398 0.1139289364218711853 0.10573159903287887573 0.10259147733449935913 0.098351918160915374756 0.10148545354604721069 0.10667964071035385132 0.11074364185333251953 0.10677663236856460571 0.10088223963975906372 0.10295812785625457764 0.10362398624420166016 0.10610933601856231689
0.12826511263847351074 0.11725102365016937256 0.10983223468065261841 0.10512331128120422363 0.10697445273399353027 0.10734346508979797363 0.10539877414703369141 0.105702228844165802 0.10276749730110168457 0.097921267151832580566 0.093597084283828735352 0.091236509382724761963 0.091147132217884063721 0.09109411388635635376 0.09162416309118270874 0.092135690152645111084 0.090909846127033233643 0.095439985394477844238 0.11069573462009429932 0.11601731181144714355 0.12039044499397277832 0.11684040725231170654 0.10975518077611923218 0.10963473469018936157 0.10999187827110290527 0.11408913880586624146 0.1149656251072883606 0.10698043555021286011 0.1124320104718208313 0.10974837839603424072 0.099970087409019470215 0.099327705800533294678 0.10013268887996673584 0.10092461854219436646 0.10510715097188949585 0.10715042054653167725 0.10297990590333938599 0.10172409564256668091 0.10282838344573974609 0.10427869856357574463 0.11013391613960266113
0.13296197354793548584 0.12226355075836181641 0.11088378727436065674 0.10421935468912124634 0.10386590659618377686 0.10377322137355804443 0.10307829827070236206 0.10201529413461685181 0.09800122678279876709 0.09381685405969619751 0.090910397469997406006 0.0893041267991065979 0.090642668306827545166 0.095394685864448547363 0.097379125654697418213 0.10786217451095581055 0.11219592392444610596 0.11012164503335952759 0.12355272471904754639 0.12482763081789016724 0.11683499068021774292 0.11096718162298202515 0.11096592247486114502 0.1138324439525604248 0.12122374773025512695 0.11835873126983642578 0.11800349503755569458 0.11495542526245117188 0.11204893887042999268 0.11411489546298980713 0.10120126605033874512 0.10238564759492874146 0.10561326146125793457 0.10150672495365142822 0.10450604557991027832 0.1046266406774520874 0.10258189588785171509 0.10060982406139373779 0.09880498051643371582 0.10056190192699432373 0.10889998078346252441
