INPUT/RASTER/ASCII/blue2023.asc
ncols        225
nrows        269
xllcorner    473009.983799999987
yllcorner    4429051.174800000153
cellsize     50.000000000000
NODATA_value -9999
[rows 36 to 53 of 269, columns 82 to 122 of 225]
0.094216562807559967041 0.093268029391765594482 0.092224523425102233887 0.092941351234912872314 0.093294829130172729492 0.09562572091817855835 0.1014122888445854187 0.098943248391151428223 0.097015179693698883057 0.10350148379802703857 0.10317520797252655029 0.10313054919242858887 0.10501450300216674805 0.10288494080305099487 0.1037122681736946106 0.10130701959133148193 0.094868622720241546631 0.096265740692615509033 0.098982214927673339844 0.10292308032512664795 0.096926525235176086426 0.097606725990772247314 0.096391908824443817139 0.099115133285522460938 0.10464166849851608276 0.10562770068645477295 0.10006219148635864258 0.094466269016265869141 0.093944683670997619629 0.094793781638145446777 0.10314874351024627686 0.11591873317956924438 0.11843578517436981201 0.10864319652318954468 0.10569953173398971558 0.10299201309680938721 0.097942396998405456543 0.095249131321907043457 0.096325159072875976563 0.11493012309074401855 0.12291350960731506348
0.093141436576843261719 0.091670915484428405762 0.091518826782703399658 0.091992154717445373535 0.096136130392551422119 0.10176672786474227905 0.10571373999118804932 0.1001578792929649353 0.099680878221988677979 0.099113672971725463867 0.1034053415060043335 0.098759241402149200439 0.09907169640064239502 0.10564862936735153198 0.10109900683164596558 0.097480475902557373047 0.095081016421318054199 0.093261457979679107666 0.092693589627742767334 0.10127870738506317139 0.10067965835332870483 0.10109897702932357788 0.099520884454250335693 0.096437625586986541748 0.096392594277858734131 0.10353544354438781738 0.10677786171436309814 0.096552811563014984131 0.09546566009521484375 0.097986251115798950195 0.10904835909605026245 0.11329074203968048096 0.11906983703374862671 0.11518131941556930542 0.11130164563655853271 0.10673934221267700195 0.098636858165264129639 0.095061086118221282959 0.097826927900314331055 0.10148180276155471802 0.11913802474737167358
0.09967899322509765625 0.094432346522808074951 0.092032663524150848389 0.093994691967964172363 0.093689531087875366211 0.093113750219345092773 0.091842636466026306152 0.094267636537551879883 0.096546374261379241943 0.097666986286640167236 0.10092452913522720337 0.098527863621711730957 0.10241475701332092285 0.10193327069282531738 0.099876277148723602295 0.0962335243821144104 0.096155978739261627197 0.09491262584924697876 0.096302233636379241943 0.098703771829605102539 0.09781169891357421875 0.1005967557430267334 0.10077356547117233276 0.098971426486968994141 0.10034259408712387085 0.11207997798919677734 0.11986599117517471313 0.10507130622863769531 0.095933012664318084717 0.10074899345636367798 0.10535504668951034546 0.10471394658088684082 0.11040803045034408569 0.11026860028505325317 0.10493601858615875244 0.10568029433488845825 0.098497673869132995605 0.093059539794921875 0.097617492079734802246 0.099387384951114654541 0.10956999659538269043
0.10570608079433441162 0.093815371394157409668 0.093108221888542175293 0.090372428297996520996 0.089707709848880767822 0.089508607983589172363 0.088495522737503051758 0.090771354734897613525 0.09365663677453994751 0.094564802944660186768 0.094864599406719207764 0.098761141300201416016 0.10229603201150894165 0.098760373890399932861 0.093318358063697814941 0.092267654836177825928 0.09757639467716217041 0.099986799061298370361 0.099555850028991699219 0.093410871922969818115 0.094326645135879516602 0.095695465803146362305 0.097933426499366760254 0.105604514479637146 0.11019926518201828003 0.10946274548768997192 0.11021484434604644775 0.10657358169555664063 0.10695149004459381104 0.10497070848941802979 0.10680481046438217163 0.10455529391765594482 0.10261472314596176147 0.10477708280086517334 0.10418979078531265259 0.098183304071426391602 0.092300757765769958496 0.093735702335834503174 0.098984457552433013916 0.10238912701606750488 0.10625453293323516846
0.094822958111763000488 0.094472505152225494385 0.096089385449886322021 0.092086561024188995361 0.0905931815505027771 0.090734533965587615967 0.09126301109790802002 0.089529961347579956055 0.091378681361675262451 0.096959598362445831299 0.10256716609001159668 0.10284780710935592651 0.10013535618782043457 0.09462788701057434082 0.093483328819274902344 0.098598845303058624268 0.09974434971809387207 0.10029748827219009399 0.09669189155101776123 0.093420810997486114502 0.098852187395095825195 0.10557162016630172729 0.10643859952688217163 0.10601148009300231934 0.10969467461109161377 0.11360985040664672852 0.10470259934663772583 0.10513494908809661865 0.10886190831661224365 0.10469844192266464233 0.10436931997537612915 0.10275551676750183105 0.10314890742301940918 0.10311155766248703003 0.10464986413717269897 0.096063405275344848633 0.095043167471885681152 0.096989102661609649658 0.099515669047832489014 0.097528748214244842529 0.10241919755935668945
0.096918508410453796387 0.094468779861927032471 0.090676315128803253174 0.091335624456405639648 0.091656506061553955078 0.090299025177955627441 0.093919776380062103271 0.095557257533073425293 0.092612028121948242188 0.096081659197807312012 0.10121966153383255005 0.10092476755380630493 0.098542682826519012451 0.094482719898223876953 0.097982533276081085205 0.099276810884475708008 0.095768243074417114258 0.10232450813055038452 0.092586524784564971924 0.092339739203453063965 0.10298675298690795898 0.10542223602533340454 0.10111612826585769653 0.099001072347164154053 0.10971732437610626221 0.11955746263265609741 0.11511256545782089233 0.10261736810207366943 0.099189519882202148438 0.10829236358404159546 0.10565941780805587769 0.095123119652271270752 0.098344206809997558594 0.10025592148303985596 0.096146143972873687744 0.094287723302841186523 0.094850882887840270996 0.099413044750690460205 0.10337737947702407837 0.1013338044285774231 0.10427179187536239624
0.10387222468852996826 0.10020896047353744507 0.092550665140151977539 0.092258319258689880371 0.093795485794544219971 0.091022431850433349609 0.096339397132396697998 0.093963451683521270752 0.093064524233341217041 0.09467150270938873291 0.10097826272249221802 0.10297536849975585938 0.10177075862884521484 0.096846953034400939941 0.094521902501583099365 0.095198996365070343018 0.092366598546504974365 0.10206940025091171265 0.095661632716655731201 0.098515935242176055908 0.1031338125467300415 0.1025597304105758667 0.095976695418357849121 0.096378818154335021973 0.10104048252105712891 0.11327771842479705811 0.12266463041305541992 0.11777793616056442261 0.10002417117357254028 0.10342466086149215698 0.10350145399570465088 0.09534037858247756958 0.097005911171436309814 0.094027847051620483398 0.091537460684776306152 0.093468010425567626953 0.096447825431823730469 0.098397269845008850098 0.1016351655125617981 0.097979903221130371094 0.097832977771759033203
0.10474490374326705933 0.10032240301370620728 0.094006404280662536621 0.092180401086807250977 0.090624235570430755615 0.089704930782318115234 0.093405187129974365234 0.092325329780578613281 0.091201856732368469238 0.096944347023963928223 0.10610416531562805176 0.099660500884056091309 0.097877733409404754639 0.099619701504707336426 0.090860143303871154785 0.090257592499256134033 0.09132862091064453125 0.098369136452674865723 0.099802799522876739502 0.10299611836671829224 0.10383962094783782959 0.1024132072925567627 0.09766136854887008667 0.099165178835391998291 0.097506262362003326416 0.10114524513483047485 0.10233281552791595459 0.1184073910117149353 0.11417490243911743164 0.10368286073207855225 0.10198297351598739624 0.097263425588607788086 0.10072472691535949707 0.095747523009777069092 0.092805676162242889404 0.10143262147903442383 0.10202375054359436035 0.09913368523120880127 0.097181431949138641357 0.095941677689552307129 0.095713473856449127197
0.10754146426916122437 0.10289984196424484253 0.096964307129383087158 0.092566005885601043701 0.092167146503925323486 0.091271460056304931641 0.095290102064609527588 0.1017270311713218689 0.10210923105478286743 0.10283939540386199951 0.10127703100442886353 0.093189261853694915771 0.09147237241268157959 0.092597715556621551514 0.09292898327112197876 0.093399465084075927734 0.092098869383335113525 0.097328990697860717773 0.10295637696981430054 0.10600418597459793091 0.10784817487001419067 0.1040124744176864624 0.1010129973292350769 0.097982063889503479004 0.10111168771982192993 0.098291970789432525635 0.095854490995407104492 0.10686831176280975342 0.10958800464868545532 0.098465740680694580078 0.095407098531723022461 0.096352607011795043945 0.09994366765022277832 0.09694004058837890625 0.097209379076957702637 0.10388792306184768677 0.098928973078727722168 0.097320623695850372314 0.09401763230562210083 0.094077654182910919189 0.097600877285003662109
0.10600648820400238037 0.10879776626825332642 0.099004201591014862061 0.094914458692073822021 0.094672866165637969971 0.0950983390212059021 0.099636301398277282715 0.10046901553869247437 0.10331079363822937012 0.10693089663982391357 0.10198665410280227661 0.094698950648307800293 0.089484676718711853027 0.08917859196662902832 0.0919782295823097229 0.094937942922115325928 0.0931703224778175354 0.094871766865253448486 0.11133507639169692993 0.11603488773107528687 0.1140872761607170105 0.10718389600515365601 0.10011208802461624146 0.097158998250961303711 0.099788986146450042725 0.097338296473026275635 0.098251193761825561523 0.10962541401386260986 0.10873209685087203979 0.092882908880710601807 0.090648621320724487305 0.092417068779468536377 0.097268670797348022461 0.10205507278442382813 0.1005935370922088623 0.10345457494258880615 0.10461303591728210449 0.10588546842336654663 0.094163164496421813965 0.094582282006740570068 0.096786573529243469238
0.11084581166505813599 0.11600670218467712402 0.1077132001519203186 0.10834164917469024658 0.098875634372234344482 0.09925766289234161377 0.096642673015594482422 0.095346786081790924072 0.095744274556636810303 0.098262540996074676514 0.10001080483198165894 0.098749883472919464111 0.093364387750625610352 0.090985126793384552002 0.092983171343803405762 0.093870013952255249023 0.092059805989265441895 0.094751439988613128662 0.11325006932020187378 0.11876031756401062012 0.11121429502964019775 0.10854017734527587891 0.10439340770244598389 0.095756940543651580811 0.095130465924739837646 0.10084964334964752197 0.10340332984924316406 0.11043314635753631592 0.10349534451961517334 0.093114644289016723633 0.08876158297061920166 0.088391155004501342773 0.092514745891094207764 0.10212939232587814331 0.097750283777713775635 0.099760770797729492188 0.10130599141120910645 0.1010144650936126709 0.095879986882209777832 0.098895743489265441895 0.098013065755367279053
0.10726547986268997192 0.1067621186375617981 0.1029957309365272522 0.099382102489471435547 0.091271869838237762451 0.092674560844898223877 0.095913909375667572021 0.096683770418167114258 0.093825057148933410645 0.095055781304836273193 0.098241522908210754395 0.10189376026391983032 0.098484843969345092773 0.09619636833667755127 0.096979990601539611816 0.094998054206371307373 0.094701811671257019043 0.098715268075466156006 0.10807966440916061401 0.11387800425291061401 0.10281871259212493896 0.1085310131311416626 0.10933864861726760864 0.10587431490421295166 0.10849502682685852051 0.10944484919309616089 0.1169397011399269104 0.11610209941864013672 0.10206171125173568726 0.095448665320873260498 0.089749775826930999756 0.088381133973598480225 0.088824577629566192627 0.094820037484169006348 0.095767498016357421875 0.095662854611873626709 0.098450370132923126221 0.099719211459159851074 0.099262371659278869629 0.10287142544984817505 0.10396391153335571289
0.10979187488555908203 0.10682480782270431519 0.098834522068500518799 0.091806888580322265625 0.090194337069988250732 0.09331436455249786377 0.094164781272411346436 0.09471546858549118042 0.091967694461345672607 0.092453829944133758545 0.090349085628986358643 0.093724384903907775879 0.09510908275842666626 0.098301894962787628174 0.096991531550884246826 0.095822192728519439697 0.10197503119707107544 0.1035039946436882019 0.10252794623374938965 0.10478710383176803589 0.09764525294303894043 0.10204808413982391357 0.10494778305292129517 0.10720311105251312256 0.10914843529462814331 0.1115425601601600647 0.11338269710540771484 0.1105554923415184021 0.10584688186645507813 0.096635758876800537109 0.091620065271854400635 0.09025875478982925415 0.090980343520641326904 0.091612689197063446045 0.093440413475036621094 0.095636330544948577881 0.09756911545991897583 0.10289071500301361084 0.10320179164409637451 0.10684256255626678467 0.10756248980760574341
0.11311634629964828491 0.10535170137882232666 0.097029343247413635254 0.098590709269046783447 0.095730476081371307373 0.097224026918411254883 0.096231244504451751709 0.092590346932411193848 0.092172332108020782471 0.092567585408687591553 0.09057315438985824585 0.091207586228847503662 0.092596001923084259033 0.093490958213806152344 0.094508372247219085693 0.097390316426753997803 0.10075479745864868164 0.097843997180461883545 0.099424719810485839844 0.10111165046691894531 0.097472921013832092285 0.092826262116432189941 0.093261845409870147705 0.099722698330879211426 0.099889993667602539063 0.10047639906406402588 0.11271678656339645386 0.10936912894248962402 0.10199429839849472046 0.096520125865936279297 0.10298018157482147217 0.096021622419357299805 0.090303115546703338623 0.092538446187973022461 0.094656072556972503662 0.098538346588611602783 0.10002763569355010986 0.1016636192798614502 0.10610765218734741211 0.10877812653779983521 0.10828328877687454224
0.11565399914979934692 0.10481768101453781128 0.10377480834722518921 0.099856898188591003418 0.097977787256240844727 0.10120196640491485596 0.098572105169296264648 0.091291889548301696777 0.091477826237678527832 0.091200873255729675293 0.090888828039169311523 0.091468006372451782227 0.093846581876277923584 0.093734696507453918457 0.095775283873081207275 0.098319649696350097656 0.10307826101779937744 0.10269251465797424316 0.10090165585279464722 0.10199033468961715698 0.097651533782482147217 0.092993050813674926758 0.093500010669231414795 0.097290419042110443115 0.096904046833515167236 0.09899374842643737793 0.1094714924693107605 0.104338034987449646 0.096653915941715240479 0.091513045132160186768 0.10186693072319030762 0.10858468711376190186 0.097401894629001617432 0.094089202582836151123 0.096972152590751647949 0.10008298605680465698 0.097507432103157043457 0.10158118605613708496 0.11325576156377792358 0.11553819477558135986 0.11441999673843383789
0.10247242450714111328 0.10564371198415756226 0.10513255000114440918 0.097321368753910064697 0.094194434583187103271 0.098643817007541656494 0.095470666885375976563 0.091430433094501495361 0.094124063849449157715 0.095925636589527130127 0.094730056822299957275 0.093524292111396789551 0.094157710671424865723 0.093853779137134552002 0.095121048390865325928 0.095434211194515228271 0.10076463222503662109 0.10723408311605453491 0.10123633593320846558 0.098625428974628448486 0.094339109957218170166 0.091406971216201782227 0.094239287078380584717 0.094699844717979431152 0.094155885279178619385 0.096843302249908447266 0.10283735394477844238 0.10206571221351623535 0.1031522899866104126 0.092415213584899902344 0.095597922801971435547 0.10236344486474990845 0.10115472972393035889 0.10099997371435165405 0.10189529508352279663 0.10634414106607437134 0.10211106389760971069 0.10234002768993377686 0.11722228676080703735 0.12357496470212936401 0.11679046601057052612
0.095739118754863739014 0.097406797111034393311 0.099959209561347961426 0.094865903258323669434 0.092667222023010253906 0.09692011028528213501 0.095457747578620910645 0.097896017134189605713 0.10465105623006820679 0.098568014800548553467 0.094079732894897460938 0.096961900591850280762 0.093110978603363037109 0.093165628612041473389 0.099246837198734283447 0.096376366913318634033 0.099792547523975372314 0.10559963434934616089 0.098271057009696960449 0.098247885704040527344 0.096398308873176574707 0.091903366148471832275 0.094020403921604156494 0.09293130040168762207 0.093333140015602111816 0.10197021812200546265 0.10426083207130432129 0.09826329350471496582 0.10605651885271072388 0.095191985368728637695 0.09314431995153427124 0.095328390598297119141 0.089919321238994598389 0.092318624258041381836 0.10122671723365783691 0.11109510809183120728 0.10377367585897445679 0.10360136628150939941 0.10331383347511291504 0.10282289981842041016 0.10243883728981018066
0.094424068927764892578 0.10565658658742904663 0.10902219265699386597 0.097883790731430053711 0.10109045356512069702 0.10646205395460128784 0.10107892006635665894 0.11055285483598709106 0.11118996143341064453 0.097869612276554107666 0.093332067131996154785 0.093757368624210357666 0.093440778553485870361 0.092823758721351623535 0.095900915563106536865 0.095391198992729187012 0.09543193131685256958 0.099289081990718841553 0.095081508159637451172 0.0940038338303565979 0.096951708197593688965 0.095643132925033569336 0.095067799091339111328 0.09451755136251449585 0.10017640143632888794 0.10997799038887023926 0.10299856960773468018 0.092832796275615692139 0.094258792698383331299 0.091557666659355163574 0.090963214635848999023 0.089325532317161560059 0.0887354239821434021 0.090597189962863922119 0.10028827935457229614 0.10825018584728240967 0.10384371131658554077 0.096459358930587768555 0.094732530415058135986 0.098481282591819763184 0.096948072314262390137
