INPUT/RASTER/ASCII/blue2021.asc
ncols        225
nrows        269
xllcorner    473009.983799999987
yllcorner    4429051.174800000153
cellsize     50.000000000000
NODATA_value -9999
[rows 72 to 89 of 269, columns 41 to 81 of 225]
0.11070145666599273682 0.10874806344509124756 0.10980858653783798218 0.10218081623315811157 0.1064605712890625 0.11070981621742248535 0.10918629914522171021 0.10308693349361419678 0.10422380268573760986 0.11111097782850265503 0.10583526641130447388 0.098124735057353973389 0.09776572883129119873 0.099790662527084350586 0.10079829394817352295 0.10237387567758560181 0.10495149344205856323 0.097684323787689208984 0.10300385206937789917 0.11398722976446151733 0.12549820542335510254 0.12356491386890411377 0.11386491358280181885 0.097279436886310577393 0.093697525560855865479 0.094827659428119659424 0.1072836071252822876 0.10487893223762512207 0.099279679358005523682 0.098306782543659210205 0.095421731472015380859 0.098665438592433929443 0.10070446133613586426 0.099002473056316375732 0.10820078849792480469 0.10555982589721679688 0.099025830626487731934 0.10068902373313903809 0.11351830512285232544 0.10923011600971221924 0.10020780563354492188
0.11450142413377761841 0.11590002477169036865 0.11492341011762619019 0.11425612866878509521 0.11438021808862686157 0.11464759707450866699 0.11308196932077407837 0.11607749760150909424 0.12071552127599716187 0.12191078811883926392 0.10850239545106887817 0.09907576441764831543 0.098098233342170715332 0.10259470343589782715 0.10083542019128799438 0.10529534518718719482 0.11154375970363616943 0.10627913475036621094 0.10381971299648284912 0.11545515060424804688 0.12228571623563766479 0.12625169754028320313 0.12290248274803161621 0.10090488195419311523 0.095048718154430389404 0.095204696059226989746 0.10189353674650192261 0.11182329803705215454 0.10730689018964767456 0.099856071174144744873 0.098401002585887908936 0.10266836732625961304 0.11292429268360137939 0.1049966663122177124 0.1125888526439666748 0.10396409034729003906 0.10346692800521850586 0.10714878886938095093 0.11074022203683853149 0.10289002954959869385 0.10263078659772872925
0.11323857307434082031 0.10936370491981506348 0.10650338232517242432 0.11590582132339477539 0.11714738607406616211 0.11319869011640548706 0.11350789666175842285 0.11875546723604202271 0.11871718615293502808 0.11768903583288192749 0.11434704810380935669 0.10404080897569656372 0.10200624167919158936 0.10638515651226043701 0.10268414020538330078 0.10775076597929000854 0.10920673608779907227 0.10668507963418960571 0.10783934593200683594 0.11065290868282318115 0.11126422882080078125 0.11978292465209960938 0.11296457052230834961 0.097995482385158538818 0.095103897154331207275 0.094456799328327178955 0.095979109406471252441 0.10715921968221664429 0.11510500311851501465 0.11330739408731460571 0.1125276908278465271 0.10639757663011550903 0.10644398629665374756 0.10293924808502197266 0.10461140424013137817 0.10284530371427536011 0.10739164799451828003 0.11139805614948272705 0.11019400507211685181 0.10404243320226669312 0.10295269638299942017
0.11129241436719894409 0.10539600253105163574 0.10720194876194000244 0.11497665196657180786 0.12178701162338256836 0.11432742327451705933 0.1071289554238319397 0.11300807446241378784 0.10915163159370422363 0.10961457341909408569 0.11695747822523117065 0.10790341347455978394 0.1080196872353553772 0.10988146811723709106 0.10634405910968780518 0.11222546547651290894 0.11344081908464431763 0.1145149916410446167 0.10668832063674926758 0.10150942206382751465 0.10580147802829742432 0.11166052520275115967 0.11313190311193466187 0.099041402339935302734 0.093749955296516418457 0.09676351398229598999 0.099696293473243713379 0.11483521759510040283 0.12181171774864196777 0.1160942763090133667 0.10778933018445968628 0.10059735924005508423 0.10716567188501358032 0.10938714444637298584 0.10722469538450241089 0.10708415508270263672 0.11735317856073379517 0.1118658110499382019 0.1175155341625213623 0.10607501119375228882 0.10438977926969528198
0.11207848042249679565 0.11264697462320327759 0.11864007264375686646 0.12394420057535171509 0.1207423284649848938 0.11005660891532897949 0.10926953703165054321 0.10684593766927719116 0.10224637389183044434 0.10080184787511825562 0.10556358098983764648 0.11273618787527084351 0.11239952594041824341 0.11333931982517242432 0.1133132055401802063 0.11507809907197952271 0.11452496051788330078 0.11373373866081237793 0.1062451973557472229 0.10306448489427566528 0.1049900352954864502 0.10576288402080535889 0.10919925570487976074 0.10666780918836593628 0.097736492753028869629 0.10186449438333511353 0.10704411566257476807 0.12644058465957641602 0.13271400332450866699 0.11522753536701202393 0.10287263244390487671 0.10266877710819244385 0.11001873016357421875 0.11282954365015029907 0.10870481282472610474 0.10281418263912200928 0.10747095197439193726 0.10983478277921676636 0.11341549456119537354 0.10665229707956314087 0.10144606977701187134
0.10772852599620819092 0.11671660095453262329 0.11794724315404891968 0.11889043450355529785 0.10793206095695495605 0.10577734559774398804 0.1054954826831817627 0.10494137555360794067 0.098613955080509185791 0.10134530812501907349 0.10661207884550094604 0.10721610486507415771 0.11770591884851455688 0.12333241850137710571 0.11127541959285736084 0.11022862046957015991 0.11596012115478515625 0.11221359670162200928 0.11195110529661178589 0.11211355030536651611 0.10828532278537750244 0.10900949686765670776 0.1097979620099067688 0.10320651531219482422 0.1044674217700958252 0.1124106869101524353 0.10630862414836883545 0.12039045989513397217 0.13095133006572723389 0.11455639451742172241 0.11353023350238800049 0.11082243919372558594 0.11344399303197860718 0.10966623574495315552 0.10317216813564300537 0.10140105336904525757 0.10299519449472427368 0.10590292513370513916 0.10460252314805984497 0.11127699166536331177 0.11202321946620941162
0.11172042787075042725 0.11219133436679840088 0.11543375998735427856 0.11555169522762298584 0.11066922545433044434 0.1040877997875213623 0.10520948469638824463 0.1027012169361114502 0.10245533287525177002 0.10610741376876831055 0.10971665382385253906 0.11114136874675750732 0.11811309307813644409 0.11848226934671401978 0.10903507471084594727 0.10902395844459533691 0.11079347133636474609 0.11813934892416000366 0.12117480486631393433 0.1262108534574508667 0.12338962405920028687 0.11795218288898468018 0.10977010428905487061 0.10351231694221496582 0.10706436634063720703 0.11153742671012878418 0.1015078425407409668 0.098088525235652923584 0.11018127202987670898 0.11710730195045471191 0.11711271852254867554 0.12003742903470993042 0.11304534971714019775 0.1127299964427947998 0.10644344240427017212 0.10830099880695343018 0.10280448943376541138 0.1004066169261932373 0.10150311887264251709 0.11167617887258529663 0.11480760574340820313
0.11104208976030349731 0.11039565503597259521 0.10982920229434967041 0.11784715205430984497 0.11656875163316726685 0.11260371655225753784 0.10555440932512283325 0.10760148614645004272 0.1108193323016166687 0.11426311731338500977 0.11335034668445587158 0.10550121217966079712 0.10749302804470062256 0.11631616204977035522 0.11241027712821960449 0.11328592151403427124 0.10443986952304840088 0.10704480111598968506 0.11122197657823562622 0.11079165339469909668 0.11628179252147674561 0.11004342883825302124 0.1004966050386428833 0.09839776158332824707 0.098754242062568664551 0.10220424085855484009 0.10416445881128311157 0.096767351031303405762 0.10596279054880142212 0.11662479490041732788 0.11199598759412765503 0.10697504132986068726 0.11095935851335525513 0.10933983325958251953 0.10283624380826950073 0.10358637571334838867 0.1017923504114151001 0.099490374326705932617 0.10525236278772354126 0.1143905147910118103 0.11695446819067001343
0.11243747174739837646 0.10845720022916793823 0.10583831369876861572 0.11218683421611785889 0.1108762398362159729 0.11366234719753265381 0.10645499080419540405 0.10531311482191085815 0.10676609724760055542 0.10417942702770233154 0.098372764885425567627 0.098378330469131469727 0.10529699921607971191 0.1141330525279045105 0.12198787927627563477 0.12621855735778808594 0.10134366154670715332 0.096765995025634765625 0.10113799571990966797 0.10612326860427856445 0.10715140402317047119 0.10331309586763381958 0.098075062036514282227 0.099417030811309814453 0.097997307777404785156 0.10073143988847732544 0.11058006435632705688 0.10725514590740203857 0.096616029739379882813 0.10133953392505645752 0.11536082625389099121 0.11460486799478530884 0.10865905880928039551 0.097161568701267242432 0.09532175213098526001 0.094717055559158325195 0.094972677528858184814 0.098365962505340576172 0.10731241852045059204 0.11561643332242965698 0.11831267178058624268
0.11189894378185272217 0.10995400696992874146 0.10361643880605697632 0.10806548595428466797 0.10596217215061187744 0.10803658515214920044 0.10240821540355682373 0.10689222067594528198 0.10458188503980636597 0.097531266510486602783 0.097532607614994049072 0.09843715280294418335 0.10110945254564285278 0.10338750481605529785 0.11640889197587966919 0.12315292656421661377 0.10638165473937988281 0.098319299519062042236 0.10032807290554046631 0.10526670515537261963 0.11031377315521240234 0.10431230813264846802 0.10293968766927719116 0.10563229024410247803 0.099904246628284454346 0.10510993003845214844 0.10656585544347763062 0.10304104536771774292 0.095731072127819061279 0.096882268786430358887 0.097403034567832946777 0.10403338819742202759 0.099514722824096679688 0.097907349467277526855 0.097414568066596984863 0.097292006015777587891 0.096692696213722229004 0.099007219076156616211 0.10503642261028289795 0.11645915359258651733 0.11760269105434417725
0.11110457777976989746 0.10863671451807022095 0.10298772156238555908 0.10037636756896972656 0.10583691298961639404 0.11228967458009719849 0.10581915825605392456 0.10585121065378189087 0.10289674252271652222 0.099005050957202911377 0.10093272477388381958 0.10297501832246780396 0.099530883133411407471 0.096740968525409698486 0.10719224065542221069 0.11418960988521575928 0.10723188519477844238 0.098787434399127960205 0.097482532262802124023 0.10310492664575576782 0.11442377418279647827 0.11240145564079284668 0.10601431131362915039 0.10037755221128463745 0.10037686675786972046 0.10347066819667816162 0.099187873303890228271 0.096259944140911102295 0.09483969956636428833 0.094580449163913726807 0.094226896762847900391 0.096010774374008178711 0.096592113375663757324 0.097559064626693725586 0.10045883059501647949 0.10144103318452835083 0.10163326561450958252 0.099430233240127563477 0.10544521361589431763 0.11563164740800857544 0.11381029337644577026
0.10663339495658874512 0.10583977401256561279 0.10530032217502593994 0.10251089930534362793 0.10777438431978225708 0.10747097432613372803 0.10975145548582077026 0.10843110829591751099 0.10037115961313247681 0.096452660858631134033 0.10153881460428237915 0.10384201258420944214 0.1027903333306312561 0.10120077431201934814 0.10672376304864883423 0.1097133830189704895 0.10072212666273117065 0.094614110887050628662 0.097480095922946929932 0.09807421267032623291 0.1017931029200553894 0.10104925930500030518 0.10525218397378921509 0.097175464034080505371 0.095225028693675994873 0.095255099236965179443 0.099863462150096893311 0.10277359932661056519 0.10639990866184234619 0.097930759191513061523 0.094215378165245056152 0.098589308559894561768 0.10120890289545059204 0.099907748401165008545 0.10133278369903564453 0.10430134832859039307 0.10062736272811889648 0.10140245407819747925 0.10486936569213867188 0.11025699228048324585 0.10747584700584411621
0.10431548207998275757 0.10565448552370071411 0.1085322648286819458 0.10638547688722610474 0.10483101010322570801 0.11276925355195999146 0.11933046579360961914 0.11176942288875579834 0.10330163687467575073 0.1033620983362197876 0.10694686323404312134 0.10009863227605819702 0.10046251863241195679 0.10399787873029708862 0.10675833374261856079 0.10950267314910888672 0.097563542425632476807 0.093624822795391082764 0.097844801843166351318 0.099914461374282836914 0.095138467848300933838 0.099373050034046173096 0.1043038293719291687 0.09778836369514465332 0.096748359501361846924 0.09391985088586807251 0.099182367324829101563 0.10571890324354171753 0.11129251867532730103 0.10704555362462997437 0.095628850162029266357 0.098920613527297973633 0.11046873033046722412 0.1085144728422164917 0.10348294675350189209 0.10545860230922698975 0.10458858311176300049 0.10277760773897171021 0.10696535557508468628 0.11100292950868606567 0.10715102404356002808
0.1055392920970916748 0.10726670920848846436 0.10696662962436676025 0.10700228065252304077 0.11337146908044815063 0.12093537300825119019 0.11826363950967788696 0.11290068924427032471 0.11416784673929214478 0.1125632748007774353 0.11056198179721832275 0.10160662978887557983 0.10292509943246841431 0.1022755354642868042 0.10112542659044265747 0.10373920947313308716 0.1009301990270614624 0.10046004503965377808 0.097440242767333984375 0.10202950984239578247 0.10125605762004852295 0.10134338587522506714 0.10075066983699798584 0.095836848020553588867 0.094519883394241333008 0.094479866325855255127 0.099947527050971984863 0.10327676683664321899 0.1055493578314781189 0.10831516236066818237 0.10677164047956466675 0.099938735365867614746 0.11086592823266983032 0.11299426108598709106 0.10991409420967102051 0.11463075131177902222 0.12090131640434265137 0.11808410286903381348 0.11715304106473922729 0.11548452079296112061 0.10697865486145019531
0.10869982093572616577 0.11410772800445556641 0.11444474011659622192 0.11112583428621292114 0.11501464992761611938 0.11627203226089477539 0.1111464276909828186 0.11107955127954483032 0.11032230406999588013 0.10713753104209899902 0.10323675721883773804 0.10211478918790817261 0.10063301026821136475 0.10541713982820510864 0.10167808085680007935 0.10107861459255218506 0.11091117560863494873 0.1110915839672088623 0.10189398378133773804 0.1004320681095123291 0.10224462300539016724 0.097020447254180908203 0.096578679978847503662 0.095301315188407897949 0.093708239495754241943 0.095184452831745147705 0.09893477708101272583 0.10364685207605361938 0.10688520967960357666 0.10880302637815475464 0.10549914091825485229 0.10777325183153152466 0.1060629040002822876 0.1071110069751739502 0.10676116496324539185 0.11322665214538574219 0.11769217252731323242 0.11232517659664154053 0.11048629879951477051 0.11125925183296203613 0.11271520704030990601
0.10981553047895431519 0.10612310469150543213 0.10751523822546005249 0.10964988172054290771 0.11575295776128768921 0.1137677803635597229 0.10935966670513153076 0.10763347893953323364 0.10716545581817626953 0.1074840351939201355 0.10950964689254760742 0.098057150840759277344 0.10651043802499771118 0.11586893349885940552 0.11165504902601242065 0.10907828807830810547 0.10997759550809860229 0.10878758877515792847 0.10532312095165252686 0.10458368062973022461 0.10555499047040939331 0.1021443977952003479 0.098764955997467041016 0.10069958865642547607 0.1026128232479095459 0.098781980574131011963 0.10155514627695083618 0.10329183191061019897 0.10377530753612518311 0.10491403937339782715 0.1026303023099899292 0.10467223078012466431 0.1068331301212310791 0.10867822915315628052 0.10372240841388702393 0.10357890278100967407 0.11622119694948196411 0.12248738855123519897 0.11661469936370849609 0.10895929485559463501 0.10905169695615768433
0.11300263553857803345 0.10455620288848876953 0.11425880342721939087 0.11353566497564315796 0.11604774743318557739 0.11326375603675842285 0.1105235666036605835 0.10977724194526672363 0.11151377856731414795 0.11467060446739196777 0.11286099255084991455 0.097703926265239715576 0.11118787527084350586 0.11885859072208404541 0.11206816881895065308 0.10806495696306228638 0.10848288983106613159 0.11159106343984603882 0.11229848116636276245 0.11632891744375228882 0.10641729831695556641 0.10383939743041992188 0.10709973424673080444 0.10971316695213317871 0.11053238064050674438 0.10643044114112854004 0.10350672155618667603 0.10392713546752929688 0.11396878957748413086 0.10123149305582046509 0.10627365857362747192 0.1126497611403465271 0.10877414047718048096 0.11006771773099899292 0.11579682677984237671 0.12838225066661834717 0.13556315004825592041 0.13265614211559295654 0.12085973471403121948 0.11133363097906112671 0.11074095219373703003
0.11491720378398895264 0.10958316922187805176 0.11166305094957351685 0.10827852785587310791 0.1162538677453994751 0.11591105908155441284 0.11194604635238647461 0.11516274511814117432 0.11191023886203765869 0.11056449264287948608 0.11350683122873306274 0.1039258912205696106 0.11330243945121765137 0.11421348154544830322 0.10860584676265716553 0.10700378566980361938 0.1053229793906211853 0.10550236701965332031 0.11128038913011550903 0.11489860713481903076 0.10563457012176513672 0.10601060092449188232 0.10799815505743026733 0.11389302462339401245 0.10924537479877471924 0.10625663399696350098 0.10923503339290618896 0.10470571368932723999 0.10586040467023849487 0.11220582574605941772 0.11720876395702362061 0.11830205470323562622 0.11773637682199478149 0.11679093539714813232 0.11662594974040985107 0.1347828209400177002 0.1361430734395980835 0.1292123943567276001 0.12817060947418212891 0.11188851296901702881 0.11097586899995803833
