INPUT/RASTER/ASCII/clay.asc
ncols        225
nrows        269
xllcorner    473000.000000000000
yllcorner    4429100.000000000000
cellsize     50.000000000000
NODATA_value -9999
[rows 84 to 111 of 269, columns 0 to 62 of 225]
-9999 -9999 -9999 -9999 -9999 -9999 -9999 -9999 -9999 -9999 -9999 -9999 -9999 -9999 -9999 -9999 -9999 -9999 -9999 -9999 -9999 -9999 -9999 -9999 -9999 -9999 -9999 -9999 -9999 -9999 -9999 -9999 -9999 253 256.9935302734375 273 273 273 273 271.80194091796875 267 267 267 267 268.597412109375 275 275 275 275 275.599029541015625 278 278 278 278 277.001617431640625 273 273 273 273 270.6038818359375 261 261 261
-9999 -9999 -9999 -9999 -9999 -9999 -9999 -9999 -9999 -9999 -9999 -9999 -9999 -9999 -9999 -9999 -9999 -9999 -9999 -9999 -9999 -9999 -9999 -9999 -9999 -9999 -9999 -9999 -9999 -9999 -9999 -9999 -9999 253 256.9935302734375 273 273 273 273 271.80194091796875 267 267 267 267 268.597412109375 275 275 275 275 275.599029541015625 278 278 278 278 277.001617431640625 273 273 273 273 270.6038818359375 261 261 261
-9999 -9999 -9999 -9999 -9999 -9999 -9999 -9999 -9999 -9999 -9999 -9999 -9999 -9999 -9999 -9999 -9999 -9999 -9999 -9999 -9999 -9999 -9999 -9999 -9999 -9999 -9999 -9999 -9999 -9999 -9999 -9999 -9999 -9999 249.9598388671875 273 273 273 273 273.751800537109375 276.765045166015625 276.765045166015625 276.765045166015625 276.765045166015625 276.802581787109375 276.9530029296875 276.9530029296875 276.9530029296875 276.9530029296875 276.577117919921875 275.07049560546875 275.07049560546875 275.07049560546875 275.07049560546875 274.85205078125 273.97650146484375 273.97650146484375 273.97650146484375 273.97650146484375 273.7252197265625 272.718048095703125 272.718048095703125 272.718048095703125
-9999 -9999 -9999 -9999 -9999 -9999 -9999 -9999 -9999 -9999 -9999 -9999 -9999 -9999 -9999 -9999 -9999 -9999 -9999 -9999 -9999 -9999 -9999 -9999 -9999 -9999 -9999 -9999 -9999 -9999 -9999 -9999 -9999 -9999 249.7906036376953125 273 273 273 273 273.7987060546875 277 277 277 277 277 277 277 277 277 276.60064697265625 275 275 275 275 274.800323486328125 274 274 274 274 273.800323486328125 273 273 273
-9999 -9999 -9999 -9999 -9999 -9999 -9999 -9999 -9999 -9999 -9999 -9999 -9999 -9999 -9999 -9999 -9999 -9999 -9999 -9999 -9999 -9999 -9999 -9999 -9999 -9999 -9999 -9999 -9999 -9999 -9999 -9999 -9999 -9999 249.7906036376953125 273 273 273 273 273.7987060546875 277 277 277 277 277 277 277 277 277 276.60064697265625 275 275 275 275 274.800323486328125 274 274 274 274 273.800323486328125 273 273 273
-9999 -9999 -9999 -9999 -9999 -9999 -9999 -9999 -9999 -9999 -9999 -9999 -9999 -9999 -9999 -9999 -9999 -9999 -9999 -9999 -9999 -9999 -9999 -9999 -9999 -9999 -9999 -9999 -9999 -9999 -9999 -9999 -9999 -9999 249.7906036376953125 273 273 273 273 273.7987060546875 277 277 277 277 277 277 277 277 277 276.60064697265625 275 275 275 275 274.800323486328125 274 274 274 274 273.800323486328125 273 273 273
-9999 -9999 -9999 -9999 -9999 -9999 -9999 -9999 -9999 -9999 -9999 -9999 -9999 -9999 -9999 -9999 -9999 -9999 -9999 -9999 -9999 -9999 -9999 -9999 -9999 -9999 -9999 -9999 -9999 -9999 -9999 -9999 -9999 244 249.7906036376953125 273 273 273 273 273.7987060546875 277 277 277 277 277 277 277 277 277 276.60064697265625 275 275 275 275 274.800323486328125 274 274 274 274 273.800323486328125 273 273 273
-9999 -9999 -9999 -9999 -9999 -9999 -9999 -9999 -9999 -9999 -9999 -9999 -9999 -9999 -9999 -9999 -9999 -9999 -9999 -9999 -9999 -9999 -9999 -9999 -9999 -9999 -9999 -9999 -9999 -9999 -9999 -9999 -9999 245.9530029296875 252.718536376953125 279.835540771484375 279.835540771484375 279.835540771484375 279.835540771484375 279.85430908203125 279.92950439453125 279.92950439453125 279.92950439453125 279.92950439453125 279.149566650390625 276.02349853515625 276.02349853515625 276.02349853515625 276.02349853515625 276.404083251953125 277.92950439453125 277.92950439453125 277.92950439453125 277.92950439453125 275.3900146484375 265.211456298828125 265.211456298828125 265.211456298828125 265.211456298828125 264.036865234375 259.328948974609375 259.328948974609375 259.328948974609375
-9999 -9999 -9999 -9999 -9999 -9999 -9999 -9999 -9999 -9999 -9999 -9999 -9999 -9999 -9999 -9999 -9999 -9999 -9999 -9999 -9999 -9999 234 234 -9999 -9999 -9999 -9999 -9999 -9999 246 246 246 246 252.7889862060546875 280 280 280 280 280 280 280 280 280 279.2012939453125 276 276 276 276 276.39935302734375 278 278 278 278 275.404205322265625 265 265 265 265 263.80194091796875 259 259 259
-9999 -9999 -9999 -9999 -9999 -9999 -9999 -9999 -9999 -9999 -9999 -9999 -9999 -9999 -9999 -9999 -9999 -9999 0 46.72418212890625 234 234 234 234 187.27581787109375 0 0 0 0 49.120296478271484375 246 246 246 246 252.7889862060546875 280 280 280 280 280 280 280 280 280 279.2012939453125 276 276 276 276 276.39935302734375 278 278 278 278 275.404205322265625 265 265 265 265 263.80194091796875 259 259 259
-9999 -9999 -9999 -9999 -9999 -9999 -9999 -9999 -9999 -9999 -9999 -9999 -9999 -9999 -9999 -9999 0 0 0 46.72418212890625 234 234 234 234 187.27581787109375 0 0 0 0 49.120296478271484375 246 246 246 246 252.7889862060546875 280 280 280 280 280 280 280 280 280 279.2012939453125 276 276 276 276 276.39935302734375 278 278 278 278 275.404205322265625 265 265 265 265 263.80194091796875 259 259 259
-9999 -9999 -9999 -9999 -9999 -9999 -9999 -9999 -9999 -9999 -9999 -9999 -9999 -9999 0 0 0 0 0 46.72418212890625 234 234 234 234 187.27581787109375 0 0 0 0 49.120296478271484375 246 246 246 246 252.7889862060546875 280 280 280 280 280 280 280 280 280 279.2012939453125 276 276 276 276 276.39935302734375 278 278 278 278 275.404205322265625 265 265 265 265 263.80194091796875 259 259 259
-9999 -9999 -9999 -9999 -9999 -9999 -9999 -9999 -9999 -9999 -9999 -9999 244.126007080078125 244.126007080078125 241.981170654296875 233.38446044921875 233.38446044921875 233.38446044921875 233.38446044921875 236.43212890625 248.647552490234375 248.647552490234375 248.647552490234375 248.647552490234375 248.3296661376953125 247.055511474609375 247.055511474609375 247.055511474609375 247.055511474609375 247.4297027587890625 248.92950439453125 248.92950439453125 248.92950439453125 248.92950439453125 249.4789886474609375 251.6813812255859375 251.6813812255859375 251.6813812255859375 251.6813812255859375 253.0462799072265625 258.51690673828125 258.51690673828125 258.51690673828125 258.51690673828125 258.108184814453125 256.46990966796875 256.46990966796875 256.46990966796875 256.46990966796875 256.284332275390625 255.5404052734375 255.5404052734375 255.5404052734375 255.5404052734375 255.674407958984375 256.211456298828125 256.211456298828125 256.211456298828125 256.211456298828125 253.6485137939453125 243.3759307861328125 243.3759307861328125 243.3759307861328125
-9999 -9999 -9999 -9999 -9999 -9999 -9999 -9999 -9999 -9999 -9999 250 250 250 247.803558349609375 239 239 239 239 240.99676513671875 249 249 249 249 249.7987060546875 253 253 253 253 252.2012939453125 249 249 249 249 249.39935302734375 251 251 251 251 252.397735595703125 258 258 258 258 257.60064697265625 256 256 256 256 255.800323486328125 255 255 255 255 255.199676513671875 256 256 256 256 253.404205322265625 243 243 243
-9999 -9999 -9999 -9999 -9999 -9999 -9999 -9999 -9999 -9999 -9999 250 250 250 247.803558349609375 239 239 239 239 240.99676513671875 249 249 249 249 249.7987060546875 253 253 253 253 252.2012939453125 249 249 249 249 249.39935302734375 251 251 251 251 252.397735595703125 258 258 258 258 257.60064697265625 256 256 256 256 255.800323486328125 255 255 255 255 255.199676513671875 256 256 256 256 253.404205322265625 243 243 243
-9999 -9999 -9999 -9999 -9999 -9999 -9999 -9999 -9999 -9999 250 250 250 250 247.803558349609375 239 239 239 239 240.99676513671875 249 249 249 249 249.7987060546875 253 253 253 253 252.2012939453125 249 249 249 249 249.39935302734375 251 251 251 251 252.397735595703125 258 258 258 258 257.60064697265625 256 256 256 256 255.800323486328125 255 255 255 255 255.199676513671875 256 256 256 256 253.404205322265625 243 243 243
-9999 -9999 -9999 -9999 -9999 -9999 -9999 -9999 -9999 -9999 -9999 250 250 250 247.803558349609375 239 239 239 239 240.99676513671875 249 249 249 249 249.7987060546875 253 253 253 253 252.2012939453125 249 249 249 249 249.39935302734375 251 251 251 251 252.397735595703125 258 258 258 258 257.60064697265625 256 256 256 256 255.800323486328125 255 255 255 255 255.199676513671875 256 256 256 256 253.404205322265625 243 243 243
-9999 -9999 -9999 -9999 -9999 -9999 -9999 -9999 -9999 -9999 -9999 235.352447509765625 235.352447509765625 235.352447509765625 235.1058502197265625 234.1174774169921875 234.1174774169921875 234.1174774169921875 234.1174774169921875 235.91925048828125 243.1409759521484375 243.1409759521484375 243.1409759521484375 243.1409759521484375 244.1346588134765625 248.1174774169921875 248.1174774169921875 248.1174774169921875 248.1174774169921875 246.928802490234375 242.1644744873046875 242.1644744873046875 242.1644744873046875 242.1644744873046875 242.173858642578125 242.2114715576171875 242.2114715576171875 242.2114715576171875 242.2114715576171875 247.31390380859375 267.765045166015625 267.765045166015625 267.765045166015625 267.765045166015625 265.805816650390625 257.9530029296875 257.9530029296875 257.9530029296875 257.9530029296875 257.558349609375 255.97650146484375 255.97650146484375 255.97650146484375 255.97650146484375 257.346099853515625 262.835540771484375 262.835540771484375 262.835540771484375 262.835540771484375 262.1895751953125 259.600555419921875 259.600555419921875 259.600555419921875
-9999 -9999 -9999 -9999 -9999 -9999 -9999 -9999 -9999 -9999 -9999 235 235 235 234.800323486328125 234 234 234 234 235.797088623046875 243 243 243 243 243.998382568359375 248 248 248 248 246.80194091796875 242 242 242 242 242 242 242 242 242 247.1915740966796875 268 268 268 268 266.00323486328125 258 258 258 258 257.60064697265625 256 256 256 256 257.397735595703125 263 263 263 263 262.400970458984375 260 260 260
-9999 -9999 -9999 -9999 -9999 -9999 -9999 -9999 -9999 -9999 -9999 235 235 235 234.800323486328125 234 234 234 234 235.797088623046875 243 243 243 243 243.998382568359375 248 248 248 248 246.80194091796875 242 242 242 242 242 242 242 242 242 247.1915740966796875 268 268 268 268 266.00323486328125 258 258 258 258 257.60064697265625 256 256 256 256 257.397735595703125 263 263 263 263 262.400970458984375 260 260 260
-9999 -9999 -9999 -9999 -9999 -9999 -9999 -9999 -9999 -9999 -9999 235 235 235 234.800323486328125 234 234 234 234 235.797088623046875 243 243 243 243 243.998382568359375 248 248 248 248 246.80194091796875 242 242 242 242 242 242 242 242 242 247.1915740966796875 268 268 268 268 266.00323486328125 258 258 258 258 257.60064697265625 256 256 256 256 257.397735595703125 263 263 263 263 262.400970458984375 260 260 260
-9999 -9999 -9999 -9999 -9999 -9999 -9999 -9999 -9999 -9999 -9999 235 235 235 234.800323486328125 234 234 234 234 235.797088623046875 243 243 243 243 243.998382568359375 248 248 248 248 246.80194091796875 242 242 242 242 242 242 242 242 242 247.1915740966796875 268 268 268 268 266.00323486328125 258 258 258 258 257.60064697265625 256 256 256 256 257.397735595703125 263 263 263 263 262.400970458984375 260 260 260
-9999 -9999 -9999 -9999 -9999 -9999 -9999 -9999 -9999 -9999 -9999 232.07049560546875 232.07049560546875 232.07049560546875 233.0407257080078125 236.92950439453125 236.92950439453125 236.92950439453125 236.92950439453125 237.751678466796875 241.0469970703125 241.0469970703125 241.0469970703125 241.0469970703125 239.3155975341796875 232.3759307861328125 232.3759307861328125 232.3759307861328125 232.3759307861328125 234.297637939453125 242 242 242 242 247.654541015625 270.318603515625 270.318603515625 270.318603515625 270.318603515625 270.83056640625 272.88250732421875 272.88250732421875 272.88250732421875 272.88250732421875 268.740936279296875 252.1409759521484375 252.1409759521484375 252.1409759521484375 252.1409759521484375 254.27642822265625 262.835540771484375 262.835540771484375 262.835540771484375 262.835540771484375 261.8934326171875 258.11749267578125 258.11749267578125 258.11749267578125 258.11749267578125 258.1033935546875 258.0469970703125 258.0469970703125 258.0469970703125
-9999 -9999 -9999 -9999 -9999 -9999 -9999 -9999 -9999 -9999 232 232 232 232 232.998382568359375 237 237 237 237 237.7987060546875 241 241 241 241 239.202911376953125 232 232 232 232 233.99676513671875 242 242 242 242 247.7906036376953125 271 271 271 271 271.39935302734375 273 273 273 273 268.806793212890625 252 252 252 252 254.196441650390625 263 263 263 263 262.001617431640625 258 258 258 258 258 258 258 258
-9999 -9999 -9999 -9999 -9999 -9999 -9999 -9999 -9999 -9999 232 232 232 232 232.998382568359375 237 237 237 237 237.7987060546875 241 241 241 241 239.202911376953125 232 232 232 232 233.99676513671875 242 242 242 242 247.7906036376953125 271 271 271 271 271.39935302734375 273 273 273 273 268.806793212890625 252 252 252 252 254.196441650390625 263 263 263 263 262.001617431640625 258 258 258 258 258 258 258 258
-9999 -9999 -9999 -9999 -9999 -9999 -9999 -9999 -9999 -9999 232 232 232 232 232.998382568359375 237 237 237 237 237.7987060546875 241 241 241 241 239.202911376953125 232 232 232 232 233.99676513671875 242 242 242 242 247.7906036376953125 271 271 271 271 271.39935302734375 273 273 273 273 268.806793212890625 252 252 252 252 254.196441650390625 263 263 263 263 262.001617431640625 258 258 258 258 258 258 258 258
-9999 -9999 -9999 -9999 -9999 -9999 -9999 -9999 -9999 -9999 232 232 232 232 232.998382568359375 237 237 237 237 237.7987060546875 241 241 241 241 239.202911376953125 232 232 232 232 233.99676513671875 242 242 242 242 247.7906036376953125 271 271 271 271 271.39935302734375 273 273 273 273 268.806793212890625 252 252 252 252 254.196441650390625 263 263 263 263 262.001617431640625 258 258 258 258 258 258 258 258
-9999 -9999 -9999 -9999 -9999 -9999 -9999 -9999 -9999 210.0634613037109375 206.61090087890625 206.61090087890625 206.61090087890625 206.61090087890625 208.9741668701171875 218.4464263916015625 218.4464263916015625 218.4464263916015625 218.4464263916015625 224.7046966552734375 249.7885284423828125 249.7885284423828125 249.7885284423828125 249.7885284423828125 250.7212371826171875 254.4595947265625 254.4595947265625 254.4595947265625 254.4595947265625 248.851959228515625 226.3759307861328125 226.3759307861328125 226.3759307861328125 226.3759307861328125 226.1220245361328125 225.10430908203125 225.10430908203125 225.10430908203125 225.10430908203125 232.9130706787109375 264.211456298828125 264.211456298828125 264.211456298828125 264.211456298828125 262.35809326171875 254.92950439453125 254.92950439453125 254.92950439453125 254.92950439453125 253.4212493896484375 247.3759307861328125 247.3759307861328125 247.3759307861328125 247.3759307861328125 248.7173614501953125 254.0939788818359375 254.0939788818359375 254.0939788818359375 254.0939788818359375 254.288970947265625 255.07049560546875 255.07049560546875 255.07049560546875
