INPUT/RASTER/ASCII/clay.asc
ncols        225
nrows        269
xllcorner    473000.000000000000
yllcorner    4429100.000000000000
cellsize     50.000000000000
NODATA_value -9999
[rows 56 to 83 of 269, columns 0 to 62 of 225]
-9999 -9999 -9999 -9999 -9999 -9999 -9999 -9999 -9999 -9999 -9999 -9999 -9999 -9999 -9999 -9999 -9999 -9999 -9999 -9999 -9999 -9999 281.02349853515625 281.02349853515625 282.811187744140625 289.97650146484375 289.97650146484375 289.97650146484375 289.97650146484375 286.267120361328125 271.399444580078125 271.399444580078125 271.399444580078125 271.399444580078125 271.9515380859375 274.164459228515625 274.164459228515625 274.164459228515625 274.164459228515625 276.10491943359375 283.88250732421875 283.88250732421875 283.88250732421875 283.88250732421875 287.709197998046875 303.0469970703125 303.0469970703125 303.0469970703125 303.0469970703125 302.624176025390625 300.92950439453125 300.92950439453125 300.92950439453125 300.92950439453125 298.314971923828125 287.835540771484375 287.835540771484375 287.835540771484375 287.835540771484375 286.019683837890625 278.741546630859375 278.741546630859375 278.741546630859375
-9999 -9999 -9999 -9999 -9999 -9999 -9999 -9999 -9999 -9999 -9999 -9999 -9999 -9999 -9999 -9999 -9999 -9999 -9999 -9999 -9999 281 281 281 282.797088623046875 290 290 290 290 286.206146240234375 271 271 271 271 271.599029541015625 274 274 274 274 275.99676513671875 284 284 284 284 287.793853759765625 303 303 303 303 302.60064697265625 301 301 301 301 298.404205322265625 288 288 288 288 286.202911376953125 279 279 279
-9999 -9999 -9999 -9999 -9999 -9999 -9999 -9999 -9999 -9999 -9999 -9999 -9999 -9999 -9999 -9999 -9999 -9999 0 56.10895538330078125 281 281 281 281 282.797088623046875 290 290 290 290 286.206146240234375 271 271 271 271 271.599029541015625 274 274 274 274 275.99676513671875 284 284 284 284 287.793853759765625 303 303 303 303 302.60064697265625 301 301 301 301 298.404205322265625 288 288 288 288 286.202911376953125 279 279 279
-9999 -9999 -9999 -9999 -9999 -9999 -9999 -9999 -9999 -9999 -9999 -9999 -9999 -9999 -9999 -9999 0 0 0 56.10895538330078125 281 281 281 281 282.797088623046875 290 290 290 290 286.206146240234375 271 271 271 271 271.599029541015625 274 274 274 274 275.99676513671875 284 284 284 284 287.793853759765625 303 303 303 303 302.60064697265625 301 301 301 301 298.404205322265625 288 288 288 288 286.202911376953125 279 279 279
-9999 -9999 -9999 -9999 -9999 -9999 -9999 -9999 -9999 -9999 -9999 -9999 -9999 -9999 0 0 0 0 0 56.10895538330078125 281 281 281 281 282.797088623046875 290 290 290 290 286.206146240234375 271 271 271 271 271.599029541015625 274 274 274 274 275.99676513671875 284 284 284 284 287.793853759765625 303 303 303 303 302.60064697265625 301 301 301 301 298.404205322265625 288 288 288 288 286.202911376953125 279 279 279
-9999 -9999 -9999 -9999 -9999 -9999 -9999 -9999 -9999 -9999 -9999 -9999 -9999 264.632598876953125 264.24261474609375 262.6795654296875 262.6795654296875 262.6795654296875 262.6795654296875 263.4129638671875 266.352447509765625 266.352447509765625 266.352447509765625 266.352447509765625 268.1495361328125 275.352447509765625 275.352447509765625 275.352447509765625 275.352447509765625 275.068328857421875 273.92950439453125 273.92950439453125 273.92950439453125 273.92950439453125 272.578704833984375 267.164459228515625 267.164459228515625 267.164459228515625 267.164459228515625 270.136138916015625 282.0469970703125 282.0469970703125 282.0469970703125 282.0469970703125 282.526092529296875 284.4464111328125 284.4464111328125 284.4464111328125 284.4464111328125 289.3116455078125 308.812042236328125 308.812042236328125 308.812042236328125 308.812042236328125 305.826263427734375 293.8590087890625 293.8590087890625 293.8590087890625 293.8590087890625 293.816802978515625 293.647552490234375 293.647552490234375 293.647552490234375
-9999 -9999 -9999 -9999 -9999 -9999 -9999 -9999 -9999 -9999 -9999 -9999 -9999 271 270.60064697265625 269 269 269 269 268.400970458984375 266 266 266 266 267.797088623046875 275 275 275 275 274.800323486328125 274 274 274 274 272.602264404296875 267 267 267 267 269.995147705078125 282 282 282 282 282.39935302734375 284 284 284 284 288.991912841796875 309 309 309 309 306.004852294921875 294 294 294 294 294 294 294 294
-9999 -9999 -9999 -9999 -9999 -9999 -9999 -9999 -9999 -9999 -9999 -9999 -9999 271 270.60064697265625 269 269 269 269 268.400970458984375 266 266 266 266 267.797088623046875 275 275 275 275 274.800323486328125 274 274 274 274 272.602264404296875 267 267 267 267 269.995147705078125 282 282 282 282 282.39935302734375 284 284 284 284 288.991912841796875 309 309 309 309 306.004852294921875 294 294 294 294 294 294 294 294
-9999 -9999 -9999 -9999 -9999 -9999 -9999 -9999 -9999 -9999 -9999 -9999 271 271 270.60064697265625 269 269 269 269 268.400970458984375 266 266 266 266 267.797088623046875 275 275 275 275 274.800323486328125 274 274 274 274 272.602264404296875 267 267 267 267 269.995147705078125 282 282 282 282 282.39935302734375 284 284 284 284 288.991912841796875 309 309 309 309 306.004852294921875 294 294 294 294 294 294 294 294
-9999 -9999 -9999 -9999 -9999 -9999 -9999 -9999 -9999 -9999 -9999 -9999 271 271 270.60064697265625 269 269 269 269 268.400970458984375 266 266 266 266 267.797088623046875 275 275 275 275 274.800323486328125 274 274 274 274 272.602264404296875 267 267 267 267 269.995147705078125 282 282 282 282 282.39935302734375 284 284 284 284 288.991912841796875 309 309 309 309 306.004852294921875 294 294 294 294 294 294 294 294
-9999 -9999 -9999 -9999 -9999 -9999 -9999 -9999 -9999 -9999 -9999 -9999 264.164459228515625 264.164459228515625 264.5450439453125 266.07049560546875 266.07049560546875 266.07049560546875 266.07049560546875 268.78619384765625 279.671051025390625 279.671051025390625 279.671051025390625 279.671051025390625 278.153411865234375 272.07049560546875 272.07049560546875 272.07049560546875 272.07049560546875 271.285858154296875 268.1409912109375 268.1409912109375 268.1409912109375 268.1409912109375 269.667999267578125 275.788543701171875 275.788543701171875 275.788543701171875 275.788543701171875 277.808746337890625 285.906005859375 285.906005859375 285.906005859375 285.906005859375 285.525421142578125 284 284 284 284 286.847076416015625 298.258453369140625 298.258453369140625 298.258453369140625 298.258453369140625 296.043243408203125 287.164459228515625 287.164459228515625 287.164459228515625 287.164459228515625 287.749420166015625 290.093994140625 290.093994140625 290.093994140625
-9999 -9999 -9999 -9999 -9999 -9999 -9999 -9999 -9999 -9999 264 264 264 264 264.39935302734375 266 266 266 266 268.79547119140625 280 280 280 280 278.402587890625 272 272 272 272 271.2012939453125 268 268 268 268 269.597412109375 276 276 276 276 277.99676513671875 286 286 286 286 285.60064697265625 284 284 284 284 286.79547119140625 298 298 298 298 295.803558349609375 287 287 287 287 287.599029541015625 290 290 290
-9999 -9999 -9999 -9999 -9999 -9999 -9999 -9999 0 52.7144622802734375 264 264 264 264 264.39935302734375 266 266 266 266 268.79547119140625 280 280 280 280 278.402587890625 272 272 272 272 271.2012939453125 268 268 268 268 269.597412109375 276 276 276 276 277.99676513671875 286 286 286 286 285.60064697265625 284 284 284 284 286.79547119140625 298 298 298 298 295.803558349609375 287 287 287 287 287.599029541015625 290 290 290
-9999 -9999 -9999 -9999 -9999 -9999 -9999 -9999 -9999 -9999 264 264 264 264 264.39935302734375 266 266 266 266 268.79547119140625 280 280 280 280 278.402587890625 272 272 272 272 271.2012939453125 268 268 268 268 269.597412109375 276 276 276 276 277.99676513671875 286 286 286 286 285.60064697265625 284 284 284 284 286.79547119140625 298 298 298 298 295.803558349609375 287 287 287 287 287.599029541015625 290 290 290
-9999 -9999 -9999 -9999 -9999 -9999 -9999 -9999 -9999 -9999 -9999 -9999 -9999 264 264.39935302734375 266 266 266 266 268.79547119140625 280 280 280 280 278.402587890625 272 272 272 272 271.2012939453125 268 268 268 268 269.597412109375 276 276 276 276 277.99676513671875 286 286 286 286 285.60064697265625 284 284 284 284 286.79547119140625 298 298 298 298 295.803558349609375 287 287 287 287 287.599029541015625 290 290 290
-9999 -9999 -9999 -9999 -9999 -9999 -9999 -9999 -9999 -9999 -9999 -9999 -9999 -9999 -9999 -9999 -9999 -9999 -9999 268.79547119140625 280 280 280 280 278.402587890625 272 272 272 272 271.2012939453125 268 268 268 268 269.597412109375 276 276 276 276 277.99676513671875 286 286 286 286 285.60064697265625 284 284 284 284 286.79547119140625 298 298 298 298 295.803558349609375 287 287 287 287 287.599029541015625 290 290 290
-9999 -9999 -9999 -9999 -9999 -9999 -9999 -9999 -9999 -9999 -9999 -9999 -9999 -9999 -9999 -9999 -9999 -9999 -9999 -9999 280 280 280 280 278.402587890625 272 272 272 272 271.2012939453125 268 268 268 268 269.597412109375 276 276 276 276 277.99676513671875 286 286 286 286 285.60064697265625 284 284 284 284 286.79547119140625 298 298 298 298 295.803558349609375 287 287 287 287 287.599029541015625 290 290 290
-9999 -9999 -9999 -9999 -9999 -9999 -9999 -9999 -9999 -9999 -9999 -9999 -9999 -9999 -9999 -9999 -9999 -9999 -9999 -9999 -9999 280 280 280 278.402587890625 272 272 272 272 271.2012939453125 268 268 268 268 269.597412109375 276 276 276 276 277.99676513671875 286 286 286 286 285.60064697265625 284 284 284 284 286.79547119140625 298 298 298 298 295.803558349609375 287 287 287 287 287.599029541015625 290 290 290
-9999 -9999 -9999 -9999 -9999 -9999 -9999 -9999 -9999 -9999 -9999 -9999 -9999 -9999 -9999 -9999 -9999 -9999 -9999 -9999 -9999 -9999 280 280 278.402587890625 272 272 272 272 271.2012939453125 268 268 268 268 269.597412109375 276 276 276 276 277.99676513671875 286 286 286 286 285.60064697265625 284 284 284 284 286.79547119140625 298 298 298 298 295.803558349609375 287 287 287 287 287.599029541015625 290 290 290
-9999 -9999 -9999 -9999 -9999 -9999 -9999 -9999 -9999 -9999 -9999 -9999 -9999 -9999 -9999 -9999 -9999 -9999 -9999 -9999 -9999 -9999 -9999 280 278.402587890625 272 272 272 272 271.2012939453125 268 268 268 268 269.597412109375 276 276 276 276 277.99676513671875 286 286 286 286 285.60064697265625 284 284 284 284 286.79547119140625 298 298 298 298 295.803558349609375 287 287 287 287 287.599029541015625 290 290 290
-9999 -9999 -9999 -9999 -9999 -9999 -9999 -9999 -9999 -9999 -9999 -9999 -9999 -9999 -9999 -9999 -9999 -9999 -9999 -9999 -9999 -9999 -9999 -9999 253.9836578369140625 263.211456298828125 263.211456298828125 263.211456298828125 263.211456298828125 261.6328125 255.305450439453125 255.305450439453125 255.305450439453125 255.305450439453125 260.21759033203125 279.906005859375 279.906005859375 279.906005859375 279.906005859375 281.90277099609375 289.906005859375 289.906005859375 289.906005859375 289.906005859375 287.751800537109375 279.11749267578125 279.11749267578125 279.11749267578125 279.11749267578125 280.1580810546875 284.328948974609375 284.328948974609375 284.328948974609375 284.328948974609375 281.54754638671875 270.399444580078125 270.399444580078125 270.399444580078125 270.399444580078125 270.608489990234375 271.4464111328125 271.4464111328125 271.4464111328125
-9999 -9999 -9999 -9999 -9999 -9999 -9999 -9999 -9999 -9999 -9999 -9999 -9999 -9999 -9999 -9999 -9999 -9999 -9999 -9999 -9999 -9999 -9999 -9999 -9999 -9999 263 263 263 261.402587890625 255 255 255 255 259.991912841796875 280 280 280 280 281.99676513671875 290 290 290 290 287.803558349609375 279 279 279 279 279.998382568359375 284 284 284 284 281.20452880859375 270 270 270 270 270.199676513671875 271 271 271
-9999 -9999 -9999 -9999 -9999 -9999 -9999 -9999 -9999 -9999 -9999 -9999 -9999 -9999 -9999 -9999 -9999 -9999 -9999 -9999 -9999 -9999 -9999 -9999 -9999 -9999 -9999 -9999 -9999 261.402587890625 255 255 255 255 259.991912841796875 280 280 280 280 281.99676513671875 290 290 290 290 287.803558349609375 279 279 279 279 279.998382568359375 284 284 284 284 281.20452880859375 270 270 270 270 270.199676513671875 271 271 271
-9999 -9999 -9999 -9999 -9999 -9999 -9999 -9999 -9999 -9999 -9999 -9999 -9999 -9999 -9999 -9999 -9999 -9999 -9999 -9999 -9999 -9999 -9999 -9999 -9999 -9999 -9999 -9999 -9999 -9999 255 255 255 255 259.991912841796875 280 280 280 280 281.99676513671875 290 290 290 290 287.803558349609375 279 279 279 279 279.998382568359375 284 284 284 284 281.20452880859375 270 270 270 270 270.199676513671875 271 271 271
-9999 -9999 -9999 -9999 -9999 -9999 -9999 -9999 -9999 -9999 -9999 -9999 -9999 -9999 -9999 -9999 -9999 -9999 -9999 -9999 -9999 -9999 -9999 -9999 -9999 -9999 -9999 -9999 -9999 -9999 -9999 255 255 255 259.991912841796875 280 280 280 280 281.99676513671875 290 290 290 290 287.803558349609375 279 279 279 279 279.998382568359375 284 284 284 284 281.20452880859375 270 270 270 270 270.199676513671875 271 271 271
-9999 -9999 -9999 -9999 -9999 -9999 -9999 -9999 -9999 -9999 -9999 -9999 -9999 -9999 -9999 -9999 -9999 -9999 -9999 -9999 -9999 -9999 -9999 -9999 -9999 -9999 -9999 -9999 -9999 -9999 -9999 253.0469970703125 253.0469970703125 253.0469970703125 257.06396484375 273.164459228515625 273.164459228515625 273.164459228515625 273.164459228515625 272.041473388671875 267.5404052734375 267.5404052734375 267.5404052734375 267.5404052734375 269.048675537109375 275.093994140625 275.093994140625 275.093994140625 275.093994140625 275.702392578125 278.1409912109375 278.1409912109375 278.1409912109375 278.1409912109375 277.100372314453125 272.92950439453125 272.92950439453125 272.92950439453125 272.92950439453125 270.594390869140625 261.234954833984375 261.234954833984375 261.234954833984375
-9999 -9999 -9999 -9999 -9999 -9999 -9999 -9999 -9999 -9999 -9999 -9999 -9999 -9999 -9999 -9999 -9999 -9999 -9999 -9999 -9999 -9999 -9999 -9999 -9999 -9999 -9999 -9999 -9999 -9999 -9999 -9999 253 253 256.9935302734375 273 273 273 273 271.80194091796875 267 267 267 267 268.597412109375 275 275 275 275 275.599029541015625 278 278 278 278 277.001617431640625 273 273 273 273 270.6038818359375 261 261 261
-9999 -9999 -9999 -9999 -9999 -9999 -9999 -9999 -9999 -9999 -9999 -9999 -9999 -9999 -9999 -9999 -9999 -9999 -9999 -9999 -9999 -9999 -9999 -9999 -9999 -9999 -9999 -9999 -9999 -9999 -9999 -9999 253 253 256.9935302734375 273 273 273 273 271.80194091796875 267 267 267 267 268.597412109375 275 275 275 275 275.599029541015625 278 278 278 278 277.001617431640625 273 273 273 273 270.6038818359375 261 261 261
