INPUT/RASTER/ASCII/clay.asc
ncols        225
nrows        269
xllcorner    473009.983799999987
yllcorner    4429051.174800000153
cellsize     50.000000000000
NODATA_value -9999
[rows 72 to 89 of 269, columns 126 to 167 of 225]
27.764026641845703125 27.715974807739257813 27.7959747314453125 27.875974655151367188 27.955974578857421875 28.035974502563476563 28.119968414306640625 28.219968795776367188 28.319967269897460938 28.4199676513671875 28.519968032836914063 28.627954483032226563 28.767953872680664063 28.907955169677734375 29.047954559326171875 29.187953948974609375 29.2960052490234375 29.276006698608398438 29.256006240844726563 29.236005783081054688 29.216007232666015625 29.024286270141601563 28.144285202026367188 27.264286041259765625 26.38428497314453125 25.504283905029296875 24.792013168334960938 24.752012252807617188 24.71201324462890625 24.6720123291015625 24.632013320922851563 24.564058303833007813 24.384057998657226563 24.204059600830078125 24.024059295654296875 23.844058990478515625 23.700000762939453125 23.700000762939453125 23.700000762939453125 23.700000762939453125 23.700000762939453125 23.7039947509765625
27.425762176513671875 27.37070465087890625 27.384302139282226563 27.397899627685546875 27.411497116088867188 27.4250946044921875 27.451265335083007813 27.527830123901367188 27.60439300537109375 27.680957794189453125 27.757520675659179688 27.833492279052734375 27.907091140747070313 27.980688095092773438 28.054285049438476563 28.1278839111328125 28.188251495361328125 28.195592880249023438 28.202936172485351563 28.210277557373046875 28.217620849609375 28.08287811279296875 27.378648757934570313 26.674419403076171875 25.970190048217773438 25.265960693359375 24.685003280639648438 24.598131179809570313 24.511259078979492188 24.424386978149414063 24.337514877319335938 24.244525909423828125 24.12702178955078125 24.009519577026367188 23.892015457153320313 23.774511337280273438 23.685150146484375 23.708585739135742188 23.732023239135742188 23.755458831787109375 23.778894424438476563 23.801645278930664063
27.0793609619140625 27.017126083374023438 26.962724685668945313 26.908321380615234375 26.85391998291015625 26.799516677856445313 26.766473770141601563 26.819036483764648438 26.871601104736328125 26.924165725708007813 26.976728439331054688 27.019914627075195313 27.0255126953125 27.031110763549804688 27.036706924438476563 27.04230499267578125 27.053842544555664063 27.089183807373046875 27.1245269775390625 27.159868240356445313 27.195211410522460938 27.1188201904296875 26.594591140747070313 26.070362091064453125 25.546131134033203125 25.021902084350585938 24.575418472290039063 24.440546035766601563 24.305673599243164063 24.170801162719726563 24.035930633544921875 23.91730499267578125 23.863801956176757813 23.810298919677734375 23.756793975830078125 23.703290939331054688 23.669942855834960938 23.717378616333007813 23.764814376831054688 23.812250137329101563 23.85968780517578125 23.901643753051757813
26.732957839965820313 26.663547515869140625 26.54114532470703125 26.418743133544921875 26.2963409423828125 26.173938751220703125 26.081682205200195313 26.1102447509765625 26.1388092041015625 26.1673736572265625 26.195936203002929688 26.20633697509765625 26.143934249877929688 26.081531524658203125 26.019130706787109375 25.956727981567382813 25.91943359375 25.982774734497070313 26.046117782592773438 26.109460830688476563 26.172801971435546875 26.15476226806640625 25.810533523559570313 25.466302871704101563 25.122074127197265625 24.777843475341796875 24.465833663940429688 24.282960891723632813 24.10009002685546875 23.917217254638671875 23.734346389770507813 23.590084075927734375 23.600580215454101563 23.61107635498046875 23.62157440185546875 23.632070541381835938 23.654733657836914063 23.726171493530273438 23.797607421875 23.869043350219726563 23.940479278564453125 24.001644134521484375
26.386554718017578125 26.309970855712890625 26.11956787109375 25.929164886474609375 25.738763809204101563 25.548360824584960938 25.39688873291015625 25.401453018188476563 25.406017303466796875 25.410581588745117188 25.415143966674804688 25.392759323120117188 25.262355804443359375 25.131954193115234375 25.001552581787109375 24.871149063110351563 24.785024642944335938 24.876367568969726563 24.967708587646484375 25.059051513671875 25.150392532348632813 25.190704345703125 25.0264739990234375 24.862245559692382813 24.698015213012695313 24.533784866333007813 24.356248855590820313 24.125377655029296875 23.894504547119140625 23.663633346557617188 23.432760238647460938 23.2628631591796875 23.337360382080078125 23.411855697631835938 23.486352920532226563 23.560848236083984375 23.6395263671875 23.73496246337890625 23.8303985595703125 23.92583465576171875 24.021270751953125 24.101644515991210938
26.040151596069335938 25.956392288208007813 25.69799041748046875 25.439588546752929688 25.181184768676757813 24.92278289794921875 24.71209716796875 24.692661285400390625 24.67322540283203125 24.653789520263671875 24.634351730346679688 24.579181671142578125 24.380779266357421875 24.182376861572265625 23.983974456787109375 23.785572052001953125 23.650615692138671875 23.76995849609375 23.889299392700195313 24.008642196655273438 24.127985000610351563 24.22664642333984375 24.2424163818359375 24.25818634033203125 24.273956298828125 24.289728164672851563 24.246664047241210938 23.967792510986328125 23.688920974731445313 23.410047531127929688 23.131175994873046875 22.935642242431640625 23.074138641357421875 23.212635040283203125 23.351131439208984375 23.489627838134765625 23.624319076538085938 23.743755340576171875 23.863191604614257813 23.98262786865234375 24.102064132690429688 24.2016448974609375
26.052316665649414063 25.995723724365234375 25.778690338134765625 25.561656951904296875 25.344623565673828125 25.127588272094726563 24.938199996948242188 24.859609603881835938 24.781019210815429688 24.702428817749023438 24.623838424682617188 24.532703399658203125 24.391294479370117188 24.249883651733398438 24.1084747314453125 23.967065811157226563 23.869272232055664063 23.946306228637695313 24.023340225219726563 24.100374221801757813 24.177408218383789063 24.243833541870117188 24.267740249633789063 24.291645050048828125 24.3155517578125 24.339456558227539063 24.30268096923828125 24.022680282592773438 23.742681503295898438 23.462680816650390625 23.182680130004882813 22.991224288940429688 23.154661178588867188 23.318096160888671875 23.481533050537109375 23.644969940185546875 23.793493270874023438 23.882244110107421875 23.970996856689453125 24.059747695922851563 24.148500442504882813 24.22820281982421875
26.073108673095703125 26.0445098876953125 25.8714752197265625 25.698442459106445313 25.525407791137695313 25.352375030517578125 25.18621826171875 25.047628402709960938 24.909038543701171875 24.77044677734375 24.631856918334960938 24.5046844482421875 24.423274993896484375 24.34186553955078125 24.260454177856445313 24.179044723510742188 24.120487213134765625 24.153520584106445313 24.186555862426757813 24.2195892333984375 24.252622604370117188 24.284631729125976563 24.31253814697265625 24.340444564819335938 24.368350982666015625 24.3962554931640625 24.362680435180664063 24.082681655883789063 23.80268096923828125 23.522680282592773438 23.242681503295898438 23.056016921997070313 23.243452072143554688 23.430889129638671875 23.61832427978515625 23.805761337280273438 23.96710205078125 24.023855209350585938 24.080606460571289063 24.137357711791992188 24.194110870361328125 24.252996444702148438
26.093900680541992188 26.093296051025390625 25.964262008666992188 25.83522796630859375 25.706193923950195313 25.577159881591796875 25.434238433837890625 25.235647201538085938 25.037057876586914063 24.838466644287109375 24.639875411987304688 24.476665496826171875 24.455255508422851563 24.43384552001953125 24.412435531616210938 24.391025543212890625 24.371702194213867188 24.360734939575195313 24.34976959228515625 24.338802337646484375 24.327836990356445313 24.32543182373046875 24.35733795166015625 24.389242172241210938 24.421148300170898438 24.453054428100585938 24.422681808471679688 24.142681121826171875 23.862680435180664063 23.582681655883789063 23.30268096923828125 23.120809555053710938 23.332244873046875 23.543682098388671875 23.755117416381835938 23.966552734375 24.140712738037109375 24.165464401245117188 24.190216064453125 24.214967727661132813 24.239721298217773438 24.277788162231445313
26.114694595336914063 26.14208221435546875 26.057046890258789063 25.972013473510742188 25.886980056762695313 25.801946640014648438 25.682256698608398438 25.423666000366210938 25.16507720947265625 24.90648651123046875 24.64789581298828125 24.448644638061523438 24.48723602294921875 24.52582550048828125 24.56441497802734375 24.603006362915039063 24.622915267944335938 24.567949295043945313 24.512983322143554688 24.458017349243164063 24.403051376342773438 24.366230010986328125 24.402135848999023438 24.43804168701171875 24.473947525024414063 24.509853363037109375 24.4826812744140625 24.202680587768554688 23.922681808471679688 23.642681121826171875 23.362682342529296875 23.185602188110351563 23.421037673950195313 23.656473159790039063 23.891910552978515625 24.127346038818359375 24.31432342529296875 24.30707550048828125 24.29982757568359375 24.29257965087890625 24.285329818725585938 24.302579879760742188
26.135486602783203125 26.190866470336914063 26.14983367919921875 26.108798980712890625 26.067766189575195313 26.026731491088867188 25.930276870727539063 25.61168670654296875 25.293094635009765625 24.974504470825195313 24.655914306640625 24.420625686645507813 24.519216537475585938 24.61780548095703125 24.716396331787109375 24.8149871826171875 24.8741302490234375 24.775163650512695313 24.676197052001953125 24.577230453491210938 24.47826385498046875 24.4070281982421875 24.446933746337890625 24.486841201782226563 24.526746749877929688 24.566652297973632813 24.542680740356445313 24.262681961059570313 23.9826812744140625 23.7026824951171875 23.422681808471679688 23.250394821166992188 23.509830474853515625 23.769266128540039063 24.0287017822265625 24.288137435913085938 24.487934112548828125 24.4486846923828125 24.409437179565429688 24.370189666748046875 24.33094024658203125 24.327371597290039063
26.024272918701171875 26.059202194213867188 26.038732528686523438 26.018262863159179688 25.997793197631835938 25.977321624755859375 25.899383544921875 25.591100692749023438 25.282819747924804688 24.974536895751953125 24.666255950927734375 24.428577423095703125 24.473894119262695313 24.519208908081054688 24.564525604248046875 24.609842300415039063 24.645639419555664063 24.643289566040039063 24.640939712524414063 24.638589859008789063 24.636241912841796875 24.63298797607421875 24.626115798950195313 24.619243621826171875 24.612371444702148438 24.605501174926757813 24.555789947509765625 24.334381103515625 24.112970352172851563 23.891561508178710938 23.6701507568359375 23.530828475952148438 23.72052001953125 23.910211563110351563 24.099903106689453125 24.289594650268554688 24.4349822998046875 24.40279388427734375 24.370607376098632813 24.338418960571289063 24.306230545043945313 24.317003250122070313
25.909883499145507813 25.923196792602539063 25.922725677490234375 25.9222564697265625 25.921785354614257813 25.921316146850585938 25.86177825927734375 25.565496444702148438 25.269214630126953125 24.972932815551757813 24.6766510009765625 24.437397003173828125 24.4267120361328125 24.416028976440429688 24.405344009399414063 24.394659042358398438 24.405607223510742188 24.50325775146484375 24.600908279418945313 24.698558807373046875 24.796209335327148438 24.8634033203125 24.80853271484375 24.753660202026367188 24.698787689208984375 24.643915176391601563 24.567770004272460938 24.406360626220703125 24.244951248168945313 24.0835418701171875 23.922132492065429688 23.8164520263671875 23.93414306640625 24.051836013793945313 24.169527053833007813 24.287218093872070313 24.376581192016601563 24.352392196655273438 24.328205108642578125 24.30401611328125 24.279827117919921875 24.305789947509765625
25.795492172241210938 25.787189483642578125 25.806718826293945313 25.826250076293945313 25.8457794189453125 25.865308761596679688 25.824174880981445313 25.53989410400390625 25.255611419677734375 24.9713287353515625 24.687047958374023438 24.446214675903320313 24.379529953002929688 24.312847137451171875 24.24616241455078125 24.179477691650390625 24.165575027465820313 24.363225936889648438 24.56087493896484375 24.758525848388671875 24.9561767578125 25.093820571899414063 24.990947723388671875 24.888074874877929688 24.785203933715820313 24.682331085205078125 24.579751968383789063 24.478342056274414063 24.376932144165039063 24.275522232055664063 24.174112319946289063 24.102075576782226563 24.147768020629882813 24.19345855712890625 24.2391510009765625 24.284841537475585938 24.318178176879882813 24.301990509033203125 24.285800933837890625 24.269613265991210938 24.25342559814453125 24.294574737548828125
25.681102752685546875 25.651182174682617188 25.69071197509765625 25.730241775512695313 25.769773483276367188 25.80930328369140625 25.786571502685546875 25.51428985595703125 25.242008209228515625 24.969724655151367188 24.697443008422851563 24.4550323486328125 24.332347869873046875 24.209665298461914063 24.086980819702148438 23.964296340942382813 23.925542831420898438 24.223194122314453125 24.520843505859375 24.818494796752929688 25.116144180297851563 25.324235916137695313 25.17336273193359375 25.022491455078125 24.871618270874023438 24.720746994018554688 24.591732025146484375 24.550321578979492188 24.508913040161132813 24.467502593994140625 24.42609405517578125 24.387699127197265625 24.361391067504882813 24.3350830078125 24.308773040771484375 24.282464981079101563 24.259775161743164063 24.2515869140625 24.243398666381835938 24.235212326049804688 24.227024078369140625 24.283361434936523438
25.566713333129882813 25.515176773071289063 25.574705123901367188 25.634235382080078125 25.693765640258789063 25.7532958984375 25.748966217041015625 25.48868560791015625 25.228403091430664063 24.968122482299804688 24.7078399658203125 24.4638519287109375 24.285167694091796875 24.10648345947265625 23.927799224853515625 23.749114990234375 23.685510635375976563 24.083160400390625 24.48081207275390625 24.878461837768554688 25.276111602783203125 25.554651260375976563 25.355779647827148438 25.1569061279296875 24.958034515380859375 24.75916290283203125 24.603712081909179688 24.622303009033203125 24.640893936157226563 24.659482955932617188 24.678073883056640625 24.673322677612304688 24.575014114379882813 24.476705551147460938 24.378396987915039063 24.280088424682617188 24.201372146606445313 24.201185226440429688 24.20099639892578125 24.200809478759765625 24.200620651245117188 24.27214813232421875
25.496057510375976563 25.45417022705078125 25.518075942993164063 25.581981658935546875 25.645887374877929688 25.7097930908203125 25.703563690185546875 25.41622161865234375 25.128879547119140625 24.8415374755859375 24.554195404052734375 24.3070068359375 24.220750808715820313 24.134494781494140625 24.048238754272460938 23.961984634399414063 23.7614593505859375 23.10292816162109375 22.444398880004882813 21.785867691040039063 21.127338409423828125 20.763149261474609375 21.57871246337890625 22.394277572631835938 23.209840774536132813 24.0254058837890625 24.67197418212890625 24.64119720458984375 24.610418319702148438 24.579641342163085938 24.548862457275390625 24.513622283935546875 24.460493087768554688 24.407365798950195313 24.354238510131835938 24.301111221313476563 24.2585906982421875 24.2585906982421875 24.2585906982421875 24.2585906982421875 24.2585906982421875 24.325014114379882813
25.426454544067382813 25.394969940185546875 25.4628753662109375 25.530780792236328125 25.59868621826171875 25.666593551635742188 25.6579742431640625 25.342630386352539063 25.027288436889648438 24.711946487426757813 24.396604537963867188 24.146175384521484375 24.155920028686523438 24.1656646728515625 24.175409317016601563 24.185152053833007813 23.845010757446289063 22.102479934692382813 20.359949111938476563 18.617418289184570313 16.874889373779296875 15.850811004638671875 17.7063751220703125 19.561939239501953125 21.41750335693359375 23.273067474365234375 24.7415924072265625 24.6588134765625 24.5760345458984375 24.493257522583007813 24.410478591918945313 24.343206405639648438 24.338077545166015625 24.332950592041015625 24.327821731567382813 24.322694778442382813 24.318590164184570313 24.318590164184570313 24.318590164184570313 24.318590164184570313 24.318590164184570313 24.379423141479492188
