INPUT/RASTER/ASCII/clay.asc
ncols        225
nrows        269
xllcorner    473000.000000000000
yllcorner    4429100.000000000000
cellsize     50.000000000000
NODATA_value -9999
[rows 224 to 251 of 269, columns 63 to 125 of 225]
246 240.2093963623046875 217 217 217 217 214.6038818359375 205 205 205 205 204.400970458984375 202 202 202 202 203.19805908203125 208 208 208 208 205.0048675537109375 193 193 193 193 195.3961181640625 205 205 205 205 208.3944854736328125 222 222 222 222 222 222 222 222 222 222.39935302734375 224 224 224 224 223.001617431640625 219 219 219 219 219.7987060546875 223 223 223 223 225.79547119140625 237 237 237 237 234.803558349609375 226
246 240.2093963623046875 217 217 217 217 214.6038818359375 205 205 205 205 204.400970458984375 202 202 202 202 203.19805908203125 208 208 208 208 205.0048675537109375 193 193 193 193 195.3961181640625 205 205 205 205 208.3944854736328125 222 222 222 222 222 222 222 222 222 222.39935302734375 224 224 224 224 223.001617431640625 219 219 219 219 219.7987060546875 223 223 223 223 225.79547119140625 237 237 237 237 234.803558349609375 226
244.0469970703125 239.8162689208984375 222.8590240478515625 222.8590240478515625 222.8590240478515625 222.8590240478515625 218.9030303955078125 203.0469970703125 203.0469970703125 203.0469970703125 203.0469970703125 201.66802978515625 196.1409759521484375 196.1409759521484375 196.1409759521484375 196.1409759521484375 198.70391845703125 208.97650146484375 208.97650146484375 208.97650146484375 208.97650146484375 208.3211822509765625 205.694549560546875 205.694549560546875 205.694549560546875 205.694549560546875 204.7759246826171875 201.0939788818359375 201.0939788818359375 201.0939788818359375 201.0939788818359375 200.0038299560546875 195.6343994140625 195.6343994140625 195.6343994140625 195.6343994140625 199.5340728759765625 215.1644744873046875 215.1644744873046875 215.1644744873046875 215.1644744873046875 215.5638275146484375 217.1644744873046875 217.1644744873046875 217.1644744873046875 217.1644744873046875 217.7259674072265625 219.97650146484375 219.97650146484375 219.97650146484375 219.97650146484375 220.580230712890625 223 223 223 223 221.310821533203125 214.5404052734375 214.5404052734375 214.5404052734375 214.5404052734375 218.9734344482421875 236.741546630859375
244 239.8068084716796875 223 223 223 223 219.0064849853515625 203 203 203 203 201.602264404296875 196 196 196 196 198.595794677734375 209 209 209 209 208.400970458984375 206 206 206 206 205.001617431640625 201 201 201 201 199.80194091796875 195 195 195 195 198.9935150146484375 215 215 215 215 215.39935302734375 217 217 217 217 217.599029541015625 220 220 220 220 220.599029541015625 223 223 223 223 221.202911376953125 214 214 214 214 218.5925445556640625 237
244 239.8068084716796875 223 223 223 223 219.0064849853515625 203 203 203 203 201.602264404296875 196 196 196 196 198.595794677734375 209 209 209 209 208.400970458984375 206 206 206 206 205.001617431640625 201 201 201 201 199.80194091796875 195 195 195 195 198.9935150146484375 215 215 215 215 215.39935302734375 217 217 217 217 217.599029541015625 220 220 220 220 220.599029541015625 223 223 223 223 221.202911376953125 214 214 214 214 218.5925445556640625 237
244 239.8068084716796875 223 223 223 223 219.0064849853515625 203 203 203 203 201.602264404296875 196 196 196 196 198.595794677734375 209 209 209 209 208.400970458984375 206 206 206 206 205.001617431640625 201 201 201 201 199.80194091796875 195 195 195 195 198.9935150146484375 215 215 215 215 215.39935302734375 217 217 217 217 217.599029541015625 220 220 220 220 220.599029541015625 223 223 223 223 221.202911376953125 214 214 214 214 218.5925445556640625 237
244 239.8068084716796875 223 223 223 223 219.0064849853515625 203 203 203 203 201.602264404296875 196 196 196 196 198.595794677734375 209 209 209 209 208.400970458984375 206 206 206 206 205.001617431640625 201 201 201 201 199.80194091796875 195 195 195 195 198.9935150146484375 215 215 215 215 215.39935302734375 217 217 217 217 217.599029541015625 220 220 220 220 220.599029541015625 223 223 223 223 221.202911376953125 214 214 214 214 218.5925445556640625 237
210.798858642578125 209.140472412109375 202.4934234619140625 202.4934234619140625 202.4934234619140625 202.4934234619140625 205.129364013671875 215.694549560546875 215.694549560546875 215.694549560546875 215.694549560546875 214.88177490234375 211.6240692138671875 211.6240692138671875 211.6240692138671875 211.6240692138671875 210.7101287841796875 207.0469970703125 207.0469970703125 207.0469970703125 207.0469970703125 207.8128509521484375 210.8825225830078125 210.8825225830078125 210.8825225830078125 210.8825225830078125 211.2490234375 212.718048095703125 212.718048095703125 212.718048095703125 212.718048095703125 212.2999267578125 210.6240692138671875 210.6240692138671875 210.6240692138671875 210.6240692138671875 209.74298095703125 206.2114715576171875 206.2114715576171875 206.2114715576171875 206.2114715576171875 207.9757080078125 215.0469970703125 215.0469970703125 215.0469970703125 215.0469970703125 217.7908477783203125 228.7885284423828125 228.7885284423828125 228.7885284423828125 228.7885284423828125 229.582550048828125 232.765045166015625 232.765045166015625 232.765045166015625 232.765045166015625 235.0626220703125 244.2716217041015625 244.2716217041015625 244.2716217041015625 244.2716217041015625 241.8447265625 232.1174774169921875
210 208.402587890625 202 202 202 202 204.79547119140625 216 216 216 216 215.2012939453125 212 212 212 212 211.001617431640625 207 207 207 207 207.7987060546875 211 211 211 211 211.39935302734375 213 213 213 213 212.60064697265625 211 211 211 211 210.001617431640625 206 206 206 206 207.797088623046875 215 215 215 215 217.79547119140625 229 229 229 229 229.7987060546875 233 233 233 233 235.3961181640625 245 245 245 245 242.404205322265625 232
210 208.402587890625 202 202 202 202 204.79547119140625 216 216 216 216 215.2012939453125 212 212 212 212 211.001617431640625 207 207 207 207 207.7987060546875 211 211 211 211 211.39935302734375 213 213 213 213 212.60064697265625 211 211 211 211 210.001617431640625 206 206 206 206 207.797088623046875 215 215 215 215 217.79547119140625 229 229 229 229 229.7987060546875 233 233 233 233 235.3961181640625 245 245 245 245 242.404205322265625 232
210 208.402587890625 202 202 202 202 204.79547119140625 216 216 216 216 215.2012939453125 212 212 212 212 211.001617431640625 207 207 207 207 207.7987060546875 211 211 211 211 211.39935302734375 213 213 213 213 212.60064697265625 211 211 211 211 210.001617431640625 206 206 206 206 207.797088623046875 215 215 215 215 217.79547119140625 229 229 229 229 229.7987060546875 233 233 233 233 235.3961181640625 245 245 245 245 242.404205322265625 232
210 208.402587890625 202 202 202 202 204.79547119140625 216 216 216 216 215.2012939453125 212 212 212 212 211.001617431640625 207 207 207 207 207.7987060546875 211 211 211 211 211.39935302734375 213 213 213 213 212.60064697265625 211 211 211 211 210.001617431640625 206 206 206 206 207.797088623046875 215 215 215 215 217.79547119140625 229 229 229 229 229.7987060546875 233 233 233 233 235.3961181640625 245 245 245 245 242.404205322265625 232
207.07049560546875 208.787811279296875 215.671051025390625 215.671051025390625 215.671051025390625 215.671051025390625 215.7367401123046875 216 216 216 216 214.22637939453125 207.1174774169921875 207.1174774169921875 207.1174774169921875 207.1174774169921875 207.28900146484375 207.97650146484375 207.97650146484375 207.97650146484375 207.97650146484375 208.580230712890625 211 211 211 211 211.594329833984375 213.97650146484375 213.97650146484375 213.97650146484375 213.97650146484375 213.5771484375 211.97650146484375 211.97650146484375 211.97650146484375 211.97650146484375 212.537994384765625 214.7885284423828125 214.7885284423828125 214.7885284423828125 214.7885284423828125 216.195648193359375 221.8355255126953125 221.8355255126953125 221.8355255126953125 221.8355255126953125 224.0460357666015625 232.9060211181640625 232.9060211181640625 232.9060211181640625 232.9060211181640625 232.3398284912109375 230.07049560546875 230.07049560546875 230.07049560546875 230.07049560546875 230.516754150390625 232.305450439453125 232.305450439453125 232.305450439453125 232.305450439453125 232.82940673828125 234.92950439453125
207 208.797088623046875 216 216 216 216 216 216 216 216 216 214.202911376953125 207 207 207 207 207.199676513671875 208 208 208 208 208.599029541015625 211 211 211 211 211.599029541015625 214 214 214 214 213.60064697265625 212 212 212 212 212.599029541015625 215 215 215 215 216.397735595703125 222 222 222 222 224.196441650390625 233 233 233 233 232.400970458984375 230 230 230 230 230.39935302734375 232 232 232 232 232.599029541015625 235
207 208.797088623046875 216 216 216 216 216 216 216 216 216 214.202911376953125 207 207 207 207 207.199676513671875 208 208 208 208 208.599029541015625 211 211 211 211 211.599029541015625 214 214 214 214 213.60064697265625 212 212 212 212 212.599029541015625 215 215 215 215 216.397735595703125 222 222 222 222 224.196441650390625 233 233 233 233 232.400970458984375 230 230 230 230 230.39935302734375 232 232 232 232 232.599029541015625 235
207 208.797088623046875 216 216 216 216 216 216 216 216 216 214.202911376953125 207 207 207 207 207.199676513671875 208 208 208 208 208.599029541015625 211 211 211 211 211.599029541015625 214 214 214 214 213.60064697265625 212 212 212 212 212.599029541015625 215 215 215 215 216.397735595703125 222 222 222 222 224.196441650390625 233 233 233 233 232.400970458984375 230 230 230 230 230.39935302734375 232 232 232 232 232.599029541015625 235
207 208.797088623046875 216 216 216 216 216 216 216 216 216 214.202911376953125 207 207 207 207 207.199676513671875 208 208 208 208 208.599029541015625 211 211 211 211 211.599029541015625 214 214 214 214 213.60064697265625 212 212 212 212 212.599029541015625 215 215 215 215 216.397735595703125 222 222 222 222 224.196441650390625 233 233 233 233 232.400970458984375 230 230 230 230 230.39935302734375 232 232 232 232 232.599029541015625 235
199.1879730224609375 202.7399139404296875 216.97650146484375 216.97650146484375 216.97650146484375 216.97650146484375 216.97650146484375 216.97650146484375 216.97650146484375 216.97650146484375 216.97650146484375 214.98443603515625 207 207 207 207 209.1495208740234375 217.765045166015625 217.765045166015625 217.765045166015625 217.765045166015625 218.1690826416015625 219.7885284423828125 219.7885284423828125 219.7885284423828125 219.7885284423828125 219.6076202392578125 218.8825225830078125 218.8825225830078125 218.8825225830078125 218.8825225830078125 220.433013916015625 226.647552490234375 226.647552490234375 226.647552490234375 226.647552490234375 226.27166748046875 224.765045166015625 224.765045166015625 224.765045166015625 224.765045166015625 224.99285888671875 225.9060211181640625 225.9060211181640625 225.9060211181640625 225.9060211181640625 226.7375640869140625 230.07049560546875 230.07049560546875 230.07049560546875 230.07049560546875 228.886505126953125 224.1409759521484375 224.1409759521484375 224.1409759521484375 224.1409759521484375 224.9302978515625 228.0939788818359375 228.0939788818359375 228.0939788818359375 228.0939788818359375 227.523101806640625 225.234954833984375
199 202.5941619873046875 217 217 217 217 217 217 217 217 217 215.00323486328125 207 207 207 207 209.196441650390625 218 218 218 218 218.39935302734375 220 220 220 220 219.800323486328125 219 219 219 219 220.597412109375 227 227 227 227 226.60064697265625 225 225 225 225 225.199676513671875 226 226 226 226 226.7987060546875 230 230 230 230 228.80194091796875 224 224 224 224 224.7987060546875 228 228 228 228 227.400970458984375 225
199 202.5941619873046875 217 217 217 217 217 217 217 217 217 215.00323486328125 207 207 207 207 209.196441650390625 218 218 218 218 218.39935302734375 220 220 220 220 219.800323486328125 219 219 219 219 220.597412109375 227 227 227 227 226.60064697265625 225 225 225 225 225.199676513671875 226 226 226 226 226.7987060546875 230 230 230 230 228.80194091796875 224 224 224 224 224.7987060546875 228 228 228 228 227.400970458984375 225
199 202.5941619873046875 217 217 217 217 217 217 217 217 217 215.00323486328125 207 207 207 207 209.196441650390625 218 218 218 218 218.39935302734375 220 220 220 220 219.800323486328125 219 219 219 219 220.597412109375 227 227 227 227 226.60064697265625 225 225 225 225 225.199676513671875 226 226 226 226 226.7987060546875 230 230 230 230 228.80194091796875 224 224 224 224 224.7987060546875 228 228 228 228 227.400970458984375 225
199 202.5941619873046875 217 217 217 217 217 217 217 217 217 215.00323486328125 207 207 207 207 209.196441650390625 218 218 218 218 218.39935302734375 220 220 220 220 219.800323486328125 219 219 219 219 220.597412109375 227 227 227 227 226.60064697265625 225 225 225 225 225.199676513671875 226 226 226 226 226.7987060546875 230 230 230 230 228.80194091796875 224 224 224 224 224.7987060546875 228 228 228 228 227.400970458984375 225
201.92950439453125 203.96380615234375 212.1174774169921875 212.1174774169921875 212.1174774169921875 212.1174774169921875 212.1174774169921875 212.1174774169921875 212.1174774169921875 212.1174774169921875 212.1174774169921875 212.850494384765625 215.7885284423828125 215.7885284423828125 215.7885284423828125 215.7885284423828125 216.2301177978515625 218 218 218 218 217.2294464111328125 214.1409759521484375 214.1409759521484375 214.1409759521484375 214.1409759521484375 215.3061981201171875 219.97650146484375 219.97650146484375 219.97650146484375 219.97650146484375 221.3789215087890625 227 227 227 227 226.405670166015625 224.02349853515625 224.02349853515625 224.02349853515625 224.02349853515625 224.6131439208984375 226.97650146484375 226.97650146484375 226.97650146484375 226.97650146484375 226.6053009033203125 225.1174774169921875 225.1174774169921875 225.1174774169921875 225.1174774169921875 226.2592315673828125 230.8355255126953125 230.8355255126953125 230.8355255126953125 230.8355255126953125 230.6593170166015625 229.9530029296875 229.9530029296875 229.9530029296875 229.9530029296875 229.938934326171875 229.8825225830078125
202 203.99676513671875 212 212 212 212 212 212 212 212 212 212.7987060546875 216 216 216 216 216.39935302734375 218 218 218 218 217.2012939453125 214 214 214 214 215.19805908203125 220 220 220 220 221.397735595703125 227 227 227 227 226.400970458984375 224 224 224 224 224.599029541015625 227 227 227 227 226.60064697265625 225 225 225 225 226.19805908203125 231 231 231 231 230.800323486328125 230 230 230 230 230 230
202 203.99676513671875 212 212 212 212 212 212 212 212 212 212.7987060546875 216 216 216 216 216.39935302734375 218 218 218 218 217.2012939453125 214 214 214 214 215.19805908203125 220 220 220 220 221.397735595703125 227 227 227 227 226.400970458984375 224 224 224 224 224.599029541015625 227 227 227 227 226.60064697265625 225 225 225 225 226.19805908203125 231 231 231 231 230.800323486328125 230 230 230 230 230 230
202 203.99676513671875 212 212 212 212 212 212 212 212 212 212.7987060546875 216 216 216 216 216.39935302734375 218 218 218 218 217.2012939453125 214 214 214 214 215.19805908203125 220 220 220 220 221.397735595703125 227 227 227 227 226.400970458984375 224 224 224 224 224.599029541015625 227 227 227 227 226.60064697265625 225 225 225 225 226.19805908203125 231 231 231 231 230.800323486328125 230 230 230 230 230 230
202 203.99676513671875 212 212 212 212 212 212 212 212 212 212.7987060546875 216 216 216 216 216.39935302734375 218 218 218 218 217.2012939453125 214 214 214 214 215.19805908203125 220 220 220 220 221.397735595703125 227 227 227 227 226.400970458984375 224 224 224 224 224.599029541015625 227 227 227 227 226.60064697265625 225 225 225 225 226.19805908203125 231 231 231 231 230.800323486328125 230 230 230 230 230 230
205.9060211181640625 206.5378875732421875 209.07049560546875 209.07049560546875 209.07049560546875 209.07049560546875 211.2153167724609375 219.8120269775390625 219.8120269775390625 219.8120269775390625 219.8120269775390625 221.000701904296875 225.765045166015625 225.765045166015625 225.765045166015625 225.765045166015625 226.9443359375 231.671051025390625 231.671051025390625 231.671051025390625 231.671051025390625 233.017181396484375 238.41259765625 238.41259765625 238.41259765625 238.41259765625 237.270843505859375 232.694549560546875 232.694549560546875 232.694549560546875 232.694549560546875 231.752471923828125 227.97650146484375 227.97650146484375 227.97650146484375 227.97650146484375 227.5724639892578125 225.9530029296875 225.9530029296875 225.9530029296875 225.9530029296875 226.552032470703125 228.9530029296875 228.9530029296875 228.9530029296875 228.9530029296875 229.7235565185546875 232.8120269775390625 232.8120269775390625 232.8120269775390625 232.8120269775390625 232.06024169921875 229.0469970703125 229.0469970703125 229.0469970703125 229.0469970703125 230.407196044921875 235.8590240478515625 235.8590240478515625 235.8590240478515625 235.8590240478515625 236.248992919921875 237.8120269775390625
