INPUT/RASTER/ASCII/clay.asc
ncols        225
nrows        269
xllcorner    473000.000000000000
yllcorner    4429100.000000000000
cellsize     50.000000000000
NODATA_value -9999
[rows 140 to 167 of 269, columns 126 to 188 of 225]
245 245 245 246.19805908203125 -9999 -9999 -9999 -9999 -9999 -9999 -9999 -9999 -9999 -9999 -9999 -9999 -9999 -9999 -9999 -9999 -9999 -9999 -9999 -9999 -9999 -9999 -9999 -9999 -9999 242 242 242 242 241.800323486328125 241 241 241 241 240.60064697265625 239 239 239 239 240.797088623046875 248 248 248 248 247.800323486328125 247 247 247 247 245.602264404296875 240 240 240 240 239.60064697265625 238 238 238 238
253.7885284423828125 253.7885284423828125 253.7885284423828125 253.4267120361328125 -9999 -9999 -9999 -9999 -9999 -9999 -9999 -9999 -9999 -9999 -9999 -9999 -9999 -9999 -9999 -9999 -9999 -9999 -9999 -9999 -9999 -9999 -9999 -9999 -9999 238.0939788818359375 238.0939788818359375 238.0939788818359375 238.0939788818359375 239.649169921875 245.8825225830078125 245.8825225830078125 245.8825225830078125 245.8825225830078125 244.313262939453125 238.02349853515625 238.02349853515625 238.02349853515625 238.02349853515625 240.795501708984375 251.9060211181640625 251.9060211181640625 251.9060211181640625 251.9060211181640625 251.5113525390625 249.92950439453125 249.92950439453125 249.92950439453125 249.92950439453125 247.36187744140625 237.07049560546875 237.07049560546875 237.07049560546875 237.07049560546875 236.866119384765625 236.0469970703125 236.0469970703125 236.0469970703125 236.0469970703125
254 254 254 -9999 -9999 -9999 -9999 -9999 -9999 -9999 -9999 -9999 -9999 -9999 -9999 -9999 -9999 -9999 -9999 -9999 -9999 -9999 -9999 -9999 -9999 -9999 -9999 -9999 -9999 -9999 238 238 238 239.597412109375 246 246 246 246 244.402587890625 238 238 238 238 240.79547119140625 252 252 252 252 251.60064697265625 250 250 250 250 247.404205322265625 237 237 237 237 236.800323486328125 236 236 236 236
254 254 -9999 -9999 -9999 -9999 -9999 -9999 -9999 -9999 241 241 241 240.800323486328125 240 240 240 240 239.001617431640625 235 -9999 -9999 -9999 -9999 -9999 -9999 -9999 -9999 -9999 -9999 238 238 238 239.597412109375 246 246 246 246 244.402587890625 238 238 238 238 240.79547119140625 252 252 252 252 251.60064697265625 250 250 250 250 247.404205322265625 237 237 237 237 236.800323486328125 236 236 236 236
-9999 -9999 -9999 -9999 -9999 -9999 -9999 -9999 -9999 -9999 241 241 241 240.800323486328125 240 240 240 240 239.001617431640625 235 -9999 -9999 -9999 -9999 -9999 -9999 -9999 -9999 -9999 -9999 238 238 238 239.597412109375 246 246 246 246 244.402587890625 238 238 238 238 240.79547119140625 252 252 252 252 251.60064697265625 250 250 250 250 247.404205322265625 237 237 237 237 236.800323486328125 236 236 236 236
-9999 -9999 -9999 -9999 -9999 -9999 -9999 -9999 -9999 -9999 241 241 241 240.800323486328125 240 240 240 240 239.001617431640625 235 -9999 -9999 -9999 -9999 -9999 -9999 -9999 -9999 -9999 -9999 238 238 238 239.597412109375 246 246 246 246 244.402587890625 238 238 238 238 240.79547119140625 252 252 252 252 251.60064697265625 250 250 250 250 247.404205322265625 237 237 237 237 236.800323486328125 236 236 236 236
-9999 -9999 -9999 -9999 -9999 -9999 -9999 -9999 -9999 -9999 -9999 240.02349853515625 240.02349853515625 240.798736572265625 243.9060211181640625 243.9060211181640625 -9999 -9999 -9999 -9999 -9999 -9999 -9999 -9999 -9999 -9999 -9999 -9999 -9999 -9999 233.1174774169921875 233.1174774169921875 233.1174774169921875 235.299835205078125 244.0469970703125 244.0469970703125 244.0469970703125 244.0469970703125 243.42449951171875 240.92950439453125 240.92950439453125 240.92950439453125 240.92950439453125 241.190185546875 242.234954833984375 242.234954833984375 242.234954833984375 242.234954833984375 244.3704071044921875 252.92950439453125 252.92950439453125 252.92950439453125 252.92950439453125 252.2835693359375 249.694549560546875 249.694549560546875 249.694549560546875 249.694549560546875 249.6898651123046875 249.671051025390625 249.671051025390625 249.671051025390625 249.671051025390625
-9999 -9999 -9999 -9999 -9999 -9999 -9999 -9999 -9999 -9999 -9999 240 240 240.7987060546875 244 244 -9999 -9999 -9999 -9999 -9999 -9999 -9999 -9999 -9999 -9999 -9999 -9999 -9999 -9999 233 233 233 235.196441650390625 244 244 244 244 243.400970458984375 241 241 241 241 241.199676513671875 242 242 242 242 244.196441650390625 253 253 253 253 252.400970458984375 250 250 250 250 250 250 250 250 250
-9999 -9999 -9999 -9999 -9999 -9999 -9999 -9999 -9999 -9999 240 240 240 240.7987060546875 244 244 244 244 -9999 -9999 -9999 -9999 -9999 -9999 -9999 -9999 -9999 -9999 -9999 -9999 233 233 233 235.196441650390625 244 244 244 244 243.400970458984375 241 241 241 241 241.199676513671875 242 242 242 242 244.196441650390625 253 253 253 253 252.400970458984375 250 250 250 250 250 250 250 250 250
-9999 -9999 -9999 -9999 -9999 -9999 -9999 -9999 242.400970458984375 240 240 240 240 240.7987060546875 244 244 244 -9999 -9999 -9999 -9999 241 241 238.404205322265625 -9999 -9999 -9999 -9999 -9999 -9999 233 233 233 235.196441650390625 244 244 244 244 243.400970458984375 241 241 241 241 241.199676513671875 242 242 242 242 244.196441650390625 253 253 253 253 252.400970458984375 250 250 250 250 250 250 250 250 250
229 229 229 -9999 243 243 243 243 242.400970458984375 240 240 240 240 240.7987060546875 244 244 244 -9999 -9999 241 241 241 241 238.404205322265625 228 228 228 -9999 -9999 -9999 233 233 233 235.196441650390625 244 244 244 244 243.400970458984375 241 241 241 241 241.199676513671875 242 242 242 242 244.196441650390625 253 253 253 253 252.400970458984375 250 250 250 250 250 250 250 250 250
241.694549560546875 241.694549560546875 241.694549560546875 241.56524658203125 241.0469970703125 241.0469970703125 241.0469970703125 241.0469970703125 241.6178741455078125 243.9060211181640625 243.9060211181640625 243.9060211181640625 243.9060211181640625 243.9247894287109375 244 244 244 244 246.32574462890625 255.647552490234375 255.647552490234375 255.647552490234375 255.647552490234375 252.2718353271484375 238.741546630859375 238.741546630859375 238.741546630859375 238.741546630859375 240.519866943359375 247.647552490234375 247.647552490234375 247.647552490234375 247.647552490234375 247.3092041015625 245.9530029296875 245.9530029296875 245.9530029296875 245.9530029296875 246.7188720703125 249.7885284423828125 249.7885284423828125 249.7885284423828125 249.7885284423828125 251.3531036376953125 257.624053955078125 257.624053955078125 257.624053955078125 257.624053955078125 257.6756591796875 257.88250732421875 257.88250732421875 257.88250732421875 257.88250732421875 256.893524169921875 252.92950439453125 252.92950439453125 252.92950439453125 252.92950439453125 251.5646209716796875 246.0939788818359375 246.0939788818359375 246.0939788818359375 246.0939788818359375
242 242 242 241.800323486328125 241 241 241 241 241.599029541015625 244 244 244 244 244 244 244 244 244 246.3961181640625 256 256 256 256 252.6055145263671875 239 239 239 239 240.797088623046875 248 248 248 248 247.60064697265625 246 246 246 246 246.7987060546875 250 250 250 250 251.597412109375 258 258 258 258 258 258 258 258 258 257.001617431640625 253 253 253 253 251.602264404296875 246 246 246 246
242 242 242 241.800323486328125 241 241 241 241 241.599029541015625 244 244 244 244 244 244 244 244 244 246.3961181640625 256 256 256 256 252.6055145263671875 239 239 239 239 240.797088623046875 248 248 248 248 247.60064697265625 246 246 246 246 246.7987060546875 250 250 250 250 251.597412109375 258 258 258 258 258 258 258 258 258 257.001617431640625 253 253 253 253 251.602264404296875 246 246 246 246
242 242 242 241.800323486328125 241 241 241 241 241.599029541015625 244 244 244 244 244 244 244 244 244 246.3961181640625 256 256 256 256 252.6055145263671875 239 239 239 239 240.797088623046875 248 248 248 248 247.60064697265625 246 246 246 246 246.7987060546875 250 250 250 250 251.597412109375 258 258 258 258 258 258 258 258 258 257.001617431640625 253 253 253 253 251.602264404296875 246 246 246 246
242 242 242 241.800323486328125 241 241 241 241 241.599029541015625 244 244 244 244 244 244 244 244 244 246.3961181640625 256 256 256 256 252.6055145263671875 239 239 239 239 240.797088623046875 248 248 248 248 247.60064697265625 246 246 246 246 246.7987060546875 250 250 250 250 251.597412109375 258 258 258 258 258 258 258 258 258 257.001617431640625 253 253 253 253 251.602264404296875 246 246 246 246
239.07049560546875 239.07049560546875 239.07049560546875 241.6006011962890625 251.741546630859375 251.741546630859375 251.741546630859375 251.741546630859375 249.8057708740234375 242.0469970703125 242.0469970703125 242.0469970703125 242.0469970703125 241.4620361328125 239.1174774169921875 239.1174774169921875 239.1174774169921875 239.1174774169921875 239.75872802734375 242.328948974609375 242.328948974609375 242.328948974609375 242.328948974609375 241.4692535400390625 238.02349853515625 238.02349853515625 238.02349853515625 238.02349853515625 239.820587158203125 247.02349853515625 247.02349853515625 247.02349853515625 247.02349853515625 244.6743011474609375 235.258453369140625 235.258453369140625 235.258453369140625 235.258453369140625 239.761871337890625 257.812042236328125 257.812042236328125 257.812042236328125 257.812042236328125 258.239532470703125 259.9530029296875 259.9530029296875 259.9530029296875 259.9530029296875 259.758026123046875 258.97650146484375 258.97650146484375 258.97650146484375 258.97650146484375 259.343017578125 260.812042236328125 260.812042236328125 260.812042236328125 260.812042236328125 259.609283447265625 254.7885284423828125 254.7885284423828125 254.7885284423828125 254.7885284423828125
239 239 239 241.595794677734375 252 252 252 252 250.00323486328125 242 242 242 242 241.400970458984375 239 239 239 239 239.599029541015625 242 242 242 242 241.2012939453125 238 238 238 238 239.797088623046875 247 247 247 247 244.6038818359375 235 235 235 235 239.5925445556640625 258 258 258 258 258.39935302734375 260 260 260 260 259.800323486328125 259 259 259 259 259.39935302734375 261 261 261 261 259.80194091796875 255 255 255 255
239 239 239 241.595794677734375 252 252 252 252 250.00323486328125 242 242 242 242 241.400970458984375 239 239 239 239 239.599029541015625 242 242 242 242 241.2012939453125 238 238 238 238 239.797088623046875 247 247 247 247 244.6038818359375 235 235 235 235 239.5925445556640625 258 258 258 258 258.39935302734375 260 260 260 260 259.800323486328125 259 259 259 259 259.39935302734375 261 261 261 261 259.80194091796875 255 255 255 255
239 239 239 241.595794677734375 252 252 252 252 250.00323486328125 242 242 242 242 241.400970458984375 239 239 239 239 239.599029541015625 242 242 242 242 241.2012939453125 238 238 238 238 239.797088623046875 247 247 247 247 244.6038818359375 235 235 235 235 239.5925445556640625 258 258 258 258 258.39935302734375 260 260 260 260 259.800323486328125 259 259 259 259 259.39935302734375 261 261 261 261 259.80194091796875 255 255 255 255
239 239 239 241.595794677734375 252 252 252 252 250.00323486328125 242 242 242 242 241.400970458984375 239 239 239 239 239.599029541015625 242 242 242 242 241.2012939453125 238 238 238 238 239.797088623046875 247 247 247 247 244.6038818359375 235 235 235 235 239.5925445556640625 258 258 258 258 258.39935302734375 260 260 260 260 259.800323486328125 259 259 259 259 259.39935302734375 261 261 261 261 259.80194091796875 255 255 255 255
248.765045166015625 248.765045166015625 248.765045166015625 249.6059722900390625 252.97650146484375 252.97650146484375 252.97650146484375 252.97650146484375 251.9546661376953125 247.8590240478515625 247.8590240478515625 247.8590240478515625 247.8590240478515625 249.2098388671875 254.6240692138671875 254.6240692138671875 254.6240692138671875 254.6240692138671875 254.2481689453125 252.741546630859375 252.741546630859375 252.741546630859375 252.741546630859375 251.16290283203125 244.8355255126953125 244.8355255126953125 244.8355255126953125 244.8355255126953125 244.682769775390625 244.07049560546875 244.07049560546875 244.07049560546875 244.07049560546875 245.3790740966796875 250.6240692138671875 250.6240692138671875 250.6240692138671875 250.6240692138671875 252.876800537109375 261.906005859375 261.906005859375 261.906005859375 261.906005859375 261.720428466796875 260.97650146484375 260.97650146484375 260.97650146484375 260.97650146484375 261.5567626953125 263.88250732421875 263.88250732421875 263.88250732421875 263.88250732421875 263.111968994140625 260.02349853515625 260.02349853515625 260.02349853515625 260.02349853515625 258.045501708984375 250.1174774169921875 250.1174774169921875 250.1174774169921875 250.1174774169921875
249 249 249 249.7987060546875 253 253 253 253 252.001617431640625 248 248 248 248 249.397735595703125 255 255 255 255 254.60064697265625 253 253 253 253 251.402587890625 245 245 245 245 244.800323486328125 244 244 244 244 245.397735595703125 251 251 251 251 253.196441650390625 262 262 262 262 261.800323486328125 261 261 261 261 261.599029541015625 264 264 264 264 263.2012939453125 260 260 260 260 258.00323486328125 250 250 250 250
249 249 249 249.7987060546875 253 253 253 253 252.001617431640625 248 248 248 248 249.397735595703125 255 255 255 255 254.60064697265625 253 253 253 253 251.402587890625 245 245 245 245 244.800323486328125 244 244 244 244 245.397735595703125 251 251 251 251 253.196441650390625 262 262 262 262 261.800323486328125 261 261 261 261 261.599029541015625 264 264 264 264 263.2012939453125 260 260 260 260 258.00323486328125 250 250 250 250
249 249 249 249.7987060546875 253 253 253 253 252.001617431640625 248 248 248 248 249.397735595703125 255 255 255 255 254.60064697265625 253 253 253 253 251.402587890625 245 245 245 245 244.800323486328125 244 244 244 244 245.397735595703125 251 251 251 251 253.196441650390625 262 262 262 262 261.800323486328125 261 261 261 261 261.599029541015625 264 264 264 264 263.2012939453125 260 260 260 260 258.00323486328125 250 250 250 250
249 249 249 249.7987060546875 253 253 253 253 252.001617431640625 248 248 248 248 249.397735595703125 255 255 255 255 254.60064697265625 253 253 253 253 251.402587890625 245 245 245 245 244.800323486328125 244 244 244 244 245.397735595703125 251 251 251 251 253.196441650390625 262 262 262 262 261.800323486328125 261 261 261 261 261.599029541015625 264 264 264 264 263.2012939453125 260 260 260 260 258.00323486328125 250 250 250 250
241.1879730224609375 241.1879730224609375 241.1879730224609375 241.011749267578125 240.305450439453125 240.305450439453125 240.305450439453125 240.305450439453125 239.89202880859375 238.234954833984375 238.234954833984375 238.234954833984375 238.234954833984375 238.4627838134765625 239.3759307861328125 239.3759307861328125 239.3759307861328125 239.3759307861328125 237.6116943359375 230.5404052734375 230.5404052734375 230.5404052734375 230.5404052734375 231.867767333984375 237.1879730224609375 237.1879730224609375 237.1879730224609375 237.1879730224609375 239.13311767578125 246.92950439453125 246.92950439453125 246.92950439453125 246.92950439453125 248.327239990234375 253.92950439453125 253.92950439453125 253.92950439453125 253.92950439453125 252.22625732421875 245.3994293212890625 245.3994293212890625 245.3994293212890625 245.3994293212890625 248.70947265625 261.97650146484375 261.97650146484375 261.97650146484375 261.97650146484375 261.21063232421875 258.1409912109375 258.1409912109375 258.1409912109375 258.1409912109375 258.122222900390625 258.0469970703125 258.0469970703125 258.0469970703125 258.0469970703125 255.855255126953125 247.07049560546875 247.07049560546875 247.07049560546875 247.07049560546875
241 241 241 240.800323486328125 240 240 240 240 239.60064697265625 238 238 238 238 238.199676513671875 239 239 239 239 237.202911376953125 230 230 230 230 231.397735595703125 237 237 237 237 238.99676513671875 247 247 247 247 248.397735595703125 254 254 254 254 252.202911376953125 245 245 245 245 248.3944854736328125 262 262 262 262 261.2012939453125 258 258 258 258 258 258 258 258 258 255.803558349609375 247 247 247 247
