INPUT/RASTER/ASCII/clay.asc
ncols        225
nrows        269
xllcorner    473009.983799999987
yllcorner    4429051.174800000153
cellsize     50.000000000000
NODATA_value -9999
[rows 180 to 197 of 269, columns 42 to 83 of 225]
23.58599090576171875 23.730272293090820313 23.874553680419921875 24.018835067749023438 24.163118362426757813 24.266515731811523438 24.206045150756835938 24.14557647705078125 24.08510589599609375 24.02463531494140625 24.02245330810546875 24.253889083862304688 24.485324859619140625 24.716760635375976563 24.9481964111328125 25.1282806396484375 25.102537155151367188 25.076791763305664063 25.05104827880859375 25.025302886962890625 25.009548187255859375 25.033830642700195313 25.058111190795898438 25.082393646240234375 25.106676101684570313 25.114034652709960938 25.053564071655273438 24.99309539794921875 24.93262481689453125 24.87215423583984375 24.806074142456054688 24.717510223388671875 24.628946304321289063 24.54038238525390625 24.451818466186523438 24.340816497802734375 24.1398773193359375 23.938936233520507813 23.737997055053710938 23.537057876586914063 23.390691757202148438 23.463068008422851563
23.703594207763671875 23.83587646484375 23.968156814575195313 24.100439071655273438 24.232721328735351563 24.330509185791015625 24.2900390625 24.249568939208984375 24.20909881591796875 24.168628692626953125 24.187244415283203125 24.44268035888671875 24.698116302490234375 24.953554153442382813 25.208990097045898438 25.389112472534179688 25.267368316650390625 25.145624160766601563 25.023878097534179688 24.902133941650390625 24.80715179443359375 24.819433212280273438 24.831716537475585938 24.843997955322265625 24.856279373168945313 24.858028411865234375 24.81755828857421875 24.777088165283203125 24.7366180419921875 24.696147918701171875 24.650867462158203125 24.5863037109375 24.521739959716796875 24.45717620849609375 24.392610549926757813 24.308803558349609375 24.147863388061523438 23.986925125122070313 23.825984954833984375 23.665044784545898438 23.547498703002929688 23.60387420654296875
23.821197509765625 23.941478729248046875 24.061761856079101563 24.182043075561523438 24.302326202392578125 24.394502639770507813 24.374032974243164063 24.353563308715820313 24.33309173583984375 24.3126220703125 24.352037429809570313 24.631473541259765625 24.910909652709960938 25.19034576416015625 25.469781875610351563 25.649944305419921875 25.432199478149414063 25.21445465087890625 24.996709823608398438 24.778964996337890625 24.604755401611328125 24.605037689208984375 24.605319976806640625 24.605602264404296875 24.605884552001953125 24.602022171020507813 24.581552505493164063 24.561082839965820313 24.54061126708984375 24.5201416015625 24.49565887451171875 24.455095291137695313 24.414531707763671875 24.373968124389648438 24.333402633666992188 24.276790618896484375 24.155851364135742188 24.034912109375 23.913970947265625 23.793031692504882813 23.704303741455078125 23.744678497314453125
23.838031768798828125 23.930688858032226563 24.023345947265625 24.11600494384765625 24.208662033081054688 24.279605865478515625 24.26351165771484375 24.247417449951171875 24.2313232421875 24.215229034423828125 24.2566986083984375 24.528886795043945313 24.801074981689453125 25.073263168334960938 25.34545135498046875 25.527940750122070313 25.3509063720703125 25.173871994018554688 24.996839523315429688 24.819805145263671875 24.675001144409179688 24.659376144409179688 24.6437530517578125 24.6281280517578125 24.612504959106445313 24.5967864990234375 24.580692291259765625 24.56459808349609375 24.548503875732421875 24.53240966796875 24.507642745971679688 24.44811248779296875 24.388582229614257813 24.329051971435546875 24.269521713256835938 24.1994781494140625 24.087289810180664063 23.975101470947265625 23.8629150390625 23.750726699829101563 23.677507400512695313 23.760473251342773438
23.85243988037109375 23.917097091674804688 23.981756210327148438 24.046413421630859375 24.111072540283203125 24.160404205322265625 24.148309707641601563 24.1362152099609375 24.12412261962890625 24.112028121948242188 24.155101776123046875 24.41928863525390625 24.683477401733398438 24.947666168212890625 25.21185302734375 25.396726608276367188 25.263692855834960938 25.130659103393554688 24.997625350952148438 24.864591598510742188 24.751806259155273438 24.720182418823242188 24.688558578491210938 24.656934738159179688 24.625308990478515625 24.597585678100585938 24.585491180419921875 24.573396682739257813 24.561304092407226563 24.5492095947265625 24.523649215698242188 24.444120407104492188 24.364589691162109375 24.285058975219726563 24.20552825927734375 24.121074676513671875 24.016887664794921875 23.912700653076171875 23.808511734008789063 23.704324722290039063 23.646291732788085938 23.773258209228515625
23.866849899291992188 23.903507232666015625 23.940164566040039063 23.976823806762695313 24.01348114013671875 24.041202545166015625 24.033109664916992188 24.025014877319335938 24.016920089721679688 24.00882720947265625 24.053503036499023438 24.3096923828125 24.56587982177734375 24.8220672607421875 25.078256607055664063 25.265512466430664063 25.176477432250976563 25.087444305419921875 24.998411178588867188 24.909376144409179688 24.828611373901367188 24.780986785888671875 24.733362197875976563 24.685739517211914063 24.63811492919921875 24.598384857177734375 24.590290069580078125 24.582195281982421875 24.574102401733398438 24.566007614135742188 24.539655685424804688 24.440126419067382813 24.340595245361328125 24.24106597900390625 24.141534805297851563 24.042673110961914063 23.946485519409179688 23.850297927856445313 23.754108428955078125 23.65792083740234375 23.615077972412109375 23.786043167114257813
23.881258010864257813 23.88991546630859375 23.8985748291015625 23.907232284545898438 23.915889739990234375 23.922000885009765625 23.91790771484375 23.913812637329101563 23.909719467163085938 23.905626296997070313 23.951906204223632813 24.200094223022460938 24.448282241821289063 24.696470260620117188 24.944658279418945313 25.134298324584960938 25.089263916015625 25.044229507446289063 24.999195098876953125 24.95416259765625 24.905416488647460938 24.841793060302734375 24.778167724609375 24.714544296264648438 24.650920867919921875 24.59918212890625 24.595088958740234375 24.59099578857421875 24.586900711059570313 24.582807540893554688 24.555662155151367188 24.436132431030273438 24.316602706909179688 24.197072982788085938 24.077541351318359375 23.964269638061523438 23.876081466674804688 23.78789520263671875 23.69970703125 23.61151885986328125 23.583864212036132813 23.798830032348632813
23.89566802978515625 23.876325607299804688 23.856983184814453125 23.837640762329101563 23.81829833984375 23.802799224853515625 23.802705764770507813 23.8026123046875 23.802518844604492188 23.802423477172851563 23.850309371948242188 24.090496063232421875 24.330684661865234375 24.570873260498046875 24.811061859130859375 25.003082275390625 25.002048492431640625 25.00101470947265625 24.999980926513671875 24.9989471435546875 24.982221603393554688 24.902597427368164063 24.822973251342773438 24.743349075317382813 24.663724899291992188 24.599981307983398438 24.599887847900390625 24.599794387817382813 24.599699020385742188 24.599605560302734375 24.5716705322265625 24.432138442993164063 24.292608261108398438 24.153078079223632813 24.013547897338867188 23.885868072509765625 23.8056793212890625 23.725492477416992188 23.645303726196289063 23.56511688232421875 23.552648544311523438 23.811614990234375
24.087408065795898438 24.047876358032226563 24.0083465576171875 23.968816757202148438 23.929286956787109375 23.8953094482421875 23.883592605590820313 23.871873855590820313 23.860155105590820313 23.848438262939453125 23.876842498779296875 24.066064834594726563 24.25528717041015625 24.444507598876953125 24.633729934692382813 24.786729812622070313 24.7945404052734375 24.8023529052734375 24.8101654052734375 24.8179779052734375 24.81293487548828125 24.75637054443359375 24.69980621337890625 24.643243789672851563 24.586679458618164063 24.534391403198242188 24.499237060546875 24.464082717895507813 24.428928375244140625 24.393774032592773438 24.34470367431640625 24.239858627319335938 24.135011672973632813 24.0301666259765625 23.925319671630859375 23.832454681396484375 23.787609100341796875 23.742763519287109375 23.697917938232421875 23.653072357177734375 23.6628570556640625 23.89160919189453125
24.283412933349609375 24.223882675170898438 24.1643524169921875 24.104824066162109375 24.045293807983398438 23.992914199829101563 23.969196319580078125 23.945478439331054688 23.92176055908203125 23.898042678833007813 23.906459808349609375 24.043682098388671875 24.180902481079101563 24.318124771118164063 24.455347061157226563 24.568326950073242188 24.584138870239257813 24.599950790405273438 24.615762710571289063 24.631574630737304688 24.637727737426757813 24.60516357421875 24.572599411010742188 24.540035247802734375 24.507471084594726563 24.46720123291015625 24.396047592163085938 24.324893951416015625 24.253740310668945313 24.182584762573242188 24.1118927001953125 24.043046951293945313 23.974201202392578125 23.905355453491210938 23.836507797241210938 23.779644012451171875 23.7707977294921875 23.761951446533203125 23.75310516357421875 23.744260787963867188 23.77646636962890625 23.973218917846679688
24.479419708251953125 24.399890899658203125 24.320360183715820313 24.2408294677734375 24.161298751831054688 24.090517044067382813 24.054800033569335938 24.01908111572265625 23.983364105224609375 23.947645187377929688 23.936077117919921875 24.021299362182617188 24.106519699096679688 24.191741943359375 24.276964187622070313 24.349924087524414063 24.373735427856445313 24.397548675537109375 24.421360015869140625 24.445171356201171875 24.462518692016601563 24.453954696655273438 24.445390701293945313 24.436826705932617188 24.428262710571289063 24.400012969970703125 24.292860031127929688 24.185705184936523438 24.078550338745117188 23.97139739990234375 23.879079818725585938 23.846235275268554688 23.813388824462890625 23.780542373657226563 23.747697830200195313 23.726831436157226563 23.753986358642578125 23.781139373779296875 23.808294296264648438 23.83544921875 23.890077590942382813 24.054828643798828125
24.675426483154296875 24.575897216796875 24.476366043090820313 24.376836776733398438 24.27730560302734375 24.188121795654296875 24.14040374755859375 24.092685699462890625 24.0449676513671875 23.997249603271484375 23.965694427490234375 23.998914718627929688 24.032136917114257813 24.065359115600585938 24.098581314086914063 24.131521224975585938 24.163333892822265625 24.1951446533203125 24.226957321166992188 24.258769989013671875 24.287311553955078125 24.302747726440429688 24.31818389892578125 24.333620071411132813 24.349056243896484375 24.33282470703125 24.189670562744140625 24.04651641845703125 23.903362274169921875 23.7602081298828125 23.646268844604492188 23.649423599243164063 23.652576446533203125 23.655731201171875 23.658885955810546875 23.674020767211914063 23.73717498779296875 23.800329208374023438 23.863483428955078125 23.926637649536132813 24.003688812255859375 24.136440277099609375
24.871433258056640625 24.751903533935546875 24.632371902465820313 24.512842178344726563 24.393312454223632813 24.285724639892578125 24.226007461547851563 24.166290283203125 24.106571197509765625 24.046854019165039063 23.995309829711914063 23.976531982421875 23.957754135131835938 23.938976287841796875 23.920196533203125 23.913118362426757813 23.952930450439453125 23.992742538452148438 24.03255462646484375 24.072366714477539063 24.112104415893554688 24.151540756225585938 24.190975189208984375 24.230411529541015625 24.269847869873046875 24.265636444091796875 24.086483001708984375 23.907327651977539063 23.728174209594726563 23.549020767211914063 23.413455963134765625 23.452611923217773438 23.491765975952148438 23.530920028686523438 23.570074081420898438 23.62120819091796875 23.720363616943359375 23.819517135620117188 23.918670654296875 24.017826080322265625 24.117298126220703125 24.218050003051757813
24.726818084716796875 24.641971588134765625 24.557125091552734375 24.472280502319335938 24.387434005737304688 24.306768417358398438 24.242862701416015625 24.178956985473632813 24.11505126953125 24.051145553588867188 23.988986968994140625 23.933832168579101563 23.878679275512695313 23.82352447509765625 23.768369674682617188 23.7353363037109375 23.790960311889648438 23.846584320068359375 23.902208328247070313 23.95783233642578125 24.006437301635742188 24.026906967163085938 24.047376632690429688 24.067846298217773438 24.088315963745117188 24.074216842651367188 23.921558380126953125 23.768899917602539063 23.616243362426757813 23.46358489990234375 23.343936920166015625 23.356594085693359375 23.369253158569335938 23.381910324096679688 23.39456939697265625 23.430906295776367188 23.562154769897460938 23.693403244018554688 23.824651718139648438 23.955898284912109375 24.075448989868164063 24.148105621337890625
24.574005126953125 24.525159835815429688 24.476314544677734375 24.42746734619140625 24.378622055053710938 24.325969696044921875 24.25806427001953125 24.190158843994140625 24.12225341796875 24.054346084594726563 23.981798171997070313 23.890644073486328125 23.799489974975585938 23.70833587646484375 23.617181777954101563 23.558530807495117188 23.630155563354492188 23.701778411865234375 23.773403167724609375 23.845027923583984375 23.90244293212890625 23.902914047241210938 23.903383255004882813 23.903852462768554688 23.904321670532226563 23.8798065185546875 23.75514984130859375 23.630491256713867188 23.505834579467773438 23.381175994873046875 23.278347015380859375 23.263004302978515625 23.247661590576171875 23.232320785522460938 23.216978073120117188 23.23729705810546875 23.400545120239257813 23.563793182373046875 23.727041244506835938 23.890289306640625 24.029857635498046875 24.074514389038085938
24.421194076538085938 24.40834808349609375 24.395502090454101563 24.382656097412109375 24.369810104370117188 24.345170974731445313 24.273265838623046875 24.201360702514648438 24.129453659057617188 24.05754852294921875 23.974611282348632813 23.847455978393554688 23.720302581787109375 23.59314727783203125 23.465993881225585938 23.381725311279296875 23.469348907470703125 23.556974411010742188 23.644598007202148438 23.732221603393554688 23.798450469970703125 23.778919219970703125 23.759389877319335938 23.739858627319335938 23.72032928466796875 23.685398101806640625 23.588741302490234375 23.492082595825195313 23.395425796508789063 23.29876708984375 23.212755203247070313 23.169412612915039063 23.126071929931640625 23.082729339599609375 23.039386749267578125 23.0436859130859375 23.238933563232421875 23.43418121337890625 23.629430770874023438 23.824678421020507813 23.984266281127929688 24.00092315673828125
24.268383026123046875 24.291536331176757813 24.314691543579101563 24.3378448486328125 24.360998153686523438 24.36437225341796875 24.2884674072265625 24.212560653686523438 24.136655807495117188 24.060749053955078125 23.9674224853515625 23.80426788330078125 23.64111328125 23.47795867919921875 23.314805984497070313 23.204919815063476563 23.308544158935546875 23.412168502807617188 23.5157928466796875 23.619417190551757813 23.694456100463867188 23.654926300048828125 23.615396499633789063 23.57586669921875 23.536334991455078125 23.49098968505859375 23.422330856323242188 23.353673934936523438 23.285017013549804688 23.216358184814453125 23.147165298461914063 23.075822830200195313 23.004480361938476563 22.933137893676757813 22.861795425415039063 22.85007476806640625 23.07732391357421875 23.304571151733398438 23.531820297241210938 23.759067535400390625 23.9386749267578125 23.927333831787109375
24.115571975708007813 24.174724578857421875 24.23387908935546875 24.293033599853515625 24.3521881103515625 24.383573532104492188 24.303668975830078125 24.22376251220703125 24.143856048583984375 24.063951492309570313 23.960233688354492188 23.761079788208007813 23.561925888061523438 23.362771987915039063 23.163616180419921875 23.028116226196289063 23.147739410400390625 23.267364501953125 23.386987686157226563 23.506612777709960938 23.590463638305664063 23.530933380126953125 23.471403121948242188 23.41187286376953125 23.352342605590820313 23.296579360961914063 23.255922317504882813 23.215265274047851563 23.1746063232421875 23.13394927978515625 23.081573486328125 22.98223114013671875 22.8828887939453125 22.783548355102539063 22.684206008911132813 22.656465530395507813 22.915712356567382813 23.174961090087890625 23.434209823608398438 23.693456649780273438 23.893083572387695313 23.853742599487304688
