INPUT/RASTER/ASCII/clay.asc
ncols        225
nrows        269
xllcorner    473009.983799999987
yllcorner    4429051.174800000153
cellsize     50.000000000000
NODATA_value -9999
[rows 180 to 197 of 269, columns 168 to 209 of 225]
28.400766372680664063 28.385519027709960938 28.370271682739257813 28.355022430419921875 28.367448806762695313 28.49079132080078125 28.614131927490234375 28.737474441528320313 28.86081695556640625 28.926059722900390625 28.758436203002929688 28.590810775756835938 28.423187255859375 28.255563735961914063 28.12046051025390625 28.115709304809570313 28.110956192016601563 28.106204986572265625 28.101451873779296875 28.040311813354492188 27.7531585693359375 27.46600341796875 27.178850173950195313 26.891695022583007813 26.6585540771484375 26.641895294189453125 26.625238418579101563 26.608579635620117188 26.591922760009765625 26.615200042724609375 26.798542022705078125 26.981884002685546875 27.165225982666015625 27.348567962646484375 27.471527099609375 27.352466583251953125 27.23340606689453125 27.114345550537109375 26.995286941528320313 26.891157150268554688 26.846876144409179688 26.802593231201171875
28.402378082275390625 28.355129241943359375 28.307882308959960938 28.260633468627929688 28.253038406372070313 28.40438079833984375 28.555723190307617188 28.707065582275390625 28.858407974243164063 28.942865371704101563 28.759241104125976563 28.575616836547851563 28.391992568969726563 28.208368301391601563 28.066850662231445313 28.094099044799804688 28.12134552001953125 28.148593902587890625 28.17584228515625 28.133123397827148438 27.809968948364257813 27.48681640625 27.163661956787109375 26.84050750732421875 26.58414459228515625 26.595485687255859375 26.606828689575195313 26.61817169189453125 26.629512786865234375 26.680789947509765625 26.892131805419921875 27.103473663330078125 27.314815521240234375 27.526159286499023438 27.663539886474609375 27.504480361938476563 27.345418930053710938 27.186359405517578125 27.027299880981445313 26.893552780151367188 26.861270904541015625 26.828989028930664063
28.403987884521484375 28.324739456176757813 28.245492935180664063 28.1662445068359375 28.138629913330078125 28.317972183227539063 28.497314453125 28.676656723022460938 28.855998992919921875 28.959669113159179688 28.760046005249023438 28.560420989990234375 28.360797882080078125 28.161172866821289063 28.013240814208984375 28.072488784790039063 28.13173675537109375 28.190984725952148438 28.250232696533203125 28.225934982299804688 27.866781234741210938 27.507627487182617188 27.148473739624023438 26.789319992065429688 26.509735107421875 26.549077987670898438 26.588418960571289063 26.6277618408203125 26.667104721069335938 26.746381759643554688 26.985723495483398438 27.225065231323242188 27.464406967163085938 27.703748703002929688 27.85555267333984375 27.656492233276367188 27.457431793212890625 27.258373260498046875 27.059312820434570313 26.8959503173828125 26.875667572021484375 26.85538482666015625
28.432142257690429688 28.375577926635742188 28.319013595581054688 28.262451171875 28.246883392333984375 28.395635604858398438 28.544385910034179688 28.69313812255859375 28.841890335083007813 28.923343658447265625 28.7350616455078125 28.546779632568359375 28.358499526977539063 28.170217514038085938 28.023712158203125 28.044651031494140625 28.06558990478515625 28.086530685424804688 28.107469558715820313 28.056245803833007813 27.7157745361328125 27.37530517578125 27.0348358154296875 26.694366455078125 26.433767318725585938 26.493297576904296875 26.552825927734375 26.612356185913085938 26.671886444091796875 26.769012451171875 27.016824722290039063 27.264636993408203125 27.512449264526367188 27.760259628295898438 27.910076141357421875 27.667108535766601563 27.424142837524414063 27.181177139282226563 26.938211441040039063 26.739765167236328125 26.71976470947265625 26.699766159057617188
28.460933685302734375 28.428369522094726563 28.395807266235351563 28.36324310302734375 28.360492706298828125 28.477245330810546875 28.593996047973632813 28.710748672485351563 28.827501296997070313 28.885740280151367188 28.709459304809570313 28.533176422119140625 28.35689544677734375 28.180612564086914063 28.035724639892578125 28.016664505004882813 27.9976043701171875 27.978544235229492188 27.959482192993164063 27.880239486694335938 27.5597686767578125 27.239299774169921875 26.918828964233398438 26.598360061645507813 26.357759475708007813 26.437290191650390625 26.516820907592773438 26.596349716186523438 26.67588043212890625 26.790609359741210938 27.046421051025390625 27.302234649658203125 27.558046340942382813 27.8138580322265625 27.961290359497070313 27.67432403564453125 27.387357711791992188 27.100391387939453125 26.813425064086914063 26.57976531982421875 26.559764862060546875 26.539766311645507813
28.489727020263671875 28.48116302490234375 28.472599029541015625 28.4640350341796875 28.474103927612304688 28.558855056762695313 28.64360809326171875 28.728359222412109375 28.8131103515625 28.84813690185546875 28.683855056762695313 28.519573211669921875 28.355291366577148438 28.191009521484375 28.04773712158203125 27.988677978515625 27.929616928100585938 27.870555877685546875 27.811496734619140625 27.70423126220703125 27.4037628173828125 27.103292465209960938 26.802822113037109375 26.502353668212890625 26.2817535400390625 26.381282806396484375 26.480813980102539063 26.580343246459960938 26.679874420166015625 26.812206268310546875 27.076019287109375 27.339830398559570313 27.603643417358398438 27.86745452880859375 28.01250457763671875 27.681537628173828125 27.350572586059570313 27.019605636596679688 26.688640594482421875 26.419765472412109375 26.3997650146484375 26.379766464233398438
28.518518447875976563 28.533954620361328125 28.549390792846679688 28.56482696533203125 28.58771514892578125 28.640466690063476563 28.693218231201171875 28.745969772338867188 28.7987213134765625 28.8105316162109375 28.658250808715820313 28.505968093872070313 28.353687286376953125 28.201404571533203125 28.059749603271484375 27.960689544677734375 27.861629486083984375 27.762569427490234375 27.663509368896484375 27.528224945068359375 27.247755050659179688 26.967287063598632813 26.686817169189453125 26.406347274780273438 26.205747604370117188 26.325277328491210938 26.444807052612304688 26.564336776733398438 26.683866500854492188 26.833803176879882813 27.105615615844726563 27.377428054809570313 27.649240493774414063 27.921052932739257813 28.063718795776367188 27.688753128051757813 27.313787460327148438 26.93881988525390625 26.563854217529296875 26.259765625 26.239765167236328125 26.219766616821289063
28.54730987548828125 28.5867462158203125 28.62618255615234375 28.665618896484375 28.701324462890625 28.722076416015625 28.742828369140625 28.763580322265625 28.784330368041992188 28.772928237915039063 28.632646560668945313 28.492364883422851563 28.352083206176757813 28.211801528930664063 28.071763992309570313 27.932703018188476563 27.793642044067382813 27.654582977294921875 27.515522003173828125 27.3522186279296875 27.091749191284179688 26.831279754638671875 26.570810317993164063 26.31034088134765625 26.129741668701171875 26.269269943237304688 26.408800125122070313 26.548330307006835938 26.687860488891601563 26.855401992797851563 27.135213851928710938 27.415025711059570313 27.694837570190429688 27.974651336669921875 28.114933013916015625 27.695966720581054688 27.27700042724609375 26.858034133911132813 26.439067840576171875 26.099765777587890625 26.07976531982421875 26.059766769409179688
28.640165328979492188 28.691883087158203125 28.743600845336914063 28.795320510864257813 28.839923858642578125 28.85601806640625 28.872112274169921875 28.88820648193359375 28.904298782348632813 28.889225006103515625 28.749225616455078125 28.609226226806640625 28.469226837158203125 28.329225540161132813 28.196245193481445313 28.091400146484375 27.986553192138671875 27.881708145141601563 27.776861190795898438 27.644155502319335938 27.399778366088867188 27.15540313720703125 26.911027908325195313 26.666650772094726563 26.493566513061523438 26.60622406005859375 26.718881607055664063 26.831539154052734375 26.9441986083984375 27.075450897216796875 27.281236648559570313 27.48702239990234375 27.692808151245117188 27.898593902587890625 27.999704360961914063 27.681261062622070313 27.362817764282226563 27.044374465942382813 26.72592926025390625 26.451478958129882813 26.353359222412109375 26.255239486694335938
28.734561920166015625 28.79827880859375 28.861997604370117188 28.925716400146484375 28.9791259765625 28.99121856689453125 29.003313064575195313 29.015407562255859375 29.027500152587890625 29.009225845336914063 28.869226455688476563 28.72922515869140625 28.58922576904296875 28.44922637939453125 28.323434829711914063 28.254587173461914063 28.185741424560546875 28.116895675659179688 28.0480499267578125 27.94734954833984375 27.718973159790039063 27.490598678588867188 27.2622222900390625 27.033845901489257813 26.867975234985351563 26.952632904052734375 27.037290573120117188 27.1219482421875 27.206607818603515625 27.300275802612304688 27.43006134033203125 27.559846878051757813 27.689632415771484375 27.81941986083984375 27.88047027587890625 27.666027069091796875 27.4515838623046875 27.237140655517578125 27.022695541381835938 26.8155059814453125 26.637384414672851563 26.459264755249023438
28.82895660400390625 28.904674530029296875 28.980394363403320313 29.056112289428710938 29.118326187133789063 29.126420974731445313 29.13451385498046875 29.142608642578125 29.150701522827148438 29.129224777221679688 28.989225387573242188 28.849225997924804688 28.709226608276367188 28.569227218627929688 28.45062255859375 28.417776107788085938 28.384929656982421875 28.352085113525390625 28.319238662719726563 28.250543594360351563 28.038167953491210938 27.825792312622070313 27.613416671752929688 27.401041030883789063 27.242383956909179688 27.299041748046875 27.355699539184570313 27.412357330322265625 27.469015121459960938 27.5251007080078125 27.578886032104492188 27.632671356201171875 27.686458587646484375 27.740243911743164063 27.761236190795898438 27.650793075561523438 27.540349960327148438 27.429906845092773438 27.319461822509765625 27.179531097412109375 26.921411514282226563 26.663290023803710938
28.923353195190429688 29.011072158813476563 29.098789215087890625 29.1865081787109375 29.257528305053710938 29.261621475219726563 29.265716552734375 29.269809722900390625 29.27390289306640625 29.249225616455078125 29.109226226806640625 28.969226837158203125 28.829225540161132813 28.689226150512695313 28.577810287475585938 28.580965042114257813 28.584117889404296875 28.58727264404296875 28.590427398681640625 28.553739547729492188 28.357362747192382813 28.16098785400390625 27.964611053466796875 27.768236160278320313 27.616794586181640625 27.645452499389648438 27.67411041259765625 27.702768325805664063 27.731424331665039063 27.749925613403320313 27.727710723876953125 27.705495834350585938 27.683282852172851563 27.661067962646484375 27.642002105712890625 27.63555908203125 27.629116058349609375 27.62267303466796875 27.616228103637695313 27.54355621337890625 27.20543670654296875 26.86731719970703125
29.017749786376953125 29.117467880249023438 29.21718597412109375 29.316904067993164063 29.396728515625 29.396823883056640625 29.396917343139648438 29.39701080322265625 29.397104263305664063 29.369226455688476563 29.22922515869140625 29.08922576904296875 28.94922637939453125 28.80922698974609375 28.704999923706054688 28.744153976440429688 28.783308029174804688 28.822460174560546875 28.861614227294921875 28.85693359375 28.676557540893554688 28.496181488037109375 28.315807342529296875 28.135431289672851563 27.99120330810546875 27.991861343383789063 27.992519378662109375 27.993177413940429688 27.993833541870117188 27.974750518798828125 27.876535415649414063 27.778322219848632813 27.68010711669921875 27.581892013549804688 27.522769927978515625 27.620325088500976563 27.717882156372070313 27.815439224243164063 27.912994384765625 27.907583236694335938 27.489461898803710938 27.07134246826171875
28.952005386352539063 29.044193267822265625 29.136381149291992188 29.22856903076171875 29.303129196166992188 29.307035446166992188 29.310941696166992188 29.314847946166992188 29.318754196166992188 29.292364120483398438 29.144552230834960938 28.996740341186523438 28.848928451538085938 28.70111846923828125 28.595487594604492188 28.658922195434570313 28.72235870361328125 28.785795211791992188 28.849229812622070313 28.864057540893554688 28.684057235717773438 28.504058837890625 28.32405853271484375 28.1440582275390625 27.993761062622070313 27.962512969970703125 27.931264877319335938 27.90001678466796875 27.868768692016601563 27.812871932983398438 27.6581878662109375 27.503503799438476563 27.348819732666015625 27.194135665893554688 27.084066390991210938 27.152818679809570313 27.221569061279296875 27.29032135009765625 27.359073638916015625 27.354412078857421875 27.055498123168945313 26.75658416748046875
28.88240814208984375 28.966596603393554688 29.050783157348632813 29.13497161865234375 29.203927993774414063 29.211833953857421875 29.219739913940429688 29.2276458740234375 29.235551834106445313 29.210767745971679688 29.054956436157226563 28.899143218994140625 28.7433319091796875 28.587520599365234375 28.480279922485351563 28.567714691162109375 28.6551513671875 28.742586135864257813 28.830022811889648438 28.864057540893554688 28.684057235717773438 28.504058837890625 28.32405853271484375 28.1440582275390625 27.987371444702148438 27.924123764038085938 27.860874176025390625 27.797626495361328125 27.734378814697265625 27.641691207885742188 27.43100738525390625 27.2203216552734375 27.009637832641601563 26.798954010009765625 26.637676239013671875 26.674428939819335938 26.711179733276367188 26.74793243408203125 26.7846832275390625 26.779170989990234375 26.604257583618164063 26.42934417724609375
28.812810897827148438 28.888998031616210938 28.96518707275390625 29.04137420654296875 29.104726791381835938 29.116632461547851563 29.128538131713867188 29.140445709228515625 29.15235137939453125 29.129169464111328125 28.965358734130859375 28.801546096801757813 28.637735366821289063 28.4739227294921875 28.365070343017578125 28.476507186889648438 28.587942123413085938 28.69937896728515625 28.81081390380859375 28.864057540893554688 28.684057235717773438 28.504058837890625 28.32405853271484375 28.1440582275390625 27.980981826782226563 27.885732650756835938 27.790485382080078125 27.6952362060546875 27.599988937377929688 27.470508575439453125 27.203824996948242188 26.93714141845703125 26.6704559326171875 26.403772354125976563 26.191286087036132813 26.196039199829101563 26.2007904052734375 26.205541610717773438 26.210294723510742188 26.203931808471679688 26.153017044067382813 26.10210418701171875
28.743213653564453125 28.8114013671875 28.879589080810546875 28.94777679443359375 29.005525588989257813 29.02143096923828125 29.0373382568359375 29.053243637084960938 29.069149017333984375 29.047573089599609375 28.875761032104492188 28.703948974609375 28.532136917114257813 28.360324859619140625 28.2498626708984375 28.3852996826171875 28.520734786987304688 28.656171798706054688 28.791606903076171875 28.864057540893554688 28.684057235717773438 28.504058837890625 28.32405853271484375 28.1440582275390625 27.974592208862304688 27.84734344482421875 27.720094680786132813 27.592847824096679688 27.46559906005859375 27.299327850341796875 26.976642608642578125 26.653959274291992188 26.331274032592773438 26.0085906982421875 25.74489593505859375 25.717649459838867188 25.690401077270507813 25.663152694702148438 25.635904312133789063 25.628690719604492188 25.701778411865234375 25.77486419677734375
28.673616409301757813 28.733804702758789063 28.7939910888671875 28.85417938232421875 28.906324386596679688 28.926229476928710938 28.946136474609375 28.96604156494140625 28.985948562622070313 28.965974807739257813 28.786163330078125 28.606351852416992188 28.426540374755859375 28.24672698974609375 28.134654998779296875 28.294092178344726563 28.453527450561523438 28.612962722778320313 28.77239990234375 28.864057540893554688 28.684057235717773438 28.504058837890625 28.32405853271484375 28.1440582275390625 27.968202590942382813 27.808954238891601563 27.649705886840820313 27.490457534790039063 27.331209182739257813 27.128145217895507813 26.749462127685546875 26.370777130126953125 25.992092132568359375 25.613407135009765625 25.2985076904296875 25.239259719848632813 25.180011749267578125 25.120763778686523438 25.06151580810546875 25.0534515380859375 25.250537872314453125 25.44762420654296875
