INPUT/RASTER/ASCII/clay.asc
ncols        225
nrows        269
xllcorner    473009.983799999987
yllcorner    4429051.174800000153
cellsize     50.000000000000
NODATA_value -9999
[rows 90 to 107 of 269, columns 42 to 83 of 225]
30.277654647827148438 30.16574859619140625 30.053842544555664063 29.941936492919921875 29.830030441284179688 29.736383438110351563 29.715911865234375 29.69544219970703125 29.6749725341796875 29.65450286865234375 29.577737808227539063 29.275335311889648438 28.972932815551757813 28.670530319213867188 28.368127822875976563 28.114221572875976563 28.054691314697265625 27.9951629638671875 27.935632705688476563 27.876102447509765625 27.839397430419921875 27.894174575805664063 27.948953628540039063 28.00373077392578125 28.05850982666015625 28.1128082275390625 28.16518402099609375 28.217559814453125 28.26993560791015625 28.3223114013671875 28.332759857177734375 28.17516326904296875 28.017564773559570313 27.859968185424804688 27.70236968994140625 27.521280288696289063 27.24603271484375 26.970785140991210938 26.695535659790039063 26.4202880859375 26.2048492431640625 26.229131698608398438
30.27685546875 30.16094970703125 30.0450439453125 29.92913818359375 29.813232421875 29.720376968383789063 29.719905853271484375 29.7194366455078125 29.718965530395507813 29.718496322631835938 29.644159317016601563 29.2737579345703125 28.903354644775390625 28.532953262329101563 28.162549972534179688 27.850229263305664063 27.77069854736328125 27.691167831420898438 27.611639022827148438 27.532108306884765625 27.489780426025390625 27.5965576171875 27.703336715698242188 27.810113906860351563 27.91689300537109375 28.009613037109375 28.045988082885742188 28.082365036010742188 28.118740081787109375 28.155117034912109375 28.166337966918945313 28.076740264892578125 27.987142562866210938 27.89754486083984375 27.807947158813476563 27.674890518188476563 27.367643356323242188 27.060394287109375 26.753147125244140625 26.445898056030273438 26.20245361328125 26.214735031127929688
30.276056289672851563 30.15615081787109375 30.036245346069335938 29.916339874267578125 29.796434402465820313 29.704370498657226563 29.72389984130859375 29.743429183959960938 29.762960433959960938 29.782489776611328125 29.710580825805664063 29.27217864990234375 28.833776473999023438 28.395374298095703125 27.956972122192382813 27.58623504638671875 27.486705780029296875 27.387174606323242188 27.287645339965820313 27.188116073608398438 27.140163421630859375 27.298940658569335938 27.457719802856445313 27.616497039794921875 27.77527618408203125 27.9064178466796875 27.926794052124023438 27.947170257568359375 27.967546463012695313 27.98792266845703125 27.99991607666015625 27.978319168090820313 27.956720352172851563 27.935123443603515625 27.913524627685546875 27.828500747680664063 27.489252090454101563 27.150005340576171875 26.810756683349609375 26.471509933471679688 26.2000579833984375 26.200338363647460938
29.613574981689453125 29.5013885498046875 29.389200210571289063 29.277011871337890625 29.164825439453125 29.074352264404296875 29.07091522216796875 29.067480087280273438 29.064043045043945313 29.060606002807617188 28.986377716064453125 28.628404617309570313 28.2704315185546875 27.912456512451171875 27.554483413696289063 27.24256134033203125 27.1152191162109375 26.98787689208984375 26.86053466796875 26.733194351196289063 26.66478729248046875 26.832597732543945313 27.000410079956054688 27.168222427368164063 27.336034774780273438 27.47199249267578125 27.480274200439453125 27.488555908203125 27.496837615966796875 27.50511932373046875 27.513994216918945313 27.525241851806640625 27.536489486694335938 27.547739028930664063 27.558986663818359375 27.519598007202148438 27.277248382568359375 27.034898757934570313 26.79254913330078125 26.550199508666992188 26.3656005859375 26.412473678588867188
28.93517303466796875 28.83098602294921875 28.726797103881835938 28.622610092163085938 28.518421173095703125 28.429559707641601563 28.40212249755859375 28.37468719482421875 28.347249984741210938 28.319814682006835938 28.243150711059570313 27.96917724609375 27.695203781127929688 27.421230316162109375 27.147256851196289063 26.896970748901367188 26.741628646850585938 26.586286544799804688 26.430944442749023438 26.275602340698242188 26.186384201049804688 26.362195968627929688 26.538007736206054688 26.713819503784179688 26.889631271362304688 27.029596328735351563 27.025876998901367188 27.022159576416015625 27.018442153930664063 27.014722824096679688 27.020383834838867188 27.063631057739257813 27.10688018798828125 27.150127410888671875 27.193376541137695313 27.199563980102539063 27.057214736938476563 26.914865493774414063 26.772516250610351563 26.630167007446289063 26.535184860229492188 26.630056381225585938
28.256771087646484375 28.16058349609375 28.064393997192382813 27.968206405639648438 27.872018814086914063 27.78476715087890625 27.733331680297851563 27.681894302368164063 27.630458831787109375 27.579021453857421875 27.4999237060546875 27.309949874877929688 27.119976043701171875 26.930002212524414063 26.74002838134765625 26.551380157470703125 26.368038177490234375 26.184696197509765625 26.001354217529296875 25.818012237548828125 25.707981109619140625 25.891794204711914063 26.075605392456054688 26.259416580200195313 26.44322967529296875 26.587200164794921875 26.571481704711914063 26.55576324462890625 26.540044784545898438 26.524328231811523438 26.526773452758789063 26.602022171020507813 26.67726898193359375 26.7525177001953125 26.82776641845703125 26.8795318603515625 26.837182998657226563 26.794834136962890625 26.752483367919921875 26.710134506225585938 26.704769134521484375 26.8476409912109375
27.578367233276367188 27.490179061889648438 27.4019927978515625 27.31380462646484375 27.225616455078125 27.139974594116210938 27.064538955688476563 26.989103317260742188 26.913665771484375 26.838230133056640625 26.756696701049804688 26.650722503662109375 26.544748306274414063 26.438776016235351563 26.33280181884765625 26.20578765869140625 25.99444580078125 25.78310394287109375 25.5717620849609375 25.36042022705078125 25.229579925537109375 25.421390533447265625 25.613203048706054688 25.80501556396484375 25.996826171875 26.144804000854492188 26.117086410522460938 26.089366912841796875 26.061649322509765625 26.033931732177734375 26.033163070678710938 26.140411376953125 26.247659683227539063 26.354907989501953125 26.462156295776367188 26.559499740600585938 26.617151260375976563 26.674800872802734375 26.732452392578125 26.790102005004882813 26.874353408813476563 27.065225601196289063
26.899965286254882813 26.819776535034179688 26.739589691162109375 26.65940093994140625 26.579214096069335938 26.495182037353515625 26.395746231079101563 26.2963104248046875 26.196874618530273438 26.097438812255859375 26.013469696044921875 25.991495132446289063 25.969522476196289063 25.94754791259765625 25.92557525634765625 25.860197067260742188 25.620855331420898438 25.381513595581054688 25.142171859741210938 24.902830123901367188 24.751176834106445313 24.95098876953125 25.150800704956054688 25.350612640380859375 25.550424575805664063 25.7024078369140625 25.662689208984375 25.622972488403320313 25.583253860473632813 25.543535232543945313 25.539552688598632813 25.678800582885742188 25.818048477172851563 25.95729827880859375 26.096546173095703125 26.239467620849609375 26.397119522094726563 26.554769515991210938 26.712419509887695313 26.870069503784179688 27.04393768310546875 27.282810211181640625
26.99730682373046875 26.897775650024414063 26.798246383666992188 26.698717117309570313 26.599185943603515625 26.505022048950195313 26.432363510131835938 26.359706878662109375 26.28704833984375 26.214389801025390625 26.152246475219726563 26.132246017456054688 26.112247467041015625 26.09224700927734375 26.072246551513671875 26.016117095947265625 25.81517791748046875 25.614238739013671875 25.413297653198242188 25.212358474731445313 25.078218460083007813 25.211816787719726563 25.3454132080078125 25.47901153564453125 25.61260986328125 25.710763931274414063 25.666856765747070313 25.622951507568359375 25.579044342041015625 25.535139083862304688 25.531854629516601563 25.691385269165039063 25.85091400146484375 26.01044464111328125 26.16997528076171875 26.3186798095703125 26.4239959716796875 26.5293121337890625 26.634626388549804688 26.739942550659179688 26.86669158935546875 27.079349517822265625
27.113313674926757813 26.99378204345703125 26.8742523193359375 26.75472259521484375 26.63519287109375 26.530612945556640625 26.48595428466796875 26.441297531127929688 26.396638870239257813 26.35198211669921875 26.312246322631835938 26.292247772216796875 26.272247314453125 26.252246856689453125 26.23224639892578125 26.18410491943359375 26.023164749145507813 25.862224578857421875 25.70128631591796875 25.540346145629882813 25.424640655517578125 25.490238189697265625 25.555835723876953125 25.621433258056640625 25.687030792236328125 25.7299652099609375 25.682058334350585938 25.634153366088867188 25.586246490478515625 25.538339614868164063 25.535848617553710938 25.7153778076171875 25.894908905029296875 26.074438095092773438 26.253969192504882813 26.407497406005859375 26.456813812255859375 26.506130218505859375 26.555444717407226563 26.604761123657226563 26.681100845336914063 26.865758895874023438
27.229318618774414063 27.08979034423828125 26.950260162353515625 26.81072998046875 26.671199798583984375 26.556203842163085938 26.539546966552734375 26.52288818359375 26.506229400634765625 26.489572525024414063 26.472246170043945313 26.45224761962890625 26.432247161865234375 26.4122467041015625 26.392248153686523438 26.352092742919921875 26.231151580810546875 26.110212326049804688 25.9892730712890625 25.8683319091796875 25.771062850952148438 25.768659591674804688 25.76625823974609375 25.76385498046875 25.76145172119140625 25.749166488647460938 25.697259902954101563 25.645353317260742188 25.593446731567382813 25.54154205322265625 25.5398406982421875 25.73937225341796875 25.938901901245117188 26.138431549072265625 26.337963104248046875 26.496316909790039063 26.48963165283203125 26.48294830322265625 26.476263046264648438 26.469579696655273438 26.495510101318359375 26.65216827392578125
27.345325469970703125 27.185796737670898438 27.026266098022460938 26.866735458374023438 26.70720672607421875 26.58179473876953125 26.593137741088867188 26.604478836059570313 26.615819931030273438 26.627162933349609375 26.632246017456054688 26.612247467041015625 26.59224700927734375 26.572246551513671875 26.552248001098632813 26.520078659057617188 26.43914031982421875 26.3582000732421875 26.27725982666015625 26.196319580078125 26.117483139038085938 26.04708099365234375 25.976678848266601563 25.906276702880859375 25.835874557495117188 25.768365859985351563 25.712461471557617188 25.65655517578125 25.600648880004882813 25.544742584228515625 25.543834686279296875 25.763364791870117188 25.9828948974609375 26.202425003051757813 26.421955108642578125 26.585134506225585938 26.522449493408203125 26.459766387939453125 26.397081375122070313 26.334398269653320313 26.309919357299804688 26.438577651977539063
27.461332321166992188 27.281803131103515625 27.10227203369140625 26.922742843627929688 26.743211746215820313 26.607385635375976563 26.646728515625 26.686069488525390625 26.725412368774414063 26.764753341674804688 26.792245864868164063 26.772247314453125 26.752246856689453125 26.73224639892578125 26.712247848510742188 26.688066482543945313 26.647127151489257813 26.6061859130859375 26.56524658203125 26.5243072509765625 26.46390533447265625 26.325504302978515625 26.187101364135742188 26.04869842529296875 25.910295486450195313 25.787567138671875 25.7276611328125 25.667755126953125 25.60784912109375 25.547945022583007813 25.54782867431640625 25.787359237670898438 26.026889801025390625 26.26641845703125 26.505949020385742188 26.673952102661132813 26.555269241333007813 26.43658447265625 26.317899703979492188 26.199214935302734375 26.12432861328125 26.224987030029296875
27.59062957763671875 27.359851837158203125 27.1290740966796875 26.898294448852539063 26.667516708374023438 26.497045516967773438 26.568294525146484375 26.6395416259765625 26.710790634155273438 26.782037734985351563 26.836626052856445313 26.824438095092773438 26.812250137329101563 26.800062179565429688 26.787874221801757813 26.772474288940429688 26.744192123413085938 26.715909957885742188 26.687627792358398438 26.659345626831054688 26.60251617431640625 26.431268692016601563 26.260019302368164063 26.088771820068359375 25.917524337768554688 25.771608352661132813 25.727231979370117188 25.682857513427734375 25.63848114013671875 25.594104766845703125 25.601053237915039063 25.813711166381835938 26.026369094848632813 26.239027023315429688 26.451684951782226563 26.605718612670898438 26.524778366088867188 26.443838119506835938 26.3628997802734375 26.28195953369140625 26.239488601684570313 26.351205825805664063
27.720247268676757813 27.437469482421875 27.154689788818359375 26.871912002563476563 26.58913421630859375 26.383436203002929688 26.486684799194335938 26.589931488037109375 26.693180084228515625 26.796428680419921875 26.878223419189453125 26.874034881591796875 26.869848251342773438 26.865659713745117188 26.86147308349609375 26.854869842529296875 26.838588714599609375 26.822305679321289063 26.806024551391601563 26.78974151611328125 26.736127853393554688 26.532878875732421875 26.329629898071289063 26.126382827758789063 25.92313385009765625 25.754804611206054688 25.726427078247070313 25.69805145263671875 25.669675827026367188 25.641300201416015625 25.655462265014648438 25.840120315551757813 26.024778366088867188 26.209436416625976563 26.394094467163085938 26.533704757690429688 26.492765426635742188 26.451826095581054688 26.410886764526367188 26.369945526123046875 26.36188507080078125 26.48560333251953125
27.849863052368164063 27.515085220336914063 27.180307388305664063 26.845529556274414063 26.51074981689453125 26.269824981689453125 26.405073165893554688 26.54032135009765625 26.675569534301757813 26.810817718505859375 26.919820785522460938 26.923633575439453125 26.927446365356445313 26.931257247924804688 26.935070037841796875 26.937265396118164063 26.9329833984375 26.928701400756835938 26.924419403076171875 26.920137405395507813 26.869737625122070313 26.634489059448242188 26.399240493774414063 26.16399383544921875 25.928745269775390625 25.73799896240234375 25.725622177124023438 25.713247299194335938 25.700870513916015625 25.688493728637695313 25.709871292114257813 25.866529464721679688 26.02318572998046875 26.179843902587890625 26.3365020751953125 26.46169281005859375 26.460752487182617188 26.459812164306640625 26.458873748779296875 26.457933425903320313 26.484281539916992188 26.619998931884765625
27.979480743408203125 27.592702865600585938 27.20592498779296875 26.81914520263671875 26.432367324829101563 26.156215667724609375 26.32346343994140625 26.490711212158203125 26.657958984375 26.825206756591796875 26.96141815185546875 26.973230361938476563 26.985042572021484375 26.996854782104492188 27.0086669921875 27.01966094970703125 27.027379989624023438 27.035097122192382813 27.042816162109375 27.050533294677734375 27.003347396850585938 26.7360992431640625 26.468851089477539063 26.201602935791015625 25.934354782104492188 25.721193313598632813 25.724817276000976563 25.728441238403320313 25.732065200805664063 25.735689163208007813 25.764280319213867188 25.89293670654296875 26.021595001220703125 26.1502532958984375 26.278911590576171875 26.389678955078125 26.428739547729492188 26.467800140380859375 26.506860733032226563 26.545919418334960938 26.606676101684570313 26.75439453125
28.109098434448242188 27.670318603515625 27.231540679931640625 26.79276275634765625 26.353984832763671875 26.042604446411132813 26.241851806640625 26.44110107421875 26.640348434448242188 26.839597702026367188 27.003015518188476563 27.022829055786132813 27.04264068603515625 27.062452316284179688 27.082263946533203125 27.10205841064453125 27.121776580810546875 27.1414947509765625 27.161212921142578125 27.18093109130859375 27.136959075927734375 26.837711334228515625 26.538461685180664063 26.239213943481445313 25.939966201782226563 25.704389572143554688 25.724012374877929688 25.7436370849609375 25.7632598876953125 25.782884597778320313 25.818689346313476563 25.919345855712890625 26.0200042724609375 26.120662689208984375 26.221319198608398438 26.31766510009765625 26.396726608276367188 26.475786209106445313 26.55484771728515625 26.633907318115234375 26.72907257080078125 26.888790130615234375
