INPUT/RASTER/ASCII/dndvi.asc
ncols        225
nrows        269
xllcorner    473009.983799999987
yllcorner    4429051.174800000153
cellsize     50.000000000000
NODATA_value -9999
[rows 36 to 53 of 269, columns 40 to 79 of 225]
0.049366779625415802002 0.063959933817386627197 0.062774620950222015381 0.068474605679512023926 0.065560102462768554688 0.063344068825244903564 0.061906088143587112427 0.036754220724105834961 0.027031043544411659241 0.039382997900247573853 0.039919856935739517212 0.022921599447727203369 0.060523498803377151489 0.077005825936794281006 0.019880130887031555176 0.036462254822254180908 0.046490490436553955078 0.0684358254075050354 0.056192014366388320923 0.034946873784065246582 0.048339501023292541504 0.051978483796119689941 0.047663763165473937988 0.042031086981296539307 0.03270497545599937439 0.038361053913831710815 0.036823641508817672729 0.022347174584865570068 0.0065220533870160579681 0.016584228724241256714 0.035827931016683578491 0.03251215815544128418 0.022698005661368370056 0.0085879536345601081848 0.020336547866463661194 0.039631158113479614258 0.03708360716700553894 0.028626555576920509338 0.039947059005498886108 0.039101190865039825439
0.036722302436828613281 0.049942735582590103149 0.042463738471269607544 0.046906851232051849365 0.062799662351608276367 0.065270550549030303955 0.081711299717426300049 0.065116167068481445313 0.041017409414052963257 0.052586626261472702026 0.053952299058437347412 0.031220257282257080078 0.039405088871717453003 0.040173143148422241211 0.024306654930114746094 0.028488341718912124634 0.052295241504907608032 0.073782786726951599121 0.070579096674919128418 0.049109648913145065308 0.05181252211332321167 0.04813931882381439209 0.043215874582529067993 0.030275138095021247864 0.041541744023561477661 0.060933481901884078979 0.055118393152952194214 0.030408948659896850586 0.017154689878225326538 0.030152793973684310913 0.044380314648151397705 0.027981091290712356567 0.017652727663516998291 0.0065035317093133926392 0.013762876391410827637 0.028151666745543479919 0.021667156368494033813 0.023661293089389801025 0.042083173990249633789 0.030913842841982841492
0.067840777337551116943 0.066397227346897125244 0.061251383274793624878 0.054330866783857345581 0.049247473478317260742 0.048747710883617401123 0.057552732527256011963 0.066664934158325195313 0.057812385261058807373 0.053281202912330627441 0.055205743759870529175 0.050450291484594345093 0.045646503567695617676 0.03356577455997467041 0.031239129602909088135 0.055621638894081115723 0.061825376003980636597 0.027133503928780555725 0.040931276977062225342 0.04714687541127204895 0.029634635895490646362 0.028569430112838745117 0.03584783896803855896 0.037623874843120574951 0.046102374792098999023 0.051201414316892623901 0.051615927368402481079 0.048455286771059036255 0.036649737507104873657 0.034867465496063232422 0.040223531424999237061 0.033321980386972427368 0.031935296952724456787 0.008806944824755191803 0.01203762739896774292 0.022182408720254898071 0.029169844463467597961 0.048861954361200332642 0.052363544702529907227 0.029639467597007751465
0.07562300562858581543 0.064497053623199462891 0.043648842722177505493 0.019575873389840126038 0.015151659026741981506 0.0264102201908826828 0.02983369678258895874 0.055722694844007492065 0.048877276480197906494 0.017807129770517349243 0.034472119063138961792 0.036640271544456481934 0.046959131956100463867 0.052341125905513763428 0.046238347887992858887 0.062252208590507507324 0.033804025501012802124 0.0074689835309982299805 0.037485100328922271729 0.029422007501125335693 0.025054946541786193848 0.024769144132733345032 0.026955394074320793152 0.022216266021132469177 0.03723029792308807373 0.046278316527605056763 0.049300942569971084595 0.051451575011014938354 0.046712655574083328247 0.037330541759729385376 0.040732741355895996094 0.033169943839311599731 0.029649665579199790955 0.019727230072021484375 0.026173159480094909668 0.0414182320237159729 0.050651602447032928467 0.057151433080434799194 0.046761866658926010132 0.031677749007940292358
0.070658653974533081055 0.065156728029251098633 0.055362090468406677246 0.037981532514095306396 0.022262685000896453857 0.030313760042190551758 0.028594566509127616882 0.051087979227304458618 0.02056731097400188446 -0.055855412036180496216 -0.0099710253998637199402 0.014215632341802120209 0.024105135351419448853 0.035230983048677444458 0.0395334586501121521 0.055539097636938095093 0.034405246376991271973 0.058041479438543319702 0.078002348542213439941 0.044678326696157455444 0.028334919363260269165 0.016436800360679626465 0.029527846723794937134 0.029978292062878608704 0.046328872442245483398 0.058981608599424362183 0.053583994507789611816 0.052323993295431137085 0.03928737342357635498 0.03055512160062789917 0.044147111475467681885 0.033092435449361801147 0.027450857684016227722 0.024535596370697021484 0.034465137869119644165 0.046083677560091018677 0.045333601534366607666 0.050975460559129714966 0.044483978301286697388 0.047016881406307220459
0.052614804357290267944 0.062889240682125091553 0.054003980010747909546 0.044134750962257385254 0.044692050665616989136 0.064598493278026580811 0.058675870299339294434 0.043231736868619918823 0.04478855431079864502 -0.00037183461245149374008 -0.011211477220058441162 -0.0060410038568079471588 -0.004595690406858921051 0.035289637744426727295 0.043664496392011642456 0.052541822195053100586 0.044091850519180297852 0.056286785751581192017 0.072188749909400939941 0.034868758171796798706 0.015773741528391838074 0.0032893028110265731812 0.023495472967624664307 0.027863968163728713989 0.048253793269395828247 0.05819024890661239624 0.033516477793455123901 0.033135041594505310059 0.047276850789785385132 0.04146906733512878418 0.041573736816644668579 0.035284958779811859131 0.033308550715446472168 0.031694404780864715576 0.038201406598091125488 0.051838763058185577393 0.047902923077344894409 0.041323065757751464844 0.034194622188806533813 0.042586155235767364502
0.047454379498958587646 0.051736664026975631714 0.021950777620077133179 0.034839004278182983398 0.058389581739902496338 0.079297408461570739746 0.072347350418567657471 0.075999975204467773438 0.060225132852792739868 0.026555232703685760498 0.0066306516528129577637 0.0081099318340420722961 0.0039487169124186038971 0.030437715351581573486 0.024557434022426605225 0.03292961418628692627 0.023420440033078193665 0.0430852547287940979 0.053689062595367431641 0.027316605672240257263 0.020807618275284767151 0.012571047060191631317 0.013766422867774963379 0.024051368236541748047 0.03571173548698425293 0.050902131944894790649 0.022419784218072891235 0.044008221477270126343 0.051414351910352706909 0.029957458376884460449 0.028278626501560211182 0.040127705782651901245 0.04072465747594833374 0.049114823341369628906 0.054140515625476837158 0.045209512114524841309 0.041115377098321914673 0.03855644911527633667 0.035774283111095428467 0.042814590036869049072
0.049785558134317398071 0.048864088952541351318 0.031207280233502388 0.041270967572927474976 0.065742500126361846924 0.079840399324893951416 0.081112682819366455078 0.0760881081223487854 0.040857259184122085571 0.007954447530210018158 0.011951002292335033417 -0.0045878444798290729523 -0.0092721348628401756287 -0.001199136488139629364 0.019123105332255363464 0.041748445481061935425 0.036674290895462036133 0.043899528682231903076 0.050352387130260467529 0.043420333415269851685 0.043644208461046218872 0.026388820260763168335 0.0089417668059468269348 0.013060430064797401428 0.027427764609456062317 0.038060553371906280518 0.019039481878280639648 0.025466235354542732239 0.038619395345449447632 0.027354296296834945679 0.01333194877952337265 0.013340360485017299652 0.037367474287748336792 0.055037073791027069092 0.04140610620379447937 0.044379793107509613037 0.051833286881446838379 0.027943851426243782043 0.028787076473236083984 0.034763507544994354248
0.033664826303720474243 0.029956048354506492615 0.03502656891942024231 0.040217481553554534912 0.046897776424884796143 0.063590936362743377686 0.062690205872058868408 0.066699840128421783447 0.03034367784857749939 0.0092371469363570213318 0.0043313377536833286285 -0.0036439942196011543274 -0.0066446252167224884033 -0.0049746693111956119537 0.033262815326452255249 0.036325596272945404053 0.034257706254720687866 0.034311980009078979492 0.03876651078462600708 0.038007676601409912109 0.056763984262943267822 0.050302229821681976318 0.019503874704241752625 0.028905961662530899048 0.027492299675941467285 0.012448459863662719727 0.0072703692130744457245 0.00052675127517431974411 0.028503485023975372314 0.026523621752858161926 0.032116554677486419678 0.015411172062158584595 0.028011953458189964294 0.041002646088600158691 0.031843509525060653687 0.041050840169191360474 0.046417281031608581543 0.035520441830158233643 0.039533160626888275146 0.038704104721546173096
0.030626904219388961792 0.035593867301940917969 0.028653368353843688965 0.024690115824341773987 0.021012362092733383179 0.03412196040153503418 0.044414978474378585815 0.038978222757577896118 0.022938283160328865051 0.003940659109503030777 -0.0027660536579787731171 0.012270629405975341797 0.0058342609554529190063 0.0072483522817492485046 0.041006371378898620605 0.034355822950601577759 0.043860547244548797607 0.036310054361820220947 0.031379316002130508423 0.012563087977468967438 0.0076336776837706565857 0.034024495631456375122 0.029845224693417549133 0.022335277870297431946 0.01584086194634437561 -0.001353874686174094677 0.0052318298257887363434 0.021054441109299659729 0.028587317094206809998 0.037748757749795913696 0.050125118345022201538 0.02285789884626865387 0.02429518476128578186 0.049828447401523590088 0.04048652946949005127 0.02809841744601726532 0.030656933784484863281 0.027332801371812820435 0.042591407895088195801 0.041406936943531036377
0.042582865804433822632 0.034487843513488769531 0.0020881744567304849625 0.011909132823348045349 0.014375714585185050964 0.020657282322645187378 0.033501632511615753174 0.027097349986433982849 0.033087741583585739136 0.085469074547290802002 0.082999937236309051514 0.041101951152086257935 0.017205201089382171631 0.0010779098374769091606 0.0096165137365460395813 0.034556694328784942627 0.056697797030210494995 0.032113626599311828613 0.014552179723978042603 0.01203352026641368866 0.0043441778980195522308 0.033021550625562667847 0.025741549208760261536 0.0053671211935579776764 0.0078976582735776901245 -0.0044580553658306598663 -0.0032205879688262939453 0.032058931887149810791 0.024358764290809631348 0.035203672945499420166 0.045323513448238372803 0.0062505239620804786682 0.0077990670688450336456 0.050689402967691421509 0.060336701571941375732 0.041360139846801757813 0.029966287314891815186 0.031060853973031044006 0.042916093021631240845 0.032415319234132766724
0.03591329231858253479 0.021917777135968208313 -0.0023101568222045898438 -0.00029782601632177829742 -0.0058186603710055351257 -0.0062356963753700256348 -0.0026034365873783826828 0.013618607074022293091 0.043592792004346847534 0.10074717551469802856 0.082776501774787902832 0.050872907042503356934 0.017253555357456207275 0.0037405448965728282928 -0.0011497711529955267906 0.01029191724956035614 0.022939296439290046692 0.018448308110237121582 0.012967622838914394379 0.012699870392680168152 0.036703880876302719116 0.035754717886447906494 0.020148172974586486816 0.0039252471178770065308 0.0040008919313549995422 -0.017308725044131278992 -0.0058545353822410106659 0.028120182454586029053 0.038865286856889724731 0.030586590990424156189 0.026682984083890914917 0.00090361799811944365501 -0.014284813776612281799 0.019287925213575363159 0.048796642571687698364 0.026564763858914375305 0.023498186841607093811 0.039291404187679290771 0.029672345146536827087 0.038138203322887420654
0.044712532311677932739 0.022405248135328292847 -0.0031975649762898683548 -0.0084585845470428466797 -0.014713477343320846558 0.0013561632949858903885 -0.0047650495544075965881 -0.012191832996904850006 0.023790447041392326355 0.11110047250986099243 0.10721832513809204102 0.042664576321840286255 0.020123168826103210449 0.030287915840744972229 0.036722380667924880981 0.032883945852518081665 0.030506454408168792725 0.030869485810399055481 0.015202069655060768127 0.014736646786332130432 0.024714788421988487244 0.019980626180768013 0.02435086667537689209 0.012609690427780151367 -0.041894964873790740967 -0.065621033310890197754 -0.0070533812977373600006 0.013449431397020816803 0.05094971880316734314 0.05197939649224281311 0.034799370914697647095 0.0064099389128386974335 0.0036505218595266342163 0.0085096200928092002869 0.030895808711647987366 0.017356768250465393066 0.027889000251889228821 0.033279024064540863037 0.049210160970687866211 0.051617424935102462769
0.037381120026111602783 0.0023588140029460191727 -0.0038482060190290212631 -0.002641161670908331871 -0.004993928130716085434 -0.0028080120682716369629 -0.030297795310616493225 -0.031226329505443572998 0.016117727383971214294 0.10774590820074081421 0.090664088726043701172 0.036478068679571151733 0.04607331007719039917 0.058643974363803863525 0.062901839613914489746 0.07120609283447265625 0.053624566644430160522 0.035881452262401580811 0.032019320875406265259 0.025071097537875175476 0.01335975993424654007 0.0054712495766580104828 0.025902127847075462341 -0.008288447745144367218 -0.069119922816753387451 -0.09584245830774307251 -0.037090484052896499634 -0.02183990180492401123 0.038424152880907058716 0.045188814401626586914 0.031753215938806533813 0.028992479667067527771 0.018694452941417694092 0.022571276873350143433 0.021194996312260627747 0.026946675032377243042 0.040845401585102081299 0.057218387722969055176 0.054406397044658660889 0.032575234770774841309
0.013153384439647197723 0.011780951172113418579 0.017316773533821105957 0.0031974490266293287277 -0.015228722244501113892 -0.032939616590738296509 -0.037702154368162155151 -0.023661440238356590271 0.0317877940833568573 0.059743043035268783569 0.036291282624006271362 0.036755807697772979736 0.055861935019493103027 0.055784408003091812134 0.064460143446922302246 0.046241376549005508423 0.034902203828096389771 0.046102683991193771362 0.042805720120668411255 0.022915933281183242798 0.030576676130294799805 -0.02149414457380771637 -0.031081456691026687622 -0.007783391512930393219 -0.010043716058135032654 -0.025818645954132080078 -0.01984438672661781311 -0.050494633615016937256 -0.0047676404938101768494 0.022672539576888084412 0.037526629865169525146 0.044970657676458358765 0.026963783428072929382 0.012964406982064247131 0.027825098484754562378 0.040817283093929290771 0.032999727874994277954 0.02999548986554145813 0.037911966443061828613 0.039369001984596252441
0.0070384563878178596497 0.0082622300833463668823 0.015220499597489833832 0.028527153655886650085 -0.0061524324119091033936 -0.020569985732436180115 -0.013584489934146404266 0.0070796553045511245728 0.022673616185784339905 0.035145241767168045044 0.060804158449172973633 0.056296139955520629883 0.067977756261825561523 0.057435858994722366333 0.048530254513025283813 0.061589475721120834351 0.019922984763979911804 0.0047128465957939624786 0.028565537184476852417 0.023097500205039978027 0.086688064038753509521 0.02630259096622467041 -0.038225010037422180176 -0.013882267288863658905 -0.034468736499547958374 -0.038627557456493377686 -0.02059341035783290863 -0.0088032148778438568115 0.018606562167406082153 0.013646429404616355896 0.02379016578197479248 0.025430262088775634766 0.010807206854224205017 0.03469829261302947998 0.041319053620100021362 0.040921065956354141235 0.034298907965421676636 0.03023135848343372345 0.027135232463479042053 0.028680009767413139343
0.012383198365569114685 0.017267620190978050232 0.019006520509719848633 0.027136947959661483765 0.029798358678817749023 0.01025559939444065094 0.015430785715579986572 0.02706358395516872406 0.011424838565289974213 0.030385453253984451294 0.042685680091381072998 0.053478062152862548828 0.077797234058380126953 0.084544777870178222656 0.097302317619323730469 0.090884886682033538818 0.050395976752042770386 0.042292207479476928711 0.045874785631895065308 0.029181405901908874512 0.080716125667095184326 0.042093902826309204102 -0.037799064069986343384 0.0071861674077808856964 0.011946905404329299927 0.021134557202458381653 0.037931986153125762939 0.020224878564476966858 0.035170447081327438354 0.017692049965262413025 0.02050516568124294281 0.031783062964677810669 0.028540909290313720703 0.045039147138595581055 0.040144875645637512207 0.048046320676803588867 0.035120736807584762573 0.026927456259727478027 0.021603103727102279663 0.021918231621384620667
0.037511240690946578979 0.016854388639330863953 -0.0026507317088544368744 0.022858357056975364685 0.022531744092702865601 0.025049768388271331787 0.031637556850910186768 0.016241723671555519104 0.032186958938837051392 0.045086260885000228882 0.032500643283128738403 0.036708611994981765747 0.057125326246023178101 0.085024014115333557129 0.093704991042613983154 0.064761899411678314209 0.016258088871836662292 0.041566416621208190918 0.067990019917488098145 0.026724945753812789917 0.027094421908259391785 0.025269588455557823181 0.0097225876525044441223 0.0054464391432702541351 0.029642408713698387146 0.03093081153929233551 0.0062219314277172088623 -0.0030449815094470977783 0.0028811823576688766479 0.0098215602338314056396 0.030617710202932357788 0.032061718404293060303 0.03296713903546333313 0.073283158242702484131 0.030142256990075111389 0.011443248949944972992 0.015729805454611778259 0.021116610616445541382 0.019250459969043731689 0.019578142091631889343
