INPUT/RASTER/ASCII/dndvi.asc
ncols        225
nrows        269
xllcorner    473009.983799999987
yllcorner    4429051.174800000153
cellsize     50.000000000000
NODATA_value -9999
[rows 126 to 143 of 269, columns 0 to 39 of 225]
-9999 -9999 -9999 -9999 -9999 -9999 -9999 -9999 -9999 -9999 -9999 -9999 -9999 0.015183580107986927032 0.018120722845196723938 0.016194486990571022034 0.016245743259787559509 0.013767275027930736542 0.015118488110601902008 -0.0039977040141820907593 0.019168574362993240356 0.04563121497631072998 0.015012019313871860504 0.0049769678153097629547 0.015412528067827224731 -0.002276568906381726265 0.00011014125630026683211 0.0029800531920045614243 0.00057435088092461228371 0.012414055876433849335 0.022860266268253326416 0.021242348477244377136 0.025737252086400985718 0.020517988130450248718 0.019037142395973205566 0.015504556708037853241 0.017473436892032623291 0.016462596133351325989 0.018900379538536071777 0.032620470970869064331
-9999 -9999 -9999 -9999 -9999 -9999 -9999 -9999 -9999 -9999 -9999 -9999 -9999 0.031229289248585700989 0.020196119323372840881 0.0079735163599252700806 0.0084917899221181869507 -0.0021721939556300640106 -0.0019306056201457977295 -0.03340450674295425415 0.02186891995370388031 0.031974229961633682251 0.016870852559804916382 0.032323047518730163574 0.031792353838682174683 0.0033927047625184059143 -0.01431750226765871048 0.0037532595451921224594 7.6571071986109018326e-05 0.015835056081414222717 0.024415636435151100159 0.027967039495706558228 0.021601554006338119507 0.02321618981659412384 0.020406018942594528198 0.01944394037127494812 0.018812399357557296753 0.019811926409602165222 0.020400583744049072266 0.020759714767336845398
-9999 -9999 -9999 -9999 -9999 -9999 -9999 -9999 -9999 -9999 -9999 -9999 -9999 0.031797610223293304443 0.0097822155803442001343 0.0048095919191837310791 0.0057180984877049922943 0.0018768281443044543266 0.018579140305519104004 -0.0044340663589537143707 0.014468868263065814972 0.017933931201696395874 0.0074600945226848125458 0.032349735498428344727 0.031053751707077026367 -0.011263295076787471771 -0.069165050983428955078 -0.008975809440016746521 0.0038670531939715147018 0.0085657443851232528687 0.024583723396062850952 0.033869631588459014893 0.031165657564997673035 0.030285598710179328918 0.020740028470754623413 0.0205687694251537323 0.023113159462809562683 0.02887692674994468689 0.030618546530604362488 0.021992361173033714294
-9999 -9999 -9999 -9999 -9999 -9999 -9999 -9999 -9999 -9999 -9999 -9999 -9999 -9999 0.012871147133409976959 0.010715458542108535767 0.00096060725627467036247 0.0013612183975055813789 0.0059341713786125183105 0.0031538936309516429901 0.02166025899350643158 0.0046220836229622364044 0.012839876115322113037 0.020599866285920143127 0.0079063838347792625427 -0.015195161104202270508 -0.065729737281799316406 -0.022263325750827789307 0.0015341052785515785217 0.0025077613536268472672 0.019486553966999053955 0.020598305389285087585 0.034095898270606994629 0.035982087254524230957 0.027436278760433197021 0.033101700246334075928 0.027637213468551635742 0.024736668914556503296 0.031464301049709320068 0.029629915952682495117
-9999 -9999 -9999 -9999 -9999 -9999 -9999 -9999 -9999 -9999 -9999 -9999 -9999 -0.0037578539922833442688 -0.0030320424120873212814 -0.0043613589368760585785 0.0011540648993104696274 0.0098405303433537483215 0.023121317848563194275 0.026398448273539543152 0.022579045966267585754 0.016379836946725845337 0.010869887657463550568 0.013631021603941917419 0.020273329690098762512 -0.00060551939532160758972 -0.011043913662433624268 -0.0011446977732703089714 0.0072281304746866226196 -0.0019841452594846487045 -0.0058648101985454559326 -0.0147624211385846138 0.0076531013473868370056 0.023020166903734207153 0.032535668462514877319 0.037504680454730987549 0.033367119729518890381 0.033356774598360061646 0.026567175984382629395 0.022068031132221221924
-9999 -9999 -9999 -9999 -9999 -9999 -9999 -9999 -9999 -9999 -9999 -9999 0.020568141713738441467 0.0052875252440571784973 0.0040345857851207256317 0.0067716515623033046722 0.009039900265634059906 0.0074827950447797775269 0.010503539815545082092 0.013136944733560085297 0.0059178625233471393585 -0.0010792812099680304527 -0.008973596617579460144 0.022098273038864135742 0.018299655988812446594 0.020919689908623695374 0.009729015640914440155 0.016919162124395370483 0.024372076615691184998 0.018716624006628990173 0.0049692746251821517944 -0.0097805131226778030396 0.011788868345320224762 0.0279110688716173172 0.037295397371053695679 0.033772632479667663574 0.027766304090619087219 0.030830826610326766968 0.019603082910180091858 0.0073502412997186183929
-9999 -9999 -9999 -9999 -9999 -9999 -9999 -9999 -9999 -9999 -9999 -0.0079700490459799766541 0.0026085560675710439682 0.0091622900217771530151 0.0074003082700073719025 0.0092508224770426750183 0.0091033037751913070679 0.017382591962814331055 0.018870880827307701111 0.014250453561544418335 0.015055616386234760284 0.0084677860140800476074 -0.002762792631983757019 0.010844156146049499512 -0.0010346032213419675827 0.012309296056628227234 0.011617861688137054443 0.02008224092423915863 0.027425888925790786743 0.021485883742570877075 0.0122363995760679245 0.034430176019668579102 0.043210852891206741333 0.032411061227321624756 0.022567216306924819946 0.032170712947845458984 0.039704907685518264771 0.014714468270540237427 0.0029106636065989732742 0.020627005025744438171
-9999 -9999 -9999 -9999 -9999 -9999 -9999 -9999 -9999 -9999 -0.015493972226977348328 -0.008411319926381111145 -0.0031779976561665534973 0.0057507678866386413574 0.011946594342589378357 0.0049855159595608711243 0.012965392321348190308 0.024502839893102645874 0.021361209452152252197 0.014533875510096549988 0.015529021620750427246 0.0098722344264388084412 0.01108232792466878891 0.012760275974869728088 0.0081068864092230796814 0.013066270388662815094 0.026475083082914352417 0.0279883556067943573 0.02861834503710269928 0.0074195638298988342285 0.020213317126035690308 0.036565616726875305176 0.044446583837270736694 0.030452568084001541138 0.021118212491273880005 0.023796748369932174683 0.024756524711847305298 0.029469931498169898987 0.038814518600702285767 0.04546930268406867981
-9999 -9999 -9999 -9999 -9999 -9999 -9999 -9999 -9999 -0.0066671092063188552856 -0.0054950243793427944183 0.00011895471834577620029 -0.00028194696642458438873 0.0094507960602641105652 0.014568480663001537323 0.015049127861857414246 0.0087404083460569381714 0.031299892812967300415 0.026114946231245994568 0.019445106387138366699 0.0073830704204738140106 0.012569763697683811188 0.017763573676347732544 0.015515865758061408997 0.026281986385583877563 0.030153982341289520264 0.031760901212692260742 0.017013112083077430725 0.02721105329692363739 0.019416864961385726929 0.033594902604818344116 0.041989121586084365845 0.017974559217691421509 0.012345816008746623993 0.014492940157651901245 0.010281125083565711975 0.038995608687400817871 0.040913335978984832764 0.039488542824983596802 0.049194522202014923096
-9999 -9999 -9999 -9999 -9999 -9999 -9999 -9999 -9999 0.01566302962601184845 0.0050054145976901054382 0.0042256405577063560486 -0.005505484994500875473 0.012439131736755371094 0.016988554969429969788 0.019504373893141746521 0.0062354742549359798431 0.019235290586948394775 0.014636090025305747986 0.017158295959234237671 0.022460786625742912292 0.018606845289468765259 0.024137008935213088989 0.019882882013916969299 0.021335864439606666565 0.022455971688032150269 0.0077024321071803569794 -0.012998138554394245148 0.0052246772684156894684 0.019842583686113357544 0.021291736513376235962 0.027355987578630447388 0.016091445460915565491 0.015332517214119434357 0.013862511143088340759 0.021762333810329437256 0.037161886692047119141 0.030661124736070632935 0.041748005896806716919 0.038218207657337188721
-9999 -9999 -9999 -9999 -9999 -9999 -9999 -9999 -9999 0.025337183848023414612 0.016549164429306983948 -0.0013422521296888589859 -0.0027208321262151002884 0.0082754418253898620605 0.01249394100159406662 0.022854654118418693542 0.018468981608748435974 0.028542971238493919373 0.021800424903631210327 0.021441014483571052551 0.030129835009574890137 0.033852484077215194702 0.025339253246784210205 0.0090726753696799278259 0.026477722451090812683 0.021774511784315109253 0.01774838566780090332 0.012315091677010059357 0.018850099295377731323 0.015364055521786212921 0.016555525362491607666 0.026798965409398078918 0.027677359059453010559 0.017104821279644966125 0.024415010586380958557 0.026511643081903457642 0.025492219254374504089 0.035098746418952941895 0.038217913359403610229 0.044105730950832366943
-9999 -9999 -9999 -9999 -9999 -9999 -9999 -9999 -9999 0.017681878060102462769 0.011298085562884807587 -0.013072356581687927246 -0.0023249287623912096024 0.0009218076593242585659 0.006886255461722612381 0.021304154768586158752 0.026164457201957702637 0.038970723748207092285 0.039413843303918838501 0.025744605809450149536 0.031586810946464538574 0.02678133547306060791 0.020761361345648765564 0.0070766261778771877289 0.018409419804811477661 0.018662057816982269287 0.01740015856921672821 0.020128123462200164795 0.019475838169455528259 0.015181547030806541443 0.027056099846959114075 0.02488720230758190155 0.012972258031368255615 0.019863238558173179626 0.037980757653713226318 0.035163294523954391479 0.028699560090899467468 0.042200304567813873291 0.038962114602327346802 0.038916289806365966797
-9999 -9999 -9999 -9999 -9999 -9999 -9999 -9999 -9999 0.0068622701801359653473 -0.0041568893939256668091 -0.015738282352685928345 0.0017382981022819876671 0.0056481393985450267792 0.010824577882885932922 0.023941561579704284668 0.042112410068511962891 0.040576264262199401855 0.036990553140640258789 0.022878073155879974365 0.035856980830430984497 0.022791363298892974854 0.025795206427574157715 0.012540468946099281311 0.017508322373032569885 0.027868740260601043701 0.02100819908082485199 0.023402133956551551819 0.029893947765231132507 0.020290657877922058105 0.017687469720840454102 0.018824342638254165649 0.013943625614047050476 0.022559791803359985352 0.025660911574959754944 0.035641930997371673584 0.029747650027275085449 0.028362805023789405823 0.00015076727140694856644 0.010549587197601795197
-9999 -9999 -9999 -9999 -9999 -9999 -9999 -9999 -9999 -0.0043859528377652168274 -0.016272168606519699097 -0.011223554611206054688 0.0098261227831244468689 0.014608518220484256744 0.012307913042604923248 0.012364477850496768951 0.023817138746380805969 0.036384418606758117676 0.044375039637088775635 0.044932700693607330322 0.036213655024766921997 0.013451387174427509308 0.0248528309166431427 0.013575357384979724884 0.014783171005547046661 0.02354547940194606781 0.023306133225560188293 0.014508983120322227478 0.014807850122451782227 0.011532400734722614288 0.011674619279801845551 0.019942747429013252258 -0.0099214706569910049438 0.025030378252267837524 0.02743158489465713501 0.023904146626591682434 0.022304633632302284241 0.028960814699530601501 0.0081853084266185760498 0.0083497874438762664795
-9999 -9999 -9999 -9999 -9999 -9999 -9999 -9999 -9999 -0.0087429517880082130432 -0.015707416459918022156 -0.0068406877107918262482 0.0051839924417436122894 0.011302695609629154205 0.0094689819961786270142 0.013816965743899345398 0.021241975948214530945 0.032254811376333236694 0.054695062339305877686 0.04907382279634475708 0.041081499308347702026 0.02700202353298664093 0.026514623314142227173 0.021945016458630561829 0.019773282110691070557 0.02358422987163066864 0.029821576550602912903 0.011204478330910205841 0.0089028654620051383972 0.0090932957828044891357 0.023240659385919570923 0.023430112749338150024 0.0039528692141175270081 0.0081303883343935012817 0.020170798525214195251 0.021998925134539604187 0.021658778190612792969 0.021287903189659118652 0.0028692288324236869812 0.010200535878539085388
-9999 -9999 -9999 -9999 -9999 -9999 -9999 -9999 -9999 0.00012022901501040905714 -0.0073732915334403514862 -0.0046205767430365085602 0.00096354348352178931236 0.0078477580100297927856 0.0034906556829810142517 0.00089678197400644421577 0.017987783998250961304 0.018146477639675140381 0.038674145936965942383 0.030078073963522911072 0.030377490445971488953 0.029880052432417869568 0.02202845551073551178 0.034363441169261932373 0.033657018095254898071 0.041285909712314605713 0.029211269691586494446 0.0095255123451352119446 0.012337254360318183899 0.019614188000559806824 0.022188223898410797119 0.0071001406759023666382 0.012662366963922977448 0.015487049706280231476 0.0099357971921563148499 0.016069745644927024841 0.019004184752702713013 0.022230740636587142944 0.027225002646446228027 0.0027404148131608963013
-9999 -9999 -9999 -9999 -9999 -9999 -9999 -9999 -9999 0.00054809340508654713631 0.0063728983514010906219 -0.00069585628807544708252 0.0014717610320076346397 0.006387169472873210907 0.013198884204030036926 0.007993526756763458252 0.013503763824701309204 0.035170704126358032227 0.042185474187135696411 0.026106331497430801392 0.021356046199798583984 0.022425131872296333313 0.012075380422174930573 0.02227041684091091156 0.035360451787710189819 0.025440648198127746582 0.020095637068152427673 0.016279773786664009094 0.033337354660034179688 0.023865444585680961609 0.018719540908932685852 0.012833171524107456207 0.013985097408294677734 0.010956574231386184692 0.0069989063777029514313 0.010403994470834732056 0.013278564438223838806 0.013783797621726989746 0.019604256376624107361 0.0038790437392890453339
-9999 -9999 -9999 -9999 -9999 -9999 -9999 -9999 -9999 -0.015839606523513793945 0.00023123357095755636692 0.0088752862066030502319 0.0045535014942288398743 0.0079825678840279579163 0.015360780991613864899 0.0092294029891490936279 0.029289182275533676147 0.061824504286050796509 0.037155538797378540039 0.022405404597520828247 0.017007570713758468628 0.029474910348653793335 0.022265594452619552612 0.019598893821239471436 0.022115284577012062073 0.015245391055941581726 0.023221721872687339783 0.032510519027709960938 0.037948984652757644653 0.029553906992077827454 0.019169442355632781982 0.0087893949821591377258 0.0051481653936207294464 0.0055263298563659191132 0.010430465452373027802 0.003568383166566491127 -0.0032518198713660240173 0.0052684061229228973389 0.031398259103298187256 0.023062638938426971436
