INPUT/RASTER/ASCII/dndvi.asc
ncols        225
nrows        269
xllcorner    473009.983799999987
yllcorner    4429051.174800000153
cellsize     50.000000000000
NODATA_value -9999
[rows 36 to 53 of 269, columns 120 to 159 of 225]
0.023675274103879928589 0.015245916321873664856 0.019206631928682327271 0.036237861961126327515 0.038107745349407196045 0.026124091818928718567 0.020211910828948020935 0.039496257901191711426 0.028515877202153205872 0.038349397480487823486 0.054730661213397979736 0.045589316636323928833 0.055768467485904693604 0.050252944231033325195 0.049942858517169952393 0.056503850966691970825 0.059284310787916183472 0.059548053890466690063 0.04388270154595375061 0.046605624258518218994 0.023608310148119926453 0.046597249805927276611 -9999 -9999 -9999 -9999 -9999 -9999 -9999 -9999 -9999 -9999 -9999 -9999 -9999 -9999 -9999 -9999 -9999 -9999
-0.0075617413967847824097 0.019519992172718048096 0.021729690954089164734 0.013975439593195915222 0.015762116760015487671 -0.0013870983384549617767 0.019739361479878425598 0.029459284618496894836 0.017570793628692626953 0.039873015135526657104 0.056077640503644943237 0.04894394800066947937 0.029097963124513626099 0.033823322504758834839 0.035474479198455810547 0.04605205729603767395 0.057237479835748672485 0.053400516510009765625 0.045247420668601989746 0.049340434372425079346 0.018302690237760543823 0.018748454749584197998 0.02434230409562587738 -9999 -9999 -9999 -9999 -9999 -9999 -9999 -9999 -9999 -9999 -9999 -9999 -9999 -9999 -9999 -9999 -9999
0.010631151497364044189 0.029667461290955543518 0.011590334586799144745 0.012504890561103820801 0.020401600748300552368 0.011506263166666030884 0.026417577639222145081 0.01644957810640335083 0.017368739470839500427 0.031805779784917831421 0.048873346298933029175 0.029748518019914627075 0.033102743327617645264 0.027618119493126869202 0.016320642083883285522 0.024174978956580162048 0.034745164215564727783 0.036923613399267196655 0.048836894333362579346 0.058504767715930938721 0.019485501572489738464 0.020831577479839324951 0.061446145176887512207 0.067998647689819335938 -9999 -9999 -9999 -9999 -9999 -9999 -9999 -9999 -9999 -9999 -9999 -9999 -9999 -9999 -9999 -9999
0.010169642046093940735 0.0072091538459062576294 -0.014219764620065689087 0.017543507739901542664 0.01580923423171043396 0.037090919911861419678 0.03659933432936668396 0.029625846073031425476 0.028306955471634864807 0.047690462321043014526 0.024296876043081283569 0.0044631664641201496124 0.0033589995000511407852 -0.00018597027519717812538 0.002049431903287768364 -0.0055199433118104934692 -0.002293434925377368927 -0.0008933492354117333889 0.032266251742839813232 0.057066131383180618286 0.04741563647985458374 0.018323933705687522888 0.040445830672979354858 0.061112795025110244751 -9999 -9999 -9999 -9999 -9999 -9999 -9999 -9999 -9999 -9999 -9999 -9999 -9999 -9999 -9999 -9999
0.020094901323318481445 0.02467381209135055542 -0.025124838575720787048 0.024563251063227653503 0.016301704570651054382 0.039132591336965560913 0.050888735800981521606 0.044715445488691329956 0.047129850834608078003 0.048979990184307098389 0.021728724241256713867 -0.0050388397648930549622 -0.012552652508020401001 -0.0082246055826544761658 -0.0063486401923000812531 -0.0040022665634751319885 -0.010788775049149990082 -0.009635534137487411499 -0.0031554792076349258423 0.026868205517530441284 0.054636307060718536377 0.012633828446269035339 0.0052081807516515254974 -9999 -9999 -9999 -9999 -9999 -9999 -9999 -9999 -9999 -9999 -9999 -9999 -9999 -9999 -9999 -9999 -9999
0.026574881747364997864 0.027382370084524154663 -0.0094891181215643882751 0.031525161117315292358 0.029398893937468528748 0.053339026868343353271 0.055570032447576522827 0.06302963942289352417 0.06039782986044883728 0.050715122371912002563 0.02292950265109539032 -0.0085149789229035377502 -0.015867499634623527527 -0.0084923561662435531616 -0.015593534335494041443 -0.00016858999151736497879 0.0045815003104507923126 0.014081308618187904358 0.024739542976021766663 0.034550592303276062012 0.050381481647491455078 0.012539572082459926605 0.013544856570661067963 0.024093644693493843079 -9999 -9999 -9999 -9999 -9999 -9999 -9999 -9999 -9999 -9999 -9999 -9999 -9999 -9999 -9999 -9999
0.022265458479523658752 0.035094160586595535278 0.036329165101051330566 0.051241394132375717163 0.049522992223501205444 0.044909689575433731079 0.040077645331621170044 0.051941547542810440063 0.050732888281345367432 0.048457793891429901123 0.040200024843215942383 0.01403050590306520462 -0.005874319467693567276 -0.013734830543398857117 -0.013867489062249660492 -0.00029293971601873636246 0.014788122847676277161 0.026023084297776222229 0.043621625751256942749 0.043225239962339401245 0.012269266881048679352 -0.0085126822814345359802 -0.0087900189682841300964 -0.016708426177501678467 -0.0011181264417245984077 -9999 -9999 -9999 -9999 -9999 -9999 -9999 -9999 -9999 -9999 -9999 -9999 -9999 -9999 -9999
0.039585687220096588135 0.036175359040498733521 0.053557708859443664551 0.045758064836263656616 0.026796786114573478699 0.020819282159209251404 0.016862144693732261658 0.031889956444501876831 0.045923974364995956421 0.035567861050367355347 0.029457636177539825439 0.02062270045280456543 -0.0038714637048542499542 -0.0044293608516454696655 0.0065633053891360759735 0.0079843495041131973267 0.00456124916672706604 0.0079120751470327377319 0.014120904728770256042 0.002276415238156914711 -0.020034242421388626099 -0.0047636274248361587524 -0.024797890335321426392 -0.044932954013347625732 -0.026009658351540565491 0.010074353776872158051 0.051914006471633911133 -9999 -9999 -9999 -9999 -9999 -9999 -9999 -9999 -9999 -9999 -9999 -9999 -9999
0.059194181114435195923 0.05917323380708694458 0.072973988950252532959 0.059454400092363357544 0.034762065857648849487 0.01198843587189912796 0.02926937490701675415 0.017505686730146408081 0.030478065833449363708 0.040623974055051803589 0.054008770734071731567 0.015378757379949092865 0.0060422993265092372894 0.011645861901342868805 0.010353139601647853851 0.0094443708658218383789 0.0049742399714887142181 0.0064988560043275356293 0.0094007300212979316711 0.0061647193506360054016 -8.6726082372479140759e-05 0.0080852750688791275024 -0.011321202851831912994 -0.046633880585432052612 -0.083516955375671386719 0.022865088656544685364 0.052868373692035675049 0.054984550923109054565 -9999 -9999 -9999 -9999 -9999 -9999 -9999 -9999 -9999 -9999 -9999 -9999
0.06228552013635635376 0.071209505200386047363 0.05631421506404876709 0.049819581210613250732 0.049991402775049209595 0.018339978531002998352 0.0071069127880036830902 0.0071230027824640274048 0.023770483210682868958 0.027504032477736473083 0.034862905740737915039 0.019656313583254814148 0.0058316881768405437469 0.010025220923125743866 0.0092743160203099250793 0.0055701863020658493042 0.0052142213098704814911 0.004398683551698923111 0.015418960712850093842 0.0137004852294921875 0.0062625459395349025726 -0.00073544547194615006447 -0.021440301090478897095 -0.02614167332649230957 -0.052410133183002471924 0.037820670753717422485 0.064298868179321289063 0.06725797802209854126 0.042486056685447692871 -9999 -9999 -9999 -9999 -9999 -9999 -9999 -9999 -9999 -9999 -9999
0.064746141433715820313 0.0636749267578125 0.054087594151496887207 0.053488872945308685303 0.06821667402982711792 0.036743216216564178467 0.023172654211521148682 0.018881659954786300659 0.029414653778076171875 0.027574541047215461731 0.033700644969940185547 0.038074962794780731201 0.0072772353887557983398 -0.0047192093916237354279 0.0012359824031591415405 0.0016209908062592148781 0.0086977956816554069519 0.0087989820167422294617 0.01262908056378364563 0.010513297282159328461 0.008236711844801902771 0.015470121055841445923 -0.0023002694360911846161 0.016051558777689933777 0.015460847876965999603 0.027738295495510101318 0.060051351785659790039 0.012410247698426246643 -0.061478234827518463135 0.042399160563945770264 -9999 -9999 -9999 -9999 -9999 -9999 -9999 -9999 -9999 -9999
0.060216635465621948242 0.054468266665935516357 0.024456122890114784241 0.048730235546827316284 0.056792955845594406128 0.043019708245992660522 0.059680953621864318848 0.036911435425281524658 0.026367980986833572388 0.036662250757217407227 0.044160287827253341675 0.060910928994417190552 0.051778677850961685181 0.017690675333142280579 -0.0015357733936980366707 0.0037053311243653297424 0.023086020722985267639 0.014255443587899208069 0.014489061199128627777 0.0077746622264385223389 0.014282030053436756134 0.036398995667695999146 0.019976750016212463379 0.045296840369701385498 0.028476575389504432678 0.00033621885813772678375 0.027306230738759040833 -0.018583504483103752136 -0.012936711311340332031 0.055636540055274963379 -9999 -9999 -9999 -9999 -9999 -9999 -9999 -9999 -9999 -9999
0.036839392036199569702 0.036196246743202209473 0.020412916317582130432 0.032904207706451416016 0.048779897391796112061 0.05273375287652015686 0.048276260495185852051 0.031333588063716888428 0.03933778032660484314 0.057388003915548324585 0.059023335576057434082 0.069567479193210601807 0.066761359572410583496 0.06391505897045135498 0.058172855526208877563 0.050621949136257171631 0.059671178460121154785 0.042542979121208190918 0.036083832383155822754 0.018947100266814231873 0.022547606378793716431 0.049319475889205932617 0.037401322275400161743 0.029664317145943641663 0.03183504939079284668 0.052759755402803421021 0.024844944477081298828 0.0033545622136443853378 0.041023764759302139282 0.056764304637908935547 0.076338678598403930664 -9999 -9999 -9999 -9999 -9999 -9999 -9999 -9999 -9999
0.027201488614082336426 0.018895924091339111328 0.019325379282236099243 0.023665707558393478394 0.04040243104100227356 0.026812043040990829468 0.024878581985831260681 0.04062537848949432373 0.05862746015191078186 0.053786389529705047607 0.027296947315335273743 0.031323492527008056641 0.037694938480854034424 0.035270623862743377686 0.040187831968069076538 0.040429953485727310181 0.036837786436080932617 0.028069620952010154724 0.027192423120141029358 0.026536596938967704773 0.026516655460000038147 0.033312212675809860229 0.027861312031745910645 0.02768559381365776062 0.034611996263265609741 0.078305900096893310547 0.050917778164148330688 0.031155906617641448975 0.042600568383932113647 0.044269300997257232666 0.010947055183351039886 0.038988448679447174072 0.085170455276966094971 0.039304334670305252075 -9999 -9999 -9999 -9999 -9999 -9999
0.01084437686949968338 -0.00013326625048648566008 0.0051499097608029842377 0.015262297354638576508 0.01146554015576839447 0.02312440238893032074 0.042277134954929351807 0.034669112414121627808 0.037178754806518554688 0.0239135008305311203 0.0040866788476705551147 0.018572801724076271057 0.025054261088371276855 0.031027868390083312988 0.025853978469967842102 0.021355133503675460815 0.025628240779042243958 0.031097184866666793823 0.029970210045576095581 -0.024130089208483695984 -0.032678376883268356323 -0.0080785844475030899048 -0.01058423798531293869 0.029509248211979866028 0.042810570448637008667 0.066362977027893066406 0.072677396237850189209 0.041834730654954910278 0.037121161818504333496 0.059548482298851013184 0.054678626358509063721 0.078527711331844329834 0.058338165283203125 -0.0016592477913945913315 0.041572969406843185425 -9999 -9999 -9999 -9999 -9999
-0.0050654872320592403412 -0.010103587992489337921 0.0027204509824514389038 0.018308199942111968994 0.0080463243648409843445 0.026162130758166313171 0.041269421577453613281 0.043592408299446105957 0.034267511218786239624 0.010177850723266601563 0.020336963236331939697 0.018009727820754051208 0.024393349885940551758 0.032498948276042938232 0.026832457631826400757 0.03042692132294178009 0.041442848742008209229 0.027971848845481872559 0.022356363013386726379 -0.033824421465396881104 -0.059688642621040344238 -0.040898803621530532837 0.013730864040553569794 0.028328815475106239319 0.026656471192836761475 0.050169300287961959839 0.081819020211696624756 0.065143406391143798828 0.065327472984790802002 0.068599849939346313477 0.072887659072875976563 0.074387751519680023193 0.026799121871590614319 0.029234606772661209106 0.056773163378238677979 0.044325210154056549072 0.048577856272459030151 -9999 -9999 -9999
0.013630287721753120422 0.013248240575194358826 0.019622918218374252319 0.025740988552570343018 0.022524803876876831055 0.021865235641598701477 0.037736322730779647827 0.041042830795049667358 0.031872864812612533569 0.0079259909689426422119 0.035073813050985336304 0.028263535350561141968 0.030777983367443084717 0.017076285555958747864 0.020339740440249443054 0.033472213894128799438 0.045808415859937667847 0.023904731497168540955 0.015345979481935501099 -0.0022031946573406457901 -0.0043698190711438655853 0.015443494543433189392 0.0014717018930241465569 0.0068633905611932277679 0.046522382646799087524 0.067416861653327941895 0.067629761993885040283 0.045266408473253250122 0.063634879887104034424 0.055068530142307281494 0.042560901492834091187 0.047282263636589050293 0.042956609278917312622 0.042689692229032516479 0.030942805111408233643 0.042487468570470809937 0.051209565252065658569 0.05926062166690826416 -9999 -9999
0.039396487176418304443 0.033626958727836608887 0.029031867161393165588 0.038886997848749160767 0.043031726032495498657 0.041502188891172409058 0.040030296891927719116 0.041686512529850006104 0.018384322524070739746 -0.0019204425625503063202 0.017912652343511581421 0.019898047670722007751 0.025450963526964187622 0.014823725447058677673 0.028676437214016914368 0.025677638128399848938 0.044800579547882080078 0.029501153156161308289 -0.010847086086869239807 0.0015944571932777762413 0.024302573874592781067 0.013701487332582473755 0.011543114669620990753 0.023844538256525993347 0.059929560869932174683 0.073847904801368713379 0.055162843316793441772 0.010996376164257526398 0.019976468756794929504 0.025823393836617469788 0.032621834427118301392 0.029322613030672073364 0.035111092031002044678 0.044166028499603271484 0.037624705582857131958 0.040056079626083374023 0.038436770439147949219 0.046565432101488113403 0.056069556623697280884 -9999
