INPUT/RASTER/ASCII/dndvi.asc
ncols        225
nrows        269
xllcorner    473009.983799999987
yllcorner    4429051.174800000153
cellsize     50.000000000000
NODATA_value -9999
[rows 72 to 89 of 269, columns 80 to 119 of 225]
0.031167382374405860901 0.0316468849778175354 0.052888177335262298584 0.061342298984527587891 0.04705534130334854126 0.042579647153615951538 0.015974421054124832153 0.039591714739799499512 0.043970622122287750244 0.042554084211587905884 0.04944904521107673645 0.026853531599044799805 0.040921285748481750488 0.052171558141708374023 0.059754893183708190918 0.016601340845227241516 0.047996643930673599243 0.066149473190307617188 0.10067878663539886475 0.10442184656858444214 0.098246634006500244141 0.13690353929996490479 0.073441594839096069336 0.032132286578416824341 0.042831700295209884644 0.033996697515249252319 0.029058914631605148315 0.042224433273077011108 0.032112795859575271606 0.032793946564197540283 0.043451722711324691772 0.039831213653087615967 0.029367929324507713318 0.031578030437231063843 0.029480313882231712341 0.025261640548706054688 0.028301943093538284302 0.035248663276433944702 0.035596162080764770508 0.033061087131500244141
0.041879247874021530151 0.037100646644830703735 0.043465100228786468506 0.051559802144765853882 0.039364587515592575073 0.051349680870771408081 0.063482061028480529785 0.058731880038976669312 0.036459267139434814453 0.012661045417189598083 -0.0014879035297781229019 0.0072628832422196865082 0.035699997097253799438 0.047021858394145965576 0.052655886858701705933 0.03711013495922088623 0.048873286694288253784 0.081050440669059753418 0.091913588345050811768 0.071340002119541168213 0.095141731202602386475 0.10031453520059585571 0.058399382978677749634 0.03900477290153503418 0.027840452268719673157 0.022758210077881813049 0.030101120471954345703 0.024739563465118408203 0.031806491315364837646 0.039778307080268859863 0.033489156514406204224 0.022051146253943443298 0.022993763908743858337 0.02456927858293056488 0.029070254415273666382 0.029335521161556243896 0.036672852933406829834 0.030300717800855636597 0.024599472060799598694 0.028948757797479629517
0.036716490983963012695 0.021904552355408668518 0.029554517939686775208 0.036908797919750213623 0.031974155455827713013 0.045355472713708877563 0.049643110483884811401 0.047347631305456161499 0.029201971367001533508 0.01941675134003162384 -0.0057391235604882240295 -0.0041456632316112518311 0.026239402592182159424 0.0034943227656185626984 0.014963689260184764862 0.028039732947945594788 0.042781453579664230347 0.06983681023120880127 0.089997887611389160156 0.063919700682163238525 0.072614878416061401367 0.065390385687351226807 0.059551026672124862671 0.038804084062576293945 0.024213880300521850586 0.021441513672471046448 0.027559718117117881775 0.03068184293806552887 0.032960396260023117065 0.01961486227810382843 0.026383275166153907776 0.027349643409252166748 0.020110465586185455322 0.021319231018424034119 0.024715866893529891968 0.025498444214463233948 0.033453423529863357544 0.029883803799748420715 0.024301769211888313293 0.022939415648579597473
0.033581595867872238159 0.037457074970006942749 0.028900245204567909241 0.031059373170137405396 0.027055645361542701721 0.02467301487922668457 0.020277090370655059814 0.035604309290647506714 0.041986860334873199463 0.037332501262426376343 0.0012598123867064714432 -0.013026384636759757996 0.01101876329630613327 0.0078512392938137054443 0.023290783166885375977 0.034228671342134475708 0.035856842994689941406 0.071446448564529418945 0.071118578314781188965 0.072118140757083892822 0.066607542335987091064 0.045261319726705551147 0.051375221461057662964 0.043173942714929580688 0.035694491118192672729 0.022626256570219993591 0.023634731769561767578 0.024623999372124671936 0.030070915818214416504 0.030336692929267883301 0.033603619784116744995 0.040232028812170028687 0.030014790594577789307 0.023195758461952209473 0.02237822115421295166 0.024566486477851867676 0.021977519616484642029 0.03427523002028465271 0.04248072206974029541 0.036780681461095809937
0.040882203727960586548 0.041344083845615386963 0.039381995797157287598 0.038116112351417541504 0.031850997358560562134 0.0346851348876953125 0.032941184937953948975 0.034297142177820205688 0.047898255288600921631 0.046566292643547058105 0.023309165611863136292 0.018046936020255088806 0.050779644399881362915 0.036429002881050109863 0.040617559105157852173 0.051597792655229568481 0.044528268277645111084 0.082784421741962432861 0.051161408424377441406 0.030416997149586677551 0.046483777463436126709 0.047217343002557754517 0.050430055707693099976 0.039299897849559783936 0.039693828672170639038 0.038477461785078048706 0.044223256409168243408 0.033704642206430435181 0.029892258346080780029 0.034424591809511184692 0.022241324186325073242 0.028457108885049819946 0.040854066610336303711 0.040696617215871810913 0.03257558867335319519 0.02883449941873550415 0.01479822210967540741 0.021798182278871536255 0.02866700291633605957 0.039176627993583679199
0.053940426558256149292 0.055913198739290237427 0.049662645906209945679 0.047408670186996459961 0.038862399756908416748 0.029466606676578521729 0.015960691496729850769 0.028057200834155082703 0.029136689379811286926 0.049407321959733963013 0.044288672506809234619 0.062100384384393692017 0.067448049783706665039 0.056140240281820297241 0.044836621731519699097 0.069915108382701873779 0.068057723343372344971 0.073718182742595672607 0.05660125240683555603 0.053961046040058135986 0.05623723939061164856 0.05436689034104347229 0.044774416834115982056 0.063336588442325592041 0.060782983899116516113 0.056528512388467788696 0.042602878063917160034 0.031035840511322021484 0.020034834742546081543 0.0060357856564223766327 0.014220543205738067627 0.023742448538541793823 0.031492885202169418335 0.030404357239603996277 0.02929146401584148407 0.029752386733889579773 0.024427546188235282898 0.027774918824434280396 0.029732171446084976196 0.030318776145577430725
0.056305035948753356934 0.05399277806282043457 0.046678680926561355591 0.044047743082046508789 0.032519634813070297241 0.01986400410532951355 0.024753550067543983459 0.028443314135074615479 0.035481829196214675903 0.048783373087644577026 0.046749830245971679688 0.05617661401629447937 0.06427704542875289917 0.073497712612152099609 0.067694999277591705322 0.058542586863040924072 0.063781812787055969238 0.072038568556308746338 0.067629031836986541748 0.062140654772520065308 0.067854441702365875244 0.065086737275123596191 0.047174416482448577881 0.037748791277408599854 0.040041472762823104858 0.070298150181770324707 0.054189007729291915894 0.030203439295291900635 0.022783923894166946411 0.0045551168732345104218 0.004886887967586517334 0.016278261318802833557 0.047182299196720123291 0.047262877225875854492 0.038678295910358428955 0.034183807671070098877 0.031411528587341308594 0.030288552865386009216 0.012248246930539608002 0.021393850445747375488
0.047617264091968536377 0.061602454632520675659 0.046024002134799957275 0.043822515755891799927 0.038886275142431259155 0.025826562196016311646 0.0352040901780128479 0.029437236487865447998 0.038917709141969680786 0.043381329625844955444 0.044748090207576751709 0.055102955549955368042 0.077065303921699523926 0.084508828818798065186 0.070699274539947509766 0.06404253840446472168 0.055660959333181381226 0.046239420771598815918 0.050129201263189315796 0.041940595954656600952 0.030383678153157234192 0.026592843234539031982 0.035551350563764572144 0.043620202690362930298 0.014632124453783035278 0.038051612675189971924 0.074083447456359863281 0.044756829738616943359 0.054673533886671066284 0.040565885603427886963 0.016660341992974281311 0.01756115257740020752 0.041583389043807983398 0.020097142085433006287 -0.020070632919669151306 0.021887503564357757568 0.036625117063522338867 0.032248869538307189941 0.041301444172859191895 0.025052536278963088989
0.050179757177829742432 0.0671693459153175354 0.035912852734327316284 0.048720523715019226074 0.044868458062410354614 0.032166097313165664673 0.031955126672983169556 0.040369521826505661011 0.048370681703090667725 0.05512556806206703186 0.067905396223068237305 0.067439630627632141113 0.073239140212535858154 0.067450419068336486816 0.062941871583461761475 0.05248823016881942749 0.048912405967712402344 0.048781871795654296875 0.044214162975549697876 0.035367395728826522827 0.035280346870422363281 0.026008358225226402283 0.014311247505247592926 0.044468220323324203491 0.04317024722695350647 0.028999498113989830017 0.065668307244777679443 0.085579305887222290039 0.12190718948841094971 0.089858122169971466064 0.033559847623109817505 0.044387262314558029175 0.042240802198648452759 0.014942758716642856598 0.0095583843067288398743 0.028629275038838386536 0.043571155518293380737 0.028392754495143890381 0.041028298437595367432 0.024929847568273544312
0.057205237448215484619 0.073773004114627838135 0.034120205789804458618 0.041158821433782577515 0.038700923323631286621 0.030324483290314674377 0.026912350207567214966 0.04741756245493888855 0.053206816315650939941 0.060586977750062942505 0.088593170046806335449 0.055784888565540313721 0.068928651511669158936 0.061849489808082580566 0.041788864880800247192 0.045065943151712417603 0.040973320603370666504 0.041298229247331619263 0.050477154552936553955 0.048804339021444320679 0.03611807897686958313 0.017861397936940193176 0.029702138155698776245 0.055894315242767333984 0.049463339149951934814 0.037020929157733917236 0.033336978405714035034 0.05239955708384513855 0.06416235119104385376 0.039594173431396484375 0.038246307522058486938 0.042554344981908798218 0.03785577043890953064 0.021212805062532424927 0.045635487884283065796 0.033625595271587371826 0.019625497981905937195 0.038214933127164840698 0.02563036791980266571 0.018532468006014823914
0.059681884944438934326 0.032712548971176147461 0.029174102470278739929 0.031017165631055831909 0.023317435756325721741 0.041393466293811798096 0.045194838196039199829 0.043158393353223800659 0.035096079111099243164 0.028614869341254234314 0.051096413284540176392 0.02579064294695854187 0.040706589818000793457 0.057080518454313278198 0.047291155904531478882 0.048113152384757995605 0.047382600605487823486 0.039449170231819152832 0.050088997930288314819 0.053039580583572387695 0.040454797446727752686 0.040892928838729858398 0.066624619066715240479 0.04479112476110458374 0.046068690717220306396 0.045177005231380462646 0.038417652249336242676 0.05328223109245300293 0.045799717307090759277 0.051991932094097137451 0.046737857162952423096 0.055926110595464706421 0.057151239365339279175 0.038078729063272476196 0.027732057496905326843 0.0035931617021560668945 0.027588821947574615479 0.037120923399925231934 0.01760965399444103241 0.012575102970004081726
0.044271036982536315918 0.03391369059681892395 0.031501352787017822266 0.041368216276168823242 0.028875688090920448303 0.029792407527565956116 0.031216371804475784302 0.022099263966083526611 -0.01149519067257642746 -0.01018271222710609436 0.038212902843952178955 0.016730353236198425293 0.015802025794982910156 0.025381844490766525269 0.046436142176389694214 0.057070065289735794067 0.052443463355302810669 0.044420041143894195557 0.038305424153804779053 0.051245100796222686768 0.044330429285764694214 0.049858581274747848511 0.06242065131664276123 0.046764809638261795044 0.039272241294384002686 0.051161099225282669067 0.042898591607809066772 0.051363818347454071045 0.055192418396472930908 0.054386012256145477295 0.043370161205530166626 0.055066607892513275146 0.067337721586227416992 0.044398024678230285645 0.01412173733115196228 0.026989361271262168884 0.034945845603942871094 0.01441747322678565979 0.020306900143623352051 0.021947864443063735962
0.047704923897981643677 0.046337842941284179688 0.051540404558181762695 0.058160264045000076294 0.047924693673849105835 0.032870132476091384888 0.039613533765077590942 0.016264481469988822937 0.0011451028985902667046 0.011177237145602703094 0.026471305638551712036 0.020336678251624107361 0.0061609135009348392487 0.022571425884962081909 0.036270089447498321533 0.047286577522754669189 0.043888609856367111206 0.034956891089677810669 0.036089804023504257202 0.055210843682289123535 0.037017710506916046143 0.055594943463802337646 0.058234807103872299194 0.036842908710241317749 0.05241014435887336731 0.055171079933643341064 0.053598143160343170166 0.059878487139940261841 0.055267259478569030762 0.051066141575574874878 0.053644742816686630249 0.060225162655115127563 0.055753234773874282837 0.056596253067255020142 0.028001962229609489441 0.021632386371493339539 0.027697162702679634094 0.024988623335957527161 0.029707299545407295227 0.0099786119535565376282
0.047658830881118774414 0.056698620319366455078 0.072712555527687072754 0.064661510288715362549 0.063556551933288574219 0.056881647557020187378 0.029732251539826393127 0.022736569866538047791 0.032355647534132003784 0.031024366617202758789 0.043972600251436233521 0.046308491379022598267 0.0087606711313128471375 0.029601581394672393799 0.028544740751385688782 0.037045013159513473511 0.037093665450811386108 0.02316996455192565918 0.040833398699760437012 0.062157221138477325439 0.050397913902997970581 0.062493037432432174683 0.056820429861545562744 0.045696906745433807373 0.067706294357776641846 0.050558216869831085205 0.049530696123838424683 0.055257316678762435913 0.0359346047043800354 0.045199703425168991089 0.042609531432390213013 0.037980813533067703247 0.048413161188364028931 0.046470619738101959229 0.042047906666994094849 0.026309357956051826477 0.027078479528427124023 0.028546171262860298157 0.023566564545035362244 0.036405649036169052124
0.023370446637272834778 0.061375018209218978882 0.074049420654773712158 0.06823876500129699707 0.065028995275497436523 0.05536661297082901001 0.040857441723346710205 0.029400449246168136597 0.018171261996030807495 -0.010324121452867984772 0.050438240170478820801 0.05791965872049331665 0.013856011442840099335 0.028851980343461036682 0.030624838545918464661 0.021388445049524307251 0.031855244189500808716 0.027255782857537269592 0.028427829965949058533 0.058496642857789993286 0.064421989023685455322 0.051277447491884231567 0.041525661945343017578 0.05392436683177947998 0.04309194907546043396 0.010391541756689548492 0.036714844405651092529 0.038542807102203369141 0.036063168197870254517 0.044907610863447189331 0.032926943153142929077 0.012739775702357292175 0.024731984362006187439 0.04534748569130897522 0.028918521478772163391 0.029834939166903495789 0.025508396327495574951 0.023454761132597923279 0.033085845410823822021 0.085352860391139984131
0.037031162530183792114 0.046258181333541870117 0.05828335881233215332 0.060404904186725616455 0.06500791013240814209 0.057373389601707458496 0.051199000328779220581 0.031354770064353942871 -0.0082747451961040496826 0.0060430318117141723633 0.05119062960147857666 0.04693515971302986145 0.022377304732799530029 0.028672972694039344788 0.044599343091249465942 0.025825144723057746887 -0.014543168246746063232 0.00846537761390209198 0.037872593849897384644 0.049854677170515060425 0.036739490926265716553 0.036263994872570037842 0.055055174976587295532 0.063572838902473449707 0.05080446973443031311 0.052796006202697753906 0.05016630515456199646 0.044336490333080291748 0.041387114673852920532 0.04211704060435295105 0.033229503780603408813 0.028661187738180160522 0.02261728234589099884 0.037007376551628112793 0.030575247481465339661 0.038045953959226608276 0.03523211553692817688 0.022798769176006317139 0.046093929558992385864 0.070373177528381347656
0.05199769139289855957 0.049739122390747070313 0.033413462340831756592 0.041242301464080810547 0.062491949647665023804 0.057303395122289657593 0.03976267203688621521 0.025239188224077224731 -0.022935032844543457031 0.026567777618765830994 0.063807196915149688721 0.053042531013488769531 0.046305935829877853394 0.036237731575965881348 0.034722518175840377808 0.017977522686123847961 -0.0020455259364098310471 0.011499131098389625549 0.030543524771928787231 0.044682238250970840454 0.035964049398899078369 0.055135600268840789795 0.045084509998559951782 0.048170804977416992188 0.041548121720552444458 0.024397550150752067566 0.051147609949111938477 0.051875576376914978027 0.055688984692096710205 0.055118568241596221924 0.046603254973888397217 0.040727782994508743286 0.044021490961313247681 0.040876697748899459839 0.044169168919324874878 0.053231857717037200928 0.036468636244535446167 0.026818413287401199341 0.041438378393650054932 0.046307321637868881226
0.059934359043836593628 0.050123654305934906006 0.028551340103149414063 0.049743648618459701538 0.053070127964019775391 0.033400479704141616821 0.040392581373453140259 0.02809649147093296051 0.013200277462601661682 0.051734074950218200684 0.067486837506294250488 0.05149718746542930603 0.036344554275274276733 0.03597364574670791626 0.031862605363130569458 0.019696708768606185913 0.0091682057827711105347 0.0071307388134300708771 0.0069174380041658878326 0.05089127272367477417 0.0503407306969165802 0.047652486711740493774 0.035008389502763748169 0.045498702675104141235 0.05351093783974647522 0.044471334666013717651 0.044187366962432861328 0.05411453545093536377 0.062232673168182373047 0.059677500277757644653 0.042122375220060348511 0.039295151829719543457 0.028460400179028511047 0.021520437672734260559 0.034843105822801589966 0.03435438498854637146 0.025237374007701873779 0.0219994373619556427 0.024604316800832748413 0.0245732087641954422
