INPUT/RASTER/ASCII/dndwi.asc
ncols        225
nrows        269
xllcorner    473009.983799999987
yllcorner    4429051.174800000153
cellsize     50.000000000000
NODATA_value -9999
[rows 102 to 118 of 269, columns 156 to 194 of 225]
-0.0069725122302770614624 -0.020101863890886306763 -0.016146890819072723389 -0.0001785675704013556242 -0.0048786508850753307343 -0.0075743361376225948334 -0.010414943099021911621 -0.03848628699779510498 -0.040507096797227859497 -0.035824187099933624268 -0.014468018896877765656 -0.018417950719594955444 -0.018126383423805236816 -0.028904598206281661987 -0.029927605763077735901 -0.018367305397987365723 -0.015998441725969314575 -0.01120271533727645874 -0.013309230096638202667 -0.017731679603457450867 -0.018906863406300544739 -0.015896528959274291992 -0.01738460734486579895 -0.018357016146183013916 -0.013016195036470890045 -0.015260913409292697906 -0.015913678333163261414 -0.01004464365541934967 -0.010012168437242507935 -0.013584459200501441956 -0.0045405961573123931885 0.020252106711268424988 0.0043208668939769268036 -0.0053546042181551456451 -0.0052078212611377239227 -0.015576414763927459717 -0.019233874976634979248 -0.0052346293814480304718 0.0098810102790594100952
-0.010834660381078720093 -0.013501804322004318237 -0.01463712938129901886 -0.01254483591765165329 -0.0086330780759453773499 -0.0079577844589948654175 -0.018312286585569381714 -0.04822859540581703186 -0.033282041549682617188 -0.028295790776610374451 -0.027059044688940048218 -0.018047302961349487305 -0.027001142501831054688 -0.031111117452383041382 -0.027891784906387329102 -0.016286592930555343628 -0.015909109264612197876 -0.020852079614996910095 -0.015655588358640670776 -0.015297525562345981598 -0.023744247853755950928 -0.024304624646902084351 -0.023386083543300628662 -0.019035506993532180786 -0.017812097445130348206 -0.016935197636485099792 -0.014629857614636421204 -0.011758087202906608582 -0.0087733212858438491821 -0.014339704066514968872 -0.024217190220952033997 -0.0052467444911599159241 -0.0086547359824180603027 -0.019379885867238044739 -0.026487339287996292114 -0.021446883678436279297 -0.020363934338092803955 -0.018468456342816352844 0.0033651136327534914017
-0.0069763078354299068451 -0.0066707204096019268036 -0.011305443011224269867 -0.012785144150257110596 -0.014840811491012573242 -0.02426762506365776062 -0.030695851892232894897 -0.032290149480104446411 -0.020275179296731948853 -0.020585315302014350891 -0.028724042698740959167 -0.024558993056416511536 -0.029457475990056991577 -0.018359756097197532654 -0.01639494672417640686 -0.010414188727736473083 -0.017196625471115112305 -0.022334931418299674988 -0.015308368951082229614 -0.019615745171904563904 -0.020978175103664398193 -0.015818340703845024109 -0.010463133454322814941 0.01232074294239282608 0.0094391247257590293884 -0.0088224578648805618286 -0.00021214272419456392527 -0.012328894808888435364 -0.022812463343143463135 -0.018369244411587715149 -0.013564096763730049133 -0.01262262929230928421 -0.0055278809741139411926 -0.013625656254589557648 -0.01134019903838634491 -0.0070371525362133979797 -0.0031407901551574468613 0.0028435287531465291977 0.0093646012246608734131
-0.0056207897141575813293 -0.0035876955371350049973 -0.017687838524580001831 -0.015985241159796714783 -0.021767137572169303894 -0.029750244691967964172 -0.027687856927514076233 -0.023506566882133483887 -0.0076493527740240097046 -0.0050620464608073234558 -0.010320714674890041351 -0.01852195151150226593 -0.0088188033550977706909 -0.013353866524994373322 -0.010075567290186882019 -0.0089977933093905448914 -0.0089582996442914009094 -0.018612343817949295044 -0.015729548409581184387 -0.022133143618702888489 -0.017684729769825935364 -0.0042749191634356975555 0.016432594507932662964 0.036073300987482070923 0.014580938033759593964 -0.0033240937627851963043 0.0051133418455719947815 -0.017455868422985076904 -0.034132372587919235229 -0.024701789021492004395 -0.0049048848450183868408 -0.0022981802467256784439 -0.0028340658172965049744 -0.0086697107180953025818 -0.0080580785870552062988 -0.014482839964330196381 -0.0094756996259093284607 0.00085802754620090126991 -0.011167858727276325226
-0.0096315760165452957153 0.0024358823429793119431 -0.0074698459357023239136 -0.0089003760367631912231 -0.0032214953098446130753 -0.014173615723848342896 -0.01976733282208442688 -0.016019592061638832092 0.0059029557742178440094 -0.008308564312756061554 -0.021092716604471206665 -0.010141563601791858673 -0.0066576083190739154816 -0.0097387628629803657532 -0.014705649577081203461 -0.011221327818930149078 -0.011867627501487731934 -0.014318273402750492096 -0.01564465649425983429 -0.014444849453866481781 -0.020384922623634338379 -0.0066999709233641624451 0.040298007428646087646 0.01164906378835439682 -0.0049009588547050952911 -0.0076904450543224811554 -0.0024106961209326982498 -0.011252016760408878326 -0.010064812377095222473 -0.0080640800297260284424 -0.011551999486982822418 -0.0082730855792760848999 -0.0027632664423435926437 -0.0079183317720890045166 -0.0074631958268582820892 0.019183907657861709595 0.0080362847074866294861 0.00056359980953857302666 -0.014238933101296424866
-0.022186160087585449219 -0.0090159215033054351807 -0.0035540962126106023788 -0.0062122680246829986572 -0.0085745109245181083679 -0.012991406954824924469 -0.016286054626107215881 -0.017663283273577690125 -0.010123413987457752228 -0.015770455822348594666 -0.015281157568097114563 -0.019123790785670280457 -0.0098323123529553413391 -0.0082929916679859161377 -0.010545091703534126282 -0.012038649991154670715 -0.016139494255185127258 -0.016673577949404716492 -0.01661545969545841217 -0.01786130852997303009 -0.019579276442527770996 0.0040617673657834529877 0.046930756419897079468 0.031240222975611686707 -0.014402047730982303619 -0.014429822564125061035 -0.0091492170467972755432 -0.011227524839341640472 -0.00098091119434684514999 -0.0097645418718457221985 -0.016409536823630332947 -0.014426728710532188416 -0.0038813510909676551819 -0.004520059097558259964 -0.0076597565785050392151 -0.0046954248100519180298 0.0036495928652584552765 -0.003161664353683590889 -0.0084409750998020172119
-0.047387540340423583984 -0.021836176514625549316 0.00057417131029069423676 -0.0047541959211230278015 -0.014062538743019104004 -0.01829974539577960968 -0.016562078148126602173 -0.020808815956115722656 -0.019431946799159049988 -0.016995713114738464355 -0.017251627519726753235 -0.016243048012256622314 -0.01089666411280632019 -0.014386206865310668945 -0.013459674082696437836 -0.013511769473552703857 -0.013198235072195529938 -0.015809400007128715515 -0.012063742615282535553 -0.013074675574898719788 -0.0097198393195867538452 0.023926366120576858521 0.025621106848120689392 0.047771796584129333496 -0.00053318316349759697914 0.0023440145887434482574 -0.00053194240899756550789 -0.0022322135046124458313 0.0010096830083057284355 -0.0043230359442532062531 -0.011167463846504688263 -0.012931147590279579163 -0.010211504064500331879 -0.0032101310789585113525 -0.0083595784381031990051 -0.0042849383316934108734 -0.0019034334691241383553 0.0021419187542051076889 0.0021611612755805253983
-0.026794269680976867676 -0.02433358319103717804 -0.0069065932184457778931 0.00083517807070165872574 -0.0072466628625988960266 -0.020870745182037353516 -0.019618738442659378052 -0.019298925995826721191 -0.020299037918448448181 -0.020687965676188468933 -0.015484472736716270447 -0.015833627432584762573 -0.013345276936888694763 -0.016730304807424545288 -0.018070681020617485046 -0.009586248546838760376 -0.014736931771039962769 -0.014576490037143230438 -0.0097224013879895210266 -0.011420156806707382202 -0.0045432639308273792267 0.031101567670702934265 0.010528353974223136902 0.025952734053134918213 0.0065960655920207500458 0.0079841958358883857727 -0.0029225328471511602402 -0.0085157230496406555176 -0.0033191211987286806107 -0.0072683496400713920593 -0.010538571514189243317 -0.0043603843078017234802 0.0059630027972161769867 0.010767165571451187134 -0.010094610042870044708 -0.0052374205552041530609 -0.0079013556241989135742 -0.010620356537401676178 -0.0072536324150860309601
0.0044129951857030391693 0.0067987055517733097076 -0.0012913011014461517334 0.0021321468520909547806 -0.0078576812520623207092 -0.012623244896531105042 -0.013181474991142749786 -0.021587673574686050415 -0.0086628012359142303467 -0.018467672169208526611 -0.013986040838062763214 -0.014095913618803024292 -0.0069900848902761936188 -0.011828389950096607208 -0.017493799328804016113 -0.01574280858039855957 -0.019496388733386993408 -0.017415992915630340576 -0.01463990379124879837 -0.0085833342745900154114 -0.0049807992763817310333 6.583130743820220232e-05 0.021827757358551025391 0.02878588065505027771 0.010052501223981380463 -0.006768874824047088623 -0.0075911320745944976807 -0.0002397625212324783206 0.0062346304766833782196 -0.0067292847670614719391 -0.015015188604593276978 -0.013454970903694629669 -0.00527297239750623703 0.011599532328546047211 -0.0083449678495526313782 -0.0077711315825581550598 0.0017692201072350144386 -0.00096035934984683990479 -0.00019625561253633350134
0.021645853295922279358 0.023616315796971321106 0.0026115179061889648438 -0.0013384521007537841797 -0.0019939411431550979614 -0.0071453885175287723541 -0.0083689372986555099487 -0.014619903638958930969 -0.020313641056418418884 -0.020466009154915809631 -0.016373330727219581604 -0.013534964993596076965 -0.0067419749684631824493 -0.0094158034771680831909 -0.018907621502876281738 -0.010808941908180713654 -0.015902271494269371033 -0.011210057884454727173 -0.011793178506195545197 -0.0086831925436854362488 -0.0090252412483096122742 -0.007707777898758649826 -0.0017335407901555299759 0.0091315368190407752991 0.024823362007737159729 -0.0032907957211136817932 -0.0030465857125818729401 0.021395230665802955627 0.019695932045578956604 0.0034345064777880907059 -0.016240604221820831299 -0.014526364393532276154 -0.0055768685415387153625 0.0025813083630055189133 0.0016473606228828430176 -0.0065425946377217769623 0.00093939370708540081978 -0.011527478694915771484 -0.010475306771695613861
0.012299057096242904663 0.01908594183623790741 0.0015232779551297426224 0.0048072249628603458405 -0.0011744394432753324509 -0.0092894872650504112244 -0.0075396411120891571045 -0.0028196834027767181396 -0.02906067483127117157 -0.016033448278903961182 -0.016045380383729934692 -0.015226435847580432892 -0.0078474124893546104431 -0.011498467065393924713 -0.018143162131309509277 -0.0056554055772721767426 -0.013996495865285396576 -0.0080559132620692253113 -0.0095222182571887969971 -0.0060009839944541454315 -0.0062795188277959823608 -0.0043282196857035160065 -0.0013076127506792545319 -0.00071999436477199196815 -0.002825731644406914711 -0.0018347302684560418129 -0.010413347743451595306 -0.0037977518513798713684 0.0083547588437795639038 0.018535787239670753479 -0.0030963302124291658401 -0.015474651940166950226 -0.0056520286016166210175 -0.001281520351767539978 -0.0021245547104626893997 -0.0028527867980301380157 -0.0018277093768119812012 -0.012155115604400634766 -0.015138314105570316315
0.0047591845504939556122 0.014470092952251434326 0.008832477964460849762 0.011805725283920764923 -0.0022176995407789945602 -0.001054567284882068634 0.023646581918001174927 0.024150723591446876526 -0.031058030202984809875 -0.018759541213512420654 -0.016572987660765647888 -0.015158012509346008301 -0.016268488019704818726 -0.017801990732550621033 -0.021772155538201332092 -0.018662879243493080139 -0.02444317936897277832 -0.013540106825530529022 -0.014975711703300476074 -0.0031704497523605823517 -0.0010215232614427804947 -0.004204914439469575882 -0.0071374331600964069366 -0.014898222871124744415 -0.013376492075622081757 -0.0073517379350960254669 -0.015331825241446495056 -0.015207821503281593323 -0.0025681853294372558594 0.0077519272454082965851 0.02245692722499370575 -0.010195527225732803345 -0.008240462280809879303 -0.0097523815929889678955 -0.0031271905172616243362 -0.0056021152995526790619 0.022745823487639427185 0.022877078503370285034 0.0042044953443109989166
0.0032934080809354782104 0.0016328826313838362694 0.020336981862783432007 0.010082646273076534271 -0.00089906400535255670547 0.0016330794896930456161 0.014308061450719833374 0.00049866607878357172012 -0.023004699498414993286 -0.021588187664747238159 -0.0067307758145034313202 -0.0072069815360009670258 -0.011395021341741085052 -0.012463166378438472748 -0.015930298715829849243 -0.017618859186768531799 -0.024481613188982009888 -0.020243953913450241089 -0.012268566526472568512 -0.0087871802970767021179 -0.0060238358564674854279 -0.0060152034275233745575 -0.010496721602976322174 -0.010168395005166530609 -0.011262772604823112488 -0.0051701501943171024323 -0.0023577357642352581024 0.00018642703071236610413 0.0020268482621759176254 -0.00070718699134886264801 0.011551520787179470062 -0.003391353413462638855 -0.0078203324228525161743 -0.0067980983294546604156 -0.0036081743892282247543 -0.0041101961396634578705 0.0027202134951949119568 0.037028949707746505737 0.081558585166931152344
0.008440969511866569519 -0.00088161532767117023468 0.0079081309959292411804 0.012625135481357574463 -0.00085310504073277115822 0.017046738415956497192 0.013271011412143707275 0.013162182644009590149 -0.013870177790522575378 -0.030793469399213790894 -0.0072618010453879833221 -0.0046919323503971099854 -0.0058116950094699859619 0.0012264320394024252892 -0.0029683464672416448593 -0.012575574219226837158 -0.025601513683795928955 -0.016843110322952270508 -0.017744587734341621399 -0.017338590696454048157 -0.012341952882707118988 -0.012068090960383415222 -0.014857635833323001862 -0.016830388456583023071 -0.015195284970104694366 -0.0088556529954075813293 -0.008296404033899307251 -0.0035610976628959178925 -0.01043662242591381073 -0.0030849189497530460358 0.0030350396409630775452 -0.0063427458517253398895 -0.0045202155597507953644 -0.010006834752857685089 -0.0057592680677771568298 -0.0065742563456296920776 -0.0049838442355394363403 -0.008002434857189655304 0.00024813064374029636383
0.0037806844338774681091 0.0068550244905054569244 0.0054222550243139266968 -0.0089887650683522224426 0.0033150550443679094315 0.017739322036504745483 0.014175008051097393036 0.015789341181516647339 0.0030347651336342096329 0.0026577324606478214264 -0.0046314983628690242767 -0.0047412337735295295715 -0.0018606139346957206726 0.0047112372703850269318 -0.00063634727848693728447 -0.016596604138612747192 -0.019220950081944465637 -0.015438525937497615814 -0.010900240391492843628 -0.01195212826132774353 -0.0164030417799949646 -0.017288230359554290771 -0.013684182427823543549 -0.011774480342864990234 -0.012069024145603179932 -0.013379278592765331268 -0.0091622676700353622437 -0.014417663216590881348 -0.0147401466965675354 -0.0056266277097165584564 -0.0036853661295026540756 -0.0067739086225628852844 -0.0014369749696925282478 -0.0027502616867423057556 -0.0050532906316220760345 -0.0069932690821588039398 -0.0055589755065739154816 -0.0071480032056570053101 -0.013095611706376075745
0.0055007426999509334564 -0.0082724494859576225281 -0.0029647883493453264236 -0.0054262275807559490204 0.013285275548696517944 0.016572449356317520142 0.01907011866569519043 0.0038774532731622457504 -0.0065434640273451805115 -0.0075025712139904499054 -0.011881276965141296387 -0.0080452682450413703918 -0.00020693769329227507114 -0.0039115953259170055389 -0.00024185040092561393976 -0.0075387987308204174042 -0.0057093258947134017944 -0.0097065959125757217407 -0.015399837866425514221 -0.015390419401228427887 -0.011842147447168827057 -0.013637574389576911926 -0.012241662479937076569 -0.011534088291227817535 -0.013062103651463985443 -0.015076017007231712341 -0.0067482059821486473083 -0.011709384620189666748 -0.0091922236606478691101 -0.006333720870316028595 -0.0043889712542295455933 -0.0090658757835626602173 -0.0066010784357786178589 -0.0041563268750905990601 -0.0029701611492782831192 -0.011943814344704151154 -0.011264812201261520386 -0.013738068751990795135 -0.01913820020854473114
-0.011082888580858707428 -0.0098408870398998260498 -0.00417832937091588974 0.02698291093111038208 0.019622795283794403076 0.020359830930829048157 0.019210007041692733765 0.010908400639891624451 -0.0024530226364731788635 -0.0068450788967311382294 -0.01553206518292427063 -0.0027418658137321472168 -0.0050676334649324417114 -0.0039100185967981815338 -4.2556181142572313547e-05 0.0042505310848355293274 -0.0043490221723914146423 -0.0086148027330636978149 -0.01472812797874212265 -0.011458166874945163727 -0.0061025242321193218231 -0.0079102441668510437012 -0.012674069963395595551 -0.011533686891198158264 -0.0072793494910001754761 -0.0065867309458553791046 -0.0071106525138020515442 -0.0092721916735172271729 0.0036866771988570690155 0.0061617922037839889526 0.002089645015075802803 -0.00041881823563016951084 0.0047213011421263217926 0.0055977376177906990051 -0.0023286801297217607498 -0.014551075175404548645 -0.018138218671083450317 -0.023731514811515808105 -0.020571511238813400269
