INPUT/RASTER/ASCII/dndwi.asc
ncols        225
nrows        269
xllcorner    473009.983799999987
yllcorner    4429051.174800000153
cellsize     50.000000000000
NODATA_value -9999
[rows 170 to 186 of 269, columns 78 to 116 of 225]
-0.017346287146210670471 0.011991128325462341309 0.022070607170462608337 0.017249159514904022217 0.012150995433330535889 -0.0064878282137215137482 0.008105019107460975647 0.016468331217765808105 0.010112944059073925018 -0.0025408386718481779099 -0.004579499363899230957 -0.0063428934663534164429 -0.0046644811518490314484 -0.0052799647673964500427 0.00098321295809000730515 0.0068712271749973297119 0.012914087623357772827 0.015677034854888916016 0.0099601577967405319214 0.012651760131120681763 -0.012022492475807666779 -0.011616950854659080505 0.0058680782094597816467 0.0048581147566437721252 0.0035369852557778358459 0.0066918497905135154724 0.013174730353057384491 0.023071154952049255371 0.018646441400051116943 0.013803654350340366364 0.0068866782821714878082 0.0072700125165283679962 0.021304933354258537292 0.030647637322545051575 0.028579387813806533813 0.014124427922070026398 0.027898915112018585205 0.036101818084716796875 0.027948945760726928711
0.0014793728478252887726 0.019535923376679420471 0.022440960630774497986 0.022624770179390907288 0.011716409586369991302 0.00094395142514258623123 0.00099666509777307510376 0.0014430466108024120331 -0.001682152971625328064 -0.0032107555307447910309 0.0031711375340819358826 -0.0072712050750851631165 -0.0072639095596969127655 -0.0042458302341401576996 -0.014101624488830566406 0.0096671013161540031433 0.018946662545204162598 0.014344788156449794769 0.0081334318965673446655 0.019133713096380233765 -0.0090151736512780189514 -0.0090817986056208610535 0.016502974554896354675 0.0027014471124857664108 0.0075090238824486732483 0.0075769731774926185608 0.020882982760667800903 0.023158950731158256531 0.027873216196894645691 0.018872525542974472046 0.016978450119495391846 0.012977021746337413788 0.013839187100529670715 0.024610215798020362854 0.027092328295111656189 0.024252817034721374512 0.037315655499696731567 0.043033417314291000366 0.033351611346006393433
-0.0084773972630500793457 4.9298272642772644758e-05 0.014705053530633449554 0.015711257234215736389 0.00051235203864052891731 -0.011086253449320793152 -0.013189109042286872864 0.0044588125310838222504 0.011831546202301979065 0.0054485201835632324219 0.0055188997648656368256 0.0046622632071375846863 -0.00070931110531091690063 -0.0016934659797698259354 -0.0057471799664199352264 -0.0042206011712551116943 0.0025331140495836734772 0.00043129033292643725872 0.0082948971539735794067 0.00196816236712038517 -0.0082032773643732070923 -0.0060021379031240940094 0.011715864762663841248 0.0093630542978644371033 0.0052653145976364612579 0.014232804998755455017 0.026801355183124542236 0.031312528997659683228 0.032617703080177307129 0.02907817251980304718 0.020773107185959815979 0.017816869542002677917 0.017607906833291053772 0.030334535986185073853 0.029286283999681472778 0.019003076478838920593 0.029194815084338188171 0.028008719906210899353 0.026362260803580284119
-0.0064953193068504333496 -0.0012278963113203644753 0.023680327460169792175 0.014371410012245178223 -0.0029903722461313009262 -0.0010392164113000035286 0.0019191178726032376289 0.0086493007838726043701 0.019243985414505004883 0.013186779804527759552 0.010963613167405128479 -0.0014024669071659445763 -0.012112168595194816589 -0.0038533217739313840866 0.0016255242517217993736 0.0016665982548147439957 -0.0041932561434805393219 -0.0095459194853901863098 0.0050711603835225105286 0.0061814589425921440125 -0.013961912132799625397 -0.01167635992169380188 0.013637687079608440399 0.01594199053943157196 0.012566191144287586212 0.027905136346817016602 0.021999357268214225769 0.028248848393559455872 0.03379372134804725647 0.033066257834434509277 0.023445755243301391602 0.017923828214406967163 0.006576452404260635376 0.021124579012393951416 0.037343114614486694336 0.015111240558326244354 0.0087121604010462760925 0.0091216592118144035339 0.017795626074075698853
-0.0031710369512438774109 -0.0040310439653694629669 0.0031784719321876764297 0.014039625413715839386 0.0063907331787049770355 0.014684152789413928986 -0.0017251319950446486473 -0.0019090772839263081551 0.0079255988821387290955 -3.6615147109841927886e-05 -0.0059131961315870285034 -0.00015776898362673819065 0.00096978782676160335541 0.013909641653299331665 0.018231829628348350525 0.014373500831425189972 -0.0093265762552618980408 -0.0016403022455051541328 0.015065260231494903564 0.0037843480240553617477 -0.01036174967885017395 -0.0027598123997449874878 0.0020481701940298080444 0.013138278387486934662 0.019456742331385612488 0.02693460509181022644 0.018170464783906936646 0.019604368135333061218 0.030166303738951683044 0.034242693334817886353 0.017143310979008674622 0.013497550040483474731 -0.0014361935900524258614 0.018315661698579788208 0.036799728870391845703 0.01364984363317489624 0.0031994495075196027756 0.0048222248442471027374 0.024995157495141029358
-0.0028663261327892541885 -0.001109673292376101017 -0.0041076513007283210754 0.0038190672639757394791 -0.0018061100272461771965 -0.0041007106192409992218 -0.0018977663712576031685 -0.0026077518705278635025 -0.0088010122999548912048 0.0016179720405489206314 -0.00019766169134527444839 0.0034575960598886013031 0.0054960614070296287537 0.015548647381365299225 0.0082787536084651947021 -0.0034563622903078794479 -0.0077696684747934341431 -0.008723282255232334137 0.0092742713168263435364 0.025165783241391181946 0.0019021463813260197639 0.0058101792819797992706 0.015895424410700798035 0.018736947327852249146 0.016833873465657234192 0.021195733919739723206 0.020170146599411964417 0.023230193182826042175 0.023141779005527496338 0.022187352180480957031 0.023285502567887306213 0.029269009828567504883 0.018837394192814826965 0.02690461277961730957 0.032087896019220352173 0.0090921930968761444092 0.0074497582390904426575 0.016585813835263252258 0.026255741715431213379
-0.004828863777220249176 0.002650148468092083931 0.0029958703089505434036 0.011758475564420223236 0.0007046529790386557579 -0.0012384438887238502502 0.017944401130080223083 0.0090959016233682632446 -0.0029572264757007360458 -0.0075233085080981254578 0.0097865220159292221069 0.0023223923053592443466 -0.0023663968313485383987 0.0029103236738592386246 -0.00093301804736256599426 -0.0030462623108178377151 0.0035536782816052436829 0.017006736248731613159 0.015137420035898685455 0.007628526538610458374 0.0063158529810607433319 0.0045786267146468162537 0.017256287857890129089 0.017979089170694351196 0.013264263980090618134 0.0083356723189353942871 0.018530819565057754517 0.021313201636075973511 0.022879937663674354553 0.012755485251545906067 0.030927138403058052063 0.028585216030478477478 0.012389207258820533752 0.029191959649324417114 0.03128752484917640686 0.015634056180715560913 0.022740580141544342041 0.023862011730670928955 0.024641958996653556824
0.0018340834649279713631 0.011594667099416255951 0.013659891672432422638 0.022849060595035552979 0.005317384377121925354 -0.0062827686779201030731 0.019718285650014877319 0.0073310770094394683838 0.0063665863126516342163 -0.001551194116473197937 0.019493769854307174683 0.0064917090348899364471 0.0027138183359056711197 0.0051071490161120891571 -0.0017207413911819458008 -0.0022918242029845714569 0.012943836860358715057 0.024486627429723739624 0.012625064700841903687 0.0056903646327555179596 0.00033309325226582586765 0.0041751358658075332642 0.01154856756329536438 0.0048496592789888381958 0.0024607207160443067551 0.0055995383299887180328 0.018905507400631904602 0.02328306250274181366 0.019298685714602470398 0.017952069640159606934 0.029044603928923606873 0.040863011032342910767 0.023838682100176811218 0.016182266175746917725 0.0099227391183376312256 0.013383659534156322479 0.022656064480543136597 0.022166306152939796448 0.02080020122230052948
0.011652437970042228699 0.01587085425853729248 0.012319657020270824432 0.013361363671720027924 0.0070985364727675914764 -0.0049871238879859447479 0.010558686219155788422 0.0076631349511444568634 0.0047089471481740474701 -0.0079241115599870681763 0.0058778822422027587891 0.0050599128007888793945 0.0018042650772258639336 0.0040351129136979579926 0.0021713571622967720032 -0.0051267240196466445923 0.011314237490296363831 0.013055793941020965576 0.0084634572267532348633 0.00020343098731245845556 -0.0040533067658543586731 0.0028343151789158582687 0.0044510387815535068512 0.0079134833067655563354 0.0065116616897284984589 0.0053227762691676616669 0.018563961610198020935 0.021911958232522010803 0.034952577203512191772 0.054852705448865890503 0.043817184865474700928 0.055897943675518035889 0.035049915313720703125 0.027435045689344406128 0.020472101867198944092 0.023320950567722320557 0.02253300882875919342 0.021710755303502082825 0.02911832369863986969
0.0074023427441716194153 0.0083073228597640991211 -0.0056290854699909687042 0.0088542308658361434937 0.019606491550803184509 0.00059030298143625259399 0.019931880757212638855 0.016224401071667671204 -0.0021498976275324821472 -0.012181261554360389709 -0.006664038635790348053 -0.00076973740942776203156 -0.00012869393685832619667 0.0064707300625741481781 0.010297691449522972107 -0.0028105785604566335678 -0.00046613850281573832035 0.00020442607637960463762 -0.0042612478137016296387 0.0019979625940322875977 0.002183480188250541687 -0.0034497932065278291702 0.0061166374944150447845 0.011298241093754768372 0.0051203579641878604889 0.0092228120192885398865 0.015147092752158641815 0.019057977944612503052 0.047381013631820678711 0.061468508094549179077 0.04940439760684967041 0.05459966510534286499 0.051247905939817428589 0.045635562390089035034 0.022990414872765541077 0.027521103620529174805 0.027719100937247276306 0.026092041283845901489 0.036829039454460144043
0.0016366045456379652023 0.013773727230727672577 0.0087079321965575218201 0.021580191329121589661 0.018726557493209838867 0.0031895481515675783157 0.017559807747602462769 0.015013031661510467529 0.007657885085791349411 0.0011951386695727705956 -0.0051936586387455463409 -0.0029291550163179636002 0.00108093267772346735 0.014802422374486923218 0.017472337931394577026 -0.0055107343941926956177 -0.0076042362488806247711 -0.0033650775440037250519 -0.0057748621329665184021 -0.003854815848171710968 -0.0066025489941239356995 0.005520290229469537735 0.0084209153428673744202 0.012147122994065284729 0.010929833166301250458 0.024870505556464195251 0.018703170120716094971 0.020003074780106544495 0.041127201169729232788 0.051028415560722351074 0.060143440961837768555 0.058463990688323974609 0.050404816865921020508 0.041273169219493865967 0.024963680654764175415 0.027816697955131530762 0.032530974596738815308 0.025050882250070571899 0.034571953117847442627
0.020120391622185707092 0.024912962689995765686 0.010782035999000072479 0.028262587264180183411 0.018769295886158943176 4.1077477362705394626e-05 0.018529003486037254333 0.013847287744283676147 0.0055199107155203819275 0.0072394502349197864532 -0.0046314564533531665802 -0.0096326619386672973633 0.0017992858774960041046 0.023052208125591278076 0.0065928245894610881805 -0.013586333952844142914 -0.0034367735497653484344 0.006988503970205783844 0.0073223612271249294281 0.0063061467371881008148 0.001325605553574860096 0.019942143931984901428 0.022247793152928352356 0.014909993857145309448 0.014032750390470027924 0.017461339011788368225 0.018595680594444274902 0.023715553805232048035 0.035439785569906234741 0.046179354190826416016 0.049311138689517974854 0.050442669540643692017 0.035732615739107131958 0.036148793995380401611 0.021750925108790397644 0.02643184177577495575 0.02968021295964717865 0.017584733664989471436 0.015684980899095535278
0.031525194644927978516 0.036679469048976898193 0.022484043613076210022 0.021692326292395591736 0.018085068091750144958 -0.0058209970593452453613 0.012905648909509181976 0.027810774743556976318 0.017432622611522674561 0.011841492727398872375 -0.0013269858900457620621 -0.0041642608121037483215 0.0063137947581708431244 0.012343352660536766052 -0.0098598767071962356567 -0.016988612711429595947 -0.0026039984077215194702 0.0050992006435990333557 0.018215347081422805786 0.012358637526631355286 0.0004341474559623748064 0.016148980706930160522 0.018066139891743659973 0.014299492351710796356 0.0091257682070136070251 -0.0057491469196975231171 0.010987988673150539398 0.039508480578660964966 0.033124763518571853638 0.033646151423454284668 0.042226154357194900513 0.040117900818586349487 0.020441686734557151794 0.023721963167190551758 0.020820595324039459229 0.026192570105195045471 0.033633645623922348022 0.018524110317230224609 0.026902293786406517029
0.017695609480142593384 0.01425757724791765213 0.019359748810529708862 0.030505081638693809509 0.032465379685163497925 -0.0031930916011333465576 0.0015664275269955396652 0.018521286547183990479 0.013550333678722381592 0.0096268393099308013916 0.0098419515416026115417 0.0037880295421928167343 0.0085126496851444244385 0.0040474939160048961639 0.012406053021550178528 -0.0022812320385128259659 0.0068695461377501487732 0.012013685889542102814 0.025946747511625289917 0.017139716073870658875 0.0019479909678921103477 0.017825810238718986511 0.0052419076673686504364 0.0057985307648777961731 0.0066377026960253715515 -0.0030811463948339223862 0.006837000139057636261 0.037935253232717514038 0.035931348800659179688 0.030454941093921661377 0.015388346277177333832 0.017406130209565162659 0.011000245809555053711 0.0031594913452863693237 0.011336137540638446808 0.020967213436961174011 0.021360998973250389099 0.025283815339207649231 0.026522761210799217224
0.015421839430928230286 0.0080856140702962875366 0.016347154974937438965 0.028868133202195167542 0.036925680935382843018 0.0026249526999890804291 0.0014728823443874716759 0.0077644763514399528503 0.0058637103065848350525 0.00051855336641892790794 0.00077283196151256561279 -0.0074358554556965827942 -0.0055207549594342708588 0.014313433319330215454 0.014324137009680271149 -0.00085950194625183939934 -0.0065432875417172908783 -0.0035166523884981870651 0.015383549034595489502 0.025527782738208770752 0.013416354544460773468 0.0081474743783473968506 0.01210102718323469162 0.01064221654087305069 0.0064882067963480949402 0.00085006782319396734238 -0.0026274642441421747208 0.013715749606490135193 0.024144947528839111328 0.029723357409238815308 0.0074104201048612594604 0.0029695134144276380539 -0.00028204708360135555267 0.0088080689311027526855 0.016401175409555435181 0.0030623266939073801041 0.00024129432858899235725 0.024438485503196716309 0.028853133320808410645
0.012695287354290485382 0.0097101517021656036377 0.011492471210658550262 0.023797072470188140869 0.015392803587019443512 -0.0066012716852128505707 -0.005323063582181930542 0.0017714109271764755249 0.0027906654868274927139 0.0044281552545726299286 -0.0037046312354505062103 -0.0180873870849609375 0.017949093133211135864 0.013708119280636310577 0.0025701036211103200912 -0.0038198861293494701385 -0.012696768157184123993 0.00072238908614963293076 0.0042762234807014465332 0.017504198476672172546 0.017956199124455451965 0.0076642534695565700531 0.015693025663495063782 0.013390922918915748596 0.013452477753162384033 0.0097718099132180213928 -0.0035575870424509048462 -0.0048857680521905422211 -0.0033107015769928693771 0.010926584713160991669 0.0038859001360833644867 -0.0078602954745292663574 -0.017197553068399429321 0.0040326388552784919739 0.015215386636555194855 0.018869102001190185547 0.0091501474380493164063 0.01022019609808921814 0.021870432421565055847
0.0098154069855809211731 0.0091805374249815940857 0.0041361171752214431763 -0.0075926268473267555237 -0.031621813774108886719 -0.0060629895888268947601 -0.0025539682246744632721 0.00077830778900533914566 0.0025660498067736625671 0.0035214661620557308197 -0.0026317629963159561157 0.0040591210126876831055 0.014514730311930179596 0.0065978537313640117645 0.0018927939236164093018 -5.8059304137714207172e-05 0.0026960244867950677872 0.015743849799036979675 0.0062850574031472206116 0.0082130013033747673035 0.025806210935115814209 0.010345347225666046143 0.013269413262605667114 0.018953073769807815552 0.013368276879191398621 0.021131737157702445984 0.0065129511058330535889 -0.0036631897091865539551 0.0056404164060950279236 0.018754910677671432495 -1.0581552487565204501e-05 0.004623263143002986908 -4.2164112528553232551e-05 0.0079185022041201591492 0.0023615013342350721359 0.0099346134811639785767 0.0077535412274301052094 0.0086932890117168426514 0.020979410037398338318
