INPUT/RASTER/ASCII/dndwi.asc
ncols        225
nrows        269
xllcorner    473009.983799999987
yllcorner    4429051.174800000153
cellsize     50.000000000000
NODATA_value -9999
[rows 187 to 203 of 269, columns 156 to 194 of 225]
0.014702168293297290802 0.011694233864545822144 0.00082663737703114748001 0.0057834601029753684998 0.012525263242423534393 -0.0012629335978999733925 0.0037757095415145158768 0.019060088321566581726 0.012923061847686767578 0.016418175771832466125 0.010572625324130058289 0.0092084817588329315186 0.0042245369404554367065 0.001474346499890089035 -0.0014900922542437911034 0.011856081895530223846 0.019162900745868682861 0.011580228805541992188 0.015068649314343929291 0.0044383010827004909515 0.001420594286173582077 0.036479070782661437988 0.04283107072114944458 0.028357708826661109924 0.028378508985042572021 0.0561979636549949646 0.025478027760982513428 0.024350602179765701294 0.021942785009741783142 0.012222283519804477692 0.010884067043662071228 0.021957838907837867737 0.019706903025507926941 0.0092244436964392662048 0.01131676696240901947 0.0037118280306458473206 0.0066208904609084129333 0.0031999305356293916702 -0.0040102209895849227905
0.01079568173736333847 0.0019114464521408081055 0.002020969754084944725 0.0087659843266010284424 0.011561549268662929535 0.0003415172977838665247 0.011714631691575050354 0.020928239449858665466 0.012475611642003059387 0.01305846869945526123 0.0098817711696028709412 0.0047043864615261554718 0.0038551990874111652374 0.0036831288598477840424 0.00017550463962834328413 0.0051030269823968410492 0.015170148573815822601 0.013834264129400253296 0.0099667599424719810486 0.0090412478893995285034 0.0093542775139212608337 0.016036557033658027649 0.084026098251342773438 0.08867168426513671875 0.085892498493194580078 0.077578537166118621826 0.012533817440271377563 0.015062763355672359467 0.017574377357959747314 0.0078285466879606246948 0.013743130490183830261 0.011856175027787685394 0.0098088504746556282043 0.008419233374297618866 0.0071606049314141273499 -0.00087429612176492810249 0.0007026584935374557972 0.00035575416404753923416 -0.0067083216272294521332
0.011891499161720275879 0.003626842983067035675 0.0032823402434587478638 0.015680834650993347168 0.011240207590162754059 0.00018449319759383797646 0.0068169976584613323212 0.018442902714014053345 0.011721384711563587189 0.013778457418084144592 0.0013041616184636950493 0.010587325319647789001 0.0099830580875277519226 0.0046970690600574016571 0.012166096828877925873 0.0074754268862307071686 0.01774021051824092865 0.024187264963984489441 0.019952684640884399414 0.018703125417232513428 0.012879378162324428558 0.0067394524812698364258 0.012833261862397193909 0.0091532152146100997925 0.019078431650996208191 0.011274538002908229828 0.0061764749698340892792 0.0019390800734981894493 -0.0018577078590169548988 0.00015726567653473466635 0.012035246007144451141 0.0072010145522654056549 0.011630762368440628052 0.014196733944118022919 0.005384152289479970932 0.0059964065439999103546 0.001918271183967590332 -0.0035456959158182144165 -0.0061068036593496799469
0.012446464970707893372 -5.4864547564648091793e-05 0.0020703468471765518188 0.015986869111657142639 0.011599772609770298004 0.0082718254998326301575 0.0046839355491101741791 0.0092910788953304290771 0.0013724539894610643387 0.0050456360913813114166 0.0018991801189258694649 0.013742662034928798676 0.010058614425361156464 0.010031716898083686829 0.010500020347535610199 0.002276543760672211647 0.0017026945715770125389 0.011684923432767391205 0.009420893155038356781 -0.0044579682871699333191 0.0012758801458403468132 0.0046374737285077571869 0.0042539909482002258301 0.0058090933598577976227 0.0049652168527245521545 0.001847597537562251091 0.0079394467175006866455 0.0084750978276133537292 0.00092378392582759261131 0.005958903580904006958 0.0069787548854947090149 0.00909766368567943573 0.012615269050002098083 0.012551259249448776245 0.0082349507138133049011 0.0082646822556853294373 0.0054859537631273269653 -0.00037525562220253050327 -0.0058785369619727134705
0.018755469471216201782 0.0038134609349071979523 0.0014425853732973337173 0.015317233279347419739 0.0061046951450407505035 0.0048382519744336605072 0.0060411100275814533234 0.010041561909019947052 0.0065435762517154216766 0.0099340351298451423645 0.01459998544305562973 0.015262040309607982635 0.0095670204609632492065 0.011119704693555831909 0.011016207747161388397 0.006751330103725194931 0.0023980662226676940918 -0.0024073170498013496399 -0.0074501833878457546234 -0.011340000666677951813 -0.012258877977728843689 -0.0063757281750440597534 -0.0013384732883423566818 0.007449626922607421875 -0.00015189156692940741777 0.0079682087525725364685 0.00729331187903881073 0.010437864810228347778 0.00042099854908883571625 0.0041932212188839912415 0.002437457675114274025 0.0070527889765799045563 0.010105049237608909607 0.0019765011966228485107 0.0055932304821908473969 0.0062837991863489151001 0.0034271506592631340027 -0.00055161910131573677063 8.6383923189714550972e-05
0.023505438119173049927 0.0079003246501088142395 0.0045036259107291698456 0.01898424886167049408 0.01024151872843503952 0.011858734302222728729 0.019871771335601806641 0.011485663242638111115 0.0061414064839482307434 0.0036710805725306272507 0.011364714242517948151 0.012988302856683731079 0.0049811187200248241425 0.013219257816672325134 0.014057733118534088135 0.016560558229684829712 0.0066227447241544723511 0.00031399560975842177868 -0.0089720282703638076782 -0.0052935234270989894867 -0.0053474642336368560791 -0.011096794158220291138 -0.00071451981784775853157 0.0053791515529155731201 0.0069398712366819381714 0.011116659268736839294 0.0025556974578648805618 0.0056967576965689659119 0.001446731039322912693 0.005534657742828130722 0.0014786450192332267761 0.0042251301929354667664 0.0051461984403431415558 -0.0033066025935113430023 0.0015119597082957625389 0.00042888213647529482841 -0.0064077950082719326019 -0.00096391671104356646538 0.0012095385463908314705
0.023644745349884033203 0.011926805600523948669 0.009935941547155380249 0.024294381961226463318 0.027770390734076499939 0.026845876127481460571 0.02683147042989730835 0.014576612040400505066 0.0095804091542959213257 0.0070179561153054237366 0.019409021362662315369 0.017293581739068031311 0.013116685673594474792 0.0070855789817869663239 0.0028851223178207874298 0.0018471780931577086449 0.0057380171492695808411 0.014479156583547592163 0.0021299326326698064804 -0.00086767663015052676201 0.0032451420556753873825 0.0042871651239693164825 -0.0051110088825225830078 -0.0037365437019616365433 0.010118821635842323303 0.004278811626136302948 0.0054493267089128494263 0.0076816896907985210419 0.0028883239720016717911 0.0093272356316447257996 0.012337189167737960815 0.0061546973884105682373 0.001843868521973490715 -0.00063665647758170962334 -0.0040079187601804733276 -0.0011579083511605858803 -0.00050150649622082710266 0.0029319296590983867645 0.0041429954580962657928
0.02098104916512966156 0.01144292391836643219 0.0097606210038065910339 0.024201532825827598572 0.03762383386492729187 0.034562982618808746338 0.040466126054525375366 0.032696310430765151978 0.02673297002911567688 0.022735845297574996948 0.019436333328485488892 0.023334866389632225037 0.019995775073766708374 0.014123927801847457886 0.011105074547231197357 0.0010883532231673598289 0.0054373038001358509064 0.013702851720154285431 0.0036255195736885070801 0.00066111492924392223358 0.0011912168702110648155 -0.00090577616356313228607 -0.0037136813625693321228 -0.01393977925181388855 -0.0024187713861465454102 -0.0050124875269830226898 0.0067277289927005767822 0.0085346736013889312744 0.0021444216836243867874 0.0049072173424065113068 0.007555497344583272934 0.0008608980569988489151 -0.0025911494158208370209 -0.0044798734597861766815 -0.0058631282299757003784 -0.00036360239027999341488 -0.00074112869333475828171 -0.0022437558509409427643 0.002381964121013879776
0.02039327472448348999 0.0063040526583790779114 0.0065337596461176872253 0.016104819253087043762 0.028994293883442878723 0.031487740576267242432 0.045324187725782394409 0.045789495110511779785 0.039653785526752471924 0.029586786404252052307 0.010091594420373439789 0.0080181658267974853516 0.016649723052978515625 0.015525256283581256866 0.011979901231825351715 0.0054048737511038780212 0.0015535005368292331696 0.010284744203090667725 0.016141362488269805908 0.0091152042150497436523 0.006943961605429649353 0.0018848774489015340805 -0.0042397114448249340057 -0.0021737236529588699341 0.0049548638053238391876 0.0019905047956854104996 0.0042377510108053684235 0.0056833066046237945557 0.0021100104786455631256 0.002312476281076669693 0.0015879208222031593323 -0.0090036680921912193298 -0.0055333976633846759796 -0.011355485767126083374 -0.014763707295060157776 -0.0057359086349606513977 -0.0027402120176702737808 0.0010393152479082345963 0.0094474107027053833008
0.011265449225902557373 0.01532116718590259552 0.009324398823082447052 0.01168560422956943512 0.026471475139260292053 0.03279133141040802002 0.038938317447900772095 0.037102162837982177734 0.031892821192741394043 0.025338292121887207031 0.012851745821535587311 0.01048619486391544342 0.014848148450255393982 0.016026034951210021973 0.008636344224214553833 0.00026007127598859369755 -0.0022490844130516052246 0.002816841471940279007 0.013879545964300632477 0.015940982848405838013 0.0050683761946856975555 -0.0026679651346057653427 -0.0053377561271190643311 -0.0021809244062751531601 0.0031596540939062833786 0.00067034480161964893341 0.0021311962045729160309 0.0057260491885244846344 0.0055495100095868110657 0.011060065589845180511 0.0057966108433902263641 -0.0037467004731297492981 -0.008134625852108001709 -0.0080906916409730911255 -0.0044171414338052272797 -0.011160385794937610626 -0.0063985190354287624359 0.0013929165434092283249 0.0044712959788739681244
0.019844966009259223938 0.018005181103944778442 0.016883388161659240723 0.009818207472562789917 0.024307668209075927734 0.03406750410795211792 0.0290975961834192276 0.028379093855619430542 0.023634063079953193665 0.015803068876266479492 0.0098597984760999679565 0.015261842869222164154 0.024455450475215911865 0.018328260630369186401 0.011078656651079654694 0.0091321617364883422852 0.0038534065242856740952 0.00904987286776304245 0.021937852725386619568 0.016939125955104827881 0.00302158319391310215 -0.0073537258431315422058 -0.011363940313458442688 -0.0043076211586594581604 0.0059372116811573505402 0.0019174378830939531326 0.0042765554971992969513 0.0060262600891292095184 0.0077681299299001693726 0.0064184535294771194458 0.001533776172436773777 -0.00070548441726714372635 -0.0079604219645261764526 -0.0097913555800914764404 -0.0075176744721829891205 8.7411004642490297556e-05 -0.00029771652771160006523 0.0015413892688229680061 0.0040345075540244579315
0.021373780444264411926 0.026851579546928405762 0.01500699017196893692 0.0045748436823487281799 0.010065526701509952545 0.034102898091077804565 0.037979755550622940063 0.013021136634051799774 0.0059979823417961597443 0.0068894536234438419342 0.0093629024922847747803 0.018149986863136291504 0.021987807005643844604 0.020834149792790412903 0.016619333997368812561 0.011906320229172706604 0.0033774906769394874573 0.011976730078458786011 0.021729324012994766235 0.018258240073919296265 0.0024258722551167011261 0.0021036209072917699814 -0.0040249996818602085114 0.00035504074185155332088 0.025795320048928260803 0.012587144970893859863 0.0049219247885048389435 0.0051383636891841888428 0.0013896448072046041489 -0.0041143340058624744415 -0.0067485850304365158081 -0.0010864952346310019493 0.00068253179779276251793 -0.0044439272023737430573 0.002062061801552772522 0.0060187140479683876038 0.0033959599677473306656 0.0093367071822285652161 0.023018138483166694641
0.015354372560977935791 0.030962102115154266357 0.012067357078194618225 0.0046280757524073123932 0.0049584512598812580109 0.015104988589882850647 0.03555835038423538208 0.021455567330121994019 0.0098286801949143409729 0.008719204925000667572 0.0095484089106321334839 0.012205251492559909821 0.014744179323315620422 0.012334003113210201263 0.012260271236300468445 0.0066950013861060142517 0.0024247393012046813965 0.0087994365021586418152 0.023585215210914611816 0.026236955076456069946 0.011367201805114746094 0.011661582626402378082 0.014012340456247329712 0.014355626888573169708 0.022768914699554443359 0.021118793636560440063 0.0054576680995523929596 0.011624995619058609009 -0.00011470831668702885509 -0.0020679023582488298416 0.0028017980512231588364 0.0061000566929578781128 0.0056776208803057670593 -0.0025726149324327707291 0.005523301195353269577 0.0018384102731943130493 0.0077665564604103565216 0.016657562926411628723 0.016011945903301239014
0.018122982233762741089 0.026648454368114471436 0.020491207018494606018 0.028476446866989135742 0.01923921145498752594 0.015687283128499984741 0.034845788031816482544 0.024657243862748146057 0.013225083239376544952 0.011683579534292221069 0.014772094786167144775 0.021914541721343994141 0.018813505768775939941 0.011450519785284996033 0.012893784791231155396 0.0040205665864050388336 -0.00078224856406450271606 0.0047814147546887397766 0.03000119328498840332 0.032701782882213592529 0.025842279195785522461 0.025596255436539649963 0.029238332062959671021 0.021257163956761360168 0.020168961957097053528 0.011202816851437091827 0.0089235203340649604797 0.0041757738217711448669 0.0034094187431037425995 0.0042355796322226524353 0.014705356210470199585 0.066513948142528533936 0.038755685091018676758 0.0085658850148320198059 0.0099335219711065292358 0.015125028789043426514 0.017469761893153190613 0.020895052701234817505 0.019145365804433822632
0.024025326594710350037 0.028394499793648719788 0.032262936234474182129 0.035537064075469970703 0.031034791842103004456 0.012960536405444145203 0.033150881528854370117 0.024740235880017280579 0.019815942272543907166 0.024702567607164382935 0.017203258350491523743 0.017837183550000190735 0.014189315028488636017 0.017562042921781539917 0.014092938043177127838 0.0033555694390088319778 -0.004474932793527841568 0.0051356949843466281891 0.02713084779679775238 0.019091632217168807983 0.027354959398508071899 0.025477064773440361023 0.019164925441145896912 0.020800132304430007935 0.015399722382426261902 0.04284825548529624939 0.020637404173612594604 0.00033538273419253528118 -0.0046218466013669967651 0.0077048540115356445313 0.01910756528377532959 0.054856885224580764771 0.076664440333843231201 0.01930260099470615387 0.01379083096981048584 0.020677544176578521729 0.025386950001120567322 0.016378179192543029785 0.017058575525879859924
0.023336408659815788269 0.019843826070427894592 0.020758101716637611389 0.023703848943114280701 0.02716412767767906189 0.013393625617027282715 0.021727384999394416809 0.020142117515206336975 0.019463965669274330139 0.02292323671281337738 0.022387869656085968018 0.021427333354949951172 0.012569941580295562744 0.013022342696785926819 0.0096490141004323959351 0.00858486909419298172 -0.001670735655352473259 -0.0029852385632693767548 0.028144944459199905396 0.021050442010164260864 0.017691658809781074524 0.022287636995315551758 0.026862177997827529907 0.027201062068343162537 0.026200588792562484741 0.035899575799703598022 0.014190365560352802277 -0.00090408028336241841316 -0.0020819446071982383728 0.013355023227632045746 0.017499247565865516663 0.023982932791113853455 0.034900672733783721924 0.013000057078897953033 0.012427957728505134583 0.044222768396139144897 0.0651990547776222229 0.024753119796514511108 0.020586697384715080261
0.011181450448930263519 0.01798625849187374115 0.022691538557410240173 0.024566013365983963013 0.027639465406537055969 0.01798018626868724823 0.018584528937935829163 0.017200477421283721924 0.013998710550367832184 0.021443577483296394348 0.022668858990073204041 0.022141994908452033997 0.014644840732216835022 0.016167100518941879272 0.0013103995006531476974 0.01050071418285369873 -0.0042628324590623378754 -0.0020789732225239276886 0.021316004917025566101 0.013904177583754062653 0.0023959057871252298355 0.0068111126311123371124 0.011158589273691177368 0.024171121418476104736 0.027289092540740966797 0.025014562532305717468 0.0064368504099547863007 -0.0042993011884391307831 -0.0020542379934340715408 0.0045141233131289482117 -0.0081827472895383834839 -0.009528744034469127655 -0.0055379713885486125946 0.0040078493766486644745 0.0039820126257836818695 0.053164090961217880249 0.054979160428047180176 0.025986423715949058533 0.013517150655388832092
