INPUT/RASTER/ASCII/dndwi.asc
ncols        225
nrows        269
xllcorner    473009.983799999987
yllcorner    4429051.174800000153
cellsize     50.000000000000
NODATA_value -9999
[rows 51 to 67 of 269, columns 78 to 116 of 225]
-0.0022230511531233787537 -0.00072740355972200632095 -0.0042741363868117332458 -0.0088877370581030845642 -0.013199315406382083893 -0.01492442842572927475 -0.0097295651212334632874 -0.022730365395545959473 -0.025791995227336883545 -0.034238401800394058228 -0.034946437925100326538 -0.028328565880656242371 -0.019768081605434417725 -0.023456148803234100342 -0.024195732548832893372 -0.025289427489042282104 -0.028922615572810173035 -0.031607508659362792969 -0.029720531776547431946 -0.024989306926727294922 -0.024096576496958732605 -0.015782931819558143616 -0.024306913837790489197 -0.020625438541173934937 -0.0035108029842376708984 -0.005641437135636806488 -0.00081690156366676092148 0.0065795960836112499237 0.0067839547991752624512 0.0011457653017714619637 -0.011225163005292415619 -0.013856409117579460144 -0.011618874967098236084 -0.02342624962329864502 0.0070548020303249359131 0.034037359058856964111 0.0092146610841155052185 -0.010442440398037433624 0.00030424917349591851234
-0.0077509195543825626373 -0.0079814959317445755005 -0.011421107687056064606 -0.00041461639921180903912 -0.016160059720277786255 -0.026819892227649688721 -0.028770785778760910034 -0.027685645967721939087 -0.024528471753001213074 -0.020895890891551971436 -0.037786707282066345215 -0.032865170389413833618 -0.01489417441189289093 -0.019627192988991737366 -0.02095555327832698822 -0.018425801768898963928 -0.023133985698223114014 -0.028641391545534133911 -0.027360413223505020142 -0.028815576806664466858 -0.035229809582233428955 -0.0221396666020154953 -0.026561183854937553406 -0.020798806101083755493 -0.0068974196910858154297 -0.0083312299102544784546 -0.00048647384392097592354 -0.0017456308705732226372 0.005033937748521566391 0.0041994140483438968658 -0.0044781235046684741974 -0.014845729805529117584 -0.0022388920187950134277 -0.017444809898734092712 -0.011020113714039325714 0.010740954428911209106 -0.011090449057519435883 -0.020997202023863792419 -0.0036310926079750061035
-0.012985397130250930786 -0.011490038596093654633 -0.015034013427793979645 -0.01451222691684961319 -0.020195951685309410095 -0.019924478605389595032 -0.014223451726138591766 -0.023927258327603340149 -0.022949457168579101563 -0.010728970170021057129 -0.01850106753408908844 0.0029563836287707090378 0.0064890640787780284882 -0.016352813690900802612 -0.027967972680926322937 -0.028496474027633666992 -0.031434874981641769409 -0.028780667111277580261 -0.029533160850405693054 -0.02913159690797328949 -0.037491690367460250854 -0.022456156089901924133 -0.027006447315216064453 -0.023753773421049118042 -0.02134648151695728302 -0.0078646447509527206421 -0.0070107919164001941681 -0.0058927577920258045197 0.0011914422502741217613 -0.0015246594557538628578 -0.0052269357256591320038 -0.015484398230910301208 -0.011922380886971950531 -0.019049368798732757568 -0.020407641306519508362 -0.010295048356056213379 -0.0084411911666393280029 -0.012823519296944141388 0.0012504729675129055977
-0.0051679769530892372131 -0.00022743624867871403694 -0.01775332912802696228 -0.020665356889367103577 -0.021257430315017700195 -0.011072834953665733337 9.4921320851426571608e-05 -0.022600566968321800232 0.0066248341463506221771 -0.0095263887196779251099 -0.014436731114983558655 0.0040829135105013847351 0.017521554604172706604 -0.014090370386838912964 -0.029930107295513153076 -0.030955964699387550354 -0.025364222005009651184 -0.024453826248645782471 -0.025636523962020874023 -0.033151455223560333252 -0.038474898785352706909 -0.029561933130025863647 -0.013882531784474849701 -0.026262026280164718628 -0.028475238010287284851 -0.022871963679790496826 -0.022170443087816238403 -0.02499352581799030304 -0.01419627014547586441 -0.0054251793771982192993 -0.018234383314847946167 -0.027533378452062606812 -0.022725673392415046692 -0.02082404308021068573 -0.0099033685401082038879 -0.013572695665061473846 -0.012061466462910175323 -0.0074906423687934875488 -0.006965930107980966568
-0.002110286615788936615 0.0034945164807140827179 -0.0011515708174556493759 -0.010154389776289463043 -0.025652367621660232544 -0.027521993964910507202 -0.0069858427159488201141 0.0023827331606298685074 0.0028892604168504476547 -0.022347461432218551636 -0.021755015477538108826 -0.011011822149157524109 -0.0072673484683036804199 -0.010706943459808826447 -0.024646380916237831116 -0.028550794348120689392 -0.02896480262279510498 -0.024242220446467399597 -0.03428943827748298645 -0.038986578583717346191 -0.038776043802499771118 -0.036654707044363021851 -0.024100506678223609924 -0.02588449232280254364 -0.029144767671823501587 -0.026123400777578353882 -0.014575619250535964966 -0.021961808204650878906 -0.031765151768922805786 -0.018424192443490028381 -0.01651950739324092865 -0.025750529021024703979 -0.028622193261981010437 -0.025425909087061882019 -0.010340868495404720306 -0.0038999323733150959015 -0.00076321704545989632607 0.011765086092054843903 0.0079425377771258354187
-0.0023486032150685787201 -0.0011629225919023156166 -0.0033972868695855140686 -0.013128065504133701324 -0.021721037104725837708 -0.029593687504529953003 -0.024210847914218902588 -0.027802109718322753906 -0.025852872058749198914 -0.027843939140439033508 -0.023453431203961372375 -0.021831817924976348877 -0.019105400890111923218 -0.0034875685814768075943 -0.010770305059850215912 -0.024258211255073547363 -0.0274810791015625 -0.02677152678370475769 -0.037431824952363967896 -0.037615653127431869507 -0.039027187973260879517 -0.032909698784351348877 -0.010760184377431869507 -0.008060735650360584259 -0.026430416852235794067 -0.0220195818692445755 -0.018406432121992111206 -0.032886121422052383423 -0.035969421267509460449 -0.028606835752725601196 -0.024130271747708320618 -0.024222200736403465271 -0.019339310005307197571 -0.016976017504930496216 0.0034547147806733846664 0.0031177976634353399277 0.013553284108638763428 0.028622619807720184326 0.016684107482433319092
0.0047341166064143180847 -0.0038215757813304662704 -0.0090164085850119590759 -0.016302796080708503723 -0.024019127711653709412 -0.020431995391845703125 -0.014837806113064289093 -0.033053599298000335693 -0.031966496258974075317 -0.016805274412035942078 -0.0052439658902585506439 -0.011999011039733886719 -0.012018447741866111755 -0.0033957008272409439087 -0.004396143835037946701 -0.019403077661991119385 -0.01964263617992401123 -0.033352777361869812012 -0.033991686999797821045 -0.0384884662926197052 -0.040816005319356918335 -0.039207201451063156128 -0.019968476146459579468 -0.013670808635652065277 -0.021982092410326004028 -0.019984502345323562622 -0.031404986977577209473 -0.036958642303943634033 -0.03575593605637550354 -0.035237405449151992798 -0.031718958169221878052 -0.029086528345942497253 -0.0069456091150641441345 0.027481148019433021545 0.01389385666698217392 0.0024162782356142997742 0.0073058623820543289185 0.014542801305651664734 0.011395005509257316589
0.0068686176091432571411 0.0033137609716504812241 -0.010061941109597682953 -0.022743217647075653076 -0.020144363865256309509 -0.01785237528383731842 -0.019236799329519271851 -0.02155360393226146698 -0.016009295359253883362 -0.0089771011844277381897 0.00013354133989196270704 -0.0033624507486820220947 -0.02697306312620639801 -0.02169289812445640564 -0.018238795921206474304 -0.018473695963621139526 -0.017741277813911437988 -0.02836093120276927948 -0.025918189436197280884 -0.028972486034035682678 -0.029352670535445213318 -0.03672220185399055481 -0.031047465279698371887 -0.020039621740579605103 -0.0041096238419413566589 -0.011299281381070613861 -0.015831112861633300781 -0.038835730403661727905 -0.037227448076009750366 -0.040251929312944412231 -0.023783687502145767212 -0.0045639825984835624695 0.008034725673496723175 0.024392869323492050171 0.0045359800569713115692 -0.0030098725110292434692 0.004727376159280538559 0.014609974808990955353 0.00023995933588594198227
-0.0054590646177530288696 -0.0017273339908570051193 -5.0999507948290556669e-05 -0.016499722376465797424 -0.015112721361219882965 -0.024067159742116928101 -0.036575011909008026123 -0.025038918480277061462 -0.01122422143816947937 -0.0063196099363267421722 0.0083337444812059402466 0.013727607205510139465 -0.021448120474815368652 -0.017957329750061035156 -0.021162813529372215271 -0.031199287623167037964 -0.02049282565712928772 -0.020165471360087394714 -0.022118251770734786987 -0.018805254250764846802 -0.021404631435871124268 -0.031415618956089019775 -0.034701477736234664917 -0.023857591673731803894 -0.014994334429502487183 -0.020792273804545402527 -0.011491592042148113251 -0.02729674801230430603 -0.017738508060574531555 -0.019152069464325904846 0.021480889990925788879 0.012028413824737071991 0.009092546999454498291 0.013843287713825702667 0.0060163857415318489075 -0.005291265435516834259 0.014133610762655735016 0.018604332581162452698 0.010376838967204093933
-0.0098357256501913070679 0.0038940671365708112717 -0.0038377749733626842499 -0.011623959988355636597 -0.015335266478359699249 -0.040992081165313720703 -0.053533878177404403687 -0.046134777367115020752 -0.039364021271467208862 -0.0050324243493378162384 -0.011084763333201408386 -0.012305404990911483765 -0.0091401720419526100159 0.014600217342376708984 0.010222446173429489136 -0.018227200955152511597 -0.024325674399733543396 -0.022110987454652786255 -0.019620081409811973572 -0.012301811948418617249 -0.021743100136518478394 -0.029748518019914627075 -0.027508728206157684326 -0.031538311392068862915 -0.027981022372841835022 -0.019748542457818984985 -0.0077858874574303627014 -0.018237382173538208008 -0.022212918847799301147 -0.0082663269713521003723 0.015687389299273490906 0.0025247570592910051346 -0.013573716394603252411 0.011216706596314907074 0.0040437350980937480927 0.01057767961174249649 0.015032553113996982574 0.010199777781963348389 -0.0014676303835585713387
-0.022834122180938720703 -0.015675114467740058899 -0.008391707204282283783 -0.018305396661162376404 -0.045091114938259124756 -0.053226385265588760376 -0.071718163788318634033 -0.057943359017372131348 -0.027149962261319160461 -0.031339786946773529053 -0.024595223367214202881 -0.01700961776077747345 -0.00070250604767352342606 0.021695360541343688965 0.017952196300029754639 -8.7690677901264280081e-05 -0.016834093257784843445 -0.019450224936008453369 -0.016253011301159858704 -0.01799606718122959137 -0.026329401880502700806 -0.027128346264362335205 -0.02858521975576877594 -0.02629427984356880188 -0.02271107211709022522 -0.0072404546663165092468 0.0073381187394261360168 0.0020441820379346609116 -0.035959858447313308716 -0.027404014021158218384 0.00053651683265343308449 0.012021800503134727478 -0.0073897377587854862213 -0.0071334340609610080719 0.0032423192169517278671 0.0062048672698438167572 0.0076814559288322925568 -0.0041413065046072006226 -0.014844732359051704407
-0.0094798635691404342651 -0.016866572201251983643 -0.012836461886763572693 -0.038502857089042663574 -0.08551743626594543457 -0.064430646598339080811 -0.09635232388973236084 -0.059130340814590454102 -0.026763344183564186096 -0.020172340795397758484 -0.010750143788754940033 -0.0053590498864650726318 -0.0022969609126448631287 0.0012589881662279367447 0.0078947264701128005981 -0.012096918188035488129 -0.016754198819398880005 -0.027606073766946792603 -0.014513407833874225616 -0.025957148522138595581 -0.031229127198457717896 -0.029104014858603477478 -0.031717360019683837891 -0.021682612597942352295 -0.02266208454966545105 -0.013515680097043514252 0.017398068681359291077 -0.012704423628747463226 -0.023165950551629066467 -0.0005363005329854786396 0.053699273616075515747 0.041503384709358215332 0.0037494280841201543808 -0.014208566397428512573 -0.018178952857851982117 -0.011798232793807983398 -0.0088838720694184303284 -0.0076332380995154380798 -0.013793092221021652222
-0.038596458733081817627 -0.010846473276615142822 -0.031490530818700790405 -0.070031575858592987061 -0.070882439613342285156 -0.075188964605331420898 -0.063922427594661712646 -0.04045424237847328186 -0.0061984388157725334167 -0.010420097038149833679 -0.014974602498114109039 -0.024850996211171150208 0.0024654401931911706924 0.0053593991324305534363 0.011305115185678005219 -0.0037077781744301319122 -0.01675453968346118927 -0.024152372032403945923 -0.035573035478591918945 -0.034940917044878005981 -0.033578500151634216309 -0.030304564163088798523 -0.023542104288935661316 -0.025366442278027534485 -0.028339317068457603455 -0.016908891499042510986 -0.0037623452953994274139 -0.019677374511957168579 -0.012479051947593688965 -0.0095644332468509674072 -0.00050371425459161400795 0.05356745794415473938 0.061576049774885177612 0.00049863220192492008209 -0.013224557973444461823 -0.0078809307888150215149 -0.023358317092061042786 -0.015129980631172657013 -0.017628004774451255798
-0.042159505188465118408 -0.025917166844010353088 -0.042930562049150466919 -0.049277275800704956055 -0.059258773922920227051 -0.028187952935695648193 -0.051680944859981536865 -0.022114504128694534302 0.010368070565164089203 0.0018115784041583538055 -0.0020793811418116092682 -0.020205806940793991089 -0.0066566723398864269257 0.0044754082337021827698 0.0067804115824401378632 0.0060062436386942863464 -0.0061692711897194385529 -0.013182235881686210632 -0.021247880533337593079 -0.026340749114751815796 -0.022187283262610435486 -0.027236539870500564575 -0.026406524702906608582 -0.02405010908842086792 -0.025497782975435256958 -0.024884069338440895081 -0.010546905919909477234 -0.018736874684691429138 -0.018335044384002685547 -0.028263434767723083496 -0.026030249893665313721 0.0062816771678626537323 0.023474359884858131409 -0.0054491423070430755615 -0.012253753840923309326 -0.0091091329231858253479 -0.019854390993714332581 -0.017734950408339500427 -0.012854306027293205261
-0.024115664884448051453 -0.026202799752354621887 -0.016894312575459480286 -0.021613895893096923828 -0.038861677050590515137 -0.032743953168392181396 -0.020109126344323158264 -0.017349647358059883118 -0.01250494830310344696 0.00086114410078153014183 -0.0042641675099730491638 -0.0095156813040375709534 -0.0067467819899320602417 0.01189638674259185791 0.0052873180247843265533 -0.0028738081455230712891 -0.011526032350957393646 -0.017578959465026855469 -0.0033533312380313873291 -0.0063714976422488689423 -0.003012330271303653717 0.003221588674932718277 -0.0014915821375325322151 -0.0077332281507551670074 -0.012012383900582790375 -0.012656409293413162231 -0.011456395499408245087 -0.015587653033435344696 -0.0085507687181234359741 -0.026620272547006607056 -0.028362601995468139648 -0.026729166507720947266 -0.031861469149589538574 -0.016130195930600166321 -0.016844755038619041443 -0.020456349477171897888 -0.02720770612359046936 -0.027588281780481338501 0.0049605253152549266815
-0.021869072690606117249 -0.024467492476105690002 -0.010051953606307506561 -0.031093532219529151917 -0.039429057389497756958 -0.033312886953353881836 -0.016551746055483818054 -0.020439295098185539246 -0.022457253187894821167 -0.0079363174736499786377 -0.01088219229131937027 -0.0097496584057807922363 0.0056632445193827152252 0.0051553715020418167114 0.0055975476279854774475 -0.011570986360311508179 -0.011117464862763881683 -0.018637141212821006775 -0.023662783205509185791 -0.0020043773110955953598 0.01377688627690076828 0.027537573128938674927 0.0054271128028631210327 -0.020019104704260826111 -0.0037061453331261873245 -0.004189728759229183197 -0.0086436904966831207275 -0.0070939087308943271637 -0.01805124431848526001 -0.0194474048912525177 -0.021593822166323661804 -0.023870412260293960571 -0.015761449933052062988 -0.01294225640594959259 -0.01643729768693447113 -0.017327781766653060913 -0.01258855871856212616 -0.015617892146110534668 0.00016623070405330508947
-0.027092320844531059265 -0.028733711689710617065 -0.035159882158041000366 -0.044477440416812896729 -0.025533974170684814453 -0.006506444886326789856 -0.018714159727096557617 -0.011846840381622314453 -0.028608443215489387512 -0.030746085569262504578 -0.02078616805374622345 -0.0044969450682401657104 0.003069036407396197319 -0.010493153706192970276 -0.025340721011161804199 -0.013493152335286140442 -0.003698849119246006012 0.0065146679989993572235 -0.006635685451328754425 0.0034738413523882627487 0.013935092836618423462 0.020242361351847648621 -0.0030897716060280799866 -0.021287150681018829346 -0.00098604988306760787964 0.0037358195986598730087 -0.012678158469498157501 -0.012437934987246990204 -0.013172684237360954285 -0.004617410711944103241 -0.01598613150417804718 -0.017197092995047569275 -0.0033416000660508871078 -0.0010841458570212125778 -0.0022476010490208864212 -0.015497290529310703278 -0.027312425896525382996 -0.027568181976675987244 -0.019778599962592124939
