INPUT/RASTER/ASCII/elevation.asc
ncols        225
nrows        269
xllcorner    473009.983799999987
yllcorner    4429051.174800000153
cellsize     50.000000000000
NODATA_value  -9999
[rows 180 to 199 of 269, columns 180 to 224 of 225]
205.7707672119140625 207.289703369140625 208.624755859375 209.817291259765625 210.4911041259765625 211.4293975830078125 212.3699493408203125 213.4033050537109375 214.3098907470703125 215.094635009765625 216.273895263671875 217.2281341552734375 218.1964111328125 219.458099365234375 221.6973419189453125 223.7354736328125 225.955596923828125 227.7238006591796875 228.9446258544921875 229.098876953125 228.949920654296875 228.6599578857421875 228.3397674560546875 227.988006591796875 227.8635101318359375 227.8187408447265625 227.893524169921875 228.217437744140625 228.810821533203125 229.5890655517578125 230.847930908203125 232.3643798828125 234.0392913818359375 235.419891357421875 237.01312255859375 237.978057861328125 238.1652069091796875 237.8274688720703125 237.3599395751953125 236.6983795166015625 235.8087615966796875 234.0453338623046875 232.1982269287109375 230.178741455078125 229.1149749755859375
205.529815673828125 207.136383056640625 208.5156707763671875 209.7519073486328125 210.2827911376953125 211.0044097900390625 211.7817230224609375 212.6527557373046875 213.5210113525390625 214.3645477294921875 215.216827392578125 215.7564544677734375 216.33721923828125 217.74871826171875 220.179779052734375 222.359619140625 224.820037841796875 226.750885009765625 227.96002197265625 228.133270263671875 228.0363616943359375 227.8079681396484375 227.5237274169921875 227.2158660888671875 227.0832366943359375 226.997894287109375 227.042755126953125 227.4454803466796875 228.282318115234375 229.3913421630859375 230.7708740234375 232.180816650390625 233.8017578125 235.0966033935546875 236.47991943359375 237.4660797119140625 237.740814208984375 237.5559539794921875 237.2765045166015625 236.6871337890625 235.5679473876953125 233.56597900390625 231.7330322265625 229.9159088134765625 229.0527191162109375
205.0799407958984375 206.5115814208984375 207.6508636474609375 208.90509033203125 209.696563720703125 210.3642578125 211.1555023193359375 211.9735260009765625 212.771270751953125 213.5338287353515625 214.2480010986328125 214.6015472412109375 214.98773193359375 216.523345947265625 219.4898681640625 221.6136627197265625 224.0702362060546875 226.0706634521484375 227.1251983642578125 227.2010650634765625 227.1498870849609375 226.98553466796875 226.74554443359375 226.4871826171875 226.3470306396484375 226.2471923828125 226.2240753173828125 226.56561279296875 227.4298095703125 228.6757049560546875 230.5481719970703125 232.05712890625 233.5918731689453125 234.664093017578125 235.522003173828125 236.2295379638671875 236.8009033203125 237.036956787109375 236.980194091796875 236.4447174072265625 235.384368896484375 233.35504150390625 231.73760986328125 230.6551055908203125 229.1065673828125
203.419189453125 205.28094482421875 206.188873291015625 207.5118560791015625 208.8129119873046875 209.887451171875 210.5249786376953125 211.1883392333984375 211.8361053466796875 212.4092559814453125 212.863067626953125 213.292938232421875 214.1739501953125 215.8157806396484375 219.159088134765625 221.47308349609375 223.7072906494140625 225.3676910400390625 226.086029052734375 226.1941070556640625 226.197357177734375 226.1057281494140625 225.91400146484375 225.723480224609375 225.6865997314453125 225.734771728515625 225.8932037353515625 226.249176025390625 226.698150634765625 227.7639007568359375 230.3368377685546875 231.9621429443359375 233.2208709716796875 234.0557861328125 234.8352203369140625 235.5322113037109375 236.2691192626953125 236.5949554443359375 236.527923583984375 236.007049560546875 235.221893310546875 233.4327239990234375 232.11993408203125 231.1654815673828125 -9999
201.0122528076171875 203.5165863037109375 205.045013427734375 206.5495147705078125 207.9844512939453125 209.4047393798828125 210.0201873779296875 210.4299774169921875 210.9588623046875 211.387359619140625 211.62408447265625 211.9602508544921875 213.3520050048828125 215.5452117919921875 218.9209136962890625 221.2360992431640625 223.17596435546875 224.3358306884765625 224.97613525390625 225.2710723876953125 225.3780059814453125 225.330535888671875 225.178192138671875 225.065032958984375 225.1701507568359375 225.4007110595703125 225.7799072265625 226.3686370849609375 227.099853515625 228.2596893310546875 230.5099945068359375 231.8473358154296875 232.820953369140625 233.582061767578125 234.43328857421875 235.16632080078125 235.9439239501953125 236.3271636962890625 236.2023162841796875 235.6819915771484375 235.0060577392578125 233.29443359375 232.0294189453125 230.744140625 -9999
200.426055908203125 202.62774658203125 204.610626220703125 205.95855712890625 207.0682373046875 208.2430877685546875 208.9622650146484375 209.4140777587890625 209.9494476318359375 210.281219482421875 210.3115386962890625 210.52703857421875 212.79803466796875 215.5268402099609375 218.768035888671875 220.801239013671875 222.29986572265625 223.191253662109375 223.8157958984375 224.2122039794921875 224.4344482421875 224.4643402099609375 224.3298187255859375 224.3496246337890625 224.6671905517578125 225.11468505859375 225.713836669921875 226.5475921630859375 227.700439453125 229.171356201171875 230.64501953125 231.5418243408203125 232.42547607421875 233.166046142578125 234.015625 234.7602996826171875 235.544219970703125 236.011077880859375 235.857330322265625 235.4002838134765625 234.7355804443359375 232.7864532470703125 231.1552581787109375 230.2324371337890625 -9999
200.953765869140625 202.8264923095703125 204.562103271484375 205.5026092529296875 206.2645111083984375 207.1509857177734375 207.80670166015625 208.408050537109375 209.1695098876953125 209.774566650390625 209.9564666748046875 210.313232421875 212.8380126953125 215.654327392578125 218.849639892578125 220.549346923828125 221.6720123291015625 222.443634033203125 223.0344696044921875 223.4446563720703125 223.6842803955078125 223.7230987548828125 223.5777130126953125 223.7081298828125 224.2284393310546875 224.8747711181640625 225.593780517578125 226.5672760009765625 227.9057159423828125 229.36968994140625 230.48193359375 231.2224884033203125 232.063446044921875 232.773529052734375 233.58251953125 234.2603912353515625 234.8981781005859375 235.3159332275390625 235.3543853759765625 234.90972900390625 233.8900604248046875 231.9006195068359375 230.54931640625 229.940338134765625 -9999
201.0680694580078125 202.672515869140625 204.2265167236328125 205.019927978515625 205.3465118408203125 205.9113616943359375 206.512115478515625 207.195770263671875 208.0251312255859375 208.817657470703125 209.55950927734375 210.303802490234375 212.9678802490234375 215.900054931640625 219.1531219482421875 220.3694610595703125 221.1218109130859375 221.7806243896484375 222.3181304931640625 222.7095489501953125 222.9269866943359375 222.8785858154296875 222.6584014892578125 222.77362060546875 223.4361114501953125 224.348785400390625 225.224822998046875 226.307861328125 227.6059112548828125 228.89556884765625 230.1066131591796875 230.84771728515625 231.6275787353515625 232.29107666015625 233.0067596435546875 233.523345947265625 233.9222869873046875 234.096954345703125 234.0292816162109375 233.2617340087890625 232.0720367431640625 230.549560546875 229.8796539306640625 229.794830322265625 -9999
200.5792236328125 201.7339324951171875 202.9365234375 203.8584747314453125 204.18646240234375 204.57049560546875 205.1964874267578125 205.9810791015625 206.7890625 207.666015625 208.8939361572265625 210.181671142578125 213.1570281982421875 216.2011260986328125 219.4169769287109375 220.2846832275390625 220.796783447265625 221.3371734619140625 221.81634521484375 222.1719207763671875 222.33184814453125 222.084197998046875 221.70892333984375 221.75164794921875 222.5106048583984375 223.6061248779296875 224.60430908203125 225.674224853515625 227.0762939453125 228.447357177734375 229.7528533935546875 230.500823974609375 231.219940185546875 231.8216400146484375 232.3964996337890625 232.7479248046875 232.929595947265625 232.8312225341796875 232.4385986328125 231.436614990234375 230.3857879638671875 229.5731048583984375 229.3700103759765625 -9999 -9999
199.8939361572265625 200.423065185546875 201.292724609375 202.155609130859375 202.5542449951171875 202.8841094970703125 203.354766845703125 204.26873779296875 205.32476806640625 206.5099639892578125 208.422088623046875 210.394805908203125 213.431427001953125 216.185302734375 219.1854095458984375 220.1988983154296875 220.595550537109375 221.0222930908203125 221.4322357177734375 221.691314697265625 221.6318511962890625 221.114654541015625 220.6078033447265625 220.6021728515625 221.6501007080078125 222.985809326171875 224.0850982666015625 225.156219482421875 226.757568359375 228.2651519775390625 229.5528717041015625 230.1787567138671875 230.747314453125 231.2671661376953125 231.668731689453125 231.8399200439453125 231.850494384765625 231.6215057373046875 231.054595947265625 230.0488128662109375 229.355499267578125 228.950653076171875 228.913116455078125 -9999 -9999
198.137725830078125 198.6269073486328125 199.4864044189453125 200.461151123046875 200.802093505859375 201.005767822265625 201.001190185546875 201.370941162109375 203.3854217529296875 205.7440032958984375 208.5695343017578125 210.6846466064453125 213.3090057373046875 215.6590728759765625 218.25860595703125 219.7802734375 220.432708740234375 220.83026123046875 221.177581787109375 221.1186370849609375 220.7532958984375 220.24493408203125 220.0052490234375 220.15972900390625 221.250640869140625 222.699310302734375 223.8710479736328125 225.0768585205078125 226.8205413818359375 228.3800201416015625 229.362640380859375 229.8700714111328125 230.2303314208984375 230.627288818359375 230.926544189453125 230.990997314453125 230.9281158447265625 230.6478424072265625 230.133697509765625 229.332061767578125 228.758758544921875 228.559356689453125 -9999 -9999 -9999
196.30975341796875 196.6940155029296875 197.4500579833984375 198.5738525390625 199.096893310546875 199.47845458984375 199.7137908935546875 200.05584716796875 202.24615478515625 205.22088623046875 208.5074310302734375 210.587493896484375 212.92156982421875 215.0077972412109375 217.2626495361328125 218.996429443359375 220.099700927734375 220.3798370361328125 220.499725341796875 220.3941802978515625 220.1428985595703125 219.6685638427734375 219.4856414794921875 219.8193359375 220.93536376953125 222.503936767578125 223.775909423828125 225.0611724853515625 226.747344970703125 228.0320892333984375 228.7503814697265625 229.2375030517578125 229.685882568359375 229.98736572265625 230.226806640625 230.2332305908203125 230.1248931884765625 229.8980865478515625 229.450439453125 228.5901641845703125 228.095062255859375 228.102447509765625 -9999 -9999 -9999
194.3667449951171875 194.89752197265625 195.268463134765625 196.4010009765625 197.2199554443359375 197.875518798828125 198.6053619384765625 199.5516815185546875 201.847259521484375 205.0511932373046875 208.3929901123046875 210.338409423828125 212.440093994140625 214.324432373046875 216.32220458984375 217.92205810546875 219.23583984375 219.54779052734375 219.668212890625 219.91595458984375 219.8355712890625 218.96337890625 218.5212554931640625 219.1557159423828125 220.446990966796875 222.090667724609375 223.5195770263671875 224.9348907470703125 226.272674560546875 227.2298736572265625 228.000701904296875 228.5888824462890625 229.1898040771484375 229.604827880859375 229.854827880859375 229.787811279296875 229.6156158447265625 229.3822174072265625 228.7515869140625 227.7909698486328125 227.47869873046875 227.81707763671875 -9999 -9999 -9999
193.128662109375 194.28741455078125 194.4456024169921875 195.1720123291015625 195.886932373046875 196.47943115234375 197.486602783203125 199.3114776611328125 202.4595489501953125 205.8382720947265625 208.9578399658203125 210.3690338134765625 212.0755615234375 213.758209228515625 215.56939697265625 216.9643707275390625 217.9744720458984375 218.36376953125 218.865081787109375 219.2544403076171875 219.103057861328125 218.2548980712890625 217.7440032958984375 218.649658203125 220.1032867431640625 221.806365966796875 223.252105712890625 224.695587158203125 225.7189788818359375 226.5293731689453125 227.365570068359375 228.0443115234375 228.757171630859375 229.2565765380859375 229.5139007568359375 229.31512451171875 229.00225830078125 228.6990814208984375 227.925079345703125 226.8804931640625 226.6103057861328125 -9999 -9999 -9999 -9999
192.3677215576171875 194.4091644287109375 194.905181884765625 194.9801025390625 195.072967529296875 195.173370361328125 196.286102294921875 199.9156494140625 204.810455322265625 208.3227996826171875 209.8652801513671875 210.4654693603515625 211.8283538818359375 213.2940826416015625 214.926025390625 216.1414031982421875 216.9951171875 217.63134765625 218.245880126953125 218.48126220703125 218.416290283203125 218.181640625 218.117218017578125 218.6940155029296875 220.017486572265625 221.55389404296875 222.917938232421875 224.25933837890625 225.1573028564453125 225.9022674560546875 226.826507568359375 227.584930419921875 228.3973388671875 228.95855712890625 229.1275787353515625 228.7213897705078125 228.175048828125 227.5543060302734375 226.643524169921875 225.7187652587890625 225.457672119140625 -9999 -9999 -9999 -9999
192.400726318359375 194.7600860595703125 195.438995361328125 195.039306640625 194.9822845458984375 194.9960174560546875 195.9791259765625 200.164398193359375 206.1243896484375 209.681976318359375 210.0591278076171875 210.49737548828125 211.693450927734375 213.010650634765625 214.5493621826171875 215.64105224609375 216.4524993896484375 217.207855224609375 217.7966461181640625 218.0035247802734375 218.03082275390625 218.0702362060546875 218.263916015625 218.8448944091796875 219.8676910400390625 221.255126953125 222.6504974365234375 223.94061279296875 224.8396453857421875 225.462249755859375 226.4597930908203125 227.2695159912109375 228.1407470703125 228.7438812255859375 228.72698974609375 228.0646514892578125 227.2637939453125 226.3665008544921875 225.414276123046875 225.0016632080078125 224.9308624267578125 -9999 -9999 -9999 -9999
192.283538818359375 194.280364990234375 194.8559417724609375 194.6439056396484375 194.690826416015625 194.880035400390625 196.0303802490234375 200.38409423828125 205.9922637939453125 209.5238800048828125 210.0180511474609375 210.354583740234375 211.4866485595703125 212.714599609375 214.1954193115234375 215.2003326416015625 216.0025634765625 216.78765869140625 217.3931884765625 217.5581512451171875 217.593231201171875 217.756317138671875 218.1244049072265625 218.872314453125 219.8911895751953125 221.14288330078125 222.5354461669921875 223.89373779296875 224.8914794921875 225.4839630126953125 226.3515472412109375 227.112762451171875 227.9656982421875 228.45391845703125 228.1227874755859375 227.2870941162109375 226.3675079345703125 225.449371337890625 224.88861083984375 224.7302703857421875 224.6322021484375 -9999 -9999 -9999 -9999
191.5490875244140625 192.8553466796875 193.341064453125 193.55059814453125 193.9194488525390625 194.456695556640625 196.0360260009765625 200.1609954833984375 205.197265625 208.488067626953125 209.6939239501953125 210.10516357421875 211.0978240966796875 212.380828857421875 213.846832275390625 214.8971099853515625 215.6988677978515625 216.42877197265625 217.0139007568359375 217.0712127685546875 217.0627288818359375 217.31048583984375 217.831085205078125 218.7379608154296875 219.7962493896484375 221.0595855712890625 222.51177978515625 223.963348388671875 225.115203857421875 225.7490081787109375 226.4306488037109375 227.0796356201171875 227.6925506591796875 227.7279205322265625 227.2323150634765625 226.4550018310546875 225.488922119140625 224.826263427734375 224.5274658203125 224.3364715576171875 224.2040557861328125 -9999 -9999 -9999 -9999
190.469757080078125 191.1905975341796875 191.623291015625 192.0643157958984375 192.83673095703125 193.865753173828125 195.9319305419921875 199.766143798828125 203.8991241455078125 206.5931243896484375 208.678375244140625 209.740997314453125 210.7165374755859375 212.1499176025390625 213.7130584716796875 214.7910919189453125 215.444183349609375 215.9593353271484375 216.311370849609375 216.2714996337890625 216.2471466064453125 216.640625 217.3997802734375 218.526397705078125 219.64886474609375 221.0086822509765625 222.5458984375 223.9821624755859375 225.1160430908203125 225.7930450439453125 226.4407196044921875 226.971099853515625 227.2222137451171875 227.050262451171875 226.5572052001953125 225.8462371826171875 224.967987060546875 224.3963775634765625 224.129974365234375 223.9837799072265625 223.91375732421875 -9999 -9999 -9999 -9999
189.4396209716796875 189.925994873046875 190.2462310791015625 190.5828857421875 191.8333740234375 193.7377166748046875 196.0732879638671875 199.25860595703125 202.7072601318359375 205.379669189453125 207.90301513671875 209.484130859375 210.8682403564453125 212.3419952392578125 213.8312225341796875 214.7946624755859375 215.1964111328125 215.466827392578125 215.5982513427734375 215.4406890869140625 215.3453826904296875 215.94415283203125 217.1151123046875 218.563140869140625 219.8462982177734375 221.297149658203125 222.776580810546875 224.0853424072265625 225.09051513671875 225.696990966796875 226.283111572265625 226.7133941650390625 226.8121490478515625 226.6290130615234375 226.197021484375 225.498504638671875 224.6741790771484375 224.0025177001953125 223.8261260986328125 223.8091583251953125 223.7628173828125 223.7011566162109375 -9999 -9999 -9999
