INPUT/RASTER/ASCII/elevation.asc
ncols        225
nrows        269
xllcorner    473009.983799999987
yllcorner    4429051.174800000153
cellsize     50.000000000000
NODATA_value  -9999
[rows 140 to 159 of 269, columns 135 to 179 of 225]
-9999 -9999 -9999 -9999 -9999 -9999 -9999 -9999 -9999 -9999 -9999 -9999 -9999 -9999 -9999 -9999 -9999 -9999 -9999 250.8326416015625 250.61273193359375 248.8766632080078125 244.848846435546875 240.5827789306640625 235.1844635009765625 230.39166259765625 227.1333465576171875 224.053558349609375 221.020233154296875 219.854034423828125 219.841644287109375 220.7086029052734375 221.91900634765625 222.9267120361328125 223.3937530517578125 223.3351898193359375 222.3734588623046875 220.892578125 219.2235107421875 216.5304718017578125 215.0717010498046875 215.510101318359375 219.37420654296875 223.411041259765625 227.46307373046875
-9999 249.5550384521484375 249.4752044677734375 249.3441162109375 249.1571502685546875 248.93878173828125 249.0682525634765625 249.59820556640625 249.9400177001953125 250.0872802734375 250.2482757568359375 250.3333587646484375 -9999 -9999 -9999 -9999 -9999 -9999 -9999 251.1779937744140625 251.031646728515625 249.96026611328125 246.42596435546875 241.5843505859375 235.2261962890625 229.290802001953125 224.9075164794921875 221.365570068359375 219.158721923828125 218.5258331298828125 218.6722869873046875 219.5031890869140625 220.4184722900390625 221.046661376953125 221.0387420654296875 220.530517578125 220.2173309326171875 219.8259735107421875 218.743438720703125 216.3375701904296875 215.0713043212890625 215.637908935546875 219.6625213623046875 223.1065673828125 226.3652191162109375
249.7323150634765625 249.6813201904296875 249.5921630859375 249.39556884765625 249.1424102783203125 248.8768310546875 249.0104217529296875 249.6272430419921875 249.9715118408203125 250.0500335693359375 250.17962646484375 250.2909393310546875 -9999 -9999 -9999 -9999 -9999 -9999 -9999 -9999 251.109893798828125 250.689056396484375 248.007781982421875 242.55908203125 235.6332855224609375 229.01190185546875 223.5286712646484375 219.4739990234375 217.41796875 216.7347869873046875 217.0972747802734375 218.1556396484375 219.084869384765625 219.18499755859375 218.018829345703125 216.7385406494140625 216.6692352294921875 216.625030517578125 216.1678314208984375 215.2845458984375 215.0050201416015625 215.84503173828125 219.59185791015625 222.710845947265625 225.5416107177734375
249.91015625 249.8760528564453125 249.722747802734375 249.4421234130859375 249.14849853515625 248.891082763671875 249.0497894287109375 249.62957763671875 249.9399566650390625 249.9970550537109375 250.07403564453125 250.2355499267578125 250.2729034423828125 -9999 -9999 -9999 -9999 -9999 -9999 -9999 251.2361297607421875 250.9438323974609375 248.384765625 243.1691131591796875 236.3473358154296875 229.1933135986328125 223.4217681884765625 218.9837646484375 216.13421630859375 215.056640625 215.4921112060546875 216.5603485107421875 217.2340240478515625 217.037811279296875 215.6924591064453125 214.460540771484375 213.8484649658203125 213.4691162109375 213.85821533203125 214.461395263671875 214.9064178466796875 216.4901123046875 220.2118072509765625 222.7704925537109375 225.2781219482421875
249.9987945556640625 249.98162841796875 249.813201904296875 249.47467041015625 249.158538818359375 248.96539306640625 249.1186370849609375 249.495147705078125 249.7725067138671875 249.923309326171875 250.0150909423828125 250.1779327392578125 250.2527008056640625 -9999 -9999 -9999 -9999 -9999 -9999 -9999 251.3014068603515625 251.01971435546875 248.325042724609375 243.5281829833984375 236.9701690673828125 229.4719085693359375 223.59954833984375 218.932373046875 215.517120361328125 213.147430419921875 213.176300048828125 214.6239471435546875 215.2355804443359375 214.980224609375 214.1534271240234375 212.976348876953125 211.791229248046875 210.85418701171875 211.97320556640625 213.4638824462890625 214.6872711181640625 217.29150390625 220.8656768798828125 223.209136962890625 225.4451904296875
250 249.9891815185546875 249.84173583984375 249.48004150390625 249.1410675048828125 248.93072509765625 249.0283966064453125 249.2633514404296875 249.629302978515625 249.8637847900390625 249.9213409423828125 250.1544342041015625 250.2301025390625 -9999 -9999 -9999 -9999 -9999 -9999 -9999 250.7253875732421875 250.0913238525390625 247.3476409912109375 243.110565185546875 236.8155364990234375 229.2842559814453125 223.181365966796875 218.2303009033203125 214.1424407958984375 211.06658935546875 210.869903564453125 212.280609130859375 212.418853759765625 212.068084716796875 211.95806884765625 211.366485595703125 210.5101776123046875 210.2919921875 211.5931243896484375 213.3114166259765625 214.978485107421875 218.1034698486328125 221.59722900390625 223.8817291259765625 225.9286346435546875
250.0251312255859375 249.995147705078125 249.843109130859375 249.475830078125 249.107757568359375 248.798370361328125 248.7445220947265625 248.6707305908203125 248.5427398681640625 248.4678497314453125 -9999 -9999 -9999 -9999 -9999 -9999 -9999 -9999 -9999 -9999 249.980682373046875 249.0839385986328125 246.3904876708984375 242.61322021484375 236.3804473876953125 228.360321044921875 221.79425048828125 216.7586669921875 212.318817138671875 209.6809844970703125 209.1938018798828125 209.5685272216796875 209.4503326416015625 209.816650390625 210.1294708251953125 210.12103271484375 210.446075439453125 211.7834625244140625 213.1768798828125 214.4768218994140625 216.2932281494140625 219.3662109375 222.6119232177734375 224.8769378662109375 226.65008544921875
250.14581298828125 250.0555572509765625 249.850189208984375 249.4252166748046875 248.9394683837890625 248.412353515625 248.1233978271484375 248.01397705078125 248.00946044921875 248.0013580322265625 -9999 248.7332611083984375 249.177734375 249.6446533203125 249.87786865234375 249.9168548583984375 -9999 -9999 -9999 -9999 249.94573974609375 248.977447509765625 246.164276123046875 242.1658782958984375 235.4412384033203125 226.66412353515625 219.1107177734375 213.5488739013671875 209.710693359375 206.847747802734375 205.719268798828125 205.5052337646484375 206.2427825927734375 208.5759429931640625 210.0489654541015625 210.8536224365234375 212.762969970703125 214.329071044921875 215.049652099609375 216.090423583984375 217.680206298828125 220.2809600830078125 223.30218505859375 225.6632537841796875 226.747161865234375
250.3123626708984375 250.1500701904296875 249.83367919921875 249.304107666015625 248.6786956787109375 247.971588134765625 247.4688568115234375 247.171356201171875 247.1815338134765625 247.487091064453125 247.7517852783203125 248.2293701171875 248.725616455078125 249.288909912109375 249.674102783203125 249.9322967529296875 250.1606292724609375 250.3228912353515625 250.3881683349609375 -9999 250.1114501953125 249.5648956298828125 246.6270751953125 242.0537872314453125 234.959564208984375 226.4599609375 218.5556640625 212.42449951171875 207.983184814453125 203.9365692138671875 202.1733856201171875 201.88275146484375 202.895904541015625 207.459320068359375 210.5941314697265625 212.568572998046875 214.52789306640625 215.153289794921875 215.763641357421875 216.8393707275390625 218.34326171875 220.4724884033203125 222.6718597412109375 224.3728790283203125 225.2606201171875
250.657989501953125 250.2580413818359375 249.8074188232421875 249.164337158203125 248.41546630859375 247.5319671630859375 246.7335357666015625 246.085845947265625 245.6694793701171875 245.001373291015625 246.3954925537109375 246.7576904296875 247.014190673828125 247.674835205078125 248.500091552734375 249.45916748046875 249.885955810546875 250.0396575927734375 250.2154388427734375 250.212554931640625 250.05047607421875 249.93048095703125 248.270477294921875 243.0106964111328125 235.3469390869140625 227.2113494873046875 219.4113616943359375 213.396148681640625 207.9796600341796875 202.6484527587890625 200.199676513671875 200.1241912841796875 200.9490814208984375 206.0942230224609375 210.5556640625 212.9733428955078125 214.7219696044921875 215.24652099609375 215.9469146728515625 216.882781982421875 218.0106048583984375 219.5009765625 221.0435028076171875 221.9059906005859375 222.610107421875
251.049224853515625 250.483673095703125 249.8955535888671875 249.1393890380859375 248.28515625 247.269134521484375 246.1750030517578125 244.9831390380859375 244.011016845703125 243.675506591796875 244.20166015625 244.349609375 244.4634552001953125 244.9186248779296875 245.8265228271484375 247.23919677734375 248.24810791015625 248.9456024169921875 249.718780517578125 250.0302581787109375 250.0252838134765625 250.003662109375 249.272308349609375 244.2827606201171875 236.69036865234375 227.6106414794921875 219.8101806640625 214.079803466796875 208.7057647705078125 202.992279052734375 200.1030120849609375 199.9791412353515625 200.6930694580078125 205.214019775390625 209.7413330078125 212.3396759033203125 214.198333740234375 215.0744171142578125 215.8512725830078125 216.56890869140625 216.9209747314453125 217.605926513671875 219.0729217529296875 219.370025634765625 219.851318359375
251.6344757080078125 250.9513397216796875 250.2429351806640625 249.3122406005859375 248.289306640625 247.16046142578125 245.873748779296875 243.7437591552734375 241.3578338623046875 240.7026214599609375 240.889251708984375 240.7375640869140625 240.3587799072265625 241.12872314453125 242.4337310791015625 244.229583740234375 245.6949615478515625 246.8423614501953125 248.2024078369140625 249.4749298095703125 249.989013671875 250.032989501953125 249.6070709228515625 245.5001373291015625 238.6367950439453125 229.49481201171875 221.4434356689453125 215.35711669921875 210.131805419921875 204.1526031494140625 200.2277069091796875 199.6804962158203125 201.265167236328125 204.97998046875 208.654632568359375 211.14129638671875 212.7222747802734375 213.92889404296875 215.0457000732421875 215.4897918701171875 214.8695068359375 214.68597412109375 215.1848602294921875 215.168792724609375 216.574981689453125
252.13397216796875 251.3448638916015625 250.57244873046875 249.587005615234375 248.4715728759765625 247.23663330078125 245.784820556640625 243.501220703125 240.8470001220703125 239.7280120849609375 237.1793670654296875 234.2499237060546875 231.7218780517578125 232.6513671875 236.6208648681640625 240.9032745361328125 243.4048309326171875 244.917572021484375 246.6240692138671875 248.438751220703125 249.8586273193359375 250.2163238525390625 249.9636383056640625 246.3117218017578125 240.219757080078125 231.7046356201171875 223.1874847412109375 216.2710113525390625 210.5753631591796875 205.007232666015625 199.140838623046875 197.304534912109375 201.10540771484375 204.44476318359375 207.59918212890625 210.0644683837890625 211.4188232421875 212.5823211669921875 213.6936798095703125 213.95135498046875 213.3374481201171875 212.72705078125 212.18646240234375 212.1383514404296875 214.2350921630859375
252.68121337890625 251.8209686279296875 250.987518310546875 249.9259490966796875 248.820465087890625 247.4843597412109375 245.8722686767578125 243.73297119140625 241.4622955322265625 239.903472900390625 236.5972137451171875 231.239593505859375 223.2883148193359375 221.9293670654296875 227.05108642578125 234.0341033935546875 240.214080810546875 242.8327178955078125 244.9137420654296875 247.174163818359375 249.5209197998046875 250.347747802734375 250.325531005859375 247.6998748779296875 242.457855224609375 234.1757965087890625 224.6285247802734375 216.441436767578125 210.0045928955078125 204.57281494140625 195.98992919921875 194.4689483642578125 200.4819793701171875 203.2477874755859375 205.9273529052734375 208.311676025390625 209.82635498046875 210.89593505859375 211.7772674560546875 211.9697723388671875 211.568359375 210.533233642578125 209.0227813720703125 209.3539276123046875 211.3931427001953125
252.9882659912109375 252.117828369140625 251.392608642578125 250.4757843017578125 249.3435821533203125 247.8877105712890625 246.1004180908203125 243.8609771728515625 241.7276611328125 240.2638702392578125 237.8647918701171875 231.3735504150390625 220.6079254150390625 215.0222015380859375 219.3982391357421875 226.4359283447265625 233.8003692626953125 239.9694366455078125 243.22344970703125 245.9379119873046875 248.6920928955078125 249.8796234130859375 250.0804901123046875 249.3034820556640625 245.0154266357421875 235.6645355224609375 224.65435791015625 215.725189208984375 208.7843170166015625 202.453277587890625 193.1768798828125 192.641815185546875 198.207427978515625 201.5420074462890625 204.0272216796875 206.015838623046875 207.5846710205078125 208.96612548828125 210.2209014892578125 210.5710906982421875 210.0061798095703125 207.561431884765625 204.6200408935546875 205.17010498046875 207.8345184326171875
253.0179901123046875 252.155487060546875 251.5982513427734375 251.1004486083984375 250.212677001953125 248.635040283203125 246.0325927734375 243.2085723876953125 241.08721923828125 238.178070068359375 231.9860382080078125 224.8228759765625 215.4170989990234375 210.4914703369140625 213.8656768798828125 221.0991058349609375 227.3912506103515625 234.6592864990234375 240.808349609375 244.5448760986328125 247.221649169921875 248.6326904296875 249.520904541015625 249.2190399169921875 245.3014984130859375 235.745269775390625 224.0245361328125 214.7615509033203125 206.9890594482421875 198.8330841064453125 191.0031585693359375 190.5648651123046875 194.4593353271484375 199.0445098876953125 201.78125 203.4066162109375 204.843658447265625 206.4541778564453125 208.5233154296875 209.6686248779296875 208.0557403564453125 204.1112060546875 200.47161865234375 200.5404510498046875 202.459930419921875
252.5224456787109375 251.7221832275390625 251.1743621826171875 250.723968505859375 250.2478485107421875 248.73046875 245.27166748046875 241.6153106689453125 236.9302825927734375 230.55401611328125 222.9805755615234375 216.6852874755859375 209.6799774169921875 205.56768798828125 208.8797454833984375 216.2180938720703125 223.0113525390625 228.7644500732421875 235.5278167724609375 241.2441864013671875 245.1804351806640625 247.042236328125 248.1214752197265625 246.87408447265625 242.7000885009765625 233.68218994140625 222.5957183837890625 213.620147705078125 205.8166961669921875 197.81439208984375 191.1461639404296875 190.0651702880859375 191.81884765625 196.655364990234375 200.0984344482421875 201.078338623046875 202.0656890869140625 203.7886199951171875 205.93768310546875 207.1558074951171875 205.6185302734375 201.4132537841796875 195.6504364013671875 196.4315185546875 199.2408447265625
251.4621429443359375 250.7511444091796875 250.2099456787109375 249.7555694580078125 249.325347900390625 247.796173095703125 243.85552978515625 238.120819091796875 229.2611846923828125 221.1726226806640625 213.5735015869140625 208.3760833740234375 203.220794677734375 201.81396484375 207.759979248046875 214.5071563720703125 220.6812896728515625 226.0831146240234375 232.0545806884765625 238.0927581787109375 243.2381591796875 245.914825439453125 247.0097198486328125 245.2867279052734375 240.6353759765625 231.4944000244140625 221.134063720703125 212.3254547119140625 205.0154266357421875 198.3088531494140625 191.995208740234375 190.019927978515625 190.4344940185546875 193.7504119873046875 197.1448822021484375 197.2436370849609375 198.330169677734375 200.9648895263671875 203.25128173828125 204.186981201171875 203.1911163330078125 197.1173248291015625 191.1935577392578125 194.33465576171875 198.0543975830078125
248.1563873291015625 246.56011962890625 245.5032501220703125 244.648895263671875 244.433685302734375 244.503021240234375 240.890838623046875 232.895904541015625 223.970672607421875 215.6797027587890625 207.0650634765625 201.4925537109375 198.114593505859375 200.1449737548828125 206.8288116455078125 212.70074462890625 218.1917877197265625 224.1087799072265625 230.371734619140625 237.0166168212890625 242.213775634765625 245.156646728515625 245.9366455078125 244.59716796875 239.693450927734375 229.712860107421875 219.258758544921875 211.0097198486328125 204.035736083984375 197.6441650390625 191.8245697021484375 190.0175018310546875 190.0448150634765625 190.60601806640625 191.297454833984375 191.5146942138671875 193.3422088623046875 197.4243621826171875 200.7832183837890625 202.1201324462890625 201.48065185546875 194.84991455078125 190.7251129150390625 194.18157958984375 198.2481842041015625
241.64447021484375 239.7729949951171875 239.1237030029296875 238.585418701171875 238.5032196044921875 238.3141021728515625 235.253753662109375 228.8592681884765625 221.4088287353515625 213.6658935546875 204.5612640380859375 198.4509429931640625 194.828643798828125 197.013397216796875 203.0186614990234375 209.468475341796875 216.1563720703125 223.2882843017578125 230.6168975830078125 237.8594970703125 242.469635009765625 244.8817291259765625 245.237884521484375 244.405029296875 238.8685302734375 227.7636260986328125 217.3366851806640625 209.330902099609375 202.8636627197265625 196.52874755859375 191.1056060791015625 190.0038604736328125 190.00640869140625 190.011810302734375 190.015289306640625 190.014892578125 190.3174285888671875 192.5006866455078125 196.338592529296875 198.869110107421875 197.919952392578125 192.59417724609375 190.5999603271484375 194.6700897216796875 199.49810791015625
