INPUT/RASTER/ASCII/elevation.asc
ncols        225
nrows        269
xllcorner    473009.983799999987
yllcorner    4429051.174800000153
cellsize     50.000000000000
NODATA_value  -9999
[rows 60 to 79 of 269, columns 45 to 89 of 225]
322.493743896484375 324.07183837890625 325.35614013671875 326.336395263671875 327.024749755859375 327.789276123046875 328.608154296875 329.59564208984375 330.049530029296875 330.29205322265625 330.600341796875 331.009979248046875 331.509307861328125 331.663116455078125 330.98297119140625 330.13079833984375 328.545928955078125 326.35504150390625 323.827667236328125 321.5496826171875 320.18927001953125 320.059173583984375 320.42095947265625 320.976287841796875 321.321380615234375 321.343231201171875 320.790069580078125 319.855224609375 319.15582275390625 318.349151611328125 317.411041259765625 316.479827880859375 315.531829833984375 314.6202392578125 313.8043212890625 313.66937255859375 314.65582275390625 315.887786865234375 316.465240478515625 316.58526611328125 316.28570556640625 315.4766845703125 313.55560302734375 311.175811767578125 309.662017822265625
324.387939453125 325.6715087890625 326.76336669921875 327.655059814453125 328.31512451171875 328.91046142578125 329.49456787109375 329.963226318359375 330.081390380859375 330.215850830078125 330.406158447265625 330.6468505859375 330.890289306640625 330.750640869140625 329.827880859375 328.462066650390625 326.49932861328125 324.301666259765625 321.76751708984375 320.2203369140625 319.969085693359375 319.9912109375 320.123199462890625 320.468719482421875 320.694427490234375 320.683380126953125 320.286102294921875 319.461761474609375 318.68487548828125 317.90557861328125 317.083221435546875 316.270172119140625 315.450958251953125 314.53143310546875 313.70086669921875 313.476654052734375 314.010711669921875 315.098052978515625 315.6207275390625 315.7861328125 315.5955810546875 315.03253173828125 313.23187255859375 310.99365234375 309.13275146484375
325.78631591796875 326.86187744140625 328.101165771484375 329.15716552734375 329.743560791015625 329.9510498046875 330.064056396484375 330.12579345703125 330.130126953125 330.15325927734375 330.204986572265625 330.256378173828125 330.17633056640625 329.416290283203125 327.90966796875 326.234832763671875 324.282928466796875 322.2176513671875 320.287017822265625 319.836944580078125 319.87518310546875 319.948394775390625 320.013580322265625 320.12322998046875 320.217315673828125 320.155059814453125 319.72442626953125 318.899688720703125 318.144866943359375 317.44244384765625 316.737396240234375 316.0576171875 315.36297607421875 314.31610107421875 313.2794189453125 312.842803955078125 313.2547607421875 314.606536865234375 315.283843994140625 315.47076416015625 315.364715576171875 314.7490234375 312.83306884765625 310.715972900390625 308.619476318359375
326.7470703125 327.8489990234375 329.291656494140625 329.93280029296875 330.067108154296875 330.130157470703125 330.19427490234375 330.248321533203125 330.2344970703125 330.176483154296875 330.1202392578125 330.038787841796875 329.4193115234375 327.953277587890625 326.212158203125 324.45440673828125 322.50164794921875 320.749359130859375 319.797698974609375 319.621917724609375 319.593505859375 319.672943115234375 319.834197998046875 319.943817138671875 319.921234130859375 319.679534912109375 319.051239013671875 318.284423828125 317.603118896484375 316.96160888671875 316.337158203125 315.771026611328125 315.192474365234375 314.006561279296875 312.590972900390625 311.721466064453125 312.143218994140625 313.964202880859375 315.216552734375 315.645904541015625 315.505584716796875 314.404388427734375 312.31988525390625 310.2913818359375 307.682342529296875
327.59552001953125 328.596466064453125 329.808380126953125 330.06134033203125 330.11895751953125 330.1929931640625 330.275909423828125 330.372161865234375 330.390472412109375 330.273712158203125 330.122650146484375 329.705841064453125 328.304656982421875 326.476531982421875 324.6099853515625 322.631927490234375 320.745086669921875 319.714385986328125 319.316436767578125 319.10162353515625 318.979400634765625 318.952911376953125 319.0386962890625 319.151580810546875 319.009490966796875 318.71124267578125 318.210235595703125 317.556304931640625 316.94671630859375 316.3599853515625 315.797698974609375 315.335845947265625 314.767059326171875 313.3909912109375 311.81439208984375 310.489532470703125 310.87591552734375 312.933868408203125 314.665313720703125 315.42803955078125 315.200927734375 313.847991943359375 311.73583984375 309.456939697265625 306.4271240234375
328.412322998046875 329.482696533203125 330.014617919921875 330.080322265625 330.1392822265625 330.2127685546875 330.292999267578125 330.392364501953125 330.447540283203125 330.29437255859375 329.918487548828125 328.822509765625 327.1676025390625 325.302886962890625 323.393218994140625 321.3099365234375 319.7958984375 319.114898681640625 318.7510986328125 318.486053466796875 318.3017578125 318.16412353515625 318.059600830078125 317.944854736328125 317.74224853515625 317.526458740234375 317.28985595703125 316.830413818359375 316.3062744140625 315.77044677734375 315.242523193359375 314.660125732421875 313.612274169921875 312.238037109375 310.9783935546875 310.111663818359375 310.34124755859375 312.007110595703125 313.587005615234375 314.37255859375 314.04376220703125 312.944427490234375 311.21875 308.9228515625 305.939727783203125
328.8096923828125 329.811920166015625 330.03448486328125 330.0836181640625 330.139678955078125 330.205291748046875 330.270111083984375 330.338165283203125 330.35638427734375 330.2005615234375 329.486114501953125 327.911834716796875 326.16827392578125 324.282257080078125 322.37420654296875 320.35772705078125 319.040374755859375 318.437957763671875 318.07928466796875 317.787109375 317.533233642578125 317.298675537109375 317.035675048828125 316.709136962890625 316.368499755859375 316.203643798828125 316.125213623046875 315.927398681640625 315.54241943359375 315.130279541015625 314.71844482421875 313.89892578125 312.361724853515625 310.781463623046875 310.152862548828125 310.001251220703125 310.11773681640625 311.171539306640625 312.3848876953125 312.891204833984375 312.63031005859375 311.92529296875 310.7353515625 308.71923828125 305.96160888671875
328.744842529296875 329.743988037109375 330.022430419921875 330.069580078125 330.119659423828125 330.17425537109375 330.22125244140625 330.256561279296875 330.237579345703125 330.04144287109375 328.87213134765625 327.044677734375 325.276336669921875 323.42486572265625 321.58819580078125 319.653900146484375 318.238006591796875 317.674407958984375 317.361358642578125 317.081085205078125 316.814483642578125 316.527252197265625 316.149383544921875 315.5938720703125 315.12335205078125 315.02899169921875 315.012420654296875 314.944793701171875 314.728912353515625 314.479705810546875 314.231719970703125 313.565948486328125 311.990234375 310.3466796875 309.97882080078125 309.89990234375 309.883941650390625 310.39697265625 311.2171630859375 311.548828125 311.41632080078125 310.996002197265625 310.30706787109375 308.79022216796875 306.367645263671875
328.243072509765625 329.220855712890625 329.881072998046875 330.04290771484375 330.090118408203125 330.13677978515625 330.1710205078125 330.18511962890625 330.147064208984375 329.80657958984375 328.182891845703125 326.22137451171875 324.42779541015625 322.619110107421875 320.862823486328125 318.9139404296875 317.35687255859375 316.848358154296875 316.62744140625 316.388519287109375 316.13067626953125 315.820465087890625 315.386505126953125 314.7791748046875 314.254241943359375 314.11590576171875 314.037567138671875 313.946197509765625 313.811553955078125 313.651824951171875 313.47491455078125 313.060028076171875 311.9754638671875 310.4876708984375 309.913909912109375 309.65936279296875 309.418212890625 309.563323974609375 310.235992431640625 310.587005615234375 310.575347900390625 310.373321533203125 310.02349853515625 308.8516845703125 306.8265380859375
327.572967529296875 328.429107666015625 329.25537109375 329.702423095703125 330.023956298828125 330.082366943359375 330.109619140625 330.116485595703125 330.029083251953125 329.192230224609375 327.205108642578125 325.202545166015625 323.39898681640625 321.6790771484375 320.151947021484375 318.30889892578125 316.70281982421875 316.084869384765625 315.943389892578125 315.763671875 315.540130615234375 315.27294921875 314.91912841796875 314.4443359375 313.934967041015625 313.60595703125 313.314422607421875 313.074462890625 312.8995361328125 312.782470703125 312.626068115234375 312.28131103515625 311.601898193359375 310.49029541015625 309.79931640625 309.191650390625 308.78692626953125 308.84100341796875 309.632232666015625 310.059295654296875 310.08477783203125 310.04376220703125 309.876068115234375 308.8359375 307.087615966796875
326.743682861328125 327.48553466796875 328.276336669921875 328.945587158203125 329.82843017578125 330.033050537109375 330.057281494140625 330.064361572265625 329.755645751953125 328.296661376953125 326.242095947265625 324.20074462890625 322.32305908203125 320.74346923828125 319.541168212890625 317.90850830078125 316.485809326171875 315.6690673828125 315.4501953125 315.294189453125 315.126251220703125 314.94866943359375 314.669464111328125 314.259521484375 313.71173095703125 313.219329833984375 312.720703125 312.30279541015625 312.02081298828125 311.903564453125 311.766571044921875 311.52899169921875 311.0706787109375 310.177520751953125 309.2860107421875 308.3565673828125 307.952178955078125 308.11541748046875 309.02960205078125 309.85919189453125 309.991729736328125 309.98406982421875 309.69647216796875 308.701568603515625 307.1510009765625
325.889373779296875 326.6279296875 327.512603759765625 328.23114013671875 329.227783203125 329.75457763671875 329.845062255859375 329.69696044921875 328.80352783203125 327.169921875 325.27557373046875 323.214324951171875 321.133087158203125 319.757476806640625 318.644134521484375 317.2445068359375 316.03863525390625 315.27532958984375 315.095672607421875 314.988128662109375 314.8524169921875 314.6846923828125 314.4560546875 314.112518310546875 313.532501220703125 312.891510009765625 312.19061279296875 311.562713623046875 311.1231689453125 311.024139404296875 310.991455078125 310.8968505859375 310.562103271484375 309.592132568359375 308.4510498046875 307.315643310546875 306.811920166015625 307.075225830078125 307.9766845703125 308.961334228515625 309.429107666015625 309.449310302734375 309.111419677734375 308.517547607421875 307.206512451171875
325.043212890625 325.7586669921875 326.649505615234375 327.370513916015625 328.17120361328125 328.79071044921875 329.00762939453125 328.636260986328125 327.610687255859375 326.172393798828125 324.495819091796875 322.6103515625 320.691680908203125 319.169525146484375 317.795806884765625 316.37896728515625 315.417816162109375 315.052825927734375 315.00836181640625 314.904388427734375 314.743438720703125 314.539703369140625 314.295440673828125 313.99835205078125 313.453125 312.681793212890625 311.77154541015625 310.880462646484375 310.278717041015625 310.2276611328125 310.256866455078125 310.1939697265625 309.593597412109375 308.5386962890625 307.4962158203125 306.24639892578125 305.52203369140625 305.777618408203125 306.515380859375 307.196075439453125 307.571929931640625 307.660003662109375 307.618682861328125 307.6392822265625 306.887969970703125
324.509735107421875 325.17437744140625 325.9752197265625 326.518798828125 327.110260009765625 327.630462646484375 327.944366455078125 327.5550537109375 326.549072265625 325.194305419921875 323.63775634765625 321.970428466796875 320.36376953125 318.472503662109375 316.69879150390625 315.34893798828125 315.048492431640625 315.093353271484375 315.032257080078125 314.89154052734375 314.70208740234375 314.477203369140625 314.20135498046875 313.908477783203125 313.44525146484375 312.60699462890625 311.5655517578125 310.5743408203125 310.018310546875 309.841827392578125 309.4097900390625 308.7698974609375 307.87335205078125 307.115936279296875 306.441314697265625 305.561248779296875 305.352264404296875 305.49090576171875 305.456268310546875 305.594329833984375 305.80718994140625 305.891632080078125 305.87091064453125 305.880340576171875 305.541229248046875
324.028839111328125 324.650665283203125 325.30718994140625 325.747100830078125 326.212921142578125 326.67279052734375 327.071075439453125 326.865020751953125 325.903778076171875 324.508331298828125 322.954193115234375 321.372406005859375 319.99993896484375 317.743927001953125 315.65643310546875 314.970367431640625 315.094207763671875 315.177490234375 315.081207275390625 314.90997314453125 314.69281005859375 314.443023681640625 314.13739013671875 313.82415771484375 313.375457763671875 312.630035400390625 311.61285400390625 310.684112548828125 310.005096435546875 309.402801513671875 308.40814208984375 307.0869140625 305.84832763671875 305.586395263671875 305.36572265625 305.4766845703125 306.507537841796875 306.254669189453125 305.318878173828125 304.90155029296875 304.9278564453125 305.02960205078125 305.0609130859375 305.06524658203125 305.06121826171875
323.600494384765625 324.179412841796875 324.69305419921875 324.978057861328125 325.311004638671875 325.66949462890625 326.07818603515625 326.1561279296875 325.427459716796875 323.89105224609375 322.207550048828125 320.57952880859375 318.795654296875 316.22149658203125 315.061553955078125 315.0274658203125 315.220367431640625 315.297454833984375 315.160919189453125 314.953460693359375 314.70269775390625 314.42242431640625 314.085693359375 313.73931884765625 313.2705078125 312.611083984375 311.680511474609375 310.80780029296875 310.03265380859375 309.142120361328125 308.013580322265625 306.647735595703125 305.479248046875 305.06146240234375 304.710174560546875 304.53857421875 305.93951416015625 305.4757080078125 304.764739990234375 304.67108154296875 304.79620361328125 304.950927734375 305.030364990234375 305.060394287109375 305.10498046875
323.14208984375 323.675750732421875 324.062652587890625 324.247802734375 324.42010498046875 324.624176025390625 324.958892822265625 325.428314208984375 325.2244873046875 323.3321533203125 321.225311279296875 318.924224853515625 316.529296875 315.1937255859375 315.009002685546875 315.13494873046875 315.375732421875 315.454254150390625 315.2662353515625 315.01611328125 314.731353759765625 314.422149658203125 314.05670166015625 313.6810302734375 313.185394287109375 312.56646728515625 311.71270751953125 310.8963623046875 310.126220703125 309.159942626953125 308.02972412109375 306.804656982421875 305.780731201171875 304.947113037109375 302.754302978515625 301.678955078125 302.94757080078125 303.485504150390625 303.90704345703125 304.36822509765625 304.6517333984375 304.79437255859375 304.82635498046875 304.830810546875 304.962646484375
322.737945556640625 323.249114990234375 323.522003173828125 323.5218505859375 323.44073486328125 323.393829345703125 323.441131591796875 323.99432373046875 324.083709716796875 321.661956787109375 319.093505859375 316.575439453125 315.118743896484375 315.000762939453125 315.034515380859375 315.25653076171875 315.5267333984375 315.644866943359375 315.41033935546875 315.113800048828125 314.789398193359375 314.44390869140625 314.04815673828125 313.644287109375 313.11322021484375 312.506317138671875 311.712371826171875 310.94195556640625 310.188446044921875 309.340484619140625 308.304351806640625 307.12469482421875 305.99993896484375 304.259063720703125 301.250762939453125 300.117401123046875 300.59698486328125 301.7373046875 303.197509765625 304.189910888671875 304.527435302734375 304.5841064453125 304.47503662109375 304.37542724609375 304.43450927734375
322.372467041015625 322.881866455078125 323.04888916015625 322.791107177734375 322.33349609375 321.91754150390625 321.463287353515625 320.907379150390625 319.724334716796875 318.03265380859375 316.335357666015625 315.24359130859375 315.002044677734375 314.989288330078125 315.037841796875 315.25262451171875 315.490325927734375 315.659271240234375 315.503173828125 315.21728515625 314.870208740234375 314.494354248046875 314.073638916015625 313.660797119140625 313.083282470703125 312.432647705078125 311.622772216796875 310.851776123046875 310.1622314453125 309.4862060546875 308.626739501953125 307.56640625 306.107269287109375 303.683380126953125 301.40557861328125 300.06365966796875 300.010955810546875 300.585357666015625 302.750274658203125 304.3114013671875 304.4764404296875 304.2728271484375 303.899749755859375 303.6116943359375 303.37921142578125
322.047393798828125 322.410400390625 322.388580322265625 321.883056640625 321.133392333984375 320.472930908203125 319.6649169921875 318.4013671875 316.786376953125 315.4324951171875 314.854217529296875 314.826019287109375 314.930572509765625 314.90838623046875 314.98333740234375 315.176483154296875 315.38079833984375 315.585174560546875 315.5531005859375 315.33807373046875 314.993682861328125 314.59295654296875 314.17425537109375 313.775604248046875 313.125885009765625 312.416656494140625 311.557525634765625 310.712005615234375 310.062744140625 309.472442626953125 308.529754638671875 307.212860107421875 305.210540771484375 302.94549560546875 301.1285400390625 300.046234130859375 300.000152587890625 300.303131103515625 302.517333984375 304.376983642578125 304.16607666015625 303.73822021484375 303.25390625 302.814361572265625 302.251007080078125
