INPUT/RASTER/ASCII/elevation.asc
ncols        225
nrows        269
xllcorner    473000.000000000000
yllcorner    4429100.000000000000
cellsize     50.000000000000
NODATA_value -9999
[rows 160 to 179 of 269, columns 138 to 183 of 225]
238.5337066650390625 238.506744384765625 238.31634521484375 234.9051513671875 228.36248779296875 220.6712493896484375 213.3414154052734375 203.5927734375 198.031768798828125 194.3201904296875 197.4906463623046875 203.74859619140625 210.058624267578125 216.498016357421875 223.824005126953125 230.926849365234375 238.396026611328125 242.675262451171875 245.0299530029296875 245.2483978271484375 244.44293212890625 238.739471435546875 227.114105224609375 216.871124267578125 208.99639892578125 202.5170745849609375 196.306427001953125 190.6519622802734375 190.0021820068359375 190.0100860595703125 190.014556884765625 190.0172271728515625 190.0080413818359375 190.0949249267578125 192.3785400390625 196.746429443359375 199.442413330078125 198.4136810302734375 192.286773681640625 190.32000732421875 194.7687225341796875 199.5491180419921875 202.7455291748046875 204.58856201171875 206.8471221923828125 209.7745208740234375
233.4347381591796875 233.1951751708984375 232.35223388671875 229.26953125 225.0756072998046875 217.79473876953125 209.7400054931640625 200.809967041015625 198.3585205078125 193.9313201904296875 191.5622100830078125 196.8773345947265625 206.30621337890625 215.0971221923828125 224.617218017578125 233.5207366943359375 240.6900787353515625 244.0466766357421875 245 245.000152587890625 244.084503173828125 237.050384521484375 224.5691680908203125 214.6902313232421875 207.4429473876953125 201.0289154052734375 194.9340972900390625 190.1817626953125 189.972015380859375 189.961700439453125 189.9791107177734375 190.0026092529296875 190.009796142578125 189.980194091796875 189.941619873046875 190.33251953125 192.07293701171875 191.162384033203125 190.01080322265625 191.1275482177734375 196.448516845703125 201.08648681640625 204.54168701171875 207.4387664794921875 210.08990478515625 211.697784423828125
228.7095489501953125 227.1495208740234375 225.4270782470703125 223.1744842529296875 219.46807861328125 211.8560791015625 208.411224365234375 204.80194091796875 201.2679290771484375 194.9524993896484375 190.6912384033203125 194.20281982421875 204.599334716796875 214.5547943115234375 225.81524658203125 236.5153045654296875 241.7452239990234375 244.2894439697265625 244.984619140625 245 243.73565673828125 235.577239990234375 223.9553070068359375 214.0219879150390625 206.8634796142578125 199.9390716552734375 193.85333251953125 190.079071044921875 189.868072509765625 189.8859405517578125 189.932952880859375 189.983612060546875 190.0128021240234375 189.9891815185546875 189.885406494140625 189.9172515869140625 189.983184814453125 189.999725341796875 190.06512451171875 192.1031036376953125 197.2623291015625 201.4974822998046875 205.3535308837890625 208.33087158203125 210.6004486083984375 212.2694244384765625
223.3639678955078125 220.883819580078125 220.1025543212890625 218.7863616943359375 213.5026702880859375 213.5889739990234375 216.5500640869140625 215.61700439453125 208.53326416015625 198.1708831787109375 191.5669097900390625 192.0786895751953125 202.6042938232421875 213.859466552734375 226.4227294921875 239.47393798828125 240.8638153076171875 241.3312225341796875 242.3035736083984375 242.9719696044921875 242.1136474609375 234.537994384765625 223.525787353515625 213.581695556640625 206.3658905029296875 198.5819854736328125 191.3400726318359375 189.65618896484375 189.6626739501953125 189.766265869140625 189.8692474365234375 189.967742919921875 190.0379180908203125 190.034881591796875 189.823089599609375 189.875518798828125 189.9652099609375 190.02740478515625 191.3870391845703125 194.36895751953125 198.3599395751953125 201.7577972412109375 205.35772705078125 208.8156585693359375 210.8470306396484375 212.468841552734375
225.3374481201171875 225.0492401123046875 223.7161712646484375 221.359588623046875 220.140045166015625 221.2745208740234375 222.81787109375 219.6519927978515625 212.000946044921875 200.0379638671875 191.9314727783203125 190.3392333984375 197.988494873046875 209.9829864501953125 220.9125823974609375 228.406829833984375 230.8774871826171875 231.891082763671875 233.9929656982421875 236.521240234375 238.514434814453125 233.0305328369140625 223.186767578125 212.98748779296875 205.77301025390625 197.511016845703125 190.16455078125 189.34844970703125 189.428985595703125 189.655303955078125 189.8209228515625 189.96893310546875 190.0938568115234375 190.180023193359375 189.8976898193359375 189.8985443115234375 189.9833526611328125 190.55841064453125 193.4543914794921875 196.44580078125 199.5152740478515625 202.1413116455078125 205.42645263671875 208.8751220703125 210.9738006591796875 212.629241943359375
229.7122344970703125 229.9330596923828125 229.34844970703125 225.3581085205078125 222.783721923828125 221.6967926025390625 222.0955047607421875 216.4895477294921875 209.2500457763671875 199.3482208251953125 191.522552490234375 189.5755767822265625 193.388153076171875 202.1645965576171875 210.4171142578125 213.953338623046875 216.499237060546875 219.3988494873046875 223.567962646484375 227.8382568359375 231.62176513671875 230.0847320556640625 222.0341796875 212.2732391357421875 204.9384613037109375 195.9819488525390625 189.78631591796875 189.1468963623046875 189.1952972412109375 189.5225982666015625 189.7652740478515625 189.9803314208984375 190.1740875244140625 190.306793212890625 190.101531982421875 190.2159423828125 191.394195556640625 192.9647674560546875 195.7596588134765625 198.4446258544921875 200.6464691162109375 202.885406494140625 205.7759246826171875 209.139495849609375 211.1470489501953125 212.8297119140625
230.0505828857421875 230.1781158447265625 230.0708770751953125 226.728729248046875 223.714263916015625 221.2685699462890625 219.690673828125 213.87091064453125 207.5167694091796875 198.467132568359375 191.37249755859375 186.95599365234375 186.8504180908203125 192.0911407470703125 197.1109466552734375 200.7298126220703125 205.167816162109375 210.1979217529296875 215.69696044921875 221.1521759033203125 225.3597869873046875 224.77288818359375 219.41461181640625 211.5063934326171875 203.8424072265625 193.298095703125 189.5724639892578125 189.2133331298828125 189.2251129150390625 189.46429443359375 189.738128662109375 189.959228515625 190.1378021240234375 190.484527587890625 190.948974609375 192.0308990478515625 194.0031585693359375 195.6739044189453125 197.8640289306640625 199.5260772705078125 201.2172698974609375 203.6795501708984375 206.6102447509765625 209.70556640625 211.4281005859375 213.0922393798828125
230.0360870361328125 230.2105255126953125 230.144439697265625 226.8054046630859375 223.622406005859375 220.5767669677734375 217.904144287109375 212.830902099609375 208.9032440185546875 201.20208740234375 193.2116241455078125 186.3779449462890625 181.9667510986328125 184.07122802734375 187.3256988525390625 190.717742919921875 196.374420166015625 202.0843505859375 208.4232330322265625 214.5666656494140625 219.594573974609375 219.937469482421875 216.4380950927734375 210.4363250732421875 202.7118988037109375 191.39227294921875 189.3879241943359375 189.1291351318359375 189.1817626953125 189.443695068359375 189.9139251708984375 191.650146484375 191.51983642578125 192.5119781494140625 193.99139404296875 195.2264862060546875 197.0316162109375 198.64794921875 200.6632843017578125 201.7778472900390625 203.2422943115234375 205.02972412109375 207.5964508056640625 210.2256317138671875 211.6976470947265625 213.2768402099609375
228.1696014404296875 226.8108367919921875 225.371826171875 223.5778961181640625 221.668731689453125 219.952239990234375 217.0430450439453125 211.5504913330078125 208.65924072265625 202.8145751953125 194.6360015869140625 187.5619049072265625 182.3527679443359375 180.16943359375 180.51531982421875 183.0250244140625 189.507415771484375 195.97320556640625 202.6860809326171875 208.7823028564453125 214.4625244140625 216.437713623046875 214.0450897216796875 208.885467529296875 202.0507354736328125 191.3768157958984375 189.1487579345703125 188.8404998779296875 188.9854583740234375 189.357452392578125 189.9233856201171875 191.6184844970703125 192.9079437255859375 194.4277496337890625 196.4900970458984375 198.1481170654296875 199.7619171142578125 201.180145263671875 203.7937774658203125 204.908477783203125 205.0135498046875 206.2093658447265625 208.32489013671875 210.434967041015625 211.725006103515625 213.14111328125
218.2478790283203125 216.17437744140625 215.797515869140625 216.126251220703125 217.7386322021484375 217.4408721923828125 214.4661865234375 210.5258636474609375 210.1927337646484375 207.3808135986328125 197.742431640625 190.1877288818359375 185.86669921875 183.20330810546875 180.232421875 178.645477294921875 183.9584197998046875 190.5073699951171875 197.5632476806640625 205.0924224853515625 211.7650299072265625 214.1170806884765625 212.4480133056640625 207.597259521484375 201.4651947021484375 192.1614532470703125 189.01470947265625 188.3910675048828125 188.7630767822265625 189.31097412109375 189.8803253173828125 191.494415283203125 193.6560211181640625 195.6277618408203125 198.164703369140625 200.0796051025390625 201.56402587890625 203.1766815185546875 205.192047119140625 205.5876312255859375 205.303497314453125 206.575103759765625 208.666839599609375 210.459014892578125 211.5745391845703125 212.8659515380859375
206.9334564208984375 205.3058929443359375 205.8232879638671875 207.1708831787109375 209.5847625732421875 210.3425750732421875 209.1484527587890625 207.7086639404296875 208.47503662109375 206.1152801513671875 199.025970458984375 193.53570556640625 190.34881591796875 189.439697265625 184.5639801025390625 174.8857574462890625 173.648651123046875 184.88897705078125 194.75445556640625 204.06646728515625 210.7872467041015625 211.5094146728515625 210.7524871826171875 206.2961578369140625 200.62109375 191.653106689453125 189.156005859375 188.8055877685546875 188.98779296875 189.394287109375 190.0516815185546875 191.9493865966796875 194.2693634033203125 196.34173583984375 198.6856689453125 200.36541748046875 202.055206298828125 203.425506591796875 204.785430908203125 205.024810791015625 205.019989013671875 206.282806396484375 208.4915924072265625 210.2840118408203125 211.242523193359375 212.372894287109375
194.2491607666015625 194.6625213623046875 196.1150360107421875 198.930908203125 201.7933197021484375 203.0531158447265625 202.8884735107421875 201.384521484375 201.434112548828125 201.442626953125 198.408782958984375 193.9445648193359375 190.8030242919921875 189.999603271484375 185.930084228515625 175.558837890625 172.575042724609375 184.262420654296875 195.3661346435546875 205.6518707275390625 210.1482086181640625 210.3214263916015625 209.9737548828125 205.0631103515625 199.59136962890625 190.751739501953125 189.5160064697265625 189.3500518798828125 189.3927001953125 189.597320556640625 190.23809814453125 192.388458251953125 194.8024749755859375 196.8376007080078125 198.95086669921875 200.310546875 201.811309814453125 202.84381103515625 203.8871307373046875 204.3576202392578125 204.7393341064453125 205.7415771484375 207.9955596923828125 209.9921722412109375 210.6812896728515625 211.5628204345703125
189.474090576171875 187.8936309814453125 188.9850311279296875 192.8606109619140625 195.286285400390625 196.491424560546875 196.6391143798828125 195.3081512451171875 195.387725830078125 196.0280303955078125 194.7970428466796875 192.2340545654296875 189.712921142578125 187.7422332763671875 180.1117706298828125 171.619903564453125 173.3071746826171875 185.2913055419921875 197.11590576171875 207.164794921875 210.000244140625 210.0019378662109375 209.7420806884765625 203.685302734375 197.89617919921875 190.20733642578125 189.826751708984375 189.7389678955078125 189.7489776611328125 189.835174560546875 190.4183807373046875 192.83087158203125 195.5102386474609375 197.48870849609375 199.1863861083984375 200.169097900390625 201.2411956787109375 202.0411224365234375 202.9306793212890625 203.559051513671875 204.1871337890625 205.2804107666015625 207.3965911865234375 209.4322052001953125 210.08404541015625 210.5764007568359375
188.1379852294921875 182.88336181640625 183.8546142578125 187.42266845703125 188.7132415771484375 189.5782928466796875 189.6363067626953125 188.314361572265625 189.152130126953125 190.81298828125 190.3423004150390625 188.051849365234375 184.7294769287109375 180.1503143310546875 172.0895233154296875 170.0010528564453125 176.0656280517578125 186.7495269775390625 198.938323974609375 208.03045654296875 210.070159912109375 210.02581787109375 209.4572601318359375 203.4588470458984375 196.8669891357421875 190.031768798828125 189.985321044921875 189.9549407958984375 189.958526611328125 189.98895263671875 190.351898193359375 192.6293182373046875 195.9286041259765625 197.82818603515625 199.0313873291015625 199.8661956787109375 200.62078857421875 201.2220001220703125 202.1049346923828125 202.8886260986328125 203.777099609375 204.981903076171875 206.740570068359375 208.543975830078125 209.5015869140625 209.803253173828125
189.1539764404296875 181.430419921875 180.022308349609375 182.057373046875 182.906524658203125 183.527374267578125 183.081085205078125 180.648712158203125 182.5088958740234375 184.69482421875 183.9520263671875 181.432159423828125 177.228790283203125 171.855865478515625 169.6633453369140625 169.8978118896484375 178.505157470703125 189.2258453369140625 202.60552978515625 210.0577850341796875 210.9120941162109375 210.4619293212890625 209.2844085693359375 203.2191314697265625 195.989349365234375 190.0444488525390625 190.0841522216796875 190.105621337890625 190.1048126220703125 190.08270263671875 190.084869384765625 192.3416900634765625 195.69744873046875 197.626739501953125 198.98687744140625 199.6811981201171875 200.0647125244140625 200.43585205078125 201.456695556640625 202.4499664306640625 203.642669677734375 204.8669891357421875 206.371368408203125 208.1180267333984375 209.3643035888671875 210.2623443603515625
188.6055450439453125 182.1186676025390625 176.036895751953125 172.9746551513671875 174.5991363525390625 175.9301605224609375 173.403350830078125 172.1954345703125 176.602081298828125 177.6094818115234375 175.772857666015625 172.4122772216796875 168.8277435302734375 167.3192596435546875 168.4038543701171875 169.56829833984375 178.629730224609375 190.4530792236328125 205.27178955078125 212.008453369140625 212.8249969482421875 211.430999755859375 209.184600830078125 203.020660400390625 195.6700897216796875 190.0716400146484375 190.1425323486328125 190.19891357421875 190.1988983154296875 190.148101806640625 190.1506195068359375 192.88525390625 195.9580078125 197.7628326416015625 199.1046600341796875 199.7290802001953125 199.99835205078125 200.0678253173828125 201.038299560546875 202.2454681396484375 203.6147918701171875 204.921051025390625 206.2133941650390625 207.907135009765625 209.342742919921875 210.692962646484375
183.5506744384765625 181.0528564453125 175.547149658203125 170.0385284423828125 169.7987518310546875 170.3686370849609375 170.00335693359375 169.939361572265625 171.5595550537109375 170.7800140380859375 166.593017578125 163.61962890625 161.139495849609375 160.9134979248046875 162.8686370849609375 169.226806640625 180.6597747802734375 191.7810821533203125 207.070098876953125 214.133270263671875 216.138763427734375 212.349822998046875 208.246917724609375 202.388153076171875 195.3273468017578125 190.073486328125 190.182708740234375 190.3037261962890625 190.305450439453125 190.1763763427734375 190.3621673583984375 193.697601318359375 196.81982421875 198.28594970703125 199.3823699951171875 199.88323974609375 200.042572021484375 200.1500701904296875 201.1129150390625 202.290374755859375 203.55389404296875 204.708831787109375 205.965179443359375 207.6756134033203125 209.217376708984375 210.7976837158203125
176.3680877685546875 177.7001953125 173.0981292724609375 168.5026702880859375 167.411590576171875 168.775238037109375 168.3719940185546875 166.548095703125 166.0464324951171875 163.733551025390625 160.870391845703125 160.0413360595703125 160 160.0044097900390625 163.3073883056640625 170.5605316162109375 181.7303009033203125 192.641815185546875 206.7134857177734375 212.661041259765625 214.03558349609375 211.53497314453125 207.2110595703125 201.441925048828125 195.520599365234375 190.2230072021484375 190.1037445068359375 190.1309051513671875 190.12261962890625 190.0898284912109375 191.0149078369140625 194.1830596923828125 197.4374847412109375 198.691741943359375 199.8108673095703125 200.1628570556640625 200.559234619140625 200.9235076904296875 201.700714111328125 202.6343231201171875 203.6684112548828125 204.5625457763671875 205.5859832763671875 207.1980743408203125 208.682891845703125 210.5614166259765625
168.1182708740234375 168.793365478515625 167.2791290283203125 164.4332122802734375 162.72021484375 164.9274749755859375 164.5839080810546875 161.47216796875 160.3629150390625 159.9695892333984375 159.9998779296875 160 160.0324554443359375 160.132720947265625 164.41387939453125 172.00115966796875 181.636505126953125 192.0755157470703125 205.406036376953125 210.4073638916015625 211.063568115234375 209.291015625 205.164947509765625 199.9476165771484375 195.4034881591796875 190.46881103515625 189.8766632080078125 189.713958740234375 189.6703033447265625 189.819915771484375 191.1877593994140625 193.6390838623046875 196.3154754638671875 198.3970184326171875 200.0587310791015625 200.4324493408203125 201.0572662353515625 201.5851898193359375 202.3538818359375 203.095428466796875 203.9224700927734375 204.665771484375 205.6286468505859375 207.099273681640625 208.354034423828125 210.0467529296875
162.3951568603515625 163.189788818359375 162.2529144287109375 159.876007080078125 159.202972412109375 160.65380859375 160.5451812744140625 158.9794921875 158.4678192138671875 159.8223419189453125 162.6768951416015625 163.9708404541015625 165.0454254150390625 168.3694000244140625 169.472320556640625 173.8058319091796875 181.454559326171875 189.94891357421875 203.2337799072265625 209.245208740234375 208.7683868408203125 204.8605194091796875 201.462005615234375 198.1168365478515625 193.8215179443359375 190.0730438232421875 189.6479949951171875 189.34405517578125 189.2029266357421875 189.641143798828125 191.3248291015625 193.799774169921875 196.3000946044921875 198.26971435546875 200.0716400146484375 200.641632080078125 201.5540618896484375 202.2033843994140625 202.9769287109375 203.5402679443359375 204.180419921875 204.77862548828125 205.6805419921875 207.1352996826171875 208.32177734375 209.7515716552734375
