INPUT/RASTER/ASCII/elevation.asc
ncols        225
nrows        269
xllcorner    473000.000000000000
yllcorner    4429100.000000000000
cellsize     50.000000000000
NODATA_value -9999
[rows 40 to 59 of 269, columns 46 to 91 of 225]
338.285064697265625 337.89105224609375 337.28680419921875 336.512298583984375 335.525634765625 335.305267333984375 335.332427978515625 335.058868408203125 334.977386474609375 335.2623291015625 336.092437744140625 336.868408203125 337.562469482421875 337.673736572265625 337.226837158203125 336.162628173828125 335.217681884765625 334.40093994140625 333.06201171875 330.602569580078125 329.716033935546875 328.961822509765625 328.2041015625 -9999 -9999 -9999 -9999 -9999 -9999 -9999 -9999 -9999 -9999 -9999 -9999 -9999 -9999 -9999 -9999 -9999 -9999 -9999 -9999 -9999 -9999 -9999
335.61865234375 335.01226806640625 334.401031494140625 333.70556640625 333.157073974609375 332.808258056640625 332.478363037109375 332.047332763671875 331.7801513671875 332.600311279296875 333.61944580078125 334.197357177734375 334.922576904296875 335.414794921875 335.30145263671875 334.533599853515625 333.85430908203125 332.964569091796875 331.814483642578125 329.903656005859375 329.093414306640625 328.155059814453125 327.289947509765625 -9999 -9999 -9999 -9999 -9999 -9999 -9999 -9999 -9999 -9999 -9999 -9999 -9999 -9999 -9999 -9999 -9999 -9999 -9999 -9999 -9999 -9999 -9999
333.093841552734375 332.417388916015625 331.29931640625 330.4635009765625 330.031158447265625 329.89923095703125 329.841888427734375 329.782379150390625 329.88677978515625 330.505615234375 331.230438232421875 331.854034423828125 332.903472900390625 333.615753173828125 333.7939453125 333.289642333984375 332.677032470703125 331.7342529296875 330.6612548828125 329.163818359375 328.382415771484375 327.529144287109375 326.730560302734375 -9999 -9999 -9999 -9999 -9999 -9999 -9999 -9999 -9999 -9999 -9999 -9999 -9999 -9999 -9999 -9999 -9999 -9999 -9999 -9999 -9999 -9999 -9999
330.32989501953125 329.7608642578125 329.388031005859375 329.01153564453125 328.766510009765625 328.680419921875 328.769439697265625 328.943603515625 329.28125 329.56439208984375 329.786956787109375 330.14788818359375 331.346893310546875 332.099334716796875 332.361114501953125 332.05499267578125 331.533294677734375 330.63623046875 329.53240966796875 328.134368896484375 327.51776123046875 326.852325439453125 326.205078125 -9999 -9999 -9999 -9999 -9999 -9999 -9999 -9999 -9999 -9999 -9999 -9999 -9999 -9999 -9999 -9999 -9999 -9999 -9999 -9999 -9999 -9999 -9999
328.812530517578125 328.2806396484375 327.853546142578125 327.67010498046875 327.4693603515625 327.436767578125 327.657745361328125 327.906158447265625 328.3917236328125 328.799224853515625 329.283172607421875 329.62335205078125 330.174713134765625 330.69482421875 330.92401123046875 330.732086181640625 330.300384521484375 329.123626708984375 327.66973876953125 326.920013427734375 326.6636962890625 326.235992431640625 325.75848388671875 -9999 -9999 -9999 -9999 -9999 -9999 -9999 -9999 -9999 -9999 -9999 -9999 -9999 -9999 -9999 -9999 -9999 -9999 -9999 -9999 -9999 -9999 -9999
327.111541748046875 326.69158935546875 326.42889404296875 326.376861572265625 326.30059814453125 326.354644775390625 326.735809326171875 327.1566162109375 327.84881591796875 328.358123779296875 328.97186279296875 329.360870361328125 329.75823974609375 329.959869384765625 329.9940185546875 329.930633544921875 329.47943115234375 328.21295166015625 326.9466552734375 326.176055908203125 326.0518798828125 325.771514892578125 325.394439697265625 325.05157470703125 -9999 -9999 -9999 -9999 -9999 -9999 -9999 -9999 -9999 -9999 -9999 -9999 -9999 -9999 -9999 -9999 -9999 -9999 -9999 -9999 -9999 -9999
324.869476318359375 324.75433349609375 324.388702392578125 324.29693603515625 324.591094970703125 325.050750732421875 325.790863037109375 326.543365478515625 327.502777099609375 328.133544921875 328.8070068359375 329.18212890625 329.433624267578125 329.662994384765625 329.84552001953125 329.74627685546875 329.290618896484375 328.284637451171875 327.287933349609375 326.223175048828125 325.784515380859375 325.4962158203125 325.22412109375 324.8814697265625 -9999 -9999 -9999 -9999 -9999 -9999 -9999 -9999 -9999 -9999 -9999 -9999 -9999 -9999 -9999 -9999 -9999 -9999 -9999 -9999 -9999 -9999
322.203887939453125 322.242889404296875 322.112640380859375 322.543121337890625 323.449554443359375 324.35272216796875 325.443023681640625 326.3846435546875 327.491729736328125 328.1749267578125 328.829376220703125 329.187774658203125 329.435791015625 329.639068603515625 329.82135009765625 329.714691162109375 329.309478759765625 328.435455322265625 327.544097900390625 326.4229736328125 325.804412841796875 325.456390380859375 325.182861328125 324.454437255859375 323.32666015625 -9999 -9999 -9999 -9999 -9999 -9999 -9999 -9999 -9999 -9999 -9999 -9999 -9999 -9999 -9999 -9999 -9999 -9999 -9999 -9999 -9999
319.967864990234375 320.101318359375 320.055450439453125 320.782989501953125 322.29962158203125 323.62591552734375 325.31927490234375 326.50537109375 327.7430419921875 328.409912109375 328.988006591796875 329.303070068359375 329.5380859375 329.704681396484375 329.849578857421875 329.81475830078125 329.507659912109375 328.76910400390625 327.9814453125 326.82244873046875 325.939971923828125 325.457183837890625 325.171600341796875 324.207733154296875 321.9334716796875 320.62982177734375 -9999 -9999 -9999 -9999 -9999 -9999 -9999 -9999 -9999 -9999 -9999 -9999 -9999 -9999 -9999 -9999 -9999 -9999 -9999 -9999
319.418548583984375 319.88885498046875 319.99981689453125 320.260772705078125 322.121185302734375 323.5364990234375 325.1220703125 326.649078369140625 328.099151611328125 328.714569091796875 329.16314697265625 329.42095947265625 329.619598388671875 329.78436279296875 329.904144287109375 329.933074951171875 329.74786376953125 329.12103271484375 328.4168701171875 327.346527099609375 326.461456298828125 325.6861572265625 325.213623046875 324.21112060546875 321.772003173828125 320.1610107421875 -9999 -9999 -9999 -9999 -9999 -9999 -9999 -9999 -9999 -9999 -9999 -9999 -9999 -9999 -9999 -9999 -9999 -9999 -9999 -9999
318.866058349609375 319.6947021484375 320.1351318359375 321.35150146484375 323.061767578125 324.007598876953125 325.01031494140625 326.55303955078125 328.6964111328125 329.13458251953125 329.37255859375 329.548431396484375 329.728118896484375 329.94793701171875 330.537567138671875 331.00543212890625 330.732208251953125 330.04949951171875 329.36138916015625 328.255401611328125 327.188385009765625 326.16485595703125 325.390899658203125 324.32098388671875 322.03533935546875 320.4072265625 320.037811279296875 321.066650390625 -9999 -9999 -9999 -9999 -9999 -9999 -9999 -9999 -9999 -9999 -9999 -9999 -9999 -9999 -9999 -9999 -9999 -9999
318.485076904296875 319.587890625 320.54296875 322.194122314453125 323.5611572265625 324.1580810546875 324.83404541015625 326.18524169921875 328.1614990234375 328.936492919921875 329.397186279296875 329.642364501953125 329.824188232421875 330.462982177734375 332.381561279296875 333.16986083984375 332.3656005859375 331.129119873046875 330.14727783203125 328.788177490234375 327.5234375 326.3543701171875 325.431121826171875 324.18365478515625 321.90826416015625 320.442840576171875 319.99993896484375 320.22442626953125 322.816314697265625 325.042572021484375 -9999 -9999 -9999 -9999 -9999 -9999 -9999 -9999 -9999 -9999 -9999 -9999 -9999 -9999 -9999 -9999
318.284881591796875 319.49871826171875 320.5853271484375 322.0736083984375 323.242919921875 323.950958251953125 324.678131103515625 325.713775634765625 327.469390869140625 328.499725341796875 329.310211181640625 329.734405517578125 330.001373291015625 331.7955322265625 334.478790283203125 334.94036865234375 333.440948486328125 331.94036865234375 330.793426513671875 329.2138671875 327.682830810546875 326.246856689453125 324.947418212890625 322.937896728515625 320.74456787109375 320.004791259765625 319.93658447265625 319.976898193359375 321.322479248046875 323.558929443359375 324.69439697265625 325.2071533203125 -9999 -9999 -9999 -9999 -9999 -9999 -9999 -9999 -9999 -9999 -9999 -9999 -9999 -9999
318.25323486328125 319.5419921875 320.37042236328125 321.98529052734375 323.06036376953125 323.748809814453125 324.515716552734375 325.337615966796875 327.055389404296875 328.2421875 329.280670166015625 329.86065673828125 330.516632080078125 332.4154052734375 334.259185791015625 334.392913818359375 333.293304443359375 331.951385498046875 330.8885498046875 329.349395751953125 327.550140380859375 325.740936279296875 323.930755615234375 321.810394287109375 320.01300048828125 319.809356689453125 319.86163330078125 319.865447998046875 320.329742431640625 321.80029296875 322.934600830078125 323.577423095703125 323.861602783203125 323.57513427734375 322.905120849609375 -9999 -9999 -9999 -9999 -9999 -9999 -9999 -9999 -9999 -9999 -9999
318.079498291015625 319.5635986328125 320.2664794921875 321.849456787109375 322.811187744140625 323.53204345703125 324.370513916015625 325.076385498046875 326.8277587890625 328.219268798828125 329.49737548828125 330.282623291015625 331.118072509765625 332.549346923828125 333.754364013671875 333.608489990234375 332.723052978515625 331.591156005859375 330.6654052734375 329.36529541015625 327.428619384765625 325.448486328125 323.427337646484375 321.76513671875 320.328399658203125 319.932037353515625 319.59478759765625 319.257537841796875 319.188873291015625 319.82415771484375 320.826080322265625 321.5048828125 321.77362060546875 321.559478759765625 321.10272216796875 320.75360107421875 320.6461181640625 320.530303955078125 320.268707275390625 -9999 -9999 -9999 -9999 -9999 -9999 -9999
317.718658447265625 319.229248046875 320.06829833984375 321.223663330078125 322.564178466796875 323.42730712890625 324.33148193359375 324.957427978515625 327.0235595703125 328.8035888671875 330.20843505859375 330.92913818359375 331.70782470703125 332.689239501953125 333.405242919921875 332.827789306640625 332.006805419921875 331.013336181640625 330.2147216796875 328.75750732421875 326.93017578125 325.224151611328125 323.604644775390625 322.236846923828125 320.862884521484375 320.05096435546875 319.107025146484375 318.223907470703125 317.773895263671875 318.595367431640625 319.47747802734375 320.084503173828125 320.388214111328125 320.193389892578125 319.99212646484375 320.00335693359375 320.098297119140625 320.110748291015625 320.0369873046875 319.0982666015625 -9999 -9999 -9999 310.863922119140625 313.207855224609375 -9999
317.76788330078125 319.266021728515625 320.206787109375 321.2720947265625 322.62481689453125 323.547088623046875 324.445281982421875 325.200531005859375 327.69696044921875 329.644256591796875 330.624114990234375 331.295745849609375 332.03289794921875 332.704437255859375 332.913818359375 332.113555908203125 331.272918701171875 330.31610107421875 329.417205810546875 327.897308349609375 326.20001220703125 324.82196044921875 323.7548828125 322.558807373046875 321.22149658203125 320.14947509765625 318.8145751953125 317.49908447265625 317.236419677734375 318.128509521484375 318.619720458984375 318.973236083984375 319.35015869140625 319.538787841796875 319.62701416015625 319.87255859375 319.999908447265625 320 320 319.078033447265625 317.061279296875 315.098114013671875 311.877197265625 310.035736083984375 311.007232666015625 314.218902587890625
318.488128662109375 319.719451904296875 320.86773681640625 322.009796142578125 323.18505859375 324.068634033203125 324.981414794921875 326.444366455078125 329.042388916015625 330.277374267578125 330.89678955078125 331.5350341796875 332.042633056640625 332.35467529296875 332.3228759765625 331.638031005859375 330.758819580078125 329.67376708984375 328.498565673828125 327.00189208984375 325.808837890625 324.807159423828125 323.804656982421875 322.767120361328125 321.4842529296875 320.367218017578125 319.441986083984375 318.642364501953125 318.212677001953125 318.174102783203125 318.1278076171875 318.109588623046875 318.201904296875 318.53668212890625 318.73016357421875 319.287139892578125 319.9281005859375 320 319.999969482421875 319.2811279296875 317.25262451171875 315.209075927734375 311.81024169921875 310.0001220703125 310.227447509765625 312.4007568359375
319.750244140625 320.968017578125 321.924407958984375 322.889007568359375 323.94793701171875 324.832977294921875 326.10430908203125 327.68780517578125 329.81988525390625 330.49615478515625 331.0863037109375 331.656890869140625 332.007537841796875 332.117889404296875 331.93170166015625 331.2874755859375 330.54150390625 329.204559326171875 327.424652099609375 325.8173828125 324.76971435546875 324.2950439453125 323.685943603515625 322.92626953125 321.76806640625 320.73651123046875 320.05352783203125 319.844085693359375 318.880615234375 318.1942138671875 317.64630126953125 317.217071533203125 316.881072998046875 316.5870361328125 316.91717529296875 318.067352294921875 319.575775146484375 320 319.999969482421875 319.47711181640625 317.258270263671875 315.076019287109375 311.716156005859375 310.00091552734375 310.017059326171875 311.039093017578125
321.136993408203125 322.4901123046875 323.74212646484375 324.54217529296875 325.410186767578125 326.371826171875 327.748291015625 329.192596435546875 330.28216552734375 330.748443603515625 331.285980224609375 331.819580078125 332.0418701171875 331.900177001953125 331.479339599609375 330.77801513671875 330.128997802734375 327.983123779296875 325.66021728515625 323.677093505859375 322.619598388671875 322.742523193359375 322.9736328125 322.866912841796875 322.18878173828125 321.1197509765625 320.2525634765625 319.963165283203125 319.123138427734375 318.0506591796875 317.155029296875 316.294036865234375 315.457427978515625 314.904541015625 315.172119140625 316.804229736328125 318.38739013671875 319.30572509765625 319.52197265625 318.736480712890625 316.8048095703125 314.682464599609375 311.721221923828125 310.017913818359375 310 310.211029052734375
