INPUT/RASTER/ASCII/elevation.asc
ncols        225
nrows        269
xllcorner    473000.000000000000
yllcorner    4429100.000000000000
cellsize     50.000000000000
NODATA_value -9999
[rows 140 to 159 of 269, columns 92 to 137 of 225]
252.3380126953125 251.4269561767578125 250.1500244140625 248.1579437255859375 246.1617584228515625 244.3216552734375 243.3665008544921875 243.2138671875 243.7806854248046875 243.6015167236328125 242.63641357421875 241.1705169677734375 239.7155609130859375 238.533599853515625 237.236785888671875 236.181671142578125 234.967498779296875 231.5379180908203125 232.713958740234375 230.72235107421875 227.0599365234375 227.8709716796875 230.7261199951171875 233.6955108642578125 238.576812744140625 243.577545166015625 247.909515380859375 253.017242431640625 257.529937744140625 261.087799072265625 262.886871337890625 261.2344970703125 258.765228271484375 257.388427734375 255.6970062255859375 253.18609619140625 250.7263641357421875 249.9139404296875 -9999 -9999 -9999 -9999 -9999 -9999 -9999 -9999
250.4601287841796875 249.677520751953125 248.329559326171875 246.40484619140625 244.606292724609375 242.705078125 241.397308349609375 240.8341064453125 241.5009613037109375 241.858856201171875 241.5266571044921875 240.7960968017578125 239.6190338134765625 238.186859130859375 236.921234130859375 235.9851531982421875 235.1328887939453125 231.001129150390625 229.7092742919921875 226.778106689453125 223.3850250244140625 229.2364349365234375 232.66015625 235.86248779296875 239.493988037109375 244.125762939453125 248.4986724853515625 254.2027435302734375 258.783782958984375 260.634857177734375 261.00799560546875 259.72021484375 256.14349365234375 254.4868927001953125 252.86712646484375 250.7436676025390625 249.9083404541015625 249.7367401123046875 -9999 -9999 -9999 -9999 -9999 -9999 -9999 -9999
248.3527679443359375 247.8088531494140625 246.747711181640625 245.1410369873046875 243.2097015380859375 241.032989501953125 240.0341796875 239.93218994140625 240.18060302734375 240.65936279296875 240.6178436279296875 240.2595672607421875 238.7706298828125 237.3267974853515625 236.261962890625 235.521575927734375 234.173797607421875 228.671142578125 224.040130615234375 221.971893310546875 222.8681182861328125 230.1527557373046875 233.699859619140625 236.93914794921875 240.1025543212890625 244.3764495849609375 249.1360321044921875 255.01275634765625 259.362548828125 260.12139892578125 260.18316650390625 258.87005615234375 254.7384033203125 252.68084716796875 250.9443359375 249.9287872314453125 249.7270660400390625 -9999 -9999 -9999 -9999 -9999 -9999 -9999 -9999 -9999
246.1748809814453125 246.136260986328125 245.5833282470703125 243.8590545654296875 241.8207550048828125 239.9381561279296875 239.5467681884765625 239.505950927734375 239.6021881103515625 239.7420806884765625 239.6946563720703125 238.5364227294921875 236.32025146484375 235.8982391357421875 235.418975830078125 233.32763671875 227.9168243408203125 222.672515869140625 220.1048583984375 220.040069580078125 223.450836181640625 230.660797119140625 234.340911865234375 237.70794677734375 241.03717041015625 245.1565093994140625 250.092529296875 255.6582489013671875 259.137451171875 259.942291259765625 259.788970947265625 257.541534423828125 254.0227813720703125 251.4770355224609375 249.8712310791015625 249.62432861328125 -9999 -9999 -9999 -9999 -9999 -9999 -9999 -9999 249.6348419189453125 249.586090087890625
244.90264892578125 245.1924285888671875 244.5995025634765625 242.7578125 240.952728271484375 239.5345611572265625 239.0333251953125 238.718719482421875 238.36309814453125 237.8033447265625 236.893157958984375 234.9654998779296875 233.977325439453125 233.839324951171875 233.0191802978515625 226.431793212890625 219.00384521484375 219.8120269775390625 220.000030517578125 220.012939453125 224.9347076416015625 231.5769500732421875 235.043670654296875 238.428985595703125 241.9298553466796875 246.4326171875 251.5145416259765625 255.4087066650390625 256.587921142578125 256.453948974609375 256.221771240234375 255.2531890869140625 252.9346466064453125 250.4346466064453125 -9999 -9999 -9999 -9999 -9999 -9999 -9999 -9999 -9999 -9999 249.884429931640625 249.7042236328125
242.511688232421875 242.900146484375 242.300750732421875 241.19342041015625 240.2164154052734375 239.412933349609375 238.7447052001953125 237.568359375 236.70465087890625 235.6461944580078125 233.9498138427734375 231.290557861328125 228.8135223388671875 227.6866302490234375 226.696624755859375 218.92523193359375 214.5988006591796875 220.405120849609375 222.5171051025390625 222.3991241455078125 228.6286468505859375 232.6910247802734375 235.8574676513671875 239.1635284423828125 242.8687896728515625 247.4097747802734375 252.1180267333984375 254.9941253662109375 255.0106658935546875 254.947845458984375 254.4654541015625 253.3696136474609375 251.6453857421875 -9999 -9999 -9999 -9999 -9999 -9999 -9999 -9999 -9999 -9999 -9999 249.9948883056640625 249.7898101806640625
239.9113311767578125 240.03753662109375 239.7471771240234375 239.31793212890625 239.2489776611328125 239.1637115478515625 238.94464111328125 237.2318878173828125 235.10272216796875 232.9771728515625 230.473388671875 220.0106048583984375 212.60687255859375 211.7573089599609375 212.1815185546875 211.1067352294921875 216.9697265625 225.2810821533203125 229.7556304931640625 230.2972412109375 232.1156463623046875 234.3853912353515625 237.140167236328125 240.1974945068359375 244.050689697265625 249.0868072509765625 253.370513916015625 254.9917449951171875 255.0001373291015625 254.831146240234375 253.9530792236328125 -9999 -9999 -9999 -9999 -9999 -9999 -9999 -9999 -9999 -9999 -9999 -9999 -9999 -9999 249.82135009765625
237.5631103515625 237.372406005859375 237.0041351318359375 237.083831787109375 237.548095703125 238.004119873046875 238.384124755859375 236.8548583984375 232.936676025390625 226.67974853515625 218.3379364013671875 210.67779541015625 210.146881103515625 211.880126953125 213.4962310791015625 215.2404022216796875 223.1576080322265625 229.6238861083984375 231.6674957275390625 232.6401214599609375 233.989837646484375 235.896270751953125 238.4006195068359375 241.430877685546875 245.2274627685546875 250.3679351806640625 254.290771484375 255.1712188720703125 255.274810791015625 255.00799560546875 254.01104736328125 -9999 -9999 -9999 -9999 -9999 -9999 -9999 -9999 -9999 -9999 -9999 -9999 -9999 -9999 249.8199920654296875
235.6177978515625 235.158416748046875 234.8367919921875 235.2270660400390625 235.8567657470703125 236.2904510498046875 236.22174072265625 233.794921875 226.907501220703125 212.8758544921875 205.2140350341796875 208.4021453857421875 214.239410400390625 222.80084228515625 228.522735595703125 229.9980316162109375 231.5076904296875 233.0758209228515625 234.12811279296875 235.0015106201171875 236.073577880859375 237.6600799560546875 239.90594482421875 243.0501556396484375 247.1680145263671875 251.5351409912109375 255.07342529296875 256.055999755859375 256.59912109375 256.574005126953125 255.587188720703125 253.518646240234375 -9999 -9999 -9999 -9999 -9999 -9999 -9999 -9999 -9999 -9999 -9999 -9999 250.056915283203125 249.827545166015625
233.6337127685546875 233.167327880859375 233.05078125 233.374908447265625 233.9787750244140625 234.5647430419921875 233.8424835205078125 230.14508056640625 218.51409912109375 204.63360595703125 201.967926025390625 210.855682373046875 222.0923004150390625 230.404541015625 234.177398681640625 235.3106842041015625 235.646514892578125 235.941162109375 236.3753509521484375 236.9633636474609375 237.784820556640625 239.0891265869140625 241.2176971435546875 244.1889801025390625 248.3105316162109375 252.2703704833984375 255.7018585205078125 256.98846435546875 257.92449951171875 258.2391357421875 257.2208251953125 255.22967529296875 252.06353759765625 -9999 -9999 -9999 -9999 -9999 -9999 -9999 -9999 -9999 250.23382568359375 250.301361083984375 250.1533355712890625 249.80194091796875
231.75823974609375 231.2861175537109375 231.19122314453125 231.3183746337890625 231.36297607421875 231.4084014892578125 230.5539093017578125 223.8282623291015625 210.6148223876953125 200.777618408203125 206.051605224609375 217.8324127197265625 229.604736328125 235.997314453125 239.404937744140625 240.0047760009765625 239.995391845703125 239.420501708984375 238.9180755615234375 239.078155517578125 239.5567779541015625 240.8369903564453125 243.0498199462890625 245.4922637939453125 249.091827392578125 253.1800537109375 257.1087646484375 258.405853271484375 259.510009765625 259.969207763671875 259.450286865234375 257.5762939453125 255.1958160400390625 253.2421722412109375 251.43408203125 250.0681915283203125 249.7822265625 -9999 249.59954833984375 249.7434234619140625 250.0654296875 250.4714813232421875 250.6920928955078125 250.720245361328125 250.247711181640625 249.7652740478515625
230.035797119140625 229.3291473388671875 228.9444427490234375 228.4570159912109375 227.951416015625 226.9721832275390625 224.583740234375 215.6481781005859375 204.5050811767578125 200.372894287109375 209.1299285888671875 220.6465301513671875 232.18426513671875 238.7031097412109375 240.3881072998046875 241.0732879638671875 241.286865234375 240.8026885986328125 240.0709075927734375 239.9505462646484375 240.3082427978515625 242.0666656494140625 244.1875 246.2029876708984375 249.999053955078125 254.0351104736328125 257.321044921875 258.6810302734375 259.73291015625 260.01751708984375 260.07159423828125 259.7100830078125 258.301544189453125 256.36260986328125 254.724395751953125 253.0511932373046875 251.9761810302734375 250.701385498046875 250.154205322265625 250.2524566650390625 250.895751953125 251.2729034423828125 251.2883453369140625 251.0862274169921875 250.4554901123046875 249.8298797607421875
228.1391448974609375 226.78887939453125 225.673583984375 224.3404693603515625 222.5854644775390625 220.382476806640625 216.6309356689453125 206.120635986328125 200.3243408203125 201.8762664794921875 211.617828369140625 221.9311065673828125 231.381439208984375 237.330596923828125 240.877655029296875 242.3196868896484375 242.7572479248046875 242.130401611328125 241.3555450439453125 241.1408538818359375 241.89361572265625 243.5317840576171875 245.3182830810546875 248.2167510986328125 251.975860595703125 254.960906982421875 256.929046630859375 258.45068359375 259.76416015625 260.138275146484375 260.358917236328125 260.476287841796875 260.333892822265625 259.870758056640625 258.813812255859375 256.973388671875 255.506011962890625 254.1240692138671875 253.026641845703125 252.412353515625 252.492889404296875 252.481231689453125 252.17059326171875 251.7280731201171875 250.9597015380859375 250.198394775390625
226.1006622314453125 223.9673919677734375 222.54998779296875 220.4535369873046875 214.9459075927734375 208.30621337890625 203.374847412109375 200.2041015625 200.082244873046875 205.1312408447265625 214.08331298828125 223.2831878662109375 231.431427001953125 236.408599853515625 240.579864501953125 242.756744384765625 243.45379638671875 242.93695068359375 242.7272796630859375 242.8628692626953125 243.591888427734375 245.345733642578125 247.6408538818359375 250.3763885498046875 253.3094635009765625 255.5413970947265625 257.053192138671875 258.468170166015625 259.819580078125 260.187530517578125 260.547576904296875 260.867156982421875 260.6551513671875 260.3134765625 260.01947021484375 258.38446044921875 256.9254150390625 255.83270263671875 255.1028289794921875 254.23223876953125 253.705047607421875 253.3377685546875 252.797515869140625 252.2019805908203125 251.3165435791015625 250.49261474609375
222.0338592529296875 218.0514068603515625 216.5491485595703125 212.9024200439453125 205.78204345703125 199.09381103515625 198.6579742431640625 199.7648468017578125 201.1455535888671875 208.9866790771484375 216.7283172607421875 224.824676513671875 231.6732177734375 235.6468658447265625 239.345184326171875 241.5710296630859375 242.6223602294921875 242.858673095703125 243.2638092041015625 244.0158233642578125 245.1439971923828125 247.3440399169921875 249.783935546875 252.032806396484375 254.527557373046875 255.8793182373046875 257.09832763671875 258.233489990234375 259.3387451171875 259.949859619140625 260.350860595703125 260.692962646484375 260.608856201171875 260.3963623046875 260.19384765625 259.22821044921875 258.07525634765625 257.082427978515625 256.462371826171875 255.86553955078125 255.17822265625 254.3466033935546875 253.543792724609375 252.792327880859375 251.8209686279296875 250.9207916259765625
212.948486328125 207.08770751953125 205.3663787841796875 202.715728759765625 196.1036529541015625 192.73486328125 196.2662200927734375 199.3316650390625 204.5417633056640625 212.3766937255859375 219.7263946533203125 226.0362091064453125 231.4268035888671875 235.0428466796875 238.204345703125 240.378021240234375 241.5076446533203125 242.1848907470703125 242.9861907958984375 244.059295654296875 245.6899261474609375 248.17987060546875 250.584869384765625 252.7322235107421875 254.9041900634765625 255.806488037109375 256.79693603515625 257.6981201171875 258.5859375 259.23272705078125 259.742919921875 260.160888671875 260.367401123046875 260.395263671875 260.3504638671875 259.694671630859375 258.74285888671875 257.801788330078125 257.1168212890625 256.44537353515625 255.857269287109375 254.8640594482421875 253.9436798095703125 253.091796875 252.1084747314453125 251.33709716796875
207.0105438232421875 200.009552001953125 198.099945068359375 193.87054443359375 190.3455657958984375 192.5193939208984375 196.5499267578125 201.0597381591796875 207.4429168701171875 214.49853515625 221.536865234375 227.1590423583984375 231.504852294921875 234.923431396484375 237.75213623046875 239.7679595947265625 240.4743804931640625 241.1644287109375 242.001251220703125 243.3585205078125 245.3037872314453125 248.1938629150390625 250.715087890625 252.6468658447265625 254.689544677734375 255.504364013671875 256.328948974609375 257.086395263671875 257.853973388671875 258.475067138671875 259.062042236328125 259.56292724609375 260.036895751953125 260.31268310546875 260.360565185546875 259.84881591796875 259.231048583984375 258.378662109375 257.633758544921875 256.79376220703125 255.996795654296875 255.1328887939453125 254.1099090576171875 253.1248931884765625 252.1443328857421875 251.5687408447265625
201.7089385986328125 194.4522247314453125 190.5832977294921875 190.0212860107421875 191.3628997802734375 195.36376953125 198.801910400390625 204.4943084716796875 210.986175537109375 217.6824188232421875 223.4401092529296875 228.474517822265625 232.1317138671875 235.2746124267578125 237.5301971435546875 239.0737457275390625 239.87835693359375 240.113983154296875 240.566253662109375 242.266876220703125 244.5197906494140625 247.2979736328125 249.8001708984375 251.2645263671875 253.294952392578125 254.8285064697265625 255.78411865234375 256.478546142578125 257.185638427734375 257.76849365234375 258.373138427734375 258.962158203125 259.564971923828125 259.968658447265625 260.01544189453125 259.842041015625 259.477752685546875 258.756805419921875 257.94415283203125 256.91851806640625 255.946563720703125 254.9166259765625 253.5966949462890625 252.6383209228515625 251.731597900390625 251.147705078125
196.1445770263671875 190.7916259765625 190.0103607177734375 191.8179168701171875 196.2461700439453125 198.9124755859375 200.6168975830078125 207.245269775390625 212.7657928466796875 219.1660614013671875 225.041748046875 229.8366241455078125 232.7925872802734375 235.502105712890625 237.482025146484375 238.948699951171875 239.7011871337890625 239.9917449951171875 240.0334930419921875 241.2963409423828125 243.6861724853515625 246.0523834228515625 247.881439208984375 249.4955596923828125 252.02294921875 254.2689361572265625 255.4440460205078125 256.028564453125 256.686767578125 257.221954345703125 257.79351806640625 258.607391357421875 259.277130126953125 259.8258056640625 259.989471435546875 259.85247802734375 259.608489990234375 259.071319580078125 258.120330810546875 256.858551025390625 255.7368316650390625 254.1842803955078125 252.46954345703125 251.5550689697265625 250.78668212890625 250.2998504638671875
191.8322906494140625 190.0000762939453125 190.845550537109375 197.0170135498046875 202.0128326416015625 205.8214263916015625 206.844940185546875 209.3860321044921875 214.3971405029296875 220.3199462890625 226.340606689453125 230.7077178955078125 233.2429656982421875 235.7732086181640625 237.65435791015625 239.050323486328125 239.7212677001953125 239.985565185546875 240 240.137847900390625 241.2371368408203125 243.0516204833984375 244.9556732177734375 247.6220855712890625 251.2426300048828125 253.97113037109375 255.267974853515625 255.7309417724609375 256.39752197265625 257.069549560546875 257.87493896484375 258.6837158203125 259.296417236328125 259.81866455078125 259.99798583984375 259.962615966796875 259.737060546875 259.042388916015625 257.872406005859375 256.48870849609375 255.1051177978515625 252.620269775390625 250.3764190673828125 248.567047119140625 246.7534027099609375 245.5031280517578125
