INPUT/RASTER/ASCII/elevation.asc
ncols        225
nrows        269
xllcorner    473009.983799999987
yllcorner    4429051.174800000153
cellsize     50.000000000000
NODATA_value  -9999
[rows 80 to 99 of 269, columns 45 to 89 of 225]
321.39447021484375 321.319549560546875 321.049102783203125 320.5340576171875 319.792327880859375 318.912017822265625 317.77056884765625 316.40411376953125 315.06353759765625 314.321868896484375 314.0870361328125 314.134857177734375 314.407501220703125 314.80889892578125 314.9510498046875 315.08917236328125 315.252288818359375 315.4921875 315.615478515625 315.550048828125 315.2467041015625 314.869781494140625 314.5777587890625 314.04705810546875 313.253997802734375 312.48492431640625 311.60284423828125 310.74639892578125 310.082305908203125 309.517608642578125 308.219268798828125 306.027191162109375 304.097900390625 302.236297607421875 300.6773681640625 300.0123291015625 300 300.071258544921875 301.5081787109375 302.978515625 303.07073974609375 302.8076171875 302.35455322265625 301.81097412109375 300.932342529296875
320.316558837890625 320.007965087890625 319.31634521484375 318.84307861328125 318.188201904296875 317.335845947265625 316.201751708984375 314.889312744140625 313.842803955078125 313.37054443359375 313.157562255859375 313.175140380859375 313.476531982421875 314.47369384765625 314.95947265625 315.0189208984375 315.10638427734375 315.306640625 315.626708984375 315.81658935546875 315.52471923828125 315.218017578125 314.933074951171875 314.28802490234375 313.373748779296875 312.562255859375 311.681060791015625 310.890625 310.218994140625 309.681488037109375 307.703521728515625 304.99432373046875 303.40997314453125 301.8062744140625 300.515533447265625 300.008148193359375 300 300.006011962890625 300.53875732421875 301.58941650390625 301.958343505859375 301.890625 301.543548583984375 301.04180908203125 300.114105224609375
320.02093505859375 319.235076904296875 317.58929443359375 316.522308349609375 315.983795166015625 315.646331787109375 314.85382080078125 313.718658447265625 312.6951904296875 312.270172119140625 312.005218505859375 311.852813720703125 312.050750732421875 313.41033935546875 314.57244873046875 314.92962646484375 314.940216064453125 314.98052978515625 315.16693115234375 315.463653564453125 315.410369873046875 315.22869873046875 314.98858642578125 314.378997802734375 313.406463623046875 312.5802001953125 311.717864990234375 310.967193603515625 310.300323486328125 309.199859619140625 306.2919921875 304.054595947265625 302.743621826171875 301.299072265625 300.289886474609375 299.99920654296875 299.9998779296875 300 300.080780029296875 300.556488037109375 301.009521484375 301.109344482421875 300.928955078125 300.503509521484375 299.039642333984375
319.961334228515625 318.345458984375 315.866485595703125 314.732666015625 314.343536376953125 314.22674560546875 313.69384765625 312.838165283203125 311.943389892578125 311.383331298828125 310.999359130859375 310.628509521484375 310.62371826171875 312.14398193359375 313.45562744140625 314.243988037109375 314.452972412109375 314.5552978515625 314.7177734375 314.99322509765625 315.105712890625 315.072021484375 314.92401123046875 314.292755126953125 313.301971435546875 312.484161376953125 311.6551513671875 310.931060791015625 310.219970703125 307.79931640625 304.87652587890625 303.328216552734375 302.111236572265625 300.653076171875 299.636444091796875 299.52301025390625 299.902740478515625 299.999969482421875 300.005401611328125 300.10223388671875 300.3712158203125 300.55914306640625 300.4354248046875 299.573272705078125 297.46240234375
319.5833740234375 317.67169189453125 315.02899169921875 313.339935302734375 312.683349609375 312.548980712890625 312.31573486328125 311.840484619140625 311.18695068359375 310.5865478515625 310.266815185546875 310.06842041015625 310.197509765625 311.430908203125 312.393096923828125 313.11700439453125 313.5283203125 313.8968505859375 314.239410400390625 314.641204833984375 314.888275146484375 314.957000732421875 314.6690673828125 313.971710205078125 313.05938720703125 312.28277587890625 311.48980712890625 310.788726806640625 309.775421142578125 306.282257080078125 304.07305908203125 302.762237548828125 301.598968505859375 300.087982177734375 298.177215576171875 297.44769287109375 299.03460693359375 299.965423583984375 299.9986572265625 299.9974365234375 299.875152587890625 299.508209228515625 298.795196533203125 297.587158203125 295.596588134765625
318.23974609375 316.858001708984375 314.761810302734375 312.608367919921875 311.204315185546875 311.037322998046875 311.167144775390625 311.02740478515625 310.571533203125 310.074859619140625 309.9095458984375 309.893280029296875 310.10205078125 310.90771484375 311.528533935546875 312.103790283203125 312.514495849609375 312.967193603515625 313.407562255859375 313.572418212890625 313.816314697265625 314.04791259765625 313.753173828125 313.271697998046875 312.59637451171875 311.890869140625 311.14837646484375 310.47589111328125 308.55364990234375 304.881561279296875 303.415924072265625 302.19036865234375 301.074859619140625 299.222320556640625 296.19537353515625 293.780548095703125 295.964385986328125 298.3876953125 299.4053955078125 299.339447021484375 297.957977294921875 296.7130126953125 295.8594970703125 295.002105712890625 293.55523681640625
316.47491455078125 315.813446044921875 314.297760009765625 312.199981689453125 310.280548095703125 310.05657958984375 310.224151611328125 310.44671630859375 310.100006103515625 309.640533447265625 309.39251708984375 309.291168212890625 309.589111328125 310.373870849609375 310.813751220703125 311.213897705078125 311.48193359375 311.697479248046875 311.797149658203125 311.894927978515625 312.140869140625 312.39410400390625 312.411834716796875 312.254638671875 311.912353515625 311.32733154296875 310.688079833984375 309.784271240234375 306.35491943359375 303.91851806640625 302.818359375 301.676544189453125 300.575164794921875 298.1588134765625 294.90899658203125 291.79803466796875 293.003509521484375 295.13214111328125 296.507537841796875 296.44598388671875 294.91656494140625 293.801055908203125 293.3262939453125 292.8260498046875 291.816375732421875
314.495208740234375 314.3580322265625 313.079620361328125 311.534881591796875 310.149505615234375 309.998443603515625 309.963958740234375 309.810882568359375 309.3607177734375 308.885162353515625 308.581451416015625 308.399017333984375 308.730316162109375 309.921783447265625 310.2421875 310.40350341796875 310.391937255859375 310.11883544921875 309.944610595703125 310.011474609375 310.245880126953125 310.5511474609375 310.7623291015625 310.7803955078125 310.390838623046875 309.85369873046875 309.45843505859375 307.56439208984375 304.37042236328125 303.006500244140625 302.031707763671875 301.0479736328125 300.01068115234375 296.97662353515625 293.6387939453125 290.576080322265625 290.3914794921875 291.040191650390625 291.821319580078125 291.98095703125 291.13690185546875 290.722198486328125 290.88690185546875 290.814361572265625 290.339080810546875
312.42718505859375 312.4932861328125 311.712127685546875 310.750274658203125 310.06536865234375 309.9652099609375 309.693939208984375 309.136810302734375 308.49407958984375 307.945892333984375 307.600555419921875 307.52044677734375 308.05657958984375 309.539886474609375 309.984100341796875 309.904815673828125 309.478240966796875 308.95428466796875 308.64599609375 308.465728759765625 308.45654296875 308.65203857421875 308.901763916015625 308.89947509765625 308.171966552734375 307.383056640625 306.802886962890625 305.14532470703125 303.246490478515625 302.067047119140625 301.188690185546875 300.279754638671875 298.648712158203125 295.0330810546875 292.122161865234375 289.7496337890625 288.79083251953125 288.501495361328125 288.80010986328125 289.06158447265625 289.2716064453125 289.751556396484375 289.952667236328125 289.82427978515625 289.53765869140625
310.170867919921875 310.015655517578125 310.072296142578125 309.97088623046875 309.9869384765625 309.84710693359375 309.22430419921875 308.43310546875 307.6451416015625 306.9764404296875 306.545928955078125 306.525390625 307.2423095703125 308.658966064453125 309.200103759765625 308.80865478515625 308.138427734375 307.6131591796875 307.24951171875 306.900787353515625 306.519989013671875 306.444854736328125 306.49493408203125 306.06646728515625 305.16851806640625 304.572784423828125 303.9034423828125 302.940643310546875 301.72760009765625 300.587371826171875 299.45391845703125 297.4432373046875 294.457183837890625 291.0631103515625 289.228607177734375 287.328460693359375 286.045684814453125 285.91473388671875 286.335845947265625 286.665557861328125 287.73187255859375 288.658905029296875 288.939727783203125 288.35302734375 287.5311279296875
307.15185546875 306.672027587890625 307.122222900390625 308.067047119140625 309.25018310546875 309.461761474609375 308.72064208984375 307.744598388671875 306.782440185546875 305.971832275390625 305.45648193359375 305.459259033203125 306.24951171875 307.40863037109375 307.76995849609375 307.249603271484375 306.65399169921875 306.254608154296875 306.0130615234375 305.677978515625 305.203155517578125 304.972442626953125 304.83123779296875 304.360870361328125 303.42108154296875 302.54986572265625 301.670257568359375 300.69073486328125 299.5875244140625 298.12945556640625 296.37603759765625 293.6912841796875 290.582427978515625 287.64544677734375 286.58563232421875 285.38568115234375 284.748138427734375 284.885101318359375 285.211883544921875 285.672576904296875 286.759613037109375 287.4742431640625 287.662445068359375 287.177032470703125 286.51611328125
304.865631103515625 304.687347412109375 304.944427490234375 305.798583984375 307.674072265625 308.639739990234375 308.342803955078125 307.363800048828125 306.156463623046875 305.2596435546875 305.023162841796875 305.04693603515625 305.419891357421875 306.18243408203125 306.379486083984375 305.835693359375 305.3275146484375 305.162017822265625 305.144012451171875 305.052215576171875 304.8226318359375 304.2735595703125 303.638702392578125 302.986480712890625 301.97637939453125 300.829559326171875 299.757080078125 298.483673095703125 296.960052490234375 295.056640625 293.11456298828125 290.17742919921875 287.05413818359375 284.74285888671875 283.989166259765625 283.181121826171875 283.137359619140625 283.80963134765625 284.705322265625 285.192626953125 285.855560302734375 286.29144287109375 286.38232421875 286.2327880859375 286.180694580078125
304.030364990234375 304.00433349609375 304.444976806640625 305.072265625 306.885955810546875 308.25836181640625 308.357574462890625 307.561279296875 306.4381103515625 305.288482666015625 305.000457763671875 305.000762939453125 305.033294677734375 305.1446533203125 305.1427001953125 304.833953857421875 304.526763916015625 304.429595947265625 304.402191162109375 304.31610107421875 303.8935546875 303.13702392578125 302.367950439453125 301.6976318359375 300.801666259765625 299.803131103515625 298.627227783203125 296.9443359375 295.1201171875 292.8076171875 290.8145751953125 288.199951171875 285.504852294921875 283.3218994140625 282.1796875 281.072265625 281.32562255859375 282.50640869140625 284.057891845703125 284.959686279296875 285.284820556640625 285.4921875 285.5069580078125 285.468902587890625 -9999
303.170623779296875 303.28228759765625 304.14544677734375 305.20843505859375 306.9368896484375 308.453826904296875 308.826507568359375 308.22198486328125 307.5277099609375 306.079437255859375 305.1214599609375 305.009368896484375 305.000152587890625 304.99884033203125 304.820526123046875 304.192474365234375 303.59124755859375 303.15692138671875 302.992645263671875 302.84893798828125 302.516937255859375 301.92303466796875 301.0692138671875 300.4595947265625 299.714630126953125 298.85589599609375 297.6923828125 295.790130615234375 293.797088623046875 291.384796142578125 289.707672119140625 287.41009521484375 284.96234130859375 282.456695556640625 280.905914306640625 280.047119140625 280.15692138671875 281.291717529296875 283.2586669921875 284.59222412109375 285.002105712890625 285.0198974609375 285.007720947265625 284.924560546875 284.560638427734375
302.66864013671875 303.303741455078125 304.563201904296875 305.804229736328125 307.369659423828125 308.69427490234375 309.117034912109375 308.515350341796875 307.802947998046875 306.82806396484375 305.938751220703125 305.39892578125 305.17889404296875 305.037322998046875 304.650238037109375 303.5906982421875 302.54730224609375 301.71612548828125 301.583709716796875 301.75286865234375 301.822509765625 301.4110107421875 300.45367431640625 299.795623779296875 298.704254150390625 297.62371826171875 296.68975830078125 295.032684326171875 293.202850341796875 291.3125 289.807525634765625 286.964569091796875 284.3740234375 281.92791748046875 280.535400390625 280.008331298828125 280.149688720703125 281.280731201171875 283.254547119140625 284.53924560546875 285.0562744140625 285.077362060546875 285.009857177734375 284.8289794921875 284.574462890625
302.5477294921875 303.7601318359375 305.150604248046875 306.222808837890625 307.61688232421875 308.694671630859375 309.044464111328125 308.4613037109375 307.77410888671875 307.087860107421875 306.599822998046875 306.240234375 305.917877197265625 305.398834228515625 304.725189208984375 303.29888916015625 301.750396728515625 300.477874755859375 300.5262451171875 301.09210205078125 301.561431884765625 301.340545654296875 300.5443115234375 299.73486328125 298.0242919921875 296.332122802734375 295.28485107421875 294.2984619140625 292.84991455078125 291.234619140625 289.594451904296875 286.05950927734375 283.310394287109375 281.0531005859375 280.16876220703125 280.030059814453125 281.098602294921875 282.762542724609375 284.141998291015625 285.065032958984375 285.57476806640625 285.5009765625 285.15814208984375 284.904693603515625 284.704681396484375
300.94989013671875 302.84417724609375 305.158447265625 306.38519287109375 307.72021484375 308.742889404296875 309.00799560546875 308.350616455078125 307.68310546875 307.14739990234375 306.902557373046875 307.023895263671875 306.833984375 305.907806396484375 304.970245361328125 303.415740966796875 301.611419677734375 300.167144775390625 300.07489013671875 300.55987548828125 301.439910888671875 301.30914306640625 300.6053466796875 299.830474853515625 297.80975341796875 295.682525634765625 294.508514404296875 293.3902587890625 292.117034912109375 290.38739013671875 287.675537109375 283.54827880859375 281.08856201171875 280.038787841796875 279.99505615234375 280.697113037109375 283.5860595703125 284.898895263671875 285.61260986328125 286.38531494140625 286.877166748046875 286.401580810546875 285.44451904296875 285.010711669921875 284.981414794921875
299.16510009765625 301.98779296875 305.024017333984375 306.396484375 307.68963623046875 308.7916259765625 308.98748779296875 308.125 307.419921875 306.94903564453125 306.833099365234375 307.20452880859375 307.052154541015625 305.928985595703125 304.788787841796875 303.23443603515625 301.651397705078125 300.304962158203125 299.99334716796875 300.065032958984375 300.701171875 300.853546142578125 300.42596435546875 299.7379150390625 297.8377685546875 295.768890380859375 294.146942138671875 292.511505126953125 291.0467529296875 288.287384033203125 284.540740966796875 280.7767333984375 279.237030029296875 279.3409423828125 280.0201416015625 282.024566650390625 284.742401123046875 285.7415771484375 286.61712646484375 287.52313232421875 288.333465576171875 287.589019775390625 286.056640625 285.175994873046875 285.263397216796875
297.350616455078125 301.866485595703125 304.833831787109375 306.13726806640625 307.29779052734375 308.293975830078125 308.45330810546875 307.58551025390625 306.83709716796875 306.36871337890625 306.270294189453125 306.34716796875 306.0406494140625 305.305084228515625 304.2257080078125 302.73974609375 301.395599365234375 300.315826416015625 299.767059326171875 299.323272705078125 299.35357666015625 299.821533203125 299.831268310546875 299.32562255859375 297.859588623046875 296.1309814453125 294.1768798828125 291.328033447265625 288.732452392578125 284.39776611328125 280.8258056640625 279.195281982421875 278.4412841796875 278.873382568359375 280.51568603515625 283.45391845703125 285.45904541015625 286.39129638671875 287.306915283203125 288.147674560546875 288.99261474609375 288.838348388671875 287.85552978515625 287.016876220703125 287.33367919921875
295.217926025390625 300.72137451171875 304.278656005859375 305.58575439453125 306.39453125 306.978240966796875 307.0784912109375 306.538238525390625 305.830535888671875 305.3001708984375 305.305145263671875 305.204315185546875 304.7960205078125 304.31536865234375 303.35577392578125 302.03204345703125 300.902587890625 300.08245849609375 299.133880615234375 298.037689208984375 297.148834228515625 297.34991455078125 297.9979248046875 297.948333740234375 297.17120361328125 295.94403076171875 294.085662841796875 290.84912109375 287.406402587890625 282.490631103515625 279.856475830078125 279.29498291015625 279.0172119140625 279.385986328125 281.419708251953125 284.344818115234375 285.788421630859375 286.815277099609375 287.65386962890625 288.44683837890625 289.289886474609375 289.6253662109375 289.6470947265625 289.60113525390625 289.915802001953125
