INPUT/RASTER/ASCII/elevation.asc
ncols        225
nrows        269
xllcorner    473000.000000000000
yllcorner    4429100.000000000000
cellsize     50.000000000000
NODATA_value -9999
[rows 140 to 159 of 269, columns 46 to 91 of 225]
240.840301513671875 241.420745849609375 241.53387451171875 241.3492279052734375 241.1006927490234375 241.20703125 242.1339874267578125 243.1089935302734375 243.9705810546875 244.6767730712890625 244.867279052734375 242.5849456787109375 238.6474761962890625 232.1168060302734375 229.4925537109375 229.4355926513671875 230.3643798828125 234.2552490234375 236.006805419921875 235.7883453369140625 235.0901336669921875 234.9567718505859375 234.42242431640625 231.16607666015625 231.74249267578125 234.86767578125 238.85748291015625 241.270538330078125 241.612152099609375 241.5198516845703125 241.478424072265625 241.65191650390625 242.52386474609375 244.361724853515625 245.6155242919921875 247.639984130859375 249.4960784912109375 251.0516204833984375 251.8868255615234375 252.6980743408203125 253.315399169921875 253.958587646484375 254.53326416015625 254.5064239501953125 253.85107421875 253.1984100341796875
239.82867431640625 240.039337158203125 240.0869903564453125 239.8947601318359375 239.7903289794921875 239.93072509765625 240.6552734375 241.415985107421875 242.300506591796875 243.04766845703125 243.411346435546875 241.986572265625 238.2541351318359375 232.436553955078125 229.7322998046875 228.6794891357421875 228.72088623046875 231.104705810546875 233.665924072265625 233.549591064453125 233.2497711181640625 233.049041748046875 231.8986663818359375 230.275177001953125 232.353851318359375 235.8719482421875 238.8411712646484375 242.01470947265625 241.5326385498046875 240.9529876708984375 240.5128173828125 240.2057342529296875 240.6593475341796875 242.0466461181640625 243.3041534423828125 245.4817047119140625 247.799530029296875 249.881622314453125 250.2181396484375 250.620086669921875 250.9722900390625 251.2496795654296875 251.508392333984375 251.55535888671875 251.19915771484375 250.89251708984375
237.6600189208984375 238.079315185546875 238.255706787109375 238.4708099365234375 238.824737548828125 239.191650390625 239.615142822265625 239.9253692626953125 240.8241424560546875 241.55291748046875 241.8816680908203125 241.2728118896484375 239.11688232421875 233.52740478515625 229.6677398681640625 226.4563140869140625 226.118438720703125 229.216583251953125 231.1996307373046875 231.340911865234375 231.4100341796875 231.2039642333984375 230.5013580322265625 229.81781005859375 231.7851715087890625 235.436309814453125 237.7618408203125 239.601715087890625 240.4931640625 240.367645263671875 240.103485107421875 239.7324066162109375 239.3433685302734375 240.0896148681640625 241.52703857421875 243.8232879638671875 245.859619140625 248.0213165283203125 248.5431365966796875 248.8019256591796875 249.0873870849609375 249.128143310546875 249.0666656494140625 248.878509521484375 248.5913848876953125 248.5111236572265625
234.7662353515625 235.741912841796875 236.42437744140625 236.957763671875 237.6021728515625 238.0114898681640625 238.1537322998046875 238.4919891357421875 239.338714599609375 240.11956787109375 240.41717529296875 240.244232177734375 239.4439544677734375 233.6228790283203125 229.230010986328125 222.3002166748046875 221.9842529296875 226.662384033203125 228.969482421875 229.5947265625 229.963287353515625 229.9974822998046875 229.999725341796875 229.841949462890625 229.9711761474609375 232.9683685302734375 235.4730224609375 237.1467742919921875 238.5982818603515625 239.541046142578125 239.7773895263671875 238.4701995849609375 237.134918212890625 236.6755218505859375 238.8340911865234375 242.1025238037109375 243.8908233642578125 245.5056915283203125 246.103607177734375 246.41650390625 246.731231689453125 246.7078857421875 246.209564208984375 245.7150421142578125 245.4023895263671875 245.64935302734375
232.398223876953125 233.5697784423828125 234.685211181640625 235.55340576171875 236.1403961181640625 236.325164794921875 236.3341522216796875 236.6190643310546875 237.4247894287109375 238.322021484375 238.924896240234375 239.2742919921875 238.1242218017578125 231.4064483642578125 225.3152313232421875 220.214569091796875 220.86993408203125 224.4229888916015625 226.5301361083984375 227.8960723876953125 228.6555938720703125 228.789764404296875 229.158782958984375 229.2498626708984375 229.130218505859375 230.90301513671875 233.8119049072265625 235.8233642578125 237.231292724609375 238.0762786865234375 238.2143707275390625 237.15911865234375 235.746368408203125 234.6105499267578125 236.478912353515625 240.8602294921875 242.4498138427734375 243.635498046875 244.1324615478515625 244.4059906005859375 244.8245697021484375 244.7400360107421875 244.0932769775390625 243.5648345947265625 243.3285675048828125 243.8146514892578125
229.7916412353515625 231.29193115234375 233.1110687255859375 234.4082183837890625 234.6556854248046875 234.61138916015625 234.5490570068359375 234.7788848876953125 235.6932220458984375 236.66790771484375 237.200225830078125 237.1431884765625 235.7165679931640625 227.5655059814453125 221.1958160400390625 219.8144989013671875 220.33038330078125 222.4867706298828125 224.402923583984375 225.96484375 226.5849456787109375 226.2919921875 225.927642822265625 225.2665557861328125 224.3738555908203125 227.90350341796875 231.92303466796875 234.2352142333984375 235.7611083984375 236.2813720703125 236.233673095703125 235.52691650390625 233.80230712890625 231.6918487548828125 234.31622314453125 239.7240753173828125 240.8330078125 241.3338775634765625 241.3646697998046875 241.46209716796875 241.818145751953125 241.9271240234375 241.73077392578125 241.3035888671875 240.95806884765625 241.54254150390625
227.0691680908203125 229.098419189453125 230.794586181640625 231.732757568359375 231.9470367431640625 231.9268646240234375 232.2624053955078125 232.956390380859375 234.1222076416015625 235.279541015625 235.6143341064453125 234.8443450927734375 231.8046112060546875 221.5318603515625 216.832977294921875 217.9737396240234375 219.809234619140625 221.2232513427734375 222.6141510009765625 223.947265625 224.1042938232421875 223.283111572265625 222.43798828125 221.6892242431640625 220.4637603759765625 223.44659423828125 229.324493408203125 232.3312835693359375 234.1788177490234375 234.59222412109375 234.5264892578125 233.285125732421875 231.0180206298828125 230.06884765625 232.835723876953125 237.6748809814453125 239.1782684326171875 239.4559783935546875 239.226409912109375 239.2488555908203125 239.5009918212890625 239.65655517578125 239.865264892578125 239.720947265625 239.4524688720703125 239.5679473876953125
224.9431915283203125 227.2092437744140625 229.078643798828125 229.6075897216796875 229.768035888671875 229.91839599609375 230.4882965087890625 231.369049072265625 232.7615203857421875 234.245941162109375 234.560638427734375 232.5504913330078125 228.6526641845703125 217.4306640625 211.959259033203125 216.08966064453125 219.66949462890625 220.55047607421875 221.295074462890625 221.785980224609375 221.2796630859375 220.4907379150390625 219.9893951416015625 220.0067291259765625 219.998321533203125 220.7749481201171875 226.81512451171875 230.6326751708984375 232.0111083984375 232.3528289794921875 232.2400054931640625 231.17938232421875 230.008056640625 229.814910888671875 230.655120849609375 235.2431640625 236.7053985595703125 237.0529937744140625 236.9482269287109375 237.114227294921875 237.362945556640625 237.5467681884765625 237.8221435546875 237.8649444580078125 237.767181396484375 237.68682861328125
223.0892333984375 225.2299346923828125 226.5847930908203125 226.796722412109375 227.275421142578125 227.729400634765625 228.4321746826171875 229.358917236328125 230.8180694580078125 232.1653900146484375 231.9464569091796875 229.6101531982421875 224.70501708984375 213.1864013671875 210.191497802734375 215.766265869140625 219.70843505859375 220.0745391845703125 220.220947265625 219.93804931640625 218.535858154296875 217.9912872314453125 218.57232666015625 219.443603515625 219.991790771484375 220.9136810302734375 224.9530029296875 228.3609771728515625 230.220123291015625 230.3107147216796875 230.3617706298828125 229.544952392578125 228.443450927734375 228.0085601806640625 228.755126953125 232.441375732421875 234.9191131591796875 235.0721893310546875 234.8439788818359375 235.1588134765625 235.4447174072265625 235.65863037109375 235.9462738037109375 236.11175537109375 236.171905517578125 235.999053955078125
221.481689453125 223.0742950439453125 224.0692596435546875 224.67242431640625 225.4102935791015625 225.9580841064453125 226.649810791015625 227.550384521484375 228.8625335693359375 230.2274322509765625 229.9505157470703125 226.359771728515625 221.17523193359375 209.5520477294921875 208.0523834228515625 213.7418365478515625 217.94439697265625 219.61883544921875 219.1738739013671875 217.9897003173828125 216.2277679443359375 215.6138458251953125 216.766204833984375 218.404693603515625 220.0054931640625 221.2906341552734375 224.0875091552734375 226.732025146484375 228.6038360595703125 228.662811279296875 228.57244873046875 227.4236602783203125 225.9835662841796875 225.1229400634765625 226.1558990478515625 229.9737701416015625 232.2841949462890625 232.845001220703125 232.5385284423828125 232.6890869140625 232.858306884765625 233.3038482666015625 233.9665374755859375 234.35565185546875 234.5600128173828125 234.1728057861328125
219.6280059814453125 220.308685302734375 221.11279296875 222.257568359375 223.17877197265625 223.676483154296875 224.20257568359375 224.826568603515625 225.6336212158203125 226.1723175048828125 225.335357666015625 221.7386474609375 215.9645843505859375 204.6279144287109375 203.746856689453125 210.2469329833984375 213.3563079833984375 215.2783355712890625 215.421539306640625 214.7748565673828125 213.2145843505859375 212.0379638671875 214.246612548828125 216.8848724365234375 219.8839874267578125 221.1033935546875 223.2140960693359375 225.191375732421875 226.38568115234375 226.511871337890625 226.203338623046875 225.0189361572265625 223.4982757568359375 221.4430389404296875 222.9735107421875 227.175506591796875 229.4617919921875 230.12744140625 230.1064300537109375 230.299896240234375 230.5109405517578125 231.365447998046875 232.260711669921875 232.6208953857421875 232.6009368896484375 232.222503662109375
217.957977294921875 218.9693603515625 219.97650146484375 220.796295166015625 221.632537841796875 222.058074951171875 222.3890380859375 222.671966552734375 223.117431640625 223.1620635986328125 222.1198577880859375 218.0051116943359375 212.128997802734375 201.963043212890625 201.9087371826171875 208.0568389892578125 210.3457794189453125 212.2498321533203125 212.9640350341796875 212.6882476806640625 211.4233245849609375 210.2678985595703125 212.893280029296875 215.8036651611328125 218.97503662109375 220.46807861328125 222.166534423828125 223.617584228515625 224.463531494140625 224.6759796142578125 224.4190673828125 223.2130584716796875 221.7266998291015625 220.0983734130859375 220.978759765625 225.21990966796875 227.4150390625 227.9666290283203125 228.345367431640625 228.8243865966796875 229.496185302734375 230.106201171875 230.767608642578125 230.989471435546875 230.6666107177734375 230.276947021484375
216.2321319580078125 217.3785858154296875 218.67230224609375 219.67779541015625 220.182464599609375 220.2697906494140625 219.56646728515625 218.6750946044921875 218.71240234375 217.820465087890625 216.6006622314453125 212.9832305908203125 206.713287353515625 197.9939422607421875 200.085601806640625 204.28472900390625 206.823944091796875 209.0385284423828125 210.3548583984375 210.4548187255859375 210.0991058349609375 210.12701416015625 212.3285980224609375 214.600006103515625 216.8982696533203125 218.490020751953125 220.173309326171875 221.4289398193359375 222.1676177978515625 222.5613555908203125 222.5070343017578125 221.3524627685546875 220.2675323486328125 219.9426116943359375 220.3876495361328125 223.859527587890625 225.3284759521484375 225.8402557373046875 226.3171844482421875 226.856475830078125 227.6060638427734375 228.3066253662109375 228.906341552734375 229.092254638671875 228.7979888916015625 228.579742431640625
214.6397857666015625 215.7665252685546875 216.9104461669921875 217.7153778076171875 217.93634033203125 217.0367279052734375 213.9341888427734375 211.16839599609375 208.2899017333984375 205.7990264892578125 208.2694091796875 209.5059661865234375 202.3364410400390625 192.18841552734375 198.5459136962890625 202.579833984375 205.0699310302734375 207.2447357177734375 208.96881103515625 209.5854644775390625 209.69610595703125 209.933380126953125 211.7022857666015625 213.41033935546875 215.2032318115234375 216.7199554443359375 218.4139556884765625 219.9177398681640625 220.549774169921875 220.74127197265625 220.29351806640625 219.5322418212890625 218.8729705810546875 218.9453125 219.8500518798828125 222.278106689453125 223.38720703125 223.9381103515625 224.4223175048828125 224.97369384765625 225.7019805908203125 226.32391357421875 226.652923583984375 226.6216888427734375 226.3235626220703125 226.223236083984375
212.9030914306640625 213.895599365234375 214.70782470703125 215.0294036865234375 214.612213134765625 213.0528411865234375 206.6284332275390625 194.6217193603515625 190.0753631591796875 189.8554229736328125 194.68572998046875 200.7041168212890625 196.8455657958984375 189.2917633056640625 196.06756591796875 201.4414215087890625 203.5206146240234375 205.44122314453125 207.1274261474609375 208.1318817138671875 207.676116943359375 207.8523406982421875 210.0158538818359375 211.330291748046875 212.8138275146484375 214.25897216796875 215.9383697509765625 217.20574951171875 217.7940521240234375 217.59765625 216.773590087890625 215.523345947265625 214.856414794921875 215.9210357666015625 218.375762939453125 220.6118927001953125 221.391082763671875 221.82025146484375 222.2234344482421875 222.76751708984375 223.53851318359375 224.1195220947265625 224.3529510498046875 224.156982421875 223.6219024658203125 223.0575103759765625
211.257110595703125 211.9799652099609375 212.502105712890625 212.52252197265625 211.7939300537109375 208.79473876953125 197.8914794921875 183.480712890625 177.1270904541015625 180.3709716796875 185.55523681640625 190.12823486328125 186.6348724365234375 185.137420654296875 195.447052001953125 200.9246673583984375 202.70355224609375 204.3709259033203125 205.6461029052734375 206.0997467041015625 204.74462890625 204.262603759765625 206.8348846435546875 208.9774322509765625 210.8905181884765625 212.3380279541015625 213.847442626953125 214.7849578857421875 215.2245330810546875 214.98193359375 214.121917724609375 212.3663177490234375 211.287139892578125 213.013153076171875 216.838623046875 219.4839630126953125 219.787994384765625 220.007568359375 220.2697601318359375 220.7316131591796875 221.630462646484375 222.245941162109375 222.375640869140625 222.1195220947265625 221.341217041015625 219.03009033203125
209.4089508056640625 209.9662628173828125 210.2724761962890625 209.543121337890625 206.337799072265625 197.36395263671875 186.71466064453125 174.718536376953125 169.0813446044921875 169.9680938720703125 174.598236083984375 175.77423095703125 174.506500244140625 181.225738525390625 192.607879638671875 200.3198089599609375 201.8502655029296875 203.0812530517578125 203.73724365234375 203.7151641845703125 202.1739501953125 200.412139892578125 202.2208404541015625 205.0148773193359375 207.8198699951171875 209.70672607421875 211.278106689453125 211.9956512451171875 212.2248992919921875 211.944305419921875 211.1819915771484375 209.756011962890625 209.7815399169921875 211.5338897705078125 214.6387176513671875 215.992156982421875 216.699951171875 217.3417510986328125 217.9493255615234375 218.58831787109375 219.590301513671875 220.2376708984375 220.48382568359375 220.3585052490234375 218.952972412109375 214.08917236328125
206.6425628662109375 205.916961669921875 203.7197418212890625 199.4518280029296875 192.8833160400390625 183.776397705078125 175.9467010498046875 170.0405426025390625 165.8852996826171875 165.1221160888671875 168.024261474609375 169.920074462890625 171.2605743408203125 181.12127685546875 191.6658477783203125 199.681488037109375 201.0745391845703125 201.953857421875 202.3217315673828125 202.199249267578125 201.183929443359375 200.076263427734375 200.2699127197265625 202.9413909912109375 205.618194580078125 207.5404052734375 209.157867431640625 209.5797119140625 209.4238128662109375 208.8207550048828125 207.914520263671875 206.409942626953125 207.8765106201171875 210.852294921875 212.2805633544921875 212.9411773681640625 214.082000732421875 214.978546142578125 215.7554168701171875 216.4518585205078125 217.30224609375 217.92352294921875 218.144683837890625 217.555328369140625 214.83831787109375 209.814544677734375
204.0990447998046875 202.8643798828125 196.9411163330078125 188.2129669189453125 181.299407958984375 175.6951751708984375 169.1122894287109375 165.63818359375 162.3910675048828125 161.6962127685546875 165.2215728759765625 169.281707763671875 174.917205810546875 182.8369598388671875 190.404022216796875 197.143829345703125 200.16937255859375 200.87738037109375 201.0971527099609375 200.9384918212890625 200.3289031982421875 199.81170654296875 199.8240966796875 201.66339111328125 203.757843017578125 205.171417236328125 206.1248016357421875 205.623443603515625 204.407623291015625 202.84185791015625 201.71051025390625 201.0426177978515625 204.751220703125 209.5200958251953125 210.0255279541015625 210.3858642578125 211.666748046875 212.602783203125 213.347564697265625 214.0019378662109375 214.7643890380859375 215.2203369140625 215.1171875 214.2126007080078125 211.4345703125 204.5012054443359375
201.98736572265625 200.599578857421875 190.9460296630859375 182.4308624267578125 175.2293548583984375 170.509185791015625 165.812164306640625 161.40185546875 160.072967529296875 160.7360382080078125 164.69207763671875 171.542694091796875 181.3074188232421875 185.4347076416015625 189.0566864013671875 193.729888916015625 197.123565673828125 199.217437744140625 200.1545257568359375 200.1432037353515625 199.8923492431640625 199.959075927734375 200.1400146484375 200.9899139404296875 202.36737060546875 203.3721466064453125 203.7783203125 202.4958038330078125 200.7991943359375 199.89154052734375 199.2511749267578125 200.1146087646484375 203.235748291015625 207.4649200439453125 209.0978851318359375 209.64263916015625 209.82965087890625 210.4055633544921875 211.072479248046875 211.657958984375 212.4404754638671875 212.6979522705078125 212.5205230712890625 211.6320953369140625 208.0713958740234375 199.1277618408203125
