INPUT/RASTER/ASCII/fla.asc
ncols        225
nrows        269
xllcorner    473009.983799999987
yllcorner    4429051.174800000153
cellsize     50.000000000000
NODATA_value  -9999
[rows 231 to 251 of 269, columns 144 to 191 of 225]
1171.2762451171875 1636.131103515625 11077.1142578125 65727.6640625 65136.73828125 10221.8349609375 5455.5478515625 4186.552734375 2751.50341796875 1949.9410400390625 1811.96044921875 1579.8284912109375 1500.5771484375 3764.025146484375 3530.366943359375 1523.85302734375 593.5177001953125 692.48828125 1325.18603515625 1986.7056884765625 2496.461669921875 2281.40283203125 1031.28369140625 2135.52587890625 1903.7747802734375 1024.181396484375 712.0731201171875 530.024169921875 295.39013671875 990.9276123046875 1331.6978759765625 928.21722412109375 685.8304443359375 663.56927490234375 956.7952880859375 1476.6729736328125 1718.6517333984375 2151.509521484375 5244.34716796875 7656.6611328125 20234.96875 15017.0595703125 11992.826171875 10391.73828125 9127.98046875 8320.37109375 6898.92626953125 4703.056640625
4218.6943359375 10394.8974609375 32583.9453125 75087.109375 30833.123046875 6370.93505859375 5149.3291015625 3316.761962890625 2029.14599609375 1885.1134033203125 2005.83203125 1822.5887451171875 2579.361572265625 6859.123046875 2558.31005859375 596.7236328125 196.6399688720703125 453.25189208984375 1214.5478515625 2104.0078125 3280.678466796875 4257.3681640625 7502.8662109375 6096.02197265625 3083.746826171875 1460.1201171875 831.3836669921875 633.88323974609375 408.126861572265625 1559.126708984375 3862.73876953125 1221.3192138671875 890.9495849609375 766.143310546875 838.98681640625 1614.5357666015625 1935.8409423828125 2584.98193359375 4025.90673828125 6471.36279296875 14438.689453125 12481.4560546875 14339.5546875 17430.404296875 18038.994140625 16652.078125 14775.388671875 12150.5283203125
39926.64453125 49628.640625 59868.63671875 59029.25 18737.501953125 7834.61865234375 5196.88525390625 2765.551025390625 2344.696533203125 2810.2958984375 2957.201416015625 3866.294189453125 8028.6298828125 6351.2314453125 1182.6251220703125 437.73797607421875 406.394805908203125 810.07666015625 1528.003662109375 2541.5654296875 2142.266357421875 2339.90576171875 4122.326171875 3293.64453125 3625.619873046875 3368.092041015625 2462.581787109375 1592.3177490234375 549.70306396484375 636.78887939453125 3476.000244140625 1913.4215087890625 1270.275634765625 914.15496826171875 1144.895263671875 1926.9189453125 2810.978759765625 3561.918701171875 10954.0869140625 9995.04296875 6699.00390625 5543.623046875 4508.6162109375 3297.081787109375 2522.348876953125 2779.989501953125 3407.384033203125 5439.19189453125
35966.45703125 25496.716796875 21981.970703125 17162.99609375 12169.6884765625 5134.4169921875 2130.78076171875 1847.974609375 2332.09912109375 2891.5068359375 3503.829345703125 6701.240234375 7821.4013671875 2215.96240234375 669.07537841796875 366.216552734375 558.45758056640625 783.243896484375 1280.80810546875 1961.2342529296875 779.417724609375 1245.2476806640625 1955.1812744140625 1766.104248046875 1941.9720458984375 1938.2979736328125 1584.8602294921875 928.09124755859375 381.616973876953125 234.127899169921875 888.25665283203125 1097.9691162109375 1059.9466552734375 552.2308349609375 790.17205810546875 1404.465576171875 2125.78857421875 3014.177001953125 14441.90234375 4107.8876953125 2475.615478515625 2197.46826171875 2000.82470703125 1682.4752197265625 1420.4263916015625 1236.29833984375 1119.781494140625 1168.6036376953125
13721.8857421875 6624.2392578125 7976.68017578125 13111.927734375 11954.1298828125 3742.978515625 1978.9918212890625 2352.19677734375 1923.0350341796875 3525.722412109375 5136.3037109375 9381.70703125 6125.19482421875 1423.2996826171875 453.187469482421875 453.141448974609375 1048.707275390625 1491.8084716796875 1463.2977294921875 1515.0703125 1389.695556640625 2312.216552734375 1590.156005859375 1050.2503662109375 938.302978515625 745.1248779296875 615.3221435546875 591.68206787109375 510.669189453125 348.12548828125 548.13787841796875 1006.43682861328125 1356.2479248046875 858.41796875 812.76873779296875 1287.9613037109375 2072.92333984375 7920.74169921875 15145.6005859375 3558.95556640625 2939.75146484375 2548.23486328125 2005.7977294921875 1378.06396484375 972.071533203125 697.67071533203125 532.9361572265625 391.195953369140625
4620.0166015625 7104.2470703125 7933.318359375 15477.271484375 11200.955078125 3823.311767578125 2937.385009765625 2076.47998046875 1707.6817626953125 5762.5908203125 9233.2587890625 11205.6533203125 2699.566162109375 663.0767822265625 476.085113525390625 725.0692138671875 1111.46533203125 1462.0028076171875 1478.2596435546875 1792.6961669921875 2940.887939453125 4878.556640625 2530.49072265625 1754.3355712890625 1318.363037109375 936.3017578125 903.8226318359375 1080.187255859375 826.76507568359375 963.02276611328125 1595.0986328125 2117.188232421875 1574.3675537109375 883.60528564453125 702.197998046875 1093.8944091796875 1590.9398193359375 16043.6240234375 12303.4521484375 2560.9140625 2487.951171875 2356.330078125 1765.204833984375 1295.5999755859375 930.77716064453125 823.9892578125 632.871337890625 505.461090087890625
6161.7001953125 7946.9365234375 11899.998046875 17959.26171875 7078.19189453125 3662.1044921875 2570.634765625 1451.805908203125 3349.005615234375 12638.6669921875 13774.646484375 6224.82470703125 1135.740478515625 479.119842529296875 695.73260498046875 1141.350341796875 1547.6448974609375 2045.4234619140625 2445.72021484375 2918.457763671875 4159.9560546875 8296.982421875 4650.48046875 2598.503662109375 2234.203125 2431.0498046875 2521.629150390625 3120.564208984375 3686.233154296875 4016.232177734375 3856.158203125 3003.47607421875 1738.3720703125 1300.1533203125 1062.1142578125 928.42291259765625 1619.0015869140625 20186.068359375 15191.16796875 3719.691650390625 2940.844970703125 2441.751220703125 1879.766357421875 1779.361572265625 1507.6051025390625 1301.7510986328125 939.09014892578125 870.49749755859375
8023.2607421875 7545.734375 17037.873046875 15993.10546875 6799.63671875 3410.954833984375 1778.972900390625 1542.7305908203125 10175.82421875 20881.3046875 7636.13427734375 2130.802734375 789.3011474609375 298.91448974609375 627.665771484375 1394.305419921875 1909.3521728515625 2046.82373046875 2603.59228515625 2694.383544921875 2436.4228515625 3353.810546875 3588.884521484375 3075.4208984375 3545.109130859375 4597.927734375 6308.81689453125 6456.00537109375 4793.10107421875 4321.34375 3466.374267578125 2107.8193359375 1287.4635009765625 1273.13427734375 1081.19677734375 522.61474609375 1175.3358154296875 12344.55078125 11606.0009765625 3429.48974609375 2919.448974609375 2529.65380859375 2267.04736328125 2112.526123046875 1661.552734375 1366.7626953125 1220.261474609375 2219.93310546875
10933.1591796875 12713.3154296875 25009.376953125 12261.134765625 4207.44775390625 1840.07861328125 1108.6944580078125 3032.89404296875 22048.310546875 13708.853515625 2385.296142578125 1091.231689453125 505.37615966796875 236.8159942626953125 645.10546875 1458.6685791015625 2310.294189453125 2445.527587890625 2638.406494140625 2058.765869140625 1971.720947265625 4128.05859375 5209.55615234375 6620.12158203125 8226.3408203125 9227.7001953125 7323.48681640625 5494.4267578125 5161.0849609375 4922.98876953125 3288.24169921875 1992.82421875 1346.3883056640625 1303.985107421875 1309.2742919921875 933.86724853515625 854.06622314453125 3501.23046875 5440.3115234375 4759.6962890625 4378.7412109375 3923.4208984375 3477.0068359375 3236.853515625 2984.76806640625 3624.045166015625 5488.94482421875 7044.34423828125
17854.314453125 25188.8671875 22148.8515625 5480.8681640625 1914.025146484375 1262.418212890625 1092.38916015625 5830.03125 26184.30859375 7160.99560546875 1470.9263916015625 1066.92822265625 652.7537841796875 316.327178955078125 643.3536376953125 1353.9091796875 2736.336181640625 3071.196533203125 3573.280029296875 2273.81591796875 3578.578369140625 6858.96728515625 6916.0302734375 7750.6572265625 7836.94873046875 6218.826171875 3741.675048828125 3538.989013671875 3674.86865234375 2057.94287109375 660.42938232421875 521.29925537109375 1045.091552734375 1295.51953125 1404.125 1749.32421875 1442.5518798828125 4065.18017578125 5164.4345703125 4874.0302734375 4170.755859375 3836.030517578125 3829.00732421875 4288.7958984375 4990.69677734375 7133.86669921875 7514.63525390625 5953.87646484375
34362.6640625 24216.607421875 8175.365234375 1509.0245361328125 964.37506103515625 1183.312255859375 1183.1134033203125 5693.3671875 27448.111328125 8955.796875 1939.630126953125 1166.2431640625 697.59783935546875 275.1380615234375 376.630767822265625 750.06500244140625 1673.9412841796875 2916.49853515625 3779.3583984375 6800.49169921875 8662.798828125 6110.861328125 5840.9462890625 6261.83154296875 4744.720703125 3113.04443359375 2802.085693359375 2973.5341796875 1690.7470703125 645.02618408203125 384.1749267578125 189.4304962158203125 982.437255859375 1968.3529052734375 1983.892822265625 2465.45068359375 6417.3154296875 5591.453125 3361.22802734375 3414.879150390625 3916.47802734375 5326.03125 6408.23046875 7604.56494140625 8474.568359375 8286.478515625 5402.76025390625 2878.28759765625
26300.591796875 6658.994140625 1633.548095703125 1279.2904052734375 1607.491455078125 1909.723876953125 1490.40478515625 4079.871826171875 28145.814453125 12690.7294921875 2061.331298828125 1084.01904296875 687.6314697265625 463.822052001953125 646.7938232421875 951.5440673828125 1306.1409912109375 2304.287353515625 3874.951171875 14798.609375 11461.40234375 3264.433349609375 3443.290771484375 3128.500244140625 3236.802001953125 3290.79345703125 2329.93408203125 1873.61181640625 1803.745849609375 1009.55975341796875 791.654541015625 570.0797119140625 770.5458984375 1665.25341796875 2893.377197265625 3055.93798828125 9199.4267578125 6209.845703125 3426.6220703125 3814.402587890625 5349.23974609375 7552.61181640625 7915.88134765625 8113.2197265625 6582.0146484375 4402.46484375 2400.3125 1384.37939453125
6745.10791015625 764.71453857421875 293.740478515625 1498.1680908203125 2326.869873046875 2125.714111328125 951.36968994140625 3391.2041015625 30237.14453125 13344.3173828125 1509.672607421875 761.5885009765625 579.185546875 786.203369140625 1081.3946533203125 1299.570556640625 1491.5888671875 1733.4927978515625 2574.73046875 21534.466796875 9551.826171875 2610.782470703125 3770.4169921875 5764.7607421875 6204.08203125 3320.1572265625 2010.1326904296875 3519.925048828125 2461.087158203125 1614.821533203125 1361.491943359375 1249.823974609375 707.6068115234375 696.72412109375 2220.324462890625 2411.53173828125 5298.4765625 7747.3046875 9579.9501953125 10303.6630859375 10549.97265625 9291.75 8246.150390625 6245.54248046875 4173.52978515625 2829.156494140625 1897.3409423828125 1127.22509765625
1044.99658203125 685.54522705078125 1241.093994140625 3626.2001953125 3404.091796875 1868.724609375 660.165283203125 2374.409912109375 34578.5 15647.1923828125 1398.1341552734375 573.27960205078125 550.45849609375 1182.9530029296875 2029.52880859375 2581.298095703125 3103.219482421875 3204.0849609375 2052.7470703125 5315.5751953125 6698.24072265625 17109.0703125 25885.60546875 21021.373046875 7252.345703125 4784.22705078125 6961.75146484375 7400.43212890625 5525.61572265625 4339.85498046875 3466.78857421875 1943.8582763671875 695.42987060546875 333.55780029296875 1008.88543701171875 5334.2119140625 11742.7158203125 12906.0419921875 11384.908203125 9711.208984375 7625.76904296875 7390.10205078125 5213.50146484375 2795.3076171875 2290.726318359375 1875.1768798828125 1269.3353271484375 809.4932861328125
945.09814453125 1286.980224609375 3553.617919921875 4436.85400390625 2675.4580078125 1179.61474609375 594.93896484375 1141.23095703125 29413.59375 21867.93359375 1375.4627685546875 487.1710205078125 683.6534423828125 1339.450927734375 2113.25537109375 2925.728271484375 3993.4501953125 5295.51806640625 5051.29345703125 1865.0679931640625 6529.10546875 21986.146484375 12257.0009765625 13165.52734375 18349.283203125 14985.7470703125 10514.228515625 6512.55126953125 4450.35400390625 3792.342041015625 2809.604248046875 1774.8831787109375 888.73486328125 570.2991943359375 1506.51171875 20507.671875 13134.5087890625 9004.541015625 8506.51171875 7866.51025390625 7182.40869140625 5380.67822265625 2558.50146484375 2236.814697265625 2314.110107421875 1815.3607177734375 1241.171875 982.49615478515625
1553.7100830078125 3231.52685546875 5531.5703125 4229.67578125 2148.82861328125 1138.2354736328125 560.65521240234375 1005.987548828125 23244.580078125 32682.931640625 1815.9080810546875 542.7071533203125 432.41259765625 968.43463134765625 1816.244873046875 2704.551513671875 3130.054931640625 4555.12890625 7470.74658203125 2987.666748046875 3188.648193359375 6065.3037109375 1921.39111328125 1392.8968505859375 3139.664306640625 4685.0439453125 3174.270263671875 2433.58984375 2121.052734375 1616.90478515625 1059.8690185546875 762.749755859375 502.473358154296875 508.282379150390625 1923.4381103515625 20059.73828125 8113.65576171875 6733.04833984375 5192.5400390625 4365.828125 3556.8193359375 2401.658935546875 1574.2127685546875 1749.717529296875 2343.68212890625 1799.836181640625 1150.3375244140625 985.83587646484375
3169.864501953125 5185.35888671875 5119.88525390625 2940.86181640625 2080.951904296875 1022.28497314453125 671.75738525390625 872.07769775390625 17450.0703125 39542.8984375 2383.468017578125 782.2117919921875 257.944854736328125 401.416351318359375 913.794189453125 1564.9652099609375 2366.389892578125 2888.6630859375 4037.037841796875 5723.51611328125 6675.4296875 5289.3388671875 1873.6566162109375 1171.9705810546875 804.2335205078125 1067.30615234375 1439.8394775390625 2071.70458984375 2023.98828125 1535.227783203125 1174.8687744140625 688.13427734375 308.903045654296875 290.564208984375 609.6378173828125 2737.073974609375 2869.08056640625 2367.77099609375 1972.6197509765625 1857.930419921875 1754.8514404296875 1742.511474609375 1700.6796875 2320.42626953125 2796.96826171875 2137.162841796875 1251.8082275390625 -9999
5299.20751953125 6779.78466796875 4645.55810546875 3432.33984375 2074.927734375 1057.9354248046875 695.82940673828125 893.748046875 18745.021484375 40486.55859375 2414.90673828125 793.5069580078125 284.535980224609375 384.801025390625 974.00396728515625 1555.3187255859375 2379.27294921875 2955.795166015625 3167.81103515625 5017.943359375 10534.2265625 14567.234375 2302.20263671875 808.451904296875 559.3505859375 732.55206298828125 2309.264892578125 2612.644775390625 1793.919921875 1228.9080810546875 885.09149169921875 539.83331298828125 279.79730224609375 269.128387451171875 561.53057861328125 761.78668212890625 970.71441650390625 1042.5770263671875 1324.766845703125 1611.2825927734375 1795.394775390625 1998.7650146484375 2204.69189453125 2794.77587890625 2807.579833984375 2569.4541015625 -9999 -9999
7551.95556640625 6080.67529296875 3531.361328125 3421.11083984375 2077.54931640625 979.79461669921875 737.97760009765625 1393.7266845703125 29506.9609375 36102.77734375 2315.216796875 899.13104248046875 375.381195068359375 301.581512451171875 739.81695556640625 1185.3155517578125 1667.738037109375 2216.5009765625 2830.088623046875 3638.848388671875 6281.0810546875 14274.126953125 2747.7763671875 1099.4722900390625 1437.308349609375 2764.55322265625 3727.142333984375 1953.2589111328125 1142.779296875 918.29522705078125 716.60919189453125 552.71234130859375 395.221710205078125 413.583465576171875 523.39532470703125 731.48944091796875 570.95098876953125 -9999 -9999 -9999 -9999 -9999 2535.162841796875 2539.5224609375 -9999 -9999 -9999 -9999
8257.9140625 5017.201171875 3824.5556640625 4088.9697265625 1888.7841796875 1159.8746337890625 966.23284912109375 4258.63623046875 47943.96875 21028.013671875 1742.3531494140625 1014.2587890625 467.65753173828125 249.641082763671875 662.42584228515625 1045.7591552734375 1295.8267822265625 1519.8961181640625 1955.923583984375 2668.77685546875 3417.666748046875 3339.267822265625 1464.125244140625 1725.851318359375 2627.43798828125 4192.755859375 4557.52783203125 2016.03955078125 936.43212890625 736.80841064453125 856.273681640625 669.6190185546875 383.929046630859375 622.7645263671875 698.3260498046875 -9999 -9999 -9999 -9999 -9999 -9999 -9999 -9999 -9999 -9999 -9999 -9999 -9999
6754.380859375 4345.9306640625 3566.4462890625 3838.511474609375 2052.00830078125 1400.3177490234375 1290.0257568359375 20634.3984375 54089.97265625 10662.650390625 1525.7625732421875 916.86468505859375 515.07257080078125 225.332977294921875 438.064453125 691.62945556640625 1016.25048828125 1102.7694091796875 1375.8121337890625 1809.8170166015625 2150.651611328125 1850.512939453125 555.4190673828125 874.1904296875 -9999 -9999 -9999 -9999 -9999 -9999 691.10308837890625 454.46002197265625 233.6719207763671875 250.4435577392578125 -9999 -9999 -9999 -9999 -9999 -9999 -9999 -9999 -9999 -9999 -9999 -9999 -9999 -9999
