INPUT/RASTER/ASCII/fla.asc
ncols        225
nrows        269
xllcorner    473009.983799999987
yllcorner    4429051.174800000153
cellsize     50.000000000000
NODATA_value  -9999
[rows 42 to 62 of 269, columns 48 to 95 of 225]
2663.99609375 3940.076416015625 5404.92626953125 7637.07666015625 7106.33837890625 14135.8076171875 8457.3349609375 3215.7568359375 3676.5947265625 3917.005126953125 2413.232421875 1168.736083984375 990.52197265625 1629.3992919921875 2586.8330078125 3642.321533203125 3939.237060546875 4276.2900390625 3219.018798828125 3786.23095703125 4609.0302734375 5162.6904296875 -9999 -9999 -9999 -9999 -9999 -9999 -9999 -9999 -9999 -9999 -9999 -9999 -9999 -9999 -9999 -9999 -9999 -9999 -9999 -9999 -9999 -9999 -9999 -9999 -9999 -9999
3284.674072265625 4037.39404296875 6675.47900390625 10542.931640625 10742.99609375 15530.107421875 6550.82861328125 5252.26025390625 5692.8486328125 3385.580078125 1840.9381103515625 1106.7232666015625 1045.2584228515625 1461.2918701171875 2142.74853515625 3205.510498046875 4975.3115234375 4981.11279296875 2876.691162109375 3204.257568359375 2959.20654296875 3591.729248046875 4244.462890625 -9999 -9999 -9999 -9999 -9999 -9999 -9999 -9999 -9999 -9999 -9999 -9999 -9999 -9999 -9999 -9999 -9999 -9999 -9999 -9999 -9999 -9999 -9999 -9999 -9999
4017.798583984375 4014.70361328125 8403.48828125 14545.26953125 15610.6259765625 15791.4052734375 8386.7607421875 7714.2978515625 4990.30029296875 2475.656005859375 1551.2794189453125 1079.586181640625 1390.0234375 1251.4925537109375 2176.87158203125 3749.0771484375 7645.73779296875 12942.9501953125 5528.5947265625 3605.33642578125 3751.136962890625 4548.03515625 3432.48291015625 -9999 -9999 -9999 -9999 -9999 -9999 -9999 -9999 -9999 -9999 -9999 -9999 -9999 -9999 -9999 -9999 -9999 -9999 -9999 -9999 -9999 -9999 -9999 -9999 -9999
5457.29931640625 7067.92138671875 17445.466796875 30111.40234375 30682.951171875 22163.30859375 15052.43359375 10228.5576171875 7305.18359375 5522.07763671875 4361.50146484375 2710.463623046875 1477.77734375 614.57562255859375 1501.1435546875 2425.88232421875 3208.66357421875 9332.8798828125 18702.10546875 19149.16796875 16229.98828125 11653.5390625 7165.29150390625 8477.0595703125 -9999 -9999 -9999 -9999 -9999 -9999 -9999 -9999 -9999 -9999 -9999 -9999 -9999 -9999 -9999 -9999 -9999 -9999 -9999 -9999 -9999 -9999 -9999 -9999
7265.00927734375 19968.01953125 34085.24609375 41929.36328125 25709.599609375 15183.828125 10484.30078125 7755.6396484375 6237.53271484375 4554.3408203125 3598.83544921875 1818.050537109375 547.01025390625 455.795867919921875 1273.3583984375 2300.8701171875 3140.77001953125 4210.7890625 5571.98974609375 11128.2109375 16037.99609375 23636.1328125 23466.14453125 16853.21875 16244.6259765625 -9999 -9999 -9999 -9999 -9999 -9999 -9999 -9999 -9999 -9999 -9999 -9999 -9999 -9999 -9999 -9999 -9999 -9999 -9999 -9999 -9999 -9999 -9999
15333.8984375 57002.58984375 49819.5703125 27820.25390625 7267.26171875 5254.49267578125 4793.5341796875 4323.416015625 3359.250244140625 2501.483642578125 2245.4951171875 1619.428466796875 714.16156005859375 417.29888916015625 1109.7154541015625 2013.7293701171875 2606.13818359375 3597.87939453125 4189.2900390625 6008.60400390625 7170.998046875 11490.4248046875 31017.025390625 49823.00390625 32350.78125 -9999 -9999 -9999 -9999 -9999 -9999 -9999 -9999 -9999 -9999 -9999 -9999 -9999 -9999 -9999 -9999 -9999 -9999 -9999 -9999 -9999 -9999 -9999
4099.4599609375 28174.888671875 18019.923828125 6788.38330078125 3077.445556640625 2390.240966796875 2696.38818359375 3294.873046875 3202.86474609375 2345.037841796875 1818.5386962890625 1437.0006103515625 1079.2666015625 662.0401611328125 1161.611328125 2021.643310546875 2305.36962890625 2716.02978515625 2242.9580078125 2470.046142578125 2821.94140625 3617.822021484375 7556.62060546875 21004.703125 6127.64501953125 2800.438720703125 2012.380126953125 -9999 -9999 -9999 -9999 -9999 -9999 -9999 -9999 -9999 -9999 -9999 -9999 -9999 -9999 -9999 -9999 -9999 -9999 -9999 -9999 -9999
1062.348876953125 1694.3975830078125 1696.8134765625 1687.8253173828125 1335.7132568359375 706.90887451171875 410.8236083984375 1032.521240234375 2041.527587890625 2132.57080078125 1644.0753173828125 903.90380859375 727.6444091796875 614.10772705078125 771.086669921875 1175.3369140625 1148.500244140625 1401.5982666015625 1387.0328369140625 1658.52783203125 1544.6058349609375 1947.7235107421875 2263.2998046875 1978.2618408203125 1679.1734619140625 2338.15771484375 1821.7747802734375 1651.054443359375 -9999 -9999 -9999 -9999 -9999 -9999 -9999 -9999 -9999 -9999 -9999 -9999 -9999 -9999 -9999 -9999 -9999 -9999 -9999 -9999
1140.779541015625 913.02655029296875 828.24951171875 1281.532470703125 1350.072998046875 1112.600830078125 1101.0484619140625 1335.0076904296875 1379.25537109375 1638.96240234375 1603.3857421875 887.0968017578125 509.055816650390625 406.00189208984375 538.1202392578125 858.71466064453125 950.21728515625 1278.4652099609375 1399.4735107421875 1378.9176025390625 1343.2066650390625 1141.277099609375 1132.8338623046875 855.42620849609375 462.283966064453125 1519.4920654296875 1595.2423095703125 933.97119140625 987.6671142578125 771.3759765625 825.95440673828125 -9999 -9999 -9999 -9999 -9999 -9999 -9999 -9999 -9999 -9999 -9999 -9999 -9999 -9999 -9999 -9999 -9999
3189.30029296875 3035.777099609375 2971.9951171875 3127.05859375 2937.392822265625 3017.646240234375 3267.346435546875 2983.0927734375 2367.51318359375 1775.45458984375 1395.9581298828125 686.60125732421875 323.723602294921875 237.0028533935546875 433.357025146484375 719.0631103515625 843.02093505859375 1136.2957763671875 1349.3323974609375 1385.40185546875 1480.4427490234375 1660.598876953125 1946.714599609375 2505.222900390625 1657.0120849609375 1980.6341552734375 1465.591064453125 1014.50537109375 1136.4605712890625 950.65692138671875 966.16986083984375 1161.0516357421875 1919.934326171875 2415.22509765625 -9999 -9999 -9999 -9999 -9999 -9999 -9999 -9999 -9999 -9999 -9999 -9999 -9999 -9999
4942.80517578125 4471.19970703125 4033.984375 4839.71630859375 4973.31005859375 5460.22705078125 5615.70849609375 5000.384765625 3712.961181640625 2269.251708984375 1651.6800537109375 649.65301513671875 321.965789794921875 316.821502685546875 523.56341552734375 735.97412109375 808.9515380859375 1141.32763671875 1641.5889892578125 2371.468994140625 2955.95703125 4346.90771484375 9032.2880859375 11533.0703125 2430.78857421875 1780.7664794921875 1495.1497802734375 1216.205810546875 1467.595703125 1217.7952880859375 1070.6087646484375 1191.6422119140625 1804.4112548828125 2381.399658203125 2119.81884765625 2023.2943115234375 1398.1942138671875 1338.0201416015625 -9999 -9999 -9999 -9999 -9999 -9999 -9999 -9999 -9999 -9999
2724.64599609375 5818.37890625 8685.634765625 9999.4892578125 9036.625 7925.7099609375 6214.5205078125 3425.853515625 2568.8974609375 1948.611083984375 1872.7862548828125 854.54034423828125 395.529144287109375 469.216796875 855.0501708984375 1263.5712890625 1227.1226806640625 1248.24169921875 1426.2947998046875 2176.9443359375 3550.652099609375 5079.07373046875 5019.03466796875 2577.2421875 1649.0120849609375 2420.39306640625 2318.710205078125 1847.6156005859375 1878.077392578125 1451.577392578125 1269.3636474609375 1417.14501953125 2027.5809326171875 2837.387939453125 2359.854248046875 2005.337646484375 1511.169921875 1901.122802734375 2445.720947265625 -9999 -9999 5450.150390625 9193.1357421875 -9999 -9999 -9999 -9999 -9999
27439.8671875 22833.6328125 17007.486328125 12329.986328125 8733.787109375 5508.55908203125 3557.3642578125 2065.525634765625 1591 1030.354248046875 1083.280517578125 706.6728515625 326.392822265625 615.30120849609375 859.6859130859375 1378.4691162109375 1279.95947265625 1384.851318359375 1370.4400634765625 1284.6290283203125 1383.904296875 1611.6759033203125 1932.86328125 1718.15625 2859.047607421875 5300.04248046875 6985.8466796875 2805.16845703125 2003.8792724609375 1597.254150390625 1319.22998046875 1792.8184814453125 3372.048583984375 4161.8466796875 2164.180419921875 1795.99560546875 1333.3514404296875 1445.4859619140625 1869.978271484375 1510.278076171875 1492.16455078125 5876.22998046875 13468.919921875 7049.03466796875 2505.9384765625 -9999 -9999 -9999
20183.716796875 14662.318359375 10161.20703125 7686.89111328125 5990.61572265625 4564.32470703125 3548.816162109375 2658.074951171875 1944.8631591796875 1113.4346923828125 703.52020263671875 370.961273193359375 297.8812255859375 912.687255859375 1372.760009765625 2006.8883056640625 1922.0225830078125 2273.5380859375 2462.142822265625 2418.096923828125 666.3465576171875 1137.4461669921875 1797.1248779296875 2155.9580078125 5089.07275390625 10800.2685546875 10273.1943359375 2289.892578125 2127.4453125 1732.6669921875 1457.70751953125 3143.748779296875 6180.48486328125 3272.103759765625 648.84661865234375 557.29693603515625 359.54742431640625 750.15289306640625 1384.3516845703125 1439.1134033203125 1260.1982421875 3108.732421875 8970.388671875 3370.427978515625 2618.6396484375 -9999 -9999 -9999
8921.8837890625 7877.83203125 5082.10400390625 3780.8349609375 3564.525390625 2934.439697265625 2666.109130859375 2109.51318359375 1990.8668212890625 1295.8428955078125 723.74176025390625 406.64056396484375 475.095703125 893.75616455078125 1624.0958251953125 2919.62646484375 2706.921142578125 2578.364990234375 1562.0556640625 764.7874755859375 598.33551025390625 907.7872314453125 1584.4820556640625 2074.885009765625 3281.65087890625 2352.28076171875 1276.3931884765625 1003.73223876953125 2070.335205078125 2028.4793701171875 2121.04248046875 4243.35986328125 6969.1923828125 1821.4046630859375 275.78515625 99.68863677978515625 153.4565582275390625 484.33282470703125 910.4678955078125 963.0599365234375 1513.373779296875 817.46661376953125 3557.04345703125 3485.715576171875 5403.5146484375 5723.6962890625 -9999 -9999
6080.998046875 7678.091796875 6098.79736328125 3544.6787109375 2378.635009765625 2158.302001953125 2176.955322265625 1790.340087890625 1783.8721923828125 1170.7816162109375 706.32568359375 415.497528076171875 662.92803955078125 1097.831298828125 1194.8599853515625 2150.501220703125 3702.29150390625 4287.43994140625 3101.149169921875 1010.3900146484375 512.51324462890625 668.05645751953125 1314.1175537109375 1419.055419921875 1596.76513671875 559.1903076171875 541.01654052734375 872.05810546875 2415.055419921875 3590.855224609375 3320.62841796875 6379.09228515625 7464.5234375 1658.2039794921875 351.76055908203125 115.09593963623046875 130.537628173828125 309.40081787109375 718.722412109375 943.99102783203125 1602.9110107421875 683.63397216796875 1889.837646484375 5590.19189453125 7543.7919921875 5134.59375 -9999 -9999
3893.37451171875 5272.755859375 5951.22802734375 4591.2109375 2089.65234375 1197.141357421875 1082.6424560546875 832.16033935546875 876.2022705078125 582.2330322265625 366.190185546875 644.23223876953125 998.77484130859375 1538.7523193359375 1351.147705078125 1678.7786865234375 2472.187744140625 4501.45703125 5041.09912109375 1858.41845703125 571.67010498046875 432.22576904296875 589.010986328125 672.941162109375 759.49853515625 436.873382568359375 450.2740478515625 870.21954345703125 2123.338623046875 4447.3720703125 5752.66796875 10456.3447265625 7693.63525390625 1243.9677734375 496.47784423828125 362.470458984375 300.7288818359375 442.64544677734375 817.3665771484375 1146.943359375 1344.3890380859375 529.903076171875 649.56988525390625 5615.572265625 6227.75439453125 4427.0244140625 -9999 -9999
3003.538818359375 3929.710205078125 4113.21533203125 5421.25439453125 3476.956298828125 1119.7850341796875 751.87982177734375 648.81787109375 600.642822265625 343.711090087890625 231.60162353515625 724.4908447265625 1134.233642578125 1881.6439208984375 1863.9967041015625 2147.9775390625 2392.5771484375 5353.119140625 8229.279296875 2007.86669921875 908.76318359375 551.9605712890625 260.88421630859375 469.021148681640625 783.08502197265625 855.34454345703125 974.7015380859375 1136.348876953125 1667.6571044921875 3521.58544921875 7414.10205078125 18035.18359375 10850.0283203125 1273.849853515625 767.99578857421875 677.93695068359375 633.49688720703125 665.89813232421875 905.70166015625 1468.698486328125 1887.0491943359375 1269.7967529296875 952.84466552734375 3420.7763671875 4846.44091796875 4452.36962890625 5753.41357421875 -9999
2527.28662109375 3335.356201171875 2734.43994140625 3407.26416015625 4863.998046875 2128.2529296875 1256.88720703125 984.350341796875 843.28094482421875 385.731781005859375 304.886688232421875 824.72412109375 1277.5115966796875 1986.1387939453125 2361.484130859375 2858.430908203125 2690.224609375 3420.109619140625 3958.900146484375 2116.384033203125 1224.5439453125 807.8079833984375 474.2796630859375 560.846435546875 1164.313232421875 1516.2991943359375 1552.12841796875 1781.7183837890625 1990.8148193359375 2755.04296875 4265.490234375 15734.541015625 12587.7158203125 1503.9345703125 916.29071044921875 918.12408447265625 856.24530029296875 910.2239990234375 1016.60626220703125 1442.7850341796875 2302.835693359375 3443.841064453125 3135.894775390625 5744.62744140625 5999.248046875 4929.17529296875 5017.28662109375 3707.345703125
1630.373779296875 2136.061767578125 2059.5830078125 1735.906005859375 2666.78857421875 3667.566162109375 1392.5782470703125 984.61474609375 938.31011962890625 476.7767333984375 466.854522705078125 1007.78216552734375 1399.727783203125 2096.298583984375 2295.76025390625 3567.558349609375 4465.4423828125 3001.895751953125 1081.664306640625 1495.8985595703125 1173.4647216796875 884.96917724609375 702.3533935546875 728.225341796875 1239.743408203125 1814.3740234375 2310.374755859375 2378.580078125 2535.882080078125 2757.5 3198.661376953125 3405.421142578125 2043.906005859375 1893.4637451171875 1445.400634765625 1198.804443359375 967.73944091796875 1066.5809326171875 1592.02587890625 1721.7166748046875 2096.721435546875 3628.27685546875 6230.87548828125 12492.2734375 7992.59619140625 4655.58935546875 4482.82861328125 3488.583251953125
1627.477783203125 1463.4578857421875 1301.9268798828125 1102.5882568359375 724.00543212890625 2141.31884765625 1645.2840576171875 1067.583740234375 1067.5565185546875 786.46246337890625 845.13433837890625 1397.9344482421875 1784.7515869140625 2485.956298828125 2656.7431640625 5127.638671875 7138.408203125 3250.55810546875 1279.3052978515625 1061.58251953125 1145.481689453125 976.76727294921875 935.79022216796875 972.05792236328125 1390.7105712890625 1684.6243896484375 2248.513427734375 2544.35400390625 2548.30615234375 2504.947265625 2860.944091796875 4250.8515625 4424.0771484375 3626.30029296875 2733.15576171875 1877.3798828125 914.97442626953125 1298.8660888671875 2218.702392578125 2538.416748046875 2832.84033203125 3223.314697265625 5391.58984375 20518.2578125 9942.2216796875 4186.02197265625 3533.648681640625 3251.656494140625
