INPUT/RASTER/ASCII/fla.asc
ncols        225
nrows        269
xllcorner    473009.983799999987
yllcorner    4429051.174800000153
cellsize     50.000000000000
NODATA_value  -9999
[rows 126 to 146 of 269, columns 96 to 143 of 225]
1300.3929443359375 8913.9833984375 6766.19873046875 1349.8411865234375 1557.8104248046875 2554.855712890625 4692.583984375 14652.361328125 7718.8759765625 3837.765869140625 4331.71240234375 4967.52001953125 2562.455078125 935.31719970703125 853.70556640625 1046.5445556640625 884.2667236328125 1753.2318115234375 4565.41455078125 3751.74365234375 3194.35302734375 4337.7626953125 4934.61328125 7280.9375 6481.3916015625 2639.970458984375 1921.3157958984375 1952.5960693359375 1879.754638671875 1850.723388671875 1750.9202880859375 1162.451171875 1105.1220703125 960.60150146484375 492.208465576171875 224.070068359375 140.6489105224609375 -9999 -9999 -9999 -9999 -9999 -9999 -9999 -9999 -9999 -9999 -9999
1422.601318359375 5611.0849609375 11446.3212890625 3213.194580078125 1540.857177734375 2172.985595703125 4498.22900390625 17567.466796875 8297.2529296875 3389.220458984375 5677.61279296875 6359.86279296875 1521.569091796875 873.83697509765625 1270.82275390625 1547.1737060546875 955.78863525390625 1540.486328125 4300.5595703125 4143.6669921875 2882.244384765625 3507.48681640625 3596.76416015625 3644.71044921875 3747.175048828125 2053.04248046875 1629.98291015625 1438.5963134765625 1160.3896484375 1263.86328125 1276.996337890625 810.6368408203125 467.187652587890625 450.417144775390625 475.964935302734375 375.502685546875 186.51702880859375 401.331573486328125 -9999 -9999 -9999 -9999 -9999 -9999 -9999 -9999 -9999 -9999
1614.6484375 3653.44189453125 10714.474609375 8400.37890625 1616.4326171875 1834.3218994140625 3632.11474609375 16059.23046875 5528.86376953125 2482.14892578125 7944.91162109375 6960.22412109375 922.2816162109375 870.18145751953125 1859.561767578125 2434.357177734375 1414.1849365234375 1617.7589111328125 4459.2451171875 4347.2900390625 2791.3056640625 3379.72509765625 4358.4306640625 3392.0517578125 1639.888427734375 1931.7877197265625 1418.375244140625 1217.81005859375 745.30609130859375 695.3038330078125 767.2257080078125 548.84075927734375 325.78497314453125 215.5689544677734375 329.976104736328125 480.360626220703125 494.471588134765625 743.29803466796875 1686.0968017578125 -9999 -9999 -9999 -9999 -9999 -9999 -9999 -9999 -9999
1650.83251953125 3430.668212890625 7928.80078125 10336.3623046875 2031.4703369140625 1469.5279541015625 3165.111083984375 16008.4609375 6810.04736328125 2215.9755859375 8461.1943359375 8244.970703125 1240.0262451171875 1040.714599609375 2299.94970703125 3296.022705078125 1854.783203125 2420.082763671875 5190.17333984375 3940.90380859375 2428.708984375 2814.903564453125 3054.693115234375 3199.1123046875 1703.79541015625 1580.936767578125 957.12457275390625 684.08026123046875 334.509735107421875 182.188507080078125 225.3175811767578125 521.000732421875 529.4447021484375 369.134307861328125 525.16510009765625 889.9385986328125 863.74896240234375 1179.97509765625 1516.6649169921875 2178.822998046875 1967.3046875 -9999 -9999 -9999 -9999 -9999 -9999 -9999
1393.685791015625 2011.98193359375 4147.4287109375 11791.158203125 3834.02392578125 1041.17724609375 3139.646728515625 16593.591796875 8479.384765625 1789.1588134765625 6808.625 10874.107421875 3048.815673828125 1461.1905517578125 2747.970703125 3962.570556640625 2211.504638671875 3416.90869140625 5551.74267578125 4057.183837890625 2737.190673828125 2876.3310546875 1967.422607421875 996.787353515625 1787.6134033203125 1521.3905029296875 903.0230712890625 426.94158935546875 126.88488006591796875 100.12651824951171875 127.2620391845703125 522.81536865234375 626.88763427734375 564.94036865234375 1108.5550537109375 1790.28564453125 2047.6953125 2142.837158203125 2127.450439453125 2622.721435546875 2265.510009765625 -9999 -9999 -9999 -9999 -9999 -9999 -9999
3304.255615234375 2015.1451416015625 3001.1796875 12220.1357421875 7947.6171875 1214.0093994140625 4177.17919921875 18021.6171875 8621.4130859375 1707.8280029296875 5049.810546875 11370.95703125 6766.62451171875 2183.840087890625 3012.310546875 4527.2314453125 3089.44775390625 3499.5595703125 6443.4423828125 5993.4619140625 3757.648193359375 4802.08642578125 1671.4501953125 1366.05517578125 1166.6434326171875 1118.6690673828125 718.765625 392.52703857421875 134.85357666015625 214.2091827392578125 372.714874267578125 192.7992095947265625 329.89630126953125 636.65423583984375 1111.3297119140625 1926.828857421875 2594.625732421875 3689.0625 3050.039306640625 3241.372314453125 2813.510009765625 -9999 -9999 -9999 -9999 -9999 -9999 -9999
8339.1328125 2918.621826171875 2783.511962890625 9962.6767578125 12010.650390625 3161.1015625 3980.21044921875 19258.091796875 9492.359375 1685.602783203125 3614.143798828125 8998.06640625 11045.4140625 3430.775146484375 3214.774169921875 4171.00244140625 4219.8408203125 3212.708740234375 5397.61328125 7048.22216796875 9590.48046875 9818.2021484375 3331.14453125 2390.555908203125 1499.0919189453125 1028.8067626953125 617.3389892578125 347.770050048828125 398.766845703125 677.9874267578125 1109.3143310546875 548.708251953125 722.27520751953125 747.54547119140625 1353.0926513671875 1815.3900146484375 3028.055419921875 4236.6806640625 8791.09765625 20383.25 11714.4541015625 -9999 -9999 -9999 -9999 -9999 -9999 -9999
11951.81640625 9403.236328125 6063.4365234375 5538.32275390625 11282.9990234375 13564.0654296875 7554.23388671875 22517.052734375 12436.9423828125 2024.7733154296875 3098.29931640625 8267.9912109375 13704.544921875 7136.51025390625 4405.01416015625 4358.92041015625 5405.099609375 3602.413330078125 4692.26220703125 4845.96044921875 20547.916015625 12533.1162109375 2988.52734375 1843.214111328125 1449.55908203125 881.6236572265625 404.249786376953125 420.745086669921875 771.9320068359375 1172.026123046875 1851.77734375 1379.857177734375 1391.3922119140625 1110.787841796875 1191.3887939453125 1736.6171875 2557.711181640625 3334.300537109375 7166.81298828125 23543.416015625 34744.7421875 -9999 -9999 -9999 -9999 -9999 -9999 -9999
6642.267578125 10772.6474609375 8131.2890625 4995.095703125 5392.94873046875 12494.3466796875 12244.640625 19686.83203125 14016.697265625 1662.30908203125 2450.341552734375 5904.38818359375 12370.4697265625 11333.044921875 6040.6015625 4702.11181640625 5826.9091796875 5538.51025390625 5027.24365234375 5374.40869140625 13935.1259765625 4855.08544921875 2579.073486328125 1947.23828125 1269.355224609375 766.99114990234375 454.20281982421875 529.500732421875 1005.18353271484375 1513.7542724609375 2592.6533203125 3028.432373046875 2542.9248046875 1759.339599609375 1271.5762939453125 1299.977783203125 1774.38330078125 2259.418701171875 3001.511962890625 3906.7001953125 -9999 -9999 -9999 -9999 -9999 -9999 -9999 -9999
4331.4658203125 8170.8359375 9454.5634765625 4876.87158203125 4115.21484375 9168.3818359375 12886.90625 19878.740234375 15515.140625 1942.9796142578125 2063.175048828125 4697.7109375 9995.048828125 12358.501953125 5532.53076171875 3410.958251953125 4501.49609375 5233.54736328125 6636.6416015625 3112.115966796875 4090.86181640625 4619.94873046875 3785.454345703125 2840.559326171875 1953.48876953125 1308.923095703125 727.58392333984375 608.11932373046875 845.77459716796875 1212.7105712890625 2215.3349609375 3674.27978515625 5719.310546875 2921.596923828125 1642.856689453125 1323.53662109375 1567.38623046875 1766.06103515625 2250.83642578125 2334.86669921875 -9999 -9999 -9999 -9999 -9999 -9999 -9999 -9999
3440.089599609375 5024.1513671875 10682.408203125 9545.40625 6342.3671875 9825.1162109375 17318.984375 28537.9921875 13894.419921875 2182.038818359375 2056.47119140625 6814.794921875 6942.98974609375 15416.8525390625 7358.95263671875 2439.5283203125 3379.302490234375 4090.384033203125 5935.34375 2216.727294921875 3462.92236328125 3702.1669921875 3444.583740234375 2856.040771484375 2064.10205078125 1283.31884765625 610.2462158203125 445.980072021484375 827.65118408203125 1398.677490234375 1912.150146484375 2884.332275390625 6047.419921875 7908.2802734375 4214.3916015625 1362.6121826171875 1448.034912109375 1362.9373779296875 1274.748291015625 -9999 -9999 -9999 -9999 -9999 -9999 -9999 -9999 -9999
3795.95556640625 3460.43896484375 5638.7470703125 10510.462890625 7385.052734375 4675.185546875 5692.109375 5507.5810546875 2442.5693359375 3344.955322265625 3215.846923828125 8179.19677734375 6063.7607421875 13881.9013671875 9998.6923828125 2397.577392578125 2401.624755859375 3591.8544921875 2246.0654296875 1812.7840576171875 3055.573486328125 2502.9150390625 2358.287109375 2061.16552734375 1649.241455078125 963.5281982421875 327.412689208984375 274.60467529296875 682.96844482421875 1113.9168701171875 1434.8380126953125 1902.5765380859375 3113.005126953125 5594.32421875 9339.1884765625 8615.314453125 -9999 -9999 -9999 -9999 -9999 -9999 -9999 -9999 -9999 -9999 -9999 -9999
4535.8427734375 5166.3857421875 4137.33203125 6401.07958984375 3140.722412109375 364.620635986328125 609.25927734375 869.9864501953125 1446.1817626953125 3418.28466796875 5410.03076171875 8684.470703125 15130.3818359375 16325.982421875 9466.654296875 3500.52294921875 4067.627197265625 6434.79052734375 1827.5096435546875 2606.366455078125 2503.994140625 2086.919189453125 1817.422607421875 1476.8668212890625 1135.011962890625 691.17559814453125 305.93316650390625 574.60498046875 1210.76171875 1374.4912109375 1324.5687255859375 1739.8046875 2639.180908203125 3624.32080078125 7275.05322265625 8789.5087890625 -9999 -9999 -9999 -9999 -9999 -9999 -9999 -9999 -9999 -9999 -9999 -9999
4593.900390625 7258.1298828125 7906.953125 6060.50341796875 1120.1580810546875 398.61529541015625 427.355255126953125 624.059814453125 1192.98583984375 2373.292724609375 4693.904296875 7311.19384765625 15104.40625 33206.71875 6773.37890625 3677.478515625 10285.6875 9855.03125 3171.541259765625 2417.711669921875 1855.59326171875 1606.32763671875 1355.8848876953125 1141.6981201171875 737.9873046875 434.05279541015625 237.220367431640625 621.22430419921875 1517.061767578125 1751.5784912109375 1375.5418701171875 1556.220947265625 2221.84130859375 2833.9912109375 4060.380615234375 7281.05322265625 -9999 -9999 -9999 -9999 -9999 -9999 -9999 -9999 -9999 -9999 -9999 -9999
3767.944091796875 6024.65625 11455.0283203125 8987.9091796875 1310.848388671875 682.380615234375 659.88934326171875 684.0494384765625 828.80078125 1192.9993896484375 1721.0328369140625 2467.401611328125 2530.48388671875 6288.50927734375 2343.343994140625 6287.6455078125 19964.0390625 4911.39697265625 3736.68310546875 3480.620849609375 2549.416259765625 1908.6552734375 1574.1915283203125 1174.8902587890625 725.363525390625 482.06439208984375 324.363494873046875 696.876708984375 1991.5440673828125 2746.776123046875 2568.873291015625 2370.858154296875 2673.95556640625 2927.620361328125 2700.85498046875 -9999 -9999 -9999 -9999 -9999 -9999 -9999 -9999 -9999 -9999 -9999 -9999 -9999
4262.62109375 6348.7431640625 13729.220703125 12282.5703125 1519.214599609375 840.89642333984375 830.7880859375 968.25933837890625 1021.99981689453125 1194.074462890625 1430.3609619140625 1586.5186767578125 1614.213134765625 2298.002197265625 2743.36181640625 3734.851806640625 7015.50830078125 2665.720458984375 2813.807373046875 2908.03564453125 2845.481689453125 1966.64208984375 1323.9918212890625 856.33099365234375 537.8216552734375 538.21307373046875 424.829193115234375 658.830322265625 1744.5367431640625 3118.246826171875 3284.0576171875 2590.26123046875 2673.768798828125 2479.5556640625 4157.9599609375 -9999 -9999 -9999 -9999 -9999 421.481170654296875 497.136444091796875 672.09954833984375 978.5543212890625 4786.82763671875 3333.982666015625 968.77691650390625 578.9649658203125
3513.035888671875 6773.88427734375 17043.75390625 13741.6728515625 1659.8419189453125 977.54205322265625 913.02593994140625 1104.4901123046875 1648.4324951171875 1200.7301025390625 1373.520751953125 1922.6973876953125 1956.9693603515625 1715.707763671875 2509.972412109375 3070.240478515625 4896.80712890625 3697.59912109375 3074.798828125 2483.89697265625 2103.188720703125 1682.9403076171875 1042.46484375 544.94476318359375 263.55096435546875 242.8833770751953125 310.598663330078125 669.17694091796875 1339.2781982421875 2843.669189453125 5159.8203125 4483.20556640625 3756.9326171875 2111.187255859375 -9999 -9999 -9999 -9999 -9999 380.7928466796875 359.82208251953125 516.2242431640625 755.8016357421875 1161.1175537109375 6297.21923828125 5061.013671875 600.58013916015625 561.33856201171875
2998.1298828125 6105.69677734375 19825.796875 20060.048828125 3831.13671875 1626.7198486328125 1270.8656005859375 1574.935791015625 2552.91552734375 1520.40283203125 1009.89453125 2472.190185546875 4126.1669921875 1134.6220703125 4836.17822265625 8918.8623046875 6578.37939453125 3933.259521484375 2996.14208984375 2299.26953125 1795.4375 1204.5753173828125 800.21307373046875 510.88238525390625 426.6929931640625 501.496124267578125 563.5274658203125 621.30792236328125 910.37646484375 1496.9462890625 3702.577392578125 4727.38671875 3875.48486328125 -9999 -9999 -9999 -9999 -9999 -9999 230.4368438720703125 285.00592041015625 519.374267578125 889.006103515625 1377.0643310546875 4667.3056640625 3203.888671875 421.700164794921875 597.04241943359375
1614.7310791015625 2368.679931640625 11414.7978515625 33256.73046875 14435.2099609375 3285.640380859375 1864.80419921875 2404.93603515625 3099.908203125 2316.570556640625 754.3948974609375 5090.8408203125 11344.8251953125 3961.0361328125 11415.6171875 17393.255859375 7631.42919921875 4956.8603515625 3632.91259765625 2465.499755859375 1889.8717041015625 1382.9647216796875 704.40911865234375 427.52740478515625 422.497711181640625 762.87237548828125 1409.5870361328125 1466.78662109375 1305.6334228515625 1505.18701171875 3223.443115234375 4995.27099609375 -9999 -9999 -9999 -9999 -9999 -9999 -9999 110.47536468505859375 192.4842987060546875 502.42327880859375 892.58978271484375 1302.27880859375 1868.21630859375 1058.5189208984375 914.62176513671875 1261.468994140625
1316.2386474609375 649.65716552734375 587.1947021484375 13512.12109375 36720.05078125 17786.41015625 3857.486328125 3886.023193359375 3711.584716796875 2084.921875 1871.5216064453125 9125.1220703125 10956.9599609375 7611.8369140625 10164.25 10581.216796875 6320.08056640625 4408.80078125 3686.720703125 2542.650146484375 1685.95166015625 1038.5843505859375 520.29327392578125 368.751678466796875 381.14642333984375 888.34527587890625 2128.042724609375 2625.575927734375 1686.6226806640625 1461.1009521484375 -9999 -9999 -9999 -9999 -9999 -9999 -9999 -9999 -9999 99.60040283203125 175.36273193359375 452.37139892578125 934.99530029296875 1506.36083984375 2169.963134765625 817.53887939453125 932.4085693359375 1552.1566162109375
1727.78173828125 948.0947265625 392.366546630859375 623.318603515625 13627.3701171875 35316.1484375 12414.4873046875 3041.23974609375 1119.5501708984375 1030.45703125 2516.023193359375 5216.3193359375 6276.857421875 6838.421875 10408.3388671875 10953.154296875 6717.06982421875 4254.701171875 3600.3779296875 3070.737060546875 2303.396484375 1549.541015625 937.97369384765625 812.9659423828125 776.2235107421875 1016.99169921875 1928.2064208984375 2723.378173828125 1514.822265625 -9999 -9999 -9999 -9999 -9999 -9999 -9999 -9999 -9999 -9999 948.2364501953125 695.3123779296875 732.0596923828125 1182.533203125 1608.8778076171875 4251.5791015625 1546.704833984375 1679.864990234375 3183.72216796875
