INPUT/RASTER/ASCII/fla.asc
ncols        225
nrows        269
xllcorner    473009.983799999987
yllcorner    4429051.174800000153
cellsize     50.000000000000
NODATA_value  -9999
[rows 189 to 209 of 269, columns 96 to 143 of 225]
3831.391357421875 3369.73974609375 1624.5343017578125 1183.8692626953125 1467.979736328125 1948.3138427734375 3491.30615234375 1917.1573486328125 1772.28857421875 1507.718505859375 417.479217529296875 193.9464569091796875 427.997772216796875 646.39508056640625 931.55023193359375 1163.1488037109375 1496.5040283203125 1743.0218505859375 1548.23291015625 1899.8138427734375 2333.38134765625 1441.4000244140625 835.59039306640625 495.855316162109375 623.36322021484375 1099.4739990234375 1950.94921875 2314.1982421875 2350.45361328125 1682.1456298828125 983.89495849609375 1763.8507080078125 1515.9886474609375 2421.879150390625 2927.844970703125 3602.062744140625 5770.2490234375 3573.46484375 2764.08251953125 1994.183837890625 2535.213134765625 4047.2822265625 5351.8955078125 2516.206787109375 1951.0721435546875 1659.102294921875 1156.6087646484375 783.3109130859375
982.8548583984375 872.35308837890625 912.04833984375 936.43402099609375 989.67034912109375 1640.014404296875 5984.7080078125 1120.8927001953125 962.59503173828125 3340.722412109375 1042.6165771484375 528.11163330078125 336.47869873046875 276.356964111328125 533.07763671875 724.29315185546875 1100.8280029296875 1195.3382568359375 749.205078125 1182.27099609375 2635.7431640625 1693.5357666015625 1975.7489013671875 1895.48291015625 1057.6453857421875 685.28460693359375 667.948486328125 1099.5662841796875 1510.8836669921875 2449.6474609375 2702.488525390625 2761.359375 1610.8631591796875 2234.875732421875 3093.45263671875 4455.09716796875 7919.48486328125 4248.5107421875 3433.8447265625 3284.121826171875 3697.716552734375 7831.1123046875 4415.45068359375 2486.375244140625 1944.3668212890625 1591.8712158203125 1255.81103515625 737.4024658203125
515.4224853515625 521.54815673828125 537.52294921875 653.08782958984375 920.581787109375 1542.688232421875 2110.549072265625 1465.4222412109375 2354.88037109375 4091.51025390625 1571.7108154296875 917.80682373046875 330.967010498046875 219.9864044189453125 367.367340087890625 394.1031494140625 576.3778076171875 625.390625 904.16949462890625 829.1470947265625 2689.504638671875 2677.30078125 2566.083740234375 919.78118896484375 433.675872802734375 322.78173828125 401.759857177734375 918.19549560546875 1363.5047607421875 1898.595703125 4505.71240234375 6481.5166015625 1636.146240234375 2070.3955078125 3268.841064453125 8475.74609375 13689.109375 3203.09130859375 4690.35107421875 23354.791015625 3095.781494140625 2063.517822265625 2003.2430419921875 1545.918701171875 1393.1112060546875 1173.7296142578125 1071.198486328125 897.92425537109375
222.3608856201171875 298.491729736328125 348.603118896484375 556.74749755859375 674.5936279296875 945.08819580078125 824.8896484375 1378.5982666015625 1896.8223876953125 1693.5477294921875 2092.22119140625 1214.5882568359375 558.3948974609375 451.203643798828125 578.2501220703125 453.720062255859375 297.55743408203125 425.069549560546875 779.00238037109375 1717.1280517578125 5163.61474609375 3414.068603515625 1855.044189453125 774.82025146484375 441.095428466796875 200.6346282958984375 317.326904296875 768.009033203125 1050.7177734375 1360.0843505859375 2325.507568359375 5078.234375 2335.373046875 1894.086181640625 2049.13671875 4270.7578125 3333.1513671875 1227.92822265625 2650.504638671875 40896.2265625 31958.646484375 2513.8193359375 1576.7845458984375 1552.599853515625 1433.44677734375 1282.2420654296875 1301.80126953125 1421.75732421875
417.31805419921875 567.76275634765625 649.04888916015625 673.8677978515625 778.2054443359375 655.0992431640625 485.005279541015625 436.27667236328125 319.46734619140625 2139.144775390625 3415.008544921875 1085.2137451171875 610.82244873046875 731.33880615234375 1089.3031005859375 992.90380859375 563.35955810546875 372.096710205078125 438.854583740234375 1479.7821044921875 7523.83203125 3043.84521484375 1677.55029296875 927.30462646484375 557.99749755859375 344.520904541015625 434.775482177734375 611.6708984375 841.3150634765625 1272.623779296875 1752.185302734375 5600.45947265625 6165.01708984375 2723.32568359375 1909.333984375 2352.633056640625 2008.388427734375 1188.58544921875 850.88262939453125 5630.5048828125 42759.84765625 23299.275390625 5615.26318359375 3611.4599609375 4085.614990234375 4126.51171875 4210.2099609375 3706.430419921875
904.47808837890625 1236.0970458984375 1506.515380859375 948.7283935546875 1266.3370361328125 1222.135009765625 1105.9134521484375 1266.8975830078125 926.36431884765625 1526.0250244140625 2010.3533935546875 967.7200927734375 632.710205078125 1045.8148193359375 1843.32666015625 1756.5958251953125 1127.47119140625 587.66064453125 521.7777099609375 829.0574951171875 1706.3927001953125 1795.366943359375 1517.6732177734375 974.292236328125 748.4542236328125 608.5498046875 535.38531494140625 619.44818115234375 919.11639404296875 1319.7598876953125 1864.0987548828125 8642.63671875 8684.5146484375 2934.869873046875 1400.9156494140625 1538.0947265625 1683.45654296875 1027.5439453125 755.07391357421875 1524.264892578125 11933.6953125 29462.640625 31240.81640625 21458.4375 10347.38671875 6723.05859375 3880.454345703125 2279.2314453125
1197.79443359375 1970.8265380859375 3297.814208984375 2975.372802734375 2000.3740234375 1628.361083984375 1960.9835205078125 3483.31005859375 1099.6873779296875 513.344482421875 571.06512451171875 944.052734375 916.71026611328125 1214.2432861328125 2905.082275390625 2722.786865234375 1837.4951171875 942.49432373046875 585.81329345703125 904.241943359375 904.172119140625 851.19647216796875 1489.6708984375 1137.469482421875 1281.7098388671875 995.49774169921875 523.0262451171875 508.159759521484375 852.046875 1625.66796875 2327.42333984375 1713.679931640625 1255.4371337890625 1936.326171875 1650.2371826171875 1465.9678955078125 1535.18994140625 1150.1461181640625 886.90966796875 2299.2880859375 7026.74658203125 4512.29638671875 5579.7109375 12611.953125 17123.7421875 10686.5498046875 6046.07080078125 3737.958251953125
754.37542724609375 1355.053466796875 2533.384765625 5039.20068359375 7294.12158203125 4680.3798828125 1985.003662109375 2150.459716796875 530.80712890625 265.346954345703125 214.3743896484375 505.48486328125 1614.5909423828125 1433.0076904296875 3235.997314453125 5024.2177734375 4296.69921875 1447.9921875 371.15478515625 835.80810546875 1639.1256103515625 665.59136962890625 629.67138671875 1541.9488525390625 1998.419921875 1156.482666015625 628.22857666015625 494.335540771484375 589.330078125 854.31524658203125 1514.087158203125 1245.355712890625 697.81585693359375 877.70843505859375 739.7694091796875 758.80865478515625 884.8524169921875 873.6885986328125 922.74462890625 2416.20166015625 4167.61328125 3112.65283203125 3158.926025390625 1976.1563720703125 4509.541015625 8428.09765625 7229.1435546875 5143.56201171875
1252.1484375 1647.8629150390625 2055.380859375 2763.51171875 5413.15478515625 9791.2744140625 4230.23291015625 1058.1802978515625 599.9945068359375 430.5726318359375 401.68170166015625 651.7850341796875 1768.895751953125 1445.8858642578125 1761.0364990234375 5466.86279296875 10442.85546875 1416.9788818359375 273.72247314453125 489.38568115234375 1211.2344970703125 953.47479248046875 822.55072021484375 1898.0621337890625 3157.4111328125 1256.734130859375 777.11126708984375 605.34521484375 547.1513671875 686.286376953125 1344.9810791015625 2816.440673828125 3407.65087890625 2082.323974609375 1185.386474609375 1212.203369140625 1138.2200927734375 967.7513427734375 977.25872802734375 1677.853271484375 2759.8740234375 2389.376220703125 2799.99267578125 2493.001220703125 2078.038330078125 3405.62646484375 5144.92822265625 4961.70849609375
1134.741455078125 1632.72119140625 2022.6212158203125 2085.578857421875 2368.070556640625 3511.029052734375 9453.44921875 2846.78125 588.48651123046875 630.4063720703125 709.3035888671875 1032.15966796875 2566.875732421875 1702.234619140625 518.8402099609375 1805.47900390625 6221.76025390625 2555.800537109375 1676.891845703125 803.9832763671875 759.2593994140625 671.70538330078125 897.306396484375 2066.1015625 6346.529296875 4077.754638671875 1268.0133056640625 901.92047119140625 595.30572509765625 735.45318603515625 1092.3634033203125 4407.06201171875 10264.09375 5455.6171875 4640.25830078125 3079.00927734375 2073.4189453125 1220.4288330078125 1065.7435302734375 1148.7513427734375 1611.1336669921875 1449.1767578125 1505.1580810546875 1430.118408203125 1462.590576171875 1111.2969970703125 1656.8226318359375 2330.846923828125
807.68341064453125 1342.645751953125 1794.6043701171875 994.55810546875 873.04052734375 1444.282470703125 11087.7392578125 5852.17724609375 539.38385009765625 900.70648193359375 1290.9130859375 2465.79345703125 3427.751220703125 1802.0068359375 538.3153076171875 649.10516357421875 961.64361572265625 1988.48583984375 1602.4305419921875 867.87408447265625 607.25274658203125 482.531494140625 587.09295654296875 927.84716796875 1333.110595703125 1822.656494140625 1308.66845703125 1001.8212890625 631.6588134765625 864.6773681640625 915.52960205078125 2177.750732421875 3476.671142578125 2540.786865234375 1882.2086181640625 1429.0316162109375 1074.9007568359375 776.38067626953125 766.20361328125 723.10284423828125 994.88604736328125 885.31158447265625 1078.467529296875 892.42071533203125 1028.880859375 753.557373046875 632.22357177734375 1178.126220703125
850.56988525390625 1110.1473388671875 2410.345703125 1155.989013671875 598.2772216796875 743.08062744140625 6211.46826171875 4337.2119140625 653.15521240234375 1122.9288330078125 2727.871337890625 5308.84375 2966.267822265625 1371.2320556640625 716.75146484375 1311.6607666015625 2525.384033203125 1195.0262451171875 724.2847900390625 600.33624267578125 412.73992919921875 253.172210693359375 373.844757080078125 676.406982421875 781.1298828125 799.14068603515625 1160.2431640625 1001.54803466796875 610.309814453125 927.9998779296875 1118.0615234375 1900.4151611328125 2167.090576171875 1722.0848388671875 1136.388671875 1049.6207275390625 871.85650634765625 625.2691650390625 457.575408935546875 329.87835693359375 363.79559326171875 324.146087646484375 464.0576171875 342.851226806640625 427.146881103515625 377.9862060546875 418.735931396484375 953.06683349609375
4839.4990234375 1041.6973876953125 2994.755126953125 2237.2255859375 764.88836669921875 877.10699462890625 1049.763916015625 1429.756103515625 1299.5184326171875 1712.116943359375 5266.865234375 6319.3115234375 1626.0670166015625 976.6190185546875 553.83538818359375 2425.13427734375 4565.28662109375 1013.53240966796875 730.6707763671875 445.55914306640625 318.85986328125 233.964080810546875 350.835052490234375 530.43646240234375 677.2542724609375 1216.183837890625 2621.2568359375 1505.53662109375 505.6649169921875 870.2181396484375 736.414306640625 808.1654052734375 922.3314208984375 1273.54248046875 1248.5897216796875 1149.2183837890625 1207.19091796875 885.37030029296875 777.87628173828125 511.299102783203125 535.23052978515625 437.374847412109375 471.6103515625 242.6221771240234375 367.552947998046875 770.09246826171875 1179.25927734375 2188.99560546875
14354.279296875 8951.8369140625 3251.210205078125 4071.516357421875 1171.383544921875 1038.809326171875 1085.3624267578125 2437.31982421875 3548.355712890625 4037.03955078125 7665.45458984375 4713.55810546875 1192.8946533203125 1144.5555419921875 661.23138427734375 4002.94091796875 4879.47900390625 1102.776611328125 955.88690185546875 587.96636962890625 541.3988037109375 481.574066162109375 611.77740478515625 800.09765625 852.18804931640625 2179.298095703125 6517.21728515625 1838.2266845703125 640.27069091796875 775.63653564453125 683.2496337890625 758.49224853515625 828.30670166015625 1295.522216796875 1968.169677734375 2082.212646484375 2243.26953125 1884.3836669921875 2143.34619140625 1890.4930419921875 2131.545654296875 1548.072998046875 638.51873779296875 238.8367462158203125 505.74395751953125 1369.2650146484375 2495.251953125 3570.90576171875
3887.088134765625 13840.828125 13254.556640625 7475.16943359375 3005.8916015625 1312.276611328125 1196.276123046875 1647.601806640625 6574.00830078125 8836.3203125 8153.43701171875 2940.528564453125 1143.3372802734375 1585.5816650390625 1340.522705078125 5960.126953125 4729.58984375 1197.224609375 1087.959228515625 757.40374755859375 827.95343017578125 819.47686767578125 872.14276123046875 999.06158447265625 878.8905029296875 4588.9521484375 5811.84619140625 1475.34375 2545.510986328125 14619.072265625 25276.849609375 16627.275390625 8690.7021484375 7168.25048828125 6122.59619140625 5288.67822265625 4894.58056640625 3349.458984375 3457.305908203125 2607.35546875 2059.6455078125 775.91107177734375 401.1761474609375 361.557952880859375 651.92034912109375 1696.88037109375 4504.2685546875 5209.7744140625
1395.465087890625 3293.247314453125 13151.53125 16528.69140625 6794.12890625 1893.5806884765625 1197.2138671875 1345.12646484375 1963.0767822265625 4362.74462890625 4416.75732421875 1433.1807861328125 938.64337158203125 2005.8485107421875 3315.624267578125 4259.9658203125 2754.31982421875 1077.22509765625 1334.9638671875 993.90771484375 1147.421142578125 1220.5731201171875 1263.382568359375 1304.992431640625 1176.7197265625 2656.482177734375 1932.9100341796875 1341.41552734375 3162.582763671875 10144.189453125 18645.806640625 21327.10546875 21005.541015625 18158.40625 14956.064453125 10003.046875 7163.57568359375 5282.0947265625 4111.1064453125 2443.702392578125 1320.2313232421875 617.04168701171875 553.3917236328125 580.0220947265625 968.0299072265625 4047.432861328125 7792.41162109375 6847.6435546875
4342.77490234375 7231.33447265625 11960.99609375 16469.06640625 8675.1591796875 6897.2705078125 2717.653564453125 1594.9984130859375 1212.7418212890625 626.8746337890625 665.9595947265625 284.83697509765625 533.68695068359375 1394.7957763671875 4678.85693359375 5288.6015625 2042.1412353515625 1342.4197998046875 1739.1104736328125 1351.8192138671875 1416.5633544921875 1546.8616943359375 1467.8572998046875 1409.02880859375 1940.3162841796875 2696.372802734375 1670.6248779296875 1445.3043212890625 1059.285888671875 1572.602294921875 2546.696044921875 5260.60205078125 3966.75732421875 2735.36083984375 3828.5859375 4877.08056640625 4889.5244140625 3692.704833984375 2527.7177734375 1405.6845703125 635.50970458984375 316.29278564453125 457.317901611328125 809.79437255859375 1102.353759765625 6818.365234375 9128.1025390625 6249.7333984375
21154.7265625 21654.15625 23140.619140625 11192.4736328125 2055.3232421875 7760.068359375 10560.931640625 2671.549072265625 1816.62109375 2283.011474609375 1182.17138671875 366.400115966796875 445.6536865234375 770.5120849609375 4563.28173828125 11392.3388671875 8030.505859375 6610.90087890625 4572.7490234375 1390.78369140625 508.78717041015625 608.8291015625 668.22576904296875 1510.132080078125 3058.677978515625 2574.91357421875 1459.82177734375 1376.9796142578125 1085.1646728515625 1547.409912109375 2360.06005859375 4331.90673828125 9294.9619140625 4160.7919921875 2967.333251953125 2557.409912109375 2693.440185546875 2310.708740234375 1766.557861328125 1031.890625 550.57000732421875 330.874603271484375 549.99212646484375 1307.5611572265625 1728.3018798828125 8354.9140625 12119.02734375 7462.38671875
2883.839111328125 2585.15087890625 2905.33251953125 2287.504638671875 1751.9317626953125 2783.104248046875 5900.109375 1923.8624267578125 1580.4686279296875 4362.44970703125 4762.6884765625 894.911865234375 625.33782958984375 753.19818115234375 1961.1375732421875 15810.9052734375 19224.19140625 17342.814453125 12756.19921875 5215.53857421875 3442.49462890625 3173.60009765625 1756.8515625 2185.787109375 2764.978515625 2341.9814453125 1126.6424560546875 914.7386474609375 975.7713623046875 1517.025146484375 2426.2841796875 3483.90625 8551.41796875 4108.8583984375 3045.43505859375 2677.75830078125 2419.581298828125 1997.988037109375 1905.8447265625 1318.7784423828125 827.05462646484375 613.72393798828125 665.03900146484375 1363.7138671875 2098.681640625 9575.3701171875 14485.5634765625 8226.814453125
1206.1014404296875 1666.0189208984375 1474.3763427734375 1409.1029052734375 1243.233154296875 1217.925048828125 1374.3314208984375 1027.2459716796875 765.80816650390625 1752.62451171875 6548.23583984375 2117.08056640625 744.48138427734375 691.01129150390625 828.18536376953125 1083.2041015625 1336.3758544921875 1656.445068359375 4545.138671875 8275.4765625 5375.12255859375 4300.7900390625 2111.353759765625 1003.4207763671875 1922.005615234375 2513.57373046875 1088.555419921875 709.7362060546875 985.28924560546875 1812.781494140625 2566.685546875 2618.893310546875 4212.54833984375 2556.454345703125 1561.587158203125 1379.2366943359375 1346.60009765625 1080.9613037109375 1165.6295166015625 1042.4801025390625 886.64215087890625 873.24371337890625 814.47418212890625 1528.1270751953125 3115.83740234375 10299.544921875 18883.83203125 10641.3642578125
750.8919677734375 1048.5439453125 831.6939697265625 907.22821044921875 734.60137939453125 831.55316162109375 817.0631103515625 827.2183837890625 692.35205078125 664.42340087890625 907.400634765625 808.96978759765625 1175.0908203125 1623.8577880859375 1279.2867431640625 924.28546142578125 1072.4315185546875 1095.2607421875 1497.6361083984375 6238.21826171875 5885.56982421875 4488.060546875 2611.86572265625 667.8543701171875 622.795166015625 2031.5755615234375 775.77197265625 434.506805419921875 988.7723388671875 1678.729736328125 1796.6312255859375 1765.9312744140625 2127.781005859375 8246.80078125 11885.4619140625 1755.96142578125 1668.0936279296875 1498.5595703125 1446.248046875 1202.40576171875 1350.5008544921875 1092.2099609375 776.49365234375 1495.5762939453125 4092.324462890625 13420.4716796875 22061.794921875 9555.904296875
