INPUT/RASTER/ASCII/gndvi2023.asc
ncols        225
nrows        269
xllcorner    473009.983799999987
yllcorner    4429051.174800000153
cellsize     50.000000000000
NODATA_value -9999
[rows 234 to 251 of 269, columns 160 to 199 of 225]
-0.51414191722869873047 -0.5157559514045715332 -0.47079876065254211426 -0.53673452138900756836 -0.54294884204864501953 -0.49205735325813293457 -0.47387775778770446777 -0.4776668250560760498 -0.49828070402145385742 -0.53018087148666381836 -0.54408997297286987305 -0.51536768674850463867 -0.45347905158996582031 -0.44991293549537658691 -0.43573552370071411133 -0.43593457341194152832 -0.44592237472534179688 -0.4093265533447265625 -0.39102056622505187988 -0.37666594982147216797 -0.3347574770450592041 -0.37492129206657409668 -0.43892154097557067871 -0.38243794441223144531 -0.36530676484107971191 -0.29449164867401123047 -0.3437118828296661377 -0.43161001801490783691 -0.43323543667793273926 -0.4404608309268951416 -0.44305646419525146484 -0.45059821009635925293 -0.41670989990234375 -0.35818275809288024902 -0.36108744144439697266 -0.41744101047515869141 -0.42700731754302978516 -0.40232190489768981934 -0.40166455507278442383 -0.4006366729736328125
-0.52089089155197143555 -0.49844852089881896973 -0.52857637405395507813 -0.54187333583831787109 -0.52012467384338378906 -0.4929097294807434082 -0.4818674921989440918 -0.47858825325965881348 -0.48425343632698059082 -0.52014678716659545898 -0.5039793848991394043 -0.49542149901390075684 -0.47726881504058837891 -0.46920624375343322754 -0.42492988705635070801 -0.41396117210388183594 -0.43493252992630004883 -0.4109369814395904541 -0.38165622949600219727 -0.36289051175117492676 -0.37125229835510253906 -0.42353001236915588379 -0.4212182164192199707 -0.35204079747200012207 -0.35334563255310058594 -0.3024082183837890625 -0.29673013091087341309 -0.39045259356498718262 -0.41498520970344543457 -0.40941548347473144531 -0.41694474220275878906 -0.41178616881370544434 -0.38214144110679626465 -0.37954750657081604004 -0.38718819618225097656 -0.40666469931602478027 -0.3683713078498840332 -0.40629789233207702637 -0.41994556784629821777 -0.42832270264625549316
-0.51375156641006469727 -0.51617336273193359375 -0.54798239469528198242 -0.55234599113464355469 -0.52457797527313232422 -0.56197321414947509766 -0.54246687889099121094 -0.49602258205413818359 -0.45604062080383300781 -0.49345627427101135254 -0.49843239784240722656 -0.50753957033157348633 -0.50468283891677856445 -0.48496165871620178223 -0.41416531801223754883 -0.41059032082557678223 -0.4275964200496673584 -0.41290691494941711426 -0.39337906241416931152 -0.37416613101959228516 -0.39159184694290161133 -0.46790844202041625977 -0.43104484677314758301 -0.38954010605812072754 -0.30804964900016784668 -0.2667179405689239502 -0.2920945286750793457 -0.34653404355049133301 -0.38591942191123962402 -0.40066725015640258789 -0.40977677702903747559 -0.39183095097541809082 -0.41535073518753051758 -0.40695402026176452637 -0.40635949373245239258 -0.39037609100341796875 -0.36644861102104187012 -0.3890654444694519043 -0.44723615050315856934 -9999
-0.52073729038238525391 -0.50809293985366821289 -0.53247421979904174805 -0.54155766963958740234 -0.52684420347213745117 -0.5552883148193359375 -0.54812067747116088867 -0.52425515651702880859 -0.4829165041446685791 -0.51219439506530761719 -0.52087992429733276367 -0.51936060190200805664 -0.5178439021110534668 -0.48263850808143615723 -0.4283771514892578125 -0.41334554553031921387 -0.42485344409942626953 -0.37729704380035400391 -0.34740486741065979004 -0.35682076215744018555 -0.40444168448448181152 -0.48600304126739501953 -0.46578076481819152832 -0.40905529260635375977 -0.32428404688835144043 -0.29084265232086181641 -0.33809313178062438965 -0.32211601734161376953 -0.3795998692512512207 -0.38406100869178771973 -0.38001719117164611816 -0.41921085119247436523 -0.43618351221084594727 -0.42642712593078613281 -0.4000987708568572998 -0.41002953052520751953 -0.39144781231880187988 -0.35362356901168823242 -9999 -9999
-0.47257673740386962891 -0.50184291601181030273 -0.51162821054458618164 -0.54414594173431396484 -0.51750540733337402344 -0.51212227344512939453 -0.51619452238082885742 -0.5255629420280456543 -0.5190461277961730957 -0.51478272676467895508 -0.50292277336120605469 -0.49765309691429138184 -0.45992365479469299316 -0.49650451540946960449 -0.44726023077964782715 -0.37406343221664428711 -0.40086451172828674316 -0.41179752349853515625 -0.38974863290786743164 -0.38398665189743041992 -0.4076054990291595459 -0.47739550471305847168 -0.45829170942306518555 -0.36862474679946899414 -0.29933750629425048828 -0.31527808308601379395 -0.3199965059757232666 -0.30426731705665588379 -0.34261220693588256836 -0.38413038849830627441 -0.35345691442489624023 -0.40793591737747192383 -0.39069733023643493652 -0.35948359966278076172 -0.37439286708831787109 -0.39996924996376037598 -0.39596992731094360352 -0.40933254361152648926 -9999 -9999
-0.40465182065963745117 -0.51232951879501342773 -0.52426922321319580078 -0.52594673633575439453 -0.48604175448417663574 -0.49466967582702636719 -0.51066327095031738281 -0.52470427751541137695 -0.52336341142654418945 -0.51012188196182250977 -0.50035035610198974609 -0.45918244123458862305 -0.4611912071704864502 -0.51894623041152954102 -0.45580455660820007324 -0.37619301676750183105 -0.39956161379814147949 -0.41334927082061767578 -0.38259893655776977539 -0.43079930543899536133 -0.49690416455268859863 -0.49084398150444030762 -0.39219108223915100098 -0.3293190300464630127 -0.29507359862327575684 -0.355381011962890625 -0.33522203564643859863 -0.26015034317970275879 -0.27781814336776733398 -0.32978838682174682617 -0.31719923019409179688 -0.36272782087326049805 -0.37832567095756530762 -0.32798221707344055176 -0.38347429037094116211 -0.3977133333683013916 -0.35293230414390563965 -9999 -9999 -9999
-0.43170848488807678223 -0.51504409313201904297 -0.51277804374694824219 -0.50346934795379638672 -0.46078190207481384277 -0.48295331001281738281 -0.5120410919189453125 -0.51330041885375976563 -0.51644468307495117188 -0.50189095735549926758 -0.47381946444511413574 -0.48100921511650085449 -0.48894554376602172852 -0.52494448423385620117 -0.48777481913566589355 -0.40149995684623718262 -0.39852085709571838379 -0.43858203291893005371 -0.45490485429763793945 -0.46394088864326477051 -0.51328319311141967773 -0.46738824248313903809 -0.42519986629486083984 -0.36324262619018554688 -0.30172201991081237793 -0.33401057124137878418 -0.37491258978843688965 -0.28453212976455688477 -0.27340805530548095703 -0.31254503130912780762 -0.32615715265274047852 -0.34410879015922546387 -0.37549659609794616699 -0.38517618179321289063 -0.40013965964317321777 -0.41855463385581970215 -9999 -9999 -9999 -9999
-0.48001575469970703125 -0.54172676801681518555 -0.53858393430709838867 -0.51142889261245727539 -0.46086603403091430664 -0.4961973726749420166 -0.50548779964447021484 -0.50983858108520507813 -0.50701743364334106445 -0.45791667699813842773 -0.46325892210006713867 -0.49370110034942626953 -0.50464510917663574219 -0.53236609697341918945 -0.4891344904899597168 -0.47142261266708374023 -0.42737701535224914551 -0.4540538787841796875 -0.45679929852485656738 -0.44215062260627746582 -0.51054203510284423828 -0.46387502551078796387 -0.44054934382438659668 -0.35145509243011474609 -0.30706399679183959961 -0.35706016421318054199 -0.37620696425437927246 -0.33179524540901184082 -0.3004105687141418457 -0.35619729757308959961 -0.36303594708442687988 -0.37186545133590698242 -0.38913482427597045898 -0.39899742603302001953 -0.40348976850509643555 -0.42269882559776306152 -9999 -9999 -9999 -9999
-0.48139473795890808105 -0.54608672857284545898 -0.54099577665328979492 -0.47771206498146057129 -0.45764750242233276367 -0.50949227809906005859 -0.49679315090179443359 -0.49938634037971496582 -0.50672149658203125 -0.48052489757537841797 -0.47977623343467712402 -0.46696859598159790039 -0.49610632658004760742 -0.53254771232604980469 -0.5312716364860534668 -0.52499765157699584961 -0.50612103939056396484 -0.49689221382141113281 -0.48375862836837768555 -0.49571496248245239258 -0.50949674844741821289 -0.44317740201950073242 -0.43701288104057312012 -0.35991045832633972168 -0.32143169641494750977 -0.37980338931083679199 -0.36928161978721618652 -0.34689125418663024902 -0.29327172040939331055 -0.36274379491806030273 -0.39193364977836608887 -0.39144381880760192871 -0.38668572902679443359 -0.39701312780380249023 -0.37286913394927978516 -9999 -9999 -9999 -9999 -9999
-0.46916037797927856445 -0.50237071514129638672 -0.49071860313415527344 -0.45323428511619567871 -0.40645521879196166992 -0.39592656493186950684 -0.42820122838020324707 -0.41605785489082336426 -0.46427476406097412109 -0.49786132574081420898 -0.49735695123672485352 -0.45911109447479248047 -0.49976018071174621582 -0.50566911697387695313 -0.52127438783645629883 -0.54357475042343139648 -0.52892869710922241211 -0.52493041753768920898 -0.4922097325325012207 -0.50507789850234985352 -0.48575899004936218262 -0.37989127635955810547 -0.44507440924644470215 -0.36703231930732727051 -0.32761716842651367188 -0.35228490829467773438 -0.35196769237518310547 -0.30531066656112670898 -0.28764069080352783203 -0.35334709286689758301 -0.38622072339057922363 -0.4192002713680267334 -0.3858769536018371582 -0.37469425797462463379 -9999 -9999 -9999 -9999 -9999 -9999
-0.51158928871154785156 -0.48677709698677062988 -0.44028106331825256348 -0.5222638249397277832 -0.41652515530586242676 -0.3552913367748260498 -0.35977059602737426758 -0.35862737894058227539 -0.45830300450325012207 -0.50729441642761230469 -0.52659410238265991211 -0.50367397069931030273 -0.48886916041374206543 -0.50879055261611938477 -0.51556378602981567383 -0.53646868467330932617 -0.53805136680603027344 -0.49867102503776550293 -0.43913471698760986328 -0.48797547817230224609 -0.440158843994140625 -0.34005343914031982422 -0.35696074366569519043 -0.32769685983657836914 -0.35787996649742126465 -0.3739306330680847168 -0.35359588265419006348 -0.30666807293891906738 -0.3259093165397644043 -0.33504468202590942383 -0.36509183049201965332 -0.42207241058349609375 -0.39578908681869506836 -0.3514696955680847168 -9999 -9999 -9999 -9999 -9999 -9999
-0.54236757755279541016 -0.53906279802322387695 -0.52017682790756225586 -0.5317904353141784668 -0.42545425891876220703 -0.38471323251724243164 -0.43319696187973022461 -0.41941678524017333984 -0.45581835508346557617 -0.47823759913444519043 -0.49105656147003173828 -0.49365714192390441895 -0.50004595518112182617 -0.51128435134887695313 -0.53298175334930419922 -0.54364180564880371094 -0.53972172737121582031 -0.4380671381950378418 -0.42451301217079162598 -0.50462520122528076172 -0.47371599078178405762 -0.34388709068298339844 -0.35361856222152709961 -0.35207977890968322754 -0.30433231592178344727 -0.30096739530563354492 -0.3348992764949798584 -0.31400415301322937012 -0.31069868803024291992 -0.32233372330665588379 -0.32931342720985412598 -0.38714236021041870117 -0.41939499974250793457 -9999 -9999 -9999 -9999 -9999 -9999 -9999
-0.53894197940826416016 -0.5263112187385559082 -0.51995736360549926758 -0.54071384668350219727 -0.46435028314590454102 -0.42236971855163574219 -0.46414774656295776367 -0.49898278713226318359 -0.4647591710090637207 -0.49588000774383544922 -0.4825439155101776123 -0.49223735928535461426 -0.50051987171173095703 -0.5215282440185546875 -0.52354907989501953125 -0.54595512151718139648 -0.51737880706787109375 -0.43404698371887207031 -0.46369662880897521973 -0.51416736841201782227 -0.50514930486679077148 -0.37195667624473571777 -0.35821864008903503418 -0.36101040244102478027 -0.30831757187843322754 -0.2913971245288848877 -0.3268222808837890625 -0.32303738594055175781 -0.31948426365852355957 -0.35403320193290710449 -0.36087143421173095703 -0.37366950511932373047 -9999 -9999 -9999 -9999 -9999 -9999 -9999 -9999
-0.5432987213134765625 -0.51633435487747192383 -0.50216621160507202148 -0.54192620515823364258 -0.49197533726692199707 -0.41603609919548034668 -0.43824619054794311523 -0.50030279159545898438 -0.49182671308517456055 -0.49676534533500671387 -0.50430661439895629883 -0.50687116384506225586 -0.50335997343063354492 -0.51962167024612426758 -0.52065891027450561523 -0.53077489137649536133 -0.4348437190055847168 -0.42168244719505310059 -0.47750589251518249512 -0.4919427037239074707 -0.47845247387886047363 -0.40229755640029907227 -0.36921179294586181641 -0.38052949309349060059 -0.34834760427474975586 -0.34574496746063232422 -0.38296025991439819336 -0.3508402705192565918 -0.36844578385353088379 -0.39998376369476318359 -0.37793809175491333008 -0.37308040261268615723 -9999 -9999 -9999 -9999 -9999 -9999 -9999 -9999
-0.55942481756210327148 -0.52389383316040039063 -0.49454429745674133301 -0.52735042572021484375 -0.53366714715957641602 -0.45425197482109069824 -0.41264867782592773438 -0.43460214138031005859 -0.50825369358062744141 -0.5234215855598449707 -0.54298776388168334961 -0.51513791084289550781 -0.49559190869331359863 -0.51055729389190673828 -0.50709384679794311523 -0.52001976966857910156 -0.439937591552734375 -0.43550649285316467285 -0.46200761198997497559 -0.51157832145690917969 -0.49199888110160827637 -0.4250501096248626709 -0.41781213879585266113 -0.40225687623023986816 -0.41361930966377258301 -0.42367839813232421875 -0.41752552986145019531 -0.35280922055244445801 -0.32631406188011169434 -0.3973782658576965332 -0.38813611865043640137 -9999 -9999 -9999 -9999 -9999 -9999 -9999 -9999 -9999
-0.54853105545043945313 -0.54515278339385986328 -0.5076815485954284668 -0.49769341945648193359 -0.47428551316261291504 -0.52080965042114257813 -0.51787710189819335938 -0.49060365557670593262 -0.51930457353591918945 -0.50459635257720947266 -0.51587665081024169922 -0.5320682525634765625 -0.51834595203399658203 -0.51602637767791748047 -0.50470501184463500977 -0.51472902297973632813 -0.47346800565719604492 -0.49228641390800476074 -0.50750344991683959961 -0.50302231311798095703 -0.51303744316101074219 -9999 -9999 -9999 -9999 -0.44931268692016601563 -0.43799042701721191406 -0.35503569245338439941 -0.316974639892578125 -9999 -9999 -9999 -9999 -9999 -9999 -9999 -9999 -9999 -9999 -9999
-0.55341857671737670898 -0.55464202165603637695 -0.5231736302375793457 -0.51744002103805541992 -0.49917194247245788574 -0.53656953573226928711 -0.56027549505233764648 -0.54376012086868286133 -0.53712481260299682617 -0.50712251663208007813 -0.50514048337936401367 -0.53290033340454101563 -0.52406907081604003906 -0.51622700691223144531 -0.51297128200531005859 -0.52363693714141845703 -0.51086711883544921875 -0.54483115673065185547 -0.56411331892013549805 -0.50803595781326293945 -9999 -9999 -9999 -9999 -9999 -9999 -9999 -9999 -9999 -9999 -9999 -9999 -9999 -9999 -9999 -9999 -9999 -9999 -9999 -9999
-0.5516135096549987793 -0.54918670654296875 -0.51985812187194824219 -0.53220289945602416992 -0.53148728609085083008 -0.55429309606552124023 -0.56127148866653442383 -0.57497429847717285156 -9999 -9999 -9999 -9999 -9999 -9999 -0.50973939895629882813 -0.54242902994155883789 -0.52756518125534057617 -0.51434284448623657227 -0.56223177909851074219 -9999 -9999 -9999 -9999 -9999 -9999 -9999 -9999 -9999 -9999 -9999 -9999 -9999 -9999 -9999 -9999 -9999 -9999 -9999 -9999 -9999
