INPUT/RASTER/ASCII/gndvi2023.asc
ncols        225
nrows        269
xllcorner    473009.983799999987
yllcorner    4429051.174800000153
cellsize     50.000000000000
NODATA_value -9999
[rows 36 to 53 of 269, columns 40 to 79 of 225]
-0.43951234221458435059 -0.46505522727966308594 -0.44518148899078369141 -0.45568096637725830078 -0.50231671333312988281 -0.49018865823745727539 -0.49228802323341369629 -0.40879926085472106934 -0.39917671680450439453 -0.4231904149055480957 -0.44677519798278808594 -0.42762273550033569336 -0.45825150609016418457 -0.46999338269233703613 -0.38243457674980163574 -0.43211424350738525391 -0.53426778316497802734 -0.52132183313369750977 -0.4753672182559967041 -0.4591681361198425293 -0.45111584663391113281 -0.43157157301902770996 -0.40314620733261108398 -0.37255483865737915039 -0.38694483041763305664 -0.43582558631896972656 -0.44263377785682678223 -0.48901095986366271973 -0.49406334757804870605 -0.43145516514778137207 -0.51280301809310913086 -0.44040080904960632324 -0.39950147271156311035 -0.42905527353286743164 -0.52985334396362304688 -0.53567683696746826172 -0.48908886313438415527 -0.51487928628921508789 -0.49830648303031921387 -0.47831550240516662598
-0.45889762043952941895 -0.48273482918739318848 -0.42148253321647644043 -0.42061010003089904785 -0.49177145957946777344 -0.50102388858795166016 -0.50502794981002807617 -0.4613336026668548584 -0.43845334649085998535 -0.4564915001392364502 -0.47814947366714477539 -0.43618741631507873535 -0.43052425980567932129 -0.42012676596641540527 -0.4271405637264251709 -0.43681257963180541992 -0.51263695955276489258 -0.51499563455581665039 -0.50434714555740356445 -0.48394227027893066406 -0.45464497804641723633 -0.40908583998680114746 -0.3951078951358795166 -0.36481276154518127441 -0.4467239081859588623 -0.50201165676116943359 -0.49186691641807556152 -0.51042360067367553711 -0.51842749118804931641 -0.46437236666679382324 -0.49599239230155944824 -0.42228016257286071777 -0.40080380439758300781 -0.42910617589950561523 -0.5445156097412109375 -0.52690368890762329102 -0.52499884366989135742 -0.52817922830581665039 -0.4962952733039855957 -0.46067151427268981934
-0.49718648195266723633 -0.50553888082504272461 -0.45495280623435974121 -0.44628810882568359375 -0.45537984371185302734 -0.46443989872932434082 -0.45552170276641845703 -0.46228209137916564941 -0.50168579816818237305 -0.45917907357215881348 -0.46561056375503540039 -0.46836939454078674316 -0.45116183161735534668 -0.42477265000343322754 -0.44138959050178527832 -0.51635581254959106445 -0.47200635075569152832 -0.46132987737655639648 -0.49603089690208435059 -0.48758438229560852051 -0.40813556313514709473 -0.39072179794311523438 -0.39153984189033508301 -0.40901890397071838379 -0.45905086398124694824 -0.49028766155242919922 -0.48137885332107543945 -0.48624786734580993652 -0.50562906265258789063 -0.46389016509056091309 -0.47152847051620483398 -0.42980435490608215332 -0.4206771552562713623 -0.47316348552703857422 -0.51218628883361816406 -0.49175217747688293457 -0.48771551251411437988 -0.49321293830871582031 -0.50150597095489501953 -0.46927019953727722168
-0.49858590960502624512 -0.48084881901741027832 -0.43493050336837768555 -0.40200206637382507324 -0.4309781193733215332 -0.44900965690612792969 -0.44141742587089538574 -0.46863588690757751465 -0.46385496854782104492 -0.40244066715240478516 -0.42084035277366638184 -0.45178917050361633301 -0.46524488925933837891 -0.44722881913185119629 -0.44866761565208435059 -0.46846562623977661133 -0.44183915853500366211 -0.49134469032287597656 -0.52889555692672729492 -0.50820213556289672852 -0.48327454924583435059 -0.48310294747352600098 -0.42563807964324951172 -0.42363336682319641113 -0.4501361548900604248 -0.52162671089172363281 -0.49932518601417541504 -0.48056504130363464355 -0.49374064803123474121 -0.5006796717643737793 -0.47062778472900390625 -0.44073182344436645508 -0.46296483278274536133 -0.54863321781158447266 -0.50101184844970703125 -0.47578275203704833984 -0.49090647697448730469 -0.47571745514869689941 -0.50513756275177001953 -0.47558256983757019043
-0.51868516206741333008 -0.50832170248031616211 -0.47281926870346069336 -0.42695066332817077637 -0.42036643624305725098 -0.46572574973106384277 -0.43693298101425170898 -0.46082061529159545898 -0.46385389566421508789 -0.4051463007926940918 -0.35538312792778015137 -0.40594002604484558105 -0.44190582633018493652 -0.40334311127662658691 -0.40874582529067993164 -0.43652802705764770508 -0.44060310721397399902 -0.52196717262268066406 -0.51619696617126464844 -0.50539547204971313477 -0.48192626237869262695 -0.48974192142486572266 -0.48965668678283691406 -0.45773151516914367676 -0.46361979842185974121 -0.51397615671157836914 -0.45464789867401123047 -0.43819418549537658691 -0.48123878240585327148 -0.51857703924179077148 -0.48512792587280273438 -0.42532017827033996582 -0.45084258913993835449 -0.55220001935958862305 -0.50815343856811523438 -0.49040570855140686035 -0.48495453596115112305 -0.47355541586875915527 -0.49341875314712524414 -0.49011555314064025879
-0.45347750186920166016 -0.45388630032539367676 -0.40738150477409362793 -0.42697373032569885254 -0.45745766162872314453 -0.53156208992004394531 -0.48292028903961181641 -0.43540528416633605957 -0.48538535833358764648 -0.4089362025260925293 -0.33366599678993225098 -0.38197290897369384766 -0.42114374041557312012 -0.41747623682022094727 -0.40007871389389038086 -0.42398795485496520996 -0.41287642717361450195 -0.45346090197563171387 -0.48586371541023254395 -0.45229575037956237793 -0.42128759622573852539 -0.44276258349418640137 -0.47664427757263183594 -0.45766434073448181152 -0.47192335128784179688 -0.48371210694313049316 -0.38232859969139099121 -0.40433111786842346191 -0.47498866915702819824 -0.49033075571060180664 -0.48998221755027770996 -0.45555233955383300781 -0.45734348893165588379 -0.55137795209884643555 -0.52205193042755126953 -0.48654150962829589844 -0.46131139993667602539 -0.44052475690841674805 -0.46496924757957458496 -0.47288927435874938965
-0.44647008180618286133 -0.41910341382026672363 -0.37742772698402404785 -0.41181930899620056152 -0.47100463509559631348 -0.52444595098495483398 -0.51963526010513305664 -0.48299461603164672852 -0.41823577880859375 -0.3527469933032989502 -0.34056150913238525391 -0.35565277934074401855 -0.37693098187446594238 -0.40301352739334106445 -0.37401869893074035645 -0.38121053576469421387 -0.37125819921493530273 -0.40686962008476257324 -0.4530862271785736084 -0.41456323862075805664 -0.39043861627578735352 -0.4012005925178527832 -0.4319934546947479248 -0.44805383682250976563 -0.46975088119506835938 -0.47136026620864868164 -0.37589302659034729004 -0.4479999244213104248 -0.48967134952545166016 -0.43628013134002685547 -0.4542268216609954834 -0.45593002438545227051 -0.4667492210865020752 -0.54167729616165161133 -0.50573408603668212891 -0.46860650181770324707 -0.46341910958290100098 -0.43761944770812988281 -0.45831775665283203125 -0.46183058619499206543
-0.41840004920959472656 -0.43293398618698120117 -0.41617691516876220703 -0.41294583678245544434 -0.47515216469764709473 -0.47842639684677124023 -0.48483178019523620605 -0.48425206542015075684 -0.35912489891052246094 -0.30294048786163330078 -0.33472666144371032715 -0.32763573527336120605 -0.34346398711204528809 -0.34898242354393005371 -0.41129916906356811523 -0.45319801568984985352 -0.40137016773223876953 -0.41735544800758361816 -0.45871180295944213867 -0.4295120537281036377 -0.39773228764533996582 -0.39853817224502563477 -0.43251821398735046387 -0.44818720221519470215 -0.47021219134330749512 -0.45551413297653198242 -0.37211832404136657715 -0.39590111374855041504 -0.46256616711616516113 -0.41633552312850952148 -0.3809464573860168457 -0.37111112475395202637 -0.46831232309341430664 -0.51398479938507080078 -0.44405803084373474121 -0.46905943751335144043 -0.47576609253883361816 -0.44171735644340515137 -0.46683731675148010254 -0.45839282870292663574
-0.33101996779441833496 -0.35205414891242980957 -0.3680960536003112793 -0.38071227073669433594 -0.42173805832862854004 -0.41869220137596130371 -0.43161511421203613281 -0.4340902864933013916 -0.35696685314178466797 -0.31850272417068481445 -0.32924902439117431641 -0.31578996777534484863 -0.32036066055297851563 -0.35180434584617614746 -0.41748163104057312012 -0.43538725376129150391 -0.42759424448013305664 -0.42020812630653381348 -0.45115745067596435547 -0.4164975285530090332 -0.41825586557388305664 -0.43021500110626220703 -0.44752535223960876465 -0.49963587522506713867 -0.48168250918388366699 -0.44991144537925720215 -0.36730515956878662109 -0.35090759396553039551 -0.43525364995002746582 -0.44268894195556640625 -0.46234232187271118164 -0.40668696165084838867 -0.43854987621307373047 -0.44943177700042724609 -0.39792284369468688965 -0.45680761337280273438 -0.47876948118209838867 -0.46678617596626281738 -0.47989767789840698242 -0.45202672481536865234
-0.31381729245185852051 -0.3364073336124420166 -0.3506253659725189209 -0.35502356290817260742 -0.36605605483055114746 -0.39887735247611999512 -0.42928478121757507324 -0.38281849026679992676 -0.3353138267993927002 -0.35091671347618103027 -0.39210018515586853027 -0.40516743063926696777 -0.34665140509605407715 -0.37197646498680114746 -0.40285208821296691895 -0.41642481088638305664 -0.45773839950561523438 -0.46003732085227966309 -0.42831447720527648926 -0.38193419575691223145 -0.3946667015552520752 -0.4651425778865814209 -0.51873856782913208008 -0.54668307304382324219 -0.52973467111587524414 -0.50499308109283447266 -0.43029820919036865234 -0.42610013484954833984 -0.42720511555671691895 -0.48991563916206359863 -0.47990086674690246582 -0.38342708349227905273 -0.39303991198539733887 -0.45675000548362731934 -0.42720580101013183594 -0.41219907999038696289 -0.49243131279945373535 -0.49507033824920654297 -0.48589077591896057129 -0.46336168050765991211
-0.34454765915870666504 -0.33518683910369873047 -0.31669571995735168457 -0.33623322844505310059 -0.34504836797714233398 -0.3817659914493560791 -0.40107634663581848145 -0.3725280463695526123 -0.36655482649803161621 -0.42468923330307006836 -0.4173927605152130127 -0.42182269692420959473 -0.35391002893447875977 -0.34082737565040588379 -0.37378096580505371094 -0.38624298572540283203 -0.4158255159854888916 -0.4097805321216583252 -0.41578561067581176758 -0.37376514077186584473 -0.42892703413963317871 -0.48807829618453979492 -0.51144671440124511719 -0.54423737525939941406 -0.53616440296173095703 -0.5221684575080871582 -0.47850835323333740234 -0.45858579874038696289 -0.40078389644622802734 -0.46810826659202575684 -0.46293219923973083496 -0.34036934375762939453 -0.362762451171875 -0.4561729133129119873 -0.46756285429000854492 -0.45310777425765991211 -0.52462863922119140625 -0.54420864582061767578 -0.48565340042114257813 -0.50484305620193481445
-0.36374369263648986816 -0.35274359583854675293 -0.29725593328475952148 -0.3082180023193359375 -0.30631881952285766602 -0.30789962410926818848 -0.32354596257209777832 -0.34399887919425964355 -0.35740986466407775879 -0.39502388238906860352 -0.3799692690372467041 -0.37678959965705871582 -0.31970635056495666504 -0.31399866938591003418 -0.33633208274841308594 -0.33683559298515319824 -0.33356019854545593262 -0.35280323028564453125 -0.38416230678558349609 -0.42513483762741088867 -0.44062021374702453613 -0.41698670387268066406 -0.43086743354797363281 -0.51457172632217407227 -0.51834726333618164063 -0.49888256192207336426 -0.49194222688674926758 -0.5185992121696472168 -0.4736754000186920166 -0.45344576239585876465 -0.44858700037002563477 -0.35841491818428039551 -0.3762372434139251709 -0.43916350603103637695 -0.44159558415412902832 -0.45937752723693847656 -0.53600096702575683594 -0.51417464017868041992 -0.5108890533447265625 -0.53088110685348510742
-0.41226533055305480957 -0.34000068902969360352 -0.3043931126594543457 -0.2886848151683807373 -0.29097661375999450684 -0.3257490694522857666 -0.32070982456207275391 -0.33144590258598327637 -0.34642717242240905762 -0.40347114205360412598 -0.41655778884887695313 -0.35290947556495666504 -0.33191031217575073242 -0.34362673759460449219 -0.38281342387199401855 -0.38836210966110229492 -0.36516138911247253418 -0.39703103899955749512 -0.4038105010986328125 -0.43216520547866821289 -0.38997104763984680176 -0.39170491695404052734 -0.45004713535308837891 -0.50139659643173217773 -0.51263087987899780273 -0.48501193523406982422 -0.46673002839088439941 -0.50038111209869384766 -0.50140172243118286133 -0.49087378382682800293 -0.46310195326805114746 -0.36810249090194702148 -0.39305785298347473145 -0.41193929314613342285 -0.40147823095321655273 -0.43856289982795715332 -0.53837382793426513672 -0.53116339445114135742 -0.53191643953323364258 -0.47127613425254821777
-0.34976032376289367676 -0.30309918522834777832 -0.30711600184440612793 -0.30710512399673461914 -0.29540848731994628906 -0.30439454317092895508 -0.29993835091590881348 -0.32456699013710021973 -0.3752034604549407959 -0.44520008563995361328 -0.43186038732528686523 -0.38486704230308532715 -0.3953393101692199707 -0.42050117254257202148 -0.44118639826774597168 -0.44932800531387329102 -0.42260608077049255371 -0.41776216030120849609 -0.46554610133171081543 -0.43849536776542663574 -0.4186674952507019043 -0.40536552667617797852 -0.39807051420211791992 -0.41580292582511901855 -0.50764107704162597656 -0.50128573179244995117 -0.47086784243583679199 -0.42235407233238220215 -0.45604887604713439941 -0.44825384020805358887 -0.48337355256080627441 -0.46871307492256164551 -0.40350368618965148926 -0.43505719304084777832 -0.43779495358467102051 -0.44607070088386535645 -0.50754535198211669922 -0.4662768244743347168 -0.44309449195861816406 -0.39305347204208374023
-0.30520340800285339355 -0.30191057920455932617 -0.32045638561248779297 -0.32218468189239501953 -0.29420912265777587891 -0.29098558425903320313 -0.34033244848251342773 -0.36396309733390808105 -0.4101784825325012207 -0.45147064328193664551 -0.42562389373779296875 -0.40175265073776245117 -0.4210720360279083252 -0.41614812612533569336 -0.4235617518424987793 -0.41056004166603088379 -0.41528502106666564941 -0.42628955841064453125 -0.45956984162330627441 -0.4565804898738861084 -0.48281627893447875977 -0.45247313380241394043 -0.38634634017944335938 -0.42848995327949523926 -0.53270804882049560547 -0.54686349630355834961 -0.46889141201972961426 -0.34887018799781799316 -0.39370161294937133789 -0.49152809381484985352 -0.48918157815933227539 -0.4853280484676361084 -0.43479052186012268066 -0.46370202302932739258 -0.50843012332916259766 -0.503326416015625 -0.48184505105018615723 -0.4420572817325592041 -0.43786501884460449219 -0.41983166337013244629
-0.31616488099098205566 -0.31700080633163452148 -0.31703826785087585449 -0.34159329533576965332 -0.34216094017028808594 -0.3299318850040435791 -0.37833854556083679199 -0.38752478361129760742 -0.39609345793724060059 -0.41328254342079162598 -0.44386178255081176758 -0.44953590631484985352 -0.47818559408187866211 -0.43965446949005126953 -0.46231743693351745605 -0.46320331096649169922 -0.44466686248779296875 -0.45189943909645080566 -0.46989470720291137695 -0.44443038105964660645 -0.42522561550140380859 -0.45260250568389892578 -0.42610940337181091309 -0.48239368200302124023 -0.51123452186584472656 -0.5271784663200378418 -0.46366831660270690918 -0.36842858791351318359 -0.40645468235015869141 -0.45772147178649902344 -0.42754989862442016602 -0.42634692788124084473 -0.4209003150463104248 -0.47087380290031433105 -0.47010472416877746582 -0.48286101222038269043 -0.49547082185745239258 -0.4266758263111114502 -0.44356459379196166992 -0.40723901987075805664
-0.34184297919273376465 -0.34709176421165466309 -0.32071286439895629883 -0.3416239321231842041 -0.35918229818344116211 -0.3041750490665435791 -0.37289077043533325195 -0.38627547025680541992 -0.37008333206176757813 -0.40222808718681335449 -0.36138698458671569824 -0.39745876193046569824 -0.44360744953155517578 -0.45417997241020202637 -0.49430704116821289063 -0.47553834319114685059 -0.48211535811424255371 -0.47037982940673828125 -0.47206029295921325684 -0.44435587525367736816 -0.42448911070823669434 -0.4458071589469909668 -0.40225502848625183105 -0.4807783663272857666 -0.52582937479019165039 -0.5232213139533996582 -0.44467321038246154785 -0.4078038334846496582 -0.41704124212265014648 -0.40105432271957397461 -0.3801231086254119873 -0.40496268868446350098 -0.41432070732116699219 -0.44046941399574279785 -0.47677910327911376953 -0.44278839230537414551 -0.44816166162490844727 -0.43834570050239562988 -0.48495504260063171387 -0.4859930872917175293
-0.40628895163536071777 -0.37666732072830200195 -0.34429520368576049805 -0.33495461940765380859 -0.34757897257804870605 -0.35152748227119445801 -0.37669727206230163574 -0.36912560462951660156 -0.37490701675415039063 -0.39889675378799438477 -0.37010416388511657715 -0.42307198047637939453 -0.41554674506187438965 -0.40934100747108459473 -0.45612803101539611816 -0.48013910651206970215 -0.47258612513542175293 -0.47813779115676879883 -0.48257899284362792969 -0.43629056215286254883 -0.41374656558036804199 -0.42708802223205566406 -0.44245070219039916992 -0.47017452120780944824 -0.45036596059799194336 -0.43483620882034301758 -0.37952607870101928711 -0.37170332670211791992 -0.3798179328441619873 -0.39180397987365722656 -0.42404097318649291992 -0.47461372613906860352 -0.4777628779411315918 -0.44741487503051757813 -0.4151185452938079834 -0.3708101809024810791 -0.41558614373207092285 -0.46422967314720153809 -0.54436790943145751953 -0.50786346197128295898
