INPUT/RASTER/ASCII/gndvi2023.asc
ncols        225
nrows        269
xllcorner    473009.983799999987
yllcorner    4429051.174800000153
cellsize     50.000000000000
NODATA_value -9999
[rows 234 to 251 of 269, columns 80 to 119 of 225]
-0.25833937525749206543 -0.25553369522094726563 -0.24544923007488250732 -0.25062352418899536133 -0.22468018531799316406 -0.21936021745204925537 -0.22150929272174835205 -0.23055993020534515381 -0.2308337092399597168 -0.26146981120109558105 -0.2708530724048614502 -0.27382114529609680176 -0.24110858142375946045 -0.25366875529289245605 -0.26436877250671386719 -0.27117615938186645508 -0.27898868918418884277 -0.28945410251617431641 -0.28537988662719726563 -0.25028342008590698242 -0.24184374511241912842 -0.23088863492012023926 -0.23075343668460845947 -0.23853825032711029053 -0.2631397247314453125 -0.27371519804000854492 -0.30429974198341369629 -0.33279240131378173828 -0.30673119425773620605 -0.29646360874176025391 -0.3353722989559173584 -0.44034555554389953613 -0.32658100128173828125 -0.33479505777359008789 -0.26532015204429626465 -0.31914895772933959961 -0.49977806210517883301 -0.51501458883285522461 -0.45858806371688842773 -0.37902939319610595703
-0.24227443337440490723 -0.2575359344482421875 -0.24083210527896881104 -0.28065884113311767578 -0.25706520676612854004 -0.22770141065120697021 -0.23694653809070587158 -0.24211263656616210938 -0.23530763387680053711 -0.22379116714000701904 -0.24355411529541015625 -0.27898919582366943359 -0.25905549526214599609 -0.25706815719604492188 -0.2590846717357635498 -0.26085081696510314941 -0.27144575119018554688 -0.29883682727813720703 -0.30559882521629333496 -0.23749381303787231445 -0.24505592882633209229 -0.23966319859027862549 -0.23492382466793060303 -0.23278300464153289795 -0.25084078311920166016 -0.26316606998443603516 -0.28859502077102661133 -0.33889555931091308594 -0.29172822833061218262 -0.26840686798095703125 -0.3111743927001953125 -0.34379884600639343262 -0.27012872695922851563 -0.25257772207260131836 -0.26380327343940734863 -0.31553244590759277344 -0.42667606472969055176 -0.47138288617134094238 -0.42815497517585754395 -0.36970078945159912109
-0.21819767355918884277 -0.24212625622749328613 -0.25997057557106018066 -0.28267052769660949707 -0.27085202932357788086 -0.26337313652038574219 -0.26568943262100219727 -0.22984798252582550049 -0.22700779139995574951 -0.25159949064254760742 -0.24440708756446838379 -0.25838142633438110352 -0.26161736249923706055 -0.25899344682693481445 -0.25923800468444824219 -0.26333224773406982422 -0.25688087940216064453 -0.27145269513130187988 -0.30102568864822387695 -0.24386431276798248291 -0.23674242198467254639 -0.23972442746162414551 -0.2420797199010848999 -0.23207479715347290039 -0.25312945246696472168 -0.2461382448673248291 -0.29786637425422668457 -0.33793458342552185059 -0.31094905734062194824 -0.3238086402416229248 -0.33863264322280883789 -0.30327063798904418945 -0.25082576274871826172 -0.24162332713603973389 -0.23879449069499969482 -0.24672308564186096191 -0.31428897380828857422 -0.41943377256393432617 -0.50363147258758544922 -0.48360809683799743652
-0.21420158445835113525 -0.22736640274524688721 -0.23285312950611114502 -0.23994398117065429688 -0.27660849690437316895 -0.24807532131671905518 -0.22649584710597991943 -0.22173783183097839355 -0.22464139759540557861 -0.26198899745941162109 -0.2831821441650390625 -0.25531679391860961914 -0.25235044956207275391 -0.25268971920013427734 -0.24982362985610961914 -0.25187501311302185059 -0.24658714234828948975 -0.24547244608402252197 -0.2408720552921295166 -0.23078827559947967529 -0.22108973562717437744 -0.23000840842723846436 -0.24533712863922119141 -0.24092204868793487549 -0.24567200243473052979 -0.22726422548294067383 -0.26399472355842590332 -0.3005809485912322998 -0.2872314751148223877 -0.31980040669441223145 -0.33988747000694274902 -0.28320452570915222168 -0.28397160768508911133 -0.30756586790084838867 -0.33464020490646362305 -0.3228626549243927002 -0.32380411028861999512 -0.35481762886047363281 -0.43649503588676452637 -0.50639796257019042969
-0.23628824949264526367 -0.23518788814544677734 -0.21976816654205322266 -0.22440788149833679199 -0.22559377551078796387 -0.22329285740852355957 -0.22328126430511474609 -0.21055682003498077393 -0.20959971845149993896 -0.26421213150024414063 -0.2899812161922454834 -0.24238038063049316406 -0.25501641631126403809 -0.24611923098564147949 -0.24405090510845184326 -0.24950270354747772217 -0.23867893218994140625 -0.22750683128833770752 -0.21109464764595031738 -0.22159135341644287109 -0.22525839507579803467 -0.22963288426399230957 -0.23739127814769744873 -0.27345588803291320801 -0.27368143200874328613 -0.24833139777183532715 -0.2649993896484375 -0.28392970561981201172 -0.26488479971885681152 -0.30391463637351989746 -0.37271764874458312988 -0.24743795394897460938 -0.26501363515853881836 -0.29749560356140136719 -0.32579880952835083008 -0.36927658319473266602 -0.39378052949905395508 -0.38620099425315856934 -0.48905014991760253906 -0.53535598516464233398
-0.23458145558834075928 -0.24155177175998687744 -0.22327153384685516357 -0.23725648224353790283 -0.23490479588508605957 -0.20930187404155731201 -0.22204802930355072021 -0.23333376646041870117 -0.20847012102603912354 -0.23519743978977203369 -0.23915246129035949707 -0.23410843312740325928 -0.23996049165725708008 -0.23463827371597290039 -0.23593701422214508057 -0.2395245283842086792 -0.23695337772369384766 -0.21678254008293151855 -0.21290718019008636475 -0.22645217180252075195 -0.26258924603462219238 -0.26225629448890686035 -0.25315570831298828125 -0.28123861551284790039 -0.31251940131187438965 -0.3053550422191619873 -0.29632484912872314453 -0.31062200665473937988 -0.29062753915786743164 -0.34030032157897949219 -0.39121264219284057617 -0.25921678543090820313 -0.2569389045238494873 -0.27179786562919616699 -0.2575791478157043457 -0.27201214432716369629 -0.2806326746940612793 -0.30230948328971862793 -0.41353321075439453125 -0.54399842023849487305
-0.23807774484157562256 -0.24763828516006469727 -0.25684502720832824707 -0.27236977219581604004 -0.28635349869728088379 -0.24275095760822296143 -0.24184109270572662354 -0.24842020869255065918 -0.23708431422710418701 -0.23686961829662322998 -0.21604020893573760986 -0.23169493675231933594 -0.23416577279567718506 -0.23503430187702178955 -0.24115698039531707764 -0.24737846851348876953 -0.2507553398609161377 -0.23287296295166015625 -0.22075188159942626953 -0.24109496176242828369 -0.26991114020347595215 -0.26606953144073486328 -0.28739976882934570313 -0.29388603568077087402 -0.29151126742362976074 -0.26461866497993469238 -0.25835704803466796875 -0.27148017287254333496 -0.30064988136291503906 -0.41454833745956420898 -0.3737392723560333252 -0.29746240377426147461 -0.28044405579566955566 -0.27899122238159179688 -0.28515362739562988281 -0.28913187980651855469 -0.28980433940887451172 -0.37508922815322875977 -0.45685613155364990234 -0.53095060586929321289
-0.25072103738784790039 -0.28040117025375366211 -0.26193594932556152344 -0.26310548186302185059 -0.27229440212249755859 -0.23422925174236297607 -0.24977207183837890625 -0.26354995369911193848 -0.23987102508544921875 -0.23923256993293762207 -0.23515301942825317383 -0.23587000370025634766 -0.24262486398220062256 -0.237805977463722229 -0.22290764749050140381 -0.222814217209815979 -0.25074249505996704102 -0.25270858407020568848 -0.24851416051387786865 -0.23608115315437316895 -0.24727807939052581787 -0.26347258687019348145 -0.3166065514087677002 -0.30801868438720703125 -0.27445715665817260742 -0.25076147913932800293 -0.24913959205150604248 -0.27015578746795654297 -0.38119983673095703125 -0.43442896008491516113 -0.37301778793334960938 -0.31750738620758056641 -0.25976037979125976563 -0.27922573685646057129 -0.29452374577522277832 -0.29760599136352539063 -0.31860569119453430176 -0.46052330732345581055 -0.40796259045600891113 -0.4157155454158782959
-0.2317905128002166748 -0.25463524460792541504 -0.24882981181144714355 -0.23279720544815063477 -0.23723812401294708252 -0.24872928857803344727 -0.25204250216484069824 -0.23618818819522857666 -0.22062070667743682861 -0.2377220839262008667 -0.23929384350776672363 -0.25037470459938049316 -0.25070336461067199707 -0.24594952166080474854 -0.2381954491138458252 -0.23090822994709014893 -0.24559421837329864502 -0.25849604606628417969 -0.23058442771434783936 -0.22610229253768920898 -0.25588619709014892578 -0.27824372053146362305 -0.26895037293434143066 -0.27629148960113525391 -0.30313915014266967773 -0.32773345708847045898 -0.30274650454521179199 -0.38822507858276367188 -0.44318687915802001953 -0.30108129978179931641 -0.27595514059066772461 -0.25329628586769104004 -0.28221175074577331543 -0.35108295083045959473 -0.39141342043876647949 -0.37516799569129943848 -0.37986868619918823242 -0.46315532922744750977 -0.38458862900733947754 -0.37811008095741271973
-0.23683948814868927002 -0.24153321981430053711 -0.23380701243877410889 -0.23907358944416046143 -0.23969440162181854248 -0.21959617733955383301 -0.23010474443435668945 -0.23844917118549346924 -0.23788613080978393555 -0.25324416160583496094 -0.25475832819938659668 -0.25895473361015319824 -0.24957180023193359375 -0.24709589779376983643 -0.24552148580551147461 -0.25555998086929321289 -0.27966740727424621582 -0.24926193058490753174 -0.22031603753566741943 -0.26229062676429748535 -0.27299103140830993652 -0.28277635574340820313 -0.3472690880298614502 -0.37077867984771728516 -0.34600293636322021484 -0.42327105998992919922 -0.40955072641372680664 -0.39138460159301757813 -0.29635208845138549805 -0.26742669939994812012 -0.24000628292560577393 -0.28663733601570129395 -0.39260700345039367676 -0.44619247317314147949 -0.45346984267234802246 -0.46457448601722717285 -0.46633952856063842773 -0.43359306454658508301 -0.40016207098960876465 -0.35890874266624450684
-0.24960459768772125244 -0.24464015662670135498 -0.24142146110534667969 -0.24483072757720947266 -0.22815850377082824707 -0.21882718801498413086 -0.21515542268753051758 -0.22075207531452178955 -0.21565705537796020508 -0.22943915426731109619 -0.25537136197090148926 -0.26819440722465515137 -0.26090770959854125977 -0.25576660037040710449 -0.2397924959659576416 -0.26036226749420166016 -0.27290907502174377441 -0.22770822048187255859 -0.2531306147575378418 -0.2967014312744140625 -0.25594925880432128906 -0.34746053814888000488 -0.39756956696510314941 -0.35422733426094055176 -0.27898359298706054688 -0.33946359157562255859 -0.31392970681190490723 -0.25850322842597961426 -0.24875612556934356689 -0.2591183781623840332 -0.26060840487480163574 -0.29871827363967895508 -0.43314293026924133301 -0.42722591757774353027 -0.38350537419319152832 -0.36466225981712341309 -0.39035660028457641602 -0.400074005126953125 -0.38460069894790649414 -0.36874100565910339355
-0.26089027523994445801 -0.2551835477352142334 -0.24447868764400482178 -0.22723643481731414795 -0.22862783074378967285 -0.2232478708028793335 -0.21689203381538391113 -0.23476684093475341797 -0.22425350546836853027 -0.21828252077102661133 -0.24655519425868988037 -0.24346603453159332275 -0.2586193382740020752 -0.25887838006019592285 -0.24520590901374816895 -0.26466819643974304199 -0.24917402863502502441 -0.23089663684368133545 -0.26447755098342895508 -0.29421269893646240234 -0.26988372206687927246 -0.39231279492378234863 -0.36380490660667419434 -0.34478732943534851074 -0.35667625069618225098 -0.4155839085578918457 -0.33018374443054199219 -0.30812001228332519531 -0.3256003260612487793 -0.31352829933166503906 -0.33821988105773925781 -0.38434967398643493652 -0.48056462407112121582 -0.49008569121360778809 -0.4533767402172088623 -0.45351693034172058105 -0.46290612220764160156 -0.41762295365333557129 -0.37923562526702880859 -0.36621591448783874512
-0.31788566708564758301 -0.28609153628349304199 -0.2421359717845916748 -0.22659718990325927734 -0.22101239860057830811 -0.22929982841014862061 -0.22249816358089447021 -0.27838605642318725586 -0.25321117043495178223 -0.23375615477561950684 -0.24566678702831268311 -0.25370013713836669922 -0.24395978450775146484 -0.24240221083164215088 -0.24937374889850616455 -0.2540931999683380127 -0.25547236204147338867 -0.30974617600440979004 -0.30560755729675292969 -0.29367619752883911133 -0.33295270800590515137 -0.35876697301864624023 -0.36193153262138366699 -0.39046716690063476563 -0.40797179937362670898 -0.4155572354793548584 -0.38850945234298706055 -0.35158103704452514648 -0.35352915525436401367 -0.36001512408256530762 -0.41729333996772766113 -0.42451328039169311523 -0.46866855025291442871 -0.49240294098854064941 -0.51675695180892944336 -0.52185964584350585938 -0.5323378443717956543 -0.52169615030288696289 -0.48604464530944824219 -0.45997625589370727539
-0.28769978880882263184 -0.24867027997970581055 -0.24278287589550018311 -0.26534101366996765137 -0.24796934425830841064 -0.24839651584625244141 -0.27846062183380126953 -0.32232445478439331055 -0.32391348481178283691 -0.29785239696502685547 -0.29198753833770751953 -0.24622090160846710205 -0.25008675456047058105 -0.24852746725082397461 -0.24645490944385528564 -0.26231124997138977051 -0.24653407931327819824 -0.25883573293685913086 -0.30309858918190002441 -0.40727892518043518066 -0.41313326358795166016 -0.35240450501441955566 -0.38660228252410888672 -0.45972201228141784668 -0.44741129875183105469 -0.41532593965530395508 -0.45317694544792175293 -0.44053664803504943848 -0.40307319164276123047 -0.40620344877243041992 -0.43028789758682250977 -0.42214095592498779297 -0.4018351435661315918 -0.45286360383033752441 -0.49844339489936828613 -0.50238054990768432617 -0.51822268962860107422 -0.52969402074813842773 -0.51530706882476806641 -0.50914919376373291016
-0.26297333836555480957 -0.25947421789169311523 -0.28243583440780639648 -0.2777277827262878418 -0.26810598373413085938 -0.31631287932395935059 -0.35983443260192871094 -0.37486118078231811523 -0.35358533263206481934 -0.31967347860336303711 -0.30787816643714904785 -0.2660376131534576416 -0.27452614903450012207 -0.34590351581573486328 -0.3362426459789276123 -0.32203173637390136719 -0.34683954715728759766 -0.29993200302124023438 -0.40452498197555541992 -0.4728552699089050293 -0.39806497097015380859 -0.3698266446590423584 -0.38629499077796936035 -0.4383411407470703125 -0.42561873793601989746 -0.45337784290313720703 -0.47560706734657287598 -0.39007028937339782715 -0.40459007024765014648 -0.42471066117286682129 -0.43997436761856079102 -0.44074800610542297363 -0.42457950115203857422 -0.44086417555809020996 -0.48019158840179443359 -0.49960106611251831055 -0.51853138208389282227 -0.5040251612663269043 -0.50868827104568481445 -0.49741977453231811523
-0.28949829936027526855 -0.28835517168045043945 -0.29298043251037597656 -0.25621706247329711914 -0.2856190800666809082 -0.37320175766944885254 -0.40167349576950073242 -0.39423331618309020996 -0.33237752318382263184 -0.34433862566947937012 -0.32520380616188049316 -0.27987328171730041504 -0.29241088032722473145 -0.2926114499568939209 -0.31604436039924621582 -0.3884754180908203125 -0.49157953262329101563 -0.46324649453163146973 -0.49672496318817138672 -0.43879425525665283203 -0.41282874345779418945 -0.38076737523078918457 -0.39347949624061584473 -0.44921085238456726074 -0.41251012682914733887 -0.44068384170532226563 -0.39643049240112304688 -0.37755718827247619629 -0.37077277898788452148 -0.38928058743476867676 -0.41496840119361877441 -0.42354750633239746094 -0.45787081122398376465 -0.45945250988006591797 -0.45712929964065551758 -0.44866871833801269531 -0.48492392897605895996 -0.48695385456085205078 -0.51291662454605102539 -0.50937408208847045898
-0.28342637419700622559 -0.26271635293960571289 -0.25835600495338439941 -0.25672993063926696777 -0.25935459136962890625 -0.36961725354194641113 -0.40873554348945617676 -0.38401788473129272461 -0.35360753536224365234 -0.32278683781623840332 -0.28434911370277404785 -0.28664529323577880859 -0.2810719907283782959 -0.27724164724349975586 -0.2900612950325012207 -0.3545932769775390625 -0.39463248848915100098 -0.4658425748348236084 -0.46783274412155151367 -0.41935393214225769043 -0.37385275959968566895 -0.37498733401298522949 -0.37874355912208557129 -0.40284237265586853027 -0.29750353097915649414 -0.31726929545402526855 -0.29630479216575622559 -0.3506908714771270752 -0.38001042604446411133 -0.36903524398803710938 -0.37356525659561157227 -0.40140900015830993652 -0.45277985930442810059 -0.42983254790306091309 -0.37166294455528259277 -0.32740461826324462891 -0.41402915120124816895 -0.42141526937484741211 -0.46491843461990356445 -0.48582291603088378906
-0.27863854169845581055 -0.25696682929992675781 -0.2652339935302734375 -0.27165436744689941406 -0.2955964207649230957 -0.4059187471866607666 -0.41406857967376708984 -0.33064603805541992188 -0.32782086730003356934 -0.34046092629432678223 -0.31425523757934570313 -0.31253314018249511719 -0.30468651652336120605 -0.33428949117660522461 -0.36649098992347717285 -0.39174982905387878418 -0.34620022773742675781 -0.40500947833061218262 -0.46510708332061767578 -0.45936173200607299805 -0.42721447348594665527 -0.38827154040336608887 -0.43674889206886291504 -0.39627292752265930176 -0.34279856085777282715 -0.38473877310752868652 -0.3244082033634185791 -0.34627461433410644531 -0.40259784460067749023 -0.39215219020843505859 -0.39875853061676025391 -0.41115179657936096191 -0.3968512415885925293 -0.44596722722053527832 -0.40655121207237243652 -0.38523581624031066895 -0.41668555140495300293 -0.38280951976776123047 -0.42862701416015625 -0.44823104143142700195
