INPUT/RASTER/ASCII/gndvi2023.asc
ncols        225
nrows        269
xllcorner    473009.983799999987
yllcorner    4429051.174800000153
cellsize     50.000000000000
NODATA_value -9999
[rows 108 to 125 of 269, columns 120 to 159 of 225]
-0.34279215335845947266 -0.34270185232162475586 -0.35107374191284179688 -0.37897631525993347168 -0.34932434558868408203 -0.3659744560718536377 -0.36162433028221130371 -0.3176225125789642334 -0.21883012354373931885 -0.22242762148380279541 -0.2888781428337097168 -0.37629517912864685059 -0.2926718592643737793 -0.31109502911567687988 -0.30745038390159606934 -0.29777181148529052734 -0.27637335658073425293 -0.3214924931526184082 -0.30740177631378173828 -0.28642332553863525391 -0.29512292146682739258 -0.28767994046211242676 -0.31701132655143737793 -0.27218085527420043945 -0.29412263631820678711 -0.29905650019645690918 -0.30011510848999023438 -0.28636541962623596191 -0.33515632152557373047 -0.34413734078407287598 -0.33536583185195922852 -0.41219657659530639648 -0.44115039706230163574 -0.44393506646156311035 -0.45194739103317260742 -0.41629493236541748047 -0.37935811281204223633 -0.4021994173526763916 -0.37712633609771728516 -0.4558690190315246582
-0.37299430370330810547 -0.35342773795127868652 -0.34361022710800170898 -0.34780707955360412598 -0.33256864547729492188 -0.35577550530433654785 -0.37503680586814880371 -0.31471174955368041992 -0.26515844464302062988 -0.24208492040634155273 -0.29767954349517822266 -0.3441836237907409668 -0.3106231391429901123 -0.28682285547256469727 -0.29820883274078369141 -0.29294022917747497559 -0.27634060382843017578 -0.35270828008651733398 -0.33033138513565063477 -0.30295971035957336426 -0.28713077306747436523 -0.27218899130821228027 -0.26878276467323303223 -0.31319287419319152832 -0.29740732908248901367 -0.29284194111824035645 -0.3122323155403137207 -0.29020470380783081055 -0.32367438077926635742 -0.32624211907386779785 -0.29827076196670532227 -0.33483490347862243652 -0.35277634859085083008 -0.32866421341896057129 -0.38912123441696166992 -0.4039834439754486084 -0.38025340437889099121 -0.39498728513717651367 -0.37057006359100341797 -0.41592729091644287109
-0.39669042825698852539 -0.35640057921409606934 -0.34318137168884277344 -0.35148444771766662598 -0.364818572998046875 -0.37848988175392150879 -0.38085076212882995605 -0.35978269577026367188 -0.28257229924201965332 -0.20362868905067443848 -0.29284116625785827637 -0.35035049915313720703 -0.27619874477386474609 -0.2669817507266998291 -0.26902422308921813965 -0.29545223712921142578 -0.26258486509323120117 -0.27625009417533874512 -0.29017695784568786621 -0.27876734733581542969 -0.30125769972801208496 -0.28340980410575866699 -0.27670398354530334473 -0.2903207242488861084 -0.29964676499366760254 -0.30584043264389038086 -0.29955458641052246094 -0.31232601404190063477 -0.3495045006275177002 -0.30845481157302856445 -0.27924701571464538574 -0.3161582648754119873 -0.37523514032363891602 -0.3968480527400970459 -0.4052066802978515625 -0.39061322808265686035 -0.35632312297821044922 -0.35061097145080566406 -0.37222933769226074219 -0.39636006951332092285
-0.40063592791557312012 -0.34934610128402709961 -0.31607481837272644043 -0.34584137797355651855 -0.39014697074890136719 -0.35565891861915588379 -0.37646472454071044922 -0.35581770539283752441 -0.32404196262359619141 -0.27135884761810302734 -0.29410126805305480957 -0.33975368738174438477 -0.31019863486289978027 -0.31253421306610107422 -0.26963216066360473633 -0.25884276628494262695 -0.27335688471794128418 -0.25895369052886962891 -0.2820771634578704834 -0.30054506659507751465 -0.29793727397918701172 -0.27249896526336669922 -0.28350156545639038086 -0.27922156453132629395 -0.28840497136116027832 -0.32046729326248168945 -0.32450827956199645996 -0.33957758545875549316 -0.35625302791595458984 -0.33396604657173156738 -0.28087663650512695313 -0.33242535591125488281 -0.40072670578956604004 -0.44628322124481201172 -0.4707660377025604248 -0.4075088202953338623 -0.3173993527889251709 -0.30971708893775939941 -0.37481841444969177246 -0.40195605158805847168
-0.37726166844367980957 -0.40260896086692810059 -0.35046783089637756348 -0.32691529393196105957 -0.34271839261054992676 -0.35925048589706420898 -0.40927481651306152344 -0.39794716238975524902 -0.34095808863639831543 -0.32967740297317504883 -0.37916636466979980469 -0.36126428842544555664 -0.30803146958351135254 -0.25548696517944335938 -0.25570881366729736328 -0.25568693876266479492 -0.27723684906959533691 -0.31150618195533752441 -0.33320498466491699219 -0.31858706474304199219 -0.28593778610229492188 -0.27999868988990783691 -0.29587233066558837891 -0.28262686729431152344 -0.27267894148826599121 -0.28068399429321289063 -0.30682381987571716309 -0.37816995382308959961 -0.38113945722579956055 -0.36047509312629699707 -0.35716333985328674316 -0.38197231292724609375 -0.36174878478050231934 -0.37548115849494934082 -0.42042192816734313965 -0.37966573238372802734 -0.30461898446083068848 -0.30811712145805358887 -0.3832117915153503418 -0.39755481481552124023
-0.35778510570526123047 -0.38647031784057617188 -0.38117858767509460449 -0.35193914175033569336 -0.32362657785415649414 -0.32792353630065917969 -0.41519188880920410156 -0.36586281657218933105 -0.34080782532691955566 -0.37352311611175537109 -0.44872993230819702148 -0.36108979582786560059 -0.2549921572208404541 -0.24968640506267547607 -0.28066736459732055664 -0.24821400642395019531 -0.30169543623924255371 -0.34600025415420532227 -0.32695025205612182617 -0.36002489924430847168 -0.35779482126235961914 -0.31240573525428771973 -0.31896904110908508301 -0.35058563947677612305 -0.32852849364280700684 -0.27829751372337341309 -0.35312685370445251465 -0.39103108644485473633 -0.38383951783180236816 -0.37184116244316101074 -0.39220789074897766113 -0.41797187924385070801 -0.42058220505714416504 -0.35662090778350830078 -0.3849824368953704834 -0.31591185927391052246 -0.30680456757545471191 -0.29844659566879272461 -0.3688195645809173584 -0.3846943974494934082
-0.38610038161277770996 -0.3272787928581237793 -0.32394766807556152344 -0.34410235285758972168 -0.32955628633499145508 -0.30244091153144836426 -0.37273794412612915039 -0.32036361098289489746 -0.35919368267059326172 -0.42431962490081787109 -0.40982493758201599121 -0.30535542964935302734 -0.24492077529430389404 -0.26401853561401367188 -0.28517267107963562012 -0.33619201183319091797 -0.48536995053291320801 -0.47976353764533996582 -0.40670868754386901855 -0.39261892437934875488 -0.40687045454978942871 -0.37352710962295532227 -0.31722393631935119629 -0.3333231806755065918 -0.31294891238212585449 -0.27328476309776306152 -0.33412176370620727539 -0.35282346606254577637 -0.35005286335945129395 -0.35933604836463928223 -0.37944146990776062012 -0.40971297025680541992 -0.38747498393058776855 -0.389057159423828125 -0.35013487935066223145 -0.31116127967834472656 -0.30349305272102355957 -0.30209821462631225586 -0.29469737410545349121 -0.35345444083213806152
-0.3953844904899597168 -0.32038578391075134277 -0.31974044442176818848 -0.3265361487865447998 -0.32979527115821838379 -0.32496660947799682617 -0.38847804069519042969 -0.36368107795715332031 -0.40205484628677368164 -0.38388416171073913574 -0.32807770371437072754 -0.26149788498878479004 -0.23305530846118927002 -0.28285235166549682617 -0.32117727398872375488 -0.40741449594497680664 -0.48684450984001159668 -0.45274060964584350586 -0.49711507558822631836 -0.45084369182586669922 -0.46387562155723571777 -0.41915026307106018066 -0.31111884117126464844 -0.31230628490447998047 -0.29623237252235412598 -0.28010168671607971191 -0.28076753020286560059 -0.33477288484573364258 -0.34712368249893188477 -0.38318133354187011719 -0.35646378993988037109 -0.35716706514358520508 -0.36727619171142578125 -0.38575786352157592773 -0.35912331938743591309 -0.31338429450988769531 -0.29470062255859375 -0.29158583283424377441 -0.29041898250579833984 -0.32543340325355529785
-0.45582914352416992188 -0.33218118548393249512 -0.32226932048797607422 -0.33093115687370300293 -0.30139458179473876953 -0.3059622645378112793 -0.41749119758605957031 -0.40880224108695983887 -0.34759885072708129883 -0.28832671046257019043 -0.28725036978721618652 -0.29264953732490539551 -0.22936569154262542725 -0.29601761698722839355 -0.33163538575172424316 -0.32646480202674865723 -0.44321683049201965332 -0.4595864415168762207 -0.53154337406158447266 -0.49757868051528930664 -0.46792268753051757813 -0.4329248964786529541 -0.37408402562141418457 -0.39254665374755859375 -0.3194586634635925293 -0.28960138559341430664 -0.34685623645782470703 -0.3898881077766418457 -0.36632257699966430664 -0.36001303791999816895 -0.29512354731559753418 -0.31851011514663696289 -0.37323194742202758789 -0.37394893169403076172 -0.32527467608451843262 -0.33651876449584960938 -0.31181377172470092773 -0.28851231932640075684 -0.32265049219131469727 -0.34133806824684143066
-0.51473790407180786133 -0.46440485119819641113 -0.32551407814025878906 -0.32523351907730102539 -0.33404788374900817871 -0.41098544001579284668 -0.42545780539512634277 -0.31032294034957885742 -0.33037427067756652832 -0.28687149286270141602 -0.30560547113418579102 -0.29655551910400390625 -0.29401108622550964355 -0.36669331789016723633 -0.34997734427452087402 -0.36622530221939086914 -0.48572823405265808105 -0.53022122383117675781 -0.47234773635864257813 -0.48703691363334655762 -0.48925572633743286133 -0.43376332521438598633 -0.43138524889945983887 -0.44892725348472595215 -0.42138656973838806152 -0.36702203750610351563 -0.42546385526657104492 -0.37951844930648803711 -0.39214372634887695313 -0.34211513400077819824 -0.14225842058658599854 -0.11250791698694229126 -0.33621728420257568359 -0.40968048572540283203 -0.38657343387603759766 -0.35407599806785583496 -0.33574128150939941406 -0.35101079940795898438 -0.35097146034240722656 -0.30920583009719848633
-0.37913602590560913086 -0.47546479105949401855 -0.44169223308563232422 -0.36306610703468322754 -0.38996171951293945313 -0.4129416346549987793 -0.31127014756202697754 -0.28578472137451171875 -0.29797190427780151367 -0.25526440143585205078 -0.26072776317596435547 -0.25619801878929138184 -0.28862628340721130371 -0.35272267460823059082 -0.36614340543746948242 -0.4065399169921875 -0.44558936357498168945 -0.50675243139266967773 -0.47859907150268554688 -0.43276268243789672852 -0.42571157217025756836 -0.46215853095054626465 -0.45452919602394104004 -0.47588419914245605469 -0.47150713205337524414 -0.44258835911750793457 -0.41248536109924316406 -0.37222874164581298828 -0.38465154170989990234 -0.33261370658874511719 -0.17968842387199401855 -0.026455760002136230469 -0.2118390202522277832 -0.44082686305046081543 -0.44742804765701293945 -0.42418652772903442383 -0.33778551220893859863 -0.3172200620174407959 -0.33402413129806518555 -0.27613756060600280762
-0.30548000335693359375 -0.39447882771492004395 -0.42543357610702514648 -0.41205614805221557617 -0.35849055647850036621 -0.34840017557144165039 -0.35941016674041748047 -0.35184255242347717285 -0.30178490281105041504 -0.29154232144355773926 -0.25308173894882202148 -0.24690131843090057373 -0.31238895654678344727 -0.35122707486152648926 -0.36879530549049377441 -0.41899019479751586914 -0.43306553363800048828 -0.4215323030948638916 -0.41361832618713378906 -0.3684247434139251709 -0.39771762490272521973 -0.42253905534744262695 -0.42136994004249572754 -0.46493315696716308594 -0.4867871701717376709 -0.38348695635795593262 -0.41436046361923217773 -0.376224517822265625 -0.42061063647270202637 -0.37290009856224060059 -0.26339158415794372559 -0.25182032585144042969 -0.25970372557640075684 -0.4172497093677520752 -0.44044822454452514648 -0.45722660422325134277 -0.38267165422439575195 -0.33237043023109436035 -0.30106538534164428711 -0.3195590674877166748
-0.31448411941528320313 -0.31610253453254699707 -0.4109357297420501709 -0.45773857831954956055 -0.40313115715980529785 -0.37381124496459960938 -0.36265391111373901367 -0.35473901033401489258 -0.33634135127067565918 -0.27657732367515563965 -0.28814589977264404297 -0.25723564624786376953 -0.34119817614555358887 -0.3493188023567199707 -0.3315893709659576416 -0.37380218505859375 -0.35691168904304504395 -0.33576479554176330566 -0.3506628870964050293 -0.35660636425018310547 -0.38760787248611450195 -0.38396954536437988281 -0.34484893083572387695 -0.35961079597473144531 -0.43050292134284973145 -0.40851992368698120117 -0.45838391780853271484 -0.45735153555870056152 -0.44729077816009521484 -0.35476973652839660645 -0.34108465909957885742 -0.36843591928482055664 -0.32773348689079284668 -0.3934879004955291748 -0.45636609196662902832 -0.46066415309906005859 -0.37620487809181213379 -0.34775093197822570801 -0.29795005917549133301 -0.31911262869834899902
-0.34439218044281005859 -0.29654103517532348633 -0.33432585000991821289 -0.43403312563896179199 -0.4197820127010345459 -0.36649331450462341309 -0.34532663226127624512 -0.35966393351554870605 -0.34571629762649536133 -0.29598513245582580566 -0.28841075301170349121 -0.27303105592727661133 -0.38208624720573425293 -0.36494734883308410645 -0.3446248471736907959 -0.36713272333145141602 -0.36041596531867980957 -0.32308021187782287598 -0.36241006851196289063 -0.33750066161155700684 -0.34226867556571960449 -0.33764356374740600586 -0.31941592693328857422 -0.38185071945190429688 -0.36090907454490661621 -0.36764049530029296875 -0.41617235541343688965 -0.42320078611373901367 -0.41121599078178405762 -0.37292459607124328613 -0.38621371984481811523 -0.38858252763748168945 -0.32863217592239379883 -0.3779296576976776123 -0.45333722233772277832 -0.4536870121955871582 -0.38301336765289306641 -0.32760795950889587402 -0.30659198760986328125 -0.34048163890838623047
-0.35740056633949279785 -0.31439280509948730469 -0.31181001663208007813 -0.43970325589179992676 -0.41966089606285095215 -0.35790768265724182129 -0.36018478870391845703 -0.34907808899879455566 -0.34360903501510620117 -0.30275022983551025391 -0.28411749005317687988 -0.32449811697006225586 -0.3800595402717590332 -0.37735289335250854492 -0.37521374225616455078 -0.37702408432960510254 -0.38233011960983276367 -0.36278969049453735352 -0.3741881251335144043 -0.32470658421516418457 -0.32420259714126586914 -0.32236421108245849609 -0.32158973813056945801 -0.3890902400016784668 -0.35905849933624267578 -0.34214851260185241699 -0.39690101146697998047 -0.39279186725616455078 -0.36114826798439025879 -0.32998964190483093262 -0.40942007303237915039 -0.41812333464622497559 -0.39103475213050842285 -0.35995054244995117188 -0.37390509247779846191 -0.35013848543167114258 -0.34425869584083557129 -0.24231468141078948975 -0.32701081037521362305 -0.38682261109352111816
-0.36170715093612670898 -0.32952192425727844238 -0.33070397377014160156 -0.42905002832412719727 -0.41263988614082336426 -0.37715971469879150391 -0.40244024991989135742 -0.3523718416690826416 -0.3402048647403717041 -0.31334158778190612793 -0.2909228205680847168 -0.30901172757148742676 -0.31840372085571289063 -0.3701896369457244873 -0.40527591109275817871 -0.37896591424942016602 -0.36472794413566589355 -0.32178130745887756348 -0.30162224173545837402 -0.30164849758148193359 -0.31212913990020751953 -0.30954986810684204102 -0.32718488574028015137 -0.36643338203430175781 -0.31753200292587280273 -0.30953624844551086426 -0.35267171263694763184 -0.40208205580711364746 -0.3922919929027557373 -0.33864256739616394043 -0.42529904842376708984 -0.46186539530754089355 -0.42764049768447875977 -0.30708381533622741699 -0.34035375714302062988 -0.33188086748123168945 -0.27628883719444274902 -0.21590815484523773193 -0.37363684177398681641 -0.3820018768310546875
-0.36950629949569702148 -0.38341951370239257813 -0.43710243701934814453 -0.47760424017906188965 -0.37755098938941955566 -0.37197679281234741211 -0.38597878813743591309 -0.33277997374534606934 -0.33435454964637756348 -0.3073222041130065918 -0.29261288046836853027 -0.29429832100868225098 -0.33141821622848510742 -0.33849370479583740234 -0.36007934808731079102 -0.37713536620140075684 -0.35628589987754821777 -0.32583865523338317871 -0.32427382469177246094 -0.30051395297050476074 -0.30786710977554321289 -0.29311919212341308594 -0.30103814601898193359 -0.3235594332218170166 -0.3361008763313293457 -0.33556497097015380859 -0.35742917656898498535 -0.34683126211166381836 -0.35825440287590026855 -0.36657685041427612305 -0.4375330507755279541 -0.44816866517066955566 -0.39808392524719238281 -0.29289788007736206055 -0.34119424223899841309 -0.3045616447925567627 -0.21900685131549835205 -0.32538306713104248047 -0.4115371406078338623 -0.37894076108932495117
-0.4449284672737121582 -0.50657290220260620117 -0.46207201480865478516 -0.40953239798545837402 -0.38249480724334716797 -0.37462466955184936523 -0.36105379462242126465 -0.31210017204284667969 -0.33083999156951904297 -0.33575046062469482422 -0.3251285851001739502 -0.32151943445205688477 -0.34822249412536621094 -0.35967615246772766113 -0.33386760950088500977 -0.36091712117195129395 -0.34597387909889221191 -0.31458944082260131836 -0.29058325290679931641 -0.3008893430233001709 -0.29774206876754760742 -0.29101839661598205566 -0.29687711596488952637 -0.28864070773124694824 -0.29381528496742248535 -0.32272121310234069824 -0.35756662487983703613 -0.3676904141902923584 -0.34778931736946105957 -0.36579102277755737305 -0.43923985958099365234 -0.43827879428863525391 -0.41073814034461975098 -0.30069199204444885254 -0.3355331718921661377 -0.2984192967414855957 -0.233043670654296875 -0.4162273406982421875 -0.42457985877990722656 -0.41365796327590942383
