INPUT/RASTER/ASCII/green2023.asc
ncols        225
nrows        269
xllcorner    473009.983799999987
yllcorner    4429051.174800000153
cellsize     50.000000000000
NODATA_value -9999
[rows 162 to 179 of 269, columns 0 to 39 of 225]
-9999 -9999 -9999 -9999 -9999 -9999 -9999 -9999 0.087077990174293518066 0.082449860870838165283 0.083558060228824615479 0.09216127544641494751 0.099235370755195617676 0.10412905365228652954 0.11414702236652374268 0.10569351911544799805 0.099935106933116912842 0.098616056144237518311 0.10306475311517715454 0.10036885738372802734 0.095343597233295440674 0.097735233604907989502 0.097759798169136047363 0.098917096853256225586 0.095186948776245117188 0.10236391425132751465 0.1008313596248626709 0.093664981424808502197 0.09306265413761138916 0.090062879025936126709 0.088761024177074432373 0.087894320487976074219 0.091170549392700195313 0.09459088742733001709 0.096591003239154815674 0.10139901190996170044 0.09806136786937713623 0.096944697201251983643 0.096440859138965606689 0.10272540152072906494
-9999 -9999 -9999 -9999 -9999 -9999 -9999 -9999 0.081070788204669952393 0.080360777676105499268 0.08615954965353012085 0.097135461866855621338 0.10333497822284698486 0.10110712051391601563 0.10718287527561187744 0.10206560790538787842 0.10211618244647979736 0.10585592687129974365 0.10657907277345657349 0.10133983194828033447 0.10104499757289886475 0.1045545041561126709 0.10240858793258666992 0.096785023808479309082 0.095551729202270507813 0.093615956604480743408 0.095645032823085784912 0.093040429055690765381 0.092200115323066711426 0.089515544474124908447 0.090739235281944274902 0.092444494366645812988 0.092734321951866149902 0.093275882303714752197 0.094166681170463562012 0.094301998615264892578 0.096699133515357971191 0.10100615024566650391 0.096199974417686462402 0.10202834755182266235
-9999 -9999 -9999 -9999 -9999 -9999 -9999 0.094652071595191955566 0.090827055275440216064 0.092030860483646392822 0.094346582889556884766 0.10136892646551132202 0.10247877240180969238 0.10070690512657165527 0.095975853502750396729 0.095194943249225616455 0.10069358348846435547 0.10801186412572860718 0.10374394804239273071 0.10634796321392059326 0.10540687292814254761 0.10032018274068832397 0.10600304603576660156 0.10084753483533859253 0.099602982401847839355 0.093811906874179840088 0.093844756484031677246 0.090828239917755126953 0.089935705065727233887 0.085476689040660858154 0.086966328322887420654 0.09309778362512588501 0.092147663235664367676 0.093178763985633850098 0.095827721059322357178 0.0915907248854637146 0.0927983894944190979 0.10034613311290740967 0.10149772465229034424 0.10714632272720336914
-9999 -9999 -9999 -9999 -9999 -9999 0.090999998152256011963 0.093409769237041473389 0.093736261129379272461 0.10143277794122695923 0.098181381821632385254 0.10342024266719818115 0.10442913323640823364 0.098201803863048553467 0.096860311925411224365 0.093675091862678527832 0.097841344773769378662 0.10174219310283660889 0.099854029715061187744 0.10721383988857269287 0.097544357180595397949 0.092780523002147674561 0.10266602039337158203 0.10296098887920379639 0.097466520965099334717 0.093747124075889587402 0.095081217586994171143 0.092815443873405456543 0.088092714548110961914 0.085772335529327392578 0.088697232306003570557 0.092286497354507446289 0.093357823789119720459 0.092548094689846038818 0.096116967499256134033 0.096747130155563354492 0.092635773122310638428 0.095920234918594360352 0.10572370141744613647 0.10903715342283248901
-9999 -9999 -9999 -9999 -9999 -9999 0.090494148433208465576 0.09288387000560760498 0.096873253583908081055 0.10458415001630783081 0.10025165975093841553 0.10510665178298950195 0.099538065493106842041 0.09309492260217666626 0.094661593437194824219 0.095552518963813781738 0.095415584743022918701 0.10353225469589233398 0.10121891647577285767 0.10100476443767547607 0.098151646554470062256 0.091690391302108764648 0.093576230108737945557 0.093410119414329528809 0.091994740068912506104 0.096319168806076049805 0.099262639880180358887 0.091186791658401489258 0.088679350912570953369 0.088238574564456939697 0.091176450252532958984 0.093340530991554260254 0.096250519156455993652 0.096524707973003387451 0.094634622335433959961 0.096492640674114227295 0.092513956129550933838 0.094895862042903900146 0.10033975541591644287 0.10757075995206832886
-9999 -9999 -9999 -9999 -9999 0.08821055293083190918 0.088367350399494171143 0.089660562574863433838 0.094510741531848907471 0.09718494117259979248 0.10787200927734375 0.10452393442392349243 0.093752205371856689453 0.089687265455722808838 0.094104818999767303467 0.10100453346967697144 0.10033336281776428223 0.10326193273067474365 0.099343135952949523926 0.097969114780426025391 0.095121271908283233643 0.094408124685287475586 0.094908133149147033691 0.09535312652587890625 0.092368833720684051514 0.093016222119331359863 0.092314034700393676758 0.087151467800140380859 0.086354903876781463623 0.088008224964141845703 0.09313573688268661499 0.09230639040470123291 0.099245607852935791016 0.10272227972745895386 0.1036946028470993042 0.10159354656934738159 0.094921492040157318115 0.092135481536388397217 0.095009118318557739258 0.099317349493503570557
-9999 -9999 -9999 -9999 -9999 0.084738872945308685303 0.086990751326084136963 0.086946003139019012451 0.088030196726322174072 0.089143998920917510986 0.10053326934576034546 0.09762582927942276001 0.089694082736968994141 0.088664725422859191895 0.096645772457122802734 0.099720649421215057373 0.10192015022039413452 0.101548805832862854 0.10083188861608505249 0.091862879693508148193 0.090178184211254119873 0.08915875852108001709 0.088563278317451477051 0.090289898216724395752 0.088073506951332092285 0.086826995015144348145 0.084837451577186584473 0.083413422107696533203 0.086668245494365692139 0.091332003474235534668 0.097961962223052978516 0.097269169986248016357 0.10299031436443328857 0.10155274718999862671 0.10107655078172683716 0.096247889101505279541 0.09360955655574798584 0.093319840729236602783 0.098639421164989471436 0.096358656883239746094
-9999 -9999 -9999 -9999 -9999 0.083331421017646789551 0.084732718765735626221 0.08923962712287902832 0.089369349181652069092 0.090470597147941589355 0.095613092184066772461 0.088876195251941680908 0.090798355638980865479 0.090777561068534851074 0.092831313610076904297 0.089129053056240081787 0.093612626194953918457 0.095747537910938262939 0.095438808202743530273 0.093319728970527648926 0.087855018675327301025 0.086387045681476593018 0.084128841757774353027 0.085335046052932739258 0.084646239876747131348 0.083791024982929229736 0.082264512777328491211 0.085845738649368286133 0.087585456669330596924 0.091141067445278167725 0.098607450723648071289 0.09850562363862991333 0.10399407148361206055 0.097757808864116668701 0.094420202076435089111 0.093943297863006591797 0.092853806912899017334 0.097678333520889282227 0.10246828943490982056 0.098889045417308807373
-9999 -9999 -9999 -9999 0.084420956671237945557 0.084285505115985870361 0.0878335610032081604 0.090057961642742156982 0.097607046365737915039 0.099532693624496459961 0.09929545968770980835 0.08898112177848815918 0.09289852529764175415 0.093042515218257904053 0.093993648886680603027 0.090172231197357177734 0.091008037328720092773 0.094734400510787963867 0.094062305986881256104 0.092264585196971893311 0.085767678916454315186 0.082079805433750152588 0.08228798210620880127 0.085399612784385681152 0.085933923721313476563 0.087398953735828399658 0.08786563575267791748 0.091598808765411376953 0.090372674167156219482 0.095384575426578521729 0.095793545246124267578 0.09526313096284866333 0.097321264445781707764 0.093146815896034240723 0.091506823897361755371 0.092659763991832733154 0.093423344194889068604 0.098789274692535400391 0.10331200063228607178 0.097938358783721923828
-9999 -9999 -9999 -9999 0.082181401550769805908 0.083822593092918395996 0.088248901069164276123 0.094758868217468261719 0.099601663649082183838 0.10382351279258728027 0.10158074647188186646 0.094510555267333984375 0.098371192812919616699 0.092631451785564422607 0.09031190723180770874 0.091019086539745330811 0.093658886849880218506 0.09021854400634765625 0.085819192230701446533 0.082301035523414611816 0.082127325236797332764 0.08221772313117980957 0.086978904902935028076 0.090685933828353881836 0.090386316180229187012 0.088912434875965118408 0.094240151345729827881 0.098757259547710418701 0.096116349101066589355 0.096137627959251403809 0.093742243945598602295 0.092182338237762451172 0.092471271753311157227 0.093002043664455413818 0.092092081904411315918 0.092495277523994445801 0.097497828304767608643 0.09893789142370223999 0.099100224673748016357 0.097681626677513122559
-9999 -9999 -9999 -9999 0.080712787806987762451 0.081470698118209838867 0.085689283907413482666 0.094221241772174835205 0.10020444542169570923 0.10220298916101455688 0.099775440990924835205 0.094030976295471191406 0.091526694595813751221 0.089447267353534698486 0.086872845888137817383 0.088456608355045318604 0.089016035199165344238 0.085359834134578704834 0.083470769226551055908 0.088474296033382415771 0.094736404716968536377 0.094261579215526580811 0.095338240265846252441 0.099012441933155059814 0.099958345293998718262 0.096717871725559234619 0.09785054624080657959 0.09544172137975692749 0.093157209455966949463 0.093336172401905059814 0.092474378645420074463 0.094230696558952331543 0.094556100666522979736 0.095037944614887237549 0.093220226466655731201 0.092303588986396789551 0.099521741271018981934 0.10074478387832641602 0.096153303980827331543 0.094084672629833221436
-9999 -9999 -9999 -9999 0.08244559168815612793 0.087581038475036621094 0.090814188122749328613 0.092184633016586303711 0.097906701266765594482 0.099969446659088134766 0.094031773507595062256 0.090060241520404815674 0.093323208391666412354 0.088364787399768829346 0.086597293615341186523 0.088143728673458099365 0.087689712643623352051 0.084975965321063995361 0.085835441946983337402 0.097821064293384552002 0.10276084393262863159 0.099888660013675689697 0.096495248377323150635 0.097394548356533050537 0.10723300278186798096 0.10755683481693267822 0.10218093544244766235 0.094840064644813537598 0.093718379735946655273 0.09415321052074432373 0.093025393784046173096 0.093788608908653259277 0.097649529576301574707 0.098518341779708862305 0.094323650002479553223 0.092695787549018859863 0.095452681183815002441 0.097015798091888427734 0.09618784487247467041 0.094871647655963897705
-9999 -9999 -9999 0.085583001375198364258 0.086939692497253417969 0.088016964495182037354 0.091299779713153839111 0.094829477369785308838 0.10267395526170730591 0.092520534992218017578 0.095125988125801086426 0.094284296035766601563 0.096333973109722137451 0.090337648987770080566 0.088793195784091949463 0.089601054787635803223 0.088627800345420837402 0.086417853832244873047 0.087510138750076293945 0.097995258867740631104 0.094663560390472412109 0.09224008023738861084 0.091706439852714538574 0.093823984265327453613 0.099919438362121582031 0.10622404515743255615 0.097422242164611816406 0.095286957919597625732 0.094510518014430999756 0.093800120055675506592 0.093934185802936553955 0.097044922411441802979 0.097119070589542388916 0.094720542430877685547 0.093067683279514312744 0.093301564455032348633 0.090642981231212615967 0.087564207613468170166 0.089503057301044464111 0.092390924692153930664
-9999 -9999 -9999 0.092783451080322265625 0.091348372399806976318 0.088197968900203704834 0.09013547748327255249 0.094024285674095153809 0.10235829651355743408 0.096877902746200561523 0.097928293049335479736 0.10065390169620513916 0.09728743135929107666 0.094458952546119689941 0.091348364949226379395 0.091175265610218048096 0.087995298206806182861 0.089417934417724609375 0.088677555322647094727 0.089760303497314453125 0.09006620943546295166 0.090149566531181335449 0.089012272655963897705 0.092018432915210723877 0.095616623759269714355 0.097349509596824645996 0.093393176794052124023 0.095471769571304321289 0.093626424670219421387 0.091935776174068450928 0.091514706611633300781 0.093294322490692138672 0.093291692435741424561 0.08937228471040725708 0.089515015482902526855 0.09227778017520904541 0.091198332607746124268 0.087712220847606658936 0.090840876102447509766 0.094257816672325134277
-9999 -9999 -9999 0.094695381820201873779 0.093970276415348052979 0.093247339129447937012 0.09613529592752456665 0.099039338529109954834 0.098144270479679107666 0.099088877439498901367 0.097347319126129150391 0.095943540334701538086 0.09309507906436920166 0.097051516175270080566 0.093184463679790496826 0.089212082326412200928 0.089245423674583435059 0.090192370116710662842 0.094963654875755310059 0.092726342380046844482 0.091858655214309692383 0.090118207037448883057 0.091996207833290100098 0.092518977820873260498 0.089257001876831054688 0.089851059019565582275 0.092895932495594024658 0.093756861984729766846 0.091772288084030151367 0.092253662645816802979 0.09161748737096786499 0.090102046728134155273 0.088616043329238891602 0.088485583662986755371 0.088402867317199707031 0.090100310742855072021 0.094304837286472320557 0.093394465744495391846 0.095627389848232269287 0.094174340367317199707
-9999 -9999 0.095354065299034118652 0.096737131476402282715 0.096221975982189178467 0.098346397280693054199 0.10227633267641067505 0.10515191406011581421 0.095770344138145446777 0.095624990761280059814 0.095610894262790679932 0.094445787370204925537 0.095369756221771240234 0.096584975719451904297 0.091386251151561737061 0.090073876082897186279 0.091043405234813690186 0.091463029384613037109 0.10001362860202789307 0.10071399807929992676 0.093993760645389556885 0.093073122203350067139 0.096529416739940643311 0.091661691665649414063 0.087925687432289123535 0.090471245348453521729 0.091149181127548217773 0.09378207474946975708 0.099466182291507720947 0.10280121117830276489 0.098757520318031311035 0.098571501672267913818 0.096804484724998474121 0.097980499267578125 0.088402308523654937744 0.086751922965049743652 0.091596499085426330566 0.095098644495010375977 0.096405416727066040039 0.098607815802097320557
-9999 -9999 0.096843905746936798096 0.09966392815113067627 0.099611483514308929443 0.099123053252696990967 0.104872092604637146 0.10147922486066818237 0.094820544123649597168 0.095437310636043548584 0.091981813311576843262 0.091823585331439971924 0.094265170395374298096 0.095205478370189666748 0.092899546027183532715 0.090350471436977386475 0.088248938322067260742 0.089638978242874145508 0.095664083957672119141 0.10100781917572021484 0.096868485212326049805 0.098152540624141693115 0.097757004201412200928 0.095549307763576507568 0.086045138537883758545 0.08780002593994140625 0.089851893484592437744 0.096959441900253295898 0.10145885497331619263 0.10209653526544570923 0.10446721315383911133 0.10597717016935348511 0.10407274216413497925 0.09933099895715713501 0.087454691529273986816 0.086785070598125457764 0.091142684221267700195 0.10129316151142120361 0.10545468330383300781 0.10303015261888504028
-9999 -9999 0.10029810667037963867 0.10210844129323959351 0.10248655080795288086 0.099657528102397918701 0.10355119407176971436 0.10141876339912414551 0.10125117748975753784 0.096829600632190704346 0.090537503361701965332 0.089338943362236022949 0.092876471579074859619 0.10008707642555236816 0.095744699239730834961 0.090462103486061096191 0.087473392486572265625 0.087859094142913818359 0.090632900595664978027 0.095616288483142852783 0.095192164182662963867 0.094371818006038665771 0.090669207274913787842 0.093174815177917480469 0.089257530868053436279 0.085144862532615661621 0.089596793055534362793 0.10142973810434341431 0.10448598116636276245 0.10316316038370132446 0.1038341820240020752 0.10474564880132675171 0.10323400050401687622 0.094336792826652526855 0.086409650743007659912 0.089539594948291778564 0.093020804226398468018 0.097270697355270385742 0.1046461835503578186 0.11502911895513534546
