INPUT/RASTER/ASCII/green.asc
ncols        225
nrows        269
xllcorner    473000.000000000000
yllcorner    4429100.000000000000
cellsize     50.000000000000
NODATA_value -9999
[rows 19 to 37 of 269, columns 42 to 83 of 225]
0.098548002541065216064 0.10467199981212615967 0.1084479987621307373 0.092200003564357757568 0.094116002321243286133 0.10284800082445144653 0.10952799767255783081 0.11093199998140335083 0.10455600172281265259 0.10269600152969360352 0.10228800028562545776 0.10931199789047241211 0.11145599931478500366 0.1114960014820098877 0.11463600397109985352 0.12182400375604629517 0.1101879999041557312 0.099292002618312835693 0.093471996486186981201 0.09532000124454498291 0.10559199750423431396 0.10959199815988540649 0.097520001232624053955 0.10726799815893173218 0.11672399938106536865 0.10354000329971313477 0.093436002731323242188 0.093428000807762145996 0.094711996614933013916 0.092795997858047485352 0.096703998744487762451 0.10540399700403213501 0.10834400355815887451 0.11247599869966506958 0.13004000484943389893 0.12921600043773651123 0.11968799680471420288 0.094924002885818481445 0.096415996551513671875 0.11143600195646286011 0.1016760021448135376 0.1012879982590675354
0.10807599872350692749 0.10181599855422973633 0.10784000158309936523 0.10052400082349777222 0.097868002951145172119 0.099568001925945281982 0.1078479960560798645 0.11082000285387039185 0.10071600228548049927 0.10104399919509887695 0.097984001040458679199 0.11016400158405303955 0.10543999820947647095 0.10731200128793716431 0.11680799722671508789 0.1369879990816116333 0.12026400119066238403 0.10399600118398666382 0.10002800077199935913 0.10337600111961364746 0.1114400029182434082 0.10504800081253051758 0.098416000604629516602 0.10102800279855728149 0.11321999877691268921 0.10277999937534332275 0.096972003579139709473 0.096303999423980712891 0.096400000154972076416 0.092947997152805328369 0.10577599704265594482 0.11348000168800354004 0.11678799986839294434 0.11608400195837020874 0.12551200389862060547 0.13415199518203735352 0.1320399940013885498 0.12730400264263153076 0.12868399918079376221 0.13775999844074249268 0.1145280003547668457 0.099848002195358276367
0.10249199718236923218 0.10214400291442871094 0.10429199784994125366 0.10282800346612930298 0.10093600302934646606 0.10591199994087219238 0.10518799722194671631 0.097652003169059753418 0.10234799981117248535 0.09945999830961227417 0.10371600091457366943 0.099611997604370117188 0.095540001988410949707 0.11328800022602081299 0.13720400631427764893 0.13116399943828582764 0.11760799586772918701 0.11462800204753875732 0.12831999361515045166 0.12600399553775787354 0.13037200272083282471 0.11417599767446517944 0.098792001605033874512 0.096092000603675842285 0.098831996321678161621 0.10262800008058547974 0.098208002746105194092 0.10487999767065048218 0.098651997745037078857 0.1001520007848739624 0.1065479964017868042 0.10837200284004211426 0.10918799787759780884 0.11113999783992767334 0.1130639985203742981 0.11939200013875961304 0.13601599633693695068 0.1347720026969909668 0.13315999507904052734 0.14623199403285980225 0.14582799375057220459 0.12542800605297088623
0.098655998706817626953 0.10355599969625473022 0.10043200105428695679 0.10392399877309799194 0.10488799959421157837 0.10435199737548828125 0.10027199983596801758 0.10233200341463088989 0.10621999949216842651 0.091067999601364135742 0.098923996090888977051 0.097088001668453216553 0.099352002143859863281 0.12789200246334075928 0.13072399795055389404 0.11860399693250656128 0.10632400214672088623 0.11484800279140472412 0.1197879984974861145 0.12871199846267700195 0.1296519935131072998 0.10616400092840194702 0.10249999910593032837 0.10085999965667724609 0.10382399708032608032 0.10529199987649917603 0.10091599822044372559 0.10653600096702575684 0.10113999992609024048 0.10187199711799621582 0.10542800277471542358 0.1088360026478767395 0.11375200003385543823 0.11178399622440338135 0.11222399771213531494 0.12688399851322174072 0.14116799831390380859 0.1420319974422454834 0.13960400223731994629 0.12935599684715270996 0.14455200731754302979 0.13713599741458892822
0.098803997039794921875 0.099795997142791748047 0.10540799796581268311 0.10295999795198440552 0.10272800177335739136 0.10368800163269042969 0.10455600172281265259 0.10005199909210205078 0.10344800353050231934 0.097084000706672668457 0.10465200245380401611 0.10946000367403030396 0.13157199323177337646 0.14125600457191467285 0.12201599776744842529 0.11551599949598312378 0.10563600063323974609 0.10816399753093719482 0.11681199818849563599 0.10642799735069274902 0.10689599812030792236 0.10382799804210662842 0.099968001246452331543 0.097531996667385101318 0.096928000450134277344 0.096175998449325561523 0.09943599998950958252 0.099380001425743103027 0.10494799911975860596 0.10646399855613708496 0.096904002130031585693 0.10313999652862548828 0.1095839962363243103 0.11141999810934066772 0.11471600085496902466 0.1270039975643157959 0.13877600431442260742 0.14414399862289428711 0.12756800651550292969 0.12440399825572967529 0.13057999312877655029 0.13271999359130859375
0.097828000783920288086 0.099348001182079315186 0.10583599656820297241 0.10068000108003616333 0.10675600171089172363 0.10000400245189666748 0.10028799623250961304 0.10402800142765045166 0.10093599557876586914 0.10293199867010116577 0.10075999796390533447 0.12804399430751800537 0.14326399564743041992 0.12969599664211273193 0.11495599895715713501 0.10271999984979629517 0.10507600009441375732 0.11681199818849563599 0.10289199650287628174 0.093351997435092926025 0.096408002078533172607 0.097227998077869415283 0.096643999218940734863 0.095375999808311462402 0.097772002220153808594 0.10068000108003616333 0.10329599678516387939 0.098332002758979797363 0.10109200328588485718 0.091940000653266906738 0.092292003333568572998 0.089336000382900238037 0.097552001476287841797 0.10906399786472320557 0.10490000247955322266 0.11110000312328338623 0.1225600019097328186 0.13997599482536315918 0.11677999794483184814 0.12872800230979919434 0.13945199549198150635 0.12111999839544296265
0.10926400125026702881 0.10815200209617614746 0.10444799810647964478 0.09873600304126739502 0.10221199691295623779 0.10988000035285949707 0.10144799947738647461 0.11584399640560150146 0.11433999985456466675 0.10028800368309020996 0.11104799807071685791 0.11617600172758102417 0.12795199453830718994 0.12275599688291549683 0.10607999563217163086 0.10617599636316299438 0.098619997501373291016 0.10064399987459182739 0.094995997846126556396 0.11091599613428115845 0.10230399668216705322 0.11217600107192993164 0.094167999923229217529 0.097156003117561340332 0.099403999745845794678 0.10105600208044052124 0.10035599768161773682 0.10208000242710113525 0.096263997256755828857 0.093759998679161071777 0.08780399709939956665 0.092079997062683105469 0.10070800036191940308 0.12163999676704406738 0.10775999724864959717 0.10401999950408935547 0.11342400312423706055 0.11710800230503082275 0.11095999926328659058 0.12844799458980560303 0.13527999818325042725 0.1158320009708404541
0.10769599676132202148 0.12037599831819534302 0.11181200295686721802 0.10161200165748596191 0.10163199901580810547 0.10174399614334106445 0.10260800272226333618 0.11371599882841110229 0.11545599997043609619 0.11137200146913528442 0.11786399781703948975 0.10602399706840515137 0.11044000089168548584 0.10225600004196166992 0.090368002653121948242 0.093160003423690795898 0.093999996781349182129 0.10043200105428695679 0.095859996974468231201 0.098099999129772186279 0.10773599892854690552 0.11971599608659744263 0.099876001477241516113 0.094687998294830322266 0.098924003541469573975 0.10461200028657913208 0.1025400012731552124 0.10387600213289260864 0.10197199881076812744 0.10394400358200073242 0.11339999735355377197 0.091155998408794403076 0.09831599891185760498 0.10817199945449829102 0.10035199671983718872 0.090176001191139221191 0.10452800244092941284 0.10504800081253051758 0.11014399677515029907 0.11204399913549423218 0.11804400384426116943 0.11001600325107574463
0.096599996089935302734 0.11893200129270553589 0.11585199832916259766 0.10229200124740600586 0.10267599672079086304 0.091775998473167419434 0.10802400112152099609 0.11695600301027297974 0.10716000199317932129 0.10099999606609344482 0.10611999779939651489 0.10610400140285491943 0.090311996638774871826 0.087651997804641723633 0.092568002641201019287 0.088596001267433166504 0.090116001665592193604 0.095908001065254211426 0.093928001821041107178 0.10109599679708480835 0.098612003028392791748 0.11222399771213531494 0.11263199895620346069 0.094668000936508178711 0.098012000322341918945 0.11308400332927703857 0.11101999878883361816 0.11208800226449966431 0.1053600013256072998 0.10712800174951553345 0.10719200223684310913 0.085827998816967010498 0.087600000202655792236 0.099639996886253356934 0.087972000241279602051 0.089868001639842987061 0.090135999023914337158 0.10477200150489807129 0.11487200111150741577 0.11478000134229660034 0.11473199725151062012 0.10264000296592712402
0.10293599963188171387 0.13327600061893463135 0.11476000398397445679 0.09945999830961227417 0.096680000424385070801 0.097364000976085662842 0.1090520024299621582 0.1097560003399848938 0.10049200057983398438 0.098059996962547302246 0.094668000936508178711 0.097340002655982971191 0.094328001141548156738 0.091356001794338226318 0.091651998460292816162 0.092767998576164245605 0.090484000742435455322 0.091747999191284179688 0.098820000886917114258 0.1084479987621307373 0.1106679961085319519 0.11659199744462966919 0.11032400280237197876 0.10042800009250640869 0.1047160029411315918 0.11634799838066101074 0.11737199872732162476 0.1108440011739730835 0.11224000155925750732 0.10960800200700759888 0.094912000000476837158 0.093635998666286468506 0.092660002410411834717 0.08780399709939956665 0.084912002086639404297 0.088399998843669891357 0.091055996716022491455 0.094379998743534088135 0.10689199715852737427 0.10298400372266769409 0.11650399863719940186 0.10469599813222885132
0.11211600154638290405 0.11877200007438659668 0.102108001708984375 0.10016399621963500977 0.099968001246452331543 0.098907999694347381592 0.096211999654769897461 0.097212001681327819824 0.094407998025417327881 0.095596000552177429199 0.090184003114700317383 0.09616400301456451416 0.096731998026371002197 0.096932001411914825439 0.093727998435497283936 0.097063995897769927979 0.095715999603271484375 0.095760002732276916504 0.097443997859954833984 0.11132799834012985229 0.11882799863815307617 0.10999999940395355225 0.10021600127220153809 0.105368003249168396 0.11698400229215621948 0.11118800193071365356 0.11552400141954421997 0.1090999990701675415 0.11028800159692764282 0.11578399688005447388 0.11253199726343154907 0.11799199879169464111 0.1031920015811920166 0.10350800305604934692 0.089135996997356414795 0.089359998703002929688 0.090819999575614929199 0.091655999422073364258 0.10504399985074996948 0.1036799997091293335 0.10567600280046463013 0.11927200108766555786
0.096763998270034790039 0.095251999795436859131 0.096727997064590454102 0.094807997345924377441 0.10345199704170227051 0.10203199833631515503 0.091707997024059295654 0.095012001693248748779 0.09381599724292755127 0.093351997435092926025 0.097075998783111572266 0.10003600269556045532 0.10348399728536605835 0.1045439988374710083 0.095455996692180633545 0.097556002438068389893 0.10051999986171722412 0.10207200050354003906 0.096528001129627227783 0.11010800302028656006 0.11208800226449966431 0.091407999396324157715 0.089040003716945648193 0.09995199739933013916 0.11377199739217758179 0.11183600127696990967 0.11054799705743789673 0.10899599641561508179 0.1204919964075088501 0.10208000242710113525 0.10083600133657455444 0.10540799796581268311 0.10778000205755233765 0.11092399805784225464 0.098768003284931182861 0.10008399933576583862 0.095692001283168792725 0.089111998677253723145 0.10064800083637237549 0.10342399775981903076 0.096712000668048858643 0.10238800197839736938
0.097315996885299682617 0.094563998281955718994 0.096851997077465057373 0.10321199893951416016 0.10445600003004074097 0.094499997794628143311 0.088299997150897979736 0.096079997718334197998 0.094931997358798980713 0.08918400108814239502 0.097280003130435943604 0.099335998296737670898 0.099076002836227416992 0.093924000859260559082 0.10898400098085403442 0.10338000208139419556 0.1062839999794960022 0.1259679943323135376 0.10632400214672088623 0.096359997987747192383 0.094708003103733062744 0.089263997972011566162 0.09279200434684753418 0.10677199810743331909 0.11108399927616119385 0.1114920005202293396 0.11271199584007263184 0.11247999966144561768 0.1097519993782043457 0.094783999025821685791 0.09323199838399887085 0.09808400273323059082 0.10576800256967544556 0.10564000159502029419 0.092551998794078826904 0.10405600070953369141 0.11352399736642837524 0.11766000092029571533 0.1073679998517036438 0.097608000040054321289 0.09753999859094619751 0.094411998987197875977
0.098828002810478210449 0.093736000359058380127 0.098503999412059783936 0.098600000143051147461 0.088619999587535858154 0.090268000960350036621 0.093419998884201049805 0.098927997052669525146 0.09257999807596206665 0.093332000076770782471 0.10539200156927108765 0.098379999399185180664 0.092727996408939361572 0.092692002654075622559 0.10394000262022018433 0.1147520020604133606 0.12204400449991226196 0.12192799896001815796 0.11321599781513214111 0.10113999992609024048 0.11131200194358825684 0.09039999544620513916 0.093323998153209686279 0.10355599969625473022 0.10862799733877182007 0.11620800197124481201 0.11612000316381454468 0.11337999999523162842 0.10854399949312210083 0.095700003206729888916 0.098999999463558197021 0.10378800332546234131 0.10510399937629699707 0.093428000807762145996 0.088352002203464508057 0.089859999716281890869 0.10294400155544281006 0.11160000413656234741 0.11400800198316574097 0.1011880040168762207 0.096380002796649932861 0.10307200253009796143
0.09092000126838684082 0.091087996959686279297 0.094308003783226013184 0.091204002499580383301 0.086216002702713012695 0.089763998985290527344 0.093415997922420501709 0.094580002129077911377 0.1047160029411315918 0.096703998744487762451 0.099500000476837158203 0.10403200238943099976 0.096983999013900756836 0.10740000009536743164 0.11899600178003311157 0.11717600375413894653 0.12751600146293640137 0.12696799635887145996 0.11915600299835205078 0.11926399916410446167 0.12704400718212127686 0.09182799607515335083 0.10785599797964096069 0.11295200139284133911 0.12044800072908401489 0.12488400191068649292 0.10539200156927108765 0.094396002590656280518 0.089248001575469970703 0.099991999566555023193 0.1064520031213760376 0.10826800018548965454 0.097640000283718109131 0.086791999638080596924 0.088671997189521789551 0.08890800178050994873 0.097899995744228363037 0.10248400270938873291 0.10325600206851959229 0.10023599863052368164 0.10163199901580810547 0.099316000938415527344
0.089819997549057006836 0.086888000369071960449 0.08923199772834777832 0.094056002795696258545 0.09232400357723236084 0.090024001896381378174 0.094088003039360046387 0.10075200349092483521 0.10437600314617156982 0.10219199955463409424 0.10221999883651733398 0.10510399937629699707 0.094392001628875732422 0.09934400022029876709 0.11515999585390090942 0.10496400296688079834 0.11167600005865097046 0.11298800259828567505 0.11745999753475189209 0.12014000117778778076 0.111924000084400177 0.09985999763011932373 0.11210399866104125977 0.11707200109958648682 0.12967999279499053955 0.12768800556659698486 0.11855600029230117798 0.091739997267723083496 0.094223998486995697021 0.098411999642848968506 0.10005600005388259888 0.090623997151851654053 0.0975000038743019104 0.10876800119876861572 0.0988520011305809021 0.099463999271392822266 0.11270800232887268066 0.12194800376892089844 0.099919997155666351318 0.10859199613332748413 -9999 -9999
0.088795997202396392822 0.090648002922534942627 0.088408000767230987549 0.096951998770236968994 0.094548001885414123535 0.090928003191947937012 0.099867999553680419922 0.11493200063705444336 0.10938400030136108398 0.10173600167036056519 0.10357999801635742188 0.10424800217151641846 0.099260002374649047852 0.11066800355911254883 0.10528799891471862793 0.10443600267171859741 0.10114800184965133667 0.10734400153160095215 0.1194079965353012085 0.12694799900054931641 0.12437999993562698364 0.11406400054693222046 0.10577999800443649292 0.13770000636577606201 0.12205599993467330933 0.11470399796962738037 0.10958000272512435913 0.095200002193450927734 0.096539996564388275146 0.099147997796535491943 0.10282000154256820679 0.11297199875116348267 0.1245160028338432312 0.10957600176334381104 0.10016799718141555786 0.098127998411655426025 0.10325200110673904419 0.11967200040817260742 0.11278399825096130371 0.10848399996757507324 -9999 -9999
0.091799996793270111084 0.091611996293067932129 0.087200000882148742676 0.096432000398635864258 0.10108000040054321289 0.096744000911712646484 0.1058439984917640686 0.11459600180387496948 0.11534400284290313721 0.10152799636125564575 0.10572399944067001343 0.10515999794006347656 0.09887599945068359375 0.10277999937534332275 0.093391999602317810059 0.097272001206874847412 0.10125999897718429565 0.11039599776268005371 0.12019199877977371216 0.1142640039324760437 0.12449199706315994263 0.10654400289058685303 0.11041600257158279419 0.1128399968147277832 0.11304400116205215454 0.095923997461795806885 0.10231199860572814941 0.099651999771595001221 -9999 0.096008002758026123047 0.11163599789142608643 0.10620799660682678223 0.09313999861478805542 0.090411998331546783447 0.092628002166748046875 0.091760002076625823975 0.089776001870632171631 0.092564001679420471191 0.091367997229099273682 -9999 -9999 -9999
0.11095599830150604248 0.11125599592924118042 0.09334799647331237793 0.098747998476028442383 0.10133200138807296753 0.10844399780035018921 0.10342399775981903076 0.10776399821043014526 0.10464800149202346802 0.10862799733877182007 0.10778000205755233765 0.11451199650764465332 0.12771999835968017578 0.11592400074005126953 0.090372003614902496338 0.096143998205661773682 0.10283199697732925415 0.10199999809265136719 0.10658399760723114014 0.12532000243663787842 0.12824399769306182861 0.13530799746513366699 0.12712800502777099609 0.10093999654054641724 0.095356002449989318848 0.088872000575065612793 0.089947998523712158203 0.097772002220153808594 -9999 -9999 -9999 -9999 -9999 -9999 -9999 -9999 0.089316003024578094482 0.089064002037048339844 0.087031997740268707275 -9999 -9999 -9999
