INPUT/RASTER/ASCII/green2021.asc
ncols        225
nrows        269
xllcorner    473009.983799999987
yllcorner    4429051.174800000153
cellsize     50.000000000000
NODATA_value -9999
[rows 144 to 161 of 269, columns 120 to 159 of 225]
0.10423135757446289063 0.10762616991996765137 0.11599798500537872314 0.12320636957883834839 0.1141015961766242981 0.13013245165348052979 0.15876717865467071533 0.1583919525146484375 0.15187105536460876465 0.1557308584451675415 0.15274299681186676025 0.14413376152515411377 0.13905921578407287598 0.1372216641902923584 0.14940570294857025146 0.15322349965572357178 0.14910967648029327393 0.13306327164173126221 0.10675053298473358154 0.10161335021257400513 0.10023362189531326294 0.099642708897590637207 0.10317706316709518433 0.10128296166658401489 0.10406608879566192627 0.1058671995997428894 0.12068423628807067871 0.13192397356033325195 0.13348788022994995117 0.12796816229820251465 0.12941026687622070313 0.1326923668384552002 0.12911595404148101807 0.13021612167358398438 0.12293216586112976074 0.11801064759492874146 0.11801602691411972046 0.10909175872802734375 0.11298331618309020996 0.0956784859299659729
0.10315576940774917603 0.11763848364353179932 0.12528502941131591797 0.12722897529602050781 0.12138245999813079834 0.13145545125007629395 0.15779037773609161377 0.1575091630220413208 0.1554867178201675415 0.15041688084602355957 0.14427426457405090332 0.14176346361637115479 0.13702292740345001221 0.13989908993244171143 0.15213757753372192383 0.15490593016147613525 0.15389044582843780518 0.13769936561584472656 0.10906358808279037476 0.10200642049312591553 0.10066316276788711548 0.10227944701910018921 0.10923081636428833008 0.11182685196399688721 0.11129144579172134399 0.10928058624267578125 0.11765918135643005371 0.12114938348531723022 0.11952196806669235229 0.12005753070116043091 0.12073783576488494873 0.12430749833583831787 0.12546975910663604736 0.12073406577110290527 0.12020256370306015015 0.12985183298587799072 0.13904802501201629639 0.11117406189441680908 0.11598142236471176147 0.097624436020851135254
0.10319694876670837402 0.11107630282640457153 0.11844800412654876709 0.1250200122594833374 0.12880127131938934326 0.13770858943462371826 0.15071946382522583008 0.15466390550136566162 0.15269498527050018311 0.1490462571382522583 0.14412578940391540527 0.14085064828395843506 0.13597427308559417725 0.14150705933570861816 0.14691840112209320068 0.15061160922050476074 0.14918491244316101074 0.12948934733867645264 0.10505108535289764404 0.1026410907506942749 0.10096143931150436401 0.10364352166652679443 0.11466436088085174561 0.11935081332921981812 0.11567980051040649414 0.11462458968162536621 0.11741807311773300171 0.11601287871599197388 0.11229433119297027588 0.11289112269878387451 0.12019009143114089966 0.12230687588453292847 0.12816362082958221436 0.12061776220798492432 0.12140046060085296631 0.14006721973419189453 0.14290067553520202637 0.12211523950099945068 0.11370377987623214722 0.10296539217233657837
0.10266520828008651733 0.10340239852666854858 0.10342890024185180664 0.10908707976341247559 0.12622171640396118164 0.13936315476894378662 0.14185008406639099121 0.14778451621532440186 0.15255749225616455078 0.14940720796585083008 0.14407081902027130127 0.13862156867980957031 0.13072997331619262695 0.13871568441390991211 0.14281076192855834961 0.14249053597450256348 0.12977442145347595215 0.12130840122699737549 0.10367528349161148071 0.10228921473026275635 0.10210812836885452271 0.10406006127595901489 0.1191889643669128418 0.12126643955707550049 0.11358204483985900879 0.11362514644861221313 0.11369751393795013428 0.11121322214603424072 0.10957025736570358276 0.11658766120672225952 0.12728127837181091309 0.12004316598176956177 0.12488862872123718262 0.12634964287281036377 0.13733600080013275146 0.14345094561576843262 0.1363909989595413208 0.1200014948844909668 0.10816217958927154541 0.099878929555416107178
0.10392011702060699463 0.10313567519187927246 0.10370875895023345947 0.11129581183195114136 0.12126021087169647217 0.13595351576805114746 0.13899500668048858643 0.13952837884426116943 0.13579566776752471924 0.1365948021411895752 0.13473919034004211426 0.13204295933246612549 0.1243821755051612854 0.12545503675937652588 0.14489917457103729248 0.12901099026203155518 0.10340411961078643799 0.10365785658359527588 0.1025051996111869812 0.10233072191476821899 0.10563636571168899536 0.10648658126592636108 0.11954757571220397949 0.1195548325777053833 0.1083571016788482666 0.11259929090738296509 0.11261962354183197021 0.10956993699073791504 0.11059559881687164307 0.12464297562837600708 0.12823508679866790771 0.12474069744348526001 0.11899520456790924072 0.12032128125429153442 0.13327583670616149902 0.1384436190128326416 0.13649229705333709717 0.12081509828567504883 0.10234008729457855225 0.10239847749471664429
0.10854019969701766968 0.10954160243272781372 0.1068363189697265625 0.10139025002717971802 0.10167983919382095337 0.1075975075364112854 0.12257931381464004517 0.13512495160102844238 0.127797737717628479 0.12985436618328094482 0.13160015642642974854 0.12569501996040344238 0.1283581852912902832 0.13170990347862243652 0.13330671191215515137 0.11503205448389053345 0.10659222304821014404 0.10598970949649810791 0.10375268012285232544 0.10454409569501876831 0.10970635712146759033 0.11268644779920578003 0.11995469033718109131 0.11678198724985122681 0.12201151251792907715 0.1232991442084312439 0.11502643674612045288 0.11046945303678512573 0.10915620625019073486 0.10766606777906417847 0.11165899783372879028 0.10522951185703277588 0.10426686704158782959 0.10969159752130508423 0.12205655872821807861 0.13558110594749450684 0.13485671579837799072 0.13065902888774871826 0.11630252748727798462 0.10881502926349639893
0.12546440958976745605 0.11903480440378189087 0.10474878549575805664 0.10294269770383834839 0.097536206245422363281 0.095225505530834197998 0.11418043076992034912 0.13024252653121948242 0.12541507184505462646 0.12115550786256790161 0.12335009872913360596 0.11980842798948287964 0.12131371349096298218 0.12686824798583984375 0.1274712681770324707 0.11362527310848236084 0.11387512087821960449 0.11527042090892791748 0.11095795780420303345 0.10772108286619186401 0.11007451266050338745 0.10987385362386703491 0.11927580088376998901 0.1092574000358581543 0.11275330185890197754 0.11860139667987823486 0.10947518050670623779 0.10564846545457839966 0.10422073304653167725 0.10444014519453048706 0.1011859402060508728 0.099581375718116760254 0.1021779477596282959 0.10155501216650009155 0.10994982719421386719 0.13732904195785522461 0.14356109499931335449 0.12868566811084747314 0.13135774433612823486 0.11276090145111083984
0.12513120472431182861 0.124143257737159729 0.1129372715950012207 0.10997914522886276245 0.10139142721891403198 0.10360470414161682129 0.11864307522773742676 0.13375110924243927002 0.12714935839176177979 0.12159893661737442017 0.11528967320919036865 0.11729773879051208496 0.11780726164579391479 0.12274949252605438232 0.1167286112904548645 0.12012279033660888672 0.11549776047468185425 0.11063069850206375122 0.11130563914775848389 0.10850437730550765991 0.10799733549356460571 0.11098682135343551636 0.10700982064008712769 0.10163930058479309082 0.10161171108484268188 0.10394238680601119995 0.10285994410514831543 0.098436065018177032471 0.095379449427127838135 0.10027661919593811035 0.10044412314891815186 0.10069967806339263916 0.10219078510999679565 0.10183057188987731934 0.10785013437271118164 0.12862643599510192871 0.14170625805854797363 0.1236516609787940979 0.12841627001762390137 0.1082058250904083252
0.10872552543878555298 0.10852313786745071411 0.11210867762565612793 0.11678133904933929443 0.1131014898419380188 0.13006311655044555664 0.14465162158012390137 0.14427745342254638672 0.13038088381290435791 0.12367181479930877686 0.11582984030246734619 0.11540552973747253418 0.1111863255500793457 0.1086322292685508728 0.11334886401891708374 0.12020072340965270996 0.10903957486152648926 0.11048418283462524414 0.11073303967714309692 0.10864285379648208618 0.11633627116680145264 0.11749370396137237549 0.10564912855625152588 0.10171773284673690796 0.095782957971096038818 0.095706455409526824951 0.092523708939552307129 0.089361466467380523682 0.085157558321952819824 0.087991274893283843994 0.094785325229167938232 0.098792009055614471436 0.10202643275260925293 0.10319414734840393066 0.1096271127462387085 0.11399049311876296997 0.1172587275505065918 0.11446150392293930054 0.11328136175870895386 0.098409719765186309814
0.11427168548107147217 0.11205864697694778442 0.11574262380599975586 0.13155987858772277832 0.12193708866834640503 0.12585237622261047363 0.13060176372528076172 0.13073204457759857178 0.12752000987529754639 0.12504883110523223877 0.11060151457786560059 0.11072324216365814209 0.10843181610107421875 0.10717087984085083008 0.11545074731111526489 0.11472743004560470581 0.10830540955066680908 0.11281146109104156494 0.11084569990634918213 0.11216489970684051514 0.12489183992147445679 0.11864256858825683594 0.10970032960176467896 0.10428784042596817017 0.098935998976230621338 0.10087639093399047852 0.09792553633451461792 0.097375780344009399414 0.088230416178703308105 0.083956204354763031006 0.085722252726554870605 0.090045064687728881836 0.096389703452587127686 0.10292126238346099854 0.10342133045196533203 0.10331371426582336426 0.10630112886428833008 0.11731060594320297241 0.10851896554231643677 0.094375252723693847656
0.12836253643035888672 0.12823075056076049805 0.12797717750072479248 0.13380959630012512207 0.13876378536224365234 0.13307191431522369385 0.14013245701789855957 0.14467187225818634033 0.13788405060768127441 0.13061453402042388916 0.11013846099376678467 0.11737447232007980347 0.11505329608917236328 0.11640601605176925659 0.11065211892127990723 0.11186970025300979614 0.10756582021713256836 0.10801835358142852783 0.11003861576318740845 0.11700166016817092896 0.12352290749549865723 0.11705071479082107544 0.11155739426612854004 0.10630714148283004761 0.10357607901096343994 0.10308577865362167358 0.10222884267568588257 0.10122210532426834106 0.090093627572059631348 0.090431556105613708496 0.086739942431449890137 0.089083448052406311035 0.090890221297740936279 0.098369039595127105713 0.10290405899286270142 0.10122304409742355347 0.10565698891878128052 0.1144389808177947998 0.094627268612384796143 0.08889630436897277832
0.13619987666606903076 0.13022193312644958496 0.12173695862293243408 0.13762775063514709473 0.14460480213165283203 0.13830079138278961182 0.1547603607177734375 0.15577481687068939209 0.15013925731182098389 0.12316269427537918091 0.11013907194137573242 0.10551346838474273682 0.11405987292528152466 0.116008758544921875 0.10959053784608840942 0.10762579739093780518 0.10498248785734176636 0.1003284454345703125 0.10392609983682632446 0.11001104861497879028 0.10981933027505874634 0.11908720433712005615 0.10990643501281738281 0.10468199104070663452 0.096242435276508331299 0.093421705067157745361 0.10346554219722747803 0.10256601125001907349 0.092758439481258392334 0.097730264067649841309 0.091609179973602294922 0.091770306229591369629 0.090824522078037261963 0.095349572598934173584 0.10261059552431106567 0.10784535855054855347 0.10887935757637023926 0.1107063591480255127 0.097598709166049957275 0.092932112514972686768
0.14821462333202362061 0.14863240718841552734 0.13754354417324066162 0.14357288181781768799 0.13993401825428009033 0.12468117475509643555 0.14773002266883850098 0.15632286667823791504 0.14753440022468566895 0.12392210960388183594 0.11314389854669570923 0.10524144768714904785 0.1090733259916305542 0.10818806290626525879 0.10513754189014434814 0.10592610388994216919 0.1039668545126914978 0.09710397571325302124 0.09616219252347946167 0.10096832364797592163 0.10957481712102890015 0.11640346795320510864 0.10511718690395355225 0.096060954034328460693 0.093350030481815338135 0.093096315860748291016 0.10013905912637710571 0.10194389522075653076 0.095591537654399871826 0.10013300180435180664 0.093391880393028259277 0.096587695181369781494 0.10424445569515228271 0.1068251878023147583 0.10878682881593704224 0.11012969911098480225 0.11651121079921722412 0.11324509233236312866 0.10392071306705474854 0.092985413968563079834
0.15401995182037353516 0.1472695469856262207 0.13354243338108062744 0.12494283914566040039 0.11529759317636489868 0.10804590582847595215 0.11482738703489303589 0.13525839149951934814 0.1487362980842590332 0.11577121913433074951 0.10326275229454040527 0.10307923704385757446 0.10062129050493240356 0.09968652576208114624 0.098138146102428436279 0.10077662765979766846 0.10161889344453811646 0.098995760083198547363 0.098742999136447906494 0.099526584148406982422 0.10458973050117492676 0.11873230338096618652 0.10407742857933044434 0.096458472311496734619 0.093803800642490386963 0.096368066966533660889 0.10497888177633285522 0.10298968106508255005 0.09472475200891494751 0.096303284168243408203 0.092684544622898101807 0.09756384044885635376 0.10793013870716094971 0.11108072847127914429 0.10472943633794784546 0.098774001002311706543 0.10556538403034210205 0.10847734659910202026 0.10060149431228637695 0.092303320765495300293
0.13438330590724945068 0.13999168574810028076 0.12229789048433303833 0.11380710452795028687 0.1072511821985244751 0.10597575455904006958 0.10558044910430908203 0.11499081552028656006 0.1304842829704284668 0.10807419568300247192 0.098855510354042053223 0.096696712076663970947 0.098269253969192504883 0.095247752964496612549 0.093131214380264282227 0.096988163888454437256 0.099792666733264923096 0.10133065283298492432 0.10045578330755233765 0.10011998564004898071 0.10865248739719390869 0.11412931233644485474 0.11038848757743835449 0.10496019572019577026 0.10443158447742462158 0.1059302985668182373 0.11137016117572784424 0.110331706702709198 0.094239987432956695557 0.092643797397613525391 0.092953346669673919678 0.096287503838539123535 0.10327698290348052979 0.10238640755414962769 0.096756607294082641602 0.098302267491817474365 0.099787160754203796387 0.10066314041614532471 0.096823818981647491455 0.090956263244152069092
0.116668701171875 0.11859077960252761841 0.10919599235057830811 0.10554958134889602661 0.10429924726486206055 0.10583472996950149536 0.10720758140087127686 0.10609295964241027832 0.10334087163209915161 0.10371903330087661743 0.10042501240968704224 0.098348818719387054443 0.094838075339794158936 0.090503528714179992676 0.087087638676166534424 0.10247309505939483643 0.11237287521362304688 0.10447320342063903809 0.10378015041351318359 0.10575479269027709961 0.11367722600698471069 0.11698225885629653931 0.11722218990325927734 0.11229060590267181396 0.10615119338035583496 0.10596195608377456665 0.11155404150485992432 0.10715804994106292725 0.094448961317539215088 0.091824308037757873535 0.090656057000160217285 0.094951838254928588867 0.096812658011913299561 0.091613650321960449219 0.093273989856243133545 0.098673030734062194824 0.10136014223098754883 0.0997867584228515625 0.097965732216835021973 0.093929998576641082764
0.10639878362417221069 0.10534789413213729858 0.10536234080791473389 0.10721828043460845947 0.10638772696256637573 0.10860243439674377441 0.10743244737386703491 0.1050899997353553772 0.10418357700109481812 0.10538964718580245972 0.10287038981914520264 0.098537862300872802734 0.09254681318998336792 0.092721551656723022461 0.091673530638217926025 0.099786721169948577881 0.11385447531938552856 0.10784740746021270752 0.10392405092716217041 0.10941506922245025635 0.11174070090055465698 0.11199719458818435669 0.1092500835657119751 0.10218114405870437622 0.094131045043468475342 0.094559021294116973877 0.10197043418884277344 0.10736265778541564941 0.094783768057823181152 0.092692710459232330322 0.088389329612255096436 0.090873710811138153076 0.092020437121391296387 0.088959313929080963135 0.096327118575572967529 0.098512500524520874023 0.099125988781452178955 0.096181184053421020508 0.0973817482590675354 0.1006715819239616394
0.10399722307920455933 0.10681579262018203735 0.10517643392086029053 0.10717699676752090454 0.10736835747957229614 0.10766283422708511353 0.10529237985610961914 0.10279147326946258545 0.10147295892238616943 0.10239440202713012695 0.10208588838577270508 0.098493993282318115234 0.098079979419708251953 0.10233888030052185059 0.10488472878932952881 0.10744187235832214355 0.11524178832769393921 0.11194508522748947144 0.10924910008907318115 0.11166752129793167114 0.10511291027069091797 0.099964454770088195801 0.097100131213665008545 0.090642012655735015869 0.084660954773426055908 0.086246579885482788086 0.096815086901187896729 0.10558497905731201172 0.098627939820289611816 0.093619607388973236084 0.088350772857666015625 0.092077784240245819092 0.092056900262832641602 0.08983882516622543335 0.098083622753620147705 0.09678916633129119873 0.097491994500160217285 0.096658781170845031738 0.09584833681583404541 0.11001700162887573242
