INPUT/RASTER/ASCII/green.asc
ncols        225
nrows        269
xllcorner    473000.000000000000
yllcorner    4429100.000000000000
cellsize     50.000000000000
NODATA_value -9999
[rows 57 to 75 of 269, columns 42 to 83 of 225]
0.10754399746656417847 0.10861600190401077271 0.10201200097799301147 0.10383199900388717651 0.099151998758316040039 0.096823997795581817627 0.094623997807502746582 0.093248002231121063232 0.093975998461246490479 0.099412001669406890869 0.10099200159311294556 0.10385599732398986816 0.10215199738740921021 0.098768003284931182861 0.09995199739933013916 0.089252002537250518799 0.092175997793674468994 0.10658799856901168823 0.10383599996566772461 0.096615999937057495117 0.096147999167442321777 0.093680001795291900635 0.0966320037841796875 0.10035599768161773682 0.095284000039100646973 0.10879199951887130737 0.11065199971199035645 0.11128000169992446899 0.11462400108575820923 0.092196002602577209473 0.11207199841737747192 0.12188000231981277466 0.10565199702978134155 0.11111599951982498169 0.094916000962257385254 0.090687997639179229736 0.090116001665592193604 0.086007997393608093262 0.082851998507976531982 0.082344003021717071533 0.08221200108528137207 0.087116003036499023438
0.10402400046586990356 0.099684000015258789062 0.096335999667644500732 0.097663998603820800781 0.10265199840068817139 0.099151998758316040039 0.091232001781463623047 0.11063200235366821289 0.10018800199031829834 0.097411997616291046143 0.092756003141403198242 0.10680399835109710693 0.10574399679899215698 0.09639599919319152832 0.087916001677513122559 0.094084002077579498291 0.10510399937629699707 0.099820002913475036621 0.097503997385501861572 0.10044400393962860107 0.097127996385097503662 0.090772002935409545898 0.095144003629684448242 0.10574399679899215698 0.096355997025966644287 0.11161600053310394287 0.11326000094413757324 0.10052800178527832031 0.086804002523422241211 0.089911997318267822266 0.095747999846935272217 0.099564000964164733887 0.10816399753093719482 0.11358799785375595093 0.10636799782514572144 0.11434800177812576294 0.089180000126361846924 0.087260000407695770264 0.083779998123645782471 0.086439996957778930664 0.083435997366905212402 0.086695998907089233398
0.1093199998140335083 0.10707599669694900513 0.10312400013208389282 0.10184399783611297607 0.10014799982309341431 0.10262399911880493164 0.11380799859762191772 0.11964400112628936768 0.1023280024528503418 0.096703998744487762451 0.091927997767925262451 0.090392000973224639893 0.097648002207279205322 0.10215199738740921021 0.10508400201797485352 0.10404399782419204712 0.10937999933958053589 0.10533999651670455933 0.099791996181011199951 0.10048799961805343628 0.097368001937866210938 0.10322400182485580444 0.10576800256967544556 0.10760799795389175415 0.099727995693683624268 0.10022799670696258545 0.098815999925136566162 0.10110399872064590454 0.089104004204273223877 0.091984003782272338867 0.096092000603675842285 0.092427998781204223633 0.10305199772119522095 0.087604001164436340332 0.089096002280712127686 0.10096000134944915771 0.090824000537395477295 0.089891999959945678711 0.086024001240730285645 0.082195997238159179688 0.086883999407291412354 0.082364000380039215088
0.0995519980788230896 0.099399998784065246582 0.11173199862241744995 0.11215599626302719116 0.10425200313329696655 0.1108400002121925354 0.11378800123929977417 0.13169999420642852783 0.097415998578071594238 0.10609199851751327515 0.11224400252103805542 0.096808001399040222168 0.10106000304222106934 0.098691999912261962891 0.095707997679710388184 0.10498800128698348999 0.11255600303411483765 0.10889999568462371826 0.10294800251722335815 0.09791599959135055542 0.10278400033712387085 0.10841999948024749756 0.10201200097799301147 0.1045439988374710083 0.11070399731397628784 0.10209599882364273071 0.102108001708984375 0.10174399614334106445 0.10441199690103530884 0.099932000041007995605 0.10079199820756912231 0.0892999991774559021 0.087232001125812530518 0.086159996688365936279 0.086280003190040588379 0.090676002204418182373 0.10230399668216705322 0.1010719984769821167 0.0886479988694190979 0.082684002816677093506 0.088619999587535858154 0.083407998085021972656
0.10745199769735336304 0.097623996436595916748 0.10523600131273269653 0.11585199832916259766 0.12123600393533706665 0.099143996834754943848 0.10009200125932693481 0.10425999760627746582 0.099215999245643615723 0.0982000008225440979 0.11424399912357330322 0.098807998001575469971 0.099147997796535491943 0.09684000164270401001 0.10108400136232376099 0.10029999911785125732 0.10441199690103530884 0.10415600240230560303 0.10528799891471862793 0.10204000025987625122 0.10295599699020385742 0.097640000283718109131 0.10060799866914749146 0.10373199731111526489 0.10550799965858459473 0.10269600152969360352 0.11055599898099899292 0.10174000263214111328 0.096900001168251037598 0.094835996627807617188 0.10798799991607666016 0.092168003320693969727 0.089316003024578094482 0.092263996601104736328 0.09229599684476852417 0.087268002331256866455 0.093304000794887542725 0.11018399894237518311 0.092660002410411834717 0.084472000598907470703 0.084515996277332305908 0.087304003536701202393
0.10492400079965591431 0.10209199786186218262 0.10262800008058547974 0.11558800190687179565 0.12388800084590911865 0.10003200173377990723 0.10236799716949462891 0.10490400344133377075 0.10140799731016159058 0.096427999436855316162 0.10330799967050552368 0.091935999691486358643 0.095031999051570892334 0.094820000231266021729 0.10153999924659729004 0.097575999796390533447 0.099643997848033905029 0.10986000299453735352 0.11464399844408035278 0.10649199783802032471 0.10679599642753601074 0.10914000123739242554 0.10707599669694900513 0.11156799644231796265 0.09957599639892578125 0.098027996718883514404 0.096207998692989349365 0.09878399968147277832 0.099540002644062042236 0.088048003613948822021 0.10031600296497344971 0.10685200244188308716 0.098400004208087921143 0.10165199637413024902 0.09904400259256362915 0.10288000106811523438 0.094460003077983856201 0.11425200104713439941 0.11218400299549102783 0.086180001497268676758 0.085008002817630767822 0.092224001884460449219
0.10227599740028381348 0.10292799770832061768 0.10173200070858001709 0.10249999910593032837 0.099887996912002563477 0.10292799770832061768 0.10050400346517562866 0.10574399679899215698 0.099876001477241516113 0.093964003026485443115 0.095203995704650878906 0.090992003679275512695 0.11145199835300445557 0.10462400317192077637 0.09904400259256362915 0.10187999904155731201 0.096915997564792633057 0.094704002141952514648 0.10875199735164642334 0.116319999098777771 0.12036799639463424683 0.11581200361251831055 0.11433599889278411865 0.11064799875020980835 0.10290800034999847412 0.099959999322891235352 0.099487997591495513916 0.096776001155376434326 0.10921599715948104858 0.1031960025429725647 0.096447996795177459717 0.10361599922180175781 0.10181599855422973633 0.11424800008535385132 0.13882400095462799072 0.10168400406837463379 0.10670399665832519531 0.12927199900150299072 0.13392800092697143555 0.10144399851560592651 0.093032002449035644531 0.088615998625755310059
0.10674399882555007935 0.098399996757507324219 0.097039997577667236328 0.095476001501083374023 0.10438399761915206909 0.12583200633525848389 0.10618799924850463867 0.10567600280046463013 0.094824001193046569824 0.099760003387928009033 0.088784001767635345459 0.10286399722099304199 0.10265199840068817139 0.10838399827480316162 0.10527600347995758057 0.10221599787473678589 0.10220400243997573853 0.098880000412464141846 0.10525199770927429199 0.10909599810838699341 0.11929599940776824951 0.11375200003385543823 0.12823599576950073242 0.10715600103139877319 0.097943998873233795166 0.095820002257823944092 0.11194799840450286865 0.11287999898195266724 0.10466799885034561157 0.10761599987745285034 0.099147997796535491943 0.10707999765872955322 0.10040400177240371704 0.12272799760103225708 0.15265199542045593262 0.11788000166416168213 0.10130000114440917969 0.12458400428295135498 0.11063200235366821289 0.096812002360820770264 0.10094799846410751343 0.096524000167846679688
0.10891599953174591064 0.10245599597692489624 0.096739999949932098389 0.094063997268676757812 0.098916001617908477783 0.11168400198221206665 0.11399199813604354858 0.10071200132369995117 0.095559999346733093262 0.093483999371528625488 0.090112000703811645508 0.10192000120878219604 0.10076399892568588257 0.096295997500419616699 0.11023200303316116333 0.10157600045204162598 0.10412799566984176636 0.11054400354623794556 0.10322400182485580444 0.10067199915647506714 0.11429599672555923462 0.11826000362634658813 0.1160959973931312561 0.10157600045204162598 0.10032399743795394897 0.094963997602462768555 0.098863996565341949463 0.10323200374841690063 0.10822799801826477051 0.10702800005674362183 0.10491199791431427002 0.10289999842643737793 0.1012919992208480835 0.11228399723768234253 0.15641200542449951172 0.12997600436210632324 0.094879999756813049316 0.091008000075817108154 0.10338400304317474365 0.099671997129917144775 0.10239999741315841675 0.11915200203657150269
0.10714399814605712891 0.11095599830150604248 0.12252800166606903076 0.12318000197410583496 0.11614400148391723633 0.1018880009651184082 0.10063199698925018311 0.092175997793674468994 0.094800002872943878174 0.095795996487140655518 0.098048001527786254883 0.095955997705459594727 0.10487999767065048218 0.094031997025012969971 0.099752001464366912842 0.09447599947452545166 0.10338799655437469482 0.1125800013542175293 0.10658799856901168823 0.099284000694751739502 0.12760399281978607178 0.1223919987678527832 0.10261999815702438354 0.091256000101566314697 0.090456001460552215576 0.093235999345779418945 0.10046800225973129272 0.10337200015783309937 0.10337200015783309937 0.10552000254392623901 0.1073200032114982605 0.1085039973258972168 0.10818000137805938721 0.10652399808168411255 0.10978399962186813354 0.11172399669885635376 0.089235998690128326416 0.090276002883911132812 0.10509599745273590088 0.10110799968242645264 0.0958120003342628479 0.099863998591899871826
0.11306799948215484619 0.13349600136280059814 0.12793199717998504639 0.12269999831914901733 0.12001200020313262939 0.11120399832725524902 0.098747998476028442383 0.10373999923467636108 0.11122799664735794067 0.10460799932479858398 0.10441999882459640503 0.10933200269937515259 0.10347200185060501099 0.09904400259256362915 0.09992799907922744751 0.095311999320983886719 0.10249999910593032837 0.10243599861860275269 0.11213599890470504761 0.11213199794292449951 0.11552800238132476807 0.11285199970006942749 0.11720000207424163818 0.10568399727344512939 0.095459997653961181641 0.11553999781608581543 0.10811600089073181152 0.09925200045108795166 0.099943995475769042969 0.10495200008153915405 0.090420000255107879639 0.10242400318384170532 0.10720399767160415649 0.10518399626016616821 0.092767998576164245605 0.09257999807596206665 0.092592000961303710938 0.09351599961519241333 0.10518799722194671631 0.095495998859405517578 0.093879997730255126953 0.091987997293472290039
0.11068800091743469238 0.11194799840450286865 0.10676000267267227173 0.10570400208234786987 0.10654000192880630493 0.11026400327682495117 0.10804399847984313965 0.11756400018930435181 0.11033599823713302612 0.10067199915647506714 0.1090520024299621582 0.097888000309467315674 0.10137200355529785156 0.096680000424385070801 0.092036001384258270264 0.096408002078533172607 0.091495998203754425049 0.095147997140884399414 0.10446000099182128906 0.10916800051927566528 0.11451999843120574951 0.10375600308179855347 0.11785200238227844238 0.12666399776935577393 0.10140799731016159058 0.10104399919509887695 0.11247999966144561768 0.097620002925395965576 0.097340002655982971191 0.099840000271797180176 0.10004799813032150269 0.093432001769542694092 0.09962800145149230957 0.11446399986743927002 0.099639996886253356934 0.094636000692844390869 0.093276001513004302979 0.10266000032424926758 0.10274799913167953491 0.098948001861572265625 0.098324000835418701172 0.099147997796535491943
0.10879600048065185547 0.11112000048160552979 0.10924000293016433716 0.10398799926042556763 0.1004199981689453125 0.1028079986572265625 0.10621599853038787842 0.11295200139284133911 0.10561999678611755371 0.095459997653961181641 0.10295200347900390625 0.094680003821849822998 0.09951200336217880249 0.10226800292730331421 0.094640001654624938965 0.089543998241424560547 0.094636000692844390869 0.098016001284122467041 0.10899200290441513062 0.11437200009822845459 0.12009599804878234863 0.10796400159597396851 0.11025600135326385498 0.10784000158309936523 0.10120400041341781616 0.11547599732875823975 0.11286400258541107178 0.11749199777841567993 0.1087159961462020874 0.10436400026082992554 0.098459996283054351807 0.097559995949268341064 0.10575599968433380127 0.12433599680662155151 0.10794399678707122803 0.09421599656343460083 0.10528399795293807983 0.121739998459815979 0.10703600198030471802 0.1063319966197013855 0.10829599946737289429 0.10062799602746963501
0.098287999629974365234 0.10282800346612930298 0.10505200177431106567 0.10332799702882766724 0.10412000119686126709 0.10939200222492218018 0.10705599933862686157 0.11763599514961242676 0.11670399457216262817 0.10574000328779220581 0.093656003475189208984 0.099036000669002532959 0.10518000274896621704 0.12387599796056747437 0.11456000059843063354 0.10064800083637237549 0.10592400282621383667 0.12287600338459014893 0.13462799787521362305 0.13216400146484375 0.13248799741268157959 0.14062400162220001221 0.10253199934959411621 0.096763998270034790039 0.098095998167991638184 0.11153200268745422363 0.115184001624584198 0.09573599696159362793 0.095095999538898468018 0.10387200117111206055 0.098048001527786254883 0.098191998898983001709 0.09756399691104888916 0.1112719997763633728 0.098392002284526824951 0.098476000130176544189 0.096836000680923461914 0.11341600120067596436 0.11196000128984451294 0.11151199787855148315 0.11388800293207168579 0.10029599815607070923
0.096192002296447753906 0.10079599916934967041 0.11242400109767913818 0.10721199959516525269 0.10902800410985946655 0.10745999962091445923 0.11122799664735794067 0.10483600199222564697 0.10499600321054458618 0.10895200073719024658 0.095260001718997955322 0.088820002973079681396 0.095367997884750366211 0.096472002565860748291 0.10000000149011611938 0.10539600253105163574 0.098984003067016601562 0.10462799668312072754 0.11455599963665008545 0.12171199917793273926 0.1444679945707321167 0.14052399992942810059 0.096639998257160186768 0.095375999808311462402 0.1010240018367767334 0.1058479994535446167 0.10451199859380722046 0.10372000187635421753 0.09520400315523147583 0.09943599998950958252 0.090984001755714416504 0.10072399675846099854 0.093563996255397796631 0.094655998051166534424 0.096479997038841247559 0.099247999489307403564 0.10013999789953231812 0.10679999738931655884 0.1212600022554397583 0.1108400002121925354 0.099852003157138824463 0.098439998924732208252
0.094283998012542724609 0.095348000526428222656 0.096188001334667205811 0.10333999991416931152 0.10336399823427200317 0.10873199999332427979 0.10017599910497665405 0.09969600290060043335 0.10735200345516204834 0.10530799627304077148 0.092427998781204223633 0.091728001832962036133 0.091756001114845275879 0.097535997629165649414 0.099587999284267425537 0.09697999805212020874 0.091739997267723083496 0.10358799993991851807 0.099692001938819885254 0.11712399870157241821 0.13573600351810455322 0.11555200070142745972 0.087828002870082855225 0.08804000169038772583 0.093828000128269195557 0.10090799629688262939 0.094792000949382781982 0.098824001848697662354 0.086823999881744384766 0.091891996562480926514 0.092551998794078826904 0.098035998642444610596 0.091307997703552246094 0.094820000231266021729 0.093184001743793487549 0.091080002486705780029 0.10070399940013885498 0.11594799906015396118 0.11396399885416030884 0.10050799697637557983 0.097295999526977539062 0.09386800229549407959
0.10381600260734558105 0.11090800166130065918 0.094420000910758972168 0.101236000657081604 0.11021599918603897095 0.10926400125026702881 0.095147997140884399414 0.097736001014709472656 0.11131600290536880493 0.10145200043916702271 0.090700000524520874023 0.089819997549057006836 0.093695998191833496094 0.093847997486591339111 0.094924002885818481445 0.10111600160598754883 0.09005200117826461792 0.097176000475883483887 0.11477199941873550415 0.1335159987211227417 0.12684400379657745361 0.11309199780225753784 0.091112002730369567871 0.087272003293037414551 0.085855998098850250244 0.1073160022497177124 0.099560000002384185791 0.090599998831748962402 0.093111999332904815674 0.088968001306056976318 0.09110400080680847168 0.09150400012731552124 0.090683996677398681641 0.10545600205659866333 0.10195600241422653198 0.0910359993577003479 0.093224003911018371582 0.11417999863624572754 0.10886400192975997925 0.094243995845317840576 0.099220000207424163818 0.096391998231410980225
0.11734399944543838501 0.11314800381660461426 0.11975999921560287476 0.11507199704647064209 0.11458799988031387329 0.11191199719905853271 0.119960002601146698 0.12325200438499450684 0.12648800015449523926 0.10396800190210342407 0.093348003923892974854 0.09052000194787979126 0.097291998565196990967 0.093227997422218322754 0.10289999842643737793 0.11218400299549102783 0.10491599887609481812 0.10070800036191940308 0.11336400359869003296 0.12592799961566925049 0.13338799774646759033 0.12534400820732116699 0.094431996345520019531 0.088232003152370452881 0.088231995701789855957 0.096628002822399139404 0.11352399736642837524 0.10580400377511978149 0.093171998858451843262 0.091236002743244171143 0.097443997859954833984 0.11620400100946426392 0.097011998295783996582 0.11440400034189224243 0.096891999244689941406 0.10160800069570541382 0.10254800319671630859 0.1107920035719871521 0.096087999641895294189 0.096588000655174255371 0.096592001616954803467 0.10016000270843505859
0.10447200387716293335 0.10010399669408798218 0.11858800053596496582 0.11723600327968597412 0.11339599639177322388 0.11210399866104125977 0.12110400199890136719 0.12061999738216400146 0.11593599617481231689 0.11110000312328338623 0.10007200390100479126 0.09620399773120880127 0.10142800211906433105 0.096292003989219665527 0.10294400155544281006 0.10466399788856506348 0.10067199915647506714 0.10426399856805801392 0.10798399895429611206 0.1080159991979598999 0.12403599917888641357 0.10934399813413619995 0.08969999849796295166 0.088059999048709869385 0.087696000933647155762 0.089567996561527252197 0.10361199826002120972 0.11829999834299087524 0.11429999768733978271 0.11399199813604354858 0.10434799641370773315 0.10065600275993347168 0.093639999628067016602 0.099639996886253356934 0.097387999296188354492 0.10407199710607528687 0.10936400294303894043 0.10883200168609619141 0.099200002849102020264 0.097963996231555938721 0.098815999925136566162 0.09674800187349319458
