INPUT/RASTER/ASCII/green.asc
ncols        225
nrows        269
xllcorner    473000.000000000000
yllcorner    4429100.000000000000
cellsize     50.000000000000
NODATA_value -9999
[rows 209 to 227 of 269, columns 84 to 125 of 225]
0.10088799893856048584 0.13649199903011322021 0.13596400618553161621 0.12804399430751800537 0.11398799717426300049 0.11400400102138519287 0.1234799996018409729 0.12618799507617950439 0.12306000292301177979 0.11665599793195724487 0.10869599878787994385 0.10864000022411346436 0.1152279973030090332 0.12184800207614898682 0.11273999512195587158 0.11269599944353103638 0.11072000116109848022 0.10868399590253829956 0.096184000372886657715 0.10163199901580810547 0.10547599941492080688 0.10874400287866592407 0.11364000290632247925 0.13721999526023864746 0.13340400159358978271 0.11698800325393676758 0.10716000199317932129 0.13506400585174560547 0.13192799687385559082 0.13546800613403320312 0.13335999846458435059 0.12014000117778778076 0.10259599983692169189 0.10047599673271179199 0.098012000322341918945 0.090231999754905700684 0.088232003152370452881 0.089859999716281890869 0.098803997039794921875 0.10260000079870223999 0.099416002631187438965 0.094584003090858459473
0.11463600397109985352 0.14210799336433410645 0.13425199687480926514 0.11971999704837799072 0.11416000127792358398 0.10694400221109390259 0.11200399696826934814 0.12560799717903137207 0.13738000392913818359 0.13883200287818908691 0.11669600009918212891 0.10491199791431427002 0.11428800225257873535 0.11493600159883499146 0.11368399858474731445 0.11395199596881866455 0.11238399893045425415 0.11246399581432342529 0.11242800205945968628 0.11292400211095809937 0.1137079969048500061 0.11181200295686721802 0.10951200127601623535 0.11361999809741973877 0.12818400561809539795 0.10521200299263000488 0.11386399716138839722 0.12522399425506591797 0.13263599574565887451 0.13354000449180603027 0.12833599746227264404 0.11305999755859375 0.1021040007472038269 0.10488399863243103027 0.094167999923229217529 0.086804002523422241211 0.093340002000331878662 0.10203199833631515503 0.10113599896430969238 0.092275999486446380615 0.092716000974178314209 0.098367996513843536377
0.11198800057172775269 0.10754799842834472656 0.11079599708318710327 0.11043599992990493774 0.11263199895620346069 0.10157600045204162598 0.10030800104141235352 0.13092400133609771729 0.14280399680137634277 0.14309200644493103027 0.12832400202751159668 0.13381600379943847656 0.12030000239610671997 0.11952799558639526367 0.114312000572681427 0.11025600135326385498 0.12401200085878372192 0.11563199758529663086 0.11420399695634841919 0.11885999888181686401 0.11964800208806991577 0.11804799735546112061 0.11112400144338607788 0.11607199907302856445 0.1230480000376701355 0.11462000012397766113 0.10016000270843505859 0.093404002487659454346 0.10343600064516067505 0.10706800222396850586 0.11212799698114395142 0.10419999808073043823 0.096199996769428253174 0.097176000475883483887 0.092652000486850738525 0.090627998113632202148 0.1105720028281211853 0.11055199801921844482 0.096919998526573181152 0.095335997641086578369 0.09459199756383895874 0.094832003116607666016
0.10561200231313705444 0.11223199963569641113 0.10998000204563140869 0.10941199958324432373 0.1034080013632774353 0.1098039969801902771 0.10470400005578994751 0.099947996437549591064 0.13101600110530853271 0.14684000611305236816 0.14477999508380889893 0.13174000382423400879 0.12851600348949432373 0.12274800240993499756 0.12518000602722167969 0.1362400054931640625 0.15065599977970123291 0.13417199254035949707 0.11850800365209579468 0.10332400351762771606 0.10715600103139877319 0.11429199576377868652 0.11094800382852554321 0.11685600131750106812 0.12115199863910675049 0.10651200264692306519 0.1053600013256072998 0.098347999155521392822 0.09983599931001663208 0.10486400127410888672 0.11293200403451919556 0.10575599968433380127 0.096220001578330993652 0.10479599982500076294 0.096524000167846679688 0.093943998217582702637 0.11298800259828567505 0.10732399672269821167 0.096276000142097473145 0.10000000149011611938 0.091059997677803039551 0.091559998691082000732
0.11128799617290496826 0.10844399780035018921 0.12080799788236618042 0.11304800212383270264 0.10948400199413299561 0.11202800273895263672 0.11827600002288818359 0.10896000266075134277 0.11187200248241424561 0.13245600461959838867 0.13444000482559204102 0.13751199841499328613 0.14399999380111694336 0.15047200024127960205 0.1506160050630569458 0.14596399664878845215 0.13723200559616088867 0.11384399980306625366 0.11618799716234207153 0.092799998819828033447 0.089748002588748931885 0.099200002849102020264 0.11143999546766281128 0.10574399679899215698 0.10142800211906433105 0.12059599906206130981 0.12432400137186050415 0.10695599764585494995 0.103624001145362854 0.11529599875211715698 0.11142399907112121582 0.12122800201177597046 0.12804800271987915039 0.11087200045585632324 0.094400003552436828613 0.10562399774789810181 0.10399600118398666382 0.11214800179004669189 0.10285600274801254272 0.10118000209331512451 0.098080001771450042725 0.094356000423431396484
0.10996399819850921631 0.10573999583721160889 0.12183599919080734253 0.11784800142049789429 0.11953999847173690796 0.11439999938011169434 0.11614000052213668823 0.10967999696731567383 0.10915999859571456909 0.12421999871730804443 0.1335159987211227417 0.12084399908781051636 0.12009999901056289673 0.12383600324392318726 0.12233600020408630371 0.11938399821519851685 0.11954800039529800415 0.11404000222682952881 0.11101599782705307007 0.10425599664449691772 0.096175998449325561523 0.092656001448631286621 0.11582399904727935791 0.097203999757766723633 0.14717599749565124512 0.14100000262260437012 0.13569200038909912109 0.12172000110149383545 0.11596000194549560547 0.11907599866390228271 0.10721600055694580078 0.10507600009441375732 0.1195719987154006958 0.13083200156688690186 0.10104800015687942505 0.11919199675321578979 0.11937599629163742065 0.1326439976692199707 0.10650800168514251709 0.10334400087594985962 0.098856002092361450195 0.096263997256755828857
0.12057600170373916626 0.11749999970197677612 0.12276399880647659302 0.1195719987154006958 0.12537600100040435791 0.11488000303506851196 0.11128400266170501709 0.10435599833726882935 0.10914000123739242554 0.11721999943256378174 0.11635600030422210693 0.11614400148391723633 0.11513599753379821777 0.11835200339555740356 0.11938399821519851685 0.11849199980497360229 0.11799599975347518921 0.12009999901056289673 0.11599999666213989258 0.11206000298261642456 0.10374800115823745728 0.099996000528335571289 0.11546000093221664429 0.10259599983692169189 0.15007200837135314941 0.14349199831485748291 0.13139200210571289062 0.12341599911451339722 0.12337599694728851318 0.12002400308847427368 0.1177840009331703186 0.10156799852848052979 0.11255600303411483765 0.12972000241279602051 0.11630800366401672363 0.12094400078058242798 0.11818800121545791626 0.11511600017547607422 0.1075320020318031311 0.10424000024795532227 0.11160399764776229858 0.11686799675226211548
0.11991599947214126587 0.1310320049524307251 0.11991599947214126587 0.1160480007529258728 0.11880400031805038452 0.11022800207138061523 0.11011999845504760742 0.10255599766969680786 0.11663600057363510132 0.116963997483253479 0.11729200184345245361 0.11722800135612487793 0.11764000356197357178 0.1169160008430480957 0.11828800290822982788 0.11937200278043746948 0.11732400208711624146 0.12081199884414672852 0.12770800292491912842 0.1045439988374710083 0.10612399876117706299 0.11492799967527389526 0.11038800328969955444 0.10920400172472000122 0.10944800078868865967 0.14535599946975708008 0.13301600515842437744 0.12820799648761749268 0.12744000554084777832 0.12154000252485275269 0.11277600377798080444 0.10175599902868270874 0.099051997065544128418 0.10929200053215026855 0.11259599775075912476 0.11529199779033660889 0.11910799890756607056 0.1195240020751953125 0.10299199819564819336 0.10984399914741516113 0.13089999556541442871 0.13653199374675750732
0.12580800056457519531 0.13153600692749023438 0.12918800115585327148 0.12203200161457061768 0.12788799405097961426 0.11398799717426300049 0.10866399854421615601 0.11060000211000442505 0.11203999817371368408 0.11849199980497360229 0.11927600204944610596 0.11910799890756607056 0.11761199682950973511 0.11370000243186950684 0.11738800257444381714 0.11733999848365783691 0.11324000358581542969 0.11329600214958190918 0.12987999618053436279 0.11614400148391723633 0.11847600340843200684 0.11997999995946884155 0.11902400106191635132 0.11131200194358825684 0.10966400057077407837 0.13096000254154205322 0.13597600162029266357 0.12819600105285644531 0.12777599692344665527 0.11814799904823303223 0.10004799813032150269 0.10034400224685668945 0.10071600228548049927 0.10373199731111526489 0.11394800245761871338 0.11486399918794631958 0.11602000147104263306 0.11047600209712982178 0.10631600022315979004 0.11011199653148651123 0.11682400107383728027 0.11319199949502944946
0.13415600359439849854 0.1316280066967010498 0.13280799984931945801 0.13765600323677062988 0.13455599546432495117 0.12827600538730621338 0.11454799771308898926 0.1101920008659362793 0.11789999902248382568 0.11903599649667739868 0.12374400347471237183 0.1234360039234161377 0.1197400018572807312 0.11796399950981140137 0.1204439997673034668 0.11633999645709991455 0.11183600127696990967 0.11768800020217895508 0.1280400007963180542 0.13090400397777557373 0.13079200685024261475 0.13097600638866424561 0.13430799543857574463 0.13494400680065155029 0.1284240037202835083 0.11100000143051147461 0.13282799720764160156 0.12673999369144439697 0.11495999991893768311 0.10407199710607528687 0.10517200082540512085 0.10615599900484085083 0.10711999982595443726 0.10092800110578536987 0.10483200103044509888 0.11642400175333023071 0.11158400028944015503 0.10037600249052047729 0.13481600582599639893 0.12904399633407592773 0.11789999902248382568 0.10936800390481948853
0.13096800446510314941 0.1355199962854385376 0.13047200441360473633 0.12673200666904449463 0.12689599394798278809 0.12878400087356567383 0.12494400143623352051 0.11856400221586227417 0.12114400416612625122 0.12119200080633163452 0.11251600086688995361 0.11849600076675415039 0.1247840002179145813 0.12144000083208084106 0.11786799877882003784 0.11655999720096588135 0.11750800162553787231 0.12278799712657928467 0.1113199964165687561 0.12471199780702590942 0.12697200477123260498 0.13396400213241577148 0.15605999529361724854 0.15459999442100524902 0.15312799811363220215 0.11811199784278869629 0.12179200351238250732 0.11320400238037109375 0.11241599917411804199 0.10620400309562683105 0.10486400127410888672 0.10243999958038330078 0.093304000794887542725 0.094640001654624938965 0.10427200049161911011 0.12095200270414352417 0.11033999919891357422 0.1132239997386932373 0.1290760040283203125 0.13207200169563293457 0.13215200603008270264 0.13762000203132629395
0.12486799806356430054 0.12589199841022491455 0.13925600051879882812 0.13742800056934356689 0.130303993821144104 0.12992000579833984375 0.12848399579524993896 0.12583999335765838623 0.11692400276660919189 0.11711599677801132202 0.11655599623918533325 0.11863999813795089722 0.11943600326776504517 0.11846400052309036255 0.11612799763679504395 0.11578000336885452271 0.11890400201082229614 0.12354800105094909668 0.12457600235939025879 0.13318400084972381592 0.15072399377822875977 0.15160800516605377197 0.14747199416160583496 0.1484960019588470459 0.15121200680732727051 0.12376800179481506348 0.12161599844694137573 0.12652799487113952637 0.11666399985551834106 0.11275199800729751587 0.11205600202083587646 0.10836400091648101807 0.10106399655342102051 0.094396002590656280518 0.10203599929809570312 0.11207199841737747192 0.1117120012640953064 0.11708399653434753418 0.12258800119161605835 0.11705999821424484253 0.11297199875116348267 0.11814799904823303223
0.10605199635028839111 0.10562399774789810181 0.10738799721002578735 0.10992399603128433228 0.12068799883127212524 0.13224799931049346924 0.13342800736427307129 0.12568800151348114014 0.11289600282907485962 0.11134800314903259277 0.11847200244665145874 0.1206080019474029541 0.11899600178003311157 0.11854399740695953369 0.11616799980401992798 0.11782800406217575073 0.11663199961185455322 0.11417199671268463135 0.14435200393199920654 0.14060400426387786865 0.1487559974193572998 0.1375920027494430542 0.13731199502944946289 0.13463200628757476807 0.12689599394798278809 0.1125240027904510498 0.10507600009441375732 0.12788799405097961426 0.12626799941062927246 0.11658000200986862183 0.10350000113248825073 0.1123640015721321106 0.10702800005674362183 0.1030759960412979126 0.10004000365734100342 0.10376399755477905273 0.11894400417804718018 0.13383600115776062012 0.1186600029468536377 0.11958000063896179199 0.1147959977388381958 0.11641199886798858643
0.10604000091552734375 0.098243996500968933105 0.10369999706745147705 0.11094800382852554321 0.11124400049448013306 0.11010000109672546387 0.11314799636602401733 0.11305999755859375 0.11321999877691268921 0.11509600281715393066 0.11390399932861328125 0.11994399875402450562 0.12584799528121948242 0.12510800361633300781 0.12063200026750564575 0.11906799674034118652 0.11828000098466873169 0.12913599610328674316 0.14608399569988250732 0.12567199766635894775 0.1101360023021697998 0.10812000185251235962 0.11537600308656692505 0.11433599889278411865 0.11494799703359603882 0.11776799708604812622 0.094512000679969787598 0.11912400275468826294 0.12339600175619125366 0.13312800228595733643 0.12465199828147888184 0.13201999664306640625 0.10366400331258773804 0.099399998784065246582 0.1104559972882270813 0.10919199883937835693 0.10390400141477584839 0.11771599948406219482 0.1258639991283416748 0.1264680027961730957 0.12175200134515762329 0.11746799945831298828
0.10325600206851959229 0.10612399876117706299 0.1101360023021697998 0.10926400125026702881 0.11060799658298492432 0.10917600244283676147 0.10436400026082992554 0.10905999690294265747 0.11259999871253967285 0.11581200361251831055 0.11881999671459197998 0.11973600089550018311 0.12295600026845932007 0.12332800030708312988 0.11659999936819076538 0.11950799822807312012 0.11894000321626663208 0.12425199896097183228 0.12241599708795547485 0.10660000145435333252 0.10296799987554550171 0.10156399756669998169 0.10501199960708618164 0.10289599746465682983 0.11010400205850601196 0.11361599713563919067 0.10658399760723114014 0.10527999699115753174 0.12001600116491317749 0.12800399959087371826 0.13091999292373657227 0.12629200518131256104 0.10782799869775772095 0.10377600044012069702 0.1073160022497177124 0.12134800106287002563 0.11500000208616256714 0.103624001145362854 0.11022800207138061523 0.11872000247240066528 0.12203600257635116577 0.11403200030326843262
0.10732799768447875977 0.11261999607086181641 0.11267600208520889282 0.11427599936723709106 0.10880400240421295166 0.11275199800729751587 0.11368799954652786255 0.11486399918794631958 0.11779599636793136597 0.12319599837064743042 0.11936800181865692139 0.11937599629163742065 0.11500000208616256714 0.11368399858474731445 0.115564003586769104 0.11851599812507629395 0.11709199845790863037 0.12225999683141708374 0.11849199980497360229 0.10804799944162368774 0.095760002732276916504 0.095491997897624969482 0.10059999674558639526 0.10013599693775177002 0.099220000207424163818 0.10661199688911437988 0.10505200177431106567 0.096639998257160186768 0.12520399689674377441 0.12518799304962158203 0.13214799761772155762 0.11998400092124938965 0.10765600204467773438 0.10614399611949920654 0.09561999887228012085 0.11042799800634384155 0.12643200159072875977 0.11898399889469146729 0.11293999850749969482 0.10434400290250778198 0.1078479960560798645 0.10469999909400939941
0.11910399794578552246 0.11687999963760375977 0.1211439967155456543 0.12166000157594680786 0.11945199966430664062 0.12166800349950790405 0.11941199749708175659 0.11788400262594223022 0.12142000347375869751 0.12248399853706359863 0.1210400015115737915 0.12189999967813491821 0.11986000090837478638 0.11814399808645248413 0.1190920025110244751 0.11963199824094772339 0.12089999765157699585 0.11828800290822982788 0.11215600371360778809 0.10670400410890579224 0.092015996575355529785 0.10165200382471084595 0.10378400236368179321 0.1073639988899230957 0.11321199685335159302 0.13367599248886108398 0.12930800020694732666 0.099147997796535491943 0.12698799371719360352 0.12883199751377105713 0.13451999425888061523 0.12530000507831573486 0.1127440035343170166 0.098467998206615447998 0.098219998180866241455 0.10620799660682678223 0.12928399443626403809 0.12361200153827667236 0.11909999698400497437 0.11087200045585632324 0.10412000119686126709 0.10326799750328063965
0.12939599156379699707 0.12026400119066238403 0.12039999663829803467 0.12291999906301498413 0.12378399819135665894 0.1227760016918182373 0.12254799902439117432 0.12226799875497817993 0.116963997483253479 0.11790399998426437378 0.12041600048542022705 0.11823599785566329956 0.12517599761486053467 0.11967600136995315552 0.1169719994068145752 0.1281359940767288208 0.13692000508308410645 0.12843200564384460449 0.11358000338077545166 0.11084800213575363159 0.098880000412464141846 0.10193199664354324341 0.10915999859571456909 0.11449199914932250977 0.13118000328540802002 0.14305199682712554932 0.153540000319480896 0.10707200318574905396 0.10851600021123886108 0.11156000196933746338 0.10435599833726882935 0.10263200104236602783 0.1006399989128112793 0.09496799856424331665 0.08862400054931640625 0.095600001513957977295 0.1199560016393661499 0.12504400312900543213 0.11915999650955200195 0.099288001656532287598 0.10300800204277038574 0.10289999842643737793
0.12161599844694137573 0.12751999497413635254 0.12406799942255020142 0.12138000130653381348 0.12230800092220306396 0.12642799317836761475 0.12082799524068832397 0.12313599884510040283 0.11747600138187408447 0.11517599970102310181 0.12148400396108627319 0.11831200122833251953 0.12433600425720214844 0.12552399933338165283 0.12358800321817398071 0.13325999677181243896 0.13914799690246582031 0.13195599615573883057 0.11898799985647201538 0.11335200071334838867 0.10072000324726104736 0.10257200151681900024 0.11146000027656555176 0.12861999869346618652 0.13283999264240264893 0.14195199310779571533 0.15612399578094482422 0.10544399917125701904 0.12611199915409088135 0.11153200268745422363 0.10613600164651870728 0.10708399862051010132 0.09330800175666809082 0.086543999612331390381 0.083347998559474945068 0.085023999214172363281 0.090672001242637634277 0.10013999789953231812 0.100855998694896698 0.088136002421379089355 0.097327999770641326904 0.10436400026082992554
