INPUT/RASTER/ASCII/green2021.asc
ncols        225
nrows        269
xllcorner    473009.983799999987
yllcorner    4429051.174800000153
cellsize     50.000000000000
NODATA_value -9999
[rows 36 to 53 of 269, columns 40 to 79 of 225]
0.10606659948825836182 0.10001514852046966553 0.10918197780847549438 0.10851624608039855957 0.094474852085113525391 0.098098479211330413818 0.10145437717437744141 0.10624735057353973389 0.10429175198078155518 0.10735343396663665771 0.10571469366550445557 0.10803701728582382202 0.10792477428913116455 0.11343499273061752319 0.12447420507669448853 0.11358638852834701538 0.092364244163036346436 0.095853671431541442871 0.10171014070510864258 0.10324053466320037842 0.10769257694482803345 0.12370555847883224487 0.12933671474456787109 0.13260766863822937012 0.12464979290962219238 0.10092628002166748047 0.095118179917335510254 0.089990027248859405518 0.091379150748252868652 0.096141673624515533447 0.091912850737571716309 0.10133619606494903564 0.11302605271339416504 0.10189777612686157227 0.088199093937873840332 0.08767172694206237793 0.089251242578029632568 0.088785372674465179443 0.089256808161735534668 0.08876705169677734375
0.10066616535186767578 0.096442990005016326904 0.11302912235260009766 0.11252795904874801636 0.099184080958366394043 0.10072202980518341064 0.10428109019994735718 0.10385090857744216919 0.10123175382614135742 0.10721663385629653931 0.10476223379373550415 0.10981724411249160767 0.10808192193508148193 0.11136075854301452637 0.11095590144395828247 0.10648036748170852661 0.094216406345367431641 0.10007238388061523438 0.097793176770210266113 0.098760947585105895996 0.10740713775157928467 0.12889856100082397461 0.13209888339042663574 0.12668372690677642822 0.10125213861465454102 0.091187894344329833984 0.090771406888961791992 0.087797731161117553711 0.088475368916988372803 0.092517606914043426514 0.094121731817722320557 0.10827108472585678101 0.11158009618520736694 0.097199141979217529297 0.086500287055969238281 0.087000064551830291748 0.0861072540283203125 0.086811542510986328125 0.089104115962982177734 0.091250583529472351074
0.096392229199409484863 0.094417788088321685791 0.10735145211219787598 0.10721652209758758545 0.10421971976757049561 0.10464562475681304932 0.10756558924913406372 0.10376243293285369873 0.096067786216735839844 0.1043934747576713562 0.10696981847286224365 0.10335768014192581177 0.10508752614259719849 0.10947147756814956665 0.10395461320877075195 0.095308840274810791016 0.10178244858980178833 0.10069651901721954346 0.09423376619815826416 0.096187673509120941162 0.11379361897706985474 0.12170157581567764282 0.12262787669897079468 0.11185110360383987427 0.095116145908832550049 0.092446632683277130127 0.093681380152702331543 0.089794263243675231934 0.088085979223251342773 0.091474704444408416748 0.094912581145763397217 0.10902218520641326904 0.11295900493860244751 0.091989055275917053223 0.088459499180316925049 0.089587375521659851074 0.089097961783409118652 0.089184306561946868896 0.088369548320770263672 0.092407956719398498535
0.093134634196758270264 0.096286222338676452637 0.10845469683408737183 0.11218819767236709595 0.10354743152856826782 0.103779621422290802 0.10782091319561004639 0.10327538102865219116 0.10126290470361709595 0.10759172588586807251 0.11163798719644546509 0.1039479672908782959 0.10249251872301101685 0.10747545212507247925 0.1046603471040725708 0.10100165754556655884 0.099303193390369415283 0.090417474508285522461 0.087127663195133209229 0.088163837790489196777 0.093897476792335510254 0.095237672328948974609 0.10708664357662200928 0.10334451496601104736 0.096153788268566131592 0.089488893747329711914 0.091560907661914825439 0.091227814555168151855 0.089336946606636047363 0.0879632607102394104 0.095424629747867584229 0.10435037314891815186 0.10459035634994506836 0.08532724529504776001 0.089095145463943481445 0.090515702962875366211 0.088370658457279205322 0.089415110647678375244 0.086813658475875854492 0.091851912438869476318
0.091376580297946929932 0.093903660774230957031 0.10154294967651367188 0.10647824406623840332 0.10367564857006072998 0.09995816648006439209 0.1069661751389503479 0.10352025926113128662 0.098724037408828735352 0.1050944402813911438 0.11621285974979400635 0.10963056236505508423 0.10573914647102355957 0.11652985960245132446 0.11170710623264312744 0.10171562433242797852 0.098296597599983215332 0.091388769447803497314 0.093345515429973602295 0.088774293661117553711 0.090186327695846557617 0.091424629092216491699 0.094032548367977142334 0.097386926412582397461 0.09505316615104675293 0.089653231203556060791 0.099959306418895721436 0.10035014152526855469 0.093431338667869567871 0.090590529143810272217 0.094539396464824676514 0.10499436408281326294 0.099354177713394165039 0.085427597165107727051 0.087391510605812072754 0.088199295103549957275 0.087652675807476043701 0.089083284139633178711 0.08818877488374710083 0.091253966093063354492
0.10586044937372207642 0.10846111923456192017 0.11761230975389480591 0.10815563797950744629 0.10020425915718078613 0.092374756932258605957 0.099050641059875488281 0.10464116930961608887 0.097421213984489440918 0.10997840017080307007 0.12112496793270111084 0.1128904297947883606 0.10522009432315826416 0.11234665662050247192 0.11552508920431137085 0.10474385321140289307 0.10682429373264312744 0.10197491943836212158 0.099116429686546325684 0.10066439956426620483 0.1050696149468421936 0.10172101855278015137 0.095866002142429351807 0.096127331256866455078 0.093569613993167877197 0.09460077434778213501 0.11058624833822250366 0.10490105301141738892 0.094918400049209594727 0.099530138075351715088 0.095770828425884246826 0.10123471915721893311 0.10084526240825653076 0.085840627551078796387 0.085415668785572052002 0.089279852807521820068 0.092237047851085662842 0.09340076148509979248 0.091650791466236114502 0.092231735587120056152
0.10320244729518890381 0.11209705471992492676 0.11567839980125427246 0.10746008902788162231 0.099071688950061798096 0.095855891704559326172 0.095488339662551879883 0.099475651979446411133 0.10898873955011367798 0.12150581181049346924 0.1256917119026184082 0.12360329926013946533 0.11659691482782363892 0.11612678319215774536 0.12511111795902252197 0.1172016337513923645 0.11365521699190139771 0.10947754234075546265 0.10185187309980392456 0.11139690876007080078 0.1231277957558631897 0.11994192749261856079 0.1067401692271232605 0.099176064133644104004 0.093710534274578094482 0.096929676830768585205 0.10772372782230377197 0.097573935985565185547 0.092304214835166931152 0.10384251177310943604 0.10070647299289703369 0.10101686418056488037 0.099242195487022399902 0.086222164332866668701 0.088189430534839630127 0.091207265853881835938 0.092240616679191589355 0.094031415879726409912 0.092328064143657684326 0.094821043312549591064
0.10565002262592315674 0.10330615192651748657 0.10633015632629394531 0.10785911232233047485 0.099926859140396118164 0.10171769559383392334 0.10195220261812210083 0.10000343620777130127 0.11899770051240921021 0.12664334475994110107 0.12572914361953735352 0.12738600373268127441 0.11924118548631668091 0.11630003899335861206 0.10304921865463256836 0.096050344407558441162 0.10923650860786437988 0.10622284561395645142 0.098443552851676940918 0.11140482872724533081 0.12822093069553375244 0.12049072980880737305 0.10576798021793365479 0.099866442382335662842 0.097187399864196777344 0.10112045705318450928 0.10821412503719329834 0.10462408512830734253 0.095836587250232696533 0.10292245447635650635 0.10941547155380249023 0.11278731375932693481 0.095569089055061340332 0.089170277118682861328 0.095049135386943817139 0.09226633608341217041 0.092321775853633880615 0.092310480773448944092 0.087329328060150146484 0.088370844721794128418
0.12967067956924438477 0.12791775166988372803 0.11534999310970306396 0.11756335943937301636 0.11296367645263671875 0.11247992515563964844 0.11058842390775680542 0.11249173432588577271 0.11876665055751800537 0.12455753982067108154 0.12870448827743530273 0.12506075203418731689 0.12466992437839508057 0.11470694839954376221 0.10408540070056915283 0.095324277877807617188 0.099617108702659606934 0.10325762629508972168 0.098689764738082885742 0.11442910879850387573 0.12041784077882766724 0.11707972735166549683 0.10397017002105712891 0.094391211867332458496 0.098295137286186218262 0.10165531933307647705 0.11424133181571960449 0.1116064414381980896 0.097540535032749176025 0.096480920910835266113 0.09467325359582901001 0.10490312427282333374 0.098799191415309906006 0.096380785107612609863 0.10124555975198745728 0.093514814972877502441 0.089138172566890716553 0.088505417108535766602 0.086481936275959014893 0.087915658950805664063
0.14710852503776550293 0.14217466115951538086 0.12892326712608337402 0.13379432260990142822 0.13892947137355804443 0.12783472239971160889 0.11200041323900222778 0.11950128525495529175 0.12442767620086669922 0.1176347881555557251 0.11017233133316040039 0.1054217219352722168 0.11819449067115783691 0.11238676309585571289 0.10598255693912506104 0.10100499540567398071 0.092582032084465026855 0.093964472413063049316 0.10467699170112609863 0.1198716089129447937 0.1186793595552444458 0.10500121116638183594 0.092085249722003936768 0.08695843815803527832 0.088199660181999206543 0.092095337808132171631 0.10601710528135299683 0.1053730398416519165 0.10483831912279129028 0.090552568435668945313 0.093677602708339691162 0.1105308830738067627 0.10660089552402496338 0.095971517264842987061 0.098612889647483825684 0.097317680716514587402 0.085956864058971405029 0.085914380848407745361 0.087976947426795959473 0.088549904525279998779
0.144094124436378479 0.14309810101985931396 0.13228875398635864258 0.13768273591995239258 0.1387596428394317627 0.12714613974094390869 0.11496960371732711792 0.11675013601779937744 0.11939489841461181641 0.12619444727897644043 0.1307945549488067627 0.1069874987006187439 0.11864461004734039307 0.11912978440523147583 0.11025539040565490723 0.11241714656352996826 0.1088232770562171936 0.10487621277570724487 0.10692947357892990112 0.12181398272514343262 0.1080931052565574646 0.10094015300273895264 0.096750348806381225586 0.087663233280181884766 0.08800993114709854126 0.088704690337181091309 0.098210617899894714355 0.10184824466705322266 0.11406574398279190063 0.097274392843246459961 0.097795031964778900146 0.1173351481556892395 0.10928650945425033569 0.095838770270347595215 0.097343124449253082275 0.09648895263671875 0.084605753421783447266 0.083723142743110656738 0.089653879404067993164 0.086386971175670623779
0.13375490903854370117 0.12995193898677825928 0.139425620436668396 0.14085663855075836182 0.13709260523319244385 0.13449563086032867432 0.12410674989223480225 0.11951666325330734253 0.12730157375335693359 0.13984985649585723877 0.14316172897815704346 0.12756402790546417236 0.13920228183269500732 0.12841583788394927979 0.11831869930028915405 0.12401078641414642334 0.12955714762210845947 0.118831634521484375 0.10438968241214752197 0.10599817335605621338 0.110558338463306427 0.11834514886140823364 0.11224313825368881226 0.089886359870433807373 0.088816873729228973389 0.090174436569213867188 0.09375241398811340332 0.090722449123859405518 0.097506701946258544922 0.10349541157484054565 0.10482543706893920898 0.11510404199361801147 0.10388967394828796387 0.10000944137573242188 0.11234448105096817017 0.10196540504693984985 0.084612719714641571045 0.08670902252197265625 0.086484178900718688965 0.085811980068683624268
0.12440817058086395264 0.13752965629100799561 0.14146761596202850342 0.14060121774673461914 0.13405427336692810059 0.12407725304365158081 0.12184507399797439575 0.11760167032480239868 0.12799923121929168701 0.1436967700719833374 0.13695365190505981445 0.13345044851303100586 0.13453982770442962646 0.13063743710517883301 0.1179101988673210144 0.1153873056173324585 0.12354252487421035767 0.11582766473293304443 0.10152070224285125732 0.097463667392730712891 0.11360365152359008789 0.11753988265991210938 0.10231525450944900513 0.09147147834300994873 0.086840443313121795654 0.087847657501697540283 0.093440063297748565674 0.093599520623683929443 0.094224743545055389404 0.096859358251094818115 0.10174353420734405518 0.11390790343284606934 0.10597771406173706055 0.10832393169403076172 0.11246356368064880371 0.10215132683515548706 0.084748260676860809326 0.085740529000759124756 0.088645860552787780762 0.1033812984824180603
0.13275609910488128662 0.14022354781627655029 0.14171676337718963623 0.13610169291496276855 0.13152268528938293457 0.12479189038276672363 0.1205040663480758667 0.11419276893138885498 0.11586909741163253784 0.12217874079942703247 0.11987315863370895386 0.11763233691453933716 0.11225835978984832764 0.1129507794976234436 0.10933284461498260498 0.10622300952672958374 0.11649442464113235474 0.11372619867324829102 0.10072202235460281372 0.10125377774238586426 0.09901965409517288208 0.10510712116956710815 0.10620955377817153931 0.1020297706127166748 0.08694181591272354126 0.086141526699066162109 0.093145519495010375977 0.10293693095445632935 0.10138428956270217896 0.10061117261648178101 0.095421321690082550049 0.097780518233776092529 0.10458125919103622437 0.10489758104085922241 0.10243977606296539307 0.10049393773078918457 0.090411752462387084961 0.097304411232471466064 0.10171629488468170166 0.11778752505779266357
0.13894148170948028564 0.13165183365345001221 0.12798316776752471924 0.12728536128997802734 0.12483460456132888794 0.12271217256784439087 0.11088413745164871216 0.10762961208820343018 0.10751736164093017578 0.10583461076021194458 0.1092912629246711731 0.11120055615901947021 0.10891654342412948608 0.10755656659603118896 0.1072063446044921875 0.10981334000825881958 0.11344197392463684082 0.10644860565662384033 0.1004709973931312561 0.099864587187767028809 0.095888696610927581787 0.094787873327732086182 0.1057415008544921875 0.10003453493118286133 0.087716497480869293213 0.085768386721611022949 0.095532096922397613525 0.11079396307468414307 0.10872714966535568237 0.09417457878589630127 0.094648428261280059814 0.097761750221252441406 0.10911108553409576416 0.10796147584915161133 0.094013087451457977295 0.091687224805355072021 0.093703001737594604492 0.10178609937429428101 0.10455274581909179688 0.10973715037107467651
0.13985875248908996582 0.1301091313362121582 0.120006561279296875 0.1182107776403427124 0.11526218056678771973 0.11135611683130264282 0.10889504104852676392 0.10728038102388381958 0.1060442700982093811 0.10525769740343093872 0.11295486241579055786 0.11323118209838867188 0.10117641836404800415 0.10491875559091567993 0.10244115442037582397 0.11051633954048156738 0.110864982008934021 0.10189566761255264282 0.096038736402988433838 0.095243848860263824463 0.10132449120283126831 0.097913473844528198242 0.097514644265174865723 0.091814436018466949463 0.088747933506965637207 0.086803600192070007324 0.094818376004695892334 0.10906548798084259033 0.10746684670448303223 0.10139338672161102295 0.1030085831880569458 0.1046503409743309021 0.10297895967960357666 0.095727264881134033203 0.095334179699420928955 0.094507321715354919434 0.094116725027561187744 0.10229166597127914429 0.1016984209418296814 0.10798292607069015503
0.13697591423988342285 0.1202945411205291748 0.11317165195941925049 0.11247519403696060181 0.1117127537727355957 0.10935445874929428101 0.10598144680261611938 0.11018262803554534912 0.11040636897087097168 0.10863234847784042358 0.11822748184204101563 0.11057831346988677979 0.10811141878366470337 0.11029626429080963135 0.11138422787189483643 0.11051325500011444092 0.10423184186220169067 0.10318066179752349854 0.10128178447484970093 0.097490429878234863281 0.09935836493968963623 0.099312379956245422363 0.10118295252323150635 0.096599690616130828857 0.091142885386943817139 0.093298375606536865234 0.10272796452045440674 0.10666479170322418213 0.10545443743467330933 0.10595568269491195679 0.10416617244482040405 0.10186737775802612305 0.10541793704032897949 0.10267243534326553345 0.098691545426845550537 0.10152397304773330688 0.099669113755226135254 0.099817886948585510254 0.093631409108638763428 0.094322286546230316162
0.11648449301719665527 0.11088895797729492188 0.10642887651920318604 0.11306161433458328247 0.1152996942400932312 0.10872957110404968262 0.11369334161281585693 0.11304960399866104126 0.11069556325674057007 0.11047223210334777832 0.11065477877855300903 0.10657601803541183472 0.10920242965221405029 0.11329783499240875244 0.11072650551795959473 0.10372786968946456909 0.095427721738815307617 0.095666259527206420898 0.10154553502798080444 0.10179819166660308838 0.10750570148229598999 0.1080260351300239563 0.10551336407661437988 0.10123072564601898193 0.1032181084156036377 0.10521741956472396851 0.11347141116857528687 0.10787227749824523926 0.10454419255256652832 0.097660489380359649658 0.097340978682041168213 0.094506829977035522461 0.09793793410062789917 0.10885182768106460571 0.10612305253744125366 0.1035165935754776001 0.098003499209880828857 0.097673840820789337158 0.086822979152202606201 0.089176110923290252686
