INPUT/RASTER/ASCII/green2023.asc
ncols        225
nrows        269
xllcorner    473009.983799999987
yllcorner    4429051.174800000153
cellsize     50.000000000000
NODATA_value -9999
[rows 216 to 233 of 269, columns 160 to 199 of 225]
0.10785216093063354492 0.098832555115222930908 0.11684315651655197144 0.13274019956588745117 0.12712609767913818359 0.11152877658605575562 0.09199393540620803833 0.089462339878082275391 0.086363665759563446045 0.089560106396675109863 0.092238068580627441406 0.093934275209903717041 0.090812951326370239258 0.086855664849281311035 0.082942537963390350342 0.080146409571170806885 0.088157929480075836182 0.096253328025341033936 0.10161147266626358032 0.12030800431966781616 0.12248443067073822021 0.10863838344812393188 0.11068344861268997192 0.11403053253889083862 0.11027357727289199829 0.10980607569217681885 0.10732924193143844604 0.10841422528028488159 0.11979056894779205322 0.1084379926323890686 0.10861202329397201538 0.10674706846475601196 0.1034027785062789917 0.10388002544641494751 0.097854249179363250732 0.09857584536075592041 0.10300417244434356689 0.099985718727111816406 0.097968518733978271484 0.096980057656764984131
0.10712437331676483154 0.10115162283182144165 0.10617231577634811401 0.12951204180717468262 0.13082991540431976318 0.10601266473531723022 0.087925136089324951172 0.08585338294506072998 0.08202517777681350708 0.08356018364429473877 0.091159030795097351074 0.093389071524143218994 0.087403848767280578613 0.081355258822441101074 0.079020768404006958008 0.084298595786094665527 0.10248741507530212402 0.10225431621074676514 0.11155457049608230591 0.11879859864711761475 0.11696447432041168213 0.11172661930322647095 0.10600310564041137695 0.11016435921192169189 0.11128907650709152222 0.11170394718647003174 0.10569567978382110596 0.10432600229978561401 0.1098691895604133606 0.10281757265329360962 0.10368492454290390015 0.10273875296115875244 0.10197452455759048462 0.10042579472064971924 0.09791886061429977417 0.10256708413362503052 0.10282227396965026855 0.095987401902675628662 0.09399525076150894165 0.093941293656826019287
0.11384230107069015503 0.098071135580539703369 0.09661528468132019043 0.12376436591148376465 0.12711651623249053955 0.099872246384620666504 0.082226231694221496582 0.083111241459846496582 0.082908578217029571533 0.086291275918483734131 0.092034354805946350098 0.087918974459171295166 0.079947307705879211426 0.079549312591552734375 0.083784341812133789063 0.09527406841516494751 0.11062565445899963379 0.10452080518007278442 0.1197719871997833252 0.12371561676263809204 0.11805588006973266602 0.11225908249616622925 0.10546974837779998779 0.10814855992794036865 0.11227093636989593506 0.11064696311950683594 0.10348743945360183716 0.10124305635690689087 0.10199034214019775391 0.1063914075493812561 0.10580176860094070435 0.10332208871841430664 0.10257326811552047729 0.099506445229053497314 0.09664078056812286377 0.096915721893310546875 0.09438470005989074707 0.097555503249168395996 0.099543027579784393311 0.099963106215000152588
0.11019752919673919678 0.095103412866592407227 0.095514170825481414795 0.11278989166021347046 0.1144449189305305481 0.099006943404674530029 0.08222128450870513916 0.082902856171131134033 0.086068443953990936279 0.088677830994129180908 0.083925470709800720215 0.079632520675659179688 0.079287618398666381836 0.086775757372379302979 0.091740436851978302002 0.094887167215347290039 0.10548410564661026001 0.11159125715494155884 0.12226316332817077637 0.12758798897266387939 0.12583436071872711182 0.10999350994825363159 0.10645945370197296143 0.11018016934394836426 0.10947304219007492065 0.10332597792148590088 0.10246203094720840454 0.10263992846012115479 0.10226652771234512329 0.10479163378477096558 0.10364516079425811768 0.10219246894121170044 0.098877891898155212402 0.09686364978551864624 0.10048200935125350952 0.097559653222560882568 0.097327634692192077637 0.098908722400665283203 0.099169217050075531006 0.096744172275066375732
0.1114482581615447998 0.095744267106056213379 0.094866544008255004883 0.10321675986051559448 0.11645781993865966797 0.11003482341766357422 0.089972376823425292969 0.087861880660057067871 0.085055582225322723389 0.089200161397457122803 0.084414981305599212646 0.082062005996704101563 0.087769925594329833984 0.092913150787353515625 0.097378507256507873535 0.09988994896411895752 0.11038521677255630493 0.1190686449408531189 0.12123906612396240234 0.12125799804925918579 0.11975051462650299072 0.10601617395877838135 0.10231732577085494995 0.10509246587753295898 0.10092400014400482178 0.10027308762073516846 0.099649190902709960938 0.10089893639087677002 0.10178671032190322876 0.10259969532489776611 0.10281489789485931396 0.10308004170656204224 0.10080127418041229248 0.101671561598777771 0.10533630847930908203 0.10122106969356536865 0.099910855293273925781 0.10215113312005996704 0.099689617753028869629 0.097985610365867614746
0.12055815756320953369 0.10057818144559860229 0.092756122350692749023 0.1004635244607925415 0.10520630329847335815 0.11073300987482070923 0.10068871825933456421 0.089487746357917785645 0.085655704140663146973 0.085592955350875854492 0.082474619150161743164 0.085447385907173156738 0.092433966696262359619 0.098734691739082336426 0.10996365547180175781 0.10515252500772476196 0.11678937822580337524 0.12017021328210830688 0.11978704482316970825 0.11806187033653259277 0.11504430323839187622 0.10546713322401046753 0.097400262951850891113 0.097180135548114776611 0.10006727278232574463 0.10130938887596130371 0.10138309746980667114 0.10214596986770629883 0.10254929214715957642 0.1047748178243637085 0.10523460805416107178 0.10345958918333053589 0.10098163783550262451 0.10614905506372451782 0.10829683393239974976 0.10640070587396621704 0.099845707416534423828 0.10208702832460403442 0.10370302200317382813 0.1010225638747215271
0.12758390605449676514 0.10794027894735336304 0.09452498704195022583 0.099270857870578765869 0.09925721585750579834 0.099856063723564147949 0.10087602585554122925 0.094366312026977539063 0.086505472660064697266 0.084816597402095794678 0.081117071211338043213 0.081339605152606964111 0.089118532836437225342 0.099683679640293121338 0.10875609517097473145 0.10397440940141677856 0.1128877103328704834 0.11756009608507156372 0.11828168481588363647 0.11826942861080169678 0.11343852430582046509 0.10674148052930831909 0.10191856324672698975 0.099418573081493377686 0.10362450778484344482 0.10266850143671035767 0.10199719667434692383 0.10417998582124710083 0.10319466143846511841 0.1068032681941986084 0.10595393180847167969 0.097553342580795288086 0.099852681159973144531 0.10380946844816207886 0.10393153876066207886 0.10672957450151443481 0.10361294448375701904 0.1044980660080909729 0.10397144407033920288 0.10642582923173904419
0.12049018591642379761 0.12206585705280303955 0.114884987473487854 0.10266995429992675781 0.097146585583686828613 0.092119015753269195557 0.091588027775287628174 0.092218257486820220947 0.08643837273120880127 0.083143316209316253662 0.080494128167629241943 0.081365868449211120605 0.089814834296703338623 0.10393163561820983887 0.10545574873685836792 0.10510804504156112671 0.11321562528610229492 0.11463336646556854248 0.11288604885339736938 0.11461162567138671875 0.10760727524757385254 0.10375124216079711914 0.10579309612512588501 0.10104088485240936279 0.1004266887903213501 0.099759228527545928955 0.099131792783737182617 0.1020401492714881897 0.10538988560438156128 0.10586898773908615112 0.098315656185150146484 0.095696218311786651611 0.098861970007419586182 0.10297464579343795776 0.10040060430765151978 0.10390101373195648193 0.11395417898893356323 0.11258524656295776367 0.10785245895385742188 0.1102341189980506897
0.11406128853559494019 0.13296121358871459961 0.1306559145450592041 0.11298460513353347778 0.09472154080867767334 0.088212534785270690918 0.086755603551864624023 0.085925593972206115723 0.087588824331760406494 0.080825269222259521484 0.080492712557315826416 0.080536618828773498535 0.090597428381443023682 0.10327037423849105835 0.10299572348594665527 0.1026868671178817749 0.11024054884910583496 0.11164037883281707764 0.10840661078691482544 0.10622385889291763306 0.10487893968820571899 0.10436093807220458984 0.09941050410270690918 0.098901115357875823975 0.097892381250858306885 0.099014863371849060059 0.098517790436744689941 0.10059466958045959473 0.10137198865413665771 0.098385468125343322754 0.0998973846435546875 0.094120837748050689697 0.098785459995269775391 0.10032149404287338257 0.09712886810302734375 0.10031675547361373901 0.10716155171394348145 0.10980836302042007446 0.10621297359466552734 0.10312593728303909302
0.10779009759426116943 0.12567952275276184082 0.12716759741306304932 0.11345746368169784546 0.090723320841789245605 0.085953988134860992432 0.085540123283863067627 0.084956817328929901123 0.086409322917461395264 0.079245500266551971436 0.079917326569557189941 0.082768291234970092773 0.098129287362098693848 0.10633392632007598877 0.10771074146032333374 0.1066251024603843689 0.11107318848371505737 0.11336663365364074707 0.10611111670732498169 0.1021528393030166626 0.10423159599304199219 0.10181131958961486816 0.09725932776927947998 0.098109483718872070313 0.098811805248260498047 0.098388850688934326172 0.099470943212509155273 0.09848479926586151123 0.092725567519664764404 0.092331469058990478516 0.093129031360149383545 0.091509670019149780273 0.092166878283023834229 0.093656666576862335205 0.091855183243751525879 0.095964767038822174072 0.09771557152271270752 0.10401886701583862305 0.10645686089992523193 0.10140242427587509155
0.099955916404724121094 0.10431610047817230225 0.11874387413263320923 0.11788976192474365234 0.0940953865647315979 0.087941154837608337402 0.085876807570457458496 0.08552560955286026001 0.082834586501121520996 0.080350346863269805908 0.083027474582195281982 0.089330129325389862061 0.10527393966913223267 0.11167776584625244141 0.11271636933088302612 0.11167875677347183228 0.11066886037588119507 0.1068194657564163208 0.10233032703399658203 0.10290802270174026489 0.10266103595495223999 0.098865143954753875732 0.097348228096961975098 0.097224928438663482666 0.098219543695449829102 0.097476467490196228027 0.097353249788284301758 0.091996073722839355469 0.091665945947170257568 0.092515572905540466309 0.091451279819011688232 0.091682381927967071533 0.092990040779113769531 0.096257425844669342041 0.10049381852149963379 0.10206586867570877075 0.09884090721607208252 0.10491383820772171021 0.10588313639163970947 0.10202378779649734497
0.097019016742706298828 0.10220603644847869873 0.11720796674489974976 0.11458087712526321411 0.092582337558269500732 0.089049197733402252197 0.086370632052421569824 0.088130027055740356445 0.081741027534008026123 0.083791598677635192871 0.083550497889518737793 0.085875600576400756836 0.096209675073623657227 0.10661298036575317383 0.11081468313932418823 0.11001737415790557861 0.11157813668251037598 0.10338714718818664551 0.10150616616010665894 0.10510372370481491089 0.098937869071960449219 0.096613362431526184082 0.096427865326404571533 0.096861697733402252197 0.097125485539436340332 0.098126724362373352051 0.095813751220703125 0.091025598347187042236 0.094476409256458282471 0.091600932180881500244 0.094204261898994445801 0.095343440771102905273 0.095414735376834869385 0.094613894820213317871 0.10236880183219909668 0.10640677064657211304 0.10246984660625457764 0.10462440550327301025 0.10618201643228530884 0.10280829668045043945
0.10076699405908584595 0.10456918179988861084 0.10414668917655944824 0.097184427082538604736 0.085225149989128112793 0.08418057858943939209 0.087814763188362121582 0.093913361430168151855 0.082812421023845672607 0.08425445854663848877 0.08322499692440032959 0.081456333398818969727 0.090542592108249664307 0.10742588341236114502 0.1130693480372428894 0.11194705963134765625 0.11019010841846466064 0.10407368093729019165 0.10102926194667816162 0.10491785407066345215 0.099382296204566955566 0.095751024782657623291 0.095155164599418640137 0.095828384160995483398 0.095802120864391326904 0.098435111343860626221 0.096504651010036468506 0.093336194753646850586 0.093657910823822021484 0.092969983816146850586 0.095134168863296508789 0.096395291388034820557 0.096030831336975097656 0.091566018760204315186 0.094699315726757049561 0.099730663001537322998 0.09879267960786819458 0.10152240097522735596 0.10576737672090530396 0.10428942739963531494
0.10342032462358474731 0.10823921114206314087 0.10297567397356033325 0.093665860593318939209 0.084448590874671936035 0.08338747173547744751 0.091136440634727478027 0.093832597136497497559 0.087344281375408172607 0.084075383841991424561 0.079490274190902709961 0.080497525632381439209 0.096323736011981964111 0.1093497052788734436 0.11112061887979507446 0.10803304612636566162 0.10259859263896942139 0.099991418421268463135 0.10013015568256378174 0.10143160820007324219 0.10233891755342483521 0.096009984612464904785 0.094360500574111938477 0.094708606600761413574 0.096215382218360900879 0.095490939915180206299 0.094152159988880157471 0.091787368059158325195 0.093207657337188720703 0.094689436256885528564 0.09580707550048828125 0.094761930406093597412 0.091125965118408203125 0.092502735555171966553 0.09564189612865447998 0.09852323681116104126 0.099012076854705810547 0.10048197954893112183 0.10092879831790924072 0.10319701582193374634
0.10277700424194335938 0.10410234332084655762 0.097134932875633239746 0.091849990189075469971 0.086345382034778594971 0.086834281682968139648 0.091960884630680084229 0.091039605438709259033 0.084388159215450286865 0.083375185728073120117 0.078874178230762481689 0.083972863852977752686 0.10488648712635040283 0.11540601402521133423 0.11060918122529983521 0.10082875192165374756 0.096887603402137756348 0.096666552126407623291 0.097130760550498962402 0.09985396265983581543 0.10080293565988540649 0.099303387105464935303 0.099068470299243927002 0.099141776561737060547 0.099947571754455566406 0.10248023271560668945 0.095595940947532653809 0.09800062328577041626 0.097015038132667541504 0.097700886428356170654 0.096142277121543884277 0.095041662454605102539 0.093086630105972290039 0.092657402157783508301 0.095477543771266937256 0.099232383072376251221 0.099418364465236663818 0.099937006831169128418 0.10199236869812011719 0.10416861623525619507
0.094870731234550476074 0.098146677017211914063 0.093127280473709106445 0.088922172784805297852 0.088546067476272583008 0.096450209617614746094 0.091538906097412109375 0.087802596390247344971 0.082388699054718017578 0.082781486213207244873 0.081063672900199890137 0.090947359800338745117 0.10898338258266448975 0.11031533032655715942 0.10189203917980194092 0.09995520859956741333 0.098621241748332977295 0.099017582833766937256 0.10030738264322280884 0.10432183742523193359 0.10576558113098144531 0.10310272127389907837 0.10853219777345657349 0.10690865665674209595 0.11308919638395309448 0.10540694743394851685 0.098199658095836639404 0.099379613995552062988 0.10005780309438705444 0.096538327634334564209 0.098314404487609863281 0.10005871951580047607 0.095254965126514434814 0.094269357621669769287 0.095425188541412353516 0.09709749370813369751 0.09750445932149887085 0.097634740173816680908 0.10079167783260345459 0.10267123579978942871
0.093354679644107818604 0.09612159430980682373 0.092141941189765930176 0.084420315921306610107 0.091682016849517822266 0.098382167518138885498 0.088220022618770599365 0.080187872052192687988 0.081035591661930084229 0.087989918887615203857 0.083645559847354888916 0.090204782783985137939 0.10016116499900817871 0.096950590610504150391 0.096638567745685577393 0.098270885646343231201 0.097216472029685974121 0.097633719444274902344 0.10040441155433654785 0.10734765976667404175 0.11079176515340805054 0.10685226321220397949 0.10521759092807769775 0.10306200385093688965 0.10661699622869491577 0.10535712540149688721 0.1028670966625213623 0.10585351288318634033 0.10995461046695709229 0.1005624234676361084 0.10700055956840515137 0.10018178075551986694 0.095030866563320159912 0.099002614617347717285 0.096765920519828796387 0.09674800187349319458 0.098459869623184204102 0.098541349172592163086 0.098776772618293762207 0.10155838727951049805
0.095481753349304199219 0.095114760100841522217 0.1001110076904296875 0.085872031748294830322 0.089819706976413726807 0.089166074991226196289 0.086659058928489685059 0.081702642142772674561 0.083648972213268280029 0.087325431406497955322 0.082552127540111541748 0.081806130707263946533 0.090017393231391906738 0.09304723888635635376 0.095827415585517883301 0.096404381096363067627 0.094998173415660858154 0.095864519476890563965 0.10183192789554595947 0.11060044169425964355 0.11796561628580093384 0.11365646868944168091 0.097838632762432098389 0.10076238960027694702 0.10527326911687850952 0.11555884033441543579 0.10476316511631011963 0.096558347344398498535 0.1005428805947303772 0.099786184728145599365 0.095749005675315856934 0.094224639236927032471 0.096280485391616821289 0.10729969292879104614 0.10612400621175765991 0.10057559609413146973 0.097144857048988342285 0.09815517812967300415 0.098556257784366607666 0.10007760673761367798
