INPUT/RASTER/ASCII/green2021.asc
ncols        225
nrows        269
xllcorner    473009.983799999987
yllcorner    4429051.174800000153
cellsize     50.000000000000
NODATA_value -9999
[rows 90 to 107 of 269, columns 160 to 199 of 225]
0.11636240780353546143 0.10628335922956466675 0.10041633248329162598 0.10153923183679580688 0.11117777973413467407 0.10989826172590255737 0.09235928952693939209 0.092410266399383544922 0.09519135206937789917 0.093420088291168212891 0.087332032620906829834 0.093972258269786834717 0.099995024502277374268 0.095780640840530395508 0.093732871115207672119 0.090552717447280883789 0.093920812010765075684 0.09654200822114944458 0.093693859875202178955 0.090175390243530273438 0.091803349554538726807 0.092025473713874816895 0.090856820344924926758 0.092042915523052215576 0.093219287693500518799 0.097482278943061828613 0.0986196175217628479 0.1035246923565864563 0.10948717594146728516 0.10622856020927429199 0.12128193676471710205 0.14092400670051574707 0.14145416021347045898 0.1176633983850479126 0.12552353739738464355 0.12785205245018005371 0.12451815605163574219 0.13012236356735229492 0.13840000331401824951 -9999
0.1215130537748336792 0.12067350000143051147 0.10509852319955825806 0.099243097007274627686 0.10268850624561309814 0.09378131479024887085 0.091692008078098297119 0.090620189905166625977 0.097859777510166168213 0.10166519135236740112 0.089608684182167053223 0.092674985527992248535 0.099576845765113830566 0.094628520309925079346 0.090661801397800445557 0.08859669417142868042 0.092453725636005401611 0.094618737697601318359 0.093416638672351837158 0.090404629707336425781 0.092362873256206512451 0.090938076376914978027 0.091515883803367614746 0.095254257321357727051 0.098444476723670959473 0.10394315421581268311 0.1006107032299041748 0.10119482129812240601 0.10581848025321960449 0.11581135541200637817 0.13009963929653167725 0.14351356029510498047 0.14206509292125701904 0.12662851810455322266 0.13762021064758300781 0.13468649983406066895 0.12389210611581802368 0.13272143900394439697 0.11620410531759262085 0.10115753859281539917
0.11643349379301071167 0.12902842462062835693 0.11804881691932678223 0.10108339041471481323 0.10263735055923461914 0.09262301027774810791 0.09075581282377243042 0.099057793617248535156 0.10588406026363372803 0.10018308460712432861 0.090092509984970092773 0.092756494879722595215 0.098104067146778106689 0.094980403780937194824 0.094212830066680908203 0.087520517408847808838 0.092973694205284118652 0.094826810061931610107 0.092248544096946716309 0.088889531791210174561 0.091839656233787536621 0.092662766575813293457 0.094863779842853546143 0.096861116588115692139 0.099064812064170837402 0.10305293649435043335 0.1000181734561920166 0.10020815581083297729 0.11197990924119949341 0.12248937785625457764 0.12564601004123687744 0.12565301358699798584 0.1286405026912689209 0.14372967183589935303 0.15632911026477813721 0.14624565839767456055 0.12410178780555725098 0.12092272192239761353 0.11135520040988922119 0.10973912477493286133
0.11808726191520690918 0.12013439834117889404 0.12154138088226318359 0.10332165658473968506 0.10521225631237030029 0.10167139768600463867 0.098072670400142669678 0.11146549135446548462 0.10699620842933654785 0.097532600164413452148 0.095521412789821624756 0.09236446768045425415 0.092844508588314056396 0.093837752938270568848 0.094599135220050811768 0.091249495744705200195 0.093454748392105102539 0.093084134161472320557 0.08974793553352355957 0.088830195367336273193 0.092342764139175415039 0.095432415604591369629 0.098643437027931213379 0.099832832813262939453 0.10028647631406784058 0.10124325007200241089 0.099784843623638153076 0.10196822136640548706 0.11711943894624710083 0.12370333820581436157 0.12057299166917800903 0.12045507878065109253 0.12031926959753036499 0.1423692852258682251 0.15550601482391357422 0.1429208219051361084 0.12372785806655883789 0.11309818178415298462 0.11072911322116851807 0.1068681180477142334
0.12092313915491104126 0.11646688729524612427 0.12603268027305603027 0.1034185066819190979 0.11878556013107299805 0.12196864932775497437 0.11027284711599349976 0.10988057404756546021 0.10956983268260955811 0.1077554747462272644 0.098879918456077575684 0.091551743447780609131 0.092864625155925750732 0.09089896082878112793 0.091478489339351654053 0.094310276210308074951 0.095845654606819152832 0.094480752944946289063 0.092658758163452148438 0.090399771928787231445 0.093738704919815063477 0.10714181512594223022 0.10435969382524490356 0.10024929046630859375 0.10185383260250091553 0.10040110349655151367 0.097290612757205963135 0.099789351224899291992 0.10631486773490905762 0.10542400926351547241 0.11169151961803436279 0.12307842820882797241 0.13078851997852325439 0.12860976159572601318 0.14512459933757781982 0.14383068680763244629 0.11922979354858398438 0.10820461809635162354 0.10542891919612884521 0.097887709736824035645
0.12895551323890686035 0.13232383131980895996 0.12392452359199523926 0.10182823985815048218 0.10782667994499206543 0.1070669218897819519 0.10144500434398651123 0.10172842442989349365 0.11365324258804321289 0.11009781062602996826 0.099168501794338226318 0.095642797648906707764 0.094934597611427307129 0.089290708303451538086 0.090464107692241668701 0.094740338623523712158 0.094781398773193359375 0.09497502446174621582 0.095526665449142456055 0.094832181930541992188 0.098227471113204956055 0.11429409682750701904 0.10495160520076751709 0.10080961138010025024 0.10486924648284912109 0.10026439279317855835 0.096026092767715454102 0.095791995525360107422 0.096293143928050994873 0.095849417150020599365 0.10360182076692581177 0.11926523596048355103 0.12007637321949005127 0.11673853546380996704 0.1311731189489364624 0.14310380816459655762 0.12239657342433929443 0.11483342945575714111 0.097732327878475189209 0.08995281904935836792
0.13652339577674865723 0.13038215041160583496 0.1243341490626335144 0.10839738696813583374 0.10664044320583343506 0.093968167901039123535 0.09575764089822769165 0.10263738781213760376 0.1114406585693359375 0.10541015863418579102 0.099575415253639221191 0.098806463181972503662 0.098366402089595794678 0.093684464693069458008 0.09327265620231628418 0.092244632542133331299 0.09167766571044921875 0.094369336962699890137 0.099436886608600616455 0.10800407081842422485 0.0996419563889503479 0.10112056136131286621 0.098692342638969421387 0.09816706925630569458 0.11269100010395050049 0.11536927521228790283 0.1005883440375328064 0.094377599656581878662 0.096513658761978149414 0.10073035955429077148 0.11767747253179550171 0.12590895593166351318 0.11803933233022689819 0.11132170259952545166 0.11929658800363540649 0.12951211631298065186 0.12166892737150192261 0.11450316011905670166 0.096641048789024353027 0.085971817374229431152
0.1331895291805267334 0.11116278916597366333 0.11837385594844818115 0.10743627697229385376 0.10321864485740661621 0.09585927426815032959 0.099046654999256134033 0.10282459110021591187 0.11099532991647720337 0.10572660714387893677 0.096768371760845184326 0.098928540945053100586 0.09792057424783706665 0.094624795019626617432 0.095783419907093048096 0.096137963235378265381 0.092664934694766998291 0.096361294388771057129 0.10785449296236038208 0.10017441213130950928 0.095031470060348510742 0.093509010970592498779 0.094426192343235015869 0.09605000913143157959 0.11189790815114974976 0.12322825193405151367 0.11489138752222061157 0.096855096518993377686 0.095684632658958435059 0.10419047623872756958 0.11196197569370269775 0.11955095827579498291 0.11851609498262405396 0.12112863361835479736 0.1202653050422668457 0.12574443221092224121 0.11435239017009735107 0.10495091229677200317 0.098148532211780548096 0.091348119080066680908
0.10696464776992797852 0.10823669284582138062 0.11523886024951934814 0.10204892605543136597 0.09764741361141204834 0.098584480583667755127 0.09631382673978805542 0.10007864981889724731 0.10874928534030914307 0.10559886693954467773 0.094697803258895874023 0.10055606812238693237 0.094079591333866119385 0.094934284687042236328 0.10250784456729888916 0.10386588424444198608 0.095709763467311859131 0.095024064183235168457 0.097069911658763885498 0.092627510428428649902 0.09196933358907699585 0.090134650468826293945 0.090025410056114196777 0.097324281930923461914 0.11391734331846237183 0.12492938339710235596 0.1143526807427406311 0.10137332230806350708 0.098163433372974395752 0.099868603050708770752 0.096549928188323974609 0.10057263076305389404 0.1083597913384437561 0.11894037574529647827 0.11212747544050216675 0.11519987136125564575 0.11055293679237365723 0.1077443733811378479 0.103437766432762146 0.094026952981948852539
0.10156116634607315063 0.098860733211040496826 0.10501760989427566528 0.10144708305597305298 0.10002846270799636841 0.098036728799343109131 0.097603537142276763916 0.10021720081567764282 0.10202728956937789917 0.09818258136510848999 0.092945612967014312744 0.099352471530437469482 0.092568315565586090088 0.090453997254371643066 0.094990402460098266602 0.094332784414291381836 0.091008201241493225098 0.093333140015602111816 0.092807769775390625 0.091748230159282684326 0.093082800507545471191 0.091772414743900299072 0.092190690338611602783 0.10817167162895202637 0.12048879265785217285 0.11876945197582244873 0.10081113874912261963 0.096858240664005279541 0.096969522535800933838 0.095887891948223114014 0.092026717960834503174 0.09378357231616973877 0.097367554903030395508 0.10636895895004272461 0.11209983378648757935 0.11947653442621231079 0.11066959798336029053 0.10214258730411529541 0.099487118422985076904 0.095763131976127624512
0.10629993677139282227 0.10139643400907516479 0.10079529881477355957 0.10121896117925643921 0.10072787851095199585 0.10432108491659164429 0.099462829530239105225 0.098559662699699401855 0.09589315950870513916 0.094712920486927032471 0.096813224256038665771 0.093349657952785491943 0.090216122567653656006 0.08934507519006729126 0.085658878087997436523 0.090191230177879333496 0.092093102633953094482 0.094572238624095916748 0.092122852802276611328 0.09265979379415512085 0.092532418668270111084 0.092013821005821228027 0.099543780088424682617 0.1156705021858215332 0.1161762923002243042 0.10667626559734344482 0.095487527549266815186 0.095467291772365570068 0.093632340431213378906 0.095504142343997955322 0.092306524515151977539 0.092378921806812286377 0.09243784099817276001 0.098702631890773773193 0.12011027336120605469 0.1381362229585647583 0.124514751136302948 0.099564813077449798584 0.089850835502147674561 0.0951251983642578125
0.10498704016208648682 0.10308498144149780273 0.10393894463777542114 0.097896449267864227295 0.10197365283966064453 0.107410430908203125 0.10782796889543533325 0.098536945879459381104 0.093567483127117156982 0.09510180354118347168 0.10406646132469177246 0.098266623914241790771 0.097528032958507537842 0.098140589892864227295 0.089274615049362182617 0.093899190425872802734 0.095060624182224273682 0.096679911017417907715 0.093507118523120880127 0.093032002449035644531 0.094536811113357543945 0.094658277928829193115 0.102792397141456604 0.10568538308143615723 0.099150672554969787598 0.09596869349479675293 0.097061581909656524658 0.093552380800247192383 0.092314891517162322998 0.09134241938591003418 0.08979330211877822876 0.090546444058418273926 0.095150478184223175049 0.10524816811084747314 0.12167850136756896973 0.12848140299320220947 0.12678347527980804443 0.10472701489925384521 0.089861556887626647949 0.09087527543306350708
0.09650913625955581665 0.092211551964282989502 0.093234486877918243408 0.10059873759746551514 0.10806673765182495117 0.10524601489305496216 0.095566645264625549316 0.093335874378681182861 0.093883126974105834961 0.099625922739505767822 0.1011912226676940918 0.099187284708023071289 0.10062667727470397949 0.10000199824571609497 0.094728514552116394043 0.094575129449367523193 0.094463519752025604248 0.094185531139373779297 0.092611901462078094482 0.092287383973598480225 0.093184962868690490723 0.094926871359348297119 0.10377692431211471558 0.10205787420272827148 0.097448356449604034424 0.095127597451210021973 0.099062629044055938721 0.095739722251892089844 0.092075712978839874268 0.090291492640972137451 0.090924739837646484375 0.089164555072784423828 0.10022297501564025879 0.11676894873380661011 0.11969337612390518188 0.11672537028789520264 0.11165128648281097412 0.10721566528081893921 0.10047630220651626587 0.095591731369495391846
0.08881197124719619751 0.086938716471195220947 0.092583827674388885498 0.11401777714490890503 0.12238827347755432129 0.11703725159168243408 0.097168564796447753906 0.093189425766468048096 0.09740171581506729126 0.10616190731525421143 0.095493078231811523438 0.095489203929901123047 0.093815930187702178955 0.092370942234992980957 0.095266252756118774414 0.094445593655109405518 0.095825113356113433838 0.094446115195751190186 0.095416046679019927979 0.096090577542781829834 0.094131805002689361572 0.10535550862550735474 0.10963387787342071533 0.097608447074890136719 0.09066817164421081543 0.087906859815120697021 0.090008310973644256592 0.096834257245063781738 0.095624007284641265869 0.093054138123989105225 0.09494094550609588623 0.0985792502760887146 0.10353241115808486938 0.10529297590255737305 0.10566953569650650024 0.10103487223386764526 0.10461129248142242432 0.099026829004287719727 0.095113679766654968262 0.099000707268714904785
0.090487934648990631104 0.093889243900775909424 0.10614660382270812988 0.12355252355337142944 0.12200666218996047974 0.12251112610101699829 0.1054325103759765625 0.096398115158081054688 0.1068655550479888916 0.10618542879819869995 0.10940036177635192871 0.10196310281753540039 0.094867400825023651123 0.092073544859886169434 0.091296084225177764893 0.092378452420234680176 0.096764780580997467041 0.10202774405479431152 0.10215727239847183228 0.10013013333082199097 0.10759385675191879272 0.12392317503690719604 0.11625467240810394287 0.097080811858177185059 0.092260077595710754395 0.088991969823837280273 0.090974114835262298584 0.096637859940528869629 0.10042272508144378662 0.098894760012626647949 0.10410984605550765991 0.10073719173669815063 0.097560130059719085693 0.096559919416904449463 0.095796152949333190918 0.094465307891368865967 0.10157624632120132446 0.098029531538486480713 0.093592911958694458008 0.093644320964813232422
0.11253195255994796753 0.11265896260738372803 0.11368077993392944336 0.11618763208389282227 0.12106107175350189209 0.11235520988702774048 0.10635427385568618774 0.10339313000440597534 0.10608690977096557617 0.10467292368412017822 0.11015404015779495239 0.09998086094856262207 0.09505090862512588501 0.096614472568035125732 0.099869988858699798584 0.094882741570472717285 0.095335647463798522949 0.10409738123416900635 0.10175200551748275757 0.096005149185657501221 0.10025388747453689575 0.11239746212959289551 0.1184482276439666748 0.10304312407970428467 0.10112379491329193115 0.09606326371431350708 0.092068314552307128906 0.099491789937019348145 0.10111486166715621948 0.099016048014163970947 0.099994115531444549561 0.097618423402309417725 0.098002500832080841064 0.10052011162042617798 0.096484519541263580322 0.093554824590682983398 0.096143223345279693604 0.094661973416805267334 0.092371016740798950195 0.093724429607391357422
0.10603464394807815552 0.10163005441427230835 0.099620960652828216553 0.099091731011867523193 0.11316331475973129272 0.097882956266403198242 0.094747588038444519043 0.097046263515949249268 0.097594723105430603027 0.099658042192459106445 0.10274199396371841431 0.098733633756637573242 0.10317581146955490112 0.10735105723142623901 0.1009011194109916687 0.10204797238111495972 0.097779929637908935547 0.098985277116298675537 0.096326902508735656738 0.093412823975086212158 0.092911638319492340088 0.096813514828681945801 0.1010053977370262146 0.10028681904077529907 0.10894653201103210449 0.098294571042060852051 0.096212461590766906738 0.10828353464603424072 0.10665901750326156616 0.097888745367527008057 0.095439039170742034912 0.095577649772167205811 0.10506432503461837769 0.10979823768138885498 0.10408489406108856201 0.095660746097564697266 0.092111520469188690186 0.092683456838130950928 0.090554676949977874756 0.095098860561847686768
0.093161061406135559082 0.089583612978458404541 0.097379028797149658203 0.097430139780044555664 0.10285077989101409912 0.096860602498054504395 0.093084119260311126709 0.091976232826709747314 0.095833741128444671631 0.095360107719898223877 0.093839205801486968994 0.090452775359153747559 0.095387756824493408203 0.099311687052249908447 0.094879023730754852295 0.097423680126667022705 0.09630610048770904541 0.095707938075065612793 0.092874363064765930176 0.093971021473407745361 0.090987578034400939941 0.092545196413993835449 0.097902774810791015625 0.1008679121732711792 0.1110507771372795105 0.099705927073955535889 0.09709663689136505127 0.10198899358510971069 0.099437355995178222656 0.096029765903949737549 0.095983944833278656006 0.10506422817707061768 0.11226789653301239014 0.10574388504028320313 0.10535717755556106567 0.099357515573501586914 0.096268415451049804688 0.092042967677116394043 0.088606975972652435303 0.090199999511241912842
