INPUT/RASTER/ASCII/green2021.asc
ncols        225
nrows        269
xllcorner    473009.983799999987
yllcorner    4429051.174800000153
cellsize     50.000000000000
NODATA_value -9999
[rows 72 to 89 of 269, columns 160 to 199 of 225]
0.11651960760354995728 0.11807866394519805908 0.11946849524974822998 0.13050089776515960693 0.13499210774898529053 0.13832324743270874023 0.12731820344924926758 0.11488194763660430908 0.1105756908655166626 0.10882855206727981567 0.10046266764402389526 0.094128750264644622803 0.098840400576591491699 0.10116219520568847656 0.10073263198137283325 0.10186710208654403687 0.10440348833799362183 0.10061161220073699951 0.10176184773445129395 0.096834205090999603271 0.10607153922319412231 -9999 -9999 -9999 -9999 -9999 -9999 -9999 -9999 -9999 -9999 -9999 -9999 -9999 -9999 -9999 -9999 -9999 -9999 -9999
0.11921865493059158325 0.1164369434118270874 0.12198203057050704956 0.12574794888496398926 0.1211841776967048645 0.11801362037658691406 0.11377552151679992676 0.11213514208793640137 0.1133844032883644104 0.1112909168004989624 0.10093660652637481689 0.090240679681301116943 0.094856880605220794678 0.097481347620487213135 0.098157539963722229004 0.10488583147525787354 0.11904681473970413208 0.10967782139778137207 0.09685430675745010376 0.095126181840896606445 0.10491867363452911377 -9999 -9999 -9999 -9999 -9999 -9999 -9999 -9999 -9999 -9999 -9999 -9999 -9999 -9999 -9999 -9999 -9999 -9999 -9999
0.10676600039005279541 0.11263184994459152222 0.12112963944673538208 0.1240868493914604187 0.11651001870632171631 0.11137360334396362305 0.11348719149827957153 0.11540370434522628784 0.1116056591272354126 0.11623522639274597168 0.10585334151983261108 0.098730303347110748291 0.098352991044521331787 0.096951998770236968994 0.10321280360221862793 0.11310853809118270874 0.10308089852333068848 0.099519036710262298584 0.099475577473640441895 0.096782498061656951904 0.096419498324394226074 0.10545270144939422607 0.10549999773502349854 -9999 -9999 -9999 -9999 -9999 -9999 -9999 -9999 -9999 -9999 -9999 -9999 -9999 -9999 -9999 -9999 -9999
0.094197601079940795898 0.10266473889350891113 0.10258451849222183228 0.1063082963228225708 0.10845603048801422119 0.11089763045310974121 0.11425149440765380859 0.12250729650259017944 0.12028085440397262573 0.11821485310792922974 0.11125903576612472534 0.10546703636646270752 0.11229225993156433105 0.11382889747619628906 0.1117867007851600647 0.10780156403779983521 0.095725968480110168457 0.091650150716304779053 0.096239984035491943359 0.093837380409240722656 0.092016659677028656006 0.097913116216659545898 0.098001301288604736328 0.098740182816982269287 0.088149011135101318359 -9999 -9999 -9999 -9999 -9999 -9999 -9999 -9999 -9999 -9999 -9999 -9999 -9999 -9999 -9999
0.10037560760974884033 0.10020709037780761719 0.10376205295324325562 0.1125672459602355957 0.10967478156089782715 0.097722269594669342041 0.094973184168338775635 0.10606288164854049683 0.12114588916301727295 0.11893174797296524048 0.11926621198654174805 0.11860861629247665405 0.1202676817774772644 0.11826425790786743164 0.11285360902547836304 0.10409881919622421265 0.099707111716270446777 0.092440403997898101807 0.096804842352867126465 0.096033185720443725586 0.09400463104248046875 0.094751253724098205566 0.093910105526447296143 0.094288565218448638916 0.091043792665004730225 -9999 -9999 -9999 -9999 -9999 -9999 -9999 -9999 -9999 -9999 -9999 -9999 -9999 -9999 -9999
0.10276991873979568481 0.10303971171379089355 0.10537981986999511719 0.11384923011064529419 0.10614232718944549561 0.096685886383056640625 0.092212937772274017334 0.095271222293376922607 0.11487226933240890503 0.12123864144086837769 0.12107537686824798584 0.11411794275045394897 0.10979129374027252197 0.11333110928535461426 0.11771404743194580078 0.11431684345006942749 0.10430900752544403076 0.09420811384916305542 0.094678871333599090576 0.10277923941612243652 0.096616163849830627441 0.10199836641550064087 0.094018280506134033203 0.092531993985176086426 0.093999996781349182129 -9999 -9999 -9999 -9999 -9999 -9999 -9999 -9999 -9999 -9999 -9999 -9999 -9999 -9999 -9999
0.10549382120370864868 0.10514998435974121094 0.101815052330493927 0.09842656552791595459 0.096422478556632995605 0.093781530857086181641 0.093451581895351409912 0.091959103941917419434 0.10536739975214004517 0.11717943102121353149 0.11239091306924819946 0.10077171772718429565 0.097955130040645599365 0.109675578773021698 0.11337098479270935059 0.10626950114965438843 0.094902269542217254639 0.094478540122509002686 0.093640588223934173584 0.098901577293872833252 0.1008882671594619751 0.10548431426286697388 0.097841113805770874023 0.094431579113006591797 0.086317852139472961426 0.087008059024810791016 -9999 -9999 -9999 -9999 -9999 -9999 -9999 -9999 -9999 -9999 -9999 -9999 -9999 -9999
0.10524087399244308472 0.10137922316789627075 0.10463594645261764526 0.098451972007751464844 0.092297889292240142822 0.091932289302349090576 0.097457431256771087646 0.092967621982097625732 0.099333524703979492188 0.099226728081703186035 0.10134828835725784302 0.096294201910495758057 0.10517949610948562622 0.11383818089962005615 0.10036101192235946655 0.1051127314567565918 0.099458351731300354004 0.093839511275291442871 0.093977838754653930664 0.091172501444816589355 0.10131306201219558716 0.11070607602596282959 0.093922801315784454346 0.093193888664245605469 0.09304799884557723999 0.096669234335422515869 0.099817357957363128662 -9999 -9999 -9999 -9999 -9999 -9999 -9999 -9999 -9999 -9999 -9999 -9999 -9999
0.10500173270702362061 0.10182978212833404541 0.10020095109939575195 0.097970150411128997803 0.085645884275436401367 0.089095711708068847656 0.091493777930736541748 0.09533907473087310791 0.093215800821781158447 0.093203864991664886475 0.097417645156383514404 0.11031050980091094971 0.10724501311779022217 0.1095911860466003418 0.10455808043479919434 0.11441749334335327148 0.098603203892707824707 0.092619568109512329102 0.097086124122142791748 0.097124226391315460205 0.10485647618770599365 0.10096132755279541016 0.089027620851993560791 0.086579509079456329346 0.089589141309261322021 0.09481023252010345459 0.096382461488246917725 0.095806665718555450439 -9999 -9999 -9999 -9999 -9999 -9999 -9999 -9999 -9999 -9999 -9999 -9999
0.11714245378971099854 0.10937386751174926758 0.10274293273687362671 0.095714196562767028809 0.086577542126178741455 0.087580263614654541016 0.091727033257484436035 0.097806818783283233643 0.098518326878547668457 0.097819648683071136475 0.11802567541599273682 0.12344918400049209595 0.10844552516937255859 0.10691547393798828125 0.1041360124945640564 0.10704400390386581421 0.094489790499210357666 0.096112690865993499756 0.090220533311367034912 0.094323694705963134766 0.10439611226320266724 0.090829238295555114746 0.08857250213623046875 0.092033624649047851563 0.092063546180725097656 0.091904491186141967773 0.095246106386184692383 0.093854419887065887451 0.098904430866241455078 0.10289999842643737793 -9999 -9999 -9999 -9999 -9999 -9999 -9999 -9999 -9999 -9999
0.12108236551284790039 0.13253681361675262451 0.12263822555541992188 0.10321018844842910767 0.089396499097347259521 0.087768800556659698486 0.088869608938694000244 0.093697570264339447021 0.09277102351188659668 0.099618770182132720947 0.11518657952547073364 0.12170181423425674438 0.11238191276788711548 0.10519828647375106812 0.1009888872504234314 0.098157346248626708984 0.102418556809425354 0.093214467167854309082 0.089140325784683227539 0.089582875370979309082 0.090279266238212585449 0.088480211794376373291 0.093211106956005096436 0.094718344509601593018 0.092027641832828521729 0.092598490417003631592 0.093372769653797149658 0.096528619527816772461 0.10267555713653564453 0.10802770406007766724 0.1055701524019241333 -9999 -9999 -9999 -9999 -9999 -9999 -9999 -9999 -9999
0.11143992841243743896 0.12867628037929534912 0.1353114694356918335 0.12240659445524215698 0.1018282771110534668 0.095489166676998138428 0.084867805242538452148 0.09028755873441696167 0.095889411866664886475 0.10550315678119659424 0.10199817270040512085 0.10232266038656234741 0.11188165843486785889 0.10831628739833831787 0.10527785122394561768 0.10879600793123245239 0.10267839580774307251 0.091107673943042755127 0.092817105352878570557 0.095940791070461273193 0.09048366546630859375 0.092379719018936157227 0.091971360146999359131 0.093654580414295196533 0.090947419404983520508 0.088527053594589233398 0.090826392173767089844 0.099181413650512695313 0.1007146984338760376 0.1044637635350227356 0.10217438638210296631 -9999 -9999 -9999 -9999 -9999 -9999 -9999 -9999 -9999
0.10343606024980545044 0.10463567823171615601 0.1344203948974609375 0.13150170445442199707 0.10016340762376785278 0.090803727507591247559 0.088705003261566162109 0.091605491936206817627 0.093949906527996063232 0.099779590964317321777 0.09474407881498336792 0.10147152096033096313 0.10668107122182846069 0.10849305242300033569 0.10248236358165740967 0.10240817815065383911 0.095951534807682037354 0.090536460280418395996 0.090485110878944396973 0.094004042446613311768 0.094491675496101379395 0.094114951789379119873 0.094402603805065155029 0.093664988875389099121 0.093067601323127746582 0.090593807399272918701 0.091149955987930297852 0.10162803530693054199 0.10270357131958007813 0.10204561054706573486 0.10373218357563018799 0.10450032353401184082 -9999 -9999 -9999 -9999 -9999 -9999 -9999 -9999
0.10843367129564285278 0.098225519061088562012 0.1182702481746673584 0.11900006979703903198 0.10616281628608703613 0.10212939977645874023 0.093144364655017852783 0.095280282199382781982 0.090983405709266662598 0.095254622399806976318 0.096519924700260162354 0.095231875777244567871 0.095938645303249359131 0.1071755141019821167 0.10174258053302764893 0.10442156344652175903 0.10259718447923660278 0.09611912071704864502 0.094608038663864135742 0.094786159694194793701 0.09666016697883605957 0.095467306673526763916 0.095115862786769866943 0.093303315341472625732 0.09213457256555557251 0.092101588845252990723 0.091798745095729827881 0.098139069974422454834 0.10394051671028137207 0.10199812054634094238 0.10482660681009292603 0.10371860116720199585 0.097521640360355377197 0.098800003528594970703 -9999 -9999 -9999 -9999 -9999 -9999
0.11014812439680099487 0.096916556358337402344 0.10237672179937362671 0.11121677607297897339 0.11192730069160461426 0.11371813714504241943 0.096645981073379516602 0.090906895697116851807 0.091549389064311981201 0.08966948091983795166 0.090143762528896331787 0.092652626335620880127 0.098862372338771820068 0.10123290866613388062 0.10402105003595352173 0.10502684861421585083 0.10155206918716430664 0.099531218409538269043 0.097942233085632324219 0.09852304309606552124 0.10030941665172576904 0.09747781604528427124 0.094342254102230072021 0.093760378658771514893 0.090912699699401855469 0.091168075799942016602 0.089983917772769927979 0.092907726764678955078 0.10126844793558120728 0.10013920813798904419 0.10151728987693786621 0.1019582599401473999 0.11116024106740951538 0.11442283540964126587 0.10987502336502075195 -9999 -9999 -9999 -9999 -9999
0.10967657715082168579 0.1025109514594078064 0.091031566262245178223 0.097412928938865661621 0.10422447323799133301 0.11277461796998977661 0.097100108861923217773 0.090001478791236877441 0.092698305845260620117 0.091703377664089202881 0.090747922658920288086 0.091822981834411621094 0.099583961069583892822 0.09401426464319229126 0.099099658429622650146 0.096486911177635192871 0.096594281494617462158 0.094976358115673065186 0.096617870032787322998 0.10377173870801925659 0.10832384228706359863 0.099105961620807647705 0.095993086695671081543 0.096187882125377655029 0.093352496623992919922 0.092285990715026855469 0.092782445251941680908 0.09439945220947265625 0.097163252532482147217 0.095840491354465484619 0.096707552671432495117 0.09919366985559463501 0.10663481056690216064 0.11291976273059844971 0.13200581073760986328 0.12911209464073181152 0.12838478386402130127 -9999 -9999 -9999
0.10403417050838470459 0.094819478690624237061 0.094444453716278076172 0.094687446951866149902 0.09728250652551651001 0.10683362185955047607 0.097990021109580993652 0.091476783156394958496 0.090012021362781524658 0.092318229377269744873 0.091009050607681274414 0.096360296010971069336 0.098699197173118591309 0.088102936744689941406 0.089421257376670837402 0.090652994811534881592 0.092959128320217132568 0.094114966690540313721 0.09532085806131362915 0.10213208943605422974 0.098956234753131866455 0.091279529035091400146 0.094147242605686187744 0.096301667392253875732 0.095508269965648651123 0.092005208134651184082 0.094300799071788787842 0.1026018187403678894 0.10618176311254501343 0.10256198793649673462 0.099596150219440460205 0.10239570587873458862 0.10786747932434082031 0.1200116574764251709 0.13275514543056488037 0.12329316139221191406 0.12646812200546264648 0.12820011377334594727 0.13602174818515777588 -9999
0.1073794439435005188 0.096403509378433227539 0.10132738202810287476 0.10206969082355499268 0.10402002930641174316 0.10437071323394775391 0.091831855475902557373 0.091616645455360412598 0.090220190584659576416 0.089132428169250488281 0.089455455541610717773 0.096216879785060882568 0.10209833085536956787 0.091299630701541900635 0.090842537581920623779 0.091552361845970153809 0.093658454716205596924 0.094941727817058563232 0.095658525824546813965 0.093515865504741668701 0.092385023832321166992 0.092259556055068969727 0.093221366405487060547 0.09271059185266494751 0.091061107814311981201 0.091676801443099975586 0.094313234090805053711 0.10433097183704376221 0.10665278136730194092 0.10059026628732681274 0.10333184152841567993 0.11614251881837844849 0.12963095307350158691 0.11969756335020065308 0.1313409954309463501 0.11911323666572570801 0.12705884873867034912 0.13501550257205963135 0.13943041861057281494 -9999
