INPUT/RASTER/ASCII/green.asc
ncols        225
nrows        269
xllcorner    473000.000000000000
yllcorner    4429100.000000000000
cellsize     50.000000000000
NODATA_value -9999
[rows 171 to 189 of 269, columns 0 to 41 of 225]
-9999 -9999 -9999 -9999 0.088031999766826629639 0.087459996342658996582 0.092235997319221496582 0.092767998576164245605 0.10424400120973587036 0.10507600009441375732 0.10794799774885177612 0.091696001589298248291 0.097375996410846710205 0.095936000347137451172 0.09496799856424331665 0.091303996741771697998 0.092124000191688537598 0.097511999309062957764 0.094884000718593597412 0.094304002821445465088 0.086967997252941131592 0.084747999906539916992 0.082883998751640319824 0.087559998035430908203 0.087399996817111968994 0.090916000306606292725 0.092047996819019317627 0.099363997578620910645 0.09330800175666809082 0.098944000899791717529 0.09873600304126739502 0.099671997129917144775 0.10143999755382537842 0.096983999013900756836 0.095820002257823944092 0.096252001821994781494 0.097751997411251068115 0.10261599719524383545 0.10876400023698806763 0.10246399790048599243 0.099487997591495513916 0.10224399715662002563
-9999 -9999 -9999 -9999 0.090176001191139221191 0.085391998291015625 0.091384001076221466064 0.097608000040054321289 0.10504399985074996948 0.10841999948024749756 0.10781600326299667358 0.096068002283573150635 0.10807999968528747559 0.094499997794628143311 0.092076003551483154297 0.093124002218246459961 0.096607998013496398926 0.09311600029468536377 0.087416000664234161377 0.081968002021312713623 0.081891998648643493652 0.082064002752304077148 0.089171998202800750732 0.093780003488063812256 0.094407998025417327881 0.091568000614643096924 0.10096400231122970581 0.10621999949216842651 0.1018920019268989563 0.10071200132369995117 0.098131999373435974121 0.096684001386165618896 0.096335999667644500732 0.096327997744083404541 0.096139997243881225586 0.096060000360012054443 0.10103599727153778076 0.10175199806690216064 0.10172799974679946899 0.099855996668338775635 0.10044399648904800415 0.098892003297805786133
-9999 -9999 -9999 -9999 0.08813200145959854126 0.082847997546195983887 0.089135996997356414795 0.099440000951290130615 0.10509599745273590088 0.10577599704265594482 0.10542800277471542358 0.097740001976490020752 0.09515199810266494751 0.092592000961303710938 0.088215999305248260498 0.092015996575355529785 0.093819998204708099365 0.087260000407695770264 0.083475999534130096436 0.091275997459888458252 0.098647996783256530762 0.097580000758171081543 0.10133600234985351562 0.10423199832439422607 0.10506399720907211304 0.10339199751615524292 0.10465200245380401611 0.10047600418329238892 0.096996001899242401123 0.097648002207279205322 0.095596000552177429199 0.10021200031042098999 0.10091999918222427368 0.10024800151586532593 0.097591996192932128906 0.095908001065254211426 0.10238000005483627319 0.1014560014009475708 0.099299997091293334961 0.097567997872829437256 0.096423998475074768066 0.094884000718593597412
-9999 -9999 -9999 -9999 0.083247996866703033447 0.091519996523857116699 0.093860000371932983398 0.096188001334667205811 0.10135199874639511108 0.10486800223588943481 0.095604002475738525391 0.091059997677803039551 0.10682000219821929932 0.094120003283023834229 0.090092003345489501953 0.0934239998459815979 0.090020000934600830078 0.089703999459743499756 0.08845599740743637085 0.10148400068283081055 0.10588400065898895264 0.10458800196647644043 0.10222399979829788208 0.09981200098991394043 0.11386000365018844604 0.11711200326681137085 0.10890399664640426636 0.10018800199031829834 0.097871996462345123291 0.09936799854040145874 0.096447996795177459717 0.10033600032329559326 0.10807999968528747559 0.10372000187635421753 0.098251998424530029297 0.096588000655174255371 0.098127998411655426025 0.096972003579139709473 0.098379999399185180664 0.099008001387119293213 0.092275999486446380615 0.093428000807762145996
-9999 -9999 -9999 0.083644002676010131836 0.08949200063943862915 0.090176001191139221191 0.09419199824333190918 0.098659999668598175049 0.10983599722385406494 0.094300001859664916992 0.095871999859809875488 0.10271199792623519897 0.10955199599266052246 0.095724001526832580566 0.093099996447563171387 0.094563998281955718994 0.091963998973369598389 0.089968003332614898682 0.08920799940824508667 0.10153199732303619385 0.096908003091812133789 0.095568001270294189453 0.094556003808975219727 0.096879996359348297119 0.10276400297880172729 0.11125999689102172852 0.10066799819469451904 0.10013199597597122192 0.098972000181674957275 0.097683995962142944336 0.098375998437404632568 0.10435999929904937744 0.10163199901580810547 0.09782399982213973999 0.097280003130435943604 0.096643999218940734863 0.092887997627258300781 0.088940002024173736572 0.091412000358104705811 0.094163998961448669434 0.094028003513813018799 0.095692001283168792725
0.084891997277736663818 0.083796001970767974854 0.085763998329639434814 0.091172002255916595459 0.092596001923084259033 0.089195996522903442383 0.093135997653007507324 0.096524000167846679688 0.10968799889087677002 0.10266400128602981567 0.10314399749040603638 0.12094800174236297607 0.1099679991602897644 0.10616800189018249512 0.097060002386569976807 0.097415998578071594238 0.091587997972965240479 0.095375999808311462402 0.092264004051685333252 0.090875998139381408691 0.09197200089693069458 0.09328400343656539917 0.091328002512454986572 0.095052003860473632812 0.099675998091697692871 0.1003720015287399292 0.098871998488903045654 0.10081999748945236206 0.098219998180866241455 0.09433600306510925293 0.093971997499465942383 0.097947999835014343262 0.096720002591609954834 0.092540003359317779541 0.092927999794483184814 0.094148002564907073975 0.095031999051570892334 0.088731996715068817139 0.096295997500419616699 0.09908399730920791626 0.097575999796390533447 0.096271999180316925049
-9999 0.092795997858047485352 0.094584003090858459473 0.097484000027179718018 0.096539996564388275146 0.094728000462055206299 0.099412001669406890869 0.10409200191497802734 0.10144399851560592651 0.11053600162267684937 0.11297599971294403076 0.10559999942779541016 0.10391599684953689575 0.11511600017547607422 0.099200002849102020264 0.091767996549606323242 0.092803999781608581543 0.092284001410007476807 0.097836002707481384277 0.096528001129627227783 0.09485200047492980957 0.091256000101566314697 0.092799998819828033447 0.096083998680114746094 0.092996001243591308594 0.092780001461505889893 0.10113599896430969238 0.1001520007848739624 0.094351999461650848389 0.096419997513294219971 0.094392001628875732422 0.091380000114440917969 0.089351996779441833496 0.091435998678207397461 0.091264002025127410889 0.092000000178813934326 0.098148003220558166504 0.096692003309726715088 0.10185600072145462036 0.097428001463413238525 0.096519999206066131592 0.10146799683570861816
-9999 -9999 0.097167998552322387695 0.098516002297401428223 0.098715998232364654541 0.098939999938011169434 0.10533600300550460815 0.1090999990701675415 0.10102800279855728149 0.099887996912002563477 0.1057960018515586853 0.10425999760627746582 0.10954400151968002319 0.099615998566150665283 0.093500003218650817871 0.092947997152805328369 0.094443999230861663818 0.094428002834320068359 0.10463599860668182373 0.10307200253009796143 0.094800002872943878174 0.09550400078296661377 0.10132800042629241943 0.092483997344970703125 0.091459996998310089111 0.093312002718448638916 0.093415997922420501709 0.098623998463153839111 0.109535999596118927 0.11381199955940246582 0.10566399991512298584 0.10716000199317932129 0.10421200096607208252 0.10716400295495986938 0.090539999306201934814 0.0886479988694190979 0.094548001885414123535 0.10228399932384490967 0.1023759990930557251 0.11103600263595581055 0.10292399674654006958 0.10659600049257278442
-9999 -9999 -9999 0.1028599962592124939 0.10286399722099304199 0.10251600295305252075 0.10723199695348739624 0.10599599778652191162 0.09852399677038192749 0.099919997155666351318 0.095072001218795776367 0.099388003349304199219 0.10592400282621383667 0.10590399801731109619 0.097148001194000244141 0.093947999179363250732 0.090039998292922973633 0.093167997896671295166 0.09712400287389755249 0.10172799974679946899 0.099119998514652252197 0.10336799919605255127 0.10095199942588806152 0.10040000081062316895 0.086344003677368164062 0.089355997741222381592 0.091679997742176055908 0.10303200036287307739 0.1081840023398399353 0.1104039996862411499 0.11817999929189682007 0.11469200253486633301 0.10987199842929840088 0.10632800310850143433 0.089671999216079711914 0.088423997163772583008 0.094576001167297363281 0.11285199970006942749 0.12368799746036529541 0.11095199733972549438 0.10838399827480316162 0.097372002899646759033
-9999 -9999 -9999 -9999 0.10653200000524520874 0.10342399775981903076 0.1064999997615814209 0.11080399900674819946 0.12603999674320220947 0.10481999814510345459 0.093043997883796691895 0.092664003372192382812 0.10098399966955184937 0.13123999536037445068 0.12101599574089050293 0.097043998539447784424 0.090648002922534942627 0.08981599658727645874 0.091675996780395507812 0.098024003207683563232 0.096475996077060699463 0.096023999154567718506 0.092536002397537231445 0.097520001232624053955 0.091863997280597686768 0.08768799901008605957 0.092168003320693969727 0.1099760010838508606 0.11418399959802627563 0.11425200104713439941 0.1114920005202293396 0.10955599695444107056 0.10869999974966049194 0.097947999835014343262 0.08804000169038772583 0.092735998332500457764 0.098191998898983001709 0.10385599732398986816 0.12377200275659561157 0.12364000082015991211 0.1315120011568069458 0.11182799935340881348
-9999 -9999 -9999 -9999 0.10242400318384170532 0.10127200186252593994 0.11110400408506393433 0.11521600186824798584 0.12609200179576873779 0.11711599677801132202 0.096996001899242401123 0.094183996319770812988 0.093740001320838928223 0.10127200186252593994 0.097528003156185150146 0.094144001603126525879 0.092504002153873443604 0.092027999460697174072 0.092927999794483184814 0.096472002565860748291 0.10001999884843826294 0.093699999153614044189 0.089808002114295959473 0.099876001477241516113 0.10175199806690216064 0.095844000577926635742 0.09351599961519241333 0.11102800071239471436 0.11396399885416030884 0.11164800077676773071 0.11164800077676773071 0.098095998167991638184 0.10683999955654144287 0.10216400027275085449 0.096808001399040222168 0.10045199841260910034 0.10361599922180175781 0.10326000303030014038 0.098503999412059783936 0.11041200160980224609 0.1270720064640045166 0.13082000613212585449
-9999 -9999 -9999 -9999 -9999 -9999 0.11549200117588043213 0.12647199630737304688 0.11404799669981002808 0.10878799855709075928 0.1056799963116645813 0.10813999921083450317 0.10698000341653823853 0.09817600250244140625 0.097847998142242431641 0.092076003551483154297 0.089947998523712158203 0.093039996922016143799 0.091183997690677642822 0.091955997049808502197 0.091424003243446350098 0.090415999293327331543 0.092663995921611785889 0.096391998231410980225 0.10648000240325927734 0.10725600272417068481 0.094375997781753540039 0.11134400218725204468 0.11521600186824798584 0.112187996506690979 0.11306799948215484619 0.10770399868488311768 0.098647996783256530762 0.092331998050212860107 0.090124003589153289795 0.10312800109386444092 0.10345199704170227051 0.096575997769832611084 0.10040800273418426514 0.098035998642444610596 0.087300002574920654297 0.097440004348754882812
-9999 -9999 -9999 -9999 -9999 -9999 -9999 -9999 -9999 0.099200002849102020264 0.10453999787569046021 0.11571200191974639893 0.1220119968056678772 0.11635199934244155884 0.097704000771045684814 0.08909200131893157959 0.086064003407955169678 0.092915996909141540527 0.094351999461650848389 0.093143999576568603516 0.089787997305393218994 0.094544000923633575439 0.092192001640796661377 0.095780000090599060059 0.093267999589443206787 0.097032003104686737061 0.10193199664354324341 0.099752001464366912842 0.11367199569940567017 0.11565200239419937134 0.11118000000715255737 0.10723599791526794434 0.10614399611949920654 0.10192000120878219604 0.093556001782417297363 0.098796002566814422607 0.10244400054216384888 0.10065200179815292358 0.10289199650287628174 0.10847999900579452515 0.091288000345230102539 0.084512002766132354736
-9999 -9999 -9999 -9999 -9999 -9999 -9999 -9999 -9999 -9999 0.10065600275993347168 0.12001200020313262939 0.12379600107669830322 0.12518799304962158203 0.096160002052783966064 0.091084003448486328125 0.08885599672794342041 0.09826800227165222168 0.10136400163173675537 0.092771999537944793701 0.090435996651649475098 0.10175999999046325684 0.10137199610471725464 0.097804002463817596436 0.09302400052547454834 0.093280002474784851074 0.094899997115135192871 0.088551998138427734375 0.11180000007152557373 0.11427199840545654297 0.10452800244092941284 0.10524400323629379272 0.10264000296592712402 0.099491998553276062012 0.098456002771854400635 0.10413199663162231445 0.10381999611854553223 0.10390800237655639648 0.10213600099086761475 0.10632400214672088623 0.090099997818470001221 0.085831999778747558594
-9999 -9999 -9999 -9999 -9999 -9999 -9999 -9999 -9999 -9999 -9999 -9999 -9999 0.12817999720573425293 0.10337200015783309937 0.095311999320983886719 0.089712001383304595947 0.09707199782133102417 0.10651999711990356445 0.09037599712610244751 0.091728001832962036133 0.10374400019645690918 0.10955599695444107056 0.10097999870777130127 0.090187996625900268555 0.092151999473571777344 0.091728001832962036133 0.089556001126766204834 0.092327997088432312012 0.090704001486301422119 0.095395997166633605957 0.098944000899791717529 0.097748003900051116943 0.094204001128673553467 0.09904400259256362915 0.10447599738836288452 0.10545200109481811523 0.10070800036191940308 0.10953199863433837891 0.10169599950313568115 0.089663997292518615723 0.092367999255657196045
-9999 -9999 -9999 -9999 -9999 -9999 -9999 -9999 -9999 -9999 -9999 -9999 -9999 -9999 0.1048119962215423584 0.10424400120973587036 0.09532000124454498291 0.08935200423002243042 0.094024002552032470703 0.095183998346328735352 0.10629999637603759766 0.11498399823904037476 0.11125200241804122925 0.099220000207424163818 0.097344003617763519287 0.090208001434803009033 0.091324001550674438477 0.090396001935005187988 0.087920002639293670654 0.088288001716136932373 0.10466799885034561157 0.10738400369882583618 0.10157199949026107788 0.096639998257160186768 0.097479999065399169922 0.093616001307964324951 0.096900001168251037598 0.10122799873352050781 0.11078000068664550781 0.10077600181102752686 0.12555199861526489258 0.12549600005149841309
-9999 -9999 -9999 -9999 -9999 -9999 -9999 -9999 -9999 -9999 -9999 -9999 -9999 -9999 -9999 0.10144399851560592651 0.09831599891185760498 0.088399998843669891357 0.096964001655578613281 0.10281600058078765869 0.10590399801731109619 0.11722400039434432983 0.12437599897384643555 0.11478400230407714844 0.10265199840068817139 0.089259997010231018066 0.092068001627922058105 0.088823996484279632568 0.091820001602172851562 0.091536000370979309082 0.098664000630378723145 0.10286799818277359009 0.10238800197839736938 0.099264003336429595947 0.098815999925136566162 0.097503997385501861572 0.10631600022315979004 0.1039439961314201355 0.11355999857187271118 0.14426000416278839111 0.14127200841903686523 0.13339200615882873535
-9999 -9999 -9999 -9999 -9999 -9999 -9999 -9999 -9999 -9999 -9999 -9999 -9999 -9999 -9999 0.096923999488353729248 0.10342399775981903076 0.10945600271224975586 0.12460800260305404663 0.12140399962663650513 0.11031199991703033447 0.10478399693965911865 0.11589600145816802979 0.12846399843692779541 0.12117999792098999023 0.10096800327301025391 0.090415999293327331543 0.091491997241973876953 0.089547999203205108643 0.088380001485347747803 0.089767999947071075439 0.090832002460956573486 0.09246399998664855957 0.10292399674654006958 0.098048001527786254883 0.10316000133752822876 0.094056002795696258545 0.11321200430393218994 0.12789200246334075928 0.13863199949264526367 0.12964800000190734863 0.098016001284122467041
-9999 -9999 -9999 -9999 -9999 -9999 -9999 -9999 -9999 -9999 -9999 -9999 -9999 -9999 -9999 -9999 0.10426399856805801392 0.12381599843502044678 0.13483199477195739746 0.11633200198411941528 0.10551200062036514282 0.093748003244400024414 0.10838399827480316162 0.10000800341367721558 0.1089359968900680542 0.092151999473571777344 0.085363999009132385254 0.092540003359317779541 0.090956002473831176758 0.096759997308254241943 0.1023240014910697937 0.10708799958229064941 0.11497200280427932739 0.12436399608850479126 0.10657200217247009277 0.10545600205659866333 0.094247996807098388672 0.11739599704742431641 0.12454800307750701904 0.10816399753093719482 0.12164399772882461548 0.1150119975209236145
