INPUT/RASTER/ASCII/green2023.asc
ncols        225
nrows        269
xllcorner    473009.983799999987
yllcorner    4429051.174800000153
cellsize     50.000000000000
NODATA_value -9999
[rows 36 to 53 of 269, columns 40 to 79 of 225]
0.098557040095329284668 0.092816673219203948975 0.096776776015758514404 0.09689642488956451416 0.088020719587802886963 0.091243721544742584229 0.094446346163749694824 0.10425210744142532349 0.1044185832142829895 0.10407259315252304077 0.10172598809003829956 0.10165626555681228638 0.096883781254291534424 0.097046010196208953857 0.11758538335561752319 0.10121063888072967529 0.087158672511577606201 0.090061612427234649658 0.095936849713325500488 0.096204698085784912109 0.098946675658226013184 0.10834068059921264648 0.11349494010210037231 0.11857037246227264404 0.11357387155294418335 0.095686241984367370605 0.091973237693309783936 0.08617642521858215332 0.087253011763095855713 0.093422703444957733154 0.085925035178661346436 0.094277657568454742432 0.10408538579940795898 0.098663881421089172363 0.083391457796096801758 0.082278005778789520264 0.084553390741348266602 0.082433059811592102051 0.085106313228607177734 0.086608462035655975342
0.092953495681285858154 0.090586774051189422607 0.10208291560411453247 0.10262527316808700562 0.09180755913257598877 0.092667937278747558594 0.094394810497760772705 0.099457092583179473877 0.10147134214639663696 0.10137917846441268921 0.098620325326919555664 0.10202842950820922852 0.10039965808391571045 0.10138152539730072021 0.10226764529943466187 0.098298005759716033936 0.08891080319881439209 0.09523401409387588501 0.092596538364887237549 0.0926206931471824646 0.098530836403369903564 0.11242760717868804932 0.11471983790397644043 0.11746333539485931396 0.0979425087571144104 0.087986543774604797363 0.087472811341285705566 0.084148652851581573486 0.084118820726871490479 0.089154489338397979736 0.088098101317882537842 0.10028365999460220337 0.1076084822416305542 0.096930779516696929932 0.08251511305570602417 0.082680188119411468506 0.081605695188045501709 0.081789448857307434082 0.085783928632736206055 0.09097731858491897583
0.088435992598533630371 0.087970688939094543457 0.098363578319549560547 0.099440388381481170654 0.096803940832614898682 0.098189063370227813721 0.099657885730266571045 0.10037967562675476074 0.093984171748161315918 0.095375619828701019287 0.098152302205562591553 0.096931859850883483887 0.097724005579948425293 0.10260559618473052979 0.099030099809169769287 0.089334458112716674805 0.092657275497913360596 0.097428239881992340088 0.090066008269786834717 0.090835638344287872314 0.10460193455219268799 0.11257968097925186157 0.11034166067838668823 0.10399419069290161133 0.092394620180130004883 0.090052396059036254883 0.090265654027462005615 0.08680865168571472168 0.084855906665325164795 0.088145814836025238037 0.090024136006832122803 0.10117205977439880371 0.10878916829824447632 0.091414950788021087646 0.085496790707111358643 0.086360014975070953369 0.086245000362396240234 0.086201004683971405029 0.086073741316795349121 0.094495460391044616699
0.087799243628978729248 0.091755568981170654297 0.10172766447067260742 0.10673032701015472412 0.099992230534553527832 0.098603360354900360107 0.09866870194673538208 0.099261552095413208008 0.097421772778034210205 0.10082054883241653442 0.10627141594886779785 0.099713861942291259766 0.096176065504550933838 0.10029591619968414307 0.096746429800987243652 0.09297215193510055542 0.094408504664897918701 0.087868154048919677734 0.084283344447612762451 0.08548078685998916626 0.090158671140670776367 0.091351479291915893555 0.10002402216196060181 0.099546998739242553711 0.093548990786075592041 0.087360270321369171143 0.088526017963886260986 0.087749436497688293457 0.086341388523578643799 0.085761994123458862305 0.09128876030445098877 0.099310480058193206787 0.10035031288862228394 0.082544788718223571777 0.086111843585968017578 0.087889231741428375244 0.085931628942489624023 0.087674774229526519775 0.085066415369510650635 0.093428179621696472168
0.086614310741424560547 0.088593274354934692383 0.095425494015216827393 0.10186560451984405518 0.10065064579248428345 0.094837717711925506592 0.099454738199710845947 0.09934565424919128418 0.096465878188610076904 0.11192297935485839844 0.12589986622333526611 0.1108225211501121521 0.10123824328184127808 0.105104103684425354 0.10115224868059158325 0.094448819756507873535 0.092500865459442138672 0.086387544870376586914 0.087330788373947143555 0.085283331573009490967 0.087166890501976013184 0.08875128626823425293 0.090460956096649169922 0.094013996422290802002 0.0920964851975440979 0.08751983940601348877 0.094067350029945373535 0.09457025676965713501 0.089573301374912261963 0.087718904018402099609 0.092557430267333984375 0.10314902663230895996 0.098211884498596191406 0.081989109516143798828 0.084767863154411315918 0.086098797619342803955 0.085335329174995422363 0.086813747882843017578 0.086368218064308166504 0.089316591620445251465
0.097056157886981964111 0.097415633499622344971 0.10357455909252166748 0.10136932879686355591 0.094819247722625732422 0.087803274393081665039 0.095357082784175872803 0.10214768350124359131 0.092874586582183837891 0.11101943254470825195 0.13281372189521789551 0.12039619684219360352 0.10662890970706939697 0.10185267776250839233 0.10337562114000320435 0.096128992736339569092 0.098656676709651947021 0.094984464347362518311 0.091400504112243652344 0.096319973468780517578 0.10055406391620635986 0.098670281469821929932 0.092677012085914611816 0.093430034816265106201 0.09022617340087890625 0.090770438313484191895 0.10334763675928115845 0.099115833640098571777 0.091463766992092132568 0.096651956439018249512 0.09374713897705078125 0.098763778805732727051 0.096577778458595275879 0.081660553812980651855 0.082495771348476409912 0.086748927831649780273 0.089206531643867492676 0.090660735964775085449 0.090628400444984436035 0.089356258511543273926
0.09477303922176361084 0.098729975521564483643 0.10409684479236602783 0.10113476961851119995 0.092752471566200256348 0.088448069989681243896 0.088656902313232421875 0.092623285949230194092 0.097398273646831512451 0.10956150293350219727 0.12625576555728912354 0.1268001943826675415 0.12197421491146087646 0.11044245213270187378 0.11133380979299545288 0.10522585362195968628 0.10648776590824127197 0.10230685025453567505 0.095314845442771911621 0.10531260073184967041 0.11267404258251190186 0.11295185238122940063 0.10231929272413253784 0.096406713128089904785 0.090644381940364837646 0.09323466569185256958 0.10412715375423431396 0.09414933621883392334 0.090143039822578430176 0.10253207385540008545 0.098831422626972198486 0.099072895944118499756 0.094874396920204162598 0.082459911704063415527 0.085361778736114501953 0.089884065091609954834 0.089677333831787109375 0.091786853969097137451 0.090866006910800933838 0.091731108725070953369
0.099083110690116882324 0.09639870375394821167 0.099548518657684326172 0.10158246010541915894 0.09403724968433380127 0.091628141701221466064 0.091583617031574249268 0.090729296207427978516 0.10377265512943267822 0.1171477586030960083 0.12352756410837173462 0.13005764782428741455 0.12645035982131958008 0.12207392603158950806 0.10161276906728744507 0.091708905994892120361 0.10113831609487533569 0.098874762654304504395 0.093053407967090606689 0.10370925068855285645 0.1134530678391456604 0.11156383156776428223 0.10294172912836074829 0.097829990088939666748 0.09388647228479385376 0.098134301602840423584 0.10654832422733306885 0.10195297747850418091 0.093680851161479949951 0.10160884261131286621 0.10856445878744125366 0.11248692870140075684 0.092940278351306915283 0.085556089878082275391 0.09177283942699432373 0.090749219059944152832 0.089144118130207061768 0.090456351637840270996 0.086429603397846221924 0.087167687714099884033
0.12002928555011749268 0.11814208328723907471 0.10989113152027130127 0.11332075297832489014 0.10428083688020706177 0.097361572086811065674 0.095275901257991790771 0.097812309861183166504 0.10608703643083572388 0.11825456470251083374 0.12631647288799285889 0.12247288972139358521 0.12362453341484069824 0.11551447957754135132 0.097400806844234466553 0.092178396880626678467 0.093649640679359436035 0.096850790083408355713 0.093807421624660491943 0.10519659519195556641 0.10853335261344909668 0.10533030331134796143 0.099765405058860778809 0.089678406715393066406 0.092661313712596893311 0.0986078605055809021 0.11224371194839477539 0.10917028039693832397 0.094680778682231903076 0.093782559037208557129 0.092486158013343811035 0.10398264229297637939 0.09772758185863494873 0.09273538738489151001 0.095954149961471557617 0.09073397517204284668 0.086901448667049407959 0.08703813701868057251 0.084960408508777618408 0.086799100041389465332
0.12829260528087615967 0.12638811767101287842 0.1198436543345451355 0.12144886702299118042 0.12035118043422698975 0.10935103148221969604 0.10079149901866912842 0.10484064370393753052 0.11236814409494400024 0.1135129779577255249 0.1049601137638092041 0.10011433064937591553 0.11349494755268096924 0.11035546660423278809 0.097363203763961791992 0.094780087471008300781 0.089136160910129547119 0.091080360114574432373 0.097822614014148712158 0.1136271059513092041 0.11177401244640350342 0.096919715404510498047 0.0873777046799659729 0.083036735653877258301 0.084025338292121887207 0.088069342076778411865 0.10049972683191299438 0.098129577934741973877 0.09704564511775970459 0.087584540247917175293 0.091131314635276794434 0.10862644016742706299 0.10447850078344345093 0.093216054141521453857 0.094207204878330230713 0.093504510819911956787 0.084255628287792205811 0.084498204290866851807 0.085934691131114959717 0.087066240608692169189
0.12400688230991363525 0.12533415853977203369 0.12450910359621047974 0.12575875222682952881 0.12429563701152801514 0.11451517790555953979 0.10553646087646484375 0.10652898252010345459 0.10714221000671386719 0.098438538610935211182 0.097541794180870056152 0.097678847610950469971 0.11457277089357376099 0.11899849772453308105 0.10720255225896835327 0.10175701230764389038 0.09667758643627166748 0.096228085458278656006 0.10173042863607406616 0.11563330888748168945 0.1041875109076499939 0.093256384134292602539 0.089111305773258209229 0.082707539200782775879 0.083095960319042205811 0.08436975628137588501 0.092227131128311157227 0.094390623271465301514 0.10193863511085510254 0.091556631028652191162 0.093714445829391479492 0.11506806313991546631 0.10634568333625793457 0.093853831291198730469 0.093689456582069396973 0.092057354748249053955 0.081865482032299041748 0.080818213522434234619 0.086747713387012481689 0.084590703248977661133
0.12081541866064071655 0.11993235349655151367 0.12486942857503890991 0.12548851966857910156 0.12745714187622070313 0.12972749769687652588 0.12218280136585235596 0.11107660830020904541 0.10940147191286087036 0.10121466219425201416 0.099615529179573059082 0.10637864470481872559 0.12180131673812866211 0.1206145361065864563 0.11348658055067062378 0.11119265109300613403 0.10934318602085113525 0.10266942530870437622 0.099745027720928192139 0.10291755199432373047 0.10352198779582977295 0.10725616663694381714 0.10286840051412582397 0.086083896458148956299 0.084944099187850952148 0.08773899078369140625 0.090471230447292327881 0.086773462593555450439 0.092929638922214508057 0.096114464104175567627 0.097637116909027099609 0.11224394291639328003 0.10180988907814025879 0.098066560924053192139 0.1057262718677520752 0.096568852663040161133 0.081852853298187255859 0.084136188030242919922 0.084373712539672851563 0.082984916865825653076
0.1152995675802230835 0.12256398051977157593 0.12768292427062988281 0.12909077107906341553 0.12621614336967468262 0.1232794150710105896 0.12292461097240447998 0.11900352686643600464 0.11463493853807449341 0.10221053659915924072 0.099470160901546478271 0.10986225306987762451 0.11425880342721939087 0.11235293000936508179 0.10475865751504898071 0.10152146965265274048 0.10563921928405761719 0.1009092479944229126 0.096541829407215118408 0.093598663806915283203 0.10543195903301239014 0.10979706794023513794 0.09760265052318572998 0.087644547224044799805 0.085925146937370300293 0.088628493249416351318 0.091445930302143096924 0.089677281677722930908 0.089083857834339141846 0.090730480849742889404 0.094466269016265869141 0.10883650928735733032 0.10604140907526016235 0.10855139791965484619 0.10595513135194778442 0.097619950771331787109 0.082188792526721954346 0.082935206592082977295 0.085184708237648010254 0.099047295749187469482
0.11834740638732910156 0.12800781428813934326 0.1348298490047454834 0.13719169795513153076 0.13088302314281463623 0.12512092292308807373 0.12624284625053405762 0.11961486935615539551 0.11079999804496765137 0.10210065543651580811 0.10387184470891952515 0.10333782434463500977 0.098082579672336578369 0.09848257899284362793 0.096992529928684234619 0.094436101615428924561 0.099645510315895080566 0.10058554261922836304 0.094739690423011779785 0.09445460885763168335 0.095231361687183380127 0.10177674144506454468 0.099717654287815093994 0.097647957503795623779 0.086165063083171844482 0.087507069110870361328 0.092821650207042694092 0.10162230581045150757 0.095301195979118347168 0.094514869153499603271 0.090421706438064575195 0.092909857630729675293 0.10327124595642089844 0.10255478322505950928 0.098511457443237304688 0.095734305679798126221 0.087329931557178497314 0.093287669122219085693 0.096789844334125518799 0.11333027482032775879
0.1114363446831703186 0.11617130041122436523 0.12397732585668563843 0.1342112123966217041 0.13424423336982727051 0.12931169569492340088 0.12004828453063964844 0.11471134424209594727 0.10484536737203598022 0.10001472383737564087 0.10283943265676498413 0.10382639616727828979 0.095929808914661407471 0.096223212778568267822 0.096511162817478179932 0.1006651073694229126 0.1068503260612487793 0.096705295145511627197 0.093290373682975769043 0.094289749860763549805 0.090865813195705413818 0.094568237662315368652 0.10191405564546585083 0.095745459198951721191 0.084260620176792144775 0.083146780729293823242 0.09308770298957824707 0.11015963554382324219 0.10502604395151138306 0.089668385684490203857 0.091291435062885284424 0.092059656977653503418 0.10632860660552978516 0.10369231551885604858 0.089568816125392913818 0.088479779660701751709 0.093242235481739044189 0.099879831075668334961 0.10059861093759536743 0.10602355748414993286
0.11370249092578887939 0.11231938749551773071 0.11674734205007553101 0.12007384747266769409 0.12227917462587356567 0.11450729519128799438 0.11222198605537414551 0.10918918251991271973 0.10672731697559356689 0.10437621176242828369 0.10081115365028381348 0.097584754228591918945 0.092412546277046203613 0.096095427870750427246 0.093811042606830596924 0.099616125226020812988 0.10609573125839233398 0.099797233939170837402 0.091885447502136230469 0.092407971620559692383 0.09687563776969909668 0.0952130928635597229 0.09676602482795715332 0.089676789939403533936 0.086636126041412353516 0.084478609263896942139 0.093190848827362060547 0.10522150248289108276 0.10189561545848846436 0.0974618569016456604 0.10085072368383407593 0.10220810770988464355 0.10728571563959121704 0.094617679715156555176 0.093522094190120697021 0.091093003749847412109 0.091292448341846466064 0.10172461718320846558 0.098967619240283966064 0.10379278659820556641
0.12278006970882415771 0.11688578128814697266 0.11410316824913024902 0.11657816171646118164 0.108453407883644104 0.10674086958169937134 0.10243701934814453125 0.10841619968414306641 0.11193155497312545776 0.10854619741439819336 0.11370535939931869507 0.10127372294664382935 0.1008790135383605957 0.10210002213716506958 0.098133601248264312744 0.10150453448295593262 0.097783140838146209717 0.099527321755886077881 0.099032692611217498779 0.094922594726085662842 0.096201464533805847168 0.096238791942596435547 0.10138583183288574219 0.093168646097183227539 0.086925052106380462646 0.088304050266742706299 0.095262706279754638672 0.098340027034282684326 0.095685429871082305908 0.10190921276807785034 0.10450816154479980469 0.1049208417534828186 0.1053716614842414856 0.097996853291988372803 0.094783000648021697998 0.10017808526754379272 0.098930992186069488525 0.10001373291015625 0.092978343367576599121 0.09233970940113067627
0.11342659592628479004 0.11110698431730270386 0.10137037187814712524 0.11070729047060012817 0.11034224927425384521 0.10337312519550323486 0.10873328894376754761 0.11366304010152816772 0.1062084585428237915 0.10616353899240493774 0.10838352888822555542 0.10097707808017730713 0.10371582955121994019 0.1046104729175567627 0.10072573274374008179 0.098483130335807800293 0.09641351550817489624 0.094500243663787841797 0.098417937755584716797 0.10188753902912139893 0.10028824210166931152 0.096115402877330780029 0.10095412284135818481 0.09897533804178237915 0.098625347018241882324 0.10195966809988021851 0.11506946384906768799 0.11313650757074356079 0.10969010740518569946 0.098342023789882659912 0.098692618310451507568 0.095532439649105072021 0.09695670008659362793 0.10127539187669754028 0.10532669723033905029 0.108037605881690979 0.099349826574325561523 0.096841283142566680908 0.085912883281707763672 0.087525784969329833984
