INPUT/RASTER/ASCII/green2023.asc
ncols        225
nrows        269
xllcorner    473009.983799999987
yllcorner    4429051.174800000153
cellsize     50.000000000000
NODATA_value -9999
[rows 198 to 215 of 269, columns 120 to 159 of 225]
0.099960200488567352295 0.097606137394905090332 0.10353878140449523926 0.10574223846197128296 0.11505012959241867065 0.10873575508594512939 0.10346791893243789673 0.11997652798891067505 0.10558196157217025757 0.09344492107629776001 0.092505216598510742188 0.094456538558006286621 0.095088995993137359619 0.095537625253200531006 0.086924560368061065674 0.082596667110919952393 0.083721399307250976563 0.08279278874397277832 0.085698217153549194336 0.087022960186004638672 0.08964201807975769043 0.093310974538326263428 0.096385955810546875 0.097540572285652160645 0.095161765813827514648 0.10355422645807266235 0.10824897140264511108 0.10558536648750305176 0.10383360832929611206 0.10280548781156539917 0.10309994220733642578 0.10703153908252716064 0.1062177121639251709 0.10428236424922943115 0.10393159836530685425 0.10314344614744186401 0.10153076797723770142 0.10264606773853302002 0.10006267577409744263 0.098626859486103057861
0.1036380380392074585 0.10279571264982223511 0.099268063902854919434 0.099043346941471099854 0.097147375345230102539 0.094594791531562805176 0.098449856042861938477 0.099379353225231170654 0.10078144818544387817 0.092457450926303863525 0.093858897686004638672 0.098927073180675506592 0.098060578107833862305 0.093957699835300445557 0.08828780055046081543 0.084288857877254486084 0.086734227836132049561 0.089200347661972045898 0.08994153141975402832 0.09196221083402633667 0.096611872315406799316 0.098270967602729797363 0.099249579012393951416 0.10047094523906707764 0.10013646632432937622 0.1075011715292930603 0.10709402710199356079 0.10173221677541732788 0.10467360168695449829 0.10553077608346939087 0.10258406400680541992 0.10378824919462203979 0.10190463066101074219 0.10116100311279296875 0.10151289403438568115 0.099872879683971405029 0.099657393991947174072 0.10180169343948364258 0.099663145840167999268 0.098527923226356506348
0.10629291832447052002 0.10319632291793823242 0.10262678563594818115 0.094250954687595367432 0.089225947856903076172 0.089345417916774749756 0.095069684088230133057 0.095364883542060852051 0.098495088517665863037 0.093209229409694671631 0.094592869281768798828 0.101122245192527771 0.10075125843286514282 0.094805136322975158691 0.088709533214569091797 0.091274820268154144287 0.09612128138542175293 0.097101330757141113281 0.10074111819267272949 0.098990611732006072998 0.098787590861320495605 0.10358792543411254883 0.10422337800264358521 0.10197325050830841064 0.10331382602453231812 0.10689398646354675293 0.10608437657356262207 0.10924707353115081787 0.10291281342506408691 0.10032989084720611572 0.098179697990417480469 0.10360568016767501831 0.10316204279661178589 0.1000635102391242981 0.1007915884256362915 0.10087084770202636719 0.10173587501049041748 0.10254596918821334839 0.10181665420532226563 0.10027754306793212891
0.10849572718143463135 0.10049460828304290771 0.099500223994255065918 0.09716275334358215332 0.099186673760414123535 0.10561276227235794067 0.11017396301031112671 0.106884002685546875 0.10373864322900772095 0.098921202123165130615 0.099255792796611785889 0.099018491804599761963 0.095551311969757080078 0.092519573867321014404 0.089069299399852752686 0.090821318328380584717 0.098300121724605560303 0.098466932773590087891 0.10080226510763168335 0.10043527930974960327 0.098265357315540313721 0.10040868818759918213 0.10266664624214172363 0.10141877084970474243 0.10254264622926712036 0.10454899817705154419 0.10513427108526229858 0.10911241918802261353 0.099883414804935455322 0.10369202494621276855 0.10175541788339614868 0.099924921989440917969 0.10121644288301467896 0.099943459033966064453 0.10164874047040939331 0.10234233736991882324 0.10380630940198898315 0.10541186481714248657 0.10605071485042572021 0.10233411192893981934
0.11450509727001190186 0.10358021408319473267 0.096697866916656494141 0.10470177978277206421 0.11082459241151809692 0.11610749363899230957 0.11165183782577514648 0.10534656792879104614 0.10349575430154800415 0.10019671916961669922 0.09623753279447555542 0.097031123936176300049 0.096419483423233032227 0.092086374759674072266 0.087636478245258331299 0.0871008262038230896 0.096223503351211547852 0.097568690776824951172 0.099058412015438079834 0.10260093957185745239 0.099521681666374206543 0.096555821597576141357 0.098139807581901550293 0.1005183681845664978 0.10480915755033493042 0.10423661768436431885 0.10514792799949645996 0.10096238553524017334 0.10100798308849334717 0.10763107240200042725 0.10671762377023696899 0.099808156490325927734 0.098961360752582550049 0.10201634466648101807 0.10390477627515792847 0.10374251008033752441 0.10230232030153274536 0.10270159691572189331 0.10359314084053039551 0.10308494418859481812
0.11814920604228973389 0.10816847532987594604 0.10082224756479263306 0.09758707880973815918 0.099785797297954559326 0.10943718254566192627 0.10123547911643981934 0.10237427800893783569 0.10819175839424133301 0.10814255475997924805 0.097328677773475646973 0.091678895056247711182 0.091693691909313201904 0.08864834904670715332 0.087187930941581726074 0.086387522518634796143 0.088874943554401397705 0.095411665737628936768 0.098469719290733337402 0.10183374583721160889 0.10159436613321304321 0.10234601795673370361 0.10004541277885437012 0.10544572770595550537 0.10700635612010955811 0.10688852518796920776 0.10632637888193130493 0.10082786530256271362 0.10178410261869430542 0.10430442541837692261 0.10466724634170532227 0.099395878612995147705 0.099920496344566345215 0.10311898589134216309 0.10292378067970275879 0.1023721545934677124 0.10130845755338668823 0.10210954397916793823 0.10326673835515975952 0.10464748740196228027
0.11384309083223342896 0.10117163509130477905 0.10863365978002548218 0.10258945822715759277 0.098502583801746368408 0.1039513126015663147 0.09912119060754776001 0.10209422558546066284 0.12058361619710922241 0.11942546814680099487 0.10147944092750549316 0.087832368910312652588 0.089951142668724060059 0.08889433741569519043 0.088330104947090148926 0.087009832262992858887 0.085589841008186340332 0.09328822791576385498 0.098752662539482116699 0.10236255824565887451 0.1074139326810836792 0.10430730879306793213 0.10261666774749755859 0.10436877608299255371 0.10344263911247253418 0.10693959891796112061 0.1060277894139289856 0.10201856493949890137 0.10106919705867767334 0.10262351483106613159 0.10126318782567977905 0.10240434855222702026 0.10115875303745269775 0.099429085850715637207 0.09913339465856552124 0.10252092033624649048 0.10246793180704116821 0.10379715263843536377 0.1027843281626701355 0.1034679710865020752
0.10569151490926742554 0.095227427780628204346 0.10719116777181625366 0.10023990273475646973 0.096306599676609039307 0.099600180983543395996 0.098317213356494903564 0.095244683325290679932 0.11760543286800384521 0.12171141058206558228 0.11166027933359146118 0.10348017513751983643 0.10245505720376968384 0.095031902194023132324 0.092300966382026672363 0.089628212153911590576 0.087022460997104644775 0.096965268254280090332 0.099881924688816070557 0.10564278066158294678 0.10915623605251312256 0.10725809633731842041 0.10502479970455169678 0.10738157480955123901 0.10429816693067550659 0.10877971351146697998 0.10760908573865890503 0.1029744073748588562 0.10158644616603851318 0.098103888332843780518 0.099247366189956665039 0.1021644100546836853 0.10100870579481124878 0.099552921950817108154 0.099619872868061065674 0.10318305343389511108 0.10353877395391464233 0.10437413305044174194 0.10199870914220809937 0.10529190301895141602
0.09297481924295425415 0.098988473415374755859 0.098902419209480285645 0.096712574362754821777 0.097618587315082550049 0.099790640175342559814 0.098859213292598724365 0.096729494631290435791 0.10386214405298233032 0.11680196970701217651 0.11867770552635192871 0.11896293610334396362 0.11935805529356002808 0.10488082468509674072 0.096740774810314178467 0.098274059593677520752 0.095011748373508453369 0.096274420619010925293 0.097493991255760192871 0.10537484288215637207 0.11020361632108688354 0.1070334017276763916 0.10846792906522750854 0.10978619009256362915 0.10577148199081420898 0.107644692063331604 0.10460551083087921143 0.10347186028957366943 0.099607184529304504395 0.09719883650541305542 0.099610820412635803223 0.10125409066677093506 0.099661991000175476074 0.098828718066215515137 0.10290294885635375977 0.10581704229116439819 0.11203674226999282837 0.1141427457332611084 0.11099679768085479736 0.10390590131282806396
0.096144244074821472168 0.098103433847427368164 0.094961643218994140625 0.096340805292129516602 0.097799591720104217529 0.094193696975708007813 0.095623932778835296631 0.0979367867112159729 0.096396222710609436035 0.10812004655599594116 0.11649768054485321045 0.11599088460206985474 0.11101040244102478027 0.11452987790107727051 0.11411093920469284058 0.11056353151798248291 0.098672479391098022461 0.098096102476119995117 0.10217639803886413574 0.10571503639221191406 0.10824354737997055054 0.10918669402599334717 0.11014686524868011475 0.11037269234657287598 0.10806508362293243408 0.10699342191219329834 0.10599992424249649048 0.099802285432815551758 0.098270773887634277344 0.099301539361476898193 0.099967136979103088379 0.10163535922765731812 0.10019989311695098877 0.10034049302339553833 0.10647492855787277222 0.11452598869800567627 0.12540227174758911133 0.11826528608798980713 0.11311974376440048218 0.11008895933628082275
0.087666891515254974365 0.08990383148193359375 0.094772808253765106201 0.099119216203689575195 0.095474950969219207764 0.092100173234939575195 0.096507951617240905762 0.10135002434253692627 0.099538654088973999023 0.098902381956577301025 0.10908243060111999512 0.11540434509515762329 0.11449417471885681152 0.10855633020401000977 0.10133076459169387817 0.095417089760303497314 0.094566889107227325439 0.09846547245979309082 0.10156351327896118164 0.10681142657995223999 0.10473928600549697876 0.10821585357189178467 0.11427000910043716431 0.11352003365755081177 0.11430083215236663818 0.10344214737415313721 0.10028102993965148926 0.097617760300636291504 0.10015144944190979004 0.10147728770971298218 0.10132978856563568115 0.10478997975587844849 0.10047717392444610596 0.10122581571340560913 0.11410433799028396606 0.1337489783763885498 0.13805209100246429443 0.12478026002645492554 0.11785981059074401855 0.11364585161209106445
0.091147437691688537598 0.099668197333812713623 0.099107675254344940186 0.092919185757637023926 0.090925574302673339844 0.093030616641044616699 0.092925213277339935303 0.10217412561178207397 0.10134245455265045166 0.09737281501293182373 0.095911316573619842529 0.10522615164518356323 0.10634349286556243896 0.10112635791301727295 0.095907069742679595947 0.093889415264129638672 0.093275740742683410645 0.094352789223194122314 0.098341956734657287598 0.10184768587350845337 0.10390157252550125122 0.10476464033126831055 0.12240623682737350464 0.12271916121244430542 0.11311733722686767578 0.10071292519569396973 0.099624462425708770752 0.098882205784320831299 0.10139286518096923828 0.1018229946494102478 0.10282514244318008423 0.10146878659725189209 0.098961159586906433105 0.10171479731798171997 0.12011123448610305786 0.13955546915531158447 0.14252737164497375488 0.13294802606105804443 0.11803513020277023315 0.11188045144081115723
0.10608559101819992065 0.11181870847940444946 0.098893240094184875488 0.091953791677951812744 0.091639697551727294922 0.0921899452805519104 0.090275898575782775879 0.10075648128986358643 0.10283656418323516846 0.099817439913749694824 0.094156064093112945557 0.093842737376689910889 0.096516326069831848145 0.10193523019552230835 0.10084018856287002563 0.093810223042964935303 0.092575110495090484619 0.094424620270729064941 0.099815145134925842285 0.099946655333042144775 0.1008532792329788208 0.10005673021078109741 0.10843772441148757935 0.12070570886135101318 0.10390409082174301147 0.099677376449108123779 0.099244177341461181641 0.098553664982318878174 0.099647454917430877686 0.10183110088109970093 0.1038994714617729187 0.10287388414144515991 0.10029450058937072754 0.10276265442371368408 0.11967378854751586914 0.13904593884944915771 0.13857117295265197754 0.12931500375270843506 0.11701044440269470215 0.10905520617961883545
0.1127732694149017334 0.10717793554067611694 0.094666644930839538574 0.096219874918460845947 0.090849600732326507568 0.090765766799449920654 0.090639144182205200195 0.092908278107643127441 0.10059088468551635742 0.10156325250864028931 0.096612118184566497803 0.090316794812679290771 0.091139569878578186035 0.095459252595901489258 0.09825550764799118042 0.092039957642555236816 0.091570265591144561768 0.096685461699962615967 0.10168682783842086792 0.10348318517208099365 0.10083363205194473267 0.10115521401166915894 0.10154484957456588745 0.1068590208888053894 0.10428225994110107422 0.10033255815505981445 0.099331118166446685791 0.098711915314197540283 0.10211513936519622803 0.10265099257230758667 0.1023944169282913208 0.10525041073560714722 0.10489480942487716675 0.11265709996223449707 0.11353412270545959473 0.12497678399085998535 0.12412661314010620117 0.11932063847780227661 0.11745055019855499268 0.11416558176279067993
0.10462012887001037598 0.10423894226551055908 0.099349342286586761475 0.098837293684482574463 0.094633504748344421387 0.09196141362190246582 0.089639984071254730225 0.092538535594940185547 0.095287285745143890381 0.095794849097728729248 0.092829331755638122559 0.089869111776351928711 0.090329736471176147461 0.092159152030944824219 0.095650441944599151611 0.092435590922832489014 0.09104076772928237915 0.096379928290843963623 0.099410668015480041504 0.10893210768699645996 0.10558404773473739624 0.10097926855087280273 0.10082443803548812866 0.10183865576982498169 0.10350444167852401733 0.10518346726894378662 0.10135544836521148682 0.09945373237133026123 0.10254550725221633911 0.1027585938572883606 0.10378018021583557129 0.11272857338190078735 0.12043374031782150269 0.12616103887557983398 0.12195122987031936646 0.11515060067176818848 0.12234862148761749268 0.1166318356990814209 0.11510368436574935913 0.10885985195636749268
0.11157115548849105835 0.11613127589225769043 0.10333129763603210449 0.098399601876735687256 0.095891550183296203613 0.092669285833835601807 0.090265251696109771729 0.091820195317268371582 0.093776322901248931885 0.09621639549732208252 0.098612256348133087158 0.093071252107620239258 0.092861056327819824219 0.094302788376808166504 0.092383958399295806885 0.089336849749088287354 0.090822674334049224854 0.096808210015296936035 0.10436293482780456543 0.1080202832818031311 0.10616464167833328247 0.10599509626626968384 0.10451058298349380493 0.099500611424446105957 0.10155496001243591309 0.10522133857011795044 0.1044753342866897583 0.10187540203332901001 0.10244631767272949219 0.10410511493682861328 0.10231285542249679565 0.11187195032835006714 0.12631434202194213867 0.12726272642612457275 0.12327684462070465088 0.11339590698480606079 0.11878613382577896118 0.11190698295831680298 0.1093141511082649231 0.10084579139947891235
0.11141834408044815063 0.10977381467819213867 0.10103595256805419922 0.098559871315956115723 0.10246559977531433105 0.10395454615354537964 0.097628973424434661865 0.094378501176834106445 0.090170122683048248291 0.089858137071132659912 0.090951032936573028564 0.091026917099952697754 0.091213747859001159668 0.089153811335563659668 0.089083537459373474121 0.089231677353382110596 0.09556926041841506958 0.10459671914577484131 0.10634084045886993408 0.10691804438829421997 0.10517398267984390259 0.10457048565149307251 0.10405120253562927246 0.09927263110876083374 0.099601201713085174561 0.10171589255332946777 0.10297613590955734253 0.10175169259309768677 0.10053721070289611816 0.10272920131683349609 0.10458064824342727661 0.11339497566223144531 0.13035501539707183838 0.12866991758346557617 0.12506882846355438232 0.11471295356750488281 0.11603446304798126221 0.11087758839130401611 0.10342237353324890137 0.10937155783176422119
0.11051830649375915527 0.11364793777465820313 0.10048556327819824219 0.10121340304613113403 0.10894160717725753784 0.11153978854417800903 0.10915711522102355957 0.10305422544479370117 0.098922207951545715332 0.094937682151794433594 0.086705125868320465088 0.086413264274597167969 0.089677639305591583252 0.094036832451820373535 0.090911701321601867676 0.096850924193859100342 0.10604441910982131958 0.10850504040718078613 0.10765533149242401123 0.10765551775693893433 0.10700153559446334839 0.10433552414178848267 0.10125924646854400635 0.098374202847480773926 0.097373828291893005371 0.10004989057779312134 0.10282398760318756104 0.10981500148773193359 0.10867298394441604614 0.10560964047908782959 0.10630086064338684082 0.11691613495349884033 0.13022661209106445313 0.12682871520519256592 0.12089724838733673096 0.11107514798641204834 0.11564458161592483521 0.11203003674745559692 0.11169556528329849243 0.11881611496210098267
