INPUT/RASTER/ASCII/ndvi.asc
ncols        225
nrows        269
xllcorner    473000.000000000000
yllcorner    4429100.000000000000
cellsize     50.000000000000
NODATA_value -9999
[rows 114 to 132 of 269, columns 172 to 214 of 225]
0.51620554924011230469 0.53954547643661499023 0.49669879674911499023 0.5368315577507019043 0.59567946195602416992 0.55709928274154663086 0.42953696846961975098 0.40497818589210510254 0.45579543709754943848 0.45520001649856567383 0.54552358388900756836 0.52755749225616455078 0.43815606832504272461 0.33552497625350952148 0.46057620644569396973 0.4691009521484375 0.39913883805274963379 0.34486174583435058594 0.25838235020637512207 0.23921033740043640137 0.4143708348274230957 0.62619489431381225586 0.60937410593032836914 0.59064978361129760742 0.5911681056022644043 0.67300057411193847656 -9999 -9999 -9999 -9999 -9999 -9999 -9999 -9999 -9999 -9999 -9999 -9999 -9999 -9999 -9999 -9999 -9999
0.49049404263496398926 0.48845571279525756836 0.51348745822906494141 0.56989932060241699219 0.5676638484001159668 0.54037612676620483398 0.44615778326988220215 0.30471667647361755371 0.44881394505500793457 0.41131222248077392578 0.46278488636016845703 0.4469871819019317627 0.41066136956214904785 0.37131452560424804688 0.42217841744422912598 0.52061063051223754883 0.52571690082550048828 0.62003737688064575195 0.39336812496185302734 0.28743940591812133789 0.34507229924201965332 0.4799213111400604248 0.65967786312103271484 0.64326184988021850586 0.63884007930755615234 0.47976392507553100586 -9999 -9999 -9999 -9999 -9999 -9999 -9999 -9999 -9999 -9999 -9999 -9999 -9999 -9999 -9999 -9999 -9999
0.48707494139671325684 0.46967878937721252441 0.48719927668571472168 0.4908949434757232666 0.51110279560089111328 0.46966278553009033203 0.49862012267112731934 0.53759437799453735352 0.49969679117202758789 0.48039567470550537109 0.48239719867706298828 0.45217680931091308594 0.46480554342269897461 0.41719809174537658691 0.44229575991630554199 0.4211813807487487793 0.41150024533271789551 0.55080628395080566406 0.4576816558837890625 0.36972668766975402832 0.41992658376693725586 0.65260350704193115234 0.52272617816925048828 0.61495512723922729492 0.58616411685943603516 0.58507990837097167969 -9999 -9999 -9999 -9999 -9999 -9999 -9999 -9999 -9999 -9999 -9999 -9999 -9999 -9999 -9999 -9999 -9999
0.45156380534172058105 0.51450806856155395508 0.55331289768218994141 0.53805029392242431641 0.49787366390228271484 0.44918513298034667969 0.48047930002212524414 0.49230077862739562988 0.41160878539085388184 0.51008421182632446289 0.49507960677146911621 0.51375597715377807617 0.48830294609069824219 0.44476178288459777832 0.4534981846809387207 0.49376055598258972168 0.43062070012092590332 0.57744598388671875 0.51615881919860839844 0.39869269728660583496 0.40470114350318908691 0.51498383283615112305 0.58457869291305541992 0.63605910539627075195 0.59395104646682739258 -9999 -9999 -9999 -9999 -9999 -9999 -9999 -9999 -9999 -9999 -9999 -9999 -9999 -9999 -9999 -9999 -9999 -9999
0.37255150079727172852 0.4431184232234954834 0.55364727973937988281 0.54857474565505981445 0.52861773967742919922 0.34403124451637268066 0.48864805698394775391 0.49647894501686096191 0.31001770496368408203 0.41276857256889343262 0.39259982109069824219 0.39906015992164611816 0.40713989734649658203 0.35610660910606384277 0.39450994133949279785 0.49190440773963928223 0.58000570535659790039 0.51074904203414916992 0.52984625101089477539 0.56207358837127685547 0.55413216352462768555 0.59086239337921142578 0.58935308456420898438 0.65924268960952758789 -9999 -9999 -9999 -9999 -9999 -9999 -9999 -9999 -9999 -9999 -9999 -9999 -9999 -9999 -9999 -9999 -9999 -9999 -9999
0.42320191860198974609 0.49074602127075195312 0.44300547242164611816 0.4306704401969909668 0.52641683816909790039 0.41684794425964355469 0.50187504291534423828 0.4875323176383972168 0.29987153410911560059 0.36530548334121704102 0.43636327981948852539 0.25755622982978820801 0.23168981075286865234 0.26123082637786865234 0.26441088318824768066 0.30348148941993713379 0.54465824365615844727 0.56424975395202636719 0.57659751176834106445 0.55355995893478393555 0.51104575395584106445 0.57419914007186889648 0.55739676952362060547 0.62742644548416137695 -9999 -9999 -9999 -9999 -9999 -9999 -9999 -9999 -9999 -9999 -9999 -9999 -9999 -9999 -9999 -9999 -9999 -9999 -9999
0.44315320253372192383 0.47791725397109985352 0.45423638820648193359 0.39655756950378417969 0.48534828424453735352 0.48596525192260742188 0.47318664193153381348 0.42051795125007629395 0.43371164798736572266 0.39941823482513427734 0.36582911014556884766 0.2214425504207611084 0.2291965186595916748 0.28631877899169921875 0.32175138592720031738 0.39836841821670532227 0.33071219921112060547 0.38312560319900512695 0.54107367992401123047 0.57561171054840087891 0.51510548591613769531 0.42646694183349609375 0.43319141864776611328 0.4236011207103729248 0.46181115508079528809 -9999 -9999 -9999 -9999 -9999 -9999 -9999 -9999 -9999 -9999 -9999 -9999 -9999 -9999 -9999 -9999 -9999 -9999
0.45599892735481262207 0.53182369470596313477 0.54111278057098388672 0.5288168787956237793 0.58408808708190917969 0.53109973669052124023 0.45462411642074584961 0.48327121138572692871 0.56376302242279052734 0.37503448128700256348 0.47971084713935852051 0.31051468849182128906 0.28201138973236083984 0.21828168630599975586 0.22554321587085723877 0.30522140860557556152 0.24212506413459777832 0.32071763277053833008 0.39130353927612304688 0.36345994472503662109 0.29161712527275085449 0.29205355048179626465 0.34116727113723754883 0.3749026954174041748 0.48624363541603088379 -9999 -9999 -9999 -9999 -9999 -9999 -9999 -9999 -9999 -9999 -9999 -9999 -9999 -9999 -9999 -9999 -9999 -9999
0.44426441192626953125 0.47796681523323059082 0.4836368262767791748 0.54897147417068481445 0.54178774356842041016 0.45104247331619262695 0.4931080937385559082 0.57279175519943237305 0.56535267829895019531 0.41058132052421569824 0.43400219082832336426 0.46326485276222229004 0.44250217080116271973 0.30354937911033630371 0.25432604551315307617 0.26924413442611694336 0.26313963532447814941 0.28554475307464599609 0.34272927045822143555 0.27224344015121459961 0.30996784567832946777 0.27050268650054931641 0.29888314008712768555 0.38137808442115783691 0.46832254528999328613 -9999 -9999 -9999 -9999 -9999 -9999 -9999 -9999 -9999 -9999 -9999 -9999 -9999 -9999 -9999 -9999 -9999 -9999
0.43982848525047302246 0.41998022794723510742 0.47107815742492675781 0.60833561420440673828 0.3788484036922454834 0.4769808351993560791 0.51899516582489013672 0.59711635112762451172 0.5178629755973815918 0.50781136751174926758 0.4736747443675994873 0.41486847400665283203 0.50073927640914916992 0.42223504185676574707 0.37984904646873474121 0.30288916826248168945 0.31341499090194702148 0.30201014876365661621 0.3596617281436920166 0.2518355250358581543 0.3002535402774810791 0.30595567822456359863 0.3048534691333770752 0.34402582049369812012 0.56544530391693115234 -9999 -9999 -9999 -9999 -9999 -9999 -9999 -9999 -9999 -9999 -9999 -9999 -9999 -9999 -9999 -9999 -9999 -9999
0.50681155920028686523 0.36273115873336791992 0.45664718747138977051 0.59444355964660644531 0.60279738903045654297 0.58182960748672485352 0.60141927003860473633 0.62282049655914306641 0.58883500099182128906 0.5842043757438659668 0.52651613950729370117 0.45848920941352844238 0.42922917008399963379 0.46209242939949035645 0.46175807714462280273 0.41848212480545043945 0.39269042015075683594 0.28599238395690917969 0.33842074871063232422 0.42350211739540100098 0.35000091791152954102 0.38845282793045043945 0.27706119418144226074 0.28610539436340332031 0.56771695613861083984 -9999 -9999 -9999 -9999 -9999 -9999 -9999 -9999 -9999 -9999 -9999 -9999 -9999 -9999 -9999 -9999 -9999 -9999
0.47120913863182067871 0.48245587944984436035 0.3662852942943572998 0.48773166537284851074 0.56867355108261108398 0.66085302829742431641 0.64531672000885009766 0.52913361787796020508 0.49543100595474243164 0.48293319344520568848 0.44373938441276550293 0.50851297378540039062 0.33613058924674987793 0.54884153604507446289 0.44370308518409729004 0.45317989587783813477 0.40844142436981201172 0.32940071821212768555 0.28684037923812866211 0.28539761900901794434 0.34687772393226623535 0.39960750937461853027 0.38313937187194824219 0.50662320852279663086 0.52206414937973022461 -9999 -9999 -9999 -9999 -9999 -9999 -9999 -9999 -9999 -9999 -9999 -9999 -9999 -9999 -9999 -9999 -9999 -9999
0.49876201152801513672 0.46363970637321472168 0.33008140325546264648 0.38240808248519897461 0.57524722814559936523 0.50011849403381347656 0.58348995447158813477 0.47590556740760803223 0.49068751931190490723 0.4315115809440612793 0.39262861013412475586 0.44154256582260131836 0.31197881698608398438 0.54089587926864624023 0.5214297175407409668 0.51077663898468017578 0.40347537398338317871 0.3369598388671875 0.33054834604263305664 0.2721627652645111084 0.2062940448522567749 0.32185527682304382324 0.40739953517913818359 0.45725914835929870605 0.43002042174339294434 -9999 -9999 -9999 -9999 -9999 -9999 -9999 -9999 -9999 -9999 -9999 -9999 -9999 -9999 -9999 -9999 -9999 -9999
0.41472357511520385742 0.38174110651016235352 0.36897644400596618652 0.45116621255874633789 0.53645527362823486328 0.39784500002861022949 0.52762520313262939453 0.46319946646690368652 0.37591162323951721191 0.35804736614227294922 0.28315275907516479492 0.40049862861633300781 0.53751784563064575195 0.56987208127975463867 0.50766599178314208984 0.52479988336563110352 0.52197694778442382812 0.35026118159294128418 0.35250958800315856934 0.3092422783374786377 0.24953283369541168213 0.2714259028434753418 0.32332113385200500488 0.33793750405311584473 0.43873822689056396484 0.54637813568115234375 -9999 -9999 -9999 -9999 -9999 -9999 -9999 -9999 -9999 -9999 -9999 -9999 -9999 -9999 -9999 -9999 -9999
0.3992983698844909668 0.32506012916564941406 0.40741235017776489258 0.46093204617500305176 0.43107122182846069336 0.46531492471694946289 0.5226993560791015625 0.55056136846542358398 0.47289961576461791992 0.47019469738006591797 0.34480163455009460449 0.29017990827560424805 0.58627158403396606445 0.55597436428070068359 0.45219498872756958008 0.60847419500350952148 0.61094456911087036133 0.36414423584938049316 0.44773456454277038574 0.39745947718620300293 0.31304442882537841797 0.31239879131317138672 0.38688448071479797363 0.47115167975425720215 0.52357906103134155273 0.54504179954528808594 -9999 -9999 -9999 -9999 -9999 -9999 -9999 -9999 -9999 -9999 -9999 -9999 -9999 -9999 -9999 -9999 -9999
0.48441621661186218262 0.47644329071044921875 0.46737059950828552246 0.50959384441375732422 0.31333944201469421387 0.44963592290878295898 0.41003537178039550781 0.52248942852020263672 0.53659880161285400391 0.45920965075492858887 0.37692427635192871094 0.39686593413352966309 0.56355714797973632812 0.47253701090812683105 0.45553407073020935059 0.57296419143676757812 0.6059252619743347168 0.35440519452095031738 0.39863997697830200195 0.46269848942756652832 0.43259754776954650879 0.25747117400169372559 0.24875777959823608398 0.47654768824577331543 0.51783353090286254883 0.51858907938003540039 0.55918842554092407227 -9999 -9999 -9999 -9999 -9999 -9999 -9999 -9999 -9999 -9999 -9999 -9999 -9999 -9999 -9999 -9999
0.47511693835258483887 0.45075845718383789062 0.46965309977531433105 0.48760011792182922363 0.32818779349327087402 0.44247090816497802734 0.50055229663848876953 0.47567349672317504883 0.50018405914306640625 0.52958428859710693359 0.5252221226692199707 0.528125762939453125 0.60688263177871704102 0.43796721100807189941 0.46575897932052612305 0.44583651423454284668 0.50868833065032958984 0.5272757411003112793 0.3650105893611907959 0.33721756935119628906 0.35790908336639404297 0.29339233040809631348 0.26127728819847106934 0.47646796703338623047 0.56343877315521240234 0.58675521612167358398 0.54324734210968017578 0.54248207807540893555 0.55210906267166137695 0.43723532557487487793 -9999 -9999 -9999 -9999 -9999 -9999 -9999 -9999 -9999 -9999 -9999 -9999 -9999
0.43773537874221801758 0.41061997413635253906 0.44170302152633666992 0.32718691229820251465 0.38788124918937683105 0.52429938316345214844 0.42269000411033630371 0.49282288551330566406 0.57306867837905883789 0.48654022812843322754 0.51850461959838867188 0.52086454629898071289 0.68158710002899169922 0.54248774051666259766 0.47894433140754699707 0.40873286128044128418 0.3464546501636505127 0.4021885991096496582 0.52573513984680175781 0.37399461865425109863 0.45248264074325561523 0.470264434814453125 0.45843905210494995117 0.53745597600936889648 0.59705263376235961914 0.65070617198944091797 0.52202314138412475586 0.49136367440223693848 0.52100455760955810547 0.35977223515510559082 0.41333383321762084961 -9999 -9999 -9999 -9999 -9999 -9999 -9999 -9999 -9999 -9999 -9999 -9999
0.47941064834594726562 0.4294414818286895752 0.36565250158309936523 0.36868470907211303711 0.49523967504501342773 0.48645669221878051758 0.49274671077728271484 0.46391692757606506348 0.56828331947326660156 0.35922670364379882812 0.44589048624038696289 0.64466589689254760742 0.63490766286849975586 0.59770917892456054688 0.56551122665405273438 0.57664954662322998047 0.45448818802833557129 0.46294328570365905762 0.38532543182373046875 0.40146851539611816406 0.51998990774154663086 0.51377058029174804688 0.48757895827293395996 0.53751152753829956055 0.64153701066970825195 0.64150887727737426758 0.64163362979888916016 0.46755233407020568848 0.51888293027877807617 0.32297164201736450195 0.30022969841957092285 -9999 -9999 -9999 -9999 -9999 -9999 -9999 -9999 -9999 -9999 -9999 -9999
