INPUT/RASTER/ASCII/ndvi2023.asc
ncols        225
nrows        269
xllcorner    473009.983799999987
yllcorner    4429051.174800000153
cellsize     50.000000000000
NODATA_value -9999
[rows 108 to 125 of 269, columns 41 to 81 of 225]
0.26636281609535217285 0.34816813468933105469 0.41832152009010314941 0.3936792910099029541 0.3761876523494720459 0.30158120393753051758 0.26644125580787658691 0.31701740622520446777 0.42993375658988952637 0.29727479815483093262 0.21619029343128204346 0.28769734501838684082 0.47543811798095703125 0.51416152715682983398 0.4855111241340637207 0.45550122857093811035 0.51764005422592163086 0.49844366312026977539 0.52648323774337768555 0.49152722954750061035 0.51091063022613525391 0.41415581107139587402 0.34292903542518615723 0.40550595521926879883 0.38360205292701721191 0.34115484356880187988 0.33107927441596984863 0.2925612330436706543 0.30521884560585021973 0.33304616808891296387 0.35850569605827331543 0.34166043996810913086 0.31517308950424194336 0.34377124905586242676 0.33273744583129882813 0.39700877666473388672 0.4603239893913269043 0.48720157146453857422 0.52819132804870605469 0.6751282811164855957 0.62311017513275146484
0.26231014728546142578 0.33720475435256958008 0.44041413068771362305 0.39062964916229248047 0.34687763452529907227 0.25375452637672424316 0.26831346750259399414 0.2834701836109161377 0.31423658132553100586 0.29107394814491271973 0.24100899696350097656 0.28885728120803833008 0.42297920584678649902 0.48391297459602355957 0.37451782822608947754 0.34544840455055236816 0.42225751280784606934 0.5225391387939453125 0.49414432048797607422 0.43832623958587646484 0.4393596947193145752 0.42724639177322387695 0.35749855637550354004 0.35036635398864746094 0.39565941691398620605 0.36719092726707458496 0.2985121309757232666 0.30276739597320556641 0.37673431634902954102 0.31533321738243103027 0.35436999797821044922 0.39632025361061096191 0.335971832275390625 0.36747533082962036133 0.37380531430244445801 0.34095686674118041992 0.37736338376998901367 0.31698486208915710449 0.33396154642105102539 0.56155514717102050781 0.57952153682708740234
0.29234334826469421387 0.28416544198989868164 0.32218709588050842285 0.37220579385757446289 0.33559978008270263672 0.28378653526306152344 0.28601396083831787109 0.28588894009590148926 0.38535472750663757324 0.3139966130256652832 0.23996661603450775146 0.3161354362964630127 0.44310152530670166016 0.57611995935440063477 0.40627443790435791016 0.32259985804557800293 0.42440596222877502441 0.54113996028900146484 0.53443878889083862305 0.57000881433486938477 0.42800176143646240234 0.30211809277534484863 0.34747689962387084961 0.3122539222240447998 0.31760630011558532715 0.36145871877670288086 0.30744186043739318848 0.28789260983467102051 0.32486146688461303711 0.31961542367935180664 0.33528941869735717773 0.36487942934036254883 0.35246375203132629395 0.32489383220672607422 0.31597167253494262695 0.34653177857398986816 0.35871407389640808105 0.32870012521743774414 0.28695777058601379395 0.33548253774642944336 0.40917885303497314453
0.28383433818817138672 0.27633500099182128906 0.2764873206615447998 0.2871271967887878418 0.29732295870780944824 0.30988597869873046875 0.31345427036285400391 0.2901942133903503418 0.37302941083908081055 0.3813991844654083252 0.27586981654167175293 0.23723895847797393799 0.37266230583190917969 0.40986171364784240723 0.30556753277778625488 0.23218373954296112061 0.43874752521514892578 0.57421994209289550781 0.49231180548667907715 0.54620289802551269531 0.50135666131973266602 0.34560424089431762695 0.29825854301452636719 0.28074243664741516113 0.31996819376945495605 0.38205543160438537598 0.2988033294677734375 0.3533306121826171875 0.34816449880599975586 0.30920884013175964355 0.28854358196258544922 0.33720660209655761719 0.31831347942352294922 0.3024031221866607666 0.31277000904083251953 0.34246629476547241211 0.37726390361785888672 0.30284267663955688477 0.29877799749374389648 0.29016473889350891113 0.34932473301887512207
0.29480010271072387695 0.26882341504096984863 0.29091751575469970703 0.27540674805641174316 0.25364753603935241699 0.29468613862991333008 0.33468258380889892578 0.28821259737014770508 0.27380380034446716309 0.36809936165809631348 0.38245621323585510254 0.29700988531112670898 0.29138290882110595703 0.26917552947998046875 0.21528415381908416748 0.27223879098892211914 0.50891339778900146484 0.58843278884887695313 0.55031633377075195313 0.58571505546569824219 0.44272354245185852051 0.31132292747497558594 0.31073436141014099121 0.30734148621559143066 0.47246634960174560547 0.53227126598358154297 0.36236578226089477539 0.3725909888744354248 0.4796161651611328125 0.37300762534141540527 0.40271317958831787109 0.40032351016998291016 0.31542986631393432617 0.32418709993362426758 0.39103448390960693359 0.45297041535377502441 0.44594672322273254395 0.42022103071212768555 0.3933843076229095459 0.34546118974685668945 0.38632172346115112305
0.27835357189178466797 0.26398319005966186523 0.29425245523452758789 0.28621900081634521484 0.30831485986709594727 0.30329930782318115234 0.26474675536155700684 0.24482318758964538574 0.26154190301895141602 0.35927498340606689453 0.50930374860763549805 0.42850923538208007813 0.2929948270320892334 0.2215877920389175415 0.19263069331645965576 0.27091157436370849609 0.51425457000732421875 0.59572964906692504883 0.58143764734268188477 0.55089032649993896484 0.33332616090774536133 0.27506464719772338867 0.3160521388053894043 0.379852294921875 0.45741200447082519531 0.49223029613494873047 0.43378806114196777344 0.47007220983505249023 0.58301812410354614258 0.60150963068008422852 0.56676995754241943359 0.4435666203498840332 0.3377360999584197998 0.35599309206008911133 0.47812438011169433594 0.44983112812042236328 0.5148741602897644043 0.57543492317199707031 0.54279166460037231445 0.51017647981643676758 0.46061429381370544434
0.33536192774772644043 0.27930718660354614258 0.31320947408676147461 0.29132613539695739746 0.32029318809509277344 0.30537128448486328125 0.21614086627960205078 0.20782440900802612305 0.22269986569881439209 0.36227568984031677246 0.39421993494033813477 0.41714546084403991699 0.33250066637992858887 0.24973502755165100098 0.19880008697509765625 0.33119556307792663574 0.54187667369842529297 0.5742467045783996582 0.5433514714241027832 0.47203931212425231934 0.31658700108528137207 0.32153031229972839355 0.40873572230339050293 0.42035406827926635742 0.3481934666633605957 0.41911455988883972168 0.44469273090362548828 0.55481308698654174805 0.54814153909683227539 0.62588322162628173828 0.57061165571212768555 0.43396410346031188965 0.38236433267593383789 0.37087517976760864258 0.49164545536041259766 0.53513014316558837891 0.574981689453125 0.60081207752227783203 0.55518496036529541016 0.54072219133377075195 0.45580080151557922363
0.49520471692085266113 0.48882952332496643066 0.36650016903877258301 0.28741365671157836914 0.33794483542442321777 0.30603921413421630859 0.21390897035598754883 0.1874961555004119873 0.22634111344814300537 0.30531477928161621094 0.32267925143241882324 0.34790059924125671387 0.38410088419914245605 0.27749583125114440918 0.22946445643901824951 0.31740716099739074707 0.38737773895263671875 0.40358075499534606934 0.37755271792411804199 0.37527352571487426758 0.40158811211585998535 0.51446241140365600586 0.44493734836578369141 0.30769598484039306641 0.26382586359977722168 0.37191736698150634766 0.46736967563629150391 0.56427878141403198242 0.51859509944915771484 0.54405140876770019531 0.48911115527153015137 0.39738050103187561035 0.3698603212833404541 0.39004084467887878418 0.50754010677337646484 0.58231824636459350586 0.60498219728469848633 0.59301292896270751953 0.56996357440948486328 0.4960950314998626709 0.36086574196815490723
0.50884807109832763672 0.52427560091018676758 0.35862946510314941406 0.2917537987232208252 0.32765224575996398926 0.3349488675594329834 0.33262735605239868164 0.32495227456092834473 0.37988013029098510742 0.41020089387893676758 0.38718217611312866211 0.40961617231369018555 0.38341498374938964844 0.28105917572975158691 0.28914305567741394043 0.24057768285274505615 0.29731470346450805664 0.39345669746398925781 0.38998216390609741211 0.35169270634651184082 0.54108852148056030273 0.58852618932723999023 0.45603036880493164063 0.36328688263893127441 0.33907374739646911621 0.47109067440032958984 0.55755245685577392578 0.62486213445663452148 0.59028822183609008789 0.53375726938247680664 0.38399627804756164551 0.34745708107948303223 0.34334582090377807617 0.37066853046417236328 0.54517579078674316406 0.59805661439895629883 0.55231469869613647461 0.49980497360229492188 0.53119987249374389648 0.51365756988525390625 0.34132274985313415527
0.46211734414100646973 0.47552448511123657227 0.42028519511222839355 0.38492399454116821289 0.42321729660034179688 0.43678405880928039551 0.44116735458374023438 0.51698470115661621094 0.56702595949172973633 0.53401607275009155273 0.50109046697616577148 0.43165084719657897949 0.42847725749015808105 0.41769656538963317871 0.32955062389373779297 0.24694681167602539063 0.27904009819030761719 0.35214972496032714844 0.39462569355964660645 0.44993266463279724121 0.60370278358459472656 0.58043307065963745117 0.49594506621360778809 0.42208933830261230469 0.45146057009696960449 0.49797597527503967285 0.55300420522689819336 0.6454365849494934082 0.56124764680862426758 0.46251374483108520508 0.43929076194763183594 0.57605034112930297852 0.5242176055908203125 0.4349136650562286377 0.55805230140686035156 0.51725667715072631836 0.50446152687072753906 0.53673827648162841797 0.55808866024017333984 0.51798266172409057617 0.40433290600776672363
0.45126286149024963379 0.37574595212936401367 0.4474989473819732666 0.47127667069435119629 0.44285023212432861328 0.47019866108894348145 0.50800001621246337891 0.49566426873207092285 0.55937504768371582031 0.56177246570587158203 0.49423858523368835449 0.44863262772560119629 0.44020342826843261719 0.4509410560131072998 0.4895350039005279541 0.4310970008373260498 0.30486151576042175293 0.3823490440845489502 0.47853904962539672852 0.52022832632064819336 0.55581188201904296875 0.50597810745239257813 0.54876655340194702148 0.5020732879638671875 0.47069153189659118652 0.47833177447319030762 0.57145828008651733398 0.60032606124877929688 0.5508174896240234375 0.43575319647789001465 0.47831514477729797363 0.59407013654708862305 0.50319707393646240234 0.3753312230110168457 0.50414890050888061523 0.46983492374420166016 0.41201025247573852539 0.39641740918159484863 0.54705947637557983398 0.52938836812973022461 0.4996579289436340332
0.51132148504257202148 0.41710203886032104492 0.41470825672149658203 0.45072209835052490234 0.45943680405616760254 0.49502030014991760254 0.52036643028259277344 0.52681958675384521484 0.53599202632904052734 0.57549262046813964844 0.54049628973007202148 0.53697240352630615234 0.49567329883575439453 0.46439981460571289063 0.5004532933235168457 0.4722258150577545166 0.38596656918525695801 0.49339085817337036133 0.53746551275253295898 0.49349942803382873535 0.50263583660125732422 0.51952064037322998047 0.5057080388069152832 0.49590608477592468262 0.4532089531421661377 0.40640786290168762207 0.51376378536224365234 0.55224436521530151367 0.54899501800537109375 0.4727306365966796875 0.46674641966819763184 0.52209424972534179688 0.48601862788200378418 0.35365504026412963867 0.37288695573806762695 0.46293652057647705078 0.36215853691101074219 0.28720006346702575684 0.46569103002548217773 0.44364944100379943848 0.41785028576850891113
0.43882286548614501953 0.45506790280342102051 0.52522122859954833984 0.46557736396789550781 0.49411213397979736328 0.43828111886978149414 0.50348162651062011719 0.57943010330200195313 0.59677267074584960938 0.55784565210342407227 0.56345438957214355469 0.5327447056770324707 0.51599991321563720703 0.48688375949859619141 0.45162361860275268555 0.4645392000675201416 0.39983889460563659668 0.50176090002059936523 0.51987171173095703125 0.38257920742034912109 0.3481324613094329834 0.40619602799415588379 0.49254366755485534668 0.50425386428833007813 0.49031934142112731934 0.45725578069686889648 0.48973450064659118652 0.51194369792938232422 0.50209093093872070313 0.51260930299758911133 0.49119013547897338867 0.54588639736175537109 0.52401852607727050781 0.37784948945045471191 0.34109717607498168945 0.38580051064491271973 0.38658437132835388184 0.37824666500091552734 0.3501262664794921875 0.30133369565010070801 0.27599415183067321777
0.40618807077407836914 0.42460718750953674316 0.5158634185791015625 0.54856377840042114258 0.50360482931137084961 0.48645320534706115723 0.54083847999572753906 0.58078050613403320313 0.57730007171630859375 0.5132986903190612793 0.45213863253593444824 0.43742346763610839844 0.51867204904556274414 0.54739409685134887695 0.45275634527206420898 0.49652943015098571777 0.44507583975791931152 0.46807065606117248535 0.37297624349594116211 0.32307350635528564453 0.30425611138343811035 0.43613609671592712402 0.46879619359970092773 0.48049879074096679688 0.44103837013244628906 0.46746435761451721191 0.46332085132598876953 0.43736922740936279297 0.4794349372386932373 0.48091411590576171875 0.51302570104598999023 0.58883744478225708008 0.52333050966262817383 0.34479370713233947754 0.34622824192047119141 0.36845284700393676758 0.33490121364593505859 0.35280275344848632813 0.28291913866996765137 0.29988536238670349121 0.3832263648509979248
0.37168046832084655762 0.44313278794288635254 0.53970223665237426758 0.56870257854461669922 0.60419267416000366211 0.58343213796615600586 0.58879286050796508789 0.61127960681915283203 0.59790742397308349609 0.56992727518081665039 0.54577744007110595703 0.45393443107604980469 0.50151503086090087891 0.5085213780403137207 0.46736586093902587891 0.53387147188186645508 0.57053637504577636719 0.50809711217880249023 0.36217981576919555664 0.328388214111328125 0.34015855193138122559 0.48001015186309814453 0.50362640619277954102 0.43145260214805603027 0.34012696146965026855 0.48090121150016784668 0.51041823625564575195 0.46677792072296142578 0.5379250645637512207 0.46049261093139648438 0.53947907686233520508 0.590106964111328125 0.49742731451988220215 0.32441678643226623535 0.34866875410079956055 0.38485485315322875977 0.35691332817077636719 0.34985193610191345215 0.29213568568229675293 0.37294137477874755859 0.3504485785961151123
0.3566494286060333252 0.47508764266967773438 0.55958676338195800781 0.4935582280158996582 0.5563373565673828125 0.52596271038055419922 0.49845999479293823242 0.52718722820281982422 0.54913085699081420898 0.5457553863525390625 0.54985749721527099609 0.4840266108512878418 0.47701409459114074707 0.40522134304046630859 0.41751131415367126465 0.45476377010345458984 0.47088092565536499023 0.47305309772491455078 0.4715576469898223877 0.39026182889938354492 0.4448197782039642334 0.54181182384490966797 0.53196519613265991211 0.4559338688850402832 0.3044770359992980957 0.39363265037536621094 0.53650045394897460938 0.51559329032897949219 0.56545537710189819336 0.49316629767417907715 0.49763152003288269043 0.57647627592086791992 0.4812247157096862793 0.38812750577926635742 0.41477164626121520996 0.37446326017379760742 0.36458069086074829102 0.36154043674468994141 0.3981393277645111084 0.51363641023635864258 0.44811064004898071289
0.45817139744758605957 0.50267499685287475586 0.51536649465560913086 0.45289194583892822266 0.44822749495506286621 0.42549520730972290039 0.43793007731437683105 0.37324562668800354004 0.45701143145561218262 0.42408153414726257324 0.46156024932861328125 0.49571850895881652832 0.48806220293045043945 0.39761489629745483398 0.37002575397491455078 0.42094117403030395508 0.43873655796051025391 0.48511505126953125 0.52044051885604858398 0.4980240166187286377 0.42183211445808410645 0.54560428857803344727 0.52734196186065673828 0.48996955156326293945 0.4436448216438293457 0.3609714508056640625 0.37093025445938110352 0.47948735952377319336 0.52933841943740844727 0.53457868099212646484 0.44129970669746398926 0.40802860260009765625 0.32131990790367126465 0.40460145473480224609 0.35575082898139953613 0.34498772025108337402 0.37858194112777709961 0.4692097008228302002 0.50270807743072509766 0.41524177789688110352 0.33770471811294555664
0.53194713592529296875 0.54397916793823242188 0.51538473367691040039 0.52711570262908935547 0.4756119847297668457 0.42295441031455993652 0.41538256406784057617 0.40343719720840454102 0.5129687190055847168 0.40366131067276000977 0.47182768583297729492 0.45168396830558776855 0.39867249131202697754 0.45789128541946411133 0.39843159914016723633 0.44361919164657592773 0.48774981498718261719 0.46556743979454040527 0.50793796777725219727 0.51569706201553344727 0.52178156375885009766 0.54821407794952392578 0.49993839859962463379 0.44713610410690307617 0.41163179278373718262 0.35882788896560668945 0.27173686027526855469 0.24450387060642242432 0.36681228876113891602 0.39860188961029052734 0.33879321813583374023 0.36043173074722290039 0.37382277846336364746 0.40870738029479980469 0.33901473879814147949 0.38196897506713867188 0.46792089939117431641 0.48614841699600219727 0.45425912737846374512 0.35728693008422851563 0.35761928558349609375
