INPUT/RASTER/ASCII/ndvi.asc
ncols        225
nrows        269
xllcorner    473000.000000000000
yllcorner    4429100.000000000000
cellsize     50.000000000000
NODATA_value -9999
[rows 152 to 170 of 269, columns 86 to 128 of 225]
0.45724716782569885254 0.5623047947883605957 0.58387166261672973633 0.57427841424942016602 0.51234364509582519531 0.46266660094261169434 0.41258630156517028809 0.23977096378803253174 0.2414496690034866333 0.49389198422431945801 0.44470959901809692383 0.43657860159873962402 0.48682004213333129883 0.35835126042366027832 0.37266236543655395508 0.37507569789886474609 0.40339046716690063477 0.35979348421096801758 0.51254099607467651367 0.44590687751770019531 0.26867353916168212891 0.32790866494178771973 0.29614603519439697266 0.21648325026035308838 0.27536597847938537598 0.26330459117889404297 0.19366766512393951416 0.17614278197288513184 0.23263925313949584961 0.22247524559497833252 0.22544369101524353027 0.35318922996520996094 0.3919430077075958252 0.3698838353157043457 0.19805656373500823975 0.20796598494052886963 0.22429290413856506348 0.29222881793975830078 0.39150771498680114746 0.44245454668998718262 0.37784501910209655762 0.25870281457901000977 0.33010718226432800293
0.47421678900718688965 0.57326859235763549805 0.59963113069534301758 0.49692037701606750488 0.37445849180221557617 0.40132391452789306641 0.28072315454483032227 0.25154033303260803223 0.2491699904203414917 0.38460117578506469727 0.23938128352165222168 0.25696018338203430176 0.33949235081672668457 0.30936995148658752441 0.32885590195655822754 0.43242111802101135254 0.37909975647926330566 0.38498848676681518555 0.4148387908935546875 0.43199002742767333984 0.26497137546539306641 0.33912116289138793945 0.26497918367385864258 0.28622904419898986816 0.2659098505973815918 0.28248557448387145996 0.21358720958232879639 0.24205081164836883545 0.22005435824394226074 0.21875013411045074463 0.2296107560396194458 0.25158545374870300293 0.3282750546932220459 0.29225817322731018066 0.26393809914588928223 0.27385815978050231934 0.26280552148818969727 0.28048533201217651367 0.29285490512847900391 0.20664770901203155518 0.19222579896450042725 0.1842883676290512085 0.23221568763256072998
0.34321823716163635254 0.59656202793121337891 0.51473176479339599609 0.3909664452075958252 0.28682243824005126953 0.28295034170150756836 0.39829587936401367188 0.36455968022346496582 0.28513163328170776367 0.23080682754516601562 0.26816311478614807129 0.24917323887348175049 0.33769047260284423828 0.32315516471862792969 0.26393261551856994629 0.27431657910346984863 0.24390959739685058594 0.28385686874389648438 0.36368274688720703125 0.37194228172302246094 0.28509020805358886719 0.32924520969390869141 0.28924009203910827637 0.3282642364501953125 0.27971896529197692871 0.28948280215263366699 0.26491004228591918945 0.26453691720962524414 0.23665781319141387939 0.32230576872825622559 0.2909698784351348877 0.23771579563617706299 0.19882254302501678467 0.23725740611553192139 0.30592742562294006348 0.2320248037576675415 0.30260309576988220215 0.19668146967887878418 0.24889419972896575928 0.24474434554576873779 0.22521571815013885498 0.26037368178367614746 0.2688096463680267334
0.29754933714866638184 0.32146504521369934082 0.30581164360046386719 0.36466526985168457031 0.38218006491661071777 0.3849029242992401123 0.39253652095794677734 0.28888654708862304688 0.22334802150726318359 0.28741553425788879395 0.33004280924797058105 0.30230376124382019043 0.26888787746429443359 0.2998631894588470459 0.32347527146339416504 0.31876242160797119141 0.26299440860748291016 0.29884898662567138672 0.4098148345947265625 0.37693172693252563477 0.35362783074378967285 0.33289039134979248047 0.36944743990898132324 0.3321221470832824707 0.30121174454689025879 0.29924577474594116211 0.28828132152557373047 0.38546296954154968262 0.30368307232856750488 0.48436760902404785156 0.4007015526294708252 0.25557419657707214355 0.20687587559223175049 0.23725312948226928711 0.21668253839015960693 0.21438018977642059326 0.21080383658409118652 0.200986519455909729 0.1648044884204864502 0.18036231398582458496 0.18657666444778442383 0.18879920244216918945 0.21096606552600860596
0.37016403675079345703 0.39380475878715515137 0.41461920738220214844 0.34705498814582824707 0.40249258279800415039 0.49124294519424438477 0.36095100641250610352 0.28875291347503662109 0.25526741147041320801 0.36866903305053710938 0.32438981533050537109 0.2498477250337600708 0.1632356494665145874 0.21396853029727935791 0.28291755914688110352 0.29616948962211608887 0.45817393064498901367 0.43481728434562683105 0.41479623317718505859 0.32431131601333618164 0.3447577059268951416 0.36134675145149230957 0.36820420622825622559 0.30615317821502685547 0.24488855898380279541 0.28782448172569274902 0.31088870763778686523 0.39720812439918518066 0.41546535491943359375 0.41208085417747497559 0.34847602248191833496 0.17162935435771942139 0.19434541463851928711 0.1868810504674911499 0.18572714924812316895 0.20122896134853363037 0.31340149044990539551 0.16932858526706695557 0.15153937041759490967 0.18052887916564941406 0.18173557519912719727 0.17093941569328308105 0.15406173467636108398
0.3446890711784362793 0.32923686504364013672 0.3839092552661895752 0.42772254347801208496 0.466281890869140625 0.47277998924255371094 0.254878997802734375 0.2560176849365234375 0.29329082369804382324 0.41035288572311401367 0.27656155824661254883 0.32053092122077941895 0.20744843780994415283 0.22089686989784240723 0.37920689582824707031 0.44065469503402709961 0.47742435336112976074 0.40953314304351806641 0.38981026411056518555 0.38635867834091186523 0.44813773036003112793 0.35487583279609680176 0.32959908246994018555 0.22945421934127807617 0.21193914115428924561 0.21022646129131317139 0.28316184878349304199 0.38664445281028747559 0.48992499709129333496 0.36527818441390991211 0.24510334432125091553 0.26569503545761108398 0.17321573197841644287 0.15893273055553436279 0.1566381305456161499 0.16258190572261810303 0.19119913876056671143 0.1498966217041015625 0.18761606514453887939 0.25307893753051757812 0.19177488982677459717 0.15938031673431396484 0.18079191446304321289
0.30362769961357116699 0.27344590425491333008 0.3161290585994720459 0.38014054298400878906 0.42034298181533813477 0.32445871829986572266 0.17341245710849761963 0.28992059826850891113 0.340610504150390625 0.27262154221534729004 0.23693336546421051025 0.30402353405952453613 0.3234894871711730957 0.39833146333694458008 0.40842983126640319824 0.24583512544631958008 0.37222409248352050781 0.40282291173934936523 0.4093754887580871582 0.32267451286315917969 0.37665611505508422852 0.25051391124725341797 0.26334786415100097656 0.21253558993339538574 0.21011748909950256348 0.26979345083236694336 0.29535439610481262207 0.29976758360862731934 0.37030974030494689941 0.42338401079177856445 0.38987022638320922852 0.38918951153755187988 0.26394742727279663086 0.16629257798194885254 0.14933921396732330322 0.18658624589443206787 0.16946922242641448975 0.26103490591049194336 0.30283948779106140137 0.39463484287261962891 0.34585118293762207031 0.25916379690170288086 0.14965143799781799316
0.27843391895294189453 0.25779077410697937012 0.16196052730083465576 0.25072658061981201172 0.34689691662788391113 0.19990557432174682617 0.24665036797523498535 0.32698199152946472168 0.28648093342781066895 0.18855488300323486328 0.36453935503959655762 0.48557057976722717285 0.44717934727668762207 0.48631200194358825684 0.38995319604873657227 0.26108756661415100098 0.26895740628242492676 0.42085468769073486328 0.25704541802406311035 0.16412749886512756348 0.165622711181640625 0.19637899100780487061 0.18553121387958526611 0.15524595975875854492 0.16618596017360687256 0.31283500790596008301 0.23887056112289428711 0.23741008341312408447 0.33811080455780029297 0.40159627795219421387 0.47531089186668395996 0.36774566769599914551 0.31664812564849853516 0.25602763891220092773 0.19725912809371948242 0.16958522796630859375 0.18883311748504638672 0.21349602937698364258 0.2709401547908782959 0.31593564152717590332 0.40626361966133117676 0.33900445699691772461 0.22266995906829833984
0.32625126838684082031 0.32810074090957641602 0.18733385205268859863 0.24171967804431915283 0.45783916115760803223 0.3185291588306427002 0.19812306761741638184 0.3226477503776550293 0.23211103677749633789 0.21926610171794891357 0.22994750738143920898 0.43422412872314453125 0.4365863502025604248 0.31939649581909179688 0.48722505569458007812 0.44454157352447509766 0.45731791853904724121 0.41614496707916259766 0.19923152029514312744 0.29425033926963806152 0.2284224778413772583 0.35577303171157836914 0.32152903079986572266 0.29133075475692749023 0.33698248863220214844 0.34863778948783874512 0.23762942850589752197 0.20572169125080108643 0.25478076934814453125 0.31209227442741394043 0.40758529305458068848 0.35859829187393188477 0.39337196946144104004 0.32076448202133178711 0.3230139613151550293 0.24039658904075622559 0.22500628232955932617 0.23757885396480560303 0.25192058086395263672 0.25322172045707702637 0.3116696476936340332 0.3827228844165802002 0.40879657864570617676
0.33833235502243041992 0.36487850546836853027 0.2760861515998840332 0.27644267678260803223 0.41256678104400634766 0.44856864213943481445 0.20581063628196716309 0.36197316646575927734 0.34616458415985107422 0.37417119741439819336 0.23851919174194335938 0.2751477360725402832 0.2940107882022857666 0.27152383327484130859 0.35875290632247924805 0.45950639247894287109 0.50975632667541503906 0.46074074506759643555 0.47203719615936279297 0.34650686383247375488 0.41291907429695129395 0.45420727133750915527 0.41179123520851135254 0.36114019155502319336 0.51264834403991699219 0.48031839728355407715 0.25860065221786499023 0.21332114934921264648 0.25247091054916381836 0.28699010610580444336 0.44812408089637756348 0.43777120113372802734 0.46548902988433837891 0.52225714921951293945 0.42174699902534484863 0.30656328797340393066 0.2325712740421295166 0.22539596259593963623 0.25180587172508239746 0.25401139259338378906 0.28697678446769714355 0.35008737444877624512 0.35748711228370666504
0.36734077334403991699 0.36500519514083862305 0.44093570113182067871 0.29654908180236816406 0.38879230618476867676 0.32749632000923156738 0.39713817834854125977 0.46829703450202941895 0.35780152678489685059 0.47132858633995056152 0.40591654181480407715 0.42874407768249511719 0.28575614094734191895 0.28064194321632385254 0.24612194299697875977 0.44238501787185668945 0.36465683579444885254 0.32968610525131225586 0.32123637199401855469 0.41830030083656311035 0.45950961112976074219 0.35821440815925598145 0.46577987074851989746 0.39622792601585388184 0.48186767101287841797 0.47156211733818054199 0.37429764866828918457 0.26924678683280944824 0.43618473410606384277 0.49782267212867736816 0.50392228364944458008 0.48770099878311157227 0.49428075551986694336 0.3952516019344329834 0.37789440155029296875 0.32391095161437988281 0.23687121272087097168 0.22749632596969604492 0.28717187047004699707 0.32246094942092895508 0.26351299881935119629 0.32695281505584716797 0.375926971435546875
0.22199760377407073975 0.40164545178413391113 0.36568373441696166992 0.51571142673492431641 0.38467070460319519043 0.47319090366363525391 0.52718871831893920898 0.54091429710388183594 0.40190932154655456543 0.47552505135536193848 0.53153854608535766602 0.53224200010299682617 0.49805659055709838867 0.45176798105239868164 0.24112433195114135742 0.3030363917350769043 0.2606099247932434082 0.34264636039733886719 0.35041138529777526855 0.41667616367340087891 0.37594756484031677246 0.36086022853851318359 0.42845463752746582031 0.41934096813201904297 0.42029529809951782227 0.33854287862777709961 0.41813412308692932129 0.43673565983772277832 0.45296061038970947266 0.57599741220474243164 0.60643732547760009766 0.64894622564315795898 0.42585965991020202637 0.3767496943473815918 0.48660415410995483398 0.29949545860290527344 0.29986807703971862793 0.22671365737915039062 0.24550467729568481445 0.30876106023788452148 0.24838028848171234131 0.25939399003982543945 0.3767846226692199707
0.19992326200008392334 0.37471741437911987305 0.28585550189018249512 0.32757478952407836914 0.32618504762649536133 0.50997263193130493164 0.48265638947486877441 0.5679874420166015625 0.36206910014152526855 0.42678281664848327637 0.51265054941177368164 0.50940799713134765625 0.43218955397605895996 0.44761827588081359863 0.39327648282051086426 0.30620044469833374023 0.35559278726577758789 0.41854932904243469238 0.50468146800994873047 0.41861814260482788086 0.38893294334411621094 0.39713111519813537598 0.43906170129776000977 0.42047742009162902832 0.2528629302978515625 0.30649584531784057617 0.42504838109016418457 0.52722448110580444336 0.51744055747985839844 0.54679942131042480469 0.59423685073852539062 0.59947413206100463867 0.47525644302368164062 0.32918724417686462402 0.53445637226104736328 0.31236240267753601074 0.32151022553443908691 0.23625662922859191895 0.25173273682594299316 0.28739219903945922852 0.40794381499290466309 0.41691491007804870605 0.42753365635871887207
0.26828980445861816406 0.38538897037506103516 0.25410401821136474609 0.21487818658351898193 0.29740253090858459473 0.45290586352348327637 0.67130142450332641602 0.40728095173835754395 0.30506637692451477051 0.34928089380264282227 0.44808587431907653809 0.56411981582641601562 0.43439364433288574219 0.53380161523818969727 0.57190036773681640625 0.51395046710968017578 0.44260507822036743164 0.50913131237030029297 0.46415063738822937012 0.32206425070762634277 0.3325583040714263916 0.42114874720573425293 0.45154285430908203125 0.44800600409507751465 0.24842911958694458008 0.27924546599388122559 0.47097945213317871094 0.49454542994499206543 0.43201667070388793945 0.63194483518600463867 0.56215071678161621094 0.53559345006942749023 0.57486319541931152344 0.46771094202995300293 0.43271553516387939453 0.50210678577423095703 0.4011821448802947998 0.3206875920295715332 0.21822293102741241455 0.19386249780654907227 0.26339060068130493164 0.4443187415599822998 0.38554289937019348145
0.174936637282371521 0.22296960651874542236 0.29227143526077270508 0.30633470416069030762 0.25730150938034057617 0.54004657268524169922 0.56368523836135864258 0.24458023905754089355 0.25676640868186950684 0.33207628130912780762 0.33406224846839904785 0.41907638311386108398 0.49245810508728027344 0.52476066350936889648 0.52762275934219360352 0.30434811115264892578 0.48200187087059020996 0.57541227340698242188 0.38297063112258911133 0.26551842689514160156 0.35205057263374328613 0.37649306654930114746 0.37896397709846496582 0.40320762991905212402 0.35066708922386169434 0.58474427461624145508 0.49973285198211669922 0.49443760514259338379 0.39181098341941833496 0.61548686027526855469 0.39420515298843383789 0.33508259057998657227 0.39895144104957580566 0.50301963090896606445 0.47679695487022399902 0.37349581718444824219 0.38402757048606872559 0.39616146683692932129 0.21204684674739837646 0.18824873864650726318 0.20145505666732788086 0.28150355815887451172 0.2917079925537109375
0.21523559093475341797 0.17945282161235809326 0.21150167286396026611 0.30956447124481201172 0.34745106101036071777 0.45643261075019836426 0.3084087371826171875 0.25096178054809570312 0.23182022571563720703 0.36009132862091064453 0.39409539103507995605 0.42609968781471252441 0.52403396368026733398 0.57125753164291381836 0.48009842634201049805 0.30341938138008117676 0.48565903306007385254 0.52081495523452758789 0.35235843062400817871 0.3449554741382598877 0.37791690230369567871 0.3999239802360534668 0.43608072400093078613 0.51532948017120361328 0.47996070981025695801 0.53388589620590209961 0.5719248652458190918 0.49612885713577270508 0.48087733983993530273 0.59747362136840820312 0.46707606315612792969 0.38529753684997558594 0.49678567051887512207 0.61458677053451538086 0.52183097600936889648 0.34710800647735595703 0.36016330122947692871 0.29343190789222717285 0.23723256587982177734 0.23597545921802520752 0.21632067859172821045 0.1852969825267791748 0.20405761897563934326
0.17166601121425628662 0.16329249739646911621 0.17638224363327026367 0.47209814190864562988 0.45864921808242797852 0.21335801482200622559 0.25400596857070922852 0.21896040439605712891 0.23994243144989013672 0.20183777809143066406 0.38035628199577331543 0.46104857325553894043 0.55829209089279174805 0.55196624994277954102 0.2699254453182220459 0.38296389579772949219 0.44329169392585754395 0.4903538823127746582 0.34243878722190856934 0.35292905569076538086 0.37197095155715942383 0.43018931150436401367 0.54253113269805908203 0.60814630985260009766 0.40043202042579650879 0.36540064215660095215 0.61157703399658203125 0.60226529836654663086 0.55721306800842285156 0.38817676901817321777 0.41095966100692749023 0.60803955793380737305 0.58468568325042724609 0.61097931861877441406 0.45999860763549804688 0.36284056305885314941 0.30016064643859863281 0.22083292901515960693 0.20302411913871765137 0.21309477090835571289 0.20598272979259490967 0.21463617682456970215 0.19935946166515350342
0.20105585455894470215 0.17265209555625915527 0.2631015777587890625 0.54025876522064208984 0.44049489498138427734 0.23432962596416473389 0.26840800046920776367 0.2846355438232421875 0.30749583244323730469 0.33665007352828979492 0.41162014007568359375 0.41274732351303100586 0.40474551916122436523 0.41316893696784973145 0.2724590003490447998 0.48715576529502868652 0.49564838409423828125 0.44714537262916564941 0.44009712338447570801 0.37790662050247192383 0.39071494340896606445 0.40967142581939697266 0.51971530914306640625 0.5065638422966003418 0.3639468848705291748 0.32602825760841369629 0.56490224599838256836 0.68824440240859985352 0.41760078072547912598 0.41616711020469665527 0.27580034732818603516 0.51302260160446166992 0.57206267118453979492 0.45113083720207214355 0.45213794708251953125 0.47096326947212219238 0.28311407566070556641 0.20329338312149047852 0.17929245531558990479 0.16066905856132507324 0.19830328226089477539 0.29724994301795959473 0.2295493781566619873
0.23278434574604034424 0.25619813799858093262 0.46532842516899108887 0.40945062041282653809 0.41271293163299560547 0.29789617657661437988 0.22440704703330993652 0.33841720223426818848 0.23153865337371826172 0.25050336122512817383 0.35919049382209777832 0.35016500949859619141 0.38250884413719177246 0.26359659433364868164 0.35662853717803955078 0.44539394974708557129 0.46944054961204528809 0.41130465269088745117 0.3416919708251953125 0.38330802321434020996 0.39934718608856201172 0.39136737585067749023 0.59547990560531616211 0.51785516738891601562 0.3322105109691619873 0.29415491223335266113 0.32976326346397399902 0.56380325555801391602 0.37180384993553161621 0.33511653542518615723 0.27613848447799682617 0.30198520421981811523 0.55990594625473022461 0.50563776493072509766 0.43983069062232971191 0.27252855896949768066 0.23454457521438598633 0.20388835668563842773 0.19422388076782226562 0.18651570379734039307 0.18834404647350311279 0.22145742177963256836 0.27301612496376037598
