INPUT/RASTER/ASCII/ndvi.asc
ncols        225
nrows        269
xllcorner    473009.983799999987
yllcorner    4429051.174800000153
cellsize     50.000000000000
NODATA_value  -9999
[rows 95 to 113 of 269, columns 42 to 83 of 225]
0.3301474452018737793 0.35943299531936645508 0.3397267460823059082 0.2472086101770401001 0.340229034423828125 0.37117594480514526367 0.38906380534172058105 0.33578804135322570801 0.32253608107566833496 0.42659771442413330078 0.39125216007232666016 0.32044672966003417969 0.23101936280727386475 0.30108374357223510742 0.37716582417488098145 0.41057980060577392578 0.46118000149726867676 0.45567399263381958008 0.4120813906192779541 0.37434965372085571289 0.32324904203414916992 0.31110751628875732422 0.33884128928184509277 0.33932569622993469238 0.35905721783638000488 0.33544367551803588867 0.43092876672744750977 0.43931493163108825684 0.34971833229064941406 0.27751109004020690918 0.26583322882652282715 0.34255906939506530762 0.37481629848480224609 0.41930079460144042969 0.46651008725166320801 0.46590796113014221191 0.45218476653099060059 0.46576142311096191406 0.39661169052124023438 0.4552783966064453125 0.41448804736137390137 0.41544610261917114258
0.40671679377555847168 0.38922771811485290527 0.40478080511093139648 0.29103156924247741699 0.24058704078197479248 0.3278408050537109375 0.39355552196502685547 0.3948205411434173584 0.3540528714656829834 0.41517379879951477051 0.49083000421524047852 0.45371538400650024414 0.46363806724548339844 0.40443331003189086914 0.35010004043579101563 0.38942956924438476563 0.38889434933662414551 0.42890235781669616699 0.40446618199348449707 0.34336894750595092773 0.32754510641098022461 0.33463400602340698242 0.37051638960838317871 0.31919261813163757324 0.33160012960433959961 0.37650421261787414551 0.41241565346717834473 0.43944981694221496582 0.3476695716381072998 0.31047698855400085449 0.30054724216461181641 0.34765973687171936035 0.35631328821182250977 0.44117242097854614258 0.43287861347198486328 0.42540094256401062012 0.43515107035636901855 0.38243353366851806641 0.48728790879249572754 0.47247740626335144043 0.38537490367889404297 0.43018445372581481934
0.46709817647933959961 0.41011139750480651855 0.32631868124008178711 0.27789378166198730469 0.23298275470733642578 0.24849463999271392822 0.31138983368873596191 0.37218195199966430664 0.4322725832462310791 0.45624053478240966797 0.44095155596733093262 0.49137061834335327148 0.48010143637657165527 0.41928678750991821289 0.3263683021068572998 0.31735494732856750488 0.36687627434730529785 0.39213395118713378906 0.40249529480934143066 0.43332967162132263184 0.38494455814361572266 0.32385116815567016602 0.35003063082695007324 0.34952971339225769043 0.33756810426712036133 0.36929762363433837891 0.41835871338844299316 0.43550637364387512207 0.41356042027473449707 0.40105998516082763672 0.35885161161422729492 0.42946600914001464844 0.45542225241661071777 0.3686345219612121582 0.39315199851989746094 0.3681297600269317627 0.50080931186676025391 0.49303737282752990723 0.51647084951400756836 0.39911666512489318848 0.3674844205379486084 0.39863908290863037109
0.51774764060974121094 0.54543375968933105469 0.3600273430347442627 0.29859274625778198242 0.26795583963394165039 0.24525889754295349121 0.30939391255378723145 0.41614121198654174805 0.4528484642505645752 0.41994133591651916504 0.43610921502113342285 0.43386918306350708008 0.40336591005325317383 0.40386021137237548828 0.35886040329933166504 0.30453032255172729492 0.3674697577953338623 0.36881366372108459473 0.33198562264442443848 0.44851946830749511719 0.41085228323936462402 0.3485991060733795166 0.38184762001037597656 0.43116298317909240723 0.34130132198333740234 0.35864371061325073242 0.43200805783271789551 0.41925981640815734863 0.35304051637649536133 0.31804111599922180176 0.34948393702507019043 0.4988670051097869873 0.46949517726898193359 0.34839573502540588379 0.3097292780876159668 0.3292319178581237793 0.41172003746032714844 0.54868882894515991211 0.57836127281188964844 0.46084225177764892578 0.38340359926223754883 0.29680645465850830078
0.57362323999404907227 0.53765261173248291016 0.38828247785568237305 0.42354744672775268555 0.36621046066284179688 0.31508898735046386719 0.38973662257194519043 0.51184368133544921875 0.41700923442840576172 0.37565809488296508789 0.3813044428825378418 0.44335016608238220215 0.3804041445255279541 0.38355103135108947754 0.33556187152862548828 0.30586892366409301758 0.30920034646987915039 0.29626026749610900879 0.32033190131187438965 0.40066751837730407715 0.39585980772972106934 0.36509844660758972168 0.32406973838806152344 0.30499094724655151367 0.32301610708236694336 0.38375288248062133789 0.43089076876640319824 0.36905431747436523438 0.32540497183799743652 0.31367778778076171875 0.40538114309310913086 0.50940710306167602539 0.44842860102653503418 0.34393477439880371094 0.24442996084690093994 0.27956181764602661133 0.45343425869941711426 0.57395517826080322266 0.57430726289749145508 0.51365160942077636719 0.47572338581085205078 0.3891862034797668457
0.45447081327438354492 0.48997455835342407227 0.41354107856750488281 0.40226593613624572754 0.47152003645896911621 0.43796339631080627441 0.42268806695938110352 0.43335759639739990234 0.39952120184898376465 0.41215786337852478027 0.32261523604393005371 0.33122146129608154297 0.35103237628936767578 0.40925461053848266602 0.45020070672035217285 0.41523265838623046875 0.3184795081615447998 0.30344364047050476074 0.33152380585670471191 0.35106325149536132813 0.37349367141723632813 0.38123917579650878906 0.37263274192810058594 0.31866890192031860352 0.31401747465133666992 0.29711937904357910156 0.31592810153961181641 0.33166357874870300293 0.35155647993087768555 0.27113381028175354004 0.41803336143493652344 0.44972330331802368164 0.50476562976837158203 0.38464149832725524902 0.22136877477169036865 0.27107959985733032227 0.43588140606880187988 0.54696214199066162109 0.55346345901489257813 0.52989912033081054688 0.55885076522827148438 0.56408429145812988281
0.46610051393508911133 0.46148407459259033203 0.39110189676284790039 0.4307683110237121582 0.46865606307983398438 0.5141556859016418457 0.56843167543411254883 0.46536087989807128906 0.52031672000885009766 0.56276434659957885742 0.41180047392845153809 0.29765048623085021973 0.3312587440013885498 0.41602891683578491211 0.56100445985794067383 0.48601183295249938965 0.3861967921257019043 0.37224903702735900879 0.38153743743896484375 0.3538188934326171875 0.37907862663269042969 0.38469460606575012207 0.41620618104934692383 0.3028545677661895752 0.38166677951812744141 0.35051232576370239258 0.3081048429012298584 0.31518700718879699707 0.33581885695457458496 0.33746090531349182129 0.39246723055839538574 0.46646830439567565918 0.50961446762084960938 0.42345592379570007324 0.39576610922813415527 0.38336196541786193848 0.42951041460037231445 0.54202479124069213867 0.52568238973617553711 0.56927543878555297852 0.59500932693481445313 0.60098570585250854492
0.52032053470611572266 0.51012879610061645508 0.45902431011199951172 0.51235294342041015625 0.46825164556503295898 0.48985752463340759277 0.60083037614822387695 0.54986989498138427734 0.55366277694702148438 0.60244274139404296875 0.45520246028900146484 0.28706014156341552734 0.32442122697830200195 0.38042944669723510742 0.51710814237594604492 0.5143916010856628418 0.34330734610557556152 0.43608036637306213379 0.40730023384094238281 0.35470980405807495117 0.38230100274085998535 0.3893210291862487793 0.37907671928405761719 0.30811211466789245605 0.46886020898818969727 0.40227022767066955566 0.35581073164939880371 0.34318086504936218262 0.34510746598243713379 0.3270956575870513916 0.32807260751724243164 0.41232621669769287109 0.45016524195671081543 0.42903098464012145996 0.44804048538208007813 0.38333740830421447754 0.37901934981346130371 0.45645546913146972656 0.46107077598571777344 0.57002747058868408203 0.54481106996536254883 0.54639542102813720703
0.50193315744400024414 0.58334791660308837891 0.54932045936584472656 0.54789233207702636719 0.54574924707412719727 0.48930859565734863281 0.59063470363616943359 0.55928325653076171875 0.47688379883766174316 0.49842748045921325684 0.52129697799682617188 0.39148497581481933594 0.34613963961601257324 0.44389119744300842285 0.53519129753112792969 0.53354942798614501953 0.35176935791969299316 0.45393088459968566895 0.33486768603324890137 0.3088544011116027832 0.37488022446632385254 0.36597597599029541016 0.30543461441993713379 0.29687398672103881836 0.37459644675254821777 0.44300022721290588379 0.36944669485092163086 0.34791830182075500488 0.35597634315490722656 0.25688767433166503906 0.24086746573448181152 0.30625453591346740723 0.31827065348625183105 0.30349507927894592285 0.33533138036727905273 0.31477153301239013672 0.31103751063346862793 0.38108208775520324707 0.39812082052230834961 0.45179796218872070313 0.4833475649356842041 0.45621770620346069336
0.46923798322677612305 0.58045738935470581055 0.50524657964706420898 0.51907289028167724609 0.48328581452369689941 0.45773455500602722168 0.47611188888549804688 0.60324001312255859375 0.46129494905471801758 0.47685837745666503906 0.47695529460906982422 0.41053938865661621094 0.3750216066837310791 0.47793656587600708008 0.55895131826400756836 0.46576526761054992676 0.29733905196189880371 0.41304099559783935547 0.3553753197193145752 0.39453414082527160645 0.26164418458938598633 0.28785905241966247559 0.30319312214851379395 0.29441556334495544434 0.30587252974510192871 0.35274794697761535645 0.3343403935432434082 0.29609012603759765625 0.2862389981746673584 0.27454957365989685059 0.27166748046875 0.27142757177352905273 0.29072993993759155273 0.34752234816551208496 0.37791705131530761719 0.42952716350555419922 0.37316113710403442383 0.34936451911926269531 0.39530351758003234863 0.46448820829391479492 0.45311537384986877441 0.45687520503997802734
0.42465826869010925293 0.49828270077705383301 0.50132912397384643555 0.39519971609115600586 0.34015303850173950195 0.40872931480407714844 0.40515974164009094238 0.46723487973213195801 0.44416046142578125 0.48993375897407531738 0.52115702629089355469 0.48318436741828918457 0.4823786616325378418 0.53127902746200561523 0.56967359781265258789 0.549098968505859375 0.47978264093399047852 0.45314487814903259277 0.4073867499828338623 0.41443285346031188965 0.30300769209861755371 0.29645526409149169922 0.30408126115798950195 0.24261946976184844971 0.36120808124542236328 0.30606532096862792969 0.3405679166316986084 0.3329270482063293457 0.28114587068557739258 0.33557626605033874512 0.3390401005744934082 0.25960880517959594727 0.31172454357147216797 0.45824503898620605469 0.54438364505767822266 0.52860093116760253906 0.42938286066055297852 0.30495080351829528809 0.33942550420761108398 0.45141458511352539063 0.43874219059944152832 0.49638077616691589355
0.46458202600479125977 0.42533522844314575195 0.33841785788536071777 0.30225530266761779785 0.29371094703674316406 0.36776113510131835938 0.38011759519577026367 0.37853202223777770996 0.45651617646217346191 0.44840738177299499512 0.39778956770896911621 0.49577441811561584473 0.55996996164321899414 0.56526625156402587891 0.49474009871482849121 0.4975261986255645752 0.52406573295593261719 0.4469782412052154541 0.44869408011436462402 0.38506308197975158691 0.32852649688720703125 0.29258689284324645996 0.28400596976280212402 0.21267081797122955322 0.24593944847583770752 0.27605521678924560547 0.28451195359230041504 0.29891228675842285156 0.28492653369903564453 0.28482556343078613281 0.25468435883522033691 0.24435858428478240967 0.25924095511436462402 0.35555335879325866699 0.4914334714412689209 0.51716005802154541016 0.50590908527374267578 0.42158257961273193359 0.47247475385665893555 0.49733313918113708496 0.42228031158447265625 0.48502930998802185059
0.3850943446159362793 0.34010371565818786621 0.31103557348251342773 0.29650667309761047363 0.34897071123123168945 0.32441499829292297363 0.26769074797630310059 0.35149118304252624512 0.3185679018497467041 0.31691536307334899902 0.32248255610466003418 0.52660328149795532227 0.55402201414108276367 0.57330179214477539063 0.52962410449981689453 0.55100911855697631836 0.5553824305534362793 0.54813414812088012695 0.5295836329460144043 0.41454789042472839355 0.32584121823310852051 0.29719248414039611816 0.28453224897384643555 0.23408934473991394043 0.28475135564804077148 0.31349900364875793457 0.28744494915008544922 0.31355208158493041992 0.29168975353240966797 0.29422289133071899414 0.33476090431213378906 0.28109440207481384277 0.28316581249237060547 0.2951068580150604248 0.43225577473640441895 0.49363112449645996094 0.5232474207878112793 0.42215490341186523438 0.59429275989532470703 0.55859291553497314453 0.47008252143859863281 0.52209532260894775391
0.33101707696914672852 0.38225793838500976563 0.34605187177658081055 0.32687819004058837891 0.2613303065299987793 0.2333879321813583374 0.29100435972213745117 0.37862527370452880859 0.27013528347015380859 0.21059153974056243896 0.28793638944625854492 0.44732549786567687988 0.46617829799652099609 0.43134593963623046875 0.41109526157379150391 0.45532372593879699707 0.495792388916015625 0.47717672586441040039 0.43836092948913574219 0.4544417262077331543 0.38407284021377563477 0.32087153196334838867 0.39812609553337097168 0.39999401569366455078 0.37727013230323791504 0.34141322970390319824 0.27528604865074157715 0.26833188533782958984 0.2727470695972442627 0.31626543402671813965 0.30549404025077819824 0.28786793351173400879 0.32209327816963195801 0.30792826414108276367 0.34780788421630859375 0.41091829538345336914 0.44383120536804199219 0.49809205532073974609 0.65642207860946655273 0.59450864791870117188 0.52159559726715087891 0.62029814720153808594
0.29150378704071044922 0.39413884282112121582 0.36346983909606933594 0.30820810794830322266 0.2319927513599395752 0.25088846683502197266 0.26527738571166992188 0.28840506076812744141 0.27522864937782287598 0.23238398134708404541 0.28368988633155822754 0.4127171635627746582 0.4858684837818145752 0.34621950984001159668 0.31990665197372436523 0.38666111230850219727 0.48958051204681396484 0.44028443098068237305 0.38064077496528625488 0.36950194835662841797 0.38597524166107177734 0.33443754911422729492 0.33067262172698974609 0.39560455083847045898 0.39077547192573547363 0.33014470338821411133 0.2838802039623260498 0.31966161727905273438 0.26841408014297485352 0.30743253231048583984 0.35048416256904602051 0.29474964737892150879 0.31816434860229492188 0.31338208913803100586 0.29648509621620178223 0.32741886377334594727 0.2811686396598815918 0.30457523465156555176 0.52951550483703613281 0.54039150476455688477 0.41960316896438598633 0.50489693880081176758
0.25541034340858459473 0.28601494431495666504 0.33185318112373352051 0.29801839590072631836 0.25762680172920227051 0.26446866989135742188 0.26780971884727478027 0.3458932340145111084 0.28233870863914489746 0.23239530622959136963 0.28578668832778930664 0.41136440634727478027 0.53146958351135253906 0.36678901314735412598 0.29866459965705871582 0.40224069356918334961 0.50573807954788208008 0.4948578178882598877 0.51061666011810302734 0.37275788187980651855 0.2683474421501159668 0.35099023580551147461 0.34040972590446472168 0.34527340531349182129 0.39923506975173950195 0.32726800441741943359 0.28328627347946166992 0.28814870119094848633 0.27807852625846862793 0.29389807581901550293 0.3204333186149597168 0.30092948675155639648 0.26977124810218811035 0.26348513364791870117 0.29453197121620178223 0.30513185262680053711 0.28675180673599243164 0.24765969812870025635 0.29322892427444458008 0.36713629961013793945 0.29437822103500366211 0.28897991776466369629
0.26427093148231506348 0.25493571162223815918 0.24075101315975189209 0.25663179159164428711 0.26911851763725280762 0.27840098738670349121 0.27223548293113708496 0.33628818392753601074 0.33638787269592285156 0.25243663787841796875 0.22015556693077087402 0.33214285969734191895 0.36167439818382263184 0.2838103175163269043 0.23155415058135986328 0.42011290788650512695 0.53993129730224609375 0.45030683279037475586 0.49141529202461242676 0.4483394622802734375 0.32485336065292358398 0.3301105201244354248 0.30860587954521179199 0.33793282508850097656 0.43108981847763061523 0.32930639386177062988 0.35486176609992980957 0.34735834598541259766 0.2733141481876373291 0.26364958286285400391 0.30109375715255737305 0.27020758390426635742 0.25693473219871520996 0.26820805668830871582 0.29736986756324768066 0.33871936798095703125 0.27576756477355957031 0.25668197870254516602 0.24806672334671020508 0.30689579248428344727 0.33005124330520629883 0.34557831287384033203
0.25190499424934387207 0.26172083616256713867 0.24709746241569519043 0.24243055284023284912 0.26719400286674499512 0.29080975055694580078 0.27381885051727294922 0.25659579038619995117 0.32842218875885009766 0.34727072715759277344 0.2653789818286895752 0.26051440834999084473 0.25652745366096496582 0.20959861576557159424 0.26440286636352539063 0.48451134562492370605 0.55829197168350219727 0.51860105991363525391 0.5501340031623840332 0.40992531180381774902 0.31298032402992248535 0.34422636032104492188 0.35095700621604919434 0.47507077455520629883 0.53256839513778686523 0.38082852959632873535 0.4073664546012878418 0.47783696651458740234 0.35164523124694824219 0.37995111942291259766 0.35765215754508972168 0.26726478338241577148 0.27937242388725280762 0.34773713350296020508 0.41126415133476257324 0.40081244707107543945 0.40268874168395996094 0.35218361020088195801 0.30983832478523254395 0.34911039471626281738 0.3396339714527130127 0.44343787431716918945
0.24265058338642120361 0.25878506898880004883 0.2569916844367980957 0.28208309412002563477 0.27714467048645019531 0.2341642528772354126 0.22638346254825592041 0.24782578647136688232 0.3275591731071472168 0.45127195119857788086 0.37436744570732116699 0.26335456967353820801 0.21959885954856872559 0.20717544853687286377 0.27197599411010742188 0.48680773377418518066 0.56814616918563842773 0.55088394880294799805 0.5123729705810546875 0.30697405338287353516 0.27192410826683044434 0.2884184718132019043 0.39481458067893981934 0.44308984279632568359 0.4409586787223815918 0.40759414434432983398 0.46595281362533569336 0.54869168996810913086 0.57135099172592163086 0.5342763066291809082 0.39894437789916992188 0.26864582300186157227 0.27518114447593688965 0.42576548457145690918 0.42863538861274719238 0.46420297026634216309 0.54453432559967041016 0.51184284687042236328 0.48299765586853027344 0.42643210291862487793 0.41176927089691162109 0.41916978359222412109
