INPUT/RASTER/ASCII/ndvi.asc
ncols        225
nrows        269
xllcorner    473009.983799999987
yllcorner    4429051.174800000153
cellsize     50.000000000000
NODATA_value  -9999
[rows 133 to 151 of 269, columns 168 to 209 of 225]
0.41680279374122619629 0.43428400158882141113 0.53723585605621337891 0.50141704082489013672 0.44094508886337280273 0.47526609897613525391 0.52947825193405151367 0.43975168466567993164 0.43235227465629577637 0.48253998160362243652 0.45674523711204528809 0.48449379205703735352 0.52547430992126464844 0.47601822018623352051 0.50801938772201538086 0.5286623835563659668 0.60719197988510131836 0.52279198169708251953 0.50108206272125244141 0.50424671173095703125 0.50540840625762939453 0.52317577600479125977 0.48347049951553344727 0.48227834701538085938 0.60196089744567871094 0.53477680683135986328 0.52312308549880981445 0.59049379825592041016 0.61775702238082885742 0.58508628606796264648 0.58856147527694702148 0.56690889596939086914 0.50551873445510864258 0.4049517512321472168 0.46243661642074584961 0.48534348607063293457 0.57884258031845092773 -9999 -9999 -9999 -9999 -9999
0.41436904668807983398 0.43140253424644470215 0.48380234837532043457 0.49595823884010314941 0.42547613382339477539 0.4860216975212097168 0.48695865273475646973 0.35010769963264465332 0.4069404900074005127 0.4509779512882232666 0.45223885774612426758 0.52844583988189697266 0.54221332073211669922 0.47129705548286437988 0.58342528343200683594 0.52391898632049560547 0.43874067068099975586 0.46744585037231445313 0.44842961430549621582 0.48002684116363525391 0.53501123189926147461 0.54200083017349243164 0.45874571800231933594 0.53734803199768066406 0.63846731185913085938 0.58193802833557128906 0.53186309337615966797 0.56487351655960083008 0.61592680215835571289 0.57004725933074951172 0.58333981037139892578 0.54829370975494384766 0.5390669703483581543 0.44323956966400146484 0.55147701501846313477 0.53240913152694702148 0.43463614583015441895 0.4801082909107208252 0.4549312293529510498 0.44078812003135681152 -9999 -9999
0.4071477353572845459 0.41036942601203918457 0.43595162034034729004 0.43769639730453491211 0.26556035876274108887 0.40883070230484008789 0.48142275214195251465 0.33775240182876586914 0.45074149966239929199 0.47258937358856201172 0.47861841320991516113 0.60801279544830322266 0.55944937467575073242 0.48244863748550415039 0.62256252765655517578 0.5152568817138671875 0.4454072415828704834 0.47161874175071716309 0.51597678661346435547 0.53128588199615478516 0.51292872428894042969 0.52181553840637207031 0.512638092041015625 0.53842252492904663086 0.64353048801422119141 0.6183789372444152832 0.53507882356643676758 0.60216736793518066406 0.60247451066970825195 0.56093657016754150391 0.58410638570785522461 0.56745475530624389648 0.52666234970092773438 0.43039825558662414551 0.56601470708847045898 0.52760922908782958984 0.47186356782913208008 0.47909370064735412598 0.44358611106872558594 0.36896717548370361328 0.23988716304302215576 -9999
0.38557046651840209961 0.37092059850692749023 0.32890909910202026367 0.25229439139366149902 0.24021425843238830566 0.43884006142616271973 0.5315952301025390625 0.37971964478492736816 0.43090254068374633789 0.49931666254997253418 0.50948190689086914063 0.48907411098480224609 0.53030568361282348633 0.53169000148773193359 0.51534581184387207031 0.47010904550552368164 0.36820942163467407227 0.35906109213829040527 0.36972311139106750488 0.49600034952163696289 0.53776389360427856445 0.53822481632232666016 0.54584395885467529297 0.56431192159652709961 0.63329619169235229492 0.64758592844009399414 0.63246655464172363281 0.58613866567611694336 0.55491226911544799805 0.55888473987579345703 0.60012996196746826172 0.60174947977066040039 0.50104737281799316406 0.4263585507869720459 0.52051198482513427734 0.46949902176856994629 0.47432923316955566406 0.46755829453468322754 0.43586638569831848145 0.37776604294776916504 0.31243762373924255371 -9999
0.41976079344749450684 0.34586149454116821289 0.28840285539627075195 0.25417596101760864258 0.29943478107452392578 0.42612662911415100098 0.44269827008247375488 0.40103524923324584961 0.42052328586578369141 0.42649468779563903809 0.42018833756446838379 0.32104960083961486816 0.52179765701293945313 0.59053796529769897461 0.54020720720291137695 0.51447355747222900391 0.31061381101608276367 0.23686733841896057129 0.34353196620941162109 0.49804186820983886719 0.50692892074584960938 0.51599353551864624023 0.53788709640502929688 0.63950836658477783203 0.64605951309204101563 0.66085135936737060547 0.65276670455932617188 0.62836456298828125 0.54068040847778320313 0.50715404748916625977 0.61590331792831420898 0.63526314496994018555 0.52000218629837036133 0.48029512166976928711 0.51824641227722167969 0.46475508809089660645 0.48014649748802185059 0.49935168027877807617 0.45183748006820678711 0.40029421448707580566 0.33989828824996948242 0.19884897768497467041
0.39291051030158996582 0.38115113973617553711 0.37345734238624572754 0.31377819180488586426 0.28858214616775512695 0.39623790979385375977 0.40228098630905151367 0.4696953892707824707 0.47770082950592041016 0.41454905271530151367 0.46505686640739440918 0.35096290707588195801 0.50756019353866577148 0.54331493377685546875 0.51677018404006958008 0.53485399484634399414 0.30466726422309875488 0.25947454571723937988 0.48951056599617004395 0.59888738393783569336 0.53519934415817260742 0.53799283504486083984 0.55295121669769287109 0.63500821590423583984 0.6325905919075012207 0.64628458023071289063 0.58256632089614868164 0.55678755044937133789 0.61581468582153320313 0.564586639404296875 0.61280930042266845703 0.62676769495010375977 0.53208559751510620117 0.51602941751480102539 0.50743085145950317383 0.49443852901458740234 0.44804438948631286621 0.44115802645683288574 0.38372945785522460938 0.3837127685546875 0.38162431120872497559 0.31466811895370483398
0.4076525270938873291 0.44434797763824462891 0.47096663713455200195 0.45186102390289306641 0.33447355031967163086 0.30225273966789245605 0.30429491400718688965 0.43207016587257385254 0.435367584228515625 0.46253785490989685059 0.49006730318069458008 0.41095614433288574219 0.48187339305877685547 0.49334064126014709473 0.48149472475051879883 0.48962748050689697266 0.43193539977073669434 0.44827723503112792969 0.4722054600715637207 0.5600960850715637207 0.55887013673782348633 0.55931371450424194336 0.54105681180953979492 0.60976558923721313477 0.63547855615615844727 0.56306260824203491211 0.54039174318313598633 0.52499878406524658203 0.60427153110504150391 0.53569519519805908203 0.57040178775787353516 0.56485545635223388672 0.53627634048461914063 0.52956700325012207031 0.4692001640796661377 0.4464887082576751709 0.45165437459945678711 0.45262366533279418945 0.38227498531341552734 0.38884875178337097168 0.42516604065895080566 0.36762437224388122559
0.47190633416175842285 0.50268113613128662109 0.43955230712890625 0.42600354552268981934 0.45516526699066162109 0.40190842747688293457 0.36710894107818603516 0.40676710009574890137 0.4499696195125579834 0.5015385746955871582 0.44303590059280395508 0.42540758848190307617 0.43628716468811035156 0.3812687993049621582 0.46765315532684326172 0.45472612977027893066 0.42647504806518554688 0.41928809881210327148 0.53147542476654052734 0.5893204808235168457 0.5724175572395324707 0.54634636640548706055 0.61498141288757324219 0.64148181676864624023 0.62226366996765136719 0.50634765625 0.51038503646850585938 0.43925702571868896484 0.57413715124130249023 0.55666136741638183594 0.47936281561851501465 0.50095963478088378906 0.52432537078857421875 0.48453149199485778809 0.41767346858978271484 0.44634401798248291016 0.48508775234222412109 0.485809326171875 0.42159056663513183594 0.41842639446258544922 0.40905037522315979004 0.38922557234764099121
0.43679755926132202148 0.49211028218269348145 0.37068066000938415527 0.32968312501907348633 0.46916720271110534668 0.48611664772033691406 0.46126183867454528809 0.44860681891441345215 0.41728517413139343262 0.44812133908271789551 0.3848972022533416748 0.37098041176795959473 0.43690741062164306641 0.39520895481109619141 0.42153924703598022461 0.3490244448184967041 0.3093700408935546875 0.3690904080867767334 0.44505685567855834961 0.58379888534545898438 0.59424614906311035156 0.57027292251586914063 0.59641063213348388672 0.5762379765510559082 0.49803030490875244141 0.45816570520401000977 0.52845585346221923828 0.43964412808418273926 0.58179950714111328125 0.59644353389739990234 0.47350785136222839355 0.51406979560852050781 0.48104366660118103027 0.44747498631477355957 0.392734527587890625 0.40848007798194885254 0.45134264230728149414 0.42929354310035705566 0.44078624248504638672 0.43468803167343139648 0.39582154154777526855 0.4095611274242401123
0.30435678362846374512 0.27400693297386169434 0.20885919034481048584 0.22984707355499267578 0.25464338064193725586 0.4072869420051574707 0.51297491788864135742 0.5364398956298828125 0.39815887808799743652 0.3626887202262878418 0.42008811235427856445 0.41047570109367370605 0.42590528726577758789 0.38212874531745910645 0.38535749912261962891 0.31399565935134887695 0.25338193774223327637 0.26629492640495300293 0.26981446146965026855 0.38558593392372131348 0.47907653450965881348 0.50348657369613647461 0.49659082293510437012 0.53410488367080688477 0.4986254572868347168 0.48627385497093200684 0.56134295463562011719 0.45505377650260925293 0.55364739894866943359 0.57752829790115356445 0.48788088560104370117 0.53055673837661743164 0.41422480344772338867 0.39671859145164489746 0.35673248767852783203 0.36009773612022399902 0.34431830048561096191 0.36562401056289672852 0.35181215405464172363 0.34775269031524658203 0.38504743576049804688 0.37880334258079528809
0.24792264401912689209 0.18654124438762664795 0.17794416844844818115 0.20143711566925048828 0.24846534430980682373 0.41661286354064941406 0.5325565338134765625 0.54526031017303466797 0.42589408159255981445 0.31200131773948669434 0.32488799095153808594 0.36200994253158569336 0.39754277467727661133 0.28984609246253967285 0.34604233503341674805 0.27164506912231445313 0.25159764289855957031 0.39636188745498657227 0.36464828252792358398 0.30907750129699707031 0.30102449655532836914 0.3764527738094329834 0.45784422755241394043 0.51601988077163696289 0.53565925359725952148 0.48294928669929504395 0.54944044351577758789 0.49621996283531188965 0.57137733697891235352 0.59103715419769287109 0.47947394847869873047 0.4830951690673828125 0.39022687077522277832 0.31789496541023254395 0.33205327391624450684 0.33383771777153015137 0.34382092952728271484 0.3908971250057220459 0.32759049534797668457 0.31606140732765197754 0.37682485580444335938 0.39157831668853759766
0.46858972311019897461 0.35324591398239135742 0.32625102996826171875 0.31010708212852478027 0.28243353962898254395 0.39142081141471862793 0.49403288960456848145 0.52618992328643798828 0.44545608758926391602 0.27480852603912353516 0.28184545040130615234 0.31926622986793518066 0.31457021832466125488 0.29389616847038269043 0.29894006252288818359 0.24970234930515289307 0.24481938779354095459 0.43742510676383972168 0.50225561857223510742 0.4567362368106842041 0.41172772645950317383 0.44372650980949401855 0.39868107438087463379 0.49099022150039672852 0.59463495016098022461 0.53195750713348388672 0.51848715543746948242 0.55537557601928710938 0.61003702878952026367 0.61057770252227783203 0.49130892753601074219 0.43346738815307617188 0.37314626574516296387 0.26870116591453552246 0.29068890213966369629 0.30779415369033813477 0.28773030638694763184 0.29790458083152770996 0.31045630574226379395 0.31592357158660888672 0.34951025247573852539 0.41753372550010681152
0.42808434367179870605 0.41936329007148742676 0.46038907766342163086 0.48780643939971923828 0.41001072525978088379 0.29338824748992919922 0.41855418682098388672 0.52317953109741210938 0.44756197929382324219 0.29103210568428039551 0.33416268229484558105 0.32718577980995178223 0.24108877778053283691 0.31733265519142150879 0.32995650172233581543 0.35982856154441833496 0.39677703380584716797 0.50173783302307128906 0.54198402166366577148 0.52689915895462036133 0.42657923698425292969 0.39411023259162902832 0.35186040401458740234 0.40737426280975341797 0.57411372661590576172 0.51756250858306884766 0.52229940891265869141 0.58248883485794067383 0.61127704381942749023 0.58185619115829467773 0.55379748344421386719 0.42766177654266357422 0.34937947988510131836 0.24815794825553894043 0.24212475121021270752 0.22949436306953430176 0.21719084680080413818 0.25807034969329833984 0.28174477815628051758 0.34384495019912719727 0.3371741175651550293 0.36357665061950683594
0.55508142709732055664 0.51796716451644897461 0.53748625516891479492 0.49844601750373840332 0.40566369891166687012 0.22154945135116577148 0.33394584059715270996 0.42403516173362731934 0.33695510029792785645 0.27571588754653930664 0.39116370677947998047 0.36957240104675292969 0.25030338764190673828 0.27109172940254211426 0.30501699447631835938 0.41316917538642883301 0.55469590425491333008 0.52646625041961669922 0.56743955612182617188 0.49792411923408508301 0.4224719703197479248 0.39099574089050292969 0.40086442232131958008 0.35741579532623291016 0.44345265626907348633 0.45359039306640625 0.51848542690277099609 0.55118650197982788086 0.60526359081268310547 0.53402858972549438477 0.58344095945358276367 0.53902745246887207031 0.41745322942733764648 0.35336038470268249512 0.34308069944381713867 0.33144351840019226074 0.2706286013126373291 0.22186475992202758789 0.18513821065425872803 0.25586980581283569336 0.29118081927299499512 0.30938071012496948242
0.55392247438430786133 0.49853745102882385254 0.48757508397102355957 0.45173576474189758301 0.39897251129150390625 0.24085514247417449951 0.22477361559867858887 0.3652566075325012207 0.32802417874336242676 0.27297788858413696289 0.3636163175106048584 0.3544495999813079834 0.28678670525550842285 0.31393197178840637207 0.28164079785346984863 0.36502313613891601563 0.46953666210174560547 0.45130342245101928711 0.5175234675407409668 0.51453834772109985352 0.4617150723934173584 0.36047840118408203125 0.3580773770809173584 0.3743794858455657959 0.38189879059791564941 0.44705873727798461914 0.45206344127655029297 0.43884560465812683105 0.58644682168960571289 0.61015355587005615234 0.56883150339126586914 0.55838686227798461914 0.53305220603942871094 0.49031516909599304199 0.48329320549964904785 0.48480355739593505859 0.40574404597282409668 0.29155802726745605469 0.20648393034934997559 0.20178562402725219727 0.22685454785823822021 0.2686926424503326416
0.50317859649658203125 0.39813792705535888672 0.41564723849296569824 0.44057062268257141113 0.4734331667423248291 0.33705097436904907227 0.24879959225654602051 0.39305740594863891602 0.3202305138111114502 0.33761855959892272949 0.39700689911842346191 0.28507331013679504395 0.32786133885383605957 0.35571843385696411133 0.35880905389785766602 0.36869576573371887207 0.38209161162376403809 0.35459333658218383789 0.4541530311107635498 0.52305763959884643555 0.46739307045936584473 0.37811303138732910156 0.39196899533271789551 0.36256888508796691895 0.34091526269912719727 0.42761588096618652344 0.39044144749641418457 0.36849740147590637207 0.48886519670486450195 0.57817173004150390625 0.54472070932388305664 0.54117435216903686523 0.50193762779235839844 0.50445133447647094727 0.4430103600025177002 0.4382343590259552002 0.41929605603218078613 0.28936651349067687988 0.27861753106117248535 0.30097940564155578613 0.25560876727104187012 0.25461935997009277344
0.48395097255706787109 0.37499928474426269531 0.35169938206672668457 0.43047809600830078125 0.37619802355766296387 0.30140167474746704102 0.3139108121395111084 0.43334630131721496582 0.35661500692367553711 0.41390869021415710449 0.572605133056640625 0.44593772292137145996 0.41115894913673400879 0.34476709365844726563 0.3565826416015625 0.39092820882797241211 0.38171678781509399414 0.38196235895156860352 0.46912905573844909668 0.46527040004730224609 0.4513302147388458252 0.4371153712272644043 0.43025138974189758301 0.40872263908386230469 0.35317492485046386719 0.38153812289237976074 0.41431781649589538574 0.37978023290634155273 0.53539031744003295898 0.44896391034126281738 0.54578357934951782227 0.52873384952545166016 0.47767186164855957031 0.50651764869689941406 0.40306183695793151855 0.31485450267791748047 0.41941192746162414551 0.4023234248161315918 0.40613967180252075195 0.37269705533981323242 0.30585125088691711426 0.3105621337890625
0.46274584531784057617 0.35267409682273864746 0.36074018478393554688 0.3890240788459777832 0.4025275111198425293 0.32925093173980712891 0.35829845070838928223 0.43700295686721801758 0.43003413081169128418 0.41039687395095825195 0.58620595932006835938 0.57611280679702758789 0.50429749488830566406 0.40347361564636230469 0.36427658796310424805 0.43465575575828552246 0.43826147913932800293 0.35414183139801025391 0.41498172283172607422 0.42792990803718566895 0.46888166666030883789 0.47229352593421936035 0.4446665644645690918 0.45357617735862731934 0.43425804376602172852 0.42184075713157653809 0.32889017462730407715 0.53099018335342407227 0.58834880590438842773 0.44641417264938354492 0.55752599239349365234 0.51199889183044433594 0.46425601840019226074 0.44051849842071533203 0.40860792994499206543 0.31288650631904602051 0.28158837556838989258 0.33568218350410461426 0.2898585200309753418 0.33800458908081054688 0.43351280689239501953 0.40288394689559936523
0.49012902379035949707 0.44303333759307861328 0.35662472248077392578 0.32923007011413574219 0.38977485895156860352 0.39890572428703308105 0.38670739531517028809 0.38400313258171081543 0.41970425844192504883 0.4609673917293548584 0.55041444301605224609 0.55371558666229248047 0.52875959873199462891 0.48470616340637207031 0.45543494820594787598 0.44222310185432434082 0.4351170659065246582 0.39800861477851867676 0.36716479063034057617 0.39951342344284057617 0.54624688625335693359 0.5174223780632019043 0.50100278854370117188 0.51765400171279907227 0.50804740190505981445 0.46003499627113342285 0.46656909584999084473 0.54145830869674682617 0.52412045001983642578 0.45565465092658996582 0.55168688297271728516 0.51900458335876464844 0.4635302126407623291 0.44936865568161010742 0.48673069477081298828 0.43175500631332397461 0.25415506958961486816 0.26775750517845153809 0.29849535226821899414 0.34121310710906982422 0.4122180938720703125 0.43761625885963439941
