INPUT/RASTER/ASCII/ndvi.asc
ncols        225
nrows        269
xllcorner    473000.000000000000
yllcorner    4429100.000000000000
cellsize     50.000000000000
NODATA_value -9999
[rows 228 to 246 of 269, columns 129 to 171 of 225]
0.45545616745948791504 0.45284730195999145508 0.35700511932373046875 0.27808472514152526855 0.30160576105117797852 0.35252693295478820801 0.37201422452926635742 0.37581863999366760254 0.31784915924072265625 0.36924889683723449707 0.46154430508613586426 0.32911774516105651855 0.33030849695205688477 0.332798004150390625 0.32444998621940612793 0.33683019876480102539 0.32806935906410217285 0.28267830610275268555 0.38480576872825622559 0.40796050429344177246 0.28693267703056335449 0.25926047563552856445 0.29204279184341430664 0.37231877446174621582 0.26290598511695861816 0.32608622312545776367 0.4006017148494720459 0.40121760964393615723 0.40493527054786682129 0.46819207072257995605 0.39884096384048461914 0.48575958609580993652 0.44691333174705505371 0.25321534276008605957 0.28384953737258911133 0.65591895580291748047 0.66882014274597167969 0.7044760584831237793 0.66001975536346435547 0.70057374238967895508 0.66044247150421142578 0.65732651948928833008 0.61053562164306640625
0.47209346294403076172 0.43228682875633239746 0.32837191224098205566 0.26179966330528259277 0.30069375038146972656 0.30642172694206237793 0.40074342489242553711 0.41749107837677001953 0.35638776421546936035 0.45699888467788696289 0.41143053770065307617 0.35159394145011901855 0.35678052902221679688 0.33134883642196655273 0.34544524550437927246 0.37556949257850646973 0.4486458897590637207 0.46586459875106811523 0.46742978692054748535 0.3951263427734375 0.46644872426986694336 0.33712089061737060547 0.28675508499145507812 0.34208139777183532715 0.29042157530784606934 0.31892770528793334961 0.42197042703628540039 0.33475330471992492676 0.42141100764274597168 0.4947433769702911377 0.4467099606990814209 0.436351776123046875 0.40278086066246032715 0.44226130843162536621 0.54689067602157592773 0.72324371337890625 0.72376811504364013672 0.68433648347854614258 0.54001945257186889648 0.66516572237014770508 0.6724612116813659668 0.65684461593627929688 0.63735604286193847656
0.49814319610595703125 0.3808441460132598877 0.30547821521759033203 0.23467025160789489746 0.32537671923637390137 0.33562135696411132812 0.42218425869941711426 0.38978010416030883789 0.31659927964210510254 0.51838988065719604492 0.36793601512908935547 0.35766512155532836914 0.365871429443359375 0.34426838159561157227 0.31204316020011901855 0.34761968255043029785 0.40989992022514343262 0.4871438443660736084 0.59571367502212524414 0.42029795050621032715 0.41587620973587036133 0.41664907336235046387 0.42789164185523986816 0.45277601480484008789 0.48593619465827941895 0.42155164480209350586 0.40927392244338989258 0.41456240415573120117 0.41870391368865966797 0.44327944517135620117 0.39204832911491394043 0.46644484996795654297 0.32888820767402648926 0.42087435722351074219 0.58562207221984863281 0.69987374544143676758 0.70372271537780761719 0.62340635061264038086 0.57022172212600708008 0.62305104732513427734 0.65556639432907104492 0.64961141347885131836 0.6239312291145324707
0.51508492231369018555 0.37537980079650878906 0.31731680035591125488 0.29634079337120056152 0.31260022521018981934 0.34611654281616210938 0.40235430002212524414 0.45372620224952697754 0.38776558637619018555 0.47658839821815490723 0.37518006563186645508 0.36072462797164916992 0.35404977202415466309 0.29802390933036804199 0.33419242501258850098 0.35441952943801879883 0.43891057372093200684 0.43621993064880371094 0.57279157638549804688 0.52156877517700195312 0.53278559446334838867 0.45647719502449035645 0.41722348332405090332 0.46658295392990112305 0.47967883944511413574 0.51267647743225097656 0.51448285579681396484 0.3796342313289642334 0.50557625293731689453 0.45166108012199401855 0.40125524997711181641 0.42606559395790100098 0.42525586485862731934 0.5517285466194152832 0.62346416711807250977 0.69710481166839599609 0.6899254918098449707 0.57645624876022338867 0.64274710416793823242 0.66102111339569091797 0.58883458375930786133 0.67067921161651611328 0.60787904262542724609
0.46639847755432128906 0.35568946599960327148 0.35026872158050537109 0.33316394686698913574 0.38528496026992797852 0.39655271172523498535 0.37329870462417602539 0.39293649792671203613 0.39752179384231567383 0.40666311979293823242 0.41831406950950622559 0.48028102517127990723 0.37294620275497436523 0.34478744864463806152 0.36740958690643310547 0.36162590980529785156 0.4339078366756439209 0.43253386020660400391 0.50904005765914916992 0.4680462181568145752 0.44824269413948059082 0.3825791478157043457 0.39383053779602050781 0.49269178509712219238 0.50497096776962280273 0.49328771233558654785 0.49360004067420959473 0.3352228999137878418 0.46059963107109069824 0.52796375751495361328 0.51115643978118896484 0.50664448738098144531 0.50257152318954467773 0.61417627334594726562 0.67534124851226806641 0.67549353837966918945 0.49917063117027282715 0.56737762689590454102 0.62653636932373046875 0.64940774440765380859 0.61267739534378051758 0.6482060551643371582 0.52574324607849121094
0.47037926316261291504 0.4232807159423828125 0.37784335017204284668 0.38080862164497375488 0.39189672470092773438 0.37450361251831054688 0.37622395157814025879 0.3471667170524597168 0.32817873358726501465 0.36062067747116088867 0.37765267491340637207 0.39487504959106445312 0.30516108870506286621 0.30337592959403991699 0.30461466312408447266 0.30114820599555969238 0.41603073477745056152 0.44509309530258178711 0.52214932441711425781 0.46329995989799499512 0.44842207431793212891 0.42045754194259643555 0.41515740752220153809 0.50832629203796386719 0.50870901346206665039 0.46513015031814575195 0.52584809064865112305 0.4385401308536529541 0.45349672436714172363 0.56559675931930541992 0.50425368547439575195 0.52393901348114013672 0.52805632352828979492 0.57960104942321777344 0.69562363624572753906 0.59130656719207763672 0.42555305361747741699 0.58730858564376831055 0.70216226577758789062 0.66297000646591186523 0.54824811220169067383 0.64154994487762451172 0.54824101924896240234
0.46443641185760498047 0.37076148390769958496 0.347560882568359375 0.42593184113502502441 0.42771363258361816406 0.36134916543960571289 0.31995034217834472656 0.38017988204956054688 0.37936514616012573242 0.39498704671859741211 0.4151598513126373291 0.34593749046325683594 0.34554070234298706055 0.3177820742130279541 0.30322250723838806152 0.28786829113960266113 0.33835232257843017578 0.48112639784812927246 0.46820411086082458496 0.47314411401748657227 0.41211974620819091797 0.42984798550605773926 0.41490396857261657715 0.43732929229736328125 0.44982218742370605469 0.5012308955192565918 0.51593792438507080078 0.43936681747436523438 0.48168838024139404297 0.57583969831466674805 0.47202375531196594238 0.53210568428039550781 0.55778431892395019531 0.46874836087226867676 0.71032255887985229492 0.62140321731567382812 0.62220346927642822266 0.56802046298980712891 0.65736657381057739258 0.65199953317642211914 0.59553474187850952148 0.65190064907073974609 0.66891062259674072266
0.37033158540725708008 0.3521880805492401123 0.37841644883155822754 0.36359122395515441895 0.43973356485366821289 0.3541908562183380127 0.28897565603256225586 0.35383436083793640137 0.47336611151695251465 0.42853304743766784668 0.43550121784210205078 0.35333532094955444336 0.36691325902938842773 0.32115924358367919922 0.30719226598739624023 0.30689534544944763184 0.32359421253204345703 0.37824645638465881348 0.4293969571590423584 0.4481888115406036377 0.44659262895584106445 0.40163090825080871582 0.49856343865394592285 0.47227790951728820801 0.46251845359802246094 0.54863679409027099609 0.47797465324401855469 0.50585919618606567383 0.45522105693817138672 0.53964382410049438477 0.5813509821891784668 0.6152852177619934082 0.6384970545768737793 0.4828325808048248291 0.63955748081207275391 0.65373468399047851562 0.5450413823127746582 0.60569936037063598633 0.58917033672332763672 0.61909085512161254883 0.66833806037902832031 0.68282103538513183594 0.64630526304244995117
0.39658197760581970215 0.40563037991523742676 0.36824908852577209473 0.30759757757186889648 0.38576671481132507324 0.33729571104049682617 0.31408211588859558105 0.39397376775741577148 0.48359340429306030273 0.42336964607238769531 0.38742849230766296387 0.31299450993537902832 0.37167033553123474121 0.32924634218215942383 0.31752961874008178711 0.29512694478034973145 0.29360067844390869141 0.3502432405948638916 0.4195900261402130127 0.48185783624649047852 0.4706122279167175293 0.49993145465850830078 0.50851547718048095703 0.49180638790130615234 0.49674752354621887207 0.531005859375 0.44337314367294311523 0.43459731340408325195 0.42668199539184570312 0.49406278133392333984 0.55955588817596435547 0.6149279475212097168 0.52058833837509155273 0.63764566183090209961 0.66431230306625366211 0.58448523283004760742 0.55651056766510009766 0.61046141386032104492 0.57658976316452026367 0.56766092777252197266 0.64750629663467407227 0.60204368829727172852 0.60962963104248046875
0.3933251500129699707 0.44157716631889343262 0.32180285453796386719 0.30985283851623535156 0.39353376626968383789 0.34053966403007507324 0.34812206029891967773 0.44601765275001525879 0.43202418088912963867 0.41968360543251037598 0.37220147252082824707 0.30820676684379577637 0.33271881937980651855 0.38246515393257141113 0.31504106521606445312 0.30275359749794006348 0.3549149632453918457 0.31087124347686767578 0.43000596761703491211 0.41321200132369995117 0.45650053024291992188 0.48646271228790283203 0.46868020296096801758 0.44142225384712219238 0.51042628288269042969 0.54773312807083129883 0.46358329057693481445 0.42231771349906921387 0.47930660843849182129 0.52392518520355224609 0.56750881671905517578 0.62309688329696655273 0.58620500564575195312 0.67635762691497802734 0.68437248468399047852 0.57997632026672363281 0.69990950822830200195 0.68154734373092651367 0.59649688005447387695 0.51885044574737548828 0.59496992826461791992 0.63554453849792480469 0.61912864446640014648
0.38837763667106628418 0.40596029162406921387 0.37848711013793945312 0.35137090086936950684 0.36179494857788085938 0.3331591188907623291 0.36905896663665771484 0.35662156343460083008 0.37492948770523071289 0.37589830160140991211 0.40678447484970092773 0.34022623300552368164 0.34710329771041870117 0.3293329775333404541 0.35905113816261291504 0.30121621489524841309 0.41610977053642272949 0.43145596981048583984 0.44801947474479675293 0.37422737479209899902 0.37540429830551147461 0.43940585851669311523 0.43813696503639221191 0.49475684762001037598 0.58919125795364379883 0.49275749921798706055 0.42989408969879150391 0.41120755672454833984 0.53465098142623901367 0.60789388418197631836 0.63608241081237792969 0.62557184696197509766 0.57940787076950073242 0.64019358158111572266 0.68058103322982788086 0.62774860858917236328 0.68459212779998779297 0.6669101715087890625 0.63003450632095336914 0.58307397365570068359 0.63989490270614624023 0.66139107942581176758 0.65719306468963623047
0.40257671475410461426 0.41234734654426574707 0.38153487443923950195 0.35349169373512268066 0.40657594799995422363 0.30824178457260131836 0.31537112593650817871 0.33649933338165283203 0.41535109281539916992 0.35145455598831176758 0.35561984777450561523 0.30130869150161743164 0.29780760407447814941 0.40858340263366699219 0.35192605853080749512 0.35077303647994995117 0.42747810482978820801 0.41819542646408081055 0.50316971540451049805 0.41765674948692321777 0.36453998088836669922 0.42335051298141479492 0.47315919399261474609 0.53516376018524169922 0.50935888290405273438 0.4246431887149810791 0.40674915909767150879 0.40568473935127258301 0.55777114629745483398 0.66282331943511962891 0.63841509819030761719 0.47951990365982055664 0.59812867641448974609 0.58507674932479858398 0.67791360616683959961 0.6452897191047668457 0.62266999483108520508 0.62364983558654785156 0.65711474418640136719 0.64422869682312011719 0.62886595726013183594 0.60363316535949707031 0.63649916648864746094
0.22236563265323638916 0.25819578766822814941 0.39167669415473937988 0.33022400736808776855 0.39887461066246032715 0.37400221824645996094 0.19647465646266937256 0.31332439184188842773 0.39013350009918212891 0.38226562738418579102 0.35586765408515930176 0.34774944186210632324 0.38272038102149963379 0.34377473592758178711 0.37285402417182922363 0.35398316383361816406 0.4132391512393951416 0.45193341374397277832 0.49892854690551757812 0.40243953466415405273 0.42007800936698913574 0.4905350804328918457 0.49374654889106750488 0.51032155752182006836 0.44712886214256286621 0.42709168791770935059 0.40877875685691833496 0.3951053619384765625 0.54744488000869750977 0.67355632781982421875 0.61319357156753540039 0.33714744448661804199 0.63035881519317626953 0.6357262730598449707 0.63084471225738525391 0.55746823549270629883 0.62409430742263793945 0.63668847084045410156 0.66412508487701416016 0.64543139934539794922 0.63067299127578735352 0.63454890251159667969 0.63752180337905883789
0.21745450794696807861 0.25044342875480651855 0.21170219779014587402 0.27241924405097961426 0.34228840470314025879 0.3322874903678894043 0.20455791056156158447 0.29783266782760620117 0.34227079153060913086 0.37091848254203796387 0.32681214809417724609 0.36387807130813598633 0.39931747317314147949 0.38748496770858764648 0.3592313230037689209 0.34443318843841552734 0.46560803055763244629 0.45834907889366149902 0.50416463613510131836 0.38946950435638427734 0.43434935808181762695 0.47163692116737365723 0.43103021383285522461 0.44491404294967651367 0.46072536706924438477 0.42686730623245239258 0.41217073798179626465 0.46524217724800109863 0.50571483373641967773 0.70560616254806518555 0.66361355781555175781 0.42179831862449645996 0.62857818603515625 0.57405823469161987305 0.62848109006881713867 0.50894832611083984375 0.58131909370422363281 0.64613401889801025391 0.61549931764602661133 0.6499881744384765625 0.61826658248901367188 0.62648510932922363281 0.67059659957885742188
0.26721090078353881836 0.23581609129905700684 0.16685369610786437988 0.28509894013404846191 0.29262995719909667969 0.26564276218414306641 0.29564025998115539551 0.33664181828498840332 0.36165860295295715332 0.36256277561187744141 0.35318836569786071777 0.43182358145713806152 0.29810190200805664062 0.30176332592964172363 0.45744800567626953125 0.49727135896682739258 0.47424229979515075684 0.4393138885498046875 0.40300300717353820801 0.39469039440155029297 0.39165133237838745117 0.41439607739448547363 0.46319025754928588867 0.41646885871887207031 0.48187431693077087402 0.38558271527290344238 0.41074046492576599121 0.54950278997421264648 0.4412104189395904541 0.64319467544555664062 0.62533307075500488281 0.53021514415740966797 0.69408982992172241211 0.67328208684921264648 0.64943283796310424805 0.50101476907730102539 0.60586696863174438477 0.61355179548263549805 0.61613684892654418945 0.6337903141975402832 0.52308660745620727539 0.63325589895248413086 0.58591067790985107422
0.22205100953578948975 0.16324608027935028076 0.1888039708137512207 0.28487890958786010742 0.35280635952949523926 0.37512090802192687988 0.3233064115047454834 0.32595178484916687012 0.4178981781005859375 0.38040995597839355469 0.33479407429695129395 0.35858595371246337891 0.3325665593147277832 0.37965539097785949707 0.50239133834838867188 0.5028387904167175293 0.48930427432060241699 0.41307759284973144531 0.4156176447868347168 0.37544167041778564453 0.39274749159812927246 0.44871613383293151855 0.41804066300392150879 0.45806926488876342773 0.43074059486389160156 0.39165830612182617188 0.44663679599761962891 0.54425466060638427734 0.60904926061630249023 0.63602232933044433594 0.59673953056335449219 0.5336856842041015625 0.69096159934997558594 0.66492676734924316406 0.59083420038223266602 0.4925632476806640625 0.64966684579849243164 0.58939361572265625 0.61696469783782958984 0.61672234535217285156 0.5909188389778137207 0.6127758026123046875 0.50550103187561035156
0.15004816651344299316 0.1365700066089630127 0.20179535448551177979 0.27068620920181274414 0.27863132953643798828 0.34099540114402770996 0.33883705735206604004 0.32130771875381469727 0.40319019556045532227 0.42944258451461791992 0.3698260188102722168 0.43428140878677368164 0.48879995942115783691 0.54774612188339233398 0.49885106086730957031 0.38746318221092224121 0.38559317588806152344 0.4401454627513885498 0.43265140056610107422 0.37045514583587646484 0.41846162080764770508 0.42400828003883361816 0.45572927594184875488 0.48229947686195373535 0.44847819209098815918 0.42231586575508117676 0.46256411075592041016 0.51838117837905883789 0.61557728052139282227 0.62006413936614990234 0.46967831254005432129 0.51399397850036621094 0.57285529375076293945 0.538578033447265625 0.46187877655029296875 0.35769131779670715332 0.35130965709686279297 0.42789959907531738281 0.39585292339324951172 0.52532851696014404297 0.62626427412033081055 0.61470901966094970703 0.48761638998985290527
0.13850431144237518311 0.16328875720500946045 0.20708008110523223877 0.26043555140495300293 0.20871053636074066162 0.28276225924491882324 0.36946979165077209473 0.35437068343162536621 0.41706207394599914551 0.39662748575210571289 0.34652379155158996582 0.40349990129470825195 0.41027772426605224609 0.49479717016220092773 0.47934332489967346191 0.40868639945983886719 0.37249097228050231934 0.39050778746604919434 0.4061749577522277832 0.36334156990051269531 0.36516925692558288574 0.4110406339168548584 0.45707136392593383789 0.47408750653266906738 0.43926504254341125488 0.42577180266380310059 0.40064963698387145996 0.5614935755729675293 0.68856549263000488281 0.66364729404449462891 0.51893657445907592773 0.59090453386306762695 0.55604243278503417969 0.43919238448143005371 0.62094342708587646484 0.39861080050468444824 0.31704145669937133789 0.31498488783836364746 0.27617043256759643555 0.55633109807968139648 0.63562661409378051758 0.64036440849304199219 0.59415495395660400391
0.14971606433391571045 0.14702633023262023926 0.20138780772686004639 0.23114475607872009277 0.23220854997634887695 0.23335738480091094971 0.33347454667091369629 0.30002668499946594238 0.38090878725051879883 0.37393397092819213867 0.44585520029067993164 0.39672482013702392578 0.42243471741676330566 0.4763997495174407959 0.43691653013229370117 0.37306901812553405762 0.34768724441528320312 0.34216973185539245605 0.3877232968807220459 0.32752123475074768066 0.34124481678009033203 0.3979975283145904541 0.48491567373275756836 0.48603403568267822266 0.46879947185516357422 0.47425079345703125 0.5057010650634765625 0.61054193973541259766 0.66666060686111450195 0.66274797916412353516 0.5284302830696105957 0.67820638418197631836 0.63953197002410888672 0.61121779680252075195 0.66901576519012451172 0.43407878279685974121 0.381671905517578125 0.50750374794006347656 0.49154528975486755371 0.52513319253921508789 0.54104983806610107422 0.57048755884170532227 0.59610360860824584961
