INPUT/RASTER/ASCII/ndvi.asc
ncols        225
nrows        269
xllcorner    473009.983799999987
yllcorner    4429051.174800000153
cellsize     50.000000000000
NODATA_value  -9999
[rows 209 to 227 of 269, columns 84 to 125 of 225]
0.33295318484306335449 0.18428477644920349121 0.19406752288341522217 0.23153725266456604004 0.26800504326820373535 0.30871441960334777832 0.26911816000938415527 0.1741514056921005249 0.15357220172882080078 0.15371221303939819336 0.24056462943553924561 0.36317354440689086914 0.26345261931419372559 0.23223070800304412842 0.23612241446971893311 0.23199929296970367432 0.21194334328174591064 0.20192575454711914063 0.23087587952613830566 0.23087106645107269287 0.22912386059761047363 0.24672421813011169434 0.27189907431602478027 0.23854665458202362061 0.21644972264766693115 0.36741098761558532715 0.30681407451629638672 0.19979119300842285156 0.18970698118209838867 0.16050371527671813965 0.16129106283187866211 0.29419410228729248047 0.4402694404125213623 0.39810714125633239746 0.47365579009056091309 0.57601511478424072266 0.47590497136116027832 0.43081057071685791016 0.43048790097236633301 0.49960461258888244629 0.55847448110580444336 0.54752010107040405273
0.33587354421615600586 0.36207041144371032715 0.36512526869773864746 0.31750127673149108887 0.30955073237419128418 0.41425922513008117676 0.43797349929809570313 0.21427954733371734619 0.14663609862327575684 0.14490081369876861572 0.19033324718475341797 0.23462615907192230225 0.26839968562126159668 0.25394964218139648438 0.2868639528751373291 0.28271698951721191406 0.20051334798336029053 0.20366726815700531006 0.20900377631187438965 0.22380651533603668213 0.23669637739658355713 0.23328380286693572998 0.27083998918533325195 0.23216269910335540771 0.21766781806945800781 0.3337300717830657959 0.37805601954460144043 0.43923187255859375 0.35841396450996398926 0.33763208985328674316 0.29727569222450256348 0.38998767733573913574 0.48089817166328430176 0.46407094597816467285 0.53575658798217773438 0.55581241846084594727 0.33107003569602966309 0.28498154878616333008 0.43468785285949707031 0.51343977451324462891 0.55080616474151611328 0.56170636415481567383
0.38896331191062927246 0.39240786433219909668 0.37656375765800476074 0.33923226594924926758 0.40302073955535888672 0.37704500555992126465 0.41736862063407897949 0.43140992522239685059 0.22133113443851470947 0.1597855985164642334 0.17397217452526092529 0.20305615663528442383 0.22626523673534393311 0.24607296288013458252 0.24494157731533050537 0.22024343907833099365 0.18244114518165588379 0.21359610557556152344 0.25012308359146118164 0.38953834772109985352 0.3629824221134185791 0.32485523819923400879 0.32647082209587097168 0.25749450922012329102 0.24464084208011627197 0.39160430431365966797 0.34112954139709472656 0.43565908074378967285 0.42125138640403747559 0.39472088217735290527 0.33265486359596252441 0.3984890282154083252 0.45884305238723754883 0.37521496415138244629 0.47762712836265563965 0.50809228420257568359 0.25140881538391113281 0.32524606585502624512 0.4632739722728729248 0.43829831480979919434 0.52716141939163208008 0.57293015718460083008
0.30777901411056518555 0.33516004681587219238 0.26100930571556091309 0.29855358600616455078 0.36957460641860961914 0.33011984825134277344 0.25675302743911743164 0.36864209175109863281 0.29401421546936035156 0.19588701426982879639 0.18934407830238342285 0.18621344864368438721 0.17820538580417633057 0.16183750331401824951 0.16077129542827606201 0.15641291439533233643 0.18600596487522125244 0.28282669186592102051 0.32933664321899414063 0.52671635150909423828 0.61482232809066772461 0.5301049351692199707 0.41685470938682556152 0.36212322115898132324 0.37277370691299438477 0.31428417563438415527 0.2129519730806350708 0.36212801933288574219 0.40227335691452026367 0.30465683341026306152 0.3189296722412109375 0.29761055111885070801 0.29092389345169067383 0.34600564837455749512 0.48855566978454589844 0.41786980628967285156 0.37201529741287231445 0.34850361943244934082 0.38909387588500976563 0.39150086045265197754 0.47788631916046142578 0.55441439151763916016
0.33903816342353820801 0.36093720793724060059 0.24918630719184875488 0.21636876463890075684 0.25765472650527954102 0.31564730405807495117 0.28042694926261901855 0.35049197077751159668 0.33107155561447143555 0.19041222333908081055 0.16306163370609283447 0.18748371303081512451 0.20125621557235717773 0.18745788931846618652 0.17316769063472747803 0.18134693801403045654 0.19729968905448913574 0.2147137075662612915 0.28788474202156066895 0.42311424016952514648 0.53382128477096557617 0.59703546762466430664 0.36833050847053527832 0.47830292582511901855 0.27662649750709533691 0.1721178889274597168 0.17353589832782745361 0.26216197013854980469 0.31006476283073425293 0.2732041478157043457 0.36569395661354064941 0.39311555027961730957 0.27093842625617980957 0.23416364192962646484 0.41721221804618835449 0.29997006058692932129 0.28485670685768127441 0.24858601391315460205 0.37315362691879272461 0.43615618348121643066 0.47008317708969116211 0.55309200286865234375
0.2396173328161239624 0.32420343160629272461 0.25340697169303894043 0.19968971610069274902 0.2128992229700088501 0.32357025146484375 0.35475596785545349121 0.41184493899345397949 0.32972282171249389648 0.20994365215301513672 0.18723881244659423828 0.19795580208301544189 0.20486825704574584961 0.19731970131397247314 0.19361647963523864746 0.18357343971729278564 0.19339302182197570801 0.17774410545825958252 0.19173350930213928223 0.28191044926643371582 0.41984954476356506348 0.50309979915618896484 0.33980363607406616211 0.46429148316383361816 0.25704729557037353516 0.17934165894985198975 0.19354607164859771729 0.20716492831707000732 0.21834443509578704834 0.27049243450164794922 0.31845951080322265625 0.41268888115882873535 0.37133732438087463379 0.2710259556770324707 0.32739180326461791992 0.29010400176048278809 0.3004626929759979248 0.32430225610733032227 0.40591806173324584961 0.40700247883796691895 0.3620904386043548584 0.34235608577728271484
0.17815247178077697754 0.20959384739398956299 0.20134724676609039307 0.22711098194122314453 0.25090646743774414063 0.33162659406661987305 0.35652178525924682617 0.37763309478759765625 0.23476481437683105469 0.21877740323543548584 0.19356648623943328857 0.19557981193065643311 0.20461569726467132568 0.21505185961723327637 0.20582312345504760742 0.19873860478401184082 0.20236444473266601563 0.1933826059103012085 0.19219392538070678711 0.35357248783111572266 0.42138567566871643066 0.34796130657196044922 0.33922517299652099609 0.40857771039009094238 0.38857507705688476563 0.20446410775184631348 0.17717707157135009766 0.18977922201156616211 0.20252478122711181641 0.25219368934631347656 0.34461674094200134277 0.44120171666145324707 0.45112189650535583496 0.3809051811695098877 0.32510370016098022461 0.30052572488784790039 0.28366118669509887695 0.28024843335151672363 0.41250705718994140625 0.3924306333065032959 0.25776642560958862305 0.19316284358501434326
0.20058433711528778076 0.17966218292713165283 0.17206142842769622803 0.20497873425483703613 0.20040977001190185547 0.26392120122909545898 0.3413245081901550293 0.31934434175491333008 0.29100406169891357422 0.2251768261194229126 0.19858813285827636719 0.19908693432807922363 0.20520566403865814209 0.23361776769161224365 0.21599309146404266357 0.21758037805557250977 0.27600562572479248047 0.29405477643013000488 0.21690827608108520508 0.28002989292144775391 0.29724362492561340332 0.26414474844932556152 0.27489018440246582031 0.35980930924415588379 0.38460725545883178711 0.21883533895015716553 0.1627492755651473999 0.19321414828300476074 0.19799657166004180908 0.26791435480117797852 0.44766533374786376953 0.4532521367073059082 0.42928624153137207031 0.39071202278137207031 0.31660732626914978027 0.3184585869312286377 0.30779132246971130371 0.37569624185562133789 0.40652906894683837891 0.33694526553153991699 0.31503406167030334473 0.3385810554027557373
0.19559940695762634277 0.16411349177360534668 0.15348143875598907471 0.15507088601589202881 0.17435541749000549316 0.20554627478122711182 0.31100243330001831055 0.38198718428611755371 0.28784918785095214844 0.22515445947647094727 0.20525529980659484863 0.19695168733596801758 0.22318696975708007813 0.2342637479305267334 0.19133558869361877441 0.2203013300895690918 0.31859073042869567871 0.26838129758834838867 0.2029275745153427124 0.18394348025321960449 0.21270190179347991943 0.20634791254997253418 0.18363556265830993652 0.2309704124927520752 0.32776582241058349609 0.35834768414497375488 0.17890062928199768066 0.22714261710643768311 0.29564508795738220215 0.33078232407569885254 0.3599529564380645752 0.35092535614967346191 0.39296042919158935547 0.43292570114135742188 0.37141519784927368164 0.30024611949920654297 0.31717664003372192383 0.42881494760513305664 0.24269005656242370605 0.24123537540435791016 0.32872083783149719238 0.36500507593154907227
0.16155417263507843018 0.15391063690185546875 0.17967845499515533447 0.16143125295639038086 0.18545795977115631104 0.20239356160163879395 0.221338614821434021 0.27948713302612304688 0.22315727174282073975 0.23476487398147583008 0.27422001957893371582 0.23187784850597381592 0.20947287976741790771 0.22166760265827178955 0.23790954053401947021 0.2329819798469543457 0.23459745943546295166 0.22438918054103851318 0.27514606714248657227 0.20916025340557098389 0.21050570905208587646 0.20671959221363067627 0.15380440652370452881 0.15645673871040344238 0.19849306344985961914 0.39993172883987426758 0.28887656331062316895 0.33720988035202026367 0.31756359338760375977 0.35630267858505249023 0.36566311120986938477 0.3774140775203704834 0.51992410421371459961 0.47265917062759399414 0.39297574758529663086 0.29066598415374755859 0.32482230663299560547 0.33136785030364990234 0.19686953723430633545 0.18742093443870544434 0.20788063108921051025 0.21156878769397735596
0.24300986528396606445 0.20650944113731384277 0.19014507532119750977 0.17727442085742950439 0.17257879674434661865 0.16445030272006988525 0.15937922894954681396 0.17499190568923950195 0.20429968833923339844 0.22286292910575866699 0.23536132276058197021 0.21816639602184295654 0.2288363724946975708 0.23543362319469451904 0.25880464911460876465 0.23454008996486663818 0.18514984846115112305 0.17325650155544281006 0.21074132621288299561 0.2047150731086730957 0.16090640425682067871 0.14562521874904632568 0.13962419331073760986 0.14477555453777313232 0.15303872525691986084 0.35725942254066467285 0.29978069663047790527 0.21795895695686340332 0.28295251727104187012 0.33979347348213195801 0.33778369426727294922 0.31966072320938110352 0.45469072461128234863 0.48688271641731262207 0.40944853425025939941 0.32508367300033569336 0.3166783750057220459 0.28774482011795043945 0.19689451158046722412 0.2352984994649887085 0.2558848261833190918 0.21673384308815002441
0.41390195488929748535 0.37688758969306945801 0.30270498991012573242 0.29189628362655639648 0.25277882814407348633 0.20168030261993408203 0.16077324748039245605 0.16769145429134368896 0.19604223966598510742 0.23008513450622558594 0.21934838593006134033 0.19631867110729217529 0.21725350618362426758 0.21523807942867279053 0.23168665170669555664 0.21008530259132385254 0.1944128870964050293 0.19848822057247161865 0.16517019271850585938 0.1874097287654876709 0.20001968741416931152 0.21046219766139984131 0.16281232237815856934 0.17366826534271240234 0.20073084533214569092 0.35002639889717102051 0.43758445978164672852 0.21984088420867919922 0.21054442226886749268 0.31780600547790527344 0.43240526318550109863 0.34292113780975341797 0.42962718009948730469 0.46228888630867004395 0.40845137834548950195 0.38713416457176208496 0.28938409686088562012 0.22813214361667633057 0.20032940804958343506 0.21547698974609375 0.23871287703514099121 0.19759270548820495605
0.32495781779289245605 0.41559079289436340332 0.33931913971900939941 0.27099424600601196289 0.2628282010555267334 0.2726656794548034668 0.2723191678524017334 0.24219775199890136719 0.20683564245700836182 0.22328971326351165771 0.22262525558471679688 0.18488225340843200684 0.18113638460636138916 0.20935432612895965576 0.20515339076519012451 0.19806659221649169922 0.1842072606086730957 0.17146372795104980469 0.16552084684371948242 0.32425454258918762207 0.37492728233337402344 0.35216230154037475586 0.24834056198596954346 0.23373870551586151123 0.23759877681732177734 0.27899342775344848633 0.52052474021911621094 0.32174646854400634766 0.22501635551452636719 0.21248996257781982422 0.29287192225456237793 0.29974088072776794434 0.46011787652969360352 0.51531136035919189453 0.36343550682067871094 0.33328241109848022461 0.40732899308204650879 0.28948807716369628906 0.18180938065052032471 0.18302039802074432373 0.19273579120635986328 0.21282930672168731689
0.33955135941505432129 0.32666730880737304688 0.29751941561698913574 0.27191534638404846191 0.25465187430381774902 0.28099489212036132813 0.36145451664924621582 0.3054091036319732666 0.24275374412536621094 0.22807924449443817139 0.21272467076778411865 0.17021854221820831299 0.17405900359153747559 0.18458878993988037109 0.19112998247146606445 0.17947195470333099365 0.17090785503387451172 0.15983170270919799805 0.18709078431129455566 0.34103664755821228027 0.39209201931953430176 0.41362479329109191895 0.37926632165908813477 0.38098123669624328613 0.33746281266212463379 0.26124423742294311523 0.39040413498878479004 0.4241059422492980957 0.28147289156913757324 0.19379846751689910889 0.1986338198184967041 0.28596466779708862305 0.41524207592010498047 0.47909319400787353516 0.4156773686408996582 0.22326315939426422119 0.28587567806243896484 0.36723953485488891602 0.32243567705154418945 0.24255247414112091064 0.21677617728710174561 0.28030273318290710449
0.31445154547691345215 0.28242006897926330566 0.29789972305297851563 0.2830250859260559082 0.2966562807559967041 0.27621325850486755371 0.27861192822456359863 0.29033994674682617188 0.24368515610694885254 0.20469677448272705078 0.19488473236560821533 0.1815770566463470459 0.19171024858951568604 0.20923106372356414795 0.19087931513786315918 0.19410468637943267822 0.18204936385154724121 0.17286689579486846924 0.19326946139335632324 0.2788302004337310791 0.44585534930229187012 0.5049622654914855957 0.50199562311172485352 0.46362918615341186523 0.45345449447631835938 0.36829990148544311523 0.41136068105697631836 0.48709926009178161621 0.30589625239372253418 0.21852988004684448242 0.17764578759670257568 0.32602697610855102539 0.43977981805801391602 0.47930583357810974121 0.548778533935546875 0.34417644143104553223 0.18825367093086242676 0.28310570120811462402 0.34714370965957641602 0.36502480506896972656 0.35241454839706420898 0.3854630887508392334
0.25785014033317565918 0.27522566914558410645 0.24979554116725921631 0.24897955358028411865 0.27129438519477844238 0.24517403542995452881 0.23803286254405975342 0.25221019983291625977 0.23252750933170318604 0.21524159610271453857 0.19953610002994537354 0.18847267329692840576 0.18009001016616821289 0.19039067625999450684 0.18620914220809936523 0.20599852502346038818 0.1862325519323348999 0.18682146072387695313 0.28669223189353942871 0.34932017326354980469 0.48707684874534606934 0.45204749703407287598 0.44778192043304443359 0.37382897734642028809 0.33496785163879394531 0.29360336065292358398 0.30639913678169250488 0.45140388607978820801 0.31287309527397155762 0.23204652965068817139 0.19442129135131835938 0.30044019222259521484 0.37437742948532104492 0.52361464500427246094 0.54259330034255981445 0.40692138671875 0.18486927449703216553 0.21066777408123016357 0.27520349621772766113 0.32970163226127624512 0.35979577898979187012 0.36272060871124267578
0.17787854373455047607 0.26049619913101196289 0.21915297210216522217 0.21677431464195251465 0.23609942197799682617 0.24319599568843841553 0.22895883023738861084 0.22870905697345733643 0.27816820144653320313 0.23319530487060546875 0.19746410846710205078 0.21247230470180511475 0.18373960256576538086 0.19791001081466674805 0.20176976919174194336 0.18142463266849517822 0.1600154191255569458 0.18479870259761810303 0.26028752326965332031 0.2862015068531036377 0.44914263486862182617 0.44973042607307434082 0.37389707565307617188 0.28943410515785217285 0.22079573571681976318 0.18678164482116699219 0.17987641692161560059 0.37134125828742980957 0.41300615668296813965 0.3424816131591796875 0.40114951133728027344 0.47009459137916564941 0.44958183169364929199 0.5367825627326965332 0.59740012884140014648 0.52208691835403442383 0.28490087389945983887 0.21405644714832305908 0.30499756336212158203 0.46254217624664306641 0.37973818182945251465 0.34867599606513977051
0.17302721738815307617 0.20352296531200408936 0.22124916315078735352 0.21622763574123382568 0.22258135676383972168 0.24436254799365997314 0.27644011378288269043 0.24387188255786895752 0.28508985042572021484 0.29243111610412597656 0.22700262069702148438 0.21064576506614685059 0.17803451418876647949 0.18083830177783966064 0.19894553720951080322 0.16889356076717376709 0.15715341269969940186 0.17805576324462890625 0.22146916389465332031 0.23486454784870147705 0.42013841867446899414 0.45621961355209350586 0.34927833080291748047 0.22258959710597991943 0.17939689755439758301 0.15850456058979034424 0.18351587653160095215 0.3500652015209197998 0.2563622593879699707 0.31020876765251159668 0.39096686244010925293 0.44717815518379211426 0.56873178482055664063 0.61250925064086914063 0.61574649810791015625 0.63834625482559204102 0.58521139621734619141 0.47184047102928161621 0.48426762223243713379 0.58345085382461547852 0.42566812038421630859 0.3466281592845916748
0.17220555245876312256 0.16410809755325317383 0.17808386683464050293 0.1908032149076461792 0.22235865890979766846 0.27580726146697998047 0.3092657923698425293 0.2714366912841796875 0.26451456546783447266 0.36666750907897949219 0.30719828605651855469 0.20598141849040985107 0.19499866664409637451 0.18868078291416168213 0.18544603884220123291 0.14341640472412109375 0.13540816307067871094 0.15507392585277557373 0.25631603598594665527 0.29953646659851074219 0.34563031792640686035 0.40429264307022094727 0.28109753131866455078 0.21025791764259338379 0.15805405378341674805 0.15295636653900146484 0.29589259624481201172 0.25202646851539611816 0.17763759195804595947 0.2087275087833404541 0.23426716029644012451 0.41869676113128662109 0.5906136631965637207 0.62286925315856933594 0.60827469825744628906 0.62230306863784790039 0.66908925771713256836 0.65503579378128051758 0.62000674009323120117 0.63675367832183837891 0.48383685946464538574 0.44894433021545410156
