INPUT/RASTER/ASCII/ndvi2023.asc
ncols        225
nrows        269
xllcorner    473009.983799999987
yllcorner    4429051.174800000153
cellsize     50.000000000000
NODATA_value -9999
[rows 162 to 179 of 269, columns 0 to 40 of 225]
-9999 -9999 -9999 -9999 -9999 -9999 -9999 -9999 0.58838737010955810547 0.61358922719955444336 0.57996380329132080078 0.47593283653259277344 0.39089575409889221191 0.32904708385467529297 0.22931404411792755127 0.36655980348587036133 0.35166305303573608398 0.39002597332000732422 0.2796961665153503418 0.27967289090156555176 0.35770827531814575195 0.3116760551929473877 0.33209717273712158203 0.33482071757316589355 0.38604959845542907715 0.29030504822731018066 0.32009404897689819336 0.45376831293106079102 0.49476021528244018555 0.55764907598495483398 0.54934149980545043945 0.54147386550903320313 0.4811230003833770752 0.42448946833610534668 0.42411816120147705078 0.33712306618690490723 0.37423077225685119629 0.38643321394920349121 0.39814585447311401367 0.31629142165184020996 0.20197461545467376709
-9999 -9999 -9999 -9999 -9999 -9999 -9999 -9999 0.63121902942657470703 0.61800140142440795898 0.57246404886245727539 0.42245343327522277832 0.31563031673431396484 0.37358891963958740234 0.33322435617446899414 0.39196699857711791992 0.40257757902145385742 0.33090257644653320313 0.2441956251859664917 0.2589721977710723877 0.28574135899543762207 0.25294083356857299805 0.29275962710380554199 0.38758778572082519531 0.39834356307983398438 0.42416986823081970215 0.41820681095123291016 0.49703338742256164551 0.53608989715576171875 0.53751200437545776367 0.46974083781242370605 0.4515228569507598877 0.47025886178016662598 0.45096153020858764648 0.43011841177940368652 0.39482614398002624512 0.38030493259429931641 0.30883392691612243652 0.39468589425086975098 0.32398864626884460449 0.19535271823406219482
-9999 -9999 -9999 -9999 -9999 -9999 -9999 0.4415130615234375 0.49462905526161193848 0.47941902279853820801 0.43975928425788879395 0.34258621931076049805 0.36455395817756652832 0.42455804347991943359 0.49512404203414916992 0.47153893113136291504 0.41348323225975036621 0.31483092904090881348 0.30769822001457214355 0.24579761922359466553 0.26730486750602722168 0.37642538547515869141 0.24855384230613708496 0.35610920190811157227 0.35119208693504333496 0.42725086212158203125 0.44196102023124694824 0.53557825088500976563 0.56664925813674926758 0.5704848170280456543 0.52715271711349487305 0.42493799328804016113 0.46079778671264648438 0.44608142971992492676 0.3941434323787689209 0.4420973360538482666 0.44386434555053710938 0.35569599270820617676 0.31664460897445678711 0.23354575037956237793 0.20870113372802734375
-9999 -9999 -9999 -9999 -9999 -9999 0.42931595444679260254 0.47646769881248474121 0.4481856226921081543 0.33368527889251708984 0.36783254146575927734 0.32804259657859802246 0.35333669185638427734 0.40353003144264221191 0.43406501412391662598 0.46521049737930297852 0.41630926728248596191 0.38518983125686645508 0.37985029816627502441 0.26831415295600891113 0.41448545455932617188 0.48773851990699768066 0.29581665992736816406 0.30696710944175720215 0.35403859615325927734 0.42103353142738342285 0.45561197400093078613 0.54476660490036010742 0.5299250483512878418 0.56656938791275024414 0.50264555215835571289 0.43202611804008483887 0.41788285970687866211 0.4133771061897277832 0.38858327269554138184 0.37406650185585021973 0.44652080535888671875 0.40753096342086791992 0.21522481739521026611 0.20748472213745117188 0.28059571981430053711
-9999 -9999 -9999 -9999 -9999 -9999 0.54526299238204956055 0.4955768287181854248 0.42279735207557678223 0.31386345624923706055 0.35477757453918457031 0.32153114676475524902 0.39630973339080810547 0.50534909963607788086 0.45981255173683166504 0.44621750712394714355 0.45179536938667297363 0.35210585594177246094 0.34776449203491210938 0.34718427062034606934 0.42465820908546447754 0.55146974325180053711 0.44650861620903015137 0.45439204573631286621 0.49164301156997680664 0.4494635164737701416 0.44602814316749572754 0.53008264303207397461 0.49965736269950866699 0.53559690713882446289 0.46904841065406799316 0.42330080270767211914 0.38745915889739990234 0.37130087614059448242 0.41222912073135375977 0.38822335004806518555 0.45922502875328063965 0.41723865270614624023 0.3145681917667388916 0.23069231212139129639 0.31614035367965698242
-9999 -9999 -9999 -9999 -9999 0.56552022695541381836 0.57806783914566040039 0.54660576581954956055 0.44573494791984558105 0.43270725011825561523 0.31680455803871154785 0.35330843925476074219 0.49649482965469360352 0.54983484745025634766 0.44940656423568725586 0.36859777569770812988 0.37959069013595581055 0.35235920548439025879 0.37599715590476989746 0.39049312472343444824 0.48291024565696716309 0.53051954507827758789 0.45862784981727600098 0.45715409517288208008 0.5247771143913269043 0.5385754704475402832 0.56406372785568237305 0.54718798398971557617 0.56202161312103271484 0.53782761096954345703 0.44781166315078735352 0.45117434859275817871 0.35143625736236572266 0.31078448891639709473 0.2897166907787322998 0.32298478484153747559 0.42501842975616455078 0.46148848533630371094 0.41817170381546020508 0.32522785663604736328 0.42178755998611450195
-9999 -9999 -9999 -9999 -9999 0.62516349554061889648 0.59106415510177612305 0.58877980709075927734 0.56778609752655029297 0.57554090023040771484 0.46574488282203674316 0.4542503654956817627 0.5550524592399597168 0.54619902372360229492 0.46031299233436584473 0.42146432399749755859 0.35838568210601806641 0.3511460423469543457 0.38580441474914550781 0.53065341711044311523 0.57902282476425170898 0.58997565507888793945 0.60187506675720214844 0.56659281253814697266 0.57915568351745605469 0.59649008512496948242 0.59034621715545654297 0.62458080053329467773 0.58910250663757324219 0.51129829883575439453 0.37183436751365661621 0.37916165590286254883 0.29662400484085083008 0.33837488293647766113 0.34066125750541687012 0.40892964601516723633 0.43632706999778747559 0.4478759765625 0.35866475105285644531 0.37411338090896606445 0.46116223931312561035
-9999 -9999 -9999 -9999 -9999 0.63862437009811401367 0.61056458950042724609 0.54203337430953979492 0.5505631566047668457 0.56293451786041259766 0.56810033321380615234 0.57180535793304443359 0.51931649446487426758 0.51274502277374267578 0.49505582451820373535 0.54405885934829711914 0.49776157736778259277 0.46016743779182434082 0.48766207695007324219 0.56675374507904052734 0.5962505340576171875 0.55649852752685546875 0.61583298444747924805 0.60546267032623291016 0.60537266731262207031 0.59782105684280395508 0.64173334836959838867 0.61155092716217041016 0.58609789609909057617 0.52234154939651489258 0.36383560299873352051 0.36401855945587158203 0.28979897499084472656 0.39908054471015930176 0.43359795212745666504 0.43522295355796813965 0.45164224505424499512 0.38116735219955444336 0.27197727560997009277 0.31453934311866760254 0.42166423797607421875
-9999 -9999 -9999 -9999 0.62380826473236083984 0.61851799488067626953 0.54217094182968139648 0.54740798473358154297 0.44234815239906311035 0.43257087469100952148 0.4774246513843536377 0.55188798904418945313 0.49420413374900817871 0.50847190618515014648 0.46698465943336486816 0.53263568878173828125 0.55301553010940551758 0.50604850053787231445 0.54030042886734008789 0.57179725170135498047 0.58169662952423095703 0.63373398780822753906 0.63637346029281616211 0.60072857141494750977 0.57428717613220214844 0.54177457094192504883 0.57929241657257080078 0.5366865992546081543 0.53747153282165527344 0.43629682064056396484 0.41951784491539001465 0.4338525235652923584 0.36787635087966918945 0.44102558493614196777 0.48569640517234802246 0.45763051509857177734 0.44464167952537536621 0.3439076542854309082 0.20342269539833068848 0.33839577436447143555 0.39457035064697265625
-9999 -9999 -9999 -9999 0.64397895336151123047 0.60232812166213989258 0.5441830754280090332 0.47180137038230895996 0.40582495927810668945 0.37422028183937072754 0.40811333060264587402 0.44438391923904418945 0.4210484623908996582 0.55232465267181396484 0.55268681049346923828 0.49831360578536987305 0.47596064209938049316 0.56169474124908447266 0.58842921257019042969 0.60461592674255371094 0.60200440883636474609 0.6343510746955871582 0.58795577287673950195 0.47746875882148742676 0.48509323596954345703 0.55822098255157470703 0.48202404379844665527 0.41083806753158569336 0.45189309120178222656 0.42674583196640014648 0.4272391200065612793 0.44263157248497009277 0.43143171072006225586 0.43271526694297790527 0.46979683637619018555 0.4479020535945892334 0.37100511789321899414 0.32670512795448303223 0.31199097633361816406 0.35209625959396362305 0.38402912020683288574
-9999 -9999 -9999 -9999 0.66721236705780029297 0.63274443149566650391 0.57953345775604248047 0.46100229024887084961 0.40547773241996765137 0.41275718808174133301 0.41715037822723388672 0.46112138032913208008 0.55523008108139038086 0.60538482666015625 0.57211822271347045898 0.50486230850219726563 0.50724357366561889648 0.57110542058944702148 0.59983307123184204102 0.52674347162246704102 0.43359217047691345215 0.45933744311332702637 0.42282617092132568359 0.35216885805130004883 0.35146933794021606445 0.37930876016616821289 0.41464471817016601563 0.44231700897216796875 0.45027902722358703613 0.45598044991493225098 0.43822756409645080566 0.3991724848747253418 0.41105401515960693359 0.40452483296394348145 0.44314116239547729492 0.44866189360618591309 0.31294861435890197754 0.30092296004295349121 0.40117463469505310059 0.42013508081436157227 0.45601296424865722656
-9999 -9999 -9999 -9999 0.61683934926986694336 0.55821508169174194336 0.52831995487213134766 0.51630151271820068359 0.46198299527168273926 0.44277688860893249512 0.49785795807838439941 0.56380951404571533203 0.50435298681259155273 0.51017558574676513672 0.53178071975708007813 0.51070284843444824219 0.53153604269027709961 0.55743223428726196289 0.55941802263259887695 0.38006556034088134766 0.34517931938171386719 0.36477759480476379395 0.41314780712127685547 0.41784825921058654785 0.28821447491645812988 0.2483288496732711792 0.3038590550422668457 0.41045388579368591309 0.42605939507484436035 0.41051298379898071289 0.41423586010932922363 0.41923227906227111816 0.3492717742919921875 0.33826678991317749023 0.42319649457931518555 0.45281514525413513184 0.42221796512603759766 0.4161745905876159668 0.42047685384750366211 0.46374043822288513184 0.54478108882904052734
-9999 -9999 -9999 0.61864084005355834961 0.57330971956253051758 0.55744373798370361328 0.52664667367935180664 0.49664142727851867676 0.43888625502586364746 0.51034456491470336914 0.46484011411666870117 0.51997369527816772461 0.41488164663314819336 0.47691041231155395508 0.50963109731674194336 0.48110309243202209473 0.52287262678146362305 0.5548998713493347168 0.56851971149444580078 0.40028303861618041992 0.4870223701000213623 0.52737081050872802734 0.51978659629821777344 0.47293707728385925293 0.41339346766471862793 0.30285522341728210449 0.37998601794242858887 0.37711155414581298828 0.39583665132522583008 0.45393192768096923828 0.43403324484825134277 0.37512657046318054199 0.37382200360298156738 0.43587720394134521484 0.4934991002082824707 0.48267704248428344727 0.56031131744384765625 0.62075507640838623047 0.61265516281127929688 0.58029246330261230469 0.58247524499893188477
-9999 -9999 -9999 0.53191643953323364258 0.51306074857711791992 0.56001007556915283203 0.54834252595901489258 0.53799951076507568359 0.43701934814453125 0.44202622771263122559 0.44852158427238464355 0.41167795658111572266 0.37166586518287658691 0.39493146538734436035 0.46351361274719238281 0.48924997448921203613 0.55254572629928588867 0.5056374669075012207 0.55955392122268676758 0.60276997089385986328 0.59543931484222412109 0.57441949844360351563 0.58521240949630737305 0.54657149314880371094 0.49180138111114501953 0.4404544830322265625 0.46097260713577270508 0.37768715620040893555 0.39732575416564941406 0.51080191135406494141 0.51376014947891235352 0.48688042163848876953 0.53639215230941772461 0.63689458370208740234 0.6555881500244140625 0.58922576904296875 0.56095975637435913086 0.61894118785858154297 0.58206969499588012695 0.55480390787124633789 0.54887521266937255859
-9999 -9999 -9999 0.42370018362998962402 0.45064562559127807617 0.47447049617767333984 0.45418661832809448242 0.48966288566589355469 0.44847375154495239258 0.40541118383407592773 0.45810961723327636719 0.4652321934700012207 0.42612284421920776367 0.34719809889793395996 0.43821170926094055176 0.55735152959823608398 0.53105396032333374023 0.47950190305709838867 0.45547461509704589844 0.54308933019638061523 0.57638144493103027344 0.59016251564025878906 0.53772699832916259766 0.53293931484222412109 0.59338015317916870117 0.56058269739151000977 0.46337348222732543945 0.4197661280632019043 0.48254385590553283691 0.51562142372131347656 0.55453592538833618164 0.57998567819595336914 0.61490762233734130859 0.62077271938323974609 0.65216588973999023438 0.60040992498397827148 0.50614678859710693359 0.53345841169357299805 0.4954999089241027832 0.53279995918273925781 0.53438550233840942383
-9999 -9999 0.39359760284423828125 0.37793228030204772949 0.39236909151077270508 0.3737557828426361084 0.36578831076622009277 0.40008118748664855957 0.4660511314868927002 0.46689847111701965332 0.48904603719711303711 0.46984973549842834473 0.41488766670227050781 0.42278572916984558105 0.51077884435653686523 0.56145954132080078125 0.49142056703567504883 0.47065919637680053711 0.38467943668365478516 0.40565314888954162598 0.51270568370819091797 0.52794212102890014648 0.45527666807174682617 0.5180110931396484375 0.56588846445083618164 0.52525824308395385742 0.51497417688369750977 0.4917927086353302002 0.38430231809616088867 0.28709104657173156738 0.36999952793121337891 0.37388694286346435547 0.40878227353096008301 0.37543886899948120117 0.59923058748245239258 0.62913340330123901367 0.54007011651992797852 0.45511382818222045898 0.43648028373718261719 0.41714829206466674805 0.45680344104766845703
-9999 -9999 0.37057989835739135742 0.32823571562767028809 0.33144864439964294434 0.35435524582862854004 0.3356672823429107666 0.43604257702827453613 0.4667631983757019043 0.46196228265762329102 0.55714768171310424805 0.51494848728179931641 0.43975126743316650391 0.4409179985523223877 0.46734640002250671387 0.51445001363754272461 0.54625874757766723633 0.48874416947364807129 0.45198702812194824219 0.41145464777946472168 0.44156768918037414551 0.39129468798637390137 0.41394245624542236328 0.43351575732231140137 0.5807793736457824707 0.55239367485046386719 0.54382491111755371094 0.44453132152557373047 0.30269259214401245117 0.27405592799186706543 0.25089386105537414551 0.22054140269756317139 0.25132763385772705078 0.33757001161575317383 0.6040528416633605957 0.63294470310211181641 0.55375444889068603516 0.3802788853645324707 0.31933313608169555664 0.40987950563430786133 0.43929359316825866699
-9999 -9999 0.31681543588638305664 0.28872075676918029785 0.26989150047302246094 0.31798258423805236816 0.33506497740745544434 0.41050568222999572754 0.3283812403678894043 0.43679580092430114746 0.56766414642333984375 0.54773962497711181641 0.46899190545082092285 0.30376911163330078125 0.3495483696460723877 0.4765974879264831543 0.54667443037033081055 0.51878750324249267578 0.50315535068511962891 0.44481891393661499023 0.42690518498420715332 0.44654771685600280762 0.533351898193359375 0.47965893149375915527 0.55367147922515869141 0.60664898157119750977 0.53050649166107177734 0.29787150025367736816 0.21767166256904602051 0.24125209450721740723 0.23382657766342163086 0.24235749244689941406 0.26170325279235839844 0.42333486676216125488 0.6209767460823059082 0.58280897140502929688 0.49493762850761413574 0.42912134528160095215 0.3433837890625 0.33799040317535400391 0.277866363525390625
