INPUT/RASTER/ASCII/ndvi2023.asc
ncols        225
nrows        269
xllcorner    473009.983799999987
yllcorner    4429051.174800000153
cellsize     50.000000000000
NODATA_value -9999
[rows 90 to 107 of 269, columns 164 to 204 of 225]
0.33649501204490661621 0.33539682626724243164 0.51228046417236328125 0.51950532197952270508 0.45935204625129699707 0.56024777889251708984 0.64352083206176757813 0.57273471355438232422 0.46903342008590698242 0.48002013564109802246 0.49260237812995910645 0.57956933975219726563 0.51458209753036499023 0.4294783174991607666 0.49031758308410644531 0.56852316856384277344 0.56103050708770751953 0.56465899944305419922 0.56998693943023681641 0.57397061586380004883 0.5586293339729309082 0.47733452916145324707 0.41030302643775939941 0.34098735451698303223 0.34795978665351867676 0.42270886898040771484 0.30342453718185424805 0.21240630745887756348 0.20535461604595184326 0.33974274992942810059 0.25481891632080078125 0.21224530041217803955 0.28004819154739379883 0.2161569744348526001 0.1720075458288192749 -9999 -9999 -9999 -9999 -9999 -9999
0.43885785341262817383 0.52280008792877197266 0.53106349706649780273 0.55315029621124267578 0.45495212078094482422 0.45342591404914855957 0.60827034711837768555 0.58279573917388916016 0.4291731715202331543 0.41342237591743469238 0.52556818723678588867 0.60060280561447143555 0.55016082525253295898 0.50019001960754394531 0.52157074213027954102 0.58203577995300292969 0.5757096409797668457 0.58096086978912353516 0.57518941164016723633 0.52842652797698974609 0.47229173779487609863 0.33962452411651611328 0.36487883329391479492 0.29904279112815856934 0.32503670454025268555 0.33609125018119812012 0.2348906397819519043 0.21502216160297393799 0.21527740359306335449 0.31085413694381713867 0.23264841735363006592 0.23936690390110015869 0.2946014404296875 0.28414580225944519043 0.40822532773017883301 0.52695858478546142578 -9999 -9999 -9999 -9999 -9999
0.46598404645919799805 0.57320410013198852539 0.55865126848220825195 0.46751412749290466309 0.39123198390007019043 0.45859745144844055176 0.63567918539047241211 0.58500313758850097656 0.42412838339805603027 0.3660660088062286377 0.44326123595237731934 0.61145550012588500977 0.53030717372894287109 0.49346762895584106445 0.53569573163986206055 0.62959724664688110352 0.59328883886337280273 0.55919694900512695313 0.52074915170669555664 0.46587127447128295898 0.41260501742362976074 0.24882405996322631836 0.32099318504333496094 0.30632665753364562988 0.20781499147415161133 0.26171106100082397461 0.26857200264930725098 0.25958257913589477539 0.25932669639587402344 0.21412897109985351563 0.16949895024299621582 0.22676077485084533691 0.31261271238327026367 0.34416714310646057129 0.41612589359283447266 0.40838310122489929199 -9999 -9999 -9999 -9999 -9999
0.44584888219833374023 0.46502792835235595703 0.50197684764862060547 0.30788150429725646973 0.35767790675163269043 0.49792319536209106445 0.52059912681579589844 0.58009397983551025391 0.51065331697463989258 0.42530930042266845703 0.45277416706085205078 0.54763877391815185547 0.50579267740249633789 0.52589118480682373047 0.58644968271255493164 0.62760782241821289063 0.56144249439239501953 0.49419537186622619629 0.42956697940826416016 0.4158865809440612793 0.37029129266738891602 0.2231012880802154541 0.25147151947021484375 0.22287048399448394775 0.18309019505977630615 0.21117445826530456543 0.27782157063484191895 0.25714012980461120605 0.24509038031101226807 0.18060258030891418457 0.18699365854263305664 0.21591535210609436035 0.25000944733619689941 0.28940260410308837891 0.36839723587036132813 0.42120969295501708984 -9999 -9999 -9999 -9999 -9999
0.33292058110237121582 0.2910747826099395752 0.34035655856132507324 0.3305161893367767334 0.35345113277435302734 0.36733677983283996582 0.47477421164512634277 0.60428792238235473633 0.45650330185890197754 0.46495276689529418945 0.52497136592864990234 0.49795520305633544922 0.45555350184440612793 0.4932791590690612793 0.54483342170715332031 0.59653359651565551758 0.56875175237655639648 0.38174140453338623047 0.37783852219581604004 0.43169239163398742676 0.36189344525337219238 0.24643909931182861328 0.21577623486518859863 0.19349142909049987793 0.20716744661331176758 0.2861658632755279541 0.31850838661193847656 0.3044261932373046875 0.27564600110054016113 0.26791912317276000977 0.20951674878597259521 0.21067164838314056396 0.25176218152046203613 0.32863476872444152832 0.40359064936637878418 0.52378201484680175781 -9999 -9999 -9999 -9999 -9999
0.34722533822059631348 0.39435327053070068359 0.45796358585357666016 0.45572805404663085938 0.32842841744422912598 0.33563753962516784668 0.48299634456634521484 0.54307717084884643555 0.43769305944442749023 0.547939300537109375 0.58906280994415283203 0.51585364341735839844 0.51503825187683105469 0.51617419719696044922 0.52727949619293212891 0.56686025857925415039 0.53326040506362915039 0.33250206708908081055 0.38739466667175292969 0.40389969944953918457 0.35239782929420471191 0.38138094544410705566 0.359355926513671875 0.24906100332736968994 0.30777287483215332031 0.41385275125503540039 0.38429296016693115234 0.30220457911491394043 0.27676171064376831055 0.32459396123886108398 0.28078120946884155273 0.20125655829906463623 0.23734420537948608398 0.26767054200172424316 0.48314115405082702637 0.60646897554397583008 -9999 -9999 -9999 -9999 -9999
0.43469920754432678223 0.57026565074920654297 0.55838835239410400391 0.45301640033721923828 0.31050825119018554688 0.37779098749160766602 0.47392913699150085449 0.46975889801979064941 0.43481650948524475098 0.53294903039932250977 0.55111116170883178711 0.56964099407196044922 0.56408715248107910156 0.53474414348602294922 0.50779062509536743164 0.45215028524398803711 0.48976075649261474609 0.43237698078155517578 0.46034270524978637695 0.44139060378074645996 0.32771822810173034668 0.32636106014251708984 0.46821665763854980469 0.4581858217716217041 0.33504977822303771973 0.36636474728584289551 0.30438911914825439453 0.23785150051116943359 0.30030673742294311523 0.3565298616886138916 0.36634641885757446289 0.26333126425743103027 0.25252521038055419922 0.26335212588310241699 0.47973170876502990723 0.63559061288833618164 0.65909504890441894531 -9999 -9999 -9999 -9999
0.47702327370643615723 0.5701910853385925293 0.50725656747817993164 0.43385666608810424805 0.29077929258346557617 0.35878986120223999023 0.49938333034515380859 0.44699147343635559082 0.45665055513381958008 0.53205829858779907227 0.51985722780227661133 0.50541979074478149414 0.53574842214584350586 0.5078036189079284668 0.40567445755004882813 0.48242482542991638184 0.48726430535316467285 0.50691395998001098633 0.48874163627624511719 0.48587170243263244629 0.34922063350677490234 0.28780677914619445801 0.37088447809219360352 0.5093428492546081543 0.47510087490081787109 0.3680508732795715332 0.36818382143974304199 0.29070785641670227051 0.3198452293872833252 0.32778599858283996582 0.34012198448181152344 0.27557671070098876953 0.25899523496627807617 0.31275802850723266602 0.37853220105171203613 0.54093164205551147461 0.53506720066070556641 -9999 -9999 -9999 -9999
0.53825777769088745117 0.51489585638046264648 0.53830510377883911133 0.48739537596702575684 0.34557765722274780273 0.37297618389129638672 0.53493708372116088867 0.42588672041893005371 0.52267324924468994141 0.52493333816528320313 0.3890527188777923584 0.35815322399139404297 0.4689934849739074707 0.49020376801490783691 0.46583062410354614258 0.51881223917007446289 0.53919219970703125 0.58559507131576538086 0.58128815889358520508 0.50556874275207519531 0.33854255080223083496 0.27237609028816223145 0.3871949315071105957 0.4752820432186126709 0.50005865097045898438 0.44005939364433288574 0.47071480751037597656 0.44998818635940551758 0.4163945317268371582 0.34917283058166503906 0.39664760231971740723 0.33115398883819580078 0.27491346001625061035 0.25276190042495727539 0.31268271803855895996 0.47125586867332458496 0.41367158293724060059 -9999 -9999 -9999 -9999
0.50785791873931884766 0.5156911015510559082 0.54359906911849975586 0.47534292936325073242 0.42473039031028747559 0.43523481488227844238 0.53573262691497802734 0.44327014684677124023 0.54398947954177856445 0.57565474510192871094 0.4698543250560760498 0.49068924784660339355 0.55313605070114135742 0.52025341987609863281 0.50937116146087646484 0.56825542449951171875 0.51550030708312988281 0.5717213749885559082 0.59005910158157348633 0.39207676053047180176 0.26695808768272399902 0.29040396213531494141 0.47436317801475524902 0.50505727529525756836 0.4912643134593963623 0.47698110342025756836 0.50642025470733642578 0.52023530006408691406 0.48668327927589416504 0.42242529988288879395 0.36853945255279541016 0.32306021451950073242 0.35125851631164550781 0.34009283781051635742 0.40601915121078491211 0.47685140371322631836 0.39209285378456115723 -9999 -9999 -9999 -9999
0.473728179931640625 0.46304926276206970215 0.49790674448013305664 0.48218911886215209961 0.48025161027908325195 0.48538598418235778809 0.47752287983894348145 0.53900498151779174805 0.58129304647445678711 0.60787218809127807617 0.63082051277160644531 0.56440204381942749023 0.54600495100021362305 0.49611449241638183594 0.54090631008148193359 0.55085122585296630859 0.5250657200813293457 0.57799428701400756836 0.49886474013328552246 0.27037724852561950684 0.2669220268726348877 0.38463062047958374023 0.52821993827819824219 0.49951285123825073242 0.50842088460922241211 0.4582150876522064209 0.52761799097061157227 0.52525222301483154297 0.5386784672737121582 0.48985487222671508789 0.30616146326065063477 0.21284885704517364502 0.2623462677001953125 0.43525552749633789063 0.54969441890716552734 0.46312296390533447266 0.38864958286285400391 -9999 -9999 -9999 -9999
0.47161692380905151367 0.41770130395889282227 0.36020401120185852051 0.43494844436645507813 0.5152238011360168457 0.49713838100433349609 0.4011510014533996582 0.4851614534854888916 0.50339782238006591797 0.51298177242279052734 0.58285737037658691406 0.51051437854766845703 0.48811334371566772461 0.45251032710075378418 0.51304870843887329102 0.51357185840606689453 0.47577506303787231445 0.54529958963394165039 0.44879111647605895996 0.37279862165451049805 0.47390228509902954102 0.54676830768585205078 0.50939297676086425781 0.53137040138244628906 0.55145740509033203125 0.54212832450866699219 0.55538862943649291992 0.53195047378540039063 0.52126234769821166992 0.42542183399200439453 0.23761366307735443115 0.20319263637065887451 0.22559452056884765625 0.39134973287582397461 0.54216635227203369141 0.57056730985641479492 0.5027618408203125 -9999 -9999 -9999 -9999
0.45126500725746154785 0.41857564449310302734 0.48528972268104553223 0.53026950359344482422 0.54185968637466430664 0.47010645270347595215 0.47331032156944274902 0.47306060791015625 0.44127032160758972168 0.4485683143138885498 0.50082802772521972656 0.49588987231254577637 0.47999745607376098633 0.49840018153190612793 0.51946008205413818359 0.52219849824905395508 0.51416677236557006836 0.5527706146240234375 0.45568114519119262695 0.44607749581336975098 0.50204074382781982422 0.55510818958282470703 0.45253673195838928223 0.49358135461807250977 0.53386867046356201172 0.56182074546813964844 0.52023136615753173828 0.57489252090454101563 0.47270250320434570313 0.30774259567260742188 0.23076707124710083008 0.23323585093021392822 0.30238780379295349121 0.36170238256454467773 0.41438066959381103516 0.54025071859359741211 0.58369183540344238281 -9999 -9999 -9999 -9999
0.31881898641586303711 0.32864385843276977539 0.51876699924468994141 0.55885094404220581055 0.51884192228317260742 0.42170509696006774902 0.58482801914215087891 0.53542649745941162109 0.53699189424514770508 0.55121576786041259766 0.46042039990425109863 0.46387749910354614258 0.45815366506576538086 0.48695033788681030273 0.46363222599029541016 0.45090499520301818848 0.52644068002700805664 0.44913727045059204102 0.35138794779777526855 0.49311912059783935547 0.60019475221633911133 0.62105464935302734375 0.58804523944854736328 0.50835043191909790039 0.506237030029296875 0.54691088199615478516 0.52421784400939941406 0.49996849894523620605 0.43363517522811889648 0.41343507170677185059 0.36183667182922363281 0.41591000556945800781 0.37869819998741149902 0.4135863184928894043 0.40243762731552124023 0.45182392001152038574 0.30226853489875793457 -9999 -9999 -9999 -9999
0.29636526107788085938 0.28260266780853271484 0.4388243556022644043 0.51303637027740478516 0.37265315651893615723 0.43394896388053894043 0.40878722071647644043 0.4625689387321472168 0.54439812898635864258 0.56025338172912597656 0.54400110244750976563 0.50415575504302978516 0.43475735187530517578 0.38149103522300720215 0.3690121769905090332 0.35231512784957885742 0.34984916448593139648 0.28350675106048583984 0.27960547804832458496 0.51848554611206054688 0.60264164209365844727 0.59862625598907470703 0.56028020381927490234 0.47564142942428588867 0.4230658411979675293 0.49404725432395935059 0.4429899752140045166 0.44031485915184020996 0.44387525320053100586 0.43617048859596252441 0.46360436081886291504 0.5296433568000793457 0.42491680383682250977 0.44389319419860839844 0.50703537464141845703 0.49304738640785217285 0.38577619194984436035 -9999 -9999 -9999 -9999
0.28261590003967285156 0.32871744036674499512 0.36564651131629943848 0.37725841999053955078 0.35335579514503479004 0.44439098238945007324 0.37188932299613952637 0.47193515300750732422 0.53734070062637329102 0.52830940485000610352 0.474872589111328125 0.51272219419479370117 0.49601659178733825684 0.35403451323509216309 0.32541054487228393555 0.37327033281326293945 0.39059507846832275391 0.38574239611625671387 0.31376373767852783203 0.45491054654121398926 0.50770169496536254883 0.51261246204376220703 0.50359892845153808594 0.41166570782661437988 0.46121865510940551758 0.4932568967342376709 0.46192136406898498535 0.41745084524154663086 0.40728056430816650391 0.3860321342945098877 0.49784579873085021973 0.54463803768157958984 0.50576609373092651367 0.52624338865280151367 0.58241671323776245117 0.54034757614135742188 0.46561798453330993652 -9999 -9999 -9999 -9999
0.32606068253517150879 0.46642163395881652832 0.49173042178153991699 0.41377454996109008789 0.41595053672790527344 0.4396934807300567627 0.44721964001655578613 0.4853089749813079834 0.46772602200508117676 0.41282033920288085938 0.46340847015380859375 0.41325435042381286621 0.49626952409744262695 0.44107154011726379395 0.3565788567066192627 0.46159151196479797363 0.50698238611221313477 0.47912460565567016602 0.44435662031173706055 0.48417940735816955566 0.36857864260673522949 0.47104978561401367188 0.50290942192077636719 0.43066197633743286133 0.44117280840873718262 0.49021714925765991211 0.48671621084213256836 0.43797540664672851563 0.32909807562828063965 0.27050039172172546387 0.36312144994735717773 0.50157368183135986328 0.59222191572189331055 0.57557594776153564453 0.5981642603874206543 0.64109212160110473633 -9999 -9999 -9999 -9999 -9999
0.45790582895278930664 0.52178019285202026367 0.52953040599822998047 0.51846837997436523438 0.39886328577995300293 0.4723129570484161377 0.52749198675155639648 0.57741284370422363281 0.52690511941909790039 0.43978196382522583008 0.52001929283142089844 0.48995351791381835938 0.48125457763671875 0.43821501731872558594 0.39696830511093139648 0.43511015176773071289 0.59086912870407104492 0.57299023866653442383 0.48133245110511779785 0.47146978974342346191 0.32136708498001098633 0.46628859639167785645 0.52012908458709716797 0.46402186155319213867 0.46077823638916015625 0.48594000935554504395 0.51916563510894775391 0.37798655033111572266 0.24830316007137298584 0.32639041543006896973 0.33209303021430969238 0.43864890933036804199 0.5041802525520324707 0.56458842754364013672 0.62474817037582397461 0.58211678266525268555 -9999 -9999 -9999 -9999 -9999
