INPUT/RASTER/ASCII/ndvi2023.asc
ncols        225
nrows        269
xllcorner    473009.983799999987
yllcorner    4429051.174800000153
cellsize     50.000000000000
NODATA_value -9999
[rows 126 to 143 of 269, columns 0 to 40 of 225]
-9999 -9999 -9999 -9999 -9999 -9999 -9999 -9999 -9999 -9999 -9999 -9999 -9999 0.71324449777603149414 0.6584421992301940918 0.54682397842407226563 0.42693540453910827637 0.46589326858520507813 0.49938884377479553223 0.51603734493255615234 0.62183028459548950195 0.47683757543563842773 0.28319069743156433105 0.2379731982946395874 0.31660187244415283203 0.47477737069129943848 0.55025446414947509766 0.66738325357437133789 0.66455030441284179688 0.6094735264778137207 0.56269210577011108398 0.50722241401672363281 0.46587300300598144531 0.44152718782424926758 0.43018183112144470215 0.40000844001770019531 0.39990723133087158203 0.32685551047325134277 0.35010293126106262207 0.42268794775009155273 0.45981499552726745605
-9999 -9999 -9999 -9999 -9999 -9999 -9999 -9999 -9999 -9999 -9999 -9999 -9999 0.66911619901657104492 0.55882745981216430664 0.51375436782836914063 0.47330233454704284668 0.52502876520156860352 0.58476489782333374023 0.53786134719848632813 0.46973046660423278809 0.29130390286445617676 0.26210477948188781738 0.31328555941581726074 0.30358675122261047363 0.39579141139984130859 0.62670665979385375977 0.69430375099182128906 0.66542088985443115234 0.61574423313140869141 0.59690582752227783203 0.55016851425170898438 0.46819031238555908203 0.44494664669036865234 0.42299064993858337402 0.45764377713203430176 0.4458217620849609375 0.45799595117568969727 0.43794402480125427246 0.40310376882553100586 0.46316748857498168945
-9999 -9999 -9999 -9999 -9999 -9999 -9999 -9999 -9999 -9999 -9999 -9999 -9999 0.57373541593551635742 0.59610497951507568359 0.5763835906982421875 0.60901391506195068359 0.64180427789688110352 0.60377192497253417969 0.44293060898780822754 0.35178700089454650879 0.23208914697170257568 0.27022612094879150391 0.40664893388748168945 0.38962039351463317871 0.32071697711944580078 0.46167135238647460938 0.63357806205749511719 0.64262419939041137695 0.62796711921691894531 0.6356627345085144043 0.5613498687744140625 0.50545316934585571289 0.44485718011856079102 0.42341658473014831543 0.4513098299503326416 0.52639031410217285156 0.56705957651138305664 0.46305838227272033691 0.48086628317832946777 0.47374379634857177734
-9999 -9999 -9999 -9999 -9999 -9999 -9999 -9999 -9999 -9999 -9999 -9999 -9999 -9999 0.54724234342575073242 0.56381279230117797852 0.64861667156219482422 0.66202235221862792969 0.6631724238395690918 0.61386513710021972656 0.42111989855766296387 0.29168173670768737793 0.45122733712196350098 0.44537395238876342773 0.44639757275581359863 0.37769818305969238281 0.33854719996452331543 0.50546884536743164063 0.64834773540496826172 0.64398902654647827148 0.63846158981323242188 0.58377635478973388672 0.54356598854064941406 0.48190665245056152344 0.45919331908226013184 0.47039079666137695313 0.57045465707778930664 0.56515032052993774414 0.51197546720504760742 0.53268837928771972656 0.53387701511383056641
-9999 -9999 -9999 -9999 -9999 -9999 -9999 -9999 -9999 -9999 -9999 -9999 -9999 0.62984353303909301758 0.61890161037445068359 0.65787738561630249023 0.67053198814392089844 0.62765806913375854492 0.60160136222839355469 0.57964223623275756836 0.5316867828369140625 0.4584064185619354248 0.43229696154594421387 0.49176061153411865234 0.49003261327743530273 0.49007424712181091309 0.47250273823738098145 0.56139427423477172852 0.61054193973541259766 0.63182371854782104492 0.6235866546630859375 0.58040314912796020508 0.55346906185150146484 0.52088010311126708984 0.44613817334175109863 0.49012643098831176758 0.5149338841438293457 0.54000806808471679688 0.55691927671432495117 0.57345116138458251953 0.50189834833145141602
-9999 -9999 -9999 -9999 -9999 -9999 -9999 -9999 -9999 -9999 -9999 -9999 0.62880343198776245117 0.64935892820358276367 0.66093105077743530273 0.65976852178573608398 0.64280885457992553711 0.61658316850662231445 0.59740352630615234375 0.57046920061111450195 0.56245380640029907227 0.44213068485260009766 0.37184664607048034668 0.43131282925605773926 0.35538399219512939453 0.37197616696357727051 0.48262485861778259277 0.54354345798492431641 0.47279414534568786621 0.47010955214500427246 0.53009271621704101563 0.54913628101348876953 0.54820400476455688477 0.47275558114051818848 0.37930405139923095703 0.44044145941734313965 0.54359024763107299805 0.53031533956527709961 0.53073608875274658203 0.52739983797073364258 0.51198589801788330078
-9999 -9999 -9999 -9999 -9999 -9999 -9999 -9999 -9999 -9999 -9999 0.55614566802978515625 0.56856405735015869141 0.6003386378288269043 0.58887779712677001953 0.58167684078216552734 0.62317812442779541016 0.58681738376617431641 0.58218246698379516602 0.54536491632461547852 0.54640424251556396484 0.51942986249923706055 0.47419840097427368164 0.37692293524742126465 0.38273215293884277344 0.36660516262054443359 0.39196959137916564941 0.38448053598403930664 0.39282050728797912598 0.3820667564868927002 0.41562867164611816406 0.48265418410301208496 0.45550137758255004883 0.42446929216384887695 0.33909061551094055176 0.43958082795143127441 0.4960161745548248291 0.4881343543529510498 0.57334226369857788086 0.53723347187042236328 0.52341300249099731445
-9999 -9999 -9999 -9999 -9999 -9999 -9999 -9999 -9999 -9999 0.63500308990478515625 0.61828899383544921875 0.56820696592330932617 0.57379001379013061523 0.57078963518142700195 0.57177305221557617188 0.57986950874328613281 0.56403207778930664063 0.50732785463333129883 0.5490525364875793457 0.53712916374206542969 0.54169595241546630859 0.51914298534393310547 0.4379062950611114502 0.45388993620872497559 0.42934891581535339355 0.32865327596664428711 0.2749271690845489502 0.28912559151649475098 0.27055272459983825684 0.30830532312393188477 0.35881701111793518066 0.38674792647361755371 0.35631763935089111328 0.30583840608596801758 0.44051522016525268555 0.504695892333984375 0.52137768268585205078 0.57189708948135375977 0.49461922049522399902 0.45698374509811401367
-9999 -9999 -9999 -9999 -9999 -9999 -9999 -9999 -9999 0.6700789332389831543 0.6198164820671081543 0.63508737087249755859 0.62854725122451782227 0.61075967550277709961 0.60529357194900512695 0.54323023557662963867 0.48718905448913574219 0.47225090861320495605 0.45243376493453979492 0.56995481252670288086 0.55554986000061035156 0.54191708564758300781 0.48603254556655883789 0.49898067116737365723 0.47592300176620483398 0.42129808664321899414 0.26448625326156616211 0.2400356978178024292 0.3368186652660369873 0.32099434733390808105 0.37100255489349365234 0.30413281917572021484 0.32423442602157592773 0.29869484901428222656 0.26936495304107666016 0.39067083597183227539 0.52917623519897460938 0.51640939712524414063 0.53617787361145019531 0.54978072643280029297 0.45677578449249267578
-9999 -9999 -9999 -9999 -9999 -9999 -9999 -9999 -9999 0.64991033077239990234 0.67196261882781982422 0.63776952028274536133 0.64808446168899536133 0.61490190029144287109 0.58430254459381103516 0.51440727710723876953 0.51186466217041015625 0.4748846590518951416 0.48719754815101623535 0.57549679279327392578 0.55087035894393920898 0.51158064603805541992 0.46772027015686035156 0.51314789056777954102 0.4654706120491027832 0.34257212281227111816 0.25166279077529907227 0.36878493428230285645 0.48363918066024780273 0.4847221672534942627 0.48247173428535461426 0.27220043540000915527 0.30645439028739929199 0.31709820032119750977 0.3407827913761138916 0.40621149539947509766 0.44552260637283325195 0.42890727519989013672 0.47657167911529541016 0.51851642131805419922 0.44977617263793945313
-9999 -9999 -9999 -9999 -9999 -9999 -9999 -9999 -9999 0.65004771947860717773 0.68604010343551635742 0.63904428482055664063 0.65047955513000488281 0.63838392496109008789 0.61102813482284545898 0.49559536576271057129 0.50763785839080810547 0.5070012211799621582 0.55109363794326782227 0.57124340534210205078 0.53733944892883300781 0.46697479486465454102 0.42294481396675109863 0.51348513364791870117 0.46265596151351928711 0.37298730015754699707 0.4524593353271484375 0.55219405889511108398 0.59257876873016357422 0.59220081567764282227 0.57727342844009399414 0.37001860141754150391 0.30755433440208435059 0.40636840462684631348 0.49919214844703674316 0.43719008564949035645 0.39858338236808776855 0.41957616806030273438 0.45027890801429748535 0.46767166256904602051 0.37305673956871032715
-9999 -9999 -9999 -9999 -9999 -9999 -9999 -9999 -9999 0.67782682180404663086 0.68642765283584594727 0.65322792530059814453 0.65797698497772216797 0.62423723936080932617 0.56618887186050415039 0.49430158734321594238 0.5146096348762512207 0.48581147193908691406 0.44477593898773193359 0.41043439507484436035 0.468173980712890625 0.41600468754768371582 0.42810177803039550781 0.52411669492721557617 0.43725258111953735352 0.45720756053924560547 0.52023905515670776367 0.55401790142059326172 0.56336557865142822266 0.5470536351203918457 0.51277834177017211914 0.34941321611404418945 0.22775453329086303711 0.38988885283470153809 0.46094715595245361328 0.44714835286140441895 0.39928123354911804199 0.46765899658203125 0.35953351855278015137 0.38373383879661560059 0.3586743474006652832
-9999 -9999 -9999 -9999 -9999 -9999 -9999 -9999 -9999 0.68694472312927246094 0.64925390481948852539 0.64668011665344238281 0.61976420879364013672 0.59598326683044433594 0.55692350864410400391 0.44167700409889221191 0.47149932384490966797 0.45311909914016723633 0.46828901767730712891 0.45370006561279296875 0.48335036635398864746 0.44100984930992126465 0.47500240802764892578 0.53271955251693725586 0.4978675544261932373 0.4958114326000213623 0.4914430081844329834 0.53205496072769165039 0.51056623458862304688 0.47209477424621582031 0.40412729978561401367 0.30612516403198242188 0.2558810114860534668 0.4226716160774230957 0.45846235752105712891 0.4864158928394317627 0.49511280655860900879 0.45522546768188476563 0.29271611571311950684 0.36047992110252380371 0.39205801486968994141
-9999 -9999 -9999 -9999 -9999 -9999 -9999 -9999 -9999 0.62590861320495605469 0.63210183382034301758 0.63135117292404174805 0.54189646244049072266 0.54968678951263427734 0.5678393244743347168 0.52896869182586669922 0.58465409278869628906 0.5392653346061706543 0.47665435075759887695 0.46947437524795532227 0.43735504150390625 0.43782722949981689453 0.46591517329216003418 0.53148007392883300781 0.58355551958084106445 0.5894705653190612793 0.50224572420120239258 0.49363526701927185059 0.53422987461090087891 0.51180320978164672852 0.53575980663299560547 0.49492916464805603027 0.39960438013076782227 0.48104014992713928223 0.47665968537330627441 0.49746790528297424316 0.51015377044677734375 0.4864686429500579834 0.3073311150074005127 0.38833844661712646484 0.43763762712478637695
-9999 -9999 -9999 -9999 -9999 -9999 -9999 -9999 -9999 0.57914263010025024414 0.63340741395950317383 0.62386792898178100586 0.55036777257919311523 0.53342187404632568359 0.53678333759307861328 0.55770969390869140625 0.62688213586807250977 0.59159880876541137695 0.46140298247337341309 0.39221370220184326172 0.42038580775260925293 0.43346422910690307617 0.35326185822486877441 0.42159321904182434082 0.56781637668609619141 0.58638340234756469727 0.53632092475891113281 0.51446574926376342773 0.57212984561920166016 0.54063743352890014648 0.50688385963439941406 0.50504499673843383789 0.52962297201156616211 0.50613987445831298828 0.51126533746719360352 0.56354433298110961914 0.51751446723937988281 0.4515495002269744873 0.31889903545379638672 0.41570007801055908203 0.40240615606307983398
-9999 -9999 -9999 -9999 -9999 -9999 -9999 -9999 -9999 0.60859286785125732422 0.66442143917083740234 0.63953483104705810547 0.58269137144088745117 0.53298717737197875977 0.49738743901252746582 0.55913186073303222656 0.6007239222526550293 0.56315881013870239258 0.4546610713005065918 0.43053328990936279297 0.46657001972198486328 0.40668013691902160645 0.36746388673782348633 0.36293363571166992188 0.48052671551704406738 0.52099740505218505859 0.51650023460388183594 0.53061467409133911133 0.59777879714965820313 0.57321912050247192383 0.52420604228973388672 0.52938854694366455078 0.5205186009407043457 0.50376111268997192383 0.50481331348419189453 0.49910914897918701172 0.49071639776229858398 0.40916967391967773438 0.34239155054092407227 0.35007941722869873047 0.30461743474006652832
-9999 -9999 -9999 -9999 -9999 -9999 -9999 -9999 -9999 0.60811972618103027344 0.63718235492706298828 0.61658322811126708984 0.54675441980361938477 0.50663495063781738281 0.50305014848709106445 0.5460078120231628418 0.58254504203796386719 0.50771796703338623047 0.38908436894416809082 0.43466356396675109863 0.503147125244140625 0.44309011101722717285 0.30801802873611450195 0.24153205752372741699 0.27826541662216186523 0.2931168973445892334 0.48434776067733764648 0.51809459924697875977 0.51208859682083129883 0.56795573234558105469 0.55891633033752441406 0.55720090866088867188 0.50692141056060791016 0.46245282888412475586 0.48513066768646240234 0.47825270891189575195 0.39509955048561096191 0.30578902363777160645 0.29977467656135559082 0.33554950356483459473 0.37705513834953308105
-9999 -9999 -9999 -9999 -9999 -9999 -9999 -9999 -9999 0.64881569147109985352 0.64227658510208129883 0.59153616428375244141 0.51382166147232055664 0.50766205787658691406 0.52506858110427856445 0.54880660772323608398 0.54521214962005615234 0.4474430084228515625 0.44543790817260742188 0.48766097426414489746 0.53143262863159179688 0.50145447254180908203 0.39371344447135925293 0.20678193867206573486 0.18641486763954162598 0.23293386399745941162 0.44370576739311218262 0.46603247523307800293 0.45308667421340942383 0.55458945035934448242 0.54883909225463867188 0.5501988530158996582 0.53538221120834350586 0.49923861026763916016 0.50281435251235961914 0.47623488306999206543 0.43959829211235046387 0.36714312434196472168 0.34106516838073730469 0.38247990608215332031 0.33887144923210144043
