INPUT/RASTER/ASCII/ndvi.asc
ncols        225
nrows        269
xllcorner    473000.000000000000
yllcorner    4429100.000000000000
cellsize     50.000000000000
NODATA_value -9999
[rows 152 to 170 of 269, columns 0 to 42 of 225]
-9999 -9999 -9999 -9999 -9999 -9999 0.61978864669799804688 0.53230106830596923828 0.58726727962493896484 0.45079937577247619629 0.36250078678131103516 0.33070784807205200195 0.33988928794860839844 0.37671196460723876953 0.29952588677406311035 0.21850220859050750732 0.23951210081577301025 0.27125731110572814941 0.40798270702362060547 0.38427317142486572266 0.35695421695709228516 0.35832959413528442383 0.36328113079071044922 0.22909562289714813232 0.33908224105834960938 0.37874180078506469727 0.30956688523292541504 0.32458439469337463379 0.34545823931694030762 0.40033769607543945312 0.36948987841606140137 0.3190650641918182373 0.34000110626220703125 0.46602681279182434082 0.42007091641426086426 0.42207324504852294922 0.45781037211418151855 0.32148829102516174316 0.42191261053085327148 0.40114253759384155273 0.36543217301368713379 0.3802534639835357666 0.38274794816970825195
-9999 -9999 -9999 -9999 -9999 -9999 0.49233013391494750977 0.39317253232002258301 0.51834410429000854492 0.47239968180656433105 0.37300607562065124512 0.31375780701637268066 0.38345178961753845215 0.3827241361141204834 0.37835612893104553223 0.27798154950141906738 0.279346466064453125 0.30125164985656738281 0.33335334062576293945 0.30767652392387390137 0.24387751519680023193 0.41584581136703491211 0.36999467015266418457 0.36169806122779846191 0.32336583733558654785 0.33619233965873718262 0.25930732488632202148 0.26113757491111755371 0.39938345551490783691 0.41881719231605529785 0.36969038844108581543 0.35412654280662536621 0.31195175647735595703 0.47458368539810180664 0.53233659267425537109 0.5258401036262512207 0.40629240870475769043 0.40678286552429199219 0.47638565301895141602 0.39534309506416320801 0.3090877830982208252 0.31535869836807250977 0.29998564720153808594
-9999 -9999 -9999 -9999 -9999 -9999 -9999 0.41940999031066894531 0.44058281183242797852 0.55494368076324462891 0.41527807712554931641 0.41830179095268249512 0.28674012422561645508 0.37460768222808837891 0.35371276736259460449 0.38814979791641235352 0.37189769744873046875 0.38436615467071533203 0.35134652256965637207 0.27250787615776062012 0.30535030364990234375 0.3860206902027130127 0.42993998527526855469 0.30894461274147033691 0.25701349973678588867 0.31959548592567443848 0.38955357670783996582 0.41897043585777282715 0.41926634311676025391 0.36804902553558349609 0.29947754740715026855 0.30609247088432312012 0.42542105913162231445 0.47959303855895996094 0.5387248992919921875 0.54493850469589233398 0.49941706657409667969 0.44263324141502380371 0.4256413877010345459 0.34931266307830810547 0.33056339621543884277 0.33898395299911499023 0.33958023786544799805
-9999 -9999 -9999 -9999 -9999 -9999 -9999 0.48860535025596618652 0.43117940425872802734 0.55239075422286987305 0.51912295818328857422 0.37836953997611999512 0.37196698784828186035 0.44702076911926269531 0.30218979716300964355 0.39579439163208007812 0.38968360424041748047 0.37714228034019470215 0.36998027563095092773 0.19625180959701538086 0.30797079205513000488 0.36967045068740844727 0.30760854482650756836 0.39960724115371704102 0.3245665431022644043 0.38272106647491455078 0.34011161327362060547 0.30742523074150085449 0.37276709079742431641 0.39900100231170654297 0.26741883158683776855 0.29247233271598815918 0.50666040182113647461 0.49404922127723693848 0.56347179412841796875 0.47747957706451416016 0.49402984976768493652 0.43533954024314880371 0.37785711884498596191 0.28309491276741027832 0.30510571599006652832 0.35737508535385131836 0.34000998735427856445
-9999 -9999 -9999 -9999 -9999 -9999 -9999 -9999 0.56263893842697143555 0.65586197376251220703 0.51853734254837036133 0.41327980160713195801 0.36310803890228271484 0.35173726081848144531 0.28840693831443786621 0.25439652800559997559 0.30823242664337158203 0.32506293058395385742 0.34418928623199462891 0.2750262916088104248 0.33358603715896606445 0.33347302675247192383 0.29231253266334533691 0.31241461634635925293 0.26255998015403747559 0.28517806529998779297 0.31865277886390686035 0.27436783909797668457 0.32189592719078063965 0.3290188908576965332 0.30620467662811279297 0.41599881649017333984 0.45787775516510009766 0.52984625101089477539 0.53991365432739257812 0.48007470369338989258 0.40947777032852172852 0.37054327130317687988 0.25244086980819702148 0.25945904850959777832 0.30738627910614013672 0.34472906589508056641 0.30768704414367675781
-9999 -9999 -9999 -9999 -9999 -9999 -9999 -9999 0.50638830661773681641 0.63647383451461791992 0.47435724735260009766 0.44857782125473022461 0.32625785470008850098 0.29279568791389465332 0.24555028975009918213 0.23746564984321594238 0.26765555143356323242 0.20178286731243133545 0.28585475683212280273 0.2868233025074005127 0.34880328178405761719 0.36374768614768981934 0.29073992371559143066 0.3185290992259979248 0.2946516573429107666 0.36083737015724182129 0.43534702062606811523 0.31867137551307678223 0.34385231137275695801 0.37722235918045043945 0.43740200996398925781 0.55001091957092285156 0.49130332469940185547 0.52775287628173828125 0.49127107858657836914 0.33772626519203186035 0.26844191551208496094 0.26479166746139526367 0.24626636505126953125 0.25008615851402282715 0.26843574643135070801 0.27323102951049804688 0.41047737002372741699
-9999 -9999 -9999 -9999 -9999 -9999 -9999 -9999 0.58908545970916748047 0.62854218482971191406 0.37742462754249572754 0.37204733490943908691 0.35529741644859313965 0.19351907074451446533 0.29432797431945800781 0.41078156232833862305 0.30206444859504699707 0.15248070657253265381 0.19801865518093109131 0.33184200525283813477 0.48872774839401245117 0.40260422229766845703 0.29926720261573791504 0.25046131014823913574 0.27996966242790222168 0.42583540081977844238 0.43739590048789978027 0.32062608003616333008 0.33150389790534973145 0.33413398265838623047 0.37599959969520568848 0.50545305013656616211 0.42792370915412902832 0.4232794642448425293 0.36272922158241271973 0.31052732467651367188 0.24280300736427307129 0.22320145368576049805 0.26276719570159912109 0.22583997249603271484 0.25907912850379943848 0.30809366703033447266 0.37402656674385070801
-9999 -9999 -9999 -9999 -9999 -9999 -9999 -9999 -9999 0.56542730331420898438 0.29700833559036254883 0.28531756997108459473 0.25658148527145385742 0.30513796210289001465 0.40946808457374572754 0.4116744697093963623 0.23285317420959472656 0.13939712941646575928 0.22189320623874664307 0.35627573728561401367 0.35523042082786560059 0.35349577665328979492 0.31192681193351745605 0.21495866775512695312 0.21326461434364318848 0.45777210593223571777 0.39105549454689025879 0.31668198108673095703 0.28451454639434814453 0.39527136087417602539 0.45630756020545959473 0.49579384922981262207 0.33577552437782287598 0.35385063290596008301 0.33084246516227722168 0.30432480573654174805 0.22639702260494232178 0.25140130519866943359 0.31523805856704711914 0.38489013910293579102 0.42675709724426269531 0.2578945457935333252 0.30583816766738891602
-9999 -9999 -9999 -9999 -9999 -9999 -9999 -9999 -9999 0.6123721003532409668 0.50280213356018066406 0.25451856851577758789 0.31816616654396057129 0.32092487812042236328 0.43300971388816833496 0.25970834493637084961 0.25027796626091003418 0.22736595571041107178 0.18248535692691802979 0.28845703601837158203 0.30213949084281921387 0.33995422720909118652 0.25589206814765930176 0.22904935479164123535 0.21113611757755279541 0.34360939264297485352 0.28929379582405090332 0.3699995875358581543 0.33280780911445617676 0.38563877344131469727 0.43012914061546325684 0.51272547245025634766 0.46565511822700500488 0.46391987800598144531 0.35095462203025817871 0.37721863389015197754 0.31991407275199890137 0.37486708164215087891 0.39642104506492614746 0.45785033702850341797 0.37550044059753417969 0.33458998799324035645 0.27817842364311218262
-9999 -9999 -9999 -9999 -9999 -9999 -9999 -9999 -9999 0.55830401182174682617 0.53757268190383911133 0.43122154474258422852 0.35640645027160644531 0.27760651707649230957 0.39968603849411010742 0.26103112101554870605 0.30401852726936340332 0.22068937122821807861 0.1945867389440536499 0.29500594735145568848 0.31323358416557312012 0.34806156158447265625 0.27756315469741821289 0.21699272096157073975 0.28075104951858520508 0.29021289944648742676 0.33741655945777893066 0.34861585497856140137 0.40645134449005126953 0.43458896875381469727 0.49144205451011657715 0.47680124640464782715 0.45440533757209777832 0.47800409793853759766 0.54531496763229370117 0.55596482753753662109 0.37204101681709289551 0.41261783242225646973 0.34539979696273803711 0.39736616611480712891 0.28256905078887939453 0.29435253143310546875 0.3988494873046875
-9999 -9999 -9999 -9999 -9999 -9999 -9999 -9999 0.61633217334747314453 0.61511665582656860352 0.59563648700714111328 0.46299752593040466309 0.38165256381034851074 0.35400533676147460938 0.31143864989280700684 0.35515204071998596191 0.3258342742919921875 0.3581505119800567627 0.2801552116870880127 0.30090004205703735352 0.3748862147331237793 0.31043404340744018555 0.32611474394798278809 0.28999149799346923828 0.3575255274772644043 0.29793125391006469727 0.26746976375579833984 0.37161460518836975098 0.46077069640159606934 0.51879560947418212891 0.59937381744384765625 0.52508711814880371094 0.44950520992279052734 0.43643149733543395996 0.53569948673248291016 0.49325224757194519043 0.43849140405654907227 0.41748988628387451172 0.40148654580116271973 0.28415989875793457031 0.19649389386177062988 0.35150128602981567383 0.43514940142631530762
-9999 -9999 -9999 -9999 -9999 -9999 -9999 0.62629038095474243164 0.57914739847183227539 0.61382985115051269531 0.57622599601745605469 0.46649038791656494141 0.37137851119041442871 0.33793270587921142578 0.19227372109889984131 0.37662997841835021973 0.33356726169586181641 0.39970326423645019531 0.26470521092414855957 0.29278653860092163086 0.37305009365081787109 0.32437944412231445312 0.34716022014617919922 0.32512336969375610352 0.39731770753860473633 0.24546226859092712402 0.30306720733642578125 0.43337118625640869141 0.50595605373382568359 0.57480615377426147461 0.54555875062942504883 0.55059152841567993164 0.47848945856094360352 0.41725841164588928223 0.40539315342903137207 0.31926003098487854004 0.40099355578422546387 0.40866929292678833008 0.4145419001579284668 0.33163538575172424316 0.19664344191551208496 0.41547098755836486816 0.27983117103576660156
-9999 -9999 -9999 -9999 -9999 -9999 -9999 0.68017381429672241211 0.66433584690093994141 0.62703520059585571289 0.56885617971420288086 0.4180901646614074707 0.30204984545707702637 0.41244709491729736328 0.30431893467903137207 0.40324944257736206055 0.40858909487724304199 0.32868090271949768066 0.25151285529136657715 0.26202377676963806152 0.29522651433944702148 0.26989912986755371094 0.28559759259223937988 0.40686881542205810547 0.37315097451210021973 0.40609684586524963379 0.37594473361968994141 0.50764697790145874023 0.52014112472534179688 0.54465973377227783203 0.44900754094123840332 0.40852233767509460449 0.48590412735939025879 0.44573965668678283691 0.45456495881080627441 0.42314571142196655273 0.42123207449913024902 0.29295930266380310059 0.41856145858764648438 0.32518967986106872559 0.18714560568332672119 0.48053634166717529297 0.44584667682647705078
-9999 -9999 -9999 -9999 -9999 -9999 0.56956535577774047852 0.60236406326293945312 0.57553583383560180664 0.4674777984619140625 0.4157949984073638916 0.33165124058723449707 0.35302221775054931641 0.41723176836967468262 0.514728546142578125 0.46298444271087646484 0.41756683588027954102 0.28799083828926086426 0.31943875551223754883 0.2423130720853805542 0.26658108830451965332 0.42304342985153198242 0.22159168124198913574 0.38697254657745361328 0.30189421772956848145 0.40229168534278869629 0.43514516949653625488 0.54080498218536376953 0.57843887805938720703 0.56374430656433105469 0.54467695951461791992 0.41812077164649963379 0.48025560379028320312 0.45609295368194580078 0.39881828427314758301 0.46240282058715820312 0.50025725364685058594 0.36883598566055297852 0.33162015676498413086 0.24208827316761016846 0.22685314714908599854 0.36415126919746398926 0.4965044558048248291
-9999 -9999 -9999 -9999 -9999 0.60748618841171264648 0.53807622194290161133 0.52785539627075195312 0.43863308429718017578 0.29397699236869812012 0.3719577491283416748 0.31963321566581726074 0.35832047462463378906 0.47038024663925170898 0.43681415915489196777 0.47127795219421386719 0.39705651998519897461 0.39305141568183898926 0.37301346659660339355 0.23825341463088989258 0.44610920548439025879 0.4927679896354675293 0.27685463428497314453 0.2968553006649017334 0.34990996122360229492 0.40862244367599487305 0.42082560062408447266 0.53546375036239624023 0.49332675337791442871 0.57907027006149291992 0.4997393190860748291 0.4548511505126953125 0.42678874731063842773 0.45581281185150146484 0.44193685054779052734 0.37663263082504272461 0.46858647465705871582 0.42844140529632568359 0.20121602714061737061 0.21425589919090270996 0.30231407284736633301 0.39676928520202636719 0.3858089148998260498
-9999 -9999 -9999 -9999 -9999 0.61422890424728393555 0.49194023013114929199 0.48459967970848083496 0.41268447041511535645 0.29445633292198181152 0.36837536096572875977 0.31392398476600646973 0.42324849963188171387 0.56918340921401977539 0.45258995890617370605 0.43695607781410217285 0.4595610201358795166 0.33805996179580688477 0.32643565535545349121 0.3694699704647064209 0.40082478523254394531 0.58855718374252319336 0.44785106182098388672 0.47486311197280883789 0.51211839914321899414 0.44317036867141723633 0.3968518376350402832 0.45581045746803283691 0.491607666015625 0.54636174440383911133 0.4554938971996307373 0.44851601123809814453 0.43105670809745788574 0.40339672565460205078 0.46701788902282714844 0.42116272449493408203 0.48641675710678100586 0.44344449043273925781 0.32891237735748291016 0.22455953061580657959 0.3065598607063293457 0.4846858978271484375 0.41989794373512268066
-9999 -9999 -9999 -9999 -9999 0.62313425540924072266 0.60446554422378540039 0.56749349832534790039 0.4429346919059753418 0.46931108832359313965 0.27747869491577148438 0.35992553830146789551 0.50561243295669555664 0.54815566539764404297 0.43961811065673828125 0.33966925740242004395 0.39725700020790100098 0.35860091447830200195 0.37367275357246398926 0.37805593013763427734 0.4974422454833984375 0.51151823997497558594 0.41036748886108398438 0.41736054420471191406 0.51384538412094116211 0.53570508956909179688 0.5170803070068359375 0.52472996711730957031 0.55861431360244750977 0.56044995784759521484 0.46256139874458312988 0.48986476659774780273 0.38056516647338867188 0.34000802040100097656 0.28336584568023681641 0.32774123549461364746 0.4685039818286895752 0.5087178349494934082 0.45510643720626831055 0.33161395788192749023 0.47970449924468994141 0.42334195971488952637 0.33221578598022460938
-9999 -9999 -9999 -9999 -9999 0.65245872735977172852 0.60859096050262451172 0.62591320276260375977 0.60427010059356689453 0.6158421635627746582 0.48766401410102844238 0.45473203063011169434 0.58689701557159423828 0.55015313625335693359 0.44007885456085205078 0.42365419864654541016 0.34800311923027038574 0.34668710827827453613 0.35288166999816894531 0.55071294307708740234 0.5677115321159362793 0.57189762592315673828 0.60645502805709838867 0.56309723854064941406 0.57256317138671875 0.58944553136825561523 0.55638325214385986328 0.64263558387756347656 0.58637398481369018555 0.52555012702941894531 0.36989048123359680176 0.40372255444526672363 0.30956318974494934082 0.40089467167854309082 0.37755945324897766113 0.48616647720336914062 0.4831339418888092041 0.48765671253204345703 0.35453677177429199219 0.39328989386558532715 0.49839150905609130859 0.38950201869010925293 0.33769217133522033691
-9999 -9999 -9999 -9999 0.63607674837112426758 0.62930381298065185547 0.62711572647094726562 0.59435045719146728516 0.60666251182556152344 0.56515103578567504883 0.58121186494827270508 0.61348092555999755859 0.5439898371696472168 0.54928469657897949219 0.52182376384735107422 0.5487868189811706543 0.48309189081192016602 0.46290063858032226562 0.49369478225708007812 0.54674398899078369141 0.56989026069641113281 0.51113563776016235352 0.59641987085342407227 0.59118795394897460938 0.60315763950347900391 0.58798992633819580078 0.6468645930290222168 0.60960173606872558594 0.60067027807235717773 0.57220590114593505859 0.37228542566299438477 0.41080451011657714844 0.28406986594200134277 0.47051805257797241211 0.48087152838706970215 0.46722912788391113281 0.48906350135803222656 0.38301676511764526367 0.2792631983757019043 0.32498329877853393555 0.43807077407836914062 0.37355628609657287598 0.2769203484058380127
