INPUT/RASTER/ASCII/ndvi.asc
ncols        225
nrows        269
xllcorner    473009.983799999987
yllcorner    4429051.174800000153
cellsize     50.000000000000
NODATA_value  -9999
[rows 95 to 113 of 269, columns 168 to 209 of 225]
0.30157652497291564941 0.3155498206615447998 0.45049825310707092285 0.51197886466979980469 0.46094527840614318848 0.56566703319549560547 -9999 -9999 -9999 -9999 -9999 -9999 -9999 -9999 0.41514232754707336426 0.39159086346626281738 0.37342551350593566895 0.44765764474868774414 0.45860624313354492188 0.45968768000602722168 0.43360000848770141602 0.42347884178161621094 0.36001801490783691406 0.27431291341781616211 0.25103020668029785156 0.28264266252517700195 0.25205951929092407227 0.19007487595081329346 0.22948443889617919922 0.24989403784275054932 0.44912156462669372559 0.55591350793838500977 -9999 -9999 -9999 -9999 -9999 -9999 -9999 -9999 -9999 -9999
0.28728726506233215332 0.36171871423721313477 0.45962995290756225586 0.47472351789474487305 0.4225063621997833252 0.50664252042770385742 -9999 -9999 -9999 -9999 -9999 -9999 -9999 -9999 -9999 -9999 -9999 0.54460179805755615234 0.49586927890777587891 0.51094007492065429688 0.46745732426643371582 0.36722201108932495117 0.27948668599128723145 0.22118772566318511963 0.2635892331600189209 0.31087824702262878418 0.31370535492897033691 0.23540352284908294678 0.23600170016288757324 0.25389936566352844238 0.45035672187805175781 0.61336612701416015625 0.64960360527038574219 -9999 -9999 -9999 -9999 -9999 -9999 -9999 -9999 -9999
0.2759113013744354248 0.34366279840469360352 0.48356509208679199219 0.48803633451461791992 0.51253569126129150391 -9999 -9999 -9999 -9999 -9999 -9999 -9999 -9999 -9999 -9999 -9999 -9999 -9999 0.49282497167587280273 0.50078260898590087891 0.48072919249534606934 0.3599097132682800293 0.355770111083984375 0.26910004019737243652 0.27988776564598083496 0.28998202085494995117 0.30517724156379699707 0.24915876984596252441 0.23312462866306304932 0.28554573655128479004 0.35608175396919250488 0.5206394195556640625 0.50916707515716552734 -9999 -9999 -9999 -9999 -9999 -9999 -9999 -9999 -9999
0.31712478399276733398 0.328609466552734375 0.46974986791610717773 0.4780718684196472168 -9999 -9999 -9999 -9999 -9999 -9999 -9999 -9999 -9999 -9999 -9999 -9999 -9999 -9999 -9999 0.50614553689956665039 0.46197217702865600586 0.41569143533706665039 0.44263744354248046875 0.42277574539184570313 0.37404263019561767578 0.3121910393238067627 0.3515351712703704834 0.3004607856273651123 0.25059500336647033691 0.22994589805603027344 0.2929534912109375 0.45833173394203186035 0.44442489743232727051 -9999 -9999 -9999 -9999 -9999 -9999 -9999 -9999 -9999
0.39420756697654724121 0.40040457248687744141 0.40897071361541748047 -9999 -9999 -9999 -9999 -9999 -9999 -9999 -9999 -9999 -9999 -9999 -9999 -9999 -9999 -9999 0.45431560277938842773 0.51093006134033203125 0.46133619546890258789 0.44999623298645019531 0.48847556114196777344 0.49818730354309082031 0.45503035187721252441 0.38035023212432861328 0.32096728682518005371 0.2847887873649597168 0.31726762652397155762 0.31787356734275817871 0.38203606009483337402 0.48203489184379577637 0.46963599324226379395 -9999 -9999 -9999 -9999 -9999 -9999 -9999 -9999 -9999
0.46616482734680175781 0.46148636937141418457 0.44562613964080810547 -9999 -9999 -9999 -9999 -9999 -9999 -9999 -9999 -9999 -9999 -9999 -9999 -9999 0.59564721584320068359 0.59413152933120727539 0.48947182297706604004 0.47627469897270202637 0.4927756190299987793 0.43882781267166137695 0.51244258880615234375 0.50286495685577392578 0.50835579633712768555 0.44839549064636230469 0.27821248769760131836 0.19664019346237182617 0.23848931491374969482 0.40033435821533203125 0.5243085026741027832 0.47505211830139160156 0.3915347754955291748 -9999 -9999 -9999 -9999 -9999 -9999 -9999 -9999 -9999
0.5004901885986328125 0.48119890689849853516 0.5241069793701171875 -9999 -9999 -9999 -9999 -9999 -9999 -9999 -9999 -9999 -9999 -9999 -9999 0.40931907296180725098 0.47081935405731201172 0.53823322057723999023 0.49270454049110412598 0.53315728902816772461 0.54583579301834106445 0.53247201442718505859 0.55611884593963623047 0.5370966792106628418 0.48656690120697021484 0.38826990127563476563 0.23441137373447418213 0.20207162201404571533 0.21113400161266326904 0.3682823479175567627 0.52235496044158935547 0.56926816701889038086 0.48924797773361206055 -9999 -9999 -9999 -9999 -9999 -9999 -9999 -9999 -9999
0.52303987741470336914 0.43735688924789428711 0.42944794893264770508 0.63428968191146850586 -9999 -9999 -9999 -9999 -9999 -9999 -9999 -9999 -9999 -9999 0.35968646407127380371 0.44945186376571655273 0.48487627506256103516 0.53488701581954956055 0.44322296977043151855 0.53675824403762817383 0.54855620861053466797 0.56065088510513305664 0.52030074596405029297 0.55338138341903686523 0.43739110231399536133 0.28396049141883850098 0.2276207655668258667 0.23706556856632232666 0.30450597405433654785 0.34347203373908996582 0.41613227128982543945 0.5361735224723815918 0.55237746238708496094 -9999 -9999 -9999 -9999 -9999 -9999 -9999 -9999 -9999
0.48415732383728027344 0.37648293375968933105 0.5513121485710144043 0.52320528030395507813 0.49991136789321899414 0.64119958877563476563 -9999 -9999 -9999 -9999 -9999 -9999 0.32145708799362182617 0.21603818237781524658 0.25998193025588989258 0.46304461359977722168 0.58413565158843994141 0.5999132990837097168 0.54664129018783569336 0.49091947078704833984 0.48483183979988098145 0.50960737466812133789 0.47143521904945373535 0.4472452998161315918 0.39167118072509765625 0.37314504384994506836 0.35625854134559631348 0.40328943729400634766 0.36205410957336425781 0.42144310474395751953 0.50378745794296264648 0.46053555607795715332 0.27603259682655334473 -9999 -9999 -9999 -9999 -9999 -9999 -9999 -9999 -9999
0.33254462480545043945 0.40079122781753540039 0.37383672595024108887 0.43749099969863891602 0.50229591131210327148 0.53186428546905517578 0.53116285800933837891 0.48811560869216918945 0.38268825411796569824 0.28729867935180664063 0.33040466904640197754 0.42412859201431274414 0.35186582803726196289 0.24015353620052337646 0.25971135497093200684 0.4876168668270111084 0.56515932083129882813 0.56971603631973266602 0.5389836430549621582 0.44724577665328979492 0.40174275636672973633 0.46489021182060241699 0.40605714917182922363 0.41143828630447387695 0.43122452497482299805 0.43920552730560302734 0.48259589076042175293 0.50314420461654663086 0.3988641202449798584 0.41628569364547729492 0.52871245145797729492 0.5041624903678894043 0.37733796238899230957 -9999 -9999 -9999 -9999 -9999 -9999 -9999 -9999 -9999
0.34019955992698669434 0.42159229516983032227 0.34782546758651733398 0.45408254861831665039 0.52082037925720214844 0.4908593595027923584 0.43896794319152832031 0.47885611653327941895 0.46312770247459411621 0.32523301243782043457 0.3535035550594329834 0.462070465087890625 0.41502448916435241699 0.36273244023323059082 0.30226781964302062988 0.41958400607109069824 0.45241719484329223633 0.47718486189842224121 0.49473717808723449707 0.39290225505828857422 0.44135379791259765625 0.47152850031852722168 0.44308817386627197266 0.38223701715469360352 0.37990239262580871582 0.38151845335960388184 0.4807243049144744873 0.51319086551666259766 0.48826530575752258301 0.50641143321990966797 0.57904440164566040039 0.58566462993621826172 0.44833338260650634766 -9999 -9999 -9999 -9999 -9999 -9999 -9999 -9999 -9999
0.40923783183097839355 0.42830815911293029785 0.42921346426010131836 0.46937021613121032715 0.44109803438186645508 0.37762358784675598145 0.43424910306930541992 0.37562108039855957031 0.46201911568641662598 0.4296328127384185791 0.4498761296272277832 0.50503408908843994141 0.50346302986145019531 0.46074515581130981445 0.43061614036560058594 0.46021944284439086914 0.33525881171226501465 0.4559752047061920166 0.47660547494888305664 0.38768255710601806641 0.40779983997344970703 0.47127002477645874023 0.4711932837963104248 0.4682375788688659668 0.32521399855613708496 0.24509480595588684082 0.32441726326942443848 0.46194002032279968262 0.56712859869003295898 0.55313247442245483398 0.57223433256149291992 0.67993474006652832031 -9999 -9999 -9999 -9999 -9999 -9999 -9999 -9999 -9999 -9999
0.38652724027633666992 0.4646606147289276123 0.51809132099151611328 0.56730175018310546875 0.49637678265571594238 0.40436223149299621582 0.49398824572563171387 0.4649499356746673584 0.45229938626289367676 0.45299127697944641113 0.5226319432258605957 0.51167786121368408203 0.57307422161102294922 0.55259001255035400391 0.46617478132247924805 0.44424289464950561523 0.29901030659675598145 0.43922683596611022949 0.48147624731063842773 0.42429047822952270508 0.4491653144359588623 0.47997203469276428223 0.5035546422004699707 0.35884699225425720215 0.23408143222332000732 0.29921981692314147949 0.30079084634780883789 0.40143185853958129883 0.46720737218856811523 0.53452587127685546875 0.59705495834350585938 0.58502149581909179688 -9999 -9999 -9999 -9999 -9999 -9999 -9999 -9999 -9999 -9999
0.54742681980133056641 0.55340331792831420898 0.53908246755599975586 0.56874811649322509766 0.50056642293930053711 0.40279749035835266113 0.42768278717994689941 0.4759394228458404541 0.49708774685859680176 0.53561496734619140625 0.52748125791549682617 0.36018675565719604492 0.39154779911041259766 0.45024204254150390625 0.43875026702880859375 0.50850051641464233398 0.39563462138175964355 0.43680560588836669922 0.46427166461944580078 0.41405901312828063965 0.35751697421073913574 0.37705823779106140137 0.35524055361747741699 0.23410233855247497559 0.25958782434463500977 0.26220431923866271973 0.26495736837387084961 0.28986883163452148438 0.36472415924072265625 0.51633459329605102539 0.57427960634231567383 0.58545285463333129883 -9999 -9999 -9999 -9999 -9999 -9999 -9999 -9999 -9999 -9999
0.5949446558952331543 0.62359523773193359375 0.59030240774154663086 0.55215424299240112305 0.54539960622787475586 0.39654678106307983398 0.36844944953918457031 0.50546193122863769531 0.53938132524490356445 0.51733696460723876953 0.50040745735168457031 0.39142501354217529297 0.3526172339916229248 0.41552704572677612305 0.45014536380767822266 0.55070984363555908203 0.40788707137107849121 0.47658830881118774414 0.52961844205856323242 0.41945347189903259277 0.25422307848930358887 0.20203953981399536133 0.19013038277626037598 0.20561490952968597412 0.25926038622856140137 0.27749767899513244629 0.26723366975784301758 0.27935722470283508301 0.34133535623550415039 0.57366043329238891602 0.61300981044769287109 0.57709676027297973633 -9999 -9999 -9999 -9999 -9999 -9999 -9999 -9999 -9999 -9999
0.61763274669647216797 0.63753467798233032227 0.58462631702423095703 0.53649103641510009766 0.53585714101791381836 0.44465440511703491211 0.38010504841804504395 0.47398385405540466309 0.46160453557968139648 0.47755667567253112793 0.47654926776885986328 0.39919492602348327637 0.43517586588859558105 0.46182128787040710449 0.42787265777587890625 0.41162610054016113281 0.34415963292121887207 0.4904658198356628418 0.58046036958694458008 0.53010731935501098633 0.34612777829170227051 0.20284824073314666748 0.27452430129051208496 0.2838541567325592041 0.23228667676448822021 0.2704671323299407959 0.25439879298210144043 0.33628988265991210938 0.47228324413299560547 0.53751909732818603516 0.5301221013069152832 -9999 -9999 -9999 -9999 -9999 -9999 -9999 -9999 -9999 -9999 -9999
0.61528152227401733398 0.64662945270538330078 0.54787755012512207031 0.48129993677139282227 0.5286960601806640625 0.44969362020492553711 0.50767385959625244141 0.55200904607772827148 0.47363412380218505859 0.46297946572303771973 0.48156011104583740234 0.48437318205833435059 0.53320914506912231445 0.49070352315902709961 0.4939187169075012207 0.45181024074554443359 0.36476418375968933105 0.44947189092636108398 0.54922497272491455078 0.48208978772163391113 0.35737070441246032715 0.2567221522331237793 0.3715706169605255127 0.33723121881484985352 0.30716821551322937012 0.42946738004684448242 0.43096107244491577148 0.47432172298431396484 0.51628661155700683594 0.51641768217086791992 0.49652802944183349609 -9999 -9999 -9999 -9999 -9999 -9999 -9999 -9999 -9999 -9999 -9999
0.61052221059799194336 0.661701202392578125 0.57800692319869995117 0.58122694492340087891 0.56164032220840454102 0.52793872356414794922 0.56828713417053222656 0.53363871574401855469 0.53517079353332519531 0.53130257129669189453 0.47956731915473937988 0.42481988668441772461 0.37038147449493408203 0.48073509335517883301 0.49452283978462219238 0.52085030078887939453 0.4801858067512512207 0.3901990354061126709 0.52717542648315429688 0.52668470144271850586 0.39306226372718811035 0.25531873106956481934 0.27609729766845703125 0.29979521036148071289 0.37764227390289306641 0.49716809391975402832 0.56974911689758300781 0.56841242313385009766 0.51415973901748657227 0.54919767379760742188 0.56024587154388427734 -9999 -9999 -9999 -9999 -9999 -9999 -9999 -9999 -9999 -9999 -9999
0.53958654403686523438 0.56373834609985351563 0.58994895219802856445 0.55527031421661376953 0.51711714267730712891 0.52760481834411621094 0.51686525344848632813 0.54118132591247558594 0.58930391073226928711 0.54296129941940307617 0.43513664603233337402 0.40175911784172058105 0.42911031842231750488 0.45658025145530700684 0.52138692140579223633 0.51950925588607788086 0.43372747302055358887 0.35169687867164611816 0.45633456110954284668 0.47851273417472839355 0.41950142383575439453 0.3436768949031829834 0.26734071969985961914 0.25124531984329223633 0.41523891687393188477 0.5961501002311706543 0.61564069986343383789 0.59478163719177246094 0.5884901881217956543 0.64202040433883666992 0.63301694393157958984 -9999 -9999 -9999 -9999 -9999 -9999 -9999 -9999 -9999 -9999 -9999
