INPUT/RASTER/ASCII/ndwi.asc
ncols        225
nrows        269
xllcorner    473000.000000000000
yllcorner    4429100.000000000000
cellsize     50.000000000000
NODATA_value -9999
[rows 209 to 227 of 269, columns 168 to 209 of 225]
-0.4449208378791809082 -0.47520315647125244141 -0.46788042783737182617 -0.37652921676635742188 -0.38263946771621704102 -0.43873324990272521973 -0.44526615738868713379 -0.48543491959571838379 -0.51185369491577148438 -0.44517666101455688477 -0.47724878787994384766 -0.51960444450378417969 -0.48159372806549072266 -0.41457447409629821777 -0.4394035637378692627 -0.46852573752403259277 -0.46550893783569335938 -0.46171611547470092773 -0.41715633869171142578 -0.36853531002998352051 -0.40053725242614746094 -0.35702735185623168945 -0.34703710675239562988 -0.36729744076728820801 -0.36299693584442138672 -0.36149948835372924805 -0.38869804143905639648 -0.41972786188125610352 -0.43033739924430847168 -0.41331487894058227539 -0.38746869564056396484 -0.39706557989120483398 -0.3909727931022644043 -0.39451068639755249023 -0.36082875728607177734 -0.32992404699325561523 -0.31512242555618286133 -0.34295436739921569824 -0.29833295941352844238 -0.35723945498466491699 -0.3720728456974029541 -0.35598695278167724609
-0.44504728913307189941 -0.48573338985443115234 -0.47300240397453308105 -0.38805586099624633789 -0.36728170514106750488 -0.41448837518692016602 -0.41249078512191772461 -0.46445268392562866211 -0.49408549070358276367 -0.50755470991134643555 -0.50755274295806884766 -0.50281190872192382812 -0.46153908967971801758 -0.41014209389686584473 -0.42505258321762084961 -0.44548240303993225098 -0.43256235122680664062 -0.39842295646667480469 -0.4145298004150390625 -0.38426169753074645996 -0.45467591285705566406 -0.38121649622917175293 -0.34070119261741638184 -0.34646108746528625488 -0.35877522826194763184 -0.35884839296340942383 -0.33090692758560180664 -0.36563688516616821289 -0.34410420060157775879 -0.38619440793991088867 -0.41828480362892150879 -0.41088244318962097168 -0.37060967087745666504 -0.3519541323184967041 -0.35730069875717163086 -0.32915025949478149414 -0.30036884546279907227 -0.29745146632194519043 -0.31722426414489746094 -0.38716527819633483887 -0.42305031418800354004 -0.34487909078598022461
-0.43205457925796508789 -0.48038473725318908691 -0.44364005327224731445 -0.40825426578521728516 -0.42455080151557922363 -0.41693961620330810547 -0.41233131289482116699 -0.43690752983093261719 -0.47676986455917358398 -0.53265792131423950195 -0.52949345111846923828 -0.523204803466796875 -0.4645386040210723877 -0.41557845473289489746 -0.48940283060073852539 -0.47391885519027709961 -0.42953538894653320312 -0.3978862464427947998 -0.41563814878463745117 -0.44092202186584472656 -0.43399095535278320312 -0.37733161449432373047 -0.3524557948112487793 -0.32894089818000793457 -0.38113749027252197266 -0.34056681394577026367 -0.3384945988655090332 -0.34863552451133728027 -0.3721657097339630127 -0.41528204083442687988 -0.44691717624664306641 -0.4373162388801574707 -0.38533887267112731934 -0.33033138513565063477 -0.33074054121971130371 -0.35095256567001342773 -0.35311213135719299316 -0.27764227986335754395 -0.35323998332023620605 -0.39878213405609130859 -0.40250432491302490234 -0.36452764272689819336
-0.46325230598449707031 -0.4540589749813079834 -0.41330862045288085938 -0.42683991789817810059 -0.42243683338165283203 -0.41555288434028625488 -0.41165551543235778809 -0.40009126067161560059 -0.42069965600967407227 -0.49214142560958862305 -0.5292644500732421875 -0.5818163752555847168 -0.53777033090591430664 -0.50211054086685180664 -0.51873892545700073242 -0.44228717684745788574 -0.41447094082832336426 -0.40424737334251403809 -0.42291799187660217285 -0.42042458057403564453 -0.40342301130294799805 -0.35655102133750915527 -0.36099740862846374512 -0.33645859360694885254 -0.40072327852249145508 -0.40054443478584289551 -0.40786775946617126465 -0.37941092252731323242 -0.43881303071975708008 -0.40448641777038574219 -0.42985239624977111816 -0.42483785748481750488 -0.4330438077449798584 -0.32960933446884155273 -0.39758461713790893555 -0.46713048219680786133 -0.40186610817909240723 -0.3083553314208984375 -0.35253262519836425781 -0.37286937236785888672 -0.3820432126522064209 -0.40845724940299987793
-0.4511935114860534668 -0.41374006867408752441 -0.41718649864196777344 -0.42125141620635986328 -0.42584791779518127441 -0.44941344857215881348 -0.40120080113410949707 -0.45100834965705871582 -0.50302243232727050781 -0.54499107599258422852 -0.50715416669845581055 -0.54935467243194580078 -0.54040980339050292969 -0.55771344900131225586 -0.50970500707626342773 -0.39595705270767211914 -0.3714777529239654541 -0.41761311888694763184 -0.40962931513786315918 -0.3952369391918182373 -0.39247298240661621094 -0.40281888842582702637 -0.3980897068977355957 -0.39887082576751708984 -0.37459909915924072266 -0.40165871381759643555 -0.43383035063743591309 -0.41184353828430175781 -0.47159615159034729004 -0.44567358493804931641 -0.44445794820785522461 -0.38927781581878662109 -0.40792298316955566406 -0.41482079029083251953 -0.43253543972969055176 -0.45006325840950012207 -0.39742371439933776855 -0.34416741132736206055 -0.30212673544883728027 -0.33869162201881408691 -0.44776403903961181641 -0.45805272459983825684
-0.44283080101013183594 -0.43134719133377075195 -0.41858574748039245605 -0.41878870129585266113 -0.42351827025413513184 -0.44096219539642333984 -0.45074638724327087402 -0.54021739959716796875 -0.5695851445198059082 -0.53316301107406616211 -0.51917189359664916992 -0.52860945463180541992 -0.55574452877044677734 -0.54070353507995605469 -0.46971875429153442383 -0.37417575716972351074 -0.3161850273609161377 -0.33233740925788879395 -0.39496329426765441895 -0.41404783725738525391 -0.39875042438507080078 -0.40743348002433776855 -0.42726922035217285156 -0.40066671371459960938 -0.34629672765731811523 -0.36238458752632141113 -0.43572276830673217773 -0.42620521783828735352 -0.49324339628219604492 -0.44253045320510864258 -0.40685471892356872559 -0.34806486964225769043 -0.38643258810043334961 -0.44653394818305969238 -0.42921882867813110352 -0.41275942325592041016 -0.40967914462089538574 -0.36601915955543518066 -0.31511747837066650391 -0.40546837449073791504 -0.44733411073684692383 -0.44988733530044555664
-0.42147523164749145508 -0.4181467890739440918 -0.41982030868530273438 -0.40782520174980163574 -0.43348011374473571777 -0.47073718905448913574 -0.53111064434051513672 -0.5749645233154296875 -0.50665169954299926758 -0.50653988122940063477 -0.48077604174613952637 -0.47704797983169555664 -0.53294605016708374023 -0.48108497262001037598 -0.33334913849830627441 -0.35260877013206481934 -0.3185545802116394043 -0.33879733085632324219 -0.37053757905960083008 -0.38322168588638305664 -0.39009118080139160156 -0.34986481070518493652 -0.33674415946006774902 -0.41601809859275817871 -0.36601644754409790039 -0.40306740999221801758 -0.47995108366012573242 -0.46720781922340393066 -0.46682858467102050781 -0.45716720819473266602 -0.42857900261878967285 -0.39114350080490112305 -0.42237269878387451172 -0.41701436042785644531 -0.4355176389217376709 -0.42212215065956115723 -0.3772417902946472168 -0.3271332085132598877 -0.35753905773162841797 -0.40841498970985412598 -0.46773767471313476562 -0.47416925430297851562
-0.43155261874198913574 -0.42866319417953491211 -0.41854509711265563965 -0.43114778399467468262 -0.48297613859176635742 -0.51910483837127685547 -0.57025372982025146484 -0.55779218673706054688 -0.51036739349365234375 -0.46144512295722961426 -0.46169814467430114746 -0.39071118831634521484 -0.34494775533676147461 -0.33082967996597290039 -0.27755978703498840332 -0.33886501193046569824 -0.35450455546379089355 -0.35809752345085144043 -0.33075737953186035156 -0.38695758581161499023 -0.33756303787231445312 -0.33207777142524719238 -0.3280410468578338623 -0.33664160966873168945 -0.38274165987968444824 -0.35672482848167419434 -0.47440418601036071777 -0.43406367301940917969 -0.42052468657493591309 -0.45024690032005310059 -0.41788592934608459473 -0.41683819890022277832 -0.43101257085800170898 -0.45337751507759094238 -0.45975530147552490234 -0.45473515987396240234 -0.38288587331771850586 -0.39346042275428771973 -0.40467271208763122559 -0.4253934025764465332 -0.40219289064407348633 -0.42734104394912719727
-0.53993242979049682617 -0.49350187182426452637 -0.47662603855133056641 -0.45079907774925231934 -0.50548136234283447266 -0.55875754356384277344 -0.57533401250839233398 -0.51728880405426025391 -0.45582473278045654297 -0.41892918944358825684 -0.38167244195938110352 -0.29732751846313476562 -0.28223696351051330566 -0.31211298704147338867 -0.34177431464195251465 -0.34836065769195556641 -0.34400838613510131836 -0.31681752204895019531 -0.32808268070220947266 -0.35005232691764831543 -0.31847962737083435059 -0.35619834065437316895 -0.34163197875022888184 -0.35911920666694641113 -0.41287317872047424316 -0.40754079818725585938 -0.45716243982315063477 -0.43846204876899719238 -0.41351413726806640625 -0.42793872952461242676 -0.43754690885543823242 -0.41777855157852172852 -0.43682977557182312012 -0.45883235335350036621 -0.41328039765357971191 -0.40915194153785705566 -0.41328421235084533691 -0.42136153578758239746 -0.38202780485153198242 -0.38641622662544250488 -0.41688373684883117676 -0.44705626368522644043
-0.56532561779022216797 -0.54155790805816650391 -0.4797528386116027832 -0.49042987823486328125 -0.55583333969116210938 -0.57254976034164428711 -0.50672739744186401367 -0.48429530858993530273 -0.36092054843902587891 -0.40187224745750427246 -0.31867516040802001953 -0.30327585339546203613 -0.3003527522087097168 -0.27702197432518005371 -0.33349853754043579102 -0.30708879232406616211 -0.32365563511848449707 -0.32034096121788024902 -0.37703523039817810059 -0.40856757760047912598 -0.38777148723602294922 -0.43659558892250061035 -0.40932428836822509766 -0.41291394829750061035 -0.41086587309837341309 -0.43505966663360595703 -0.44539105892181396484 -0.40781515836715698242 -0.40957415103912353516 -0.46360883116722106934 -0.45462143421173095703 -0.46651005744934082031 -0.42494398355484008789 -0.41304352879524230957 -0.37343221902847290039 -0.40443497896194458008 -0.35865643620491027832 -0.45064955949783325195 -0.41885417699813842773 -0.40673387050628662109 -0.41866472363471984863 -0.4159596860408782959
-0.55685377120971679688 -0.51438403129577636719 -0.48732614517211914062 -0.56189113855361938477 -0.54290640354156494141 -0.5087757110595703125 -0.49811163544654846191 -0.43127962946891784668 -0.31569436192512512207 -0.3837394416332244873 -0.29739171266555786133 -0.29783752560615539551 -0.30731278657913208008 -0.27086183428764343262 -0.32901373505592346191 -0.32750922441482543945 -0.3156464993953704834 -0.3333066105842590332 -0.41715592145919799805 -0.43892011046409606934 -0.44258132576942443848 -0.39363953471183776855 -0.39079806208610534668 -0.3977978825569152832 -0.41633147001266479492 -0.42232444882392883301 -0.44366717338562011719 -0.4428004920482635498 -0.43646943569183349609 -0.39265054464340209961 -0.40071150660514831543 -0.39396625757217407227 -0.41229298710823059082 -0.36427745223045349121 -0.38391891121864318848 -0.34341144561767578125 -0.36597484350204467773 -0.40550822019577026367 -0.40180170536041259766 -0.43931528925895690918 -0.43790993094444274902 -0.41748657822608947754
-0.54144507646560668945 -0.50192838907241821289 -0.54969435930252075195 -0.52333581447601318359 -0.51440727710723876953 -0.50266110897064208984 -0.45175284147262573242 -0.45494979619979858398 -0.3673922121524810791 -0.34499388933181762695 -0.28764393925666809082 -0.2865962684154510498 -0.27888149023056030273 -0.30438670516014099121 -0.30749717354774475098 -0.3000768125057220459 -0.32212007045745849609 -0.42286893725395202637 -0.41111922264099121094 -0.39948734641075134277 -0.4209975898265838623 -0.40071958303451538086 -0.41583251953125 -0.41986563801765441895 -0.44439029693603515625 -0.46189543604850769043 -0.42094072699546813965 -0.44212168455123901367 -0.40446671843528747559 -0.39709579944610595703 -0.41923579573631286621 -0.43565639853477478027 -0.42444452643394470215 -0.40101936459541320801 -0.36321979761123657227 -0.32623940706253051758 -0.35658460855484008789 -0.38406485319137573242 -0.3822307586669921875 -0.45422291755676269531 -0.45134681463241577148 -0.44458806514739990234
-0.53734046220779418945 -0.46831756830215454102 -0.48073142766952514648 -0.50828862190246582031 -0.4785766303539276123 -0.47266209125518798828 -0.43547466397285461426 -0.42566841840744018555 -0.35497328639030456543 -0.32174912095069885254 -0.30005282163619995117 -0.30879947543144226074 -0.28814801573753356934 -0.36553293466567993164 -0.37752398848533630371 -0.35671260952949523926 -0.43237072229385375977 -0.41272434592247009277 -0.4290485382080078125 -0.43547168374061584473 -0.43129584193229675293 -0.43098548054695129395 -0.40603941679000854492 -0.4194526374340057373 -0.43012434244155883789 -0.43179526925086975098 -0.39137926697731018066 -0.41590234637260437012 -0.40945509076118469238 -0.39205244183540344238 -0.41704809665679931641 -0.44775682687759399414 -0.42845749855041503906 -0.39033478498458862305 -0.32639816403388977051 -0.33372578024864196777 -0.37449082732200622559 -0.31865042448043823242 -0.41842684149742126465 -0.41226547956466674805 -0.40182387828826904297 -9999
-0.57246345281600952148 -0.57121318578720092773 -0.55106192827224731445 -0.5076007843017578125 -0.48275005817413330078 -0.41934400796890258789 -0.33317920565605163574 -0.38940033316612243652 -0.32271444797515869141 -0.30470126867294311523 -0.31538566946983337402 -0.32062450051307678223 -0.30552828311920166016 -0.34679004549980163574 -0.45916274189949035645 -0.43660736083984375 -0.40833970904350280762 -0.39139765501022338867 -0.38881552219390869141 -0.41603413224220275879 -0.41900792717933654785 -0.39324244856834411621 -0.40892165899276733398 -0.40460044145584106445 -0.43639907240867614746 -0.39779624342918395996 -0.36706456542015075684 -0.34704428911209106445 -0.41414299607276916504 -0.39772751927375793457 -0.38517576456069946289 -0.43112260103225708008 -0.4030927121639251709 -0.34542307257652282715 -0.31880769133567810059 -0.41645827889442443848 -0.39886653423309326172 -0.31537008285522460938 -0.41553583741188049316 -0.41360643506050109863 -9999 -9999
-0.57240206003189086914 -0.57733988761901855469 -0.57032042741775512695 -0.52168226242065429688 -0.47757929563522338867 -0.40650132298469543457 -0.35968816280364990234 -0.42320051789283752441 -0.32982137799263000488 -0.30186539888381958008 -0.32325294613838195801 -0.3149140477180480957 -0.30829450488090515137 -0.29615864157676696777 -0.3766631782054901123 -0.40115591883659362793 -0.35792204737663269043 -0.38249185681343078613 -0.38995647430419921875 -0.38964709639549255371 -0.4289372563362121582 -0.39790067076683044434 -0.38898739218711853027 -0.4697297513484954834 -0.43380340933799743652 -0.3969897925853729248 -0.40935316681861877441 -0.36570462584495544434 -0.37155491113662719727 -0.36651405692100524902 -0.41467192769050598145 -0.38751065731048583984 -0.37457701563835144043 -0.34579434990882873535 -0.3381576836109161377 -0.40210998058319091797 -0.35270428657531738281 -0.36733368039131164551 -0.43932226300239562988 -9999 -9999 -9999
-0.60208398103713989258 -0.54604685306549072266 -0.55883926153182983398 -0.51501977443695068359 -0.45428931713104248047 -0.37234452366828918457 -0.38566556572914123535 -0.40248948335647583008 -0.33211314678192138672 -0.3540865480899810791 -0.3252716064453125 -0.30515491962432861328 -0.31870958209037780762 -0.3495305180549621582 -0.34056007862091064453 -0.39466217160224914551 -0.39939448237419128418 -0.40892130136489868164 -0.41365411877632141113 -0.40332543849945068359 -0.41198065876960754395 -0.39408844709396362305 -0.4556058347225189209 -0.44010809063911437988 -0.42363688349723815918 -0.38548654317855834961 -0.42906796932220458984 -0.40451580286026000977 -0.3186213076114654541 -0.33645212650299072266 -0.34470120072364807129 -0.31069856882095336914 -0.4022713005542755127 -0.4095497429370880127 -0.37083989381790161133 -0.41036996245384216309 -0.39342218637466430664 -0.3883164525032043457 -9999 -9999 -9999 -9999
-0.56208628416061401367 -0.56328338384628295898 -0.53965711593627929688 -0.49729734659194946289 -0.46513167023658752441 -0.38479736447334289551 -0.39271000027656555176 -0.37802141904830932617 -0.3385632634162902832 -0.35072797536849975586 -0.31617042422294616699 -0.32904297113418579102 -0.33419302105903625488 -0.34551632404327392578 -0.41425696015357971191 -0.41862455010414123535 -0.45721966028213500977 -0.42481729388236999512 -0.41998106241226196289 -0.43353924155235290527 -0.43376362323760986328 -0.46404662728309631348 -0.40748485922813415527 -0.46056222915649414062 -0.41964852809906005859 -0.41408044099807739258 -0.45708072185516357422 -0.42008852958679199219 -0.37888726592063903809 -0.32747548818588256836 -0.37479883432388305664 -0.41336989402770996094 -0.39912965893745422363 -0.40112075209617614746 -0.46055492758750915527 -0.48176309466361999512 -0.52742546796798706055 -9999 -9999 -9999 -9999 -9999
-0.53966176509857177734 -0.57924824953079223633 -0.50757259130477905273 -0.49951255321502685547 -0.39543005824089050293 -0.36481252312660217285 -0.35831615328788757324 -0.348430633544921875 -0.33675870299339294434 -0.30928453803062438965 -0.34910237789154052734 -0.33993217349052429199 -0.34836435317993164062 -0.40866410732269287109 -0.43360969424247741699 -0.43643465638160705566 -0.41869375109672546387 -0.43067413568496704102 -0.43066382408142089844 -0.42792582511901855469 -0.48368418216705322266 -0.4774017632007598877 -0.47146919369697570801 -0.47611334919929504395 -0.47859090566635131836 -0.46336919069290161133 -0.46140590310096740723 -0.45282614231109619141 -0.44229373335838317871 -0.41200548410415649414 -0.37250879406929016113 -0.40783649682998657227 -0.42370143532752990723 -0.42258858680725097656 -0.48751056194305419922 -0.50978666543960571289 -0.55170178413391113281 -9999 -9999 -9999 -9999 -9999
-0.56534796953201293945 -0.58151710033416748047 -0.51400703191757202148 -0.47977086901664733887 -0.34028416872024536133 -0.32426869869232177734 -0.32239156961441040039 -0.32840996980667114258 -0.34268492460250854492 -0.33906984329223632812 -0.37500879168510437012 -0.35016328096389770508 -0.36434191465377807617 -0.42480227351188659668 -0.43103304505348205566 -0.43414539098739624023 -0.42267453670501708984 -0.44158324599266052246 -0.42997121810913085938 -0.49288326501846313477 -0.46995660662651062012 -0.4630489349365234375 -0.48498338460922241211 -0.47332185506820678711 -0.45546489953994750977 -0.42963519692420959473 -0.40667209029197692871 -0.39501813054084777832 -0.43000242114067077637 -0.3860238492488861084 -0.38371285796165466309 -0.40123155713081359863 -0.43096855282783508301 -0.45093744993209838867 -0.53829568624496459961 -0.54618811607360839844 -9999 -9999 -9999 -9999 -9999 -9999
