INPUT/RASTER/ASCII/ndwi2021.asc
ncols        225
nrows        269
xllcorner    473009.983799999987
yllcorner    4429051.174800000153
cellsize     50.000000000000
NODATA_value -9999
[rows 162 to 179 of 269, columns 0 to 39 of 225]
-9999 -9999 -9999 -9999 -9999 -9999 -9999 -9999 -0.48434719443321228027 -0.4897810816764831543 -0.46335646510124206543 -0.41262909770011901855 -0.37959271669387817383 -0.36883875727653503418 -0.32004180550575256348 -0.37746846675872802734 -0.37569731473922729492 -0.3951015770435333252 -0.33784759044647216797 -0.33760207891464233398 -0.3550580441951751709 -0.34414270520210266113 -0.36126226186752319336 -0.3682244420051574707 -0.38256031274795532227 -0.33543312549591064453 -0.3477516472339630127 -0.40712821483612060547 -0.43667894601821899414 -0.47630208730697631836 -0.46362397074699401855 -0.45688736438751220703 -0.44302970170974731445 -0.42183971405029296875 -0.41431778669357299805 -0.36760157346725463867 -0.39712378382682800293 -0.40122559666633605957 -0.4024702906608581543 -0.36372074484825134277
-9999 -9999 -9999 -9999 -9999 -9999 -9999 -9999 -0.49921363592147827148 -0.49054625630378723145 -0.46396395564079284668 -0.3893775641918182373 -0.35222789645195007324 -0.38809466361999511719 -0.36168912053108215332 -0.39570331573486328125 -0.4053732752799987793 -0.36930042505264282227 -0.32276242971420288086 -0.31869930028915405273 -0.33205828070640563965 -0.32900345325469970703 -0.34726047515869140625 -0.39375227689743041992 -0.3874645233154296875 -0.39105233550071716309 -0.39243420958518981934 -0.43298473954200744629 -0.45326909422874450684 -0.46114829182624816895 -0.42179480195045471191 -0.41562351584434509277 -0.43902745842933654785 -0.43007192015647888184 -0.42095091938972473145 -0.40234604477882385254 -0.39630311727523803711 -0.35249865055084228516 -0.40270441770553588867 -0.36162459850311279297
-9999 -9999 -9999 -9999 -9999 -9999 -9999 -0.39646387100219726563 -0.4237823486328125 -0.42774528264999389648 -0.40156280994415283203 -0.35509631037712097168 -0.36114358901977539063 -0.39391297101974487305 -0.43505951762199401855 -0.43042102456092834473 -0.40891310572624206543 -0.36474505066871643066 -0.36075246334075927734 -0.32532176375389099121 -0.33793935179710388184 -0.38815382122993469238 -0.32308635115623474121 -0.3756758570671081543 -0.36795905232429504395 -0.39602503180503845215 -0.41208764910697937012 -0.4556153416633605957 -0.46484115719795227051 -0.46340236067771911621 -0.44178807735443115234 -0.40746003389358520508 -0.43378189206123352051 -0.42320719361305236816 -0.39796048402786254883 -0.42271974682807922363 -0.43007686734199523926 -0.37728178501129150391 -0.36277571320533752441 -0.32011833786964416504
-9999 -9999 -9999 -9999 -9999 -9999 -0.4289156496524810791 -0.42179930210113525391 -0.40371248126029968262 -0.36010909080505371094 -0.3631547391414642334 -0.34478232264518737793 -0.35694599151611328125 -0.41795301437377929688 -0.42301428318023681641 -0.42991164326667785645 -0.40583336353302001953 -0.3939545750617980957 -0.39215925335884094238 -0.34423065185546875 -0.40743094682693481445 -0.43065193295478820801 -0.34415704011917114258 -0.35133457183837890625 -0.36291152238845825195 -0.3898194432258605957 -0.41601249575614929199 -0.45961514115333557129 -0.44358602166175842285 -0.46689876914024353027 -0.43390882015228271484 -0.41291847825050354004 -0.40972414612770080566 -0.40572708845138549805 -0.40093383193016052246 -0.39825084805488586426 -0.43163883686065673828 -0.39911046624183654785 -0.3046118319034576416 -0.31483325362205505371
-9999 -9999 -9999 -9999 -9999 -9999 -0.46975541114807128906 -0.4382857978343963623 -0.40264579653739929199 -0.35797154903411865234 -0.36031273007392883301 -0.33669820427894592285 -0.3890476524829864502 -0.45060950517654418945 -0.41913893818855285645 -0.41778272390365600586 -0.41779601573944091797 -0.37536144256591796875 -0.3694038689136505127 -0.37162864208221435547 -0.40301352739334106445 -0.46515202522277832031 -0.40980345010757446289 -0.40935629606246948242 -0.43050429224967956543 -0.41547876596450805664 -0.41443628072738647461 -0.44111707806587219238 -0.42726355791091918945 -0.44457918405532836914 -0.42105332016944885254 -0.41412395238876342773 -0.39941740036010742188 -0.39011314511299133301 -0.41467884182929992676 -0.40404862165451049805 -0.43436950445175170898 -0.41210508346557617188 -0.36278474330902099609 -0.32301896810531616211
-9999 -9999 -9999 -9999 -9999 -0.4808298647403717041 -0.49393698573112487793 -0.46987244486808776855 -0.41354969143867492676 -0.41126087307929992676 -0.35799357295036315918 -0.35213959217071533203 -0.42663401365280151367 -0.45048364996910095215 -0.40632319450378417969 -0.37902414798736572266 -0.38905888795852661133 -0.38401874899864196777 -0.38046571612358093262 -0.38948526978492736816 -0.42799901962280273438 -0.46370211243629455566 -0.41540256142616271973 -0.4116414189338684082 -0.44785523414611816406 -0.45616701245307922363 -0.46366745233535766602 -0.4575697779655456543 -0.45923942327499389648 -0.45242723822593688965 -0.41721180081367492676 -0.42770168185234069824 -0.38241165876388549805 -0.363300323486328125 -0.34561076760292053223 -0.3647149205207824707 -0.4217090308666229248 -0.44208484888076782227 -0.41613349318504333496 -0.37016880512237548828
-9999 -9999 -9999 -9999 -9999 -0.51146900653839111328 -0.49765801429748535156 -0.49785575270652770996 -0.48262751102447509766 -0.48147779703140258789 -0.43258482217788696289 -0.40637701749801635742 -0.46554791927337646484 -0.4520295262336730957 -0.42554152011871337891 -0.4192339777946472168 -0.38297921419143676758 -0.37213829159736633301 -0.38542214035987854004 -0.44457769393920898438 -0.4645773768424987793 -0.48186719417572021484 -0.48232781887054443359 -0.45408916473388671875 -0.46840164065361022949 -0.4780349433422088623 -0.48391136527061462402 -0.50493216514587402344 -0.48260301351547241211 -0.44911757111549377441 -0.38381636142730712891 -0.3904781341552734375 -0.35560011863708496094 -0.38761049509048461914 -0.37472108006477355957 -0.41680276393890380859 -0.43028253316879272461 -0.42803367972373962402 -0.38113823533058166504 -0.39381426572799682617
-9999 -9999 -9999 -9999 -9999 -0.52307981252670288086 -0.50496643781661987305 -0.48774868249893188477 -0.4854558110237121582 -0.47571492195129394531 -0.48272538185119628906 -0.48540887236595153809 -0.46981737017631530762 -0.45800840854644775391 -0.45613679289817810059 -0.47541385889053344727 -0.44982424378395080566 -0.42514622211456298828 -0.4422340095043182373 -0.4728336334228515625 -0.47561350464820861816 -0.45979893207550048828 -0.48339155316352844238 -0.46873894333839416504 -0.47399279475212097168 -0.47811093926429748535 -0.50968450307846069336 -0.4933986663818359375 -0.4839305579662322998 -0.45775777101516723633 -0.3877627253532409668 -0.38640868663787841797 -0.34792655706405639648 -0.40996628999710083008 -0.4304809868335723877 -0.42744749784469604492 -0.43626663088798522949 -0.3905346989631652832 -0.33695977926254272461 -0.36402744054794311523
-9999 -9999 -9999 -9999 -0.49519816040992736816 -0.50540447235107421875 -0.46340236067771911621 -0.47333258390426635742 -0.42932474613189697266 -0.4196682274341583252 -0.43566748499870300293 -0.47865369915962219238 -0.45621716976165771484 -0.46438658237457275391 -0.44911962747573852539 -0.4576384127140045166 -0.46722310781478881836 -0.44579052925109863281 -0.46426969766616821289 -0.46713817119598388672 -0.47250077128410339355 -0.49819380044937133789 -0.50082850456237792969 -0.47050356864929199219 -0.46640631556510925293 -0.44928312301635742188 -0.47447136044502258301 -0.45776140689849853516 -0.4566281735897064209 -0.41685140132904052734 -0.41464594006538391113 -0.4186649024486541748 -0.39001807570457458496 -0.42877969145774841309 -0.44821128249168395996 -0.44156867265701293945 -0.435962677001953125 -0.38378793001174926758 -0.31235942244529724121 -0.37656927108764648438
-9999 -9999 -9999 -9999 -0.51412439346313476563 -0.49290451407432556152 -0.46546468138694763184 -0.42605680227279663086 -0.40061348676681518555 -0.38085639476776123047 -0.39543506503105163574 -0.43360984325408935547 -0.42611354589462280273 -0.48355972766876220703 -0.47551381587982177734 -0.42468342185020446777 -0.41733640432357788086 -0.46292215585708618164 -0.47639748454093933105 -0.48937216401100158691 -0.4949423372745513916 -0.51316219568252563477 -0.47612789273262023926 -0.41223263740539550781 -0.42611029744148254395 -0.46773755550384521484 -0.43989953398704528809 -0.40541324019432067871 -0.41775292158126831055 -0.41086369752883911133 -0.41593953967094421387 -0.42613869905471801758 -0.42015641927719116211 -0.42408949136734008789 -0.4446016848087310791 -0.43492159247398376465 -0.39661702513694763184 -0.37995925545692443848 -0.36912858486175537109 -0.38072371482849121094
-9999 -9999 -9999 -9999 -0.52829039096832275391 -0.50648486614227294922 -0.48868295550346374512 -0.42268845438957214355 -0.4018611907958984375 -0.40925684571266174316 -0.41506782174110412598 -0.43714493513107299805 -0.48398408293724060059 -0.49991253018379211426 -0.46518778800964355469 -0.42067345976829528809 -0.42639178037643432617 -0.45901218056678771973 -0.4789219200611114502 -0.44748607277870178223 -0.40787234902381896973 -0.42081654071807861328 -0.40462294220924377441 -0.38071763515472412109 -0.37466967105865478516 -0.38515770435333251953 -0.40564575791358947754 -0.41623565554618835449 -0.42331373691558837891 -0.42504954338073730469 -0.41316130757331848145 -0.4058691859245300293 -0.40906041860580444336 -0.40731135010719299316 -0.42677718400955200195 -0.43591174483299255371 -0.36455738544464111328 -0.35351201891899108887 -0.40337657928466796875 -0.40668809413909912109
-9999 -9999 -9999 -9999 -0.49819359183311462402 -0.47238594293594360352 -0.45973449945449829102 -0.4473704993724822998 -0.42377361655235290527 -0.42801302671432495117 -0.45135694742202758789 -0.48110675811767578125 -0.43996566534042358398 -0.44435736536979675293 -0.44068759679794311523 -0.43409302830696105957 -0.44781354069709777832 -0.45911896228790283203 -0.46362841129302978516 -0.38232436776161193848 -0.37205129861831665039 -0.38063198328018188477 -0.41500958800315856934 -0.42246773838996887207 -0.35650259256362915039 -0.33210712671279907227 -0.35032811760902404785 -0.40201577544212341309 -0.4110870063304901123 -0.4018853604793548584 -0.40975412726402282715 -0.4185523688793182373 -0.38475245237350463867 -0.37933257222175598145 -0.41822409629821777344 -0.42712303996086120605 -0.41491416096687316895 -0.41572540998458862305 -0.41484463214874267578 -0.42983070015907287598
-9999 -9999 -9999 -0.50583463907241821289 -0.47892659902572631836 -0.47092199325561523438 -0.45132815837860107422 -0.43698793649673461914 -0.40180698037147521973 -0.45173633098602294922 -0.44213882088661193848 -0.45989057421684265137 -0.40508633852005004883 -0.43110153079032897949 -0.4357407689094543457 -0.42197579145431518555 -0.45240384340286254883 -0.47276747226715087891 -0.4836991429328918457 -0.4023697972297668457 -0.44900840520858764648 -0.46820977330207824707 -0.46703091263771057129 -0.44135513901710510254 -0.41862133145332336426 -0.35284781455993652344 -0.38731643557548522949 -0.37853226065635681152 -0.38810828328132629395 -0.41853156685829162598 -0.4122250974178314209 -0.39242702722549438477 -0.3955567479133605957 -0.42182299494743347168 -0.44684112071990966797 -0.43901741504669189453 -0.48292204737663269043 -0.52185666561126708984 -0.51658421754837036133 -0.49672108888626098633
-9999 -9999 -9999 -0.45200315117835998535 -0.45775389671325683594 -0.47518718242645263672 -0.4606005251407623291 -0.45592284202575683594 -0.40537291765213012695 -0.40913510322570800781 -0.42622300982475280762 -0.40931233763694763184 -0.38112187385559082031 -0.37872523069381713867 -0.41113817691802978516 -0.43523359298706054688 -0.4694131016731262207 -0.44981157779693603516 -0.47925263643264770508 -0.49328270554542541504 -0.49375763535499572754 -0.48235517740249633789 -0.49217948317527770996 -0.47160384058952331543 -0.44551262259483337402 -0.41843232512474060059 -0.42473906278610229492 -0.38050243258476257324 -0.38658806681632995605 -0.43652635812759399414 -0.4451815187931060791 -0.44321042299270629883 -0.46895337104797363281 -0.5206540226936340332 -0.53705447912216186523 -0.50033372640609741211 -0.48668965697288513184 -0.52021551132202148438 -0.48991602659225463867 -0.48888358473777770996
-9999 -9999 -9999 -0.39298969507217407227 -0.41101360321044921875 -0.42732417583465576172 -0.42170435190200805664 -0.43636205792427062988 -0.41729331016540527344 -0.3984578549861907959 -0.43025535345077514648 -0.42926108837127685547 -0.40208980441093444824 -0.36300835013389587402 -0.41246655583381652832 -0.47124439477920532227 -0.45596656203269958496 -0.4333648979663848877 -0.42714029550552368164 -0.4685649573802947998 -0.48508986830711364746 -0.4880892336368560791 -0.45857354998588562012 -0.46299904584884643555 -0.50060892105102539063 -0.47650322318077087402 -0.42527675628662109375 -0.40130659937858581543 -0.42894414067268371582 -0.4409739375114440918 -0.4611339867115020752 -0.4865900874137878418 -0.50820219516754150391 -0.51313531398773193359 -0.53665232658386230469 -0.50724506378173828125 -0.45847865939140319824 -0.46663111448287963867 -0.44199284911155700684 -0.47599977254867553711
-9999 -9999 -0.36849191784858703613 -0.36642226576805114746 -0.37644326686859130859 -0.37894874811172485352 -0.37713119387626647949 -0.39519664645195007324 -0.42605814337730407715 -0.42980888485908508301 -0.44198027253150939941 -0.42519688606262207031 -0.39701476693153381348 -0.4077173769474029541 -0.45361259579658508301 -0.47543838620185852051 -0.44154480099678039551 -0.42677271366119384766 -0.39366430044174194336 -0.40975397825241088867 -0.45382484793663024902 -0.46168109774589538574 -0.41758906841278076172 -0.45191782712936401367 -0.48113211989402770996 -0.45157873630523681641 -0.45432329177856445313 -0.4392204582691192627 -0.38444697856903076172 -0.34251070022583007813 -0.37556910514831542969 -0.37565821409225463867 -0.39740768074989318848 -0.38944524526596069336 -0.50841563940048217773 -0.52592355012893676758 -0.47898113727569580078 -0.44354218244552612305 -0.42575785517692565918 -0.4112866818904876709
-9999 -9999 -0.36480027437210083008 -0.34724757075309753418 -0.35416725277900695801 -0.37254187464714050293 -0.3582528531551361084 -0.41146016120910644531 -0.42404451966285705566 -0.42482861876487731934 -0.48347818851470947266 -0.45376867055892944336 -0.41251373291015625 -0.41403290629386901855 -0.43002972006797790527 -0.45289540290832519531 -0.47304257750511169434 -0.4387327730655670166 -0.42908129096031188965 -0.41663843393325805664 -0.42366743087768554688 -0.38768741488456726074 -0.39620634913444519043 -0.41525477170944213867 -0.49237623810768127441 -0.46191099286079406738 -0.46256288886070251465 -0.41358637809753417969 -0.35368683934211730957 -0.34287685155868530273 -0.32932293415069580078 -0.30559003353118896484 -0.32005292177200317383 -0.3741054832935333252 -0.51114708185195922852 -0.52470159530639648438 -0.48558506369590759277 -0.40848699212074279785 -0.37474298477172851563 -0.4079011082649230957
-9999 -9999 -0.34751039743423461914 -0.33111920952796936035 -0.32659730315208435059 -0.34686994552612304688 -0.35184490680694580078 -0.3945935368537902832 -0.37637034058570861816 -0.42566186189651489258 -0.47533169388771057129 -0.45814919471740722656 -0.4278017580509185791 -0.35067355632781982422 -0.3738918602466583252 -0.43555754423141479492 -0.47286716103553771973 -0.45994845032691955566 -0.4449914097785949707 -0.42560821771621704102 -0.42066106200218200684 -0.41927215456962585449 -0.46831038594245910645 -0.43536511063575744629 -0.48142182826995849609 -0.50340497493743896484 -0.46028968691825866699 -0.33590546250343322754 -0.30279806256294250488 -0.31434163451194763184 -0.31230151653289794922 -0.32341226935386657715 -0.33197423815727233887 -0.4219430387020111084 -0.51958006620407104492 -0.49115064740180969238 -0.44631081819534301758 -0.41892513632774353027 -0.3827031254768371582 -0.37269309163093566895
