INPUT/RASTER/ASCII/ndwi.asc
ncols        225
nrows        269
xllcorner    473000.000000000000
yllcorner    4429100.000000000000
cellsize     50.000000000000
NODATA_value -9999
[rows 57 to 75 of 269, columns 0 to 41 of 225]
-9999 -9999 -9999 -9999 -9999 -9999 -9999 -9999 -9999 -9999 -9999 -9999 -9999 -9999 -9999 -9999 -9999 -9999 -9999 -9999 -9999 -0.4749215245246887207 -0.45033079385757446289 -0.39079466462135314941 -0.45110973715782165527 -0.44761240482330322266 -0.42606431245803833008 -0.35782918334007263184 -0.40407407283782958984 -0.36703974008560180664 -0.35994565486907958984 -0.39074155688285827637 -0.39293283224105834961 -0.37148070335388183594 -0.35403171181678771973 -0.36605146527290344238 -0.40007698535919189453 -0.38756018877029418945 -0.34843215346336364746 -0.35160642862319946289 -0.40578481554985046387 -0.42150923609733581543
-9999 -9999 -9999 -9999 -9999 -9999 -9999 -9999 -9999 -9999 -9999 -9999 -9999 -9999 -9999 -9999 -9999 -9999 -0.48581260442733764648 -0.48328319191932678223 -0.44888797402381896973 -0.48127961158752441406 -0.4092598259449005127 -0.47008946537971496582 -0.44800779223442077637 -0.45040443539619445801 -0.47205451130867004395 -0.45135205984115600586 -0.45614227652549743652 -0.42221948504447937012 -0.3939539790153503418 -0.40909114480018615723 -0.37833818793296813965 -0.35651612281799316406 -0.37811639904975891113 -0.42276993393898010254 -0.48178994655609130859 -0.48597362637519836426 -0.3977114260196685791 -0.37873280048370361328 -0.43536910414695739746 -0.43770605325698852539
-9999 -9999 -9999 -9999 -9999 -9999 -9999 -9999 -9999 -9999 -9999 -9999 -9999 -9999 -9999 -9999 -0.54276496171951293945 -0.50715327262878417969 -0.47335606813430786133 -0.47263383865356445312 -0.40993806719779968262 -0.40799117088317871094 -0.35883545875549316406 -0.4321498572826385498 -0.41130214929580688477 -0.44815704226493835449 -0.42800629138946533203 -0.40615507960319519043 -0.45702889561653137207 -0.45044299960136413574 -0.44007220864295959473 -0.40963327884674072266 -0.37415945529937744141 -0.40570709109306335449 -0.44651752710342407227 -0.48828333616256713867 -0.48712259531021118164 -0.470684051513671875 -0.41088142991065979004 -0.41621771454811096191 -0.4698028266429901123 -0.41097378730773925781
-9999 -9999 -9999 -9999 -9999 -9999 -9999 -9999 -9999 -9999 -9999 -9999 -9999 -9999 -9999 -0.54934442043304443359 -0.50130724906921386719 -0.45528107881546020508 -0.43870487809181213379 -0.44428968429565429688 -0.3544807136058807373 -0.32090845704078674316 -0.4079698026180267334 -0.36616110801696777344 -0.32811188697814941406 -0.35762563347816467285 -0.37909427285194396973 -0.36580091714859008789 -0.43117418885231018066 -0.43640634417533874512 -0.45424929261207580566 -0.41280671954154968262 -0.35958981513977050781 -0.44788122177124023438 -0.46441623568534851074 -0.48439621925354003906 -0.48279386758804321289 -0.4346339106559753418 -0.42571410536766052246 -0.40978339314460754395 -0.41827037930488586426 -0.45262518525123596191
-9999 -9999 -9999 -9999 -9999 -9999 -9999 -9999 -9999 -9999 -9999 -9999 -9999 -9999 -0.51838219165802001953 -0.45318564772605895996 -0.42291346192359924316 -0.44064560532569885254 -0.46539232134819030762 -0.35489329695701599121 -0.33508473634719848633 -0.30974861979484558105 -0.38812148571014404297 -0.30943852663040161133 -0.2932790219783782959 -0.30321660637855529785 -0.32390204071998596191 -0.40891048312187194824 -0.4500039517879486084 -0.43817046284675598145 -0.46839028596878051758 -0.43256732821464538574 -0.3853251039981842041 -0.41892471909523010254 -0.49417638778686523438 -0.47579345107078552246 -0.46411612629890441895 -0.44386616349220275879 -0.43019813299179077148 -0.42048043012619018555 -0.41549545526504516602 -0.403301239013671875
-9999 -9999 -9999 -9999 -9999 -9999 -9999 -9999 -9999 -9999 -9999 -9999 -9999 -0.5649051666259765625 -0.44221597909927368164 -0.42485830187797546387 -0.46437343955039978027 -0.47077524662017822266 -0.46250525116920471191 -0.37554538249969482422 -0.34673079848289489746 -0.39244228601455688477 -0.36305591464042663574 -0.3648999631404876709 -0.28196951746940612793 -0.28648367524147033691 -0.31553819775581359863 -0.32260453701019287109 -0.34143966436386108398 -0.41181233525276184082 -0.40038532018661499023 -0.39648407697677612305 -0.41626489162445068359 -0.45807895064353942871 -0.45884740352630615234 -0.51778799295425415039 -0.42433655261993408203 -0.43378490209579467773 -0.43888381123542785645 -0.43934100866317749023 -0.42473852634429931641 -0.45896300673484802246
-9999 -9999 -9999 -9999 -9999 -9999 -9999 -9999 -9999 -9999 -9999 -9999 -9999 -0.55567026138305664062 -0.45524892210960388184 -0.41790995001792907715 -0.44731244444847106934 -0.47619917988777160645 -0.38697892427444458008 -0.36086544394493103027 -0.43126159906387329102 -0.44315290451049804688 -0.3725020289421081543 -0.37666219472885131836 -0.33019205927848815918 -0.30214825272560119629 -0.31544536352157592773 -0.32442796230316162109 -0.31776291131973266602 -0.37956017255783081055 -0.34968209266662597656 -0.38628819584846496582 -0.41988536715507507324 -0.4550844728946685791 -0.49530228972434997559 -0.49827617406845092773 -0.46670258045196533203 -0.43472561240196228027 -0.43103519082069396973 -0.43297404050827026367 -0.42061123251914978027 -0.42668822407722473145
-9999 -9999 -9999 -9999 -9999 -9999 -9999 -9999 -9999 -9999 -9999 -9999 -9999 -0.57718735933303833008 -0.42156869173049926758 -0.42749679088592529297 -0.44089332222938537598 -0.47390455007553100586 -0.37402433156967163086 -0.39619874954223632812 -0.40755549073219299316 -0.43430650234222412109 -0.32335057854652404785 -0.32991501688957214355 -0.36446601152420043945 -0.31387171149253845215 -0.2793286740779876709 -0.33933901786804199219 -0.4204762578010559082 -0.36135473847389221191 -0.36936476826667785645 -0.42685705423355102539 -0.4119682013988494873 -0.42726621031761169434 -0.47012603282928466797 -0.46692478656768798828 -0.41639119386672973633 -0.40838316082954406738 -0.45314481854438781738 -0.44945824146270751953 -0.42722621560096740723 -0.41699934005737304688
-9999 -9999 -9999 -9999 -9999 -9999 -9999 -9999 -9999 -9999 -9999 -9999 -0.44960582256317138672 -0.5545666813850402832 -0.40758624672889709473 -0.4282016754150390625 -0.45585533976554870605 -0.40037161111831665039 -0.32983490824699401855 -0.37486875057220458984 -0.381107330322265625 -0.31946289539337158203 -0.31813320517539978027 -0.30359095335006713867 -0.29209738969802856445 -0.2909100651741027832 -0.27605968713760375977 -0.30113840103149414062 -0.42927339673042297363 -0.4078496396541595459 -0.44737535715103149414 -0.4514592289924621582 -0.46993494033813476562 -0.43121770024299621582 -0.45679751038551330566 -0.45602536201477050781 -0.43095064163208007812 -0.44814464449882507324 -0.44822838902473449707 -0.39186254143714904785 -0.41924291849136352539 -0.40637412667274475098
-9999 -9999 -9999 -9999 -9999 -9999 -9999 -9999 -9999 -9999 -9999 -9999 -0.43758407235145568848 -0.51747477054595947266 -0.42575764656066894531 -0.43684089183807373047 -0.4443721771240234375 -0.35620698332786560059 -0.33761483430862426758 -0.40621146559715270996 -0.35473433136940002441 -0.30916669964790344238 -0.30049726366996765137 -0.30162084102630615234 -0.29883757233619689941 -0.30354258418083190918 -0.31411197781562805176 -0.29304173588752746582 -0.36389207839965820312 -0.45932900905609130859 -0.46594250202178955078 -0.43635380268096923828 -0.40331876277923583984 -0.36730995774269104004 -0.43453639745712280273 -0.43731063604354858398 -0.45486599206924438477 -0.4488951563835144043 -0.43210089206695556641 -0.43388944864273071289 -0.4021358788013458252 -0.42093923687934875488
-9999 -9999 -9999 -9999 -9999 -9999 -9999 -9999 -9999 -9999 -0.54482412338256835938 -0.50647997856140136719 -0.55914694070816040039 -0.41574683785438537598 -0.41749599575996398926 -0.45627793669700622559 -0.46169263124465942383 -0.35239911079406738281 -0.31507834792137145996 -0.39691272377967834473 -0.3857720494270324707 -0.30609723925590515137 -0.29994663596153259277 -0.30296313762664794922 -0.29950261116027832031 -0.33123826980590820312 -0.31552389264106750488 -0.31907120347023010254 -0.36710211634635925293 -0.41898557543754577637 -0.4690373837947845459 -0.41644015908241271973 -0.4224955141544342041 -0.39450716972351074219 -0.44593453407287597656 -0.4342981874942779541 -0.42947882413864135742 -0.46186739206314086914 -0.44978624582290649414 -0.44675999879837036133 -0.41653591394424438477 -0.35166600346565246582
-9999 -9999 -9999 -9999 -9999 -9999 -9999 -9999 -9999 -0.48665148019790649414 -0.51400315761566162109 -0.52704977989196777344 -0.52922797203063964844 -0.37910610437393188477 -0.43247821927070617676 -0.45269462466239929199 -0.47090741991996765137 -0.42964923381805419922 -0.36597776412963867188 -0.37766879796981811523 -0.32747754454612731934 -0.30667695403099060059 -0.30338126420974731445 -0.30210229754447937012 -0.29949483275413513184 -0.34556478261947631836 -0.32048436999320983887 -0.3627949059009552002 -0.41707590222358703613 -0.40912955999374389648 -0.4501368403434753418 -0.46017208695411682129 -0.45554703474044799805 -0.42584767937660217285 -0.4083290398120880127 -0.38719394803047180176 -0.39456972479820251465 -0.44658115506172180176 -0.44534131884574890137 -0.43648612499237060547 -0.40594068169593811035 -0.42207506299018859863
-9999 -9999 -9999 -9999 -9999 -9999 -9999 -9999 -9999 -9999 -0.42058774828910827637 -0.40283957123756408691 -0.41812616586685180664 -0.38801461458206176758 -0.43951687216758728027 -0.42442724108695983887 -0.43731892108917236328 -0.36817628145217895508 -0.29275077581405639648 -0.33701139688491821289 -0.38190132379531860352 -0.32114639878273010254 -0.31587550044059753418 -0.30910879373550415039 -0.30989652872085571289 -0.3074900507926940918 -0.30524939298629760742 -0.39051023125648498535 -0.42419299483299255371 -0.39614960551261901855 -0.45091682672500610352 -0.45341479778289794922 -0.43289813399314880371 -0.45208582282066345215 -0.43469449877738952637 -0.42319014668464660645 -0.41765201091766357422 -0.40948352217674255371 -0.44324550032615661621 -0.43191489577293395996 -0.41498869657516479492 -0.39883223176002502441
-9999 -9999 -9999 -9999 -9999 -9999 -9999 -9999 -9999 -9999 -9999 -9999 -9999 -9999 -0.39580935239791870117 -0.4291171729564666748 -0.41537311673164367676 -0.39288687705993652344 -0.30499050021171569824 -0.34762832522392272949 -0.31302979588508605957 -0.29233211278915405273 -0.32066568732261657715 -0.37380295991897583008 -0.29111421108245849609 -0.29662489891052246094 -0.32134246826171875 -0.42400136590003967285 -0.44063672423362731934 -0.44909197092056274414 -0.47937500476837158203 -0.48093771934509277344 -0.46393913030624389648 -0.45160663127899169922 -0.44496798515319824219 -0.43417686223983764648 -0.47917896509170532227 -0.40671736001968383789 -0.4323139488697052002 -0.44880926609039306641 -0.43795698881149291992 -0.41528266668319702148
-9999 -9999 -9999 -9999 -9999 -9999 -9999 -9999 -9999 -9999 -9999 -9999 -9999 -9999 -9999 -9999 -9999 -9999 -9999 -0.36601495742797851562 -0.33544674515724182129 -0.34105634689331054688 -0.38093906641006469727 -0.35500586032867431641 -0.34184229373931884766 -0.34258177876472473145 -0.35958144068717956543 -0.43313500285148620605 -0.44402712583541870117 -0.42784848809242248535 -0.49759691953659057617 -0.44451591372489929199 -0.46172598004341125488 -0.41115206480026245117 -0.46392640471458435059 -0.47926533222198486328 -0.49315670132637023926 -0.43144154548645019531 -0.45465961098670959473 -0.41029745340347290039 -0.45351013541221618652 -0.46433582901954650879
-9999 -9999 -9999 -9999 -9999 -9999 -9999 -9999 -9999 -9999 -9999 -9999 -9999 -9999 -9999 -9999 -9999 -9999 -9999 -9999 -0.43133518099784851074 -0.40411391854286193848 -0.39395475387573242188 -0.35482454299926757812 -0.34566715359687805176 -0.36312493681907653809 -0.41013452410697937012 -0.45009008049964904785 -0.46072626113891601562 -0.45970237255096435547 -0.49513259530067443848 -0.46893128752708435059 -0.491428375244140625 -0.47744721174240112305 -0.41040223836898803711 -0.41394478082656860352 -0.47490474581718444824 -0.41511031985282897949 -0.43132039904594421387 -0.4425747990608215332 -0.47647118568420410156 -0.44825112819671630859
-9999 -9999 -9999 -9999 -9999 -9999 -9999 -9999 -9999 -9999 -9999 -9999 -9999 -9999 -9999 -9999 -9999 -9999 -9999 -9999 -9999 -0.37843567132949829102 -0.40051802992820739746 -0.37404337525367736816 -0.40119752287864685059 -0.38352787494659423828 -0.4084987938404083252 -0.40386721491813659668 -0.43135222792625427246 -0.44744986295700073242 -0.45341977477073669434 -0.46287053823471069336 -0.47835749387741088867 -0.48465383052825927734 -0.40311020612716674805 -0.4237995147705078125 -0.39780354499816894531 -0.38806483149528503418 -0.43934589624404907227 -0.4669462740421295166 -0.40598544478416442871 -0.3921813666820526123
-9999 -9999 -9999 -9999 -9999 -9999 -9999 -9999 -9999 -9999 -9999 -9999 -9999 -9999 -9999 -9999 -9999 -9999 -9999 -9999 -9999 -9999 -0.3568948209285736084 -0.33353555202484130859 -0.3911202549934387207 -0.44372040033340454102 -0.46174138784408569336 -0.42503067851066589355 -0.41111087799072265625 -0.37962523102760314941 -0.43056371808052062988 -0.42496022582054138184 -0.430027008056640625 -0.46170604228973388672 -0.433895111083984375 -0.40493059158325195312 -0.38923415541648864746 -0.38377213478088378906 -0.45007947087287902832 -0.48550269007682800293 -0.42488220334053039551 -0.40436670184135437012
-9999 -9999 -9999 -9999 -9999 -9999 -9999 -9999 -9999 -9999 -9999 -9999 -9999 -9999 -9999 -9999 -9999 -9999 -9999 -9999 -9999 -9999 -9999 -0.35111322999000549316 -0.40720736980438232422 -0.44447728991508483887 -0.45945492386817932129 -0.43155643343925476074 -0.44393581151962280273 -0.42566740512847900391 -0.42455112934112548828 -0.39600810408592224121 -0.41869238018989562988 -0.43559083342552185059 -0.44189411401748657227 -0.42001929879188537598 -0.45720440149307250977 -0.47590339183807373047 -0.48768121004104614258 -0.45004948973655700684 -0.42629823088645935059 -0.39401495456695556641
