INPUT/RASTER/ASCII/ndwi.asc
ncols        225
nrows        269
xllcorner    473000.000000000000
yllcorner    4429100.000000000000
cellsize     50.000000000000
NODATA_value -9999
[rows 133 to 151 of 269, columns 0 to 41 of 225]
-9999 -9999 -9999 -9999 -9999 -9999 -9999 -9999 -9999 -9999 -0.45802104473114013672 -0.46452027559280395508 -0.42018249630928039551 -0.47253137826919555664 -0.48150920867919921875 -0.47436854243278503418 -0.49380126595497131348 -0.46269086003303527832 -0.46787297725677490234 -0.44041994214057922363 -0.44591045379638671875 -0.44456905126571655273 -0.43262717127799987793 -0.36860826611518859863 -0.4034188687801361084 -0.38988739252090454102 -0.40478801727294921875 -0.37458497285842895508 -0.38753464818000793457 -0.37522196769714355469 -0.38482642173767089844 -0.42671343684196472168 -0.40444409847259521484 -0.40082290768623352051 -0.36427193880081176758 -0.42498710751533508301 -0.43987300992012023926 -0.45410674810409545898 -0.48864001035690307617 -0.4526291191577911377 -0.45757123827934265137 -0.43035745620727539062
-9999 -9999 -9999 -9999 -9999 -9999 -9999 -9999 -9999 -0.53224921226501464844 -0.46055811643600463867 -0.49615207314491271973 -0.46754172444343566895 -0.46417984366416931152 -0.46135991811752319336 -0.4775384068489074707 -0.47326833009719848633 -0.4652220308780670166 -0.42593055963516235352 -0.45083689689636230469 -0.43395397067070007324 -0.44331046938896179199 -0.4483089148998260498 -0.39555078744888305664 -0.42437845468521118164 -0.40405809879302978516 -0.34847867488861083984 -0.3179314732551574707 -0.3221657872200012207 -0.31736409664154052734 -0.31819579005241394043 -0.3737932741641998291 -0.38119113445281982422 -0.39058753848075866699 -0.35364493727684020996 -0.42480745911598205566 -0.46561694145202636719 -0.46185263991355895996 -0.47813317179679870605 -0.41677001118659973145 -0.40604808926582336426 -0.40732163190841674805
-9999 -9999 -9999 -9999 -9999 -9999 -9999 -9999 -9999 -9999 -0.51416385173797607422 -0.50998210906982421875 -0.5156885981559753418 -0.49313941597938537598 -0.47975832223892211914 -0.44597849249839782715 -0.42221096158027648926 -0.41466146707534790039 -0.38918551802635192871 -0.45296141505241394043 -0.45811325311660766602 -0.44735431671142578125 -0.41928911209106445312 -0.43650650978088378906 -0.41581463813781738281 -0.4012857973575592041 -0.3146031498908996582 -0.30933248996734619141 -0.36230486631393432617 -0.35752832889556884766 -0.38383254408836364746 -0.327564239501953125 -0.37115490436553955078 -0.36814397573471069336 -0.33603069186210632324 -0.39712923765182495117 -0.44917818903923034668 -0.43132820725440979004 -0.43760070204734802246 -0.45418608188629150391 -0.42882162332534790039 -0.41631138324737548828
-9999 -9999 -9999 -9999 -9999 -9999 -9999 -9999 -9999 -9999 -0.55904275178909301758 -0.49566018581390380859 -0.54329389333724975586 -0.47167751193046569824 -0.46219772100448608398 -0.42173221707344055176 -0.43438521027565002441 -0.41560027003288269043 -0.42418751120567321777 -0.47139143943786621094 -0.44860377907752990723 -0.43173992633819580078 -0.40321367979049682617 -0.43445357680320739746 -0.41284441947937011719 -0.34891772270202636719 -0.30617067217826843262 -0.38241618871688842773 -0.45296770334243774414 -0.43633192777633666992 -0.44418665766716003418 -0.30166506767272949219 -0.35970041155815124512 -0.35250836610794067383 -0.36829319596290588379 -0.40976744890213012695 -0.40241068601608276367 -0.4056904911994934082 -0.4142831265926361084 -0.43368890881538391113 -0.43231272697448730469 -0.39134079217910766602
-9999 -9999 -9999 -9999 -9999 -9999 -9999 -9999 -9999 -9999 -0.55006456375122070312 -0.4993050992488861084 -0.52397513389587402344 -0.51057058572769165039 -0.50021517276763916016 -0.41067868471145629883 -0.42879813909530639648 -0.4176864326000213623 -0.45156118273735046387 -0.46537184715270996094 -0.45738369226455688477 -0.39970234036445617676 -0.37880584597587585449 -0.43199113011360168457 -0.41610702872276306152 -0.37329748272895812988 -0.41512188315391540527 -0.4760335087776184082 -0.48399475216865539551 -0.4752248227596282959 -0.48335433006286621094 -0.37737235426902770996 -0.35222771763801574707 -0.41257438063621520996 -0.45836204290390014648 -0.41335284709930419922 -0.38725715875625610352 -0.39416623115539550781 -0.41908061504364013672 -0.41804084181785583496 -0.38635975122451782227 -0.3639075160026550293
-9999 -9999 -9999 -9999 -9999 -9999 -9999 -9999 -9999 -9999 -0.55248695611953735352 -0.53043568134307861328 -0.53012549877166748047 -0.50255429744720458984 -0.45586475729942321777 -0.42364421486854553223 -0.43366003036499023438 -0.42338618636131286621 -0.38584971427917480469 -0.37173002958297729492 -0.41846156120300292969 -0.37543565034866333008 -0.38013407588005065918 -0.43845781683921813965 -0.40874892473220825195 -0.42833364009857177734 -0.44675230979919433594 -0.46167010068893432617 -0.46138018369674682617 -0.44968250393867492676 -0.4400386810302734375 -0.37868484854698181152 -0.29925867915153503418 -0.40144816040992736816 -0.41956067085266113281 -0.4201437830924987793 -0.38600432872772216797 -0.41677081584930419922 -0.3611201941967010498 -0.37816575169563293457 -0.38029181957244873047 -0.36621302366256713867
-9999 -9999 -9999 -9999 -9999 -9999 -9999 -9999 -9999 -9999 -0.51816004514694213867 -0.53599894046783447266 -0.49573561549186706543 -0.46672478318214416504 -0.47209769487380981445 -0.38631004095077514648 -0.41488295793533325195 -0.39792305231094360352 -0.4132684171199798584 -0.40832933783531188965 -0.42181381583213806152 -0.39429056644439697266 -0.41222712397575378418 -0.44633159041404724121 -0.4208933413028717041 -0.42687875032424926758 -0.427928924560546875 -0.4570388495922088623 -0.43542870879173278809 -0.40030205249786376953 -0.37131631374359130859 -0.35002866387367248535 -0.30929639935493469238 -0.41060623526573181152 -0.41551256179809570312 -0.41297680139541625977 -0.44247078895568847656 -0.41872641444206237793 -0.34968081116676330566 -0.3806000053882598877 -0.38587141036987304688 -0.38745746016502380371
-9999 -9999 -9999 -9999 -9999 -9999 -9999 -9999 -9999 -9999 -0.5092532038688659668 -0.52560847997665405273 -0.43524211645126342773 -0.43601375818252563477 -0.45859763026237487793 -0.43795984983444213867 -0.46582707762718200684 -0.43104159832000732422 -0.41095510125160217285 -0.41828268766403198242 -0.38431528210639953613 -0.39342036843299865723 -0.42466136813163757324 -0.44749987125396728516 -0.46940752863883972168 -0.49065995216369628906 -0.42257636785507202148 -0.42008432745933532715 -0.44638493657112121582 -0.43973639607429504395 -0.45922219753265380859 -0.45897889137268066406 -0.39954942464828491211 -0.4212010502815246582 -0.42092138528823852539 -0.41473945975303649902 -0.43717399239540100098 -0.43828970193862915039 -0.34084278345108032227 -0.38703802227973937988 -0.42519688606262207031 -0.39436727762222290039
-9999 -9999 -9999 -9999 -9999 -9999 -9999 -9999 -9999 -9999 -0.50709575414657592773 -0.50540292263031005859 -0.44582450389862060547 -0.43279397487640380859 -0.4463170170783996582 -0.43877339363098144531 -0.48295298218727111816 -0.46007552742958068848 -0.4124717414379119873 -0.38016745448112487793 -0.38062864542007446289 -0.39708986878395080566 -0.34486499428749084473 -0.38549077510833740234 -0.46386572718620300293 -0.46926265954971313477 -0.45440834760665893555 -0.43456256389617919922 -0.47417771816253662109 -0.45631808042526245117 -0.43221542239189147949 -0.42944103479385375977 -0.45005285739898681641 -0.43885186314582824707 -0.42323988676071166992 -0.47616422176361083984 -0.42965543270111083984 -0.40708521008491516113 -0.35236558318138122559 -0.3953457176685333252 -0.40762463212013244629 -0.3727264106273651123
-9999 -9999 -9999 -9999 -9999 -9999 -9999 -9999 -9999 -9999 -0.51683127880096435547 -0.50988036394119262695 -0.4646472632884979248 -0.4386564791202545166 -0.4281514286994934082 -0.46263009309768676758 -0.46489876508712768555 -0.46695238351821899414 -0.40969631075859069824 -0.39665105938911437988 -0.42283007502555847168 -0.38156449794769287109 -0.38201972842216491699 -0.35277998447418212891 -0.41934317350387573242 -0.4438527226448059082 -0.44634070992469787598 -0.44865253567695617676 -0.48412486910820007324 -0.44661977887153625488 -0.43637335300445556641 -0.4542407989501953125 -0.43141889572143554688 -0.42814853787422180176 -0.43095645308494567871 -0.42343479394912719727 -0.42434266209602355957 -0.38951092958450317383 -0.36021533608436584473 -0.37108507752418518066 -0.34449630975723266602 -0.38743066787719726562
-9999 -9999 -9999 -9999 -9999 -9999 -9999 -9999 -9999 -0.48225161433219909668 -0.50920456647872924805 -0.49638214707374572754 -0.45283365249633789062 -0.42392304539680480957 -0.42224463820457458496 -0.45044061541557312012 -0.45872890949249267578 -0.43984553217887878418 -0.36607873439788818359 -0.38876196742057800293 -0.42918995022773742676 -0.40530365705490112305 -0.34422853589057922363 -0.31235894560813903809 -0.32500046491622924805 -0.29964390397071838379 -0.43261849880218505859 -0.44954311847686767578 -0.42371201515197753906 -0.45852547883987426758 -0.45503896474838256836 -0.46497046947479248047 -0.43136355280876159668 -0.40827602148056030273 -0.42687866091728210449 -0.42717200517654418945 -0.37291446328163146973 -0.34663626551628112793 -0.3456878662109375 -0.35465443134307861328 -0.38669174909591674805 -0.38553023338317871094
-9999 -9999 -9999 -9999 -9999 -9999 -9999 -9999 -9999 -0.48403877019882202148 -0.51619458198547363281 -0.46463030576705932617 -0.42071321606636047363 -0.41728615760803222656 -0.43012478947639465332 -0.44550696015357971191 -0.44649943709373474121 -0.39431780576705932617 -0.39304351806640625 -0.40177527070045471191 -0.44033905863761901855 -0.41461554169654846191 -0.3856995701789855957 -0.29692760109901428223 -0.28505426645278930664 -0.29086521267890930176 -0.40692543983459472656 -0.42933216691017150879 -0.3971100151538848877 -0.45024728775024414062 -0.44193229079246520996 -0.4641933143138885498 -0.45668521523475646973 -0.4346676170825958252 -0.43086040019989013672 -0.42620372772216796875 -0.41576561331748962402 -0.3839645087718963623 -0.35508587956428527832 -0.38152530789375305176 -0.36239260435104370117 -0.38807177543640136719
-9999 -9999 -9999 -9999 -9999 -9999 -9999 -9999 -9999 -0.50246679782867431641 -0.56692266464233398438 -0.4660142064094543457 -0.44865027070045471191 -0.43693000078201293945 -0.41639491915702819824 -0.42847463488578796387 -0.42593249678611755371 -0.43504565954208374023 -0.41652855277061462402 -0.41961726546287536621 -0.41085824370384216309 -0.40866437554359436035 -0.39025375247001647949 -0.34243005514144897461 -0.30997902154922485352 -0.31347787380218505859 -0.36895152926445007324 -0.39174598455429077148 -0.41584628820419311523 -0.4135246574878692627 -0.45878618955612182617 -0.44968357682228088379 -0.43950149416923522949 -0.42252367734909057617 -0.42071044445037841797 -0.42876040935516357422 -0.40884417295455932617 -0.45613378286361694336 -0.36425897479057312012 -0.39388751983642578125 -0.34381732344627380371 -0.36402937769889831543
-9999 -9999 -9999 -9999 -9999 -9999 -9999 -9999 -0.55456602573394775391 -0.47265923023223876953 -0.52118390798568725586 -0.47914129495620727539 -0.50604611635208129883 -0.48634117841720581055 -0.49299904704093933105 -0.50849211215972900391 -0.51578795909881591797 -0.51744824647903442383 -0.45085033774375915527 -0.41343453526496887207 -0.41756197810173034668 -0.39189013838768005371 -0.39226362109184265137 -0.38347601890563964844 -0.36013957858085632324 -0.2897281646728515625 -0.30436420440673828125 -0.33978429436683654785 -0.42753759026527404785 -0.39928984642028808594 -0.45157480239868164062 -0.43606966733932495117 -0.43370664119720458984 -0.40967833995819091797 -0.4338398277759552002 -0.41688582301139831543 -0.37846618890762329102 -0.4575004279613494873 -0.44029924273490905762 -0.40934219956398010254 -0.41066390275955200195 -0.37169733643531799316
-9999 -9999 -9999 -9999 -9999 -9999 -9999 -9999 -0.55791890621185302734 -0.46434471011161804199 -0.51982891559600830078 -0.52944546937942504883 -0.48236700892448425293 -0.47632673382759094238 -0.45803627371788024902 -0.41834303736686706543 -0.45135015249252319336 -0.48574268817901611328 -0.45509105920791625977 -0.43945115804672241211 -0.42975839972496032715 -0.4002532958984375 -0.41040822863578796387 -0.37410068511962890625 -0.3799133598804473877 -0.37731420993804931641 -0.3690687716007232666 -0.34546431899070739746 -0.42181503772735595703 -0.4235267341136932373 -0.42427617311477661133 -0.42590302228927612305 -0.43170872330665588379 -0.41074502468109130859 -0.41539391875267028809 -0.4045791923999786377 -0.38778841495513916016 -0.39937195181846618652 -0.45187652111053466797 -0.43257287144660949707 -0.42462372779846191406 -0.41037696599960327148
-9999 -9999 -9999 -9999 -9999 -9999 -9999 -9999 -0.56320768594741821289 -0.48748263716697692871 -0.52322524785995483398 -0.49165832996368408203 -0.43923893570899963379 -0.44840478897094726562 -0.45209160447120666504 -0.43519037961959838867 -0.4823589026927947998 -0.49172648787498474121 -0.38160505890846252441 -0.42215135693550109863 -0.39781239628791809082 -0.42374709248542785645 -0.40240570902824401855 -0.3743426203727722168 -0.39305362105369567871 -0.3915297091007232666 -0.33326518535614013672 -0.37461066246032714844 -0.39721000194549560547 -0.36044159531593322754 -0.44382408261299133301 -0.41563966870307922363 -0.40962162613868713379 -0.37154683470726013184 -0.33020955324172973633 -0.38390013575553894043 -0.37799403071403503418 -0.43255633115768432617 -0.45907124876976013184 -0.46486631035804748535 -0.42819809913635253906 -0.41525617241859436035
-9999 -9999 -9999 -9999 -9999 -9999 -9999 -0.4585984349250793457 -0.5490550994873046875 -0.53091830015182495117 -0.50561982393264770508 -0.45042651891708374023 -0.36475905776023864746 -0.38585674762725830078 -0.38165670633316040039 -0.40619894862174987793 -0.44746229052543640137 -0.49336028099060058594 -0.44890493154525756836 -0.45469075441360473633 -0.39854231476783752441 -0.42535430192947387695 -0.41373133659362792969 -0.38155001401901245117 -0.3846066892147064209 -0.36165857315063476562 -0.37567338347434997559 -0.33626231551170349121 -0.40461334586143493652 -0.34574660658836364746 -0.42548349499702453613 -0.40910708904266357422 -0.38583201169967651367 -0.41960319876670837402 -0.37685051560401916504 -0.35675513744354248047 -0.38760197162628173828 -0.42717689275741577148 -0.45615369081497192383 -0.41049367189407348633 -0.38660103082656860352 -0.39216917753219604492
-9999 -9999 -9999 -9999 -9999 -9999 -9999 -0.53659677505493164062 -0.50952857732772827148 -0.50747156143188476562 -0.41692316532135009766 -0.35061869025230407715 -0.33330941200256347656 -0.34298363327980041504 -0.35282573103904724121 -0.37956073880195617676 -0.42350652813911437988 -0.4274521172046661377 -0.42362919449806213379 -0.39809808135032653809 -0.40602284669876098633 -0.41646233201026916504 -0.39702084660530090332 -0.3639227747917175293 -0.32998204231262207031 -0.36390894651412963867 -0.37615883350372314453 -0.36461246013641357422 -0.34608730673789978027 -0.36467215418815612793 -0.41319805383682250977 -0.34435638785362243652 -0.39381000399589538574 -0.36628144979476928711 -0.39466276764869689941 -0.40183728933334350586 -0.40121576189994812012 -0.3818581998348236084 -0.39548912644386291504 -0.40033501386642456055 -0.39659893512725830078 -0.36714178323745727539
-9999 -9999 -9999 -9999 -9999 -9999 -9999 -0.53418290615081787109 -0.50191104412078857422 -0.41953799128532409668 -0.39542421698570251465 -0.3605740666389465332 -0.3781566917896270752 -0.35107448697090148926 -0.35388866066932678223 -0.31782823801040649414 -0.33372771739959716797 -0.39141190052032470703 -0.40597507357597351074 -0.39644655585289001465 -0.37419009208679199219 -0.40609887242317199707 -0.37582242488861083984 -0.32918083667755126953 -0.35266265273094177246 -0.38978692889213562012 -0.40219950675964355469 -0.40567520260810852051 -0.34446838498115539551 -0.36088472604751586914 -0.37685155868530273438 -0.39835035800933837891 -0.4128576815128326416 -0.41845884919166564941 -0.41591304540634155273 -0.39665359258651733398 -0.40970465540885925293 -0.36811420321464538574 -0.38589614629745483398 -0.42278420925140380859 -0.39271852374076843262 -0.38518008589744567871
