INPUT/RASTER/ASCII/ndwi.asc
ncols        225
nrows        269
xllcorner    473000.000000000000
yllcorner    4429100.000000000000
cellsize     50.000000000000
NODATA_value -9999
[rows 247 to 265 of 269, columns 84 to 125 of 225]
-0.23448619246482849121 -0.26569753885269165039 -0.25858524441719055176 -0.32347810268402099609 -0.2946974635124206543 -0.34408855438232421875 -0.36455732583999633789 -0.38177070021629333496 -0.32587316632270812988 -0.2779184877872467041 -0.27635157108306884766 -0.28092017769813537598 -0.28319087624549865723 -0.36204826831817626953 -0.3357366025447845459 -0.31370201706886291504 -0.3637364804744720459 -0.36116743087768554688 -0.37596416473388671875 -0.40434882044792175293 -0.42550560832023620605 -0.42041409015655517578 -0.4013830721378326416 -0.35910952091217041016 -0.37502866983413696289 -0.38294276595115661621 -0.43842834234237670898 -0.43548232316970825195 -0.48797112703323364258 -0.49476379156112670898 -0.53701597452163696289 -0.53876578807830810547 -0.54666841030120849609 -0.52897918224334716797 -0.49206000566482543945 -0.45870602130889892578 -0.3889694511890411377 -0.39956581592559814453 -0.41168725490570068359 -0.36095690727233886719 -0.32209447026252746582 -0.39328706264495849609
-0.28073319792747497559 -0.28015622496604919434 -0.32386928796768188477 -0.36557266116142272949 -0.35466617345809936523 -0.38925498723983764648 -0.33953109383583068848 -0.30452433228492736816 -0.35042122006416320801 -0.27220925688743591309 -0.27491301298141479492 -0.28785571455955505371 -0.26759919524192810059 -0.28747010231018066406 -0.32754057645797729492 -0.44597736001014709473 -0.43691098690032958984 -0.37937444448471069336 -0.40413770079612731934 -0.47846239805221557617 -0.44987061619758605957 -0.42737421393394470215 -0.46919775009155273438 -0.4593639373779296875 -0.4207083284854888916 -0.42969697713851928711 -0.44731411337852478027 -0.43278366327285766602 -0.40324202179908752441 -0.45101246237754821777 -0.50003796815872192383 -0.50236308574676513672 -0.51621782779693603516 -0.53282493352890014648 -0.51402276754379272461 -0.51469910144805908203 -0.50352919101715087891 -0.50783365964889526367 -0.5290305018424987793 -0.4982796013355255127 -0.37297841906547546387 -0.36514779925346374512
-0.29830336570739746094 -0.34903380274772644043 -0.38122454285621643066 -0.39362865686416625977 -0.367885589599609375 -0.35418933629989624023 -0.36027389764785766602 -0.29884603619575500488 -0.31708294153213500977 -0.40879690647125244141 -0.38234972953796386719 -0.33752113580703735352 -0.37895384430885314941 -0.32188999652862548828 -0.4357815086841583252 -0.48142206668853759766 -0.40852552652359008789 -0.40282234549522399902 -0.39017608761787414551 -0.43921509385108947754 -0.42331543564796447754 -0.46848270297050476074 -0.47615888714790344238 -0.3829746246337890625 -0.40564608573913574219 -0.42071840167045593262 -0.4393666684627532959 -0.44410622119903564453 -0.43796423077583312988 -0.45212313532829284668 -0.49326875805854797363 -0.51413720846176147461 -0.52712547779083251953 -0.50209575891494750977 -0.50786995887756347656 -0.49249288439750671387 -0.47355213761329650879 -0.47895646095275878906 -0.50036525726318359375 -0.48610568046569824219 -0.42387750744819641113 -0.37941053509712219238
-0.33386671543121337891 -0.39925849437713623047 -0.40536728501319885254 -0.41114288568496704102 -0.3418509364128112793 -0.37777695059776306152 -0.36048483848571777344 -0.31187850236892700195 -0.33044523000717163086 -0.32008755207061767578 -0.33920463919639587402 -0.42011806368827819824 -0.51918625831604003906 -0.47996181249618530273 -0.52583646774291992188 -0.44364556670188903809 -0.42573934793472290039 -0.39929294586181640625 -0.39331811666488647461 -0.45762848854064941406 -0.42259582877159118652 -0.4511909782886505127 -0.38282820582389831543 -0.40069130063056945801 -0.38053146004676818848 -0.39711296558380126953 -0.41932904720306396484 -0.42353057861328125 -0.45946776866912841797 -0.46649777889251708984 -0.46327203512191772461 -0.46595665812492370605 -0.49574074149131774902 -0.49535763263702392578 -0.52066528797149658203 -0.51046037673950195312 -0.49881508946418762207 -0.47565919160842895508 -0.5085074305534362793 -0.49312356114387512207 -0.40052738785743713379 -0.39969435334205627441
-0.3027801513671875 -0.39623254537582397461 -0.42411509156227111816 -0.40081936120986938477 -0.38207027316093444824 -0.35784056782722473145 -0.33701860904693603516 -0.34435880184173583984 -0.32702487707138061523 -0.32900726795196533203 -0.31277689337730407715 -0.37377807497978210449 -0.39716708660125732422 -0.47933232784271240234 -0.45717579126358032227 -0.43179461359977722168 -0.39129611849784851074 -0.38695701956748962402 -0.38880947232246398926 -0.42575615644454956055 -0.29869201779365539551 -0.31659626960754394531 -0.30294325947761535645 -0.35434886813163757324 -0.38778910040855407715 -0.37899431586265563965 -0.37553349137306213379 -0.40077751874923706055 -0.46376135945320129395 -0.43198096752166748047 -0.37815770506858825684 -0.3422610163688659668 -0.42987191677093505859 -0.41729652881622314453 -0.47019812464714050293 -0.48465743660926818848 -0.50588369369506835938 -0.50251215696334838867 -0.51233232021331787109 -0.51255828142166137695 -0.45179575681686401367 -0.37422606348991394043
-0.3281351625919342041 -0.43451228737831115723 -0.41974285244941711426 -0.35414019227027893066 -0.35832798480987548828 -0.3793799281120300293 -0.35974466800689697266 -0.35476863384246826172 -0.35337746143341064453 -0.3807328641414642334 -0.38909795880317687988 -0.39661103487014770508 -0.37096670269966125488 -0.43285807967185974121 -0.46241155266761779785 -0.46280995011329650879 -0.44331899285316467285 -0.39338925480842590332 -0.45290607213973999023 -0.41273888945579528809 -0.37452274560928344727 -0.40583020448684692383 -0.34114697575569152832 -0.35275748372077941895 -0.41906270384788513184 -0.40645962953567504883 -0.40800172090530395508 -0.41985225677490234375 -0.38711756467819213867 -0.46050927042961120605 -0.43216681480407714844 -0.40950244665145874023 -0.43739172816276550293 -0.39618432521820068359 -0.44106909632682800293 -0.44890937209129333496 -0.49268302321434020996 -0.50372600555419921875 -0.52969861030578613281 -0.49361500144004821777 -0.46670094132423400879 -0.43967288732528686523
-0.42666566371917724609 -0.44438484311103820801 -0.40202808380126953125 -0.38510790467262268066 -0.37199410796165466309 -0.39515191316604614258 -0.38742834329605102539 -0.35637682676315307617 -0.40713420510292053223 -0.43063852190971374512 -0.44710737466812133789 -0.43845146894454956055 -0.39926579594612121582 -0.47031196951866149902 -0.43033173680305480957 -0.44299522042274475098 -0.36997970938682556152 -0.4671471714973449707 -0.4673652350902557373 -0.43333539366722106934 -0.35533657670021057129 -0.42082071304321289062 -0.36947360634803771973 -0.35018336772918701172 -0.42529708147048950195 -0.37951272726058959961 -0.43135729432106018066 -0.4417317807674407959 -0.4193363487720489502 -0.45322048664093017578 -0.48389336466789245605 -0.41137924790382385254 -0.40358057618141174316 -0.3892472386360168457 -0.41392529010772705078 -0.42053765058517456055 -0.43211823701858520508 -0.48072233796119689941 -0.48862612247467041016 -0.50383603572845458984 -0.48797556757926940918 -0.49348980188369750977
-0.37111589312553405762 -0.40964266657829284668 -0.43122190237045288086 -0.38548904657363891602 -0.35569989681243896484 -0.40113773941993713379 -0.41388908028602600098 -0.42444893717765808105 -0.45141008496284484863 -0.41325029730796813965 -0.42131346464157104492 -0.44824761152267456055 -0.4419193267822265625 -0.48310479521751403809 -0.41284248232841491699 -0.38012588024139404297 -0.397705078125 -0.43524301052093505859 -0.45878395438194274902 -0.42626211047172546387 -0.31606984138488769531 -0.32368874549865722656 -0.45593798160552978516 -0.39485111832618713379 -0.43293690681457519531 -0.40110790729522705078 -0.38780918717384338379 -0.37721407413482666016 -0.44499346613883972168 -0.48554748296737670898 -0.47208380699157714844 -0.42529258131980895996 -0.43931171298027038574 -0.50865668058395385742 -0.43775466084480285645 -0.40127903223037719727 -0.44413456320762634277 -0.44430178403854370117 -0.47637322545051574707 -0.47233361005783081055 -0.48360463976860046387 -0.46752297878265380859
-0.39847621321678161621 -0.34614640474319458008 -0.35669666528701782227 -0.44685095548629760742 -0.49409344792366027832 -0.49369201064109802246 -0.48489731550216674805 -0.41496670246124267578 -0.39966034889221191406 -0.38442426919937133789 -0.37847238779067993164 -0.33929806947708129883 -0.38295039534568786621 -0.41438892483711242676 -0.48018661141395568848 -0.34295189380645751953 -0.49621364474296569824 -0.43882417678833007812 -0.41428202390670776367 -0.49185112118721008301 -0.31678724288940429688 -0.30842840671539306641 -0.39506173133850097656 -0.40212157368659973145 -0.44485670328140258789 -0.43371099233627319336 -0.37223631143569946289 -0.39284411072731018066 -0.43720966577529907227 -0.47902691364288330078 -0.48324462771415710449 -0.39839088916778564453 -0.4000511467456817627 -0.50531816482543945312 -0.39369028806686401367 -0.35130631923675537109 -0.40597385168075561523 -0.43352070450782775879 -0.44976568222045898438 -0.44577369093894958496 -0.47238045930862426758 -0.48820152878761291504
-0.39047145843505859375 -0.33236262202262878418 -0.26548078656196594238 -0.31972739100456237793 -0.43920266628265380859 -0.45171508193016052246 -0.46604654192924499512 -0.42874136567115783691 -0.40108630061149597168 -0.38551580905914306641 -0.31095707416534423828 -0.29018634557723999023 -0.31083625555038452148 -0.31780803203582763672 -0.35815191268920898438 -0.35106265544891357422 -0.4539095461368560791 -0.39598485827445983887 -0.44512718915939331055 -0.37585788965225219727 -0.31321987509727478027 -0.31136795878410339355 -0.35426825284957885742 -0.42338639497756958008 -0.39261603355407714844 -0.43634831905364990234 -0.35984575748443603516 -0.3903655707836151123 -0.45263129472732543945 -0.44621095061302185059 -0.49639073014259338379 -0.38881057500839233398 -0.35587486624717712402 -0.37334099411964416504 -0.34591531753540039062 -0.35609096288681030273 -0.43079733848571777344 -0.40427353978157043457 -0.42087197303771972656 -0.48616808652877807617 -0.51166653633117675781 -0.49159547686576843262
-0.39402756094932556152 -0.36796984076499938965 -0.30607149004936218262 -0.32935363054275512695 -0.42662006616592407227 -0.3913402259349822998 -0.40169194340705871582 -0.38248807191848754883 -0.39126095175743103027 -0.39617252349853515625 -0.33290243148803710938 -0.27839139103889465332 -0.30343857407569885254 -0.35593906044960021973 -0.36899781227111816406 -0.48380351066589355469 -0.47061243653297424316 -0.34412771463394165039 -0.30519437789916992188 -0.316661834716796875 -0.32816296815872192383 -0.32446944713592529297 -0.32842177152633666992 -0.39457142353057861328 -0.38593712449073791504 -0.39777958393096923828 -0.40317261219024658203 -0.40875864028930664062 -0.40095275640487670898 -0.3669007420539855957 -0.4037189781665802002 -0.37844076752662658691 -9999 -9999 -9999 -9999 -9999 -9999 -9999 -9999 -9999 -9999
-0.34583717584609985352 -0.35840260982513427734 -0.34608283638954162598 -0.39854457974433898926 -0.38033917546272277832 -0.38781681656837463379 -0.42111498117446899414 -0.38858067989349365234 -0.45360961556434631348 -0.46503135561943054199 -0.40512776374816894531 -0.36409106850624084473 -0.3395538330078125 -0.39582428336143493652 -0.39482215046882629395 -0.49122396111488342285 -0.36621016263961791992 -0.3166243433952331543 -0.33378612995147705078 -0.34196433424949645996 -0.33707204461097717285 -0.31388974189758300781 -0.30710455775260925293 -0.30994620919227600098 -0.29759943485260009766 -0.3700313866138458252 -0.39361903071403503418 -0.34956511855125427246 -9999 -9999 -9999 -9999 -9999 -9999 -9999 -9999 -9999 -9999 -9999 -9999 -9999 -9999
-0.35760530829429626465 -0.34996780753135681152 -0.33828294277191162109 -0.37340399622917175293 -0.40175729990005493164 -0.37976807355880737305 -0.45252937078475952148 -0.47786462306976318359 -0.48574745655059814453 -0.4535630643367767334 -0.43127173185348510742 -0.3740850985050201416 -0.41229963302612304688 -0.44808840751647949219 -0.42657840251922607422 -0.46790021657943725586 -0.41158303618431091309 -0.4383589327335357666 -0.39053785800933837891 -0.32453978061676025391 -0.35582306981086730957 -0.35882705450057983398 -0.37763890624046325684 -0.33315908908843994141 -0.36444368958473205566 -9999 -9999 -9999 -9999 -9999 -9999 -9999 -9999 -9999 -9999 -9999 -9999 -9999 -9999 -9999 -9999 -9999
-0.33977282047271728516 -0.2730916440486907959 -0.34020692110061645508 -0.39705917239189147949 -0.39895781874656677246 -0.42002105712890625 -0.44911262392997741699 -0.43525862693786621094 -0.48679268360137939453 -0.42675057053565979004 -0.40783357620239257812 -0.41392663121223449707 -0.43897736072540283203 -0.41952818632125854492 -0.36855247616767883301 -0.43778279423713684082 -0.41172197461128234863 -0.34051585197448730469 -0.31393152475357055664 -0.37845617532730102539 -0.31999161839485168457 -0.34368950128555297852 -0.39144599437713623047 -0.36736530065536499023 -9999 -9999 -9999 -9999 -9999 -9999 -9999 -9999 -9999 -9999 -9999 -9999 -9999 -9999 -9999 -9999 -9999 -9999
-0.27934572100639343262 -0.25070923566818237305 -0.33124044537544250488 -0.41257339715957641602 -0.36074846982955932617 -0.38808768987655639648 -0.40418732166290283203 -0.40943107008934020996 -0.42766341567039489746 -0.43126773834228515625 -0.45436644554138183594 -0.43324366211891174316 -0.41039368510246276855 -0.40221697092056274414 -0.34689128398895263672 -0.4742437899112701416 -0.34600329399108886719 -0.34667184948921203613 -0.37587600946426391602 -0.32231232523918151855 -0.35450068116188049316 -0.39758485555648803711 -0.32466936111450195312 -9999 -9999 -9999 -9999 -9999 -9999 -9999 -9999 -9999 -9999 -9999 -9999 -9999 -9999 -9999 -9999 -9999 -9999 -9999
-0.26293954253196716309 -0.28844040632247924805 -0.34632527828216552734 -0.37631681561470031738 -0.38208106160163879395 -0.36812987923622131348 -0.42130991816520690918 -0.3860473334789276123 -0.36299872398376464844 -0.42882677912712097168 -0.47368720173835754395 -0.44192263484001159668 -0.41082394123077392578 -0.33399945497512817383 -0.44496461749076843262 -0.36565613746643066406 -0.33376333117485046387 -0.39744555950164794922 -0.42324122786521911621 -0.37222847342491149902 -0.40548545122146606445 -9999 -9999 -9999 -9999 -9999 -9999 -9999 -9999 -9999 -9999 -9999 -9999 -9999 -9999 -9999 -9999 -9999 -9999 -9999 -9999 -9999
-0.27907928824424743652 -0.27837127447128295898 -0.34262740612030029297 -0.35163381695747375488 -0.37804755568504333496 -0.35255199670791625977 -0.45813468098640441895 -0.41800951957702636719 -0.43315717577934265137 -0.43059182167053222656 -0.41700783371925354004 -0.42073994874954223633 -0.40277853608131408691 -0.35151827335357666016 -0.49811661243438720703 -0.31857496500015258789 -0.43347096443176269531 -0.43937513232231140137 -0.39808800816535949707 -9999 -9999 -9999 -9999 -9999 -9999 -9999 -9999 -9999 -9999 -9999 -9999 -9999 -9999 -9999 -9999 -9999 -9999 -9999 -9999 -9999 -9999 -9999
-0.28967463970184326172 -0.28577965497970581055 -0.35046964883804321289 -0.37611863017082214355 -0.40304061770439147949 -0.3693370819091796875 -0.42864981293678283691 -0.40047323703765869141 -0.42432168126106262207 -0.46226197481155395508 -0.43087330460548400879 -0.40629482269287109375 -0.37913173437118530273 -0.42422708868980407715 -0.38779616355895996094 -0.41289862990379333496 -0.42024365067481994629 -0.34773740172386169434 -9999 -9999 -9999 -9999 -9999 -9999 -9999 -9999 -9999 -9999 -9999 -9999 -9999 -9999 -9999 -9999 -9999 -9999 -9999 -9999 -9999 -9999 -9999 -9999
-0.31569650769233703613 -0.34039908647537231445 -0.40457168221473693848 -0.41393485665321350098 -0.43630170822143554688 -0.3820819556713104248 -0.37470954656600952148 -0.38347652554512023926 -0.39227056503295898438 -0.43687254190444946289 -0.4105981290340423584 -0.37268379330635070801 -0.3462359309196472168 -0.41553390026092529297 -0.37402984499931335449 -0.44409933686256408691 -0.30549854040145874023 -9999 -9999 -9999 -9999 -9999 -9999 -9999 -9999 -9999 -9999 -9999 -9999 -9999 -9999 -9999 -9999 -9999 -9999 -9999 -9999 -9999 -9999 -9999 -9999 -9999
