INPUT/RASTER/ASCII/ndwi2021.asc
ncols        225
nrows        269
xllcorner    473009.983799999987
yllcorner    4429051.174800000153
cellsize     50.000000000000
NODATA_value -9999
[rows 162 to 179 of 269, columns 80 to 119 of 225]
-0.3810081183910369873 -0.39577907323837280273 -0.3699525296688079834 -0.32883065938949584961 -0.31418669223785400391 -0.32511764764785766602 -0.32080149650573730469 -0.3924802243709564209 -0.40859249234199523926 -0.44186541438102722168 -0.39774683117866516113 -0.43134015798568725586 -0.46326923370361328125 -0.47138822078704833984 -0.41025444865226745605 -0.4345550835132598877 -0.45561808347702026367 -0.45432776212692260742 -0.44368016719818115234 -0.42339080572128295898 -0.33531463146209716797 -0.35954126715660095215 -0.3550230562686920166 -0.3620993494987487793 -0.35103115439414978027 -0.39436501264572143555 -0.39242079854011535645 -0.38055855035781860352 -0.40223702788352966309 -0.38548517227172851563 -0.38715901970863342285 -0.36883524060249328613 -0.39395344257354736328 -0.38910225033760070801 -0.42101106047630310059 -0.4766457974910736084 -0.49932509660720825195 -0.51442623138427734375 -0.42086139321327209473 -0.38792005181312561035
-0.39509332180023193359 -0.39062285423278808594 -0.34956195950508117676 -0.34903043508529663086 -0.3295052647590637207 -0.31103634834289550781 -0.30439364910125732422 -0.38376179337501525879 -0.3708839118480682373 -0.38127592206001281738 -0.38107317686080932617 -0.43597203493118286133 -0.46891483664512634277 -0.48837366700172424316 -0.39087459444999694824 -0.40598276257514953613 -0.4456805884838104248 -0.44976672530174255371 -0.4247468411922454834 -0.43394258618354797363 -0.39572060108184814453 -0.36845576763153076172 -0.36737626791000366211 -0.37820968031883239746 -0.42196810245513916016 -0.39568611979484558105 -0.39075297117233276367 -0.39467895030975341797 -0.41125229001045227051 -0.38980162143707275391 -0.3248024284839630127 -0.3388710319995880127 -0.39695817232131958008 -0.44935676455497741699 -0.44043371081352233887 -0.47160574793815612793 -0.49882045388221740723 -0.50893497467041015625 -0.43406212329864501953 -0.36631989479064941406
-0.41161319613456726074 -0.39697098731994628906 -0.38060683012008666992 -0.35091164708137512207 -0.3184089362621307373 -0.31962352991104125977 -0.32433646917343139648 -0.37860736250877380371 -0.34878480434417724609 -0.3302421271800994873 -0.3705355226993560791 -0.43681773543357849121 -0.53872704505920410156 -0.42970687150955200195 -0.36635562777519226074 -0.38247027993202209473 -0.42711097002029418945 -0.46024084091186523438 -0.4187450110912322998 -0.4532012939453125 -0.47417697310447692871 -0.42680573463439941406 -0.38686344027519226074 -0.42918092012405395508 -0.41125646233558654785 -0.35712990164756774902 -0.36422243714332580566 -0.39159098267555236816 -0.41747570037841796875 -0.39962464570999145508 -0.31445413827896118164 -0.33051601052284240723 -0.41494414210319519043 -0.43167132139205932617 -0.42182746529579162598 -0.51203608512878417969 -0.48456549644470214844 -0.47211953997611999512 -0.47598725557327270508 -0.43090352416038513184
-0.39618319272994995117 -0.3677635490894317627 -0.35631963610649108887 -0.33534210920333862305 -0.31993937492370605469 -0.31838074326515197754 -0.29159206151962280273 -0.31463924050331115723 -0.34226840734481811523 -0.34338867664337158203 -0.35060107707977294922 -0.4754320681095123291 -0.49763131141662597656 -0.34890097379684448242 -0.34262192249298095703 -0.38768547773361206055 -0.38503184914588928223 -0.4143829047679901123 -0.45094579458236694336 -0.46709617972373962402 -0.45886409282684326172 -0.34486541152000427246 -0.41300669312477111816 -0.45879191160202026367 -0.38981431722640991211 -0.33416503667831420898 -0.37021240592002868652 -0.38310536742210388184 -0.38401341438293457031 -0.39309340715408325195 -0.37073954939842224121 -0.46088582277297973633 -0.4485956728458404541 -0.43760782480239868164 -0.40079811215400695801 -0.50113201141357421875 -0.40671914815902709961 -0.36570972204208374023 -0.4037965238094329834 -0.44915905594825744629
-0.33964470028877258301 -0.36325922608375549316 -0.35979798436164855957 -0.33690243959426879883 -0.30497646331787109375 -0.27819642424583435059 -0.29473817348480224609 -0.28986302018165588379 -0.30230194330215454102 -0.3601531982421875 -0.39053010940551757813 -0.42312967777252197266 -0.36976987123489379883 -0.33811718225479125977 -0.33166894316673278809 -0.37633204460144042969 -0.38849487900733947754 -0.40565100312232971191 -0.46052062511444091797 -0.47575876116752624512 -0.41304856538772583008 -0.3352349698543548584 -0.42839002609252929688 -0.43981671333312988281 -0.37862566113471984863 -0.37063691020011901855 -0.38080656528472900391 -0.39057826995849609375 -0.40873742103576660156 -0.43699353933334350586 -0.42332234978675842285 -0.46331706643104553223 -0.47966551780700683594 -0.44912207126617431641 -0.45201078057289123535 -0.48863700032234191895 -0.42196744680404663086 -0.38627293705940246582 -0.42635497450828552246 -0.48293691873550415039
-0.32778826355934143066 -0.3553009033203125 -0.38463449478149414063 -0.33342841267585754395 -0.32697129249572753906 -0.30377170443534851074 -0.28810602426528930664 -0.27978566288948059082 -0.29114270210266113281 -0.43555033206939697266 -0.43455681204795837402 -0.31960543990135192871 -0.33303555846214294434 -0.32909449934959411621 -0.32801288366317749023 -0.31344556808471679688 -0.38808071613311767578 -0.42649936676025390625 -0.46695211529731750488 -0.46403005719184875488 -0.3232110440731048584 -0.3649380803108215332 -0.40679824352264404297 -0.4205239713191986084 -0.37806975841522216797 -0.37290847301483154297 -0.37731289863586425781 -0.40793910622596740723 -0.45756492018699645996 -0.49053519964218139648 -0.40937453508377075195 -0.39308723807334899902 -0.50211536884307861328 -0.50437653064727783203 -0.46875005960464477539 -0.39715585112571716309 -0.40235161781311035156 -0.47932526469230651855 -0.47954800724983215332 -0.48792821168899536133
-0.32868924736976623535 -0.32841610908508300781 -0.33625110983848571777 -0.33556234836578369141 -0.33998218178749084473 -0.34278050065040588379 -0.30277141928672790527 -0.29198732972145080566 -0.35214954614639282227 -0.4700132906436920166 -0.41467744112014770508 -0.3383267819881439209 -0.34844556450843811035 -0.34878945350646972656 -0.35739594697952270508 -0.36974039673805236816 -0.40510809421539306641 -0.39884939789772033691 -0.41576877236366271973 -0.38996365666389465332 -0.31774446368217468262 -0.43242633342742919922 -0.43632149696350097656 -0.41371929645538330078 -0.40075370669364929199 -0.38320931792259216309 -0.38283449411392211914 -0.40208300948143005371 -0.45887425541877746582 -0.46559745073318481445 -0.39203694462776184082 -0.37301748991012573242 -0.47885471582412719727 -0.53875845670700073242 -0.42849007248878479004 -0.38948842883110046387 -0.33519250154495239258 -0.44039452075958251953 -0.47253915667533874512 -0.42963770031929016113
-0.30767107009887695313 -0.32974213361740112305 -0.34585520625114440918 -0.33109453320503234863 -0.32950031757354736328 -0.35309314727783203125 -0.3292312324047088623 -0.35456842184066772461 -0.42476919293403625488 -0.41803589463233947754 -0.39856284856796264648 -0.35743993520736694336 -0.33697053790092468262 -0.36285832524299621582 -0.33496716618537902832 -0.34634158015251159668 -0.37969896197319030762 -0.38239461183547973633 -0.3870512843132019043 -0.30469939112663269043 -0.35530808568000793457 -0.42817193269729614258 -0.43679979443550109863 -0.40804460644721984863 -0.38854497671127319336 -0.39220529794692993164 -0.3894608616828918457 -0.39555287361145019531 -0.48149687051773071289 -0.46481445431709289551 -0.37992084026336669922 -0.35532838106155395508 -0.39701032638549804688 -0.47748303413391113281 -0.39629358053207397461 -0.36279663443565368652 -0.31364485621452331543 -0.34704849123954772949 -0.4644139707088470459 -0.45353400707244873047
-0.31578201055526733398 -0.31075084209442138672 -0.34270587563514709473 -0.3396390080451965332 -0.34850800037384033203 -0.34790709614753723145 -0.44159677624702453613 -0.4328600466251373291 -0.36950534582138061523 -0.4308713376522064209 -0.39932236075401306152 -0.3897444605827331543 -0.37918379902839660645 -0.34079951047897338867 -0.3087215423583984375 -0.33924552798271179199 -0.34801664948463439941 -0.34500861167907714844 -0.35543435811996459961 -0.27795886993408203125 -0.36990013718605041504 -0.41332507133483886719 -0.43807587027549743652 -0.45926231145858764648 -0.4315611422061920166 -0.39866808056831359863 -0.40192008018493652344 -0.43669137358665466309 -0.48259699344635009766 -0.46452066302299499512 -0.40621244907379150391 -0.37323722243309020996 -0.36223256587982177734 -0.39805448055267333984 -0.39982107281684875488 -0.34991195797920227051 -0.3044344484806060791 -0.31751862168312072754 -0.37630662322044372559 -0.41237372159957885742
-0.34162813425064086914 -0.31264245510101318359 -0.35132253170013427734 -0.36681315302848815918 -0.40549859404563903809 -0.39236670732498168945 -0.3720467686653137207 -0.35483965277671813965 -0.36068767309188842773 -0.41029000282287597656 -0.40838712453842163086 -0.3566220700740814209 -0.39686989784240722656 -0.34559151530265808105 -0.32360443472862243652 -0.37853848934173583984 -0.35835745930671691895 -0.35347354412078857422 -0.34934675693511962891 -0.35003224015235900879 -0.38874706625938415527 -0.41273418068885803223 -0.44338744878768920898 -0.45767509937286376953 -0.41324031352996826172 -0.39612928032875061035 -0.38422918319702148438 -0.40044239163398742676 -0.45631480216979980469 -0.41827720403671264648 -0.38335376977920532227 -0.33348584175109863281 -0.31787210702896118164 -0.37760865688323974609 -0.37984815239906311035 -0.33032062649726867676 -0.3120180964469909668 -0.29315766692161560059 -0.2941023409366607666 -0.31661209464073181152
-0.34111765027046203613 -0.31675305962562561035 -0.35593658685684204102 -0.4183578193187713623 -0.45556214451789855957 -0.37909767031669616699 -0.34853291511535644531 -0.3769728541374206543 -0.36389255523681640625 -0.36341416835784912109 -0.37481608986854553223 -0.35444214940071105957 -0.3647912144660949707 -0.38564819097518920898 -0.38896092772483825684 -0.40385541319847106934 -0.35477483272552490234 -0.38443610072135925293 -0.37300002574920654297 -0.39878132939338684082 -0.41134420037269592285 -0.3855158388614654541 -0.43483975529670715332 -0.39910915493965148926 -0.4080759882926940918 -0.39178100228309631348 -0.37340623140335083008 -0.37875661253929138184 -0.43995979428291320801 -0.44282433390617370605 -0.39318966865539550781 -0.3084450066089630127 -0.30598899722099304199 -0.3535919189453125 -0.34709903597831726074 -0.36565372347831726074 -0.33605813980102539063 -0.29086035490036010742 -0.2987944483757019043 -0.31226265430450439453
-0.35640433430671691895 -0.36334487795829772949 -0.39768186211585998535 -0.44414019584655761719 -0.41871502995491027832 -0.35619434714317321777 -0.33534789085388183594 -0.38124054670333862305 -0.39210084080696105957 -0.40263351798057556152 -0.40131962299346923828 -0.36625069379806518555 -0.35375329852104187012 -0.36860316991806030273 -0.39481058716773986816 -0.39383932948112487793 -0.36633443832397460938 -0.38739490509033203125 -0.36661306023597717285 -0.37985557317733764648 -0.41085681319236755371 -0.39618378877639770508 -0.40503823757171630859 -0.37868079543113708496 -0.4126377403736114502 -0.41209492087364196777 -0.37532988190650939941 -0.37659299373626708984 -0.44335904717445373535 -0.45498180389404296875 -0.45527908205986022949 -0.33597481250762939453 -0.30076482892036437988 -0.39272204041481018066 -0.35470870137214660645 -0.36431601643562316895 -0.33774864673614501953 -0.30917808413505554199 -0.30051794648170471191 -0.32005923986434936523
-0.41054823994636535645 -0.38230124115943908691 -0.40221637487411499023 -0.47970905900001525879 -0.35329678654670715332 -0.32982122898101806641 -0.3664620518684387207 -0.40154489874839782715 -0.41451492905616760254 -0.39452371001243591309 -0.37945276498794555664 -0.32665866613388061523 -0.33240398764610290527 -0.3330211639404296875 -0.35122290253639221191 -0.35316205024719238281 -0.40052598714828491211 -0.42177128791809082031 -0.35591113567352294922 -0.36759418249130249023 -0.39400944113731384277 -0.3924998939037322998 -0.3758532404899597168 -0.35444152355194091797 -0.4111385345458984375 -0.40805152058601379395 -0.3767522275447845459 -0.37955078482627868652 -0.42239797115325927734 -0.38227039575576782227 -0.40320846438407897949 -0.36545512080192565918 -0.31857135891914367676 -0.40164157748222351074 -0.36618509888648986816 -0.3685868382453918457 -0.33026465773582458496 -0.30999547243118286133 -0.3018983006477355957 -0.33693826198577880859
-0.4061635136604309082 -0.38941329717636108398 -0.45109504461288452148 -0.45835107564926147461 -0.34675753116607666016 -0.36104428768157958984 -0.3785381019115447998 -0.41565692424774169922 -0.37944322824478149414 -0.40145355463027954102 -0.39751744270324707031 -0.35511067509651184082 -0.41346132755279541016 -0.38756218552589416504 -0.35397773981094360352 -0.33622542023658752441 -0.35104793310165405273 -0.37709346413612365723 -0.34386351704597473145 -0.32679164409637451172 -0.35099273920059204102 -0.36013129353523254395 -0.36527997255325317383 -0.38483467698097229004 -0.37245056033134460449 -0.3680642247200012207 -0.38123801350593566895 -0.43582421541213989258 -0.41095247864723205566 -0.37912154197692871094 -0.3820883631706237793 -0.35073447227478027344 -0.32730969786643981934 -0.37204691767692565918 -0.35163393616676330566 -0.3536332249641418457 -0.31776106357574462891 -0.30771118402481079102 -0.31092235445976257324 -0.32991629838943481445
-0.32779997587203979492 -0.32420065999031066895 -0.39836114645004272461 -0.39229989051818847656 -0.31948652863502502441 -0.3653780817985534668 -0.41004785895347595215 -0.40566459298133850098 -0.3493239283561706543 -0.36845424771308898926 -0.41396325826644897461 -0.37576469779014587402 -0.40637767314910888672 -0.39280757308006286621 -0.36984533071517944336 -0.33205088973045349121 -0.33769294619560241699 -0.35319107770919799805 -0.37808108329772949219 -0.37479922175407409668 -0.38482767343521118164 -0.38312497735023498535 -0.43924173712730407715 -0.4251441657543182373 -0.36765536665916442871 -0.3555838465690612793 -0.38250765204429626465 -0.48320770263671875 -0.44328042864799499512 -0.44618394970893859863 -0.45344069600105285645 -0.3929233551025390625 -0.37961125373840332031 -0.36213660240173339844 -0.33435359597206115723 -0.32906439900398254395 -0.31288802623748779297 -0.29982009530067443848 -0.31833255290985107422 -0.32279545068740844727
-0.31477537751197814941 -0.325069427490234375 -0.43225917220115661621 -0.39028206467628479004 -0.33165070414543151855 -0.34662228822708129883 -0.36267584562301635742 -0.42812258005142211914 -0.3461754918098449707 -0.37899497151374816895 -0.37906196713447570801 -0.34310731291770935059 -0.38706648349761962891 -0.4432627558708190918 -0.36654096841812133789 -0.35055470466613769531 -0.37850913405418395996 -0.40352484583854675293 -0.44191825389862060547 -0.42762142419815063477 -0.43742701411247253418 -0.47043490409851074219 -0.46656286716461181641 -0.4490229189395904541 -0.38059839606285095215 -0.37365612387657165527 -0.45255267620086669922 -0.44228342175483703613 -0.41523092985153198242 -0.36934381723403930664 -0.43575960397720336914 -0.42574808001518249512 -0.41914731264114379883 -0.35323300957679748535 -0.30515640974044799805 -0.30552637577056884766 -0.31402385234832763672 -0.30365139245986938477 -0.31928789615631103516 -0.33104938268661499023
-0.3669764101505279541 -0.37850847840309143066 -0.48298615217208862305 -0.38744768500328063965 -0.34121349453926086426 -0.35681486129760742188 -0.37895163893699645996 -0.35149142146110534668 -0.31801679730415344238 -0.37076279520988464355 -0.38040241599082946777 -0.33860772848129272461 -0.3719603419303894043 -0.40762981772422790527 -0.39033147692680358887 -0.40455964207649230957 -0.42172786593437194824 -0.40530449151992797852 -0.44185611605644226074 -0.48304632306098937988 -0.49754863977432250977 -0.50580358505249023438 -0.48463010787963867188 -0.43893525004386901855 -0.37516385316848754883 -0.40143156051635742188 -0.40303316712379455566 -0.35609972476959228516 -0.38717690110206604004 -0.36258926987648010254 -0.37338769435882568359 -0.3712717592716217041 -0.36035022139549255371 -0.32262492179870605469 -0.2901223301887512207 -0.26444169878959655762 -0.28943911194801330566 -0.3079014122486114502 -0.31410393118858337402 -0.31802293658256530762
-0.39749029278755187988 -0.37367448210716247559 -0.4702930152416229248 -0.37584927678108215332 -0.3299706578254699707 -0.3552983701229095459 -0.38874298334121704102 -0.30329746007919311523 -0.29184716939926147461 -0.34162700176239013672 -0.37805652618408203125 -0.34181347489356994629 -0.360546112060546875 -0.37630423903465270996 -0.37602826952934265137 -0.42193168401718139648 -0.44747531414031982422 -0.40583297610282897949 -0.41991880536079406738 -0.44985374808311462402 -0.48505777120590209961 -0.50179272890090942383 -0.49257755279541015625 -0.44259926676750183105 -0.41819590330123901367 -0.43446779251098632813 -0.34702253341674804688 -0.32453647255897521973 -0.38152554631233215332 -0.37430238723754882813 -0.29585242271423339844 -0.31690630316734313965 -0.36105939745903015137 -0.33192083239555358887 -0.31412115693092346191 -0.26016762852668762207 -0.27049431204795837402 -0.32191058993339538574 -0.33466812968254089355 -0.34138178825378417969
