INPUT/RASTER/ASCII/ndwi2021.asc
ncols        225
nrows        269
xllcorner    473009.983799999987
yllcorner    4429051.174800000153
cellsize     50.000000000000
NODATA_value -9999
[rows 198 to 215 of 269, columns 80 to 119 of 225]
-0.47030615806579589844 -0.51710087060928344727 -0.51166123151779174805 -0.44997525215148925781 -0.43030732870101928711 -0.31623730063438415527 -0.23545181751251220703 -0.30739384889602661133 -0.37357118725776672363 -0.36710137128829956055 -0.27281272411346435547 -0.26117268204689025879 -0.27723523974418640137 -0.31124898791313171387 -0.30202826857566833496 -0.3248507082462310791 -0.3186264336109161377 -0.39081943035125732422 -0.45866325497627258301 -0.43582773208618164063 -0.33570346236228942871 -0.36961260437965393066 -0.37010252475738525391 -0.36928313970565795898 -0.36235249042510986328 -0.31462717056274414063 -0.29123345017433166504 -0.30840015411376953125 -0.27794271707534790039 -0.31210258603096008301 -0.35085141658782958984 -0.34698796272277832031 -0.35997945070266723633 -0.36808764934539794922 -0.35505893826484680176 -0.31471034884452819824 -0.30926570296287536621 -0.3228943943977355957 -0.39757138490676879883 -0.41311061382293701172
-0.40743967890739440918 -0.47762671113014221191 -0.48599490523338317871 -0.43787181377410888672 -0.44159293174743652344 -0.33716616034507751465 -0.26344263553619384766 -0.31653296947479248047 -0.33890554308891296387 -0.33570089936256408691 -0.33274918794631958008 -0.3069012761116027832 -0.36112961173057556152 -0.40685382485389709473 -0.37039849162101745605 -0.3545843958854675293 -0.3498077094554901123 -0.35028001666069030762 -0.44566938281059265137 -0.38355883955955505371 -0.35539960861206054688 -0.36176347732543945313 -0.37237277626991271973 -0.40443307161331176758 -0.3652312159538269043 -0.35577887296676635742 -0.34528750181198120117 -0.31567120552062988281 -0.31436130404472351074 -0.32890188694000244141 -0.32625415921211242676 -0.34204846620559692383 -0.4121029973030090332 -0.44291222095489501953 -0.35027799010276794434 -0.2990951836109161377 -0.27295404672622680664 -0.28652551770210266113 -0.30476662516593933105 -0.33446177840232849121
-0.3327045142650604248 -0.35727196931838989258 -0.38135215640068054199 -0.43744903802871704102 -0.402553558349609375 -0.32882010936737060547 -0.3002001345157623291 -0.32132309675216674805 -0.37144774198532104492 -0.35138183832168579102 -0.34465682506561279297 -0.32774978876113891602 -0.35446414351463317871 -0.37648659944534301758 -0.38797610998153686523 -0.36643609404563903809 -0.36543726921081542969 -0.3935387730598449707 -0.41276407241821289063 -0.3447398841381072998 -0.3170859217643737793 -0.32056167721748352051 -0.36539286375045776367 -0.42946785688400268555 -0.36112380027770996094 -0.37363842129707336426 -0.40891912579536437988 -0.35865497589111328125 -0.31366205215454101563 -0.32281970977783203125 -0.35866025090217590332 -0.37978285551071166992 -0.42211925983428955078 -0.40245068073272705078 -0.31372171640396118164 -0.30006438493728637695 -0.2600294947624206543 -0.27408605813980102539 -0.29323190450668334961 -0.3117808997631072998
-0.30231711268424987793 -0.30601444840431213379 -0.3542518317699432373 -0.43203803896903991699 -0.3600832521915435791 -0.32766711711883544922 -0.33473125100135803223 -0.37072917819023132324 -0.35423004627227783203 -0.3499049842357635498 -0.33972731232643127441 -0.35539126396179199219 -0.40223959088325500488 -0.36034426093101501465 -0.36847847700119018555 -0.40608516335487365723 -0.38412204384803771973 -0.37563925981521606445 -0.34408396482467651367 -0.31686249375343322754 -0.31373250484466552734 -0.31103372573852539063 -0.38756892085075378418 -0.44647035002708435059 -0.38080075383186340332 -0.33704292774200439453 -0.34700918197631835938 -0.29844978451728820801 -0.32768651843070983887 -0.28890010714530944824 -0.32042980194091796875 -0.39652082324028015137 -0.42016249895095825195 -0.37671867012977600098 -0.28438484668731689453 -0.27287441492080688477 -0.26285508275032043457 -0.26194295287132263184 -0.27254897356033325195 -0.27474606037139892578
-0.30243629217147827148 -0.31710964441299438477 -0.40229529142379760742 -0.39307618141174316406 -0.36963263154029846191 -0.30782657861709594727 -0.32624703645706176758 -0.3835506737232208252 -0.36037933826446533203 -0.33640819787979125977 -0.33174896240234375 -0.37116840481758117676 -0.40134605765342712402 -0.40745070576667785645 -0.38338446617126464844 -0.37899276614189147949 -0.38740962743759155273 -0.40610724687576293945 -0.34624844789505004883 -0.27907186746597290039 -0.28512537479400634766 -0.31502190232276916504 -0.42524290084838867188 -0.42343279719352722168 -0.41201961040496826172 -0.33329844474792480469 -0.3167362511157989502 -0.26507475972175598145 -0.28587663173675537109 -0.31044676899909973145 -0.32351052761077880859 -0.40219098329544067383 -0.43994516134262084961 -0.38077682256698608398 -0.30424004793167114258 -0.26076999306678771973 -0.25383245944976806641 -0.24600133299827575684 -0.26009985804557800293 -0.27069833874702453613
-0.32628047466278076172 -0.35980647802352905273 -0.4467379450798034668 -0.32151100039482116699 -0.31565022468566894531 -0.34327143430709838867 -0.33180868625640869141 -0.41173896193504333496 -0.3659432828426361084 -0.3288873136043548584 -0.32458975911140441895 -0.37438166141510009766 -0.38148516416549682617 -0.37888005375862121582 -0.39411550760269165039 -0.35759752988815307617 -0.34424912929534912109 -0.38915252685546875 -0.35988837480545043945 -0.3000272214412689209 -0.29438060522079467773 -0.27912566065788269043 -0.35969206690788269043 -0.35732340812683105469 -0.39137005805969238281 -0.3505706489086151123 -0.30355864763259887695 -0.29234462976455688477 -0.29746320843696594238 -0.28603988885879516602 -0.28778043389320373535 -0.38287791609764099121 -0.3583221733570098877 -0.29047217965126037598 -0.26128271222114562988 -0.26745212078094482422 -0.25941815972328186035 -0.26296201348304748535 -0.25876858830451965332 -0.25743967294692993164
-0.37832480669021606445 -0.44823333621025085449 -0.42801040410995483398 -0.31132972240447998047 -0.32114613056182861328 -0.37271669507026672363 -0.34314182400703430176 -0.34839573502540588379 -0.37533035874366760254 -0.32624715566635131836 -0.3200944066047668457 -0.33426329493522644043 -0.32300519943237304688 -0.35552820563316345215 -0.36081403493881225586 -0.38430869579315185547 -0.33503863215446472168 -0.36565577983856201172 -0.3383992612361907959 -0.30590027570724487305 -0.29732221364974975586 -0.26915693283081054688 -0.29839316010475158691 -0.3109760284423828125 -0.3391037285327911377 -0.3232129514217376709 -0.31312006711959838867 -0.3178774714469909668 -0.30199062824249267578 -0.30696830153465270996 -0.28466680645942687988 -0.32453456521034240723 -0.32407465577125549316 -0.32321593165397644043 -0.28190577030181884766 -0.27731552720069885254 -0.29579320549964904785 -0.33121815323829650879 -0.30559939146041870117 -0.27779841423034667969
-0.46648162603378295898 -0.48706260323524475098 -0.48552942276000976563 -0.41603565216064453125 -0.31498521566390991211 -0.35595312714576721191 -0.3354473114013671875 -0.30706727504730224609 -0.34454366564750671387 -0.29539477825164794922 -0.28465470671653747559 -0.30309003591537475586 -0.31250396370887756348 -0.35808745026588439941 -0.34029468894004821777 -0.36607384681701660156 -0.33654806017875671387 -0.34396502375602722168 -0.37163841724395751953 -0.35647058486938476563 -0.33686393499374389648 -0.28485080599784851074 -0.27478185296058654785 -0.28688657283782958984 -0.29974058270454406738 -0.30818271636962890625 -0.29141998291015625 -0.29835709929466247559 -0.2796364128589630127 -0.3100992739200592041 -0.34143924713134765625 -0.3652483522891998291 -0.34252282977104187012 -0.32173353433609008789 -0.27004602551460266113 -0.28098711371421813965 -0.31456699967384338379 -0.35630404949188232422 -0.30282026529312133789 -0.30939659476280212402
-0.48185497522354125977 -0.4958502650260925293 -0.49253571033477783203 -0.46480643749237060547 -0.34219825267791748047 -0.29242682456970214844 -0.25684642791748046875 -0.28181806206703186035 -0.33473178744316101074 -0.32702046632766723633 -0.28598505258560180664 -0.28209257125854492188 -0.29393675923347473145 -0.32932105660438537598 -0.33822956681251525879 -0.37741291522979736328 -0.38737121224403381348 -0.34094589948654174805 -0.34668436646461486816 -0.36781582236289978027 -0.31957504153251647949 -0.31941309571266174316 -0.32074329257011413574 -0.32254904508590698242 -0.30401223897933959961 -0.31479078531265258789 -0.30170452594757080078 -0.30042928457260131836 -0.29973262548446655273 -0.32136636972427368164 -0.37186837196350097656 -0.37423509359359741211 -0.35579505562782287598 -0.35121735930442810059 -0.34786698222160339355 -0.38208892941474914551 -0.40250694751739501953 -0.40800818800926208496 -0.42525973916053771973 -0.45484042167663574219
-0.47168037295341491699 -0.47959187626838684082 -0.49132269620895385742 -0.48896709084510803223 -0.38952776789665222168 -0.31836995482444763184 -0.25250980257987976074 -0.27423262596130371094 -0.32569831609725952148 -0.32070931792259216309 -0.28046587109565734863 -0.291095733642578125 -0.32896649837493896484 -0.35151374340057373047 -0.31883308291435241699 -0.32392492890357971191 -0.3413626253604888916 -0.30935323238372802734 -0.3064969480037689209 -0.32237648963928222656 -0.29970666766166687012 -0.35648468136787414551 -0.36723095178604125977 -0.34387075901031494141 -0.32826113700866699219 -0.31658646464347839355 -0.32708314061164855957 -0.29673430323600769043 -0.30338436365127563477 -0.3577677309513092041 -0.42281717061996459961 -0.32912427186965942383 -0.31983327865600585938 -0.33909532427787780762 -0.36182132363319396973 -0.34465378522872924805 -0.32704246044158935547 -0.38319024443626403809 -0.39707332849502563477 -0.43107450008392333984
-0.49626389145851135254 -0.44756335020065307617 -0.4420051872730255127 -0.47273689508438110352 -0.40751510858535766602 -0.29457813501358032227 -0.26288193464279174805 -0.29708901047706604004 -0.32596635818481445313 -0.3168939054012298584 -0.28188475966453552246 -0.25923746824264526367 -0.28011164069175720215 -0.3190993964672088623 -0.33847770094871520996 -0.33570519089698791504 -0.32532933354377746582 -0.29608991742134094238 -0.28598287701606750488 -0.3051936030387878418 -0.28854933381080627441 -0.32174584269523620605 -0.39574441313743591309 -0.34641098976135253906 -0.32520815730094909668 -0.33049806952476501465 -0.32423597574234008789 -0.30169719457626342773 -0.2970752716064453125 -0.35245537757873535156 -0.38139030337333679199 -0.26141706109046936035 -0.27875369787216186523 -0.25927311182022094727 -0.27425178885459899902 -0.31790471076965332031 -0.39210391044616699219 -0.40776282548904418945 -0.39829665422439575195 -0.44399592280387878418
-0.4606514275074005127 -0.43538597226142883301 -0.4087658226490020752 -0.42953392863273620605 -0.36243066191673278809 -0.2822659909725189209 -0.2816161811351776123 -0.31012031435966491699 -0.33111321926116943359 -0.33889955282211303711 -0.32242739200592041016 -0.27535036206245422363 -0.26331338286399841309 -0.26331651210784912109 -0.3168589174747467041 -0.3840179741382598877 -0.33271357417106628418 -0.3054962158203125 -0.29647392034530639648 -0.29661068320274353027 -0.28267398476600646973 -0.27055937051773071289 -0.28836533427238464355 -0.28883215785026550293 -0.28199622035026550293 -0.29010292887687683105 -0.31085783243179321289 -0.30039581656455993652 -0.30523952841758728027 -0.39128860831260681152 -0.35065066814422607422 -0.28501972556114196777 -0.28532052040100097656 -0.27224612236022949219 -0.27399599552154541016 -0.35993123054504394531 -0.42272877693176269531 -0.38684803247451782227 -0.41574713587760925293 -0.46314948797225952148
-0.40366154909133911133 -0.43504798412322998047 -0.41354411840438842773 -0.45384159684181213379 -0.36606466770172119141 -0.3709977269172668457 -0.36935177445411682129 -0.3448174595832824707 -0.34473666548728942871 -0.39460125565528869629 -0.41321364045143127441 -0.30489471554756164551 -0.26717039942741394043 -0.26038688421249389648 -0.28339052200317382813 -0.3183777928352355957 -0.34310382604598999023 -0.33305099606513977051 -0.34186956286430358887 -0.33822318911552429199 -0.29055550694465637207 -0.28192412853240966797 -0.283596038818359375 -0.28679293394088745117 -0.29161146283149719238 -0.28856375813484191895 -0.31037303805351257324 -0.29363235831260681152 -0.29972609877586364746 -0.36589422821998596191 -0.37878233194351196289 -0.40067139267921447754 -0.37289202213287353516 -0.37264150381088256836 -0.35308462381362915039 -0.39708420634269714355 -0.42759546637535095215 -0.41732436418533325195 -0.46070829033851623535 -0.4611282050609588623
-0.38866308331489562988 -0.47158330678939819336 -0.42965957522392272949 -0.43591532111167907715 -0.38606548309326171875 -0.38785642385482788086 -0.37589165568351745605 -0.3547191917896270752 -0.39192786812782287598 -0.37552660703659057617 -0.39418941736221313477 -0.41379058361053466797 -0.30892255902290344238 -0.27636393904685974121 -0.28087255358695983887 -0.30381312966346740723 -0.32172933220863342285 -0.33483293652534484863 -0.33873060345649719238 -0.33270251750946044922 -0.3177464902400970459 -0.31705492734909057617 -0.31034588813781738281 -0.37842613458633422852 -0.36805045604705810547 -0.34831669926643371582 -0.35268348455429077148 -0.32643917202949523926 -0.32605528831481933594 -0.39996978640556335449 -0.36897680163383483887 -0.39619895815849304199 -0.3959872126579284668 -0.38916409015655517578 -0.3586190342903137207 -0.3912855684757232666 -0.41710555553436279297 -0.37049406766891479492 -0.42714315652847290039 -0.44380202889442443848
-0.36000406742095947266 -0.43371063470840454102 -0.41098317503929138184 -0.40359351038932800293 -0.34316083788871765137 -0.35986736416816711426 -0.32527625560760498047 -0.34302619099617004395 -0.37401413917541503906 -0.35571661591529846191 -0.30563017725944519043 -0.36996743083000183105 -0.33814463019371032715 -0.29449951648712158203 -0.29375162720680236816 -0.29348003864288330078 -0.29040887951850891113 -0.28461557626724243164 -0.28886324167251586914 -0.28676599264144897461 -0.31028679013252258301 -0.35615214705467224121 -0.36578983068466186523 -0.45082104206085205078 -0.49998018145561218262 -0.46243649721145629883 -0.41056430339813232422 -0.38472393155097961426 -0.39526847004890441895 -0.35329356789588928223 -0.30544877052307128906 -0.37831822037696838379 -0.39144816994667053223 -0.34381070733070373535 -0.34409314393997192383 -0.33654701709747314453 -0.33289441466331481934 -0.3609428703784942627 -0.43289646506309509277 -0.40392890572547912598
-0.32151722908020019531 -0.32686537504196166992 -0.33567211031913757324 -0.35215738415718078613 -0.3635196685791015625 -0.37328380346298217773 -0.32223379611968994141 -0.30461788177490234375 -0.32586622238159179688 -0.36236810684204101563 -0.319782257080078125 -0.36068668961524963379 -0.35193052887916564941 -0.27491527795791625977 -0.26917281746864318848 -0.27967464923858642578 -0.2901197969913482666 -0.27425906062126159668 -0.26013225317001342773 -0.26819729804992675781 -0.28742611408233642578 -0.29099917411804199219 -0.33734506368637084961 -0.40277189016342163086 -0.4518814384937286377 -0.49175512790679931641 -0.37435778975486755371 -0.45078837871551513672 -0.3589763641357421875 -0.26992586255073547363 -0.27037376165390014648 -0.32500848174095153809 -0.34935048222541809082 -0.3293208777904510498 -0.3688094019889831543 -0.37986037135124206543 -0.31464380025863647461 -0.30447989702224731445 -0.40028965473175048828 -0.33282157778739929199
-0.3421135246753692627 -0.34839332103729248047 -0.30811780691146850586 -0.28810289502143859863 -0.31280091404914855957 -0.355838775634765625 -0.32273510098457336426 -0.29856780171394348145 -0.30470877885818481445 -0.36368891596794128418 -0.36510190367698669434 -0.3902416229248046875 -0.34092986583709716797 -0.28162133693695068359 -0.27823814749717712402 -0.27969405055046081543 -0.28022620081901550293 -0.26426666975021362305 -0.25568786263465881348 -0.24877122044563293457 -0.26227647066116333008 -0.25187733769416809082 -0.26918184757232666016 -0.33597430586814880371 -0.40232580900192260742 -0.44375896453857421875 -0.35592663288116455078 -0.44352075457572937012 -0.35233029723167419434 -0.28800418972969055176 -0.28159499168395996094 -0.28021928668022155762 -0.30381006002426147461 -0.32873803377151489258 -0.34761139750480651855 -0.38575911521911621094 -0.3674723207950592041 -0.32015329599380493164 -0.35666942596435546875 -0.33726730942726135254
-0.32658308744430541992 -0.32742872834205627441 -0.30493512749671936035 -0.27866831421852111816 -0.27476653456687927246 -0.28517186641693115234 -0.28937751054763793945 -0.3062667548656463623 -0.3229815065860748291 -0.35707131028175354004 -0.36327567696571350098 -0.36607396602630615234 -0.27705654501914978027 -0.28261229395866394043 -0.27067419886589050293 -0.27170696854591369629 -0.28090736269950866699 -0.28167289495468139648 -0.26874583959579467773 -0.26025885343551635742 -0.26222828030586242676 -0.25878950953483581543 -0.26858854293823242188 -0.36218887567520141602 -0.4015407562255859375 -0.36610910296440124512 -0.35340869426727294922 -0.40070211887359619141 -0.41631641983985900879 -0.30585968494415283203 -0.2763824462890625 -0.27546915411949157715 -0.28187528252601623535 -0.32023274898529052734 -0.37493166327476501465 -0.40989777445793151855 -0.40804064273834228516 -0.37530735135078430176 -0.34310591220855712891 -0.33273005485534667969
