INPUT/RASTER/ASCII/ndwi2021.asc
ncols        225
nrows        269
xllcorner    473009.983799999987
yllcorner    4429051.174800000153
cellsize     50.000000000000
NODATA_value -9999
[rows 108 to 125 of 269, columns 0 to 39 of 225]
-9999 -9999 -9999 -9999 -9999 -9999 -9999 -9999 -9999 -9999 -0.41733968257904052734 -0.38567820191383361816 -0.38793635368347167969 -0.39101043343544006348 -0.43087843060493469238 -0.40855744481086730957 -0.41814619302749633789 -0.41814127564430236816 -0.41060268878936767578 -0.4270553886890411377 -0.41041433811187744141 -0.38002762198448181152 -0.39164006710052490234 -0.39412954449653625488 -0.41225090622901916504 -0.39132577180862426758 -0.41679820418357849121 -0.41955268383026123047 -0.42264518141746520996 -0.41498351097106933594 -0.42179024219512939453 -0.41825333237648010254 -0.44980257749557495117 -0.3741480410099029541 -0.3409442901611328125 -0.31691095232963562012 -0.32243308424949645996 -0.35238361358642578125 -0.35501199960708618164 -0.34812381863594055176
-9999 -9999 -9999 -9999 -9999 -9999 -9999 -9999 -9999 -9999 -0.41827559471130371094 -0.40784120559692382813 -0.38960856199264526367 -0.37202891707420349121 -0.42402622103691101074 -0.41989284753799438477 -0.42348194122314453125 -0.39285138249397277832 -0.38001975417137145996 -0.4067637324333190918 -0.40634617209434509277 -0.38613277673721313477 -0.38305443525314331055 -0.39560467004776000977 -0.41327965259552001953 -0.40802079439163208008 -0.43725097179412841797 -0.45135539770126342773 -0.4245688319206237793 -0.41542276740074157715 -0.41798380017280578613 -0.44307911396026611328 -0.41567206382751464844 -0.37065157294273376465 -0.33442696928977966309 -0.29335716366767883301 -0.31400215625762939453 -0.35216146707534790039 -0.34561976790428161621 -0.35908609628677368164
-9999 -9999 -9999 -9999 -9999 -9999 -9999 -9999 -9999 -9999 -0.41013133525848388672 -0.40756574273109436035 -0.39991396665573120117 -0.39021217823028564453 -0.38955897092819213867 -0.40726295113563537598 -0.41197910904884338379 -0.38158380985260009766 -0.38002747297286987305 -0.42549857497215270996 -0.42030167579650878906 -0.40754535794258117676 -0.38359540700912475586 -0.40330490469932556152 -0.41052395105361938477 -0.41381588578224182129 -0.4352035820484161377 -0.4431114494800567627 -0.43536546826362609863 -0.42036333680152893066 -0.41815081238746643066 -0.42052114009857177734 -0.36779132485389709473 -0.37138193845748901367 -0.34111291170120239258 -0.30391830205917358398 -0.32686546444892883301 -0.3643391728401184082 -0.36101701855659484863 -0.36583143472671508789
-9999 -9999 -9999 -9999 -9999 -9999 -9999 -9999 -9999 -9999 -0.38262072205543518066 -0.38804259896278381348 -0.40631544589996337891 -0.40263587236404418945 -0.40775328874588012695 -0.43769529461860656738 -0.41759395599365234375 -0.36832022666931152344 -0.37861138582229614258 -0.44114273786544799805 -0.42023608088493347168 -0.3904463648796081543 -0.40243640542030334473 -0.40632018446922302246 -0.43090233206748962402 -0.42698791623115539551 -0.43223440647125244141 -0.43031066656112670898 -0.46528452634811401367 -0.46163463592529296875 -0.44536307454109191895 -0.40604132413864135742 -0.3635075986385345459 -0.35927727818489074707 -0.36733585596084594727 -0.33615714311599731445 -0.31891137361526489258 -0.34051084518432617188 -0.34846946597099304199 -0.3767426908016204834
-9999 -9999 -9999 -9999 -9999 -9999 -9999 -9999 -9999 -0.42966863512992858887 -0.38065880537033081055 -0.36233961582183837891 -0.3777504265308380127 -0.39114338159561157227 -0.43419018387794494629 -0.44565078616142272949 -0.44034114480018615723 -0.4256877899169921875 -0.43488329648971557617 -0.43557509779930114746 -0.37621608376502990723 -0.36104714870452880859 -0.40261161327362060547 -0.4166781306266784668 -0.42812460660934448242 -0.42093503475189208984 -0.42338874936103820801 -0.44079321622848510742 -0.47851070761680603027 -0.45338836312294006348 -0.42684608697891235352 -0.38053375482559204102 -0.35004386305809020996 -0.36046928167343139648 -0.35533583164215087891 -0.33603399991989135742 -0.32228335738182067871 -0.33696758747100830078 -0.34594056010246276855 -0.37887650728225708008
-9999 -9999 -9999 -9999 -9999 -9999 -9999 -0.38285055756568908691 -0.40828973054885864258 -0.40741145610809326172 -0.34138992428779602051 -0.35001698136329650879 -0.38030016422271728516 -0.35632565617561340332 -0.43450623750686645508 -0.4544404149055480957 -0.41927284002304077148 -0.4034703373908996582 -0.42437767982482910156 -0.38599362969398498535 -0.36317291855812072754 -0.34585800766944885254 -0.40358781814575195313 -0.42465507984161376953 -0.41888076066970825195 -0.38772934675216674805 -0.3924655616283416748 -0.40854617953300476074 -0.44178783893585205078 -0.43059769272804260254 -0.36778235435485839844 -0.35821321606636047363 -0.37124782800674438477 -0.3593838810920715332 -0.37186408042907714844 -0.37473160028457641602 -0.34474480152130126953 -0.33493903279304504395 -0.33280616998672485352 -0.33397310972213745117
-9999 -9999 -9999 -9999 -9999 -9999 -9999 -0.36933586001396179199 -0.37696230411529541016 -0.38031712174415588379 -0.33736124634742736816 -0.33390697836875915527 -0.34473335742950439453 -0.35548132658004760742 -0.41863194108009338379 -0.4563064277172088623 -0.46699637174606323242 -0.45086157321929931641 -0.40176904201507568359 -0.3661269843578338623 -0.35035228729248046875 -0.36724337935447692871 -0.41281405091285705566 -0.39890822768211364746 -0.38407334685325622559 -0.35244962573051452637 -0.3809617459774017334 -0.41409540176391601563 -0.41927474737167358398 -0.41683423519134521484 -0.3969879448413848877 -0.38796034455299377441 -0.38972595334053039551 -0.37273207306861877441 -0.38298073410987854004 -0.3943710625171661377 -0.3768120110034942627 -0.37921434640884399414 -0.40638917684555053711 -0.39829230308532714844
-9999 -9999 -9999 -9999 -9999 -9999 -9999 -0.36125507950782775879 -0.39044532179832458496 -0.36596149206161499023 -0.3541138768196105957 -0.34845229983329772949 -0.35246485471725463867 -0.34942892193794250488 -0.42802640795707702637 -0.5094280242919921875 -0.48752373456954956055 -0.42125785350799560547 -0.3751061558723449707 -0.36697953939437866211 -0.35548087954521179199 -0.37268099188804626465 -0.42873960733413696289 -0.41267833113670349121 -0.40388837456703186035 -0.39723056554794311523 -0.46801099181175231934 -0.47965055704116821289 -0.47257605195045471191 -0.46304664015769958496 -0.44048997759819030762 -0.42576301097869873047 -0.4128367006778717041 -0.39104530215263366699 -0.39458367228507995605 -0.37367036938667297363 -0.37367266416549682617 -0.38421338796615600586 -0.42234289646148681641 -0.45809799432754516602
-9999 -9999 -9999 -9999 -9999 -9999 -9999 -0.45062822103500366211 -0.45835283398628234863 -0.42888164520263671875 -0.42482519149780273438 -0.42347872257232666016 -0.41037002205848693848 -0.4061177670955657959 -0.50923180580139160156 -0.54201740026473999023 -0.44713228940963745117 -0.39010614156723022461 -0.37080961465835571289 -0.3964824974536895752 -0.3764985203742980957 -0.38605937361717224121 -0.4217351377010345459 -0.42893365025520324707 -0.43422910571098327637 -0.46493709087371826172 -0.50091689825057983398 -0.48915496468544006348 -0.45936951041221618652 -0.47991150617599487305 -0.49155512452125549316 -0.47961282730102539063 -0.45357787609100341797 -0.38989502191543579102 -0.39748197793960571289 -0.37593248486518859863 -0.36965847015380859375 -0.38712656497955322266 -0.40984678268432617188 -0.40949970483779907227
-9999 -9999 -9999 -9999 -9999 -9999 -9999 -0.42763069272041320801 -0.43239861726760864258 -0.42799353599548339844 -0.42873352766036987305 -0.43422880768775939941 -0.44201761484146118164 -0.47532707452774047852 -0.51430499553680419922 -0.48208758234977722168 -0.41665562987327575684 -0.42364954948425292969 -0.39724841713905334473 -0.40891656279563903809 -0.42503324151039123535 -0.41262790560722351074 -0.40733373165130615234 -0.4213574826717376709 -0.46616354584693908691 -0.45368468761444091797 -0.45286965370178222656 -0.45740222930908203125 -0.43693232536315917969 -0.44009372591972351074 -0.47349604964256286621 -0.51000845432281494141 -0.47893771529197692871 -0.44601455330848693848 -0.39629340171813964844 -0.37035590410232543945 -0.3660316169261932373 -0.35364875197410583496 -0.37869411706924438477 -0.39871945977210998535
-9999 -9999 -9999 -9999 -9999 -9999 -9999 -0.49278491735458374023 -0.49964788556098937988 -0.4466845393180847168 -0.40124565362930297852 -0.39938691258430480957 -0.44967985153198242188 -0.52574008703231811523 -0.47110897302627563477 -0.42778933048248291016 -0.40386590361595153809 -0.42693606019020080566 -0.40482252836227416992 -0.4402045905590057373 -0.42949309945106506348 -0.40520060062408447266 -0.44267791509628295898 -0.43993550539016723633 -0.48952957987785339355 -0.39544606208801269531 -0.39444914460182189941 -0.43264886736869812012 -0.41843625903129577637 -0.41165813803672790527 -0.50129461288452148438 -0.53791993856430053711 -0.5034027099609375 -0.4901854395866394043 -0.44775980710983276367 -0.42509421706199645996 -0.40851363539695739746 -0.41301244497299194336 -0.38208442926406860352 -0.35053923726081848145
-9999 -9999 -9999 -9999 -9999 -9999 -9999 -0.59568732976913452148 -0.54594445228576660156 -0.50485324859619140625 -0.43201261758804321289 -0.38863614201545715332 -0.44563090801239013672 -0.51843029260635375977 -0.45129325985908508301 -0.42434889078140258789 -0.40324261784553527832 -0.43125274777412414551 -0.44849947094917297363 -0.44225162267684936523 -0.45035257935523986816 -0.44302779436111450195 -0.41349256038665771484 -0.45231133699417114258 -0.47704559564590454102 -0.38615486025810241699 -0.36819320917129516602 -0.38690394163131713867 -0.42564553022384643555 -0.45825716853141784668 -0.51206129789352416992 -0.54790097475051879883 -0.51829355955123901367 -0.49042695760726928711 -0.45173472166061401367 -0.40759104490280151367 -0.35766735672950744629 -0.36747643351554870605 -0.3181197047233581543 -0.33503264188766479492
-9999 -9999 -9999 -9999 -9999 -9999 -9999 -9999 -0.4721361994743347168 -0.46312847733497619629 -0.45622465014457702637 -0.45887988805770874023 -0.50549864768981933594 -0.47253650426864624023 -0.48116886615753173828 -0.4588591158390045166 -0.41063991189002990723 -0.45590174198150634766 -0.46012932062149047852 -0.4577496647834777832 -0.43963894248008728027 -0.43231409788131713867 -0.40797632932662963867 -0.45666795969009399414 -0.46825709939002990723 -0.41037818789482116699 -0.40688812732696533203 -0.40143156051635742188 -0.44460117816925048828 -0.44888484477996826172 -0.4753920435905456543 -0.52910053730010986328 -0.52110517024993896484 -0.48115199804306030273 -0.44291925430297851563 -0.36799421906471252441 -0.36215049028396606445 -0.33029842376708984375 -0.34580275416374206543 -0.36910253763198852539
-9999 -9999 -9999 -9999 -9999 -9999 -9999 -9999 -9999 -0.40296927094459533691 -0.38727283477783203125 -0.43864890933036804199 -0.52518326044082641602 -0.52148079872131347656 -0.4882348179817199707 -0.51800101995468139648 -0.4235146641731262207 -0.41798007488250732422 -0.42502051591873168945 -0.43636810779571533203 -0.42504110932350158691 -0.4131087958812713623 -0.39755925536155700684 -0.43697699904441833496 -0.4727204740047454834 -0.45350113511085510254 -0.4430306553840637207 -0.46415525674819946289 -0.48533868789672851563 -0.45042088627815246582 -0.47562453150749206543 -0.5293858647346496582 -0.5004336237907409668 -0.46048745512962341309 -0.41263353824615478516 -0.33681386709213256836 -0.33256414532661437988 -0.344387054443359375 -0.32758939266204833984 -0.35861626267433166504
-9999 -9999 -9999 -9999 -9999 -9999 -9999 -9999 -9999 -9999 -9999 -0.38121962547302246094 -0.4196376502513885498 -0.52905297279357910156 -0.48559352755546569824 -0.53493446111679077148 -0.45978504419326782227 -0.41945084929466247559 -0.39229831099510192871 -0.39151042699813842773 -0.39691713452339172363 -0.39105454087257385254 -0.41534632444381713867 -0.44952496886253356934 -0.4695841372013092041 -0.47490826249122619629 -0.4781932830810546875 -0.49130451679229736328 -0.50036102533340454102 -0.48846471309661865234 -0.49752348661422729492 -0.52579700946807861328 -0.46247327327728271484 -0.44241446256637573242 -0.40219628810882568359 -0.30852672457695007324 -0.32258275151252746582 -0.36483284831047058105 -0.37033203244209289551 -0.34258759021759033203
-9999 -9999 -9999 -9999 -9999 -9999 -9999 -9999 -9999 -9999 -9999 -0.42656946182250976563 -0.45213267207145690918 -0.52996802330017089844 -0.51590746641159057617 -0.49774911999702453613 -0.46691071987152099609 -0.4453532099723815918 -0.40364027023315429688 -0.38887628912925720215 -0.38568311929702758789 -0.40738075971603393555 -0.45722761750221252441 -0.49678182601928710938 -0.49298593401908874512 -0.4703477323055267334 -0.46586525440216064453 -0.50239622592926025391 -0.49903270602226257324 -0.50951927900314331055 -0.52790313959121704102 -0.51244473457336425781 -0.46423459053039550781 -0.44167542457580566406 -0.37678870558738708496 -0.3095130622386932373 -0.34884908795356750488 -0.37310886383056640625 -0.3506577610969543457 -0.34112671017646789551
-9999 -9999 -9999 -9999 -9999 -9999 -9999 -9999 -9999 -9999 -9999 -9999 -0.46454450488090515137 -0.53790450096130371094 -0.55561631917953491211 -0.50108373165130615234 -0.45292389392852783203 -0.39865711331367492676 -0.34844529628753662109 -0.39842930436134338379 -0.42275720834732055664 -0.46930062770843505859 -0.48728853464126586914 -0.44256362318992614746 -0.38959267735481262207 -0.38182619214057922363 -0.42956233024597167969 -0.51080584526062011719 -0.53150755167007446289 -0.52386116981506347656 -0.50830936431884765625 -0.47540208697319030762 -0.45373973250389099121 -0.43544173240661621094 -0.34429326653480529785 -0.29994904994964599609 -0.32391759753227233887 -0.32793849706649780273 -0.33809348940849304199 -0.34998780488967895508
-9999 -9999 -9999 -9999 -9999 -9999 -9999 -9999 -9999 -9999 -9999 -9999 -0.47962749004364013672 -0.59989917278289794922 -0.53590029478073120117 -0.47943416237831115723 -0.42503666877746582031 -0.37684705853462219238 -0.36049705743789672852 -0.41605874896049499512 -0.47156134247779846191 -0.52499097585678100586 -0.45580932497978210449 -0.36137205362319946289 -0.33056858181953430176 -0.38401266932487487793 -0.4547449648380279541 -0.53079354763031005859 -0.53210496902465820313 -0.49896654486656188965 -0.46187740564346313477 -0.44540989398956298828 -0.43182903528213500977 -0.41429814696311950684 -0.37156236171722412109 -0.3395627439022064209 -0.34118038415908813477 -0.34849831461906433105 -0.36550092697143554688 -0.36903780698776245117
