INPUT/RASTER/ASCII/nir2021.asc
ncols        225
nrows        269
xllcorner    473009.983799999987
yllcorner    4429051.174800000153
cellsize     50.000000000000
NODATA_value -9999
[rows 126 to 143 of 269, columns 0 to 40 of 225]
-9999 -9999 -9999 -9999 -9999 -9999 -9999 -9999 -9999 -9999 -9999 -9999 -9999 0.34630808234214782715 0.28413820266723632813 0.22751621901988983154 0.22434195876121520996 0.23403671383857727051 0.24057976901531219482 0.2515532076358795166 0.29019957780838012695 0.28508955240249633789 0.27638041973114013672 0.27210086584091186523 0.26158487796783447266 0.28421047329902648926 0.2790171504020690918 0.28567641973495483398 0.26930186152458190918 0.2512772977352142334 0.24848811328411102295 0.23648782074451446533 0.22614499926567077637 0.22853644192218780518 0.23196420073509216309 0.22850695252418518066 0.22359880805015563965 0.22415637969970703125 0.23146556317806243896 0.22554536163806915283 0.22669625282287597656
-9999 -9999 -9999 -9999 -9999 -9999 -9999 -9999 -9999 -9999 -9999 -9999 -9999 0.29722666740417480469 0.24774429202079772949 0.23164610564708709717 0.23600129783153533936 0.25188079476356506348 0.26757162809371948242 0.27626273036003112793 0.2787075042724609375 0.2697162926197052002 0.25648468732833862305 0.25990244746208190918 0.2517922818660736084 0.26524886488914489746 0.28668779134750366211 0.2942257225513458252 0.27294710278511047363 0.26098543405532836914 0.25886121392250061035 0.24109126627445220947 0.2318054884672164917 0.22498531639575958252 0.22667321562767028809 0.23134364187717437744 0.23000976443290710449 0.23423644900321960449 0.23606510460376739502 0.21868558228015899658 0.2214638441801071167
-9999 -9999 -9999 -9999 -9999 -9999 -9999 -9999 -9999 -9999 -9999 -9999 -9999 0.24532562494277954102 0.26633033156394958496 0.26134294271469116211 0.26106670498847961426 0.27940976619720458984 0.28550636768341064453 0.28638845682144165039 0.27491620182991027832 0.25313732028007507324 0.24418194591999053955 0.24738584458827972412 0.24444441497325897217 0.24045936763286590576 0.25496301054954528809 0.27063605189323425293 0.2574456334114074707 0.25482755899429321289 0.26434630155563354492 0.24393710494041442871 0.23364476859569549561 0.22203195095062255859 0.22168798744678497314 0.22876988351345062256 0.23733067512512207031 0.24944013357162475586 0.23373183608055114746 0.2240028083324432373 0.22935922443866729736
-9999 -9999 -9999 -9999 -9999 -9999 -9999 -9999 -9999 -9999 -9999 -9999 -9999 -9999 0.23110309243202209473 0.23960466682910919189 0.26524883508682250977 0.28283989429473876953 0.29581981897354125977 0.30316427350044250488 0.25403144955635070801 0.23713064193725585938 0.24984623491764068604 0.24845232069492340088 0.23895840346813201904 0.24015955626964569092 0.25214046239852905273 0.26412609219551086426 0.26974374055862426758 0.26625815033912658691 0.26018467545509338379 0.25509786605834960938 0.23830841481685638428 0.22370867431163787842 0.22018152475357055664 0.22827337682247161865 0.24789762496948242188 0.25187817215919494629 0.2477693408727645874 0.23779407143592834473 0.2434358447790145874
-9999 -9999 -9999 -9999 -9999 -9999 -9999 -9999 -9999 -9999 -9999 -9999 -9999 0.24574474990367889404 0.24859617650508880615 0.2721615135669708252 0.28072097897529602051 0.26589769124984741211 0.25234678387641906738 0.24920381605625152588 0.24059544503688812256 0.22908253967761993408 0.23939965665340423584 0.23684363067150115967 0.23696187138557434082 0.24567735195159912109 0.2610753476619720459 0.25916767120361328125 0.2583974301815032959 0.26619195938110351563 0.26849889755249023438 0.26757988333702087402 0.24191962182521820068 0.23362581431865692139 0.22992432117462158203 0.2357740551233291626 0.24030165374279022217 0.25282570719718933105 0.25404021143913269043 0.24770173430442810059 0.23741042613983154297
-9999 -9999 -9999 -9999 -9999 -9999 -9999 -9999 -9999 -9999 -9999 -9999 0.23854625225067138672 0.25774663686752319336 0.2677281796932220459 0.28192943334579467773 0.27591985464096069336 0.2594820559024810791 0.24767039716243743896 0.24310921132564544678 0.24503234028816223145 0.23540712893009185791 0.2284756004810333252 0.23660792410373687744 0.22876077890396118164 0.22639380395412445068 0.24220199882984161377 0.24690937995910644531 0.23652885854244232178 0.23903273046016693115 0.24163080751895904541 0.25448083877563476563 0.24998560547828674316 0.23925741016864776611 0.24087734520435333252 0.24039281904697418213 0.25428685545921325684 0.25854986906051635742 0.24569201469421386719 0.24902349710464477539 0.24904775619506835938
-9999 -9999 -9999 -9999 -9999 -9999 -9999 -9999 -9999 -9999 -9999 0.24915118515491485596 0.24786730110645294189 0.2508201301097869873 0.25712677836418151855 0.25933751463890075684 0.26186370849609375 0.24865156412124633789 0.24876974523067474365 0.24410669505596160889 0.24400909245014190674 0.24371579289436340332 0.24531516432762145996 0.23038177192211151123 0.23282152414321899414 0.23177552223205566406 0.23038068413734436035 0.22865281999111175537 0.22692354023456573486 0.22127455472946166992 0.22425422072410583496 0.24352602660655975342 0.24601438641548156738 0.24663101136684417725 0.24662706255912780762 0.25938466191291809082 0.26569068431854248047 0.26758009195327758789 0.25609436631202697754 0.24372456967830657959 0.2529671788215637207
-9999 -9999 -9999 -9999 -9999 -9999 -9999 -9999 -9999 -9999 0.26303130388259887695 0.2615827023983001709 0.25368669629096984863 0.24997089803218841553 0.249280586838722229 0.2524591982364654541 0.25088852643966674805 0.24723938107490539551 0.24075904488563537598 0.24395886063575744629 0.2436621934175491333 0.24613779783248901367 0.24727635085582733154 0.23160757124423980713 0.23547956347465515137 0.23667536675930023193 0.23151639103889465332 0.22542570531368255615 0.21979478001594543457 0.21712388098239898682 0.22708341479301452637 0.23655706644058227539 0.24901552498340606689 0.25168809294700622559 0.2445990145206451416 0.25457042455673217773 0.26308655738830566406 0.25645029544830322266 0.25923305749893188477 0.24888889491558074951 0.24995319545269012451
-9999 -9999 -9999 -9999 -9999 -9999 -9999 -9999 -9999 0.31330001354217529297 0.2621275782585144043 0.25983214378356933594 0.26555922627449035645 0.25659644603729248047 0.25513258576393127441 0.24114444851875305176 0.23714451491832733154 0.23186133801937103271 0.22903329133987426758 0.24233795702457427979 0.24657234549522399902 0.2469972074031829834 0.23599472641944885254 0.23818790912628173828 0.23907041549682617188 0.24423460662364959717 0.24608656764030456543 0.22644144296646118164 0.22833333909511566162 0.22429892420768737793 0.23338565230369567871 0.22724360227584838867 0.24176646769046783447 0.23752190172672271729 0.22834315896034240723 0.24273134768009185791 0.25024780631065368652 0.24583205580711364746 0.24707494676113128662 0.25075685977935791016 0.24743123352527618408
-9999 -9999 -9999 -9999 -9999 -9999 -9999 -9999 -9999 0.2845522463321685791 0.29208198189735412598 0.2542324364185333252 0.27312734723091125488 0.25227704644203186035 0.24841926991939544678 0.23056906461715698242 0.23288710415363311768 0.22983887791633605957 0.23324921727180480957 0.24713733792304992676 0.243253365159034729 0.23664650321006774902 0.22944836318492889404 0.2352399975061416626 0.23602367937564849854 0.23099175095558166504 0.22240759432315826416 0.2319911271333694458 0.25213292241096496582 0.24352407455444335938 0.24226793646812438965 0.22684483230113983154 0.23467345535755157471 0.23177194595336914063 0.23098714649677276611 0.24078661203384399414 0.25472313165664672852 0.25550726056098937988 0.25163576006889343262 0.25016671419143676758 0.24622665345668792725
-9999 -9999 -9999 -9999 -9999 -9999 -9999 -9999 -9999 0.28706949949264526367 0.29758343100547790527 0.25188207626342773438 0.27035477757453918457 0.26365631818771362305 0.25403112173080444336 0.2287572026252746582 0.23218412697315216064 0.23411966860294342041 0.24699391424655914307 0.25233215093612670898 0.24342656135559082031 0.23221516609191894531 0.22123022377490997314 0.23786507546901702881 0.24982713162899017334 0.23426873981952667236 0.22994069755077362061 0.24917024374008178711 0.25805875658988952637 0.25320786237716674805 0.25429826974868774414 0.24037684500217437744 0.23655526340007781982 0.24368014931678771973 0.24778035283088684082 0.24889768660068511963 0.2476488649845123291 0.25151193141937255859 0.25663334131240844727 0.25539833307266235352 0.24884635210037231445
-9999 -9999 -9999 -9999 -9999 -9999 -9999 -9999 -9999 0.3011010289192199707 0.28247457742691040039 0.26848784089088439941 0.27841529250144958496 0.26737311482429504395 0.25162246823310852051 0.23811259865760803223 0.23886214196681976318 0.23427326977252960205 0.22780056297779083252 0.23221516609191894531 0.23825322091579437256 0.22520801424980163574 0.21676279604434967041 0.23823782801628112793 0.24790139496326446533 0.23770624399185180664 0.24059490859508514404 0.24634602665901184082 0.24758039414882659912 0.24693089723587036133 0.2429549098014831543 0.24249511957168579102 0.22761331498622894287 0.23565547168254852295 0.24460878968238830566 0.24856437742710113525 0.2520866096019744873 0.24860899150371551514 0.25229662656784057617 0.25211760401725769043 0.24553781747817993164
-9999 -9999 -9999 -9999 -9999 -9999 -9999 -9999 -9999 0.28482618927955627441 0.25882133841514587402 0.27729430794715881348 0.26390144228935241699 0.25336635112762451172 0.25472277402877807617 0.24341388046741485596 0.24903777241706848145 0.24093729257583618164 0.23555585741996765137 0.24169024825096130371 0.2363561093807220459 0.22164125740528106689 0.22631591558456420898 0.23692354559898376465 0.235301971435546875 0.23521131277084350586 0.24013109505176544189 0.24228969216346740723 0.23463146388530731201 0.22944350540637969971 0.22535371780395507813 0.23489831387996673584 0.23056338727474212646 0.23854628205299377441 0.24259892106056213379 0.24794101715087890625 0.24810066819190979004 0.2503293156623840332 0.24343515932559967041 0.24113121628761291504 0.2490279078483581543
-9999 -9999 -9999 -9999 -9999 -9999 -9999 -9999 -9999 0.25300499796867370605 0.25998044013977050781 0.2747631371021270752 0.24011845886707305908 0.23552396893501281738 0.24977901577949523926 0.2448224872350692749 0.25227633118629455566 0.24226924777030944824 0.2489687502384185791 0.25527703762054443359 0.22934745252132415771 0.22775943577289581299 0.23395669460296630859 0.24045391380786895752 0.24893331527709960938 0.25126615166664123535 0.24017927050590515137 0.23233941197395324707 0.24103011190891265869 0.2417370229959487915 0.25029164552688598633 0.25645941495895385742 0.24265219271183013916 0.24426923692226409912 0.24535998702049255371 0.24497827887535095215 0.24953438341617584229 0.25136956572532653809 0.23504498600959777832 0.2364349663257598877 0.25399240851402282715
-9999 -9999 -9999 -9999 -9999 -9999 -9999 -9999 -9999 0.22567167878150939941 0.26025086641311645508 0.27053040266036987305 0.24104063212871551514 0.23659542202949523926 0.24305193126201629639 0.24700911343097686768 0.26024001836776733398 0.25453788042068481445 0.26520189642906188965 0.24992427229881286621 0.23671899735927581787 0.23977074027061462402 0.22516237199306488037 0.22693207859992980957 0.247221335768699646 0.25364568829536437988 0.24468298256397247314 0.23936565220355987549 0.2472674250602722168 0.24956433475017547607 0.25034645199775695801 0.24820551276206970215 0.24973027408123016357 0.24922537803649902344 0.24554449319839477539 0.26192426681518554688 0.24862618744373321533 0.24107427895069122314 0.23226907849311828613 0.23280782997608184814 0.24082222580909729004
-9999 -9999 -9999 -9999 -9999 -9999 -9999 -9999 -9999 0.22848059237003326416 0.27818113565444946289 0.27138569951057434082 0.25064668059349060059 0.23783579468727111816 0.24080795049667358398 0.25275656580924987793 0.25493276119232177734 0.26823604106903076172 0.2565606236457824707 0.23970936238765716553 0.24088898301124572754 0.23899714648723602295 0.23492702841758728027 0.23093084990978240967 0.23721553385257720947 0.24443408846855163574 0.24368679523468017578 0.24085861444473266602 0.246499672532081604 0.23947067558765411377 0.2463464885950088501 0.25032052397727966309 0.24495726823806762695 0.24568894505500793457 0.24492637813091278076 0.24226115643978118896 0.24139170348644256592 0.24011735618114471436 0.22939258813858032227 0.22992667555809020996 0.22532263398170471191
-9999 -9999 -9999 -9999 -9999 -9999 -9999 -9999 -9999 0.25886321067810058594 0.26371690630912780762 0.2603015899658203125 0.24866807460784912109 0.23538188636302947998 0.23793950676918029785 0.24684306979179382324 0.25320225954055786133 0.28055694699287414551 0.25057497620582580566 0.23537082970142364502 0.24021174013614654541 0.24058353900909423828 0.23930066823959350586 0.25103351473808288574 0.25066420435905456543 0.22296889126300811768 0.23799103498458862305 0.24263983964920043945 0.24128890037536621094 0.2449696660041809082 0.25562950968742370605 0.25566846132278442383 0.24370355904102325439 0.23459160327911376953 0.24155890941619873047 0.24643386900424957275 0.2344598621129989624 0.23033867776393890381 0.22462132573127746582 0.22124357521533966064 0.22368262708187103271
-9999 -9999 -9999 -9999 -9999 -9999 -9999 -9999 -9999 0.28014734387397766113 0.26848480105400085449 0.25289097428321838379 0.23466604948043823242 0.23326562345027923584 0.23736941814422607422 0.24371936917304992676 0.2583542168140411377 0.27314847707748413086 0.23807893693447113037 0.22579118609428405762 0.23887968063354492188 0.23038110136985778809 0.23334074020385742188 0.24733445048332214355 0.25569388270378112793 0.23660929501056671143 0.24351108074188232422 0.25362718105316162109 0.24594858288764953613 0.24742515385150909424 0.25372368097305297852 0.25984564423561096191 0.25121656060218811035 0.24272458255290985107 0.2424344867467880249 0.24444928765296936035 0.24350884556770324707 0.2339391857385635376 0.2227770388126373291 0.22755073010921478271 0.22579056024551391602
