INPUT/RASTER/ASCII/nir2023.asc
ncols        225
nrows        269
xllcorner    473009.983799999987
yllcorner    4429051.174800000153
cellsize     50.000000000000
NODATA_value -9999
[rows 72 to 89 of 269, columns 41 to 81 of 225]
0.27770349383354187012 0.25991275906562805176 0.25365340709686279297 0.26905781030654907227 0.24842299520969390869 0.25072020292282104492 0.26042771339416503906 0.26787146925926208496 0.26524075865745544434 0.2571093142032623291 0.26509976387023925781 0.2780596315860748291 0.26659214496612548828 0.25935283303260803223 0.26304829120635986328 0.27118852734565734863 0.27762341499328613281 0.31106084585189819336 0.29451155662536621094 0.27766999602317810059 0.25588667392730712891 0.24494604766368865967 0.24652269482612609863 0.26170060038566589355 0.27114519476890563965 0.27458831667900085449 0.25469052791595458984 0.25840899348258972168 0.26068860292434692383 0.25470775365829467773 0.26811072230339050293 0.25598412752151489258 0.26183307170867919922 0.27247074246406555176 0.26147249341011047363 0.26768803596496582031 0.27139049768447875977 0.26783806085586547852 0.2586497962474822998 0.25847014784812927246 0.26851350069046020508
0.25670516490936279297 0.24427111446857452393 0.24072563648223876953 0.25035831332206726074 0.24481159448623657227 0.25032696127891540527 0.25640493631362915039 0.25600418448448181152 0.24290055036544799805 0.24954742193222045898 0.27615940570831298828 0.27834916114807128906 0.27027267217636108398 0.25545063614845275879 0.26271900534629821777 0.26721584796905517578 0.25415155291557312012 0.26901492476463317871 0.27090600132942199707 0.26624408364295959473 0.25333550572395324707 0.24611257016658782959 0.2417392730712890625 0.25996813178062438965 0.26468160748481750488 0.26718801259994506836 0.26725718379020690918 0.25534215569496154785 0.25001797080039978027 0.25315326452255249023 0.26476389169692993164 0.26633217930793762207 0.2554416954517364502 0.26601320505142211914 0.27203986048698425293 0.26948988437652587891 0.25825747847557067871 0.26587823033332824707 0.26504486799240112305 0.26007857918739318848 0.26350548863410949707
0.24227462708950042725 0.24493965506553649902 0.24396269023418426514 0.24300135672092437744 0.24797922372817993164 0.25575157999992370605 0.25673615932464599609 0.24928389489650726318 0.25284421443939208984 0.24653549492359161377 0.26762065291404724121 0.27269122004508972168 0.27872496843338012695 0.26400151848793029785 0.27348443865776062012 0.27464896440505981445 0.26489013433456420898 0.26572775840759277344 0.26905521750450134277 0.27342677116394042969 0.2640838325023651123 0.2418241351842880249 0.24353387951850891113 0.26651692390441894531 0.26949873566627502441 0.26868170499801635742 0.28177669644355773926 0.26311734318733215332 0.24420124292373657227 0.24110546708106994629 0.24079777300357818604 0.24645157158374786377 0.24329866468906402588 0.25821390748023986816 0.27905514836311340332 0.27651166915893554688 0.26874700188636779785 0.27596572041511535645 0.2658144831657409668 0.26328071951866149902 0.25987491011619567871
0.24316985905170440674 0.25008884072303771973 0.25416067242622375488 0.25511845946311950684 0.25292888283729553223 0.26515305042266845703 0.27415907382965087891 0.26059067249298095703 0.25864511728286743164 0.25932472944259643555 0.27536502480506896973 0.27543097734451293945 0.28372731804847717285 0.29014083743095397949 0.28074690699577331543 0.26888710260391235352 0.26756164431571960449 0.27355328202247619629 0.28048682212829589844 0.28624492883682250977 0.27661946415901184082 0.25250855088233947754 0.24163182079792022705 0.2657673954963684082 0.27436769008636474609 0.27336481213569641113 0.28603154420852661133 0.24932886660099029541 0.23376111686229705811 0.21998950839042663574 0.25520876049995422363 0.26767927408218383789 0.24205763638019561768 0.23926456272602081299 0.249086037278175354 0.26362136006355285645 0.25097042322158813477 0.26261425018310546875 0.25139689445495605469 0.27338457107543945313 0.26617950201034545898
0.2496840059757232666 0.24277013540267944336 0.24772599339485168457 0.23982681334018707275 0.24815838038921356201 0.2766316533088684082 0.27242177724838256836 0.2664050757884979248 0.2679741978645324707 0.27468791604042053223 0.27194821834564208984 0.26643326878547668457 0.27826091647148132324 0.29051858186721801758 0.28086230158805847168 0.28441101312637329102 0.27834415435791015625 0.27006700634956359863 0.27598118782043457031 0.28463098406791687012 0.27349603176116943359 0.25963917374610900879 0.23628793656826019287 0.23646527528762817383 0.2561886906623840332 0.26514637470245361328 0.27616211771965026855 0.24230417609214782715 0.23433013260364532471 0.25162646174430847168 0.27982762455940246582 0.27511796355247497559 0.25112357735633850098 0.2484684288501739502 0.24683861434459686279 0.26793804764747619629 0.25685143470764160156 0.26269400119781494141 0.2614319920539855957 0.27495023608207702637 0.28700265288352966309
0.2469174116849899292 0.22174404561519622803 0.24003076553344726563 0.23883569240570068359 0.25184592604637145996 0.27049139142036437988 0.27125024795532226563 0.25813558697700500488 0.27719318866729736328 0.27412834763526916504 0.2671591639518737793 0.26847007870674133301 0.29115411639213562012 0.27455669641494750977 0.26913717389106750488 0.27077519893646240234 0.28399303555488586426 0.26693910360336303711 0.25258606672286987305 0.24950304627418518066 0.25472754240036010742 0.24273543059825897217 0.23507355153560638428 0.24861969053745269775 0.25559243559837341309 0.24134618043899536133 0.27002915740013122559 0.25727283954620361328 0.23701775074005126953 0.26930335164070129395 0.28021711111068725586 0.27235332131385803223 0.25361531972885131836 0.25259441137313842773 0.2649974524974822998 0.28995677828788757324 0.2606799006462097168 0.24276421964168548584 0.25137913227081298828 0.24161696434020996094 0.2544085383415222168
0.23801854252815246582 0.23089666664600372314 0.22153748571872711182 0.23254670202732086182 0.23939244449138641357 0.2633018791675567627 0.2615948021411895752 0.26642999053001403809 0.27539327740669250488 0.27384424209594726563 0.26298508048057556152 0.25682428479194641113 0.28218555450439453125 0.27318078279495239258 0.27129703760147094727 0.2760295569896697998 0.2843901216983795166 0.23100325465202331543 0.22190220654010772705 0.21571841835975646973 0.22460070252418518066 0.23340538144111633301 0.25097301602363586426 0.25496384501457214355 0.25079298019409179688 0.23016634583473205566 0.27345359325408935547 0.27361407876014709473 0.24135300517082214355 0.24946159124374389648 0.25003248453140258789 0.24978843331336975098 0.263408660888671875 0.25720515847206115723 0.25680249929428100586 0.25553861260414123535 0.24754007160663604736 0.25532591342926025391 0.26122418045997619629 0.2526105046272277832 0.23619100451469421387
0.24324524402618408203 0.23736745119094848633 0.22931253910064697266 0.22003641724586486816 0.22535404562950134277 0.24143373966217041016 0.25460091233253479004 0.2469946742057800293 0.25266706943511962891 0.26577246189117431641 0.25329899787902832031 0.25644573569297790527 0.26748359203338623047 0.25867322087287902832 0.27122706174850463867 0.28838968276977539063 0.27604016661643981934 0.25390839576721191406 0.24757950007915496826 0.23316833376884460449 0.23518288135528564453 0.2383403480052947998 0.25736835598945617676 0.2619705498218536377 0.2602463066577911377 0.25403305888175964355 0.2688395082950592041 0.2851772308349609375 0.25921517610549926758 0.24367678165435791016 0.24839645624160766602 0.25670379400253295898 0.26289740204811096191 0.25789022445678710938 0.25954467058181762695 0.2517605125904083252 0.25355511903762817383 0.27476441860198974609 0.25966379046440124512 0.2432851940393447876 0.24556030333042144775
0.23681628704071044922 0.25160974264144897461 0.24821867048740386963 0.22123125195503234863 0.23962290585041046143 0.23445776104927062988 0.25131374597549438477 0.24783773720264434814 0.26368772983551025391 0.27405375242233276367 0.27192452549934387207 0.26202982664108276367 0.26114568114280700684 0.25665044784545898438 0.26889261603355407715 0.29398038983345031738 0.26799210906028747559 0.2692063748836517334 0.27117452025413513184 0.24724841117858886719 0.2389418482780456543 0.25472748279571533203 0.26130449771881103516 0.26853284239768981934 0.26055642962455749512 0.25894725322723388672 0.26643389463424682617 0.26374679803848266602 0.26656365394592285156 0.27232909202575683594 0.24573439359664916992 0.24812628328800201416 0.2564290463924407959 0.26617971062660217285 0.27374213933944702148 0.29635792970657348633 0.29503577947616577148 0.28756043314933776855 0.25171449780464172363 0.24431145191192626953 0.25168246030807495117
0.23506669700145721436 0.24767547845840454102 0.26126700639724731445 0.23438788950443267822 0.27318441867828369141 0.26591125130653381348 0.28079175949096679688 0.25964635610580444336 0.25567999482154846191 0.27651959657669067383 0.26173153519630432129 0.24983274936676025391 0.25710937380790710449 0.26501375436782836914 0.24097232520580291748 0.2395086437463760376 0.24975217878818511963 0.26425260305404663086 0.27131092548370361328 0.25669881701469421387 0.24596042931079864502 0.24944743514060974121 0.25682598352432250977 0.27560156583786010742 0.24964734911918640137 0.25559467077255249023 0.25619184970855712891 0.24375379085540771484 0.25751739740371704102 0.2639808952808380127 0.26974511146545410156 0.26418605446815490723 0.26782023906707763672 0.2704499661922454834 0.27967277169227600098 0.28396445512771606445 0.28992810845375061035 0.28934717178344726563 0.26192608475685119629 0.25161191821098327637 0.25598874688148498535
0.24432659149169921875 0.24405528604984283447 0.25752240419387817383 0.2768211662769317627 0.28122600913047790527 0.27826869487762451172 0.27211499214172363281 0.26747032999992370605 0.25421133637428283691 0.26346004009246826172 0.24292780458927154541 0.24152576923370361328 0.27180218696594238281 0.27993828058242797852 0.2532628178596496582 0.23024424910545349121 0.26088580489158630371 0.26069223880767822266 0.26125320792198181152 0.24999868869781494141 0.23829105496406555176 0.25879254937171936035 0.27084660530090332031 0.28130868077278137207 0.25912255048751831055 0.24898450076580047607 0.26820006966590881348 0.26095861196517944336 0.25908485054969787598 0.25946220755577087402 0.2714652717113494873 0.27572989463806152344 0.26749700307846069336 0.27502492070198059082 0.27447974681854248047 0.26493713259696960449 0.26497095823287963867 0.28445702791213989258 0.25828826427459716797 0.24581199884414672852 0.23187333345413208008
0.26229870319366455078 0.25177246332168579102 0.25825202465057373047 0.27160465717315673828 0.2678915560245513916 0.28135466575622558594 0.28244993090629577637 0.27438363432884216309 0.26556503772735595703 0.27028897404670715332 0.25437888503074645996 0.22949928045272827148 0.24523301422595977783 0.2435146719217300415 0.22300818562507629395 0.22916445136070251465 0.26788556575775146484 0.26882231235504150391 0.24794580042362213135 0.25217252969741821289 0.25430750846862792969 0.27073878049850463867 0.2609144747257232666 0.26298129558563232422 0.25207746028900146484 0.25380945205688476563 0.2561371922492980957 0.27622467279434204102 0.26606851816177368164 0.27165448665618896484 0.27022138237953186035 0.27220240235328674316 0.26195773482322692871 0.2704219520092010498 0.2763614356517791748 0.25727751851081848145 0.26067197322845458984 0.2843787074089050293 0.26549699902534484863 0.25071218609809875488 0.24426414072513580322
0.26016968488693237305 0.25218921899795532227 0.25113394856452941895 0.26144462823867797852 0.26183319091796875 0.26200997829437255859 0.26943424344062805176 0.27517497539520263672 0.27889585494995117188 0.27578210830688476563 0.25479248166084289551 0.24970330297946929932 0.2484598010778427124 0.24514696002006530762 0.20743992924690246582 0.2291323542594909668 0.27522397041320800781 0.27052864432334899902 0.24789403378963470459 0.2449487149715423584 0.2676601707935333252 0.2644373774528503418 0.24698215723037719727 0.24932898581027984619 0.24589653313159942627 0.26357564330101013184 0.27470666170120239258 0.28137007355690002441 0.2731647193431854248 0.2616761326789855957 0.27566725015640258789 0.28049591183662414551 0.24560424685478210449 0.24518194794654846191 0.26664981245994567871 0.25832900404930114746 0.2582836151123046875 0.30016925930976867676 0.28630676865577697754 0.2540022730827331543 0.25314643979072570801
0.26979985833168029785 0.25747579336166381836 0.26473665237426757813 0.26510792970657348633 0.24231676757335662842 0.23506103456020355225 0.26798322796821594238 0.28567394614219665527 0.28695541620254516602 0.27490702271461486816 0.24705243110656738281 0.25632971525192260742 0.24568024277687072754 0.27117708325386047363 0.27115792036056518555 0.25828590989112854004 0.25851997733116149902 0.24894341826438903809 0.25919461250305175781 0.25219458341598510742 0.26146033406257629395 0.25486749410629272461 0.2412484288215637207 0.24219654500484466553 0.24784693121910095215 0.25974893569946289063 0.28070870041847229004 0.27676436305046081543 0.26760324835777282715 0.23048168420791625977 0.25921928882598876953 0.27993252873420715332 0.26583567261695861816 0.27009680867195129395 0.2710107266902923584 0.26898881793022155762 0.25501611828804016113 0.26257303357124328613 0.26859828829765319824 0.26057186722755432129 0.25750514864921569824
0.27798089385032653809 0.26063713431358337402 0.26245021820068359375 0.2577908933162689209 0.22884538769721984863 0.23517163097858428955 0.28139823675155639648 0.29764395952224731445 0.2900880277156829834 0.27682530879974365234 0.2682787477970123291 0.26109513640403747559 0.26181811094284057617 0.27004832029342651367 0.28618741035461425781 0.2851810455322265625 0.25479325652122497559 0.24428197741508483887 0.25412592291831970215 0.26017293334007263184 0.25129866600036621094 0.26563718914985656738 0.27168649435043334961 0.25922894477844238281 0.2674153745174407959 0.26345339417457580566 0.27114653587341308594 0.26425081491470336914 0.26466760039329528809 0.23243936896324157715 0.24717728793621063232 0.2686716616153717041 0.26444026827812194824 0.25504198670387268066 0.2643082737922668457 0.25774878263473510742 0.24858623743057250977 0.26721024513244628906 0.25892102718353271484 0.26975268125534057617 0.25938045978546142578
0.26695433259010314941 0.26440805196762084961 0.27908369898796081543 0.27576547861099243164 0.23153807222843170166 0.22802358865737915039 0.27124959230422973633 0.3088868558406829834 0.29527568817138671875 0.28700834512710571289 0.2809562385082244873 0.26905930042266845703 0.26589557528495788574 0.25476941466331481934 0.26372635364532470703 0.27888759970664978027 0.27792012691497802734 0.27349498867988586426 0.26057541370391845703 0.27027082443237304688 0.26989513635635375977 0.27091324329376220703 0.28592455387115478516 0.2659378349781036377 0.26158148050308227539 0.27095881104469299316 0.26660388708114624023 0.26180145144462585449 0.26953756809234619141 0.26053002476692199707 0.25827506184577941895 0.27104929089546203613 0.26292270421981811523 0.24788485467433929443 0.27450963854789733887 0.27603676915168762207 0.2671985924243927002 0.26295307278633117676 0.25449699163436889648 0.26420247554779052734 0.25811716914176940918
0.26303634047508239746 0.27388703823089599609 0.27742278575897216797 0.29312396049499511719 0.26662224531173706055 0.24627202749252319336 0.26385581493377685547 0.29434546828269958496 0.27460181713104248047 0.2754681706428527832 0.27120342850685119629 0.27961167693138122559 0.27787193655967712402 0.26710495352745056152 0.27437359094619750977 0.28044101595878601074 0.27604630589485168457 0.28349044919013977051 0.27512198686599731445 0.26310864090919494629 0.27863797545433044434 0.28231394290924072266 0.28438580036163330078 0.25960847735404968262 0.26369687914848327637 0.25969961285591125488 0.26110759377479553223 0.27266842126846313477 0.2525978386402130127 0.29202279448509216309 0.27110052108764648438 0.26282808184623718262 0.26255342364311218262 0.25863063335418701172 0.25600162148475646973 0.24702101945877075195 0.25025895237922668457 0.24815551936626434326 0.24905887246131896973 0.24513395130634307861 0.2535463869571685791
0.24463944137096405029 0.27849972248077392578 0.28231385350227355957 0.26973003149032592773 0.25894528627395629883 0.26958230137825012207 0.27414220571517944336 0.26601231098175048828 0.26898908615112304688 0.27723169326782226563 0.25971820950508117676 0.26606357097625732422 0.26622149348258972168 0.26177868247032165527 0.26540896296501159668 0.26754930615425109863 0.25264555215835571289 0.27309253811836242676 0.25258237123489379883 0.22339004278182983398 0.26482307910919189453 0.27679923176765441895 0.26731708645820617676 0.25401794910430908203 0.25780025124549865723 0.25495287775993347168 0.2693436741828918457 0.27664589881896972656 0.26803115010261535645 0.27839457988739013672 0.25764003396034240723 0.24597519636154174805 0.24168735742568969727 0.22784939408302307129 0.2587826848030090332 0.2457803189754486084 0.25029826164245605469 0.2524083256721496582 0.23258891701698303223 0.24083413183689117432 0.23923011124134063721
