INPUT/RASTER/ASCII/nir2021.asc
ncols        225
nrows        269
xllcorner    473009.983799999987
yllcorner    4429051.174800000153
cellsize     50.000000000000
NODATA_value -9999
[rows 54 to 71 of 269, columns 0 to 40 of 225]
-9999 -9999 -9999 -9999 -9999 -9999 -9999 -9999 -9999 -9999 -9999 -9999 -9999 -9999 -9999 -9999 -9999 -9999 -9999 -9999 -9999 0.2166700214147567749 0.2289056628942489624 0.22861802577972412109 0.22627557814121246338 0.24898956716060638428 0.25617757439613342285 0.25436171889305114746 0.25131881237030029297 0.23591546714305877686 0.23761583864688873291 0.23345734179019927979 0.2402229011058807373 0.25211051106452941895 0.26244962215423583984 0.25666311383247375488 0.25297248363494873047 0.26310375332832336426 0.27376803755760192871 0.26454654335975646973 0.25210708379745483398
-9999 -9999 -9999 -9999 -9999 -9999 -9999 -9999 -9999 -9999 -9999 -9999 -9999 -9999 -9999 -9999 -9999 -9999 -9999 -9999 -9999 0.230482444167137146 0.23520784080028533936 0.2347087860107421875 0.2393703460693359375 0.25088459253311157227 0.25643292069435119629 0.25425726175308227539 0.25160199403762817383 0.24725222587585449219 0.2410144805908203125 0.24108725786209106445 0.25257521867752075195 0.25846818089485168457 0.25767484307289123535 0.24529646337032318115 0.24951195716857910156 0.2496096491813659668 0.24281005561351776123 0.23130936920642852783 0.23264828324317932129
-9999 -9999 -9999 -9999 -9999 -9999 -9999 -9999 -9999 -9999 -9999 -9999 -9999 -9999 -9999 -9999 -9999 -9999 -9999 -9999 -9999 0.24131081998348236084 0.24238944053649902344 0.24134467542171478271 0.24946743249893188477 0.25284537672996520996 0.25786265730857849121 0.25016304850578308105 0.25071749091148376465 0.2515970766544342041 0.24652880430221557617 0.24186874926090240479 0.24647197127342224121 0.2470391690731048584 0.2460549473762512207 0.24304942786693572998 0.24417515099048614502 0.24213300645351409912 0.2412983328104019165 0.23196516931056976318 0.23524348437786102295
-9999 -9999 -9999 -9999 -9999 -9999 -9999 -9999 -9999 -9999 -9999 -9999 -9999 -9999 -9999 -9999 -9999 -9999 -9999 -9999 -9999 0.23286934196949005127 0.24050454795360565186 0.250728607177734375 0.24499888718128204346 0.25183719396591186523 0.2606881558895111084 0.24883569777011871338 0.25371631979942321777 0.25138804316520690918 0.24673604965209960938 0.23898611962795257568 0.22914835810661315918 0.24004209041595458984 0.24472674727439880371 0.25346392393112182617 0.25874859094619750977 0.25733494758605957031 0.25030341744422912598 0.2440328449010848999 0.24977196753025054932
-9999 -9999 -9999 -9999 -9999 -9999 -9999 -9999 -9999 -9999 -9999 -9999 -9999 -9999 -9999 -9999 -9999 -9999 -9999 -9999 -9999 0.23509787023067474365 0.23655050992965698242 0.24877747893333435059 0.25261104106903076172 0.25801771879196166992 0.25704821944236755371 0.25038170814514160156 0.25130340456962585449 0.24787198007106781006 0.24784024059772491455 0.23945924639701843262 0.23708963394165039063 0.2481721043586730957 0.25414752960205078125 0.26074835658073425293 0.27041590213775634766 0.26379758119583129883 0.25442141294479370117 0.25279247760772705078 0.26131919026374816895
-9999 -9999 -9999 -9999 -9999 -9999 -9999 -9999 -9999 -9999 -9999 -9999 -9999 -9999 -9999 -9999 -9999 -9999 0.2540613710880279541 0.26042142510414123535 0.25270318984985351563 0.23664774000644683838 0.2378994673490524292 0.24565558135509490967 0.25066903233528137207 0.25737866759300231934 0.25612094998359680176 0.24821157753467559814 0.25612694025039672852 0.24657467007637023926 0.24611127376556396484 0.24297305941581726074 0.24717257916927337646 0.26073375344276428223 0.25687268376350402832 0.26029592752456665039 0.26583886146545410156 0.25772771239280700684 0.25409287214279174805 0.24892507493495941162 0.24591004848480224609
-9999 -9999 -9999 -9999 -9999 -9999 -9999 -9999 -9999 -9999 -9999 -9999 -9999 -9999 -9999 -9999 0.24448840320110321045 0.24518431723117828369 0.2538172602653503418 0.26204761862754821777 0.25144952535629272461 0.23647545278072357178 0.2360220104455947876 0.2444372326135635376 0.25933367013931274414 0.27143138647079467773 0.26522958278656005859 0.25431033968925476074 0.2581145167350769043 0.24949227273464202881 0.24810189008712768555 0.24231305718421936035 0.24468514323234558105 0.25571647286415100098 0.26616963744163513184 0.26406827569007873535 0.26478120684623718262 0.25975346565246582031 0.2512175440788269043 0.25330719351768493652 0.25509423017501831055
-9999 -9999 -9999 -9999 -9999 -9999 -9999 -9999 -9999 -9999 -9999 -9999 -9999 -9999 -9999 0.2294587939977645874 0.23960575461387634277 0.24625769257545471191 0.25879743695259094238 0.26180088520050048828 0.25786584615707397461 0.25212725996971130371 0.24515579640865325928 0.24927520751953125 0.25217589735984802246 0.26134276390075683594 0.26288381218910217285 0.2553380429744720459 0.24810765683650970459 0.2450465857982635498 0.23982636630535125732 0.23620881140232086182 0.24321690201759338379 0.25701391696929931641 0.26502364873886108398 0.27995377779006958008 0.25820723176002502441 0.25879049301147460938 0.25559145212173461914 0.25678646564483642578 0.25654900074005126953
-9999 -9999 -9999 -9999 -9999 -9999 -9999 -9999 -9999 -9999 -9999 -9999 -9999 0.21750083565711975098 0.21980203688144683838 0.22650606930255889893 0.23375281691551208496 0.24815283715724945068 0.25774225592613220215 0.26366940140724182129 0.27666571736335754395 0.27748799324035644531 0.25757253170013427734 0.25200343132019042969 0.25322958827018737793 0.26086512207984924316 0.26225987076759338379 0.25547608733177185059 0.24660979211330413818 0.24533674120903015137 0.24074341356754302979 0.23480759561061859131 0.24044822156429290771 0.25331023335456848145 0.26853594183921813965 0.27022877335548400879 0.26007872819900512695 0.25317752361297607422 0.24858076870441436768 0.25267863273620605469 0.25505822896957397461
-9999 -9999 -9999 -9999 -9999 -9999 -9999 -9999 -9999 -9999 -9999 -9999 -9999 0.25209018588066101074 0.22755914926528930664 0.23112735152244567871 0.23739854991436004639 0.25734990835189819336 0.26568260788917541504 0.27413287758827209473 0.28214347362518310547 0.27951535582542419434 0.26084440946578979492 0.25340318679809570313 0.25786858797073364258 0.26127666234970092773 0.25210812687873840332 0.25208777189254760742 0.2547137141227722168 0.24498201906681060791 0.242626190185546875 0.23974940180778503418 0.24619135260581970215 0.25464668869972229004 0.26162287592887878418 0.26418724656105041504 0.2514590919017791748 0.24646881222724914551 0.25160446763038635254 0.25500673055648803711 0.25315102934837341309
-9999 -9999 -9999 -9999 -9999 -9999 -9999 -9999 -9999 -9999 -9999 -9999 0.34933379292488098145 0.28177976608276367188 0.23157557845115661621 0.2362174689769744873 0.25037819147109985352 0.26103755831718444824 0.25531268119812011719 0.26884821057319641113 0.27908429503440856934 0.26861131191253662109 0.26489114761352539063 0.27018016576766967773 0.26333862543106079102 0.26397162675857543945 0.24701023101806640625 0.24074319005012512207 0.26004084944725036621 0.25102910399436950684 0.24915608763694763184 0.24807605147361755371 0.25452154874801635742 0.25652226805686950684 0.25763937830924987793 0.26310861110687255859 0.24854110181331634521 0.24900253117084503174 0.25170630216598510742 0.2459812164306640625 0.25285118818283081055
-9999 -9999 -9999 -9999 -9999 -9999 -9999 -9999 -9999 -9999 -9999 -9999 0.30368787050247192383 0.27295845746994018555 0.23084035515785217285 0.24123592674732208252 0.25755733251571655273 0.264667510986328125 0.25564759969711303711 0.27195379137992858887 0.26827490329742431641 0.26423943042755126953 0.27196618914604187012 0.28633794188499450684 0.27540409564971923828 0.2689209282398223877 0.26735034584999084473 0.25596582889556884766 0.2647469639778137207 0.25814238190650939941 0.25859698653221130371 0.25060570240020751953 0.2433754652738571167 0.23890823125839233398 0.25186565518379211426 0.25512766838073730469 0.24825465679168701172 0.24988339841365814209 0.24871020019054412842 0.24801802635192871094 0.24682787060737609863
-9999 -9999 -9999 -9999 -9999 -9999 -9999 -9999 -9999 -9999 -9999 -9999 0.29794475436210632324 0.24109619855880737305 0.2200883030891418457 0.240442618727684021 0.25751820206642150879 0.25537258386611938477 0.25207248330116271973 0.26374170184135437012 0.27305743098258972168 0.27323308587074279785 0.28038129210472106934 0.28828713297843933105 0.25491496920585632324 0.26530283689498901367 0.26926913857460021973 0.26490744948387145996 0.25459358096122741699 0.25272122025489807129 0.26110994815826416016 0.24743120372295379639 0.23622170090675354004 0.23473161458969116211 0.24955810606479644775 0.24954968690872192383 0.2413425743579864502 0.24745877087116241455 0.25080892443656921387 0.25728183984756469727 0.24799826741218566895
-9999 -9999 -9999 -9999 -9999 -9999 -9999 -9999 -9999 -9999 -9999 -9999 0.24595701694488525391 0.21478694677352905273 0.22569948434829711914 0.24017043411731719971 0.25215101242065429688 0.25487762689590454102 0.24832479655742645264 0.25772005319595336914 0.26425343751907348633 0.27220582962036132813 0.27686995267868041992 0.26570495963096618652 0.22731038928031921387 0.24447026848793029785 0.25847467780113220215 0.25201535224914550781 0.24762259423732757568 0.2479839622974395752 0.25674080848693847656 0.2523701786994934082 0.2467740476131439209 0.24096727371215820313 0.24093310534954071045 0.24219188094139099121 0.23898118734359741211 0.24568653106689453125 0.24684615433216094971 0.25711917877197265625 0.25178360939025878906
-9999 -9999 -9999 -9999 -9999 -9999 -9999 -9999 -9999 -9999 0.23599517345428466797 0.23528583347797393799 0.22504718601703643799 0.22243177890777587891 0.23801887035369873047 0.23425637185573577881 0.24240921437740325928 0.24676258862018585205 0.24713358283042907715 0.24972921609878540039 0.26096868515014648438 0.25524422526359558105 0.25259104371070861816 0.2604013979434967041 0.26041331887245178223 0.26002553105354309082 0.24915368854999542236 0.23626460134983062744 0.23818989098072052002 0.23662398755550384521 0.24831941723823547363 0.24850219488143920898 0.24121108651161193848 0.23962613940238952637 0.23653903603553771973 0.23801736533641815186 0.24545338749885559082 0.2444012761116027832 0.25112381577491760254 0.25381946563720703125 0.25200763344764709473
-9999 -9999 -9999 -9999 -9999 -9999 -9999 -9999 -9999 -9999 0.23945517838001251221 0.23651780188083648682 0.23979794979095458984 0.23702593147754669189 0.23677724599838256836 0.2314230501651763916 0.23313607275485992432 0.24270749092102050781 0.23953501880168914795 0.24040068686008453369 0.2521857917308807373 0.25550311803817749023 0.24755595624446868896 0.25481185317039489746 0.25725561380386352539 0.25606861710548400879 0.24892261624336242676 0.2438663095235824585 0.25116363167762756348 0.25117418169975280762 0.25331801176071166992 0.25472441315650939941 0.24697344005107879639 0.2424220740795135498 0.23568765819072723389 0.24597908556461334229 0.26062926650047302246 0.23841425776481628418 0.24588894844055175781 0.24982309341430664063 0.25141575932502746582
-9999 -9999 -9999 -9999 -9999 -9999 -9999 -9999 -9999 -9999 -9999 -9999 0.24120929837226867676 0.23804049193859100342 0.23862600326538085938 0.2326456606388092041 0.22966246306896209717 0.24834452569484710693 0.22935128211975097656 0.23095867037773132324 0.24763548374176025391 0.25027823448181152344 0.24929814040660858154 0.25482422113418579102 0.2547181248664855957 0.24990691244602203369 0.24717573821544647217 0.25781020522117614746 0.25948196649551391602 0.25553917884826660156 0.26129689812660217285 0.24536621570587158203 0.2456432729959487915 0.24353919923305511475 0.25188201665878295898 0.26176115870475769043 0.2682259678840637207 0.25116813182830810547 0.25336918234825134277 0.24908399581909179688 0.25839141011238098145
-9999 -9999 -9999 -9999 -9999 -9999 -9999 -9999 -9999 -9999 -9999 -9999 -9999 -9999 -9999 -9999 -9999 -9999 0.22118143737316131592 0.22576279938220977783 0.2570006251335144043 0.25446203351020812988 0.25189071893692016602 0.25285854935646057129 0.25685507059097290039 0.25047132372856140137 0.23949332535266876221 0.25400462746620178223 0.25677639245986938477 0.25209695100784301758 0.25543463230133056641 0.2544981837272644043 0.25851052999496459961 0.2583191990852355957 0.24909599125385284424 0.25345394015312194824 0.26489934325218200684 0.2521114051342010498 0.25105971097946166992 0.25713381171226501465 0.26533818244934082031
