INPUT/RASTER/ASCII/nir2021.asc
ncols        225
nrows        269
xllcorner    473009.983799999987
yllcorner    4429051.174800000153
cellsize     50.000000000000
NODATA_value -9999
[rows 180 to 197 of 269, columns 123 to 163 of 225]
0.29278030991554260254 0.2949237823486328125 0.2576669156551361084 0.23259671032428741455 0.24543902277946472168 0.24694743752479553223 0.2523968815803527832 0.26469641923904418945 0.25826793909072875977 0.26131007075309753418 0.28713119029998779297 0.29891464114189147949 0.29052299261093139648 0.27222427725791931152 0.27721810340881347656 0.27463871240615844727 0.2809925377368927002 0.26167988777160644531 0.25358283519744873047 0.2512760460376739502 0.26808300614356994629 0.29551023244857788086 0.27291247248649597168 0.24904793500900268555 0.21984094381332397461 0.23984690010547637939 0.27073901891708374023 0.24410863220691680908 0.22954620420932769775 0.25091138482093811035 0.2592442631721496582 0.24353304505348205566 0.24740944802761077881 0.22981218993663787842 0.2341489642858505249 0.24764953553676605225 0.2486918717622756958 0.26579415798187255859 0.25980448722839355469 0.27079895138740539551 0.27695035934448242188
0.27572581171989440918 0.26921546459197998047 0.23318405449390411377 0.22934922575950622559 0.23307864367961883545 0.24341948330402374268 0.27077519893646240234 0.27977311611175537109 0.26893815398216247559 0.25117242336273193359 0.25740966200828552246 0.27948999404907226563 0.29854726791381835938 0.29525178670883178711 0.29605945944786071777 0.28200754523277282715 0.28482025861740112305 0.28008303046226501465 0.26539513468742370605 0.25158959627151489258 0.27508595585823059082 0.26275402307510375977 0.279285430908203125 0.26823970675468444824 0.25222700834274291992 0.25549867749214172363 0.27019074559211730957 0.26019191741943359375 0.25759518146514892578 0.27005881071090698242 0.27316874265670776367 0.24664634466171264648 0.25105634331703186035 0.24699287116527557373 0.24937021732330322266 0.25873866677284240723 0.26740437746047973633 0.2662067115306854248 0.25453352928161621094 0.26528942584991455078 0.26633805036544799805
0.26777806878089904785 0.24633079767227172852 0.22762347757816314697 0.22676379978656768799 0.22948822379112243652 0.23085966706275939941 0.26698222756385803223 0.2849541008472442627 0.28018867969512939453 0.28227338194847106934 0.25349479913711547852 0.25083675980567932129 0.26695203781127929688 0.30680057406425476074 0.31637668609619140625 0.28657513856887817383 0.28324311971664428711 0.28034311532974243164 0.27146682143211364746 0.26047846674919128418 0.25936377048492431641 0.24876612424850463867 0.27750372886657714844 0.27681121230125427246 0.25826761126518249512 0.25448447465896606445 0.25390598177909851074 0.25017663836479187012 0.27328702807426452637 0.28193455934524536133 0.28427082300186157227 0.26765424013137817383 0.27301064133644104004 0.27153068780899047852 0.26467618346214294434 0.2721532285213470459 0.28092399239540100098 0.2573299407958984375 0.24358297884464263916 0.2464599907398223877 0.26101055741310119629
0.25941613316535949707 0.24537290632724761963 0.23113106191158294678 0.23128138482570648193 0.23118378221988677979 0.23060011863708496094 0.25745287537574768066 0.27305960655212402344 0.26791667938232421875 0.29589226841926574707 0.27400660514831542969 0.23980922996997833252 0.22582232952117919922 0.26231342554092407227 0.31532886624336242676 0.28810894489288330078 0.26469650864601135254 0.26714375615119934082 0.26256766915321350098 0.25429657101631164551 0.26190960407257080078 0.26770952343940734863 0.27719616889953613281 0.28235375881195068359 0.2660630643367767334 0.25989970564842224121 0.26071944832801818848 0.26459547877311706543 0.29227426648139953613 0.27878907322883605957 0.27348974347114562988 0.28650468587875366211 0.27312618494033813477 0.24856686592102050781 0.26699122786521911621 0.2804743349552154541 0.27676403522491455078 0.24816368520259857178 0.24389846622943878174 0.24867396056652069092 0.26965636014938354492
0.25076076388359069824 0.25934776663780212402 0.2366637885570526123 0.24421186745166778564 0.23939377069473266602 0.2247022092342376709 0.23861078917980194092 0.24718689918518066406 0.26076397299766540527 0.28008469939231872559 0.30129438638687133789 0.27287206053733825684 0.23847341537475585938 0.24720628559589385986 0.31621319055557250977 0.31243717670440673828 0.28674393892288208008 0.26611155271530151367 0.25550505518913269043 0.25163137912750244141 0.24286527931690216064 0.26856711506843566895 0.27299401164054870605 0.27842071652412414551 0.28664609789848327637 0.27648848295211791992 0.25819513201713562012 0.2611166834831237793 0.27036228775978088379 0.26638194918632507324 0.25436061620712280273 0.28235301375389099121 0.27426439523696899414 0.24515363574028015137 0.25888341665267944336 0.28412598371505737305 0.28085350990295410156 0.24714715778827667236 0.25902757048606872559 0.27207997441291809082 0.26139745116233825684
0.25629922747611999512 0.26479756832122802734 0.2455997467041015625 0.23099823296070098877 0.23147006332874298096 0.22601535916328430176 0.2370109856128692627 0.23524686694145202637 0.24183106422424316406 0.2580044865608215332 0.28863742947578430176 0.29910379648208618164 0.28241312503814697266 0.26949286460876464844 0.32646226882934570313 0.31473344564437866211 0.29947707056999206543 0.25868538022041320801 0.25540786981582641602 0.2538820803165435791 0.2551326751708984375 0.26659655570983886719 0.2729994654655456543 0.27582564949989318848 0.28633621335029602051 0.28239282965660095215 0.26161813735961914063 0.2694244086742401123 0.25989007949829101563 0.27089342474937438965 0.26680624485015869141 0.28544569015502929688 0.27470895648002624512 0.25905784964561462402 0.27416670322418212891 0.29459351301193237305 0.27616173028945922852 0.24236828088760375977 0.24614122509956359863 0.25920659303665161133 0.25101295113563537598
0.24769994616508483887 0.26599141955375671387 0.2651621699333190918 0.22899878025054931641 0.22685110569000244141 0.22967459261417388916 0.23335495591163635254 0.23425307869911193848 0.24193333089351654053 0.24110776185989379883 0.25325620174407958984 0.26012825965881347656 0.28686118125915527344 0.2737922370433807373 0.30113384127616882324 0.30481237173080444336 0.28684544563293457031 0.25926357507705688477 0.25204059481620788574 0.25390350818634033203 0.25399699807167053223 0.25799134373664855957 0.28793835639953613281 0.28325510025024414063 0.2780348360538482666 0.27711251378059387207 0.25675046443939208984 0.25059568881988525391 0.25212457776069641113 0.26649996638298034668 0.26888734102249145508 0.27049961686134338379 0.26297390460968017578 0.26773968338966369629 0.29021686315536499023 0.29121485352516174316 0.26532384753227233887 0.23798003792762756348 0.24704587459564208984 0.24177245795726776123 0.24054378271102905273
0.23790033161640167236 0.26753655076026916504 0.27081391215324401855 0.23973354697227478027 0.22394926846027374268 0.22640521824359893799 0.22648465633392333984 0.23617324233055114746 0.24352760612964630127 0.24687653779983520508 0.23973372578620910645 0.26054897904396057129 0.27997055649757385254 0.26261121034622192383 0.25835624337196350098 0.27235683798789978027 0.26086392998695373535 0.24311311542987823486 0.24930757284164428711 0.26287329196929931641 0.2530078887939453125 0.25106516480445861816 0.28037586808204650879 0.28927406668663024902 0.28649428486824035645 0.27084207534790039063 0.25795257091522216797 0.23772522807121276855 0.24006226658821105957 0.26594880223274230957 0.26495271921157836914 0.26324343681335449219 0.25429946184158325195 0.26967215538024902344 0.28916665911674499512 0.27878683805465698242 0.24924919009208679199 0.23187457025051116943 0.24452841281890869141 0.24215383827686309814 0.22652010619640350342
0.22701554000377655029 0.2606715857982635498 0.27039685845375061035 0.24766328930854797363 0.22114793956279754639 0.22428175806999206543 0.22426202893257141113 0.2369648367166519165 0.24265845119953155518 0.24269761145114898682 0.23139715194702148438 0.26395109295845031738 0.27429902553558349609 0.26158758997917175293 0.24352556467056274414 0.26305702328681945801 0.24329607188701629639 0.23757410049438476563 0.24016200006008148193 0.2559318840503692627 0.27230668067932128906 0.25620916485786437988 0.27110967040061950684 0.27879944443702697754 0.28118652105331420898 0.2722803652286529541 0.25384572148323059082 0.23912627995014190674 0.24389642477035522461 0.26884260773658752441 0.26879253983497619629 0.26671755313873291016 0.25891894102096557617 0.26779389381408691406 0.28098535537719726563 0.26822698116302490234 0.24095524847507476807 0.23449856042861938477 0.24117444455623626709 0.23708638548851013184 0.23245765268802642822
0.22521592676639556885 0.23884004354476928711 0.24660293757915496826 0.2410885244607925415 0.22510866820812225342 0.2314529120922088623 0.22293362021446228027 0.23410235345363616943 0.24045349657535552979 0.23957702517509460449 0.2273931354284286499 0.25554129481315612793 0.2575162351131439209 0.27972802519798278809 0.26903009414672851563 0.26349505782127380371 0.24192871153354644775 0.23912633955478668213 0.25143694877624511719 0.23959271609783172607 0.2635357975959777832 0.25653827190399169922 0.26269829273223876953 0.25999364256858825684 0.25753682851791381836 0.25016048550605773926 0.24133954942226409912 0.24056418240070343018 0.25177526473999023438 0.28726875782012939453 0.27405890822410583496 0.27262267470359802246 0.2598254084587097168 0.25703349709510803223 0.27816361188888549805 0.27639442682266235352 0.2488260418176651001 0.24425557255744934082 0.24084742367267608643 0.23320536315441131592 0.23158431053161621094
0.2295662611722946167 0.23128876090049743652 0.23518592119216918945 0.25009450316429138184 0.23887281119823455811 0.22975237667560577393 0.23222719132900238037 0.23407231271266937256 0.23624743521213531494 0.24347378313541412354 0.24235647916793823242 0.25933158397674560547 0.28476816415786743164 0.28509166836738586426 0.28239545226097106934 0.27144968509674072266 0.25493904948234558105 0.24979327619075775146 0.26403141021728515625 0.255496978759765625 0.2633647918701171875 0.26926413178443908691 0.25999972224235534668 0.24988172948360443115 0.24488264322280883789 0.23409485816955566406 0.23542590439319610596 0.25342598557472229004 0.25746297836303710938 0.28104332089424133301 0.27199140191078186035 0.26380389928817749023 0.25722265243530273438 0.26003333926200866699 0.27220720052719116211 0.2723865509033203125 0.25036355853080749512 0.24828536808490753174 0.22254048287868499756 0.2141561657190322876 0.21876761317253112793
0.22910070419311523438 0.22948975861072540283 0.22975631058216094971 0.24462057650089263916 0.25563588738441467285 0.23002155125141143799 0.2449798285961151123 0.24277186393737792969 0.25145965814590454102 0.26134657859802246094 0.25742861628532409668 0.25831037759780883789 0.26700592041015625 0.26408377289772033691 0.26597568392753601074 0.26432013511657714844 0.27027276158332824707 0.26675677299499511719 0.26048064231872558594 0.26406949758529663086 0.27004313468933105469 0.27198308706283569336 0.25290122628211975098 0.25197181105613708496 0.25131294131278991699 0.23810879886150360107 0.23757185041904449463 0.25595000386238098145 0.26498582959175109863 0.27390959858894348145 0.26043680310249328613 0.2502435147762298584 0.25232374668121337891 0.26010274887084960938 0.2703036963939666748 0.26649609208106994629 0.24731791019439697266 0.24462004005908966064 0.22736273705959320068 0.21895962953567504883 0.22673328220844268799
0.25504666566848754883 0.23138116300106048584 0.22786158323287963867 0.24992364645004272461 0.26585602760314941406 0.24999576807022094727 0.26255640387535095215 0.25948476791381835938 0.25452527403831481934 0.26258638501167297363 0.26047793030738830566 0.25764638185501098633 0.2553698122501373291 0.26207074522972106934 0.26263296604156494141 0.24917113780975341797 0.26051318645477294922 0.27900549769401550293 0.27616557478904724121 0.2712993323802947998 0.2757326960563659668 0.27441063523292541504 0.2446842193603515625 0.25640237331390380859 0.25874871015548706055 0.23865027725696563721 0.23354123532772064209 0.24455015361309051514 0.2547207176685333252 0.27295443415641784668 0.2623011469841003418 0.24655415117740631104 0.24755568802356719971 0.2488743215799331665 0.26992562413215637207 0.26366659998893737793 0.23876424133777618408 0.2317472994327545166 0.23074714839458465576 0.23077237606048583984 0.23422330617904663086
0.27229726314544677734 0.24821390211582183838 0.23197185993194580078 0.24205453693866729736 0.26563873887062072754 0.25896370410919189453 0.26744559407234191895 0.24018658697605133057 0.25175929069519042969 0.26787331700325012207 0.24744421243667602539 0.24857556819915771484 0.25387164950370788574 0.26457425951957702637 0.24083252251148223877 0.25167614221572875977 0.27858236432075500488 0.29426756501197814941 0.29446238279342651367 0.28899538516998291016 0.28170019388198852539 0.2726675570011138916 0.25078055262565612793 0.25849220156669616699 0.26435232162475585938 0.24392569065093994141 0.24031324684619903564 0.24432437121868133545 0.25577783584594726563 0.26852303743362426758 0.25627461075782775879 0.25362473726272583008 0.2453841865062713623 0.25341117382049560547 0.27397912740707397461 0.26358336210250854492 0.24364776909351348877 0.25442865490913391113 0.24901622533798217773 0.23602581024169921875 0.23702859878540039063
0.25723958015441894531 0.2686170041561126709 0.24985937774181365967 0.24786096811294555664 0.27679592370986938477 0.27970293164253234863 0.2526213526725769043 0.25143724679946899414 0.23602251708507537842 0.23346327245235443115 0.23347987234592437744 0.23067241907119750977 0.25045368075370788574 0.28982385993003845215 0.25837337970733642578 0.23508250713348388672 0.26389616727828979492 0.2879607081413269043 0.26897525787353515625 0.26464766263961791992 0.26915392279624938965 0.2670930325984954834 0.25494089722633361816 0.24283587932586669922 0.23803497850894927979 0.24227064847946166992 0.25066941976547241211 0.23800706863403320313 0.25026428699493408203 0.26648384332656860352 0.26241058111190795898 0.25765368342399597168 0.24702490866184234619 0.25315591692924499512 0.27285978198051452637 0.26525872945785522461 0.25411421060562133789 0.28507390618324279785 0.2695935666561126709 0.24913749098777770996 0.24406512081623077393
0.25168406963348388672 0.25937902927398681641 0.25707146525382995605 0.26286157965660095215 0.28666579723358154297 0.27537205815315246582 0.24248810112476348877 0.23748987913131713867 0.22917439043521881104 0.23382738232612609863 0.23161414265632629395 0.22979341447353363037 0.27158153057098388672 0.2949002385139465332 0.28467780351638793945 0.23858447372913360596 0.21593730151653289795 0.24709425866603851318 0.23342400789260864258 0.24410179257392883301 0.25602346658706665039 0.26637935638427734375 0.24195589125156402588 0.24035739898681640625 0.24085198342800140381 0.24589648842811584473 0.24212422966957092285 0.23911641538143157959 0.25761055946350097656 0.26931542158126831055 0.27420800924301147461 0.2469241023063659668 0.24162779748439788818 0.25206261873245239258 0.2582295835018157959 0.26912873983383178711 0.25490739941596984863 0.27302393317222595215 0.26501309871673583984 0.24494165182113647461 0.24219840764999389648
0.23704083263874053955 0.24151808023452758789 0.2573509514331817627 0.26962256431579589844 0.29028350114822387695 0.28135040402412414551 0.25890180468559265137 0.2435601651668548584 0.22837932407855987549 0.23423445224761962891 0.23564706742763519287 0.25658696889877319336 0.27631589770317077637 0.28975608944892883301 0.28007081151008605957 0.2770303189754486084 0.23040300607681274414 0.22001248598098754883 0.21383365988731384277 0.22361709177494049072 0.24412810802459716797 0.26599854230880737305 0.2173547595739364624 0.23103201389312744141 0.23843966424465179443 0.24086388945579528809 0.24028179049491882324 0.24017883837223052979 0.26883971691131591797 0.26680600643157958984 0.24832859635353088379 0.23991495370864868164 0.23734387755393981934 0.25410199165344238281 0.24182565510272979736 0.25737106800079345703 0.24931652843952178955 0.25794228911399841309 0.25890350341796875 0.25172513723373413086 0.24544131755828857422
0.23475742340087890625 0.23185609281063079834 0.24254180490970611572 0.26848521828651428223 0.28478202223777770996 0.28214561939239501953 0.25470069050788879395 0.26528283953666687012 0.24777707457542419434 0.25128826498985290527 0.2675406038761138916 0.28727617859840393066 0.28221160173416137695 0.28588366508483886719 0.27788421511650085449 0.27297711372375488281 0.23993791639804840088 0.232801780104637146 0.22022424638271331787 0.2249374091625213623 0.23805589973926544189 0.27064239978790283203 0.21615678071975708008 0.22067180275917053223 0.2235330045223236084 0.22630734741687774658 0.223425254225730896 0.23316732048988342285 0.25712198019027709961 0.24645031988620758057 0.24636390805244445801 0.24225668609142303467 0.24212734401226043701 0.2527942657470703125 0.23839640617370605469 0.2502333223819732666 0.24160055816173553467 0.24803170561790466309 0.25054937601089477539 0.25326466560363769531 0.26349043846130371094
