INPUT/RASTER/ASCII/nir2023.asc
ncols        225
nrows        269
xllcorner    473009.983799999987
yllcorner    4429051.174800000153
cellsize     50.000000000000
NODATA_value -9999
[rows 144 to 161 of 269, columns 123 to 163 of 225]
0.23738211393356323242 0.23900640010833740234 0.24477969110012054443 0.24288026988506317139 0.25787475705146789551 0.2677179872989654541 0.27607882022857666016 0.26838615536689758301 0.24685843288898468018 0.23896378278732299805 0.22327123582363128662 0.20807150006294250488 0.21991892158985137939 0.23124779760837554932 0.22922255098819732666 0.23672208189964294434 0.23385216295719146729 0.23277722299098968506 0.25513872504234313965 0.24051602184772491455 0.22286985814571380615 0.22546394169330596924 0.22497184574604034424 0.20769812166690826416 0.19971743226051330566 0.20011818408966064453 0.19850888848304748535 0.20723034441471099854 0.20565687119960784912 0.21302600204944610596 0.20692431926727294922 0.19993126392364501953 0.20572955906391143799 0.22513015568256378174 0.22332124412059783936 0.22824272513389587402 0.24448023736476898193 0.24216715991497039795 0.2399130016565322876 0.22412034869194030762 0.23346954584121704102
0.23467725515365600586 0.23751378059387207031 0.25138139724731445313 0.25605350732803344727 0.27674794197082519531 0.27513989806175231934 0.27377986907958984375 0.26400202512741088867 0.25007683038711547852 0.23977668583393096924 0.21404486894607543945 0.21056373417377471924 0.22126355767250061035 0.22954218089580535889 0.22908109426498413086 0.23463951051235198975 0.23058590292930603027 0.2235631793737411499 0.23855391144752502441 0.23203191161155700684 0.20954328775405883789 0.20558078587055206299 0.209781646728515625 0.20192722976207733154 0.19675801694393157959 0.20047271251678466797 0.19840346276760101318 0.20163680613040924072 0.1902478337287902832 0.19759422540664672852 0.20727005600929260254 0.20725803077220916748 0.20962576568126678467 0.20855949819087982178 0.22888487577438354492 0.23219089210033416748 0.25253587961196899414 0.25537440180778503418 0.24249334633350372314 0.21746119856834411621 0.21315485239028930664
0.2398720085620880127 0.23909302055835723877 0.25793924927711486816 0.27482554316520690918 0.27623513340950012207 0.27769607305526733398 0.27422913908958435059 0.27001869678497314453 0.2565975487232208252 0.2305520474910736084 0.20603102445602416992 0.21399381756782531738 0.23413625359535217285 0.23742926120758056641 0.23452956974506378174 0.22624005377292633057 0.21813516318798065186 0.22589913010597229004 0.23988814651966094971 0.2255655825138092041 0.20151656866073608398 0.20028741657733917236 0.20006886124610900879 0.1966752856969833374 0.19466744363307952881 0.19816154241561889648 0.19806914031505584717 0.2082131803035736084 0.19422766566276550293 0.19159747660160064697 0.21697148680686950684 0.22403183579444885254 0.21106609702110290527 0.20236186683177947998 0.22067786753177642822 0.23147359490394592285 0.25092911720275878906 0.26054391264915466309 0.2570647895336151123 0.23564143478870391846 0.23899774253368377686
0.24228478968143463135 0.23566432297229766846 0.24725317955017089844 0.26087206602096557617 0.26668310165405273438 0.26911270618438720703 0.27123287320137023926 0.25668212771415710449 0.24077983200550079346 0.21894907951354980469 0.20393548905849456787 0.20631587505340576172 0.23302964866161346436 0.22832980751991271973 0.22467365860939025879 0.21851418912410736084 0.22067371010780334473 0.22690987586975097656 0.22889026999473571777 0.22091154754161834717 0.2033596038818359375 0.19574554264545440674 0.19646324217319488525 0.19991435110569000244 0.19947372376918792725 0.20123979449272155762 0.21214601397514343262 0.2098051607608795166 0.20125551521778106689 0.2023518681526184082 0.2253303229808807373 0.2261257469654083252 0.21379508078098297119 0.21424490213394165039 0.22931034862995147705 0.24158345162868499756 0.25021484494209289551 0.26112678647041320801 0.26180732250213623047 0.24460193514823913574 0.25487318634986877441
0.24077701568603515625 0.23755650222301483154 0.23063933849334716797 0.23290576040744781494 0.2274382859468460083 0.23383413255214691162 0.23993043601512908936 0.23221473395824432373 0.2165975719690322876 0.20937526226043701172 0.20783978700637817383 0.21276551485061645508 0.22171978652477264404 0.23266759514808654785 0.22711291909217834473 0.22270946204662322998 0.21822099387645721436 0.20786584913730621338 0.21856981515884399414 0.21815945208072662354 0.2104937136173248291 0.1814832538366317749 0.19463780522346496582 0.20217682421207427979 0.20408719778060913086 0.20414243638515472412 0.22277545928955078125 0.22378829121589660645 0.21492700278759002686 0.22183363139629364014 0.21868272125720977783 0.22311441600322723389 0.21893613040447235107 0.22195987403392791748 0.23909971117973327637 0.25043311715126037598 0.24247410893440246582 0.24434509873390197754 0.24507753551006317139 0.23993182182312011719 0.25450819730758666992
0.23325622081756591797 0.24501201510429382324 0.23714789748191833496 0.22687958180904388428 0.22218658030033111572 0.22251586616039276123 0.22280839085578918457 0.23735851049423217773 0.21513421833515167236 0.20089900493621826172 0.21440657973289489746 0.21906034648418426514 0.21699674427509307861 0.22087429463863372803 0.22480192780494689941 0.21795067191123962402 0.21385575830936431885 0.20295004546642303467 0.21336515247821807861 0.22120492160320281982 0.21477213501930236816 0.20834007859230041504 0.21240496635437011719 0.21599781513214111328 0.22283793985843658447 0.21725629270076751709 0.21811223030090332031 0.22740311920642852783 0.23390363156795501709 0.23994685709476470947 0.23424087464809417725 0.2327149510383605957 0.2319666445255279541 0.23168644309043884277 0.24687406420707702637 0.25405114889144897461 0.25957092642784118652 0.25139313936233520508 0.24246236681938171387 0.23007065057754516602 0.22918525338172912598
0.23000571131706237793 0.24688093364238739014 0.2554753720760345459 0.24869772791862487793 0.23053319752216339111 0.23728588223457336426 0.23673298954963684082 0.23532249033451080322 0.22122606635093688965 0.21367244422435760498 0.21367986500263214111 0.21251563727855682373 0.21184407174587249756 0.20890767872333526611 0.22751383483409881592 0.23374764621257781982 0.21767063438892364502 0.21641145646572113037 0.22031454741954803467 0.22009657323360443115 0.22472679615020751953 0.22740852832794189453 0.21983169019222259521 0.22981220483779907227 0.22919872403144836426 0.23102915287017822266 0.2327082902193069458 0.23441222310066223145 0.23908324539661407471 0.24581873416900634766 0.24160999059677124023 0.23093248903751373291 0.21977357566356658936 0.22963373363018035889 0.25341466069221496582 0.25357845425605773926 0.26574683189392089844 0.25988307595252990723 0.23724876344203948975 0.22746266424655914307 0.22787199914455413818
0.23116354644298553467 0.23769140243530273438 0.24694491922855377197 0.24936473369598388672 0.24747958779335021973 0.24979309737682342529 0.24980063736438751221 0.23300600051879882813 0.22627826035022735596 0.22105751931667327881 0.20932899415493011475 0.21018387377262115479 0.20400492846965789795 0.21406146883964538574 0.22681157290935516357 0.22458668053150177002 0.22841238975524902344 0.23786750435829162598 0.22722828388214111328 0.23169215023517608643 0.25113716721534729004 0.2537758946418762207 0.23805956542491912842 0.24057811498641967773 0.24871249496936798096 0.25696277618408203125 0.24020519852638244629 0.23257058858871459961 0.23207780718803405762 0.23770183324813842773 0.24049103260040283203 0.22793917357921600342 0.22293591499328613281 0.23473887145519256592 0.25304493308067321777 0.24601159989833831787 0.26153200864791870117 0.26309525966644287109 0.24922712147235870361 0.22504983842372894287 0.23017351329326629639
0.23051291704177856445 0.22333598136901855469 0.21797113120555877686 0.23910936713218688965 0.23899748921394348145 0.23324704170227050781 0.24226728081703186035 0.23672045767307281494 0.23394851386547088623 0.23049227893352508545 0.21941319108009338379 0.21063701808452606201 0.20162484049797058105 0.23806662857532501221 0.23762744665145874023 0.23548193275928497314 0.24192568659782409668 0.25117510557174682617 0.22432029247283935547 0.22091509401798248291 0.24009902775287628174 0.26110562682151794434 0.26648697257041931152 0.27183955907821655273 0.27660134434700012207 0.29051500558853149414 0.27958133816719055176 0.25588378310203552246 0.22859132289886474609 0.22691611945629119873 0.22936700284481048584 0.22404646873474121094 0.22276300191879272461 0.22742798924446105957 0.24093168973922729492 0.24714133143424987793 0.25345915555953979492 0.24051098525524139404 0.24533222615718841553 0.23825122416019439697 0.24913397431373596191
0.21907152235507965088 0.21893267333507537842 0.23077279329299926758 0.22914262115955352783 0.22521288692951202393 0.22416532039642333984 0.22668774425983428955 0.24032948911190032959 0.23617374897003173828 0.23683243989944458008 0.2288045734167098999 0.2103818356990814209 0.21406851708889007568 0.25022765994071960449 0.2469326406717300415 0.23518064618110656738 0.24202470481395721436 0.26486253738403320313 0.23032319545745849609 0.22644440829753875732 0.23377741873264312744 0.24994760751724243164 0.24820508062839508057 0.25564399361610412598 0.27254179120063781738 0.30195119976997375488 0.30368974804878234863 0.29109457135200500488 0.2633965611457824707 0.23913013935089111328 0.22018752992153167725 0.22753998637199401855 0.23395483195781707764 0.24317957460880279541 0.24213904142379760742 0.23939216136932373047 0.25547680258750915527 0.24582000076770782471 0.24375213682651519775 0.24926745891571044922 0.25041377544403076172
0.21707944571971893311 0.22146445512771606445 0.24083466827869415283 0.24439704418182373047 0.23171611130237579346 0.22668771445751190186 0.23068122565746307373 0.23819313943386077881 0.22647403180599212646 0.22776739299297332764 0.2191670835018157959 0.22762672603130340576 0.22562538087368011475 0.23918153345584869385 0.24613268673419952393 0.23370164632797241211 0.24085979163646697998 0.25429251790046691895 0.23057973384857177734 0.2284504622220993042 0.23308476805686950684 0.23727557063102722168 0.24705420434474945068 0.25630390644073486328 0.25846081972122192383 0.30220067501068115234 0.27799278497695922852 0.28720843791961669922 0.27980113029479980469 0.26355820894241333008 0.23233941197395324707 0.22709313035011291504 0.23256041109561920166 0.23053938150405883789 0.23323620855808258057 0.25616189837455749512 0.27409020066261291504 0.26047652959823608398 0.26246377825736999512 0.26066896319389343262 0.25432103872299194336
0.21715444326400756836 0.22312365472316741943 0.23666431009769439697 0.24925489723682403564 0.24655371904373168945 0.23582951724529266357 0.23047773540019989014 0.22982539236545562744 0.24297751486301422119 0.23421640694141387939 0.22939974069595336914 0.23900182545185089111 0.23851493000984191895 0.23642782866954803467 0.24753135442733764648 0.24065504968166351318 0.23739236593246459961 0.24225588142871856689 0.2296648174524307251 0.23694001138210296631 0.23507353663444519043 0.26001495122909545898 0.28209477663040161133 0.25882774591445922852 0.25417405366897583008 0.28774407505989074707 0.25890326499938964844 0.26376116275787353516 0.26638942956924438477 0.2792828679084777832 0.25239637494087219238 0.23388470709323883057 0.23165319859981536865 0.22907753288745880127 0.22570730745792388916 0.2488902360200881958 0.26577788591384887695 0.26323422789573669434 0.25405591726303100586 0.26381340622901916504 0.25373443961143493652
0.22409394383430480957 0.2253125607967376709 0.22174173593521118164 0.24258559942245483398 0.25189286470413208008 0.24751196801662445068 0.23047201335430145264 0.22539427876472473145 0.24035951495170593262 0.22937186062335968018 0.21554094552993774414 0.22468815743923187256 0.23920384049415588379 0.23873178660869598389 0.25210121273994445801 0.25650957226753234863 0.243199959397315979 0.23461210727691650391 0.23593561351299285889 0.24737328290939331055 0.26656031608581542969 0.27236455678939819336 0.27593410015106201172 0.26308307051658630371 0.25695320963859558105 0.2730776369571685791 0.24790978431701660156 0.26138776540756225586 0.24683894217014312744 0.23345857858657836914 0.22817929089069366455 0.23548644781112670898 0.23443882167339324951 0.22197262942790985107 0.22778980433940887451 0.24079698324203491211 0.25507780909538269043 0.25894746184349060059 0.25718829035758972168 0.26825380325317382813 0.25935128331184387207
0.22925075888633728027 0.22077736258506774902 0.21735014021396636963 0.22895970940589904785 0.23875257372856140137 0.24460043013095855713 0.24725727736949920654 0.24081283807754516602 0.23271012306213378906 0.24075809121131896973 0.23996135592460632324 0.23725768923759460449 0.23507048189640045166 0.23216781020164489746 0.23701083660125732422 0.24269819259643554688 0.23709839582443237305 0.2239150702953338623 0.22858579456806182861 0.26096823811531066895 0.26818516850471496582 0.26834073662757873535 0.28013339638710021973 0.25405952334403991699 0.25668880343437194824 0.2729943394660949707 0.24884247779846191406 0.26610773801803588867 0.24704700708389282227 0.21622289717197418213 0.2060931473970413208 0.22301273047924041748 0.24644298851490020752 0.22804802656173706055 0.22439262270927429199 0.2431293874979019165 0.24945534765720367432 0.25293651223182678223 0.25532123446464538574 0.25858590006828308105 0.25901472568511962891
0.21160887181758880615 0.20998455584049224854 0.20611640810966491699 0.20769107341766357422 0.22065590322017669678 0.23716518282890319824 0.23190769553184509277 0.23549155890941619873 0.23412683606147766113 0.23500238358974456787 0.24561226367950439453 0.25418052077293395996 0.24662207067012786865 0.24378767609596252441 0.23115569353103637695 0.24180531501770019531 0.24510094523429870605 0.23422309756278991699 0.24619798362255096436 0.24792367219924926758 0.23768939077854156494 0.24862580001354217529 0.25084602832794189453 0.23431950807571411133 0.24575909972190856934 0.26014131307601928711 0.2664012908935546875 0.25550401210784912109 0.25029924511909484863 0.23347234725952148438 0.22330552339553833008 0.23570501804351806641 0.23890917003154754639 0.23600184917449951172 0.23045013844966888428 0.23505610227584838867 0.24543297290802001953 0.2620715796947479248 0.2619571685791015625 0.25033086538314819336 0.25485840439796447754
0.20089349150657653809 0.20365689694881439209 0.20034791529178619385 0.20046232640743255615 0.20771832764148712158 0.21635769307613372803 0.20966507494449615479 0.21106250584125518799 0.21436876058578491211 0.24098688364028930664 0.25990656018257141113 0.27898004651069641113 0.25608530640602111816 0.23826219141483306885 0.24890595674514770508 0.24934868514537811279 0.23467449843883514404 0.22499999403953552246 0.23812773823738098145 0.23022443056106567383 0.22432975471019744873 0.232751503586769104 0.23629589378833770752 0.22565469145774841309 0.25112974643707275391 0.24977882206439971924 0.25948506593704223633 0.26164269447326660156 0.2506980597972869873 0.23561926186084747314 0.25002372264862060547 0.25792223215103149414 0.24417413771152496338 0.24337507784366607666 0.23449149727821350098 0.23748767375946044922 0.25545048713684082031 0.27177858352661132813 0.27533930540084838867 0.27658498287200927734 0.25067889690399169922
0.19652600586414337158 0.19801059365272521973 0.19565230607986450195 0.19814622402191162109 0.19737359881401062012 0.19702309370040893555 0.19305400550365447998 0.20441000163555145264 0.22331508994102478027 0.25562599301338195801 0.26330924034118652344 0.27092903852462768555 0.25320130586624145508 0.23410983383655548096 0.24339713156223297119 0.23365963995456695557 0.22272199392318725586 0.22536663711071014404 0.23075981438159942627 0.23302030563354492188 0.23630799353122711182 0.2518672943115234375 0.24525013566017150879 0.23316319286823272705 0.2451737523078918457 0.26810026168823242188 0.25362756848335266113 0.26554071903228759766 0.25431355834007263184 0.23603019118309020996 0.25255441665649414063 0.26072111725807189941 0.243963584303855896 0.24915817379951477051 0.24494807422161102295 0.24609966576099395752 0.24934948980808258057 0.26969498395919799805 0.270694732666015625 0.27608636021614074707 0.25054967403411865234
0.19287465512752532959 0.19432248175144195557 0.19862435758113861084 0.19967986643314361572 0.19731564819812774658 0.19978545606136322021 0.20278257131576538086 0.2205031663179397583 0.2369203418493270874 0.24603982269763946533 0.2397578507661819458 0.23253402113914489746 0.22833740711212158203 0.21964962780475616455 0.22082498669624328613 0.21911525726318359375 0.22647054493427276611 0.23521029949188232422 0.23941713571548461914 0.248277321457862854 0.26181089878082275391 0.26167780160903930664 0.23743996024131774902 0.23319195210933685303 0.22660377621650695801 0.25625908374786376953 0.25677067041397094727 0.2589549720287322998 0.24665060639381408691 0.24174670875072479248 0.25156757235527038574 0.24213624000549316406 0.24760033190250396729 0.24918243288993835449 0.25250253081321716309 0.24136556684970855713 0.24151296913623809814 0.26511842012405395508 0.26786080002784729004 0.25581261515617370605 0.24574735760688781738
