INPUT/RASTER/ASCII/nir2023.asc
ncols        225
nrows        269
xllcorner    473009.983799999987
yllcorner    4429051.174800000153
cellsize     50.000000000000
NODATA_value -9999
[rows 162 to 179 of 269, columns 164 to 204 of 225]
0.22140666842460632324 0.22556573152542114258 0.2355337291955947876 0.22584673762321472168 0.24076318740844726563 0.24436150491237640381 0.25140959024429321289 0.26141911745071411133 0.2608890533447265625 0.2542374730110168457 0.26067507266998291016 0.24373577535152435303 0.21910068392753601074 0.2298790663480758667 0.24668526649475097656 0.23697745800018310547 0.24486844241619110107 0.24100610613822937012 0.23527510464191436768 0.23164394497871398926 0.23982168734073638916 0.25983032584190368652 0.25104725360870361328 0.24949869513511657715 0.26290312409400939941 0.24918423593044281006 0.23234619200229644775 0.23119537532329559326 0.2115729600191116333 0.23897682130336761475 0.25076845288276672363 0.25243285298347473145 0.23446390032768249512 0.23402845859527587891 0.22839491069316864014 0.23227046430110931396 0.23222245275974273682 0.22369985282421112061 0.23593339323997497559 0.22378645837306976318 0.21926175057888031006
0.23330828547477722168 0.25575947761535644531 0.26209938526153564453 0.25053837895393371582 0.25109180808067321777 0.22905701398849487305 0.22101190686225891113 0.21788422763347625732 0.22350788116455078125 0.21171440184116363525 0.22481687366962432861 0.22046869993209838867 0.20500290393829345703 0.20754022896289825439 0.24367931485176086426 0.24229964613914489746 0.24447937309741973877 0.24024686217308044434 0.24009057879447937012 0.24617819488048553467 0.24714174866676330566 0.25936794281005859375 0.25123938918113708496 0.24743349850177764893 0.25534477829933166504 0.25548243522644042969 0.24028269946575164795 0.23064017295837402344 0.22579124569892883301 0.23817779123783111572 0.25082167983055114746 0.25188601016998291016 0.23194909095764160156 0.2275619804859161377 0.21893317997455596924 0.22290115058422088623 0.22964631021022796631 0.22132183611392974854 0.23577643930912017822 0.23528392612934112549 0.22829242050647735596
0.24137075245380401611 0.24909368157386779785 0.2340011298656463623 0.23464187979698181152 0.22264839708805084229 0.21023902297019958496 0.21081878244876861572 0.20325197279453277588 0.20837917923927307129 0.21238592267036437988 0.21250623464584350586 0.22224900126457214355 0.21244296431541442871 0.21269927918910980225 0.22680671513080596924 0.24212820827960968018 0.24824570119380950928 0.23979203402996063232 0.2461891472339630127 0.25492528080940246582 0.25334459543228149414 0.26241728663444519043 0.25381168723106384277 0.2476208806037902832 0.25168183445930480957 0.24582616984844207764 0.24207015335559844971 0.22763849794864654541 0.23531998693943023682 0.24533163011074066162 0.25120949745178222656 0.24603317677974700928 0.23685194551944732666 0.22845187783241271973 0.22467760741710662842 0.22322149574756622314 0.22533960640430450439 0.22142533957958221436 0.22956876456737518311 0.23726627230644226074 0.24262945353984832764
0.24547956883907318115 0.24399985373020172119 0.23952353000640869141 0.24669733643531799316 0.24616563320159912109 0.24120958149433135986 0.23331795632839202881 0.21904592216014862061 0.21886041760444641113 0.21494829654693603516 0.21204578876495361328 0.21722182631492614746 0.21280810236930847168 0.21264114975929260254 0.21689125895500183105 0.2449093163013458252 0.25123834609985351563 0.2434240877628326416 0.24180330336093902588 0.25414690375328063965 0.25389897823333740234 0.2550379335880279541 0.23662413656711578369 0.23502227663993835449 0.25250381231307983398 0.24599701166152954102 0.24325147271156311035 0.23672199249267578125 0.23996177315711975098 0.25115486979484558105 0.25052866339683532715 0.24261528253555297852 0.23395185172557830811 0.23111945390701293945 0.2240276038646697998 0.22700425982475280762 0.22686971724033355713 0.23102806508541107178 0.23347750306129455566 0.24224951863288879395 0.24804085493087768555
0.25478944182395935059 0.23813810944557189941 0.23503328859806060791 0.25558680295944213867 0.25284498929977416992 0.24397006630897521973 0.24657151103019714355 0.23971198499202728271 0.22983856499195098877 0.21948535740375518799 0.2200374901294708252 0.21523445844650268555 0.22403171658515930176 0.22225016355514526367 0.22894823551177978516 0.24562789499759674072 0.24581485986709594727 0.2424087226390838623 0.2402006685733795166 0.2682711184024810791 0.26727956533432006836 0.25403842329978942871 0.24118278920650482178 0.23503367602825164795 0.24874520301818847656 0.24184285104274749756 0.25242111086845397949 0.25330433249473571777 0.24837730824947357178 0.2545006871223449707 0.2518901526927947998 0.25829166173934936523 0.2334073483943939209 0.22998738288879394531 0.23139019310474395752 0.2289628833532333374 0.22903613746166229248 0.22094528377056121826 0.22408647835254669189 0.24170137941837310791 0.24765577912330627441
0.24906086921691894531 0.24391798675060272217 0.23340725898742675781 0.26203387975692749023 0.26696252822875976563 0.24585740268230438232 0.22536911070346832275 0.22348792850971221924 0.21935664117336273193 0.22024323046207427979 0.22946649789810180664 0.23059992492198944092 0.22391341626644134521 0.21395851671695709229 0.22856988012790679932 0.22460035979747772217 0.23650646209716796875 0.2408256828784942627 0.24535955488681793213 0.25224766135215759277 0.26309618353843688965 0.26580870151519775391 0.25199976563453674316 0.24773430824279785156 0.24858760833740234375 0.24542659521102905273 0.23978982865810394287 0.24594919383525848389 0.25524887442588806152 0.25066208839416503906 0.2533486783504486084 0.2593415677547454834 0.23982003331184387207 0.22627651691436767578 0.22806628048419952393 0.22733175754547119141 0.23354087769985198975 0.22313639521598815918 0.21470017731189727783 0.22313010692596435547 0.22300389409065246582
0.24500715732574462891 0.25016161799430847168 0.22581692039966583252 0.23702657222747802734 0.23691277205944061279 0.2436040341854095459 0.23236232995986938477 0.21858656406402587891 0.21941070258617401123 0.22198620438575744629 0.22088980674743652344 0.22089980542659759521 0.2135867774486541748 0.22230902314186096191 0.23127207159996032715 0.22333580255508422852 0.23068507015705108643 0.24099060893058776855 0.24869394302368164063 0.24825787544250488281 0.25054776668548583984 0.25408953428268432617 0.25063499808311462402 0.2577838897705078125 0.24424377083778381348 0.25218296051025390625 0.25099983811378479004 0.24986086785793304443 0.25433105230331420898 0.24972936511039733887 0.24871554970741271973 0.26281350851058959961 0.23726190626621246338 0.22478049993515014648 0.22287988662719726563 0.2241220325231552124 0.23573277890682220459 0.22878889739513397217 0.20882976055145263672 0.2155939638614654541 0.21155998110771179199
0.2595557868480682373 0.26034438610076904297 0.23472717404365539551 0.22713047266006469727 0.21915821731090545654 0.22563742101192474365 0.23308415710926055908 0.22064912319183349609 0.22638642787933349609 0.23036211729049682617 0.22497577965259552002 0.2269385606050491333 0.21997253596782684326 0.23479472100734710693 0.25543227791786193848 0.24633401632308959961 0.24292141199111938477 0.2410036623477935791 0.23440687358379364014 0.241161346435546875 0.24585476517677307129 0.25747901201248168945 0.26333731412887573242 0.26493078470230102539 0.24643152952194213867 0.24512535333633422852 0.25981959700584411621 0.27607139945030212402 0.25964668393135070801 0.25200620293617248535 0.24107119441032409668 0.25479340553283691406 0.2339420318603515625 0.2241875380277633667 0.22173792123794555664 0.22785435616970062256 0.23542650043964385986 0.2366056591272354126 0.21917065978050231934 0.21073208749294281006 0.21742686629295349121
0.26203685998916625977 0.26351651549339294434 0.23111261427402496338 0.21928004920482635498 0.21892809867858886719 0.2232738882303237915 0.22055447101593017578 0.22501905262470245361 0.22238397598266601563 0.22551254928112030029 0.22323021292686462402 0.22364883124828338623 0.23043529689311981201 0.22985866665840148926 0.24645443260669708252 0.2417577207088470459 0.22177775204181671143 0.23892186582088470459 0.2388273775577545166 0.24197666347026824951 0.24533407390117645264 0.25207641720771789551 0.25577533245086669922 0.25746488571166992188 0.23749384284019470215 0.24140530824661254883 0.26678344607353210449 0.28259366750717163086 0.25967830419540405273 0.24960939586162567139 0.2366717606782913208 0.24469359219074249268 0.23235401511192321777 0.21964199841022491455 0.21086713671684265137 0.20365388691425323486 0.21930544078350067139 0.23286905884742736816 0.23028892278671264648 0.22722321748733520508 0.21774350106716156006
0.26395294070243835449 0.26995646953582763672 0.25078213214874267578 0.23481768369674682617 0.23368726670742034912 0.23299944400787353516 0.22754564881324768066 0.22328937053680419922 0.21817092597484588623 0.22399456799030303955 0.23086728155612945557 0.22671926021575927734 0.22390320897102355957 0.22282114624977111816 0.24371291697025299072 0.2362175285816192627 0.2139243781566619873 0.251720428466796875 0.25276321172714233398 0.25070196390151977539 0.24983108043670654297 0.25019335746765136719 0.24426740407943725586 0.24027951061725616455 0.24268899857997894287 0.26129454374313354492 0.25315654277801513672 0.25699979066848754883 0.25681015849113464355 0.24492028355598449707 0.23667614161968231201 0.23888762295246124268 0.24056221544742584229 0.22761705517768859863 0.21947589516639709473 0.2220986783504486084 0.23327933251857757568 0.22775880992412567139 0.22855938971042633057 0.22736497223377227783 0.2202596515417098999
0.26408922672271728516 0.25833693146705627441 0.2515659332275390625 0.25966906547546386719 0.2648601531982421875 0.24830631911754608154 0.24680395424365997314 0.23549358546733856201 0.23823833465576171875 0.23288546502590179443 0.23074908554553985596 0.22998084127902984619 0.24098648130893707275 0.23061662912368774414 0.24052973091602325439 0.23833119869232177734 0.21231067180633544922 0.22936713695526123047 0.23336139321327209473 0.24178297817707061768 0.24159455299377441406 0.25018429756164550781 0.24593241512775421143 0.2463518679141998291 0.25279644131660461426 0.25103619694709777832 0.2432108074426651001 0.24167197942733764648 0.25389474630355834961 0.25658622384071350098 0.24283638596534729004 0.25031358003616333008 0.24312098324298858643 0.23707440495491027832 0.22189988195896148682 0.22932124137878417969 0.23123961687088012695 0.22465983033180236816 0.23352216184139251709 0.22877289354801177979 0.22522921860218048096
0.27559775114059448242 0.26520118117332458496 0.24836681783199310303 0.25493299961090087891 0.26761135458946228027 0.25256299972534179688 0.25212812423706054688 0.24195855855941772461 0.24685117602348327637 0.24324689805507659912 0.23341915011405944824 0.22527873516082763672 0.23449611663818359375 0.24531455338001251221 0.23745118081569671631 0.24269466102123260498 0.21992196142673492432 0.23629994690418243408 0.23080652952194213867 0.22447517514228820801 0.23591013252735137939 0.24651670455932617188 0.24944347143173217773 0.25182402133941650391 0.25037902593612670898 0.25042825937271118164 0.25421276688575744629 0.23393829166889190674 0.25605466961860656738 0.26123523712158203125 0.25063273310661315918 0.24077951908111572266 0.24069046974182128906 0.23316690325736999512 0.21948100626468658447 0.24298715591430664063 0.22166414558887481689 0.2232860177755355835 0.22956193983554840088 0.22935216128826141357 0.22482940554618835449
0.29138800501823425293 0.26334804296493530273 0.24985246360301971436 0.2413371354341506958 0.24561619758605957031 0.24940009415149688721 0.2577908635139465332 0.24958327412605285645 0.24070636928081512451 0.22802947461605072021 0.24075284600257873535 0.25428268313407897949 0.24542246758937835693 0.24378840625286102295 0.23214773833751678467 0.23764784634113311768 0.23287363350391387939 0.2375345379114151001 0.23778760433197021484 0.21808201074600219727 0.22188541293144226074 0.24167549610137939453 0.24935452640056610107 0.2471154630184173584 0.25244498252868652344 0.26163628697395324707 0.25475987792015075684 0.23487102985382080078 0.25296959280967712402 0.24747589230537414551 0.23867137730121612549 0.23408529162406921387 0.23649601638317108154 0.24330501258373260498 0.21920663118362426758 0.22626297175884246826 0.24378508329391479492 0.23794734477996826172 0.23564222455024719238 0.22974671423435211182 0.23114325106143951416
0.28183719515800476074 0.2695929408073425293 0.25612369179725646973 0.24215902388095855713 0.23805771768093109131 0.2408961951732635498 0.25039470195770263672 0.24621757864952087402 0.2501589655876159668 0.23583526909351348877 0.22746415436267852783 0.24115525186061859131 0.24217079579830169678 0.22575591504573822021 0.21814815700054168701 0.23043489456176757813 0.22435754537582397461 0.23230400681495666504 0.24489682912826538086 0.23757782578468322754 0.23055326938629150391 0.23714070022106170654 0.24343547224998474121 0.24610279500484466553 0.25447174906730651855 0.26139780879020690918 0.24445857107639312744 0.23376785218715667725 0.2489579617977142334 0.22560729086399078369 0.22144639492034912109 0.2309036552906036377 0.22689302265644073486 0.23000955581665039063 0.21716003119945526123 0.21856839954853057861 0.25294923782348632813 0.25281533598899841309 0.21937380731105804443 0.22341178357601165771 0.23836722970008850098
0.27642014622688293457 0.27246344089508056641 0.26597461104393005371 0.25456789135932922363 0.24647447466850280762 0.24797002971172332764 0.24876733124256134033 0.25194236636161804199 0.26396986842155456543 0.25095853209495544434 0.23399673402309417725 0.22714690864086151123 0.22255796194076538086 0.22208464145660400391 0.22683487832546234131 0.23390348255634307861 0.24379266798496246338 0.24206456542015075684 0.24847663938999176025 0.24137425422668457031 0.23207141458988189697 0.23094867169857025146 0.239011421799659729 0.24584759771823883057 0.2514546513557434082 0.25134733319282531738 0.23139998316764831543 0.21859955787658691406 0.23536251485347747803 0.22606554627418518066 0.23576146364212036133 0.232980385422706604 0.21881619095802307129 0.2151091843843460083 0.23504824936389923096 0.23082505166530609131 0.24613365530967712402 0.25163173675537109375 0.22312748432159423828 0.22518996894359588623 0.23863270878791809082
0.27444064617156982422 0.27637088298797607422 0.25254145264625549316 0.25986331701278686523 0.25829881429672241211 0.25558105111122131348 0.25623863935470581055 0.26308625936508178711 0.26701402664184570313 0.25311061739921569824 0.24962097406387329102 0.24598601460456848145 0.2139056473970413208 0.21091477572917938232 0.22436068952083587646 0.22706373035907745361 0.23755355179309844971 0.24830612540245056152 0.24848511815071105957 0.24138595163822174072 0.23224240541458129883 0.22899898886680603027 0.24023586511611938477 0.2465350031852722168 0.23856174945831298828 0.23569063842296600342 0.22040063142776489258 0.20639494061470031738 0.20599438250064849854 0.22075279057025909424 0.24042528867721557617 0.2378095090389251709 0.22484703361988067627 0.23128108680248260498 0.23016373813152313232 0.22662815451622009277 0.2475299835205078125 0.24411916732788085938 0.22781044244766235352 0.2325321882963180542 0.23375654220581054688
0.26295435428619384766 0.2740541994571685791 0.2490393221378326416 0.249935150146484375 0.22486162185668945313 0.24256435036659240723 0.25457769632339477539 0.25215789675712585449 0.26158669590950012207 0.25015181303024291992 0.24962370097637176514 0.24054332077503204346 0.22846084833145141602 0.21885845065116882324 0.21192283928394317627 0.21891401708126068115 0.23315949738025665283 0.24469399452209472656 0.25440618395805358887 0.25472027063369750977 0.240497589111328125 0.2366110682487487793 0.24034039676189422607 0.24562983214855194092 0.23631860315799713135 0.22771625220775604248 0.22694128751754760742 0.21612247824668884277 0.21212050318717956543 0.22516985237598419189 0.2309344857931137085 0.22642855346202850342 0.21907147765159606934 0.22815112769603729248 0.23748244345188140869 0.24109247326850891113 0.2454573512077331543 0.23010525107383728027 0.22176884114742279053 0.23686714470386505127 0.23867617547512054443
0.26150605082511901855 0.2616170048713684082 0.23327742516994476318 0.2376527935266494751 0.24209433794021606445 0.25460341572761535645 0.2472763359546661377 0.24106301367282867432 0.24761477112770080566 0.25578135251998901367 0.25423023104667663574 0.24197472631931304932 0.23428626358509063721 0.22392390668392181396 0.20463350415229797363 0.20253799855709075928 0.22389945387840270996 0.2466112971305847168 0.25837987661361694336 0.25566348433494567871 0.2465101778507232666 0.2371177375316619873 0.2426172792911529541 0.25138887763023376465 0.23828613758087158203 0.22362235188484191895 0.22456677258014678955 0.22622141242027282715 0.22619380056858062744 0.21854957938194274902 0.21195630729198455811 0.22085675597190856934 0.22407622635364532471 0.20856830477714538574 0.23732757568359375 0.23996183276176452637 0.23872272670269012451 0.2274799048900604248 0.22969126701354980469 0.23383660614490509033 0.231340751051902771
