INPUT/RASTER/ASCII/nir2023.asc
ncols        225
nrows        269
xllcorner    473009.983799999987
yllcorner    4429051.174800000153
cellsize     50.000000000000
NODATA_value -9999
[rows 108 to 125 of 269, columns 123 to 163 of 225]
0.24008949100971221924 0.23718702793121337891 0.23798029124736785889 0.24152256548404693604 0.2454776763916015625 0.26552036404609680176 0.23459051549434661865 0.24052558839321136475 0.26668971776962280273 0.22986024618148803711 0.24569596350193023682 0.24949242174625396729 0.244983673095703125 0.23548947274684906006 0.24191389977931976318 0.25316202640533447266 0.24572621285915374756 0.24987745285034179688 0.24581491947174072266 0.25162029266357421875 0.23040725290775299072 0.22332100570201873779 0.22360640764236450195 0.23230993747711181641 0.21295416355133056641 0.23085735738277435303 0.23471251130104064941 0.20863522589206695557 0.23794700205326080322 0.25377053022384643555 0.25680834054946899414 0.25915664434432983398 0.25833886861801147461 0.25018107891082763672 0.24216550588607788086 0.23143044114112854004 0.25040858983993530273 0.25781336426734924316 0.26929625868797302246 0.25206509232521057129 0.25064259767532348633
0.24107968807220458984 0.24482642114162445068 0.25113525986671447754 0.25613617897033691406 0.23828907310962677002 0.23314021527767181396 0.22279624640941619873 0.24081678688526153564 0.24904346466064453125 0.23770919442176818848 0.23224996030330657959 0.23760503530502319336 0.2353210151195526123 0.23846893012523651123 0.26480305194854736328 0.24887415766716003418 0.24537381529808044434 0.24428068101406097412 0.24340425431728363037 0.24075543880462646484 0.26122424006462097168 0.2293774336576461792 0.23052141070365905762 0.25374647974967956543 0.22266985476016998291 0.21361328661441802979 0.20547671616077423096 0.19031156599521636963 0.20756235718727111816 0.2313063889741897583 0.22389459609985351563 0.2393004298210144043 0.24764524400234222412 0.24141700565814971924 0.26061338186264038086 0.24365620315074920654 0.24133114516735076904 0.24726366996765136719 0.25922572612762451172 0.25902771949768066406 0.26624152064323425293
0.24005214869976043701 0.24286253750324249268 0.25065988302230834961 0.25467765331268310547 0.23595482110977172852 0.22266954183578491211 0.22640042006969451904 0.23781414330005645752 0.25082734227180480957 0.23559212684631347656 0.23359991610050201416 0.23311063647270202637 0.24055491387844085693 0.23475117981433868408 0.24026030302047729492 0.23796798288822174072 0.24127767980098724365 0.25307723879814147949 0.24660019576549530029 0.23963031172752380371 0.24713580310344696045 0.23174728453159332275 0.23288492858409881592 0.23702761530876159668 0.23094438016414642334 0.22827756404876708984 0.20573389530181884766 0.18643036484718322754 0.20336192846298217773 0.2423852384090423584 0.24253256618976593018 0.23835687339305877686 0.24344661831855773926 0.23603396117687225342 0.23430332541465759277 0.23683029413223266602 0.23177939653396606445 0.2426166236400604248 0.24796526134014129639 0.24899120628833770752 0.25633704662322998047
0.2322467118501663208 0.24743449687957763672 0.24005344510078430176 0.23504564166069030762 0.22605523467063903809 0.23163042962551116943 0.24546010792255401611 0.25410035252571105957 0.25259929895401000977 0.24294206500053405762 0.2475407719612121582 0.22911268472671508789 0.2212038189172744751 0.23676031827926635742 0.23396414518356323242 0.23649023473262786865 0.25182995200157165527 0.2462482750415802002 0.23367930948734283447 0.24254488945007324219 0.23557451367378234863 0.23743371665477752686 0.23110066354274749756 0.23237864673137664795 0.23442944884300231934 0.25518214702606201172 0.23838174343109130859 0.21509176492691040039 0.22530913352966308594 0.25345149636268615723 0.25835180282592773438 0.25809851288795471191 0.24538029730319976807 0.23574452102184295654 0.22221907973289489746 0.22358217835426330566 0.23509907722473144531 0.24541531503200531006 0.24595539271831512451 0.23626129329204559326 0.24716873466968536377
0.23541411757469177246 0.23210176825523376465 0.22972719371318817139 0.24307221174240112305 0.24478018283843994141 0.23586650192737579346 0.2469409555196762085 0.26893526315689086914 0.25719913840293884277 0.24815623462200164795 0.22861354053020477295 0.22668999433517456055 0.2274935990571975708 0.24698497354984283447 0.26047232747077941895 0.26498597860336303711 0.25979757308959960938 0.24213398993015289307 0.23622433841228485107 0.24114815890789031982 0.23997353017330169678 0.22998285293579101563 0.23552833497524261475 0.25090986490249633789 0.24802410602569580078 0.25857588648796081543 0.23762537539005279541 0.24278563261032104492 0.2441447824239730835 0.23452937602996826172 0.2508367002010345459 0.25856861472129821777 0.24663503468036651611 0.23829500377178192139 0.22268335521221160889 0.2273972928524017334 0.23593343794345855713 0.24138943850994110107 0.24399308860301971436 0.23669411242008209229 0.26319134235382080078
0.23547509312629699707 0.23232579231262207031 0.22749872505664825439 0.25718700885772705078 0.23999825119972229004 0.23801992833614349365 0.26084467768669128418 0.29448810219764709473 0.25875899195671081543 0.23208896815776824951 0.22566646337509155273 0.23423530161380767822 0.2260770946741104126 0.25518310070037841797 0.26314413547515869141 0.25631657242774963379 0.26595294475555419922 0.26489338278770446777 0.25437340140342712402 0.26461803913116455078 0.26299583911895751953 0.24517352879047393799 0.2393223494291305542 0.2583758234977722168 0.24750535190105438232 0.24613912403583526611 0.23094879090785980225 0.24603931605815887451 0.25120586156845092773 0.25360220670700073242 0.24032990634441375732 0.25445419549942016602 0.24027052521705627441 0.23605103790760040283 0.21928648650646209717 0.22628869116306304932 0.2309722602367401123 0.23970277607440948486 0.23386178910732269287 0.24110457301139831543 0.25284063816070556641
0.22613257169723510742 0.2382761538028717041 0.2325286567211151123 0.25514340400695800781 0.22718857228755950928 0.24682435393333435059 0.28067743778228759766 0.27648851275444030762 0.2381947636604309082 0.22649554908275604248 0.22862197458744049072 0.2370259016752243042 0.25611320137977600098 0.32169112563133239746 0.32454040646553039551 0.27994239330291748047 0.26177078485488891602 0.26965045928955078125 0.25154700875282287598 0.24234628677368164063 0.26010745763778686523 0.25005754828453063965 0.24919176101684570313 0.25572305917739868164 0.24919658899307250977 0.23351551592350006104 0.23088142275810241699 0.23797558248043060303 0.25022935867309570313 0.24451661109924316406 0.23544998466968536377 0.23883932828903198242 0.23832179605960845947 0.23757600784301757813 0.23535199463367462158 0.21380844712257385254 0.22553941607475280762 0.23397989571094512939 0.23824642598628997803 0.24229413270950317383 0.2501354217529296875
0.22867938876152038574 0.22964550554752349854 0.22892959415912628174 0.26493602991104125977 0.25911134481430053711 0.27591797709465026855 0.26616978645324707031 0.24956257641315460205 0.23924450576305389404 0.23583233356475830078 0.24361188709735870361 0.24707393348217010498 0.26963326334953308105 0.32063028216361999512 0.31394481658935546875 0.33368137478828430176 0.2993615269660949707 0.29473143815994262695 0.2653357386589050293 0.23837117850780487061 0.24373190104961395264 0.24814060330390930176 0.23343916237354278564 0.23365852236747741699 0.24701505899429321289 0.24191991984844207764 0.24933400750160217285 0.23708480596542358398 0.2401511073112487793 0.24353224039077758789 0.23491564393043518066 0.23320139944553375244 0.23243190348148345947 0.23337554931640625 0.2333723604679107666 0.22737061977386474609 0.23048742115497589111 0.22754760086536407471 0.23620310425758361816 0.23698690533638000488 0.2348168492317199707
0.22953271865844726563 0.22900301218032836914 0.21372222900390625 0.26784455776214599609 0.27304282784461975098 0.24427933990955352783 0.23968414962291717529 0.24295283854007720947 0.25259584188461303711 0.24549743533134460449 0.26497685909271240234 0.26239722967147827148 0.25294539332389831543 0.30050793290138244629 0.3210309445858001709 0.36879977583885192871 0.33991965651512145996 0.30813884735107421875 0.27980330586433410645 0.25610992312431335449 0.24633103609085083008 0.24167168140411376953 0.22937051951885223389 0.25681969523429870605 0.26056444644927978516 0.24783679842948913574 0.24847966432571411133 0.22401928901672363281 0.22257532179355621338 0.23928456008434295654 0.2356490790843963623 0.22600872814655303955 0.2435951530933380127 0.23712702095508575439 0.22513766586780548096 0.23353312909603118896 0.25126028060913085938 0.2280705571174621582 0.24164554476737976074 0.2393496781587600708 0.24507166445255279541
0.23604555428028106689 0.25280275940895080566 0.26672828197479248047 0.2885894477367401123 0.24864664673805236816 0.24384011328220367432 0.25185108184814453125 0.26058238744735717773 0.24058499932289123535 0.24869023263454437256 0.28054058551788330078 0.27592924237251281738 0.27297168970108032227 0.31777417659759521484 0.34602624177932739258 0.31166300177574157715 0.33053430914878845215 0.3241392970085144043 0.29936441779136657715 0.27678886055946350098 0.26787072420120239258 0.26486170291900634766 0.2586593329906463623 0.28507471084594726563 0.26265731453895568848 0.25630673766136169434 0.23788931965827941895 0.16299635171890258789 0.13408780097961425781 0.21710644662380218506 0.24600236117839813232 0.25076153874397277832 0.24350598454475402832 0.2510986626148223877 0.2476307302713394165 0.25397211313247680664 0.23724688589572906494 0.22865630686283111572 0.2330649644136428833 0.23160344362258911133 0.2446003258228302002
0.23481510579586029053 0.25418737530708312988 0.28001138567924499512 0.24506846070289611816 0.23787885904312133789 0.22876790165901184082 0.23692013323307037354 0.24289055168628692627 0.22808526456356048584 0.25259691476821899414 0.26951816678047180176 0.27845674753189086914 0.29430413246154785156 0.30440869927406311035 0.32071739435195922852 0.3098881840705871582 0.29571500420570373535 0.28313967585563659668 0.29794663190841674805 0.27927193045616149902 0.29538637399673461914 0.28428232669830322266 0.28573790192604064941 0.29184016585350036621 0.27105021476745605469 0.2604134678840637207 0.25175124406814575195 0.19951498508453369141 0.1099468618631362915 0.17164695262908935547 0.24841611087322235107 0.25391852855682373047 0.25491964817047119141 0.24371990561485290527 0.23454391956329345703 0.23759636282920837402 0.20931905508041381836 0.22913606464862823486 0.22353695333003997803 0.22735007107257843018 0.23754604160785675049
0.25031411647796630859 0.24650791287422180176 0.25485938787460327148 0.24656391143798828125 0.25081655383110046387 0.24185229837894439697 0.24345801770687103271 0.2394288480281829834 0.23704461753368377686 0.25924834609031677246 0.29688933491706848145 0.28626218438148498535 0.3068943023681640625 0.30640450119972229004 0.2768917083740234375 0.27456796169281005859 0.26067611575126647949 0.26449227333068847656 0.26389786601066589355 0.2660656273365020752 0.29384055733680725098 0.28080528974533081055 0.2531751096248626709 0.27106383442878723145 0.25617232918739318848 0.25722205638885498047 0.25437524914741516113 0.24253137409687042236 0.21023795008659362793 0.21042490005493164063 0.25548583269119262695 0.25056114792823791504 0.26954406499862670898 0.24223080277442932129 0.2218669205904006958 0.21007992327213287354 0.22120770812034606934 0.22970739006996154785 0.22408607602119445801 0.2249053269624710083 0.22912448644638061523
0.28699859976768493652 0.27180904150009155273 0.26371884346008300781 0.25596848130226135254 0.25461268424987792969 0.25590407848358154297 0.24561044573783874512 0.24642294645309448242 0.24166153371334075928 0.26251205801963806152 0.30492001771926879883 0.27735927700996398926 0.2769139409065246582 0.25162506103515625 0.23044846951961517334 0.24587254226207733154 0.26812458038330078125 0.27550461888313293457 0.28105276823043823242 0.2733942568302154541 0.2605520784854888916 0.25252544879913330078 0.24754081666469573975 0.26690220832824707031 0.26454740762710571289 0.25518089532852172852 0.23460286855697631836 0.23176626861095428467 0.24043202400207519531 0.23825441300868988037 0.25056093931198120117 0.25483039021492004395 0.27009382843971252441 0.24690620601177215576 0.22916705906391143799 0.21775628626346588135 0.23138885200023651123 0.23808683454990386963 0.22911433875560760498 0.23421706259250640869 0.24030104279518127441
0.27404174208641052246 0.26947814226150512695 0.24875403940677642822 0.24279689788818359375 0.25938740372657775879 0.27023065090179443359 0.2475477755069732666 0.24178087711334228516 0.24331036210060119629 0.27044987678527832031 0.26876008510589599609 0.26025223731994628906 0.26842811703681945801 0.25237870216369628906 0.23962400853633880615 0.25995281338691711426 0.2639223933219909668 0.26751562952995300293 0.27096700668334960938 0.26323530077934265137 0.25607153773307800293 0.22962675988674163818 0.2393608391284942627 0.24742802977561950684 0.2525647282600402832 0.24640008807182312012 0.2350276559591293335 0.23233491182327270508 0.24100852012634277344 0.24025669693946838379 0.23694621026515960693 0.26009580492973327637 0.26719105243682861328 0.25093233585357666016 0.23519459366798400879 0.22246228158473968506 0.2248141169548034668 0.23095650970935821533 0.24438911676406860352 0.24853974580764770508 0.25493890047073364258
0.29005512595176696777 0.27392742037773132324 0.24821448326110839844 0.24380227923393249512 0.25038450956344604492 0.25989630818367004395 0.24180281162261962891 0.23148572444915771484 0.24145497381687164307 0.26325532793998718262 0.24923011660575866699 0.27356061339378356934 0.28507119417190551758 0.26326572895050048828 0.2561416923999786377 0.26294925808906555176 0.27999821305274963379 0.27509915828704833984 0.26198145747184753418 0.26202854514122009277 0.25092321634292602539 0.22973930835723876953 0.23512779176235198975 0.23419086635112762451 0.23730289936065673828 0.23819504678249359131 0.23422500491142272949 0.23441486060619354248 0.23247915506362915039 0.24323780834674835205 0.23549480736255645752 0.25630643963813781738 0.25358179211616516113 0.25089228153228759766 0.2415425032377243042 0.22735893726348876953 0.23183770477771759033 0.23155640065670013428 0.22822260856628417969 0.24547721445560455322 0.25046354532241821289
0.27490571141242980957 0.26517158746719360352 0.25326880812644958496 0.25340875983238220215 0.24558806419372558594 0.24633932113647460938 0.24158231914043426514 0.22646127641201019287 0.23984478414058685303 0.26529493927955627441 0.25863730907440185547 0.28339728713035583496 0.27233234047889709473 0.25627297163009643555 0.23470516502857208252 0.23558256030082702637 0.27822658419609069824 0.28344962000846862793 0.26016771793365478516 0.27381345629692077637 0.25033581256866455078 0.23261006176471710205 0.22431612014770507813 0.21728998422622680664 0.24067984521389007568 0.24219469726085662842 0.23157082498073577881 0.24125075340270996094 0.24395149946212768555 0.24377100169658660889 0.22610768675804138184 0.26130536198616027832 0.25818815827369689941 0.25102710723876953125 0.26083460450172424316 0.23435609042644500732 0.22789297997951507568 0.22578448057174682617 0.21958188712596893311 0.23363953828811645508 0.24031791090965270996
0.28812378644943237305 0.23730368912220001221 0.23474523425102233887 0.23467364907264709473 0.21815834939479827881 0.22462323307991027832 0.22741182148456573486 0.22990593314170837402 0.23147477209568023682 0.25746613740921020508 0.24791438877582550049 0.24795098602771759033 0.26843789219856262207 0.25904819369316101074 0.2411594688892364502 0.23532813787460327148 0.27908319234848022461 0.27589881420135498047 0.26274305582046508789 0.2826690673828125 0.28891459107398986816 0.2621250152587890625 0.23572343587875366211 0.2292213737964630127 0.21854501962661743164 0.22893719375133514404 0.23195123672485351563 0.2501919865608215332 0.25227108597755432129 0.23937125504016876221 0.22081166505813598633 0.25782534480094909668 0.24289689958095550537 0.1980616152286529541 0.23585166037082672119 0.24382136762142181396 0.22934579849243164063 0.22212006151676177979 0.23800033330917358398 0.24379332363605499268 0.23759701848030090332
0.24456742405891418457 0.22634077072143554688 0.22090537846088409424 0.21927584707736968994 0.212049141526222229 0.22617235779762268066 0.23438057303428649902 0.22982169687747955322 0.23496147990226745605 0.23798333108425140381 0.2369416654109954834 0.24731618165969848633 0.26450484991073608398 0.27231273055076599121 0.25840419530868530273 0.23798480629920959473 0.27439492940902709961 0.27374196052551269531 0.27762299776077270508 0.27692744135856628418 0.26785326004028320313 0.26239913702011108398 0.26440325379371643066 0.25706106424331665039 0.23763430118560791016 0.22416856884956359863 0.2315044701099395752 0.24820394814014434814 0.24767304956912994385 0.23972594738006591797 0.21780671179294586182 0.23823761940002441406 0.22137868404388427734 0.18992364406585693359 0.25486797094345092773 0.2484099268913269043 0.24465300142765045166 0.25133788585662841797 0.26390194892883300781 0.25068929791450500488 0.23145402967929840088
