INPUT/RASTER/ASCII/nir2021.asc
ncols        225
nrows        269
xllcorner    473009.983799999987
yllcorner    4429051.174800000153
cellsize     50.000000000000
NODATA_value -9999
[rows 198 to 215 of 269, columns 82 to 122 of 225]
0.27397355437278747559 0.24353094398975372314 0.23054338991641998291 0.18295088410377502441 0.17690058052539825439 0.22378526628017425537 0.25533246994018554688 0.25496712327003479004 0.23209169507026672363 0.22837050259113311768 0.23056504130363464355 0.23098446428775787354 0.23539337515830993652 0.24401070177555084229 0.25379917025566101074 0.26582518219947814941 0.27705994248390197754 0.26147633790969848633 0.23785598576068878174 0.24184693396091461182 0.23902949690818786621 0.23221157491207122803 0.23481740057468414307 0.22880539298057556152 0.22542214393615722656 0.24868242442607879639 0.24631962180137634277 0.25394240021705627441 0.24891723692417144775 0.24424187839031219482 0.24957783520221710205 0.25995841622352600098 0.26174855232238769531 0.24926963448524475098 0.22418279945850372314 0.22792409360408782959 0.24353246390819549561 0.25386610627174377441 0.26593449711799621582 0.25475367903709411621 0.23295848071575164795
0.2505302727222442627 0.2311751246452331543 0.23083025217056274414 0.19728699326515197754 0.19664488732814788818 0.23449185490608215332 0.24232737720012664795 0.23631520569324493408 0.23203140497207641602 0.22388318181037902832 0.23596566915512084961 0.25592559576034545898 0.24435697495937347412 0.24268829822540283203 0.26120382547378540039 0.26842609047889709473 0.28887766599655151367 0.25349450111389160156 0.24234494566917419434 0.23991116881370544434 0.2360807955265045166 0.2441768944263458252 0.2344356924295425415 0.24228668212890625 0.23697704076766967773 0.23915301263332366943 0.24016931653022766113 0.25116100907325744629 0.24542558193206787109 0.24077847599983215332 0.26114222407341003418 0.26210156083106994629 0.23697710037231445313 0.22593602538108825684 0.21201282739639282227 0.21754309535026550293 0.21841822564601898193 0.22652904689311981201 0.25128340721130371094 0.24994045495986938477 0.23764789104461669922
0.21651133894920349121 0.23827978968620300293 0.24241212010383605957 0.22294856607913970947 0.21584042906761169434 0.23310132324695587158 0.24977904558181762695 0.24557122588157653809 0.23895345628261566162 0.22974188625812530518 0.23376405239105224609 0.24396234750747680664 0.25102576613426208496 0.24892979860305786133 0.24816802144050598145 0.25783568620681762695 0.28691959381103515625 0.25656241178512573242 0.23862317204475402832 0.22990392148494720459 0.23572792112827301025 0.25594225525856018066 0.22659210860729217529 0.23704342544078826904 0.25659906864166259766 0.25845474004745483398 0.24218882620334625244 0.25411728024482727051 0.25581350922584533691 0.2522868812084197998 0.25750192999839782715 0.24204052984714508057 0.21375885605812072754 0.21545618772506713867 0.20907291769981384277 0.2226130366325378418 0.22514331340789794922 0.22197109460830688477 0.24049782752990722656 0.25883531570434570313 0.24282175302505493164
0.2150224149227142334 0.2422046363353729248 0.24365538358688354492 0.2447029799222946167 0.23695705831050872803 0.24418888986110687256 0.24271725118160247803 0.24124011397361755371 0.23855601251125335693 0.23556222021579742432 0.24832251667976379395 0.23546886444091796875 0.23802724480628967285 0.25380954146385192871 0.25245013833045959473 0.24504579603672027588 0.25669473409652709961 0.24944347143173217773 0.25061842799186706543 0.23580066859722137451 0.24281749129295349121 0.26183196902275085449 0.23671019077301025391 0.22454908490180969238 0.24570235610008239746 0.26848888397216796875 0.25020995736122131348 0.23465931415557861328 0.24361629784107208252 0.26018074154853820801 0.25734481215476989746 0.23622642457485198975 0.21005232632160186768 0.20781183242797851563 0.20765011012554168701 0.2166264951229095459 0.21770715713500976563 0.21127067506313323975 0.23650176823139190674 0.2706400752067565918 0.26945474743843078613
0.23236826062202453613 0.24571885168552398682 0.25102758407592773438 0.24980223178863525391 0.24749706685543060303 0.24830637872219085693 0.23746114969253540039 0.22833919525146484375 0.22788453102111816406 0.23586395382881164551 0.24813725054264068604 0.24959580600261688232 0.24085882306098937988 0.24004405736923217773 0.243129730224609375 0.25216948986053466797 0.24961224198341369629 0.27040985226631164551 0.26937505602836608887 0.26053458452224731445 0.25806769728660583496 0.25325983762741088867 0.24643112719058990479 0.224653586745262146 0.2532584071159362793 0.27294313907623291016 0.26896888017654418945 0.26355862617492675781 0.24821943044662475586 0.26016357541084289551 0.26831144094467163086 0.24329254031181335449 0.21675857901573181152 0.20720635354518890381 0.2075198441743850708 0.20836541056632995605 0.20969010889530181885 0.2119191288948059082 0.20763388276100158691 0.2439626157283782959 0.27210116386413574219
0.25108882784843444824 0.24897654354572296143 0.24826286733150482178 0.24306763708591461182 0.25407269597053527832 0.26669368147850036621 0.23819801211357116699 0.22434780001640319824 0.22212746739387512207 0.23712682723999023438 0.2358852773904800415 0.24004927277565002441 0.24704240262508392334 0.23323084414005279541 0.22694852948188781738 0.24029485881328582764 0.24831765890121459961 0.26972785592079162598 0.27581864595413208008 0.24876579642295837402 0.23375675082206726074 0.22986435890197753906 0.2412236630916595459 0.23334132134914398193 0.26730549335479736328 0.27815306186676025391 0.27671521902084350586 0.28190568089485168457 0.26993319392204284668 0.26471883058547973633 0.24612857401371002197 0.22337384521961212158 0.20818319916725158691 0.21534813940525054932 0.21218186616897583008 0.21197831630706787109 0.20941141247749328613 0.20765991508960723877 0.20155987143516540527 0.23134303092956542969 0.25818574428558349609
0.24579975008964538574 0.24911159276962280273 0.23708873987197875977 0.23755763471126556396 0.25456589460372924805 0.26344135403633117676 0.24065445363521575928 0.22166617214679718018 0.22187830507755279541 0.22091010212898254395 0.21828781068325042725 0.22980712354183197021 0.23673813045024871826 0.24198354780673980713 0.22383099794387817383 0.23107364773750305176 0.22543412446975708008 0.2546361088752746582 0.2420634925365447998 0.21418347954750061035 0.22095540165901184082 0.21832102537155151367 0.22733677923679351807 0.23268264532089233398 0.26701948046684265137 0.26238077878952026367 0.24427369236946105957 0.24318109452724456787 0.27182465791702270508 0.26876041293144226074 0.23708416521549224854 0.23119527101516723633 0.21834895014762878418 0.22025547921657562256 0.22581262886524200439 0.23598384857177734375 0.22938407957553863525 0.21601217985153198242 0.21450787782669067383 0.23648048937320709229 0.21746930480003356934
0.25874954462051391602 0.2587680816650390625 0.24498063325881958008 0.23607331514358520508 0.24200600385665893555 0.25547438859939575195 0.23637449741363525391 0.21071854233741760254 0.20823261141777038574 0.21138098835945129395 0.21984817087650299072 0.23894456028938293457 0.23340868949890136719 0.23977082967758178711 0.22907884418964385986 0.22959713637828826904 0.24235936999320983887 0.24697344005107879639 0.23232962191104888916 0.20525853335857391357 0.20482917129993438721 0.20654995739459991455 0.21718464791774749756 0.24131304025650024414 0.24855604767799377441 0.24832065403461456299 0.22663071751594543457 0.21543876826763153076 0.2415886223316192627 0.25955021381378173828 0.24142591655254364014 0.2283061593770980835 0.23149617016315460205 0.23271676898002624512 0.2289543449878692627 0.25019398331642150879 0.24469904601573944092 0.23764386773109436035 0.23539644479751586914 0.25461995601654052734 0.22093310952186584473
0.26426133513450622559 0.26055648922920227051 0.24593926966190338135 0.24581578373908996582 0.24052132666110992432 0.24654363095760345459 0.24390406906604766846 0.23011334240436553955 0.20793877542018890381 0.20389385521411895752 0.20968908071517944336 0.22367917001247406006 0.22779254615306854248 0.24007660150527954102 0.24272680282592773438 0.25516799092292785645 0.26801705360412597656 0.24687130749225616455 0.21734316647052764893 0.21862280368804931641 0.21910990774631500244 0.21888062357902526855 0.21458971500396728516 0.22684124112129211426 0.24118296802043914795 0.24607740342617034912 0.25332742929458618164 0.22332052886486053467 0.23564663529396057129 0.24596184492111206055 0.24335588514804840088 0.24123626947402954102 0.25272825360298156738 0.2648417353630065918 0.26876145601272583008 0.26614668965339660645 0.26840850710868835449 0.26348465681076049805 0.25579109787940979004 0.23998039960861206055 0.23830872774124145508
0.26403182744979858398 0.27088350057601928711 0.24009582400321960449 0.2415066063404083252 0.2351748347282409668 0.23596899211406707764 0.24838650226593017578 0.24075902998447418213 0.21183675527572631836 0.20084364712238311768 0.20787081122398376465 0.21904106438159942627 0.21383643150329589844 0.21606245636940002441 0.2303981781005859375 0.2613328397274017334 0.23482839763164520264 0.22808098793029785156 0.21300923824310302734 0.22783377766609191895 0.23232677578926086426 0.22503796219825744629 0.21951417624950408936 0.21932995319366455078 0.23995460569858551025 0.25372466444969177246 0.27092218399047851563 0.24412912130355834961 0.25060451030731201172 0.23864281177520751953 0.23850849270820617676 0.23574875295162200928 0.24710212647914886475 0.24213923513889312744 0.2354733198881149292 0.24749493598937988281 0.24079671502113342285 0.23714451491832733154 0.22897236049175262451 0.22685433924198150635 0.24399061501026153564
0.24234186112880706787 0.25367274880409240723 0.24402573704719543457 0.24498637020587921143 0.23555155098438262939 0.23392260074615478516 0.22737015783786773682 0.22192071378231048584 0.21844537556171417236 0.21264961361885070801 0.21656934916973114014 0.22568106651306152344 0.22124189138412475586 0.21975490450859069824 0.22690343856811523438 0.22378833591938018799 0.20464171469211578369 0.21061126887798309326 0.2019500434398651123 0.2114550471305847168 0.23055677115917205811 0.21257737278938293457 0.20960441231727600098 0.21768599748611450195 0.22509706020355224609 0.25042074918746948242 0.2487369924783706665 0.24082879722118377686 0.24595561623573303223 0.22754046320915222168 0.23655685782432556152 0.22834099829196929932 0.23159714043140411377 0.23056101799011230469 0.2390874028205871582 0.23956626653671264648 0.22873814404010772705 0.23564484715461730957 0.23794794082641601563 0.24672520160675048828 0.25158175826072692871
0.23312170803546905518 0.24048544466495513916 0.24357576668262481689 0.24512559175491333008 0.23633253574371337891 0.22803282737731933594 0.2262354046106338501 0.2192951887845993042 0.22037507593631744385 0.22387683391571044922 0.23382051289081573486 0.23280777037143707275 0.22683386504650115967 0.24169260263442993164 0.22766889631748199463 0.21495489776134490967 0.2083673328161239624 0.20905448496341705322 0.20217345654964447021 0.19625678658485412598 0.20183253288269042969 0.20378808677196502686 0.20340928435325622559 0.20315341651439666748 0.21005952358245849609 0.21550799906253814697 0.23558826744556427002 0.25066244602203369141 0.23429740965366363525 0.22036331892013549805 0.23288391530513763428 0.2318080514669418335 0.22581261396408081055 0.24257832765579223633 0.24915261566638946533 0.23214043676853179932 0.23043027520179748535 0.24137197434902191162 0.22634682059288024902 0.25048896670341491699 0.24649201333522796631
0.23764958977699279785 0.25206777453422546387 0.23606039583683013916 0.24579143524169921875 0.24328082799911499023 0.22671553492546081543 0.22851684689521789551 0.23948629200458526611 0.2464236915111541748 0.23835769295692443848 0.24498465657234191895 0.24342682957649230957 0.23463857173919677734 0.24837927520275115967 0.24609108269214630127 0.23880784213542938232 0.23353596031665802002 0.23009008169174194336 0.22480657696723937988 0.20852859318256378174 0.20556847751140594482 0.21087995171546936035 0.21573202311992645264 0.21308688819408416748 0.21282947063446044922 0.21125958859920501709 0.22646465897560119629 0.24601125717163085938 0.22788785398006439209 0.22763131558895111084 0.23163726925849914551 0.23835602402687072754 0.23592340946197509766 0.2437228858470916748 0.2444368898868560791 0.23885665833950042725 0.25399625301361083984 0.25183570384979248047 0.22784006595611572266 0.22724243998527526855 0.24106046557426452637
0.23932534456253051758 0.24545429646968841553 0.23856921494007110596 0.25140872597694396973 0.24591153860092163086 0.22778727114200592041 0.24129688739776611328 0.24032776057720184326 0.242281302809715271 0.25365430116653442383 0.24441196024417877197 0.25322234630584716797 0.2524261474609375 0.25179687142372131348 0.25110256671905517578 0.25307151675224304199 0.25676754117012023926 0.26639929413795471191 0.28102836012840270996 0.25557565689086914063 0.22329634428024291992 0.23467324674129486084 0.23267099261283874512 0.23516525328159332275 0.23504887521266937256 0.22876060009002685547 0.23467536270618438721 0.25507691502571105957 0.23134844005107879639 0.22793057560920715332 0.23186679184436798096 0.23987971246242523193 0.23631949722766876221 0.24000211060047149658 0.23989810049533843994 0.22428181767463684082 0.24083177745342254639 0.24877043068408966064 0.21930925548076629639 0.22884920239448547363 0.24301254749298095703
0.24772572517395019531 0.25058290362358093262 0.22598478198051452637 0.23564803600311279297 0.23178391158580780029 0.23153133690357208252 0.24148258566856384277 0.238664284348487854 0.21887910366058349609 0.23773126304149627686 0.23165129125118255615 0.24087528884410858154 0.24914367496967315674 0.24927145242691040039 0.25385528802871704102 0.26126205921173095703 0.26520296931266784668 0.26003569364547729492 0.26123651862144470215 0.24919223785400390625 0.24411250650882720947 0.25512048602104187012 0.27580186724662780762 0.27406921982765197754 0.26242750883102416992 0.23968987166881561279 0.24841351807117462158 0.25177535414695739746 0.22959239780902862549 0.23811747133731842041 0.23896534740924835205 0.23536123335361480713 0.23295789957046508789 0.24027723073959350586 0.24214573204517364502 0.23504161834716796875 0.24429030716419219971 0.24687384068965911865 0.24255625903606414795 0.24363206326961517334 0.23684649169445037842
0.24125836789608001709 0.24326372146606445313 0.23725339770317077637 0.23788093030452728271 0.23523832857608795166 0.22215853631496429443 0.23255518078804016113 0.24571053683757781982 0.22451579570770263672 0.23452168703079223633 0.23156310617923736572 0.21851822733879089355 0.22750104963779449463 0.2174914628267288208 0.22285214066505432129 0.22157715260982513428 0.2132488638162612915 0.21072864532470703125 0.21802467107772827148 0.2077627032995223999 0.22584237158298492432 0.2432667165994644165 0.25603923201560974121 0.27988335490226745605 0.24795328080654144287 0.27467170357704162598 0.29087296128273010254 0.24741171300411224365 0.2309989631175994873 0.23609811067581176758 0.23810312151908874512 0.23507410287857055664 0.23493143916130065918 0.23696963489055633545 0.23558136820793151855 0.2383079826831817627 0.24436476826667785645 0.23424705862998962402 0.23675131797790527344 0.24626322090625762939 0.24740518629550933838
0.22032754123210906982 0.21808914840221405029 0.2278471142053604126 0.24804958701133728027 0.23859491944313049316 0.22159063816070556641 0.23187842965126037598 0.24743404984474182129 0.23956812918186187744 0.24035389721393585205 0.22374145686626434326 0.20911702513694763184 0.20826864242553710938 0.20694100856781005859 0.20596571266651153564 0.20269703865051269531 0.20136246085166931152 0.19774463772773742676 0.20187251269817352295 0.19960030913352966309 0.20179955661296844482 0.22463621199131011963 0.24585314095020294189 0.26421713829040527344 0.23890875279903411865 0.27967604994773864746 0.29630538821220397949 0.26366016268730163574 0.23703558743000030518 0.21977385878562927246 0.23201519250869750977 0.23764826357364654541 0.23738475143909454346 0.23336359858512878418 0.2435140758752822876 0.24290286004543304443 0.24351906776428222656 0.24162793159484863281 0.24396479129791259766 0.24998624622821807861 0.25255990028381347656
0.22756499052047729492 0.21286553144454956055 0.21342085301876068115 0.22998216748237609863 0.22014416754245758057 0.22052039206027984619 0.23426042497158050537 0.23628959059715270996 0.23302769660949707031 0.22599270939826965332 0.2042010575532913208 0.2093547433614730835 0.20413380861282348633 0.20483334362506866455 0.20875807106494903564 0.2082500159740447998 0.20594927668571472168 0.20223240554332733154 0.20083056390285491943 0.2064790874719619751 0.21500161290168762207 0.22836901247501373291 0.25123709440231323242 0.24523445963859558105 0.23367057740688323975 0.25412499904632568359 0.28370064496994018555 0.2674471735954284668 0.23342800140380859375 0.22454506158828735352 0.22514452040195465088 0.23743321001529693604 0.24652232229709625244 0.24534422159194946289 0.23955847322940826416 0.24030537903308868408 0.23076157271862030029 0.23052670061588287354 0.23995317518711090088 0.24535162746906280518 0.24821138381958007813
