INPUT/RASTER/ASCII/nitrogen.asc
ncols        225
nrows        269
xllcorner    473000.000000000000
yllcorner    4429100.000000000000
cellsize     50.000000000000
NODATA_value -9999
[rows 168 to 195 of 269, columns 128 to 191 of 225]
3568 3604.341064453125 3750 3750 3750 3750 3698.883056640625 3494 3494 3494 3494 3499.990234375 3524 3524 3524 3524 3422.165283203125 3014 3014 3014 3014 3142.59130859375 3658 3658 3658 3658 3687.352294921875 3805 3805 3805 3805 3734.714111328125 3453 3453 3453 3453 3469.972412109375 3538 3538 3538 3538 3461.723876953125 3156 3156 3156 3156 3213.506591796875 3444 3444 3444 3444 3528.462890625 3867 3867 3867 3867 4016.357666015625 4615 4615 4615 4615 4575.2646484375 4416 4416
3568 3604.341064453125 3750 3750 3750 3750 3698.883056640625 3494 3494 3494 3494 3499.990234375 3524 3524 3524 3524 3422.165283203125 3014 3014 3014 3014 3142.59130859375 3658 3658 3658 3658 3687.352294921875 3805 3805 3805 3805 3734.714111328125 3453 3453 3453 3453 3469.972412109375 3538 3538 3538 3538 3461.723876953125 3156 3156 3156 3156 3213.506591796875 3444 3444 3444 3444 3528.462890625 3867 3867 3867 3867 4016.357666015625 4615 4615 4615 4615 4575.2646484375 4416 4416
3568 3604.341064453125 3750 3750 3750 3750 3698.883056640625 3494 3494 3494 3494 3499.990234375 3524 3524 3524 3524 3422.165283203125 3014 3014 3014 3014 3142.59130859375 3658 3658 3658 3658 3687.352294921875 3805 3805 3805 3805 3734.714111328125 3453 3453 3453 3453 3469.972412109375 3538 3538 3538 3538 3461.723876953125 3156 3156 3156 3156 3213.506591796875 3444 3444 3444 3444 3528.462890625 3867 3867 3867 3867 4016.357666015625 4615 4615 4615 4615 4575.2646484375 4416 4416
3947.860107421875 3905.427490234375 3735.3525390625 3735.3525390625 3735.3525390625 3735.3525390625 3654.0126953125 3327.994384765625 3327.994384765625 3327.994384765625 3327.994384765625 3312.731201171875 3251.555419921875 3251.555419921875 3251.555419921875 3251.555419921875 3215.430419921875 3070.63720703125 3070.63720703125 3070.63720703125 3070.63720703125 3036.611572265625 2900.23291015625 2900.23291015625 2900.23291015625 2900.23291015625 3029.02734375 3545.25 3545.25 3545.25 3545.25 3394.825439453125 2791.90673828125 2791.90673828125 2791.90673828125 2791.90673828125 2871.664306640625 3191.341064453125 3191.341064453125 3191.341064453125 3191.341064453125 3256.428466796875 3517.306396484375 3517.306396484375 3517.306396484375 3517.306396484375 3567.98876953125 3771.12890625 3771.12890625 3771.12890625 3771.12890625 3749.13037109375 3660.957763671875 3660.957763671875 3660.957763671875 3660.957763671875 3835.46826171875 4534.9267578125 4534.9267578125 4534.9267578125 4534.9267578125 4487.001953125 4294.91357421875 4294.91357421875
3957 3912.671875 3735 3735 3735 3735 3652.93310546875 3324 3324 3324 3324 3308.2255859375 3245 3245 3245 3245 3210.4560546875 3072 3072 3072 3072 3034.0615234375 2882 2882 2882 2882 3013.18701171875 3539 3539 3539 3539 3386.647216796875 2776 2776 2776 2776 2857.26806640625 3183 3183 3183 3183 3251.48876953125 3526 3526 3526 3526 3576.51806640625 3779 3779 3779 3779 3754.43994140625 3656 3656 3656 3656 3831.115966796875 4533 4533 4533 4533 4484.8779296875 4292 4292
3957 3912.671875 3735 3735 3735 3735 3652.93310546875 3324 3324 3324 3324 3308.2255859375 3245 3245 3245 3245 3210.4560546875 3072 3072 3072 3072 3034.0615234375 2882 2882 2882 2882 3013.18701171875 3539 3539 3539 3539 3386.647216796875 2776 2776 2776 2776 2857.26806640625 3183 3183 3183 3183 3251.48876953125 3526 3526 3526 3526 3576.51806640625 3779 3779 3779 3779 3754.43994140625 3656 3656 3656 3656 3831.115966796875 4533 4533 4533 4533 4484.8779296875 4292 4292
3957 3912.671875 3735 3735 3735 3735 3652.93310546875 3324 3324 3324 3324 3308.2255859375 3245 3245 3245 3245 3210.4560546875 3072 3072 3072 3072 3034.0615234375 2882 2882 2882 2882 3013.18701171875 3539 3539 3539 3539 3386.647216796875 2776 2776 2776 2776 2857.26806640625 3183 3183 3183 3183 3251.48876953125 3526 3526 3526 3526 3576.51806640625 3779 3779 3779 3779 3754.43994140625 3656 3656 3656 3656 3831.115966796875 4533 4533 4533 4533 4484.8779296875 4292 4292
3957 3912.671875 3735 3735 3735 3735 3652.93310546875 3324 3324 3324 3324 3308.2255859375 3245 3245 3245 3245 3210.4560546875 3072 3072 3072 3072 3034.0615234375 2882 2882 2882 2882 3013.18701171875 3539 3539 3539 3539 3386.647216796875 2776 2776 2776 2776 2857.26806640625 3183 3183 3183 3183 3251.48876953125 3526 3526 3526 3526 3576.51806640625 3779 3779 3779 3779 3754.43994140625 3656 3656 3656 3656 3831.115966796875 4533 4533 4533 4533 4484.8779296875 4292 4292
3830.054443359375 3848.31640625 3921.51220703125 3921.51220703125 3921.51220703125 3921.51220703125 3934.792724609375 3988.022705078125 3988.022705078125 3988.022705078125 3988.022705078125 3910.438232421875 3599.470947265625 3599.470947265625 3599.470947265625 3599.470947265625 3612.11328125 3662.784912109375 3662.784912109375 3662.784912109375 3662.784912109375 3666.963134765625 3683.709716796875 3683.709716796875 3683.709716796875 3683.709716796875 3655.009765625 3539.9765625 3539.9765625 3539.9765625 3539.9765625 3403.027587890625 2854.120361328125 2854.120361328125 2854.120361328125 2854.120361328125 2883.32763671875 3000.393798828125 3000.393798828125 3000.393798828125 3000.393798828125 3154.870849609375 3774.031982421875 3774.031982421875 3774.031982421875 3774.031982421875 3816.165771484375 3985.042236328125 3985.042236328125 3985.042236328125 3985.042236328125 3919.1455078125 3655.0234375 3655.0234375 3655.0234375 3655.0234375 3745.711181640625 4109.197265625 4109.197265625 4109.197265625 4109.197265625 4022.468505859375 3674.849365234375 3674.849365234375
3827 3846.767822265625 3926 3926 3926 3926 3941.57470703125 4004 4004 4004 4004 3924.92822265625 3608 3608 3608 3608 3621.777587890625 3677 3677 3677 3677 3682.191650390625 3703 3703 3703 3703 3670.452880859375 3540 3540 3540 3540 3403.421630859375 2856 2856 2856 2856 2883.95458984375 2996 2996 2996 2996 3152.5458984375 3780 3780 3780 3780 3821.931884765625 3990 3990 3990 3990 3923.108642578125 3655 3655 3655 3655 3743.65625 4099 4099 4099 4099 4011.34228515625 3660 3660
3827 3846.767822265625 3926 3926 3926 3926 3941.57470703125 4004 4004 4004 4004 3924.92822265625 3608 3608 3608 3608 3621.777587890625 3677 3677 3677 3677 3682.191650390625 3703 3703 3703 3703 3670.452880859375 3540 3540 3540 3540 3403.421630859375 2856 2856 2856 2856 2883.95458984375 2996 2996 2996 2996 3152.5458984375 3780 3780 3780 3780 3821.931884765625 3990 3990 3990 3990 3923.108642578125 3655 3655 3655 3655 3743.65625 4099 4099 4099 4099 4011.34228515625 3660 3660
3827 3846.767822265625 3926 3926 3926 3926 3941.57470703125 4004 4004 4004 4004 3924.92822265625 3608 3608 3608 3608 3621.777587890625 3677 3677 3677 3677 3682.191650390625 3703 3703 3703 3703 3670.452880859375 3540 3540 3540 3540 3403.421630859375 2856 2856 2856 2856 2883.95458984375 2996 2996 2996 2996 3152.5458984375 3780 3780 3780 3780 3821.931884765625 3990 3990 3990 3990 3923.108642578125 3655 3655 3655 3655 3743.65625 4099 4099 4099 4099 4011.34228515625 3660 3660
3827 3846.767822265625 3926 3926 3926 3926 3941.57470703125 4004 4004 4004 4004 3924.92822265625 3608 3608 3608 3608 3621.777587890625 3677 3677 3677 3677 3682.191650390625 3703 3703 3703 3703 3670.452880859375 3540 3540 3540 3540 3403.421630859375 2856 2856 2856 2856 2883.95458984375 2996 2996 2996 2996 3152.5458984375 3780 3780 3780 3780 3821.931884765625 3990 3990 3990 3990 3923.108642578125 3655 3655 3655 3655 3743.65625 4099 4099 4099 4099 4011.34228515625 3660 3660
3459.83447265625 3509.045166015625 3706.28662109375 3706.28662109375 3706.28662109375 3706.28662109375 3845.091552734375 4401.43701171875 4401.43701171875 4401.43701171875 4401.43701171875 4383.00537109375 4309.1298828125 4309.1298828125 4309.1298828125 4309.1298828125 4251.73828125 4021.705810546875 4021.705810546875 4021.705810546875 4021.705810546875 4167.67626953125 4752.74169921875 4752.74169921875 4752.74169921875 4752.74169921875 4599.6943359375 3986.26220703125 3986.26220703125 3986.26220703125 3986.26220703125 3771.105224609375 2908.731201171875 2908.731201171875 2908.731201171875 2908.731201171875 2919.332275390625 2961.822265625 2961.822265625 2961.822265625 2961.822265625 3096.72509765625 3637.430419921875 3637.430419921875 3637.430419921875 3637.430419921875 3605.46337890625 3477.33544921875 3477.33544921875 3477.33544921875 3477.33544921875 3451.000732421875 3345.4482421875 3345.4482421875 3345.4482421875 3345.4482421875 3401.931884765625 3628.324951171875 3628.324951171875 3628.324951171875 3628.324951171875 3659.2177734375 3783.03955078125 3783.03955078125
3451 3500.9189453125 3701 3701 3701 3701 3842.77001953125 4411 4411 4411 4411 4394.02734375 4326 4326 4326 4326 4266.89599609375 4030 4030 4030 4030 4179.357421875 4778 4778 4778 4778 4622.05322265625 3997 3997 3997 3997 3779.9521484375 2910 2910 2910 2910 2920.18359375 2961 2961 2961 2961 3095.3818359375 3634 3634 3634 3634 3600.254638671875 3465 3465 3465 3465 3439.64111328125 3338 3338 3338 3338 3393.709716796875 3617 3617 3617 3617 3650.745361328125 3786 3786
3451 3500.9189453125 3701 3701 3701 3701 3842.77001953125 4411 4411 4411 4411 4394.02734375 4326 4326 4326 4326 4266.89599609375 4030 4030 4030 4030 4179.357421875 4778 4778 4778 4778 4622.05322265625 3997 3997 3997 3997 3779.9521484375 2910 2910 2910 2910 2920.18359375 2961 2961 2961 2961 3095.3818359375 3634 3634 3634 3634 3600.254638671875 3465 3465 3465 3465 3439.64111328125 3338 3338 3338 3338 3393.709716796875 3617 3617 3617 3617 3650.745361328125 3786 3786
3451 3500.9189453125 3701 3701 3701 3701 3842.77001953125 4411 4411 4411 4411 4394.02734375 4326 4326 4326 4326 4266.89599609375 4030 4030 4030 4030 4179.357421875 4778 4778 4778 4778 4622.05322265625 3997 3997 3997 3997 3779.9521484375 2910 2910 2910 2910 2920.18359375 2961 2961 2961 2961 3095.3818359375 3634 3634 3634 3634 3600.254638671875 3465 3465 3465 3465 3439.64111328125 3338 3338 3338 3338 3393.709716796875 3617 3617 3617 3617 3650.745361328125 3786 3786
3451 3500.9189453125 3701 3701 3701 3701 3842.77001953125 4411 4411 4411 4411 4394.02734375 4326 4326 4326 4326 4266.89599609375 4030 4030 4030 4030 4179.357421875 4778 4778 4778 4778 4622.05322265625 3997 3997 3997 3997 3779.9521484375 2910 2910 2910 2910 2920.18359375 2961 2961 2961 2961 3095.3818359375 3634 3634 3634 3634 3600.254638671875 3465 3465 3465 3465 3439.64111328125 3338 3338 3338 3338 3393.709716796875 3617 3617 3617 3617 3650.745361328125 3786 3786
2900.251708984375 2901.424560546875 2906.125732421875 2906.125732421875 2906.125732421875 2906.125732421875 3083.577880859375 3794.825927734375 3794.825927734375 3794.825927734375 3794.825927734375 3953.7294921875 4590.6328125 4590.6328125 4590.6328125 4590.6328125 4585.1494140625 4563.17138671875 4563.17138671875 4563.17138671875 4563.17138671875 4438.7705078125 3940.15966796875 3940.15966796875 3940.15966796875 3940.15966796875 3936.10546875 3919.856201171875 3919.856201171875 3919.856201171875 3919.856201171875 3802.25048828125 3330.873291015625 3330.873291015625 3330.873291015625 3330.873291015625 3291.920654296875 3135.794189453125 3135.794189453125 3135.794189453125 3135.794189453125 3224.5498046875 3580.292236328125 3580.292236328125 3580.292236328125 3580.292236328125 3472.64794921875 3041.197265625 3041.197265625 3041.197265625 3041.197265625 3060.8798828125 3139.769775390625 3139.769775390625 3139.769775390625 3139.769775390625 3159.212158203125 3237.139892578125 3237.139892578125 3237.139892578125 3237.139892578125 3276.149658203125 3432.505615234375 3432.505615234375
2887 2887 2887 2887 2887 2887 3065.310546875 3780 3780 3780 3780 3943.13525390625 4597 4597 4597 4597 4592.806640625 4576 4576 4576 4576 4445.0126953125 3920 3920 3920 3920 3919.6005859375 3918 3918 3918 3918 3802.786865234375 3341 3341 3341 3341 3300.865234375 3140 3140 3140 3140 3227.65771484375 3579 3579 3579 3579 3469.57763671875 3031 3031 3031 3031 3051.766357421875 3135 3135 3135 3135 3153.56982421875 3228 3228 3228 3228 3267.136474609375 3424 3424
2887 2887 2887 2887 2887 2887 3065.310546875 3780 3780 3780 3780 3943.13525390625 4597 4597 4597 4597 4592.806640625 4576 4576 4576 4576 4445.0126953125 3920 3920 3920 3920 3919.6005859375 3918 3918 3918 3918 3802.786865234375 3341 3341 3341 3341 3300.865234375 3140 3140 3140 3140 3227.65771484375 3579 3579 3579 3579 3469.57763671875 3031 3031 3031 3031 3051.766357421875 3135 3135 3135 3135 3153.56982421875 3228 3228 3228 3228 3267.136474609375 3424 3424
2887 2887 2887 2887 2887 2887 3065.310546875 3780 3780 3780 3780 3943.13525390625 4597 4597 4597 4597 4592.806640625 4576 4576 4576 4576 4445.0126953125 3920 3920 3920 3920 3919.6005859375 3918 3918 3918 3918 3802.786865234375 3341 3341 3341 3341 3300.865234375 3140 3140 3140 3140 3227.65771484375 3579 3579 3579 3579 3469.57763671875 3031 3031 3031 3031 3051.766357421875 3135 3135 3135 3135 3153.56982421875 3228 3228 3228 3228 3267.136474609375 3424 3424
2887 2887 2887 2887 2887 2887 3065.310546875 3780 3780 3780 3780 3943.13525390625 4597 4597 4597 4597 4592.806640625 4576 4576 4576 4576 4445.0126953125 3920 3920 3920 3920 3919.6005859375 3918 3918 3918 3918 3802.786865234375 3341 3341 3341 3341 3300.865234375 3140 3140 3140 3140 3227.65771484375 3579 3579 3579 3579 3469.57763671875 3031 3031 3031 3031 3051.766357421875 3135 3135 3135 3135 3153.56982421875 3228 3228 3228 3228 3267.136474609375 3424 3424
2604.790283203125 2901.166748046875 4089.076416015625 4089.076416015625 4089.076416015625 4089.076416015625 4107.69482421875 4182.31982421875 4182.31982421875 4182.31982421875 4182.31982421875 4125.70751953125 3898.799560546875 3898.799560546875 3898.799560546875 3898.799560546875 3900.65087890625 3908.0712890625 3908.0712890625 3908.0712890625 3908.0712890625 3883.740234375 3786.218994140625 3786.218994140625 3786.218994140625 3786.218994140625 3844.510009765625 4078.146728515625 4078.146728515625 4078.146728515625 4078.146728515625 3897.4189453125 3173.041259765625 3173.041259765625 3173.041259765625 3173.041259765625 3262.9609375 3623.369384765625 3623.369384765625 3623.369384765625 3623.369384765625 3608.85546875 3550.681396484375 3550.681396484375 3550.681396484375 3550.681396484375 3536.996337890625 3482.144775390625 3482.144775390625 3482.144775390625 3482.144775390625 3431.546875 3228.744384765625 3228.744384765625 3228.744384765625 3228.744384765625 3279.681640625 3483.843994140625 3483.843994140625 3483.843994140625 3483.843994140625 3482.423828125 3476.731201171875 3476.731201171875
2598 2901.507568359375 4118 4118 4118 4118 4132.77587890625 4192 4192 4192 4192 4130.1005859375 3882 3882 3882 3882 3883.996826171875 3892 3892 3892 3892 3870.2353515625 3783 3783 3783 3783 3842.703125 4082 4082 4082 4082 3899.69580078125 3169 3169 3169 3169 3262.049072265625 3635 3635 3635 3635 3618.027587890625 3550 3550 3550 3550 3538.618408203125 3493 3493 3493 3493 3440.684814453125 3231 3231 3231 3231 3282.716064453125 3490 3490 3490 3490 3487.60400390625 3478 3478
2598 2901.507568359375 4118 4118 4118 4118 4132.77587890625 4192 4192 4192 4192 4130.1005859375 3882 3882 3882 3882 3883.996826171875 3892 3892 3892 3892 3870.2353515625 3783 3783 3783 3783 3842.703125 4082 4082 4082 4082 3899.69580078125 3169 3169 3169 3169 3262.049072265625 3635 3635 3635 3635 3618.027587890625 3550 3550 3550 3550 3538.618408203125 3493 3493 3493 3493 3440.684814453125 3231 3231 3231 3231 3282.716064453125 3490 3490 3490 3490 3487.60400390625 3478 3478
2598 2901.507568359375 4118 4118 4118 4118 4132.77587890625 4192 4192 4192 4192 4130.1005859375 3882 3882 3882 3882 3883.996826171875 3892 3892 3892 3892 3870.2353515625 3783 3783 3783 3783 3842.703125 4082 4082 4082 4082 3899.69580078125 3169 3169 3169 3169 3262.049072265625 3635 3635 3635 3635 3618.027587890625 3550 3550 3550 3550 3538.618408203125 3493 3493 3493 3493 3440.684814453125 3231 3231 3231 3231 3282.716064453125 3490 3490 3490 3490 3487.60400390625 3478 3478
2598 2901.507568359375 4118 4118 4118 4118 4132.77587890625 4192 4192 4192 4192 4130.1005859375 3882 3882 3882 3882 3883.996826171875 3892 3892 3892 3892 3870.2353515625 3783 3783 3783 3783 3842.703125 4082 4082 4082 4082 3899.69580078125 3169 3169 3169 3169 3262.049072265625 3635 3635 3635 3635 3618.027587890625 3550 3550 3550 3550 3538.618408203125 3493 3493 3493 3493 3440.684814453125 3231 3231 3231 3231 3282.716064453125 3490 3490 3490 3490 3487.60400390625 3478 3478
