INPUT/RASTER/ASCII/nitrogen.asc
ncols        225
nrows        269
xllcorner    473000.000000000000
yllcorner    4429100.000000000000
cellsize     50.000000000000
NODATA_value -9999
[rows 140 to 167 of 269, columns 64 to 127 of 225]
3587.7548828125 3699 3699 3699 3699 3798.638427734375 4198 4198 4198 4198 4105.15087890625 3733 3733 3733 3733 3728.008056640625 3708 3708 3708 3708 3843.580078125 4387 4387 4387 4387 4358.845703125 4246 4246 4246 4246 4098.63916015625 3508 3508 3508 3508 3496.218994140625 3449 3449 3449 3449 3462.577880859375 3517 3517 3517 3517 3457.6962890625 3220 3220 3220 3220 3239.1689453125 3316 3316 3316 3316 3375.3037109375 3613 3613 3613 3613 3482.811279296875 2961 2961 2961
3648.111083984375 3739.03662109375 3739.03662109375 3739.03662109375 3739.03662109375 3807.4775390625 4081.796142578125 4081.796142578125 4081.796142578125 4081.796142578125 4082.539306640625 4085.517822265625 4085.517822265625 4085.517822265625 4085.517822265625 4019.885986328125 3756.8251953125 3756.8251953125 3756.8251953125 3756.8251953125 3826.890380859375 4107.7197265625 4107.7197265625 4107.7197265625 4107.7197265625 4170.623046875 4422.7470703125 4422.7470703125 4422.7470703125 4422.7470703125 4406.61083984375 4341.9345703125 4341.9345703125 4341.9345703125 4341.9345703125 4187.03515625 3566.180419921875 3566.180419921875 3566.180419921875 3566.180419921875 3444.244384765625 2955.51025390625 2955.51025390625 2955.51025390625 2955.51025390625 3105.814697265625 3708.251953125 3708.251953125 3708.251953125 3708.251953125 3754.71875 3940.962646484375 3940.962646484375 3940.962646484375 3940.962646484375 3895.169677734375 3711.626953125 3711.626953125 3711.626953125 3711.626953125 3561.5498046875 2960.0234375 2960.0234375 2960.0234375
3649.5634765625 3740 3740 3740 3740 3807.690185546875 4079 4079 4079 4079 4081.9951171875 4094 4094 4094 4094 4026.908935546875 3758 3758 3758 3758 3826.48876953125 4101 4101 4101 4101 4166.09423828125 4427 4427 4427 4427 4414.02099609375 4362 4362 4362 4362 4203.65673828125 3569 3569 3569 3569 3443.80322265625 2942 2942 2942 2942 3097.347900390625 3720 3720 3720 3720 3767.12353515625 3956 3956 3956 3956 3907.678466796875 3714 3714 3714 3714 3563.4443359375 2960 2960 2960
3649.5634765625 3740 3740 3740 3740 3807.690185546875 4079 4079 4079 4079 4081.9951171875 4094 4094 4094 4094 4026.908935546875 3758 3758 3758 3758 3826.48876953125 4101 4101 4101 4101 4166.09423828125 4427 4427 4427 4427 4414.02099609375 4362 4362 4362 4362 4203.65673828125 3569 3569 3569 3569 3443.80322265625 2942 2942 2942 2942 3097.347900390625 3720 3720 3720 3720 3767.12353515625 3956 3956 3956 3956 3907.678466796875 3714 3714 3714 3714 3563.4443359375 2960 2960 2960
3649.5634765625 3740 3740 3740 3740 3807.690185546875 4079 4079 4079 4079 4081.9951171875 4094 4094 4094 4094 4026.908935546875 3758 3758 3758 3758 3826.48876953125 4101 4101 4101 4101 4166.09423828125 4427 4427 4427 4427 4414.02099609375 4362 4362 4362 4362 4203.65673828125 3569 3569 3569 3569 3443.80322265625 2942 2942 2942 2942 3097.347900390625 3720 3720 3720 3720 3767.12353515625 3956 3956 3956 3956 3907.678466796875 3714 3714 3714 3714 3563.4443359375 2960 -9999 -9999
3649.5634765625 3740 3740 3740 3740 3807.690185546875 4079 4079 4079 4079 4081.9951171875 4094 4094 4094 4094 4026.908935546875 3758 3758 3758 3758 3826.48876953125 4101 4101 4101 4101 4166.09423828125 4427 4427 4427 4427 4414.02099609375 4362 4362 4362 4362 4203.65673828125 3569 3569 3569 3569 3443.80322265625 2942 2942 2942 2942 3097.347900390625 3720 3720 3720 3720 3767.12353515625 3956 3956 3956 3956 3907.678466796875 3714 3714 3714 3714 3563.4443359375 -9999 -9999 -9999
3686.445556640625 3850.344970703125 3850.344970703125 3850.344970703125 3850.344970703125 3919.7900390625 4198.13330078125 4198.13330078125 4198.13330078125 4198.13330078125 4112.0205078125 3766.87109375 3766.87109375 3766.87109375 3766.87109375 3741.896728515625 3641.796142578125 3641.796142578125 3641.796142578125 3641.796142578125 3659.97900390625 3732.85791015625 3732.85791015625 3732.85791015625 3732.85791015625 3833.634521484375 4237.55810546875 4237.55810546875 4237.55810546875 4237.55810546875 4149.1201171875 3794.651123046875 3794.651123046875 3794.651123046875 3794.651123046875 3724.24609375 3442.054443359375 3442.054443359375 3442.054443359375 3442.054443359375 3444.37744140625 3453.68798828125 3453.68798828125 3453.68798828125 3453.68798828125 3458.31298828125 3476.8505859375 3476.8505859375 3476.8505859375 3476.8505859375 3465.478759765625 3419.8994140625 3419.8994140625 3419.8994140625 3419.8994140625 3535.949462890625 4001.09228515625 4001.09228515625 4001.09228515625 -9999 -9999 -9999 -9999 -9999
3687.3330078125 3853 3853 3853 3853 3922.4873046875 4201 4201 4201 4201 4112.7431640625 3759 3759 3759 3759 3735.038818359375 3639 3639 3639 3639 3655.972412109375 3724 3724 3724 3724 3825.635009765625 4233 4233 4233 4233 4142.74658203125 3781 3781 3781 3781 3712.710693359375 3439 3439 3439 3439 3444.391357421875 3466 3466 3466 3466 3466.998291015625 3471 3471 3471 3471 3458.220703125 3407 3407 3407 3407 3527.00537109375 4008 4008 4008 -9999 -9999 -9999 -9999 -9999
3687.3330078125 3853 3853 3853 3853 3922.4873046875 4201 4201 4201 4201 4112.7431640625 3759 3759 3759 3759 3735.038818359375 3639 3639 3639 3639 3655.972412109375 3724 3724 3724 3724 3825.635009765625 4233 4233 4233 4233 4142.74658203125 3781 3781 3781 3781 3712.710693359375 3439 3439 3439 3439 3444.391357421875 3466 3466 3466 3466 3466.998291015625 3471 3471 3471 3471 3458.220703125 3407 3407 3407 3407 3527.00537109375 4008 4008 4008 4008 -9999 -9999 -9999 -9999
3687.3330078125 3853 3853 3853 3853 3922.4873046875 4201 4201 4201 4201 4112.7431640625 3759 3759 3759 3759 3735.038818359375 3639 3639 3639 3639 3655.972412109375 3724 3724 3724 3724 3825.635009765625 4233 4233 4233 4233 4142.74658203125 3781 3781 3781 3781 3712.710693359375 3439 3439 3439 3439 3444.391357421875 3466 3466 3466 3466 3466.998291015625 3471 3471 3471 3471 3458.220703125 3407 3407 3407 3407 3527.00537109375 4008 4008 4008 4008 3922.139404296875 -9999 -9999 -9999
3687.3330078125 3853 3853 3853 3853 3922.4873046875 4201 4201 4201 4201 4112.7431640625 3759 3759 3759 3759 3735.038818359375 3639 3639 3639 3639 3655.972412109375 3724 3724 3724 3724 3825.635009765625 4233 4233 4233 4233 4142.74658203125 3781 3781 3781 3781 3712.710693359375 3439 3439 3439 3439 3444.391357421875 3466 3466 3466 3466 3466.998291015625 3471 3471 3471 3471 3458.220703125 3407 3407 3407 3407 3527.00537109375 4008 4008 4008 4008 3922.139404296875 3578 3578 3578
3613.156494140625 3685.041259765625 3685.041259765625 3685.041259765625 3685.041259765625 3645.33740234375 3486.198974609375 3486.198974609375 3486.198974609375 3486.198974609375 3434.599365234375 3227.78173828125 3227.78173828125 3227.78173828125 3227.78173828125 3186.467041015625 3020.873046875 3020.873046875 3020.873046875 3020.873046875 3123.443603515625 3534.55810546875 3534.55810546875 3534.55810546875 3534.55810546875 3493.07470703125 3326.80419921875 3326.80419921875 3326.80419921875 3326.80419921875 3318.05419921875 3282.98291015625 3282.98291015625 3282.98291015625 3282.98291015625 3255.055419921875 3143.119384765625 3143.119384765625 3143.119384765625 3143.119384765625 3111.853515625 2986.53662109375 2986.53662109375 2986.53662109375 2986.53662109375 3073.9130859375 3424.1279296875 3424.1279296875 3424.1279296875 3424.1279296875 3345.833740234375 3032.0224609375 3032.0224609375 3032.0224609375 3032.0224609375 2956.068359375 2651.635986328125 2651.635986328125 2651.635986328125 2651.635986328125 2689.200439453125 2839.762939453125 2839.762939453125 2839.762939453125
3611.371826171875 3681 3681 3681 3681 3638.668701171875 3469 3469 3469 3469 3418.2822265625 3215 3215 3215 3215 3173.267822265625 3006 3006 3006 3006 3110.630126953125 3530 3530 3530 3530 3485.072998046875 3305 3305 3305 3305 3298.2109375 3271 3271 3271 3271 3244.043701171875 3136 3136 3136 3136 3103.85205078125 2975 2975 2975 2975 3064.454833984375 3423 3423 3423 3423 3343.129638671875 3023 3023 3023 3023 2942.330810546875 2619 2619 2619 2619 2659.5341796875 2822 2822 2822
3611.371826171875 3681 3681 3681 3681 3638.668701171875 3469 3469 3469 3469 3418.2822265625 3215 3215 3215 3215 3173.267822265625 3006 3006 3006 3006 3110.630126953125 3530 3530 3530 3530 3485.072998046875 3305 3305 3305 3305 3298.2109375 3271 3271 3271 3271 3244.043701171875 3136 3136 3136 3136 3103.85205078125 2975 2975 2975 2975 3064.454833984375 3423 3423 3423 3423 3343.129638671875 3023 3023 3023 3023 2942.330810546875 2619 2619 2619 2619 2659.5341796875 2822 2822 2822
3611.371826171875 3681 3681 3681 3681 3638.668701171875 3469 3469 3469 3469 3418.2822265625 3215 3215 3215 3215 3173.267822265625 3006 3006 3006 3006 3110.630126953125 3530 3530 3530 3530 3485.072998046875 3305 3305 3305 3305 3298.2109375 3271 3271 3271 3271 3244.043701171875 3136 3136 3136 3136 3103.85205078125 2975 2975 2975 2975 3064.454833984375 3423 3423 3423 3423 3343.129638671875 3023 3023 3023 3023 2942.330810546875 2619 2619 2619 2619 2659.5341796875 2822 2822 2822
3611.371826171875 3681 3681 3681 3681 3638.668701171875 3469 3469 3469 3469 3418.2822265625 3215 3215 3215 3215 3173.267822265625 3006 3006 3006 3006 3110.630126953125 3530 3530 3530 3530 3485.072998046875 3305 3305 3305 3305 3298.2109375 3271 3271 3271 3271 3244.043701171875 3136 3136 3136 3136 3103.85205078125 2975 2975 2975 2975 3064.454833984375 3423 3423 3423 3423 3343.129638671875 3023 3023 3023 3023 2942.330810546875 2619 2619 2619 2619 2659.5341796875 2822 2822 2822
3733.994384765625 3868.48876953125 3868.48876953125 3868.48876953125 3868.48876953125 3798.66455078125 3518.8017578125 3518.8017578125 3518.8017578125 3518.8017578125 3416.802978515625 3007.981201171875 3007.981201171875 3007.981201171875 3007.981201171875 3047.947265625 3208.13623046875 3208.13623046875 3208.13623046875 3208.13623046875 3135.525634765625 2844.494140625 2844.494140625 2844.494140625 2844.494140625 2905.24853515625 3148.75927734375 3148.75927734375 3148.75927734375 3148.75927734375 3187.791748046875 3344.23779296875 3344.23779296875 3344.23779296875 3344.23779296875 3340.289794921875 3324.46533203125 3324.46533203125 3324.46533203125 3324.46533203125 3311.23095703125 3258.186279296875 3258.186279296875 3258.186279296875 3258.186279296875 3271.20703125 3323.396484375 3323.396484375 3323.396484375 3323.396484375 3450.209716796875 3958.49072265625 3958.49072265625 3958.49072265625 3958.49072265625 3884.451171875 3587.69189453125 3587.69189453125 3587.69189453125 3587.69189453125 3479.648193359375 3046.595947265625 3046.595947265625 3046.595947265625
3736.94482421875 3873 3873 3873 3873 3802.514404296875 3520 3520 3520 3520 3416.767578125 3003 3003 3003 3003 3044.931884765625 3213 3213 3213 3213 3136.124755859375 2828 2828 2828 2828 2891.29736328125 3145 3145 3145 3145 3185.134765625 3346 3346 3346 3346 3342.60546875 3329 3329 3329 3329 3316.220703125 3265 3265 3265 3265 3276.181884765625 3321 3321 3321 3321 3452.7861328125 3981 3981 3981 3981 3907.119873046875 3611 3611 3611 3611 3499.381103515625 3052 3052 3052
3736.94482421875 3873 3873 3873 3873 3802.514404296875 3520 3520 3520 3520 3416.767578125 3003 3003 3003 3003 3044.931884765625 3213 3213 3213 3213 3136.124755859375 2828 2828 2828 2828 2891.29736328125 3145 3145 3145 3145 3185.134765625 3346 3346 3346 3346 3342.60546875 3329 3329 3329 3329 3316.220703125 3265 3265 3265 3265 3276.181884765625 3321 3321 3321 3321 3452.7861328125 3981 3981 3981 3981 3907.119873046875 3611 3611 3611 3611 3499.381103515625 3052 3052 3052
3736.94482421875 3873 3873 3873 3873 3802.514404296875 3520 3520 3520 3520 3416.767578125 3003 3003 3003 3003 3044.931884765625 3213 3213 3213 3213 3136.124755859375 2828 2828 2828 2828 2891.29736328125 3145 3145 3145 3145 3185.134765625 3346 3346 3346 3346 3342.60546875 3329 3329 3329 3329 3316.220703125 3265 3265 3265 3265 3276.181884765625 3321 3321 3321 3321 3452.7861328125 3981 3981 3981 3981 3907.119873046875 3611 3611 3611 3611 3499.381103515625 3052 3052 3052
3736.94482421875 3873 3873 3873 3873 3802.514404296875 3520 3520 3520 3520 3416.767578125 3003 3003 3003 3003 3044.931884765625 3213 3213 3213 3213 3136.124755859375 2828 2828 2828 2828 2891.29736328125 3145 3145 3145 3145 3185.134765625 3346 3346 3346 3346 3342.60546875 3329 3329 3329 3329 3316.220703125 3265 3265 3265 3265 3276.181884765625 3321 3321 3321 3321 3452.7861328125 3981 3981 3981 3981 3907.119873046875 3611 3611 3611 3611 3499.381103515625 3052 3052 3052
3891.444580078125 3503.881591796875 3503.881591796875 3503.881591796875 3503.881591796875 3386.209716796875 2914.567626953125 2914.567626953125 2914.567626953125 2914.567626953125 2906.4873046875 2874.1015625 2874.1015625 2874.1015625 2874.1015625 2927.732421875 3142.691650390625 3142.691650390625 3142.691650390625 3142.691650390625 3075.37060546875 2805.54052734375 2805.54052734375 2805.54052734375 2805.54052734375 2935.71728515625 3457.481201171875 3457.481201171875 3457.481201171875 3457.481201171875 3493.716552734375 3638.951171875 3638.951171875 3638.951171875 3638.951171875 3625.222412109375 3570.196533203125 3570.196533203125 3570.196533203125 3570.196533203125 3557.02734375 3504.243408203125 3504.243408203125 3504.243408203125 3504.243408203125 3601.6083984375 3991.858154296875 3991.858154296875 3991.858154296875 3991.858154296875 4045.45556640625 4260.2802734375 4260.2802734375 4260.2802734375 4260.2802734375 4282.13720703125 4369.74365234375 4369.74365234375 4369.74365234375 4369.74365234375 4132.16455078125 3179.922119140625 3179.922119140625 3179.922119140625
3895.162109375 3495 3495 3495 3495 3376.19287109375 2900 2900 2900 2900 2894.20947265625 2871 2871 2871 2871 2924.91259765625 3141 3141 3141 3141 3073.908935546875 2805 2805 2805 2805 2936.7861328125 3465 3465 3465 3465 3501.141357421875 3646 3646 3646 3646 3632.022705078125 3576 3576 3576 3576 3562.8212890625 3510 3510 3510 3510 3609.438720703125 4008 4008 4008 4008 4059.716064453125 4267 4267 4267 4267 4291.16064453125 4388 4388 4388 4388 4147.390625 3183 3183 3183
3895.162109375 3495 3495 3495 3495 3376.19287109375 2900 2900 2900 2900 2894.20947265625 2871 2871 2871 2871 2924.91259765625 3141 3141 3141 3141 3073.908935546875 2805 2805 2805 2805 2936.7861328125 3465 3465 3465 3465 3501.141357421875 3646 3646 3646 3646 3632.022705078125 3576 3576 3576 3576 3562.8212890625 3510 3510 3510 3510 3609.438720703125 4008 4008 4008 4008 4059.716064453125 4267 4267 4267 4267 4291.16064453125 4388 4388 4388 4388 4147.390625 3183 3183 3183
3895.162109375 3495 3495 3495 3495 3376.19287109375 2900 2900 2900 2900 2894.20947265625 2871 2871 2871 2871 2924.91259765625 3141 3141 3141 3141 3073.908935546875 2805 2805 2805 2805 2936.7861328125 3465 3465 3465 3465 3501.141357421875 3646 3646 3646 3646 3632.022705078125 3576 3576 3576 3576 3562.8212890625 3510 3510 3510 3510 3609.438720703125 4008 4008 4008 4008 4059.716064453125 4267 4267 4267 4267 4291.16064453125 4388 4388 4388 4388 4147.390625 3183 3183 3183
3895.162109375 3495 3495 3495 3495 3376.19287109375 2900 2900 2900 2900 2894.20947265625 2871 2871 2871 2871 2924.91259765625 3141 3141 3141 3141 3073.908935546875 2805 2805 2805 2805 2936.7861328125 3465 3465 3465 3465 3501.141357421875 3646 3646 3646 3646 3632.022705078125 3576 3576 3576 3576 3562.8212890625 3510 3510 3510 3510 3609.438720703125 4008 4008 4008 4008 4059.716064453125 4267 4267 4267 4267 4291.16064453125 4388 4388 4388 4388 4147.390625 3183 3183 3183
3395.3125 3179.589111328125 3179.589111328125 3179.589111328125 3179.589111328125 3132.92626953125 2945.895751953125 2945.895751953125 2945.895751953125 2945.895751953125 2902.47314453125 2728.430419921875 2728.430419921875 2728.430419921875 2728.430419921875 2763.429443359375 2903.70947265625 2903.70947265625 2903.70947265625 2903.70947265625 2934.3056640625 3056.93798828125 3056.93798828125 3056.93798828125 3056.93798828125 3131.59375 3430.822265625 3430.822265625 3430.822265625 3430.822265625 3438.49609375 3469.252685546875 3469.252685546875 3469.252685546875 3469.252685546875 3488.812744140625 3567.21142578125 3567.21142578125 3567.21142578125 3567.21142578125 3584.6455078125 3654.522705078125 3654.522705078125 3654.522705078125 3654.522705078125 3678.1123046875 3772.66259765625 3772.66259765625 3772.66259765625 3772.66259765625 3850.3115234375 4161.53759765625 4161.53759765625 4161.53759765625 4161.53759765625 4135.392578125 4030.599609375 4030.599609375 4030.599609375 4030.599609375 3936.42333984375 3558.9541015625 3558.9541015625 3558.9541015625
3383.28564453125 3172 3172 3172 3172 3127.072998046875 2947 2947 2947 2947 2902.671875 2725 2725 2725 2725 2759.5439453125 2898 2898 2898 2898 2930.946533203125 3063 3063 3063 3063 3136.281005859375 3430 3430 3430 3430 3436.98876953125 3465 3465 3465 3465 3485.366943359375 3567 3567 3567 3567 3585.17041015625 3658 3658 3658 3658 3679.7646484375 3767 3767 3767 3767 3845.27294921875 4159 4159 4159 4159 4131.64453125 4022 4022 4022 4022 3931.34716796875 3568 3568 3568
