INPUT/RASTER/ASCII/nitrogen.asc
ncols        225
nrows        269
xllcorner    473000.000000000000
yllcorner    4429100.000000000000
cellsize     50.000000000000
NODATA_value -9999
[rows 224 to 251 of 269, columns 128 to 191 of 225]
3315 3249.7060546875 2988 2988 2988 2988 3010.1640625 3099 3099 3099 3099 3040.295166015625 2805 2805 2805 2805 2777.843994140625 2669 2669 2669 2669 2667.003173828125 2659 2659 2659 2659 2743.0634765625 3080 3080 3080 3080 3209.58984375 3729 3729 3729 3729 3799.685302734375 4083 4083 4083 4083 3863.755859375 2985 2985 2985 2985 2934.2822265625 2731 2731 2731 2731 2741.782470703125 2785 2785 2785 2785 2901.01171875 3366 3366 3366 3366 3359.6103515625 3334 3334
3315 3249.7060546875 2988 2988 2988 2988 3010.1640625 3099 3099 3099 3099 3040.295166015625 2805 2805 2805 2805 2777.843994140625 2669 2669 2669 2669 2667.003173828125 2659 2659 2659 2659 2743.0634765625 3080 3080 3080 3080 3209.58984375 3729 3729 3729 3729 3799.685302734375 4083 4083 4083 4083 3863.755859375 2985 2985 2985 2985 2934.2822265625 2731 2731 2731 2731 2741.782470703125 2785 2785 2785 2785 2901.01171875 3366 3366 3366 3366 3359.6103515625 3334 3334
3770.05078125 3679.408935546875 3316.105224609375 3316.105224609375 3316.105224609375 3316.105224609375 3263.00537109375 3050.1748046875 3050.1748046875 3050.1748046875 3050.1748046875 3054.255126953125 3070.609130859375 3070.609130859375 3070.609130859375 3070.609130859375 3037.0185546875 2902.384521484375 2902.384521484375 2902.384521484375 2902.384521484375 2909.746826171875 2939.256591796875 2939.256591796875 2939.256591796875 2939.256591796875 2973.794189453125 3112.224609375 3112.224609375 3112.224609375 3112.224609375 3196.968017578125 3536.628662109375 3536.628662109375 3536.628662109375 3536.628662109375 3667.369140625 4191.39208984375 4191.39208984375 4191.39208984375 4191.39208984375 4221.9228515625 4344.29345703125 4344.29345703125 4344.29345703125 4344.29345703125 4091.572021484375 3078.635498046875 3078.635498046875 3078.635498046875 3078.635498046875 3097.607177734375 3173.648681640625 3173.648681640625 3173.648681640625 3173.648681640625 3261.777587890625 3615.008544921875 3615.008544921875 3615.008544921875 3615.008544921875 3594.18994140625 3510.747314453125 3510.747314453125
3781 3689.748046875 3324 3324 3324 3324 3269.089111328125 3049 3049 3049 3049 3054.5908203125 3077 3077 3077 3077 3043.254638671875 2908 2908 2908 2908 2915.587646484375 2946 2946 2946 2946 2979.345947265625 3113 3113 3113 3113 3196.664306640625 3532 3532 3532 3532 3664.185546875 4194 4194 4194 4194 4230.54052734375 4377 4377 4377 4377 4119.41796875 3087 3087 3087 3087 3106.1689453125 3183 3183 3183 3183 3270.4580078125 3621 3621 3621 3621 3599.834228515625 3515 3515
3781 3689.748046875 3324 3324 3324 3324 3269.089111328125 3049 3049 3049 3049 3054.5908203125 3077 3077 3077 3077 3043.254638671875 2908 2908 2908 2908 2915.587646484375 2946 2946 2946 2946 2979.345947265625 3113 3113 3113 3113 3196.664306640625 3532 3532 3532 3532 3664.185546875 4194 4194 4194 4194 4230.54052734375 4377 4377 4377 4377 4119.41796875 3087 3087 3087 3087 3106.1689453125 3183 3183 3183 3183 3270.4580078125 3621 3621 3621 3621 3599.834228515625 3515 3515
3781 3689.748046875 3324 3324 3324 3324 3269.089111328125 3049 3049 3049 3049 3054.5908203125 3077 3077 3077 3077 3043.254638671875 2908 2908 2908 2908 2915.587646484375 2946 2946 2946 2946 2979.345947265625 3113 3113 3113 3113 3196.664306640625 3532 3532 3532 3532 3664.185546875 4194 4194 4194 4194 4230.54052734375 4377 4377 4377 4377 4119.41796875 3087 3087 3087 3087 3106.1689453125 3183 3183 3183 3183 3270.4580078125 3621 3621 3621 3621 3599.834228515625 3515 3515
3781 3689.748046875 3324 3324 3324 3324 3269.089111328125 3049 3049 3049 3049 3054.5908203125 3077 3077 3077 3077 3043.254638671875 2908 2908 2908 2908 2915.587646484375 2946 2946 2946 2946 2979.345947265625 3113 3113 3113 3113 3196.664306640625 3532 3532 3532 3532 3664.185546875 4194 4194 4194 4194 4230.54052734375 4377 4377 4377 4377 4119.41796875 3087 3087 3087 3087 3106.1689453125 3183 3183 3183 3183 3270.4580078125 3621 3621 3621 3621 3599.834228515625 3515 3515
3640.383544921875 3499.60546875 2935.351318359375 2935.351318359375 2935.351318359375 2935.351318359375 2884.53515625 2680.85791015625 2680.85791015625 2680.85791015625 2680.85791015625 2693.46826171875 2744.01220703125 2744.01220703125 2744.01220703125 2744.01220703125 2775.78173828125 2903.117431640625 2903.117431640625 2903.117431640625 2903.117431640625 2924.35400390625 3009.47265625 3009.47265625 3009.47265625 3009.47265625 3143.820556640625 3682.3017578125 3682.3017578125 3682.3017578125 3682.3017578125 3690.1171875 3721.44189453125 3721.44189453125 3721.44189453125 3721.44189453125 3875.2705078125 4491.83349609375 4491.83349609375 4491.83349609375 4491.83349609375 4701.32568359375 5540.99267578125 5540.99267578125 5540.99267578125 5540.99267578125 5157.06103515625 3618.21826171875 3618.21826171875 3618.21826171875 3618.21826171875 3568.167724609375 3367.559326171875 3367.559326171875 3367.559326171875 3367.559326171875 3356.7451171875 3313.401123046875 3313.401123046875 3313.401123046875 3313.401123046875 3388.557861328125 3689.794189453125 3689.794189453125
3637 3495.0302734375 2926 2926 2926 2926 2875.2822265625 2672 2672 2672 2672 2684.779296875 2736 2736 2736 2736 2769.345947265625 2903 2903 2903 2903 2924.56494140625 3011 3011 3011 3011 3147.778076171875 3696 3696 3696 3696 3701.990234375 3726 3726 3726 3726 3880.349609375 4499 4499 4499 4499 4712.6533203125 5569 5569 5569 5569 5182.02783203125 3631 3631 3631 3631 3579.283935546875 3372 3372 3372 3372 3358.8212890625 3306 3306 3306 3306 3383.474365234375 3694 3694
3637 3495.0302734375 2926 2926 2926 2926 2875.2822265625 2672 2672 2672 2672 2684.779296875 2736 2736 2736 2736 2769.345947265625 2903 2903 2903 2903 2924.56494140625 3011 3011 3011 3011 3147.778076171875 3696 3696 3696 3696 3701.990234375 3726 3726 3726 3726 3880.349609375 4499 4499 4499 4499 4712.6533203125 5569 5569 5569 5569 5182.02783203125 3631 3631 3631 3631 3579.283935546875 3372 3372 3372 3372 3358.8212890625 3306 3306 3306 3306 3383.474365234375 3694 3694
3637 3495.0302734375 2926 2926 2926 2926 2875.2822265625 2672 2672 2672 2672 2684.779296875 2736 2736 2736 2736 2769.345947265625 2903 2903 2903 2903 2924.56494140625 3011 3011 3011 3011 3147.778076171875 3696 3696 3696 3696 3701.990234375 3726 3726 3726 3726 3880.349609375 4499 4499 4499 4499 4712.6533203125 5569 5569 5569 5569 5182.02783203125 3631 3631 3631 3631 3579.283935546875 3372 3372 3372 3372 3358.8212890625 3306 3306 3306 3306 3383.474365234375 3694 3694
3637 3495.0302734375 2926 2926 2926 2926 2875.2822265625 2672 2672 2672 2672 2684.779296875 2736 2736 2736 2736 2769.345947265625 2903 2903 2903 2903 2924.56494140625 3011 3011 3011 3011 3147.778076171875 3696 3696 3696 3696 3701.990234375 3726 3726 3726 3726 3880.349609375 4499 4499 4499 4499 4712.6533203125 5569 5569 5569 5569 5182.02783203125 3631 3631 3631 3631 3579.283935546875 3372 3372 3372 3372 3358.8212890625 3306 3306 3306 3306 3383.474365234375 3694 3694
3188.78466796875 3103.16552734375 2759.994384765625 2759.994384765625 2759.994384765625 2759.994384765625 2706.74169921875 2493.2998046875 2493.2998046875 2493.2998046875 2493.2998046875 2464.937255859375 2351.25732421875 2351.25732421875 2351.25732421875 2351.25732421875 2442.903564453125 2810.232177734375 2810.232177734375 2810.232177734375 2810.232177734375 2968.67626953125 3603.738037109375 3603.738037109375 3603.738037109375 3603.738037109375 3647.508544921875 3822.945556640625 3822.945556640625 3822.945556640625 3822.945556640625 3954.895751953125 4483.76708984375 4483.76708984375 4483.76708984375 4483.76708984375 4675.94384765625 5446.208984375 5446.208984375 5446.208984375 5446.208984375 5366.99560546875 5049.5 5049.5 5049.5 5049.5 4703.279296875 3315.589111328125 3315.589111328125 3315.589111328125 3315.589111328125 3383.008544921875 3653.233154296875 3653.233154296875 3653.233154296875 3653.233154296875 3474.31787109375 2757.204833984375 2757.204833984375 2757.204833984375 2757.204833984375 2894.34423828125 3444.014892578125 3444.014892578125
3178 3093.73681640625 2756 2756 2756 2756 2702.6865234375 2489 2489 2489 2489 2459.647705078125 2342 2342 2342 2342 2435.049072265625 2808 2808 2808 2808 2969.737548828125 3618 3618 3618 3618 3659.53271484375 3826 3826 3826 3826 3960.98095703125 4502 4502 4502 4502 4695.0869140625 5469 5469 5469 5469 5382.73974609375 5037 5037 5037 5037 4691.76025390625 3308 3308 3308 3308 3378.285888671875 3660 3660 3660 3660 3477.0966796875 2744 2744 2744 2744 2882.5751953125 3438 3438
3178 3093.73681640625 2756 2756 2756 2756 2702.6865234375 2489 2489 2489 2489 2459.647705078125 2342 2342 2342 2342 2435.049072265625 2808 2808 2808 2808 2969.737548828125 3618 3618 3618 3618 3659.53271484375 3826 3826 3826 3826 3960.98095703125 4502 4502 4502 4502 4695.0869140625 5469 5469 5469 5469 5382.73974609375 5037 5037 5037 5037 4691.76025390625 3308 3308 3308 3308 3378.285888671875 3660 3660 3660 3660 3477.0966796875 2744 2744 2744 2744 2882.5751953125 3438 3438
3178 3093.73681640625 2756 2756 2756 2756 2702.6865234375 2489 2489 2489 2489 2459.647705078125 2342 2342 2342 2342 2435.049072265625 2808 2808 2808 2808 2969.737548828125 3618 3618 3618 3618 3659.53271484375 3826 3826 3826 3826 3960.98095703125 4502 4502 4502 4502 4695.0869140625 5469 5469 5469 5469 5382.73974609375 5037 5037 5037 5037 4691.76025390625 3308 3308 3308 3308 3378.285888671875 3660 3660 3660 3660 3477.0966796875 2744 2744 2744 2744 2882.5751953125 3438 3438
3178 3093.73681640625 2756 2756 2756 2756 2702.6865234375 2489 2489 2489 2489 2459.647705078125 2342 2342 2342 2342 2435.049072265625 2808 2808 2808 2808 2969.737548828125 3618 3618 3618 3618 3659.53271484375 3826 3826 3826 3826 3960.98095703125 4502 4502 4502 4502 4695.0869140625 5469 5469 5469 5469 5382.73974609375 5037 5037 5037 5037 4691.76025390625 3308 3308 3308 3308 3378.285888671875 3660 3660 3660 3660 3477.0966796875 2744 2744 2744 2744 2882.5751953125 3438 3438
3454.3505859375 3275.52001953125 2558.74609375 2558.74609375 2558.74609375 2558.74609375 2537.605224609375 2452.869384765625 2452.869384765625 2452.869384765625 2452.869384765625 2572.09521484375 3049.96533203125 3049.96533203125 3049.96533203125 3049.96533203125 3061.31591796875 3106.810302734375 3106.810302734375 3106.810302734375 3106.810302734375 3121.91943359375 3182.479248046875 3182.479248046875 3182.479248046875 3182.479248046875 3234.930908203125 3445.163330078125 3445.163330078125 3445.163330078125 3445.163330078125 3508.780029296875 3763.762939453125 3763.762939453125 3763.762939453125 3763.762939453125 4026.069091796875 5077.421875 5077.421875 5077.421875 5077.421875 5248.34619140625 5933.4306640625 5933.4306640625 5933.4306640625 5933.4306640625 5587.4111328125 4200.5244140625 4200.5244140625 4200.5244140625 4200.5244140625 4097.07958984375 3682.45947265625 3682.45947265625 3682.45947265625 3682.45947265625 3622.006591796875 3379.7041015625 3379.7041015625 3379.7041015625 3379.7041015625 3256.415283203125 2762.25927734375 2762.25927734375
3461 3279.893798828125 2554 2554 2554 2554 2533.633056640625 2452 2452 2452 2452 2574.80078125 3067 3067 3067 3067 3076.384765625 3114 3114 3114 3114 3125.581298828125 3172 3172 3172 3172 3224.71435546875 3436 3436 3436 3436 3497.899658203125 3746 3746 3746 3746 4009.9716796875 5068 5068 5068 5068 5245.11279296875 5955 5955 5955 5955 5608.96142578125 4222 4222 4222 4222 4114.37451171875 3683 3683 3683 3683 3625.493408203125 3395 3395 3395 3395 3265.41015625 2746 2746
3461 3279.893798828125 2554 2554 2554 2554 2533.633056640625 2452 2452 2452 2452 2574.80078125 3067 3067 3067 3067 3076.384765625 3114 3114 3114 3114 3125.581298828125 3172 3172 3172 3172 3224.71435546875 3436 3436 3436 3436 3497.899658203125 3746 3746 3746 3746 4009.9716796875 5068 5068 5068 5068 5245.11279296875 5955 5955 5955 5955 5608.96142578125 4222 4222 4222 4222 4114.37451171875 3683 3683 3683 3683 3625.493408203125 3395 3395 3395 3395 3265.41015625 2746 2746
3461 3279.893798828125 2554 2554 2554 2554 2533.633056640625 2452 2452 2452 2452 2574.80078125 3067 3067 3067 3067 3076.384765625 3114 3114 3114 3114 3125.581298828125 3172 3172 3172 3172 3224.71435546875 3436 3436 3436 3436 3497.899658203125 3746 3746 3746 3746 4009.9716796875 5068 5068 5068 5068 5245.11279296875 5955 5955 5955 5955 5608.96142578125 4222 4222 4222 4222 4114.37451171875 3683 3683 3683 3683 3625.493408203125 3395 3395 3395 3395 3265.41015625 2746 2746
3461 3279.893798828125 2554 2554 2554 2554 2533.633056640625 2452 2452 2452 2452 2574.80078125 3067 3067 3067 3067 3076.384765625 3114 3114 3114 3114 3125.581298828125 3172 3172 3172 3172 3224.71435546875 3436 3436 3436 3436 3497.899658203125 3746 3746 3746 3746 4009.9716796875 5068 5068 5068 5068 5245.11279296875 5955 5955 5955 5955 5608.96142578125 4222 4222 4222 4222 4114.37451171875 3683 3683 3683 3683 3625.493408203125 3395 3395 3395 3395 3265.41015625 2746 2746
3397.52734375 3220.125732421875 2509.080810546875 2509.080810546875 2509.080810546875 2509.080810546875 2494.368408203125 2435.3994140625 2435.3994140625 2435.3994140625 2435.3994140625 2551.375732421875 3016.2216796875 3016.2216796875 3016.2216796875 3016.2216796875 3021.90185546875 3044.668212890625 3044.668212890625 3044.668212890625 3044.668212890625 3062.87890625 3135.869384765625 3135.869384765625 3135.869384765625 3135.869384765625 3258.97314453125 3752.38720703125 3752.38720703125 3752.38720703125 3752.38720703125 3982.75341796875 4906.0869140625 4906.0869140625 4906.0869140625 4906.0869140625 5012.12109375 5437.11865234375 5437.11865234375 5437.11865234375 5437.11865234375 5465.26318359375 5578.0693359375 5578.0693359375 5578.0693359375 5578.0693359375 5399.91259765625 4685.83935546875 4685.83935546875 4685.83935546875 4685.83935546875 4550.916015625 4010.12890625 4010.12890625 4010.12890625 4010.12890625 3773.821533203125 2826.674560546875 2826.674560546875 2826.674560546875 2826.674560546875 2815.83056640625 2772.36572265625 -9999
3396 3218.687744140625 2508 2508 2508 2508 2493.423583984375 2435 2435 2435 2435 2550.81201171875 3015 3015 3015 3015 3020.5908203125 3043 3043 3043 3043 3061.3701171875 3135 3135 3135 3135 3259.797607421875 3760 3760 3760 3760 3994.419677734375 4934 4934 4934 4934 5036.23388671875 5446 5446 5446 5446 5470.56005859375 5569 5569 5569 5569 5394.88232421875 4697 4697 4697 4697 4561.419921875 4018 4018 4018 4018 3777.390380859375 2813 2813 2813 2813 2805.012939453125 -9999 -9999
3396 3218.687744140625 2508 2508 2508 2508 2493.423583984375 2435 2435 2435 2435 2550.81201171875 3015 3015 3015 3015 3020.5908203125 3043 3043 3043 3043 3061.3701171875 3135 3135 3135 3135 3259.797607421875 3760 3760 3760 3760 3994.419677734375 4934 4934 4934 4934 5036.23388671875 5446 5446 5446 5446 5470.56005859375 5569 5569 5569 5569 5394.88232421875 4697 4697 4697 4697 4561.419921875 4018 4018 4018 4018 3777.390380859375 2813 2813 2813 2813 -9999 -9999 -9999
3396 3218.687744140625 2508 2508 2508 2508 2493.423583984375 2435 2435 2435 2435 2550.81201171875 3015 3015 3015 3015 3020.5908203125 3043 3043 3043 3043 3061.3701171875 3135 3135 3135 3135 3259.797607421875 3760 3760 3760 3760 3994.419677734375 4934 4934 4934 4934 5036.23388671875 5446 5446 5446 5446 5470.56005859375 5569 5569 5569 5569 5394.88232421875 4697 4697 4697 4697 4561.419921875 -9999 -9999 -9999 -9999 -9999 -9999 -9999 -9999 -9999 -9999 -9999 -9999
3396 3218.687744140625 2508 2508 2508 2508 2493.423583984375 2435 2435 2435 2435 2550.81201171875 3015 3015 3015 3015 3020.5908203125 3043 3043 3043 3043 3061.3701171875 3135 3135 3135 3135 3259.797607421875 3760 3760 3760 3760 3994.419677734375 4934 4934 4934 4934 5036.23388671875 5446 5446 5446 5446 5470.56005859375 5569 -9999 -9999 5569 5394.88232421875 4697 4697 4697 -9999 -9999 -9999 -9999 -9999 -9999 -9999 -9999 -9999 -9999 -9999 -9999 -9999 -9999
4770.91748046875 4295.083984375 2387.889892578125 2387.889892578125 2387.889892578125 2387.889892578125 2439.0234375 2643.971923828125 2643.971923828125 2643.971923828125 2643.971923828125 2867.805419921875 3764.955078125 3764.955078125 3764.955078125 3764.955078125 3650.435546875 3191.4287109375 3191.4287109375 3191.4287109375 3191.4287109375 3198.6845703125 3227.767822265625 3227.767822265625 3227.767822265625 3227.767822265625 3496.4638671875 4573.427734375 4573.427734375 4573.427734375 4573.427734375 4599.4091796875 4703.544921875 4703.544921875 4703.544921875 4703.544921875 4787.8408203125 5125.70654296875 5125.70654296875 -9999 -9999 -9999 -9999 -9999 -9999 -9999 -9999 4655.98681640625 4655.98681640625 -9999 -9999 -9999 -9999 -9999 -9999 -9999 -9999 -9999 -9999 -9999 -9999 -9999 -9999 -9999
