INPUT/RASTER/ASCII/nitrogen.asc
ncols        225
nrows        269
xllcorner    473000.000000000000
yllcorner    4429100.000000000000
cellsize     50.000000000000
NODATA_value -9999
[rows 84 to 111 of 269, columns 0 to 63 of 225]
-9999 -9999 -9999 -9999 -9999 -9999 -9999 -9999 -9999 -9999 -9999 -9999 -9999 -9999 -9999 -9999 -9999 -9999 -9999 -9999 -9999 -9999 -9999 -9999 -9999 -9999 -9999 -9999 -9999 -9999 -9999 -9999 -9999 4544 4485.095703125 4249 4249 4249 4249 4204.07275390625 4024 4024 4024 4024 3991.053466796875 3859 3859 3859 3859 3880.56494140625 3967 3967 3967 3967 3985.17041015625 4058 4058 4058 4058 3967.34716796875 3604 3604 3604 3604
-9999 -9999 -9999 -9999 -9999 -9999 -9999 -9999 -9999 -9999 -9999 -9999 -9999 -9999 -9999 -9999 -9999 -9999 -9999 -9999 -9999 -9999 -9999 -9999 -9999 -9999 -9999 -9999 -9999 -9999 -9999 -9999 -9999 4544 4485.095703125 4249 4249 4249 4249 4204.07275390625 4024 4024 4024 4024 3991.053466796875 3859 3859 3859 3859 3880.56494140625 3967 3967 3967 3967 3985.17041015625 4058 4058 4058 4058 3967.34716796875 3604 3604 3604 3604
-9999 -9999 -9999 -9999 -9999 -9999 -9999 -9999 -9999 -9999 -9999 -9999 -9999 -9999 -9999 -9999 -9999 -9999 -9999 -9999 -9999 -9999 -9999 -9999 -9999 -9999 -9999 -9999 -9999 -9999 -9999 -9999 -9999 -9999 3699.566650390625 4017.568603515625 4017.568603515625 4017.568603515625 4017.568603515625 3961.52734375 3736.90771484375 3736.90771484375 3736.90771484375 3736.90771484375 3782.735107421875 3966.41552734375 3966.41552734375 3966.41552734375 3966.41552734375 4042.18603515625 4345.8837890625 4345.8837890625 4345.8837890625 4345.8837890625 4250.962890625 3870.51123046875 3870.51123046875 3870.51123046875 3870.51123046875 3807.546142578125 3555.1748046875 3555.1748046875 3555.1748046875 3555.1748046875
-9999 -9999 -9999 -9999 -9999 -9999 -9999 -9999 -9999 -9999 -9999 -9999 -9999 -9999 -9999 -9999 -9999 -9999 -9999 -9999 -9999 -9999 -9999 -9999 -9999 -9999 -9999 -9999 -9999 -9999 -9999 -9999 -9999 -9999 3680.665771484375 4012 4012 4012 4012 3955.69140625 3730 3730 3730 3730 3777.72265625 3969 3969 3969 3969 4046.074951171875 4355 4355 4355 4355 4257.3583984375 3866 3866 3866 3866 3803.701171875 3554 3554 3554 3554
-9999 -9999 -9999 -9999 -9999 -9999 -9999 -9999 -9999 -9999 -9999 -9999 -9999 -9999 -9999 -9999 -9999 -9999 -9999 -9999 -9999 -9999 -9999 -9999 -9999 -9999 -9999 -9999 -9999 -9999 -9999 -9999 -9999 -9999 3680.665771484375 4012 4012 4012 4012 3955.69140625 3730 3730 3730 3730 3777.72265625 3969 3969 3969 3969 4046.074951171875 4355 4355 4355 4355 4257.3583984375 3866 3866 3866 3866 3803.701171875 3554 3554 3554 3554
-9999 -9999 -9999 -9999 -9999 -9999 -9999 -9999 -9999 -9999 -9999 -9999 -9999 -9999 -9999 -9999 -9999 -9999 -9999 -9999 -9999 -9999 -9999 -9999 -9999 -9999 -9999 -9999 -9999 -9999 -9999 -9999 -9999 -9999 3680.665771484375 4012 4012 4012 4012 3955.69140625 3730 3730 3730 3730 3777.72265625 3969 3969 3969 3969 4046.074951171875 4355 4355 4355 4355 4257.3583984375 3866 3866 3866 3866 3803.701171875 3554 3554 3554 3554
-9999 -9999 -9999 -9999 -9999 -9999 -9999 -9999 -9999 -9999 -9999 -9999 -9999 -9999 -9999 -9999 -9999 -9999 -9999 -9999 -9999 -9999 -9999 -9999 -9999 -9999 -9999 -9999 -9999 -9999 -9999 -9999 -9999 -9999 3680.665771484375 4012 4012 4012 4012 3955.69140625 3730 3730 3730 3730 3777.72265625 3969 3969 3969 3969 4046.074951171875 4355 4355 4355 4355 4257.3583984375 3866 3866 3866 3866 3803.701171875 3554 3554 3554 3554
-9999 -9999 -9999 -9999 -9999 -9999 -9999 -9999 -9999 -9999 -9999 -9999 -9999 -9999 -9999 -9999 -9999 -9999 -9999 -9999 -9999 -9999 -9999 -9999 -9999 -9999 -9999 -9999 -9999 -9999 -9999 -9999 -9999 3504.255615234375 3450.822265625 3236.65576171875 3236.65576171875 3236.65576171875 3236.65576171875 3335.35986328125 3730.9765625 3730.9765625 3730.9765625 3730.9765625 3777.529052734375 3964.117431640625 3964.117431640625 3964.117431640625 3964.117431640625 4027.3486328125 4280.78564453125 4280.78564453125 4280.78564453125 4280.78564453125 4224.67578125 3999.781005859375 3999.781005859375 3999.781005859375 3999.781005859375 3974.13916015625 3871.36376953125 3871.36376953125 3871.36376953125 3871.36376953125
-9999 -9999 -9999 -9999 -9999 -9999 -9999 -9999 -9999 -9999 -9999 -9999 -9999 -9999 -9999 -9999 -9999 -9999 -9999 -9999 -9999 -9999 2873 2873 -9999 -9999 -9999 -9999 -9999 -9999 3502 3502 3502 3502 3445.2919921875 3218 3218 3218 3218 3320.433837890625 3731 3731 3731 3731 3777.5244140625 3964 3964 3964 3964 4026.89794921875 4279 4279 4279 4279 4223.8896484375 4003 4003 4003 4003 3978.240234375 3879 3879 3879 3879
-9999 -9999 -9999 -9999 -9999 -9999 -9999 -9999 -9999 -9999 -9999 -9999 -9999 -9999 -9999 -9999 -9999 -9999 0 573.66912841796875 2873 2873 2873 2873 2299.330810546875 0 0 0 0 699.265380859375 3502 3502 3502 3502 3445.2919921875 3218 3218 3218 3218 3320.433837890625 3731 3731 3731 3731 3777.5244140625 3964 3964 3964 3964 4026.89794921875 4279 4279 4279 4279 4223.8896484375 4003 4003 4003 4003 3978.240234375 3879 3879 3879 3879
-9999 -9999 -9999 -9999 -9999 -9999 -9999 -9999 -9999 -9999 -9999 -9999 -9999 -9999 -9999 -9999 -9999 0 0 573.66912841796875 2873 2873 2873 2873 2299.330810546875 0 0 0 0 699.265380859375 3502 3502 3502 3502 3445.2919921875 3218 3218 3218 3218 3320.433837890625 3731 3731 3731 3731 3777.5244140625 3964 3964 3964 3964 4026.89794921875 4279 4279 4279 4279 4223.8896484375 4003 4003 4003 4003 3978.240234375 3879 3879 3879 3879
-9999 -9999 -9999 -9999 -9999 -9999 -9999 -9999 -9999 -9999 -9999 -9999 -9999 -9999 0 0 0 0 0 573.66912841796875 2873 2873 2873 2873 2299.330810546875 0 0 0 0 699.265380859375 3502 3502 3502 3502 3445.2919921875 3218 3218 3218 3218 3320.433837890625 3731 3731 3731 3731 3777.5244140625 3964 3964 3964 3964 4026.89794921875 4279 4279 4279 4279 4223.8896484375 4003 4003 4003 4003 3978.240234375 3879 3879 3879 3879
-9999 -9999 -9999 -9999 -9999 -9999 -9999 -9999 -9999 -9999 -9999 -9999 3326.94921875 3326.94921875 3341.767822265625 3401.163330078125 3401.163330078125 3401.163330078125 3401.163330078125 3560.880615234375 4201.04541015625 4201.04541015625 4201.04541015625 4201.04541015625 4152.46923828125 3957.770751953125 3957.770751953125 3957.770751953125 3957.770751953125 3979.270263671875 4065.44287109375 4065.44287109375 4065.44287109375 4065.44287109375 3982.411865234375 3649.61474609375 3649.61474609375 3649.61474609375 3649.61474609375 3531.326171875 3057.212158203125 3057.212158203125 3057.212158203125 3057.212158203125 3193.4296875 3739.404052734375 3739.404052734375 3739.404052734375 3739.404052734375 3719.82373046875 3641.3427734375 3641.3427734375 3641.3427734375 3641.3427734375 3656.03662109375 3714.931396484375 3714.931396484375 3714.931396484375 3714.931396484375 3660.533935546875 3442.502685546875 3442.502685546875 3442.502685546875 3442.502685546875
-9999 -9999 -9999 -9999 -9999 -9999 -9999 -9999 -9999 -9999 -9999 3407 3407 3407 3422.17529296875 3483 3483 3483 3483 3632.757080078125 4233 4233 4233 4233 4197.05810546875 4053 4053 4053 4053 4058.191650390625 4079 4079 4079 4079 3995.335693359375 3660 3660 3660 3660 3536.400634765625 3041 3041 3041 3041 3179.37548828125 3734 3734 3734 3734 3712.43505859375 3626 3626 3626 3626 3642.37353515625 3708 3708 3708 3708 3652.889404296875 3432 3432 3432 3432
-9999 -9999 -9999 -9999 -9999 -9999 -9999 -9999 -9999 -9999 -9999 3407 3407 3407 3422.17529296875 3483 3483 3483 3483 3632.757080078125 4233 4233 4233 4233 4197.05810546875 4053 4053 4053 4053 4058.191650390625 4079 4079 4079 4079 3995.335693359375 3660 3660 3660 3660 3536.400634765625 3041 3041 3041 3041 3179.37548828125 3734 3734 3734 3734 3712.43505859375 3626 3626 3626 3626 3642.37353515625 3708 3708 3708 3708 3652.889404296875 3432 3432 3432 3432
-9999 -9999 -9999 -9999 -9999 -9999 -9999 -9999 -9999 -9999 -9999 3407 3407 3407 3422.17529296875 3483 3483 3483 3483 3632.757080078125 4233 4233 4233 4233 4197.05810546875 4053 4053 4053 4053 4058.191650390625 4079 4079 4079 4079 3995.335693359375 3660 3660 3660 3660 3536.400634765625 3041 3041 3041 3041 3179.37548828125 3734 3734 3734 3734 3712.43505859375 3626 3626 3626 3626 3642.37353515625 3708 3708 3708 3708 3652.889404296875 3432 3432 3432 3432
-9999 -9999 -9999 -9999 -9999 -9999 -9999 -9999 -9999 -9999 -9999 3407 3407 3407 3422.17529296875 3483 3483 3483 3483 3632.757080078125 4233 4233 4233 4233 4197.05810546875 4053 4053 4053 4053 4058.191650390625 4079 4079 4079 4079 3995.335693359375 3660 3660 3660 3660 3536.400634765625 3041 3041 3041 3041 3179.37548828125 3734 3734 3734 3734 3712.43505859375 3626 3626 3626 3626 3642.37353515625 3708 3708 3708 3708 3652.889404296875 3432 3432 3432 3432
-9999 -9999 -9999 -9999 -9999 -9999 -9999 -9999 -9999 -9999 -9999 3253.68896484375 3253.68896484375 3253.68896484375 3347.637939453125 3724.196533203125 3724.196533203125 3724.196533203125 3724.196533203125 3763.59228515625 3921.4951171875 3921.4951171875 3921.4951171875 3921.4951171875 3942.489013671875 4026.63427734375 4026.63427734375 4026.63427734375 4026.63427734375 3812.66357421875 2955.0439453125 2955.0439453125 2955.0439453125 2955.0439453125 2953.078125 2945.198974609375 2945.198974609375 2945.198974609375 2945.198974609375 3171.5966796875 4079.023681640625 4079.023681640625 4079.023681640625 4079.023681640625 4104.50341796875 4206.6279296875 4206.6279296875 4206.6279296875 4206.6279296875 4115.6484375 3750.992431640625 3750.992431640625 3750.992431640625 3750.992431640625 3734.023681640625 3666.01025390625 3666.01025390625 3666.01025390625 3666.01025390625 3690.453369140625 3788.424072265625 3788.424072265625 3788.424072265625 3788.424072265625
-9999 -9999 -9999 -9999 -9999 -9999 -9999 -9999 -9999 -9999 -9999 3250 3250 3250 3345.844482421875 3730 3730 3730 3730 3766.740478515625 3914 3914 3914 3914 3936.36376953125 4026 4026 4026 4026 3806.755859375 2928 2928 2928 2928 2928 2928 2928 2928 2928 3162.819091796875 4104 4104 4104 4104 4126.76318359375 4218 4218 4218 4218 4125.35009765625 3754 3754 3754 3754 3736.228759765625 3665 3665 3665 3665 3691.357177734375 3797 3797 3797 3797
-9999 -9999 -9999 -9999 -9999 -9999 -9999 -9999 -9999 -9999 -9999 3250 3250 3250 3345.844482421875 3730 3730 3730 3730 3766.740478515625 3914 3914 3914 3914 3936.36376953125 4026 4026 4026 4026 3806.755859375 2928 2928 2928 2928 2928 2928 2928 2928 2928 3162.819091796875 4104 4104 4104 4104 4126.76318359375 4218 4218 4218 4218 4125.35009765625 3754 3754 3754 3754 3736.228759765625 3665 3665 3665 3665 3691.357177734375 3797 3797 3797 3797
-9999 -9999 -9999 -9999 -9999 -9999 -9999 -9999 -9999 -9999 -9999 3250 3250 3250 3345.844482421875 3730 3730 3730 3730 3766.740478515625 3914 3914 3914 3914 3936.36376953125 4026 4026 4026 4026 3806.755859375 2928 2928 2928 2928 2928 2928 2928 2928 2928 3162.819091796875 4104 4104 4104 4104 4126.76318359375 4218 4218 4218 4218 4125.35009765625 3754 3754 3754 3754 3736.228759765625 3665 3665 3665 3665 3691.357177734375 3797 3797 3797 3797
-9999 -9999 -9999 -9999 -9999 -9999 -9999 -9999 -9999 -9999 -9999 3250 3250 3250 3345.844482421875 3730 3730 3730 3730 3766.740478515625 3914 3914 3914 3914 3936.36376953125 4026 4026 4026 4026 3806.755859375 2928 2928 2928 2928 2928 2928 2928 2928 2928 3162.819091796875 4104 4104 4104 4104 4126.76318359375 4218 4218 4218 4218 4125.35009765625 3754 3754 3754 3754 3736.228759765625 3665 3665 3665 3665 3691.357177734375 3797 3797 3797 3797
-9999 -9999 -9999 -9999 -9999 -9999 -9999 -9999 -9999 -9999 -9999 3660.131591796875 3660.131591796875 3660.131591796875 3662.383544921875 3671.40966796875 3671.40966796875 3671.40966796875 3671.40966796875 3736.4228515625 3997.0029296875 3997.0029296875 3997.0029296875 3997.0029296875 4077.6669921875 4400.9775390625 4400.9775390625 4400.9775390625 4400.9775390625 4213.7109375 3463.124267578125 3463.124267578125 3463.124267578125 3463.124267578125 3550.672119140625 3901.574462890625 3901.574462890625 3901.574462890625 3901.574462890625 3980.990966796875 4299.30078125 4299.30078125 4299.30078125 4299.30078125 4298.66552734375 4296.1201171875 4296.1201171875 4296.1201171875 4296.1201171875 4254.16650390625 4086.011474609375 4086.011474609375 4086.011474609375 4086.011474609375 3974.2578125 3526.33642578125 3526.33642578125 3526.33642578125 3526.33642578125 3530.2705078125 3546.03857421875 3546.03857421875 3546.03857421875 3546.03857421875
-9999 -9999 -9999 -9999 -9999 -9999 -9999 -9999 -9999 -9999 -9999 3670 3670 3670 3670 3670 3670 3670 3670 3735.693359375 3999 3999 3999 3999 4081.06689453125 4410 4410 4410 4410 4223.50244140625 3476 3476 3476 3476 3565.654541015625 3925 3925 3925 3925 4000.67724609375 4304 4304 4304 4304 4302.8017578125 4298 4298 4298 4298 4257.26611328125 4094 4094 4094 4094 3979.985107421875 3523 3523 3523 3523 3526.39453125 3540 3540 3540 3540
-9999 -9999 -9999 -9999 -9999 -9999 -9999 -9999 -9999 -9999 -9999 3670 3670 3670 3670 3670 3670 3670 3670 3735.693359375 3999 3999 3999 3999 4081.06689453125 4410 4410 4410 4410 4223.50244140625 3476 3476 3476 3476 3565.654541015625 3925 3925 3925 3925 4000.67724609375 4304 4304 4304 4304 4302.8017578125 4298 4298 4298 4298 4257.26611328125 4094 4094 4094 4094 3979.985107421875 3523 3523 3523 3523 3526.39453125 3540 3540 3540 3540
-9999 -9999 -9999 -9999 -9999 -9999 -9999 -9999 -9999 -9999 3670 3670 3670 3670 3670 3670 3670 3670 3670 3735.693359375 3999 3999 3999 3999 4081.06689453125 4410 4410 4410 4410 4223.50244140625 3476 3476 3476 3476 3565.654541015625 3925 3925 3925 3925 4000.67724609375 4304 4304 4304 4304 4302.8017578125 4298 4298 4298 4298 4257.26611328125 4094 4094 4094 4094 3979.985107421875 3523 3523 3523 3523 3526.39453125 3540 3540 3540 3540
-9999 -9999 -9999 -9999 -9999 -9999 -9999 -9999 -9999 -9999 3670 3670 3670 3670 3670 3670 3670 3670 3670 3735.693359375 3999 3999 3999 3999 4081.06689453125 4410 4410 4410 4410 4223.50244140625 3476 3476 3476 3476 3565.654541015625 3925 3925 3925 3925 4000.67724609375 4304 4304 4304 4304 4302.8017578125 4298 4298 4298 4298 4257.26611328125 4094 4094 4094 4094 3979.985107421875 3523 3523 3523 3523 3526.39453125 3540 3540 3540 3540
-9999 -9999 -9999 -9999 -9999 -9999 -9999 -9999 -9999 4176.85400390625 3951.233154296875 3951.233154296875 3951.233154296875 3951.233154296875 3988.2802734375 4136.76904296875 4136.76904296875 4136.76904296875 4136.76904296875 4089.17626953125 3898.420166015625 3898.420166015625 3898.420166015625 3898.420166015625 3923.746337890625 4025.25732421875 4025.25732421875 4025.25732421875 4025.25732421875 3963.550048828125 3716.219970703125 3716.219970703125 3716.219970703125 3716.219970703125 3633.703369140625 3302.967041015625 3302.967041015625 3302.967041015625 3302.967041015625 3358.560791015625 3581.386962890625 3581.386962890625 3581.386962890625 3581.386962890625 3601.247314453125 3680.849365234375 3680.849365234375 3680.849365234375 3680.849365234375 3701.925537109375 3786.401123046875 3786.401123046875 3786.401123046875 3786.401123046875 3872.245361328125 4216.31787109375 4216.31787109375 4216.31787109375 4216.31787109375 4081.663330078125 3541.953125 3541.953125 3541.953125 3541.953125
