INPUT/RASTER/ASCII/pH.asc
ncols        225
nrows        269
xllcorner    473009.983799999987
yllcorner    4429051.174800000153
cellsize     50.000000000000
NODATA_value  -9999
[rows 114 to 132 of 269, columns 123 to 163 of 225]
6.6189694404602050781 6.6347813606262207031 6.6505932807922363281 6.6664052009582519531 6.6790599822998046875 6.6790599822998046875 6.6790599822998046875 6.6790599822998046875 6.6790599822998046875 -9999 -9999 -9999 -9999 -9999 0 0 0 0 0 0.63214021921157836914 2.9479794502258300781 4.4168057441711425781 5.4314670562744140625 6.1744017601013183594 6.639530181884765625 6.639530181884765625 6.639530181884765625 6.639530181884765625 6.639530181884765625 6.64194488525390625 6.6540389060974121094 6.6661329269409179688 6.6782269477844238281 6.6903204917907714844 6.6975851058959960938 6.6854910850524902344 6.673397064208984375 6.6613030433654785156 6.6492090225219726563 6.6379513740539550781 6.6300454139709472656
6.628566741943359375 6.6523785591125488281 6.6761908531188964844 6.7000026702880859375 6.7190604209899902344 6.7190604209899902344 6.7190604209899902344 6.7190604209899902344 6.7190604209899902344 -9999 -9999 -9999 -9999 -9999 0 0 0 0 0 0.43494021892547607422 2.3076980113983154297 3.7884414196014404297 4.9885954856872558594 5.9810123443603515625 6.6595301628112792969 6.6595301628112792969 6.6595301628112792969 6.6595301628112792969 6.6595301628112792969 6.6611461639404296875 6.6692399978637695313 6.677333831787109375 6.6854281425476074219 6.6935219764709472656 6.6983838081359863281 6.6902894973754882813 6.6821956634521484375 6.6741018295288085938 6.6660075187683105469 6.6571526527404785156 6.6452465057373046875
6.6381640434265136719 6.6699762344360351563 6.7017884254455566406 6.7336001396179199219 6.7590603828430175781 6.7590603828430175781 6.7590603828430175781 6.7590603828430175781 6.7590603828430175781 -9999 -9999 -9999 -9999 -9999 0 0 0 0 0 0.33199316263198852539 1.8979455232620239258 3.3190751075744628906 4.6145839691162109375 5.8004240989685058594 6.6795301437377929688 6.6795301437377929688 6.6795301437377929688 6.6795301437377929688 6.6795301437377929688 6.680347442626953125 6.6844415664672851563 6.6885352134704589844 6.6926293373107910156 6.6967234611511230469 6.6991825103759765625 6.6950883865356445313 6.6909942626953125 6.6869006156921386719 6.6828064918518066406 6.6763539314270019531 6.6604480743408203125
6.6477613449096679688 6.6875734329223632813 6.7273855209350585938 6.7671976089477539063 6.7990603446960449219 6.7990603446960449219 6.7990603446960449219 6.7990603446960449219 6.7990603446960449219 -9999 -9999 -9999 -9999 -9999 0 0 0 0 0 0.26875957846641540527 1.6132149696350097656 2.9551365375518798828 4.2945313453674316406 5.6314067840576171875 6.6995301246643066406 6.6995301246643066406 6.6995301246643066406 6.6995301246643066406 6.6995301246643066406 6.6995487213134765625 6.6996426582336425781 6.6997365951538085938 6.6998305320739746094 6.699924468994140625 6.6999812126159667969 6.6998872756958007813 6.6997928619384765625 6.6996989250183105469 6.6996049880981445313 6.6955552101135253906 6.6756491661071777344
6.6581449508666992188 6.6903333663940429688 6.7225213050842285156 6.7547092437744140625 6.7798213958740234375 6.7757968902587890625 6.7697668075561523438 6.7597355842590332031 6.7397413253784179688 6.6999998092651367188 6.6999998092651367188 6.6999998092651367188 6.6999998092651367188 6.6999998092651367188 1.3085153102874755859 1.3085153102874755859 1.3085153102874755859 1.3085153102874755859 1.3085153102874755859 1.5238252878189086914 2.6021223068237304688 3.6804192066192626953 4.7587161064147949219 5.8370127677917480469 6.6999998092651367188 6.6999998092651367188 6.6999998092651367188 6.6999998092651367188 6.6999998092651367188 6.6992197036743164063 6.6953139305114746094 6.6914076805114746094 6.6875019073486328125 6.6835956573486328125 6.6812496185302734375 6.6851558685302734375 6.6890616416931152344 6.6929678916931152344 6.6968736648559570313 6.6967864036560058594 6.6806921958923339844
6.6685476303100585938 6.6927356719970703125 6.7169237136840820313 6.74111175537109375 6.7594919204711914063 6.75376129150390625 6.7461423873901367188 6.7355170249938964844 6.719669342041015625 6.6999998092651367188 6.6999998092651367188 6.6999998092651367188 6.6999998092651367188 6.6999998092651367188 2.6485152244567871094 2.6485152244567871094 2.6485152244567871094 2.6485152244567871094 2.6485152244567871094 2.8103120326995849609 3.6206090450286865234 4.4309058189392089844 5.2412028312683105469 6.0514998435974121094 6.6999998092651367188 6.6999998092651367188 6.6999998092651367188 6.6999998092651367188 6.6999998092651367188 6.6984210014343261719 6.6905150413513183594 6.6826090812683105469 6.6747031211853027344 6.6667971611022949219 6.66204833984375 6.6699542999267578125 6.677860260009765625 6.6857662200927734375 6.6936726570129394531 6.6975851058959960938 6.6854910850524902344
6.6789503097534179688 6.6951384544372558594 6.7113261222839355469 6.7275142669677734375 6.7394919395446777344 6.7340679168701171875 6.7275753021240234375 6.7196645736694335938 6.7098135948181152344 6.6999998092651367188 6.6999998092651367188 6.6999998092651367188 6.6999998092651367188 6.6999998092651367188 3.9885151386260986328 3.9885151386260986328 3.9885151386260986328 3.9885151386260986328 3.9885151386260986328 4.0967988967895507813 4.6390957832336425781 5.181392669677734375 5.7236895561218261719 6.2659864425659179688 6.6999998092651367188 6.6999998092651367188 6.6999998092651367188 6.6999998092651367188 6.6999998092651367188 6.6976222991943359375 6.6857166290283203125 6.6738104820251464844 6.6619043350219726563 6.6499986648559570313 6.6428470611572265625 6.6547532081604003906 6.6666593551635742188 6.6785650253295898438 6.6904711723327636719 6.6983838081359863281 6.6902894973754882813
6.6893529891967773438 6.6975407600402832031 6.7057290077209472656 6.713916778564453125 6.719814300537109375 6.71636199951171875 6.7125988006591796875 6.7084813117980957031 6.70395660400390625 6.6999998092651367188 6.6999998092651367188 6.6999998092651367188 6.6999998092651367188 6.6999998092651367188 5.3285150527954101563 5.3285150527954101563 5.3285150527954101563 5.3285150527954101563 5.3285150527954101563 5.3832855224609375 5.6575827598571777344 5.9318795204162597656 6.2061762809753417969 6.4804735183715820313 6.6999998092651367188 6.6999998092651367188 6.6999998092651367188 6.6999998092651367188 6.6999998092651367188 6.6968235969543457031 6.6809177398681640625 6.6650118827819824219 6.6491055488586425781 6.6331996917724609375 6.623645782470703125 6.6395516395568847656 6.6554579734802246094 6.67136383056640625 6.6872696876525878906 6.6991825103759765625 6.6950883865356445313
6.6997551918029785156 6.69994354248046875 6.7001314163208007813 6.7003192901611328125 6.700450897216796875 6.7003574371337890625 6.7002635002136230469 6.7001695632934570313 6.7000751495361328125 6.6999998092651367188 6.6999998092651367188 6.6999998092651367188 6.6999998092651367188 6.6999998092651367188 6.6685152053833007813 6.6685152053833007813 6.6685152053833007813 6.6685152053833007813 6.6685152053833007813 6.6697726249694824219 6.6760692596435546875 6.6823663711547851563 6.688663482666015625 6.6949601173400878906 6.6999998092651367188 6.6999998092651367188 6.6999998092651367188 6.6999998092651367188 6.6999998092651367188 6.6960248947143554688 6.6761188507080078125 6.6562132835388183594 6.6363072395324707031 6.6164011955261230469 6.6044445037841796875 6.6243505477905273438 6.644256591796875 6.6641626358032226563 6.6840686798095703125 6.6999812126159667969 6.6998872756958007813
6.6851558685302734375 6.6890616416931152344 6.6929678916931152344 6.6968736648559570313 6.6999998092651367188 6.6999998092651367188 6.6999998092651367188 6.6999998092651367188 6.6999998092651367188 6.7008056640625 6.7058072090148925781 6.7133002281188964844 6.7257666587829589844 6.7506132125854492188 6.7853689193725585938 6.743465423583984375 6.7236042022705078125 6.7120146751403808594 6.7044205665588378906 6.6990399360656738281 6.6944971084594726563 6.6903524398803710938 6.6865563392639160156 6.6830663681030273438 6.6812496185302734375 6.6851558685302734375 6.6890616416931152344 6.6929678916931152344 6.6968736648559570313 6.6967864036560058594 6.6806921958923339844 6.6645984649658203125 6.6485042572021484375 6.6324105262756347656 6.6227436065673828125 6.6388373374938964844 6.6549315452575683594 6.6710252761840820313 6.6871194839477539063 6.6999998092651367188 6.6999998092651367188
6.6699542999267578125 6.677860260009765625 6.6857662200927734375 6.6936726570129394531 6.6999998092651367188 6.6999998092651367188 6.6999998092651367188 6.6999998092651367188 6.6999998092651367188 6.7016177177429199219 6.7110943794250488281 6.72369384765625 6.7412648200988769531 6.7674727439880371094 6.794017791748046875 6.7674355506896972656 6.7454214096069335938 6.72689056396484375 6.7110776901245117188 6.6974554061889648438 6.6864414215087890625 6.6776642799377441406 6.6705050468444824219 6.664554595947265625 6.66204833984375 6.6699542999267578125 6.677860260009765625 6.6857662200927734375 6.6936726570129394531 6.6975851058959960938 6.6854910850524902344 6.673397064208984375 6.6613030433654785156 6.6492090225219726563 6.64194488525390625 6.6540389060974121094 6.6661329269409179688 6.6782269477844238281 6.6903204917907714844 6.6999998092651367188 6.6999998092651367188
6.6547532081604003906 6.6666593551635742188 6.6785650253295898438 6.6904711723327636719 6.6999998092651367188 6.6999998092651367188 6.6999998092651367188 6.6999998092651367188 6.6999998092651367188 6.7024164199829101563 6.7158193588256835938 6.7318620681762695313 6.7514095306396484375 6.7757506370544433594 6.7972502708435058594 6.7823314666748046875 6.7651886940002441406 6.7452850341796875 6.7218942642211914063 6.6944513320922851563 6.6739130020141601563 6.6607112884521484375 6.6515111923217773438 6.6447319984436035156 6.6428470611572265625 6.6547532081604003906 6.6666593551635742188 6.6785650253295898438 6.6904711723327636719 6.6983838081359863281 6.6902894973754882813 6.6821956634521484375 6.6741018295288085938 6.6660075187683105469 6.6611461639404296875 6.6692399978637695313 6.677333831787109375 6.6854281425476074219 6.6935219764709472656 6.6999998092651367188 6.6999998092651367188
6.6395516395568847656 6.6554579734802246094 6.67136383056640625 6.6872696876525878906 6.6999998092651367188 6.6999998092651367188 6.6999998092651367188 6.6999998092651367188 6.6999998092651367188 6.7032022476196289063 6.7200675010681152344 6.7384505271911621094 6.7585659027099609375 6.780670166015625 6.7989406585693359375 6.7924857139587402344 6.7831826210021972656 6.7686133384704589844 6.7425417900085449219 6.6865682601928710938 6.6517543792724609375 6.6369104385375976563 6.6286835670471191406 6.6234555244445800781 6.623645782470703125 6.6395516395568847656 6.6554579734802246094 6.67136383056640625 6.6872696876525878906 6.6991825103759765625 6.6950883865356445313 6.6909942626953125 6.6869006156921386719 6.6828064918518066406 6.680347442626953125 6.6844415664672851563 6.6885352134704589844 6.6926293373107910156 6.6967234611511230469 6.6999998092651367188 6.6999998092651367188
6.6243505477905273438 6.644256591796875 6.6641626358032226563 6.6840686798095703125 6.6999998092651367188 6.6999998092651367188 6.6999998092651367188 6.6999998092651367188 6.6999998092651367188 6.7039752006530761719 6.723907470703125 6.743877410888671875 6.7638850212097167969 6.7839303016662597656 6.7999806404113769531 6.7998514175415039063 6.7996306419372558594 6.7991681098937988281 6.7975826263427734375 6.6105723381042480469 6.6019296646118164063 6.6010618209838867188 6.6007323265075683594 6.6005587577819824219 6.6044445037841796875 6.6243505477905273438 6.644256591796875 6.6641626358032226563 6.6840686798095703125 6.6999812126159667969 6.6998872756958007813 6.6997928619384765625 6.6996989250183105469 6.6996049880981445313 6.6995487213134765625 6.6996426582336425781 6.6997365951538085938 6.6998305320739746094 6.699924468994140625 6.6999998092651367188 6.6999998092651367188
6.6044635772705078125 6.6244635581970214844 6.6444635391235351563 6.6644635200500488281 6.6812496185302734375 6.6851558685302734375 6.6890616416931152344 6.6929678916931152344 6.6968736648559570313 6.7032132148742675781 6.7193074226379394531 6.7354016304016113281 6.751495361328125 6.767589569091796875 6.7804698944091796875 6.7804698944091796875 6.7804698944091796875 6.7804698944091796875 6.7804698944091796875 6.6195302009582519531 6.6195302009582519531 6.6195302009582519531 6.6195302009582519531 6.6195302009582519531 6.6219635009765625 6.634151458740234375 6.64633941650390625 6.658527374267578125 6.67071533203125 6.680469512939453125 6.680469512939453125 6.680469512939453125 6.680469512939453125 6.680469512939453125 6.680469512939453125 6.680469512939453125 6.680469512939453125 6.680469512939453125 6.680469512939453125 6.680469512939453125 6.680469512939453125
6.5844635963439941406 6.6044635772705078125 6.6244635581970214844 6.6444635391235351563 6.66204833984375 6.6699542999267578125 6.677860260009765625 6.6857662200927734375 6.6936726570129394531 6.7024145126342773438 6.7145085334777832031 6.7266025543212890625 6.7386965751647949219 6.7507905960083007813 6.7604699134826660156 6.7604699134826660156 6.7604699134826660156 6.7604699134826660156 6.7604699134826660156 6.639530181884765625 6.639530181884765625 6.639530181884765625 6.639530181884765625 6.639530181884765625 6.6403660774230957031 6.64455413818359375 6.6487421989440917969 6.6529302597045898438 6.6571178436279296875 6.6604695320129394531 6.6604695320129394531 6.6604695320129394531 6.6604695320129394531 6.6604695320129394531 6.6604695320129394531 6.6604695320129394531 6.6604695320129394531 6.6604695320129394531 6.6604695320129394531 6.6604695320129394531 6.6604695320129394531
6.5644636154174804688 6.5844635963439941406 6.6044635772705078125 6.6244635581970214844 6.6428470611572265625 6.6547532081604003906 6.6666593551635742188 6.6785650253295898438 6.6904711723327636719 6.7016158103942871094 6.7097101211547851563 6.717803955078125 6.7258982658386230469 6.7339920997619628906 6.7404699325561523438 6.7404699325561523438 6.7404699325561523438 6.7404699325561523438 6.7404699325561523438 6.6595301628112792969 6.6595301628112792969 6.6595301628112792969 6.6595301628112792969 6.6595301628112792969 6.6587686538696289063 6.654956817626953125 6.6511445045471191406 6.6473326683044433594 6.6435208320617675781 6.6404695510864257813 6.6404695510864257813 6.6404695510864257813 6.6404695510864257813 6.6404695510864257813 6.6404695510864257813 6.6404695510864257813 6.6404695510864257813 6.6404695510864257813 6.6404695510864257813 6.6404695510864257813 6.6404695510864257813
6.5444636344909667969 6.5644636154174804688 6.5844635963439941406 6.6044635772705078125 6.623645782470703125 6.6395516395568847656 6.6554579734802246094 6.67136383056640625 6.6872696876525878906 6.700817108154296875 6.7049112319946289063 6.7090053558349609375 6.7130994796752929688 6.7171931266784667969 6.7204699516296386719 6.7204699516296386719 6.7204699516296386719 6.7204699516296386719 6.7204699516296386719 6.6795301437377929688 6.6795301437377929688 6.6795301437377929688 6.6795301437377929688 6.6795301437377929688 6.6771712303161621094 6.6653594970703125 6.6535472869873046875 6.641735076904296875 6.6299233436584472656 6.6204695701599121094 6.6204695701599121094 6.6204695701599121094 6.6204695701599121094 6.6204695701599121094 6.6204695701599121094 6.6204695701599121094 6.6204695701599121094 6.6204695701599121094 6.6204695701599121094 6.6204695701599121094 6.6204695701599121094
6.524463653564453125 6.5444636344909667969 6.5644636154174804688 6.5844635963439941406 6.6044445037841796875 6.6243505477905273438 6.644256591796875 6.6641626358032226563 6.6840686798095703125 6.7000184059143066406 6.7001123428344726563 6.700206756591796875 6.7003006935119628906 6.7003946304321289063 6.7004694938659667969 6.7004694938659667969 6.7004694938659667969 6.7004694938659667969 6.7004694938659667969 6.6995301246643066406 6.6995301246643066406 6.6995301246643066406 6.6995301246643066406 6.6995301246643066406 6.6955738067626953125 6.6757616996765136719 6.6559500694274902344 6.6361379623413085938 6.6163258552551269531 6.6004695892333984375 6.6004695892333984375 6.6004695892333984375 6.6004695892333984375 6.6004695892333984375 6.6004695892333984375 6.6004695892333984375 6.6004695892333984375 6.6004695892333984375 6.6004695892333984375 6.6004695892333984375 6.6004695892333984375
