INPUT/RASTER/ASCII/pH.asc
ncols        225
nrows        269
xllcorner    473000.000000000000
yllcorner    4429100.000000000000
cellsize     50.000000000000
NODATA_value -9999
[rows 128 to 159 of 269, columns 146 to 218 of 225]
-9999 66 66 66 66 66 66 66 66 66 66 66 66 66 66 66 66 66 66 66 66 66 66 66 66 66 66 66 66 66 66 66 66 66.199676513671875 67 67 67 67 67 67 67 67 67 67 67 67 67 67 67 67 67 67 -9999 -9999 -9999 -9999 -9999 -9999 -9999 -9999 -9999 -9999 -9999 -9999 -9999 -9999 -9999 -9999 -9999 -9999 -9999 -9999 -9999
-9999 66 66 66 66 66 66 66 66 66 66 66 66 66 66 66 66 66 66 66 66 66 66 66 66 66 66 66 66 66 66 66 66 66.199676513671875 67 67 67 67 67 67 67 67 67 67 67 67 67 67 67 67 67 67 67 -9999 -9999 -9999 -9999 -9999 -9999 -9999 -9999 -9999 -9999 -9999 -9999 -9999 -9999 -9999 -9999 -9999 -9999 -9999 -9999
-9999 66 66 66 66 66 66 66 66 66 66 66 66 66 66 66 66 66 66 66 66 66 66 66 66 66 66 66 66 66 66 66 66 66.199676513671875 67 67 67 67 67 67 67 67 67 67 67 67 67 67 67 67 67 67 67 53.621707916259765625 0 0 -9999 -9999 -9999 -9999 -9999 -9999 -9999 -9999 -9999 -9999 -9999 -9999 -9999 -9999 -9999 -9999 -9999
-9999 66.97650146484375 66.97650146484375 66.78151702880859375 66 66 66 66 65.80501556396484375 65.02349853515625 65.02349853515625 65.02349853515625 65.02349853515625 65.21848297119140625 66 66 66 66 66 66 66 66 66 66 66 66 66 66 66 66 66 66 66 66.199676513671875 67 67 67 67 67 67 67 67 67 67 67 67 67 67 66.80501556396484375 66.02349853515625 66.02349853515625 66.02349853515625 66.02349853515625 65.70915985107421875 64.4492645263671875 64.4492645263671875 64.4492645263671875 -9999 -9999 -9999 -9999 -9999 -9999 -9999 -9999 -9999 -9999 -9999 -9999 -9999 -9999 -9999 -9999
-9999 -9999 67 -9999 -9999 -9999 -9999 66 65.800323486328125 65 65 65 65 65.199676513671875 66 66 66 66 66 66 66 66 66 66 66 66 66 66 66 66 66 66 66 66.199676513671875 67 67 67 67 67 67 67 67 67 67 67 67 67 67 66.800323486328125 66 66 66 66 66 66 66 66 -9999 -9999 -9999 -9999 -9999 -9999 -9999 -9999 -9999 -9999 -9999 -9999 -9999 -9999 -9999 -9999
-9999 -9999 -9999 -9999 -9999 -9999 -9999 -9999 65.800323486328125 65 65 65 65 65.199676513671875 66 66 66 66 66 66 66 66 66 66 66 66 66 66 66 66 66 66 66 66.199676513671875 67 67 67 67 67 67 67 67 67 67 67 67 67 67 66.800323486328125 66 66 66 66 66 66 66 66 -9999 -9999 -9999 -9999 -9999 -9999 -9999 -9999 -9999 -9999 -9999 -9999 -9999 -9999 -9999 -9999
-9999 -9999 -9999 -9999 -9999 -9999 -9999 -9999 65.800323486328125 65 65 65 65 65.199676513671875 66 66 66 66 66 66 66 66 66 66 66 66 66 66 66 66 66 66 66 66.199676513671875 67 67 67 67 67 67 67 67 67 67 67 67 67 67 66.800323486328125 66 66 66 66 66 66 66 66 -9999 -9999 -9999 -9999 -9999 -9999 -9999 -9999 -9999 -9999 -9999 -9999 -9999 -9999 -9999 -9999
-9999 -9999 -9999 -9999 -9999 -9999 -9999 -9999 65.800323486328125 65 65 65 65 65.199676513671875 66 66 66 66 66 66 66 66 66 66 66 66 66 66 66 66 66 66 66 66.199676513671875 67 67 67 67 67 67 67 67 67 67 67 67 67 67 66.800323486328125 66 66 66 66 66 66 66 66 66 -9999 -9999 -9999 -9999 -9999 -9999 -9999 -9999 -9999 -9999 -9999 -9999 -9999 -9999 -9999
-9999 -9999 -9999 -9999 -9999 -9999 -9999 -9999 66.1902923583984375 66.95301055908203125 66.95301055908203125 66.95301055908203125 66.95301055908203125 66.76271820068359375 66 66 66 66 66 66 66 66 66 66 66 66 66 66 66 66 66 66 66 65.8097076416015625 65.04698944091796875 65.04698944091796875 65.04698944091796875 65.04698944091796875 65.04698944091796875 65.04698944091796875 65.04698944091796875 65.04698944091796875 65.04698944091796875 65.241973876953125 66.02349853515625 66.02349853515625 66.02349853515625 66.02349853515625 65.62883758544921875 64.04698944091796875 64.04698944091796875 64.04698944091796875 64.04698944091796875 64.6319427490234375 66.97650146484375 66.97650146484375 66.97650146484375 66.97650146484375 66.4718780517578125 64.4492645263671875 64.4492645263671875 -9999 -9999 -9999 -9999 -9999 -9999 -9999 -9999 -9999 -9999 -9999 -9999
-9999 -9999 -9999 -9999 -9999 -9999 -9999 -9999 66.199676513671875 67 67 67 67 66.800323486328125 66 66 66 66 66 66 66 66 66 66 66 66 66 66 66 66 66 66 66 65.800323486328125 65 65 65 65 65 65 65 65 65 65.199676513671875 66 66 66 66 65.60064697265625 64 64 64 64 64.599029541015625 67 67 67 67 66.800323486328125 66 66 66 -9999 -9999 -9999 -9999 -9999 -9999 -9999 -9999 -9999 -9999 -9999
-9999 -9999 -9999 -9999 -9999 -9999 -9999 -9999 -9999 67 67 67 67 66.800323486328125 66 66 66 66 66 66 66 66 66 66 66 66 66 66 66 66 66 66 66 65.800323486328125 65 65 65 65 65 65 65 65 65 65.199676513671875 66 66 66 66 65.60064697265625 64 64 64 64 64.599029541015625 67 67 67 67 66.800323486328125 66 66 66 -9999 -9999 -9999 -9999 -9999 -9999 -9999 -9999 -9999 -9999 -9999
-9999 -9999 -9999 -9999 -9999 -9999 -9999 -9999 -9999 67 67 67 67 66.800323486328125 66 66 66 66 66 66 66 66 66 66 66 66 66 66 66 66 66 66 66 65.800323486328125 65 65 65 65 65 65 65 65 65 65.199676513671875 66 66 66 66 65.60064697265625 64 64 64 64 64.599029541015625 67 67 67 67 66.800323486328125 66 66 66 66 -9999 -9999 -9999 -9999 -9999 -9999 -9999 -9999 -9999 -9999
-9999 -9999 -9999 -9999 -9999 -9999 -9999 -9999 -9999 67 67 67 67 66.800323486328125 66 66 66 66 66 66 66 66 66 66 66 66 66 66 66 66 66 66 66 65.800323486328125 65 65 65 65 65 65 65 65 65 65.199676513671875 66 66 66 66 65.60064697265625 64 64 64 64 64.599029541015625 67 67 67 67 66.800323486328125 66 66 66 66 52.821384429931640625 -9999 -9999 -9999 -9999 -9999 -9999 -9999 -9999 -9999
-9999 -9999 -9999 -9999 -9999 -9999 -9999 -9999 -9999 -9999 65.04698944091796875 65.04698944091796875 65.04698944091796875 65.23728179931640625 66 66 66 66 66 66 66 66 66 66 66 66 66 66 66.19498443603515625 66.97650146484375 66.97650146484375 66.97650146484375 66.97650146484375 66.58184051513671875 65 65 65 65 65 65 65 65 65 64.8097076416015625 64.04698944091796875 64.04698944091796875 64.04698944091796875 64.04698944091796875 64.03760528564453125 64 64 64 64 64.01407623291015625 64.07048797607421875 64.07048797607421875 64.07048797607421875 64.07048797607421875 64.4557647705078125 66 66 66 66 65.88533782958984375 65.4257659912109375 -9999 -9999 -9999 -9999 -9999 -9999 -9999 -9999
-9999 -9999 -9999 -9999 -9999 -9999 -9999 -9999 -9999 -9999 65 65 65 65.199676513671875 66 66 66 66 66 66 66 66 66 66 66 66 66 66 66.199676513671875 67 67 67 67 66.60064697265625 65 65 65 65 65 65 65 65 65 64.800323486328125 64 64 64 64 64 64 64 64 64 64 64 64 64 64 64.39935302734375 66 66 66 66 66.199676513671875 67 67 -9999 -9999 -9999 -9999 -9999 -9999 -9999
-9999 -9999 -9999 -9999 -9999 -9999 -9999 -9999 -9999 -9999 65 65 65 65.199676513671875 66 66 66 66 66 66 66 66 66 66 66 66 66 66 66.199676513671875 67 67 67 67 66.60064697265625 65 65 65 65 65 65 65 65 65 64.800323486328125 64 64 64 64 64 64 64 64 64 64 64 64 64 64 64.39935302734375 66 66 66 66 66.199676513671875 67 67 -9999 -9999 -9999 -9999 -9999 -9999 -9999
-9999 -9999 -9999 -9999 -9999 -9999 -9999 -9999 -9999 -9999 65 65 65 65.199676513671875 66 66 66 66 66 66 66 66 66 66 66 66 66 66 66.199676513671875 67 67 67 67 66.60064697265625 65 65 65 65 65 65 65 65 65 64.800323486328125 64 64 64 64 64 64 64 64 64 64 64 64 64 64 64.39935302734375 66 66 66 66 66.199676513671875 -9999 -9999 -9999 -9999 -9999 -9999 -9999 -9999 -9999
-9999 -9999 -9999 -9999 -9999 -9999 -9999 -9999 -9999 -9999 65 65 65 65.199676513671875 66 66 66 66 66 66 66 66 66 66 66 66 66 66 66.199676513671875 67 67 67 67 66.60064697265625 65 65 65 65 65 65 65 65 65 64.800323486328125 64 64 64 64 64 64 64 64 64 64 64 64 64 64 64.39935302734375 66 66 66 66 -9999 -9999 -9999 -9999 -9999 -9999 -9999 -9999 -9999 -9999
-9999 -9999 -9999 -9999 -9999 -9999 -9999 -9999 -9999 -9999 65.97650146484375 65.97650146484375 65.97650146484375 66.176177978515625 66.97650146484375 66.97650146484375 66.97650146484375 66.97650146484375 66.78151702880859375 66 66 66 66 66 66 66 66 66 66.199676513671875 67 67 67 67 66.9906158447265625 66.95301055908203125 66.95301055908203125 66.95301055908203125 66.95301055908203125 66.95301055908203125 66.95301055908203125 66.95301055908203125 66.95301055908203125 66.95301055908203125 66.558349609375 64.97650146484375 64.97650146484375 64.97650146484375 64.97650146484375 64.78151702880859375 64 64 64 64 64.19498443603515625 64.97650146484375 64.97650146484375 64.97650146484375 64.97650146484375 65.3758544921875 66.97650146484375 66.97650146484375 66.97650146484375 66.97650146484375 66.98119354248046875 -9999 -9999 -9999 -9999 -9999 -9999 -9999 -9999 -9999
-9999 -9999 -9999 -9999 -9999 -9999 -9999 -9999 -9999 -9999 -9999 66 66 66.199676513671875 67 67 67 67 66.800323486328125 66 66 66 66 66 66 66 66 66 66.199676513671875 67 67 67 67 67 67 67 67 67 67 67 67 67 67 66.60064697265625 65 65 65 65 64.800323486328125 64 64 64 64 64.199676513671875 65 65 65 65 65.39935302734375 67 67 67 67 67 -9999 -9999 -9999 -9999 -9999 -9999 -9999 -9999 -9999
-9999 -9999 -9999 -9999 -9999 -9999 -9999 -9999 -9999 -9999 -9999 66 66 66.199676513671875 67 67 67 67 66.800323486328125 66 66 66 66 66 66 66 66 66 66.199676513671875 67 67 67 67 67 67 67 67 67 67 67 67 67 67 66.60064697265625 65 65 65 65 64.800323486328125 64 64 64 64 64.199676513671875 65 65 65 65 65.39935302734375 67 67 67 67 67 -9999 -9999 -9999 -9999 -9999 -9999 -9999 -9999 -9999
-9999 66 66 66 -9999 -9999 -9999 -9999 -9999 -9999 -9999 66 66 66.199676513671875 67 67 67 67 66.800323486328125 66 66 66 66 66 66 66 66 66 66.199676513671875 67 67 67 67 67 67 67 67 67 67 67 67 67 67 66.60064697265625 65 65 65 65 64.800323486328125 64 64 64 64 64.199676513671875 65 65 65 65 65.39935302734375 67 67 67 67 67 -9999 -9999 -9999 -9999 -9999 -9999 -9999 -9999 -9999
66 66 66 66 66 66 66 -9999 -9999 -9999 66 66 66 66.199676513671875 67 67 67 67 66.800323486328125 66 66 66 66 66 66 66 66 66 66.199676513671875 67 67 67 67 67 67 67 67 67 67 67 67 67 67 66.60064697265625 65 65 65 65 64.800323486328125 64 64 64 64 64.199676513671875 65 65 65 65 65.39935302734375 67 67 67 67 67 -9999 -9999 -9999 -9999 -9999 -9999 -9999 -9999 -9999
66 66 66 66 66 66 66 66 66.19498443603515625 66.97650146484375 66.97650146484375 66.97650146484375 66.97650146484375 66.98119354248046875 67 67 67 67 66.99530792236328125 66.97650146484375 66.97650146484375 66.97650146484375 66.97650146484375 66.78151702880859375 66 66 66 66 66.00469207763671875 66.02349853515625 66.02349853515625 66.02349853515625 66.02349853515625 66.02349853515625 66.02349853515625 66.02349853515625 66.02349853515625 66.02349853515625 66.21848297119140625 67 67 67 67 66.9906158447265625 66.95301055908203125 66.95301055908203125 66.95301055908203125 66.95301055908203125 66.558349609375 64.97650146484375 64.97650146484375 64.97650146484375 64.97650146484375 65.37116241455078125 66.95301055908203125 66.95301055908203125 66.95301055908203125 66.95301055908203125 66.7674102783203125 66.02349853515625 66.02349853515625 66.02349853515625 66.02349853515625 66.02349853515625 -9999 -9999 -9999 -9999 -9999 -9999 -9999 -9999 -9999
66 66 66 66 66 66 66 66 66.199676513671875 67 67 67 67 67 67 67 67 67 67 67 67 67 67 66.800323486328125 66 66 66 66 66 66 66 66 66 66 66 66 66 66 66.199676513671875 67 67 67 67 67 67 67 67 67 66.60064697265625 65 65 65 65 65.39935302734375 67 67 67 67 66.800323486328125 66 66 66 66 66 66 -9999 -9999 -9999 -9999 -9999 -9999 -9999 -9999
66 66 66 66 66 66 66 66 66.199676513671875 67 67 67 67 67 67 67 67 67 67 67 67 67 67 66.800323486328125 66 66 66 66 66 66 66 66 66 66 66 66 66 66 66.199676513671875 67 67 67 67 67 67 67 67 67 66.60064697265625 65 65 65 65 65.39935302734375 67 67 67 67 66.800323486328125 66 66 66 66 66 66 -9999 -9999 -9999 -9999 -9999 -9999 -9999 -9999
66 66 66 66 66 66 66 66 66.199676513671875 67 67 67 67 67 67 67 67 67 67 67 67 67 67 66.800323486328125 66 66 66 66 66 66 66 66 66 66 66 66 66 66 66.199676513671875 67 67 67 67 67 67 67 67 67 66.60064697265625 65 65 65 65 65.39935302734375 67 67 67 67 66.800323486328125 66 66 66 66 66 66 66 -9999 -9999 -9999 -9999 -9999 -9999 -9999
66 66 66 66 66 66 66 66 66.199676513671875 67 67 67 67 67 67 67 67 67 67 67 67 67 67 66.800323486328125 66 66 66 66 66 66 66 66 66 66 66 66 66 66 66.199676513671875 67 67 67 67 67 67 67 67 67 66.60064697265625 65 65 65 65 65.39935302734375 67 67 67 67 66.800323486328125 66 66 66 66 66 66 66 -9999 -9999 -9999 -9999 -9999 -9999 -9999
65.02349853515625 65.02349853515625 65.02349853515625 65.4134674072265625 66.97650146484375 66.97650146484375 66.97650146484375 66.97650146484375 66.98119354248046875 67 67 67 67 67 67 67 67 67 67.19498443603515625 67.97650146484375 67.97650146484375 67.97650146484375 67.97650146484375 67.776824951171875 66.97650146484375 66.97650146484375 66.97650146484375 66.97650146484375 66.97650146484375 66.97650146484375 66.97650146484375 66.97650146484375 66.97650146484375 66.97650146484375 66.97650146484375 66.97650146484375 66.97650146484375 66.97650146484375 66.98119354248046875 67 67 67 67 67 67 67 67 67 66.9906158447265625 66.95301055908203125 66.95301055908203125 66.95301055908203125 66.95301055908203125 66.7674102783203125 66.02349853515625 66.02349853515625 66.02349853515625 66.02349853515625 66.2137908935546875 66.97650146484375 66.97650146484375 66.97650146484375 66.97650146484375 66.78151702880859375 66 66 66 -9999 -9999 -9999 -9999 -9999 -9999
65 65 65 65.39935302734375 67 67 67 67 67 67 67 67 67 67 67 67 67 67 67.199676513671875 68 68 68 68 67.800323486328125 67 67 67 67 67 67 67 67 67 67 67 67 67 67 67 67 67 67 67 67 67 67 67 67 67 67 67 67 67 66.800323486328125 66 66 66 66 66.199676513671875 67 67 67 67 66.800323486328125 66 66 66 -9999 -9999 -9999 -9999 -9999 -9999
65 65 65 65.39935302734375 67 67 67 67 67 67 67 67 67 67 67 67 67 67 67.199676513671875 68 68 68 68 67.800323486328125 67 67 67 67 67 67 67 67 67 67 67 67 67 67 67 67 67 67 67 67 67 67 67 67 67 67 67 67 67 66.800323486328125 66 66 66 66 66.199676513671875 67 67 67 67 66.800323486328125 66 66 66 66 -9999 -9999 -9999 -9999 -9999
65 65 65 65.39935302734375 67 67 67 67 67 67 67 67 67 67 67 67 67 67 67.199676513671875 68 68 68 68 67.800323486328125 67 67 67 67 67 67 67 67 67 67 67 67 67 67 67 67 67 67 67 67 67 67 67 67 67 67 67 67 67 66.800323486328125 66 66 66 66 66.199676513671875 67 67 67 67 66.800323486328125 66 66 66 66 -9999 -9999 -9999 -9999 -9999
