INPUT/RASTER/ASCII/pH.asc
ncols        225
nrows        269
xllcorner    473009.983799999987
yllcorner    4429051.174800000153
cellsize     50.000000000000
NODATA_value  -9999
[rows 57 to 75 of 269, columns 0 to 40 of 225]
-9999 -9999 -9999 -9999 -9999 -9999 -9999 0 0 0 0 0 0 0 0 0 0 0.26075521111488342285 1.5651690959930419922 2.8671245574951171875 4.1666288375854492188 5.4636883735656738281 6.49602508544921875 6.4761190414428710938 6.4562134742736816406 6.4363074302673339844 6.4164013862609863281 6.4004888534545898438 6.4005827903747558594 6.400676727294921875 6.4007706642150878906 6.4008646011352539063 6.4049334526062011719 6.4249334335327148438 6.4449334144592285156 6.4649333953857421875 6.4849333763122558594 6.5048770904541015625 6.5245952606201171875 6.5443129539489746094 6.5640311241149902344
-9999 -9999 -9999 -9999 -9999 -9999 -9999 1.2499251365661621094 1.2499251365661621094 1.2499251365661621094 1.2499251365661621094 1.2499251365661621094 1.2507051229476928711 1.2546111345291137695 1.258517146110534668 1.2624231576919555664 1.2663291692733764648 1.4783380031585693359 2.5244469642639160156 3.5705559253692626953 4.616664886474609375 5.6627740859985351563 6.4967865943908691406 6.4806923866271972656 6.4645986557006835938 6.4485044479370117188 6.4324107170104980469 6.4187502861022949219 6.4148440361022949219 6.410938262939453125 6.407032012939453125 6.4031262397766113281 6.4039936065673828125 6.4239935874938964844 6.4439935684204101563 6.4639935493469238281 6.4839935302734375 6.5032134056091308594 6.5193076133728027344 6.5354013442993164063 6.5514955520629882813
-9999 -9999 -9999 -9999 -9999 -9999 -9999 2.5299251079559326172 2.5299251079559326172 2.5299251079559326172 2.5299251079559326172 2.5299251079559326172 2.5315039157867431641 2.5394098758697509766 2.5473158359527587891 2.5552217960357666016 2.5631277561187744141 2.7264223098754882813 3.512531280517578125 4.2986402511596679688 5.0847492218017578125 5.8708581924438476563 6.497585296630859375 6.4854912757873535156 6.4733972549438476563 6.4613032341003417969 6.4492092132568359375 6.4379515647888183594 6.4300456047058105469 6.4221396446228027344 6.4142336845397949219 6.4063272476196289063 6.4039936065673828125 6.4239935874938964844 6.4439935684204101563 6.4639935493469238281 6.4839935302734375 6.502414703369140625 6.5145087242126464844 6.5266027450561523438 6.5386967658996582031
-9999 -9999 -9999 -9999 -9999 -9999 -9999 3.809925079345703125 3.809925079345703125 3.809925079345703125 3.809925079345703125 3.809925079345703125 3.8123025894165039063 3.8242084980010986328 3.8361146450042724609 3.8480205535888671875 3.8599264621734619141 3.9745066165924072266 4.5006155967712402344 5.0267243385314941406 5.55283355712890625 6.0789422988891601563 6.4983839988708496094 6.4902896881103515625 6.4821958541870117188 6.474102020263671875 6.4660077095031738281 6.4571528434753417969 6.4452466964721679688 6.4333405494689941406 6.4214348793029785156 6.4095287322998046875 6.4039936065673828125 6.4239935874938964844 6.4439935684204101563 6.4639935493469238281 6.4839935302734375 6.5016160011291503906 6.5097103118896484375 6.5178041458129882813 6.525897979736328125
-9999 -9999 -9999 -9999 -9999 -9999 -9999 5.0899252891540527344 5.0899252891540527344 5.0899252891540527344 5.0899252891540527344 5.0899252891540527344 5.0931010246276855469 5.1090073585510253906 5.1249132156372070313 5.1408190727233886719 5.1567254066467285156 5.2225909233093261719 5.4886999130249023438 5.7548089027404785156 6.0209174156188964844 6.2870264053344726563 6.4991827011108398438 6.4950885772705078125 6.4909944534301757813 6.4869008064270019531 6.4828066825866699219 6.4763541221618652344 6.4604482650756835938 6.44454193115234375 6.4286360740661621094 6.4127302169799804688 6.4039936065673828125 6.4239935874938964844 6.4439935684204101563 6.4639935493469238281 6.4839935302734375 6.5008172988891601563 6.5049114227294921875 6.5090055465698242188 6.5130991935729980469
-9999 -9999 -9999 -9999 -9999 -9999 -9999 6.3699250221252441406 6.3699250221252441406 6.3699250221252441406 6.3699250221252441406 6.3699250221252441406 6.3738999366760253906 6.3938059806823730469 6.4137120246887207031 6.4336180686950683594 6.4535241127014160156 6.4706749916076660156 6.47678375244140625 6.4828929901123046875 6.4890017509460449219 6.4951109886169433594 6.4999814033508300781 6.4998874664306640625 6.4997930526733398438 6.4996991157531738281 6.4996051788330078125 6.4955554008483886719 6.4756493568420410156 6.4557433128356933594 6.4358372688293457031 6.4159312248229980469 6.4039936065673828125 6.4239935874938964844 6.4439935684204101563 6.4639935493469238281 6.4839935302734375 6.5000185966491699219 6.5001125335693359375 6.5002069473266601563 6.5003008842468261719
-9999 -9999 0 0 0 0 0 1.1271940469741821289 3.965923309326171875 5.1412587165832519531 5.7839460372924804688 6.1891808509826660156 6.4227437973022460938 6.4388375282287597656 6.4549317359924316406 6.4710254669189453125 6.4871196746826171875 6.5007801055908203125 6.5046858787536621094 6.5085921287536621094 6.5124979019165039063 6.5164041519165039063 6.5195302963256835938 6.5195302963256835938 6.5195302963256835938 6.5195302963256835938 6.5195302963256835938 6.5155363082885742188 6.4955363273620605469 6.475536346435546875 6.4555363655090332031 6.4355363845825195313 6.4219636917114257813 6.4341516494750976563 6.4463396072387695313 6.4585275650024414063 6.4707155227661132813 6.4812498092651367188 6.4851560592651367188 6.4890618324279785156 6.4929680824279785156
-9999 -9999 0 0 0 0 0 0.61309856176376342773 2.8591787815093994141 4.28376007080078125 5.2678570747375488281 5.9884128570556640625 6.4419450759887695313 6.4540390968322753906 6.46613311767578125 6.4782271385192871094 6.4903206825256347656 6.5015788078308105469 6.5094847679138183594 6.5173907279968261719 6.5252966880798339844 6.5332026481628417969 6.5395302772521972656 6.5395302772521972656 6.5395302772521972656 6.5395302772521972656 6.5395302772521972656 6.5355362892150878906 6.5155363082885742188 6.4955363273620605469 6.475536346435546875 6.4555363655090332031 6.4403662681579589844 6.4445543289184570313 6.4487423896789550781 6.452930450439453125 6.4571180343627929688 6.4620485305786132813 6.4699544906616210938 6.4778604507446289063 6.4857664108276367188
-9999 -9999 0 0 0 0 0 0.42187803983688354492 2.2383930683135986328 3.6746664047241210938 4.8387775421142578125 5.8013896942138671875 6.4611463546752929688 6.4692401885986328125 6.4773340225219726563 6.4854283332824707031 6.4935221672058105469 6.5023775100708007813 6.5142831802368164063 6.5261893272399902344 6.5380954742431640625 6.5500011444091796875 6.5595302581787109375 6.5595302581787109375 6.5595302581787109375 6.5595302581787109375 6.5595302581787109375 6.5555362701416015625 6.5355362892150878906 6.5155363082885742188 6.4955363273620605469 6.475536346435546875 6.4587688446044921875 6.4549570083618164063 6.4511446952819824219 6.4473328590393066406 6.4435210227966308594 6.4428472518920898438 6.4547533988952636719 6.4666595458984375 6.478565216064453125
-9999 -9999 0 0 0 0 0 0.32205253839492797852 1.8411169052124023438 3.2196946144104003906 4.4764132499694824219 5.6267466545104980469 6.4803476333618164063 6.4844417572021484375 6.4885354042053222656 6.4926295280456542969 6.4967236518859863281 6.5031762123107910156 6.5190820693969726563 6.5349879264831542969 6.5508942604064941406 6.5668001174926757813 6.5795302391052246094 6.5795302391052246094 6.5795302391052246094 6.5795302391052246094 6.5795302391052246094 6.5755362510681152344 6.5555362701416015625 6.5355362892150878906 6.5155363082885742188 6.4955363273620605469 6.4771714210510253906 6.4653596878051757813 6.4535474777221679688 6.4417352676391601563 6.4299235343933105469 6.4236459732055664063 6.4395518302917480469 6.4554581642150878906 6.4713640213012695313
-9999 -9999 0 0 0 0 0 0.26073634624481201172 1.5650559663772583008 2.8669173717498779297 4.1663274765014648438 5.4632935523986816406 6.4995489120483398438 6.4996428489685058594 6.499736785888671875 6.4998307228088378906 6.4999246597290039063 6.50397491455078125 6.5238809585571289063 6.5437865257263183594 6.5636925697326660156 6.5835986137390136719 6.5995302200317382813 6.5995302200317382813 6.5995302200317382813 6.5995302200317382813 6.5995302200317382813 6.5955362319946289063 6.5755362510681152344 6.5555362701416015625 6.5355362892150878906 6.5155363082885742188 6.4955739974975585938 6.4757618904113769531 6.4559502601623535156 6.436138153076171875 6.4163260459899902344 6.4044446945190429688 6.424350738525390625 6.4442567825317382813 6.4641628265380859375
-9999 -9999 0 0 0 0 0 0.25957879424095153809 1.5595787763595581055 2.8595788478851318359 4.1595788002014160156 5.4595789909362792969 6.5 6.5 6.5 6.5 6.5 6.5039935111999511719 6.5239934921264648438 6.5439934730529785156 6.5639934539794921875 6.5839934349060058594 6.5999999046325683594 6.5999999046325683594 6.5999999046325683594 6.5999999046325683594 6.5999999046325683594 6.5960063934326171875 6.5760064125061035156 6.5560064315795898438 6.5360064506530761719 6.5160064697265625 6.4960064888000488281 6.4760065078735351563 6.4560065269470214844 6.4360065460205078125 6.4160065650939941406 6.4039936065673828125 6.4239935874938964844 6.4439935684204101563 6.4639935493469238281
-9999 -9999 0 0 0 0 0 0.25957879424095153809 1.5595787763595581055 2.8595788478851318359 4.1595788002014160156 5.4595789909362792969 6.5 6.5 6.5 6.5 6.5 6.5039935111999511719 6.5239934921264648438 6.5439934730529785156 6.5639934539794921875 6.5839934349060058594 6.5999999046325683594 6.5999999046325683594 6.5999999046325683594 6.5999999046325683594 6.5999999046325683594 6.5960063934326171875 6.5760064125061035156 6.5560064315795898438 6.5360064506530761719 6.5160064697265625 6.4960064888000488281 6.4760065078735351563 6.4560065269470214844 6.4360065460205078125 6.4160065650939941406 6.4039936065673828125 6.4239935874938964844 6.4439935684204101563 6.4639935493469238281
-9999 -9999 0 0 0 0 0 0.25957879424095153809 1.5595787763595581055 2.8595788478851318359 4.1595788002014160156 5.4595789909362792969 6.5 6.5 6.5 6.5 6.5 6.5039935111999511719 6.5239934921264648438 6.5439934730529785156 6.5639934539794921875 6.5839934349060058594 6.5999999046325683594 6.5999999046325683594 6.5999999046325683594 6.5999999046325683594 6.5999999046325683594 6.5960063934326171875 6.5760064125061035156 6.5560064315795898438 6.5360064506530761719 6.5160064697265625 6.4960064888000488281 6.4760065078735351563 6.4560065269470214844 6.4360065460205078125 6.4160065650939941406 6.4039936065673828125 6.4239935874938964844 6.4439935684204101563 6.4639935493469238281
-9999 -9999 0 0 0 0 0 0.25957879424095153809 1.5595787763595581055 2.8595788478851318359 4.1595788002014160156 5.4595789909362792969 6.5 6.5 6.5 6.5 6.5 6.5039935111999511719 6.5239934921264648438 6.5439934730529785156 6.5639934539794921875 6.5839934349060058594 6.5999999046325683594 6.5999999046325683594 6.5999999046325683594 6.5999999046325683594 6.5999999046325683594 6.5960063934326171875 6.5760064125061035156 6.5560064315795898438 6.5360064506530761719 6.5160064697265625 6.4960064888000488281 6.4760065078735351563 6.4560065269470214844 6.4360065460205078125 6.4160065650939941406 6.4039936065673828125 6.4239935874938964844 6.4439935684204101563 6.4639935493469238281
-9999 -9999 0 0 0 0 0 0.25957879424095153809 1.5595787763595581055 2.8595788478851318359 4.1595788002014160156 5.4595789909362792969 6.5 6.5 6.5 6.5 6.5 6.5039935111999511719 6.5239934921264648438 6.5439934730529785156 6.5639934539794921875 6.5839934349060058594 6.5999999046325683594 6.5999999046325683594 6.5999999046325683594 6.5999999046325683594 6.5999999046325683594 6.5960063934326171875 6.5760064125061035156 6.5560064315795898438 6.5360064506530761719 6.5160064697265625 6.4960064888000488281 6.4760065078735351563 6.4560065269470214844 6.4360065460205078125 6.4160065650939941406 6.4039936065673828125 6.4239935874938964844 6.4439935684204101563 6.4639935493469238281
-9999 -9999 -9999 -9999 -9999 -9999 -9999 -9999 -9999 -9999 -9999 -9999 6.5 6.5 6.5 6.5 6.5 6.5049152374267578125 6.5281758308410644531 6.549396514892578125 6.5688338279724121094 6.5867037773132324219 6.5999999046325683594 6.5999999046325683594 6.5999999046325683594 6.5999999046325683594 6.5999999046325683594 6.5960063934326171875 6.5760064125061035156 6.5560064315795898438 6.5360064506530761719 6.5160064697265625 6.4960064888000488281 6.4760065078735351563 6.4560065269470214844 6.4360065460205078125 6.4160065650939941406 6.4039936065673828125 6.4239935874938964844 6.4439935684204101563 6.4639935493469238281
-9999 -9999 -9999 -9999 -9999 -9999 -9999 -9999 -9999 -9999 -9999 -9999 6.5 6.5 6.5 6.5 6.5 6.5064363479614257813 6.5342988967895507813 6.5565028190612792969 6.5746135711669921875 6.5896668434143066406 6.5999999046325683594 6.5999999046325683594 6.5999999046325683594 6.5999999046325683594 6.5999999046325683594 6.5960063934326171875 6.5760064125061035156 6.5560064315795898438 6.5360064506530761719 6.5160064697265625 6.4960064888000488281 6.4760065078735351563 6.4560065269470214844 6.4360065460205078125 6.4160065650939941406 6.4039936065673828125 6.4239935874938964844 6.4439935684204101563 6.4639935493469238281
-9999 -9999 -9999 -9999 -9999 -9999 -9999 -9999 -9999 -9999 -9999 -9999 6.5 6.5 6.5 6.5 6.5 6.5093202590942382813 6.5438213348388671875 6.5659976005554199219 6.5814523696899414063 6.5928397178649902344 6.5999999046325683594 6.5999999046325683594 6.5999999046325683594 6.5999999046325683594 6.5999999046325683594 6.5960063934326171875 6.5760064125061035156 6.5560064315795898438 6.5360064506530761719 6.5160064697265625 6.4960064888000488281 6.4760065078735351563 6.4560065269470214844 6.4360065460205078125 6.4160065650939941406 6.4039936065673828125 6.4239935874938964844 6.4439935684204101563 6.4639935493469238281
