INPUT/RASTER/ASCII/pH.asc
ncols        225
nrows        269
xllcorner    473000.000000000000
yllcorner    4429100.000000000000
cellsize     50.000000000000
NODATA_value -9999
[rows 160 to 191 of 269, columns 0 to 72 of 225]
-9999 -9999 -9999 -9999 -9999 -9999 -9999 -9999 -9999 67.400970458984375 65 65 65 65 65.39935302734375 67 67 67 67 66.800323486328125 66 66 66 66 66.199676513671875 67 67 67 67 67 67 67 67 67 67 67 67 67 67 67 67 67 67 67 66.800323486328125 66 66 66 66 66 66 66 66 66 66.199676513671875 67 67 67 67 66.800323486328125 66 66 66 66 66 66 66 66 66 66 66 66 66
-9999 -9999 -9999 -9999 -9999 -9999 -9999 -9999 -9999 64.27489471435546875 65 65 65 65 65.39935302734375 67 67 67 67 66.800323486328125 66 66 66 66 66.199676513671875 67 67 67 67 66.6100311279296875 65.04698944091796875 65.04698944091796875 65.04698944091796875 65.04698944091796875 65.43695831298828125 67 67 67 67 66.80501556396484375 66.02349853515625 66.02349853515625 66.02349853515625 66.02349853515625 66.2137908935546875 66.97650146484375 66.97650146484375 66.97650146484375 66.97650146484375 66.78151702880859375 66 66 66 66 66.00469207763671875 66.02349853515625 66.02349853515625 66.02349853515625 66.02349853515625 65.823822021484375 65.02349853515625 65.02349853515625 65.02349853515625 65.02349853515625 65.21848297119140625 66 66 66 66 66.19498443603515625 66.97650146484375 66.97650146484375 66.97650146484375
-9999 -9999 -9999 -9999 -9999 -9999 -9999 -9999 64 64.199676513671875 65 65 65 65 65.39935302734375 67 67 67 67 66.800323486328125 66 66 66 66 66.199676513671875 67 67 67 67 66.60064697265625 65 65 65 65 65.39935302734375 67 67 67 67 66.800323486328125 66 66 66 66 66.199676513671875 67 67 67 67 66.800323486328125 66 66 66 66 66 66 66 66 66 65.800323486328125 65 65 65 65 65.199676513671875 66 66 66 66 66.199676513671875 67 67 67
-9999 -9999 -9999 -9999 -9999 -9999 -9999 64 64 64.199676513671875 65 65 65 65 65.39935302734375 67 67 67 67 66.800323486328125 66 66 66 66 66.199676513671875 67 67 67 67 66.60064697265625 65 65 65 65 65.39935302734375 67 67 67 67 66.800323486328125 66 66 66 66 66.199676513671875 67 67 67 67 66.800323486328125 66 66 66 66 66 66 66 66 66 65.800323486328125 65 65 65 65 65.199676513671875 66 66 66 66 66.199676513671875 67 67 67
-9999 -9999 -9999 -9999 -9999 -9999 -9999 64 64 64.199676513671875 65 65 65 65 65.39935302734375 67 67 67 67 66.800323486328125 66 66 66 66 66.199676513671875 67 67 67 67 66.60064697265625 65 65 65 65 65.39935302734375 67 67 67 67 66.800323486328125 66 66 66 66 66.199676513671875 67 67 67 67 66.800323486328125 66 66 66 66 66 66 66 66 66 65.800323486328125 65 65 65 65 65.199676513671875 66 66 66 66 66.199676513671875 67 67 67
-9999 -9999 -9999 -9999 -9999 -9999 64 64 64 64.199676513671875 65 65 65 65 65.39935302734375 67 67 67 67 66.800323486328125 66 66 66 66 66.199676513671875 67 67 67 67 66.60064697265625 65 65 65 65 65.39935302734375 67 67 67 67 66.800323486328125 66 66 66 66 66.199676513671875 67 67 67 67 66.800323486328125 66 66 66 66 66 66 66 66 66 65.800323486328125 65 65 65 65 65.199676513671875 66 66 66 66 66.199676513671875 67 67 67
-9999 -9999 -9999 -9999 -9999 64 64 64 64 64.5896453857421875 66.95301055908203125 66.95301055908203125 66.95301055908203125 66.95301055908203125 66.96239471435546875 67 67 67 67 66.60533905029296875 65.02349853515625 65.02349853515625 65.02349853515625 65.02349853515625 65.02819061279296875 65.04698944091796875 65.04698944091796875 65.04698944091796875 65.04698944091796875 65.2325897216796875 65.97650146484375 65.97650146484375 65.97650146484375 65.97650146484375 66.18087005615234375 67 67 67 67 66.99530792236328125 66.97650146484375 66.97650146484375 66.97650146484375 66.97650146484375 66.7862091064453125 66.02349853515625 66.02349853515625 66.02349853515625 66.02349853515625 66.01880645751953125 66 66 66 66 66 66 66 66 66 66.1902923583984375 66.95301055908203125 66.95301055908203125 66.95301055908203125 66.95301055908203125 66.76271820068359375 66 66 66 66 66.199676513671875 67 67 67
-9999 -9999 -9999 -9999 -9999 64 64 64 64 64.599029541015625 67 67 67 67 67 67 67 67 67 66.60064697265625 65 65 65 65 65 65 65 65 65 65.199676513671875 66 66 66 66 66.199676513671875 67 67 67 67 67 67 67 67 67 66.800323486328125 66 66 66 66 66 66 66 66 66 66 66 66 66 66 66.199676513671875 67 67 67 67 66.800323486328125 66 66 66 66 66.199676513671875 67 67 67
-9999 -9999 -9999 -9999 -9999 64 64 64 64 64.599029541015625 67 67 67 67 67 67 67 67 67 66.60064697265625 65 65 65 65 65 65 65 65 65 65.199676513671875 66 66 66 66 66.199676513671875 67 67 67 67 67 67 67 67 67 66.800323486328125 66 66 66 66 66 66 66 66 66 66 66 66 66 66 66.199676513671875 67 67 67 67 66.800323486328125 66 66 66 66 66.199676513671875 67 67 67
-9999 -9999 -9999 -9999 -9999 64 64 64 64 64.599029541015625 67 67 67 67 67 67 67 67 67 66.60064697265625 65 65 65 65 65 65 65 65 65 65.199676513671875 66 66 66 66 66.199676513671875 67 67 67 67 67 67 67 67 67 66.800323486328125 66 66 66 66 66 66 66 66 66 66 66 66 66 66 66.199676513671875 67 67 67 67 66.800323486328125 66 66 66 66 66.199676513671875 67 67 67
-9999 -9999 -9999 -9999 12.779264450073242188 64 64 64 64 64.599029541015625 67 67 67 67 67 67 67 67 67 66.60064697265625 65 65 65 65 65 65 65 65 65 65.199676513671875 66 66 66 66 66.199676513671875 67 67 67 67 67 67 67 67 67 66.800323486328125 66 66 66 66 66 66 66 66 66 66 66 66 66 66 66.199676513671875 67 67 67 67 66.800323486328125 66 66 66 66 66.199676513671875 67 67 67
-9999 -9999 -9999 -9999 63.773021697998046875 64.97650146484375 64.97650146484375 64.97650146484375 64.97650146484375 65.1855621337890625 66.02349853515625 66.02349853515625 66.02349853515625 66.02349853515625 66.02349853515625 66.02349853515625 66.02349853515625 66.02349853515625 66.02349853515625 65.81912994384765625 65 65 65 65 65.19498443603515625 65.97650146484375 65.97650146484375 65.97650146484375 65.97650146484375 66.176177978515625 66.97650146484375 66.97650146484375 66.97650146484375 66.97650146484375 66.98119354248046875 67 67 67 67 67 67 67 67 67 66.60533905029296875 65.02349853515625 65.02349853515625 65.02349853515625 65.02349853515625 65.21848297119140625 66 66 66 66 66 66 66 66 66 66.199676513671875 67 67 67 67 66.99530792236328125 66.97650146484375 66.97650146484375 66.97650146484375 66.97650146484375 66.98119354248046875 67 67 67
-9999 -9999 -9999 -9999 65 65 65 65 65 65.199676513671875 66 66 66 66 66 66 66 66 66 65.800323486328125 65 65 65 65 65.199676513671875 66 66 66 66 66.199676513671875 67 67 67 67 67 67 67 67 67 67 67 67 67 67 66.60064697265625 65 65 65 65 65.199676513671875 66 66 66 66 66 66 66 66 66 66.199676513671875 67 67 67 67 67 67 67 67 67 67 67 67 67
-9999 -9999 -9999 -9999 65 65 65 65 65 65.199676513671875 66 66 66 66 66 66 66 66 66 65.800323486328125 65 65 65 65 65.199676513671875 66 66 66 66 66.199676513671875 67 67 67 67 67 67 67 67 67 67 67 67 67 67 66.60064697265625 65 65 65 65 65.199676513671875 66 66 66 66 66 66 66 66 66 66.199676513671875 67 67 67 67 67 67 67 67 67 67 67 67 67
-9999 -9999 -9999 -9999 65 65 65 65 65 65.199676513671875 66 66 66 66 66 66 66 66 66 65.800323486328125 65 65 65 65 65.199676513671875 66 66 66 66 66.199676513671875 67 67 67 67 67 67 67 67 67 67 67 67 67 67 66.60064697265625 65 65 65 65 65.199676513671875 66 66 66 66 66 66 66 66 66 66.199676513671875 67 67 67 67 67 67 67 67 67 67 67 67 67
-9999 -9999 -9999 65 65 65 65 65 65 65.199676513671875 66 66 66 66 66 66 66 66 66 65.800323486328125 65 65 65 65 65.199676513671875 66 66 66 66 66.199676513671875 67 67 67 67 67 67 67 67 67 67 67 67 67 67 66.60064697265625 65 65 65 65 65.199676513671875 66 66 66 66 66 66 66 66 66 66.199676513671875 67 67 67 67 67 67 67 67 67 67 67 67 67
64.02349853515625 64.02349853515625 64.02349853515625 64.02349853515625 64.4134674072265625 65.97650146484375 65.97650146484375 65.97650146484375 65.97650146484375 65.98119354248046875 66 66 66 66 66.19498443603515625 66.97650146484375 66.97650146484375 66.97650146484375 66.97650146484375 66.97180938720703125 66.95301055908203125 66.95301055908203125 66.95301055908203125 66.95301055908203125 67.15268707275390625 67.95301055908203125 67.95301055908203125 67.95301055908203125 67.95301055908203125 67.76271820068359375 67 67 67 67 67 67 67 67 67 67 67 67 67 67 66.9906158447265625 66.95301055908203125 66.95301055908203125 66.95301055908203125 66.95301055908203125 66.5677337646484375 65.02349853515625 65.02349853515625 65.02349853515625 65.02349853515625 65.4134674072265625 66.97650146484375 66.97650146484375 66.97650146484375 66.97650146484375 66.98119354248046875 67 67 67 67 67 67 67 67 67 67 67 67 67
-9999 64 64 64 64.39935302734375 66 66 66 66 66 66 66 66 66 66.199676513671875 67 67 67 67 67 67 67 67 67 67.199676513671875 68 68 68 68 67.800323486328125 67 67 67 67 67 67 67 67 67 67 67 67 67 67 67 67 67 67 67 66.60064697265625 65 65 65 65 65.39935302734375 67 67 67 67 67 67 67 67 67 67 67 67 67 67 67 67 67 67
-9999 -9999 64 64 64.39935302734375 66 66 66 66 66 66 66 66 66 66.199676513671875 67 67 67 67 67 67 67 67 67 67.199676513671875 68 68 68 68 67.800323486328125 67 67 67 67 67 67 67 67 67 67 67 67 67 67 67 67 67 67 67 66.60064697265625 65 65 65 65 65.39935302734375 67 67 67 67 67 67 67 67 67 67 67 67 67 67 67 67 67 67
-9999 -9999 -9999 64 64.39935302734375 66 66 66 66 66 66 66 66 66 66.199676513671875 67 67 67 67 67 67 67 67 67 67.199676513671875 68 68 68 68 67.800323486328125 67 67 67 67 67 67 67 67 67 67 67 67 67 67 67 67 67 67 67 66.60064697265625 65 65 65 65 65.39935302734375 67 67 67 67 67 67 67 67 67 67 67 67 67 67 67 67 67 67
-9999 -9999 -9999 -9999 64.39935302734375 66 66 66 66 66 66 66 66 66 66.199676513671875 67 67 67 67 67 67 67 67 67 67.199676513671875 68 68 68 68 67.800323486328125 67 67 67 67 67 67 67 67 67 67 67 67 67 67 67 67 67 67 67 66.60064697265625 65 65 65 65 65.39935302734375 67 67 67 67 67 67 67 67 67 67 67 67 67 67 67 67 67 67
-9999 -9999 -9999 -9999 66.7439117431640625 66 66 66 66 66.19498443603515625 66.97650146484375 66.97650146484375 66.97650146484375 66.97650146484375 66.98119354248046875 67 67 67 67 67 67 67 67 67 67.199676513671875 68 68 68 68 67.99530792236328125 67.97650146484375 67.97650146484375 67.97650146484375 67.97650146484375 67.78151702880859375 67 67 67 67 67 67 67 67 67 67 67 67 67 67 66.9906158447265625 66.95301055908203125 66.95301055908203125 66.95301055908203125 66.95301055908203125 66.96239471435546875 67 67 67 67 66.80501556396484375 66.02349853515625 66.02349853515625 66.02349853515625 66.02349853515625 66.02349853515625 66.02349853515625 66.02349853515625 66.02349853515625 66.02349853515625 66.21848297119140625 67 67 67
-9999 -9999 -9999 -9999 -9999 -9999 66 66 66 66.199676513671875 67 67 67 67 67 67 67 67 67 67 67 67 67 67 67.199676513671875 68 68 68 68 68 68 68 68 68 67.800323486328125 67 67 67 67 67 67 67 67 67 67 67 67 67 67 67 67 67 67 67 67 67 67 67 67 66.800323486328125 66 66 66 66 66 66 66 66 66 66.199676513671875 67 67 67
-9999 -9999 -9999 -9999 -9999 -9999 -9999 -9999 -9999 66.199676513671875 67 67 67 67 67 67 67 67 67 67 67 67 67 67 67.199676513671875 68 68 68 68 68 68 68 68 68 67.800323486328125 67 67 67 67 67 67 67 67 67 67 67 67 67 67 67 67 67 67 67 67 67 67 67 67 66.800323486328125 66 66 66 66 66 66 66 66 66 66.199676513671875 67 67 67
-9999 -9999 -9999 -9999 -9999 -9999 -9999 -9999 -9999 -9999 67 67 67 67 67 67 67 67 67 67 67 67 67 67 67.199676513671875 68 68 68 68 68 68 68 68 68 67.800323486328125 67 67 67 67 67 67 67 67 67 67 67 67 67 67 67 67 67 67 67 67 67 67 67 67 66.800323486328125 66 66 66 66 66 66 66 66 66 66.199676513671875 67 67 67
-9999 -9999 -9999 -9999 -9999 -9999 -9999 -9999 -9999 -9999 -9999 -9999 -9999 67 67 67 67 67 67 67 67 67 67 67 67.199676513671875 68 68 68 68 68 68 68 68 68 67.800323486328125 67 67 67 67 67 67 67 67 67 67 67 67 67 67 67 67 67 67 67 67 67 67 67 67 66.800323486328125 66 66 66 66 66 66 66 66 66 66.199676513671875 67 67 67
-9999 -9999 -9999 -9999 -9999 -9999 -9999 -9999 -9999 -9999 -9999 -9999 -9999 -9999 67 67 67 67 67 66.6100311279296875 65.04698944091796875 65.04698944091796875 65.04698944091796875 65.04698944091796875 65.441650390625 67.02349853515625 67.02349853515625 67.02349853515625 67.02349853515625 67.02349853515625 67.02349853515625 67.02349853515625 67.02349853515625 67.02349853515625 67.01880645751953125 67 67 67 67 66.80501556396484375 66.02349853515625 66.02349853515625 66.02349853515625 66.02349853515625 66.21848297119140625 67 67 67 67 66.80501556396484375 66.02349853515625 66.02349853515625 66.02349853515625 66.02349853515625 66.02349853515625 66.02349853515625 66.02349853515625 66.02349853515625 66.02349853515625 66.01880645751953125 66 66 66 66 66.19498443603515625 66.97650146484375 66.97650146484375 66.97650146484375 66.97650146484375 66.7862091064453125 66.02349853515625 66.02349853515625 66.02349853515625
-9999 -9999 -9999 -9999 -9999 -9999 -9999 -9999 -9999 -9999 -9999 -9999 -9999 -9999 -9999 67 67 67 67 66.60064697265625 65 65 65 65 65.39935302734375 67 67 67 67 67 67 67 67 67 67 67 67 67 67 66.800323486328125 66 66 66 66 66.199676513671875 67 67 67 67 66.800323486328125 66 66 66 66 66 66 66 66 66 66 66 66 66 66 66.199676513671875 67 67 67 67 66.800323486328125 66 66 66
-9999 -9999 -9999 -9999 -9999 -9999 -9999 -9999 -9999 -9999 -9999 -9999 -9999 -9999 -9999 67 67 67 67 66.60064697265625 65 65 65 65 65.39935302734375 67 67 67 67 67 67 67 67 67 67 67 67 67 67 66.800323486328125 66 66 66 66 66.199676513671875 67 67 67 67 66.800323486328125 66 66 66 66 66 66 66 66 66 66 66 66 66 66 66.199676513671875 67 67 67 67 66.800323486328125 66 66 66
-9999 -9999 -9999 -9999 -9999 -9999 -9999 -9999 -9999 -9999 -9999 -9999 -9999 -9999 -9999 -9999 67 67 67 66.60064697265625 65 65 65 65 65.39935302734375 67 67 67 67 67 67 67 67 67 67 67 67 67 67 66.800323486328125 66 66 66 66 66.199676513671875 67 67 67 67 66.800323486328125 66 66 66 66 66 66 66 66 66 66 66 66 66 66 66.199676513671875 67 67 67 67 66.800323486328125 66 66 66
-9999 -9999 -9999 -9999 -9999 -9999 -9999 -9999 -9999 -9999 -9999 -9999 -9999 -9999 -9999 67 67 67 67 66.60064697265625 65 65 65 65 65.39935302734375 67 67 67 67 67 67 67 67 67 67 67 67 67 67 66.800323486328125 66 66 66 66 66.199676513671875 67 67 67 67 66.800323486328125 66 66 66 66 66 66 66 66 66 66 66 66 66 66 66.199676513671875 67 67 67 67 66.800323486328125 66 66 66
-9999 -9999 -9999 -9999 -9999 -9999 -9999 -9999 -9999 -9999 -9999 -9999 -9999 -9999 -9999 67 67 67 67 66.9906158447265625 66.95301055908203125 66.95301055908203125 66.95301055908203125 66.95301055908203125 66.57242584228515625 65.04698944091796875 65.04698944091796875 65.04698944091796875 65.04698944091796875 65.43695831298828125 67 67 67 67 67 67 67 67 67 66.99530792236328125 66.97650146484375 66.97650146484375 66.97650146484375 66.97650146484375 66.59122467041015625 65.04698944091796875 65.04698944091796875 65.04698944091796875 65.04698944091796875 65.4322662353515625 66.97650146484375 66.97650146484375 66.97650146484375 66.97650146484375 66.97650146484375 66.97650146484375 66.97650146484375 66.97650146484375 66.97650146484375 66.78151702880859375 66 66 66 66 66.00469207763671875 66.02349853515625 66.02349853515625 66.02349853515625 66.02349853515625 66.01880645751953125 66 66 66
