INPUT/RASTER/ASCII/pH.asc
ncols        225
nrows        269
xllcorner    473009.983799999987
yllcorner    4429051.174800000153
cellsize     50.000000000000
NODATA_value  -9999
[rows 190 to 208 of 269, columns 0 to 40 of 225]
-9999 -9999 -9999 -9999 -9999 -9999 -9999 6.6999998092651367188 6.6999998092651367188 6.6999998092651367188 6.6999998092651367188 6.6999998092651367188 6.709320068359375 6.7438211441040039063 6.7659974098205566406 6.7814526557922363281 6.7928400039672851563 6.7967677116394042969 6.7805800437927246094 6.7643918991088867188 6.7482037544250488281 6.7320160865783691406 6.7159218788146972656 6.7002034187316894531 6.6844854354858398438 6.6687674522399902344 6.653049468994140625 6.6468405723571777344 6.6787467002868652344 6.7106528282165527344 6.7425589561462402344 6.7744650840759277344 6.7983841896057128906 6.7902898788452148438 6.782196044921875 6.7741017341613769531 6.7660079002380371094 6.757152557373046875 6.74524688720703125 6.7333407402038574219 6.7214345932006835938
-9999 -9999 -9999 -9999 -9999 -9999 -9999 6.6999998092651367188 6.6999998092651367188 6.6999998092651367188 6.6999998092651367188 6.6999998092651367188 6.7168889045715332031 6.7606635093688964844 6.7793278694152832031 6.7896718978881835938 6.796245574951171875 6.7983651161193847656 6.7901773452758789063 6.7819890975952148438 6.7738013267517089844 6.765613555908203125 6.7535257339477539063 6.7258076667785644531 6.698089599609375 6.6703715324401855469 6.6426534652709960938 6.6276392936706542969 6.6635456085205078125 6.699451446533203125 6.7353577613830566406 6.7712635993957519531 6.799182891845703125 6.7950887680053710938 6.7909946441650390625 6.7869005203247070313 6.7828068733215332031 6.7763543128967285156 6.7604479789733886719 6.7445421218872070313 6.7286357879638671875
-9999 -9999 -9999 -9999 -9999 -9999 -9999 6.6999998092651367188 6.6999998092651367188 6.6999998092651367188 6.6999998092651367188 6.6999998092651367188 6.7898497581481933594 6.7985334396362304688 6.7994055747985839844 6.7997364997863769531 6.7999105453491210938 6.7999625205993652344 6.7997746467590332031 6.7995867729187011719 6.7993988990783691406 6.7992105484008789063 6.7911295890808105469 6.75141143798828125 6.7116932868957519531 6.6719751358032226563 6.6322569847106933594 6.6084380149841308594 6.6483440399169921875 6.6882500648498535156 6.7281565666198730469 6.768062591552734375 6.7999815940856933594 6.7998876571655273438 6.799793243408203125 6.7996993064880371094 6.7996053695678710938 6.7955555915832519531 6.7756495475769042969 6.7557435035705566406 6.7358374595642089844
-9999 -9999 -9999 -9999 -9999 -9999 -9999 -9999 -9999 -9999 -9999 -9999 6.8000001907348632813 6.8000001907348632813 6.8000001907348632813 6.8000001907348632813 6.8000001907348632813 6.8000001907348632813 6.8000001907348632813 6.8000001907348632813 6.8000001907348632813 6.8000001907348632813 6.79279327392578125 6.7566990852355957031 6.7206048965454101563 6.6845107078552246094 6.6484169960021972656 6.6267371177673339844 6.6628313064575195313 6.698925018310546875 6.7350192070007324219 6.7711133956909179688 6.8000001907348632813 6.8000001907348632813 6.8000001907348632813 6.8000001907348632813 6.8000001907348632813 6.7952265739440917969 6.7713208198547363281 6.7474145889282226563 6.7235083580017089844
-9999 -9999 -9999 -9999 -9999 -9999 -9999 -9999 -9999 -9999 -9999 -9999 6.8000001907348632813 6.8000001907348632813 6.8000001907348632813 6.8000001907348632813 6.8000001907348632813 6.8000001907348632813 6.8000001907348632813 6.8000001907348632813 6.8000001907348632813 6.8000001907348632813 6.7935919761657714844 6.76149749755859375 6.7294034957885742188 6.6973094940185546875 6.6652154922485351563 6.6459383964538574219 6.6780323982238769531 6.7101263999938964844 6.7422204017639160156 6.7743144035339355469 6.8000001907348632813 6.8000001907348632813 6.8000001907348632813 6.8000001907348632813 6.8000001907348632813 6.7944278717041015625 6.7665219306945800781 6.7386159896850585938 6.7107095718383789063
-9999 -9999 -9999 -9999 -9999 -9999 -9999 -9999 -9999 -9999 -9999 -9999 6.8000001907348632813 6.8000001907348632813 6.8000001907348632813 6.8000001907348632813 6.8000001907348632813 6.8000001907348632813 6.8000001907348632813 6.8000001907348632813 6.8000001907348632813 6.8000001907348632813 6.7943906784057617188 6.76629638671875 6.7382025718688964844 6.7101082801818847656 6.68201446533203125 6.6651396751403808594 6.693233489990234375 6.7213277816772460938 6.7494215965270996094 6.7775158882141113281 6.8000001907348632813 6.8000001907348632813 6.8000001907348632813 6.8000001907348632813 6.8000001907348632813 6.7936291694641113281 6.7617230415344238281 6.7298169136047363281 6.6979112625122070313
-9999 -9999 -9999 -9999 -9999 -9999 -9999 -9999 -9999 -9999 -9999 -9999 6.8000001907348632813 6.8000001907348632813 6.8000001907348632813 6.8000001907348632813 6.8000001907348632813 6.8000001907348632813 6.8000001907348632813 6.8000001907348632813 6.8000001907348632813 6.8000001907348632813 6.7951893806457519531 6.77109527587890625 6.7470011711120605469 6.7229070663452148438 6.6988129615783691406 6.6843409538269042969 6.70843505859375 6.7325291633605957031 6.7566232681274414063 6.7807173728942871094 6.8000001907348632813 6.8000001907348632813 6.8000001907348632813 6.8000001907348632813 6.8000001907348632813 6.7928304672241210938 6.7569246292114257813 6.7210183143615722656 6.6851124763488769531
-9999 -9999 -9999 -9999 -9999 -9999 -9999 -9999 -9999 -9999 -9999 -9999 6.8000001907348632813 6.8000001907348632813 6.8000001907348632813 6.8000001907348632813 6.8000001907348632813 6.8000001907348632813 6.8000001907348632813 6.8000001907348632813 6.8000001907348632813 6.8000001907348632813 6.7959880828857421875 6.7758936882019042969 6.7557997703552246094 6.7357058525085449219 6.7156114578247070313 6.7035422325134277344 6.7236361503601074219 6.7437305450439453125 6.763824462890625 6.7839183807373046875 6.8000001907348632813 6.8000001907348632813 6.8000001907348632813 6.8000001907348632813 6.8000001907348632813 6.7920317649841308594 6.7521257400512695313 6.7122197151184082031 6.672313690185546875
-9999 -9999 -9999 -9999 -9999 -9999 -9999 -9999 -9999 -9999 -9999 -9999 -9999 -9999 -9999 -9999 -9999 6.8000001907348632813 6.8000001907348632813 6.8000001907348632813 6.8000001907348632813 6.8000001907348632813 6.7950849533081054688 6.771823883056640625 6.7506031990051269531 6.7311658859252929688 6.7132959365844726563 6.7039933204650878906 6.7239933013916015625 6.7439932823181152344 6.7639937400817871094 6.7839937210083007813 6.7992200851440429688 6.7953143119812011719 6.7914080619812011719 6.787502288818359375 6.783596038818359375 6.7732629776000976563 6.7371687889099121094 6.7010750770568847656 6.6649808883666992188
-9999 -9999 -9999 -9999 -9999 -9999 -9999 -9999 -9999 -9999 -9999 -9999 -9999 -9999 -9999 -9999 -9999 6.8000001907348632813 6.8000001907348632813 6.8000001907348632813 6.8000001907348632813 6.8000001907348632813 6.7935638427734375 6.7657012939453125 6.7434968948364257813 6.7253861427307128906 6.7103328704833984375 6.7039933204650878906 6.7239933013916015625 6.7439932823181152344 6.7639937400817871094 6.7839937210083007813 6.7984213829040527344 6.7905154228210449219 6.7826094627380371094 6.7747035026550292969 6.7667975425720214844 6.7540616989135742188 6.7219676971435546875 6.6898736953735351563 6.657779693603515625
-9999 -9999 -9999 -9999 -9999 -9999 -9999 -9999 -9999 -9999 -9999 -9999 -9999 -9999 -9999 -9999 -9999 6.8000001907348632813 6.8000001907348632813 6.8000001907348632813 6.8000001907348632813 6.8000001907348632813 6.790679931640625 6.7561788558959960938 6.7340025901794433594 6.7185473442077636719 6.7071599960327148438 6.7039933204650878906 6.7239933013916015625 6.7439932823181152344 6.7639937400817871094 6.7839937210083007813 6.7976226806640625 6.785717010498046875 6.7738108634948730469 6.7619047164916992188 6.7499985694885253906 6.7348604202270507813 6.7067661285400390625 6.6786723136901855469 6.6505780220031738281
-9999 -9999 -9999 -9999 -9999 -9999 -9999 -9999 -9999 -9999 -9999 -9999 -9999 -9999 -9999 -9999 -9999 6.8000001907348632813 6.8000001907348632813 6.8000001907348632813 6.8000001907348632813 6.8000001907348632813 6.7831110954284667969 6.7393364906311035156 6.7206721305847167969 6.7103281021118164063 6.703754425048828125 6.7039933204650878906 6.7239933013916015625 6.7439932823181152344 6.7639937400817871094 6.7839937210083007813 6.7968239784240722656 6.780918121337890625 6.7650117874145507813 6.7491059303283691406 6.7331995964050292969 6.7156586647033691406 6.6915650367736816406 6.6674709320068359375 6.6433768272399902344
-9999 -9999 -9999 -9999 -9999 -9999 -9999 -9999 -9999 -9999 -9999 -9999 -9999 -9999 -9999 -9999 -9999 6.8000001907348632813 6.8000001907348632813 6.8000001907348632813 6.8000001907348632813 6.8000001907348632813 6.7101502418518066406 6.7014665603637695313 6.7005944252014160156 6.7002635002136230469 6.7000894546508789063 6.7039933204650878906 6.7239933013916015625 6.7439932823181152344 6.7639937400817871094 6.7839937210083007813 6.7960252761840820313 6.776119232177734375 6.7562131881713867188 6.7363071441650390625 6.7164011001586914063 6.6964573860168457031 6.6763634681701660156 6.6562695503234863281 6.6361756324768066406
-9999 -9999 -9999 -9999 -9999 -9999 -9999 -9999 -9999 -9999 -9999 -9999 -9999 -9999 -9999 -9999 -9999 -9999 -9999 -9999 -9999 -9999 6.6999998092651367188 6.6999998092651367188 6.6999998092651367188 6.6999998092651367188 6.6999998092651367188 6.7049150466918945313 6.728176116943359375 6.7493968009948730469 6.7688341140747070313 6.7867040634155273438 6.7960066795349121094 6.7760066986083984375 6.7560067176818847656 6.7360062599182128906 6.7160062789916992188 6.6967864036560058594 6.6806921958923339844 6.6645984649658203125 6.6485042572021484375
-9999 -9999 -9999 -9999 -9999 -9999 -9999 -9999 -9999 -9999 -9999 -9999 -9999 -9999 -9999 -9999 -9999 -9999 -9999 -9999 -9999 -9999 6.6999998092651367188 6.6999998092651367188 6.6999998092651367188 6.6999998092651367188 6.6999998092651367188 6.7064361572265625 6.7342987060546875 6.7565031051635742188 6.7746138572692871094 6.7896671295166015625 6.7960066795349121094 6.7760066986083984375 6.7560067176818847656 6.7360062599182128906 6.7160062789916992188 6.6975851058959960938 6.6854910850524902344 6.673397064208984375 6.6613030433654785156
-9999 -9999 -9999 -9999 -9999 -9999 -9999 -9999 -9999 -9999 -9999 -9999 -9999 -9999 -9999 -9999 -9999 -9999 -9999 -9999 -9999 -9999 6.6999998092651367188 6.6999998092651367188 6.6999998092651367188 6.6999998092651367188 6.6999998092651367188 6.709320068359375 6.7438211441040039063 6.7659974098205566406 6.7814526557922363281 6.7928400039672851563 6.7960066795349121094 6.7760066986083984375 6.7560067176818847656 6.7360062599182128906 6.7160062789916992188 6.6983838081359863281 6.6902894973754882813 6.6821956634521484375 6.6741018295288085938
-9999 -9999 -9999 -9999 -9999 -9999 -9999 -9999 -9999 -9999 -9999 -9999 -9999 -9999 -9999 -9999 -9999 -9999 -9999 -9999 -9999 -9999 6.6999998092651367188 6.6999998092651367188 6.6999998092651367188 6.6999998092651367188 6.6999998092651367188 6.7168889045715332031 6.7606635093688964844 6.7793278694152832031 6.7896718978881835938 6.796245574951171875 6.7960066795349121094 6.7760066986083984375 6.7560067176818847656 6.7360062599182128906 6.7160062789916992188 6.6991825103759765625 6.6950883865356445313 6.6909942626953125 6.6869006156921386719
-9999 -9999 -9999 -9999 -9999 -9999 -9999 -9999 -9999 -9999 -9999 -9999 -9999 -9999 -9999 -9999 -9999 -9999 -9999 -9999 -9999 -9999 6.6999998092651367188 6.6999998092651367188 6.6999998092651367188 6.6999998092651367188 6.6999998092651367188 6.7898497581481933594 6.7985334396362304688 6.7994055747985839844 6.7997364997863769531 6.7999105453491210938 6.7960066795349121094 6.7760066986083984375 6.7560067176818847656 6.7360062599182128906 6.7160062789916992188 6.6999812126159667969 6.6998872756958007813 6.6997928619384765625 6.6996989250183105469
-9999 -9999 -9999 -9999 -9999 -9999 -9999 -9999 -9999 -9999 -9999 -9999 -9999 -9999 -9999 -9999 -9999 -9999 -9999 -9999 -9999 -9999 -9999 -9999 -9999 -9999 -9999 6.8000001907348632813 6.8000001907348632813 6.8000001907348632813 6.8000001907348632813 6.8000001907348632813 6.7960448265075683594 6.7773270606994628906 6.7602505683898925781 6.7446093559265136719 6.7302293777465820313 6.7195301055908203125 6.7195301055908203125 6.7195301055908203125 6.7195301055908203125
