INPUT/RASTER/ASCII/pH.asc
ncols        225
nrows        269
xllcorner    473000.000000000000
yllcorner    4429100.000000000000
cellsize     50.000000000000
NODATA_value -9999
[rows 96 to 127 of 269, columns 0 to 72 of 225]
-9999 -9999 -9999 -9999 -9999 -9999 -9999 -9999 -9999 -9999 -9999 -9999 63.472759246826171875 63.472759246826171875 63.472759246826171875 63.472759246826171875 63.472759246826171875 63.472759246826171875 63.472759246826171875 63.582729339599609375 64.02349853515625 64.02349853515625 64.02349853515625 64.02349853515625 63.71854400634765625 62.496257781982421875 62.496257781982421875 62.496257781982421875 62.496257781982421875 62.99619293212890625 65 65 65 65 65.00469207763671875 65.02349853515625 65.02349853515625 65.02349853515625 65.02349853515625 65.21848297119140625 66 66 66 66 65.800323486328125 65 65 65 65 65.19498443603515625 65.97650146484375 65.97650146484375 65.97650146484375 65.97650146484375 65.78151702880859375 65 65 65 65 65 65 65 65 65 65.19498443603515625 65.97650146484375 65.97650146484375 65.97650146484375 65.97650146484375 65.7862091064453125 65.02349853515625 65.02349853515625 65.02349853515625
-9999 -9999 -9999 -9999 -9999 -9999 -9999 -9999 -9999 -9999 -9999 65 65 65 65 65 65 65 65 64.800323486328125 64 64 64 64 64 64 64 64 64 64.199676513671875 65 65 65 65 65 65 65 65 65 65.199676513671875 66 66 66 66 65.800323486328125 65 65 65 65 65.199676513671875 66 66 66 66 65.800323486328125 65 65 65 65 65 65 65 65 65 65.199676513671875 66 66 66 66 65.800323486328125 65 65 65
-9999 -9999 -9999 -9999 -9999 -9999 -9999 -9999 -9999 -9999 -9999 65 65 65 65 65 65 65 65 64.800323486328125 64 64 64 64 64 64 64 64 64 64.199676513671875 65 65 65 65 65 65 65 65 65 65.199676513671875 66 66 66 66 65.800323486328125 65 65 65 65 65.199676513671875 66 66 66 66 65.800323486328125 65 65 65 65 65 65 65 65 65 65.199676513671875 66 66 66 66 65.800323486328125 65 65 65
-9999 -9999 -9999 -9999 -9999 -9999 -9999 -9999 -9999 -9999 -9999 65 65 65 65 65 65 65 65 64.800323486328125 64 64 64 64 64 64 64 64 64 64.199676513671875 65 65 65 65 65 65 65 65 65 65.199676513671875 66 66 66 66 65.800323486328125 65 65 65 65 65.199676513671875 66 66 66 66 65.800323486328125 65 65 65 65 65 65 65 65 65 65.199676513671875 66 66 66 66 65.800323486328125 65 65 65
-9999 -9999 -9999 -9999 -9999 -9999 -9999 -9999 -9999 -9999 -9999 65 65 65 65 65 65 65 65 64.800323486328125 64 64 64 64 64 64 64 64 64 64.199676513671875 65 65 65 65 65 65 65 65 65 65.199676513671875 66 66 66 66 65.800323486328125 65 65 65 65 65.199676513671875 66 66 66 66 65.800323486328125 65 65 65 65 65 65 65 65 65 65.199676513671875 66 66 66 66 65.800323486328125 65 65 65
-9999 -9999 -9999 -9999 -9999 -9999 -9999 -9999 -9999 -9999 -9999 64.02349853515625 64.02349853515625 64.02349853515625 64.21848297119140625 65 65 65 65 64.99530792236328125 64.97650146484375 64.97650146484375 64.97650146484375 64.97650146484375 64.97650146484375 64.97650146484375 64.97650146484375 64.97650146484375 64.97650146484375 65.176177978515625 65.97650146484375 65.97650146484375 65.97650146484375 65.97650146484375 65.97650146484375 65.97650146484375 65.97650146484375 65.97650146484375 65.97650146484375 65.7862091064453125 65.02349853515625 65.02349853515625 65.02349853515625 65.02349853515625 65.01880645751953125 65 65 65 65 65.00469207763671875 65.02349853515625 65.02349853515625 65.02349853515625 65.02349853515625 65.01880645751953125 65 65 65 65 65 65 65 65 65 65.199676513671875 66 66 66 66 65.99530792236328125 65.97650146484375 65.97650146484375 65.97650146484375
-9999 -9999 -9999 -9999 -9999 -9999 -9999 -9999 -9999 -9999 -9999 64 64 64 64.199676513671875 65 65 65 65 65 65 65 65 65 65 65 65 65 65 65.199676513671875 66 66 66 66 66 66 66 66 66 65.800323486328125 65 65 65 65 65 65 65 65 65 65 65 65 65 65 65 65 65 65 65 65 65 65 65 65 65.199676513671875 66 66 66 66 66 66 66 66
-9999 -9999 -9999 -9999 -9999 -9999 -9999 -9999 -9999 -9999 -9999 64 64 64 64.199676513671875 65 65 65 65 65 65 65 65 65 65 65 65 65 65 65.199676513671875 66 66 66 66 66 66 66 66 66 65.800323486328125 65 65 65 65 65 65 65 65 65 65 65 65 65 65 65 65 65 65 65 65 65 65 65 65 65.199676513671875 66 66 66 66 66 66 66 66
-9999 -9999 -9999 -9999 -9999 -9999 -9999 -9999 -9999 -9999 -9999 64 64 64 64.199676513671875 65 65 65 65 65 65 65 65 65 65 65 65 65 65 65.199676513671875 66 66 66 66 66 66 66 66 66 65.800323486328125 65 65 65 65 65 65 65 65 65 65 65 65 65 65 65 65 65 65 65 65 65 65 65 65 65.199676513671875 66 66 66 66 66 66 66 66
-9999 -9999 -9999 -9999 -9999 -9999 -9999 -9999 -9999 -9999 -9999 64 64 64 64.199676513671875 65 65 65 65 65 65 65 65 65 65 65 65 65 65 65.199676513671875 66 66 66 66 66 66 66 66 66 65.800323486328125 65 65 65 65 65 65 65 65 65 65 65 65 65 65 65 65 65 65 65 65 65 65 65 65 65.199676513671875 66 66 66 66 66 66 66 66
-9999 -9999 -9999 -9999 -9999 -9999 -9999 -9999 -9999 -9999 -9999 64.97650146484375 64.97650146484375 64.97650146484375 64.98119354248046875 65 65 65 65 65 65 65 65 65 65 65 65 65 65 65.199676513671875 66 66 66 66 65.80501556396484375 65.02349853515625 65.02349853515625 65.02349853515625 65.02349853515625 65.01880645751953125 65 65 65 65 65 65 65 65 65 65 65 65 65 65 65.19498443603515625 65.97650146484375 65.97650146484375 65.97650146484375 65.97650146484375 65.97650146484375 65.97650146484375 65.97650146484375 65.97650146484375 65.97650146484375 65.98119354248046875 66 66 66 66 65.80501556396484375 65.02349853515625 65.02349853515625 65.02349853515625
-9999 -9999 -9999 -9999 -9999 -9999 -9999 -9999 -9999 -9999 -9999 65 65 65 65 65 65 65 65 65 65 65 65 65 65 65 65 65 65 65.199676513671875 66 66 66 66 65.800323486328125 65 65 65 65 65 65 65 65 65 65 65 65 65 65 65 65 65 65 65 65.199676513671875 66 66 66 66 66 66 66 66 66 66 66 66 66 66 65.800323486328125 65 65 65
-9999 -9999 -9999 -9999 -9999 -9999 -9999 -9999 -9999 -9999 -9999 65 65 65 65 65 65 65 65 65 65 65 65 65 65 65 65 65 65 65.199676513671875 66 66 66 66 65.800323486328125 65 65 65 65 65 65 65 65 65 65 65 65 65 65 65 65 65 65 65 65.199676513671875 66 66 66 66 66 66 66 66 66 66 66 66 66 66 65.800323486328125 65 65 65
-9999 -9999 -9999 -9999 -9999 -9999 -9999 -9999 -9999 -9999 65 65 65 65 65 65 65 65 65 65 65 65 65 65 65 65 65 65 65 65.199676513671875 66 66 66 66 65.800323486328125 65 65 65 65 65 65 65 65 65 65 65 65 65 65 65 65 65 65 65 65.199676513671875 66 66 66 66 66 66 66 66 66 66 66 66 66 66 65.800323486328125 65 65 65
-9999 -9999 -9999 -9999 -9999 -9999 -9999 -9999 -9999 -9999 65 65 65 65 65 65 65 65 65 65 65 65 65 65 65 65 65 65 65 65.199676513671875 66 66 66 66 65.800323486328125 65 65 65 65 65 65 65 65 65 65 65 65 65 65 65 65 65 65 65 65.199676513671875 66 66 66 66 66 66 66 66 66 66 66 66 66 66 65.800323486328125 65 65 65
-9999 -9999 -9999 -9999 -9999 -9999 -9999 -9999 -9999 63.777713775634765625 65 65 65 65 65.19498443603515625 65.97650146484375 65.97650146484375 65.97650146484375 65.97650146484375 65.97650146484375 65.97650146484375 65.97650146484375 65.97650146484375 65.97650146484375 65.97650146484375 65.97650146484375 65.97650146484375 65.97650146484375 65.97650146484375 65.98119354248046875 66 66 66 66 65.99530792236328125 65.97650146484375 65.97650146484375 65.97650146484375 65.97650146484375 65.97650146484375 65.97650146484375 65.97650146484375 65.97650146484375 65.97650146484375 65.97650146484375 65.97650146484375 65.97650146484375 65.97650146484375 65.97650146484375 65.78151702880859375 65 65 65 65 65.199676513671875 66 66 66 66 66 66 66 66 66 66 66 66 66 66 65.99530792236328125 65.97650146484375 65.97650146484375 65.97650146484375
-9999 -9999 -9999 -9999 -9999 -9999 -9999 -9999 65 65 65 65 65 65 65.199676513671875 66 66 66 66 66 66 66 66 66 66 66 66 66 66 66 66 66 66 66 66 66 66 66 66 66 66 66 66 66 66 66 66 66 66 65.800323486328125 65 65 65 65 65.199676513671875 66 66 66 66 66 66 66 66 66 66 66 66 66 66 66 66 66 66
-9999 -9999 -9999 -9999 -9999 -9999 -9999 -9999 65 65 65 65 65 65 65.199676513671875 66 66 66 66 66 66 66 66 66 66 66 66 66 66 66 66 66 66 66 66 66 66 66 66 66 66 66 66 66 66 66 66 66 66 65.800323486328125 65 65 65 65 65.199676513671875 66 66 66 66 66 66 66 66 66 66 66 66 66 66 66 66 66 66
-9999 -9999 -9999 -9999 -9999 -9999 -9999 -9999 65 65 65 65 65 65 65.199676513671875 66 66 66 66 66 66 66 66 66 66 66 66 66 66 66 66 66 66 66 66 66 66 66 66 66 66 66 66 66 66 66 66 66 66 65.800323486328125 65 65 65 65 65.199676513671875 66 66 66 66 66 66 66 66 66 66 66 66 66 66 66 66 66 66
-9999 -9999 -9999 -9999 -9999 -9999 -9999 65 65 65 65 65 65 65 65.199676513671875 66 66 66 66 66 66 66 66 66 66 66 66 66 66 66 66 66 66 66 66 66 66 66 66 66 66 66 66 66 66 66 66 66 66 65.800323486328125 65 65 65 65 65.199676513671875 66 66 66 66 66 66 66 66 66 66 66 66 66 66 66 66 66 66
-9999 -9999 -9999 -9999 -9999 -9999 65.97650146484375 65.97650146484375 65.97650146484375 65.97650146484375 65.97650146484375 65.97650146484375 65.97650146484375 65.97650146484375 66.176177978515625 66.97650146484375 66.97650146484375 66.97650146484375 66.97650146484375 66.97650146484375 66.97650146484375 66.97650146484375 66.97650146484375 66.97650146484375 66.5865325927734375 65.02349853515625 65.02349853515625 65.02349853515625 65.02349853515625 65.21848297119140625 66 66 66 66 65.80501556396484375 65.02349853515625 65.02349853515625 65.02349853515625 65.02349853515625 65.02349853515625 65.02349853515625 65.02349853515625 65.02349853515625 65.02349853515625 65.21848297119140625 66 66 66 66 65.99530792236328125 65.97650146484375 65.97650146484375 65.97650146484375 65.97650146484375 65.98119354248046875 66 66 66 66 66 66 66 66 66 66 66 66 66 66 66 66 66 66
-9999 -9999 -9999 -9999 -9999 -9999 -9999 66 66 66 66 66 66 66 66.199676513671875 67 67 67 67 67 67 67 67 67 66.60064697265625 65 65 65 65 65.199676513671875 66 66 66 66 65.800323486328125 65 65 65 65 65 65 65 65 65 65.199676513671875 66 66 66 66 66 66 66 66 66 66 66 66 66 66 66 66 66 66 66 66 66 66 66 66 66 66 66 66
-9999 -9999 -9999 -9999 -9999 -9999 -9999 -9999 66 66 66 66 66 66 66.199676513671875 67 67 67 67 67 67 67 67 67 66.60064697265625 65 65 65 65 65.199676513671875 66 66 66 66 65.800323486328125 65 65 65 65 65 65 65 65 65 65.199676513671875 66 66 66 66 66 66 66 66 66 66 66 66 66 66 66 66 66 66 66 66 66 66 66 66 66 66 66 66
-9999 -9999 -9999 -9999 -9999 -9999 -9999 -9999 -9999 66 66 66 66 66 66.199676513671875 67 67 67 67 67 67 67 67 67 66.60064697265625 65 65 65 65 65.199676513671875 66 66 66 66 65.800323486328125 65 65 65 65 65 65 65 65 65 65.199676513671875 66 66 66 66 66 66 66 66 66 66 66 66 66 66 66 66 66 66 66 66 66 66 66 66 66 66 66 66
-9999 -9999 -9999 -9999 -9999 -9999 -9999 -9999 -9999 -9999 66 66 66 66 66.199676513671875 67 67 67 67 67 67 67 67 67 66.60064697265625 65 65 65 65 65.199676513671875 66 66 66 66 65.800323486328125 65 65 65 65 65 65 65 65 65 65.199676513671875 66 66 66 66 66 66 66 66 66 66 66 66 66 66 66 66 66 66 66 66 66 66 66 66 66 66 66 66
-9999 -9999 -9999 -9999 -9999 -9999 -9999 -9999 -9999 -9999 -9999 66 66 66 66.00469207763671875 66.02349853515625 66.02349853515625 66.02349853515625 66.02349853515625 66.21848297119140625 67 67 67 67 66.79563140869140625 65.97650146484375 65.97650146484375 65.97650146484375 65.97650146484375 65.59122467041015625 64.04698944091796875 64.04698944091796875 64.04698944091796875 64.04698944091796875 64.4322662353515625 65.97650146484375 65.97650146484375 65.97650146484375 65.97650146484375 65.97650146484375 65.97650146484375 65.97650146484375 65.97650146484375 65.97650146484375 65.7862091064453125 65.02349853515625 65.02349853515625 65.02349853515625 65.02349853515625 65.21848297119140625 66 66 66 66 66 66 66 66 66 66 66 66 66 66 65.80501556396484375 65.02349853515625 65.02349853515625 65.02349853515625 65.02349853515625 65.02349853515625 65.02349853515625 65.02349853515625 65.02349853515625
-9999 -9999 -9999 -9999 -9999 -9999 -9999 -9999 -9999 -9999 -9999 -9999 66 66 66 66 66 66 66 66.199676513671875 67 67 67 67 66.800323486328125 66 66 66 66 65.60064697265625 64 64 64 64 64.39935302734375 66 66 66 66 66 66 66 66 66 65.800323486328125 65 65 65 65 65.199676513671875 66 66 66 66 66 66 66 66 66 66 66 66 66 66 65.800323486328125 65 65 65 65 65 65 65 65
-9999 -9999 -9999 -9999 -9999 -9999 -9999 -9999 -9999 -9999 -9999 -9999 66 66 66 66 66 66 66 66.199676513671875 67 67 67 67 66.800323486328125 66 66 66 66 65.60064697265625 64 64 64 64 64.39935302734375 66 66 66 66 66 66 66 66 66 65.800323486328125 65 65 65 65 65.199676513671875 66 66 66 66 66 66 66 66 66 66 66 66 66 66 65.800323486328125 65 65 65 65 65 65 65 65
-9999 -9999 -9999 -9999 -9999 -9999 -9999 -9999 -9999 -9999 -9999 -9999 -9999 66 66 66 66 66 66 66.199676513671875 67 67 67 67 66.800323486328125 66 66 66 66 65.60064697265625 64 64 64 64 64.39935302734375 66 66 66 66 66 66 66 66 66 65.800323486328125 65 65 65 65 65.199676513671875 66 66 66 66 66 66 66 66 66 66 66 66 66 66 65.800323486328125 65 65 65 65 65 65 65 65
-9999 -9999 -9999 -9999 -9999 -9999 -9999 -9999 -9999 -9999 -9999 -9999 -9999 -9999 66 66 66 66 66 66.199676513671875 67 67 67 67 66.800323486328125 66 66 66 66 65.60064697265625 64 64 64 64 64.39935302734375 66 66 66 66 66 66 66 66 66 65.800323486328125 65 65 65 65 65.199676513671875 66 66 66 66 66 66 66 66 66 66 66 66 66 66 65.800323486328125 65 65 65 65 65 65 65 65
-9999 -9999 -9999 -9999 -9999 -9999 -9999 -9999 -9999 -9999 -9999 -9999 -9999 -9999 65.80501556396484375 65.02349853515625 65.02349853515625 65.02349853515625 65.02349853515625 65.41815948486328125 67 67 67 67 66.800323486328125 66 66 66 66 65.60064697265625 64 64 64 64 64.39935302734375 66 66 66 66 66 66 66 66 66 65.800323486328125 65 65 65 65 65.00469207763671875 65.02349853515625 65.02349853515625 65.02349853515625 65.02349853515625 65.02349853515625 65.02349853515625 65.02349853515625 65.02349853515625 65.02349853515625 65.02349853515625 65.02349853515625 65.02349853515625 65.02349853515625 65.02349853515625 65.01880645751953125 65 65 65 65 65.19498443603515625 65.97650146484375 65.97650146484375 65.97650146484375
-9999 -9999 -9999 -9999 -9999 -9999 -9999 -9999 -9999 -9999 -9999 -9999 -9999 -9999 65.800323486328125 65 65 65 65 65.39935302734375 67 67 67 67 66.800323486328125 66 66 66 66 65.60064697265625 64 64 64 64 64.39935302734375 66 66 66 66 66 66 66 66 66 65.800323486328125 65 65 65 65 65 65 65 65 65 65 65 65 65 65 65 65 65 65 65 65 65 65 65 65 65.199676513671875 66 66 66
