INPUT/RASTER/ASCII/pH.asc
ncols        225
nrows        269
xllcorner    473000.000000000000
yllcorner    4429100.000000000000
cellsize     50.000000000000
NODATA_value -9999
[rows 192 to 223 of 269, columns 73 to 145 of 225]
66 66 66 66 66 66 66.199676513671875 67 67 67 67 67 67 67 67 67 66.800323486328125 66 66 66 66 66 66 66 66 66 66.199676513671875 67 67 67 67 67 67 67 67 67 67.199676513671875 68 68 68 68 68 68 68 68 68 67.800323486328125 67 67 67 67 67.199676513671875 68 68 68 68 68 68 68 68 68 67.800323486328125 67 67 67 67 66.800323486328125 66 66 66 66 66.199676513671875 67
66 66 66 66 66 66 66.199676513671875 67 67 67 67 67 67 67 67 67 66.800323486328125 66 66 66 66 66 66 66 66 66 66.199676513671875 67 67 67 67 67 67 67 67 67 67.199676513671875 68 68 68 68 68 68 68 68 68 67.800323486328125 67 67 67 67 67.199676513671875 68 68 68 68 68 68 68 68 68 67.800323486328125 67 67 67 67 66.800323486328125 66 66 66 66 66.199676513671875 67
66 66 66 66 66 66 66.199676513671875 67 67 67 67 67 67 67 67 67 66.800323486328125 66 66 66 66 66 66 66 66 66 66.199676513671875 67 67 67 67 67 67 67 67 67 67.199676513671875 68 68 68 68 68 68 68 68 68 67.800323486328125 67 67 67 67 67.199676513671875 68 68 68 68 68 68 68 68 68 67.800323486328125 67 67 67 67 66.800323486328125 66 66 66 66 66.199676513671875 67
66 66 66 66 66 66 66.199676513671875 67 67 67 67 67 67 67 67 67 66.800323486328125 66 66 66 66 66 66 66 66 66 66.199676513671875 67 67 67 67 67 67 67 67 67 67.199676513671875 68 68 68 68 68 68 68 68 68 67.800323486328125 67 67 67 67 67.199676513671875 68 68 68 68 68 68 68 68 68 67.800323486328125 67 67 67 67 66.800323486328125 66 66 66 66 66.199676513671875 67
66 66.19498443603515625 66.97650146484375 66.97650146484375 66.97650146484375 66.97650146484375 66.7862091064453125 66.02349853515625 66.02349853515625 66.02349853515625 66.02349853515625 66.21848297119140625 67 67 67 67 66.99530792236328125 66.97650146484375 66.97650146484375 66.97650146484375 66.97650146484375 66.78151702880859375 66 66 66 66 66.199676513671875 67 67 67 67 67 67 67 67 67 67.199676513671875 68 68 68 68 67.80501556396484375 67.02349853515625 67.02349853515625 67.02349853515625 67.02349853515625 67.2137908935546875 67.97650146484375 67.97650146484375 67.97650146484375 67.97650146484375 67.98119354248046875 68 68 68 68 67.80501556396484375 67.02349853515625 67.02349853515625 67.02349853515625 67.02349853515625 67.01880645751953125 67 67 67 67 66.99530792236328125 66.97650146484375 66.97650146484375 66.97650146484375 66.97650146484375 66.7862091064453125 66.02349853515625
66 66.199676513671875 67 67 67 67 66.800323486328125 66 66 66 66 66.199676513671875 67 67 67 67 67 67 67 67 67 66.800323486328125 66 66 66 66 66.199676513671875 67 67 67 67 67 67 67 67 67 67.199676513671875 68 68 68 68 67.800323486328125 67 67 67 67 67.199676513671875 68 68 68 68 68 68 68 68 68 67.800323486328125 67 67 67 67 67 67 67 67 67 67 67 67 67 67 66.800323486328125 66
66 66.199676513671875 67 67 67 67 66.800323486328125 66 66 66 66 66.199676513671875 67 67 67 67 67 67 67 67 67 66.800323486328125 66 66 66 66 66.199676513671875 67 67 67 67 67 67 67 67 67 67.199676513671875 68 68 68 68 67.800323486328125 67 67 67 67 67.199676513671875 68 68 68 68 68 68 68 68 68 67.800323486328125 67 67 67 67 67 67 67 67 67 67 67 67 67 67 66.800323486328125 66
66 66.199676513671875 67 67 67 67 66.800323486328125 66 66 66 66 66.199676513671875 67 67 67 67 67 67 67 67 67 66.800323486328125 66 66 66 66 66.199676513671875 67 67 67 67 67 67 67 67 67 67.199676513671875 68 68 68 68 67.800323486328125 67 67 67 67 67.199676513671875 68 68 68 68 68 68 68 68 68 67.800323486328125 67 67 67 67 67 67 67 67 67 67 67 67 67 67 66.800323486328125 66
66 66.199676513671875 67 67 67 67 66.800323486328125 66 66 66 66 66.199676513671875 67 67 67 67 67 67 67 67 67 66.800323486328125 66 66 66 66 66.199676513671875 67 67 67 67 67 67 67 67 67 67.199676513671875 68 68 68 68 67.800323486328125 67 67 67 67 67.199676513671875 68 68 68 68 68 68 68 68 68 67.800323486328125 67 67 67 67 67 67 67 67 67 67 67 67 67 67 66.800323486328125 66
66.97650146484375 66.98119354248046875 67 67 67 67 66.800323486328125 66 66 66 66 66.199676513671875 67 67 67 67 67 67 67 67 67 66.99530792236328125 66.97650146484375 66.97650146484375 66.97650146484375 66.97650146484375 66.98119354248046875 67 67 67 67 67.19498443603515625 67.97650146484375 67.97650146484375 67.97650146484375 67.97650146484375 67.7862091064453125 67.02349853515625 67.02349853515625 67.02349853515625 67.02349853515625 67.01880645751953125 67 67 67 67 67.00469207763671875 67.02349853515625 67.02349853515625 67.02349853515625 67.02349853515625 67.02349853515625 67.02349853515625 67.02349853515625 67.02349853515625 67.02349853515625 66.823822021484375 66.02349853515625 66.02349853515625 66.02349853515625 66.02349853515625 66.4134674072265625 67.97650146484375 67.97650146484375 67.97650146484375 67.97650146484375 67.78151702880859375 67 67 67 67 67.1902923583984375 67.95301055908203125
67 67 67 67 67 67 66.800323486328125 66 66 66 66 66.199676513671875 67 67 67 67 67 67 67 67 67 67 67 67 67 67 67 67 67 67 67 67.199676513671875 68 68 68 68 67.800323486328125 67 67 67 67 67 67 67 67 67 67 67 67 67 67 67 67 67 67 67 66.800323486328125 66 66 66 66 66.39935302734375 68 68 68 68 67.800323486328125 67 67 67 67 67.199676513671875 68
67 67 67 67 67 67 66.800323486328125 66 66 66 66 66.199676513671875 67 67 67 67 67 67 67 67 67 67 67 67 67 67 67 67 67 67 67 67.199676513671875 68 68 68 68 67.800323486328125 67 67 67 67 67 67 67 67 67 67 67 67 67 67 67 67 67 67 67 66.800323486328125 66 66 66 66 66.39935302734375 68 68 68 68 67.800323486328125 67 67 67 67 67.199676513671875 68
67 67 67 67 67 67 66.800323486328125 66 66 66 66 66.199676513671875 67 67 67 67 67 67 67 67 67 67 67 67 67 67 67 67 67 67 67 67.199676513671875 68 68 68 68 67.800323486328125 67 67 67 67 67 67 67 67 67 67 67 67 67 67 67 67 67 67 67 66.800323486328125 66 66 66 66 66.39935302734375 68 68 68 68 67.800323486328125 67 67 67 67 67.199676513671875 68
67 67 67 67 67 67 66.800323486328125 66 66 66 66 66.199676513671875 67 67 67 67 67 67 67 67 67 67 67 67 67 67 67 67 67 67 67 67.199676513671875 68 68 68 68 67.800323486328125 67 67 67 67 67 67 67 67 67 67 67 67 67 67 67 67 67 67 67 66.800323486328125 66 66 66 66 66.39935302734375 68 68 68 68 67.800323486328125 67 67 67 67 67.199676513671875 68
67 67 67 67 67 67 66.99530792236328125 66.97650146484375 66.97650146484375 66.97650146484375 66.97650146484375 67.176177978515625 67.97650146484375 67.97650146484375 67.97650146484375 67.97650146484375 67.78151702880859375 67 67 67 67 67.19498443603515625 67.97650146484375 67.97650146484375 67.97650146484375 67.97650146484375 67.78151702880859375 67 67 67 67 67.00469207763671875 67.02349853515625 67.02349853515625 67.02349853515625 67.02349853515625 67.2137908935546875 67.97650146484375 67.97650146484375 67.97650146484375 67.97650146484375 67.78151702880859375 67 67 67 67 67 67 67 67 67 67 67 67 67 67 67.1902923583984375 67.95301055908203125 67.95301055908203125 67.95301055908203125 67.95301055908203125 67.7674102783203125 67.02349853515625 67.02349853515625 67.02349853515625 67.02349853515625 67.2137908935546875 67.97650146484375 67.97650146484375 67.97650146484375 67.97650146484375 67.98119354248046875 68
67 67 67 67 67 67 67 67 67 67 67 67.199676513671875 68 68 68 68 67.800323486328125 67 67 67 67 67.199676513671875 68 68 68 68 67.800323486328125 67 67 67 67 67 67 67 67 67 67.199676513671875 68 68 68 68 67.800323486328125 67 67 67 67 67 67 67 67 67 67 67 67 67 67 67.199676513671875 68 68 68 68 67.800323486328125 67 67 67 67 67.199676513671875 68 68 68 68 68 68
67 67 67 67 67 67 67 67 67 67 67 67.199676513671875 68 68 68 68 67.800323486328125 67 67 67 67 67.199676513671875 68 68 68 68 67.800323486328125 67 67 67 67 67 67 67 67 67 67.199676513671875 68 68 68 68 67.800323486328125 67 67 67 67 67 67 67 67 67 67 67 67 67 67 67.199676513671875 68 68 68 68 67.800323486328125 67 67 67 67 67.199676513671875 68 68 68 68 68 68
67 67 67 67 67 67 67 67 67 67 67 67.199676513671875 68 68 68 68 67.800323486328125 67 67 67 67 67.199676513671875 68 68 68 68 67.800323486328125 67 67 67 67 67 67 67 67 67 67.199676513671875 68 68 68 68 67.800323486328125 67 67 67 67 67 67 67 67 67 67 67 67 67 67 67.199676513671875 68 68 68 68 67.800323486328125 67 67 67 67 67.199676513671875 68 68 68 68 68 68
67 67 67 67 67 67 67 67 67 67 67 67.199676513671875 68 68 68 68 67.800323486328125 67 67 67 67 67.199676513671875 68 68 68 68 67.800323486328125 67 67 67 67 67 67 67 67 67 67.199676513671875 68 68 68 68 67.800323486328125 67 67 67 67 67 67 67 67 67 67 67 67 67 67 67.199676513671875 68 68 68 68 67.800323486328125 67 67 67 67 67.199676513671875 68 68 68 68 68 68
67.97650146484375 67.78151702880859375 67 67 67 67 66.80501556396484375 66.02349853515625 66.02349853515625 66.02349853515625 66.02349853515625 66.41815948486328125 68 68 68 68 67.99530792236328125 67.97650146484375 67.97650146484375 67.97650146484375 67.97650146484375 67.98119354248046875 68 68 68 68 67.800323486328125 67 67 67 67 67 67 67 67 67 67.199676513671875 68 68 68 68 67.800323486328125 67 67 67 67 67 67 67 67 67 66.80501556396484375 66.02349853515625 66.02349853515625 66.02349853515625 66.02349853515625 66.6131439208984375 68.97650146484375 68.97650146484375 68.97650146484375 68.97650146484375 68.776824951171875 67.97650146484375 67.97650146484375 67.97650146484375 67.97650146484375 67.98119354248046875 68 68 68 68 68.19498443603515625 68.97650146484375
68 67.800323486328125 67 67 67 67 66.800323486328125 66 66 66 66 66.39935302734375 68 68 68 68 68 68 68 68 68 68 68 68 68 68 67.800323486328125 67 67 67 67 67 67 67 67 67 67.199676513671875 68 68 68 68 67.800323486328125 67 67 67 67 67 67 67 67 67 66.800323486328125 66 66 66 66 66.599029541015625 69 69 69 69 68.800323486328125 68 68 68 68 68 68 68 68 68 68.199676513671875 69
68 67.800323486328125 67 67 67 67 66.800323486328125 66 66 66 66 66.39935302734375 68 68 68 68 68 68 68 68 68 68 68 68 68 68 67.800323486328125 67 67 67 67 67 67 67 67 67 67.199676513671875 68 68 68 68 67.800323486328125 67 67 67 67 67 67 67 67 67 66.800323486328125 66 66 66 66 66.599029541015625 69 69 69 69 68.800323486328125 68 68 68 68 68 68 68 68 68 68.199676513671875 69
68 67.800323486328125 67 67 67 67 66.800323486328125 66 66 66 66 66.39935302734375 68 68 68 68 68 68 68 68 68 68 68 68 68 68 67.800323486328125 67 67 67 67 67 67 67 67 67 67.199676513671875 68 68 68 68 67.800323486328125 67 67 67 67 67 67 67 67 67 66.800323486328125 66 66 66 66 66.599029541015625 69 69 69 69 68.800323486328125 68 68 68 68 68 68 68 68 68 68.199676513671875 69
68 67.800323486328125 67 67 67 67 66.800323486328125 66 66 66 66 66.39935302734375 68 68 68 68 68 68 68 68 68 68 68 68 68 68 67.800323486328125 67 67 67 67 67 67 67 67 67 67.199676513671875 68 68 68 68 67.800323486328125 67 67 67 67 67 67 67 67 67 66.800323486328125 66 66 66 66 66.599029541015625 69 69 69 69 68.800323486328125 68 68 68 68 68 68 68 68 68 68.199676513671875 69
68 67.800323486328125 67 67 67 67 67.1902923583984375 67.95301055908203125 67.95301055908203125 67.95301055908203125 67.95301055908203125 67.96239471435546875 68 68 68 68 68.19498443603515625 68.97650146484375 68.97650146484375 68.97650146484375 68.97650146484375 68.97650146484375 68.97650146484375 68.97650146484375 68.97650146484375 68.97650146484375 68.776824951171875 67.97650146484375 67.97650146484375 67.97650146484375 67.97650146484375 67.97650146484375 67.97650146484375 67.97650146484375 67.97650146484375 67.97650146484375 67.98119354248046875 68 68 68 68 67.60533905029296875 66.02349853515625 66.02349853515625 66.02349853515625 66.02349853515625 66.4134674072265625 67.97650146484375 67.97650146484375 67.97650146484375 67.97650146484375 67.97180938720703125 67.95301055908203125 67.95301055908203125 67.95301055908203125 67.95301055908203125 67.96707916259765625 68.02349853515625 68.02349853515625 68.02349853515625 68.02349853515625 67.823822021484375 67.02349853515625 67.02349853515625 67.02349853515625 67.02349853515625 67.02349853515625 67.02349853515625 67.02349853515625 67.02349853515625 67.02349853515625 67.02819061279296875 67.04698944091796875
68 67.800323486328125 67 67 67 67 67.199676513671875 68 68 68 68 68 68 68 68 68 68.199676513671875 69 69 69 69 69 69 69 69 69 68.800323486328125 68 68 68 68 68 68 68 68 68 68 68 68 68 68 67.60064697265625 66 66 66 66 66.39935302734375 68 68 68 68 68 68 68 68 68 68 68 68 68 68 67.800323486328125 67 67 67 67 67 67 67 67 67 67 67
68 67.800323486328125 67 67 67 67 67.199676513671875 68 68 68 68 68 68 68 68 68 68.199676513671875 69 69 69 69 69 69 69 69 69 68.800323486328125 68 68 68 68 68 68 68 68 68 68 68 68 68 68 67.60064697265625 66 66 66 66 66.39935302734375 68 68 68 68 68 68 68 68 68 68 68 68 68 68 67.800323486328125 67 67 67 67 67 67 67 67 67 67 67
68 67.800323486328125 67 67 67 67 67.199676513671875 68 68 68 68 68 68 68 68 68 68.199676513671875 69 69 69 69 69 69 69 69 69 68.800323486328125 68 68 68 68 68 68 68 68 68 68 68 68 68 68 67.60064697265625 66 66 66 66 66.39935302734375 68 68 68 68 68 68 68 68 68 68 68 68 68 68 67.800323486328125 67 67 67 67 67 67 67 67 67 67 67
68 67.800323486328125 67 67 67 67 67.199676513671875 68 68 68 68 68 68 68 68 68 68.199676513671875 69 69 69 69 69 69 69 69 69 68.800323486328125 68 68 68 68 68 68 68 68 68 68 68 68 68 68 67.60064697265625 66 66 66 66 66.39935302734375 68 68 68 68 68 68 68 68 68 68 68 68 68 68 67.800323486328125 67 67 67 67 67 67 67 67 67 67 67
68 67.99530792236328125 67.97650146484375 67.97650146484375 67.97650146484375 67.97650146484375 68.176177978515625 68.97650146484375 68.97650146484375 68.97650146484375 68.97650146484375 68.97650146484375 68.97650146484375 68.97650146484375 68.97650146484375 68.97650146484375 68.98119354248046875 69 69 69 69 69 69 69 69 69 68.60533905029296875 67.02349853515625 67.02349853515625 67.02349853515625 67.02349853515625 67.21848297119140625 68 68 68 68 67.80501556396484375 67.02349853515625 67.02349853515625 67.02349853515625 67.02349853515625 67.0141143798828125 66.97650146484375 66.97650146484375 66.97650146484375 66.97650146484375 67.18087005615234375 68 68 68 68 68 68 68 68 68 67.80501556396484375 67.02349853515625 67.02349853515625 67.02349853515625 67.02349853515625 67.2137908935546875 67.97650146484375 67.97650146484375 67.97650146484375 67.97650146484375 67.78151702880859375 67 67 67 67 67 67
68 68 68 68 68 68 68.199676513671875 69 69 69 69 69 69 69 69 69 69 69 69 69 69 69 69 69 69 69 68.60064697265625 67 67 67 67 67.199676513671875 68 68 68 68 67.800323486328125 67 67 67 67 67 67 67 67 67 67.199676513671875 68 68 68 68 68 68 68 68 68 67.800323486328125 67 67 67 67 67.199676513671875 68 68 68 68 67.800323486328125 67 67 67 67 67 67
68 68 68 68 68 68 68.199676513671875 69 69 69 69 69 69 69 69 69 69 69 69 69 69 69 69 69 69 69 68.60064697265625 67 67 67 67 67.199676513671875 68 68 68 68 67.800323486328125 67 67 67 67 67 67 67 67 67 67.199676513671875 68 68 68 68 68 68 68 68 68 67.800323486328125 67 67 67 67 67.199676513671875 68 68 68 68 67.800323486328125 67 67 67 67 67 67
