INPUT/RASTER/ASCII/pH.asc
ncols        225
nrows        269
xllcorner    473009.983799999987
yllcorner    4429051.174800000153
cellsize     50.000000000000
NODATA_value  -9999
[rows 190 to 208 of 269, columns 164 to 204 of 225]
6.7560067176818847656 6.7360062599182128906 6.7160062789916992188 6.7016158103942871094 6.7097101211547851563 6.717803955078125 6.7258982658386230469 6.7339920997619628906 6.7412309646606445313 6.7450432777404785156 6.7488551139831542969 6.7526674270629882813 6.7564792633056640625 6.757152557373046875 6.74524688720703125 6.7333407402038574219 6.7214345932006835938 6.7095284461975097656 6.7023773193359375 6.714282989501953125 6.7261891365051269531 6.7380952835083007813 6.7500014305114746094 6.757152557373046875 6.74524688720703125 6.7333407402038574219 6.7214345932006835938 6.7095284461975097656 6.6983838081359863281 6.6902894973754882813 6.6821956634521484375 6.6741018295288085938 6.6660075187683105469 6.6595301628112792969 6.6595301628112792969 6.6595301628112792969 6.6595301628112792969 6.6595301628112792969 6.6595301628112792969 6.6595301628112792969 6.6595301628112792969
6.7560067176818847656 6.7360062599182128906 6.7160062789916992188 6.700817108154296875 6.7049112319946289063 6.7090053558349609375 6.7130994796752929688 6.7171931266784667969 6.7228283882141113281 6.7346405982971191406 6.74645233154296875 6.7582645416259765625 6.770076751708984375 6.7763543128967285156 6.7604479789733886719 6.7445421218872070313 6.7286357879638671875 6.7127299308776855469 6.7031760215759277344 6.719081878662109375 6.7349882125854492188 6.7508940696716308594 6.7668004035949707031 6.7763543128967285156 6.7604479789733886719 6.7445421218872070313 6.7286357879638671875 6.7127299308776855469 6.6991825103759765625 6.6950883865356445313 6.6909942626953125 6.6869006156921386719 6.6828064918518066406 6.6795301437377929688 6.6795301437377929688 6.6795301437377929688 6.6795301437377929688 6.6795301437377929688 6.6795301437377929688 6.6795301437377929688 6.6795301437377929688
6.7560067176818847656 6.7360062599182128906 6.7160062789916992188 6.7000184059143066406 6.7001123428344726563 6.700206756591796875 6.7003006935119628906 6.7003946304321289063 6.704425811767578125 6.7242379188537597656 6.7440500259399414063 6.7638621330261230469 6.7836742401123046875 6.7955555915832519531 6.7756495475769042969 6.7557435035705566406 6.7358374595642089844 6.715930938720703125 6.7039747238159179688 6.723880767822265625 6.7437868118286132813 6.7636928558349609375 6.7835988998413085938 6.7955555915832519531 6.7756495475769042969 6.7557435035705566406 6.7358374595642089844 6.715930938720703125 6.6999812126159667969 6.6998872756958007813 6.6997928619384765625 6.6996989250183105469 6.6996049880981445313 6.6995301246643066406 6.6995301246643066406 6.6995301246643066406 6.6995301246643066406 6.6995301246643066406 6.6995301246643066406 6.6995301246643066406 6.6995301246643066406
6.7536602020263671875 6.7414722442626953125 6.7292842864990234375 6.71875 6.7148442268371582031 6.7109379768371582031 6.7070317268371582031 6.7031259536743164063 6.7039933204650878906 6.7239933013916015625 6.7439932823181152344 6.7639937400817871094 6.7839937210083007813 6.7960066795349121094 6.7760066986083984375 6.7560067176818847656 6.7360062599182128906 6.7160062789916992188 6.7032132148742675781 6.7193074226379394531 6.7354016304016113281 6.751495361328125 6.767589569091796875 6.7772564888000488281 6.7611622810363769531 6.7450685501098632813 6.7289743423461914063 6.7128801345825195313 6.6999998092651367188 6.6999998092651367188 6.6999998092651367188 6.6999998092651367188 6.6999998092651367188 6.6999998092651367188 6.6999998092651367188 6.6999998092651367188 6.6999998092651367188 6.6999998092651367188 6.6999998092651367188 6.6999998092651367188 6.6999998092651367188
6.7512578964233398438 6.7470698356628417969 6.74288177490234375 6.7379512786865234375 6.730045318603515625 6.7221393585205078125 6.7142333984375 6.7063274383544921875 6.7039933204650878906 6.7239933013916015625 6.7439932823181152344 6.7639937400817871094 6.7839937210083007813 6.7960066795349121094 6.7760066986083984375 6.7560067176818847656 6.7360062599182128906 6.7160062789916992188 6.7024145126342773438 6.7145085334777832031 6.7266025543212890625 6.7386965751647949219 6.7507905960083007813 6.7580552101135253906 6.7459611892700195313 6.7338671684265136719 6.7217731475830078125 6.7096791267395019531 6.6999998092651367188 6.6999998092651367188 6.6999998092651367188 6.6999998092651367188 6.6999998092651367188 6.6999998092651367188 6.6999998092651367188 6.6999998092651367188 6.6999998092651367188 6.6999998092651367188 6.6999998092651367188 6.6999998092651367188 6.6999998092651367188
6.7488551139831542969 6.7526674270629882813 6.7564792633056640625 6.757152557373046875 6.74524688720703125 6.7333407402038574219 6.7214345932006835938 6.7095284461975097656 6.7039933204650878906 6.7239933013916015625 6.7439932823181152344 6.7639937400817871094 6.7839937210083007813 6.7960066795349121094 6.7760066986083984375 6.7560067176818847656 6.7360062599182128906 6.7160062789916992188 6.7016158103942871094 6.7097101211547851563 6.717803955078125 6.7258982658386230469 6.7339920997619628906 6.7388539314270019531 6.7307596206665039063 6.7226657867431640625 6.7145714759826660156 6.7064776420593261719 6.6999998092651367188 6.6999998092651367188 6.6999998092651367188 6.6999998092651367188 6.6999998092651367188 6.6999998092651367188 6.6999998092651367188 6.6999998092651367188 6.6999998092651367188 6.6999998092651367188 6.6999998092651367188 6.6999998092651367188 6.6999998092651367188
6.74645233154296875 6.7582645416259765625 6.770076751708984375 6.7763543128967285156 6.7604479789733886719 6.7445421218872070313 6.7286357879638671875 6.7127299308776855469 6.7039933204650878906 6.7239933013916015625 6.7439932823181152344 6.7639937400817871094 6.7839937210083007813 6.7960066795349121094 6.7760066986083984375 6.7560067176818847656 6.7360062599182128906 6.7160062789916992188 6.700817108154296875 6.7049112319946289063 6.7090053558349609375 6.7130994796752929688 6.7171931266784667969 6.7196521759033203125 6.7155585289001464844 6.7114644050598144531 6.7073702812194824219 6.7032761573791503906 6.6999998092651367188 6.6999998092651367188 6.6999998092651367188 6.6999998092651367188 6.6999998092651367188 6.6999998092651367188 6.6999998092651367188 6.6999998092651367188 6.6999998092651367188 6.6999998092651367188 6.6999998092651367188 6.6999998092651367188 6.6999998092651367188
6.7440500259399414063 6.7638621330261230469 6.7836742401123046875 6.7955555915832519531 6.7756495475769042969 6.7557435035705566406 6.7358374595642089844 6.715930938720703125 6.7039933204650878906 6.7239933013916015625 6.7439932823181152344 6.7639937400817871094 6.7839937210083007813 6.7960066795349121094 6.7760066986083984375 6.7560067176818847656 6.7360062599182128906 6.7160062789916992188 6.7000184059143066406 6.7001123428344726563 6.700206756591796875 6.7003006935119628906 6.7003946304321289063 6.700450897216796875 6.7003569602966308594 6.7002630233764648438 6.7001690864562988281 6.7000751495361328125 6.6999998092651367188 6.6999998092651367188 6.6999998092651367188 6.6999998092651367188 6.6999998092651367188 6.6999998092651367188 6.6999998092651367188 6.6999998092651367188 6.6999998092651367188 6.6999998092651367188 6.6999998092651367188 6.6999998092651367188 6.6999998092651367188
6.7463397979736328125 6.7585277557373046875 6.7707157135009765625 6.7772564888000488281 6.7611622810363769531 6.7450685501098632813 6.7289743423461914063 6.7128801345825195313 6.7039933204650878906 6.7239933013916015625 6.7439932823181152344 6.7639937400817871094 6.7839937210083007813 6.7960066795349121094 6.7760066986083984375 6.7560067176818847656 6.7360062599182128906 6.7160062789916992188 6.6999998092651367188 6.6999998092651367188 6.6999998092651367188 6.6999998092651367188 6.6999998092651367188 6.6999998092651367188 6.6999998092651367188 6.6999998092651367188 6.6999998092651367188 6.6999998092651367188 6.6992197036743164063 6.6953139305114746094 6.6914076805114746094 6.6875019073486328125 6.6835956573486328125 6.680469512939453125 6.680469512939453125 6.680469512939453125 6.680469512939453125 6.680469512939453125 6.6812496185302734375 6.6851558685302734375 6.6890616416931152344
6.7487421035766601563 6.7529301643371582031 6.75711822509765625 6.7580552101135253906 6.7459611892700195313 6.7338671684265136719 6.7217731475830078125 6.7096791267395019531 6.7039933204650878906 6.7239933013916015625 6.7439932823181152344 6.7639937400817871094 6.7839937210083007813 6.7960066795349121094 6.7760066986083984375 6.7560067176818847656 6.7360062599182128906 6.7160062789916992188 6.6999998092651367188 6.6999998092651367188 6.6999998092651367188 6.6999998092651367188 6.6999998092651367188 6.6999998092651367188 6.6999998092651367188 6.6999998092651367188 6.6999998092651367188 6.6999998092651367188 6.6984210014343261719 6.6905150413513183594 6.6826090812683105469 6.6747031211853027344 6.6667971611022949219 6.6604695320129394531 6.6604695320129394531 6.6604695320129394531 6.6604695320129394531 6.6604695320129394531 6.66204833984375 6.6699542999267578125 6.677860260009765625
6.7511448860168457031 6.7473325729370117188 6.7435207366943359375 6.7388539314270019531 6.7307596206665039063 6.7226657867431640625 6.7145714759826660156 6.7064776420593261719 6.7039933204650878906 6.7239933013916015625 6.7439932823181152344 6.7639937400817871094 6.7839937210083007813 6.7960066795349121094 6.7760066986083984375 6.7560067176818847656 6.7360062599182128906 6.7160062789916992188 6.6999998092651367188 6.6999998092651367188 6.6999998092651367188 6.6999998092651367188 6.6999998092651367188 6.6999998092651367188 6.6999998092651367188 6.6999998092651367188 6.6999998092651367188 6.6999998092651367188 6.6976222991943359375 6.6857166290283203125 6.6738104820251464844 6.6619043350219726563 6.6499986648559570313 6.6404695510864257813 6.6404695510864257813 6.6404695510864257813 6.6404695510864257813 6.6404695510864257813 6.6428470611572265625 6.6547532081604003906 6.6666593551635742188
6.75354766845703125 6.7417354583740234375 6.729923248291015625 6.7196521759033203125 6.7155585289001464844 6.7114644050598144531 6.7073702812194824219 6.7032761573791503906 6.7039933204650878906 6.7239933013916015625 6.7439932823181152344 6.7639937400817871094 6.7839937210083007813 6.7960066795349121094 6.7760066986083984375 6.7560067176818847656 6.7360062599182128906 6.7160062789916992188 6.6999998092651367188 6.6999998092651367188 6.6999998092651367188 6.6999998092651367188 6.6999998092651367188 6.6999998092651367188 6.6999998092651367188 6.6999998092651367188 6.6999998092651367188 6.6999998092651367188 6.6968235969543457031 6.6809177398681640625 6.6650118827819824219 6.6491055488586425781 6.6331996917724609375 6.6204695701599121094 6.6204695701599121094 6.6204695701599121094 6.6204695701599121094 6.6204695701599121094 6.623645782470703125 6.6395516395568847656 6.6554579734802246094
6.7559499740600585938 6.7361378669738769531 6.7163257598876953125 6.700450897216796875 6.7003569602966308594 6.7002630233764648438 6.7001690864562988281 6.7000751495361328125 6.7039933204650878906 6.7239933013916015625 6.7439932823181152344 6.7639937400817871094 6.7839937210083007813 6.7960066795349121094 6.7760066986083984375 6.7560067176818847656 6.7360062599182128906 6.7160062789916992188 6.6999998092651367188 6.6999998092651367188 6.6999998092651367188 6.6999998092651367188 6.6999998092651367188 6.6999998092651367188 6.6999998092651367188 6.6999998092651367188 6.6999998092651367188 6.6999998092651367188 6.6960248947143554688 6.6761188507080078125 6.6562132835388183594 6.6363072395324707031 6.6164011955261230469 6.6004695892333984375 6.6004695892333984375 6.6004695892333984375 6.6004695892333984375 6.6004695892333984375 6.6044445037841796875 6.6243505477905273438 6.644256591796875
6.7645983695983886719 6.748504638671875 6.732410430908203125 6.71875 6.7148442268371582031 6.7109379768371582031 6.7070317268371582031 6.7031259536743164063 6.7032132148742675781 6.7193074226379394531 6.7354016304016113281 6.751495361328125 6.767589569091796875 6.7772564888000488281 6.7611622810363769531 6.7450685501098632813 6.7289743423461914063 6.7128801345825195313 6.6999998092651367188 6.6999998092651367188 6.6999998092651367188 6.6999998092651367188 6.6999998092651367188 6.6999998092651367188 6.6999998092651367188 6.6999998092651367188 6.6999998092651367188 6.6999998092651367188 6.6967864036560058594 6.6806921958923339844 6.6645984649658203125 6.6485042572021484375 6.6324105262756347656 6.6195302009582519531 6.6195302009582519531 6.6195302009582519531 6.6195302009582519531 6.6195302009582519531 6.6227436065673828125 6.6388373374938964844 6.6549315452575683594
6.7733974456787109375 6.7613034248352050781 6.7492094039916992188 6.7379512786865234375 6.730045318603515625 6.7221393585205078125 6.7142333984375 6.7063274383544921875 6.7024145126342773438 6.7145085334777832031 6.7266025543212890625 6.7386965751647949219 6.7507905960083007813 6.7580552101135253906 6.7459611892700195313 6.7338671684265136719 6.7217731475830078125 6.7096791267395019531 6.6999998092651367188 6.6999998092651367188 6.6999998092651367188 6.6999998092651367188 6.6999998092651367188 6.6999998092651367188 6.6999998092651367188 6.6999998092651367188 6.6999998092651367188 6.6999998092651367188 6.6975851058959960938 6.6854910850524902344 6.673397064208984375 6.6613030433654785156 6.6492090225219726563 6.639530181884765625 6.639530181884765625 6.639530181884765625 6.639530181884765625 6.639530181884765625 6.64194488525390625 6.6540389060974121094 6.6661329269409179688
6.782196044921875 6.7741017341613769531 6.7660079002380371094 6.757152557373046875 6.74524688720703125 6.7333407402038574219 6.7214345932006835938 6.7095284461975097656 6.7016158103942871094 6.7097101211547851563 6.717803955078125 6.7258982658386230469 6.7339920997619628906 6.7388539314270019531 6.7307596206665039063 6.7226657867431640625 6.7145714759826660156 6.7064776420593261719 6.6999998092651367188 6.6999998092651367188 6.6999998092651367188 6.6999998092651367188 6.6999998092651367188 6.6999998092651367188 6.6999998092651367188 6.6999998092651367188 6.6999998092651367188 6.6999998092651367188 6.6983838081359863281 6.6902894973754882813 6.6821956634521484375 6.6741018295288085938 6.6660075187683105469 6.6595301628112792969 6.6595301628112792969 6.6595301628112792969 6.6595301628112792969 6.6595301628112792969 6.6611461639404296875 6.6692399978637695313 6.677333831787109375
6.7909946441650390625 6.7869005203247070313 6.7828068733215332031 6.7763543128967285156 6.7604479789733886719 6.7445421218872070313 6.7286357879638671875 6.7127299308776855469 6.700817108154296875 6.7049112319946289063 6.7090053558349609375 6.7130994796752929688 6.7171931266784667969 6.7196521759033203125 6.7155585289001464844 6.7114644050598144531 6.7073702812194824219 6.7032761573791503906 6.6999998092651367188 6.6999998092651367188 6.6999998092651367188 6.6999998092651367188 6.6999998092651367188 6.6999998092651367188 6.6999998092651367188 6.6999998092651367188 6.6999998092651367188 6.6999998092651367188 6.6991825103759765625 6.6950883865356445313 6.6909942626953125 6.6869006156921386719 6.6828064918518066406 6.6795301437377929688 6.6795301437377929688 6.6795301437377929688 6.6795301437377929688 6.6795301437377929688 6.680347442626953125 6.6844415664672851563 6.6885352134704589844
6.799793243408203125 6.7996993064880371094 6.7996053695678710938 6.7955555915832519531 6.7756495475769042969 6.7557435035705566406 6.7358374595642089844 6.715930938720703125 6.7000184059143066406 6.7001123428344726563 6.700206756591796875 6.7003006935119628906 6.7003946304321289063 6.700450897216796875 6.7003569602966308594 6.7002630233764648438 6.7001690864562988281 6.7000751495361328125 6.6999998092651367188 6.6999998092651367188 6.6999998092651367188 6.6999998092651367188 6.6999998092651367188 6.6999998092651367188 6.6999998092651367188 6.6999998092651367188 6.6999998092651367188 6.6999998092651367188 6.6999812126159667969 6.6998872756958007813 6.6997928619384765625 6.6996989250183105469 6.6996049880981445313 6.6995301246643066406 6.6995301246643066406 6.6995301246643066406 6.6995301246643066406 6.6995301246643066406 6.6995487213134765625 6.6996426582336425781 6.6997365951538085938
6.8000001907348632813 6.8000001907348632813 6.8000001907348632813 6.7967867851257324219 6.7806925773620605469 6.7645983695983886719 6.748504638671875 6.732410430908203125 6.71875 6.7148442268371582031 6.7109379768371582031 6.7070317268371582031 6.7031259536743164063 6.6999998092651367188 6.6999998092651367188 6.6999998092651367188 6.6999998092651367188 6.6999998092651367188 6.6999998092651367188 6.6999998092651367188 6.6999998092651367188 6.6999998092651367188 6.6999998092651367188 6.7007799148559570313 6.7046856880187988281 6.7085919380187988281 6.712497711181640625 6.716403961181640625 6.7195301055908203125 6.7195301055908203125 6.7195301055908203125 6.7195301055908203125 6.7195301055908203125 6.7195301055908203125 6.7195301055908203125 6.7195301055908203125 6.7195301055908203125 6.7195301055908203125 6.71875 6.7148442268371582031 6.7109379768371582031
