INPUT/RASTER/ASCII/red2023.asc
ncols        225
nrows        269
xllcorner    473009.983799999987
yllcorner    4429051.174800000153
cellsize     50.000000000000
NODATA_value -9999
[rows 126 to 143 of 269, columns 120 to 159 of 225]
0.088600143790245056152 0.086084783077239990234 0.1151585802435874939 0.10625047236680984497 0.094361349940299987793 0.093481019139289855957 0.10058142244815826416 0.12456390261650085449 0.13774561882019042969 0.14127209782600402832 0.15603646636009216309 0.13422448933124542236 0.11924541741609573364 0.11647631227970123291 0.14742471277713775635 0.15284779667854309082 0.16603457927703857422 0.17363634705543518066 0.166410788893699646 0.17787379026412963867 0.19416226446628570557 0.1979344785213470459 0.18912291526794433594 0.18241973221302032471 0.18170408904552459717 0.18586163222789764404 0.16146619617938995361 0.12517423927783966064 0.11424573510885238647 0.10942320525646209717 0.093067564070224761963 0.078133314847946166992 0.086290523409843444824 0.13156041502952575684 0.13665616512298583984 0.12861816585063934326 0.12513749301433563232 0.099849127233028411865 0.097544468939304351807 0.1078359559178352356
0.082313023507595062256 0.090358644723892211914 0.11535390466451644897 0.10397158563137054443 0.093171171844005584717 0.087742738425731658936 0.10306542366743087769 0.10796142369508743286 0.12729969620704650879 0.12011195719242095947 0.12869806587696075439 0.12129027396440505981 0.11887560784816741943 0.12063260376453399658 0.11302445083856582642 0.12088463455438613892 0.14688059687614440918 0.1664314568042755127 0.16675169765949249268 0.17604029178619384766 0.19477662444114685059 0.18805111944675445557 0.18089136481285095215 0.17653807997703552246 0.1869360804557800293 0.19046835601329803467 0.17080773413181304932 0.12365953624248504639 0.10974269360303878784 0.11385181546211242676 0.11140681803226470947 0.086224451661109924316 0.084570482373237609863 0.12566089630126953125 0.13650213181972503662 0.12418230623006820679 0.11610516160726547241 0.10375667363405227661 0.088703922927379608154 0.1015302613377571106
0.078826248645782470703 0.09841461479663848877 0.093483090400695800781 0.082923501729965209961 0.080301739275455474854 0.080707490444183349609 0.10973414033651351929 0.12186935544013977051 0.11660257726907730103 0.12399994581937789917 0.15659436583518981934 0.13838645815849304199 0.13098140060901641846 0.13281580805778503418 0.1262219548225402832 0.14265446364879608154 0.1456139981746673584 0.15622027218341827393 0.16990646719932556152 0.17589658498764038086 0.18851208686828613281 0.17656904458999633789 0.18155694007873535156 0.18999113142490386963 0.19079659879207611084 0.1828218996524810791 0.16407099366188049316 0.12410154193639755249 0.11217491328716278076 0.11634592711925506592 0.1128806769847869873 0.10204643011093139648 0.10010312497615814209 0.13357399404048919678 0.13624696433544158936 0.11397990584373474121 0.11332529783248901367 0.11613869667053222656 0.11467009782791137695 0.10256236791610717773
0.099724180996417999268 0.12594465911388397217 0.10503198206424713135 0.083757519721984863281 0.084749907255172729492 0.10692970454692840576 0.10709745436906814575 0.12130728363990783691 0.12485017627477645874 0.11331910640001296997 0.16572229564189910889 0.17570956051349639893 0.17911681532859802246 0.18044640123844146729 0.15795339643955230713 0.15699149668216705322 0.15364852547645568848 0.16320036351680755615 0.16566483676433563232 0.16525879502296447754 0.18221107125282287598 0.17631185054779052734 0.18291459977626800537 0.18876054883003234863 0.18726843595504760742 0.18511217832565307617 0.1671295166015625 0.12429485470056533813 0.11468328535556793213 0.11655180156230926514 0.1362336277961730957 0.12892055511474609375 0.11549435555934906006 0.12868621945381164551 0.12692780792713165283 0.11447578668594360352 0.09382152557373046875 0.11563032865524291992 0.12096969783306121826 0.1191225200891494751
0.11140228807926177979 0.12637218832969665527 0.10135507583618164063 0.10332417488098144531 0.093551300466060638428 0.11465914547443389893 0.12160813808441162109 0.1269544064998626709 0.1284417957067489624 0.1160139814019203186 0.12096665054559707642 0.16955080628395080566 0.16464772820472717285 0.16739872097969055176 0.16421529650688171387 0.15376314520835876465 0.16089364886283874512 0.16987717151641845703 0.16854517161846160889 0.15432737767696380615 0.16998936235904693604 0.18247030675411224365 0.1836039423942565918 0.18310147523880004883 0.18704155087471008301 0.19202435016632080078 0.17565360665321350098 0.1293741762638092041 0.11568684130907058716 0.12406771630048751831 0.14133028686046600342 0.14442607760429382324 0.13708315789699554443 0.1262369006872177124 0.12956562638282775879 0.10154461860656738281 0.081857025623321533203 0.082548432052135467529 0.081815585494041442871 0.10386881232261657715
0.12930849194526672363 0.12120419740676879883 0.10534922033548355103 0.10287909954786300659 0.10210251063108444214 0.098925076425075531006 0.10893987864255905151 0.12515565752983093262 0.11576151847839355469 0.092298179864883422852 0.099312372505664825439 0.13858173787593841553 0.16358061134815216064 0.16371989250183105469 0.15358982980251312256 0.15487635135650634766 0.17106036841869354248 0.17307618260383605957 0.16610787808895111084 0.13532784581184387207 0.16886487603187561035 0.18402472138404846191 0.18139815330505371094 0.18761613965034484863 0.19806906580924987793 0.19323767721652984619 0.19202096760272979736 0.14064198732376098633 0.12936669588088989258 0.1300980299711227417 0.13588933646678924561 0.13482864201068878174 0.14043094217777252197 0.12377759069204330444 0.12809757888317108154 0.10662280768156051636 0.082385852932929992676 0.079275168478488922119 0.069738566875457763672 0.08236392587423324585
0.12003172188997268677 0.1002714112401008606 0.092993721365928649902 0.10547973960638046265 0.10835131257772445679 0.091345101594924926758 0.098959840834140777588 0.11085780709981918335 0.10225640982389450073 0.091509528458118438721 0.095215745270252227783 0.11205399781465530396 0.13080407679080963135 0.15224942564964294434 0.150279998779296875 0.1528358757495880127 0.1776921004056930542 0.17564159631729125977 0.16032803058624267578 0.1401742398738861084 0.17095108330249786377 0.18388985097408294678 0.18968988955020904541 0.19532088935375213623 0.18978716433048248291 0.1869900822639465332 0.18530994653701782227 0.15191471576690673828 0.13841570913791656494 0.14658100903034210205 0.13878732919692993164 0.12473468482494354248 0.12012563645839691162 0.12075585126876831055 0.10914188623428344727 0.13292586803436279297 0.10218274593353271484 0.079026639461517333984 0.08170429617166519165 0.09218959510326385498
0.12468903511762619019 0.10251994431018829346 0.07367089390754699707 0.083031877875328063965 0.083348996937274932861 0.071311496198177337646 0.090791694819927215576 0.098447889089584350586 0.10673527419567108154 0.10514833778142929077 0.087889678776264190674 0.1105794757604598999 0.14257468283176422119 0.1643346250057220459 0.15438568592071533203 0.15492238104343414307 0.16015061736106872559 0.16459451615810394287 0.16832350194454193115 0.1583449244499206543 0.1783704608678817749 0.19524353742599487305 0.19296422600746154785 0.18716108798980712891 0.17721535265445709229 0.17297586798667907715 0.17317059636116027832 0.15603651106357574463 0.14520269632339477539 0.15095284581184387207 0.13227373361587524414 0.12449344247579574585 0.13912796974182128906 0.12134501338005065918 0.096068069338798522949 0.11517777293920516968 0.12377002090215682983 0.098696641623973846436 0.094126246869564056396 0.090501055121421813965
0.12150515615940093994 0.095453687012195587158 0.075620993971824645996 0.091866128146648406982 0.089051216840744018555 0.071499183773994445801 0.09718437492847442627 0.11173819005489349365 0.10718640685081481934 0.14495652914047241211 0.11097951978445053101 0.11882057040929794312 0.13835453987121582031 0.16628223657608032227 0.15904362499713897705 0.16612128913402557373 0.16731205582618713379 0.16810891032218933105 0.17092742025852203369 0.16629005968570709229 0.18725843727588653564 0.19236794114112854004 0.17667280137538909912 0.16715282201766967773 0.17173500359058380127 0.17208930850028991699 0.16689579188823699951 0.14392974972724914551 0.13688187301158905029 0.13730491697788238525 0.13713221251964569092 0.13463997840881347656 0.14182935655117034912 0.12580318748950958252 0.098027773201465606689 0.11074532568454742432 0.12883579730987548828 0.12957887351512908936 0.10981360822916030884 0.091461509466171264648
0.10428655892610549927 0.083564348518848419189 0.071676656603813171387 0.074537746608257293701 0.078060209751129150391 0.088802546262741088867 0.095500566065311431885 0.12204658985137939453 0.13914507627487182617 0.16075941920280456543 0.15020275115966796875 0.11748400330543518066 0.12909814715385437012 0.15576520562171936035 0.17437574267387390137 0.17604817450046539307 0.18094290792942047119 0.17755056917667388916 0.1711231619119644165 0.16028986871242523193 0.16574247181415557861 0.16988965868949890137 0.16778099536895751953 0.16916684806346893311 0.16508717834949493408 0.15455524623394012451 0.14346161484718322754 0.13563579320907592773 0.14567282795906066895 0.14278444647789001465 0.13741290569305419922 0.14190986752510070801 0.13497100770473480225 0.12564228475093841553 0.10238138586282730103 0.09788869321346282959 0.10560954362154006958 0.12286400794982910156 0.12431721389293670654 0.096082612872123718262
0.074031136929988861084 0.067821122705936431885 0.067060478031635284424 0.072463236749172210693 0.077550068497657775879 0.085767231881618499756 0.092941574752330780029 0.11895059794187545776 0.14290197193622589111 0.14838752150535583496 0.15418609976768493652 0.15659287571907043457 0.1587225794792175293 0.16499260067939758301 0.1692170947790145874 0.17877236008644104004 0.17951278388500213623 0.16738650202751159668 0.16878196597099304199 0.15959994494915008545 0.14354301989078521729 0.1532500535249710083 0.14721496403217315674 0.15409953892230987549 0.15790148079395294189 0.15667942166328430176 0.14747665822505950928 0.14252232015132904053 0.13975928723812103271 0.14378191530704498291 0.14718790352344512939 0.15119291841983795166 0.14172431826591491699 0.14091515541076660156 0.12474653124809265137 0.10175321251153945923 0.096062958240509033203 0.110057830810546875 0.122226715087890625 0.11754389852285385132
0.06695661693811416626 0.062853328883647918701 0.064213283360004425049 0.076637215912342071533 0.092002853751182556152 0.099245429039001464844 0.11098225414752960205 0.13532377779483795166 0.14798209071159362793 0.15551178157329559326 0.15404693782329559326 0.16606760025024414063 0.15920081734657287598 0.15681764483451843262 0.15929335355758666992 0.16173805296421051025 0.15359953045845031738 0.14751088619232177734 0.15780620276927947998 0.14421261847019195557 0.12345618754625320435 0.14566187560558319092 0.15153414011001586914 0.15150910615921020508 0.14749224483966827393 0.14178581535816192627 0.1454788893461227417 0.14301508665084838867 0.1402225792407989502 0.14441239833831787109 0.14388072490692138672 0.14769473671913146973 0.14556257426738739014 0.14378683269023895264 0.12617361545562744141 0.10758005827665328979 0.11194755882024765015 0.12962591648101806641 0.14012542366981506348 0.12963184714317321777
0.068719036877155303955 0.062074847519397735596 0.067735143005847930908 0.076782099902629852295 0.086660943925380706787 0.12034802883863449097 0.13156886398792266846 0.14328525960445404053 0.14726179838180541992 0.17811004817485809326 0.18515878915786743164 0.15823218226432800293 0.15268918871879577637 0.15916967391967773438 0.16165715456008911133 0.15510471165180206299 0.14586976170539855957 0.13977989554405212402 0.14683841168880462646 0.15080392360687255859 0.13565693795680999756 0.15247906744480133057 0.14730083942413330078 0.13873176276683807373 0.13223424553871154785 0.13617323338985443115 0.13638505339622497559 0.14025433361530303955 0.13959501683712005615 0.13480898737907409668 0.14145918190479278564 0.13804641366004943848 0.14126779139041900635 0.13539691269397735596 0.13186897337436676025 0.12261668592691421509 0.12627814710140228271 0.13511227071285247803 0.13449390232563018799 0.11895900219678878784
0.070488549768924713135 0.063658758997917175293 0.068554170429706573486 0.086601659655570983887 0.11901009827852249146 0.19342571496963500977 0.17350642383098602295 0.15214753150939941406 0.17494957149028778076 0.19146649539470672607 0.17362193763256072998 0.16268405318260192871 0.1607863306999206543 0.15155735611915588379 0.14153374731540679932 0.14444087445735931396 0.14935632050037384033 0.15658023953437805176 0.15985754132270812988 0.15978868305683135986 0.14257819950580596924 0.15143309533596038818 0.14111921191215515137 0.13620112836360931396 0.14078885316848754883 0.13887290656566619873 0.13524882495403289795 0.13871333003044128418 0.12366508692502975464 0.1323432624340057373 0.14760133624076843262 0.14130547642707824707 0.13621121644973754883 0.13143208622932434082 0.13717719912528991699 0.12089876085519790649 0.11997324973344802856 0.14921618998050689697 0.10998167842626571655 0.11368602514266967773
0.07782027125358581543 0.077307462692260742188 0.077947221696376800537 0.088543742895126342773 0.11361784487962722778 0.16973586380481719971 0.18962340056896209717 0.16025695204734802246 0.18092831969261169434 0.17221157252788543701 0.15770503878593444824 0.15744389593601226807 0.15972378849983215332 0.16879737377166748047 0.16441862285137176514 0.16118367016315460205 0.1601034700870513916 0.15948005020618438721 0.16049736738204956055 0.1598011702299118042 0.14224058389663696289 0.14366640150547027588 0.13515806198120117188 0.14045980572700500488 0.14247813820838928223 0.13721202313899993896 0.13952967524528503418 0.13857656717300415039 0.13633881509304046631 0.14629046618938446045 0.15221251547336578369 0.14335879683494567871 0.13216961920261383057 0.13127273321151733398 0.13595791161060333252 0.12784746289253234863 0.12892352044582366943 0.14390482008457183838 0.12818230688571929932 0.11483177542686462402
0.083628423511981964111 0.081936426460742950439 0.090233840048313140869 0.095590971410274505615 0.10922772437334060669 0.11008519679307937622 0.14356629550457000732 0.13837091624736785889 0.15008045732975006104 0.1558939814567565918 0.16403110325336456299 0.17486532032489776611 0.18253210186958312988 0.18439163267612457275 0.16820727288722991943 0.14351658523082733154 0.1439485698938369751 0.14312244951725006104 0.15452718734741210938 0.15610361099243164063 0.14577797055244445801 0.13967381417751312256 0.14055928587913513184 0.13764339685440063477 0.13174709677696228027 0.12669074535369873047 0.13636161386966705322 0.14533609151840209961 0.14395673573017120361 0.15692509710788726807 0.15595293045043945313 0.15103904902935028076 0.14582169055938720703 0.14544236660003662109 0.13957171142101287842 0.13064052164554595947 0.10957007855176925659 0.10218913853168487549 0.11950496584177017212 0.10526202619075775146
0.095210857689380645752 0.10257064551115036011 0.10742727667093276978 0.10903644561767578125 0.11029370129108428955 0.10110822319984436035 0.12407754361629486084 0.15196691453456878662 0.17773185670375823975 0.18618975579738616943 0.18785059452056884766 0.18507172167301177979 0.1812267601490020752 0.17722754180431365967 0.15218776464462280273 0.15031002461910247803 0.14563357830047607422 0.12937843799591064453 0.13126762211322784424 0.13287428021430969238 0.1315259784460067749 0.13133072853088378906 0.13939929008483886719 0.12112264335155487061 0.10167061537504196167 0.10448450595140457153 0.13423997163772583008 0.14493620395660400391 0.14747063815593719482 0.15363404154777526855 0.15122877061367034912 0.15722198784351348877 0.15155257284641265869 0.14203514158725738525 0.1347128450870513916 0.12729537487030029297 0.11045671999454498291 0.091990813612937927246 0.11803589761257171631 0.10556454956531524658
0.11414059251546859741 0.13025353848934173584 0.11884757131338119507 0.10709998011589050293 0.10988882184028625488 0.12793980538845062256 0.15571835637092590332 0.17708469927310943604 0.19947525858879089355 0.20592625439167022705 0.19824823737144470215 0.18525436520576477051 0.16953174769878387451 0.1635284125804901123 0.14140312373638153076 0.15473811328411102295 0.15643446147441864014 0.13185231387615203857 0.11473754793405532837 0.11522439867258071899 0.11273778975009918213 0.11627568304538726807 0.10809814929962158203 0.092521883547306060791 0.093967236578464508057 0.094997294247150421143 0.12196262180805206299 0.14684362709522247314 0.15046778321266174316 0.1517963111400604248 0.14943498373031616211 0.15643224120140075684 0.13867279887199401855 0.13836124539375305176 0.13414393365383148193 0.12487273663282394409 0.11282916367053985596 0.10259398818016052246 0.11450391262769699097 0.11204824596643447876
