INPUT/RASTER/ASCII/red2023.asc
ncols        225
nrows        269
xllcorner    473009.983799999987
yllcorner    4429051.174800000153
cellsize     50.000000000000
NODATA_value -9999
[rows 36 to 53 of 269, columns 120 to 159 of 225]
0.077716976404190063477 0.12367940694093704224 0.14217686653137207031 0.097832381725311279297 0.090306051075458526611 0.10388923436403274536 0.1023303791880607605 0.085012212395668029785 0.093131743371486663818 0.084286585450172424316 0.078143984079360961914 0.08879680931568145752 0.10225523263216018677 0.10103473067283630371 0.09335362166166305542 0.084908358752727508545 0.089707918465137481689 0.091816082596778869629 0.08360973745584487915 0.080110922455787658691 0.069375075399875640869 0.073649905622005462646 -9999 -9999 -9999 -9999 -9999 -9999 -9999 -9999 -9999 -9999 -9999 -9999 -9999 -9999 -9999 -9999 -9999 -9999
0.085063807666301727295 0.094552770256996154785 0.13330671191215515137 0.1433124840259552002 0.096110023558139801025 0.10540140420198440552 0.11199098080396652222 0.099157869815826416016 0.088151499629020690918 0.08551642298698425293 0.07687438279390335083 0.10852959752082824707 0.10830856114625930786 0.095271378755569458008 0.10081432759761810303 0.089983008801937103271 0.086595237255096435547 0.095568709075450897217 0.093546904623508453369 0.078246735036373138428 0.076411552727222442627 0.080456450581550598145 0.071043089032173156738 -9999 -9999 -9999 -9999 -9999 -9999 -9999 -9999 -9999 -9999 -9999 -9999 -9999 -9999 -9999 -9999 -9999
0.085298202931880950928 0.091211438179016113281 0.1129109114408493042 0.14736288785934448242 0.12187974900007247925 0.099812470376491546631 0.10418737679719924927 0.11558429151773452759 0.095631234347820281982 0.09896399080753326416 0.10852743685245513916 0.12638168036937713623 0.098106421530246734619 0.11195900291204452515 0.12250065803527832031 0.12021277099847793579 0.11227369308471679688 0.1128695756196975708 0.096733219921588897705 0.078791663050651550293 0.079414635896682739258 0.078503265976905822754 0.079163767397403717041 0.073250986635684967041 -9999 -9999 -9999 -9999 -9999 -9999 -9999 -9999 -9999 -9999 -9999 -9999 -9999 -9999 -9999 -9999
0.089499972760677337646 0.097658485174179077148 0.10338473320007324219 0.10627798736095428467 0.10902419686317443848 0.085420392453670501709 0.090706422924995422363 0.10272462666034698486 0.098043337464332580566 0.087252572178840637207 0.13245914876461029053 0.15698863565921783447 0.15103931725025177002 0.15290710330009460449 0.14388646185398101807 0.14704757928848266602 0.14256504178047180176 0.1366482079029083252 0.11691305786371231079 0.092308379709720611572 0.08222936093807220459 0.093219839036464691162 0.091484412550926208496 0.072351209819316864014 -9999 -9999 -9999 -9999 -9999 -9999 -9999 -9999 -9999 -9999 -9999 -9999 -9999 -9999 -9999 -9999
0.089465029537677764893 0.081402949988842010498 0.09133364260196685791 0.080466449260711669922 0.082390502095222473145 0.075480446219444274902 0.07418832927942276001 0.075061060488224029541 0.079357355833053588867 0.091517865657806396484 0.13465331494808197021 0.17451804876327514648 0.17823150753974914551 0.17992690205574035645 0.16519221663475036621 0.15507613122463226318 0.14578999578952789307 0.13957908749580383301 0.1360391080379486084 0.10999310016632080078 0.090001821517944335938 0.10382980108261108398 0.11880256980657577515 -9999 -9999 -9999 -9999 -9999 -9999 -9999 -9999 -9999 -9999 -9999 -9999 -9999 -9999 -9999 -9999 -9999
0.096003256738185882568 0.090285487473011016846 0.096186600625514984131 0.085275031626224517822 0.075541205704212188721 0.083726614713668823242 0.087527953088283538818 0.079309061169624328613 0.078584127128124237061 0.099031515419483184814 0.14156194031238555908 0.16983993351459503174 0.17543673515319824219 0.18689663708209991455 0.18247196078300476074 0.15463790297508239746 0.1367000192403793335 0.11966454982757568359 0.11294312030076980591 0.099418647587299346924 0.098658859729766845703 0.097516745328903198242 0.10009360313415527344 0.1013185456395149231 -9999 -9999 -9999 -9999 -9999 -9999 -9999 -9999 -9999 -9999 -9999 -9999 -9999 -9999 -9999 -9999
0.09117206186056137085 0.082674831151962280273 0.082541480660438537598 0.095423959195613861084 0.093333624303340911865 0.087521500885486602783 0.089685223996639251709 0.091179236769676208496 0.092330634593963623047 0.1024797484278678894 0.12892036139965057373 0.151284828782081604 0.16990850865840911865 0.17438536882400512695 0.1782808452844619751 0.16697646677494049072 0.13640703260898590088 0.10839060693979263306 0.095504179596900939941 0.095241285860538482666 0.12697291374206542969 0.13366042077541351318 0.108210735023021698 0.11511115729808807373 0.14287991821765899658 -9999 -9999 -9999 -9999 -9999 -9999 -9999 -9999 -9999 -9999 -9999 -9999 -9999 -9999 -9999
0.079861596226692199707 0.077756620943546295166 0.077514737844467163086 0.089895687997341156006 0.1088714599609375 0.10660430043935775757 0.10576236248016357422 0.10697703808546066284 0.10083466768264770508 0.10484599322080612183 0.11702933907508850098 0.14892858266830444336 0.16590934991836547852 0.16608856618404388428 0.16544346511363983154 0.1635462641716003418 0.16062122583389282227 0.14282640814781188965 0.12162609398365020752 0.13730481266975402832 0.14965738356113433838 0.14246277511119842529 0.14104561507701873779 0.13481159508228302002 0.14166235923767089844 0.11833610385656356812 0.098700001835823059082 -9999 -9999 -9999 -9999 -9999 -9999 -9999 -9999 -9999 -9999 -9999 -9999 -9999
0.071857422590255737305 0.072938494384288787842 0.082894369959831237793 0.076804779469966888428 0.10094985365867614746 0.11904064565896987915 0.11690717935562133789 0.12893627583980560303 0.12389484792947769165 0.11811864376068115234 0.11914371699094772339 0.14310756325721740723 0.14714828133583068848 0.16284088790416717529 0.17430776357650756836 0.17001080513000488281 0.16210646927356719971 0.16525344550609588623 0.1632032245397567749 0.15675921738147735596 0.13779054582118988037 0.11778280884027481079 0.12676097452640533447 0.1234726831316947937 0.12066621333360671997 0.11401417851448059082 0.12063094228506088257 0.11329548060894012451 -9999 -9999 -9999 -9999 -9999 -9999 -9999 -9999 -9999 -9999 -9999 -9999
0.070583522319793701172 0.07441008836030960083 0.080453239381313323975 0.073881089687347412109 0.086448200047016143799 0.12585890293121337891 0.13295607268810272217 0.13724419474601745605 0.11942749470472335815 0.12517033517360687256 0.11485586315393447876 0.13506495952606201172 0.1435715407133102417 0.15839652717113494873 0.17051374912261962891 0.16676132380962371826 0.16334116458892822266 0.16195032000541687012 0.16428078711032867432 0.16043104231357574463 0.12887106835842132568 0.11767113208770751953 0.11379822343587875366 0.12000682950019836426 0.12351308763027191162 0.10268995165824890137 0.11167300492525100708 0.10791676491498947144 0.10584586858749389648 -9999 -9999 -9999 -9999 -9999 -9999 -9999 -9999 -9999 -9999 -9999
0.076347023248672485352 0.086262620985507965088 0.084060817956924438477 0.064657203853130340576 0.080939441919326782227 0.10121185332536697388 0.10768568515777587891 0.11886006593704223633 0.10595237463712692261 0.11219330877065658569 0.10369830578565597534 0.097864329814910888672 0.13259868323802947998 0.15838763117790222168 0.15635220706462860107 0.15938282012939453125 0.16224446892738342285 0.16041298210620880127 0.16053369641304016113 0.1567958444356918335 0.14031890034675598145 0.11755774170160293579 0.12440519779920578003 0.10815682262182235718 0.12342639267444610596 0.10667780786752700806 0.11082786321640014648 0.1122374609112739563 0.11814646422863006592 0.07639999687671661377 -9999 -9999 -9999 -9999 -9999 -9999 -9999 -9999 -9999 -9999
0.084649994969367980957 0.095476962625980377197 0.10011205822229385376 0.088484846055507659912 0.098956048488616943359 0.09281981736421585083 0.084080904722213745117 0.099695265293121337891 0.10447333753108978271 0.097376465797424316406 0.11397367715835571289 0.10687070339918136597 0.09362386167049407959 0.10662039369344711304 0.12149793654680252075 0.11522710323333740234 0.13667950034141540527 0.14633473753929138184 0.14327563345432281494 0.15900331735610961914 0.14697954058647155762 0.12464129924774169922 0.14009109139442443848 0.12039826810359954834 0.11800013482570648193 0.11255459487438201904 0.11322700977325439453 0.12233064323663711548 0.11210234463214874268 0.11058494448661804199 -9999 -9999 -9999 -9999 -9999 -9999 -9999 -9999 -9999 -9999
0.096297740936279296875 0.10723158717155456543 0.10943691432476043701 0.11464170366525650024 0.090112313628196716309 0.09312032163143157959 0.099825121462345123291 0.10907258093357086182 0.10523362457752227783 0.099781997501850128174 0.1164843142032623291 0.12105138599872589111 0.11394759267568588257 0.10060530155897140503 0.092341825366020202637 0.088657781481742858887 0.11332270503044128418 0.13992720842361450195 0.14558668434619903564 0.14604716002941131592 0.13907632231712341309 0.12619996070861816406 0.1204873695969581604 0.11357791721820831299 0.10417632013559341431 0.097356416285037994385 0.11461654305458068848 0.12497266381978988647 0.12068937718868255615 0.12009749561548233032 0.11279209703207015991 -9999 -9999 -9999 -9999 -9999 -9999 -9999 -9999 -9999
0.10648990422487258911 0.11449249088764190674 0.11532156169414520264 0.11734065413475036621 0.098341412842273712158 0.11648707091808319092 0.11126153916120529175 0.10428590327501296997 0.11212695389986038208 0.11969284713268280029 0.12605819106101989746 0.12883877754211425781 0.12231253832578659058 0.13369044661521911621 0.11170493811368942261 0.099112540483474731445 0.10170193016529083252 0.12050469964742660522 0.13269554078578948975 0.11856867372989654541 0.11065627634525299072 0.11568497121334075928 0.10883427411317825317 0.096461981534957885742 0.095267653465270996094 0.093942500650882720947 0.11659593135118484497 0.10882756859064102173 0.10149151086807250977 0.10900734364986419678 0.11274680495262145996 0.11277557164430618286 0.12197446078062057495 0.1234987601637840271 -9999 -9999 -9999 -9999 -9999 -9999
0.12857684493064880371 0.13627903163433074951 0.13056871294975280762 0.13247972726821899414 0.12403361499309539795 0.095063298940658569336 0.094947285950183868408 0.11049769073724746704 0.12118060141801834106 0.13809874653816223145 0.14850817620754241943 0.12632115185260772705 0.11698143184185028076 0.12634181976318359375 0.097508564591407775879 0.071735955774784088135 0.078790970146656036377 0.094543486833572387695 0.10735023766756057739 0.11011067032814025879 0.1086050570011138916 0.10230828076601028442 0.101525135338306427 0.087795093655586242676 0.10400861501693725586 0.10955876857042312622 0.089337728917598724365 0.090059593319892883301 0.079142905771732330322 0.089536383748054504395 0.1046770140528678894 0.11385840922594070435 0.11749149113893508911 0.097537845373153686523 0.077557288110256195068 -9999 -9999 -9999 -9999 -9999
0.13872483372688293457 0.15665368735790252686 0.128021240234375 0.12574049830436706543 0.13690228760242462158 0.10079231113195419312 0.10042883455753326416 0.11271424591541290283 0.12351506948471069336 0.13759666681289672852 0.10191428661346435547 0.10216907411813735962 0.090046845376491546631 0.097133278846740722656 0.072383038699626922607 0.066063135862350463867 0.08626531064510345459 0.10914704203605651855 0.11405871063470840454 0.11620774120092391968 0.11013384908437728882 0.10592596232891082764 0.10356748849153518677 0.091317735612392425537 0.11856062710285186768 0.10132385045289993286 0.090543895959854125977 0.086391225457191467285 0.069736413657665252686 0.076371684670448303223 0.09170039743185043335 0.095749482512474060059 0.09805794060230255127 0.075666956603527069092 0.074199378490447998047 0.072621911764144897461 0.069120347499847412109 -9999 -9999 -9999
0.098945543169975280762 0.097493864595890045166 0.093425124883651733398 0.10651835054159164429 0.10958259552717208862 0.11043479293584823608 0.095794096589088439941 0.09420048445463180542 0.12142774462699890137 0.12870000302791595459 0.085529945790767669678 0.077318243682384490967 0.068584300577640533447 0.078804999589920043945 0.071907870471477508545 0.080328978598117828369 0.093581616878509521484 0.11583007127046585083 0.12042336910963058472 0.1201443895697593689 0.10070662200450897217 0.094297617673873901367 0.10450992733240127563 0.10427124053239822388 0.093188233673572540283 0.090234205126762390137 0.083655558526515960693 0.089145652949810028076 0.076977267861366271973 0.078887149691581726074 0.082626715302467346191 0.075168229639530181885 0.066335387527942657471 0.064032532274723052979 0.065902918577194213867 0.081166334450244903564 0.11433659493923187256 0.096187599003314971924 -9999 -9999
0.075358375906944274902 0.085432179272174835205 0.079673454165458679199 0.074240043759346008301 0.07985445857048034668 0.088086038827896118164 0.091421149671077728271 0.10025585442781448364 0.11011467128992080688 0.13291124999523162842 0.092525541782379150391 0.072125859558582305908 0.065122641623020172119 0.078499056398868560791 0.085213780403137207031 0.096389099955558776855 0.091885253787040710449 0.11081054061651229858 0.10827226936817169189 0.10534562170505523682 0.099657624959945678711 0.090860389173030853271 0.11250913143157958984 0.10782057046890258789 0.086993254721164703369 0.079350560903549194336 0.076595701277256011963 0.085640609264373779297 0.082085944712162017822 0.082294806838035583496 0.076883405447006225586 0.069914035499095916748 0.059458915144205093384 0.063139349222183227539 0.068660572171211242676 0.094563350081443786621 0.13195413351058959961 0.10579836368560791016 0.065877415239810943604 -9999
