INPUT/RASTER/ASCII/red2021.asc
ncols        225
nrows        269
xllcorner    473009.983799999987
yllcorner    4429051.174800000153
cellsize     50.000000000000
NODATA_value -9999
[rows 216 to 233 of 269, columns 40 to 79 of 225]
0.1970612257719039917 0.17549650371074676514 0.17283082008361816406 0.17897650599479675293 0.17573414742946624756 0.18089744448661804199 0.18521894514560699463 0.18157505989074707031 0.1732241213321685791 0.17426577210426330566 0.13519473373889923096 0.12834796309471130371 0.15633769333362579346 0.16147848963737487793 0.14967991411685943604 0.13624662160873413086 0.1208726838231086731 0.1156565248966217041 0.086583763360977172852 0.071013651788234710693 0.076823048293590545654 0.086057968437671661377 0.084602035582065582275 0.077671959996223449707 0.083224631845951080322 0.10318879783153533936 0.11391120404005050659 0.11190557479858398438 0.13826441764831542969 0.11743926256895065308 0.10239083319902420044 0.10771662741899490356 0.10335803031921386719 0.094004549086093902588 0.095997080206871032715 0.12466946244239807129 0.091358996927738189697 0.099241718649864196777 0.11611807346343994141 0.11883883923292160034
0.21220000088214874268 0.1730874180793762207 0.15326663851737976074 0.155134543776512146 0.15430895984172821045 0.16962093114852905273 0.17526648938655853271 0.18318213522434234619 0.17699292302131652832 0.14296180009841918945 0.13390827178955078125 0.15549933910369873047 0.14638870954513549805 0.13553945720195770264 0.11730369925498962402 0.11355971544981002808 0.11556211113929748535 0.11082472652196884155 0.097322903573513031006 0.089953824877738952637 0.09324636310338973999 0.095027178525924682617 0.086534209549427032471 0.078293859958648681641 0.091329522430896759033 0.10596841573715209961 0.12060554325580596924 0.155420646071434021 0.18320770561695098877 0.16036257147789001465 0.15289984643459320068 0.14554038643836975098 0.15370064973831176758 0.15862692892551422119 0.16701605916023254395 0.16188767552375793457 0.12938484549522399902 0.099481843411922454834 0.10999160259962081909 0.1371018141508102417
-9999 0.16592133045196533203 0.15081684291362762451 0.15343497693538665771 0.14878486096858978271 0.15880455076694488525 0.16107252240180969238 0.16538208723068237305 0.14422917366027832031 0.13350959122180938721 0.15451416373252868652 0.15169993042945861816 0.13203044235706329346 0.099090285599231719971 0.1003974229097366333 0.11407945305109024048 0.11946143954992294312 0.10712189227342605591 0.093948051333427429199 0.10092920064926147461 0.095267437398433685303 0.085727915167808532715 0.086350567638874053955 0.08742402493953704834 0.097610004246234893799 0.11201184988021850586 0.14938485622406005859 0.18340006470680236816 0.1741660386323928833 0.17452262341976165771 0.16790257394313812256 0.1531324237585067749 0.1670897752046585083 0.18831980228424072266 0.18222928047180175781 0.14236688613891601563 0.14939355850219726563 0.12095259875059127808 0.14632850885391235352 0.10618535429239273071
-9999 0.16121511161327362061 0.16751866042613983154 0.16446250677108764648 0.15926378965377807617 0.15706495940685272217 0.13345381617546081543 0.11585817486047744751 0.12126854807138442993 0.15219160914421081543 0.15227350592613220215 0.14309355616569519043 0.10932823270559310913 0.11494407802820205688 0.095129080116748809814 0.12214261293411254883 0.12182183563709259033 0.10810177028179168701 0.10411449521780014038 0.097273141145706176758 0.087596580386161804199 0.080386571586132049561 0.080889061093330383301 0.073777072131633758545 0.07576455920934677124 0.09666919708251953125 0.15626880526542663574 0.22974319756031036377 0.18965585529804229736 0.16853623092174530029 0.16028003394603729248 0.15385515987873077393 0.16028727591037750244 0.18031471967697143555 0.15943789482116699219 0.12333277612924575806 0.17015497386455535889 0.15595504641532897949 0.18336698412895202637 0.13192515075206756592
-9999 -9999 0.16345806419849395752 0.17551164329051971436 0.15767082571983337402 0.13370120525360107422 0.12436386942863464355 0.12830217182636260986 0.14443401992321014404 0.14903964102268218994 0.15743401646614074707 0.13028717041015625 0.084738790988922119141 0.10750772058963775635 0.11556419730186462402 0.10851194709539413452 0.11581028997898101807 0.12056459486484527588 0.10718842595815658569 0.1046287044882774353 0.089651286602020263672 0.095740750432014465332 0.097521051764488220215 0.089846134185791015625 0.075171291828155517578 0.083591684699058532715 0.15944010019302368164 0.19009129703044891357 0.17554149031639099121 0.15760733187198638916 0.1651773601770401001 0.16617938876152038574 0.16520985960960388184 0.19111560285091400146 0.17591176927089691162 0.17593783140182495117 0.18747851252555847168 0.1786909252405166626 0.16719962656497955322 0.16863383352756500244
-9999 -9999 -9999 0.17490260303020477295 0.1266695559024810791 0.13298448920249938965 0.14589256048202514648 0.14692640304565429688 0.15788860619068145752 0.14309734106063842773 0.15186102688312530518 0.11678700894117355347 0.094373822212219238281 0.12146976590156555176 0.15559940040111541748 0.14761152863502502441 0.11019577831029891968 0.11588244885206222534 0.10720689594745635986 0.11478695273399353027 0.10872978717088699341 0.1047147214412689209 0.10599504411220550537 0.090117789804935455322 0.075496979057788848877 0.091982342302799224854 0.1630077660083770752 0.19549705088138580322 0.19296272099018096924 0.16118611395359039307 0.16606488823890686035 0.16524849832057952881 0.17442283034324645996 0.18952672183513641357 0.19230978190898895264 0.21246610581874847412 0.19756671786308288574 0.19870512187480926514 0.17348743975162506104 0.19491414725780487061
-9999 -9999 -9999 0.12328301370143890381 0.12367926537990570068 0.12714503705501556396 0.1365750730037689209 0.15115819871425628662 0.17259468138217926025 0.15809994935989379883 0.13283467292785644531 0.094039142131805419922 0.099053174257278442383 0.12303226441144943237 0.16623002290725708008 0.17576368153095245361 0.16179633140563964844 0.11253630369901657104 0.10053530335426330566 0.098269790410995483398 0.091333016753196716309 0.098240494728088378906 0.092596679925918579102 0.094986908137798309326 0.088022962212562561035 0.073144741356372833252 0.093032903969287872314 0.1662349700927734375 0.19204667210578918457 0.17581564188003540039 0.17256189882755279541 0.1662715226411819458 0.17272959649562835693 0.18477255105972290039 0.19498553872108459473 0.2023429572582244873 0.1966434866189956665 0.19934934377670288086 0.18829904496669769287 0.18802142143249511719
-9999 -9999 -9999 0.11363356560468673706 0.10720402002334594727 0.11297280341386795044 0.14506490528583526611 0.1519422680139541626 0.19564829766750335693 0.16381043195724487305 0.10840282589197158813 0.095129154622554779053 0.10811440646648406982 0.12042675912380218506 0.16055731475353240967 0.1700382232666015625 0.16312332451343536377 0.12670627236366271973 0.10650749504566192627 0.11567729711532592773 0.10922517627477645874 0.090537041425704956055 0.082577906548976898193 0.089686721563339233398 0.087820723652839660645 0.085866570472717285156 0.099632471799850463867 0.16165113449096679688 0.17007794976234436035 0.17331668734550476074 0.16382841765880584717 0.16392213106155395508 0.15937669575214385986 0.16472333669662475586 0.17191526293754577637 0.17573720216751098633 0.1892436593770980835 0.1953379511833190918 0.18729490041732788086 0.17589865624904632568
-9999 -9999 -9999 0.11125965416431427002 0.10259164124727249146 0.13097834587097167969 0.19664734601974487305 0.18750736117362976074 0.16698364913463592529 0.11874727159738540649 0.10163204371929168701 0.1204300224781036377 0.11815556138753890991 0.12981176376342773438 0.1467793881893157959 0.15426112711429595947 0.14584183692932128906 0.14090326428413391113 0.15209086239337921143 0.13782538473606109619 0.12078042328357696533 0.082225024700164794922 0.081780947744846343994 0.082708634436130523682 0.086042165756225585938 0.088076360523700714111 0.11986944824457168579 0.16685557365417480469 0.17437721788883209229 0.16909880936145782471 0.16016773879528045654 0.16321058571338653564 0.14035631716251373291 0.16791976988315582275 0.16118246316909790039 0.17095991969108581543 0.17469063401222229004 0.18162935972213745117 0.18643498420715332031 0.16069166362285614014
-9999 -9999 -9999 -9999 0.12119427323341369629 0.16648428142070770264 0.19952000677585601807 0.18765941262245178223 0.14638829231262207031 0.10125494003295898438 0.13072663545608520508 0.18072298169136047363 0.16933809220790863037 0.14679196476936340332 0.14395028352737426758 0.14087763428688049316 0.15051962435245513916 0.14845329523086547852 0.15292704105377197266 0.10373172163963317871 0.088105604052543640137 0.073306314647197723389 0.074524290859699249268 0.069813415408134460449 0.08121706545352935791 0.097098782658576965332 0.12662303447723388672 0.15069226920604705811 0.14214856922626495361 0.14145423471927642822 0.14175888895988464355 0.16602727770805358887 0.14067286252975463867 0.16424407064914703369 0.19028049707412719727 0.203000679612159729 0.20434194803237915039 0.17600685358047485352 0.16754458844661712646 0.16852454841136932373
-9999 -9999 -9999 0.12362529337406158447 0.11568141728639602661 0.16155806183815002441 0.18547315895557403564 0.17639625072479248047 0.11052975058555603027 0.10004419833421707153 0.14021664857864379883 0.18256050348281860352 0.18808159232139587402 0.18982522189617156982 0.14716154336929321289 0.15612140297889709473 0.16684715449810028076 0.1577091217041015625 0.13222131133079528809 0.096866503357887268066 0.093007445335388183594 0.083760149776935577393 0.070631295442581176758 0.069640986621379852295 0.091919243335723876953 0.1029677167534828186 0.14365594089031219482 0.15134027600288391113 0.14388589560985565186 0.14645533263683319092 0.15806418657302856445 0.18238744139671325684 0.17765155434608459473 0.1836786419153213501 0.19001510739326477051 0.20173595845699310303 0.2092329561710357666 0.16117465496063232422 0.16556644439697265625 0.16600795090198516846
-9999 -9999 0.089331582188606262207 0.11558272689580917358 0.11253492534160614014 0.14982572197914123535 0.18027353286743164063 0.17853841185569763184 0.12062295526266098022 0.10248113423585891724 0.12925098836421966553 0.1679343879222869873 0.19167017936706542969 0.19260036945343017578 0.13884884119033813477 0.14848992228507995605 0.16129863262176513672 0.14877636730670928955 0.12201311439275741577 0.092684768140316009521 0.099284231662750244141 0.10901558399200439453 0.098368190228939056396 0.094484195113182067871 0.097645886242389678955 0.095520101487636566162 0.13167141377925872803 0.15176093578338623047 0.1527674943208694458 0.16029527783393859863 0.16165457665920257568 0.15796935558319091797 0.16070437431335449219 0.18931630253791809082 0.1981083303689956665 0.20838844776153564453 0.20594237744808197021 0.16511315107345581055 0.16131064295768737793 0.16737708449363708496
-9999 0.1338078230619430542 0.1023345068097114563 0.10266613215208053589 0.1245513036847114563 0.17503802478313446045 0.17478819191455841064 0.14979583024978637695 0.11462347954511642456 0.10763331502676010132 0.11753033101558685303 0.14473082125186920166 0.17813169956207275391 0.14945773780345916748 0.11452239006757736206 0.10861594229936599731 0.14021009206771850586 0.12391885370016098022 0.10112048685550689697 0.096513852477073669434 0.1151444166898727417 0.12094772607088088989 0.11854890733957290649 0.10712110996246337891 0.10234006494283676147 0.10457868874073028564 0.12096516042947769165 0.14065736532211303711 0.13664975762367248535 0.15027792751789093018 0.16729855537414550781 0.17276152968406677246 0.18794943392276763916 0.1988287121057510376 0.1935030519962310791 0.18577049672603607178 0.17446538805961608887 0.17912860214710235596 0.17215406894683837891 0.16006825864315032959
-9999 0.14468790590763092041 0.10616420209407806396 0.10102348774671554565 0.11899880319833755493 0.14774022996425628662 0.15893326699733734131 0.13656949996948242188 0.096289545297622680664 0.12012097984552383423 0.11103794723749160767 0.127629891037940979 0.1400597691535949707 0.095282465219497680664 0.085657157003879547119 0.085996545851230621338 0.090685836970806121826 0.09442008286714553833 0.11607845872640609741 0.11768514662981033325 0.11623581498861312866 0.10457952320575714111 0.10514430701732635498 0.092258729040622711182 0.10401251167058944702 0.11041720956563949585 0.12137859314680099487 0.16061021387577056885 0.17609155178070068359 0.17628121376037597656 0.16705076396465301514 0.16840253770351409912 0.17188057303428649902 0.18039292097091674805 0.18973086774349212646 0.18262334167957305908 0.15936066210269927979 0.1720956265926361084 0.17044153809547424316 0.16190640628337860107
-9999 0.14159412682056427002 0.10881196707487106323 0.11135973036289215088 0.11941421031951904297 0.13084746897220611572 0.14851929247379302979 0.13739871978759765625 0.10094366967678070068 0.14178387820720672607 0.12426432222127914429 0.1259298473596572876 0.10013595223426818848 0.090338341891765594482 0.068383269011974334717 0.068962283432483673096 0.078017830848693847656 0.092201121151447296143 0.126508370041847229 0.11581604927778244019 0.10273671150207519531 0.09707972407341003418 0.094714656472206115723 0.085242234170436859131 0.10144320875406265259 0.11863543838262557983 0.13007776439189910889 0.15700061619281768799 0.17376083135604858398 0.17087054252624511719 0.16053870320320129395 0.16186952590942382813 0.18336838483810424805 0.1843112558126449585 0.19404484331607818604 0.18613184988498687744 0.15021979808807373047 0.15146966278553009033 0.16210104525089263916 0.16719916462898254395
-9999 0.089100047945976257324 0.097024515271186828613 0.10399281233549118042 0.11098590493202209473 0.13270135223865509033 0.14684262871742248535 0.12720665335655212402 0.10867222398519515991 0.16203625500202178955 0.16304618120193481445 0.1256522834300994873 0.089805305004119873047 0.096456989645957946777 0.096522092819213867188 0.090094789862632751465 0.097818903625011444092 0.11102809756994247437 0.13183429837226867676 0.118935413658618927 0.11230125278234481812 0.092416018247604370117 0.099818192422389984131 0.12423247098922729492 0.13489897549152374268 0.15518411993980407715 0.15380588173866271973 0.15111404657363891602 0.16792902350425720215 0.17979314923286437988 0.16588832437992095947 0.17089308798313140869 0.18229402601718902588 0.17209011316299438477 0.18911425769329071045 0.18158008158206939697 0.15408580005168914795 0.14222893118858337402 0.14999395608901977539 0.15095290541648864746
-9999 0.094133846461772918701 0.10404118150472640991 0.096658468246459960938 0.096848018467426300049 0.12002583593130111694 0.14104901254177093506 0.1052471548318862915 0.11528397351503372192 0.15909396111965179443 0.16319151222705841064 0.11647717654705047607 0.10397330671548843384 0.11431384831666946411 0.11994772404432296753 0.11507398635149002075 0.11637364327907562256 0.12707717716693878174 0.14294871687889099121 0.1329377591609954834 0.115139007568359375 0.086719341576099395752 0.12087544798851013184 0.17727008461952209473 0.16273611783981323242 0.16851793229579925537 0.15948386490345001221 0.15508189797401428223 0.15578874945640563965 0.17557266354560852051 0.17093041539192199707 0.17702676355838775635 0.18499925732612609863 0.18145073950290679932 0.14665684103965759277 0.14209142327308654785 0.15541863441467285156 0.14823424816131591797 0.1530027240514755249 0.1468305438756942749
-9999 0.11429999768733978271 0.11328954994678497314 0.10950262844562530518 0.099604785442352294922 0.10367541015148162842 0.11812005192041397095 0.091872900724411010742 0.10809026658535003662 0.11120671778917312622 0.12647494673728942871 0.12842820584774017334 0.11352512985467910767 0.12272486835718154907 0.1283909529447555542 0.11944520473480224609 0.11946520954370498657 0.1311053931713104248 0.12989418208599090576 0.1269143521785736084 0.11364044249057769775 0.09136225283145904541 0.13397793471813201904 0.19823260605335235596 0.18879483640193939209 0.18097095191478729248 0.1688594520092010498 0.17134720087051391602 0.18507485091686248779 0.1862382739782333374 0.18599817156791687012 0.1873086094856262207 0.15313494205474853516 0.14240275323390960693 0.12352659553289413452 0.11990392208099365234 0.13882616162300109863 0.15425200760364532471 0.17158617079257965088 0.16186961531639099121
