INPUT/RASTER/ASCII/red2021.asc
ncols        225
nrows        269
xllcorner    473009.983799999987
yllcorner    4429051.174800000153
cellsize     50.000000000000
NODATA_value -9999
[rows 234 to 251 of 269, columns 120 to 159 of 225]
0.10461718589067459106 0.10481257736682891846 0.10485421121120452881 0.087851032614707946777 0.086992219090461730957 0.097774088382720947266 0.10111407190561294556 0.090703971683979034424 0.092792525887489318848 0.10743180662393569946 0.11149562150239944458 0.10633341968059539795 0.10682150721549987793 0.098135933279991149902 0.10771802812814712524 0.11909783631563186646 0.10829949378967285156 0.1003293842077255249 0.10624137520790100098 0.10437769442796707153 0.11387663334608078003 0.11447826027870178223 0.12048766762018203735 0.11575807631015777588 0.11518013477325439453 0.11417419463396072388 0.10943989455699920654 0.10204885154962539673 0.098273552954196929932 0.098153695464134216309 0.10065109282732009888 0.091230534017086029053 0.09244737774133682251 0.092503540217876434326 0.082979336380958557129 0.091145180165767669678 0.092315301299095153809 0.10219610482454299927 0.084610790014266967773 0.076850004494190216064
0.10580501705408096313 0.10740125179290771484 0.10447851568460464478 0.10035458952188491821 0.095199726521968841553 0.10552170127630233765 0.10980820655822753906 0.096287548542022705078 0.094815067946910858154 0.10483842343091964722 0.10211141407489776611 0.1078055649995803833 0.11629145592451095581 0.10686367005109786987 0.11085515469312667847 0.11782740801572799683 0.10347089171409606934 0.096894569694995880127 0.10684840381145477295 0.11030567437410354614 0.1225751340389251709 0.11063985526561737061 0.11434558779001235962 0.11870405077934265137 0.11935006827116012573 0.11914709210395812988 0.1125402599573135376 0.10123664885759353638 0.095226012170314788818 0.093458548188209533691 0.089827015995979309082 0.087352409958839416504 0.089558787643909454346 0.087783806025981903076 0.083789080381393432617 0.096850693225860595703 0.1008624732494354248 0.10624649375677108765 0.089512504637241363525 0.079389855265617370605
0.089655853807926177979 0.098036721348762512207 0.10254377871751785278 0.096381478011608123779 0.098482318222522735596 0.10695821046829223633 0.11157291382551193237 0.099997133016586303711 0.10078214108943939209 0.10309562832117080688 0.099208980798721313477 0.11336856335401535034 0.11820882558822631836 0.10774425417184829712 0.11357112973928451538 0.11771526187658309937 0.099440760910511016846 0.10327289998531341553 0.10694611817598342896 0.11038179695606231689 0.12056329101324081421 0.11066834628582000732 0.10826551169157028198 0.11732099950313568115 0.11979485303163528442 0.11406362056732177734 0.11603450030088424683 0.097647145390510559082 0.10257938504219055176 0.098043486475944519043 0.091636344790458679199 0.093073360621929168701 0.096051573753356933594 0.086199201643466949463 0.083567805588245391846 0.096968375146389007568 0.10268044471740722656 0.095361568033695220947 0.086636960506439208984 0.077465027570724487305
0.089592225849628448486 0.12304355204105377197 0.092621512711048126221 0.099642217159271240234 0.11524236947298049927 0.12355066835880279541 0.11971966177225112915 0.10422147810459136963 0.10711562633514404297 0.10060430318117141724 0.10016996413469314575 0.10456475615501403809 0.11074726283550262451 0.11113642901182174683 0.11615063250064849854 0.11693263798952102661 0.11459992825984954834 0.11228147149085998535 0.11171156913042068481 0.10593919456005096436 0.11398974061012268066 0.1116190105676651001 0.11190934479236602783 0.11149577796459197998 0.12104643881320953369 0.10597003251314163208 0.10286041349172592163 0.093868069350719451904 0.10778200626373291016 0.10666342824697494507 0.099634252488613128662 0.095032833516597747803 0.087472319602966308594 0.077611275017261505127 0.089196532964706420898 0.10141690820455551147 0.10110606253147125244 0.085094451904296875 0.072133392095565795898 0.064339533448219299316
0.097790591418743133545 0.14244933426380157471 0.092540696263313293457 0.11939005553722381592 0.12480636686086654663 0.12794117629528045654 0.14525087177753448486 0.15757544338703155518 0.13656958937644958496 0.1099125295877456665 0.10006225854158401489 0.10258210450410842896 0.11030444502830505371 0.10769330710172653198 0.11938929557800292969 0.12179185450077056885 0.1139494478702545166 0.10801992565393447876 0.11393407732248306274 0.11184848099946975708 0.12190449982881546021 0.11930349469184875488 0.10597450286149978638 0.10801102221012115479 0.11426106840372085571 0.10499747097492218018 0.1015213504433631897 0.091428346931934356689 0.10255960375070571899 0.10492010414600372314 0.099370315670967102051 0.091465286910533905029 0.083541736006736755371 0.086910389363765716553 0.10025044530630111694 0.10343056917190551758 0.10270765423774719238 0.079811155796051025391 0.063411228358745574951 0.069424830377101898193
0.077105052769184112549 0.098605871200561523438 0.096849061548709869385 0.12478292733430862427 0.12864601612091064453 0.13370753824710845947 0.14645138382911682129 0.17155916988849639893 0.15433464944362640381 0.1464058607816696167 0.136324271559715271 0.11590402573347091675 0.1100653037428855896 0.10806930065155029297 0.11428312212228775024 0.13606557250022888184 0.11901219934225082397 0.11003664880990982056 0.11380135267972946167 0.111942291259765625 0.11062268912792205811 0.11088168621063232422 0.11046298593282699585 0.11208363622426986694 0.1151564866304397583 0.1042699962854385376 0.097038611769676208496 0.085991181433200836182 0.10046152770519256592 0.098492309451103210449 0.091796919703483581543 0.09168173372745513916 0.090099968016147613525 0.09860916435718536377 0.10128353536128997803 0.10176203399896621704 0.10689810663461685181 0.081379838287830352783 0.059516951441764831543 0.076975196599960327148
0.067068830132484436035 0.090784586966037750244 0.10997980087995529175 0.12235601991415023804 0.13539093732833862305 0.14238564670085906982 0.16006475687026977539 0.17060418426990509033 0.15401339530944824219 0.14482247829437255859 0.14754565060138702393 0.15639910101890563965 0.13590422272682189941 0.12118773907423019409 0.12184599786996841431 0.13992649316787719727 0.12421007454395294189 0.11458604037761688232 0.11413887888193130493 0.11637085676193237305 0.10809281468391418457 0.10721512883901596069 0.11305645108222961426 0.10984185338020324707 0.11225600540637969971 0.10114625096321105957 0.097503840923309326172 0.088016450405120849609 0.10043310374021530151 0.099328398704528808594 0.095037102699279785156 0.10108958184719085693 0.097988672554492950439 0.097882144153118133545 0.10087066888809204102 0.10250940918922424316 0.097670234739780426025 0.086880989372730255127 0.056707970798015594482 0.07180735468864440918
0.11391693353652954102 0.11826968938112258911 0.13938632607460021973 0.13463397324085235596 0.14033418893814086914 0.15538962185382843018 0.15602894127368927002 0.16556479036808013916 0.16161565482616424561 0.13622123003005981445 0.14993003010749816895 0.16526398062705993652 0.13247795403003692627 0.12575477361679077148 0.13300900161266326904 0.12612697482109069824 0.11578477919101715088 0.11487443000078201294 0.11275544017553329468 0.11231514066457748413 0.10358486324548721313 0.1239539608359336853 0.12746834754943847656 0.098108001053333282471 0.091673955321311950684 0.094955943524837493896 0.10130052268505096436 0.10144381970167160034 0.10693506896495819092 0.10565126687288284302 0.099902883172035217285 0.09666668623685836792 0.10164183378219604492 0.096667833626270294189 0.10156220197677612305 0.099681168794631958008 0.085225462913513183594 0.089648559689521789551 0.066680185496807098389 0.073620840907096862793
0.12953113019466400146 0.14111818373203277588 0.15742987394332885742 0.13908594846725463867 0.14988346397876739502 0.15540391206741333008 0.14300608634948730469 0.15227219462394714355 0.16815081238746643066 0.15026985108852386475 0.16904442012310028076 0.15910905599594116211 0.12676094472408294678 0.11615826189517974854 0.11572831869125366211 0.11823663860559463501 0.1172652319073677063 0.10886926949024200439 0.11126898229122161865 0.11762104183435440063 0.10945268720388412476 0.11652399599552154541 0.11246689409017562866 0.094039633870124816895 0.09006299823522567749 0.091488249599933624268 0.097133278846740722656 0.10392177850008010864 0.10777142643928527832 0.10749043524265289307 0.098572954535484313965 0.097722999751567840576 0.098197020590305328369 0.1011795923113822937 0.10442012548446655273 0.095514066517353057861 0.083830349147319793701 0.072752982378005981445 0.066159896552562713623 0.078402109444141387939
0.12854053080081939697 0.14105555415153503418 0.16702422499656677246 0.16851887106895446777 0.160780295729637146 0.15913455188274383545 0.13962656259536743164 0.163743630051612854 0.17738316953182220459 0.17412215471267700195 0.18103232979774475098 0.16014011204242706299 0.13066965341567993164 0.12959040701389312744 0.11985614895820617676 0.11775619536638259888 0.11926276981830596924 0.10762286931276321411 0.10331109911203384399 0.11007101833820343018 0.098601251840591430664 0.092139519751071929932 0.085046336054801940918 0.092772088944911956787 0.10776672512292861938 0.10761623084545135498 0.098427496850490570068 0.10295826941728591919 0.11049285531044006348 0.10425760596990585327 0.10320230573415756226 0.094313755631446838379 0.096598811447620391846 0.10079350322484970093 0.10081148892641067505 0.093818172812461853027 0.084397025406360626221 0.06979500502347946167 0.068437010049819946289 0.093605220317840576172
0.12666706740856170654 0.1570644378662109375 0.17026002705097198486 0.16006891429424285889 0.15841193497180938721 0.15603771805763244629 0.14455844461917877197 0.1589899212121963501 0.17167586088180541992 0.18044738471508026123 0.17794242501258850098 0.15572868287563323975 0.14017200469970703125 0.14889439940452575684 0.13424257934093475342 0.11328021436929702759 0.11263951659202575684 0.10721881687641143799 0.10859696567058563232 0.11364624649286270142 0.10576594620943069458 0.10346437990665435791 0.088040933012962341309 0.090724609792232513428 0.10718678683042526245 0.11786952614784240723 0.10711009800434112549 0.10890399664640426636 0.11210964620113372803 0.11169053614139556885 0.10531731694936752319 0.092718660831451416016 0.091893285512924194336 0.100940704345703125 0.10030854493379592896 0.10100434720516204834 0.07735141366720199585 0.058727219700813293457 0.062736056745052337646 0.084515638649463653564
0.13943189382553100586 0.17183542251586914063 0.16044420003890991211 0.16012418270111083984 0.16350434720516204834 0.14125484228134155273 0.14474697411060333252 0.15406057238578796387 0.16489696502685546875 0.17529405653476715088 0.18136034905910491943 0.16345329582691192627 0.1511090695858001709 0.15337109565734863281 0.14712332189083099365 0.12172237783670425415 0.12032681703567504883 0.11117962002754211426 0.11205750703811645508 0.10325191915035247803 0.10331071913242340088 0.098774373531341552734 0.091626875102519989014 0.099915288388729095459 0.10973121225833892822 0.11436342447996139526 0.11822842806577682495 0.11386823654174804688 0.11794865131378173828 0.11625272035598754883 0.10519201308488845825 0.091167837381362915039 0.089175112545490264893 0.093996867537498474121 0.093839965760707855225 0.087528564035892486572 0.070545695722103118896 0.058620058000087738037 0.063480250537395477295 0.078363470733165740967
0.10045775771141052246 0.10831129550933837891 0.10096341371536254883 0.12454774975776672363 0.14722540974617004395 0.12808305025100708008 0.12822441756725311279 0.15806923806667327881 0.1647424846887588501 0.16965647041797637939 0.17539569735527038574 0.16432948410511016846 0.16881372034549713135 0.16221873462200164795 0.14099939167499542236 0.12816847860813140869 0.12089737504720687866 0.11363159865140914917 0.10751165449619293213 0.10305900126695632935 0.10951186716556549072 0.10560308396816253662 0.09946260601282119751 0.10663645714521408081 0.10347224026918411255 0.10599718987941741943 0.11672691255807876587 0.1222951933741569519 0.1201716884970664978 0.10962224006652832031 0.10286993533372879028 0.098768308758735656738 0.088692426681518554688 0.089155271649360656738 0.093065060675144195557 0.081998139619827270508 0.072259157896041870117 0.06517861783504486084 0.069990962743759155273 0.072722874581813812256
0.07204135507345199585 0.070039249956607818604 0.067126698791980743408 0.072647280991077423096 0.11939815431833267212 0.12218322604894638062 0.12668406963348388672 0.16163279116153717041 0.16555628180503845215 0.17008824646472930908 0.16909913718700408936 0.14162744581699371338 0.1770715564489364624 0.16437178850173950195 0.13279144465923309326 0.12821605801582336426 0.12915343046188354492 0.11072050034999847412 0.1097830161452293396 0.10359781980514526367 0.10636717081069946289 0.100600413978099823 0.10774058103561401367 0.10431848466396331787 0.1112120896577835083 0.10791247338056564331 0.11433255672454833984 0.12008454650640487671 0.12039430439472198486 0.11434525251388549805 0.1078210100531578064 0.1057333722710609436 0.092303171753883361816 0.093203552067279815674 0.10132826119661331177 0.086793527007102966309 0.070857428014278411865 0.067107975482940673828 0.064063332974910736084 0.061393901705741882324
0.072433792054653167725 0.078699827194213867188 0.067549012601375579834 0.063168957829475402832 0.09746506810188293457 0.11659671366214752197 0.12677586078643798828 0.15690362453460693359 0.14760318398475646973 0.1652466505765914917 0.16008967161178588867 0.11564075946807861328 0.17530137300491333008 0.14808245003223419189 0.13565258681774139404 0.12745876610279083252 0.13028672337532043457 0.10973227024078369141 0.099122934043407440186 0.097977377474308013916 0.1059565320611000061 0.10444191843271255493 0.10607548058032989502 0.11029823124408721924 0.13146512210369110107 0.1109485328197479248 0.10969740152359008789 0.11917901039123535156 0.11894730478525161743 0.11503258347511291504 0.10814400762319564819 0.10286732017993927002 0.090376555919647216797 0.09613332897424697876 0.095617577433586120605 0.092986911535263061523 0.07346038520336151123 0.064835473895072937012 0.057996094226837158203 0.054549463093280792236
0.066950924694538116455 0.076549485325813293457 0.064474567770957946777 0.064795516431331634521 0.098952934145927429199 0.111982688307762146 0.12013616412878036499 0.14504154026508331299 0.13455761969089508057 0.1466385573148727417 0.14291246235370635986 0.12392027676105499268 0.17630152404308319092 0.13874061405658721924 0.1310532987117767334 0.13466170430183410645 0.12035676836967468262 0.11059816926717758179 0.10128291696310043335 0.09624265134334564209 0.099334076046943664551 0.11112368106842041016 0.11112305521965026855 0.10675501823425292969 0.12763872742652893066 0.12377730756998062134 0.11232325434684753418 0.1139728054404258728 0.11384276300668716431 0.10665097087621688843 0.10059674829244613647 0.099605038762092590332 0.088114768266677856445 0.096870414912700653076 0.094261340796947479248 0.089215643703937530518 0.066970013082027435303 0.063721023499965667725 0.056130114942789077759 0.053614381700754165649
0.063721321523189544678 0.066112950444221496582 0.06376291811466217041 0.060639217495918273926 0.08061107248067855835 0.11041149497032165527 0.09542916715145111084 0.092961952090263366699 0.093942515552043914795 0.1140508800745010376 0.11321058869361877441 0.1300271153450012207 0.16733673214912414551 0.1301164478063583374 0.12413338571786880493 0.15217737853527069092 0.14285774528980255127 0.12313659489154815674 0.092548109591007232666 0.091700017452239990234 0.083702765405178070068 0.10133144259452819824 0.11578200012445449829 0.11138018220663070679 0.10944072157144546509 0.12784570455551147461 0.11555077135562896729 0.11465787142515182495 0.11936802417039871216 0.11175637692213058472 0.10260460525751113892 0.10396211594343185425 0.093883834779262542725 0.097777791321277618408 0.08617652207612991333 0.080290168523788452148 0.064408831298351287842 0.066176481544971466064 0.055576339364051818848 0.053788989782333374023
0.069128260016441345215 0.065379455685615539551 0.061048191040754318237 0.065793357789516448975 0.073712296783924102783 0.084009535610675811768 0.072647050023078918457 0.065719053149223327637 0.089087873697280883789 0.11634825915098190308 0.12076880782842636108 0.12123574316501617432 0.1392580568790435791 0.1348749697208404541 0.1368633657693862915 0.16909277439117431641 0.16369129717350006104 0.12809325754642486572 0.097875073552131652832 0.087069198489189147949 0.079910062253475189209 0.097222454845905303955 0.11645419150590896606 0.11056637018918991089 0.098378114402294158936 0.1041197851300239563 0.12381348013877868652 0.11849188059568405151 0.12083083391189575195 0.10956318676471710205 0.10103167593479156494 0.10421693325042724609 0.093667581677436828613 0.086145661771297454834 0.076470866799354553223 0.077400274574756622314 0.073102943599224090576 0.077773727476596832275 0.057218585163354873657 0.053827065974473953247
