INPUT/RASTER/ASCII/red2021.asc
ncols        225
nrows        269
xllcorner    473009.983799999987
yllcorner    4429051.174800000153
cellsize     50.000000000000
NODATA_value -9999
[rows 162 to 179 of 269, columns 40 to 79 of 225]
0.13462068140506744385 0.099234767258167266846 0.10863887518644332886 0.088350035250186920166 0.08996531367301940918 0.08624900132417678833 0.0881252288818359375 0.098981454968452453613 0.10964816808700561523 0.14744512736797332764 0.15992304682731628418 0.11606453359127044678 0.14303514361381530762 0.17278023064136505127 0.16882839798927307129 0.1519768834114074707 0.15665903687477111816 0.12764333188533782959 0.076549746096134185791 0.071962125599384307861 0.095982447266578674316 0.12400441616773605347 0.089658454060554504395 0.085783459246158599854 0.10000922530889511108 0.13075220584869384766 0.14585971832275390625 0.1256367117166519165 0.1260614544153213501 0.12579849362373352051 0.13447892665863037109 0.14759169518947601318 0.17390871047973632813 0.18696522712707519531 0.20595598220825195313 0.17855034768581390381 0.14012280106544494629 0.11399074643850326538 0.12618300318717956543 0.1419200599193572998
0.13606284558773040771 0.092872470617294311523 0.08977864682674407959 0.089221552014350891113 0.092994414269924163818 0.099158704280853271484 0.10432395339012145996 0.1037602648138999939 0.10693109035491943359 0.14075267314910888672 0.11837367713451385498 0.11330453306436538696 0.15415906906127929688 0.1628735959529876709 0.1524400860071182251 0.13722993433475494385 0.12297119200229644775 0.092473953962326049805 0.074065566062927246094 0.080645620822906494141 0.095545113086700439453 0.0912973061203956604 0.092810064554214477539 0.10513178259134292603 0.1242086365818977356 0.16332897543907165527 0.16801010072231292725 0.14167414605617523193 0.14649674296379089355 0.15468813478946685791 0.15109519660472869873 0.14214162528514862061 0.16028091311454772949 0.19246755540370941162 0.20274528861045837402 0.16825416684150695801 0.13386847078800201416 0.099301673471927642822 0.10516796261072158813 0.11250137537717819214
0.13769663870334625244 0.10514312237501144409 0.082118995487689971924 0.092029429972171783447 0.097034424543380737305 0.11095440387725830078 0.10633604228496551514 0.10263749957084655762 0.090652376413345336914 0.10783880949020385742 0.096917517483234405518 0.13322784006595611572 0.15463899075984954834 0.14451795816421508789 0.13763433694839477539 0.11124409735202789307 0.088267974555492401123 0.068531952798366546631 0.075045265257358551025 0.080538101494312286377 0.087746724486351013184 0.089831434190273284912 0.10458354651927947998 0.10630538314580917358 0.1103036925196647644 0.14679622650146484375 0.1606359332799911499 0.15048870444297790527 0.14359351992607116699 0.14870941638946533203 0.15782317519187927246 0.15127110481262207031 0.14179795980453491211 0.12993891537189483643 0.15341627597808837891 0.15002581477165222168 0.15168963372707366943 0.16800908744335174561 0.14835596084594726563 0.10303677618503570557
0.1259419173002243042 0.10233923792839050293 0.10274633020162582397 0.10148624330759048462 0.11058258265256881714 0.11320514976978302002 0.091197371482849121094 0.092487454414367675781 0.087848998606204986572 0.085677355527877807617 0.11229256540536880493 0.13818188011646270752 0.13928592205047607422 0.10889557749032974243 0.10266734659671783447 0.090848341584205627441 0.076958015561103820801 0.072637580335140228271 0.079687155783176422119 0.097680270671844482422 0.12061237543821334839 0.091731935739517211914 0.096497334539890289307 0.10763313621282577515 0.097523160278797149658 0.13727915287017822266 0.14394240081310272217 0.14768174290657043457 0.15956833958625793457 0.16607773303985595703 0.16252712905406951904 0.1828022301197052002 0.14952224493026733398 0.11444753408432006836 0.12013104557991027832 0.15443204343318939209 0.19868557155132293701 0.20893923938274383545 0.19175106287002563477 0.11923898756504058838
0.11451836675405502319 0.08988736569881439209 0.1055958867073059082 0.11470593512058258057 0.12310023605823516846 0.10748977214097976685 0.088129460811614990234 0.089290447533130645752 0.0723497048020362854 0.088991090655326843262 0.12801747024059295654 0.13481059670448303223 0.11303785443305969238 0.06953404843807220459 0.063721686601638793945 0.064226061105728149414 0.074314296245574951172 0.080170497298240661621 0.10345002263784408569 0.14483247697353363037 0.11784807592630386353 0.097410775721073150635 0.11148592829704284668 0.11732001602649688721 0.10734967887401580811 0.12252283841371536255 0.14004915952682495117 0.14534580707550048828 0.14840593934059143066 0.15315252542495727539 0.14170742034912109375 0.14565388858318328857 0.12771122157573699951 0.1142357364296913147 0.12455836683511734009 0.18148015439510345459 0.20908866822719573975 0.21026000380516052246 0.19586059451103210449 0.13125495612621307373
0.092209167778491973877 0.09705553203821182251 0.11619816720485687256 0.11082594841718673706 0.10362992435693740845 0.091831915080547332764 0.096792772412300109863 0.094302736222743988037 0.081086680293083190918 0.10635095089673995972 0.12010388821363449097 0.12183580547571182251 0.081064298748970031738 0.063711754977703094482 0.07669830322265625 0.072864770889282226563 0.078851841390132904053 0.098430782556533813477 0.13723155856132507324 0.15409101545810699463 0.11969303339719772339 0.11647377908229827881 0.12790726125240325928 0.13284403085708618164 0.13210125267505645752 0.10547840595245361328 0.11108489334583282471 0.13322247564792633057 0.15225943922996520996 0.14350746572017669678 0.13273628056049346924 0.11268819123506546021 0.11999399960041046143 0.11493758112192153931 0.1171657070517539978 0.1798470914363861084 0.20763550698757171631 0.20477022230625152588 0.1699228435754776001 0.14794087409973144531
0.085210308432579040527 0.10382790863513946533 0.1195990145206451416 0.10219940543174743652 0.087292313575744628906 0.078319914638996124268 0.092953927814960479736 0.090795390307903289795 0.074469342827796936035 0.075879558920860290527 0.093056641519069671631 0.11257655918598175049 0.078101262450218200684 0.068345077335834503174 0.075483500957489013672 0.07200778275728225708 0.083047583699226379395 0.096987441182136535645 0.093677282333374023438 0.15069904923439025879 0.18234376609325408936 0.15540133416652679443 0.13194383680820465088 0.15879975259304046631 0.14074140787124633789 0.10893850773572921753 0.090821579098701477051 0.12960059940814971924 0.16730663180351257324 0.14751681685447692871 0.12365539371967315674 0.11821180582046508789 0.14390195906162261963 0.1369857490062713623 0.13768334686756134033 0.14186288416385650635 0.16289184987545013428 0.16362464427947998047 0.15320283174514770508 0.15115201473236083984
0.092475704848766326904 0.10535457730293273926 0.12379857897758483887 0.11085306853055953979 0.082737706601619720459 0.073328591883182525635 0.082849703729152679443 0.076896540820598602295 0.073673099279403686523 0.069411203265190124512 0.091035351157188415527 0.096680074930191040039 0.067740201950073242188 0.062252387404441833496 0.06587480008602142334 0.079221710562705993652 0.093723237514495849609 0.086570873856544494629 0.083419978618621826172 0.10809108614921569824 0.14725644886493682861 0.12360432744026184082 0.094371117651462554932 0.10350131243467330933 0.10730262100696563721 0.11597252637147903442 0.099266007542610168457 0.11900359392166137695 0.13785044848918914795 0.1387939155101776123 0.12003885209560394287 0.10316680371761322021 0.12035550177097320557 0.13927267491817474365 0.14963547885417938232 0.14711725711822509766 0.15993766486644744873 0.17175792157649993896 0.18619048595428466797 0.15197195112705230713
0.096173949539661407471 0.098013997077941894531 0.10392498224973678589 0.093842864036560058594 0.081882558763027191162 0.079418793320655822754 0.078564770519733428955 0.080556191504001617432 0.080102697014808654785 0.077977575361728668213 0.10854990780353546143 0.10184340178966522217 0.069940492510795593262 0.072182223200798034668 0.084216892719268798828 0.092386975884437561035 0.10020631551742553711 0.099609747529029846191 0.088490284979343414307 0.086377546191215515137 0.097553618252277374268 0.11279904842376708984 0.091389596462249755859 0.095422834157943725586 0.10392133146524429321 0.10823500901460647583 0.1045870557427406311 0.109635964035987854 0.13280650973320007324 0.15417797863483428955 0.15207342803478240967 0.10007696598768234253 0.10073281079530715942 0.1273851245641708374 0.14501434564590454102 0.16225995123386383057 0.14086402952671051025 0.17354115843772888184 0.16611686348915100098 0.14586503803730010986
0.094827465713024139404 0.085752986371517181396 0.088574729859828948975 0.080914422869682312012 0.079201273620128631592 0.079376645386219024658 0.070851244032382965088 0.083831809461116790771 0.095735557377338409424 0.10141773521900177002 0.090360149741172790527 0.078725926578044891357 0.074836187064647674561 0.085848249495029449463 0.092114135622978210449 0.10015415400266647339 0.092680051922798156738 0.097171485424041748047 0.10105568915605545044 0.088103152811527252197 0.11054272949695587158 0.12024682015180587769 0.10361474752426147461 0.095388963818550109863 0.10427664965391159058 0.10127910971641540527 0.092976935207843780518 0.10038917511701583862 0.12776586413383483887 0.13549862802028656006 0.13024082779884338379 0.1021880805492401123 0.11914989352226257324 0.14674319326877593994 0.14903596043586730957 0.15858027338981628418 0.1672461777925491333 0.15280230343341827393 0.13853301107883453369 0.14439502358436584473
0.084237381815910339355 0.078419260680675506592 0.074652247130870819092 0.071353793144226074219 0.065401054918766021729 0.063768818974494934082 0.06369832158088684082 0.07386830449104309082 0.084919348359107971191 0.088958337903022766113 0.070630110800266265869 0.075685322284698486328 0.093560762703418731689 0.083730958402156829834 0.085553765296936035156 0.089007005095481872559 0.084565378725528717041 0.093948252499103546143 0.09353567659854888916 0.095030359923839569092 0.10132928192615509033 0.10526747256517410278 0.098672032356262207031 0.093071579933166503906 0.09073438495397567749 0.10003007948398590088 0.10136576741933822632 0.11397745460271835327 0.12559185922145843506 0.10341289639472961426 0.086526900529861450195 0.089727647602558135986 0.11311694234609603882 0.14035484194755554199 0.16308495402336120605 0.14456658065319061279 0.15479721128940582275 0.13211013376712799072 0.12374372780323028564 0.12534770369529724121
0.072529137134552001953 0.072494380176067352295 0.072314038872718811035 0.066028371453285217285 0.059520710259675979614 0.061171691864728927612 0.071204356849193572998 0.07238337397575378418 0.094288080930709838867 0.080013096332550048828 0.077934578061103820801 0.087990812957286834717 0.089440703392028808594 0.085351362824440002441 0.093665011227130889893 0.10890312492847442627 0.10239610075950622559 0.11120008677244186401 0.1068332865834236145 0.092655211687088012695 0.094607844948768615723 0.099679179489612579346 0.095747828483581542969 0.090902321040630340576 0.10081800073385238647 0.10223774611949920654 0.12506940960884094238 0.1386925429105758667 0.13018213212490081787 0.10862164199352264404 0.081919446587562561035 0.083647705614566802979 0.10584285110235214233 0.1265827566385269165 0.12424162775278091431 0.14594404399394989014 0.16303895413875579834 0.13461422920227050781 0.12665612995624542236 0.12002682685852050781
0.069771908223628997803 0.074549682438373565674 0.076643660664558410645 0.08139781653881072998 0.066319555044174194336 0.06215944141149520874 0.067657656967639923096 0.064989715814590454102 0.074456654489040374756 0.085220173001289367676 0.087448053061962127686 0.089513979852199554443 0.094204775989055633545 0.085586614906787872314 0.10314207524061203003 0.10975876450538635254 0.10752782970666885376 0.11110401898622512817 0.11908950656652450562 0.10951860249042510986 0.099662616848945617676 0.096817508339881896973 0.087037101387977600098 0.09849964827299118042 0.090058706700801849365 0.11344801634550094604 0.15406616032123565674 0.15239928662776947021 0.11778946220874786377 0.092369385063648223877 0.089525632560253143311 0.098904199898242950439 0.10583186149597167969 0.13037326931953430176 0.13108773529529571533 0.13970676064491271973 0.13641825318336486816 0.10999228060245513916 0.12031798064708709717 0.11955758929252624512
0.07665789872407913208 0.080662079155445098877 0.084550894796848297119 0.090435251593589782715 0.081904247403144836426 0.074335329234600067139 0.069423660635948181152 0.066948108375072479248 0.081649206578731536865 0.078837081789970397949 0.074498131871223449707 0.088221535086631774902 0.09730876237154006958 0.095154784619808197021 0.11140439659357070923 0.11048118770122528076 0.10228152573108673096 0.11115203052759170532 0.11721324920654296875 0.11785940825939178467 0.12181956321001052856 0.11682499200105667114 0.09553537517786026001 0.095358893275260925293 0.079166814684867858887 0.091590031981468200684 0.13048592209815979004 0.14564155042171478271 0.1180997118353843689 0.10374663025140762329 0.084874354302883148193 0.086254768073558807373 0.10286692529916763306 0.14116838574409484863 0.14606818556785583496 0.13525497913360595703 0.12384524941444396973 0.10278373956680297852 0.11658035963773727417 0.12087576091289520264
0.081729233264923095703 0.092332959175109863281 0.084705404937267303467 0.074585936963558197021 0.078996032476425170898 0.0703565254807472229 0.081903606653213500977 0.087482206523418426514 0.081325307488441467285 0.077390275895595550537 0.082907147705554962158 0.095744363963603973389 0.099660515785217285156 0.098082847893238067627 0.10129505395889282227 0.095901794731616973877 0.089447446167469024658 0.090447381138801574707 0.10487718880176544189 0.11445135623216629028 0.12207230180501937866 0.12145726382732391357 0.11366952955722808838 0.098618224263191223145 0.075915582478046417236 0.065853051841259002686 0.094470478594303131104 0.14358587563037872314 0.12335339933633804321 0.089497856795787811279 0.079629421234130859375 0.088037274777889251709 0.095163740217685699463 0.14176441729068756104 0.16796346008777618408 0.15329052507877349854 0.14412714540958404541 0.11876403540372848511 0.11033818870782852173 0.13735778629779815674
0.1050832793116569519 0.10728932172060012817 0.086383432149887084961 0.07295176386833190918 0.091285757720470428467 0.090034477412700653076 0.094596631824970245361 0.066035434603691101074 0.065730035305023193359 0.070934697985649108887 0.091676600277423858643 0.10145688802003860474 0.08768031001091003418 0.090845279395580291748 0.10023502260446548462 0.099310688674449920654 0.088054671883583068848 0.087757259607315063477 0.093122050166130065918 0.10326097160577774048 0.11658244580030441284 0.11819054931402206421 0.10836664587259292603 0.1339368969202041626 0.092392288148403167725 0.066841915249824523926 0.11200662702322006226 0.12116351723670959473 0.098111644387245178223 0.086412541568279266357 0.085493274033069610596 0.082175418734550476074 0.084392435848712921143 0.12049319595098495483 0.16232885420322418213 0.13806319236755371094 0.13900698721408843994 0.13184796273708343506 0.13901798427104949951 0.15206807851791381836
0.11711855977773666382 0.094539225101470947266 0.084240876138210296631 0.090671703219413757324 0.10165715217590332031 0.10271453857421875 0.094705879688262939453 0.066695742309093475342 0.068656265735626220703 0.082562759518623352051 0.10114461928606033325 0.090023830533027648926 0.087829865515232086182 0.089072950184345245361 0.098253428936004638672 0.091167978942394256592 0.088730379939079284668 0.087204493582248687744 0.091011561453342437744 0.10154423117637634277 0.1305961310863494873 0.10830654948949813843 0.11373234540224075317 0.13341316580772399902 0.098949030041694641113 0.088915504515171051025 0.12394209206104278564 0.085764266550540924072 0.084612585604190826416 0.10662168264389038086 0.11004240810871124268 0.091187253594398498535 0.081789590418338775635 0.095460198819637298584 0.14096403121948242188 0.14204123616218566895 0.12829543650150299072 0.12484108656644821167 0.14547707140445709229 0.15218918025493621826
0.16354773938655853271 0.12346585094928741455 0.09758256375789642334 0.11259712278842926025 0.0998403206467628479 0.10793822258710861206 0.082208842039108276367 0.072639167308807373047 0.072847038507461547852 0.084932729601860046387 0.09754648059606552124 0.092987097799777984619 0.087893575429916381836 0.099936969578266143799 0.1094601750373840332 0.10143759101629257202 0.10437862575054168701 0.089167110621929168701 0.088466003537178039551 0.094168633222579956055 0.10383193939924240112 0.097437031567096710205 0.12497255951166152954 0.14256171882152557373 0.12450035661458969116 0.14197441935539245605 0.10314262658357620239 0.075508669018745422363 0.084702879190444946289 0.10584460198879241943 0.11008237302303314209 0.088495671749114990234 0.09061060100793838501 0.099651381373405456543 0.14054588973522186279 0.13759441673755645752 0.11613851040601730347 0.1045943722128868103 0.12279752641916275024 0.1326542198657989502
