INPUT/RASTER/ASCII/red2023.asc
ncols        225
nrows        269
xllcorner    473009.983799999987
yllcorner    4429051.174800000153
cellsize     50.000000000000
NODATA_value -9999
[rows 180 to 197 of 269, columns 160 to 199 of 225]
0.12057309597730636597 0.15051375329494476318 0.17681817710399627686 0.17167735099792480469 0.15854468941688537598 0.16039599478244781494 0.11678390204906463623 0.096054822206497192383 0.096489690244197845459 0.091607555747032165527 0.088765777647495269775 0.10276529192924499512 0.11300704628229141235 0.094675794243812561035 0.098536036908626556396 0.089824348688125610352 0.084970355033874511719 0.095805905759334564209 0.10548469424247741699 0.10260860621929168701 0.080080695450305938721 0.076167568564414978027 0.070760205388069152832 0.0782888755202293396 0.082878381013870239258 0.084942385554313659668 0.081727966666221618652 0.080423638224601745605 0.080769918859004974365 0.07902447134256362915 0.079804316163063049316 0.079948984086513519287 0.11199177056550979614 0.11633184552192687988 0.10236316919326782227 0.092822745442390441895 0.092779934406280517578 0.10350745916366577148 0.096867486834526062012 0.081914119422435760498
0.10943174362182617188 0.15842844545841217041 0.18285867571830749512 0.16406221687793731689 0.16289643943309783936 0.1399240642786026001 0.094454742968082427979 0.079649388790130615234 0.078758187592029571533 0.083178259432315826416 0.082351401448249816895 0.090701542794704437256 0.10692064464092254639 0.09904982149600982666 0.11788589507341384888 0.12460252642631530762 0.10941035300493240356 0.10060586035251617432 0.092310681939125061035 0.089651316404342651367 0.088763482868671417236 0.080339156091213226318 0.080693684518337249756 0.085919275879859924316 0.092326685786247253418 0.097860969603061676025 0.088198721408843994141 0.091258116066455841064 0.087459228932857513428 0.08431892096996307373 0.091549560427665710449 0.096465058624744415283 0.12234623730182647705 0.10151217132806777954 0.096855185925960540771 0.10913702845573425293 0.089280068874359130859 0.096813239157199859619 0.10376142710447311401 0.087236702442169189453
0.11181041598320007324 0.17292389273643493652 0.18783737719058990479 0.16783221065998077393 0.14905110001564025879 0.10632780194282531738 0.087038435041904449463 0.083988219499588012695 0.090598024427890777588 0.087512783706188201904 0.071449555456638336182 0.087077252566814422607 0.13441458344459533691 0.12649832665920257568 0.16314895451068878174 0.13261619210243225098 0.12463792413473129272 0.12159720063209533691 0.10057325661182403564 0.096600107848644256592 0.089320093393325805664 0.084662154316902160645 0.07850189507007598877 0.091868609189987182617 0.097428098320960998535 0.094674795866012573242 0.087845414876937866211 0.093067735433578491211 0.097538083791732788086 0.097993776202201843262 0.12042807787656784058 0.11086439341306686401 0.10521806776523590088 0.084295831620693206787 0.092358134686946868896 0.11147361993789672852 0.098101526498794555664 0.09078206866979598999 0.10258540511131286621 0.09154621511697769165
0.11195755749940872192 0.16263987123966217041 0.1759970933198928833 0.17490680515766143799 0.15125794708728790283 0.10171546041965484619 0.098749332129955291748 0.091569907963275909424 0.09954236447811126709 0.090127214789390563965 0.074276708066463470459 0.087300285696983337402 0.13600198924541473389 0.15026722848415374756 0.15082828700542449951 0.14194281399250030518 0.12054850161075592041 0.12148831039667129517 0.1095720827579498291 0.12337712198495864868 0.10364624857902526855 0.10316728800535202026 0.092628367245197296143 0.095255866646766662598 0.089665971696376800537 0.089415825903415679932 0.089092709124088287354 0.091325186192989349365 0.10930418968200683594 0.10885564982891082764 0.10172348469495773315 0.10638029873371124268 0.10014577955007553101 0.07059714198112487793 0.07506059110164642334 0.080672204494476318359 0.086496971547603607178 0.081228680908679962158 0.089416533708572387695 0.10307531803846359253
0.11372532695531845093 0.15165497362613677979 0.16882215440273284912 0.17645585536956787109 0.1536379009485244751 0.11584055423736572266 0.12706817686557769775 0.11142604798078536987 0.10720167309045791626 0.10504212230443954468 0.0953405722975730896 0.10061156749725341797 0.10780767351388931274 0.099092721939086914063 0.090751633048057556152 0.10761869698762893677 0.1200876086950302124 0.13485494256019592285 0.13074184954166412354 0.13317506015300750732 0.1073160022497177124 0.11337259411811828613 0.1057732701301574707 0.095714055001735687256 0.088466346263885498047 0.091406486928462982178 0.096150986850261688232 0.094059802591800689697 0.094171360135078430176 0.090292811393737792969 0.08800099790096282959 0.082000851631164550781 0.075105093419551849365 0.060802582651376724243 0.068045943975448608398 0.071446955204010009766 0.076092809438705444336 0.080295830965042114258 0.089335300028324127197 0.10072617977857589722
0.13002850115299224854 0.1534395068883895874 0.15275819599628448486 0.16023513674736022949 0.13091820478439331055 0.10708867758512496948 0.1005104556679725647 0.087888613343238830566 0.076225362718105316162 0.077228084206581115723 0.096190311014652252197 0.10653755813837051392 0.10518220812082290649 0.099628508090972900391 0.090372525155544281006 0.10393934696912765503 0.11742575466632843018 0.14281159639358520508 0.1457465440034866333 0.12962508201599121094 0.10041112452745437622 0.096385553479194641113 0.088433384895324707031 0.085188858211040496826 0.091279894113540649414 0.098796896636486053467 0.098334133625030517578 0.095387853682041168213 0.086166203022003173828 0.090195044875144958496 0.088886857032775878906 0.085823513567447662354 0.075905166566371917725 0.062990166246891021729 0.068215921521186828613 0.080435827374458312988 0.083398230373859405518 0.089191950857639312744 0.095863796770572662354 0.10250987112522125244
0.12528446316719055176 0.15926650166511535645 0.11689146608114242554 0.12031695246696472168 0.10327030718326568604 0.097871452569961547852 0.084100581705570220947 0.081556119024753570557 0.073788374662399291992 0.073334932327270507813 0.078127540647983551025 0.097021505236625671387 0.098815113306045532227 0.097852639853954315186 0.10019347071647644043 0.098553881049156188965 0.11124095320701599121 0.13323283195495605469 0.12959158420562744141 0.10565212368965148926 0.098993241786956787109 0.10049977153539657593 0.096820287406444549561 0.10423309355974197388 0.11075516045093536377 0.10566118359565734863 0.098070353269577026367 0.097863614559173583984 0.095762543380260467529 0.091205865144729614258 0.10408956557512283325 0.10883226990699768066 0.092056520283222198486 0.070110641419887542725 0.07331597059965133667 0.082012154161930084229 0.080746337771415710449 0.10190850496292114258 0.097530052065849304199 0.10414312034845352173
0.11959403753280639648 0.1532634347677230835 0.14631730318069458008 0.14170061051845550537 0.10558706521987915039 0.099933557212352752686 0.085263021290302276611 0.081620894372463226318 0.078808121383190155029 0.074966266751289367676 0.075431518256664276123 0.081799909472465515137 0.090883202850818634033 0.097815699875354766846 0.096125088632106781006 0.099584519863128662109 0.10513405501842498779 0.11794958263635635376 0.11392422765493392944 0.09649623185396194458 0.095958992838859558105 0.10381614416837692261 0.10726933926343917847 0.11679593473672866821 0.10758339613676071167 0.099386185407638549805 0.093415230512619018555 0.09295152127742767334 0.095315255224704742432 0.083713151514530181885 0.08258689194917678833 0.074505113065242767334 0.085029572248458862305 0.076959080994129180908 0.069413498044013977051 0.084186084568500518799 0.091199159622192382813 0.092583633959293365479 0.10154655575752258301 0.10343267768621444702
0.10219252109527587891 0.13859906792640686035 0.15955817699432373047 0.1443595588207244873 0.10466956347227096558 0.095227994024753570557 0.087310649454593658447 0.084504760801792144775 0.079663202166557312012 0.081668458878993988037 0.079961672425270080566 0.076131805777549743652 0.090095929801464080811 0.10106556117534637451 0.092430151998996734619 0.092460945248603820801 0.10374692082405090332 0.10148225724697113037 0.11065176129341125488 0.11004815250635147095 0.11155694723129272461 0.10783853381872177124 0.087348036468029022217 0.087607167661190032959 0.092164948582649230957 0.090835139155387878418 0.099709153175354003906 0.093766964972019195557 0.095619618892669677734 0.094063185155391693115 0.076833084225654602051 0.071202695369720458984 0.073033623397350311279 0.072957806289196014404 0.076063610613346099854 0.080386288464069366455 0.084298118948936462402 0.083988972008228302002 0.087412625551223754883 0.094860121607780456543
0.096437834203243255615 0.13884526491165161133 0.15577110648155212402 0.14082130789756774902 0.10401068627834320068 0.091792449355125427246 0.086563430726528167725 0.088036619126796722412 0.079110354185104370117 0.082889765501022338867 0.087060317397117614746 0.077933423221111297607 0.088635526597499847412 0.094305686652660369873 0.091946378350257873535 0.09104216843843460083 0.095273181796073913574 0.098219372332096099854 0.096003606915473937988 0.08615569770336151123 0.089981578290462493896 0.092324629426002502441 0.088754825294017791748 0.082254044711589813232 0.079641394317150115967 0.084843821823596954346 0.084354504942893981934 0.096985571086406707764 0.11165177822113037109 0.095938697457313537598 0.075931407511234283447 0.075044095516204833984 0.075819388031959533691 0.081552222371101379395 0.077807806432247161865 0.082420274615287780762 0.088345617055892944336 0.082461751997470855713 0.084090672433376312256 0.088260620832443237305
0.10002817213535308838 0.14294393360614776611 0.145036354660987854 0.12846165895462036133 0.11458957195281982422 0.089236587285995483398 0.081248305737972259521 0.085906587541103363037 0.073913410305976867676 0.082693830132484436035 0.087314516305923461914 0.085613265633583068848 0.079675264656543731689 0.088944256305694580078 0.086932919919490814209 0.091505452990531921387 0.076838992536067962646 0.089289329946041107178 0.10034682601690292358 0.1018268093466758728 0.089729681611061096191 0.092965498566627502441 0.090488485991954803467 0.086686603724956512451 0.079796403646469116211 0.086677014827728271484 0.079344004392623901367 0.087756261229515075684 0.08345975726842880249 0.076544366776943206787 0.0811061859130859375 0.082481659948825836182 0.080054946243762969971 0.080899663269519805908 0.081059314310550689697 0.084877133369445800781 0.087417617440223693848 0.088629066944122314453 0.10704107582569122314 0.098398752510547637939
0.11140763759613037109 0.15868809819221496582 0.14286199212074279785 0.11952681094408035278 0.11505588144063949585 0.09290599822998046875 0.075404755771160125732 0.074883341789245605469 0.068192958831787109375 0.077440716326236724854 0.083340443670749664307 0.083498075604438781738 0.073473818600177764893 0.08478485792875289917 0.10112663358449935913 0.10904560238122940063 0.089888580143451690674 0.092625640332698822021 0.11494386941194534302 0.099319741129875183105 0.088374100625514984131 0.087300665676593780518 0.083590917289257049561 0.079448424279689788818 0.080015651881694793701 0.088366754353046417236 0.094855785369873046875 0.12101040035486221313 0.082421690225601196289 0.067255027592182159424 0.083066500723361968994 0.086235679686069488525 0.077535204589366912842 0.08137642592191696167 0.083305396139621734619 0.089972361922264099121 0.085477232933044433594 0.10553652048110961914 0.12200067192316055298 0.10399583727121353149
0.13286857306957244873 0.16339612007141113281 0.15645901858806610107 0.12070785462856292725 0.10093148797750473022 0.094201616942882537842 0.089838057756423950195 0.089767441153526306152 0.082553625106811523438 0.08488006889820098877 0.076668560504913330078 0.076818518340587615967 0.076888956129550933838 0.078525878489017486572 0.13288164138793945313 0.14167495071887969971 0.10331831872463226318 0.10025511682033538818 0.11473972350358963013 0.1006561964750289917 0.10717552900314331055 0.11451154947280883789 0.096230149269104003906 0.082823269069194793701 0.080489575862884521484 0.089293248951435089111 0.12653802335262298584 0.14248052239418029785 0.094312652945518493652 0.066053934395313262939 0.081127680838108062744 0.083103381097316741943 0.080521576106548309326 0.086026690900325775146 0.088860906660556793213 0.084233336150646209717 0.091162987053394317627 0.11897456645965576172 0.12981879711151123047 0.11155418306589126587
0.1383870542049407959 0.15315207839012145996 0.15930290520191192627 0.12046067416667938232 0.10739935189485549927 0.096245199441909790039 0.098915167152881622314 0.097988627851009368896 0.091083459556102752686 0.085148952901363372803 0.078108571469783782959 0.070288546383380889893 0.072830677032470703125 0.09672225266695022583 0.130452767014503479 0.10792102664709091187 0.085843540728092193604 0.088576033711433410645 0.1000658869743347168 0.10674472153186798096 0.10893352329730987549 0.10074041783809661865 0.10408309102058410645 0.090001210570335388184 0.085704386234283447266 0.085212282836437225342 0.10226023942232131958 0.10584514588117599487 0.077968686819076538086 0.073896445333957672119 0.077577702701091766357 0.088114880025386810303 0.098877221345901489258 0.10442105680704116821 0.08909165114164352417 0.088057972490787506104 0.10108874738216400146 0.12942302227020263672 0.13454763591289520264 0.11475996673107147217
0.12861721217632293701 0.11741180717945098877 0.12575004994869232178 0.10987135767936706543 0.10450623929500579834 0.099446870386600494385 0.095847435295581817627 0.10001932829618453979 0.093643650412559509277 0.08868859708309173584 0.092118568718433380127 0.072790816426277160645 0.074937984347343444824 0.092864982783794403076 0.12473592162132263184 0.11159408837556838989 0.1011821553111076355 0.10238245129585266113 0.12914609909057617188 0.1096725165843963623 0.092310756444931030273 0.081895500421524047852 0.09194590151309967041 0.090457171201705932617 0.082350358366966247559 0.078284397721290588379 0.074576005339622497559 0.076649554073810577393 0.069303698837757110596 0.073504045605659484863 0.076581537723541259766 0.081623926758766174316 0.089083887636661529541 0.098146803677082061768 0.092402949929237365723 0.087820537388324737549 0.090330928564071655273 0.10258425027132034302 0.11487646400928497314 0.10448081046342849731
0.11799313127994537354 0.1050572618842124939 0.10640281438827514648 0.10418815165758132935 0.10558061301708221436 0.10091958194971084595 0.095561131834983825684 0.10032191872596740723 0.09221804887056350708 0.081793963909149169922 0.084867887198925018311 0.077413633465766906738 0.08017053455114364624 0.10317374765872955322 0.11767266690731048584 0.1138836294412612915 0.093284212052822113037 0.10646938532590866089 0.11882799118757247925 0.11504355072975158691 0.095754168927669525146 0.08456306159496307373 0.091559611260890960693 0.088221564888954162598 0.098037838935852050781 0.10086494684219360352 0.077680274844169616699 0.064033210277557373047 0.061045359820127487183 0.066746994853019714355 0.075963996350765228271 0.081174276769161224365 0.088453888893127441406 0.098886892199516296387 0.10469847172498703003 0.086997196078300476074 0.086811490356922149658 0.086468122899532318115 0.085884176194667816162 0.082361355423927307129
0.11560796201229095459 0.10762026160955429077 0.10247711837291717529 0.10291702300310134888 0.1039582863450050354 0.099279686808586120605 0.093642622232437133789 0.089032486081123352051 0.084861874580383300781 0.084334358572959899902 0.083308897912502288818 0.077212132513523101807 0.073962084949016571045 0.087085671722888946533 0.11440684646368026733 0.11292467266321182251 0.090414077043533325195 0.095569662749767303467 0.10602552443742752075 0.099180266261100769043 0.09944845736026763916 0.087676122784614562988 0.087136417627334594727 0.090454056859016418457 0.11688973009586334229 0.13550631701946258545 0.11128620058298110962 0.084944114089012145996 0.071468427777290344238 0.080646254122257232666 0.080049894750118255615 0.081111289560794830322 0.093253470957279205322 0.094689108431339263916 0.094725899398326873779 0.083724543452262878418 0.080791205167770385742 0.083974011242389678955 0.081463791429996490479 0.079372256994247436523
0.11784437298774719238 0.1113613620400428772 0.10299843549728393555 0.095733657479286193848 0.09867432713508605957 0.095814839005470275879 0.094547122716903686523 0.091616928577423095703 0.090013258159160614014 0.088816866278648376465 0.087330393493175506592 0.084398992359638214111 0.07851279526948928833 0.090094223618507385254 0.10334245115518569946 0.094533234834671020508 0.08638998866081237793 0.083572246134281158447 0.096010245382785797119 0.10639122128486633301 0.11236816644668579102 0.10016671568155288696 0.093981385231018066406 0.10134512931108474731 0.11465381085872650146 0.099603816866874694824 0.079573802649974822998 0.075788639485836029053 0.080405220389366149902 0.07832546532154083252 0.090370707213878631592 0.093797326087951660156 0.090895615518093109131 0.096211962401866912842 0.099420577287673950195 0.091026037931442260742 0.088695749640464782715 0.086705647408962249756 0.089050918817520141602 0.080151140689849853516
