INPUT/RASTER/ASCII/red2021.asc
ncols        225
nrows        269
xllcorner    473009.983799999987
yllcorner    4429051.174800000153
cellsize     50.000000000000
NODATA_value -9999
[rows 198 to 215 of 269, columns 80 to 119 of 225]
0.075481086969375610352 0.061162456870079040527 0.06064640730619430542 0.076962791383266448975 0.077064186334609985352 0.098113328218460083008 0.12450893968343734741 0.13500899076461791992 0.12015034258365631104 0.12484499812126159668 0.16339260339736938477 0.16539816558361053467 0.15923906862735748291 0.14288419485092163086 0.15168708562850952148 0.14581331610679626465 0.15843753516674041748 0.12270249426364898682 0.091453976929187774658 0.097649678587913513184 0.14106044173240661621 0.1172502860426902771 0.11454740911722183228 0.1089858710765838623 0.11656111478805541992 0.13484714925289154053 0.14346568286418914795 0.16036462783813476563 0.1745538860559463501 0.16229325532913208008 0.13948120176792144775 0.13802054524421691895 0.13050852715969085693 0.14180938899517059326 0.15165355801582336426 0.16102337837219238281 0.13814911246299743652 0.13127818703651428223 0.10060687363147735596 0.099523566663265228271
0.097129613161087036133 0.071816049516201019287 0.060523346066474914551 0.074342392385005950928 0.073448918759822845459 0.098603174090385437012 0.12936314940452575684 0.14060980081558227539 0.13305768370628356934 0.1327520906925201416 0.1317987293004989624 0.1379623115062713623 0.11684451252222061157 0.10691710561513900757 0.11809164285659790039 0.12746037542819976807 0.14762543141841888428 0.15114252269268035889 0.10810590535402297974 0.12036535143852233887 0.13467492163181304932 0.12156669795513153076 0.11211732029914855957 0.098930433392524719238 0.1149638444185256958 0.12528346478939056396 0.12586836516857147217 0.1491962820291519165 0.14690661430358886719 0.15329089760780334473 0.15124350786209106445 0.13542473316192626953 0.10503330826759338379 0.092483639717102050781 0.12560279667377471924 0.14397542178630828857 0.1459194570779800415 0.14291991293430328369 0.13102529942989349365 0.12119138240814208984
0.11073254048824310303 0.094427846372127532959 0.090359359979629516602 0.079628951847553253174 0.10346692800521850586 0.12623205780982971191 0.13207353651523590088 0.13756915926933288574 0.12061295658349990845 0.13013210892677307129 0.12729650735855102539 0.12857930362224578857 0.11893351376056671143 0.11701129376888275146 0.11513799428939819336 0.12797938287258148193 0.13010554015636444092 0.11784831434488296509 0.12777704000473022461 0.14690990746021270752 0.15240453183650970459 0.13550466299057006836 0.11122138053178787231 0.091828137636184692383 0.1100193709135055542 0.11112167686223983765 0.10829514265060424805 0.14082098007202148438 0.15068644285202026367 0.15661667287349700928 0.13625694811344146729 0.1208715289831161499 0.098602384328842163086 0.098114237189292907715 0.12270277738571166992 0.12936110794544219971 0.15103664994239807129 0.15879791975021362305 0.1482296288013458252 0.12869195640087127686
0.1160526573657989502 0.1100269705057144165 0.10353102535009384155 0.087866380810737609863 0.12630558013916015625 0.14614596962928771973 0.13618390262126922607 0.11876371502876281738 0.12536756694316864014 0.12717941403388977051 0.13133262097835540771 0.12011595070362091064 0.10165134817361831665 0.11689893901348114014 0.11470451205968856812 0.10744277387857437134 0.12360696494579315186 0.12067292630672454834 0.14676390588283538818 0.1568021923303604126 0.16099697351455688477 0.14788025617599487305 0.10672439634799957275 0.087871842086315155029 0.1059235110878944397 0.1222532317042350769 0.1358308941125869751 0.18162414431571960449 0.14721369743347167969 0.15413567423820495605 0.14566980302333831787 0.11591873317956924438 0.099087476730346679688 0.10510709136724472046 0.13231202960014343262 0.13767679035663604736 0.14389526844024658203 0.1539119035005569458 0.14839927852153778076 0.13921140134334564209
0.11443328112363815308 0.10872176289558410645 0.091992937028408050537 0.11192583292722702026 0.12765231728553771973 0.16395123302936553955 0.15224283933639526367 0.11583754420280456543 0.12048766762018203735 0.12575761973857879639 0.12699444591999053955 0.11125901341438293457 0.10338450223207473755 0.10049702972173690796 0.10655915737152099609 0.10801415890455245972 0.10870935022830963135 0.10774288326501846313 0.14098536968231201172 0.19705627858638763428 0.19180403649806976318 0.16705612838268280029 0.098191723227500915527 0.095278777182102203369 0.097960285842418670654 0.12546423077583312988 0.16044315695762634277 0.20450358092784881592 0.18773134052753448486 0.16919828951358795166 0.14916999638080596924 0.11106415838003158569 0.091193012893199920654 0.10526940971612930298 0.12795725464820861816 0.14193013310432434082 0.14474956691265106201 0.14871422946453094482 0.14419467747211456299 0.14277133345603942871
0.10900269448757171631 0.098880991339683532715 0.086469404399394989014 0.15587756037712097168 0.15588138997554779053 0.13751187920570373535 0.15418533980846405029 0.11219451576471328735 0.11887054890394210815 0.12766474485397338867 0.1276435554027557373 0.11010503768920898438 0.10536965727806091309 0.11020831018686294556 0.10596441477537155151 0.11661683768033981323 0.12051291763782501221 0.10830380767583847046 0.13188135623931884766 0.18334984779357910156 0.18987040221691131592 0.17707213759422302246 0.1165464743971824646 0.11539406329393386841 0.104668445885181427 0.12351296097040176392 0.18524543941020965576 0.19813103973865509033 0.18998491764068603516 0.20162761211395263672 0.19085815548896789551 0.12994532287120819092 0.12405165284872055054 0.13618499040603637695 0.14173111319541931152 0.14621748030185699463 0.14673112332820892334 0.14523473381996154785 0.14556415379047393799 0.14443512260913848877
0.099771633744239807129 0.076939284801483154297 0.092589698731899261475 0.16100734472274780273 0.14369508624076843262 0.11439453810453414917 0.14632330834865570068 0.14326266944408416748 0.11666738241910934448 0.13144275546073913574 0.13251070678234100342 0.12160520255565643311 0.1234132722020149231 0.11174023151397705078 0.11561687290668487549 0.10751438140869140625 0.12552599608898162842 0.11289302259683609009 0.1273593604564666748 0.16966411471366882324 0.16026635468006134033 0.15240326523780822754 0.14184652268886566162 0.13021126389503479004 0.12147562950849533081 0.13825827836990356445 0.17674273252487182617 0.1721932142972946167 0.16194610297679901123 0.15760123729705810547 0.19466683268547058105 0.16991800069808959961 0.14059947431087493896 0.13212424516677856445 0.14002647995948791504 0.14548128843307495117 0.14107614755630493164 0.13221128284931182861 0.13969673216342926025 0.1401151120662689209
0.07634077221155166626 0.066769540309906005859 0.066991157829761505127 0.10926786810159683228 0.15193481743335723877 0.12061440199613571167 0.13881193101406097412 0.16492390632629394531 0.13309122622013092041 0.13901022076606750488 0.14058893918991088867 0.13439269363880157471 0.13573914766311645508 0.11747363954782485962 0.12265737354755401611 0.11928389221429824829 0.13358849287033081055 0.12803854048252105713 0.12131961435079574585 0.13344578444957733154 0.12991279363632202148 0.13498957455158233643 0.14037059247493743896 0.1328779757022857666 0.13538821041584014893 0.15679351985454559326 0.17288972437381744385 0.17125988006591796875 0.16115753352642059326 0.13384415209293365479 0.13684511184692382813 0.13653618097305297852 0.13497647643089294434 0.13719178736209869385 0.16201208531856536865 0.15463912487030029297 0.13287402689456939697 0.1328484266996383667 0.16111071407794952393 0.15146319568157196045
0.0692235603928565979 0.064887285232543945313 0.066259868443012237549 0.083223991096019744873 0.14073908329010009766 0.16313847899436950684 0.17829130589962005615 0.17120580375194549561 0.14689643681049346924 0.14408163726329803467 0.143755301833152771 0.14013922214508056641 0.13836969435214996338 0.12821491062641143799 0.12529601156711578369 0.11589961498975753784 0.1180310472846031189 0.15758706629276275635 0.1626710742712020874 0.12907092273235321045 0.12872433662414550781 0.1297684013843536377 0.12771941721439361572 0.12489586323499679565 0.13184498250484466553 0.14194546639919281006 0.16092951595783233643 0.16900880634784698486 0.17647390067577362061 0.13506159186363220215 0.11250641196966171265 0.12100975215435028076 0.13281594216823577881 0.13296853005886077881 0.14281059801578521729 0.1326109766960144043 0.12431091815233230591 0.12198502570390701294 0.11065635830163955688 0.0906885489821434021
0.074096806347370147705 0.071174375712871551514 0.066808715462684631348 0.076454386115074157715 0.1079211309552192688 0.14639118313789367676 0.17776513099670410156 0.16471476852893829346 0.15655410289764404297 0.15644061565399169922 0.14554555714130401611 0.12674133479595184326 0.11821226775646209717 0.1168630942702293396 0.12908791005611419678 0.12869369983673095703 0.13391785323619842529 0.18274904787540435791 0.15319383144378662109 0.13739091157913208008 0.13314123451709747314 0.11749097704887390137 0.11433852463960647583 0.1192243620753288269 0.12125959247350692749 0.13082073628902435303 0.14633452892303466797 0.17933109402656555176 0.19196005165576934814 0.13068595528602600098 0.097422383725643157959 0.13965433835983276367 0.14481884241104125977 0.12995953857898712158 0.13109065592288970947 0.14220319688320159912 0.14726114273071289063 0.12038751691579818726 0.09985838085412979126 0.0803758278489112854
0.069761246442794799805 0.082390792667865753174 0.08210353553295135498 0.073994405567646026611 0.098877549171447753906 0.16269099712371826172 0.17164891958236694336 0.14981149137020111084 0.13640712201595306396 0.13509780168533325195 0.14828233420848846436 0.15443150699138641357 0.14716100692749023438 0.13870564103126525879 0.12482845038175582886 0.12248072028160095215 0.13786014914512634277 0.14961792528629302979 0.13102908432483673096 0.12742622196674346924 0.12730893492698669434 0.1167000308632850647 0.092676497995853424072 0.10344640910625457764 0.11180584877729415894 0.11793262511491775513 0.13052409887313842773 0.17016564309597015381 0.17462430894374847412 0.13093268871307373047 0.11726116389036178589 0.16744045913219451904 0.16572140157222747803 0.16909843683242797852 0.16882924735546112061 0.14556372165679931641 0.10853024572134017944 0.097131155431270599365 0.090904265642166137695 0.073419637978076934814
0.077212542295455932617 0.08640696108341217041 0.092605568468570709229 0.087604850530624389648 0.12504033744335174561 0.17024876177310943604 0.16070854663848876953 0.14255851507186889648 0.13071715831756591797 0.1161688193678855896 0.12768372893333435059 0.15809866786003112793 0.17189773917198181152 0.17124867439270019531 0.14044569432735443115 0.11410865932703018188 0.13342593610286712646 0.1339763253927230835 0.12884005904197692871 0.13035030663013458252 0.13148835301399230957 0.1303262859582901001 0.12624953687191009521 0.12743726372718811035 0.12765023112297058105 0.12277420610189437866 0.12033122032880783081 0.13311465084552764893 0.15263737738132476807 0.11592639237642288208 0.12526118755340576172 0.14860941469669342041 0.15953804552555084229 0.1678657233715057373 0.16332709789276123047 0.13273054361343383789 0.097120396792888641357 0.10022525489330291748 0.082235328853130340576 0.064532697200775146484
0.092226564884185791016 0.08525130152702331543 0.091541655361652374268 0.081482402980327606201 0.11878929287195205688 0.11673615872859954834 0.11458121240139007568 0.11859609931707382202 0.12109871208667755127 0.09944820404052734375 0.097239017486572265625 0.15728487074375152588 0.18270896375179290771 0.1820033341646194458 0.1603225022554397583 0.15538352727890014648 0.14346846938133239746 0.14315047860145568848 0.13042612373828887939 0.12911880016326904297 0.14956122636795043945 0.13783036172389984131 0.13453257083892822266 0.13406863808631896973 0.13347600400447845459 0.13263367116451263428 0.12218301743268966675 0.1317943185567855835 0.1458645164966583252 0.12355436384677886963 0.10405974090099334717 0.089993141591548919678 0.11110724508762359619 0.12072242051362991333 0.12905384600162506104 0.10790202021598815918 0.085617430508136749268 0.087595850229263305664 0.076839387416839599609 0.072076998651027679443
0.10095025599002838135 0.072648137807846069336 0.083496510982513427734 0.084295049309730529785 0.10514370352029800415 0.11072479188442230225 0.1123862043023109436 0.11274769902229309082 0.10276831686496734619 0.10881801694631576538 0.099918231368064880371 0.10211770236492156982 0.15859979391098022461 0.18433931469917297363 0.17856580018997192383 0.16739180684089660645 0.15987509489059448242 0.15447609126567840576 0.157392844557762146 0.17292194068431854248 0.19525370001792907715 0.16691917181015014648 0.13401854038238525391 0.10388598591089248657 0.1089000999927520752 0.11953102797269821167 0.11899329721927642822 0.1352501213550567627 0.14289043843746185303 0.11214370280504226685 0.1151488572359085083 0.09019816666841506958 0.094657443463802337646 0.10507342219352722168 0.11905954033136367798 0.10428435355424880981 0.089341267943382263184 0.1020148545503616333 0.085264064371585845947 0.081797689199447631836
0.11023795604705810547 0.080849818885326385498 0.097390241920948028564 0.10444194823503494263 0.11974631994962692261 0.11783851683139801025 0.13629512488842010498 0.12559841573238372803 0.11142083257436752319 0.12008333951234817505 0.12966166436672210693 0.10971112549304962158 0.1269734799861907959 0.16280509531497955322 0.17006149888038635254 0.17124268412590026855 0.17812851071357727051 0.18931455910205841064 0.19213598966598510742 0.18993113934993743896 0.18022325634956359863 0.14139732718467712402 0.12362317740917205811 0.08028672635555267334 0.065638661384582519531 0.085024461150169372559 0.10853580385446548462 0.11263260245323181152 0.11593550443649291992 0.13352695107460021973 0.14966830611228942871 0.11316034942865371704 0.10238016396760940552 0.12630160152912139893 0.12133021652698516846 0.13146691024303436279 0.1362685859203338623 0.11718150973320007324 0.08417259901762008667 0.10273569822311401367
0.12010034918785095215 0.13784085214138031006 0.13438405096530914307 0.12749528884887695313 0.11745713651180267334 0.11227980256080627441 0.14136859774589538574 0.1429875493049621582 0.13736352324485778809 0.12777662277221679688 0.1258900761604309082 0.1127831190824508667 0.11679083108901977539 0.14919839799404144287 0.16395570337772369385 0.14912037551403045654 0.14880616962909698486 0.15239191055297851563 0.15068317949771881104 0.14630903303623199463 0.14604367315769195557 0.13390712440013885498 0.12452501058578491211 0.10014478862285614014 0.077989712357521057129 0.070711694657802581787 0.11489880830049514771 0.096471399068832397461 0.17169295251369476318 0.17505796253681182861 0.16318568587303161621 0.13870865106582641602 0.12677836418151855469 0.1353092193603515625 0.11000232398509979248 0.10449915379285812378 0.13717821240425109863 0.1494900137186050415 0.1018335297703742981 0.12723694741725921631
0.1150347292423248291 0.12384945154190063477 0.1350634843111038208 0.14577934145927429199 0.13963089883327484131 0.12743754684925079346 0.14216503500938415527 0.14783310890197753906 0.15065570175647735596 0.12691827118396759033 0.11404726654291152954 0.10055258125066757202 0.1127007901668548584 0.13675822317600250244 0.14269779622554779053 0.13862316310405731201 0.13599628210067749023 0.13588799536228179932 0.13602602481842041016 0.13644394278526306152 0.1364641338586807251 0.13944162428379058838 0.13687986135482788086 0.12627425789833068848 0.10096675902605056763 0.087585881352424621582 0.11796606332063674927 0.10119602084159851074 0.18100368976593017578 0.18433715403079986572 0.16098900139331817627 0.14459113776683807373 0.14905844628810882568 0.137416839599609375 0.12384422868490219116 0.097754418849945068359 0.11377783864736557007 0.14072304964065551758 0.12425373494625091553 0.13385292887687683105
0.11725018173456192017 0.13496986031532287598 0.14815737307071685791 0.14829300343990325928 0.14890931546688079834 0.15055610239505767822 0.14645601809024810791 0.13903145492076873779 0.14088700711727142334 0.1191839948296546936 0.11069213598966598511 0.10225355625152587891 0.12664897739887237549 0.13417451083660125732 0.13793122768402099609 0.13782872259616851807 0.13790385425090789795 0.13455164432525634766 0.13557799160480499268 0.1351442188024520874 0.13321617245674133301 0.13964298367500305176 0.1462818533182144165 0.11005172878503799438 0.10296198725700378418 0.11880291253328323364 0.11547167599201202393 0.1057923734188079834 0.12890276312828063965 0.17825560271739959717 0.16326190531253814697 0.15327100455760955811 0.14953260123729705811 0.1422147601842880249 0.12166024744510650635 0.095651403069496154785 0.09093631058931350708 0.1091394573450088501 0.1187372356653213501 0.12488119304180145264
