INPUT/RASTER/ASCII/red2023.asc
ncols        225
nrows        269
xllcorner    473009.983799999987
yllcorner    4429051.174800000153
cellsize     50.000000000000
NODATA_value -9999
[rows 180 to 197 of 269, columns 40 to 79 of 225]
0.12468127906322479248 0.12479399889707565308 0.10761371999979019165 0.1041545867919921875 0.075209923088550567627 0.065219290554523468018 0.071547679603099822998 0.076420620083808898926 0.079881213605403900146 0.081249967217445373535 0.082580350339412689209 0.084392279386520385742 0.090517863631248474121 0.096702471375465393066 0.10946703702211380005 0.14257752895355224609 0.15772245824337005615 0.11837185919284820557 0.097116231918334960938 0.085371561348438262939 0.088547252118587493896 0.095938898622989654541 0.14137125015258789063 0.15904518961906433105 0.13070969283580780029 0.13822038471698760986 0.096583493053913116455 0.07346067577600479126 0.078680522739887237549 0.09270181506872177124 0.091342493891716003418 0.089180670678615570068 0.092073738574981689453 0.093691214919090270996 0.1107937246561050415 0.11026528477668762207 0.099371485412120819092 0.088040724396705627441 0.11361134052276611328 0.13015685975551605225
0.071222573518753051758 0.085375830531120300293 0.098530523478984832764 0.092800848186016082764 0.07414582371711730957 0.059960357844829559326 0.06971333920955657959 0.086884371936321258545 0.084294661879539489746 0.083000004291534423828 0.084074474871158599854 0.078700534999370574951 0.089218974113464355469 0.11897088587284088135 0.1096410602331161499 0.13011729717254638672 0.15036939084529876709 0.14185027778148651123 0.12675313651561737061 0.090050630271434783936 0.093368649482727050781 0.10276269912719726563 0.13086070120334625244 0.10958155989646911621 0.10034421086311340332 0.10299035906791687012 0.10008309036493301392 0.093776188790798187256 0.088409878313541412354 0.084254138171672821045 0.08151842653751373291 0.088583096861839294434 0.11044253408908843994 0.10196875780820846558 0.097299396991729736328 0.10714555531740188599 0.10631475597620010376 0.097497768700122833252 0.13151796162128448486 0.13603936135768890381
0.067048341035842895508 0.061344921588897705078 0.08078022301197052002 0.088967062532901763916 0.075880505144596099854 0.064991340041160583496 0.094971738755702972412 0.10850350558757781982 0.086273841559886932373 0.086565509438514709473 0.086946949362754821777 0.078043125569820404053 0.083584837615489959717 0.12712652981281280518 0.12912277877330780029 0.10456584393978118896 0.10457916557788848877 0.11956632882356643677 0.10459880530834197998 0.087141029536724090576 0.091229766607284545898 0.092431545257568359375 0.094133451581001281738 0.082919992506504058838 0.084832362830638885498 0.086029216647148132324 0.081726178526878356934 0.084958367049694061279 0.097363159060478210449 0.091118395328521728516 0.079975895583629608154 0.089307449758052825928 0.095836564898490905762 0.097634501755237579346 0.094713218510150909424 0.10829944908618927002 0.11450400203466415405 0.10670746117830276489 0.12852425873279571533 0.11618573218584060669
0.066320434212684631348 0.063939824700355529785 0.080260142683982849121 0.075216792523860931396 0.069124057888984680176 0.070662319660186767578 0.10856281965970993042 0.094042725861072540283 0.098271280527114868164 0.1055917888879776001 0.09421262890100479126 0.084994353353977203369 0.077198766171932220459 0.095847234129905700684 0.10825132578611373901 0.090538114309310913086 0.08613621443510055542 0.086576052010059356689 0.091559231281280517578 0.10227675735950469971 0.094657815992832183838 0.08638270944356918335 0.087279811501502990723 0.084909938275814056396 0.083530999720096588135 0.080358326435089111328 0.084601901471614837646 0.086614638566970825195 0.094477258622646331787 0.093518808484077453613 0.084141388535499572754 0.077795431017875671387 0.086571566760540008545 0.084310360252857208252 0.090359039604663848877 0.10111718624830245972 0.1074509844183921814 0.10409782826900482178 0.10432894527912139893 0.091598518192768096924
0.06722469627857208252 0.07901010662317276001 0.08206453174352645874 0.068771921098232269287 0.064509823918342590332 0.076969712972640991211 0.10900206118822097778 0.10584089905023574829 0.10644597560167312622 0.11698552221059799194 0.10770522058010101318 0.081660278141498565674 0.082604177296161651611 0.10388984531164169312 0.090116724371910095215 0.075551144778728485107 0.080145128071308135986 0.083387419581413269043 0.087694145739078521729 0.11110455542802810669 0.1223667636513710022 0.090879939496517181396 0.084233060479164123535 0.086233712732791900635 0.090037971735000610352 0.081960380077362060547 0.090861521661281585693 0.093911975622177124023 0.10064436495304107666 0.088835977017879486084 0.089384771883487701416 0.085694573819637298584 0.09574528038501739502 0.085328742861747741699 0.089326635003089904785 0.10258162766695022583 0.1018834039568901062 0.091020412743091583252 0.087580405175685882568 0.085784882307052612305
0.114915505051612854 0.11723031103610992432 0.091189339756965637207 0.062467504292726516724 0.059760838747024536133 0.084768891334533691406 0.12188027799129486084 0.12768940627574920654 0.11892574280500411987 0.11753219366073608398 0.1141384318470954895 0.099924176931381225586 0.081715509295463562012 0.080254383385181427002 0.086743772029876708984 0.082965418696403503418 0.081849016249179840088 0.081160046160221099854 0.086696580052375793457 0.094644412398338317871 0.093380175530910491943 0.087299033999443054199 0.088663175702095031738 0.091710738837718963623 0.087214007973670959473 0.092454098165035247803 0.10031407326459884644 0.095460779964923858643 0.096456699073314666748 0.086160682141780853271 0.099886812269687652588 0.094109021127223968506 0.084767237305641174316 0.091678097844123840332 0.089752115309238433838 0.09474869072437286377 0.086746938526630401611 0.084871359169483184814 0.090197809040546417236 0.089154079556465148926
0.15438348054885864258 0.13738831877708435059 0.092978678643703460693 0.060619048774242401123 0.056860949844121932983 0.067103169858455657959 0.1111539006233215332 0.12424873560667037964 0.1258519589900970459 0.10939659178256988525 0.095870785415172576904 0.10664805024862289429 0.08435681462287902832 0.081465318799018859863 0.082542590796947479248 0.079185463488101959229 0.078515060245990753174 0.087578825652599334717 0.08649273216724395752 0.092135027050971984863 0.08891220390796661377 0.088296800851821899414 0.090568363666534423828 0.086600430309772491455 0.080109015107154846191 0.081605449318885803223 0.088383994996547698975 0.085497669875621795654 0.07985089719295501709 0.093424886465072631836 0.10380788892507553101 0.1016247868537902832 0.09316781163215637207 0.10852964222431182861 0.10231727361679077148 0.085456550121307373047 0.086261540651321411133 0.086270071566104888916 0.084099404513835906982 0.089788146317005157471
0.13635979592800140381 0.093293115496635437012 0.082918599247932434082 0.065237186849117279053 0.055771812796592712402 0.072632580995559692383 0.097350664436817169189 0.11091240495443344116 0.11329934746026992798 0.094347074627876281738 0.1032120436429977417 0.10205233842134475708 0.086705274879932403564 0.086031749844551086426 0.081852070987224578857 0.07943309098482131958 0.079784654080867767334 0.087915904819965362549 0.080590032041072845459 0.077341884374618530273 0.081293135881423950195 0.083172053098678588867 0.082280769944190979004 0.077256135642528533936 0.067991405725479125977 0.068759202957153320313 0.074176371097564697266 0.080238334834575653076 0.0808544158935546875 0.085673771798610687256 0.08829463273286819458 0.089519634842872619629 0.08794358372688293457 0.097026698291301727295 0.10353237390518188477 0.088585384190082550049 0.088125631213188171387 0.084704995155334472656 0.082815997302532196045 0.076128393411636352539
0.12171185761690139771 0.10834891349077224731 0.086331672966480255127 0.075443670153617858887 0.058647945523262023926 0.079607523977756500244 0.10401413589715957642 0.097813665866851806641 0.092982426285743713379 0.1093592718243598938 0.13107395172119140625 0.11440848559141159058 0.087866581976413726807 0.083657599985599517822 0.084195718169212341309 0.082774855196475982666 0.082228615880012512207 0.083514273166656494141 0.075076982378959655762 0.078247256577014923096 0.078910365700721740723 0.072768077254295349121 0.071501739323139190674 0.071395933628082275391 0.070378266274929046631 0.072365194559097290039 0.070126675069332122803 0.068217828869819641113 0.080654568970203399658 0.087314523756504058838 0.077446103096008300781 0.077274747192859649658 0.077264614403247833252 0.081051178276538848877 0.099926494061946868896 0.086092963814735412598 0.081591382622718811035 0.08647461235523223877 0.085719041526317596436 0.071601428091526031494
0.13312461972236633301 0.10516457259654998779 0.099445201456546783447 0.085611797869205474854 0.061459649354219436646 0.072573974728584289551 0.092001751065254211426 0.082347095012664794922 0.075615040957927703857 0.10355382412672042847 0.12217760831117630005 0.10646633058786392212 0.078379720449447631836 0.077036872506141662598 0.08239088207483291626 0.080647125840187072754 0.082173451781272888184 0.082129314541816711426 0.076601162552833557129 0.076042771339416503906 0.075629249215126037598 0.1028227880597114563 0.089310459792613983154 0.070209532976150512695 0.075467683374881744385 0.077822551131248474121 0.072197772562503814697 0.067777290940284729004 0.075108759105205535889 0.08437493443489074707 0.086348399519920349121 0.082848854362964630127 0.08478094637393951416 0.091074049472808837891 0.12111519277095794678 0.090816639363765716553 0.072994336485862731934 0.088575832545757293701 0.086265102028846740723 0.083447717130184173584
0.13118673861026763916 0.11014242470264434814 0.10405771434307098389 0.091977991163730621338 0.071826718747615814209 0.070552609860897064209 0.072285041213035583496 0.059237826615571975708 0.074953660368919372559 0.098906755447387695313 0.11500624567270278931 0.097671270370483398438 0.076202906668186187744 0.07250353693962097168 0.082893915474414825439 0.087003529071807861328 0.10206677764654159546 0.09583177417516708374 0.077504575252532958984 0.071348771452903747559 0.074577011168003082275 0.10390596836805343628 0.098401099443435668945 0.086726255714893341064 0.090952455997467041016 0.093822620809078216553 0.082745246589183807373 0.081349745392799377441 0.071006573736667633057 0.079076491296291351318 0.092680357396602630615 0.099512457847595214844 0.084441408514976501465 0.078772224485874176025 0.083171233534812927246 0.067309543490409851074 0.066980943083763122559 0.077001035213470458984 0.076890721917152404785 0.074490137398242950439
0.13189060986042022705 0.12195044010877609253 0.10900167375802993774 0.088499195873737335205 0.072360299527645111084 0.07141148298978805542 0.060373704880475997925 0.061503455042839050293 0.091653257608413696289 0.096457727253437042236 0.10550979524850845337 0.09413709491491317749 0.076619021594524383545 0.075129754841327667236 0.077234633266925811768 0.081999279558658599854 0.090390339493751525879 0.082864150404930114746 0.075646370649337768555 0.073433324694633483887 0.086018845438957214355 0.09606628119945526123 0.12328968942165374756 0.090194672346115112305 0.084429755806922912598 0.083691298961639404297 0.07104762643575668335 0.072074137628078460693 0.07444833219051361084 0.082968682050704956055 0.082915000617504119873 0.09827308356761932373 0.082458034157752990723 0.068919830024242401123 0.062093921005725860596 0.064155876636505126953 0.064506754279136657715 0.069294065237045288086 0.073193989694118499756 0.062433555722236633301
0.11369490623474121094 0.10198713839054107666 0.090483874082565307617 0.082600191235542297363 0.070654883980751037598 0.065417848527431488037 0.059233196079730987549 0.066498465836048126221 0.081227816641330718994 0.087072357535362243652 0.093903928995132446289 0.08506644517183303833 0.07552000880241394043 0.077187910676002502441 0.083841718733310699463 0.082323707640171051025 0.077485211193561553955 0.07967421412467956543 0.08313430100679397583 0.091555923223495483398 0.087305188179016113281 0.095867417752742767334 0.097424417734146118164 0.073382303118705749512 0.070921778678894042969 0.074919149279594421387 0.087706483900547027588 0.085254877805709838867 0.072476968169212341309 0.072625286877155303955 0.077203825116157531738 0.082033291459083557129 0.067545607686042785645 0.061882935464382171631 0.060065887868404388428 0.063912242650985717773 0.069216042757034301758 0.070727050304412841797 0.076642237603664398193 0.081642098724842071533
0.094475403428077697754 0.091003313660621643066 0.10477039963006973267 0.090091980993747711182 0.084837064146995544434 0.072505511343479156494 0.066774964332580566406 0.08064626157283782959 0.088266730308532714844 0.097229436039924621582 0.10194845497608184814 0.087400853633880615234 0.08205092698335647583 0.087134622037410736084 0.088902115821838378906 0.082519389688968658447 0.083265677094459533691 0.085619591176509857178 0.0933626517653465271 0.1011581122875213623 0.083031006157398223877 0.077752314507961273193 0.088680990040302276611 0.06970666348934173584 0.066721990704536437988 0.078623175621032714844 0.09781144559383392334 0.10437329113483428955 0.091156728565692901611 0.075747869908809661865 0.073899507522583007813 0.078605853021144866943 0.065317831933498382568 0.063628770411014556885 0.067687816917896270752 0.08436679840087890625 0.097184918820858001709 0.084410585463047027588 0.085231013596057891846 0.10758271068334579468
0.14237004518508911133 0.13681085407733917236 0.10610300302505493164 0.077133759856224060059 0.075599625706672668457 0.067176751792430877686 0.066336646676063537598 0.088914252817630767822 0.095765955746173858643 0.099198453128337860107 0.094846591353416442871 0.083002351224422454834 0.088002599775791168213 0.094467744231224060059 0.093690730631351470947 0.08664045482873916626 0.08714123070240020752 0.082853272557258605957 0.076092422008514404297 0.090397849678993225098 0.087933294475078582764 0.079842932522296905518 0.11904513090848922729 0.078088700771331787109 0.057822022587060928345 0.070813074707984924316 0.093866296112537384033 0.096667177975177764893 0.10555971413850784302 0.10786786675453186035 0.092895947396755218506 0.080819770693778991699 0.071999974548816680908 0.071157656610012054443 0.075773961842060089111 0.082090876996517181396 0.078542292118072509766 0.083875991404056549072 0.089550681412220001221 0.10954218357801437378
0.1570002138614654541 0.11173904687166213989 0.083162032067775726318 0.068257808685302734375 0.06323909759521484375 0.074351519346237182617 0.086941294372081756592 0.096381098031997680664 0.091434262692928314209 0.090695269405841827393 0.090908296406269073486 0.078143261373043060303 0.08392635732889175415 0.1049436032772064209 0.098379343748092651367 0.085894860327243804932 0.092901110649108886719 0.096754953265190124512 0.079666383564472198486 0.083105020225048065186 0.081056423485279083252 0.094601415097713470459 0.097990043461322784424 0.069107636809349060059 0.062963776290416717529 0.06862379610538482666 0.097629629075527191162 0.11316806823015213013 0.1224867701530456543 0.12214046716690063477 0.10330940037965774536 0.076221615076065063477 0.065638773143291473389 0.074022501707077026367 0.075850650668144226074 0.077925398945808410645 0.082049854099750518799 0.10127710551023483276 0.12612865865230560303 0.12506067752838134766
0.12140012532472610474 0.088182091712951660156 0.080619774758815765381 0.064628913998603820801 0.076191119849681854248 0.094424732029438018799 0.10962472856044769287 0.10536354780197143555 0.10580642521381378174 0.09396959841251373291 0.0836221352219581604 0.085732072591781616211 0.083289191126823425293 0.080695204436779022217 0.07475642859935760498 0.081446059048175811768 0.10266900062561035156 0.10712578147649765015 0.11075428128242492676 0.10445266216993331909 0.092805027961730957031 0.098318964242935180664 0.075796604156494140625 0.065230749547481536865 0.074684686958789825439 0.091837316751480102539 0.11131856590509414673 0.12511657178401947021 0.12303020060062408447 0.11831864714622497559 0.10007669031620025635 0.072885550558567047119 0.071655355393886566162 0.072370924055576324463 0.078148782253265380859 0.08513581007719039917 0.088077537715435028076 0.11213503032922744751 0.12323898077011108398 0.10638366639614105225
0.095468491315841674805 0.090401008725166320801 0.085181713104248046875 0.066198743879795074463 0.077626615762710571289 0.079716928303241729736 0.093487173318862915039 0.11723291873931884766 0.11744510382413864136 0.10633485764265060425 0.085914663970470428467 0.092902421951293945313 0.082637920975685119629 0.077637352049350738525 0.074927367269992828369 0.088470742106437683105 0.10114024579524993896 0.10226108133792877197 0.11133182793855667114 0.098088495433330535889 0.091725170612335205078 0.07200793921947479248 0.06567904353141784668 0.070424720644950866699 0.091429650783538818359 0.096511796116828918457 0.11591088771820068359 0.12813922762870788574 0.11098277568817138672 0.086419329047203063965 0.072640053927898406982 0.070983409881591796875 0.07610642164945602417 0.08580945432186126709 0.091917112469673156738 0.093897186219692230225 0.089948333799839019775 0.1016931682825088501 0.10165794193744659424 0.089016079902648925781
