INPUT/RASTER/ASCII/sand.asc
ncols        225
nrows        269
xllcorner    473000.000000000000
yllcorner    4429100.000000000000
cellsize     50.000000000000
NODATA_value -9999
[rows 168 to 195 of 269, columns 0 to 63 of 225]
-9999 -9999 -9999 -9999 -9999 423 423 423 423 423.39935302734375 425 425 425 425 423.80194091796875 419 419 419 419 419.39935302734375 421 421 421 421 420.800323486328125 420 420 420 420 420.998382568359375 425 425 425 425 421.0064697265625 405 405 405 405 406.19805908203125 411 411 411 411 412.597412109375 419 419 419 419 419.39935302734375 421 421 421 421 419.202911376953125 412 412 412 412 412.199676513671875 413 413 413 413
-9999 -9999 -9999 -9999 -9999 423 423 423 423 423.39935302734375 425 425 425 425 423.80194091796875 419 419 419 419 419.39935302734375 421 421 421 421 420.800323486328125 420 420 420 420 420.998382568359375 425 425 425 425 421.0064697265625 405 405 405 405 406.19805908203125 411 411 411 411 412.597412109375 419 419 419 419 419.39935302734375 421 421 421 421 419.202911376953125 412 412 412 412 412.199676513671875 413 413 413 413
-9999 -9999 -9999 -9999 84.46295166015625 423 423 423 423 423.39935302734375 425 425 425 425 423.80194091796875 419 419 419 419 419.39935302734375 421 421 421 421 420.800323486328125 420 420 420 420 420.998382568359375 425 425 425 425 421.0064697265625 405 405 405 405 406.19805908203125 411 411 411 411 412.597412109375 419 419 419 419 419.39935302734375 421 421 421 421 419.202911376953125 412 412 412 412 412.199676513671875 413 413 413 413
-9999 -9999 -9999 -9999 376.568939208984375 390.775360107421875 390.775360107421875 390.775360107421875 390.775360107421875 390.979736328125 391.798858642578125 391.798858642578125 391.798858642578125 391.798858642578125 392.355682373046875 394.58740234375 394.58740234375 394.58740234375 394.58740234375 400.2513427734375 422.9530029296875 422.9530029296875 422.9530029296875 422.9530029296875 423.923248291015625 427.812042236328125 427.812042236328125 427.812042236328125 427.812042236328125 427.0555419921875 424.02349853515625 424.02349853515625 424.02349853515625 424.02349853515625 423.539703369140625 421.600555419921875 421.600555419921875 421.600555419921875 421.600555419921875 421.823699951171875 422.718048095703125 422.718048095703125 422.718048095703125 422.718048095703125 424.1204833984375 429.741546630859375 429.741546630859375 429.741546630859375 429.741546630859375 428.7760009765625 424.906005859375 424.906005859375 424.906005859375 424.906005859375 426.03369140625 430.5535888671875 430.5535888671875 430.5535888671875 430.5535888671875 430.36328125 429.600555419921875 429.600555419921875 429.600555419921875 429.600555419921875
-9999 -9999 -9999 -9999 383.597412109375 390 390 390 390 390.199676513671875 391 391 391 391 391.599029541015625 394 394 394 394 399.790618896484375 423 423 423 423 423.998382568359375 428 428 428 428 427.2012939453125 424 424 424 424 423.60064697265625 422 422 422 422 422.199676513671875 423 423 423 423 424.397735595703125 430 430 430 430 429.001617431640625 425 425 425 425 426.19805908203125 431 431 431 431 430.800323486328125 430 430 430 430
-9999 -9999 -9999 -9999 383.597412109375 390 390 390 390 390.199676513671875 391 391 391 391 391.599029541015625 394 394 394 394 399.790618896484375 423 423 423 423 423.998382568359375 428 428 428 428 427.2012939453125 424 424 424 424 423.60064697265625 422 422 422 422 422.199676513671875 423 423 423 423 424.397735595703125 430 430 430 430 429.001617431640625 425 425 425 425 426.19805908203125 431 431 431 431 430.800323486328125 430 430 430 430
-9999 -9999 -9999 -9999 383.597412109375 390 390 390 390 390.199676513671875 391 391 391 391 391.599029541015625 394 394 394 394 399.790618896484375 423 423 423 423 423.998382568359375 428 428 428 428 427.2012939453125 424 424 424 424 423.60064697265625 422 422 422 422 422.199676513671875 423 423 423 423 424.397735595703125 430 430 430 430 429.001617431640625 425 425 425 425 426.19805908203125 431 431 431 431 430.800323486328125 430 430 430 430
-9999 -9999 -9999 382 383.597412109375 390 390 390 390 390.199676513671875 391 391 391 391 391.599029541015625 394 394 394 394 399.790618896484375 423 423 423 423 423.998382568359375 428 428 428 428 427.2012939453125 424 424 424 424 423.60064697265625 422 422 422 422 422.199676513671875 423 423 423 423 424.397735595703125 430 430 430 430 429.001617431640625 425 425 425 425 426.19805908203125 431 431 431 431 430.800323486328125 430 430 430 430
390.788543701171875 390.788543701171875 390.788543701171875 390.788543701171875 391.60601806640625 394.88250732421875 394.88250732421875 394.88250732421875 394.88250732421875 393.522308349609375 388.07049560546875 388.07049560546875 388.07049560546875 388.07049560546875 389.449462890625 394.97650146484375 394.97650146484375 394.97650146484375 394.97650146484375 400.96209716796875 424.9530029296875 424.9530029296875 424.9530029296875 424.9530029296875 427.3162841796875 436.788543701171875 436.788543701171875 436.788543701171875 436.788543701171875 434.819915771484375 426.92950439453125 426.92950439453125 426.92950439453125 426.92950439453125 429.25994873046875 438.600555419921875 438.600555419921875 438.600555419921875 438.600555419921875 436.070465087890625 425.92950439453125 425.92950439453125 425.92950439453125 425.92950439453125 424.59747314453125 419.258453369140625 419.258453369140625 419.258453369140625 419.258453369140625 419.8199462890625 422.07049560546875 422.07049560546875 422.07049560546875 422.07049560546875 424.048492431640625 431.97650146484375 431.97650146484375 431.97650146484375 431.97650146484375 431.58184814453125 430 430 430 430
-9999 391 391 391 391.7987060546875 395 395 395 395 393.602264404296875 388 388 388 388 389.397735595703125 395 395 395 395 400.990264892578125 425 425 425 425 427.3961181640625 437 437 437 437 435.00323486328125 427 427 427 427 429.3961181640625 439 439 439 439 436.404205322265625 426 426 426 426 424.602264404296875 419 419 419 419 419.599029541015625 422 422 422 422 423.99676513671875 432 432 432 432 431.60064697265625 430 430 430 430
-9999 -9999 391 391 391.7987060546875 395 395 395 395 393.602264404296875 388 388 388 388 389.397735595703125 395 395 395 395 400.990264892578125 425 425 425 425 427.3961181640625 437 437 437 437 435.00323486328125 427 427 427 427 429.3961181640625 439 439 439 439 436.404205322265625 426 426 426 426 424.602264404296875 419 419 419 419 419.599029541015625 422 422 422 422 423.99676513671875 432 432 432 432 431.60064697265625 430 430 430 430
-9999 -9999 -9999 391 391.7987060546875 395 395 395 395 393.602264404296875 388 388 388 388 389.397735595703125 395 395 395 395 400.990264892578125 425 425 425 425 427.3961181640625 437 437 437 437 435.00323486328125 427 427 427 427 429.3961181640625 439 439 439 439 436.404205322265625 426 426 426 426 424.602264404296875 419 419 419 419 419.599029541015625 422 422 422 422 423.99676513671875 432 432 432 432 431.60064697265625 430 430 430 430
-9999 -9999 -9999 -9999 391.7987060546875 395 395 395 395 393.602264404296875 388 388 388 388 389.397735595703125 395 395 395 395 400.990264892578125 425 425 425 425 427.3961181640625 437 437 437 437 435.00323486328125 427 427 427 427 429.3961181640625 439 439 439 439 436.404205322265625 426 426 426 426 424.602264404296875 419 419 419 419 419.599029541015625 422 422 422 422 423.99676513671875 432 432 432 432 431.60064697265625 430 430 430 430
-9999 -9999 -9999 -9999 393.1683349609375 390.11749267578125 390.11749267578125 390.11749267578125 390.11749267578125 391.0595703125 394.835540771484375 394.835540771484375 394.835540771484375 394.835540771484375 404.617584228515625 443.8251953125 443.8251953125 443.8251953125 443.8251953125 442.99102783203125 439.647552490234375 439.647552490234375 439.647552490234375 439.647552490234375 438.72894287109375 435.0469970703125 435.0469970703125 435.0469970703125 435.0469970703125 434.025146484375 429.92950439453125 429.92950439453125 429.92950439453125 429.92950439453125 427.840972900390625 419.46990966796875 419.46990966796875 419.46990966796875 419.46990966796875 419.79888916015625 421.11749267578125 421.11749267578125 421.11749267578125 421.11749267578125 422.839508056640625 429.741546630859375 429.741546630859375 429.741546630859375 429.741546630859375 430.145599365234375 431.765045166015625 431.765045166015625 431.765045166015625 431.765045166015625 431.616973876953125 431.02349853515625 431.02349853515625 431.02349853515625 431.02349853515625 430.819122314453125 430 430 430 430
-9999 -9999 -9999 -9999 -9999 -9999 390 390 390 390.998382568359375 395 395 395 395 404.983795166015625 445 445 445 445 444.001617431640625 440 440 440 440 439.001617431640625 435 435 435 435 434.001617431640625 430 430 430 430 427.803558349609375 419 419 419 419 419.39935302734375 421 421 421 421 422.797088623046875 430 430 430 430 430.39935302734375 432 432 432 432 431.800323486328125 431 431 431 431 430.800323486328125 430 430 430 430
-9999 -9999 -9999 -9999 -9999 -9999 -9999 -9999 -9999 390.998382568359375 395 395 395 395 404.983795166015625 445 445 445 445 444.001617431640625 440 440 440 440 439.001617431640625 435 435 435 435 434.001617431640625 430 430 430 430 427.803558349609375 419 419 419 419 419.39935302734375 421 421 421 421 422.797088623046875 430 430 430 430 430.39935302734375 432 432 432 432 431.800323486328125 431 431 431 431 430.800323486328125 430 430 430 430
-9999 -9999 -9999 -9999 -9999 -9999 -9999 -9999 -9999 -9999 395 395 395 395 404.983795166015625 445 445 445 445 444.001617431640625 440 440 440 440 439.001617431640625 435 435 435 435 434.001617431640625 430 430 430 430 427.803558349609375 419 419 419 419 419.39935302734375 421 421 421 421 422.797088623046875 430 430 430 430 430.39935302734375 432 432 432 432 431.800323486328125 431 431 431 431 430.800323486328125 430 430 430 430
-9999 -9999 -9999 -9999 -9999 -9999 -9999 -9999 -9999 -9999 -9999 -9999 -9999 395 404.983795166015625 445 445 445 445 444.001617431640625 440 440 440 440 439.001617431640625 435 435 435 435 434.001617431640625 430 430 430 430 427.803558349609375 419 419 419 419 419.39935302734375 421 421 421 421 422.797088623046875 430 430 430 430 430.39935302734375 432 432 432 432 431.800323486328125 431 431 431 431 430.800323486328125 430 430 430 430
-9999 -9999 -9999 -9999 -9999 -9999 -9999 -9999 -9999 -9999 -9999 -9999 -9999 -9999 411.430938720703125 445.97650146484375 445.97650146484375 445.97650146484375 445.97650146484375 443.8082275390625 435.11749267578125 435.11749267578125 435.11749267578125 435.11749267578125 433.7291259765625 428.164459228515625 428.164459228515625 428.164459228515625 428.164459228515625 428.92095947265625 431.9530029296875 431.9530029296875 431.9530029296875 431.9530029296875 428.97662353515625 417.0469970703125 417.0469970703125 417.0469970703125 417.0469970703125 416.27642822265625 413.187957763671875 413.187957763671875 413.187957763671875 413.187957763671875 417.71484375 435.8590087890625 435.8590087890625 435.8590087890625 435.8590087890625 434.30853271484375 428.093994140625 428.093994140625 428.093994140625 428.093994140625 428.67425537109375 431 431 431 431 430.0203857421875 426.093994140625 426.093994140625 426.093994140625 426.093994140625
-9999 -9999 -9999 -9999 -9999 -9999 -9999 -9999 -9999 -9999 -9999 -9999 -9999 -9999 -9999 446 446 446 446 443.803558349609375 435 435 435 435 433.602264404296875 428 428 428 428 428.7987060546875 432 432 432 432 429.004852294921875 417 417 417 417 416.2012939453125 413 413 413 413 417.592559814453125 436 436 436 436 434.402587890625 428 428 428 428 428.599029541015625 431 431 431 431 430.001617431640625 426 426 426 426
-9999 -9999 -9999 -9999 -9999 -9999 -9999 -9999 -9999 -9999 -9999 -9999 -9999 -9999 -9999 446 446 446 446 443.803558349609375 435 435 435 435 433.602264404296875 428 428 428 428 428.7987060546875 432 432 432 432 429.004852294921875 417 417 417 417 416.2012939453125 413 413 413 413 417.592559814453125 436 436 436 436 434.402587890625 428 428 428 428 428.599029541015625 431 431 431 431 430.001617431640625 426 426 426 426
-9999 -9999 -9999 -9999 -9999 -9999 -9999 -9999 -9999 -9999 -9999 -9999 -9999 -9999 -9999 -9999 446 446 446 443.803558349609375 435 435 435 435 433.602264404296875 428 428 428 428 428.7987060546875 432 432 432 432 429.004852294921875 417 417 417 417 416.2012939453125 413 413 413 413 417.592559814453125 436 436 436 436 434.402587890625 428 428 428 428 428.599029541015625 431 431 431 431 430.001617431640625 426 426 426 426
-9999 -9999 -9999 -9999 -9999 -9999 -9999 -9999 -9999 -9999 -9999 -9999 -9999 -9999 -9999 446 446 446 446 443.803558349609375 435 435 435 435 433.602264404296875 428 428 428 428 428.7987060546875 432 432 432 432 429.004852294921875 417 417 417 417 416.2012939453125 413 413 413 413 417.592559814453125 436 436 436 436 434.402587890625 428 428 428 428 428.599029541015625 431 431 431 431 430.001617431640625 426 426 426 426
-9999 -9999 -9999 -9999 -9999 -9999 -9999 -9999 -9999 -9999 -9999 -9999 -9999 -9999 -9999 404.01031494140625 404.01031494140625 404.01031494140625 404.01031494140625 407.273468017578125 420.352447509765625 420.352447509765625 420.352447509765625 420.352447509765625 419.34466552734375 415.305450439453125 415.305450439453125 415.305450439453125 415.305450439453125 414.544281005859375 411.493408203125 411.493408203125 411.493408203125 411.493408203125 411.42303466796875 411.1409912109375 411.1409912109375 411.1409912109375 411.1409912109375 413.85198974609375 424.718048095703125 424.718048095703125 424.718048095703125 424.718048095703125 423.851043701171875 420.375946044921875 420.375946044921875 420.375946044921875 420.375946044921875 422.288238525390625 429.9530029296875 429.9530029296875 429.9530029296875 429.9530029296875 430.74700927734375 433.92950439453125 433.92950439453125 433.92950439453125 433.92950439453125 432.73614501953125 427.9530029296875 427.9530029296875 427.9530029296875 427.9530029296875
-9999 -9999 -9999 -9999 -9999 -9999 -9999 -9999 -9999 -9999 -9999 -9999 -9999 -9999 -9999 -9999 403 403 403 406.394500732421875 420 420 420 420 419.001617431640625 415 415 415 415 414.2012939453125 411 411 411 411 411 411 411 411 411 413.79547119140625 425 425 425 425 424.001617431640625 420 420 420 420 421.99676513671875 430 430 430 430 430.7987060546875 434 434 434 434 432.80194091796875 428 428 428 428
-9999 -9999 -9999 -9999 -9999 -9999 -9999 -9999 -9999 -9999 -9999 -9999 -9999 -9999 -9999 -9999 403 403 403 406.394500732421875 420 420 420 420 419.001617431640625 415 415 415 415 414.2012939453125 411 411 411 411 411 411 411 411 411 413.79547119140625 425 425 425 425 424.001617431640625 420 420 420 420 421.99676513671875 430 430 430 430 430.7987060546875 434 434 434 434 432.80194091796875 428 428 428 428
-9999 -9999 -9999 -9999 -9999 -9999 -9999 -9999 -9999 -9999 -9999 -9999 -9999 -9999 -9999 -9999 -9999 403 403 406.394500732421875 420 420 420 420 419.001617431640625 415 415 415 415 414.2012939453125 411 411 411 411 411 411 411 411 411 413.79547119140625 425 425 425 425 424.001617431640625 420 420 420 420 421.99676513671875 430 430 430 430 430.7987060546875 434 434 434 434 432.80194091796875 428 428 428 428
-9999 -9999 -9999 -9999 -9999 -9999 -9999 -9999 -9999 -9999 -9999 -9999 -9999 -9999 -9999 -9999 -9999 -9999 -9999 -9999 -9999 -9999 420 420 419.001617431640625 415 415 415 415 414.2012939453125 411 411 411 411 411 411 411 411 411 413.79547119140625 425 425 425 425 424.001617431640625 420 420 420 420 421.99676513671875 430 430 430 430 430.7987060546875 434 434 434 434 432.80194091796875 428 428 428 428
