INPUT/RASTER/ASCII/sand.asc
ncols        225
nrows        269
xllcorner    473000.000000000000
yllcorner    4429100.000000000000
cellsize     50.000000000000
NODATA_value -9999
[rows 168 to 195 of 269, columns 64 to 127 of 225]
411.402587890625 405 405 405 405 405 405 405 405 405 408.19482421875 421 421 421 421 421 421 421 421 421 417.605499267578125 404 404 404 404 404.39935302734375 406 406 406 406 405.2012939453125 402 402 402 402 405.394500732421875 419 419 419 419 419 419 419 419 419 417.402587890625 411 411 411 411 410.400970458984375 408 408 408 408 406.402587890625 400 400 400 400 401.397735595703125 407 407 407
411.402587890625 405 405 405 405 405 405 405 405 405 408.19482421875 421 421 421 421 421 421 421 421 421 417.605499267578125 404 404 404 404 404.39935302734375 406 406 406 406 405.2012939453125 402 402 402 402 405.394500732421875 419 419 419 419 419 419 419 419 419 417.402587890625 411 411 411 411 410.400970458984375 408 408 408 408 406.402587890625 400 400 400 400 401.397735595703125 407 407 407
411.402587890625 405 405 405 405 405 405 405 405 405 408.19482421875 421 421 421 421 421 421 421 421 421 417.605499267578125 404 404 404 404 404.39935302734375 406 406 406 406 405.2012939453125 402 402 402 402 405.394500732421875 419 419 419 419 419 419 419 419 419 417.402587890625 411 411 411 411 410.400970458984375 408 408 408 408 406.402587890625 400 400 400 400 401.397735595703125 407 407 407
428.39312744140625 423.5535888671875 423.5535888671875 423.5535888671875 423.5535888671875 421.603729248046875 413.788543701171875 413.788543701171875 413.788543701171875 413.788543701171875 415.61846923828125 422.9530029296875 422.9530029296875 422.9530029296875 422.9530029296875 420.613189697265625 411.234954833984375 411.234954833984375 411.234954833984375 411.234954833984375 409.0103759765625 400.093994140625 400.093994140625 400.093994140625 400.093994140625 400.88330078125 404.0469970703125 404.0469970703125 404.0469970703125 404.0469970703125 405.39312744140625 410.788543701171875 410.788543701171875 410.788543701171875 410.788543701171875 410.8682861328125 411.187957763671875 411.187957763671875 411.187957763671875 411.187957763671875 410.60302734375 408.258453369140625 408.258453369140625 408.258453369140625 408.258453369140625 407.635955810546875 405.1409912109375 405.1409912109375 405.1409912109375 405.1409912109375 404.1519775390625 400.187957763671875 400.187957763671875 400.187957763671875 400.187957763671875 398.590545654296875 392.187957763671875 392.187957763671875 392.187957763671875 392.187957763671875 392.415802001953125 393.328948974609375 393.328948974609375 393.328948974609375
428.80194091796875 424 424 424 424 422.00323486328125 414 414 414 414 415.797088623046875 423 423 423 423 420.6038818359375 411 411 411 411 408.803558349609375 400 400 400 400 400.7987060546875 404 404 404 404 405.397735595703125 411 411 411 411 411 411 411 411 411 410.400970458984375 408 408 408 408 407.400970458984375 405 405 405 405 404.001617431640625 400 400 400 400 398.402587890625 392 392 392 392 392.199676513671875 393 393 393
428.80194091796875 424 424 424 424 422.00323486328125 414 414 414 414 415.797088623046875 423 423 423 423 420.6038818359375 411 411 411 411 408.803558349609375 400 400 400 400 400.7987060546875 404 404 404 404 405.397735595703125 411 411 411 411 411 411 411 411 411 410.400970458984375 408 408 408 408 407.400970458984375 405 405 405 405 404.001617431640625 400 400 400 400 398.402587890625 392 392 392 392 392.199676513671875 393 393 393
428.80194091796875 424 424 424 424 422.00323486328125 414 414 414 414 415.797088623046875 423 423 423 423 420.6038818359375 411 411 411 411 408.803558349609375 400 400 400 400 400.7987060546875 404 404 404 404 405.397735595703125 411 411 411 411 411 411 411 411 411 410.400970458984375 408 408 408 408 407.400970458984375 405 405 405 405 404.001617431640625 400 400 400 400 398.402587890625 392 392 392 392 392.199676513671875 393 393 393
428.80194091796875 424 424 424 424 422.00323486328125 414 414 414 414 415.797088623046875 423 423 423 423 420.6038818359375 411 411 411 411 408.803558349609375 400 400 400 400 400.7987060546875 404 404 404 404 405.397735595703125 411 411 411 411 411 411 411 411 411 410.400970458984375 408 408 408 408 407.400970458984375 405 405 405 405 404.001617431640625 400 400 400 400 398.402587890625 392 392 392 392 392.199676513671875 393 393 393
430.166839599609375 430.835540771484375 430.835540771484375 430.835540771484375 430.835540771484375 429.813690185546875 425.718048095703125 425.718048095703125 425.718048095703125 425.718048095703125 425.37030029296875 423.97650146484375 423.97650146484375 423.97650146484375 423.97650146484375 423.530242919921875 421.741546630859375 421.741546630859375 421.741546630859375 421.741546630859375 420.71502685546875 416.600555419921875 416.600555419921875 416.600555419921875 416.600555419921875 414.08453369140625 404 404 404 404 407.347564697265625 420.765045166015625 420.765045166015625 420.765045166015625 420.765045166015625 419.400146484375 413.92950439453125 413.92950439453125 413.92950439453125 413.92950439453125 411.57562255859375 402.1409912109375 402.1409912109375 402.1409912109375 402.1409912109375 402.71185302734375 405 405 405 405 401.466827392578125 387.305450439453125 387.305450439453125 387.305450439453125 387.305450439453125 385.318084716796875 377.352447509765625 377.352447509765625 377.352447509765625 377.352447509765625 381.256805419921875 396.906005859375 396.906005859375 396.906005859375
430.199676513671875 431 431 431 431 430.001617431640625 426 426 426 426 425.60064697265625 424 424 424 424 423.60064697265625 422 422 422 422 421.001617431640625 417 417 417 417 414.404205322265625 404 404 404 404 407.394500732421875 421 421 421 421 419.602264404296875 414 414 414 414 411.6038818359375 402 402 402 402 402.599029541015625 405 405 405 405 401.40582275390625 387 387 387 387 385.00323486328125 377 377 377 377 380.9935302734375 397 397 397
430.199676513671875 431 431 431 431 430.001617431640625 426 426 426 426 425.60064697265625 424 424 424 424 423.60064697265625 422 422 422 422 421.001617431640625 417 417 417 417 414.404205322265625 404 404 404 404 407.394500732421875 421 421 421 421 419.602264404296875 414 414 414 414 411.6038818359375 402 402 402 402 402.599029541015625 405 405 405 405 401.40582275390625 387 387 387 387 385.00323486328125 377 377 377 377 380.9935302734375 397 397 397
430.199676513671875 431 431 431 431 430.001617431640625 426 426 426 426 425.60064697265625 424 424 424 424 423.60064697265625 422 422 422 422 421.001617431640625 417 417 417 417 414.404205322265625 404 404 404 404 407.394500732421875 421 421 421 421 419.602264404296875 414 414 414 414 411.6038818359375 402 402 402 402 402.599029541015625 405 405 405 405 401.40582275390625 387 387 387 387 385.00323486328125 377 377 377 377 380.9935302734375 397 397 397
430.199676513671875 431 431 431 431 430.001617431640625 426 426 426 426 425.60064697265625 424 424 424 424 423.60064697265625 422 422 422 422 421.001617431640625 417 417 417 417 414.404205322265625 404 404 404 404 407.394500732421875 421 421 421 421 419.602264404296875 414 414 414 414 411.6038818359375 402 402 402 402 402.599029541015625 405 405 405 405 401.40582275390625 387 387 387 387 385.00323486328125 377 377 377 377 380.9935302734375 397 397 397
430.00469970703125 430.02349853515625 430.02349853515625 430.02349853515625 430.02349853515625 428.635162353515625 423.07049560546875 423.07049560546875 423.07049560546875 423.07049560546875 424.81597900390625 431.812042236328125 431.812042236328125 431.812042236328125 431.812042236328125 432.192626953125 433.718048095703125 433.718048095703125 433.718048095703125 433.718048095703125 431.939727783203125 424.812042236328125 424.812042236328125 424.812042236328125 424.812042236328125 419.68145751953125 399.11749267578125 399.11749267578125 399.11749267578125 399.11749267578125 402.12200927734375 414.164459228515625 414.164459228515625 414.164459228515625 414.164459228515625 413.3516845703125 410.093994140625 410.093994140625 410.093994140625 410.093994140625 408.2828369140625 401.02349853515625 401.02349853515625 401.02349853515625 401.02349853515625 402.012481689453125 405.97650146484375 405.97650146484375 405.97650146484375 405.97650146484375 401.99237060546875 386.02349853515625 386.02349853515625 386.02349853515625 386.02349853515625 383.831756591796875 375.0469970703125 375.0469970703125 375.0469970703125 375.0469970703125 377.87060546875 389.187957763671875 389.187957763671875 389.187957763671875
430 430 430 430 430 428.602264404296875 423 423 423 423 424.797088623046875 432 432 432 432 432.39935302734375 434 434 434 434 432.202911376953125 425 425 425 425 419.80841064453125 399 399 399 399 401.995147705078125 414 414 414 414 413.2012939453125 410 410 410 410 408.202911376953125 401 401 401 401 401.998382568359375 406 406 406 406 402.0064697265625 386 386 386 386 383.803558349609375 375 375 375 375 377.79547119140625 389 389 389
430 430 430 430 430 428.602264404296875 423 423 423 423 424.797088623046875 432 432 432 432 432.39935302734375 434 434 434 434 432.202911376953125 425 425 425 425 419.80841064453125 399 399 399 399 401.995147705078125 414 414 414 414 413.2012939453125 410 410 410 410 408.202911376953125 401 401 401 401 401.998382568359375 406 406 406 406 402.0064697265625 386 386 386 386 383.803558349609375 375 375 375 375 377.79547119140625 389 389 389
430 430 430 430 430 428.602264404296875 423 423 423 423 424.797088623046875 432 432 432 432 432.39935302734375 434 434 434 434 432.202911376953125 425 425 425 425 419.80841064453125 399 399 399 399 401.995147705078125 414 414 414 414 413.2012939453125 410 410 410 410 408.202911376953125 401 401 401 401 401.998382568359375 406 406 406 406 402.0064697265625 386 386 386 386 383.803558349609375 375 375 375 375 377.79547119140625 389 389 389
430 430 430 430 430 428.602264404296875 423 423 423 423 424.797088623046875 432 432 432 432 432.39935302734375 434 434 434 434 432.202911376953125 425 425 425 425 419.80841064453125 399 399 399 399 401.995147705078125 414 414 414 414 413.2012939453125 410 410 410 410 408.202911376953125 401 401 401 401 401.998382568359375 406 406 406 406 402.0064697265625 386 386 386 386 383.803558349609375 375 375 375 375 377.79547119140625 389 389 389
425.119049072265625 421.211456298828125 421.211456298828125 421.211456298828125 421.211456298828125 421.37359619140625 422.02349853515625 422.02349853515625 422.02349853515625 422.02349853515625 424.405548095703125 433.9530029296875 433.9530029296875 433.9530029296875 433.9530029296875 433.182464599609375 430.093994140625 430.093994140625 430.093994140625 430.093994140625 427.711944580078125 418.164459228515625 418.164459228515625 418.164459228515625 418.164459228515625 416.48260498046875 409.741546630859375 409.741546630859375 409.741546630859375 409.741546630859375 406.107208251953125 391.5404052734375 391.5404052734375 391.5404052734375 391.5404052734375 390.74169921875 387.5404052734375 387.5404052734375 387.5404052734375 387.5404052734375 386.913238525390625 384.399444580078125 384.399444580078125 384.399444580078125 384.399444580078125 383.83795166015625 381.58740234375 381.58740234375 381.58740234375 381.58740234375 381.298583984375 380.1409912109375 380.1409912109375 380.1409912109375 380.1409912109375 378.7244873046875 373.0469970703125 373.0469970703125 373.0469970703125 373.0469970703125 377.012359619140625 392.906005859375 392.906005859375 392.906005859375
425.001617431640625 421 421 421 421 421.199676513671875 422 422 422 422 424.3961181640625 434 434 434 434 433.2012939453125 430 430 430 430 427.6038818359375 418 418 418 418 416.402587890625 410 410 410 410 406.206146240234375 391 391 391 391 390.2012939453125 387 387 387 387 386.400970458984375 384 384 384 384 383.400970458984375 381 381 381 381 380.800323486328125 380 380 380 380 378.602264404296875 373 373 373 373 376.9935302734375 393 393 393
425.001617431640625 421 421 421 421 421.199676513671875 422 422 422 422 424.3961181640625 434 434 434 434 433.2012939453125 430 430 430 430 427.6038818359375 418 418 418 418 416.402587890625 410 410 410 410 406.206146240234375 391 391 391 391 390.2012939453125 387 387 387 387 386.400970458984375 384 384 384 384 383.400970458984375 381 381 381 381 380.800323486328125 380 380 380 380 378.602264404296875 373 373 373 373 376.9935302734375 393 393 393
425.001617431640625 421 421 421 421 421.199676513671875 422 422 422 422 424.3961181640625 434 434 434 434 433.2012939453125 430 430 430 430 427.6038818359375 418 418 418 418 416.402587890625 410 410 410 410 406.206146240234375 391 391 391 391 390.2012939453125 387 387 387 387 386.400970458984375 384 384 384 384 383.400970458984375 381 381 381 381 380.800323486328125 380 380 380 380 378.602264404296875 373 373 373 373 376.9935302734375 393 393 393
425.001617431640625 421 421 421 421 421.199676513671875 422 422 422 422 424.3961181640625 434 434 434 434 433.2012939453125 430 430 430 430 427.6038818359375 418 418 418 418 416.402587890625 410 410 410 410 406.206146240234375 391 391 391 391 390.2012939453125 387 387 387 387 386.400970458984375 384 384 384 384 383.400970458984375 381 381 381 381 380.800323486328125 380 380 380 380 378.602264404296875 373 373 373 373 376.9935302734375 393 393 393
429.099456787109375 433.694549560546875 433.694549560546875 433.694549560546875 433.694549560546875 433.89422607421875 434.694549560546875 434.694549560546875 434.694549560546875 434.694549560546875 434.7508544921875 434.97650146484375 434.97650146484375 434.97650146484375 434.97650146484375 433.982818603515625 430 430 430 430 428.7738037109375 423.8590087890625 423.8590087890625 423.8590087890625 423.8590087890625 421.28668212890625 410.97650146484375 410.97650146484375 410.97650146484375 410.97650146484375 409.912445068359375 405.647552490234375 405.647552490234375 405.647552490234375 405.647552490234375 403.093994140625 392.8590087890625 392.8590087890625 392.8590087890625 392.8590087890625 389.335235595703125 375.211456298828125 375.211456298828125 375.211456298828125 375.211456298828125 373.832489013671875 368.305450439453125 368.305450439453125 368.305450439453125 368.305450439453125 367.52081298828125 364.375946044921875 364.375946044921875 364.375946044921875 364.375946044921875 364.733062744140625 366.164459228515625 366.164459228515625 366.164459228515625 366.164459228515625 365.478363037109375 362.728363037109375 362.728363037109375 362.728363037109375
429.19805908203125 434 434 434 434 434.199676513671875 435 435 435 435 435 435 435 435 435 434.001617431640625 430 430 430 430 428.80194091796875 424 424 424 424 421.404205322265625 411 411 411 411 410.001617431640625 406 406 406 406 403.404205322265625 393 393 393 393 389.40582275390625 375 375 375 375 373.602264404296875 368 368 368 368 367.2012939453125 364 364 364 364 364.39935302734375 366 366 366 366 365.2012939453125 362 362 362
429.19805908203125 434 434 434 434 434.199676513671875 435 435 435 435 435 435 435 435 435 434.001617431640625 430 430 430 430 428.80194091796875 424 424 424 424 421.404205322265625 411 411 411 411 410.001617431640625 406 406 406 406 403.404205322265625 393 393 393 393 389.40582275390625 375 375 375 375 373.602264404296875 368 368 368 368 367.2012939453125 364 364 364 364 364.39935302734375 366 366 366 366 365.2012939453125 362 362 362
429.19805908203125 434 434 434 434 434.199676513671875 435 435 435 435 435 435 435 435 435 434.001617431640625 430 430 430 430 428.80194091796875 424 424 424 424 421.404205322265625 411 411 411 411 410.001617431640625 406 406 406 406 403.404205322265625 393 393 393 393 389.40582275390625 375 375 375 375 373.602264404296875 368 368 368 368 367.2012939453125 364 364 364 364 364.39935302734375 366 366 366 366 365.2012939453125 362 362 362
429.19805908203125 434 434 434 434 434.199676513671875 435 435 435 435 435 435 435 435 435 434.001617431640625 430 430 430 430 428.80194091796875 424 424 424 424 421.404205322265625 411 411 411 411 410.001617431640625 406 406 406 406 403.404205322265625 393 393 393 393 389.40582275390625 375 375 375 375 373.602264404296875 368 368 368 368 367.2012939453125 364 364 364 364 364.39935302734375 366 366 366 366 365.2012939453125 362 362 362
