INPUT/RASTER/ASCII/sand.asc
ncols        225
nrows        269
xllcorner    473000.000000000000
yllcorner    4429100.000000000000
cellsize     50.000000000000
NODATA_value -9999
[rows 112 to 139 of 269, columns 0 to 63 of 225]
-9999 -9999 -9999 -9999 -9999 -9999 -9999 -9999 369 369 369 369 369 369 367.402587890625 361 361 361 361 360.001617431640625 356 356 356 356 355.001617431640625 351 351 351 351 356.19158935546875 377 377 377 377 376.2012939453125 373 373 373 373 366.0113525390625 338 338 338 338 336.80194091796875 332 332 332 332 332.599029541015625 335 335 335 335 336.397735595703125 342 342 342 342 342.39935302734375 344 344 344 344
-9999 -9999 -9999 -9999 -9999 -9999 -9999 -9999 369 369 369 369 369 369 367.402587890625 361 361 361 361 360.001617431640625 356 356 356 356 355.001617431640625 351 351 351 351 356.19158935546875 377 377 377 377 376.2012939453125 373 373 373 373 366.0113525390625 338 338 338 338 336.80194091796875 332 332 332 332 332.599029541015625 335 335 335 335 336.397735595703125 342 342 342 342 342.39935302734375 344 344 344 344
-9999 -9999 -9999 -9999 -9999 -9999 -9999 -9999 369 369 369 369 369 369 367.402587890625 361 361 361 361 360.001617431640625 356 356 356 356 355.001617431640625 351 351 351 351 356.19158935546875 377 377 377 377 376.2012939453125 373 373 373 373 366.0113525390625 338 338 338 338 336.80194091796875 332 332 332 332 332.599029541015625 335 335 335 335 336.397735595703125 342 342 342 342 342.39935302734375 344 344 344 344
-9999 -9999 -9999 -9999 -9999 -9999 -9999 369 369 369 369 369 369 369 367.402587890625 361 361 361 361 360.001617431640625 356 356 356 356 355.001617431640625 351 351 351 351 356.19158935546875 377 377 377 377 376.2012939453125 373 373 373 373 366.0113525390625 338 338 338 338 336.80194091796875 332 332 332 332 332.599029541015625 335 335 335 335 336.397735595703125 342 342 342 342 342.39935302734375 344 344 344 344
-9999 -9999 -9999 -9999 -9999 -9999 366.07049560546875 366.07049560546875 366.07049560546875 367.04541015625 370.9530029296875 370.9530029296875 370.9530029296875 370.9530029296875 370.5255126953125 368.812042236328125 368.812042236328125 368.812042236328125 368.812042236328125 368.20361328125 365.765045166015625 365.765045166015625 365.765045166015625 365.765045166015625 364.571685791015625 359.788543701171875 359.788543701171875 359.788543701171875 359.788543701171875 362.250335693359375 372.11749267578125 372.11749267578125 372.11749267578125 372.11749267578125 370.73382568359375 365.187957763671875 365.187957763671875 365.187957763671875 365.187957763671875 363.853851318359375 358.506591796875 358.506591796875 358.506591796875 358.506591796875 361.208221435546875 372.036651611328125 372.036651611328125 372.036651611328125 372.036651611328125 371.0758056640625 367.224639892578125 367.224639892578125 367.224639892578125 367.224639892578125 367.647430419921875 369.34210205078125 369.34210205078125 369.34210205078125 369.34210205078125 371.691314697265625 381.107147216796875 381.107147216796875 381.107147216796875 381.107147216796875
-9999 -9999 -9999 -9999 -9999 -9999 -9999 366 366 366.998382568359375 371 371 371 371 370.60064697265625 369 369 369 369 368.400970458984375 366 366 366 366 364.80194091796875 360 360 360 360 362.3961181640625 372 372 372 372 370.602264404296875 365 365 365 365 363.80194091796875 359 359 359 359 361.79547119140625 373 373 373 373 372.001617431640625 368 368 368 368 368.39935302734375 370 370 370 370 372.3961181640625 382 382 382 382
-9999 -9999 -9999 -9999 -9999 -9999 -9999 -9999 366 366.998382568359375 371 371 371 371 370.60064697265625 369 369 369 369 368.400970458984375 366 366 366 366 364.80194091796875 360 360 360 360 362.3961181640625 372 372 372 372 370.602264404296875 365 365 365 365 363.80194091796875 359 359 359 359 361.79547119140625 373 373 373 373 372.001617431640625 368 368 368 368 368.39935302734375 370 370 370 370 372.3961181640625 382 382 382 382
-9999 -9999 -9999 -9999 -9999 -9999 -9999 -9999 -9999 366.998382568359375 371 371 371 371 370.60064697265625 369 369 369 369 368.400970458984375 366 366 366 366 364.80194091796875 360 360 360 360 362.3961181640625 372 372 372 372 370.602264404296875 365 365 365 365 363.80194091796875 359 359 359 359 361.79547119140625 373 373 373 373 372.001617431640625 368 368 368 368 368.39935302734375 370 370 370 370 372.3961181640625 382 382 382 382
-9999 -9999 -9999 -9999 -9999 -9999 -9999 -9999 -9999 -9999 371 371 371 371 370.60064697265625 369 369 369 369 368.400970458984375 366 366 366 366 364.80194091796875 360 360 360 360 362.3961181640625 372 372 372 372 370.602264404296875 365 365 365 365 363.80194091796875 359 359 359 359 361.79547119140625 373 373 373 373 372.001617431640625 368 368 368 368 368.39935302734375 370 370 370 370 372.3961181640625 382 382 382 382
-9999 -9999 -9999 -9999 -9999 -9999 -9999 -9999 -9999 -9999 -9999 369.0469970703125 369.0469970703125 369.0469970703125 368.06268310546875 364.11749267578125 364.11749267578125 364.11749267578125 364.11749267578125 365.66326904296875 371.8590087890625 371.8590087890625 371.8590087890625 371.8590087890625 372.610809326171875 375.624053955078125 375.624053955078125 375.624053955078125 375.624053955078125 375.68035888671875 375.906005859375 375.906005859375 375.906005859375 375.906005859375 373.92333984375 365.97650146484375 365.97650146484375 365.97650146484375 365.97650146484375 366.728302001953125 369.741546630859375 369.741546630859375 369.741546630859375 369.741546630859375 371.172119140625 376.906005859375 376.906005859375 376.906005859375 376.906005859375 375.32269287109375 368.97650146484375 368.97650146484375 368.97650146484375 368.97650146484375 369.570831298828125 371.9530029296875 371.9530029296875 371.9530029296875 371.9530029296875 373.37420654296875 379.07049560546875 379.07049560546875 379.07049560546875 379.07049560546875
-9999 -9999 -9999 -9999 -9999 -9999 -9999 -9999 -9999 -9999 -9999 -9999 369 369 368.001617431640625 364 364 364 364 365.597412109375 372 372 372 372 372.7987060546875 376 376 376 376 376 376 376 376 376 374.00323486328125 366 366 366 366 366.7987060546875 370 370 370 370 371.397735595703125 377 377 377 377 375.402587890625 369 369 369 369 369.599029541015625 372 372 372 372 373.397735595703125 379 379 379 379
-9999 -9999 -9999 -9999 -9999 -9999 -9999 -9999 -9999 -9999 -9999 -9999 369 369 368.001617431640625 364 364 364 364 365.597412109375 372 372 372 372 372.7987060546875 376 376 376 376 376 376 376 376 376 374.00323486328125 366 366 366 366 366.7987060546875 370 370 370 370 371.397735595703125 377 377 377 377 375.402587890625 369 369 369 369 369.599029541015625 372 372 372 372 373.397735595703125 379 379 379 379
-9999 -9999 -9999 -9999 -9999 -9999 -9999 -9999 -9999 -9999 -9999 -9999 -9999 369 368.001617431640625 364 364 364 364 365.597412109375 372 372 372 372 372.7987060546875 376 376 376 376 376 376 376 376 376 374.00323486328125 366 366 366 366 366.7987060546875 370 370 370 370 371.397735595703125 377 377 377 377 375.402587890625 369 369 369 369 369.599029541015625 372 372 372 372 373.397735595703125 379 379 379 379
-9999 -9999 -9999 -9999 -9999 -9999 -9999 -9999 -9999 -9999 -9999 -9999 -9999 -9999 368.001617431640625 364 364 364 364 365.597412109375 372 372 372 372 372.7987060546875 376 376 376 376 376 376 376 376 376 374.00323486328125 366 366 366 366 366.7987060546875 370 370 370 370 371.397735595703125 377 377 377 377 375.402587890625 369 369 369 369 369.599029541015625 372 372 372 372 373.397735595703125 379 379 379 379
-9999 -9999 -9999 -9999 -9999 -9999 -9999 -9999 -9999 -9999 -9999 -9999 -9999 -9999 371.31951904296875 372.788543701171875 372.788543701171875 372.788543701171875 372.788543701171875 373.9959716796875 378.835540771484375 378.835540771484375 378.835540771484375 378.835540771484375 378.26934814453125 376 376 376 376 375.61004638671875 374.0469970703125 374.0469970703125 374.0469970703125 374.0469970703125 371.855255126953125 363.07049560546875 363.07049560546875 363.07049560546875 363.07049560546875 362.69927978515625 361.211456298828125 361.211456298828125 361.211456298828125 361.211456298828125 361.244293212890625 361.375946044921875 361.375946044921875 361.375946044921875 361.375946044921875 361.728363037109375 363.1409912109375 363.1409912109375 363.1409912109375 363.1409912109375 362.960052490234375 362.234954833984375 362.234954833984375 362.234954833984375 362.234954833984375 363.24273681640625 367.281951904296875 367.281951904296875 367.281951904296875 367.281951904296875
-9999 -9999 -9999 -9999 -9999 -9999 -9999 -9999 -9999 -9999 -9999 -9999 -9999 -9999 371.39935302734375 373 373 373 373 374.19805908203125 379 379 379 379 378.400970458984375 376 376 376 376 375.60064697265625 374 374 374 374 371.803558349609375 363 363 363 363 362.60064697265625 361 361 361 361 361 361 361 361 361 361.39935302734375 363 363 363 363 362.800323486328125 362 362 362 362 362.998382568359375 367 367 367 367
-9999 -9999 -9999 -9999 -9999 -9999 -9999 -9999 -9999 -9999 -9999 -9999 -9999 -9999 371.39935302734375 373 373 373 373 374.19805908203125 379 379 379 379 378.400970458984375 376 376 376 376 375.60064697265625 374 374 374 374 371.803558349609375 363 363 363 363 362.60064697265625 361 361 361 361 361 361 361 361 361 361.39935302734375 363 363 363 363 362.800323486328125 362 362 362 362 362.998382568359375 367 367 367 367
-9999 -9999 -9999 -9999 -9999 -9999 -9999 -9999 -9999 -9999 -9999 -9999 -9999 371 371.39935302734375 373 373 373 373 374.19805908203125 379 379 379 379 378.400970458984375 376 376 376 376 375.60064697265625 374 374 374 374 371.803558349609375 363 363 363 363 362.60064697265625 361 361 361 361 361 361 361 361 361 361.39935302734375 363 363 363 363 362.800323486328125 362 362 362 362 362.998382568359375 367 367 367 367
-9999 -9999 -9999 -9999 -9999 -9999 -9999 -9999 -9999 -9999 -9999 -9999 371 371 371.39935302734375 373 373 373 373 374.19805908203125 379 379 379 379 378.400970458984375 376 376 376 376 375.60064697265625 374 374 374 374 371.803558349609375 363 363 363 363 362.60064697265625 361 361 361 361 361 361 361 361 361 361.39935302734375 363 363 363 363 362.800323486328125 362 362 362 362 362.998382568359375 367 367 367 367
-9999 -9999 -9999 -9999 -9999 -9999 -9999 -9999 -9999 -9999 -9999 393.4595947265625 393.4595947265625 393.4595947265625 394.638885498046875 399.3656005859375 399.3656005859375 399.3656005859375 399.3656005859375 399.198760986328125 398.53009033203125 398.53009033203125 398.53009033203125 398.53009033203125 395.786224365234375 384.788543701171875 384.788543701171875 384.788543701171875 384.788543701171875 383.219268798828125 376.92950439453125 376.92950439453125 376.92950439453125 376.92950439453125 377.0728759765625 377.647552490234375 377.647552490234375 377.647552490234375 377.647552490234375 375.49334716796875 366.8590087890625 366.8590087890625 366.8590087890625 366.8590087890625 365.88409423828125 361.97650146484375 361.97650146484375 361.97650146484375 361.97650146484375 361.40093994140625 359.093994140625 359.093994140625 359.093994140625 359.093994140625 360.649169921875 366.88250732421875 366.88250732421875 366.88250732421875 366.88250732421875 367.490936279296875 369.92950439453125 369.92950439453125 369.92950439453125 369.92950439453125
-9999 -9999 -9999 -9999 -9999 -9999 -9999 -9999 -9999 -9999 394 394 394 394 395.19805908203125 400 400 400 400 399.800323486328125 399 399 399 399 396.20452880859375 385 385 385 385 383.402587890625 377 377 377 377 377.199676513671875 378 378 378 378 375.803558349609375 367 367 367 367 366.001617431640625 362 362 362 362 361.400970458984375 359 359 359 359 360.597412109375 367 367 367 367 367.599029541015625 370 370 370 370
-9999 -9999 -9999 -9999 -9999 -9999 -9999 -9999 -9999 -9999 394 394 394 394 395.19805908203125 400 400 400 400 399.800323486328125 399 399 399 399 396.20452880859375 385 385 385 385 383.402587890625 377 377 377 377 377.199676513671875 378 378 378 378 375.803558349609375 367 367 367 367 366.001617431640625 362 362 362 362 361.400970458984375 359 359 359 359 360.597412109375 367 367 367 367 367.599029541015625 370 370 370 370
-9999 -9999 -9999 -9999 -9999 -9999 -9999 -9999 -9999 78.67234039306640625 394 394 394 394 395.19805908203125 400 400 400 400 399.800323486328125 399 399 399 399 396.20452880859375 385 385 385 385 383.402587890625 377 377 377 377 377.199676513671875 378 378 378 378 375.803558349609375 367 367 367 367 366.001617431640625 362 362 362 362 361.400970458984375 359 359 359 359 360.597412109375 367 367 367 367 367.599029541015625 370 370 370 370
-9999 -9999 -9999 -9999 -9999 -9999 -9999 -9999 -9999 -9999 394 394 394 394 395.19805908203125 400 400 400 400 399.800323486328125 399 399 399 399 396.20452880859375 385 385 385 385 383.402587890625 377 377 377 377 377.199676513671875 378 378 378 378 375.803558349609375 367 367 367 367 366.001617431640625 362 362 362 362 361.400970458984375 359 359 359 359 360.597412109375 367 367 367 367 367.599029541015625 370 370 370 370
-9999 -9999 -9999 -9999 -9999 -9999 -9999 -9999 -9999 -9999 399.8590087890625 399.8590087890625 399.8590087890625 399.8590087890625 399.302215576171875 397.07049560546875 397.07049560546875 397.07049560546875 397.07049560546875 397.6507568359375 399.97650146484375 399.97650146484375 399.97650146484375 399.97650146484375 395.426177978515625 377.187957763671875 377.187957763671875 377.187957763671875 377.187957763671875 376.760467529296875 375.0469970703125 375.0469970703125 375.0469970703125 375.0469970703125 375.246673583984375 376.0469970703125 376.0469970703125 376.0469970703125 376.0469970703125 376.19036865234375 376.765045166015625 376.765045166015625 376.765045166015625 376.765045166015625 375.376678466796875 369.812042236328125 369.812042236328125 369.812042236328125 369.812042236328125 369.797943115234375 369.741546630859375 369.741546630859375 369.741546630859375 369.741546630859375 369.97406005859375 370.906005859375 370.906005859375 370.906005859375 370.906005859375 372.28497314453125 377.812042236328125 377.812042236328125 377.812042236328125 377.812042236328125
-9999 -9999 -9999 -9999 -9999 -9999 -9999 -9999 -9999 -9999 400 400 400 400 399.400970458984375 397 397 397 397 397.599029541015625 400 400 400 400 395.407440185546875 377 377 377 377 376.60064697265625 375 375 375 375 375.199676513671875 376 376 376 376 376.199676513671875 377 377 377 377 375.602264404296875 370 370 370 370 370 370 370 370 370 370.199676513671875 371 371 371 371 372.397735595703125 378 378 378 378
-9999 -9999 -9999 -9999 -9999 -9999 -9999 -9999 -9999 -9999 400 400 400 400 399.400970458984375 397 397 397 397 397.599029541015625 400 400 400 400 395.407440185546875 377 377 377 377 376.60064697265625 375 375 375 375 375.199676513671875 376 376 376 376 376.199676513671875 377 377 377 377 375.602264404296875 370 370 370 370 370 370 370 370 370 370.199676513671875 371 371 371 371 372.397735595703125 378 378 378 378
-9999 -9999 -9999 -9999 -9999 -9999 -9999 -9999 -9999 -9999 400 400 400 400 399.400970458984375 397 397 397 397 397.599029541015625 400 400 400 400 395.407440185546875 377 377 377 377 376.60064697265625 375 375 375 375 375.199676513671875 376 376 376 376 376.199676513671875 377 377 377 377 375.602264404296875 370 370 370 370 370 370 370 370 370 370.199676513671875 371 371 371 371 372.397735595703125 378 378 378 378
