INPUT/RASTER/ASCII/sand.asc
ncols        225
nrows        269
xllcorner    473000.000000000000
yllcorner    4429100.000000000000
cellsize     50.000000000000
NODATA_value -9999
[rows 140 to 167 of 269, columns 64 to 127 of 225]
379.99676513671875 388 388 388 388 389.19805908203125 394 394 394 394 397.793853759765625 413 413 413 413 412.60064697265625 411 411 411 411 411.199676513671875 412 412 412 412 411.2012939453125 408 408 408 408 407.800323486328125 407 407 407 407 407.39935302734375 409 409 409 409 408.2012939453125 405 405 405 405 403.80194091796875 399 399 399 399 398.001617431640625 394 394 394 394 393.800323486328125 393 393 393 393 393.7987060546875 397 397 397
387.613800048828125 394.835540771484375 394.835540771484375 394.835540771484375 394.835540771484375 396.6185302734375 403.765045166015625 403.765045166015625 403.765045166015625 403.765045166015625 404.244140625 406.164459228515625 406.164459228515625 406.164459228515625 406.164459228515625 406.5450439453125 408.07049560546875 408.07049560546875 408.07049560546875 408.07049560546875 409.245086669921875 413.9530029296875 413.9530029296875 413.9530029296875 413.9530029296875 413.934234619140625 413.8590087890625 413.8590087890625 413.8590087890625 413.8590087890625 414.244293212890625 415.788543701171875 415.788543701171875 415.788543701171875 415.788543701171875 415.79791259765625 415.835540771484375 415.835540771484375 415.835540771484375 415.835540771484375 413.281951904296875 403.0469970703125 403.0469970703125 403.0469970703125 403.0469970703125 402.43389892578125 399.97650146484375 399.97650146484375 399.97650146484375 399.97650146484375 399.173095703125 395.9530029296875 395.9530029296875 395.9530029296875 395.9530029296875 395.753326416015625 394.9530029296875 394.9530029296875 394.9530029296875 394.9530029296875 394.19183349609375 391.1409912109375 391.1409912109375 391.1409912109375
387.797088623046875 395 395 395 395 396.797088623046875 404 404 404 404 404.39935302734375 406 406 406 406 406.39935302734375 408 408 408 408 409.19805908203125 414 414 414 414 414 414 414 414 414 414.39935302734375 416 416 416 416 416 416 416 416 416 413.404205322265625 403 403 403 403 402.400970458984375 400 400 400 400 399.2012939453125 396 396 396 396 395.800323486328125 395 395 395 395 394.2012939453125 391 391 391
387.797088623046875 395 395 395 395 396.797088623046875 404 404 404 404 404.39935302734375 406 406 406 406 406.39935302734375 408 408 408 408 409.19805908203125 414 414 414 414 414 414 414 414 414 414.39935302734375 416 416 416 416 416 416 416 416 416 413.404205322265625 403 403 403 403 402.400970458984375 400 400 400 400 399.2012939453125 396 396 396 396 395.800323486328125 395 395 395 395 394.2012939453125 391 391 391
387.797088623046875 395 395 395 395 396.797088623046875 404 404 404 404 404.39935302734375 406 406 406 406 406.39935302734375 408 408 408 408 409.19805908203125 414 414 414 414 414 414 414 414 414 414.39935302734375 416 416 416 416 416 416 416 416 416 413.404205322265625 403 403 403 403 402.400970458984375 400 400 400 400 399.2012939453125 396 396 396 396 395.800323486328125 395 395 395 395 394.2012939453125 391 -9999 -9999
387.797088623046875 395 395 395 395 396.797088623046875 404 404 404 404 404.39935302734375 406 406 406 406 406.39935302734375 408 408 408 408 409.19805908203125 414 414 414 414 414 414 414 414 414 414.39935302734375 416 416 416 416 416 416 416 416 416 413.404205322265625 403 403 403 403 402.400970458984375 400 400 400 400 399.2012939453125 396 396 396 396 395.800323486328125 395 395 395 395 394.2012939453125 -9999 -9999 -9999
400.49481201171875 399.88250732421875 399.88250732421875 399.88250732421875 399.88250732421875 400.704681396484375 404 404 404 404 405.374267578125 410.88250732421875 410.88250732421875 410.88250732421875 410.88250732421875 411.2818603515625 412.88250732421875 412.88250732421875 412.88250732421875 412.88250732421875 410.57086181640625 401.305450439453125 401.305450439453125 401.305450439453125 401.305450439453125 402.08538818359375 405.211456298828125 405.211456298828125 405.211456298828125 405.211456298828125 405.8057861328125 408.187957763671875 408.187957763671875 408.187957763671875 408.187957763671875 410.332794189453125 418.92950439453125 418.92950439453125 418.92950439453125 418.92950439453125 417.6986083984375 412.765045166015625 412.765045166015625 412.765045166015625 412.765045166015625 410.60614013671875 401.9530029296875 401.9530029296875 401.9530029296875 401.9530029296875 400.17938232421875 393.07049560546875 393.07049560546875 393.07049560546875 393.07049560546875 393.455780029296875 395 395 395 -9999 -9999 -9999 -9999 -9999
400.800323486328125 400 400 400 400 400.7987060546875 404 404 404 404 405.397735595703125 411 411 411 411 411.39935302734375 413 413 413 413 410.6038818359375 401 401 401 401 401.7987060546875 405 405 405 405 405.599029541015625 408 408 408 408 410.196441650390625 419 419 419 419 417.80194091796875 413 413 413 413 410.803558349609375 402 402 402 402 400.202911376953125 393 393 393 393 393.39935302734375 395 395 395 -9999 -9999 -9999 -9999 -9999
400.800323486328125 400 400 400 400 400.7987060546875 404 404 404 404 405.397735595703125 411 411 411 411 411.39935302734375 413 413 413 413 410.6038818359375 401 401 401 401 401.7987060546875 405 405 405 405 405.599029541015625 408 408 408 408 410.196441650390625 419 419 419 419 417.80194091796875 413 413 413 413 410.803558349609375 402 402 402 402 400.202911376953125 393 393 393 393 393.39935302734375 395 395 395 395 -9999 -9999 -9999 -9999
400.800323486328125 400 400 400 400 400.7987060546875 404 404 404 404 405.397735595703125 411 411 411 411 411.39935302734375 413 413 413 413 410.6038818359375 401 401 401 401 401.7987060546875 405 405 405 405 405.599029541015625 408 408 408 408 410.196441650390625 419 419 419 419 417.80194091796875 413 413 413 413 410.803558349609375 402 402 402 402 400.202911376953125 393 393 393 393 393.39935302734375 395 395 395 395 395.599029541015625 -9999 -9999 -9999
400.800323486328125 400 400 400 400 400.7987060546875 404 404 404 404 405.397735595703125 411 411 411 411 411.39935302734375 413 413 413 413 410.6038818359375 401 401 401 401 401.7987060546875 405 405 405 405 405.599029541015625 408 408 408 408 410.196441650390625 419 419 419 419 417.80194091796875 413 413 413 413 410.803558349609375 402 402 402 402 400.202911376953125 393 393 393 393 393.39935302734375 395 395 395 395 395.599029541015625 398 398 398
404.706329345703125 403.906005859375 403.906005859375 403.906005859375 403.906005859375 407.239532470703125 420.600555419921875 420.600555419921875 420.600555419921875 420.600555419921875 419.853485107421875 416.8590087890625 416.8590087890625 416.8590087890625 416.8590087890625 417.453369140625 419.835540771484375 419.835540771484375 419.835540771484375 419.835540771484375 418.024383544921875 410.765045166015625 410.765045166015625 410.765045166015625 410.765045166015625 411.953704833984375 416.718048095703125 416.718048095703125 416.718048095703125 416.718048095703125 418.097015380859375 423.624053955078125 423.624053955078125 423.624053955078125 423.624053955078125 420.75091552734375 409.234954833984375 409.234954833984375 409.234954833984375 409.234954833984375 409.40179443359375 410.07049560546875 410.07049560546875 410.07049560546875 410.07049560546875 406.11920166015625 390.281951904296875 390.281951904296875 390.281951904296875 390.281951904296875 393.554473876953125 406.671051025390625 406.671051025390625 406.671051025390625 406.671051025390625 406.095489501953125 403.788543701171875 403.788543701171875 403.788543701171875 403.788543701171875 404.972503662109375 409.718048095703125 409.718048095703125 409.718048095703125
404.800323486328125 404 404 404 404 407.394500732421875 421 421 421 421 420.2012939453125 417 417 417 417 417.599029541015625 420 420 420 420 418.202911376953125 411 411 411 411 412.19805908203125 417 417 417 417 418.397735595703125 424 424 424 424 421.004852294921875 409 409 409 409 409.199676513671875 410 410 410 410 406.0064697265625 390 390 390 390 393.394500732421875 407 407 407 407 406.400970458984375 404 404 404 404 405.19805908203125 410 410 410
404.800323486328125 404 404 404 404 407.394500732421875 421 421 421 421 420.2012939453125 417 417 417 417 417.599029541015625 420 420 420 420 418.202911376953125 411 411 411 411 412.19805908203125 417 417 417 417 418.397735595703125 424 424 424 424 421.004852294921875 409 409 409 409 409.199676513671875 410 410 410 410 406.0064697265625 390 390 390 390 393.394500732421875 407 407 407 407 406.400970458984375 404 404 404 404 405.19805908203125 410 410 410
404.800323486328125 404 404 404 404 407.394500732421875 421 421 421 421 420.2012939453125 417 417 417 417 417.599029541015625 420 420 420 420 418.202911376953125 411 411 411 411 412.19805908203125 417 417 417 417 418.397735595703125 424 424 424 424 421.004852294921875 409 409 409 409 409.199676513671875 410 410 410 410 406.0064697265625 390 390 390 390 393.394500732421875 407 407 407 407 406.400970458984375 404 404 404 404 405.19805908203125 410 410 410
404.800323486328125 404 404 404 404 407.394500732421875 421 421 421 421 420.2012939453125 417 417 417 417 417.599029541015625 420 420 420 420 418.202911376953125 411 411 411 411 412.19805908203125 417 417 417 417 418.397735595703125 424 424 424 424 421.004852294921875 409 409 409 409 409.199676513671875 410 410 410 410 406.0064697265625 390 390 390 390 393.394500732421875 407 407 407 407 406.400970458984375 404 404 404 404 405.19805908203125 410 410 410
401.869232177734375 404.97650146484375 404.97650146484375 404.97650146484375 404.97650146484375 403.49639892578125 397.56390380859375 397.56390380859375 397.56390380859375 397.56390380859375 400.079925537109375 410.164459228515625 410.164459228515625 410.164459228515625 410.164459228515625 410.76348876953125 413.164459228515625 413.164459228515625 413.164459228515625 413.164459228515625 412.342315673828125 409.0469970703125 409.0469970703125 409.0469970703125 409.0469970703125 410.440032958984375 416.02349853515625 416.02349853515625 416.02349853515625 416.02349853515625 415.6663818359375 414.234954833984375 414.234954833984375 414.234954833984375 414.234954833984375 414.5545654296875 415.835540771484375 415.835540771484375 415.835540771484375 415.835540771484375 413.305419921875 403.164459228515625 403.164459228515625 403.164459228515625 403.164459228515625 404.435516357421875 409.53009033203125 409.53009033203125 409.53009033203125 409.53009033203125 405.3201904296875 388.4464111328125 388.4464111328125 388.4464111328125 388.4464111328125 388.042388916015625 386.422943115234375 386.422943115234375 386.422943115234375 386.422943115234375 389.18084716796875 400.234954833984375 400.234954833984375 400.234954833984375
401.7987060546875 405 405 405 405 403.402587890625 397 397 397 397 399.595794677734375 410 410 410 410 410.599029541015625 413 413 413 413 412.2012939453125 409 409 409 409 410.397735595703125 416 416 416 416 415.60064697265625 414 414 414 414 414.39935302734375 416 416 416 416 413.404205322265625 403 403 403 403 404.397735595703125 410 410 410 410 405.60711669921875 388 388 388 388 387.60064697265625 386 386 386 386 388.79547119140625 400 400 400
401.7987060546875 405 405 405 405 403.402587890625 397 397 397 397 399.595794677734375 410 410 410 410 410.599029541015625 413 413 413 413 412.2012939453125 409 409 409 409 410.397735595703125 416 416 416 416 415.60064697265625 414 414 414 414 414.39935302734375 416 416 416 416 413.404205322265625 403 403 403 403 404.397735595703125 410 410 410 410 405.60711669921875 388 388 388 388 387.60064697265625 386 386 386 386 388.79547119140625 400 400 400
401.7987060546875 405 405 405 405 403.402587890625 397 397 397 397 399.595794677734375 410 410 410 410 410.599029541015625 413 413 413 413 412.2012939453125 409 409 409 409 410.397735595703125 416 416 416 416 415.60064697265625 414 414 414 414 414.39935302734375 416 416 416 416 413.404205322265625 403 403 403 403 404.397735595703125 410 410 410 410 405.60711669921875 388 388 388 388 387.60064697265625 386 386 386 386 388.79547119140625 400 400 400
401.7987060546875 405 405 405 405 403.402587890625 397 397 397 397 399.595794677734375 410 410 410 410 410.599029541015625 413 413 413 413 412.2012939453125 409 409 409 409 410.397735595703125 416 416 416 416 415.60064697265625 414 414 414 414 414.39935302734375 416 416 416 416 413.404205322265625 403 403 403 403 404.397735595703125 410 410 410 410 405.60711669921875 388 388 388 388 387.60064697265625 386 386 386 386 388.79547119140625 400 400 400
404.536407470703125 399.1409912109375 399.1409912109375 399.1409912109375 399.1409912109375 398.908447265625 397.97650146484375 397.97650146484375 397.97650146484375 397.97650146484375 400.572296142578125 410.97650146484375 410.97650146484375 410.97650146484375 410.97650146484375 412.35546875 417.88250732421875 417.88250732421875 417.88250732421875 417.88250732421875 415.13397216796875 404.11749267578125 404.11749267578125 404.11749267578125 404.11749267578125 405.51519775390625 411.11749267578125 411.11749267578125 411.11749267578125 411.11749267578125 412.0830078125 415.9530029296875 415.9530029296875 415.9530029296875 415.9530029296875 413.622589111328125 404.281951904296875 404.281951904296875 404.281951904296875 404.281951904296875 405.195892333984375 408.8590087890625 408.8590087890625 408.8590087890625 408.8590087890625 407.91693115234375 404.1409912109375 404.1409912109375 404.1409912109375 404.1409912109375 403.2578125 399.718048095703125 399.718048095703125 399.718048095703125 399.718048095703125 398.928741455078125 395.765045166015625 395.765045166015625 395.765045166015625 395.765045166015625 397.5855712890625 404.88250732421875 404.88250732421875 404.88250732421875
404.602264404296875 399 399 399 399 398.800323486328125 398 398 398 398 400.595794677734375 411 411 411 411 412.397735595703125 418 418 418 418 415.20452880859375 404 404 404 404 405.397735595703125 411 411 411 411 411.998382568359375 416 416 416 416 413.6038818359375 404 404 404 404 404.998382568359375 409 409 409 409 408.001617431640625 404 404 404 404 403.2012939453125 400 400 400 400 399.2012939453125 396 396 396 396 397.797088623046875 405 405 405
404.602264404296875 399 399 399 399 398.800323486328125 398 398 398 398 400.595794677734375 411 411 411 411 412.397735595703125 418 418 418 418 415.20452880859375 404 404 404 404 405.397735595703125 411 411 411 411 411.998382568359375 416 416 416 416 413.6038818359375 404 404 404 404 404.998382568359375 409 409 409 409 408.001617431640625 404 404 404 404 403.2012939453125 400 400 400 400 399.2012939453125 396 396 396 396 397.797088623046875 405 405 405
404.602264404296875 399 399 399 399 398.800323486328125 398 398 398 398 400.595794677734375 411 411 411 411 412.397735595703125 418 418 418 418 415.20452880859375 404 404 404 404 405.397735595703125 411 411 411 411 411.998382568359375 416 416 416 416 413.6038818359375 404 404 404 404 404.998382568359375 409 409 409 409 408.001617431640625 404 404 404 404 403.2012939453125 400 400 400 400 399.2012939453125 396 396 396 396 397.797088623046875 405 405 405
404.602264404296875 399 399 399 399 398.800323486328125 398 398 398 398 400.595794677734375 411 411 411 411 412.397735595703125 418 418 418 418 415.20452880859375 404 404 404 404 405.397735595703125 411 411 411 411 411.998382568359375 416 416 416 416 413.6038818359375 404 404 404 404 404.998382568359375 409 409 409 409 408.001617431640625 404 404 404 404 403.2012939453125 400 400 400 400 399.2012939453125 396 396 396 396 397.797088623046875 405 405 405
411.2427978515625 404.8590087890625 404.8590087890625 404.8590087890625 404.8590087890625 404.854339599609375 404.835540771484375 404.835540771484375 404.835540771484375 404.835540771484375 408.016265869140625 420.765045166015625 420.765045166015625 420.765045166015625 420.765045166015625 420.797882080078125 420.92950439453125 420.92950439453125 420.92950439453125 420.92950439453125 417.549102783203125 404 404 404 404 404.422821044921875 406.11749267578125 406.11749267578125 406.11749267578125 406.11749267578125 405.360992431640625 402.328948974609375 402.328948974609375 402.328948974609375 402.328948974609375 405.587371826171875 418.647552490234375 418.647552490234375 418.647552490234375 418.647552490234375 418.6710205078125 418.765045166015625 418.765045166015625 418.765045166015625 418.765045166015625 417.18170166015625 410.835540771484375 410.835540771484375 410.835540771484375 410.835540771484375 410.2318115234375 407.812042236328125 407.812042236328125 407.812042236328125 407.812042236328125 406.2333984375 399.906005859375 399.906005859375 399.906005859375 399.906005859375 401.313140869140625 406.9530029296875 406.9530029296875 406.9530029296875
411.402587890625 405 405 405 405 405 405 405 405 405 408.19482421875 421 421 421 421 421 421 421 421 421 417.605499267578125 404 404 404 404 404.39935302734375 406 406 406 406 405.2012939453125 402 402 402 402 405.394500732421875 419 419 419 419 419 419 419 419 419 417.402587890625 411 411 411 411 410.400970458984375 408 408 408 408 406.402587890625 400 400 400 400 401.397735595703125 407 407 407
