INPUT/RASTER/ASCII/silt.asc
ncols        225
nrows        269
xllcorner    473000.000000000000
yllcorner    4429100.000000000000
cellsize     50.000000000000
NODATA_value -9999
[rows 84 to 111 of 269, columns 0 to 62 of 225]
-9999 -9999 -9999 -9999 -9999 -9999 -9999 -9999 -9999 -9999 -9999 -9999 -9999 -9999 -9999 -9999 -9999 -9999 -9999 -9999 -9999 -9999 -9999 -9999 -9999 -9999 -9999 -9999 -9999 -9999 -9999 -9999 -9999 420 416.605499267578125 403 403 403 403 403.7987060546875 407 407 407 407 407.7987060546875 411 411 411 411 411 411 411 411 411 407.206146240234375 392 392 392 392 396.592559814453125 415 415 415
-9999 -9999 -9999 -9999 -9999 -9999 -9999 -9999 -9999 -9999 -9999 -9999 -9999 -9999 -9999 -9999 -9999 -9999 -9999 -9999 -9999 -9999 -9999 -9999 -9999 -9999 -9999 -9999 -9999 -9999 -9999 -9999 -9999 420 416.605499267578125 403 403 403 403 403.7987060546875 407 407 407 407 407.7987060546875 411 411 411 411 411 411 411 411 411 407.206146240234375 392 392 392 392 396.592559814453125 415 415 415
-9999 -9999 -9999 -9999 -9999 -9999 -9999 -9999 -9999 -9999 -9999 -9999 -9999 -9999 -9999 -9999 -9999 -9999 -9999 -9999 -9999 -9999 -9999 -9999 -9999 -9999 -9999 -9999 -9999 -9999 -9999 -9999 -9999 -9999 415.822418212890625 406.906005859375 406.906005859375 406.906005859375 406.906005859375 406.534820556640625 405.0469970703125 405.0469970703125 405.0469970703125 405.0469970703125 404.28582763671875 401.234954833984375 401.234954833984375 401.234954833984375 401.234954833984375 401.234954833984375 401.234954833984375 401.234954833984375 401.234954833984375 401.234954833984375 403.68060302734375 413.48309326171875 413.48309326171875 413.48309326171875 413.48309326171875 414.175933837890625 416.9530029296875 416.9530029296875 416.9530029296875
-9999 -9999 -9999 -9999 -9999 -9999 -9999 -9999 -9999 -9999 -9999 -9999 -9999 -9999 -9999 -9999 -9999 -9999 -9999 -9999 -9999 -9999 -9999 -9999 -9999 -9999 -9999 -9999 -9999 -9999 -9999 -9999 -9999 -9999 415.803558349609375 407 407 407 407 406.60064697265625 405 405 405 405 404.2012939453125 401 401 401 401 401 401 401 401 401 403.595794677734375 414 414 414 414 414.599029541015625 417 417 417
-9999 -9999 -9999 -9999 -9999 -9999 -9999 -9999 -9999 -9999 -9999 -9999 -9999 -9999 -9999 -9999 -9999 -9999 -9999 -9999 -9999 -9999 -9999 -9999 -9999 -9999 -9999 -9999 -9999 -9999 -9999 -9999 -9999 -9999 415.803558349609375 407 407 407 407 406.60064697265625 405 405 405 405 404.2012939453125 401 401 401 401 401 401 401 401 401 403.595794677734375 414 414 414 414 414.599029541015625 417 417 417
-9999 -9999 -9999 -9999 -9999 -9999 -9999 -9999 -9999 -9999 -9999 -9999 -9999 -9999 -9999 -9999 -9999 -9999 -9999 -9999 -9999 -9999 -9999 -9999 -9999 -9999 -9999 -9999 -9999 -9999 -9999 -9999 -9999 -9999 415.803558349609375 407 407 407 407 406.60064697265625 405 405 405 405 404.2012939453125 401 401 401 401 401 401 401 401 401 403.595794677734375 414 414 414 414 414.599029541015625 417 417 417
-9999 -9999 -9999 -9999 -9999 -9999 -9999 -9999 -9999 -9999 -9999 -9999 -9999 -9999 -9999 -9999 -9999 -9999 -9999 -9999 -9999 -9999 -9999 -9999 -9999 -9999 -9999 -9999 -9999 -9999 -9999 -9999 -9999 -9999 415.803558349609375 407 407 407 407 406.60064697265625 405 405 405 405 404.2012939453125 401 401 401 401 401 401 401 401 401 403.595794677734375 414 414 414 414 414.599029541015625 417 417 417
-9999 -9999 -9999 -9999 -9999 -9999 -9999 -9999 -9999 -9999 -9999 -9999 -9999 -9999 -9999 -9999 -9999 -9999 -9999 -9999 -9999 -9999 -9999 -9999 -9999 -9999 -9999 -9999 -9999 -9999 -9999 -9999 -9999 425.812042236328125 421.080810546875 402.11749267578125 402.11749267578125 402.11749267578125 402.11749267578125 402.303070068359375 403.0469970703125 403.0469970703125 403.0469970703125 403.0469970703125 403.028228759765625 402.9530029296875 402.9530029296875 402.9530029296875 402.9530029296875 404.902862548828125 412.718048095703125 412.718048095703125 412.718048095703125 412.718048095703125 415.508819580078125 426.694549560546875 426.694549560546875 426.694549560546875 426.694549560546875 426.513641357421875 425.788543701171875 425.788543701171875 425.788543701171875
-9999 -9999 -9999 -9999 -9999 -9999 -9999 -9999 -9999 -9999 -9999 -9999 -9999 -9999 -9999 -9999 -9999 -9999 -9999 -9999 -9999 -9999 436 436 -9999 -9999 -9999 -9999 -9999 -9999 426 426 426 426 421.207763671875 402 402 402 402 402.199676513671875 403 403 403 403 403 403 403 403 403 404.99676513671875 413 413 413 413 415.79547119140625 427 427 427 427 426.800323486328125 426 426 426
-9999 -9999 -9999 -9999 -9999 -9999 -9999 -9999 -9999 -9999 -9999 -9999 -9999 -9999 -9999 -9999 -9999 -9999 0 87.05873870849609375 436 436 436 436 348.941253662109375 0 0 0 0 85.06197357177734375 426 426 426 426 421.207763671875 402 402 402 402 402.199676513671875 403 403 403 403 403 403 403 403 403 404.99676513671875 413 413 413 413 415.79547119140625 427 427 427 427 426.800323486328125 426 426 426
-9999 -9999 -9999 -9999 -9999 -9999 -9999 -9999 -9999 -9999 -9999 -9999 -9999 -9999 -9999 -9999 -9999 0 0 87.05873870849609375 436 436 436 436 348.941253662109375 0 0 0 0 85.06197357177734375 426 426 426 426 421.207763671875 402 402 402 402 402.199676513671875 403 403 403 403 403 403 403 403 403 404.99676513671875 413 413 413 413 415.79547119140625 427 427 427 427 426.800323486328125 426 426 426
-9999 -9999 -9999 -9999 -9999 -9999 -9999 -9999 -9999 -9999 -9999 -9999 -9999 -9999 0 0 0 0 0 87.05873870849609375 436 436 436 436 348.941253662109375 0 0 0 0 85.06197357177734375 426 426 426 426 421.207763671875 402 402 402 402 402.199676513671875 403 403 403 403 403 403 403 403 403 404.99676513671875 413 413 413 413 415.79547119140625 427 427 427 427 426.800323486328125 426 426 426
-9999 -9999 -9999 -9999 -9999 -9999 -9999 -9999 -9999 -9999 -9999 -9999 424.77923583984375 424.77923583984375 425.94915771484375 430.638275146484375 430.638275146484375 430.638275146484375 430.638275146484375 429.174072265625 423.305450439453125 423.305450439453125 423.305450439453125 423.305450439453125 421.649871826171875 415.014190673828125 415.014190673828125 415.014190673828125 415.014190673828125 414.86798095703125 414.281951904296875 414.281951904296875 414.281951904296875 414.281951904296875 414.94927978515625 417.624053955078125 417.624053955078125 417.624053955078125 417.624053955078125 413.924041748046875 399.093994140625 399.093994140625 399.093994140625 399.093994140625 401.238800048828125 409.835540771484375 409.835540771484375 409.835540771484375 409.835540771484375 410.27239990234375 412.02349853515625 412.02349853515625 412.02349853515625 412.02349853515625 412.08917236328125 412.352447509765625 412.352447509765625 412.352447509765625 412.352447509765625 413.712646484375 419.164459228515625 419.164459228515625 419.164459228515625
-9999 -9999 -9999 -9999 -9999 -9999 -9999 -9999 -9999 -9999 -9999 435 435 435 436.19805908203125 441 441 441 441 437.40582275390625 423 423 423 423 423.39935302734375 425 425 425 425 422.803558349609375 414 414 414 414 414.7987060546875 418 418 418 418 414.206146240234375 399 399 399 399 401.196441650390625 410 410 410 410 410.39935302734375 412 412 412 412 412 412 412 412 412 413.397735595703125 419 419 419
-9999 -9999 -9999 -9999 -9999 -9999 -9999 -9999 -9999 -9999 -9999 435 435 435 436.19805908203125 441 441 441 441 437.40582275390625 423 423 423 423 423.39935302734375 425 425 425 425 422.803558349609375 414 414 414 414 414.7987060546875 418 418 418 418 414.206146240234375 399 399 399 399 401.196441650390625 410 410 410 410 410.39935302734375 412 412 412 412 412 412 412 412 412 413.397735595703125 419 419 419
-9999 -9999 -9999 -9999 -9999 -9999 -9999 -9999 -9999 -9999 -9999 435 435 435 436.19805908203125 441 441 441 441 437.40582275390625 423 423 423 423 423.39935302734375 425 425 425 425 422.803558349609375 414 414 414 414 414.7987060546875 418 418 418 418 414.206146240234375 399 399 399 399 401.196441650390625 410 410 410 410 410.39935302734375 412 412 412 412 412 412 412 412 412 413.397735595703125 419 419 419
-9999 -9999 -9999 -9999 -9999 -9999 -9999 -9999 -9999 -9999 -9999 435 435 435 436.19805908203125 441 441 441 441 437.40582275390625 423 423 423 423 423.39935302734375 425 425 425 425 422.803558349609375 414 414 414 414 414.7987060546875 418 418 418 418 414.206146240234375 399 399 399 399 401.196441650390625 410 410 410 410 410.39935302734375 412 412 412 412 412 412 412 412 412 413.397735595703125 419 419 419
-9999 -9999 -9999 -9999 -9999 -9999 -9999 -9999 -9999 -9999 -9999 444.765045166015625 444.765045166015625 444.765045166015625 442.06341552734375 431.234954833984375 431.234954833984375 431.234954833984375 431.234954833984375 429.9805908203125 424.9530029296875 424.9530029296875 424.9530029296875 424.9530029296875 424.572418212890625 423.0469970703125 423.0469970703125 423.0469970703125 423.0469970703125 423.970306396484375 427.671051025390625 427.671051025390625 427.671051025390625 427.671051025390625 427.6898193359375 427.765045166015625 427.765045166015625 427.765045166015625 427.765045166015625 422.216339111328125 399.97650146484375 399.97650146484375 399.97650146484375 399.97650146484375 403.34283447265625 416.835540771484375 416.835540771484375 416.835540771484375 416.835540771484375 416.25994873046875 413.9530029296875 413.9530029296875 413.9530029296875 413.9530029296875 412.39312744140625 406.1409912109375 406.1409912109375 406.1409912109375 406.1409912109375 405.5888671875 403.375946044921875 403.375946044921875 403.375946044921875
-9999 -9999 -9999 -9999 -9999 -9999 -9999 -9999 -9999 -9999 -9999 445 445 445 442.20452880859375 431 431 431 431 429.80194091796875 425 425 425 425 424.60064697265625 423 423 423 423 423.998382568359375 428 428 428 428 428 428 428 428 428 422.4090576171875 400 400 400 400 403.394500732421875 417 417 417 417 416.400970458984375 414 414 414 414 412.402587890625 406 406 406 406 405.400970458984375 403 403 403
-9999 -9999 -9999 -9999 -9999 -9999 -9999 -9999 -9999 -9999 -9999 445 445 445 442.20452880859375 431 431 431 431 429.80194091796875 425 425 425 425 424.60064697265625 423 423 423 423 423.998382568359375 428 428 428 428 428 428 428 428 428 422.4090576171875 400 400 400 400 403.394500732421875 417 417 417 417 416.400970458984375 414 414 414 414 412.402587890625 406 406 406 406 405.400970458984375 403 403 403
-9999 -9999 -9999 -9999 -9999 -9999 -9999 -9999 -9999 -9999 -9999 445 445 445 442.20452880859375 431 431 431 431 429.80194091796875 425 425 425 425 424.60064697265625 423 423 423 423 423.998382568359375 428 428 428 428 428 428 428 428 428 422.4090576171875 400 400 400 400 403.394500732421875 417 417 417 417 416.400970458984375 414 414 414 414 412.402587890625 406 406 406 406 405.400970458984375 403 403 403
-9999 -9999 -9999 -9999 -9999 -9999 -9999 -9999 -9999 -9999 -9999 445 445 445 442.20452880859375 431 431 431 431 429.80194091796875 425 425 425 425 424.60064697265625 423 423 423 423 423.998382568359375 428 428 428 428 428 428 428 428 428 422.4090576171875 400 400 400 400 403.394500732421875 417 417 417 417 416.400970458984375 414 414 414 414 412.402587890625 406 406 406 406 405.400970458984375 403 403 403
-9999 -9999 -9999 -9999 -9999 -9999 -9999 -9999 -9999 -9999 -9999 440.11749267578125 440.11749267578125 440.11749267578125 440.4417724609375 441.741546630859375 441.741546630859375 441.741546630859375 441.741546630859375 438.78863525390625 426.9530029296875 426.9530029296875 426.9530029296875 426.9530029296875 428.308502197265625 433.741546630859375 433.741546630859375 433.741546630859375 433.741546630859375 432.985076904296875 429.9530029296875 429.9530029296875 429.9530029296875 429.9530029296875 423.518524169921875 397.728363037109375 397.728363037109375 397.728363037109375 397.728363037109375 399.156890869140625 404.88250732421875 404.88250732421875 404.88250732421875 404.88250732421875 407.692047119140625 418.9530029296875 418.9530029296875 418.9530029296875 418.9530029296875 417.964019775390625 414 414 414 414 411.037689208984375 399.164459228515625 399.164459228515625 399.164459228515625 399.164459228515625 398.955413818359375 398.11749267578125 398.11749267578125 398.11749267578125
-9999 -9999 -9999 -9999 -9999 -9999 -9999 -9999 -9999 -9999 -9999 440 440 440 440.39935302734375 442 442 442 442 439.004852294921875 427 427 427 427 428.397735595703125 434 434 434 434 433.2012939453125 430 430 430 430 423.41070556640625 397 397 397 397 398.597412109375 405 405 405 405 407.79547119140625 419 419 419 419 418.001617431640625 414 414 414 414 411.004852294921875 399 399 399 399 398.800323486328125 398 398 398
-9999 -9999 -9999 -9999 -9999 -9999 -9999 -9999 -9999 -9999 -9999 440 440 440 440.39935302734375 442 442 442 442 439.004852294921875 427 427 427 427 428.397735595703125 434 434 434 434 433.2012939453125 430 430 430 430 423.41070556640625 397 397 397 397 398.597412109375 405 405 405 405 407.79547119140625 419 419 419 419 418.001617431640625 414 414 414 414 411.004852294921875 399 399 399 399 398.800323486328125 398 398 398
-9999 -9999 -9999 -9999 -9999 -9999 -9999 -9999 -9999 -9999 440 440 440 440 440.39935302734375 442 442 442 442 439.004852294921875 427 427 427 427 428.397735595703125 434 434 434 434 433.2012939453125 430 430 430 430 423.41070556640625 397 397 397 397 398.597412109375 405 405 405 405 407.79547119140625 419 419 419 419 418.001617431640625 414 414 414 414 411.004852294921875 399 399 399 399 398.800323486328125 398 398 398
-9999 -9999 -9999 -9999 -9999 -9999 -9999 -9999 -9999 -9999 440 440 440 440 440.39935302734375 442 442 442 442 439.004852294921875 427 427 427 427 428.397735595703125 434 434 434 434 433.2012939453125 430 430 430 430 423.41070556640625 397 397 397 397 398.597412109375 405 405 405 405 407.79547119140625 419 419 419 419 418.001617431640625 414 414 414 414 411.004852294921875 399 399 399 399 398.800323486328125 398 398 398
-9999 -9999 -9999 -9999 -9999 -9999 -9999 -9999 -9999 408.28680419921875 424.375946044921875 424.375946044921875 424.375946044921875 424.375946044921875 423.80035400390625 421.493408203125 421.493408203125 421.493408203125 421.493408203125 415.963470458984375 393.798858642578125 393.798858642578125 393.798858642578125 393.798858642578125 394.026702880859375 394.939849853515625 394.939849853515625 394.939849853515625 394.939849853515625 395.506011962890625 397.775360107421875 397.775360107421875 397.775360107421875 397.775360107421875 398.79046630859375 402.8590087890625 402.8590087890625 402.8590087890625 402.8590087890625 401.921630859375 398.164459228515625 398.164459228515625 398.164459228515625 398.164459228515625 401.1549072265625 413.1409912109375 413.1409912109375 413.1409912109375 413.1409912109375 414.092437744140625 417.906005859375 417.906005859375 417.906005859375 417.906005859375 415.105865478515625 403.88250732421875 403.88250732421875 403.88250732421875 403.88250732421875 403.292877197265625 400.92950439453125 400.92950439453125 400.92950439453125
