INPUT/RASTER/ASCII/silt.asc
ncols        225
nrows        269
xllcorner    473000.000000000000
yllcorner    4429100.000000000000
cellsize     50.000000000000
NODATA_value -9999
[rows 140 to 167 of 269, columns 126 to 188 of 225]
358 358 358 357.400970458984375 -9999 -9999 -9999 -9999 -9999 -9999 -9999 -9999 -9999 -9999 -9999 -9999 -9999 -9999 -9999 -9999 -9999 -9999 -9999 -9999 -9999 -9999 -9999 -9999 -9999 360 360 360 360 362.196441650390625 371 371 371 371 373.595794677734375 384 384 384 384 382.80194091796875 378 378 378 378 377.400970458984375 375 375 375 375 374.800323486328125 374 374 374 374 373.400970458984375 371 371 371 371
355.07049560546875 355.07049560546875 355.07049560546875 355.641357421875 -9999 -9999 -9999 -9999 -9999 -9999 -9999 -9999 -9999 -9999 -9999 -9999 -9999 -9999 -9999 -9999 -9999 -9999 -9999 -9999 -9999 -9999 -9999 -9999 -9999 -9999 367.812042236328125 367.812042236328125 367.812042236328125 370.008453369140625 378.812042236328125 378.812042236328125 378.812042236328125 378.812042236328125 380.432891845703125 386.92950439453125 386.92950439453125 386.92950439453125 386.92950439453125 385.92645263671875 381.906005859375 381.906005859375 381.906005859375 381.906005859375 381.11199951171875 377.92950439453125 377.92950439453125 377.92950439453125 377.92950439453125 378.899749755859375 382.788543701171875 382.788543701171875 382.788543701171875 382.788543701171875 380.044677734375 369.0469970703125 369.0469970703125 369.0469970703125 369.0469970703125
355 355 355 -9999 -9999 -9999 -9999 -9999 -9999 -9999 -9999 -9999 -9999 -9999 -9999 -9999 -9999 -9999 -9999 -9999 -9999 -9999 -9999 -9999 -9999 -9999 -9999 -9999 -9999 -9999 368 368 368 370.196441650390625 379 379 379 379 380.597412109375 387 387 387 387 386.001617431640625 382 382 382 382 381.2012939453125 378 378 378 378 378.998382568359375 383 383 383 383 380.20452880859375 369 369 369 369
355 355 -9999 -9999 -9999 -9999 -9999 -9999 -9999 -9999 -9999 376 376 376 376 376 376 376 376 376 -9999 -9999 -9999 -9999 -9999 -9999 -9999 -9999 -9999 -9999 368 368 368 370.196441650390625 379 379 379 379 380.597412109375 387 387 387 387 386.001617431640625 382 382 382 382 381.2012939453125 378 378 378 378 378.998382568359375 383 383 383 383 380.20452880859375 369 369 369 369
-9999 -9999 -9999 -9999 -9999 -9999 -9999 -9999 -9999 -9999 376 376 376 376 376 376 376 376 376 376 -9999 -9999 -9999 -9999 -9999 -9999 -9999 -9999 -9999 -9999 368 368 368 370.196441650390625 379 379 379 379 380.597412109375 387 387 387 387 386.001617431640625 382 382 382 382 381.2012939453125 378 378 378 378 378.998382568359375 383 383 383 383 380.20452880859375 369 369 369 369
-9999 -9999 -9999 -9999 -9999 -9999 -9999 -9999 -9999 -9999 -9999 376 376 376 376 376 376 376 376 376 -9999 -9999 -9999 -9999 -9999 -9999 -9999 -9999 -9999 -9999 368 368 368 370.196441650390625 379 379 379 379 380.597412109375 387 387 387 387 386.001617431640625 382 382 382 382 381.2012939453125 378 378 378 378 378.998382568359375 383 383 383 383 380.20452880859375 369 369 369 369
-9999 -9999 -9999 -9999 -9999 -9999 -9999 -9999 -9999 -9999 -9999 372.093994140625 372.093994140625 371.704010009765625 370.1409912109375 370.1409912109375 -9999 -9999 -9999 -9999 -9999 -9999 -9999 -9999 -9999 -9999 -9999 -9999 -9999 -9999 370.92950439453125 370.92950439453125 370.92950439453125 372.93096923828125 380.9530029296875 380.9530029296875 380.9530029296875 380.9530029296875 380.99053955078125 381.1409912109375 381.1409912109375 381.1409912109375 381.1409912109375 381.3125 382 382 382 382 381.2012939453125 378 378 378 378 378.998382568359375 383 383 383 383 379.8145751953125 367.0469970703125 367.0469970703125 367.0469970703125 367.0469970703125
-9999 -9999 -9999 -9999 -9999 -9999 -9999 -9999 -9999 -9999 -9999 372 372 371.60064697265625 370 370 -9999 -9999 -9999 -9999 -9999 -9999 -9999 -9999 -9999 -9999 -9999 -9999 -9999 -9999 -9999 371 371 372.99676513671875 381 381 381 381 381 381 381 381 381 381.199676513671875 382 382 382 382 381.2012939453125 378 378 378 378 378.998382568359375 383 383 383 383 379.80517578125 367 367 367 367
-9999 -9999 -9999 -9999 -9999 -9999 -9999 -9999 -9999 -9999 372 372 372 371.60064697265625 370 370 370 370 -9999 -9999 -9999 -9999 -9999 -9999 -9999 -9999 -9999 -9999 -9999 -9999 -9999 371 371 372.99676513671875 381 381 381 381 381 381 381 381 381 381.199676513671875 382 382 382 382 381.2012939453125 378 378 378 378 378.998382568359375 383 383 383 383 379.80517578125 367 367 367 367
-9999 -9999 -9999 -9999 -9999 -9999 -9999 -9999 -9999 372 372 372 372 371.60064697265625 370 370 370 -9999 -9999 -9999 -9999 375 375 373.602264404296875 -9999 -9999 -9999 -9999 -9999 -9999 -9999 371 371 372.99676513671875 381 381 381 381 381 381 381 381 381 381.199676513671875 382 382 382 382 381.2012939453125 378 378 378 378 378.998382568359375 383 383 383 383 379.80517578125 367 367 367 367
373 373 373 -9999 367 367 367 367 367.998382568359375 372 372 372 372 371.60064697265625 370 370 370 -9999 -9999 -9999 375 375 375 373.602264404296875 368 368 368 -9999 -9999 -9999 371 371 371 372.99676513671875 381 381 381 381 381 381 381 381 381 381.199676513671875 382 382 382 382 381.2012939453125 378 378 378 378 378.998382568359375 383 383 383 383 379.80517578125 367 367 367 367
348.58740234375 348.58740234375 348.58740234375 353.04388427734375 370.906005859375 370.906005859375 370.906005859375 370.906005859375 371.12445068359375 372 372 372 372 372.18560791015625 372.92950439453125 372.92950439453125 372.92950439453125 372.92950439453125 371.393096923828125 365.234954833984375 365.234954833984375 365.234954833984375 365.234954833984375 366.5670166015625 371.906005859375 371.906005859375 371.906005859375 371.906005859375 367.63043212890625 350.493408203125 350.493408203125 350.493408203125 350.493408203125 353.465087890625 365.375946044921875 365.375946044921875 365.375946044921875 365.375946044921875 366.350860595703125 370.258453369140625 370.258453369140625 370.258453369140625 370.258453369140625 371.43304443359375 376.1409912109375 376.1409912109375 376.1409912109375 376.1409912109375 376.122222900390625 376.0469970703125 376.0469970703125 376.0469970703125 376.0469970703125 375.485504150390625 373.234954833984375 373.234954833984375 373.234954833984375 373.234954833984375 374.13482666015625 377.741546630859375 377.741546630859375 377.741546630859375 377.741546630859375
348 348 348 352.592559814453125 371 371 371 371 371.199676513671875 372 372 372 372 372.199676513671875 373 373 373 373 371.402587890625 365 365 365 365 366.397735595703125 372 372 372 372 367.60711669921875 350 350 350 350 352.995147705078125 365 365 365 365 365.998382568359375 370 370 370 370 371.19805908203125 376 376 376 376 376 376 376 376 376 375.400970458984375 373 373 373 373 373.998382568359375 378 378 378 378
348 348 348 352.592559814453125 371 371 371 371 371.199676513671875 372 372 372 372 372.199676513671875 373 373 373 373 371.402587890625 365 365 365 365 366.397735595703125 372 372 372 372 367.60711669921875 350 350 350 350 352.995147705078125 365 365 365 365 365.998382568359375 370 370 370 370 371.19805908203125 376 376 376 376 376 376 376 376 376 375.400970458984375 373 373 373 373 373.998382568359375 378 378 378 378
348 348 348 352.592559814453125 371 371 371 371 371.199676513671875 372 372 372 372 372.199676513671875 373 373 373 373 371.402587890625 365 365 365 365 366.397735595703125 372 372 372 372 367.60711669921875 350 350 350 350 352.995147705078125 365 365 365 365 365.998382568359375 370 370 370 370 371.19805908203125 376 376 376 376 376 376 376 376 376 375.400970458984375 373 373 373 373 373.998382568359375 378 378 378 378
348 348 348 352.592559814453125 371 371 371 371 371.199676513671875 372 372 372 372 372.199676513671875 373 373 373 373 371.402587890625 365 365 365 365 366.397735595703125 372 372 372 372 367.60711669921875 350 350 350 350 352.995147705078125 365 365 365 365 365.998382568359375 370 370 370 370 371.19805908203125 376 376 376 376 376 376 376 376 376 375.400970458984375 373 373 373 373 373.998382568359375 378 378 378 378
361.671051025390625 361.671051025390625 361.671051025390625 357.2943115234375 339.751861572265625 339.751861572265625 339.751861572265625 339.751861572265625 343.0712890625 356.375946044921875 356.375946044921875 356.375946044921875 356.375946044921875 358.915435791015625 369.093994140625 369.093994140625 369.093994140625 369.093994140625 369.4464111328125 370.8590087890625 370.8590087890625 370.8590087890625 370.8590087890625 371.476806640625 373.9530029296875 373.9530029296875 373.9530029296875 373.9530029296875 372.8748779296875 368.5535888671875 368.5535888671875 368.5535888671875 368.5535888671875 370.57379150390625 378.671051025390625 378.671051025390625 378.671051025390625 378.671051025390625 380.25439453125 386.600555419921875 386.600555419921875 386.600555419921875 386.600555419921875 382.33905029296875 365.258453369140625 365.258453369140625 365.258453369140625 365.258453369140625 364.868499755859375 363.305450439453125 363.305450439453125 363.305450439453125 363.305450439453125 362.1214599609375 357.375946044921875 357.375946044921875 357.375946044921875 357.375946044921875 357.20440673828125 356.51690673828125 356.51690673828125 356.51690673828125 356.51690673828125
362 362 362 357.407440185546875 339 339 339 339 342.394500732421875 356 356 356 356 358.595794677734375 369 369 369 369 369.39935302734375 371 371 371 371 371.599029541015625 374 374 374 374 373.001617431640625 369 369 369 369 370.99676513671875 379 379 379 379 380.597412109375 387 387 387 387 382.60711669921875 365 365 365 365 364.60064697265625 363 363 363 363 361.80194091796875 357 357 357 357 356.800323486328125 356 356 356 356
362 362 362 357.407440185546875 339 339 339 339 342.394500732421875 356 356 356 356 358.595794677734375 369 369 369 369 369.39935302734375 371 371 371 371 371.599029541015625 374 374 374 374 373.001617431640625 369 369 369 369 370.99676513671875 379 379 379 379 380.597412109375 387 387 387 387 382.60711669921875 365 365 365 365 364.60064697265625 363 363 363 363 361.80194091796875 357 357 357 357 356.800323486328125 356 356 356 356
362 362 362 357.407440185546875 339 339 339 339 342.394500732421875 356 356 356 356 358.595794677734375 369 369 369 369 369.39935302734375 371 371 371 371 371.599029541015625 374 374 374 374 373.001617431640625 369 369 369 369 370.99676513671875 379 379 379 379 380.597412109375 387 387 387 387 382.60711669921875 365 365 365 365 364.60064697265625 363 363 363 363 361.80194091796875 357 357 357 357 356.800323486328125 356 356 356 356
362 362 362 357.407440185546875 339 339 339 339 342.394500732421875 356 356 356 356 358.595794677734375 369 369 369 369 369.39935302734375 371 371 371 371 371.599029541015625 374 374 374 374 373.001617431640625 369 369 369 369 370.99676513671875 379 379 379 379 380.597412109375 387 387 387 387 382.60711669921875 365 365 365 365 364.60064697265625 363 363 363 363 361.80194091796875 357 357 357 357 356.800323486328125 356 356 356 356
345.399444580078125 345.399444580078125 345.399444580078125 345.096527099609375 343.88250732421875 343.88250732421875 343.88250732421875 343.88250732421875 345.327178955078125 351.11749267578125 351.11749267578125 351.11749267578125 351.11749267578125 352.543365478515625 358.258453369140625 358.258453369140625 358.258453369140625 358.258453369140625 359.827728271484375 366.11749267578125 366.11749267578125 366.11749267578125 366.11749267578125 369.05633544921875 380.835540771484375 380.835540771484375 380.835540771484375 380.835540771484375 378.27728271484375 368.02349853515625 368.02349853515625 368.02349853515625 368.02349853515625 367.87542724609375 367.281951904296875 367.281951904296875 367.281951904296875 367.281951904296875 368.4893798828125 373.328948974609375 373.328948974609375 373.328948974609375 373.328948974609375 370.495941162109375 359.1409912109375 359.1409912109375 359.1409912109375 359.1409912109375 356.98675537109375 348.352447509765625 348.352447509765625 348.352447509765625 348.352447509765625 349.8841552734375 356.02349853515625 356.02349853515625 356.02349853515625 356.02349853515625 356.408782958984375 357.9530029296875 357.9530029296875 357.9530029296875 357.9530029296875
345 345 345 344.800323486328125 344 344 344 344 345.397735595703125 351 351 351 351 352.397735595703125 358 358 358 358 359.597412109375 366 366 366 366 368.995147705078125 381 381 381 381 378.404205322265625 368 368 368 368 367.800323486328125 367 367 367 367 368.19805908203125 373 373 373 373 370.20452880859375 359 359 359 359 356.803558349609375 348 348 348 348 349.597412109375 356 356 356 356 356.39935302734375 358 358 358 358
345 345 345 344.800323486328125 344 344 344 344 345.397735595703125 351 351 351 351 352.397735595703125 358 358 358 358 359.597412109375 366 366 366 366 368.995147705078125 381 381 381 381 378.404205322265625 368 368 368 368 367.800323486328125 367 367 367 367 368.19805908203125 373 373 373 373 370.20452880859375 359 359 359 359 356.803558349609375 348 348 348 348 349.597412109375 356 356 356 356 356.39935302734375 358 358 358 358
345 345 345 344.800323486328125 344 344 344 344 345.397735595703125 351 351 351 351 352.397735595703125 358 358 358 358 359.597412109375 366 366 366 366 368.995147705078125 381 381 381 381 378.404205322265625 368 368 368 368 367.800323486328125 367 367 367 367 368.19805908203125 373 373 373 373 370.20452880859375 359 359 359 359 356.803558349609375 348 348 348 348 349.597412109375 356 356 356 356 356.39935302734375 358 358 358 358
345 345 345 344.800323486328125 344 344 344 344 345.397735595703125 351 351 351 351 352.397735595703125 358 358 358 358 359.597412109375 366 366 366 366 368.995147705078125 381 381 381 381 378.404205322265625 368 368 368 368 367.800323486328125 367 367 367 367 368.19805908203125 373 373 373 373 370.20452880859375 359 359 359 359 356.803558349609375 348 348 348 348 349.597412109375 356 356 356 356 356.39935302734375 358 358 358 358
350.8590087890625 350.8590087890625 350.8590087890625 351.04931640625 351.812042236328125 351.812042236328125 351.812042236328125 351.812042236328125 352.62481689453125 355.88250732421875 355.88250732421875 355.88250732421875 355.88250732421875 355.13543701171875 352.1409912109375 352.1409912109375 352.1409912109375 352.1409912109375 358.028045654296875 381.624053955078125 381.624053955078125 381.624053955078125 381.624053955078125 381.304473876953125 380.02349853515625 380.02349853515625 380.02349853515625 380.02349853515625 378.7926025390625 373.8590087890625 373.8590087890625 373.8590087890625 373.8590087890625 372.0994873046875 365.0469970703125 365.0469970703125 365.0469970703125 365.0469970703125 365.855072021484375 369.093994140625 369.093994140625 369.093994140625 369.093994140625 368.638336181640625 366.812042236328125 366.812042236328125 366.812042236328125 366.812042236328125 361.690826416015625 341.164459228515625 341.164459228515625 341.164459228515625 341.164459228515625 340.6170654296875 338.422943115234375 338.422943115234375 338.422943115234375 338.422943115234375 341.9420166015625 356.0469970703125 356.0469970703125 356.0469970703125 356.0469970703125
351 351 351 351.199676513671875 352 352 352 352 352.7987060546875 356 356 356 356 355.2012939453125 352 352 352 352 357.990264892578125 382 382 382 382 381.60064697265625 380 380 380 380 378.80194091796875 374 374 374 374 372.202911376953125 365 365 365 365 365.7987060546875 369 369 369 369 368.60064697265625 367 367 367 367 361.80841064453125 341 341 341 341 340.400970458984375 338 338 338 338 341.59417724609375 356 356 356 356
