INPUT/RASTER/ASCII/silt.asc
ncols        225
nrows        269
xllcorner    473009.983799999987
yllcorner    4429051.174800000153
cellsize     50.000000000000
NODATA_value -9999
[rows 190 to 208 of 269, columns 42 to 83 of 225]
35.2398223876953125 35.20128631591796875 35.162750244140625 35.124210357666015625 35.085674285888671875 35.056636810302734375 35.065670013427734375 35.074703216552734375 35.083736419677734375 35.092769622802734375 35.0758514404296875 34.9549102783203125 34.833972930908203125 34.713031768798828125 34.59209442138671875 34.48027801513671875 34.405029296875 34.32978057861328125 34.2545318603515625 34.17928314208984375 34.10175323486328125 34.01506805419921875 33.92838287353515625 33.84169769287109375 33.755016326904296875 33.70304107666015625 33.790195465087890625 33.877349853515625 33.964504241943359375 34.05165863037109375 34.10857391357421875 34.044292449951171875 33.980010986328125 33.915729522705078125 33.851444244384765625 33.823200225830078125 33.939388275146484375 34.055576324462890625 34.171764373779296875 34.287952423095703125 34.379322052001953125 34.3712310791015625
34.941387176513671875 35.0108489990234375 35.08031463623046875 35.149776458740234375 35.21923828125 35.267848968505859375 35.232883453369140625 35.197917938232421875 35.1629486083984375 35.12798309326171875 35.083835601806640625 35.002899169921875 34.92195892333984375 34.8410186767578125 34.76007843017578125 34.67388916015625 34.566638946533203125 34.459392547607421875 34.352142333984375 34.24489593505859375 34.1305694580078125 33.987884521484375 33.845203399658203125 33.702518463134765625 33.559833526611328125 33.4702301025390625 33.5933837890625 33.7165374755859375 33.839691162109375 33.9628448486328125 34.05097198486328125 33.998687744140625 33.946407318115234375 33.894123077392578125 33.8418426513671875 33.82160186767578125 33.929790496826171875 34.0379791259765625 34.1461639404296875 34.254352569580078125 34.340122222900390625 34.336029052734375
34.64295196533203125 34.820415496826171875 34.9978790283203125 35.1753387451171875 35.352802276611328125 35.47906494140625 35.400096893310546875 35.32112884521484375 35.24216461181640625 35.163196563720703125 35.091823577880859375 35.050884246826171875 35.009944915771484375 34.969005584716796875 34.928066253662109375 34.867496490478515625 34.72824859619140625 34.589000701904296875 34.4497528076171875 34.310504913330078125 34.159389495849609375 33.960704803466796875 33.762020111083984375 33.563335418701171875 33.364650726318359375 33.23741912841796875 33.396572113037109375 33.555728912353515625 33.71488189697265625 33.874034881591796875 33.993366241455078125 33.953083038330078125 33.91280364990234375 33.87252044677734375 33.83223724365234375 33.820003509521484375 33.920192718505859375 34.020381927490234375 34.12056732177734375 34.22075653076171875 34.3009185791015625 34.3008270263671875
34.857822418212890625 34.9753265380859375 35.092830657958984375 35.21033477783203125 35.327838897705078125 35.40590667724609375 35.32590484619140625 35.245906829833984375 35.165904998779296875 35.085903167724609375 35.02169036865234375 35.020751953125 35.01981353759765625 35.018871307373046875 35.017932891845703125 34.982208251953125 34.8070526123046875 34.631900787353515625 34.456745147705078125 34.281589508056640625 34.11005401611328125 33.953022003173828125 33.795986175537109375 33.63895416259765625 33.4819183349609375 33.38195037841796875 33.510700225830078125 33.639453887939453125 33.7682037353515625 33.8969573974609375 33.999813079833984375 33.998870849609375 33.99793243408203125 33.9969940185546875 33.996051788330078125 34.010589599609375 34.08715057373046875 34.163715362548828125 34.2402801513671875 34.316844940185546875 34.377338409423828125 34.373432159423828125
35.08504486083984375 35.138545989990234375 35.192050933837890625 35.245555877685546875 35.2990570068359375 35.32590484619140625 35.245906829833984375 35.165904998779296875 35.085903167724609375 35.0059051513671875 34.949680328369140625 34.988739013671875 35.027797698974609375 35.066860198974609375 35.10591888427734375 35.095020294189453125 34.8838653564453125 34.672710418701171875 34.46155548095703125 34.25040435791015625 34.058841705322265625 33.94580841064453125 33.83277130126953125 33.719738006591796875 33.6067047119140625 33.53556060791015625 33.632312774658203125 33.72906494140625 33.825817108154296875 33.922565460205078125 34.007801055908203125 34.0468597412109375 34.085918426513671875 34.124980926513671875 34.16403961181640625 34.2057952880859375 34.258358001708984375 34.310924530029296875 34.36348724365234375 34.41605377197265625 34.45654296875 34.448635101318359375
35.31226348876953125 35.301769256591796875 35.291271209716796875 35.2807769775390625 35.2702789306640625 35.24590301513671875 35.165904998779296875 35.085903167724609375 35.0059051513671875 34.925907135009765625 34.877666473388671875 34.95672607421875 35.035785675048828125 35.11484527587890625 35.19390869140625 35.207828521728515625 34.9606781005859375 34.71352386474609375 34.46636962890625 34.21921539306640625 34.007625579833984375 33.93859100341796875 33.86956024169921875 33.800525665283203125 33.7314910888671875 33.68917083740234375 33.7539215087890625 33.81867218017578125 33.883426666259765625 33.948177337646484375 34.01578521728515625 34.094844818115234375 34.173908233642578125 34.25296783447265625 34.332027435302734375 34.401004791259765625 34.429569244384765625 34.4581298828125 34.4866943359375 34.5152587890625 34.53574371337890625 34.523838043212890625
35.539485931396484375 35.46498870849609375 35.390491485595703125 35.3159942626953125 35.2415008544921875 35.165904998779296875 35.085903167724609375 35.0059051513671875 34.925907135009765625 34.845905303955078125 34.805652618408203125 34.924713134765625 35.043773651123046875 35.16283416748046875 35.281894683837890625 35.32064056396484375 35.037487030029296875 34.75433349609375 34.471179962158203125 34.18802642822265625 33.95641326904296875 33.931377410888671875 33.906345367431640625 33.88130950927734375 33.8562774658203125 33.84278106689453125 33.8755340576171875 33.908283233642578125 33.941036224365234375 33.973789215087890625 34.023773193359375 34.142833709716796875 34.26189422607421875 34.380954742431640625 34.5000152587890625 34.596210479736328125 34.60077667236328125 34.60533905029296875 34.609905242919921875 34.614467620849609375 34.6149444580078125 34.59903717041015625
35.766704559326171875 35.628208160400390625 35.489711761474609375 35.351215362548828125 35.212718963623046875 35.085903167724609375 35.0059051513671875 34.9259033203125 34.845905303955078125 34.76590728759765625 34.733642578125 34.8927001953125 35.051761627197265625 35.210819244384765625 35.36988067626953125 35.433452606201171875 35.114299774169921875 34.795146942138671875 34.47599029541015625 34.15683746337890625 33.9051971435546875 33.924163818359375 33.9431304931640625 33.96209716796875 33.981060028076171875 33.99639129638671875 33.997142791748046875 33.997894287109375 33.998645782470703125 33.99939727783203125 34.03176116943359375 34.19081878662109375 34.349880218505859375 34.508941650390625 34.667999267578125 34.79141998291015625 34.771984100341796875 34.7525482177734375 34.733112335205078125 34.71367645263671875 34.69414520263671875 34.6742401123046875
35.5072021484375 35.410167694091796875 35.31313323974609375 35.21610260009765625 35.119068145751953125 35.02933502197265625 34.96886444091796875 34.90839385986328125 34.847927093505859375 34.787456512451171875 34.76165008544921875 34.87477874755859375 34.987903594970703125 35.101032257080078125 35.214160919189453125 35.247821807861328125 34.962978363037109375 34.678131103515625 34.393283843994140625 34.108440399169921875 33.88524627685546875 33.909149169921875 33.933055877685546875 33.95696258544921875 33.980869293212890625 34.008579254150390625 34.051544189453125 34.094512939453125 34.137477874755859375 34.18044281005859375 34.24053955078125 34.369289398193359375 34.498043060302734375 34.62679290771484375 34.75554656982421875 34.85303497314453125 34.825225830078125 34.797412872314453125 34.76959991455078125 34.741790771484375 34.71553802490234375 34.695537567138671875
35.235988616943359375 35.182956695556640625 35.12992095947265625 35.076885223388671875 35.023853302001953125 34.97332763671875 34.932857513427734375 34.89238739013671875 34.85192108154296875 34.811450958251953125 34.792064666748046875 34.8571929931640625 34.922321319580078125 34.98744964599609375 35.05257415771484375 35.055011749267578125 34.806163787841796875 34.55731964111328125 34.3084716796875 34.059627532958984375 33.8660430908203125 33.893947601318359375 33.921855926513671875 33.94976043701171875 33.977664947509765625 34.017364501953125 34.10433197021484375 34.191295623779296875 34.278263092041015625 34.365230560302734375 34.454151153564453125 34.550899505615234375 34.64765167236328125 34.744403839111328125 34.841156005859375 34.91143798828125 34.8756256103515625 34.839813232421875 34.804004669189453125 34.768192291259765625 34.735538482666015625 34.71553802490234375
34.96477508544921875 34.95574188232421875 34.94670867919921875 34.937671661376953125 34.928638458251953125 34.91732025146484375 34.8968505859375 34.87638092041015625 34.8559112548828125 34.835445404052734375 34.822483062744140625 34.83960723876953125 34.8567352294921875 34.87386322021484375 34.8909912109375 34.8621978759765625 34.64935302734375 34.4365081787109375 34.223663330078125 34.010814666748046875 33.84683990478515625 33.87874603271484375 33.91065216064453125 33.94255828857421875 33.97446441650390625 34.026149749755859375 34.157115936279296875 34.288082122802734375 34.419048309326171875 34.550014495849609375 34.667758941650390625 34.732509613037109375 34.79726409912109375 34.8620147705078125 34.92676544189453125 34.96984100341796875 34.926029205322265625 34.8822174072265625 34.838405609130859375 34.79459381103515625 34.755535125732421875 34.73553466796875
34.693561553955078125 34.728527069091796875 34.763492584228515625 34.798458099365234375 34.833423614501953125 34.861316680908203125 34.86084747314453125 34.86037445068359375 34.859905242919921875 34.85943603515625 34.85289764404296875 34.822025299072265625 34.7911529541015625 34.760280609130859375 34.72940826416015625 34.6693878173828125 34.492542266845703125 34.31569671630859375 34.138851165771484375 33.962001800537109375 33.827640533447265625 33.863544464111328125 33.89945220947265625 33.93535614013671875 33.971263885498046875 34.03493499755859375 34.209903717041015625 34.384868621826171875 34.559833526611328125 34.734798431396484375 34.88137054443359375 34.914119720458984375 34.946872711181640625 34.979625701904296875 35.012378692626953125 35.0282440185546875 34.97643280029296875 34.924617767333984375 34.872806549072265625 34.820995330810546875 34.77553558349609375 34.755535125732421875
34.4223480224609375 34.501312255859375 34.580280303955078125 34.659244537353515625 34.73821258544921875 34.805309295654296875 34.824840545654296875 34.84436798095703125 34.86389923095703125 34.88343048095703125 34.883312225341796875 34.804439544677734375 34.725566864013671875 34.646694183349609375 34.567821502685546875 34.476573944091796875 34.33573150634765625 34.19488525390625 34.05403900146484375 33.9131927490234375 33.808437347412109375 33.8483428955078125 33.888248443603515625 33.928157806396484375 33.9680633544921875 34.04372406005859375 34.26268768310546875 34.481655120849609375 34.700618743896484375 34.919586181640625 35.09497833251953125 35.095729827880859375 35.096485137939453125 35.09723663330078125 35.097988128662109375 35.08664703369140625 35.02683258056640625 34.967021942138671875 34.9072113037109375 34.8473968505859375 34.795536041259765625 34.77553558349609375
35.1542510986328125 35.117069244384765625 35.07988739013671875 35.0427093505859375 35.005527496337890625 34.96416473388671875 34.90604400634765625 34.84792327880859375 34.789806365966796875 34.731685638427734375 34.6793365478515625 34.650112152099609375 34.620891571044921875 34.591670989990234375 34.56244659423828125 34.524364471435546875 34.45076751708984375 34.377170562744140625 34.303569793701171875 34.22997283935546875 34.16423797607421875 34.130023956298828125 34.0958099365234375 34.061595916748046875 34.02738189697265625 34.037689208984375 34.2264404296875 34.415191650390625 34.60394287109375 34.792694091796875 34.951557159423828125 34.9906158447265625 35.0296783447265625 35.068737030029296875 35.107799530029296875 35.1333160400390625 35.104564666748046875 35.07581329345703125 35.047061920166015625 35.018310546875 34.985065460205078125 34.933818817138671875
35.910289764404296875 35.753108978271484375 35.595928192138671875 35.438747406005859375 35.281566619873046875 35.128192901611328125 34.990070343017578125 34.85195159912109375 34.71382904052734375 34.575710296630859375 34.46971893310546875 34.492496490478515625 34.5152740478515625 34.538051605224609375 34.56082916259765625 34.57794189453125 34.572345733642578125 34.566745758056640625 34.56114959716796875 34.55554962158203125 34.529064178466796875 34.418849945068359375 34.308635711669921875 34.198421478271484375 34.088207244873046875 34.031299591064453125 34.18804931640625 34.3448028564453125 34.501552581787109375 34.658306121826171875 34.7995452880859375 34.878604888916015625 34.95766448974609375 35.036724090576171875 35.11578369140625 35.179706573486328125 35.182956695556640625 35.1862030029296875 35.189453125 35.192699432373046875 35.178676605224609375 35.095428466796875
36.66632843017578125 36.3891448974609375 36.111965179443359375 35.83478546142578125 35.557605743408203125 35.292217254638671875 35.0740966796875 34.855976104736328125 34.63785552978515625 34.419734954833984375 34.260101318359375 34.334880828857421875 34.409656524658203125 34.48443603515625 34.559215545654296875 34.631519317626953125 34.6939239501953125 34.75632476806640625 34.8187255859375 34.881130218505859375 34.893890380859375 34.707675933837890625 34.52146148681640625 34.335247039794921875 34.1490325927734375 34.02490997314453125 34.149662017822265625 34.2744140625 34.399166107177734375 34.52391815185546875 34.647533416748046875 34.766590118408203125 34.885650634765625 35.004711151123046875 35.12377166748046875 35.22609710693359375 35.26134490966796875 35.29659271240234375 35.33184051513671875 35.36708831787109375 35.372287750244140625 35.25704193115234375
37.422367095947265625 37.02518463134765625 36.6280059814453125 36.230823516845703125 35.833644866943359375 35.45624542236328125 35.158123016357421875 34.860004425048828125 34.56188201904296875 34.263763427734375 34.05048370361328125 34.1772613525390625 34.30403900146484375 34.430820465087890625 34.557598114013671875 34.685100555419921875 34.815502166748046875 34.945903778076171875 35.076305389404296875 35.206707000732421875 35.2587127685546875 34.99649810791015625 34.734283447265625 34.472072601318359375 34.209857940673828125 34.018520355224609375 34.111270904541015625 34.2040252685546875 34.29677581787109375 34.3895263671875 34.495517730712890625 34.65457916259765625 34.813640594482421875 34.972698211669921875 35.1317596435546875 35.272487640380859375 35.3397369384765625 35.406982421875 35.474231719970703125 35.54148101806640625 35.565898895263671875 35.418651580810546875
38.17840576171875 37.661224365234375 37.14404296875 36.626861572265625 36.109683990478515625 35.620269775390625 35.24214935302734375 34.8640289306640625 34.48590850830078125 34.1077880859375 33.8408660888671875 34.01964569091796875 34.198421478271484375 34.377201080322265625 34.555980682373046875 34.738677978515625 34.93708038330078125 35.1354827880859375 35.33388519287109375 35.53228759765625 35.623538970947265625 35.2853240966796875 34.947109222412109375 34.60889434814453125 34.270679473876953125 34.0121307373046875 34.07288360595703125 34.133632659912109375 34.194385528564453125 34.255138397216796875 34.343505859375 34.54256439208984375 34.741626739501953125 34.940685272216796875 35.13974761962890625 35.318878173828125 35.418125152587890625 35.51737213134765625 35.6166229248046875 35.715869903564453125 35.759510040283203125 35.58026123046875
38.00632476806640625 37.513668060302734375 37.0210113525390625 36.528354644775390625 36.03569793701171875 35.579570770263671875 35.2698822021484375 34.9601898193359375 34.6504974365234375 34.3408050537109375 34.12421417236328125 34.2807769775390625 34.43733978271484375 34.593906402587890625 34.750469207763671875 34.910247802734375 35.082904815673828125 35.25556182861328125 35.428218841552734375 35.600879669189453125 35.711727142333984375 35.574840545654296875 35.437953948974609375 35.301067352294921875 35.16417694091796875 35.054904937744140625 35.056316375732421875 35.0577239990234375 35.05913543701171875 35.060543060302734375 35.099269866943359375 35.2875518798828125 35.475833892822265625 35.664112091064453125 35.85239410400390625 36.0113525390625 36.052761077880859375 36.09416961669921875 36.13558197021484375 36.176990509033203125 36.18589019775390625 36.064479827880859375
