INPUT/RASTER/ASCII/silt.asc
ncols        225
nrows        269
xllcorner    473000.000000000000
yllcorner    4429100.000000000000
cellsize     50.000000000000
NODATA_value -9999
[rows 168 to 195 of 269, columns 126 to 188 of 225]
351 351 351 351.199676513671875 352 352 352 352 352.7987060546875 356 356 356 356 355.2012939453125 352 352 352 352 357.990264892578125 382 382 382 382 381.60064697265625 380 380 380 380 378.80194091796875 374 374 374 374 372.202911376953125 365 365 365 365 365.7987060546875 369 369 369 369 368.60064697265625 367 367 367 367 361.80841064453125 341 341 341 341 340.400970458984375 338 338 338 338 341.59417724609375 356 356 356 356
351 351 351 351.199676513671875 352 352 352 352 352.7987060546875 356 356 356 356 355.2012939453125 352 352 352 352 357.990264892578125 382 382 382 382 381.60064697265625 380 380 380 380 378.80194091796875 374 374 374 374 372.202911376953125 365 365 365 365 365.7987060546875 369 369 369 369 368.60064697265625 367 367 367 367 361.80841064453125 341 341 341 341 340.400970458984375 338 338 338 338 341.59417724609375 356 356 356 356
351 351 351 351.199676513671875 352 352 352 352 352.7987060546875 356 356 356 356 355.2012939453125 352 352 352 352 357.990264892578125 382 382 382 382 381.60064697265625 380 380 380 380 378.80194091796875 374 374 374 374 372.202911376953125 365 365 365 365 365.7987060546875 369 369 369 369 368.60064697265625 367 367 367 367 361.80841064453125 341 341 341 341 340.400970458984375 338 338 338 338 341.59417724609375 356 356 356 356
366.624053955078125 366.624053955078125 366.624053955078125 364.483917236328125 355.906005859375 355.906005859375 355.906005859375 355.906005859375 357.679656982421875 364.788543701171875 364.788543701171875 364.788543701171875 364.788543701171875 367.8895263671875 380.318603515625 380.318603515625 380.318603515625 380.318603515625 380.06939697265625 379.07049560546875 379.07049560546875 379.07049560546875 379.07049560546875 378.281158447265625 375.11749267578125 375.11749267578125 375.11749267578125 375.11749267578125 374.30938720703125 371.07049560546875 371.07049560546875 371.07049560546875 371.07049560546875 368.688446044921875 359.1409912109375 359.1409912109375 359.1409912109375 359.1409912109375 357.20989990234375 349.46990966796875 349.46990966796875 349.46990966796875 349.46990966796875 350.825439453125 356.258453369140625 356.258453369140625 356.258453369140625 356.258453369140625 353.406707763671875 341.97650146484375 341.97650146484375 341.97650146484375 341.97650146484375 342.74237060546875 345.812042236328125 345.812042236328125 345.812042236328125 345.812042236328125 347.45635986328125 354.0469970703125 354.0469970703125 354.0469970703125 354.0469970703125
367 367 367 364.803558349609375 356 356 356 356 357.797088623046875 365 365 365 365 368.19482421875 381 381 381 381 380.60064697265625 379 379 379 379 378.2012939453125 375 375 375 375 374.2012939453125 371 371 371 371 368.6038818359375 359 359 359 359 357.00323486328125 349 349 349 349 350.397735595703125 356 356 356 356 353.20452880859375 342 342 342 342 342.7987060546875 346 346 346 346 347.597412109375 354 354 354 354
367 367 367 364.803558349609375 356 356 356 356 357.797088623046875 365 365 365 365 368.19482421875 381 381 381 381 380.60064697265625 379 379 379 379 378.2012939453125 375 375 375 375 374.2012939453125 371 371 371 371 368.6038818359375 359 359 359 359 357.00323486328125 349 349 349 349 350.397735595703125 356 356 356 356 353.20452880859375 342 342 342 342 342.7987060546875 346 346 346 346 347.597412109375 354 354 354 354
367 367 367 364.803558349609375 356 356 356 356 357.797088623046875 365 365 365 365 368.19482421875 381 381 381 381 380.60064697265625 379 379 379 379 378.2012939453125 375 375 375 375 374.2012939453125 371 371 371 371 368.6038818359375 359 359 359 359 357.00323486328125 349 349 349 349 350.397735595703125 356 356 356 356 353.20452880859375 342 342 342 342 342.7987060546875 346 346 346 346 347.597412109375 354 354 354 354
367 367 367 364.803558349609375 356 356 356 356 357.797088623046875 365 365 365 365 368.19482421875 381 381 381 381 380.60064697265625 379 379 379 379 378.2012939453125 375 375 375 375 374.2012939453125 371 371 371 371 368.6038818359375 359 359 359 359 357.00323486328125 349 349 349 349 350.397735595703125 356 356 356 356 353.20452880859375 342 342 342 342 342.7987060546875 346 346 346 346 347.597412109375 354 354 354 354
361.1409912109375 361.1409912109375 361.1409912109375 361.479339599609375 362.835540771484375 362.835540771484375 362.835540771484375 362.835540771484375 360.147979736328125 349.375946044921875 349.375946044921875 349.375946044921875 349.375946044921875 354.910552978515625 377.093994140625 377.093994140625 377.093994140625 377.093994140625 380.009368896484375 391.694549560546875 391.694549560546875 391.694549560546875 391.694549560546875 390.70086669921875 386.718048095703125 386.718048095703125 386.718048095703125 386.718048095703125 385.334381103515625 379.788543701171875 379.788543701171875 379.788543701171875 379.788543701171875 375.0526123046875 356.07049560546875 356.07049560546875 356.07049560546875 356.07049560546875 353.683746337890625 344.11749267578125 344.11749267578125 344.11749267578125 344.11749267578125 344.540283203125 346.234954833984375 346.234954833984375 346.234954833984375 346.234954833984375 347.144195556640625 350.788543701171875 350.788543701171875 350.788543701171875 350.788543701171875 349.05242919921875 342.093994140625 342.093994140625 342.093994140625 342.093994140625 342.521484375 344.234954833984375 344.234954833984375 344.234954833984375 344.234954833984375
361 361 361 361.39935302734375 363 363 363 363 360.20452880859375 349 349 349 349 354.5909423828125 377 377 377 377 379.995147705078125 392 392 392 392 391.001617431640625 387 387 387 387 385.602264404296875 380 380 380 380 375.207763671875 356 356 356 356 353.6038818359375 344 344 344 344 344.39935302734375 346 346 346 346 346.998382568359375 351 351 351 351 349.202911376953125 342 342 342 342 342.39935302734375 344 344 344 344
361 361 361 361.39935302734375 363 363 363 363 360.20452880859375 349 349 349 349 354.5909423828125 377 377 377 377 379.995147705078125 392 392 392 392 391.001617431640625 387 387 387 387 385.602264404296875 380 380 380 380 375.207763671875 356 356 356 356 353.6038818359375 344 344 344 344 344.39935302734375 346 346 346 346 346.998382568359375 351 351 351 351 349.202911376953125 342 342 342 342 342.39935302734375 344 344 344 344
361 361 361 361.39935302734375 363 363 363 363 360.20452880859375 349 349 349 349 354.5909423828125 377 377 377 377 379.995147705078125 392 392 392 392 391.001617431640625 387 387 387 387 385.602264404296875 380 380 380 380 375.207763671875 356 356 356 356 353.6038818359375 344 344 344 344 344.39935302734375 346 346 346 346 346.998382568359375 351 351 351 351 349.202911376953125 342 342 342 342 342.39935302734375 344 344 344 344
361 361 361 361.39935302734375 363 363 363 363 360.20452880859375 349 349 349 349 354.5909423828125 377 377 377 377 379.995147705078125 392 392 392 392 391.001617431640625 387 387 387 387 385.602264404296875 380 380 380 380 375.207763671875 356 356 356 356 353.6038818359375 344 344 344 344 344.39935302734375 346 346 346 346 346.998382568359375 351 351 351 351 349.202911376953125 342 342 342 342 342.39935302734375 344 344 344 344
368.812042236328125 368.812042236328125 368.812042236328125 367.26153564453125 361.0469970703125 361.0469970703125 361.0469970703125 361.0469970703125 361.761260986328125 364.624053955078125 364.624053955078125 364.624053955078125 364.624053955078125 367.680206298828125 379.92950439453125 379.92950439453125 379.92950439453125 379.92950439453125 381.949737548828125 390.0469970703125 390.0469970703125 390.0469970703125 390.0469970703125 388.8536376953125 384.07049560546875 384.07049560546875 384.07049560546875 384.07049560546875 383.257720947265625 380 380 380 380 375.792724609375 358.92950439453125 358.92950439453125 358.92950439453125 358.92950439453125 357.11834716796875 349.8590087890625 349.8590087890625 349.8590087890625 349.8590087890625 350.25836181640625 351.8590087890625 351.8590087890625 351.8590087890625 351.8590087890625 352.07745361328125 352.9530029296875 352.9530029296875 352.9530029296875 352.9530029296875 352.715789794921875 351.765045166015625 351.765045166015625 351.765045166015625 351.765045166015625 350.019561767578125 343.02349853515625 343.02349853515625 343.02349853515625 343.02349853515625
369 369 369 367.402587890625 361 361 361 361 361.7987060546875 365 365 365 365 367.995147705078125 380 380 380 380 381.99676513671875 390 390 390 390 388.80194091796875 384 384 384 384 383.2012939453125 380 380 380 380 375.806793212890625 359 359 359 359 357.202911376953125 350 350 350 350 350.39935302734375 352 352 352 352 352.199676513671875 353 353 353 353 352.800323486328125 352 352 352 352 350.202911376953125 343 343 343 343
369 369 369 367.402587890625 361 361 361 361 361.7987060546875 365 365 365 365 367.995147705078125 380 380 380 380 381.99676513671875 390 390 390 390 388.80194091796875 384 384 384 384 383.2012939453125 380 380 380 380 375.806793212890625 359 359 359 359 357.202911376953125 350 350 350 350 350.39935302734375 352 352 352 352 352.199676513671875 353 353 353 353 352.800323486328125 352 352 352 352 350.202911376953125 343 343 343 343
369 369 369 367.402587890625 361 361 361 361 361.7987060546875 365 365 365 365 367.995147705078125 380 380 380 380 381.99676513671875 390 390 390 390 388.80194091796875 384 384 384 384 383.2012939453125 380 380 380 380 375.806793212890625 359 359 359 359 357.202911376953125 350 350 350 350 350.39935302734375 352 352 352 352 352.199676513671875 353 353 353 353 352.800323486328125 352 352 352 352 350.202911376953125 343 343 343 343
369 369 369 367.402587890625 361 361 361 361 361.7987060546875 365 365 365 365 367.995147705078125 380 380 380 380 381.99676513671875 390 390 390 390 388.80194091796875 384 384 384 384 383.2012939453125 380 380 380 380 375.806793212890625 359 359 359 359 357.202911376953125 350 350 350 350 350.39935302734375 352 352 352 352 352.199676513671875 353 353 353 353 352.800323486328125 352 352 352 352 350.202911376953125 343 343 343 343
369.97650146484375 369.97650146484375 369.97650146484375 369.93896484375 369.788543701171875 369.788543701171875 369.788543701171875 369.788543701171875 368.63739013671875 364.02349853515625 364.02349853515625 364.02349853515625 364.02349853515625 369.35845947265625 390.741546630859375 390.741546630859375 390.741546630859375 390.741546630859375 388.253662109375 378.281951904296875 378.281951904296875 378.281951904296875 378.281951904296875 378.44879150390625 379.11749267578125 379.11749267578125 379.11749267578125 379.11749267578125 376.7589111328125 367.305450439453125 367.305450439453125 367.305450439453125 367.305450439453125 365.257080078125 357.0469970703125 357.0469970703125 357.0469970703125 357.0469970703125 356.4197998046875 353.906005859375 353.906005859375 353.906005859375 353.906005859375 353.9154052734375 353.9530029296875 353.9530029296875 353.9530029296875 353.9530029296875 354.9326171875 358.8590087890625 358.8590087890625 358.8590087890625 358.8590087890625 355.9295654296875 344.187957763671875 344.187957763671875 344.187957763671875 344.187957763671875 344.145751953125 343.97650146484375 343.97650146484375 343.97650146484375 343.97650146484375
370 370 370 370 370 370 370 370 368.80194091796875 364 364 364 364 369.391265869140625 391 391 391 391 388.404205322265625 378 378 378 378 378.199676513671875 379 379 379 379 376.6038818359375 367 367 367 367 365.00323486328125 357 357 357 357 356.400970458984375 354 354 354 354 354 354 354 354 354 354.998382568359375 359 359 359 359 356.004852294921875 344 344 344 344 344 344 344 344 344
370 370 370 370 370 370 370 370 368.80194091796875 364 364 364 364 369.391265869140625 391 391 391 391 388.404205322265625 378 378 378 378 378.199676513671875 379 379 379 379 376.6038818359375 367 367 367 367 365.00323486328125 357 357 357 357 356.400970458984375 354 354 354 354 354 354 354 354 354 354.998382568359375 359 359 359 359 356.004852294921875 344 344 344 344 344 344 344 344 344
370 370 370 370 370 370 370 370 368.80194091796875 364 364 364 364 369.391265869140625 391 391 391 391 388.404205322265625 378 378 378 378 378.199676513671875 379 379 379 379 376.6038818359375 367 367 367 367 365.00323486328125 357 357 357 357 356.400970458984375 354 354 354 354 354 354 354 354 354 354.998382568359375 359 359 359 359 356.004852294921875 344 344 344 344 344 344 344 344 344
370 370 370 370 370 370 370 370 368.80194091796875 364 364 364 364 369.391265869140625 391 391 391 391 388.404205322265625 378 378 378 378 378.199676513671875 379 379 379 379 376.6038818359375 367 367 367 367 365.00323486328125 357 357 357 357 356.400970458984375 354 354 354 354 354 354 354 354 354 354.998382568359375 359 359 359 359 356.004852294921875 344 344 344 344 344 344 344 344 344
403.201141357421875 403.201141357421875 403.201141357421875 406.905853271484375 421.75469970703125 421.75469970703125 421.75469970703125 421.75469970703125 418.801788330078125 406.9661865234375 406.9661865234375 406.9661865234375 406.9661865234375 400.073394775390625 372.4464111328125 372.4464111328125 372.4464111328125 372.4464111328125 370.2406005859375 361.399444580078125 361.399444580078125 361.399444580078125 361.399444580078125 362.184051513671875 365.328948974609375 365.328948974609375 365.328948974609375 365.328948974609375 363.32281494140625 355.281951904296875 355.281951904296875 355.281951904296875 355.281951904296875 354.65008544921875 352.11749267578125 352.11749267578125 352.11749267578125 352.11749267578125 353.468292236328125 358.88250732421875 358.88250732421875 358.88250732421875 358.88250732421875 357.127655029296875 350.093994140625 350.093994140625 350.093994140625 350.093994140625 350.507415771484375 352.164459228515625 352.164459228515625 352.164459228515625 352.164459228515625 352.094085693359375 351.812042236328125 351.812042236328125 351.812042236328125 351.812042236328125 350.4471435546875 344.97650146484375 344.97650146484375 344.97650146484375 344.97650146484375
404 404 404 407.793853759765625 423 423 423 423 420.004852294921875 408 408 408 408 400.811676025390625 372 372 372 372 369.803558349609375 361 361 361 361 361.7987060546875 365 365 365 365 363.00323486328125 355 355 355 355 354.400970458984375 352 352 352 352 353.397735595703125 359 359 359 359 357.202911376953125 350 350 350 350 350.39935302734375 352 352 352 352 352 352 352 352 352 350.602264404296875 345 345 345 345
404 404 404 407.793853759765625 423 423 423 423 420.004852294921875 408 408 408 408 400.811676025390625 372 372 372 372 369.803558349609375 361 361 361 361 361.7987060546875 365 365 365 365 363.00323486328125 355 355 355 355 354.400970458984375 352 352 352 352 353.397735595703125 359 359 359 359 357.202911376953125 350 350 350 350 350.39935302734375 352 352 352 352 352 352 352 352 352 350.602264404296875 345 345 345 345
404 404 404 407.793853759765625 423 423 423 423 420.004852294921875 408 408 408 408 400.811676025390625 372 372 372 372 369.803558349609375 361 361 361 361 361.7987060546875 365 365 365 365 363.00323486328125 355 355 355 355 354.400970458984375 352 352 352 352 353.397735595703125 359 359 359 359 357.202911376953125 350 350 350 350 350.39935302734375 352 352 352 352 352 352 352 352 352 350.602264404296875 345 345 345 345
404 404 404 407.793853759765625 423 423 423 423 420.004852294921875 408 408 408 408 400.811676025390625 372 372 372 372 369.803558349609375 361 361 361 361 361.7987060546875 365 365 365 365 363.00323486328125 355 355 355 355 354.400970458984375 352 352 352 352 353.397735595703125 359 359 359 359 357.202911376953125 350 350 350 350 350.39935302734375 352 352 352 352 352 352 352 352 352 350.602264404296875 345 345 345 345
