INPUT/RASTER/ASCII/silt.asc
ncols        225
nrows        269
xllcorner    473009.983799999987
yllcorner    4429051.174800000153
cellsize     50.000000000000
NODATA_value -9999
[rows 190 to 208 of 269, columns 168 to 209 of 225]
34.574031829833984375 34.48687744140625 34.399723052978515625 34.31256866455078125 34.251659393310546875 34.2959442138671875 34.3402252197265625 34.3845062255859375 34.4287872314453125 34.444927215576171875 34.348270416259765625 34.251613616943359375 34.154956817626953125 34.05829620361328125 33.970668792724609375 33.9192352294921875 33.8677978515625 33.8163604736328125 33.764926910400390625 33.78061676025390625 34.06536865234375 34.35012054443359375 34.6348724365234375 34.91962432861328125 35.136203765869140625 35.079547882080078125 35.02288818359375 34.9662322998046875 34.909572601318359375 34.835140228271484375 34.68944549560546875 34.54375457763671875 34.39806365966796875 34.25237274169921875 34.201564788818359375 34.53106689453125 34.86057281494140625 35.190074920654296875 35.519580841064453125 35.814006805419921875 35.967845916748046875 36.121685028076171875
34.59084320068359375 34.46768951416015625 34.34453582763671875 34.22138214111328125 34.12926483154296875 34.161548614501953125 34.193828582763671875 34.226108551025390625 34.258392333984375 34.270519256591796875 34.201862335205078125 34.133205413818359375 34.064544677734375 33.99588775634765625 33.925876617431640625 33.85044097900390625 33.775005340576171875 33.6995697021484375 33.624134063720703125 33.614227294921875 33.86698150634765625 34.119731903076171875 34.3724822998046875 34.62523651123046875 34.821796417236328125 34.7931365966796875 34.7644805908203125 34.7358245849609375 34.707164764404296875 34.669513702392578125 34.595821380615234375 34.52213287353515625 34.4484405517578125 34.37474822998046875 34.368785858154296875 34.634288787841796875 34.899791717529296875 35.1652984619140625 35.4308013916015625 35.692378997802734375 35.9382171630859375 36.184055328369140625
34.607654571533203125 34.4485015869140625 34.289348602294921875 34.13019561767578125 34.006870269775390625 34.027149200439453125 34.04743194580078125 34.067714691162109375 34.0879974365234375 34.096111297607421875 34.055450439453125 34.01479339599609375 33.9741363525390625 33.93347930908203125 33.8810882568359375 33.781650543212890625 33.68221282958984375 33.5827789306640625 33.483341217041015625 33.44783782958984375 33.668590545654296875 33.88934326171875 34.110095977783203125 34.330844879150390625 34.507389068603515625 34.5067291259765625 34.506072998046875 34.505413055419921875 34.504756927490234375 34.5038909912109375 34.502201080322265625 34.500507354736328125 34.49881744384765625 34.49712371826171875 34.536006927490234375 34.73751068115234375 34.939014434814453125 35.1405181884765625 35.342021942138671875 35.57074737548828125 35.9085845947265625 36.246425628662109375
34.656482696533203125 34.50429534912109375 34.352108001708984375 34.199920654296875 34.0789947509765625 34.083370208740234375 34.08774566650390625 34.092121124267578125 34.09649658203125 34.10214996337890625 34.1129302978515625 34.123706817626953125 34.134487152099609375 34.145267486572265625 34.1284637451171875 34.00112152099609375 33.873779296875 33.74643707275390625 33.6190948486328125 33.55799102783203125 33.76236724853515625 33.96674346923828125 34.17111968994140625 34.375492095947265625 34.54373931884765625 34.56717681884765625 34.590610504150390625 34.614048004150390625 34.637485504150390625 34.67340087890625 34.75933074951171875 34.845264434814453125 34.9311981201171875 35.01712799072265625 35.118816375732421875 35.283664703369140625 35.44850921630859375 35.613353729248046875 35.778202056884765625 35.951503753662109375 36.15869903564453125 36.365894317626953125
34.706081390380859375 34.561893463134765625 34.417705535888671875 34.273517608642578125 34.15579986572265625 34.144176483154296875 34.132549285888671875 34.1209259033203125 34.109302520751953125 34.1125335693359375 34.175312042236328125 34.23809051513671875 34.300868988037109375 34.3636474609375 34.38287353515625 34.22753143310546875 34.0721893310546875 33.91684722900390625 33.761505126953125 33.67479705810546875 33.863170623779296875 34.051548004150390625 34.23992156982421875 34.4282989501953125 34.588531494140625 34.635967254638671875 34.68340301513671875 34.730838775634765625 34.7782745361328125 34.850971221923828125 35.02490234375 35.198833465576171875 35.372768402099609375 35.54669952392578125 35.711627960205078125 35.84047698974609375 35.96932220458984375 36.09816741943359375 36.22701263427734375 36.344348907470703125 36.4155426025390625 36.4867401123046875
34.755680084228515625 34.6194915771484375 34.483303070068359375 34.34711456298828125 34.23260498046875 34.20497894287109375 34.177356719970703125 34.149730682373046875 34.12210845947265625 34.12291717529296875 34.237697601318359375 34.352474212646484375 34.467254638671875 34.58203125 34.6372833251953125 34.45394134521484375 34.270599365234375 34.08725738525390625 33.9039154052734375 33.791599273681640625 33.963977813720703125 34.1363525390625 34.308727264404296875 34.481105804443359375 34.63332366943359375 34.704761505126953125 34.776195526123046875 34.84763336181640625 34.9190673828125 35.02854156494140625 35.29047393798828125 35.55240631103515625 35.81433868408203125 36.07627105712890625 36.304443359375 36.39728546142578125 36.490131378173828125 36.582977294921875 36.675823211669921875 36.73719024658203125 36.67238616943359375 36.60758209228515625
34.80527496337890625 34.677089691162109375 34.548900604248046875 34.420711517333984375 34.30941009521484375 34.26578521728515625 34.22216033935546875 34.17853546142578125 34.13491058349609375 34.13330078125 34.300079345703125 34.46685791015625 34.633636474609375 34.8004150390625 34.891693115234375 34.68035125732421875 34.4690093994140625 34.257663726806640625 34.046321868896484375 33.908405303955078125 34.06478118896484375 34.221157073974609375 34.377532958984375 34.533908843994140625 34.6781158447265625 34.77355194091796875 34.868988037109375 34.96442413330078125 35.0598602294921875 35.206111907958984375 35.5560455322265625 35.905979156494140625 36.255908966064453125 36.60584259033203125 36.89725494384765625 36.954097747802734375 37.010944366455078125 37.067790985107421875 37.1246337890625 37.130035400390625 36.929229736328125 36.728427886962890625
34.8548736572265625 34.73468780517578125 34.614498138427734375 34.494312286376953125 34.3862152099609375 34.32659149169921875 34.2669677734375 34.20734405517578125 34.147716522216796875 34.14368438720703125 34.362461090087890625 34.581241607666015625 34.800018310546875 35.018798828125 35.146099090576171875 34.906757354736328125 34.667415618896484375 34.428073883056640625 34.188732147216796875 34.025211334228515625 34.165584564208984375 34.30596160888671875 34.446338653564453125 34.5867156982421875 34.72290802001953125 34.84234619140625 34.961780548095703125 35.08121490478515625 35.200653076171875 35.383686065673828125 35.82161712646484375 36.259548187255859375 36.697483062744140625 37.13541412353515625 37.4900665283203125 37.5109100341796875 37.531757354736328125 37.552600860595703125 37.57344818115234375 37.522876739501953125 37.18607330322265625 36.849269866943359375
34.88494110107421875 34.772754669189453125 34.660564422607421875 34.54837799072265625 34.43647003173828125 34.32569122314453125 34.21491241455078125 34.10413360595703125 33.99335479736328125 33.946285247802734375 34.154567718505859375 34.362850189208984375 34.571132659912109375 34.779415130615234375 34.913005828857421875 34.747219085693359375 34.5814361572265625 34.4156494140625 34.2498626708984375 34.1420135498046875 34.266391754150390625 34.390766143798828125 34.51514434814453125 34.63951873779296875 34.758342742919921875 34.854907989501953125 34.95146942138671875 35.04803466796875 35.144596099853515625 35.312854766845703125 35.768482208251953125 36.2241058349609375 36.679729461669921875 37.13535308837890625 37.4922943115234375 37.453704833984375 37.415111541748046875 37.376522064208984375 37.337932586669921875 37.249298095703125 36.96007537841796875 36.6708526611328125
34.914539337158203125 34.810352325439453125 34.7061614990234375 34.6019744873046875 34.486087799072265625 34.32331085205078125 34.16053009033203125 33.997753143310546875 33.834972381591796875 33.74388885498046875 33.940174102783203125 34.136455535888671875 34.332736968994140625 34.529022216796875 34.668182373046875 34.578395843505859375 34.48860931396484375 34.398822784423828125 34.3090362548828125 34.258819580078125 34.36719512939453125 34.4755706787109375 34.583950042724609375 34.692325592041015625 34.793548583984375 34.866115570068359375 34.938678741455078125 35.011241912841796875 35.083805084228515625 35.236053466796875 35.707675933837890625 36.17929840087890625 36.6509246826171875 37.122547149658203125 37.480312347412109375 37.38172149658203125 37.28313446044921875 37.184543609619140625 37.0859527587890625 36.95967864990234375 36.7224578857421875 36.48523712158203125
34.944133758544921875 34.8479461669921875 34.751758575439453125 34.65557098388671875 34.53570556640625 34.320926666259765625 34.10614776611328125 33.891368865966796875 33.6765899658203125 33.54149627685546875 33.72577667236328125 33.910060882568359375 34.094341278076171875 34.27862548828125 34.423358917236328125 34.409572601318359375 34.395786285400390625 34.381999969482421875 34.368213653564453125 34.3756256103515625 34.4680023193359375 34.5603790283203125 34.6527557373046875 34.745128631591796875 34.82875823974609375 34.877323150634765625 34.925884246826171875 34.97444915771484375 35.023014068603515625 35.15924835205078125 35.646869659423828125 36.134494781494140625 36.622119903564453125 37.1097412109375 37.468334197998046875 37.309741973876953125 37.151153564453125 36.99256134033203125 36.833972930908203125 36.670063018798828125 36.48484039306640625 36.29962158203125
34.97373199462890625 34.8855438232421875 34.79735565185546875 34.709171295166015625 34.585323333740234375 34.31854248046875 34.05176544189453125 33.784984588623046875 33.518207550048828125 33.339099884033203125 33.511379241943359375 33.68366241455078125 33.855945587158203125 34.028228759765625 34.178531646728515625 34.24074554443359375 34.302959442138671875 34.36517333984375 34.427387237548828125 34.492431640625 34.568805694580078125 34.645183563232421875 34.7215576171875 34.79793548583984375 34.8639678955078125 34.888530731201171875 34.91309356689453125 34.937656402587890625 34.962223052978515625 35.0824432373046875 35.58606719970703125 36.089691162109375 36.59331512451171875 37.0969390869140625 37.45635223388671875 37.237762451171875 37.01917266845703125 36.8005828857421875 36.581989288330078125 36.3804473876953125 36.247226715087890625 36.114002227783203125
35.003330230712890625 34.9231414794921875 34.842952728271484375 34.762767791748046875 34.634937286376953125 34.316158294677734375 33.99738311767578125 33.6786041259765625 33.35982513427734375 33.1367034912109375 33.296985626220703125 33.45726776123046875 33.617549896240234375 33.77783203125 33.93370819091796875 34.07192230224609375 34.21013641357421875 34.34835052490234375 34.48656463623046875 34.609233856201171875 34.669612884521484375 34.72998809814453125 34.790363311767578125 34.850742340087890625 34.899173736572265625 34.899738311767578125 34.900302886962890625 34.900867462158203125 34.90142822265625 35.00563812255859375 35.52526092529296875 36.04488372802734375 36.564510345458984375 37.084133148193359375 37.444370269775390625 37.165782928466796875 36.8871917724609375 36.608600616455078125 36.33000946044921875 36.09082794189453125 36.009609222412109375 35.928386688232421875
34.907161712646484375 34.8115386962890625 34.715915679931640625 34.620288848876953125 34.49468231201171875 34.248897552490234375 34.003108978271484375 33.75732421875 33.511539459228515625 33.3374176025390625 33.4505462646484375 33.5636749267578125 33.6768035888671875 33.7899322509765625 33.909206390380859375 34.053112030029296875 34.197017669677734375 34.340923309326171875 34.484828948974609375 34.604961395263671875 34.6298065185546875 34.654651641845703125 34.679500579833984375 34.704345703125 34.7296905517578125 34.757030487060546875 34.784374237060546875 34.811717987060546875 34.83905792236328125 34.95853424072265625 35.447284698486328125 35.93603515625 36.4247894287109375 36.913539886474609375 37.249568939208984375 36.973476409912109375 36.69738006591796875 36.42128753662109375 36.145191192626953125 35.920734405517578125 35.903228759765625 35.8857269287109375
34.8079681396484375 34.69634246826171875 34.584720611572265625 34.473094940185546875 34.349857330322265625 34.180072784423828125 34.010284423828125 33.8404998779296875 33.67071533203125 33.5478363037109375 33.612964630126953125 33.678089141845703125 33.74321746826171875 33.808345794677734375 33.890003204345703125 34.03791046142578125 34.18581390380859375 34.333721160888671875 34.481624603271484375 34.59777069091796875 34.58661651611328125 34.57546234130859375 34.564311981201171875 34.553157806396484375 34.5552825927734375 34.610622406005859375 34.665966033935546875 34.72130584716796875 34.77664947509765625 34.912143707275390625 35.368896484375 35.82564544677734375 36.282398223876953125 36.7391510009765625 37.0503692626953125 36.7782745361328125 36.5061798095703125 36.2340850830078125 35.9619903564453125 35.753513336181640625 35.80001068115234375 35.84650421142578125
34.708770751953125 34.581150054931640625 34.453525543212890625 34.325901031494140625 34.2050323486328125 34.111248016357421875 34.01746368408203125 33.923675537109375 33.829891204833984375 33.758251190185546875 33.775379180908203125 33.792507171630859375 33.809635162353515625 33.826763153076171875 33.8708038330078125 34.022708892822265625 34.17461395263671875 34.326519012451171875 34.478424072265625 34.59058380126953125 34.543430328369140625 34.49627685546875 34.449123382568359375 34.40196990966796875 34.380870819091796875 34.464214324951171875 34.54755401611328125 34.63089752197265625 34.71424102783203125 34.865753173828125 35.29050445556640625 35.7152557373046875 36.14000701904296875 36.564762115478515625 36.851165771484375 36.583072662353515625 36.31497955322265625 36.046886444091796875 35.778789520263671875 35.586292266845703125 35.696788787841796875 35.807285308837890625
34.609577178955078125 34.465953826904296875 34.322330474853515625 34.178707122802734375 34.060211181640625 34.042423248291015625 34.024639129638671875 34.0068511962890625 33.98906707763671875 33.96866607666015625 33.937793731689453125 33.90692138671875 33.876049041748046875 33.84517669677734375 33.85160064697265625 34.00750732421875 34.163410186767578125 34.319316864013671875 34.475223541259765625 34.583393096923828125 34.500240325927734375 34.417087554931640625 34.333934783935546875 34.2507781982421875 34.206462860107421875 34.31780242919921875 34.42914581298828125 34.54048919677734375 34.65183258056640625 34.819362640380859375 35.212116241455078125 35.60486602783203125 35.99761962890625 36.390369415283203125 36.651966094970703125 36.38787078857421875 36.123779296875 35.859683990478515625 35.59558868408203125 35.419071197509765625 35.593570709228515625 35.76806640625
34.51038360595703125 34.35076141357421875 34.191135406494140625 34.031513214111328125 33.915386199951171875 33.973598480224609375 34.0318145751953125 34.09002685546875 34.148242950439453125 34.179080963134765625 34.10021209716796875 34.02133941650390625 33.94246673583984375 33.86359405517578125 33.8323974609375 33.992305755615234375 34.152210235595703125 34.312114715576171875 34.47202301025390625 34.576206207275390625 34.45705413818359375 34.33789825439453125 34.218746185302734375 34.099590301513671875 34.03205108642578125 34.17139434814453125 34.31073760986328125 34.45008087158203125 34.589420318603515625 34.772975921630859375 35.133724212646484375 35.494476318359375 35.855228424072265625 36.21598052978515625 36.45276641845703125 36.1926727294921875 35.932575225830078125 35.672481536865234375 35.412387847900390625 35.25185394287109375 35.49034881591796875 35.72884368896484375
34.533054351806640625 34.36133575439453125 34.189617156982421875 34.017902374267578125 33.89167022705078125 33.947765350341796875 34.0038604736328125 34.0599517822265625 34.116046905517578125 34.150424957275390625 34.097766876220703125 34.045108795166015625 33.992450714111328125 33.939792633056640625 33.917118072509765625 34.014621734619140625 34.112125396728515625 34.209629058837890625 34.307132720947265625 34.37056732177734375 34.2974395751953125 34.22431182861328125 34.15118408203125 34.07805633544921875 34.042026519775390625 34.154682159423828125 34.26734161376953125 34.37999725341796875 34.492656707763671875 34.641445159912109375 34.9350433349609375 35.228641510009765625 35.522235870361328125 35.81583404541015625 36.008251190185546875 35.795124053955078125 35.581996917724609375 35.368869781494140625 35.15573883056640625 35.022953033447265625 35.2121734619140625 35.401397705078125
