INPUT/RASTER/ASCII/silt.asc
ncols        225
nrows        269
xllcorner    473000.000000000000
yllcorner    4429100.000000000000
cellsize     50.000000000000
NODATA_value -9999
[rows 140 to 167 of 269, columns 63 to 125 of 225]
384 383.800323486328125 383 383 383 383 381.602264404296875 376 376 376 376 373.803558349609375 365 365 365 365 364.400970458984375 362 362 362 362 363.797088623046875 371 371 371 371 371 371 371 371 371 370.400970458984375 368 368 368 368 367.400970458984375 365 365 365 365 364.400970458984375 362 362 362 362 363.397735595703125 369 369 369 369 369.39935302734375 371 371 371 371 371.39935302734375 373 373 373 373 370.004852294921875 358
373.258453369140625 371.888885498046875 366.399444580078125 366.399444580078125 366.399444580078125 366.399444580078125 364.416748046875 356.46990966796875 356.46990966796875 356.46990966796875 356.46990966796875 357.003265380859375 359.1409912109375 359.1409912109375 359.1409912109375 359.1409912109375 360.29681396484375 364.92950439453125 364.92950439453125 364.92950439453125 364.92950439453125 363.80181884765625 359.281951904296875 359.281951904296875 359.281951904296875 359.281951904296875 360.841827392578125 367.093994140625 367.093994140625 367.093994140625 367.093994140625 366.68994140625 365.07049560546875 365.07049560546875 365.07049560546875 365.07049560546875 364.861419677734375 364.02349853515625 364.02349853515625 364.02349853515625 364.02349853515625 363.814422607421875 362.97650146484375 362.97650146484375 362.97650146484375 362.97650146484375 364.5692138671875 370.9530029296875 370.9530029296875 370.9530029296875 370.9530029296875 372.132293701171875 376.8590087890625 376.8590087890625 376.8590087890625 376.8590087890625 376.868408203125 376.906005859375 376.906005859375 376.906005859375 376.906005859375 372.545989990234375 355.07049560546875
373 371.602264404296875 366 366 366 366 364.00323486328125 356 356 356 356 356.599029541015625 359 359 359 359 360.19805908203125 365 365 365 365 363.80194091796875 359 359 359 359 360.597412109375 367 367 367 367 366.60064697265625 365 365 365 365 364.800323486328125 364 364 364 364 363.800323486328125 363 363 363 363 364.597412109375 371 371 371 371 372.19805908203125 377 377 377 377 377 377 377 377 377 372.60711669921875 355
373 371.602264404296875 366 366 366 366 364.00323486328125 356 356 356 356 356.599029541015625 359 359 359 359 360.19805908203125 365 365 365 365 363.80194091796875 359 359 359 359 360.597412109375 367 367 367 367 366.60064697265625 365 365 365 365 364.800323486328125 364 364 364 364 363.800323486328125 363 363 363 363 364.597412109375 371 371 371 371 372.19805908203125 377 377 377 377 377 377 377 377 377 372.60711669921875 355
373 371.602264404296875 366 366 366 366 364.00323486328125 356 356 356 356 356.599029541015625 359 359 359 359 360.19805908203125 365 365 365 365 363.80194091796875 359 359 359 359 360.597412109375 367 367 367 367 366.60064697265625 365 365 365 365 364.800323486328125 364 364 364 364 363.800323486328125 363 363 363 363 364.597412109375 371 371 371 371 372.19805908203125 377 377 377 377 377 377 377 377 377 372.60711669921875 355
373 371.602264404296875 366 366 366 366 364.00323486328125 356 356 356 356 356.599029541015625 359 359 359 359 360.19805908203125 365 365 365 365 363.80194091796875 359 359 359 359 360.597412109375 367 367 367 367 366.60064697265625 365 365 365 365 364.800323486328125 364 364 364 364 363.800323486328125 363 363 363 363 364.597412109375 371 371 371 371 372.19805908203125 377 377 377 377 377 377 377 377 377 372.60711669921875 -9999
358.352447509765625 357.92962646484375 356.234954833984375 356.234954833984375 356.234954833984375 356.234954833984375 356.967987060546875 359.906005859375 359.906005859375 359.906005859375 359.906005859375 360.115081787109375 360.9530029296875 360.9530029296875 360.9530029296875 360.9530029296875 361.1761474609375 362.07049560546875 362.07049560546875 362.07049560546875 362.07049560546875 363.212249755859375 367.788543701171875 367.788543701171875 367.788543701171875 367.788543701171875 369.385955810546875 375.788543701171875 375.788543701171875 375.788543701171875 375.788543701171875 374.804229736328125 370.8590087890625 370.8590087890625 370.8590087890625 370.8590087890625 368.5145263671875 359.11749267578125 359.11749267578125 359.11749267578125 359.11749267578125 359.69775390625 362.02349853515625 362.02349853515625 362.02349853515625 362.02349853515625 363.425933837890625 369.0469970703125 369.0469970703125 369.0469970703125 369.0469970703125 369.66009521484375 372.11749267578125 372.11749267578125 372.11749267578125 372.11749267578125 372.5074462890625 374.07049560546875 374.07049560546875 374.07049560546875 -9999 -9999 -9999
358 357.60064697265625 356 356 356 356 356.7987060546875 360 360 360 360 360.199676513671875 361 361 361 361 361.199676513671875 362 362 362 362 363.19805908203125 368 368 368 368 369.597412109375 376 376 376 376 375.001617431640625 371 371 371 371 368.6038818359375 359 359 359 359 359.599029541015625 362 362 362 362 363.397735595703125 369 369 369 369 369.599029541015625 372 372 372 372 372.39935302734375 374 374 374 -9999 -9999 -9999
358 357.60064697265625 356 356 356 356 356.7987060546875 360 360 360 360 360.199676513671875 361 361 361 361 361.199676513671875 362 362 362 362 363.19805908203125 368 368 368 368 369.597412109375 376 376 376 376 375.001617431640625 371 371 371 371 368.6038818359375 359 359 359 359 359.599029541015625 362 362 362 362 363.397735595703125 369 369 369 369 369.599029541015625 372 372 372 372 372.39935302734375 374 374 374 374 -9999 -9999
358 357.60064697265625 356 356 356 356 356.7987060546875 360 360 360 360 360.199676513671875 361 361 361 361 361.199676513671875 362 362 362 362 363.19805908203125 368 368 368 368 369.597412109375 376 376 376 376 375.001617431640625 371 371 371 371 368.6038818359375 359 359 359 359 359.599029541015625 362 362 362 362 363.397735595703125 369 369 369 369 369.599029541015625 372 372 372 372 372.39935302734375 374 374 374 374 373.800323486328125 -9999
358 357.60064697265625 356 356 356 356 356.7987060546875 360 360 360 360 360.199676513671875 361 361 361 361 361.199676513671875 362 362 362 362 363.19805908203125 368 368 368 368 369.597412109375 376 376 376 376 375.001617431640625 371 371 371 371 368.6038818359375 359 359 359 359 359.599029541015625 362 362 362 362 363.397735595703125 369 369 369 369 369.599029541015625 372 372 372 372 372.39935302734375 374 374 374 374 373.800323486328125 373
358.97650146484375 359.162109375 359.906005859375 359.906005859375 359.906005859375 359.906005859375 360.7047119140625 363.906005859375 363.906005859375 363.906005859375 363.906005859375 366.0555419921875 374.671051025390625 374.671051025390625 374.671051025390625 374.671051025390625 373.31085205078125 367.8590087890625 367.8590087890625 367.8590087890625 367.8590087890625 370.22698974609375 379.718048095703125 379.718048095703125 379.718048095703125 379.718048095703125 378.000732421875 371.11749267578125 371.11749267578125 371.11749267578125 371.11749267578125 371.483978271484375 372.9530029296875 372.9530029296875 372.9530029296875 372.9530029296875 375.041534423828125 383.41259765625 383.41259765625 383.41259765625 383.41259765625 381.08685302734375 371.765045166015625 371.765045166015625 371.765045166015625 371.765045166015625 371.6029052734375 370.9530029296875 370.9530029296875 370.9530029296875 370.9530029296875 367.65234375 354.422943115234375 354.422943115234375 354.422943115234375 354.422943115234375 355.602203369140625 360.328948974609375 360.328948974609375 360.328948974609375 360.328948974609375 357.98443603515625 348.58740234375
359 359.199676513671875 360 360 360 360 360.7987060546875 364 364 364 364 366.196441650390625 375 375 375 375 373.602264404296875 368 368 368 368 370.3961181640625 380 380 380 380 378.202911376953125 371 371 371 371 371.39935302734375 373 373 373 373 375.196441650390625 384 384 384 384 381.6038818359375 372 372 372 372 371.800323486328125 371 371 371 371 367.605499267578125 354 354 354 354 355.19805908203125 360 360 360 360 357.6038818359375 348
359 359.199676513671875 360 360 360 360 360.7987060546875 364 364 364 364 366.196441650390625 375 375 375 375 373.602264404296875 368 368 368 368 370.3961181640625 380 380 380 380 378.202911376953125 371 371 371 371 371.39935302734375 373 373 373 373 375.196441650390625 384 384 384 384 381.6038818359375 372 372 372 372 371.800323486328125 371 371 371 371 367.605499267578125 354 354 354 354 355.19805908203125 360 360 360 360 357.6038818359375 348
359 359.199676513671875 360 360 360 360 360.7987060546875 364 364 364 364 366.196441650390625 375 375 375 375 373.602264404296875 368 368 368 368 370.3961181640625 380 380 380 380 378.202911376953125 371 371 371 371 371.39935302734375 373 373 373 373 375.196441650390625 384 384 384 384 381.6038818359375 372 372 372 372 371.800323486328125 371 371 371 371 367.605499267578125 354 354 354 354 355.19805908203125 360 360 360 360 357.6038818359375 348
359 359.199676513671875 360 360 360 360 360.7987060546875 364 364 364 364 366.196441650390625 375 375 375 375 373.602264404296875 368 368 368 368 370.3961181640625 380 380 380 380 378.202911376953125 371 371 371 371 371.39935302734375 373 373 373 373 375.196441650390625 384 384 384 384 381.6038818359375 372 372 372 372 371.800323486328125 371 371 371 371 367.605499267578125 354 354 354 354 355.19805908203125 360 360 360 360 357.6038818359375 348
358.02349853515625 357.638214111328125 356.093994140625 356.093994140625 356.093994140625 356.093994140625 358.257568359375 366.92950439453125 366.92950439453125 366.92950439453125 366.92950439453125 367.9560546875 372.07049560546875 372.07049560546875 372.07049560546875 372.07049560546875 373.792510986328125 380.694549560546875 380.694549560546875 380.694549560546875 380.694549560546875 378.996002197265625 372.187957763671875 372.187957763671875 372.187957763671875 372.187957763671875 374.290557861328125 382.718048095703125 382.718048095703125 382.718048095703125 382.718048095703125 381.16754150390625 374.9530029296875 374.9530029296875 374.9530029296875 374.9530029296875 374.22467041015625 371.305450439453125 371.305450439453125 371.305450439453125 371.305450439453125 372.614044189453125 377.8590087890625 377.8590087890625 377.8590087890625 377.8590087890625 376.48944091796875 371 371 371 371 371.310211181640625 372.5535888671875 372.5535888671875 372.5535888671875 372.5535888671875 373.361663818359375 376.600555419921875 376.600555419921875 376.600555419921875 376.600555419921875 373.6195068359375 361.671051025390625
358 357.60064697265625 356 356 356 356 358.196441650390625 367 367 367 367 367.998382568359375 372 372 372 372 373.797088623046875 381 381 381 381 379.202911376953125 372 372 372 372 374.196441650390625 383 383 383 383 381.402587890625 375 375 375 375 374.2012939453125 371 371 371 371 372.397735595703125 378 378 378 378 376.602264404296875 371 371 371 371 371.39935302734375 373 373 373 373 373.7987060546875 377 377 377 377 374.004852294921875 362
358 357.60064697265625 356 356 356 356 358.196441650390625 367 367 367 367 367.998382568359375 372 372 372 372 373.797088623046875 381 381 381 381 379.202911376953125 372 372 372 372 374.196441650390625 383 383 383 383 381.402587890625 375 375 375 375 374.2012939453125 371 371 371 371 372.397735595703125 378 378 378 378 376.602264404296875 371 371 371 371 371.39935302734375 373 373 373 373 373.7987060546875 377 377 377 377 374.004852294921875 362
358 357.60064697265625 356 356 356 356 358.196441650390625 367 367 367 367 367.998382568359375 372 372 372 372 373.797088623046875 381 381 381 381 379.202911376953125 372 372 372 372 374.196441650390625 383 383 383 383 381.402587890625 375 375 375 375 374.2012939453125 371 371 371 371 372.397735595703125 378 378 378 378 376.602264404296875 371 371 371 371 371.39935302734375 373 373 373 373 373.7987060546875 377 377 377 377 374.004852294921875 362
358 357.60064697265625 356 356 356 356 358.196441650390625 367 367 367 367 367.998382568359375 372 372 372 372 373.797088623046875 381 381 381 381 379.202911376953125 372 372 372 372 374.196441650390625 383 383 383 383 381.402587890625 375 375 375 375 374.2012939453125 371 371 371 371 372.397735595703125 378 378 378 378 376.602264404296875 371 371 371 371 371.39935302734375 373 373 373 373 373.7987060546875 377 377 377 377 374.004852294921875 362
358 358.18560791015625 358.92950439453125 358.92950439453125 358.92950439453125 358.92950439453125 358.981109619140625 359.187957763671875 359.187957763671875 359.187957763671875 359.187957763671875 361.941192626953125 372.97650146484375 372.97650146484375 372.97650146484375 372.97650146484375 371.653839111328125 366.352447509765625 366.352447509765625 366.352447509765625 366.352447509765625 367.09014892578125 370.0469970703125 370.0469970703125 370.0469970703125 370.0469970703125 372.243438720703125 381.0469970703125 381.0469970703125 381.0469970703125 381.0469970703125 380.42449951171875 377.92950439453125 377.92950439453125 377.92950439453125 377.92950439453125 379.080657958984375 383.694549560546875 383.694549560546875 383.694549560546875 383.694549560546875 382.94744873046875 379.9530029296875 379.9530029296875 379.9530029296875 379.9530029296875 374.8505859375 354.399444580078125 354.399444580078125 354.399444580078125 354.399444580078125 355.38372802734375 359.328948974609375 359.328948974609375 359.328948974609375 359.328948974609375 360.127655029296875 363.328948974609375 363.328948974609375 363.328948974609375 363.328948974609375 359.74884033203125 345.399444580078125
358 358.199676513671875 359 359 359 359 359 359 359 359 359 361.79547119140625 373 373 373 373 371.602264404296875 366 366 366 366 366.7987060546875 370 370 370 370 372.196441650390625 381 381 381 381 380.400970458984375 378 378 378 378 379.19805908203125 384 384 384 384 383.2012939453125 380 380 380 380 374.80841064453125 354 354 354 354 354.998382568359375 359 359 359 359 359.7987060546875 363 363 363 363 359.40582275390625 345
358 358.199676513671875 359 359 359 359 359 359 359 359 359 361.79547119140625 373 373 373 373 371.602264404296875 366 366 366 366 366.7987060546875 370 370 370 370 372.196441650390625 381 381 381 381 380.400970458984375 378 378 378 378 379.19805908203125 384 384 384 384 383.2012939453125 380 380 380 380 374.80841064453125 354 354 354 354 354.998382568359375 359 359 359 359 359.7987060546875 363 363 363 363 359.40582275390625 345
358 358.199676513671875 359 359 359 359 359 359 359 359 359 361.79547119140625 373 373 373 373 371.602264404296875 366 366 366 366 366.7987060546875 370 370 370 370 372.196441650390625 381 381 381 381 380.400970458984375 378 378 378 378 379.19805908203125 384 384 384 384 383.2012939453125 380 380 380 380 374.80841064453125 354 354 354 354 354.998382568359375 359 359 359 359 359.7987060546875 363 363 363 363 359.40582275390625 345
358 358.199676513671875 359 359 359 359 359 359 359 359 359 361.79547119140625 373 373 373 373 371.602264404296875 366 366 366 366 366.7987060546875 370 370 370 370 372.196441650390625 381 381 381 381 380.400970458984375 378 378 378 378 379.19805908203125 384 384 384 384 383.2012939453125 380 380 380 380 374.80841064453125 354 354 354 354 354.998382568359375 359 359 359 359 359.7987060546875 363 363 363 363 359.40582275390625 345
341.399444580078125 344.1339111328125 355.093994140625 355.093994140625 355.093994140625 355.093994140625 357.238800048828125 365.835540771484375 365.835540771484375 365.835540771484375 365.835540771484375 365.70623779296875 365.187957763671875 365.187957763671875 365.187957763671875 365.187957763671875 364.96014404296875 364.0469970703125 364.0469970703125 364.0469970703125 364.0469970703125 367.575469970703125 381.718048095703125 381.718048095703125 381.718048095703125 381.718048095703125 381.7696533203125 381.97650146484375 381.97650146484375 381.97650146484375 381.97650146484375 379.817596435546875 371.164459228515625 371.164459228515625 371.164459228515625 371.164459228515625 370.21771240234375 366.422943115234375 366.422943115234375 366.422943115234375 366.422943115234375 365.039276123046875 359.493408203125 359.493408203125 359.493408203125 359.493408203125 358.2015380859375 353.02349853515625 353.02349853515625 353.02349853515625 353.02349853515625 351.877044677734375 347.281951904296875 347.281951904296875 347.281951904296875 347.281951904296875 348.665618896484375 354.211456298828125 354.211456298828125 354.211456298828125 354.211456298828125 353.54205322265625 350.8590087890625
341 343.79547119140625 355 355 355 355 357.196441650390625 366 366 366 366 365.800323486328125 365 365 365 365 364.800323486328125 364 364 364 364 367.59417724609375 382 382 382 382 382 382 382 382 382 379.803558349609375 371 371 371 371 370.001617431640625 366 366 366 366 364.602264404296875 359 359 359 359 357.80194091796875 353 353 353 353 351.80194091796875 347 347 347 347 348.397735595703125 354 354 354 354 353.400970458984375 351
