INPUT/RASTER/ASCII/silt.asc
ncols        225
nrows        269
xllcorner    473009.983799999987
yllcorner    4429051.174800000153
cellsize     50.000000000000
NODATA_value -9999
[rows 228 to 246 of 269, columns 168 to 209 of 225]
35.31252288818359375 34.99798583984375 34.68344879150390625 34.3689117431640625 34.15068817138671875 34.318500518798828125 34.4863128662109375 34.654125213623046875 34.82193756103515625 34.9637298583984375 35.001232147216796875 35.03873443603515625 35.07624053955078125 35.113742828369140625 35.1253509521484375 35.03316497802734375 34.940975189208984375 34.848785400390625 34.75659942626953125 34.6505889892578125 34.4891815185546875 34.327770233154296875 34.16635894775390625 34.00495147705078125 33.91754913330078125 34.12677001953125 34.33599090576171875 34.5452117919921875 34.75443267822265625 34.907466888427734375 34.835277557373046875 34.763088226318359375 34.6909027099609375 34.61871337890625 34.55572509765625 34.528339385986328125 34.498607635498046875 34.46622467041015625 34.430816650390625 34.40000152587890625 34.40000152587890625 34.40000152587890625
35.022090911865234375 34.8155517578125 34.609012603759765625 34.402477264404296875 34.27228546142578125 34.44809722900390625 34.62390899658203125 34.79972076416015625 34.97553253173828125 35.110950469970703125 35.084453582763671875 35.057956695556640625 35.031459808349609375 35.004962921142578125 34.966949462890625 34.88275909423828125 34.798572540283203125 34.714385986328125 34.63019561767578125 34.542572021484375 34.441162109375 34.339752197265625 34.23834228515625 34.136932373046875 34.08716583251953125 34.244384765625 34.401607513427734375 34.55883026123046875 34.7160491943359375 34.82906341552734375 34.764873504638671875 34.700687408447265625 34.63649749755859375 34.5723114013671875 34.517971038818359375 34.501552581787109375 34.48199462890625 34.458293914794921875 34.428981781005859375 34.40000152587890625 34.40000152587890625 34.40000152587890625
34.731655120849609375 34.63311767578125 34.534580230712890625 34.43604278564453125 34.39388275146484375 34.577693939208984375 34.761505126953125 34.94532012939453125 35.129131317138671875 35.25817108154296875 35.167675018310546875 35.077178955078125 34.986682891845703125 34.89618682861328125 34.8085479736328125 34.732357025146484375 34.656169891357421875 34.579982757568359375 34.503795623779296875 34.434551239013671875 34.3931427001953125 34.3517303466796875 34.310321807861328125 34.26891326904296875 34.256778717041015625 34.362003326416015625 34.46722412109375 34.572444915771484375 34.67766571044921875 34.750659942626953125 34.6944732666015625 34.63828277587890625 34.582096099853515625 34.525909423828125 34.4795989990234375 34.471771240234375 34.46141815185546875 34.447078704833984375 34.425914764404296875 34.40000152587890625 34.40000152587890625 34.40000152587890625
34.441219329833984375 34.45068359375 34.46014404296875 34.4696044921875 34.51548004150390625 34.7072906494140625 34.899105072021484375 35.090915679931640625 35.282726287841796875 35.405391693115234375 35.25089263916015625 35.09639739990234375 34.94190216064453125 34.78740692138671875 34.650142669677734375 34.5819549560546875 34.513767242431640625 34.44557952880859375 34.377391815185546875 34.32653045654296875 34.345123291015625 34.363712310791015625 34.38230133056640625 34.400890350341796875 34.426395416259765625 34.479618072509765625 34.532840728759765625 34.586063385009765625 34.6392822265625 34.6722564697265625 34.6240692138671875 34.5758819580078125 34.5276947021484375 34.4795074462890625 34.440593719482421875 34.438457489013671875 34.435268402099609375 34.430019378662109375 34.41973876953125 34.40000152587890625 34.40000152587890625 34.40000152587890625
34.150783538818359375 34.268245697021484375 34.385707855224609375 34.503170013427734375 34.63707733154296875 34.836887359619140625 35.036701202392578125 35.23651123046875 35.4363250732421875 35.5526123046875 35.33411407470703125 35.115619659423828125 34.897121429443359375 34.67862701416015625 34.491741180419921875 34.431552886962890625 34.371364593505859375 34.311176300048828125 34.2509918212890625 34.21851348876953125 34.2971038818359375 34.375690460205078125 34.454280853271484375 34.532871246337890625 34.596012115478515625 34.59723663330078125 34.59845733642578125 34.59967803955078125 34.60089874267578125 34.593852996826171875 34.5536651611328125 34.513477325439453125 34.473293304443359375 34.43310546875 34.40093994140625 34.40093994140625 34.400936126708984375 34.40093231201171875 34.40091705322265625 34.40000152587890625 34.40000152587890625 34.40000152587890625
34.2337799072265625 34.4123687744140625 34.590961456298828125 34.769550323486328125 34.93915557861328125 35.07275390625 35.20635223388671875 35.3399505615234375 35.47354888916015625 35.533420562744140625 35.29779815673828125 35.06217193603515625 34.826549530029296875 34.590923309326171875 34.39192962646484375 34.339740753173828125 34.2875518798828125 34.2353668212890625 34.183177947998046875 34.159725189208984375 34.25144195556640625 34.343158721923828125 34.43487548828125 34.5265960693359375 34.59922027587890625 34.59531402587890625 34.59140777587890625 34.58750152587890625 34.58359527587890625 34.57462310791015625 34.543910980224609375 34.5105743408203125 34.474262237548828125 34.4345550537109375 34.40000152587890625 34.40000152587890625 34.40000152587890625 34.40000152587890625 34.40000152587890625 -9999 -9999 -9999
34.3257598876953125 34.564350128173828125 34.80294036865234375 35.041530609130859375 35.245578765869140625 35.311176300048828125 35.376773834228515625 35.442371368408203125 35.507968902587890625 35.510227203369140625 35.258602142333984375 35.006977081298828125 34.7553558349609375 34.50373077392578125 34.29352569580078125 34.249340057373046875 34.205150604248046875 34.1609649658203125 34.1167755126953125 34.10211944580078125 34.205837249755859375 34.3095550537109375 34.413272857666015625 34.51699066162109375 34.598419189453125 34.59051513671875 34.582607269287109375 34.574703216552734375 34.56679534912109375 34.556529998779296875 34.534748077392578125 34.508792877197265625 34.477344512939453125 34.43845367431640625 34.40000152587890625 34.40000152587890625 34.40000152587890625 34.40000152587890625 34.40000152587890625 -9999 -9999 -9999
34.4177398681640625 34.71633148193359375 35.014923095703125 35.313510894775390625 35.552001953125 35.54959869384765625 35.5471954345703125 35.544795989990234375 35.542392730712890625 35.487030029296875 35.2194061279296875 34.9517822265625 34.6841583251953125 34.416534423828125 34.195125579833984375 34.158935546875 34.12274932861328125 34.086559295654296875 34.050373077392578125 34.04451751708984375 34.160236358642578125 34.275951385498046875 34.39167022705078125 34.50738525390625 34.597621917724609375 34.58571624755859375 34.573810577392578125 34.5619049072265625 34.549999237060546875 34.538143157958984375 34.524555206298828125 34.506587982177734375 34.4817047119140625 34.44496917724609375 34.40000152587890625 34.40000152587890625 34.40000152587890625 34.40000152587890625 34.40000152587890625 -9999 -9999 -9999
34.5097198486328125 34.868312835693359375 35.226902008056640625 35.585491180419921875 35.858425140380859375 35.788021087646484375 35.717620849609375 35.647216796875 35.576812744140625 35.463836669921875 35.18021392822265625 34.896587371826171875 34.612964630126953125 34.329341888427734375 34.096721649169921875 34.06853485107421875 34.04034423828125 34.012157440185546875 33.98397064208984375 33.986911773681640625 34.11463165283203125 34.24234771728515625 34.37006378173828125 34.497783660888671875 34.596820831298828125 34.5809173583984375 34.56501007080078125 34.549106597900390625 34.533199310302734375 34.519451141357421875 34.513156890869140625 34.5037841796875 34.48833465576171875 34.458080291748046875 34.40000152587890625 34.40000152587890625 34.40000152587890625 34.40000152587890625 34.40000152587890625 -9999 -9999 -9999
34.601703643798828125 35.020294189453125 35.438884735107421875 35.85747528076171875 36.164844512939453125 36.0264434814453125 35.888042449951171875 35.749637603759765625 35.611236572265625 35.440643310546875 35.141017913818359375 34.84139251708984375 34.54177093505859375 34.242145538330078125 33.998317718505859375 33.978130340576171875 33.957942962646484375 33.937755584716796875 33.917568206787109375 33.929309844970703125 34.069026947021484375 34.208744049072265625 34.348461151123046875 34.488178253173828125 34.5960235595703125 34.57611846923828125 34.55621337890625 34.53630828857421875 34.516399383544921875 34.50045013427734375 34.5003204345703125 34.50009918212890625 34.499637603759765625 34.498050689697265625 34.40000152587890625 34.40000152587890625 34.40000152587890625 34.40000152587890625 34.40000152587890625 -9999 -9999 -9999
34.507030487060546875 34.813755035400390625 35.1204833984375 35.42720794677734375 35.654872894287109375 35.56565093994140625 35.476428985595703125 35.38720703125 35.297985076904296875 35.177593231201171875 34.932277679443359375 34.686962127685546875 34.441646575927734375 34.196331024169921875 34.003025054931640625 34.01818084716796875 34.03333282470703125 34.048488616943359375 34.0636444091796875 34.093585968017578125 34.18280792236328125 34.272029876708984375 34.3612518310546875 34.450473785400390625 34.52117156982421875 34.51744842529296875 34.51340484619140625 34.509002685546875 34.50418853759765625 34.5 34.5 34.5 34.5 34.5 -9999 -9999 -9999 -9999 -9999 -9999 -9999 -9999
34.407867431640625 34.59859466552734375 34.789318084716796875 34.980045318603515625 35.125255584716796875 35.08803558349609375 35.050811767578125 35.013591766357421875 34.976367950439453125 34.90877532958984375 34.71945953369140625 34.53014373779296875 34.34082794189453125 34.15151214599609375 34.01021575927734375 34.061367034912109375 34.112522125244140625 34.163677215576171875 34.214832305908203125 34.263202667236328125 34.300426483154296875 34.337646484375 34.374866485595703125 34.412090301513671875 34.44330596923828125 34.45119476318359375 34.46059417724609375 34.47198486328125 34.486072540283203125 34.5 34.5 34.5 34.5 34.5 -9999 -9999 -9999 -9999 -9999 -9999 -9999 -9999
34.308704376220703125 34.38343048095703125 34.458156585693359375 34.5328826904296875 34.595638275146484375 34.610416412353515625 34.625194549560546875 34.639972686767578125 34.654750823974609375 34.639957427978515625 34.506641387939453125 34.373325347900390625 34.24001312255859375 34.10669708251953125 34.01740264892578125 34.104557037353515625 34.19171142578125 34.278865814208984375 34.36602020263671875 34.432819366455078125 34.418041229248046875 34.403263092041015625 34.388484954833984375 34.373706817626953125 34.364166259765625 34.37752532958984375 34.39519500732421875 34.4196624755859375 34.455783843994140625 34.5 34.5 34.5 34.5 34.5 -9999 -9999 -9999 -9999 -9999 -9999 -9999 -9999
34.209545135498046875 34.168270111083984375 34.126995086669921875 34.085720062255859375 34.066020965576171875 34.132801055908203125 34.19957733154296875 34.266357421875 34.333133697509765625 34.3711395263671875 34.2938232421875 34.2165069580078125 34.139194488525390625 34.061878204345703125 34.02458953857421875 34.14774322509765625 34.270900726318359375 34.394054412841796875 34.517208099365234375 34.602436065673828125 34.5356597900390625 34.46887969970703125 34.402103424072265625 34.335323333740234375 34.283721923828125 34.2951202392578125 34.31209564208984375 34.34006500244140625 34.394840240478515625 34.5 34.5 34.5 34.5 34.5 -9999 -9999 -9999 -9999 -9999 -9999 -9999 -9999
34.110382080078125 33.953105926513671875 33.795833587646484375 33.63855743408203125 33.536403656005859375 33.655181884765625 33.773960113525390625 33.89273834228515625 34.011516571044921875 34.102321624755859375 34.081005096435546875 34.059688568115234375 34.0383758544921875 34.017059326171875 34.031780242919921875 34.1909332275390625 34.350086212158203125 34.509243011474609375 34.66839599609375 34.772052764892578125 34.6532745361328125 34.534496307373046875 34.41571807861328125 34.296939849853515625 34.201938629150390625 34.20232391357421875 34.202976226806640625 34.204349517822265625 34.20905303955078125 34.5 34.5 34.5 34.5 34.5 -9999 -9999 -9999 -9999 -9999 -9999 -9999 -9999
33.999454498291015625 33.86289215087890625 33.726329803466796875 33.589763641357421875 33.513790130615234375 33.6806640625 33.8475341796875 34.014408111572265625 34.181278228759765625 34.299915313720703125 34.2252349853515625 34.15055084228515625 34.07586669921875 34.00118255615234375 33.971797943115234375 34.12398529052734375 34.276172637939453125 34.4283599853515625 34.5805511474609375 34.680728912353515625 34.572444915771484375 34.46416473388671875 34.3558807373046875 34.247600555419921875 34.16094207763671875 34.16094207763671875 34.16094207763671875 34.16094207763671875 34.16094207763671875 -9999 -9999 -9999 -9999 -9999 -9999 -9999 -9999 -9999 -9999 -9999 -9999 -9999
33.888248443603515625 33.775684356689453125 33.663120269775390625 33.550556182861328125 33.503376007080078125 33.7182464599609375 33.9331207275390625 34.147991180419921875 34.36286163330078125 34.50873565673828125 34.3780517578125 34.24736785888671875 34.1166839599609375 33.98600006103515625 33.9102020263671875 34.05438995361328125 34.198577880859375 34.34276580810546875 34.4869537353515625 34.58312225341796875 34.486843109130859375 34.390560150146484375 34.294277191162109375 34.197998046875 34.120941162109375 34.120941162109375 34.120941162109375 34.120941162109375 34.120941162109375 -9999 -9999 -9999 -9999 -9999 -9999 -9999 -9999 -9999 -9999 -9999 -9999 -9999
33.777042388916015625 33.6884765625 33.59991455078125 33.511348724365234375 33.492961883544921875 33.755832672119140625 34.018703460693359375 34.281574249267578125 34.5444488525390625 34.717555999755859375 34.5308685302734375 34.34418487548828125 34.157501220703125 33.97081756591796875 33.848602294921875 33.984790802001953125 34.12097930908203125 34.257167816162109375 34.3933563232421875 34.4855194091796875 34.40123748779296875 34.31695556640625 34.23267364501953125 34.1483917236328125 34.08094024658203125 34.08094024658203125 34.08094024658203125 34.08094024658203125 34.08094024658203125 -9999 -9999 -9999 -9999 -9999 -9999 -9999 -9999 -9999 -9999 -9999 -9999 -9999
33.66583251953125 33.601268768310546875 33.53670501708984375 33.472141265869140625 33.4825439453125 33.793415069580078125 34.104290008544921875 34.4151611328125 34.726032257080078125 34.926372528076171875 34.683689117431640625 34.441005706787109375 34.198322296142578125 33.95563507080078125 33.787006378173828125 33.915195465087890625 34.0433807373046875 34.17156982421875 34.2997589111328125 34.38791656494140625 34.31563568115234375 34.243350982666015625 34.171070098876953125 34.098789215087890625 34.0409393310546875 34.0409393310546875 34.0409393310546875 34.0409393310546875 34.0409393310546875 -9999 -9999 -9999 -9999 -9999 -9999 -9999 -9999 -9999 -9999 -9999 -9999 -9999
