INPUT/RASTER/ASCII/silt.asc
ncols        225
nrows        269
xllcorner    473009.983799999987
yllcorner    4429051.174800000153
cellsize     50.000000000000
NODATA_value -9999
[rows 152 to 170 of 269, columns 126 to 167 of 225]
34.119171142578125 34.09844970703125 34.556194305419921875 35.01393890380859375 35.471683502197265625 35.9294281005859375 36.287933349609375 36.248683929443359375 36.209438323974609375 36.17018890380859375 36.130939483642578125 36.103466033935546875 36.1231842041015625 36.142902374267578125 36.16262054443359375 36.182338714599609375 36.16643524169921875 36.00775146484375 35.84906768798828125 35.6903839111328125 35.53170013427734375 35.43627166748046875 35.594394683837890625 35.752513885498046875 35.910633087158203125 36.068756103515625 36.0959320068359375 35.5982818603515625 35.1006317138671875 34.6029815673828125 34.1053314208984375 33.77092742919921875 34.090831756591796875 34.410739898681640625 34.73064422607421875 35.050548553466796875 35.326507568359375 35.426319122314453125 35.52613067626953125 35.625946044921875 35.725757598876953125 35.82159423828125
34.397197723388671875 34.309864044189453125 34.59018707275390625 34.870510101318359375 35.1508331298828125 35.431156158447265625 35.663898468017578125 35.70592498779296875 35.747951507568359375 35.78997802734375 35.832004547119140625 35.876651763916015625 35.931804656982421875 35.98696136474609375 36.0421142578125 36.097270965576171875 36.1180419921875 36.001007080078125 35.883975982666015625 35.766941070556640625 35.649906158447265625 35.58740997314453125 35.743503570556640625 35.89959716796875 36.055690765380859375 36.21178436279296875 36.253253936767578125 35.835277557373046875 35.41730499267578125 34.999332427978515625 34.581356048583984375 34.305278778076171875 34.59793853759765625 34.890594482421875 35.183254241943359375 35.475910186767578125 35.7308807373046875 35.83478546142578125 35.938690185546875 36.04259490966796875 36.146503448486328125 36.226917266845703125
34.689208984375 34.533123016357421875 34.62944793701171875 34.72576904296875 34.822093963623046875 34.91841888427734375 35.020671844482421875 35.146697998046875 35.272724151611328125 35.39875030517578125 35.524776458740234375 35.643840789794921875 35.73499298095703125 35.82614898681640625 35.91730499267578125 36.008457183837890625 36.06682586669921875 35.993793487548828125 35.9207611083984375 35.84772491455078125 35.774692535400390625 35.746612548828125 35.89870452880859375 36.050800323486328125 36.202892303466796875 36.35498809814453125 36.41002655029296875 36.0760498046875 35.742076873779296875 35.40810394287109375 35.074131011962890625 34.85968780517578125 35.124347686767578125 35.389003753662109375 35.65366363525390625 35.9183197021484375 36.151676177978515625 36.25958251953125 36.367488861083984375 36.47539520263671875 36.583301544189453125 36.647747039794921875
34.98122406005859375 34.756381988525390625 34.66870880126953125 34.58103179931640625 34.49335479736328125 34.40567779541015625 34.377445220947265625 34.58747100830078125 34.797496795654296875 35.0075225830078125 35.217548370361328125 35.411029815673828125 35.53818511962890625 35.66533660888671875 35.792491912841796875 35.919647216796875 36.015613555908203125 35.98657989501953125 35.957546234130859375 35.9285125732421875 35.899478912353515625 35.905811309814453125 36.053905487060546875 36.201999664306640625 36.350093841552734375 36.498188018798828125 36.566799163818359375 36.31682586669921875 36.0668487548828125 35.816875457763671875 35.56690216064453125 35.414096832275390625 35.6507568359375 35.88741302490234375 36.124073028564453125 36.360729217529296875 36.572475433349609375 36.684383392333984375 36.79628753662109375 36.90819549560546875 37.020099639892578125 37.06858062744140625
35.273235321044921875 34.979644775390625 34.707965850830078125 34.436290740966796875 34.16461181640625 33.89293670654296875 33.734218597412109375 34.0282440185546875 34.322269439697265625 34.616298675537109375 34.9103240966796875 35.178218841552734375 35.341373443603515625 35.504528045654296875 35.6676788330078125 35.83083343505859375 35.9644012451171875 35.979366302490234375 35.99433135986328125 36.009296417236328125 36.024265289306640625 36.065013885498046875 36.2091064453125 36.35320281982421875 36.497295379638671875 36.641391754150390625 36.72357177734375 36.557598114013671875 36.39162445068359375 36.225650787353515625 36.0596771240234375 35.968505859375 36.177165985107421875 36.385822296142578125 36.594482421875 36.80313873291015625 36.993274688720703125 37.109180450439453125 37.225086212158203125 37.340991973876953125 37.456897735595703125 37.489410400390625
35.56524658203125 35.20290374755859375 34.747226715087890625 34.2915496826171875 33.835872650146484375 33.38019561767578125 33.090991973876953125 33.46901702880859375 33.847042083740234375 34.225070953369140625 34.60309600830078125 34.945407867431640625 35.144561767578125 35.343715667724609375 35.54286956787109375 35.742023468017578125 35.91318511962890625 35.9721527099609375 36.031116485595703125 36.090084075927734375 36.1490478515625 36.224216461181640625 36.364307403564453125 36.50440216064453125 36.644496917724609375 36.7845916748046875 36.880344390869140625 36.798370361328125 36.716396331787109375 36.63442230224609375 36.552448272705078125 36.522914886474609375 36.70357513427734375 36.8842315673828125 37.064891815185546875 37.245548248291015625 37.414073944091796875 37.5339813232421875 37.653888702392578125 37.773792266845703125 37.89369964599609375 37.91024017333984375
35.26275634765625 34.913604736328125 34.543445587158203125 34.173282623291015625 33.803119659423828125 33.43296051025390625 33.20556640625 33.5504150390625 33.895259857177734375 34.24010467529296875 34.58495330810546875 34.896198272705078125 35.07276153564453125 35.249324798583984375 35.4258880615234375 35.602451324462890625 35.758861541748046875 35.834484100341796875 35.910106658935546875 35.9857330322265625 36.0613555908203125 36.155292510986328125 36.322635650634765625 36.489978790283203125 36.657321929931640625 36.824665069580078125 36.93637847900390625 36.825130462646484375 36.7138824462890625 36.602634429931640625 36.491382598876953125 36.431270599365234375 36.57611846923828125 36.7209625244140625 36.865810394287109375 37.010654449462890625 37.1513214111328125 37.275226593017578125 37.39913177490234375 37.523036956787109375 37.646945953369140625 37.67169952392578125
34.945957183837890625 34.61197662353515625 34.3338165283203125 34.055652618408203125 33.777492523193359375 33.49932861328125 33.33837890625 33.64722442626953125 33.956073760986328125 34.264919281005859375 34.573764801025390625 34.851406097412109375 35.00396728515625 35.15653228759765625 35.3090972900390625 35.461658477783203125 35.602054595947265625 35.6936798095703125 35.78530120849609375 35.876926422119140625 35.9685516357421875 36.0808868408203125 36.276226043701171875 36.471569061279296875 36.666912078857421875 36.862255096435546875 36.989986419677734375 36.84674072265625 36.7034912109375 36.56024169921875 36.416996002197265625 36.324085235595703125 36.43292999267578125 36.541774749755859375 36.650623321533203125 36.75946807861328125 36.872119903564453125 37.000026702880859375 37.1279296875 37.25583648681640625 37.3837432861328125 37.41728973388671875
34.62915802001953125 34.3103485107421875 34.12418365478515625 33.938022613525390625 33.751861572265625 33.565700531005859375 33.47119140625 33.744037628173828125 34.01688385009765625 34.289730072021484375 34.5625762939453125 34.806610107421875 34.935176849365234375 35.063739776611328125 35.192302703857421875 35.320865631103515625 35.445247650146484375 35.5528717041015625 35.660495758056640625 35.76811981201171875 35.875743865966796875 36.00647735595703125 36.229816436767578125 36.453159332275390625 36.676502227783203125 36.899845123291015625 37.043598175048828125 36.868350982666015625 36.6930999755859375 36.517852783203125 36.3426055908203125 36.21689605712890625 36.28974151611328125 36.36258697509765625 36.43543243408203125 36.50827789306640625 36.59291839599609375 36.724822998046875 36.856731414794921875 36.988636016845703125 37.120540618896484375 37.16287994384765625
34.312358856201171875 34.008716583251953125 33.914554595947265625 33.820392608642578125 33.72623443603515625 33.63207244873046875 33.60400390625 33.840850830078125 34.077693939208984375 34.314540863037109375 34.551387786865234375 34.76181793212890625 34.866382598876953125 34.970947265625 35.075511932373046875 35.180072784423828125 35.28844451904296875 35.412067413330078125 35.5356903076171875 35.6593170166015625 35.782939910888671875 35.93206787109375 36.183406829833984375 36.434749603271484375 36.686092376708984375 36.937435150146484375 37.097209930419921875 36.88996124267578125 36.682712554931640625 36.4754638671875 36.268215179443359375 36.109706878662109375 36.14655303955078125 36.183399200439453125 36.220245361328125 36.257091522216796875 36.313716888427734375 36.44962310791015625 36.585529327392578125 36.721435546875 36.857341766357421875 36.90847015380859375
33.9955596923828125 33.707088470458984375 33.704925537109375 33.70276641845703125 33.700603485107421875 33.6984405517578125 33.73681640625 33.93766021728515625 34.138507843017578125 34.339351654052734375 34.54019927978515625 34.7170257568359375 34.7975921630859375 34.878154754638671875 34.95871734619140625 35.039279937744140625 35.1316375732421875 35.27126312255859375 35.410884857177734375 35.550510406494140625 35.690135955810546875 35.85765838623046875 36.13700103759765625 36.416339874267578125 36.695682525634765625 36.975025177001953125 37.15081787109375 36.911571502685546875 36.672321319580078125 36.433074951171875 36.19382476806640625 36.0025177001953125 36.00336456298828125 36.00421142578125 36.005054473876953125 36.005901336669921875 36.034515380859375 36.174419403076171875 36.314327239990234375 36.454235076904296875 36.59413909912109375 36.654064178466796875
34.09746551513671875 33.856243133544921875 33.856243133544921875 33.856243133544921875 33.856243133544921875 33.856243133544921875 33.896175384521484375 34.0961761474609375 34.296176910400390625 34.49617767333984375 34.69617462158203125 34.867534637451171875 34.924098968505859375 34.980663299560546875 35.037227630615234375 35.09378814697265625 35.175594329833984375 35.35855865478515625 35.54152679443359375 35.724491119384765625 35.907459259033203125 36.0965423583984375 36.310138702392578125 36.52373504638671875 36.737335205078125 36.950931549072265625 37.0809783935546875 36.876132965087890625 36.671283721923828125 36.46643829345703125 36.261592864990234375 36.092189788818359375 36.064849853515625 36.037506103515625 36.010166168212890625 35.982822418212890625 35.98421478271484375 36.100780487060546875 36.217342376708984375 36.3339080810546875 36.450469970703125 36.50510406494140625
34.209445953369140625 34.01624298095703125 34.01624298095703125 34.01624298095703125 34.01624298095703125 34.01624298095703125 34.05617523193359375 34.256175994873046875 34.4561767578125 34.656177520751953125 34.856174468994140625 35.02274322509765625 35.05530548095703125 35.087871551513671875 35.120433807373046875 35.152996063232421875 35.2243804931640625 35.451343536376953125 35.678310394287109375 35.905277252197265625 36.132244110107421875 36.34296417236328125 36.488559722900390625 36.634159088134765625 36.779754638671875 36.92535400390625 37.008167266845703125 36.839321136474609375 36.670475006103515625 36.501628875732421875 36.332782745361328125 36.1865997314453125 36.131256103515625 36.075916290283203125 36.020572662353515625 35.96523284912109375 35.939422607421875 36.031986236572265625 36.12454986572265625 36.217113494873046875 36.309680938720703125 36.35868072509765625
34.3214263916015625 34.176242828369140625 34.176242828369140625 34.176242828369140625 34.176242828369140625 34.176242828369140625 34.216175079345703125 34.41617584228515625 34.616176605224609375 34.8161773681640625 35.01617431640625 35.177951812744140625 35.18651580810546875 35.195079803466796875 35.203639984130859375 35.2122039794921875 35.273162841796875 35.544132232666015625 35.815097808837890625 36.086063385009765625 36.357028961181640625 36.589385986328125 36.666980743408203125 36.744579315185546875 36.822177886962890625 36.899776458740234375 36.935352325439453125 36.802509307861328125 36.6696624755859375 36.536815643310546875 36.40396881103515625 36.281009674072265625 36.197666168212890625 36.114322662353515625 36.03098297119140625 35.94763946533203125 35.89463043212890625 35.96319580078125 36.031757354736328125 36.100322723388671875 36.168888092041015625 36.212261199951171875
34.433406829833984375 34.33624267578125 34.33624267578125 34.33624267578125 34.33624267578125 34.33624267578125 34.3761749267578125 34.576175689697265625 34.77617645263671875 34.976177215576171875 35.176174163818359375 35.333160400390625 35.317722320556640625 35.30228424072265625 35.2868499755859375 35.271411895751953125 35.321949005126953125 35.6369171142578125 35.95188140869140625 36.266849517822265625 36.581813812255859375 36.83580780029296875 36.84540557861328125 36.85500335693359375 36.86460113525390625 36.87419891357421875 36.86254119873046875 36.765697479248046875 36.668849945068359375 36.572002410888671875 36.47515869140625 36.37541961669921875 36.26407623291015625 36.15273284912109375 36.04138946533203125 35.930049896240234375 35.8498382568359375 35.89440155029296875 35.93896484375 35.983531951904296875 36.028095245361328125 36.065837860107421875
34.54538726806640625 34.496242523193359375 34.496242523193359375 34.496242523193359375 34.496242523193359375 34.496242523193359375 34.536174774169921875 34.736175537109375 34.936176300048828125 35.13617706298828125 35.33617401123046875 35.48836517333984375 35.4489288330078125 35.40949249267578125 35.37005615234375 35.33061981201171875 35.37073516845703125 35.729701995849609375 36.0886688232421875 36.447635650634765625 36.806598663330078125 37.0822296142578125 37.02382659912109375 36.965423583984375 36.90702056884765625 36.848621368408203125 36.789730072021484375 36.728885650634765625 36.66803741455078125 36.6071929931640625 36.54634857177734375 36.46982574462890625 36.330486297607421875 36.191143035888671875 36.051799774169921875 35.912456512451171875 35.80504608154296875 35.825611114501953125 35.846172332763671875 35.86673736572265625 35.887302398681640625 35.919414520263671875
34.906585693359375 34.86405181884765625 34.828899383544921875 34.793743133544921875 34.7585906982421875 34.7234344482421875 34.73601531982421875 34.939922332763671875 35.143829345703125 35.3477325439453125 35.551639556884765625 35.71230316162109375 35.69964599609375 35.68698883056640625 35.674327850341796875 35.661670684814453125 35.706264495849609375 35.9803314208984375 36.25440216064453125 36.528469085693359375 36.8025360107421875 37.00911712646484375 36.94521331787109375 36.881305694580078125 36.817401885986328125 36.7534942626953125 36.691928863525390625 36.639739990234375 36.587551116943359375 36.535366058349609375 36.48317718505859375 36.410335540771484375 36.254711151123046875 36.099086761474609375 35.943462371826171875 35.787837982177734375 35.658702850341796875 35.635738372802734375 35.61277008056640625 35.58980560302734375 35.56684112548828125 35.5667724609375
35.27378082275390625 35.236865997314453125 35.16571044921875 35.094554901123046875 35.023403167724609375 34.95224761962890625 34.9368133544921875 35.14472198486328125 35.352626800537109375 35.5605316162109375 35.768436431884765625 35.937892913818359375 35.953235626220703125 35.968578338623046875 35.983921051025390625 35.99925994873046875 36.048694610595703125 36.234760284423828125 36.42082977294921875 36.60689544677734375 36.792964935302734375 36.928318023681640625 36.86041259765625 36.792507171630859375 36.72460174560546875 36.656696319580078125 36.593524932861328125 36.54933929443359375 36.50514984130859375 36.460964202880859375 36.416774749755859375 36.347141265869140625 36.175518035888671875 36.0038909912109375 35.83226776123046875 35.66064453125 35.509918212890625 35.442951202392578125 35.37598419189453125 35.30902099609375 35.242053985595703125 35.20916748046875
35.6409759521484375 35.609676361083984375 35.502521514892578125 35.395366668701171875 35.288211822509765625 35.181060791015625 35.137615203857421875 35.349517822265625 35.56142425537109375 35.7733306884765625 35.98523712158203125 36.163482666015625 36.20682525634765625 36.2501678466796875 36.29351043701171875 36.33685302734375 36.39112091064453125 36.48918914794921875 36.58725738525390625 36.68532562255859375 36.78339385986328125 36.847522735595703125 36.775615692138671875 36.703708648681640625 36.631801605224609375 36.55989837646484375 36.49512481689453125 36.458934783935546875 36.422748565673828125 36.38655853271484375 36.350372314453125 36.283946990966796875 36.09632110595703125 35.90869903564453125 35.721073150634765625 35.533447265625 35.3611297607421875 35.250164031982421875 35.13919830322265625 35.028232574462890625 34.917266845703125 34.8515625
