INPUT/RASTER/ASCII/slope.asc
ncols        225
nrows        269
xllcorner    473009.983799999987
yllcorner    4429051.174800000153
cellsize     50.000000000000
NODATA_value -9999
[rows 144 to 161 of 269, columns 42 to 83 of 225]
3.3386962413787841797 3.5264654159545898438 3.7310585975646972656 4.257152557373046875 3.5811021327972412109 3.13928985595703125 3.0014293193817138672 2.3693737983703613281 2.2279682159423828125 2.3524308204650878906 2.1697626113891601563 2.0287029743194580078 2.0193638801574707031 1.9225269556045532227 1.781571507453918457 2.3186452388763427734 5.8376922607421875 11.125882148742675781 6.5703015327453613281 1.358588099479675293 1.8369350433349609375 2.7932767868041992188 2.9879789352416992188 2.3280549049377441406 2.2735395431518554688 2.7582051753997802734 3.5100226402282714844 4.511074066162109375 5.8083600997924804688 7.0174856185913085938 3.8383514881134033203 3.2722623348236083984 1.7773100137710571289 1.7122583389282226563 1.8579889535903930664 2.4088103771209716797 4.1307764053344726563 4.031909942626953125 6.1386585235595703125 3.8716990947723388672 1.8854774236679077148 2.2522041797637939453
2.6350181102752685547 3.0515527725219726563 4.1192917823791503906 4.6264705657958984375 3.7594721317291259766 3.4645555019378662109 3.1212601661682128906 3.095367431640625 3.1323904991149902344 3.0261852741241455078 2.6786644458770751953 2.5376753807067871094 2.2802324295043945313 1.8415567874908447266 1.647930145263671875 3.6098692417144775391 8.5918903350830078125 12.508350372314453125 7.064517974853515625 4.0308270454406738281 2.3240392208099365234 1.8883414268493652344 2.7311892509460449219 3.072834014892578125 3.6914467811584472656 4.0962958335876464844 4.3348979949951171875 3.8968868255615234375 3.2892773151397705078 7.8263258934020996094 6.2725286483764648438 4.0500364303588867188 2.8951699733734130859 2.6341834068298339844 2.7601830959320068359 3.7946190834045410156 3.2530112266540527344 1.5136257410049438477 6.0370049476623535156 4.7202363014221191406 3.0727832317352294922 2.6832394599914550781
2.9580304622650146484 2.205059051513671875 1.9797877073287963867 3.84021759033203125 3.1689879894256591797 3.3460588455200195313 2.7364003658294677734 2.6570227146148681641 2.5900347232818603516 2.2962894439697265625 2.2021694183349609375 2.4913315773010253906 2.4453785419464111328 2.3174586296081542969 2.2111425399780273438 4.1955895423889160156 8.7551488876342773438 12.510982513427734375 6.6565937995910644531 5.7062687873840332031 2.5777120590209960938 0.92133343219757080078 1.5840536355972290039 2.1367518901824951172 2.9613111019134521484 2.6192262172698974609 1.5235048532485961914 0.65358674526214599609 0.15380187332630157471 4.2766842842102050781 6.3211779594421386719 3.8025708198547363281 2.2486085891723632813 2.2138724327087402344 2.2613096237182617188 2.4720530509948730469 1.3209125995635986328 0.93988245725631713867 4.2175412178039550781 4.5545473098754882813 2.5494134426116943359 2.3945493698120117188
3.2787241935729980469 3.1225693225860595703 1.95745849609375 2.7303464412689208984 2.9495768547058105469 3.3844950199127197266 3.1835350990295410156 2.9516129493713378906 2.5829095840454101563 2.432342529296875 2.3510644435882568359 2.6985440254211425781 2.7286794185638427734 2.7856807708740234375 3.0827455520629882813 5.6840982437133789063 9.8651361465454101563 11.919356346130371094 4.4482555389404296875 6.6835017204284667969 2.6742088794708251953 0.42271724343299865723 1.0575499534606933594 2.3745234012603759766 3.45446014404296875 3.1215360164642333984 2.4638504981994628906 1.5338621139526367188 0.41695946455001831055 3.22769927978515625 4.6410760879516601563 4.5223336219787597656 2.4690332412719726563 2.311008453369140625 2.2860212326049804688 2.8579561710357666016 2.9085962772369384766 3.0839552879333496094 4.2145466804504394531 5.3263301849365234375 3.1906886100769042969 2.5334761142730712891
2.2366769313812255859 2.9546985626220703125 2.4247229099273681641 2.1043572425842285156 2.3818933963775634766 3.3879125118255615234 3.4266316890716552734 2.8836846351623535156 2.5605518817901611328 2.5306761264801025391 2.5895159244537353516 3.0478193759918212891 3.4362471103668212891 3.6696381568908691406 4.2316470146179199219 7.033557891845703125 10.466877937316894531 11.606908798217773438 6.5822777748107910156 7.1718149185180664063 5.5231380462646484375 2.8743262290954589844 2.9622185230255126953 3.4012112617492675781 3.5186688899993896484 3.2285430431365966797 3.0471601486206054688 2.6409358978271484375 1.2534223794937133789 2.6231353282928466797 3.0168979167938232422 3.6276557445526123047 2.2704927921295166016 1.9390480518341064453 2.3425781726837158203 3.0558590888977050781 3.1267261505126953125 3.6037161350250244141 4.6795186996459960938 4.6729779243469238281 3.6685674190521240234 2.8005416393280029297
2.0437796115875244141 2.6927721500396728516 2.4654524326324462891 2.5750935077667236328 2.3205459117889404297 2.5781872272491455078 2.7424993515014648438 2.4811971187591552734 2.2024676799774169922 2.2191183567047119141 2.43006134033203125 2.8522446155548095703 3.3093917369842529297 4.0946679115295410156 5.2475476264953613281 7.0595345497131347656 11.128712654113769531 11.272782325744628906 7.7558135986328125 6.3491268157958984375 5.514232635498046875 4.88755035400390625 3.9050359725952148438 3.4678814411163330078 3.6780805587768554688 4.0906200408935546875 4.23928070068359375 3.9187624454498291016 2.1978220939636230469 2.1379323005676269531 2.5260307788848876953 3.0743336677551269531 2.7383077144622802734 2.5467731952667236328 2.7484338283538818359 3.1645593643188476563 3.4957704544067382813 4.0518937110900878906 5.556690216064453125 4.93100738525390625 3.688785552978515625 3.033084869384765625
2.0435860157012939453 2.5740778446197509766 2.2933521270751953125 2.4045445919036865234 2.1250901222229003906 1.9867939949035644531 1.7521311044692993164 1.8583652973175048828 2.0100083351135253906 2.1629946231842041016 2.6070351600646972656 3.3467273712158203125 3.7712571620941162109 4.3442678451538085938 5.4068083763122558594 7.9997420310974121094 10.819492340087890625 9.1358051300048828125 6.0659489631652832031 6.3750281333923339844 4.7371859550476074219 3.9943833351135253906 3.0504355430603027344 2.6994733810424804688 2.5612037181854248047 2.2864615917205810547 3.6528773307800292969 3.9041180610656738281 3.1383330821990966797 2.4647200107574462891 2.494686126708984375 2.6318569183349609375 2.3309118747711181641 2.0582168102264404297 2.1013970375061035156 2.5516355037689208984 2.6172211170196533203 1.2058174610137939453 3.7466695308685302734 4.1326947212219238281 2.7431025505065917969 2.2453734874725341797
2.0848462581634521484 2.4786086082458496094 2.3128609657287597656 2.4183404445648193359 2.2386431694030761719 2.3286640644073486328 2.1802017688751220703 1.7875773906707763672 1.576773524284362793 2.2809309959411621094 4.3235077857971191406 5.6998128890991210938 7.0574259757995605469 8.4802341461181640625 7.7205214500427246094 6.9317440986633300781 12.000227928161621094 9.27358245849609375 5.64498138427734375 4.8409948348999023438 4.3040652275085449219 3.4569084644317626953 2.4667060375213623047 1.712635040283203125 0.91313588619232177734 1.1780202388763427734 2.8697292804718017578 3.1597254276275634766 3.0974435806274414063 3.1108028888702392578 2.8276953697204589844 2.6472432613372802734 2.4598615169525146484 2.41667938232421875 2.54590606689453125 2.5351464748382568359 1.7183046340942382813 0.59630995988845825195 2.5000998973846435547 3.7764530181884765625 2.7478513717651367188 2.5545794963836669922
2.2537980079650878906 2.4276928901672363281 2.2246980667114257813 2.3527367115020751953 2.2217984199523925781 2.4944031238555908203 2.8351950645446777344 3.2325978279113769531 3.9061853885650634766 5.7138233184814453125 9.2760057449340820313 14.335228919982910156 18.295091629028320313 18.7252044677734375 14.646045684814453125 9.234035491943359375 14.202675819396972656 10.255444526672363281 8.1924724578857421875 3.6496586799621582031 3.5916247367858886719 3.0218088626861572266 2.5713505744934082031 1.3859101533889770508 1.2613064050674438477 1.7252171039581298828 2.6830880641937255859 2.9114947319030761719 2.9821820259094238281 3.1764917373657226563 3.0019669532775878906 2.6466066837310791016 2.2787697315216064453 2.6645770072937011719 3.3750317096710205078 3.4734103679656982422 3.1872200965881347656 2.3984768390655517578 2.6687867641448974609 2.9472315311431884766 2.3424437046051025391 2.2044818401336669922
2.4199607372283935547 2.4035983085632324219 1.9299743175506591797 2.1785728931427001953 2.1636137962341308594 2.3965811729431152344 2.3549356460571289063 2.5986239910125732422 3.1633174419403076172 5.2668175697326660156 13.112210273742675781 18.62738037109375 15.593436241149902344 13.306441307067871094 12.833627700805664063 11.327639579772949219 13.749681472778320313 7.9774522781372070313 9.8963832855224609375 3.1320953369140625 2.9093279838562011719 2.4103205204010009766 2.5574183464050292969 2.0202128887176513672 2.7899963855743408203 3.4963572025299072266 3.4707400798797607422 2.7016201019287109375 2.9043090343475341797 3.1477146148681640625 3.1242194175720214844 3.301418304443359375 3.2648308277130126953 3.5046143531799316406 3.8686168193817138672 4.4708933830261230469 4.7111649513244628906 4.3318972587585449219 3.9596157073974609375 2.1834931373596191406 2.1310837268829345703 2.3212220668792724609
2.6404540538787841797 2.9010310173034667969 1.8231034278869628906 1.6642955541610717773 2.0314152240753173828 2.4030091762542724609 2.8371279239654541016 3.261661529541015625 4.63147735595703125 11.815039634704589844 18.28623199462890625 19.8302764892578125 15.204436302185058594 14.875185012817382813 14.346624374389648438 17.443775177001953125 18.571880340576171875 11.997692108154296875 11.047209739685058594 3.3723845481872558594 2.4932005405426025391 2.1929590702056884766 2.692325592041015625 3.2232103347778320313 4.3731355667114257813 5.701080322265625 6.2878584861755371094 4.8967070579528808594 3.6439766883850097656 3.3763613700866699219 3.2421119213104248047 3.2971990108489990234 3.3368487358093261719 3.4557623863220214844 3.7280826568603515625 3.9351062774658203125 3.5090057849884033203 4.392498016357421875 5.10396575927734375 3.1279969215393066406 2.7166309356689453125 2.5479519367218017578
2.6760995388031005859 3.1416711807250976563 2.8355391025543212891 2.5250675678253173828 2.7662231922149658203 3.3966271877288818359 3.9537622928619384766 6.2891440391540527344 11.139700889587402344 18.178365707397460938 15.835504531860351563 14.815331459045410156 5.2267389297485351563 8.0342969894409179688 10.586618423461914063 10.77081298828125 10.076097488403320313 12.322317123413085938 12.296979904174804688 4.3805346488952636719 1.976856231689453125 1.6261869668960571289 1.7607408761978149414 2.1095745563507080078 2.9282042980194091797 2.9271664619445800781 4.6439237594604492188 4.8278231620788574219 4.0155568122863769531 3.4516787528991699219 2.7428517341613769531 2.6556022167205810547 2.8747143745422363281 3.0147926807403564453 3.1670541763305664063 2.9216973781585693359 1.9231665134429931641 3.1980652809143066406 4.1766328811645507813 3.8963859081268310547 3.508174896240234375 3.0221982002258300781
2.9080026149749755859 3.2762258052825927734 2.8073456287384033203 2.8292737007141113281 3.0226497650146484375 4.8791518211364746094 9.6587057113647460938 15.632892608642578125 18.003711700439453125 18.190725326538085938 13.907206535339355469 9.9676666259765625 5.8010768890380859375 6.4268689155578613281 6.593494415283203125 4.1191239356994628906 7.0615749359130859375 11.875713348388671875 11.94158172607421875 5.294216156005859375 1.8495136499404907227 1.6238428354263305664 1.7411730289459228516 1.9257723093032836914 1.9689000844955444336 1.4604825973510742188 2.9325284957885742188 3.8690328598022460938 3.6113321781158447266 3.6587755680084228516 3.5782973766326904297 4.04778289794921875 4.9008941650390625 5.7543430328369140625 6.5575265884399414063 6.2707448005676269531 5.0815944671630859375 3.2676417827606201172 3.4953496456146240234 3.7898690700531005859 3.2918941974639892578 2.9055902957916259766
2.1456682682037353516 2.9432573318481445313 2.6003262996673583984 2.7026488780975341797 2.9607920646667480469 4.6490263938903808594 10.926684379577636719 13.390926361083984375 10.958449363708496094 10.978871345520019531 6.9723863601684570313 6.3989062309265136719 4.8343486785888671875 4.2331833839416503906 5.1213598251342773438 5.0807867050170898438 10.051697731018066406 8.9066705703735351563 9.2822475433349609375 6.4543905258178710938 2.9805529117584228516 1.3237133026123046875 1.1138710975646972656 1.1635019779205322266 0.94537484645843505859 1.0853149890899658203 2.1463198661804199219 2.5185289382934570313 2.5986313819885253906 2.7120213508605957031 3.0203227996826171875 4.1490545272827148438 5.3206348419189453125 5.7697954177856445313 5.1345853805541992188 4.5456910133361816406 6.3399262428283691406 3.5584275722503662109 1.4065500497817993164 1.8203667402267456055 2.6368999481201171875 2.5962889194488525391
1.2630058526992797852 2.1518414020538330078 2.1195018291473388672 2.1404721736907958984 2.2584335803985595703 5.5113482475280761719 12.232922554016113281 10.759333610534667969 8.021129608154296875 7.8598031997680664063 6.4176859855651855469 5.4287219047546386719 1.7467336654663085938 2.7909612655639648438 6.051605224609375 10.409997940063476563 10.414224624633789063 4.5187077522277832031 5.8498907089233398438 5.8568878173828125 5.3287649154663085938 3.48960113525390625 1.6798551082611083984 1.09613800048828125 1.0619575977325439453 0.55961871147155761719 0.60006135702133178711 1.6096231937408447266 2.0848648548126220703 2.2558007240295410156 2.8107085227966308594 3.9895334243774414063 3.4114329814910888672 3.502490997314453125 3.1461298465728759766 2.2568960189819335938 5.1226816177368164063 4.4953722953796386719 2.4850115776062011719 2.2918283939361572266 3.522975921630859375 4.05438995361328125
1.8340348005294799805 1.7539339065551757813 1.6338175535202026367 1.7656052112579345703 1.9826372861862182617 6.9336805343627929688 10.383791923522949219 9.3396711349487304688 6.9865980148315429688 6.9232025146484375 6.0464429855346679688 3.3876478672027587891 1.4378432035446166992 3.6369426250457763672 7.6424551010131835938 11.657889366149902344 6.9559755325317382813 4.3952660560607910156 5.9135251045227050781 4.1776485443115234375 4.2633514404296875 4.3644170761108398438 5.0944490432739257813 5.6316728591918945313 3.5333995819091796875 2.0674891471862792969 0.53102487325668334961 0.83493793010711669922 1.1137043237686157227 1.2663364410400390625 2.0537340641021728516 2.9353964328765869141 4.9349780082702636719 4.3566036224365234375 4.3296108245849609375 2.8940060138702392578 3.2559506893157958984 3.7190907001495361328 3.6417748928070068359 4.2373423576354980469 5.6868700981140136719 6.7692408561706542969
1.9956566095352172852 2.1145164966583251953 1.9434549808502197266 2.0082073211669921875 2.8905112743377685547 6.119060516357421875 7.2548036575317382813 9.994655609130859375 8.1720113754272460938 9.942417144775390625 6.2561178207397460938 3.4429423809051513672 2.4083681106567382813 4.1786203384399414063 10.429957389831542969 10.085657119750976563 3.0290772914886474609 4.6792669296264648438 8.481319427490234375 3.2336640357971191406 3.1326017379760742188 4.4824995994567871094 5.6271395683288574219 7.1841888427734375 4.3947367668151855469 2.8271710872650146484 1.2639396190643310547 0.7816944122314453125 0.55993556976318359375 1.03862762451171875 2.3933453559875488281 5.3359670639038085938 4.506763458251953125 2.8774769306182861328 4.6698384284973144531 2.8798832893371582031 2.2886593341827392578 3.2105138301849365234 3.4957969188690185547 3.6917309761047363281 3.810672760009765625 3.027324676513671875
1.7050584554672241211 1.8217366933822631836 1.8788324594497680664 1.9504716396331787109 2.1479625701904296875 3.2083055973052978516 5.8873510360717773438 12.789793968200683594 9.4231309890747070313 11.355586051940917969 5.2371416091918945313 2.2139911651611328125 1.7257174253463745117 3.8384337425231933594 11.589272499084472656 11.99445343017578125 7.7233080863952636719 7.3342337608337402344 9.4524183273315429688 4.1652550697326660156 0.66710656881332397461 1.9480441808700561523 4.7509570121765136719 4.7386689186096191406 2.4717519283294677734 2.4044356346130371094 1.414223790168762207 1.1456571817398071289 1.0769591331481933594 2.1251709461212158203 3.7687885761260986328 5.0639476776123046875 3.4757876396179199219 3.2912442684173583984 5.60945892333984375 4.4636101722717285156 2.7780594825744628906 2.9450452327728271484 3.0589594841003417969 3.0941185951232910156 3.0409808158874511719 2.3508143424987792969
