INPUT/RASTER/ASCII/slope.asc
ncols        225
nrows        269
xllcorner    473000.000000000000
yllcorner    4429100.000000000000
cellsize     50.000000000000
NODATA_value -9999
[rows 38 to 56 of 269, columns 44 to 87 of 225]
0.89738202095031738281 1.2871885299682617188 1.4574368000030517578 1.8892648220062255859 2.2757968902587890625 2.6419816017150878906 3.1628117561340332031 3.0800099372863769531 2.9493572711944580078 2.9366388320922851562 3.0085790157318115234 2.8077392578125 2.2540607452392578125 1.7953628301620483398 1.4346448183059692383 1.2694567441940307617 1.0757063627243041992 2.2501556873321533203 1.7318251132965087891 1.9420773983001708984 1.9488074779510498047 2.6731877326965332031 2.3364992141723632812 1.4982063770294189453 1.2864425182342529297 -9999 -9999 -9999 -9999 -9999 -9999 -9999 -9999 -9999 -9999 -9999 -9999 -9999 -9999 -9999 -9999 -9999 -9999 -9999
1.1256085634231567383 1.1954813003540039062 2.2880692481994628906 2.4201977252960205078 2.2569782733917236328 2.6405937671661376953 2.8302547931671142578 2.5101375579833984375 2.3393743038177490234 2.3617570400238037109 2.3979544639587402344 2.4750249385833740234 2.6286504268646240234 2.4243044853210449219 1.6306749582290649414 1.6500509977340698242 2.0815095901489257812 2.4435617923736572266 1.7787239551544189453 1.831725001335144043 2.6489660739898681641 2.92824554443359375 1.8634119033813476562 1.184328913688659668 1.67786407470703125 -9999 -9999 -9999 -9999 -9999 -9999 -9999 -9999 -9999 -9999 -9999 -9999 -9999 -9999 -9999 -9999 -9999 -9999 -9999
2.8330819606781005859 2.904048919677734375 2.9457995891571044922 3.1529557704925537109 3.7543299198150634766 3.319843292236328125 2.9418685436248779297 2.9004831314086914062 3.4756762981414794922 3.7733871936798095703 3.9637610912322998047 3.7046382427215576172 3.6429295539855957031 3.9983305931091308594 3.6869249343872070312 3.1313750743865966797 2.7748367786407470703 2.8029515743255615234 2.1235330104827880859 2.1111922264099121094 2.8132350444793701172 2.4525392055511474609 1.1181148290634155273 1.3628493547439575195 1.7951452732086181641 -9999 -9999 -9999 -9999 -9999 -9999 -9999 -9999 -9999 -9999 -9999 -9999 -9999 -9999 -9999 -9999 -9999 -9999 -9999
2.3269100189208984375 2.537158966064453125 2.5941517353057861328 2.89312744140625 3.2817854881286621094 3.53295135498046875 3.5494616031646728516 3.1362290382385253906 2.9564511775970458984 2.9684898853302001953 2.9853296279907226562 2.6691768169403076172 2.2877378463745117188 2.3526620864868164062 2.2151358127593994141 1.885884404182434082 1.5950194597244262695 1.6007672548294067383 1.3293415307998657227 1.7936713695526123047 2.3960518836975097656 1.551578521728515625 1.2964308261871337891 1.0509520769119262695 1.5088995695114135742 -9999 -9999 -9999 -9999 -9999 -9999 -9999 -9999 -9999 -9999 -9999 -9999 -9999 -9999 -9999 -9999 -9999 -9999 -9999
2.9239614009857177734 3.2485816478729248047 3.6255764961242675781 3.7568175792694091797 3.6207804679870605469 2.9833753108978271484 2.5733611583709716797 2.3889710903167724609 2.1155283451080322266 1.4969458580017089844 0.9812418818473815918 2.213878631591796875 2.9999735355377197266 3.2572767734527587891 2.6100597381591796875 2.4075102806091308594 2.1237730979919433594 1.9390457868576049805 1.8114292621612548828 1.9713803529739379883 2.3387792110443115234 1.6677840948104858398 1.5704503059387207031 1.1874947547912597656 1.448604583740234375 -9999 -9999 -9999 -9999 -9999 -9999 -9999 -9999 -9999 -9999 -9999 -9999 -9999 -9999 -9999 -9999 -9999 -9999 -9999
1.8887077569961547852 2.2232959270477294922 2.3202564716339111328 2.03342437744140625 1.5851269960403442383 1.2863217592239379883 1.2499554157257080078 1.1985639333724975586 1.0796941518783569336 1.0018188953399658203 0.89679157733917236328 0.77959847450256347656 0.49574995040893554688 1.4359776973724365234 1.6704742908477783203 1.5097980499267578125 1.2946248054504394531 1.3262015581130981445 1.2917784452438354492 1.4890116453170776367 2.3199274539947509766 1.4348570108413696289 1.2042206525802612305 0.87161612510681152344 1.0508835315704345703 -9999 -9999 -9999 -9999 -9999 -9999 -9999 -9999 -9999 -9999 -9999 -9999 -9999 -9999 -9999 -9999 -9999 -9999 -9999
2.2123477458953857422 2.3121778964996337891 2.1051862239837646484 1.9974602460861206055 1.7351276874542236328 1.4878770112991333008 1.4178966283798217773 1.3319367170333862305 1.2486222982406616211 1.2523639202117919922 1.1091735363006591797 1.0670487880706787109 0.68499189615249633789 0.73383009433746337891 1.1445786952972412109 1.5969896316528320312 1.7173221111297607422 1.6734579801559448242 1.7646623849868774414 2.7808945178985595703 2.9653477668762207031 1.5370967388153076172 1.1666707992553710938 0.8778807520866394043 0.90430992841720581055 -9999 -9999 -9999 -9999 -9999 -9999 -9999 -9999 -9999 -9999 -9999 -9999 -9999 -9999 -9999 -9999 -9999 -9999 -9999
3.1447818279266357422 2.8512539863586425781 2.0713460445404052734 1.826819300651550293 1.870942234992980957 1.8713130950927734375 1.6060996055603027344 1.4105736017227172852 1.2299191951751708984 1.0128825902938842773 0.82052206993103027344 0.84018784761428833008 0.57151687145233154297 0.56881129741668701172 0.49958261847496032715 0.4658438265323638916 0.40503543615341186523 0.3848787844181060791 0.98510479927062988281 1.5483243465423583984 1.5629949569702148438 0.47244167327880859375 0.53283292055130004883 0.49872598052024841309 0.62039643526077270508 0.22156561911106109619 -9999 -9999 -9999 -9999 -9999 -9999 -9999 -9999 -9999 -9999 -9999 -9999 -9999 -9999 -9999 -9999 -9999 -9999
3.7410488128662109375 3.5600690841674804688 3.1143712997436523438 2.8082082271575927734 2.6015400886535644531 2.3269143104553222656 1.917302250862121582 1.3295453786849975586 1.3796688318252563477 1.1253896951675415039 0.89288067817687988281 0.91324919462203979492 0.50550973415374755859 0.44484597444534301758 0.32578751444816589355 0.37956309318542480469 0.13936832547187805176 0.42730197310447692871 0.75245970487594604492 1.2388188838958740234 1.4162606000900268555 0.83396309614181518555 0.47423538565635681152 0.32006913423538208008 0.41245338320732116699 0.65206134319305419922 -9999 -9999 -9999 -9999 -9999 -9999 -9999 -9999 -9999 -9999 -9999 -9999 -9999 -9999 -9999 -9999 -9999 -9999
3.3473291397094726562 3.3297092914581298828 3.2404630184173583984 3.1194777488708496094 3.1209175586700439453 2.3314690589904785156 1.9868764877319335938 1.2828400135040283203 1.4101326465606689453 1.1541405916213989258 0.98049348592758178711 0.93565058708190917969 0.48104277253150939941 0.42963880300521850586 0.19538240134716033936 0.30252167582511901855 0.10145493596792221069 0.36986470222473144531 0.65632933378219604492 1.1034313440322875977 1.3498119115829467773 0.98964607715606689453 0.63155591487884521484 0.25476783514022827148 0.49496576189994812012 1.2787269353866577148 1.9062770605087280273 -9999 -9999 -9999 -9999 -9999 -9999 -9999 -9999 -9999 -9999 -9999 -9999 -9999 -9999 -9999 -9999 -9999
2.0425875186920166016 1.6562554836273193359 1.2244676351547241211 0.96183383464813232422 0.89834374189376831055 1.9155316352844238281 2.1753258705139160156 1.5230737924575805664 1.9342510700225830078 1.3738193511962890625 1.0744230747222900391 0.88074433803558349609 0.44784766435623168945 0.40302535891532897949 0.19199714064598083496 0.2424611896276473999 0.1119702756404876709 0.27773958444595336914 0.58367484807968139648 1.0137375593185424805 1.3064576387405395508 1.2624886035919189453 1.0239719152450561523 0.3112392127513885498 0.50907117128372192383 1.936553955078125 2.9668512344360351562 1.8983060121536254883 -9999 -9999 -9999 -9999 -9999 -9999 -9999 -9999 -9999 -9999 -9999 -9999 -9999 -9999 -9999 -9999
1.5551078319549560547 1.3990142345428466797 0.84660708904266357422 0.47661471366882324219 0.049803391098976135254 1.4605326652526855469 2.4574744701385498047 1.5596183538436889648 1.8242900371551513672 1.977917790412902832 1.3221647739410400391 0.90278983116149902344 0.43777960538864135742 0.35555362701416015625 0.20861311256885528564 0.25125163793563842773 0.15296502411365509033 0.24594889581203460693 0.59165579080581665039 1.0877069234848022461 1.3986808061599731445 1.455325007438659668 1.492609858512878418 0.78194767236709594727 0.68591725826263427734 1.9688737392425537109 2.9405612945556640625 0.76983726024627685547 -9999 -9999 -9999 -9999 -9999 -9999 -9999 -9999 -9999 -9999 -9999 -9999 -9999 -9999 -9999 -9999
1.529997706413269043 1.624325871467590332 1.0097904205322265625 0.90627646446228027344 0.92201083898544311523 2.3386411666870117188 2.0069530010223388672 1.0809864997863769531 1.2487363815307617188 2.5738894939422607422 1.6202993392944335938 0.45771646499633789062 0.2288360893726348877 0.26585683226585388184 0.1931918710470199585 0.52680391073226928711 1.6927425861358642578 2.1246182918548583984 1.8689911365509033203 1.4683969020843505859 1.5214589834213256836 1.4439939260482788086 1.5674165487289428711 0.91675126552581787109 0.95625668764114379883 1.9299254417419433594 2.6229264736175537109 1.2374513149261474609 0.41190385818481445312 2.6449804306030273438 -9999 -9999 -9999 -9999 -9999 -9999 -9999 -9999 -9999 -9999 -9999 -9999 -9999 -9999
1.4017379283905029297 1.7433236837387084961 1.0967835187911987305 1.2599877119064331055 1.812067866325378418 1.742724299430847168 1.1716462373733520508 0.69245052337646484375 0.88750654458999633789 2.5444548130035400391 1.8300809860229492188 0.95315223932266235352 0.32902121543884277344 0.30507397651672363281 0.22017052769660949707 2.254062652587890625 3.6996784210205078125 3.2000813484191894531 2.4127333164215087891 1.9239315986633300781 1.7169083356857299805 1.5972963571548461914 1.7421807050704956055 0.96912163496017456055 1.0606614351272583008 2.4696247577667236328 2.4121782779693603516 1.3424745798110961914 0.013170703314244747162 1.3486392498016357422 3.987560272216796875 2.2098362445831298828 -9999 -9999 -9999 -9999 -9999 -9999 -9999 -9999 -9999 -9999 -9999 -9999
1.255128026008605957 1.7534598112106323242 1.1359478235244750977 1.4071961641311645508 1.8516927957534790039 1.2551097869873046875 1.1937489509582519531 0.73341315984725952148 0.76067018508911132812 2.0770576000213623047 1.5340975522994995117 1.3196306228637695312 0.55811494588851928711 0.42026704549789428711 0.68436706066131591797 3.5884258747100830078 2.9577574729919433594 1.9161344766616821289 1.7643053531646728516 1.5549894571304321289 1.6393663883209228516 1.7442785501480102539 2.0681726932525634766 1.2309615612030029297 2.1302034854888916016 3.0859291553497314453 2.189792633056640625 0.68397039175033569336 0.14087806642055511475 0.21126101911067962646 3.1811728477478027344 3.0295257568359375 2.0046126842498779297 1.8999624252319335938 -9999 -9999 -9999 -9999 -9999 -9999 -9999 -9999 -9999 -9999
1.1388137340545654297 1.7606230974197387695 1.2288269996643066406 1.4151047468185424805 1.6742792129516601562 1.2841323614120483398 1.1160269975662231445 0.79168605804443359375 0.82373809814453125 1.7493947744369506836 1.6218826770782470703 1.5727959871292114258 0.76011925935745239258 0.71221995353698730469 1.5162212848663330078 2.75457000732421875 1.6596395969390869141 1.4962841272354125977 1.6021881103515625 1.4093775749206542969 1.4894002676010131836 1.8767448663711547852 2.5065963268280029297 1.7457841634750366211 2.8480885028839111328 2.8564372062683105469 0.85173374414443969727 0.26298469305038452148 0.21114659309387207031 0.3968524932861328125 1.8481879234313964844 2.9172892570495605469 2.6173419952392578125 2.4183583259582519531 2.3359918594360351562 2.3126544952392578125 2.3640074729919433594 -9999 -9999 -9999 -9999 -9999 -9999 -9999
1.0175901651382446289 1.8657968044281005859 1.3876390457153320312 1.6021391153335571289 1.4425810575485229492 1.5092378854751586914 1.1180860996246337891 0.83109694719314575195 0.8375365138053894043 1.501544952392578125 1.7300838232040405273 1.8933274745941162109 1.0698546171188354492 1.1969722509384155273 1.2004063129425048828 2.0542082786560058594 0.75690400600433349609 1.0703767538070678711 1.3578773736953735352 1.2881661653518676758 1.2466927766799926758 1.8644365072250366211 2.7186801433563232422 1.8452641963958740234 2.3941719532012939453 1.8039309978485107422 1.2459195852279663086 0.26083955168724060059 0.6527697443962097168 0.87648415565490722656 1.3265352249145507812 1.9560457468032836914 1.993212580680847168 1.9697550535202026367 1.9161330461502075195 2.0016283988952636719 1.9570304155349731445 1.5402839183807373047 1.0018861293792724609 0.73257285356521606445 0.65930098295211791992 -9999 -9999 -9999
0.98820406198501586914 2.2415969371795654297 1.5015866756439208984 1.7435919046401977539 0.98741841316223144531 1.4801870584487915039 1.3764626979827880859 0.91488248109817504883 0.86548006534576416016 1.4571787118911743164 2.3435845375061035156 2.6006643772125244141 1.1922702789306640625 1.258215785026550293 1.0484447479248046875 1.4024972915649414062 0.77511161565780639648 1.4640626907348632812 1.4838683605194091797 1.4054780006408691406 1.5084573030471801758 2.2606317996978759766 2.7413280010223388672 1.5565618276596069336 2.0152754783630371094 1.5377432107925415039 1.500133514404296875 0.84464240074157714844 1.46221160888671875 2.0000660419464111328 2.1405456066131591797 1.8068789243698120117 1.6733348369598388672 1.6574480533599853516 1.3597626686096191406 1.2108526229858398438 0.62620842456817626953 0.2479441910982131958 0.32186454534530639648 0.30530413985252380371 0.34661388397216796875 2.0943665504455566406 -9999 -9999
1.2150888442993164062 2.4377644062042236328 1.5586686134338378906 1.6720539331436157227 1.1271549463272094727 1.4629775285720825195 1.3847401142120361328 1.0438656806945800781 0.86874788999557495117 2.0605885982513427734 2.7364554405212402344 2.1613938808441162109 0.68322503566741943359 1.0366895198822021484 0.68574875593185424805 0.80486160516738891602 0.79858690500259399414 1.1924477815628051758 1.2322678565979003906 1.2488076686859130859 1.7391178607940673828 1.7944852113723754883 2.6440532207489013672 0.851055145263671875 1.6826624870300292969 1.3236238956451416016 1.4253089427947998047 1.2884781360626220703 1.588441014289855957 1.7766708135604858398 1.3863017559051513672 0.80033403635025024414 0.68747502565383911133 1.0167472362518310547 1.0910264253616333008 0.50358223915100097656 0.45393463969230651855 0.36120045185089111328 0.020360507071018218994 0.0018227907130494713783 0.25240591168403625488 1.8732105493545532227 2.5593388080596923828 2.758087158203125
