INPUT/RASTER/ASCII/slope.asc
ncols        225
nrows        269
xllcorner    473000.000000000000
yllcorner    4429100.000000000000
cellsize     50.000000000000
NODATA_value -9999
[rows 171 to 189 of 269, columns 176 to 219 of 225]
1.3707817792892456055 1.1078658103942871094 0.59417945146560668945 2.542736053466796875 2.4898915290832519531 1.5822483301162719727 1.1348805427551269531 1.4893089532852172852 1.6707290410995483398 1.5909422636032104492 1.3723735809326171875 0.57892465591430664062 2.0022816658020019531 1.9536212682723999023 2.6299238204956054688 3.1218581199645996094 4.2997527122497558594 3.7457292079925537109 5.4206180572509765625 5.6740660667419433594 2.0671219825744628906 1.1678500175476074219 1.3058044910430908203 1.6245683431625366211 2.0543656349182128906 1.965946197509765625 1.7693667411804199219 2.0490002632141113281 2.2521669864654541016 1.9886084794998168945 1.87091827392578125 1.7245094776153564453 1.7723815441131591797 1.7054916620254516602 1.4303126335144042969 1.4223122596740722656 2.0855422019958496094 1.883439183235168457 1.7998559474945068359 1.4622418880462646484 0.73470133543014526367 0.7936490178108215332 0.63530784845352172852 1.0345536470413208008
1.2518773078918457031 1.2073181867599487305 0.83395761251449584961 2.4569666385650634766 2.2934212684631347656 2.1315190792083740234 0.82572138309478759766 1.5615558624267578125 1.7980401515960693359 1.4186633825302124023 1.2816678285598754883 0.91442483663558959961 1.6117761135101318359 1.7694318294525146484 2.4749171733856201172 2.6683950424194335938 4.2136182785034179688 3.7783110141754150391 4.7090983390808105469 4.8761601448059082031 3.1775698661804199219 0.77840024232864379883 0.68032866716384887695 0.90395206212997436523 0.87881445884704589844 1.1952801942825317383 1.4412299394607543945 1.6207658052444458008 1.2321523427963256836 1.227318882942199707 1.3031411170959472656 1.2990438938140869141 1.4142198562622070312 1.4477440118789672852 1.7170917987823486328 1.6764328479766845703 1.8649895191192626953 1.5521272420883178711 1.2968159914016723633 0.43996500968933105469 0.46474295854568481445 0.64558756351470947266 0.46924880146980285645 0.87980341911315917969
1.2097662687301635742 1.3232529163360595703 0.86327230930328369141 2.18845367431640625 1.9028340578079223633 2.1467883586883544922 0.83962720632553100586 1.0867637395858764648 1.7098487615585327148 1.318982243537902832 1.305846095085144043 0.88020670413970947266 1.6015248298645019531 2.1270289421081542969 3.1272876262664794922 2.6901671886444091797 3.8697102069854736328 3.5217118263244628906 3.8189656734466552734 4.0991296768188476562 3.3143918514251708984 2.0661566257476806641 1.705975651741027832 2.0682039260864257812 2.0742766857147216797 2.3040218353271484375 2.493865966796875 2.4925296306610107422 2.5365784168243408203 2.4702613353729248047 2.2191202640533447266 1.6001228094100952148 1.7506633996963500977 2.1896049976348876953 2.6283433437347412109 2.8758971691131591797 2.2911679744720458984 1.3787896633148193359 0.51264774799346923828 0.43084314465522766113 0.45101681351661682129 0.46914559602737426758 0.34425780177116394043 0.67373812198638916016
1.2378435134887695312 1.5224192142486572266 1.1042680740356445312 1.8440908193588256836 1.6704384088516235352 2.0666110515594482422 1.1087423563003540039 1.1790701150894165039 1.5474295616149902344 1.2579442262649536133 1.4473497867584228516 0.83881372213363647461 1.8508988618850708008 2.1674246788024902344 3.3034946918487548828 2.4867277145385742188 3.6021997928619384766 3.1154437065124511719 3.346401214599609375 3.5849552154541015625 2.6465551853179931641 1.7171521186828613281 1.5768162012100219727 1.7162564992904663086 1.6708797216415405273 1.7578185796737670898 1.841266632080078125 1.9783102273941040039 2.1594665050506591797 1.944600224494934082 1.9859503507614135742 1.7386313676834106445 1.3487353324890136719 1.4525815248489379883 1.2512459754943847656 1.0178345441818237305 0.78190481662750244141 0.57540839910507202148 0.34795087575912475586 0.32440266013145446777 0.22883059084415435791 0.25820854306221008301 0.22821751236915588379 0.53105205297470092773
1.3376185894012451172 1.7193490266799926758 1.2314642667770385742 1.7457296848297119141 1.4898524284362792969 2.1255450248718261719 1.5610966682434082031 1.3110140562057495117 1.5148955583572387695 1.3433907032012939453 1.6014964580535888672 0.85272741317749023438 2.3822529315948486328 1.8326374292373657227 2.8646275997161865234 2.3941290378570556641 3.4514591693878173828 2.8804390430450439453 3.4018926620483398438 3.6779525279998779297 1.9131320714950561523 1.8500263690948486328 1.9120668172836303711 1.9189698696136474609 1.6981644630432128906 1.797023773193359375 1.8386083841323852539 1.7509682178497314453 1.6734637022018432617 2.1913220882415771484 2.4773988723754882812 2.5020833015441894531 2.4462826251983642578 1.975123286247253418 1.6484208106994628906 1.4172621965408325195 1.2478214502334594727 1.1213948726654052734 0.90384781360626220703 0.52383631467819213867 0.16286630928516387939 0.093277841806411743164 0.18266031146049499512 0.50238806009292602539
1.4322755336761474609 1.6647347211837768555 1.0976089239120483398 1.6259349584579467773 1.5659860372543334961 2.2172157764434814453 1.8932638168334960938 1.3678531646728515625 1.5496846437454223633 1.3637366294860839844 2.0649418830871582031 1.005087733268737793 2.1424736976623535156 1.7229640483856201172 2.2362296581268310547 2.2457137107849121094 3.4601864814758300781 2.9166293144226074219 3.1700863838195800781 3.3739423751831054688 2.2166087627410888672 1.1225396394729614258 0.96292769908905029297 0.96849942207336425781 1.2145456075668334961 1.4391437768936157227 1.5688205957412719727 1.4670937061309814453 1.55248260498046875 1.8183305263519287109 2.2038540840148925781 2.1741735935211181641 1.9697058200836181641 1.5298379659652709961 1.3196744918823242188 1.1019169092178344727 1.04601287841796875 0.97996485233306884766 0.7877572178840637207 0.61427503824234008789 0.20684313774108886719 0.13887985050678253174 0.15768288075923919678 0.27498832345008850098
1.1578357219696044922 1.4321553707122802734 0.91011786460876464844 1.1989175081253051758 1.4319922924041748047 2.0390751361846923828 2.1887066364288330078 1.6107562780380249023 1.6697442531585693359 1.4210476875305175781 1.9936515092849731445 1.0502316951751708984 2.1708402633666992188 1.7644407749176025391 1.6729657649993896484 1.5140343904495239258 3.3779413700103759766 3.2499339580535888672 3.0187966823577880859 2.7242052555084228516 3.0183572769165039062 1.4292764663696289062 1.3705723285675048828 1.4515621662139892578 1.3353128433227539062 1.4729443788528442383 1.5086672306060791016 1.6656605005264282227 1.819217681884765625 2.1123719215393066406 2.6270213127136230469 2.9122176170349121094 2.9717001914978027344 2.1015076637268066406 1.5783022642135620117 1.1681416034698486328 1.2835358381271362305 1.2099491357803344727 0.96585369110107421875 0.74875253438949584961 0.46553200483322143555 0.40097841620445251465 0.50672775506973266602 0.86446207761764526367
1.1213793754577636719 1.2689586877822875977 0.81172531843185424805 1.0654990673065185547 1.2989062070846557617 1.8044565916061401367 1.6140233278274536133 1.8217138051986694336 1.7696410417556762695 1.4894062280654907227 1.850681304931640625 1.6325615644454956055 2.6030893325805664062 2.0535407066345214844 1.7115476131439208984 1.5072292089462280273 3.3156855106353759766 3.5737516880035400391 3.7537419795989990234 3.4772050380706787109 3.4028480052947998047 3.6057851314544677734 2.1580116748809814453 1.7527726888656616211 1.5688050985336303711 1.6226583719253540039 1.6338717937469482422 1.7144373655319213867 1.7121430635452270508 1.9450464248657226562 2.2125651836395263672 2.6601121425628662109 3.4902439117431640625 3.7290632724761962891 3.2334907054901123047 1.9344807863235473633 1.2017836570739746094 1.1773742437362670898 0.9275258183479309082 0.66921728849411010742 0.3730672001838684082 0.3816280364990234375 0.53672301769256591797 0.86506295204162597656
0.83706223964691162109 0.86495941877365112305 0.60225379467010498047 0.87194806337356567383 1.3001835346221923828 1.7630970478057861328 1.4129482507705688477 1.4680260419845581055 1.5884544849395751953 1.3089427947998046875 1.6492248773574829102 1.1768064498901367188 2.5196282863616943359 1.95940399169921875 2.3061327934265136719 1.3602550029754638672 2.6057982444763183594 3.0980939865112304688 3.0186316967010498047 3.4294612407684326172 2.3534400463104248047 2.1074070930480957031 1.358256220817565918 1.2198657989501953125 1.2249413728713989258 1.2355173826217651367 1.0721068382263183594 0.8313388824462890625 0.71168005466461181641 0.8036143183708190918 0.73451751470565795898 0.69424307346343994141 0.93946230411529541016 2.1165146827697753906 3.0137622356414794922 2.0158607959747314453 1.6315511465072631836 1.3447881937026977539 1.0093008279800415039 0.58853560686111450195 0.2298885732889175415 0.3333174288272857666 0.5242449641227722168 0.95418137311935424805
1.0309675931930541992 1.2390328645706176758 1.0032941102981567383 1.1918251514434814453 1.316796422004699707 1.7868475914001464844 1.3997939825057983398 1.1299165487289428711 1.3489156961441040039 1.2374414205551147461 1.6669608354568481445 1.3103404045104980469 2.0379781723022460938 2.4090030193328857422 2.7191956043243408203 2.32300567626953125 2.6915338039398193359 3.6658310890197753906 3.5845737457275390625 3.828365325927734375 3.0446398258209228516 2.6674985885620117188 2.0260095596313476562 1.6496317386627197266 1.4359109401702880859 1.3176587820053100586 1.2501822710037231445 1.1771938800811767578 1.1234576702117919922 1.1221519708633422852 1.0761685371398925781 0.94667702913284301758 0.9344482421875 0.69970655441284179688 2.5909872055053710938 1.8761837482452392578 2.1199822425842285156 1.5917698144912719727 1.1863842010498046875 0.58956730365753173828 0.11408706754446029663 0.38327935338020324707 0.5734125971794128418 1.0192602872848510742
1.1384204626083374023 1.5295805931091308594 1.3599113225936889648 1.9055120944976806641 1.4047876596450805664 1.8848844766616821289 1.5244648456573486328 0.88797289133071899414 0.99405980110168457031 0.96986091136932373047 1.4243409633636474609 1.166628718376159668 1.3824427127838134766 1.0839982032775878906 1.9802901744842529297 1.6228244304656982422 2.0052387714385986328 2.716739654541015625 2.8748316764831542969 3.2535846233367919922 2.2552118301391601562 2.4975841045379638672 1.2276262044906616211 0.90951800346374511719 0.87139755487442016602 0.89250129461288452148 0.8789837956428527832 0.84294170141220092773 0.7587903141975402832 0.76512837409973144531 0.82180792093276977539 0.79463738203048706055 1.0948556661605834961 0.7734234929084777832 2.0699603557586669922 1.5922276973724365234 1.9729684591293334961 1.7839454412460327148 1.5609985589981079102 0.88198947906494140625 0.24658323824405670166 0.60378038883209228516 0.51790326833724975586 1.0152808427810668945
1.4498353004455566406 1.9301285743713378906 2.0099472999572753906 2.8592493534088134766 1.580346226692199707 1.9530445337295532227 1.8780790567398071289 0.94677251577377319336 0.85258352756500244141 1.0643275976181030273 1.3860912322998046875 1.2290284633636474609 1.5551135540008544922 1.2942241430282592773 1.5573371648788452148 1.8344324827194213867 2.7738525867462158203 3.4004454612731933594 2.8334259986877441406 3.6351654529571533203 2.4827868938446044922 2.6541283130645751953 1.3840705156326293945 1.3200188875198364258 1.2626779079437255859 1.2133009433746337891 1.1756577491760253906 1.0266155004501342773 1.0271685123443603516 1.1046051979064941406 1.2786263227462768555 1.3302708864212036133 1.6293954849243164062 1.3005352020263671875 1.9007605314254760742 1.500220179557800293 1.9274146556854248047 1.503766179084777832 1.8120409250259399414 1.9206312894821166992 1.3270866870880126953 0.76248878240585327148 0.38415786623954772949 1.1503850221633911133
0.20782195031642913818 0.51694166660308837891 2.0416522026062011719 3.6525835990905761719 1.7107526063919067383 1.9506415128707885742 2.0287048816680908203 1.8376934528350830078 1.2912685871124267578 1.2263067960739135742 1.2878551483154296875 1.0812928676605224609 1.4304403066635131836 1.3101037740707397461 1.555333256721496582 1.1071460247039794922 0.89851289987564086914 3.437221527099609375 2.5072882175445556641 3.0999233722686767578 2.1943805217742919922 2.4670958518981933594 0.91513901948928833008 0.93077701330184936523 0.88371413946151733398 0.84476685523986816406 0.8242537379264831543 0.75199484825134277344 0.69368100166320800781 0.60707545280456542969 0.56207394599914550781 1.0087975263595581055 1.8283858299255371094 1.9322546720504760742 2.4606850147247314453 1.4609842300415039062 1.7936431169509887695 1.1476343870162963867 1.3224973678588867188 1.4105880260467529297 0.80650615692138671875 0.55844038724899291992 0.55447220802307128906 1.0983455181121826172
0.045593809336423873901 0.03088445030152797699 0.3307933509349822998 3.4075005054473876953 4.1733145713806152344 1.968682408332824707 2.0981867313385009766 2.0854949951171875 2.0415031909942626953 0.8549448847770690918 1.052364349365234375 1.0490931272506713867 1.3438990116119384766 1.3396074771881103516 1.7245143651962280273 1.8524590730667114258 1.7388842105865478516 3.3768105506896972656 3.2493619918823242188 2.8101696968078613281 1.9892249107360839844 2.2652747631072998047 1.4629732370376586914 1.2051253318786621094 1.1407761573791503906 1.0998978614807128906 1.055689692497253418 0.96291589736938476562 0.79246509075164794922 0.56173497438430786133 0.45908364653587341309 0.44505989551544189453 0.97762131690979003906 2.6947576999664306641 3.0746190547943115234 1.3780300617218017578 1.4294168949127197266 1.1940914392471313477 0.91044151782989501953 1.2118563652038574219 0.82609641551971435547 0.56754708290100097656 0.6031392216682434082 0.98994463682174682617
0.36860916018486022949 0.21257837116718292236 0.089078441262245178223 0.29524663090705871582 3.2958421707153320312 3.6278784275054931641 1.8760547637939453125 1.9305425882339477539 2.334011077880859375 1.6857924461364746094 1.0729323625564575195 1.2205593585968017578 1.4747427701950073242 1.4467184543609619141 1.623637080192565918 2.0157859325408935547 2.3933289051055908203 3.4479670524597167969 3.2942104339599609375 2.6975729465484619141 1.842724919319152832 1.8711240291595458984 1.4042516946792602539 1.2105915546417236328 0.97812706232070922852 0.90313434600830078125 0.90685707330703735352 0.75361108779907226562 0.60696512460708618164 0.42904579639434814453 0.6781800389289855957 0.64807301759719848633 1.2785048484802246094 2.3076505661010742188 2.6330327987670898438 1.0664962530136108398 1.1652933359146118164 1.0338509082794189453 0.94355225563049316406 1.0873193740844726562 0.75431621074676513672 0.3699779510498046875 0.47309523820877075195 0.83361744880676269531
0.53420776128768920898 0.42390400171279907227 0.20267425477504730225 0.090630449354648590088 1.4486827850341796875 3.0881965160369873047 1.8046419620513916016 1.2817566394805908203 1.7594367265701293945 1.4712164402008056641 1.4332003593444824219 1.1027530431747436523 1.0939989089965820312 0.81967747211456298828 0.94842678308486938477 1.6441198587417602539 3.6280066967010498047 3.5280807018280029297 2.9887409210205078125 2.2070195674896240234 1.3611757755279541016 1.4804642200469970703 1.1775598526000976562 1.131649017333984375 1.0020716190338134766 0.92716234922409057617 0.95519292354583740234 0.82486701011657714844 0.73887068033218383789 0.54946076869964599609 1.0097359418869018555 0.87945526838302612305 1.8748165369033813477 1.8797686100006103516 1.4542917013168334961 0.9134966731071472168 1.1259253025054931641 1.0397129058837890625 0.98338758945465087891 1.1618330478668212891 0.94759219884872436523 0.86860215663909912109 0.64535939693450927734 0.68986105918884277344
1.0279599428176879883 0.92067617177963256836 0.46784871816635131836 0.6988074183464050293 1.5944055318832397461 2.5083844661712646484 1.4935224056243896484 1.0544784069061279297 1.6857900619506835938 1.7562525272369384766 1.8735293149948120117 1.617375493049621582 1.7146880626678466797 0.82741427421569824219 0.19120846688747406006 1.1775878667831420898 3.7684257030487060547 3.5541567802429199219 2.9181191921234130859 1.5613318681716918945 1.1948652267456054688 1.2859447002410888672 1.01296234130859375 1.0224392414093017578 0.91724181175231933594 0.96401309967041015625 1.0276982784271240234 1.0652178525924682617 1.0828905105590820312 0.73354989290237426758 1.1874442100524902344 1.030869603157043457 2.0427198410034179688 1.4471673965454101562 1.1238828897476196289 0.90620702505111694336 1.0890457630157470703 1.0281008481979370117 0.99463009834289550781 1.1927633285522460938 1.0908943414688110352 1.2047780752182006836 0.82958054542541503906 1.3335193395614624023
1.0079181194305419922 1.2525539398193359375 0.79158806800842285156 0.98138087987899780273 1.2775869369506835938 2.2013316154479980469 1.7416224479675292969 0.38942891359329223633 0.96913796663284301758 1.2620044946670532227 1.4563790559768676758 1.3058894872665405273 1.6280323266983032227 1.3557657003402709961 1.0755609273910522461 1.4818522930145263672 3.5833711624145507812 4.0146331787109375 2.6609888076782226562 0.84670096635818481445 0.81823962926864624023 1.0062483549118041992 0.73249912261962890625 0.76811259984970092773 0.65824592113494873047 0.82704311609268188477 0.93211126327514648438 1.0673850774765014648 1.5361582040786743164 1.1203110218048095703 1.4803296327590942383 1.2407479286193847656 1.9209983348846435547 1.416194915771484375 1.3507874011993408203 0.85167992115020751953 0.98135107755661010742 1.0216482877731323242 0.93948066234588623047 1.0645678043365478516 1.1705651283264160156 1.5611530542373657227 2.0819494724273681641 2.7241013050079345703
1.6976437568664550781 1.9638957977294921875 1.5465810298919677734 1.2535490989685058594 1.2247072458267211914 2.4374632835388183594 2.64861297607421875 2.4221098423004150391 2.1201486587524414062 2.1605191230773925781 2.3211236000061035156 1.8883352279663085938 2.1451392173767089844 1.9501640796661376953 1.8214850425720214844 2.0251152515411376953 3.7870159149169921875 4.2574129104614257812 2.1938366889953613281 0.5544764399528503418 0.64073908329010009766 0.91110593080520629883 0.73635065555572509766 0.79237437248229980469 0.77307695150375366211 1.2754465341567993164 1.4315294027328491211 1.579463958740234375 1.886478424072265625 1.356732487678527832 1.6162667274475097656 1.4604880809783935547 2.0824642181396484375 1.3467370271682739258 1.4553430080413818359 0.81424248218536376953 0.96132600307464599609 0.98834425210952758789 0.96184915304183959961 1.0784403085708618164 1.2274912595748901367 1.4359912872314453125 1.7835365533828735352 2.5694897174835205078
