INPUT/RASTER/ASCII/slope.asc
ncols        225
nrows        269
xllcorner    473009.983799999987
yllcorner    4429051.174800000153
cellsize     50.000000000000
NODATA_value -9999
[rows 162 to 179 of 269, columns 84 to 125 of 225]
3.8931684494018554688 3.0531029701232910156 2.3224582672119140625 2.8500552177429199219 3.8962285518646240234 5.6184167861938476563 7.0737118721008300781 7.1094202995300292969 7.7964272499084472656 6.6818890571594238281 9.9494752883911132813 10.514234542846679688 9.6310672760009765625 8.51602935791015625 5.3563489913940429688 5.4306402206420898438 3.6874830722808837891 2.1315476894378662109 2.3217144012451171875 2.8188199996948242188 2.8543462753295898438 2.7308092117309570313 2.1292088031768798828 2.4279541969299316406 2.8995745182037353516 3.0636498928070068359 3.1092429161071777344 2.9117004871368408203 4.5809960365295410156 5.5061287879943847656 7.2079267501831054688 8.43340301513671875 12.986203193664550781 12.598595619201660156 9.7650241851806640625 8.9088191986083984375 7.6625652313232421875 5.09300994873046875 1.7005312442779541016 0.072408713400363922119 0.0073266876861453056335 0.0041229194030165672302
4.8064727783203125 4.4851245880126953125 3.4162840843200683594 4.2526302337646484375 6.1556444168090820313 7.3540239334106445313 7.1761126518249511719 7.209049224853515625 5.9770770072937011719 5.3107829093933105469 10.282969474792480469 10.221590995788574219 9.8388357162475585938 7.8318958282470703125 6.1118679046630859375 6.2473082542419433594 3.6521439552307128906 2.5812849998474121094 2.3842992782592773438 2.8399541378021240234 2.6305222511291503906 2.3434026241302490234 2.2296314239501953125 2.2851359844207763672 2.9898996353149414063 2.9454357624053955078 3.0557498931884765625 3.4551212787628173828 5.6389374732971191406 9.9517192840576171875 15.699255943298339844 21.071943283081054688 16.756875991821289063 10.564306259155273438 8.844085693359375 9.3729085922241210938 8.0726490020751953125 7.1455492973327636719 4.3552947044372558594 0.90166974067687988281 0.72729843854904174805 2.3386826515197753906
4.7320275306701660156 5.1957354545593261719 5.1719460487365722656 5.9057207107543945313 6.059482574462890625 5.810451507568359375 5.6970996856689453125 5.6626210212707519531 2.3964955806732177734 5.3057394027709960938 9.8120355606079101563 9.5136747360229492188 9.5533237457275390625 7.3286852836608886719 6.2056818008422851563 7.3124594688415527344 4.0579118728637695313 3.0402579307556152344 2.3671231269836425781 2.6784958839416503906 2.2496271133422851563 1.9611624479293823242 2.0644714832305908203 2.2120029926300048828 3.1849718093872070313 2.4766623973846435547 2.4432897567749023438 4.3742852210998535156 12.463788032531738281 18.080343246459960938 18.933279037475585938 16.649637222290039063 9.5721588134765625 8.9843273162841796875 8.532329559326171875 8.803386688232421875 6.3432970046997070313 6.53278350830078125 6.8630661964416503906 3.9400300979614257813 2.9633579254150390625 3.9524745941162109375
4.1128983497619628906 4.6825289726257324219 5.1813483238220214844 6.1275453567504882813 6.2951331138610839844 6.178249359130859375 5.1915035247802734375 2.5970618724822998047 1.3699589967727661133 7.1691250801086425781 9.8641691207885742188 9.5252847671508789063 8.9394731521606445313 7.3562173843383789063 7.2505502700805664063 8.1222238540649414063 3.3390145301818847656 2.8896307945251464844 2.3713600635528564453 2.6774325370788574219 2.0324552059173583984 1.8311856985092163086 1.9429051876068115234 1.958782196044921875 2.9791305065155029297 2.5729851722717285156 5.3674426078796386719 15.902398109436035156 20.642032623291015625 18.168003082275390625 17.012830734252929688 12.880825042724609375 9.2565031051635742188 12.407631874084472656 10.118146896362304688 9.1873006820678710938 5.9030823707580566406 4.5139255523681640625 4.62059783935546875 5.6781983375549316406 4.5024333000183105469 3.7791674137115478516
4.7616629600524902344 4.5951876640319824219 5.2286081314086914063 5.8463845252990722656 5.6382288932800292969 4.4976367950439453125 2.1750576496124267578 0.60011494159698486328 4.4886713027954101563 8.2904834747314453125 9.7670488357543945313 9.24405670166015625 8.8605432510375976563 8.6910877227783203125 7.9860296249389648438 6.35912322998046875 2.2435662746429443359 2.6382956504821777344 2.4483945369720458984 2.8584146499633789063 1.7637859582901000977 1.7055989503860473633 1.9904704093933105469 1.5189672708511352539 2.2824604511260986328 4.8857259750366210938 15.259583473205566406 17.676858901977539063 14.59371185302734375 13.927069664001464844 12.657696723937988281 11.178822517395019531 13.980341911315917969 15.17908477783203125 11.746143341064453125 9.982578277587890625 6.6752076148986816406 3.5477116107940673828 2.2436587810516357422 2.4719808101654052734 3.2253098487854003906 3.6740810871124267578
4.0284671783447265625 4.550525665283203125 5.2588672637939453125 4.4707174301147460938 3.3830807209014892578 2.7539732456207275391 2.3869719505310058594 3.2147803306579589844 7.7083253860473632813 8.344730377197265625 9.2188701629638671875 9.6168966293334960938 9.1717653274536132813 8.667999267578125 7.2292160987854003906 3.1423914432525634766 1.7945852279663085938 2.5595197677612304688 2.5454478263854980469 3.1434361934661865234 1.7440402507781982422 1.556612849235534668 2.1752717494964599609 3.2208454608917236328 7.7922081947326660156 17.47360992431640625 23.606639862060546875 19.82946014404296875 20.703020095825195313 20.444408416748046875 14.264495849609375 15.340372085571289063 16.5796661376953125 17.43312835693359375 13.256814956665039063 9.4012708663940429688 6.1131811141967773438 4.2048187255859375 2.3732187747955322266 2.5659527778625488281 3.3859350681304931641 4.4305324554443359375
2.0866723060607910156 2.7192707061767578125 4.1012668609619140625 2.9723889827728271484 1.7361700534820556641 2.7399415969848632813 5.6121168136596679688 6.6581187248229980469 7.9510850906372070313 7.7368016242980957031 8.4674367904663085938 8.5404376983642578125 7.4512805938720703125 7.3359270095825195313 6.2465124130249023438 2.0528178215026855469 1.6659226417541503906 2.5934679508209228516 2.6665818691253662109 3.3262162208557128906 2.30504608154296875 1.5308072566986083984 1.5412602424621582031 3.3687255382537841797 12.795315742492675781 17.145685195922851563 16.411645889282226563 14.56568145751953125 16.179872512817382813 12.561133384704589844 12.907534599304199219 16.189809799194335938 17.2298126220703125 18.571277618408203125 11.952799797058105469 5.4467821121215820313 3.2323551177978515625 2.9849553108215332031 2.4440743923187255859 3.1001317501068115234 2.9538722038269042969 4.2753415107727050781
4.3004407882690429688 4.9300708770751953125 5.4208860397338867188 3.7143716812133789063 2.7863678932189941406 4.0883784294128417969 7.8901944160461425781 6.5418920516967773438 6.8113045692443847656 6.7158303260803222656 7.1073923110961914063 6.9339375495910644531 6.3228135108947753906 6.3718814849853515625 5.78993988037109375 3.7476546764373779297 1.5116418600082397461 2.7314503192901611328 2.8554697036743164063 3.2372403144836425781 2.8077080249786376953 1.9533189535140991211 0.88113182783126831055 2.1266882419586181641 15.699841499328613281 15.11977386474609375 15.538599014282226563 13.892054557800292969 14.633058547973632813 10.645132064819335938 14.762284278869628906 17.930135726928710938 18.41771697998046875 20.34491729736328125 14.068841934204101563 8.1235837936401367188 4.7630915641784667969 2.3082308769226074219 1.8549346923828125 3.9809932708740234375 4.4969716072082519531 5.6108980178833007813
5.3890376091003417969 6.0639061927795410156 5.0522694587707519531 4.901355743408203125 5.3745927810668945313 5.5890569686889648438 6.9635057449340820313 3.522579193115234375 5.2783117294311523438 5.7358388900756835938 6.7081484794616699219 6.3516335487365722656 5.5006046295166015625 5.7792596817016601563 5.2533984184265136719 4.1784901618957519531 2.0282399654388427734 2.5550296306610107422 2.9016280174255371094 3.1035418510437011719 2.6829190254211425781 2.3341612815856933594 0.69402903318405151367 1.5725690126419067383 16.98496246337890625 15.713487625122070313 15.367580413818359375 11.814676284790039063 12.488959312438964844 9.0479221343994140625 13.127192497253417969 17.787567138671875 18.811689376831054688 20.815578460693359375 15.790760040283203125 10.280312538146972656 4.3197884559631347656 1.7636896371841430664 0.4769566953182220459 1.5264887809753417969 4.7464704513549804688 7.1198239326477050781
1.3672804832458496094 0.96250760555267333984 3.2207455635070800781 4.6428594589233398438 5.6574039459228515625 5.0527553558349609375 5.02820587158203125 2.5308675765991210938 5.5216736793518066406 5.478900909423828125 7.3270983695983886719 5.9452037811279296875 4.5495996475219726563 5.0610065460205078125 4.3147702217102050781 3.8789458274841308594 2.6385128498077392578 2.6480305194854736328 2.7634477615356445313 3.1751194000244140625 2.7500956058502197266 2.68253326416015625 1.6715443134307861328 0.9591897130012512207 16.489629745483398438 18.340986251831054688 16.033292770385742188 12.43384552001953125 12.786436080932617188 7.4943099021911621094 12.042593002319335938 15.470799446105957031 19.19733428955078125 19.847982406616210938 16.600124359130859375 14.453655242919921875 6.420909881591796875 6.6588459014892578125 4.1951479911804199219 1.5979459285736083984 5.8342814445495605469 8.1639146804809570313
0.24214111268520355225 2.0931649208068847656 4.2464518547058105469 4.3812770843505859375 5.4992218017578125 5.5975437164306640625 5.4189915657043457031 5.9299597740173339844 7.5125174522399902344 6.093997955322265625 7.6747097969055175781 5.4579892158508300781 4.4166169166564941406 4.2019829750061035156 3.1233224868774414063 3.8577048778533935547 3.1233396530151367188 3.0727467536926269531 2.6864323616027832031 3.5475168228149414063 3.2238128185272216797 2.9727523326873779297 2.6955068111419677734 0.79509568214416503906 12.844852447509765625 21.671295166015625 18.286241531372070313 13.325100898742675781 14.355134010314941406 10.405182838439941406 13.267604827880859375 15.43009185791015625 17.5696563720703125 20.063405990600585938 16.068939208984375 15.073323249816894531 10.4628448486328125 11.65221405029296875 12.265956878662109375 9.0224943161010742188 8.9256067276000976563 6.2273082733154296875
0.54429453611373901367 3.3400614261627197266 4.2656722068786621094 4.3933577537536621094 6.5776524543762207031 6.1566028594970703125 7.29843902587890625 7.7645101547241210938 7.191463470458984375 6.86440277099609375 6.4431705474853515625 6.0863695144653320313 4.5683994293212890625 2.6737642288208007813 1.1011270284652709961 3.2807397842407226563 3.1490604877471923828 3.0669858455657958984 2.1083025932312011719 2.9270689487457275391 3.0329766273498535156 2.9594135284423828125 3.5002002716064453125 2.4281773567199707031 11.991221427917480469 22.388700485229492188 21.272678375244140625 14.568846702575683594 16.316556930541992188 6.5941233634948730469 12.087456703186035156 14.88852691650390625 16.41265106201171875 20.290716171264648438 17.37248992919921875 14.319118499755859375 15.946915626525878906 16.001058578491210938 15.481603622436523438 13.324859619140625 12.75838470458984375 8.7605772018432617188
1.1000634431838989258 4.333538055419921875 4.7830252647399902344 5.5616583824157714844 7.5860753059387207031 6.8316450119018554688 8.2879390716552734375 8.3859186172485351563 8.5162572860717773438 7.2256622314453125 7.2522554397583007813 7.3607330322265625 3.8271067142486572266 1.0828682184219360352 0.21423493325710296631 2.5132048130035400391 2.6956479549407958984 2.8833816051483154297 2.1397292613983154297 2.4955379962921142578 2.4849171638488769531 2.9946544170379638672 4.00966644287109375 7.054798126220703125 21.409509658813476563 21.777967453002929688 21.773305892944335938 15.634158134460449219 14.02642822265625 3.3434302806854248047 12.734860420227050781 14.405382156372070313 12.131154060363769531 15.784389495849609375 18.936418533325195313 17.109832763671875 17.085935592651367188 17.408115386962890625 19.48728179931640625 18.804576873779296875 12.220322608947753906 12.603029251098632813
1.8070323467254638672 5.1874294281005859375 5.5046963691711425781 6.0649275779724121094 6.9615912437438964844 6.1118917465209960938 7.5576462745666503906 7.3827052116394042969 5.6195635795593261719 4.3480677604675292969 5.0260500907897949219 2.7266495227813720703 0.26703101396560668945 0.024298099800944328308 0.42400717735290527344 2.2857389450073242188 2.1134898662567138672 2.6266868114471435547 2.2112824916839599609 2.2134194374084472656 1.4533427953720092773 1.9297357797622680664 2.5968739986419677734 9.1518764495849609375 22.956895828247070313 17.650177001953125 18.478830337524414063 14.067228317260742188 9.461578369140625 3.9978802204132080078 14.805630683898925781 11.293561935424804688 6.7266688346862792969 8.5154352188110351563 15.523346900939941406 17.733478546142578125 17.037372589111328125 16.6908416748046875 19.013837814331054688 21.745273590087890625 21.616788864135742188 17.736196517944335938
3.7257225513458251953 6.3476309776306152344 7.8321461677551269531 7.1081075668334960938 6.5217504501342773438 6.1728892326354980469 7.7231373786926269531 6.8773508071899414063 5.7533974647521972656 4.7939014434814453125 3.5710546970367431641 0.48598515987396240234 0.0013390559470281004906 0.0054981242865324020386 0.45314386487007141113 1.9499620199203491211 2.0068643093109130859 2.6059615612030029297 2.3522970676422119141 2.4492192268371582031 0.85248494148254394531 1.1391314268112182617 5.9949741363525390625 19.770412445068359375 21.810880661010742188 16.282251358032226563 17.690614700317382813 13.118515968322753906 8.7814817428588867188 6.1350531578063964844 13.258469581604003906 12.157744407653808594 7.8124055862426757813 6.8009104728698730469 10.066714286804199219 16.097951889038085938 17.347991943359375 15.876837730407714844 16.171339035034179688 17.604162216186523438 20.259817123413085938 23.134426116943359375
6.1971592903137207031 7.2020058631896972656 8.462566375732421875 4.6555390357971191406 5.1264510154724121094 5.2176823616027832031 7.3725271224975585938 6.31689453125 5.9068818092346191406 4.2211713790893554688 1.1500456333160400391 0.08062534034252166748 0.67492687702178955078 1.7745016813278198242 2.0322482585906982422 2.0801806449890136719 1.9145603179931640625 2.5091674327850341797 2.3410029411315917969 2.6850490570068359375 1.1038092374801635742 1.0324077606201171875 15.16120147705078125 16.288366317749023438 17.257831573486328125 12.938563346862792969 15.312543869018554688 11.391571044921875 10.357651710510253906 9.7199344635009765625 10.131606101989746094 11.517352104187011719 4.6919350624084472656 3.7712075710296630859 7.7156352996826171875 11.330183029174804688 10.209278106689453125 13.656987190246582031 16.416799545288085938 16.337446212768554688 15.511739730834960938 16.197298049926757813
8.1142911911010742188 8.7500019073486328125 6.8117480278015136719 3.5868151187896728516 4.4122462272644042969 4.0166172981262207031 7.0597338676452636719 5.942371368408203125 5.7265787124633789063 4.8087716102600097656 2.8222348690032958984 3.0314950942993164063 6.3591947555541992188 7.8491716384887695313 7.7772030830383300781 6.7382025718688964844 2.8299312591552734375 2.7163586616516113281 2.6590507030487060547 3.0727102756500244141 2.4593498706817626953 8.7271203994750976563 19.985609054565429688 14.682771682739257813 17.37396240234375 12.672702789306640625 13.529626846313476563 11.240383148193359375 7.1614146232604980469 9.9793977737426757813 9.0956897735595703125 11.144112586975097656 3.4234099388122558594 2.5639519691467285156 7.7494730949401855469 5.1243333816528320313 3.1666524410247802734 7.096088409423828125 10.281792640686035156 15.721833229064941406 19.981142044067382813 21.267391204833984375
8.7908229827880859375 8.9892511367797851563 4.9167804718017578125 2.7836234569549560547 3.9305474758148193359 3.3940477371215820313 6.0412578582763671875 5.2331991195678710938 5.0121779441833496094 4.2837686538696289063 4.7581462860107421875 5.99723052978515625 6.6848649978637695313 7.3297758102416992188 8.3917016983032226563 10.640051841735839844 7.0883331298828125 3.2356252670288085938 2.7099483013153076172 3.3014941215515136719 4.5031914710998535156 13.512762069702148438 16.437372207641601563 13.364864349365234375 14.562813758850097656 12.156649589538574219 11.855607986450195313 10.185503005981445313 3.2825350761413574219 9.6038789749145507813 9.0834665298461914063 10.030958175659179688 5.7145242691040039063 2.8601100444793701172 8.219127655029296875 7.2030367851257324219 5.3538880348205566406 6.0292911529541015625 6.2790102958679199219 8.1257724761962890625 11.571629524230957031 18.94382476806640625
