INPUT/RASTER/ASCII/slope.asc
ncols        225
nrows        269
xllcorner    473000.000000000000
yllcorner    4429100.000000000000
cellsize     50.000000000000
NODATA_value -9999
[rows 152 to 170 of 269, columns 88 to 131 of 225]
2.877689361572265625 3.0059714317321777344 2.8716483116149902344 2.5779652595520019531 2.9498095512390136719 3.8511362075805664062 4.2330565452575683594 5.2930216789245605469 7.5419673919677734375 10.920577049255371094 14.915441513061523438 15.368639945983886719 3.0694947242736816406 7.3105692863464355469 13.185563087463378906 10.68764495849609375 9.1143550872802734375 5.8358516693115234375 2.0853941440582275391 1.9383053779602050781 1.5708420276641845703 1.6606481075286865234 1.9355821609497070312 1.9513722658157348633 2.5482785701751708984 2.4413158893585205078 3.3626906871795654297 4.7096362113952636719 4.6872577667236328125 2.9279017448425292969 1.9750833511352539062 1.6919918060302734375 0.92588704824447631836 0.29437288641929626465 0.36525750160217285156 0.49302157759666442871 0.75614470243453979492 2.1761109828948974609 3.7495458126068115234 3.8168461322784423828 3.2083339691162109375 3.4865858554840087891 3.4371793270111083984 2.4023888111114501953
2.4552671909332275391 2.6430220603942871094 2.7878222465515136719 2.8790292739868164062 2.9583225250244140625 4.1850876808166503906 3.4038021564483642578 6.8010878562927246094 13.266911506652832031 15.829153060913085938 12.820126533508300781 2.3914761543273925781 1.4347611665725708008 10.416164398193359375 11.719937324523925781 9.8113422393798828125 7.4149317741394042969 5.3879714012145996094 3.5113439559936523438 2.7277197837829589844 1.3206002712249755859 0.71175009012222290039 1.2781156301498413086 2.0797779560089111328 2.7836818695068359375 3.5396950244903564453 4.6653604507446289062 3.9812512397766113281 3.9294490814208984375 1.8886545896530151367 1.7109224796295166016 1.7072939872741699219 0.96793550252914428711 0.39702239632606506348 0.45301008224487304688 0.59161305427551269531 0.47810405492782592773 0.42453852295875549316 0.90518105030059814453 2.6674866676330566406 2.1598768234252929688 2.0129597187042236328 2.3912680149078369141 2.5752713680267333984
2.6224644184112548828 2.8230175971984863281 3.2348175048828125 4.3654131889343261719 8.998516082763671875 12.148473739624023438 12.827640533447265625 14.315240859985351562 12.626334190368652344 9.02704620361328125 3.1366696357727050781 1.0635123252868652344 5.8146352767944335938 10.121708869934082031 10.2279205322265625 8.6295404434204101562 5.8277826309204101562 4.3186640739440917969 3.7030632495880126953 2.4091010093688964844 1.0851743221282958984 0.52295547723770141602 0.64618730545043945312 1.2043701410293579102 2.2887601852416992188 2.8840010166168212891 3.2485880851745605469 2.7973508834838867188 2.6511378288269042969 1.3258709907531738281 1.3843586444854736328 1.3945833444595336914 1.2516113519668579102 0.73696595430374145508 0.64358413219451904297 0.63426339626312255859 0.30892455577850341797 0.24570010602474212646 0.43302312493324279785 1.7386029958724975586 1.4763756990432739258 1.2678009271621704102 1.1804891824722290039 1.1460981369018554688
2.2474119663238525391 2.3189814090728759766 2.7584238052368164062 7.6968259811401367188 12.565119743347167969 11.018529891967773438 8.9259290695190429688 11.286633491516113281 13.439916610717773438 6.979251861572265625 4.9634885787963867188 3.5352354049682617188 9.4500141143798828125 9.7028789520263671875 7.8624811172485351562 7.97283935546875 4.5770678520202636719 4.00493621826171875 3.4193542003631591797 2.1222100257873535156 1.7518725395202636719 1.4149369001388549805 1.391720890998840332 1.6721729040145874023 2.5638270378112792969 2.8064870834350585938 2.8429868221282958984 2.5281198024749755859 1.8263746500015258789 1.0835404396057128906 1.2514574527740478516 1.3316512107849121094 1.3400330543518066406 1.2728923559188842773 1.008172154426574707 0.91740262508392333984 0.41195118427276611328 0.16243281960487365723 0.44041368365287780762 1.2556158304214477539 1.3620691299438476562 1.2544478178024291992 1.1575454473495483398 0.79886764287948608398
2.0770573616027832031 2.0340950489044189453 4.9634432792663574219 9.0344219207763671875 9.544940948486328125 9.2791290283203125 10.033160209655761719 11.348710060119628906 3.311847686767578125 5.0224142074584960938 5.4312853813171386719 6.972797393798828125 8.1378107070922851562 9.24942779541015625 6.3626170158386230469 6.9360051155090332031 3.6372258663177490234 3.9018857479095458984 2.9046230316162109375 1.5324344635009765625 1.1776887178421020508 1.4811996221542358398 1.7815723419189453125 1.89612579345703125 3.2207405567169189453 3.0289309024810791016 2.7035624980926513672 2.3988165855407714844 1.8863397836685180664 0.98541969060897827148 1.0362887382507324219 1.0642588138580322266 1.0101318359375 0.99377429485321044922 0.84111565351486206055 0.87199181318283081055 0.54800361394882202148 0.43271586298942565918 0.61517989635467529297 0.63704240322113037109 0.94738429784774780273 0.98717725276947021484 1.0378336906433105469 0.80173695087432861328
3.4783067703247070312 4.8236632347106933594 6.0586957931518554688 10.542263031005859375 10.255755424499511719 10.281917572021484375 3.8749766349792480469 0.80728161334991455078 4.8648204803466796875 5.6237783432006835938 5.5468921661376953125 8.7358608245849609375 8.1265077590942382812 8.8412723541259765625 5.8177771568298339844 6.1447978019714355469 3.5635197162628173828 3.4767217636108398438 2.0899302959442138672 1.5146306753158569336 0.6636345982551574707 0.67632889747619628906 1.9778380393981933594 2.5405554771423339844 3.5436475276947021484 3.1164808273315429688 3.2366840839385986328 2.9643809795379638672 3.2377572059631347656 1.7297625541687011719 1.1036554574966430664 1.1349271535873413086 1.0853325128555297852 1.1644206047058105469 1.0958327054977416992 1.074460148811340332 0.83057379722595214844 0.45190572738647460938 0.22978627681732177734 0.30813348293304443359 0.69406604766845703125 1.0023401975631713867 1.199557185173034668 0.98565578460693359375
3.2194082736968994141 3.9089937210083007812 6.1950573921203613281 12.859186172485351562 9.2485027313232421875 4.2314410209655761719 0.33048081398010253906 6.3714971542358398438 8.7388963699340820312 5.7997179031372070312 5.9004559516906738281 7.946514129638671875 6.3192720413208007812 7.7492318153381347656 5.8473920822143554688 5.0474119186401367188 3.03199005126953125 2.88649749755859375 1.9989851713180541992 1.2112431526184082031 0.60598534345626831055 0.070363529026508331299 0.36255100369453430176 2.5072932243347167969 3.7087168693542480469 2.6673445701599121094 3.589080810546875 2.9635186195373535156 3.275447845458984375 2.1173510551452636719 0.71590578556060791016 0.83825165033340454102 0.70810556411743164062 0.80402809381484985352 0.76934754848480224609 1.0399396419525146484 0.68787974119186401367 0.45815002918243408203 0.084362260997295379639 0.24772790074348449707 0.41074377298355102539 0.88110780715942382812 1.4116327762603759766 1.1979818344116210938
2.6112263202667236328 3.1035251617431640625 8.5684223175048828125 11.561773300170898438 6.2197103500366210938 0.1366405189037322998 4.441425323486328125 8.3626766204833984375 7.4732379913330078125 8.9524250030517578125 9.6954975128173828125 5.7446069717407226562 8.4868478775024414062 7.4690761566162109375 6.1219158172607421875 3.8522284030914306641 2.8248758316040039062 2.7114825248718261719 1.9333816766738891602 1.1455475091934204102 0.52194249629974365234 0.085482984781265258789 0.0022880339529365301132 0.91884428262710571289 3.8367218971252441406 4.4496417045593261719 4.0894718170166015625 4.2674822807312011719 3.8918702602386474609 2.6184890270233154297 0.49136143922805786133 0.76352280378341674805 0.69504237174987792969 0.99473285675048828125 0.91015523672103881836 1.0095635652542114258 0.64537793397903442383 0.45479592680931091309 0.07927764207124710083 0.36418798565864562988 0.49372214078903198242 1.1090538501739501953 1.8253319263458251953 1.3503001928329467773
2.2749333381652832031 2.41275787353515625 8.3386602401733398438 11.878664016723632812 2.1039512157440185547 0.26028957962989807129 5.4054074287414550781 7.6749620437622070312 8.2148189544677734375 7.5602955818176269531 9.0630502700805664062 10.584730148315429688 8.4498233795166015625 6.4547133445739746094 4.9411368370056152344 3.5784780979156494141 2.8585064411163330078 2.8248517513275146484 2.0024292469024658203 1.1283872127532958984 0.41058135032653808594 0.12007241696119308472 0.88210016489028930664 0.87608832120895385742 0.57457643747329711914 2.5751993656158447266 3.3735792636871337891 4.5821886062622070312 4.3765020370483398438 2.4089565277099609375 0.35942876338958740234 0.8334954380989074707 0.83116799592971801758 1.3310396671295166016 1.0042934417724609375 0.99832063913345336914 0.66927576065063476562 0.35197696089744567871 0.11885881423950195312 0.28615450859069824219 0.7502949833869934082 1.4951509237289428711 1.9975167512893676758 1.3395644426345825195
3.4485023021697998047 5.1121020317077636719 6.8766207695007324219 12.002469062805175781 2.6378071308135986328 2.2936313152313232422 5.9119720458984375 8.6644878387451171875 9.1488256454467773438 8.176113128662109375 5.1007061004638671875 4.7598414421081542969 5.3930692672729492188 4.9660882949829101562 3.1696751117706298828 3.3850557804107666016 2.9273505210876464844 3.1330754756927490234 2.5588121414184570312 1.2098783254623413086 1.807506561279296875 3.7471597194671630859 5.4790139198303222656 5.3319578170776367188 3.8006885051727294922 2.7399649620056152344 3.1146130561828613281 4.8108611106872558594 4.5960974693298339844 1.6893904209136962891 0.23158749938011169434 2.1010661125183105469 1.8767840862274169922 1.8582912683486938477 1.1630091667175292969 1.0690863132476806641 0.36961868405342102051 0.045896846801042556763 0.042396232485771179199 0.07693627476692199707 0.48995074629783630371 2.35260009765625 2.7488873004913330078 3.0491597652435302734
4.3776068687438964844 5.4870810508728027344 7.8629145622253417969 8.8895263671875 7.3142170906066894531 7.2563948631286621094 8.3717193603515625 9.884708404541015625 9.2802839279174804688 9.3608064651489257812 4.8258867263793945312 4.8051838874816894531 5.1172099113464355469 2.8135018348693847656 2.9490602016448974609 3.5216383934020996094 3.4360635280609130859 4.0249934196472167969 2.3411300182342529297 2.9402778148651123047 4.1130504608154296875 4.6706824302673339844 4.6011157035827636719 5.4994573593139648438 5.8915743827819824219 4.8100004196166992188 6.6473064422607421875 4.8944411277770996094 4.6562380790710449219 9.08718109130859375 10.765869140625 8.4045686721801757812 5.2968573570251464844 2.97025299072265625 1.3240418434143066406 0.37313699722290039062 0.00053384195780381560326 0.011232133954763412476 0.022170288488268852234 0.029470782727003097534 1.3591138124465942383 4.3516364097595214844 4.877777099609375 4.3603167533874511719
3.4968538284301757812 5.2046618461608886719 6.9361557960510253906 6.4318189620971679688 8.6978311538696289062 5.8402099609375 10.05709075927734375 10.79518890380859375 9.5928945541381835938 8.5824422836303710938 5.1774678230285644531 5.3717236518859863281 3.6265866756439208984 1.9495002031326293945 2.0732924938201904297 2.8401219844818115234 2.7342243194580078125 2.7346210479736328125 2.0643553733825683594 2.3384387493133544922 2.6414599418640136719 2.7987189292907714844 2.9284527301788330078 1.9177865982055664062 4.2166409492492675781 4.4698100090026855469 7.2985658645629882812 7.3530650138854980469 13.385333061218261719 12.020781517028808594 9.0317163467407226562 8.4266386032104492188 7.8016195297241210938 5.4500494003295898438 1.7474284172058105469 0.035058330744504928589 0.004988682921975851059 0.00059639872051775455475 0.0049218763597309589386 0.21732731163501739502 5.1469221115112304688 6.9845132827758789062 6.3291378021240234375 6.5950903892517089844
6.5053591728210449219 7.7870812416076660156 7.4248547554016113281 7.1627511978149414062 6.8175859451293945312 4.7315740585327148438 10.521717071533203125 10.353648185729980469 10.091848373413085938 7.5560498237609863281 6.2179799079895019531 6.313793182373046875 3.4267895221710205078 2.7575917243957519531 2.2920248508453369141 3.0346863269805908203 2.7460825443267822266 2.3760936260223388672 2.2546989917755126953 2.2662642002105712891 2.9816184043884277344 2.9785351753234863281 3.1476366519927978516 3.5658040046691894531 5.0100269317626953125 8.6990442276000976562 15.950358390808105469 23.515893936157226562 18.451932907104492188 11.439707756042480469 9.4780673980712890625 9.529438018798828125 8.0914812088012695312 7.7982072830200195312 4.8312916755676269531 0.7296161651611328125 0.40396016836166381836 2.3408191204071044922 4.2251596450805664062 5.9858613014221191406 7.6849584579467773438 5.9497542381286621094 5.7931690216064453125 5.9993524551391601562
5.7741923332214355469 5.4437451362609863281 5.3914780616760253906 5.6763882637023925781 2.1232845783233642578 5.2339453697204589844 9.9595193862915039062 9.5268888473510742188 9.8379545211791992188 6.9480233192443847656 6.0865178108215332031 7.4001011848449707031 3.8063323497772216797 3.3006746768951416016 2.1802854537963867188 2.8216269016265869141 2.2637743949890136719 1.9099061489105224609 2.0089418888092041016 2.1349940299987792969 3.1645390987396240234 2.3712944984436035156 2.3932428359985351562 3.5010607242584228516 11.9830169677734375 19.2126617431640625 18.288425445556640625 16.129568099975585938 8.5393428802490234375 8.712535858154296875 8.1342134475708007812 8.762298583984375 5.8275003433227539062 6.6625566482543945312 7.047702789306640625 4.188343048095703125 2.9543430805206298828 3.9115619659423828125 3.2617075443267822266 3.6575453281402587891 5.3201622962951660156 5.0073709487915039062 6.1690359115600585938 2.7182869911193847656
6.1030383110046386719 6.0853581428527832031 5.3138985633850097656 2.5299541950225830078 0.58113110065460205078 7.6304163932800292969 10.008765220642089844 9.6535043716430664062 9.1129655838012695312 6.9485626220703125 7.3115143775939941406 8.7407999038696289062 2.7985513210296630859 3.1000275611877441406 2.1971666812896728516 2.8643403053283691406 2.0749151706695556641 1.8650084733963012695 1.9135673046112060547 1.8809401988983154297 2.9960923194885253906 2.4880881309509277344 3.6105554103851318359 16.422594070434570312 22.727245330810546875 18.602613449096679688 18.170331954956054688 13.388939857482910156 9.1308841705322265625 13.033634185791015625 9.7091646194458007812 9.3264026641845703125 5.6663556098937988281 4.6793041229248046875 4.1520638465881347656 6.6671128273010253906 4.8652119636535644531 3.9689226150512695312 3.1846010684967041016 2.9328787326812744141 4.177898406982421875 4.1751666069030761719 4.9619274139404296875 1.4950662851333618164
5.897830963134765625 4.7344989776611328125 2.0679531097412109375 0.12404321879148483276 4.4288105964660644531 8.295383453369140625 9.945987701416015625 9.2752676010131835938 8.8306894302368164062 8.5480852127075195312 8.0498552322387695312 6.6122121810913085938 1.8311964273452758789 2.8205039501190185547 2.2717745304107666016 3.1157860755920410156 1.7096905708312988281 1.7615476846694946289 1.9519068002700805664 1.4071981906890869141 2.1227097511291503906 3.5388185977935791016 15.234167098999023438 17.060018539428710938 13.548295974731445312 12.626355171203613281 12.932353019714355469 10.033429145812988281 14.762745857238769531 15.303236007690429688 11.052655220031738281 10.215960502624511719 6.8795747756958007812 3.419116973876953125 2.0728154182434082031 2.1243276596069335938 2.8145864009857177734 3.6265110969543457031 2.6659235954284667969 1.788145899772644043 4.2358770370483398438 3.5402514934539794922 3.7101984024047851562 1.4985029697418212891
3.2149188518524169922 2.6194515228271484375 2.4146287441253662109 2.534107208251953125 8.2745676040649414062 8.2886533737182617188 9.1355915069580078125 9.8829441070556640625 9.2482557296752929688 8.528209686279296875 7.5959343910217285156 2.7237222194671630859 1.6034821271896362305 2.7223029136657714844 2.3689503669738769531 3.4460132122039794922 1.686981201171875 1.6015297174453735352 2.1705079078674316406 3.4773843288421630859 7.3831005096435546875 18.05812835693359375 26.24298858642578125 20.264554977416992188 22.186208724975585938 22.114614486694335938 15.214253425598144531 15.028889656066894531 16.789075851440429688 17.757171630859375 13.180665016174316406 10.269246101379394531 6.2911348342895507812 4.678821563720703125 2.3201227188110351562 2.6131017208099365234 3.345188140869140625 4.5763993263244628906 5.0978078842163085938 5.0718369483947753906 5.7034816741943359375 3.7579960823059082031 4.5628347396850585938 3.1674706935882568359
1.579325556755065918 2.4841914176940917969 5.6372590065002441406 6.4033074378967285156 8.3595476150512695312 7.8742041587829589844 8.683467864990234375 8.8939828872680664062 7.3593392372131347656 7.1386871337890625 6.6726198196411132812 1.4386233091354370117 1.4963773488998413086 2.6899447441101074219 2.4474272727966308594 3.5068693161010742188 2.3026072978973388672 1.4024220705032348633 1.3377476930618286133 2.5489325523376464844 12.0333709716796875 16.310787200927734375 15.968657493591308594 13.077823638916015625 15.950604438781738281 11.495061874389648438 12.86521148681640625 15.413092613220214844 17.332021713256835938 18.61299896240234375 11.455302238464355469 5.335582733154296875 2.7194066047668457031 3.3294885158538818359 2.1782987117767333984 3.4360384941101074219 2.5720536708831787109 4.2941303253173828125 4.3079762458801269531 5.3528814315795898438 7.21764373779296875 6.5458316802978515625 6.9398565292358398438 4.8687343597412109375
2.6934683322906494141 3.5969228744506835938 8.6630926132202148438 6.6234240531921386719 7.1307339668273925781 6.83081817626953125 6.9957838058471679688 7.0066075325012207031 6.2853941917419433594 6.1498579978942871094 5.8827109336853027344 4.0072002410888671875 1.1488021612167358398 2.9118015766143798828 2.7688815593719482422 3.4496443271636962891 2.9728477001190185547 2.0157039165496826172 0.87569391727447509766 0.64873766899108886719 16.681331634521484375 14.151910781860351562 16.636640548706054688 13.467185020446777344 16.295461654663085938 9.6574859619140625 16.502899169921875 17.96155548095703125 18.692043304443359375 20.962554931640625 14.025420188903808594 8.82440948486328125 5.3130068778991699219 2.4103686809539794922 1.5235222578048706055 4.5323619842529296875 4.3004279136657714844 5.7166128158569335938 6.5626230239868164062 9.3178243637084960938 13.043348312377929688 15.14246368408203125 14.531935691833496094 13.631134986877441406
