INPUT/RASTER/ASCII/slope.asc
ncols        225
nrows        269
xllcorner    473009.983799999987
yllcorner    4429051.174800000153
cellsize     50.000000000000
NODATA_value -9999
[rows 234 to 251 of 269, columns 126 to 167 of 225]
3.0577635765075683594 3.0015549659729003906 2.3834731578826904297 1.3907142877578735352 1.0932376384735107422 1.3221201896667480469 1.5372574329376220703 1.6419253349304199219 1.6768020391464233398 2.2698347568511962891 3.0624909400939941406 5.5231842994689941406 4.4029092788696289063 3.0426142215728759766 2.8756742477416992188 2.9522850513458251953 3.1753122806549072266 3.5858073234558105469 2.9514851570129394531 3.5619411468505859375 2.3419063091278076172 1.9723354578018188477 2.1026782989501953125 2.9813249111175537109 3.5428621768951416016 2.9866321086883544922 2.2103104591369628906 2.2561881542205810547 2.4231889247894287109 2.3411772251129150391 2.3025104999542236328 2.4015493392944335938 5.2155489921569824219 8.04856109619140625 20.816877365112304688 25.148052215576171875 22.977262496948242188 23.597230911254882813 5.5021729469299316406 4.6139364242553710938 16.602764129638671875 18.464841842651367188
2.9906885623931884766 2.4258639812469482422 1.525069117546081543 1.1751042604446411133 1.0205814838409423828 0.94782346487045288086 0.95932942628860473633 0.81736809015274047852 0.42515739798545837402 0.93504506349563598633 3.3195738792419433594 6.4621434211730957031 3.9178788661956787109 1.1855484247207641602 1.6243371963500976563 2.8854072093963623047 2.66712188720703125 3.2713940143585205078 2.8166949748992919922 3.12786102294921875 3.1106743812561035156 2.6209309101104736328 2.246368408203125 2.6330256462097167969 3.1905839443206787109 3.97196197509765625 3.8258159160614013672 3.9860112667083740234 3.6760005950927734375 2.1659307479858398438 2.1501834392547607422 2.1620333194732666016 3.8066504001617431641 13.427051544189453125 21.127262115478515625 14.66175079345703125 18.408323287963867188 23.612949371337890625 6.2968497276306152344 3.5244131088256835938 18.3517608642578125 19.189443588256835938
2.52721405029296875 1.868821263313293457 1.6613879203796386719 1.5726962089538574219 1.4020416736602783203 1.3138825893402099609 1.3588685989379882813 1.5467779636383056641 1.7645893096923828125 2.4062426090240478516 5.6898412704467773438 5.7383861541748046875 2.3960080146789550781 0.88632148504257202148 1.2641168832778930664 2.6499793529510498047 2.9362082481384277344 3.2768077850341796875 3.6470055580139160156 3.7757265567779541016 3.735439300537109375 3.4001479148864746094 2.3254377841949462891 2.2220182418823242188 2.2781322002410888672 2.8636369705200195313 3.7211349010467529297 3.72667694091796875 4.4299845695495605469 4.647464752197265625 3.00904083251953125 2.3275055885314941406 5.5469064712524414063 16.535709381103515625 19.543123245239257813 14.342829704284667969 22.531673431396484375 21.488796234130859375 8.6760969161987304688 9.2082242965698242188 21.507625579833984375 20.398801803588867188
2.3325955867767333984 2.2820336818695068359 1.7474896907806396484 1.5062487125396728516 1.3414449691772460938 1.2336353063583374023 1.2042651176452636719 1.2758889198303222656 1.6293218135833740234 2.5405855178833007813 4.58693695068359375 3.9784438610076904297 1.7323244810104370117 1.5300443172454833984 1.9029593467712402344 2.5580096244812011719 2.9028806686401367188 2.9763581752777099609 3.001369476318359375 3.2045168876647949219 3.3519227504730224609 4.0423674583435058594 3.4915797710418701172 2.4301259517669677734 1.9641419649124145508 2.1525726318359375 2.3863646984100341797 2.2620227336883544922 2.1107437610626220703 3.5607209205627441406 3.8738079071044921875 1.3158972263336181641 7.43556976318359375 21.089273452758789063 17.455562591552734375 13.48308563232421875 20.203851699829101563 18.030694961547851563 7.6329188346862792969 9.4260540008544921875 18.474966049194335938 20.854284286499023438
3.4455621242523193359 2.9884328842163085938 2.0116651058197021484 1.6401360034942626953 1.4269347190856933594 1.3128988742828369141 1.2582175731658935547 1.3558403253555297852 1.6519194841384887695 2.7258036136627197266 4.1563324928283691406 3.3498334884643554688 2.4054818153381347656 2.5490660667419433594 2.811229705810546875 3.1654503345489501953 3.4987800121307373047 3.3848211765289306641 3.5797791481018066406 3.8726413249969482422 3.5782616138458251953 3.4813072681427001953 3.9239232540130615234 3.3320276737213134766 2.0714907646179199219 1.921687006950378418 1.9161775112152099609 2.3128809928894042969 2.2616367340087890625 2.8207011222839355469 4.6212487220764160156 2.6972038745880126953 16.15351104736328125 22.912305831909179688 12.279507637023925781 13.694366455078125 20.644054412841796875 16.58443450927734375 4.5876641273498535156 13.121621131896972656 13.372743606567382813 15.127025604248046875
3.0785779953002929688 2.0239913463592529297 1.8434057235717773438 1.6867475509643554688 1.3904101848602294922 1.1012123823165893555 0.82502311468124389648 0.79572218656539916992 0.82932174205780029297 2.3066434860229492188 3.2826895713806152344 3.2154431343078613281 2.6943619251251220703 2.000186920166015625 1.9151612520217895508 2.5493509769439697266 3.2467360496520996094 3.2296864986419677734 2.3150823116302490234 2.4387943744659423828 2.5526814460754394531 2.8158195018768310547 2.9178259372711181641 2.8450593948364257813 2.3950645923614501953 2.0376038551330566406 1.8423343896865844727 2.2284150123596191406 2.2731671333312988281 2.7368876934051513672 4.7448215484619140625 6.7581334114074707031 19.433725357055664063 20.431529998779296875 10.192214012145996094 14.410008430480957031 22.027835845947265625 9.3188676834106445313 3.0180063247680664063 13.381644248962402344 11.060219764709472656 9.8323650360107421875
2.5757877826690673828 2.2605786323547363281 2.0469815731048583984 1.9385101795196533203 1.9742914438247680664 1.950345158576965332 1.2119708061218261719 0.33394044637680053711 0.57535940408706665039 2.6469547748565673828 3.1930227279663085938 4.2238950729370117188 3.2298040390014648438 2.7416055202484130859 2.8996348381042480469 2.8325655460357666016 2.8832228183746337891 3.3879930973052978516 2.7691981792449951172 2.3954675197601318359 2.223423004150390625 2.9863457679748535156 2.9324133396148681641 1.8955615758895874023 1.9574941396713256836 1.9920462369918823242 2.4980251789093017578 3.7158885002136230469 3.2576458454132080078 2.7269690036773681641 3.0595052242279052734 6.0156922340393066406 18.226354598999023438 21.665517807006835938 11.122140884399414063 17.0357666015625 19.578466415405273438 3.0979769229888916016 1.8185052871704101563 12.481794357299804688 11.941184043884277344 8.0137395858764648438
2.5847158432006835938 2.9163575172424316406 2.0671453475952148438 1.8772172927856445313 2.2230143547058105469 2.6162195205688476563 2.8884475231170654297 2.3064336776733398438 2.6064441204071044922 3.4811763763427734375 3.8328661918640136719 4.5999040603637695313 3.2023580074310302734 2.8181703090667724609 2.3114151954650878906 2.5322442054748535156 2.6449854373931884766 3.2444031238555908203 2.5914020538330078125 2.3730628490447998047 2.2331385612487792969 2.6755838394165039063 3.1459839344024658203 2.1994867324829101563 1.7770392894744873047 1.5406031608581542969 1.7176970243453979492 2.7825117111206054688 4.7711348533630371094 3.0379116535186767578 2.6522500514984130859 6.0866389274597167969 21.16431427001953125 21.826723098754882813 15.140438079833984375 18.217466354370117188 14.754536628723144531 3.4935681819915771484 3.4065318107604980469 11.320842742919921875 11.679925918579101563 8.296176910400390625
3.0743665695190429688 3.1906867027282714844 0.89675003290176391602 0.89198958873748779297 1.1485364437103271484 1.5689049959182739258 2.3758218288421630859 2.5892024040222167969 2.8228602409362792969 3.3129477500915527344 3.7853150367736816406 4.1348423957824707031 3.4108166694641113281 2.6415705680847167969 1.9081578254699707031 2.1925230026245117188 1.9620836973190307617 3.1157059669494628906 3.7561724185943603516 3.4983952045440673828 2.5601229667663574219 1.3419282436370849609 2.41765594482421875 2.2433409690856933594 1.8944985866546630859 1.5277593135833740234 1.525441288948059082 1.6638907194137573242 4.2998838424682617188 3.5116591453552246094 2.3350713253021240234 11.253407478332519531 24.263393402099609375 19.839151382446289063 17.231342315673828125 16.745416641235351563 10.872455596923828125 5.9208149909973144531 6.3811383247375488281 10.139630317687988281 11.678974151611328125 11.009749412536621094
3.4705889225006103516 2.8836371898651123047 1.0729956626892089844 1.0580420494079589844 1.0288208723068237305 0.7276153564453125 0.54298621416091918945 1.3240247964859008789 2.0926661491394042969 2.6164870262145996094 3.0845890045166015625 3.9660551548004150391 3.5171422958374023438 3.1227791309356689453 2.6926491260528564453 2.4149310588836669922 1.5284218788146972656 1.6688910722732543945 3.4833295345306396484 4.2227063179016113281 3.0310983657836914063 1.7864066362380981445 2.1817815303802490234 2.3897850513458251953 2.3717932701110839844 2.4042277336120605469 2.5604095458984375 2.6528112888336181641 3.9178256988525390625 5.7027540206909179688 6.0896468162536621094 19.869945526123046875 22.16397857666015625 17.35858917236328125 16.006856918334960938 13.656934738159179688 8.7522077560424804688 6.9039502143859863281 6.6965208053588867188 8.2176113128662109375 10.499085426330566406 12.322348594665527344
3.4226195812225341797 2.5207133293151855469 1.3780685663223266602 1.200117945671081543 1.2907618284225463867 1.1309829950332641602 0.82709008455276489258 1.2315907478332519531 1.7017217874526977539 2.0006659030914306641 2.5768680572509765625 4.5553684234619140625 3.3905477523803710938 3.0744702816009521484 1.7655282020568847656 2.5913903713226318359 1.7353844642639160156 2.1442725658416748047 2.7813880443572998047 3.2152781486511230469 2.8702609539031982422 2.1368296146392822266 1.8964557647705078125 1.9124687910079956055 1.7426075935363769531 1.7112940549850463867 1.5760848522186279297 2.1751797199249267578 3.0897595882415771484 4.7434630393981933594 9.5415639877319335938 20.472494125366210938 17.351757049560546875 14.199342727661132813 13.865171432495117188 10.243682861328125 7.4394078254699707031 6.3860368728637695313 3.7666220664978027344 6.194316864013671875 5.078479766845703125 7.10488128662109375
3.4253258705139160156 2.1915841102600097656 1.7079299688339233398 1.3550363779067993164 1.5699243545532226563 1.4322470426559448242 1.3846226930618286133 1.4648386240005493164 1.6905803680419921875 1.9250131845474243164 3.3085532188415527344 4.7175922393798828125 3.4014437198638916016 2.1186668872833251953 0.88685321807861328125 2.3649504184722900391 1.8707754611968994141 2.1045668125152587891 2.1083664894104003906 2.5324714183807373047 2.143848419189453125 2.0944159030914306641 2.2167577743530273438 2.2392292022705078125 1.8557114601135253906 1.7456899881362915039 2.1794540882110595703 2.4993484020233154297 3.2331707477569580078 3.4786498546600341797 8.1219034194946289063 20.064605712890625 15.866528511047363281 12.4659271240234375 13.307782173156738281 10.045956611633300781 8.0017108917236328125 3.1437876224517822266 0.71121835708618164063 4.9712533950805664063 8.3856821060180664063 7.944244384765625
2.3616015911102294922 1.8289594650268554688 1.5594217777252197266 0.88142836093902587891 1.2520262002944946289 0.90808254480361938477 0.85716062784194946289 1.1153414249420166016 1.401372075080871582 1.7332437038421630859 3.5277624130249023438 4.1771087646484375 3.2566487789154052734 0.97458821535110473633 0.92529791593551635742 2.2494835853576660156 2.0352039337158203125 1.6396493911743164063 1.5951606035232543945 2.219379425048828125 2.303607940673828125 2.1195523738861083984 2.1192119121551513672 2.1472487449645996094 2.1914536952972412109 2.1949300765991210938 2.3168203830718994141 2.3404698371887207031 2.6140925884246826172 2.3782000541687011719 7.5598278045654296875 21.979404449462890625 15.826717376708984375 12.078001976013183594 12.975344657897949219 9.97814178466796875 6.3609170913696289063 1.072882533073425293 0.56883531808853149414 2.7415010929107666016 10.458583831787109375 9.785671234130859375
2.4401502609252929688 2.3000383377075195313 1.6935393810272216797 1.0872184038162231445 1.3438833951950073242 0.87030720710754394531 0.88149690628051757813 1.2280286550521850586 1.4316939115524291992 2.1910982131958007813 3.1448893547058105469 4.0797648429870605469 3.6787853240966796875 2.5890085697174072266 2.2757050991058349609 2.5519468784332275391 2.3343076705932617188 1.6945819854736328125 1.2970091104507446289 2.2097454071044921875 2.7221050262451171875 2.6493201255798339844 2.6885266304016113281 2.3074529170989990234 2.0214731693267822266 2.0831499099731445313 1.7207261323928833008 1.4208469390869140625 2.7845530509948730469 3.9725949764251708984 7.1300101280212402344 23.809785842895507813 18.15998077392578125 14.431426048278808594 12.586558341979980469 9.3224964141845703125 6.0499310493469238281 2.3431718349456787109 3.0585932731628417969 4.9595389366149902344 11.673305511474609375 11.6906890869140625
3.1109411716461181641 2.5164492130279541016 1.4264702796936035156 0.88778573274612426758 1.3200395107269287109 0.897518157958984375 0.82672238349914550781 1.0208001136779785156 1.3157380819320678711 2.2153849601745605469 2.3775973320007324219 3.9307794570922851563 4.4884476661682128906 4.3259477615356445313 3.5673882961273193359 3.4083709716796875 2.4244008064270019531 2.0883183479309082031 1.3031258583068847656 1.2248593568801879883 1.8362131118774414063 2.3727204799652099609 2.86859130859375 2.4862952232360839844 1.2709506750106811523 1.3572568893432617188 1.4733444452285766602 1.2161304950714111328 2.2592046260833740234 5.0703334808349609375 5.8353600502014160156 21.287944793701171875 20.63550567626953125 16.635890960693359375 13.333164215087890625 8.2835845947265625 5.9563517570495605469 4.2627797126770019531 4.4372997283935546875 6.6378297805786132813 13.443808555603027344 13.069827079772949219
3.4586274623870849609 4.5802235603332519531 3.8511269092559814453 2.7014968395233154297 1.9766341447830200195 1.5679061412811279297 1.2239500284194946289 1.0620201826095581055 1.6338264942169189453 2.0196208953857421875 1.9739038944244384766 3.7304391860961914063 4.2746191024780273438 4.2916202545166015625 2.4494154453277587891 4.4678568840026855469 2.7231259346008300781 2.1361432075500488281 1.7115576267242431641 1.6208770275115966797 1.7537362575531005859 1.9783308506011962891 2.8318769931793212891 3.7420103549957275391 3.4569675922393798828 2.8882231712341308594 2.4781794548034667969 2.1958096027374267578 2.32044219970703125 5.137828826904296875 5.6710543632507324219 16.613798141479492188 23.629852294921875 18.303516387939453125 15.384565353393554688 9.0021657943725585938 6.42191314697265625 5.5333762168884277344 4.8610415458679199219 4.5921063423156738281 13.815186500549316406 13.719012260437011719
5.7893586158752441406 9.941539764404296875 5.6913533210754394531 2.6232843399047851563 2.204875946044921875 1.2701081037521362305 0.98547875881195068359 1.2502779960632324219 1.5511020421981811523 1.5237035751342773438 1.5163164138793945313 3.4150931835174560547 4.3780217170715332031 4.3340106010437011719 1.1635895967483520508 3.7421381473541259766 2.9974131584167480469 1.7649385929107666016 1.3583132028579711914 1.3716664314270019531 1.4892003536224365234 1.8004616498947143555 2.2870016098022460938 2.8773202896118164063 3.5417850017547607422 3.0541772842407226563 2.2631814479827880859 2.5796923637390136719 2.5531146526336669922 4.5895256996154785156 5.6540589332580566406 13.343441963195800781 24.568784713745117188 19.782754898071289063 16.024383544921875 10.178008079528808594 6.9540104866027832031 6.3042759895324707031 4.3220777511596679688 1.7642085552215576172 8.6730012893676757813 14.178972244262695313
20.221059799194335938 18.547176361083984375 9.2267017364501953125 2.2799127101898193359 2.0407719612121582031 1.7872464656829833984 1.4150737524032592773 1.2605798244476318359 1.0800042152404785156 1.1146363019943237305 1.1020281314849853516 2.4307346343994140625 5.536273956298828125 5.654872894287109375 3.1085999011993408203 4.0014319419860839844 3.2915017604827880859 2.4091677665710449219 1.6568880081176757813 1.5817878246307373047 1.7628002166748046875 2.1069295406341552734 2.4783473014831542969 2.8867504596710205078 3.4053161144256591797 3.1846909523010253906 1.8963299989700317383 2.5050420761108398438 2.9064424037933349609 4.3726634979248046875 5.3010811805725097656 9.6112928390502929688 24.9326019287109375 22.006475448608398438 16.569665908813476563 12.24219512939453125 7.0459809303283691406 6.8407258987426757813 3.3454945087432861328 2.9169557094573974609 0.069353856146335601807 -9999
