INPUT/RASTER/ASCII/slope.asc
ncols        225
nrows        269
xllcorner    473000.000000000000
yllcorner    4429100.000000000000
cellsize     50.000000000000
NODATA_value -9999
[rows 171 to 189 of 269, columns 0 to 43 of 225]
-9999 -9999 -9999 -9999 12.77635955810546875 28.2685699462890625 11.481783866882324219 6.3787817955017089844 4.2504401206970214844 3.5955348014831542969 4.2925710678100585938 6.4304986000061035156 10.043772697448730469 12.132722854614257812 10.086453437805175781 12.385564804077148438 13.30185699462890625 14.421148300170898438 6.3627572059631347656 0.73402649164199829102 7.0105352401733398438 12.198672294616699219 12.469545364379882812 12.254134178161621094 10.579906463623046875 12.166968345642089844 10.32373809814453125 3.4032282829284667969 2.9214613437652587891 2.2339549064636230469 3.2746975421905517578 1.8074724674224853516 1.5347541570663452148 1.1158874034881591797 1.5635862350463867188 1.2783677577972412109 1.2745783329010009766 1.1370023488998413086 1.1729795932769775391 1.3534303903579711914 1.4230563640594482422 1.8638337850570678711 2.3053004741668701172 4.4670319557189941406
-9999 -9999 -9999 -9999 23.17394256591796875 18.589128494262695312 15.736342430114746094 3.7059254646301269531 2.9340415000915527344 2.8469443321228027344 4.0142669677734375 5.8750081062316894531 11.4425811767578125 5.6634206771850585938 14.344541549682617188 17.14673614501953125 16.742029190063476562 11.891233444213867188 8.0342950820922851562 13.579538345336914062 17.337087631225585938 12.918543815612792969 9.9048852920532226562 10.579730033874511719 7.2576737403869628906 3.5995373725891113281 1.9001560211181640625 2.2565875053405761719 2.5113282203674316406 1.9091799259185791016 2.8226337432861328125 1.4587820768356323242 1.1263996362686157227 1.1261469125747680664 1.4852875471115112305 1.5111256837844848633 1.770634770393371582 1.9817967414855957031 1.3377226591110229492 1.3961054086685180664 1.4231909513473510742 1.388108372688293457 2.0957691669464111328 7.36985015869140625
-9999 -9999 -9999 -9999 14.121550559997558594 19.4070892333984375 15.585412979125976562 3.0239129066467285156 2.9581849575042724609 3.0649650096893310547 3.768917083740234375 8.6949872970581054688 8.0637187957763671875 1.8629078865051269531 5.7461595535278320312 15.952779769897460938 11.374372482299804688 13.233480453491210938 19.417978286743164062 17.755962371826171875 5.6993389129638671875 5.4075922966003417969 5.5301356315612792969 4.8528184890747070312 1.1825102567672729492 1.5701040029525756836 1.7490104436874389648 1.4581524133682250977 2.0105409622192382812 1.5748888254165649414 2.4820673465728759766 1.1786712408065795898 0.74580675363540649414 0.93532699346542358398 1.3016625642776489258 1.3881218433380126953 1.7007464170455932617 2.3382875919342041016 3.7044422626495361328 3.5344889163970947266 3.4040064811706542969 4.1598944664001464844 6.6337347030639648438 17.91309356689453125
-9999 -9999 -9999 4.1413645744323730469 10.788105964660644531 21.249822616577148438 7.6904988288879394531 0.91753983497619628906 1.3421144485473632812 1.56488800048828125 4.5017080307006835938 10.720324516296386719 11.494189262390136719 5.5432801246643066406 19.91962432861328125 11.974261283874511719 13.989961624145507812 16.522922515869140625 11.367425918579101562 5.0665822029113769531 3.5003001689910888672 4.1780376434326171875 2.3141613006591796875 1.3927493095397949219 0.98019772768020629883 1.4825980663299560547 1.0476541519165039062 0.77521264553070068359 1.6772429943084716797 1.5292049646377563477 2.2771723270416259766 1.6684925556182861328 3.0780026912689208984 3.3410983085632324219 3.5338730812072753906 2.4362423419952392578 2.517780303955078125 5.2586517333984375 7.6487789154052734375 6.484905242919921875 8.3895292282104492188 17.22313690185546875 23.26657867431640625 25.857173919677734375
-9999 -9999 -9999 20.497816085815429688 18.144756317138671875 12.345830917358398438 2.9209771156311035156 0.055209968239068984985 1.2994781732559204102 3.1680145263671875 8.6967535018920898438 14.390565872192382812 9.5557031631469726562 11.8511199951171875 18.768793106079101562 6.269733428955078125 7.5262670516967773438 8.4235515594482421875 3.8440051078796386719 3.0404033660888671875 2.7655484676361083984 3.7086505889892578125 1.6203695535659790039 1.1528123617172241211 0.82941585779190063477 1.3701857328414916992 1.426385045051574707 1.4857467412948608398 2.0279173851013183594 1.9748167991638183594 2.4039387702941894531 3.2227008342742919922 5.6071286201477050781 7.49350738525390625 10.348052024841308594 12.712410926818847656 15.648297309875488281 16.655420303344726562 18.745874404907226562 24.396022796630859375 30.594738006591796875 29.890203475952148438 25.674757003784179688 21.155389785766601562
21.148946762084960938 22.877168655395507812 19.735536575317382812 13.355114936828613281 7.500873565673828125 7.8241519927978515625 3.7452900409698486328 2.4919228553771972656 3.8419616222381591797 3.6097667217254638672 9.5578508377075195312 9.4752721786499023438 11.805084228515625 8.789661407470703125 15.315772056579589844 6.0117096900939941406 7.8495531082153320312 7.4282107353210449219 1.0799443721771240234 2.2364723682403564453 2.1907770633697509766 3.6779139041900634766 2.4836556911468505859 1.0734151601791381836 0.66774713993072509766 0.94425249099731445312 1.0303407907485961914 1.8694254159927368164 2.6624553203582763672 3.1610457897186279297 4.9549932479858398438 5.649200439453125 14.159911155700683594 20.394990921020507812 28.557291030883789062 33.06455230712890625 33.458431243896484375 31.324153900146484375 27.438539505004882812 23.880640029907226562 18.772443771362304688 17.783891677856445312 20.126314163208007812 21.075389862060546875
-9999 9.056304931640625 4.1877198219299316406 5.8693308830261230469 4.2778387069702148438 5.4991006851196289062 5.9775481224060058594 5.7513585090637207031 5.3781900405883789062 5.5599956512451171875 13.453114509582519531 1.9542613029479980469 13.425327301025390625 6.1544351577758789062 14.216482162475585938 7.4024724960327148438 8.2913141250610351562 9.1961069107055664062 1.2240935564041137695 1.7294691801071166992 1.937125086784362793 3.8812794685363769531 2.4238169193267822266 1.1892248392105102539 0.49035969376564025879 0.68668419122695922852 0.94261646270751953125 1.9249340295791625977 7.7893009185791015625 14.252133369445800781 17.199193954467773438 18.156591415405273438 25.233562469482421875 26.321889877319335938 19.538829803466796875 14.946086883544921875 15.070318222045898438 15.786373138427734375 17.067897796630859375 19.965671539306640625 21.181325912475585938 16.0511474609375 9.3736772537231445312 5.7866830825805664062
-9999 -9999 2.817691802978515625 5.1155915260314941406 3.6599736213684082031 2.1749913692474365234 3.0845704078674316406 3.6813898086547851562 3.5815634727478027344 5.1942272186279296875 9.1593961715698242188 1.2647864818572998047 13.734758377075195312 4.96807098388671875 10.815825462341308594 9.0347013473510742188 7.488521575927734375 11.197478294372558594 1.4568850994110107422 2.3865773677825927734 2.4974470138549804688 3.4479024410247802734 1.8519064188003540039 1.2313295602798461914 0.42409843206405639648 0.31797125935554504395 2.0272541046142578125 11.925457954406738281 16.956941604614257812 17.684068679809570312 19.310625076293945312 19.15219879150390625 20.05768585205078125 14.531680107116699219 10.900589942932128906 11.45104217529296875 13.160639762878417969 15.580213546752929688 16.338167190551757812 15.253796577453613281 11.045892715454101562 5.7957873344421386719 1.5337253808975219727 11.746479988098144531
-9999 -9999 -9999 4.1846146583557128906 3.861591339111328125 3.6442036628723144531 2.8614523410797119141 3.8725991249084472656 5.4604778289794921875 6.0406632423400878906 13.933223724365234375 9.0975923538208007812 14.808815956115722656 5.1327977180480957031 10.227841377258300781 9.68834686279296875 11.82979583740234375 8.2697095870971679688 1.4370735883712768555 3.7255017757415771484 3.5248157978057861328 3.8047204017639160156 1.8131282329559326172 2.3656427860260009766 2.1814906597137451172 1.383607029914855957 7.2775645256042480469 14.918990135192871094 14.075737953186035156 9.2507963180541992188 6.790721893310546875 7.7311792373657226562 17.17571258544921875 9.9299669265747070312 10.412244796752929688 14.293171882629394531 10.088936805725097656 6.9063115119934082031 5.3226428031921386719 3.3550732135772705078 6.2013807296752929688 7.3417286872863769531 9.7358531951904296875 9.4277544021606445312
-9999 -9999 -9999 2.9984724521636962891 3.1510148048400878906 2.9977846145629882812 2.6493279933929443359 2.6849536895751953125 4.1970643997192382812 5.7510576248168945312 12.880220413208007812 10.487134933471679688 14.202357292175292969 5.5073628425598144531 10.43790435791015625 10.226073265075683594 11.658440589904785156 6.1004748344421386719 2.6744229793548583984 4.3820738792419433594 3.0955128669738769531 1.993595123291015625 1.0404491424560546875 1.5422899723052978516 1.1643805503845214844 1.6650750637054443359 10.991213798522949219 13.093822479248046875 10.622442245483398438 6.2315969467163085938 9.75464630126953125 14.426974296569824219 13.980572700500488281 11.13968658447265625 14.277674674987792969 5.833042144775390625 4.0084176063537597656 4.3013334274291992188 4.5336275100708007812 6.9647388458251953125 9.925853729248046875 9.1729679107666015625 9.527561187744140625 6.2909760475158691406
-9999 -9999 -9999 -9999 3.2465760707855224609 2.4789175987243652344 2.3248975276947021484 2.9788942337036132812 5.9475741386413574219 9.6011524200439453125 6.5291261672973632812 11.673761367797851562 12.654397010803222656 5.1818370819091796875 9.200672149658203125 11.289668083190917969 11.240012168884277344 6.9399323463439941406 3.6748433113098144531 3.1416921615600585938 2.0795140266418457031 1.9439845085144042969 0.92083382606506347656 0.9568150639533996582 0.59086322784423828125 1.1820816993713378906 10.623941421508789062 13.939975738525390625 10.738800048828125 9.6647443771362304688 13.765111923217773438 9.0687713623046875 10.144259452819824219 12.116670608520507812 5.7956776618957519531 3.9818713665008544922 3.3070135116577148438 3.0984694957733154297 3.2153029441833496094 11.241076469421386719 9.52392578125 11.484529495239257812 6.0039801597595214844 5.5285482406616210938
-9999 -9999 -9999 -9999 -9999 -9999 3.2564251422882080078 5.8217754364013671875 8.5690746307373046875 5.7016167640686035156 5.0578985214233398438 12.197122573852539062 10.204904556274414062 5.1623826026916503906 8.7458314895629882812 10.983557701110839844 12.662011146545410156 7.9291210174560546875 4.1987562179565429688 2.6098732948303222656 1.5908845663070678711 4.0065007209777832031 1.7327133417129516602 1.5774364471435546875 1.2630758285522460938 1.5878087282180786133 6.9301319122314453125 15.481103897094726562 15.280744552612304688 11.346723556518554688 15.370759010314941406 9.1626939773559570312 10.427165985107421875 7.5763673782348632812 6.9358754158020019531 4.4202747344970703125 3.121082305908203125 2.2922222614288330078 0.79341799020767211914 10.514801025390625 11.75891876220703125 13.687725067138671875 5.6934385299682617188 5.8934826850891113281
-9999 -9999 -9999 -9999 -9999 -9999 -9999 -9999 -9999 1.4625495672225952148 5.9630298614501953125 11.355653762817382812 8.2506093978881835938 7.4678082466125488281 10.173409461975097656 10.948565483093261719 13.898420333862304688 9.7776842117309570312 4.9385514259338378906 2.0538315773010253906 2.6575913429260253906 3.5521261692047119141 2.5565440654754638672 2.3682053089141845703 2.2343969345092773438 2.3776049613952636719 6.7043957710266113281 20.184627532958984375 17.87451171875 11.716388702392578125 14.25530242919921875 7.8322315216064453125 9.0154523849487304688 6.52967071533203125 3.9619462490081787109 0.35398390889167785645 0.55208796262741088867 0.56834489107131958008 0.48654806613922119141 8.94256591796875 15.280122756958007812 12.615955352783203125 5.83917236328125 6.969394683837890625
-9999 -9999 -9999 -9999 -9999 -9999 -9999 -9999 -9999 -9999 7.1104211807250976562 8.9485158920288085938 7.4713797569274902344 7.5827951431274414062 10.404879570007324219 12.672372817993164062 13.870232582092285156 10.497023582458496094 2.6887972354888916016 1.3141731023788452148 2.0869033336639404297 3.3173997402191162109 2.9621973037719726562 3.4658524990081787109 3.7852098941802978516 4.6428046226501464844 14.873896598815917969 22.538236618041992188 18.200723648071289062 8.7332887649536132812 13.3813323974609375 7.5183701515197753906 8.76737213134765625 7.1434993743896484375 1.7349736690521240234 0.59940558671951293945 0.49446412920951843262 0.66498219966888427734 0.93338853120803833008 10.065728187561035156 15.210587501525878906 12.072690010070800781 9.1251373291015625 9.1991510391235351562
-9999 -9999 -9999 -9999 -9999 -9999 -9999 -9999 -9999 -9999 -9999 -9999 -9999 6.575714111328125 9.7561120986938476562 14.688088417053222656 12.355685234069824219 12.098791122436523438 2.0896396636962890625 1.8749496936798095703 1.8211205005645751953 3.34754180908203125 2.8296062946319580078 3.2406675815582275391 5.2549052238464355469 11.724218368530273438 21.574527740478515625 22.123273849487304688 14.221514701843261719 14.093916893005371094 13.382198333740234375 6.978282928466796875 7.4720296859741210938 7.9742555618286132812 1.1792385578155517578 0.41661855578422546387 0.17407400906085968018 0.54533302783966064453 1.989750981330871582 12.431649208068847656 11.682747840881347656 10.235718727111816406 7.3948497772216796875 13.953490257263183594
-9999 -9999 -9999 -9999 -9999 -9999 -9999 -9999 -9999 -9999 -9999 -9999 -9999 -9999 9.814239501953125 13.740383148193359375 12.92581939697265625 12.788499832153320312 5.2305555343627929688 1.9519640207290649414 1.7855092287063598633 3.2708487510681152344 2.7661871910095214844 3.1388132572174072266 4.9562101364135742188 13.773258209228515625 27.496417999267578125 17.752023696899414062 16.633388519287109375 10.180239677429199219 8.9901037216186523438 6.2235655784606933594 8.7297639846801757812 5.6957006454467773438 0.52088695764541625977 0.2784163355827331543 0.27675518393516540527 1.1459724903106689453 4.8704705238342285156 8.384578704833984375 9.782367706298828125 14.275866508483886719 7.7862443923950195312 17.013736724853515625
-9999 -9999 -9999 -9999 -9999 -9999 -9999 -9999 -9999 -9999 -9999 -9999 -9999 -9999 -9999 13.820755958557128906 11.557789802551269531 11.647480010986328125 7.43860626220703125 3.0921080112457275391 2.0133082866668701172 3.1175937652587890625 2.8543055057525634766 3.9175393581390380859 5.0442280769348144531 9.2265176773071289062 29.5426177978515625 15.765714645385742188 17.378267288208007812 8.5032949447631835938 6.7277331352233886719 5.3381128311157226562 5.0053858757019042969 1.3731400966644287109 0.51682931184768676758 0.5645573735237121582 0.72186321020126342773 2.3773500919342041016 4.0748968124389648438 4.7765250205993652344 6.7338614463806152344 11.2059783935546875 11.842461585998535156 19.824533462524414062
-9999 -9999 -9999 -9999 -9999 -9999 -9999 -9999 -9999 -9999 -9999 -9999 -9999 -9999 -9999 17.453207015991210938 10.798959732055664062 10.289540290832519531 8.43480682373046875 8.5890226364135742188 4.3908200263977050781 3.2333514690399169922 2.8193023204803466797 2.8386697769165039062 3.2218141555786132812 8.7875680923461914062 26.485807418823242188 14.629452705383300781 18.51245880126953125 10.657109260559082031 10.021103858947753906 7.3867278099060058594 1.9623432159423828125 1.609969019889831543 1.4646062850952148438 1.5958652496337890625 2.209995269775390625 5.84418487548828125 1.6289473772048950195 3.6334109306335449219 5.2281680107116699219 9.5594635009765625 11.880377769470214844 21.529987335205078125
-9999 -9999 -9999 -9999 -9999 -9999 -9999 -9999 -9999 -9999 -9999 -9999 -9999 -9999 -9999 -9999 10.778400421142578125 6.9045395851135253906 5.3285775184631347656 7.5717973709106445312 7.1345996856689453125 4.5759987831115722656 2.0227131843566894531 1.699488520622253418 1.455462336540222168 8.1933774948120117188 23.308788299560546875 17.946367263793945312 19.9620819091796875 13.772594451904296875 13.111423492431640625 10.675418853759765625 8.0405950546264648438 2.8908026218414306641 3.096088409423828125 3.8106975555419921875 4.1913232803344726562 4.1936202049255371094 3.708160400390625 4.8354277610778808594 6.2464704513549804688 9.0038862228393554688 11.933589935302734375 22.621889114379882812
