INPUT/RASTER/ASCII/slope.asc
ncols        225
nrows        269
xllcorner    473009.983799999987
yllcorner    4429051.174800000153
cellsize     50.000000000000
NODATA_value -9999
[rows 198 to 215 of 269, columns 126 to 167 of 225]
11.032910346984863281 6.6284642219543457031 8.2103204727172851563 11.450433731079101563 12.966279029846191406 11.84191131591796875 10.601934432983398438 11.183269500732421875 10.014964103698730469 11.651118278503417969 14.031972885131835938 14.845749855041503906 14.634789466857910156 13.434956550598144531 11.39156341552734375 8.925495147705078125 7.6430425643920898438 5.4293055534362792969 4.2291364669799804688 3.1475644111633300781 2.7046833038330078125 2.3654072284698486328 2.4415941238403320313 2.5766427516937255859 2.4034316539764404297 2.1637008190155029297 2.1316289901733398438 2.4224221706390380859 2.301273345947265625 2.6105699539184570313 2.0330176353454589844 3.2572801113128662109 3.9743754863739013672 2.3571248054504394531 1.5079870223999023438 1.3254874944686889648 1.1407327651977539063 0.66966998577117919922 0.64571839570999145508 0.4122683405876159668 0.41124805808067321777 0.26952034235000610352
11.293953895568847656 4.8278784751892089844 9.1596832275390625 11.387567520141601563 12.713787078857421875 11.715332984924316406 11.332262039184570313 14.55389404296875 12.200547218322753906 12.839433670043945313 13.710871696472167969 14.811411857604980469 11.68685150146484375 8.6305227279663085938 5.4549665451049804688 3.6714603900909423828 3.1567857265472412109 1.3871120214462280273 1.6996433734893798828 2.3338184356689453125 2.5236327648162841797 2.4744906425476074219 2.531097412109375 2.4583277702331542969 2.2131056785583496094 1.9332085847854614258 2.0614609718322753906 2.3682732582092285156 2.2483222484588623047 2.4046030044555664063 1.814080357551574707 2.3137636184692382813 3.85660552978515625 2.3911211490631103516 1.7729244232177734375 1.6171128749847412109 1.138072967529296875 0.63783043622970581055 0.65412199497222900391 0.36585271358489990234 0.30858811736106872559 0.27667608857154846191
4.3631319999694824219 5.6650552749633789063 9.368412017822265625 10.325986862182617188 11.98150634765625 10.849355697631835938 10.933403968811035156 16.672582626342773438 14.435647010803222656 13.548890113830566406 10.028804779052734375 7.2913870811462402344 4.1565566062927246094 3.3732614517211914063 2.5264310836791992188 1.9635206460952758789 1.7759006023406982422 1.7976647615432739258 1.9278901815414428711 2.3895778656005859375 2.8343985080718994141 2.9870059490203857422 2.5182793140411376953 2.2205705642700195313 1.9185942411422729492 1.5222055912017822266 1.9410541057586669922 2.3305215835571289063 2.2516195774078369141 2.2754600048065185547 1.5377448797225952148 1.5435935258865356445 3.0362708568572998047 2.8252527713775634766 1.9476308822631835938 1.8854312896728515625 1.3417378664016723633 0.61671096086502075195 0.6904957890510559082 0.31788682937622070313 0.26245546340942382813 0.34247350692749023438
3.7865343093872070313 5.8070158958435058594 7.5586018562316894531 8.4709272384643554688 10.81063079833984375 10.735962867736816406 10.338562965393066406 15.999294281005859375 16.32807159423828125 14.335682868957519531 7.4833102226257324219 6.0511126518249511719 2.3011419773101806641 1.4999597072601318359 2.0741677284240722656 2.8759670257568359375 2.7041251659393310547 2.5969107151031494141 2.628780364990234375 2.4888870716094970703 2.2033610343933105469 2.0168185234069824219 2.2010848522186279297 2.1684279441833496094 2.2316155433654785156 2.0917239189147949219 2.0633821487426757813 2.3073446750640869141 2.0430796146392822266 1.5746772289276123047 0.99796175956726074219 1.1691602468490600586 1.9736361503601074219 2.8428668975830078125 2.158390045166015625 1.9831130504608154297 1.5246815681457519531 0.67410993576049804688 0.64899331331253051758 0.526088714599609375 0.47305697202682495117 0.52716356515884399414
3.7793314456939697266 4.8416390419006347656 6.5212197303771972656 6.81591796875 9.921932220458984375 11.378615379333496094 10.5417938232421875 13.3563079833984375 14.487760543823242188 16.604129791259765625 8.0821542739868164063 7.01924896240234375 4.7233638763427734375 2.5062887668609619141 4.4845781326293945313 3.9342644214630126953 2.7043986320495605469 2.4369535446166992188 2.6292030811309814453 2.6923243999481201172 2.4709696769714355469 2.2533042430877685547 2.226543426513671875 2.1613509654998779297 2.1685891151428222656 2.0263276100158691406 1.9585510492324829102 2.2830986976623535156 1.7093775272369384766 1.326685786247253418 1.1181247234344482422 1.182555079460144043 1.4849169254302978516 2.0163218975067138672 2.4295477867126464844 2.4716961383819580078 1.3628532886505126953 0.52395093441009521484 0.47429886460304260254 0.39430278539657592773 0.38579064607620239258 0.53962373733520507813
3.6976249217987060547 4.3859992027282714844 6.3029847145080566406 6.6881041526794433594 8.9239892959594726563 12.459789276123046875 11.012978553771972656 12.031217575073242188 11.849185943603515625 15.7229766845703125 10.008556365966796875 7.0004491806030273438 4.2813687324523925781 4.1281714439392089844 4.8399038314819335938 3.2132010459899902344 2.1685690879821777344 1.830778956413269043 1.7872413396835327148 1.9439963102340698242 2.1439487934112548828 1.9643458127975463867 2.0018339157104492188 1.7750103473663330078 1.2767970561981201172 0.95066159963607788086 1.6076146364212036133 2.059192657470703125 1.3346375226974487305 1.1164124011993408203 0.97337263822555541992 0.89832478761672973633 1.1603233814239501953 1.4213835000991821289 2.3853266239166259766 2.9185805320739746094 0.99260795116424560547 0.33057683706283569336 0.38403189182281494141 0.23280851542949676514 0.21731384098529815674 0.45199847221374511719
4.5519952774047851563 3.8438923358917236328 4.3250985145568847656 6.0134754180908203125 7.3039164543151855469 12.239141464233398438 11.199843406677246094 11.2424163818359375 10.74297332763671875 14.592034339904785156 13.489110946655273438 5.7190351486206054688 1.8443224430084228516 3.5068390369415283203 3.9672784805297851563 2.9520659446716308594 2.1603717803955078125 1.8795181512832641602 1.8114449977874755859 1.8118622303009033203 1.9112820625305175781 1.8826802968978881836 2.1582937240600585938 2.1415426731109619141 2.08885955810546875 1.8221727609634399414 2.1652712821960449219 1.9594738483428955078 1.5156545639038085938 1.4159028530120849609 1.2841413021087646484 1.0815126895904541016 1.1230180263519287109 1.2352617979049682617 2.1560177803039550781 2.4613859653472900391 1.5212224721908569336 0.71457761526107788086 0.6948070526123046875 0.58859580755233764648 0.58022230863571166992 0.70498794317245483398
6.3082699775695800781 3.7440860271453857422 3.345813751220703125 7.1341671943664550781 9.1606035232543945313 12.089735031127929688 10.968684196472167969 10.5538177490234375 10.265450477600097656 14.132863998413085938 14.643423080444335938 5.2316608428955078125 2.3423066139221191406 4.0022864341735839844 3.2864055633544921875 1.554265141487121582 1.4517099857330322266 1.8208945989608764648 1.8518897294998168945 1.9336018562316894531 2.089366912841796875 1.6156346797943115234 1.5278923511505126953 1.7498472929000854492 1.7743346691131591797 1.5353150367736816406 1.3211973905563354492 1.2688504457473754883 1.0217360258102416992 1.0644831657409667969 0.98638272285461425781 0.83182394504547119141 0.77122718095779418945 0.78867876529693603516 1.9823573827743530273 2.4118971824645996094 2.0159251689910888672 0.91140514612197875977 0.77439683675765991211 0.69296562671661376953 0.67177653312683105469 0.69574594497680664063
6.1428580284118652344 3.8553469181060791016 3.0321443080902099609 8.04437255859375 9.8925371170043945313 10.482989311218261719 9.2519197463989257813 9.7902126312255859375 10.122772216796875 12.773474693298339844 13.3610382080078125 7.0748629570007324219 4.3158807754516601563 2.9470129013061523438 1.8658742904663085938 1.4423414468765258789 1.5072842836380004883 1.7761297225952148438 1.7453268766403198242 1.8857934474945068359 2.3903164863586425781 2.6378767490386962891 2.3263609409332275391 1.8360067605972290039 1.665387272834777832 1.3913482427597045898 1.1453554630279541016 1.267310023307800293 1.2120651006698608398 1.0735291242599487305 0.87826097011566162109 0.72023350000381469727 0.56556439399719238281 0.41661894321441650391 1.7083225250244140625 2.7445864677429199219 2.3952322006225585938 1.3435957431793212891 1.1902948617935180664 1.1123312711715698242 1.0434442758560180664 0.98609399795532226563
8.6410436630249023438 7.6798672676086425781 6.6222310066223144531 7.0696954727172851563 9.7069110870361328125 10.443370819091796875 9.2231292724609375 10.031098365783691406 9.6390933990478515625 11.252611160278320313 10.209841728210449219 4.9323587417602539063 3.4979906082153320313 2.68550872802734375 2.3673970699310302734 2.1329450607299804688 2.1529858112335205078 2.2854866981506347656 2.296611785888671875 2.1349613666534423828 2.4638607501983642578 2.6039228439331054688 2.5370981693267822266 1.8617936372756958008 1.0946472883224487305 0.84294706583023071289 0.81881487369537353516 1.1934055089950561523 1.0479220151901245117 0.74781495332717895508 0.6658293604850769043 0.5344842076301574707 0.19183711707592010498 0.087168157100677490234 1.3271700143814086914 3.0990719795227050781 2.9252431392669677734 1.6805300712585449219 1.2664765119552612305 0.97637307643890380859 0.90850424766540527344 0.91209453344345092773
8.983776092529296875 8.2120037078857421875 5.6647238731384277344 4.4209966659545898438 9.3461008071899414063 11.168042182922363281 9.0580997467041015625 9.711151123046875 8.8877859115600585938 10.476319313049316406 8.9569225311279296875 2.5273272991180419922 1.6925251483917236328 1.8822922706604003906 1.8189235925674438477 1.6519285440444946289 1.5759710073471069336 1.8619301319122314453 1.8614679574966430664 1.901391148567199707 1.8715429306030273438 1.955065608024597168 2.7847113609313964844 2.5680720806121826172 1.5979856252670288086 1.0487295389175415039 1.0914822816848754883 1.2372899055480957031 0.68255335092544555664 0.58022534847259521484 0.82325792312622070313 0.8794466853141784668 0.39415517449378967285 0.11788370460271835327 1.1232541799545288086 3.3559803962707519531 3.8602821826934814453 2.56789398193359375 1.6274979114532470703 1.276035308837890625 1.1214842796325683594 1.0299581289291381836
10.548022270202636719 10.587122917175292969 9.7197866439819335938 6.03794097900390625 8.6174478530883789063 12.533681869506835938 9.1192140579223632813 8.6851606369018554688 8.0363378524780273438 10.509030342102050781 10.192088127136230469 6.0045475959777832031 2.2982435226440429688 2.0752165317535400391 2.0976114273071289063 2.1026511192321777344 1.9522283077239990234 2.0672278404235839844 2.1541616916656494141 2.3055925369262695313 2.2345020771026611328 2.2054767608642578125 2.6367757320404052734 2.6536252498626708984 2.1033875942230224609 1.5028929710388183594 1.2417476177215576172 1.0787628889083862305 0.73446470499038696289 0.61713904142379760742 0.75463598966598510742 0.94626182317733764648 0.83602064847946166992 1.0103917121887207031 1.7795326709747314453 3.7406122684478759766 4.8470911979675292969 2.6451275348663330078 0.83928275108337402344 0.86195844411849975586 0.87715077400207519531 0.87887400388717651367
10.403559684753417969 9.3509244918823242188 9.6279888153076171875 9.395641326904296875 7.790618896484375 10.921450614929199219 10.030222892761230469 8.2241611480712890625 6.7013134956359863281 8.4757890701293945313 8.8797807693481445313 6.3529348373413085938 2.5735371112823486328 1.9622554779052734375 1.818084716796875 1.7782115936279296875 1.8210601806640625 1.9491525888442993164 2.0082294940948486328 2.3281767368316650391 2.0932321548461914063 2.1477046012878417969 2.4291794300079345703 2.4893391132354736328 1.9686408042907714844 1.4239397048950195313 1.2611713409423828125 1.0875202417373657227 0.90459442138671875 0.8334725499153137207 0.9529946446418762207 1.2087335586547851563 1.4768656492233276367 2.4454534053802490234 3.4640636444091796875 5.1282677650451660156 5.6657691001892089844 2.1169741153717041016 1.1964589357376098633 1.3630123138427734375 1.7330127954483032227 2.2000975608825683594
13.281872749328613281 10.432663917541503906 10.371842384338378906 11.115216255187988281 8.675811767578125 7.788051605224609375 10.609324455261230469 9.4444437026977539063 7.3363704681396484375 8.3105993270874023438 9.2376279830932617188 6.3716664314270019531 2.3016982078552246094 2.0817539691925048828 2.0695157051086425781 2.0557885169982910156 2.3128550052642822266 2.4791471958160400391 2.5616903305053710938 3.2690842151641845703 3.1922357082366943359 2.5045986175537109375 2.4683241844177246094 2.3463547229766845703 1.7939285039901733398 1.2022544145584106445 1.1540467739105224609 1.0940861701965332031 1.0267937183380126953 0.91702872514724731445 1.0750535726547241211 1.5899431705474853516 1.5638312101364135742 1.7167530059814453125 3.2607283592224121094 5.9010519981384277344 5.7385811805725097656 1.8936675786972045898 1.4989763498306274414 1.4636943340301513672 1.7603310346603393555 2.1283504962921142578
15.538104057312011719 12.238911628723144531 9.6640901565551757813 9.7523908615112304688 10.496993064880371094 10.205634117126464844 8.0195131301879882813 8.9068899154663085938 8.3219814300537109375 9.4484376907348632813 8.7036905288696289063 4.665241241455078125 2.1597876548767089844 1.5684043169021606445 1.4546341896057128906 1.4422793388366699219 1.6372781991958618164 1.800038456916809082 1.6283020973205566406 2.0391447544097900391 2.9371571540832519531 2.536159515380859375 2.5051589012145996094 2.4063978195190429688 1.5459859371185302734 0.88980424404144287109 0.94422566890716552734 1.031521916389465332 1.0946918725967407227 1.1033031940460205078 1.3558107614517211914 1.8868486881256103516 1.5362260341644287109 1.1871652603149414063 3.3099341392517089844 6.2949037551879882813 5.862071990966796875 2.1531605720520019531 1.6265797615051269531 1.516773223876953125 1.5177235603332519531 1.4460512399673461914
8.1456632614135742188 13.815892219543457031 10.197339057922363281 9.4895372390747070313 9.5246248245239257813 8.8605022430419921875 7.931194305419921875 8.4078454971313476563 9.3087034225463867188 10.450692176818847656 5.5894632339477539063 2.0980126857757568359 1.8651508092880249023 1.7162958383560180664 1.6495490074157714844 1.7481786012649536133 1.9320316314697265625 2.1264410018920898438 1.9865882396697998047 1.9333478212356567383 2.8562424182891845703 2.9790720939636230469 2.8651409149169921875 2.8124332427978515625 1.4593423604965209961 0.60884928703308105469 0.82773494720458984375 0.78741014003753662109 0.65804183483123779297 1.2675310373306274414 1.5033365488052368164 1.9691624641418457031 1.9419373273849487305 2.0322401523590087891 4.9118933677673339844 7.0026402473449707031 5.6938776969909667969 1.6589745283126831055 1.2642320394515991211 1.1545583009719848633 1.38864898681640625 1.6701735258102416992
4.9665317535400390625 9.2383680343627929688 11.541659355163574219 10.929871559143066406 9.8963174819946289063 9.4392652511596679688 9.09783935546875 9.0581035614013671875 9.188579559326171875 8.9349203109741210938 2.4228367805480957031 1.2801864147186279297 1.3157943487167358398 1.3407698869705200195 1.4211915731430053711 1.6186168193817138672 2.0924134254455566406 2.3678221702575683594 2.2313387393951416016 2.0152809619903564453 2.3600804805755615234 2.6661009788513183594 2.8441076278686523438 2.9498560428619384766 2.2245965003967285156 1.3484368324279785156 1.3242300748825073242 1.1307712793350219727 0.83607810735702514648 1.2624748945236206055 1.6868473291397094727 2.2316305637359619141 1.551735997200012207 1.6812918186187744141 5.5162672996520996094 7.121623992919921875 3.9850935935974121094 1.6818376779556274414 0.91565811634063720703 1.5250844955444335938 2.9720201492309570313 2.7611937522888183594
2.5526266098022460938 4.8584847450256347656 4.6756110191345214844 7.9849810600280761719 11.062948226928710938 10.87589263916015625 9.295551300048828125 8.14168548583984375 8.5179414749145507813 4.7357730865478515625 0.79985851049423217773 0.73448634147644042969 1.1095577478408813477 1.3166624307632446289 1.4959634542465209961 2.8006217479705810547 3.6714854240417480469 3.3926374912261962891 2.7439730167388916016 2.5628995895385742188 2.4609699249267578125 2.9904336929321289063 3.2751648426055908203 2.5129296779632568359 2.5544350147247314453 2.4228062629699707031 2.1187927722930908203 1.9141054153442382813 1.6339888572692871094 1.4336349964141845703 1.6946878433227539063 2.8759424686431884766 1.1541531085968017578 1.7720509767532348633 6.16820526123046875 5.6121664047241210938 2.8694217205047607422 1.8943123817443847656 1.6945819854736328125 3.2625114917755126953 5.774913787841796875 6.7163510322570800781
