INPUT/RASTER/ASCII/soc.asc
ncols        225
nrows        269
xllcorner    473009.983799999987
yllcorner    4429051.174800000153
cellsize     50.000000000000
NODATA_value  -9999
[rows 126 to 143 of 269, columns 168 to 209 of 225]
22.035940170288085938 22.22869110107421875 22.421442031860351563 22.614194869995117188 22.792768478393554688 22.91451263427734375 23.036256790161132813 23.158000946044921875 23.279745101928710938 23.36765289306640625 23.319934844970703125 23.272216796875 23.224498748779296875 23.17678070068359375 22.962968826293945313 22.083438873291015625 21.203908920288085938 20.32437896728515625 19.444849014282226563 18.721347808837890625 18.623228073120117188 18.525106430053710938 18.4269866943359375 18.32886505126953125 18.344547271728515625 18.8163604736328125 19.288171768188476563 19.759984970092773438 20.2317962646484375 19.94944000244140625 16.473569869995117188 12.684932708740234375 8.5393209457397460938 3.9837882518768310547 0 0 0 0 0 -9999 -9999 -9999
21.797550201416015625 21.958301544189453125 22.119052886962890625 22.279804229736328125 22.451936721801757813 22.669681549072265625 22.887426376342773438 23.105169296264648438 23.32291412353515625 23.485256195068359375 23.425539016723632813 23.365819931030273438 23.306102752685546875 23.246385574340820313 23.018976211547851563 22.11944580078125 21.219915390014648438 20.320386886596679688 19.420856475830078125 18.665374755859375 18.487253189086914063 18.309133529663085938 18.131011962890625 17.952892303466796875 17.906145095825195313 18.385957717895507813 18.8657684326171875 19.3455810546875 19.8253936767578125 19.405975341796875 15.377791404724121094 11.342020988464355469 7.2986416816711425781 3.2476320266723632813 0 0 0 0 0 -9999 -9999 -9999
21.977090835571289063 22.144903182983398438 22.312715530395507813 22.480525970458984375 22.63848114013671875 22.756923675537109375 22.875368118286132813 22.99381256103515625 23.112255096435546875 23.197408676147460938 23.149126052856445313 23.1008453369140625 23.052562713623046875 23.00428009033203125 22.81089019775390625 22.03588104248046875 21.260873794555664063 20.485866546630859375 19.710859298706054688 19.038282394409179688 18.776254653930664063 18.51422882080078125 18.252202987670898438 17.990175247192382813 17.898931503295898438 18.492206573486328125 19.085481643676757813 19.6787567138671875 20.272031784057617188 20.09535980224609375 16.8326568603515625 13.56995391845703125 10.3072509765625 7.0445475578308105469 4.3976030349731445313 4.1758770942687988281 3.843669891357421875 3.2910072803497314453 2.1894762516021728516 0 0 0
22.166688919067382813 22.342500686645507813 22.518312454223632813 22.694124221801757813 22.83771514892578125 22.8521575927734375 22.866601943969726563 22.881046295166015625 22.895488739013671875 22.899805068969726563 22.863521575927734375 22.827239990234375 22.790958404541015625 22.75467681884765625 22.596446990966796875 21.94944000244140625 21.302433013916015625 20.655426025390625 20.008417129516601563 19.4215087890625 19.075483322143554688 18.729455947875976563 18.38343048095703125 18.037403106689453125 17.902095794677734375 18.611370086669921875 19.320644378662109375 20.029918670654296875 20.739192962646484375 20.814300537109375 18.347599029541015625 15.880895614624023438 13.414193153381347656 10.947489738464355469 8.8281660079956054688 7.9777989387512207031 6.8471937179565429688 5.2704935073852539063 2.9187924861907958984 0 0 0
22.35628509521484375 22.540098190307617188 22.723909378051757813 22.90772247314453125 23.03694915771484375 22.947391510009765625 22.857835769653320313 22.768280029296875 22.678722381591796875 22.602199554443359375 22.57791900634765625 22.553636550903320313 22.529354095458984375 22.50507354736328125 22.382005691528320313 21.86299896240234375 21.343990325927734375 20.824983596801757813 20.30597686767578125 19.804737091064453125 19.3747100830078125 18.944683074951171875 18.514657974243164063 18.084630966186523438 17.9052581787109375 18.730531692504882813 19.555807113647460938 20.38108062744140625 21.206356048583984375 21.533243179321289063 19.86254119873046875 18.191837310791015625 16.521135330200195313 14.850432395935058594 13.186792373657226563 11.375593185424804688 9.2076902389526367188 6.5661954879760742188 3.2768933773040771484 0 0 0
22.5458831787109375 22.737695693969726563 22.929506301879882813 23.121318817138671875 23.23618316650390625 23.04262542724609375 22.849069595336914063 22.655513763427734375 22.461956024169921875 22.304595947265625 22.292314529418945313 22.280033111572265625 22.267749786376953125 22.255468368530273438 22.16756439208984375 21.77655792236328125 21.385549545288085938 20.994543075561523438 20.603534698486328125 20.187963485717773438 19.673936843872070313 19.159910202026367188 18.645883560180664063 18.13185882568359375 17.908420562744140625 18.849695205688476563 19.7909698486328125 20.732242584228515625 21.673517227172851563 22.252185821533203125 21.377483367919921875 20.502779006958007813 19.628076553344726563 18.753374099731445313 17.4752197265625 14.430444717407226563 11.111690521240234375 7.480236053466796875 3.4897010326385498047 0 0 0
22.73548126220703125 22.935293197631835938 23.135105133056640625 23.334917068481445313 23.435415267944335938 23.137859344482421875 22.840303421020507813 22.54274749755859375 22.245189666748046875 22.006992340087890625 22.006710052490234375 22.006427764892578125 22.006147384643554688 22.005865097045898438 21.953123092651367188 21.690114974975585938 21.4271087646484375 21.16410064697265625 20.901092529296875 20.571191787719726563 19.973163604736328125 19.3751373291015625 18.777111053466796875 18.17908477783203125 17.91158294677734375 18.9688568115234375 20.02613067626953125 21.083406448364257813 22.140680313110351563 22.971126556396484375 22.892423629760742188 22.813722610473632813 22.735019683837890625 22.656316757202148438 21.695131301879882813 17.191778182983398438 12.679942131042480469 8.1596002578735351563 3.6307272911071777344 0 0 0
22.3477935791015625 22.481389999389648438 22.614988327026367188 22.748586654663085938 22.812763214111328125 22.598695755004882813 22.3846282958984375 22.170560836791992188 21.956493377685546875 21.781269073486328125 21.761739730834960938 21.742208480834960938 21.72267913818359375 21.703149795532226563 21.6566619873046875 21.502122879028320313 21.347585678100585938 21.193048477172851563 21.038511276245117188 20.824663162231445313 20.3730926513671875 19.921520233154296875 19.469949722290039063 19.018377304077148438 18.828853607177734375 19.689647674560546875 20.550439834594726563 21.411233901977539063 22.27202606201171875 22.95207977294921875 22.907703399658203125 22.8633270263671875 22.818950653076171875 22.774576187133789063 22.009576797485351563 18.356243133544921875 14.702908515930175781 11.049573898315429688 7.3962392807006835938 4.4363484382629394531 4.2126688957214355469 3.8775346279144287109
21.946214675903320313 22.011812210083007813 22.077409744262695313 22.143007278442382813 22.170335769653320313 22.044267654418945313 21.918199539184570313 21.792131423950195313 21.666063308715820313 21.557275772094726563 21.5177459716796875 21.478216171264648438 21.438686370849609375 21.3991546630859375 21.358226776123046875 21.311689376831054688 21.2651519775390625 21.218614578247070313 21.172075271606445313 21.075014114379882813 20.775442123413085938 20.475872039794921875 20.176300048828125 19.876728057861328125 19.76811981201171875 20.424913406372070313 21.081707000732421875 21.738498687744140625 22.395292282104492188 22.915273666381835938 22.886898040771484375 22.858522415161132813 22.83014678955078125 22.801771163940429688 22.230882644653320313 19.485548019409179688 16.740213394165039063 13.994879722595214844 11.249545097351074219 8.9059467315673828125 8.0480871200561523438 6.9075212478637695313
21.544635772705078125 21.542234420776367188 21.53983306884765625 21.5374298095703125 21.527906417846679688 21.489839553833007813 21.451770782470703125 21.41370391845703125 21.375635147094726563 21.333282470703125 21.273752212524414063 21.214221954345703125 21.154691696166992188 21.09516143798828125 21.05979156494140625 21.12125396728515625 21.18271636962890625 21.24417877197265625 21.30564117431640625 21.325365066528320313 21.177793502807617188 21.030221939086914063 20.882650375366210938 20.735078811645507813 20.707386016845703125 21.16017913818359375 21.612972259521484375 22.065765380859375 22.518558502197265625 22.878467559814453125 22.866092681884765625 22.853715896606445313 22.841341018676757813 22.8289642333984375 22.452188491821289063 20.614854812622070313 18.77751922607421875 16.940185546875 15.102850914001464844 13.302975654602050781 11.475818634033203125 9.288814544677734375
21.14305877685546875 21.072656631469726563 21.002254486083984375 20.931852340698242188 20.885478973388671875 20.9354095458984375 20.985342025756835938 21.035274505615234375 21.085206985473632813 21.109289169311523438 21.029758453369140625 20.950227737426757813 20.870698928833007813 20.791168212890625 20.761356353759765625 20.930818557739257813 21.10028076171875 21.269742965698242188 21.439205169677734375 21.575714111328125 21.580142974853515625 21.58457183837890625 21.589000701904296875 21.5934295654296875 21.6466522216796875 21.895444869995117188 22.144237518310546875 22.393032073974609375 22.641824722290039063 22.841663360595703125 22.845287322998046875 22.848911285400390625 22.852535247802734375 22.856159210205078125 22.673494338989257813 21.744159698486328125 20.814825057983398438 19.88549041748046875 18.956155776977539063 17.629186630249023438 14.557583808898925781 11.209589958190917969
20.741479873657226563 20.603078842163085938 20.4646759033203125 20.326274871826171875 20.24304962158203125 20.3809814453125 20.51891326904296875 20.656847000122070313 20.794778823852539063 20.885295867919921875 20.785764694213867188 20.686235427856445313 20.586704254150390625 20.48717498779296875 20.462921142578125 20.740383148193359375 21.01784515380859375 21.295307159423828125 21.572771072387695313 21.8260650634765625 21.982494354248046875 22.13892364501953125 22.295351028442382813 22.451780319213867188 22.585918426513671875 22.630710601806640625 22.675504684448242188 22.720296859741210938 22.7650909423828125 22.804857254028320313 22.824481964111328125 22.844106674194335938 22.863729476928710938 22.88335418701171875 22.894800186157226563 22.873464584350585938 22.852130889892578125 22.830797195434570313 22.809461593627929688 21.8862762451171875 17.3432464599609375 12.791659355163574219
20.754688262939453125 20.649843215942382813 20.5449981689453125 20.440151214599609375 20.377176284790039063 20.482021331787109375 20.5868682861328125 20.691713333129882813 20.796558380126953125 20.8612823486328125 20.765188217163085938 20.669094085693359375 20.572999954223632813 20.47690582275390625 20.444990158081054688 20.670305252075195313 20.895620346069335938 21.120937347412109375 21.34625244140625 21.572565078735351563 21.802873611450195313 22.033182144165039063 22.263490676879882813 22.493799209594726563 22.7087249755859375 22.86199951171875 23.0152740478515625 23.168548583984375 23.3218231201171875 23.426647186279296875 23.337278366088867188 23.247911453247070313 23.158542633056640625 23.069173812866210938 22.991411209106445313 22.960163116455078125 22.928915023803710938 22.89766693115234375 22.866418838500976563 22.107059478759765625 18.429347991943359375 14.751638412475585938
20.7778778076171875 20.709032058715820313 20.640186309814453125 20.571340560913085938 20.529987335205078125 20.598833084106445313 20.6676788330078125 20.736524581909179688 20.805370330810546875 20.842081069946289063 20.749986648559570313 20.657892227172851563 20.565797805786132813 20.473705291748046875 20.433807373046875 20.603122711181640625 20.772439956665039063 20.941755294799804688 21.111070632934570313 21.306941986083984375 21.609251022338867188 21.911558151245117188 22.2138671875 22.516176223754882813 22.811887741088867188 23.081163406372070313 23.350437164306640625 23.619710922241210938 23.88898468017578125 24.064283370971679688 23.8629150390625 23.661546707153320313 23.460178375244140625 23.258810043334960938 23.085020065307617188 23.021772384643554688 22.958524703979492188 22.895277023315429688 22.832029342651367188 22.23155975341796875 19.477849960327148438 16.724138259887695313
20.801065444946289063 20.768218994140625 20.73537445068359375 20.702527999877929688 20.68280029296875 20.71564483642578125 20.748491287231445313 20.781335830688476563 20.814182281494140625 20.822879791259765625 20.734785079956054688 20.64669036865234375 20.558597564697265625 20.470502853393554688 20.422626495361328125 20.53594207763671875 20.649257659912109375 20.7625732421875 20.875888824462890625 21.041318893432617188 21.41562652587890625 21.789936065673828125 22.164243698120117188 22.538553237915039063 22.915050506591796875 23.300325393676757813 23.68560028076171875 24.070873260498046875 24.456148147583007813 24.7019195556640625 24.388551712036132813 24.075183868408203125 23.761814117431640625 23.448446273803710938 23.178630828857421875 23.083383560180664063 22.988134384155273438 22.892887115478515625 22.797639846801757813 22.356060028076171875 20.526350021362304688 18.6966400146484375
20.824253082275390625 20.8274078369140625 20.830562591552734375 20.833715438842773438 20.835611343383789063 20.832456588745117188 20.829301834106445313 20.826147079467773438 20.822994232177734375 20.803678512573242188 20.719583511352539063 20.63549041748046875 20.551395416259765625 20.467302322387695313 20.411443710327148438 20.468759536743164063 20.526075363159179688 20.583391189575195313 20.640707015991210938 20.77569580078125 21.222003936767578125 21.66831207275390625 22.114620208740234375 22.5609283447265625 23.018213272094726563 23.519487380981445313 24.020761489868164063 24.522035598754882813 25.023311614990234375 25.339557647705078125 24.914188385009765625 24.488819122314453125 24.063451766967773438 23.638082504272460938 23.272241592407226563 23.144992828369140625 23.0177459716796875 22.890497207641601563 22.763250350952148438 22.480562210083007813 21.574850082397460938 20.669139862060546875
20.847440719604492188 20.8865966796875 20.925750732421875 20.96490478515625 20.988422393798828125 20.949268341064453125 20.910114288330078125 20.870960235595703125 20.831806182861328125 20.78447723388671875 20.704381942749023438 20.624288558959960938 20.544195175170898438 20.464099884033203125 20.400262832641601563 20.401578903198242188 20.40289306640625 20.404209136962890625 20.40552520751953125 20.510072708129882813 21.02838134765625 21.546688079833984375 22.064996719360351563 22.58330535888671875 23.12137603759765625 23.738649368286132813 24.355924606323242188 24.97319793701171875 25.590473175048828125 25.977193832397460938 25.439825057983398438 24.902456283569335938 24.365087509155273438 23.827718734741210938 23.36585235595703125 23.20660400390625 23.04735565185546875 22.8881072998046875 22.728860855102539063 22.605062484741210938 22.62335205078125 22.641641616821289063
20.985483169555664063 21.009859085083007813 21.034235000610351563 21.058610916137695313 21.065454483032226563 21.002017974853515625 20.938581466674804688 20.87514495849609375 20.811708450317382813 20.754323959350585938 20.721197128295898438 20.688068389892578125 20.654941558837890625 20.621812820434570313 20.599979400634765625 20.623416900634765625 20.646852493286132813 20.6702880859375 20.693723678588867188 20.799154281616210938 21.233221054077148438 21.66728973388671875 22.10135650634765625 22.535425186157226563 22.982440948486328125 23.481353759765625 23.980268478393554688 24.479181289672851563 24.978094100952148438 25.285160064697265625 24.82328033447265625 24.361400604248046875 23.8995208740234375 23.437641143798828125 23.047739028930664063 22.946329116821289063 22.844919204711914063 22.743511199951171875 22.642101287841796875 22.57126617431640625 22.622983932495117188 22.674701690673828125
