INPUT/RASTER/ASCII/soc.asc
ncols        225
nrows        269
xllcorner    473009.983799999987
yllcorner    4429051.174800000153
cellsize     50.000000000000
NODATA_value  -9999
[rows 144 to 161 of 269, columns 126 to 167 of 225]
21.419736862182617188 21.235134124755859375 21.399322509765625 21.563508987426757813 21.727697372436523438 21.891885757446289063 21.9961700439453125 21.86035919189453125 21.724546432495117188 21.588735580444335938 21.452922821044921875 21.3179473876953125 21.186323165893554688 21.054698944091796875 20.923074722290039063 20.79145050048828125 20.6284332275390625 20.339588165283203125 20.050741195678710938 19.761896133422851563 19.473049163818359375 19.229877471923828125 19.159572601318359375 19.066099166870117188 18.935743331909179688 18.741313934326171875 18.511514663696289063 18.553697586059570313 18.580453872680664063 18.598936080932617188 18.612468719482421875 18.691705703735351563 19.046108245849609375 19.400510787963867188 19.754911422729492188 20.10931396484375 20.421834945678710938 20.566493988037109375 20.711151123046875 20.855808258056640625 21.000467300415039063 21.11791229248046875
21.33254241943359375 21.133535385131835938 21.289724349975585938 21.445911407470703125 21.602100372314453125 21.758287429809570313 21.854574203491210938 21.71076202392578125 21.566949844360351563 21.423137664794921875 21.279325485229492188 21.134752273559570313 20.987127304077148438 20.839504241943359375 20.6918792724609375 20.544256210327148438 20.375621795654296875 20.122776031494140625 19.869930267333984375 19.617084503173828125 19.364238739013671875 19.145885467529296875 19.0571746826171875 18.950990676879882813 18.821611404418945313 18.660501480102539063 18.50528717041015625 18.528047561645507813 18.546045303344726563 18.56063079833984375 18.57269287109375 18.665283203125 19.087686538696289063 19.510087966918945313 19.932489395141601563 20.354892730712890625 20.716243743896484375 20.832902908325195313 20.949560165405273438 21.066217422485351563 21.1828765869140625 21.274717330932617188
21.2453460693359375 21.031938552856445313 21.180126190185546875 21.32831573486328125 21.476503372192382813 21.624691009521484375 21.712976455688476563 21.56116485595703125 21.409351348876953125 21.257539749145507813 21.1057281494140625 20.951557159423828125 20.787933349609375 20.624309539794921875 20.46068572998046875 20.297061920166015625 20.12281036376953125 19.905963897705078125 19.689117431640625 19.472272872924804688 19.255426406860351563 19.063245773315429688 18.96511077880859375 18.858142852783203125 18.74109649658203125 18.612476348876953125 18.502035140991210938 18.511632919311523438 18.520343780517578125 18.528284072875976563 18.535551071166992188 18.638860702514648438 19.129262924194335938 19.619665145874023438 20.110067367553710938 20.600469589233398438 21.010652542114257813 21.09931182861328125 21.187969207763671875 21.2766265869140625 21.365285873413085938 21.431524276733398438
21.158151626586914063 20.930341720581054688 21.070529937744140625 21.210718154907226563 21.3509063720703125 21.491094589233398438 21.571378707885742188 21.41156768798828125 21.2517547607421875 21.09194183349609375 20.932130813598632813 20.768362045288085938 20.58873748779296875 20.409114837646484375 20.229490280151367188 20.04986572265625 19.869998931884765625 19.689151763916015625 19.508306503295898438 19.32746124267578125 19.14661407470703125 18.981927871704101563 18.881891250610351563 18.781667709350585938 18.681253433227539063 18.580652236938476563 18.50003814697265625 18.500226974487304688 18.500413894653320313 18.50060272216796875 18.500789642333984375 18.612440109252929688 19.170841217041015625 19.729244232177734375 20.287645339965820313 20.846048355102539063 21.305063247680664063 21.365720748901367188 21.426378250122070313 21.48703765869140625 21.547695159912109375 21.588329315185546875
21.456048965454101563 21.28891754150390625 21.280488967895507813 21.272060394287109375 21.263631820678710938 21.255205154418945313 21.21807098388671875 21.065881729125976563 20.913694381713867188 20.761507034301757813 20.609317779541015625 20.460935592651367188 20.327808380126953125 20.194681167602539063 20.061552047729492188 19.928424835205078125 19.786718368530273438 19.610624313354492188 19.434530258178710938 19.258436203002929688 19.082342147827148438 18.92690277099609375 18.854244232177734375 18.781585693359375 18.708927154541015625 18.636270523071289063 18.600738525390625 18.71401214599609375 18.827287673950195313 18.940561294555664063 19.053836822509765625 19.229793548583984375 19.656988143920898438 20.084184646606445313 20.511379241943359375 20.938573837280273438 21.294790267944335938 21.36650848388671875 21.438226699829101563 21.509944915771484375 21.581663131713867188 21.62795257568359375
21.763210296630859375 21.658567428588867188 21.498138427734375 21.337711334228515625 21.177282333374023438 21.01685333251953125 20.859666824340820313 20.715478897094726563 20.571290969848632813 20.427103042602539063 20.282915115356445313 20.15052032470703125 20.065393447875976563 19.980264663696289063 19.895137786865234375 19.810009002685546875 19.707515716552734375 19.53542327880859375 19.363328933715820313 19.191234588623046875 19.019140243530273438 18.872493743896484375 18.8278350830078125 18.783176422119140625 18.738519668579101563 18.693861007690429688 18.703901290893554688 18.933176040649414063 19.162448883056640625 19.3917236328125 19.620998382568359375 19.862636566162109375 20.153833389282226563 20.445028305053710938 20.736223220825195313 21.027418136596679688 21.277185440063476563 21.360904693603515625 21.444622039794921875 21.528341293334960938 21.612058639526367188 21.664758682250976563
22.07037353515625 22.028217315673828125 21.715787887573242188 21.403360366821289063 21.090930938720703125 20.778501510620117188 20.501264572143554688 20.365076065063476563 20.22888946533203125 20.092700958251953125 19.956512451171875 19.840105056762695313 19.802976608276367188 19.765850067138671875 19.72872161865234375 19.691593170166015625 19.628314971923828125 19.460222244262695313 19.292127609252929688 19.124032974243164063 18.95594024658203125 18.818084716796875 18.801425933837890625 18.78476715087890625 18.768110275268554688 18.751451492309570313 18.807064056396484375 19.152338027954101563 19.49761199951171875 19.842885971069335938 20.188159942626953125 20.495481491088867188 20.650676727294921875 20.805871963500976563 20.96106719970703125 21.116262435913085938 21.25958251953125 21.3553009033203125 21.451019287109375 21.546735763549804688 21.642454147338867188 21.701562881469726563
22.377536773681640625 22.39786529541015625 21.933437347412109375 21.4690093994140625 21.004579544067382813 20.540151596069335938 20.142862319946289063 20.014675140380859375 19.886486053466796875 19.758298873901367188 19.6301116943359375 19.529689788818359375 19.540561676025390625 19.551433563232421875 19.562305450439453125 19.573179244995117188 19.549114227294921875 19.385019302368164063 19.220926284790039063 19.056833267211914063 18.89273834228515625 18.763675689697265625 18.77501678466796875 18.786359786987304688 18.797700881958007813 18.809041976928710938 18.91022491455078125 19.371500015258789063 19.832775115966796875 20.294048309326171875 20.755323410034179688 21.128324508666992188 21.147520065307617188 21.166715621948242188 21.185911178588867188 21.205106735229492188 21.241979598999023438 21.349697113037109375 21.457414627075195313 21.56513214111328125 21.672849655151367188 21.738368988037109375
22.684698104858398438 22.767515182495117188 22.151086807250976563 21.534658432006835938 20.918230056762695313 20.301799774169921875 19.784460067749023438 19.664272308349609375 19.544084548950195313 19.42389678955078125 19.303709030151367188 19.219274520874023438 19.278146743774414063 19.337018966674804688 19.395891189575195313 19.454763412475585938 19.469913482666015625 19.309818267822265625 19.149724960327148438 18.98963165283203125 18.829538345336914063 18.70926666259765625 18.748607635498046875 18.787950515747070313 18.827291488647460938 18.866634368896484375 19.013387680053710938 19.590662002563476563 20.167936325073242188 20.745210647583007813 21.322484970092773438 21.76116943359375 21.644365310668945313 21.527561187744140625 21.410757064819335938 21.293951034545898438 21.224374771118164063 21.34409332275390625 21.463811874389648438 21.583528518676757813 21.7032470703125 21.775173187255859375
22.507572174072265625 22.552759170532226563 21.987443923950195313 21.42212677001953125 20.8568115234375 20.29149627685546875 19.821338653564453125 19.732585906982421875 19.643835067749023438 19.555082321166992188 19.46633148193359375 19.390123367309570313 19.364191055297851563 19.338258743286132813 19.312326431274414063 19.286394119262695313 19.275808334350585938 19.326732635498046875 19.377656936645507813 19.428583145141601563 19.4795074462890625 19.532930374145507813 19.59636688232421875 19.659803390502929688 19.723237991333007813 19.78667449951171875 19.93609619140625 20.430164337158203125 20.92423248291015625 21.418300628662109375 21.912366867065429688 22.26666259765625 22.06072998046875 21.85479736328125 21.64886474609375 21.442934036254882813 21.308320999145507813 21.459569931030273438 21.61081695556640625 21.762065887451171875 21.913312911987304688 22.004940032958984375
22.318792343139648438 22.323940277099609375 21.814624786376953125 21.305309295654296875 20.795993804931640625 20.286678314208984375 19.867727279663085938 19.810976028442382813 19.754224777221679688 19.697473526000976563 19.640720367431640625 19.572551727294921875 19.458620071411132813 19.344686508178710938 19.230754852294921875 19.1168212890625 19.078937530517578125 19.345861434936523438 19.612787246704101563 19.879713058471679688 20.146636962890625 20.377721786499023438 20.465158462524414063 20.552595138549804688 20.6400299072265625 20.727466583251953125 20.878526687622070313 21.284593582153320313 21.690660476684570313 22.096729278564453125 22.502796173095703125 22.769090652465820313 22.47515869140625 22.181226730346679688 21.887294769287109375 21.59336090087890625 21.394710540771484375 21.577959060668945313 21.76120758056640625 21.944454193115234375 22.127702713012695313 22.239349365234375
22.130014419555664063 22.095123291015625 21.64180755615234375 21.1884918212890625 20.73517608642578125 20.2818603515625 19.914117813110351563 19.88936614990234375 19.864614486694335938 19.839862823486328125 19.815111160278320313 19.754980087280273438 19.55304718017578125 19.351116180419921875 19.149183273315429688 18.9472503662109375 18.882066726684570313 19.364992141723632813 19.847917556762695313 20.330842971801757813 20.8137664794921875 21.222515106201171875 21.333950042724609375 21.445386886596679688 21.55682373046875 21.6682586669921875 21.820955276489257813 22.1390228271484375 22.457090377807617188 22.775157928466796875 23.09322357177734375 23.271518707275390625 22.88958740234375 22.507654190063476563 22.125722885131835938 21.7437896728515625 21.481100082397460938 21.696348190307617188 21.911596298217773438 22.126844406127929688 22.342092514038085938 22.473758697509765625
21.941234588623046875 21.866304397583007813 21.468988418579101563 21.071672439575195313 20.674356460571289063 20.277042388916015625 19.960506439208984375 19.967756271362304688 19.975004196166992188 19.982252120971679688 19.989500045776367188 19.937408447265625 19.6474761962890625 19.3575439453125 19.0676116943359375 18.777677536010742188 18.685197830200195313 19.384122848510742188 20.08304595947265625 20.781970977783203125 21.48089599609375 22.0673065185546875 22.2027435302734375 22.338178634643554688 22.473615646362304688 22.609050750732421875 22.763383865356445313 22.993450164794921875 23.22351837158203125 23.453586578369140625 23.683652877807617188 23.773946762084960938 23.30401611328125 22.83408355712890625 22.3641510009765625 21.89421844482421875 21.5674896240234375 21.814739227294921875 22.061986923217773438 22.309234619140625 22.556482315063476563 22.70816802978515625
21.752454757690429688 21.637487411499023438 21.296171188354492188 20.954854965209960938 20.613538742065429688 20.27222442626953125 20.00689697265625 20.046144485473632813 20.085393905639648438 20.12464141845703125 20.163890838623046875 20.119836807250976563 19.74190521240234375 19.363971710205078125 18.986040115356445313 18.608106613159179688 18.4883270263671875 19.40325164794921875 20.31817626953125 21.23310089111328125 22.148027420043945313 22.912097930908203125 23.071535110473632813 23.230970382690429688 23.390407562255859375 23.549844741821289063 23.705812454223632813 23.847879409790039063 23.989946365356445313 24.132015228271484375 24.274082183837890625 24.276376724243164063 23.718442916870117188 23.160511016845703125 22.602579116821289063 22.044647216796875 21.653879165649414063 21.93312835693359375 22.212375640869140625 22.491624832153320313 22.770872116088867188 22.942577362060546875
22.136301040649414063 21.952423095703125 21.5538330078125 21.155242919921875 20.75665283203125 20.358060836791992188 20.049386978149414063 20.101104736328125 20.15282440185546875 20.204542160034179688 20.256259918212890625 20.23035430908203125 19.893320083618164063 19.556285858154296875 19.219251632690429688 18.8822174072265625 18.791501998901367188 19.688066482543945313 20.584630966186523438 21.481195449829101563 22.377758026123046875 23.129589080810546875 23.301305770874023438 23.473024368286132813 23.644742965698242188 23.816461563110351563 23.982625961303710938 24.126531600952148438 24.270437240600585938 24.414342880249023438 24.558248519897460938 24.5740814208984375 24.076578140258789063 23.579074859619140625 23.081569671630859375 22.584066390991210938 22.220754623413085938 22.395290374755859375 22.569828033447265625 22.744365692138671875 22.918903350830078125 23.008234024047851563
22.533924102783203125 22.2804412841796875 21.821851730346679688 21.363262176513671875 20.90467071533203125 20.446081161499023438 20.091783523559570313 20.1555023193359375 20.219219207763671875 20.282938003540039063 20.34665679931640625 20.339139938354492188 20.04610443115234375 19.753070831298828125 19.4600372314453125 19.167003631591796875 19.106710433959960938 19.979274749755859375 20.851839065551757813 21.72440338134765625 22.596965789794921875 23.3319854736328125 23.515703201293945313 23.699420928955078125 23.883138656616210938 24.066858291625976563 24.243425369262695313 24.391330718994140625 24.539236068725585938 24.68714141845703125 24.835048675537109375 24.86685943603515625 24.43335723876953125 23.999853134155273438 23.566349029541015625 23.132846832275390625 22.799188613891601563 22.865726470947265625 22.932264328002929688 22.998800277709960938 23.065338134765625 23.06983184814453125
22.931547164916992188 22.608461380004882813 22.089870452880859375 21.57128143310546875 21.052690505981445313 20.534101486206054688 20.134180068969726563 20.209897994995117188 20.285615921020507813 20.361333847045898438 20.437051773071289063 20.447925567626953125 20.19889068603515625 19.949857711791992188 19.700822830200195313 19.451787948608398438 19.421918869018554688 20.270483016967773438 21.119047164916992188 21.967611312866210938 22.816173553466796875 23.534379959106445313 23.730098724365234375 23.925817489624023438 24.121534347534179688 24.31725311279296875 24.504222869873046875 24.656129837036132813 24.808034896850585938 24.959939956665039063 25.111846923828125 25.159639358520507813 24.790136337280273438 24.420633316040039063 24.051128387451171875 23.6816253662109375 23.37762451171875 23.336160659790039063 23.294698715209960938 23.253236770629882813 23.211772918701171875 23.131429672241210938
23.32917022705078125 22.936481475830078125 22.357891082763671875 21.779300689697265625 21.200710296630859375 20.622119903564453125 20.176576614379882813 20.264293670654296875 20.35201263427734375 20.439729690551757813 20.527448654174804688 20.556711196899414063 20.35167694091796875 20.146642684936523438 19.941608428955078125 19.736574172973632813 19.737127304077148438 20.5616912841796875 21.38625335693359375 22.210817337036132813 23.035381317138671875 23.736776351928710938 23.944494247436523438 24.152212142944335938 24.35993194580078125 24.56764984130859375 24.76502227783203125 24.920927047729492188 25.076833724975585938 25.232738494873046875 25.388645172119140625 25.452419281005859375 25.146915435791015625 24.841411590576171875 24.535907745361328125 24.230403900146484375 23.956058502197265625 23.806596755981445313 23.657133102416992188 23.507671356201171875 23.35820770263671875 23.193025588989257813
