INPUT/RASTER/ASCII/soc.asc
ncols        225
nrows        269
xllcorner    473000.000000000000
yllcorner    4429100.000000000000
cellsize     50.000000000000
NODATA_value -9999
[rows 168 to 195 of 269, columns 128 to 191 of 225]
481 476.806793212890625 460 460 460 460 456.605499267578125 443 443 443 443 439.0064697265625 423 423 423 423 434.7808837890625 482 482 482 482 487.790618896484375 511 511 511 511 502.214263916015625 467 467 467 467 464.004852294921875 452 452 452 452 453.19805908203125 458 458 458 458 462.991912841796875 483 483 483 483 480.004852294921875 468 468 468 468 477.384765625 515 515 515 515 541.35723876953125 647 647 647 647 649.79547119140625 661 661
481 476.806793212890625 460 460 460 460 456.605499267578125 443 443 443 443 439.0064697265625 423 423 423 423 434.7808837890625 482 482 482 482 487.790618896484375 511 511 511 511 502.214263916015625 467 467 467 467 464.004852294921875 452 452 452 452 453.19805908203125 458 458 458 458 462.991912841796875 483 483 483 483 480.004852294921875 468 468 468 468 477.384765625 515 515 515 515 541.35723876953125 647 647 647 647 649.79547119140625 661 661
481 476.806793212890625 460 460 460 460 456.605499267578125 443 443 443 443 439.0064697265625 423 423 423 423 434.7808837890625 482 482 482 482 487.790618896484375 511 511 511 511 502.214263916015625 467 467 467 467 464.004852294921875 452 452 452 452 453.19805908203125 458 458 458 458 462.991912841796875 483 483 483 483 480.004852294921875 468 468 468 468 477.384765625 515 515 515 515 541.35723876953125 647 647 647 647 649.79547119140625 661 661
584.5093994140625 582.85101318359375 576.2039794921875 576.2039794921875 576.2039794921875 576.2039794921875 554.28594970703125 466.43609619140625 466.43609619140625 466.43609619140625 466.43609619140625 463.02752685546875 449.3656005859375 449.3656005859375 449.3656005859375 449.3656005859375 450.22735595703125 453.681396484375 453.681396484375 453.681396484375 453.681396484375 456.742218017578125 469.01031494140625 469.01031494140625 469.01031494140625 469.01031494140625 465.294189453125 450.399444580078125 450.399444580078125 450.399444580078125 450.399444580078125 451.49896240234375 455.906005859375 455.906005859375 455.906005859375 455.906005859375 453.98431396484375 446.281951904296875 446.281951904296875 446.281951904296875 446.281951904296875 447.56915283203125 452.728363037109375 452.728363037109375 452.728363037109375 452.728363037109375 462.212249755859375 500.224639892578125 500.224639892578125 500.224639892578125 500.224639892578125 499.86016845703125 498.399444580078125 498.399444580078125 498.399444580078125 498.399444580078125 511.692718505859375 564.97369384765625 564.97369384765625 564.97369384765625 564.97369384765625 557.239990234375 526.242431640625 526.242431640625
587 585.402587890625 579 579 579 579 556.63629150390625 467 467 467 467 463.605499267578125 450 450 450 450 450.599029541015625 453 453 453 453 455.995147705078125 468 468 468 468 464.40582275390625 450 450 450 450 451.19805908203125 456 456 456 456 454.00323486328125 446 446 446 446 447.19805908203125 452 452 452 452 461.78411865234375 501 501 501 501 500.400970458984375 498 498 498 498 510.97894287109375 563 563 563 563 555.012939453125 523 523
587 585.402587890625 579 579 579 579 556.63629150390625 467 467 467 467 463.605499267578125 450 450 450 450 450.599029541015625 453 453 453 453 455.995147705078125 468 468 468 468 464.40582275390625 450 450 450 450 451.19805908203125 456 456 456 456 454.00323486328125 446 446 446 446 447.19805908203125 452 452 452 452 461.78411865234375 501 501 501 501 500.400970458984375 498 498 498 498 510.97894287109375 563 563 563 563 555.012939453125 523 523
587 585.402587890625 579 579 579 579 556.63629150390625 467 467 467 467 463.605499267578125 450 450 450 450 450.599029541015625 453 453 453 453 455.995147705078125 468 468 468 468 464.40582275390625 450 450 450 450 451.19805908203125 456 456 456 456 454.00323486328125 446 446 446 446 447.19805908203125 452 452 452 452 461.78411865234375 501 501 501 501 500.400970458984375 498 498 498 498 510.97894287109375 563 563 563 563 555.012939453125 523 523
587 585.402587890625 579 579 579 579 556.63629150390625 467 467 467 467 463.605499267578125 450 450 450 450 450.599029541015625 453 453 453 453 455.995147705078125 468 468 468 468 464.40582275390625 450 450 450 450 451.19805908203125 456 456 456 456 454.00323486328125 446 446 446 446 447.19805908203125 452 452 452 452 461.78411865234375 501 501 501 501 500.400970458984375 498 498 498 498 510.97894287109375 563 563 563 563 555.012939453125 523 523
584.07049560546875 577.20849609375 549.70489501953125 549.70489501953125 549.70489501953125 549.70489501953125 527.14617919921875 436.728363037109375 436.728363037109375 436.728363037109375 436.728363037109375 437.03857421875 438.281951904296875 438.281951904296875 438.281951904296875 438.281951904296875 443.365631103515625 463.741546630859375 463.741546630859375 463.741546630859375 463.741546630859375 469.271484375 491.43609619140625 491.43609619140625 491.43609619140625 491.43609619140625 484.91717529296875 458.788543701171875 458.788543701171875 458.788543701171875 458.788543701171875 451.602264404296875 422.798858642578125 422.798858642578125 422.798858642578125 422.798858642578125 430.746307373046875 462.600555419921875 462.600555419921875 462.600555419921875 462.600555419921875 460.09393310546875 450.0469970703125 450.0469970703125 450.0469970703125 450.0469970703125 461.3909912109375 506.8590087890625 506.8590087890625 506.8590087890625 506.8590087890625 519.90887451171875 572.21429443359375 572.21429443359375 572.21429443359375 572.21429443359375 562.38006591796875 522.96331787109375 522.96331787109375 522.96331787109375 522.96331787109375 523.7506103515625 526.906005859375 526.906005859375
584 577.0113525390625 549 549 549 549 526.43658447265625 436 436 436 436 436.39935302734375 438 438 438 438 443.19158935546875 464 464 464 464 469.5909423828125 492 492 492 492 485.41070556640625 459 459 459 459 451.61199951171875 422 422 422 422 430.18670654296875 463 463 463 463 460.404205322265625 450 450 450 450 461.38153076171875 507 507 507 507 520.3782958984375 574 574 574 574 563.6168212890625 522 522 522 522 522.99835205078125 527 527
584 577.0113525390625 549 549 549 549 526.43658447265625 436 436 436 436 436.39935302734375 438 438 438 438 443.19158935546875 464 464 464 464 469.5909423828125 492 492 492 492 485.41070556640625 459 459 459 459 451.61199951171875 422 422 422 422 430.18670654296875 463 463 463 463 460.404205322265625 450 450 450 450 461.38153076171875 507 507 507 507 520.3782958984375 574 574 574 574 563.6168212890625 522 522 522 522 522.99835205078125 527 527
584 577.0113525390625 549 549 549 549 526.43658447265625 436 436 436 436 436.39935302734375 438 438 438 438 443.19158935546875 464 464 464 464 469.5909423828125 492 492 492 492 485.41070556640625 459 459 459 459 451.61199951171875 422 422 422 422 430.18670654296875 463 463 463 463 460.404205322265625 450 450 450 450 461.38153076171875 507 507 507 507 520.3782958984375 574 574 574 574 563.6168212890625 522 522 522 522 522.99835205078125 527 527
584 577.0113525390625 549 549 549 549 526.43658447265625 436 436 436 436 436.39935302734375 438 438 438 438 443.19158935546875 464 464 464 464 469.5909423828125 492 492 492 492 485.41070556640625 459 459 459 459 451.61199951171875 422 422 422 422 430.18670654296875 463 463 463 463 460.404205322265625 450 450 450 450 461.38153076171875 507 507 507 507 520.3782958984375 574 574 574 574 563.6168212890625 522 522 522 522 522.99835205078125 527 527
495.13812255859375 511.157623291015625 575.3656005859375 575.3656005859375 575.3656005859375 575.3656005859375 568.98590087890625 543.41546630859375 543.41546630859375 543.41546630859375 543.41546630859375 531.14080810546875 481.94268798828125 481.94268798828125 481.94268798828125 481.94268798828125 512.09228515625 632.9351806640625 632.9351806640625 632.9351806640625 632.9351806640625 605.9637451171875 497.8590087890625 497.8590087890625 497.8590087890625 497.8590087890625 489.1248779296875 454.11749267578125 454.11749267578125 454.11749267578125 454.11749267578125 451.214111328125 439.577056884765625 439.577056884765625 439.577056884765625 439.577056884765625 445.813934326171875 470.812042236328125 470.812042236328125 470.812042236328125 470.812042236328125 462.95166015625 431.4464111328125 431.4464111328125 431.4464111328125 431.4464111328125 432.10382080078125 434.73870849609375 434.73870849609375 434.73870849609375 434.73870849609375 455.72137451171875 539.8223876953125 539.8223876953125 539.8223876953125 539.8223876953125 532.16900634765625 501.493408203125 501.493408203125 501.493408203125 501.493408203125 506.9764404296875 528.9530029296875 528.9530029296875
493 509.5731201171875 576 576 576 576 570.00970458984375 546 546 546 546 533.42041015625 483 483 483 483 513.7501220703125 637 637 637 637 609.24505615234375 498 498 498 498 489.214263916015625 454 454 454 454 451.20452880859375 440 440 440 440 446.18994140625 471 471 471 471 463.012969970703125 431 431 431 431 431.39935302734375 433 433 433 433 454.1656494140625 539 539 539 539 531.41229248046875 501 501 501 501 506.5909423828125 529 529
493 509.5731201171875 576 576 576 576 570.00970458984375 546 546 546 546 533.42041015625 483 483 483 483 513.7501220703125 637 637 637 637 609.24505615234375 498 498 498 498 489.214263916015625 454 454 454 454 451.20452880859375 440 440 440 440 446.18994140625 471 471 471 471 463.012969970703125 431 431 431 431 431.39935302734375 433 433 433 433 454.1656494140625 539 539 539 539 531.41229248046875 501 501 501 501 506.5909423828125 529 529
493 509.5731201171875 576 576 576 576 570.00970458984375 546 546 546 546 533.42041015625 483 483 483 483 513.7501220703125 637 637 637 637 609.24505615234375 498 498 498 498 489.214263916015625 454 454 454 454 451.20452880859375 440 440 440 440 446.18994140625 471 471 471 471 463.012969970703125 431 431 431 431 431.39935302734375 433 433 433 433 454.1656494140625 539 539 539 539 531.41229248046875 501 501 501 501 506.5909423828125 529 529
493 509.5731201171875 576 576 576 576 570.00970458984375 546 546 546 546 533.42041015625 483 483 483 483 513.7501220703125 637 637 637 637 609.24505615234375 498 498 498 498 489.214263916015625 454 454 454 454 451.20452880859375 440 440 440 440 446.18994140625 471 471 471 471 463.012969970703125 431 431 431 431 431.39935302734375 433 433 433 433 454.1656494140625 539 539 539 539 531.41229248046875 501 501 501 501 506.5909423828125 529 529
428.550750732421875 430.889984130859375 440.26593017578125 440.26593017578125 440.26593017578125 440.26593017578125 457.088836669921875 524.51690673828125 524.51690673828125 524.51690673828125 524.51690673828125 529.48590087890625 549.40228271484375 549.40228271484375 549.40228271484375 549.40228271484375 574.10784912109375 673.13067626953125 673.13067626953125 673.13067626953125 673.13067626953125 637.77130126953125 496.0469970703125 496.0469970703125 496.0469970703125 496.0469970703125 498.76531982421875 509.660736083984375 509.660736083984375 509.660736083984375 509.660736083984375 501.210723876953125 467.34210205078125 467.34210205078125 467.34210205078125 467.34210205078125 466.902587890625 465.1409912109375 465.1409912109375 465.1409912109375 465.1409912109375 470.412872314453125 491.543243408203125 491.543243408203125 491.543243408203125 491.543243408203125 486.678009033203125 467.177642822265625 467.177642822265625 467.177642822265625 467.177642822265625 465.33514404296875 457.950164794921875 457.950164794921875 457.950164794921875 457.950164794921875 460.306671142578125 469.751861572265625 469.751861572265625 469.751861572265625 469.751861572265625 472.808013916015625 485.05731201171875 485.05731201171875
427 428.99676513671875 437 437 437 437 454.371826171875 524 524 524 524 529.3912353515625 551 551 551 551 575.56011962890625 674 674 674 674 638.4576416015625 496 496 496 496 498.995147705078125 511 511 511 511 502.4139404296875 468 468 468 468 467.400970458984375 465 465 465 465 470.5909423828125 493 493 493 493 488.008087158203125 468 468 468 468 465.6038818359375 456 456 456 456 458.595794677734375 469 469 469 469 471.995147705078125 484 484
427 428.99676513671875 437 437 437 437 454.371826171875 524 524 524 524 529.3912353515625 551 551 551 551 575.56011962890625 674 674 674 674 638.4576416015625 496 496 496 496 498.995147705078125 511 511 511 511 502.4139404296875 468 468 468 468 467.400970458984375 465 465 465 465 470.5909423828125 493 493 493 493 488.008087158203125 468 468 468 468 465.6038818359375 456 456 456 456 458.595794677734375 469 469 469 469 471.995147705078125 484 484
427 428.99676513671875 437 437 437 437 454.371826171875 524 524 524 524 529.3912353515625 551 551 551 551 575.56011962890625 674 674 674 674 638.4576416015625 496 496 496 496 498.995147705078125 511 511 511 511 502.4139404296875 468 468 468 468 467.400970458984375 465 465 465 465 470.5909423828125 493 493 493 493 488.008087158203125 468 468 468 468 465.6038818359375 456 456 456 456 458.595794677734375 469 469 469 469 471.995147705078125 484 484
427 428.99676513671875 437 437 437 437 454.371826171875 524 524 524 524 529.3912353515625 551 551 551 551 575.56011962890625 674 674 674 674 638.4576416015625 496 496 496 496 498.995147705078125 511 511 511 511 502.4139404296875 468 468 468 468 467.400970458984375 465 465 465 465 470.5909423828125 493 493 493 493 488.008087158203125 468 468 468 468 465.6038818359375 456 456 456 456 458.595794677734375 469 469 469 469 471.995147705078125 484 484
388.916351318359375 418.01593017578125 534.650390625 534.650390625 534.650390625 534.650390625 533.10870361328125 526.92950439453125 526.92950439453125 526.92950439453125 526.92950439453125 516.33203125 473.856170654296875 473.856170654296875 473.856170654296875 473.856170654296875 486.717254638671875 538.26593017578125 538.26593017578125 538.26593017578125 538.26593017578125 528.65655517578125 490.1409912109375 490.1409912109375 490.1409912109375 490.1409912109375 499.570587158203125 537.3656005859375 537.3656005859375 537.3656005859375 537.3656005859375 518.8353271484375 444.56390380859375 444.56390380859375 444.56390380859375 444.56390380859375 448.644500732421875 465 465 465 465 466.30126953125 471.51690673828125 471.51690673828125 471.51690673828125 471.51690673828125 468.669830322265625 457.258453369140625 457.258453369140625 457.258453369140625 457.258453369140625 462.271759033203125 482.3656005859375 482.3656005859375 482.3656005859375 482.3656005859375 483.20654296875 486.577056884765625 486.577056884765625 486.577056884765625 486.577056884765625 482.552764892578125 466.422943115234375 466.422943115234375
388 417.751708984375 537 537 537 537 535.00323486328125 527 527 527 527 516.017822265625 472 472 472 472 484.57958984375 535 535 535 535 526.01458740234375 490 490 490 490 499.584442138671875 538 538 538 538 519.23046875 444 444 444 444 448.193206787109375 465 465 465 465 466.19805908203125 471 471 471 471 468.20452880859375 457 457 457 457 462.19158935546875 483 483 483 483 483.7987060546875 487 487 487 487 482.806793212890625 466 466
388 417.751708984375 537 537 537 537 535.00323486328125 527 527 527 527 516.017822265625 472 472 472 472 484.57958984375 535 535 535 535 526.01458740234375 490 490 490 490 499.584442138671875 538 538 538 538 519.23046875 444 444 444 444 448.193206787109375 465 465 465 465 466.19805908203125 471 471 471 471 468.20452880859375 457 457 457 457 462.19158935546875 483 483 483 483 483.7987060546875 487 487 487 487 482.806793212890625 466 466
388 417.751708984375 537 537 537 537 535.00323486328125 527 527 527 527 516.017822265625 472 472 472 472 484.57958984375 535 535 535 535 526.01458740234375 490 490 490 490 499.584442138671875 538 538 538 538 519.23046875 444 444 444 444 448.193206787109375 465 465 465 465 466.19805908203125 471 471 471 471 468.20452880859375 457 457 457 457 462.19158935546875 483 483 483 483 483.7987060546875 487 487 487 487 482.806793212890625 466 466
388 417.751708984375 537 537 537 537 535.00323486328125 527 527 527 527 516.017822265625 472 472 472 472 484.57958984375 535 535 535 535 526.01458740234375 490 490 490 490 499.584442138671875 538 538 538 538 519.23046875 444 444 444 444 448.193206787109375 465 465 465 465 466.19805908203125 471 471 471 471 468.20452880859375 457 457 457 457 462.19158935546875 483 483 483 483 483.7987060546875 487 487 487 487 482.806793212890625 466 466
