INPUT/RASTER/ASCII/soc.asc
ncols        225
nrows        269
xllcorner    473009.983799999987
yllcorner    4429051.174800000153
cellsize     50.000000000000
NODATA_value  -9999
[rows 234 to 251 of 269, columns 126 to 167 of 225]
20.841754913330078125 20.67766571044921875 20.286512374877929688 19.895357131958007813 19.50420379638671875 19.113048553466796875 18.793590545654296875 18.76149749755859375 18.729402542114257813 18.697309494018554688 18.665216445922851563 18.640460968017578125 18.64511871337890625 18.649776458740234375 18.6544342041015625 18.659091949462890625 18.634771347045898438 18.49430084228515625 18.353830337524414063 18.213361740112304688 18.0728912353515625 17.9579620361328125 17.94539642333984375 17.932832717895507813 17.920269012451171875 17.907705307006835938 17.989040374755859375 18.446733474731445313 18.904424667358398438 19.362115859985351563 19.819807052612304688 20.21703338623046875 20.371906280517578125 20.526777267456054688 20.681650161743164063 20.836521148681640625 21.021209716796875 21.325397491455078125 21.62958526611328125 21.933773040771484375 22.2379608154296875 22.475461959838867188
21.04096221923828125 20.850477218627929688 20.423322677612304688 19.9961700439453125 19.5690155029296875 19.1418609619140625 18.794389724731445313 18.76629638671875 18.738203048706054688 18.710107803344726563 18.68201446533203125 18.65486907958984375 18.631526947021484375 18.608184814453125 18.584842681884765625 18.56150054931640625 18.518764495849609375 18.398294448852539063 18.27782440185546875 18.157354354858398438 18.036884307861328125 17.942752838134765625 17.954189300537109375 17.965625762939453125 17.977062225341796875 17.988498687744140625 18.074665069580078125 18.460355758666992188 18.846048355102539063 19.231739044189453125 19.617431640625 19.966617584228515625 20.169490814208984375 20.372362136840820313 20.57523345947265625 20.778106689453125 20.99961090087890625 21.29579925537109375 21.59198760986328125 21.88817596435546875 22.184362411499023438 22.430637359619140625
21.240169525146484375 21.023288726806640625 20.5601348876953125 20.096981048583984375 19.63382720947265625 19.170673370361328125 18.79518890380859375 18.77109527587890625 18.74700164794921875 18.72290802001953125 18.69881439208984375 18.669279098510742188 18.617937088012695313 18.566595077514648438 18.51525115966796875 18.463909149169921875 18.402757644653320313 18.302288055419921875 18.201818466186523438 18.101346969604492188 18.00087738037109375 17.927545547485351563 17.962982177734375 17.998418807983398438 18.033853530883789063 18.0692901611328125 18.160287857055664063 18.473979949951171875 18.787670135498046875 19.101362228393554688 19.4150543212890625 19.7162017822265625 19.967073440551757813 20.217947006225585938 20.46881866455078125 20.719690322875976563 20.978013992309570313 21.266201019287109375 21.55438995361328125 21.842576980590820313 22.130765914916992188 22.385812759399414063
21.4393768310546875 21.196100234985351563 20.696947097778320313 20.19779205322265625 19.698638916015625 19.199483871459960938 18.795986175537109375 18.7758941650390625 18.755800247192382813 18.735706329345703125 18.715612411499023438 18.683687210083007813 18.604345321655273438 18.525003433227539063 18.445661544799804688 18.3663177490234375 18.28675079345703125 18.206281661987304688 18.125810623168945313 18.04534149169921875 17.964872360229492188 17.9123382568359375 17.971773147583007813 18.031209945678710938 18.090646743774414063 18.150083541870117188 18.24591064453125 18.48760223388671875 18.7292938232421875 18.97098541259765625 19.212677001953125 19.465785980224609375 19.764657974243164063 20.06352996826171875 20.362401962280273438 20.661275863647460938 20.956417083740234375 21.236604690551757813 21.51679229736328125 21.796979904174804688 22.077167510986328125 22.3409881591796875
20.957384109497070313 20.682209014892578125 20.2290802001953125 19.775953292846679688 19.322824478149414063 18.86969757080078125 18.503833770751953125 18.487741470336914063 18.471647262573242188 18.455553054809570313 18.439458847045898438 18.41138458251953125 18.335290908813476563 18.259197235107421875 18.183101654052734375 18.107007980346679688 18.063671112060546875 18.151630401611328125 18.239589691162109375 18.327547073364257813 18.415506362915039063 18.488523483276367188 18.501651763916015625 18.514780044555664063 18.5279083251953125 18.541034698486328125 18.57918548583984375 18.71762847900390625 18.856073379516601563 18.994516372680664063 19.132959365844726563 19.311460494995117188 19.650522232055664063 19.989582061767578125 20.328641891479492188 20.66770172119140625 20.994968414306640625 21.274969100952148438 21.55496978759765625 21.83496856689453125 22.114969253540039063 22.3875732421875
20.459001541137695313 20.151792526245117188 19.74666595458984375 19.3415374755859375 18.93640899658203125 18.531282424926757813 18.204633712768554688 18.192539215087890625 18.180444717407226563 18.168352127075195313 18.15625762939453125 18.132183074951171875 18.060089111328125 17.987995147705078125 17.91590118408203125 17.843807220458984375 17.838016510009765625 18.097974777221679688 18.35793304443359375 18.617891311645507813 18.877851486206054688 19.078939437866210938 19.0440673828125 19.009195327758789063 18.974323272705078125 18.939451217651367188 18.91841888427734375 18.952863693237304688 18.987306594848632813 19.021749496459960938 19.056192398071289063 19.159448623657226563 19.538509368896484375 19.917568206787109375 20.296628952026367188 20.675689697265625 21.034969329833984375 21.314970016479492188 21.594968795776367188 21.874969482421875 22.15496826171875 22.436359405517578125
19.960618972778320313 19.621377944946289063 19.264249801635742188 18.907121658325195313 18.549993515014648438 18.192865371704101563 17.905431747436523438 17.8973388671875 17.88924407958984375 17.881151199340820313 17.873056411743164063 17.8529815673828125 17.784887313842773438 17.716793060302734375 17.648700714111328125 17.580606460571289063 17.612360000610351563 18.04431915283203125 18.476278305053710938 18.908235549926757813 19.3401947021484375 19.669355392456054688 19.586483001708984375 19.503610610961914063 19.42073822021484375 19.337865829467773438 19.25765228271484375 19.188097000122070313 19.118539810180664063 19.048984527587890625 18.979427337646484375 19.007434844970703125 19.426496505737304688 19.845556259155273438 20.264616012573242188 20.683675765991210938 21.074970245361328125 21.354969024658203125 21.634969711303710938 21.914968490600585938 22.19496917724609375 22.48514556884765625
19.462236404418945313 19.090963363647460938 18.781833648681640625 18.472705841064453125 18.163578033447265625 17.854450225830078125 17.606229782104492188 17.602136611938476563 17.598043441772460938 17.5939483642578125 17.589855194091796875 17.573780059814453125 17.509687423706054688 17.445592880249023438 17.381498336791992188 17.317403793334960938 17.386705398559570313 17.990663528442382813 18.594621658325195313 19.198581695556640625 19.802539825439453125 20.259769439697265625 20.12889862060546875 19.998025894165039063 19.867153167724609375 19.7362823486328125 19.59688568115234375 19.423330307006835938 19.249773025512695313 19.0762176513671875 18.902660369873046875 18.8554229736328125 19.314483642578125 19.773542404174804688 20.232603073120117188 20.691663742065429688 21.114969253540039063 21.394969940185546875 21.674968719482421875 21.954969406127929688 22.2349700927734375 22.533931732177734375
18.9638519287109375 18.560546875 18.299419403076171875 18.03829193115234375 17.777162551879882813 17.516035079956054688 17.30702972412109375 17.306934356689453125 17.306840896606445313 17.3067474365234375 17.306653976440429688 17.29457855224609375 17.234485626220703125 17.174390792846679688 17.114297866821289063 17.054203033447265625 17.16104888916015625 17.937007904052734375 18.7129669189453125 19.488925933837890625 20.264883041381835938 20.850185394287109375 20.671314239501953125 20.492441177368164063 20.313570022583007813 20.13469696044921875 19.936120986938476563 19.658563613891601563 19.381008148193359375 19.103450775146484375 18.825895309448242188 18.703409194946289063 19.202470779418945313 19.70153045654296875 20.200590133666992188 20.699649810791015625 21.154970169067382813 21.434968948364257813 21.714969635009765625 21.994970321655273438 22.274969100952148438 22.5827178955078125
18.8740234375 18.467624664306640625 18.195905685424804688 17.924188613891601563 17.652469635009765625 17.380750656127929688 17.166408538818359375 17.182033538818359375 17.197656631469726563 17.213281631469726563 17.22890472412109375 17.257505416870117188 17.338123321533203125 17.41873931884765625 17.499357223510742188 17.579973220825195313 17.763582229614257813 18.3600006103515625 18.956417083740234375 19.55283355712890625 20.149251937866210938 20.60077667236328125 20.471553802490234375 20.342332839965820313 20.213109970092773438 20.083889007568359375 19.958097457885742188 19.846055984497070313 19.734014511108398438 19.621974945068359375 19.5099334716796875 19.50060272216796875 19.902952194213867188 20.305301666259765625 20.707651138305664063 21.1100006103515625 21.504299163818359375 21.86632537841796875 22.228351593017578125 22.5903778076171875 22.952404022216796875 23.311187744140625
18.794023513793945313 18.385229110717773438 18.101511001586914063 17.817792892456054688 17.534074783325195313 17.250354766845703125 17.029603958129882813 17.061227798461914063 17.092851638793945313 17.124475479125976563 17.156099319458007813 17.226259231567382813 17.450876235961914063 17.675493240356445313 17.900110244750976563 18.124725341796875 18.386043548583984375 18.794460296630859375 19.202877044677734375 19.611295700073242188 20.019712448120117188 20.331159591674804688 20.253936767578125 20.176715850830078125 20.09949493408203125 20.022272109985351563 19.972442626953125 20.032400131225585938 20.092359542846679688 20.152318954467773438 20.212276458740234375 20.320634841918945313 20.622983932495117188 20.925334930419921875 21.22768402099609375 21.530033111572265625 21.861072540283203125 22.307098388671875 22.753124237060546875 23.19915008544921875 23.645177841186523438 24.056013107299804688
18.714023590087890625 18.302831649780273438 18.007114410400390625 17.711395263671875 17.415678024291992188 17.119958877563476563 16.89279937744140625 16.94042205810546875 16.988046646118164063 17.035671234130859375 17.083293914794921875 17.195013046264648438 17.563629150390625 17.932247161865234375 18.300863265991210938 18.6694793701171875 19.008504867553710938 19.228921890258789063 19.449338912963867188 19.669755935668945313 19.890172958374023438 20.061542510986328125 20.036321640014648438 20.011098861694335938 19.98587799072265625 19.96065521240234375 19.986785888671875 20.218744277954101563 20.450702667236328125 20.6826629638671875 20.914621353149414063 21.140666961669921875 21.343017578125 21.545366287231445313 21.747716903686523438 21.95006561279296875 22.217844009399414063 22.74787139892578125 23.277896881103515625 23.807924270629882813 24.337949752807617188 24.800836563110351563
18.634023666381835938 18.22043609619140625 17.912717819213867188 17.604999542236328125 17.297281265258789063 16.98956298828125 16.755992889404296875 16.81961822509765625 16.883241653442382813 16.946865081787109375 17.01049041748046875 17.163766860961914063 17.67638397216796875 18.188999176025390625 18.701616287231445313 19.2142333984375 19.630964279174804688 19.663381576538085938 19.695798873901367188 19.728216171264648438 19.760633468627929688 19.791925430297851563 19.818704605102539063 19.84548187255859375 19.87226104736328125 19.899038314819335938 20.001131057739257813 20.405088424682617188 20.809047698974609375 21.213006973266601563 21.616964340209960938 21.960699081420898438 22.06304931640625 22.165399551391601563 22.267747879028320313 22.370098114013671875 22.574617385864257813 23.1886444091796875 23.802669525146484375 24.416696548461914063 25.030721664428710938 25.54566192626953125
18.55402374267578125 18.138040542602539063 17.818323135375976563 17.49860382080078125 17.17888641357421875 16.859167098999023438 16.619188308715820313 16.698812484741210938 16.778436660766601563 16.858060836791992188 16.937685012817382813 17.132520675659179688 17.789136886596679688 18.445753097534179688 19.102369308471679688 19.758985519409179688 20.25342559814453125 20.097843170166015625 19.9422607421875 19.786678314208984375 19.63109588623046875 19.522308349609375 19.601087570190429688 19.679864883422851563 19.75864410400390625 19.837421417236328125 20.015474319458007813 20.591432571411132813 21.167392730712890625 21.743350982666015625 22.319309234619140625 22.780731201171875 22.7830810546875 22.785430908203125 22.78778076171875 22.790130615234375 22.93138885498046875 23.629415512084960938 24.327442169189453125 25.025468826293945313 25.7234954833984375 26.290485382080078125
19.380205154418945313 18.957990646362304688 18.450502395629882813 17.943014144897460938 17.43552398681640625 16.928035736083984375 16.551113128662109375 16.697515487670898438 16.8439178466796875 16.990320205688476563 17.136722564697265625 17.361499786376953125 17.900411605834960938 18.439325332641601563 18.978239059448242188 19.517152786254882813 19.918069839477539063 19.765882492065429688 19.6136932373046875 19.461505889892578125 19.30931854248046875 19.230791091918945313 19.447500228881835938 19.664211273193359375 19.880922317504882813 20.09763336181640625 20.384542465209960938 20.952825546264648438 21.521106719970703125 22.089389801025390625 22.657670974731445313 23.103900909423828125 23.06093597412109375 23.017969131469726563 22.975002288818359375 22.932037353515625 23.039762496948242188 23.7514801025390625 24.463199615478515625 25.174917221069335938 25.88663482666015625 26.458766937255859375
20.228193283081054688 19.799652099609375 19.100164413452148438 18.400674819946289063 17.7011871337890625 17.001697540283203125 16.484691619873046875 16.699092864990234375 16.913496017456054688 17.127897262573242188 17.3423004150390625 17.596738815307617188 18.011651992797851563 18.426565170288085938 18.841480255126953125 19.2563934326171875 19.559667587280273438 19.415479660034179688 19.271291732788085938 19.127103805541992188 18.982915878295898438 18.938745498657226563 19.2954559326171875 19.652166366577148438 20.008876800537109375 20.365587234497070313 20.762147903442382813 21.318429946899414063 21.8747100830078125 22.43099212646484375 22.987274169921875 23.4151153564453125 23.328149795532226563 23.241182327270507813 23.154216766357421875 23.067251205444335938 23.14215850830078125 23.865877151489257813 24.589595794677734375 25.313312530517578125 26.037031173706054688 26.613176345825195313
21.07617950439453125 20.641315460205078125 19.749826431274414063 18.85833740234375 17.966848373413085938 17.075359344482421875 16.418270111083984375 16.700672149658203125 16.983074188232421875 17.265476226806640625 17.547878265380859375 17.831979751586914063 18.122892379760742188 18.413806915283203125 18.70471954345703125 18.995634078979492188 19.201265335083007813 19.065076828002929688 18.928888320922851563 18.79270172119140625 18.656513214111328125 18.646699905395507813 19.14340972900390625 19.6401214599609375 20.136831283569335938 20.633541107177734375 21.139751434326171875 21.684032440185546875 22.228315353393554688 22.772596359252929688 23.3168792724609375 23.726329803466796875 23.595363616943359375 23.464397430419921875 23.333431243896484375 23.202465057373046875 23.244554519653320313 23.980272293090820313 24.715991973876953125 25.451709747314453125 26.187427520751953125 26.76758575439453125
21.924167633056640625 21.482976913452148438 20.399488449096679688 19.315999984741210938 18.232511520385742188 17.149023056030273438 16.351846694946289063 16.702249526977539063 17.05265045166015625 17.40305328369140625 17.75345611572265625 18.067218780517578125 18.234132766723632813 18.4010467529296875 18.567960739135742188 18.734872817993164063 18.842863082885742188 18.714673995971679688 18.58648681640625 18.4582977294921875 18.330110549926757813 18.354654312133789063 18.991365432739257813 19.62807464599609375 20.2647857666015625 20.90149688720703125 21.517354965209960938 22.0496368408203125 22.581918716430664063 23.114200592041015625 23.646482467651367188 24.03754425048828125 23.862577438354492188 23.687612533569335938 23.512645721435546875 23.337678909301757813 23.346950531005859375 24.094669342041015625 24.842388153076171875 25.590105056762695313 26.337823867797851563 26.921995162963867188
