INPUT/RASTER/ASCII/soc.asc
ncols        225
nrows        269
xllcorner    473009.983799999987
yllcorner    4429051.174800000153
cellsize     50.000000000000
NODATA_value  -9999
[rows 126 to 143 of 269, columns 126 to 167 of 225]
20.252573013305664063 19.835254669189453125 19.558074951171875 19.280893325805664063 19.003713607788085938 18.726531982421875 18.507749557495117188 18.523822784423828125 18.54134368896484375 18.560512542724609375 18.581579208374023438 18.619068145751953125 18.735261917114257813 18.902719497680664063 19.1649627685546875 19.634246826171875 20.43071746826171875 20.510334014892578125 20.544281005859375 20.5630950927734375 20.57505035400390625 20.597948074340820313 20.678417205810546875 20.758886337280273438 20.839357376098632813 20.919826507568359375 21.036144256591796875 21.296144485473632813 21.55614471435546875 21.816144943237304688 22.076145172119140625 22.285676956176757813 22.292924880981445313 22.300172805786132813 22.307420730590820313 22.314668655395507813 22.299871444702148438 22.196718215942382813 22.093563079833984375 21.99040985107421875 21.887256622314453125 21.843187332153320313
20.642969131469726563 20.211294174194335938 19.814113616943359375 19.416933059692382813 19.01975250244140625 18.622571945190429688 18.316438674926757813 18.37529754638671875 18.434268951416015625 18.493350982666015625 18.552545547485351563 18.600353240966796875 18.602678298950195313 18.60665130615234375 18.614978790283203125 18.643518447875976563 20.49153900146484375 20.500385284423828125 20.50127410888671875 20.501611709594726563 20.501789093017578125 20.51395416259765625 20.57442474365234375 20.634893417358398438 20.695363998413085938 20.755832672119140625 20.856143951416015625 21.116144180297851563 21.3761444091796875 21.636144638061523438 21.896144866943359375 22.112066268920898438 22.15131378173828125 22.190563201904296875 22.229810714721679688 22.2690582275390625 22.272684097290039063 22.1335296630859375 21.994375228881835938 21.855220794677734375 21.716068267822265625 21.636796951293945313
20.706058502197265625 20.242778778076171875 19.858402252197265625 19.474027633666992188 19.089651107788085938 18.705274581909179688 18.405731201171875 18.446201324462890625 18.48667144775390625 18.527141571044921875 18.5676116943359375 18.600000381469726563 18.600000381469726563 18.600000381469726563 18.600000381469726563 18.600000381469726563 20.441410064697265625 20.441410064697265625 20.441410064697265625 20.441410064697265625 20.441410064697265625 20.469768524169921875 20.611795425415039063 20.75382232666015625 20.895847320556640625 21.037874221801757813 21.20189666748046875 21.454084396362304688 21.706274032592773438 21.958461761474609375 22.210649490356445313 22.412670135498046875 22.413608551025390625 22.414548873901367188 22.415487289428710938 22.4164276123046875 22.391565322875976563 22.26328277587890625 22.13500213623046875 22.006719589233398438 21.878437042236328125 21.809278488159179688
20.761272430419921875 20.265974044799804688 19.8975982666015625 19.529222488403320313 19.160844802856445313 18.792469024658203125 18.501737594604492188 18.522207260131835938 18.542676925659179688 18.563146591186523438 18.5836181640625 18.600000381469726563 18.600000381469726563 18.600000381469726563 18.600000381469726563 18.600000381469726563 20.381410598754882813 20.381410598754882813 20.381410598754882813 20.381410598754882813 20.381410598754882813 20.426542282104492188 20.652568817138671875 20.878595352172851563 21.104619979858398438 21.330646514892578125 21.560298919677734375 21.804487228393554688 22.048675537109375 22.292863845825195313 22.537052154541015625 22.724681854248046875 22.685621261596679688 22.6465606689453125 22.607501983642578125 22.568441390991210938 22.5139617919921875 22.397680282592773438 22.281396865844726563 22.1651153564453125 22.048833847045898438 21.990877151489257813
20.816488265991210938 20.2891693115234375 19.936792373657226563 19.584417343139648438 19.2320404052734375 18.879665374755859375 18.597743988037109375 18.59821319580078125 18.598684310913085938 18.599153518676757813 18.5996246337890625 18.600000381469726563 18.600000381469726563 18.600000381469726563 18.600000381469726563 18.600000381469726563 20.3214111328125 20.3214111328125 20.3214111328125 20.3214111328125 20.3214111328125 20.383314132690429688 20.693340301513671875 21.003368377685546875 21.313394546508789063 21.62342071533203125 21.918703079223632813 22.154890060424804688 22.391078948974609375 22.62726593017578125 22.863454818725585938 23.036695480346679688 22.957635879516601563 22.878574371337890625 22.7995147705078125 22.720453262329101563 22.636358261108398438 22.532075881958007813 22.427793502807617188 22.323511123657226563 22.21923065185546875 22.172473907470703125
20.871702194213867188 20.3123626708984375 19.975986480712890625 19.639612197875976563 19.303236007690429688 18.966859817504882813 18.693750381469726563 18.674221038818359375 18.654689788818359375 18.635160446166992188 18.615631103515625 18.600000381469726563 18.600000381469726563 18.600000381469726563 18.600000381469726563 18.600000381469726563 20.261409759521484375 20.261409759521484375 20.261409759521484375 20.261409759521484375 20.261409759521484375 20.340087890625 20.734113693237304688 21.128139495849609375 21.522167205810546875 21.916193008422851563 22.277105331420898438 22.505292892456054688 22.73348236083984375 22.961669921875 23.18985748291015625 23.3487091064453125 23.229648590087890625 23.11058807373046875 22.991527557373046875 22.872467041015625 22.758752822875976563 22.666471481323242188 22.574190139770507813 22.481908798217773438 22.38962554931640625 22.354070663452148438
20.926916122436523438 20.335557937622070313 20.0151824951171875 19.694807052612304688 19.374429702758789063 19.05405426025390625 18.78975677490234375 18.750226974487304688 18.710697174072265625 18.671167373657226563 18.6316375732421875 18.600000381469726563 18.600000381469726563 18.600000381469726563 18.600000381469726563 18.600000381469726563 20.201410293579101563 20.201410293579101563 20.201410293579101563 20.201410293579101563 20.201410293579101563 20.296861648559570313 20.7748870849609375 21.252912521362304688 21.730939865112304688 22.208965301513671875 22.635507583618164063 22.855695724487304688 23.075883865356445313 23.296072006225585938 23.516260147094726563 23.6607208251953125 23.501661300659179688 23.342599868774414063 23.18354034423828125 23.024480819702148438 22.8811492919921875 22.800867080688476563 22.720586776733398438 22.6403045654296875 22.560022354125976563 22.535669326782226563
21.251556396484375 20.855585098266601563 20.594175338745117188 20.332765579223632813 20.071355819702148438 19.809946060180664063 19.56832122802734375 19.398015975952148438 19.21315765380859375 19.0117950439453125 18.791614532470703125 18.600000381469726563 18.600000381469726563 18.600000381469726563 18.600000381469726563 18.600000381469726563 20.200000762939453125 20.200000762939453125 20.200000762939453125 20.200000762939453125 20.200000762939453125 20.299724578857421875 20.771671295166015625 21.202220916748046875 21.596593856811523438 21.959161758422851563 22.270517349243164063 22.478799819946289063 22.687082290649414063 22.89536285400390625 23.10364532470703125 23.234491348266601563 23.054960250854492188 22.875431060791015625 22.69589996337890625 22.516370773315429688 22.365293502807617188 22.328258514404296875 22.291225433349609375 22.254192352294921875 22.217157363891601563 22.21419525146484375
21.58267974853515625 21.38756561279296875 21.186155319213867188 20.984745025634765625 20.783334732055664063 20.581926345825195313 20.376058578491210938 20.12888336181640625 19.834398269653320313 19.477581024169921875 19.036298751831054688 18.600000381469726563 18.600000381469726563 18.600000381469726563 18.600000381469726563 18.600000381469726563 20.200000762939453125 20.200000762939453125 20.200000762939453125 20.200000762939453125 20.200000762939453125 20.306127548217773438 20.765562057495117188 21.131692886352539063 21.430324554443359375 21.678546905517578125 21.88812255859375 22.08440399169921875 22.2806854248046875 22.47696685791015625 22.673250198364257813 22.790496826171875 22.590967178344726563 22.391437530517578125 22.191905975341796875 21.992376327514648438 21.834079742431640625 21.841045379638671875 21.848011016845703125 21.854976654052734375 21.861944198608398438 21.880617141723632813
21.913805007934570313 21.919546127319335938 21.778135299682617188 21.63672637939453125 21.4953155517578125 21.353906631469726563 21.19701385498046875 20.941585540771484375 20.60375213623046875 20.135967254638671875 19.445400238037109375 18.600000381469726563 18.600000381469726563 18.600000381469726563 18.600000381469726563 18.600000381469726563 20.200000762939453125 20.200000762939453125 20.200000762939453125 20.200000762939453125 20.200000762939453125 20.318269729614257813 20.756059646606445313 21.037462234497070313 21.233575820922851563 21.378072738647460938 21.505725860595703125 21.690008163452148438 21.87429046630859375 22.05857086181640625 22.242853164672851563 22.34650421142578125 22.126974105834960938 21.907444000244140625 21.687913894653320313 21.4683837890625 21.30286407470703125 21.353830337524414063 21.404796600341796875 21.455762863159179688 21.5067291259765625 21.547039031982421875
22.244928359985351563 22.451526641845703125 22.3701171875 22.288705825805664063 22.207296371459960938 22.125886917114257813 22.031515121459960938 21.850677490234375 21.58135223388671875 21.137552261352539063 20.268505096435546875 18.600000381469726563 18.600000381469726563 18.600000381469726563 18.600000381469726563 18.600000381469726563 20.200000762939453125 20.200000762939453125 20.200000762939453125 20.200000762939453125 20.200000762939453125 20.350130081176757813 20.739253997802734375 20.9051666259765625 20.997119903564453125 21.055555343627929688 21.12332916259765625 21.295612335205078125 21.467893600463867188 21.64017486572265625 21.812458038330078125 21.902509689331054688 21.6629791259765625 21.423450469970703125 21.183919906616210938 20.94438934326171875 20.771650314331054688 20.866617202758789063 20.961582183837890625 21.056549072265625 21.151514053344726563 21.213460922241210938
22.576051712036132813 22.983507156372070313 22.96209716796875 22.940687179565429688 22.919277191162109375 22.897867202758789063 22.879896163940429688 22.874391555786132813 22.864990234375 22.845277786254882813 22.777715682983398438 18.600000381469726563 18.600000381469726563 18.600000381469726563 18.600000381469726563 18.600000381469726563 20.200000762939453125 20.200000762939453125 20.200000762939453125 20.200000762939453125 20.200000762939453125 20.657270431518554688 20.701463699340820313 20.705902099609375 20.707586288452148438 20.70847320556640625 20.740934371948242188 20.901214599609375 21.061496734619140625 21.22177886962890625 21.382061004638671875 21.458517074584960938 21.198986053466796875 20.939456939697265625 20.679925918579101563 20.420396804809570313 20.240436553955078125 20.37940216064453125 20.518367767333984375 20.657335281372070313 20.796300888061523438 20.8798828125
22.390140533447265625 22.691324234008789063 22.710384368896484375 22.729444503784179688 22.748504638671875 22.767564773559570313 22.7740936279296875 22.719938278198242188 22.638797760009765625 22.503812789916992188 22.234769821166992188 21.680032730102539063 21.5800323486328125 21.48003387451171875 21.380033493041992188 21.280033111572265625 21.128116607666015625 20.768117904663085938 20.408117294311523438 20.048116683959960938 19.688116073608398438 19.590206146240234375 20.134952545166015625 20.393146514892578125 20.543806076049804688 20.6425323486328125 20.712444305419921875 20.771329879760742188 20.825052261352539063 20.874258041381835938 20.919498443603515625 20.91996002197265625 20.753705978393554688 20.587450027465820313 20.421194076538085938 20.254938125610351563 20.152173995971679688 20.303892135620117188 20.455610275268554688 20.607328414916992188 20.759046554565429688 20.85953521728515625
22.191789627075195313 22.37931060791015625 22.438371658325195313 22.497430801391601563 22.556491851806640625 22.615550994873046875 22.647243499755859375 22.556001663208007813 22.434688568115234375 22.265512466430664063 22.013179779052734375 21.680032730102539063 21.5800323486328125 21.48003387451171875 21.380033493041992188 21.280033111572265625 21.128116607666015625 20.768117904663085938 20.408117294311523438 20.048116683959960938 19.688116073608398438 19.477771759033203125 19.823337554931640625 20.109521865844726563 20.350419998168945313 20.555990219116210938 20.6802520751953125 20.594757080078125 20.5266265869140625 20.4710540771484375 20.424863815307617188 20.379129409790039063 20.308874130249023438 20.238618850708007813 20.168363571166992188 20.09810638427734375 20.0745697021484375 20.23828887939453125 20.402006149291992188 20.565723419189453125 20.729442596435546875 20.846721649169921875
21.993438720703125 22.06729888916015625 22.16635894775390625 22.26541900634765625 22.36447906494140625 22.46353912353515625 22.52245330810546875 22.409490585327148438 22.274278640747070313 22.109529495239257813 21.904378890991210938 21.680032730102539063 21.5800323486328125 21.48003387451171875 21.380033493041992188 21.280033111572265625 21.128116607666015625 20.768117904663085938 20.408117294311523438 20.048116683959960938 19.688116073608398438 19.435750961303710938 19.62969207763671875 19.85254669189453125 20.111293792724609375 20.415370941162109375 20.619207382202148438 20.320140838623046875 20.127904891967773438 19.99393463134765625 19.89522552490234375 19.838298797607421875 19.864042282104492188 19.889787673950195313 19.915531158447265625 19.94127655029296875 19.996965408325195313 20.1726837158203125 20.348402023315429688 20.524120330810546875 20.699838638305664063 20.833909988403320313
21.795087814331054688 21.755285263061523438 21.894346237182617188 22.033405303955078125 22.172466278076171875 22.311525344848632813 22.3996734619140625 22.277765274047851563 22.14488983154296875 21.999494552612304688 21.8397216796875 21.680032730102539063 21.5800323486328125 21.48003387451171875 21.380033493041992188 21.280033111572265625 21.128116607666015625 20.768117904663085938 20.408117294311523438 20.048116683959960938 19.688116073608398438 19.413770675659179688 19.49768829345703125 19.61862945556640625 19.8080291748046875 20.146955490112304688 20.459024429321289063 19.834432601928710938 19.568120956420898438 19.420522689819335938 19.32672882080078125 19.297468185424804688 19.41921234130859375 19.540956497192382813 19.662700653076171875 19.784444808959960938 19.919361114501953125 20.107080459594726563 20.294797897338867188 20.482515335083007813 20.67023468017578125 20.82109832763671875
21.596738815307617188 21.443271636962890625 21.622331619262695313 21.8013916015625 21.9804534912109375 22.159513473510742188 22.2788543701171875 22.15869903564453125 22.038316726684570313 21.9177093505859375 21.796873092651367188 21.680032730102539063 21.5800323486328125 21.48003387451171875 21.380033493041992188 21.280033111572265625 21.128116607666015625 20.768117904663085938 20.408117294311523438 20.048116683959960938 19.688116073608398438 19.400255203247070313 19.401933670043945313 19.404802322387695313 19.410818099975585938 19.431428909301757813 18.914831161499023438 18.74230194091796875 18.724973678588867188 18.718397140502929688 18.714935302734375 18.7566375732421875 18.9743804931640625 19.192125320434570313 19.409868240356445313 19.627613067626953125 19.84175872802734375 20.041475296020507813 20.241193771362304688 20.440912246704101563 20.640630722045898438 20.808286666870117188
21.506931304931640625 21.33673095703125 21.50891876220703125 21.6811065673828125 21.85329437255859375 22.025482177734375 22.137767791748046875 22.00995635986328125 21.882144927978515625 21.754331588745117188 21.626520156860351563 21.501142501831054688 21.385519027709960938 21.269893646240234375 21.154270172119140625 21.038646697998046875 20.881244659423828125 20.556400299072265625 20.231554031372070313 19.906707763671875 19.581861495971679688 19.315256118774414063 19.274150848388671875 19.212564468383789063 19.110109329223632813 18.9058990478515625 18.52825927734375 18.599428176879882813 18.628892898559570313 18.645006179809570313 18.655164718627929688 18.718128204345703125 19.004529953002929688 19.29093170166015625 19.577333450317382813 19.863735198974609375 20.1274261474609375 20.300083160400390625 20.472742080688476563 20.645399093627929688 20.818058013916015625 20.961107254028320313
