INPUT/RASTER/ASCII/soc.asc
ncols        225
nrows        269
xllcorner    473000.000000000000
yllcorner    4429100.000000000000
cellsize     50.000000000000
NODATA_value -9999
[rows 84 to 111 of 269, columns 0 to 63 of 225]
-9999 -9999 -9999 -9999 -9999 -9999 -9999 -9999 -9999 -9999 -9999 -9999 -9999 -9999 -9999 -9999 -9999 -9999 -9999 -9999 -9999 -9999 -9999 -9999 -9999 -9999 -9999 -9999 -9999 -9999 -9999 -9999 -9999 654 620.853759765625 488 488 488 488 487.800323486328125 487 487 487 487 496.384765625 534 534 534 534 537.59417724609375 552 552 552 552 542.01617431640625 502 502 502 502 521.16888427734375 598 598 598 598
-9999 -9999 -9999 -9999 -9999 -9999 -9999 -9999 -9999 -9999 -9999 -9999 -9999 -9999 -9999 -9999 -9999 -9999 -9999 -9999 -9999 -9999 -9999 -9999 -9999 -9999 -9999 -9999 -9999 -9999 -9999 -9999 -9999 654 620.853759765625 488 488 488 488 487.800323486328125 487 487 487 487 496.384765625 534 534 534 534 537.59417724609375 552 552 552 552 542.01617431640625 502 502 502 502 521.16888427734375 598 598 598 598
-9999 -9999 -9999 -9999 -9999 -9999 -9999 -9999 -9999 -9999 -9999 -9999 -9999 -9999 -9999 -9999 -9999 -9999 -9999 -9999 -9999 -9999 -9999 -9999 -9999 -9999 -9999 -9999 -9999 -9999 -9999 -9999 -9999 -9999 520.81292724609375 503.624053955078125 503.624053955078125 503.624053955078125 503.624053955078125 509.078948974609375 530.94268798828125 530.94268798828125 530.94268798828125 530.94268798828125 557.29107666015625 662.89849853515625 662.89849853515625 662.89849853515625 662.89849853515625 631.00555419921875 503.1748046875 503.1748046875 503.1748046875 503.1748046875 499.820465087890625 486.375946044921875 486.375946044921875 486.375946044921875 486.375946044921875 488.971160888671875 499.37310791015625 499.37310791015625 499.37310791015625 499.37310791015625
-9999 -9999 -9999 -9999 -9999 -9999 -9999 -9999 -9999 -9999 -9999 -9999 -9999 -9999 -9999 -9999 -9999 -9999 -9999 -9999 -9999 -9999 -9999 -9999 -9999 -9999 -9999 -9999 -9999 -9999 -9999 -9999 -9999 -9999 518.40582275390625 504 504 504 504 509.5909423828125 532 532 532 532 558.756591796875 666 666 666 666 633.25311279296875 502 502 502 502 498.80517578125 486 486 486 486 488.196441650390625 497 497 497 497
-9999 -9999 -9999 -9999 -9999 -9999 -9999 -9999 -9999 -9999 -9999 -9999 -9999 -9999 -9999 -9999 -9999 -9999 -9999 -9999 -9999 -9999 -9999 -9999 -9999 -9999 -9999 -9999 -9999 -9999 -9999 -9999 -9999 -9999 518.40582275390625 504 504 504 504 509.5909423828125 532 532 532 532 558.756591796875 666 666 666 666 633.25311279296875 502 502 502 502 498.80517578125 486 486 486 486 488.196441650390625 497 497 497 497
-9999 -9999 -9999 -9999 -9999 -9999 -9999 -9999 -9999 -9999 -9999 -9999 -9999 -9999 -9999 -9999 -9999 -9999 -9999 -9999 -9999 -9999 -9999 -9999 -9999 -9999 -9999 -9999 -9999 -9999 -9999 -9999 -9999 -9999 518.40582275390625 504 504 504 504 509.5909423828125 532 532 532 532 558.756591796875 666 666 666 666 633.25311279296875 502 502 502 502 498.80517578125 486 486 486 486 488.196441650390625 497 497 497 497
-9999 -9999 -9999 -9999 -9999 -9999 -9999 -9999 -9999 -9999 -9999 -9999 -9999 -9999 -9999 -9999 -9999 -9999 -9999 -9999 -9999 -9999 -9999 -9999 -9999 -9999 -9999 -9999 -9999 -9999 -9999 -9999 -9999 -9999 518.40582275390625 504 504 504 504 509.5909423828125 532 532 532 532 558.756591796875 666 666 666 666 633.25311279296875 502 502 502 502 498.80517578125 486 486 486 486 488.196441650390625 497 497 497 497
-9999 -9999 -9999 -9999 -9999 -9999 -9999 -9999 -9999 -9999 -9999 -9999 -9999 -9999 -9999 -9999 -9999 -9999 -9999 -9999 -9999 -9999 -9999 -9999 -9999 -9999 -9999 -9999 -9999 -9999 -9999 -9999 -9999 527.8590087890625 521.340087890625 495.211456298828125 495.211456298828125 495.211456298828125 495.211456298828125 499.04754638671875 514.42291259765625 514.42291259765625 514.42291259765625 514.42291259765625 515.24658203125 518.54791259765625 518.54791259765625 518.54791259765625 518.54791259765625 532.5972900390625 588.90887451171875 588.90887451171875 588.90887451171875 588.90887451171875 593.7083740234375 612.94549560546875 612.94549560546875 612.94549560546875 612.94549560546875 608.12249755859375 588.7913818359375 588.7913818359375 588.7913818359375 588.7913818359375
-9999 -9999 -9999 -9999 -9999 -9999 -9999 -9999 -9999 -9999 -9999 -9999 -9999 -9999 -9999 -9999 -9999 -9999 -9999 -9999 -9999 -9999 425 425 -9999 -9999 -9999 -9999 -9999 -9999 528 528 528 528 521.41070556640625 495 495 495 495 498.793853759765625 514 514 514 514 514.19964599609375 515 515 515 515 530.17535400390625 591 591 591 591 595.99188232421875 616 616 616 616 611.00811767578125 591 591 591 591
-9999 -9999 -9999 -9999 -9999 -9999 -9999 -9999 -9999 -9999 -9999 -9999 -9999 -9999 -9999 -9999 -9999 -9999 0 84.86229705810546875 425 425 425 425 340.1376953125 0 0 0 0 105.428924560546875 528 528 528 528 521.41070556640625 495 495 495 495 498.793853759765625 514 514 514 514 514.19964599609375 515 515 515 515 530.17535400390625 591 591 591 591 595.99188232421875 616 616 616 616 611.00811767578125 591 591 591 591
-9999 -9999 -9999 -9999 -9999 -9999 -9999 -9999 -9999 -9999 -9999 -9999 -9999 -9999 -9999 -9999 -9999 0 0 84.86229705810546875 425 425 425 425 340.1376953125 0 0 0 0 105.428924560546875 528 528 528 528 521.41070556640625 495 495 495 495 498.793853759765625 514 514 514 514 514.19964599609375 515 515 515 515 530.17535400390625 591 591 591 591 595.99188232421875 616 616 616 616 611.00811767578125 591 591 591 591
-9999 -9999 -9999 -9999 -9999 -9999 -9999 -9999 -9999 -9999 -9999 -9999 -9999 -9999 0 0 0 0 0 84.86229705810546875 425 425 425 425 340.1376953125 0 0 0 0 105.428924560546875 528 528 528 528 521.41070556640625 495 495 495 495 498.793853759765625 514 514 514 514 514.19964599609375 515 515 515 515 530.17535400390625 591 591 591 591 595.99188232421875 616 616 616 616 611.00811767578125 591 591 591 591
-9999 -9999 -9999 -9999 -9999 -9999 -9999 -9999 -9999 -9999 -9999 -9999 407.202178955078125 407.202178955078125 449.123809814453125 617.1505126953125 617.1505126953125 617.1505126953125 617.1505126953125 621.4842529296875 638.8543701171875 638.8543701171875 638.8543701171875 638.8543701171875 619.5068359375 541.959716796875 541.959716796875 541.959716796875 541.959716796875 539.562255859375 529.9530029296875 529.9530029296875 529.9530029296875 529.9530029296875 516.92919921875 464.728363037109375 464.728363037109375 464.728363037109375 464.728363037109375 470.862030029296875 495.4464111328125 495.4464111328125 495.4464111328125 495.4464111328125 494.4761962890625 490.58740234375 490.58740234375 490.58740234375 490.58740234375 493.283782958984375 504.091156005859375 504.091156005859375 504.091156005859375 504.091156005859375 502.6485595703125 496.86651611328125 496.86651611328125 496.86651611328125 496.86651611328125 496.554229736328125 495.3026123046875 495.3026123046875 495.3026123046875 495.3026123046875
-9999 -9999 -9999 -9999 -9999 -9999 -9999 -9999 -9999 -9999 -9999 417 417 417 459.930328369140625 632 632 632 632 634.3961181640625 644 644 644 644 626.22882080078125 555 555 555 555 550.00811767578125 530 530 530 530 516.8214111328125 464 464 464 464 470.18994140625 495 495 495 495 494.001617431640625 490 490 490 490 492.3961181640625 502 502 502 502 500.402587890625 494 494 494 494 493.800323486328125 493 493 493 493
-9999 -9999 -9999 -9999 -9999 -9999 -9999 -9999 -9999 -9999 -9999 417 417 417 459.930328369140625 632 632 632 632 634.3961181640625 644 644 644 644 626.22882080078125 555 555 555 555 550.00811767578125 530 530 530 530 516.8214111328125 464 464 464 464 470.18994140625 495 495 495 495 494.001617431640625 490 490 490 490 492.3961181640625 502 502 502 502 500.402587890625 494 494 494 494 493.800323486328125 493 493 493 493
-9999 -9999 -9999 -9999 -9999 -9999 -9999 -9999 -9999 -9999 -9999 417 417 417 459.930328369140625 632 632 632 632 634.3961181640625 644 644 644 644 626.22882080078125 555 555 555 555 550.00811767578125 530 530 530 530 516.8214111328125 464 464 464 464 470.18994140625 495 495 495 495 494.001617431640625 490 490 490 490 492.3961181640625 502 502 502 502 500.402587890625 494 494 494 494 493.800323486328125 493 493 493 493
-9999 -9999 -9999 -9999 -9999 -9999 -9999 -9999 -9999 -9999 -9999 417 417 417 459.930328369140625 632 632 632 632 634.3961181640625 644 644 644 644 626.22882080078125 555 555 555 555 550.00811767578125 530 530 530 530 516.8214111328125 464 464 464 464 470.18994140625 495 495 495 495 494.001617431640625 490 490 490 490 492.3961181640625 502 502 502 502 500.402587890625 494 494 494 494 493.800323486328125 493 493 493 493
-9999 -9999 -9999 -9999 -9999 -9999 -9999 -9999 -9999 -9999 -9999 412.11749267578125 412.11749267578125 412.11749267578125 421.315521240234375 458.182281494140625 458.182281494140625 458.182281494140625 458.182281494140625 469.74267578125 516.0780029296875 516.0780029296875 516.0780029296875 516.0780029296875 516.0504150390625 515.9398193359375 515.9398193359375 515.9398193359375 515.9398193359375 508.99810791015625 481.1748046875 481.1748046875 481.1748046875 481.1748046875 510.502777099609375 628.05267333984375 628.05267333984375 628.05267333984375 628.05267333984375 629.95294189453125 637.569580078125 637.569580078125 637.569580078125 637.569580078125 612.19818115234375 510.506591796875 510.506591796875 510.506591796875 510.506591796875 522.06695556640625 568.40228271484375 568.40228271484375 568.40228271484375 568.40228271484375 557.8355712890625 515.48309326171875 515.48309326171875 515.48309326171875 515.48309326171875 512.16363525390625 498.8590087890625 498.8590087890625 498.8590087890625 498.8590087890625
-9999 -9999 -9999 -9999 -9999 -9999 -9999 -9999 -9999 -9999 -9999 412 412 412 420.386383056640625 454 454 454 454 465.7808837890625 513 513 513 513 513.39935302734375 515 515 515 515 508.0113525390625 480 480 480 480 510.350738525390625 632 632 632 632 633.79705810546875 641 641 641 641 615.0421142578125 511 511 511 511 522.7808837890625 570 570 570 570 559.21746826171875 516 516 516 516 512.60552978515625 499 499 499 499
-9999 -9999 -9999 -9999 -9999 -9999 -9999 -9999 -9999 -9999 -9999 412 412 412 420.386383056640625 454 454 454 454 465.7808837890625 513 513 513 513 513.39935302734375 515 515 515 515 508.0113525390625 480 480 480 480 510.350738525390625 632 632 632 632 633.79705810546875 641 641 641 641 615.0421142578125 511 511 511 511 522.7808837890625 570 570 570 570 559.21746826171875 516 516 516 516 512.60552978515625 499 499 499 499
-9999 -9999 -9999 -9999 -9999 -9999 -9999 -9999 -9999 -9999 -9999 412 412 412 420.386383056640625 454 454 454 454 465.7808837890625 513 513 513 513 513.39935302734375 515 515 515 515 508.0113525390625 480 480 480 480 510.350738525390625 632 632 632 632 633.79705810546875 641 641 641 641 615.0421142578125 511 511 511 511 522.7808837890625 570 570 570 570 559.21746826171875 516 516 516 516 512.60552978515625 499 499 499 499
-9999 -9999 -9999 -9999 -9999 -9999 -9999 -9999 -9999 -9999 -9999 412 412 412 420.386383056640625 454 454 454 454 465.7808837890625 513 513 513 513 513.39935302734375 515 515 515 515 508.0113525390625 480 480 480 480 510.350738525390625 632 632 632 632 633.79705810546875 641 641 641 641 615.0421142578125 511 511 511 511 522.7808837890625 570 570 570 570 559.21746826171875 516 516 516 516 512.60552978515625 499 499 499 499
-9999 -9999 -9999 -9999 -9999 -9999 -9999 -9999 -9999 -9999 -9999 493.049835205078125 493.049835205078125 493.049835205078125 487.9822998046875 467.671051025390625 467.671051025390625 467.671051025390625 467.671051025390625 478.0870361328125 519.83551025390625 519.83551025390625 519.83551025390625 519.83551025390625 537.5885009765625 608.744384765625 608.744384765625 608.744384765625 608.744384765625 590.056640625 515.15411376953125 515.15411376953125 515.15411376953125 515.15411376953125 519.37701416015625 536.3026123046875 536.3026123046875 536.3026123046875 536.3026123046875 534.0050048828125 524.7960205078125 524.7960205078125 524.7960205078125 524.7960205078125 540.17486572265625 601.81488037109375 601.81488037109375 601.81488037109375 601.81488037109375 600.726806640625 596.3656005859375 596.3656005859375 596.3656005859375 596.3656005859375 598.0621337890625 604.86187744140625 604.86187744140625 604.86187744140625 604.86187744140625 580.79901123046875 484.352447509765625 484.352447509765625 484.352447509765625 484.352447509765625
-9999 -9999 -9999 -9999 -9999 -9999 -9999 -9999 -9999 -9999 -9999 495 495 495 489.608734130859375 468 468 468 468 478.383148193359375 520 520 520 520 538.1705322265625 611 611 611 611 592.03076171875 516 516 516 516 519.59417724609375 534 534 534 534 531.6038818359375 522 522 522 522 538.3734130859375 604 604 604 604 602.602294921875 597 597 597 597 598.99676513671875 607 607 607 607 582.43988037109375 484 484 484 484
-9999 -9999 -9999 -9999 -9999 -9999 -9999 -9999 -9999 -9999 -9999 495 495 495 489.608734130859375 468 468 468 468 478.383148193359375 520 520 520 520 538.1705322265625 611 611 611 611 592.03076171875 516 516 516 516 519.59417724609375 534 534 534 534 531.6038818359375 522 522 522 522 538.3734130859375 604 604 604 604 602.602294921875 597 597 597 597 598.99676513671875 607 607 607 607 582.43988037109375 484 484 484 484
-9999 -9999 -9999 -9999 -9999 -9999 -9999 -9999 -9999 -9999 495 495 495 495 489.608734130859375 468 468 468 468 478.383148193359375 520 520 520 520 538.1705322265625 611 611 611 611 592.03076171875 516 516 516 516 519.59417724609375 534 534 534 534 531.6038818359375 522 522 522 522 538.3734130859375 604 604 604 604 602.602294921875 597 597 597 597 598.99676513671875 607 607 607 607 582.43988037109375 484 484 484 484
-9999 -9999 -9999 -9999 -9999 -9999 -9999 -9999 -9999 -9999 495 495 495 495 489.608734130859375 468 468 468 468 478.383148193359375 520 520 520 520 538.1705322265625 611 611 611 611 592.03076171875 516 516 516 516 519.59417724609375 534 534 534 534 531.6038818359375 522 522 522 522 538.3734130859375 604 604 604 604 602.602294921875 597 597 597 597 598.99676513671875 607 607 607 607 582.43988037109375 484 484 484 484
-9999 -9999 -9999 -9999 -9999 -9999 -9999 -9999 -9999 511.879852294921875 477.422943115234375 477.422943115234375 477.422943115234375 477.422943115234375 487.04547119140625 525.61370849609375 525.61370849609375 525.61370849609375 525.61370849609375 528.00250244140625 537.57708740234375 537.57708740234375 537.57708740234375 537.57708740234375 535.0792236328125 525.067626953125 525.067626953125 525.067626953125 525.067626953125 516.82257080078125 483.775360107421875 483.775360107421875 483.775360107421875 483.775360107421875 480.155120849609375 465.64471435546875 465.64471435546875 465.64471435546875 465.64471435546875 476.507537841796875 520.0469970703125 520.0469970703125 520.0469970703125 520.0469970703125 519.456787109375 517.09112548828125 517.09112548828125 517.09112548828125 517.09112548828125 522.12786865234375 542.3157958984375 542.3157958984375 542.3157958984375 542.3157958984375 560.10626220703125 631.41259765625 631.41259765625 631.41259765625 631.41259765625 607.63238525390625 512.318603515625 512.318603515625 512.318603515625 512.318603515625
