INPUT/RASTER/ASCII/soc.asc
ncols        225
nrows        269
xllcorner    473000.000000000000
yllcorner    4429100.000000000000
cellsize     50.000000000000
NODATA_value -9999
[rows 112 to 139 of 269, columns 64 to 127 of 225]
502.41717529296875 460 460 460 460 472.18023681640625 521 521 521 521 545.1607666015625 642 642 642 642 639.40423583984375 629 629 629 629 619.615234375 582 582 582 582 590.5860595703125 625 625 625 625 624.60064697265625 623 623 623 623 599.63787841796875 506 506 506 506 503.004852294921875 491 491 491 491 504.3782958984375 558 558 558 558 552.00970458984375 528 528 528 528 532.19317626953125 549 549 549 549 541.41229248046875 511 511 511
502.41717529296875 460 460 460 460 472.18023681640625 521 521 521 521 545.1607666015625 642 642 642 642 639.40423583984375 629 629 629 629 619.615234375 582 582 582 582 590.5860595703125 625 625 625 625 624.60064697265625 623 623 623 623 599.63787841796875 506 506 506 506 503.004852294921875 491 491 491 491 504.3782958984375 558 558 558 558 552.00970458984375 528 528 528 528 532.19317626953125 549 549 549 549 541.41229248046875 511 511 511
502.41717529296875 460 460 460 460 472.18023681640625 521 521 521 521 545.1607666015625 642 642 642 642 639.40423583984375 629 629 629 629 619.615234375 582 582 582 582 590.5860595703125 625 625 625 625 624.60064697265625 623 623 623 623 599.63787841796875 506 506 506 506 503.004852294921875 491 491 491 491 504.3782958984375 558 558 558 558 552.00970458984375 528 528 528 528 532.19317626953125 549 549 549 549 541.41229248046875 511 511 511
502.41717529296875 460 460 460 460 472.18023681640625 521 521 521 521 545.1607666015625 642 642 642 642 639.40423583984375 629 629 629 629 619.615234375 582 582 582 582 590.5860595703125 625 625 625 625 624.60064697265625 623 623 623 623 599.63787841796875 506 506 506 506 503.004852294921875 491 491 491 491 504.3782958984375 558 558 558 558 552.00970458984375 528 528 528 528 532.19317626953125 549 549 549 549 541.41229248046875 511 511 511
562.14251708984375 610.381591796875 610.381591796875 610.381591796875 610.381591796875 611.25274658203125 614.744384765625 614.744384765625 614.744384765625 614.744384765625 607.31768798828125 577.55072021484375 577.55072021484375 577.55072021484375 577.55072021484375 580.6094970703125 592.86932373046875 592.86932373046875 592.86932373046875 592.86932373046875 597.3284912109375 615.20111083984375 615.20111083984375 615.20111083984375 615.20111083984375 628.2718505859375 680.66070556640625 680.66070556640625 680.66070556640625 680.66070556640625 682.0162353515625 687.44927978515625 687.44927978515625 687.44927978515625 687.44927978515625 646.73358154296875 483.5404052734375 483.5404052734375 483.5404052734375 483.5404052734375 483.860015869140625 485.1409912109375 485.1409912109375 485.1409912109375 485.1409912109375 490.914886474609375 514.05731201171875 514.05731201171875 514.05731201171875 514.05731201171875 516.6463623046875 527.02349853515625 527.02349853515625 527.02349853515625 527.02349853515625 519.71258544921875 490.409759521484375 490.409759521484375 490.409759521484375 490.409759521484375 471.70794677734375 396.7490234375 396.7490234375 396.7490234375
563.57958984375 614 614 614 614 614.5989990234375 617 617 617 617 608.81329345703125 576 576 576 576 579.19482421875 592 592 592 592 596.792236328125 616 616 616 616 629.1785888671875 682 682 682 682 683.397705078125 689 689 689 689 647.86676025390625 483 483 483 483 483.39935302734375 485 485 485 485 490.5909423828125 513 513 513 513 515.79547119140625 527 527 527 527 519.41229248046875 489 489 489 489 470.030792236328125 394 394 394
563.57958984375 614 614 614 614 614.5989990234375 617 617 617 617 608.81329345703125 576 576 576 576 579.19482421875 592 592 592 592 596.792236328125 616 616 616 616 629.1785888671875 682 682 682 682 683.397705078125 689 689 689 689 647.86676025390625 483 483 483 483 483.39935302734375 485 485 485 485 490.5909423828125 513 513 513 513 515.79547119140625 527 527 527 527 519.41229248046875 489 489 489 489 470.030792236328125 394 394 394
563.57958984375 614 614 614 614 614.5989990234375 617 617 617 617 608.81329345703125 576 576 576 576 579.19482421875 592 592 592 592 596.792236328125 616 616 616 616 629.1785888671875 682 682 682 682 683.397705078125 689 689 689 689 647.86676025390625 483 483 483 483 483.39935302734375 485 485 485 485 490.5909423828125 513 513 513 513 515.79547119140625 527 527 527 527 519.41229248046875 489 489 489 489 470.030792236328125 394 394 -9999
563.57958984375 614 614 614 614 614.5989990234375 617 617 617 617 608.81329345703125 576 576 576 576 579.19482421875 592 592 592 592 596.792236328125 616 616 616 616 629.1785888671875 682 682 682 682 683.397705078125 689 689 689 689 647.86676025390625 483 483 483 483 483.39935302734375 485 485 485 485 490.5909423828125 513 513 513 513 515.79547119140625 527 527 527 527 519.41229248046875 489 489 489 489 470.030792236328125 394 -9999 -9999
639.9830322265625 589.58740234375 589.58740234375 589.58740234375 589.58740234375 591.3563232421875 598.4464111328125 598.4464111328125 598.4464111328125 598.4464111328125 608.19830322265625 647.2847900390625 647.2847900390625 647.2847900390625 647.2847900390625 637.02569580078125 595.906005859375 595.906005859375 595.906005859375 595.906005859375 595.8236083984375 595.493408203125 595.493408203125 595.493408203125 595.493408203125 609.8419189453125 667.3524169921875 667.3524169921875 667.3524169921875 667.3524169921875 642.62225341796875 543.50091552734375 543.50091552734375 543.50091552734375 543.50091552734375 563.39776611328125 643.14666748046875 643.14666748046875 643.14666748046875 643.14666748046875 636.33160400390625 609.0159912109375 609.0159912109375 609.0159912109375 609.0159912109375 588.8690185546875 508.11749267578125 508.11749267578125 508.11749267578125 508.11749267578125 499.018890380859375 462.550750732421875 462.550750732421875 462.550750732421875 462.550750732421875 462.372467041015625 461.65789794921875 461.65789794921875 461.65789794921875 461.65789794921875 448.92816162109375 397.906005859375 -9999 -9999
641.8214111328125 589 589 589 589 590.79705810546875 598 598 598 598 608.1834716796875 649 649 649 649 638.41717529296875 596 596 596 596 595.80035400390625 595 595 595 595 609.37664794921875 667 667 667 667 641.64117431640625 540 540 540 540 561.3653564453125 647 647 647 647 640.0113525390625 612 612 612 612 591.23370361328125 508 508 508 508 498.615234375 461 461 461 461 461 461 461 461 461 448.42041015625 398 -9999 -9999
641.8214111328125 589 589 589 589 590.79705810546875 598 598 598 598 608.1834716796875 649 649 649 649 638.41717529296875 596 596 596 596 595.80035400390625 595 595 595 595 609.37664794921875 667 667 667 667 641.64117431640625 540 540 540 540 561.3653564453125 647 647 647 647 640.0113525390625 612 612 612 612 591.23370361328125 508 508 508 508 498.615234375 461 461 461 461 461 461 461 461 461 448.42041015625 398 -9999 -9999
641.8214111328125 589 589 589 589 590.79705810546875 598 598 598 598 608.1834716796875 649 649 649 649 638.41717529296875 596 596 596 596 595.80035400390625 595 595 595 595 609.37664794921875 667 667 667 667 641.64117431640625 540 540 540 540 561.3653564453125 647 647 647 647 640.0113525390625 612 612 612 612 591.23370361328125 508 508 508 508 498.615234375 461 461 461 461 461 461 461 461 461 448.42041015625 398 398 398
641.8214111328125 589 589 589 589 590.79705810546875 598 598 598 598 608.1834716796875 649 649 649 649 638.41717529296875 596 596 596 596 595.80035400390625 595 595 595 595 609.37664794921875 667 667 667 667 641.64117431640625 540 540 540 540 561.3653564453125 647 647 647 647 640.0113525390625 612 612 612 612 591.23370361328125 508 508 508 508 498.615234375 461 461 461 461 461 461 461 461 461 448.42041015625 398 398 398
663.7213134765625 546.0338134765625 546.0338134765625 546.0338134765625 546.0338134765625 550.5606689453125 568.70489501953125 568.70489501953125 568.70489501953125 568.70489501953125 556.46514892578125 507.40692138671875 507.40692138671875 507.40692138671875 507.40692138671875 516.51751708984375 553.0338134765625 553.0338134765625 553.0338134765625 553.0338134765625 542.1099853515625 498.32611083984375 498.32611083984375 498.32611083984375 498.32611083984375 499.44384765625 503.923828125 503.923828125 503.923828125 503.923828125 514.6370849609375 557.57708740234375 557.57708740234375 557.57708740234375 557.57708740234375 551.254638671875 525.91351318359375 525.91351318359375 525.91351318359375 525.91351318359375 541.153076171875 602.2349853515625 602.2349853515625 602.2349853515625 602.2349853515625 606.231689453125 622.2509765625 622.2509765625 622.2509765625 622.2509765625 602.14202880859375 521.54327392578125 521.54327392578125 521.54327392578125 521.54327392578125 512.18402099609375 474.671051025390625 474.671051025390625 474.671051025390625 474.671051025390625 472.23065185546875 462.449249267578125 462.449249267578125 462.449249267578125
664.248291015625 545 545 545 545 549.592529296875 568 568 568 568 555.22076416015625 504 504 504 504 513.58447265625 552 552 552 552 540.818115234375 496 496 496 496 496.7987060546875 500 500 500 500 511.581207275390625 558 558 558 558 551.0113525390625 523 523 523 523 538.7744140625 602 602 602 602 606.592529296875 625 625 625 625 604.633056640625 523 523 523 523 513.41552734375 475 475 475 475 472.803558349609375 464 464 464
664.248291015625 545 545 545 545 549.592529296875 568 568 568 568 555.22076416015625 504 504 504 504 513.58447265625 552 552 552 552 540.818115234375 496 496 496 496 496.7987060546875 500 500 500 500 511.581207275390625 558 558 558 558 551.0113525390625 523 523 523 523 538.7744140625 602 602 602 602 606.592529296875 625 625 625 625 604.633056640625 523 523 523 523 513.41552734375 475 475 475 475 472.803558349609375 464 464 464
664.248291015625 545 545 545 545 549.592529296875 568 568 568 568 555.22076416015625 504 504 504 504 513.58447265625 552 552 552 552 540.818115234375 496 496 496 496 496.7987060546875 500 500 500 500 511.581207275390625 558 558 558 558 551.0113525390625 523 523 523 523 538.7744140625 602 602 602 602 606.592529296875 625 625 625 625 604.633056640625 523 523 523 523 513.41552734375 475 475 475 475 472.803558349609375 464 464 464
664.248291015625 545 545 545 545 549.592529296875 568 568 568 568 555.22076416015625 504 504 504 504 513.58447265625 552 552 552 552 540.818115234375 496 496 496 496 496.7987060546875 500 500 500 500 511.581207275390625 558 558 558 558 551.0113525390625 523 523 523 523 538.7744140625 602 602 602 602 606.592529296875 625 625 625 625 604.633056640625 523 523 523 523 513.41552734375 475 475 475 475 472.803558349609375 464 464 464
556.79327392578125 535.2349853515625 535.2349853515625 535.2349853515625 535.2349853515625 529.68829345703125 507.456756591796875 507.456756591796875 507.456756591796875 507.456756591796875 504.231719970703125 491.305450439453125 491.305450439453125 491.305450439453125 491.305450439453125 493.67547607421875 503.1748046875 503.1748046875 503.1748046875 503.1748046875 501.742156982421875 496 496 496 496 498.35858154296875 507.812042236328125 507.812042236328125 507.812042236328125 507.812042236328125 510.03399658203125 518.9398193359375 518.9398193359375 518.9398193359375 518.9398193359375 536.1292724609375 605.02630615234375 605.02630615234375 605.02630615234375 605.02630615234375 606.1768798828125 610.78851318359375 610.78851318359375 610.78851318359375 610.78851318359375 601.34222412109375 563.480224609375 563.480224609375 563.480224609375 563.480224609375 558.51708984375 538.62408447265625 538.62408447265625 538.62408447265625 538.62408447265625 532.3543701171875 507.224639892578125 507.224639892578125 507.224639892578125 507.224639892578125 501.128509521484375 476.694549560546875 476.694549560546875 476.694549560546875
554.207763671875 535 535 535 535 529.20941162109375 506 506 506 506 503.004852294921875 491 491 491 491 493.196441650390625 502 502 502 502 500.80194091796875 496 496 496 496 498.3961181640625 508 508 508 508 509.99676513671875 518 518 518 518 535.77117919921875 607 607 607 607 607.7987060546875 611 611 611 611 601.21588134765625 562 562 562 562 557.407470703125 539 539 539 539 532.81005859375 508 508 508 508 501.81005859375 477 477 477
554.207763671875 535 535 535 535 529.20941162109375 506 506 506 506 503.004852294921875 491 491 491 491 493.196441650390625 502 502 502 502 500.80194091796875 496 496 496 496 498.3961181640625 508 508 508 508 509.99676513671875 518 518 518 518 535.77117919921875 607 607 607 607 607.7987060546875 611 611 611 611 601.21588134765625 562 562 562 562 557.407470703125 539 539 539 539 532.81005859375 508 508 508 508 501.81005859375 477 477 477
554.207763671875 535 535 535 535 529.20941162109375 506 506 506 506 503.004852294921875 491 491 491 491 493.196441650390625 502 502 502 502 500.80194091796875 496 496 496 496 498.3961181640625 508 508 508 508 509.99676513671875 518 518 518 518 535.77117919921875 607 607 607 607 607.7987060546875 611 611 611 611 601.21588134765625 562 562 562 562 557.407470703125 539 539 539 539 532.81005859375 508 508 508 508 501.81005859375 477 477 477
554.207763671875 535 535 535 535 529.20941162109375 506 506 506 506 503.004852294921875 491 491 491 491 493.196441650390625 502 502 502 502 500.80194091796875 496 496 496 496 498.3961181640625 508 508 508 508 509.99676513671875 518 518 518 518 535.77117919921875 607 607 607 607 607.7987060546875 611 611 611 611 601.21588134765625 562 562 562 562 557.407470703125 539 539 539 539 532.81005859375 508 508 508 508 501.81005859375 477 477 477
535.46551513671875 499.845855712890625 499.845855712890625 499.845855712890625 499.845855712890625 503.804473876953125 519.67108154296875 519.67108154296875 519.67108154296875 519.67108154296875 542.2188720703125 632.59307861328125 632.59307861328125 632.59307861328125 632.59307861328125 607.88165283203125 508.835540771484375 508.835540771484375 508.835540771484375 508.835540771484375 494.3785400390625 436.433258056640625 436.433258056640625 436.433258056640625 436.433258056640625 497.32470703125 741.38446044921875 741.38446044921875 741.38446044921875 741.38446044921875 697.9498291015625 523.8590087890625 523.8590087890625 523.8590087890625 523.8590087890625 515.1123046875 480.054473876953125 480.054473876953125 480.054473876953125 480.054473876953125 475.783599853515625 458.665374755859375 458.665374755859375 458.665374755859375 458.665374755859375 451.2210693359375 421.3834228515625 421.3834228515625 421.3834228515625 421.3834228515625 424.200286865234375 435.490570068359375 435.490570068359375 435.490570068359375 435.490570068359375 445.6793212890625 486.51690673828125 486.51690673828125 486.51690673828125 486.51690673828125 477.792144775390625 442.822357177734375 442.822357177734375 442.822357177734375
535.01458740234375 499 499 499 499 503.193206787109375 520 520 520 520 543.16241455078125 636 636 636 636 610.64117431640625 509 509 509 509 494.223968505859375 435 435 435 435 497.298919677734375 747 747 747 747 702.47222900390625 524 524 524 524 514.615234375 477 477 477 477 472.60711669921875 455 455 455 455 447.61199951171875 418 418 418 418 420.995147705078125 433 433 433 433 443.58282470703125 486 486 486 486 477.214263916015625 442 442 442
535.01458740234375 499 499 499 499 503.193206787109375 520 520 520 520 543.16241455078125 636 636 636 636 610.64117431640625 509 509 509 509 494.223968505859375 435 435 435 435 497.298919677734375 747 747 747 747 702.47222900390625 524 524 524 524 514.615234375 477 477 477 477 472.60711669921875 455 455 455 455 447.61199951171875 418 418 418 418 420.995147705078125 433 433 433 433 443.58282470703125 486 486 486 486 477.214263916015625 442 442 442
535.01458740234375 499 499 499 499 503.193206787109375 520 520 520 520 543.16241455078125 636 636 636 636 610.64117431640625 509 509 509 509 494.223968505859375 435 435 435 435 497.298919677734375 747 747 747 747 702.47222900390625 524 524 524 524 514.615234375 477 477 477 477 472.60711669921875 455 455 455 455 447.61199951171875 418 418 418 418 420.995147705078125 433 433 433 433 443.58282470703125 486 486 486 486 477.214263916015625 442 442 442
