INPUT/RASTER/ASCII/soc.asc
ncols        225
nrows        269
xllcorner    473000.000000000000
yllcorner    4429100.000000000000
cellsize     50.000000000000
NODATA_value -9999
[rows 140 to 167 of 269, columns 0 to 63 of 225]
-9999 -9999 -9999 -9999 -9999 -9999 -9999 -9999 -9999 -9999 497 497 497 497 534.33941650390625 684 684 684 684 660.63787841796875 567 567 567 567 557.81488037109375 521 521 521 521 520.80035400390625 520 520 520 520 512.012939453125 480 480 480 480 486.389617919921875 512 512 512 512 514.59576416015625 525 525 525 525 521.2061767578125 506 506 506 506 513.1883544921875 542 542 542 542 542.39935302734375 544 544 544 544
-9999 -9999 -9999 -9999 -9999 -9999 -9999 -9999 -9999 -9999 620.03948974609375 620.03948974609375 620.03948974609375 620.03948974609375 634.56573486328125 692.78851318359375 692.78851318359375 692.78851318359375 692.78851318359375 660.4571533203125 530.86932373046875 530.86932373046875 530.86932373046875 530.86932373046875 528.898681640625 521 521 521 521 526.2598876953125 547.34210205078125 547.34210205078125 547.34210205078125 547.34210205078125 541.4998779296875 518.08367919921875 518.08367919921875 518.08367919921875 518.08367919921875 510.23944091796875 478.798858642578125 478.798858642578125 478.798858642578125 478.798858642578125 482.759552001953125 498.6343994140625 498.6343994140625 498.6343994140625 498.6343994140625 504.394775390625 527.48309326171875 527.48309326171875 527.48309326171875 527.48309326171875 526.09210205078125 520.51690673828125 520.51690673828125 520.51690673828125 520.51690673828125 518.57647705078125 510.798858642578125 510.798858642578125 510.798858642578125 510.798858642578125
-9999 -9999 -9999 -9999 -9999 -9999 -9999 -9999 -9999 -9999 623 623 623 623 636.977294921875 693 693 693 693 660.45281982421875 530 530 530 530 528.20294189453125 521 521 521 521 526.3912353515625 548 548 548 548 542.20941162109375 519 519 519 519 510.81329345703125 478 478 478 478 481.9935302734375 498 498 498 498 503.990264892578125 528 528 528 528 526.402587890625 520 520 520 520 518.00323486328125 510 510 510 510
-9999 -9999 -9999 -9999 -9999 -9999 -9999 -9999 -9999 124.3981475830078125 623 623 623 623 636.977294921875 693 693 693 693 660.45281982421875 530 530 530 530 528.20294189453125 521 521 521 521 526.3912353515625 548 548 548 548 542.20941162109375 519 519 519 519 510.81329345703125 478 478 478 478 481.9935302734375 498 498 498 498 503.990264892578125 528 528 528 528 526.402587890625 520 520 520 520 518.00323486328125 510 510 510 510
-9999 -9999 -9999 -9999 -9999 -9999 -9999 -9999 -9999 124.3981475830078125 623 623 623 623 636.977294921875 693 693 693 693 660.45281982421875 530 530 530 530 528.20294189453125 521 521 521 521 526.3912353515625 548 548 548 548 542.20941162109375 519 519 519 519 510.81329345703125 478 478 478 478 481.9935302734375 498 498 498 498 503.990264892578125 528 528 528 528 526.402587890625 520 520 520 520 518.00323486328125 510 510 510 510
-9999 -9999 -9999 -9999 -9999 -9999 -9999 -9999 -9999 124.3981475830078125 623 623 623 623 636.977294921875 693 693 693 693 660.45281982421875 530 530 530 530 528.20294189453125 521 521 521 521 526.3912353515625 548 548 548 548 542.20941162109375 519 519 519 519 510.81329345703125 478 478 478 478 481.9935302734375 498 498 498 498 503.990264892578125 528 528 528 528 526.402587890625 520 520 520 520 518.00323486328125 510 510 510 510
-9999 -9999 -9999 -9999 -9999 -9999 -9999 -9999 483.369476318359375 539.5230712890625 764.59307861328125 764.59307861328125 764.59307861328125 764.59307861328125 756.73211669921875 725.224609375 725.224609375 725.224609375 725.224609375 688.582763671875 541.718017578125 541.718017578125 541.718017578125 541.718017578125 533.68145751953125 501.46990966796875 501.46990966796875 501.46990966796875 501.46990966796875 503.9364013671875 513.8223876953125 513.8223876953125 513.8223876953125 513.8223876953125 511.34649658203125 501.422943115234375 501.422943115234375 501.422943115234375 501.422943115234375 501.03558349609375 499.48309326171875 499.48309326171875 499.48309326171875 499.48309326171875 505.621429443359375 530.224609375 530.224609375 530.224609375 530.224609375 535.04498291015625 554.3656005859375 554.3656005859375 554.3656005859375 554.3656005859375 545.748779296875 511.211456298828125 511.211456298828125 511.211456298828125 511.211456298828125 508.0447998046875 495.352447509765625 495.352447509765625 495.352447509765625 495.352447509765625
-9999 -9999 -9999 -9999 -9999 -9999 -9999 -9999 495 549.51153564453125 768 768 768 768 759.61358642578125 726 726 726 726 689.2596435546875 542 542 542 542 533.81329345703125 501 501 501 501 503.3961181640625 513 513 513 513 510.6038818359375 501 501 501 501 500.800323486328125 500 500 500 500 506.18994140625 531 531 531 531 535.792236328125 555 555 555 555 546.2142333984375 511 511 511 511 507.80517578125 495 495 495 495
-9999 -9999 -9999 -9999 -9999 -9999 -9999 -9999 495 549.51153564453125 768 768 768 768 759.61358642578125 726 726 726 726 689.2596435546875 542 542 542 542 533.81329345703125 501 501 501 501 503.3961181640625 513 513 513 513 510.6038818359375 501 501 501 501 500.800323486328125 500 500 500 500 506.18994140625 531 531 531 531 535.792236328125 555 555 555 555 546.2142333984375 511 511 511 511 507.80517578125 495 495 495 495
-9999 -9999 -9999 -9999 -9999 -9999 -9999 495 495 549.51153564453125 768 768 768 768 759.61358642578125 726 726 726 726 689.2596435546875 542 542 542 542 533.81329345703125 501 501 501 501 503.3961181640625 513 513 513 513 510.6038818359375 501 501 501 501 500.800323486328125 500 500 500 500 506.18994140625 531 531 531 531 535.792236328125 555 555 555 555 546.2142333984375 511 511 511 511 507.80517578125 495 495 495 495
-9999 -9999 -9999 -9999 -9999 -9999 -9999 495 495 549.51153564453125 768 768 768 768 759.61358642578125 726 726 726 726 689.2596435546875 542 542 542 542 533.81329345703125 501 501 501 501 503.3961181640625 513 513 513 513 510.6038818359375 501 501 501 501 500.800323486328125 500 500 500 500 506.18994140625 531 531 531 531 535.792236328125 555 555 555 555 546.2142333984375 511 511 511 511 507.80517578125 495 495 495 495
-9999 -9999 -9999 -9999 -9999 -9999 -9999 471.56390380859375 471.56390380859375 488.053497314453125 554.1456298828125 554.1456298828125 554.1456298828125 554.1456298828125 542.83447265625 497.498077392578125 497.498077392578125 497.498077392578125 497.498077392578125 491.3702392578125 466.8092041015625 466.8092041015625 466.8092041015625 466.8092041015625 473.246307373046875 499.0469970703125 499.0469970703125 499.0469970703125 499.0469970703125 498.908294677734375 498.352447509765625 498.352447509765625 498.352447509765625 498.352447509765625 498.68609619140625 500.02349853515625 500.02349853515625 500.02349853515625 500.02349853515625 498.0689697265625 490.234954833984375 490.234954833984375 490.234954833984375 490.234954833984375 489.0155029296875 484.1278076171875 484.1278076171875 484.1278076171875 484.1278076171875 478.390869140625 455.3966064453125 455.3966064453125 455.3966064453125 455.3966064453125 463.76947021484375 497.328948974609375 497.328948974609375 497.328948974609375 497.328948974609375 500.76361083984375 514.53009033203125 514.53009033203125 514.53009033203125 514.53009033203125
-9999 -9999 -9999 -9999 -9999 -9999 471 471 471 486.574737548828125 549 549 549 549 537.61846923828125 492 492 492 492 486.608734130859375 465 465 465 465 471.788970947265625 499 499 499 499 498.800323486328125 498 498 498 498 498.39935302734375 500 500 500 500 498.00323486328125 490 490 490 490 488.602264404296875 483 483 483 483 477.009735107421875 453 453 453 453 461.785736083984375 497 497 497 497 500.59417724609375 515 515 515 515
-9999 -9999 -9999 -9999 -9999 -9999 471 471 471 486.574737548828125 549 549 549 549 537.61846923828125 492 492 492 492 486.608734130859375 465 465 465 465 471.788970947265625 499 499 499 499 498.800323486328125 498 498 498 498 498.39935302734375 500 500 500 500 498.00323486328125 490 490 490 490 488.602264404296875 483 483 483 483 477.009735107421875 453 453 453 453 461.785736083984375 497 497 497 497 500.59417724609375 515 515 515 515
-9999 -9999 -9999 -9999 -9999 -9999 -9999 471 471 486.574737548828125 549 549 549 549 537.61846923828125 492 492 492 492 486.608734130859375 465 465 465 465 471.788970947265625 499 499 499 499 498.800323486328125 498 498 498 498 498.39935302734375 500 500 500 500 498.00323486328125 490 490 490 490 488.602264404296875 483 483 483 483 477.009735107421875 453 453 453 453 461.785736083984375 497 497 497 497 500.59417724609375 515 515 515 515
-9999 -9999 -9999 -9999 -9999 -9999 -9999 471 471 486.574737548828125 549 549 549 549 537.61846923828125 492 492 492 492 486.608734130859375 465 465 465 465 471.788970947265625 499 499 499 499 498.800323486328125 498 498 498 498 498.39935302734375 500 500 500 500 498.00323486328125 490 490 490 490 488.602264404296875 483 483 483 483 477.009735107421875 453 453 453 453 461.785736083984375 497 497 497 497 500.59417724609375 515 515 515 515
-9999 -9999 -9999 -9999 -9999 -9999 -9999 -9999 653.60626220703125 627.45428466796875 522.6343994140625 522.6343994140625 522.6343994140625 522.6343994140625 513.982666015625 479.305450439453125 479.305450439453125 479.305450439453125 479.305450439453125 478.398834228515625 474.765045166015625 474.765045166015625 474.765045166015625 474.765045166015625 490.133331298828125 551.731201171875 551.731201171875 551.731201171875 551.731201171875 538.66259765625 486.281951904296875 486.281951904296875 486.281951904296875 486.281951904296875 487.8511962890625 494.1409912109375 494.1409912109375 494.1409912109375 494.1409912109375 494.09405517578125 493.906005859375 493.906005859375 493.906005859375 493.906005859375 490.558441162109375 477.1409912109375 477.1409912109375 477.1409912109375 477.1409912109375 474.85540771484375 465.694549560546875 465.694549560546875 465.694549560546875 465.694549560546875 469.215728759765625 483.328948974609375 483.328948974609375 483.328948974609375 483.328948974609375 491.602752685546875 524.7650146484375 524.7650146484375 524.7650146484375 524.7650146484375
-9999 -9999 -9999 -9999 -9999 -9999 -9999 -9999 658 630.84405517578125 522 522 522 522 513.4139404296875 479 479 479 479 478.2012939453125 475 475 475 475 490.574737548828125 553 553 553 553 539.6217041015625 486 486 486 486 487.597412109375 494 494 494 494 494 494 494 494 494 490.605499267578125 477 477 477 477 474.803558349609375 466 466 466 466 469.394500732421875 483 483 483 483 491.386383056640625 525 525 525 525
-9999 -9999 -9999 -9999 -9999 -9999 -9999 -9999 658 630.84405517578125 522 522 522 522 513.4139404296875 479 479 479 479 478.2012939453125 475 475 475 475 490.574737548828125 553 553 553 553 539.6217041015625 486 486 486 486 487.597412109375 494 494 494 494 494 494 494 494 494 490.605499267578125 477 477 477 477 474.803558349609375 466 466 466 466 469.394500732421875 483 483 483 483 491.386383056640625 525 525 525 525
-9999 -9999 -9999 -9999 -9999 -9999 -9999 -9999 -9999 630.84405517578125 522 522 522 522 513.4139404296875 479 479 479 479 478.2012939453125 475 475 475 475 490.574737548828125 553 553 553 553 539.6217041015625 486 486 486 486 487.597412109375 494 494 494 494 494 494 494 494 494 490.605499267578125 477 477 477 477 474.803558349609375 466 466 466 466 469.394500732421875 483 483 483 483 491.386383056640625 525 525 525 525
-9999 -9999 -9999 -9999 -9999 -9999 -9999 -9999 -9999 630.84405517578125 522 522 522 522 513.4139404296875 479 479 479 479 478.2012939453125 475 475 475 475 490.574737548828125 553 553 553 553 539.6217041015625 486 486 486 486 487.597412109375 494 494 494 494 494 494 494 494 494 490.605499267578125 477 477 477 477 474.803558349609375 466 466 466 466 469.394500732421875 483 483 483 483 491.386383056640625 525 525 525 525
-9999 -9999 -9999 -9999 -9999 -9999 -9999 -9999 -9999 626.953857421875 479.0338134765625 479.0338134765625 479.0338134765625 479.0338134765625 478.052154541015625 474.11749267578125 474.11749267578125 474.11749267578125 474.11749267578125 485.992767333984375 533.5902099609375 533.5902099609375 533.5902099609375 533.5902099609375 557.7442626953125 654.556396484375 654.556396484375 654.556396484375 654.556396484375 622.06964111328125 491.8590087890625 491.8590087890625 491.8590087890625 491.8590087890625 491.89654541015625 492.0469970703125 492.0469970703125 492.0469970703125 492.0469970703125 496.531646728515625 514.506591796875 514.506591796875 514.506591796875 514.506591796875 510.137176513671875 492.624053955078125 492.624053955078125 492.624053955078125 492.624053955078125 502.321685791015625 541.1907958984375 541.1907958984375 541.1907958984375 541.1907958984375 536.20098876953125 516.20111083984375 516.20111083984375 516.20111083984375 516.20111083984375 513.2784423828125 501.56390380859375 501.56390380859375 501.56390380859375 501.56390380859375
-9999 -9999 -9999 -9999 -9999 -9999 -9999 -9999 664 626.86029052734375 478 478 478 478 477.2012939453125 474 474 474 474 486.18023681640625 535 535 535 535 559.3604736328125 657 657 657 657 624.053466796875 492 492 492 492 492 492 492 492 492 496.592559814453125 515 515 515 515 510.60711669921875 493 493 493 493 502.983795166015625 543 543 543 543 537.80841064453125 517 517 517 517 513.80517578125 501 501 501 501
-9999 -9999 -9999 -9999 -9999 -9999 -9999 664 664 626.86029052734375 478 478 478 478 477.2012939453125 474 474 474 474 486.18023681640625 535 535 535 535 559.3604736328125 657 657 657 657 624.053466796875 492 492 492 492 492 492 492 492 492 496.592559814453125 515 515 515 515 510.60711669921875 493 493 493 493 502.983795166015625 543 543 543 543 537.80841064453125 517 517 517 517 513.80517578125 501 501 501 501
-9999 -9999 -9999 -9999 -9999 -9999 -9999 664 664 626.86029052734375 478 478 478 478 477.2012939453125 474 474 474 474 486.18023681640625 535 535 535 535 559.3604736328125 657 657 657 657 624.053466796875 492 492 492 492 492 492 492 492 492 496.592559814453125 515 515 515 515 510.60711669921875 493 493 493 493 502.983795166015625 543 543 543 543 537.80841064453125 517 517 517 517 513.80517578125 501 501 501 501
-9999 -9999 -9999 -9999 -9999 -9999 664 664 664 626.86029052734375 478 478 478 478 477.2012939453125 474 474 474 474 486.18023681640625 535 535 535 535 559.3604736328125 657 657 657 657 624.053466796875 492 492 492 492 492 492 492 492 492 496.592559814453125 515 515 515 515 510.60711669921875 493 493 493 493 502.983795166015625 543 543 543 543 537.80841064453125 517 517 517 517 513.80517578125 501 501 501 501
-9999 -9999 -9999 -9999 -9999 664.97650146484375 664.97650146484375 664.97650146484375 664.97650146484375 635.63616943359375 518.03668212890625 518.03668212890625 518.03668212890625 518.03668212890625 519.77276611328125 526.731201171875 526.731201171875 526.731201171875 526.731201171875 553.14532470703125 659.0159912109375 659.0159912109375 659.0159912109375 659.0159912109375 665.63287353515625 692.15411376953125 692.15411376953125 692.15411376953125 692.15411376953125 652.77313232421875 494.92950439453125 494.92950439453125 494.92950439453125 494.92950439453125 494.92950439453125 494.92950439453125 494.92950439453125 494.92950439453125 494.92950439453125 506.736480712890625 554.0601806640625 554.0601806640625 554.0601806640625 554.0601806640625 545.767578125 512.53009033203125 512.53009033203125 512.53009033203125 512.53009033203125 519.39410400390625 546.906005859375 546.906005859375 546.906005859375 546.906005859375 540.5445556640625 515.0469970703125 515.0469970703125 515.0469970703125 515.0469970703125 506.977569580078125 474.6343994140625 474.6343994140625 474.6343994140625 474.6343994140625
-9999 -9999 -9999 -9999 -9999 665 665 665 665 635.8472900390625 519 519 519 519 520.79705810546875 528 528 528 528 554.756591796875 662 662 662 662 668.18994140625 693 693 693 693 653.46417236328125 495 495 495 495 495 495 495 495 495 506.980560302734375 555 555 555 555 546.61358642578125 513 513 513 513 519.78900146484375 547 547 547 547 540.6103515625 515 515 515 515 506.81329345703125 474 474 474 474
