INPUT/RASTER/ASCII/texture.asc
ncols        225
nrows        269
xllcorner    473009.983799999987
yllcorner    4429051.174800000153
cellsize     50.000000000000
NODATA_value -9999
[rows 75 to 99 of 269, columns 165 to 219 of 225]
4.7769436836242675781 5.0197634696960449219 5.2140974998474121094 5.2140974998474121094 5.2140974998474121094 5.2140974998474121094 5.2140974998474121094 5.2854180335998535156 5.6425986289978027344 5.99977874755859375 6.3569593429565429688 6.7141399383544921875 7 7 7 7 7 7 7 7 7 7 7 7 7 7 7 -9999 -9999 -9999 -9999 -9999 -9999 -9999 -9999 -9999 -9999 -9999 -9999 -9999 -9999 -9999 -9999 -9999 -9999 -9999 -9999 -9999 -9999 -9999 -9999 -9999 -9999 -9999 -9999
4.39298248291015625 4.5158023834228515625 4.61409759521484375 4.61409759521484375 4.61409759521484375 4.61409759521484375 4.61409759521484375 4.7093791961669921875 5.1865596771240234375 5.6637401580810546875 6.1409206390380859375 6.6181011199951171875 7 7 7 7 7 7 7 7 7 7 7 7 7 7 7 -9999 -9999 -9999 -9999 -9999 -9999 -9999 -9999 -9999 -9999 -9999 -9999 -9999 -9999 -9999 -9999 -9999 -9999 -9999 -9999 -9999 -9999 -9999 -9999 -9999 -9999 -9999 -9999
4.009021759033203125 4.0118412971496582031 4.0140976905822753906 4.0140976905822753906 4.0140976905822753906 4.0140976905822753906 4.0140976905822753906 4.1333403587341308594 4.7305207252502441406 5.3277010917663574219 5.9248814582824707031 6.5220623016357421875 7 7 7 7 7 7 7 7 7 7 7 7 7 7 7 -9999 -9999 -9999 -9999 -9999 -9999 -9999 -9999 -9999 -9999 -9999 -9999 -9999 -9999 -9999 -9999 -9999 -9999 -9999 -9999 -9999 -9999 -9999 -9999 -9999 -9999 -9999 -9999
4.2109627723693847656 4.0937824249267578125 4.0233979225158691406 4.1405787467956542969 4.25775909423828125 4.3749394416809082031 4.4921202659606933594 4.6823101043701171875 5.1651291847229003906 5.6479487419128417969 6.1307682991027832031 6.6135878562927246094 7 7 7 7 7 6.9766020774841308594 6.8594212532043457031 6.74224090576171875 6.6250605583190917969 6.5078797340393066406 6.3624105453491210938 6.0416193008422851563 5.5609850883483886719 4.7613983154296875 3.1677136421203613281 0 0 0 0 0 0 0 0 0 0 -9999 -9999 -9999 -9999 -9999 -9999 -9999 -9999 -9999 -9999 -9999 -9999 -9999 -9999 -9999 -9999 -9999 -9999
4.4270014762878417969 4.1898212432861328125 4.047359466552734375 4.2845396995544433594 4.5217204093933105469 4.7589006423950195313 4.9960813522338867188 5.2583489418029785156 5.6211681365966796875 5.9839878082275390625 6.3468074798583984375 6.7096266746520996094 7 7 7 7 7 6.952640533447265625 6.7154603004455566406 6.4782795906066894531 6.2410993576049804688 6.0039186477661132813 5.7200427055358886719 5.1690630912780761719 4.4365091323852539063 3.4149162769317626953 1.8911761045455932617 0 0 0 0 0 0 0 0 0 0 -9999 -9999 -9999 -9999 -9999 -9999 -9999 -9999 -9999 -9999 -9999 -9999 -9999 -9999 -9999 -9999 -9999 -9999
4.6430406570434570313 4.2858600616455078125 4.0713205337524414063 4.4285006523132324219 4.7856812477111816406 5.1428618431091308594 5.5000424385070800781 5.8343877792358398438 6.0772070884704589844 6.3200268745422363281 6.5628461837768554688 6.8056654930114746094 7 7 7 7 7 6.9286794662475585938 6.5714993476867675781 6.2143187522888183594 5.8571381568908691406 5.4999575614929199219 5.088104248046875 4.389255523681640625 3.5527732372283935547 2.5335566997528076172 1.2643843889236450195 0 0 0 0 0 0 0 0 0 0 -9999 -9999 -9999 -9999 -9999 -9999 -9999 -9999 -9999 -9999 -9999 -9999 -9999 -9999 -9999 -9999 -9999 -9999
4.8590793609619140625 4.3818988800048828125 4.0952816009521484375 4.5724620819091796875 5.0496425628662109375 5.5268230438232421875 6.0040035247802734375 6.4104266166687011719 6.5332460403442382813 6.6560654640197753906 6.7788848876953125 6.9017047882080078125 7 7 7 7 7 6.9047183990478515625 6.4275379180908203125 5.9503574371337890625 5.4731769561767578125 4.9959964752197265625 4.4663438796997070313 3.6881551742553710938 2.83994293212890625 1.9118102788925170898 0.89190316200256347656 0 0 0 0 0 0 0 0 0 0 -9999 -9999 -9999 -9999 -9999 -9999 -9999 -9999 -9999 -9999 -9999 -9999 -9999 -9999 -9999 -9999 -9999 -9999
5.0751185417175292969 4.4779376983642578125 4.1192426681518554688 4.71642303466796875 5.3136034011840820313 5.9107842445373535156 6.5079646110534667969 6.9864654541015625 6.9892849922180175781 6.9921045303344726563 6.9949240684509277344 6.9977436065673828125 7 7 7 7 7 6.8807573318481445313 6.28357696533203125 5.6863965988159179688 5.0892157554626464844 4.4920353889465332031 3.8545172214508056641 3.0544180870056152344 2.2528121471405029297 1.4496947526931762695 0.64506179094314575195 0 0 0 0 0 0 0 0 0 0 -9999 -9999 -9999 -9999 -9999 -9999 -9999 -9999 -9999 -9999 -9999 -9999 -9999 -9999 -9999 -9999 -9999 -9999
4.8692317008972167969 4.3864121437072753906 4.0964074134826660156 4.5792269706726074219 5.0620465278625488281 5.5448660850524902344 6.0276856422424316406 6.4374957084655761719 6.554676055908203125 6.6718568801879882813 6.7890372276306152344 6.9062175750732421875 6.9766020774841308594 6.8594212532043457031 6.74224090576171875 6.6250605583190917969 6.5078797340393066406 6.3176898956298828125 5.8348708152770996094 5.3520512580871582031 4.8692317008972167969 4.3864121437072753906 3.8714566230773925781 3.2276973724365234375 2.5839378833770751953 1.9401786327362060547 1.2964192628860473633 0.78120321035385131836 0.78120321035385131836 0.78120321035385131836 0.78120321035385131836 0.78120321035385131836 0.78120321035385131836 0.78120321035385131836 0.78120321035385131836 0.78120321035385131836 0.78120321035385131836 -9999 -9999 -9999 -9999 -9999 -9999 -9999 -9999 -9999 -9999 -9999 -9999 -9999 -9999 -9999 -9999 -9999 -9999
4.6531925201416015625 4.2903733253479003906 4.0724463462829589844 4.4352660179138183594 4.7980852127075195313 5.1609048843383789063 5.5237245559692382813 5.8614568710327148438 6.0986371040344238281 6.3358178138732910156 6.5729985237121582031 6.8101787567138671875 6.952640533447265625 6.7154603004455566406 6.4782795906066894531 6.2410993576049804688 6.0039186477661132813 5.7416510581970214844 5.3788318634033203125 5.0160121917724609375 4.6531925201416015625 4.2903733253479003906 3.9034049510955810547 3.4196455478668212891 2.9358861446380615234 2.4521267414093017578 1.968367457389831543 1.5812032222747802734 1.5812032222747802734 1.5812032222747802734 1.5812032222747802734 1.5812032222747802734 1.5812032222747802734 1.5812032222747802734 1.5812032222747802734 1.5812032222747802734 1.5812032222747802734 -9999 -9999 -9999 -9999 -9999 -9999 -9999 -9999 -9999 -9999 -9999 -9999 -9999 -9999 -9999 -9999 -9999 -9999
4.4371538162231445313 4.1943345069885253906 4.0484852790832519531 4.2913045883178710938 4.5341243743896484375 4.7769436836242675781 5.0197634696960449219 5.2854180335998535156 5.6425986289978027344 5.99977874755859375 6.3569593429565429688 6.7141399383544921875 6.9286794662475585938 6.5714993476867675781 6.2143187522888183594 5.8571381568908691406 5.4999575614929199219 5.1656122207641601563 4.9227929115295410156 4.6799731254577636719 4.4371538162231445313 4.1943345069885253906 3.9353530406951904297 3.6115937232971191406 3.2878344058990478516 2.9640748500823974609 2.6403155326843261719 2.3812031745910644531 2.3812031745910644531 2.3812031745910644531 2.3812031745910644531 2.3812031745910644531 2.3812031745910644531 2.3812031745910644531 2.3812031745910644531 2.3812031745910644531 2.3812031745910644531 -9999 -9999 -9999 -9999 -9999 -9999 -9999 -9999 -9999 -9999 -9999 -9999 -9999 -9999 -9999 -9999 -9999 -9999
4.2211151123046875 4.0982952117919921875 4.0245242118835449219 4.1473436355590820313 4.2701630592346191406 4.39298248291015625 4.5158023834228515625 4.7093791961669921875 5.1865596771240234375 5.6637401580810546875 6.1409206390380859375 6.6181011199951171875 6.9047183990478515625 6.4275379180908203125 5.9503574371337890625 5.4731769561767578125 4.9959964752197265625 4.5895733833312988281 4.4667539596557617188 4.3439345359802246094 4.2211151123046875 4.0982952117919921875 3.9673011302947998047 3.8035418987274169922 3.6397824287414550781 3.4760231971740722656 3.3122637271881103516 3.1812031269073486328 3.1812031269073486328 3.1812031269073486328 3.1812031269073486328 3.1812031269073486328 3.1812031269073486328 3.1812031269073486328 3.1812031269073486328 3.1812031269073486328 3.1812031269073486328 -9999 -9999 -9999 -9999 -9999 -9999 -9999 -9999 -9999 -9999 -9999 -9999 -9999 -9999 -9999 -9999 -9999 -9999
4.0050759315490722656 4.0022563934326171875 4.0005631446838378906 4.0033826828002929688 4.0062022209167480469 4.009021759033203125 4.0118412971496582031 4.1333403587341308594 4.7305207252502441406 5.3277010917663574219 5.9248814582824707031 6.5220623016357421875 6.8807573318481445313 6.28357696533203125 5.6863965988159179688 5.0892157554626464844 4.4920353889465332031 4.0135345458984375 4.0107150077819824219 4.0078954696655273438 4.0050759315490722656 4.0022563934326171875 3.9992494583129882813 3.9954900741577148438 3.9917306900024414063 3.9879713058471679688 3.9842119216918945313 3.9812033176422119141 3.9812033176422119141 3.9812033176422119141 3.9812033176422119141 3.9812033176422119141 3.9812033176422119141 3.9812033176422119141 3.9812033176422119141 3.9812033176422119141 3.9812033176422119141 -9999 -9999 -9999 -9999 -9999 -9999 -9999 -9999 -9999 -9999 -9999 -9999 -9999 -9999 -9999 -9999 -9999 -9999
4.3749394416809082031 4.4921202659606933594 4.5625042915344238281 4.445323944091796875 4.3281431198120117188 4.2109627723693847656 4.0937824249267578125 4.1198058128356933594 4.7198057174682617188 5.3198056221008300781 5.9198055267333984375 6.5198054313659667969 6.8801941871643066406 6.2801942825317382813 5.6801943778991699219 5.0801944732666015625 4.4801945686340332031 4 4 4 4 4 4 4 4 4 4 4 4 4 4 4 4 4 4 4 4 -9999 -9999 -9999 -9999 -9999 -9999 -9999 -9999 -9999 -9999 -9999 -9999 -9999 -9999 -9999 -9999 -9999 -9999
4.7589006423950195313 4.9960813522338867188 5.1385431289672851563 4.9013628959655761719 4.6641821861267089844 4.4270014762878417969 4.1898212432861328125 4.1198058128356933594 4.7198057174682617188 5.3198056221008300781 5.9198055267333984375 6.5198054313659667969 6.8801941871643066406 6.2801942825317382813 5.6801943778991699219 5.0801944732666015625 4.4801945686340332031 4 4 4 4 4 4 4 4 4 4 4 4 4 4 4 4 4 4 4 4 -9999 -9999 -9999 -9999 -9999 -9999 -9999 -9999 -9999 -9999 -9999 -9999 -9999 -9999 -9999 -9999 -9999 -9999
5.1428618431091308594 5.5000424385070800781 5.7145819664001464844 5.3574013710021972656 5.00022125244140625 4.6430406570434570313 4.2858600616455078125 4.1198058128356933594 4.7198057174682617188 5.3198056221008300781 5.9198055267333984375 6.5198054313659667969 6.8801941871643066406 6.2801942825317382813 5.6801943778991699219 5.0801944732666015625 4.4801945686340332031 4 4 4 4 4 4 4 4 4 4 4 4 4 4 4 4 4 4 4 4 -9999 -9999 -9999 -9999 -9999 -9999 -9999 -9999 -9999 -9999 -9999 -9999 -9999 -9999 -9999 -9999 -9999 -9999
5.5268230438232421875 6.0040035247802734375 6.2906208038330078125 5.8134403228759765625 5.3362598419189453125 4.8590793609619140625 4.3818988800048828125 4.1198058128356933594 4.7198057174682617188 5.3198056221008300781 5.9198055267333984375 6.5198054313659667969 6.8801941871643066406 6.2801942825317382813 5.6801943778991699219 5.0801944732666015625 4.4801945686340332031 4 4 4 4 4 4 4 4 4 4 4 4 4 4 4 4 4 4 4 4 -9999 -9999 -9999 -9999 -9999 -9999 -9999 -9999 -9999 -9999 -9999 -9999 -9999 -9999 -9999 -9999 -9999 -9999
5.9107842445373535156 6.5079646110534667969 6.8666596412658691406 6.2694792747497558594 5.6722989082336425781 5.0751185417175292969 4.4779376983642578125 4.1198058128356933594 4.7198057174682617188 5.3198056221008300781 5.9198055267333984375 6.5198054313659667969 6.8801941871643066406 6.2801942825317382813 5.6801943778991699219 5.0801944732666015625 4.4801945686340332031 4 4 4 4 4 4 4 4 4 4 4 4 4 4 4 4 4 4 4 4 -9999 -9999 -9999 -9999 -9999 -9999 -9999 -9999 -9999 -9999 -9999 -9999 -9999 -9999 -9999 -9999 -9999 -9999
5.9198055267333984375 6.5198054313659667969 6.9035925865173339844 6.4207730293273925781 5.9379534721374511719 5.4551339149475097656 4.9723143577575683594 4.6589117050170898438 5.0245509147644042969 5.3901896476745605469 5.755828857421875 6.1214680671691894531 6.3410882949829101563 5.9754490852355957031 5.6098103523254394531 5.244171142578125 4.8785319328308105469 4.5859022140502929688 4.5859022140502929688 4.5859022140502929688 4.5859022140502929688 4.5859022140502929688 4.5625042915344238281 4.445323944091796875 4.3281431198120117188 4.2109627723693847656 4.0937824249267578125 4 4 4 4 4 4 4 4 4 4 4 4 4 4 4 -9999 -9999 -9999 -9999 -9999 -9999 -9999 -9999 -9999 -9999 -9999 -9999 -9999
5.9198055267333984375 6.5198054313659667969 6.9275536537170410156 6.5647339820861816406 6.2019147872924804688 5.8390951156616210938 5.4762754440307617188 5.2109894752502441406 5.3366284370422363281 5.4622673988342285156 5.5879068374633789063 5.7135457992553710938 5.7890105247497558594 5.6633715629577636719 5.5377326011657714844 5.4120931625366210938 5.2864542007446289063 5.1859025955200195313 5.1859025955200195313 5.1859025955200195313 5.1859025955200195313 5.1859025955200195313 5.1385431289672851563 4.9013628959655761719 4.6641821861267089844 4.4270014762878417969 4.1898212432861328125 4 4 4 4 4 4 4 4 4 4 4 4 4 4 4 -9999 -9999 -9999 -9999 -9999 -9999 -9999 -9999 -9999 -9999 -9999 -9999 -9999
5.9198055267333984375 6.5198054313659667969 6.9515147209167480469 6.7086954116821289063 6.4658756256103515625 6.2230563163757324219 5.9802365303039550781 5.7630672454833984375 5.6487064361572265625 5.5343451499938964844 5.4199843406677246094 5.3056235313415527344 5.2369327545166015625 5.3512935638427734375 5.4656548500061035156 5.5800156593322753906 5.6943764686584472656 5.7859025001525878906 5.7859025001525878906 5.7859025001525878906 5.7859025001525878906 5.7859025001525878906 5.7145819664001464844 5.3574013710021972656 5.00022125244140625 4.6430406570434570313 4.2858600616455078125 4 4 4 4 4 4 4 4 4 4 4 4 4 4 4 -9999 -9999 -9999 -9999 -9999 -9999 -9999 -9999 -9999 -9999 -9999 -9999 -9999
5.9198055267333984375 6.5198054313659667969 6.9754757881164550781 6.8526563644409179688 6.7298369407653808594 6.60701751708984375 6.4841976165771484375 6.3151450157165527344 5.9607839584350585938 5.6064229011535644531 5.2520623207092285156 4.897701263427734375 4.6848549842834472656 5.0392160415649414063 5.3935770988464355469 5.7479376792907714844 6.102298736572265625 6.38590240478515625 6.38590240478515625 6.38590240478515625 6.38590240478515625 6.38590240478515625 6.2906208038330078125 5.8134403228759765625 5.3362598419189453125 4.8590793609619140625 4.3818988800048828125 4 4 4 4 4 4 4 4 4 4 4 4 4 4 4 -9999 -9999 -9999 -9999 -9999 -9999 -9999 -9999 -9999 -9999 -9999 -9999 -9999
5.9198055267333984375 6.5198054313659667969 6.9994368553161621094 6.9966173171997070313 6.9937977790832519531 6.990978240966796875 6.9881587028503417969 6.8672227859497070313 6.2728619575500488281 5.6785006523132324219 5.0841398239135742188 4.4897789955139160156 4.1327772140502929688 4.7271380424499511719 5.3214993476867675781 5.9158601760864257813 6.5102210044860839844 6.9859023094177246094 6.9859023094177246094 6.9859023094177246094 6.9859023094177246094 6.9859023094177246094 6.8666596412658691406 6.2694792747497558594 5.6722989082336425781 5.0751185417175292969 4.4779376983642578125 4 4 4 4 4 4 4 4 4 4 4 4 4 4 4 -9999 -9999 -9999 -9999 -9999 -9999 -9999 -9999 -9999 -9999 -9999 -9999 -9999
5.9198055267333984375 6.5198054313659667969 7 7 7 7 7 6.9035925865173339844 6.4207730293273925781 5.9379534721374511719 5.4551339149475097656 4.9723143577575683594 4.6589117050170898438 5.0245509147644042969 5.3901896476745605469 5.755828857421875 6.1214680671691894531 6.4140977859497070313 6.4140977859497070313 6.4140977859497070313 6.4140977859497070313 6.4140977859497070313 6.3176898956298828125 5.8348708152770996094 5.3520512580871582031 4.8692317008972167969 4.3864121437072753906 4 4 4 4 4 4.0233979225158691406 4.1405787467956542969 4.25775909423828125 4.3749394416809082031 4.4921202659606933594 4.5859022140502929688 4.5859022140502929688 4.5859022140502929688 4.5859022140502929688 4.5859022140502929688 -9999 -9999 -9999 -9999 -9999 -9999 -9999 -9999 -9999 -9999 -9999 -9999 -9999
5.9198055267333984375 6.5198054313659667969 7 7 7 7 7 6.9275536537170410156 6.5647339820861816406 6.2019147872924804688 5.8390951156616210938 5.4762754440307617188 5.2109894752502441406 5.3366284370422363281 5.4622673988342285156 5.5879068374633789063 5.7135457992553710938 5.8140974044799804688 5.8140974044799804688 5.8140974044799804688 5.8140974044799804688 5.8140974044799804688 5.7416510581970214844 5.3788318634033203125 5.0160121917724609375 4.6531925201416015625 4.2903733253479003906 4 4 4 4 4 4.047359466552734375 4.2845396995544433594 4.5217204093933105469 4.7589006423950195313 4.9960813522338867188 5.1859025955200195313 5.1859025955200195313 5.1859025955200195313 5.1859025955200195313 5.1859025955200195313 -9999 -9999 -9999 -9999 -9999 -9999 -9999 -9999 -9999 -9999 -9999 -9999 -9999
