INPUT/RASTER/ASCII/texture.asc
ncols        225
nrows        269
xllcorner    473009.983799999987
yllcorner    4429051.174800000153
cellsize     50.000000000000
NODATA_value -9999
[rows 0 to 24 of 269, columns 55 to 109 of 225]
1.4402592182159423828 0.64025920629501342773 0.15974080562591552734 0.95974081754684448242 1.7597408294677734375 2.5597407817840576172 3.3597407341003417969 4 4 4 4 4 3.8402593135833740234 3.0402591228485107422 2.2402591705322265625 1.4402592182159423828 0.64025920629501342773 0 0 0 0 0 -9999 -9999 -9999 -9999 -9999 -9999 -9999 -9999 -9999 -9999 -9999 -9999 -9999 -9999 -9999 -9999 -9999 -9999 -9999 -9999 -9999 -9999 -9999 -9999 -9999 -9999 -9999 -9999 -9999 -9999 -9999 -9999 -9999
1.4402592182159423828 0.64025920629501342773 0.15974080562591552734 0.95974081754684448242 1.7597408294677734375 2.5597407817840576172 3.3597407341003417969 4 4 4 4 4 3.8402593135833740234 3.0402591228485107422 2.2402591705322265625 1.4402592182159423828 0.64025920629501342773 0 0 0 0 0 -9999 -9999 -9999 -9999 -9999 -9999 -9999 -9999 -9999 -9999 -9999 -9999 -9999 -9999 -9999 -9999 -9999 -9999 -9999 -9999 -9999 -9999 -9999 -9999 -9999 -9999 -9999 -9999 -9999 -9999 -9999 -9999 -9999
1.4402592182159423828 0.64025920629501342773 0.15974080562591552734 0.95974081754684448242 1.7597408294677734375 2.5597407817840576172 3.3597407341003417969 4 4 4 4 4 3.8402593135833740234 3.0402591228485107422 2.2402591705322265625 1.4402592182159423828 0.64025920629501342773 0 0 0 0 0 -9999 -9999 -9999 -9999 -9999 -9999 -9999 -9999 -9999 -9999 -9999 -9999 -9999 -9999 -9999 -9999 -9999 -9999 -9999 -9999 -9999 -9999 -9999 -9999 -9999 -9999 -9999 -9999 -9999 -9999 -9999 -9999 -9999
1.9401786327362060547 1.2964192628860473633 0.90974646806716918945 1.5535058975219726563 2.1972651481628417969 2.8410246372222900391 3.4847838878631591797 4 4 4 4 4 3.8714566230773925781 3.2276973724365234375 2.5839378833770751953 1.9401786327362060547 1.2964192628860473633 0.77490800619125366211 0.73583734035491943359 0.67729860544204711914 0.57991313934326171875 0.38581079244613647461 0 0 0 0 0 0 0 0 0 0 0.27954640984535217285 1.679546356201171875 3.0795464515686035156 4.4795465469360351563 5.8795461654663085938 6.7204537391662597656 5.320453643798828125 3.9204535484313964844 2.5204536914825439453 1.1204535961151123047 0 0 0 0 0 0 0 0 0 0 -9999 -9999 -9999
2.4521267414093017578 1.968367457389831543 1.6777983903884887695 2.1615576744079589844 2.64531707763671875 3.1290764808654785156 3.6128358840942382813 4 4 4 4 4 3.9034049510955810547 3.4196455478668212891 2.9358861446380615234 2.4521267414093017578 1.968367457389831543 1.5556240081787109375 1.4057794809341430664 1.2065539360046386719 0.92872130870819091797 0.51432466506958007813 0 0 0 0 0 0 0 0 0 0 0.27954640984535217285 1.679546356201171875 3.0795464515686035156 4.4795465469360351563 5.8795461654663085938 6.7204537391662597656 5.320453643798828125 3.9204535484313964844 2.5204536914825439453 1.1204535961151123047 0 0 0 0 0 0 0 0 0 0 -9999 -9999 -9999
2.9640748500823974609 2.6403155326843261719 2.4458501338958740234 2.7696094512939453125 3.0933690071105957031 3.4171283245086669922 3.7408876419067382813 4 4 4 4 4 3.9353530406951904297 3.6115937232971191406 3.2878344058990478516 2.9640748500823974609 2.6403155326843261719 2.3236639499664306641 2.0045099258422851563 1.6225004196166992188 1.1570388078689575195 0.57742613554000854492 0 0 0 0 0 0 0 0 0 0 0.27954640984535217285 1.679546356201171875 3.0795464515686035156 4.4795465469360351563 5.8795461654663085938 6.7204537391662597656 5.320453643798828125 3.9204535484313964844 2.5204536914825439453 1.1204535961151123047 0 0 0 0 0 0 0 0 0 0 -9999 -9999 -9999
3.4760231971740722656 3.3122637271881103516 3.2139019966125488281 3.3776614665985107422 3.5414206981658935547 3.7051801681518554688 3.8689393997192382813 4 4 4 4 4 3.9673011302947998047 3.8035418987274169922 3.6397824287414550781 3.4760231971740722656 3.3122637271881103516 3.0793337821960449219 2.5428094863891601563 1.9580070972442626953 1.3181031942367553711 0.61492526531219482422 0 0 0 0 0 0 0 0 0 0 0.27954640984535217285 1.679546356201171875 3.0795464515686035156 4.4795465469360351563 5.8795461654663085938 6.7204537391662597656 5.320453643798828125 3.9204535484313964844 2.5204536914825439453 1.1204535961151123047 0 0 0 0 0 0 0 0 0 0 -9999 -9999 -9999
3.9879713058471679688 3.9842119216918945313 3.9819538593292236328 3.9857132434844970703 3.9894726276397705078 3.9932320117950439453 3.9969913959503173828 4 4 4 4 4 3.9992494583129882813 3.9954900741577148438 3.9917306900024414063 3.9879713058471679688 3.9842119216918945313 3.8229305744171142578 3.0293879508972167969 2.2343509197235107422 1.4378149509429931641 0.63977569341659545898 0 0 0 0 0 0 0 0 0 0 0.27954640984535217285 1.679546356201171875 3.0795464515686035156 4.4795465469360351563 5.8795461654663085938 6.7204537391662597656 5.320453643798828125 3.9204535484313964844 2.5204536914825439453 1.1204535961151123047 0 0 0 0 0 0 0 0 0 0 -9999 -9999 -9999
4 4 4 4 4 4 4 4 4 4 4 4 4 4 4 4 4 3.8714566230773925781 3.2276973724365234375 2.5839378833770751953 1.9401786327362060547 1.2964192628860473633 0.78120321035385131836 0.78120321035385131836 0.78120321035385131836 0.78120321035385131836 0.78120321035385131836 0.78120321035385131836 0.78120321035385131836 0.78120321035385131836 0.78120321035385131836 0.78120321035385131836 1.0061539411544799805 2.1327328681945800781 3.259311676025390625 4.3858904838562011719 5.5124692916870117188 6.2125449180603027344 5.2031464576721191406 4.1937479972839355469 3.1843497753143310547 2.1749513149261474609 1.3671056032180786133 1.3671056032180786133 1.3671056032180786133 1.3671056032180786133 1.3671056032180786133 1.3560889959335327148 1.2877153158187866211 1.1852725744247436523 1.0148479938507080078 0.67516887187957763672 0 0 0
4 4 4 4 4 4 4 4 4 4 4 4 4 4 4 4 4 3.9034049510955810547 3.4196455478668212891 2.9358861446380615234 2.4521267414093017578 1.968367457389831543 1.5812032222747802734 1.5812032222747802734 1.5812032222747802734 1.5812032222747802734 1.5812032222747802734 1.5812032222747802734 1.5812032222747802734 1.5812032222747802734 1.5812032222747802734 1.5812032222747802734 1.7502447366714477539 2.5968234539031982422 3.4434025287628173828 4.2899813652038574219 5.1365604400634765625 5.6924152374267578125 5.0830168724060058594 4.4736185073852539063 3.8642201423645019531 3.25482177734375 2.7671055793762207031 2.7671055793762207031 2.7671055793762207031 2.7671055793762207031 2.7671055793762207031 2.7223420143127441406 2.4601142406463623047 2.1114695072174072266 1.6252623796463012695 0.90006816387176513672 0 0 0
4 4 4 4 4 4 4 4 4 4 4 4 4 4 4 4 4 3.9353530406951904297 3.6115937232971191406 3.2878344058990478516 2.9640748500823974609 2.6403155326843261719 2.3812031745910644531 2.3812031745910644531 2.3812031745910644531 2.3812031745910644531 2.3812031745910644531 2.3812031745910644531 2.3812031745910644531 2.3812031745910644531 2.3812031745910644531 2.3812031745910644531 2.4943354129791259766 3.0609142780303955078 3.6274931430816650391 4.1940722465515136719 4.7606511116027832031 5.1722855567932128906 4.9628872871398925781 4.7534890174865722656 4.5440907478332519531 4.3346920013427734375 4.1671056747436523438 4.1671056747436523438 4.1671056747436523438 4.1671056747436523438 4.1671056747436523438 4.0664114952087402344 3.5078921318054199219 2.8393757343292236328 2.0248179435729980469 1.0104957818984985352 0 0 0
4 4 4 4 4 4 4 4 4 4 4 4 4 4 4 4 4 3.9673011302947998047 3.8035418987274169922 3.6397824287414550781 3.4760231971740722656 3.3122637271881103516 3.1812031269073486328 3.1812031269073486328 3.1812031269073486328 3.1812031269073486328 3.1812031269073486328 3.1812031269073486328 3.1812031269073486328 3.1812031269073486328 3.1812031269073486328 3.1812031269073486328 3.23842620849609375 3.5250051021575927734 3.8115839958190917969 4.0981626510620117188 4.3847417831420898438 4.6521563529968261719 4.8427577018737792969 5.033359527587890625 5.22396087646484375 5.4145627021789550781 5.5671057701110839844 5.5671057701110839844 5.5671057701110839844 5.5671057701110839844 5.5671057701110839844 5.3888344764709472656 4.449916839599609375 3.4265122413635253906 2.3066806793212890625 1.0761191844940185547 0 0 0
4 4 4 4 4 4 4 4 4 4 4 4 4 4 4 4 4 3.9992494583129882813 3.9954900741577148438 3.9917306900024414063 3.9879713058471679688 3.9842119216918945313 3.9812033176422119141 3.9812033176422119141 3.9812033176422119141 3.9812033176422119141 3.9812033176422119141 3.9812033176422119141 3.9812033176422119141 3.9812033176422119141 3.9812033176422119141 3.9812033176422119141 3.9825167655944824219 3.9890956878662109375 3.9956746101379394531 4.0022535324096679688 4.0088324546813964844 4.13202667236328125 4.7226281166076660156 5.3132295608520507813 5.90383148193359375 6.4944329261779785156 6.9671053886413574219 6.9671053886413574219 6.9671053886413574219 6.9671053886413574219 6.9671053886413574219 6.690128326416015625 5.3014292716979980469 3.9101140499114990234 2.5161759853363037109 1.1196074485778808594 0 0 0
4 4 4 4 4 4 4 4 4 4 4 4 4 4 4 4 4 4 4 4 4 4 4 4 4 4 4 4 4 4 4 4 4 4 4 4 4 4.0964074134826660156 4.5792269706726074219 5.0620465278625488281 5.5448660850524902344 6.0276856422424316406 6.4140977859497070313 6.4140977859497070313 6.4140977859497070313 6.4140977859497070313 6.4140977859497070313 6.1891469955444335938 5.0625681877136230469 3.9359891414642333984 2.80941009521484375 1.6828312873840332031 0.80714136362075805664 0.96812444925308227539 1.2093218564987182617
4 4 4 4 4 4 4 4 4 4 4 4 4 4 4 4 4 4 4 4 4 4 4 4 4 4 4 4 4 4 4 4 4 4 4 4 4 4.0724463462829589844 4.4352660179138183594 4.7980852127075195313 5.1609048843383789063 5.5237245559692382813 5.8140974044799804688 5.8140974044799804688 5.8140974044799804688 5.8140974044799804688 5.8140974044799804688 5.6450562477111816406 4.7984771728515625 3.9518983364105224609 3.1053194999694824219 2.2587406635284423828 1.6203322410583496094 1.849552154541015625 2.1543114185333251953
4 4 4 4 4 4 4 4 4 4 4 4 4 4 4 4 4 4 4 4 4 4 4 4 4 4 4 4 4 4 4 4 4 4 4 4 4 4.0484852790832519531 4.2913045883178710938 4.5341243743896484375 4.7769436836242675781 5.0197634696960449219 5.2140974998474121094 5.2140974998474121094 5.2140974998474121094 5.2140974998474121094 5.2140974998474121094 5.1009654998779296875 4.5343866348266601563 3.9678075313568115234 3.4012286663055419922 2.8346498012542724609 2.4203197956085205078 2.6372880935668945313 2.8969869613647460938
4 4 4 4 4 4 4 4 4 4 4 4 4 4 4 4 4 4 4 4 4 4 4 4 4 4 4 4 4 4 4 4 4 4 4 4 4 4.0245242118835449219 4.1473436355590820313 4.2701630592346191406 4.39298248291015625 4.5158023834228515625 4.61409759521484375 4.61409759521484375 4.61409759521484375 4.61409759521484375 4.61409759521484375 4.5568747520446777344 4.2702956199645996094 3.9837169647216796875 3.6971380710601806641 3.4105591773986816406 3.2074229717254638672 3.3455166816711425781 3.496036529541015625
4 4 4 4 4 4 4 4 4 4 4 4 4 4 4 4 4 4 4 4 4 4 4 4 4 4 4 4 4 4 4 4 4 4 4 4 4 4.0005631446838378906 4.0033826828002929688 4.0062022209167480469 4.009021759033203125 4.0118412971496582031 4.0140976905822753906 4.0140976905822753906 4.0140976905822753906 4.0140976905822753906 4.0140976905822753906 4.0127840042114257813 4.0062050819396972656 3.99962615966796875 3.9930472373962402344 3.9864685535430908203 3.9819505214691162109 3.9856970310211181641 3.9894506931304931641
4.2109627723693847656 4.0937824249267578125 4 4 4 4 4 4 4 4 4 4 4 4 4 4 4 4 4 4 4 4 4 4 4 4 4 4 4 4 4 4 4 4 4 4 4 4 4 4 4 4 4 4 4 4 4 4.0233979225158691406 4.1405787467956542969 4.25775909423828125 4.3749394416809082031 4.4921202659606933594 4.5625042915344238281 4.445323944091796875 4.3281431198120117188
4.4270014762878417969 4.1898212432861328125 4 4 4 4 4 4 4 4 4 4 4 4 4 4 4 4 4 4 4 4 4 4 4 4 4 4 4 4 4 4 4 4 4 4 4 4 4 4 4 4 4 4 4 4 4 4.047359466552734375 4.2845396995544433594 4.5217204093933105469 4.7589006423950195313 4.9960813522338867188 5.1385431289672851563 4.9013628959655761719 4.6641821861267089844
4.6430406570434570313 4.2858600616455078125 4 4 4 4 4 4 4 4 4 4 4 4 4 4 4 4 4 4 4 4 4 4 4 4 4 4 4 4 4 4 4 4 4 4 4 4 4 4 4 4 4 4 4 4 4 4.0713205337524414063 4.4285006523132324219 4.7856812477111816406 5.1428618431091308594 5.5000424385070800781 5.7145819664001464844 5.3574013710021972656 5.00022125244140625
4.8590793609619140625 4.3818988800048828125 4 4 4 4 4 4 4 4 4 4 4 4 4 4 4 4 4 4 4 4 4 4 4 4 4 4 4 4 4 4 4 4 4 4 4 4 4 4 4 4 4 4 4 4 4 4.0952816009521484375 4.5724620819091796875 5.0496425628662109375 5.5268230438232421875 6.0040035247802734375 6.2906208038330078125 5.8134403228759765625 5.3362598419189453125
5.0751185417175292969 4.4779376983642578125 4 4 4 4 4 4 4 4 4 4 4 4 4 4 4 4 4 4 4 4 4 4 4 4 4 4 4 4 4 4 4 4 4 4 4 4 4 4 4 4 4 4 4 4 4 4.1192426681518554688 4.71642303466796875 5.3136034011840820313 5.9107842445373535156 6.5079646110534667969 6.8666596412658691406 6.2694792747497558594 5.6722989082336425781
5.0801944732666015625 4.4801945686340332031 4 4 4 4 4 4 4 4 4 4 4 4 4 4 4 4 4 4 4 4 4.0233979225158691406 4.1405787467956542969 4.25775909423828125 4.3749394416809082031 4.4921202659606933594 4.5625042915344238281 4.445323944091796875 4.3281431198120117188 4.2109627723693847656 4.0937824249267578125 4 4 4 4 4 4 4 4 4 4 4.0233979225158691406 4.1405787467956542969 4.25775909423828125 4.3749394416809082031 4.4921202659606933594 4.6823101043701171875 5.1651291847229003906 5.6479487419128417969 6.1307682991027832031 6.6135878562927246094 6.8801941871643066406 6.2801942825317382813 5.6801943778991699219
5.0801944732666015625 4.4801945686340332031 4 4 4 4 4 4 4 4 4 4 4 4 4 4 4 4 4 4 4 4 4.047359466552734375 4.2845396995544433594 4.5217204093933105469 4.7589006423950195313 4.9960813522338867188 5.1385431289672851563 4.9013628959655761719 4.6641821861267089844 4.4270014762878417969 4.1898212432861328125 4 4 4 4 4 4 4 4 4 4 4.047359466552734375 4.2845396995544433594 4.5217204093933105469 4.7589006423950195313 4.9960813522338867188 5.2583489418029785156 5.6211681365966796875 5.9839878082275390625 6.3468074798583984375 6.7096266746520996094 6.8801941871643066406 6.2801942825317382813 5.6801943778991699219
