INPUT/RASTER/ASCII/tpi.asc
ncols        225
nrows        269
xllcorner    473009.983799999987
yllcorner    4429051.174800000153
cellsize     50.000000000000
NODATA_value  -9999
[rows 162 to 179 of 269, columns 126 to 167 of 225]
0.39484459161758422852 0.87678378820419311523 0.86290377378463745117 -0.10837285220623016357 -0.030902845785021781921 0.25387349724769592285 0.21075305342674255371 0.24613268673419952393 -0.16353157162666320801 -0.47924268245697021484 -0.68702560663223266602 -0.76001477241516113281 -1.538037419319152832 -2.0328888893127441406 -1.7105679512023925781 -1.2693039178848266602 -2.3475551605224609375 -1.8888862133026123047 0.57465845346450805664 2.0843546390533447266 1.526340484619140625 -0.39869955182075500488 -1.7400023937225341797 -2.2498984336853027344 -0.26885488629341125488 0.70462763309478759766 1.8417451381683349609 4.2206912040710449219 2.9332120418548583984 1.6982798576354980469 1.4657131433486938477 1.5660855770111083984 2.26924896240234375 1.2549117803573608398 -0.13853432238101959229 -0.49139937758445739746 -0.083375722169876098633 -0.26388800144195556641 -1.2249435186386108398 -0.68731200695037841797 -0.099781177937984466553 0.004587466362863779068
0.6962903141975402832 1.0558238029479980469 0.72373044490814208984 -0.3710918426513671875 -0.33200892806053161621 -0.3580150902271270752 -0.28753742575645446777 0.0045486064627766609192 -0.38097479939460754395 -0.56112641096115112305 -0.32397446036338806152 -0.43836444616317749023 -0.83883762359619140625 -0.46095246076583862305 -0.2488978654146194458 -0.430622100830078125 -0.36008313298225402832 0.78246080875396728516 2.4751727581024169922 2.9279563426971435547 2.1940522193908691406 0.02649649791419506073 -1.4151624441146850586 -2.2059578895568847656 -0.89789599180221557617 0.94769150018692016602 1.9880547523498535156 2.6736667156219482422 1.7135703563690185547 0.72632730007171630859 0.58782583475112915039 0.91151839494705200195 2.2293331623077392578 1.6608443260192871094 0.34596073627471923828 -0.37154176831245422363 0.04909906536340713501 -0.33008041977882385254 -1.4490854740142822266 -0.54637002944946289063 -0.086843788623809814453 0.0092924758791923522949
-0.32191854715347290039 -0.17153130471706390381 0.053797334432601928711 -0.33014720678329467773 -0.66155487298965454102 -0.66516101360321044922 -0.5120760798454284668 -0.55291986465454101563 -1.0570064783096313477 -0.5773665308952331543 0.021198730915784835815 0.24693442881107330322 0.55421870946884155273 1.0375673770904541016 1.3703671693801879883 0.53913652896881103516 0.10154006630182266235 0.40356978774070739746 1.5240423679351806641 1.1838314533233642578 0.63499271869659423828 -0.53870612382888793945 -1.3369115591049194336 -1.5507460832595825195 -0.96881079673767089844 0.55742758512496948242 1.1798622608184814453 0.39317965507507324219 -0.47951772809028625488 -0.8182099461555480957 -0.53241544961929321289 -0.0049947141669690608978 1.4118866920471191406 1.8044481277465820313 0.82677972316741943359 -0.13822329044342041016 0.18320953845977783203 -0.50472027063369750977 -1.2915080785751342773 -0.40829551219940185547 -0.11899293959140777588 -0.014303958974778652191
-0.0058869393542408943176 0.02049675770103931427 0.10491332411766052246 -0.15878766775131225586 -0.49935320019721984863 -0.33524838089942932129 -0.16695621609687805176 -0.2851803898811340332 -0.7229531407356262207 -0.42353677749633789063 -0.0953920707106590271 0.12738542258739471436 0.26730298995971679688 0.52151495218276977539 1.0924903154373168945 0.57477104663848876953 0.094327852129936218262 0.085487358272075653076 0.63437175750732421875 0.17542850971221923828 -0.050329931080341339111 -0.87079918384552001953 -1.1686160564422607422 -1.62201690673828125 -1.6374461650848388672 -0.57215803861618041992 -0.2306740880012512207 -0.67575556039810180664 -0.75674319267272949219 -0.58587187528610229492 -0.27469930052757263184 0.20830614864826202393 1.1263297796249389648 1.2826915979385375977 0.7603957056999206543 0.2507985234260559082 0.22463025152683258057 -1.2226029634475708008 -1.138880610466003418 -0.21005524694919586182 -0.052870549261569976807 -0.038517195731401443481
0.15044537186622619629 0.54636555910110473633 0.44483479857444763184 -0.0061051873490214347839 -0.1305703967809677124 0.039109542965888977051 0.17788547277450561523 0.31949615478515625 0.14651572704315185547 -0.0097338361665606498718 -0.048097196966409683228 0.28556942939758300781 0.64163070917129516602 1.0636441707611083984 1.6139383316040039063 1.0235245227813720703 0.39003416895866394043 0.20803660154342651367 0.39464819431304931641 0.077501185238361358643 0.62231290340423583984 0.15795324742794036865 -0.46170568466186523438 -1.466233372688293457 -2.2708456516265869141 -1.7262544631958007813 -1.2331347465515136719 -1.2749243974685668945 -0.83008056879043579102 -0.61157131195068359375 -0.36027967929840087891 0.062195893377065658569 0.82072925567626953125 0.79768979549407958984 0.58811438083648681641 0.54874670505523681641 0.22276319563388824463 -1.7652959823608398438 -0.98491054773330688477 -0.11300748586654663086 -0.022105919197201728821 -0.061664864420890808105
-0.045513276010751724243 0.87469762563705444336 1.0874133110046386719 0.63716620206832885742 0.4392744600772857666 0.31093710660934448242 0.54424208402633666992 1.0765444040298461914 1.1440776586532592773 0.71508514881134033203 0.83322185277938842773 1.4666082859039306641 1.5749305486679077148 1.5223757028579711914 1.3978939056396484375 1.0507651567459106445 0.76985228061676025391 0.86852306127548217773 0.77506959438323974609 -0.15412372350692749023 0.35406845808029174805 0.40101805329322814941 -0.40855434536933898926 -1.1958556175231933594 -1.6692881584167480469 -2.0503013134002685547 -1.8772546052932739258 -1.6562983989715576172 -0.5452525019645690918 -0.19669830799102783203 -0.21492023766040802002 -0.16199676692485809326 0.53891921043395996094 0.80702763795852661133 0.66171348094940185547 0.55296629667282104492 0.3559233248233795166 -1.5201010704040527344 -0.91298913955688476563 -0.17571315169334411621 -0.065219014883041381836 -0.096210777759552001953
-0.74349439144134521484 0.17985108494758605957 0.99534773826599121094 1.2837970256805419922 1.1509306430816650391 0.68314397335052490234 1.0170944929122924805 1.6999498605728149414 2.0186927318572998047 1.644860386848449707 1.1928743124008178711 0.99561268091201782227 0.45172154903411865234 0.17666460573673248291 0.14961588382720947266 0.37014272809028625488 1.1210426092147827148 1.5320152044296264648 0.97792315483093261719 0.14180213212966918945 1.2654782533645629883 2.1109523773193359375 0.34103736281394958496 -0.77696806192398071289 -0.69221276044845581055 -0.7134863734245300293 -1.0956826210021972656 -1.8791526556015014648 -0.96047186851501464844 -0.24736791849136352539 -0.56158196926116943359 -0.31810325384140014648 0.65114736557006835938 0.81082993745803833008 0.8107357025146484375 0.54051423072814941406 0.47431927919387817383 -1.0055425167083740234 -0.89864188432693481445 -0.36908197402954101563 -0.16353270411491394043 -0.11940544843673706055
-1.0160328149795532227 -1.3759638071060180664 -1.2575287818908691406 -0.66518622636795043945 0.40226647257804870605 0.54142713546752929688 0.809284210205078125 1.1640217304229736328 1.3750097751617431641 0.78823149204254150391 -0.55419367551803588867 -0.78524553775787353516 -0.81483209133148193359 -0.5954119563102722168 -0.4950923621654510498 -0.31547006964683532715 0.35400748252868652344 0.69478774070739746094 0.49118798971176147461 0.35553267598152160645 1.5219036340713500977 2.0959439277648925781 0.68206888437271118164 -0.01327315066009759903 0.35999083518981933594 1.4544384479522705078 1.1505713462829589844 -2.2094597816467285156 -3.7818250656127929688 -1.3207808732986450195 -0.64769738912582397461 0.1308237612247467041 1.0954251289367675781 0.46466922760009765625 0.71190243959426879883 0.54515182971954345703 0.47028943896293640137 -1.0287489891052246094 -0.80861103534698486328 -0.25071325898170471191 -0.11799326539039611816 -0.13381713628768920898
-0.18122629821300506592 -1.1555855274200439453 -2.3046553134918212891 -2.8699152469635009766 -2.1528789997100830078 -1.7174482345581054688 -0.41993758082389831543 0.65956121683120727539 1.3666323423385620117 1.239027857780456543 -0.59136039018630981445 -2.3102691173553466797 -2.8000137805938720703 -1.5826027393341064453 -1.0450567007064819336 -0.53313195705413818359 0.071672111749649047852 0.2802225649356842041 0.26398810744285583496 -0.1684039384126663208 0.15302827954292297363 0.96695309877395629883 0.87244307994842529297 0.31463080644607543945 0.38660028576850891113 1.8490314483642578125 2.3241677284240722656 -1.1209683418273925781 -3.5755531787872314453 -1.047267913818359375 0.0092738727107644081116 1.020893096923828125 1.1522901058197021484 0.24174931645393371582 0.77113234996795654297 0.49204325675964355469 0.29606208205223083496 -1.2646520137786865234 -0.61603647470474243164 -0.068512149155139923096 -0.034234624356031417847 -0.14593420922756195068
1.1214394569396972656 0.072945654392242431641 -0.77621793746948242188 -1.6768115758895874023 -2.4078295230865478516 -3.3811962604522705078 -2.7478187084197998047 -1.4959300756454467773 0.24887126684188842773 1.6557281017303466797 2.0214588642120361328 -0.32833603024482727051 -2.3014392852783203125 -1.6345932483673095703 -1.1380276679992675781 -0.13800881803035736084 0.28084346652030944824 0.32406720519065856934 0.40599173307418823242 -0.083141215145587921143 -0.056278701871633529663 0.59201127290725708008 0.79215061664581298828 0.69790178537368774414 0.99309903383255004883 1.9765757322311401367 0.81649094820022583008 -2.2632465362548828125 -2.92681884765625 -0.61331826448440551758 0.46130076050758361816 1.5064235925674438477 0.97967362403869628906 0.26749411225318908691 0.97396051883697509766 0.32830905914306640625 -0.11656422913074493408 -1.3704581260681152344 -0.41777819395065307617 0.0020983589347451925278 0.006471415981650352478 -0.13214102387428283691
1.9405895471572875977 0.6686318516731262207 0.044979393482208251953 -0.62965542078018188477 -1.376056671142578125 -2.0006082057952880859 -2.2834823131561279297 -2.6288785934448242188 -2.0179450511932373047 -0.29844808578491210938 1.9710944890975952148 1.4573273658752441406 -0.94879001379013061523 -1.8876231908798217773 -1.2580176591873168945 0.17703378200531005859 0.25866448879241943359 0.20865496993064880371 0.34701415896415710449 -0.20380373299121856689 -0.043566115200519561768 0.68773806095123291016 0.89063674211502075195 0.86025637388229370117 0.91163587570190429688 0.48697224259376525879 -1.4807615280151367188 -2.5890760421752929688 -1.7347140312194824219 -0.44778621196746826172 0.53585112094879150391 1.3962548971176147461 0.64157336950302124023 0.25153368711471557617 1.0087158679962158203 0.43406143784523010254 -0.26279941201210021973 -1.3629715442657470703 -0.30602926015853881836 0.012811049818992614746 0.012685813941061496735 -0.11241958290338516235
2.7525861263275146484 2.7052097320556640625 1.4594700336456298828 -0.17168055474758148193 -0.84314304590225219727 -0.78580462932586669922 -1.0552737712860107422 -2.0920720100402832031 -2.3063688278198242188 -1.4888319969177246094 0.22206580638885498047 1.3787508010864257813 0.75271779298782348633 -1.1386415958404541016 -1.052056431770324707 0.19568802416324615479 0.47811681032180786133 0.61409032344818115234 0.45409539341926574707 -0.76139879226684570313 -0.19184119999408721924 0.85485804080963134766 0.98966211080551147461 0.8347988128662109375 0.34692803025245666504 -0.78315490484237670898 -1.1851596832275390625 -1.777472376823425293 -0.92158448696136474609 -0.092294014990329742432 1.3094704151153564453 1.5982930660247802734 0.42671656608581542969 0.23078656196594238281 0.95092576742172241211 0.46722844243049621582 -0.4811553955078125 -1.3078444004058837891 -0.24749737977981567383 0.019677704200148582458 0.019851882010698318481 -0.098217472434043884277
2.8807811737060546875 3.1560819149017333984 2.1263470649719238281 0.51026821136474609375 -0.2829952538013458252 -0.3455645143985748291 -0.53322488069534301758 -0.76653814315795898438 -1.8985379934310913086 -1.6988317966461181641 -0.72745734453201293945 1.0155566930770874023 1.8944150209426879883 0.40728324651718139648 -1.0866975784301757813 -1.7044526338577270508 -0.78538775444030761719 -0.12625244259834289551 -1.0038100481033325195 -1.8455187082290649414 -0.088909871876239776611 0.74473404884338378906 0.47092786431312561035 -0.0081835677847266197205 -0.50917202234268188477 -0.62519055604934692383 -0.31321284174919128418 -1.4784204959869384766 -1.1936517953872680664 -0.3385772705078125 1.7469851970672607422 1.8079843521118164063 0.80338805913925170898 0.4449945986270904541 0.88023847341537475586 0.51427912712097167969 -0.46414265036582946777 -1.2339967489242553711 -0.22284685075283050537 0.026633581146597862244 0.027812497690320014954 -0.11265020817518234253
2.3413560390472412109 2.2941744327545166016 1.5319592952728271484 1.8782666921615600586 1.1721500158309936523 1.1620253324508666992 0.053869415074586868286 0.32402685284614562988 -1.7293603420257568359 -1.6889052391052246094 -0.6512667536735534668 0.71362084150314331055 1.4493492841720581055 1.3861523866653442383 0.19910900294780731201 -1.3559640645980834961 -0.95774662494659423828 -0.47500944137573242188 -0.57676345109939575195 -0.51719242334365844727 0.41833531856536865234 0.4258543848991394043 -0.76690000295639038086 -1.424509882926940918 -1.6973608732223510742 -1.7793877124786376953 -1.8563339710235595703 -1.5801372528076171875 -0.53680682182312011719 -0.22809368371963500977 2.0335333347320556641 2.3354508876800537109 2.0807821750640869141 0.93000710010528564453 0.62930357456207275391 0.3936888575553894043 -0.49871703982353210449 -1.2007209062576293945 -0.2058394700288772583 0.08225892484188079834 0.080694466829299926758 -0.15475215017795562744
1.0769381523132324219 3.1915962696075439453 2.0669307708740234375 2.1510307788848876953 1.9842684268951416016 2.1164610385894775391 0.11475373059511184692 0.036013487726449966431 -1.9513269662857055664 -1.9106717109680175781 -2.23719024658203125 -0.62860977649688720703 0.45191061496734619141 1.6732585430145263672 0.96982550621032714844 -0.17800188064575195313 -0.19187064468860626221 0.60709691047668457031 0.73673129081726074219 0.094584643840789794922 0.13194054365158081055 -0.43687805533409118652 -1.1801210641860961914 -1.2072250843048095703 -0.98644268512725830078 -1.467511296272277832 -1.6391962766647338867 -1.0357470512390136719 -0.17230777442455291748 -0.018123738467693328857 1.8926031589508056641 1.7938466072082519531 1.4645460844039916992 0.94604063034057617188 0.61198812723159790039 0.29710248112678527832 -0.24744087457656860352 -0.99506890773773193359 -0.22307315468788146973 0.059968817979097366333 0.046402044594287872314 -0.21012899279594421387
-0.78850954771041870117 1.5624326467514038086 2.4166812896728515625 3.1653676033020019531 3.1295101642608642578 2.5551552772521972656 0.31590154767036437988 0.18457844853401184082 -1.8438620567321777344 -1.4453568458557128906 -2.3421962261199951172 -1.372052311897277832 -0.79288458824157714844 0.16719065606594085693 0.26493608951568603516 -0.24521374702453613281 -0.65038526058197021484 0.36511009931564331055 0.51675838232040405273 -0.7084115147590637207 -1.0002638101577758789 -1.1426508426666259766 -1.18082427978515625 -1.2679142951965332031 -1.4411963224411010742 -1.9844286441802978516 -1.8560084104537963867 -0.95605379343032836914 -0.41221922636032104492 -0.1384322047233581543 1.8897882699966430664 1.5094447135925292969 0.91941928863525390625 0.82635259628295898438 0.56027239561080932617 0.28827619552612304688 0.063316926360130310059 -0.68286055326461791992 -0.2506224513053894043 -0.048202857375144958496 -0.091692075133323669434 -0.30975070595741271973
-0.028255259618163108826 0.89444124698638916016 1.6000458002090454102 3.519237518310546875 4.3966646194458007813 3.46289825439453125 0.32072126865386962891 0.53675734996795654297 -0.72998344898223876953 -1.2589877843856811523 -1.9593404531478881836 -1.4961582422256469727 -1.339793086051940918 -0.076813623309135437012 0.31233891844749450684 -0.21895731985569000244 -0.41965621709823608398 0.16726702451705932617 0.069163717329502105713 -0.85660749673843383789 -1.450751185417175293 -1.4956945180892944336 -0.97117513418197631836 -0.99095565080642700195 -1.2869337797164916992 -0.6556415557861328125 -1.28081512451171875 -1.2235289812088012695 -0.82121753692626953125 -0.69887077808380126953 1.7915651798248291016 2.2099866867065429688 1.3358104228973388672 0.28201684355735778809 0.11086972802877426147 0.34040853381156921387 -0.063563145697116851807 -0.61116671562194824219 -0.2298793792724609375 -0.13994394242763519287 -0.23327273130416870117 -0.38343858718872070313
-0.79448080062866210938 0.48837542533874511719 0.71729016304016113281 1.5916583538055419922 2.6698617935180664063 3.4533398151397705078 1.1591260433197021484 1.3557184934616088867 0.9284216761589050293 -0.66623055934906005859 -1.4250211715698242188 -1.1965194940567016602 -1.2989813089370727539 -0.51437407732009887695 -0.1303914487361907959 -0.49627462029457092285 -0.52838701009750366211 -0.20336121320724487305 -0.023100208491086959839 -0.57159245014190673828 -1.6013559103012084961 -1.3155078887939453125 -0.023757046088576316833 0.41547662019729614258 -0.083496414124965667725 0.17317974567413330078 -0.47232085466384887695 -0.94688266515731811523 -1.3263609409332275391 -1.1910604238510131836 0.49619960784912109375 1.1401472091674804688 0.76653707027435302734 -0.18934088945388793945 -0.056521020829677581787 -0.096716202795505523682 -0.52936410903930664063 -0.47580054402351379395 -0.11432273685932159424 -0.066428206861019134521 -0.14541916549205780029 -0.40704253315925598145
