INPUT/RASTER/ASCII/tpi.asc
ncols        225
nrows        269
xllcorner    473009.983799999987
yllcorner    4429051.174800000153
cellsize     50.000000000000
NODATA_value  -9999
[rows 180 to 197 of 269, columns 0 to 41 of 225]
-9999 -9999 -0.77793645858764648438 -0.97936743497848510742 -0.92698204517364501953 -0.61073732376098632813 0.044583044946193695068 0.53473985195159912109 0.47486996650695800781 -0.88199102878570556641 -2.7846169471740722656 -1.5363986492156982422 1.1853973865509033203 0.2547600865364074707 -0.15985317528247833252 -0.44723477959632873535 1.0230462551116943359 1.050825953483581543 0.40013104677200317383 0.13167297840118408203 0.093239948153495788574 0.20038552582263946533 0.011912012472748756409 0.018183991312980651855 0.14491048455238342285 0.91070467233657836914 1.5429704189300537109 -0.79505568742752075195 -0.34471669793128967285 0.018142689019441604614 -0.57732546329498291016 -0.9475002288818359375 -0.39263904094696044922 -0.82452934980392456055 -1.3548895120620727539 -0.61723625659942626953 -0.22636567056179046631 -0.26973429322242736816 -1.2106564044952392578 -1.725537419319152832 -0.2528075873851776123 0.89477169513702392578
-9999 -9999 -9999 -1.1972953081130981445 -1.0383076667785644531 -0.66223531961441040039 -0.06242987513542175293 0.30846410989761352539 -0.053867734968662261963 -1.8327836990356445313 -2.3848354816436767578 -0.55130493640899658203 1.5622761249542236328 0.22537085413932800293 -0.22136451303958892822 -0.82593530416488647461 0.73116117715835571289 1.0567920207977294922 0.58094173669815063477 0.060399539768695831299 -0.51250034570693969727 -0.28880423307418823242 -0.059128325432538986206 -0.0083079384639859199524 0.072962142527103424072 0.80315947532653808594 2.4468708038330078125 1.1146585941314697266 0.52111226320266723633 0.24446530640125274658 -0.66902917623519897461 -1.1379449367523193359 -0.92639815807342529297 -0.98967516422271728516 -1.1923182010650634766 -0.7615489959716796875 -0.40344032645225524902 -0.41954728960990905762 -1.2678953409194946289 -2.1575503349304199219 -0.66011840105056762695 1.3308134078979492188
-9999 -9999 -9999 -9999 -9999 -0.6005541682243347168 -0.54589736461639404297 -0.61950135231018066406 -0.7775440216064453125 -1.9620438814163208008 -2.0722756385803222656 -0.31557428836822509766 0.84508037567138671875 -0.65494465827941894531 -0.23402549326419830322 -0.86661130189895629883 0.45349666476249694824 1.3015362024307250977 1.2613050937652587891 0.38044732809066772461 -0.16858407855033874512 -0.028518335893750190735 0.06253544241189956665 0.078426226973533630371 0.20143379271030426025 1.1035612821578979492 3.1613090038299560547 1.3770006895065307617 0.1868915259838104248 0.025626923888921737671 -0.35413309931755065918 -0.73487722873687744141 -0.82144773006439208984 -0.88800007104873657227 -1.2131228446960449219 -0.6329021453857421875 -0.28768980503082275391 -0.23487387597560882568 -0.90990847349166870117 -2.1601543426513671875 -0.89729130268096923828 1.9188451766967773438
-9999 -9999 -9999 -9999 -9999 -9999 -9999 -9999 -1.8293502330780029297 -2.1927287578582763672 -1.9880408048629760742 -0.73463201522827148438 -0.20173731446266174316 -1.3859241008758544922 -0.52370238304138183594 -0.80517083406448364258 0.97073882818222045898 1.4294126033782958984 1.4662542343139648438 0.28438514471054077148 0.013321350328624248505 0.18139061331748962402 0.23024994134902954102 0.25678202509880065918 0.64904880523681640625 1.7138845920562744141 2.8172695636749267578 -0.21164380013942718506 -0.87706428766250610352 0.34756827354431152344 0.46521094441413879395 0.12538394331932067871 -0.2025330960750579834 -0.84803563356399536133 -0.88708400726318359375 -0.21613843739032745361 -0.085114769637584686279 -0.2235107123851776123 -1.0805453062057495117 -2.0752592086791992188 -0.69387072324752807617 1.6707131862640380859
-9999 -9999 -9999 -9999 -9999 -9999 -9999 -9999 -9999 -2.6889812946319580078 -1.9692037105560302734 -0.88498699665069580078 -0.67845439910888671875 -1.7940973043441772461 -1.4730354547500610352 -0.90135216712951660156 1.3350175619125366211 1.4898793697357177734 1.4945404529571533203 0.27344936132431030273 0.060275256633758544922 0.27635654807090759277 0.57582169771194458008 1.1245313882827758789 2.2942693233489990234 2.3283798694610595703 1.5545045137405395508 -2.43387603759765625 -1.6669050455093383789 -0.33228445053100585938 -0.29088938236236572266 0.35418716073036193848 0.60944449901580810547 -0.62746822834014892578 -0.78207284212112426758 -0.14531378448009490967 -0.078087098896503448486 -0.42847740650177001953 -1.4379714727401733398 -1.3991777896881103516 0.060179650783538818359 1.5124943256378173828
-9999 -9999 -9999 -9999 -9999 -9999 -9999 -9999 -9999 -9999 -9999 -9999 -2.5182158946990966797 -2.9647910594940185547 -2.6318659782409667969 -1.7627369165420532227 0.66560924053192138672 1.0393041372299194336 1.5531644821166992188 0.53517007827758789063 0.1315406113862991333 0.2739429771900177002 0.57581239938735961914 1.317513585090637207 2.88301849365234375 3.1410017013549804688 0.768619537353515625 -3.0203883647918701172 -2.2231492996215820313 -2.2720420360565185547 -1.7484010457992553711 -0.40893909335136413574 -0.028337078168988227844 -0.81848728656768798828 -0.56526160240173339844 -0.074494980275630950928 -0.09608761221170425415 -0.47400665283203125 -0.83624982833862304688 -0.45211201906204223633 -0.13683174550533294678 0.95783013105392456055
-9999 -9999 -9999 -9999 -9999 -9999 -9999 -9999 -9999 -9999 -9999 -9999 -9999 -3.3937470912933349609 -3.9945998191833496094 -2.9521968364715576172 -0.010652427561581134796 0.60839200019836425781 1.3713079690933227539 1.0629726648330688477 0.44147458672523498535 0.32518789172172546387 0.35838961601257324219 0.57756924629211425781 1.4865423440933227539 2.8806259632110595703 -0.066141039133071899414 -2.6807098388671875 -2.2427132129669189453 -2.3219940662384033203 -1.7984987497329711914 -1.0909719467163085938 -0.94828253984451293945 -0.55335628986358642578 -0.16218735277652740479 0.0081965457648038864136 -0.11341109871864318848 -0.35040941834449768066 -0.1878903508186340332 -0.050141397863626480103 -0.57206922769546508789 -0.59487301111221313477
-9999 -9999 -9999 -9999 -9999 -9999 -9999 -9999 -9999 -9999 -9999 -9999 -9999 -9999 -5.3257293701171875 -3.3855779170989990234 -0.21527619659900665283 0.59361124038696289063 0.76366519927978515625 0.81977772712707519531 0.70000720024108886719 0.44738537073135375977 0.18740080296993255615 0.13616003096103668213 0.7470175623893737793 2.1917130947113037109 -0.64562648534774780273 -2.2017045021057128906 -1.7552040815353393555 -1.8853098154067993164 -1.7538148164749145508 -1.7766627073287963867 -1.3316479921340942383 -0.38969132304191589355 -0.10337655991315841675 -0.086181379854679107666 0.00098722416441887617111 0.82316201925277709961 0.50273126363754272461 -0.067203454673290252686 -0.66322463750839233398 -0.99545973539352416992
-9999 -9999 -9999 -9999 -9999 -9999 -9999 -9999 -9999 -9999 -9999 -9999 -9999 -9999 -5.9373059272766113281 -2.5224845409393310547 0.17283877730369567871 0.65680050849914550781 -0.033048983663320541382 -0.45415332913398742676 0.00089222367387264966965 0.53851169347763061523 0.20394694805145263672 -0.051293745636940002441 0.39867201447486877441 1.7002127170562744141 0.37888869643211364746 -1.6975959539413452148 -1.3739699125289916992 -1.3438659906387329102 -1.0783385038375854492 -0.76886278390884399414 -1.1872262954711914063 -0.83129572868347167969 -0.59375333786010742188 -0.53077465295791625977 0.16132473945617675781 0.7827212214469909668 0.17751216888427734375 -0.55134558677673339844 -0.83218705654144287109 -0.95928901433944702148
-9999 -9999 -9999 -9999 -9999 -9999 -9999 -9999 -9999 -9999 -9999 -9999 -9999 -9999 -6.8508329391479492188 -4.225971221923828125 -0.052087854593992233276 0.89345306158065795898 0.088562197983264923096 -0.49947261810302734375 -0.38841110467910766602 0.65497946739196777344 0.59949994087219238281 0.17856869101524353027 0.99421405792236328125 2.8029456138610839844 2.8658890724182128906 0.47143959999084472656 -0.43891757726669311523 -0.55328184366226196289 -0.29692885279655456543 -0.12917980551719665527 -0.83942848443984985352 -0.98710215091705322266 -1.6496076583862304688 -1.5495145320892333984 0.77130836248397827148 0.6896540522575378418 -0.14170007407665252686 -0.90691065788269042969 -1.3769984245300292969 -0.72939640283584594727
-9999 -9999 -9999 -9999 -9999 -9999 -9999 -9999 -9999 -9999 -9999 -9999 -9999 -9999 -6.6366281509399414063 -4.3068575859069824219 -0.63692581653594970703 0.7618236541748046875 0.3438689112663269043 -0.031248927116394042969 0.011946029029786586761 0.49739208817481994629 0.34988632798194885254 0.13371546566486358643 0.66472697257995605469 1.4632724523544311523 2.6018860340118408203 2.6251358985900878906 0.41111192107200622559 0.12839163839817047119 -0.21824671328067779541 -0.44847369194030761719 -0.26586923003196716309 0.29446959495544433594 -1.1697521209716796875 -1.9475556612014770508 0.39940673112869262695 0.77802968025207519531 0.10881100594997406006 -0.59418350458145141602 -1.363328099250793457 -0.42241433262825012207
-9999 -9999 -9999 -9999 -9999 -9999 -9999 -9999 -9999 -9999 -9999 -9999 -9999 -9999 -6.3260369300842285156 -4.1123976707458496094 -1.6403573751449584961 0.14024585485458374023 0.51581782102584838867 0.30993196368217468262 0.2632014155387878418 0.3081099092960357666 0.037300694733858108521 0.073489613831043243408 0.54519182443618774414 0.92454969882965087891 1.7072941064834594727 3.3878674507141113281 1.6507123708724975586 0.92854130268096923828 0.61483103036880493164 0.67101120948791503906 1.0270097255706787109 1.2108812332153320313 -0.57281070947647094727 -1.8121073246002197266 -0.63605839014053344727 -0.047903805971145629883 -0.087000407278537750244 -0.38152045011520385742 -1.0001127719879150391 -0.49857956171035766602
-9999 -9999 -9999 -9999 -9999 -9999 -9999 -9999 -9999 -9999 -9999 -9999 -9999 -9999 -9999 -3.3170094490051269531 -2.4597430229187011719 -0.43333715200424194336 0.22996005415916442871 0.058025151491165161133 -0.2854213416576385498 -0.17644384503364562988 0.10849744826555252075 0.41963958740234375 0.86679732799530029297 1.0577808618545532227 1.361925959587097168 3.0957720279693603516 3.1536538600921630859 1.4673875570297241211 1.1516495943069458008 0.76538109779357910156 0.40503278374671936035 0.50350618362426757813 -0.77673757076263427734 -1.3286861181259155273 -0.80378895998001098633 -0.48058968782424926758 -0.13462017476558685303 -0.0055824466980993747711 -0.19137397408485412598 -0.38498595356941223145
-9999 -9999 -9999 -9999 -9999 -9999 -9999 -9999 -9999 -9999 -9999 -9999 -9999 -9999 -9999 -3.6939723491668701172 -3.3325994014739990234 -1.5167919397354125977 -0.85785406827926635742 -1.257796168327331543 -1.4842628240585327148 -1.3673789501190185547 -0.66016441583633422852 0.38694503903388977051 0.60538434982299804688 0.51397734880447387695 0.76814001798629760742 2.9182372093200683594 3.2990567684173583984 0.43812885880470275879 0.047269817441701889038 0.18114358186721801758 0.1902141869068145752 0.47388136386871337891 -0.80797135829925537109 -0.81178808212280273438 -0.38283938169479370117 -0.20600600540637969971 0.19372917711734771729 0.44583770632743835449 0.17258240282535552979 -0.89465093612670898438
-9999 -9999 -9999 -9999 -9999 -9999 -9999 -9999 -9999 -9999 -9999 -9999 -9999 -9999 -9999 -4.08794403076171875 -3.9567930698394775391 -2.3422973155975341797 -1.6004390716552734375 -2.2480781078338623047 -2.4348001480102539063 -2.5449588298797607422 -2.0907955169677734375 -0.69250684976577758789 -0.094036765396595001221 -0.0047510871663689613342 0.87823730707168579102 3.7432076930999755859 1.0491815805435180664 -2.1548905372619628906 -1.1029400825500488281 -0.2644710242748260498 -0.045462895184755325317 0.010487795807421207428 -1.0063292980194091797 -0.70444202423095703125 -0.25361981987953186035 -0.29699957370758056641 -0.058996737003326416016 0.20939281582832336426 -0.07531061023473739624 -1.4911160469055175781
-9999 -9999 -9999 -9999 -9999 -9999 -9999 -9999 -9999 -9999 -9999 -9999 -9999 -9999 -9999 -9999 -9999 -9999 -9999 -9999 -9999 -3.0977454185485839844 -2.5535631179809570313 -1.6673101186752319336 -1.2806081771850585938 -0.73997867107391357422 1.2273271083831787109 4.1927247047424316406 -1.5820027589797973633 -4.1240997314453125 -1.1818426847457885742 -0.26264643669128417969 -1.3181638717651367188 -1.6895089149475097656 -1.4628267288208007813 -0.77953648567199707031 -0.24951967597007751465 -0.314327239990234375 -0.64673894643783569336 -0.44253903627395629883 -0.4468651115894317627 -2.1521818637847900391
-9999 -9999 -9999 -9999 -9999 -9999 -9999 -9999 -9999 -9999 -9999 -9999 -9999 -9999 -9999 -9999 -9999 -9999 -9999 -9999 -9999 -9999 -1.9742065668106079102 -2.0548446178436279297 -1.907168269157409668 -1.3584592342376708984 1.2456890344619750977 4.7511529922485351563 -0.54156541824340820313 -1.3530312776565551758 0.13594296574592590332 0.12780188024044036865 -1.4973740577697753906 -1.3563388586044311523 -0.68566101789474487305 -0.44646444916725158691 -0.21685880422592163086 -0.15463539958000183105 -0.60327965021133422852 -0.93447476625442504883 -0.62868475914001464844 -1.9996662139892578125
-9999 -9999 -9999 -9999 -9999 -9999 -9999 -9999 -9999 -9999 -9999 -9999 -9999 -9999 -9999 -9999 -9999 -9999 -9999 -9999 -9999 -9999 -9999 -9999 -9999 -0.054496455937623977661 5.4758443832397460938 6.9744634628295898438 2.3905553817749023438 0.69263952970504760742 -0.022933274507522583008 -1.0752611160278320313 -1.2957779169082641602 -0.46559053659439086914 -0.13018921017646789551 -0.18563339114189147949 -0.24446898698806762695 -0.31527367234230041504 -0.80705875158309936523 -1.1002124547958374023 -0.24822701513767242432 -1.8248050212860107422
