INPUT/RASTER/ASCII/tpi.asc
ncols        225
nrows        269
xllcorner    473009.983799999987
yllcorner    4429051.174800000153
cellsize     50.000000000000
NODATA_value  -9999
[rows 144 to 161 of 269, columns 168 to 209 of 225]
0.30699750781059265137 0.16303314268589019775 -0.0424901619553565979 -0.34490805864334106445 -0.82399868965148925781 -0.48108994960784912109 -0.20707371830940246582 -0.44750326871871948242 -0.28395110368728637695 0.21964210271835327148 0.013124687597155570984 -0.017422666773200035095 -0.061215650290250778198 -0.20512402057647705078 -0.38090765476226806641 -0.16505360603332519531 0.035002909600734710693 0.27518516778945922852 0.43015369772911071777 0.18466928601264953613 0.0071228318847715854645 0.05006580054759979248 0.09601955115795135498 0.21526554226875305176 0.77259355783462524414 0.98947983980178833008 -1.0025928020477294922 -1.8658850193023681641 -0.97548139095306396484 0.024910952895879745483 1.1530753374099731445 0.83803862333297729492 0.075200885534286499023 -0.18992061913013458252 -0.1846605837345123291 -0.19014824926853179932 -0.1686344444751739502 -0.20446705818176269531 -0.25984734296798706055 -0.039684604853391647339 0.11546687036752700806 0.090049363672733306885
-0.031473867595195770264 0.030099075287580490112 -0.10444788634777069092 -0.5042896270751953125 -0.85359025001525878906 -0.59124684333801269531 -0.38200786709785461426 -0.56692296266555786133 -0.2261298447847366333 0.19036009907722473145 0.030921289697289466858 0.029303735122084617615 0.017786907032132148743 -0.073936082422733306885 -0.20253433287143707275 0.0095130568370223045349 0.23274403810501098633 0.26948592066764831543 0.29405051469802856445 0.15717002749443054199 0.059341534972190856934 0.084664180874824523926 0.1288296133279800415 0.20996849238872528076 0.59505546092987060547 0.94254720211029052734 -0.47215825319290161133 -1.8194282054901123047 -1.2275365591049194336 0.11275318264961242676 1.4635846614837646484 1.1341075897216796875 0.19679710268974304199 -0.2795009911060333252 -0.41380468010902404785 -0.37836477160453796387 -0.25306770205497741699 -0.24808306992053985596 -0.30849766731262207031 -0.18586686253547668457 -0.018669806420803070068 0.11295872926712036133
-0.22984167933464050293 -0.31865608692169189453 -0.55098986625671386719 -0.66706997156143188477 -0.36821326613426208496 -0.1742178499698638916 -0.24009267985820770264 -0.33509421348571777344 0.00015194414299912750721 0.32020840048789978027 0.26195168495178222656 0.24285571277141571045 0.19053763151168823242 0.092564940452575683594 -0.020039197057485580444 0.12467047572135925293 0.29002755880355834961 0.18837995827198028564 0.099180914461612701416 0.060894917696714401245 0.099879175424575805664 0.17079123854637145996 0.12319083511829376221 0.055712580680847167969 0.22192235291004180908 0.80423372983932495117 0.075679965317249298096 -1.276583552360534668 -1.5383580923080444336 -0.46443161368370056152 0.78369218111038208008 0.68394267559051513672 0.36120557785034179688 0.20648786425590515137 -0.089209295809268951416 -0.26951763033866882324 -0.24858106672763824463 -0.24409273266792297363 -0.28073176741600036621 -0.15379284322261810303 0.0083427708595991134644 0.13057266175746917725
0.095526322722434997559 -0.017505440860986709595 -0.36121237277984619141 0.071782045066356658936 0.39866858720779418945 0.20447485148906707764 0.048621229827404022217 -0.065609015524387359619 0.13489055633544921875 0.51322335004806518555 0.6998488306999206543 0.45184108614921569824 0.26717972755432128906 0.17310194671154022217 0.089275494217872619629 0.14489001035690307617 0.25840732455253601074 0.23055829107761383057 0.13165131211280822754 0.10581949353218078613 0.24183985590934753418 0.30472761392593383789 0.19974108040332794189 0.14528135955333709717 0.35950666666030883789 1.0153467655181884766 0.32671707868576049805 -1.0213489532470703125 -1.8439493179321289063 -1.2053725719451904297 -0.09270547330379486084 0.10853570699691772461 0.33290439844131469727 0.38475534319877624512 0.085385531187057495117 -0.081546910107135772705 -0.090749092400074005127 -0.088588073849678039551 -0.089104175567626953125 -0.010656823404133319855 0.084301240742206573486 0.15076234936714172363
0.19169659912586212158 0.43165937066078186035 0.30920892953872680664 0.60672307014465332031 0.32829937338829040527 0.1001849249005317688 0.092154718935489654541 0.10142794251441955566 0.25697553157806396484 0.44645050168037414551 0.52809619903564453125 0.29338297247886657715 0.16913203895092010498 0.16897156834602355957 0.28959199786186218262 0.27213430404663085938 0.27446016669273376465 0.38192209601402282715 0.38979831337928771973 0.26594126224517822266 0.25727036595344543457 0.2482099384069442749 0.31099626421928405762 0.40938711166381835938 0.55291140079498291016 0.75173008441925048828 -0.044847153127193450928 -0.82527494430541992188 -1.8374022245407104492 -1.7200547456741333008 0.005676507018506526947 0.31875905394554138184 0.39685431122779846191 0.39302611351013183594 0.11059087514877319336 -0.10021062195301055908 -0.1575470268726348877 -0.1093023344874382019 -0.082821063697338104248 -0.021434249356389045715 0.053989652544260025024 0.073553569614887237549
8.5807994764763861895e-05 0.63156872987747192383 0.48190447688102722168 0.50529325008392333984 0.13698208332061767578 0.040454220026731491089 0.087382547557353973389 0.12002249062061309814 0.22801648080348968506 0.34202632308006286621 0.1750265657901763916 -0.045266203582286834717 -0.034249447286128997803 0.02132670767605304718 0.24978792667388916016 0.55719125270843505859 0.64083421230316162109 0.80178821086883544922 0.70871484279632568359 0.63908779621124267578 0.52579152584075927734 0.24451871216297149658 0.27237805724143981934 0.3841571509838104248 0.32407224178314208984 0.19230835139751434326 -0.35927936434745788574 -0.37532332539558410645 -1.1351406574249267578 -1.4656815528869628906 0.35009306669235229492 0.75679975748062133789 0.38703903555870056152 0.1577879786491394043 -0.064942635595798492432 -0.21848642826080322266 -0.21681724488735198975 -0.14339804649353027344 -0.14962311089038848877 -0.14230220019817352295 -0.037759043276309967041 -0.019063571467995643616
-0.15178339183330535889 0.50611203908920288086 0.40715339779853820801 0.44872751832008361816 0.25945127010345458984 0.21627399325370788574 0.26734405755996704102 0.13462136685848236084 0.14408087730407714844 0.5572922825813293457 0.23365646600723266602 -0.13431549072265625 0.026336964219808578491 0.12410204857587814331 0.30376479029655456543 0.61093705892562866211 0.61022675037384033203 0.56705081462860107422 0.2710393369197845459 0.14962981641292572021 0.6286099553108215332 0.44532999396324157715 0.33592900633811950684 0.3797060847282409668 0.37058722972869873047 0.13032984733581542969 -0.18416382372379302979 -0.21944548189640045166 -1.2340548038482666016 -1.2524067163467407227 0.030018933117389678955 0.3263129889965057373 0.1245782896876335144 -0.096315547823905944824 -0.24541725218296051025 -0.14385394752025604248 0.0023749053943902254105 0.1082329675555229187 0.085880428552627563477 0.070099614560604095459 0.044244091957807540894 -0.094558671116828918457
0.059083107858896255493 0.34345862269401550293 0.27091369032859802246 0.15983352065086364746 0.1468022465705871582 0.31108117103576660156 0.33009517192840576172 -0.11375216394662857056 -0.25670167803764343262 -0.058368522673845291138 -0.45166483521461486816 -0.33868196606636047363 0.18144562840461730957 0.28884163498878479004 0.362239837646484375 0.57630044221878051758 0.60655134916305541992 -0.21192407608032226563 -0.74113196134567260742 -0.92647892236709594727 -0.38135227560997009277 0.048738412559032440186 0.50331330299377441406 0.80549031496047973633 0.60153019428253173828 -0.18938583135604858398 -0.43331539630889892578 -0.62194746732711791992 -1.2739545106887817383 -0.55290055274963378906 0.38086047768592834473 0.33271434903144836426 0.108824901282787323 0.083577238023281097412 0.023951726034283638 0.10951578617095947266 0.217563629150390625 0.30245161056518554688 0.29238393902778625488 0.34836077690124511719 0.25653913617134094238 -0.087028808891773223877
0.23231931030750274658 0.34899389743804931641 0.39441978931427001953 0.17412017285823822021 0.13576142489910125732 0.32671216130256652832 0.31155428290367126465 0.058576460927724838257 -0.012221577577292919159 -0.16759812831878662109 -0.47311452031135559082 0.044160470366477966309 0.1789830625057220459 0.29056096076965332031 0.70593774318695068359 1.1052732467651367188 0.4865093231201171875 -1.2052888870239257813 -1.5343796014785766602 -1.4156228303909301758 -1.6957947015762329102 -1.653090357780456543 -0.74103969335556030273 -0.077448964118957519531 -0.85640627145767211914 -2.0251486301422119141 -1.6248250007629394531 -1.2798217535018920898 -0.37329754233360290527 -0.0017399839125573635101 0.33163499832153320313 0.35976329445838928223 0.51794332265853881836 0.52960437536239624023 0.33711412549018859863 0.27005949616432189941 0.1751079261302947998 0.072822511196136474609 0.076220467686653137207 0.18667857348918914795 0.14981821179389953613 -0.044548340141773223877
0.3186613917350769043 0.23563341796398162842 0.36532101035118103027 0.26058411598205566406 0.14050081372261047363 0.15451836585998535156 0.11231202632188796997 0.18729114532470703125 0.22826805710792541504 -0.17841190099716186523 -0.15018783509731292725 0.36691015958786010742 0.13160400092601776123 0.057211037725210189819 0.56041646003723144531 0.72306239604949951172 -0.68834978342056274414 -1.3226488828659057617 -0.94993937015533447266 -0.58331435918807983398 -0.8131096959114074707 -1.4549981355667114258 -1.9294937849044799805 -2.0597829818725585938 -2.1811594963073730469 -1.6647024154663085938 -0.94060271978378295898 -0.72873705625534057617 0.15001374483108520508 0.24010229110717773438 0.29279422760009765625 0.58975243568420410156 0.92072474956512451172 0.45603018999099731445 0.18962047994136810303 0.10406053811311721802 0.039298664778470993042 -0.010931520722806453705 0.033108562231063842773 0.086183592677116394043 0.040376652032136917114 -0.035973776131868362427
0.46806326508522033691 0.26110962033271789551 0.22404494881629943848 0.18903936445713043213 0.17014200985431671143 0.25938364863395690918 0.2868435978889465332 0.49087658524513244629 0.1587584763765335083 -0.6933733820915222168 -0.30561295151710510254 0.62136530876159667969 0.46055167913436889648 0.40444973111152648926 0.85341823101043701172 0.39639908075332641602 -1.8612438440322875977 -1.2006243467330932617 -0.4877185523509979248 0.040415652096271514893 0.27227437496185302734 0.038485091179609298706 -0.55303275585174560547 -1.0285331010818481445 -1.1334973573684692383 -0.66420990228652954102 -0.28921529650688171387 -0.49912497401237487793 0.041012093424797058105 0.16500422358512878418 0.30896773934364318848 0.81672012805938720703 0.6000716090202331543 0.16398903727531433105 0.092169836163520812988 0.088063381612300872803 0.063821241259574890137 0.031402960419654846191 0.059992227703332901001 0.0041869380511343479156 -0.022901497781276702881 -0.047886863350868225098
0.34405380487442016602 0.25952875614166259766 0.05017531663179397583 -0.012261325493454933167 0.022534105926752090454 0.46105745434761047363 0.89827209711074829102 0.7139657139778137207 -0.062311869114637374878 -0.95796734094619750977 -0.69155162572860717773 -0.17770969867706298828 -0.44884911179542541504 -0.190643310546875 0.24571637809276580811 -0.82039660215377807617 -2.0572412014007568359 -0.68053418397903442383 -0.07772897183895111084 0.63413852453231811523 1.0057394504547119141 0.8872292637825012207 0.70692145824432373047 0.40855205059051513672 0.14252385497093200684 0.12379799783229827881 0.0061372998170554637909 -0.32522943615913391113 -0.05051830783486366272 -0.2699477076530456543 0.43646404147148132324 0.70594304800033569336 0.20284113287925720215 0.032448966056108474731 0.085730567574501037598 0.17018432915210723877 0.14253884553909301758 0.069935128092765808105 0.06781463325023651123 -0.010786982253193855286 -0.019066728651523590088 -0.040861483663320541382
0.37103033065795898438 0.85967171192169189453 0.36928057670593261719 0.06225870177149772644 0.034119520336389541626 0.37128865718841552734 0.82331871986389160156 0.86260664463043212891 0.27486908435821533203 -1.5148730278015136719 -0.95006716251373291016 -0.21734298765659332275 -0.56528931856155395508 -0.61095285415649414063 -0.35819664597511291504 -0.97365128993988037109 -1.5963861942291259766 -0.46452850103378295898 -0.017756950110197067261 0.61114859580993652344 0.57937127351760864258 0.43721371889114379883 0.53124541044235229492 0.61135327816009521484 0.59133660793304443359 0.46369025111198425293 0.10513645410537719727 -0.1996586918830871582 0.0061067561618983745575 0.24040789902210235596 0.85709470510482788086 0.36792150139808654785 0.034394681453704833984 0.015000643208622932434 0.12457839399576187134 0.28555324673652648926 0.21377606689929962158 0.075684733688831329346 0.046354658901691436768 -0.0059556807391345500946 0.0047220396809279918671 -0.019014712423086166382
0.11400690674781799316 1.0398800373077392578 0.22601503133773803711 -0.086704283952713012695 0.21564428508281707764 0.36675807833671569824 0.49056977033615112305 0.96264952421188354492 -0.57546049356460571289 -2.6862058639526367188 -0.96658664941787719727 0.022676348686218261719 -0.04097140580415725708 -0.53447282314300537109 -0.81659311056137084961 -1.4016695022583007813 -1.6387538909912109375 -0.1945247650146484375 0.36274206638336181641 0.75026476383209228516 0.37200444936752319336 0.38128253817558288574 0.67154389619827270508 0.70604276657104492188 0.44763258099555969238 0.25912830233573913574 0.14071126282215118408 0.012780321761965751648 0.37671437859535217285 0.63725399971008300781 0.63205987215042114258 0.10533093661069869995 -0.01292209327220916748 0.031327564269304275513 0.13652563095092773438 0.19278407096862792969 0.11437328904867172241 0.034536745399236679077 0.038584388792514801025 0.025382753461599349976 0.02660819515585899353 -0.0089503498747944831848
-0.55128377676010131836 -0.65497797727584838867 -1.1131740808486938477 -0.87217938899993896484 0.25467029213905334473 0.87222766876220703125 1.0595860481262207031 1.5999428033828735352 -0.56280416250228881836 -1.9904720783233642578 -0.52908444404602050781 0.14854332804679870605 0.11054904758930206299 -0.48087474703788757324 -0.96295368671417236328 -1.2788813114166259766 -0.74892014265060424805 0.13525874912738800049 0.32142031192779541016 0.49342927336692810059 0.18629792332649230957 0.19624228775501251221 0.33461681008338928223 0.3966833949089050293 0.27879390120506286621 0.16100972890853881836 0.10010184347629547119 0.10357576608657836914 0.66647970676422119141 0.76501661539077758789 0.60321807861328125 0.18013001978397369385 0.061197500675916671753 0.10998092591762542725 0.15680739283561706543 0.10919427871704101563 0.049295242875814437866 0.0079587940126657485962 0.018680823966860771179 0.087603896856307983398 0.11484067142009735107 0.04091624915599822998
-0.23564033210277557373 -0.42684218287467956543 -0.6903445124626159668 -1.0561369657516479492 -0.6901366114616394043 0.47478851675987243652 1.3835312128067016602 1.4215759038925170898 -0.67143762111663818359 -1.6295328140258789063 -0.44572409987449645996 0.3199100494384765625 0.37385520339012145996 0.15829597413539886475 0.36572197079658508301 0.69387459754943847656 0.43031561374664306641 0.26856118440628051758 0.24535901844501495361 0.25615775585174560547 0.081995159387588500977 0.068352565169334411621 0.045371148735284805298 0.072229437530040740967 0.14018140733242034912 0.068622767925262451172 -0.02533501945436000824 0.050818029791116714478 0.65324264764785766602 0.72586023807525634766 0.88584572076797485352 0.49318975210189819336 0.26517334580421447754 0.24842078983783721924 0.18018451333045959473 0.064255379140377044678 0.033931504935026168823 -0.0033775910269469022751 -0.011039380915462970734 0.11341582238674163818 0.20867195725440979004 0.10164593160152435303
-0.00048563035670667886734 -0.012582831084728240967 -0.070858515799045562744 -0.33195224404335021973 -0.78839111328125 -0.90422034263610839844 -0.36054304242134094238 -0.55369156599044799805 -1.1837269067764282227 -1.1528555154800415039 -0.0064162006601691246033 0.5013186335563659668 0.47355806827545166016 0.49257522821426391602 0.72855305671691894531 0.57492768764495849609 0.2211170494556427002 0.133535042405128479 0.12936681509017944336 0.12973846495151519775 0.036732863634824752808 0.034278571605682373047 -0.021275624632835388184 -0.023777242749929428101 0.057401999831199645996 -0.022781476378440856934 -0.11879295855760574341 0.050821684300899505615 0.7455539703369140625 0.60113608837127685547 0.5085099339485168457 0.32916671037673950195 0.21858645975589752197 0.21266718208789825439 0.13918222486972808838 0.039088059216737747192 0.029378164559602737427 -0.019320897758007049561 -0.012866673991084098816 0.088690690696239471436 0.13006421923637390137 0.07706842571496963501
0.0087920036166906356812 0.010605233721435070038 0.013392350636422634125 -0.022502399981021881104 -0.19173942506313323975 -0.4060726165771484375 -0.52378189563751220703 -0.6230869293212890625 -0.93234294652938842773 -0.87322944402694702148 0.0012493932154029607773 0.27812454104423522949 0.37316650152206420898 0.38077652454376220703 0.36765441298484802246 0.18901778757572174072 -0.0034954992588609457016 -0.03391437232494354248 0.0061659007333219051361 0.078629992902278900146 0.049065798521041870117 0.048224009573459625244 0.0173368845134973526 0.018318923190236091614 0.058348026126623153687 -0.028018832206726074219 -0.10542517900466918945 0.033194251358509063721 0.76697844266891479492 0.53921234607696533203 0.23204438388347625732 0.074231386184692382813 -0.0087998881936073303223 0.050572503358125686646 0.074858784675598144531 0.02899014204740524292 0.013729304075241088867 -0.021022520959377288818 0.038564126938581466675 0.055433675646781921387 0.045455474406480789185 0.013473431579768657684
