INPUT/RASTER/ASCII/tpi.asc
ncols        225
nrows        269
xllcorner    473009.983799999987
yllcorner    4429051.174800000153
cellsize     50.000000000000
NODATA_value  -9999
[rows 18 to 35 of 269, columns 42 to 83 of 225]
0.45630747079849243164 0.048287875950336456299 0.00022033629647921770811 -0.0087165739387273788452 0.036423150449991226196 0.06355120241641998291 0.011955852620303630829 0.002213124418631196022 -0.0095840217545628547668 -0.16356416046619415283 -0.10666186362504959106 -0.0204228963702917099 -0.015314944088459014893 -0.030009146779775619507 -0.030848458409309387207 -0.069517605006694793701 -0.076992847025394439697 -0.082589380443096160889 -0.10683621466159820557 -0.13476823270320892334 -0.085069708526134490967 -0.034976828843355178833 -0.039475310593843460083 -0.23260958492755889893 -0.38923990726470947266 0.15712308883666992188 0.21331712603569030762 0.1751403510570526123 0.12412805110216140747 0.033342055976390838623 -0.046819552779197692871 -0.010732633993029594421 0.12491017580032348633 0.27582815289497375488 0.28658765554428100586 0.32942250370979309082 0.32037821412086486816 0.14306861162185668945 0.18745079636573791504 0.23587025701999664307 0.19334012269973754883 0.091001994907855987549
0.36908304691314697266 0.040553510189056396484 0.031032171100378036499 0.010273194871842861176 -0.0054155290126800537109 -0.01036029960960149765 -0.01219294033944606781 0.0072757694870233535767 0.035417314618825912476 -0.029566403478384017944 -0.12008000165224075317 -0.077431350946426391602 -0.030897950753569602966 -0.047724068164825439453 -0.064382918179035186768 -0.090750478208065032959 -0.065658859908580780029 -0.071817018091678619385 -0.15903846919536590576 -0.19408586621284484863 -0.068459138274192810059 -0.027258057147264480591 -0.046146027743816375732 -0.22175759077072143555 -0.29918012022972106934 0.23857514560222625732 0.25012826919555664063 0.11416871100664138794 0.06588573753833770752 0.059704724699258804321 0.03850765526294708252 0.018422285094857215881 0.007429990917444229126 0.059586592018604278564 0.14814236760139465332 0.20653684437274932861 0.19818082451820373535 0.082321435213088989258 0.13389846682548522949 0.10550950467586517334 0.08745600283145904541 0.1248683929443359375
0.23068383336067199707 -0.04027816280722618103 -0.03505603596568107605 -0.088452078402042388916 -0.13873358070850372314 -0.087003380060195922852 -0.037291668355464935303 -0.013958903029561042786 0.031873304396867752075 0.054301682859659194946 -0.080535501241683959961 -0.15648728609085083008 -0.13946239650249481201 -0.19233472645282745361 -0.22580410540103912354 -0.18432994186878204346 -0.10740530490875244141 -0.12504318356513977051 -0.31857371330261230469 -0.3716125786304473877 -0.11236546188592910767 -0.057154145091772079468 -0.053004842251539230347 -0.17619764804840087891 -0.17260377109050750732 0.21477302908897399902 0.20744812488555908203 0.050424914807081222534 0.014548434875905513763 0.042515035718679428101 0.10385511070489883423 0.036389283835887908936 -0.16679292917251586914 -0.17968048155307769775 0.05570499226450920105 0.22488579154014587402 0.21882519125938415527 0.042859360575675964355 -0.018448369577527046204 -0.099498130381107330322 -0.041889302432537078857 0.054188411682844161987
0.29804196953773498535 -0.027059050276875495911 -0.0050408774986863136292 -0.10773854702711105347 -0.19563291966915130615 -0.080035224556922912598 -0.0085702314972877502441 0.0035480502992868423462 0.057609088718891143799 0.12933088839054107666 0.012483179569244384766 -0.086141385138034820557 -0.078009679913520812988 -0.10080719739198684692 -0.068921096622943878174 -0.06243116036057472229 -0.07138843834400177002 -0.12247607111930847168 -0.24139773845672607422 -0.22129365801811218262 -0.083196267485618591309 -0.053429368883371353149 -0.008833406493067741394 -0.056917052716016769409 0.012618215754628181458 0.24347183108329772949 0.2865289151668548584 0.10976065695285797119 0.10706406831741333008 0.20475360751152038574 0.30235946178436279297 0.029272042214870452881 -0.34029975533485412598 -0.37198528647422790527 -0.1093206554651260376 0.17138357460498809814 0.21853180229663848877 0.038178831338882446289 -0.092513166368007659912 -0.2155666053295135498 -0.14601409435272216797 -0.04444651678204536438
0.62294471263885498047 0.27416506409645080566 0.1548401564359664917 0.044475980103015899658 -0.08088216930627822876 -0.057470235973596572876 0.0011559383710846304893 0.014953413046896457672 0.082208864390850067139 0.20077730715274810791 0.0835323333740234375 -0.064680464565753936768 -0.033725827932357788086 -0.035828866064548492432 0.020372774451971054077 0.033025372773408889771 -0.011301852762699127197 -0.084647402167320251465 -0.10384284704923629761 -0.070845142006874084473 -0.050824791193008422852 -0.026159161701798439026 0.085696265101432800293 0.073470592498779296875 0.1414572596549987793 0.39185947179794311523 0.47449502348899841309 0.30475020408630371094 0.33023720979690551758 0.38779401779174804688 0.2557303309440612793 -0.087106533348560333252 -0.38496896624565124512 -0.37402275204658508301 -0.25162732601165771484 0.056302756071090698242 0.15641671419143676758 0.071881398558616638184 0.00042250801925547420979 -0.10171488672494888306 -0.15188837051391601563 -0.049954473972320556641
0.44568735361099243164 0.12414740771055221558 -0.2328481823205947876 -0.0055040097795426845551 0.21443901956081390381 0.050736121833324432373 0.02067019045352935791 0.012834115885198116302 0.043848730623722076416 0.11848226189613342285 0.1047070920467376709 -0.081624895334243774414 -0.050295080989599227905 -0.038759384304285049438 0.030682299286127090454 0.021181501448154449463 -0.034063685685396194458 -0.064181253314018249512 -0.046987593173980712891 -0.051322892308235168457 -0.059416145086288452148 -0.026407238095998764038 0.11899640411138534546 0.080451928079128265381 0.12807886302471160889 0.24640314280986785889 0.23582290112972259521 0.22983500361442565918 0.31318548321723937988 0.34061190485954284668 0.27247014641761779785 0.065486192703247070313 -0.13679017126560211182 -0.183572426438331604 -0.13660010695457458496 0.15337629616260528564 0.24900434911251068115 0.10115676373243331909 0.066015303134918212891 0.035803206264972686768 -0.011339681223034858704 0.083243824541568756104
0.23747722804546356201 -0.28634431958198547363 -0.72164386510848999023 -0.10092207044363021851 0.52814638614654541016 0.22129391133785247803 0.054379247128963470459 -0.026048265397548675537 -0.05781981348991394043 -0.078974939882755279541 -0.02265466935932636261 -0.1437556147575378418 -0.10653823614120483398 -0.025134935975074768066 0.090979278087615966797 0.046707142144441604614 0.013693002983927726746 0.015936495736241340637 0.048286952078342437744 0.063340298831462860107 0.049543377012014389038 0.050013694912195205688 0.16987393796443939209 0.14182274043560028076 0.051061160862445831299 -0.025664974004030227661 0.037233114242553710938 0.2358264923095703125 0.38268017768859863281 0.39962539076805114746 0.2879892885684967041 0.070368312299251556396 -0.14616370201110839844 -0.27311828732490539551 -0.20505058765411376953 0.076722115278244018555 0.10573941469192504883 0.022686414420604705811 0.015706472098827362061 0.037466432899236679077 0.086947195231914520264 0.23406696319580078125
0.23094144463539123535 -0.09579874575138092041 -0.21942050755023956299 -0.043543536216020584106 0.15130940079689025879 0.042640250176191329956 -0.081669405102729797363 -0.19651150703430175781 -0.11443170160055160522 -0.067857764661312103271 -0.039422478526830673218 -0.29715991020202636719 -0.40592080354690551758 -0.096702881157398223877 0.13653360307216644287 0.069912619888782501221 0.055955395102500915527 0.075287781655788421631 0.17035360634326934814 0.24183909595012664795 0.25865092873573303223 0.23481449484825134277 0.14691889286041259766 0.069241516292095184326 -0.02258078940212726593 -0.045193538069725036621 0.14451359212398529053 0.45578661561012268066 0.56657433509826660156 0.26149138808250427246 0.006389801856130361557 0.0066979872062802314758 -0.084517419338226318359 -0.27024629712104797363 -0.26345726847648620605 0.1178804934024810791 0.083344541490077972412 0.021794499829411506653 0.0056568966247141361237 0.03459850698709487915 0.13670857250690460205 0.1796706467866897583
-0.30499464273452758789 -0.18260698020458221436 0.067786343395709991455 -0.034253053367137908936 -0.078592739999294281006 -0.085377112030982971191 -0.14348578453063964844 -0.24038894474506378174 -0.088711403310298919678 -0.084501497447490692139 -0.24439394474029541016 -0.68093472719192504883 -0.67696690559387207031 -0.23048728704452514648 -0.093261405825614929199 0.0081464368849992752075 0.10832428932189941406 0.1965287327766418457 0.27306085824966430664 0.24451172351837158203 0.32994621992111206055 0.41362473368644714355 0.16317819058895111084 0.078241787850856781006 0.033561449497938156128 0.046646870672702789307 0.11641315370798110962 0.16121387481689453125 0.072881035506725311279 -0.12820477783679962158 -0.24110507965087890625 -0.18127377331256866455 -0.1581315845251083374 -0.44644182920455932617 -0.43703073263168334961 0.26575043797492980957 0.19084627926349639893 -0.0083260210230946540833 -0.02754657156765460968 0.05328604578971862793 0.14256842434406280518 0.089574024081230163574
-0.062065973877906799316 -0.054621018469333648682 0.1236349642276763916 -0.083502352237701416016 -0.17667880654335021973 -0.1415618211030960083 -0.15881836414337158203 -0.17247863113880157471 -0.11658652126789093018 -0.2891502678394317627 -0.47544547915458679199 -0.31197774410247802734 0.11307847499847412109 0.17641721665859222412 0.089324422180652618408 0.1996968686580657959 0.26304540038108825684 0.22539398074150085449 0.22620686888694763184 0.32126408815383911133 0.43258225917816162109 0.36785295605659484863 0.19861955940723419189 0.15857644379138946533 -0.09890054166316986084 -0.11823135614395141602 -0.010750494897365570068 -0.05471638217568397522 -0.28597587347030639648 -0.35982781648635864258 -0.34855672717094421387 -0.20284841954708099365 -0.0097085107117891311646 -0.21643267571926116943 -0.43023246526718139648 0.2806752324104309082 0.43920361995697021484 0.057078592479228973389 -0.036674331873655319214 0.12357060611248016357 0.17219536006450653076 0.089359261095523834229
0.14498786628246307373 -0.0074043530039489269257 0.037961877882480621338 -0.23212057352066040039 -0.41223236918449401855 -0.29795944690704345703 -0.19084265828132629395 -0.22689874470233917236 -0.36613103747367858887 -0.54731130599975585938 -0.33424282073974609375 0.13028706610202789307 0.49622932076454162598 0.47105249762535095215 0.35400781035423278809 0.20391535758972167969 0.18267782032489776611 0.26045593619346618652 0.36266663670539855957 0.37659856677055358887 0.25641310214996337891 0.21003425121307373047 0.28431209921836853027 0.1003594622015953064 -0.56160432100296020508 -0.44285479187965393066 -0.15561088919639587402 -0.07782509922981262207 -0.12712202966213226318 -0.18369992077350616455 -0.37807792425155639648 -0.26044183969497680664 -0.0850677490234375 -0.12781016528606414795 -0.3664588630199432373 -0.093972221016883850098 0.38522198796272277832 0.2893085777759552002 0.11583895236253738403 0.29572886228561401367 0.1804752647876739502 0.092870540916919708252
-0.012272031977772712708 -0.049057714641094207764 -0.051300339400768280029 -0.35946747660636901855 -0.3455531001091003418 -0.22094853222370147705 -0.092796161770820617676 -0.24883663654327392578 -0.10405319929122924805 0.1871754080057144165 0.53625625371932983398 0.71072477102279663086 0.5651976466178894043 0.49997702240943908691 0.44576847553253173828 0.096458226442337036133 0.17032295465469360352 0.2326879650354385376 0.099726997315883636475 0.011651298031210899353 -0.061034258455038070679 -0.046013183891773223877 -0.027966609224677085876 -0.17645700275897979736 -0.36287233233451843262 -0.19703620672225952148 -0.10537086427211761475 0.004940629471093416214 0.046605933457612991333 -0.049840293824672698975 -0.23329627513885498047 -0.22721973061561584473 -0.23179784417152404785 -0.16670325398445129395 -0.25234651565551757813 -0.1577186286449432373 0.27630776166915893555 0.71190649271011352539 0.51043611764907836914 0.37198579311370849609 0.10543051362037658691 0.067202836275100708008
-0.11223278194665908813 -0.11398226022720336914 -0.26500594615936279297 -0.56536185741424560547 -0.16803170740604400635 -0.10380762815475463867 -0.13828447461128234863 -0.30137413740158081055 0.13014563918113708496 0.6288210749626159668 0.72098523378372192383 0.38309472799301147461 0.17723357677459716797 0.31983143091201782227 0.52218008041381835938 0.17822629213333129883 0.14799548685550689697 0.090079575777053833008 0.0044467309489846229553 -0.050727378576993942261 -0.17369915544986724854 -0.21927447617053985596 -0.22905649244785308838 -0.16795589029788970947 -0.11249835789203643799 -0.037386897951364517212 -0.04021436348557472229 0.069340236485004425049 0.16083098948001861572 0.029647735878825187683 -0.12133593857288360596 -0.17794860899448394775 -0.2609272301197052002 -0.18445985019207000732 -0.17619387805461883545 -0.02846309170126914978 0.16966207325458526611 0.72222739458084106445 0.55837762355804443359 0.21572543680667877197 -0.043802957981824874878 -0.028015363961458206177
-0.2339000701904296875 -0.32481059432029724121 -0.61125475168228149414 -0.59370529651641845703 0.04066936299204826355 -0.087937228381633758545 -0.083304524421691894531 0.23308099806308746338 0.54507869482040405273 0.83555281162261962891 0.34889617562294006348 0.058817487210035324097 0.042062100023031234741 0.16653351485729217529 0.27108070254325866699 0.14652809500694274902 0.01483083236962556839 0.028201002627611160278 0.057225298136472702026 -0.024507781490683555603 -0.29786050319671630859 -0.37782686948776245117 -0.16270403563976287842 -0.068482488393783569336 -0.017936175689101219177 0.016906082630157470703 0.056614048779010772705 0.04976401105523109436 0.068621270358562469482 -0.025799890980124473572 -0.091691009700298309326 -0.20552124083042144775 -0.36975166201591491699 -0.30770960450172424316 -0.089152216911315917969 -0.0069319340400397777557 0.11870470643043518066 0.34352636337280273438 0.27971982955932617188 0.12896589934825897217 -0.053909588605165481567 -0.022087156772613525391
-0.14043036103248596191 -0.4222164154052734375 -0.31800979375839233398 0.1596765369176864624 0.43900904059410095215 0.20872958004474639893 0.24820210039615631104 0.60608756542205810547 0.62912219762802124023 0.67304515838623046875 0.33914613723754882813 0.2157688140869140625 0.23329506814479827881 0.26950207352638244629 0.22759681940078735352 0.2388779371976852417 0.032538440078496932983 0.032566800713539123535 0.088409148156642913818 0.033671736717224121094 -0.19320498406887054443 -0.20476260781288146973 -0.040384363383054733276 -0.044421724975109100342 0.047611113637685775757 -0.040497284382581710815 -0.074737846851348876953 -0.30423951148986816406 -0.35475364327430725098 -0.30489999055862426758 -0.24021351337432861328 -0.30589351058006286621 -0.50470966100692749023 -0.52096271514892578125 0.021027455106377601624 -0.018452160060405731201 0.087527222931385040283 0.11269830912351608276 0.12222980707883834839 0.084619469940662384033 0.018601890653371810913 -0.0050206822343170642853
-0.19453670084476470947 -0.5063495635986328125 0.2771377861499786377 0.63714230060577392578 0.50913608074188232422 0.42875602841377258301 0.36371845006942749023 0.26280504465103149414 0.2215652167797088623 0.38566720485687255859 0.41668435931205749512 0.35235759615898132324 0.26368743181228637695 0.20172138512134552002 0.16882598400115966797 0.33379000425338745117 0.11029010266065597534 -0.002613844582810997963 0.045551754534244537354 0.046436186879873275757 -0.012818334624171257019 -0.046967849135398864746 0.023296087980270385742 0.01983806118369102478 0.14679755270481109619 -0.24040517210960388184 -0.30398544669151306152 -0.39735504984855651855 -0.30242437124252319336 -0.20857417583465576172 -0.30773082375526428223 -0.36560744047164916992 -0.37507873773574829102 -0.4816398322582244873 0.12846763432025909424 0.099950991570949554443 0.14208891987800598145 0.22749599814414978027 0.25860172510147094727 0.17282578349113464355 0.0509568043053150177 -0.021966220811009407043
-0.24799643456935882568 -0.18660208582878112793 0.67702919244766235352 0.55979371070861816406 0.4246501624584197998 0.4839712679386138916 0.19132313132286071777 0.055610276758670806885 0.089758060872554779053 0.17432405054569244385 0.13173314929008483887 0.083930708467960357666 0.058573257178068161011 0.069025866687297821045 0.073786631226539611816 0.14413459599018096924 -0.026138750836253166199 -0.029966086149215698242 -0.013032487593591213226 -0.0025255996733903884888 0.057001531124114990234 0.031045241281390190125 0.049107372760772705078 0.07566718757152557373 0.18550759553909301758 -0.42525148391723632813 -0.43231254816055297852 -0.23222193121910095215 -0.058073513209819793701 -0.071362040936946868896 -0.19192028045654296875 -0.25166568160057067871 -0.29185390472412109375 -0.52955090999603271484 0.055444061756134033203 0.1762892603874206543 0.20890733599662780762 0.33806893229484558105 0.39377206563949584961 0.19943289458751678467 0.073657177388668060303 0.13751167058944702148
-0.060633707791566848755 0.42542535066604614258 0.80133712291717529297 0.32014596462249755859 0.35769471526145935059 0.51235622167587280273 0.31503349542617797852 0.23226493597030639648 0.22169610857963562012 0.18940235674381256104 0.11485125124454498291 0.088835589587688446045 0.13538694381713867188 0.16841207444667816162 0.12548957765102386475 0.12198108434677124023 0.073966518044471740723 0.078426584601402282715 0.042427595704793930054 -0.00087827496463432908058 0.054897587746381759644 0.043497171252965927124 0.095517560839653015137 0.12899705767631530762 0.21210405230522155762 -0.11941466480493545532 -0.12920019030570983887 -0.096029594540596008301 0.0044332440011203289032 -0.012173115275800228119 -0.039347771555185317993 -0.071310132741928100586 -0.2140178382396697998 -0.49352151155471801758 0.022770775482058525085 0.22884872555732727051 0.19579787552356719971 0.21725206077098846436 0.28795897960662841797 0.21565961837768554688 0.061079889535903930664 -9999
