INPUT/RASTER/ASCII/twi.asc
ncols        225
nrows        269
xllcorner    473009.983799999987
yllcorner    4429051.174800000153
cellsize     50.000000000000
NODATA_value -9999
[rows 114 to 132 of 269, columns 126 to 167 of 225]
11.365373611450195313 10.491626739501953125 9.1650362014770507813 11.461274147033691406 11.593749046325683594 9.3737668991088867188 8.7714471817016601563 8.3508577346801757813 9.3075952529907226563 9.408966064453125 8.9228000640869140625 8.1317605972290039063 6.6808900833129882813 7.1937317848205566406 8.7481050491333007813 8.027408599853515625 8.7576551437377929688 9.313541412353515625 9.1981601715087890625 8.8444643020629882813 8.0974893569946289063 6.7865452766418457031 7.6963720321655273438 9.37784576416015625 8.3272886276245117188 8.263294219970703125 7.4688878059387207031 6.2455396652221679688 6.7684164047241210938 6.523651123046875 8.1921367645263671875 11.060359954833984375 9.3093652725219726563 7.069538116455078125 6.7093787193298339844 7.7615771293640136719 8.3178968429565429688 8.8750457763671875 13.674688339233398438 12.4763946533203125 9.5337724685668945313 10.672417640686035156
13.539621353149414063 13.153023719787597656 11.7590179443359375 11.615796089172363281 10.1497039794921875 8.65357208251953125 8.851551055908203125 10.076758384704589844 10.603514671325683594 9.4401979446411132813 9.7688837051391601563 9.53162384033203125 8.65285491943359375 9.4574556350708007813 9.6563930511474609375 8.1748151779174804688 9.1958484649658203125 9.2177143096923828125 8.8199186325073242188 8.1897058486938476563 7.8520593643188476563 7.4774823188781738281 8.360523223876953125 9.0818128585815429688 7.9503216743469238281 7.0815858840942382813 6.3057866096496582031 6.219181060791015625 6.7224016189575195313 6.6381711959838867188 7.9083580970764160156 9.414459228515625 10.59698486328125 8.495147705078125 7.4541592597961425781 7.9979686737060546875 8.2369976043701171875 8.8399524688720703125 12.142399787902832031 12.990818023681640625 10.660670280456542969 11.808320045471191406
15.869350433349609375 15.055811882019042969 11.087457656860351563 9.5243425369262695313 8.9039707183837890625 8.34961700439453125 8.5760908126831054688 9.0293016433715820313 8.0787677764892578125 7.9544129371643066406 9.4267368316650390625 9.7361431121826171875 9.3915376663208007813 9.8214426040649414063 8.5296449661254882813 7.2122488021850585938 8.1479167938232421875 7.7836947441101074219 7.0567178726196289063 6.5506610870361328125 7.4370150566101074219 8.49407958984375 9.1815366744995117188 8.526210784912109375 7.7228493690490722656 7.2486395835876464844 6.7152118682861328125 6.6767659187316894531 6.9510560035705566406 7.1895885467529296875 8.2198162078857421875 8.6489591598510742188 10.310246467590332031 11.481236457824707031 10.189995765686035156 9.310466766357421875 8.6426973342895507813 8.9014673233032226563 10.503293991088867188 14.886341094970703125 13.116750717163085938 11.818717002868652344
13.775621414184570313 11.716747283935546875 8.669925689697265625 8.7778139114379882813 8.6515712738037109375 8.4820880889892578125 8.409854888916015625 8.4424467086791992188 8.2736597061157226563 8.70650482177734375 10.427257537841796875 11.463057518005371094 11.355355262756347656 10.781566619873046875 8.587726593017578125 8.87041473388671875 8.649906158447265625 7.3643050193786621094 6.1710600852966308594 7.1469964981079101563 10.928806304931640625 12.071260452270507813 9.5151615142822265625 8.2379207611083984375 7.8669080734252929688 7.5682616233825683594 7.1537795066833496094 7.1762442588806152344 6.9396181106567382813 7.154209136962890625 8.4388895034790039063 8.60337066650390625 9.4629907608032226563 10.780936241149902344 11.217146873474121094 10.82070159912109375 9.95603179931640625 10.191485404968261719 11.896998405456542969 16.250791549682617188 14.082354545593261719 10.199168205261230469
11.943759918212890625 8.6412115097045898438 7.4543704986572265625 7.9548077583312988281 8.3335657119750976563 7.5461707115173339844 7.3587117195129394531 7.9204397201538085938 10.575016975402832031 12.61988067626953125 13.852963447570800781 14.29046630859375 14.116421699523925781 12.119611740112304688 10.414587974548339844 12.401015281677246094 9.8314828872680664063 8.9479808807373046875 8.389797210693359375 9.3315916061401367188 12.918252944946289063 13.132349014282226563 9.966045379638671875 7.9412469863891601563 7.4295606613159179688 7.1476321220397949219 7.1019749641418457031 7.3980302810668945313 7.0510816574096679688 7.636264801025390625 8.6257877349853515625 10.030042648315429688 10.293154716491699219 10.3197174072265625 10.410634994506835938 11.223117828369140625 12.378662109375 13.019357681274414063 13.850061416625976563 14.388517379760742188 11.713395118713378906 8.8917999267578125
9.7422847747802734375 8.1820507049560546875 8.142673492431640625 7.9129858016967773438 7.8858141899108886719 6.7840423583984375 6.5894942283630371094 7.8639073371887207031 11.99423980712890625 14.375491142272949219 14.72906494140625 13.961984634399414063 12.244500160217285156 10.625036239624023438 10.791665077209472656 13.569220542907714844 10.7745361328125 9.015979766845703125 7.2611837387084960938 6.9884500503540039063 10.818084716796875 12.614310264587402344 9.8378763198852539063 7.5053377151489257813 6.6873211860656738281 6.3145627975463867188 7.1420111656188964844 7.6067814826965332031 7.081966400146484375 7.7928118705749511719 9.1615962982177734375 11.129364013671875 11.056316375732421875 10.80434417724609375 10.48715972900390625 11.262517929077148438 12.920961380004882813 13.028796195983886719 12.645746231079101563 10.766107559204101563 11.080196380615234375 13.0031585693359375
7.6096448898315429688 7.7123656272888183594 8.0360088348388671875 7.7928881645202636719 7.3580079078674316406 7.1349477767944335938 6.1236138343811035156 7.0827403068542480469 10.269509315490722656 12.842411994934082031 12.1905517578125 11.598560333251953125 11.30196380615234375 11.042096138000488281 10.739660263061523438 11.88899993896484375 10.540125846862792969 6.5839452743530273438 5.4045305252075195313 5.5043163299560546875 8.096324920654296875 10.830105781555175781 8.5761671066284179688 7.6233234405517578125 7.4446668624877929688 7.0737652778625488281 7.1765575408935546875 7.3549623489379882813 6.8643178939819335938 7.9813857078552246094 8.9759845733642578125 10.740601539611816406 10.638385772705078125 10.8548736572265625 10.636150360107421875 11.621832847595214844 13.014972686767578125 12.412462234497070313 10.992534637451171875 9.1855831146240234375 9.5314540863037109375 13.752047538757324219
7.8136429786682128906 7.2172179222106933594 7.862232208251953125 8.032436370849609375 7.4903163909912109375 7.3889856338500976563 7.5743565559387207031 8.0801553726196289063 8.9597072601318359375 11.6556854248046875 10.429613113403320313 12.895363807678222656 14.294626235961914063 12.918682098388671875 12.269769668579101563 12.3783416748046875 11.468667030334472656 7.8234181404113769531 6.542774200439453125 6.1979475021362304688 5.8903946876525878906 8.2349081039428710938 7.846851348876953125 7.7677364349365234375 8.0457773208618164063 7.9692311286926269531 7.7598824501037597656 7.5385379791259765625 7.0810084342956542969 8.4312839508056640625 8.9299898147583007813 10.363437652587890625 10.804426193237304688 10.71613311767578125 10.236630439758300781 11.457822799682617188 12.992822647094726563 11.356087684631347656 9.1889696121215820313 8.0401248931884765625 8.17388153076171875 10.626383781433105469
8.269481658935546875 7.3819785118103027344 7.6687326431274414063 7.817646026611328125 7.2908225059509277344 7.3024616241455078125 7.970149993896484375 7.970729827880859375 7.922306060791015625 9.8063220977783203125 11.199063301086425781 12.416893959045410156 14.604849815368652344 13.787580490112304688 14.049918174743652344 13.1339263916015625 11.054391860961914063 9.5841312408447265625 7.514484405517578125 6.9719471931457519531 6.6375527381896972656 6.5792021751403808594 6.9029192924499511719 6.8331122398376464844 6.9320492744445800781 7.0768256187438964844 7.4384160041809082031 7.101329803466796875 7.7676529884338378906 8.9740304946899414063 9.5980157852172851563 10.434582710266113281 10.187246322631835938 9.0919704437255859375 8.6721277236938476563 9.1877012252807617188 11.480885505676269531 11.842301368713378906 9.9682378768920898438 8.131031036376953125 7.3458380699157714844 8.4158315658569335938
8.1616077423095703125 8.2147731781005859375 8.0038127899169921875 7.689434051513671875 7.6924180984497070313 6.9668135643005371094 7.1510748863220214844 7.5066304206848144531 7.330844879150390625 8.423610687255859375 10.74559783935546875 11.30782318115234375 13.413312911987304688 14.475035667419433594 14.2059783935546875 11.983287811279296875 9.36371612548828125 9.3032245635986328125 10.027194976806640625 8.29766082763671875 6.9529547691345214844 6.20462799072265625 6.1862998008728027344 5.8810276985168457031 5.7750954627990722656 6.2916016578674316406 7.0061311721801757813 6.9158043861389160156 8.859477996826171875 9.7295694351196289063 10.044351577758789063 9.4125871658325195313 8.7392559051513671875 8.59693145751953125 8.1436719894409179688 8.3121538162231445313 8.59745025634765625 9.9503870010375976563 11.621098518371582031 9.6903409957885742188 7.2765069007873535156 8.3239116668701171875
7.7479009628295898438 8.0911407470703125 8.5450696945190429688 8.370208740234375 7.7710480690002441406 6.5593724250793457031 6.5014710426330566406 6.8214406967163085938 6.6142721176147460938 7.1509881019592285156 9.4535169601440429688 11.017293930053710938 12.452551841735839844 14.106493949890136719 13.956163406372070313 12.051015853881835938 9.6481370925903320313 9.6759967803955078125 10.78719329833984375 8.8910274505615234375 6.9017062187194824219 6.3396244049072265625 6.0177540779113769531 5.7864160537719726563 5.9568433761596679688 6.346248626708984375 6.6516246795654296875 6.8139653205871582031 9.4647912979125976563 9.8070764541625976563 8.6422338485717773438 8.0565519332885742188 8.1224508285522460938 8.3632783889770507813 8.069194793701171875 8.0105953216552734375 8.1651735305786132813 8.69469451904296875 10.21540069580078125 11.109209060668945313 8.6736783981323242188 8.5915670394897460938
7.628414154052734375 7.4443178176879882813 8.0024776458740234375 8.1230621337890625 7.8373022079467773438 6.96675872802734375 6.2451581954956054688 5.8951215744018554688 6.0105338096618652344 6.9306845664978027344 8.4005889892578125 10.586438179016113281 12.23366546630859375 13.882175445556640625 14.516137123107910156 13.3270721435546875 12.420070648193359375 12.189310073852539063 12.321663856506347656 9.6924734115600585938 8.3276576995849609375 7.1504635810852050781 6.3808741569519042969 6.1485857963562011719 6.947357177734375 7.3598423004150390625 6.9004392623901367188 7.9255108833312988281 10.47466278076171875 8.7371959686279296875 7.3137822151184082031 7.571163177490234375 7.7263436317443847656 8.1270170211791992188 8.232593536376953125 7.9745306968688964844 8.0612134933471679688 8.4343290328979492188 9.0852947235107421875 9.9932861328125 9.254779815673828125 7.5683660507202148438
7.8869638442993164063 7.28369140625 7.4751334190368652344 7.8463807106018066406 9.0797719955444335938 10.420383453369140625 9.5298938751220703125 6.2387204170227050781 5.5828728675842285156 6.6614780426025390625 7.06075286865234375 10.067591667175292969 13.405192375183105469 12.354948997497558594 13.470534324645996094 12.457548141479492188 12.650373458862304688 13.362028121948242188 12.347765922546386719 10.639805793762207031 9.898487091064453125 7.7983856201171875 6.3434543609619140625 6.2025384902954101563 7.7799439430236816406 9.6283483505249023438 7.4193959236145019531 7.4392066001892089844 9.639270782470703125 6.8315234184265136719 6.0695524215698242188 6.9222722053527832031 7.3605780601501464844 7.8915224075317382813 8.0398149490356445313 7.8237566947937011719 7.8730893135070800781 8.1457958221435546875 8.1441068649291992188 8.22516632080078125 9.023906707763671875 7.9041090011596679688
8.2875413894653320313 6.947383880615234375 6.7615685462951660156 7.2429604530334472656 9.40935516357421875 10.778239250183105469 9.081279754638671875 5.9882974624633789063 5.4827976226806640625 6.1736011505126953125 6.501392364501953125 9.3509273529052734375 13.565810203552246094 11.738124847412109375 11.355414390563964844 12.298411369323730469 13.400766372680664063 13.567045211791992188 12.487635612487792969 11.850941658020019531 10.702610015869140625 8.6525173187255859375 7.1474881172180175781 6.9684591293334960938 7.5484056472778320313 8.83600616455078125 6.3994188308715820313 6.7050652503967285156 7.4010758399963378906 6.2598047256469726563 5.90301513671875 6.6223711967468261719 6.944873809814453125 7.6609721183776855469 7.6835927963256835938 7.7835416793823242188 7.7523794174194335938 7.9021549224853515625 7.7930798530578613281 7.9640130996704101563 8.7038202285766601563 8.9768247604370117188
8.7003870010375976563 8.1558475494384765625 7.8749799728393554688 7.198024749755859375 8.1306753158569335938 8.316036224365234375 6.2215065956115722656 5.9973292350769042969 6.3493390083312988281 6.7027330398559570313 6.8686442375183105469 10.01708221435546875 13.141373634338378906 11.953184127807617188 10.886086463928222656 11.204372406005859375 13.141734123229980469 13.407069206237792969 13.476410865783691406 13.051297187805175781 12.3120880126953125 9.0435380935668945313 7.9501004219055175781 7.46282958984375 6.8710608482360839844 6.1541171073913574219 5.588802337646484375 6.3653268814086914063 7.254100799560546875 7.0690031051635742188 6.7039403915405273438 6.9244298934936523438 7.1111197471618652344 7.5382938385009765625 7.7417669296264648438 8.1083164215087890625 7.8825669288635253906 7.9069695472717285156 7.9024548530578613281 8.0216188430786132813 8.4708194732666015625 8.833110809326171875
10.682811737060546875 10.542534828186035156 9.2229490280151367188 7.9060626029968261719 6.667926788330078125 6.2481851577758789063 6.0439100265502929688 6.5427308082580566406 6.6883449554443359375 7.1678404808044433594 8.47332763671875 11.018164634704589844 13.29480743408203125 12.7659454345703125 12.266855239868164063 12.435459136962890625 12.889817237854003906 10.683610916137695313 11.490321159362792969 11.882581710815429688 10.075536727905273438 7.4040808677673339844 6.7585835456848144531 7.0111637115478515625 6.9291887283325195313 6.4323101043701171875 6.1754441261291503906 6.342205047607421875 7.1655926704406738281 7.9084858894348144531 7.5221505165100097656 7.6081523895263671875 7.5185627937316894531 6.3350281715393066406 6.9969434738159179688 8.3961343765258789063 8.2132444381713867188 8.2285013198852539063 8.24962615966796875 8.235149383544921875 8.5375347137451171875 8.94593048095703125
10.840746879577636719 10.883126258850097656 10.091806411743164063 8.2931756973266601563 6.647945404052734375 7.1032109260559082031 7.2526898384094238281 7.3168344497680664063 7.6715421676635742188 9.0634918212890625 10.920290946960449219 11.150821685791015625 12.206083297729492188 14.128424644470214844 12.786596298217773438 12.660116195678710938 13.122408866882324219 10.536929130554199219 10.571107864379882813 10.507688522338867188 9.3094654083251953125 7.41042327880859375 7.0075817108154296875 6.990570068359375 7.1612296104431152344 6.9914340972900390625 6.5469708442687988281 6.5014424324035644531 7.2402238845825195313 10.642169952392578125 9.3195486068725585938 8.3404560089111328125 7.375797271728515625 6.2000842094421386719 6.4631323814392089844 7.7769255638122558594 8.4310665130615234375 8.4969949722290039063 8.4190988540649414063 8.4183826446533203125 8.7044963836669921875 9.571918487548828125
8.6262760162353515625 8.8528347015380859375 8.0586595535278320313 6.5809335708618164063 6.5779700279235839844 7.3971114158630371094 7.6485600471496582031 8.3112382888793945313 9.5230398178100585938 11.581814765930175781 11.5713043212890625 11.121601104736328125 11.209421157836914063 11.472945213317871094 10.490506172180175781 10.841061592102050781 13.398969650268554688 10.950024604797363281 10.584639549255371094 10.489397048950195313 9.4443025588989257813 8.196048736572265625 7.5148749351501464844 7.3130459785461425781 7.4653468132019042969 7.530963897705078125 6.6352744102478027344 6.9854059219360351563 8.774425506591796875 10.955432891845703125 10.485620498657226563 8.593410491943359375 7.4900121688842773438 6.7787556648254394531 7.0320067405700683594 7.3637094497680664063 8.212184906005859375 8.8429508209228515625 9.0030221939086914063 8.8660068511962890625 9.1761960983276367188 9.1134243011474609375
7.5772352218627929688 6.6706681251525878906 6.549922943115234375 6.2673215866088867188 6.807353973388671875 7.3599529266357421875 8.0290594100952148438 9.1436901092529296875 12.073650360107421875 13.599974632263183594 14.304936408996582031 14.359567642211914063 11.557966232299804688 10.656039237976074219 10.302945137023925781 10.672288894653320313 12.989042282104492188 13.296758651733398438 12.491937637329101563 11.151464462280273438 9.4939622879028320313 8.6150293350219726563 7.5481905937194824219 7.5999264717102050781 7.700946807861328125 7.870212554931640625 7.298595428466796875 6.7858805656433105469 8.7830305099487304688 9.2268705368041992188 9.4860677719116210938 7.6666193008422851563 6.9664177894592285156 6.9296030998229980469 7.0555205345153808594 7.5036644935607910156 7.2886443138122558594 7.9661412239074707031 9.0855846405029296875 9.2692270278930664063 9.082294464111328125 8.2026739120483398438
