INPUT/RASTER/ASCII/twi.asc
ncols        225
nrows        269
xllcorner    473009.983799999987
yllcorner    4429051.174800000153
cellsize     50.000000000000
NODATA_value -9999
[rows 190 to 208 of 269, columns 168 to 209 of 225]
8.66214752197265625 8.268707275390625 8.1052122116088867188 8.4894428253173828125 8.3953037261962890625 8.985683441162109375 10.208966255187988281 10.759734153747558594 9.259532928466796875 8.075572967529296875 8.0127038955688476563 7.5452098846435546875 8.2795114517211914063 8.4363727569580078125 8.1551313400268554688 8.6047506332397460938 9.2716312408447265625 9.72338104248046875 10.355963706970214844 11.136191368103027344 10.270631790161132813 9.2273273468017578125 8.673564910888671875 8.9929294586181640625 8.8520259857177734375 8.7424879074096679688 8.7761077880859375 9.2490110397338867188 9.9920225143432617188 9.227123260498046875 8.4190702438354492188 8.0903062820434570313 8.6424646377563476563 9.4855327606201171875 12.547369003295898438 12.107928276062011719 10.252516746520996094 10.21881866455078125 9.5947093963623046875 9.0966777801513671875 7.9607696533203125 8.1670169830322265625
11.845333099365234375 10.130026817321777344 8.7098751068115234375 8.7618999481201171875 8.4244594573974609375 8.3756055831909179688 9.556827545166015625 11.855403900146484375 9.3935918807983398438 7.6053814888000488281 7.8893523216247558594 7.994617462158203125 8.8396329879760742188 8.858692169189453125 8.3813571929931640625 8.6438169479370117188 9.4791231155395507813 10.160271644592285156 12.104120254516601563 12.115283012390136719 9.4576902389526367188 9.0276403427124023438 8.9270305633544921875 9.3981904983520507813 9.0623006820678710938 8.898952484130859375 8.8458051681518554688 8.5533742904663085938 9.4032754898071289063 8.5737514495849609375 8.2318096160888671875 8.6001424789428710938 9.3480443954467773438 10.269146919250488281 13.297511100769042969 10.985605239868164063 9.0934886932373046875 8.8827028274536132813 8.6088781356811523438 8.3959493637084960938 7.5116829872131347656 8.1894578933715820313
12.23755645751953125 11.079754829406738281 9.9492864608764648438 9.385135650634765625 8.925670623779296875 8.5988025665283203125 9.8134660720825195313 11.283204078674316406 9.8185882568359375 8.3645009994506835938 7.7248468399047851563 8.1436510086059570313 9.14875030517578125 9.5074062347412109375 9.4298009872436523438 9.053768157958984375 9.6453104019165039063 10.897967338562011719 11.658621788024902344 11.214982986450195313 9.78338623046875 9.552425384521484375 9.454761505126953125 9.6634063720703125 8.9659852981567382813 8.6840419769287109375 8.5373315811157226563 7.9612402915954589844 8.1141824722290039063 8.1810693740844726563 8.5942783355712890625 8.982616424560546875 8.9288721084594726563 9.7302455902099609375 13.402554512023925781 10.099384307861328125 8.827411651611328125 8.8478574752807617188 8.56699371337890625 8.6520900726318359375 8.3091449737548828125 8.976512908935546875
15.4787750244140625 15.068316459655761719 13.583985328674316406 11.495753288269042969 9.8032398223876953125 9.1943368911743164063 10.70973968505859375 9.9807891845703125 8.2755918502807617188 8.7260503768920898438 9.0121707916259765625 9.6855258941650390625 10.873726844787597656 10.866568565368652344 12.092327117919921875 11.281027793884277344 10.773941993713378906 11.818299293518066406 11.018815994262695313 9.9696063995361328125 8.8521337509155273438 8.8985624313354492188 9.2532548904418945313 10.000753402709960938 9.0535039901733398438 8.6902914047241210938 8.4819650650024414063 7.8034868240356445313 8.322429656982421875 8.971836090087890625 8.8995723724365234375 8.2218198776245117188 8.0029048919677734375 10.111066818237304688 14.337894439697265625 10.523159980773925781 9.0913171768188476563 9.05736541748046875 8.677806854248046875 9.0178709030151367188 9.2243671417236328125 9.7135772705078125
10.623992919921875 13.002266883850097656 14.302697181701660156 14.292778968811035156 13.564658164978027344 12.335851669311523438 11.524968147277832031 10.795742034912109375 10.479665756225585938 11.670093536376953125 14.076219558715820313 12.705861091613769531 10.647038459777832031 8.2155971527099609375 8.6339130401611328125 11.670902252197265625 13.931496620178222656 13.839138984680175781 9.91521453857421875 7.6794252395629882813 7.4650907516479492188 8.6369810104370117188 10.32965087890625 10.083903312683105469 9.2779550552368164063 8.8444948196411132813 8.6880369186401367188 8.3811693191528320313 9.41281890869140625 9.175323486328125 8.6546115875244140625 8.6096296310424804688 8.8885107040405273438 10.724462509155273438 12.721322059631347656 10.527060508728027344 9.2304391860961914063 9.5315113067626953125 9.3020582199096679688 9.7193431854248046875 9.9615802764892578125 10.007981300354003906
7.9930353164672851563 8.719432830810546875 10.388672828674316406 10.236762046813964844 9.9291696548461914063 11.555980682373046875 12.915782928466796875 11.638647079467773438 11.510745048522949219 11.00555419921875 12.22103118896484375 9.6703653335571289063 7.46776580810546875 6.6147227287292480469 6.9229459762573242188 8.9072332382202148438 10.715387344360351563 12.51367950439453125 9.7368097305297851563 7.9414486885070800781 7.6083316802978515625 10.317732810974121094 11.442639350891113281 10.002162933349609375 9.5081329345703125 9.2694082260131835938 9.4270486831665039063 9.59534454345703125 9.7219066619873046875 8.6652193069458007813 8.811183929443359375 9.1517629623413085938 10.680576324462890625 13.850528717041015625 12.047650337219238281 11.306801795959472656 10.7150115966796875 10.694468498229980469 10.514651298522949219 10.858334541320800781 11.226305007934570313 10.521068572998046875
8.8665332794189453125 9.8634634017944335938 11.020247459411621094 10.68848419189453125 8.3652496337890625 8.2226123809814453125 14.286062240600585938 11.634396553039550781 8.910552978515625 7.4829792976379394531 8.3929719924926757813 8.2776050567626953125 7.2100591659545898438 6.615329742431640625 7.05204010009765625 8.3697566986083984375 9.5783205032348632813 11.011183738708496094 9.3629932403564453125 8.1277952194213867188 7.9768629074096679688 9.575206756591796875 11.900198936462402344 10.378386497497558594 9.6812372207641601563 9.5176906585693359375 9.6174650192260742188 9.6761226654052734375 9.430873870849609375 8.734317779541015625 8.8825130462646484375 9.61089324951171875 12.848321914672851563 13.600706100463867188 11.264352798461914063 10.793959617614746094 10.424839019775390625 10.447487831115722656 9.8936004638671875 9.7796173095703125 9.8361692428588867188 9.8407812118530273438
11.199090957641601563 11.111577987670898438 10.975752830505371094 10.610354423522949219 8.9091358184814453125 8.3580274581909179688 13.111758232116699219 10.952365875244140625 6.62902069091796875 5.5457744598388671875 6.3823084831237792969 7.9215130805969238281 7.3118891716003417969 6.9592299461364746094 7.5716414451599121094 8.6409912109375 9.76880645751953125 10.209615707397460938 8.5013751983642578125 7.5237112045288085938 6.7686219215393066406 6.8473982810974121094 9.231410980224609375 10.541299819946289063 9.75385284423828125 9.6541156768798828125 9.7207002639770507813 9.3575763702392578125 9.2501306533813476563 8.379856109619140625 8.0851421356201171875 10.041180610656738281 13.615384101867675781 12.355150222778320313 10.399204254150390625 10.004327774047851563 9.5342321395874023438 9.3667316436767578125 8.718658447265625 8.4555730819702148438 8.3238458633422851563 8.8435754776000976563
12.661393165588378906 11.709997177124023438 10.486279487609863281 9.8940114974975585938 9.3714351654052734375 9.5419626235961914063 14.585637092590332031 8.4958896636962890625 6.4838194847106933594 5.9341769218444824219 6.6910042762756347656 8.5022554397583007813 8.034671783447265625 7.77872467041015625 8.4833850860595703125 9.5440931320190429688 10.1908111572265625 10.245313644409179688 8.5576229095458984375 7.9803662300109863281 7.8086991310119628906 8.6394128799438476563 9.6406545639038085938 10.789797782897949219 10.232635498046875 9.3385667800903320313 9.2235584259033203125 9.0654649734497070313 9.1825475692749023438 8.2001371383666992188 8.1679048538208007813 10.712921142578125 13.506647109985351563 11.445866584777832031 10.424881935119628906 10.426631927490234375 9.9196624755859375 9.55158233642578125 8.9700803756713867188 8.965831756591796875 8.9006128311157226563 8.9373197555541992188
10.612467765808105469 9.8975725173950195313 9.4348278045654296875 8.9167652130126953125 8.12635040283203125 8.8891973495483398438 14.436284065246582031 7.5002398490905761719 6.8761816024780273438 6.5498342514038085938 7.4007821083068847656 8.6816473007202148438 8.6820020675659179688 8.8718538284301757813 9.9669389724731445313 11.293944358825683594 11.104680061340332031 11.177032470703125 9.9013757705688476563 9.5642595291137695313 9.7002439498901367188 10.364727973937988281 10.674265861511230469 10.675738334655761719 10.016654014587402344 8.9125232696533203125 8.854206085205078125 9.0974760055541992188 9.37397003173828125 8.4423732757568359375 8.7171573638916015625 11.69564056396484375 14.135861396789550781 11.362302780151367188 10.385850906372070313 10.211763381958007813 9.650745391845703125 9.507556915283203125 9.0405397415161132813 9.09740447998046875 9.0812053680419921875 9.1015634536743164063
9.1030530929565429688 9.1875143051147460938 9.1843004226684570313 9.197170257568359375 8.784091949462890625 7.7760548591613769531 13.818869590759277344 9.0424337387084960938 7.6639318466186523438 7.6983962059020996094 8.6803388595581054688 8.9654703140258789063 9.8451242446899414063 11.127866744995117188 12.743350982666015625 13.870265960693359375 12.072887420654296875 11.87723541259765625 11.794506072998046875 11.817563056945800781 11.443123817443847656 11.491241455078125 11.41605377197265625 11.280965805053710938 11.345142364501953125 11.136876106262207031 11.784342765808105469 12.366904258728027344 12.961590766906738281 11.960886001586914063 12.942800521850585938 15.388239860534667969 13.4788970947265625 9.7448244094848632813 9.3827619552612304688 9.591793060302734375 9.4088258743286132813 9.5673971176147460938 9.3446397781372070313 9.515758514404296875 9.3861713409423828125 9.309078216552734375
8.2566776275634765625 8.5133647918701171875 8.7659702301025390625 8.9225444793701171875 8.9186687469482421875 7.2753911018371582031 9.2389192581176757813 12.662179946899414063 10.107123374938964844 10.730800628662109375 10.774804115295410156 10.865449905395507813 11.792760848999023438 12.81031036376953125 13.465802192687988281 13.283961296081542969 10.47187042236328125 10.823996543884277344 11.278589248657226563 11.569933891296386719 10.736719131469726563 10.542850494384765625 10.853684425354003906 11.974428176879882813 12.508882522583007813 12.405332565307617188 12.318360328674316406 10.308834075927734375 10.692753791809082031 14.714357376098632813 15.563816070556640625 13.44146728515625 11.307619094848632813 8.8780002593994140625 8.55260467529296875 8.8279027938842773438 9.0271749496459960938 9.4332151412963867188 9.3341608047485351563 9.6408491134643554688 10.042146682739257813 9.8439455032348632813
7.6717944145202636719 8.1033296585083007813 8.5399541854858398438 8.7104339599609375 8.5709514617919921875 7.2988958358764648438 7.5693292617797851563 13.953744888305664063 14.2920379638671875 12.1518096923828125 12.436423301696777344 12.843096733093261719 13.116505622863769531 12.777995109558105469 11.076389312744140625 10.304330825805664063 8.4932651519775390625 8.9021425247192382813 9.0454359054565429688 9.9513216018676757813 9.8315868377685546875 9.96773529052734375 11.155188560485839844 12.136577606201171875 12.057962417602539063 11.320386886596679688 9.9643077850341796875 7.6308121681213378906 9.1109056472778320313 13.192813873291015625 13.429726600646972656 11.114634513854980469 10.448887825012207031 8.6709260940551757813 8.3112516403198242188 8.5507354736328125 8.368679046630859375 8.47820281982421875 8.386318206787109375 10.348099708557128906 10.614085197448730469 10.15848541259765625
7.3547210693359375 7.9707660675048828125 8.4939107894897460938 8.6353445053100585938 8.0905370712280273438 7.3473410606384277344 7.6737465858459472656 12.98661041259765625 13.140289306640625 8.9237565994262695313 8.94427490234375 9.2131595611572265625 10.533848762512207031 10.28162384033203125 8.8435420989990234375 8.324016571044921875 7.5174870491027832031 7.4644746780395507813 6.9685726165771484375 7.35040283203125 7.9377660751342773438 9.3280048370361328125 10.937234878540039063 11.051062583923339844 10.526109695434570313 9.3674468994140625 8.5356988906860351563 7.9223489761352539063 10.81156158447265625 13.162037849426269531 12.463437080383300781 10.226780891418457031 9.7161045074462890625 8.5518751144409179688 7.9484205245971679688 8.2522172927856445313 8.0121860504150390625 7.8202204704284667969 7.421108245849609375 10.390542030334472656 10.766473770141601563 10.181847572326660156
7.6480493545532226563 8.0437726974487304688 8.4195556640625 8.3544406890869140625 7.5295419692993164063 7.2327365875244140625 7.8612375259399414063 12.726744651794433594 9.896930694580078125 6.9223871231079101563 6.5262999534606933594 6.8782172203063964844 8.3369112014770507813 9.1882791519165039063 9.0118093490600585938 8.6279783248901367188 7.8650979995727539063 7.2996816635131835938 6.540225982666015625 6.4004335403442382813 6.5194020271301269531 8.1433610916137695313 10.398821830749511719 9.9708089828491210938 9.5068883895874023438 8.7641572952270507813 8.3480205535888671875 8.9486474990844726563 12.130352020263671875 13.082833290100097656 11.745322227478027344 10.037657737731933594 9.6970987319946289063 8.9643688201904296875 8.041141510009765625 7.8797960281372070313 7.2211184501647949219 7.4882292747497558594 7.2190785408020019531 8.520374298095703125 10.322200775146484375 10.212345123291015625
7.9949626922607421875 8.407085418701171875 8.944065093994140625 8.7538051605224609375 7.7521595954895019531 7.4256253242492675781 7.9859566688537597656 10.380066871643066406 7.4634003639221191406 7.293949127197265625 7.3606004714965820313 7.7053027153015136719 8.3872394561767578125 8.7867403030395507813 8.802616119384765625 8.4808320999145507813 7.7584333419799804688 7.4352374076843261719 6.9360804557800292969 6.4333558082580566406 7.1329150199890136719 9.87569427490234375 10.734465599060058594 9.6258020401000976563 9.240398406982421875 8.5283079147338867188 8.2839097976684570313 10.002923965454101563 12.748437881469726563 12.586023330688476563 10.973079681396484375 9.9299983978271484375 9.7778377532958984375 9.4535512924194335938 8.0402288436889648438 7.4534058570861816406 6.3345174789428710938 7.3321714401245117188 7.7787322998046875 8.3373613357543945313 8.5978193283081054688 9.0087022781372070313
7.6995797157287597656 7.9754500389099121094 8.6914319992065429688 8.3959646224975585938 7.5149412155151367188 7.8154683113098144531 11.007722854614257813 8.712955474853515625 7.4999852180480957031 7.847759246826171875 8.089237213134765625 8.298992156982421875 8.5530214309692382813 8.79323577880859375 8.6683950424194335938 8.381664276123046875 7.9018635749816894531 7.8646407127380371094 7.3759274482727050781 6.9942350387573242188 7.3483438491821289063 10.017266273498535156 11.254058837890625 9.6321611404418945313 9.1883974075317382813 8.5311069488525390625 8.5934810638427734375 10.691989898681640625 13.055509567260742188 12.024000167846679688 10.654729843139648438 10.018742561340332031 9.3375530242919921875 8.7352952957153320313 7.7012028694152832031 7.4080433845520019531 7.2800822257995605469 8.118442535400390625 8.3797636032104492188 8.6948366165161132813 8.5663394927978515625 8.9693555831909179688
8.159023284912109375 8.042705535888671875 8.8048124313354492188 7.9528961181640625 6.9215378761291503906 7.4063992500305175781 12.231144905090332031 8.1706914901733398438 6.5700712203979492188 7.9720988273620605469 8.8036937713623046875 8.8040857315063476563 9.0736665725708007813 9.0755710601806640625 8.4434185028076171875 8.2096147537231445313 7.7893376350402832031 7.971187591552734375 7.7666616439819335938 7.7198991775512695313 7.8243937492370605469 9.478580474853515625 9.8441572189331054688 9.2886028289794921875 9.178253173828125 8.8502635955810546875 8.8323678970336914063 10.793452262878417969 13.349945068359375 11.393726348876953125 10.192120552062988281 9.4236660003662109375 8.6927118301391601563 8.438747406005859375 7.8601484298706054688 7.9795713424682617188 8.2740411758422851563 8.5950536727905273438 8.6044931411743164063 8.8430109024047851563 8.8380584716796875 9.0918302536010742188
8.457855224609375 7.9825434684753417969 8.276546478271484375 7.5984902381896972656 7.2529811859130859375 6.5871362686157226563 7.6620502471923828125 7.4628200531005859375 8.3210763931274414063 7.5956797599792480469 8.638050079345703125 9.3419256210327148438 9.0764837265014648438 8.810588836669921875 8.2969951629638671875 7.7940354347229003906 7.1227331161499023438 7.4549231529235839844 7.6974873542785644531 8.0096788406372070313 8.5779600143432617188 9.8693180084228515625 9.5092144012451171875 8.9846067428588867188 8.6993722915649414063 8.473419189453125 8.810047149658203125 11.605004310607910156 13.178716659545898438 10.913751602172851563 9.7463216781616210938 9.1101140975952148438 8.8367109298706054688 8.921764373779296875 8.75272369384765625 8.9230976104736328125 8.7292957305908203125 8.9439496994018554688 9.1122283935546875 9.4468145370483398438 9.331951141357421875 9.3332414627075195313
