INPUT/RASTER/ASCII/twi.asc
ncols        225
nrows        269
xllcorner    473009.983799999987
yllcorner    4429051.174800000153
cellsize     50.000000000000
NODATA_value -9999
[rows 133 to 151 of 269, columns 126 to 167 of 225]
7.9687633514404296875 7.2142000198364257813 7.1177272796630859375 6.9079923629760742188 7.0364184379577636719 7.4854292869567871094 8.04177093505859375 9.303592681884765625 11.613325119018554688 11.9044952392578125 12.611889839172363281 11.704270362854003906 10.997394561767578125 10.3909149169921875 9.9046840667724609375 11.645488739013671875 13.456981658935546875 13.658680915832519531 13.983623504638671875 13.676029205322265625 10.905727386474609375 9.2014255523681640625 8.1599512100219726563 8.0004482269287109375 8.13555145263671875 8.2758941650390625 7.8478970527648925781 6.7092452049255371094 6.8505840301513671875 7.9617815017700195313 9.35250091552734375 7.7866163253784179688 7.0666627883911132813 7.4576730728149414063 7.5525360107421875 7.9572863578796386719 7.7771215438842773438 8.1752004623413085938 8.97412872314453125 9.8482255935668945313 9.4868478775024414063 8.5151920318603515625
7.7434215545654296875 7.74623870849609375 7.6697683334350585938 7.5803828239440917969 7.1699204444885253906 7.1917901039123535156 7.730907440185546875 9.4730520248413085938 12.120996475219726563 13.563253402709960938 15.172783851623535156 14.280982017517089844 12.91490936279296875 12.481863975524902344 9.6562519073486328125 11.033155441284179688 12.89232635498046875 12.798462867736816406 13.016837120056152344 13.739840507507324219 12.658965110778808594 10.493653297424316406 9.2689619064331054688 8.8223552703857421875 8.5414028167724609375 8.4654951095581054688 7.9735422134399414063 7.6916980743408203125 6.9713730812072753906 7.2335481643676757813 9.784549713134765625 9.211544036865234375 7.3976216316223144531 7.3726105690002441406 7.8172821998596191406 8.169994354248046875 8.0820751190185546875 8.1388111114501953125 8.6837596893310546875 9.903533935546875 9.451412200927734375 7.9347429275512695313
7.6946797370910644531 8.5758914947509765625 8.9574861526489257813 8.2963466644287109375 7.6481671333312988281 7.3338084220886230469 7.9592719078063964844 10.2915191650390625 13.058330535888671875 15.101182937622070313 15.394170761108398438 13.629723548889160156 11.32129669189453125 12.517606735229492188 10.204466819763183594 10.577429771423339844 12.82505035400390625 12.705814361572265625 12.339796066284179688 12.170994758605957031 11.886149406433105469 11.499604225158691406 10.798047065734863281 11.436768531799316406 9.5067415237426757813 9.112316131591796875 8.8575115203857421875 8.627704620361328125 8.9941186904907226563 8.3305978775024414063 8.8022794723510742188 10.854335784912109375 10.082585334777832031 8.4362306594848632813 8.0923709869384765625 8.1020364761352539063 7.6089677810668945313 7.9538602828979492188 8.7549619674682617188 10.0954132080078125 9.3987913131713867188 8.0254564285278320313
7.826725006103515625 8.373798370361328125 9.0105123519897460938 9.2729272842407226563 8.5606441497802734375 8.353305816650390625 10.773008346557617188 12.2652587890625 13.619571685791015625 15.36429595947265625 14.507090568542480469 12.653051376342773438 10.784443855285644531 12.392297744750976563 10.980848312377929688 10.644094467163085938 12.509980201721191406 12.235733985900878906 11.455355644226074219 10.461851119995117188 10.326856613159179688 11.059764862060546875 12.329255104064941406 12.101731300354003906 10.934966087341308594 10.250630378723144531 10.203531265258789063 10.199931144714355469 11.257180213928222656 9.2703619003295898438 6.82263946533203125 8.7392072677612304688 10.919821739196777344 10.108463287353515625 8.56433868408203125 8.0183038711547851563 7.1881346702575683594 7.6341505050659179688 9.0121183395385742188 10.330292701721191406 9.0984086990356445313 7.9743247032165527344
7.5299086570739746094 7.775974273681640625 8.2714700698852539063 8.9818553924560546875 9.8903255462646484375 10.425151824951171875 12.697008132934570313 12.392462730407714844 13.404185295104980469 15.292254447937011719 13.134302139282226563 11.957935333251953125 10.671233177185058594 11.792449951171875 11.296717643737792969 11.040477752685546875 11.667824745178222656 11.0722808837890625 10.735067367553710938 10.41507720947265625 10.231444358825683594 10.488028526306152344 10.452034950256347656 9.5864515304565429688 9.6180629730224609375 9.9678020477294921875 10.416752815246582031 10.493654251098632813 10.688439369201660156 9.1229877471923828125 7.1742954254150390625 8.4415826797485351563 9.6214323043823242188 10.782064437866210938 10.398061752319335938 8.9020090103149414063 7.8721036911010742188 7.9075574874877929688 9.3281488418579101563 10.612884521484375 8.9220533370971679688 7.7490849494934082031
7.18190765380859375 7.4929943084716796875 8.0154943466186523438 9.09783172607421875 10.763995170593261719 11.489493370056152344 12.614447593688964844 12.778533935546875 14.562109947204589844 15.003360748291015625 12.065615653991699219 11.553849220275878906 10.597521781921386719 11.901022911071777344 10.964591026306152344 10.183302879333496094 10.263009071350097656 10.278842926025390625 10.370946884155273438 10.244727134704589844 9.9054307937622070313 9.7959966659545898438 9.6809787750244140625 8.9696178436279296875 8.9332752227783203125 9.0455503463745117188 9.3511447906494140625 9.52112579345703125 9.9028940200805664063 8.8456754684448242188 8.3045854568481445313 8.76287841796875 9.1847944259643554688 9.8506803512573242188 10.657565116882324219 10.294651031494140625 8.7085428237915039063 8.1534023284912109375 9.1484508514404296875 10.353204727172851563 8.6846666336059570313 7.5053591728210449219
7.1925911903381347656 7.3278026580810546875 8.4326696395874023438 10.180687904357910156 10.676136016845703125 11.163177490234375 11.779909133911132813 13.836285591125488281 15.405505180358886719 13.294535636901855469 11.182712554931640625 10.943072319030761719 10.636659622192382813 11.28789520263671875 12.160096168518066406 10.414258956909179688 10.154327392578125 10.219855308532714844 10.383379936218261719 10.360353469848632813 10.207428932189941406 9.9793109893798828125 9.584259033203125 8.9679346084594726563 8.56713104248046875 8.3196249008178710938 8.7705078125 9.1785917282104492188 9.5997285842895507813 8.6635007858276367188 7.4728860855102539063 7.53768157958984375 7.8491663932800292969 8.5104761123657226563 9.1227846145629882813 10.419836044311523438 10.030850410461425781 9.328105926513671875 9.5847082138061523438 10.440097808837890625 8.5707483291625976563 7.7436099052429199219
7.9436511993408203125 8.4992246627807617188 10.186468124389648438 10.709300041198730469 10.739375114440917969 11.169332504272460938 11.61920928955078125 14.050736427307128906 13.155627250671386719 10.8520050048828125 10.241749763488769531 9.8075933456420898438 10.028636932373046875 10.901131629943847656 13.845351219177246094 10.730502128601074219 9.885280609130859375 9.8863391876220703125 10.141850471496582031 9.8825750350952148438 9.8332033157348632813 10.112506866455078125 9.8807001113891601563 9.238857269287109375 8.6889619827270507813 7.8358855247497558594 8.5534610748291015625 9.2473764419555664063 9.4815988540649414063 8.1321477890014648438 6.9768490791320800781 7.3070101737976074219 7.5128126144409179688 7.8242654800415039063 8.4256601333618164063 9.589488983154296875 9.8204631805419921875 10.414020538330078125 11.095816612243652344 11.105565071105957031 8.7497606277465820313 7.9591946601867675781
8.6554212570190429688 9.733642578125 10.452709197998046875 10.494648933410644531 10.607099533081054688 11.357131004333496094 11.643978118896484375 11.850481033325195313 10.37555694580078125 9.8087587356567382813 9.5561170578002929688 9.4004955291748046875 9.6849832534790039063 10.344875335693359375 14.547951698303222656 11.635468482971191406 9.889011383056640625 9.7140855789184570313 9.94091033935546875 9.8460826873779296875 10.251339912414550781 10.118101119995117188 9.9845876693725585938 9.52667236328125 9.1813993453979492188 8.6865949630737304688 9.1080732345581054688 9.4523983001708984375 9.4904356002807617188 8.52124786376953125 7.7379908561706542969 7.4920258522033691406 7.3641033172607421875 7.5791487693786621094 8.1263208389282226563 8.9201707839965820313 9.697475433349609375 10.961852073669433594 11.66934967041015625 10.857434272766113281 8.8799867630004882813 8.3392343521118164063
10.19168853759765625 10.869953155517578125 10.9066009521484375 11.005776405334472656 11.331307411193847656 11.551159858703613281 12.506499290466308594 11.5549163818359375 10.2222137451171875 9.1111164093017578125 8.7991666793823242188 9.0748996734619140625 9.4448184967041015625 10.047089576721191406 14.5189666748046875 12.209607124328613281 8.8234815597534179688 10.067343711853027344 10.247003555297851563 9.7887401580810546875 10.091859817504882813 10.019208908081054688 9.9350099563598632813 9.642848968505859375 9.4838848114013671875 9.1915874481201171875 9.63915252685546875 9.92610931396484375 9.8066654205322265625 9.5615596771240234375 8.9194116592407226563 7.4508695602416992188 7.0883488655090332031 7.3300962448120117188 7.7502508163452148438 8.5071439743041992188 9.6527948379516601563 11.006735801696777344 11.889979362487792969 10.4724578857421875 8.4845485687255859375 8.0718069076538085938
10.391874313354492188 11.315100669860839844 11.497214317321777344 12.112360954284667969 12.378266334533691406 11.994748115539550781 13.075941085815429688 12.090266227722167969 10.496943473815917969 8.2468738555908203125 8.3002557754516601563 8.8607349395751953125 9.4996814727783203125 10.125759124755859375 12.705574989318847656 10.315369606018066406 8.1281671524047851563 9.4114236831665039063 11.498874664306640625 10.842118263244628906 9.8402605056762695313 9.827239990234375 9.8386373519897460938 9.5337963104248046875 9.3235731124877929688 8.903228759765625 9.4859857559204101563 9.8512525558471679688 9.8877897262573242188 9.512866973876953125 8.1352815628051757813 7.0420236587524414063 6.9485583305358886719 6.9996538162231445313 7.3549146652221679688 7.9250226020812988281 8.7218170166015625 10.478241920471191406 12.032851219177246094 9.6429195404052734375 8.01042938232421875 7.6158671379089355469
11.480854034423828125 12.5956268310546875 12.266788482666015625 12.331021308898925781 12.030355453491210938 11.637887954711914063 13.259307861328125 13.84490966796875 9.2952604293823242188 8.768657684326171875 9.0238323211669921875 8.8544244766235351563 9.438411712646484375 10.033654212951660156 12.465308189392089844 9.7891759872436523438 9.160007476806640625 10.017603874206542969 11.190961837768554688 10.997525215148925781 10.27016448974609375 10.085846900939941406 9.92971038818359375 9.444332122802734375 8.9781475067138671875 8.2516489028930664063 9.1527509689331054688 9.785465240478515625 10.114329338073730469 9.8490085601806640625 7.2264947891235351563 6.3370809555053710938 6.6363239288330078125 6.6778998374938964844 7.0408291816711425781 7.5210719108581542969 7.8975858688354492188 8.6651964187622070313 11.225622177124023438 9.5381565093994140625 8.0611209869384765625 7.8836584091186523438
12.521625518798828125 13.293060302734375 12.975790023803710938 12.367938995361328125 11.782545089721679688 11.096621513366699219 11.847626686096191406 10.405901908874511719 9.5013265609741210938 10.838464736938476563 9.6483974456787109375 8.8351716995239257813 9.4416065216064453125 10.128706932067871094 13.233622550964355469 9.778270721435546875 9.4875469207763671875 10.110958099365234375 10.324611663818359375 9.8878850936889648438 9.9980621337890625 9.766815185546875 9.6472711563110351563 9.1483926773071289063 8.840118408203125 8.339252471923828125 8.7887096405029296875 9.1944913864135742188 9.7134065628051757813 9.46085357666015625 7.7558922767639160156 6.8481512069702148438 7.0724630355834960938 7.1374106407165527344 7.3519358634948730469 7.5532822608947753906 7.672504425048828125 7.6541128158569335938 10.569711685180664063 10.087777137756347656 7.3864130973815917969 7.2303605079650878906
12.341826438903808594 12.388108253479003906 12.712011337280273438 12.681178092956542969 13.745347976684570313 13.519036293029785156 12.075880050659179688 10.23911285400390625 11.272032737731933594 11.041378021240234375 10.188574790954589844 9.3417615890502929688 9.6895465850830078125 9.9819622039794921875 13.726342201232910156 11.310702323913574219 9.8693294525146484375 10.329545974731445313 10.279668807983398438 9.695865631103515625 9.7659015655517578125 9.998046875 9.7623796463012695313 9.43353271484375 9.2997379302978515625 8.799896240234375 9.0337152481079101563 9.0017833709716796875 9.5221395492553710938 9.78265380859375 9.310626983642578125 8.6946582794189453125 8.4642086029052734375 7.936878204345703125 7.8189268112182617188 7.8913893699645996094 7.66668701171875 7.9759278297424316406 10.840456008911132813 10.967884063720703125 7.2972774505615234375 8.273681640625
11.600245475769042969 12.890405654907226563 12.713238716125488281 12.551472663879394531 14.04515838623046875 14.332820892333984375 12.060285568237304688 9.4656324386596679688 10.003398895263671875 10.100996971130371094 9.963871002197265625 9.5904359817504882813 9.5169696807861328125 9.3802928924560546875 12.518910408020019531 12.93148040771484375 10.186888694763183594 10.162168502807617188 9.8767681121826171875 9.4191532135009765625 9.1460399627685546875 9.2696819305419921875 9.7165365219116210938 9.653461456298828125 9.462314605712890625 8.9411878585815429688 8.5476694107055664063 7.9153661727905273438 8.3868770599365234375 9.0707406997680664063 8.483753204345703125 8.31365203857421875 8.5677967071533203125 8.1736040115356445313 8.1894445419311523438 8.5259227752685546875 8.4079217910766601563 8.2015933990478515625 10.020407676696777344 11.042641639709472656 8.1368551254272460938 9.967166900634765625
10.289227485656738281 12.033857345581054688 12.419743537902832031 11.516544342041015625 12.79209136962890625 12.126209259033203125 10.463938713073730469 9.6687440872192382813 9.704235076904296875 9.5402803421020507813 9.3246335983276367188 9.3606729507446289063 9.3354368209838867188 9.3886995315551757813 11.169396400451660156 14.172513961791992188 12.225213050842285156 10.506555557250976563 9.9754400253295898438 9.4515447616577148438 9.3411779403686523438 9.1927051544189453125 9.3388996124267578125 9.7076778411865234375 9.6860370635986328125 9.12530517578125 8.3965206146240234375 7.6108617782592773438 7.9200806617736816406 8.6590785980224609375 8.2543506622314453125 7.7731881141662597656 8.2558794021606445313 8.1457548141479492188 8.1883306503295898438 8.6614389419555664063 9.087238311767578125 9.75310516357421875 10.447817802429199219 11.754810333251953125 10.947538375854492188 13.170102119445800781
8.130931854248046875 9.0599851608276367188 9.4533758163452148438 10.676463127136230469 11.314776420593261719 10.453489303588867188 9.2348375320434570313 9.156063079833984375 9.0724496841430664063 9.0561532974243164063 9.2815408706665039063 9.9093017578125 9.8555927276611328125 9.8075418472290039063 10.373656272888183594 12.917500495910644531 13.427899360656738281 10.812218666076660156 9.5760087966918945313 8.446239471435546875 8.7850360870361328125 8.7685689926147460938 8.6493892669677734375 8.6575059890747070313 8.4975843429565429688 9.0946054458618164063 8.8928918838500976563 8.2740631103515625 8.67481231689453125 9.18357086181640625 9.8684968948364257813 8.0993871688842773438 6.9960174560546875 7.38112640380859375 7.4888920783996582031 7.7201590538024902344 7.8598656654357910156 8.4086065292358398438 9.7831430435180664063 13.839040756225585938 15.174208641052246094 13.531599998474121094
7.3128032684326171875 7.3830156326293945313 7.818714141845703125 9.1285800933837890625 10.398237228393554688 10.041039466857910156 8.96685028076171875 8.9323215484619140625 8.9713888168334960938 9.1560392379760742188 9.278289794921875 9.866054534912109375 10.023779869079589844 10.059743881225585938 10.266394615173339844 11.0158233642578125 13.253333091735839844 12.261195182800292969 9.6529855728149414063 8.1473026275634765625 8.7892093658447265625 8.7852869033813476563 8.4572772979736328125 8.0972108840942382813 7.2100262641906738281 8.077922821044921875 8.1582899093627929688 7.8530063629150390625 9.17153167724609375 10.476899147033691406 11.624820709228515625 8.1391754150390625 6.3975052833557128906 6.6026673316955566406 7.0255918502807617188 7.741336822509765625 8.078121185302734375 8.274234771728515625 8.7682323455810546875 13.615299224853515625 16.323507308959960938 12.628638267517089844
7.2907562255859375 7.2196965217590332031 7.9846606254577636719 8.359958648681640625 8.5536527633666992188 9.0986223220825195313 9.0102519989013671875 8.7576446533203125 8.6088275909423828125 8.9381885528564453125 8.9887895584106445313 9.2562131881713867188 9.46016693115234375 9.7335290908813476563 10.13623809814453125 9.9536190032958984375 11.231850624084472656 13.229758262634277344 11.910440444946289063 8.6296682357788085938 8.32281494140625 8.4778757095336914063 8.6432275772094726563 8.1348180770874023438 7.9301328659057617188 8.3164567947387695313 8.1329221725463867188 7.7112488746643066406 8.0131692886352539063 10.090362548828125 10.488155364990234375 8.2490825653076171875 6.391185760498046875 6.4452242851257324219 6.7869138717651367188 7.2648444175720214844 7.7335486412048339844 7.6216979026794433594 7.67029571533203125 10.475707054138183594 14.050031661987304688 9.356189727783203125
