INPUT/RASTER/ASCII/twi.asc
ncols        225
nrows        269
xllcorner    473000.000000000000
yllcorner    4429100.000000000000
cellsize     50.000000000000
NODATA_value -9999
[rows 140 to 159 of 269, columns 176 to 219 of 225]
10.857347488403320312 8.6505517959594726562 8.110080718994140625 8.609127044677734375 7.9874739646911621094 7.468658447265625 6.9334821701049804688 7.2457194328308105469 6.6457166671752929688 7.97769927978515625 8.538501739501953125 8.6384181976318359375 8.7230510711669921875 8.5787229537963867188 8.5825529098510742188 7.7982592582702636719 7.7264947891235351562 7.9252486228942871094 9.5478954315185546875 11.281316757202148438 14.368404388427734375 9.2159061431884765625 6.7821407318115234375 6.1738123893737792969 6.769702911376953125 7.2949953079223632812 6.2166352272033691406 8.5412311553955078125 9.2537393569946289062 8.2626171112060546875 7.9816908836364746094 7.760608673095703125 7.6009583473205566406 7.1557097434997558594 -9999 -9999 -9999 -9999 -9999 -9999 -9999 -9999 -9999 -9999
11.813033103942871094 8.4822540283203125 8.7313203811645507812 8.244110107421875 7.4531564712524414062 7.1089873313903808594 6.8031039237976074219 7.2310633659362792969 6.7233510017395019531 7.8585305213928222656 8.1772661209106445312 8.358264923095703125 8.4385690689086914062 8.2494144439697265625 8.4469881057739257812 7.7861676216125488281 7.2826218605041503906 7.0913653373718261719 10.462062835693359375 9.92182159423828125 7.4950580596923828125 6.4157156944274902344 6.1627497673034667969 6.3981781005859375 6.5130629539489746094 6.4461050033569335938 5.8222641944885253906 7.6525111198425292969 8.7676420211791992188 7.928955078125 7.7879862785339355469 7.2656979560852050781 7.4185924530029296875 7.4644021987915039062 7.0366921424865722656 -9999 -9999 -9999 -9999 -9999 -9999 -9999 -9999 -9999
11.5909881591796875 8.147197723388671875 8.4331731796264648438 8.3581533432006835938 8.0854740142822265625 7.9448390007019042969 7.5701375007629394531 7.702457427978515625 7.7940421104431152344 8.1530160903930664062 8.0667047500610351562 8.5542535781860351562 8.6947269439697265625 8.6048984527587890625 8.7668056488037109375 8.2365236282348632812 7.9502658843994140625 7.2191710472106933594 9.185604095458984375 6.4199242591857910156 6.7978572845458984375 6.6857857704162597656 6.4357771873474121094 6.6793990135192871094 7.2133536338806152344 7.0720438957214355469 6.84051513671875 8.769001007080078125 9.0977621078491210938 8.6246709823608398438 8.2074098587036132812 7.0972819328308105469 7.3117909431457519531 7.9956512451171875 8.0409488677978515625 7.9041705131530761719 -9999 -9999 -9999 -9999 -9999 -9999 -9999 -9999
11.814088821411132812 9.4730939865112304688 9.0429315567016601562 8.9781322479248046875 8.4916210174560546875 8.5595445632934570312 8.4234466552734375 8.651302337646484375 8.711910247802734375 8.4880380630493164062 8.007232666015625 7.7484440803527832031 8.4898529052734375 8.7523584365844726562 8.754230499267578125 8.8142023086547851562 8.9864130020141601562 8.3367719650268554688 11.115428924560546875 6.7477693557739257812 6.8484988212585449219 6.9907121658325195312 6.8687868118286132812 6.9705047607421875 7.0658559799194335938 7.320812225341796875 7.2403311729431152344 8.8714933395385742188 8.7647800445556640625 8.4220733642578125 7.923198699951171875 7.0395283699035644531 7.3598647117614746094 7.9568543434143066406 8.2191572189331054688 8.5998172760009765625 -9999 -9999 -9999 -9999 -9999 -9999 -9999 -9999
10.168084144592285156 9.9750461578369140625 9.9280366897583007812 9.6662836074829101562 9.0548715591430664062 8.8116445541381835938 7.9071292877197265625 8.7070150375366210938 8.93487548828125 8.1109743118286132812 8.0746212005615234375 7.4610509872436523438 8.5908660888671875 8.8055858612060546875 8.5293550491333007812 8.8164701461791992188 8.150310516357421875 7.8009462356567382812 9.8069906234741210938 8.8630208969116210938 7.3974742889404296875 7.0562391281127929688 7.205539703369140625 7.574054718017578125 7.2658405303955078125 7.7420058250427246094 7.4640445709228515625 9.59461212158203125 9.3235416412353515625 8.763942718505859375 8.203594207763671875 7.4827899932861328125 7.405956268310546875 8.1130313873291015625 -9999 -9999 -9999 -9999 -9999 -9999 -9999 -9999 -9999 -9999
8.9957914352416992188 9.7049226760864257812 9.9005374908447265625 10.18250274658203125 10.114226341247558594 10.339499473571777344 9.6136960983276367188 9.1393280029296875 8.3309879302978515625 7.1483135223388671875 7.5018062591552734375 7.7711086273193359375 8.7365865707397460938 8.9451856613159179688 8.6939296722412109375 8.8842906951904296875 8.1918621063232421875 7.6910538673400878906 7.3196439743041992188 11.615754127502441406 7.5867953300476074219 6.932598114013671875 6.6971149444580078125 7.9330554008483886719 7.5214972496032714844 7.4405498504638671875 7.6768755912780761719 9.7472009658813476562 9.4195909500122070312 9.150634765625 8.5188837051391601562 7.40169525146484375 7.4065470695495605469 -9999 -9999 -9999 -9999 -9999 -9999 -9999 -9999 -9999 -9999 -9999
7.85938262939453125 8.271831512451171875 8.5061311721801757812 8.9417181015014648438 9.0548563003540039062 9.2989969253540039062 8.1656951904296875 7.754848480224609375 7.4368371963500976562 7.0894641876220703125 7.1037230491638183594 7.6584410667419433594 8.4546670913696289062 8.746707916259765625 8.6430540084838867188 8.5779695510864257812 8.1083879470825195312 7.3482418060302734375 6.8645815849304199219 13.166193962097167969 7.2845129966735839844 6.3499965667724609375 6.1104679107666015625 7.7007145881652832031 8.6428346633911132812 11.844590187072753906 11.424719810485839844 10.953495025634765625 9.6965808868408203125 9.4205799102783203125 8.7822217941284179688 8.1942653656005859375 7.8551669120788574219 6.6486945152282714844 -9999 -9999 -9999 -9999 -9999 -9999 -9999 -9999 -9999 -9999
7.2799901962280273438 7.4432539939880371094 7.5881128311157226562 8.0010728836059570312 8.1962041854858398438 8.818889617919921875 8.199920654296875 7.99535369873046875 7.824802398681640625 8.1452894210815429688 7.9443354606628417969 8.4002981185913085938 9.0292482376098632812 9.2021169662475585938 8.936206817626953125 8.9754505157470703125 8.75478363037109375 8.7504644393920898438 7.6505451202392578125 10.811722755432128906 11.640577316284179688 6.7277088165283203125 6.7567820549011230469 7.8615021705627441406 9.1958742141723632812 12.192760467529296875 13.712239265441894531 12.519178390502929688 11.187951087951660156 10.551916122436523438 9.6536350250244140625 8.9251308441162109375 8.240657806396484375 7.6913571357727050781 -9999 -9999 -9999 -9999 -9999 -9999 -9999 -9999 -9999 -9999
6.8004145622253417969 6.0945501327514648438 6.0118894577026367188 7.1700625419616699219 7.4660673141479492188 8.1897687911987304688 7.9479899406433105469 7.5227055549621582031 7.3946256637573242188 7.7731866836547851562 7.8680486679077148438 8.240688323974609375 8.097263336181640625 7.9258594512939453125 8.4179639816284179688 8.8113222122192382812 8.707126617431640625 8.4144945144653320312 7.0739493370056152344 10.18889617919921875 14.854551315307617188 8.615848541259765625 9.0883989334106445312 9.9921245574951171875 10.848703384399414062 11.440022468566894531 11.592778205871582031 11.106708526611328125 10.542782783508300781 9.9226980209350585938 9.4122114181518554688 8.747814178466796875 8.3748140335083007812 8.0682878494262695312 -9999 -9999 -9999 -9999 -9999 -9999 -9999 -9999 -9999 -9999
7.1885886192321777344 6.7949438095092773438 6.9343008995056152344 7.809810638427734375 8.2238569259643554688 8.1559295654296875 7.7939314842224121094 8.2143526077270507812 8.1717510223388671875 8.11843109130859375 8.1187601089477539062 8.8040342330932617188 8.6077098846435546875 8.471744537353515625 8.6737995147705078125 9.0474023818969726562 8.6584644317626953125 7.9092783927917480469 7.5141134262084960938 10.89794921875 14.41692352294921875 11.089175224304199219 8.8725738525390625 9.0457754135131835938 9.3828401565551757812 9.8396558761596679688 11.555403709411621094 11.134868621826171875 10.254187583923339844 9.9084539413452148438 9.7685060501098632812 9.0192193984985351562 8.6833953857421875 8.5436611175537109375 -9999 -9999 -9999 -9999 -9999 -9999 -9999 -9999 -9999 -9999
6.9806361198425292969 7.1436600685119628906 7.5028867721557617188 8.0479993820190429688 8.0383157730102539062 7.6759762763977050781 7.4427695274353027344 7.4917325973510742188 7.7797908782958984375 7.1423335075378417969 6.7587842941284179688 7.6854095458984375 7.9660062789916992188 7.8991632461547851562 7.8390316963195800781 7.7856512069702148438 7.8206744194030761719 7.9096307754516601562 8.3355436325073242188 11.693415641784667969 13.038979530334472656 9.4241514205932617188 8.53438568115234375 9.1953058242797851562 10.151604652404785156 10.046831130981445312 11.432455062866210938 9.9168939590454101562 8.910663604736328125 8.3190488815307617188 8.7812299728393554688 9.5347356796264648438 8.7052049636840820312 8.8926486968994140625 -9999 -9999 -9999 -9999 -9999 -9999 -9999 -9999 -9999 -9999
7.4901294708251953125 7.1648731231689453125 7.829883575439453125 8.835247039794921875 8.442958831787109375 8.0005359649658203125 7.7765936851501464844 6.8060140609741210938 7.1817460060119628906 7.3204545974731445312 7.0142474174499511719 7.8109111785888671875 8.0628538131713867188 8.5594053268432617188 8.2301816940307617188 7.9885287284851074219 8.087963104248046875 8.3687639236450195312 10.189118385314941406 11.526586532592773438 12.260722160339355469 8.1790332794189453125 8.4729785919189453125 8.6504364013671875 8.9315309524536132812 9.0215911865234375 9.1523494720458984375 8.7965879440307617188 8.9903249740600585938 7.4226660728454589844 7.0149922370910644531 7.0275158882141113281 7.1070461273193359375 8.6366720199584960938 -9999 -9999 -9999 -9999 -9999 -9999 -9999 -9999 -9999 -9999
8.2330389022827148438 6.9332308769226074219 8.4080219268798828125 8.51937103271484375 7.8647909164428710938 7.5848021507263183594 7.4400014877319335938 6.8885297775268554688 6.5863499641418457031 7.1600809097290039062 6.8535251617431640625 7.8825564384460449219 7.1544466018676757812 7.7043547630310058594 7.3810224533081054688 7.3306097984313964844 7.3613247871398925781 7.856395721435546875 11.856754302978515625 11.644075393676757812 8.5516757965087890625 7.10970306396484375 6.7150464057922363281 7.4434413909912109375 7.367458343505859375 7.5480628013610839844 7.9528861045837402344 7.6867275238037109375 8.8317422866821289062 10.00286865234375 10.044426918029785156 8.9252710342407226562 7.0050024986267089844 8.2697963714599609375 8.216434478759765625 -9999 -9999 -9999 -9999 -9999 -9999 -9999 -9999 -9999
8.9440441131591796875 7.8310885429382324219 9.415935516357421875 7.7429361343383789062 7.9335141181945800781 7.3852438926696777344 7.3707065582275390625 6.7156772613525390625 6.198272705078125 7.4478759765625 10.093970298767089844 12.246734619140625 14.719614982604980469 10.936529159545898438 7.3355021476745605469 6.3849825859069824219 6.9795064926147460938 10.419999122619628906 10.873602867126464844 9.1095571517944335938 7.2000365257263183594 7.7206940650939941406 7.1987524032592773438 7.2085909843444824219 7.0779757499694824219 7.6890597343444824219 8.3065185546875 8.5400838851928710938 9.3385152816772460938 10.575887680053710938 11.289656639099121094 8.1850147247314453125 7.9650139808654785156 8.33965301513671875 8.4857845306396484375 -9999 -9999 -9999 -9999 -9999 -9999 -9999 -9999 -9999
8.667797088623046875 8.9748601913452148438 8.9282598495483398438 7.6650929450988769531 8.2790699005126953125 7.6749782562255859375 7.0580763816833496094 6.2032322883605957031 6.50020599365234375 9.652782440185546875 12.677328109741210938 10.974579811096191406 7.8401384353637695312 11.407257080078125 13.1187896728515625 10.969531059265136719 10.012315750122070312 8.0003910064697265625 8.020130157470703125 7.9499993324279785156 7.5009751319885253906 7.68109893798828125 7.2752709388732910156 6.9482564926147460938 8.0027484893798828125 8.7839441299438476562 8.6800632476806640625 8.6686792373657226562 8.7466278076171875 8.9802999496459960938 9.8433275222778320312 8.504695892333984375 8.5062170028686523438 8.9016885757446289062 8.7272796630859375 8.9903001785278320312 -9999 -9999 -9999 -9999 -9999 -9999 -9999 -9999
7.1889758110046386719 9.0647840499877929688 7.5202474594116210938 7.4316067695617675781 8.2413387298583984375 7.661533355712890625 6.8882870674133300781 6.0791468620300292969 10.864210128784179688 10.640233039855957031 7.4164934158325195312 6.8270406723022460938 6.6910657882690429688 6.5277757644653320312 7.0896282196044921875 7.549747467041015625 7.8280911445617675781 7.9272990226745605469 7.9140124320983886719 8.2003335952758789062 7.6390604972839355469 7.8549952507019042969 7.7686715126037597656 7.8543581962585449219 9.345897674560546875 8.8300313949584960938 8.4604587554931640625 8.1369028091430664062 8.26760101318359375 8.4660434722900390625 8.8472089767456054688 8.9640932083129882812 9.5705099105834960938 9.8372325897216796875 9.724445343017578125 10.136202812194824219 -9999 -9999 -9999 -9999 -9999 -9999 -9999 -9999
7.5924811363220214844 9.7218265533447265625 8.2575664520263671875 7.7341890335083007812 8.2211446762084960938 7.4883313179016113281 6.9245157241821289062 7.3387908935546875 11.761091232299804688 7.5960063934326171875 7.1606884002685546875 6.6534414291381835938 7.0063390731811523438 7.2291154861450195312 7.3001122474670410156 7.550907135009765625 7.1472530364990234375 7.2661609649658203125 7.3376302719116210938 7.4900279045104980469 7.5980687141418457031 8.3024654388427734375 7.5681281089782714844 9.2219715118408203125 9.3615293502807617188 8.7434234619140625 8.2654628753662109375 7.45653533935546875 7.5667872428894042969 8.0201425552368164062 8.464817047119140625 8.81409454345703125 9.3942623138427734375 9.9057598114013671875 10.08887481689453125 10.559300422668457031 9.9685916900634765625 -9999 -9999 -9999 -9999 -9999 -9999 -9999
6.6976895332336425781 8.6874227523803710938 8.527462005615234375 8.9226026535034179688 10.623126029968261719 9.4386119842529296875 7.5015850067138671875 10.800402641296386719 9.9353075027465820312 7.4671568870544433594 7.2281680107116699219 7.0445623397827148438 7.2348051071166992188 7.0269060134887695312 6.920825958251953125 7.5697083473205566406 7.4278817176818847656 7.7650532722473144531 7.3348975181579589844 7.2001323699951171875 6.8975062370300292969 6.7491269111633300781 7.9609780311584472656 9.1508493423461914062 9.2349481582641601562 8.7662897109985351562 8.126399993896484375 7.1339812278747558594 7.3425583839416503906 8.0697660446166992188 8.69048309326171875 9.0417461395263671875 9.4033117294311523438 9.6974592208862304688 9.66015625 10.221774101257324219 10.043706893920898438 -9999 -9999 -9999 -9999 -9999 -9999 -9999
6.7394900321960449219 13.855673789978027344 12.208254814147949219 12.438935279846191406 14.101659774780273438 16.91623687744140625 16.527536392211914062 13.530102729797363281 8.5881986618041992188 7.3076710700988769531 6.9371609687805175781 7.3988237380981445312 7.3291139602661132812 6.9833102226257324219 6.5620741844177246094 7.5301656723022460938 7.5094790458679199219 7.6287617683410644531 6.9594521522521972656 6.7836518287658691406 6.4245295524597167969 6.5441060066223144531 7.5854220390319824219 8.4193286895751953125 8.8300600051879882812 8.413722991943359375 8.416423797607421875 7.9422755241394042969 8.0971364974975585938 8.5235385894775390625 8.8784132003784179688 9.0134305953979492188 9.2648897171020507812 9.5176439285278320312 9.2790279388427734375 9.6592388153076171875 9.2415189743041992188 9.6639308929443359375 -9999 -9999 -9999 -9999 -9999 -9999
7.5786585807800292969 14.680967330932617188 11.595341682434082031 10.156391143798828125 8.588756561279296875 8.4612483978271484375 9.3727025985717773438 8.6762714385986328125 7.7453403472900390625 7.9498400688171386719 7.8262400627136230469 8.0717515945434570312 7.9285397529602050781 7.8000617027282714844 7.3866176605224609375 7.7111797332763671875 7.5361180305480957031 7.6994881629943847656 7.3564047813415527344 6.9716777801513671875 6.4241232872009277344 6.626903533935546875 6.8110890388488769531 7.7279019355773925781 8.4253940582275390625 8.3238611221313476562 8.5524349212646484375 8.276233673095703125 8.6976480484008789062 8.9995975494384765625 9.366302490234375 9.731929779052734375 8.7467365264892578125 8.8583745956420898438 8.6581096649169921875 9.0940999984741210938 8.9674367904663085938 8.845050811767578125 -9999 -9999 -9999 -9999 -9999 -9999
