INPUT/RASTER/ASCII/twi.asc
ncols        225
nrows        269
xllcorner    473009.983799999987
yllcorner    4429051.174800000153
cellsize     50.000000000000
NODATA_value -9999
[rows 114 to 132 of 269, columns 168 to 209 of 225]
11.492960929870605469 10.563672065734863281 9.7524881362915039063 9.1312456130981445313 8.44866943359375 7.7616295814514160156 7.7036538124084472656 8.0430593490600585938 8.4616565704345703125 8.94283294677734375 9.4204053878784179688 10.173151969909667969 10.38214874267578125 10.498814582824707031 10.615189552307128906 10.05165863037109375 12.011900901794433594 12.346616744995117188 10.258580207824707031 10.374052047729492188 10.0065765380859375 9.6427850723266601563 9.585391998291015625 9.2443990707397460938 9.2541904449462890625 9.128223419189453125 8.8368806838989257813 7.2084679603576660156 8.1629428863525390625 11.133640289306640625 10.32160186767578125 -9999 -9999 -9999 -9999 -9999 -9999 -9999 -9999 -9999 -9999 -9999
10.66497039794921875 9.3854570388793945313 8.7461090087890625 8.6379528045654296875 8.1596240997314453125 7.8446092605590820313 7.7301735877990722656 8.1323156356811523438 8.89273834228515625 9.2161731719970703125 9.1594448089599609375 9.623775482177734375 10.330862045288085938 10.557232856750488281 10.747281074523925781 11.043847084045410156 13.120631217956542969 11.712677955627441406 10.125590324401855469 9.9214153289794921875 9.6181049346923828125 8.6542758941650390625 7.7790055274963378906 8.1035890579223632813 9.335918426513671875 9.8302555084228515625 8.819347381591796875 8.557750701904296875 10.8614654541015625 10.282955169677734375 9.7014856338500976563 -9999 -9999 -9999 -9999 -9999 -9999 -9999 -9999 -9999 -9999 -9999
9.5780248641967773438 8.59362030029296875 8.0618696212768554688 8.20430755615234375 8.553783416748046875 8.3502016067504882813 8.3105907440185546875 8.6750650405883789063 9.2119913101196289063 9.4128017425537109375 9.1568670272827148438 9.421009063720703125 10.135768890380859375 10.445344924926757813 10.652159690856933594 11.470090866088867188 13.121303558349609375 11.070905685424804688 9.0881376266479492188 8.97426605224609375 9.0940837860107421875 8.3352327346801757813 7.9349918365478515625 8.0605077743530273438 9.1710309982299804688 9.6652479171752929688 7.4896669387817382813 8.3129968643188476563 9.2795848846435546875 9.499370574951171875 9.4203100204467773438 -9999 -9999 -9999 -9999 -9999 -9999 -9999 -9999 -9999 -9999 -9999
8.997432708740234375 8.4251356124877929688 7.8981046676635742188 7.4893922805786132813 7.9782428741455078125 8.158847808837890625 9.1044788360595703125 9.3604402542114257813 9.643337249755859375 9.5990972518920898438 9.300724029541015625 9.5130701065063476563 10.006693840026855469 10.455851554870605469 10.548295974731445313 11.43804931640625 13.340516090393066406 10.418025970458984375 8.66072845458984375 8.6300754547119140625 9.440120697021484375 9.1185169219970703125 8.794612884521484375 8.499034881591796875 8.9378042221069335938 8.1362752914428710938 6.9667062759399414063 8.3108768463134765625 8.654994964599609375 -9999 -9999 -9999 -9999 -9999 -9999 -9999 -9999 -9999 -9999 -9999 -9999 -9999
8.5416841506958007813 9.0469264984130859375 8.2435054779052734375 7.4307370185852050781 7.6198749542236328125 8.4014024734497070313 9.40069580078125 9.1986083984375 10.084085464477539063 9.8542718887329101563 9.5763225555419921875 9.6517124176025390625 9.8497400283813476563 10.018746376037597656 10.269820213317871094 12.395282745361328125 12.485625267028808594 9.7894105911254882813 9.188076019287109375 8.7622270584106445313 9.2134656906127929688 9.8841161727905273438 9.3408403396606445313 8.1952848434448242188 8.3142747879028320313 7.2536029815673828125 7.1546206474304199219 7.6907587051391601563 7.691028594970703125 -9999 -9999 -9999 -9999 -9999 -9999 -9999 -9999 -9999 -9999 -9999 -9999 -9999
9.8282938003540039063 9.3067960739135742188 8.7455472946166992188 7.6992783546447753906 7.9624772071838378906 10.284609794616699219 9.6866350173950195313 8.4258260726928710938 9.1971025466918945313 10.053145408630371094 10.315233230590820313 10.046120643615722656 9.6802654266357421875 8.9950275421142578125 10.238800048828125 13.494952201843261719 10.871113777160644531 9.6312379837036132813 9.372653961181640625 9.1794891357421875 9.3732137680053710938 8.68308258056640625 8.1925611495971679688 7.9864044189453125 8.62987518310546875 8.2071828842163085938 8.1844778060913085938 8.1945924758911132813 8.2326459884643554688 3.7993526458740234375 -9999 -9999 -9999 -9999 -9999 -9999 -9999 -9999 -9999 -9999 -9999 -9999
13.337540626525878906 10.567922592163085938 9.2662601470947265625 7.96263885498046875 8.6106901168823242188 10.264653205871582031 9.4642820358276367188 8.813556671142578125 8.586635589599609375 9.4060182571411132813 9.9674282073974609375 10.335142135620117188 10.712400436401367188 10.008222579956054688 12.013384819030761719 12.926235198974609375 10.276017189025878906 9.751251220703125 9.5814723968505859375 9.4285879135131835938 9.2234582901000976563 8.164012908935546875 7.3742594718933105469 7.4544901847839355469 8.3736124038696289063 8.2736387252807617188 8.41144561767578125 8.6030330657958984375 8.84938812255859375 4.5399875640869140625 -9999 -9999 -9999 -9999 -9999 -9999 -9999 -9999 -9999 -9999 -9999 -9999
13.433323860168457031 12.816601753234863281 9.9883213043212890625 8.518646240234375 9.7134580612182617188 9.7100648880004882813 9.2568883895874023438 9.5830659866333007813 9.1038885116577148438 9.7031049728393554688 9.7899227142333984375 10.317809104919433594 11.632941246032714844 13.005336761474609375 13.044533729553222656 11.827938079833984375 9.7931089401245117188 9.4011688232421875 8.8772144317626953125 8.9610567092895507813 8.7301549911499023438 7.7827992439270019531 7.2399444580078125 7.3168768882751464844 8.26021575927734375 8.3299684524536132813 8.4382781982421875 8.81166839599609375 10.699991226196289063 6.8575930595397949219 -9999 -9999 -9999 -9999 -9999 -9999 -9999 -9999 -9999 -9999 -9999 -9999
10.975409507751464844 13.664193153381347656 11.413573265075683594 9.51593017578125 9.973171234130859375 8.611034393310546875 8.252216339111328125 9.5175733566284179688 9.9211225509643554688 10.308745384216308594 10.860974311828613281 12.020299911499023438 12.317132949829101563 13.61432647705078125 13.886850357055664063 11.966511726379394531 10.078869819641113281 9.4433193206787109375 8.8458385467529296875 8.8174495697021484375 8.4979619979858398438 8.008762359619140625 8.1946630477905273438 7.9835429191589355469 8.6508960723876953125 8.4825296401977539063 8.401729583740234375 8.537906646728515625 12.072060585021972656 10.129374504089355469 -9999 -9999 -9999 -9999 -9999 -9999 -9999 -9999 -9999 -9999 -9999 -9999
9.2065210342407226563 11.308004379272460938 12.988573074340820313 11.361577987670898438 9.417850494384765625 8.0748491287231445313 8.2432813644409179688 8.5239820480346679688 9.2447843551635742188 10.510598182678222656 11.960242271423339844 11.889688491821289063 9.223567962646484375 8.466259002685546875 10.901956558227539063 12.154806137084960938 12.133703231811523438 11.348671913146972656 9.170757293701171875 8.5831384658813476563 8.3000574111938476563 7.8835582733154296875 8.1224737167358398438 8.1659679412841796875 8.8165531158447265625 8.33597564697265625 7.8580651283264160156 7.6316823959350585938 11.471709251403808594 12.073824882507324219 -9999 -9999 -9999 -9999 -9999 -9999 -9999 -9999 -9999 -9999 -9999 -9999
8.6583700180053710938 8.8737478256225585938 12.914033889770507813 14.854246139526367188 10.469940185546875 8.541408538818359375 8.5680971145629882813 8.3372583389282226563 8.5255289077758789063 10.858989715576171875 10.943045616149902344 9.8860712051391601563 7.9713144302368164063 8.3304414749145507813 10.111768722534179688 11.805869102478027344 12.144959449768066406 12.447136878967285156 10.351241111755371094 9.0601644515991210938 8.699565887451171875 7.5147333145141601563 7.5214242935180664063 7.9183802604675292969 8.2864103317260742188 7.9786105155944824219 7.2488679885864257813 6.7695865631103515625 10.399454116821289063 11.772940635681152344 -9999 -9999 -9999 -9999 -9999 -9999 -9999 -9999 -9999 -9999 -9999 -9999
7.7681407928466796875 7.9942431449890136719 13.1197509765625 14.175454139709472656 12.324027061462402344 10.094740867614746094 9.1203088760375976563 8.7282094955444335938 10.785046577453613281 10.304297447204589844 8.257694244384765625 8.7995004653930664063 8.7392578125 9.9002218246459960938 10.857594490051269531 11.093034744262695313 11.246372222900390625 11.537064552307128906 9.4028024673461914063 8.5220785140991210938 8.3641300201416015625 7.8272166252136230469 7.7937002182006835938 7.3702878952026367188 7.2286915779113769531 7.3510603904724121094 7.1473736763000488281 6.5760273933410644531 9.0253810882568359375 11.399567604064941406 -9999 -9999 -9999 -9999 -9999 -9999 -9999 -9999 -9999 -9999 -9999 -9999
7.5468854904174804688 8.287204742431640625 13.545557022094726563 11.953219413757324219 11.929412841796875 12.03150177001953125 9.9681224822998046875 9.9427614212036132813 10.831087112426757813 7.8353290557861328125 7.8272075653076171875 9.605709075927734375 10.322180747985839844 11.023860931396484375 11.002175331115722656 10.864203453063964844 10.664867401123046875 10.448766708374023438 8.8190488815307617188 7.9249434471130371094 7.9709792137145996094 8.1059217453002929688 8.774494171142578125 7.8049941062927246094 6.676052093505859375 7.1284365653991699219 7.2766795158386230469 6.4904842376708984375 7.9720611572265625 9.8250226974487304688 4.2344608306884765625 -9999 -9999 -9999 -9999 -9999 -9999 -9999 -9999 -9999 -9999 -9999
8.8773965835571289063 9.53144073486328125 13.401813507080078125 10.558602333068847656 8.0976037979125976563 8.7361516952514648438 7.0994009971618652344 9.16211700439453125 9.0758771896362304688 8.119655609130859375 8.5544614791870117188 9.5285940170288085938 10.5719146728515625 10.881978988647460938 10.495677947998046875 10.145786285400390625 9.7886686325073242188 9.1608381271362304688 7.8406095504760742188 7.0552911758422851563 7.0901141166687011719 7.9425945281982421875 8.7488346099853515625 8.0794324874877929688 7.1241936683654785156 7.4061956405639648438 7.3939442634582519531 6.6930589675903320313 8.148921966552734375 8.3880376815795898438 4.9636564254760742188 -9999 -9999 -9999 -9999 -9999 -9999 -9999 -9999 -9999 -9999 -9999
9.2237634658813476563 9.8260097503662109375 13.05142974853515625 9.8635225296020507813 7.1309561729431152344 6.5532498359680175781 5.677707672119140625 7.8315157890319824219 9.961559295654296875 9.1135768890380859375 9.23334503173828125 9.6223497390747070313 10.150485038757324219 10.585181236267089844 9.9741334915161132813 9.5206308364868164063 9.0400800704956054688 8.078678131103515625 7.3806662559509277344 6.8197069168090820313 6.9697823524475097656 7.9722647666931152344 8.8320989608764648438 8.4556884765625 8.2841053009033203125 8.1867475509643554688 8.0987024307250976563 7.0808086395263671875 8.9282083511352539063 10.679103851318359375 5.6544547080993652344 4.6119599342346191406 4.6424722671508789063 4.6776261329650878906 -9999 -9999 -9999 -9999 -9999 -9999 -9999 -9999
8.942596435546875 7.7255764007568359375 10.480065345764160156 10.31090545654296875 7.3706536293029785156 6.7629041671752929688 6.2267885208129882813 7.7341051101684570313 10.922898292541503906 9.6229124069213867188 9.8122930526733398438 9.7330961227416992188 9.3385248184204101563 9.9755029678344726563 9.354801177978515625 8.985904693603515625 8.4168424606323242188 7.8830747604370117188 7.77329254150390625 7.4575877189636230469 7.6485266685485839844 8.2145547866821289063 8.732997894287109375 8.28113555908203125 8.402149200439453125 8.6588125228881835938 8.61541748046875 7.3358836174011230469 8.4433050155639648438 10.325644493103027344 6.3173727989196777344 5.4156155586242675781 5.4368543624877929688 5.2983775138854980469 4.905513763427734375 -9999 -9999 -9999 -9999 -9999 -9999 -9999
8.4447784423828125 6.2412943840026855469 8.0196447372436523438 14.035973548889160156 11.00411224365234375 7.6380176544189453125 7.3672046661376953125 10.484299659729003906 11.500217437744140625 9.87879180908203125 9.223690032958984375 9.152866363525390625 8.5410280227661132813 9.11395263671875 9.2058458328247070313 8.9347324371337890625 7.9698710441589355469 8.04587554931640625 8.3603544235229492188 8.1228513717651367188 8.3932399749755859375 8.627780914306640625 8.983013153076171875 8.248966217041015625 7.8459730148315429688 8.780670166015625 8.98578643798828125 7.2707276344299316406 7.2832198143005371094 9.2097644805908203125 7.1118741035461425781 6.3109636306762695313 6.3440546989440917969 6.2542753219604492188 5.5013456344604492188 5.5060191154479980469 -9999 -9999 -9999 -9999 -9999 -9999
8.3054790496826171875 7.6306262016296386719 8.005523681640625 13.035465240478515625 16.413242340087890625 14.866886138916015625 13.2121429443359375 13.458337783813476563 9.1469392776489257813 8.9238529205322265625 8.7192220687866210938 8.9348230361938476563 8.6760263442993164063 8.9554204940795898438 9.20200347900390625 8.79361724853515625 8.3321142196655273438 8.5287733078002929688 8.97220611572265625 8.7746820449829101563 8.9845371246337890625 8.8175983428955078125 9.0075635910034179688 8.7964334487915039063 8.29442596435546875 8.5954685211181640625 8.8586072921752929688 7.1033530235290527344 6.8454799652099609375 8.2858648300170898438 7.5853905677795410156 6.938831329345703125 6.8639693260192871094 7.1390600204467773438 6.2564654350280761719 6.3484258651733398438 -9999 -9999 -9999 -9999 -9999 -9999
8.116550445556640625 7.9769959449768066406 8.099704742431640625 9.9795751571655273438 13.617916107177734375 15.711199760437011719 15.890943527221679688 12.43976593017578125 8.330280303955078125 8.3522796630859375 8.9013280868530273438 8.9701662063598632813 8.867519378662109375 8.95185089111328125 8.7666749954223632813 8.8681230545043945313 8.45679473876953125 8.8716039657592773438 9.44385528564453125 9.3763828277587890625 8.9341917037963867188 7.9077982902526855469 7.6277990341186523438 8.30323028564453125 9.1066122055053710938 7.4187560081481933594 7.2559185028076171875 6.289226531982421875 6.5328068733215332031 7.1823315620422363281 8.5643463134765625 7.2811632156372070313 7.0314197540283203125 7.3661069869995117188 6.2984414100646972656 6.0798444747924804688 -9999 -9999 -9999 -9999 -9999 -9999
