INPUT/RASTER/ASCII/twi.asc
ncols        225
nrows        269
xllcorner    473000.000000000000
yllcorner    4429100.000000000000
cellsize     50.000000000000
NODATA_value -9999
[rows 140 to 159 of 269, columns 88 to 131 of 225]
8.4432573318481445312 8.5250368118286132812 8.3564434051513671875 8.2370462417602539062 8.6193494796752929688 8.0841350555419921875 8.7022771835327148438 8.3396310806274414062 9.01622772216796875 9.5177812576293945312 9.9677934646606445312 10.812630653381347656 7.8329181671142578125 6.7486581802368164062 6.7925553321838378906 7.6433024406433105469 8.126102447509765625 9.7852773666381835938 11.46063995361328125 13.091701507568359375 12.215163230895996094 11.616284370422363281 8.0335330963134765625 7.4877429008483886719 10.455071449279785156 12.433958053588867188 9.064823150634765625 7.4313406944274902344 7.2750949859619140625 7.37740325927734375 6.9982409477233886719 6.6915984153747558594 6.18534088134765625 6.1920642852783203125 5.5683507919311523438 6.3891186714172363281 7.3645091056823730469 7.5904107093811035156 7.1439523696899414062 7.1858849525451660156 8.1229801177978515625 10.392659187316894531 -9999 -9999
7.7451381683349609375 7.8001942634582519531 8.2271976470947265625 8.1174106597900390625 8.4868412017822265625 7.8447847366333007812 8.1054973602294921875 8.0524311065673828125 8.6438188552856445312 8.8374338150024414062 9.8414583206176757812 10.886690139770507812 7.9276571273803710938 7.60254669189453125 7.5009026527404785156 7.8803582191467285156 7.5507955551147460938 8.0841360092163085938 8.5884675979614257812 10.218699455261230469 10.775751113891601562 10.938492774963378906 9.8237867355346679688 7.0240368843078613281 13.231197357177734375 8.0118341445922851562 8.6784048080444335938 8.41180419921875 8.297740936279296875 7.9823918342590332031 7.7772679328918457031 7.2646212577819824219 6.9370961189270019531 7.5939779281616210938 6.8147721290588378906 6.7255048751831054688 7.5455045700073242188 8.2816905975341796875 8.0851411819458007812 8.3947429656982421875 10.517629623413085938 10.763689994812011719 -9999 -9999
8.3335132598876953125 8.1384763717651367188 8.53265380859375 8.4756536483764648438 8.568431854248046875 8.1510562896728515625 8.5826215744018554688 8.19387054443359375 8.8672924041748046875 9.1881856918334960938 11.433002471923828125 13.199832916259765625 8.9281511306762695312 8.3090267181396484375 8.34085845947265625 8.5097742080688476562 7.2038869857788085938 8.0379076004028320312 8.37303924560546875 8.8001556396484375 8.3128595352172851562 8.1987771987915039062 11.25501251220703125 9.0619068145751953125 8.6234455108642578125 7.6971006393432617188 8.18097686767578125 7.9652109146118164062 8.265979766845703125 7.8116817474365234375 7.2432575225830078125 7.1004056930541992188 8.4549465179443359375 9.193309783935546875 8.137340545654296875 6.66524505615234375 7.5151381492614746094 8.4247608184814453125 8.5276708602905273438 9.6604127883911132812 10.333155632019042969 -9999 -9999 -9999
8.449054718017578125 8.2611150741577148438 8.7755804061889648438 8.6290235519409179688 8.7244319915771484375 8.5032825469970703125 8.60416412353515625 8.2529468536376953125 8.67731475830078125 10.020704269409179688 11.857022285461425781 11.950197219848632812 8.8288583755493164062 8.1293392181396484375 7.7344427108764648438 7.0855698585510253906 7.6658577919006347656 7.9703235626220703125 8.2042980194091796875 7.2860918045043945312 6.6224741935729980469 8.2902402877807617188 15.752184867858886719 15.457346916198730469 8.0824804306030273438 8.1790227890014648438 8.477848052978515625 8.0570211410522460938 7.8697986602783203125 7.3622641563415527344 6.6671671867370605469 6.331691741943359375 6.3470163345336914062 8.8905611038208007812 7.27829742431640625 6.5765581130981445312 7.3472466468811035156 8.2312746047973632812 10.383618354797363281 11.01204681396484375 -9999 -9999 -9999 -9999
8.8299398422241210938 8.8686618804931640625 9.5522584915161132812 8.896656036376953125 8.6641912460327148438 8.338077545166015625 8.0313777923583984375 7.7823443412780761719 8.7184925079345703125 10.039800643920898438 11.71935272216796875 11.727667808532714844 9.24727630615234375 8.0613250732421875 7.1255207061767578125 7.5300569534301757812 8.365936279296875 7.8185505867004394531 6.6898174285888671875 6.3378515243530273438 10.170966148376464844 15.356290817260742188 17.525159835815429688 12.2781219482421875 8.0350494384765625 8.2535104751586914062 8.2833814620971679688 7.8289670944213867188 7.5707240104675292969 6.831661224365234375 6.2101688385009765625 6.9784283638000488281 6.2641992568969726562 6.7700824737548828125 6.4223256111145019531 6.4463787078857421875 6.7270154953002929688 7.9032807350158691406 -9999 -9999 -9999 -9999 -9999 -9999
8.8847293853759765625 9.1046600341796875 9.8923282623291015625 8.6615343093872070312 7.9098849296569824219 7.1163535118103027344 7.5796461105346679688 7.6831631660461425781 8.6359643936157226562 9.0812730789184570312 9.5565900802612304688 11.429013252258300781 10.371685981750488281 8.6133012771606445312 7.3387613296508789062 7.4882454872131347656 7.14658355712890625 6.8910579681396484375 5.4225192070007324219 5.4335398674011230469 13.754872322082519531 9.9365787506103515625 8.8412389755249023438 9.6877079010009765625 8.3225145339965820312 8.7878932952880859375 8.754039764404296875 8.1728544235229492188 7.8859567642211914062 7.4723219871520996094 6.7701106071472167969 9.4891271591186523438 10.103785514831542969 9.39490509033203125 8.6332912445068359375 8.2202548980712890625 7.735637664794921875 -9999 -9999 -9999 -9999 -9999 -9999 -9999
8.9573726654052734375 9.1339702606201171875 10.664605140686035156 9.0158567428588867188 8.15839385986328125 7.62549591064453125 7.7894563674926757812 8.1333942413330078125 8.3049297332763671875 8.06363677978515625 7.2203130722045898438 7.7308053970336914062 10.957404136657714844 9.7849826812744140625 7.6418523788452148438 6.7031559944152832031 9.124492645263671875 12.775334358215332031 12.683706283569335938 10.597543716430664062 8.73070526123046875 8.4471569061279296875 9.6913776397705078125 9.414035797119140625 9.00675201416015625 8.5894145965576171875 8.6456708908081054688 8.0886240005493164062 7.6686091423034667969 7.0140290260314941406 6.5117154121398925781 10.075955390930175781 10.346868515014648438 8.8391284942626953125 8.7435503005981445312 -9999 -9999 -9999 -9999 -9999 -9999 -9999 -9999 -9999
8.9320554733276367188 9.2934923171997070312 10.433187484741210938 9.4359130859375 8.62158203125 8.0466899871826171875 8.1883916854858398438 8.5101060867309570312 8.3255872726440429688 7.8770337104797363281 6.7672076225280761719 5.6572031974792480469 7.5737853050231933594 9.6145496368408203125 7.6416182518005371094 9.9938154220581054688 15.429316520690917969 10.08315277099609375 8.8644857406616210938 7.4734745025634765625 7.8180675506591796875 8.9562768936157226562 9.9890117645263671875 9.7698917388916015625 9.08782196044921875 8.5369386672973632812 8.3736486434936523438 8.0187959671020507812 7.9062333106994628906 7.5753626823425292969 8.45294952392578125 9.3385248184204101562 8.62316131591796875 8.5536670684814453125 8.3157262802124023438 -9999 -9999 -9999 -9999 -9999 -9999 -9999 -9999 -9999
8.7620725631713867188 9.4562282562255859375 10.298595428466796875 9.5847263336181640625 8.84970855712890625 8.4076814651489257812 9.0877437591552734375 8.6166181564331054688 8.6032361984252929688 7.9943041801452636719 7.1155695915222167969 6.0718660354614257812 5.5919137001037597656 8.0978345870971679688 11.608386993408203125 13.2320404052734375 6.8096032142639160156 5.9723339080810546875 6.269901275634765625 7.0835814476013183594 7.6878671646118164062 9.0570049285888671875 10.10332489013671875 9.9540357589721679688 9.5206356048583984375 8.929302215576171875 8.0626850128173828125 7.8527884483337402344 7.4103312492370605469 7.4031414985656738281 8.0201740264892578125 7.9920678138732910156 7.5890722274780273438 7.1492643356323242188 7.121124267578125 7.1271543502807617188 -9999 -9999 -9999 -9999 -9999 -9999 -9999 -9999
9.0866231918334960938 9.8456697463989257812 9.9035768508911132812 9.6869153976440429688 9.2880010604858398438 8.9986371994018554688 9.398040771484375 8.7605457305908203125 8.105670928955078125 7.5434823036193847656 6.8650040626525878906 6.2308025360107421875 5.6794047355651855469 7.3825039863586425781 10.512728691101074219 6.4569544792175292969 5.7234940528869628906 6.1426610946655273438 6.3050670623779296875 6.7717008590698242188 6.9373469352722167969 7.6790785789489746094 9.6410846710205078125 9.774600982666015625 9.479618072509765625 8.882579803466796875 8.371883392333984375 8.0084543228149414062 7.4862885475158691406 7.4676637649536132812 7.6910042762756347656 7.5852603912353515625 7.0395693778991699219 6.6862096786499023438 7.0174088478088378906 7.2135562896728515625 7.9354619979858398438 -9999 -9999 -9999 -9999 -9999 -9999 -9999
8.979461669921875 9.6110353469848632812 9.3607645034790039062 9.5136632919311523438 9.4172000885009765625 9.2976064682006835938 9.7688007354736328125 9.1213560104370117188 8.4520101547241210938 7.4301037788391113281 6.8060345649719238281 5.7940082550048828125 6.1279535293579101562 11.556978225708007812 6.0591797828674316406 5.7526912689208984375 5.7190723419189453125 6.3384218215942382812 7.1657881736755371094 7.6562066078186035156 7.550800323486328125 7.4554109573364257812 9.5672178268432617188 10.271151542663574219 10.025553703308105469 9.1966705322265625 8.635272979736328125 8.2999906539916992188 7.4834237098693847656 6.8047661781311035156 6.8521695137023925781 7.5546131134033203125 6.952068328857421875 8.2756910324096679688 7.3085656166076660156 7.0919899940490722656 7.5186100006103515625 7.42498779296875 7.90053558349609375 8.6675281524658203125 8.709575653076171875 -9999 11.115435600280761719 10.477972984313964844
9.3393049240112304688 9.7521944046020507812 9.6353006362915039062 10.055112838745117188 9.7606182098388671875 9.5542993545532226562 9.3196849822998046875 8.57405853271484375 8.0542097091674804688 7.0359487533569335938 6.311267852783203125 5.6211438179016113281 6.5741448402404785156 13.584493637084960938 6.3329095840454101562 6.1143255233764648438 5.1644535064697265625 6.3798532485961914062 7.9286103248596191406 7.2358951568603515625 7.3288683891296386719 7.6035909652709960938 9.5533609390258789062 11.528420448303222656 9.9132823944091796875 9.1034460067749023438 9.3068790435791015625 8.9002656936645507812 8.3278665542602539062 7.5903344154357910156 7.579845428466796875 8.4616794586181640625 9.1667194366455078125 10.664616584777832031 9.37248992919921875 7.5233750343322753906 6.9340901374816894531 6.8500857353210449219 7.2320680618286132812 7.1895551681518554688 7.737949371337890625 8.9173364639282226562 10.264561653137207031 10.185780525207519531
8.7144098281860351562 8.7823724746704101562 9.200618743896484375 9.7843570709228515625 8.9431886672973632812 9.096370697021484375 9.1830244064331054688 8.5196533203125 7.8934369087219238281 6.8958687782287597656 5.88324737548828125 6.1760692596435546875 14.4807281494140625 9.588016510009765625 6.9592218399047851562 6.9561018943786621094 6.9163789749145507812 6.8088321685791015625 7.2881035804748535156 6.6565561294555664062 6.8624935150146484375 7.4321126937866210938 8.34249114990234375 9.3334054946899414062 8.69208526611328125 8.7524051666259765625 8.5326995849609375 8.062686920166015625 7.92041015625 8.664066314697265625 9.0296010971069335938 8.7738895416259765625 8.9187164306640625 9.3052158355712890625 8.7957658767700195312 8.1432218551635742188 8.3015470504760742188 7.6986575126647949219 7.3301930427551269531 7.0802760124206542969 8.102848052978515625 8.4207172393798828125 8.4725522994995117188 9.1725940704345703125
8.9112806320190429688 8.95401763916015625 9.3738203048706054688 9.6759862899780273438 8.4520521163940429688 8.883319854736328125 9.5976324081420898438 8.4876575469970703125 7.7584691047668457031 7.282238006591796875 6.9282989501953125 11.940565109252929688 16.766824722290039062 7.3364691734313964844 6.9803032875061035156 6.9716653823852539062 7.0177178382873535156 6.7622961997985839844 6.4897150993347167969 5.9596104621887207031 6.4815263748168945312 7.691585540771484375 8.2531585693359375 8.279521942138671875 7.9586610794067382812 7.5726604461669921875 7.2758159637451171875 7.6514768600463867188 7.7397975921630859375 8.3682031631469726562 8.2324676513671875 7.7581858634948730469 8.1894683837890625 8.6434383392333984375 7.9712362289428710938 7.1761097908020019531 7.8572788238525390625 8.6178874969482421875 8.7978725433349609375 7.7548003196716308594 8.3075971603393554688 8.5478925704956054688 8.5093479156494140625 8.487361907958984375
8.8382358551025390625 8.8765163421630859375 9.2339696884155273438 9.396884918212890625 6.7000584602355957031 7.6952390670776367188 8.3661623001098632812 7.2406563758850097656 7.68936920166015625 8.637073516845703125 11.364176750183105469 16.002061843872070312 11.830415725708007812 7.7874155044555664062 7.4230861663818359375 7.1740202903747558594 7.3357853889465332031 7.3261966705322265625 7.098339080810546875 6.9872441291809082031 7.8658647537231445312 9.0076770782470703125 8.7603092193603515625 8.2343626022338867188 8.2158632278442382812 7.92868804931640625 7.7932348251342773438 7.8148703575134277344 7.8154673576354980469 8.5674076080322265625 8.3623704910278320312 8.1409482955932617188 7.9052515029907226562 8.2741231918334960938 8.0025959014892578125 7.4875874519348144531 8.5905523300170898438 9.4737071990966796875 9.6430940628051757812 8.2303485870361328125 8.5077409744262695312 8.827281951904296875 8.8964891433715820312 9.203838348388671875
8.965526580810546875 8.9197721481323242188 9.172512054443359375 8.7922534942626953125 7.8653168678283691406 7.9967794418334960938 8.6819934844970703125 7.4777069091796875 8.0378513336181640625 12.897024154663085938 14.708687782287597656 12.754894256591796875 8.6245431900024414062 7.9972071647644042969 7.9094028472900390625 7.7500095367431640625 8.0975170135498046875 7.9715409278869628906 7.7542500495910644531 7.8058795928955078125 8.1879444122314453125 8.285923004150390625 7.6920208930969238281 7.8328180313110351562 7.8853502273559570312 7.78864288330078125 7.7616205215454101562 7.8475399017333984375 8.2303829193115234375 8.5484676361083984375 8.215488433837890625 8.13488006591796875 8.0979251861572265625 8.0750722885131835938 8.2448587417602539062 7.8060107231140136719 8.8185853958129882812 9.198528289794921875 8.1115322113037109375 7.5877833366394042969 8.0458240509033203125 8.4348392486572265625 8.7358455657958984375 9.1941652297973632812
8.991840362548828125 8.8637552261352539062 8.1861114501953125 7.9722361564636230469 8.5905122756958007812 9.0676593780517578125 8.3427295684814453125 8.583896636962890625 14.616551399230957031 11.131682395935058594 10.290134429931640625 9.8539266586303710938 9.9547300338745117188 9.7219877243041992188 9.6741285324096679688 8.9580860137939453125 9.0599927902221679688 8.3506689071655273438 7.9657826423645019531 8.3887929916381835938 8.8621969223022460938 8.344573974609375 8.6615238189697265625 8.349491119384765625 7.8442411422729492188 7.700222015380859375 7.77829742431640625 7.8688721656799316406 8.457668304443359375 9.0858659744262695312 9.0449504852294921875 8.9942712783813476562 8.93670654296875 8.912921905517578125 8.9633207321166992188 8.7988567352294921875 9.0545072555541992188 8.02904510498046875 7.3853411674499511719 8.4198522567749023438 8.7069377899169921875 9.0648241043090820312 9.3420839309692382812 9.5998830795288085938
8.44168853759765625 7.7024178504943847656 7.6450777053833007812 7.32384490966796875 7.7941751480102539062 8.5755071640014648438 12.66852569580078125 17.742586135864257812 10.96938323974609375 10.311010360717773438 9.3888120651245117188 8.813564300537109375 9.1017808914184570312 9.4934911727905273438 10.117801666259765625 9.99979400634765625 10.296478271484375 10.002511024475097656 10.236681938171386719 10.104129791259765625 10.568125724792480469 11.516066551208496094 9.5789651870727539062 8.4044342041015625 7.6808180809020996094 7.4615225791931152344 7.1560215950012207031 7.7947049140930175781 8.0130968093872070312 8.93149566650390625 9.047412872314453125 9.0332479476928710938 8.9123706817626953125 8.8665170669555664062 8.9513788223266601562 8.9370603561401367188 8.6369762420654296875 8.6857156753540039062 9.400165557861328125 9.6686553955078125 9.1878271102905273438 8.9386844635009765625 8.8529462814331054688 9.1488046646118164062
8.4001722335815429688 7.7900986671447753906 7.4277391433715820312 6.8798060417175292969 7.6280670166015625 11.695790290832519531 17.862583160400390625 8.3791131973266601562 6.19550323486328125 7.7949066162109375 10.404465675354003906 9.4522647857666015625 9.6565389633178710938 9.4587373733520507812 9.808624267578125 10.355326652526855469 11.068222999572753906 11.296662330627441406 11.724015235900878906 12.256990432739257812 12.904672622680664062 14.494533538818359375 12.392611503601074219 7.9634222984313964844 7.2805128097534179688 7.4417972564697265625 7.7557992935180664062 9.2375965118408203125 9.065929412841796875 9.2859334945678710938 10.104170799255371094 9.938625335693359375 10.077267646789550781 10.329469680786132812 10.571244239807128906 9.696598052978515625 9.4707193374633789062 8.938800811767578125 9.2443399429321289062 9.6948003768920898438 10.014743804931640625 9.1882228851318359375 8.7174282073974609375 8.9007806777954101562
8.5521106719970703125 8.11725616455078125 7.2544493675231933594 7.3483462333679199219 9.3883848190307617188 18.440149307250976562 11.335741043090820312 6.4671907424926757812 6.4998965263366699219 6.2657675743103027344 7.6348867416381835938 9.5436573028564453125 9.2426557540893554688 9.1166868209838867188 8.8693208694458007812 9.5840244293212890625 10.020436286926269531 10.087312698364257812 10.310080528259277344 10.541798591613769531 10.819205284118652344 11.361365318298339844 13.953639984130859375 11.596747398376464844 7.6485204696655273438 8.1999197006225585938 9.5313091278076171875 9.6757297515869140625 9.519924163818359375 9.6169719696044921875 11.190415382385253906 11.271134376525878906 11.309889793395996094 10.222073554992675781 9.6775102615356445312 9.529201507568359375 9.5825052261352539062 9.3012914657592773438 9.8660259246826171875 8.5875539779663085938 8.640716552734375 8.2633810043334960938 7.9086451530456542969 8.4715404510498046875
