INPUT/RASTER/ASCII/twi.asc
ncols        225
nrows        269
xllcorner    473000.000000000000
yllcorner    4429100.000000000000
cellsize     50.000000000000
NODATA_value -9999
[rows 180 to 199 of 269, columns 176 to 219 of 225]
7.6923370361328125 8.6175603866577148438 9.7751131057739257812 10.123255729675292969 10.106972694396972656 9.7566175460815429688 9.9892473220825195312 10.078794479370117188 9.5698184967041015625 9.231349945068359375 8.7158260345458984375 8.57367706298828125 7.7821602821350097656 8.0294523239135742188 8.037998199462890625 8.6898641586303710938 8.09477996826171875 8.055973052978515625 7.6311659812927246094 7.1226215362548828125 7.9404139518737792969 7.4557108879089355469 7.7059674263000488281 8.3612575531005859375 9.3817138671875 9.7924699783325195312 10.483487129211425781 11.256608963012695312 11.84018707275390625 10.800001144409179688 10.576213836669921875 10.85040283203125 10.764410972595214844 11.603230476379394531 10.226690292358398438 9.7440576553344726562 8.6584539413452148438 8.8603973388671875 9.0299320220947265625 9.127208709716796875 9.9201908111572265625 9.239162445068359375 9.2500028610229492188 9.0885858535766601562
9.236637115478515625 9.4767866134643554688 9.8461866378784179688 9.1091327667236328125 9.3454236984252929688 8.9238233566284179688 9.1217823028564453125 9.7767896652221679688 9.7783870697021484375 9.4878644943237304688 8.6856355667114257812 8.8737697601318359375 8.9932699203491210938 9.759181976318359375 8.7768011093139648438 9.234935760498046875 8.9182767868041992188 8.5911436080932617188 8.311077117919921875 8.5455455780029296875 8.6664934158325195312 7.7100772857666015625 8.2022218704223632812 9.0655260086059570312 9.777927398681640625 10.035124778747558594 10.715458869934082031 11.681592941284179688 12.240419387817382812 11.501515388488769531 11.277760505676269531 11.63544464111328125 11.579573631286621094 11.416520118713378906 9.807727813720703125 9.5851602554321289062 9.0060634613037109375 8.518054962158203125 7.8120870590209960938 7.3755102157592773438 8.3731136322021484375 8.53495025634765625 9.7206811904907226562 9.5744714736938476562
9.7351512908935546875 9.7910718917846679688 9.43924713134765625 8.2105951309204101562 8.3840436935424804688 7.652873992919921875 7.4279284477233886719 8.6946821212768554688 8.9709644317626953125 8.7614307403564453125 8.8434925079345703125 9.4316930770874023438 9.3164949417114257812 9.2151508331298828125 8.7715244293212890625 9.2503824234008789062 8.8816308975219726562 8.9356746673583984375 9.046298980712890625 8.3107862472534179688 8.1951570510864257812 7.5416584014892578125 8.0259723663330078125 8.7702312469482421875 9.3591794967651367188 9.6204423904418945312 10.240818023681640625 11.490147590637207031 11.936972618103027344 11.428924560546875 11.402737617492675781 11.587660789489746094 9.771236419677734375 9.2320079803466796875 9.0024175643920898438 8.9976224899291992188 8.2711877822875976562 7.9336233139038085938 7.0742120742797851562 6.5200200080871582031 7.175830841064453125 7.8316602706909179688 8.7665691375732421875 7.9279956817626953125
13.108568191528320312 12.308929443359375 8.9668731689453125 7.485538482666015625 7.9579730033874511719 7.5580487251281738281 7.971767425537109375 8.2556896209716796875 8.7980165481567382812 9.4776763916015625 9.5391445159912109375 9.8038301467895507812 8.9924297332763671875 9.0030641555786132812 8.413562774658203125 10.183712005615234375 11.072841644287109375 9.2859344482421875 9.1789388656616210938 8.5224866867065429688 8.3427896499633789062 7.5413556098937988281 8.416591644287109375 9.3536539077758789062 9.7368001937866210938 9.8952178955078125 10.398586273193359375 11.739871978759765625 12.303921699523925781 12.294484138488769531 12.793450355529785156 11.281291007995605469 8.7509899139404296875 8.8725938796997070312 8.4698781967163085938 8.662647247314453125 7.9820199012756347656 8.087032318115234375 7.7245912551879882812 8.0164957046508789062 8.5636205673217773438 8.4085664749145507812 8.31244659423828125 7.6776866912841796875
13.727856636047363281 12.661808013916015625 11.141824722290039062 7.886959075927734375 7.115478515625 8.0220184326171875 8.9296293258666992188 9.5297918319702148438 8.5566663742065429688 9.8856830596923828125 9.8021001815795898438 9.6751232147216796875 8.9396314620971679688 8.952571868896484375 8.7554979324340820312 10.52393341064453125 9.9730119705200195312 8.6733255386352539062 8.1544160842895507812 7.9446849822998046875 7.7063431739807128906 6.8214554786682128906 8.2829036712646484375 9.2719411849975585938 9.5655536651611328125 9.5949907302856445312 10.081426620483398438 11.513397216796875 12.284559249877929688 12.742235183715820312 13.160910606384277344 11.510735511779785156 10.299638748168945312 9.20055389404296875 8.3995103836059570312 8.674564361572265625 8.1407108306884765625 8.7903118133544921875 9.3171243667602539062 8.8322238922119140625 8.82816314697265625 8.2642812728881835938 8.5339956283569335938 8.274723052978515625
12.544124603271484375 11.520003318786621094 11.916921615600585938 12.974789619445800781 9.3203897476196289062 8.7714986801147460938 10.333968162536621094 9.258045196533203125 7.1446204185485839844 7.71445465087890625 9.1285486221313476562 9.4054670333862304688 8.5456676483154296875 8.920261383056640625 9.7404460906982421875 10.792199134826660156 9.1049642562866210938 8.2106475830078125 7.7337450981140136719 7.454219818115234375 7.500705718994140625 7.6031932830810546875 8.8175420761108398438 9.1780452728271484375 9.8130903244018554688 9.8609209060668945312 10.180764198303222656 12.132107734680175781 13.095156669616699219 13.644799232482910156 10.498443603515625 9.8672885894775390625 9.1019611358642578125 8.9129743576049804688 8.3953800201416015625 9.4061307907104492188 9.5576877593994140625 9.689121246337890625 9.4386873245239257812 8.8983182907104492188 8.6953134536743164062 8.2695741653442382812 8.8030824661254882812 8.752658843994140625
11.785841941833496094 11.805151939392089844 12.864654541015625 11.574811935424804688 11.264101982116699219 9.6262521743774414062 9.0370502471923828125 8.8020381927490234375 8.2804012298583984375 8.6914148330688476562 8.865550994873046875 9.7833194732666015625 8.9867105484008789062 10.015831947326660156 11.171639442443847656 11.835124969482421875 8.6900568008422851562 8.4695825576782226562 8.4121370315551757812 8.2175474166870117188 8.53723907470703125 8.4618682861328125 9.3353404998779296875 9.2753925323486328125 9.6980457305908203125 9.778774261474609375 10.30788421630859375 12.665147781372070312 13.345750808715820312 11.809744834899902344 9.4045457839965820312 9.3655948638916015625 8.6303586959838867188 8.9026651382446289062 9.44348907470703125 9.9587459564208984375 9.5266780853271484375 9.437610626220703125 9.057094573974609375 8.4215230941772460938 8.0200796127319335938 7.0335936546325683594 8.3007793426513671875 8.7865800857543945312
11.377315521240234375 11.302792549133300781 10.334186553955078125 9.0625886917114257812 8.3431367874145507812 7.9461512565612792969 8.4373769760131835938 8.6890840530395507812 8.2773075103759765625 8.697711944580078125 8.9282064437866210938 9.4487676620483398438 8.7620105743408203125 11.187534332275390625 13.496782302856445312 11.158789634704589844 8.70633697509765625 8.7233686447143554688 8.6375417709350585938 8.7429866790771484375 8.9945077896118164062 8.9801435470581054688 9.6798458099365234375 9.305927276611328125 9.7555027008056640625 9.5240726470947265625 11.057699203491210938 13.269190788269042969 10.927704811096191406 9.5430908203125 9.0424413681030273438 9.2174596786499023438 8.450878143310546875 9.099346160888671875 9.7128190994262695312 9.8486719131469726562 9.390491485595703125 9.2083978652954101562 8.8492679595947265625 8.1598596572875976562 8.107936859130859375 7.3172054290771484375 8.2923021316528320312 8.1478891372680664062
11.655409812927246094 9.708217620849609375 9.1909942626953125 8.8411502838134765625 8.7398080825805664062 8.0570354461669921875 8.3246908187866210938 10.188515663146972656 9.3449029922485351562 9.4359102249145507812 9.6119251251220703125 9.844089508056640625 9.812164306640625 11.534761428833007812 10.322680473327636719 10.344448089599609375 9.01055908203125 8.701488494873046875 9.1547679901123046875 10.131987571716308594 9.9843969345092773438 9.6184444427490234375 10.0726470947265625 9.5886354446411132812 9.9730701446533203125 9.5020494461059570312 12.005632400512695312 12.931706428527832031 9.5909099578857421875 9.2008380889892578125 8.7273435592651367188 8.9386577606201171875 8.9682769775390625 9.5649356842041015625 9.490985870361328125 9.7486476898193359375 9.3072261810302734375 8.97607421875 8.6462316513061523438 8.2303972244262695312 8.2874908447265625 7.7596478462219238281 7.6200528144836425781 7.2287511825561523438
10.61766815185546875 8.472476959228515625 8.5004014968872070312 8.4721584320068359375 8.4000825881958007812 7.4274163246154785156 7.6586141586303710938 8.0540361404418945312 8.9077558517456054688 9.3995065689086914062 9.1653680801391601562 9.8835039138793945312 10.57570648193359375 10.847171783447265625 9.9722299575805664062 9.7909679412841796875 8.574970245361328125 8.261066436767578125 9.5045557022094726562 10.571658134460449219 10.135798454284667969 9.588653564453125 9.8813772201538085938 9.2899017333984375 9.4876985549926757812 8.8367681503295898438 11.778040885925292969 12.1561737060546875 9.1134176254272460938 9.370212554931640625 9.1663951873779296875 9.8448190689086914062 9.6062154769897460938 9.7808542251586914062 9.4491910934448242188 9.6330080032348632812 9.1794042587280273438 8.7237615585327148438 8.7632398605346679688 8.3937177658081054688 8.4895105361938476562 8.3041734695434570312 8.0551137924194335938 7.5872807502746582031
10.368070602416992188 8.7825403213500976562 8.5805139541625976562 7.9309210777282714844 9.1798458099365234375 8.3928079605102539062 8.3008441925048828125 8.7641057968139648438 9.381595611572265625 9.8964176177978515625 9.6372137069702148438 10.282013893127441406 11.125065803527832031 10.696330070495605469 9.6628589630126953125 9.0045270919799804688 8.8049573898315429688 8.6962995529174804688 9.3175830841064453125 10.981595039367675781 11.277691841125488281 10.511077880859375 10.456223487854003906 9.4854421615600585938 9.0656385421752929688 9.0456914901733398438 11.438898086547851562 12.630853652954101562 10.325171470642089844 10.763577461242675781 10.566318511962890625 10.69589996337890625 9.463397979736328125 9.6422710418701171875 9.3792638778686523438 10.136445999145507812 9.240337371826171875 8.837245941162109375 8.9288473129272460938 8.6965847015380859375 8.7747774124145507812 8.470569610595703125 8.378269195556640625 8.4382581710815429688
9.1672468185424804688 7.9336533546447753906 8.0390329360961914062 7.3509583473205566406 8.213977813720703125 8.2929124832153320312 8.0310010910034179688 8.5776233673095703125 9.173976898193359375 9.6593275070190429688 10.017764091491699219 11.118943214416503906 10.278902053833007812 9.1956033706665039062 8.4382886886596679688 9.0387773513793945312 8.806110382080078125 8.6211090087890625 8.677013397216796875 9.0388774871826171875 9.9981536865234375 9.1280183792114257812 8.3147106170654296875 7.7933869361877441406 8.5367803573608398438 9.3357686996459960938 12.707148551940917969 12.061579704284667969 10.199223518371582031 10.330964088439941406 9.4950685501098632812 9.1767568588256835938 7.8725457191467285156 8.1089906692504882812 8.7621030807495117188 9.23016357421875 9.1532649993896484375 8.3624897003173828125 8.9996271133422851562 8.9582872390747070312 8.9845724105834960938 8.5569944381713867188 8.9596376419067382812 8.7995786666870117188
9.096416473388671875 7.3715949058532714844 8.0099668502807617188 8.0175676345825195312 9.0160369873046875 8.827075958251953125 8.401355743408203125 8.6711521148681640625 9.5554170608520507812 10.113697052001953125 12.54697418212890625 12.4932403564453125 9.0064868927001953125 9.0521020889282226562 8.6823797225952148438 9.5443315505981445312 9.1246595382690429688 8.88608551025390625 8.987514495849609375 8.4013586044311523438 9.7165746688842773438 8.528034210205078125 8.25070953369140625 8.5376758575439453125 9.4541349411010742188 9.9812898635864257812 13.875171661376953125 10.983602523803710938 8.9780931472778320312 8.8790760040283203125 8.512073516845703125 8.48122406005859375 7.3846402168273925781 8.2484951019287109375 8.745086669921875 9.2377252578735351562 9.4404087066650390625 9.4449253082275390625 9.6193475723266601562 9.6545934677124023438 9.5842256546020507812 9.2690649032592773438 9.0492124557495117188 8.8525323867797851562
9.879192352294921875 8.3255872726440429688 7.6739177703857421875 7.9928755760192871094 9.2066450119018554688 9.5630846023559570312 9.3378753662109375 8.970489501953125 9.5179300308227539062 10.8682403564453125 11.63684844970703125 11.328523635864257812 9.6722002029418945312 9.7322092056274414062 9.4063930511474609375 9.8258447647094726562 8.9473943710327148438 8.57755279541015625 8.5452642440795898438 7.8105874061584472656 8.037445068359375 8.023372650146484375 8.6268548965454101562 8.9616727828979492188 9.097995758056640625 9.1820468902587890625 13.815813064575195312 9.69414520263671875 8.7160663604736328125 8.88873291015625 8.4639368057250976562 8.7129878997802734375 8.135982513427734375 8.9657011032104492188 9.0243444442749023438 9.5333566665649414062 9.412967681884765625 9.1032257080078125 9.6179342269897460938 9.5173578262329101562 9.8303070068359375 9.1145610809326171875 8.90871429443359375 8.7904453277587890625
7.7879571914672851562 8.5404653549194335938 8.3425550460815429688 9.270771026611328125 10.902312278747558594 11.171402931213378906 13.169878959655761719 11.137047767639160156 10.395442008972167969 11.949295997619628906 11.074667930603027344 10.256045341491699219 8.75112152099609375 8.99716949462890625 8.9520864486694335938 10.231438636779785156 9.05561065673828125 8.6262645721435546875 8.569522857666015625 7.6635789871215820312 8.2175931930541992188 8.9938411712646484375 9.0696516036987304688 8.0821084976196289062 7.868640899658203125 9.8726778030395507812 15.261152267456054688 10.217041015625 9.0826168060302734375 9.0950536727905273438 8.5602264404296875 9.0101385116577148438 9.1452569961547851562 9.83184051513671875 9.6316919326782226562 9.8208971023559570312 9.4949750900268554688 8.784271240234375 9.0601758956909179688 9.2509098052978515625 9.8539323806762695312 8.729320526123046875 8.3058023452758789062 8.8636236190795898438
10.659293174743652344 11.901257514953613281 15.106688499450683594 13.24054718017578125 11.091436386108398438 7.6447839736938476562 7.8589754104614257812 12.07176971435546875 14.627264976501464844 14.304065704345703125 9.7089433670043945312 7.4794759750366210938 7.2786631584167480469 8.3761138916015625 10.471820831298828125 10.116721153259277344 9.3304910659790039062 8.7638483047485351562 8.7046566009521484375 8.1604471206665039062 9.5324773788452148438 9.1524972915649414062 8.6367359161376953125 8.5822896957397460938 8.8077192306518554688 10.010763168334960938 13.05207061767578125 10.460751533508300781 8.9392576217651367188 9.5820989608764648438 9.2084779739379882812 9.6971569061279296875 9.8465595245361328125 10.036168098449707031 9.6953449249267578125 9.6069822311401367188 9.0372037887573242188 8.264110565185546875 8.4714593887329101562 8.5077581405639648438 9.5951051712036132812 9.0188722610473632812 8.0376682281494140625 8.3861513137817382812
11.708646774291992188 11.039293289184570312 12.661585807800292969 9.258880615234375 7.3585906028747558594 6.5435152053833007812 6.7017259597778320312 9.0273571014404296875 10.365896224975585938 12.56899261474609375 9.6593465805053710938 8.0349445343017578125 7.4299359321594238281 10.606310844421386719 11.475117683410644531 10.029360771179199219 9.5207653045654296875 9.2053956985473632812 9.54080963134765625 9.6077480316162109375 9.9009447097778320312 8.541046142578125 8.8642206192016601562 9.1275491714477539062 10.247759819030761719 14.869486808776855469 11.7753448486328125 11.429802894592285156 10.775529861450195312 10.751249313354492188 10.509103775024414062 11.013868331909179688 11.470211982727050781 10.646427154541015625 9.6601963043212890625 9.3271226882934570312 8.6903257369995117188 7.8392062187194824219 7.8792080879211425781 8.1996622085571289062 9.392154693603515625 9.2182245254516601562 9.7687816619873046875 10.751492500305175781
8.968475341796875 7.3043408393859863281 8.4727334976196289062 8.2677831649780273438 7.2854323387145996094 6.5871453285217285156 6.9284043312072753906 8.4334383010864257812 9.57094573974609375 11.132070541381835938 9.3361005783081054688 8.3103532791137695312 8.0741720199584960938 9.7504940032958984375 12.432114601135253906 10.360672950744628906 9.7123813629150390625 9.45714569091796875 9.619152069091796875 9.7045183181762695312 9.4903717041015625 8.69701385498046875 8.9626283645629882812 9.422046661376953125 12.93730926513671875 13.868472099304199219 11.136803627014160156 10.886949539184570312 10.414526939392089844 10.601073265075683594 9.886566162109375 9.9412279129028320312 9.8210916519165039062 9.9056177139282226562 9.4293298721313476562 9.076534271240234375 8.2272901535034179688 7.031528472900390625 7.4060392379760742188 7.90880584716796875 8.8030557632446289062 9.18167877197265625 11.09305572509765625 10.812314987182617188
6.5821633338928222656 5.2574005126953125 6.2173223495483398438 8.0357408523559570312 7.2973070144653320312 6.8472895622253417969 7.4689612388610839844 8.5539445877075195312 9.7511472702026367188 10.245284080505371094 8.3359308242797851562 7.560085296630859375 6.5619969367980957031 6.3706583976745605469 8.8921995162963867188 10.708491325378417969 9.5925579071044921875 9.6123113632202148438 9.843387603759765625 9.2909021377563476562 9.3373861312866210938 8.3492336273193359375 8.0094499588012695312 9.76760101318359375 14.045652389526367188 12.450907707214355469 10.297109603881835938 9.9937114715576171875 9.3795709609985351562 9.335842132568359375 8.5549488067626953125 8.43660736083984375 8.106197357177734375 8.842594146728515625 8.8356533050537109375 8.3631525039672851562 7.6065335273742675781 7.4928874969482421875 7.9357919692993164062 7.9641528129577636719 8.9614315032958984375 9.7696371078491210938 10.898517608642578125 10.97614288330078125
6.5875253677368164062 5.8478484153747558594 6.7098155021667480469 8.6996021270751953125 8.049449920654296875 7.7613983154296875 8.5253000259399414062 9.639186859130859375 10.147630691528320312 10.213742256164550781 8.3824138641357421875 8.0696363449096679688 7.6903128623962402344 8.7780942916870117188 9.7128973007202148438 10.995003700256347656 10.309611320495605469 9.2908191680908203125 9.3065900802612304688 9.0393190383911132812 9.3162870407104492188 8.1874914169311523438 8.075687408447265625 10.549473762512207031 13.891465187072753906 11.297677993774414062 10.33356475830078125 10.536233901977539062 9.9410657882690429688 9.5893430709838867188 8.8915119171142578125 9.0943584442138671875 8.9137277603149414062 9.098110198974609375 8.5487394332885742188 7.9871296882629394531 8.2562646865844726562 8.1176090240478515625 8.5737371444702148438 8.3977041244506835938 9.1424007415771484375 9.8576946258544921875 10.679089546203613281 11.303084373474121094
