INPUT/RASTER/ASCII/twi.asc
ncols        225
nrows        269
xllcorner    473000.000000000000
yllcorner    4429100.000000000000
cellsize     50.000000000000
NODATA_value -9999
[rows 180 to 199 of 269, columns 88 to 131 of 225]
8.5950870513916015625 8.8087949752807617188 7.4178943634033203125 7.1810755729675292969 6.5063300132751464844 6.577144622802734375 6.2715783119201660156 5.5715246200561523438 6.4485564231872558594 7.4808712005615234375 8.399593353271484375 7.3007349967956542969 7.717250823974609375 7.8649477958679199219 8.0081968307495117188 7.0394597053527832031 6.0360703468322753906 4.7832660675048828125 5.558475494384765625 6.445301055908203125 6.7780146598815917969 7.2535052299499511719 7.3886890411376953125 7.5391721725463867188 13.008108139038085938 7.079509735107421875 6.5271358489990234375 6.1276125907897949219 5.9992246627807617188 7.1219029426574707031 5.4267520904541015625 7.1963057518005371094 9.7281656265258789062 7.7508993148803710938 7.7753939628601074219 7.6130609512329101562 7.74114990234375 6.5764093399047851562 5.996974945068359375 6.3804497718811035156 5.2216181755065917969 5.3161611557006835938 4.73261260986328125 5.0592055320739746094
8.4502325057983398438 8.8049211502075195312 8.0899171829223632812 8.0507040023803710938 7.9782137870788574219 7.5234313011169433594 6.8146901130676269531 6.0251088142395019531 6.367889404296875 7.2958841323852539062 9.0939722061157226562 7.0298290252685546875 6.5514149665832519531 6.3388853073120117188 7.2776980400085449219 6.5806932449340820312 6.1194963455200195312 4.9072294235229492188 5.4006109237670898438 6.1170930862426757812 6.1259169578552246094 7.1772246360778808594 7.143123626708984375 8.0294809341430664062 12.260352134704589844 6.8057427406311035156 6.112583160400390625 6.1084084510803222656 6.1360220909118652344 5.6164975166320800781 5.1378703117370605469 5.0114140510559082031 8.9986114501953125 7.685520172119140625 7.7405309677124023438 7.6168417930603027344 8.0693292617797851562 7.2364282608032226562 6.2061953544616699219 5.7787761688232421875 5.1500926017761230469 5.6855096817016601562 5.2827272415161132812 5.2183408737182617188
8.1788244247436523438 8.3482875823974609375 7.4005889892578125 7.7340068817138671875 10.394170761108398438 9.7800998687744140625 6.9410037994384765625 6.2518897056579589844 6.6286759376525878906 6.9989647865295410156 9.3654241561889648438 6.8863363265991210938 7.2044186592102050781 6.8242344856262207031 6.0210170745849609375 6.4333848953247070312 5.7365288734436035156 5.2195119857788085938 5.3461236953735351562 6.2312469482421875 5.8768672943115234375 6.9195394515991210938 7.17717742919921875 8.4675989151000976562 11.424010276794433594 7.818584442138671875 6.4539494514465332031 6.5465650558471679688 6.5848903656005859375 5.5711383819580078125 5.8586940765380859375 5.8115177154541015625 7.3778824806213378906 7.9453372955322265625 7.3647203445434570312 7.413608551025390625 8.22955322265625 7.4398832321166992188 6.5131039619445800781 6.2790889739990234375 5.5108842849731445312 6.4240894317626953125 5.7662096023559570312 5.4321641921997070312
8.066463470458984375 8.0073728561401367188 6.7120594978332519531 6.6596980094909667969 9.4806957244873046875 8.6782321929931640625 6.2676801681518554688 6.9094572067260742188 7.1947774887084960938 7.5104246139526367188 9.1091775894165039062 6.5926876068115234375 7.1746191978454589844 6.6897301673889160156 5.9902195930480957031 5.2579107284545898438 5.0495133399963378906 5.6419434547424316406 5.6093268394470214844 6.2059197425842285156 5.6369152069091796875 6.5102782249450683594 6.6968054771423339844 7.6801176071166992188 10.506346702575683594 7.7915410995483398438 6.2007741928100585938 6.3938765525817871094 6.4418911933898925781 6.4288811683654785156 8.2287588119506835938 6.2726230621337890625 6.0389318466186523438 8.78643035888671875 7.3235440254211425781 7.8681154251098632812 8.0130138397216796875 7.0144953727722167969 6.9553141593933105469 6.8508157730102539062 5.9957194328308105469 6.2724480628967285156 5.809112548828125 5.8501386642456054688
7.5067296028137207031 7.8647108078002929688 7.3080973625183105469 6.8682293891906738281 8.4096317291259765625 6.8663029670715332031 5.7680215835571289062 6.5251789093017578125 7.3771004676818847656 7.2834634780883789062 9.6888828277587890625 6.7145285606384277344 7.467060089111328125 7.244136810302734375 6.6332998275756835938 6.0100507736206054688 5.6185102462768554688 6.2925176620483398438 6.5416665077209472656 6.6064152717590332031 6.1149020195007324219 6.8775959014892578125 6.7626123428344726562 7.62299346923828125 10.463054656982421875 11.285906791687011719 6.9584965705871582031 6.8909668922424316406 7.6126675605773925781 7.465923309326171875 11.36145782470703125 6.9780797958374023438 5.7593483924865722656 6.13491058349609375 9.526153564453125 11.208479881286621094 7.9488735198974609375 6.9056735038757324219 6.9982509613037109375 7.5248293876647949219 6.4292025566101074219 5.905071258544921875 5.5156793594360351562 5.6971631050109863281
6.9686064720153808594 7.49797821044921875 6.7024693489074707031 6.7373208999633789062 5.6424512863159179688 5.4880547523498535156 6.3533167839050292969 6.7278499603271484375 7.5693492889404296875 7.0858540534973144531 9.5742292404174804688 9.4108877182006835938 8.3021764755249023438 7.3454742431640625 7.2158389091491699219 7.0393171310424804688 6.5907030105590820312 7.1821913719177246094 7.1575746536254882812 6.9686884880065917969 6.0593929290771484375 6.8777308464050292969 6.8344559669494628906 7.4852762222290039062 11.49785614013671875 12.947366714477539062 8.9987592697143554688 7.0658016204833984375 6.8339686393737792969 5.9538478851318359375 10.617447853088378906 7.5471677780151367188 6.2068934440612792969 6.1062245368957519531 6.2837681770324707031 9.2504110336303710938 11.519411087036132812 6.8027601242065429688 6.75904083251953125 7.3136653900146484375 6.3617806434631347656 6.7225494384765625 6.6335954666137695312 6.057872772216796875
6.4352850914001464844 6.5554823875427246094 6.2734360694885253906 6.80413055419921875 5.8557209968566894531 5.7842125892639160156 6.1546878814697265625 6.374858856201171875 6.8774323463439941406 6.2027812004089355469 6.4599757194519042969 8.8551683425903320312 7.6610727310180664062 6.3642468452453613281 7.5563726425170898438 5.6699585914611816406 5.3131222724914550781 6.8423037528991699219 7.9351744651794433594 9.624897003173828125 6.6075115203857421875 6.8159160614013671875 6.3956332206726074219 7.3562994003295898438 10.929021835327148438 11.522434234619140625 7.8993000984191894531 6.0603632926940917969 6.1307191848754882812 5.5142641067504882812 8.3448314666748046875 7.39694976806640625 6.2896566390991210938 6.7689924240112304688 7.2205057144165039062 8.062652587890625 12.681530952453613281 8.2358293533325195312 6.9486904144287109375 6.8021473884582519531 6.4265613555908203125 7.3560810089111328125 7.0849742889404296875 7.0017690658569335938
6.258541107177734375 6.287662506103515625 5.3700652122497558594 6.4345636367797851562 6.8244242668151855469 6.5632109642028808594 7.1644635200500488281 6.9198069572448730469 7.5232501029968261719 7.4171991348266601562 7.3132214546203613281 9.5971021652221679688 8.3055028915405273438 7.3036031723022460938 9.1817350387573242188 7.0125741958618164062 5.7970247268676757812 6.5922818183898925781 8.0081882476806640625 10.901518821716308594 9.5044097900390625 8.0676984786987304688 7.20900726318359375 7.5486612319946289062 10.589686393737792969 11.139880180358886719 7.4789485931396484375 6.1953301429748535156 6.2853560447692871094 5.7775597572326660156 5.9159975051879882812 5.9348340034484863281 6.4551725387573242188 6.6973948478698730469 7.0588383674621582031 7.2785201072692871094 10.3187103271484375 9.3907728195190429688 7.1239037513732910156 7.1135807037353515625 6.5404505729675292969 7.4558215141296386719 6.8786640167236328125 6.9761834144592285156
7.21240997314453125 6.632312774658203125 5.6321682929992675781 6.0335602760314941406 6.1310329437255859375 5.7227540016174316406 7.1067295074462890625 7.2728261947631835938 7.2085289955139160156 7.3595852851867675781 9.270099639892578125 10.273673057556152344 7.8971385955810546875 7.0850949287414550781 7.4141969680786132812 7.4119849205017089844 5.3863954544067382812 7.0377650260925292969 7.776218414306640625 7.9699392318725585938 7.1028780937194824219 8.9689159393310546875 11.375249862670898438 10.080243110656738281 10.453228950500488281 11.255598068237304688 6.9403033256530761719 6.34136199951171875 6.3556308746337890625 5.9964890480041503906 6.3818097114562988281 5.0385913848876953125 5.6574139595031738281 6.0471477508544921875 6.335052490234375 6.7601976394653320312 7.4246993064880371094 10.52202606201171875 7.1117601394653320312 7.1742787361145019531 6.641811370849609375 7.5265536308288574219 7.1393952369689941406 7.1928153038024902344
7.9426474571228027344 8.1524038314819335938 6.8941402435302734375 6.6541585922241210938 6.74510955810546875 6.5404448509216308594 8.8687524795532226562 9.637645721435546875 10.048668861389160156 10.985962867736816406 9.7879915237426757812 8.5334711074829101562 12.220475196838378906 7.1687102317810058594 7.492923736572265625 8.3259067535400390625 7.4367604255676269531 6.8545236587524414062 5.5924425125122070312 5.6662154197692871094 5.1144175529479980469 6.081043243408203125 7.0202765464782714844 8.4901409149169921875 8.6006727218627929688 13.300276756286621094 7.7973103523254394531 6.5474996566772460938 6.6906294822692871094 6.3345608711242675781 6.2882232666015625 5.2047734260559082031 5.7124767303466796875 6.1632342338562011719 5.6878786087036132812 6.8557906150817871094 6.8969554901123046875 13.230924606323242188 8.2894620895385742188 6.7771954536437988281 6.6843562126159667969 7.5324807167053222656 7.2570261955261230469 7.3635916709899902344
6.7204303741455078125 6.7499976158142089844 6.7298989295959472656 7.1377730369567871094 7.2655320167541503906 7.2796487808227539062 12.255005836486816406 9.2111959457397460938 8.1076717376708984375 6.8644223213195800781 6.6730556488037109375 5.757663726806640625 8.3824815750122070312 9.93926239013671875 7.6964702606201171875 9.0218029022216796875 8.6621046066284179688 6.6524248123168945312 5.80078125 8.9661645889282226562 6.7456879615783691406 5.5116205215454101562 5.3454060554504394531 6.013477325439453125 6.287609100341796875 9.2629137039184570312 13.105494499206542969 6.9125537872314453125 6.9393644332885742188 6.0903010368347167969 5.7603588104248046875 5.9265375137329101562 6.8604254722595214844 7.6996784210205078125 7.0139942169189453125 7.0288639068603515625 6.7971653938293457031 11.720560073852539062 10.986223220825195312 6.9562773704528808594 6.5406117439270019531 7.6015110015869140625 7.5941395759582519531 7.6267747879028320312
7.3048205375671386719 7.9601039886474609375 6.8840441703796386719 8.1657915115356445312 8.7344980239868164062 9.6401662826538085938 9.9857158660888671875 7.3595132827758789062 6.7667574882507324219 6.3578033447265625 6.4751124382019042969 6.2704014778137207031 6.4338574409484863281 6.07523345947265625 8.7474231719970703125 5.1699061393737792969 5.4461574554443359375 7.98560333251953125 5.8687806129455566406 7.0306077003479003906 5.8681893348693847656 5.4447603225708007812 5.3306760787963867188 5.6214818954467773438 5.8466958999633789062 5.9901852607727050781 13.1766815185546875 11.44287872314453125 7.2116670608520507812 6.2397532463073730469 6.5129036903381347656 7.3126015663146972656 8.0163621902465820312 6.8479037284851074219 5.8664803504943847656 6.0889482498168945312 6.2756524085998535156 8.74489593505859375 11.597680091857910156 8.5327816009521484375 6.758174896240234375 7.5103163719177246094 7.5282344818115234375 7.7181954383850097656
6.2800312042236328125 6.5919203758239746094 6.4074802398681640625 7.2046599388122558594 8.2100276947021484375 8.751544952392578125 6.2877707481384277344 5.61174774169921875 5.5019421577453613281 5.2664690017700195312 5.3556013107299804688 5.5144758224487304688 6.5734734535217285156 6.3810172080993652344 7.5646839141845703125 8.3319196701049804688 7.043384552001953125 9.5759944915771484375 6.1678152084350585938 6.0597381591796875 4.8745756149291992188 4.9914579391479492188 6.2304019927978515625 6.5527563095092773438 5.0095882415771484375 4.9808888435363769531 7.0036592483520507812 13.220998764038085938 8.5120229721069335938 6.6729040145874023438 6.9114193916320800781 5.5032982826232910156 5.8692531585693359375 5.1364994049072265625 4.9039902687072753906 5.7661433219909667969 6.1519808769226074219 6.9053621292114257812 8.841190338134765625 10.322039604187011719 6.8815522193908691406 7.2563066482543945312 7.7148618698120117188 8.2208299636840820312
7.0708255767822265625 6.93473052978515625 6.1545858383178710938 7.2670941352844238281 8.488407135009765625 8.7325258255004882812 6.0186581611633300781 5.4859476089477539062 5.4995703697204589844 6.0011115074157714844 5.1121487617492675781 5.4542341232299804688 6.0529026985168457031 6.3612866401672363281 5.6411395072937011719 7.1701612472534179688 7.6451902389526367188 12.247905731201171875 7.9194622039794921875 6.3502602577209472656 5.5013175010681152344 5.7432360649108886719 6.0082621574401855469 6.0376796722412109375 4.9954957962036132812 5.2690052986145019531 5.7731990814208984375 8.5953912734985351562 10.8655548095703125 7.1391882896423339844 6.5050330162048339844 5.3440799713134765625 5.38712310791015625 4.3146328926086425781 4.6662812232971191406 5.4908227920532226562 5.7104487419128417969 6.7212238311767578125 6.7758488655090332031 12.336934089660644531 9.0419874191284179688 11.678129196166992188 14.73256683349609375 13.037118911743164062
6.0521502494812011719 6.5750217437744140625 6.0260009765625 6.9771289825439453125 7.8623437881469726562 8.6652784347534179688 8.0891561508178710938 6.91629791259765625 5.9606027603149414062 5.27713775634765625 5.5823760032653808594 5.2091441154479980469 5.8531703948974609375 5.9695425033569335938 5.3114943504333496094 4.8817462921142578125 4.4553227424621582031 8.3114519119262695312 8.2472448348999023438 6.455352783203125 5.6802501678466796875 5.8980345726013183594 5.9107708930969238281 5.9573450088500976562 5.44283294677734375 5.1814775466918945312 5.0071020126342773438 5.9124617576599121094 11.877523422241210938 6.87297821044921875 6.4074892997741699219 5.3964900970458984375 5.3098025321960449219 5.1623640060424804688 5.565196990966796875 5.8415269851684570312 5.4644474983215332031 6.6153464317321777344 6.7894992828369140625 12.40779876708984375 17.3589935302734375 15.810910224914550781 8.1555109024047851562 7.1066064834594726562
6.4788866043090820312 7.9574294090270996094 6.896320343017578125 6.7051167488098144531 7.9925904273986816406 8.6416330337524414062 8.191287994384765625 6.5050282478332519531 6.5617780685424804688 5.9361371994018554688 6.3667492866516113281 5.0984444618225097656 6.3722596168518066406 5.8699364662170410156 5.3522019386291503906 5.7347249984741210938 6.7515592575073242188 10.130804061889648438 6.900196075439453125 6.8450975418090820312 6.0543522834777832031 6.4019026756286621094 6.7072710990905761719 6.9395470619201660156 6.4777555465698242188 5.5724549293518066406 5.2873110771179199219 5.8524518013000488281 11.739679336547851562 7.6870212554931640625 6.531520843505859375 5.4206876754760742188 5.279102325439453125 5.7031159400939941406 6.7419095039367675781 6.2224869728088378906 5.6029348373413085938 6.4174280166625976562 6.6335396766662597656 12.112574577331542969 16.312591552734375 11.38225555419921875 5.9901118278503417969 6.236812591552734375
7.2299737930297851562 6.9767947196960449219 6.1638545989990234375 6.2413020133972167969 7.8950238227844238281 9.125789642333984375 8.588863372802734375 6.4888143539428710938 6.6733498573303222656 6.4485111236572265625 7.0508389472961425781 6.2829809188842773438 6.2266087532043457031 5.8745188713073730469 5.8508610725402832031 8.7587175369262695312 8.275299072265625 5.2044835090637207031 5.6276640892028808594 8.0686664581298828125 6.5306329727172851562 6.3229908943176269531 7.3672590255737304688 7.5331711769104003906 7.1263785362243652344 6.2859373092651367188 6.7812514305114746094 6.2643418312072753906 11.618793487548828125 12.60201263427734375 6.6007013320922851562 5.5196242332458496094 5.8418078422546386719 5.6667056083679199219 5.6157898902893066406 5.4550852775573730469 5.6246428489685058594 6.7584080696105957031 7.1359686851501464844 9.942691802978515625 12.146259307861328125 8.82033538818359375 6.3767609596252441406 6.5392327308654785156
5.923168182373046875 5.5215468406677246094 5.3249273300170898438 5.7511472702026367188 6.8518090248107910156 9.56256866455078125 10.26187896728515625 6.3574428558349609375 5.70090484619140625 5.948688507080078125 6.4340920448303222656 7.1005215644836425781 7.6566648483276367188 6.5790643692016601562 6.3325533866882324219 8.890533447265625 4.8717083930969238281 5.6039166450500488281 4.6562700271606445312 5.7333889007568359375 6.8231754302978515625 6.7712860107421875 8.199108123779296875 8.5460023880004882812 8.178020477294921875 7.1694092750549316406 6.7382535934448242188 6.0448899269104003906 8.8859987258911132812 14.819734573364257812 12.836852073669433594 7.1515383720397949219 6.3110723495483398438 5.6985216140747070312 5.3566808700561523438 5.6932539939880371094 5.3460030555725097656 5.8783512115478515625 6.5409808158874511719 9.8665571212768554688 12.703618049621582031 6.6739053726196289062 5.5153455734252929688 5.61844635009765625
6.647174835205078125 6.3622493743896484375 6.1932263374328613281 6.2558684349060058594 8.0647611618041992188 6.224910736083984375 6.0147943496704101562 7.0065946578979492188 7.1542034149169921875 6.4769191741943359375 6.7977957725524902344 6.9932546615600585938 7.1671547889709472656 8.7459239959716796875 11.707546234130859375 8.4706258773803710938 5.19847869873046875 5.4494013786315917969 5.0574851036071777344 5.6214227676391601562 6.984577178955078125 7.7725610733032226562 7.4530901908874511719 8.4915103912353515625 8.9680347442626953125 6.4601473808288574219 5.7805495262145996094 5.5049791336059570312 6.6980457305908203125 6.4030408859252929688 11.36933135986328125 11.801171302795410156 7.1243662834167480469 5.4804072380065917969 5.2625269889831542969 5.6340517997741699219 5.4052338600158691406 5.7821197509765625 6.03458404541015625 10.698307991027832031 12.40648651123046875 6.6544589996337890625 5.5487575531005859375 5.7668290138244628906
6.6611261367797851562 6.9566440582275390625 7.1864986419677734375 7.3233408927917480469 7.834865570068359375 5.1916565895080566406 5.2323069572448730469 5.2021594047546386719 6.6771779060363769531 6.6166706085205078125 7.3263707160949707031 7.0550060272216796875 7.0999493598937988281 7.4771971702575683594 11.110074996948242188 7.6075735092163085938 5.3759274482727050781 5.8253650665283203125 5.6226525306701660156 6.1522536277770996094 7.73223876953125 7.5423860549926757812 5.8587813377380371094 6.8803396224975585938 11.726149559020996094 8.3019609451293945312 7.1651148796081542969 6.6594090461730957031 6.5403323173522949219 5.8523106575012207031 5.8818111419677734375 8.35364532470703125 10.668728828430175781 7.039958953857421875 5.67632293701171875 5.7884287834167480469 5.602264404296875 5.7740306854248046875 5.7952404022216796875 8.9776248931884765625 11.634183883666992188 8.0102605819702148438 7.5792074203491210938 7.2108054161071777344
