Phytophthora/models/20240506_1155_30/Phytophthora_PA3_RUN6_MAXENT_outputs/Phytophthora_PA3_RUN6.asc
ncols         225
nrows         269
xllcorner     473009.9838
yllcorner     4429051.1748
cellsize      50.0
NODATA_value  -9999
[rows 104 to 129 of 269, columns 120 to 179 of 225]
3.53344E-1 3.19002E-1 -9999 -9999 -9999 -9999 -9999 -9999 -9999 -9999 -9999 -9999 -9999 -9999 -9999 -9999 -9999 -9999 -9999 -9999 -9999 -9999 -9999 -9999 -9999 -9999 -9999 -9999 -9999 -9999 -9999 -9999 -9999 -9999 -9999 2.29312E-1 2.30316E-1 2.44961E-1 2.32424E-1 2.44407E-1 2.49983E-1 2.60788E-1 2.65697E-1 1.96631E-1 1.41389E-1 1.44476E-1 1.54934E-1 1.85973E-1 1.73771E-1 2.55627E-1 2.47597E-1 2.42406E-1 1.58646E-1 1.50026E-1 1.47561E-1 1.3525E-1 7.70503E-2 9.61059E-2 1.14627E-1 5.52116E-2
3.32044E-1 2.91065E-1 2.85564E-1 -9999 -9999 -9999 -9999 -9999 -9999 -9999 -9999 -9999 -9999 -9999 -9999 -9999 -9999 -9999 -9999 -9999 -9999 -9999 -9999 -9999 -9999 -9999 -9999 -9999 -9999 -9999 -9999 -9999 -9999 -9999 1.91879E-1 1.99006E-1 1.77782E-1 2.08296E-1 1.65228E-1 1.57612E-1 1.75994E-1 1.80815E-1 1.73928E-1 1.62423E-1 6.58202E-2 1.12216E-1 1.38199E-1 1.48718E-1 1.53447E-1 2.30543E-1 2.72618E-1 2.74072E-1 1.87405E-1 1.78636E-1 1.18657E-1 1.02136E-1 1.13948E-1 1.02383E-1 8.77491E-2 1.36961E-1
3.41132E-1 3.24855E-1 2.92703E-1 2.81308E-1 -9999 -9999 -9999 -9999 -9999 -9999 -9999 -9999 -9999 -9999 -9999 -9999 -9999 -9999 -9999 -9999 -9999 -9999 -9999 -9999 -9999 -9999 -9999 -9999 -9999 -9999 -9999 -9999 -9999 -9999 2.44482E-1 1.70592E-1 2.37331E-1 1.411E-1 2.66468E-1 2.27082E-1 2.27139E-1 2.43899E-1 2.55451E-1 2.67118E-1 1.24041E-1 1.88567E-1 1.85879E-1 1.96708E-1 2.59196E-1 2.01141E-1 1.86683E-1 1.63523E-1 1.52302E-1 1.06737E-1 1.39544E-1 1.38993E-1 1.06959E-1 6.06634E-2 1.27256E-1 1.44596E-1
3.22985E-1 3.0234E-1 3.06948E-1 3.10137E-1 3.18113E-1 -9999 -9999 -9999 -9999 -9999 -9999 -9999 -9999 -9999 -9999 -9999 -9999 -9999 -9999 -9999 -9999 -9999 -9999 -9999 -9999 -9999 -9999 -9999 -9999 -9999 -9999 -9999 1.12591E-1 1.8131E-1 2.97941E-1 2.98295E-1 1.38733E-1 2.31958E-1 2.69901E-1 2.47661E-1 2.02569E-1 1.99562E-1 2.00317E-1 2.62106E-1 1.85136E-1 1.96776E-1 1.47246E-1 1.93173E-1 2.45749E-1 2.53697E-1 2.80398E-1 2.93895E-1 2.73112E-1 2.02507E-1 1.72035E-1 1.22507E-1 1.33333E-1 1.05988E-1 1.22461E-1 1.37783E-1
4.28531E-1 2.08155E-1 2.50723E-1 3.07113E-1 3.27751E-1 4.0284E-1 -9999 -9999 -9999 -9999 -9999 -9999 -9999 -9999 -9999 -9999 -9999 -9999 -9999 -9999 -9999 -9999 -9999 -9999 -9999 -9999 -9999 -9999 -9999 -9999 -9999 1.37151E-1 1.54562E-1 1.27772E-1 2.27722E-1 2.53941E-1 2.72036E-1 1.9809E-1 2.13253E-1 2.31638E-1 2.17901E-1 2.19938E-1 1.84138E-1 2.31535E-1 2.18437E-1 1.02712E-1 1.34765E-1 1.31221E-1 2.18645E-1 2.22421E-1 2.54619E-1 2.76549E-1 2.24164E-1 1.76789E-1 1.72604E-1 1.46516E-1 1.20666E-1 7.98912E-2 1.06064E-1 1.13775E-1
2.51351E-1 3.34234E-1 1.8747E-1 3.03803E-1 3.29468E-1 4.49556E-1 4.79639E-1 -9999 -9999 -9999 -9999 -9999 -9999 -9999 -9999 -9999 -9999 -9999 -9999 -9999 -9999 -9999 -9999 -9999 -9999 -9999 -9999 -9999 -9999 -9999 -9999 1.6079E-1 1.20387E-1 1.98005E-1 2.37145E-1 2.73739E-1 2.64005E-1 1.67555E-1 1.45779E-1 1.44014E-1 1.79391E-1 1.91757E-1 2.01713E-1 1.9381E-1 1.78346E-1 7.45231E-2 8.83887E-2 6.98505E-2 1.87026E-1 1.81094E-1 2.14983E-1 2.15155E-1 1.78934E-1 1.66249E-1 1.50051E-1 1.23557E-1 8.84495E-2 6.24748E-2 8.34742E-2 9.10543E-2
3.39064E-1 2.64022E-1 2.14761E-1 3.11755E-1 3.33632E-1 4.03872E-1 5.24985E-1 3.80837E-1 -9999 -9999 -9999 -9999 -9999 -9999 -9999 -9999 -9999 -9999 -9999 -9999 -9999 -9999 -9999 -9999 -9999 -9999 -9999 -9999 -9999 -9999 -9999 2.06356E-1 1.40207E-1 2.03489E-1 2.00768E-1 2.43334E-1 2.20157E-1 2.05678E-1 1.30713E-1 1.04328E-1 1.00654E-1 1.52498E-1 1.57953E-1 1.51847E-1 1.45244E-1 1.82982E-2 5.45344E-2 8.86021E-2 1.55673E-1 1.44623E-1 1.77794E-1 1.85817E-1 1.45704E-1 1.3598E-1 1.16964E-1 8.59898E-2 6.23276E-2 5.17722E-2 6.34083E-2 6.88422E-2
2.15865E-1 2.28251E-1 2.70847E-1 3.14412E-1 3.75158E-1 2.30993E-1 4.34145E-1 4.15809E-1 3.93227E-1 -9999 -9999 -9999 -9999 -9999 -9999 -9999 -9999 -9999 -9999 -9999 -9999 -9999 -9999 -9999 -9999 -9999 -9999 -9999 -9999 -9999 1.67893E-1 1.10316E-1 1.95494E-1 1.70131E-1 1.5697E-1 1.84032E-1 1.88111E-1 1.68389E-1 1.05135E-1 6.98422E-2 7.18578E-2 7.78898E-2 1.08185E-1 1.19639E-1 4.64518E-2 8.73442E-2 6.12039E-2 9.74569E-2 1.22567E-1 1.10683E-1 1.432E-1 1.296E-1 1.05474E-1 1.1175E-1 8.23964E-2 5.47639E-2 4.50378E-2 4.62778E-2 4.85054E-2 5.10362E-2
1.98541E-1 2.64029E-1 2.51874E-1 2.3476E-1 3.96483E-1 3.08818E-1 5.09858E-1 5.02382E-1 4.69483E-1 -9999 -9999 -9999 -9999 -9999 -9999 -9999 -9999 -9999 -9999 -9999 -9999 -9999 -9999 -9999 -9999 -9999 -9999 -9999 -9999 2.26064E-1 1.90474E-1 1.55876E-1 1.72677E-1 1.47855E-1 1.37413E-1 1.46536E-1 1.63601E-1 1.41789E-1 6.34033E-2 5.03603E-2 5.56111E-2 6.74574E-2 6.76458E-2 1.01485E-1 1.76293E-2 9.76204E-2 6.26555E-2 9.10217E-2 9.70756E-2 8.69556E-2 1.14733E-1 9.66313E-2 9.66673E-2 7.37193E-2 4.83318E-2 4.20429E-2 3.66912E-2 3.87209E-2 4.02064E-2 4.23735E-2
2.59041E-1 2.89311E-1 2.98384E-1 2.53885E-1 3.77637E-1 3.54651E-1 3.15263E-1 5.96175E-1 5.45277E-1 -9999 -9999 -9999 -9999 -9999 -9999 -9999 -9999 -9999 -9999 -9999 -9999 -9999 -9999 -9999 -9999 -9999 -9999 -9999 -9999 1.89823E-1 1.88288E-1 1.82931E-1 1.7179E-1 1.36712E-1 1.36242E-1 1.54563E-1 2.31846E-1 2.17781E-1 9.34645E-2 8.44344E-2 8.18452E-2 8.86693E-2 8.44574E-2 8.305E-2 9.1068E-2 9.4938E-2 6.87278E-2 9.97598E-2 8.53949E-2 9.54699E-2 1.11483E-1 1.11281E-1 8.18918E-2 5.81369E-2 4.74365E-2 4.33301E-2 3.97698E-2 4.25526E-2 4.94867E-2 6.48863E-2
3.02634E-1 3.35861E-1 3.08945E-1 3.55795E-1 3.59568E-1 4.94843E-1 3.66931E-1 6.40508E-1 -9999 -9999 -9999 -9999 -9999 -9999 -9999 -9999 -9999 -9999 -9999 -9999 -9999 -9999 -9999 -9999 -9999 -9999 -9999 -9999 -9999 2.32946E-1 2.5624E-1 2.25352E-1 1.55063E-1 1.51378E-1 1.5398E-1 1.56706E-1 1.78127E-1 1.9344E-1 1.89526E-1 1.35208E-1 1.22335E-1 1.29568E-1 1.11963E-1 1.02555E-1 8.58454E-2 7.46714E-2 7.38958E-2 8.83602E-2 6.78403E-2 1.0184E-1 9.90821E-2 7.44677E-2 6.79726E-2 5.51461E-2 4.89824E-2 4.40313E-2 4.97173E-2 6.26923E-2 7.5131E-2 1.00028E-1
1.62727E-1 3.77689E-1 3.42224E-1 3.0662E-1 4.35162E-1 5.20176E-1 5.26388E-1 5.34298E-1 4.66219E-1 -9999 -9999 -9999 -9999 -9999 -9999 -9999 -9999 -9999 -9999 -9999 -9999 -9999 -9999 -9999 -9999 -9999 -9999 -9999 -9999 -9999 3.02998E-1 2.12945E-1 2.24535E-1 2.19846E-1 2.52735E-1 2.59429E-1 2.62201E-1 2.75749E-1 3.06403E-1 2.50129E-1 1.80283E-1 1.65071E-1 1.40261E-1 1.17326E-1 9.91653E-2 2.10211E-2 1.31378E-1 7.07031E-2 9.90437E-2 9.79464E-2 6.41265E-2 6.22685E-2 6.27152E-2 5.59118E-2 5.1574E-2 6.59238E-2 8.67046E-2 1.04199E-1 1.20944E-1 1.42785E-1
1.13512E-1 2.46822E-1 3.88523E-1 2.68408E-1 4.91702E-1 5.19305E-1 1.53257E-1 4.98851E-1 6.03336E-1 -9999 -9999 -9999 -9999 -9999 -9999 -9999 -9999 -9999 -9999 -9999 -9999 -9999 -9999 -9999 -9999 -9999 -9999 -9999 -9999 -9999 -9999 2.23895E-1 2.6248E-1 2.66132E-1 2.11268E-1 2.10383E-1 3.45003E-1 3.51324E-1 3.95427E-1 4.10203E-1 3.07022E-1 2.38848E-1 1.87477E-1 1.60934E-1 1.41589E-1 1.56107E-1 1.17627E-1 1.33438E-1 1.80856E-1 1.11288E-1 8.8343E-2 6.88218E-2 6.17108E-2 7.04871E-2 9.3574E-2 1.18541E-1 1.42999E-1 1.67522E-1 1.85707E-1 2.1087E-1
3.94373E-1 1.49579E-1 4.06788E-1 6.385E-1 4.60016E-1 4.88148E-1 3.50482E-1 3.66758E-1 -9999 -9999 -9999 -9999 -9999 -9999 -9999 -9999 -9999 -9999 -9999 -9999 -9999 -9999 -9999 -9999 -9999 1.63841E-1 2.57962E-1 -9999 -9999 -9999 -9999 3.06916E-1 3.03296E-1 3.17475E-1 3.38355E-1 3.83274E-1 3.67396E-1 2.54592E-1 4.28383E-1 4.55763E-1 4.52167E-1 4.09518E-1 2.97712E-1 2.72757E-1 2.80651E-1 9.06213E-2 1.19099E-1 2.49143E-1 1.86144E-1 1.75062E-1 1.55422E-1 1.18328E-1 8.98321E-2 1.11023E-1 1.75305E-1 2.04267E-1 2.15236E-1 2.36669E-1 2.6218E-1 3.07829E-1
2.49061E-1 3.94063E-1 5.92823E-1 5.16675E-1 5.87424E-1 2.14066E-1 4.55333E-1 3.47914E-1 -9999 -9999 -9999 -9999 -9999 -9999 -9999 -9999 -9999 -9999 -9999 -9999 -9999 -9999 -9999 -9999 -9999 8.76467E-2 2.39646E-1 2.72913E-1 -9999 -9999 -9999 2.74757E-1 2.87575E-1 3.06852E-1 3.34365E-1 3.71053E-1 4.21663E-1 4.86136E-1 4.91109E-1 5.04934E-1 4.7747E-1 4.33199E-1 3.81048E-1 2.8457E-1 1.4271E-1 1.69145E-1 1.43616E-1 1.53063E-1 1.67966E-1 1.86306E-1 1.62177E-1 1.18278E-1 9.15725E-2 1.30116E-1 2.13011E-1 2.03827E-1 2.17082E-1 2.44638E-1 2.90821E-1 3.57252E-1
1.88471E-1 2.22233E-1 1.97335E-1 2.13703E-1 4.32899E-1 4.70723E-1 4.59495E-1 -9999 -9999 -9999 -9999 -9999 -9999 -9999 -9999 -9999 -9999 -9999 -9999 -9999 -9999 -9999 -9999 -9999 9.44618E-2 1.07694E-1 2.55165E-1 3.07481E-1 4.23372E-1 2.77188E-1 2.76414E-1 2.9908E-1 2.97872E-1 2.76662E-1 3.0109E-1 3.19583E-1 3.7474E-1 4.70758E-1 4.8564E-1 3.78245E-1 4.72391E-1 4.39563E-1 3.26666E-1 1.88726E-1 1.19248E-1 1.79751E-1 5.51236E-2 1.75891E-1 1.929E-1 2.10229E-1 1.85326E-1 1.34278E-1 1.01471E-1 1.69594E-1 1.99412E-1 1.63074E-1 1.85002E-1 2.34667E-1 3.2547E-1 3.83699E-1
2.69832E-1 1.83342E-1 1.5799E-1 3.0415E-1 2.96609E-1 4.03746E-1 4.14917E-1 -9999 -9999 -9999 -9999 -9999 -9999 -9999 -9999 -9999 -9999 -9999 -9999 -9999 -9999 -9999 -9999 1.40345E-1 1.96464E-1 2.25707E-1 1.59339E-1 4.18562E-1 3.09666E-1 2.35423E-1 3.37317E-1 3.20961E-1 3.02699E-1 2.6568E-1 2.5608E-1 2.56822E-1 2.45896E-1 2.95745E-1 3.86062E-1 3.55316E-1 3.82753E-1 4.1846E-1 2.6587E-1 1.70668E-1 8.23434E-2 7.2926E-2 2.03697E-1 8.95178E-2 2.33538E-1 2.52073E-1 2.27488E-1 1.47504E-1 1.48295E-1 1.6068E-1 1.53976E-1 1.60431E-1 1.85909E-1 2.66688E-1 3.44275E-1 3.89593E-1
2.72557E-1 2.25521E-1 1.55389E-1 2.6219E-1 2.60524E-1 4.74484E-1 3.46916E-1 -9999 -9999 -9999 -9999 -9999 -9999 -9999 -9999 -9999 -9999 -9999 -9999 -9999 -9999 -9999 -9999 2.5307E-1 3.48184E-1 3.35901E-1 2.30429E-1 3.83223E-1 3.00774E-1 2.11818E-1 3.48465E-1 3.28002E-1 3.3378E-1 2.93866E-1 2.33558E-1 2.06063E-1 2.01852E-1 2.21541E-1 2.83408E-1 3.3226E-1 3.27216E-1 2.82401E-1 1.90145E-1 5.89789E-2 4.45481E-2 7.44478E-2 2.13855E-1 2.5425E-1 2.66703E-1 3.02117E-1 2.62016E-1 1.69652E-1 1.95449E-1 1.55192E-1 9.92935E-2 1.24452E-1 1.85001E-1 2.76884E-1 3.2376E-1 3.65272E-1
3.02601E-1 3.90301E-1 4.61008E-1 4.25354E-1 4.93945E-1 5.60657E-1 5.81109E-1 -9999 -9999 -9999 -9999 -9999 -9999 -9999 -9999 -9999 -9999 -9999 -9999 -9999 -9999 -9999 -9999 4.49041E-1 -9999 3.18081E-1 5.14322E-1 3.10152E-1 3.10581E-1 2.08369E-1 3.39682E-1 2.08221E-1 3.25726E-1 2.99251E-1 2.68719E-1 2.22072E-1 2.0513E-1 1.84721E-1 1.7091E-1 1.69539E-1 2.01863E-1 1.83435E-1 1.63802E-1 2.42355E-1 2.06412E-1 1.94968E-1 1.99799E-1 2.61442E-1 2.77301E-1 1.55459E-1 2.58472E-1 2.27241E-1 1.88588E-1 1.09354E-1 9.68359E-2 1.35127E-1 2.01443E-1 2.52155E-1 2.95832E-1 3.27393E-1
3.68686E-1 4.57591E-1 4.53348E-1 6.31668E-1 6.93979E-1 5.73487E-1 5.18772E-1 5.16851E-1 4.50591E-1 2.93452E-1 5.19136E-1 -9999 -9999 -9999 -9999 -9999 -9999 -9999 -9999 -9999 -9999 -9999 -9999 -9999 -9999 -9999 4.38618E-1 2.55395E-1 3.47558E-1 2.3401E-1 3.03811E-1 2.707E-1 2.99686E-1 2.87461E-1 3.04158E-1 2.41883E-1 1.7435E-1 9.89293E-2 7.43546E-2 9.83217E-2 1.34743E-1 1.24894E-1 9.98007E-2 7.15593E-2 1.69089E-1 1.41166E-1 1.69011E-1 2.14561E-1 2.33853E-1 2.90516E-1 1.04719E-1 2.27003E-1 1.97958E-1 1.04061E-1 1.07191E-1 1.41139E-1 1.75315E-1 2.27788E-1 2.64604E-1 2.95748E-1
4.08028E-1 5.02842E-1 7.29936E-1 4.81485E-1 6.72092E-1 4.81304E-1 4.46107E-1 4.642E-1 4.72607E-1 4.01138E-1 2.50656E-1 -9999 -9999 -9999 -9999 -9999 -9999 -9999 -9999 -9999 -9999 -9999 -9999 -9999 -9999 -9999 4.09114E-1 3.98472E-1 2.27052E-1 3.27128E-1 3.03442E-1 2.85593E-1 2.70381E-1 2.8001E-1 2.26697E-1 1.46504E-1 7.99858E-2 6.53214E-2 6.7031E-2 8.86916E-2 1.05324E-1 1.18987E-1 1.27843E-1 1.326E-1 1.75846E-1 2.23261E-1 1.54277E-1 1.53863E-1 1.56685E-1 1.38467E-1 1.08466E-1 1.37837E-1 1.45551E-1 1.15273E-1 1.09035E-1 1.19066E-1 1.84015E-1 1.97481E-1 2.08837E-1 1.61924E-1
4.02546E-1 4.70039E-1 5.76983E-1 5.47851E-1 3.97076E-1 3.52712E-1 3.59415E-1 3.88613E-1 3.82265E-1 3.43889E-1 2.85115E-1 -9999 -9999 -9999 -9999 -9999 -9999 -9999 -9999 -9999 -9999 -9999 -9999 -9999 -9999 -9999 4.19109E-1 3.91804E-1 2.0724E-1 3.13796E-1 3.01697E-1 2.98472E-1 2.67752E-1 2.97511E-1 2.11704E-1 2.05309E-1 6.59892E-2 6.3435E-2 8.21854E-2 1.17926E-1 1.4782E-1 1.5165E-1 1.56864E-1 1.61745E-1 2.17164E-1 2.41901E-1 1.97766E-1 1.65459E-1 1.63669E-1 1.42937E-1 1.19875E-1 3.47734E-2 7.7248E-2 1.17469E-1 1.27182E-1 1.3096E-1 1.13665E-1 1.85162E-1 1.37908E-1 1.77798E-1
4.31827E-1 4.29131E-1 3.39247E-1 3.30684E-1 3.07984E-1 2.9266E-1 3.12393E-1 3.43579E-1 3.29325E-1 2.2726E-1 3.37812E-1 4.96177E-1 -9999 -9999 -9999 -9999 -9999 -9999 -9999 -9999 -9999 -9999 -9999 -9999 -9999 -9999 3.00549E-1 3.44881E-1 2.62891E-1 1.81561E-1 3.0026E-1 3.06983E-1 2.72286E-1 2.66239E-1 2.53683E-1 1.06701E-1 1.40991E-1 7.66418E-2 1.10707E-1 1.71218E-1 2.1248E-1 2.36857E-1 2.36823E-1 2.25977E-1 2.22049E-1 2.45555E-1 2.32626E-1 1.68119E-1 1.56151E-1 1.36904E-1 1.34345E-1 8.99074E-2 5.55695E-2 8.95218E-2 1.23921E-1 2.06352E-1 2.16462E-1 1.17055E-1 1.59091E-1 2.6055E-1
2.90952E-1 3.11109E-1 3.18367E-1 2.68928E-1 2.33206E-1 2.69028E-1 2.85537E-1 3.08827E-1 2.66394E-1 3.24885E-1 4.79436E-1 2.8207E-1 -9999 -9999 -9999 -9999 -9999 -9999 -9999 -9999 -9999 -9999 -9999 -9999 -9999 -9999 3.12965E-1 3.21172E-1 2.95054E-1 3.1085E-1 2.03127E-1 2.6367E-1 2.34463E-1 2.5179E-1 2.4593E-1 2.12017E-1 1.65177E-1 1.36413E-1 1.43828E-1 1.94397E-1 2.26865E-1 1.63091E-1 2.88295E-1 2.77016E-1 2.46494E-1 2.22021E-1 2.15061E-1 1.81914E-1 1.6793E-1 1.53652E-1 7.67746E-2 1.04143E-1 9.20949E-2 9.08948E-2 9.32535E-2 1.51489E-1 2.60047E-1 1.98287E-1 2.60229E-1 3.25956E-1
1.86178E-1 2.75125E-1 2.81948E-1 2.38144E-1 1.9696E-1 2.07916E-1 2.38776E-1 3.2252E-1 3.61988E-1 4.15842E-1 3.61107E-1 4.50471E-1 4.52158E-1 4.49578E-1 -9999 -9999 -9999 -9999 -9999 -9999 -9999 -9999 -9999 -9999 -9999 -9999 3.96413E-1 3.12762E-1 2.70326E-1 2.66954E-1 3.10929E-1 2.45707E-1 2.45224E-1 2.62436E-1 1.78231E-1 2.68146E-1 2.04825E-1 1.64288E-1 1.57504E-1 1.99059E-1 2.66615E-1 1.83452E-1 3.02775E-1 2.90393E-1 2.51181E-1 2.12964E-1 1.92047E-1 1.69719E-1 1.68613E-1 1.95442E-1 1.34449E-1 1.48359E-1 1.29678E-1 1.27817E-1 1.16203E-1 2.21891E-1 1.6821E-1 2.80968E-1 2.53503E-1 3.13902E-1
2.12964E-1 2.1598E-1 1.94504E-1 1.57575E-1 1.46875E-1 3.3367E-1 4.3831E-1 4.64722E-1 3.84532E-1 4.88776E-1 4.89948E-1 5.43235E-1 5.24081E-1 4.81533E-1 4.58875E-1 5.02015E-1 -9999 -9999 -9999 -9999 -9999 -9999 -9999 -9999 -9999 -9999 5.74442E-2 1.98938E-1 2.02157E-1 2.31461E-1 3.12365E-1 1.53536E-1 2.60393E-1 2.71559E-1 2.65271E-1 3.32894E-1 2.62135E-1 2.06926E-1 2.18365E-1 1.81238E-1 2.39892E-1 2.99053E-1 3.082E-1 2.90854E-1 2.62514E-1 2.36219E-1 2.1521E-1 1.76914E-1 1.06057E-1 8.98184E-2 1.9913E-1 2.44822E-1 1.76384E-1 1.662E-1 1.59041E-1 2.77747E-1 1.50422E-1 3.11595E-1 2.77863E-1 2.76119E-1
