Phytophthora/models/20240506_1155_30/Phytophthora_PA3_RUN6_MAXENT_outputs/Phytophthora_PA3_RUN6.asc
ncols         225
nrows         269
xllcorner     473009.9838
yllcorner     4429051.1748
cellsize      50.0
NODATA_value  -9999
[rows 234 to 259 of 269, columns 120 to 179 of 225]
1.90558E-1 2.23241E-1 2.16476E-1 2.05935E-1 2.12447E-1 1.95921E-1 1.93568E-1 2.01454E-1 2.13078E-1 3.90048E-1 3.6961E-1 4.34855E-1 3.36329E-1 3.36617E-1 3.41698E-1 4.04574E-1 3.62128E-1 4.05136E-1 4.76709E-1 1.83917E-1 5.78903E-1 5.51221E-1 4.8213E-1 3.98155E-1 3.43616E-1 3.51692E-1 3.80255E-1 3.89495E-1 3.96484E-1 3.76584E-1 2.94642E-1 2.92062E-1 3.28363E-1 3.85332E-1 4.44346E-1 5.60996E-1 5.70979E-1 3.06931E-1 3.45202E-1 2.96898E-1 3.18499E-1 3.58799E-1 2.97536E-1 4.75771E-1 1.56767E-1 4.69823E-1 3.89295E-1 3.06412E-1 2.76717E-1 2.27686E-1 2.12742E-1 2.42037E-1 3.3341E-1 4.06432E-1 4.04353E-1 5.71686E-1 5.60147E-1 4.73368E-1 4.49825E-1 4.47192E-1
2.43017E-1 2.98097E-1 2.91732E-1 2.5834E-1 2.48601E-1 2.34898E-1 2.53529E-1 2.9048E-1 2.9134E-1 4.39896E-1 4.42967E-1 4.96114E-1 4.04387E-1 3.19204E-1 3.08068E-1 3.30836E-1 3.32404E-1 3.69199E-1 4.44156E-1 4.65019E-1 4.64912E-1 4.12371E-1 3.89819E-1 3.77813E-1 4.0609E-1 4.46908E-1 4.56277E-1 4.49655E-1 4.53319E-1 3.85338E-1 3.42449E-1 3.60495E-1 3.46375E-1 3.91039E-1 4.4966E-1 5.11809E-1 5.37776E-1 4.0064E-1 2.62045E-1 2.74843E-1 2.77892E-1 4.03994E-1 5.24612E-1 5.06948E-1 3.04524E-1 3.416E-1 3.96629E-1 3.15488E-1 2.69959E-1 2.13088E-1 2.13112E-1 3.10248E-1 4.24936E-1 4.62254E-1 3.75376E-1 5.66265E-1 5.8827E-1 5.08921E-1 4.51959E-1 4.46545E-1
2.93138E-1 3.25525E-1 3.36486E-1 3.02757E-1 2.78085E-1 2.54994E-1 3.20895E-1 3.85633E-1 3.85982E-1 5.16879E-1 5.06108E-1 5.50333E-1 4.60563E-1 3.61517E-1 2.8958E-1 2.96658E-1 3.11237E-1 3.57064E-1 3.9531E-1 4.05353E-1 5.23595E-1 4.74793E-1 4.75542E-1 4.32981E-1 4.16145E-1 4.90757E-1 5.14525E-1 5.1584E-1 5.30405E-1 4.56637E-1 4.29341E-1 4.03333E-1 3.77391E-1 5.02782E-1 5.16508E-1 5.03666E-1 4.09705E-1 3.37335E-1 1.68594E-1 2.13314E-1 3.46245E-1 5.14864E-1 5.48347E-1 5.18051E-1 5.47315E-1 6.0294E-1 4.65609E-1 3.88694E-1 3.31441E-1 3.30738E-1 3.89994E-1 4.84958E-1 5.35525E-1 5.58608E-1 4.55886E-1 6.41819E-1 6.16836E-1 5.35098E-1 4.75393E-1 4.76783E-1
2.70276E-1 3.17516E-1 2.83189E-1 1.95167E-1 1.60311E-1 1.59471E-1 2.68516E-1 4.4513E-1 4.66141E-1 5.87769E-1 5.44422E-1 6.04785E-1 4.99735E-1 4.19032E-1 3.59693E-1 3.3633E-1 2.97955E-1 3.4119E-1 3.96869E-1 2.99707E-1 4.90144E-1 4.95171E-1 4.09989E-1 3.93796E-1 5.07618E-1 5.46419E-1 5.69166E-1 5.78935E-1 6.0267E-1 5.1137E-1 4.69632E-1 4.2141E-1 4.69371E-1 5.45725E-1 5.25748E-1 5.17573E-1 3.20813E-1 2.90745E-1 3.15117E-1 4.06579E-1 4.23138E-1 5.72606E-1 5.66031E-1 5.23984E-1 5.55378E-1 4.00505E-1 3.9294E-1 3.59773E-1 3.7193E-1 4.43018E-1 5.08638E-1 6.36029E-1 6.88148E-1 6.66084E-1 6.6637E-1 6.08721E-1 6.38138E-1 6.03163E-1 5.50234E-1 4.90386E-1
5.24247E-1 4.74688E-1 3.30176E-1 2.98448E-1 3.09771E-1 2.86207E-1 3.57553E-1 3.21695E-1 3.62334E-1 5.91333E-1 5.65043E-1 6.65134E-1 5.66206E-1 4.97103E-1 4.48968E-1 4.21502E-1 3.9281E-1 3.56913E-1 3.87248E-1 3.8695E-1 4.43738E-1 4.20739E-1 3.65262E-1 4.09373E-1 5.40764E-1 5.92154E-1 6.11195E-1 6.37456E-1 6.57038E-1 5.57438E-1 4.99753E-1 4.68771E-1 6.04298E-1 5.80436E-1 4.9064E-1 2.54789E-1 2.98951E-1 1.89065E-1 3.27305E-1 4.58653E-1 5.70069E-1 5.74032E-1 5.43489E-1 4.75612E-1 2.18739E-1 3.20001E-1 3.06846E-1 3.54561E-1 4.92386E-1 5.78211E-1 6.72191E-1 7.29223E-1 5.83314E-1 5.94749E-1 6.42075E-1 5.78624E-1 6.43066E-1 6.32446E-1 5.87209E-1 4.79787E-1
3.50344E-1 2.84198E-1 2.34034E-1 2.66617E-1 2.98401E-1 3.01347E-1 3.08721E-1 4.74532E-1 4.97703E-1 5.82767E-1 4.47106E-1 6.56633E-1 5.98242E-1 5.55739E-1 5.12147E-1 4.87502E-1 4.51939E-1 4.18785E-1 4.16182E-1 3.90905E-1 4.07774E-1 3.6811E-1 3.94274E-1 4.41747E-1 5.69343E-1 6.24207E-1 6.37474E-1 6.78293E-1 5.98336E-1 5.4005E-1 4.88227E-1 5.51296E-1 4.17447E-1 5.00261E-1 4.56203E-1 3.70545E-1 2.27982E-1 2.52228E-1 3.51315E-1 4.79629E-1 5.70503E-1 5.46021E-1 4.98243E-1 3.28156E-1 3.56919E-1 3.57843E-1 3.66947E-1 4.64904E-1 5.82193E-1 6.31027E-1 6.61299E-1 6.94212E-1 5.14908E-1 6.54376E-1 3.65502E-1 5.28182E-1 6.6305E-1 6.55496E-1 6.23254E-1 5.47099E-1
2.72485E-1 2.48948E-1 2.37555E-1 3.35033E-1 3.47835E-1 3.36564E-1 2.74203E-1 4.7705E-1 5.88154E-1 5.75371E-1 6.3996E-1 6.01689E-1 5.23419E-1 5.63135E-1 4.91502E-1 4.7701E-1 4.6242E-1 4.28115E-1 4.3978E-1 4.57507E-1 3.99227E-1 3.79925E-1 4.33785E-1 5.34653E-1 5.75581E-1 6.16519E-1 6.60995E-1 6.42463E-1 5.23899E-1 3.87144E-1 3.65694E-1 5.8015E-1 6.13605E-1 6.44142E-1 4.66679E-1 4.21541E-1 4.05227E-1 2.51951E-1 3.67688E-1 4.79845E-1 5.45124E-1 5.1673E-1 4.50233E-1 1.91466E-1 3.51116E-1 3.68942E-1 4.08844E-1 5.05421E-1 6.08649E-1 6.65054E-1 6.01748E-1 6.61444E-1 4.95769E-1 5.65997E-1 4.60897E-1 5.59897E-1 6.317E-1 6.55864E-1 6.33462E-1 6.16686E-1
3.24075E-1 3.5545E-1 4.00912E-1 4.45489E-1 4.09947E-1 2.66968E-1 3.86007E-1 4.48683E-1 5.72804E-1 5.3336E-1 6.72549E-1 6.53499E-1 6.18674E-1 5.22019E-1 4.70461E-1 4.50442E-1 4.42654E-1 4.24772E-1 4.19592E-1 4.62793E-1 2.43181E-1 4.23886E-1 4.81145E-1 5.12844E-1 5.22169E-1 5.96759E-1 6.33885E-1 5.14635E-1 5.29116E-1 4.42243E-1 4.31033E-1 6.67834E-1 6.31555E-1 6.75589E-1 5.35142E-1 4.66859E-1 4.66562E-1 3.50437E-1 4.25942E-1 4.97487E-1 4.79495E-1 4.48145E-1 3.4249E-1 1.42003E-1 3.51136E-1 2.85626E-1 4.10056E-1 5.47013E-1 5.78148E-1 5.73129E-1 5.97501E-1 4.57059E-1 6.02267E-1 5.7228E-1 5.38197E-1 5.13819E-1 6.03445E-1 6.74753E-1 6.55927E-1 6.42178E-1
3.96461E-1 4.4762E-1 5.71474E-1 5.23973E-1 3.38585E-1 4.00788E-1 3.95323E-1 4.39946E-1 5.60514E-1 4.75784E-1 6.76146E-1 6.55904E-1 6.40257E-1 5.6228E-1 5.1333E-1 4.93876E-1 4.56605E-1 4.29513E-1 4.0701E-1 4.67232E-1 3.33671E-1 4.30626E-1 4.55447E-1 4.51954E-1 5.31146E-1 5.50497E-1 3.93026E-1 5.20726E-1 5.86274E-1 6.06132E-1 5.20821E-1 5.51314E-1 5.40534E-1 5.32317E-1 5.78699E-1 5.14935E-1 5.07216E-1 5.02216E-1 5.25211E-1 5.42376E-1 4.47982E-1 3.55492E-1 2.56676E-1 1.59741E-1 2.73278E-1 2.14789E-1 3.55436E-1 4.41536E-1 4.68809E-1 4.70747E-1 5.12226E-1 5.66059E-1 4.19261E-1 6.13798E-1 6.36089E-1 5.71977E-1 5.82187E-1 6.57594E-1 6.41582E-1 5.94184E-1
2.81158E-1 4.52519E-1 5.57248E-1 4.62071E-1 3.00781E-1 3.57749E-1 3.55907E-1 3.83161E-1 5.57727E-1 4.0912E-1 6.4044E-1 6.07479E-1 5.83202E-1 5.334E-1 4.95818E-1 4.88775E-1 4.66945E-1 4.34533E-1 4.02467E-1 4.59139E-1 2.73063E-1 3.90555E-1 2.12596E-1 4.35168E-1 4.56454E-1 3.11141E-1 3.69458E-1 5.31253E-1 5.90601E-1 6.0655E-1 5.32534E-1 6.19569E-1 6.50291E-1 7.03177E-1 5.73171E-1 4.99358E-1 4.6354E-1 5.34231E-1 5.73668E-1 5.26966E-1 4.2986E-1 2.94283E-1 1.68114E-1 1.43292E-1 2.39026E-1 2.05606E-1 3.16656E-1 4.55469E-1 4.60623E-1 3.33973E-1 4.13397E-1 5.77593E-1 6.07546E-1 6.33021E-1 6.55772E-1 6.62284E-1 5.77642E-1 5.27475E-1 5.76467E-1 4.85928E-1
3.72845E-1 4.89873E-1 5.30112E-1 4.44207E-1 2.58456E-1 3.58147E-1 3.63157E-1 3.68129E-1 5.45952E-1 3.34556E-1 5.92897E-1 4.94398E-1 4.60001E-1 5.02578E-1 4.86186E-1 4.69912E-1 4.36779E-1 4.22718E-1 4.13722E-1 4.3143E-1 9.13309E-2 1.14893E-1 3.55967E-1 2.80208E-1 2.47652E-1 3.14407E-1 4.42776E-1 5.69697E-1 5.97971E-1 5.6192E-1 4.71307E-1 5.5674E-1 6.03368E-1 6.85443E-1 5.49217E-1 4.59937E-1 4.31866E-1 5.40408E-1 5.93223E-1 5.19376E-1 4.15427E-1 2.90282E-1 1.80473E-1 2.37937E-1 2.87448E-1 2.80667E-1 2.53706E-1 2.62844E-1 3.04704E-1 3.71562E-1 5.19233E-1 5.82565E-1 6.02948E-1 6.42151E-1 6.57982E-1 6.07897E-1 5.40063E-1 4.6687E-1 4.75401E-1 2.88717E-1
3.67287E-1 4.65659E-1 4.97187E-1 4.45709E-1 2.74867E-1 3.62892E-1 3.54741E-1 3.56173E-1 4.3802E-1 2.58036E-1 5.30593E-1 3.7769E-1 4.01731E-1 4.47473E-1 4.5271E-1 4.39035E-1 4.1014E-1 3.82655E-1 3.56334E-1 2.22099E-1 2.59594E-1 2.51992E-1 1.89057E-1 1.87067E-1 2.4868E-1 3.49151E-1 4.8717E-1 5.58378E-1 5.35382E-1 4.80207E-1 4.12868E-1 4.46074E-1 5.77489E-1 6.298E-1 5.09964E-1 4.09022E-1 4.13046E-1 5.05723E-1 5.23934E-1 4.63732E-1 3.76243E-1 3.52566E-1 3.04238E-1 8.52549E-2 3.273E-1 3.26065E-1 2.45366E-1 1.54828E-1 1.71919E-1 2.90649E-1 3.71059E-1 4.55884E-1 4.74923E-1 5.23271E-1 4.83686E-1 4.55602E-1 4.46554E-1 4.72577E-1 4.86619E-1 3.51725E-1
3.35675E-1 4.60206E-1 4.9114E-1 4.41353E-1 3.81356E-1 3.59071E-1 3.658E-1 3.92303E-1 4.4209E-1 2.09303E-1 5.08014E-1 3.40833E-1 3.62142E-1 3.9342E-1 4.22855E-1 4.24814E-1 3.97245E-1 3.90297E-1 3.64509E-1 1.22062E-1 1.25189E-1 1.28592E-1 1.30802E-1 1.98339E-1 3.13976E-1 4.03755E-1 5.11357E-1 5.04595E-1 4.67544E-1 4.22272E-1 3.5343E-1 3.80206E-1 5.42739E-1 5.46071E-1 4.79555E-1 3.64516E-1 3.42592E-1 3.39511E-1 4.30784E-1 4.65299E-1 3.73621E-1 3.42449E-1 3.83786E-1 2.82911E-1 2.9659E-1 3.97078E-1 1.60602E-1 9.00058E-2 9.50828E-2 1.69063E-1 2.11104E-1 2.867E-1 3.70148E-1 3.91233E-1 3.64291E-1 3.43132E-1 3.26865E-1 3.28669E-1 3.76877E-1 4.2614E-1
4.0015E-1 4.92886E-1 5.41018E-1 4.50817E-1 3.64271E-1 3.25276E-1 3.43747E-1 3.88544E-1 5.40002E-1 1.93098E-1 5.19633E-1 3.09445E-1 3.22968E-1 3.41923E-1 3.67645E-1 3.77889E-1 3.61329E-1 3.35602E-1 3.4598E-1 8.4392E-2 1.59096E-1 1.37368E-1 1.50607E-1 2.18041E-1 3.2166E-1 4.27108E-1 4.65381E-1 4.20406E-1 4.09005E-1 3.54245E-1 3.08989E-1 3.16332E-1 5.0207E-1 4.59199E-1 4.34723E-1 2.88738E-1 3.55647E-1 3.52499E-1 3.87326E-1 4.50269E-1 4.01036E-1 3.17275E-1 2.9778E-1 3.89521E-1 4.37556E-1 3.74828E-1 1.6721E-1 1.01484E-1 7.17451E-2 8.9399E-2 1.68175E-1 2.75648E-1 3.30763E-1 3.43481E-1 3.38184E-1 3.12916E-1 2.96846E-1 3.0294E-1 3.1077E-1 3.66831E-1
5.66642E-1 5.90352E-1 5.90392E-1 3.65738E-1 2.85241E-1 2.71067E-1 2.95177E-1 3.48363E-1 4.72734E-1 1.47621E-1 5.06099E-1 3.07571E-1 2.84501E-1 3.33476E-1 3.48544E-1 3.55061E-1 3.50531E-1 3.03292E-1 2.97702E-1 1.0517E-1 2.03875E-1 1.71859E-1 1.74004E-1 2.44687E-1 3.83348E-1 4.68094E-1 4.5697E-1 4.40543E-1 4.08696E-1 3.42502E-1 2.97877E-1 2.98385E-1 4.81332E-1 4.20258E-1 4.12848E-1 3.05758E-1 3.59696E-1 4.03538E-1 4.15595E-1 4.55525E-1 3.97082E-1 3.35679E-1 3.195E-1 3.91058E-1 3.24816E-1 1.91056E-1 1.45273E-1 9.86961E-2 1.01856E-1 1.32821E-1 2.28097E-1 2.73544E-1 2.63532E-1 2.76982E-1 2.79567E-1 2.85895E-1 3.32523E-1 3.20481E-1 2.99146E-1 3.2848E-1
7.35067E-1 6.65827E-1 4.87388E-1 2.62415E-1 2.77204E-1 2.57384E-1 2.50223E-1 3.54287E-1 3.25106E-1 2.04811E-1 4.03614E-1 2.83034E-1 2.58114E-1 2.77555E-1 3.0315E-1 3.07725E-1 2.99299E-1 2.62626E-1 2.23815E-1 2.7879E-1 2.03836E-1 1.61884E-1 1.89436E-1 2.7044E-1 4.10658E-1 4.55986E-1 4.14473E-1 4.33791E-1 4.00436E-1 3.27802E-1 2.86623E-1 3.2204E-1 4.37217E-1 4.61345E-1 4.31228E-1 3.47435E-1 3.65413E-1 4.17997E-1 3.89395E-1 4.05347E-1 3.38866E-1 3.29097E-1 3.42185E-1 3.94358E-1 4.3932E-1 2.93893E-1 1.82817E-1 1.36372E-1 1.62366E-1 1.9647E-1 2.25362E-1 2.29038E-1 2.13007E-1 2.35477E-1 2.59462E-1 2.96021E-1 2.92843E-1 2.81878E-1 2.41056E-1 -9999
7.52687E-1 6.9179E-1 4.83878E-1 3.23379E-1 2.85135E-1 2.33362E-1 2.32998E-1 3.91453E-1 4.61077E-2 3.67115E-1 3.23265E-1 2.86445E-1 2.56996E-1 2.32819E-1 2.52565E-1 2.65631E-1 2.19012E-1 1.883E-1 1.92584E-1 1.86514E-1 3.69453E-2 1.69364E-1 2.18529E-1 3.1997E-1 3.9828E-1 4.09427E-1 4.12584E-1 4.46683E-1 3.82061E-1 3.2794E-1 2.95159E-1 4.09793E-1 3.85661E-1 5.40346E-1 3.94517E-1 3.46899E-1 3.32962E-1 4.00646E-1 3.82553E-1 2.92705E-1 3.70797E-1 3.17263E-1 3.15759E-1 2.75443E-1 2.96166E-1 2.0654E-1 1.58911E-1 1.54262E-1 1.65715E-1 2.03216E-1 -9999 -9999 -9999 2.15004E-1 2.57779E-1 2.50896E-1 2.41341E-1 2.29559E-1 -9999 -9999
7.47265E-1 6.05736E-1 5.61931E-1 4.35113E-1 3.54925E-1 2.95017E-1 4.576E-1 6.76649E-2 2.22452E-1 2.55195E-1 2.59997E-1 2.65227E-1 2.56296E-1 2.20051E-1 1.99284E-1 2.19083E-1 1.71135E-1 1.33572E-1 1.26704E-1 1.83522E-1 8.71999E-2 1.84869E-1 2.02566E-1 2.91208E-1 3.72532E-1 3.6344E-1 3.80633E-1 4.14765E-1 3.64089E-1 3.25229E-1 3.10792E-1 4.96967E-1 3.79028E-1 5.67561E-1 3.82101E-1 3.26039E-1 3.11577E-1 3.72647E-1 3.10258E-1 3.01325E-1 3.56645E-1 -9999 -9999 -9999 -9999 -9999 -9999 -9999 -9999 -9999 -9999 -9999 -9999 -9999 -9999 1.88068E-1 1.72814E-1 -9999 -9999 -9999
6.01214E-1 5.80789E-1 5.79897E-1 4.85184E-1 4.52992E-1 3.89203E-1 1.96982E-1 1.95073E-1 2.53025E-1 2.53972E-1 2.81633E-1 3.22392E-1 3.19166E-1 2.5519E-1 2.06643E-1 1.73711E-1 1.33679E-1 1.19511E-1 8.61452E-2 9.45065E-2 -9999 1.52786E-1 1.78088E-1 2.5863E-1 3.39097E-1 3.21854E-1 3.42972E-1 -9999 -9999 -9999 -9999 -9999 -9999 -9999 -9999 -9999 -9999 -9999 -9999 -9999 -9999 -9999 -9999 -9999 -9999 -9999 -9999 -9999 -9999 -9999 -9999 -9999 -9999 -9999 -9999 -9999 -9999 -9999 -9999 -9999
5.96196E-1 4.81346E-1 5.49523E-1 5.03929E-1 5.00449E-1 6.38314E-1 1.20096E-1 4.98779E-1 3.12642E-1 2.89228E-1 2.83447E-1 3.35244E-1 3.21593E-1 2.40864E-1 1.69631E-1 1.25285E-1 1.02748E-1 -9999 -9999 -9999 -9999 -9999 -9999 -9999 -9999 -9999 -9999 -9999 -9999 -9999 -9999 -9999 -9999 -9999 -9999 -9999 -9999 -9999 -9999 -9999 -9999 -9999 -9999 -9999 -9999 -9999 -9999 -9999 -9999 -9999 -9999 -9999 -9999 -9999 -9999 -9999 -9999 -9999 -9999 -9999
1.79799E-1 5.31135E-1 4.33917E-1 5.57539E-1 4.11754E-1 1.6548E-1 4.10856E-1 4.76472E-1 3.69823E-1 3.20126E-1 2.99139E-1 3.16778E-1 2.81585E-1 2.11247E-1 1.46014E-1 -9999 -9999 -9999 -9999 -9999 -9999 -9999 -9999 -9999 -9999 -9999 -9999 -9999 -9999 -9999 -9999 -9999 -9999 -9999 -9999 -9999 -9999 -9999 -9999 -9999 -9999 -9999 -9999 -9999 -9999 -9999 -9999 -9999 -9999 -9999 -9999 -9999 -9999 -9999 -9999 -9999 -9999 -9999 -9999 -9999
5.43347E-2 4.32264E-2 2.87473E-2 1.2033E-1 8.06528E-2 4.25993E-1 5.60378E-1 5.37876E-1 4.31564E-1 3.60973E-1 3.1895E-1 2.98208E-1 2.54413E-1 1.73014E-1 1.1216E-1 -9999 -9999 -9999 -9999 -9999 -9999 -9999 -9999 -9999 -9999 -9999 -9999 -9999 -9999 -9999 -9999 -9999 -9999 -9999 -9999 -9999 -9999 -9999 -9999 -9999 -9999 -9999 -9999 -9999 -9999 -9999 -9999 -9999 -9999 -9999 -9999 -9999 -9999 -9999 -9999 -9999 -9999 -9999 -9999 -9999
4.28431E-1 3.88147E-1 2.30885E-1 1.1102E-1 5.17112E-1 4.28818E-1 4.17402E-1 4.63145E-1 -9999 3.3535E-1 2.84458E-1 3.21781E-1 2.4555E-1 -9999 -9999 -9999 -9999 -9999 -9999 -9999 -9999 -9999 -9999 -9999 -9999 -9999 -9999 -9999 -9999 -9999 -9999 -9999 -9999 -9999 -9999 -9999 -9999 -9999 -9999 -9999 -9999 -9999 -9999 -9999 -9999 -9999 -9999 -9999 -9999 -9999 -9999 -9999 -9999 -9999 -9999 -9999 -9999 -9999 -9999 -9999
-9999 -9999 -9999 -9999 -9999 -9999 -9999 -9999 -9999 -9999 -9999 -9999 -9999 -9999 -9999 -9999 -9999 -9999 -9999 -9999 -9999 -9999 -9999 -9999 -9999 -9999 -9999 -9999 -9999 -9999 -9999 -9999 -9999 -9999 -9999 -9999 -9999 -9999 -9999 -9999 -9999 -9999 -9999 -9999 -9999 -9999 -9999 -9999 -9999 -9999 -9999 -9999 -9999 -9999 -9999 -9999 -9999 -9999 -9999 -9999
-9999 -9999 -9999 -9999 -9999 -9999 -9999 -9999 -9999 -9999 -9999 -9999 -9999 -9999 -9999 -9999 -9999 -9999 -9999 -9999 -9999 -9999 -9999 -9999 -9999 -9999 -9999 -9999 -9999 -9999 -9999 -9999 -9999 -9999 -9999 -9999 -9999 -9999 -9999 -9999 -9999 -9999 -9999 -9999 -9999 -9999 -9999 -9999 -9999 -9999 -9999 -9999 -9999 -9999 -9999 -9999 -9999 -9999 -9999 -9999
-9999 -9999 -9999 -9999 -9999 -9999 -9999 -9999 -9999 -9999 -9999 -9999 -9999 -9999 -9999 -9999 -9999 -9999 -9999 -9999 -9999 -9999 -9999 -9999 -9999 -9999 -9999 -9999 -9999 -9999 -9999 -9999 -9999 -9999 -9999 -9999 -9999 -9999 -9999 -9999 -9999 -9999 -9999 -9999 -9999 -9999 -9999 -9999 -9999 -9999 -9999 -9999 -9999 -9999 -9999 -9999 -9999 -9999 -9999 -9999
