Phytophthora/models/20240506_1155_30/Phytophthora_PA3_RUN6_MAXENT_outputs/Phytophthora_PA3_RUN6.asc
ncols         225
nrows         269
xllcorner     473009.9838
yllcorner     4429051.1748
cellsize      50.0
NODATA_value  -9999
[rows 208 to 233 of 269, columns 120 to 179 of 225]
9.42477E-2 9.85467E-2 6.18141E-2 9.18819E-2 6.27589E-2 5.23052E-2 5.81967E-2 5.37596E-2 2.35323E-1 1.09783E-1 1.28868E-1 1.1448E-1 9.69425E-2 7.72951E-2 7.24056E-2 5.9484E-2 6.89524E-2 1.04952E-1 1.16807E-1 1.76971E-1 2.51854E-1 3.80145E-1 4.06093E-1 4.78911E-1 5.1004E-1 5.2622E-1 4.65469E-1 4.39448E-1 3.34039E-1 3.01109E-1 2.94202E-1 2.92657E-1 3.35944E-1 3.45115E-1 4.1641E-1 5.38588E-1 4.73164E-1 3.61556E-1 3.2871E-1 2.15969E-1 2.4213E-1 1.66527E-1 2.15822E-1 2.53759E-1 3.18923E-1 2.98877E-1 2.34774E-1 2.0519E-1 1.78419E-1 1.80545E-1 2.24647E-1 2.01514E-1 1.32712E-1 7.46135E-2 6.60238E-2 7.16864E-2 9.38832E-2 1.20579E-1 1.45016E-1 2.22322E-1
1.8983E-1 1.50703E-1 7.17141E-2 1.7717E-1 4.33244E-2 4.99649E-2 4.54346E-2 3.98004E-2 5.28345E-2 2.41189E-1 2.43597E-1 1.20288E-1 1.07888E-1 9.61815E-2 9.24443E-2 8.80536E-2 1.19404E-1 1.34094E-1 1.41037E-1 1.95959E-1 2.89225E-1 3.90678E-1 4.06017E-1 4.0117E-1 4.66068E-1 5.00341E-1 4.45038E-1 3.64335E-1 3.0081E-1 3.0708E-1 3.13649E-1 2.82029E-1 3.19313E-1 3.05235E-1 5.3305E-1 5.14554E-1 4.69774E-1 3.54219E-1 2.59464E-1 1.13126E-1 2.18478E-1 1.48151E-1 1.80594E-1 2.20406E-1 2.79377E-1 2.64618E-1 1.98909E-1 1.73464E-1 1.64426E-1 1.79317E-1 2.11142E-1 2.01378E-1 1.90926E-1 9.39593E-2 4.73112E-2 4.28076E-2 5.98983E-2 1.20723E-1 2.10225E-1 2.37075E-1
1.85717E-1 1.28677E-1 1.09929E-1 1.80038E-1 5.58784E-2 4.42413E-2 4.06829E-2 3.90157E-2 4.05529E-2 8.01185E-2 1.84963E-1 1.54577E-1 1.09701E-1 9.46668E-2 9.18114E-2 1.17878E-1 1.27921E-1 1.44626E-1 1.69243E-1 2.20022E-1 3.56442E-1 3.78082E-1 4.07475E-1 4.24617E-1 4.60985E-1 4.54392E-1 3.81602E-1 2.99231E-1 3.07718E-1 3.2243E-1 3.1392E-1 2.9084E-1 3.19745E-1 2.95437E-1 5.34862E-1 5.17529E-1 5.33827E-1 3.6358E-1 2.02899E-1 1.2423E-1 1.89763E-1 1.81215E-1 1.94793E-1 1.86962E-1 2.40273E-1 2.19933E-1 1.70365E-1 1.41316E-1 1.50842E-1 1.6551E-1 1.87524E-1 1.76967E-1 1.71607E-1 1.17896E-1 7.06553E-2 5.1201E-2 3.25184E-2 1.15684E-1 1.16434E-1 2.8798E-1
1.70862E-1 1.37594E-1 1.20663E-1 9.94961E-2 1.57067E-1 3.76394E-2 3.23299E-2 2.88425E-2 2.92237E-2 2.98452E-2 1.73087E-1 6.43308E-2 1.66353E-1 1.2492E-1 1.48933E-1 1.38191E-1 1.24795E-1 1.60939E-1 1.96211E-1 2.41095E-1 4.20219E-1 3.88932E-1 4.10154E-1 3.22592E-1 4.34049E-1 4.17349E-1 3.31859E-1 3.00905E-1 2.95856E-1 2.95586E-1 1.85614E-1 2.2897E-1 3.12837E-1 3.40004E-1 3.4527E-1 5.26804E-1 5.60286E-1 3.03185E-1 2.03682E-1 2.11217E-1 1.82989E-1 1.83136E-1 1.97493E-1 2.08065E-1 2.67435E-1 2.24653E-1 2.22939E-1 1.2422E-1 1.49567E-1 1.59542E-1 1.67768E-1 1.58462E-1 1.38392E-1 1.27768E-1 1.17922E-1 9.33381E-2 6.52128E-2 5.59526E-2 1.25181E-1 2.2991E-1
1.93857E-1 1.84136E-1 1.46391E-1 8.07145E-2 5.94021E-2 1.15058E-1 2.92569E-2 2.50965E-2 2.57295E-2 2.26658E-2 2.01194E-2 1.53991E-1 8.04679E-2 9.66161E-2 1.14559E-1 9.51321E-2 9.93491E-2 1.60321E-1 2.07927E-1 2.45372E-1 4.24668E-1 3.68622E-1 2.28443E-1 2.80814E-1 4.12938E-1 3.93709E-1 3.06002E-1 2.9921E-1 2.79774E-1 2.53338E-1 1.89156E-1 2.93599E-1 3.4381E-1 4.05181E-1 4.39578E-1 4.3638E-1 3.97399E-1 2.36248E-1 1.76757E-1 2.40331E-1 1.85799E-1 2.81181E-1 3.05536E-1 3.00021E-1 3.32802E-1 2.93915E-1 2.64018E-1 1.76899E-1 1.64771E-1 1.67939E-1 1.68263E-1 1.47866E-1 1.1767E-1 1.08838E-1 1.06386E-1 1.02866E-1 1.21157E-1 1.21472E-1 1.24049E-1 1.42087E-1
2.6161E-1 2.31065E-1 1.85431E-1 1.41927E-1 1.0754E-1 1.1154E-1 8.43691E-2 2.65639E-2 1.83285E-2 1.66618E-2 1.59815E-2 2.57674E-2 6.56921E-2 4.53306E-2 5.85886E-2 6.99046E-2 8.91991E-2 1.75835E-1 2.24834E-1 2.57005E-1 4.07831E-1 4.03615E-1 3.78563E-1 4.38769E-1 3.35721E-1 3.73396E-1 3.83473E-1 3.34349E-1 3.02237E-1 1.36572E-1 2.21016E-1 3.07162E-1 3.482E-1 5.04649E-1 4.63883E-1 3.71106E-1 3.51399E-1 2.85763E-1 2.13655E-1 2.33061E-1 2.31596E-1 3.24756E-1 3.78327E-1 4.44558E-1 4.15554E-1 3.66033E-1 3.16417E-1 2.84765E-1 2.08736E-1 2.11473E-1 1.70561E-1 1.22587E-1 1.03539E-1 9.56457E-2 9.46582E-2 1.21551E-1 3.88979E-2 7.08714E-2 1.32915E-1 9.85624E-2
3.33023E-1 2.74687E-1 2.17537E-1 1.60547E-1 1.34032E-1 1.22408E-1 9.3275E-2 6.60504E-2 1.43943E-2 1.27696E-2 1.22766E-2 9.25306E-3 7.76922E-2 3.22659E-2 4.80249E-2 6.6711E-2 1.18936E-1 1.94845E-1 2.27822E-1 2.42914E-1 3.50782E-1 4.39582E-1 3.31757E-1 4.63215E-1 4.92572E-1 4.25737E-1 2.5261E-1 3.44208E-1 2.34477E-1 2.78829E-1 2.94282E-1 2.95796E-1 4.03733E-1 4.74971E-1 5.42547E-1 3.11172E-1 4.28939E-1 3.44059E-1 2.87281E-1 2.90838E-1 3.05455E-1 3.68363E-1 3.34792E-1 3.05373E-1 4.66097E-1 4.15955E-1 3.54202E-1 3.33098E-1 2.51733E-1 2.5533E-1 2.01729E-1 1.19276E-1 9.43236E-2 8.24508E-2 1.04789E-1 1.05837E-1 1.24088E-1 8.84383E-2 9.75986E-2 1.02555E-1
3.28681E-1 2.86539E-1 2.39393E-1 1.85197E-1 1.63259E-1 1.5188E-1 1.10043E-1 7.86353E-2 5.26259E-2 1.2037E-2 7.21438E-3 5.06836E-3 3.97619E-2 3.0325E-2 2.86772E-2 1.17995E-1 1.81377E-1 1.94619E-1 2.13105E-1 2.30906E-1 3.24021E-1 4.61557E-1 2.39896E-1 4.70475E-1 5.11864E-1 4.35895E-1 4.03663E-1 2.99687E-1 3.20762E-1 2.86218E-1 2.79071E-1 3.02301E-1 5.20623E-1 4.82319E-1 6.12954E-1 3.10738E-1 4.87217E-1 3.76894E-1 3.12038E-1 3.35453E-1 3.79187E-1 4.25819E-1 4.10388E-1 3.39798E-1 3.98968E-1 4.5902E-1 3.8897E-1 3.57486E-1 3.25292E-1 2.85424E-1 2.04449E-1 1.2748E-1 1.02106E-1 8.60744E-2 1.157E-1 8.42348E-2 9.82449E-2 9.05973E-2 9.5963E-2 1.05865E-1
3.07114E-1 2.71296E-1 2.58177E-1 2.45548E-1 2.13495E-1 1.83682E-1 1.43505E-1 9.18912E-2 6.74786E-2 4.41791E-2 4.35025E-2 4.03265E-2 1.53759E-2 4.55243E-2 3.28691E-2 8.01603E-2 1.24543E-1 1.44469E-1 2.0007E-1 2.40566E-1 2.90253E-1 4.62218E-1 1.7373E-1 5.26128E-1 5.209E-1 4.58492E-1 2.74644E-1 4.1792E-1 3.03803E-1 2.99781E-1 2.98536E-1 3.95133E-1 5.06567E-1 4.35115E-1 4.5583E-1 4.91034E-1 4.21136E-1 3.07904E-1 3.27112E-1 3.64186E-1 4.39425E-1 4.69098E-1 3.41299E-1 3.30028E-1 4.02941E-1 4.4266E-1 4.24081E-1 3.51744E-1 3.44144E-1 3.04898E-1 1.83163E-1 1.28637E-1 1.12419E-1 1.06879E-1 4.73998E-2 1.32377E-1 8.34239E-2 1.04522E-1 1.3183E-1 1.64843E-1
4.92165E-1 4.28046E-1 3.91288E-1 3.49448E-1 2.87732E-1 2.38143E-1 1.88468E-1 1.12655E-1 7.70397E-2 5.77051E-2 5.96272E-2 5.91559E-2 5.76171E-2 6.82155E-2 7.49791E-2 8.91328E-2 1.11875E-1 1.40829E-1 2.0266E-1 2.44788E-1 2.83265E-1 3.59834E-1 5.445E-1 5.94151E-1 4.9883E-1 4.90716E-1 4.58445E-1 3.13595E-1 3.35031E-1 2.54265E-1 3.35132E-1 5.4257E-1 3.38553E-1 6.15914E-1 5.7256E-1 4.80517E-1 3.96838E-1 3.82163E-1 3.74342E-1 3.65182E-1 3.75907E-1 3.81286E-1 4.74165E-1 2.92145E-1 4.1384E-1 4.03516E-1 4.43706E-1 3.22307E-1 3.28992E-1 2.85461E-1 1.59465E-1 1.27149E-1 1.21579E-1 4.56215E-2 1.34303E-1 7.70948E-2 8.96362E-2 1.03437E-1 2.04727E-1 2.48919E-1
4.22435E-1 4.39236E-1 4.2283E-1 3.51242E-1 3.21804E-1 2.67035E-1 2.11672E-1 1.3854E-1 1.08135E-1 7.99223E-2 8.68485E-2 9.32123E-2 9.7077E-2 1.16094E-1 1.19962E-1 1.4249E-1 1.95012E-1 2.18423E-1 2.42045E-1 2.6443E-1 2.79973E-1 3.77717E-1 5.71628E-1 5.96294E-1 4.71907E-1 5.13113E-1 3.96054E-1 3.70088E-1 1.89564E-1 2.38996E-1 3.81031E-1 4.74954E-1 3.65632E-1 6.09468E-1 4.98633E-1 4.44707E-1 4.55006E-1 4.50685E-1 4.14942E-1 3.85418E-1 3.33039E-1 3.58768E-1 4.29208E-1 4.7831E-1 5.0658E-1 4.9569E-1 4.34844E-1 2.82819E-1 2.75821E-1 2.11591E-1 1.23543E-1 9.89652E-2 1.1457E-1 7.42517E-2 8.45659E-2 8.50932E-2 9.05352E-2 2.00041E-1 2.91805E-1 3.38437E-1
3.2469E-1 3.47682E-1 3.53196E-1 3.34422E-1 3.35968E-1 2.97826E-1 2.36488E-1 1.83359E-1 1.49696E-1 1.19596E-1 1.43257E-1 1.57489E-1 1.57334E-1 1.83984E-1 2.08232E-1 2.46227E-1 3.03442E-1 3.10836E-1 3.13474E-1 3.52977E-1 3.73821E-1 5.25773E-1 6.01831E-1 5.29221E-1 4.94356E-1 5.18783E-1 4.54986E-1 3.6287E-1 3.2353E-1 2.30851E-1 3.71183E-1 3.88018E-1 5.27985E-1 5.30311E-1 4.50408E-1 4.70964E-1 4.92235E-1 4.89375E-1 4.44445E-1 3.95897E-1 3.82576E-1 3.5022E-1 4.05074E-1 4.45073E-1 4.50767E-1 3.65635E-1 2.89944E-1 3.03356E-1 1.68057E-1 2.36124E-1 5.14462E-2 1.27411E-1 6.44483E-2 5.84114E-2 8.14506E-2 1.08269E-1 1.09058E-1 1.58257E-1 1.90226E-1 2.94004E-1
1.63568E-1 2.93183E-1 3.2855E-1 3.80815E-1 3.81207E-1 3.36507E-1 2.88212E-1 2.1407E-1 1.81624E-1 1.75857E-1 2.34591E-1 2.59463E-1 2.563E-1 2.84114E-1 3.14198E-1 3.80595E-1 4.03969E-1 3.8571E-1 3.95235E-1 4.33764E-1 4.90567E-1 5.94423E-1 6.45965E-1 5.05528E-1 5.373E-1 5.41426E-1 5.49375E-1 3.37589E-1 3.56674E-1 4.06252E-1 5.23036E-1 3.92242E-1 5.49586E-1 4.34194E-1 4.22185E-1 4.7748E-1 5.03753E-1 4.19222E-1 3.53419E-1 3.19778E-1 3.53662E-1 2.75613E-1 2.78173E-1 2.87742E-1 2.87948E-1 2.14001E-1 1.40791E-1 2.13934E-1 3.29215E-1 1.85811E-1 6.28996E-2 5.22616E-2 7.92267E-2 8.82057E-2 8.6976E-2 1.20316E-1 1.74311E-1 2.07505E-1 2.14084E-1 3.18322E-1
4.05756E-1 4.17526E-1 4.74971E-1 4.47504E-1 4.33062E-1 4.04431E-1 3.51693E-1 2.71343E-1 2.32463E-1 2.47091E-1 3.40648E-1 4.05283E-1 3.98812E-1 4.20592E-1 4.51957E-1 5.21209E-1 4.97298E-1 4.6975E-1 5.08557E-1 5.17628E-1 6.77931E-1 6.76766E-1 6.80783E-1 6.08805E-1 6.72218E-1 5.19677E-1 4.55156E-1 3.08194E-1 3.82509E-1 4.4003E-1 4.74675E-1 3.82066E-1 5.17223E-1 3.94963E-1 4.43166E-1 4.66452E-1 4.76565E-1 4.75572E-1 4.29819E-1 2.64562E-1 3.30911E-1 2.63824E-1 2.15075E-1 1.55312E-1 1.96621E-1 1.77069E-1 1.00593E-1 9.60436E-2 6.36797E-2 2.12076E-1 1.63651E-1 1.14499E-1 1.39704E-1 1.62116E-1 1.53138E-1 1.66048E-1 2.28659E-1 2.89283E-1 3.04383E-1 3.22394E-1
4.55163E-1 4.78084E-1 5.07944E-1 5.16234E-1 5.06596E-1 4.93417E-1 3.91445E-1 3.03387E-1 3.03294E-1 3.22989E-1 4.49527E-1 5.94904E-1 5.47445E-1 5.67485E-1 5.80983E-1 6.31896E-1 5.89231E-1 5.67402E-1 6.14727E-1 6.22111E-1 7.4929E-1 7.49892E-1 7.50406E-1 7.3771E-1 6.76458E-1 4.77561E-1 4.77852E-1 3.95504E-1 3.86476E-1 4.21598E-1 3.8892E-1 3.72819E-1 4.43043E-1 3.60771E-1 3.65354E-1 3.81204E-1 4.08336E-1 4.16756E-1 4.00415E-1 2.38769E-1 3.44014E-1 3.39452E-1 2.80817E-1 2.32102E-1 2.56477E-1 2.41801E-1 1.82057E-1 1.19238E-1 1.92926E-1 2.10044E-1 2.18366E-1 2.00086E-1 2.19222E-1 2.02167E-1 2.17406E-1 3.04361E-1 3.0636E-1 2.86714E-1 2.75204E-1 2.83345E-1
5.2393E-1 5.30207E-1 5.69337E-1 5.4073E-1 5.53109E-1 4.9796E-1 3.48437E-1 2.74156E-1 2.83716E-1 3.38825E-1 4.30282E-1 6.0056E-1 6.19713E-1 5.96824E-1 5.89246E-1 6.56713E-1 6.70127E-1 6.24387E-1 6.60463E-1 6.65775E-1 7.43961E-1 7.67417E-1 7.4707E-1 5.80765E-1 6.61983E-1 5.78449E-1 5.13929E-1 4.48919E-1 3.77196E-1 4.06777E-1 3.0271E-1 3.63349E-1 3.64746E-1 2.91113E-1 3.16551E-1 3.47886E-1 3.92975E-1 4.21204E-1 4.06536E-1 2.75724E-1 2.0272E-1 3.59648E-1 3.66682E-1 3.74396E-1 3.51437E-1 3.25466E-1 2.77124E-1 1.78514E-1 2.51174E-1 3.93032E-1 1.80517E-1 1.65287E-1 1.57909E-1 1.49343E-1 1.65802E-1 1.95328E-1 2.27592E-1 2.53415E-1 2.50853E-1 2.54239E-1
6.30753E-1 6.46505E-1 6.59267E-1 4.42813E-1 5.70067E-1 4.50931E-1 3.4395E-1 2.6542E-1 2.29013E-1 3.12604E-1 4.44917E-1 5.86681E-1 6.53223E-1 6.26176E-1 6.07605E-1 6.48533E-1 7.19651E-1 6.94787E-1 5.29887E-1 7.56073E-1 7.203E-1 6.67013E-1 6.53291E-1 6.46404E-1 6.41135E-1 5.73445E-1 5.17287E-1 4.44085E-1 3.79884E-1 4.60435E-1 2.31853E-1 3.47979E-1 3.02934E-1 2.47183E-1 3.08135E-1 3.59785E-1 4.0864E-1 4.53014E-1 4.17406E-1 2.98381E-1 2.55307E-1 3.56784E-1 3.81221E-1 3.92509E-1 4.20767E-1 4.13362E-1 4.06318E-1 3.2088E-1 1.61055E-1 2.27154E-1 1.3729E-1 1.51354E-1 1.66259E-1 1.74835E-1 1.79715E-1 1.9084E-1 2.18253E-1 2.44138E-1 2.58716E-1 1.47132E-1
5.64125E-1 6.54569E-1 4.58374E-1 4.90695E-1 3.63467E-1 2.90145E-1 3.40444E-1 2.53263E-1 2.20642E-1 2.80778E-1 4.01834E-1 5.68309E-1 6.32374E-1 5.94916E-1 5.47967E-1 4.49305E-1 5.69511E-1 6.56957E-1 7.34258E-1 6.95392E-1 7.27693E-1 7.24171E-1 5.55125E-1 6.73533E-1 6.36252E-1 5.34935E-1 4.8798E-1 4.33766E-1 4.21396E-1 4.23886E-1 1.82834E-1 3.21441E-1 2.92254E-1 2.71242E-1 3.30004E-1 3.83256E-1 4.48232E-1 4.51706E-1 3.75503E-1 2.58662E-1 2.96497E-1 2.60353E-1 3.06288E-1 3.86378E-1 3.63207E-1 4.19107E-1 5.18997E-1 4.96162E-1 1.1865E-1 1.68317E-1 1.14919E-1 1.19851E-1 1.4444E-1 1.89549E-1 2.17989E-1 2.3621E-1 2.56662E-1 2.70293E-1 1.85088E-1 2.57037E-1
4.5985E-1 4.5321E-1 4.83432E-1 3.48288E-1 2.53582E-1 1.43265E-1 2.5213E-1 8.35642E-2 1.75041E-1 2.8328E-1 3.73811E-1 5.30916E-1 5.96572E-1 6.31312E-1 5.87234E-1 6.11687E-1 6.68369E-1 7.16635E-1 7.19071E-1 6.19006E-1 7.40758E-1 6.9369E-1 5.28858E-1 6.66723E-1 6.14145E-1 5.35076E-1 4.73889E-1 4.20738E-1 4.65231E-1 3.50751E-1 1.64187E-1 3.22681E-1 2.68096E-1 3.11639E-1 3.76876E-1 4.38158E-1 4.61258E-1 4.0768E-1 3.2781E-1 2.10787E-1 2.86612E-1 3.32158E-1 3.34589E-1 3.51955E-1 3.03045E-1 2.8853E-1 4.69681E-1 5.25086E-1 3.76116E-1 1.88115E-1 1.31321E-1 1.43883E-1 2.00598E-1 2.31423E-1 2.65874E-1 2.9425E-1 2.92848E-1 2.9006E-1 2.3976E-1 2.45225E-1
6.1951E-1 5.24666E-1 4.04505E-1 3.3802E-1 2.47516E-1 1.40779E-1 2.00539E-1 6.68597E-2 1.27016E-1 2.12835E-1 3.42563E-1 4.71821E-1 5.39284E-1 6.0112E-1 5.15256E-1 5.43205E-1 5.92092E-1 6.69002E-1 6.5324E-1 5.97381E-1 7.60958E-1 6.99908E-1 5.34214E-1 6.52911E-1 6.19746E-1 5.71617E-1 5.31844E-1 4.49645E-1 4.39819E-1 2.19019E-1 2.11432E-1 3.5099E-1 3.16414E-1 3.97568E-1 4.59667E-1 4.97349E-1 4.71229E-1 3.69204E-1 2.83592E-1 2.74719E-1 2.93281E-1 3.30602E-1 3.82601E-1 3.95828E-1 3.85077E-1 3.5703E-1 4.31983E-1 5.91074E-1 4.86712E-1 3.57647E-1 2.5823E-1 2.68024E-1 3.08717E-1 2.97632E-1 3.18934E-1 3.33289E-1 3.17941E-1 1.89488E-1 3.26011E-1 3.59891E-1
4.08319E-1 5.15385E-1 2.6788E-1 2.45619E-1 2.16487E-1 1.74398E-1 1.56788E-1 1.23656E-1 1.25172E-1 1.76167E-1 3.06991E-1 4.47608E-1 5.15068E-1 5.78839E-1 4.55873E-1 4.13066E-1 4.84442E-1 5.47304E-1 7.07059E-1 7.10917E-1 6.36276E-1 5.67523E-1 7.20672E-1 6.67277E-1 6.96968E-1 6.44189E-1 5.3217E-1 4.38624E-1 4.1594E-1 9.77167E-2 3.12071E-1 3.42613E-1 3.62399E-1 4.61942E-1 4.77102E-1 4.92815E-1 4.67279E-1 4.01093E-1 2.54212E-1 3.43654E-1 3.18981E-1 3.18643E-1 3.64795E-1 3.80253E-1 3.7952E-1 4.65892E-1 5.21341E-1 4.34884E-1 4.8872E-1 3.70885E-1 3.20433E-1 3.76567E-1 4.13504E-1 3.88901E-1 3.66588E-1 3.60724E-1 2.7738E-1 4.01957E-1 4.17167E-1 3.89669E-1
3.67609E-1 4.06469E-1 1.47814E-1 1.58724E-1 1.73846E-1 1.7002E-1 1.30611E-1 1.20312E-1 1.196E-1 1.61899E-1 2.60707E-1 4.03748E-1 4.84895E-1 4.64716E-1 3.51443E-1 3.5155E-1 4.45746E-1 5.44221E-1 5.64662E-1 5.87051E-1 7.3346E-1 7.34929E-1 7.26249E-1 6.96815E-1 6.68213E-1 4.66897E-1 4.64722E-1 4.25363E-1 2.48856E-1 1.40336E-1 3.42574E-1 3.30902E-1 4.13266E-1 4.22348E-1 4.19466E-1 4.74388E-1 4.58817E-1 2.64117E-1 4.27381E-1 2.96324E-1 2.75664E-1 3.29097E-1 3.46028E-1 3.63662E-1 4.62975E-1 5.87273E-1 5.89166E-1 2.45105E-1 4.22788E-1 2.82061E-1 1.96536E-1 2.35959E-1 2.56923E-1 2.85985E-1 3.64914E-1 3.65363E-1 2.91409E-1 4.64765E-1 4.53911E-1 4.01644E-1
2.54614E-1 1.4992E-1 1.34059E-1 1.68641E-1 1.57014E-1 1.44024E-1 1.1482E-1 1.14271E-1 1.22171E-1 1.59115E-1 3.0699E-1 3.52695E-1 4.53758E-1 3.88174E-1 3.71471E-1 4.02371E-1 4.52216E-1 5.48083E-1 5.00606E-1 6.85349E-1 6.93046E-1 6.89919E-1 6.52057E-1 5.92468E-1 4.59145E-1 3.32488E-1 3.77763E-1 4.29153E-1 7.85378E-2 2.74434E-1 3.57347E-1 3.61656E-1 3.81247E-1 3.73399E-1 4.268E-1 4.67007E-1 4.6341E-1 3.63871E-1 4.76828E-1 4.50001E-1 2.72374E-1 1.99445E-1 3.4194E-1 3.82965E-1 5.05383E-1 5.43635E-1 5.05013E-1 1.45513E-1 4.38211E-1 2.81335E-1 1.52272E-1 1.93409E-1 2.20336E-1 3.47468E-1 4.07224E-1 2.57197E-1 3.89156E-1 4.49056E-1 4.42753E-1 4.07882E-1
1.62826E-1 1.25177E-1 1.19908E-1 1.23437E-1 1.05811E-1 1.2645E-1 1.22834E-1 1.45916E-1 1.48212E-1 1.71616E-1 2.7073E-1 3.31742E-1 4.80596E-1 3.76646E-1 3.76196E-1 4.05322E-1 4.19918E-1 4.98443E-1 5.16726E-1 6.36774E-1 6.28279E-1 6.31455E-1 4.83257E-1 4.13699E-1 3.60846E-1 3.75978E-1 4.71607E-1 1.91411E-1 1.60587E-1 3.29167E-1 3.42386E-1 3.38042E-1 3.55142E-1 3.93074E-1 4.40658E-1 4.67702E-1 4.76458E-1 4.94508E-1 5.25168E-1 4.01441E-1 3.49828E-1 3.30942E-1 3.54995E-1 4.58381E-1 3.99892E-1 4.4354E-1 4.04528E-1 5.00298E-1 3.71439E-1 2.56556E-1 1.70573E-1 2.12202E-1 3.07468E-1 4.93484E-1 3.63093E-1 4.9658E-1 4.83692E-1 4.58694E-1 4.43892E-1 4.53867E-1
2.57192E-1 1.92408E-1 1.3921E-1 1.13671E-1 9.61244E-2 1.23766E-1 1.23923E-1 1.45566E-1 1.61783E-1 2.45427E-1 2.67886E-1 3.4739E-1 4.56531E-1 3.71391E-1 3.48268E-1 3.54796E-1 3.86717E-1 3.4328E-1 5.00806E-1 5.75684E-1 5.78165E-1 4.77275E-1 4.30624E-1 4.19257E-1 4.36714E-1 4.61795E-1 3.68751E-1 1.2371E-1 2.77675E-1 3.41062E-1 3.43999E-1 3.19371E-1 3.50209E-1 3.99212E-1 4.52301E-1 4.78307E-1 4.62986E-1 6.36428E-1 4.71509E-1 2.88117E-1 2.95574E-1 3.07536E-1 3.92077E-1 4.39293E-1 5.5645E-1 4.89229E-1 6.17841E-1 4.39402E-1 3.52222E-1 2.86335E-1 2.34509E-1 3.20892E-1 4.03158E-1 5.43076E-1 5.60278E-1 5.47378E-1 5.38788E-1 5.01509E-1 4.5075E-1 4.6402E-1
2.08673E-1 1.92798E-1 1.6322E-1 1.50313E-1 1.43713E-1 1.60429E-1 1.48444E-1 1.64215E-1 1.83126E-1 3.12704E-1 2.87678E-1 3.55173E-1 4.09517E-1 3.66788E-1 3.60271E-1 4.1384E-1 4.17448E-1 4.33268E-1 4.93539E-1 4.36399E-1 5.73204E-1 5.979E-1 5.23493E-1 4.21266E-1 3.50688E-1 2.60315E-1 2.07466E-1 1.83941E-1 3.41596E-1 3.65618E-1 3.21117E-1 2.81298E-1 3.53537E-1 4.1586E-1 4.65286E-1 5.21413E-1 5.77274E-1 5.50401E-1 3.75398E-1 3.20095E-1 3.00371E-1 3.44919E-1 3.06387E-1 5.58063E-1 9.91576E-2 5.27867E-1 3.77235E-1 3.06812E-1 3.5215E-1 3.25323E-1 2.99525E-1 3.91996E-1 3.69581E-1 4.49436E-1 4.84851E-1 5.72074E-1 5.73055E-1 5.12865E-1 4.76978E-1 4.63491E-1
