Phytophthora/models/20240506_1155_30/Phytophthora_PA3_RUN6_MAXENT_outputs/Phytophthora_PA3_RUN6.asc
ncols         225
nrows         269
xllcorner     473009.9838
yllcorner     4429051.1748
cellsize      50.0
NODATA_value  -9999
[rows 234 to 259 of 269, columns 60 to 119 of 225]
2.65488E-1 3.34602E-1 3.831E-1 5.36189E-1 7.26595E-1 7.21406E-1 8.3098E-1 7.94959E-1 7.79779E-1 6.91176E-1 7.04599E-1 6.71154E-1 4.1273E-1 7.67079E-1 7.72607E-1 7.98908E-1 8.34867E-1 8.83857E-1 8.66329E-1 8.21317E-1 7.82297E-1 7.96442E-1 8.07525E-1 8.55695E-1 8.47181E-1 8.20196E-1 7.8863E-1 7.31945E-1 8.43516E-1 7.56642E-1 8.3811E-1 7.03282E-1 6.32735E-1 6.19883E-1 6.06537E-1 6.46944E-1 6.94827E-1 6.88327E-1 7.27322E-1 7.22975E-1 6.79292E-1 6.83322E-1 6.81932E-1 7.60493E-1 8.10364E-1 7.82891E-1 7.47001E-1 6.97761E-1 7.79778E-1 8.55701E-1 8.79033E-1 8.32375E-1 7.05057E-1 6.94391E-1 5.33453E-1 4.45536E-1 3.6112E-1 2.63228E-1 2.08696E-1 1.88025E-1
2.84266E-1 3.73799E-1 4.47943E-1 5.79326E-1 7.27803E-1 8.24778E-1 8.48001E-1 7.14281E-1 6.58263E-1 5.65041E-1 5.47786E-1 6.11497E-1 6.52877E-1 7.81016E-1 7.6042E-1 7.90436E-1 6.97206E-1 8.66156E-1 8.69732E-1 8.43641E-1 7.96835E-1 8.00324E-1 7.25945E-1 8.13002E-1 8.57263E-1 8.50433E-1 8.28505E-1 8.07461E-1 7.8157E-1 8.47984E-1 8.12764E-1 7.83155E-1 6.95797E-1 6.72519E-1 6.59355E-1 6.8022E-1 7.02351E-1 7.26482E-1 7.34434E-1 6.94148E-1 6.54993E-1 6.66271E-1 6.89986E-1 7.55715E-1 7.65513E-1 8.21186E-1 8.00212E-1 7.82494E-1 8.07745E-1 8.56663E-1 8.70134E-1 8.31421E-1 8.29734E-1 8.01448E-1 6.84895E-1 5.48105E-1 3.08868E-1 2.66712E-1 2.64122E-1 2.59989E-1
3.13516E-1 4.11424E-1 4.77385E-1 4.74789E-1 5.03262E-1 4.38567E-1 7.45924E-1 6.76214E-1 5.03048E-1 5.0454E-1 4.0915E-1 6.7488E-1 7.51224E-1 7.42356E-1 4.87654E-1 4.75567E-1 6.89036E-1 8.67811E-1 8.82557E-1 8.38504E-1 8.07771E-1 7.94201E-1 7.03002E-1 8.68098E-1 5.65697E-1 8.86111E-1 8.56991E-1 8.35156E-1 8.3724E-1 7.84844E-1 6.14461E-1 7.84999E-1 7.27452E-1 6.93824E-1 6.97695E-1 7.40777E-1 7.26502E-1 7.21363E-1 7.39058E-1 7.1317E-1 6.28677E-1 6.90189E-1 7.36444E-1 7.8232E-1 8.10683E-1 8.34536E-1 7.62451E-1 7.78579E-1 8.05715E-1 8.31848E-1 8.20624E-1 7.53042E-1 8.15793E-1 6.96703E-1 7.28383E-1 6.23806E-1 3.37747E-1 3.16429E-1 2.36548E-1 3.02506E-1
4.11172E-1 4.48414E-1 1.79422E-1 4.50443E-1 4.26008E-1 3.26806E-1 3.51476E-1 2.88612E-1 2.99238E-1 4.86349E-1 5.9933E-1 6.76294E-1 6.39245E-1 7.05264E-1 7.39317E-1 7.38257E-1 7.41079E-1 8.598E-1 8.83979E-1 8.50633E-1 8.21585E-1 8.05476E-1 6.65329E-1 8.37491E-1 8.73453E-1 8.15099E-1 8.38671E-1 8.58656E-1 8.56323E-1 8.65477E-1 8.54615E-1 7.33682E-1 7.37633E-1 7.47937E-1 7.28404E-1 7.74421E-1 7.62906E-1 7.10326E-1 7.45889E-1 7.0034E-1 6.27567E-1 7.05133E-1 7.14637E-1 7.61681E-1 8.03085E-1 8.18152E-1 7.55477E-1 5.96339E-1 8.00833E-1 8.41323E-1 5.09809E-1 2.69607E-1 7.67312E-1 8.71166E-1 8.19696E-1 7.78875E-1 5.97282E-1 4.79584E-1 4.26285E-1 3.66085E-1
4.06044E-1 4.45359E-1 4.34811E-1 2.15597E-1 4.396E-1 1.72169E-1 2.39991E-1 2.41633E-1 2.23936E-1 2.96155E-1 3.46642E-1 4.57031E-1 7.01124E-1 7.5967E-1 7.73235E-1 7.74164E-1 4.63858E-1 8.19139E-1 7.27112E-1 6.67658E-1 7.88009E-1 7.44738E-1 8.2451E-1 8.23109E-1 8.14882E-1 8.17377E-1 4.70375E-1 7.47997E-1 8.64631E-1 8.73664E-1 8.76103E-1 8.31022E-1 8.15424E-1 8.18954E-1 7.80522E-1 8.01548E-1 7.98281E-1 7.34999E-1 6.14343E-1 6.47664E-1 7.50172E-1 7.87301E-1 5.68279E-1 5.82563E-1 8.22212E-1 8.13621E-1 7.74499E-1 7.28684E-1 8.05002E-1 8.41182E-1 6.68583E-1 8.28891E-1 7.48858E-1 6.37561E-1 5.93678E-1 5.63511E-1 4.54989E-1 4.1828E-1 3.67666E-1 5.21947E-1
5.63534E-1 5.44617E-1 3.77344E-1 2.41085E-1 3.38172E-1 2.52596E-1 3.63672E-1 3.43026E-1 3.74908E-1 4.69029E-1 4.9785E-1 5.22454E-1 6.60793E-1 7.85604E-1 7.76435E-1 5.39403E-1 6.46017E-1 6.03115E-1 5.68173E-1 6.23966E-1 7.73101E-1 5.38768E-1 7.0651E-1 8.11408E-1 7.98112E-1 8.5754E-1 7.83145E-1 8.66414E-1 7.65597E-1 8.13E-1 8.92689E-1 7.66491E-1 8.8313E-1 8.6971E-1 8.25451E-1 8.07439E-1 7.94086E-1 7.70497E-1 6.525E-1 7.14424E-1 4.77793E-1 6.61439E-1 6.48522E-1 6.86075E-1 7.9358E-1 8.38362E-1 7.96046E-1 7.29297E-1 7.69454E-1 8.51934E-1 8.74043E-1 8.19085E-1 7.38919E-1 7.48728E-1 6.59408E-1 4.99952E-1 4.24472E-1 4.03695E-1 4.05836E-1 3.50385E-1
2.57615E-1 5.40082E-1 6.06921E-1 2.93322E-1 3.60908E-1 3.68095E-1 4.28118E-1 4.34466E-1 4.55234E-1 5.01445E-1 5.11743E-1 5.71766E-1 6.38521E-1 7.0997E-1 6.73328E-1 7.14464E-1 7.52254E-1 5.85347E-1 4.04625E-1 3.50285E-1 5.14494E-1 7.5055E-1 6.65805E-1 4.11416E-1 4.19821E-1 5.57248E-1 7.89312E-1 8.67875E-1 8.62831E-1 8.83714E-1 8.96316E-1 8.11674E-1 8.70665E-1 8.47886E-1 8.26748E-1 8.11547E-1 7.72877E-1 7.54491E-1 6.8603E-1 5.75306E-1 7.06641E-1 5.42231E-1 5.21963E-1 6.6753E-1 7.38837E-1 8.48601E-1 7.83939E-1 6.87586E-1 8.18924E-1 6.07644E-1 8.06959E-1 8.23875E-1 7.78949E-1 7.16373E-1 6.8301E-1 5.4972E-1 3.8409E-1 2.6329E-1 2.96547E-1 3.33292E-1
3.48387E-1 4.43316E-1 5.34543E-1 4.62479E-1 4.09601E-1 3.97341E-1 4.38253E-1 4.46174E-1 4.64912E-1 5.25328E-1 5.45517E-1 5.24536E-1 4.73509E-1 6.68231E-1 5.96413E-1 5.55416E-1 5.82074E-1 7.60213E-1 4.07258E-1 5.96216E-1 7.35368E-1 7.73689E-1 8.55016E-1 8.33314E-1 6.79683E-1 6.19984E-1 7.23631E-1 9.12614E-1 8.77407E-1 8.74069E-1 8.93208E-1 8.86431E-1 7.65943E-1 7.89093E-1 8.23311E-1 8.15806E-1 7.4518E-1 7.18289E-1 5.11527E-1 7.58503E-1 6.12418E-1 5.7565E-1 6.3888E-1 7.32369E-1 7.39871E-1 7.83377E-1 6.87324E-1 7.91924E-1 8.07237E-1 7.99541E-1 7.15946E-1 7.05196E-1 6.65753E-1 6.01494E-1 5.8767E-1 5.54572E-1 4.08789E-1 3.10625E-1 6.27835E-1 4.47111E-1
5.20897E-1 4.48262E-1 5.63712E-1 5.40703E-1 4.93067E-1 4.4246E-1 4.3953E-1 4.05226E-1 4.81236E-1 5.31744E-1 3.98436E-1 3.76757E-1 5.12025E-1 7.26536E-1 7.46869E-1 5.70125E-1 5.42206E-1 7.66825E-1 5.40831E-1 5.3088E-1 6.57468E-1 6.82524E-1 6.67982E-1 6.04384E-1 6.11732E-1 6.67405E-1 4.80583E-1 8.86041E-1 8.93935E-1 8.55782E-1 8.87401E-1 6.36962E-1 7.17565E-1 7.20978E-1 7.77841E-1 8.00031E-1 6.80684E-1 4.60179E-1 4.93352E-1 5.54051E-1 6.64092E-1 7.15979E-1 7.39713E-1 7.88435E-1 8.34005E-1 8.42835E-1 6.86799E-1 7.42527E-1 5.31417E-1 6.0679E-1 7.18191E-1 6.21093E-1 4.93345E-1 4.51495E-1 4.62539E-1 4.75596E-1 4.49364E-1 4.49212E-1 5.81142E-1 5.74369E-1
4.91806E-1 5.24027E-1 6.21818E-1 6.3488E-1 5.96876E-1 4.94473E-1 3.6881E-1 3.01175E-1 2.79875E-1 2.62792E-1 1.83237E-1 4.04865E-1 3.12901E-1 4.76038E-1 7.67815E-1 6.31473E-1 5.7077E-1 8.00407E-1 5.72881E-1 7.16905E-1 7.30163E-1 5.44897E-1 7.05248E-1 6.83867E-1 7.27727E-1 8.10204E-1 8.01732E-1 4.38061E-1 4.97947E-1 6.94283E-1 8.45944E-1 8.16397E-1 6.98343E-1 6.85791E-1 6.92505E-1 7.29176E-1 4.67509E-1 4.10155E-1 4.51633E-1 7.32611E-1 7.40579E-1 7.40055E-1 7.02349E-1 6.94124E-1 8.94068E-1 6.30911E-1 2.02696E-1 5.80993E-1 7.33686E-1 7.49561E-1 7.36052E-1 6.31083E-1 4.16538E-1 3.001E-1 3.03314E-1 4.31271E-1 3.16163E-1 2.96185E-1 4.69605E-1 2.94218E-1
5.56739E-1 5.13137E-1 5.76396E-1 6.69361E-1 6.0932E-1 4.78171E-1 3.20194E-1 2.44999E-1 2.2066E-1 2.11642E-1 3.50165E-1 4.12964E-1 4.1395E-1 5.85739E-1 6.61719E-1 5.91545E-1 6.19535E-1 8.37818E-1 5.62187E-1 6.0293E-1 6.29492E-1 6.36781E-1 6.17836E-1 6.91237E-1 7.22763E-1 7.85273E-1 8.35911E-1 8.66412E-1 8.05003E-1 7.21022E-1 8.28852E-1 6.86206E-1 6.47043E-1 6.3989E-1 6.48108E-1 6.72852E-1 3.66013E-1 4.23271E-1 4.61338E-1 6.71274E-1 7.51718E-1 4.94645E-1 7.82261E-1 8.62497E-1 8.56516E-1 7.13227E-1 6.62988E-1 7.19925E-1 7.50642E-1 7.75304E-1 7.46221E-1 6.67748E-1 5.34706E-1 4.64445E-1 5.00305E-1 4.01869E-1 4.20385E-1 3.03756E-1 3.06596E-1 2.97758E-1
6.5751E-1 6.00848E-1 5.70661E-1 5.0698E-1 3.74676E-1 2.20999E-1 2.32113E-1 3.04617E-1 3.03937E-1 3.25113E-1 5.63654E-1 2.89936E-1 5.83481E-1 7.18989E-1 4.31755E-1 4.45207E-1 5.39901E-1 8.65248E-1 6.25642E-1 4.80164E-1 5.75855E-1 6.36758E-1 5.61204E-1 6.72319E-1 6.73988E-1 7.13344E-1 7.38515E-1 7.56195E-1 7.4796E-1 7.49483E-1 7.77391E-1 2.04348E-1 6.64884E-1 6.97819E-1 7.35619E-1 5.1479E-1 5.75572E-1 4.9535E-1 6.30376E-1 6.84049E-1 7.35899E-1 7.84711E-1 6.61536E-1 7.39978E-1 6.75611E-1 7.13176E-1 6.47915E-1 7.60174E-1 7.61697E-1 7.64988E-1 7.49527E-1 7.05582E-1 6.07318E-1 5.48703E-1 5.55729E-1 5.04423E-1 4.67198E-1 3.80118E-1 3.14631E-1 2.94601E-1
6.19167E-1 6.63847E-1 5.61361E-1 2.94198E-1 2.02234E-1 1.52229E-1 2.57455E-1 3.94684E-1 3.54271E-1 1.22839E-1 5.1415E-1 1.88053E-1 3.42397E-1 4.71093E-1 3.49986E-1 3.30391E-1 7.34196E-1 8.66371E-1 8.05131E-1 6.23661E-1 5.83921E-1 6.48643E-1 6.74852E-1 6.07007E-1 6.12021E-1 7.54465E-1 7.3381E-1 7.32411E-1 8.06412E-1 9.00688E-1 7.27181E-1 5.9126E-1 6.68367E-1 7.46315E-1 8.07861E-1 7.74425E-1 7.1126E-1 5.67308E-1 6.97332E-1 7.15192E-1 7.21294E-1 6.40085E-1 6.28728E-1 5.92629E-1 6.32015E-1 7.84495E-1 6.89519E-1 8.39547E-1 8.03532E-1 7.84728E-1 7.57926E-1 7.22317E-1 6.77636E-1 6.70167E-1 6.65311E-1 6.4277E-1 5.76975E-1 5.28633E-1 4.44302E-1 3.31121E-1
6.37617E-1 5.70567E-1 3.90275E-1 3.78068E-1 2.45393E-1 2.57841E-1 3.33487E-1 7.47097E-2 2.57967E-1 1.82009E-1 4.82384E-1 1.24351E-1 1.56236E-1 2.61833E-1 2.83969E-1 3.82747E-1 4.26311E-1 7.54525E-1 7.24961E-1 6.91692E-1 5.91029E-1 6.88565E-1 7.54787E-1 7.87483E-1 8.17786E-1 7.77977E-1 8.4982E-1 8.9158E-1 8.00335E-1 7.6182E-1 7.91295E-1 7.27663E-1 5.34995E-1 7.93267E-1 8.4437E-1 8.15352E-1 8.0305E-1 6.2749E-1 6.82853E-1 6.73458E-1 7.72415E-1 6.41178E-1 4.95482E-1 6.41463E-1 7.31935E-1 7.73062E-1 6.90422E-1 8.72645E-1 8.35146E-1 8.08263E-1 7.82372E-1 7.53846E-1 7.06355E-1 7.23506E-1 7.39551E-1 7.64709E-1 7.34985E-1 6.9909E-1 6.22837E-1 4.90074E-1
5.40363E-1 4.63821E-1 3.48637E-1 4.53502E-1 2.36581E-1 1.62691E-1 2.56558E-1 9.78399E-2 1.80746E-1 4.55617E-1 2.00181E-1 1.17841E-1 1.30277E-1 2.08872E-1 2.42108E-1 4.82262E-1 2.66495E-1 6.45511E-1 7.35762E-1 3.58172E-1 5.68554E-1 6.99592E-1 7.9246E-1 8.47852E-1 8.76837E-1 8.83369E-1 8.69147E-1 6.87617E-1 6.2389E-1 5.88986E-1 5.43006E-1 7.56487E-1 6.69161E-1 5.72265E-1 8.66217E-1 8.87005E-1 8.50946E-1 7.51945E-1 7.4723E-1 7.61762E-1 8.09248E-1 7.61738E-1 7.40438E-1 7.4832E-1 7.55192E-1 7.47489E-1 6.01853E-1 7.90956E-1 8.18572E-1 8.31967E-1 8.22063E-1 7.88462E-1 7.53504E-1 7.74738E-1 7.89867E-1 7.80859E-1 7.64415E-1 7.59015E-1 7.1017E-1 6.5664E-1
3.38841E-1 3.42255E-1 2.60591E-1 2.41937E-1 2.70665E-1 2.4949E-1 2.09155E-1 8.76692E-2 4.57233E-1 2.33837E-1 1.55224E-1 1.27394E-1 1.21485E-1 1.42851E-1 1.81903E-1 4.03347E-1 1.72231E-1 5.80922E-1 6.11412E-1 3.46352E-1 5.3967E-1 6.53276E-1 7.22362E-1 7.62175E-1 7.80013E-1 7.98743E-1 7.77935E-1 7.1047E-1 8.8515E-1 8.52163E-1 5.82991E-1 6.43144E-1 6.42791E-1 6.96552E-1 8.13424E-1 7.26175E-1 8.6027E-1 8.63973E-1 5.40764E-1 7.21951E-1 7.25437E-1 7.60922E-1 6.85329E-1 6.95287E-1 6.78837E-1 7.09046E-1 3.70616E-1 7.84705E-1 6.94858E-1 7.74036E-1 8.1987E-1 7.93665E-1 7.61156E-1 7.77597E-1 7.58965E-1 7.56164E-1 7.65421E-1 7.80479E-1 7.40537E-1 7.40524E-1
4.87168E-1 2.93758E-1 1.76969E-1 1.53712E-1 1.15304E-1 1.08181E-1 1.481E-1 3.38783E-1 1.19561E-1 9.05043E-2 1.23866E-1 1.63128E-1 1.5793E-1 1.25939E-1 3.28428E-1 3.26216E-1 1.25415E-1 1.70091E-1 1.80698E-1 2.90048E-1 3.46714E-1 3.9891E-1 4.41615E-1 4.66106E-1 5.44788E-1 6.68826E-1 6.36649E-1 5.98666E-1 6.46139E-1 5.91803E-1 5.41551E-1 5.42189E-1 5.33947E-1 3.91505E-1 4.20583E-1 4.60405E-1 5.08024E-1 5.0024E-1 5.95685E-1 6.35639E-1 6.95451E-1 6.6266E-1 6.56172E-1 6.04431E-1 6.26033E-1 7.1144E-1 7.58439E-1 7.13998E-1 6.48011E-1 7.34064E-1 6.56309E-1 6.4599E-1 7.48754E-1 7.46493E-1 5.8774E-1 6.03562E-1 7.46446E-1 6.19101E-1 7.85676E-1 7.76731E-1
2.65125E-1 1.16018E-1 1.08752E-1 8.76362E-2 9.58028E-2 9.73719E-2 9.03807E-2 3.47666E-1 5.46614E-2 5.39555E-2 7.10145E-2 1.33849E-1 1.4643E-1 1.21217E-1 3.09687E-1 1.10716E-1 8.65094E-2 9.29364E-2 9.41946E-2 1.25023E-1 1.65627E-1 2.35843E-1 2.88294E-1 3.76314E-1 4.94194E-1 5.08008E-1 6.13569E-1 4.15325E-1 3.28457E-1 4.06379E-1 5.23808E-1 5.76624E-1 5.93499E-1 6.60864E-1 7.43349E-1 4.37764E-1 5.81643E-1 2.90875E-1 6.48926E-1 6.15205E-1 6.06097E-1 3.32374E-1 5.44787E-1 5.23427E-1 5.41356E-1 5.92849E-1 6.53901E-1 3.67394E-1 2.15178E-1 2.01889E-1 4.1742E-1 5.15476E-1 5.50657E-1 7.57878E-1 6.88442E-1 6.55786E-1 7.43413E-1 7.64169E-1 6.87216E-1 7.20059E-1
1.24546E-1 8.92075E-2 8.97415E-2 9.2442E-2 1.27292E-1 1.52648E-1 1.91604E-1 1.25109E-1 3.71422E-2 3.7218E-2 1.15146E-1 1.33287E-1 1.14571E-1 1.05668E-1 9.1237E-2 2.29595E-1 9.95579E-2 2.26872E-1 6.90916E-2 1.04974E-1 1.39313E-1 2.11079E-1 2.75973E-1 3.50071E-1 3.66523E-1 6.80193E-1 6.66516E-1 7.00876E-1 3.41435E-1 4.0094E-1 4.75205E-1 4.69978E-1 5.22538E-1 5.37241E-1 4.99508E-1 5.32337E-1 4.9307E-1 4.72649E-1 5.39364E-1 5.71106E-1 3.62371E-1 3.57454E-1 3.9496E-1 3.6216E-1 1.49608E-1 4.12015E-1 4.56287E-1 4.07508E-1 4.5696E-1 4.7342E-1 5.04043E-1 3.17707E-1 5.21631E-1 5.13301E-1 7.17132E-1 6.11604E-1 6.96662E-1 7.20901E-1 7.10908E-1 5.8831E-1
1.36127E-1 1.21683E-1 8.0608E-2 9.77958E-2 1.7187E-1 2.0188E-1 3.40277E-1 7.36609E-2 3.92673E-2 2.45226E-2 5.4015E-2 3.24956E-2 4.13874E-2 6.01033E-2 5.4123E-2 1.54839E-1 1.96538E-1 1.83583E-1 4.82564E-2 7.63481E-2 1.27684E-1 1.99104E-1 2.41054E-1 2.31143E-1 2.02765E-1 6.85415E-1 3.10303E-1 6.06141E-1 2.80044E-1 3.50402E-1 3.59026E-1 3.49309E-1 3.67268E-1 2.43193E-1 2.45189E-1 3.57608E-1 4.97325E-1 5.23546E-1 5.34863E-1 5.49265E-1 4.80821E-1 3.44966E-1 4.43531E-1 3.94466E-1 4.08593E-1 5.12367E-1 5.21803E-1 5.28824E-1 5.51968E-1 5.42288E-1 4.77829E-1 4.39897E-1 4.28026E-1 6.02034E-1 6.77576E-1 6.79404E-1 6.44972E-1 6.2054E-1 6.09876E-1 5.53086E-1
1.33056E-1 1.26545E-1 1.99212E-1 1.03519E-1 9.63242E-2 2.83772E-1 6.75081E-2 5.15999E-2 3.73048E-2 2.05393E-2 1.81204E-2 5.73593E-2 7.52341E-2 7.881E-2 6.81708E-2 4.29463E-2 4.1256E-2 1.4166E-1 3.79684E-2 6.86454E-2 1.05473E-1 1.38012E-1 1.54741E-1 1.8434E-1 3.07674E-1 4.37393E-1 4.77293E-1 1.62523E-1 1.80676E-1 2.30268E-1 2.20774E-1 2.21468E-1 2.32399E-1 2.20011E-1 2.91303E-1 3.75064E-1 4.29602E-1 3.80823E-1 4.88805E-1 4.41779E-1 5.56864E-1 3.80178E-1 3.57239E-1 4.49603E-1 4.60271E-1 5.08663E-1 3.83102E-1 4.45996E-1 4.77098E-1 5.36533E-1 4.74125E-1 4.3676E-1 4.20359E-1 3.75701E-1 6.09863E-1 6.4861E-1 6.63451E-1 5.4366E-1 4.98435E-1 5.83587E-1
9.4624E-2 1.50832E-1 1.5939E-1 1.39877E-1 1.08894E-1 1.31979E-1 4.99483E-2 4.07627E-2 2.97467E-2 2.40282E-2 3.012E-2 1.0045E-2 2.36603E-2 5.02529E-2 7.35761E-2 5.77233E-2 5.36279E-2 1.1675E-1 5.18654E-2 4.95239E-2 5.35299E-2 6.905E-2 9.73547E-2 1.17139E-1 1.50072E-1 4.00036E-1 3.83993E-1 3.23029E-1 1.16334E-1 1.3322E-1 1.82531E-1 1.93044E-1 2.67867E-1 3.12367E-1 3.45729E-1 3.96947E-1 4.46889E-1 5.31829E-1 4.66765E-1 5.10562E-1 5.29607E-1 4.79701E-1 4.86878E-1 4.21364E-1 5.2857E-1 4.79713E-1 5.48957E-1 5.60046E-1 3.58145E-1 5.28697E-1 5.11537E-1 5.07807E-1 4.44473E-1 3.97432E-1 4.3453E-1 6.49343E-1 4.91747E-1 5.07861E-1 4.34518E-1 2.38102E-1
-9999 -9999 -9999 7.73246E-2 1.33286E-1 5.66256E-2 5.90532E-2 5.21544E-2 3.56253E-2 3.89574E-2 2.13462E-2 1.55592E-2 2.35912E-2 4.33795E-2 6.45002E-2 7.53946E-2 8.3232E-2 9.5507E-2 9.56271E-2 9.78945E-2 7.38043E-2 6.67263E-2 6.68135E-2 8.18254E-2 1.02568E-1 1.64228E-1 2.83084E-1 1.55193E-1 2.4217E-1 1.19818E-1 1.5649E-1 1.76556E-1 3.23102E-1 4.90203E-1 4.75672E-1 4.58748E-1 4.35998E-1 4.26677E-1 5.58663E-1 5.44005E-1 5.29023E-1 4.69285E-1 5.66528E-1 5.52284E-1 3.91089E-1 1.27745E-1 5.11147E-1 5.33131E-1 5.37764E-1 5.65011E-1 5.61441E-1 5.29073E-1 3.43926E-1 2.6401E-1 3.37142E-1 2.96696E-1 6.21517E-1 6.00953E-1 3.15195E-1 3.61952E-1
-9999 -9999 -9999 -9999 6.02803E-2 1.03037E-1 1.05158E-1 8.24367E-2 5.196E-2 3.3142E-2 1.73998E-2 1.14411E-2 1.74728E-2 3.53728E-2 4.4757E-2 7.2761E-2 7.38156E-2 9.10257E-2 8.9367E-2 9.26596E-2 9.51277E-2 1.03137E-1 1.24876E-1 1.32006E-1 1.19255E-1 1.87687E-1 2.37611E-1 1.61474E-1 1.70826E-1 1.86509E-1 1.5929E-1 2.08705E-1 3.7717E-1 4.72758E-1 4.60676E-1 4.20034E-1 4.31955E-1 4.53005E-1 4.74771E-1 5.7779E-1 2.71179E-1 4.9228E-1 2.84381E-1 2.77059E-1 3.29133E-1 4.14037E-1 2.39614E-1 5.54989E-1 5.4583E-1 3.73807E-1 4.19111E-1 3.51292E-1 4.78326E-1 4.71768E-1 -9999 -9999 -9999 -9999 -9999 -9999
-9999 -9999 -9999 -9999 -9999 -9999 1.00962E-1 7.87009E-2 5.12699E-2 2.86651E-2 1.51191E-2 6.79328E-3 7.18905E-3 1.06921E-2 3.18169E-2 3.16758E-2 1.09696E-1 8.00439E-2 6.40224E-2 8.30797E-2 1.0452E-1 9.24073E-2 1.22005E-1 1.48928E-1 1.5074E-1 1.597E-1 2.03378E-1 1.74248E-1 1.75259E-1 2.11588E-1 2.54973E-1 3.26652E-1 3.91405E-1 4.65988E-1 4.95934E-1 4.94804E-1 4.80892E-1 4.74363E-1 3.31182E-1 6.37363E-1 3.25438E-1 4.47326E-1 2.25443E-1 2.24996E-1 2.73391E-1 4.60686E-1 6.07342E-1 2.99197E-1 4.46104E-1 4.94033E-1 5.31111E-1 -9999 -9999 -9999 -9999 -9999 -9999 -9999 -9999 -9999
-9999 -9999 -9999 -9999 -9999 -9999 -9999 -9999 3.44897E-2 9.04402E-3 9.53382E-3 1.29732E-3 1.84986E-3 2.76904E-3 5.98045E-3 2.01867E-2 5.55305E-2 6.53499E-2 4.12198E-2 6.19429E-2 9.40159E-2 8.1767E-2 1.03864E-1 1.42993E-1 1.53964E-1 1.43868E-1 2.11388E-1 2.34775E-1 2.18643E-1 2.55112E-1 2.90684E-1 3.82486E-1 4.4427E-1 5.18394E-1 5.36682E-1 5.36379E-1 5.19891E-1 4.98995E-1 4.29244E-1 5.60901E-1 4.72686E-1 4.58421E-1 4.39606E-1 3.69066E-1 3.44293E-1 4.59522E-1 6.28633E-1 6.41559E-1 4.53263E-1 -9999 -9999 -9999 -9999 -9999 -9999 -9999 -9999 -9999 -9999 -9999
