Phytophthora/models/20240430_1147_34/Phytophthora_PA3_RUN1_MAXENT_outputs/Phytophthora_PA3_RUN1.asc
ncols         225
nrows         269
xllcorner     473000.0
yllcorner     4429100.0
cellsize      50.0
NODATA_value  -9999
[rows 108 to 134 of 269, columns 0 to 59 of 225]
-9999 -9999 -9999 -9999 -9999 -9999 -9999 -9999 -9999 -9999 -9999 1.79658E-1 1.98517E-1 2.03225E-1 2.06874E-1 1.70452E-1 1.57628E-1 1.24398E-1 1.10778E-1 1.17235E-1 1.62398E-1 2.07385E-1 2.08819E-1 2.26496E-1 2.1413E-1 2.09284E-1 1.84648E-1 1.70839E-1 1.60524E-1 1.67744E-1 1.43442E-1 1.12953E-1 9.88591E-2 9.76584E-2 9.9877E-2 5.88473E-2 7.1658E-2 6.71247E-2 2.56859E-2 5.7858E-2 3.68265E-2 3.57867E-2 3.93807E-2 4.59693E-2 5.79369E-2 7.60764E-2 5.4543E-2 5.04052E-2 5.38339E-2 7.43774E-2 5.87572E-2 5.64935E-2 5.78227E-2 7.64062E-2 6.70864E-2 6.38659E-2 5.70828E-2 9.21071E-2 1.08741E-1 1.12947E-1
-9999 -9999 -9999 -9999 -9999 -9999 -9999 -9999 -9999 -9999 1.66466E-1 1.78935E-1 1.68843E-1 2.24007E-1 2.12344E-1 1.49602E-1 1.27356E-1 1.00502E-1 1.14157E-1 1.30945E-1 1.79344E-1 2.24122E-1 6.55533E-2 2.35552E-1 1.84356E-1 1.77074E-1 1.61591E-1 1.6201E-1 1.62337E-1 1.40228E-1 1.0889E-1 1.00827E-1 1.14126E-1 1.15841E-1 1.12945E-1 6.83321E-2 7.95501E-2 7.48888E-2 2.17958E-2 2.11944E-2 4.06434E-2 3.39753E-2 3.95509E-2 4.65386E-2 6.85228E-2 1.09247E-1 9.86931E-2 6.63488E-2 2.09491E-2 9.51782E-2 7.17375E-2 6.86298E-2 9.45995E-2 8.43906E-2 5.6363E-2 6.78431E-2 6.1778E-2 1.14604E-1 1.13706E-1 9.48813E-2
-9999 -9999 -9999 -9999 -9999 -9999 -9999 -9999 -9999 -9999 1.77234E-1 2.04104E-1 2.57188E-1 2.72247E-1 2.25607E-1 1.47898E-1 1.15115E-1 1.07787E-1 1.26802E-1 1.48401E-1 2.21482E-1 9.91064E-2 2.2022E-1 1.96989E-1 1.85925E-1 1.85328E-1 1.75893E-1 1.65195E-1 1.41052E-1 1.22311E-1 1.20637E-1 1.23123E-1 1.37638E-1 1.38681E-1 1.28557E-1 8.17029E-2 8.60429E-2 7.74313E-2 6.48781E-2 6.59881E-2 1.40211E-2 3.60086E-2 8.65893E-3 1.66966E-2 5.66168E-2 1.24393E-1 1.13168E-1 8.74065E-2 7.93139E-2 1.04998E-1 6.50583E-2 8.86802E-2 1.02361E-1 9.07102E-2 6.29717E-2 8.65888E-2 1.11176E-1 1.14511E-1 9.70791E-2 8.27207E-2
-9999 -9999 -9999 -9999 -9999 -9999 -9999 -9999 -9999 4.34967E-1 5.15274E-1 5.36154E-1 3.3498E-1 5.46872E-1 4.68872E-1 3.29684E-1 2.95212E-1 3.21005E-1 3.47445E-1 3.32815E-1 2.59941E-1 2.61365E-1 2.36992E-1 2.23882E-1 2.10378E-1 1.68601E-1 1.54769E-1 1.50245E-1 1.41059E-1 1.62131E-1 3.84438E-1 3.98661E-1 4.12268E-1 4.46365E-1 4.66546E-1 2.91823E-1 4.37824E-1 3.83388E-1 3.46052E-1 3.22622E-1 5.27287E-2 3.62125E-2 9.02764E-2 1.00918E-1 2.95022E-2 1.27854E-1 1.57604E-1 1.31424E-1 1.33842E-1 1.5779E-1 1.66361E-1 1.44621E-1 2.24565E-1 2.01995E-1 1.47322E-1 1.14435E-1 9.89968E-2 8.13587E-2 7.10744E-2 7.64094E-2
-9999 -9999 -9999 -9999 -9999 -9999 -9999 -9999 3.01399E-1 4.03901E-1 4.90698E-1 4.34885E-1 5.71545E-1 4.91664E-1 4.19917E-1 2.59052E-1 2.70223E-1 3.72388E-1 4.0183E-1 4.41654E-1 2.42496E-1 2.37063E-1 2.03177E-1 2.23235E-1 2.15372E-1 1.80271E-1 1.74248E-1 1.71314E-1 1.71351E-1 2.08607E-1 4.24042E-1 4.1836E-1 4.22742E-1 2.55899E-1 4.83084E-1 4.73622E-1 4.22385E-1 3.62635E-1 3.43341E-1 3.24692E-1 1.1351E-1 5.95242E-2 1.0381E-1 1.0237E-1 1.20989E-1 1.11545E-1 1.40183E-1 1.27638E-1 1.18758E-1 1.40551E-1 1.75326E-1 1.99775E-1 2.3213E-1 2.08165E-1 1.81619E-1 1.20829E-1 1.01691E-1 8.30964E-2 8.13625E-2 8.96775E-2
-9999 -9999 -9999 -9999 -9999 -9999 -9999 -9999 3.98409E-1 3.99262E-1 5.27536E-1 5.7009E-1 5.39786E-1 4.53295E-1 3.67232E-1 2.59428E-1 2.80447E-1 3.89203E-1 4.79695E-1 2.65041E-1 2.32758E-1 1.74313E-1 1.89021E-1 2.26374E-1 2.20166E-1 1.85371E-1 1.84386E-1 1.90641E-1 2.03369E-1 2.21628E-1 4.40224E-1 3.86055E-1 4.13216E-1 4.30168E-1 4.77487E-1 4.65971E-1 4.3975E-1 3.87423E-1 3.59199E-1 3.12155E-1 1.09362E-1 9.95802E-2 1.0758E-1 1.02675E-1 1.35605E-1 1.24239E-1 1.26375E-1 1.3479E-1 1.35311E-1 1.40094E-1 1.98828E-1 2.04521E-1 2.29179E-1 2.06636E-1 1.88457E-1 1.23543E-1 8.47062E-2 8.38165E-2 8.35438E-2 9.50412E-2
-9999 -9999 -9999 -9999 -9999 -9999 -9999 -9999 4.24196E-1 4.13747E-1 2.44566E-1 5.3263E-1 4.88267E-1 3.74906E-1 3.2333E-1 2.49908E-1 2.74612E-1 3.91108E-1 2.18122E-1 3.30793E-1 1.7975E-1 1.77974E-1 2.10843E-1 2.63769E-1 2.20153E-1 1.78055E-1 2.32382E-1 9.81606E-2 9.22612E-2 2.3486E-1 4.74953E-1 4.21017E-1 2.12311E-1 4.37256E-1 4.85799E-1 4.93229E-1 4.78568E-1 4.44906E-1 3.76314E-1 3.50408E-1 1.21373E-1 1.07226E-1 1.11465E-1 1.21583E-1 1.38683E-1 8.80517E-2 1.38609E-1 1.30097E-1 1.49443E-1 6.2956E-2 1.95843E-1 2.21225E-1 2.34271E-1 2.15877E-1 1.94565E-1 1.22172E-1 9.68441E-2 8.71926E-2 8.1836E-2 9.37019E-2
-9999 -9999 -9999 -9999 -9999 -9999 -9999 2.973E-1 3.77676E-1 4.2008E-1 5.54128E-1 4.93583E-1 4.40042E-1 3.31275E-1 3.09461E-1 2.81521E-1 2.9841E-1 1.13803E-1 2.15707E-1 2.78092E-1 1.55896E-1 1.92755E-1 2.43154E-1 6.67291E-2 2.14669E-1 1.87604E-1 2.12648E-1 1.87699E-1 1.856E-1 2.08566E-1 4.64334E-1 4.08546E-1 4.03087E-1 4.14103E-1 4.59768E-1 4.67055E-1 4.58372E-1 4.11797E-1 3.08012E-1 1.88215E-1 6.5222E-2 1.31123E-1 1.25611E-1 1.29765E-1 1.33964E-1 1.18287E-1 1.26366E-1 1.31435E-1 1.56058E-1 1.41466E-1 1.87059E-1 2.10801E-1 1.21176E-1 2.26079E-1 2.05755E-1 1.18856E-1 9.83973E-2 9.65322E-2 8.97906E-2 1.03724E-1
-9999 -9999 -9999 -9999 -9999 -9999 1.99772E-1 1.87445E-1 2.43077E-1 1.35595E-1 3.58305E-1 3.02764E-1 2.61871E-1 1.90457E-1 1.97775E-1 3.38939E-1 2.73375E-1 2.99002E-1 3.2841E-1 3.49913E-1 2.61994E-1 3.05848E-1 2.81461E-1 3.08377E-1 2.47116E-1 2.16861E-1 2.24639E-1 2.07341E-1 2.01761E-1 2.12995E-1 3.26556E-1 2.82324E-1 2.77051E-1 3.23939E-1 3.45701E-1 4.19287E-1 3.90256E-1 3.40705E-1 3.36256E-1 4.29348E-1 4.6984E-1 4.4272E-1 4.47029E-1 4.72272E-1 4.9581E-1 4.44021E-1 4.23043E-1 4.46486E-1 5.09297E-1 5.06529E-1 4.62588E-1 4.6509E-1 5.15441E-1 5.27822E-1 4.90885E-1 4.30735E-1 3.869E-1 3.23983E-1 3.29784E-1 3.58013E-1
-9999 -9999 -9999 -9999 -9999 -9999 -9999 2.5812E-1 2.82359E-1 2.9677E-1 3.25843E-1 2.74393E-1 2.18483E-1 1.91367E-1 2.2193E-1 2.80152E-1 3.04912E-1 2.32867E-1 2.69816E-1 2.18389E-1 1.69846E-1 2.49429E-1 2.90213E-1 2.70444E-1 2.41512E-1 1.85486E-1 1.93841E-1 1.89022E-1 1.87735E-1 1.84943E-1 2.80753E-1 2.50175E-1 2.62292E-1 3.00623E-1 3.16152E-1 3.9176E-1 3.0795E-1 2.95104E-1 3.13722E-1 4.01152E-1 4.57599E-1 4.43701E-1 4.71569E-1 5.07891E-1 4.93213E-1 4.3065E-1 2.59469E-1 4.15442E-1 1.54455E-1 4.26573E-1 5.02284E-1 4.91054E-1 5.15141E-1 5.45299E-1 5.12328E-1 4.12037E-1 3.19723E-1 2.50873E-1 2.67158E-1 2.45736E-1
-9999 -9999 -9999 -9999 -9999 -9999 -9999 -9999 2.68573E-1 2.86333E-1 3.03077E-1 2.17774E-1 1.83646E-1 1.77723E-1 2.39919E-1 3.00992E-1 2.05434E-1 2.23012E-1 2.62615E-1 3.32899E-1 2.68766E-1 2.74333E-1 2.59503E-1 2.27571E-1 2.2624E-1 1.40083E-1 1.62294E-1 1.62681E-1 1.68326E-1 1.59681E-1 2.8074E-1 2.63136E-1 2.90176E-1 2.79659E-1 2.98197E-1 3.18735E-1 2.87317E-1 3.11534E-1 3.628E-1 4.5261E-1 5.07007E-1 4.93579E-1 2.04187E-1 5.04236E-1 5.1021E-1 4.21786E-1 3.95073E-1 5.11153E-1 3.63635E-1 5.1484E-1 4.93887E-1 3.78801E-1 5.27519E-1 2.77641E-1 4.28348E-1 3.42231E-1 2.85399E-1 2.78904E-1 3.27599E-1 3.09238E-1
-9999 -9999 -9999 -9999 -9999 -9999 -9999 -9999 -9999 3.01145E-1 2.69524E-1 2.03766E-1 1.9722E-1 2.76531E-1 3.19816E-1 2.13738E-1 2.46207E-1 3.05463E-1 3.60608E-1 3.89999E-1 2.65055E-1 2.63803E-1 2.23933E-1 1.93511E-1 1.97055E-1 1.40215E-1 1.48617E-1 1.46685E-1 1.54519E-1 1.65733E-1 2.92475E-1 2.83371E-1 2.61292E-1 2.81836E-1 3.04905E-1 2.89721E-1 2.86566E-1 3.3101E-1 3.87535E-1 2.69834E-1 5.25427E-1 4.81273E-1 4.86449E-1 4.64152E-1 4.53506E-1 3.54646E-1 3.39381E-1 4.57632E-1 4.34017E-1 4.70228E-1 4.22403E-1 3.8999E-1 2.46449E-1 2.47984E-1 2.36097E-1 1.6425E-1 5.96412E-2 2.88386E-1 1.30881E-1 2.8245E-1
-9999 -9999 -9999 -9999 -9999 -9999 -9999 -9999 -9999 -9999 2.56102E-1 2.28034E-1 2.25377E-1 1.88103E-1 2.82342E-1 2.14714E-1 2.75129E-1 3.3479E-1 3.50378E-1 3.68814E-1 2.39841E-1 2.21775E-1 1.85167E-1 1.6931E-1 1.50161E-1 1.31206E-1 1.55157E-1 1.45923E-1 1.4143E-1 1.69938E-1 2.63142E-1 2.80524E-1 2.99404E-1 3.0072E-1 2.97587E-1 3.26285E-1 3.11559E-1 3.68839E-1 4.0466E-1 2.99274E-1 4.94237E-1 4.1341E-1 4.44829E-1 4.19461E-1 3.82576E-1 3.08315E-1 4.39334E-1 3.63216E-1 4.24093E-1 3.73236E-1 2.50309E-1 2.40189E-1 2.1605E-1 2.09229E-1 1.87293E-1 2.24865E-1 3.31099E-1 3.48201E-1 3.32834E-1 3.4841E-1
-9999 -9999 -9999 -9999 -9999 -9999 -9999 -9999 -9999 -9999 -9999 2.41187E-1 3.80779E-1 4.60054E-1 3.30482E-1 2.21363E-1 1.89034E-1 2.15939E-1 2.40604E-1 2.79525E-1 3.48621E-1 3.13907E-1 2.75766E-1 2.5615E-1 2.93033E-1 3.83029E-1 4.37909E-1 4.09192E-1 3.94581E-1 3.35273E-1 2.88429E-1 3.14716E-1 3.49215E-1 3.18132E-1 3.51889E-1 3.66885E-1 3.40314E-1 4.10265E-1 4.95633E-1 5.67855E-1 5.13636E-1 4.19984E-1 4.70436E-1 4.45275E-1 3.82337E-1 3.1381E-1 1.84413E-1 3.58946E-1 2.46988E-1 2.28637E-1 2.42714E-1 2.79118E-1 2.68169E-1 2.39298E-1 1.67343E-1 3.8495E-1 3.05673E-1 3.74871E-1 3.79143E-1 4.0656E-1
-9999 -9999 -9999 -9999 -9999 -9999 -9999 -9999 -9999 -9999 -9999 -9999 1.87884E-1 4.3023E-1 3.87124E-1 2.43299E-1 1.8978E-1 2.08969E-1 2.18893E-1 2.75199E-1 3.69392E-1 3.4016E-1 3.01187E-1 2.95654E-1 3.11958E-1 3.44897E-1 4.85289E-1 4.34751E-1 4.17253E-1 3.63356E-1 2.8383E-1 2.7631E-1 2.77177E-1 3.45133E-1 3.51874E-1 4.04825E-1 3.74831E-1 4.78463E-1 3.50631E-1 5.53056E-1 4.42062E-1 3.53667E-1 4.24697E-1 4.12173E-1 1.52068E-1 1.8649E-1 3.31878E-1 2.67907E-1 2.52861E-1 3.03495E-1 3.34604E-1 3.6769E-1 3.99511E-1 3.98293E-1 3.90797E-1 3.07296E-1 3.79663E-1 3.68704E-1 3.88036E-1 4.5922E-1
-9999 -9999 -9999 -9999 -9999 -9999 -9999 -9999 -9999 -9999 -9999 -9999 4.2763E-1 1.8327E-1 3.95268E-1 2.05527E-1 1.60707E-1 1.72431E-1 2.13177E-1 2.8662E-1 2.89212E-1 3.54744E-1 3.40935E-1 3.30412E-1 3.55483E-1 3.63516E-1 3.92708E-1 4.29625E-1 4.37377E-1 3.54846E-1 2.34952E-1 2.23676E-1 2.53814E-1 3.04198E-1 3.61282E-1 2.35884E-1 4.3216E-1 5.38678E-1 5.32824E-1 4.97733E-1 3.76692E-1 3.2713E-1 4.11438E-1 3.75196E-1 3.25891E-1 3.07879E-1 3.2476E-1 2.58401E-1 3.01974E-1 3.70828E-1 3.87996E-1 4.11257E-1 4.28586E-1 2.30492E-1 4.01474E-1 3.74306E-1 3.651E-1 3.81352E-1 4.08574E-1 4.91922E-1
-9999 -9999 -9999 -9999 -9999 -9999 -9999 -9999 -9999 -9999 -9999 -9999 -9999 2.89967E-1 3.07175E-1 1.58897E-1 1.34357E-1 1.74809E-1 2.0362E-1 2.61815E-1 2.30472E-1 3.62445E-1 3.83588E-1 3.22772E-1 3.84411E-1 4.02988E-1 5.2349E-1 4.24434E-1 4.63117E-1 1.94253E-1 1.43663E-1 1.43378E-1 1.70321E-1 2.2421E-1 3.44458E-1 4.38998E-1 1.91597E-1 2.0815E-1 5.34395E-1 4.17077E-1 3.3534E-1 3.32354E-1 3.91756E-1 2.03036E-1 2.81684E-1 3.19716E-1 2.29815E-1 2.28616E-1 3.06577E-1 3.625E-1 3.86011E-1 3.92406E-1 4.1492E-1 4.07631E-1 3.76574E-1 3.5284E-1 3.50723E-1 3.56694E-1 4.36144E-1 4.43835E-1
-9999 -9999 -9999 -9999 -9999 -9999 -9999 -9999 -9999 -9999 -9999 -9999 -9999 -9999 2.48039E-1 1.44886E-1 1.43771E-1 1.8677E-1 2.07694E-1 2.49168E-1 3.74762E-1 3.89881E-1 4.08589E-1 4.07472E-1 2.14362E-1 4.17451E-1 4.909E-1 4.43383E-1 3.29396E-1 2.12699E-1 1.16779E-1 1.30757E-1 1.80082E-1 2.75136E-1 3.11071E-1 4.31388E-1 4.56327E-1 5.24363E-1 4.97867E-1 3.41501E-1 3.2186E-1 3.6964E-1 2.43766E-1 2.83908E-1 2.52703E-1 1.79116E-1 2.07159E-1 3.07207E-1 3.62544E-1 3.95006E-1 4.02178E-1 4.108E-1 4.08021E-1 4.08334E-1 3.76619E-1 3.28325E-1 3.27847E-1 3.47607E-1 3.9286E-1 3.92139E-1
-9999 -9999 -9999 -9999 -9999 -9999 -9999 -9999 -9999 -9999 -9999 -9999 -9999 -9999 1.93347E-1 1.94327E-1 2.09194E-1 2.38475E-1 2.40343E-1 3.00799E-1 4.58153E-1 5.00599E-1 3.41208E-1 5.60031E-1 5.4867E-1 3.04799E-1 2.60035E-1 2.34205E-1 1.75222E-1 1.30274E-1 8.50679E-2 1.20259E-1 1.6993E-1 1.8266E-1 2.1842E-1 3.7744E-1 3.87336E-1 4.45346E-1 4.26722E-1 2.74172E-1 2.38981E-1 3.07149E-1 1.84804E-1 1.73675E-1 1.35076E-1 1.3219E-1 1.62524E-1 2.65336E-1 3.02243E-1 2.87556E-1 3.78749E-1 3.6285E-1 3.76639E-1 3.85958E-1 3.60539E-1 3.03642E-1 2.84013E-1 2.62379E-1 3.43641E-1 3.94338E-1
-9999 -9999 -9999 -9999 -9999 -9999 -9999 -9999 -9999 -9999 -9999 -9999 -9999 -9999 1.79343E-1 1.78585E-1 2.13519E-1 2.2755E-1 2.3534E-1 3.0416E-1 4.93556E-1 3.75023E-1 5.95387E-1 6.04113E-1 2.43295E-1 1.06097E-1 3.29277E-1 2.32052E-1 1.92782E-1 1.5596E-1 1.32947E-1 1.51452E-1 1.72186E-1 1.73877E-1 2.12738E-1 3.36869E-1 3.42231E-1 3.95183E-1 3.85564E-1 2.30014E-1 3.7816E-1 2.47574E-1 1.45704E-1 1.38194E-1 1.2886E-1 1.65588E-1 2.36072E-1 3.12451E-1 2.9536E-1 3.18664E-1 3.99091E-1 3.80035E-1 2.35843E-1 4.17718E-1 3.62056E-1 2.98037E-1 2.80072E-1 2.80577E-1 3.46988E-1 2.82633E-1
-9999 -9999 -9999 -9999 -9999 -9999 -9999 -9999 -9999 -9999 -9999 -9999 -9999 -9999 1.69434E-1 2.10695E-1 1.9692E-1 2.2452E-1 2.45707E-1 3.23073E-1 3.71983E-1 5.23161E-1 1.1206E-1 5.99097E-1 5.23095E-1 3.08222E-1 2.46669E-1 2.09594E-1 1.79679E-1 1.55957E-1 1.39282E-1 1.34668E-1 1.5712E-1 1.76669E-1 1.77261E-1 2.88979E-1 3.06722E-1 3.58849E-1 3.53771E-1 3.5432E-1 1.96178E-1 1.5516E-1 1.41008E-1 1.47307E-1 1.81896E-1 2.17868E-1 2.83822E-1 3.05007E-1 2.99557E-1 3.5469E-1 4.03209E-1 3.79716E-1 1.65995E-1 4.45818E-1 3.64337E-1 2.93932E-1 2.45369E-1 2.18548E-1 2.46987E-1 9.1347E-2
-9999 -9999 -9999 -9999 -9999 -9999 -9999 -9999 -9999 -9999 -9999 -9999 -9999 3.19259E-1 2.43181E-1 2.32013E-1 2.20692E-1 2.38002E-1 2.65667E-1 3.38815E-1 4.65159E-1 2.82881E-1 3.67694E-1 3.74897E-1 3.17182E-1 1.71811E-1 1.58718E-1 2.77565E-1 2.1483E-1 2.06306E-1 1.58015E-1 1.67978E-1 1.58823E-1 1.45727E-1 1.47568E-1 2.31252E-1 2.91173E-1 1.04624E-1 3.30389E-1 2.17281E-1 1.69314E-1 1.93384E-1 2.30803E-1 2.16765E-1 2.45278E-1 2.60854E-1 2.87064E-1 3.26798E-1 3.50919E-1 4.03228E-1 4.15626E-1 4.02956E-1 4.30115E-1 4.36003E-1 3.52591E-1 2.98753E-1 2.52506E-1 2.25966E-1 2.13705E-1 -9999
-9999 -9999 -9999 -9999 -9999 -9999 -9999 -9999 -9999 -9999 -9999 -9999 2.62525E-1 1.13803E-1 1.85833E-1 1.62338E-1 3.22142E-1 3.52798E-1 2.49539E-1 2.01406E-1 2.37945E-1 2.83252E-1 3.08662E-1 1.559E-1 1.90362E-1 2.46014E-1 3.57754E-1 1.45294E-1 3.09599E-1 2.1555E-1 1.76132E-1 1.90824E-1 1.54046E-1 1.25413E-1 1.27111E-1 1.80473E-1 2.28694E-1 9.8078E-2 2.52383E-1 1.84826E-1 2.2049E-1 2.45887E-1 2.56934E-1 2.59312E-1 2.68411E-1 2.39869E-1 2.81309E-1 3.16672E-1 3.77636E-1 4.21241E-1 4.44001E-1 3.49093E-1 4.6005E-1 4.12785E-1 3.27575E-1 2.80618E-1 2.38805E-1 2.32729E-1 2.09676E-1 1.79954E-1
-9999 -9999 -9999 -9999 -9999 -9999 -9999 -9999 -9999 -9999 -9999 1.60195E-1 3.96576E-1 1.96181E-1 1.7323E-1 1.42365E-1 3.0475E-1 2.047E-1 2.47231E-1 1.70389E-1 2.02334E-1 4.16935E-1 3.84372E-1 4.1519E-1 2.51028E-1 3.50735E-1 1.88162E-1 1.45252E-1 2.24827E-1 3.93835E-1 1.45437E-1 3.52892E-1 2.67455E-1 2.33009E-1 1.99188E-1 1.40783E-1 2.21267E-1 2.52971E-1 1.9432E-1 2.08457E-1 2.74203E-1 2.79299E-1 3.18986E-1 2.79324E-1 2.38084E-1 1.63928E-1 1.93766E-1 2.29824E-1 3.02115E-1 3.09021E-1 2.7998E-1 2.94575E-1 3.28894E-1 2.48135E-1 2.00035E-1 1.98923E-1 1.64823E-1 1.70598E-1 1.98151E-1 2.2671E-1
-9999 -9999 -9999 -9999 -9999 -9999 -9999 -9999 -9999 -9999 2.02435E-1 2.31698E-1 1.24094E-1 2.53067E-1 2.3286E-1 2.31739E-1 3.409E-1 1.98394E-1 2.47345E-1 1.99518E-1 2.39208E-1 5.18773E-1 3.03591E-1 4.17163E-1 3.33116E-1 3.49147E-1 3.99202E-1 1.82686E-1 1.45309E-1 3.06262E-1 3.03218E-1 3.03846E-1 3.68426E-1 2.84025E-1 2.14051E-1 1.77748E-1 1.63859E-1 2.87155E-1 2.66723E-1 2.86342E-1 3.68857E-1 3.7442E-1 3.52818E-1 2.91932E-1 2.42934E-1 1.68981E-1 1.96241E-1 2.49124E-1 2.90602E-1 2.92197E-1 2.97933E-1 3.37876E-1 3.41011E-1 2.54878E-1 1.87713E-1 1.846E-1 1.52839E-1 1.55479E-1 1.77151E-1 3.01239E-1
-9999 -9999 -9999 -9999 -9999 -9999 -9999 -9999 -9999 -9999 3.74718E-1 2.28346E-1 2.23457E-1 2.18453E-1 3.08905E-1 3.16693E-1 1.63617E-1 1.43563E-1 1.40429E-1 1.72588E-1 3.40147E-1 3.86872E-1 4.04828E-1 4.94551E-1 4.0766E-1 6.17897E-2 1.12893E-1 2.29382E-1 2.13537E-1 1.37324E-1 3.12697E-1 3.60871E-1 1.10929E-1 2.01616E-1 2.39721E-1 2.08594E-1 2.98175E-1 3.32366E-1 3.55991E-1 3.98142E-1 4.18168E-1 4.1022E-1 3.37488E-1 3.07507E-1 2.15415E-1 2.00057E-1 2.04947E-1 2.78627E-1 3.01572E-1 2.82641E-1 7.83192E-2 3.58667E-1 2.96008E-1 2.35546E-1 1.68899E-1 1.8213E-1 1.54275E-1 1.6551E-1 2.42693E-1 3.04471E-1
-9999 -9999 -9999 -9999 -9999 -9999 -9999 -9999 -9999 1.74001E-2 3.5881E-1 2.55959E-1 1.23105E-1 3.22587E-1 1.42819E-1 4.5281E-1 4.18739E-1 2.77688E-1 2.35441E-1 2.10988E-1 4.96075E-1 5.45865E-1 5.80293E-1 5.87345E-1 4.83934E-1 3.37751E-1 3.33078E-1 1.24107E-1 8.37519E-2 2.33552E-1 1.55072E-1 3.00589E-1 1.72706E-1 1.6907E-1 1.60138E-1 -9999 2.76035E-1 3.16872E-1 3.57632E-1 4.34014E-1 4.6868E-1 4.2364E-1 3.49675E-1 3.08934E-1 2.79456E-1 2.31018E-1 2.72935E-1 2.85885E-1 2.76631E-1 2.94376E-1 2.92657E-1 3.35326E-1 2.72871E-1 2.13731E-1 1.73368E-1 1.90225E-1 1.64252E-1 1.5719E-1 1.04526E-1 3.08481E-1
