Phytophthora/models/20240430_1147_34/Phytophthora_PA3_RUN1_MAXENT_outputs/Phytophthora_PA3_RUN1.asc
ncols         225
nrows         269
xllcorner     473000.0
yllcorner     4429100.0
cellsize      50.0
NODATA_value  -9999
[rows 162 to 188 of 269, columns 60 to 119 of 225]
3.52668E-1 1.20436E-1 3.31895E-1 2.4756E-1 3.26833E-1 2.98163E-1 4.10838E-1 4.05608E-1 3.64803E-1 3.7944E-1 2.5997E-1 4.40551E-1 4.53133E-1 2.99966E-1 5.68392E-1 4.32785E-1 6.61045E-1 6.26587E-1 6.40828E-1 6.58757E-1 6.54586E-1 6.55126E-1 6.6907E-1 3.98944E-1 7.50373E-1 6.67059E-1 5.61271E-1 4.8895E-1 7.00882E-1 6.31899E-1 5.87443E-1 5.55883E-1 6.225E-1 6.38629E-1 6.42443E-1 6.28869E-1 6.0716E-1 5.87948E-1 5.43683E-1 5.26539E-1 4.9318E-1 4.52459E-1 2.59904E-1 4.77188E-1 4.37851E-1 4.07228E-1 3.66547E-1 3.05285E-1 2.7854E-1 2.50992E-1 1.07283E-1 1.83487E-1 1.3141E-1 9.46554E-2 1.06979E-1 2.04553E-1 2.42159E-1 2.63789E-1 2.89613E-1 4.75111E-1
1.04474E-1 3.82786E-1 4.08452E-1 3.46002E-1 3.13784E-1 2.15038E-1 1.3842E-1 2.77377E-1 4.02699E-1 4.26876E-1 4.23119E-1 4.03554E-1 4.55187E-1 5.094E-1 5.33387E-1 5.29814E-1 6.84138E-1 6.35301E-1 6.06946E-1 6.20929E-1 6.12534E-1 6.06337E-1 6.83704E-1 7.1537E-1 6.8691E-1 6.33125E-1 3.65042E-1 5.85471E-1 6.76123E-1 6.36701E-1 6.05094E-1 5.52622E-1 5.29958E-1 4.99799E-1 5.53571E-1 5.88172E-1 6.08467E-1 6.59733E-1 6.81729E-1 6.76151E-1 2.49789E-1 5.70988E-1 5.35611E-1 5.29194E-1 4.9476E-1 5.2018E-1 4.81259E-1 4.42222E-1 4.06828E-1 3.42784E-1 1.5613E-1 2.38618E-1 1.21121E-1 9.94926E-2 1.37875E-1 1.49302E-1 2.48403E-1 2.91099E-1 4.48942E-1 4.84021E-1
3.85669E-1 3.74464E-1 3.06371E-1 3.20081E-1 3.71305E-1 3.23904E-1 3.5248E-1 3.83696E-1 4.039E-1 2.02763E-1 4.3661E-1 3.85758E-1 3.51878E-1 4.05421E-1 4.15079E-1 -9999 5.91518E-1 5.17273E-1 6.01362E-1 6.03875E-1 5.751E-1 5.83632E-1 5.00889E-1 7.2645E-1 6.70923E-1 6.45587E-1 6.83415E-1 5.73862E-1 6.96025E-1 6.44296E-1 6.22769E-1 5.61993E-1 5.28643E-1 5.78725E-1 5.98348E-1 6.58386E-1 6.94424E-1 7.3241E-1 7.5386E-1 7.48218E-1 6.51764E-1 5.24424E-1 4.35223E-1 4.19596E-1 4.08576E-1 4.43931E-1 4.33784E-1 4.09823E-1 3.8178E-1 3.17985E-1 1.54998E-1 8.88938E-2 2.38539E-1 2.69547E-1 2.70699E-1 2.39096E-1 2.74669E-1 4.48918E-1 4.938E-1 2.70282E-1
3.13284E-1 3.35323E-1 4.17816E-1 4.88044E-1 4.11765E-1 3.70596E-1 3.98165E-1 3.70592E-1 3.96344E-1 4.19748E-1 4.7715E-1 4.1669E-1 3.50391E-1 2.94319E-1 2.9852E-1 3.91495E-1 5.27845E-1 5.42527E-1 6.53408E-1 6.50878E-1 6.0315E-1 5.71065E-1 6.93926E-1 7.10776E-1 6.67434E-1 6.45685E-1 6.60296E-1 4.37161E-1 6.804E-1 6.40238E-1 6.41682E-1 6.25554E-1 4.57608E-1 5.73091E-1 6.13299E-1 6.8028E-1 7.27505E-1 7.70623E-1 6.61092E-1 7.61555E-1 6.40303E-1 5.79418E-1 4.85658E-1 4.50602E-1 4.30504E-1 4.502E-1 4.23721E-1 4.18157E-1 3.97352E-1 3.71723E-1 2.37126E-1 2.35177E-1 2.46769E-1 2.72378E-1 2.86958E-1 2.67293E-1 4.4769E-1 3.78824E-1 4.72369E-1 4.44281E-1
3.07647E-1 3.50058E-1 4.13685E-1 4.31382E-1 4.3425E-1 4.23626E-1 4.07811E-1 3.91582E-1 4.18152E-1 4.70569E-1 6.08556E-1 5.72333E-1 5.3262E-1 4.78953E-1 5.3727E-1 6.68517E-1 4.97352E-1 7.35505E-1 8.02824E-1 7.7453E-1 6.87348E-1 5.57935E-1 5.88665E-1 4.38338E-1 7.30441E-1 5.07486E-1 6.26509E-1 6.53119E-1 6.83008E-1 6.55183E-1 6.52414E-1 6.53868E-1 6.04184E-1 5.49242E-1 5.66932E-1 5.41171E-1 6.05161E-1 6.48972E-1 5.83816E-1 5.24514E-1 5.71171E-1 5.88734E-1 5.31504E-1 4.72469E-1 4.34649E-1 4.25991E-1 4.1547E-1 4.13003E-1 4.41483E-1 4.20345E-1 2.9543E-1 3.18604E-1 3.45561E-1 3.75108E-1 4.27895E-1 4.73907E-1 5.05309E-1 4.31208E-1 2.78262E-1 3.72503E-1
3.4679E-1 3.89056E-1 4.22843E-1 4.27254E-1 4.68888E-1 4.60897E-1 4.38449E-1 4.16519E-1 4.07675E-1 4.76273E-1 3.74022E-1 6.25025E-1 6.13786E-1 5.59625E-1 6.09529E-1 7.90671E-1 7.82319E-1 7.93422E-1 8.23953E-1 8.00808E-1 6.53137E-1 5.92686E-1 5.83903E-1 7.23093E-1 7.52866E-1 5.7959E-1 5.92775E-1 6.35294E-1 5.39016E-1 6.85373E-1 6.20857E-1 6.05354E-1 5.04415E-1 5.32954E-1 5.50746E-1 5.11608E-1 5.49744E-1 3.147E-1 5.16857E-1 5.17165E-1 6.26926E-1 6.03547E-1 5.60678E-1 4.91508E-1 4.4501E-1 4.20007E-1 4.04059E-1 3.91759E-1 4.28048E-1 3.7818E-1 2.96127E-1 3.42913E-1 3.72972E-1 4.22829E-1 5.08963E-1 3.04885E-1 3.49525E-1 2.45401E-1 2.09634E-1 1.67346E-1
4.03858E-1 4.64395E-1 4.79184E-1 4.49586E-1 4.81525E-1 4.90167E-1 4.67959E-1 4.46303E-1 4.17818E-1 4.58104E-1 5.6811E-1 6.40791E-1 6.37151E-1 4.31959E-1 6.16058E-1 7.93578E-1 8.38352E-1 5.77426E-1 8.44069E-1 8.30502E-1 6.81805E-1 6.14537E-1 5.81536E-1 6.7654E-1 7.39031E-1 5.26515E-1 5.53586E-1 6.35387E-1 6.65438E-1 5.59635E-1 6.72333E-1 2.95598E-1 5.48737E-1 5.36792E-1 5.55143E-1 4.73783E-1 2.17735E-1 4.53564E-1 4.31545E-1 4.86475E-1 6.54547E-1 5.99863E-1 5.58435E-1 4.79197E-1 4.42191E-1 4.12403E-1 3.96091E-1 3.87756E-1 3.80734E-1 3.85503E-1 3.08808E-1 3.68575E-1 3.99098E-1 4.50293E-1 1.79952E-1 4.81012E-1 1.85469E-1 2.86236E-1 2.04924E-1 1.68832E-1
4.70137E-1 5.46551E-1 5.09637E-1 4.79572E-1 5.22553E-1 1.83006E-1 2.15703E-1 2.07902E-1 4.34969E-1 4.99642E-1 5.99871E-1 6.37944E-1 6.42097E-1 4.74108E-1 5.35544E-1 4.59978E-1 6.38352E-1 8.00685E-1 6.81002E-1 7.74568E-1 6.73353E-1 6.46336E-1 6.13109E-1 4.88205E-1 6.28371E-1 5.21843E-1 5.23041E-1 6.15804E-1 6.1713E-1 6.42033E-1 6.93387E-1 5.94686E-1 4.68641E-1 2.16583E-1 5.46051E-1 5.00256E-1 2.80832E-1 5.27511E-1 5.27342E-1 5.88073E-1 6.56293E-1 6.05561E-1 5.43048E-1 4.95808E-1 4.62283E-1 4.09103E-1 3.73939E-1 3.50834E-1 3.99469E-1 4.44909E-1 3.44029E-1 4.08378E-1 4.57881E-1 3.41151E-1 6.19265E-1 3.78719E-1 2.45696E-1 3.37749E-1 2.77845E-1 3.09246E-1
4.49021E-1 4.54824E-1 4.49E-1 4.53287E-1 3.02275E-1 4.54534E-1 4.3014E-1 4.1635E-1 4.15765E-1 4.70635E-1 5.9676E-1 6.28628E-1 5.91906E-1 1.60719E-1 5.02491E-1 6.8484E-1 6.39975E-1 5.64227E-1 6.22744E-1 4.92097E-1 5.34663E-1 5.03144E-1 3.28253E-1 5.66465E-1 6.8295E-1 5.58373E-1 6.00698E-1 6.86498E-1 2.93593E-1 5.52361E-1 4.89327E-1 5.19831E-1 6.33132E-1 6.50222E-1 3.79511E-1 3.08938E-1 6.05779E-1 6.47749E-1 6.4254E-1 6.21344E-1 6.62338E-1 6.44648E-1 5.82471E-1 5.33756E-1 4.98804E-1 4.23476E-1 3.86987E-1 3.51164E-1 3.81108E-1 4.69303E-1 4.24765E-1 4.58525E-1 4.96485E-1 4.30358E-1 5.0432E-1 4.22569E-1 4.0846E-1 3.70654E-1 3.32649E-1 2.94532E-1
7.23158E-1 7.30864E-1 7.15833E-1 6.63636E-1 4.79059E-1 6.61076E-1 6.12766E-1 6.13435E-1 6.29081E-1 6.53395E-1 6.22709E-1 5.57613E-1 5.58652E-1 4.02499E-1 5.32196E-1 6.59189E-1 6.08226E-1 5.58484E-1 4.94597E-1 5.82074E-1 1.8424E-1 5.8499E-1 6.36E-1 5.68212E-1 6.90314E-1 2.96436E-1 4.6061E-1 6.65809E-1 5.22803E-1 3.74317E-1 3.74433E-1 4.46084E-1 5.95243E-1 6.35142E-1 6.72499E-1 6.80599E-1 6.4108E-1 6.47909E-1 6.27506E-1 5.92207E-1 6.42976E-1 5.87345E-1 5.19738E-1 4.70407E-1 4.25585E-1 3.5411E-1 3.16042E-1 2.75721E-1 2.76561E-1 3.21869E-1 3.43509E-1 4.43555E-1 5.11975E-1 5.4743E-1 4.91074E-1 4.38885E-1 4.31513E-1 3.75838E-1 3.35626E-1 3.24799E-1
3.25986E-1 4.90075E-1 6.57781E-1 3.50169E-1 6.30212E-1 6.14844E-1 6.03648E-1 6.05636E-1 6.37362E-1 6.67289E-1 5.67366E-1 5.36888E-1 5.80415E-1 3.55607E-1 5.51453E-1 6.10622E-1 7.52152E-1 4.65926E-1 6.42891E-1 6.23932E-1 5.474E-1 5.8174E-1 6.77039E-1 4.04486E-1 5.67244E-1 5.02784E-1 5.09146E-1 5.17967E-1 5.31829E-1 5.172E-1 5.75176E-1 6.43901E-1 6.10446E-1 6.41117E-1 6.58486E-1 6.06438E-1 5.67682E-1 5.52242E-1 6.19825E-1 6.50079E-1 6.79265E-1 5.80653E-1 5.48218E-1 5.03478E-1 4.63726E-1 3.66215E-1 3.1655E-1 2.65218E-1 2.35658E-1 2.88309E-1 3.19628E-1 3.92984E-1 4.72335E-1 4.7415E-1 5.04506E-1 4.39452E-1 3.08509E-1 4.38359E-1 4.18316E-1 3.40522E-1
5.09756E-1 5.10678E-1 5.50916E-1 6.42902E-1 5.99198E-1 5.82056E-1 6.13998E-1 5.97171E-1 6.43723E-1 6.47395E-1 5.41076E-1 5.4312E-1 5.89738E-1 2.44577E-1 4.75446E-1 5.46369E-1 6.45157E-1 6.80336E-1 6.92719E-1 6.63972E-1 5.83837E-1 5.37911E-1 6.12156E-1 6.45567E-1 2.56098E-1 4.55224E-1 1.40047E-1 4.30526E-1 4.87826E-1 4.62252E-1 5.20757E-1 4.73179E-1 5.10021E-1 5.57258E-1 5.1178E-1 5.90333E-1 5.19747E-1 4.85541E-1 5.84848E-1 6.1505E-1 6.09785E-1 5.47235E-1 5.07397E-1 4.66611E-1 4.34572E-1 3.37062E-1 3.09573E-1 1.98747E-1 3.22541E-1 2.72742E-1 2.82729E-1 3.43133E-1 4.08179E-1 3.54922E-1 4.70963E-1 4.58603E-1 1.88632E-1 4.73126E-1 3.91118E-1 3.16454E-1
3.95233E-1 3.91307E-1 6.0384E-1 5.89456E-1 5.633E-1 5.52417E-1 5.96602E-1 6.15374E-1 6.36534E-1 6.48633E-1 5.52906E-1 5.5902E-1 5.85128E-1 2.58671E-1 4.18384E-1 7.76317E-1 7.63078E-1 7.47637E-1 7.67218E-1 7.36869E-1 5.51742E-1 6.22566E-1 5.94833E-1 5.65911E-1 4.5634E-1 5.12844E-1 5.13229E-1 4.87383E-1 4.41159E-1 3.91204E-1 4.38977E-1 4.5367E-1 4.40841E-1 4.0957E-1 4.70514E-1 4.72977E-1 3.88549E-1 3.80245E-1 5.97988E-1 6.18279E-1 6.36021E-1 5.87128E-1 5.57913E-1 4.92337E-1 4.23617E-1 3.42577E-1 3.02791E-1 3.32097E-1 3.49002E-1 3.49827E-1 3.12094E-1 3.48956E-1 3.9833E-1 2.44169E-1 5.15804E-1 2.47388E-1 5.0606E-1 4.4499E-1 3.53278E-1 3.15401E-1
5.33897E-1 6.41978E-1 4.86089E-1 5.65373E-1 5.70033E-1 6.26622E-1 6.38526E-1 6.19272E-1 6.43651E-1 6.14511E-1 5.70715E-1 6.25226E-1 6.26945E-1 4.13322E-1 6.18403E-1 7.45563E-1 7.26836E-1 7.42687E-1 7.72396E-1 7.43235E-1 6.32068E-1 6.40186E-1 6.3442E-1 2.59695E-1 4.99716E-1 5.02933E-1 5.01361E-1 2.6169E-1 4.58098E-1 3.73452E-1 4.14484E-1 3.9578E-1 3.77425E-1 3.10993E-1 2.65444E-1 2.53539E-1 2.09424E-1 2.53927E-1 3.8131E-1 5.39467E-1 5.83716E-1 5.63443E-1 5.02658E-1 3.95463E-1 3.66464E-1 3.10065E-1 3.11222E-1 3.45905E-1 3.72506E-1 3.84937E-1 3.45942E-1 3.72605E-1 4.02359E-1 9.93368E-2 3.54306E-1 2.77819E-1 3.32095E-1 3.81333E-1 3.4458E-1 3.0955E-1
6.90503E-1 6.72836E-1 6.34261E-1 6.01247E-1 6.22054E-1 6.35036E-1 6.564E-1 6.42104E-1 6.40003E-1 5.94597E-1 6.07128E-1 6.50876E-1 6.62219E-1 5.43975E-1 6.60052E-1 6.74073E-1 6.50607E-1 6.33222E-1 6.48814E-1 6.93707E-1 7.29071E-1 5.3568E-1 6.87343E-1 -9999 6.24102E-1 6.17691E-1 6.31983E-1 6.34305E-1 5.32831E-1 5.9634E-1 4.91583E-1 3.08721E-1 4.11352E-1 3.24662E-1 3.12571E-1 3.76345E-1 3.74057E-1 3.36028E-1 5.32958E-1 6.12988E-1 5.62424E-1 5.09897E-1 4.70016E-1 3.94662E-1 3.45448E-1 2.39684E-1 2.47567E-1 2.73879E-1 3.03556E-1 3.61104E-1 4.00255E-1 4.42533E-1 4.6604E-1 2.22817E-1 3.53162E-1 3.61128E-1 1.91054E-1 4.37249E-1 4.27391E-1 3.49158E-1
6.54609E-1 6.57852E-1 2.84121E-1 6.30666E-1 6.25001E-1 6.54069E-1 6.87959E-1 6.76945E-1 5.9852E-1 4.9785E-1 5.11707E-1 5.2994E-1 5.62205E-1 5.52664E-1 6.45587E-1 5.19302E-1 6.70896E-1 6.60317E-1 6.93265E-1 7.23562E-1 5.5149E-1 7.58662E-1 4.98412E-1 6.15734E-1 6.32185E-1 5.41908E-1 5.07114E-1 4.83528E-1 5.73633E-1 5.24561E-1 4.47899E-1 4.26389E-1 3.57687E-1 2.72071E-1 2.77594E-1 4.1292E-1 -9999 -9999 6.66146E-1 6.70593E-1 5.75948E-1 5.27194E-1 4.87607E-1 4.22629E-1 3.41849E-1 2.4992E-1 2.55008E-1 2.8697E-1 3.2191E-1 3.64582E-1 4.05164E-1 4.59757E-1 4.93158E-1 4.14131E-1 4.17294E-1 4.21698E-1 4.57443E-1 4.67709E-1 4.69719E-1 3.53168E-1
6.10066E-1 6.13822E-1 6.25959E-1 6.40555E-1 6.16509E-1 6.93996E-1 7.12434E-1 7.00878E-1 5.34761E-1 5.67606E-1 5.80751E-1 6.18053E-1 4.9789E-1 6.29614E-1 6.19244E-1 6.53923E-1 4.69713E-1 6.86924E-1 6.88232E-1 5.69105E-1 7.13085E-1 7.37245E-1 7.56098E-1 7.22546E-1 6.28261E-1 5.29519E-1 5.67358E-1 5.44284E-1 6.12042E-1 5.73379E-1 4.74139E-1 4.52881E-1 4.20565E-1 3.39447E-1 3.03237E-1 4.14647E-1 6.476E-1 3.53091E-1 7.55962E-1 7.17648E-1 6.34698E-1 5.90136E-1 5.40537E-1 4.43117E-1 3.47621E-1 2.46847E-1 2.59256E-1 3.32404E-1 3.9036E-1 4.38834E-1 4.66429E-1 5.15148E-1 6.23771E-1 6.0129E-1 4.85083E-1 4.34079E-1 4.55987E-1 4.37875E-1 4.97916E-1 4.54937E-1
5.9252E-1 5.77964E-1 5.84263E-1 6.65836E-1 4.86547E-1 7.5436E-1 7.02603E-1 4.77624E-1 5.65616E-1 6.63821E-1 6.62677E-1 4.37619E-1 6.39252E-1 6.1287E-1 5.87797E-1 6.38412E-1 6.71849E-1 7.01672E-1 6.23952E-1 7.46483E-1 7.18697E-1 7.31738E-1 5.93011E-1 7.4023E-1 6.11971E-1 5.17891E-1 5.59345E-1 5.94207E-1 4.9953E-1 5.775E-1 5.10046E-1 5.31015E-1 4.96982E-1 4.59078E-1 4.74614E-1 6.16593E-1 6.56635E-1 4.28961E-1 7.7816E-1 7.27094E-1 6.41488E-1 5.80934E-1 5.22148E-1 4.38194E-1 3.64775E-1 2.50148E-1 2.75579E-1 3.28535E-1 3.64236E-1 4.57844E-1 4.8913E-1 5.2385E-1 4.64541E-1 5.8223E-1 4.38038E-1 3.91687E-1 4.54074E-1 2.88312E-1 4.49431E-1 4.59592E-1
5.58979E-1 5.44893E-1 5.91375E-1 7.00273E-1 7.90172E-1 7.09827E-1 6.57893E-1 5.43841E-1 6.58875E-1 7.09528E-1 6.88597E-1 6.76436E-1 6.17675E-1 5.83192E-1 5.64044E-1 6.10698E-1 6.41828E-1 6.68678E-1 7.04914E-1 7.26875E-1 7.35946E-1 7.22088E-1 6.08613E-1 6.49514E-1 5.89376E-1 5.8408E-1 6.76137E-1 6.74575E-1 6.91607E-1 6.30041E-1 5.70775E-1 5.59494E-1 4.96386E-1 4.58238E-1 4.69099E-1 6.01618E-1 6.38106E-1 7.36314E-1 7.88935E-1 5.65307E-1 6.61693E-1 5.88053E-1 5.53521E-1 4.54642E-1 3.71373E-1 2.54137E-1 2.90981E-1 3.71637E-1 4.33166E-1 4.8465E-1 5.29275E-1 5.80235E-1 2.42059E-1 4.48483E-1 4.0074E-1 3.98152E-1 4.52685E-1 3.53988E-1 3.08376E-1 4.29724E-1
5.42425E-1 5.5462E-1 6.17468E-1 7.61906E-1 7.91621E-1 7.48695E-1 7.17217E-1 6.90153E-1 7.03735E-1 7.64657E-1 7.12952E-1 6.69833E-1 6.09612E-1 5.6674E-1 5.45587E-1 6.3229E-1 6.65961E-1 6.73842E-1 6.69919E-1 6.96869E-1 6.90198E-1 6.85543E-1 7.40032E-1 6.79744E-1 7.02349E-1 6.971E-1 7.28017E-1 6.8018E-1 6.72437E-1 6.34723E-1 4.24978E-1 5.08223E-1 5.01452E-1 4.64361E-1 4.25124E-1 4.96615E-1 5.42549E-1 6.71106E-1 7.26553E-1 4.75139E-1 6.18296E-1 5.45922E-1 5.273E-1 4.31729E-1 3.59361E-1 2.76982E-1 3.11211E-1 3.63448E-1 4.06272E-1 4.93271E-1 5.42591E-1 6.04742E-1 1.45284E-1 4.81929E-1 4.17532E-1 4.23295E-1 4.53352E-1 2.44767E-1 4.1832E-1 3.51343E-1
5.57217E-1 5.54236E-1 5.83665E-1 6.88556E-1 7.59046E-1 6.93767E-1 7.21708E-1 6.60453E-1 7.78908E-1 5.44557E-1 7.04732E-1 6.51695E-1 6.00127E-1 5.70385E-1 5.34056E-1 6.07035E-1 6.43782E-1 6.60405E-1 6.63252E-1 6.20958E-1 5.48664E-1 5.35821E-1 5.6785E-1 4.66607E-1 7.10377E-1 6.63891E-1 6.91103E-1 6.71612E-1 6.60495E-1 6.20327E-1 2.71344E-1 4.20796E-1 4.42097E-1 4.41332E-1 4.20653E-1 5.00644E-1 5.56817E-1 6.63361E-1 7.16103E-1 6.263E-1 6.01355E-1 5.83807E-1 5.11484E-1 4.26287E-1 3.57309E-1 3.13679E-1 3.45355E-1 3.91919E-1 4.1873E-1 4.9496E-1 5.64705E-1 3.78412E-1 3.33059E-1 5.20723E-1 4.22648E-1 4.30792E-1 4.50718E-1 2.65965E-1 4.34059E-1 3.7758E-1
6.13108E-1 5.99894E-1 6.06487E-1 6.40598E-1 6.95512E-1 7.2304E-1 7.4334E-1 7.98662E-1 6.93581E-1 8.07553E-1 7.11756E-1 6.74754E-1 6.01981E-1 5.64033E-1 5.31132E-1 5.92806E-1 6.30904E-1 5.93374E-1 4.5749E-1 4.41931E-1 4.62743E-1 4.90834E-1 4.9326E-1 4.13257E-1 7.1629E-1 6.7212E-1 7.13316E-1 6.97797E-1 6.76114E-1 6.32304E-1 4.83558E-1 4.50833E-1 4.24334E-1 4.42497E-1 4.46443E-1 5.66629E-1 6.24199E-1 6.50196E-1 7.09276E-1 5.80485E-1 5.72229E-1 5.56138E-1 4.68527E-1 4.07013E-1 3.858E-1 3.75953E-1 3.90346E-1 4.3677E-1 4.23756E-1 4.84071E-1 5.37966E-1 5.64897E-1 4.65718E-1 5.43767E-1 4.05105E-1 4.42461E-1 4.56567E-1 2.21841E-1 4.59887E-1 3.56147E-1
6.76548E-1 6.58652E-1 6.74296E-1 6.78659E-1 7.15425E-1 5.11438E-1 8.06047E-1 5.13373E-1 8.08014E-1 7.80427E-1 6.98592E-1 6.37209E-1 5.92063E-1 5.58831E-1 5.21907E-1 5.63595E-1 5.7917E-1 5.51475E-1 3.30596E-1 3.93971E-1 4.49855E-1 4.63176E-1 4.87146E-1 5.81768E-1 7.26728E-1 7.06529E-1 7.09333E-1 6.12916E-1 6.36707E-1 5.1317E-1 4.84307E-1 4.60321E-1 5.13497E-1 4.82108E-1 4.63915E-1 5.45183E-1 6.40991E-1 6.64428E-1 2.73415E-1 5.65618E-1 5.49844E-1 5.3456E-1 4.38766E-1 3.9303E-1 4.11417E-1 4.29421E-1 4.65091E-1 4.79839E-1 4.59259E-1 5.18255E-1 5.31585E-1 5.27899E-1 5.11991E-1 4.50781E-1 4.9005E-1 4.08122E-1 2.48841E-1 4.52174E-1 4.45978E-1 3.60968E-1
6.44514E-1 7.27514E-1 7.30111E-1 7.17393E-1 4.86361E-1 7.86269E-1 8.38523E-1 8.18115E-1 7.62497E-1 7.55112E-1 6.34472E-1 5.67408E-1 5.41896E-1 5.41478E-1 5.13354E-1 5.30227E-1 5.06066E-1 5.01644E-1 -9999 4.24169E-1 4.10301E-1 4.39565E-1 4.57995E-1 4.82132E-1 7.18127E-1 6.57911E-1 6.21215E-1 6.22876E-1 6.23947E-1 5.45289E-1 4.01982E-1 4.45338E-1 4.4269E-1 5.11849E-1 4.93704E-1 5.46131E-1 6.04181E-1 6.09105E-1 6.61506E-1 3.71602E-1 6.2844E-1 4.85558E-1 4.45138E-1 4.17333E-1 4.76293E-1 4.91188E-1 5.28092E-1 5.34657E-1 4.05504E-1 2.63067E-1 5.05557E-1 4.8965E-1 4.33542E-1 2.54613E-1 5.45897E-1 5.36547E-1 2.67762E-1 4.14399E-1 4.53052E-1 4.15233E-1
3.5922E-1 6.21371E-1 7.06733E-1 6.83956E-1 6.77517E-1 7.55029E-1 7.5706E-1 6.72855E-1 6.69271E-1 6.64174E-1 5.62206E-1 5.15748E-1 4.77533E-1 4.50697E-1 4.46853E-1 4.94551E-1 -9999 -9999 4.39789E-1 4.28596E-1 4.09739E-1 4.40966E-1 4.89577E-1 1.92005E-1 6.72538E-1 5.77652E-1 5.87228E-1 5.9161E-1 5.47982E-1 4.35288E-1 3.79619E-1 5.19902E-1 5.4919E-1 5.42329E-1 4.97497E-1 4.07132E-1 4.57601E-1 4.32291E-1 4.27409E-1 2.92796E-1 4.77851E-1 3.16282E-1 3.60926E-1 2.96195E-1 3.10742E-1 3.74563E-1 4.79243E-1 5.2153E-1 3.81475E-1 3.79966E-1 3.6147E-1 3.78781E-1 3.73088E-1 1.95084E-1 4.11344E-1 3.84346E-1 3.87161E-1 3.53883E-1 3.88414E-1 3.40868E-1
5.22181E-1 3.32445E-1 7.00999E-1 6.61522E-1 7.25826E-1 7.33936E-1 7.00206E-1 5.85333E-1 6.5579E-1 6.38079E-1 5.42361E-1 5.08832E-1 4.87414E-1 4.84112E-1 4.79368E-1 5.22166E-1 4.84045E-1 4.4508E-1 4.20827E-1 4.1629E-1 4.36604E-1 4.76123E-1 4.62396E-1 7.03217E-1 6.62782E-1 5.21729E-1 5.49103E-1 5.33715E-1 5.29939E-1 5.35278E-1 4.75078E-1 4.98573E-1 5.46312E-1 3.56885E-1 5.92602E-1 4.54138E-1 4.76596E-1 5.0218E-1 3.10297E-1 5.56419E-1 5.03802E-1 3.36563E-1 3.89615E-1 3.38319E-1 3.36203E-1 3.55522E-1 4.08979E-1 5.03692E-1 4.70594E-1 5.02322E-1 3.54778E-1 3.43852E-1 4.00676E-1 1.83479E-1 4.32611E-1 4.13717E-1 4.04249E-1 3.52458E-1 3.80993E-1 2.24985E-1
6.81949E-1 6.59088E-1 6.81972E-1 6.53068E-1 7.32382E-1 7.02934E-1 6.27809E-1 5.4133E-1 5.92709E-1 6.34609E-1 6.55198E-1 5.58162E-1 5.40293E-1 5.46263E-1 5.18276E-1 5.52331E-1 5.06478E-1 4.70078E-1 4.74087E-1 4.82372E-1 3.86038E-1 4.07481E-1 4.83544E-1 4.72067E-1 5.25233E-1 3.83716E-1 4.04267E-1 4.11651E-1 5.26465E-1 5.2896E-1 4.48457E-1 4.80129E-1 5.18197E-1 5.33762E-1 5.80597E-1 4.43308E-1 4.27306E-1 4.81419E-1 5.60771E-1 5.48846E-1 5.11771E-1 3.25674E-1 3.25375E-1 4.38135E-1 3.65855E-1 3.52527E-1 2.91119E-1 1.85087E-1 3.37481E-1 3.79612E-1 3.50837E-1 2.19847E-1 3.11942E-1 2.58647E-1 4.25632E-1 1.91309E-1 4.03137E-1 3.53903E-1 3.77455E-1 3.72845E-1
