Phytophthora/models/20240430_1147_34/Phytophthora_PA3_RUN1_MAXENT_outputs/Phytophthora_PA3_RUN1.asc
ncols         225
nrows         269
xllcorner     473000.0
yllcorner     4429100.0
cellsize      50.0
NODATA_value  -9999
[rows 108 to 134 of 269, columns 120 to 179 of 225]
3.83239E-1 3.6329E-1 3.23703E-1 2.92399E-1 -9999 -9999 -9999 -9999 -9999 -9999 -9999 -9999 -9999 -9999 -9999 -9999 -9999 -9999 -9999 -9999 -9999 -9999 -9999 -9999 -9999 -9999 -9999 -9999 -9999 -9999 -9999 -9999 -9999 -9999 -9999 2.4652E-1 1.09729E-1 2.33575E-1 2.4442E-1 2.44788E-1 2.91521E-1 2.90659E-1 2.86239E-1 3.34599E-1 2.41484E-1 2.61744E-1 1.92707E-1 2.75463E-1 3.09941E-1 3.29244E-1 3.59363E-1 3.67352E-1 3.60091E-1 2.93367E-1 2.6024E-1 2.29506E-1 2.0345E-1 1.61521E-1 1.66563E-1 1.84169E-1
4.04047E-1 1.53338E-1 3.43206E-1 3.15368E-1 2.92077E-1 -9999 -9999 -9999 -9999 -9999 -9999 -9999 -9999 -9999 -9999 -9999 -9999 -9999 -9999 -9999 -9999 -9999 -9999 -9999 -9999 -9999 -9999 -9999 -9999 -9999 -9999 -9999 1.56789E-1 1.85307E-1 2.81938E-1 2.46173E-1 2.44509E-1 1.95027E-1 2.13086E-1 2.26303E-1 3.01098E-1 3.03918E-1 2.48728E-1 2.99394E-1 2.93653E-1 1.16916E-1 2.04812E-1 2.02153E-1 2.76619E-1 2.88891E-1 3.22976E-1 3.33766E-1 2.9752E-1 2.54878E-1 2.63744E-1 2.13789E-1 1.75438E-1 1.37126E-1 1.45474E-1 1.60469E-1
1.73688E-1 3.704E-1 1.46985E-1 3.17232E-1 2.91172E-1 5.09803E-1 -9999 -9999 -9999 -9999 -9999 -9999 -9999 -9999 -9999 -9999 -9999 -9999 -9999 -9999 -9999 -9999 -9999 -9999 -9999 -9999 -9999 -9999 -9999 -9999 -9999 -9999 1.14433E-1 1.92273E-1 2.13224E-1 2.12639E-1 2.17895E-1 1.65213E-1 1.40885E-1 1.65034E-1 2.70216E-1 2.7163E-1 2.72621E-1 2.67139E-1 2.51192E-1 9.35528E-2 1.38112E-1 1.31809E-1 2.47147E-1 2.53896E-1 2.87492E-1 2.79815E-1 2.53257E-1 2.46888E-1 2.35146E-1 1.86289E-1 1.41845E-1 1.17826E-1 1.20649E-1 1.41721E-1
3.93992E-1 3.6626E-1 3.58501E-1 3.66364E-1 3.36594E-1 4.98413E-1 5.92286E-1 -9999 -9999 -9999 -9999 -9999 -9999 -9999 -9999 -9999 -9999 -9999 -9999 -9999 -9999 -9999 -9999 -9999 -9999 -9999 -9999 -9999 -9999 -9999 -9999 -9999 2.36273E-1 2.80643E-1 2.50841E-1 1.79803E-1 1.81225E-1 1.8287E-1 1.31961E-1 1.21224E-1 1.46315E-1 1.79302E-1 1.76529E-1 1.734E-1 1.75296E-1 1.46441E-2 7.38283E-2 9.1913E-2 1.49002E-1 1.50069E-1 1.68288E-1 1.73017E-1 1.48157E-1 1.34906E-1 1.29265E-1 1.12018E-1 9.24875E-2 7.98121E-2 7.80548E-2 9.09475E-2
2.74719E-1 2.81779E-1 3.74035E-1 3.53924E-1 3.71519E-1 3.33286E-1 5.52576E-1 4.77303E-1 -9999 -9999 -9999 -9999 -9999 -9999 -9999 -9999 -9999 -9999 -9999 -9999 -9999 -9999 -9999 -9999 -9999 -9999 -9999 -9999 -9999 -9999 -9999 1.67615E-1 2.31157E-1 2.3683E-1 2.10353E-1 1.42704E-1 1.6238E-1 1.62082E-1 9.17149E-2 9.22638E-2 1.14998E-1 1.16414E-1 1.35848E-1 1.50452E-1 5.90629E-2 8.11187E-2 6.64218E-2 1.11064E-1 1.28819E-1 1.28275E-1 1.46415E-1 1.40564E-1 1.16805E-1 1.22895E-1 1.08908E-1 8.67144E-2 7.6308E-2 6.96972E-2 6.59199E-2 7.7773E-2
2.72676E-1 3.44696E-1 3.77793E-1 3.52137E-1 4.09879E-1 4.33319E-1 6.03915E-1 5.402E-1 -9999 -9999 -9999 -9999 -9999 -9999 -9999 -9999 -9999 -9999 -9999 -9999 -9999 -9999 -9999 -9999 -9999 -9999 -9999 -9999 -9999 -9999 2.08148E-1 1.91269E-1 1.86656E-1 1.93679E-1 1.83779E-1 1.22538E-1 1.49809E-1 1.48476E-1 8.0973E-2 8.16535E-2 9.42267E-2 1.02318E-1 1.01621E-1 1.32256E-1 2.31633E-2 8.48906E-2 7.41464E-2 1.06016E-1 1.11037E-1 1.12153E-1 1.27965E-1 1.11715E-1 1.22897E-1 9.84975E-2 6.9185E-2 7.18644E-2 6.55303E-2 6.30574E-2 5.87684E-2 6.95935E-2
3.45271E-1 3.33295E-1 3.5889E-1 3.52298E-1 4.33295E-1 5.30681E-1 3.77434E-1 6.36795E-1 -9999 -9999 -9999 -9999 -9999 -9999 -9999 -9999 -9999 -9999 -9999 -9999 -9999 -9999 -9999 -9999 -9999 -9999 -9999 -9999 -9999 -9999 1.90296E-1 1.91061E-1 1.79445E-1 1.7663E-1 1.7208E-1 1.25586E-1 1.66356E-1 1.70428E-1 9.45199E-2 9.71397E-2 1.08439E-1 1.07314E-1 1.02129E-1 1.05256E-1 1.13102E-1 7.79868E-2 7.05317E-2 9.22777E-2 9.28746E-2 9.96202E-2 1.11908E-1 1.11301E-1 9.42068E-2 6.808E-2 5.9773E-2 6.20052E-2 5.70342E-2 5.79996E-2 6.53662E-2 8.95115E-2
3.90531E-1 3.49212E-1 3.36963E-1 3.69413E-1 4.37766E-1 6.02236E-1 4.01623E-1 6.98942E-1 -9999 -9999 -9999 -9999 -9999 -9999 -9999 -9999 -9999 -9999 -9999 -9999 -9999 -9999 -9999 -9999 -9999 -9999 -9999 -9999 -9999 -9999 2.22485E-1 2.24673E-1 2.03328E-1 1.87914E-1 1.64186E-1 1.03524E-1 1.10416E-1 1.39156E-1 1.22929E-1 1.12336E-1 1.24337E-1 1.27266E-1 1.19392E-1 1.13294E-1 9.60977E-2 6.92891E-2 6.21484E-2 7.6331E-2 7.59632E-2 8.89754E-2 9.81452E-2 7.89621E-2 6.42285E-2 5.15786E-2 5.03752E-2 5.27064E-2 5.60214E-2 6.74527E-2 8.03601E-2 1.0951E-1
2.58588E-1 5.72835E-1 5.42609E-1 5.73043E-1 6.12143E-1 7.73222E-1 7.34826E-1 6.96064E-1 -9999 -9999 -9999 -9999 -9999 -9999 -9999 -9999 -9999 -9999 -9999 -9999 -9999 -9999 -9999 -9999 -9999 -9999 -9999 -9999 -9999 -9999 -9999 3.03884E-1 2.70923E-1 2.58027E-1 2.965E-1 3.10354E-1 3.24292E-1 3.64279E-1 3.91673E-1 2.8661E-1 1.71347E-1 1.60881E-1 1.45155E-1 1.36613E-1 1.0862E-1 1.83382E-2 1.19634E-1 9.99854E-2 1.11125E-1 1.21567E-1 1.34915E-1 1.14572E-1 1.01748E-1 9.50186E-2 8.72565E-2 8.26029E-2 1.10072E-1 1.29877E-1 1.43867E-1 1.595E-1
2.61048E-1 4.03032E-1 5.55675E-1 4.44051E-1 5.82676E-1 7.55496E-1 3.13257E-1 6.88824E-1 -9999 -9999 -9999 -9999 -9999 -9999 -9999 -9999 -9999 -9999 -9999 -9999 -9999 -9999 -9999 -9999 -9999 -9999 -9999 -9999 -9999 -9999 -9999 -9999 2.68916E-1 2.6345E-1 3.01025E-1 2.12756E-1 3.95739E-1 4.12335E-1 4.54145E-1 4.35827E-1 2.44579E-1 2.04732E-1 1.62882E-1 1.50763E-1 1.28468E-1 1.11853E-1 1.24731E-1 1.1836E-1 1.24446E-1 1.09096E-1 1.17318E-1 9.94153E-2 8.88358E-2 9.6278E-2 1.10274E-1 1.18326E-1 1.41208E-1 1.62495E-1 1.71712E-1 1.89688E-1
5.28969E-1 2.44051E-1 2.87856E-1 7.10623E-1 6.60662E-1 7.23878E-1 6.78068E-1 5.24061E-1 -9999 -9999 -9999 -9999 -9999 -9999 -9999 -9999 -9999 -9999 -9999 -9999 -9999 -9999 -9999 -9999 -9999 -9999 -9999 -9999 -9999 -9999 -9999 -9999 2.56524E-1 2.61119E-1 2.84965E-1 3.51818E-1 4.29106E-1 1.58065E-1 4.36441E-1 4.30565E-1 3.11562E-1 2.839E-1 2.06921E-1 1.8592E-1 1.8564E-1 1.29052E-1 1.36663E-1 1.52613E-1 1.04753E-1 1.09461E-1 1.35738E-1 1.07412E-1 9.1796E-2 1.0364E-1 1.59234E-1 1.4974E-1 1.70335E-1 1.84775E-1 1.96827E-1 2.29064E-1
5.41516E-1 6.10418E-1 5.96105E-1 4.95407E-1 6.69898E-1 4.07959E-1 6.62188E-1 -9999 -9999 -9999 -9999 -9999 -9999 -9999 -9999 -9999 -9999 -9999 -9999 -9999 -9999 -9999 -9999 -9999 -9999 -9999 4.3891E-1 -9999 -9999 -9999 -9999 -9999 2.44349E-1 2.50083E-1 2.8602E-1 3.4581E-1 3.93677E-1 4.6125E-1 4.69591E-1 4.60963E-1 3.37939E-1 3.0336E-1 2.68753E-1 2.17903E-1 1.49838E-1 1.0749E-1 6.04748E-2 9.64626E-2 9.90794E-2 1.34368E-1 1.54206E-1 1.17095E-1 1.04116E-1 1.38512E-1 1.9074E-1 1.69193E-1 1.84236E-1 1.96941E-1 2.21337E-1 2.73092E-1
3.94293E-1 5.68199E-1 2.30215E-1 1.76536E-1 5.01279E-1 7.1538E-1 -9999 -9999 -9999 -9999 -9999 -9999 -9999 -9999 -9999 -9999 -9999 -9999 -9999 -9999 -9999 -9999 -9999 -9999 -9999 3.45238E-1 2.81447E-1 -9999 -9999 -9999 -9999 -9999 2.52693E-1 2.36478E-1 2.68747E-1 3.07197E-1 3.64767E-1 4.31476E-1 4.85197E-1 4.61417E-1 3.5434E-1 3.21393E-1 2.58481E-1 1.80969E-1 1.28781E-1 1.26014E-1 3.38075E-2 1.10331E-1 1.1976E-1 1.57961E-1 1.80483E-1 1.30127E-1 1.09159E-1 1.79619E-1 1.98691E-1 1.52436E-1 1.67835E-1 1.96461E-1 2.59622E-1 3.03293E-1
5.95969E-1 5.73549E-1 5.06844E-1 4.15182E-1 4.39668E-1 6.09417E-1 -9999 -9999 -9999 -9999 -9999 -9999 -9999 -9999 -9999 -9999 -9999 -9999 -9999 -9999 -9999 -9999 -9999 -9999 6.30133E-1 5.73632E-1 2.53162E-1 3.68251E-1 4.50428E-1 4.5623E-1 4.09675E-1 -9999 -9999 2.7015E-1 2.52551E-1 2.1744E-1 2.33849E-1 2.95562E-1 3.72088E-1 3.9889E-1 3.2898E-1 3.10612E-1 2.10496E-1 1.56791E-1 9.57475E-2 7.59431E-2 1.32103E-1 4.80389E-2 1.51119E-1 1.72744E-1 1.68662E-1 1.08839E-1 1.13377E-1 1.33877E-1 1.39574E-1 1.77995E-1 2.01512E-1 2.62005E-1 3.04087E-1 3.3161E-1
6.00632E-1 6.14156E-1 2.88638E-1 3.82659E-1 3.68182E-1 6.95772E-1 -9999 -9999 -9999 -9999 -9999 -9999 -9999 -9999 -9999 -9999 -9999 -9999 -9999 -9999 -9999 -9999 -9999 -9999 6.46626E-1 5.85452E-1 2.25298E-1 5.39427E-1 5.07755E-1 4.62886E-1 4.22255E-1 3.60736E-1 3.39173E-1 3.07265E-1 2.53304E-1 1.92185E-1 2.0389E-1 2.23603E-1 3.07333E-1 3.32302E-1 3.01575E-1 2.98513E-1 1.17436E-1 8.37021E-2 7.15051E-2 9.04506E-2 1.44346E-1 1.62045E-1 1.77274E-1 1.99442E-1 1.84008E-1 1.2761E-1 1.49271E-1 1.35634E-1 1.25911E-1 1.6663E-1 2.00269E-1 2.54854E-1 2.89071E-1 3.20129E-1
6.44793E-1 6.35634E-1 6.47024E-1 5.82522E-1 6.42052E-1 7.38536E-1 -9999 -9999 -9999 -9999 -9999 -9999 -9999 -9999 -9999 -9999 -9999 -9999 -9999 -9999 -9999 -9999 -9999 -9999 -9999 -9999 6.14619E-1 5.01812E-1 5.26908E-1 4.04606E-1 4.1607E-1 3.14574E-1 3.35323E-1 3.11923E-1 2.84339E-1 2.05702E-1 2.15298E-1 2.0796E-1 2.23399E-1 2.16574E-1 1.93986E-1 2.06286E-1 1.69019E-1 9.22068E-2 6.83818E-2 1.13983E-1 1.56309E-1 1.68544E-1 1.93208E-1 9.53416E-2 1.92575E-1 1.70365E-1 1.49906E-1 1.08532E-1 1.13062E-1 1.58963E-1 2.11973E-1 2.34736E-1 2.6658E-1 2.95552E-1
6.29532E-1 6.4512E-1 5.82756E-1 7.04097E-1 7.24012E-1 7.54685E-1 6.8319E-1 7.08103E-1 -9999 -9999 7.15285E-1 -9999 -9999 -9999 -9999 -9999 -9999 -9999 -9999 -9999 -9999 -9999 -9999 -9999 -9999 -9999 -9999 3.81561E-1 5.67716E-1 5.20344E-1 4.07463E-1 3.62105E-1 3.26796E-1 3.28903E-1 3.48951E-1 2.55108E-1 2.13042E-1 1.58897E-1 1.346E-1 1.51655E-1 1.3658E-1 1.49784E-1 1.39244E-1 1.01358E-1 8.54252E-2 1.2592E-1 1.50953E-1 1.56129E-1 1.74255E-1 2.00167E-1 6.94307E-2 1.70115E-1 1.5182E-1 9.72214E-2 1.12598E-1 1.5217E-1 1.76793E-1 2.10655E-1 2.40328E-1 2.72271E-1
6.30957E-1 6.52784E-1 7.28905E-1 4.8835E-1 7.59409E-1 6.58181E-1 6.15829E-1 6.45768E-1 6.67624E-1 6.15472E-1 4.86105E-1 -9999 -9999 -9999 -9999 -9999 -9999 -9999 -9999 -9999 -9999 -9999 -9999 -9999 -9999 -9999 -9999 5.72893E-1 3.08044E-1 5.34341E-1 4.03345E-1 3.57834E-1 3.14215E-1 3.17795E-1 2.94835E-1 2.03477E-1 1.21058E-1 1.1255E-1 1.20699E-1 1.32134E-1 1.07182E-1 1.28674E-1 1.43529E-1 1.54668E-1 1.76338E-1 1.86456E-1 1.43401E-1 1.317E-1 1.24751E-1 1.22357E-1 7.17549E-2 1.34584E-1 1.35259E-1 1.08862E-1 1.15451E-1 1.33835E-1 1.58471E-1 1.84412E-1 2.23227E-1 2.02512E-1
5.15891E-1 5.0052E-1 5.46904E-1 4.87411E-1 3.82247E-1 5.05532E-1 4.89634E-1 5.17542E-1 5.21225E-1 5.36751E-1 4.98301E-1 -9999 -9999 -9999 -9999 -9999 -9999 -9999 -9999 -9999 -9999 -9999 -9999 -9999 -9999 -9999 -9999 3.43188E-1 1.7178E-1 3.03198E-1 3.17459E-1 2.87825E-1 2.50722E-1 2.88702E-1 1.91052E-1 2.06888E-1 8.63976E-2 9.18674E-2 1.08302E-1 1.25166E-1 1.0219E-1 1.06334E-1 1.06293E-1 1.09708E-1 1.39289E-1 1.39307E-1 1.21396E-1 1.07132E-1 9.37534E-2 8.70456E-2 7.94777E-2 3.54672E-2 6.38609E-2 8.18883E-2 9.10784E-2 1.04914E-1 8.21997E-2 1.59682E-1 1.13804E-1 1.61278E-1
5.43575E-1 5.08754E-1 3.46003E-1 3.29789E-1 3.19518E-1 4.61482E-1 4.3832E-1 4.87237E-1 4.89833E-1 4.88554E-1 5.03703E-1 -9999 -9999 -9999 -9999 -9999 -9999 -9999 -9999 -9999 -9999 -9999 -9999 -9999 -9999 -9999 -9999 3.39682E-1 3.17662E-1 1.23846E-1 3.50572E-1 3.17522E-1 2.75703E-1 2.6002E-1 2.94096E-1 5.03536E-2 1.01269E-1 1.09372E-1 1.33898E-1 1.62771E-1 1.36252E-1 1.42239E-1 1.35147E-1 1.24593E-1 1.258E-1 1.35363E-1 1.28246E-1 9.69299E-2 8.58759E-2 8.24807E-2 8.74578E-2 6.6059E-2 5.78703E-2 7.05521E-2 7.81787E-2 1.50005E-1 1.55045E-1 1.12558E-1 1.44865E-1 2.27421E-1
4.24127E-1 3.80393E-1 3.06343E-1 2.55203E-1 2.42723E-1 3.99628E-1 3.8456E-1 4.51712E-1 4.34554E-1 3.76763E-1 6.71811E-1 5.3331E-1 -9999 -9999 -9999 -9999 -9999 -9999 -9999 -9999 -9999 -9999 -9999 -9999 -9999 -9999 -9999 3.62694E-1 3.20593E-1 3.17366E-1 2.50128E-1 3.38458E-1 2.8305E-1 2.88847E-1 3.03357E-1 2.19827E-1 1.79867E-1 1.48773E-1 1.49624E-1 1.66544E-1 1.38402E-1 7.70788E-2 1.44406E-1 1.38484E-1 1.31393E-1 1.27227E-1 1.3377E-1 1.1053E-1 1.02397E-1 1.01195E-1 4.73492E-2 6.53304E-2 6.70592E-2 7.29273E-2 7.42808E-2 9.97505E-2 1.77574E-1 1.46592E-1 1.92232E-1 2.54252E-1
3.13624E-1 4.29196E-1 3.44935E-1 2.9684E-1 2.87421E-1 4.01711E-1 4.00287E-1 5.31973E-1 6.78469E-1 7.01899E-1 6.44446E-1 6.70559E-1 6.77872E-1 -9999 -9999 -9999 -9999 -9999 -9999 -9999 -9999 -9999 -9999 -9999 -9999 -9999 -9999 3.38774E-1 3.02331E-1 2.95657E-1 3.48989E-1 3.4909E-1 3.00919E-1 3.04984E-1 1.54513E-1 2.13537E-1 1.77911E-1 1.48071E-1 1.41876E-1 1.61208E-1 1.53208E-1 9.34668E-2 1.52245E-1 1.50453E-1 1.35636E-1 1.18346E-1 1.18042E-1 1.0473E-1 1.03409E-1 1.16959E-1 7.73781E-2 7.73941E-2 7.90337E-2 8.58603E-2 8.67247E-2 1.29157E-1 9.43282E-2 1.9812E-1 1.9332E-1 2.47639E-1
3.94605E-1 3.81381E-1 3.04572E-1 2.59778E-1 2.46284E-1 3.69321E-1 3.41042E-1 6.84777E-1 6.03096E-1 6.88823E-1 6.97128E-1 7.07474E-1 6.8607E-1 6.66429E-1 -9999 -9999 -9999 -9999 -9999 -9999 -9999 -9999 -9999 -9999 -9999 -9999 -9999 2.33205E-1 2.15462E-1 2.66191E-1 3.364E-1 1.28654E-1 3.20768E-1 3.2375E-1 3.56259E-1 2.60349E-1 1.85846E-1 1.54697E-1 1.65117E-1 1.60742E-1 1.40877E-1 1.9811E-1 1.6863E-1 1.59166E-1 1.47394E-1 1.29356E-1 1.22351E-1 1.02362E-1 7.27869E-2 7.41795E-2 1.18276E-1 1.12721E-1 9.79884E-2 9.7588E-2 1.03049E-1 1.40853E-1 7.92465E-2 2.21294E-1 2.10306E-1 2.38206E-1
1.9634E-1 1.90672E-1 1.49753E-1 1.2776E-1 1.30191E-1 -9999 5.01289E-1 5.43592E-1 5.55646E-1 5.12146E-1 7.07579E-1 7.3527E-1 7.21728E-1 6.81887E-1 6.16341E-1 6.12578E-1 -9999 -9999 -9999 -9999 -9999 -9999 -9999 -9999 -9999 -9999 -9999 4.12411E-1 4.33609E-1 3.50138E-1 3.15329E-1 3.47301E-1 3.34396E-1 1.0597E-1 3.22724E-1 3.62575E-1 2.99993E-1 2.75119E-1 2.31697E-1 2.48568E-1 2.08914E-1 2.78776E-1 2.79931E-1 2.93987E-1 2.47801E-1 1.41821E-1 1.26249E-1 1.03421E-1 6.27221E-2 4.80343E-2 5.97212E-2 3.00916E-2 1.0952E-1 1.08192E-1 1.21434E-1 1.0127E-1 2.42817E-1 2.27972E-1 2.12393E-1 2.26494E-1
1.78263E-1 1.68258E-1 1.53243E-1 1.64688E-1 2.72415E-1 4.94277E-1 5.06005E-1 5.21828E-1 4.91095E-1 3.02027E-1 5.94284E-1 7.29658E-1 7.2383E-1 7.13012E-1 6.31565E-1 6.0429E-1 -9999 -9999 -9999 -9999 -9999 -9999 -9999 -9999 -9999 -9999 -9999 -9999 4.8022E-1 -9999 -9999 -9999 -9999 3.55374E-1 2.95275E-1 2.44163E-1 2.56876E-1 2.56611E-1 2.1684E-1 2.31017E-1 2.04352E-1 2.13467E-1 3.12054E-1 3.66574E-1 3.10805E-1 1.55744E-1 1.37489E-1 1.04941E-1 7.65125E-2 6.7587E-2 8.3818E-2 7.38208E-2 7.73229E-2 1.19006E-1 1.37147E-1 1.79152E-1 2.05296E-1 2.16971E-1 2.28737E-1 2.49716E-1
1.9915E-1 1.84065E-1 1.61134E-1 2.20378E-1 2.86253E-1 5.34711E-1 5.6682E-1 2.092E-1 2.30068E-1 5.32782E-1 7.00969E-1 6.78857E-1 7.09517E-1 6.75329E-1 6.87836E-1 6.27079E-1 -9999 -9999 -9999 -9999 -9999 -9999 -9999 -9999 -9999 -9999 -9999 -9999 -9999 -9999 -9999 -9999 -9999 -9999 2.97734E-1 2.63529E-1 2.78645E-1 2.09713E-1 1.93576E-1 2.06184E-1 1.83311E-1 2.34158E-1 2.48325E-1 3.08606E-1 3.15E-1 1.80546E-1 1.50582E-1 9.51474E-2 9.21681E-2 7.30232E-2 9.46526E-2 9.49425E-2 2.19483E-2 1.30552E-1 9.96952E-2 1.70169E-1 2.33043E-1 2.33841E-1 2.93624E-1 2.69344E-1
1.7436E-1 1.64431E-1 1.59152E-1 2.15219E-1 2.827E-1 5.36999E-1 5.8055E-1 3.35096E-1 5.62312E-1 5.50172E-1 6.71516E-1 6.62004E-1 6.70999E-1 6.47562E-1 6.53345E-1 -9999 -9999 -9999 -9999 -9999 -9999 -9999 -9999 -9999 -9999 -9999 -9999 -9999 -9999 -9999 -9999 -9999 -9999 -9999 2.55805E-1 3.28499E-1 3.19498E-1 2.22288E-1 1.89967E-1 2.24571E-1 2.0213E-1 2.72872E-1 9.70247E-2 2.90305E-1 3.04868E-1 1.88188E-1 1.55436E-1 1.01797E-1 9.00554E-2 1.08955E-1 1.26968E-1 1.29419E-1 1.38082E-1 8.26093E-2 1.79855E-1 7.90473E-2 2.15087E-1 3.39521E-1 3.14909E-1 2.9942E-1
