Phytophthora/models/20240430_1147_34/Phytophthora_PA3_RUN1_MAXENT_outputs/Phytophthora_PA3_RUN1.asc
ncols         225
nrows         269
xllcorner     473000.0
yllcorner     4429100.0
cellsize      50.0
NODATA_value  -9999
[rows 162 to 188 of 269, columns 0 to 59 of 225]
-9999 -9999 -9999 -9999 -9999 -9999 -9999 -9999 2.60884E-1 4.64466E-1 5.02606E-1 5.53717E-1 6.00488E-1 6.34984E-1 7.10619E-1 7.67908E-1 7.79512E-1 7.76322E-1 7.738E-1 7.35908E-1 6.33018E-1 5.57971E-1 5.18525E-1 5.82972E-1 6.4361E-1 6.58263E-1 7.45295E-1 5.28019E-1 6.45644E-1 6.41365E-1 2.09778E-1 4.73231E-1 4.76175E-1 3.05441E-1 6.02473E-1 6.32252E-1 6.16893E-1 6.06834E-1 6.16995E-1 5.67552E-1 5.79884E-1 5.24998E-1 4.61941E-1 4.235E-1 5.10799E-1 5.67884E-1 5.55472E-1 5.53407E-1 5.70745E-1 4.33493E-1 4.54471E-1 5.11769E-1 6.06718E-1 7.0402E-1 4.86772E-1 5.22115E-1 4.78667E-1 4.51779E-1 5.19865E-1 5.748E-1
-9999 -9999 -9999 -9999 -9999 -9999 -9999 2.47018E-1 2.7649E-1 1.46801E-1 4.51631E-1 4.66182E-1 5.36892E-1 6.36092E-1 7.2136E-1 7.97803E-1 4.94898E-1 5.4581E-1 7.82705E-1 7.11858E-1 6.23263E-1 5.72955E-1 5.44794E-1 5.83795E-1 6.46537E-1 6.7137E-1 7.42487E-1 7.21023E-1 6.25488E-1 5.32805E-1 5.69598E-1 6.02274E-1 6.19507E-1 6.47715E-1 6.59684E-1 4.01815E-1 6.7499E-1 6.64585E-1 6.14416E-1 6.00273E-1 6.16587E-1 5.29564E-1 4.61092E-1 4.51196E-1 5.53838E-1 6.07894E-1 5.71396E-1 5.38131E-1 5.14411E-1 4.73652E-1 4.70969E-1 4.96407E-1 5.56921E-1 6.242E-1 6.18396E-1 3.18193E-1 5.08551E-1 4.64783E-1 5.85721E-1 2.19384E-1
-9999 -9999 -9999 -9999 -9999 -9999 -9999 2.58595E-1 2.97254E-1 2.57533E-1 2.59216E-1 4.31448E-1 4.80955E-1 5.63947E-1 6.90132E-1 7.87877E-1 5.50754E-1 7.88498E-1 4.75939E-1 6.90135E-1 6.1983E-1 5.87462E-1 5.5324E-1 5.58597E-1 6.28524E-1 6.36467E-1 7.12118E-1 7.1004E-1 6.24641E-1 4.21933E-1 4.49593E-1 4.54356E-1 4.96266E-1 5.05612E-1 5.94471E-1 7.06443E-1 4.60723E-1 6.75927E-1 6.54601E-1 6.54357E-1 6.49111E-1 5.44804E-1 5.19072E-1 4.98167E-1 6.06083E-1 6.54572E-1 6.02544E-1 5.62808E-1 5.12663E-1 5.34644E-1 4.85766E-1 5.28121E-1 5.7074E-1 6.52863E-1 4.34639E-1 5.47835E-1 5.22627E-1 2.06979E-1 4.78E-1 3.57665E-1
-9999 -9999 -9999 -9999 -9999 -9999 1.51514E-1 1.32182E-1 1.32898E-1 1.7843E-1 2.91785E-1 4.05492E-1 3.99311E-1 5.10315E-1 6.57335E-1 5.63905E-1 7.80648E-1 7.33417E-1 5.3697E-1 7.43083E-1 6.46585E-1 6.03547E-1 5.61802E-1 5.39294E-1 6.03975E-1 6.01092E-1 6.69348E-1 6.72562E-1 4.84E-1 6.56029E-1 3.82316E-1 3.52768E-1 3.62536E-1 3.56678E-1 5.21736E-1 6.19459E-1 6.60134E-1 5.20747E-1 6.75206E-1 6.68555E-1 6.67591E-1 5.84212E-1 5.83673E-1 5.40562E-1 6.26267E-1 3.10782E-1 6.31461E-1 5.77095E-1 5.2039E-1 4.99974E-1 4.93852E-1 5.12737E-1 4.57265E-1 5.67941E-1 4.13852E-1 2.86472E-1 4.50945E-1 3.6807E-1 2.74966E-1 1.96089E-1
-9999 -9999 -9999 -9999 -9999 2.16222E-1 1.80228E-1 1.68449E-1 2.16023E-1 3.36772E-1 5.16322E-1 5.07372E-1 5.17578E-1 5.9123E-1 6.6717E-1 7.25487E-1 6.27891E-1 6.30441E-1 6.45371E-1 6.03577E-1 5.31186E-1 5.10656E-1 4.7227E-1 4.3302E-1 4.74321E-1 4.33879E-1 4.81146E-1 3.7701E-1 5.36423E-1 2.60353E-1 2.91441E-1 3.3325E-1 3.88993E-1 4.78332E-1 5.71891E-1 6.33292E-1 6.27603E-1 6.18462E-1 7.06334E-1 6.96585E-1 7.0061E-1 5.62445E-1 6.63509E-1 6.35234E-1 5.53452E-1 6.86922E-1 6.28874E-1 6.00462E-1 5.46088E-1 4.93606E-1 4.73788E-1 5.331E-1 4.46005E-1 3.90605E-1 3.2277E-1 3.15954E-1 4.3785E-1 2.80963E-1 2.78368E-1 2.30555E-1
-9999 -9999 -9999 -9999 -9999 2.05933E-1 2.04216E-1 3.03383E-1 3.36003E-1 3.93444E-1 5.77832E-1 5.31929E-1 5.20457E-1 3.99785E-1 6.01808E-1 5.06106E-1 5.62038E-1 5.91978E-1 5.88058E-1 5.46043E-1 4.55134E-1 4.34732E-1 4.87477E-1 4.01656E-1 4.35239E-1 3.55662E-1 3.85911E-1 3.65822E-1 3.58597E-1 3.42466E-1 3.92291E-1 4.41741E-1 4.60992E-1 5.59577E-1 6.37548E-1 6.64053E-1 6.65577E-1 5.58071E-1 6.91013E-1 6.55831E-1 6.56616E-1 6.34501E-1 6.62028E-1 6.29392E-1 6.44072E-1 6.63877E-1 6.28274E-1 5.7175E-1 5.88095E-1 5.77412E-1 4.62446E-1 4.84199E-1 2.25987E-1 2.98571E-1 2.83454E-1 1.22869E-1 3.31158E-1 3.00836E-1 3.2177E-1 3.10734E-1
-9999 -9999 -9999 -9999 -9999 2.3353E-1 3.14601E-1 3.46955E-1 3.88015E-1 4.58554E-1 6.06726E-1 5.73514E-1 5.69834E-1 6.19586E-1 5.62073E-1 5.4985E-1 5.76765E-1 5.83949E-1 5.66195E-1 5.37914E-1 4.13479E-1 3.66183E-1 4.89677E-1 3.51235E-1 4.52128E-1 3.17728E-1 1.63409E-1 4.43633E-1 3.62873E-1 4.11421E-1 4.75638E-1 5.39296E-1 5.95663E-1 6.47565E-1 6.67508E-1 5.56574E-1 6.87203E-1 6.94997E-1 6.6642E-1 6.38011E-1 5.90655E-1 6.03821E-1 6.37441E-1 5.97937E-1 6.0317E-1 6.46388E-1 6.22684E-1 5.90633E-1 5.21477E-1 4.29986E-1 3.12671E-1 3.42177E-1 3.71763E-1 3.78241E-1 3.59419E-1 2.28291E-1 3.97467E-1 4.28174E-1 4.30487E-1 3.89454E-1
-9999 -9999 -9999 -9999 -9999 2.97349E-1 3.3975E-1 3.85194E-1 4.53976E-1 5.0441E-1 6.45856E-1 6.20241E-1 4.46031E-1 6.10504E-1 5.81531E-1 5.67443E-1 5.53427E-1 5.41494E-1 5.14966E-1 4.88754E-1 3.85331E-1 3.64863E-1 4.1698E-1 2.39107E-1 3.05597E-1 1.07691E-1 4.96212E-1 3.90843E-1 4.1625E-1 4.88481E-1 5.8848E-1 6.72103E-1 6.93998E-1 7.05022E-1 5.03109E-1 6.43702E-1 6.82472E-1 6.51038E-1 6.50536E-1 5.66322E-1 5.02553E-1 5.01661E-1 5.19962E-1 5.35196E-1 5.91057E-1 6.35637E-1 5.80877E-1 5.05258E-1 5.07217E-1 4.40509E-1 3.56074E-1 3.55363E-1 3.43673E-1 3.4704E-1 3.51659E-1 3.50239E-1 3.7291E-1 3.93401E-1 4.25137E-1 4.52795E-1
-9999 -9999 -9999 -9999 1.69682E-2 3.37843E-1 3.83917E-1 4.09687E-1 4.80805E-1 5.57151E-1 7.05348E-1 6.69932E-1 3.96185E-1 6.48018E-1 6.2536E-1 5.92841E-1 4.95017E-1 4.7089E-1 4.91776E-1 4.61385E-1 3.62488E-1 3.90669E-1 3.7313E-1 3.84891E-1 2.33137E-1 2.74949E-1 3.662E-1 4.22577E-1 4.7331E-1 5.21336E-1 6.17878E-1 6.73351E-1 6.52457E-1 5.52278E-1 5.7927E-1 6.80133E-1 6.44902E-1 6.29352E-1 5.91091E-1 4.9134E-1 4.6096E-1 4.722E-1 4.75079E-1 4.76747E-1 5.41611E-1 6.58489E-1 5.79565E-1 4.94367E-1 4.61704E-1 4.1591E-1 3.4971E-1 4.21335E-1 3.92251E-1 3.97107E-1 5.00242E-1 2.47534E-1 2.97655E-1 3.33125E-1 3.92704E-1 4.03163E-1
-9999 -9999 -9999 -9999 3.71282E-2 1.45093E-1 1.47974E-1 1.54361E-1 1.99686E-1 2.31387E-1 1.00879E-1 1.89009E-1 2.34832E-1 2.603E-1 2.37683E-1 3.00221E-1 2.17784E-1 1.87658E-1 7.83819E-2 1.89478E-1 1.01456E-1 1.24069E-1 1.23796E-1 1.35651E-1 1.6834E-1 3.77695E-1 4.93757E-1 5.87877E-1 6.39193E-1 6.52473E-1 7.11727E-1 3.12235E-1 7.39617E-1 7.41335E-1 7.72111E-1 7.48159E-1 7.35796E-1 7.21985E-1 6.58933E-1 5.77407E-1 5.53999E-1 5.57059E-1 5.62263E-1 5.68681E-1 5.77768E-1 6.31045E-1 5.54095E-1 4.72868E-1 4.92747E-1 4.60111E-1 5.16361E-1 5.78357E-1 5.80941E-1 6.55632E-1 5.68519E-1 6.445E-1 6.31243E-1 6.60615E-1 6.92941E-1 7.0391E-1
-9999 -9999 -9999 -9999 7.42694E-2 1.36472E-1 1.378E-1 1.56508E-1 1.91737E-1 2.08387E-1 2.4452E-1 2.91222E-1 2.83345E-1 1.87858E-1 1.92444E-1 1.11031E-1 2.14707E-1 1.16352E-1 2.13223E-1 1.08381E-1 8.73312E-2 9.93227E-2 1.10669E-1 1.36021E-1 1.59342E-1 3.86694E-1 4.71793E-1 3.75586E-1 3.2542E-1 6.60103E-1 6.99504E-1 7.36637E-1 7.17165E-1 7.53324E-1 7.45059E-1 7.3368E-1 7.21408E-1 6.68136E-1 6.05864E-1 5.35482E-1 5.35779E-1 5.26428E-1 5.18323E-1 5.48163E-1 5.5523E-1 5.84065E-1 5.33094E-1 4.72653E-1 4.73392E-1 5.08698E-1 5.67813E-1 4.36454E-1 4.15408E-1 4.02512E-1 4.14251E-1 5.51898E-1 6.9118E-1 6.95265E-1 6.42531E-1 6.00219E-1
-9999 -9999 -9999 -9999 5.68993E-2 1.26317E-1 1.44213E-1 1.48343E-1 1.69732E-1 1.76107E-1 1.82967E-1 2.28189E-1 1.8462E-1 1.73138E-1 1.14111E-1 1.21201E-1 2.20069E-1 1.54953E-1 9.68655E-2 1.12737E-1 1.06333E-1 1.2402E-1 1.45136E-1 1.79528E-1 2.20262E-1 4.09767E-1 4.65909E-1 5.34399E-1 6.11008E-1 6.49544E-1 6.87403E-1 7.20164E-1 7.46288E-1 7.21478E-1 7.23524E-1 7.1556E-1 7.02456E-1 6.26592E-1 5.87343E-1 5.25068E-1 5.41183E-1 5.12297E-1 4.7591E-1 5.10954E-1 5.47322E-1 5.44629E-1 5.47334E-1 4.8677E-1 4.97389E-1 5.81196E-1 2.3289E-1 6.04678E-1 4.74512E-1 4.60173E-1 4.32267E-1 4.31406E-1 5.49929E-1 7.29071E-1 7.09926E-1 6.08413E-1
-9999 -9999 -9999 -9999 6.50807E-2 7.94778E-2 1.18728E-1 1.73514E-1 1.97461E-1 1.7887E-1 1.81942E-1 2.11422E-1 9.60456E-2 2.534E-1 1.23417E-1 1.23826E-1 1.85735E-1 1.21606E-1 1.20509E-1 1.51587E-1 1.743E-1 1.81101E-1 1.80293E-1 2.50224E-1 2.95481E-1 5.58776E-1 5.73207E-1 6.24426E-1 6.14011E-1 6.35907E-1 6.29325E-1 6.39118E-1 7.03174E-1 6.97151E-1 6.98514E-1 6.94415E-1 6.49508E-1 6.14767E-1 6.43363E-1 5.62306E-1 5.79701E-1 5.71571E-1 5.11348E-1 5.32168E-1 5.97271E-1 5.3368E-1 5.7694E-1 5.76304E-1 5.02841E-1 5.3563E-1 4.9355E-1 4.54621E-1 4.69889E-1 5.10845E-1 4.81982E-1 4.91665E-1 2.25936E-1 5.35011E-1 4.87816E-1 5.73841E-1
-9999 -9999 -9999 5.57216E-2 5.09259E-2 8.13261E-2 9.93733E-2 1.74001E-1 1.92666E-1 2.16763E-1 1.98927E-1 2.45533E-1 3.20926E-1 1.29439E-1 1.35961E-1 1.9662E-1 1.66707E-1 1.75786E-1 2.03387E-1 2.18893E-1 2.94403E-1 3.29891E-1 3.63075E-1 3.54915E-1 4.44259E-1 4.29222E-1 6.6735E-1 6.50227E-1 6.07583E-1 5.81257E-1 5.59092E-1 5.35446E-1 6.70705E-1 6.68423E-1 6.68875E-1 6.697E-1 6.53216E-1 6.59245E-1 7.02438E-1 6.03756E-1 6.12295E-1 6.37997E-1 5.68153E-1 5.71052E-1 6.43656E-1 5.9525E-1 6.14276E-1 3.44451E-1 3.31828E-1 4.98861E-1 5.1868E-1 5.28583E-1 5.44299E-1 5.50503E-1 5.06833E-1 5.19155E-1 4.94788E-1 4.11852E-1 5.18704E-1 5.8657E-1
1.14432E-2 1.53569E-2 2.60111E-2 4.60941E-2 7.42032E-2 2.04962E-1 2.33126E-1 2.60727E-1 1.81803E-1 1.73649E-1 2.63221E-1 1.38328E-1 1.39203E-1 2.29195E-1 2.4856E-1 3.69817E-1 3.22134E-1 3.78091E-1 3.79387E-1 3.92133E-1 6.52857E-1 6.7147E-1 6.90402E-1 3.25241E-1 7.05385E-1 5.51247E-1 7.95558E-1 7.65665E-1 7.29235E-1 6.42549E-1 5.47983E-1 5.35957E-1 6.50589E-1 6.79398E-1 6.85785E-1 7.69516E-1 7.62225E-1 7.71673E-1 8.02082E-1 7.55098E-1 6.55373E-1 6.83726E-1 6.50463E-1 6.39784E-1 3.3458E-1 5.70803E-1 4.93976E-1 2.70248E-1 2.93914E-1 3.28159E-1 2.93114E-1 3.50856E-1 4.13713E-1 4.36215E-1 4.84765E-1 5.81126E-1 5.61677E-1 6.37914E-1 5.6998E-1 6.84523E-1
-9999 2.1896E-2 2.83889E-2 4.22979E-2 6.59092E-2 2.05386E-1 2.32136E-1 2.4735E-1 2.5902E-1 1.43591E-1 3.16356E-1 6.70744E-2 2.38303E-1 2.93392E-1 3.33379E-1 4.52386E-1 4.36678E-1 4.66943E-1 4.22654E-1 5.05657E-1 7.13201E-1 7.21674E-1 7.43901E-1 7.38586E-1 7.32362E-1 6.74055E-1 7.62011E-1 8.00632E-1 7.4367E-1 6.33464E-1 5.3599E-1 5.04107E-1 5.22988E-1 6.5428E-1 6.9888E-1 7.82683E-1 8.0118E-1 8.00458E-1 8.20034E-1 7.8688E-1 7.11713E-1 7.16767E-1 6.1571E-1 7.50823E-1 4.97125E-1 3.44172E-1 3.07218E-1 2.90998E-1 2.57418E-1 3.21082E-1 3.02671E-1 3.3032E-1 4.51222E-1 5.51802E-1 6.01188E-1 6.81788E-1 6.36207E-1 6.29037E-1 6.63995E-1 6.79071E-1
-9999 -9999 4.85008E-2 6.07712E-2 8.18261E-2 1.87231E-1 2.26721E-1 2.25866E-1 2.39657E-1 2.93053E-1 3.10839E-1 4.04028E-1 3.34639E-1 3.30024E-1 3.44065E-1 4.31946E-1 4.09981E-1 4.27021E-1 3.94293E-1 4.35705E-1 5.60701E-1 5.89472E-1 6.24509E-1 5.90308E-1 5.03384E-1 5.44198E-1 8.08821E-1 8.24752E-1 7.71875E-1 7.12761E-1 6.00457E-1 5.3383E-1 4.90252E-1 6.41701E-1 7.10228E-1 7.89073E-1 8.12224E-1 8.23898E-1 8.41234E-1 8.25617E-1 7.49722E-1 5.43821E-1 6.82194E-1 5.86147E-1 5.09712E-1 3.76766E-1 3.92877E-1 3.91181E-1 4.55705E-1 4.60945E-1 3.53902E-1 4.74645E-1 4.71738E-1 5.35453E-1 5.5588E-1 7.13122E-1 6.66823E-1 6.17855E-1 6.18828E-1 6.21274E-1
-9999 -9999 -9999 8.82828E-2 1.13855E-1 2.20862E-1 2.60808E-1 2.38926E-1 2.20227E-1 2.3872E-1 2.50574E-1 3.77515E-1 3.53712E-1 3.20003E-1 3.07086E-1 3.78939E-1 2.8574E-1 3.14823E-1 3.29168E-1 1.59172E-1 5.21914E-1 4.62979E-1 1.53588E-1 4.19119E-1 6.06283E-1 5.6949E-1 6.97431E-1 8.01081E-1 7.97582E-1 7.68563E-1 6.62762E-1 5.99932E-1 5.12004E-1 6.17708E-1 7.17709E-1 7.88757E-1 8.12919E-1 8.36093E-1 8.59555E-1 5.74728E-1 7.67999E-1 6.5901E-1 5.78034E-1 6.1331E-1 6.3615E-1 5.65495E-1 4.68137E-1 4.13971E-1 5.1094E-1 5.86188E-1 2.66707E-1 5.7707E-1 5.50178E-1 5.52116E-1 4.04569E-1 7.15026E-1 6.63778E-1 6.13764E-1 5.73532E-1 5.78414E-1
-9999 -9999 -9999 -9999 1.24759E-1 2.47515E-1 2.86504E-1 3.03672E-1 2.49485E-1 2.37663E-1 1.87145E-1 2.91262E-1 2.73942E-1 2.48271E-1 2.54089E-1 3.31936E-1 3.50316E-1 3.80224E-1 2.93034E-1 3.51657E-1 5.37273E-1 5.76956E-1 4.93729E-1 5.59838E-1 5.75364E-1 6.94035E-1 6.76542E-1 7.66867E-1 8.00058E-1 7.67555E-1 7.05812E-1 6.87001E-1 5.8165E-1 6.07905E-1 7.12357E-1 7.90694E-1 8.11135E-1 8.37114E-1 8.58472E-1 8.60441E-1 6.63118E-1 5.66753E-1 5.17698E-1 5.93631E-1 6.43675E-1 4.79982E-1 3.47613E-1 4.92423E-1 5.19729E-1 4.93942E-1 5.83085E-1 5.59562E-1 5.18685E-1 5.46386E-1 5.9513E-1 7.33406E-1 6.88747E-1 6.78711E-1 6.58989E-1 6.02848E-1
-9999 -9999 -9999 -9999 3.83181E-1 3.92323E-1 4.46685E-1 1.56385E-1 4.26909E-1 3.80677E-1 9.04306E-2 2.4468E-1 2.45327E-1 2.53225E-1 3.27366E-1 6.90697E-1 6.83741E-1 6.72287E-1 6.29032E-1 6.90788E-1 7.85595E-1 4.78305E-1 6.92499E-1 6.12325E-1 6.69752E-1 6.63474E-1 7.25687E-1 7.25591E-1 7.29404E-1 7.49131E-1 7.18862E-1 6.90533E-1 6.68193E-1 6.32342E-1 6.96492E-1 5.78194E-1 5.98877E-1 6.45818E-1 5.94717E-1 7.02904E-1 5.86504E-1 5.0662E-1 4.6729E-1 4.9249E-1 5.39306E-1 6.45039E-1 3.00067E-1 4.77782E-1 7.18624E-1 8.18103E-1 7.93077E-1 7.15453E-1 7.0331E-1 7.11594E-1 7.02354E-1 6.86502E-1 6.69842E-1 6.91779E-1 5.31669E-1 4.7339E-1
-9999 -9999 -9999 -9999 -9999 -9999 3.79469E-1 3.44799E-1 3.4143E-1 3.92879E-1 2.59646E-1 1.89753E-1 2.15627E-1 2.79519E-1 3.23265E-1 7.10572E-1 7.0235E-1 6.68441E-1 6.13323E-1 6.10882E-1 6.32084E-1 7.53141E-1 4.36401E-1 4.71868E-1 6.07313E-1 5.47318E-1 6.29891E-1 6.44428E-1 6.49652E-1 6.95756E-1 6.72844E-1 6.85235E-1 6.7938E-1 7.05345E-1 7.16919E-1 5.76671E-1 6.05625E-1 6.5032E-1 6.88345E-1 6.95719E-1 5.53397E-1 3.95863E-1 3.92669E-1 4.29508E-1 5.09485E-1 6.22184E-1 6.13896E-1 6.92834E-1 6.70983E-1 6.53497E-1 4.66477E-1 6.01659E-1 6.69197E-1 6.88008E-1 6.63662E-1 6.11855E-1 6.82049E-1 5.71288E-1 5.64775E-1 5.15148E-1
-9999 -9999 -9999 -9999 -9999 -9999 -9999 -9999 -9999 2.66274E-1 1.81967E-1 1.7094E-1 2.13325E-1 2.81544E-1 3.3438E-1 7.13229E-1 6.81618E-1 6.51493E-1 5.23741E-1 2.83293E-1 4.97918E-1 5.417E-1 4.71763E-1 5.51774E-1 4.26712E-1 4.87113E-1 6.08548E-1 6.45261E-1 6.39334E-1 6.36471E-1 6.06054E-1 6.63769E-1 7.01902E-1 7.18595E-1 7.27846E-1 5.7125E-1 6.21439E-1 3.10284E-1 6.11788E-1 6.07749E-1 4.98223E-1 4.26309E-1 3.93682E-1 4.02176E-1 4.90651E-1 6.56005E-1 6.60125E-1 6.92923E-1 6.79097E-1 6.33897E-1 6.4019E-1 6.12662E-1 6.64468E-1 7.10846E-1 6.63874E-1 5.81637E-1 3.73535E-1 4.08868E-1 4.49196E-1 5.44029E-1
-9999 -9999 -9999 -9999 -9999 -9999 -9999 -9999 -9999 -9999 1.88947E-1 1.41858E-1 2.33414E-1 2.2716E-1 3.52185E-1 7.32857E-1 6.81906E-1 7.0203E-1 6.2593E-1 6.16962E-1 5.68057E-1 5.30731E-1 4.20728E-1 5.21929E-1 3.97046E-1 5.42295E-1 5.90166E-1 6.24234E-1 6.38351E-1 6.42597E-1 5.75232E-1 6.30846E-1 6.81882E-1 7.4088E-1 7.47687E-1 6.19776E-1 6.36662E-1 6.60278E-1 3.77906E-1 5.54501E-1 4.5818E-1 4.62775E-1 4.33362E-1 3.69955E-1 4.19347E-1 6.26081E-1 6.49234E-1 7.32007E-1 6.95601E-1 6.59031E-1 6.36966E-1 6.02039E-1 6.91454E-1 7.18196E-1 6.86835E-1 6.40027E-1 5.10901E-1 5.21385E-1 5.18611E-1 5.86656E-1
-9999 -9999 -9999 -9999 -9999 -9999 -9999 -9999 -9999 -9999 -9999 -9999 -9999 2.87168E-1 3.94812E-1 7.37489E-1 7.59097E-1 6.17187E-1 6.94993E-1 6.85888E-1 6.48993E-1 6.39938E-1 5.65456E-1 4.73208E-1 6.83375E-1 6.11842E-1 6.39502E-1 6.71809E-1 6.61611E-1 6.49274E-1 5.83513E-1 6.10571E-1 6.10533E-1 6.6688E-1 7.70693E-1 6.58411E-1 5.75132E-1 6.57509E-1 6.44655E-1 4.35655E-1 4.26777E-1 4.55634E-1 4.52319E-1 3.86299E-1 4.40064E-1 6.59191E-1 6.74377E-1 7.35203E-1 6.94114E-1 6.63682E-1 6.59369E-1 6.85987E-1 7.22826E-1 7.32021E-1 7.46281E-1 6.25607E-1 5.63998E-1 5.72849E-1 5.34714E-1 5.45054E-1
-9999 -9999 -9999 -9999 -9999 -9999 -9999 -9999 -9999 -9999 -9999 -9999 -9999 -9999 5.30514E-1 8.03293E-1 6.16888E-1 7.78896E-1 7.61498E-1 6.93368E-1 3.09682E-1 2.50373E-1 4.92595E-1 4.89789E-1 5.07187E-1 6.12708E-1 6.10445E-1 6.5344E-1 6.72622E-1 7.07459E-1 7.16437E-1 6.90996E-1 6.5226E-1 7.77393E-1 7.96988E-1 3.98528E-1 2.26018E-1 7.24694E-1 4.7643E-1 5.09875E-1 3.69495E-1 3.32444E-1 3.24949E-1 3.33885E-1 4.40189E-1 7.25825E-1 7.75341E-1 7.65814E-1 7.28658E-1 6.91888E-1 6.63297E-1 7.2378E-1 7.12326E-1 6.40661E-1 6.13491E-1 6.57036E-1 6.3195E-1 6.5285E-1 5.89832E-1 5.35508E-1
-9999 -9999 -9999 -9999 -9999 -9999 -9999 -9999 -9999 -9999 -9999 -9999 -9999 -9999 -9999 8.14786E-1 5.1334E-1 7.82173E-1 7.66142E-1 7.111E-1 2.77867E-1 4.7191E-1 4.75452E-1 2.87755E-1 5.34649E-1 6.46717E-1 6.43032E-1 6.5667E-1 6.80481E-1 7.02101E-1 7.17849E-1 7.46858E-1 7.62046E-1 7.32284E-1 7.27044E-1 4.41294E-1 4.95639E-1 4.4609E-1 5.1589E-1 5.59865E-1 3.73047E-1 3.93829E-1 3.98344E-1 4.40797E-1 5.22204E-1 7.79208E-1 4.94364E-1 7.52841E-1 7.23748E-1 6.84664E-1 6.79253E-1 7.06637E-1 6.42609E-1 6.46461E-1 6.48894E-1 6.57174E-1 6.18382E-1 6.40004E-1 4.85824E-1 6.16105E-1
-9999 -9999 -9999 -9999 -9999 -9999 -9999 -9999 -9999 -9999 -9999 -9999 -9999 -9999 -9999 8.03383E-1 6.43944E-1 7.5874E-1 7.51322E-1 5.78241E-1 5.34628E-1 4.60032E-1 4.53624E-1 4.78685E-1 5.45973E-1 6.80436E-1 6.81051E-1 6.46189E-1 6.32007E-1 5.96379E-1 6.45926E-1 6.95761E-1 7.65327E-1 7.95652E-1 7.36131E-1 6.12665E-1 3.12882E-1 6.5817E-1 6.38406E-1 6.41947E-1 4.75595E-1 4.5105E-1 4.37619E-1 4.40638E-1 4.47799E-1 7.27398E-1 7.47692E-1 7.56759E-1 7.23899E-1 6.56931E-1 7.18693E-1 7.00384E-1 6.73905E-1 6.95941E-1 6.34921E-1 6.38435E-1 6.25629E-1 5.40495E-1 7.16736E-1 7.31007E-1
