Phytophthora/models/20240604_1618_19/Phytophthora_PA3_RUN6_MAXENT_outputs/projMaxent.asc
ncols         225
nrows         269
xllcorner     473009.9838
yllcorner     4429051.1748
cellsize      50.0
NODATA_value  -9999
[rows 156 to 181 of 269, columns 59 to 117 of 225]
5.82327E-1 3.78556E-1 4.0434E-1 3.38155E-1 3.73813E-1 3.73396E-1 2.63967E-1 1.80456E-1 2.6065E-1 3.63258E-1 3.41844E-1 4.76559E-1 6.09131E-1 4.58713E-1 4.84681E-1 5.93084E-1 5.82367E-1 4.60072E-1 6.4617E-1 5.76317E-1 3.56317E-1 5.89676E-1 7.59888E-1 7.802E-1 8.43106E-1 8.19658E-1 7.84944E-1 8.22813E-1 6.5767E-1 4.56904E-1 3.7907E-1 3.85879E-1 4.91846E-1 6.69981E-1 7.78651E-1 7.6998E-1 6.46206E-1 8.93588E-1 9.4077E-1 7.6491E-1 6.8876E-1 5.37276E-1 4.96226E-1 4.43294E-1 5.21203E-1 5.25255E-1 4.69775E-1 4.44974E-1 5.22995E-1 4.66607E-1 3.93005E-1 4.26538E-1 4.84962E-1 2.13201E-1 1.87646E-1 1.42169E-1 2.68932E-1 4.08741E-1 4.18641E-1
5.2531E-1 2.87166E-1 4.28468E-1 3.78913E-1 3.81611E-1 3.4956E-1 2.41467E-1 1.71157E-1 2.38235E-1 2.79671E-1 3.23649E-1 4.47645E-1 5.20895E-1 4.95177E-1 5.11453E-1 5.67358E-1 4.9203E-1 4.46625E-1 5.74972E-1 5.19732E-1 4.96984E-1 7.61405E-1 7.54226E-1 7.56572E-1 8.41732E-1 8.16123E-1 7.54652E-1 8.46567E-1 7.50887E-1 6.5203E-1 4.70586E-1 5.96784E-1 6.8468E-1 6.01709E-1 6.55768E-1 4.77277E-1 6.4659E-1 6.22477E-1 6.03168E-1 7.45294E-1 6.30634E-1 5.82818E-1 6.77138E-1 5.61648E-1 4.93953E-1 4.93034E-1 5.84335E-1 5.51461E-1 5.86355E-1 4.33984E-1 3.69647E-1 5.62922E-1 4.41486E-1 1.92693E-1 1.90686E-1 1.8882E-1 2.47533E-1 3.10883E-1 2.86749E-1
3.89315E-1 3.38736E-1 3.15349E-1 3.56616E-1 4.28479E-1 2.9056E-1 2.19133E-1 1.44614E-1 2.26352E-1 2.95678E-1 4.06773E-1 4.96131E-1 4.5035E-1 5.22681E-1 5.83649E-1 5.80192E-1 6.20845E-1 5.35968E-1 4.56334E-1 3.63384E-1 7.25883E-1 9.00372E-1 7.2246E-1 8.49732E-1 9.45205E-1 8.8935E-1 7.46471E-1 8.10045E-1 8.3821E-1 6.62026E-1 7.46932E-1 7.10581E-1 6.40286E-1 6.22509E-1 4.34312E-1 5.63344E-1 5.83622E-1 6.21303E-1 4.56025E-1 4.60673E-1 4.83289E-1 5.66973E-1 6.71649E-1 6.3268E-1 5.4181E-1 6.49697E-1 5.77815E-1 5.57951E-1 5.68796E-1 4.14265E-1 2.8241E-1 3.05065E-1 3.42719E-1 3.3297E-1 4.01524E-1 2.84757E-1 2.35482E-1 2.3794E-1 2.69299E-1
3.78523E-1 3.42534E-1 3.03059E-1 3.45437E-1 3.98122E-1 2.34464E-1 2.5295E-1 2.44424E-1 3.05957E-1 3.49107E-1 5.05864E-1 6.08427E-1 4.52614E-1 5.30753E-1 7.22689E-1 7.10948E-1 6.81413E-1 4.50148E-1 3.48927E-1 4.21507E-1 7.14491E-1 7.64044E-1 7.82078E-1 7.73828E-1 7.16846E-1 7.63803E-1 7.97516E-1 7.62046E-1 7.06858E-1 7.8359E-1 7.93351E-1 4.56E-1 6.80648E-1 5.97406E-1 4.52279E-1 6.4299E-1 6.21623E-1 7.05283E-1 5.37097E-1 3.68379E-1 4.97742E-1 3.47337E-1 6.17908E-1 6.20666E-1 6.24886E-1 5.95695E-1 6.71188E-1 5.62727E-1 4.9423E-1 4.95656E-1 3.25062E-1 2.00436E-1 1.75519E-1 5.61655E-1 6.22043E-1 3.69253E-1 2.05695E-1 1.84504E-1 2.2017E-1
4.7699E-1 3.231E-1 2.52408E-1 2.81076E-1 2.7862E-1 2.69937E-1 2.8435E-1 3.70715E-1 3.87258E-1 3.60936E-1 3.87747E-1 5.96688E-1 6.56884E-1 7.2324E-1 7.70047E-1 7.64111E-1 5.48061E-1 3.72609E-1 3.13765E-1 4.49712E-1 5.00239E-1 5.19538E-1 5.39823E-1 6.59724E-1 7.81244E-1 6.71412E-1 6.26667E-1 7.9964E-1 7.85202E-1 7.67094E-1 7.71015E-1 3.79607E-1 5.85876E-1 6.18968E-1 6.64817E-1 6.45877E-1 5.7586E-1 6.47104E-1 6.65391E-1 6.61613E-1 6.80023E-1 4.81529E-1 4.40328E-1 5.19325E-1 4.04793E-1 2.96111E-1 4.2333E-1 3.46094E-1 2.6387E-1 2.2451E-1 1.56184E-1 8.98429E-2 1.03619E-1 3.45064E-1 3.94525E-1 1.78183E-1 1.21423E-1 9.34093E-2 9.21114E-2
4.11574E-1 2.27623E-1 2.1449E-1 1.53185E-1 1.41083E-1 2.55114E-1 4.1964E-1 5.11483E-1 5.61414E-1 6.43866E-1 4.02365E-1 5.67269E-1 7.28139E-1 7.79519E-1 7.91126E-1 7.44995E-1 6.43788E-1 5.68204E-1 3.91892E-1 5.76022E-1 7.00434E-1 6.85299E-1 5.77822E-1 6.48112E-1 6.60673E-1 7.40052E-1 5.67356E-1 6.99953E-1 6.8854E-1 5.51927E-1 6.48069E-1 4.3438E-1 6.02455E-1 5.59608E-1 4.69488E-1 4.09813E-1 3.20607E-1 4.27186E-1 4.17206E-1 6.06167E-1 6.23786E-1 6.04701E-1 4.68409E-1 4.28422E-1 4.905E-1 3.60445E-1 2.21083E-1 1.75908E-1 2.3119E-1 1.63633E-1 1.21146E-1 8.79641E-2 8.25128E-2 1.9341E-1 1.92239E-1 7.35445E-2 5.91683E-2 5.72439E-2 5.66988E-2
2.24603E-1 2.61174E-1 4.92272E-1 2.02528E-1 2.25859E-1 4.29355E-1 6.99522E-1 7.43946E-1 6.42268E-1 6.18411E-1 5.90868E-1 5.56328E-1 6.0214E-1 7.12218E-1 7.62693E-1 6.70875E-1 6.32745E-1 7.25513E-1 4.86872E-1 5.74691E-1 7.08114E-1 6.94891E-1 5.80459E-1 7.54055E-1 8.33709E-1 7.3619E-1 6.88131E-1 6.54757E-1 6.9828E-1 7.08032E-1 4.09487E-1 4.82158E-1 3.50018E-1 3.28926E-1 4.16872E-1 3.95094E-1 2.87856E-1 2.5462E-1 2.25956E-1 2.35697E-1 3.01577E-1 4.81962E-1 6.1828E-1 5.04485E-1 3.5925E-1 2.56774E-1 1.95E-1 2.16937E-1 2.35861E-1 1.61797E-1 1.01908E-1 8.28108E-2 9.51276E-2 1.12301E-1 7.74134E-2 4.29161E-2 5.15162E-2 7.57624E-2 1.03052E-1
3.4192E-1 3.91851E-1 3.91778E-1 2.64984E-1 3.2921E-1 7.1822E-1 8.15503E-1 6.68051E-1 5.77299E-1 5.54822E-1 5.83138E-1 6.536E-1 5.97178E-1 6.29652E-1 6.82352E-1 6.26607E-1 2.94713E-1 6.88444E-1 3.44852E-1 4.56444E-1 4.96137E-1 4.45605E-1 5.1001E-1 7.60646E-1 7.15717E-1 5.75846E-1 7.49367E-1 8.36013E-1 6.51233E-1 7.23979E-1 6.89702E-1 5.97946E-1 3.42531E-1 2.9395E-1 3.96417E-1 5.1047E-1 4.29648E-1 3.07711E-1 2.70037E-1 2.9316E-1 3.05137E-1 3.23973E-1 3.75639E-1 2.56267E-1 1.67001E-1 1.19887E-1 1.70092E-1 2.21698E-1 1.81364E-1 1.35695E-1 8.99986E-2 9.16041E-2 8.81616E-2 7.23754E-2 5.52134E-2 6.68132E-2 8.80267E-2 1.69302E-1 2.21186E-1
2.61631E-1 3.38457E-1 3.66702E-1 4.64504E-1 4.78775E-1 4.80753E-1 6.88693E-1 6.36228E-1 5.87159E-1 5.7585E-1 7.28276E-1 8.16644E-1 6.51128E-1 6.01504E-1 6.64245E-1 5.9922E-1 4.07641E-1 4.99877E-1 5.57973E-1 7.02434E-1 4.78041E-1 4.08384E-1 4.99684E-1 6.74393E-1 7.52368E-1 6.02755E-1 7.22868E-1 7.6004E-1 6.34988E-1 7.26462E-1 6.4902E-1 6.83387E-1 4.13984E-1 2.5236E-1 6.46682E-1 7.46783E-1 6.38904E-1 4.74822E-1 3.25967E-1 3.63876E-1 2.19626E-1 1.19531E-1 1.3432E-1 1.35485E-1 8.86163E-2 1.01206E-1 2.16743E-1 1.84656E-1 1.07807E-1 9.08036E-2 7.41301E-2 8.45711E-2 8.13866E-2 7.75354E-2 1.1959E-1 1.85351E-1 1.73107E-1 3.42931E-1 3.58968E-1
3.88122E-1 5.74657E-1 4.0792E-1 4.37056E-1 4.98308E-1 4.11097E-1 6.52636E-1 6.52561E-1 5.9248E-1 5.80472E-1 7.08447E-1 8.72926E-1 7.06721E-1 7.27548E-1 5.9813E-1 6.18142E-1 5.49788E-1 4.60616E-1 6.27399E-1 6.85363E-1 6.7012E-1 4.31829E-1 3.16267E-1 5.16198E-1 5.82663E-1 7.3907E-1 7.98655E-1 7.52872E-1 8.37495E-1 8.5105E-1 7.03742E-1 6.80242E-1 4.55719E-1 3.89612E-1 7.19621E-1 7.22775E-1 6.10685E-1 6.19085E-1 5.94093E-1 3.25725E-1 1.12771E-1 9.77147E-2 1.85177E-1 1.07347E-1 6.89465E-2 1.27786E-1 2.08728E-1 1.50048E-1 8.84804E-2 6.86993E-2 5.622E-2 6.62271E-2 6.91506E-2 1.29947E-1 2.1853E-1 3.53361E-1 3.29776E-1 5.43739E-1 5.2161E-1
7.30871E-1 5.78179E-1 4.49492E-1 5.27185E-1 5.50746E-1 4.95855E-1 5.96108E-1 6.90641E-1 6.28023E-1 6.12229E-1 7.2811E-1 8.06262E-1 8.90222E-1 8.44499E-1 6.78125E-1 7.17482E-1 7.12516E-1 6.56597E-1 6.66661E-1 7.36409E-1 7.80927E-1 6.76896E-1 3.35832E-1 3.93437E-1 7.32219E-1 7.37464E-1 6.32268E-1 6.78357E-1 7.24202E-1 8.04472E-1 7.84659E-1 7.04464E-1 5.98595E-1 6.24721E-1 6.89295E-1 6.77158E-1 5.17275E-1 5.92613E-1 4.26513E-1 2.22625E-1 1.10574E-1 1.19519E-1 1.9937E-1 9.7027E-2 7.83667E-2 1.29083E-1 1.38807E-1 1.01152E-1 6.92885E-2 4.50109E-2 3.66912E-2 6.50676E-2 1.20984E-1 1.87939E-1 2.99997E-1 3.97189E-1 3.82996E-1 4.60031E-1 2.84169E-1
7.426E-1 6.60043E-1 6.24368E-1 7.07905E-1 7.60004E-1 7.31898E-1 5.07065E-1 4.91279E-1 6.51878E-1 6.03782E-1 7.16611E-1 6.88718E-1 7.11395E-1 8.0584E-1 7.04728E-1 7.77158E-1 7.3746E-1 7.40068E-1 6.57112E-1 9.11335E-1 8.38376E-1 7.27407E-1 4.64738E-1 3.33711E-1 7.06166E-1 7.4426E-1 5.52834E-1 6.39895E-1 7.15613E-1 7.94333E-1 5.9305E-1 5.75069E-1 6.72746E-1 7.82919E-1 7.35178E-1 6.91645E-1 6.71331E-1 3.75044E-1 2.85454E-1 1.70521E-1 1.29462E-1 1.90993E-1 1.48911E-1 9.36067E-2 7.68984E-2 9.76325E-2 8.88763E-2 7.7064E-2 6.09961E-2 3.8991E-2 4.64844E-2 1.44128E-1 3.2627E-1 2.33179E-1 2.77964E-1 3.1113E-1 5.57572E-1 3.49303E-1 1.1453E-1
7.74426E-1 7.20231E-1 7.7391E-1 8.22193E-1 8.37474E-1 8.62434E-1 5.04984E-1 3.61492E-1 6.09692E-1 6.84446E-1 8.04469E-1 7.83042E-1 7.34466E-1 8.92641E-1 6.49322E-1 7.77021E-1 7.88122E-1 8.28369E-1 9.14422E-1 9.03624E-1 8.49501E-1 6.01639E-1 5.5524E-1 5.34796E-1 6.10031E-1 5.72202E-1 5.0014E-1 6.1844E-1 7.02976E-1 7.2294E-1 5.9996E-1 6.79581E-1 8.59314E-1 7.9535E-1 6.21895E-1 8.16493E-1 7.50998E-1 3.86676E-1 3.24281E-1 2.52171E-1 2.47244E-1 2.43536E-1 1.16815E-1 8.90052E-2 8.23097E-2 6.90555E-2 6.34181E-2 6.84019E-2 7.19389E-2 7.76342E-2 1.52694E-1 3.94389E-1 5.54802E-1 3.46159E-1 2.79076E-1 5.16789E-1 5.38238E-1 3.53606E-1 6.73281E-2
5.76236E-1 7.68618E-1 7.13696E-1 4.87911E-1 6.45285E-1 5.90012E-1 6.23227E-1 3.97389E-1 4.70057E-1 6.23673E-1 7.5304E-1 7.45475E-1 5.66562E-1 7.12385E-1 5.19387E-1 6.77351E-1 7.88189E-1 7.66032E-1 7.31703E-1 7.75387E-1 8.01669E-1 7.30927E-1 4.95112E-1 4.91567E-1 6.62994E-1 6.70391E-1 4.89916E-1 7.4252E-1 7.62061E-1 4.09699E-1 4.23668E-1 4.68833E-1 6.53286E-1 7.53123E-1 7.3E-1 6.56252E-1 6.4803E-1 7.00833E-1 6.83151E-1 4.79688E-1 3.85571E-1 2.44044E-1 1.66179E-1 1.24576E-1 1.0557E-1 9.84178E-2 6.78254E-2 6.98249E-2 7.273E-2 7.42797E-2 2.31876E-1 5.8077E-1 6.31719E-1 6.40933E-1 5.43926E-1 5.66424E-1 7.05942E-1 4.34276E-1 1.08109E-1
4.50119E-1 5.05154E-1 6.64014E-1 4.83737E-1 3.99083E-1 4.36501E-1 4.75323E-1 4.23056E-1 4.59666E-1 6.65666E-1 7.53165E-1 7.62633E-1 3.97018E-1 2.92009E-1 5.60248E-1 7.50261E-1 7.01254E-1 6.36154E-1 6.30125E-1 7.44349E-1 7.81971E-1 6.70381E-1 7.36926E-1 7.265E-1 7.95177E-1 8.19188E-1 5.59722E-1 6.37192E-1 6.40109E-1 5.53601E-1 3.38868E-1 3.60683E-1 4.81778E-1 6.84589E-1 7.29866E-1 7.90117E-1 8.30929E-1 6.75223E-1 6.0668E-1 6.24931E-1 6.26708E-1 3.34774E-1 2.0436E-1 1.41326E-1 9.81165E-2 8.28249E-2 7.12631E-2 6.16433E-2 4.81609E-2 5.50292E-2 2.18275E-1 6.16134E-1 6.81869E-1 7.8419E-1 8.36237E-1 6.06863E-1 7.73241E-1 6.41703E-1 2.07445E-1
5.67957E-1 5.47753E-1 6.75694E-1 5.82683E-1 2.83967E-1 3.48228E-1 3.67358E-1 3.85387E-1 4.63615E-1 6.85531E-1 7.61806E-1 7.554E-1 3.31011E-1 3.98199E-1 7.16625E-1 7.10955E-1 5.86528E-1 5.62073E-1 6.63694E-1 7.63101E-1 6.67241E-1 8.24121E-1 8.61607E-1 8.538E-1 6.35689E-1 6.76559E-1 5.76008E-1 8.69961E-1 7.89168E-1 6.45942E-1 4.20957E-1 4.45037E-1 5.60614E-1 5.75019E-1 7.41019E-1 8.67347E-1 6.74669E-1 6.79102E-1 6.16425E-1 5.08176E-1 3.51085E-1 3.05638E-1 1.96051E-1 1.36466E-1 1.17934E-1 1.23522E-1 9.37359E-2 7.15093E-2 5.95401E-2 6.57784E-2 3.21699E-1 6.17184E-1 6.55866E-1 7.77894E-1 8.57702E-1 6.6384E-1 7.51977E-1 7.52542E-1 4.33067E-1
4.47736E-1 5.02643E-1 4.8756E-1 3.5573E-1 2.71984E-1 2.55442E-1 3.6353E-1 4.45494E-1 5.24708E-1 6.61554E-1 5.16564E-1 3.88657E-1 3.04515E-1 4.52945E-1 6.29565E-1 6.17689E-1 6.69049E-1 5.89177E-1 6.65092E-1 4.74455E-1 5.37453E-1 7.37121E-1 7.78619E-1 8.48998E-1 6.8219E-1 3.83732E-1 8.26604E-1 6.95928E-1 6.58377E-1 6.20251E-1 5.20512E-1 4.90002E-1 5.57017E-1 5.35172E-1 7.27761E-1 6.99494E-1 6.13624E-1 6.69185E-1 5.25076E-1 3.42274E-1 2.38357E-1 2.13661E-1 2.22683E-1 1.61176E-1 1.71869E-1 1.52066E-1 1.03034E-1 7.77271E-2 7.56528E-2 7.13152E-2 2.1846E-1 5.68347E-1 6.33177E-1 6.86418E-1 6.94073E-1 7.362E-1 7.50042E-1 6.77591E-1 5.73361E-1
3.40151E-1 2.99849E-1 3.02905E-1 2.90742E-1 2.66315E-1 3.20017E-1 3.92864E-1 6.13022E-1 7.21424E-1 7.02195E-1 5.30834E-1 3.48685E-1 3.3038E-1 4.65286E-1 5.43748E-1 6.01018E-1 6.50198E-1 5.55282E-1 5.62453E-1 6.80394E-1 6.88627E-1 8.15149E-1 7.5466E-1 5.4714E-1 3.18168E-1 5.39417E-1 7.75339E-1 8.60354E-1 7.50665E-1 4.59829E-1 3.85423E-1 4.26479E-1 4.99859E-1 7.43752E-1 7.66077E-1 5.52391E-1 6.24769E-1 6.21942E-1 5.14446E-1 3.16619E-1 2.81878E-1 2.62602E-1 2.33696E-1 2.03577E-1 2.08611E-1 1.5211E-1 1.23405E-1 9.55386E-2 8.1235E-2 6.91989E-2 1.82181E-1 3.75678E-1 6.15229E-1 6.54489E-1 6.20023E-1 7.6723E-1 6.58057E-1 8.54989E-1 6.34873E-1
5.74731E-1 3.56917E-1 2.75927E-1 2.53841E-1 3.34584E-1 3.52684E-1 5.4832E-1 7.55464E-1 7.63692E-1 6.07604E-1 4.21259E-1 4.26687E-1 4.98104E-1 6.05092E-1 7.39519E-1 7.14339E-1 5.85052E-1 5.68828E-1 4.62088E-1 6.3453E-1 6.22058E-1 5.47842E-1 6.48298E-1 5.40376E-1 1.94801E-1 7.31366E-1 7.52478E-1 8.52541E-1 6.09511E-1 5.2668E-1 4.93447E-1 5.62847E-1 7.89739E-1 7.6949E-1 5.49259E-1 4.82545E-1 4.63955E-1 2.43099E-1 1.93111E-1 3.20169E-1 4.31485E-1 3.67591E-1 2.7253E-1 2.69005E-1 2.53848E-1 1.42117E-1 1.2531E-1 1.16762E-1 9.63378E-2 1.13613E-1 3.81746E-1 5.36499E-1 6.15778E-1 6.67342E-1 4.53521E-1 7.37559E-1 6.91538E-1 8.46838E-1 6.08777E-1
5.50291E-1 5.92357E-1 5.53831E-1 3.36239E-1 3.15433E-1 3.21499E-1 4.2129E-1 7.9626E-1 7.90209E-1 5.69603E-1 4.67171E-1 4.10876E-1 4.37945E-1 6.85581E-1 7.61194E-1 7.6396E-1 6.87777E-1 6.09534E-1 4.33779E-1 4.926E-1 6.47446E-1 6.0776E-1 6.90443E-1 4.91228E-1 2.13347E-1 7.49612E-1 7.71526E-1 7.79368E-1 6.40373E-1 6.80288E-1 5.29406E-1 5.14221E-1 6.8787E-1 3.83896E-1 3.87621E-1 4.32567E-1 3.52784E-1 3.31597E-1 2.74863E-1 5.41109E-1 4.75679E-1 4.5762E-1 3.09768E-1 2.46303E-1 1.93806E-1 1.83692E-1 1.54827E-1 1.24867E-1 1.06422E-1 2.92235E-1 6.05192E-1 6.9339E-1 7.26388E-1 7.30713E-1 4.6296E-1 5.52853E-1 5.66534E-1 5.30253E-1 6.07665E-1
4.21868E-1 4.85872E-1 5.68464E-1 3.88446E-1 4.48954E-1 3.01484E-1 2.82421E-1 5.93953E-1 8.19513E-1 5.56774E-1 3.58614E-1 3.38858E-1 3.43257E-1 4.01016E-1 6.7571E-1 5.9789E-1 6.574E-1 6.12835E-1 5.63952E-1 5.38642E-1 8.80809E-1 8.0706E-1 8.71823E-1 5.86179E-1 4.81008E-1 7.74307E-1 6.9808E-1 5.70219E-1 6.10942E-1 8.58374E-1 8.32693E-1 5.73141E-1 6.8631E-1 3.10307E-1 3.18657E-1 3.10052E-1 3.44638E-1 3.38822E-1 3.18679E-1 5.48108E-1 5.15668E-1 3.46529E-1 2.63412E-1 1.60012E-1 1.6044E-1 1.54922E-1 1.55731E-1 1.32449E-1 1.34428E-1 4.22358E-1 4.86212E-1 5.09302E-1 7.65331E-1 7.82724E-1 6.61581E-1 6.31831E-1 6.07427E-1 6.96608E-1 7.68128E-1
3.25536E-1 4.67307E-1 4.67139E-1 4.91749E-1 8.07819E-1 5.15218E-1 2.89114E-1 7.35176E-1 7.35049E-1 3.96077E-1 3.10434E-1 3.24843E-1 3.22921E-1 3.48975E-1 5.3484E-1 4.76783E-1 5.54469E-1 5.76403E-1 7.04062E-1 7.39135E-1 7.96846E-1 8.01273E-1 7.82727E-1 6.39361E-1 6.6833E-1 7.64186E-1 7.67345E-1 7.66189E-1 5.36933E-1 8.815E-1 7.95657E-1 7.40312E-1 7.40866E-1 3.25732E-1 1.87952E-1 2.3223E-1 3.09056E-1 2.85995E-1 2.8704E-1 3.84169E-1 2.81826E-1 2.12907E-1 1.56428E-1 1.54342E-1 1.33226E-1 1.30139E-1 1.16273E-1 1.20966E-1 3.4067E-1 5.88008E-1 7.28206E-1 5.6442E-1 6.80137E-1 8.57412E-1 9.19924E-1 7.69554E-1 6.6031E-1 6.79995E-1 8.11746E-1
3.53772E-1 6.19142E-1 4.07009E-1 4.60873E-1 7.51388E-1 4.87757E-1 4.85131E-1 6.74964E-1 3.80213E-1 3.43116E-1 4.48538E-1 5.72743E-1 4.19252E-1 3.72034E-1 3.32853E-1 5.12816E-1 5.28327E-1 6.27869E-1 7.69025E-1 8.39966E-1 8.63756E-1 7.84051E-1 7.91239E-1 4.67753E-1 5.78329E-1 6.87948E-1 7.60767E-1 7.28364E-1 8.49779E-1 8.07498E-1 7.61345E-1 6.75185E-1 6.93671E-1 4.2288E-1 2.64636E-1 2.41129E-1 2.66136E-1 3.29633E-1 6.77704E-1 5.99918E-1 2.40555E-1 1.47022E-1 1.16321E-1 1.33335E-1 1.16445E-1 1.30279E-1 1.17398E-1 2.92265E-1 5.81938E-1 6.63099E-1 7.56671E-1 7.71668E-1 8.09766E-1 8.75669E-1 8.97282E-1 7.60458E-1 5.89735E-1 6.05186E-1 6.63506E-1
3.79259E-1 4.21104E-1 3.58151E-1 5.63675E-1 7.73444E-1 8.34563E-1 8.72078E-1 5.08443E-1 2.08006E-1 3.18799E-1 5.30594E-1 7.10452E-1 4.74753E-1 3.20927E-1 3.59216E-1 5.5273E-1 5.64119E-1 4.90028E-1 4.60996E-1 7.11129E-1 7.88089E-1 8.05883E-1 8.21581E-1 6.38349E-1 5.49878E-1 6.83021E-1 7.22695E-1 5.99966E-1 9.02176E-1 8.30214E-1 7.62591E-1 8.3181E-1 7.60045E-1 5.65937E-1 3.92068E-1 2.92969E-1 2.35448E-1 3.97418E-1 7.85066E-1 7.55929E-1 4.02695E-1 1.7308E-1 1.27946E-1 1.30531E-1 1.13426E-1 1.10239E-1 1.68075E-1 4.57779E-1 6.80069E-1 7.06779E-1 7.55289E-1 8.02651E-1 8.57104E-1 8.00771E-1 8.09263E-1 6.64556E-1 5.49761E-1 5.56445E-1 6.30665E-1
2.89561E-1 3.61379E-1 3.58391E-1 7.34968E-1 7.81186E-1 8.40159E-1 8.57347E-1 5.41956E-1 2.0773E-1 3.23639E-1 6.06209E-1 6.70398E-1 4.09438E-1 3.44263E-1 3.91184E-1 5.33102E-1 4.6949E-1 4.77413E-1 4.46514E-1 7.45442E-1 7.43301E-1 7.78325E-1 7.60169E-1 4.91374E-1 4.22666E-1 5.77652E-1 4.57037E-1 4.2679E-1 7.33712E-1 7.38976E-1 7.61415E-1 7.60466E-1 7.62516E-1 4.60837E-1 4.30603E-1 2.83492E-1 3.5629E-1 4.97637E-1 7.83385E-1 9.28206E-1 7.86952E-1 4.50813E-1 1.99111E-1 1.76713E-1 1.86858E-1 1.4637E-1 2.46862E-1 5.50826E-1 6.56133E-1 7.44987E-1 8.01121E-1 8.27114E-1 9.3497E-1 6.98092E-1 7.55518E-1 6.76089E-1 6.26561E-1 6.00456E-1 5.69428E-1
3.68079E-1 3.83801E-1 4.14243E-1 6.11982E-1 5.68761E-1 5.75919E-1 5.08688E-1 6.05953E-1 5.7334E-1 5.58565E-1 4.9275E-1 4.61909E-1 4.16933E-1 4.78824E-1 4.65985E-1 4.16424E-1 4.46162E-1 5.59959E-1 7.16609E-1 7.10311E-1 7.3305E-1 6.99753E-1 5.49482E-1 3.91432E-1 3.041E-1 4.5037E-1 4.55643E-1 3.6825E-1 6.61183E-1 7.30228E-1 7.66606E-1 7.06455E-1 5.32805E-1 3.63245E-1 3.09258E-1 2.99944E-1 5.42295E-1 6.05596E-1 8.82538E-1 9.43194E-1 7.74144E-1 7.41103E-1 4.16266E-1 2.70407E-1 1.79187E-1 2.10886E-1 5.51093E-1 5.99731E-1 6.67105E-1 7.27736E-1 7.98056E-1 8.37353E-1 8.49638E-1 7.67809E-1 8.18272E-1 7.26605E-1 7.11432E-1 6.60632E-1 5.90171E-1
