Phytophthora/models/20240604_1618_19/Phytophthora_PA3_RUN6_MAXENT_outputs/projMaxent.asc
ncols         225
nrows         269
xllcorner     473009.9838
yllcorner     4429051.1748
cellsize      50.0
NODATA_value  -9999
[rows 26 to 51 of 269, columns 0 to 58 of 225]
-9999 -9999 -9999 -9999 -9999 -9999 -9999 -9999 -9999 -9999 -9999 -9999 -9999 -9999 -9999 -9999 -9999 -9999 -9999 -9999 -9999 -9999 -9999 -9999 -9999 -9999 -9999 -9999 -9999 -9999 -9999 -9999 -9999 -9999 -9999 -9999 -9999 -9999 2.11533E-2 1.12704E-2 7.95028E-3 4.27421E-3 7.01746E-3 1.55819E-2 1.4795E-2 1.20218E-2 1.11512E-2 6.86924E-3 1.32634E-2 1.70639E-2 1.10141E-2 8.20175E-3 7.38011E-3 6.10071E-3 3.15491E-3 2.42454E-3 2.47839E-3 1.74069E-3 1.60925E-3
-9999 -9999 -9999 -9999 -9999 -9999 -9999 -9999 -9999 -9999 -9999 -9999 -9999 -9999 -9999 -9999 -9999 -9999 -9999 -9999 -9999 -9999 -9999 -9999 -9999 -9999 -9999 -9999 -9999 -9999 -9999 -9999 -9999 -9999 -9999 -9999 -9999 -9999 1.96103E-2 1.11236E-2 7.58635E-3 9.4244E-3 1.2605E-2 1.65636E-2 1.68744E-2 1.23057E-2 8.0808E-3 8.1809E-3 9.79635E-3 1.4739E-2 8.91359E-3 4.98259E-3 3.75711E-3 3.49181E-3 2.46924E-3 2.06115E-3 2.02089E-3 1.75063E-3 1.86527E-3
-9999 -9999 -9999 -9999 -9999 -9999 -9999 -9999 -9999 -9999 -9999 -9999 -9999 -9999 -9999 -9999 -9999 -9999 -9999 -9999 -9999 -9999 -9999 -9999 -9999 -9999 -9999 -9999 -9999 -9999 -9999 -9999 -9999 -9999 -9999 -9999 -9999 -9999 9.25698E-3 6.54815E-3 7.14908E-3 1.47569E-2 2.34903E-2 3.74171E-2 2.07036E-2 1.04478E-2 1.31291E-2 8.95838E-3 8.56155E-3 4.48876E-3 4.65241E-3 3.75007E-3 2.76258E-3 2.71411E-3 2.31718E-3 2.24045E-3 2.38091E-3 3.34378E-3 2.34174E-3
-9999 -9999 -9999 -9999 -9999 -9999 -9999 -9999 -9999 -9999 -9999 -9999 -9999 -9999 -9999 -9999 -9999 -9999 -9999 -9999 -9999 -9999 -9999 -9999 -9999 -9999 -9999 -9999 -9999 -9999 -9999 -9999 -9999 -9999 -9999 6.01691E-3 4.43176E-3 5.64338E-3 5.4876E-3 5.87074E-3 6.00161E-3 9.92249E-3 1.19509E-2 1.15746E-2 9.25539E-3 9.04482E-3 1.25058E-2 7.5946E-3 4.85525E-3 4.31942E-3 2.72007E-3 2.40063E-3 2.27421E-3 2.44262E-3 2.57653E-3 2.66913E-3 2.10704E-3 2.8684E-3 2.67613E-3
-9999 -9999 -9999 -9999 -9999 -9999 -9999 -9999 -9999 -9999 -9999 -9999 -9999 -9999 -9999 -9999 -9999 -9999 -9999 -9999 -9999 -9999 -9999 -9999 -9999 -9999 -9999 -9999 -9999 -9999 -9999 -9999 -9999 -9999 3.42046E-3 3.969E-3 1.07563E-2 1.25101E-2 9.08007E-3 6.41813E-3 5.71661E-3 9.45702E-3 1.00697E-2 5.81961E-3 6.43893E-3 8.63877E-3 1.21227E-2 5.08309E-3 2.63291E-3 3.5119E-3 2.17035E-3 1.39424E-3 1.87489E-3 2.20494E-3 1.96792E-3 1.81673E-3 2.59825E-3 3.45176E-3 4.91992E-3
-9999 -9999 -9999 -9999 -9999 -9999 -9999 -9999 -9999 -9999 -9999 -9999 -9999 -9999 -9999 -9999 -9999 -9999 -9999 -9999 -9999 -9999 -9999 -9999 -9999 -9999 -9999 -9999 -9999 -9999 -9999 -9999 -9999 4.78959E-3 3.48615E-3 5.03387E-3 8.62631E-3 1.223E-2 7.60116E-3 9.02452E-3 1.1831E-2 1.22343E-2 7.51516E-3 5.56683E-3 6.28029E-3 5.62875E-3 3.98094E-3 3.13434E-3 3.43897E-3 3.21383E-3 1.81693E-3 1.31389E-3 2.04419E-3 2.08527E-3 1.56621E-3 1.55501E-3 5.01796E-3 7.9005E-3 1.03501E-2
-9999 -9999 -9999 -9999 -9999 -9999 -9999 -9999 -9999 -9999 -9999 -9999 -9999 -9999 -9999 -9999 -9999 -9999 -9999 -9999 -9999 -9999 -9999 -9999 -9999 -9999 -9999 -9999 -9999 -9999 -9999 -9999 5.12581E-3 4.11619E-3 4.19427E-3 7.31845E-3 6.9596E-3 8.67021E-3 5.80841E-3 9.86782E-3 1.19219E-2 8.14781E-3 5.14564E-3 4.17174E-3 4.02838E-3 3.11913E-3 2.03804E-3 2.5462E-3 2.57909E-3 1.93232E-3 2.77914E-3 1.5857E-3 1.54699E-3 2.39262E-3 1.82303E-3 3.33915E-3 8.54476E-3 1.10015E-2 1.34738E-2
-9999 -9999 -9999 -9999 -9999 -9999 -9999 -9999 -9999 -9999 -9999 -9999 -9999 -9999 -9999 -9999 -9999 -9999 -9999 -9999 -9999 -9999 -9999 -9999 -9999 -9999 -9999 -9999 -9999 -9999 -9999 8.61474E-3 8.32801E-3 5.05099E-3 9.34734E-3 8.86318E-3 6.31758E-3 6.68424E-3 9.35082E-3 1.28917E-2 9.00302E-3 5.2281E-3 4.26028E-3 3.20094E-3 2.76817E-3 2.58042E-3 2.00235E-3 1.65391E-3 1.72844E-3 4.17252E-3 3.68342E-3 2.23876E-3 1.97123E-3 2.47696E-3 2.18481E-3 3.01891E-3 8.64538E-3 6.45852E-3 1.10203E-2
-9999 -9999 -9999 -9999 -9999 -9999 -9999 -9999 -9999 -9999 -9999 -9999 -9999 -9999 -9999 -9999 -9999 -9999 -9999 -9999 -9999 -9999 -9999 -9999 -9999 -9999 -9999 -9999 -9999 -9999 2.16096E-2 8.90813E-3 6.70604E-3 8.36771E-3 1.217E-2 1.06703E-2 6.42263E-3 1.10354E-2 1.82743E-2 1.32566E-2 1.05463E-2 5.28129E-3 3.83672E-3 3.45498E-3 2.33013E-3 2.51572E-3 1.8887E-3 1.51385E-3 3.16505E-3 8.76897E-3 6.30482E-3 2.77597E-3 2.6194E-3 3.22228E-3 3.40006E-3 7.76721E-3 9.82725E-3 8.76785E-3 7.80187E-3
-9999 -9999 -9999 -9999 -9999 -9999 -9999 -9999 -9999 -9999 -9999 -9999 -9999 -9999 -9999 -9999 -9999 -9999 -9999 -9999 -9999 -9999 -9999 -9999 -9999 -9999 -9999 -9999 -9999 -9999 4.6342E-2 1.0124E-2 7.63761E-3 1.70135E-2 1.48206E-2 1.69451E-2 1.69619E-2 2.8806E-2 1.33559E-2 1.50454E-2 1.62301E-2 1.35077E-2 4.87988E-3 3.3716E-3 2.54357E-3 2.3994E-3 2.2816E-3 1.89044E-3 3.43596E-3 7.15004E-3 8.35694E-3 4.12688E-3 3.77362E-3 4.26343E-3 6.18372E-3 7.20551E-3 4.1781E-3 4.62728E-3 6.02658E-3
-9999 -9999 -9999 -9999 -9999 -9999 -9999 -9999 -9999 -9999 -9999 -9999 -9999 -9999 -9999 -9999 -9999 -9999 -9999 -9999 -9999 -9999 -9999 -9999 -9999 -9999 -9999 -9999 -9999 9.22477E-2 5.51925E-2 2.68016E-2 1.95535E-2 1.58441E-2 1.28545E-2 3.34535E-2 2.58549E-2 2.9031E-2 2.33608E-2 1.86508E-2 1.37306E-2 8.87111E-3 9.59278E-3 9.7325E-3 3.48081E-3 2.79472E-3 2.77633E-3 3.44483E-3 3.81803E-3 6.35163E-3 6.37198E-3 8.34061E-3 7.01221E-3 1.05903E-2 1.49715E-2 1.21189E-2 2.76432E-3 2.96261E-3 4.36594E-3
-9999 -9999 -9999 -9999 -9999 -9999 -9999 -9999 -9999 -9999 -9999 -9999 -9999 -9999 -9999 -9999 -9999 -9999 -9999 -9999 -9999 -9999 -9999 -9999 -9999 -9999 -9999 -9999 -9999 -9999 7.05718E-2 3.73668E-2 1.6227E-2 2.75804E-2 3.1347E-2 3.19269E-2 5.03435E-2 1.79599E-2 1.39995E-2 1.05596E-2 9.06406E-3 6.38782E-3 1.00197E-2 1.10744E-2 4.4584E-3 3.52435E-3 3.80943E-3 3.90963E-3 4.29417E-3 7.99242E-3 1.01511E-2 1.52536E-2 9.35402E-3 1.64788E-2 1.34605E-2 7.03627E-3 3.03523E-3 2.89598E-3 3.03997E-3
-9999 -9999 -9999 -9999 -9999 -9999 -9999 -9999 -9999 -9999 -9999 -9999 -9999 -9999 -9999 -9999 -9999 -9999 -9999 -9999 -9999 -9999 -9999 -9999 -9999 -9999 -9999 -9999 -9999 -9999 7.35364E-2 5.9908E-2 4.3167E-2 2.34364E-2 1.42499E-2 3.32961E-2 3.42262E-2 2.01528E-2 2.43831E-2 1.04231E-2 8.17156E-3 3.94245E-3 6.64167E-3 7.96997E-3 6.68959E-3 7.5355E-3 7.46152E-3 5.68643E-3 4.07995E-3 8.59512E-3 1.43606E-2 1.46557E-2 1.33929E-2 1.18334E-2 1.07063E-2 4.89958E-3 5.4238E-3 3.99722E-3 3.07769E-3
-9999 -9999 -9999 -9999 -9999 -9999 -9999 -9999 -9999 -9999 -9999 -9999 -9999 -9999 -9999 -9999 -9999 -9999 -9999 -9999 -9999 -9999 -9999 -9999 -9999 -9999 -9999 -9999 -9999 -9999 2.48038E-2 3.22778E-2 3.50466E-2 1.6014E-2 1.09682E-2 2.18638E-2 3.00288E-2 2.41754E-2 2.68357E-2 5.67023E-3 6.1283E-3 4.5095E-3 7.05578E-3 9.25755E-3 6.84384E-3 6.24206E-3 9.33795E-3 7.72354E-3 1.05929E-2 2.25308E-2 2.58408E-2 2.7876E-2 2.35054E-2 2.05908E-2 1.58231E-2 1.15825E-2 8.03563E-3 3.74568E-3 4.70081E-3
-9999 -9999 -9999 -9999 -9999 -9999 -9999 -9999 -9999 -9999 -9999 -9999 -9999 -9999 -9999 -9999 -9999 -9999 -9999 -9999 -9999 -9999 -9999 -9999 -9999 -9999 -9999 -9999 -9999 -9999 1.74098E-2 3.31302E-2 2.12516E-2 1.80649E-2 1.2808E-2 1.6285E-2 1.5514E-2 1.92662E-2 2.42041E-2 1.08612E-2 6.50202E-3 6.43211E-3 9.6443E-3 1.25078E-2 9.57501E-3 9.26667E-3 1.73712E-2 2.21163E-2 1.77221E-2 3.85931E-2 1.17471E-1 7.02975E-2 7.53102E-2 9.15283E-2 7.97252E-2 3.70801E-2 2.42515E-2 1.44279E-2 1.64619E-2
-9999 -9999 -9999 -9999 -9999 -9999 -9999 -9999 -9999 -9999 -9999 -9999 -9999 -9999 -9999 -9999 -9999 -9999 -9999 -9999 -9999 -9999 -9999 -9999 -9999 -9999 -9999 -9999 1.52883E-2 3.317E-2 4.37824E-2 3.40848E-2 3.0182E-2 3.34947E-2 2.59967E-2 1.60221E-2 1.38137E-2 3.05279E-2 2.53821E-2 2.30162E-2 2.70185E-2 3.25018E-2 5.03076E-2 3.39758E-2 2.13743E-2 1.75177E-2 3.05037E-2 5.97081E-2 4.40234E-2 7.04068E-2 1.07933E-1 1.07365E-1 9.71266E-2 1.2768E-1 1.31257E-1 5.40933E-2 5.09398E-2 3.56372E-2 2.73857E-2
-9999 -9999 -9999 -9999 -9999 -9999 -9999 -9999 -9999 -9999 -9999 -9999 -9999 -9999 -9999 -9999 -9999 -9999 -9999 -9999 -9999 -9999 -9999 -9999 -9999 -9999 4.85258E-2 1.54069E-2 2.26916E-2 6.38984E-2 1.2541E-1 9.61339E-2 8.34569E-2 7.79428E-2 8.13802E-2 5.2084E-2 4.78123E-2 3.58315E-2 2.0368E-2 2.05794E-2 3.96714E-2 6.72511E-2 7.97989E-2 5.2261E-2 2.91103E-2 2.99216E-2 3.17067E-2 5.14697E-2 1.01334E-1 1.02082E-1 1.07365E-1 1.22902E-1 1.75724E-1 1.91559E-1 1.48795E-1 1.05574E-1 9.11149E-2 6.31936E-2 3.54009E-2
-9999 -9999 -9999 -9999 -9999 -9999 -9999 -9999 -9999 -9999 -9999 -9999 -9999 -9999 -9999 -9999 -9999 -9999 -9999 -9999 -9999 -9999 -9999 -9999 5.42193E-2 5.18594E-2 2.93397E-2 3.79029E-2 6.18684E-2 8.75102E-2 1.06049E-1 1.15095E-1 1.20396E-1 1.35403E-1 1.22228E-1 9.85528E-2 7.11922E-2 4.40649E-2 2.83252E-2 2.7611E-2 4.45526E-2 5.11866E-2 5.59874E-2 5.23226E-2 3.68037E-2 5.10448E-2 5.53656E-2 4.47019E-2 8.71711E-2 1.22876E-1 1.08598E-1 1.22227E-1 1.38291E-1 1.83554E-1 9.95341E-2 4.13562E-2 7.84152E-2 7.59901E-2 3.26581E-2
-9999 -9999 -9999 -9999 -9999 -9999 -9999 -9999 -9999 -9999 -9999 -9999 -9999 -9999 -9999 -9999 -9999 -9999 -9999 -9999 -9999 -9999 -9999 -9999 3.28381E-2 3.27497E-2 4.19435E-2 5.41727E-2 6.00505E-2 6.57791E-2 1.10816E-1 1.32459E-1 1.35326E-1 1.46398E-1 1.773E-1 1.11813E-1 6.28569E-2 5.8914E-2 7.11209E-2 1.25397E-1 1.22446E-1 8.0277E-2 1.06907E-1 9.75644E-2 7.35632E-2 4.86564E-2 6.18796E-2 9.74506E-2 9.70896E-2 9.4518E-2 1.12402E-1 1.30022E-1 1.36888E-1 1.46292E-1 6.93064E-2 4.3359E-2 5.34058E-2 5.84723E-2 4.45795E-2
-9999 -9999 -9999 -9999 -9999 -9999 -9999 -9999 -9999 -9999 -9999 -9999 -9999 -9999 -9999 -9999 -9999 -9999 -9999 -9999 -9999 -9999 -9999 -9999 1.85586E-2 4.35619E-2 6.12478E-2 5.60204E-2 7.21497E-2 4.61788E-2 1.08826E-1 1.29117E-1 1.54371E-1 1.40068E-1 1.7225E-1 1.14243E-1 6.43687E-2 1.34696E-1 1.66064E-1 1.22437E-1 1.03888E-1 8.88141E-2 9.66862E-2 8.39461E-2 6.65864E-2 7.29299E-2 7.32723E-2 8.69352E-2 1.3108E-1 1.43334E-1 1.09836E-1 8.90155E-2 1.39469E-1 1.28207E-1 8.44226E-2 5.73628E-2 3.56534E-2 4.72313E-2 5.034E-2
-9999 -9999 -9999 -9999 -9999 -9999 -9999 -9999 -9999 -9999 -9999 -9999 -9999 -9999 -9999 -9999 -9999 -9999 -9999 -9999 -9999 -9999 -9999 -9999 2.64242E-2 5.07437E-2 1.51826E-1 1.59477E-1 9.64413E-2 1.20064E-1 9.74531E-2 1.51189E-1 1.30903E-1 1.0823E-1 1.18149E-1 1.31215E-1 1.82733E-1 1.16074E-1 1.40967E-1 1.06879E-1 9.83019E-2 9.15122E-2 9.1786E-2 8.03674E-2 7.28754E-2 8.01848E-2 8.62495E-2 9.24325E-2 1.2007E-1 1.51351E-1 1.33983E-1 9.23488E-2 1.30511E-1 1.16447E-1 7.93946E-2 8.65087E-2 7.33806E-2 6.8645E-2 8.76718E-2
-9999 -9999 -9999 -9999 -9999 -9999 -9999 -9999 -9999 -9999 -9999 -9999 -9999 -9999 -9999 -9999 -9999 -9999 -9999 -9999 -9999 -9999 -9999 2.40454E-2 3.635E-2 3.87061E-2 1.30756E-1 1.57039E-1 1.48718E-1 1.34261E-1 1.05394E-1 1.04498E-1 1.0741E-1 1.06369E-1 1.16138E-1 1.28961E-1 1.61212E-1 1.51368E-1 1.2751E-1 1.16956E-1 1.04763E-1 1.03587E-1 8.52807E-2 7.80584E-2 7.75978E-2 8.15688E-2 9.35688E-2 1.01938E-1 1.34191E-1 1.35337E-1 1.24375E-1 1.29363E-1 7.98815E-2 8.11174E-2 8.50465E-2 8.08943E-2 7.8799E-2 9.53888E-2 6.48729E-2
-9999 -9999 -9999 -9999 -9999 -9999 -9999 -9999 -9999 -9999 -9999 -9999 -9999 -9999 -9999 -9999 -9999 -9999 -9999 -9999 -9999 -9999 -9999 2.58884E-2 2.87648E-2 4.17402E-2 8.16781E-2 1.04185E-1 9.23661E-2 8.88845E-2 9.5939E-2 1.0168E-1 1.01437E-1 1.15098E-1 1.30075E-1 1.36054E-1 1.39508E-1 1.45112E-1 1.39173E-1 1.21857E-1 1.1715E-1 1.09233E-1 9.6218E-2 9.25333E-2 9.62315E-2 1.06593E-1 1.06402E-1 9.6474E-2 1.17459E-1 1.44954E-1 1.29514E-1 8.56734E-2 7.60457E-2 7.66938E-2 8.34174E-2 8.21889E-2 7.60871E-2 7.68947E-2 3.69444E-2
-9999 -9999 -9999 -9999 -9999 -9999 -9999 -9999 -9999 -9999 -9999 -9999 -9999 -9999 -9999 -9999 -9999 -9999 -9999 -9999 -9999 -9999 3.38564E-2 3.10248E-2 3.59842E-2 4.72105E-2 8.37951E-2 1.0721E-1 1.0186E-1 9.6108E-2 1.07007E-1 1.1731E-1 1.20603E-1 1.2723E-1 1.30221E-1 1.38267E-1 1.44977E-1 1.47849E-1 1.39777E-1 1.37187E-1 1.23076E-1 1.19365E-1 1.08572E-1 1.1616E-1 1.19477E-1 1.18129E-1 1.13904E-1 1.08752E-1 8.70855E-2 1.06034E-1 8.909E-2 8.22654E-2 6.33601E-2 6.33903E-2 4.79698E-2 3.8412E-2 7.4482E-2 6.41339E-2 2.96126E-2
-9999 -9999 -9999 -9999 -9999 -9999 -9999 -9999 -9999 -9999 -9999 -9999 -9999 -9999 -9999 -9999 -9999 -9999 -9999 -9999 -9999 -9999 2.33214E-2 2.86134E-2 5.86486E-2 1.07156E-1 9.82596E-2 6.54241E-2 5.10522E-2 6.87552E-2 5.30205E-2 5.00026E-2 9.79417E-2 1.2304E-1 1.34087E-1 8.4468E-2 1.17099E-1 1.50402E-1 1.51298E-1 1.48478E-1 1.32563E-1 1.42736E-1 2.11659E-1 1.81143E-1 1.40137E-1 1.20602E-1 9.25502E-2 1.00776E-1 6.7408E-2 4.7265E-2 4.74024E-2 6.01333E-2 5.40851E-2 6.02372E-2 4.49741E-2 5.5504E-2 5.97341E-2 4.3052E-2 2.70914E-2
-9999 -9999 -9999 -9999 -9999 -9999 -9999 -9999 -9999 -9999 -9999 -9999 -9999 -9999 -9999 -9999 -9999 -9999 -9999 -9999 -9999 -9999 2.43435E-2 3.12866E-2 7.04255E-2 9.97474E-2 6.16322E-2 3.71041E-2 3.57597E-2 3.59619E-2 3.54822E-2 4.58466E-2 7.57186E-2 1.18105E-1 1.19039E-1 1.35813E-1 1.43492E-1 1.50337E-1 1.59966E-1 1.64418E-1 1.66018E-1 3.01266E-1 3.13375E-1 1.9015E-1 1.42856E-1 1.08377E-1 8.64981E-2 9.76389E-2 9.89486E-2 6.35615E-2 1.0484E-1 8.5083E-2 6.32865E-2 4.81121E-2 4.92989E-2 6.43608E-2 6.33441E-2 4.18204E-2 2.0147E-2
