Phytophthora/models/20240604_1618_19/Phytophthora_PA3_RUN6_MAXENT_outputs/projMaxent.asc
ncols         225
nrows         269
xllcorner     473009.9838
yllcorner     4429051.1748
cellsize      50.0
NODATA_value  -9999
[rows 130 to 155 of 269, columns 59 to 117 of 225]
2.21097E-1 2.52785E-1 2.56469E-1 4.03643E-1 6.27741E-1 2.77472E-1 2.62751E-1 3.88688E-1 4.79626E-1 3.3079E-1 3.99175E-1 5.77991E-1 4.84996E-1 6.1507E-1 6.35253E-1 6.6309E-1 3.34277E-1 1.75242E-1 1.91462E-1 2.29033E-1 2.95706E-1 2.54073E-1 1.46186E-1 9.19219E-2 8.14276E-2 1.05938E-1 1.13678E-1 2.35094E-1 2.2965E-1 2.40059E-1 1.79736E-1 1.25534E-1 1.52726E-1 1.9171E-1 2.32945E-1 3.07576E-1 2.73926E-1 1.69902E-1 1.49529E-1 2.01444E-1 3.33333E-1 2.00986E-1 1.30448E-1 2.52451E-1 4.01679E-1 2.42011E-1 3.21579E-1 5.58226E-1 3.53667E-1 2.46549E-1 1.74193E-1 2.7068E-1 3.59668E-1 3.97246E-1 5.07934E-1 5.02461E-1 4.76247E-1 6.11234E-1 3.81481E-1
3.15981E-1 2.83529E-1 2.73382E-1 4.0296E-1 3.97603E-1 3.76539E-1 3.50613E-1 2.83208E-1 3.44902E-1 2.60617E-1 3.48688E-1 4.14648E-1 2.88666E-1 4.21963E-1 5.61152E-1 4.67725E-1 3.52477E-1 1.69603E-1 1.97539E-1 2.09875E-1 3.80193E-1 4.21828E-1 4.74191E-1 2.02959E-1 1.97616E-1 2.90788E-1 2.90419E-1 2.7335E-1 2.62676E-1 2.60728E-1 8.78121E-2 7.78366E-2 8.28534E-2 1.05689E-1 1.11203E-1 1.28638E-1 2.05903E-1 1.95597E-1 2.82209E-1 2.97108E-1 2.33812E-1 2.241E-1 1.63323E-1 3.23895E-1 4.5018E-1 2.54924E-1 4.49908E-1 6.03459E-1 6.83967E-1 5.56047E-1 4.38096E-1 2.80719E-1 5.78485E-1 6.9165E-1 5.40675E-1 5.219E-1 5.34376E-1 4.74336E-1 5.38703E-1
4.33881E-1 3.4897E-1 2.89644E-1 1.91964E-1 5.35685E-1 5.78283E-1 3.27818E-1 2.26659E-1 2.64201E-1 3.37998E-1 4.03901E-1 4.78764E-1 5.73582E-1 3.90197E-1 5.50064E-1 2.59923E-1 2.93261E-1 2.64797E-1 1.6458E-1 1.75798E-1 2.66551E-1 2.51213E-1 2.75597E-1 2.64127E-1 3.57622E-1 4.30978E-1 3.73918E-1 3.6731E-1 3.63751E-1 1.6014E-1 6.50964E-2 5.98315E-2 6.54059E-2 7.08733E-2 7.66032E-2 1.02088E-1 1.29265E-1 2.47911E-1 3.03915E-1 3.52801E-1 3.87035E-1 4.81919E-1 2.92053E-1 3.3418E-1 4.42127E-1 3.73094E-1 3.39967E-1 5.0256E-1 6.60383E-1 6.43901E-1 6.93472E-1 4.63485E-1 7.24653E-1 5.80169E-1 5.21131E-1 5.41114E-1 5.83138E-1 4.4109E-1 4.65368E-1
4.17339E-1 3.68695E-1 3.72496E-1 3.74491E-1 4.46551E-1 5.06492E-1 3.54587E-1 3.14723E-1 3.555E-1 5.66221E-1 4.79369E-1 6.01566E-1 5.01363E-1 4.46769E-1 3.32697E-1 1.54708E-1 1.82926E-1 2.68567E-1 1.96107E-1 2.1646E-1 2.56599E-1 1.91005E-1 1.83252E-1 2.34911E-1 2.4634E-1 3.26441E-1 3.35088E-1 3.64062E-1 2.80395E-1 2.07907E-1 9.07305E-2 6.6609E-2 5.76963E-2 6.47308E-2 1.04913E-1 2.94352E-1 3.26485E-1 4.06201E-1 5.34216E-1 4.0364E-1 4.93973E-1 5.07132E-1 5.53601E-1 3.62105E-1 5.82655E-1 6.08901E-1 4.75632E-1 5.10387E-1 5.77301E-1 6.81822E-1 7.65357E-1 6.56694E-1 6.42448E-1 7.01208E-1 5.49361E-1 5.91257E-1 3.30096E-1 4.27409E-1 5.12955E-1
4.05249E-1 3.85235E-1 3.56521E-1 4.68709E-1 4.59461E-1 5.52053E-1 3.91389E-1 5.02085E-1 5.36622E-1 6.11118E-1 4.89096E-1 5.13822E-1 3.72855E-1 1.87251E-1 1.64999E-1 1.8425E-1 1.4747E-1 1.63022E-1 1.55064E-1 1.90176E-1 1.97804E-1 1.61194E-1 2.159E-1 1.60128E-1 1.74488E-1 2.37511E-1 2.5636E-1 3.52844E-1 3.35258E-1 1.38017E-1 7.32178E-2 5.3734E-2 5.73548E-2 6.12835E-2 1.27898E-1 2.76051E-1 3.11575E-1 2.93992E-1 2.74462E-1 2.89012E-1 4.93721E-1 4.82732E-1 5.75229E-1 5.53065E-1 5.52885E-1 5.76412E-1 4.69507E-1 4.96753E-1 5.80407E-1 6.91365E-1 7.13389E-1 6.39023E-1 6.3253E-1 5.83756E-1 6.5663E-1 4.28746E-1 2.62123E-1 3.83297E-1 3.29634E-1
3.36249E-1 4.15918E-1 4.63473E-1 5.46791E-1 5.65305E-1 5.82076E-1 4.19274E-1 7.81624E-1 6.56143E-1 4.8991E-1 4.6826E-1 3.80601E-1 2.07024E-1 1.19913E-1 8.06261E-2 1.17641E-1 1.26159E-1 1.40093E-1 1.34006E-1 1.32946E-1 1.33986E-1 1.50359E-1 2.07444E-1 1.78919E-1 1.8376E-1 2.07195E-1 3.03137E-1 3.93683E-1 2.57789E-1 8.99274E-2 6.82797E-2 4.96216E-2 4.76445E-2 5.91309E-2 8.49965E-2 1.47858E-1 1.58831E-1 2.02199E-1 3.61893E-1 3.25594E-1 3.5083E-1 4.67809E-1 4.33117E-1 6.37987E-1 5.87767E-1 5.47289E-1 5.43449E-1 5.4898E-1 5.74736E-1 6.57284E-1 7.11134E-1 6.16522E-1 6.31269E-1 7.85379E-1 6.35916E-1 3.27237E-1 2.65377E-1 3.96579E-1 2.80527E-1
4.61753E-1 5.49442E-1 6.53273E-1 5.03058E-1 6.1638E-1 6.28293E-1 5.76872E-1 7.04269E-1 7.31797E-1 7.0061E-1 4.35868E-1 1.90226E-1 1.72931E-1 8.92486E-2 9.52606E-2 8.94169E-2 1.15398E-1 1.06616E-1 1.31779E-1 1.43394E-1 1.82001E-1 1.9591E-1 1.59754E-1 1.88568E-1 1.71438E-1 1.3964E-1 1.32636E-1 1.22688E-1 1.27198E-1 8.28776E-2 8.42933E-2 5.64779E-2 5.491E-2 6.41996E-2 1.08209E-1 1.03409E-1 1.1373E-1 1.47253E-1 3.04882E-1 3.07211E-1 3.29955E-1 4.28544E-1 4.86346E-1 7.25006E-1 7.69301E-1 6.0773E-1 5.04526E-1 5.41893E-1 5.56002E-1 6.46841E-1 7.18986E-1 6.53322E-1 6.41059E-1 5.22327E-1 4.95329E-1 3.11892E-1 2.76868E-1 4.19683E-1 2.97638E-1
5.61839E-1 8.25914E-1 7.80889E-1 4.60036E-1 6.96658E-1 7.80779E-1 5.86028E-1 5.40836E-1 3.20176E-1 3.94231E-1 3.7296E-1 1.48443E-1 1.63831E-1 1.18382E-1 9.16676E-2 8.66936E-2 8.37337E-2 8.66698E-2 1.21986E-1 1.41609E-1 2.02686E-1 1.86886E-1 1.33101E-1 1.74212E-1 1.97125E-1 1.52399E-1 7.09834E-2 1.09688E-1 9.42698E-2 8.91719E-2 1.05071E-1 7.07813E-2 5.92506E-2 8.03432E-2 1.19033E-1 1.12748E-1 1.03305E-1 1.74597E-1 2.49852E-1 2.42858E-1 3.77569E-1 4.99312E-1 4.23974E-1 6.117E-1 6.33744E-1 6.23685E-1 5.98506E-1 5.22739E-1 6.35841E-1 4.9796E-1 7.50218E-1 7.06315E-1 5.89683E-1 3.52585E-1 4.06434E-1 3.527E-1 2.73034E-1 3.63324E-1 2.7747E-1
6.08762E-1 9.59666E-1 8.28944E-1 4.46789E-1 5.26497E-1 6.99036E-1 5.53623E-1 3.66731E-1 2.64016E-1 1.39753E-1 3.31429E-1 3.30099E-1 1.98678E-1 1.0102E-1 7.59333E-2 8.91319E-2 8.65332E-2 9.87462E-2 1.50926E-1 1.42866E-1 1.97805E-1 1.82354E-1 1.0272E-1 1.24068E-1 8.0817E-2 8.59487E-2 7.50356E-2 8.54914E-2 7.16326E-2 7.51272E-2 8.67684E-2 6.97678E-2 6.67003E-2 9.15308E-2 1.08987E-1 1.15275E-1 1.27419E-1 2.07413E-1 2.09653E-1 2.47035E-1 5.14248E-1 5.15663E-1 4.8092E-1 5.32043E-1 4.93804E-1 5.79628E-1 5.9688E-1 6.04048E-1 4.79656E-1 4.19909E-1 4.45258E-1 6.68621E-1 4.56242E-1 3.74039E-1 6.79558E-1 6.05783E-1 4.29489E-1 4.2508E-1 3.2856E-1
6.25285E-1 8.87925E-1 7.47786E-1 4.77552E-1 4.5661E-1 4.50816E-1 3.89865E-1 3.11114E-1 2.41797E-1 1.71575E-1 2.28448E-1 1.70288E-1 1.54636E-1 1.00636E-1 6.18418E-2 8.87889E-2 1.10354E-1 1.26735E-1 2.02943E-1 1.70485E-1 1.64957E-1 1.38743E-1 1.39429E-1 1.45811E-1 1.17097E-1 6.11779E-2 8.06732E-2 9.53922E-2 7.56689E-2 5.83058E-2 7.14863E-2 7.75867E-2 8.33876E-2 8.94389E-2 1.02746E-1 1.22849E-1 1.38394E-1 2.3003E-1 3.04024E-1 5.90853E-1 7.21684E-1 4.76885E-1 4.49386E-1 4.94484E-1 4.90481E-1 5.4388E-1 6.25919E-1 5.42969E-1 4.75697E-1 3.82889E-1 3.55186E-1 4.72587E-1 3.63638E-1 6.23835E-1 7.8788E-1 5.45434E-1 5.73015E-1 6.41566E-1 5.05266E-1
9.12495E-1 9.41076E-1 7.82938E-1 5.36E-1 5.48561E-1 4.1035E-1 3.27143E-1 2.26938E-1 2.31863E-1 2.04628E-1 1.71388E-1 1.01638E-1 1.01381E-1 8.36042E-2 6.08722E-2 8.18104E-2 1.70877E-1 2.30097E-1 2.74599E-1 2.22432E-1 3.15872E-1 1.97106E-1 2.05025E-1 1.06943E-1 1.01258E-1 7.05585E-2 9.29899E-2 8.38479E-2 8.35482E-2 6.5837E-2 6.62935E-2 8.13352E-2 9.91728E-2 8.88003E-2 1.07979E-1 1.45286E-1 2.13733E-1 5.67752E-1 6.82078E-1 6.77768E-1 7.32896E-1 6.51265E-1 3.57477E-1 3.15299E-1 4.44567E-1 4.69674E-1 4.39829E-1 4.09242E-1 3.3219E-1 2.9934E-1 2.61105E-1 3.8648E-1 3.90612E-1 6.38147E-1 6.29463E-1 7.15811E-1 7.68609E-1 5.68598E-1 3.87818E-1
8.22662E-1 9.26722E-1 8.90456E-1 6.18676E-1 5.50802E-1 3.95484E-1 2.3764E-1 1.65847E-1 1.67168E-1 1.74706E-1 2.00047E-1 1.30762E-1 1.01742E-1 1.07432E-1 9.20185E-2 8.36702E-2 1.36718E-1 1.94669E-1 2.82144E-1 4.94802E-1 4.71076E-1 2.36822E-1 1.60103E-1 1.31992E-1 8.17934E-2 1.00422E-1 1.29582E-1 1.00905E-1 1.18836E-1 1.318E-1 8.13447E-2 8.85489E-2 1.13772E-1 1.28372E-1 2.10592E-1 1.86826E-1 1.91394E-1 5.07368E-1 6.22489E-1 7.09313E-1 6.37053E-1 5.65472E-1 3.26727E-1 2.54737E-1 3.82695E-1 5.01324E-1 3.52556E-1 4.03223E-1 3.43705E-1 2.92714E-1 2.5179E-1 3.13495E-1 4.33942E-1 5.04333E-1 4.33589E-1 6.13959E-1 7.96379E-1 5.56423E-1 3.28328E-1
3.77355E-1 4.43112E-1 8.06357E-1 7.25833E-1 5.32861E-1 4.28546E-1 2.99346E-1 1.61664E-1 1.0769E-1 1.25614E-1 1.89952E-1 1.32849E-1 1.29986E-1 1.33233E-1 1.11388E-1 1.07753E-1 1.06245E-1 1.23251E-1 3.12314E-1 5.49747E-1 7.22813E-1 3.68848E-1 1.88309E-1 1.15031E-1 1.18098E-1 1.85815E-1 1.82865E-1 1.07872E-1 1.40678E-1 1.29021E-1 8.34516E-2 9.83544E-2 2.22517E-1 2.83418E-1 2.89913E-1 2.6999E-1 2.01709E-1 2.99847E-1 7.05897E-1 8.07042E-1 6.48132E-1 4.72931E-1 2.30561E-1 2.67535E-1 4.48836E-1 4.71839E-1 3.85619E-1 3.35391E-1 2.91416E-1 3.42031E-1 2.83113E-1 2.91654E-1 3.59646E-1 5.55263E-1 5.55434E-1 6.70123E-1 6.54207E-1 5.30409E-1 3.32984E-1
4.12169E-1 5.23609E-1 7.14767E-1 5.02293E-1 5.82977E-1 4.76131E-1 3.5191E-1 1.65272E-1 1.05558E-1 1.32355E-1 1.57457E-1 1.39135E-1 1.58504E-1 1.6313E-1 1.32918E-1 1.40415E-1 1.33301E-1 2.12556E-1 6.29308E-1 8.11293E-1 7.95165E-1 3.87166E-1 1.66882E-1 1.76416E-1 1.97152E-1 1.90576E-1 1.60309E-1 8.55413E-2 1.04813E-1 1.02536E-1 1.07178E-1 1.91841E-1 2.33021E-1 2.10286E-1 2.15407E-1 3.53702E-1 2.41342E-1 3.81451E-1 6.34247E-1 7.30235E-1 7.91275E-1 6.08449E-1 3.25057E-1 3.34133E-1 4.43679E-1 3.58414E-1 3.37719E-1 2.1002E-1 3.32737E-1 3.48138E-1 2.96648E-1 4.23276E-1 4.71797E-1 6.07016E-1 4.71941E-1 6.05297E-1 5.93129E-1 4.79229E-1 3.43329E-1
4.4256E-1 6.05565E-1 3.3839E-1 2.98707E-1 5.07547E-1 5.56725E-1 4.59986E-1 2.42652E-1 1.54105E-1 1.62203E-1 2.14269E-1 2.25212E-1 1.59425E-1 1.61015E-1 1.85669E-1 1.84149E-1 1.60389E-1 2.13766E-1 5.62373E-1 5.66797E-1 8.03099E-1 4.07399E-1 1.58871E-1 1.95786E-1 2.36522E-1 1.89792E-1 1.56572E-1 1.02438E-1 9.71807E-2 1.17442E-1 1.41347E-1 2.26066E-1 2.15097E-1 2.06162E-1 1.72047E-1 2.24963E-1 3.06045E-1 4.148E-1 6.26583E-1 7.71501E-1 8.06522E-1 7.44924E-1 4.2466E-1 3.81462E-1 3.32962E-1 3.19835E-1 3.60385E-1 2.43879E-1 4.48111E-1 5.03139E-1 4.29819E-1 5.87417E-1 7.3238E-1 5.59842E-1 6.06852E-1 5.56467E-1 4.84159E-1 3.18283E-1 3.468E-1
4.41834E-1 5.28331E-1 3.17113E-1 2.53563E-1 3.40858E-1 5.31789E-1 3.70224E-1 3.23588E-1 2.39871E-1 2.48924E-1 2.48649E-1 2.87871E-1 2.0252E-1 1.74564E-1 1.86381E-1 1.91068E-1 2.01855E-1 4.12648E-1 6.62098E-1 6.55165E-1 7.34596E-1 4.16815E-1 1.72044E-1 1.67532E-1 2.41878E-1 2.3328E-1 2.27815E-1 1.58207E-1 1.10812E-1 1.42822E-1 1.93093E-1 1.90479E-1 1.55085E-1 1.72139E-1 1.89285E-1 2.14355E-1 3.54869E-1 5.13305E-1 5.50013E-1 4.95161E-1 7.93324E-1 8.16621E-1 6.11979E-1 3.49946E-1 2.83613E-1 3.39686E-1 2.92267E-1 3.83819E-1 2.93731E-1 5.29476E-1 4.73238E-1 7.06195E-1 7.99191E-1 7.20686E-1 4.99923E-1 6.29191E-1 5.2291E-1 3.52841E-1 1.78695E-1
3.58463E-1 3.78266E-1 3.56691E-1 2.48386E-1 3.47584E-1 3.46865E-1 3.30138E-1 2.7576E-1 4.01083E-1 2.83031E-1 2.19475E-1 2.84573E-1 2.20595E-1 1.90764E-1 2.21073E-1 2.1965E-1 2.8533E-1 4.56173E-1 3.9441E-1 6.21727E-1 5.35011E-1 4.86424E-1 2.22582E-1 2.15025E-1 3.22826E-1 3.18956E-1 2.0771E-1 1.63291E-1 1.50009E-1 2.83904E-1 4.53405E-1 3.72516E-1 1.57745E-1 1.54296E-1 2.31627E-1 3.98231E-1 5.36609E-1 5.05885E-1 5.0896E-1 5.52244E-1 4.47691E-1 5.02526E-1 4.69503E-1 3.85143E-1 1.88125E-1 2.22494E-1 2.14045E-1 2.81351E-1 3.23709E-1 3.54892E-1 4.22683E-1 6.96206E-1 7.16623E-1 6.99152E-1 7.15944E-1 7.3196E-1 4.91927E-1 3.92687E-1 3.53332E-1
2.6655E-1 3.32102E-1 2.85577E-1 2.24134E-1 3.34731E-1 3.62917E-1 3.35043E-1 3.49093E-1 3.98105E-1 3.89483E-1 2.05229E-1 1.39763E-1 1.85316E-1 2.48573E-1 2.77104E-1 3.80864E-1 5.5553E-1 3.94936E-1 4.15804E-1 5.30887E-1 6.42596E-1 5.04687E-1 3.54778E-1 2.9886E-1 5.13372E-1 5.07863E-1 2.53686E-1 1.8666E-1 2.2721E-1 4.58093E-1 4.68787E-1 3.44173E-1 2.66622E-1 2.55482E-1 3.04325E-1 5.44079E-1 5.25644E-1 5.60123E-1 3.83765E-1 2.96148E-1 2.76989E-1 2.70413E-1 4.78801E-1 3.86965E-1 2.99378E-1 2.35687E-1 1.74732E-1 1.75539E-1 2.74516E-1 3.10971E-1 4.67339E-1 6.44186E-1 6.83759E-1 6.42348E-1 6.69125E-1 6.28353E-1 6.05182E-1 4.9357E-1 3.72677E-1
2.62557E-1 3.36928E-1 2.07402E-1 2.3117E-1 2.89457E-1 3.37754E-1 4.19487E-1 3.41386E-1 3.26099E-1 2.73641E-1 3.30082E-1 2.14147E-1 2.32836E-1 2.78189E-1 3.53121E-1 3.84027E-1 5.88064E-1 3.61588E-1 3.49919E-1 3.7021E-1 6.70093E-1 5.15951E-1 3.46126E-1 3.61361E-1 5.71395E-1 6.18289E-1 3.96706E-1 3.20108E-1 3.79137E-1 5.20185E-1 5.31116E-1 3.18148E-1 2.44976E-1 2.40606E-1 2.65341E-1 5.12203E-1 5.5219E-1 3.50423E-1 2.30223E-1 2.03058E-1 1.78167E-1 3.09791E-1 3.42111E-1 4.86851E-1 2.92767E-1 1.786E-1 1.60948E-1 2.30753E-1 2.67217E-1 3.06462E-1 5.65824E-1 6.19683E-1 6.72118E-1 6.71792E-1 5.80306E-1 5.82265E-1 5.54051E-1 3.75873E-1 1.89822E-1
3.28256E-1 3.14364E-1 2.44584E-1 2.45634E-1 3.22774E-1 4.00516E-1 5.24927E-1 4.74878E-1 3.16156E-1 4.35503E-1 3.46142E-1 2.38659E-1 2.6168E-1 2.63412E-1 2.09936E-1 3.3976E-1 4.42354E-1 5.87978E-1 4.61486E-1 3.82919E-1 6.63247E-1 6.34717E-1 4.7448E-1 4.10863E-1 5.84124E-1 6.68409E-1 3.91209E-1 5.2434E-1 3.92804E-1 4.71943E-1 4.48242E-1 2.51163E-1 2.47485E-1 2.25388E-1 2.19521E-1 3.71171E-1 5.49043E-1 4.17324E-1 1.89029E-1 1.63817E-1 2.43891E-1 4.54803E-1 2.14417E-1 2.98188E-1 2.0611E-1 1.49651E-1 1.80604E-1 2.37944E-1 2.75797E-1 2.37146E-1 3.9517E-1 5.02039E-1 6.12296E-1 6.26387E-1 6.02398E-1 5.34091E-1 4.46211E-1 2.60685E-1 9.82368E-2
3.22274E-1 2.94134E-1 2.11326E-1 2.30885E-1 3.37036E-1 5.56924E-1 5.74213E-1 5.84932E-1 5.28235E-1 4.54998E-1 3.97653E-1 3.7304E-1 3.211E-1 3.44062E-1 3.08128E-1 2.99599E-1 3.7364E-1 6.93753E-1 6.85779E-1 4.87284E-1 6.31471E-1 6.8769E-1 5.9412E-1 5.59205E-1 6.59719E-1 7.12033E-1 6.94604E-1 5.13852E-1 2.59126E-1 2.86378E-1 2.8443E-1 2.7789E-1 3.25857E-1 2.52097E-1 4.52221E-1 5.88737E-1 5.52089E-1 2.61588E-1 2.25035E-1 2.48781E-1 4.57278E-1 5.93535E-1 3.31555E-1 3.46499E-1 2.74061E-1 1.5264E-1 2.07221E-1 2.69395E-1 3.06364E-1 2.99982E-1 3.83265E-1 4.53207E-1 5.02696E-1 6.01706E-1 5.87051E-1 5.02712E-1 3.49979E-1 2.76978E-1 1.59012E-1
2.04356E-1 3.15691E-1 3.35408E-1 3.31569E-1 4.05256E-1 5.98428E-1 5.76136E-1 3.46101E-1 4.64388E-1 5.70084E-1 6.01193E-1 4.67558E-1 4.31898E-1 5.02459E-1 3.22104E-1 3.43142E-1 3.57717E-1 5.00214E-1 6.44188E-1 5.46684E-1 5.85558E-1 6.21406E-1 7.01124E-1 6.56631E-1 7.21268E-1 6.14208E-1 6.27606E-1 4.08614E-1 2.45335E-1 2.33126E-1 2.37435E-1 2.96791E-1 3.71484E-1 4.1824E-1 6.33265E-1 5.49084E-1 3.25062E-1 3.95159E-1 3.63047E-1 2.91974E-1 5.25014E-1 5.32799E-1 4.50358E-1 3.67468E-1 3.76171E-1 2.49322E-1 2.42991E-1 2.86786E-1 2.35705E-1 3.08063E-1 3.78931E-1 5.01135E-1 4.88054E-1 4.5963E-1 4.66382E-1 3.77209E-1 2.76986E-1 1.99295E-1 2.00547E-1
2.61485E-1 3.11031E-1 3.43245E-1 4.74974E-1 4.70352E-1 3.43806E-1 4.51605E-1 2.88454E-1 3.07241E-1 4.50716E-1 6.66822E-1 7.66601E-1 5.27758E-1 3.63498E-1 3.53129E-1 3.69542E-1 3.76846E-1 3.6009E-1 3.65382E-1 4.23415E-1 4.83543E-1 4.51838E-1 6.81408E-1 7.59392E-1 6.90383E-1 6.04639E-1 5.0248E-1 3.89204E-1 2.72829E-1 2.53329E-1 3.20719E-1 4.28284E-1 4.30076E-1 3.72884E-1 6.56941E-1 6.80717E-1 6.92155E-1 6.87634E-1 6.88138E-1 6.51333E-1 4.53749E-1 5.67174E-1 3.84072E-1 3.99045E-1 4.02429E-1 3.54266E-1 3.11312E-1 3.16558E-1 2.75294E-1 2.94442E-1 2.77823E-1 3.86643E-1 4.50368E-1 4.14188E-1 3.72847E-1 3.4245E-1 2.28527E-1 2.00623E-1 3.91433E-1
2.61442E-1 3.16107E-1 3.92027E-1 4.01117E-1 4.897E-1 3.68325E-1 3.00439E-1 3.19113E-1 3.00524E-1 4.01561E-1 6.55396E-1 5.16969E-1 5.00319E-1 4.56903E-1 3.69255E-1 3.83915E-1 4.00302E-1 3.68873E-1 3.25267E-1 4.85092E-1 4.71696E-1 3.66132E-1 6.52001E-1 5.57019E-1 7.09592E-1 6.60517E-1 6.12032E-1 5.11482E-1 2.99667E-1 3.08245E-1 3.53524E-1 4.14068E-1 5.3194E-1 4.43988E-1 6.84772E-1 6.90931E-1 6.54016E-1 7.17731E-1 7.37328E-1 5.66691E-1 6.26076E-1 6.26477E-1 5.94379E-1 5.99423E-1 5.6577E-1 4.85579E-1 4.27165E-1 3.76166E-1 3.11132E-1 2.55757E-1 2.46588E-1 3.20328E-1 3.44243E-1 3.61163E-1 3.7776E-1 3.33818E-1 2.41346E-1 2.41826E-1 4.27116E-1
3.51468E-1 3.42691E-1 5.10172E-1 4.69988E-1 4.29207E-1 2.49377E-1 2.11716E-1 2.95584E-1 2.80878E-1 3.4445E-1 4.47495E-1 3.37323E-1 3.56053E-1 4.7161E-1 3.96183E-1 4.15988E-1 4.14518E-1 4.60175E-1 5.12214E-1 6.12196E-1 5.09428E-1 3.79233E-1 5.35035E-1 6.94574E-1 8.06879E-1 8.00938E-1 6.68398E-1 5.95007E-1 4.68325E-1 3.79353E-1 3.73578E-1 4.93365E-1 7.16518E-1 6.94851E-1 6.90791E-1 6.96821E-1 6.83092E-1 7.82952E-1 7.77147E-1 8.20171E-1 7.38093E-1 6.11576E-1 6.18098E-1 6.12393E-1 5.92022E-1 5.03689E-1 4.66826E-1 5.15202E-1 4.45617E-1 3.7512E-1 2.92344E-1 2.89381E-1 3.05132E-1 3.5584E-1 2.7235E-1 3.06119E-1 1.63981E-1 2.2677E-1 3.28807E-1
4.59478E-1 3.99539E-1 3.39772E-1 4.49384E-1 4.2739E-1 3.10695E-1 2.56449E-1 2.99281E-1 2.94991E-1 4.35666E-1 5.60555E-1 4.84849E-1 4.29539E-1 3.92663E-1 4.32198E-1 4.63989E-1 6.26422E-1 5.03153E-1 6.38226E-1 4.98755E-1 4.83117E-1 5.52658E-1 7.60773E-1 7.5653E-1 7.97553E-1 7.52062E-1 6.07857E-1 6.42005E-1 6.05107E-1 4.35826E-1 4.42834E-1 4.69706E-1 4.67352E-1 7.67861E-1 8.21505E-1 7.56212E-1 7.22258E-1 9.32879E-1 9.38713E-1 7.52884E-1 7.31015E-1 7.15122E-1 6.67529E-1 4.65331E-1 4.62583E-1 4.76454E-1 5.76322E-1 5.28457E-1 4.80881E-1 3.95828E-1 3.31516E-1 3.67947E-1 3.0521E-1 2.74725E-1 1.87477E-1 1.77729E-1 2.05537E-1 3.16799E-1 3.93442E-1
