Phytophthora/models/20240604_1618_19/Phytophthora_PA3_RUN6_MAXENT_outputs/projMaxent.asc
ncols         225
nrows         269
xllcorner     473009.9838
yllcorner     4429051.1748
cellsize      50.0
NODATA_value  -9999
[rows 130 to 155 of 269, columns 0 to 58 of 225]
-9999 -9999 -9999 -9999 -9999 -9999 -9999 -9999 -9999 -9999 -9999 3.20338E-1 4.30454E-1 4.52666E-1 2.55456E-1 2.1879E-1 2.25228E-1 3.63435E-1 3.93691E-1 3.66087E-1 3.26094E-1 5.30741E-1 7.84684E-1 6.32519E-1 3.96101E-1 4.63824E-1 5.67185E-1 3.85571E-1 3.41464E-1 3.13033E-1 1.92793E-1 2.58455E-1 2.04785E-1 1.62042E-1 1.9391E-1 2.51038E-1 2.64814E-1 2.779E-1 2.24689E-1 1.79053E-1 2.34422E-1 2.67554E-1 2.14442E-1 1.694E-1 1.78385E-1 1.72032E-1 1.30219E-1 1.46894E-1 1.88304E-1 1.8275E-1 2.54159E-1 4.35702E-1 3.42561E-1 2.69633E-1 1.26476E-1 1.03443E-1 9.13373E-2 1.5505E-1 2.0589E-1
-9999 -9999 -9999 -9999 -9999 -9999 -9999 -9999 -9999 -9999 3.18275E-1 4.47563E-1 4.24519E-1 3.57218E-1 2.67162E-1 2.60757E-1 2.73619E-1 2.97374E-1 3.05977E-1 2.8787E-1 2.56212E-1 4.32681E-1 6.17587E-1 6.38618E-1 7.18418E-1 6.85048E-1 3.647E-1 2.65401E-1 2.66737E-1 3.49759E-1 2.91984E-1 2.44892E-1 2.89375E-1 3.38541E-1 3.90606E-1 3.65025E-1 2.4907E-1 3.24599E-1 2.47806E-1 2.43688E-1 2.65515E-1 3.52878E-1 3.09012E-1 1.99696E-1 2.238E-1 1.63577E-1 1.39333E-1 1.72528E-1 2.32826E-1 2.53722E-1 3.04212E-1 4.10862E-1 4.23255E-1 3.6431E-1 2.16981E-1 1.40803E-1 1.03513E-1 1.63714E-1 2.71972E-1
-9999 -9999 -9999 -9999 -9999 -9999 -9999 -9999 -9999 5.73332E-1 5.23597E-1 6.07565E-1 5.21907E-1 4.91502E-1 3.88145E-1 2.98604E-1 2.7502E-1 2.93758E-1 2.60005E-1 2.45934E-1 3.09306E-1 4.08484E-1 6.61753E-1 7.28479E-1 5.96662E-1 4.50892E-1 4.04926E-1 3.95E-1 3.14367E-1 2.67049E-1 2.50026E-1 3.88081E-1 4.01181E-1 4.32347E-1 4.65427E-1 4.78582E-1 5.01902E-1 4.27357E-1 2.56402E-1 2.80388E-1 3.13951E-1 3.99089E-1 3.02408E-1 1.78328E-1 1.6542E-1 1.65502E-1 1.54721E-1 2.02487E-1 2.81192E-1 3.50141E-1 2.62837E-1 3.51563E-1 3.4053E-1 2.97589E-1 2.08433E-1 1.8488E-1 1.77375E-1 2.20338E-1 3.45049E-1
-9999 -9999 -9999 -9999 -9999 -9999 -9999 -9999 -9999 6.45658E-1 5.74032E-1 5.25773E-1 4.16673E-1 4.84246E-1 3.50724E-1 4.13112E-1 2.94755E-1 2.80145E-1 2.86703E-1 2.35663E-1 3.60326E-1 4.6448E-1 4.90347E-1 5.33148E-1 4.66857E-1 5.88526E-1 6.97794E-1 5.63641E-1 3.9556E-1 4.7483E-1 4.78774E-1 4.39523E-1 5.6892E-1 5.13882E-1 4.40759E-1 3.55831E-1 4.57585E-1 4.15105E-1 3.39282E-1 4.30272E-1 5.72556E-1 3.78995E-1 2.99579E-1 1.88731E-1 1.90773E-1 2.02889E-1 2.494E-1 2.6557E-1 3.08315E-1 4.21447E-1 4.03042E-1 3.21914E-1 3.14216E-1 2.6519E-1 1.62838E-1 2.0146E-1 2.56028E-1 3.67343E-1 3.02177E-1
-9999 -9999 -9999 -9999 -9999 -9999 -9999 -9999 -9999 5.35853E-1 5.50538E-1 5.73974E-1 5.14589E-1 4.31087E-1 4.73465E-1 5.76446E-1 6.16291E-1 4.0296E-1 3.32738E-1 2.30301E-1 2.9864E-1 4.48395E-1 4.85801E-1 4.5205E-1 4.74636E-1 6.00623E-1 6.98304E-1 6.65031E-1 4.66101E-1 3.35619E-1 3.26001E-1 5.25062E-1 4.73652E-1 4.31183E-1 4.08104E-1 3.47586E-1 3.82178E-1 4.00159E-1 3.61802E-1 4.53845E-1 5.27364E-1 4.07433E-1 2.9408E-1 2.61131E-1 2.39856E-1 3.4609E-1 3.54719E-1 3.20398E-1 2.96717E-1 2.9747E-1 3.82908E-1 3.31714E-1 2.79215E-1 1.8569E-1 1.77357E-1 3.06176E-1 4.07481E-1 4.75453E-1 4.23524E-1
-9999 -9999 -9999 -9999 -9999 -9999 -9999 -9999 -9999 -9999 4.34164E-1 4.92613E-1 3.21091E-1 3.13308E-1 3.65697E-1 4.0478E-1 4.20136E-1 2.77068E-1 2.34528E-1 2.54968E-1 4.20643E-1 4.90299E-1 5.17306E-1 4.54772E-1 4.72732E-1 6.41955E-1 6.97936E-1 4.27502E-1 2.61044E-1 3.1813E-1 3.36602E-1 4.91836E-1 4.76107E-1 3.45618E-1 3.58496E-1 3.8891E-1 4.54694E-1 5.33234E-1 5.12253E-1 4.00402E-1 3.99996E-1 5.30349E-1 4.03269E-1 4.07852E-1 4.80031E-1 4.85125E-1 3.60311E-1 4.91071E-1 2.94398E-1 3.40995E-1 4.98506E-1 3.70082E-1 2.7815E-1 2.16445E-1 2.09352E-1 3.2277E-1 4.779E-1 3.6205E-1 4.04854E-1
-9999 -9999 -9999 -9999 -9999 -9999 -9999 -9999 -9999 -9999 6.28164E-1 4.4907E-1 4.05107E-1 3.39941E-1 2.31448E-1 2.68671E-1 2.87613E-1 1.81544E-1 1.96316E-1 3.41112E-1 4.82698E-1 6.07582E-1 5.89396E-1 4.64964E-1 5.87811E-1 5.88618E-1 3.45179E-1 2.38194E-1 2.20387E-1 2.16312E-1 2.04946E-1 4.33037E-1 4.77312E-1 3.10987E-1 2.6668E-1 4.00931E-1 4.59505E-1 4.41845E-1 4.69772E-1 4.50142E-1 6.35875E-1 7.24175E-1 7.68387E-1 6.49399E-1 6.41901E-1 5.44301E-1 4.92769E-1 3.40991E-1 3.22688E-1 2.56292E-1 4.4469E-1 4.04198E-1 3.03177E-1 3.07726E-1 2.99738E-1 4.11111E-1 4.59387E-1 3.36442E-1 3.11036E-1
-9999 -9999 -9999 -9999 -9999 -9999 -9999 -9999 -9999 -9999 4.7202E-1 4.01867E-1 2.76168E-1 3.45282E-1 3.41806E-1 3.23406E-1 1.85602E-1 2.19023E-1 2.24499E-1 4.83532E-1 4.82394E-1 6.08747E-1 3.86062E-1 4.68663E-1 6.45999E-1 4.78852E-1 3.16522E-1 2.79742E-1 2.8115E-1 3.55237E-1 3.16293E-1 4.73027E-1 5.86063E-1 3.51657E-1 3.54388E-1 4.15114E-1 6.31781E-1 4.36457E-1 7.55023E-1 7.76179E-1 6.84452E-1 8.87998E-1 8.90555E-1 6.55355E-1 5.78993E-1 7.64139E-1 6.48362E-1 4.23939E-1 2.5431E-1 3.11957E-1 5.03144E-1 5.73279E-1 3.91846E-1 3.7091E-1 3.84319E-1 4.0019E-1 4.71129E-1 3.6306E-1 3.26396E-1
-9999 -9999 -9999 -9999 -9999 -9999 -9999 -9999 -9999 -9999 4.54527E-1 4.16831E-1 2.71889E-1 2.43266E-1 2.74896E-1 3.85341E-1 2.17307E-1 3.18308E-1 2.84095E-1 3.0655E-1 2.5077E-1 3.91007E-1 2.78937E-1 2.93131E-1 3.7176E-1 3.112E-1 4.84512E-1 3.95572E-1 3.21479E-1 4.8901E-1 4.05141E-1 6.94375E-1 6.94237E-1 3.34849E-1 3.62101E-1 3.94724E-1 3.56529E-1 5.54782E-1 8.32633E-1 7.43453E-1 6.69137E-1 9.11122E-1 8.65666E-1 5.86014E-1 5.40471E-1 6.34849E-1 5.41054E-1 3.16166E-1 2.96499E-1 4.59832E-1 4.84376E-1 7.45326E-1 6.42856E-1 6.37852E-1 6.3209E-1 4.12637E-1 4.77663E-1 4.94471E-1 4.45144E-1
-9999 -9999 -9999 -9999 -9999 -9999 -9999 -9999 -9999 -9999 4.73263E-1 4.29675E-1 3.29323E-1 2.51232E-1 2.18955E-1 1.97976E-1 1.53893E-1 2.38981E-1 3.74691E-1 5.93163E-1 4.38304E-1 3.50612E-1 3.00579E-1 2.22604E-1 1.71554E-1 1.64495E-1 3.60815E-1 3.64085E-1 3.26714E-1 3.4136E-1 3.31982E-1 4.18636E-1 4.43409E-1 3.76895E-1 5.15401E-1 3.79323E-1 3.55032E-1 5.1539E-1 7.39673E-1 6.7965E-1 5.93136E-1 8.35369E-1 5.74948E-1 4.41866E-1 4.6206E-1 4.28319E-1 3.58577E-1 3.54252E-1 3.66606E-1 5.06353E-1 6.79433E-1 9.29713E-1 7.63894E-1 7.75367E-1 6.32709E-1 4.05918E-1 3.39999E-1 3.62198E-1 4.72684E-1
-9999 -9999 -9999 -9999 -9999 -9999 -9999 -9999 -9999 -9999 4.65727E-1 4.24824E-1 3.31336E-1 2.91026E-1 2.48708E-1 1.89145E-1 1.55284E-1 2.12053E-1 7.10899E-1 8.31776E-1 6.90401E-1 6.23466E-1 4.6489E-1 3.10159E-1 1.92965E-1 1.93328E-1 2.20584E-1 1.99872E-1 1.75548E-1 2.21902E-1 3.07945E-1 3.50809E-1 3.23609E-1 4.52851E-1 4.31537E-1 3.98139E-1 3.76183E-1 6.68697E-1 8.07356E-1 5.49441E-1 6.70573E-1 7.45933E-1 5.13694E-1 3.42896E-1 2.98626E-1 3.40843E-1 3.0112E-1 3.15439E-1 3.4862E-1 5.09469E-1 7.89245E-1 8.04119E-1 5.81337E-1 4.53707E-1 5.46728E-1 4.22759E-1 3.87565E-1 3.64461E-1 6.48741E-1
-9999 -9999 -9999 -9999 -9999 -9999 -9999 -9999 -9999 5.16245E-1 4.51862E-1 3.94672E-1 3.22467E-1 2.79522E-1 2.5807E-1 1.92624E-1 1.83316E-1 3.20766E-1 4.60695E-1 6.20068E-1 5.31965E-1 5.07676E-1 6.4063E-1 5.47992E-1 3.15426E-1 2.82039E-1 2.34301E-1 1.84234E-1 1.46053E-1 1.56046E-1 2.21402E-1 2.15823E-1 2.23144E-1 2.91671E-1 4.02549E-1 3.76322E-1 4.62342E-1 6.28493E-1 7.04979E-1 7.25039E-1 8.55884E-1 6.3799E-1 5.02395E-1 3.94924E-1 3.39338E-1 2.74037E-1 3.05372E-1 3.40971E-1 4.028E-1 5.02063E-1 6.98558E-1 6.23121E-1 5.21073E-1 4.49614E-1 4.33702E-1 3.01721E-1 2.92668E-1 2.71724E-1 5.48616E-1
-9999 -9999 -9999 -9999 -9999 -9999 -9999 -9999 -9999 4.91679E-1 4.95687E-1 3.96589E-1 3.7494E-1 2.92476E-1 2.74451E-1 2.31086E-1 2.30914E-1 5.05135E-1 7.58718E-1 5.55734E-1 3.81002E-1 4.60007E-1 7.27309E-1 7.31173E-1 7.42385E-1 6.12758E-1 2.63945E-1 2.13751E-1 2.22995E-1 1.79172E-1 2.29033E-1 2.11661E-1 2.37375E-1 2.65429E-1 2.97905E-1 3.03621E-1 4.84375E-1 6.09178E-1 6.46967E-1 7.3651E-1 7.50551E-1 6.22086E-1 6.35114E-1 5.97796E-1 4.23495E-1 3.63831E-1 3.85977E-1 4.46174E-1 4.70138E-1 6.7456E-1 6.47905E-1 5.60522E-1 4.84566E-1 4.28204E-1 3.83068E-1 2.98279E-1 2.78568E-1 2.77185E-1 3.0394E-1
-9999 -9999 -9999 -9999 -9999 -9999 -9999 -9999 -9999 5.1092E-1 4.29437E-1 4.04831E-1 3.54103E-1 2.8276E-1 3.02191E-1 2.92351E-1 3.66311E-1 6.74043E-1 6.68472E-1 4.59508E-1 3.59316E-1 3.5545E-1 5.22915E-1 7.07758E-1 7.93394E-1 7.70949E-1 3.74344E-1 3.04383E-1 3.51728E-1 2.37833E-1 2.53527E-1 2.45089E-1 2.34651E-1 2.75732E-1 2.71557E-1 2.8E-1 4.38106E-1 4.7116E-1 4.9074E-1 6.16595E-1 6.15076E-1 4.75322E-1 4.95704E-1 5.91719E-1 5.48129E-1 4.7318E-1 4.33935E-1 4.64914E-1 5.379E-1 7.09191E-1 6.37779E-1 4.73673E-1 4.38226E-1 4.35757E-1 4.11177E-1 3.92245E-1 3.38529E-1 2.93871E-1 2.93483E-1
-9999 -9999 -9999 -9999 -9999 -9999 -9999 -9999 5.78788E-1 4.51217E-1 3.61531E-1 3.87173E-1 3.681E-1 3.32968E-1 3.90099E-1 4.25103E-1 5.57339E-1 6.9646E-1 5.64161E-1 3.64039E-1 3.39523E-1 3.30745E-1 4.58307E-1 6.49621E-1 6.75721E-1 6.9171E-1 5.1228E-1 3.91843E-1 3.85409E-1 4.011E-1 3.3959E-1 3.04677E-1 2.81114E-1 2.82885E-1 2.76428E-1 3.69996E-1 4.05664E-1 3.02243E-1 4.74971E-1 5.82875E-1 6.02491E-1 4.71904E-1 3.61935E-1 5.87318E-1 5.83198E-1 5.86353E-1 5.53256E-1 6.68047E-1 6.19367E-1 6.51404E-1 6.12749E-1 5.29298E-1 5.19415E-1 5.80813E-1 5.20945E-1 3.72858E-1 3.13788E-1 3.00923E-1 3.50527E-1
-9999 -9999 -9999 -9999 -9999 -9999 -9999 -9999 4.90109E-1 3.99663E-1 3.41132E-1 3.35712E-1 3.73051E-1 3.9543E-1 3.72411E-1 3.36909E-1 4.03484E-1 5.30057E-1 3.45802E-1 2.93248E-1 3.22244E-1 3.66916E-1 3.59952E-1 3.79611E-1 5.35254E-1 5.66883E-1 4.50433E-1 6.7816E-1 3.74737E-1 5.44275E-1 4.66303E-1 3.37463E-1 3.03285E-1 3.12738E-1 2.94561E-1 4.41306E-1 4.6891E-1 2.95967E-1 4.56961E-1 5.12167E-1 4.0663E-1 3.58237E-1 3.22491E-1 7.01087E-1 6.24444E-1 5.91614E-1 7.34264E-1 7.62321E-1 6.11683E-1 6.08472E-1 5.06964E-1 4.84963E-1 5.3613E-1 5.92502E-1 5.2499E-1 3.725E-1 3.32704E-1 3.50308E-1 4.37831E-1
-9999 -9999 -9999 -9999 -9999 -9999 -9999 -9999 3.60387E-1 3.27802E-1 3.13693E-1 3.08967E-1 3.34385E-1 3.71421E-1 3.52226E-1 3.22992E-1 3.92814E-1 3.85586E-1 3.21219E-1 3.22445E-1 4.58259E-1 4.73857E-1 3.75516E-1 4.51834E-1 5.43822E-1 6.21571E-1 6.18592E-1 7.23346E-1 6.46336E-1 6.15634E-1 5.85504E-1 4.62559E-1 3.89394E-1 4.48106E-1 5.55094E-1 5.07496E-1 4.08209E-1 4.31449E-1 4.95021E-1 4.66164E-1 3.22144E-1 3.25665E-1 2.61316E-1 4.26104E-1 6.55038E-1 7.50618E-1 6.37259E-1 5.96371E-1 5.95329E-1 5.62996E-1 4.77096E-1 4.53541E-1 4.88764E-1 5.6743E-1 4.83164E-1 3.34554E-1 3.2139E-1 3.86002E-1 4.50189E-1
-9999 -9999 -9999 -9999 -9999 -9999 -9999 -9999 3.49088E-1 4.30613E-1 2.79182E-1 3.32831E-1 3.36641E-1 3.00803E-1 2.95834E-1 2.63854E-1 3.0185E-1 3.18391E-1 4.15929E-1 4.05229E-1 5.78401E-1 6.04918E-1 5.026E-1 5.12535E-1 4.10585E-1 5.04923E-1 5.85624E-1 7.40232E-1 7.16621E-1 8.32848E-1 6.75954E-1 6.37609E-1 6.04593E-1 5.32168E-1 7.66377E-1 5.29841E-1 4.81844E-1 4.58886E-1 4.10212E-1 4.21672E-1 3.45132E-1 3.83477E-1 5.74536E-1 7.1224E-1 6.76006E-1 6.76613E-1 6.5277E-1 6.03135E-1 4.90669E-1 4.33375E-1 3.70578E-1 3.64388E-1 4.24808E-1 4.13282E-1 5.61184E-1 4.61507E-1 4.25396E-1 4.30195E-1 4.02826E-1
-9999 -9999 -9999 -9999 -9999 -9999 -9999 3.73634E-1 4.03816E-1 3.46214E-1 3.36618E-1 4.10801E-1 4.19365E-1 3.92864E-1 4.32359E-1 3.26232E-1 2.10909E-1 2.77977E-1 3.72524E-1 4.10926E-1 6.83397E-1 5.15145E-1 3.74684E-1 3.84243E-1 4.38691E-1 5.53298E-1 6.73022E-1 8.66261E-1 6.88035E-1 6.95817E-1 8.82329E-1 8.32956E-1 7.07765E-1 5.78695E-1 6.38831E-1 6.56312E-1 6.06075E-1 6.19738E-1 4.99027E-1 5.46831E-1 5.45712E-1 6.31661E-1 8.36231E-1 8.48753E-1 5.18872E-1 5.11644E-1 6.68878E-1 5.58584E-1 5.20962E-1 4.30212E-1 4.79683E-1 5.33831E-1 6.72449E-1 3.84976E-1 4.02933E-1 4.07819E-1 4.615E-1 4.19592E-1 3.32734E-1
-9999 -9999 -9999 -9999 -9999 -9999 -9999 2.61115E-1 3.37598E-1 3.42988E-1 4.07288E-1 5.22715E-1 4.96419E-1 5.63592E-1 5.59749E-1 3.0444E-1 2.74452E-1 4.18091E-1 4.24131E-1 4.68169E-1 4.70135E-1 4.34148E-1 4.15087E-1 5.2299E-1 7.49875E-1 6.20972E-1 5.49212E-1 7.71445E-1 7.14377E-1 8.43888E-1 9.33595E-1 9.54889E-1 8.44767E-1 7.3573E-1 6.41885E-1 6.57211E-1 7.96801E-1 8.4394E-1 5.73565E-1 4.61955E-1 7.11551E-1 8.80383E-1 8.16834E-1 7.51653E-1 6.65784E-1 6.25438E-1 7.39999E-1 7.43996E-1 7.96855E-1 5.82617E-1 5.56753E-1 5.99369E-1 6.29014E-1 4.08079E-1 3.92415E-1 2.07458E-1 2.33158E-1 2.34088E-1 3.1429E-1
-9999 -9999 -9999 -9999 -9999 -9999 -9999 2.09249E-1 3.51365E-1 5.57039E-1 6.69438E-1 8.04438E-1 8.18102E-1 6.08754E-1 3.9739E-1 3.84303E-1 4.28616E-1 6.1612E-1 5.55474E-1 6.09248E-1 6.31552E-1 4.56159E-1 5.16162E-1 7.14685E-1 6.80111E-1 5.10668E-1 5.76631E-1 6.35856E-1 8.16935E-1 9.06429E-1 9.81773E-1 9.4361E-1 7.01729E-1 6.5474E-1 6.11095E-1 7.36009E-1 8.94512E-1 8.89496E-1 6.18468E-1 5.77799E-1 7.35791E-1 7.1279E-1 7.64795E-1 8.13631E-1 9.59887E-1 9.1113E-1 8.77759E-1 9.35271E-1 8.19036E-1 8.07743E-1 7.49858E-1 5.6639E-1 4.93418E-1 4.59606E-1 3.88221E-1 1.63893E-1 1.39667E-1 2.19142E-1 3.56131E-1
-9999 -9999 -9999 -9999 -9999 -9999 2.5394E-1 3.49719E-1 4.0531E-1 5.95505E-1 7.297E-1 7.81123E-1 8.22478E-1 6.57839E-1 6.41066E-1 7.79314E-1 8.17138E-1 7.51367E-1 6.29918E-1 7.06447E-1 7.12289E-1 6.16755E-1 6.14065E-1 7.76524E-1 6.23136E-1 6.09596E-1 7.3187E-1 7.93658E-1 8.78087E-1 8.80231E-1 9.81774E-1 9.86063E-1 8.71434E-1 6.50445E-1 6.10751E-1 6.53068E-1 6.99579E-1 8.19887E-1 6.88074E-1 6.72004E-1 6.25123E-1 7.25354E-1 7.31335E-1 8.99255E-1 9.02857E-1 8.8078E-1 8.76562E-1 9.19909E-1 9.02501E-1 9.21239E-1 7.78205E-1 5.11456E-1 4.43346E-1 3.97863E-1 2.64192E-1 1.79955E-1 1.69839E-1 2.28491E-1 3.71845E-1
-9999 -9999 -9999 -9999 -9999 -9999 4.26489E-1 6.29933E-1 4.46597E-1 5.67687E-1 7.71928E-1 8.32672E-1 7.75078E-1 7.24648E-1 7.13937E-1 8.9083E-1 9.14336E-1 8.63073E-1 8.18535E-1 8.35095E-1 8.10497E-1 6.12065E-1 5.89503E-1 6.59064E-1 6.98177E-1 7.01358E-1 8.48561E-1 9.13938E-1 8.45986E-1 8.70369E-1 9.79632E-1 9.922E-1 9.15302E-1 6.67535E-1 5.68991E-1 5.54865E-1 6.7778E-1 6.73065E-1 5.90272E-1 6.44666E-1 8.16019E-1 8.83901E-1 8.89205E-1 8.33334E-1 8.52486E-1 8.72432E-1 9.55755E-1 9.79735E-1 8.89749E-1 8.94296E-1 7.31877E-1 5.28074E-1 4.0642E-1 3.94278E-1 3.93278E-1 4.24515E-1 3.24065E-1 2.45706E-1 3.62557E-1
-9999 -9999 -9999 -9999 -9999 -9999 4.57084E-1 8.19314E-1 7.47881E-1 5.41095E-1 7.57189E-1 8.05334E-1 8.85289E-1 8.01542E-1 8.21806E-1 7.65893E-1 8.48267E-1 8.3351E-1 8.20138E-1 9.40824E-1 8.90674E-1 6.92234E-1 6.27945E-1 6.79304E-1 6.41081E-1 6.87981E-1 8.07676E-1 8.05584E-1 8.15205E-1 8.99434E-1 9.90563E-1 9.90741E-1 7.80101E-1 6.27536E-1 5.7213E-1 5.68419E-1 5.83946E-1 6.2349E-1 6.64188E-1 8.98471E-1 9.48422E-1 8.55637E-1 8.18715E-1 8.22903E-1 8.5229E-1 8.71598E-1 8.75785E-1 8.97629E-1 8.67727E-1 7.2797E-1 6.57286E-1 5.11777E-1 4.34187E-1 4.19389E-1 5.25391E-1 5.33528E-1 5.98645E-1 3.76571E-1 3.30158E-1
-9999 -9999 -9999 -9999 -9999 -9999 -9999 6.79659E-1 8.40501E-1 5.5268E-1 6.1831E-1 7.97202E-1 8.39548E-1 7.7597E-1 9.21997E-1 9.06183E-1 9.45959E-1 9.00096E-1 9.21067E-1 9.49207E-1 9.20465E-1 7.30258E-1 6.08075E-1 5.05847E-1 6.12088E-1 5.92115E-1 7.81164E-1 8.96016E-1 8.63486E-1 8.69387E-1 9.62007E-1 9.95556E-1 7.38913E-1 5.9159E-1 5.6694E-1 5.54099E-1 6.02798E-1 6.3641E-1 8.54811E-1 8.99761E-1 9.51605E-1 8.69084E-1 8.5564E-1 8.63537E-1 7.31175E-1 7.66043E-1 8.39088E-1 8.99724E-1 8.37707E-1 7.07322E-1 5.18346E-1 3.91327E-1 5.10301E-1 6.36896E-1 5.63913E-1 4.55574E-1 5.46758E-1 4.17638E-1 4.83547E-1
-9999 -9999 -9999 -9999 -9999 -9999 -9999 5.15066E-1 5.83617E-1 5.19332E-1 5.81661E-1 7.53035E-1 9.04222E-1 9.40613E-1 9.60783E-1 9.88488E-1 9.88989E-1 9.59128E-1 9.57768E-1 9.71323E-1 9.04473E-1 8.36549E-1 6.97387E-1 6.53872E-1 7.30762E-1 7.62866E-1 9.01977E-1 9.33073E-1 9.23931E-1 9.34442E-1 9.68822E-1 9.65347E-1 8.09815E-1 6.04738E-1 5.43658E-1 5.87905E-1 7.0926E-1 8.50946E-1 9.58525E-1 9.69006E-1 9.08123E-1 8.7612E-1 9.11705E-1 7.76694E-1 5.47278E-1 7.39225E-1 7.65984E-1 7.95025E-1 7.5901E-1 6.37739E-1 5.00872E-1 5.09806E-1 6.0234E-1 7.52261E-1 8.07856E-1 7.16836E-1 6.21419E-1 5.69074E-1 7.15271E-1
