Phytophthora/models/20240506_1522_03/Phytophthora_PA3_RUN7_MAXENT_outputs/Phytophthora_PA3_RUN7.asc
ncols         225
nrows         269
xllcorner     473009.9838
yllcorner     4429051.1748
cellsize      50.0
NODATA_value  -9999
[rows 234 to 259 of 269, columns 60 to 119 of 225]
3.38973E-1 3.71247E-1 4.05747E-1 4.99541E-1 6.94257E-1 7.26015E-1 7.78994E-1 6.95256E-1 6.52088E-1 6.14891E-1 5.55764E-1 5.68306E-1 5.10744E-1 7.08951E-1 6.39082E-1 7.36901E-1 7.79793E-1 7.87997E-1 6.9331E-1 6.91308E-1 7.58899E-1 7.82459E-1 7.1145E-1 7.43453E-1 7.62094E-1 8.16524E-1 8.27234E-1 7.46032E-1 8.19003E-1 7.5323E-1 7.80973E-1 6.54428E-1 5.78457E-1 6.18046E-1 6.50413E-1 6.91863E-1 7.5231E-1 7.71843E-1 8.13176E-1 7.69715E-1 7.07084E-1 7.00314E-1 6.89317E-1 6.45419E-1 6.5513E-1 6.54476E-1 6.54195E-1 6.86288E-1 7.56228E-1 8.31523E-1 8.13614E-1 7.28515E-1 7.18646E-1 6.71581E-1 5.64778E-1 5.0079E-1 4.50722E-1 3.70457E-1 2.91778E-1 2.45393E-1
3.46469E-1 3.85217E-1 4.12885E-1 5.02647E-1 6.45797E-1 7.41791E-1 7.54327E-1 6.31964E-1 6.06458E-1 6.28251E-1 5.31454E-1 5.74104E-1 6.15664E-1 7.22253E-1 6.73751E-1 6.93184E-1 6.06062E-1 7.69351E-1 7.29064E-1 6.82257E-1 7.11396E-1 7.98336E-1 6.59198E-1 7.17457E-1 7.72516E-1 7.75301E-1 8.08438E-1 8.17231E-1 7.72584E-1 7.67493E-1 7.68707E-1 7.07889E-1 6.23101E-1 6.54517E-1 6.88277E-1 7.18206E-1 7.46983E-1 7.9487E-1 8.04259E-1 7.25261E-1 6.72109E-1 6.56792E-1 6.3224E-1 6.09301E-1 5.5487E-1 6.60616E-1 6.84346E-1 7.03633E-1 7.837E-1 8.34613E-1 8.07684E-1 7.73671E-1 7.67788E-1 7.20872E-1 6.10412E-1 5.15649E-1 4.05482E-1 3.49593E-1 2.93391E-1 2.66582E-1
3.41211E-1 3.68263E-1 3.88354E-1 4.08587E-1 4.39506E-1 4.86071E-1 6.65668E-1 6.15104E-1 5.59967E-1 6.17175E-1 5.44097E-1 6.41269E-1 6.52734E-1 6.86833E-1 5.81402E-1 4.75533E-1 6.08759E-1 7.57258E-1 7.74983E-1 6.66433E-1 7.00646E-1 8.02576E-1 6.75771E-1 7.69544E-1 6.21229E-1 8.01783E-1 7.93472E-1 8.19542E-1 8.28595E-1 7.78402E-1 7.06968E-1 7.14935E-1 6.45057E-1 7.20959E-1 7.15919E-1 7.5756E-1 7.57313E-1 7.71878E-1 7.89737E-1 7.24512E-1 6.12827E-1 6.29359E-1 6.20079E-1 6.12504E-1 5.91483E-1 6.81613E-1 6.74259E-1 7.46135E-1 8.09447E-1 8.27156E-1 7.64072E-1 7.74868E-1 7.62954E-1 5.30802E-1 5.85258E-1 4.82224E-1 3.11756E-1 2.82911E-1 2.14802E-1 2.72452E-1
3.46891E-1 3.51917E-1 1.9461E-1 4.16495E-1 4.2766E-1 3.93245E-1 4.52249E-1 4.04567E-1 4.17584E-1 5.46379E-1 6.67424E-1 6.47294E-1 6.31119E-1 7.11289E-1 7.32366E-1 7.07432E-1 7.10057E-1 7.42371E-1 7.80183E-1 7.27255E-1 6.92946E-1 7.42475E-1 6.07511E-1 7.57508E-1 7.7675E-1 7.11974E-1 7.68333E-1 7.99089E-1 8.55211E-1 8.44562E-1 8.31721E-1 7.54918E-1 6.65547E-1 7.28222E-1 7.36745E-1 7.86304E-1 7.84897E-1 7.34387E-1 7.74976E-1 6.85001E-1 5.50304E-1 5.98897E-1 5.46191E-1 5.46099E-1 6.07211E-1 6.50084E-1 6.73211E-1 5.92601E-1 8.45743E-1 8.51421E-1 6.55785E-1 3.18983E-1 7.23631E-1 7.23576E-1 6.12738E-1 5.73755E-1 3.54948E-1 2.47292E-1 2.32728E-1 2.52727E-1
2.96996E-1 3.54814E-1 3.5199E-1 2.96978E-1 4.73028E-1 3.16157E-1 3.71695E-1 3.83875E-1 3.74494E-1 4.39223E-1 4.66244E-1 5.17778E-1 6.1701E-1 6.4016E-1 6.43169E-1 6.74563E-1 4.79881E-1 6.90613E-1 6.34394E-1 5.34635E-1 6.36445E-1 6.60567E-1 7.32526E-1 7.42473E-1 7.24614E-1 7.35622E-1 5.15892E-1 6.52234E-1 8.34585E-1 8.42922E-1 8.44024E-1 8.4377E-1 7.91034E-1 8.24314E-1 7.9978E-1 8.13736E-1 8.17938E-1 7.39023E-1 5.96956E-1 5.88727E-1 6.72696E-1 6.69513E-1 4.4553E-1 4.30691E-1 6.58633E-1 6.76572E-1 6.90914E-1 7.10455E-1 8.03002E-1 8.21622E-1 7.24238E-1 8.02912E-1 8.04401E-1 6.31145E-1 5.54654E-1 5.0913E-1 4.05066E-1 3.49918E-1 2.49927E-1 4.57199E-1
4.68345E-1 4.79357E-1 4.13559E-1 3.58571E-1 4.97844E-1 4.3175E-1 4.75613E-1 4.68426E-1 4.96248E-1 5.55335E-1 5.22277E-1 5.16856E-1 5.89813E-1 6.60351E-1 6.01398E-1 5.15174E-1 5.89683E-1 5.71985E-1 5.76001E-1 6.02947E-1 6.94511E-1 5.27077E-1 5.86525E-1 6.96131E-1 6.84998E-1 7.44756E-1 6.62714E-1 7.73253E-1 7.25314E-1 8.06268E-1 8.40314E-1 7.20984E-1 8.38513E-1 8.54673E-1 8.499E-1 8.24256E-1 8.01166E-1 7.66363E-1 6.15273E-1 6.1811E-1 4.86388E-1 5.89858E-1 5.5579E-1 5.67766E-1 6.56961E-1 7.23149E-1 7.24454E-1 7.04889E-1 7.43154E-1 7.92694E-1 8.53335E-1 8.15416E-1 7.66868E-1 7.68648E-1 6.45948E-1 4.76705E-1 4.17358E-1 4.1296E-1 4.28665E-1 4.52564E-1
3.8376E-1 5.39639E-1 5.67596E-1 4.33352E-1 5.53553E-1 4.89939E-1 4.74584E-1 4.64822E-1 4.55397E-1 4.6054E-1 4.49243E-1 4.73596E-1 5.24721E-1 5.71327E-1 5.54815E-1 6.23702E-1 6.19523E-1 5.91843E-1 5.05403E-1 5.20345E-1 5.91159E-1 6.92491E-1 5.3563E-1 5.03818E-1 4.358E-1 5.17905E-1 7.03306E-1 7.55461E-1 7.99762E-1 8.21218E-1 8.21064E-1 7.11226E-1 8.02353E-1 8.17497E-1 8.28255E-1 8.25409E-1 7.59549E-1 7.23672E-1 6.3866E-1 5.5795E-1 6.80378E-1 5.3232E-1 5.40227E-1 6.69975E-1 7.09976E-1 7.74346E-1 7.33942E-1 6.63446E-1 7.22664E-1 6.6615E-1 8.1689E-1 8.44485E-1 8.07216E-1 7.63564E-1 7.28735E-1 5.7376E-1 4.34373E-1 3.37549E-1 4.11244E-1 4.81943E-1
5.1021E-1 6.10905E-1 6.02534E-1 5.98896E-1 5.61139E-1 4.89156E-1 4.70826E-1 4.37742E-1 4.31488E-1 4.42042E-1 4.0483E-1 3.64209E-1 3.53068E-1 4.94402E-1 5.00967E-1 4.67434E-1 5.34598E-1 7.02732E-1 5.66897E-1 6.57403E-1 7.39082E-1 7.77991E-1 8.15915E-1 6.99563E-1 6.297E-1 5.70517E-1 6.72131E-1 8.46137E-1 7.98116E-1 7.83534E-1 7.87949E-1 7.47088E-1 6.9478E-1 7.95801E-1 8.03579E-1 7.90827E-1 7.15032E-1 6.46955E-1 4.91811E-1 7.20641E-1 5.98673E-1 6.27514E-1 7.06603E-1 7.34725E-1 7.29871E-1 7.23167E-1 6.47743E-1 6.85967E-1 6.75687E-1 7.08537E-1 7.35477E-1 7.56669E-1 7.77682E-1 7.3536E-1 7.15154E-1 6.67005E-1 5.29939E-1 4.72824E-1 6.12678E-1 5.68414E-1
6.99089E-1 6.77216E-1 6.66466E-1 6.05279E-1 5.45814E-1 4.88748E-1 4.54423E-1 4.21795E-1 4.93708E-1 4.93319E-1 3.27937E-1 3.98922E-1 4.35033E-1 6.44293E-1 6.4349E-1 5.20261E-1 5.27341E-1 6.89529E-1 6.25175E-1 6.31176E-1 7.79218E-1 7.76967E-1 7.24895E-1 6.55573E-1 6.339E-1 6.06627E-1 4.54923E-1 8.12288E-1 8.12876E-1 7.25776E-1 7.84429E-1 5.099E-1 6.40665E-1 7.2358E-1 7.60717E-1 7.60307E-1 6.52313E-1 3.94184E-1 5.081E-1 5.78659E-1 6.65418E-1 6.94686E-1 7.32603E-1 7.03839E-1 7.17876E-1 7.27458E-1 6.12907E-1 6.58341E-1 5.17615E-1 6.24443E-1 7.07418E-1 6.83405E-1 6.61931E-1 7.16082E-1 6.88325E-1 6.85611E-1 6.32527E-1 6.04492E-1 6.72054E-1 6.50223E-1
7.09291E-1 6.7464E-1 6.71259E-1 6.33353E-1 5.75714E-1 5.02694E-1 4.3036E-1 3.70461E-1 3.44199E-1 2.86384E-1 2.18097E-1 4.29739E-1 3.60143E-1 5.37543E-1 6.92871E-1 6.24829E-1 5.77724E-1 7.18743E-1 6.67956E-1 7.86449E-1 7.94521E-1 6.64006E-1 7.72994E-1 7.38577E-1 7.41224E-1 7.60685E-1 7.27445E-1 5.06018E-1 5.38276E-1 6.27477E-1 7.09197E-1 6.81663E-1 6.08845E-1 6.9325E-1 7.02002E-1 7.04628E-1 5.60517E-1 5.53257E-1 5.29193E-1 7.03507E-1 6.81283E-1 6.68335E-1 6.17733E-1 6.50108E-1 8.28854E-1 6.34174E-1 2.49796E-1 5.40783E-1 6.76257E-1 6.97684E-1 7.15723E-1 6.85692E-1 6.45125E-1 6.29384E-1 6.12278E-1 6.27507E-1 5.33677E-1 4.92294E-1 5.94481E-1 4.59545E-1
6.20196E-1 6.23786E-1 6.09487E-1 6.57493E-1 5.76297E-1 4.95041E-1 3.83076E-1 3.13528E-1 2.75045E-1 2.39804E-1 2.982E-1 3.70975E-1 4.22596E-1 6.33572E-1 6.71213E-1 6.14217E-1 6.61359E-1 7.67674E-1 6.86888E-1 7.00564E-1 7.11778E-1 7.44311E-1 7.61722E-1 7.66938E-1 7.60146E-1 7.76228E-1 8.01977E-1 8.21332E-1 7.68705E-1 7.07788E-1 7.25072E-1 5.62291E-1 5.50258E-1 6.48143E-1 6.47542E-1 6.73E-1 5.58777E-1 5.72375E-1 6.06515E-1 7.05893E-1 7.03673E-1 5.07165E-1 7.21464E-1 8.32065E-1 8.45314E-1 7.51534E-1 6.96882E-1 6.8258E-1 7.00453E-1 7.1428E-1 7.07742E-1 6.79874E-1 6.72628E-1 7.1817E-1 7.34167E-1 6.34283E-1 5.56065E-1 4.61878E-1 4.73259E-1 4.75976E-1
6.71147E-1 5.79116E-1 5.75773E-1 5.8627E-1 4.46915E-1 3.58485E-1 3.1184E-1 3.43063E-1 3.19724E-1 3.50825E-1 4.29428E-1 2.97654E-1 5.38722E-1 7.04062E-1 5.19745E-1 5.21163E-1 6.32901E-1 8.43157E-1 7.23428E-1 6.07932E-1 6.79531E-1 7.41989E-1 7.46187E-1 7.749E-1 7.52928E-1 7.52722E-1 7.57253E-1 7.72893E-1 7.52343E-1 7.07242E-1 6.21168E-1 2.71343E-1 5.74309E-1 6.51999E-1 6.84013E-1 5.72807E-1 7.14062E-1 6.15249E-1 7.00895E-1 7.42704E-1 6.93011E-1 7.05496E-1 7.66616E-1 7.68283E-1 7.72606E-1 7.48364E-1 7.19757E-1 7.31219E-1 7.11798E-1 7.07106E-1 6.92319E-1 6.57256E-1 6.15897E-1 6.42596E-1 6.9427E-1 6.0197E-1 5.39394E-1 4.60923E-1 4.07917E-1 3.77339E-1
6.38559E-1 6.43987E-1 5.68931E-1 3.74968E-1 2.85471E-1 2.61803E-1 3.16965E-1 3.66525E-1 3.71711E-1 2.12289E-1 4.49146E-1 2.62157E-1 4.10097E-1 5.35955E-1 4.60571E-1 4.79423E-1 6.94281E-1 8.48434E-1 7.88017E-1 6.94309E-1 6.85869E-1 7.3644E-1 7.71852E-1 7.72108E-1 7.49537E-1 8.02991E-1 7.79466E-1 7.65185E-1 8.15788E-1 8.5466E-1 6.97095E-1 5.8308E-1 6.14606E-1 6.84595E-1 7.32403E-1 6.91419E-1 7.37791E-1 6.65829E-1 6.87481E-1 7.01512E-1 6.82119E-1 7.38686E-1 7.11638E-1 7.34243E-1 7.16952E-1 7.52516E-1 6.15445E-1 7.70752E-1 7.34373E-1 7.15913E-1 6.80542E-1 6.34826E-1 5.9971E-1 6.45995E-1 6.89731E-1 6.25826E-1 5.4885E-1 4.91349E-1 4.33621E-1 3.60751E-1
5.86617E-1 5.04591E-1 3.95926E-1 3.54166E-1 3.10465E-1 3.0579E-1 3.42297E-1 1.55683E-1 3.54246E-1 3.11721E-1 4.90517E-1 2.40763E-1 3.07202E-1 4.32056E-1 4.29771E-1 5.15509E-1 5.81391E-1 8.25048E-1 7.54802E-1 7.29731E-1 6.86373E-1 7.4662E-1 7.98305E-1 8.26932E-1 8.54191E-1 8.44281E-1 9.02713E-1 9.15816E-1 8.5808E-1 8.19001E-1 7.39038E-1 6.94173E-1 4.9537E-1 7.16582E-1 7.89588E-1 7.67135E-1 7.69494E-1 6.84355E-1 6.64922E-1 5.85787E-1 7.04823E-1 7.23781E-1 6.89363E-1 7.41162E-1 7.87053E-1 7.92426E-1 6.81442E-1 8.06259E-1 7.64621E-1 7.25108E-1 6.8557E-1 6.4151E-1 5.8432E-1 6.28495E-1 6.71943E-1 6.74569E-1 6.28935E-1 5.86478E-1 5.15399E-1 4.20945E-1
5.85161E-1 5.12427E-1 4.30352E-1 4.80237E-1 3.23802E-1 2.70431E-1 3.25164E-1 1.64958E-1 3.01982E-1 5.13458E-1 3.80419E-1 2.71006E-1 3.05986E-1 4.09941E-1 4.20425E-1 5.52824E-1 4.5516E-1 7.42925E-1 6.98585E-1 4.92504E-1 6.22938E-1 7.16327E-1 7.93624E-1 8.4983E-1 8.89396E-1 9.01357E-1 9.05607E-1 8.05945E-1 8.04735E-1 7.61126E-1 6.21947E-1 6.87574E-1 5.82389E-1 5.83489E-1 7.98039E-1 8.29765E-1 8.09534E-1 7.18871E-1 7.20339E-1 7.03582E-1 7.63012E-1 7.75008E-1 7.86372E-1 7.84937E-1 7.4366E-1 7.30207E-1 6.02323E-1 7.46807E-1 7.78261E-1 7.91434E-1 7.76875E-1 7.26059E-1 6.70612E-1 7.03018E-1 7.1337E-1 6.94747E-1 6.63782E-1 6.46692E-1 5.66807E-1 4.90061E-1
4.78966E-1 5.12607E-1 4.38782E-1 3.6846E-1 3.86279E-1 3.65794E-1 3.26563E-1 1.90876E-1 4.66226E-1 4.08681E-1 3.94949E-1 3.38847E-1 3.37715E-1 3.63741E-1 3.97448E-1 5.16836E-1 3.67804E-1 6.53503E-1 6.0689E-1 4.25483E-1 5.69318E-1 6.73526E-1 7.44954E-1 7.84669E-1 8.07896E-1 8.30404E-1 8.37563E-1 8.19191E-1 8.92614E-1 8.14362E-1 6.57303E-1 6.92375E-1 6.68846E-1 7.36445E-1 7.99039E-1 7.2937E-1 8.26714E-1 8.10166E-1 4.86383E-1 6.69339E-1 6.78907E-1 7.31623E-1 7.22367E-1 7.11219E-1 6.20194E-1 6.18734E-1 4.3247E-1 6.87604E-1 6.68811E-1 7.75925E-1 8.00421E-1 7.94967E-1 7.62E-1 7.54292E-1 7.24325E-1 7.10614E-1 7.13651E-1 7.06575E-1 6.16018E-1 5.99851E-1
6.82717E-1 5.46463E-1 3.75207E-1 3.24084E-1 2.48434E-1 2.06036E-1 2.6577E-1 3.55276E-1 2.36427E-1 2.5146E-1 3.84445E-1 4.58562E-1 4.26728E-1 3.68938E-1 4.94007E-1 4.99643E-1 3.04985E-1 3.51143E-1 3.36259E-1 3.9922E-1 4.3336E-1 4.38979E-1 4.7654E-1 5.13867E-1 5.90871E-1 7.26505E-1 7.34622E-1 7.31073E-1 7.08963E-1 6.43773E-1 6.17958E-1 6.45298E-1 6.62297E-1 5.44077E-1 5.7896E-1 5.41472E-1 5.23962E-1 4.39745E-1 5.16887E-1 5.73232E-1 6.36705E-1 6.54208E-1 6.25651E-1 5.55159E-1 5.12797E-1 5.34384E-1 6.73936E-1 6.62753E-1 6.23677E-1 7.23884E-1 7.17376E-1 7.24043E-1 7.67421E-1 7.80522E-1 5.98719E-1 6.35028E-1 7.31483E-1 5.84921E-1 7.13454E-1 6.50807E-1
5.68189E-1 3.71271E-1 3.42685E-1 2.71333E-1 2.31736E-1 1.9198E-1 1.91482E-1 3.93782E-1 1.67291E-1 2.04722E-1 2.90085E-1 4.70162E-1 4.70414E-1 3.92082E-1 4.90746E-1 3.23781E-1 2.62914E-1 2.49936E-1 2.28377E-1 2.52808E-1 2.7783E-1 2.95234E-1 3.08386E-1 3.89891E-1 5.36926E-1 5.9865E-1 6.85932E-1 5.49905E-1 4.64246E-1 5.11397E-1 5.92141E-1 6.70848E-1 6.73841E-1 7.0303E-1 7.28229E-1 5.55821E-1 6.03208E-1 3.26312E-1 4.92835E-1 5.30109E-1 5.593E-1 3.58978E-1 4.83976E-1 4.43098E-1 3.82323E-1 4.48573E-1 5.93097E-1 4.1944E-1 3.3776E-1 3.71446E-1 5.31258E-1 6.40848E-1 6.57387E-1 7.78208E-1 6.68912E-1 6.23161E-1 7.25081E-1 7.33893E-1 6.74848E-1 6.30027E-1
3.35564E-1 2.71463E-1 2.52813E-1 2.35998E-1 2.54376E-1 2.50489E-1 2.85788E-1 2.32964E-1 1.49241E-1 1.91207E-1 3.70005E-1 4.88945E-1 4.88249E-1 4.15626E-1 3.41749E-1 4.21876E-1 2.80279E-1 3.6629E-1 1.92658E-1 2.22023E-1 2.39409E-1 2.69247E-1 2.95514E-1 3.83635E-1 4.47981E-1 6.64218E-1 6.2156E-1 6.14179E-1 4.49285E-1 4.8652E-1 5.55713E-1 5.90545E-1 6.097E-1 6.37142E-1 5.61418E-1 5.32038E-1 4.75509E-1 3.54165E-1 3.7262E-1 4.41875E-1 3.45019E-1 3.76099E-1 3.83942E-1 3.00371E-1 1.53805E-1 3.19287E-1 4.06449E-1 4.67849E-1 5.23976E-1 5.56843E-1 5.79183E-1 4.83273E-1 5.78941E-1 5.56598E-1 7.21055E-1 5.71527E-1 6.62282E-1 6.7717E-1 6.41379E-1 5.47416E-1
3.35905E-1 2.94807E-1 2.10745E-1 2.2044E-1 2.63063E-1 3.1466E-1 3.98812E-1 1.96554E-1 1.7149E-1 1.71998E-1 2.82632E-1 2.63222E-1 3.01358E-1 3.06391E-1 2.63262E-1 3.53853E-1 3.56109E-1 3.25869E-1 1.7688E-1 2.04138E-1 2.43551E-1 2.79294E-1 2.94951E-1 3.01498E-1 3.00169E-1 6.09754E-1 3.53579E-1 5.04437E-1 3.5925E-1 4.16642E-1 4.45569E-1 4.58102E-1 4.81879E-1 3.67426E-1 3.41387E-1 3.9717E-1 4.62264E-1 4.45428E-1 3.86842E-1 4.5188E-1 4.49824E-1 3.58711E-1 4.49604E-1 3.58224E-1 2.86078E-1 3.90425E-1 4.47036E-1 4.90783E-1 5.21674E-1 5.1172E-1 5.19322E-1 5.36178E-1 5.07067E-1 6.42048E-1 7.00826E-1 6.50994E-1 5.97678E-1 5.84617E-1 5.00122E-1 4.19519E-1
3.20828E-1 2.80666E-1 2.9556E-1 2.3101E-1 1.92226E-1 3.59405E-1 2.07046E-1 1.91346E-1 1.91311E-1 1.68135E-1 1.75425E-1 2.77582E-1 3.03309E-1 3.16269E-1 2.54135E-1 1.99199E-1 1.87828E-1 3.13765E-1 1.6956E-1 2.095E-1 2.34881E-1 2.40029E-1 2.31945E-1 2.42307E-1 3.47746E-1 3.95952E-1 3.83889E-1 2.38673E-1 2.60175E-1 3.00265E-1 2.97107E-1 3.17048E-1 3.26434E-1 3.05447E-1 3.43697E-1 3.86368E-1 4.14828E-1 2.90622E-1 3.75233E-1 3.43363E-1 4.53088E-1 4.00714E-1 4.21593E-1 4.26439E-1 4.15122E-1 4.43966E-1 3.3776E-1 4.79883E-1 5.23522E-1 5.23604E-1 4.81355E-1 4.66632E-1 4.97846E-1 4.69161E-1 6.28827E-1 6.19185E-1 5.93817E-1 4.31402E-1 3.64391E-1 4.32753E-1
3.00759E-1 3.37608E-1 3.02455E-1 3.00138E-1 2.37541E-1 2.66634E-1 2.14672E-1 2.01437E-1 1.87982E-1 2.07008E-1 2.32589E-1 1.22101E-1 1.96113E-1 2.20142E-1 2.31137E-1 2.2697E-1 2.30619E-1 3.29703E-1 2.35998E-1 1.91998E-1 1.80829E-1 1.79459E-1 1.83029E-1 1.87938E-1 2.05662E-1 3.18925E-1 2.96003E-1 2.92647E-1 1.77675E-1 2.00737E-1 2.49529E-1 2.64108E-1 3.3079E-1 3.4993E-1 3.58781E-1 3.93339E-1 4.25101E-1 4.72714E-1 4.37434E-1 4.25628E-1 4.39346E-1 4.71345E-1 4.93615E-1 4.40755E-1 4.42987E-1 3.71774E-1 4.64718E-1 5.19671E-1 3.38663E-1 5.35047E-1 5.10013E-1 5.09296E-1 5.11918E-1 5.13603E-1 4.97755E-1 6.16006E-1 5.15955E-1 5.24743E-1 4.52159E-1 3.50466E-1
-9999 -9999 -9999 2.50383E-1 2.93816E-1 2.27115E-1 2.65259E-1 2.52328E-1 2.36631E-1 2.65212E-1 2.0003E-1 1.31009E-1 1.24377E-1 1.5191E-1 1.73741E-1 1.91263E-1 2.39274E-1 2.95501E-1 2.92802E-1 2.87735E-1 2.43061E-1 1.93507E-1 1.58763E-1 1.56195E-1 1.55168E-1 1.84487E-1 2.04259E-1 1.81589E-1 2.56788E-1 1.66861E-1 2.03284E-1 2.30054E-1 3.42833E-1 4.28126E-1 4.57405E-1 4.48276E-1 4.17134E-1 4.11969E-1 5.44992E-1 4.97624E-1 4.53679E-1 4.67217E-1 5.45705E-1 4.98812E-1 3.45184E-1 1.76668E-1 4.06677E-1 4.72336E-1 5.21093E-1 5.67391E-1 5.66301E-1 5.56658E-1 4.7169E-1 3.27154E-1 3.70464E-1 3.09677E-1 6.66003E-1 6.58477E-1 4.04586E-1 4.92001E-1
-9999 -9999 -9999 -9999 2.68031E-1 3.17634E-1 3.62354E-1 3.3459E-1 2.66148E-1 2.20356E-1 1.42774E-1 9.30441E-2 8.85204E-2 1.37368E-1 1.47626E-1 1.76347E-1 1.94007E-1 2.41323E-1 2.36573E-1 2.33946E-1 2.33536E-1 2.4322E-1 2.23292E-1 1.9597E-1 1.54489E-1 1.57571E-1 1.469E-1 1.25288E-1 1.81618E-1 2.13304E-1 1.87008E-1 2.31258E-1 3.38151E-1 3.7126E-1 3.77777E-1 3.80003E-1 4.0082E-1 4.17971E-1 4.78904E-1 4.97395E-1 2.87926E-1 5.15438E-1 4.01678E-1 3.61736E-1 4.09447E-1 3.59664E-1 2.49143E-1 4.75159E-1 5.04292E-1 3.82423E-1 5.39653E-1 4.43283E-1 5.21514E-1 5.01619E-1 -9999 -9999 -9999 -9999 -9999 -9999
-9999 -9999 -9999 -9999 -9999 -9999 3.72903E-1 3.38899E-1 2.60907E-1 1.77964E-1 1.27996E-1 8.19711E-2 7.27115E-2 9.37796E-2 1.65444E-1 1.2678E-1 2.40929E-1 1.68186E-1 1.6317E-1 1.90287E-1 2.06316E-1 1.90347E-1 1.9556E-1 1.79805E-1 1.4933E-1 1.25289E-1 1.27122E-1 1.00975E-1 1.3066E-1 1.72179E-1 2.21026E-1 2.77361E-1 3.30674E-1 3.79641E-1 4.27051E-1 4.20415E-1 4.13047E-1 4.19045E-1 2.62377E-1 5.13442E-1 4.18521E-1 5.54299E-1 4.08177E-1 3.54955E-1 3.67478E-1 4.25559E-1 5.47709E-1 3.624E-1 4.9019E-1 5.12217E-1 5.35681E-1 -9999 -9999 -9999 -9999 -9999 -9999 -9999 -9999 -9999
-9999 -9999 -9999 -9999 -9999 -9999 -9999 -9999 2.22585E-1 1.16696E-1 1.10486E-1 3.59951E-2 3.77827E-2 4.29959E-2 5.7922E-2 1.0795E-1 1.39947E-1 1.32614E-1 1.07829E-1 1.43886E-1 1.89399E-1 1.67873E-1 1.77043E-1 1.70099E-1 1.40233E-1 1.06689E-1 1.19812E-1 1.13956E-1 1.26422E-1 1.71931E-1 2.20485E-1 3.02526E-1 3.69231E-1 4.51445E-1 4.91975E-1 4.86362E-1 4.60695E-1 4.34182E-1 4.10916E-1 4.44112E-1 5.13752E-1 5.45799E-1 5.23024E-1 4.60813E-1 4.23973E-1 4.76383E-1 6.18104E-1 5.67361E-1 4.51113E-1 -9999 -9999 -9999 -9999 -9999 -9999 -9999 -9999 -9999 -9999 -9999
