Phytophthora/models/20240506_1522_03/Phytophthora_PA3_RUN7_MAXENT_outputs/Phytophthora_PA3_RUN7.asc
ncols         225
nrows         269
xllcorner     473009.9838
yllcorner     4429051.1748
cellsize      50.0
NODATA_value  -9999
[rows 52 to 77 of 269, columns 60 to 119 of 225]
1.32423E-4 1.05956E-4 2.75201E-4 5.85207E-4 9.13996E-4 1.44348E-3 3.45884E-3 2.55566E-3 6.98157E-3 9.50766E-3 1.21652E-2 1.19218E-2 5.48475E-3 6.70838E-3 6.3581E-3 6.32751E-3 7.30528E-3 7.45302E-3 7.69425E-3 8.84812E-3 1.0897E-2 1.31609E-2 1.36813E-2 9.27094E-3 -9999 -9999 -9999 -9999 -9999 -9999 -9999 -9999 -9999 -9999 -9999 -9999 -9999 -9999 -9999 -9999 -9999 -9999 -9999 -9999 -9999 -9999 -9999 -9999 -9999 -9999 -9999 -9999 -9999 -9999 -9999 -9999 -9999 -9999 -9999 -9999
1.32904E-4 8.64006E-5 3.50733E-4 6.43521E-4 1.12461E-3 1.71991E-3 3.36405E-3 4.95365E-3 6.47758E-3 6.56909E-3 4.93381E-3 4.0862E-3 5.11349E-3 7.19068E-3 7.21563E-3 6.5602E-3 6.52731E-3 6.0673E-3 6.35258E-3 7.36975E-3 8.88665E-3 1.06443E-2 1.2294E-2 9.51903E-3 1.51451E-2 1.6011E-2 -9999 -9999 -9999 -9999 -9999 -9999 -9999 -9999 -9999 -9999 -9999 -9999 -9999 -9999 -9999 -9999 -9999 -9999 -9999 -9999 -9999 -9999 -9999 -9999 -9999 -9999 -9999 -9999 -9999 -9999 -9999 -9999 -9999 -9999
1.39783E-4 1.99483E-4 3.57288E-4 3.27725E-4 1.14945E-3 1.87721E-3 3.20772E-3 4.33073E-3 4.16011E-3 3.6943E-3 3.17531E-3 3.23925E-3 5.57237E-3 6.31653E-3 1.20569E-2 7.30783E-3 6.58315E-3 6.16079E-3 5.36821E-3 5.96202E-3 8.54244E-3 1.14569E-2 1.0436E-2 5.59383E-3 1.34276E-2 1.4007E-2 1.28085E-2 9.31833E-3 1.11417E-2 2.12749E-2 4.52297E-2 3.81406E-2 -9999 -9999 -9999 -9999 -9999 -9999 -9999 -9999 -9999 -9999 -9999 -9999 -9999 -9999 -9999 -9999 -9999 -9999 -9999 -9999 -9999 -9999 -9999 -9999 -9999 -9999 -9999 -9999
9.72497E-5 2.09486E-4 3.8662E-4 7.30224E-4 1.19323E-3 2.00715E-3 3.28788E-3 4.39869E-3 3.51262E-3 3.25982E-3 3.32838E-3 3.02539E-3 5.12639E-3 9.45104E-3 4.47455E-3 5.37157E-3 6.27437E-3 5.99119E-3 5.26367E-3 6.32584E-3 1.07758E-2 8.33846E-3 6.55288E-3 9.17604E-3 1.29794E-2 1.08651E-2 1.13813E-2 1.06776E-2 1.05635E-2 6.78494E-3 3.71874E-2 3.47016E-2 3.69718E-2 -9999 -9999 -9999 -9999 -9999 -9999 -9999 -9999 -9999 -9999 -9999 -9999 -9999 -9999 -9999 -9999 -9999 -9999 -9999 -9999 -9999 -9999 -9999 -9999 -9999 -9999 -9999
1.18011E-4 2.08127E-4 3.54031E-4 7.99984E-4 1.38143E-3 2.08951E-3 2.64102E-3 2.21043E-3 2.91391E-3 2.5453E-3 2.45424E-3 2.06261E-3 1.80687E-3 2.00235E-3 3.96631E-3 2.32829E-3 5.59407E-3 5.73105E-3 5.38363E-3 7.13752E-3 8.95166E-3 5.28572E-3 6.25857E-3 1.09543E-2 9.64919E-3 8.9976E-3 1.08445E-2 1.0896E-2 1.04745E-2 4.64316E-3 2.11345E-2 3.10406E-2 4.45135E-2 -9999 -9999 -9999 -9999 -9999 -9999 -9999 -9999 -9999 -9999 -9999 -9999 -9999 -9999 -9999 -9999 -9999 -9999 -9999 -9999 -9999 -9999 -9999 -9999 -9999 -9999 -9999
9.93154E-5 1.7618E-4 2.77384E-4 5.92092E-4 1.26014E-3 2.07511E-3 2.63483E-3 2.53654E-3 2.74182E-3 2.57903E-3 2.08802E-3 1.69878E-3 1.13289E-3 1.16516E-3 1.8665E-3 1.46761E-3 3.05361E-3 6.32542E-3 6.01133E-3 8.83689E-3 8.60182E-3 4.15442E-3 4.73166E-3 8.64811E-3 7.1299E-3 1.24703E-2 1.11216E-2 1.10847E-2 8.97964E-3 6.36924E-3 1.31115E-2 3.43638E-2 5.16083E-2 -9999 -9999 -9999 -9999 -9999 -9999 -9999 -9999 -9999 -9999 -9999 -9999 -9999 -9999 -9999 -9999 -9999 -9999 -9999 -9999 -9999 -9999 -9999 -9999 -9999 -9999 -9999
9.18434E-5 1.39868E-4 1.92768E-4 3.67186E-4 6.78279E-4 1.38073E-3 2.49118E-3 2.28499E-3 2.16664E-3 1.70146E-3 2.07564E-3 1.8297E-3 1.76394E-3 2.311E-3 2.67387E-3 3.02425E-3 3.64467E-3 3.74705E-3 7.8495E-3 8.49442E-3 8.77214E-3 4.1327E-3 3.91102E-3 6.36975E-3 8.76493E-3 9.89841E-3 9.84871E-3 9.6166E-3 7.76024E-3 5.48967E-3 8.5575E-3 2.91439E-2 4.41168E-2 2.4782E-2 -9999 -9999 -9999 -9999 -9999 -9999 -9999 -9999 -9999 -9999 -9999 -9999 -9999 -9999 -9999 -9999 -9999 -9999 -9999 -9999 -9999 -9999 -9999 -9999 -9999 -9999
7.46484E-5 1.14912E-4 1.62674E-4 2.88969E-4 4.61848E-4 1.07314E-3 1.90395E-3 1.4951E-3 1.66062E-3 2.03076E-3 1.43409E-3 2.82892E-3 2.70654E-3 2.66292E-3 2.6839E-3 2.69685E-3 3.20074E-3 4.48099E-3 4.00231E-3 5.01823E-3 8.71666E-3 4.23634E-3 3.86426E-3 5.31592E-3 7.3484E-3 7.97307E-3 8.58434E-3 8.44392E-3 7.66142E-3 5.80173E-3 7.30424E-3 1.78787E-2 3.40217E-2 2.52829E-2 -9999 -9999 -9999 -9999 -9999 -9999 -9999 -9999 -9999 -9999 -9999 -9999 -9999 -9999 -9999 -9999 -9999 -9999 -9999 -9999 -9999 -9999 -9999 -9999 -9999 -9999
5.95736E-5 9.29001E-5 1.56622E-4 2.86301E-4 4.18904E-4 6.4051E-4 9.72044E-4 9.82942E-4 1.20542E-3 1.65224E-3 2.23849E-3 2.39574E-3 3.03791E-3 3.64904E-3 3.59108E-3 3.62274E-3 3.79461E-3 4.24562E-3 4.93212E-3 3.76249E-3 6.90968E-3 4.31986E-3 4.24833E-3 5.3148E-3 7.12615E-3 7.44831E-3 7.39307E-3 6.89662E-3 6.74379E-3 6.86275E-3 8.62649E-3 2.19392E-2 3.56572E-2 2.28785E-2 3.83163E-2 -9999 -9999 -9999 -9999 -9999 -9999 -9999 -9999 -9999 -9999 -9999 -9999 -9999 -9999 -9999 -9999 -9999 -9999 -9999 -9999 -9999 -9999 -9999 -9999 -9999
5.20765E-5 7.68897E-5 1.32531E-4 2.79026E-4 4.6021E-4 5.06123E-4 5.11622E-4 7.30678E-4 9.85262E-4 1.50555E-3 1.13299E-3 2.54936E-3 3.54005E-3 3.82518E-3 4.17553E-3 4.21859E-3 1.85454E-3 2.47465E-3 4.46944E-3 3.48711E-3 1.96087E-3 4.93866E-3 5.42941E-3 5.55241E-3 6.65343E-3 6.84118E-3 7.14147E-3 6.11369E-3 5.68323E-3 7.01463E-3 9.62493E-3 2.00423E-2 3.12328E-2 3.15561E-2 1.92596E-2 2.84981E-2 -9999 -9999 -9999 -9999 -9999 -9999 -9999 -9999 -9999 -9999 -9999 -9999 -9999 -9999 -9999 -9999 -9999 -9999 -9999 -9999 -9999 -9999 -9999 -9999
4.19813E-5 6.11219E-5 1.10308E-4 2.55502E-4 4.52248E-4 4.23222E-4 4.15826E-4 5.52982E-4 7.96367E-4 1.22767E-3 1.86519E-3 2.41692E-3 3.22986E-3 3.8217E-3 4.10461E-3 4.35899E-3 4.23387E-3 4.0371E-3 3.64671E-3 4.0605E-3 4.96836E-3 5.5982E-3 3.64567E-3 6.16285E-3 6.27427E-3 6.98143E-3 6.75669E-3 5.59312E-3 5.28279E-3 6.09316E-3 1.13813E-2 1.98649E-2 3.27642E-2 1.40657E-2 2.72869E-2 1.70083E-2 -9999 -9999 -9999 -9999 -9999 -9999 -9999 -9999 -9999 -9999 -9999 -9999 -9999 -9999 -9999 -9999 -9999 -9999 -9999 -9999 -9999 -9999 -9999 -9999
3.48817E-5 5.38225E-5 9.27302E-5 1.90704E-4 2.931E-4 4.4446E-4 4.61E-4 5.56745E-4 8.88915E-4 9.12281E-4 1.82016E-3 2.27243E-3 2.81519E-3 3.45273E-3 4.41092E-3 2.35514E-3 4.41159E-3 3.52831E-3 3.24038E-3 4.26727E-3 3.5949E-3 6.60527E-3 4.52226E-3 3.34036E-3 2.96076E-3 7.18858E-3 5.60259E-3 5.40242E-3 6.03236E-3 7.03315E-3 7.06391E-3 2.04227E-2 2.03453E-2 2.12144E-2 2.12277E-2 2.78309E-2 2.37467E-2 -9999 -9999 -9999 -9999 -9999 -9999 -9999 -9999 -9999 -9999 -9999 -9999 -9999 -9999 -9999 -9999 -9999 -9999 -9999 -9999 -9999 -9999 -9999
3.81553E-5 5.91862E-5 9.49936E-5 1.94838E-4 2.37782E-4 4.97217E-4 4.59463E-4 5.4534E-4 8.84167E-4 1.41742E-3 1.63601E-3 1.96966E-3 2.46307E-3 3.25313E-3 4.35452E-3 2.65901E-3 4.94807E-3 3.92852E-3 3.00553E-3 2.86602E-3 1.91078E-3 4.85467E-3 3.35812E-3 4.10969E-3 5.97578E-3 2.99808E-3 5.96272E-3 6.04498E-3 7.17202E-3 9.39791E-3 1.41059E-2 1.07675E-2 2.5638E-2 1.69152E-2 2.04221E-2 2.64995E-2 2.18431E-2 2.24165E-2 1.20591E-2 1.0344E-2 -9999 -9999 -9999 -9999 -9999 -9999 -9999 -9999 -9999 -9999 -9999 -9999 -9999 -9999 -9999 -9999 -9999 -9999 -9999 -9999
4.66727E-5 6.4685E-5 9.45733E-5 1.99021E-4 2.96467E-4 6.10036E-4 5.7129E-4 6.31377E-4 8.32407E-4 1.25423E-3 1.50392E-3 1.62738E-3 2.31253E-3 3.18602E-3 4.32049E-3 5.55812E-3 4.43965E-3 4.97637E-3 3.14661E-3 2.23382E-3 7.55812E-4 2.14923E-3 2.6298E-3 3.34799E-3 4.56045E-3 5.68571E-3 2.8072E-3 6.91988E-3 8.66941E-3 4.23493E-3 1.2841E-2 6.32002E-3 1.90527E-2 1.69477E-2 2.8196E-2 2.8063E-2 2.17245E-2 2.43429E-2 2.23753E-2 2.55387E-2 2.90291E-2 2.75597E-2 -9999 -9999 -9999 -9999 -9999 -9999 -9999 -9999 -9999 -9999 -9999 -9999 -9999 -9999 -9999 -9999 -9999 -9999
4.04747E-5 8.29827E-5 1.17808E-4 2.17336E-4 2.6127E-4 6.4365E-4 9.1553E-4 8.9743E-4 1.03903E-3 1.4755E-3 1.88374E-3 1.99772E-3 2.43397E-3 3.57159E-3 4.71204E-3 5.79518E-3 6.68616E-3 8.24397E-3 5.56776E-3 1.9399E-3 1.0317E-3 2.19936E-3 2.74418E-3 3.56711E-3 4.74556E-3 3.29107E-3 6.68201E-3 7.61712E-3 5.91509E-3 9.02198E-3 1.14447E-2 1.50902E-2 9.50339E-3 1.81798E-2 2.67033E-2 1.11846E-2 9.25778E-3 2.29305E-2 2.37702E-2 2.65056E-2 2.44241E-2 2.26287E-2 3.14078E-2 2.68759E-2 -9999 -9999 -9999 -9999 -9999 -9999 -9999 -9999 -9999 -9999 -9999 -9999 -9999 -9999 -9999 -9999
3.35905E-5 6.27804E-5 9.24222E-5 1.85364E-4 3.28242E-4 6.09201E-4 1.09327E-3 1.15681E-3 1.71372E-3 2.36512E-3 2.60082E-3 2.57445E-3 2.72812E-3 3.93074E-3 4.53556E-3 5.44712E-3 4.12091E-3 5.52797E-3 4.57066E-3 1.82701E-3 1.38292E-3 2.70004E-3 3.00176E-3 3.68215E-3 2.05449E-3 5.9956E-3 6.35936E-3 7.62519E-3 5.24854E-3 8.53635E-3 7.63556E-3 7.12995E-3 7.75517E-3 4.27882E-3 2.5134E-2 1.05354E-2 2.15299E-2 2.3462E-2 2.48644E-2 2.62147E-2 1.9871E-2 2.04814E-2 2.87942E-2 4.52476E-2 3.83607E-2 8.55421E-2 -9999 -9999 -9999 -9999 -9999 -9999 -9999 -9999 -9999 -9999 -9999 -9999 -9999 -9999
2.79676E-5 4.97381E-5 7.00753E-5 1.33281E-4 3.55494E-4 5.83752E-4 1.02757E-3 1.90635E-3 2.40637E-3 3.21772E-3 2.42637E-3 2.55458E-3 3.36474E-3 4.4562E-3 2.67958E-3 5.27917E-3 4.3741E-3 3.77139E-3 2.54848E-3 2.51194E-3 9.27864E-4 3.53724E-3 1.53881E-3 2.20817E-3 4.82655E-3 5.35345E-3 5.79568E-3 7.4537E-3 8.60068E-3 8.981E-3 7.34717E-3 6.63505E-3 9.07071E-3 2.24796E-2 2.22007E-2 1.8027E-2 1.71973E-2 1.98255E-2 2.08532E-2 1.93289E-2 1.4849E-2 1.65246E-2 2.27025E-2 3.4028E-2 5.52413E-2 -9999 -9999 -9999 -9999 -9999 -9999 -9999 -9999 -9999 -9999 -9999 -9999 -9999 -9999 -9999
3.17119E-5 6.90723E-5 1.01791E-4 2.23785E-4 3.96881E-4 6.82908E-4 1.02812E-3 1.86117E-3 2.70049E-3 3.41631E-3 4.23077E-3 4.76471E-3 3.8578E-3 4.86885E-3 5.29388E-3 5.14562E-3 3.98597E-3 3.42478E-3 2.55539E-3 2.23808E-3 1.46796E-3 4.76762E-3 4.86252E-3 4.21271E-3 3.79581E-3 5.65201E-3 5.68876E-3 6.67581E-3 9.25812E-3 9.74149E-3 8.87508E-3 8.70642E-3 1.00521E-2 1.5874E-2 1.16513E-2 8.12029E-3 9.88501E-3 1.3143E-2 1.71034E-2 1.44913E-2 1.1986E-2 1.39769E-2 1.88358E-2 2.82758E-2 6.5722E-2 8.17369E-2 -9999 -9999 -9999 -9999 -9999 -9999 -9999 -9999 -9999 -9999 -9999 -9999 -9999 -9999
3.11749E-5 2.61425E-5 1.18046E-4 2.45157E-4 4.37876E-4 7.78585E-4 1.13906E-3 1.79492E-3 2.54388E-3 3.21468E-3 3.8889E-3 4.76681E-3 5.78611E-3 5.16361E-3 4.8224E-3 4.67914E-3 3.5109E-3 3.06432E-3 2.24774E-3 1.82291E-3 2.00658E-3 4.63369E-3 4.53251E-3 3.56893E-3 5.12597E-3 5.80737E-3 6.17533E-3 7.38991E-3 8.41771E-3 1.01114E-2 1.03668E-2 1.10303E-2 1.23208E-2 1.04033E-2 8.77855E-3 1.19942E-2 9.05567E-3 1.07395E-2 1.1431E-2 1.19526E-2 1.1001E-2 1.39326E-2 1.73929E-2 3.993E-2 5.68867E-2 7.41773E-2 -9999 -9999 -9999 -9999 -9999 -9999 -9999 -9999 -9999 -9999 -9999 -9999 -9999 -9999
3.57041E-5 5.29037E-5 1.28834E-4 2.56266E-4 5.16124E-4 8.31721E-4 1.22262E-3 1.9041E-3 2.70182E-3 3.49628E-3 3.83402E-3 4.20695E-3 4.89342E-3 6.21048E-3 5.01944E-3 4.60372E-3 3.40535E-3 3.14966E-3 2.54597E-3 2.10231E-3 2.52822E-3 4.06663E-3 4.3704E-3 3.30437E-3 4.19159E-3 5.37587E-3 6.78966E-3 6.68722E-3 8.10644E-3 9.77235E-3 1.04997E-2 1.26371E-2 1.04441E-2 1.17938E-2 1.22777E-2 9.89778E-3 8.58565E-3 1.19389E-2 9.1451E-3 1.2426E-2 1.16563E-2 2.5725E-2 3.73462E-2 4.18601E-2 4.79088E-2 7.66051E-2 1.00967E-1 -9999 -9999 -9999 -9999 -9999 -9999 -9999 -9999 -9999 -9999 -9999 -9999 -9999
5.66013E-5 7.38988E-5 1.01034E-4 2.22819E-4 5.22735E-4 8.04611E-4 1.21794E-3 2.22272E-3 3.35124E-3 4.08623E-3 4.56322E-3 4.45156E-3 5.13555E-3 6.95696E-3 6.86346E-3 5.2831E-3 3.75455E-3 3.44616E-3 2.69428E-3 1.34345E-3 3.46701E-3 4.62969E-3 4.73302E-3 3.49947E-3 4.48314E-3 5.55675E-3 5.78747E-3 7.09829E-3 7.88136E-3 1.06166E-2 1.05671E-2 1.29017E-2 7.96274E-3 1.1116E-2 9.67942E-3 8.47301E-3 9.13801E-3 1.16123E-2 1.53878E-2 8.60767E-3 1.21516E-2 2.24629E-2 2.67906E-2 4.19407E-2 5.99235E-2 7.57666E-2 9.4338E-2 -9999 -9999 -9999 -9999 -9999 -9999 -9999 -9999 -9999 -9999 -9999 -9999 -9999
4.56853E-5 8.87356E-5 1.04305E-4 8.63876E-5 3.7108E-4 9.7016E-4 1.71626E-3 2.80116E-3 4.27259E-3 5.70759E-3 5.91665E-3 6.33164E-3 7.86166E-3 1.153E-2 4.73595E-3 1.03981E-2 7.05429E-3 5.95031E-3 4.71655E-3 2.2863E-3 5.54135E-3 6.79045E-3 5.92453E-3 7.44638E-3 8.95313E-3 7.32834E-3 1.37508E-2 1.29385E-2 1.13623E-2 1.60185E-2 1.84799E-2 2.31175E-2 2.66196E-2 2.20904E-2 1.99633E-2 1.81241E-2 1.64253E-2 1.60398E-2 1.91558E-2 2.08258E-2 2.49089E-2 4.03191E-2 5.54889E-2 5.71338E-2 4.4174E-2 5.90049E-2 8.05214E-2 -9999 -9999 -9999 -9999 -9999 -9999 -9999 -9999 -9999 -9999 -9999 -9999 -9999
6.94077E-5 8.7211E-5 1.73309E-4 2.01959E-4 3.97797E-4 7.36661E-4 1.51173E-3 3.04541E-3 3.59246E-3 7.27713E-3 7.92211E-3 8.11424E-3 1.09158E-2 1.70394E-2 1.92988E-2 1.36454E-2 1.24754E-2 7.60433E-3 7.12888E-3 7.52642E-3 6.04137E-3 8.48916E-3 9.15384E-3 1.2113E-2 2.2566E-2 3.09361E-2 2.23637E-2 1.37369E-2 1.42013E-2 1.41576E-2 2.2158E-2 3.31337E-2 4.11784E-2 4.10585E-2 4.3453E-2 4.39821E-2 3.71215E-2 4.25785E-2 3.22658E-2 2.70737E-2 2.68751E-2 3.35598E-2 4.63207E-2 6.2143E-2 7.34043E-2 9.82633E-2 1.5953E-1 1.70998E-1 -9999 -9999 -9999 -9999 -9999 -9999 -9999 -9999 -9999 -9999 -9999 -9999
2.27218E-4 1.44377E-4 2.54724E-4 2.74152E-4 4.50578E-4 9.30365E-4 6.49343E-4 1.27801E-3 5.31047E-3 8.33174E-3 1.03997E-2 1.14282E-2 1.54858E-2 1.85216E-2 2.55631E-2 2.80718E-2 2.60512E-2 1.91156E-2 2.14972E-2 2.51259E-2 9.61799E-3 1.82436E-2 1.75214E-2 2.19133E-2 4.91984E-2 3.85279E-2 2.27448E-2 3.14532E-2 3.32894E-2 2.6902E-2 3.63159E-2 4.98841E-2 5.74673E-2 6.18459E-2 7.62378E-2 9.02589E-2 8.93698E-2 7.94485E-2 6.94468E-2 5.28501E-2 4.49679E-2 3.80194E-2 7.70397E-2 9.44577E-2 1.478E-1 1.70263E-1 1.82906E-1 1.6291E-1 1.52705E-1 1.38327E-1 -9999 -9999 -9999 -9999 -9999 -9999 -9999 -9999 -9999 -9999
3.54199E-4 3.03529E-4 3.75376E-4 3.43919E-4 5.39675E-4 1.05663E-3 9.5638E-4 2.45267E-3 4.71447E-3 7.94845E-3 1.17137E-2 1.48905E-2 2.09191E-2 2.48234E-2 2.9726E-2 3.0699E-2 3.09285E-2 2.68253E-2 3.66106E-2 2.52227E-2 4.30623E-2 2.24606E-2 3.5239E-2 6.25681E-2 6.95913E-2 3.84048E-2 3.49731E-2 4.37111E-2 5.30671E-2 5.90297E-2 7.99668E-2 8.07838E-2 9.62256E-2 1.07414E-1 1.12342E-1 1.39743E-1 1.56669E-1 1.36413E-1 1.12432E-1 1.13155E-1 1.03823E-1 1.30962E-1 1.06847E-1 1.69247E-1 2.40265E-1 1.78179E-1 2.45531E-1 1.92017E-1 1.797E-1 1.53957E-1 1.22409E-1 9.81872E-2 -9999 -9999 -9999 -9999 -9999 -9999 -9999 -9999
9.37986E-4 9.0464E-4 8.23925E-4 4.94045E-4 7.2688E-4 1.17469E-3 8.57782E-4 2.43674E-3 4.7752E-3 1.02792E-2 1.81827E-2 2.57539E-2 3.39261E-2 3.66255E-2 4.11107E-2 4.632E-2 5.04431E-2 5.4962E-2 6.94651E-2 6.03332E-2 3.9246E-2 4.35915E-2 7.5569E-2 8.20333E-2 4.96539E-2 4.82305E-2 5.64247E-2 7.36626E-2 9.27758E-2 9.12437E-2 6.05204E-2 7.44535E-2 1.3288E-1 1.70445E-1 1.88661E-1 2.06156E-1 2.30138E-1 2.34152E-1 2.17968E-1 2.43198E-1 2.63594E-1 3.03363E-1 2.18316E-1 1.99912E-1 2.63277E-1 3.85089E-1 3.03524E-1 2.58872E-1 2.39486E-1 1.82563E-1 1.48609E-1 1.19816E-1 1.14932E-1 -9999 -9999 -9999 -9999 -9999 -9999 -9999
