Phytophthora/models/20240506_1522_03/Phytophthora_PA3_RUN7_MAXENT_outputs/Phytophthora_PA3_RUN7.asc
ncols         225
nrows         269
xllcorner     473009.9838
yllcorner     4429051.1748
cellsize      50.0
NODATA_value  -9999
[rows 182 to 207 of 269, columns 60 to 119 of 225]
3.37434E-1 3.48186E-1 3.63995E-1 4.41085E-1 4.53029E-1 5.02789E-1 5.17538E-1 5.94715E-1 5.43392E-1 6.55844E-1 6.1528E-1 5.85962E-1 5.44856E-1 4.81098E-1 4.12173E-1 3.8167E-1 3.97671E-1 3.66434E-1 1.89434E-1 1.30078E-1 1.04465E-1 8.42263E-2 6.43352E-2 5.85074E-2 1.73302E-1 2.28052E-1 2.97781E-1 3.53334E-1 5.43294E-1 6.68946E-1 5.49047E-1 4.73742E-1 4.5689E-1 5.08495E-1 4.61015E-1 5.25276E-1 5.65378E-1 6.31158E-1 6.48079E-1 5.15556E-1 5.23158E-1 5.11437E-1 4.43007E-1 3.89439E-1 3.88287E-1 4.35546E-1 4.53841E-1 4.8558E-1 5.10105E-1 5.5727E-1 5.71902E-1 6.11818E-1 5.31993E-1 4.93526E-1 3.38515E-1 3.127E-1 2.78158E-1 1.56202E-1 2.49827E-1 1.97294E-1
4.12589E-1 4.37577E-1 4.42461E-1 4.67756E-1 4.98994E-1 3.95827E-1 6.01492E-1 4.53508E-1 6.60418E-1 6.35592E-1 5.8639E-1 5.45609E-1 5.10909E-1 4.36722E-1 3.53019E-1 3.01556E-1 2.76965E-1 2.24306E-1 2.35426E-1 1.34722E-1 9.2554E-2 7.91268E-2 6.5818E-2 9.13339E-2 2.24119E-1 3.0556E-1 3.41122E-1 3.69437E-1 5.72035E-1 5.90639E-1 5.77186E-1 4.63141E-1 5.33604E-1 5.47671E-1 4.61792E-1 4.9538E-1 5.62109E-1 6.09966E-1 3.45829E-1 4.7375E-1 4.64603E-1 4.44428E-1 3.78065E-1 3.42848E-1 3.79429E-1 4.34718E-1 4.56733E-1 4.63157E-1 4.72214E-1 5.13581E-1 5.03217E-1 4.95811E-1 4.74801E-1 3.28721E-1 3.14876E-1 2.25434E-1 1.47405E-1 2.26511E-1 2.91671E-1 2.44554E-1
4.30012E-1 5.04941E-1 5.17366E-1 5.13788E-1 3.93162E-1 6.14698E-1 7.16222E-1 6.72141E-1 5.99669E-1 5.93093E-1 5.17833E-1 4.62777E-1 4.37214E-1 3.74185E-1 2.90085E-1 2.19197E-1 1.69259E-1 1.58624E-1 1.43787E-1 1.41416E-1 7.54681E-2 7.21472E-2 6.99928E-2 7.78951E-2 2.28749E-1 2.96248E-1 3.24267E-1 4.15394E-1 5.87214E-1 5.8027E-1 5.17116E-1 4.98989E-1 4.92832E-1 5.15275E-1 4.74157E-1 4.62124E-1 4.85867E-1 4.76012E-1 5.75521E-1 3.40578E-1 5.07209E-1 3.74738E-1 3.49316E-1 3.33148E-1 3.91823E-1 4.60037E-1 4.87075E-1 4.51193E-1 3.49841E-1 2.86457E-1 4.47599E-1 3.97225E-1 3.09256E-1 1.63195E-1 3.21592E-1 2.77162E-1 1.49723E-1 2.44614E-1 3.09821E-1 2.64211E-1
4.11692E-1 4.94869E-1 5.22552E-1 5.30983E-1 5.57969E-1 6.9079E-1 7.05724E-1 5.62848E-1 5.54062E-1 5.41714E-1 4.41257E-1 4.02456E-1 3.69134E-1 3.09631E-1 2.54752E-1 1.90267E-1 1.3593E-1 1.06202E-1 1.05777E-1 9.01176E-2 7.65814E-2 6.99902E-2 7.85918E-2 4.78962E-2 2.37359E-1 3.18279E-1 4.01237E-1 5.07097E-1 6.0356E-1 5.54748E-1 5.12945E-1 5.67801E-1 5.03415E-1 5.08578E-1 4.69818E-1 4.50079E-1 4.50736E-1 4.29506E-1 3.54037E-1 3.36558E-1 4.61101E-1 3.17333E-1 3.50057E-1 3.09368E-1 3.41136E-1 4.05548E-1 5.2393E-1 5.36712E-1 3.48288E-1 3.40535E-1 3.27108E-1 3.24783E-1 2.67544E-1 1.51804E-1 2.52785E-1 2.5589E-1 2.49987E-1 2.25512E-1 2.86984E-1 2.97172E-1
4.80242E-1 3.31321E-1 5.55093E-1 5.3037E-1 6.10896E-1 6.92984E-1 6.2829E-1 4.89385E-1 5.40605E-1 5.11852E-1 3.82874E-1 3.65828E-1 3.52783E-1 2.85549E-1 2.12522E-1 1.60673E-1 1.11562E-1 7.08286E-2 5.86416E-2 5.63538E-2 6.0688E-2 8.58413E-2 1.0144E-1 2.19737E-1 3.1362E-1 3.51882E-1 4.45638E-1 5.40461E-1 6.07884E-1 5.89224E-1 5.89968E-1 5.23821E-1 5.41064E-1 3.83754E-1 4.85517E-1 4.50802E-1 4.26563E-1 4.31377E-1 2.86394E-1 4.71292E-1 4.37525E-1 2.91546E-1 3.46464E-1 3.1975E-1 3.15122E-1 3.54267E-1 3.84216E-1 4.88948E-1 4.0589E-1 4.21357E-1 2.53934E-1 2.36856E-1 2.93824E-1 1.61863E-1 2.58062E-1 2.46713E-1 2.76885E-1 2.26765E-1 2.42662E-1 1.95639E-1
5.71083E-1 5.54583E-1 5.4358E-1 5.39725E-1 6.7384E-1 6.64649E-1 5.42617E-1 4.45868E-1 4.67947E-1 5.06976E-1 4.72932E-1 3.87013E-1 3.82398E-1 3.00129E-1 2.00446E-1 1.26217E-1 7.63873E-2 5.02078E-2 5.29037E-2 5.38905E-2 4.40496E-2 7.57511E-2 1.4141E-1 2.07792E-1 3.08167E-1 3.40178E-1 4.36783E-1 5.31005E-1 5.72763E-1 5.63862E-1 5.27162E-1 5.01955E-1 5.02186E-1 4.81095E-1 4.62275E-1 3.66263E-1 3.14013E-1 3.68783E-1 4.36051E-1 4.14551E-1 4.14317E-1 2.43495E-1 2.87038E-1 3.34203E-1 3.0266E-1 3.10169E-1 2.11772E-1 1.43872E-1 2.48108E-1 2.84711E-1 2.53204E-1 1.70391E-1 2.34567E-1 2.11354E-1 2.64528E-1 1.57042E-1 2.65183E-1 2.27194E-1 2.30588E-1 2.52398E-1
4.54976E-1 4.47995E-1 4.3578E-1 4.7075E-1 5.47461E-1 4.52188E-1 3.49328E-1 2.98099E-1 2.83182E-1 4.06318E-1 2.56209E-1 3.13147E-1 3.19979E-1 2.54635E-1 1.60406E-1 1.01489E-1 6.41918E-2 4.79944E-2 5.53172E-2 2.8131E-2 6.81866E-2 7.39581E-2 9.47773E-2 1.64233E-1 3.51968E-1 4.05244E-1 4.92788E-1 5.28279E-1 5.43467E-1 5.28732E-1 4.89433E-1 4.81889E-1 4.72898E-1 4.29374E-1 4.28064E-1 4.50536E-1 3.1706E-1 1.608E-1 1.63098E-1 3.61622E-1 1.52231E-1 1.91132E-1 2.20194E-1 2.97709E-1 3.07183E-1 1.80932E-1 2.98078E-1 1.06847E-1 1.07088E-1 1.08256E-1 1.2082E-1 1.42719E-1 2.7295E-1 2.94675E-1 2.2864E-1 1.4004E-1 2.35171E-1 2.06399E-1 2.02305E-1 2.37955E-1
3.87231E-1 3.83533E-1 3.50596E-1 3.95189E-1 4.00457E-1 2.91895E-1 2.25444E-1 1.96253E-1 2.04687E-1 2.52685E-1 3.39217E-1 3.60995E-1 2.56577E-1 2.0167E-1 1.16436E-1 7.6687E-2 4.96769E-2 4.27194E-2 4.02589E-2 5.83472E-2 7.48019E-2 9.63803E-2 1.29842E-1 1.68354E-1 2.96386E-1 4.04144E-1 4.89373E-1 5.32689E-1 6.00656E-1 5.69912E-1 5.12682E-1 4.70298E-1 4.50508E-1 4.22966E-1 1.47199E-1 2.44518E-1 2.33001E-1 1.91973E-1 1.50437E-1 1.56805E-1 1.34805E-1 1.08451E-1 2.15119E-1 2.24658E-1 2.68932E-1 2.64282E-1 2.35472E-1 2.52962E-1 1.98364E-1 9.92164E-2 8.25626E-2 8.08328E-2 1.10946E-1 1.52139E-1 7.92081E-2 2.00235E-1 2.02673E-1 1.68063E-1 1.71108E-1 1.88034E-1
3.31285E-1 3.01897E-1 2.70402E-1 3.15368E-1 2.58873E-1 2.05949E-1 1.5037E-1 1.21911E-1 1.21791E-1 1.3582E-1 9.76087E-2 2.01218E-1 1.4238E-1 1.19196E-1 6.15272E-2 5.9885E-2 4.51735E-2 5.66361E-2 6.0292E-2 7.00763E-2 9.52248E-2 1.28732E-1 1.75322E-1 2.16858E-1 2.89559E-1 3.96724E-1 4.6919E-1 5.01447E-1 6.56629E-1 5.26669E-1 5.32278E-1 5.11024E-1 4.83176E-1 2.63428E-1 4.42881E-1 3.02107E-1 1.80797E-1 1.39812E-1 1.57293E-1 1.7021E-1 1.33874E-1 1.36208E-1 1.47444E-1 1.58185E-1 1.76232E-1 2.42154E-1 1.77522E-1 1.63109E-1 1.36417E-1 1.73652E-1 7.86055E-2 7.84067E-2 9.26431E-2 9.61935E-2 1.31167E-1 7.88293E-2 1.63456E-1 1.43547E-1 1.738E-1 1.95493E-1
3.0925E-1 2.42739E-1 2.57908E-1 1.0552E-1 8.74214E-2 7.65063E-2 6.02565E-2 6.21366E-2 7.67408E-2 8.45228E-2 4.01987E-2 9.90074E-2 7.57527E-2 6.49635E-2 7.1944E-2 5.87768E-2 4.24525E-2 4.3688E-2 6.15983E-2 7.76552E-2 1.04817E-1 1.44261E-1 1.97056E-1 2.48274E-1 2.93676E-1 3.22754E-1 4.05871E-1 4.19015E-1 6.91459E-1 4.56317E-1 4.84581E-1 3.97481E-1 3.26153E-1 4.35848E-1 2.03721E-1 1.81179E-1 3.17428E-1 1.51943E-1 1.63022E-1 1.87355E-1 1.78475E-1 1.32114E-1 1.38497E-1 1.08453E-1 1.05252E-1 1.90582E-1 1.45569E-1 1.37706E-1 1.41914E-1 1.497E-1 1.32612E-1 9.79477E-2 7.29803E-2 7.46531E-2 8.67122E-2 4.56152E-2 1.45355E-1 1.56482E-1 1.69216E-1 1.50329E-1
2.8956E-1 2.25426E-1 2.1461E-1 1.58513E-1 6.02555E-2 4.81645E-2 1.14299E-1 1.21615E-1 9.02275E-2 3.75067E-2 3.80593E-2 9.91329E-2 7.52884E-2 5.18923E-2 6.20894E-2 6.2742E-2 4.1155E-2 7.84548E-2 6.96696E-2 9.02739E-2 1.16155E-1 2.1635E-1 3.06617E-1 3.04709E-1 3.46366E-1 3.46297E-1 3.83326E-1 4.50031E-1 6.88896E-1 5.03049E-1 4.81391E-1 3.88367E-1 3.1589E-1 4.49468E-1 1.85898E-1 2.46386E-1 3.6737E-1 3.09175E-1 2.94077E-1 2.30484E-1 1.90371E-1 1.2496E-1 8.90156E-2 9.93545E-2 1.07538E-1 1.00684E-1 1.27117E-1 1.16985E-1 1.03795E-1 1.08076E-1 1.13209E-1 1.20877E-1 1.39901E-1 1.0945E-1 9.43044E-2 1.29236E-1 2.01522E-1 1.69012E-1 1.47114E-1 1.49603E-1
2.46074E-1 1.32507E-1 1.69106E-1 7.58105E-2 6.07647E-2 7.70403E-2 1.35054E-1 1.24618E-1 8.31576E-2 8.14075E-2 5.78558E-2 5.61584E-2 8.24315E-2 6.7858E-2 4.99635E-2 5.03717E-2 6.84434E-2 8.64133E-2 8.22491E-2 1.11666E-1 1.86515E-1 2.66939E-1 2.30275E-1 3.65374E-1 3.59946E-1 3.50861E-1 3.52093E-1 4.57799E-1 7.07197E-1 6.75089E-1 4.90007E-1 3.80571E-1 3.28717E-1 3.94797E-1 2.10331E-1 2.98483E-1 2.96899E-1 2.74478E-1 2.33125E-1 1.9676E-1 1.61715E-1 1.26129E-1 1.11864E-1 1.10256E-1 1.1427E-1 1.09362E-1 1.20802E-1 9.87048E-2 1.0646E-1 1.1831E-1 1.29569E-1 1.29338E-1 1.25448E-1 1.42749E-1 1.39141E-1 1.44559E-1 1.24091E-1 1.53851E-1 1.33651E-1 1.34736E-1
1.72662E-1 1.08462E-1 6.88752E-2 6.71953E-2 6.20048E-2 9.90708E-2 6.68447E-2 1.24155E-1 6.93101E-2 3.5505E-2 4.20614E-2 4.58988E-2 4.90554E-2 5.12475E-2 5.36529E-2 6.20539E-2 6.24601E-2 4.92552E-2 8.17925E-2 6.22779E-2 1.6955E-1 1.90868E-1 3.32911E-1 3.2094E-1 2.86806E-1 3.00402E-1 3.10447E-1 4.01013E-1 5.92245E-1 6.3325E-1 4.98269E-1 4.01936E-1 3.33909E-1 3.64077E-1 1.87951E-1 2.76245E-1 2.60951E-1 2.4744E-1 2.04373E-1 1.49562E-1 1.23423E-1 1.02581E-1 8.16875E-2 7.48486E-2 4.53886E-2 4.49235E-2 8.81475E-2 1.09508E-1 1.20204E-1 1.39893E-1 1.5155E-1 1.42144E-1 1.32896E-1 1.35341E-1 1.40487E-1 1.26222E-1 8.39426E-2 1.20286E-1 1.23857E-1 1.28036E-1
8.47185E-2 8.5514E-2 7.04021E-2 6.59162E-2 7.74986E-2 1.21103E-1 1.31342E-1 1.01775E-1 7.31739E-2 5.5483E-2 4.25699E-2 4.04341E-2 4.07485E-2 4.19216E-2 4.89042E-2 5.61888E-2 2.87512E-2 7.00147E-2 9.79895E-2 1.60635E-1 2.61542E-1 3.07622E-1 2.98523E-1 2.94971E-1 2.99399E-1 3.58141E-1 2.9605E-1 3.43945E-1 4.7041E-1 6.09454E-1 4.81506E-1 4.15719E-1 3.13659E-1 3.52233E-1 2.52833E-1 2.5965E-1 2.34446E-1 2.26206E-1 2.04159E-1 1.44149E-1 9.3875E-2 7.63585E-2 6.81642E-2 4.91752E-2 6.10859E-2 4.76255E-2 9.8652E-2 1.2769E-1 1.43462E-1 1.60294E-1 1.82466E-1 1.61791E-1 1.34902E-1 1.29732E-1 6.72881E-2 1.39251E-1 1.14384E-1 7.2491E-2 1.25077E-1 1.2988E-1
3.83456E-2 1.03995E-1 7.91914E-2 7.16869E-2 9.8349E-2 1.20476E-1 5.69418E-2 1.31E-1 1.18069E-1 8.47301E-2 6.76549E-2 5.02595E-2 3.29707E-2 3.37208E-2 3.89891E-2 5.18214E-2 8.46327E-2 9.56877E-2 1.11522E-1 1.46499E-1 1.9751E-1 2.4325E-1 2.542E-1 3.46172E-1 3.31113E-1 1.99703E-1 1.73408E-1 2.12705E-1 4.27628E-1 6.34069E-1 5.53973E-1 4.39795E-1 3.57619E-1 3.22916E-1 2.82514E-1 2.28656E-1 1.86361E-1 1.73529E-1 1.53239E-1 1.50885E-1 6.37556E-2 8.13813E-2 5.41598E-2 5.80156E-2 5.76934E-2 9.4552E-2 1.39613E-1 1.42963E-1 1.80915E-1 1.79554E-1 2.05032E-1 2.16483E-1 1.65564E-1 6.83489E-2 1.39213E-1 7.57432E-2 7.08985E-2 1.03031E-1 5.24208E-2 1.31403E-1
1.3532E-1 1.14073E-1 1.17694E-1 9.92177E-2 8.67067E-2 1.11539E-1 8.29211E-2 9.75557E-2 6.097E-2 5.39979E-2 4.03468E-2 3.20627E-2 2.88071E-2 3.23269E-2 4.08625E-2 8.85668E-2 8.5878E-2 9.62846E-2 1.0509E-1 1.21509E-1 1.67493E-1 2.30755E-1 2.5682E-1 1.77952E-1 2.3901E-1 1.28636E-1 1.20468E-1 1.6692E-1 4.11938E-1 5.49288E-1 4.67177E-1 3.84313E-1 3.13604E-1 2.70219E-1 2.33093E-1 1.90203E-1 1.6988E-1 1.53834E-1 1.22545E-1 9.37063E-2 9.22929E-2 8.94122E-2 2.75273E-2 5.42244E-2 6.69439E-2 1.01699E-1 1.34649E-1 1.5459E-1 2.01193E-1 1.88813E-1 1.04974E-1 1.31749E-1 1.03812E-1 1.11635E-1 1.37499E-1 1.45378E-1 9.00475E-2 7.89824E-2 1.18817E-1 5.88321E-2
1.08865E-1 8.38842E-2 8.78744E-2 9.41799E-2 6.30036E-2 6.35895E-2 6.94294E-2 5.63704E-2 4.40578E-2 3.75452E-2 3.1285E-2 2.86234E-2 3.56087E-2 5.98179E-2 1.0203E-1 9.30546E-2 1.36324E-1 1.45983E-1 1.54905E-1 1.4617E-1 1.63813E-1 2.49843E-1 3.32688E-1 2.56921E-1 1.74932E-1 1.40442E-1 1.87717E-1 2.6019E-1 4.00654E-1 4.9225E-1 4.38863E-1 3.87511E-1 3.06967E-1 1.92707E-1 1.8505E-1 1.51177E-1 1.40818E-1 1.3361E-1 1.13788E-1 8.07952E-2 6.91139E-2 8.04472E-2 5.50417E-2 8.33162E-2 8.14221E-2 1.09832E-1 1.43331E-1 1.81601E-1 2.39753E-1 2.04038E-1 1.47146E-1 1.49064E-1 6.65032E-2 1.42593E-1 1.34218E-1 1.30959E-1 1.24917E-1 1.29877E-1 6.39307E-2 1.07508E-1
9.58357E-2 8.26142E-2 7.16607E-2 1.15318E-1 7.75243E-2 5.72585E-2 4.76385E-2 3.98438E-2 4.00443E-2 3.83656E-2 3.43766E-2 4.05619E-2 7.4213E-2 1.13369E-1 1.67111E-1 1.07389E-1 1.77812E-1 1.9365E-1 2.18316E-1 2.16295E-1 2.48437E-1 2.05353E-1 2.47789E-1 1.75149E-1 1.33041E-1 1.52571E-1 2.51369E-1 2.97373E-1 4.68199E-1 4.56204E-1 3.18566E-1 2.48283E-1 2.23393E-1 2.29975E-1 1.43606E-1 1.20753E-1 1.05745E-1 9.84371E-2 9.59545E-2 8.31732E-2 6.98538E-2 6.36512E-2 1.16269E-1 1.33439E-1 8.62204E-2 1.1668E-1 1.54266E-1 2.1558E-1 2.61125E-1 2.05164E-1 1.44399E-1 1.39429E-1 4.35561E-2 1.33097E-1 1.09687E-1 8.97424E-2 8.07071E-2 1.30127E-1 5.71462E-2 6.96839E-2
9.43257E-2 8.46929E-2 4.0497E-2 7.06898E-2 5.0509E-2 4.33006E-2 3.83722E-2 3.19481E-2 3.35085E-2 3.40298E-2 3.97369E-2 7.94392E-2 5.51131E-2 1.14188E-1 1.77233E-1 2.14979E-1 2.42424E-1 2.58011E-1 2.41952E-1 2.70318E-1 1.19532E-1 2.17248E-1 1.11195E-1 1.10695E-1 1.64145E-1 3.1063E-1 3.33408E-1 4.37316E-1 5.95819E-1 4.92946E-1 4.30863E-1 3.44449E-1 2.67608E-1 2.78218E-1 1.8115E-1 1.39039E-1 1.00188E-1 9.5143E-2 1.0158E-1 9.25315E-2 8.38611E-2 7.86109E-2 1.47501E-1 1.03613E-1 8.86274E-2 1.18551E-1 1.78034E-1 2.85575E-1 2.34795E-1 1.80753E-1 1.57846E-1 1.69232E-1 7.21116E-2 1.36807E-1 1.09722E-1 9.60593E-2 8.86978E-2 1.3913E-1 7.99527E-2 7.8632E-2
8.22457E-2 3.4898E-2 5.63473E-2 4.69779E-2 4.03522E-2 3.38688E-2 3.53003E-2 3.68849E-2 4.19032E-2 4.71561E-2 8.21246E-2 1.23897E-1 1.36072E-1 1.82936E-1 2.54129E-1 3.2648E-1 3.52665E-1 3.4932E-1 3.00039E-1 3.31524E-1 2.65878E-1 1.40663E-1 1.35221E-1 1.76377E-1 2.87861E-1 3.97059E-1 4.63871E-1 5.87894E-1 6.73367E-1 5.48968E-1 4.45641E-1 3.59639E-1 2.87093E-1 2.09916E-1 2.92322E-1 1.3216E-1 1.70353E-1 9.30068E-2 1.16287E-1 1.10479E-1 9.93982E-2 1.0069E-1 1.03616E-1 1.05171E-1 7.91929E-2 1.49634E-1 2.80252E-1 3.44283E-1 2.21132E-1 1.7997E-1 1.64788E-1 2.09879E-1 1.83483E-1 1.65874E-1 1.4832E-1 1.34923E-1 1.3931E-1 1.27511E-1 1.08008E-1 9.21309E-2
9.13128E-2 7.22301E-2 5.93635E-2 5.11743E-2 4.90413E-2 4.46513E-2 4.04572E-2 4.20107E-2 5.10683E-2 6.60137E-2 9.91055E-2 1.54213E-1 2.00084E-1 2.67441E-1 3.55272E-1 4.04681E-1 4.68259E-1 4.45375E-1 3.70648E-1 3.5125E-1 3.04767E-1 1.60732E-1 1.62274E-1 2.39577E-1 3.62747E-1 4.77785E-1 5.68596E-1 7.21562E-1 7.49984E-1 6.23263E-1 5.19037E-1 4.01014E-1 3.32197E-1 2.48619E-1 1.86252E-1 2.41522E-1 1.93279E-1 1.78375E-1 1.23809E-1 1.37838E-1 1.1432E-1 1.29097E-1 1.41052E-1 1.56503E-1 1.07957E-1 2.31573E-1 3.46424E-1 3.46045E-1 2.55571E-1 2.27646E-1 1.83592E-1 2.7569E-1 2.78677E-1 2.08914E-1 1.94184E-1 1.63363E-1 1.35418E-1 1.09969E-1 8.2055E-2 7.67316E-2
1.20604E-1 1.22269E-1 1.04559E-1 8.53653E-2 7.48467E-2 5.36986E-2 4.38186E-2 3.87747E-2 5.03218E-2 8.04554E-2 1.18417E-1 1.74611E-1 2.54401E-1 3.32114E-1 3.46762E-1 4.48072E-1 5.03453E-1 4.90554E-1 4.3329E-1 2.24845E-1 3.11376E-1 2.36872E-1 2.40767E-1 3.36847E-1 4.20135E-1 5.19421E-1 5.91969E-1 7.2139E-1 8.08006E-1 7.48657E-1 5.84423E-1 4.4924E-1 3.76E-1 3.11252E-1 2.60535E-1 2.09419E-1 2.15111E-1 1.62956E-1 1.02191E-1 1.65387E-1 1.38141E-1 1.3399E-1 1.42927E-1 1.51236E-1 1.23635E-1 3.02045E-1 3.71093E-1 3.20288E-1 2.8421E-1 2.70868E-1 2.15855E-1 3.37548E-1 3.26418E-1 2.14632E-1 2.15719E-1 1.75172E-1 1.38986E-1 1.10358E-1 8.66194E-2 6.76426E-2
1.61128E-1 1.69139E-1 1.46029E-1 1.13809E-1 8.27303E-2 6.2578E-2 5.01472E-2 3.86037E-2 5.86668E-2 9.59239E-2 1.3929E-1 2.08345E-1 2.9116E-1 3.85084E-1 4.53708E-1 5.0452E-1 5.44063E-1 5.41384E-1 5.0407E-1 2.94029E-1 3.49705E-1 3.01748E-1 3.30305E-1 4.35035E-1 5.15103E-1 5.59594E-1 6.27984E-1 6.82466E-1 7.90069E-1 7.72886E-1 7.16177E-1 4.83351E-1 4.14771E-1 3.40361E-1 2.79582E-1 2.31435E-1 1.8979E-1 1.80528E-1 1.56135E-1 1.61971E-1 1.9047E-1 1.25279E-1 1.34754E-1 1.50396E-1 1.55636E-1 2.39657E-1 2.92644E-1 2.7401E-1 1.66623E-1 3.07127E-1 3.02585E-1 1.96547E-1 1.51517E-1 2.44028E-1 2.27471E-1 1.67927E-1 1.35935E-1 1.13516E-1 9.12442E-2 7.18896E-2
2.03069E-1 2.21136E-1 1.94936E-1 1.40499E-1 9.85847E-2 6.63858E-2 5.24108E-2 4.04281E-2 6.14523E-2 1.05086E-1 1.47665E-1 2.23533E-1 3.14334E-1 3.94354E-1 4.7308E-1 5.26206E-1 5.64949E-1 5.69847E-1 5.25008E-1 3.52555E-1 3.89647E-1 3.8163E-1 4.6281E-1 5.34774E-1 6.042E-1 6.162E-1 6.41953E-1 6.65705E-1 7.02027E-1 7.88577E-1 7.24167E-1 6.3277E-1 4.85495E-1 3.90153E-1 3.12034E-1 2.612E-1 2.53023E-1 2.40983E-1 2.07919E-1 1.07505E-1 1.72509E-1 1.80163E-1 1.44185E-1 1.61724E-1 1.58763E-1 1.00451E-1 1.78403E-1 2.69831E-1 2.88257E-1 2.95491E-1 3.5255E-1 1.98336E-1 1.61788E-1 2.52956E-1 2.26129E-1 1.74251E-1 1.39354E-1 1.15655E-1 9.08739E-2 7.42682E-2
2.90206E-1 3.93554E-1 2.7913E-1 1.87688E-1 1.36188E-1 9.25392E-2 5.96282E-2 4.43608E-2 6.83357E-2 1.17413E-1 1.47984E-1 2.27872E-1 3.22191E-1 4.01167E-1 4.80067E-1 5.59143E-1 6.10815E-1 6.06716E-1 5.96168E-1 4.58398E-1 4.10958E-1 4.05194E-1 4.80011E-1 5.64339E-1 6.27139E-1 6.70385E-1 6.66809E-1 6.60804E-1 6.68951E-1 6.88703E-1 7.60528E-1 5.29519E-1 4.88028E-1 4.85976E-1 2.61794E-1 2.9688E-1 2.76898E-1 1.97204E-1 1.60841E-1 1.79469E-1 1.03875E-1 1.81856E-1 1.5136E-1 1.52647E-1 1.68821E-1 1.91156E-1 1.86348E-1 2.42759E-1 2.615E-1 2.52284E-1 3.7435E-1 2.78372E-1 4.14255E-1 3.82683E-1 3.04361E-1 1.05298E-1 4.49037E-2 7.83324E-2 5.18118E-2 2.74223E-2
5.72337E-1 3.73612E-1 4.25454E-1 2.67374E-1 1.80131E-1 1.1592E-1 7.15022E-2 4.84962E-2 7.63642E-2 1.18001E-1 1.46047E-1 2.16673E-1 3.16242E-1 3.89003E-1 4.68335E-1 5.62062E-1 5.99608E-1 5.26738E-1 4.10456E-1 4.87513E-1 3.76321E-1 3.73029E-1 4.38982E-1 5.38549E-1 5.71183E-1 6.72159E-1 7.09881E-1 6.67141E-1 6.66885E-1 5.7116E-1 6.22002E-1 4.44279E-1 4.55366E-1 4.27283E-1 3.2559E-1 2.56178E-1 1.48232E-1 1.06237E-1 9.17027E-2 7.4783E-2 7.59744E-2 1.00528E-1 1.49546E-1 1.08245E-1 5.68628E-2 1.2928E-1 1.8246E-1 2.13978E-1 2.39891E-1 2.34324E-1 2.15626E-1 2.63166E-1 3.32935E-1 2.93302E-1 2.87694E-1 1.42555E-1 1.38036E-1 9.45419E-2 5.8117E-2 6.36208E-2
