Phytophthora/models/20240506_1522_03/Phytophthora_PA3_RUN7_MAXENT_outputs/Phytophthora_PA3_RUN7.asc
ncols         225
nrows         269
xllcorner     473009.9838
yllcorner     4429051.1748
cellsize      50.0
NODATA_value  -9999
[rows 182 to 207 of 269, columns 120 to 179 of 225]
2.00673E-1 1.63355E-1 1.14022E-1 2.00017E-1 2.19919E-1 1.59537E-1 1.72431E-1 1.93078E-1 2.08908E-1 2.35991E-1 2.69675E-1 3.43212E-1 4.36689E-1 4.62684E-1 4.99244E-1 4.96029E-1 4.91729E-1 5.42401E-1 5.19051E-1 5.62979E-1 3.61569E-1 4.1558E-1 2.02946E-1 1.83546E-1 2.24356E-1 1.67912E-1 1.44167E-1 1.07048E-1 9.10558E-2 7.15845E-2 7.52633E-2 1.07702E-1 6.02927E-2 6.40992E-2 1.3535E-1 1.5268E-1 1.08745E-1 1.68841E-1 1.59191E-1 1.70238E-1 2.01607E-1 2.01121E-1 1.15146E-1 1.24874E-1 1.19493E-1 1.32674E-1 5.68924E-2 1.29117E-1 2.48595E-1 1.86715E-1 1.68239E-1 1.42672E-1 1.4079E-1 1.33147E-1 1.12364E-1 9.62575E-2 1.19053E-1 1.32565E-1 1.0941E-1 6.87928E-2
1.34455E-1 1.13451E-1 1.45456E-1 8.58757E-2 2.03163E-1 1.6033E-1 1.74214E-1 2.0543E-1 1.91277E-1 2.26625E-1 2.69818E-1 3.23414E-1 3.72217E-1 4.07158E-1 4.36678E-1 4.83128E-1 5.2324E-1 5.21033E-1 4.7569E-1 5.51032E-1 3.24986E-1 3.39984E-1 2.241E-1 1.13574E-1 2.4321E-1 1.95569E-1 1.57061E-1 1.19813E-1 9.31886E-2 1.07853E-1 1.26235E-1 6.81094E-2 7.12668E-2 6.74154E-2 7.34735E-2 2.18861E-1 2.05197E-1 1.43015E-1 2.08389E-1 2.40398E-1 2.4543E-1 2.25479E-1 1.2744E-1 8.05096E-2 7.42743E-2 8.60324E-2 1.51101E-1 1.4398E-1 1.56366E-1 1.22432E-1 1.13602E-1 1.11306E-1 1.47159E-1 1.4212E-1 1.36641E-1 1.24957E-1 1.08769E-1 9.76131E-2 1.03559E-1 9.77865E-2
1.78863E-1 1.27821E-1 9.03955E-2 1.00555E-1 9.89151E-2 1.50645E-1 1.76934E-1 1.93732E-1 1.83889E-1 2.36727E-1 2.83221E-1 3.12909E-1 3.47587E-1 3.65116E-1 3.8639E-1 4.24214E-1 4.87643E-1 5.26426E-1 4.43139E-1 1.48744E-1 4.08395E-1 2.28063E-1 1.44895E-1 2.0793E-1 9.94903E-2 2.0012E-1 1.51705E-1 1.28401E-1 1.01514E-1 9.50449E-2 1.39379E-1 9.2575E-2 6.56428E-2 7.40894E-2 8.17362E-2 2.39895E-1 2.70669E-1 2.35116E-1 2.84472E-1 3.04117E-1 2.84863E-1 2.88287E-1 1.74932E-1 4.56264E-2 1.13545E-1 1.05305E-1 1.59588E-1 1.67134E-1 1.2777E-1 9.98476E-2 1.11125E-1 1.5676E-1 2.08875E-1 1.77892E-1 1.72389E-1 1.65943E-1 1.61198E-1 1.40286E-1 1.30304E-1 1.25816E-1
1.87935E-1 1.56096E-1 1.24901E-1 1.24825E-1 5.82228E-2 1.7349E-1 1.83367E-1 1.86501E-1 2.00709E-1 2.65711E-1 2.85833E-1 3.07223E-1 3.58293E-1 3.54854E-1 3.62828E-1 3.87312E-1 4.32296E-1 4.81535E-1 4.25738E-1 1.9159E-1 2.56791E-1 2.17331E-1 1.41804E-1 1.18086E-1 2.05324E-1 1.2462E-1 1.07651E-1 1.08719E-1 9.78754E-2 9.53866E-2 1.47214E-1 1.96936E-1 2.16848E-1 1.51168E-1 1.47316E-1 1.93313E-1 2.47459E-1 2.32092E-1 3.42601E-1 3.55669E-1 3.223E-1 3.02511E-1 2.32722E-1 7.37698E-2 1.48767E-1 1.48569E-1 1.58263E-1 1.21669E-1 1.08715E-1 9.65011E-2 1.21207E-1 1.74608E-1 1.95633E-1 2.01893E-1 2.26118E-1 2.34453E-1 2.26485E-1 1.94791E-1 1.7958E-1 1.41509E-1
1.88194E-1 1.52879E-1 1.34083E-1 1.54482E-1 1.97132E-1 2.18529E-1 1.84141E-1 2.04508E-1 2.23825E-1 2.81239E-1 2.83332E-1 3.16938E-1 3.82872E-1 3.53496E-1 3.4956E-1 3.79597E-1 4.18486E-1 4.38618E-1 3.23644E-1 3.96646E-1 2.83923E-1 2.1247E-1 1.4516E-1 9.78606E-2 1.01399E-1 1.29834E-1 1.30848E-1 1.11028E-1 8.79367E-2 9.73434E-2 1.58991E-1 2.29636E-1 2.3264E-1 2.43566E-1 2.54337E-1 3.02758E-1 3.89927E-1 4.20369E-1 4.21709E-1 4.08983E-1 3.94211E-1 2.60955E-1 2.70017E-1 6.77284E-2 1.54079E-1 1.7966E-1 1.15886E-1 1.01942E-1 1.02077E-1 1.12666E-1 1.45107E-1 1.73465E-1 2.07589E-1 2.36947E-1 2.76616E-1 3.00853E-1 2.89882E-1 2.44559E-1 2.35623E-1 1.80585E-1
2.11928E-1 1.39283E-1 1.21896E-1 1.27609E-1 2.41353E-1 1.70745E-1 1.92199E-1 2.21511E-1 2.35957E-1 2.92026E-1 2.99095E-1 3.33227E-1 3.99397E-1 3.72957E-1 3.66351E-1 3.8717E-1 4.16079E-1 5.54213E-1 4.68218E-1 3.72525E-1 3.08929E-1 2.08456E-1 1.37158E-1 9.64814E-2 7.51567E-2 1.03754E-1 1.01269E-1 1.18592E-1 9.02972E-2 1.12021E-1 1.92834E-1 2.65099E-1 2.54128E-1 2.86325E-1 2.98075E-1 3.88935E-1 4.12319E-1 5.16505E-1 4.77626E-1 4.72903E-1 4.33074E-1 2.27842E-1 2.50655E-1 1.55023E-1 1.23052E-1 1.30161E-1 1.17659E-1 1.05784E-1 1.05986E-1 1.42897E-1 1.65975E-1 1.90406E-1 2.19082E-1 2.60326E-1 3.27059E-1 3.70354E-1 3.33941E-1 2.26997E-1 2.69013E-1 2.6327E-1
2.15102E-1 1.69604E-1 1.21337E-1 1.24905E-1 1.27888E-1 8.05576E-2 1.23651E-1 1.64771E-1 1.92159E-1 2.46867E-1 2.585E-1 2.86155E-1 3.64127E-1 3.35855E-1 3.30933E-1 3.33149E-1 3.39557E-1 3.88677E-1 4.272E-1 4.29656E-1 2.92275E-1 2.18602E-1 1.60701E-1 1.23771E-1 9.07796E-2 9.65551E-2 1.13266E-1 1.26179E-1 1.11105E-1 1.36392E-1 2.15556E-1 2.56759E-1 2.62823E-1 2.83023E-1 2.82328E-1 3.51561E-1 4.01366E-1 4.25965E-1 3.75485E-1 3.38885E-1 3.21567E-1 2.54537E-1 1.98477E-1 1.55618E-1 1.23875E-1 1.09282E-1 1.06037E-1 1.04561E-1 1.21195E-1 1.51959E-1 1.77019E-1 2.05821E-1 2.23702E-1 2.51175E-1 3.36837E-1 3.75084E-1 3.16689E-1 2.58565E-1 2.89877E-1 2.77824E-1
1.09738E-1 1.89387E-1 1.37231E-1 1.26679E-1 1.16335E-1 1.08538E-1 5.35509E-2 1.34626E-1 1.58526E-1 2.07769E-1 2.21912E-1 2.43053E-1 3.19983E-1 2.83747E-1 2.91824E-1 2.73825E-1 1.44371E-1 4.66932E-1 4.20577E-1 3.56685E-1 2.71873E-1 2.07502E-1 1.62016E-1 1.35475E-1 1.10419E-1 1.70468E-1 1.133E-1 1.65268E-1 1.2802E-1 1.64016E-1 2.14273E-1 2.40995E-1 2.713E-1 2.62122E-1 2.93012E-1 3.17757E-1 3.39837E-1 3.52865E-1 2.82674E-1 2.77701E-1 2.50173E-1 2.12899E-1 2.4887E-1 6.0076E-2 1.17819E-1 1.11617E-1 1.07994E-1 1.04546E-1 1.23648E-1 1.5668E-1 1.79647E-1 2.17525E-1 2.25944E-1 2.474E-1 3.17953E-1 3.30777E-1 3.06233E-1 2.63446E-1 2.74509E-1 2.71502E-1
1.60681E-1 1.85181E-1 9.95445E-2 1.15135E-1 1.10923E-1 1.14707E-1 8.61158E-2 1.29512E-1 1.3368E-1 1.68853E-1 1.7842E-1 2.03766E-1 2.53271E-1 2.31688E-1 2.37129E-1 1.63163E-1 3.16697E-1 4.4023E-1 3.80528E-1 3.0369E-1 2.58172E-1 2.11105E-1 1.77231E-1 1.63022E-1 1.80035E-1 1.78354E-1 1.29212E-1 1.45112E-1 1.55179E-1 2.07709E-1 2.4565E-1 2.53235E-1 2.47086E-1 2.37404E-1 2.92476E-1 3.155E-1 3.1157E-1 3.16662E-1 2.91811E-1 2.93421E-1 2.8042E-1 2.43927E-1 2.03987E-1 1.88355E-1 5.09484E-2 1.0268E-1 8.66797E-2 1.02842E-1 1.19607E-1 1.53618E-1 1.80182E-1 2.2356E-1 2.15994E-1 2.29972E-1 3.17507E-1 3.21842E-1 3.5005E-1 2.5079E-1 2.64236E-1 2.61655E-1
1.46424E-1 2.21277E-1 1.30113E-1 1.3577E-1 1.2539E-1 1.09573E-1 1.58171E-1 1.68618E-1 1.09958E-1 1.27026E-1 1.41708E-1 1.47129E-1 1.56153E-1 8.55302E-2 5.96203E-2 1.67233E-1 1.3217E-1 2.07501E-1 2.36232E-1 2.25594E-1 2.1117E-1 2.01211E-1 1.92224E-1 1.93206E-1 2.06481E-1 2.08169E-1 1.75105E-1 1.95179E-1 2.27266E-1 2.68951E-1 2.63389E-1 2.53342E-1 2.33739E-1 2.19496E-1 2.61144E-1 2.94906E-1 3.18627E-1 3.26099E-1 3.27359E-1 3.04467E-1 2.72328E-1 2.45735E-1 2.17329E-1 2.04588E-1 1.28525E-1 3.62608E-2 4.84793E-2 6.73816E-2 9.62651E-2 1.29948E-1 1.68719E-1 2.08006E-1 2.04457E-1 1.99659E-1 3.04082E-1 3.24072E-1 3.58265E-1 2.04479E-1 2.59423E-1 2.57925E-1
1.91666E-1 2.84254E-1 2.87201E-1 1.7453E-1 1.53566E-1 1.29695E-1 1.37147E-1 1.47945E-1 1.02212E-1 9.11887E-2 5.46237E-2 3.38413E-2 7.45722E-2 6.34928E-2 1.35817E-1 1.82028E-1 1.63422E-1 1.63005E-1 1.92987E-1 2.00674E-1 2.08947E-1 2.19156E-1 2.28078E-1 2.51309E-1 2.65055E-1 2.67E-1 2.70242E-1 3.22697E-1 3.12832E-1 3.33081E-1 3.19851E-1 3.00137E-1 2.66003E-1 2.45199E-1 2.74653E-1 3.02219E-1 3.28542E-1 3.38944E-1 3.40326E-1 3.08524E-1 2.71189E-1 2.49452E-1 2.05746E-1 1.60579E-1 1.72288E-1 1.04306E-1 1.00513E-1 1.13109E-1 1.25528E-1 7.77429E-2 9.8174E-2 1.06828E-1 6.61914E-2 1.02099E-1 3.10514E-1 3.08887E-1 2.73464E-1 2.38262E-1 2.4837E-1 2.80301E-1
1.71501E-1 2.34787E-1 2.04907E-1 1.94539E-1 1.56467E-1 1.29655E-1 1.28311E-1 1.9039E-1 9.31433E-2 4.08784E-2 6.30114E-2 6.29033E-2 6.56874E-2 6.26597E-2 9.44227E-2 1.28934E-1 1.41942E-1 2.02776E-1 2.78257E-1 2.33584E-1 2.73627E-1 2.98779E-1 3.20663E-1 3.09902E-1 2.87994E-1 2.84584E-1 3.32993E-1 3.74941E-1 3.43647E-1 3.11765E-1 2.79337E-1 2.61438E-1 2.41818E-1 2.42806E-1 2.7467E-1 3.12303E-1 3.47559E-1 3.60128E-1 3.32259E-1 2.79463E-1 2.46025E-1 2.02831E-1 1.4916E-1 1.42994E-1 1.24647E-1 1.26145E-1 1.11884E-1 1.69975E-1 1.51388E-1 1.66585E-1 2.12117E-1 2.76031E-1 2.78748E-1 1.54923E-1 2.81572E-1 3.26182E-1 2.19926E-1 1.96159E-1 2.39303E-1 3.66622E-1
1.42632E-1 1.72421E-1 1.83963E-1 1.97E-1 1.6001E-1 1.3527E-1 1.30989E-1 2.05845E-1 1.54075E-1 9.10395E-2 7.00237E-2 6.42096E-2 6.53509E-2 6.20327E-2 1.06327E-1 6.37562E-2 2.39565E-1 1.35894E-1 9.8514E-2 2.01603E-1 2.97885E-1 3.23409E-1 2.78991E-1 2.4994E-1 2.54962E-1 3.09016E-1 3.49941E-1 4.22301E-1 3.8226E-1 3.3219E-1 2.81676E-1 2.34105E-1 2.25383E-1 2.52231E-1 2.95419E-1 3.24188E-1 3.6578E-1 3.95425E-1 3.91969E-1 3.41264E-1 2.93054E-1 2.32529E-1 1.78236E-1 1.43249E-1 1.03514E-1 8.09595E-2 8.94552E-2 1.14003E-1 1.4706E-1 1.99281E-1 2.26344E-1 2.98064E-1 2.47746E-1 1.29989E-1 2.62602E-1 2.90126E-1 1.8445E-1 1.696E-1 1.86343E-1 2.74328E-1
1.40493E-1 1.44507E-1 1.62882E-1 1.59564E-1 1.49779E-1 1.39335E-1 1.39915E-1 9.57498E-2 4.88087E-2 8.15526E-2 8.28087E-2 7.64937E-2 7.1618E-2 7.62012E-2 1.26913E-1 8.72582E-2 1.34585E-1 1.40895E-1 1.64873E-1 1.90192E-1 1.21155E-1 2.70013E-1 3.30302E-1 2.94908E-1 2.87758E-1 3.58855E-1 4.23455E-1 4.66083E-1 4.10958E-1 3.54244E-1 2.9101E-1 2.47287E-1 2.33251E-1 2.41991E-1 3.04796E-1 3.05956E-1 3.37073E-1 3.64763E-1 3.46984E-1 3.24016E-1 2.73013E-1 2.13107E-1 1.6851E-1 1.31629E-1 1.0791E-1 9.41792E-2 1.07109E-1 1.02371E-1 1.07492E-1 1.43271E-1 1.90662E-1 1.74107E-1 2.00695E-1 1.64608E-1 2.42432E-1 2.14656E-1 1.46485E-1 1.28373E-1 1.23438E-1 1.34299E-1
1.49376E-1 1.30368E-1 1.31366E-1 1.04409E-1 1.43481E-1 1.28277E-1 1.35409E-1 9.96856E-2 4.45959E-2 9.08078E-2 8.35776E-2 7.88511E-2 7.21962E-2 8.17046E-2 1.43323E-1 1.28394E-1 2.01702E-1 1.05689E-1 1.30534E-1 1.26285E-1 1.83919E-1 2.67288E-1 3.47434E-1 3.4513E-1 3.28594E-1 4.10957E-1 4.56274E-1 5.04606E-1 4.30784E-1 3.82711E-1 3.18434E-1 2.76878E-1 2.43974E-1 2.30448E-1 2.00427E-1 2.12732E-1 2.94865E-1 3.56212E-1 3.60461E-1 3.46773E-1 3.16547E-1 2.66004E-1 2.41816E-1 2.46913E-1 2.17904E-1 2.00183E-1 1.13095E-1 1.62844E-1 1.69862E-1 2.36407E-1 1.99429E-1 1.35411E-1 1.86017E-1 9.7188E-2 2.36079E-1 1.75616E-1 1.34746E-1 1.08823E-1 1.35058E-1 1.30784E-1
1.31314E-1 1.13173E-1 1.1869E-1 1.27523E-1 1.29262E-1 1.30398E-1 1.31781E-1 1.24735E-1 6.7046E-2 1.21771E-1 1.12799E-1 1.17395E-1 1.06505E-1 1.06078E-1 1.07581E-1 1.7709E-1 1.03525E-1 1.07513E-1 1.22955E-1 1.76605E-1 1.72116E-1 2.25713E-1 3.42655E-1 3.46845E-1 3.78755E-1 4.59113E-1 5.09758E-1 5.10625E-1 4.55296E-1 4.26483E-1 3.63848E-1 3.10092E-1 2.58802E-1 1.18927E-1 2.37144E-1 2.68454E-1 3.11473E-1 3.19013E-1 3.03793E-1 3.17367E-1 2.98741E-1 3.20078E-1 3.15721E-1 2.35934E-1 2.55565E-1 2.60399E-1 2.6108E-1 2.84805E-1 3.03439E-1 2.44287E-1 2.346E-1 2.82851E-1 3.14999E-1 2.62183E-1 1.01084E-1 1.40062E-1 1.16597E-1 1.49936E-1 1.62268E-1 1.3171E-1
2.06199E-1 1.43925E-1 7.836E-2 1.08895E-1 5.58486E-2 1.12239E-1 1.10428E-1 1.43133E-1 1.7064E-1 1.79333E-1 1.73208E-1 1.42866E-1 1.1376E-1 1.08247E-1 9.78798E-2 9.46975E-2 1.03482E-1 1.05956E-1 1.34633E-1 1.56996E-1 1.79045E-1 1.89894E-1 2.40234E-1 2.68249E-1 3.67128E-1 4.87808E-1 5.04649E-1 5.44071E-1 5.10734E-1 4.85934E-1 4.08939E-1 2.55843E-1 2.87475E-1 2.14165E-1 2.20056E-1 2.39282E-1 2.55864E-1 2.63866E-1 2.47934E-1 2.89878E-1 2.89335E-1 3.70623E-1 2.7498E-1 2.72363E-1 1.83669E-1 2.82976E-1 2.94999E-1 1.43927E-1 2.54241E-1 2.6627E-1 2.65874E-1 2.43411E-1 2.40503E-1 2.5923E-1 1.41495E-1 1.15088E-1 1.22996E-1 1.52365E-1 1.45385E-1 1.47923E-1
7.11277E-2 1.0402E-1 9.3022E-2 1.04879E-1 9.52003E-2 8.84898E-2 8.33414E-2 4.01295E-2 9.72592E-2 1.20957E-1 1.11541E-1 1.03084E-1 9.12785E-2 9.22153E-2 8.68463E-2 8.47933E-2 8.73319E-2 9.36653E-2 1.48883E-1 1.53588E-1 2.19316E-1 2.11869E-1 2.52033E-1 3.13431E-1 4.53848E-1 5.21116E-1 5.46001E-1 5.83652E-1 5.75916E-1 4.97134E-1 4.27059E-1 3.6102E-1 3.00853E-1 1.32866E-1 1.93639E-1 1.62811E-1 2.45673E-1 2.39327E-1 2.39051E-1 2.15678E-1 2.05802E-1 2.33648E-1 3.14319E-1 3.12007E-1 2.98477E-1 2.8876E-1 2.2818E-1 1.75905E-1 2.20707E-1 1.82613E-1 1.65283E-1 1.22061E-1 1.08883E-1 1.48602E-1 1.34135E-1 1.14115E-1 1.35013E-1 1.33015E-1 1.4514E-1 1.63287E-1
7.69962E-2 7.73225E-2 6.38471E-2 7.56229E-2 3.51231E-2 5.33144E-2 6.32365E-2 7.75267E-2 5.09463E-2 1.12202E-1 1.05695E-1 9.83056E-2 8.76069E-2 8.68061E-2 9.26638E-2 9.80532E-2 9.16321E-2 1.00382E-1 1.27379E-1 2.26853E-1 3.00203E-1 3.56679E-1 3.84508E-1 4.1788E-1 4.92702E-1 5.38771E-1 5.89034E-1 6.37384E-1 6.16935E-1 5.629E-1 4.33857E-1 3.34658E-1 3.1463E-1 2.26409E-1 1.68842E-1 2.03028E-1 1.71117E-1 1.8175E-1 8.37506E-2 1.57759E-1 1.40525E-1 1.49123E-1 1.566E-1 1.99175E-1 2.27953E-1 2.34278E-1 1.90794E-1 1.11292E-1 9.34128E-2 1.16407E-1 1.28722E-1 1.15844E-1 9.29391E-2 9.11357E-2 4.31522E-2 1.0173E-1 1.15376E-1 1.38906E-1 1.89508E-1 1.96299E-1
8.43814E-2 7.48235E-2 3.56895E-2 7.31934E-2 5.36283E-2 5.67951E-2 6.97983E-2 7.89751E-2 9.8756E-2 1.04609E-1 1.03642E-1 9.25209E-2 8.80982E-2 8.24992E-2 9.9122E-2 1.04603E-1 1.11491E-1 1.2539E-1 1.50837E-1 2.58267E-1 2.93806E-1 3.45272E-1 4.14332E-1 4.93731E-1 5.33006E-1 5.69886E-1 6.1599E-1 7.10454E-1 6.535E-1 5.2851E-1 3.97296E-1 3.08826E-1 2.84157E-1 2.14334E-1 1.52995E-1 1.70429E-1 2.16843E-1 1.84015E-1 1.8432E-1 1.33386E-1 1.12462E-1 1.07892E-1 9.35506E-2 9.74177E-2 1.2399E-1 1.20264E-1 1.28124E-1 9.33878E-2 6.59791E-2 8.59388E-2 1.02259E-1 9.93968E-2 9.16396E-2 8.16518E-2 6.68963E-2 5.07346E-2 1.59723E-1 1.67754E-1 1.87636E-1 2.6093E-1
6.78903E-2 6.77665E-2 1.08056E-1 6.04652E-2 5.85741E-2 7.07744E-2 8.5186E-2 1.01201E-1 1.08625E-1 1.0526E-1 1.06024E-1 9.55392E-2 9.42824E-2 8.79106E-2 1.04586E-1 1.13703E-1 1.27888E-1 1.20139E-1 1.38896E-1 2.37707E-1 2.66244E-1 3.56944E-1 4.83168E-1 5.56257E-1 5.73678E-1 6.05431E-1 6.58698E-1 7.17735E-1 5.8221E-1 4.6259E-1 3.51804E-1 2.77544E-1 2.36445E-1 1.91037E-1 1.69979E-1 1.64498E-1 1.97234E-1 1.25151E-1 1.71444E-1 1.29063E-1 8.92955E-2 9.83862E-2 9.87011E-2 8.38529E-2 7.01459E-2 4.88368E-2 1.23992E-1 1.2958E-1 9.06899E-2 1.07576E-1 1.24865E-1 1.23219E-1 1.1746E-1 1.00398E-1 7.25453E-2 1.29777E-1 9.57814E-2 1.0049E-1 1.28087E-1 1.94874E-1
5.63449E-2 6.52016E-2 3.57434E-2 2.22061E-2 4.32334E-2 1.08381E-1 1.52786E-1 1.78431E-1 1.9939E-1 1.83134E-1 1.74753E-1 1.45281E-1 1.37141E-1 1.10102E-1 1.11472E-1 1.03987E-1 1.02285E-1 8.19208E-2 1.23423E-1 1.62962E-1 1.93296E-1 2.70811E-1 4.55612E-1 5.2266E-1 5.18179E-1 5.70357E-1 6.08567E-1 6.42113E-1 4.95016E-1 3.87456E-1 2.77834E-1 2.11228E-1 1.91827E-1 1.77431E-1 1.69164E-1 1.11867E-1 1.60033E-1 1.49206E-1 1.37758E-1 1.19589E-1 1.02056E-1 1.01697E-1 1.3413E-1 1.26341E-1 1.25457E-1 1.19913E-1 1.45239E-1 1.54304E-1 1.50048E-1 1.44536E-1 1.5336E-1 1.52875E-1 1.49563E-1 1.27001E-1 9.83561E-2 1.02537E-1 1.18598E-1 1.01815E-1 1.50295E-1 1.98062E-1
6.31276E-2 2.8651E-2 5.20002E-2 5.2105E-2 8.50508E-2 1.05778E-1 1.17377E-1 7.0569E-2 8.78114E-2 1.66042E-1 1.51405E-1 1.49774E-1 1.57346E-1 1.43068E-1 1.2127E-1 8.91106E-2 7.38145E-2 7.33348E-2 9.33771E-2 1.07038E-1 1.58059E-1 3.01322E-1 4.35273E-1 4.5884E-1 4.4468E-1 5.19481E-1 5.45694E-1 5.47278E-1 3.78041E-1 2.92435E-1 1.97631E-1 1.69924E-1 1.62446E-1 1.59338E-1 1.62724E-1 9.81451E-2 1.21344E-1 9.82784E-2 8.25099E-2 8.66963E-2 1.1976E-1 1.2386E-1 1.49853E-1 1.30203E-1 1.51528E-1 1.52703E-1 1.47006E-1 9.06016E-2 1.51871E-1 1.71399E-1 1.7539E-1 1.66823E-1 1.5891E-1 1.3904E-1 1.11772E-1 1.35138E-1 1.01072E-1 5.19568E-2 8.47036E-2 1.31009E-1
6.0453E-2 5.97546E-2 5.5988E-2 5.75549E-2 6.5364E-2 1.21569E-1 9.50387E-2 1.1097E-1 9.87958E-2 1.17483E-1 1.16699E-1 1.30249E-1 1.37873E-1 1.16877E-1 9.58501E-2 7.5194E-2 5.87484E-2 8.04663E-2 9.14132E-2 1.10089E-1 1.33734E-1 3.10485E-1 3.64229E-1 4.01349E-1 4.14444E-1 4.3892E-1 4.38898E-1 3.9921E-1 2.83696E-1 2.10369E-1 1.58569E-1 1.38033E-1 1.36232E-1 1.32055E-1 1.54157E-1 8.9986E-2 9.32992E-2 7.13296E-2 6.84507E-2 9.14521E-2 1.02825E-1 9.90101E-2 8.86677E-2 2.21752E-1 2.11399E-1 1.66719E-1 1.65472E-1 1.61025E-1 1.66366E-1 1.82866E-1 1.66873E-1 1.94996E-1 1.85426E-1 1.56533E-1 1.24083E-1 6.15297E-2 6.27127E-2 6.00465E-2 9.43153E-2 1.45368E-1
6.8747E-2 6.5924E-2 6.52243E-2 7.03485E-2 1.24934E-1 4.81848E-2 6.11212E-2 1.3702E-1 1.14039E-1 1.20957E-1 1.19215E-1 1.16355E-1 1.14977E-1 1.00355E-1 8.41581E-2 6.92048E-2 5.94125E-2 8.65013E-2 9.42129E-2 1.26785E-1 1.54006E-1 2.82678E-1 2.92712E-1 3.36044E-1 3.71556E-1 3.91968E-1 3.72218E-1 2.9078E-1 2.05412E-1 1.66188E-1 1.30728E-1 1.09423E-1 1.03071E-1 9.603E-2 1.23697E-1 8.04097E-2 8.73673E-2 7.02904E-2 8.02091E-2 1.07396E-1 5.13061E-2 1.31558E-1 1.57045E-1 1.9659E-1 2.55366E-1 1.95996E-1 1.67116E-1 1.59149E-1 1.45274E-1 1.5504E-1 1.6798E-1 1.67339E-1 1.70417E-1 1.67163E-1 5.36761E-2 7.6796E-2 6.189E-2 6.99897E-2 9.73288E-2 1.53103E-1
7.81835E-2 7.6474E-2 7.13503E-2 7.63836E-2 7.82618E-2 5.41003E-2 5.60348E-2 5.56257E-2 1.42339E-1 8.49654E-2 1.02374E-1 1.12111E-1 1.13579E-1 9.71629E-2 8.50668E-2 7.09752E-2 6.57143E-2 8.54744E-2 1.03067E-1 1.32962E-1 1.63323E-1 2.78154E-1 2.85346E-1 3.15375E-1 3.20836E-1 3.35886E-1 2.70037E-1 2.82586E-1 1.92837E-1 1.3434E-1 1.02377E-1 8.71986E-2 7.88756E-2 6.87554E-2 9.06943E-2 8.5473E-2 8.78792E-2 6.69828E-2 8.67687E-2 1.14192E-1 1.28509E-1 1.19385E-1 1.41433E-1 1.75145E-1 2.4199E-1 2.35283E-1 1.69419E-1 1.5385E-1 1.36333E-1 1.3767E-1 1.48667E-1 1.35824E-1 9.38859E-2 7.16016E-2 7.87603E-2 6.90352E-2 6.34739E-2 6.4473E-2 9.4551E-2 1.70638E-1
