Phytophthora/models/20240429_1921_07/Phytophthora_PA3_RUN1_MAXENT_outputs/Phytophthora_PA3_RUN1.asc
ncols         225
nrows         269
xllcorner     473000.0
yllcorner     4429100.0
cellsize      50.0
NODATA_value  -9999
[rows 54 to 80 of 269, columns 60 to 119 of 225]
3.09233E-2 1.35222E-2 3.6168E-2 4.14159E-2 4.74705E-2 7.05294E-2 8.5012E-2 9.04269E-2 1.01645E-1 9.69142E-2 8.25298E-2 8.04749E-2 1.17659E-1 1.3474E-1 1.23796E-1 1.06696E-1 9.81181E-2 8.44297E-2 8.5078E-2 9.85566E-2 1.23899E-1 1.33803E-1 1.48374E-1 1.07423E-1 1.57595E-1 -9999 -9999 -9999 -9999 -9999 -9999 -9999 -9999 -9999 -9999 -9999 -9999 -9999 -9999 -9999 -9999 -9999 -9999 -9999 -9999 -9999 -9999 -9999 -9999 -9999 -9999 -9999 -9999 -9999 -9999 -9999 -9999 -9999 -9999 -9999
3.37171E-2 3.11973E-2 3.54696E-2 2.21257E-2 4.815E-2 8.20366E-2 8.75354E-2 8.87747E-2 8.72223E-2 7.9318E-2 8.24447E-2 8.86806E-2 1.2776E-1 1.06371E-1 1.63891E-1 1.22684E-1 1.09513E-1 9.80155E-2 8.44226E-2 9.48202E-2 1.24178E-1 1.49644E-1 1.45958E-1 7.57125E-2 1.56518E-1 2.50979E-1 -9999 -9999 -9999 -9999 3.18952E-1 -9999 -9999 -9999 -9999 -9999 -9999 -9999 -9999 -9999 -9999 -9999 -9999 -9999 -9999 -9999 -9999 -9999 -9999 -9999 -9999 -9999 -9999 -9999 -9999 -9999 -9999 -9999 -9999 -9999
1.78177E-2 2.52454E-2 3.07643E-2 3.54869E-2 4.09827E-2 6.77484E-2 7.14991E-2 7.88103E-2 5.60451E-2 5.83709E-2 6.2767E-2 6.13343E-2 8.14658E-2 8.78053E-2 4.36922E-2 8.74895E-2 9.07157E-2 8.04186E-2 7.12847E-2 7.23931E-2 8.29076E-2 7.71795E-2 7.60584E-2 6.76649E-2 1.08741E-1 1.4913E-1 1.5805E-1 1.33775E-1 1.38964E-1 5.2571E-2 2.63938E-1 2.39243E-1 -9999 -9999 -9999 -9999 -9999 -9999 -9999 -9999 -9999 -9999 -9999 -9999 -9999 -9999 -9999 -9999 -9999 -9999 -9999 -9999 -9999 -9999 -9999 -9999 -9999 -9999 -9999 -9999
2.00724E-2 2.41164E-2 2.95558E-2 3.74845E-2 4.52269E-2 7.27175E-2 6.45792E-2 4.0853E-2 5.33185E-2 4.93949E-2 5.41832E-2 5.10302E-2 4.54432E-2 4.11536E-2 6.93167E-2 4.42204E-2 9.8843E-2 8.97218E-2 8.2598E-2 8.29291E-2 8.05289E-2 6.24884E-2 7.02417E-2 -9999 8.8293E-2 1.31181E-1 1.45562E-1 1.29464E-1 1.55568E-1 4.6019E-2 2.26541E-1 2.44685E-1 -9999 -9999 -9999 -9999 -9999 -9999 -9999 -9999 -9999 -9999 -9999 -9999 -9999 -9999 -9999 -9999 -9999 -9999 -9999 -9999 -9999 -9999 -9999 -9999 -9999 -9999 -9999 -9999
1.93615E-2 2.2945E-2 2.26456E-2 3.1113E-2 4.35841E-2 7.4118E-2 7.43962E-2 5.71942E-2 5.74336E-2 5.43298E-2 5.43337E-2 4.9266E-2 4.04446E-2 3.57194E-2 4.75459E-2 3.34311E-2 7.2371E-2 1.10645E-1 9.65722E-2 1.02389E-1 9.06877E-2 6.30346E-2 6.47533E-2 8.534E-2 7.1109E-2 1.89036E-1 1.53923E-1 1.45682E-1 1.48383E-1 9.00439E-2 1.93834E-1 2.56407E-1 2.77552E-1 -9999 -9999 -9999 -9999 -9999 -9999 -9999 -9999 -9999 -9999 -9999 -9999 -9999 -9999 -9999 -9999 -9999 -9999 -9999 -9999 -9999 -9999 -9999 -9999 -9999 -9999 -9999
2.22388E-2 2.41305E-2 2.15487E-2 2.73244E-2 3.42639E-2 6.64453E-2 7.93833E-2 7.22992E-2 5.82482E-2 4.73253E-2 4.47287E-2 4.5407E-2 4.46992E-2 5.28857E-2 6.07558E-2 7.15079E-2 9.67214E-2 8.04773E-2 1.23012E-1 1.11743E-1 1.0232E-1 6.38149E-2 5.23473E-2 6.2538E-2 9.12853E-2 1.64002E-1 1.65435E-1 1.56489E-1 1.44904E-1 9.96812E-2 1.87063E-1 2.53009E-1 2.77592E-1 -9999 -9999 -9999 -9999 -9999 -9999 -9999 -9999 -9999 -9999 -9999 -9999 -9999 -9999 -9999 -9999 -9999 -9999 -9999 -9999 -9999 -9999 -9999 -9999 -9999 -9999 -9999
2.15288E-2 2.46058E-2 2.42904E-2 2.73901E-2 3.1809E-2 6.37286E-2 7.42707E-2 6.59304E-2 5.94774E-2 5.87146E-2 3.99348E-2 6.12086E-2 6.2025E-2 5.94179E-2 6.43683E-2 7.14754E-2 8.00157E-2 1.01836E-1 6.56791E-2 8.36686E-2 1.12493E-1 7.2407E-2 5.54495E-2 5.93664E-2 7.94588E-2 1.68039E-1 1.69982E-1 1.74817E-1 1.65213E-1 1.41425E-1 1.4524E-1 2.19764E-1 2.58987E-1 -9999 -9999 -9999 -9999 -9999 -9999 -9999 -9999 -9999 -9999 -9999 -9999 -9999 -9999 -9999 -9999 -9999 -9999 -9999 -9999 -9999 -9999 -9999 -9999 -9999 -9999 -9999
1.67988E-2 1.81334E-2 2.04981E-2 2.37074E-2 2.46546E-2 2.96506E-2 3.19654E-2 3.05786E-2 2.8799E-2 3.32055E-2 5.74934E-2 5.54054E-2 6.92943E-2 8.08796E-2 8.02803E-2 8.14793E-2 8.44327E-2 9.20493E-2 9.74078E-2 5.15237E-2 1.02378E-1 8.08541E-2 6.09798E-2 6.3801E-2 7.54449E-2 8.80492E-2 8.4973E-2 8.50158E-2 8.10567E-2 9.75822E-2 1.76426E-1 2.30168E-1 2.53147E-1 1.80723E-1 -9999 -9999 -9999 -9999 -9999 -9999 -9999 -9999 -9999 -9999 -9999 -9999 -9999 -9999 -9999 -9999 -9999 -9999 -9999 -9999 -9999 -9999 -9999 -9999 -9999 -9999
1.76406E-2 1.87364E-2 2.15362E-2 2.7491E-2 3.13923E-2 3.19898E-2 2.63147E-2 3.15598E-2 2.94035E-2 3.4634E-2 3.58765E-2 5.91363E-2 7.28374E-2 7.95262E-2 8.4241E-2 8.64629E-2 4.10255E-2 5.52333E-2 9.41062E-2 7.74228E-2 5.08337E-2 9.06741E-2 8.0121E-2 7.09838E-2 7.74308E-2 8.8213E-2 9.94469E-2 9.04248E-2 8.20894E-2 1.01481E-1 1.57818E-1 2.21611E-1 2.44754E-1 2.43694E-1 1.58554E-1 -9999 -9999 -9999 -9999 -9999 -9999 -9999 -9999 -9999 -9999 -9999 -9999 -9999 -9999 -9999 -9999 -9999 -9999 -9999 -9999 -9999 -9999 -9999 -9999 -9999
1.89827E-2 1.89459E-2 2.31922E-2 3.12577E-2 3.54277E-2 3.55948E-2 2.96027E-2 3.17959E-2 3.02492E-2 3.51944E-2 6.2766E-2 5.79189E-2 6.62369E-2 7.60505E-2 8.12077E-2 8.62811E-2 8.47899E-2 8.60795E-2 8.28252E-2 9.2481E-2 1.04308E-1 9.50405E-2 5.85258E-2 8.92238E-2 7.62386E-2 8.86346E-2 1.04094E-1 9.49387E-2 8.84059E-2 1.08351E-1 2.2244E-1 2.26589E-1 2.65809E-1 1.4185E-1 2.22457E-1 1.46265E-1 -9999 -9999 -9999 -9999 -9999 -9999 -9999 -9999 -9999 -9999 -9999 -9999 -9999 -9999 -9999 -9999 -9999 -9999 -9999 -9999 -9999 -9999 -9999 -9999
1.69181E-2 1.78685E-2 2.10973E-2 2.58398E-2 2.7718E-2 3.56035E-2 2.99273E-2 2.54416E-2 2.94997E-2 2.59425E-2 6.01023E-2 6.14355E-2 6.27893E-2 7.05497E-2 8.30173E-2 4.71892E-2 8.41767E-2 7.58485E-2 7.37801E-2 8.81591E-2 6.01398E-2 1.0326E-1 7.50035E-2 5.4516E-2 3.29179E-2 8.1161E-2 7.98756E-2 9.19973E-2 9.56046E-2 1.18352E-1 1.38827E-1 2.44056E-1 2.01735E-1 2.22376E-1 2.03096E-1 2.14919E-1 -9999 -9999 -9999 -9999 -9999 -9999 -9999 -9999 -9999 -9999 -9999 -9999 -9999 -9999 -9999 -9999 -9999 -9999 -9999 -9999 -9999 -9999 -9999 -9999
1.82786E-2 1.95108E-2 2.20317E-2 2.74242E-2 2.21367E-2 3.56093E-2 2.92928E-2 2.46841E-2 2.70013E-2 3.96731E-2 5.60076E-2 5.58588E-2 5.80835E-2 6.72291E-2 8.01605E-2 5.06254E-2 8.81838E-2 8.00832E-2 7.06592E-2 6.94555E-2 2.81581E-2 8.36576E-2 6.56833E-2 6.16902E-2 8.03429E-2 4.58165E-2 8.33995E-2 9.04396E-2 1.05076E-1 1.32998E-1 2.61322E-1 1.6473E-1 2.5547E-1 2.07567E-1 1.96703E-1 2.0696E-1 1.83018E-1 1.89184E-1 -9999 -9999 -9999 -9999 -9999 -9999 -9999 -9999 -9999 -9999 -9999 -9999 -9999 -9999 -9999 -9999 -9999 -9999 -9999 -9999 -9999 -9999
2.17203E-2 2.19834E-2 2.35472E-2 2.82799E-2 2.87708E-2 5.75137E-2 4.75315E-2 4.27105E-2 4.0555E-2 4.95063E-2 5.06212E-2 3.98335E-2 5.00858E-2 5.76469E-2 7.04911E-2 9.30032E-2 7.58825E-2 8.91678E-2 7.36676E-2 6.36949E-2 1.32801E-2 5.03651E-2 5.25618E-2 4.98611E-2 5.29305E-2 6.94213E-2 3.54435E-2 7.95062E-2 9.53004E-2 5.04301E-2 1.67199E-1 4.97184E-2 1.78383E-1 1.54124E-1 1.85852E-1 2.01066E-1 1.69756E-1 1.7564E-1 1.60069E-1 1.66457E-1 -9999 -9999 -9999 -9999 -9999 -9999 -9999 -9999 -9999 -9999 -9999 -9999 -9999 -9999 -9999 -9999 -9999 -9999 -9999 -9999
1.91184E-2 2.68262E-2 2.77632E-2 3.05003E-2 2.57178E-2 5.9044E-2 6.01872E-2 5.22554E-2 4.84514E-2 5.17394E-2 5.55462E-2 4.82043E-2 5.32417E-2 6.29897E-2 7.44942E-2 9.27205E-2 9.67881E-2 1.03989E-1 9.3691E-2 5.72973E-2 2.62136E-2 5.37658E-2 5.59857E-2 5.38E-2 5.92368E-2 4.43429E-2 7.69973E-2 7.79654E-2 6.72094E-2 9.89102E-2 1.57322E-1 1.49649E-1 8.10719E-2 1.70468E-1 1.95002E-1 1.06864E-1 8.35136E-2 1.70646E-1 1.63749E-1 1.65292E-1 1.65479E-1 1.404E-1 1.80655E-1 -9999 -9999 -9999 -9999 -9999 -9999 -9999 -9999 -9999 -9999 -9999 -9999 -9999 -9999 -9999 -9999 -9999
2.05823E-2 2.491E-2 2.58429E-2 2.9062E-2 3.35661E-2 5.68209E-2 6.00708E-2 5.07424E-2 5.7621E-2 6.30522E-2 6.48436E-2 6.07838E-2 5.55797E-2 6.79716E-2 7.16109E-2 8.98153E-2 6.42923E-2 8.00327E-2 7.59163E-2 4.93245E-2 3.62421E-2 7.22718E-2 6.34567E-2 5.91336E-2 2.93592E-2 7.75312E-2 7.63456E-2 7.73458E-2 5.3086E-2 8.88851E-2 1.17176E-1 1.06342E-1 1.01111E-1 3.02847E-2 1.96575E-1 1.063E-1 1.77198E-1 1.7616E-1 1.6834E-1 1.63747E-1 1.47986E-1 1.32547E-1 1.68947E-1 1.92508E-1 1.27968E-1 -9999 -9999 -9999 -9999 -9999 -9999 -9999 -9999 -9999 -9999 -9999 -9999 -9999 -9999 -9999
2.03174E-2 2.22343E-2 2.08512E-2 2.17409E-2 3.43594E-2 5.25321E-2 5.51713E-2 6.40113E-2 6.41452E-2 6.77603E-2 5.31871E-2 5.86202E-2 6.78264E-2 7.40465E-2 4.3349E-2 8.68891E-2 7.12344E-2 6.04305E-2 5.38393E-2 7.01444E-2 1.69324E-2 8.42486E-2 3.64864E-2 3.9609E-2 6.63585E-2 7.21796E-2 6.95992E-2 7.44047E-2 7.98588E-2 8.9986E-2 1.1162E-1 9.94845E-2 1.13624E-1 1.95083E-1 1.9244E-1 1.89195E-1 1.67916E-1 1.64782E-1 1.53305E-1 1.41403E-1 1.15899E-1 1.10486E-1 1.43245E-1 1.68128E-1 1.96082E-1 -9999 -9999 -9999 -9999 -9999 -9999 -9999 -9999 -9999 -9999 -9999 -9999 -9999 -9999 -9999
2.09108E-2 2.48992E-2 2.48957E-2 3.03028E-2 3.43722E-2 5.44692E-2 5.10549E-2 5.81228E-2 6.382E-2 6.64336E-2 7.3358E-2 7.68235E-2 7.03788E-2 7.65591E-2 7.77728E-2 8.40899E-2 7.24491E-2 6.15805E-2 5.50734E-2 6.35627E-2 2.88577E-2 9.12579E-2 8.9425E-2 7.39611E-2 5.66849E-2 7.60298E-2 7.24749E-2 6.06671E-2 7.60925E-2 8.7612E-2 1.19922E-1 1.12533E-1 1.19966E-1 1.42167E-1 8.27265E-2 1.11233E-1 1.19655E-1 1.43432E-1 1.48532E-1 1.27387E-1 1.06989E-1 1.07809E-1 1.32224E-1 1.56867E-1 2.07847E-1 -9999 -9999 -9999 -9999 -9999 -9999 -9999 -9999 -9999 -9999 -9999 -9999 -9999 -9999 -9999
1.96186E-2 1.04559E-2 2.48443E-2 2.90891E-2 3.42334E-2 5.58432E-2 5.16592E-2 5.27773E-2 5.72079E-2 5.97862E-2 6.42195E-2 6.99634E-2 7.93596E-2 7.37898E-2 7.13743E-2 7.81232E-2 6.67725E-2 6.38303E-2 5.85594E-2 5.81883E-2 4.99147E-2 8.30458E-2 7.7754E-2 5.64238E-2 7.58786E-2 7.79376E-2 7.75889E-2 6.82159E-2 6.86686E-2 8.61379E-2 1.2901E-1 1.25147E-1 1.29132E-1 1.15955E-1 9.27952E-2 1.47498E-1 -9999 1.43172E-1 1.24572E-1 1.18326E-1 1.07239E-1 1.25856E-1 1.26678E-1 1.56505E-1 1.82985E-1 -9999 -9999 -9999 -9999 -9999 -9999 -9999 -9999 -9999 -9999 -9999 -9999 -9999 -9999 -9999
1.99517E-2 2.11555E-2 2.60274E-2 2.74169E-2 3.49954E-2 5.41857E-2 5.13809E-2 5.15656E-2 5.66054E-2 6.16227E-2 6.18248E-2 6.04003E-2 6.51577E-2 7.58768E-2 7.05155E-2 7.71073E-2 6.56914E-2 6.53776E-2 6.4657E-2 6.61821E-2 6.34057E-2 7.17533E-2 6.96089E-2 5.32191E-2 5.21598E-2 7.01443E-2 7.47074E-2 6.38243E-2 6.44279E-2 7.70586E-2 1.19854E-1 1.33764E-1 1.07618E-1 1.20869E-1 1.31275E-1 1.15919E-1 8.19648E-2 1.46918E-1 1.03161E-1 1.44604E-1 1.34142E-1 1.77093E-1 1.96894E-1 1.75859E-1 1.68903E-1 2.33693E-1 -9999 -9999 -9999 -9999 -9999 -9999 -9999 -9999 -9999 -9999 -9999 -9999 -9999 -9999
2.49371E-2 2.43357E-2 2.31435E-2 2.12012E-2 3.29068E-2 4.7107E-2 4.521E-2 5.37197E-2 6.39497E-2 6.51451E-2 6.75944E-2 6.18637E-2 6.48202E-2 7.80593E-2 8.75112E-2 8.70792E-2 7.35069E-2 7.37773E-2 7.24999E-2 3.30187E-2 7.4196E-2 7.49043E-2 7.41492E-2 5.73141E-2 5.93217E-2 7.04621E-2 6.60222E-2 7.15574E-2 6.43931E-2 8.39319E-2 1.07386E-1 1.21426E-1 7.91404E-2 1.06786E-1 1.02267E-1 9.8148E-2 1.1058E-1 1.35282E-1 1.68678E-1 6.68421E-2 8.79229E-2 1.62527E-1 1.59498E-1 1.83697E-1 1.70444E-1 2.40629E-1 2.4427E-1 -9999 -9999 -9999 -9999 -9999 -9999 -9999 -9999 -9999 -9999 -9999 -9999 -9999
1.14456E-2 1.7834E-2 1.69666E-2 9.60375E-3 2.43369E-2 4.75547E-2 5.43066E-2 5.91343E-2 6.51139E-2 6.92621E-2 6.51887E-2 6.05426E-2 6.45705E-2 8.78822E-2 5.28291E-2 1.05063E-1 8.61568E-2 8.52066E-2 8.31154E-2 3.44332E-2 7.42833E-2 5.11432E-2 5.94273E-2 6.43154E-2 7.25502E-2 5.65706E-2 7.91261E-2 7.84683E-2 6.78811E-2 7.66528E-2 1.15074E-1 1.31995E-1 1.39519E-1 1.19286E-1 1.13729E-1 1.13309E-1 1.13728E-1 9.90991E-2 1.13696E-1 1.19139E-1 1.09838E-1 1.64255E-1 2.01732E-1 1.65907E-1 1.53461E-1 1.7775E-1 1.82056E-1 -9999 -9999 -9999 -9999 -9999 -9999 -9999 -9999 -9999 -9999 -9999 -9999 -9999
9.93068E-3 1.0467E-2 1.52942E-2 1.52073E-2 2.2194E-2 4.20925E-2 5.2993E-2 6.30764E-2 5.24109E-2 7.25771E-2 6.79048E-2 5.8695E-2 6.57697E-2 8.47919E-2 9.49439E-2 8.06862E-2 7.5951E-2 5.15729E-2 7.01459E-2 8.35268E-2 5.03846E-2 5.63141E-2 4.44287E-2 5.69085E-2 8.56489E-2 1.10272E-1 9.28904E-2 5.39256E-2 4.19094E-2 4.80711E-2 8.82514E-2 1.11492E-1 1.24494E-1 1.22966E-1 1.24369E-1 1.23411E-1 1.19234E-1 1.22779E-1 9.55139E-2 9.28144E-2 1.03039E-1 1.21006E-1 1.29339E-1 1.42533E-1 1.44083E-1 1.93277E-1 2.51423E-1 -9999 -9999 -9999 -9999 -9999 -9999 -9999 -9999 -9999 -9999 -9999 -9999 -9999
3.37102E-2 2.18593E-2 2.10057E-2 2.90412E-2 3.31061E-2 3.90315E-2 2.03356E-2 2.77361E-2 6.23843E-2 6.98349E-2 1.02077E-1 8.89052E-2 9.56301E-2 9.96982E-2 1.32884E-1 1.86324E-1 1.82142E-1 1.45317E-1 1.86106E-1 2.11646E-1 1.2971E-1 1.84097E-1 1.46294E-1 1.53965E-1 2.28581E-1 2.24936E-1 1.59801E-1 1.96668E-1 2.08284E-1 1.58719E-1 2.31711E-1 2.77812E-1 2.89303E-1 3.03083E-1 3.38566E-1 4.06251E-1 3.76421E-1 3.27637E-1 3.03159E-1 2.74546E-1 3.20974E-1 2.17246E-1 4.00985E-1 4.05999E-1 4.82864E-1 4.27694E-1 4.06071E-1 4.23367E-1 -9999 -9999 -9999 -9999 -9999 -9999 -9999 -9999 -9999 -9999 -9999 -9999
2.38391E-2 2.22607E-2 1.97255E-2 2.69982E-2 3.22919E-2 3.74599E-2 2.71373E-2 4.86478E-2 5.29047E-2 6.04971E-2 9.36754E-2 8.49334E-2 8.82261E-2 9.44852E-2 1.13426E-1 1.54804E-1 1.58841E-1 1.51435E-1 2.00919E-1 1.24645E-1 2.28179E-1 1.48504E-1 1.88968E-1 2.11416E-1 2.13617E-1 1.6726E-1 1.50223E-1 1.63841E-1 1.8703E-1 2.08247E-1 3.38589E-1 2.88204E-1 3.18042E-1 3.36588E-1 3.31651E-1 3.93553E-1 4.03342E-1 3.64892E-1 3.07123E-1 3.2572E-1 3.6909E-1 3.87797E-1 3.03124E-1 4.68688E-1 5.10429E-1 3.47466E-1 4.687E-1 3.93939E-1 3.94089E-1 3.34577E-1 -9999 -9999 -9999 -9999 -9999 -9999 -9999 -9999 -9999 -9999
2.55179E-2 3.35016E-2 4.23717E-2 2.60032E-2 3.14298E-2 3.52739E-2 2.24707E-2 4.63101E-2 4.76393E-2 6.1248E-2 1.02816E-1 9.68385E-2 9.35561E-2 9.40458E-2 1.08476E-1 1.53546E-1 1.64021E-1 1.75738E-1 2.11492E-1 1.93293E-1 1.56611E-1 1.91184E-1 2.0009E-1 1.95067E-1 1.50484E-1 1.44169E-1 1.48441E-1 1.74991E-1 2.14823E-1 2.05813E-1 2.04478E-1 2.07156E-1 2.96672E-1 3.4922E-1 3.49447E-1 3.74629E-1 3.70002E-1 3.73975E-1 3.61287E-1 3.94246E-1 4.42892E-1 4.82556E-1 3.51616E-1 2.59703E-1 3.92248E-1 5.08641E-1 4.69033E-1 4.27174E-1 4.2412E-1 3.26148E-1 2.27821E-1 2.07634E-1 -9999 -9999 -9999 -9999 -9999 -9999 -9999 -9999
3.72766E-2 3.83098E-2 4.77213E-2 3.15035E-2 3.30896E-2 2.50783E-2 3.84278E-2 4.75686E-2 5.12316E-2 6.88163E-2 1.13159E-1 1.09928E-1 1.16729E-1 1.24781E-1 1.31124E-1 1.62742E-1 1.43323E-1 8.02047E-2 1.73747E-1 1.56736E-1 5.46026E-2 1.52215E-1 1.92091E-1 1.18525E-1 7.08881E-2 1.46865E-1 1.6085E-1 2.03025E-1 2.2521E-1 2.55593E-1 2.4647E-1 2.88141E-1 2.9805E-1 2.57305E-1 3.64733E-1 3.86763E-1 3.7346E-1 3.92846E-1 3.9447E-1 4.50654E-1 4.83263E-1 4.55575E-1 2.68883E-1 3.97063E-1 4.46959E-1 3.16706E-1 4.39177E-1 2.93007E-1 4.39887E-1 3.42273E-1 2.5348E-1 2.49633E-1 2.55054E-1 -9999 -9999 -9999 -9999 -9999 -9999 -9999
4.66863E-2 1.91457E-2 4.72278E-2 3.4756E-2 3.20952E-2 3.29197E-2 3.54315E-2 2.77664E-2 3.90697E-2 3.49912E-2 1.02419E-1 1.10038E-1 1.26063E-1 1.28979E-1 1.38628E-1 1.82154E-1 1.82008E-1 1.40364E-1 1.48375E-1 1.54634E-1 1.27742E-1 -9999 1.16756E-1 1.00846E-1 1.26032E-1 1.39314E-1 1.57604E-1 2.06733E-1 2.33212E-1 2.85267E-1 3.22696E-1 2.94592E-1 2.91469E-1 3.64628E-1 3.65203E-1 3.83056E-1 3.6451E-1 3.81996E-1 3.88531E-1 4.1551E-1 4.7085E-1 4.73302E-1 4.30542E-1 4.31473E-1 4.19837E-1 4.43602E-1 4.48017E-1 2.83844E-1 4.65688E-1 3.80922E-1 2.35033E-1 2.5211E-1 2.83595E-1 -9999 -9999 -9999 -9999 -9999 -9999 -9999
