Phytophthora/models/20240429_1921_07/Phytophthora_PA3_RUN1_MAXENT_outputs/Phytophthora_PA3_RUN1.asc
ncols         225
nrows         269
xllcorner     473000.0
yllcorner     4429100.0
cellsize      50.0
NODATA_value  -9999
[rows 81 to 107 of 269, columns 60 to 119 of 225]
7.31981E-2 3.46725E-2 5.89264E-2 6.51612E-2 2.73209E-2 2.54974E-2 3.17329E-2 4.62469E-2 3.78374E-2 5.61414E-2 5.68469E-2 9.58266E-2 4.65408E-2 9.24444E-2 1.15736E-1 2.27199E-1 2.23281E-1 2.22815E-1 2.1788E-1 2.05527E-1 1.50176E-1 -9999 9.88223E-2 8.48804E-2 8.1962E-2 9.36299E-2 1.18844E-1 1.49583E-1 1.72362E-1 2.03722E-1 2.46922E-1 2.21897E-1 1.95533E-1 2.09141E-1 2.42518E-1 3.89222E-1 4.06533E-1 4.07823E-1 3.97392E-1 4.07416E-1 4.19662E-1 4.21951E-1 4.16036E-1 3.1288E-1 3.65969E-1 3.6705E-1 1.91284E-1 5.42628E-1 5.11244E-1 4.19337E-1 3.56463E-1 2.51831E-1 3.0757E-1 2.85365E-1 3.26889E-1 -9999 -9999 -9999 -9999 -9999
9.0267E-2 7.92693E-2 6.51252E-2 5.77715E-2 6.35606E-2 3.63885E-2 2.92016E-2 3.82427E-2 3.90472E-2 5.18549E-2 8.70841E-2 9.61582E-2 9.46351E-2 8.40729E-2 9.58951E-2 1.70819E-1 1.79319E-1 2.17637E-1 2.17077E-1 2.01315E-1 1.41168E-1 -9999 1.31813E-1 9.26675E-2 8.63106E-2 9.61851E-2 1.16449E-1 1.42773E-1 1.59173E-1 1.87433E-1 2.36845E-1 2.24193E-1 2.04518E-1 2.07472E-1 2.35546E-1 4.14075E-1 4.29435E-1 4.08457E-1 4.19811E-1 3.91512E-1 4.2704E-1 3.99627E-1 4.26863E-1 4.26451E-1 4.16216E-1 4.53098E-1 4.17441E-1 3.06134E-1 3.2623E-1 2.20766E-1 3.64473E-1 1.56226E-1 4.26773E-1 2.32367E-1 2.43258E-1 1.78543E-1 2.2391E-1 -9999 -9999 -9999
7.45633E-2 7.48164E-2 7.30332E-2 5.66489E-2 5.98552E-2 4.72253E-2 4.40353E-2 4.65875E-2 4.74161E-2 6.19471E-2 8.42792E-2 8.78694E-2 8.8819E-2 8.57302E-2 1.03912E-1 1.64118E-1 1.84844E-1 2.13325E-1 2.2603E-1 2.11115E-1 4.08725E-2 1.55469E-1 -9999 1.09553E-1 1.07438E-1 9.96277E-2 1.08678E-1 1.32604E-1 1.49517E-1 1.77518E-1 2.3276E-1 2.3876E-1 2.35644E-1 1.71553E-1 2.51129E-1 2.60087E-1 4.42452E-1 4.12203E-1 4.20594E-1 4.17508E-1 4.37673E-1 4.28626E-1 4.23439E-1 4.1154E-1 4.13227E-1 4.61688E-1 3.30175E-1 2.28963E-1 3.50324E-1 3.64099E-1 4.57118E-1 2.74223E-1 3.46243E-1 1.79573E-1 4.22439E-1 3.29449E-1 2.71087E-1 2.34852E-1 -9999 -9999
7.84305E-2 9.61615E-2 9.3106E-2 7.82573E-2 5.47937E-2 4.28453E-2 4.85327E-2 3.25321E-2 3.79281E-2 3.37511E-2 1.00616E-1 9.83653E-2 9.30205E-2 8.83536E-2 9.80626E-2 1.84257E-1 2.07709E-1 2.22446E-1 2.36382E-1 2.23894E-1 1.0205E-1 1.51313E-1 -9999 1.1163E-1 1.13488E-1 1.12213E-1 1.18193E-1 1.11061E-1 1.34635E-1 1.60478E-1 2.12137E-1 2.42145E-1 2.16591E-1 2.05432E-1 1.6679E-1 4.4598E-1 4.20936E-1 3.53015E-1 3.75193E-1 3.83678E-1 4.0405E-1 3.89916E-1 3.89218E-1 3.76206E-1 3.79307E-1 4.39297E-1 2.49262E-1 2.52092E-1 3.53835E-1 3.97947E-1 4.32552E-1 4.14016E-1 4.06748E-1 3.91158E-1 3.49288E-1 2.38486E-1 2.44104E-1 2.36801E-1 -9999 -9999
9.70892E-2 1.0423E-1 1.03759E-1 9.29361E-2 6.57027E-2 4.20942E-2 4.39248E-2 4.9709E-2 5.22978E-2 6.56945E-2 5.90486E-2 1.04687E-1 9.97296E-2 9.54781E-2 1.02077E-1 1.80428E-1 2.08718E-1 2.31468E-1 2.30632E-1 2.50899E-1 1.84876E-1 1.53664E-1 1.68166E-1 -9999 1.36646E-1 1.12758E-1 1.42946E-1 1.24594E-1 1.43386E-1 1.60477E-1 2.15014E-1 2.25955E-1 2.02432E-1 2.27028E-1 2.6146E-1 4.52092E-1 4.01107E-1 3.60759E-1 3.46874E-1 3.53743E-1 3.82464E-1 3.73756E-1 3.74307E-1 3.6076E-1 3.94949E-1 2.57952E-1 4.29983E-1 3.33657E-1 3.81435E-1 3.87787E-1 3.63614E-1 3.31027E-1 3.34887E-1 3.26951E-1 3.12816E-1 2.75482E-1 2.81178E-1 2.76343E-1 2.49661E-1 -9999
6.34711E-2 7.16426E-2 7.17846E-2 5.48635E-2 5.52645E-2 4.71765E-2 4.5617E-2 4.54478E-2 4.62987E-2 5.91434E-2 9.59291E-2 4.73106E-2 1.05268E-1 9.94461E-2 1.09744E-1 1.74131E-1 1.91344E-1 2.15962E-1 2.32608E-1 2.47521E-1 5.41358E-2 1.77736E-1 1.68089E-1 1.75628E-1 1.75216E-1 2.09508E-1 2.68438E-1 2.76349E-1 2.53147E-1 2.6657E-1 1.94332E-1 2.40637E-1 2.43303E-1 2.45516E-1 3.2685E-1 3.0292E-1 4.80559E-1 4.67831E-1 4.28891E-1 4.1334E-1 4.13118E-1 3.98046E-1 3.93731E-1 4.27567E-1 5.15051E-1 4.75913E-1 4.79328E-1 3.1156E-1 4.13138E-1 2.68004E-1 4.40781E-1 3.99074E-1 3.7545E-1 3.91757E-1 3.80159E-1 3.84918E-1 3.85501E-1 3.72718E-1 3.52111E-1 -9999
6.06866E-2 6.90435E-2 7.11106E-2 5.59968E-2 6.85699E-2 5.70132E-2 4.34681E-2 4.37378E-2 4.35478E-2 4.92593E-2 8.21464E-2 1.04976E-1 1.02381E-1 1.08597E-1 1.17352E-1 1.81767E-1 1.81384E-1 1.8879E-1 2.12268E-1 2.25554E-1 1.29041E-1 1.13809E-1 1.81207E-1 1.63157E-1 1.63976E-1 2.44684E-1 2.98207E-1 3.044E-1 2.69996E-1 2.67455E-1 2.45251E-1 2.40176E-1 2.36767E-1 2.2907E-1 2.89416E-1 4.83382E-1 3.99457E-1 4.93467E-1 4.54186E-1 4.35447E-1 4.34717E-1 4.52513E-1 4.26998E-1 4.32391E-1 3.56633E-1 4.8377E-1 3.2429E-1 5.34448E-1 4.95317E-1 4.92676E-1 4.61906E-1 4.85361E-1 4.54382E-1 4.5945E-1 4.27744E-1 4.37338E-1 4.43419E-1 4.36434E-1 4.07747E-1 3.38994E-1
6.56426E-2 6.32273E-2 7.11905E-2 7.26337E-2 7.07957E-2 6.87197E-2 5.40586E-2 5.09862E-2 4.64125E-2 5.1122E-2 7.81612E-2 9.8573E-2 9.49181E-2 8.40713E-2 1.33293E-1 2.05537E-1 1.95324E-1 1.83885E-1 1.82098E-1 2.05617E-1 7.57159E-2 2.22491E-1 1.97965E-1 1.89935E-1 1.95511E-1 2.99514E-1 3.13758E-1 2.9312E-1 2.70813E-1 2.5978E-1 2.22465E-1 2.34607E-1 2.61219E-1 2.33509E-1 2.44215E-1 4.91133E-1 5.00386E-1 3.90261E-1 4.7986E-1 4.40178E-1 4.24265E-1 4.67475E-1 4.72389E-1 4.37049E-1 2.03596E-1 4.35554E-1 4.07801E-1 3.73041E-1 3.78561E-1 4.74485E-1 4.85778E-1 3.82995E-1 3.94188E-1 4.68608E-1 4.39195E-1 3.51049E-1 4.66983E-1 4.60198E-1 3.89754E-1 3.2812E-1
6.92056E-2 6.36548E-2 7.48992E-2 7.91449E-2 4.7611E-2 7.55713E-2 6.7679E-2 6.28428E-2 5.31301E-2 5.43348E-2 8.15912E-2 9.01586E-2 8.60051E-2 1.06388E-1 1.28809E-1 1.60814E-1 1.98825E-1 1.81948E-1 1.67448E-1 1.70318E-1 2.16697E-1 8.30621E-2 2.31471E-1 1.9961E-1 1.88564E-1 3.33613E-1 2.71116E-1 2.77899E-1 2.34195E-1 1.88535E-1 1.94982E-1 2.57818E-1 3.06184E-1 -9999 2.4454E-1 5.12222E-1 4.7657E-1 3.83054E-1 4.1499E-1 4.19602E-1 4.70999E-1 4.94505E-1 5.14107E-1 5.24281E-1 4.88567E-1 4.82234E-1 4.70799E-1 4.05464E-1 3.88129E-1 4.98327E-1 4.81599E-1 3.99104E-1 4.56145E-1 4.85879E-1 4.60499E-1 4.83562E-1 4.70734E-1 4.47471E-1 3.7133E-1 3.13451E-1
6.91215E-2 6.81048E-2 7.80596E-2 8.36046E-2 8.10773E-2 8.71742E-2 8.02968E-2 7.29883E-2 6.36716E-2 6.31495E-2 7.65351E-2 8.54902E-2 7.66562E-2 9.50946E-2 1.15978E-1 2.10502E-1 1.98389E-1 1.97906E-1 1.82487E-1 1.60706E-1 2.0572E-1 7.95582E-2 2.27861E-1 2.12936E-1 1.89381E-1 3.31565E-1 2.48557E-1 2.24535E-1 2.43969E-1 2.4536E-1 2.03348E-1 -9999 -9999 -9999 -9999 4.66065E-1 4.36704E-1 3.65554E-1 4.09488E-1 4.48804E-1 4.48706E-1 5.1996E-1 5.25182E-1 5.51371E-1 5.6921E-1 2.94554E-1 4.41104E-1 4.27233E-1 4.25712E-1 5.22836E-1 4.5369E-1 4.41317E-1 4.17044E-1 4.82217E-1 4.50253E-1 4.44959E-1 4.38847E-1 4.00627E-1 3.48492E-1 3.29531E-1
8.87721E-2 9.49472E-2 1.06746E-1 1.00168E-1 1.04566E-1 1.07778E-1 8.34848E-2 8.37238E-2 6.92672E-2 7.86546E-2 9.49163E-2 9.9087E-2 9.9339E-2 1.07641E-1 1.26973E-1 2.05259E-1 1.9677E-1 1.92504E-1 2.04886E-1 1.76923E-1 2.20748E-1 1.05252E-1 2.57907E-1 3.11974E-1 3.20063E-1 2.37152E-1 1.97144E-1 1.78172E-1 2.00625E-1 -9999 -9999 -9999 -9999 -9999 -9999 4.00319E-1 3.51366E-1 3.65295E-1 4.40645E-1 3.69447E-1 4.16763E-1 4.84337E-1 5.30023E-1 5.47553E-1 3.52469E-1 4.42097E-1 3.11423E-1 4.19247E-1 2.66624E-1 4.62168E-1 3.61396E-1 3.58281E-1 2.48551E-1 3.74186E-1 4.19932E-1 4.3293E-1 4.33191E-1 3.37814E-1 3.5592E-1 3.82361E-1
9.94113E-2 1.1496E-1 1.20671E-1 1.03416E-1 1.00477E-1 7.18034E-2 9.02124E-2 5.79344E-2 7.9013E-2 8.36647E-2 1.10375E-1 1.27826E-1 1.25966E-1 1.3544E-1 1.49627E-1 2.09423E-1 1.10915E-1 2.35412E-1 2.30693E-1 2.17957E-1 2.49354E-1 3.03715E-1 3.21768E-1 1.55666E-1 2.69311E-1 2.28803E-1 2.08522E-1 1.85388E-1 -9999 -9999 -9999 -9999 -9999 -9999 -9999 4.09945E-1 3.51825E-1 3.33385E-1 3.80208E-1 3.68475E-1 3.88465E-1 4.38983E-1 4.80126E-1 4.34228E-1 3.12129E-1 1.43616E-1 2.61537E-1 4.10554E-1 4.71396E-1 4.56575E-1 1.97387E-1 2.82909E-1 2.92168E-1 2.42625E-1 3.47231E-1 4.70294E-1 3.90508E-1 3.5016E-1 3.63436E-1 4.01323E-1
1.01949E-1 1.20507E-1 7.89437E-2 7.99511E-2 9.11617E-2 6.66478E-2 8.44694E-2 9.98909E-2 8.69216E-2 8.41681E-2 1.12987E-1 1.42065E-1 1.5667E-1 1.56411E-1 9.379E-2 1.71567E-1 2.37453E-1 2.36644E-1 2.32537E-1 2.38059E-1 2.67032E-1 3.17724E-1 2.06414E-1 2.5211E-1 2.19113E-1 2.41618E-1 2.20639E-1 1.929E-1 -9999 -9999 -9999 -9999 -9999 -9999 -9999 -9999 4.06368E-1 3.77596E-1 3.64111E-1 3.57135E-1 3.98515E-1 -9999 -9999 5.1047E-1 4.1071E-1 2.33559E-1 2.7936E-1 3.14488E-1 4.71614E-1 4.18486E-1 3.06761E-1 2.71072E-1 2.68184E-1 1.3367E-1 4.23373E-1 3.54031E-1 4.1027E-1 3.70837E-1 3.8936E-1 4.0769E-1
9.11504E-2 1.11493E-1 1.19628E-1 1.06604E-1 1.0168E-1 7.13126E-2 4.90085E-2 1.04064E-1 7.21995E-2 9.90861E-2 1.25374E-1 1.41092E-1 1.25684E-1 1.64232E-1 1.64349E-1 1.3679E-1 2.1879E-1 2.24112E-1 2.15941E-1 2.07497E-1 2.0759E-1 2.88558E-1 3.06836E-1 2.49781E-1 2.26296E-1 1.26513E-1 2.12338E-1 2.19732E-1 -9999 -9999 -9999 -9999 -9999 -9999 -9999 -9999 4.70684E-1 4.28427E-1 4.18484E-1 -9999 -9999 -9999 -9999 3.19623E-1 3.49345E-1 2.10554E-1 2.55793E-1 2.66527E-1 3.91047E-1 4.01863E-1 3.03083E-1 2.88908E-1 2.63681E-1 1.39366E-1 4.14965E-1 3.15152E-1 4.20736E-1 3.85911E-1 3.93122E-1 2.68353E-1
8.08587E-2 5.826E-2 1.04288E-1 1.06586E-1 9.3635E-2 6.62427E-2 8.0855E-2 9.62702E-2 1.03445E-1 9.98702E-2 1.00713E-1 5.72463E-2 1.28768E-1 1.50566E-1 1.52241E-1 1.88358E-1 1.40438E-1 1.28959E-1 2.30469E-1 2.22986E-1 1.92923E-1 1.986E-1 2.27347E-1 1.97936E-1 1.81057E-1 1.24843E-1 2.24804E-1 1.40707E-1 2.06718E-1 -9999 -9999 -9999 -9999 -9999 -9999 5.43623E-1 -9999 -9999 -9999 -9999 -9999 -9999 -9999 3.27026E-1 3.20302E-1 2.51012E-1 2.29824E-1 2.62146E-1 1.21007E-1 2.01698E-1 2.13297E-1 2.73273E-1 2.55626E-1 2.01062E-1 2.78052E-1 4.69809E-1 3.76446E-1 4.16072E-1 2.57383E-1 4.24671E-1
1.38022E-1 1.63696E-1 1.17304E-1 1.9445E-1 1.62191E-1 1.49466E-1 1.28812E-1 1.38326E-1 1.50518E-1 2.13917E-1 2.17706E-1 2.35644E-1 9.58782E-2 1.82857E-1 1.80506E-1 1.7796E-1 1.88766E-1 2.03178E-1 2.19849E-1 1.04001E-1 1.60416E-1 1.83944E-1 1.7389E-1 1.82402E-1 1.69092E-1 2.39616E-1 1.47962E-1 1.67731E-1 1.82725E-1 -9999 -9999 -9999 -9999 -9999 -9999 -9999 -9999 -9999 -9999 -9999 -9999 -9999 -9999 3.23598E-1 3.69077E-1 3.93561E-1 3.50364E-1 3.64856E-1 2.44036E-1 2.5917E-1 5.10247E-1 4.87449E-1 5.10453E-1 5.17992E-1 3.85298E-1 4.87534E-1 4.7082E-1 4.72436E-1 4.53827E-1 4.25146E-1
9.50606E-2 1.13475E-1 1.08489E-1 1.41771E-1 1.21962E-1 1.49716E-1 1.34336E-1 1.21581E-1 1.2242E-1 1.4435E-1 1.94831E-1 2.09222E-1 2.39714E-1 2.07611E-1 1.8576E-1 1.51204E-1 1.65293E-1 1.66781E-1 1.2514E-1 1.69563E-1 1.69431E-1 1.48149E-1 1.45779E-1 1.44521E-1 1.40328E-1 2.37688E-1 1.44246E-1 1.82003E-1 1.60321E-1 -9999 -9999 -9999 -9999 -9999 -9999 -9999 -9999 -9999 -9999 -9999 -9999 -9999 -9999 2.49091E-1 3.58692E-1 3.83512E-1 3.93625E-1 3.8412E-1 3.96888E-1 4.512E-1 5.60891E-1 5.40468E-1 3.00434E-1 6.22075E-1 6.11609E-1 4.36421E-1 3.93332E-1 3.09778E-1 2.51112E-1 3.75725E-1
1.09178E-1 1.07621E-1 9.59863E-2 5.75924E-2 1.00924E-1 1.18639E-1 1.16844E-1 1.09037E-1 1.16522E-1 1.20592E-1 1.39601E-1 2.02647E-1 2.35607E-1 1.93199E-1 2.36345E-1 1.74349E-1 1.55413E-1 1.83985E-1 1.82401E-1 1.60317E-1 1.79355E-1 1.87967E-1 1.83108E-1 2.03498E-1 1.83958E-1 1.66247E-1 1.79217E-1 2.00379E-1 2.1635E-1 1.84736E-1 -9999 -9999 -9999 -9999 -9999 -9999 -9999 -9999 -9999 -9999 -9999 -9999 -9999 3.54769E-1 3.05107E-1 4.03338E-1 4.32758E-1 4.23113E-1 4.33792E-1 3.29051E-1 4.6364E-1 6.44546E-1 6.27676E-1 6.48592E-1 5.88313E-1 3.74546E-1 3.41655E-1 2.56732E-1 3.30143E-1 3.49807E-1
1.34871E-1 1.38877E-1 1.36329E-1 1.32063E-1 1.16919E-1 1.05139E-1 9.62106E-2 1.01597E-1 9.93915E-2 1.14434E-1 1.22329E-1 1.44986E-1 2.36318E-1 2.39777E-1 2.20116E-1 1.91729E-1 1.70395E-1 4.15879E-2 4.95815E-2 1.21782E-1 1.59334E-1 1.65774E-1 1.67109E-1 1.86905E-1 1.9184E-1 1.97603E-1 9.3131E-2 1.65547E-1 2.63707E-1 1.47619E-1 1.68204E-1 -9999 -9999 -9999 -9999 -9999 -9999 -9999 -9999 -9999 -9999 -9999 -9999 3.70066E-1 3.67898E-1 4.10815E-1 4.01491E-1 3.40018E-1 3.65438E-1 2.74703E-1 3.42431E-1 4.01761E-1 6.04121E-1 4.31775E-1 5.02885E-1 3.50325E-1 3.69702E-1 3.07597E-1 3.9932E-1 3.57187E-1
1.47134E-1 1.41077E-1 1.40961E-1 1.47858E-1 8.67582E-2 1.38748E-1 1.11036E-1 1.10896E-1 1.04569E-1 1.1909E-1 1.35687E-1 1.58759E-1 1.21818E-1 2.20356E-1 2.19958E-1 1.7659E-1 1.30339E-1 1.16444E-1 1.07431E-1 1.09073E-1 1.45888E-1 1.6251E-1 1.74769E-1 2.13709E-1 2.2328E-1 2.12702E-1 2.44967E-1 2.00705E-1 2.78272E-1 1.5154E-1 2.13761E-1 -9999 -9999 -9999 -9999 -9999 -9999 -9999 -9999 -9999 -9999 -9999 3.60092E-1 1.61818E-1 4.02784E-1 4.18263E-1 4.11753E-1 4.46521E-1 4.32004E-1 3.02646E-1 2.90285E-1 4.28918E-1 4.62991E-1 4.40965E-1 4.16951E-1 3.05615E-1 3.46735E-1 2.14013E-1 4.04343E-1 3.24741E-1
1.36908E-1 1.36892E-1 1.30449E-1 1.28274E-1 1.41138E-1 6.85279E-2 1.69211E-1 1.37446E-1 1.24784E-1 1.39392E-1 1.54774E-1 1.85164E-1 1.44421E-1 2.09098E-1 1.89632E-1 1.21614E-1 9.86682E-2 4.88923E-2 8.43302E-2 1.022E-1 1.94273E-1 1.78077E-1 2.21243E-1 2.54935E-1 2.50753E-1 1.76529E-1 1.69038E-1 1.3463E-1 1.27563E-1 1.27322E-1 2.63346E-1 1.92796E-1 -9999 -9999 -9999 -9999 -9999 -9999 -9999 -9999 -9999 3.34213E-1 3.48359E-1 3.31093E-1 4.3476E-1 4.99592E-1 5.1711E-1 5.30235E-1 3.83653E-1 4.1686E-1 3.28296E-1 3.21467E-1 4.68767E-1 4.4123E-1 4.31121E-1 4.21676E-1 4.13349E-1 3.99109E-1 4.77323E-1 4.24362E-1
1.50318E-1 1.5144E-1 1.50214E-1 1.38843E-1 1.37787E-1 2.13133E-1 1.2315E-1 1.5379E-1 1.36782E-1 1.5564E-1 1.63354E-1 1.87419E-1 1.97495E-1 1.87551E-1 2.09218E-1 1.12076E-1 6.23534E-2 2.02673E-2 7.87171E-2 1.12724E-1 1.98906E-1 2.47615E-1 2.72957E-1 2.94341E-1 2.58615E-1 1.84761E-1 1.89342E-1 1.348E-1 1.40921E-1 1.26157E-1 2.34558E-1 2.06365E-1 -9999 -9999 -9999 -9999 -9999 -9999 -9999 -9999 2.60557E-1 2.96141E-1 3.20209E-1 3.53579E-1 1.74783E-1 2.80738E-1 1.96023E-1 4.44002E-1 2.01551E-1 3.3972E-1 3.97569E-1 3.54704E-1 5.44206E-1 5.09672E-1 4.97745E-1 4.40913E-1 3.19635E-1 2.95005E-1 3.37244E-1 4.64868E-1
1.5118E-1 1.48109E-1 1.57484E-1 1.58902E-1 1.67097E-1 2.08835E-1 1.22933E-1 2.01959E-1 1.58376E-1 1.70528E-1 1.8553E-1 1.60219E-1 1.07607E-1 1.44736E-1 7.30249E-2 1.14849E-1 8.28702E-2 4.31986E-2 1.06767E-1 1.30517E-1 3.02648E-1 3.07317E-1 2.84481E-1 2.24214E-1 2.13029E-1 1.76031E-1 1.85156E-1 1.53966E-1 1.26612E-1 1.60526E-1 1.25897E-1 1.5316E-1 1.98596E-1 -9999 -9999 -9999 -9999 -9999 -9999 1.54394E-1 2.41828E-1 2.72222E-1 2.79665E-1 3.15559E-1 3.33913E-1 3.53003E-1 2.40433E-1 3.34821E-1 4.48065E-1 3.16047E-1 2.33884E-1 5.03655E-1 2.77188E-1 5.61913E-1 5.34823E-1 4.25954E-1 4.43814E-1 4.93781E-1 5.21367E-1 4.14217E-1
1.37695E-1 1.49285E-1 1.30441E-1 1.27095E-1 1.60807E-1 2.12344E-1 2.4238E-1 2.37479E-1 1.78976E-1 1.13431E-1 1.90553E-1 1.85998E-1 1.63057E-1 1.32288E-1 1.14978E-1 9.35094E-2 6.11469E-2 1.01754E-1 1.26245E-1 1.81692E-1 3.52489E-1 3.31084E-1 2.55786E-1 2.39752E-1 2.36485E-1 1.8091E-1 1.85973E-1 1.65186E-1 1.2099E-1 1.62005E-1 1.2336E-1 1.75137E-1 1.811E-1 -9999 -9999 -9999 -9999 -9999 -9999 1.65559E-1 3.97964E-1 3.25358E-1 3.28845E-1 3.47484E-1 3.65602E-1 4.67159E-1 3.72836E-1 2.55168E-1 5.4804E-1 3.65631E-1 4.29216E-1 4.39907E-1 4.30056E-1 2.78728E-1 4.67899E-1 5.0626E-1 4.72168E-1 4.79725E-1 5.18583E-1 4.09319E-1
1.24843E-1 1.48853E-1 1.5479E-1 1.21163E-1 1.33615E-1 1.96555E-1 2.1692E-1 5.0611E-2 2.24303E-1 2.12497E-1 1.88455E-1 1.63347E-1 1.60315E-1 1.58386E-1 1.11631E-1 9.40039E-2 1.20922E-1 1.44367E-1 4.72428E-2 2.24688E-1 3.62009E-1 3.47051E-1 2.99605E-1 2.33056E-1 2.22376E-1 1.64871E-1 1.44627E-1 1.2713E-1 9.14974E-2 8.41556E-2 1.26336E-1 1.51242E-1 1.97497E-1 1.51308E-1 -9999 -9999 -9999 1.64217E-1 1.72682E-1 2.50036E-1 3.04936E-1 3.10824E-1 3.93579E-1 2.69059E-1 4.5805E-1 3.62896E-1 6.03588E-1 4.34429E-1 5.40716E-1 4.12217E-1 4.25251E-1 4.41569E-1 4.42761E-1 2.51195E-1 5.60987E-1 3.83242E-1 3.95028E-1 4.89547E-1 5.50565E-1 4.92076E-1
1.33686E-1 1.64145E-1 1.93694E-1 1.68055E-1 1.46708E-1 2.11257E-1 1.46925E-1 1.31303E-1 2.82592E-1 1.95088E-1 1.09186E-1 1.09883E-1 1.04267E-1 1.10579E-1 1.07723E-1 1.39912E-1 1.56773E-1 2.20334E-1 2.7767E-1 1.32808E-1 3.41703E-1 3.05571E-1 2.15109E-1 1.78428E-1 1.56146E-1 1.6007E-1 1.52168E-1 1.32335E-1 1.27917E-1 2.1175E-1 2.51316E-1 1.20997E-1 1.01389E-1 1.13055E-1 1.26503E-1 2.50179E-1 3.09052E-1 3.72851E-1 2.76063E-1 4.84703E-1 5.14699E-1 5.18588E-1 4.99978E-1 5.87446E-1 3.36886E-1 6.26731E-1 3.99347E-1 4.39695E-1 5.33508E-1 3.9957E-1 4.07913E-1 4.12203E-1 4.34821E-1 3.19314E-1 4.78744E-1 4.12443E-1 4.82237E-1 5.20212E-1 4.25179E-1 4.66762E-1
1.14937E-1 1.52705E-1 1.91844E-1 1.91934E-1 1.97964E-1 2.42783E-1 2.54348E-1 1.39732E-1 2.63772E-1 1.7976E-1 1.01487E-1 1.18046E-1 9.57202E-2 1.06404E-1 1.17224E-1 1.47344E-1 1.59926E-1 1.7034E-1 2.35424E-1 1.87312E-1 3.26743E-1 2.27868E-1 1.91051E-1 1.61851E-1 1.4802E-1 1.58337E-1 1.35603E-1 1.94953E-1 1.77123E-1 1.31868E-1 2.39867E-1 1.35592E-1 1.1514E-1 1.78682E-1 1.48297E-1 2.82872E-1 3.60579E-1 4.14966E-1 4.68716E-1 5.36381E-1 4.53764E-1 5.57339E-1 5.32565E-1 5.38685E-1 3.41186E-1 2.7625E-1 3.55098E-1 3.54519E-1 4.86395E-1 3.67284E-1 3.76789E-1 3.67629E-1 4.04871E-1 4.66808E-1 2.01931E-1 3.05739E-1 4.85366E-1 5.50243E-1 5.0434E-1 3.06793E-1
