Phytophthora/models/20240429_1921_07/Phytophthora_PA3_RUN1_MAXENT_outputs/Phytophthora_PA3_RUN1.asc
ncols         225
nrows         269
xllcorner     473000.0
yllcorner     4429100.0
cellsize      50.0
NODATA_value  -9999
[rows 108 to 134 of 269, columns 120 to 179 of 225]
4.2387E-1 4.01252E-1 3.66678E-1 3.41192E-1 -9999 -9999 -9999 -9999 -9999 -9999 -9999 -9999 -9999 -9999 -9999 -9999 -9999 -9999 -9999 -9999 -9999 -9999 -9999 -9999 -9999 -9999 -9999 -9999 -9999 -9999 -9999 -9999 -9999 -9999 -9999 2.93888E-1 1.86464E-1 2.82212E-1 2.9071E-1 2.77895E-1 2.72112E-1 2.79814E-1 2.85408E-1 3.23358E-1 2.12803E-1 2.42139E-1 2.01338E-1 2.46573E-1 2.66007E-1 2.66182E-1 2.92969E-1 2.98346E-1 2.92145E-1 2.48686E-1 2.3711E-1 2.164E-1 2.08469E-1 1.69336E-1 1.8314E-1 1.88923E-1
4.49965E-1 2.71102E-1 3.57496E-1 3.52581E-1 3.66946E-1 -9999 -9999 -9999 -9999 -9999 -9999 -9999 -9999 -9999 -9999 -9999 -9999 -9999 -9999 -9999 -9999 -9999 -9999 -9999 -9999 -9999 -9999 -9999 -9999 -9999 -9999 -9999 2.57791E-1 2.76052E-1 3.49255E-1 2.80285E-1 2.91072E-1 2.49066E-1 2.61495E-1 2.56751E-1 2.72339E-1 2.83847E-1 2.52337E-1 2.94816E-1 2.77772E-1 1.1543E-1 2.00132E-1 1.97225E-1 2.46677E-1 2.37524E-1 2.66249E-1 2.734E-1 2.48643E-1 2.21597E-1 2.28385E-1 2.10465E-1 1.82579E-1 1.51031E-1 1.6608E-1 1.69988E-1
2.98443E-1 4.32342E-1 2.49369E-1 3.50104E-1 3.6276E-1 6.18111E-1 -9999 -9999 -9999 -9999 -9999 -9999 -9999 -9999 -9999 -9999 -9999 -9999 -9999 -9999 -9999 -9999 -9999 -9999 -9999 -9999 -9999 -9999 -9999 -9999 -9999 -9999 2.23112E-1 3.0957E-1 3.08222E-1 2.57533E-1 2.64684E-1 2.19333E-1 2.01935E-1 2.05409E-1 2.48242E-1 2.53491E-1 2.64724E-1 2.65833E-1 2.47233E-1 9.71183E-2 1.47546E-1 1.49488E-1 2.25028E-1 2.07738E-1 2.39991E-1 2.34546E-1 2.17757E-1 2.13668E-1 2.0704E-1 1.88587E-1 1.45893E-1 1.42139E-1 1.44453E-1 1.54142E-1
4.43661E-1 4.19244E-1 3.69127E-1 3.93278E-1 4.01587E-1 6.01692E-1 6.43691E-1 -9999 -9999 -9999 -9999 -9999 -9999 -9999 -9999 -9999 -9999 -9999 -9999 -9999 -9999 -9999 -9999 -9999 -9999 -9999 -9999 -9999 -9999 -9999 -9999 -9999 2.89894E-1 3.30699E-1 2.96005E-1 2.09519E-1 2.00996E-1 2.10252E-1 1.66986E-1 1.5831E-1 1.65026E-1 1.96461E-1 1.95935E-1 1.9773E-1 1.94946E-1 2.94428E-2 9.62406E-2 1.25769E-1 1.61161E-1 1.46176E-1 1.6493E-1 1.66588E-1 1.49321E-1 1.40254E-1 1.34982E-1 1.20887E-1 1.02335E-1 8.52007E-2 9.62203E-2 1.04247E-1
3.43729E-1 3.66237E-1 3.90637E-1 3.98753E-1 4.47522E-1 4.20589E-1 6.22592E-1 5.70851E-1 -9999 -9999 -9999 -9999 -9999 -9999 -9999 -9999 -9999 -9999 -9999 -9999 -9999 -9999 -9999 -9999 -9999 -9999 -9999 -9999 -9999 -9999 -9999 2.32179E-1 3.04066E-1 2.97194E-1 2.61922E-1 1.76654E-1 1.87281E-1 1.81435E-1 1.21376E-1 1.28953E-1 1.44239E-1 1.45104E-1 1.66308E-1 1.76615E-1 7.3822E-2 1.10704E-1 9.49522E-2 1.33314E-1 1.4279E-1 1.26482E-1 1.45572E-1 1.41405E-1 1.24529E-1 1.29729E-1 1.17448E-1 8.99956E-2 9.53002E-2 8.34784E-2 8.3609E-2 9.20389E-2
3.23409E-1 4.1832E-1 3.96521E-1 3.88411E-1 4.7565E-1 4.98612E-1 6.61558E-1 6.34288E-1 -9999 -9999 -9999 -9999 -9999 -9999 -9999 -9999 -9999 -9999 -9999 -9999 -9999 -9999 -9999 -9999 -9999 -9999 -9999 -9999 -9999 -9999 2.49747E-1 2.31001E-1 2.45044E-1 2.64295E-1 2.43525E-1 1.59156E-1 1.76353E-1 1.63227E-1 1.28448E-1 1.05559E-1 1.16907E-1 1.37158E-1 1.34641E-1 1.63951E-1 3.63925E-2 1.10285E-1 1.00221E-1 1.25483E-1 1.23596E-1 1.10663E-1 1.31529E-1 1.18882E-1 1.27094E-1 1.09003E-1 8.1437E-2 7.61726E-2 7.18985E-2 7.90504E-2 7.75128E-2 8.50164E-2
3.75403E-1 3.55835E-1 3.80276E-1 4.08496E-1 4.8646E-1 6.19476E-1 4.67427E-1 6.88247E-1 -9999 -9999 -9999 -9999 -9999 -9999 -9999 -9999 -9999 -9999 -9999 -9999 -9999 -9999 -9999 -9999 -9999 -9999 -9999 -9999 -9999 -9999 2.25433E-1 2.31331E-1 2.24997E-1 2.40576E-1 2.34351E-1 1.63431E-1 1.92019E-1 1.90154E-1 1.16089E-1 1.17598E-1 1.2553E-1 1.39728E-1 1.39851E-1 1.39535E-1 1.29117E-1 1.01453E-1 9.57551E-2 1.14437E-1 1.00642E-1 1.01559E-1 1.17078E-1 1.17401E-1 1.0345E-1 8.71494E-2 7.30592E-2 7.07364E-2 6.81146E-2 7.59825E-2 8.30504E-2 1.0051E-1
4.22152E-1 3.84387E-1 3.66344E-1 4.13872E-1 4.78572E-1 6.68106E-1 4.77447E-1 7.18565E-1 -9999 -9999 -9999 -9999 -9999 -9999 -9999 -9999 -9999 -9999 -9999 -9999 -9999 -9999 -9999 -9999 -9999 -9999 -9999 -9999 -9999 -9999 2.72853E-1 2.76211E-1 2.97345E-1 2.31371E-1 2.13042E-1 1.41861E-1 1.48913E-1 1.7539E-1 1.61696E-1 1.32575E-1 1.40866E-1 1.60442E-1 1.5206E-1 1.48043E-1 1.26175E-1 9.30407E-2 8.67896E-2 9.50697E-2 7.93045E-2 9.7759E-2 1.05823E-1 8.97472E-2 8.09343E-2 6.61325E-2 6.24577E-2 6.28674E-2 7.20261E-2 8.47855E-2 9.48702E-2 1.16604E-1
3.59331E-1 5.62831E-1 5.16122E-1 5.27564E-1 6.26172E-1 7.98459E-1 7.361E-1 7.02265E-1 -9999 -9999 -9999 -9999 -9999 -9999 -9999 -9999 -9999 -9999 -9999 -9999 -9999 -9999 -9999 -9999 -9999 -9999 -9999 -9999 -9999 -9999 -9999 3.11292E-1 3.51264E-1 3.02765E-1 3.51939E-1 3.57897E-1 3.76885E-1 3.90077E-1 4.06794E-1 3.31572E-1 2.21443E-1 2.30896E-1 2.27537E-1 2.14631E-1 1.86563E-1 4.14696E-2 1.72764E-1 1.22463E-1 1.45868E-1 1.54252E-1 1.63604E-1 1.51468E-1 1.35057E-1 1.26791E-1 1.17527E-1 1.11094E-1 1.36229E-1 1.5276E-1 1.65033E-1 1.82537E-1
3.40614E-1 4.49298E-1 5.44658E-1 4.63665E-1 6.1464E-1 7.90657E-1 4.2943E-1 7.40821E-1 -9999 -9999 -9999 -9999 -9999 -9999 -9999 -9999 -9999 -9999 -9999 -9999 -9999 -9999 -9999 -9999 -9999 -9999 -9999 -9999 -9999 -9999 -9999 -9999 3.0419E-1 3.20194E-1 3.58127E-1 3.00414E-1 4.22221E-1 4.31122E-1 4.59283E-1 4.43663E-1 2.94546E-1 2.67072E-1 2.43483E-1 2.3087E-1 2.05391E-1 1.44341E-1 1.55191E-1 1.46321E-1 1.69813E-1 1.47599E-1 1.59086E-1 1.32912E-1 1.22521E-1 1.31689E-1 1.5075E-1 1.41083E-1 1.61421E-1 1.79997E-1 1.88817E-1 2.07343E-1
5.26936E-1 2.77192E-1 4.16952E-1 6.68875E-1 6.32879E-1 7.45853E-1 7.77714E-1 6.55472E-1 -9999 -9999 -9999 -9999 -9999 -9999 -9999 -9999 -9999 -9999 -9999 -9999 -9999 -9999 -9999 -9999 -9999 -9999 -9999 -9999 -9999 -9999 -9999 -9999 3.05365E-1 3.2717E-1 3.5004E-1 4.00496E-1 4.29238E-1 2.66396E-1 4.4926E-1 4.39678E-1 3.48863E-1 3.29794E-1 2.731E-1 2.60169E-1 2.61063E-1 1.39702E-1 1.5608E-1 2.0084E-1 1.58391E-1 1.56985E-1 1.76722E-1 1.397E-1 1.24882E-1 1.41206E-1 1.84859E-1 1.6522E-1 1.83754E-1 1.97445E-1 2.08748E-1 2.3771E-1
5.4041E-1 5.95999E-1 5.82258E-1 5.19594E-1 6.54825E-1 5.04095E-1 7.28821E-1 -9999 -9999 -9999 -9999 -9999 -9999 -9999 -9999 -9999 -9999 -9999 -9999 -9999 -9999 -9999 -9999 -9999 -9999 -9999 6.4102E-1 -9999 -9999 -9999 -9999 -9999 2.98849E-1 3.20317E-1 3.50795E-1 3.82802E-1 4.16967E-1 4.65242E-1 4.71835E-1 4.67588E-1 3.72472E-1 3.48175E-1 3.27807E-1 2.82949E-1 2.05237E-1 1.30379E-1 1.08328E-1 1.38131E-1 1.55684E-1 1.80842E-1 1.95973E-1 1.54083E-1 1.39307E-1 1.7006E-1 2.07962E-1 1.79239E-1 1.94146E-1 2.07246E-1 2.27932E-1 2.70126E-1
4.63924E-1 5.51067E-1 2.74522E-1 2.47514E-1 5.53349E-1 7.61071E-1 -9999 -9999 -9999 -9999 -9999 -9999 -9999 -9999 -9999 -9999 -9999 -9999 -9999 -9999 -9999 -9999 -9999 -9999 -9999 5.16784E-1 5.55718E-1 -9999 -9999 -9999 -9999 -9999 3.09484E-1 3.11143E-1 3.30907E-1 3.50592E-1 3.92939E-1 4.44954E-1 4.84429E-1 4.49409E-1 3.79685E-1 3.58472E-1 3.12321E-1 2.42252E-1 1.98745E-1 1.77548E-1 6.1455E-2 1.70184E-1 1.90209E-1 2.08682E-1 2.21578E-1 1.74825E-1 1.47283E-1 2.06181E-1 2.12698E-1 1.67313E-1 1.82343E-1 2.07899E-1 2.55463E-1 2.91546E-1
6.64435E-1 6.3995E-1 5.73122E-1 4.86673E-1 5.85358E-1 7.14711E-1 -9999 -9999 -9999 -9999 -9999 -9999 -9999 -9999 -9999 -9999 -9999 -9999 -9999 -9999 -9999 -9999 -9999 -9999 6.8229E-1 6.57949E-1 5.44552E-1 5.2326E-1 6.06886E-1 5.71106E-1 4.99546E-1 -9999 -9999 4.015E-1 3.95429E-1 3.29402E-1 3.42576E-1 3.99475E-1 4.64497E-1 4.22765E-1 3.22456E-1 3.23489E-1 2.47458E-1 2.13524E-1 1.57971E-1 1.32199E-1 1.97292E-1 8.79338E-2 2.1159E-1 2.22442E-1 2.1263E-1 1.60558E-1 1.51713E-1 1.62165E-1 1.63605E-1 1.90196E-1 2.1076E-1 2.57545E-1 2.91982E-1 3.19964E-1
6.53623E-1 6.60616E-1 4.70494E-1 4.28977E-1 5.15935E-1 7.53826E-1 -9999 -9999 -9999 -9999 -9999 -9999 -9999 -9999 -9999 -9999 -9999 -9999 -9999 -9999 -9999 -9999 -9999 -9999 7.04651E-1 6.65668E-1 4.47527E-1 6.48548E-1 6.35131E-1 5.72204E-1 5.02716E-1 4.68841E-1 4.7394E-1 4.51744E-1 3.90367E-1 3.0161E-1 3.14292E-1 3.33647E-1 4.09635E-1 3.85838E-1 3.05059E-1 3.00042E-1 1.58192E-1 1.28794E-1 1.17833E-1 1.38282E-1 2.11628E-1 2.33142E-1 2.35644E-1 2.48878E-1 2.34376E-1 1.75528E-1 1.87099E-1 1.67701E-1 1.53247E-1 1.85156E-1 2.15653E-1 2.61158E-1 2.86036E-1 3.10562E-1
6.66714E-1 6.78681E-1 6.82244E-1 5.89002E-1 7.01911E-1 7.71377E-1 -9999 -9999 -9999 -9999 -9999 -9999 -9999 -9999 -9999 -9999 -9999 -9999 -9999 -9999 -9999 -9999 -9999 -9999 -9999 -9999 7.18397E-1 6.2272E-1 6.20248E-1 5.24999E-1 5.27248E-1 4.19024E-1 4.65764E-1 4.5388E-1 4.13813E-1 3.15591E-1 3.22257E-1 3.15589E-1 3.35825E-1 2.91063E-1 2.31827E-1 2.42451E-1 2.0825E-1 1.4171E-1 1.51852E-1 2.05538E-1 2.13601E-1 2.45716E-1 2.52137E-1 1.29931E-1 2.36923E-1 2.20102E-1 1.87476E-1 1.467E-1 1.46665E-1 1.85074E-1 2.31284E-1 2.5077E-1 2.71741E-1 2.92132E-1
6.52107E-1 6.87151E-1 6.60125E-1 7.36486E-1 7.40246E-1 7.79084E-1 7.41663E-1 7.4941E-1 -9999 -9999 7.68916E-1 -9999 -9999 -9999 -9999 -9999 -9999 -9999 -9999 -9999 -9999 -9999 -9999 -9999 -9999 -9999 -9999 5.78217E-1 6.53611E-1 6.31576E-1 5.75881E-1 4.74149E-1 4.52174E-1 4.62434E-1 4.66446E-1 3.62626E-1 3.25783E-1 2.6705E-1 2.49769E-1 2.38302E-1 1.8527E-1 1.95158E-1 1.90875E-1 1.5579E-1 1.33101E-1 2.30739E-1 2.00643E-1 2.3534E-1 2.39347E-1 2.534E-1 1.0026E-1 2.13767E-1 1.97515E-1 1.43056E-1 1.50215E-1 1.8528E-1 2.1028E-1 2.38314E-1 2.54211E-1 2.838E-1
6.92791E-1 7.07801E-1 7.42274E-1 5.28792E-1 7.5766E-1 7.2178E-1 6.96556E-1 7.0959E-1 7.20266E-1 6.84978E-1 6.47075E-1 -9999 -9999 -9999 -9999 -9999 -9999 -9999 -9999 -9999 -9999 -9999 -9999 -9999 -9999 -9999 -9999 6.89729E-1 5.29536E-1 6.18166E-1 5.26754E-1 4.61317E-1 4.3012E-1 4.48334E-1 4.34486E-1 3.18099E-1 2.3883E-1 2.17348E-1 2.26409E-1 2.13777E-1 1.55234E-1 1.81008E-1 1.93346E-1 2.08429E-1 2.33064E-1 2.4763E-1 1.88321E-1 1.90377E-1 1.93029E-1 1.91579E-1 1.09498E-1 1.83619E-1 1.82936E-1 1.52919E-1 1.55989E-1 1.73933E-1 1.9852E-1 2.09159E-1 2.45337E-1 2.31486E-1
5.78146E-1 5.13711E-1 5.33087E-1 5.62508E-1 5.05826E-1 6.07793E-1 5.95626E-1 6.17361E-1 6.12515E-1 6.22423E-1 6.09259E-1 -9999 -9999 -9999 -9999 -9999 -9999 -9999 -9999 -9999 -9999 -9999 -9999 -9999 -9999 -9999 -9999 3.87826E-1 2.60726E-1 3.2172E-1 3.46533E-1 3.34226E-1 3.12292E-1 3.70266E-1 2.70394E-1 2.74961E-1 1.36252E-1 1.52031E-1 1.67187E-1 1.88468E-1 1.53995E-1 1.60089E-1 1.59372E-1 1.62833E-1 1.92132E-1 1.82804E-1 1.54888E-1 1.44788E-1 1.43103E-1 1.41321E-1 1.36466E-1 8.29496E-2 1.12565E-1 1.31343E-1 1.43498E-1 1.57646E-1 1.08598E-1 1.97431E-1 1.70144E-1 2.1275E-1
5.80042E-1 5.57784E-1 4.6931E-1 4.53688E-1 4.5658E-1 5.70372E-1 5.63417E-1 5.79283E-1 5.86923E-1 5.75337E-1 5.90611E-1 -9999 -9999 -9999 -9999 -9999 -9999 -9999 -9999 -9999 -9999 -9999 -9999 -9999 -9999 -9999 -9999 3.81828E-1 3.43468E-1 2.08915E-1 3.77501E-1 3.6473E-1 3.27502E-1 3.25723E-1 3.87023E-1 1.28784E-1 1.84494E-1 1.58545E-1 1.86165E-1 2.17967E-1 1.86445E-1 1.9517E-1 1.87661E-1 1.76432E-1 1.77349E-1 1.82492E-1 1.82763E-1 1.38756E-1 1.37741E-1 1.35345E-1 1.51759E-1 1.13842E-1 1.34879E-1 1.20135E-1 1.41278E-1 2.0434E-1 1.99245E-1 1.69892E-1 1.97234E-1 2.59083E-1
4.61239E-1 4.86961E-1 4.41011E-1 3.92625E-1 3.7022E-1 5.33693E-1 5.27778E-1 5.40845E-1 5.18472E-1 5.15908E-1 6.86274E-1 6.21077E-1 -9999 -9999 -9999 -9999 -9999 -9999 -9999 -9999 -9999 -9999 -9999 -9999 -9999 -9999 -9999 3.95952E-1 3.74472E-1 3.65459E-1 3.19008E-1 4.42995E-1 3.86428E-1 3.44492E-1 3.72207E-1 2.89691E-1 2.72567E-1 2.05095E-1 1.98407E-1 2.27952E-1 1.93258E-1 1.42976E-1 1.98168E-1 1.95459E-1 1.8877E-1 1.74148E-1 1.79305E-1 1.65366E-1 1.5901E-1 1.54619E-1 7.99683E-2 1.1471E-1 1.24241E-1 1.44821E-1 1.47825E-1 1.30466E-1 2.23275E-1 1.99155E-1 2.33324E-1 2.7818E-1
3.86296E-1 5.25569E-1 4.62918E-1 4.16267E-1 3.81782E-1 5.06441E-1 5.15642E-1 5.77147E-1 6.84212E-1 7.42434E-1 6.98677E-1 6.85444E-1 7.0113E-1 -9999 -9999 -9999 -9999 -9999 -9999 -9999 -9999 -9999 -9999 -9999 -9999 -9999 -9999 3.93946E-1 3.53489E-1 3.46009E-1 3.93557E-1 3.89983E-1 3.81706E-1 3.62826E-1 2.59546E-1 2.68823E-1 2.22049E-1 1.96824E-1 1.90527E-1 2.24426E-1 2.18662E-1 1.62339E-1 2.12541E-1 2.06787E-1 1.88653E-1 1.66017E-1 1.63624E-1 1.56342E-1 1.59863E-1 1.71377E-1 1.1133E-1 1.33489E-1 1.29879E-1 1.2609E-1 1.66813E-1 2.02305E-1 1.27647E-1 2.45121E-1 2.36572E-1 2.69275E-1
5.20018E-1 5.10928E-1 4.205E-1 3.6316E-1 3.6975E-1 5.42151E-1 5.51596E-1 6.57803E-1 6.08781E-1 7.15533E-1 7.09151E-1 7.20164E-1 7.13431E-1 7.14673E-1 -9999 -9999 -9999 -9999 -9999 -9999 -9999 -9999 -9999 -9999 -9999 -9999 -9999 3.09102E-1 2.77238E-1 3.07575E-1 3.91632E-1 2.22818E-1 3.52661E-1 3.78659E-1 4.00135E-1 3.11453E-1 2.49933E-1 2.17244E-1 2.26255E-1 2.53896E-1 1.99666E-1 2.41669E-1 2.18783E-1 2.07449E-1 1.92819E-1 1.71862E-1 1.67303E-1 1.52714E-1 1.23594E-1 1.24266E-1 1.65709E-1 1.67179E-1 1.62169E-1 1.46903E-1 1.53537E-1 2.08651E-1 1.0965E-1 2.61135E-1 2.44023E-1 2.57603E-1
2.70798E-1 2.76022E-1 2.12428E-1 1.68977E-1 2.36395E-1 -9999 5.27328E-1 4.62452E-1 4.65386E-1 4.65477E-1 7.3804E-1 7.72457E-1 7.5895E-1 7.35791E-1 6.96873E-1 6.89835E-1 -9999 -9999 -9999 -9999 -9999 -9999 -9999 -9999 -9999 -9999 -9999 4.90065E-1 5.00711E-1 4.07551E-1 3.22145E-1 3.22048E-1 3.16947E-1 1.84607E-1 3.53661E-1 4.32972E-1 3.76082E-1 3.5613E-1 3.11518E-1 3.49684E-1 2.36331E-1 3.27598E-1 3.24699E-1 3.33745E-1 2.92079E-1 1.9178E-1 1.80799E-1 1.62116E-1 1.14344E-1 8.828E-2 1.09725E-1 5.74882E-2 1.69612E-1 1.61041E-1 1.71906E-1 1.3585E-1 2.64041E-1 2.63697E-1 2.5575E-1 2.49987E-1
2.50781E-1 2.42352E-1 2.0016E-1 1.89881E-1 3.49728E-1 5.14058E-1 4.66823E-1 5.39855E-1 4.71927E-1 3.49511E-1 6.71027E-1 7.70901E-1 7.62768E-1 7.59021E-1 7.06715E-1 6.82087E-1 -9999 -9999 -9999 -9999 -9999 -9999 -9999 -9999 -9999 -9999 -9999 -9999 5.44725E-1 -9999 -9999 -9999 -9999 3.69434E-1 3.26E-1 3.55401E-1 3.52795E-1 3.46035E-1 2.89703E-1 2.96722E-1 2.61937E-1 2.72721E-1 3.53787E-1 3.95355E-1 3.41803E-1 2.03936E-1 1.87917E-1 1.61724E-1 1.37378E-1 1.2887E-1 1.50854E-1 1.28003E-1 1.24382E-1 1.67085E-1 1.82612E-1 2.44882E-1 2.70433E-1 2.74888E-1 2.65124E-1 2.69667E-1
2.67555E-1 2.36269E-1 1.98418E-1 2.54766E-1 3.01264E-1 4.6035E-1 5.09997E-1 2.76893E-1 2.98154E-1 4.85992E-1 7.42181E-1 7.35984E-1 7.55087E-1 7.3946E-1 7.42517E-1 6.75234E-1 -9999 -9999 -9999 -9999 -9999 -9999 -9999 -9999 -9999 -9999 -9999 -9999 -9999 -9999 -9999 -9999 -9999 -9999 3.3282E-1 3.59459E-1 3.6252E-1 3.06428E-1 2.6951E-1 2.87719E-1 2.35868E-1 3.00803E-1 2.8367E-1 3.50129E-1 3.47103E-1 2.24344E-1 1.95735E-1 1.52502E-1 1.47532E-1 1.31864E-1 1.64465E-1 1.50719E-1 5.09573E-2 1.92307E-1 1.6138E-1 2.52129E-1 2.92726E-1 2.79615E-1 3.11527E-1 2.81859E-1
2.39325E-1 2.10229E-1 1.93821E-1 2.4886E-1 2.81069E-1 4.85304E-1 5.37144E-1 3.64972E-1 5.09406E-1 5.01567E-1 7.12833E-1 7.26995E-1 7.28173E-1 7.19438E-1 7.18279E-1 -9999 -9999 -9999 -9999 -9999 -9999 -9999 -9999 -9999 -9999 -9999 -9999 -9999 -9999 -9999 -9999 -9999 -9999 -9999 2.80944E-1 4.12937E-1 3.98609E-1 3.22812E-1 2.76893E-1 3.14618E-1 2.61939E-1 3.13086E-1 1.97905E-1 3.34805E-1 3.40373E-1 2.31625E-1 1.9939E-1 1.56833E-1 1.52345E-1 1.70123E-1 1.88213E-1 1.95288E-1 1.75741E-1 1.2331E-1 2.42933E-1 1.46601E-1 2.6727E-1 3.54966E-1 3.21877E-1 2.98513E-1
