Phytophthora/models/20240429_1921_07/Phytophthora_PA3_RUN1_MAXENT_outputs/Phytophthora_PA3_RUN1.asc
ncols         225
nrows         269
xllcorner     473000.0
yllcorner     4429100.0
cellsize      50.0
NODATA_value  -9999
[rows 189 to 215 of 269, columns 60 to 119 of 225]
5.85716E-1 6.108E-1 6.26328E-1 6.41499E-1 6.58075E-1 5.81374E-1 5.42657E-1 4.9986E-1 5.12897E-1 6.175E-1 3.8946E-1 6.08486E-1 6.20524E-1 6.09632E-1 5.61581E-1 5.67431E-1 5.27116E-1 5.21555E-1 5.80638E-1 2.86316E-1 4.79917E-1 4.87465E-1 4.88089E-1 4.76682E-1 6.13255E-1 5.40843E-1 5.44426E-1 4.52251E-1 4.48214E-1 4.73426E-1 5.10991E-1 5.62539E-1 6.21245E-1 6.25262E-1 6.33568E-1 5.5703E-1 3.46183E-1 2.09932E-1 3.08896E-1 5.20691E-1 2.24452E-1 4.02298E-1 4.58407E-1 5.32818E-1 5.15887E-1 3.29165E-1 5.07748E-1 2.74952E-1 3.14993E-1 3.45744E-1 3.92802E-1 4.21312E-1 5.41446E-1 5.89814E-1 5.94612E-1 4.44965E-1 5.7345E-1 5.35194E-1 5.06719E-1 5.14347E-1
5.81526E-1 6.30853E-1 6.25243E-1 6.41147E-1 6.33924E-1 5.56972E-1 5.28386E-1 5.15522E-1 4.94951E-1 6.06596E-1 6.74902E-1 6.9271E-1 6.68339E-1 6.49069E-1 5.9279E-1 6.07758E-1 5.49704E-1 5.41574E-1 4.36133E-1 4.98341E-1 4.88683E-1 4.9749E-1 5.08393E-1 4.73842E-1 5.34668E-1 5.1598E-1 5.20653E-1 4.93269E-1 4.9533E-1 4.89224E-1 5.43525E-1 5.82354E-1 6.09042E-1 6.11755E-1 2.45026E-1 4.16655E-1 3.97107E-1 3.54529E-1 3.22136E-1 3.47011E-1 3.66811E-1 2.6087E-1 5.06042E-1 5.08787E-1 5.3074E-1 5.4411E-1 4.56013E-1 5.06819E-1 4.22456E-1 2.60075E-1 3.09333E-1 3.13288E-1 4.18329E-1 4.63277E-1 2.59547E-1 5.94134E-1 5.76174E-1 5.10719E-1 4.85299E-1 4.69904E-1
6.1543E-1 6.27103E-1 6.30677E-1 6.6478E-1 6.39557E-1 6.36192E-1 6.2387E-1 6.17055E-1 5.63841E-1 6.14801E-1 4.66022E-1 7.29219E-1 7.07725E-1 6.51127E-1 5.14942E-1 5.70976E-1 4.97657E-1 5.12347E-1 5.54475E-1 5.38746E-1 5.05337E-1 5.25023E-1 5.3576E-1 5.1698E-1 5.35795E-1 5.53076E-1 5.72642E-1 5.08815E-1 5.8994E-1 5.11642E-1 5.59866E-1 5.9674E-1 5.97539E-1 2.53467E-1 5.87238E-1 4.82804E-1 3.29262E-1 3.27174E-1 3.62955E-1 4.10526E-1 4.7545E-1 5.09929E-1 4.28244E-1 5.5217E-1 5.3619E-1 5.36097E-1 4.32244E-1 3.84372E-1 3.09749E-1 4.01072E-1 2.55716E-1 2.64459E-1 3.43497E-1 3.65117E-1 3.7405E-1 2.60297E-1 4.95371E-1 4.41649E-1 4.64354E-1 5.08381E-1
6.31554E-1 6.06582E-1 6.37283E-1 3.43679E-1 4.19878E-1 4.81233E-1 4.03209E-1 4.226E-1 5.8259E-1 6.39995E-1 3.65583E-1 6.96942E-1 6.17172E-1 5.57614E-1 5.23069E-1 5.89898E-1 4.93687E-1 5.22497E-1 5.46822E-1 5.37203E-1 5.03397E-1 4.71631E-1 4.79337E-1 4.95488E-1 5.12806E-1 4.5717E-1 4.88406E-1 4.3918E-1 6.2764E-1 4.54197E-1 5.18747E-1 5.17983E-1 4.87019E-1 5.23414E-1 3.12927E-1 2.67728E-1 4.43454E-1 2.77628E-1 3.16232E-1 3.79797E-1 5.11457E-1 5.24896E-1 5.48011E-1 4.86056E-1 4.31958E-1 5.23596E-1 4.33578E-1 3.88833E-1 3.77197E-1 3.89356E-1 3.30505E-1 2.83679E-1 2.68854E-1 2.97561E-1 3.36992E-1 1.48161E-1 4.86051E-1 4.71173E-1 4.66575E-1 4.22322E-1
6.41331E-1 6.13253E-1 6.18882E-1 5.95673E-1 4.3094E-1 4.0409E-1 6.79772E-1 6.796E-1 7.20023E-1 4.14532E-1 4.53741E-1 7.40208E-1 7.12717E-1 6.1663E-1 6.69054E-1 6.36119E-1 4.78671E-1 7.00471E-1 5.48939E-1 5.2137E-1 4.65232E-1 5.44254E-1 6.08093E-1 5.92526E-1 5.90183E-1 5.18693E-1 5.1219E-1 4.71266E-1 6.12167E-1 4.67999E-1 5.12671E-1 5.19558E-1 4.67925E-1 5.90537E-1 3.05814E-1 3.44392E-1 4.81564E-1 4.13356E-1 4.30622E-1 3.89528E-1 4.78363E-1 4.59597E-1 3.97587E-1 4.83045E-1 4.63764E-1 3.01641E-1 4.36934E-1 3.85417E-1 3.17021E-1 3.0623E-1 3.2428E-1 3.51886E-1 4.20084E-1 3.75744E-1 3.87643E-1 4.8151E-1 5.65723E-1 5.10813E-1 4.55805E-1 4.11005E-1
6.58395E-1 5.03798E-1 6.16197E-1 4.73056E-1 4.58095E-1 5.76666E-1 6.28064E-1 6.72426E-1 6.47289E-1 7.35111E-1 6.46111E-1 6.33372E-1 7.14479E-1 6.83416E-1 6.03121E-1 5.71445E-1 6.72557E-1 6.95131E-1 5.69809E-1 5.63645E-1 5.65688E-1 5.26263E-1 4.88296E-1 6.70484E-1 6.45422E-1 5.78047E-1 5.49629E-1 5.77382E-1 6.6018E-1 6.07187E-1 4.85294E-1 4.81533E-1 4.41785E-1 5.52916E-1 3.5471E-1 4.13456E-1 3.94672E-1 3.77467E-1 3.91207E-1 3.83412E-1 4.75506E-1 4.45852E-1 4.73546E-1 4.87424E-1 4.97413E-1 3.76955E-1 4.42495E-1 3.57035E-1 3.32194E-1 3.49317E-1 3.83941E-1 4.02305E-1 3.93572E-1 4.54473E-1 4.47839E-1 4.49474E-1 3.35876E-1 5.0732E-1 4.59294E-1 4.11207E-1
6.35983E-1 5.96072E-1 4.90655E-1 4.80412E-1 4.66379E-1 6.12158E-1 5.51612E-1 6.79507E-1 6.54606E-1 5.20322E-1 5.48213E-1 6.16973E-1 6.11816E-1 6.17404E-1 6.06222E-1 6.06246E-1 6.06036E-1 4.99183E-1 5.21026E-1 3.77315E-1 5.6086E-1 4.90398E-1 6.25812E-1 6.69254E-1 6.10005E-1 5.90315E-1 5.50722E-1 5.73144E-1 5.80284E-1 5.59788E-1 4.90708E-1 4.57775E-1 4.43264E-1 4.94433E-1 2.71329E-1 3.90494E-1 3.69797E-1 3.92128E-1 4.27515E-1 3.63534E-1 4.94782E-1 4.69082E-1 4.53775E-1 4.88045E-1 2.79861E-1 1.66582E-1 3.65319E-1 3.7425E-1 3.58007E-1 4.00932E-1 4.59381E-1 4.73652E-1 4.62323E-1 4.45698E-1 4.48212E-1 4.33137E-1 3.12692E-1 4.81862E-1 4.56163E-1 4.20795E-1
5.03381E-1 5.85266E-1 5.68824E-1 5.27509E-1 5.45076E-1 6.51981E-1 7.45867E-1 6.5171E-1 6.85399E-1 6.35331E-1 6.00086E-1 5.94098E-1 6.1459E-1 5.99121E-1 6.05697E-1 5.91217E-1 4.12299E-1 6.15322E-1 6.23205E-1 6.62168E-1 6.66775E-1 6.40336E-1 5.93824E-1 6.62213E-1 6.65791E-1 7.2701E-1 6.71861E-1 6.81869E-1 5.94889E-1 5.64745E-1 4.60985E-1 4.75319E-1 4.27166E-1 4.84181E-1 3.06295E-1 3.23943E-1 3.48568E-1 3.82239E-1 4.12273E-1 3.81962E-1 3.20622E-1 3.06418E-1 3.05391E-1 2.07122E-1 2.83479E-1 1.89469E-1 3.29748E-1 3.88337E-1 3.78978E-1 4.27243E-1 5.03645E-1 5.09612E-1 5.1271E-1 4.79096E-1 2.46434E-1 2.97102E-1 2.98412E-1 1.70989E-1 3.38438E-1 3.01277E-1
2.77665E-1 6.34806E-1 6.21117E-1 5.71691E-1 6.81016E-1 7.23599E-1 5.86763E-1 7.4883E-1 7.35892E-1 7.11085E-1 7.24971E-1 6.81433E-1 5.6002E-1 5.37089E-1 5.18821E-1 5.3586E-1 7.03721E-1 6.75947E-1 6.53984E-1 6.31866E-1 5.87461E-1 5.83799E-1 5.75381E-1 6.63853E-1 6.76626E-1 5.91435E-1 5.56446E-1 5.59251E-1 5.82401E-1 6.26786E-1 5.52145E-1 5.03824E-1 4.52649E-1 4.95425E-1 3.30287E-1 3.20785E-1 2.78296E-1 3.22747E-1 3.61527E-1 3.90488E-1 1.54974E-1 3.0213E-1 3.01841E-1 3.11091E-1 2.72191E-1 3.50065E-1 4.21037E-1 4.06846E-1 4.70541E-1 4.7763E-1 5.44969E-1 5.69605E-1 5.71228E-1 3.88105E-1 4.53354E-1 1.77861E-1 1.5937E-1 1.67206E-1 1.1136E-1 3.37472E-1
6.81597E-1 6.74465E-1 7.04216E-1 6.90687E-1 6.58457E-1 7.42131E-1 6.78313E-1 7.1648E-1 6.2566E-1 6.16873E-1 5.9621E-1 5.53669E-1 5.14707E-1 5.45666E-1 5.25186E-1 7.09462E-1 6.75982E-1 7.14837E-1 6.36781E-1 6.07367E-1 5.81319E-1 6.20794E-1 5.48304E-1 3.50804E-1 5.30309E-1 4.98563E-1 4.5149E-1 4.68844E-1 5.78657E-1 5.19623E-1 4.91015E-1 4.74489E-1 4.8989E-1 4.78632E-1 3.87907E-1 2.86551E-1 2.96628E-1 3.12848E-1 3.26577E-1 3.06545E-1 2.63844E-1 3.24588E-1 1.12161E-1 2.94639E-1 3.03622E-1 3.32905E-1 3.85317E-1 3.90999E-1 4.90976E-1 5.11574E-1 3.99546E-1 4.23143E-1 4.03375E-1 4.85876E-1 4.53253E-1 2.67355E-1 1.85502E-1 1.80376E-1 2.06301E-1 1.28135E-1
6.07452E-1 6.17137E-1 6.55354E-1 6.47648E-1 5.99397E-1 4.9719E-1 6.12046E-1 5.90945E-1 5.46322E-1 5.19577E-1 4.85756E-1 4.50782E-1 4.74717E-1 5.93607E-1 6.85287E-1 6.23655E-1 7.20427E-1 7.2884E-1 7.04604E-1 6.37952E-1 5.9813E-1 6.06083E-1 6.49791E-1 5.35008E-1 5.42442E-1 4.86243E-1 5.47593E-1 5.60411E-1 5.17532E-1 5.08334E-1 5.16859E-1 5.31794E-1 5.2256E-1 4.35071E-1 3.81763E-1 2.60466E-1 2.72149E-1 2.79629E-1 2.95638E-1 2.62084E-1 2.46556E-1 2.88045E-1 1.80318E-1 3.43982E-1 3.02491E-1 3.34419E-1 3.6201E-1 4.11387E-1 5.10126E-1 5.15981E-1 4.6785E-1 4.88139E-1 2.23331E-1 5.38483E-1 4.46575E-1 2.46342E-1 1.95493E-1 2.42929E-1 1.82618E-1 2.86968E-1
5.74284E-1 6.07328E-1 6.00039E-1 7.28976E-1 6.06742E-1 5.78413E-1 5.66045E-1 5.46753E-1 5.45316E-1 5.18005E-1 4.77433E-1 4.66357E-1 5.97957E-1 5.5348E-1 6.55231E-1 5.78808E-1 7.00889E-1 7.25472E-1 7.27816E-1 6.98348E-1 6.4417E-1 5.00233E-1 5.61728E-1 4.51175E-1 4.16905E-1 4.08608E-1 5.40876E-1 5.17069E-1 5.51415E-1 4.93046E-1 3.53197E-1 3.90646E-1 3.46544E-1 4.80923E-1 3.52175E-1 2.52755E-1 2.39098E-1 2.43498E-1 2.6539E-1 2.31897E-1 1.9904E-1 2.42626E-1 3.55685E-1 3.39064E-1 2.95381E-1 3.48076E-1 3.94145E-1 4.56054E-1 5.08429E-1 4.98491E-1 4.13207E-1 4.44307E-1 1.51469E-1 5.05602E-1 3.60506E-1 1.81956E-1 1.38397E-1 2.28961E-1 1.46714E-1 2.00339E-1
5.78019E-1 5.85625E-1 4.40734E-1 5.9869E-1 5.40632E-1 5.61829E-1 5.43076E-1 4.96791E-1 4.80672E-1 4.36003E-1 3.88344E-1 5.42333E-1 3.99651E-1 5.25599E-1 5.98869E-1 5.87185E-1 6.13242E-1 6.41643E-1 6.26786E-1 5.92425E-1 2.20812E-1 3.82007E-1 2.73023E-1 2.47909E-1 3.14133E-1 5.0705E-1 4.57471E-1 5.04457E-1 5.28726E-1 4.50173E-1 4.35452E-1 4.16513E-1 3.73891E-1 3.87677E-1 2.7147E-1 2.47886E-1 2.11973E-1 2.08009E-1 2.40907E-1 2.18565E-1 3.35521E-1 3.709E-1 5.26444E-1 4.37266E-1 4.3863E-1 4.51025E-1 5.2562E-1 6.00225E-1 5.6887E-1 5.36378E-1 4.06496E-1 4.6848E-1 2.17559E-1 4.39566E-1 3.22301E-1 2.23112E-1 1.80795E-1 3.09001E-1 2.09302E-1 2.09033E-1
5.26887E-1 3.65275E-1 5.33402E-1 4.80922E-1 4.68963E-1 5.01149E-1 5.4733E-1 5.62735E-1 5.39271E-1 4.83081E-1 5.37757E-1 5.79179E-1 5.07739E-1 5.68515E-1 6.50834E-1 6.57926E-1 6.62432E-1 6.49263E-1 6.34004E-1 6.21373E-1 4.99295E-1 3.92862E-1 3.38127E-1 3.34501E-1 3.95679E-1 4.59784E-1 5.18718E-1 5.61933E-1 5.78951E-1 5.0413E-1 4.15214E-1 3.84224E-1 3.63928E-1 3.3103E-1 4.09028E-1 1.56029E-1 2.97125E-1 2.20058E-1 2.70043E-1 2.7346E-1 3.63035E-1 4.06609E-1 4.37962E-1 5.04114E-1 3.82678E-1 4.9868E-1 5.94988E-1 6.24093E-1 5.42203E-1 4.95045E-1 3.85064E-1 4.69386E-1 4.70198E-1 4.38405E-1 3.83977E-1 2.86267E-1 2.8876E-1 2.8438E-1 2.66893E-1 2.15118E-1
6.44229E-1 6.12825E-1 5.89375E-1 5.39879E-1 5.61165E-1 6.08167E-1 5.86006E-1 5.95465E-1 5.69371E-1 5.54227E-1 5.14012E-1 5.56731E-1 5.73729E-1 6.03912E-1 6.77882E-1 6.52101E-1 6.76786E-1 6.50933E-1 6.3016E-1 5.89079E-1 5.31323E-1 4.19529E-1 3.87896E-1 3.82786E-1 4.69793E-1 5.36732E-1 5.29879E-1 6.11624E-1 6.32408E-1 5.65055E-1 4.88317E-1 4.15769E-1 4.04639E-1 3.5986E-1 3.14845E-1 3.14413E-1 2.96664E-1 3.3408E-1 2.79104E-1 3.13308E-1 3.8346E-1 4.22862E-1 4.50512E-1 5.47554E-1 3.68218E-1 5.6696E-1 6.33276E-1 6.44527E-1 5.54233E-1 5.34561E-1 3.88459E-1 5.03101E-1 5.361E-1 4.69763E-1 4.17817E-1 2.95984E-1 2.67339E-1 2.36443E-1 2.20326E-1 2.13644E-1
6.69065E-1 6.61415E-1 6.38124E-1 5.93798E-1 6.07917E-1 5.93649E-1 5.98527E-1 5.73694E-1 5.64089E-1 5.94938E-1 5.41896E-1 5.65612E-1 6.01652E-1 6.21315E-1 6.09458E-1 6.3589E-1 6.59148E-1 6.36122E-1 6.27613E-1 2.56338E-1 4.70803E-1 4.39361E-1 3.95339E-1 4.12108E-1 4.46263E-1 5.1619E-1 5.24404E-1 6.32618E-1 6.80915E-1 6.38818E-1 5.40758E-1 4.4476E-1 3.94095E-1 3.78982E-1 3.64383E-1 3.08918E-1 3.34467E-1 2.74487E-1 1.75054E-1 3.41444E-1 4.51952E-1 4.47484E-1 4.7324E-1 5.29812E-1 3.20878E-1 6.18303E-1 6.47022E-1 6.3707E-1 5.77677E-1 5.82972E-1 4.37369E-1 5.57201E-1 5.63241E-1 4.61422E-1 4.31495E-1 3.09097E-1 2.90798E-1 2.59888E-1 2.36916E-1 2.01558E-1
6.63713E-1 6.87707E-1 6.32684E-1 5.96396E-1 5.53475E-1 6.13386E-1 6.26208E-1 5.96957E-1 6.21489E-1 6.43282E-1 5.84964E-1 6.08419E-1 6.05843E-1 6.35111E-1 6.61888E-1 6.45249E-1 6.4702E-1 6.27588E-1 6.15672E-1 2.89715E-1 4.77586E-1 4.17671E-1 3.68258E-1 4.19524E-1 4.87026E-1 5.18429E-1 5.67744E-1 5.86353E-1 6.97716E-1 6.72419E-1 6.12454E-1 4.84131E-1 4.35745E-1 4.09979E-1 3.82199E-1 3.27282E-1 3.3615E-1 3.32388E-1 2.88879E-1 3.44843E-1 5.07972E-1 4.7122E-1 4.68959E-1 5.21029E-1 5.29549E-1 5.96161E-1 6.41781E-1 6.09985E-1 4.00713E-1 6.01092E-1 5.27702E-1 3.31211E-1 3.39884E-1 4.65961E-1 4.50564E-1 3.24328E-1 3.13713E-1 2.9439E-1 2.72569E-1 2.30562E-1
5.44631E-1 6.39276E-1 5.69409E-1 5.53588E-1 5.31589E-1 5.58432E-1 5.93325E-1 5.69218E-1 5.93187E-1 6.14459E-1 5.37757E-1 5.64171E-1 5.56334E-1 5.55721E-1 5.86795E-1 5.88824E-1 6.05906E-1 5.89336E-1 5.76022E-1 3.81737E-1 4.23762E-1 3.66245E-1 3.95312E-1 4.42957E-1 5.15998E-1 4.73005E-1 4.93066E-1 5.23166E-1 5.85866E-1 6.58257E-1 6.56626E-1 5.99936E-1 5.42932E-1 4.93319E-1 4.5666E-1 2.75342E-1 2.81879E-1 2.8449E-1 2.96586E-1 1.50502E-1 2.8767E-1 3.0592E-1 2.79132E-1 2.9816E-1 3.29899E-1 3.15577E-1 4.96008E-1 5.90373E-1 5.34455E-1 5.83205E-1 6.02938E-1 3.51015E-1 3.95644E-1 5.29909E-1 5.35571E-1 4.67401E-1 4.54563E-1 4.32382E-1 3.98276E-1 3.10829E-1
4.93543E-1 6.66646E-1 6.0364E-1 5.65755E-1 5.90482E-1 6.22001E-1 6.07987E-1 5.91231E-1 6.02189E-1 6.29069E-1 5.49936E-1 5.71203E-1 5.46709E-1 5.50087E-1 5.76261E-1 5.84388E-1 5.90973E-1 5.75092E-1 5.81461E-1 4.01929E-1 4.35335E-1 3.90932E-1 4.29268E-1 4.86334E-1 5.11904E-1 5.1251E-1 5.10979E-1 5.23687E-1 5.36816E-1 6.07519E-1 6.8485E-1 3.81478E-1 3.59625E-1 4.73057E-1 2.2128E-1 2.29046E-1 3.16806E-1 2.80917E-1 2.45841E-1 2.17622E-1 2.09614E-1 2.95022E-1 2.2966E-1 3.02228E-1 3.42549E-1 5.39089E-1 5.17347E-1 5.28337E-1 5.18643E-1 5.25831E-1 6.07726E-1 4.21883E-1 5.71932E-1 5.6929E-1 5.8181E-1 2.82165E-1 1.35211E-1 3.53862E-1 2.7076E-1 8.59396E-2
7.30078E-1 4.35103E-1 6.41823E-1 5.92595E-1 6.05141E-1 6.43837E-1 6.26231E-1 6.1523E-1 6.14881E-1 6.15203E-1 5.44705E-1 5.43454E-1 5.05075E-1 5.28016E-1 5.41891E-1 5.52051E-1 5.52201E-1 5.31088E-1 4.56808E-1 4.80122E-1 4.21634E-1 4.22341E-1 4.38536E-1 4.86075E-1 4.4804E-1 5.12106E-1 5.30399E-1 5.35193E-1 5.38913E-1 4.84357E-1 5.31179E-1 4.51429E-1 4.81769E-1 5.01386E-1 4.13386E-1 2.66631E-1 2.2229E-1 2.17344E-1 1.92498E-1 1.77273E-1 1.81704E-1 2.14681E-1 2.48698E-1 1.34624E-1 9.01185E-2 3.00787E-1 3.85468E-1 4.83454E-1 4.89899E-1 5.14921E-1 4.25172E-1 4.42002E-1 5.27329E-1 5.0405E-1 5.42252E-1 3.05749E-1 3.37534E-1 3.09793E-1 2.71768E-1 2.33434E-1
5.48113E-1 6.44722E-1 6.64105E-1 4.47727E-1 6.57279E-1 6.20317E-1 3.67653E-1 4.88298E-1 5.62912E-1 6.0028E-1 4.88793E-1 4.51291E-1 4.78324E-1 5.20762E-1 5.41428E-1 4.86252E-1 5.54985E-1 4.24628E-1 4.36228E-1 3.28947E-1 1.25701E-1 4.30479E-1 4.68856E-1 4.72669E-1 4.09037E-1 5.19001E-1 5.24709E-1 5.34287E-1 5.85346E-1 5.30312E-1 4.89381E-1 4.06089E-1 3.83049E-1 4.29533E-1 4.12959E-1 2.46359E-1 2.0085E-1 2.07953E-1 1.77729E-1 1.88671E-1 1.81881E-1 1.84615E-1 1.69572E-1 1.54646E-1 1.54281E-1 3.62518E-1 5.83186E-1 5.11306E-1 5.13587E-1 5.29756E-1 4.74566E-1 4.02722E-1 3.50136E-1 3.40754E-1 3.75221E-1 2.1857E-1 3.43217E-1 3.1235E-1 3.0512E-1 2.12306E-1
5.4397E-1 5.72789E-1 6.23466E-1 6.66407E-1 3.34146E-1 6.91085E-1 5.08373E-1 3.62323E-1 3.24072E-1 3.59464E-1 2.92192E-1 4.72744E-1 4.41952E-1 2.65492E-1 5.16923E-1 4.24898E-1 5.39995E-1 4.41818E-1 4.06722E-1 3.29104E-1 3.1042E-1 4.21269E-1 4.32553E-1 3.64479E-1 4.1906E-1 5.3414E-1 4.92688E-1 5.49712E-1 5.27822E-1 5.01645E-1 4.76142E-1 6.03457E-1 4.5904E-1 4.44585E-1 3.68609E-1 2.16335E-1 1.94817E-1 2.0092E-1 1.75058E-1 1.98046E-1 1.9031E-1 2.00737E-1 1.94436E-1 1.85409E-1 2.35603E-1 3.86315E-1 3.87489E-1 4.03617E-1 3.89894E-1 5.12666E-1 4.58047E-1 3.95529E-1 3.32083E-1 3.02292E-1 2.9379E-1 2.86116E-1 3.72341E-1 3.35037E-1 3.21087E-1 2.1728E-1
4.76902E-1 5.35133E-1 5.31366E-1 5.33545E-1 3.93411E-1 4.90858E-1 3.91685E-1 3.34093E-1 2.63479E-1 2.51577E-1 3.35927E-1 4.02802E-1 3.6551E-1 4.13296E-1 3.84275E-1 2.78165E-1 3.74332E-1 3.58822E-1 2.51679E-1 2.30498E-1 1.89151E-1 9.4277E-2 2.71804E-1 2.85332E-1 3.12744E-1 4.69807E-1 4.82446E-1 4.96754E-1 4.40848E-1 4.4424E-1 4.70311E-1 5.16333E-1 4.80154E-1 3.38033E-1 4.91743E-1 3.66619E-1 2.84319E-1 2.61384E-1 2.61854E-1 2.74166E-1 3.58952E-1 3.76041E-1 3.68829E-1 3.68807E-1 3.60221E-1 2.87202E-1 3.04323E-1 4.96402E-1 6.15954E-1 3.41168E-1 3.24024E-1 2.60295E-1 2.2131E-1 2.07001E-1 1.95044E-1 4.09801E-1 3.03255E-1 2.57869E-1 2.60302E-1 2.881E-1
4.04814E-1 5.73466E-1 5.50368E-1 5.28014E-1 3.95533E-1 4.87657E-1 4.22287E-1 3.33393E-1 3.10209E-1 2.93391E-1 3.11351E-1 3.26525E-1 3.53356E-1 3.18397E-1 4.39304E-1 3.65636E-1 3.04662E-1 1.83933E-1 2.5441E-1 2.57873E-1 1.95763E-1 1.3735E-1 2.82955E-1 2.92525E-1 3.02533E-1 4.79358E-1 4.71175E-1 4.29723E-1 4.29706E-1 4.11283E-1 3.99996E-1 4.51441E-1 4.57559E-1 4.96417E-1 3.37495E-1 3.9098E-1 3.68189E-1 3.68365E-1 3.59121E-1 3.82211E-1 4.5594E-1 4.79797E-1 1.93255E-1 3.53165E-1 2.56242E-1 2.84148E-1 4.28065E-1 5.35292E-1 3.97963E-1 3.2374E-1 3.30442E-1 3.17604E-1 2.19038E-1 1.78667E-1 2.20811E-1 3.50428E-1 3.17187E-1 2.8053E-1 2.66779E-1 2.67602E-1
5.22465E-1 5.36584E-1 5.36344E-1 5.32667E-1 2.32027E-1 4.65896E-1 3.59323E-1 3.24705E-1 2.95953E-1 2.664E-1 3.01215E-1 2.89113E-1 2.81918E-1 2.96803E-1 3.0176E-1 3.43262E-1 2.3462E-1 1.07417E-1 2.88475E-1 2.88662E-1 2.32127E-1 1.91996E-1 2.51692E-1 2.92965E-1 3.16931E-1 5.10995E-1 5.01141E-1 4.43547E-1 4.20933E-1 4.06541E-1 4.39556E-1 4.42569E-1 4.43709E-1 4.66137E-1 5.44115E-1 3.2782E-1 4.4369E-1 4.43709E-1 4.19304E-1 4.55286E-1 5.6928E-1 3.80456E-1 4.56805E-1 3.72946E-1 2.21962E-1 2.87444E-1 4.00418E-1 4.57749E-1 1.98691E-1 3.44903E-1 3.47622E-1 2.50591E-1 3.49212E-1 3.4381E-1 3.37736E-1 3.42065E-1 4.4959E-1 3.09458E-1 2.86354E-1 2.85649E-1
5.35072E-1 5.36714E-1 5.18135E-1 5.41671E-1 4.00726E-1 4.1502E-1 3.51965E-1 3.09194E-1 2.98011E-1 2.81108E-1 3.06976E-1 2.98577E-1 2.76809E-1 2.83517E-1 3.19048E-1 3.13087E-1 2.1312E-1 1.33997E-1 3.32426E-1 2.96457E-1 2.72286E-1 1.71799E-1 2.83343E-1 3.36707E-1 3.52041E-1 5.45043E-1 5.30316E-1 4.68277E-1 4.42637E-1 4.39579E-1 4.52124E-1 4.33625E-1 4.46681E-1 4.38993E-1 4.86689E-1 4.74606E-1 2.8389E-1 2.64233E-1 2.51768E-1 2.65879E-1 3.28122E-1 5.43658E-1 3.5312E-1 2.91397E-1 3.00847E-1 3.31242E-1 4.09813E-1 4.73315E-1 5.59246E-1 4.09196E-1 4.1514E-1 2.77396E-1 3.94846E-1 3.47244E-1 3.67875E-1 4.28222E-1 2.80252E-1 4.18744E-1 3.80047E-1 3.35261E-1
5.1954E-1 5.64544E-1 5.10109E-1 4.55253E-1 1.73762E-1 3.56676E-1 3.43903E-1 3.09331E-1 3.1848E-1 2.94563E-1 2.87649E-1 3.02048E-1 3.03615E-1 3.04651E-1 2.95036E-1 1.1366E-1 2.81845E-1 2.33799E-1 3.37678E-1 3.08494E-1 3.01508E-1 1.36003E-1 3.19337E-1 3.79492E-1 4.11635E-1 5.78372E-1 5.6207E-1 4.9894E-1 4.80458E-1 4.94381E-1 4.85758E-1 4.71523E-1 4.20463E-1 4.38593E-1 4.43477E-1 3.72644E-1 3.33827E-1 3.21836E-1 3.00414E-1 3.18585E-1 3.30743E-1 3.2603E-1 3.71686E-1 4.97459E-1 4.14141E-1 4.09628E-1 4.57932E-1 2.08352E-1 6.02242E-1 4.30253E-1 4.30687E-1 3.96525E-1 3.95718E-1 3.53255E-1 3.86007E-1 4.24229E-1 4.4824E-1 2.54953E-1 4.26527E-1 3.84601E-1
