Phytophthora/models/20240604_1618_19/Phytophthora_PA3_RUN10_MAXENT_outputs/projMaxent.asc
ncols         225
nrows         269
xllcorner     473009.9838
yllcorner     4429051.1748
cellsize      50.0
NODATA_value  -9999
[rows 130 to 155 of 269, columns 58 to 115 of 225]
8.40414E-2 5.86158E-2 1.01977E-1 1.00347E-1 2.0992E-1 5.91096E-1 1.52153E-1 1.39756E-1 2.47122E-1 3.27091E-1 2.20496E-1 2.93024E-1 6.32503E-1 3.83426E-1 5.99663E-1 2.6441E-1 3.91715E-1 2.37278E-1 1.27284E-1 1.50409E-1 2.11455E-1 3.51711E-1 3.24134E-1 1.27772E-1 4.79669E-2 3.66268E-2 4.58794E-2 7.44621E-2 2.69543E-1 2.71007E-1 2.82821E-1 1.86544E-1 1.0178E-1 1.44503E-1 1.9084E-1 2.52305E-1 3.91027E-1 3.80175E-1 1.39229E-1 1.28284E-1 2.28831E-1 3.70988E-1 2.13711E-1 9.19337E-2 3.29003E-1 3.83832E-1 1.99577E-1 4.14995E-1 6.29408E-1 3.65003E-1 2.51611E-1 1.19488E-1 2.8339E-1 4.48479E-1 4.57071E-1 5.94937E-1 5.7975E-1 5.78858E-1
8.68222E-2 1.66967E-1 1.24317E-1 1.0566E-1 1.36689E-1 2.06608E-1 2.34972E-1 2.16437E-1 1.5445E-1 2.3252E-1 1.10668E-1 1.87636E-1 2.6738E-1 1.18836E-1 2.50306E-1 4.83008E-1 2.20589E-1 3.11028E-1 1.1568E-1 1.37778E-1 1.55373E-1 4.56199E-1 4.13168E-1 4.59534E-1 1.04345E-1 1.01368E-1 2.43236E-1 3.83407E-1 3.16917E-1 3.09785E-1 3.34938E-1 5.56436E-2 4.21975E-2 5.54721E-2 7.21716E-2 7.06724E-2 7.63241E-2 2.13951E-1 1.99077E-1 3.82713E-1 3.85256E-1 1.79937E-1 2.07574E-1 1.40388E-1 4.71022E-1 4.17467E-1 2.01144E-1 5.28044E-1 6.87319E-1 6.9577E-1 6.0459E-1 6.18838E-1 2.76032E-1 7.04821E-1 7.90723E-1 6.48035E-1 5.75603E-1 5.99305E-1
1.1008E-1 2.92758E-1 1.88857E-1 1.0867E-1 4.53672E-2 2.99513E-1 4.3515E-1 1.62112E-1 8.26046E-2 1.06622E-1 1.66889E-1 2.0016E-1 2.74899E-1 3.47354E-1 2.00101E-1 4.71276E-1 1.06394E-1 2.73599E-1 2.80721E-1 1.3053E-1 1.29919E-1 2.96498E-1 2.50864E-1 3.60455E-1 2.43226E-1 3.43059E-1 4.73547E-1 4.26803E-1 4.30153E-1 4.38807E-1 1.39089E-1 2.35241E-2 2.50048E-2 2.93022E-2 3.62329E-2 4.17628E-2 6.19441E-2 8.24387E-2 2.36339E-1 4.14659E-1 4.36378E-1 4.46595E-1 4.79762E-1 3.87635E-1 4.76083E-1 3.67931E-1 3.91524E-1 4.17125E-1 5.99463E-1 6.66794E-1 6.21795E-1 7.78114E-1 6.26778E-1 8.36673E-1 6.63861E-1 6.22239E-1 6.36946E-1 6.85918E-1
1.04333E-1 2.45909E-1 2.25263E-1 1.66809E-1 1.05199E-1 2.50544E-1 2.9172E-1 1.64591E-1 1.29467E-1 1.71249E-1 3.70907E-1 2.8224E-1 4.13013E-1 3.08586E-1 3.13687E-1 2.6557E-1 4.07372E-2 1.24138E-1 2.72658E-1 1.41722E-1 1.66682E-1 2.73274E-1 1.91759E-1 1.71665E-1 1.90202E-1 2.61245E-1 3.6844E-1 3.84104E-1 4.07474E-1 3.66725E-1 1.99914E-1 4.39935E-2 2.89144E-2 2.41645E-2 3.26819E-2 7.80601E-2 3.35531E-1 3.52756E-1 3.90806E-1 5.57035E-1 5.19153E-1 5.58229E-1 4.83058E-1 5.19462E-1 4.17378E-1 5.91892E-1 6.11113E-1 5.56944E-1 5.76694E-1 5.89187E-1 6.731E-1 8.3077E-1 7.90628E-1 7.30611E-1 7.61346E-1 6.55055E-1 7.03815E-1 3.57931E-1
2.3214E-1 1.55331E-1 2.17839E-1 1.12788E-1 2.93403E-1 2.78615E-1 3.26805E-1 1.71279E-1 2.82311E-1 3.01646E-1 4.13246E-1 3.32236E-1 3.76002E-1 2.37378E-1 1.07352E-1 1.07363E-1 3.74039E-2 7.73759E-2 9.98432E-2 9.41892E-2 1.55097E-1 2.17133E-1 1.5436E-1 2.55554E-1 1.21626E-1 1.67376E-1 3.04073E-1 3.17671E-1 3.86339E-1 4.31803E-1 7.74117E-2 3.35252E-2 1.93066E-2 2.4027E-2 3.17103E-2 1.28581E-1 3.29243E-1 3.57808E-1 3.59466E-1 2.46818E-1 2.34525E-1 5.40392E-1 5.33203E-1 5.78905E-1 5.92289E-1 5.34157E-1 6.26393E-1 5.16108E-1 5.65984E-1 6.22788E-1 6.79422E-1 7.39827E-1 7.19677E-1 7.33745E-1 6.25641E-1 7.495E-1 4.8753E-1 1.95964E-1
2.53809E-1 9.39719E-2 1.28533E-1 2.27099E-1 4.34261E-1 3.95014E-1 3.35964E-1 2.16644E-1 6.66651E-1 5.01234E-1 3.29448E-1 3.2624E-1 2.53005E-1 1.19642E-1 6.12618E-2 2.6589E-2 4.68386E-2 6.5721E-2 7.96002E-2 8.25208E-2 9.23455E-2 1.09088E-1 1.2908E-1 2.3321E-1 1.80125E-1 1.88661E-1 2.35917E-1 3.28887E-1 4.53565E-1 2.66839E-1 4.84507E-2 2.82509E-2 1.72732E-2 1.74029E-2 2.99972E-2 5.29051E-2 1.48024E-1 1.46689E-1 1.84367E-1 3.57565E-1 2.45022E-1 3.41676E-1 5.96322E-1 4.48146E-1 6.31227E-1 5.55156E-1 5.56663E-1 6.53723E-1 6.62493E-1 6.59476E-1 6.81744E-1 7.16666E-1 6.89453E-1 7.49152E-1 8.80015E-1 8.11119E-1 2.47656E-1 1.29384E-1
1.19632E-1 2.29716E-1 2.15891E-1 4.83558E-1 3.28091E-1 4.64761E-1 4.02057E-1 4.28742E-1 7.14126E-1 7.66033E-1 7.10411E-1 3.96743E-1 1.14096E-1 8.54053E-2 2.75125E-2 4.63243E-2 4.30769E-2 6.94753E-2 5.57424E-2 9.3911E-2 1.1545E-1 1.8356E-1 1.87304E-1 1.18452E-1 1.64643E-1 1.4055E-1 9.97345E-2 7.61095E-2 7.37626E-2 7.76532E-2 3.91791E-2 4.50974E-2 2.30191E-2 2.36133E-2 3.60497E-2 8.42448E-2 6.83557E-2 6.7308E-2 9.98487E-2 2.32538E-1 1.99862E-1 2.67449E-1 4.87529E-1 5.21894E-1 6.50569E-1 6.84553E-1 6.49883E-1 6.963E-1 6.67648E-1 6.04121E-1 7.31532E-1 6.93517E-1 7.1083E-1 7.57114E-1 6.8869E-1 6.04506E-1 2.26938E-1 1.44779E-1
1.26553E-1 4.27825E-1 6.10656E-1 7.7667E-1 2.27059E-1 5.22155E-1 5.5582E-1 3.68709E-1 3.75697E-1 1.21555E-1 2.49081E-1 3.21506E-1 4.81038E-2 5.3269E-2 5.86279E-2 4.42979E-2 4.30904E-2 3.93329E-2 3.71336E-2 7.2775E-2 8.99705E-2 1.67777E-1 1.24842E-1 6.57298E-2 1.34184E-1 1.76904E-1 8.06273E-2 2.58008E-2 5.7264E-2 5.0375E-2 4.69313E-2 7.54892E-2 3.69654E-2 2.79297E-2 5.56612E-2 1.01467E-1 7.23636E-2 5.01267E-2 9.642E-2 1.66673E-1 1.86419E-1 3.22984E-1 5.90601E-1 4.81285E-1 6.56341E-1 6.70346E-1 7.19655E-1 6.89805E-1 5.9737E-1 7.13393E-1 6.39202E-1 7.67491E-1 7.50682E-1 7.57528E-1 3.41121E-1 4.14419E-1 3.33448E-1 1.57288E-1
2.36004E-1 5.06135E-1 8.63847E-1 6.8012E-1 2.34218E-1 3.55785E-1 5.43029E-1 2.89556E-1 1.56635E-1 9.74156E-2 4.59945E-2 1.86307E-1 1.78086E-1 1.44795E-1 5.76477E-2 3.83701E-2 5.25558E-2 4.44131E-2 4.64662E-2 9.32027E-2 6.74089E-2 1.36529E-1 1.32879E-1 4.75138E-2 5.96829E-2 3.21174E-2 2.88629E-2 2.80033E-2 3.92796E-2 3.01191E-2 3.51593E-2 5.49196E-2 3.72481E-2 3.62491E-2 6.62666E-2 8.05364E-2 7.03986E-2 7.29501E-2 1.20509E-1 1.13957E-1 2.00503E-1 6.25465E-1 5.59532E-1 3.64737E-1 4.38129E-1 4.34333E-1 5.83769E-1 6.75911E-1 6.78009E-1 5.43802E-1 3.23185E-1 3.26901E-1 7.63916E-1 5.41021E-1 2.7629E-1 5.89579E-1 5.08285E-1 4.80507E-1
2.62509E-1 5.42552E-1 8.89838E-1 5.34645E-1 2.66658E-1 2.54817E-1 1.93864E-1 1.71071E-1 1.23735E-1 1.21011E-1 8.49449E-2 1.05075E-1 1.09509E-1 9.38786E-2 5.22793E-2 2.30966E-2 4.53361E-2 6.73818E-2 6.50611E-2 1.12844E-1 8.36252E-2 1.01452E-1 7.93433E-2 8.11313E-2 6.31839E-2 4.65378E-2 1.81886E-2 3.20719E-2 5.25601E-2 3.70358E-2 2.26161E-2 3.74873E-2 5.15595E-2 5.41938E-2 5.7407E-2 6.50038E-2 7.51111E-2 7.89008E-2 1.4621E-1 1.95987E-1 6.47891E-1 7.72623E-1 4.92548E-1 3.45079E-1 3.85781E-1 3.98788E-1 5.14102E-1 7.3593E-1 7.24352E-1 5.64458E-1 2.62988E-1 1.6373E-1 5.16923E-1 2.72592E-1 5.26688E-1 8.50065E-1 6.19747E-1 7.73518E-1
5.47333E-1 9.0861E-1 9.27339E-1 4.92921E-1 3.55333E-1 3.54589E-1 1.79234E-1 1.43204E-1 9.49145E-2 1.51108E-1 1.27273E-1 5.72094E-2 3.64956E-2 4.17521E-2 3.29528E-2 1.86645E-2 3.36538E-2 1.39834E-1 1.8274E-1 1.37147E-1 1.47914E-1 2.55379E-1 1.14494E-1 1.50719E-1 4.58043E-2 4.06349E-2 2.18325E-2 4.42377E-2 4.20547E-2 4.63315E-2 2.85845E-2 3.21997E-2 4.85725E-2 6.60174E-2 4.66313E-2 6.05445E-2 1.0087E-1 1.82493E-1 6.39012E-1 7.70082E-1 6.48562E-1 7.1993E-1 6.67044E-1 2.79204E-1 2.64919E-1 3.7533E-1 4.21901E-1 5.19857E-1 4.92687E-1 3.71082E-1 2.90396E-1 1.6398E-1 4.20547E-1 3.33966E-1 3.54965E-1 7.01626E-1 8.42509E-1 8.73498E-1
3.79797E-1 7.46107E-1 9.19594E-1 8.20354E-1 4.00549E-1 3.11037E-1 1.57793E-1 1.15615E-1 7.06191E-2 8.12296E-2 9.16304E-2 9.86415E-2 4.56834E-2 4.05879E-2 4.89457E-2 3.51278E-2 2.85184E-2 7.14958E-2 1.31746E-1 1.49673E-1 4.05979E-1 5.17634E-1 1.74852E-1 8.38205E-2 4.92445E-2 2.69634E-2 4.46298E-2 8.87272E-2 6.14266E-2 9.14702E-2 1.21069E-1 4.63134E-2 4.84663E-2 7.36163E-2 8.37663E-2 2.02511E-1 1.49337E-1 1.43921E-1 5.97705E-1 6.49463E-1 6.46505E-1 5.7987E-1 5.96268E-1 2.96485E-1 1.752E-1 3.91821E-1 4.78159E-1 3.64443E-1 4.88836E-1 3.75339E-1 2.48663E-1 1.81533E-1 2.54732E-1 3.43647E-1 4.62729E-1 4.80326E-1 7.89771E-1 8.86469E-1
9.56583E-2 1.61219E-1 2.29971E-1 7.44575E-1 5.51936E-1 3.63999E-1 2.85894E-1 2.34116E-1 6.63256E-2 3.25027E-2 4.80511E-2 1.13928E-1 4.57323E-2 5.92809E-2 6.40813E-2 4.32735E-2 3.8045E-2 3.68455E-2 4.96465E-2 1.84076E-1 3.34461E-1 7.56705E-1 4.28148E-1 1.36067E-1 4.85492E-2 5.54285E-2 1.68222E-1 1.7005E-1 6.93856E-2 1.29578E-1 1.07544E-1 4.20617E-2 4.98457E-2 2.33362E-1 3.54273E-1 3.13859E-1 2.3048E-1 1.52673E-1 2.99567E-1 7.46562E-1 7.08924E-1 5.80944E-1 6.01492E-1 1.45007E-1 1.94613E-1 4.91919E-1 6.2517E-1 4.60764E-1 3.68961E-1 2.90666E-1 3.59918E-1 2.12416E-1 2.1103E-1 2.51278E-1 6.71933E-1 6.98523E-1 7.66605E-1 7.66253E-1
8.73635E-2 1.72343E-1 3.29134E-1 4.91462E-1 4.20337E-1 5.38964E-1 4.71029E-1 3.04173E-1 6.1163E-2 2.72648E-2 4.80374E-2 7.54764E-2 4.0939E-2 8.68359E-2 9.08386E-2 5.22323E-2 5.42535E-2 5.04519E-2 1.0197E-1 7.08697E-1 7.95237E-1 7.00139E-1 4.2548E-1 9.96271E-2 1.12014E-1 1.684E-1 1.74282E-1 1.26305E-1 4.39851E-2 6.93503E-2 6.02249E-2 5.93563E-2 1.53983E-1 2.24497E-1 1.92346E-1 1.53089E-1 3.10416E-1 1.99931E-1 3.29532E-1 7.04098E-1 5.88882E-1 6.9537E-1 6.78316E-1 2.99688E-1 3.24498E-1 5.60294E-1 4.27584E-1 3.75557E-1 1.53069E-1 3.7018E-1 2.3104E-1 1.36954E-1 2.63511E-1 2.8682E-1 6.0068E-1 5.35429E-1 7.5121E-1 7.40547E-1
1.2789E-1 1.72656E-1 4.04674E-1 1.33084E-1 1.83513E-1 4.80097E-1 5.72357E-1 4.4789E-1 1.20733E-1 5.18962E-2 6.40102E-2 1.23947E-1 1.08162E-1 8.10001E-2 8.14446E-2 9.48354E-2 8.40265E-2 6.27363E-2 1.09635E-1 5.05091E-1 6.66848E-1 6.8689E-1 4.44578E-1 8.94636E-2 1.42942E-1 2.43365E-1 1.65232E-1 1.15091E-1 5.93401E-2 5.62877E-2 7.37325E-2 9.14378E-2 1.77795E-1 1.86075E-1 1.74422E-1 1.08833E-1 1.75623E-1 2.7669E-1 4.06818E-1 7.07175E-1 7.61829E-1 7.19891E-1 7.05316E-1 5.19091E-1 4.57129E-1 3.81854E-1 3.54439E-1 4.73134E-1 2.05623E-1 5.20292E-1 3.38784E-1 4.54762E-1 6.00407E-1 6.27846E-1 5.03552E-1 7.23062E-1 7.20939E-1 5.92451E-1
2.09557E-1 2.05878E-1 2.51378E-1 1.44818E-1 1.33205E-1 2.64454E-1 4.78049E-1 2.67188E-1 1.68892E-1 1.28341E-1 1.36738E-1 1.48947E-1 1.17861E-1 9.51032E-2 8.971E-2 8.98138E-2 8.81514E-2 9.74078E-2 2.96533E-1 6.33425E-1 7.25893E-1 7.12061E-1 5.23673E-1 1.00464E-1 1.05198E-1 2.48338E-1 2.28465E-1 2.22582E-1 1.25959E-1 6.46945E-2 1.0184E-1 1.63271E-1 1.06288E-1 9.45865E-2 1.2054E-1 1.26426E-1 1.46778E-1 3.6504E-1 5.1984E-1 4.48568E-1 3.97421E-1 7.82159E-1 7.55322E-1 5.58794E-1 3.61093E-1 2.56087E-1 3.2548E-1 2.85781E-1 3.51672E-1 1.97606E-1 5.55684E-1 4.75312E-1 7.82163E-1 8.67999E-1 8.52337E-1 5.58543E-1 7.3514E-1 6.43472E-1
2.39023E-1 1.65711E-1 1.22105E-1 2.35446E-1 1.42705E-1 2.80116E-1 2.64893E-1 2.48938E-1 1.54386E-1 2.6832E-1 1.86453E-1 1.06608E-1 1.91744E-1 7.18323E-2 9.52064E-2 1.15993E-1 1.13307E-1 1.89802E-1 3.5094E-1 2.96934E-1 6.1077E-1 4.99421E-1 6.40097E-1 1.58422E-1 1.6907E-1 4.15646E-1 3.69963E-1 1.62226E-1 1.1707E-1 1.01281E-1 3.5661E-1 5.40584E-1 3.94433E-1 8.96186E-2 9.55016E-2 1.88729E-1 5.18717E-1 6.05678E-1 5.13159E-1 4.67236E-1 4.43624E-1 3.98875E-1 4.27437E-1 2.83278E-1 2.82323E-1 9.33316E-2 1.08993E-1 1.64366E-1 2.92012E-1 3.13053E-1 3.27763E-1 4.18163E-1 7.47434E-1 7.64468E-1 7.71119E-1 8.09711E-1 8.4042E-1 5.83384E-1
2.18785E-1 1.27911E-1 1.57971E-1 1.89079E-1 1.16591E-1 2.49858E-1 2.93109E-1 2.4429E-1 2.53801E-1 2.92316E-1 2.79532E-1 5.93716E-2 3.1943E-2 8.65751E-2 1.36546E-1 1.73685E-1 3.39862E-1 6.42874E-1 2.94188E-1 3.04525E-1 6.25424E-1 7.10965E-1 6.65082E-1 3.58648E-1 2.87901E-1 6.10581E-1 6.00216E-1 2.16016E-1 1.35421E-1 2.0458E-1 5.63765E-1 5.44365E-1 3.44149E-1 2.40036E-1 2.46813E-1 3.43923E-1 6.42101E-1 5.93397E-1 6.41306E-1 3.80575E-1 2.41748E-1 2.1009E-1 2.01984E-1 3.02366E-1 1.38985E-1 2.29003E-1 1.98973E-1 1.10651E-1 1.1264E-1 2.82852E-1 3.27513E-1 5.97548E-1 7.32636E-1 7.41287E-1 7.40288E-1 7.27383E-1 7.12071E-1 7.30738E-1
2.0625E-1 1.16016E-1 2.57652E-1 1.06607E-1 1.32463E-1 2.03589E-1 2.67958E-1 3.90592E-1 2.67079E-1 1.47867E-1 1.16858E-1 1.95965E-1 9.71798E-2 1.27112E-1 1.73137E-1 2.11422E-1 3.05026E-1 6.29672E-1 2.76306E-1 2.54755E-1 3.09193E-1 7.26688E-1 6.38618E-1 3.12457E-1 3.58364E-1 6.55102E-1 6.57523E-1 4.59469E-1 3.35894E-1 4.60266E-1 6.22283E-1 6.01129E-1 3.04425E-1 1.88002E-1 2.08112E-1 2.53844E-1 6.61077E-1 6.3913E-1 3.78539E-1 1.45634E-1 1.12115E-1 8.26061E-2 2.51506E-1 1.94214E-1 2.81254E-1 2.98556E-1 1.11408E-1 9.76185E-2 2.01714E-1 2.64896E-1 3.22629E-1 7.0367E-1 7.27174E-1 7.36518E-1 7.22052E-1 6.89049E-1 6.70192E-1 6.28859E-1
2.48914E-1 2.20306E-1 2.05295E-1 1.3823E-1 1.3767E-1 2.37585E-1 3.62386E-1 5.83354E-1 5.02357E-1 1.21989E-1 3.40524E-1 2.55745E-1 1.21715E-1 1.46555E-1 1.29375E-1 9.28282E-2 2.28911E-1 3.4917E-1 6.23477E-1 4.4843E-1 3.34245E-1 7.28065E-1 7.18048E-1 5.16074E-1 4.15576E-1 6.93288E-1 6.99714E-1 4.04298E-1 6.62867E-1 4.53744E-1 6.55556E-1 5.73349E-1 1.97156E-1 1.83556E-1 1.63809E-1 1.56889E-1 4.07602E-1 6.46271E-1 5.39309E-1 1.03559E-1 7.70682E-2 1.64363E-1 5.59095E-1 1.14622E-1 2.65568E-1 1.4235E-1 8.13671E-2 1.2863E-1 2.39343E-1 3.11943E-1 2.19515E-1 5.02164E-1 6.8617E-1 7.04566E-1 6.8565E-1 6.73562E-1 6.44268E-1 5.89125E-1
3.24895E-1 2.1014E-1 1.27716E-1 9.89505E-2 1.13438E-1 2.33955E-1 4.86229E-1 5.93685E-1 6.76473E-1 2.56989E-1 3.50822E-1 2.62698E-1 2.4403E-1 2.02178E-1 2.00765E-1 1.68453E-1 1.96406E-1 3.1643E-1 7.27739E-1 7.27435E-1 5.5115E-1 7.31304E-1 7.39977E-1 6.53215E-1 4.94874E-1 6.88899E-1 7.24451E-1 7.16975E-1 5.80839E-1 1.88662E-1 2.39767E-1 2.32516E-1 2.18132E-1 2.90072E-1 1.92183E-1 5.59374E-1 6.9802E-1 7.01018E-1 2.27161E-1 1.53045E-1 1.87144E-1 5.67233E-1 6.30362E-1 2.6868E-1 3.83117E-1 2.53436E-1 8.81263E-2 1.84761E-1 2.75715E-1 2.67822E-1 2.81595E-1 3.76497E-1 6.37993E-1 6.68712E-1 6.72551E-1 6.51645E-1 6.17821E-1 4.10105E-1
3.61893E-1 8.00458E-2 2.40201E-1 2.58629E-1 2.52075E-1 3.39228E-1 5.9027E-1 5.74101E-1 2.19545E-1 2.29704E-1 5.75139E-1 5.76396E-1 4.90408E-1 3.31494E-1 3.86543E-1 2.19011E-1 2.63845E-1 2.93568E-1 5.1977E-1 7.18522E-1 6.55734E-1 5.18257E-1 5.86093E-1 6.29447E-1 6.95105E-1 7.1562E-1 6.5748E-1 6.77214E-1 3.74841E-1 1.50094E-1 1.40214E-1 1.51186E-1 2.25213E-1 3.40041E-1 4.98605E-1 7.00651E-1 6.79914E-1 2.80064E-1 4.28213E-1 3.97639E-1 2.39641E-1 6.48264E-1 4.00119E-1 5.73069E-1 4.32313E-1 4.98835E-1 2.25276E-1 2.40261E-1 2.77104E-1 2.30545E-1 2.48371E-1 3.42031E-1 6.445E-1 6.36539E-1 5.89449E-1 5.96873E-1 4.3875E-1 2.75434E-1
3.17052E-1 9.52389E-2 2.09081E-1 2.58619E-1 4.16561E-1 4.3286E-1 2.5654E-1 3.27847E-1 1.20837E-1 1.65443E-1 4.66203E-1 7.28621E-1 8.43905E-1 4.68862E-1 3.10753E-1 2.59755E-1 3.08148E-1 3.27437E-1 2.53747E-1 2.59558E-1 3.51357E-1 4.7393E-1 4.06263E-1 6.45601E-1 8.18082E-1 7.42058E-1 5.68439E-1 3.88828E-1 3.05871E-1 1.62006E-1 1.4513E-1 2.46628E-1 4.19812E-1 4.21718E-1 4.02963E-1 7.402E-1 6.90079E-1 7.52608E-1 7.2795E-1 7.52435E-1 7.48983E-1 2.50226E-1 5.59771E-1 4.17364E-1 4.9884E-1 5.54792E-1 4.29704E-1 3.61196E-1 2.72403E-1 2.27393E-1 2.22825E-1 2.62567E-1 4.23202E-1 6.04168E-1 5.33132E-1 4.6215E-1 4.3071E-1 2.21772E-1
2.29317E-1 8.90043E-2 1.92115E-1 3.34287E-1 3.31693E-1 4.80301E-1 2.91439E-1 1.95522E-1 2.2097E-1 1.44322E-1 3.9271E-1 7.38095E-1 6.26536E-1 4.41724E-1 3.83182E-1 2.92864E-1 3.29399E-1 3.53503E-1 2.71075E-1 2.07993E-1 3.87858E-1 3.92533E-1 2.7609E-1 7.7038E-1 5.92964E-1 7.53605E-1 6.40986E-1 5.78489E-1 5.17321E-1 1.86266E-1 2.01166E-1 2.80961E-1 3.65664E-1 5.77232E-1 5.5357E-1 7.45671E-1 6.89504E-1 6.83871E-1 7.34211E-1 6.76919E-1 4.21315E-1 6.23953E-1 7.43712E-1 7.3219E-1 7.24584E-1 7.1351E-1 6.34119E-1 4.95245E-1 3.5871E-1 2.88611E-1 2.27486E-1 1.94503E-1 3.04745E-1 3.35218E-1 4.3165E-1 4.21315E-1 3.52714E-1 1.61948E-1
4.07767E-1 1.10443E-1 2.48638E-1 4.57597E-1 4.36416E-1 3.9923E-1 1.30558E-1 9.78721E-2 1.78275E-1 1.25872E-1 3.14079E-1 4.83919E-1 2.55965E-1 2.75344E-1 4.23355E-1 3.59275E-1 3.9606E-1 3.801E-1 4.29941E-1 4.22931E-1 5.20998E-1 3.76256E-1 2.44346E-1 5.78771E-1 7.6301E-1 7.79924E-1 7.77988E-1 6.86809E-1 5.77076E-1 3.93922E-1 3.01776E-1 3.09904E-1 5.24341E-1 7.58916E-1 7.57488E-1 7.00474E-1 6.73372E-1 7.10345E-1 6.26016E-1 4.68044E-1 7.7559E-1 7.59945E-1 7.36278E-1 7.31747E-1 7.24541E-1 7.17489E-1 6.97796E-1 6.70947E-1 5.85299E-1 4.42073E-1 4.30242E-1 2.54062E-1 2.43839E-1 2.49226E-1 2.97299E-1 2.00218E-1 2.62564E-1 9.40245E-2
5.20904E-1 3.12404E-1 2.78787E-1 2.36175E-1 3.99928E-1 3.75937E-1 2.14552E-1 1.57531E-1 2.27956E-1 1.21313E-1 3.97762E-1 6.85683E-1 5.16498E-1 4.20656E-1 3.48898E-1 4.39685E-1 5.01253E-1 6.95014E-1 5.40324E-1 6.53212E-1 4.82878E-1 4.16901E-1 5.40946E-1 8.22197E-1 7.7028E-1 7.80559E-1 7.68142E-1 5.8175E-1 6.8437E-1 6.03543E-1 4.04619E-1 4.40226E-1 5.14441E-1 4.65814E-1 7.74096E-1 7.47299E-1 7.25047E-1 5.70407E-1 7.00419E-1 8.74309E-1 7.16539E-1 7.41733E-1 7.46319E-1 7.32738E-1 5.25813E-1 5.65977E-1 6.39797E-1 6.98308E-1 6.31456E-1 5.94075E-1 4.85813E-1 3.17078E-1 4.02272E-1 2.42066E-1 1.88414E-1 1.22103E-1 1.23376E-1 1.72651E-1
