Phytophthora/models/20240604_1618_19/Phytophthora_PA3_RUN10_MAXENT_outputs/projMaxent.asc
ncols         225
nrows         269
xllcorner     473009.9838
yllcorner     4429051.1748
cellsize      50.0
NODATA_value  -9999
[rows 130 to 155 of 269, columns 0 to 57 of 225]
-9999 -9999 -9999 -9999 -9999 -9999 -9999 -9999 -9999 -9999 -9999 3.94341E-2 1.11823E-1 1.25444E-1 5.28739E-2 4.01486E-2 4.76951E-2 1.39047E-1 1.61179E-1 1.21284E-1 9.85381E-2 2.96515E-1 6.36179E-1 3.49839E-1 1.57777E-1 2.28616E-1 3.98213E-1 1.72861E-1 1.09216E-1 5.40922E-2 4.0748E-2 1.06781E-1 9.55739E-2 6.35305E-2 9.34853E-2 1.44272E-1 1.14883E-1 1.21587E-1 1.1136E-1 6.81084E-2 1.23552E-1 1.7515E-1 1.07557E-1 7.64978E-2 9.4101E-2 9.09068E-2 4.9197E-2 5.73014E-2 7.26697E-2 7.67513E-2 1.15347E-1 4.41916E-1 2.79397E-1 2.08051E-1 4.50652E-2 3.38505E-2 2.5928E-2 6.3361E-2
-9999 -9999 -9999 -9999 -9999 -9999 -9999 -9999 -9999 -9999 3.38762E-2 8.75497E-2 1.54075E-1 1.03799E-1 5.86637E-2 5.98847E-2 7.08062E-2 8.88161E-2 9.66396E-2 8.47002E-2 6.38797E-2 1.97073E-1 4.58182E-1 4.32661E-1 5.40535E-1 4.97709E-1 1.60866E-1 8.56152E-2 9.76227E-2 1.82891E-1 1.3659E-1 5.82864E-2 1.27238E-1 2.32808E-1 3.28513E-1 3.12943E-1 7.42786E-2 2.00966E-1 1.25969E-1 1.2323E-1 1.35073E-1 2.47745E-1 2.00646E-1 9.64651E-2 1.38075E-1 7.48564E-2 5.22092E-2 6.77988E-2 8.6671E-2 1.32653E-1 1.5406E-1 3.09431E-1 3.80706E-1 3.5506E-1 1.29454E-1 5.96578E-2 3.03552E-2 5.88403E-2
-9999 -9999 -9999 -9999 -9999 -9999 -9999 -9999 -9999 1.10476E-1 1.18296E-1 2.08067E-1 2.04263E-1 1.71355E-1 1.1415E-1 8.1348E-2 6.81108E-2 8.50377E-2 7.26439E-2 6.60175E-2 9.83831E-2 1.80059E-1 3.97628E-1 5.47384E-1 3.84594E-1 2.74521E-1 2.08168E-1 2.20371E-1 1.55496E-1 1.18654E-1 9.9359E-2 2.66769E-1 1.96936E-1 2.62139E-1 3.34462E-1 3.24787E-1 2.36242E-1 2.79272E-1 9.93947E-2 1.22895E-1 1.62123E-1 2.87526E-1 1.83747E-1 6.90546E-2 6.66374E-2 6.72373E-2 5.50142E-2 6.03556E-2 1.30884E-1 2.22792E-1 1.3629E-1 2.01738E-1 2.36936E-1 2.31247E-1 1.17674E-1 9.6532E-2 7.72432E-2 8.71955E-2
-9999 -9999 -9999 -9999 -9999 -9999 -9999 -9999 -9999 1.63229E-1 2.07591E-1 1.59324E-1 1.40667E-1 1.87733E-1 1.04663E-1 1.15872E-1 7.56215E-2 7.24071E-2 8.55374E-2 6.01327E-2 1.37302E-1 2.26023E-1 2.91028E-1 3.64299E-1 2.74783E-1 3.93851E-1 6.10173E-1 3.64825E-1 2.61871E-1 3.23255E-1 2.82679E-1 3.17565E-1 4.96385E-1 3.91652E-1 1.47011E-1 2.23969E-1 2.74641E-1 2.13602E-1 1.53078E-1 2.96681E-1 4.73074E-1 2.63039E-1 1.69312E-1 7.12925E-2 7.50212E-2 7.51468E-2 7.6856E-2 8.93109E-2 1.78273E-1 2.45332E-1 2.4412E-1 1.56793E-1 1.92734E-1 1.56281E-1 6.60587E-2 1.02512E-1 1.38253E-1 2.32787E-1
-9999 -9999 -9999 -9999 -9999 -9999 -9999 -9999 -9999 1.61584E-1 1.32747E-1 2.29297E-1 2.15845E-1 1.85249E-1 2.2077E-1 2.70999E-1 3.01136E-1 1.63154E-1 1.12228E-1 5.3505E-2 9.28807E-2 2.4573E-1 2.82552E-1 2.43077E-1 2.94344E-1 5.3162E-1 5.99028E-1 5.26534E-1 3.12218E-1 1.82475E-1 1.624E-1 2.97545E-1 3.01612E-1 2.69197E-1 2.47489E-1 2.0566E-1 2.34354E-1 2.40626E-1 2.10713E-1 2.7134E-1 3.83709E-1 3.08789E-1 1.51733E-1 1.15749E-1 8.62821E-2 1.22481E-1 1.39404E-1 1.73898E-1 1.53471E-1 1.60032E-1 1.84758E-1 1.39434E-1 1.41906E-1 6.09863E-2 6.30895E-2 1.95942E-1 3.18346E-1 3.96961E-1
-9999 -9999 -9999 -9999 -9999 -9999 -9999 -9999 -9999 -9999 8.41491E-2 1.56537E-1 8.68682E-2 1.11963E-1 1.49818E-1 2.02809E-1 1.83934E-1 9.12659E-2 6.04437E-2 6.1292E-2 1.77292E-1 2.60594E-1 3.03205E-1 2.34646E-1 2.93383E-1 6.34504E-1 6.15045E-1 2.8176E-1 1.02186E-1 1.0796E-1 1.13721E-1 2.41776E-1 2.74728E-1 1.84844E-1 1.99934E-1 2.37653E-1 3.23726E-1 4.4424E-1 3.90264E-1 2.33108E-1 2.52375E-1 4.82077E-1 2.60858E-1 2.15907E-1 1.88776E-1 2.08835E-1 1.93059E-1 3.37938E-1 1.38822E-1 1.4886E-1 3.00468E-1 1.66651E-1 1.22408E-1 6.68448E-2 6.2067E-2 1.73992E-1 4.2237E-1 2.0024E-1
-9999 -9999 -9999 -9999 -9999 -9999 -9999 -9999 -9999 -9999 1.37022E-1 1.29962E-1 1.30487E-1 1.16705E-1 8.28036E-2 1.12515E-1 9.33042E-2 4.83142E-2 5.4637E-2 1.17958E-1 2.56654E-1 3.65257E-1 4.04665E-1 2.55738E-1 4.72786E-1 4.97055E-1 1.61952E-1 7.87702E-2 6.38977E-2 5.79438E-2 5.26976E-2 2.5269E-1 2.33662E-1 1.40598E-1 9.68317E-2 2.365E-1 3.2215E-1 3.06106E-1 3.40879E-1 3.02751E-1 5.81067E-1 6.66759E-1 7.2734E-1 3.20908E-1 3.47286E-1 3.86425E-1 3.54314E-1 1.84329E-1 1.69915E-1 1.08787E-1 2.79181E-1 1.64625E-1 1.31452E-1 1.25621E-1 1.15058E-1 2.5976E-1 3.52564E-1 1.57456E-1
-9999 -9999 -9999 -9999 -9999 -9999 -9999 -9999 -9999 -9999 9.24685E-2 1.20285E-1 9.45082E-2 1.29173E-1 1.30781E-1 1.25008E-1 5.53645E-2 6.5741E-2 7.98961E-2 2.84499E-1 3.08802E-1 4.10405E-1 2.05984E-1 2.35184E-1 5.5148E-1 2.95219E-1 1.32905E-1 9.965E-2 9.70823E-2 1.2623E-1 1.12735E-1 2.95754E-1 3.14525E-1 1.59383E-1 1.70604E-1 2.47174E-1 5.05814E-1 2.39249E-1 6.25402E-1 7.14051E-1 5.91703E-1 8.16877E-1 7.49273E-1 4.99278E-1 4.74884E-1 6.21728E-1 4.82168E-1 3.02594E-1 1.02648E-1 1.53261E-1 3.24181E-1 2.64709E-1 2.07402E-1 1.70871E-1 1.79586E-1 2.15401E-1 3.29471E-1 1.79148E-1
-9999 -9999 -9999 -9999 -9999 -9999 -9999 -9999 -9999 -9999 1.14367E-1 1.37815E-1 8.18638E-2 7.97808E-2 9.45876E-2 1.85326E-1 8.03049E-2 1.387E-1 1.2448E-1 1.52529E-1 1.03144E-1 2.30473E-1 1.42611E-1 1.26097E-1 1.87261E-1 1.47185E-1 2.66168E-1 1.9327E-1 1.32445E-1 2.49774E-1 1.95986E-1 5.06096E-1 4.36605E-1 1.43016E-1 1.75277E-1 2.17649E-1 1.52759E-1 3.36809E-1 7.77342E-1 7.45959E-1 5.74631E-1 7.96429E-1 7.93259E-1 5.27874E-1 4.68946E-1 4.79689E-1 3.75969E-1 1.54174E-1 1.3696E-1 3.27224E-1 2.65229E-1 4.57316E-1 4.54109E-1 5.27335E-1 5.15916E-1 2.11637E-1 3.24829E-1 3.39214E-1
-9999 -9999 -9999 -9999 -9999 -9999 -9999 -9999 -9999 -9999 1.57584E-1 1.63502E-1 1.3021E-1 8.2326E-2 6.57289E-2 6.0875E-2 4.09927E-2 7.6164E-2 2.15652E-1 5.00554E-1 3.12518E-1 2.13651E-1 1.62227E-1 9.78047E-2 6.62552E-2 6.10096E-2 1.84116E-1 1.72343E-1 1.46036E-1 1.67303E-1 1.32454E-1 1.92473E-1 2.21281E-1 1.58588E-1 3.1509E-1 1.85646E-1 1.62094E-1 2.88123E-1 6.67601E-1 5.94822E-1 4.91723E-1 6.4469E-1 3.87962E-1 2.93125E-1 3.31766E-1 2.90499E-1 2.00704E-1 1.99049E-1 2.10129E-1 3.94012E-1 4.49223E-1 8.53514E-1 6.13461E-1 6.84329E-1 5.03734E-1 1.97665E-1 1.50151E-1 1.63556E-1
-9999 -9999 -9999 -9999 -9999 -9999 -9999 -9999 -9999 -9999 1.63084E-1 1.65495E-1 1.35054E-1 1.13095E-1 8.68704E-2 5.36735E-2 3.78144E-2 6.81229E-2 7.29246E-1 6.45937E-1 5.79E-1 4.77454E-1 4.03575E-1 1.86784E-1 7.65937E-2 7.21992E-2 9.70079E-2 8.37424E-2 6.31457E-2 9.45774E-2 1.55827E-1 1.62777E-1 1.11672E-1 2.21898E-1 2.55195E-1 2.19085E-1 1.83377E-1 4.63623E-1 8.02383E-1 3.99358E-1 4.45287E-1 4.47143E-1 3.70896E-1 1.56872E-1 1.31379E-1 1.82192E-1 1.38438E-1 1.4881E-1 1.5886E-1 3.2381E-1 5.14733E-1 5.9343E-1 4.12614E-1 2.41483E-1 3.39036E-1 2.08364E-1 1.96317E-1 1.63318E-1
-9999 -9999 -9999 -9999 -9999 -9999 -9999 -9999 -9999 1.87396E-1 1.59093E-1 1.48204E-1 1.27037E-1 1.02856E-1 9.48833E-2 5.59863E-2 5.12504E-2 1.43657E-1 2.4371E-1 4.40806E-1 3.42897E-1 4.16369E-1 6.1065E-1 5.17702E-1 1.82223E-1 1.43705E-1 1.09481E-1 7.27302E-2 4.45594E-2 5.21063E-2 9.78591E-2 7.82389E-2 8.43529E-2 1.64626E-1 2.34734E-1 2.22139E-1 2.51167E-1 5.2164E-1 6.66472E-1 6.02869E-1 6.63402E-1 3.73851E-1 3.65529E-1 2.27159E-1 1.64958E-1 1.10399E-1 1.39357E-1 1.583E-1 2.12298E-1 2.58994E-1 3.24455E-1 3.61274E-1 3.25753E-1 2.30085E-1 2.06011E-1 9.76508E-2 1.01324E-1 8.18036E-2
-9999 -9999 -9999 -9999 -9999 -9999 -9999 -9999 -9999 1.69715E-1 1.88434E-1 1.58823E-1 1.78366E-1 1.14795E-1 1.06488E-1 7.92301E-2 7.73539E-2 2.46484E-1 7.01026E-1 3.65427E-1 1.95434E-1 3.37152E-1 6.38785E-1 6.3125E-1 6.36236E-1 5.45844E-1 1.30218E-1 9.76618E-2 1.11813E-1 7.22746E-2 1.16356E-1 8.68972E-2 1.1759E-1 1.45913E-1 1.60185E-1 1.81623E-1 3.70839E-1 5.94372E-1 6.09359E-1 5.34806E-1 4.26127E-1 4.07357E-1 5.33631E-1 4.93115E-1 2.21368E-1 1.69778E-1 2.07429E-1 2.72177E-1 2.66052E-1 3.43446E-1 2.97228E-1 3.61482E-1 2.85112E-1 2.11404E-1 1.64374E-1 9.84828E-2 8.87409E-2 8.33566E-2
-9999 -9999 -9999 -9999 -9999 -9999 -9999 -9999 -9999 1.90608E-1 1.44076E-1 1.7029E-1 1.57454E-1 1.06488E-1 1.28608E-1 1.21377E-1 1.93114E-1 4.2847E-1 4.9682E-1 2.03153E-1 1.48459E-1 1.60483E-1 4.16103E-1 5.7855E-1 6.52263E-1 6.68531E-1 2.56906E-1 1.66968E-1 2.44867E-1 1.13784E-1 1.40383E-1 1.28024E-1 1.13212E-1 1.38532E-1 1.35926E-1 1.65488E-1 2.86888E-1 3.85123E-1 3.78469E-1 3.39443E-1 3.76976E-1 3.02105E-1 3.14856E-1 4.68222E-1 3.71304E-1 2.66633E-1 2.16063E-1 2.35649E-1 2.38857E-1 3.87228E-1 4.54368E-1 2.93779E-1 2.30319E-1 2.2997E-1 2.08898E-1 1.82733E-1 1.32524E-1 9.26914E-2
-9999 -9999 -9999 -9999 -9999 -9999 -9999 -9999 2.66373E-1 1.51434E-1 1.0705E-1 1.53118E-1 1.58586E-1 1.3847E-1 2.02471E-1 2.58221E-1 4.50533E-1 2.77614E-1 2.70113E-1 1.71608E-1 1.66532E-1 1.59826E-1 3.22511E-1 5.71635E-1 5.8894E-1 5.37867E-1 3.42761E-1 2.64655E-1 2.63827E-1 2.98981E-1 2.04369E-1 1.78293E-1 1.41198E-1 1.30944E-1 1.31086E-1 2.24679E-1 2.52028E-1 1.48782E-1 2.77329E-1 3.1506E-1 4.73564E-1 3.67498E-1 2.23718E-1 4.92256E-1 4.57628E-1 3.97035E-1 3.00292E-1 3.18915E-1 2.76689E-1 4.19209E-1 4.79167E-1 3.59826E-1 3.00238E-1 3.72569E-1 3.42997E-1 1.47908E-1 1.06909E-1 9.5601E-2
-9999 -9999 -9999 -9999 -9999 -9999 -9999 -9999 1.98704E-1 1.30825E-1 1.07326E-1 1.20481E-1 1.33645E-1 1.33037E-1 1.11353E-1 9.31057E-2 1.6015E-1 1.85117E-1 1.54353E-1 1.33945E-1 1.69948E-1 2.07214E-1 1.83506E-1 2.08755E-1 4.03176E-1 3.5945E-1 2.27449E-1 4.93509E-1 2.30939E-1 4.75491E-1 3.23551E-1 1.79705E-1 1.34065E-1 1.46888E-1 1.45984E-1 2.71718E-1 3.19381E-1 1.12431E-1 1.67726E-1 2.24633E-1 2.36753E-1 2.07053E-1 1.87565E-1 6.27746E-1 4.46248E-1 4.07408E-1 4.29762E-1 4.51955E-1 3.55777E-1 4.33731E-1 3.03228E-1 2.49527E-1 2.62035E-1 3.48659E-1 3.2345E-1 1.3659E-1 1.12322E-1 1.3463E-1
-9999 -9999 -9999 -9999 -9999 -9999 -9999 -9999 1.16496E-1 9.82301E-2 9.919E-2 7.02237E-2 1.17563E-1 1.59001E-1 1.66215E-1 1.35602E-1 1.98172E-1 1.3744E-1 1.44822E-1 1.55697E-1 2.3189E-1 2.32416E-1 1.63481E-1 2.43529E-1 3.64391E-1 4.27473E-1 3.86113E-1 5.54824E-1 5.79636E-1 5.65996E-1 3.97414E-1 2.42844E-1 1.96138E-1 2.92034E-1 3.66302E-1 2.85447E-1 2.34723E-1 1.85328E-1 1.84982E-1 1.74261E-1 1.44465E-1 1.76304E-1 9.4593E-2 2.12039E-1 3.38666E-1 4.74536E-1 2.87218E-1 3.60113E-1 4.34261E-1 3.72238E-1 2.5116E-1 1.584E-1 1.97133E-1 3.33755E-1 2.71437E-1 1.10454E-1 9.89475E-2 1.5768E-1
-9999 -9999 -9999 -9999 -9999 -9999 -9999 -9999 1.11697E-1 1.38424E-1 6.58186E-2 1.28416E-1 1.32879E-1 1.12082E-1 1.15224E-1 9.86457E-2 1.29533E-1 1.22061E-1 2.33441E-1 2.26968E-1 5.12354E-1 4.29523E-1 2.74895E-1 2.77266E-1 1.80483E-1 3.02275E-1 4.01842E-1 7.08739E-1 6.88103E-1 8.13082E-1 3.81288E-1 3.96124E-1 4.21678E-1 3.78762E-1 7.16475E-1 3.56759E-1 2.72949E-1 1.53183E-1 1.06676E-1 1.36598E-1 1.766E-1 1.97822E-1 4.1346E-1 3.86537E-1 3.32347E-1 3.96265E-1 4.38111E-1 5.01924E-1 3.23573E-1 2.24232E-1 1.46639E-1 1.06824E-1 1.42282E-1 1.80152E-1 2.95861E-1 1.71189E-1 1.95344E-1 1.99612E-1
-9999 -9999 -9999 -9999 -9999 -9999 -9999 9.05548E-2 1.25037E-1 1.00717E-1 1.11055E-1 1.89229E-1 2.27656E-1 2.26482E-1 2.98158E-1 1.74596E-1 7.1418E-2 1.20914E-1 1.73102E-1 2.01278E-1 6.24912E-1 3.4027E-1 1.7453E-1 1.72588E-1 2.38969E-1 4.07283E-1 5.92121E-1 8.29774E-1 5.71913E-1 5.94909E-1 5.1823E-1 5.8941E-1 5.51648E-1 3.65076E-1 4.96777E-1 4.99091E-1 3.74981E-1 2.56193E-1 1.60997E-1 2.78794E-1 4.31477E-1 4.62272E-1 5.07691E-1 4.56785E-1 2.02723E-1 2.61986E-1 5.42479E-1 4.06761E-1 3.05277E-1 2.01502E-1 1.59169E-1 1.85421E-1 4.89448E-1 2.0821E-1 1.90693E-1 1.80514E-1 2.50969E-1 2.40776E-1
-9999 -9999 -9999 -9999 -9999 -9999 -9999 4.24351E-2 1.10702E-1 1.17012E-1 1.7287E-1 3.23017E-1 3.13003E-1 4.21201E-1 3.57842E-1 1.33878E-1 1.15353E-1 2.46066E-1 2.42339E-1 2.82784E-1 2.77977E-1 2.25472E-1 1.91186E-1 3.38596E-1 5.90769E-1 5.01268E-1 3.82276E-1 7.56321E-1 6.62515E-1 7.84973E-1 7.06192E-1 9.12178E-1 7.62861E-1 6.23729E-1 4.49598E-1 4.68923E-1 6.70673E-1 6.34312E-1 2.15523E-1 1.7475E-1 4.46674E-1 6.39449E-1 4.37743E-1 4.91544E-1 4.29991E-1 4.74449E-1 6.68177E-1 6.64166E-1 6.6206E-1 3.4436E-1 2.4855E-1 3.21021E-1 5.23565E-1 2.26888E-1 1.98857E-1 6.74331E-2 1.14373E-1 1.61917E-1
-9999 -9999 -9999 -9999 -9999 -9999 -9999 3.11799E-2 1.19328E-1 3.51245E-1 5.33196E-1 7.67218E-1 6.80484E-1 4.81436E-1 1.87812E-1 1.82821E-1 2.34949E-1 5.22426E-1 4.08605E-1 4.87963E-1 5.05029E-1 2.35787E-1 3.24464E-1 5.9924E-1 6.33434E-1 3.2079E-1 3.9611E-1 4.92282E-1 8.15268E-1 8.78106E-1 9.16058E-1 7.45272E-1 4.80465E-1 3.96946E-1 3.87687E-1 6.09988E-1 8.13558E-1 7.21121E-1 2.30764E-1 1.81618E-1 3.24732E-1 4.14656E-1 5.86523E-1 7.46239E-1 9.3034E-1 8.89223E-1 8.55859E-1 8.76174E-1 7.34114E-1 6.80648E-1 4.70548E-1 3.36466E-1 2.86799E-1 2.91308E-1 2.30286E-1 7.05514E-2 6.2606E-2 1.38434E-1
-9999 -9999 -9999 -9999 -9999 -9999 3.98329E-2 1.14147E-1 1.54712E-1 3.88048E-1 6.44497E-1 7.29739E-1 7.7271E-1 4.9841E-1 4.73463E-1 5.70518E-1 6.92549E-1 6.57607E-1 4.80293E-1 6.6398E-1 6.73835E-1 4.92475E-1 4.99143E-1 7.01581E-1 5.44355E-1 4.6347E-1 6.47563E-1 7.40874E-1 8.54572E-1 8.14004E-1 8.99291E-1 9.28901E-1 7.48526E-1 3.74775E-1 3.90029E-1 4.64225E-1 5.0779E-1 4.96651E-1 2.55795E-1 3.03735E-1 3.77761E-1 5.09184E-1 5.8887E-1 8.99331E-1 8.74382E-1 8.50207E-1 8.09915E-1 8.72376E-1 8.72563E-1 8.75582E-1 5.60729E-1 2.62566E-1 2.07359E-1 2.05676E-1 1.43478E-1 9.90233E-2 8.88257E-2 1.40968E-1
-9999 -9999 -9999 -9999 -9999 -9999 1.53832E-1 4.40981E-1 1.89777E-1 3.33173E-1 7.2329E-1 8.17034E-1 6.70908E-1 5.37963E-1 5.02364E-1 7.97007E-1 8.89184E-1 7.92188E-1 7.82962E-1 8.08057E-1 7.98764E-1 4.84581E-1 4.65165E-1 6.07006E-1 6.3387E-1 6.00002E-1 8.10789E-1 8.47313E-1 8.03414E-1 7.66826E-1 8.83816E-1 9.39267E-1 8.71954E-1 4.01335E-1 2.98578E-1 2.79397E-1 4.97375E-1 4.24023E-1 2.91804E-1 4.23377E-1 6.78625E-1 8.5545E-1 8.9852E-1 7.98638E-1 7.85858E-1 8.00543E-1 9.17674E-1 9.6268E-1 8.45604E-1 8.60989E-1 6.05309E-1 2.83566E-1 1.83974E-1 1.8075E-1 3.50178E-1 4.5445E-1 2.6078E-1 1.48888E-1
-9999 -9999 -9999 -9999 -9999 -9999 1.18173E-1 6.32052E-1 6.81316E-1 2.98521E-1 6.59843E-1 7.46707E-1 8.85588E-1 6.90199E-1 6.79543E-1 5.97822E-1 7.34283E-1 6.95635E-1 7.33861E-1 8.89066E-1 8.58577E-1 5.56976E-1 5.09892E-1 5.90561E-1 4.07071E-1 5.06986E-1 7.69839E-1 7.63292E-1 7.5143E-1 8.64533E-1 9.43335E-1 9.69756E-1 5.61842E-1 3.55154E-1 2.79112E-1 2.49128E-1 3.2045E-1 3.78913E-1 4.54454E-1 8.59348E-1 9.49815E-1 8.43673E-1 7.42448E-1 7.30882E-1 7.44185E-1 6.7913E-1 6.97997E-1 7.97197E-1 7.91636E-1 6.08896E-1 4.76491E-1 2.88938E-1 2.78794E-1 2.09755E-1 5.38328E-1 6.19414E-1 7.19065E-1 3.26549E-1
-9999 -9999 -9999 -9999 -9999 -9999 -9999 4.17642E-1 6.10827E-1 2.77337E-1 3.73055E-1 7.12529E-1 7.85954E-1 6.22217E-1 8.82966E-1 7.64795E-1 8.29943E-1 8.25772E-1 9.0397E-1 8.81662E-1 8.85327E-1 6.25078E-1 4.21314E-1 2.79947E-1 4.30642E-1 3.85255E-1 7.09973E-1 9.02158E-1 8.61679E-1 8.35298E-1 9.27076E-1 9.83875E-1 4.53842E-1 2.86247E-1 2.64833E-1 3.02902E-1 3.26592E-1 3.96228E-1 7.60014E-1 8.26873E-1 9.34777E-1 8.25773E-1 7.67304E-1 7.5095E-1 4.59318E-1 5.35483E-1 7.3028E-1 8.86344E-1 8.20432E-1 6.08815E-1 3.60393E-1 2.60923E-1 5.15137E-1 6.18992E-1 2.96122E-1 4.05872E-1 5.90904E-1 3.61639E-1
-9999 -9999 -9999 -9999 -9999 -9999 -9999 2.58173E-1 2.41333E-1 2.17808E-1 3.04779E-1 6.14664E-1 8.96154E-1 9.12265E-1 9.32875E-1 9.56365E-1 9.69174E-1 9.31099E-1 9.31939E-1 9.17828E-1 9.02273E-1 7.88124E-1 5.41832E-1 4.87411E-1 5.84189E-1 6.37595E-1 8.68284E-1 9.09779E-1 9.08943E-1 9.11267E-1 9.22947E-1 9.45144E-1 5.43705E-1 2.90074E-1 2.60282E-1 3.04622E-1 4.73869E-1 7.76863E-1 9.31364E-1 9.38063E-1 8.85943E-1 7.84862E-1 8.56683E-1 6.00128E-1 2.56461E-1 5.83851E-1 5.55899E-1 7.05472E-1 7.03908E-1 5.61655E-1 4.44726E-1 5.15903E-1 6.8163E-1 8.12983E-1 4.89001E-1 7.55268E-1 6.40585E-1 5.47394E-1
