Phytophthora/models/20240604_1618_19/Phytophthora_PA3_RUN10_MAXENT_outputs/projMaxent.asc
ncols         225
nrows         269
xllcorner     473009.9838
yllcorner     4429051.1748
cellsize      50.0
NODATA_value  -9999
[rows 104 to 129 of 269, columns 116 to 173 of 225]
4.08309E-1 4.53195E-1 5.19133E-1 4.96727E-1 4.97738E-2 1.29451E-3 6.27264E-4 1.75632E-3 3.31722E-3 5.60048E-3 9.20997E-3 5.40043E-3 8.60097E-3 4.58116E-3 4.4733E-3 3.82156E-3 1.95354E-3 1.99446E-3 3.09294E-3 4.70953E-3 4.72688E-3 5.02286E-3 4.66139E-3 4.44397E-3 3.42725E-3 2.29387E-3 2.16862E-3 2.87724E-3 1.70681E-3 8.8805E-4 7.88178E-4 9.96983E-4 1.56679E-3 2.87841E-3 4.36434E-3 3.8782E-3 2.03786E-3 1.78086E-3 4.28629E-3 5.18526E-3 4.31919E-1 1.32703E-1 1.47847E-1 1.96822E-1 1.22608E-1 1.70727E-1 4.49941E-1 3.73316E-1 3.14654E-1 3.4655E-1 3.37342E-1 2.572E-1 6.40694E-1 4.71219E-1 5.44771E-1 2.99887E-1 1.52334E-1 1.14979E-3
5.68075E-1 3.92232E-1 5.03173E-1 2.46894E-1 4.07143E-2 7.1734E-2 6.7633E-4 1.50777E-3 2.25205E-3 3.10026E-3 5.0581E-3 6.24329E-3 6.74923E-3 5.41795E-3 4.60073E-3 4.56054E-3 4.03433E-3 4.14104E-3 4.51958E-3 4.9985E-3 4.89063E-3 4.91013E-3 5.21204E-3 4.61909E-3 4.54652E-3 4.8716E-3 3.73351E-3 4.0301E-3 1.92629E-3 8.4402E-4 9.58177E-4 9.65671E-4 9.2265E-4 1.55918E-3 3.21512E-3 3.26792E-3 3.32632E-3 3.87627E-3 3.86673E-3 4.47054E-1 2.8374E-1 2.95445E-1 6.04417E-1 6.15759E-1 7.3579E-1 7.10779E-1 6.46327E-1 5.54991E-1 1.64122E-1 6.44391E-1 6.11998E-1 5.00354E-1 4.61179E-1 5.39761E-1 6.61729E-1 2.79769E-1 1.71411E-1 2.09971E-1
7.61849E-1 7.18396E-1 6.76641E-1 2.08215E-1 1.06292E-1 7.46941E-2 6.40322E-2 1.46277E-3 4.62856E-3 6.52723E-3 6.54743E-3 6.17271E-3 5.77186E-3 6.31121E-3 5.55593E-3 4.67296E-3 5.59183E-3 5.22941E-3 5.04466E-3 2.49865E-3 5.09474E-3 5.80058E-3 4.97105E-3 4.41824E-3 4.36324E-3 5.0757E-3 5.35945E-3 3.71115E-3 2.06868E-3 9.46302E-4 8.56018E-4 1.23848E-3 9.59179E-4 1.23876E-3 1.91871E-3 4.83199E-3 5.72254E-3 2.5269E-3 2.0863E-3 2.5309E-1 2.15155E-1 2.82594E-1 4.81619E-1 3.41486E-1 4.14454E-1 2.95144E-1 2.81814E-1 2.78599E-1 3.62412E-1 2.23976E-1 1.66172E-1 2.08042E-1 2.31725E-1 3.91054E-1 4.42928E-1 2.66336E-1 5.00374E-1 4.13523E-1
2.06614E-1 1.98155E-1 5.40068E-1 5.79332E-1 6.01265E-1 2.51724E-1 1.03934E-1 9.88872E-2 2.96188E-3 6.52996E-3 6.76857E-3 6.54192E-3 5.61992E-3 5.6292E-3 5.25946E-3 2.84453E-3 5.53413E-3 4.92913E-3 2.86084E-3 2.87933E-3 4.84658E-3 4.10819E-3 5.08797E-3 4.88034E-3 4.42901E-3 3.48997E-3 3.84992E-3 2.96584E-3 1.5983E-3 1.21251E-3 1.73446E-3 2.44607E-3 1.00009E-3 1.01655E-3 1.47482E-3 1.06875E-3 4.15667E-3 3.74859E-3 3.14853E-3 3.43252E-1 3.60548E-1 3.48404E-1 3.06013E-1 1.97321E-1 1.18587E-1 8.55002E-2 1.85561E-1 1.91695E-1 1.73333E-1 1.85867E-1 1.28052E-1 1.19804E-1 1.78235E-1 1.89503E-1 1.64178E-1 1.29196E-1 2.14941E-1 2.79506E-1
7.19918E-1 1.21194E-1 9.07781E-2 4.97785E-1 6.58607E-1 3.85802E-1 3.66623E-1 1.69547E-1 3.0736E-1 7.42848E-3 7.41864E-3 6.44253E-3 3.8194E-3 5.57198E-3 7.11517E-3 4.71685E-3 7.72134E-3 6.86054E-3 5.47238E-3 6.59163E-3 6.22192E-3 3.02175E-3 6.13032E-3 5.77267E-3 5.47854E-3 5.28662E-3 5.45093E-3 4.25291E-3 2.50227E-3 3.45755E-3 3.43003E-3 3.14872E-3 1.45361E-3 1.35059E-3 1.82485E-3 1.34336E-3 1.17733E-1 2.52682E-1 3.04459E-1 4.82577E-1 5.40468E-1 4.01739E-1 3.29818E-1 1.55461E-1 1.68965E-1 1.18406E-1 1.73399E-1 1.69068E-1 1.99315E-1 1.12117E-1 1.03585E-1 1.16335E-1 1.12004E-1 1.1804E-1 1.20368E-1 1.00225E-1 1.21997E-1 2.23891E-1
6.32297E-1 3.69357E-1 4.373E-1 1.49858E-1 4.26967E-1 5.93573E-1 2.67026E-1 2.64356E-1 2.91606E-1 5.28802E-1 6.57538E-3 7.28967E-3 7.03464E-3 8.24744E-3 1.06744E-2 6.9389E-3 1.12142E-2 9.66266E-3 8.97935E-3 8.83715E-3 7.85285E-3 3.56258E-3 8.0809E-3 7.38276E-3 6.95514E-3 6.67107E-3 6.75094E-3 4.74865E-3 3.58445E-3 4.72002E-3 3.65493E-3 3.52201E-3 1.45415E-3 1.24209E-3 2.34503E-3 3.21905E-3 4.00309E-1 5.63184E-1 4.49079E-1 4.09656E-1 4.6834E-1 4.86877E-1 5.02413E-1 2.76616E-1 3.20954E-1 2.32336E-1 1.91223E-1 1.28198E-1 2.15602E-1 1.31398E-1 8.72331E-2 2.79016E-2 8.49754E-2 8.46298E-2 9.67597E-2 1.12756E-1 1.13505E-1 2.40583E-1
3.0872E-1 3.93525E-1 4.64301E-1 1.09838E-1 2.82854E-1 4.27331E-1 3.55545E-1 3.10577E-1 2.95692E-1 4.36522E-1 5.2784E-1 6.90993E-3 3.02427E-3 8.30311E-3 1.08223E-2 1.23397E-2 1.36656E-2 1.21056E-2 1.11327E-2 1.10912E-2 9.85808E-3 4.34008E-3 4.87546E-3 2.64055E-3 8.67426E-3 8.66912E-3 8.25661E-3 3.6366E-3 5.20331E-3 5.70603E-3 4.4104E-3 3.713E-3 1.57873E-3 1.38268E-3 2.85155E-3 5.46128E-3 5.59738E-1 3.77051E-1 3.12942E-1 4.84055E-1 4.89952E-1 4.93215E-1 4.94248E-1 2.96085E-1 3.12315E-1 3.7499E-1 2.54871E-1 1.69144E-1 2.04346E-1 1.62712E-1 7.26328E-2 8.27809E-2 6.88636E-2 7.15126E-2 9.57099E-2 1.23452E-1 1.27372E-1 1.80678E-1
1.19028E-1 2.35956E-1 2.80238E-1 1.0284E-1 9.9164E-2 2.2572E-1 2.38582E-1 3.15416E-1 4.67167E-1 2.83532E-1 5.63096E-1 3.552E-1 4.34032E-3 5.05608E-3 1.23504E-2 1.13837E-2 1.79153E-2 1.52221E-2 1.36251E-2 1.33949E-2 1.2035E-2 4.50964E-3 3.8758E-3 3.50476E-3 1.11847E-2 1.09747E-2 9.50046E-3 6.27128E-3 7.83492E-3 7.22428E-3 5.30037E-3 4.08189E-3 1.9134E-3 1.99149E-3 2.44846E-3 2.96129E-1 4.2302E-1 2.78975E-1 1.41042E-1 4.25737E-1 4.52775E-1 4.91805E-1 3.57478E-1 2.14999E-1 4.37583E-1 3.69721E-1 3.32303E-1 1.82406E-1 8.25816E-2 1.96083E-1 1.26449E-1 1.16604E-1 7.02297E-2 5.75828E-2 1.15979E-1 1.63435E-1 1.2852E-1 1.83334E-1
8.49347E-2 2.14956E-1 1.58299E-1 9.84498E-2 8.26275E-2 9.76863E-2 3.06895E-1 4.53998E-1 5.71839E-1 3.53253E-1 3.86946E-1 4.19791E-1 6.57421E-3 8.09999E-3 1.2254E-2 1.83307E-2 1.73432E-2 8.11279E-3 5.10744E-3 1.47779E-2 1.4087E-2 3.22732E-3 4.96595E-3 8.31412E-3 1.31013E-2 1.31833E-2 9.00389E-3 1.05579E-2 8.85132E-3 7.20052E-3 5.04449E-3 4.0149E-3 3.59987E-3 4.55568E-3 2.14719E-1 1.50396E-1 2.07738E-1 3.698E-1 3.44941E-1 4.82596E-1 4.22746E-1 4.86753E-1 1.74198E-1 1.31649E-1 1.89074E-1 3.24253E-1 2.46878E-1 2.12266E-1 2.43934E-1 4.15111E-1 1.23888E-1 1.38962E-1 7.26759E-2 5.81965E-2 1.00041E-1 1.13683E-1 1.00992E-1 1.07863E-1
1.47561E-1 2.68707E-1 1.50559E-1 4.34092E-1 1.37254E-1 1.11289E-1 2.19539E-1 5.39714E-1 7.00973E-1 7.5322E-1 4.28012E-1 7.69521E-1 1.44065E-2 1.60523E-2 3.79492E-3 8.98518E-3 1.23824E-2 9.78868E-3 1.76169E-2 1.68992E-2 1.63767E-2 8.74261E-3 8.98625E-3 2.07101E-2 2.1301E-2 1.51659E-2 1.29505E-2 1.34581E-2 1.07525E-2 7.54799E-3 6.48633E-3 3.14503E-3 2.0586E-3 2.64441E-3 1.78521E-1 1.14782E-1 1.00281E-1 2.83004E-1 4.552E-1 4.32689E-1 4.37889E-1 5.03021E-1 2.14232E-1 1.60797E-1 2.20335E-1 2.74536E-1 2.60314E-1 3.2723E-1 4.59895E-1 5.03325E-1 2.20431E-1 2.02636E-1 1.32172E-1 1.143E-1 6.81319E-2 7.53252E-2 9.15593E-2 8.10095E-2
1.33668E-1 4.79704E-1 6.6402E-1 3.02763E-1 5.8793E-1 3.45517E-1 2.99635E-1 4.48373E-1 7.81076E-1 6.82875E-1 4.47827E-1 8.29289E-1 1.5895E-2 5.70848E-3 1.75672E-2 1.33287E-2 1.26497E-2 1.61338E-2 1.79265E-2 1.97052E-2 2.02566E-2 2.02573E-2 1.64597E-2 3.10697E-2 3.26311E-2 2.13999E-2 2.24064E-2 1.88123E-2 1.14513E-2 7.53769E-3 6.72739E-3 2.30543E-3 2.34731E-3 3.73715E-3 2.74167E-1 1.63855E-1 1.71419E-1 1.20736E-1 2.66769E-1 2.66511E-1 2.98661E-1 4.63873E-1 4.96005E-1 2.72724E-1 3.09288E-1 3.32257E-1 3.14684E-1 3.85329E-1 5.82368E-1 3.75692E-1 2.86776E-1 1.93687E-1 2.86639E-1 3.26241E-1 1.11257E-1 6.7587E-2 8.46992E-2 5.57224E-2
1.65075E-1 5.90008E-1 8.18495E-1 3.44918E-1 3.6641E-1 4.5838E-1 3.31009E-1 5.1888E-1 8.19428E-1 6.88767E-1 4.49609E-1 4.40568E-1 6.68414E-3 1.51085E-2 1.95085E-2 1.64498E-2 1.39041E-2 1.65194E-2 1.8704E-2 2.08819E-2 2.11694E-2 1.51961E-2 2.21655E-2 3.52563E-2 2.30343E-2 1.86671E-2 2.48293E-2 2.29047E-2 1.22595E-2 9.46866E-3 6.21541E-3 4.70841E-3 6.59749E-3 7.35415E-3 5.56366E-3 3.05289E-1 2.19732E-1 1.08736E-1 3.81382E-1 4.09486E-1 4.3962E-1 4.82774E-1 5.14071E-1 5.80183E-1 3.8699E-1 4.8497E-1 5.59333E-1 5.98103E-1 5.79961E-1 2.48095E-1 3.89847E-1 2.97079E-1 3.46982E-1 4.40437E-1 2.09815E-1 7.10077E-2 6.12352E-2 6.08917E-2
1.87549E-1 3.50372E-1 6.73351E-1 7.48702E-1 1.61005E-1 4.70845E-1 4.96445E-1 5.17605E-1 7.46944E-1 6.91033E-1 9.46141E-2 6.94473E-1 1.69262E-2 1.64231E-2 1.71279E-2 1.20689E-2 1.14001E-2 1.34348E-2 7.31995E-3 1.7276E-2 2.13019E-2 1.70345E-2 2.21783E-2 1.91286E-2 2.57162E-2 2.08889E-2 2.98691E-2 2.27037E-2 1.36232E-2 4.79371E-3 8.69251E-3 9.24664E-3 8.74088E-3 8.15738E-3 5.90847E-3 3.17401E-1 2.11591E-1 2.16863E-1 6.02986E-1 5.80076E-1 6.32341E-1 5.60492E-1 5.86693E-1 5.90563E-1 6.22716E-1 6.18559E-1 6.13365E-1 4.9577E-1 4.8436E-1 3.88089E-1 5.95029E-1 3.40059E-1 2.47314E-1 2.4898E-1 2.37734E-1 1.48881E-1 8.94428E-2 6.25722E-2
2.11969E-1 3.46052E-1 7.47018E-1 8.30563E-1 4.23865E-1 2.85776E-1 6.5357E-1 8.27209E-1 8.74469E-1 2.91366E-1 2.7921E-1 6.85861E-1 1.68094E-2 1.56537E-2 1.4788E-2 8.04976E-3 1.14317E-2 1.69052E-2 1.60321E-2 1.75307E-2 2.16209E-2 1.3316E-2 2.4468E-2 1.94168E-2 2.30871E-2 2.17116E-2 2.15161E-2 1.24382E-2 1.06149E-2 6.88619E-3 8.14892E-3 9.61747E-3 9.76198E-3 8.67806E-3 5.24967E-3 8.6518E-2 1.66943E-1 2.02208E-1 4.67662E-1 6.56617E-1 7.40951E-1 5.37994E-1 7.14366E-1 6.07809E-1 6.43633E-1 6.53207E-1 6.541E-1 5.17621E-1 3.65973E-1 2.40606E-1 2.69617E-1 3.054E-1 2.97538E-1 2.27582E-1 5.08342E-1 3.71527E-1 2.65145E-1 1.50894E-1
2.07677E-1 3.49327E-1 4.76645E-1 8.01652E-1 8.49947E-1 4.84461E-1 4.79843E-1 7.73126E-1 6.91352E-1 3.73064E-1 6.71266E-1 1.31104E-2 1.28571E-2 1.34705E-2 1.09027E-2 5.26823E-3 8.97719E-3 1.69804E-2 1.72173E-2 1.77664E-2 2.23726E-2 1.25301E-2 2.34696E-2 3.59998E-2 2.77381E-2 2.13754E-2 1.2521E-2 1.52045E-2 1.50478E-2 3.91831E-1 2.31882E-1 2.75408E-3 9.42195E-3 7.51955E-3 3.2552E-3 6.88816E-4 1.57383E-1 1.40204E-1 2.16468E-1 3.88011E-1 6.22173E-1 6.1255E-1 6.48735E-1 6.71979E-1 6.36849E-1 6.51862E-1 6.52101E-1 4.25155E-1 2.69482E-1 1.25496E-1 2.14378E-1 7.69339E-2 1.3307E-1 1.94375E-1 1.90896E-1 1.68793E-1 1.0466E-1 1.52434E-1
2.528E-1 3.3173E-1 3.26469E-1 6.74966E-1 7.60551E-1 8.65237E-1 3.26851E-1 2.29604E-1 5.77604E-1 7.39597E-1 1.4429E-2 1.50045E-2 1.45064E-2 8.46886E-3 7.02932E-3 4.99881E-3 6.87685E-3 1.39964E-2 1.6575E-2 1.86075E-2 2.04625E-2 2.10465E-2 1.52269E-2 1.49437E-2 2.75148E-2 2.64093E-2 2.1123E-2 1.42208E-2 2.86447E-3 4.9835E-1 3.12856E-1 2.17634E-1 8.82857E-3 6.81688E-3 2.84833E-3 2.4384E-3 2.81148E-1 3.18409E-1 2.30667E-1 3.84198E-1 5.95355E-1 6.0753E-1 7.17398E-1 8.09801E-1 4.20462E-1 4.70939E-1 4.86007E-1 5.68627E-1 5.35302E-1 1.98031E-1 4.51179E-2 8.3146E-2 1.56152E-1 2.00839E-1 1.64697E-1 1.3584E-1 8.69271E-2 1.19282E-1
1.19332E-1 1.6373E-1 1.80933E-1 2.44096E-1 7.23539E-1 8.40763E-1 8.71679E-1 2.70591E-1 7.25751E-1 7.68271E-1 1.45911E-2 1.49889E-2 1.28643E-2 7.62338E-3 4.92456E-3 3.89454E-3 4.4092E-3 9.55947E-3 1.43764E-2 1.729E-2 1.44591E-2 4.89482E-3 2.76705E-3 1.08754E-2 7.97863E-3 5.7792E-3 2.19041E-2 7.28193E-3 3.62081E-1 4.66996E-1 1.17562E-1 1.42933E-1 1.82721E-1 5.06344E-1 3.20468E-1 2.83825E-3 2.91093E-1 3.2494E-1 1.50902E-1 2.29568E-1 5.90003E-1 6.05729E-1 6.48293E-1 7.98733E-1 8.02417E-1 5.57695E-1 6.08944E-1 6.58073E-1 6.16404E-1 2.28659E-1 6.69778E-2 9.2177E-2 2.20598E-1 3.263E-1 1.83476E-1 1.76579E-1 1.69521E-1 1.22405E-1
1.59405E-1 1.65224E-1 2.51475E-1 2.87626E-1 5.38135E-1 6.88713E-1 5.75927E-1 1.25958E-1 4.9601E-1 8.22425E-1 1.22867E-2 1.06708E-2 9.61923E-3 7.52052E-3 4.44031E-3 3.67697E-3 1.08642E-2 1.40307E-2 1.5519E-2 2.19708E-2 1.03483E-2 4.06516E-3 5.78835E-3 1.40448E-2 9.51425E-3 5.41093E-3 1.85752E-2 6.32164E-1 6.27765E-1 6.21757E-1 2.15276E-1 2.48509E-1 2.47502E-1 4.41192E-1 3.17233E-1 2.72209E-1 4.0866E-1 4.68625E-1 2.38321E-1 2.89272E-1 4.98436E-1 6.03614E-1 6.16968E-1 4.91583E-1 7.94194E-1 8.19938E-1 6.88084E-1 3.22428E-1 2.8744E-1 2.08761E-1 9.87349E-2 1.81127E-1 2.48547E-1 3.04762E-1 2.01308E-1 1.87877E-1 2.29797E-1 1.71064E-1
4.40566E-1 2.60603E-1 3.37696E-1 4.58889E-1 4.19541E-1 5.35486E-1 5.37759E-1 2.84548E-1 4.22326E-1 7.23495E-1 1.44197E-2 8.25101E-3 7.24573E-3 5.41393E-3 3.16379E-3 5.18888E-3 1.15964E-2 1.46333E-2 2.11129E-2 1.66497E-2 8.6349E-3 6.33237E-3 3.60618E-3 9.67637E-3 6.43969E-3 6.5891E-3 4.88139E-3 9.14644E-3 1.1891E-2 1.04393E-2 5.70489E-1 3.33407E-1 3.4683E-1 3.01879E-1 1.24562E-1 9.26336E-2 4.25669E-1 5.74208E-1 5.69662E-1 5.161E-1 5.3629E-1 4.45314E-1 6.09813E-1 2.94847E-1 5.15182E-1 6.72271E-1 7.96189E-1 4.12223E-1 2.51671E-1 1.7108E-1 1.20944E-1 1.6609E-1 1.6165E-1 1.03294E-1 2.02003E-1 2.01305E-1 2.44663E-1 1.9609E-1
4.71119E-1 6.32032E-1 6.09632E-1 4.41851E-1 2.08796E-1 5.05229E-1 7.59824E-1 6.19101E-1 6.89634E-1 6.37121E-1 6.45626E-1 6.52513E-1 1.06765E-2 5.95674E-3 3.42009E-1 4.93407E-3 6.97884E-3 1.19359E-2 1.69754E-2 1.30996E-2 1.80705E-2 1.7157E-2 4.28486E-3 9.45022E-3 8.75213E-3 8.41881E-3 5.35565E-3 6.62927E-3 1.18459E-2 1.51649E-2 7.57625E-3 3.30509E-1 2.2624E-1 2.80574E-1 9.57842E-2 3.58151E-2 1.61779E-1 5.70194E-1 5.10729E-1 5.10872E-1 4.3703E-1 3.58388E-1 4.26189E-1 2.88062E-1 5.53412E-1 4.61443E-1 4.67195E-1 6.29186E-1 4.97681E-1 2.94338E-1 1.21459E-1 1.70134E-1 1.67676E-1 1.70511E-1 6.95363E-2 1.70512E-1 1.97161E-1 3.04306E-1
6.3198E-1 6.40521E-1 5.56327E-1 6.15369E-1 4.99545E-1 5.94384E-1 4.59052E-1 1.97308E-1 6.82912E-1 5.31681E-1 4.16932E-1 5.67177E-1 6.29266E-1 4.2209E-1 3.05794E-1 3.91385E-3 5.00844E-3 6.1295E-3 7.00205E-3 8.36221E-3 1.45165E-2 2.44084E-2 1.09043E-2 9.42079E-3 3.73279E-3 8.38784E-3 4.72096E-3 8.17196E-3 1.23435E-2 1.6108E-2 1.06076E-2 6.21073E-1 4.04072E-1 2.51336E-1 1.08273E-1 8.50153E-2 2.00489E-1 4.5166E-1 5.09407E-1 5.29002E-1 5.45438E-1 4.39863E-1 1.84117E-1 2.60754E-1 3.90573E-1 1.78606E-1 1.71109E-1 3.57726E-1 6.18949E-1 2.8999E-1 1.33438E-1 1.18443E-1 1.58736E-1 1.45204E-1 7.01703E-2 1.06125E-1 1.93853E-1 2.1555E-1
6.20278E-1 5.9096E-1 6.04826E-1 6.28373E-1 3.70813E-1 1.69963E-1 2.5275E-1 4.60657E-1 3.97076E-1 3.07958E-1 3.90456E-1 4.82101E-1 4.92003E-1 4.44262E-1 3.18195E-1 2.78405E-3 2.46137E-3 3.96855E-3 3.7606E-3 7.64261E-3 1.20166E-2 1.49023E-2 1.26924E-2 9.73553E-3 8.73393E-3 8.48965E-3 7.66316E-3 8.3395E-3 9.47463E-3 5.14393E-3 1.19175E-2 6.94E-1 5.75851E-1 3.06435E-1 8.39751E-2 1.04683E-1 1.47762E-1 4.82117E-1 3.17448E-1 4.41752E-1 3.07236E-1 1.74408E-1 1.45364E-1 1.98019E-1 1.75199E-1 1.26186E-1 1.68311E-1 4.15473E-1 3.84661E-1 1.81919E-1 1.15363E-1 8.50174E-2 1.13665E-1 1.05816E-1 9.15356E-2 2.16715E-2 8.14389E-2 1.65994E-1
5.13107E-1 5.21965E-1 6.11807E-1 6.67711E-1 1.94167E-1 1.97529E-1 6.64482E-1 4.58064E-1 2.78738E-1 1.97145E-1 3.07767E-1 3.07578E-1 3.0815E-1 3.68478E-1 1.68136E-1 1.57282E-3 2.15214E-3 2.94449E-3 2.90388E-3 5.43946E-3 7.10183E-3 1.71418E-2 8.81066E-3 6.98325E-3 8.92444E-3 7.56277E-3 8.01526E-3 7.69367E-3 5.88227E-3 1.10292E-2 1.30386E-2 6.98633E-1 6.99189E-1 2.51771E-1 1.10619E-1 6.41915E-2 6.56882E-2 3.59374E-1 3.13298E-1 2.39888E-1 2.61864E-1 1.19287E-1 1.17603E-1 2.71893E-1 4.60225E-1 2.2831E-1 1.91851E-1 3.11654E-1 2.99186E-1 1.68829E-1 1.63561E-1 7.55775E-2 1.12436E-1 1.22187E-1 1.2993E-1 5.93899E-2 4.79162E-2 1.24003E-1
2.44078E-1 5.71956E-1 6.20756E-1 6.52107E-1 1.53112E-1 3.59328E-1 5.51555E-1 2.05875E-1 1.19621E-1 8.21448E-2 1.92132E-1 1.38003E-1 1.77248E-1 1.49064E-1 1.74975E-1 1.46001E-1 1.71755E-3 2.37362E-3 3.22804E-3 4.83461E-3 5.20364E-3 1.73325E-2 1.20534E-2 4.35568E-3 8.95851E-3 8.22418E-3 7.83659E-3 8.19819E-3 8.40441E-3 9.75356E-3 1.50277E-2 7.65718E-1 7.2794E-1 4.31517E-1 2.02679E-1 7.98196E-2 5.03796E-2 3.41478E-1 3.853E-1 3.66149E-1 2.51442E-1 1.50485E-1 9.1694E-2 2.20494E-1 5.34551E-1 3.64148E-1 1.75472E-1 4.6664E-1 5.24469E-1 1.98435E-1 1.58188E-1 1.37374E-1 2.53432E-1 3.40529E-1 1.11916E-1 1.1418E-1 7.27282E-2 8.13214E-2
4.64887E-1 6.45503E-1 6.52164E-1 3.68234E-1 1.08384E-1 4.80079E-1 1.37092E-1 6.70757E-2 3.44707E-2 3.06455E-2 1.48865E-1 1.75587E-1 2.07173E-1 1.9901E-1 1.22582E-1 1.68452E-1 2.03073E-1 3.91282E-3 5.15819E-3 6.24534E-3 5.98305E-3 1.32081E-2 1.22607E-2 6.08689E-3 8.5349E-3 7.66855E-3 2.9972E-3 8.17279E-3 8.4247E-3 9.10704E-3 7.20772E-1 7.92395E-1 6.98316E-1 3.10424E-1 2.5413E-1 1.6383E-1 9.36357E-2 3.83469E-1 5.34162E-1 4.13827E-1 3.00397E-1 3.05345E-1 2.78361E-1 2.16351E-1 3.56679E-1 3.15906E-1 4.40929E-1 5.73327E-1 5.85572E-1 3.09094E-1 1.6303E-1 1.61362E-1 2.62022E-1 3.31623E-1 1.16226E-1 1.85202E-1 7.86239E-2 5.93169E-2
5.98326E-1 3.85073E-1 6.66344E-1 2.35341E-1 5.64673E-1 5.58713E-1 1.13111E-1 3.91228E-2 2.47147E-2 4.64781E-2 6.08837E-2 1.84137E-1 2.05533E-1 1.23264E-1 1.40567E-1 2.16583E-1 2.47836E-1 3.68768E-1 6.98471E-3 9.42225E-3 8.89345E-3 1.55198E-2 1.11056E-2 4.60203E-3 8.20427E-3 7.88549E-3 7.69238E-3 8.25073E-3 8.66656E-3 4.76533E-3 3.75585E-1 5.60899E-1 4.51399E-1 2.49858E-1 4.03489E-1 2.19103E-1 1.9097E-1 4.46715E-1 7.91469E-1 6.1983E-1 2.89437E-1 4.49598E-1 3.94336E-1 2.69191E-1 4.08871E-1 5.86024E-1 6.43899E-1 5.82962E-1 6.21377E-1 4.10785E-1 1.71427E-1 1.5257E-1 1.7299E-1 1.84485E-1 1.55615E-1 1.89539E-1 1.15952E-1 6.57853E-2
