Phytophthora/models/20240604_1618_19/Phytophthora_PA3_RUN10_MAXENT_outputs/projMaxent.asc
ncols         225
nrows         269
xllcorner     473009.9838
yllcorner     4429051.1748
cellsize      50.0
NODATA_value  -9999
[rows 78 to 103 of 269, columns 0 to 57 of 225]
-9999 -9999 -9999 -9999 -9999 -9999 -9999 -9999 -9999 -9999 -9999 -9999 -9999 -9999 -9999 -9999 -9999 -9999 -9999 -9999 -9999 -9999 -9999 -9999 -9999 -9999 -9999 -9999 -9999 -9999 3.99391E-2 5.65863E-3 3.67228E-3 6.17284E-3 8.75347E-3 5.20234E-3 1.05149E-2 3.19469E-2 3.35381E-2 3.17113E-2 1.72017E-2 2.24574E-2 2.56469E-2 3.04075E-2 3.27963E-2 2.39621E-2 1.09458E-2 8.79362E-3 7.64507E-3 9.87733E-3 1.96359E-2 3.83355E-2 4.73836E-2 2.66955E-2 2.18619E-2 2.11584E-2 1.70952E-2 1.09799E-2
-9999 -9999 -9999 -9999 -9999 -9999 -9999 -9999 -9999 -9999 -9999 -9999 -9999 -9999 -9999 -9999 -9999 -9999 -9999 -9999 -9999 -9999 -9999 -9999 -9999 -9999 -9999 -9999 -9999 -9999 -9999 2.24679E-3 4.50681E-3 3.13648E-3 5.71283E-3 5.77499E-3 9.80229E-3 2.50184E-2 3.91551E-2 3.78069E-2 2.53316E-2 1.77585E-2 2.01258E-2 1.81014E-2 2.72923E-2 1.97809E-2 1.49141E-2 7.62889E-3 1.79345E-2 4.11544E-2 3.70391E-2 5.11376E-2 2.43298E-2 3.83191E-2 6.73839E-2 4.76545E-2 2.46221E-2 5.57484E-3
-9999 -9999 -9999 -9999 -9999 -9999 -9999 -9999 -9999 -9999 -9999 -9999 -9999 -9999 -9999 -9999 -9999 -9999 -9999 -9999 -9999 -9999 -9999 -9999 -9999 -9999 -9999 -9999 -9999 -9999 -9999 3.00532E-3 4.9149E-3 6.7032E-3 1.14302E-2 1.71121E-2 1.56416E-2 2.10759E-2 3.13906E-2 3.50704E-2 2.68153E-2 1.01872E-2 3.88571E-3 3.06925E-3 7.07604E-3 1.08611E-2 1.48535E-2 1.07739E-2 1.37377E-2 2.64233E-2 1.90747E-2 7.30096E-3 7.50979E-3 1.87996E-2 4.51271E-2 6.42597E-2 5.38295E-2 5.77826E-3
-9999 -9999 -9999 -9999 -9999 -9999 -9999 -9999 -9999 -9999 -9999 -9999 -9999 -9999 -9999 -9999 -9999 -9999 -9999 -9999 -9999 -9999 -9999 -9999 -9999 -9999 -9999 -9999 -9999 -9999 -9999 -9999 3.69299E-3 7.01037E-3 7.51539E-3 1.37631E-2 1.64227E-2 1.81178E-2 2.71137E-2 2.45127E-2 1.94455E-2 8.66938E-3 4.26706E-3 2.8074E-3 5.85329E-3 1.03631E-2 1.87341E-2 1.08198E-2 1.79007E-2 1.74575E-2 9.4387E-3 6.92902E-3 7.72769E-3 1.12793E-2 2.46858E-2 6.42459E-2 4.96521E-2 1.65458E-2
-9999 -9999 -9999 -9999 -9999 -9999 -9999 -9999 -9999 -9999 -9999 -9999 -9999 -9999 -9999 -9999 -9999 -9999 -9999 -9999 -9999 -9999 -9999 -9999 -9999 -9999 -9999 -9999 -9999 -9999 -9999 -9999 1.04059E-2 7.94305E-3 5.61716E-3 7.12244E-3 1.14272E-2 1.3332E-2 1.92089E-2 1.40509E-2 1.20487E-2 1.0475E-2 4.35159E-3 3.28375E-3 3.09226E-3 9.42848E-3 2.47091E-2 1.42034E-2 1.24959E-2 9.97952E-3 9.44299E-3 1.2737E-2 1.41452E-2 8.95231E-3 6.94841E-3 2.91605E-2 4.09231E-2 2.65278E-2
-9999 -9999 -9999 -9999 -9999 -9999 -9999 -9999 -9999 -9999 -9999 -9999 -9999 -9999 -9999 -9999 -9999 -9999 -9999 -9999 -9999 -9999 -9999 -9999 -9999 -9999 -9999 -9999 -9999 -9999 -9999 -9999 -9999 8.32273E-3 5.90592E-3 5.5094E-3 7.39281E-3 1.03556E-2 1.42414E-2 1.0109E-2 6.88757E-3 3.84407E-3 3.42817E-3 3.47361E-3 3.20371E-3 8.13877E-3 1.11925E-2 2.43024E-2 2.07536E-2 7.41782E-3 6.47747E-3 1.5376E-2 1.88838E-2 1.34627E-2 1.10427E-2 2.18609E-2 3.51319E-2 1.32472E-2
-9999 -9999 -9999 -9999 -9999 -9999 -9999 -9999 -9999 -9999 -9999 -9999 -9999 -9999 -9999 -9999 -9999 -9999 -9999 -9999 -9999 -9999 -9999 -9999 -9999 -9999 -9999 -9999 -9999 -9999 -9999 -9999 -9999 1.29665E-2 1.96507E-2 1.97768E-2 2.00209E-2 2.26442E-2 2.21234E-2 9.87652E-3 7.20788E-3 2.30258E-3 2.63782E-3 3.99345E-3 3.92651E-3 3.15347E-3 1.47745E-2 3.02239E-2 4.66584E-2 1.98854E-2 1.61783E-2 2.53573E-2 9.13925E-3 1.0369E-2 2.38159E-2 3.04356E-2 3.1881E-2 9.16455E-3
-9999 -9999 -9999 -9999 -9999 -9999 -9999 -9999 -9999 -9999 -9999 -9999 -9999 -9999 -9999 -9999 -9999 -9999 -9999 -9999 -9999 -9999 -9999 -9999 -9999 -9999 -9999 -9999 -9999 -9999 -9999 -9999 -9999 -9999 2.10732E-2 2.09544E-2 2.11889E-2 1.82175E-2 1.45647E-2 8.04849E-3 6.36873E-3 2.74228E-3 3.50591E-3 3.90116E-3 5.75664E-3 1.4808E-2 1.32558E-2 2.58044E-2 5.21483E-2 5.0239E-2 5.56178E-2 3.06226E-2 1.45579E-2 1.73138E-2 2.12839E-2 2.1937E-2 2.31524E-2 8.66426E-3
-9999 -9999 -9999 -9999 -9999 -9999 -9999 -9999 -9999 -9999 -9999 -9999 -9999 -9999 -9999 -9999 -9999 -9999 -9999 -9999 -9999 -9999 -9999 -9999 -9999 -9999 -9999 -9999 -9999 -9999 -9999 -9999 -9999 -9999 1.88517E-2 1.21477E-2 1.16746E-2 9.35148E-3 7.49826E-3 7.15559E-3 5.25551E-3 4.64226E-3 8.88749E-3 1.00204E-2 1.56047E-2 1.78861E-2 1.20573E-2 1.53155E-2 2.09538E-2 2.5722E-2 1.95886E-2 1.23141E-2 6.93949E-3 1.37059E-2 2.95652E-2 2.30545E-2 1.93697E-2 5.18261E-2
-9999 -9999 -9999 -9999 -9999 -9999 -9999 -9999 -9999 -9999 -9999 -9999 -9999 -9999 -9999 -9999 -9999 -9999 -9999 -9999 -9999 -9999 -9999 -9999 -9999 -9999 -9999 -9999 -9999 -9999 -9999 -9999 -9999 -9999 8.91276E-3 1.30532E-2 1.36665E-2 9.76005E-3 8.82272E-3 1.35026E-2 8.8848E-3 6.37869E-3 6.80939E-3 1.24261E-2 1.81512E-2 2.31782E-2 1.49094E-2 1.00988E-2 8.08486E-3 7.27152E-3 5.47294E-3 9.58057E-3 4.03707E-3 2.24196E-2 6.95539E-2 8.88145E-2 5.69371E-2 6.66852E-2
-9999 -9999 -9999 -9999 -9999 -9999 -9999 -9999 -9999 -9999 -9999 -9999 -9999 -9999 -9999 -9999 -9999 -9999 -9999 -9999 -9999 -9999 -9999 -9999 -9999 -9999 -9999 -9999 -9999 -9999 -9999 -9999 -9999 -9999 7.27501E-3 1.13207E-2 1.34027E-2 1.70317E-2 1.39956E-2 1.7155E-2 1.78628E-2 1.44973E-2 6.13214E-3 2.64438E-2 3.06225E-2 1.57848E-2 1.25364E-2 1.21274E-2 1.3951E-2 1.31286E-2 9.18834E-3 1.55591E-2 4.7008E-3 4.61868E-2 6.0425E-2 8.17493E-2 4.84787E-2 3.33307E-2
-9999 -9999 -9999 -9999 -9999 -9999 -9999 -9999 -9999 -9999 -9999 -9999 -9999 -9999 -9999 -9999 -9999 -9999 -9999 -9999 -9999 -9999 -9999 -9999 -9999 -9999 -9999 -9999 -9999 -9999 -9999 -9999 -9999 2.89898E-2 2.52038E-2 2.06424E-2 2.20069E-2 3.17132E-2 1.99274E-2 1.07195E-2 2.69326E-2 3.46933E-2 2.12996E-2 2.88587E-2 2.41345E-2 2.80222E-2 1.98252E-2 1.49346E-2 1.41898E-2 8.61093E-3 7.79123E-3 1.80707E-2 1.1429E-2 4.3747E-2 4.68047E-2 3.64348E-2 3.21442E-2 2.39415E-2
-9999 -9999 -9999 -9999 -9999 -9999 -9999 -9999 -9999 -9999 -9999 -9999 -9999 -9999 -9999 -9999 -9999 -9999 -9999 -9999 -9999 -9999 -9999 -9999 -9999 -9999 -9999 -9999 -9999 -9999 -9999 -9999 -9999 2.97167E-2 2.64981E-2 2.41187E-2 2.23047E-2 2.58341E-2 1.46244E-2 9.66816E-3 2.23494E-2 4.59945E-2 3.14441E-2 1.87843E-2 4.09237E-2 4.79952E-2 2.92753E-2 2.35593E-2 1.70686E-2 9.20237E-3 7.86206E-3 6.38054E-3 9.02575E-3 4.1489E-2 4.4134E-2 3.08825E-2 3.94524E-2 3.92154E-2
-9999 -9999 -9999 -9999 -9999 -9999 -9999 -9999 -9999 -9999 -9999 -9999 -9999 -9999 -9999 -9999 -9999 -9999 -9999 -9999 -9999 -9999 1.62054E-1 1.37514E-1 -9999 -9999 -9999 -9999 -9999 -9999 2.14013E-2 1.50865E-2 3.1406E-2 2.87818E-2 2.28287E-2 2.35036E-2 1.96906E-2 1.2975E-2 1.32357E-2 1.90747E-2 2.37155E-2 3.01078E-2 4.01922E-2 3.06449E-2 5.99339E-2 5.59274E-2 3.16046E-2 2.81043E-2 2.66728E-2 1.42872E-2 3.0286E-3 2.79792E-3 6.29611E-3 9.64059E-3 1.98802E-2 3.6651E-2 2.72095E-2 1.76971E-2
-9999 -9999 -9999 -9999 -9999 -9999 -9999 -9999 -9999 -9999 -9999 -9999 -9999 -9999 -9999 -9999 -9999 -9999 1.32007E-1 1.52586E-1 1.81424E-1 1.84901E-1 4.91087E-2 5.88263E-2 7.56011E-2 1.10634E-1 2.1114E-1 8.06422E-2 8.40131E-2 2.83952E-2 1.35466E-2 8.66229E-3 1.78351E-2 1.72763E-2 2.26468E-2 1.77891E-2 1.28904E-2 1.42971E-2 1.38579E-2 2.01026E-2 3.04306E-2 4.20532E-2 5.76661E-2 6.94245E-2 5.2967E-2 5.62994E-2 3.98549E-2 3.41859E-2 3.72678E-2 2.02047E-2 2.46897E-3 2.15698E-3 7.80288E-3 2.09111E-2 1.47561E-2 4.94847E-3 4.83274E-3 1.22187E-2
-9999 -9999 -9999 -9999 -9999 -9999 -9999 -9999 -9999 -9999 -9999 -9999 -9999 -9999 -9999 -9999 8.4867E-2 9.84503E-2 1.47874E-1 1.09959E-1 9.06479E-2 5.79947E-2 5.0168E-2 5.44306E-2 4.70605E-2 8.30576E-2 1.50811E-1 1.53663E-1 1.03258E-1 4.85579E-2 9.60631E-3 1.40799E-2 1.51056E-2 1.7701E-2 1.89992E-2 1.45115E-2 6.06164E-3 1.4977E-2 9.63729E-3 1.71904E-2 3.37258E-2 3.81101E-2 4.41192E-2 5.6061E-2 5.33165E-2 6.70619E-2 5.68689E-2 4.45176E-2 3.69965E-2 1.437E-2 9.27168E-3 4.37209E-3 6.24808E-3 9.56933E-3 1.46869E-2 3.22424E-2 1.89614E-2 1.21624E-2
-9999 -9999 -9999 -9999 -9999 -9999 -9999 -9999 -9999 -9999 -9999 -9999 -9999 -9999 6.55503E-2 1.16099E-1 1.95385E-1 2.20691E-1 1.32531E-1 1.31156E-1 8.20308E-2 7.75641E-2 1.06596E-1 1.18191E-1 1.07311E-1 5.23409E-2 5.29712E-2 1.26854E-1 9.87838E-2 6.14822E-2 2.32749E-2 1.82312E-2 1.60689E-2 2.94718E-2 2.69024E-2 1.02928E-2 4.63341E-3 1.67753E-2 1.83319E-2 1.67206E-2 3.59181E-2 3.92938E-2 3.33282E-2 4.95052E-2 6.01096E-2 7.41587E-2 7.07296E-2 2.86465E-2 2.18628E-2 1.06078E-2 8.56301E-3 1.02699E-2 1.99647E-2 2.39636E-2 3.81883E-2 4.01714E-2 1.96198E-2 6.98599E-3
-9999 -9999 -9999 -9999 -9999 -9999 -9999 -9999 -9999 -9999 -9999 -9999 4.53267E-2 4.05953E-2 4.52204E-2 9.61421E-2 1.37259E-1 1.02043E-1 1.29513E-1 1.12582E-1 5.92378E-2 2.80182E-2 3.91035E-2 1.0713E-1 9.38663E-2 8.87217E-2 3.32322E-2 7.90044E-2 2.92159E-2 1.13291E-2 1.22912E-2 1.34313E-2 2.01119E-2 2.18358E-2 1.78779E-2 6.67475E-3 5.22203E-3 1.25362E-2 1.28923E-2 1.08232E-2 2.54566E-2 4.53629E-2 2.81927E-2 2.9439E-2 6.57455E-2 3.56261E-2 1.26856E-2 1.3887E-2 7.57781E-3 7.97339E-3 6.49077E-3 3.59378E-3 8.41094E-3 2.15668E-2 2.68153E-2 3.89254E-2 1.44863E-2 5.10478E-3
-9999 -9999 -9999 -9999 -9999 -9999 -9999 -9999 -9999 -9999 -9999 8.85698E-2 7.42089E-2 4.56458E-2 8.1807E-2 9.83122E-2 1.33832E-1 9.47109E-2 1.43687E-1 1.10152E-1 2.35085E-2 3.03709E-2 6.8142E-2 1.1401E-1 9.35649E-2 8.06225E-2 7.1332E-2 1.18113E-1 4.16144E-2 1.64658E-2 2.31372E-2 2.01865E-2 4.51245E-2 3.3865E-2 1.79295E-2 6.5379E-3 5.42422E-3 7.2211E-3 8.17116E-3 3.06435E-2 4.79872E-2 2.84028E-2 3.44948E-2 3.98026E-2 1.64433E-2 1.6989E-2 2.7459E-2 1.68922E-2 7.05264E-3 4.72112E-3 4.01643E-3 2.82737E-3 3.10295E-3 6.07025E-3 7.61482E-3 8.28886E-3 6.87893E-3 5.37198E-3
-9999 -9999 -9999 -9999 -9999 -9999 -9999 -9999 -9999 -9999 -9999 1.0193E-1 9.59696E-2 1.05506E-1 8.42538E-2 8.45138E-2 1.5952E-1 1.73663E-1 8.8887E-2 2.85222E-2 2.67829E-2 5.76899E-2 1.13224E-1 1.21826E-1 7.91556E-2 7.54087E-2 8.7906E-2 1.56265E-1 2.16122E-1 1.54835E-1 7.10841E-2 4.50756E-2 4.56723E-2 2.57855E-2 1.91494E-2 1.11005E-2 8.87399E-3 1.3604E-2 1.90444E-2 3.28593E-2 3.4336E-2 2.05168E-2 1.44777E-2 1.78651E-2 8.50154E-3 1.1024E-2 4.2757E-2 2.54897E-2 1.76849E-2 1.01749E-2 4.65033E-3 3.85522E-3 4.82145E-3 5.12567E-3 6.52088E-3 7.53664E-3 1.17624E-2 1.25943E-2
-9999 -9999 -9999 -9999 -9999 -9999 -9999 -9999 -9999 -9999 6.37727E-2 1.21851E-1 1.6106E-1 1.50708E-1 1.08957E-1 1.22991E-1 1.80906E-1 2.14432E-1 1.73565E-1 9.15362E-2 9.8184E-2 7.41904E-2 1.74652E-1 1.56504E-1 1.22697E-1 1.16364E-1 1.50496E-1 1.32111E-1 1.45102E-1 1.59322E-1 1.4514E-1 8.18459E-2 4.66121E-2 3.67017E-2 2.53892E-2 2.73365E-2 1.81475E-2 1.33717E-2 4.43902E-2 3.95942E-2 1.79825E-2 1.32508E-2 9.70906E-3 5.91048E-3 7.17221E-3 1.96248E-2 3.12309E-2 2.39526E-2 1.76703E-2 1.02251E-2 7.05539E-3 1.10752E-2 1.15337E-2 2.05589E-2 2.97098E-2 2.56661E-2 1.50722E-2 1.51505E-2
-9999 -9999 -9999 -9999 -9999 -9999 -9999 -9999 -9999 -9999 -9999 8.11335E-2 8.43438E-2 1.83704E-1 1.70962E-1 1.54171E-1 1.61548E-1 1.5287E-1 1.57291E-1 1.8551E-1 2.21681E-1 2.20536E-1 1.93195E-1 1.88255E-1 1.72221E-1 1.68888E-1 1.6594E-1 1.19321E-1 2.8605E-2 2.62736E-2 2.95739E-2 8.91621E-2 9.83545E-2 4.5699E-2 4.11666E-2 1.93041E-2 1.51815E-2 1.74334E-2 3.16984E-2 1.80921E-2 2.21654E-2 1.01038E-2 8.62669E-3 4.90478E-3 3.58496E-2 1.10374E-2 9.50457E-3 1.94464E-2 1.08205E-2 2.82407E-3 1.10214E-2 1.71255E-2 2.47736E-2 2.30747E-2 5.86377E-2 5.61622E-2 2.42137E-2 2.10629E-2
-9999 -9999 -9999 -9999 -9999 -9999 -9999 -9999 -9999 -9999 -9999 7.41732E-2 6.71819E-2 9.62309E-2 1.91241E-1 1.7626E-1 1.77044E-1 1.5677E-1 1.56699E-1 1.50343E-1 2.04165E-1 2.31694E-1 2.21823E-1 2.07533E-1 1.95688E-1 1.86814E-1 1.63547E-1 1.68132E-1 1.52858E-1 9.81274E-2 6.76187E-2 1.3548E-1 1.04325E-1 5.54991E-2 2.80351E-2 1.59557E-2 1.60686E-2 2.02057E-2 2.34273E-2 2.21128E-2 2.5548E-2 3.28432E-2 3.75071E-2 1.82607E-2 5.29802E-2 2.23874E-2 5.06554E-3 8.6869E-3 9.3794E-3 9.42675E-3 1.69266E-2 1.42849E-2 2.09102E-2 4.1965E-2 4.66974E-2 4.1011E-2 2.49785E-2 4.15497E-2
-9999 -9999 -9999 -9999 -9999 -9999 -9999 -9999 -9999 -9999 -9999 1.41902E-1 1.09302E-1 1.29145E-1 2.113E-1 1.97381E-1 1.46997E-1 2.74686E-1 2.14437E-1 1.4025E-1 1.25499E-1 1.21157E-1 2.1543E-1 2.15186E-1 2.08991E-1 2.0453E-1 1.98042E-1 1.81472E-1 1.65056E-1 9.87813E-2 6.55884E-2 1.20962E-1 1.5117E-1 1.00138E-1 2.18797E-2 1.45442E-2 1.70445E-2 1.87218E-2 2.88613E-2 6.28201E-2 2.87997E-2 1.42956E-2 2.54211E-2 4.37653E-2 3.45912E-2 2.68361E-2 1.51527E-2 7.5286E-3 5.29857E-3 1.14277E-2 4.27317E-3 1.88924E-3 1.41305E-2 4.46636E-2 4.62466E-2 2.66422E-2 5.70941E-3 1.16577E-2
-9999 -9999 -9999 -9999 -9999 -9999 -9999 -9999 -9999 -9999 -9999 1.82789E-1 1.44754E-1 1.24638E-1 1.45999E-1 1.72882E-1 2.67083E-1 2.39891E-1 1.48221E-1 1.33458E-1 1.06936E-1 7.83744E-2 2.05096E-1 2.00201E-1 1.59446E-1 1.81426E-1 2.0494E-1 1.88824E-1 1.75122E-1 1.49504E-1 1.50311E-1 1.14463E-1 6.56819E-2 6.89885E-2 2.77112E-2 1.45976E-2 1.33752E-2 1.16184E-2 1.61673E-2 2.3106E-2 1.89293E-2 5.27844E-3 8.89801E-3 1.14392E-2 1.96492E-2 1.85144E-2 3.58758E-2 1.79886E-2 6.37564E-3 8.68804E-3 4.46185E-3 1.50168E-3 6.69597E-3 3.22523E-2 5.01409E-2 3.44591E-2 8.50166E-3 8.29149E-3
-9999 -9999 -9999 -9999 -9999 -9999 -9999 -9999 -9999 -9999 -9999 1.53401E-1 1.10148E-1 1.01446E-1 1.4039E-1 2.01785E-1 1.54516E-1 9.73576E-2 4.174E-2 6.14839E-2 8.2145E-2 6.20201E-2 4.98691E-2 4.9563E-2 9.95851E-2 1.10788E-1 1.33032E-1 1.39413E-1 1.81691E-1 1.56865E-1 1.74786E-1 6.95721E-2 5.78934E-2 4.89306E-2 3.64924E-2 2.13146E-2 1.4151E-2 1.31302E-2 1.89633E-2 1.26678E-2 1.12015E-2 6.45177E-3 6.44113E-3 2.93771E-3 3.35674E-3 1.77685E-2 1.76124E-2 2.51696E-2 9.12837E-3 9.90688E-3 1.09156E-2 3.87293E-3 2.43455E-3 1.44899E-2 5.30339E-2 1.8121E-2 7.52299E-3 6.25257E-3
