Phytophthora/models/20240429_1921_07/Phytophthora_PA3_RUN9_MAXENT_outputs/Phytophthora_PA3_RUN9.asc
ncols         225
nrows         269
xllcorner     473000.0
yllcorner     4429100.0
cellsize      50.0
NODATA_value  -9999
[rows 108 to 134 of 269, columns 0 to 59 of 225]
-9999 -9999 -9999 -9999 -9999 -9999 -9999 -9999 -9999 -9999 -9999 1.1996E-1 1.3622E-1 1.66672E-1 1.83536E-1 1.69087E-1 1.57478E-1 1.1885E-1 1.10677E-1 1.27043E-1 2.05897E-1 3.03469E-1 2.35702E-1 2.40368E-1 2.2753E-1 2.35089E-1 1.94025E-1 1.71428E-1 1.75231E-1 1.72458E-1 1.3581E-1 1.03892E-1 9.41858E-2 9.24827E-2 9.93514E-2 7.34051E-2 9.39474E-2 8.65382E-2 4.80042E-2 8.4873E-2 7.06273E-2 7.07632E-2 7.75009E-2 1.00821E-1 1.35642E-1 1.29669E-1 9.56881E-2 8.94849E-2 9.67763E-2 1.2566E-1 9.93562E-2 9.31003E-2 8.86078E-2 1.28585E-1 8.38868E-2 6.44433E-2 6.18401E-2 1.06373E-1 1.28026E-1 1.15934E-1
-9999 -9999 -9999 -9999 -9999 -9999 -9999 -9999 -9999 -9999 1.07533E-1 1.2397E-1 1.43912E-1 1.90262E-1 2.05067E-1 1.44909E-1 1.20037E-1 9.94748E-2 1.20348E-1 1.43814E-1 2.31988E-1 2.90754E-1 9.25009E-2 2.74642E-1 1.79354E-1 1.85295E-1 1.67664E-1 1.71984E-1 1.93869E-1 1.34072E-1 9.33686E-2 9.5398E-2 1.093E-1 1.09688E-1 1.15646E-1 8.78977E-2 1.02359E-1 9.13247E-2 4.23472E-2 4.40889E-2 7.40734E-2 6.49621E-2 7.80232E-2 8.95855E-2 1.58891E-1 2.27123E-1 1.98506E-1 1.14836E-1 4.35321E-2 1.51851E-1 1.15461E-1 1.08414E-1 1.72975E-1 1.4544E-1 7.34565E-2 7.61875E-2 6.62219E-2 1.61324E-1 1.3241E-1 8.75081E-2
-9999 -9999 -9999 -9999 -9999 -9999 -9999 -9999 -9999 -9999 1.29515E-1 1.4976E-1 2.3093E-1 2.71748E-1 2.27736E-1 1.4819E-1 1.09991E-1 1.13039E-1 1.36398E-1 1.6385E-1 3.13106E-1 1.17E-1 2.40756E-1 2.14564E-1 1.95369E-1 2.14829E-1 2.03586E-1 1.86481E-1 1.58659E-1 1.09571E-1 1.05156E-1 1.11886E-1 1.2805E-1 1.27555E-1 1.33674E-1 1.08287E-1 1.09928E-1 9.17647E-2 8.36299E-2 8.99556E-2 3.68461E-2 6.55304E-2 2.9069E-2 4.59205E-2 1.04836E-1 2.31654E-1 2.34354E-1 1.69477E-1 1.42929E-1 1.86209E-1 1.10672E-1 1.3853E-1 1.93553E-1 1.61726E-1 8.35123E-2 9.97229E-2 1.48428E-1 1.48956E-1 8.85389E-2 7.62873E-2
-9999 -9999 -9999 -9999 -9999 -9999 -9999 -9999 -9999 4.01172E-1 4.30592E-1 4.52463E-1 4.14941E-1 5.33828E-1 4.50049E-1 3.03137E-1 2.80224E-1 3.1495E-1 3.47078E-1 3.4015E-1 3.30921E-1 2.19357E-1 2.97116E-1 2.51225E-1 2.21257E-1 1.95713E-1 1.67146E-1 1.60038E-1 1.6213E-1 1.64042E-1 3.15175E-1 3.24443E-1 3.32377E-1 3.56466E-1 3.99342E-1 2.94624E-1 3.63453E-1 2.9938E-1 2.80382E-1 2.77788E-1 8.05123E-2 6.42913E-2 1.1965E-1 1.33133E-1 6.3265E-2 1.6083E-1 2.59781E-1 2.30507E-1 2.28934E-1 2.56247E-1 2.03661E-1 2.02616E-1 3.04437E-1 2.66146E-1 1.61065E-1 1.76102E-1 1.54009E-1 9.19424E-2 7.17139E-2 7.34399E-2
-9999 -9999 -9999 -9999 -9999 -9999 -9999 -9999 3.18143E-1 3.97614E-1 4.25191E-1 4.13958E-1 5.49489E-1 4.51772E-1 3.89514E-1 2.53984E-1 2.80564E-1 3.99806E-1 4.30448E-1 5.05453E-1 1.65482E-1 2.98874E-1 2.34193E-1 2.4571E-1 2.17973E-1 1.95061E-1 1.83865E-1 1.87816E-1 2.06404E-1 2.10584E-1 3.46239E-1 3.31606E-1 3.33943E-1 2.31812E-1 4.26356E-1 4.39211E-1 3.57071E-1 2.75951E-1 2.71614E-1 2.78432E-1 1.32358E-1 8.9762E-2 1.32396E-1 1.34321E-1 1.53585E-1 1.43148E-1 2.1146E-1 2.25962E-1 2.02652E-1 2.24981E-1 2.3391E-1 2.46451E-1 3.13568E-1 2.67914E-1 2.22883E-1 1.87147E-1 1.46656E-1 8.20401E-2 8.06208E-2 8.47472E-2
-9999 -9999 -9999 -9999 -9999 -9999 -9999 -9999 3.69148E-1 3.56676E-1 4.35494E-1 5.1333E-1 5.3391E-1 4.28528E-1 3.52863E-1 2.64069E-1 2.98336E-1 4.14647E-1 5.52604E-1 1.61918E-1 2.87761E-1 1.89529E-1 1.88275E-1 2.03982E-1 2.16706E-1 2.07841E-1 2.11774E-1 2.24145E-1 2.53635E-1 2.21079E-1 3.63699E-1 3.11626E-1 3.2332E-1 3.29529E-1 4.48176E-1 4.27475E-1 3.68879E-1 2.94825E-1 2.8562E-1 2.71924E-1 1.36412E-1 1.2347E-1 1.34383E-1 1.34976E-1 1.67367E-1 1.53248E-1 1.67551E-1 2.12919E-1 2.29721E-1 2.18393E-1 2.98636E-1 2.55995E-1 3.05364E-1 2.64664E-1 2.44649E-1 2.07199E-1 1.09197E-1 8.71189E-2 8.3563E-2 9.04145E-2
-9999 -9999 -9999 -9999 -9999 -9999 -9999 -9999 4.15225E-1 3.64301E-1 2.50737E-1 4.78646E-1 4.7139E-1 3.6858E-1 3.21796E-1 2.63382E-1 2.98951E-1 3.94725E-1 2.36671E-1 3.32089E-1 1.98784E-1 1.8112E-1 1.98159E-1 2.36789E-1 2.19869E-1 2.10132E-1 2.91939E-1 1.55524E-1 1.62746E-1 2.16075E-1 3.85611E-1 3.30552E-1 2.00102E-1 3.42992E-1 4.43665E-1 4.55739E-1 4.17029E-1 3.42631E-1 3.03786E-1 3.13647E-1 1.62803E-1 1.3202E-1 1.3914E-1 1.5157E-1 1.76541E-1 1.24258E-1 1.75174E-1 1.79351E-1 2.49173E-1 1.09411E-1 2.90935E-1 3.10538E-1 2.92675E-1 2.6894E-1 2.44989E-1 1.71833E-1 1.24644E-1 8.86588E-2 8.49913E-2 1.01348E-1
-9999 -9999 -9999 -9999 -9999 -9999 -9999 3.08399E-1 3.87574E-1 3.74765E-1 4.63344E-1 4.54674E-1 4.21969E-1 3.37015E-1 3.11629E-1 2.9378E-1 3.12507E-1 1.61362E-1 2.53234E-1 2.60973E-1 1.60506E-1 1.82117E-1 2.08285E-1 1.02991E-1 2.27423E-1 2.25266E-1 2.81405E-1 2.30155E-1 2.28453E-1 2.03774E-1 3.69939E-1 3.176E-1 3.0701E-1 3.44908E-1 4.27485E-1 4.4279E-1 3.8829E-1 3.25763E-1 2.67795E-1 2.12559E-1 1.21994E-1 1.62688E-1 1.52809E-1 1.67702E-1 1.84412E-1 1.4746E-1 1.61134E-1 1.71796E-1 2.54243E-1 1.98204E-1 2.82101E-1 2.82371E-1 1.93415E-1 2.83077E-1 2.68202E-1 1.62109E-1 1.21869E-1 9.68999E-2 1.02539E-1 1.20789E-1
-9999 -9999 -9999 -9999 -9999 -9999 2.16039E-1 2.1724E-1 2.6303E-1 1.89057E-1 4.00191E-1 4.00231E-1 3.67054E-1 2.92471E-1 2.851E-1 3.75507E-1 3.67305E-1 3.2345E-1 3.53354E-1 3.36593E-1 2.31307E-1 2.50363E-1 2.5554E-1 2.9592E-1 2.57316E-1 2.99163E-1 3.1695E-1 2.82616E-1 2.68663E-1 2.30685E-1 2.83742E-1 2.35713E-1 2.28843E-1 3.39354E-1 3.3984E-1 3.91223E-1 2.96892E-1 2.69319E-1 2.74789E-1 3.57393E-1 4.68339E-1 3.97745E-1 3.9145E-1 4.29096E-1 4.68972E-1 4.10566E-1 4.07509E-1 4.4479E-1 5.40705E-1 4.99421E-1 4.96829E-1 4.71249E-1 5.03389E-1 5.05762E-1 4.71392E-1 3.91828E-1 3.26589E-1 2.60915E-1 2.45743E-1 2.42998E-1
-9999 -9999 -9999 -9999 -9999 -9999 -9999 2.86046E-1 3.16384E-1 3.58905E-1 4.30379E-1 3.8132E-1 3.28848E-1 2.96386E-1 3.01671E-1 3.49416E-1 3.3291E-1 2.61017E-1 2.85301E-1 2.28047E-1 1.70154E-1 2.22841E-1 2.84931E-1 2.69125E-1 2.48693E-1 2.56108E-1 2.93168E-1 2.81863E-1 2.73106E-1 2.03801E-1 2.43044E-1 2.08873E-1 2.27578E-1 3.10978E-1 3.062E-1 3.68554E-1 2.35996E-1 2.39934E-1 2.63532E-1 3.3107E-1 4.55266E-1 4.12156E-1 4.36241E-1 4.87024E-1 4.89891E-1 4.07429E-1 3.00838E-1 4.60351E-1 2.10672E-1 4.64189E-1 5.26032E-1 4.87637E-1 5.16045E-1 5.13469E-1 4.62135E-1 3.46947E-1 2.39477E-1 1.82971E-1 1.8673E-1 1.97684E-1
-9999 -9999 -9999 -9999 -9999 -9999 -9999 -9999 3.45047E-1 3.70689E-1 4.23497E-1 3.29008E-1 2.90787E-1 2.73881E-1 3.88548E-1 2.86029E-1 2.24371E-1 2.35797E-1 2.66891E-1 2.87118E-1 2.22358E-1 2.48319E-1 2.60248E-1 2.31654E-1 2.29922E-1 1.73305E-1 2.35809E-1 2.30824E-1 2.44035E-1 1.66805E-1 2.57787E-1 2.25657E-1 2.9468E-1 2.69062E-1 2.64362E-1 2.23374E-1 2.1768E-1 2.57283E-1 3.05738E-1 3.79229E-1 5.11217E-1 4.599E-1 2.8127E-1 5.18234E-1 5.12051E-1 3.99146E-1 3.93591E-1 5.78378E-1 3.33752E-1 4.3602E-1 4.08091E-1 3.41201E-1 4.43919E-1 3.06039E-1 3.58893E-1 2.5817E-1 2.1929E-1 1.99954E-1 2.37129E-1 2.79435E-1
-9999 -9999 -9999 -9999 -9999 -9999 -9999 -9999 -9999 3.96144E-1 3.89001E-1 3.13387E-1 3.1321E-1 4.16588E-1 4.61103E-1 2.24627E-1 2.42293E-1 2.83207E-1 3.15886E-1 3.106E-1 2.17998E-1 2.39539E-1 2.23108E-1 1.96278E-1 1.96036E-1 1.83497E-1 2.06104E-1 1.95948E-1 2.1796E-1 1.85718E-1 3.01736E-1 2.70736E-1 2.26225E-1 2.57866E-1 2.57529E-1 2.14637E-1 2.30732E-1 2.76506E-1 3.25884E-1 2.77365E-1 5.27085E-1 4.51067E-1 4.90922E-1 4.88785E-1 4.64567E-1 3.54153E-1 3.47519E-1 4.63201E-1 3.31836E-1 3.65648E-1 3.78515E-1 3.80102E-1 2.14067E-1 2.06831E-1 1.98915E-1 1.51167E-1 7.55565E-2 2.04758E-1 1.53233E-1 2.62931E-1
-9999 -9999 -9999 -9999 -9999 -9999 -9999 -9999 -9999 -9999 3.67008E-1 3.42302E-1 3.44302E-1 3.58476E-1 3.53623E-1 2.10734E-1 2.47996E-1 2.88567E-1 2.92844E-1 2.95522E-1 2.1395E-1 2.15476E-1 2.16665E-1 1.91698E-1 1.56315E-1 1.64714E-1 2.13719E-1 1.90444E-1 1.70444E-1 1.86027E-1 2.24445E-1 2.24723E-1 2.5396E-1 2.33918E-1 2.13866E-1 2.55178E-1 2.55864E-1 3.08526E-1 3.40382E-1 3.50597E-1 5.09701E-1 3.85856E-1 4.90168E-1 4.43585E-1 3.79749E-1 3.14272E-1 4.82058E-1 2.20332E-1 3.33407E-1 3.83322E-1 2.11284E-1 2.02617E-1 1.85234E-1 1.76915E-1 1.64407E-1 1.75876E-1 2.26369E-1 2.90672E-1 2.99218E-1 3.17735E-1
-9999 -9999 -9999 -9999 -9999 -9999 -9999 -9999 -9999 -9999 -9999 2.8862E-1 4.8962E-1 5.51751E-1 3.25222E-1 2.84906E-1 2.37301E-1 2.613E-1 2.67143E-1 2.96876E-1 3.69634E-1 3.48695E-1 3.08336E-1 2.9219E-1 3.17164E-1 3.27985E-1 4.21744E-1 3.4925E-1 3.32511E-1 2.53615E-1 2.45245E-1 2.90564E-1 3.36773E-1 2.56026E-1 2.81491E-1 3.00139E-1 2.85129E-1 3.45574E-1 4.1971E-1 5.59974E-1 4.85928E-1 3.79937E-1 5.14587E-1 4.64291E-1 3.37055E-1 3.28181E-1 1.42777E-1 1.84466E-1 2.22649E-1 2.02096E-1 1.82598E-1 2.04789E-1 1.96716E-1 2.15112E-1 2.12765E-1 2.88359E-1 2.77735E-1 3.19915E-1 3.33468E-1 3.61636E-1
-9999 -9999 -9999 -9999 -9999 -9999 -9999 -9999 -9999 -9999 -9999 -9999 2.75179E-1 4.84759E-1 4.44065E-1 3.50619E-1 2.40916E-1 2.56697E-1 2.54207E-1 3.02508E-1 4.0243E-1 3.84306E-1 3.47738E-1 3.47087E-1 3.58471E-1 3.53897E-1 5.04733E-1 3.40663E-1 3.45339E-1 2.50507E-1 2.73311E-1 2.87906E-1 2.47228E-1 2.79394E-1 2.73135E-1 3.35733E-1 3.20289E-1 4.15749E-1 4.19713E-1 5.63302E-1 3.86812E-1 3.27228E-1 4.63115E-1 4.11872E-1 1.3694E-1 1.36854E-1 1.7632E-1 2.11546E-1 2.02175E-1 2.36929E-1 2.41253E-1 2.62133E-1 2.73879E-1 3.14763E-1 4.46303E-1 3.7742E-1 3.47936E-1 3.31673E-1 3.41671E-1 4.18593E-1
-9999 -9999 -9999 -9999 -9999 -9999 -9999 -9999 -9999 -9999 -9999 -9999 5.94657E-1 2.93558E-1 4.58548E-1 2.76611E-1 2.00845E-1 2.17013E-1 2.4912E-1 3.13212E-1 3.53577E-1 4.02526E-1 4.00192E-1 3.98649E-1 4.02941E-1 3.55595E-1 3.60196E-1 2.93292E-1 3.48138E-1 2.8992E-1 2.0872E-1 1.95957E-1 2.34523E-1 2.59753E-1 2.81637E-1 2.38612E-1 3.64929E-1 5.27663E-1 5.44262E-1 4.78889E-1 3.45828E-1 3.06288E-1 4.39669E-1 3.446E-1 1.73484E-1 1.61478E-1 2.94265E-1 2.04049E-1 2.33694E-1 2.76464E-1 2.82469E-1 2.99788E-1 3.22636E-1 1.98271E-1 3.97171E-1 3.31413E-1 3.30217E-1 3.43249E-1 3.67169E-1 5.31379E-1
-9999 -9999 -9999 -9999 -9999 -9999 -9999 -9999 -9999 -9999 -9999 -9999 -9999 3.35418E-1 2.99897E-1 1.9757E-1 1.74195E-1 2.32509E-1 2.96758E-1 3.48368E-1 3.19724E-1 4.2066E-1 4.44291E-1 4.04023E-1 4.30251E-1 3.80492E-1 5.63504E-1 2.69004E-1 4.02521E-1 1.40025E-1 1.3518E-1 1.42941E-1 1.67929E-1 2.07358E-1 2.90907E-1 3.69422E-1 2.17357E-1 2.62088E-1 5.36595E-1 3.75385E-1 3.20606E-1 3.07666E-1 3.76231E-1 9.87747E-2 1.01626E-1 2.71024E-1 1.48015E-1 1.66951E-1 2.27744E-1 2.90791E-1 3.09789E-1 3.20404E-1 3.41233E-1 3.46653E-1 3.16341E-1 3.14886E-1 3.22152E-1 3.25775E-1 4.57001E-1 4.93505E-1
-9999 -9999 -9999 -9999 -9999 -9999 -9999 -9999 -9999 -9999 -9999 -9999 -9999 -9999 2.33833E-1 1.76565E-1 1.79103E-1 2.59892E-1 3.01058E-1 3.47113E-1 4.37272E-1 4.55563E-1 4.7338E-1 4.75669E-1 3.15385E-1 4.01744E-1 4.6236E-1 3.48463E-1 2.30976E-1 1.49639E-1 1.10451E-1 1.28829E-1 1.69137E-1 2.37716E-1 3.09408E-1 3.72555E-1 3.97071E-1 5.51854E-1 5.24579E-1 3.22418E-1 3.05039E-1 3.31843E-1 1.08157E-1 1.23762E-1 1.90236E-1 1.1545E-1 1.51682E-1 2.16784E-1 2.68652E-1 3.07379E-1 3.29874E-1 3.34218E-1 3.32813E-1 3.35633E-1 3.27437E-1 3.04636E-1 3.04537E-1 3.33511E-1 4.35613E-1 4.27504E-1
-9999 -9999 -9999 -9999 -9999 -9999 -9999 -9999 -9999 -9999 -9999 -9999 -9999 -9999 2.58711E-1 2.24328E-1 2.24009E-1 3.16351E-1 3.33185E-1 3.85197E-1 4.82382E-1 5.19582E-1 4.28175E-1 5.81234E-1 5.57053E-1 3.61316E-1 2.77575E-1 2.35706E-1 1.74984E-1 1.21237E-1 8.93581E-2 1.37055E-1 1.81051E-1 2.30549E-1 2.55025E-1 3.39753E-1 3.5832E-1 4.8654E-1 4.78459E-1 2.64128E-1 2.17094E-1 2.47855E-1 1.53115E-1 1.13535E-1 7.87342E-2 7.75919E-2 1.00139E-1 1.59287E-1 2.10363E-1 2.33444E-1 3.0976E-1 2.99291E-1 3.10073E-1 3.24629E-1 3.10869E-1 2.73763E-1 2.56941E-1 2.31613E-1 3.7325E-1 4.04061E-1
-9999 -9999 -9999 -9999 -9999 -9999 -9999 -9999 -9999 -9999 -9999 -9999 -9999 -9999 2.55016E-1 2.24548E-1 2.42293E-1 3.21079E-1 3.36262E-1 3.98946E-1 5.19035E-1 4.45365E-1 6.41432E-1 6.78407E-1 2.95172E-1 1.32098E-1 3.25257E-1 2.2979E-1 1.83669E-1 1.38718E-1 1.15493E-1 1.58497E-1 1.79687E-1 2.11962E-1 2.48791E-1 3.06017E-1 3.26437E-1 4.51149E-1 4.18041E-1 2.54239E-1 3.51142E-1 1.657E-1 1.0202E-1 8.3933E-2 6.89032E-2 9.72093E-2 1.4263E-1 2.29231E-1 2.1277E-1 2.61627E-1 3.33531E-1 3.06428E-1 2.25695E-1 3.48783E-1 3.11623E-1 2.70491E-1 2.55934E-1 2.5555E-1 3.84653E-1 3.08068E-1
-9999 -9999 -9999 -9999 -9999 -9999 -9999 -9999 -9999 -9999 -9999 -9999 -9999 -9999 2.50576E-1 2.49906E-1 2.92312E-1 3.3444E-1 3.63102E-1 4.21313E-1 4.36854E-1 5.31344E-1 2.07276E-1 5.79995E-1 5.25735E-1 3.83655E-1 3.26912E-1 2.02231E-1 1.66003E-1 1.3423E-1 1.25921E-1 1.49838E-1 1.74428E-1 2.08112E-1 2.07147E-1 2.58684E-1 2.95872E-1 3.92609E-1 3.55246E-1 3.20798E-1 1.39023E-1 1.04004E-1 8.57294E-2 7.48573E-2 9.00142E-2 1.28191E-1 2.10947E-1 2.43092E-1 2.49084E-1 2.92588E-1 3.3168E-1 3.08506E-1 1.81506E-1 3.70005E-1 3.15313E-1 2.66066E-1 2.25862E-1 1.98138E-1 2.27116E-1 1.48967E-1
-9999 -9999 -9999 -9999 -9999 -9999 -9999 -9999 -9999 -9999 -9999 -9999 -9999 4.79281E-1 3.36565E-1 3.379E-1 3.17419E-1 3.46536E-1 3.78767E-1 4.27344E-1 4.89806E-1 3.00603E-1 4.01929E-1 3.87141E-1 3.26152E-1 2.19966E-1 2.47374E-1 3.41137E-1 2.00641E-1 1.8476E-1 1.63442E-1 2.07283E-1 1.57899E-1 1.56103E-1 1.69107E-1 2.02394E-1 2.857E-1 1.11495E-1 2.79501E-1 1.47229E-1 1.14833E-1 1.20072E-1 1.27342E-1 1.11214E-1 1.29173E-1 1.60808E-1 2.20308E-1 2.70101E-1 2.92344E-1 3.53955E-1 3.3344E-1 3.25057E-1 3.52002E-1 3.69707E-1 3.05135E-1 2.67582E-1 2.30128E-1 2.00797E-1 2.03205E-1 -9999
-9999 -9999 -9999 -9999 -9999 -9999 -9999 -9999 -9999 -9999 -9999 -9999 4.38619E-1 3.02896E-1 3.27693E-1 2.54847E-1 4.44814E-1 4.88578E-1 3.22033E-1 2.54799E-1 2.74759E-1 3.56869E-1 3.60969E-1 2.0971E-1 2.25013E-1 2.56455E-1 4.5538E-1 2.26915E-1 3.6269E-1 2.4377E-1 2.35021E-1 2.67506E-1 1.90235E-1 1.58955E-1 1.2918E-1 1.48512E-1 1.81756E-1 8.64515E-2 1.67618E-1 1.36322E-1 1.4534E-1 1.70058E-1 1.95136E-1 1.67088E-1 1.72347E-1 1.73794E-1 2.18404E-1 2.56758E-1 3.36261E-1 3.74861E-1 3.51597E-1 2.95272E-1 4.02277E-1 3.45054E-1 2.82394E-1 2.46608E-1 2.12376E-1 1.96585E-1 2.16858E-1 2.56782E-1
-9999 -9999 -9999 -9999 -9999 -9999 -9999 -9999 -9999 -9999 -9999 4.05813E-1 4.74985E-1 2.73948E-1 2.46971E-1 2.22882E-1 3.89464E-1 3.61584E-1 3.11099E-1 2.44628E-1 2.25574E-1 3.65065E-1 3.95567E-1 3.64922E-1 2.55095E-1 3.8461E-1 3.02579E-1 1.7915E-1 3.09577E-1 4.33583E-1 1.72917E-1 3.62901E-1 2.31096E-1 2.19064E-1 1.75773E-1 1.53738E-1 2.50686E-1 2.99342E-1 1.87081E-1 1.92547E-1 2.2751E-1 2.27346E-1 3.02023E-1 2.00057E-1 1.91348E-1 1.36019E-1 1.75003E-1 2.28651E-1 3.56605E-1 3.18482E-1 2.52446E-1 2.72872E-1 3.64837E-1 2.40905E-1 2.03004E-1 1.89523E-1 1.61386E-1 1.67489E-1 2.00349E-1 2.34142E-1
-9999 -9999 -9999 -9999 -9999 -9999 -9999 -9999 -9999 -9999 3.92981E-1 2.91247E-1 2.13238E-1 3.11335E-1 2.89357E-1 2.82505E-1 3.51307E-1 3.48952E-1 3.96053E-1 2.48417E-1 3.09347E-1 5.00079E-1 3.52849E-1 3.57727E-1 3.05477E-1 3.09015E-1 3.68923E-1 2.07519E-1 1.76097E-1 3.33684E-1 3.19346E-1 3.89769E-1 3.34112E-1 2.5771E-1 2.06872E-1 1.95345E-1 2.45028E-1 3.64408E-1 2.7646E-1 2.61905E-1 3.63206E-1 3.43457E-1 3.24563E-1 2.27642E-1 2.0138E-1 1.51198E-1 1.80403E-1 2.67918E-1 3.32997E-1 2.89477E-1 2.49397E-1 3.4904E-1 4.00922E-1 2.51161E-1 1.89989E-1 2.05961E-1 1.60453E-1 1.55184E-1 1.81764E-1 3.23848E-1
-9999 -9999 -9999 -9999 -9999 -9999 -9999 -9999 -9999 -9999 4.03942E-1 2.99772E-1 2.91462E-1 2.85095E-1 3.31424E-1 3.50548E-1 2.29764E-1 2.12647E-1 1.95762E-1 2.81716E-1 2.91995E-1 3.34166E-1 3.46291E-1 3.90565E-1 3.41518E-1 1.00196E-1 1.48142E-1 2.33703E-1 2.2041E-1 1.67279E-1 3.255E-1 3.66221E-1 1.26425E-1 1.83166E-1 2.08215E-1 2.28375E-1 3.95399E-1 4.12434E-1 4.00642E-1 4.3021E-1 3.95104E-1 3.93645E-1 2.86419E-1 2.71207E-1 1.84233E-1 1.87709E-1 1.9059E-1 3.15687E-1 3.44315E-1 2.58771E-1 1.10691E-1 4.14726E-1 3.10538E-1 2.29768E-1 1.69792E-1 1.7224E-1 1.46124E-1 1.58563E-1 2.66074E-1 3.42904E-1
-9999 -9999 -9999 -9999 -9999 -9999 -9999 -9999 -9999 7.53904E-2 3.7329E-1 3.06349E-1 1.97169E-1 3.48007E-1 2.05312E-1 4.23098E-1 4.8905E-1 3.4672E-1 3.31572E-1 3.33523E-1 3.7352E-1 4.14093E-1 4.40658E-1 4.42749E-1 3.77816E-1 2.89593E-1 2.88033E-1 1.51065E-1 1.1939E-1 2.27617E-1 1.94807E-1 3.41228E-1 1.8491E-1 1.72929E-1 1.94332E-1 -9999 3.37289E-1 3.83866E-1 4.24979E-1 4.64597E-1 4.00583E-1 3.67612E-1 3.02111E-1 2.70552E-1 2.46562E-1 2.32308E-1 3.06683E-1 3.02608E-1 2.45606E-1 2.61058E-1 2.66941E-1 3.94576E-1 2.76308E-1 2.13743E-1 1.77941E-1 1.86151E-1 1.61512E-1 1.5268E-1 1.21331E-1 3.68235E-1
