Phytophthora/models/20240429_1921_07/Phytophthora_PA3_RUN9_MAXENT_outputs/Phytophthora_PA3_RUN9.asc
ncols         225
nrows         269
xllcorner     473000.0
yllcorner     4429100.0
cellsize      50.0
NODATA_value  -9999
[rows 189 to 215 of 269, columns 60 to 119 of 225]
5.95229E-1 6.08046E-1 6.09813E-1 6.3225E-1 7.22333E-1 5.91496E-1 5.05957E-1 4.57157E-1 4.80922E-1 6.52088E-1 4.6458E-1 5.86012E-1 6.07115E-1 5.96096E-1 5.34043E-1 5.41748E-1 4.80941E-1 4.55136E-1 4.94362E-1 2.07276E-1 3.32942E-1 3.47052E-1 3.58822E-1 3.72556E-1 6.21961E-1 4.77401E-1 4.61506E-1 3.79467E-1 3.65923E-1 4.59085E-1 4.45504E-1 4.99833E-1 5.55054E-1 5.57448E-1 6.06826E-1 6.19108E-1 3.89176E-1 2.49559E-1 3.6518E-1 6.18245E-1 1.7792E-1 3.60944E-1 3.92272E-1 5.11778E-1 4.6133E-1 2.81496E-1 4.90483E-1 2.99888E-1 3.34856E-1 3.40891E-1 3.74285E-1 4.03669E-1 5.92603E-1 6.4956E-1 5.36839E-1 3.22711E-1 5.03051E-1 4.36137E-1 4.32925E-1 4.95595E-1
5.7402E-1 6.0614E-1 5.99324E-1 6.56762E-1 6.84817E-1 5.455E-1 4.83404E-1 4.63197E-1 4.86941E-1 6.04782E-1 7.50203E-1 7.39296E-1 6.83496E-1 6.62832E-1 5.66934E-1 5.79478E-1 5.07925E-1 5.09108E-1 3.8791E-1 3.73353E-1 3.61877E-1 3.67631E-1 3.90407E-1 3.54123E-1 4.63466E-1 4.32543E-1 4.35974E-1 3.97125E-1 4.45365E-1 5.22761E-1 4.69983E-1 5.09498E-1 5.5743E-1 5.5266E-1 2.22104E-1 4.14138E-1 4.25511E-1 3.47607E-1 3.24376E-1 3.55468E-1 3.52611E-1 2.138E-1 4.8184E-1 4.5073E-1 4.68358E-1 4.77624E-1 4.29363E-1 5.03926E-1 3.93006E-1 2.65451E-1 2.99133E-1 2.93264E-1 3.96182E-1 4.47477E-1 1.92716E-1 5.01563E-1 5.254E-1 4.1391E-1 4.2087E-1 4.41328E-1
5.7465E-1 5.84495E-1 5.98362E-1 6.94628E-1 6.61997E-1 6.32255E-1 5.89417E-1 5.65121E-1 5.62192E-1 6.19393E-1 4.8504E-1 6.70328E-1 6.36928E-1 7.2422E-1 4.57978E-1 5.80002E-1 4.38325E-1 4.12021E-1 4.95402E-1 4.43032E-1 4.1657E-1 4.24059E-1 4.41557E-1 4.21381E-1 4.60422E-1 4.75754E-1 4.97715E-1 4.34107E-1 6.10189E-1 5.62654E-1 5.18438E-1 6.01593E-1 6.50064E-1 3.02096E-1 5.474E-1 4.34282E-1 3.55313E-1 3.60069E-1 3.92534E-1 4.31742E-1 4.70896E-1 4.83715E-1 4.68913E-1 5.12663E-1 5.05226E-1 5.35189E-1 3.68662E-1 3.41256E-1 2.28775E-1 3.74718E-1 2.4865E-1 2.60808E-1 3.38798E-1 3.67398E-1 3.85402E-1 2.22655E-1 4.6062E-1 3.41473E-1 3.94368E-1 4.17453E-1
5.98355E-1 5.54129E-1 6.36328E-1 3.50387E-1 3.65471E-1 4.21434E-1 4.14049E-1 4.85599E-1 6.02228E-1 6.61452E-1 3.61856E-1 6.30975E-1 5.4182E-1 4.88336E-1 5.66062E-1 6.33575E-1 4.09342E-1 4.60979E-1 4.81456E-1 4.47161E-1 4.04033E-1 4.02013E-1 4.10691E-1 4.25266E-1 4.38973E-1 3.83157E-1 4.24229E-1 3.83172E-1 6.63346E-1 5.18171E-1 5.26857E-1 5.12012E-1 5.49664E-1 5.87215E-1 1.97174E-1 1.85372E-1 4.22724E-1 3.11509E-1 3.49496E-1 4.02411E-1 4.85001E-1 4.79451E-1 5.08709E-1 4.59555E-1 3.96165E-1 5.43234E-1 3.63763E-1 3.31761E-1 3.07369E-1 3.49763E-1 2.6982E-1 2.87444E-1 2.74189E-1 3.10779E-1 3.40048E-1 1.25232E-1 4.45156E-1 4.00083E-1 4.09561E-1 3.30159E-1
6.23855E-1 5.73391E-1 6.18631E-1 4.90617E-1 3.20805E-1 3.10994E-1 6.6694E-1 7.7016E-1 7.62985E-1 3.77794E-1 4.17724E-1 7.66094E-1 6.50745E-1 5.43833E-1 6.59251E-1 6.37813E-1 3.96115E-1 6.66081E-1 4.68769E-1 4.51891E-1 3.92467E-1 4.81641E-1 5.66002E-1 5.76067E-1 5.355E-1 4.63132E-1 4.58329E-1 4.14198E-1 6.63334E-1 5.36406E-1 5.3419E-1 5.22215E-1 5.2313E-1 5.95598E-1 1.93416E-1 2.58209E-1 4.74816E-1 4.51468E-1 4.3803E-1 3.71105E-1 4.25947E-1 4.08231E-1 3.70088E-1 4.3866E-1 4.30569E-1 2.77653E-1 3.61074E-1 2.84108E-1 2.42787E-1 2.38979E-1 2.62352E-1 3.07307E-1 4.00971E-1 3.87647E-1 3.96974E-1 4.22045E-1 5.99186E-1 4.63038E-1 3.69512E-1 3.17617E-1
6.70611E-1 5.22404E-1 5.7644E-1 3.49956E-1 3.59545E-1 5.16907E-1 7.14823E-1 6.71355E-1 6.81593E-1 7.43697E-1 5.79878E-1 6.37849E-1 6.97351E-1 6.34369E-1 5.18838E-1 5.05005E-1 6.11047E-1 6.44174E-1 4.87768E-1 5.0166E-1 5.2443E-1 5.98621E-1 5.10144E-1 6.62525E-1 6.21366E-1 5.60532E-1 5.07325E-1 5.64508E-1 6.7991E-1 6.76301E-1 5.13656E-1 4.78543E-1 4.49597E-1 4.57862E-1 2.10039E-1 3.64464E-1 3.48885E-1 3.29597E-1 3.38314E-1 3.23916E-1 3.80264E-1 3.42347E-1 3.88162E-1 4.12496E-1 4.39858E-1 2.87341E-1 3.87506E-1 2.48824E-1 2.73366E-1 2.91463E-1 3.18746E-1 3.49151E-1 3.62123E-1 4.43308E-1 4.39533E-1 4.16089E-1 4.07482E-1 4.27643E-1 3.72043E-1 3.2173E-1
6.21335E-1 4.81186E-1 3.58251E-1 3.76781E-1 3.87176E-1 6.3447E-1 6.43195E-1 6.72135E-1 6.55406E-1 4.91953E-1 4.70169E-1 5.28805E-1 5.29888E-1 5.4652E-1 5.18257E-1 5.38829E-1 5.3904E-1 4.3989E-1 4.80715E-1 3.08464E-1 5.27841E-1 5.85669E-1 6.62244E-1 6.66147E-1 6.18573E-1 5.82585E-1 5.4189E-1 5.68755E-1 6.0644E-1 5.71655E-1 5.04021E-1 4.62167E-1 4.26818E-1 4.06655E-1 1.54202E-1 3.18208E-1 2.80217E-1 2.99474E-1 3.18048E-1 2.75175E-1 3.48098E-1 3.13834E-1 3.14577E-1 3.46769E-1 2.0219E-1 1.14676E-1 2.35266E-1 3.07172E-1 3.15379E-1 3.48881E-1 3.96764E-1 4.11664E-1 4.16686E-1 4.17928E-1 4.3105E-1 4.20982E-1 2.91557E-1 3.63014E-1 3.69762E-1 3.47724E-1
4.81601E-1 4.69145E-1 4.62607E-1 4.40792E-1 4.83862E-1 7.32539E-1 7.79162E-1 6.61012E-1 6.25852E-1 5.63372E-1 5.51583E-1 5.33169E-1 5.33305E-1 5.21624E-1 5.23652E-1 5.39378E-1 3.33659E-1 5.64418E-1 5.93431E-1 6.43149E-1 7.18639E-1 6.89077E-1 6.28618E-1 6.83011E-1 6.78143E-1 7.71832E-1 6.10819E-1 6.10314E-1 5.17596E-1 5.05496E-1 4.72201E-1 4.54484E-1 3.96055E-1 4.35788E-1 1.73621E-1 2.31801E-1 2.15347E-1 2.44435E-1 3.03143E-1 2.44648E-1 1.80599E-1 1.59416E-1 1.63243E-1 1.50354E-1 1.54034E-1 1.08735E-1 2.82571E-1 3.34917E-1 3.44541E-1 3.82177E-1 4.82411E-1 4.74866E-1 4.57739E-1 4.46064E-1 2.04944E-1 2.91742E-1 2.89151E-1 1.77312E-1 3.12196E-1 2.89782E-1
1.8048E-1 5.9717E-1 5.18914E-1 5.05901E-1 6.54285E-1 7.60496E-1 5.62837E-1 7.56571E-1 7.66044E-1 7.1771E-1 7.0953E-1 6.30696E-1 4.70868E-1 4.54959E-1 4.53933E-1 4.87559E-1 7.16706E-1 6.97516E-1 6.46138E-1 6.67114E-1 6.28144E-1 6.15082E-1 6.10798E-1 7.11656E-1 7.30638E-1 5.02368E-1 4.3926E-1 4.49037E-1 5.24711E-1 6.07814E-1 5.10071E-1 4.39516E-1 3.84668E-1 4.01496E-1 2.7101E-1 2.05796E-1 1.50168E-1 1.71768E-1 2.03935E-1 2.65918E-1 9.86472E-2 1.53727E-1 1.58377E-1 2.12631E-1 1.65079E-1 2.57657E-1 4.07443E-1 3.93693E-1 4.17282E-1 4.27835E-1 5.39826E-1 5.87417E-1 5.88513E-1 3.14987E-1 4.50603E-1 1.89972E-1 1.61494E-1 2.05484E-1 1.16495E-1 3.28542E-1
6.85478E-1 6.76399E-1 7.21365E-1 6.39525E-1 6.05533E-1 7.82207E-1 6.25499E-1 7.1544E-1 5.78853E-1 5.81502E-1 5.13026E-1 4.52406E-1 4.23186E-1 4.6637E-1 4.64672E-1 7.54163E-1 7.16023E-1 7.26527E-1 6.70008E-1 6.28596E-1 5.94168E-1 6.12505E-1 5.61146E-1 4.17267E-1 4.30955E-1 3.79744E-1 3.38495E-1 3.73769E-1 5.66024E-1 4.85395E-1 3.99873E-1 3.7455E-1 3.58511E-1 3.49707E-1 2.92346E-1 1.51707E-1 1.26255E-1 1.32448E-1 1.46148E-1 1.37882E-1 1.35509E-1 2.22685E-1 5.95794E-2 1.56868E-1 1.90822E-1 2.87893E-1 3.64004E-1 3.63374E-1 4.3733E-1 4.5681E-1 3.36172E-1 4.15513E-1 4.86515E-1 4.21078E-1 4.53282E-1 3.18416E-1 2.08604E-1 2.09169E-1 2.32992E-1 1.07372E-1
5.61539E-1 5.26596E-1 5.9159E-1 6.39149E-1 5.10398E-1 4.35569E-1 5.40456E-1 5.12894E-1 4.52577E-1 4.15986E-1 3.84305E-1 3.54886E-1 4.13382E-1 5.46561E-1 7.17485E-1 7.24672E-1 7.37602E-1 7.46474E-1 7.17719E-1 6.31751E-1 5.75611E-1 5.97195E-1 7.19317E-1 6.28478E-1 4.07984E-1 3.37202E-1 4.25889E-1 5.1761E-1 4.57373E-1 4.35727E-1 3.72699E-1 3.97795E-1 3.75981E-1 2.86759E-1 2.20746E-1 1.24875E-1 1.02468E-1 9.22917E-2 1.03028E-1 9.32472E-2 1.04305E-1 1.54077E-1 1.36371E-1 2.08402E-1 2.06217E-1 2.82942E-1 3.25447E-1 3.74231E-1 4.80619E-1 4.72725E-1 4.55576E-1 4.40659E-1 2.47396E-1 4.55318E-1 3.55893E-1 1.97631E-1 1.49032E-1 2.57843E-1 2.09708E-1 3.11119E-1
4.9329E-1 5.11019E-1 4.96503E-1 7.32571E-1 5.31057E-1 5.01164E-1 4.72677E-1 4.41868E-1 4.42149E-1 4.07407E-1 3.69584E-1 3.66413E-1 6.04174E-1 6.43847E-1 7.50999E-1 6.22807E-1 7.25245E-1 7.39225E-1 7.71751E-1 7.37442E-1 7.12295E-1 5.53824E-1 5.36479E-1 3.21549E-1 2.79778E-1 2.71813E-1 4.88526E-1 4.50553E-1 4.68144E-1 4.06545E-1 2.72327E-1 2.73132E-1 2.69912E-1 2.87006E-1 1.62525E-1 9.96527E-2 7.75048E-2 6.1184E-2 6.77184E-2 6.94741E-2 8.04732E-2 1.17474E-1 2.72339E-1 1.86264E-1 2.26183E-1 2.83439E-1 3.36103E-1 4.05539E-1 5.06016E-1 4.52816E-1 3.89262E-1 4.16755E-1 1.30453E-1 3.93592E-1 2.48172E-1 1.32556E-1 9.97338E-2 2.29113E-1 1.72885E-1 2.26554E-1
4.9127E-1 5.06274E-1 3.57649E-1 5.22963E-1 4.49026E-1 4.6636E-1 4.64408E-1 4.14908E-1 3.97296E-1 3.31979E-1 2.81304E-1 5.18703E-1 4.29322E-1 5.68692E-1 6.10403E-1 6.26551E-1 6.44254E-1 6.42689E-1 6.34838E-1 6.08521E-1 2.7009E-1 3.07824E-1 1.96173E-1 1.73173E-1 2.37535E-1 4.6123E-1 3.9128E-1 4.21692E-1 4.4172E-1 3.73238E-1 3.59162E-1 3.2301E-1 2.34895E-1 3.3519E-1 1.90802E-1 1.00539E-1 7.98231E-2 6.84902E-2 7.33935E-2 7.56709E-2 1.58385E-1 2.11849E-1 4.64125E-1 3.4293E-1 3.46689E-1 3.63581E-1 4.5552E-1 6.28142E-1 5.05172E-1 4.68011E-1 3.70688E-1 4.18042E-1 1.91791E-1 3.29159E-1 2.35956E-1 1.55313E-1 1.19364E-1 2.932E-1 2.21652E-1 2.34556E-1
4.66711E-1 2.8802E-1 4.69009E-1 4.20152E-1 4.0725E-1 4.18733E-1 4.66867E-1 4.853E-1 4.59254E-1 3.80627E-1 4.5199E-1 5.79666E-1 5.22197E-1 5.64769E-1 6.37807E-1 6.58087E-1 6.72655E-1 6.5994E-1 6.58728E-1 6.84503E-1 5.69094E-1 3.17334E-1 2.48809E-1 2.76097E-1 3.46514E-1 4.76117E-1 4.59636E-1 5.07191E-1 5.49011E-1 4.37791E-1 3.35541E-1 3.00579E-1 2.63497E-1 2.1759E-1 3.29234E-1 1.03945E-1 1.49488E-1 9.08545E-2 1.1002E-1 1.03989E-1 1.8391E-1 2.44223E-1 3.06016E-1 3.76523E-1 3.17525E-1 4.15793E-1 6.0027E-1 6.68111E-1 4.7293E-1 4.39442E-1 3.5558E-1 4.1605E-1 5.04538E-1 3.36502E-1 2.96026E-1 2.19801E-1 2.29825E-1 2.52243E-1 2.31135E-1 2.02633E-1
6.07579E-1 5.83172E-1 5.40767E-1 4.93281E-1 5.20535E-1 5.644E-1 5.27815E-1 5.54957E-1 5.07165E-1 5.10021E-1 4.92254E-1 5.56653E-1 5.71913E-1 6.02593E-1 6.61281E-1 6.82326E-1 6.98124E-1 6.71899E-1 6.54289E-1 6.61973E-1 5.77347E-1 3.43989E-1 3.07638E-1 3.63491E-1 5.02816E-1 5.25892E-1 4.92591E-1 6.02499E-1 6.54414E-1 5.11361E-1 4.01471E-1 3.36279E-1 3.22946E-1 2.55377E-1 2.10055E-1 2.09079E-1 2.56657E-1 2.46587E-1 1.23807E-1 1.59083E-1 2.02547E-1 2.65285E-1 3.24646E-1 4.46681E-1 3.26211E-1 5.25865E-1 6.7693E-1 6.72373E-1 5.07564E-1 4.81255E-1 3.53618E-1 4.56073E-1 6.36598E-1 3.81711E-1 3.62211E-1 2.61858E-1 2.36397E-1 1.96528E-1 1.64035E-1 1.80182E-1
6.90369E-1 6.57667E-1 6.22951E-1 5.89012E-1 6.26503E-1 5.77527E-1 5.49964E-1 5.22698E-1 5.05538E-1 5.53038E-1 5.23275E-1 5.69095E-1 6.05972E-1 6.27253E-1 6.11624E-1 6.61103E-1 6.73331E-1 6.51371E-1 6.60432E-1 2.66987E-1 4.02788E-1 3.50738E-1 3.19874E-1 4.17652E-1 4.71881E-1 5.00694E-1 5.05966E-1 6.10532E-1 7.39859E-1 6.65193E-1 4.81719E-1 3.71032E-1 3.18259E-1 2.87726E-1 2.61832E-1 2.12175E-1 2.17194E-1 2.40802E-1 1.20664E-1 2.14945E-1 2.56536E-1 2.83995E-1 3.44705E-1 4.1886E-1 3.29106E-1 6.54727E-1 6.91084E-1 6.15805E-1 5.41113E-1 5.20843E-1 3.86376E-1 6.08797E-1 5.76652E-1 4.12755E-1 3.88086E-1 2.83939E-1 2.53292E-1 2.12397E-1 1.74541E-1 1.50513E-1
7.05001E-1 6.82508E-1 6.37998E-1 5.99972E-1 5.52108E-1 5.74068E-1 5.64353E-1 4.93305E-1 5.47343E-1 5.95404E-1 5.53057E-1 5.95164E-1 6.12895E-1 6.46631E-1 6.61228E-1 6.46266E-1 6.68471E-1 6.47705E-1 6.44953E-1 3.43976E-1 4.20174E-1 3.09554E-1 3.1182E-1 4.47106E-1 5.05091E-1 4.93381E-1 5.63477E-1 5.68379E-1 7.31818E-1 7.2949E-1 6.39864E-1 4.13954E-1 3.655E-1 3.37605E-1 3.03402E-1 2.52151E-1 2.35499E-1 2.12557E-1 2.57374E-1 2.33773E-1 3.78567E-1 2.96292E-1 3.43895E-1 4.16181E-1 4.51821E-1 5.82661E-1 6.1298E-1 4.83756E-1 3.35032E-1 5.5078E-1 5.13613E-1 3.45582E-1 2.58104E-1 4.23782E-1 3.97152E-1 2.90535E-1 2.659E-1 2.36595E-1 2.02339E-1 1.75356E-1
5.92022E-1 6.19971E-1 5.64011E-1 5.32991E-1 4.9358E-1 4.89148E-1 5.11032E-1 4.52344E-1 5.02653E-1 5.62738E-1 5.01871E-1 5.46111E-1 5.61302E-1 5.71036E-1 5.90176E-1 5.87503E-1 6.03205E-1 5.79207E-1 5.65317E-1 3.61279E-1 3.08452E-1 2.62475E-1 3.43291E-1 4.23109E-1 4.94787E-1 4.77267E-1 5.11154E-1 5.42957E-1 5.90423E-1 7.41456E-1 7.05725E-1 5.67368E-1 4.84738E-1 4.44576E-1 3.95433E-1 2.35244E-1 2.18692E-1 2.12483E-1 2.46459E-1 1.21211E-1 2.19516E-1 2.5647E-1 1.86844E-1 2.21169E-1 2.68713E-1 2.96848E-1 4.09465E-1 5.35515E-1 5.04746E-1 5.41286E-1 6.44217E-1 3.98958E-1 3.15854E-1 4.76038E-1 4.76442E-1 4.16731E-1 3.92047E-1 3.59098E-1 3.07315E-1 2.49253E-1
5.88639E-1 6.59572E-1 5.92786E-1 5.52625E-1 5.42025E-1 5.64429E-1 5.41201E-1 5.06581E-1 5.26391E-1 6.04942E-1 4.98117E-1 5.32889E-1 5.38156E-1 5.50563E-1 5.67319E-1 5.65898E-1 5.92953E-1 5.69823E-1 5.99298E-1 4.48298E-1 3.19441E-1 3.01046E-1 3.67103E-1 4.41333E-1 4.89847E-1 4.94981E-1 5.11849E-1 5.35233E-1 5.64078E-1 6.10235E-1 7.35849E-1 4.26151E-1 4.02119E-1 5.45214E-1 2.30155E-1 2.85719E-1 3.71369E-1 3.19923E-1 2.57418E-1 2.3581E-1 1.47065E-1 2.62263E-1 2.29949E-1 2.2923E-1 2.66641E-1 4.65994E-1 4.52271E-1 5.04322E-1 4.92573E-1 4.88619E-1 6.04901E-1 4.95166E-1 5.25139E-1 5.36873E-1 5.68904E-1 2.2482E-1 1.12143E-1 3.61472E-1 2.57735E-1 5.25844E-2
8.17828E-1 5.10742E-1 6.29661E-1 5.84126E-1 5.67429E-1 6.07901E-1 5.79263E-1 5.62812E-1 5.60827E-1 5.72977E-1 4.95647E-1 4.88927E-1 4.87404E-1 5.10948E-1 5.20745E-1 5.21046E-1 5.21068E-1 4.78436E-1 4.58401E-1 5.35983E-1 3.04791E-1 3.10497E-1 3.5603E-1 4.4694E-1 4.30176E-1 5.05713E-1 5.22021E-1 5.33158E-1 5.46773E-1 4.88817E-1 5.42104E-1 4.65461E-1 4.85151E-1 5.19374E-1 4.17758E-1 2.854E-1 2.33029E-1 2.12841E-1 1.82018E-1 1.59818E-1 1.45821E-1 1.7716E-1 2.64468E-1 1.23458E-1 6.60767E-2 2.81095E-1 3.8946E-1 4.28756E-1 4.47126E-1 4.73417E-1 3.90443E-1 4.03818E-1 4.84812E-1 4.99913E-1 5.14334E-1 2.72136E-1 2.4672E-1 2.16441E-1 1.60442E-1 1.6246E-1
5.83984E-1 6.98823E-1 6.77255E-1 4.88785E-1 6.60719E-1 6.80147E-1 3.63972E-1 3.67843E-1 5.16633E-1 5.18197E-1 3.58738E-1 3.41851E-1 4.36688E-1 4.70129E-1 4.85041E-1 4.48067E-1 5.4747E-1 3.78377E-1 3.93275E-1 2.7835E-1 7.15467E-2 3.28983E-1 4.19127E-1 3.87158E-1 3.84195E-1 5.40388E-1 5.31088E-1 5.20732E-1 6.07357E-1 4.63049E-1 4.24772E-1 3.79552E-1 4.32777E-1 4.5846E-1 4.27316E-1 2.66421E-1 2.14501E-1 2.05285E-1 1.74098E-1 1.8277E-1 1.67549E-1 1.65078E-1 1.40244E-1 1.22891E-1 1.30118E-1 3.09767E-1 6.03563E-1 4.54197E-1 4.69952E-1 4.88885E-1 3.9558E-1 2.88796E-1 2.33445E-1 2.22672E-1 2.92485E-1 2.06821E-1 2.91264E-1 2.39922E-1 2.01392E-1 1.52327E-1
6.11667E-1 6.54374E-1 6.36504E-1 6.68495E-1 3.75274E-1 7.1213E-1 3.61269E-1 2.18652E-1 1.60557E-1 1.84639E-1 1.69763E-1 4.22217E-1 3.7391E-1 2.09115E-1 4.39905E-1 3.70641E-1 5.20172E-1 3.40885E-1 3.19944E-1 2.49253E-1 1.8357E-1 3.98742E-1 2.96468E-1 2.66991E-1 3.66809E-1 5.92722E-1 4.71507E-1 5.88842E-1 5.00567E-1 4.50766E-1 3.98759E-1 6.08787E-1 5.01746E-1 4.96687E-1 4.02013E-1 2.57432E-1 2.23763E-1 2.15438E-1 1.96179E-1 2.14718E-1 1.99921E-1 2.0045E-1 1.85618E-1 1.62797E-1 1.81859E-1 3.39499E-1 3.79607E-1 4.39253E-1 3.62463E-1 4.84226E-1 3.50179E-1 2.884E-1 2.2643E-1 2.01407E-1 1.87744E-1 2.94216E-1 3.40783E-1 2.64956E-1 2.2194E-1 1.66592E-1
4.98674E-1 5.33077E-1 5.19332E-1 5.09044E-1 4.70655E-1 3.99023E-1 2.92286E-1 2.19104E-1 1.434E-1 1.27354E-1 2.13385E-1 3.47679E-1 2.91647E-1 3.77936E-1 4.23535E-1 2.19786E-1 3.18697E-1 2.83267E-1 1.62645E-1 1.461E-1 1.68777E-1 1.13473E-1 2.29884E-1 2.79389E-1 3.24488E-1 5.39661E-1 5.57993E-1 5.67282E-1 4.37094E-1 4.43232E-1 4.63574E-1 5.78913E-1 5.24305E-1 3.50247E-1 5.36797E-1 4.03181E-1 3.42505E-1 3.19351E-1 3.24154E-1 3.25531E-1 3.73939E-1 3.55869E-1 3.31102E-1 2.97012E-1 2.99983E-1 2.68198E-1 3.07949E-1 5.0232E-1 6.57886E-1 3.91844E-1 2.54449E-1 2.07108E-1 1.72067E-1 1.55603E-1 1.45024E-1 3.97363E-1 3.12132E-1 2.1889E-1 2.20473E-1 2.20942E-1
3.63759E-1 5.62053E-1 5.45215E-1 5.16126E-1 4.68503E-1 4.32248E-1 2.95737E-1 2.11414E-1 1.93217E-1 1.75332E-1 2.04422E-1 2.30542E-1 2.6844E-1 2.30679E-1 3.93933E-1 3.04399E-1 1.82123E-1 1.47987E-1 1.47768E-1 1.8303E-1 2.00829E-1 1.53895E-1 2.74453E-1 2.8642E-1 3.31817E-1 5.64431E-1 5.60176E-1 4.24416E-1 4.3617E-1 4.27609E-1 4.20531E-1 4.95684E-1 4.95489E-1 5.30335E-1 3.15986E-1 4.05127E-1 3.84742E-1 3.82662E-1 3.77351E-1 3.93011E-1 4.23173E-1 4.21511E-1 1.91387E-1 3.75158E-1 2.2899E-1 2.62815E-1 3.98533E-1 5.78625E-1 5.08389E-1 3.28532E-1 2.65822E-1 2.67453E-1 1.76201E-1 1.35918E-1 1.84773E-1 3.63738E-1 4.29453E-1 2.2351E-1 2.20733E-1 2.00717E-1
5.20777E-1 5.23403E-1 5.19944E-1 5.43445E-1 2.52787E-1 3.70955E-1 2.46432E-1 2.03149E-1 1.93797E-1 1.43954E-1 1.49166E-1 1.58867E-1 1.66524E-1 1.76928E-1 1.73458E-1 2.62533E-1 1.2973E-1 6.91025E-2 1.82294E-1 2.22115E-1 2.4913E-1 2.41959E-1 2.5786E-1 3.55871E-1 3.77067E-1 6.27799E-1 6.10922E-1 4.58186E-1 4.01044E-1 3.99206E-1 4.32239E-1 4.56588E-1 4.77608E-1 5.02845E-1 5.44577E-1 3.16677E-1 4.4521E-1 4.39207E-1 4.25963E-1 4.52608E-1 5.55059E-1 4.46215E-1 4.06183E-1 2.7185E-1 2.23223E-1 2.7514E-1 3.8629E-1 4.25347E-1 1.91491E-1 2.6013E-1 2.88589E-1 2.06947E-1 3.16368E-1 3.00621E-1 2.98828E-1 3.77359E-1 4.59372E-1 2.47672E-1 2.22216E-1 2.29742E-1
5.13287E-1 5.23681E-1 4.98396E-1 5.83594E-1 3.70838E-1 3.30233E-1 2.43475E-1 2.22162E-1 1.78873E-1 1.36755E-1 1.17402E-1 1.25556E-1 1.266E-1 1.32467E-1 1.425E-1 1.94893E-1 1.05819E-1 9.88588E-2 2.30383E-1 2.47203E-1 2.9741E-1 2.29216E-1 3.59992E-1 4.13531E-1 4.29607E-1 6.74806E-1 6.52546E-1 4.9074E-1 4.35529E-1 4.21805E-1 4.20567E-1 4.35705E-1 4.61609E-1 4.77045E-1 5.02813E-1 4.89338E-1 3.70728E-1 3.66463E-1 3.4027E-1 3.93881E-1 4.55806E-1 5.30585E-1 2.6038E-1 2.12396E-1 3.22894E-1 3.23656E-1 3.89017E-1 4.55139E-1 4.92974E-1 3.37536E-1 3.47408E-1 2.0699E-1 3.47935E-1 3.05493E-1 3.28037E-1 3.64626E-1 2.54822E-1 4.27808E-1 3.43712E-1 2.94116E-1
5.17459E-1 6.43846E-1 6.10532E-1 5.54568E-1 1.92167E-1 2.71058E-1 2.32117E-1 2.14809E-1 1.71451E-1 1.26547E-1 9.54016E-2 1.03544E-1 1.06152E-1 1.07739E-1 1.04796E-1 5.73692E-2 1.39473E-1 2.12751E-1 2.39431E-1 2.6991E-1 3.39824E-1 1.78407E-1 4.04169E-1 4.79208E-1 4.95763E-1 7.11336E-1 6.89693E-1 5.02759E-1 5.00148E-1 5.32697E-1 4.71774E-1 4.19989E-1 3.56112E-1 4.77634E-1 4.87164E-1 4.26452E-1 3.8241E-1 3.58886E-1 3.42914E-1 3.63287E-1 3.48699E-1 2.38266E-1 2.8385E-1 4.34862E-1 4.48273E-1 3.66363E-1 4.24486E-1 1.64065E-1 5.9681E-1 3.96595E-1 3.90529E-1 3.61739E-1 3.64769E-1 3.24084E-1 3.77605E-1 4.36767E-1 3.99417E-1 2.09025E-1 4.36515E-1 4.05329E-1
