Phytophthora/models/20240429_1921_07/Phytophthora_PA3_RUN9_MAXENT_outputs/Phytophthora_PA3_RUN9.asc
ncols         225
nrows         269
xllcorner     473000.0
yllcorner     4429100.0
cellsize      50.0
NODATA_value  -9999
[rows 135 to 161 of 269, columns 0 to 59 of 225]
-9999 -9999 -9999 -9999 -9999 -9999 -9999 -9999 -9999 -9999 4.0021E-1 4.71013E-1 3.99223E-1 4.34408E-1 4.20843E-1 4.42827E-1 4.91752E-1 4.22251E-1 3.78647E-1 5.36239E-1 4.08245E-1 4.75337E-1 4.94182E-1 4.27093E-1 3.78928E-1 2.95343E-1 3.01551E-1 3.15033E-1 2.93372E-1 1.3792E-1 1.80475E-1 4.59414E-1 3.35786E-1 1.5707E-1 2.08484E-1 1.34416E-1 2.18125E-1 2.85468E-1 3.01149E-1 3.35779E-1 3.66855E-1 3.53874E-1 3.32782E-1 3.45787E-1 3.99822E-1 3.19102E-1 3.16213E-1 2.81904E-1 2.43815E-1 1.37336E-1 4.08928E-1 4.14164E-1 3.05663E-1 2.21246E-1 1.93799E-1 2.10264E-1 1.88012E-1 1.93847E-1 3.16857E-1 3.87646E-1
-9999 -9999 -9999 -9999 -9999 -9999 -9999 -9999 -9999 -9999 3.26583E-1 6.4994E-1 4.52646E-1 5.50696E-1 4.69285E-1 4.39548E-1 3.29419E-1 3.80081E-1 5.23048E-1 5.12726E-1 4.95971E-1 6.19236E-1 6.00135E-1 4.90693E-1 3.86675E-1 2.52903E-1 2.42344E-1 2.31844E-1 2.48063E-1 2.70964E-1 3.31135E-1 2.7763E-1 -9999 -9999 1.46158E-1 1.63615E-1 1.85039E-1 2.0437E-1 2.59677E-1 2.12187E-1 3.72771E-1 3.62987E-1 3.90423E-1 5.15772E-1 4.44559E-1 3.28598E-1 3.11135E-1 2.08963E-1 1.13181E-1 2.36749E-1 4.58858E-1 3.71442E-1 3.4844E-1 2.99066E-1 2.56627E-1 2.12563E-1 1.88007E-1 2.09981E-1 2.69772E-1 2.15354E-1
-9999 -9999 -9999 -9999 -9999 -9999 -9999 -9999 -9999 -9999 5.71697E-1 5.29985E-1 4.84974E-1 4.62927E-1 4.25084E-1 3.86351E-1 3.77567E-1 3.0686E-1 5.06355E-1 5.01018E-1 6.5593E-1 7.07128E-1 6.31877E-1 4.99687E-1 4.19176E-1 2.51211E-1 2.25771E-1 2.28056E-1 2.4869E-1 2.76439E-1 2.71672E-1 3.57101E-1 -9999 2.45942E-1 2.00754E-1 2.09128E-1 2.31998E-1 2.60659E-1 3.24488E-1 1.81947E-1 3.67158E-1 3.73686E-1 5.34393E-1 3.27716E-1 4.37539E-1 1.92375E-1 1.19146E-1 9.80002E-2 2.05517E-1 2.18391E-1 4.81936E-1 3.71621E-1 3.64416E-1 3.22858E-1 2.69322E-1 2.22498E-1 2.0932E-1 2.23103E-1 2.70427E-1 4.67755E-1
-9999 -9999 -9999 -9999 -9999 -9999 -9999 -9999 -9999 -9999 3.87914E-1 3.84079E-1 3.94688E-1 4.20475E-1 3.97179E-1 3.88335E-1 3.16787E-1 5.58057E-1 2.93649E-1 5.20491E-1 5.55016E-1 6.71498E-1 3.54625E-1 5.26174E-1 4.70855E-1 3.03351E-1 2.69877E-1 2.7004E-1 2.87374E-1 3.1133E-1 2.98793E-1 2.97297E-1 3.68408E-1 2.98764E-1 2.39163E-1 2.59945E-1 2.90853E-1 2.2143E-1 3.47876E-1 3.55206E-1 2.99288E-1 5.35419E-1 4.05764E-1 3.63593E-1 2.3602E-1 1.83618E-1 1.92864E-1 1.849E-1 1.92434E-1 2.08979E-1 4.77155E-1 4.77905E-1 3.38382E-1 3.27257E-1 2.82068E-1 2.48119E-1 2.26177E-1 2.34094E-1 2.79259E-1 3.45195E-1
-9999 -9999 -9999 -9999 -9999 -9999 -9999 -9999 -9999 -9999 3.38211E-1 3.67141E-1 3.90657E-1 4.09141E-1 4.13225E-1 3.99331E-1 2.98839E-1 5.81068E-1 4.81766E-1 4.95874E-1 5.57064E-1 5.52992E-1 5.47803E-1 5.69238E-1 5.11303E-1 2.54099E-1 3.15633E-1 3.05462E-1 1.51024E-1 2.69298E-1 1.68078E-1 2.95071E-1 2.93426E-1 3.92412E-1 2.96291E-1 3.06957E-1 2.04686E-1 3.27938E-1 3.72348E-1 2.89093E-1 3.36833E-1 5.09589E-1 5.07761E-1 3.02146E-1 2.20212E-1 1.67359E-1 1.76081E-1 1.6468E-1 1.70294E-1 2.12242E-1 4.48852E-1 4.14489E-1 4.01403E-1 3.43334E-1 3.1241E-1 2.67353E-1 2.48895E-1 2.56388E-1 3.08889E-1 3.69258E-1
-9999 -9999 -9999 -9999 -9999 -9999 -9999 -9999 -9999 -9999 2.93248E-1 3.32485E-1 3.75799E-1 3.98846E-1 4.11966E-1 3.94778E-1 4.83124E-1 5.21573E-1 3.17989E-1 5.47652E-1 6.26196E-1 5.9341E-1 5.48927E-1 5.33021E-1 4.45993E-1 3.18323E-1 3.29635E-1 3.48486E-1 3.32946E-1 3.08606E-1 2.98834E-1 2.22327E-1 2.3162E-1 2.13639E-1 3.33984E-1 3.05527E-1 3.07091E-1 3.14138E-1 2.54576E-1 3.29608E-1 3.92762E-1 4.40912E-1 3.82251E-1 2.22973E-1 1.76419E-1 1.44274E-1 1.52937E-1 1.3944E-1 1.46599E-1 2.05753E-1 4.22286E-1 4.65772E-1 3.71722E-1 2.62086E-1 3.15813E-1 2.65247E-1 2.52877E-1 2.63788E-1 3.23358E-1 3.75805E-1
-9999 -9999 -9999 -9999 -9999 -9999 -9999 -9999 -9999 -9999 3.02133E-1 3.11204E-1 3.66657E-1 3.89087E-1 4.03554E-1 4.18223E-1 4.70728E-1 4.94306E-1 6.1219E-1 6.93815E-1 6.88352E-1 6.55123E-1 5.55544E-1 4.9349E-1 4.54253E-1 4.33001E-1 4.32948E-1 4.38013E-1 3.59789E-1 3.28004E-1 2.89891E-1 2.99187E-1 3.05395E-1 3.27841E-1 2.55766E-1 3.88133E-1 3.64794E-1 3.83478E-1 4.90556E-1 3.73919E-1 4.61564E-1 4.11036E-1 2.51683E-1 2.08001E-1 2.03462E-1 1.90573E-1 1.84871E-1 1.77139E-1 1.99979E-1 2.92201E-1 4.65361E-1 5.22198E-1 4.07994E-1 4.17141E-1 3.85095E-1 2.72133E-1 2.67296E-1 2.69417E-1 3.31418E-1 3.9814E-1
-9999 -9999 -9999 -9999 -9999 -9999 -9999 -9999 -9999 -9999 2.43412E-1 2.79943E-1 3.65771E-1 3.71116E-1 3.96986E-1 4.16014E-1 4.43221E-1 4.75358E-1 3.29963E-1 6.86048E-1 6.70209E-1 3.87875E-1 5.03733E-1 5.02334E-1 4.87356E-1 4.51231E-1 4.00021E-1 3.56618E-1 3.22622E-1 2.90968E-1 2.55178E-1 2.64507E-1 2.74676E-1 3.08412E-1 3.99551E-1 3.99377E-1 3.76915E-1 2.81525E-1 4.76693E-1 4.88294E-1 3.95605E-1 3.78409E-1 2.23216E-1 2.04326E-1 1.88561E-1 1.66461E-1 1.57837E-1 1.54264E-1 1.86994E-1 3.93482E-1 4.15454E-1 4.91186E-1 3.40021E-1 3.91934E-1 3.48944E-1 2.49182E-1 2.3059E-1 2.95345E-1 3.05196E-1 3.58778E-1
-9999 -9999 -9999 -9999 -9999 -9999 -9999 -9999 -9999 2.57081E-2 1.91452E-1 2.58219E-1 3.08942E-1 3.01689E-1 3.49314E-1 3.79095E-1 4.12885E-1 3.77126E-1 5.46679E-1 6.20965E-1 6.11813E-1 5.75235E-1 5.59147E-1 5.25172E-1 5.63807E-1 5.19157E-1 3.8671E-1 3.21848E-1 2.95631E-1 2.46314E-1 2.30568E-1 2.31282E-1 2.51953E-1 3.06697E-1 4.25724E-1 2.7722E-1 3.62941E-1 3.59719E-1 4.58748E-1 4.31613E-1 3.44086E-1 3.69558E-1 2.57404E-1 2.34056E-1 2.07555E-1 2.03587E-1 2.07234E-1 2.05205E-1 2.92473E-1 3.27035E-1 3.8527E-1 3.50114E-1 3.83232E-1 3.83384E-1 3.1072E-1 2.30324E-1 2.28631E-1 2.67849E-1 3.07244E-1 3.49563E-1
-9999 -9999 -9999 -9999 -9999 -9999 -9999 -9999 -9999 1.91198E-2 1.74126E-1 2.38566E-1 2.75854E-1 2.75697E-1 3.09206E-1 3.59121E-1 3.73299E-1 2.40556E-1 6.12158E-1 5.72726E-1 5.4465E-1 5.59625E-1 5.74674E-1 6.22876E-1 6.22509E-1 4.49133E-1 3.40859E-1 3.26579E-1 3.07361E-1 2.50175E-1 2.01086E-1 1.98221E-1 2.38074E-1 3.23751E-1 3.85712E-1 3.4551E-1 3.17481E-1 3.52753E-1 4.5473E-1 3.70207E-1 3.33186E-1 2.97153E-1 2.66707E-1 2.42945E-1 2.42373E-1 2.50598E-1 2.85565E-1 3.38568E-1 3.07667E-1 3.02778E-1 3.77461E-1 2.8267E-1 3.72591E-1 3.49718E-1 2.89899E-1 2.2947E-1 2.45668E-1 2.7057E-1 3.27305E-1 3.54541E-1
-9999 -9999 -9999 -9999 -9999 -9999 -9999 -9999 -9999 1.61907E-2 1.50302E-1 1.93776E-1 2.18905E-1 2.29707E-1 2.70434E-1 3.28219E-1 3.57746E-1 4.77538E-1 5.79893E-1 5.29809E-1 5.02866E-1 4.98352E-1 4.81037E-1 4.69432E-1 4.16874E-1 2.63257E-1 3.32189E-1 3.3509E-1 3.38098E-1 2.86813E-1 2.71256E-1 2.14454E-1 2.74926E-1 3.42436E-1 3.4584E-1 3.31153E-1 2.48201E-1 3.77275E-1 4.1524E-1 3.16201E-1 3.38466E-1 3.34751E-1 2.89019E-1 2.59241E-1 3.10121E-1 3.432E-1 4.39368E-1 3.71963E-1 3.49064E-1 3.84448E-1 3.37768E-1 3.19985E-1 4.6753E-1 5.27234E-1 3.7001E-1 2.79512E-1 2.679E-1 2.77056E-1 3.16759E-1 3.64349E-1
-9999 -9999 -9999 -9999 -9999 -9999 -9999 -9999 5.78428E-2 7.72203E-2 1.31662E-1 1.53526E-1 2.22068E-1 2.90439E-1 2.84679E-1 2.12075E-1 1.71013E-1 4.77779E-1 4.06239E-1 3.79118E-1 3.61488E-1 3.51935E-1 3.19131E-1 2.95214E-1 3.09628E-1 3.37974E-1 2.02961E-1 3.66176E-1 3.77578E-1 3.45694E-1 3.66113E-1 2.71141E-1 3.53036E-1 3.34891E-1 3.17855E-1 2.61058E-1 3.27989E-1 4.2857E-1 3.53082E-1 2.97175E-1 3.66492E-1 3.26768E-1 2.63457E-1 3.20183E-1 4.62066E-1 5.41308E-1 4.8846E-1 4.64786E-1 4.76323E-1 4.34874E-1 4.0725E-1 4.82552E-1 5.48872E-1 5.76319E-1 4.37015E-1 3.86008E-1 3.76897E-1 3.51134E-1 3.89117E-1 4.45683E-1
-9999 -9999 -9999 -9999 -9999 -9999 -9999 -9999 6.90752E-2 7.52295E-2 1.42365E-1 1.1263E-1 1.49277E-1 2.4488E-1 2.10908E-1 1.50569E-1 2.79004E-1 3.88586E-1 4.05646E-1 3.89963E-1 3.75805E-1 3.81957E-1 3.87289E-1 4.02168E-1 3.96498E-1 3.60858E-1 3.5654E-1 2.6874E-1 3.83901E-1 3.67869E-1 4.07259E-1 3.99056E-1 4.09598E-1 3.38187E-1 3.22265E-1 3.82602E-1 3.6272E-1 3.8625E-1 2.95737E-1 2.70297E-1 3.35243E-1 2.48077E-1 2.6219E-1 3.54334E-1 5.24198E-1 4.8237E-1 4.92345E-1 5.05257E-1 4.18552E-1 4.37417E-1 4.01572E-1 5.66819E-1 5.98654E-1 5.06749E-1 4.36682E-1 4.0649E-1 3.89867E-1 3.80943E-1 3.90259E-1 4.33855E-1
-9999 -9999 -9999 -9999 -9999 -9999 -9999 -9999 7.9544E-2 1.0645E-1 1.12453E-1 2.14291E-1 1.21993E-1 1.14539E-1 1.22209E-1 1.36533E-1 1.40784E-1 3.47118E-1 4.75329E-1 4.5056E-1 4.19068E-1 4.4604E-1 4.57431E-1 4.35244E-1 4.13075E-1 3.7589E-1 2.06181E-1 3.79037E-1 2.72741E-1 3.90565E-1 4.59449E-1 4.43225E-1 3.70266E-1 1.83195E-1 3.71034E-1 4.51908E-1 4.00901E-1 3.80378E-1 3.02586E-1 3.10748E-1 2.55072E-1 2.61915E-1 3.30462E-1 5.19151E-1 5.06569E-1 5.08381E-1 5.67467E-1 4.29006E-1 4.48672E-1 5.47785E-1 6.05297E-1 5.98433E-1 6.32631E-1 3.62893E-1 3.82685E-1 4.13761E-1 4.17777E-1 3.9506E-1 3.72577E-1 3.9915E-1
-9999 -9999 -9999 -9999 -9999 -9999 -9999 1.46824E-1 1.08844E-1 2.20297E-1 2.31758E-1 1.60235E-1 1.68428E-1 1.71549E-1 1.48642E-1 1.22382E-1 2.13485E-1 4.05105E-1 3.85251E-1 4.4485E-1 4.2388E-1 4.23665E-1 3.74313E-1 3.49297E-1 3.69912E-1 3.57003E-1 3.72994E-1 4.02481E-1 3.8227E-1 2.33015E-1 4.73146E-1 4.90903E-1 3.05774E-1 3.82534E-1 4.52494E-1 4.76202E-1 4.32779E-1 3.55491E-1 2.92876E-1 3.41003E-1 2.89373E-1 4.4422E-1 4.69685E-1 4.52864E-1 5.00945E-1 5.62245E-1 5.31428E-1 4.42688E-1 5.52091E-1 6.01212E-1 6.32951E-1 6.40514E-1 6.39024E-1 4.60987E-1 4.43702E-1 4.42321E-1 4.07051E-1 3.87452E-1 3.65936E-1 3.92748E-1
-9999 -9999 -9999 -9999 -9999 -9999 -9999 1.26128E-1 1.1117E-1 1.41116E-1 1.74548E-1 2.22501E-1 2.71236E-1 2.65865E-1 2.53052E-1 2.51334E-1 3.73453E-1 3.36485E-1 3.07991E-1 3.53602E-1 3.3592E-1 3.21663E-1 2.88914E-1 3.20811E-1 3.43142E-1 3.35128E-1 3.56983E-1 4.14204E-1 2.26011E-1 4.51796E-1 4.70482E-1 4.93229E-1 3.87807E-1 4.54459E-1 4.55199E-1 4.64985E-1 4.1687E-1 3.06165E-1 3.28774E-1 3.66627E-1 3.78355E-1 3.66596E-1 4.61364E-1 4.37261E-1 4.64989E-1 2.59429E-1 3.34454E-1 3.90364E-1 5.78658E-1 4.12332E-1 4.36944E-1 6.35976E-1 6.29503E-1 4.61504E-1 4.23824E-1 3.79752E-1 3.84232E-1 3.83107E-1 3.5853E-1 4.26757E-1
-9999 -9999 -9999 -9999 -9999 -9999 -9999 8.97833E-2 2.14521E-1 2.63489E-1 2.85869E-1 3.55823E-1 4.05915E-1 3.94375E-1 4.00523E-1 3.61782E-1 3.97715E-1 4.35898E-1 3.11767E-1 3.42156E-1 3.53496E-1 3.62803E-1 3.46763E-1 3.86905E-1 3.75326E-1 3.78079E-1 4.34021E-1 4.82704E-1 5.20448E-1 5.17273E-1 5.73112E-1 6.0114E-1 6.0067E-1 5.70743E-1 4.92668E-1 5.06507E-1 4.52356E-1 3.20079E-1 3.93967E-1 4.04284E-1 4.76682E-1 5.18305E-1 5.33985E-1 3.48363E-1 5.51764E-1 6.17646E-1 7.14765E-1 7.25247E-1 7.42342E-1 7.27409E-1 7.14488E-1 6.9489E-1 6.14212E-1 4.9614E-1 4.52657E-1 4.2081E-1 4.1772E-1 4.1052E-1 3.85154E-1 4.58285E-1
-9999 -9999 -9999 -9999 -9999 -9999 2.03855E-1 1.91098E-1 2.64783E-1 3.41241E-1 3.83058E-1 4.18508E-1 4.56022E-1 4.64547E-1 4.73121E-1 4.27594E-1 4.14624E-1 5.58693E-1 3.83287E-1 3.41755E-1 3.25642E-1 3.40079E-1 3.37932E-1 3.37606E-1 3.40897E-1 3.70716E-1 4.27337E-1 4.71674E-1 5.57339E-1 5.98768E-1 5.86169E-1 4.98962E-1 6.08587E-1 5.78449E-1 4.34992E-1 4.53394E-1 3.5986E-1 3.3072E-1 4.22083E-1 4.82777E-1 4.98678E-1 4.33649E-1 3.45062E-1 5.02692E-1 5.84222E-1 6.35355E-1 7.03964E-1 7.2454E-1 7.46811E-1 7.40607E-1 7.14887E-1 6.70881E-1 6.40248E-1 5.58871E-1 4.11547E-1 3.98819E-1 3.82068E-1 3.72703E-1 3.8976E-1 2.33713E-1
-9999 -9999 -9999 -9999 -9999 -9999 8.41694E-2 3.19662E-1 3.61488E-1 4.42645E-1 4.70658E-1 4.91321E-1 5.31469E-1 5.42673E-1 5.31317E-1 4.72478E-1 4.96168E-1 6.26551E-1 4.2936E-1 3.98304E-1 3.62063E-1 3.32421E-1 3.01443E-1 2.73613E-1 3.07421E-1 3.33337E-1 3.97857E-1 4.13695E-1 4.85463E-1 6.06197E-1 5.78072E-1 5.3866E-1 6.29882E-1 5.18579E-1 4.10572E-1 4.99926E-1 3.82009E-1 3.97835E-1 4.2844E-1 4.11241E-1 4.75901E-1 4.28024E-1 5.2696E-1 5.66029E-1 6.44566E-1 7.02426E-1 7.24095E-1 7.51465E-1 6.21189E-1 6.75428E-1 6.97442E-1 5.73524E-1 6.4119E-1 6.06616E-1 3.72725E-1 3.86361E-1 3.29539E-1 3.24923E-1 3.81936E-1 4.28899E-1
-9999 -9999 -9999 -9999 -9999 -9999 -9999 4.12768E-1 4.59832E-1 5.41025E-1 5.10753E-1 5.44756E-1 5.61008E-1 5.79002E-1 5.95444E-1 5.55135E-1 6.33262E-1 6.21743E-1 4.65468E-1 4.83457E-1 4.57766E-1 4.08798E-1 2.68256E-1 1.82272E-1 3.37395E-1 3.20029E-1 3.72508E-1 4.09945E-1 4.90317E-1 5.72113E-1 6.17625E-1 6.05712E-1 6.38854E-1 5.09667E-1 5.06838E-1 5.14803E-1 3.55522E-1 3.76121E-1 4.04808E-1 4.34983E-1 5.06093E-1 5.15328E-1 5.66379E-1 6.05858E-1 6.56325E-1 6.98904E-1 7.18282E-1 7.47681E-1 7.29387E-1 5.97226E-1 6.34456E-1 6.30804E-1 6.29838E-1 2.92439E-1 4.53266E-1 4.12034E-1 3.4856E-1 3.39952E-1 3.93785E-1 4.42569E-1
-9999 -9999 -9999 -9999 -9999 -9999 -9999 3.67814E-1 6.17015E-1 6.17224E-1 5.55925E-1 5.57717E-1 5.80806E-1 6.23458E-1 5.39524E-1 6.23608E-1 7.02577E-1 6.09528E-1 5.18917E-1 5.80744E-1 5.0356E-1 3.78558E-1 2.59085E-1 2.12934E-1 2.22839E-1 2.44018E-1 3.20444E-1 4.13495E-1 4.82838E-1 5.27421E-1 5.77943E-1 6.65435E-1 6.03594E-1 5.5319E-1 5.83519E-1 3.07917E-1 3.5138E-1 4.24609E-1 4.45204E-1 2.55258E-1 5.95296E-1 6.10099E-1 5.60817E-1 5.70289E-1 6.44744E-1 7.15148E-1 7.19236E-1 7.26025E-1 6.29723E-1 5.39564E-1 5.20034E-1 5.02667E-1 4.84352E-1 5.40503E-1 4.34786E-1 4.6262E-1 3.79461E-1 3.77458E-1 5.21606E-1 6.05225E-1
-9999 -9999 -9999 -9999 -9999 -9999 -9999 -9999 2.53329E-1 5.73786E-1 5.64789E-1 5.32382E-1 5.75064E-1 6.41937E-1 7.14891E-1 7.95968E-1 7.93259E-1 6.8028E-1 7.66113E-1 7.33468E-1 4.9226E-1 3.66431E-1 2.90349E-1 2.45288E-1 2.70971E-1 2.89712E-1 3.60523E-1 4.43493E-1 5.40316E-1 5.95718E-1 6.96218E-1 7.19329E-1 7.20252E-1 7.00095E-1 5.18133E-1 4.11856E-1 4.66213E-1 5.36469E-1 4.35027E-1 6.10828E-1 6.49838E-1 5.97263E-1 5.25643E-1 5.59206E-1 6.01654E-1 5.13204E-1 6.31356E-1 5.64203E-1 4.94232E-1 4.89529E-1 5.36727E-1 5.29591E-1 5.44554E-1 5.77148E-1 3.0127E-1 6.04582E-1 4.26871E-1 4.34286E-1 5.21672E-1 6.02819E-1
-9999 -9999 -9999 -9999 -9999 -9999 -9999 -9999 3.57968E-1 4.1749E-1 3.91211E-1 4.71691E-1 5.71312E-1 6.5489E-1 7.55733E-1 7.73184E-1 7.38535E-1 7.9169E-1 7.82971E-1 7.02205E-1 4.59695E-1 3.84385E-1 3.01878E-1 2.8525E-1 3.31582E-1 3.45174E-1 3.97109E-1 4.59958E-1 5.69475E-1 6.51737E-1 6.95346E-1 7.13887E-1 7.25622E-1 5.71611E-1 3.71365E-1 4.86108E-1 5.08938E-1 5.91649E-1 6.35455E-1 6.636E-1 6.18033E-1 5.69389E-1 5.1607E-1 4.05397E-1 4.95134E-1 4.4095E-1 5.89271E-1 5.86554E-1 4.88837E-1 4.40088E-1 4.71175E-1 4.90401E-1 5.74096E-1 5.3498E-1 6.59473E-1 6.19797E-1 4.67482E-1 2.62932E-1 6.0065E-1 4.5758E-1
-9999 -9999 -9999 -9999 -9999 -9999 -9999 -9999 1.52635E-1 2.66907E-1 3.57507E-1 4.54649E-1 5.53531E-1 6.74993E-1 7.16205E-1 7.59717E-1 7.48724E-1 7.78047E-1 7.48717E-1 6.2646E-1 4.24354E-1 3.82257E-1 3.06867E-1 3.37223E-1 3.88562E-1 4.02999E-1 4.53567E-1 5.06992E-1 6.05515E-1 7.06466E-1 7.12024E-1 6.85642E-1 7.12214E-1 4.47591E-1 4.11228E-1 5.14985E-1 6.19167E-1 6.86881E-1 6.70025E-1 6.15014E-1 5.96485E-1 5.35824E-1 4.85655E-1 3.54107E-1 4.20758E-1 3.76524E-1 5.05902E-1 5.31274E-1 5.29888E-1 5.4041E-1 5.70616E-1 5.06162E-1 6.91819E-1 6.62754E-1 7.19445E-1 3.92163E-1 5.02085E-1 4.97638E-1 4.2585E-1 3.5213E-1
-9999 -9999 -9999 -9999 -9999 -9999 -9999 -9999 -9999 2.65226E-1 3.89132E-1 4.43678E-1 6.29797E-1 6.50844E-1 6.70936E-1 7.35455E-1 7.51686E-1 7.50968E-1 6.68554E-1 6.05273E-1 4.17542E-1 3.74337E-1 3.31371E-1 3.82861E-1 4.39451E-1 4.59667E-1 5.04501E-1 5.50478E-1 5.9909E-1 7.19267E-1 7.26043E-1 6.46433E-1 6.85136E-1 4.84368E-1 4.51495E-1 6.40449E-1 6.58244E-1 6.04738E-1 5.96611E-1 5.93386E-1 5.99522E-1 4.70145E-1 3.83371E-1 2.85253E-1 3.11728E-1 2.93593E-1 3.59348E-1 4.28965E-1 4.68064E-1 5.29168E-1 6.11648E-1 6.66013E-1 7.10997E-1 7.33872E-1 7.13825E-1 5.35983E-1 4.35688E-1 3.65121E-1 3.21718E-1 3.82219E-1
-9999 -9999 -9999 -9999 -9999 -9999 -9999 -9999 -9999 3.56637E-1 4.89183E-1 6.37806E-1 6.71808E-1 6.96652E-1 7.10725E-1 7.5663E-1 7.58066E-1 7.53871E-1 6.60489E-1 5.87568E-1 4.53004E-1 4.14948E-1 3.71914E-1 4.11171E-1 4.76468E-1 4.98456E-1 5.6037E-1 5.99096E-1 6.1569E-1 6.3914E-1 7.02388E-1 4.51732E-1 6.19624E-1 6.28986E-1 5.97648E-1 5.46983E-1 5.34034E-1 5.47952E-1 5.76644E-1 5.77809E-1 5.8058E-1 4.30199E-1 3.60696E-1 2.64881E-1 3.01866E-1 2.92895E-1 3.32398E-1 3.19676E-1 3.88297E-1 5.59977E-1 6.41796E-1 6.64122E-1 6.98145E-1 7.25629E-1 6.45279E-1 3.74807E-1 3.12831E-1 3.22071E-1 5.5207E-1 5.28999E-1
-9999 -9999 -9999 -9999 -9999 -9999 -9999 -9999 -9999 5.29156E-1 5.71769E-1 6.12122E-1 6.8012E-1 7.39526E-1 7.59029E-1 7.81252E-1 7.50712E-1 7.77645E-1 7.02427E-1 6.84196E-1 5.70575E-1 4.60533E-1 4.12366E-1 4.76105E-1 5.40651E-1 5.8907E-1 6.57034E-1 5.20589E-1 6.59886E-1 6.97399E-1 6.72227E-1 6.92418E-1 6.0691E-1 5.849E-1 6.27126E-1 6.30015E-1 3.92329E-1 4.0214E-1 4.97E-1 5.36654E-1 4.68151E-1 3.93771E-1 3.27157E-1 2.90271E-1 3.76022E-1 4.22822E-1 4.48192E-1 4.73566E-1 5.63568E-1 5.6851E-1 5.38921E-1 6.11189E-1 7.16766E-1 6.91836E-1 5.36815E-1 4.96824E-1 4.26432E-1 4.6227E-1 5.04297E-1 6.45424E-1
