Phytophthora/models/20240429_1921_07/Phytophthora_PA3_RUN9_MAXENT_outputs/Phytophthora_PA3_RUN9.asc
ncols         225
nrows         269
xllcorner     473000.0
yllcorner     4429100.0
cellsize      50.0
NODATA_value  -9999
[rows 135 to 161 of 269, columns 60 to 119 of 225]
3.02225E-1 2.03247E-1 2.78948E-1 3.20497E-1 3.33104E-1 4.03345E-1 4.21672E-1 4.22641E-1 4.77567E-1 4.90084E-1 5.46861E-1 6.07173E-1 4.45609E-1 4.94108E-1 5.34802E-1 5.92461E-1 6.24311E-1 5.98251E-1 5.95122E-1 4.35951E-1 3.98792E-1 4.47624E-1 5.71009E-1 4.57691E-1 4.5614E-1 4.47011E-1 4.48403E-1 3.38032E-1 2.46412E-1 2.13866E-1 1.93816E-1 1.68815E-1 1.6259E-1 1.99932E-1 2.48803E-1 2.69426E-1 3.93722E-1 4.14673E-1 4.53037E-1 3.27061E-1 4.10584E-1 4.00892E-1 3.82168E-1 3.34424E-1 3.6441E-1 2.36976E-1 2.92647E-1 4.64385E-1 4.73801E-1 4.97568E-1 4.94146E-1 4.76494E-1 3.19531E-1 5.20319E-1 4.7483E-1 4.75485E-1 3.16358E-1 2.24816E-1 1.95763E-1 1.76343E-1
3.14241E-1 4.2728E-1 3.78344E-1 3.28177E-1 3.62622E-1 2.40504E-1 4.75424E-1 4.8159E-1 4.60261E-1 4.54367E-1 5.45518E-1 5.73769E-1 3.70528E-1 1.66324E-1 4.54113E-1 6.24212E-1 6.69587E-1 6.44598E-1 5.84742E-1 4.33897E-1 4.74403E-1 5.25201E-1 4.36521E-1 5.19934E-1 4.82239E-1 4.73477E-1 5.03938E-1 4.46337E-1 3.90605E-1 3.35566E-1 2.46248E-1 2.14808E-1 2.17452E-1 2.27866E-1 3.26772E-1 3.71898E-1 4.97436E-1 5.99921E-1 5.71571E-1 5.78543E-1 5.34661E-1 5.97988E-1 5.62568E-1 5.40559E-1 5.33948E-1 3.46328E-1 3.94031E-1 5.3861E-1 6.27995E-1 6.34597E-1 5.97461E-1 5.59079E-1 6.04204E-1 6.34148E-1 6.50492E-1 4.08264E-1 3.51827E-1 2.94794E-1 2.56717E-1 2.62904E-1
3.23173E-1 4.6889E-1 1.82912E-1 2.33406E-1 2.22758E-1 4.26238E-1 4.75561E-1 4.59938E-1 4.59476E-1 4.39505E-1 5.64123E-1 5.41067E-1 2.34668E-1 3.33739E-1 3.32907E-1 5.20072E-1 6.22208E-1 5.39683E-1 5.22722E-1 4.94457E-1 5.42001E-1 5.7844E-1 5.77189E-1 5.82315E-1 4.08631E-1 5.20221E-1 2.16449E-1 4.25723E-1 3.69894E-1 3.12269E-1 2.32107E-1 2.1157E-1 2.15399E-1 2.67973E-1 3.40187E-1 4.16979E-1 4.7651E-1 5.41795E-1 6.29213E-1 6.16495E-1 6.28859E-1 6.1892E-1 6.0271E-1 5.69938E-1 5.98059E-1 3.88396E-1 3.48445E-1 5.67688E-1 5.82599E-1 5.86678E-1 6.32667E-1 5.05573E-1 5.69969E-1 5.78933E-1 6.44387E-1 3.2451E-1 3.22105E-1 2.86227E-1 2.61036E-1 2.70814E-1
2.60673E-1 2.69261E-1 3.12202E-1 3.31166E-1 3.9984E-1 4.26869E-1 3.96346E-1 5.01242E-1 3.76753E-1 5.66804E-1 2.07602E-1 3.38709E-1 3.56731E-1 3.39113E-1 3.3698E-1 4.89773E-1 6.20704E-1 5.86332E-1 6.56713E-1 6.4691E-1 6.14003E-1 6.18315E-1 5.17633E-1 4.71242E-1 3.85751E-1 3.07586E-1 3.78812E-1 4.14613E-1 3.53061E-1 2.97418E-1 2.19055E-1 2.06991E-1 2.47425E-1 3.14965E-1 4.11573E-1 4.71258E-1 5.73025E-1 5.51342E-1 5.95053E-1 6.40398E-1 6.77606E-1 5.51846E-1 5.63415E-1 5.23821E-1 4.75225E-1 5.19138E-1 4.47277E-1 5.20157E-1 5.2205E-1 5.7071E-1 5.99894E-1 4.83439E-1 4.82182E-1 5.75772E-1 5.04824E-1 1.21111E-1 3.21385E-1 2.42544E-1 2.34281E-1 2.38225E-1
5.69971E-1 5.0327E-1 3.27047E-1 3.41032E-1 3.93185E-1 4.25371E-1 4.10828E-1 4.75182E-1 3.70065E-1 5.16751E-1 3.93159E-1 2.61614E-1 1.47357E-1 1.55037E-1 2.08284E-1 4.69436E-1 6.05711E-1 6.56044E-1 7.08038E-1 6.93316E-1 5.94621E-1 4.92463E-1 4.58596E-1 2.36647E-1 4.68627E-1 4.52974E-1 4.05959E-1 3.76338E-1 3.16014E-1 2.61354E-1 2.17726E-1 1.99063E-1 2.56142E-1 3.19405E-1 4.30538E-1 4.68565E-1 6.01612E-1 6.54022E-1 5.56111E-1 6.81672E-1 3.25538E-1 5.71914E-1 4.98935E-1 5.0628E-1 4.93753E-1 5.20476E-1 5.91419E-1 5.40039E-1 4.81439E-1 5.32482E-1 5.81602E-1 5.27668E-1 3.1429E-1 5.20001E-1 4.33916E-1 3.29442E-1 3.01787E-1 2.60266E-1 2.54795E-1 2.67225E-1
2.64901E-1 1.96699E-1 2.92012E-1 3.37578E-1 3.4665E-1 4.094E-1 3.85508E-1 4.72777E-1 3.9922E-1 2.79976E-1 1.80996E-1 1.41825E-1 1.48999E-1 2.03115E-1 3.08648E-1 5.00912E-1 6.68598E-1 7.09678E-1 7.3034E-1 6.54127E-1 5.61734E-1 5.13747E-1 4.64706E-1 4.72209E-1 4.24299E-1 4.0806E-1 4.04579E-1 3.53E-1 2.70139E-1 2.3452E-1 2.23456E-1 2.58855E-1 3.27241E-1 3.29614E-1 4.48376E-1 5.12935E-1 6.2682E-1 6.83882E-1 6.97163E-1 7.09428E-1 5.00917E-1 5.13444E-1 5.28199E-1 5.1663E-1 5.05153E-1 4.81964E-1 5.30477E-1 5.45494E-1 4.94781E-1 4.69352E-1 5.02085E-1 5.18228E-1 6.68622E-1 6.17214E-1 3.66463E-1 3.01346E-1 3.05394E-1 2.80729E-1 2.68142E-1 2.74588E-1
3.9615E-1 2.44032E-1 3.88148E-1 3.55502E-1 2.78614E-1 4.28826E-1 3.93012E-1 3.39689E-1 2.98288E-1 2.5071E-1 1.74318E-1 1.51525E-1 2.01192E-1 3.82795E-1 3.82878E-1 4.42988E-1 6.30011E-1 6.16276E-1 6.50227E-1 5.60604E-1 5.88876E-1 5.18205E-1 2.30632E-1 4.35342E-1 3.92752E-1 3.68895E-1 3.53686E-1 2.9716E-1 2.27622E-1 2.13494E-1 2.97492E-1 3.38846E-1 4.16247E-1 4.17422E-1 4.67916E-1 5.50277E-1 6.38138E-1 7.36294E-1 7.3475E-1 7.56823E-1 5.97235E-1 3.27572E-1 5.76312E-1 5.6581E-1 5.22673E-1 4.37207E-1 4.10407E-1 3.79443E-1 4.01041E-1 4.12334E-1 4.19899E-1 4.7825E-1 6.21011E-1 4.72635E-1 3.72283E-1 4.69062E-1 4.31804E-1 3.71909E-1 3.47944E-1 3.52315E-1
4.04135E-1 4.73887E-1 4.59989E-1 3.62597E-1 3.90957E-1 4.35671E-1 4.04942E-1 3.48165E-1 2.97059E-1 3.0239E-1 2.1545E-1 2.03748E-1 2.75543E-1 3.50732E-1 3.65239E-1 4.16692E-1 5.43361E-1 6.34373E-1 6.37753E-1 5.47989E-1 4.00592E-1 3.96936E-1 4.26533E-1 4.13632E-1 3.82835E-1 3.72522E-1 2.96117E-1 2.61824E-1 2.12941E-1 2.45951E-1 3.5432E-1 4.02884E-1 4.65308E-1 4.78613E-1 5.36028E-1 5.47218E-1 6.72833E-1 6.25813E-1 7.43509E-1 7.37409E-1 5.88376E-1 5.88882E-1 5.78283E-1 5.62622E-1 5.06411E-1 4.24934E-1 3.9478E-1 3.60254E-1 4.16745E-1 4.42984E-1 5.38691E-1 4.76966E-1 4.66595E-1 4.32207E-1 4.23319E-1 4.24255E-1 4.14552E-1 3.59485E-1 3.26288E-1 3.33394E-1
1.92418E-1 4.89893E-1 5.53713E-1 3.61312E-1 4.06467E-1 4.64519E-1 3.72752E-1 3.38137E-1 3.89267E-1 2.47294E-1 1.17598E-1 2.66588E-1 3.33993E-1 3.56373E-1 4.15377E-1 4.39118E-1 4.52053E-1 6.78819E-1 6.08791E-1 6.50057E-1 5.62481E-1 4.66728E-1 4.0418E-1 4.00032E-1 3.59657E-1 3.65834E-1 2.659E-1 2.11773E-1 2.23468E-1 2.84448E-1 4.17517E-1 4.77461E-1 4.95151E-1 5.10281E-1 5.57251E-1 6.0534E-1 6.41989E-1 7.58772E-1 7.49878E-1 7.47171E-1 5.72833E-1 5.67034E-1 5.54105E-1 5.4414E-1 5.13225E-1 3.79677E-1 3.51673E-1 3.9518E-1 4.50289E-1 4.25425E-1 5.34371E-1 3.70624E-1 5.39951E-1 4.72561E-1 4.45201E-1 4.14394E-1 3.70801E-1 3.19228E-1 3.24711E-1 3.43038E-1
2.02436E-1 3.4226E-1 3.08066E-1 4.0927E-1 4.31934E-1 4.60786E-1 3.81714E-1 3.67359E-1 3.7148E-1 3.84529E-1 2.00777E-1 2.97445E-1 3.73759E-1 3.7814E-1 4.39325E-1 4.49646E-1 4.71072E-1 4.74028E-1 6.65688E-1 5.69625E-1 4.75632E-1 4.18713E-1 3.76399E-1 3.69078E-1 3.26369E-1 3.52748E-1 2.18131E-1 1.98605E-1 2.71297E-1 3.32377E-1 5.29198E-1 5.352E-1 5.0071E-1 5.0203E-1 5.55726E-1 4.06321E-1 6.55261E-1 7.5135E-1 5.80568E-1 7.49725E-1 6.67659E-1 5.69007E-1 5.30373E-1 5.32725E-1 5.23748E-1 3.58568E-1 3.21035E-1 4.20133E-1 4.89765E-1 3.60764E-1 5.56232E-1 3.04248E-1 5.89842E-1 4.57329E-1 3.90968E-1 3.46846E-1 3.12157E-1 2.99496E-1 3.07184E-1 4.07047E-1
4.27043E-1 1.86671E-1 3.83512E-1 4.64709E-1 4.50569E-1 4.67685E-1 4.1682E-1 4.10878E-1 3.73689E-1 3.47134E-1 2.9527E-1 3.58142E-1 3.88422E-1 3.82783E-1 4.53198E-1 4.73612E-1 2.66699E-1 4.70189E-1 4.73186E-1 5.16895E-1 4.36964E-1 3.57294E-1 3.43152E-1 3.36798E-1 3.16481E-1 3.27296E-1 2.13617E-1 1.87441E-1 2.68847E-1 3.83398E-1 5.21621E-1 5.10508E-1 4.78612E-1 4.7716E-1 5.27625E-1 5.68904E-1 6.02442E-1 5.06007E-1 7.75463E-1 7.11468E-1 7.53819E-1 6.33692E-1 5.29779E-1 5.25393E-1 4.86011E-1 3.56662E-1 3.19075E-1 3.85777E-1 6.00869E-1 4.09607E-1 6.82769E-1 6.3877E-1 5.40248E-1 5.35884E-1 4.66025E-1 4.002E-1 3.55379E-1 3.40885E-1 3.33842E-1 4.51132E-1
5.68705E-1 6.11188E-1 4.68345E-1 5.2906E-1 4.95942E-1 3.33269E-1 4.44953E-1 4.48061E-1 4.40715E-1 3.92403E-1 5.84647E-1 4.18961E-1 4.3349E-1 3.84948E-1 4.54162E-1 5.2889E-1 5.56666E-1 5.43675E-1 5.09543E-1 6.5046E-1 3.70961E-1 3.72705E-1 3.18185E-1 3.16618E-1 3.24663E-1 2.59476E-1 1.62236E-1 1.48727E-1 2.05224E-1 2.94727E-1 4.70578E-1 4.43244E-1 4.15468E-1 4.2315E-1 4.71307E-1 5.30024E-1 5.57167E-1 5.56019E-1 6.22302E-1 7.68116E-1 7.05033E-1 7.33053E-1 6.27375E-1 6.04868E-1 5.29116E-1 1.34531E-1 2.99243E-1 2.61451E-1 5.33175E-1 5.55744E-1 5.8616E-1 5.68069E-1 5.33134E-1 3.24551E-1 4.6952E-1 3.67344E-1 3.13756E-1 2.80282E-1 1.82164E-1 4.28074E-1
3.04699E-1 5.0962E-1 3.64289E-1 4.73195E-1 4.42386E-1 4.32054E-1 2.99878E-1 4.92233E-1 4.87233E-1 4.06995E-1 4.32413E-1 5.92101E-1 3.98358E-1 4.00562E-1 4.62825E-1 5.42709E-1 5.66748E-1 5.4246E-1 5.08516E-1 4.39574E-1 4.05731E-1 3.33131E-1 2.71722E-1 2.73256E-1 3.20773E-1 2.44633E-1 1.57609E-1 1.59105E-1 1.90789E-1 2.95721E-1 4.52415E-1 4.72495E-1 4.06691E-1 4.05318E-1 4.61586E-1 5.46737E-1 5.59947E-1 5.59041E-1 5.90422E-1 6.29229E-1 7.88061E-1 6.85098E-1 7.17284E-1 3.14842E-1 2.41645E-1 1.42E-1 4.26595E-1 3.36052E-1 4.67814E-1 5.05936E-1 4.33832E-1 4.48828E-1 4.89296E-1 4.60535E-1 4.35808E-1 2.62278E-1 3.6005E-1 3.26817E-1 2.82334E-1 1.89263E-1
4.1675E-1 2.69058E-1 3.24806E-1 4.15299E-1 3.98379E-1 4.23076E-1 4.66058E-1 5.16482E-1 5.06483E-1 4.19184E-1 2.03613E-1 3.28999E-1 4.31172E-1 4.49692E-1 4.97258E-1 5.72206E-1 4.71894E-1 5.43839E-1 5.30856E-1 5.18693E-1 4.59386E-1 3.4698E-1 2.98219E-1 3.14211E-1 4.02017E-1 2.84502E-1 1.91766E-1 1.89247E-1 1.76831E-1 3.06219E-1 4.24616E-1 4.87229E-1 4.10695E-1 3.98674E-1 5.00463E-1 5.44322E-1 5.60985E-1 5.3832E-1 5.37423E-1 5.52252E-1 5.94016E-1 7.2184E-1 4.76608E-1 5.24741E-1 2.65083E-1 1.67064E-1 1.81494E-1 1.98064E-1 2.7041E-1 3.61855E-1 3.93203E-1 4.0601E-1 4.4518E-1 4.61191E-1 3.91281E-1 3.39023E-1 3.35005E-1 3.22784E-1 2.611E-1 2.12402E-1
4.24931E-1 2.72639E-1 3.15757E-1 4.06624E-1 3.58484E-1 4.0739E-1 4.83283E-1 6.36528E-1 1.92611E-1 4.47421E-1 3.65478E-1 3.65813E-1 4.24911E-1 4.30195E-1 3.45683E-1 6.02704E-1 3.57173E-1 5.37618E-1 5.48187E-1 6.25346E-1 5.07579E-1 3.63673E-1 3.41549E-1 3.76573E-1 4.7374E-1 3.48467E-1 2.69699E-1 2.92788E-1 2.3992E-1 3.17679E-1 3.89608E-1 4.38021E-1 4.29036E-1 4.12752E-1 5.3633E-1 5.35817E-1 5.26668E-1 4.99326E-1 5.08961E-1 5.31337E-1 5.75773E-1 6.32842E-1 5.69478E-1 3.05292E-1 2.28322E-1 1.45347E-1 1.35097E-1 1.84394E-1 2.14209E-1 3.56017E-1 2.51947E-1 3.46143E-1 3.86294E-1 3.57813E-1 3.81082E-1 3.12183E-1 3.03187E-1 2.78235E-1 2.23719E-1 1.95046E-1
4.98966E-1 3.2314E-1 3.51511E-1 3.58535E-1 3.74562E-1 4.11964E-1 4.83942E-1 4.27217E-1 5.32552E-1 3.29179E-1 4.21613E-1 3.96623E-1 4.55401E-1 2.62476E-1 5.16253E-1 6.08514E-1 5.68204E-1 5.25689E-1 5.05882E-1 6.07781E-1 5.03662E-1 4.2923E-1 4.00145E-1 4.5405E-1 5.35773E-1 4.12308E-1 3.69249E-1 3.75112E-1 3.12579E-1 3.97791E-1 3.94681E-1 3.8323E-1 4.20979E-1 4.46045E-1 5.49586E-1 5.12879E-1 4.94968E-1 4.59615E-1 4.6729E-1 4.93216E-1 5.48401E-1 2.85358E-1 3.32142E-1 2.74457E-1 2.16396E-1 1.37705E-1 1.22357E-1 2.74464E-1 3.37343E-1 2.70653E-1 3.83872E-1 2.50826E-1 3.45127E-1 4.03753E-1 3.56919E-1 2.85237E-1 2.59949E-1 2.19711E-1 1.92176E-1 1.95947E-1
5.44803E-1 4.16554E-1 4.37618E-1 4.53794E-1 4.55724E-1 4.86014E-1 5.18987E-1 5.10864E-1 5.13142E-1 4.97374E-1 6.65576E-1 6.27863E-1 6.17256E-1 6.46602E-1 6.6095E-1 6.63102E-1 6.30117E-1 6.07857E-1 5.68646E-1 5.60156E-1 5.63235E-1 5.31576E-1 5.38653E-1 6.93916E-1 6.66945E-1 5.84729E-1 5.73507E-1 5.00248E-1 5.05529E-1 5.38464E-1 5.76015E-1 5.34277E-1 5.09612E-1 5.6078E-1 6.1482E-1 6.31737E-1 6.06012E-1 5.6322E-1 5.57878E-1 5.4436E-1 4.77439E-1 2.50213E-1 3.17751E-1 2.60929E-1 2.09639E-1 1.64885E-1 1.36649E-1 1.33224E-1 3.29981E-1 2.47853E-1 1.92744E-1 1.98602E-1 2.65893E-1 2.88094E-1 3.19804E-1 3.68816E-1 3.48404E-1 3.06507E-1 3.27275E-1 3.42081E-1
4.25739E-1 4.94943E-1 4.98311E-1 5.16531E-1 4.98834E-1 5.19162E-1 4.01621E-1 4.39504E-1 4.79758E-1 5.21302E-1 4.50862E-1 5.96615E-1 6.76561E-1 6.47437E-1 6.57558E-1 6.18932E-1 5.75647E-1 5.65358E-1 5.87535E-1 5.50951E-1 5.57486E-1 5.59706E-1 6.17495E-1 7.50008E-1 6.99159E-1 6.30164E-1 6.19435E-1 5.57661E-1 5.56062E-1 5.4974E-1 6.28374E-1 5.90558E-1 5.32754E-1 6.20853E-1 6.69782E-1 7.40811E-1 6.96564E-1 6.14857E-1 5.60727E-1 5.32924E-1 3.01755E-1 3.54467E-1 3.08411E-1 2.54937E-1 2.12944E-1 2.11082E-1 1.99356E-1 2.12008E-1 4.22312E-1 2.84863E-1 2.07969E-1 3.74479E-1 2.21419E-1 2.43125E-1 2.77331E-1 3.21012E-1 3.13951E-1 3.42582E-1 3.65177E-1 3.53159E-1
4.48765E-1 5.29002E-1 5.07636E-1 3.77049E-1 2.81736E-1 5.26076E-1 4.81652E-1 4.97655E-1 4.71369E-1 5.36E-1 7.01616E-1 6.89133E-1 6.85646E-1 6.30635E-1 6.38942E-1 5.8848E-1 5.95766E-1 6.14543E-1 6.75231E-1 6.46024E-1 6.01418E-1 4.7128E-1 7.01049E-1 7.62155E-1 7.14154E-1 6.88403E-1 6.66073E-1 6.00919E-1 6.041E-1 6.04933E-1 6.78193E-1 6.31493E-1 5.02696E-1 6.68577E-1 7.08932E-1 7.80492E-1 7.89369E-1 7.91349E-1 6.38243E-1 4.31912E-1 3.24722E-1 3.50671E-1 2.80655E-1 2.25361E-1 2.06916E-1 2.33588E-1 2.76673E-1 3.73905E-1 5.01168E-1 4.27284E-1 2.8666E-1 1.85425E-1 1.77361E-1 1.74126E-1 1.96712E-1 2.66644E-1 2.94415E-1 2.95515E-1 3.03583E-1 2.74355E-1
5.10116E-1 5.30984E-1 3.54132E-1 5.42971E-1 4.92312E-1 4.93093E-1 4.98519E-1 5.13861E-1 4.85769E-1 5.48409E-1 7.11958E-1 7.23939E-1 6.99424E-1 6.48103E-1 6.53504E-1 6.40058E-1 6.54822E-1 6.89967E-1 7.66456E-1 7.40503E-1 6.17321E-1 6.81839E-1 7.52407E-1 7.69175E-1 7.28126E-1 7.34022E-1 6.88375E-1 6.40663E-1 6.40333E-1 6.4952E-1 7.05464E-1 6.53252E-1 4.78747E-1 7.04953E-1 7.44151E-1 7.70647E-1 8.18592E-1 8.10929E-1 5.39306E-1 5.93391E-1 4.82311E-1 4.58597E-1 3.46183E-1 2.90505E-1 2.68588E-1 2.69214E-1 3.26768E-1 3.69168E-1 4.22551E-1 4.13139E-1 2.10034E-1 1.99317E-1 2.21701E-1 2.28263E-1 2.34247E-1 2.97979E-1 2.76182E-1 3.2113E-1 3.28448E-1 3.67545E-1
4.84115E-1 5.26653E-1 3.85421E-1 5.08474E-1 4.49499E-1 4.30596E-1 5.12767E-1 5.45705E-1 4.49541E-1 5.7205E-1 7.19614E-1 7.01446E-1 6.39692E-1 6.63803E-1 6.649E-1 6.76093E-1 6.84054E-1 6.9078E-1 7.67851E-1 7.27856E-1 6.17643E-1 7.0626E-1 7.48787E-1 7.60693E-1 7.48739E-1 7.59589E-1 7.06528E-1 6.70752E-1 6.58554E-1 6.54506E-1 7.22073E-1 6.68461E-1 6.70588E-1 7.21126E-1 7.63696E-1 7.93405E-1 8.36362E-1 5.97743E-1 7.78941E-1 7.06479E-1 5.35804E-1 4.18908E-1 3.97943E-1 4.07547E-1 3.81676E-1 3.40727E-1 3.67401E-1 4.15716E-1 4.88531E-1 4.42085E-1 2.88021E-1 2.84438E-1 2.5714E-1 2.11436E-1 2.58158E-1 3.21419E-1 3.46263E-1 3.70122E-1 3.87929E-1 4.21122E-1
4.89787E-1 2.79711E-1 4.29667E-1 4.49181E-1 3.99084E-1 3.86654E-1 4.08592E-1 5.69315E-1 5.40527E-1 5.54443E-1 5.50905E-1 5.22274E-1 3.22951E-1 4.90488E-1 5.37354E-1 6.60295E-1 4.45867E-1 7.34471E-1 6.4756E-1 5.55991E-1 4.07583E-1 7.26321E-1 7.77798E-1 7.29521E-1 7.34014E-1 7.8662E-1 7.13101E-1 7.08999E-1 6.95756E-1 6.58637E-1 6.83088E-1 7.22862E-1 6.97565E-1 7.27484E-1 7.77282E-1 7.3112E-1 7.58066E-1 6.66875E-1 6.66747E-1 6.1913E-1 5.8073E-1 5.73595E-1 5.7092E-1 5.62088E-1 4.68435E-1 3.34204E-1 2.92703E-1 3.67335E-1 4.609E-1 4.66085E-1 5.44952E-1 3.97455E-1 4.60016E-1 4.35195E-1 3.8928E-1 2.79615E-1 3.14375E-1 2.86957E-1 3.71274E-1 3.73999E-1
3.88182E-1 3.48852E-1 4.31365E-1 4.16854E-1 3.74625E-1 3.59484E-1 3.23928E-1 3.23514E-1 5.60238E-1 4.89345E-1 5.19359E-1 4.90404E-1 3.38978E-1 4.84499E-1 5.53588E-1 6.71427E-1 6.38492E-1 7.71389E-1 6.35315E-1 5.42623E-1 6.3447E-1 7.94049E-1 7.70201E-1 7.50981E-1 7.47628E-1 8.02369E-1 7.23394E-1 7.27451E-1 6.97991E-1 6.56341E-1 6.77879E-1 6.67532E-1 7.13367E-1 7.39566E-1 7.74153E-1 5.85104E-1 6.32973E-1 5.98162E-1 6.60065E-1 5.44124E-1 5.1215E-1 5.6929E-1 5.94254E-1 5.80347E-1 5.19277E-1 4.29518E-1 4.33679E-1 4.14098E-1 4.46477E-1 4.79318E-1 6.0644E-1 5.59163E-1 4.72577E-1 4.68593E-1 4.25348E-1 3.37171E-1 3.9577E-1 4.4363E-1 3.83604E-1 3.32261E-1
2.19979E-1 4.70557E-1 4.27129E-1 4.15161E-1 3.64317E-1 3.40051E-1 3.09819E-1 2.72986E-1 4.7286E-1 4.55138E-1 4.83499E-1 4.81769E-1 2.84988E-1 4.6958E-1 5.75994E-1 6.89498E-1 6.36205E-1 7.38334E-1 5.04257E-1 5.54854E-1 8.00574E-1 7.94819E-1 7.95428E-1 7.78658E-1 7.78527E-1 8.04234E-1 7.30636E-1 7.21913E-1 7.17391E-1 6.75261E-1 6.75941E-1 6.64763E-1 6.85488E-1 6.93273E-1 2.42523E-1 4.11206E-1 4.12746E-1 4.56303E-1 6.15588E-1 6.44946E-1 6.87208E-1 6.40151E-1 6.1632E-1 6.16387E-1 5.72018E-1 4.78154E-1 4.21056E-1 3.518E-1 3.07668E-1 4.40279E-1 4.5602E-1 4.92592E-1 4.5014E-1 4.77336E-1 4.94662E-1 4.9237E-1 4.78305E-1 4.20053E-1 4.13805E-1 4.55119E-1
4.1595E-1 4.61833E-1 4.31618E-1 4.11456E-1 3.49499E-1 3.45419E-1 1.54285E-1 3.55709E-1 3.29279E-1 4.01167E-1 4.44219E-1 4.50005E-1 4.7204E-1 4.1656E-1 5.68882E-1 6.64997E-1 6.20405E-1 5.2075E-1 5.23191E-1 7.51397E-1 8.05734E-1 6.28215E-1 7.63253E-1 8.02363E-1 8.01333E-1 8.14542E-1 7.21305E-1 7.27803E-1 5.06447E-1 6.98201E-1 6.9932E-1 7.20783E-1 7.10738E-1 2.68137E-1 4.49795E-1 4.54566E-1 4.67815E-1 4.63937E-1 7.85907E-1 6.08999E-1 6.27521E-1 6.64367E-1 6.42747E-1 6.28593E-1 5.92364E-1 5.04132E-1 4.41865E-1 3.52406E-1 2.64322E-1 3.46713E-1 5.49462E-1 4.71775E-1 5.29413E-1 6.61175E-1 5.72195E-1 4.15466E-1 4.21584E-1 4.46886E-1 4.9222E-1 4.97907E-1
4.38347E-1 4.28731E-1 4.19465E-1 3.97471E-1 3.3468E-1 3.78332E-1 3.72362E-1 4.82109E-1 4.34255E-1 4.51235E-1 4.46244E-1 4.33049E-1 4.62237E-1 4.86929E-1 5.13907E-1 5.05267E-1 6.63152E-1 5.13607E-1 6.601E-1 7.54978E-1 7.64544E-1 7.39404E-1 8.01179E-1 7.94059E-1 8.0378E-1 7.70111E-1 7.19066E-1 5.52898E-1 7.09186E-1 6.82423E-1 6.9408E-1 6.92136E-1 6.65135E-1 5.77588E-1 5.30879E-1 5.22235E-1 5.07167E-1 4.57225E-1 2.30056E-1 3.66359E-1 3.23526E-1 6.18941E-1 6.61099E-1 6.99229E-1 6.16322E-1 5.11439E-1 4.63546E-1 3.69165E-1 2.96197E-1 2.16389E-1 2.47631E-1 3.58764E-1 6.22149E-1 5.08886E-1 4.65964E-1 3.43191E-1 3.63499E-1 3.70103E-1 5.00722E-1 5.13178E-1
3.79129E-1 4.20998E-1 4.27147E-1 4.4614E-1 4.15126E-1 3.08215E-1 5.27824E-1 4.93985E-1 4.39398E-1 3.35892E-1 3.7112E-1 4.62954E-1 4.82234E-1 3.73825E-1 6.0015E-1 3.95107E-1 5.83348E-1 5.75765E-1 6.93107E-1 6.99001E-1 6.72134E-1 6.89802E-1 7.81607E-1 6.33794E-1 7.73295E-1 7.43534E-1 6.93951E-1 6.64373E-1 5.88926E-1 6.00962E-1 6.13775E-1 5.84795E-1 6.53989E-1 6.06221E-1 5.80092E-1 5.87078E-1 5.78263E-1 5.63232E-1 5.38592E-1 5.17592E-1 4.34816E-1 4.92957E-1 5.20181E-1 5.07592E-1 3.10612E-1 4.58345E-1 3.74002E-1 3.17853E-1 2.86981E-1 2.30401E-1 1.19037E-1 1.95561E-1 3.46321E-1 2.34459E-1 2.13078E-1 1.91657E-1 2.1261E-1 2.61154E-1 4.5159E-1 5.35072E-1
