Phytophthora/models/20240501_1705_06/Phytophthora_PA3_RUN2_MAXENT_outputs/Phytophthora_PA3_RUN2.asc
ncols         225
nrows         269
xllcorner     473000.0
yllcorner     4429100.0
cellsize      50.0
NODATA_value  -9999
[rows 189 to 215 of 269, columns 120 to 179 of 225]
3.15245E-1 3.22752E-1 2.7189E-1 2.44086E-1 2.41257E-1 1.6639E-1 2.36649E-1 2.59736E-1 2.77998E-1 3.66014E-1 3.75164E-1 4.06575E-1 5.41782E-1 4.45478E-1 3.67481E-1 3.85843E-1 3.63274E-1 3.95526E-1 3.52509E-1 4.5289E-1 2.13867E-1 2.00799E-1 1.63077E-1 1.14534E-1 8.33134E-2 1.03981E-1 1.17532E-1 1.13308E-1 7.94161E-2 1.13227E-1 2.31359E-1 2.68418E-1 2.85353E-1 2.99468E-1 3.60302E-1 4.30389E-1 4.80449E-1 4.88499E-1 5.12567E-1 4.94264E-1 4.34115E-1 2.59665E-1 2.46875E-1 -9999 1.76745E-1 1.67026E-1 1.58386E-1 1.5105E-1 1.63198E-1 1.91948E-1 1.95274E-1 2.21875E-1 2.36467E-1 3.01824E-1 4.44331E-1 5.00912E-1 4.44994E-1 3.61845E-1 3.57995E-1 2.1545E-1
1.49001E-1 3.31149E-1 3.27445E-1 2.86532E-1 2.50753E-1 2.67035E-1 1.24431E-1 2.82469E-1 3.05869E-1 4.03429E-1 4.33747E-1 4.54891E-1 6.11259E-1 4.95691E-1 4.42444E-1 4.23142E-1 1.85513E-1 5.0882E-1 4.4063E-1 4.06953E-1 2.07306E-1 1.72621E-1 1.41348E-1 1.10268E-1 9.00652E-2 1.45891E-1 7.30752E-2 1.18329E-1 7.75593E-2 1.15341E-1 2.21373E-1 2.40796E-1 2.71743E-1 2.86884E-1 3.31013E-1 3.85672E-1 4.32726E-1 4.32727E-1 3.86851E-1 3.87602E-1 3.11297E-1 2.16378E-1 3.14594E-1 8.17042E-2 2.0265E-1 1.94352E-1 1.85525E-1 1.59178E-1 1.81217E-1 2.19729E-1 2.1718E-1 2.69328E-1 2.71107E-1 3.19931E-1 4.43633E-1 4.67074E-1 4.70753E-1 3.81687E-1 3.61397E-1 3.11688E-1
2.04401E-1 3.69906E-1 3.04065E-1 2.72656E-1 2.36955E-1 2.0602E-1 1.48372E-1 2.32499E-1 2.22405E-1 2.45452E-1 2.28409E-1 2.5414E-1 3.54614E-1 2.83292E-1 2.53921E-1 1.64881E-1 3.20083E-1 3.48981E-1 2.55045E-1 2.73017E-1 2.9949E-1 2.50285E-1 2.10897E-1 1.83797E-1 1.80381E-1 2.15749E-1 1.49243E-1 1.46927E-1 1.62337E-1 2.16073E-1 2.17052E-1 2.26731E-1 2.51262E-1 2.64613E-1 3.04052E-1 3.23348E-1 3.44204E-1 3.32917E-1 3.40462E-1 3.75684E-1 3.67172E-1 4.01939E-1 4.2379E-1 2.97099E-1 8.99654E-2 1.67973E-1 1.40232E-1 1.56355E-1 1.70886E-1 2.23699E-1 2.48592E-1 3.26037E-1 2.91258E-1 3.241E-1 4.81213E-1 4.93027E-1 5.448E-1 3.12495E-1 2.99617E-1 3.28386E-1
2.8972E-1 2.8339E-1 3.22411E-1 2.91213E-1 2.57461E-1 2.00509E-1 2.67091E-1 3.48434E-1 2.40908E-1 2.46695E-1 2.47588E-1 2.44633E-1 2.3422E-1 8.35088E-2 2.75282E-2 1.53301E-1 8.04563E-2 1.32312E-1 2.21071E-1 2.13209E-1 2.5231E-1 2.23899E-1 1.96021E-1 1.71417E-1 1.77172E-1 2.19153E-1 1.73088E-1 1.67228E-1 2.003E-1 2.3398E-1 1.97977E-1 2.05935E-1 2.14109E-1 2.31395E-1 2.6087E-1 2.77502E-1 3.00519E-1 3.03475E-1 3.42121E-1 3.89352E-1 3.75469E-1 4.49746E-1 4.40471E-1 4.15649E-1 1.7328E-1 -9999 -9999 1.24137E-1 1.62649E-1 2.1831E-1 2.6502E-1 3.31142E-1 3.07331E-1 2.98725E-1 4.04056E-1 4.88779E-1 4.91933E-1 2.01323E-1 3.55287E-1 3.36569E-1
3.25242E-1 3.3116E-1 3.82931E-1 3.15138E-1 2.698E-1 2.13247E-1 2.11186E-1 3.54062E-1 2.78241E-1 2.43299E-1 1.01311E-1 4.81473E-2 1.0315E-1 1.26089E-1 1.63732E-1 3.51793E-1 2.75233E-1 1.24068E-1 2.02193E-1 2.1464E-1 2.55866E-1 2.2689E-1 1.96751E-1 1.84161E-1 1.7668E-1 2.17594E-1 1.98981E-1 2.30573E-1 2.32295E-1 2.68527E-1 2.25094E-1 2.27648E-1 2.26693E-1 2.36917E-1 2.76195E-1 2.86602E-1 3.16395E-1 3.28221E-1 3.64888E-1 3.92115E-1 3.73103E-1 4.64894E-1 4.45271E-1 3.93524E-1 3.5137E-1 1.55561E-1 -9999 -9999 2.10296E-1 1.32904E-1 1.91093E-1 1.82196E-1 7.18004E-2 1.20845E-1 5.04947E-1 3.59673E-1 2.76727E-1 3.29072E-1 3.49256E-1 3.59971E-1
3.19114E-1 3.778E-1 2.21542E-1 3.51504E-1 3.02091E-1 2.35948E-1 2.4398E-1 3.49565E-1 2.81595E-1 6.38356E-2 1.23728E-1 1.50903E-1 1.45997E-1 1.22526E-1 1.36992E-1 1.54953E-1 2.54541E-1 3.59973E-1 2.64652E-1 2.79225E-1 3.58609E-1 3.30151E-1 3.13877E-1 2.59772E-1 2.104E-1 2.39989E-1 2.60011E-1 2.95049E-1 2.82255E-1 2.67935E-1 2.28105E-1 2.3817E-1 2.50466E-1 2.6775E-1 3.06676E-1 3.19129E-1 3.57647E-1 3.64439E-1 3.76603E-1 3.84736E-1 3.6972E-1 4.06027E-1 3.18711E-1 3.7225E-1 3.39806E-1 2.92261E-1 1.99464E-1 2.34429E-1 2.34717E-1 2.65566E-1 3.36526E-1 3.46303E-1 4.29794E-1 2.43193E-1 3.75045E-1 5.05656E-1 3.08912E-1 2.89333E-1 3.32206E-1 5.07551E-1
3.02241E-1 3.42688E-1 2.59433E-1 3.73406E-1 3.19353E-1 2.59915E-1 2.67586E-1 4.76897E-1 3.89486E-1 1.85003E-1 1.34009E-1 1.25697E-1 1.24914E-1 1.06005E-1 1.45899E-1 1.75283E-1 4.23123E-1 1.46541E-1 1.21982E-1 2.69993E-1 4.32979E-1 3.88336E-1 2.40699E-1 1.73291E-1 1.63183E-1 2.59916E-1 2.75137E-1 3.77083E-1 3.45627E-1 3.20466E-1 2.73685E-1 2.68664E-1 2.95717E-1 3.33512E-1 3.6691E-1 3.64857E-1 4.18404E-1 4.53199E-1 5.09495E-1 5.18849E-1 4.71979E-1 4.67751E-1 4.04614E-1 3.87366E-1 2.80947E-1 2.44933E-1 2.66548E-1 3.40612E-1 3.24703E-1 2.71857E-1 2.84904E-1 4.58883E-1 3.93046E-1 2.40304E-1 4.2998E-1 4.65931E-1 2.94425E-1 2.53918E-1 2.53368E-1 4.35969E-1
2.25465E-1 2.2263E-1 2.59759E-1 2.16566E-1 2.45342E-1 2.40741E-1 2.58085E-1 2.02602E-1 6.43942E-2 1.91173E-1 1.73194E-1 1.49221E-1 1.34288E-1 1.4175E-1 2.10983E-1 2.15979E-1 1.84178E-1 2.2053E-1 2.07393E-1 2.99404E-1 2.11104E-1 3.93703E-1 3.54159E-1 2.68236E-1 2.32841E-1 3.08344E-1 3.68033E-1 4.18493E-1 3.85981E-1 3.49605E-1 2.92397E-1 2.8909E-1 3.05562E-1 3.21862E-1 3.75218E-1 3.13213E-1 3.50623E-1 3.97455E-1 4.55593E-1 4.77442E-1 3.8004E-1 3.51561E-1 3.0866E-1 2.70148E-1 2.22831E-1 2.26956E-1 2.69911E-1 2.029E-1 1.83625E-1 2.76017E-1 4.29042E-1 4.17831E-1 4.29498E-1 2.5969E-1 4.15056E-1 2.68077E-1 2.16181E-1 1.7628E-1 1.78416E-1 1.5921E-1
2.67318E-1 2.27164E-1 2.39289E-1 1.25657E-1 2.59397E-1 2.34084E-1 1.81753E-1 2.10376E-1 7.23316E-2 1.8192E-1 1.57668E-1 1.38686E-1 1.16372E-1 1.38664E-1 1.77465E-1 2.11479E-1 2.9359E-1 1.9792E-1 2.09792E-1 1.64139E-1 2.94735E-1 3.82501E-1 3.88034E-1 3.29075E-1 2.57949E-1 3.64233E-1 3.86353E-1 4.83165E-1 4.08011E-1 3.85459E-1 3.24468E-1 3.14028E-1 3.20836E-1 3.35857E-1 2.02268E-1 1.79014E-1 2.32682E-1 3.61038E-1 4.84173E-1 4.88733E-1 4.34901E-1 4.18042E-1 4.00366E-1 3.82345E-1 3.43315E-1 3.74677E-1 1.64818E-1 3.07964E-1 3.03467E-1 4.66577E-1 3.36188E-1 2.31136E-1 2.59865E-1 1.2032E-1 3.7481E-1 2.68289E-1 2.02365E-1 1.57288E-1 1.75657E-1 1.42225E-1
1.50136E-1 1.31121E-1 2.28796E-1 2.23008E-1 2.27733E-1 2.01713E-1 1.9893E-1 2.65236E-1 7.39215E-2 2.13753E-1 1.75463E-1 1.63407E-1 1.40952E-1 1.62867E-1 1.55866E-1 2.77818E-1 1.25738E-1 1.38244E-1 1.20877E-1 2.41087E-1 2.8051E-1 2.97503E-1 3.64254E-1 3.26816E-1 3.34993E-1 4.40676E-1 4.75722E-1 4.70219E-1 4.46012E-1 4.43503E-1 3.45138E-1 3.31539E-1 2.61216E-1 1.25109E-1 3.58174E-1 3.54062E-1 3.89114E-1 4.16157E-1 3.40367E-1 3.3536E-1 2.74622E-1 4.65944E-1 4.70397E-1 2.82736E-1 2.91575E-1 3.23835E-1 4.38248E-1 4.37764E-1 5.12965E-1 4.02825E-1 3.56144E-1 5.02371E-1 4.47473E-1 3.80057E-1 1.02661E-1 1.7994E-1 1.81182E-1 1.85171E-1 1.91384E-1 1.66208E-1
4.00712E-1 3.04388E-1 1.01534E-1 1.2862E-1 8.14895E-2 1.77909E-1 2.05419E-1 2.62289E-1 2.67099E-1 3.71972E-1 3.28562E-1 2.30488E-1 1.70725E-1 1.66968E-1 1.69155E-1 1.73415E-1 1.91546E-1 1.84712E-1 1.80002E-1 1.82446E-1 2.55906E-1 1.99399E-1 2.00731E-1 2.12759E-1 2.83364E-1 4.5126E-1 4.47329E-1 5.24879E-1 4.81689E-1 4.75402E-1 2.94217E-1 1.61543E-1 2.98195E-1 2.91491E-1 3.26241E-1 3.1261E-1 3.42219E-1 3.56E-1 3.79271E-1 4.32928E-1 3.17381E-1 5.34162E-1 3.28054E-1 3.36931E-1 2.47838E-1 3.44359E-1 4.33546E-1 2.23137E-1 3.55731E-1 4.03584E-1 4.9729E-1 4.69329E-1 4.28714E-1 4.34323E-1 2.62585E-1 1.81945E-1 1.99622E-1 2.12222E-1 1.92858E-1 1.79487E-1
1.7351E-1 2.129E-1 2.14658E-1 2.20039E-1 2.20474E-1 1.89577E-1 1.869E-1 7.05668E-2 1.13951E-1 2.30037E-1 1.86795E-1 1.58138E-1 1.33689E-1 1.47154E-1 1.54839E-1 1.77239E-1 1.70538E-1 1.63554E-1 2.13329E-1 1.6808E-1 2.58235E-1 2.1099E-1 1.95943E-1 2.28428E-1 3.69911E-1 4.87922E-1 5.11889E-1 5.30033E-1 5.34264E-1 3.45051E-1 2.467E-1 3.3225E-1 2.45048E-1 1.16972E-1 2.15856E-1 1.45339E-1 3.30555E-1 3.13016E-1 3.34116E-1 3.15842E-1 3.2023E-1 2.6983E-1 4.86452E-1 5.26611E-1 5.08038E-1 5.00782E-1 4.84673E-1 4.38711E-1 4.28557E-1 3.04606E-1 3.29743E-1 2.52132E-1 2.409E-1 3.24436E-1 2.42325E-1 1.91835E-1 2.07839E-1 1.96468E-1 1.75682E-1 2.0091E-1
1.48401E-1 1.51077E-1 1.34819E-1 1.63306E-1 7.09715E-2 1.11823E-1 1.3881E-1 1.55742E-1 6.31741E-2 1.90314E-1 1.43142E-1 1.26113E-1 1.07138E-1 1.14553E-1 1.43295E-1 2.19869E-1 2.09156E-1 1.97214E-1 1.89131E-1 2.78202E-1 3.82499E-1 3.97543E-1 3.58374E-1 3.85232E-1 4.59516E-1 5.87756E-1 6.22481E-1 6.52886E-1 5.87727E-1 6.35881E-1 5.00243E-1 4.38916E-1 4.69451E-1 4.2389E-1 4.00554E-1 3.29499E-1 2.01713E-1 1.90853E-1 1.23725E-1 3.4836E-1 2.47079E-1 2.93834E-1 3.26403E-1 4.03091E-1 4.56236E-1 4.05498E-1 3.69594E-1 2.74326E-1 2.18597E-1 2.22142E-1 2.32834E-1 2.0929E-1 1.84119E-1 1.85049E-1 6.32141E-2 1.67162E-1 1.84271E-1 1.76283E-1 2.67627E-1 2.20352E-1
1.34675E-1 1.36614E-1 7.52808E-2 1.51563E-1 1.18835E-1 1.20039E-1 1.48871E-1 9.74699E-2 1.7074E-1 1.69335E-1 1.41808E-1 1.17998E-1 1.07293E-1 9.58606E-2 1.32954E-1 2.19725E-1 2.50046E-1 2.54938E-1 2.13812E-1 2.76569E-1 3.9527E-1 3.58154E-1 3.49538E-1 4.66448E-1 5.10005E-1 6.24901E-1 6.586E-1 7.53929E-1 7.04553E-1 6.04046E-1 4.65244E-1 4.06969E-1 4.3358E-1 4.28E-1 3.97253E-1 3.18018E-1 3.97922E-1 2.21423E-1 3.2597E-1 3.01706E-1 2.1497E-1 2.18795E-1 2.10107E-1 2.37454E-1 3.79812E-1 2.53807E-1 2.15942E-1 2.11944E-1 1.83875E-1 1.75544E-1 1.80087E-1 1.67647E-1 1.52719E-1 1.48595E-1 1.41793E-1 6.76231E-2 2.95082E-1 2.54059E-1 2.53685E-1 3.25185E-1
1.07212E-1 1.22385E-1 2.75273E-1 1.21649E-1 1.23831E-1 1.49902E-1 1.70331E-1 1.40843E-1 1.91387E-1 1.76531E-1 1.54215E-1 1.34418E-1 1.24884E-1 1.0264E-1 1.32189E-1 2.00468E-1 2.40104E-1 2.11309E-1 1.82824E-1 2.3972E-1 3.56652E-1 3.51486E-1 4.12866E-1 5.10793E-1 5.24013E-1 6.48505E-1 7.09125E-1 7.59332E-1 5.98479E-1 5.07437E-1 3.94835E-1 3.46052E-1 3.41536E-1 3.65024E-1 4.19114E-1 3.06927E-1 3.67458E-1 1.66117E-1 3.48493E-1 2.85523E-1 1.76563E-1 1.88182E-1 1.98812E-1 2.75053E-1 2.34183E-1 1.76908E-1 2.48701E-1 2.58484E-1 2.2949E-1 2.1826E-1 2.12718E-1 1.99437E-1 1.86337E-1 1.60081E-1 1.30636E-1 2.42758E-1 1.58238E-1 1.61794E-1 1.69278E-1 2.27712E-1
9.13372E-2 1.21188E-1 8.22945E-2 4.3935E-2 7.93834E-2 2.53686E-1 3.10819E-1 2.61603E-1 2.41747E-1 2.45296E-1 2.36005E-1 2.02792E-1 1.85047E-1 1.32462E-1 1.43012E-1 1.8062E-1 1.87318E-1 1.50044E-1 1.70175E-1 1.8852E-1 2.94355E-1 2.98329E-1 4.92076E-1 5.27297E-1 5.00082E-1 6.48355E-1 6.79601E-1 7.11637E-1 5.41665E-1 4.65066E-1 3.35352E-1 2.84543E-1 3.11083E-1 3.8258E-1 4.47935E-1 1.62286E-1 2.96757E-1 3.1312E-1 3.21048E-1 3.0021E-1 1.93362E-1 2.70047E-1 3.82268E-1 2.63241E-1 2.09093E-1 1.51291E-1 2.75714E-1 2.84126E-1 2.71951E-1 2.51276E-1 2.57096E-1 2.483E-1 2.42687E-1 1.99973E-1 1.58499E-1 1.72706E-1 2.29876E-1 1.12588E-1 1.99033E-1 2.66651E-1
1.08854E-1 5.44351E-2 1.17908E-1 1.01341E-1 2.35102E-1 1.91037E-1 2.52072E-1 9.0276E-2 1.17375E-1 2.98654E-1 2.53033E-1 2.4599E-1 2.3207E-1 1.95498E-1 1.75438E-1 1.63465E-1 1.2919E-1 1.34939E-1 1.39996E-1 1.47243E-1 2.71775E-1 4.4892E-1 5.49372E-1 5.57827E-1 4.80242E-1 6.44982E-1 6.51327E-1 6.30926E-1 4.50211E-1 3.63922E-1 2.73947E-1 2.84158E-1 3.01059E-1 3.92496E-1 4.50706E-1 1.64312E-1 3.02744E-1 2.40542E-1 2.23165E-1 2.42443E-1 2.32311E-1 2.89279E-1 3.01394E-1 1.69056E-1 2.71842E-1 2.56751E-1 1.89445E-1 1.23478E-1 2.07675E-1 2.64844E-1 2.70913E-1 2.53769E-1 2.51803E-1 2.21726E-1 1.88772E-1 2.83084E-1 1.67838E-1 8.61643E-2 1.19199E-1 1.6559E-1
1.1682E-1 1.37624E-1 1.20556E-1 1.23612E-1 1.13131E-1 2.23402E-1 1.09963E-1 2.48971E-1 1.92843E-1 1.76943E-1 2.06458E-1 2.79025E-1 2.85813E-1 2.06975E-1 1.6295E-1 1.36168E-1 1.1361E-1 1.40478E-1 1.46818E-1 1.53225E-1 1.844E-1 4.1372E-1 4.35884E-1 4.34227E-1 4.17457E-1 5.92061E-1 5.36676E-1 4.56098E-1 3.68241E-1 2.74308E-1 2.49822E-1 2.78471E-1 2.99752E-1 3.51003E-1 4.93557E-1 2.02921E-1 2.96885E-1 2.32019E-1 2.16401E-1 2.40723E-1 1.91334E-1 1.21861E-1 1.11132E-1 3.96974E-1 4.16276E-1 3.20576E-1 3.26789E-1 3.17535E-1 3.19508E-1 2.96563E-1 1.83856E-1 2.76168E-1 3.38188E-1 2.97073E-1 2.55159E-1 1.27178E-1 9.55784E-2 9.97414E-2 1.30131E-1 1.80887E-1
1.56736E-1 1.40248E-1 1.34685E-1 1.41031E-1 2.10014E-1 1.03751E-1 1.9651E-1 2.31745E-1 2.40673E-1 2.2788E-1 2.48131E-1 2.09025E-1 1.88135E-1 1.60215E-1 1.35475E-1 1.2346E-1 1.15401E-1 1.52198E-1 1.62811E-1 1.90618E-1 2.40951E-1 4.44431E-1 4.44528E-1 4.64427E-1 4.86226E-1 6.05961E-1 5.51921E-1 3.38543E-1 2.90084E-1 2.55999E-1 2.40643E-1 2.64946E-1 2.71491E-1 2.98952E-1 4.42353E-1 3.48498E-1 3.33101E-1 2.01739E-1 2.27378E-1 2.55441E-1 5.71463E-2 2.34087E-1 2.7373E-1 3.70567E-1 4.92403E-1 3.50591E-1 3.29091E-1 3.12138E-1 2.98354E-1 2.78342E-1 2.73367E-1 2.75516E-1 3.22234E-1 3.40632E-1 1.08888E-1 1.50336E-1 1.10437E-1 1.11356E-1 1.44544E-1 2.08597E-1
1.37937E-1 1.44931E-1 1.3108E-1 1.08776E-1 8.36441E-2 1.55347E-1 1.89774E-1 1.72896E-1 3.05422E-1 1.82081E-1 2.19768E-1 1.9721E-1 1.74458E-1 1.42974E-1 1.35727E-1 1.23449E-1 1.11539E-1 1.57765E-1 1.84638E-1 2.21724E-1 2.90931E-1 4.93925E-1 4.97596E-1 5.08813E-1 5.11291E-1 6.19066E-1 4.21504E-1 4.50233E-1 3.35247E-1 2.26573E-1 2.36784E-1 2.6196E-1 2.57568E-1 2.69872E-1 3.55138E-1 3.49762E-1 3.18253E-1 1.75386E-1 2.27413E-1 2.57329E-1 2.07298E-1 2.08484E-1 2.35257E-1 3.36195E-1 4.52174E-1 4.39708E-1 3.16868E-1 2.86616E-1 2.56141E-1 2.46293E-1 2.57314E-1 2.34344E-1 2.10053E-1 1.46306E-1 1.65038E-1 1.1155E-1 1.22497E-1 1.12734E-1 1.56473E-1 2.43313E-1
1.45692E-1 1.80287E-1 1.06608E-1 8.80256E-2 1.7421E-1 1.90939E-1 2.09353E-1 1.66584E-1 2.31892E-1 1.10027E-1 1.32183E-1 1.32337E-1 1.21451E-1 1.08013E-1 1.0395E-1 1.03675E-1 1.19165E-1 1.6208E-1 1.91986E-1 2.49183E-1 3.75455E-1 5.34531E-1 5.30424E-1 5.44811E-1 5.43542E-1 6.46556E-1 5.3723E-1 4.06214E-1 2.94462E-1 2.4074E-1 2.37562E-1 2.44539E-1 2.43537E-1 2.35414E-1 2.70261E-1 3.57032E-1 2.72568E-1 1.8541E-1 2.11024E-1 1.93674E-1 1.87611E-1 1.89648E-1 2.0372E-1 2.79139E-1 4.09236E-1 3.94893E-1 2.98323E-1 2.56952E-1 2.2189E-1 2.14859E-1 2.28435E-1 1.9939E-1 1.73532E-1 1.47416E-1 2.4654E-1 1.73578E-1 1.25905E-1 1.04145E-1 1.482E-1 2.59112E-1
1.92371E-1 1.82438E-1 1.24494E-1 2.40906E-1 1.72444E-1 1.69626E-1 1.56616E-1 1.25959E-1 1.09561E-1 1.2453E-1 2.43112E-1 1.15248E-1 1.10835E-1 1.01522E-1 1.01933E-1 1.11268E-1 1.54649E-1 1.79844E-1 2.14578E-1 2.70512E-1 4.43301E-1 5.52528E-1 5.43868E-1 4.59949E-1 5.26534E-1 5.96893E-1 5.64625E-1 3.81832E-1 2.80443E-1 2.50632E-1 2.54806E-1 2.32384E-1 2.25694E-1 1.97353E-1 4.68071E-1 3.56329E-1 2.89345E-1 2.11215E-1 1.83486E-1 1.50605E-1 1.64109E-1 1.68899E-1 1.69619E-1 2.3014E-1 3.53179E-1 3.4428E-1 2.31911E-1 2.2052E-1 2.01397E-1 2.01038E-1 2.21626E-1 1.94785E-1 1.84908E-1 1.55093E-1 1.36675E-1 1.14345E-1 9.80455E-2 1.04074E-1 2.24578E-1 2.51105E-1
2.07768E-1 1.81861E-1 1.89104E-1 2.642E-1 1.97996E-1 1.87695E-1 1.66258E-1 1.50785E-1 1.44222E-1 1.41395E-1 2.06899E-1 2.0647E-1 1.36368E-1 1.17997E-1 1.15566E-1 1.3686E-1 1.62993E-1 1.76131E-1 2.23782E-1 2.75757E-1 5.32307E-1 5.30177E-1 5.49224E-1 5.16756E-1 5.13816E-1 4.48188E-1 3.46032E-1 1.87831E-1 1.80853E-1 1.59196E-1 1.59158E-1 1.29541E-1 1.35045E-1 1.08897E-1 3.70147E-1 3.83997E-1 3.8035E-1 2.42524E-1 1.68011E-1 1.8026E-1 2.48472E-1 2.43923E-1 2.33395E-1 2.53128E-1 4.14328E-1 3.66874E-1 2.43861E-1 2.40621E-1 2.41931E-1 2.39809E-1 2.82464E-1 2.44725E-1 2.4733E-1 2.17091E-1 1.73836E-1 1.3731E-1 1.04247E-1 1.55395E-1 1.72108E-1 2.59317E-1
1.64016E-1 1.74492E-1 1.81292E-1 1.56187E-1 2.14747E-1 1.59248E-1 1.39301E-1 1.1706E-1 1.08865E-1 1.07299E-1 1.68665E-1 9.68092E-2 2.11062E-1 1.09807E-1 1.76699E-1 1.78354E-1 1.56165E-1 1.87163E-1 2.35665E-1 2.92815E-1 6.10863E-1 5.57334E-1 5.73354E-1 3.78549E-1 5.25389E-1 4.20416E-1 2.99424E-1 2.3857E-1 2.04331E-1 1.51925E-1 7.03304E-2 8.53531E-2 1.34833E-1 1.55809E-1 1.58129E-1 4.27841E-1 4.68858E-1 2.57979E-1 1.88059E-1 2.24197E-1 2.33016E-1 2.31447E-1 2.33312E-1 2.87338E-1 4.36124E-1 3.53496E-1 3.58751E-1 1.9672E-1 2.55936E-1 2.38937E-1 2.58013E-1 2.24522E-1 2.06153E-1 1.85979E-1 1.69675E-1 1.38596E-1 1.27478E-1 1.42717E-1 3.11734E-1 2.21783E-1
1.50693E-1 1.64702E-1 1.75205E-1 1.55344E-1 1.27149E-1 1.86982E-1 1.28349E-1 1.04547E-1 1.03308E-1 9.57702E-2 1.05135E-1 2.00269E-1 1.15192E-1 1.50202E-1 1.97041E-1 1.38147E-1 1.4463E-1 1.92161E-1 2.45374E-1 2.99087E-1 6.24763E-1 5.37363E-1 2.78126E-1 3.29541E-1 5.27506E-1 4.64738E-1 3.20725E-1 2.73645E-1 2.22849E-1 1.55274E-1 8.36958E-2 1.42878E-1 1.79792E-1 2.38512E-1 2.96066E-1 3.11315E-1 3.21821E-1 2.32485E-1 2.08682E-1 2.46359E-1 2.41127E-1 2.85625E-1 3.15858E-1 3.67527E-1 4.47549E-1 4.25058E-1 4.16572E-1 2.36194E-1 2.75662E-1 2.65589E-1 2.57484E-1 1.88658E-1 1.60811E-1 1.43932E-1 1.35593E-1 1.20491E-1 1.31724E-1 1.60035E-1 1.96188E-1 2.38948E-1
1.91807E-1 1.66976E-1 1.52326E-1 1.5795E-1 1.50024E-1 1.59606E-1 1.48204E-1 1.06997E-1 7.9057E-2 7.26627E-2 8.15573E-2 7.89688E-2 1.17804E-1 8.69701E-2 8.82364E-2 9.71436E-2 1.26031E-1 1.94949E-1 2.40794E-1 2.97108E-1 5.84134E-1 5.6449E-1 5.40658E-1 5.51036E-1 3.37416E-1 2.9629E-1 3.96514E-1 2.8545E-1 2.07108E-1 4.52165E-2 9.73187E-2 1.47652E-1 1.77972E-1 3.33135E-1 3.46958E-1 1.31814E-1 2.79858E-1 2.59888E-1 2.52865E-1 2.67118E-1 3.11308E-1 3.38071E-1 4.0723E-1 6.0945E-1 4.80097E-1 5.05912E-1 4.61475E-1 4.47647E-1 3.41264E-1 3.32672E-1 2.76454E-1 1.51433E-1 1.37295E-1 1.21482E-1 1.16402E-1 1.33209E-1 7.49673E-2 8.78059E-2 2.18616E-1 1.61044E-1
2.98897E-1 2.30188E-1 1.72442E-1 1.39611E-1 1.25125E-1 1.43342E-1 1.30229E-1 1.13439E-1 7.1665E-2 6.39079E-2 7.33411E-2 6.57322E-2 9.36145E-2 8.26407E-2 8.80355E-2 9.80145E-2 1.39769E-1 2.03398E-1 2.39894E-1 2.74023E-1 4.71838E-1 5.49998E-1 4.54409E-1 5.15E-1 5.11341E-1 3.94138E-1 1.69357E-1 2.74068E-1 1.24647E-1 1.50398E-1 1.52898E-1 1.40959E-1 2.06887E-1 3.23416E-1 4.05371E-1 1.52624E-1 3.28415E-1 2.8898E-1 2.89193E-1 3.22529E-1 3.68785E-1 3.94866E-1 4.27584E-1 4.80923E-1 6.3043E-1 5.54996E-1 4.82167E-1 4.72472E-1 3.60742E-1 3.74325E-1 3.03292E-1 1.49666E-1 1.19379E-1 1.01972E-1 1.25629E-1 1.05434E-1 1.33617E-1 1.41286E-1 1.35458E-1 1.49728E-1
