Phytophthora/models/20240501_1705_06/Phytophthora_PA3_RUN2_MAXENT_outputs/Phytophthora_PA3_RUN2.asc
ncols         225
nrows         269
xllcorner     473000.0
yllcorner     4429100.0
cellsize      50.0
NODATA_value  -9999
[rows 81 to 107 of 269, columns 0 to 59 of 225]
-9999 -9999 -9999 -9999 -9999 -9999 -9999 -9999 -9999 -9999 -9999 -9999 -9999 -9999 -9999 -9999 -9999 -9999 -9999 -9999 -9999 -9999 -9999 -9999 -9999 -9999 -9999 -9999 -9999 -9999 -9999 -9999 1.51549E-3 1.67296E-3 2.17884E-3 3.49113E-3 5.16482E-3 8.30527E-3 9.37652E-3 6.06523E-3 1.13972E-2 9.58261E-3 1.075E-2 1.09703E-2 1.19962E-2 1.1687E-2 1.46924E-2 8.11649E-3 7.6118E-3 2.10341E-2 1.77849E-2 3.78406E-2 2.82769E-2 2.9958E-2 9.67307E-3 4.97902E-2 3.90259E-2 1.4461E-2 5.81804E-2 2.97401E-2
-9999 -9999 -9999 -9999 -9999 -9999 -9999 -9999 -9999 -9999 -9999 -9999 -9999 -9999 -9999 -9999 -9999 -9999 -9999 -9999 -9999 -9999 -9999 -9999 -9999 -9999 -9999 -9999 -9999 -9999 -9999 -9999 2.05655E-3 2.49273E-3 2.94946E-3 4.18701E-3 6.15278E-3 8.23875E-3 4.87537E-3 1.04171E-2 4.42915E-3 1.17578E-2 1.16629E-2 1.52542E-2 1.51876E-2 1.46836E-2 1.81358E-2 2.1436E-2 2.21913E-2 2.62458E-2 3.20916E-2 5.1607E-2 4.99674E-2 5.44201E-2 4.81668E-2 2.9656E-2 1.70664E-2 4.06272E-2 3.7462E-2 4.44639E-2
-9999 -9999 -9999 -9999 -9999 -9999 -9999 -9999 -9999 -9999 -9999 -9999 -9999 -9999 -9999 -9999 -9999 -9999 -9999 -9999 -9999 -9999 -9999 -9999 -9999 -9999 -9999 -9999 -9999 -9999 -9999 -9999 2.66534E-3 3.48619E-3 4.08057E-3 5.18412E-3 5.79737E-3 8.19371E-3 6.06224E-3 1.04192E-2 1.10299E-2 5.80001E-3 6.21162E-3 2.04338E-2 1.82158E-2 1.79851E-2 1.94374E-2 2.99825E-2 2.56468E-2 2.72186E-2 2.60264E-2 3.76391E-2 5.95627E-2 5.63494E-2 6.68429E-2 1.04069E-1 1.96915E-2 5.07945E-2 3.93294E-2 3.82921E-2
-9999 -9999 -9999 -9999 -9999 -9999 -9999 -9999 -9999 -9999 -9999 -9999 -9999 -9999 -9999 -9999 -9999 -9999 -9999 -9999 -9999 -9999 -9999 -9999 -9999 -9999 -9999 -9999 -9999 -9999 -9999 -9999 -9999 4.33447E-3 5.91016E-3 9.17064E-3 9.34989E-3 1.02448E-2 6.16197E-3 1.35196E-2 1.42045E-2 1.71384E-2 2.22237E-2 2.05884E-2 1.10909E-2 2.00301E-2 2.11942E-2 4.07336E-2 4.31075E-2 3.84387E-2 2.89942E-2 2.14304E-2 4.84635E-2 6.35296E-2 7.49682E-2 1.22596E-1 4.80797E-2 9.07635E-2 3.79039E-2 4.15418E-2
-9999 -9999 -9999 -9999 -9999 -9999 -9999 -9999 -9999 -9999 -9999 -9999 -9999 -9999 -9999 -9999 -9999 -9999 -9999 -9999 -9999 -9999 -9999 -9999 -9999 -9999 -9999 -9999 -9999 -9999 -9999 -9999 -9999 5.95073E-3 8.70025E-3 1.65154E-2 2.18947E-2 1.92814E-2 8.72902E-3 1.69586E-2 1.96947E-2 2.207E-2 2.57346E-2 2.67013E-2 2.7287E-2 6.49472E-3 2.35469E-2 3.1744E-2 6.40062E-2 3.87842E-2 1.3868E-2 3.62307E-2 3.55163E-2 5.80175E-2 8.70678E-2 9.26872E-2 4.36936E-2 4.63915E-2 4.34506E-2 4.39878E-2
-9999 -9999 -9999 -9999 -9999 -9999 -9999 -9999 -9999 -9999 -9999 -9999 -9999 -9999 -9999 -9999 -9999 -9999 -9999 -9999 -9999 -9999 -9999 -9999 -9999 -9999 -9999 -9999 -9999 -9999 -9999 -9999 -9999 -9999 3.74721E-2 2.11834E-2 1.53931E-2 1.66164E-2 8.17551E-3 1.8045E-2 1.96828E-2 1.8754E-2 2.08434E-2 2.25953E-2 2.60971E-2 1.61501E-2 2.76458E-2 1.7806E-2 3.48616E-2 8.35425E-2 4.43184E-2 1.47683E-2 4.52235E-2 5.83591E-2 9.62699E-2 3.78967E-2 1.57465E-2 2.74741E-2 3.35982E-2 3.42457E-2
-9999 -9999 -9999 -9999 -9999 -9999 -9999 -9999 -9999 -9999 -9999 -9999 -9999 -9999 -9999 -9999 -9999 -9999 -9999 -9999 -9999 -9999 -9999 -9999 -9999 -9999 -9999 -9999 -9999 -9999 -9999 -9999 -9999 -9999 1.79586E-2 1.44728E-2 1.78607E-2 8.99043E-3 1.78802E-2 2.48974E-2 2.22413E-2 2.39811E-2 2.29557E-2 2.44307E-2 3.2856E-2 3.33352E-2 1.04717E-2 3.06145E-2 3.32843E-2 8.43443E-2 4.40474E-2 5.09376E-2 1.49732E-2 4.84797E-2 9.80022E-2 8.0876E-2 5.13498E-2 1.67129E-2 4.30825E-2 4.27186E-2
-9999 -9999 -9999 -9999 -9999 -9999 -9999 -9999 -9999 -9999 -9999 -9999 -9999 -9999 -9999 -9999 -9999 -9999 -9999 -9999 -9999 -9999 -9999 -9999 -9999 -9999 -9999 -9999 -9999 -9999 -9999 -9999 -9999 -9999 2.09934E-2 1.74522E-2 9.77862E-3 2.70446E-2 2.70266E-2 2.87898E-2 2.90042E-2 3.11659E-2 3.37769E-2 3.48008E-2 4.60195E-2 3.26766E-2 3.19867E-2 3.15369E-2 3.1128E-2 3.03994E-2 3.76173E-2 3.85272E-2 3.91095E-2 2.2758E-2 3.59385E-2 6.83098E-2 8.77686E-2 6.38706E-2 2.28223E-2 4.60271E-2
-9999 -9999 -9999 -9999 -9999 -9999 -9999 -9999 -9999 -9999 -9999 -9999 -9999 -9999 -9999 -9999 -9999 -9999 -9999 -9999 -9999 -9999 -9999 -9999 -9999 -9999 -9999 -9999 -9999 -9999 -9999 -9999 -9999 -9999 2.1043E-2 1.97152E-2 2.69992E-2 1.50176E-2 3.14165E-2 3.34623E-2 3.4784E-2 1.60499E-2 3.89888E-2 5.09188E-2 7.13064E-2 1.06595E-2 3.57691E-2 3.10534E-2 3.15664E-2 2.62046E-2 3.0979E-2 3.21349E-2 3.77756E-2 4.12893E-2 7.59442E-2 7.85745E-2 3.40065E-2 1.75002E-2 1.60803E-2 3.72286E-2
-9999 -9999 -9999 -9999 -9999 -9999 -9999 -9999 -9999 -9999 -9999 -9999 -9999 -9999 -9999 -9999 -9999 -9999 -9999 -9999 -9999 -9999 -9999 -9999 -9999 -9999 -9999 -9999 -9999 -9999 -9999 -9999 -9999 -9999 2.60421E-2 2.41739E-2 3.0083E-2 2.60946E-2 3.66363E-2 3.3637E-2 4.94295E-2 2.03816E-2 4.72082E-2 6.5432E-2 1.10393E-1 2.25125E-2 3.91122E-2 3.22214E-2 2.76695E-2 2.62716E-2 2.67589E-2 2.71907E-2 3.08586E-2 3.83572E-2 5.43409E-2 6.57045E-2 6.89295E-2 3.59139E-2 1.61056E-2 2.51243E-2
-9999 -9999 -9999 -9999 -9999 -9999 -9999 -9999 -9999 -9999 -9999 -9999 -9999 -9999 -9999 -9999 -9999 -9999 -9999 -9999 -9999 -9999 -9999 -9999 -9999 -9999 -9999 -9999 -9999 -9999 -9999 -9999 -9999 2.31083E-2 2.60691E-2 2.59521E-2 3.65054E-2 3.4321E-2 3.76474E-2 3.7423E-2 4.12654E-2 6.50975E-2 5.91963E-2 7.7177E-2 1.09027E-1 2.79052E-2 5.07894E-2 3.94253E-2 2.9293E-2 2.66434E-2 2.01198E-2 1.75517E-2 2.17498E-2 3.05506E-2 4.31003E-2 5.4304E-2 5.77606E-2 1.74157E-2 1.82896E-2 2.9699E-2
-9999 -9999 -9999 -9999 -9999 -9999 -9999 -9999 -9999 -9999 -9999 -9999 -9999 -9999 -9999 -9999 -9999 -9999 -9999 -9999 -9999 -9999 1.98675E-2 2.07981E-2 -9999 -9999 -9999 -9999 -9999 -9999 1.95616E-2 1.88126E-2 2.03599E-2 2.7769E-2 3.29993E-2 2.85453E-2 3.40746E-2 3.30256E-2 2.02342E-2 4.22614E-2 4.44453E-2 8.2558E-2 6.54039E-2 7.59866E-2 8.13885E-2 5.62674E-2 7.43514E-2 4.2991E-2 3.87639E-2 2.99634E-2 2.41287E-2 2.09558E-2 2.37318E-2 4.708E-2 5.45925E-2 1.43876E-2 9.13557E-3 2.51212E-2 2.04621E-2 1.083E-2
-9999 -9999 -9999 -9999 -9999 -9999 -9999 -9999 -9999 -9999 -9999 -9999 -9999 -9999 -9999 -9999 -9999 -9999 7.67439E-4 1.17098E-3 2.06825E-2 2.01669E-2 2.21272E-2 2.50655E-2 9.09E-3 2.90739E-3 5.10011E-3 3.74164E-3 2.6442E-3 2.03704E-3 2.51839E-2 2.5451E-2 2.4686E-2 2.35522E-2 2.64013E-2 2.59665E-2 3.17233E-2 2.62004E-2 2.71597E-2 4.53027E-2 4.71991E-2 6.89874E-2 6.05303E-2 2.9898E-2 2.08804E-2 9.7838E-2 9.60973E-2 6.54705E-2 4.4492E-2 3.13122E-2 2.67503E-2 2.13641E-2 2.19059E-2 2.34188E-2 6.72824E-3 -9999 1.22181E-2 2.04593E-2 2.19818E-2 2.35985E-2
-9999 -9999 -9999 -9999 -9999 -9999 -9999 -9999 -9999 -9999 -9999 -9999 -9999 -9999 -9999 -9999 -9999 8.1144E-4 7.61426E-4 8.86177E-4 1.66139E-2 1.85825E-2 2.1812E-2 2.58787E-2 1.04265E-2 1.70844E-3 8.63521E-4 2.98345E-3 2.61045E-3 2.47747E-3 3.72913E-2 3.51269E-2 3.17209E-2 2.92933E-2 3.11644E-2 2.76809E-2 1.37086E-2 2.35634E-2 1.50415E-2 4.40101E-2 4.57971E-2 7.11852E-2 9.84477E-2 5.32622E-2 3.93083E-2 3.97409E-2 8.9254E-2 5.83305E-2 3.53312E-2 3.01285E-2 1.32529E-2 2.08183E-2 2.1844E-2 6.324E-3 1.94373E-2 1.80204E-2 1.55075E-2 -9999 1.98787E-2 6.94683E-3
-9999 -9999 -9999 -9999 -9999 -9999 -9999 -9999 -9999 -9999 -9999 -9999 -9999 -9999 6.63665E-4 8.61421E-4 9.46271E-4 1.04452E-3 1.00593E-3 9.80973E-4 1.71802E-2 1.95674E-2 2.50817E-2 2.97527E-2 1.24852E-2 2.19512E-3 2.23036E-3 1.45195E-3 2.71879E-3 2.4222E-3 3.49577E-2 4.13826E-2 3.0926E-2 3.55317E-2 3.80535E-2 1.4126E-2 3.92173E-2 2.36385E-2 4.61081E-2 4.34552E-2 4.50951E-2 7.7523E-2 9.03084E-2 5.64928E-2 3.63615E-2 4.21616E-2 2.48597E-2 1.9808E-2 2.01998E-2 2.87015E-2 2.74332E-2 2.90145E-2 1.87832E-2 2.39311E-2 2.38132E-2 2.31248E-2 2.1894E-2 1.1322E-2 1.35116E-2 1.73092E-2
-9999 -9999 -9999 -9999 -9999 -9999 -9999 -9999 -9999 -9999 -9999 -9999 4.83308E-3 6.37659E-3 8.42964E-3 1.17084E-2 1.34737E-2 1.50471E-2 1.53056E-2 1.53062E-2 1.52304E-2 1.52912E-2 1.91419E-2 2.3346E-2 2.68475E-2 2.68228E-2 2.86131E-2 2.06384E-2 2.66035E-2 2.90054E-2 4.25957E-2 4.69861E-2 3.08112E-2 3.84393E-2 4.53233E-2 1.51852E-2 5.65944E-2 3.09784E-2 6.08927E-2 6.07181E-2 9.23763E-2 1.7984E-1 1.67822E-1 4.7982E-2 4.38785E-2 3.82207E-2 3.5955E-2 3.9383E-2 3.88453E-2 3.73291E-2 4.34725E-2 5.14971E-2 4.76681E-2 4.56752E-2 4.37922E-2 3.31823E-2 2.31318E-2 2.00963E-2 2.02932E-2 2.57663E-2
-9999 -9999 -9999 -9999 -9999 -9999 -9999 -9999 -9999 -9999 -9999 5.80714E-3 7.87578E-3 1.06586E-2 1.49869E-2 2.07361E-2 2.42905E-2 2.66945E-2 2.79356E-2 2.34906E-2 2.29839E-2 2.04411E-2 2.19887E-2 2.62172E-2 2.99763E-2 3.38183E-2 4.28163E-2 4.52284E-2 3.06716E-2 5.06243E-2 5.37614E-2 5.76504E-2 3.91548E-2 4.50788E-2 4.39176E-2 1.71901E-2 5.71703E-2 5.26459E-2 6.06682E-2 7.40377E-2 8.14484E-2 6.1492E-2 8.54922E-2 1.43E-1 6.06652E-2 4.90305E-2 4.54599E-2 3.75801E-2 3.53365E-2 3.64511E-2 4.35894E-2 5.28071E-2 4.45362E-2 4.45802E-2 4.33734E-2 3.72584E-2 2.45242E-2 2.65163E-2 2.45032E-2 2.45512E-2
-9999 -9999 -9999 -9999 -9999 -9999 -9999 -9999 -9999 -9999 -9999 7.8502E-3 1.06731E-2 1.72035E-2 2.13518E-2 2.79448E-2 2.72468E-2 3.89683E-2 4.00213E-2 3.08237E-2 3.21452E-2 2.95546E-2 2.41295E-2 2.80975E-2 3.00127E-2 3.38412E-2 3.94266E-2 5.24091E-2 3.28744E-2 6.77503E-2 6.81863E-2 6.60538E-2 5.58837E-2 1.70762E-2 4.75963E-2 2.87228E-2 6.15519E-2 2.56533E-2 6.11333E-2 3.40886E-2 1.2382E-1 1.65021E-1 1.37538E-1 1.14563E-1 7.90298E-2 7.1018E-2 3.60689E-2 3.09422E-2 3.23765E-2 4.27556E-2 6.10298E-2 6.10174E-2 5.27112E-2 5.40741E-2 5.52868E-2 4.63611E-2 4.21758E-2 4.00452E-2 3.25918E-2 2.92487E-2
-9999 -9999 -9999 -9999 -9999 -9999 -9999 -9999 -9999 -9999 -9999 1.23457E-2 1.60585E-2 1.98025E-2 2.55988E-2 3.50966E-2 3.43523E-2 3.66396E-2 4.73429E-2 4.56605E-2 4.6679E-2 3.8288E-2 2.9926E-2 2.84928E-2 3.0564E-2 3.30241E-2 4.90872E-2 7.78825E-2 8.52536E-2 4.59343E-2 1.01503E-1 8.03906E-2 6.1481E-2 5.34311E-2 1.85872E-2 3.06609E-2 4.29865E-2 2.08534E-2 3.71746E-2 3.60262E-2 1.06574E-1 1.42336E-1 1.19891E-1 1.0947E-1 4.07343E-2 4.05872E-2 2.75853E-2 2.78019E-2 3.49247E-2 4.82834E-2 5.80775E-2 2.55665E-2 5.84681E-2 4.54883E-2 6.91714E-2 6.19238E-2 5.35474E-2 4.66761E-2 3.93901E-2 3.5432E-2
-9999 -9999 -9999 -9999 -9999 -9999 -9999 -9999 -9999 -9999 -9999 1.39787E-2 1.67713E-2 2.07649E-2 3.20084E-2 5.36529E-2 6.33441E-2 2.13165E-2 7.50136E-2 6.47714E-2 5.95889E-2 4.59783E-2 3.68904E-2 3.05068E-2 2.71812E-2 3.20095E-2 6.38082E-2 8.6846E-2 8.77737E-2 8.51108E-2 8.6386E-2 4.47593E-2 3.08458E-2 5.85214E-2 6.21427E-2 5.07272E-2 5.54739E-2 4.85615E-2 3.61425E-2 6.49683E-2 8.79754E-2 1.60148E-1 1.29172E-1 4.5149E-2 8.93949E-2 3.44308E-2 2.9966E-2 2.8856E-2 3.79601E-2 4.72993E-2 5.56709E-2 5.9656E-2 5.10178E-2 6.32434E-2 5.49561E-2 3.25734E-2 5.6376E-2 5.21293E-2 4.92184E-2 4.38639E-2
-9999 -9999 -9999 -9999 -9999 -9999 -9999 -9999 -9999 -9999 -9999 1.3206E-2 1.81676E-2 2.83266E-2 5.35446E-2 8.61445E-2 1.00458E-1 3.72058E-2 1.11144E-1 8.95373E-2 8.2179E-2 5.91629E-2 4.40068E-2 2.88118E-2 3.66987E-2 6.13811E-2 7.99378E-2 9.29219E-2 8.73101E-2 6.59921E-2 9.06463E-2 1.09142E-1 3.97302E-2 8.02952E-2 5.20974E-2 5.00765E-2 6.10893E-2 3.08831E-2 2.44149E-2 6.76479E-2 6.67107E-2 5.0209E-2 8.63179E-2 5.0916E-2 4.18033E-2 3.33897E-2 2.89674E-2 2.73052E-2 2.59547E-2 3.2211E-2 4.32559E-2 4.90863E-2 4.94015E-2 5.60976E-2 1.17593E-1 5.43123E-2 2.98163E-2 6.34507E-2 6.1566E-2 5.22473E-2
-9999 -9999 -9999 -9999 -9999 -9999 -9999 -9999 -9999 -9999 -9999 1.67565E-2 3.08845E-2 6.27826E-2 6.79484E-2 9.99229E-2 1.22385E-1 6.32118E-2 1.83223E-1 1.60984E-1 1.04677E-1 5.77661E-2 4.60895E-2 3.34515E-2 3.167E-2 5.93071E-2 6.45508E-2 7.87793E-2 5.56288E-2 1.01568E-1 1.34126E-1 1.01507E-1 6.43852E-2 6.46499E-2 4.44668E-2 5.11465E-2 6.27733E-2 3.16908E-2 6.26166E-2 3.58028E-2 4.56102E-2 5.5759E-2 6.95986E-2 4.57794E-2 8.88165E-3 3.34366E-2 3.56353E-2 2.99086E-2 2.71765E-2 3.19638E-2 3.8983E-2 4.15643E-2 4.48669E-2 5.13826E-2 1.16963E-1 6.98498E-2 5.81602E-2 2.74938E-2 2.79996E-2 4.35713E-2
-9999 -9999 -9999 -9999 -9999 -9999 -9999 -9999 -9999 -9999 -9999 2.24224E-2 5.83291E-2 7.47193E-2 7.19221E-2 9.54269E-2 1.21915E-1 1.81573E-1 1.38183E-1 9.65526E-2 6.82403E-2 5.1384E-2 4.23565E-2 2.85074E-2 3.73495E-2 6.30658E-2 6.89865E-2 7.78257E-2 8.19849E-2 1.02809E-1 1.0111E-1 3.62459E-2 3.37912E-2 5.59419E-2 4.79854E-2 5.11391E-2 6.3076E-2 3.58182E-2 7.0176E-2 5.42261E-2 5.25547E-2 5.18802E-2 4.70218E-2 4.48847E-2 3.82938E-2 1.37913E-2 4.56182E-2 3.91079E-2 3.55905E-2 3.89828E-2 3.13591E-2 3.38271E-2 3.75951E-2 4.17381E-2 1.09899E-1 1.16521E-1 5.93922E-2 5.9735E-2 7.25473E-2 6.89183E-2
-9999 -9999 -9999 -9999 -9999 -9999 -9999 -9999 -9999 -9999 -9999 1.8385E-2 2.32309E-2 2.66111E-2 8.11561E-2 6.99467E-2 6.5004E-2 1.66386E-1 8.88876E-2 7.28017E-2 6.40971E-2 5.46148E-2 4.21626E-2 3.1925E-2 7.59283E-2 6.24426E-2 6.57255E-2 8.18273E-2 7.24459E-2 6.3489E-2 7.22412E-2 4.72159E-2 6.63513E-2 5.64046E-2 5.11101E-2 5.33776E-2 6.40827E-2 6.56496E-2 4.95338E-2 5.68666E-2 4.05184E-2 3.6066E-2 3.22357E-2 3.66462E-2 3.74035E-2 2.59963E-2 5.80465E-2 4.45117E-2 5.60114E-2 3.88342E-2 2.56396E-2 2.70681E-2 3.09243E-2 3.3663E-2 8.27345E-2 9.8147E-2 6.12668E-2 4.57771E-2 5.62818E-2 6.09112E-2
-9999 -9999 -9999 -9999 -9999 -9999 -9999 -9999 -9999 -9999 -9999 2.61296E-2 3.11735E-2 3.29104E-2 4.24482E-2 5.99711E-2 5.97613E-2 7.98028E-2 6.89719E-2 6.48293E-2 5.24808E-2 4.97055E-2 3.99966E-2 3.46231E-2 7.00973E-2 7.46793E-2 5.43406E-2 4.77818E-2 5.02539E-2 2.79958E-2 2.0422E-2 6.80766E-2 6.4943E-2 5.32755E-2 4.34907E-2 4.55384E-2 5.51112E-2 6.71851E-2 3.31849E-2 5.11196E-2 4.38545E-2 3.69753E-2 3.1996E-2 3.3934E-2 3.87983E-2 3.23604E-2 1.07548E-2 2.77051E-2 3.61946E-2 3.11969E-2 2.56988E-2 2.71217E-2 2.86842E-2 2.94718E-2 8.67043E-2 8.69843E-2 3.86994E-2 3.71749E-2 4.52111E-2 5.01567E-2
-9999 -9999 -9999 -9999 -9999 -9999 -9999 -9999 -9999 -9999 -9999 4.01761E-2 4.79655E-2 5.32721E-2 3.54252E-2 5.03359E-2 7.13703E-2 6.61304E-2 5.25738E-2 4.39554E-2 5.50618E-2 7.02925E-2 4.94161E-2 9.80133E-2 6.81662E-2 9.12098E-2 5.27601E-2 3.44936E-2 3.54398E-2 5.78359E-2 5.93233E-2 5.702E-2 5.30454E-2 3.79311E-2 3.16362E-2 3.23487E-2 3.95867E-2 4.84239E-2 3.11248E-2 5.12825E-2 3.36634E-2 2.88479E-2 2.40056E-2 3.02203E-2 2.79554E-2 3.2957E-2 2.9293E-2 -9999 2.33982E-2 3.23294E-2 2.49836E-2 2.65234E-2 2.64566E-2 2.65432E-2 6.18367E-2 5.36549E-2 4.17723E-2 4.18777E-2 4.88861E-2 5.22881E-2
-9999 -9999 -9999 -9999 -9999 -9999 -9999 -9999 -9999 -9999 -9999 5.40291E-2 6.2181E-2 6.77664E-2 7.77811E-2 7.26503E-2 7.73924E-2 5.49532E-2 4.31107E-2 4.13042E-2 6.81E-2 8.5663E-2 9.11344E-2 3.44193E-2 1.12062E-1 4.08613E-2 1.84577E-2 6.13556E-2 5.90167E-2 5.40048E-2 6.0478E-2 5.33732E-2 4.43681E-2 3.38578E-2 3.47291E-2 3.14856E-2 4.85434E-2 4.57322E-2 2.54362E-2 5.01411E-2 3.58935E-2 3.34444E-2 3.20738E-2 4.1888E-2 3.54474E-2 2.7537E-2 2.68723E-2 2.63613E-2 1.51659E-2 3.13423E-2 3.2129E-2 3.19881E-2 3.0488E-2 6.98194E-2 7.35065E-2 3.3231E-2 3.41639E-2 4.8673E-2 5.27406E-2 6.78526E-2
