Phytophthora/models/20240501_1705_06/Phytophthora_PA3_RUN2_MAXENT_outputs/Phytophthora_PA3_RUN2.asc
ncols         225
nrows         269
xllcorner     473000.0
yllcorner     4429100.0
cellsize      50.0
NODATA_value  -9999
[rows 108 to 134 of 269, columns 60 to 119 of 225]
8.54399E-2 8.54324E-2 7.76051E-2 1.62899E-1 1.52671E-1 1.49692E-1 1.87787E-1 8.68264E-2 5.94547E-2 5.8423E-2 4.59964E-2 6.04529E-2 4.59186E-2 5.1694E-2 5.83697E-2 9.80597E-2 1.03994E-1 1.13244E-1 1.1178E-1 1.06958E-1 1.47648E-1 1.16177E-1 9.44175E-2 1.00758E-1 1.27717E-1 1.86544E-1 1.67547E-1 1.89577E-1 1.81212E-1 1.63474E-1 1.51465E-1 1.01319E-1 1.11026E-1 1.42166E-1 1.63667E-1 2.56132E-1 3.04133E-1 3.6552E-1 4.13568E-1 4.57668E-1 5.12637E-1 3.05277E-1 5.32857E-1 5.11571E-1 2.2384E-1 2.73322E-1 1.02141E-1 2.15971E-1 3.8555E-1 3.98934E-1 3.68099E-1 3.68721E-1 4.8767E-1 5.51922E-1 5.03136E-1 3.13131E-1 1.08722E-1 2.73533E-1 3.21261E-1 3.53243E-1
7.8199E-2 4.99579E-2 5.75396E-2 7.97806E-2 4.05884E-2 1.72278E-1 1.84559E-1 1.50083E-1 1.17099E-1 7.03642E-2 5.21939E-2 6.41313E-2 4.96929E-2 4.94857E-2 5.95633E-2 9.2242E-2 9.39068E-2 1.01956E-1 1.02103E-1 2.30563E-1 1.342E-1 1.14834E-1 1.33889E-1 1.64325E-1 1.95406E-1 2.05737E-1 2.22335E-1 2.35373E-1 2.15818E-1 1.97953E-1 1.63449E-1 1.29842E-1 1.57675E-1 1.77994E-1 1.88405E-1 2.37091E-1 2.85072E-1 3.24549E-1 3.93571E-1 4.72665E-1 5.91773E-1 5.92578E-1 2.79831E-1 2.38137E-1 2.92728E-1 2.72092E-1 2.09319E-1 2.06525E-1 2.83846E-1 2.81741E-1 2.35372E-1 2.43824E-1 3.44574E-1 3.77252E-1 5.09325E-1 3.34913E-1 4.04556E-1 3.44268E-1 1.34835E-1 4.4745E-1
7.93047E-2 9.94882E-2 3.18297E-2 5.87184E-2 7.94242E-2 9.80841E-2 9.74946E-2 1.43286E-1 5.64257E-2 1.0647E-1 6.00292E-2 7.05872E-2 6.07508E-2 5.92907E-2 6.78177E-2 1.0884E-1 1.1439E-1 1.01881E-1 4.98321E-2 1.44517E-1 1.247E-1 1.5516E-1 1.81687E-1 2.02269E-1 1.95363E-1 2.7799E-1 2.66868E-1 2.61463E-1 2.43764E-1 2.28123E-1 1.94504E-1 1.74598E-1 1.98452E-1 2.08311E-1 2.16591E-1 2.55012E-1 3.45967E-1 4.2777E-1 4.43556E-1 4.89838E-1 5.47615E-1 5.3714E-1 2.85491E-1 1.49011E-1 2.51043E-1 3.08054E-1 1.69559E-1 4.55038E-1 4.39019E-1 4.39708E-1 4.35103E-1 4.74761E-1 5.39897E-1 5.01314E-1 3.54022E-1 1.53771E-1 1.687E-1 1.79619E-1 3.44984E-1 1.22065E-1
7.65436E-2 9.41898E-2 6.69302E-2 6.91797E-2 8.59673E-2 8.99963E-2 7.8144E-2 1.16716E-1 4.34485E-2 1.66796E-1 1.00945E-1 1.03322E-1 8.81917E-2 9.9655E-2 1.05509E-1 8.76779E-2 9.347E-2 8.653E-2 5.06741E-2 8.9145E-2 1.55925E-1 1.95313E-1 1.82367E-1 1.79892E-1 1.8486E-1 2.48825E-1 2.262E-1 2.10587E-1 2.03403E-1 1.99563E-1 2.23107E-1 1.98873E-1 2.14491E-1 2.2209E-1 2.15172E-1 2.31089E-1 2.48193E-1 2.99362E-1 3.03193E-1 4.24425E-1 5.00159E-1 3.28947E-1 2.89636E-1 3.2597E-1 1.38725E-1 2.37531E-1 3.01096E-1 3.55126E-1 3.52923E-1 4.20806E-1 4.80136E-1 5.09317E-1 4.68986E-1 4.16661E-1 3.79686E-1 3.23722E-1 3.66595E-1 3.8637E-1 3.39755E-1 2.72449E-1
8.52901E-2 7.03658E-2 5.79296E-2 8.56894E-2 8.00268E-2 8.57056E-2 8.63376E-2 1.11889E-1 1.96167E-1 1.5267E-1 1.20268E-1 1.06368E-1 1.0304E-1 1.11716E-1 1.24939E-1 1.03187E-1 1.02394E-1 5.34149E-2 1.15821E-1 1.21677E-1 1.9029E-1 1.92988E-1 1.98552E-1 1.40405E-1 1.18711E-1 1.31674E-1 6.97971E-2 1.26376E-1 1.22911E-1 1.52482E-1 1.02054E-1 8.80136E-2 1.77181E-1 2.37119E-1 2.54852E-1 2.73636E-1 2.89185E-1 3.10511E-1 3.5769E-1 2.57365E-1 1.41643E-1 2.29089E-1 3.74126E-1 4.88938E-1 1.53638E-1 2.18072E-1 3.50485E-1 3.61291E-1 4.64329E-1 5.5819E-1 5.82265E-1 4.38927E-1 4.45882E-1 4.32856E-1 3.98562E-1 3.28802E-1 3.37332E-1 3.49415E-1 4.13063E-1 4.2829E-1
8.36565E-2 4.25494E-2 9.61858E-2 8.25932E-2 7.3889E-2 7.79926E-2 9.66926E-2 1.38099E-1 2.01896E-1 1.01766E-1 1.4035E-1 7.54092E-2 1.12565E-1 1.21828E-1 1.39258E-1 8.40687E-2 5.62841E-2 5.09098E-2 1.08596E-1 1.45592E-1 2.21157E-1 2.28665E-1 1.12271E-1 2.66495E-1 2.48198E-1 2.42001E-1 2.39714E-1 3.2222E-1 2.59698E-1 1.86041E-1 2.08011E-1 2.02463E-1 1.86483E-1 1.84065E-1 2.77902E-1 2.90926E-1 3.04397E-1 3.63319E-1 2.89374E-1 2.40669E-1 1.86464E-1 1.77935E-1 1.91117E-1 1.42573E-1 3.17261E-1 3.37961E-1 3.06372E-1 3.60114E-1 2.05625E-1 3.85138E-1 4.0259E-1 3.98827E-1 4.40417E-1 3.86785E-1 4.1328E-1 3.02776E-1 2.74841E-1 3.03253E-1 3.70103E-1 3.04643E-1
5.86109E-2 8.95384E-2 8.72821E-2 8.07334E-2 7.47432E-2 9.43683E-2 1.07428E-1 1.31881E-1 4.34983E-2 9.67459E-2 9.14979E-2 9.26914E-2 9.91724E-2 1.20147E-1 1.32177E-1 1.40287E-1 1.91543E-1 1.08818E-1 1.28182E-1 9.14891E-2 1.0914E-1 8.98452E-2 1.51769E-1 2.31908E-1 2.06232E-1 2.43247E-1 3.69534E-1 3.54464E-1 1.65452E-1 1.25618E-1 1.47169E-1 1.43579E-1 1.90526E-1 2.37474E-1 1.13078E-1 1.3336E-1 1.31185E-1 1.25004E-1 2.98065E-1 3.13742E-1 3.38203E-1 3.50102E-1 3.49457E-1 3.85046E-1 3.25092E-1 2.73678E-1 9.67775E-2 3.92292E-1 3.27695E-1 1.51638E-1 1.86041E-1 4.40025E-1 2.75969E-1 4.77897E-1 4.1756E-1 3.68942E-1 3.68792E-1 4.03493E-1 3.45738E-1 3.31311E-1
3.35813E-2 8.52372E-2 8.25497E-2 7.67337E-2 8.04279E-2 1.09502E-1 1.07575E-1 7.4242E-2 9.93074E-2 9.24627E-2 4.88477E-2 9.45473E-2 1.05427E-1 1.13073E-1 1.07488E-1 1.94921E-1 6.63268E-2 8.57196E-2 8.23584E-2 1.19912E-1 2.13633E-1 2.16999E-1 1.98268E-1 2.16246E-1 2.24122E-1 3.75908E-1 3.38388E-1 1.59501E-1 1.15366E-1 1.13153E-1 1.23739E-1 1.36954E-1 1.84328E-1 2.11864E-1 2.49143E-1 1.29093E-1 3.0243E-1 3.16386E-1 3.37687E-1 3.38246E-1 3.65606E-1 3.30861E-1 3.76041E-1 2.2454E-1 3.84646E-1 3.00104E-1 2.04859E-1 3.34795E-1 1.24683E-1 2.91503E-1 2.8935E-1 4.47589E-1 3.05068E-1 6.57727E-1 6.2077E-1 5.04106E-1 5.25061E-1 5.51559E-1 4.87793E-1 3.50297E-1
2.17638E-1 1.90038E-1 1.85275E-1 2.22558E-1 2.26659E-1 2.54919E-1 2.09601E-1 1.12275E-1 1.90821E-1 1.71853E-1 1.53163E-1 1.5987E-1 1.91532E-1 1.98155E-1 2.02104E-1 3.18118E-1 2.73691E-1 1.79161E-1 2.06856E-1 2.17476E-1 2.30189E-1 2.42494E-1 2.51207E-1 2.86485E-1 4.31003E-1 3.82086E-1 2.09574E-1 1.75487E-1 1.34499E-1 1.44567E-1 1.97418E-1 1.90463E-1 2.33058E-1 2.80789E-1 3.36314E-1 3.94382E-1 2.26979E-1 2.38681E-1 3.61716E-1 4.42205E-1 3.58363E-1 3.77981E-1 2.18352E-1 3.76093E-1 3.43451E-1 2.89662E-1 2.65492E-1 9.72708E-2 1.54195E-1 8.27801E-2 4.21381E-1 5.08916E-1 5.41403E-1 5.73936E-1 3.9449E-1 2.54653E-1 3.35735E-1 4.05812E-1 3.43699E-1 2.34637E-1
1.9461E-1 1.95406E-1 2.12183E-1 2.4826E-1 2.44823E-1 2.19534E-1 1.18081E-1 2.28732E-1 1.97713E-1 1.70742E-1 1.89808E-1 8.24652E-2 2.32422E-1 2.24474E-1 2.13628E-1 2.00374E-1 3.19727E-1 1.45961E-1 1.79097E-1 2.05184E-1 2.09979E-1 2.3928E-1 3.12867E-1 4.08168E-1 3.37932E-1 1.90022E-1 1.60315E-1 1.25652E-1 1.12046E-1 1.23209E-1 1.62291E-1 1.67343E-1 2.04949E-1 2.69517E-1 3.16055E-1 3.92144E-1 2.09934E-1 4.57872E-1 4.34359E-1 1.74734E-1 1.64356E-1 1.58879E-1 2.73008E-1 3.57684E-1 3.911E-1 2.81788E-1 2.4814E-1 2.37826E-1 2.77017E-1 2.47017E-1 2.23386E-1 4.2904E-1 4.6236E-1 4.05972E-1 3.57244E-1 2.89916E-1 3.49689E-1 4.20362E-1 2.04091E-1 3.82615E-1
1.74436E-1 1.75404E-1 1.47643E-1 1.19104E-1 1.32943E-1 2.6505E-1 2.42818E-1 2.08326E-1 2.00611E-1 1.81489E-1 2.26326E-1 2.89532E-1 3.6649E-1 1.39982E-1 2.50899E-1 1.6571E-1 1.67958E-1 1.60959E-1 1.97655E-1 1.92648E-1 1.82566E-1 2.20423E-1 3.87423E-1 3.59912E-1 1.63032E-1 1.75082E-1 1.18639E-1 1.1749E-1 1.2162E-1 1.16327E-1 1.48109E-1 1.48217E-1 1.77954E-1 2.33573E-1 2.87743E-1 3.85343E-1 2.93623E-1 4.72781E-1 4.56149E-1 2.75788E-1 3.2171E-1 3.58183E-1 3.43819E-1 3.18512E-1 3.79806E-1 2.42649E-1 2.13382E-1 2.02661E-1 1.6522E-1 2.59796E-1 3.08706E-1 2.41621E-1 4.32141E-1 4.45803E-1 4.22745E-1 3.48761E-1 3.68623E-1 3.90044E-1 4.224E-1 3.607E-1
2.31725E-1 3.08353E-1 2.96632E-1 2.36554E-1 9.88842E-2 2.47607E-1 2.26963E-1 1.99071E-1 1.80722E-1 1.69251E-1 2.01218E-1 2.04069E-1 8.46291E-2 4.0662E-1 1.7829E-1 3.02643E-1 1.78134E-1 1.81233E-1 2.01775E-1 1.50567E-1 1.56299E-1 1.69304E-1 3.30979E-1 2.93647E-1 1.45114E-1 1.87223E-1 1.42034E-1 1.41016E-1 1.31722E-1 1.61324E-1 1.74437E-1 1.58325E-1 1.88373E-1 2.30889E-1 3.11474E-1 4.08455E-1 4.19894E-1 1.80273E-1 2.39861E-1 2.76812E-1 2.96471E-1 3.31888E-1 3.39399E-1 2.89825E-1 2.61479E-1 2.00821E-1 1.80707E-1 1.57124E-1 1.46084E-1 2.4444E-1 3.67762E-1 4.23936E-1 2.60177E-1 3.64433E-1 4.55658E-1 3.35451E-1 3.56978E-1 3.63039E-1 4.01715E-1 3.71146E-1
2.79674E-1 4.43577E-1 2.944E-1 2.3246E-1 9.68599E-2 2.54163E-1 2.21895E-1 1.99419E-1 1.83543E-1 2.03262E-1 2.31388E-1 2.3017E-1 2.41049E-1 1.73778E-1 2.0806E-1 2.30222E-1 2.8225E-1 2.87231E-1 2.04004E-1 1.42238E-1 1.37799E-1 1.63119E-1 3.36727E-1 2.04544E-1 1.96261E-1 2.02569E-1 1.65661E-1 1.56757E-1 1.87011E-1 2.0662E-1 2.02908E-1 1.67802E-1 1.82217E-1 2.31877E-1 3.23741E-1 2.54636E-1 4.18298E-1 2.27637E-1 4.53359E-1 3.75976E-1 2.62277E-1 2.96336E-1 3.23222E-1 2.97782E-1 2.61697E-1 1.44648E-1 1.31703E-1 1.30858E-1 1.45128E-1 2.10902E-1 3.56012E-1 3.90491E-1 4.31396E-1 4.66653E-1 3.43707E-1 2.81759E-1 3.80661E-1 4.08088E-1 3.88966E-1 4.1558E-1
1.47619E-1 4.58478E-1 2.49366E-1 2.35353E-1 1.32798E-1 2.52166E-1 2.38795E-1 2.25205E-1 2.22296E-1 2.91063E-1 3.98471E-1 4.28678E-1 3.97576E-1 1.08025E-1 2.15665E-1 2.69353E-1 3.14893E-1 2.33121E-1 1.83442E-1 1.46183E-1 1.81609E-1 2.39177E-1 2.30057E-1 2.1566E-1 2.5711E-1 2.73502E-1 2.28751E-1 2.5681E-1 2.76949E-1 2.81856E-1 2.89949E-1 2.33805E-1 2.06507E-1 2.66029E-1 3.62418E-1 3.79991E-1 3.83114E-1 3.85965E-1 1.53115E-1 3.014E-1 2.33588E-1 2.5466E-1 3.20723E-1 3.36488E-1 2.51849E-1 1.42833E-1 1.36716E-1 1.35744E-1 1.52444E-1 1.9516E-1 2.49449E-1 2.89038E-1 3.54177E-1 4.12386E-1 4.37248E-1 4.33585E-1 3.80668E-1 3.6114E-1 3.643E-1 3.84031E-1
4.13384E-1 3.54944E-1 2.43259E-1 2.9145E-1 1.13298E-1 2.59674E-1 2.48925E-1 1.95966E-1 1.7295E-1 1.72563E-1 2.2793E-1 3.54507E-1 4.31554E-1 1.93368E-1 4.29164E-1 3.09195E-1 3.124E-1 2.20944E-1 1.96594E-1 1.7534E-1 2.62963E-1 3.281E-1 2.20772E-1 3.12652E-1 3.40041E-1 3.30526E-1 2.89992E-1 3.43709E-1 3.41841E-1 2.82025E-1 2.91798E-1 2.48016E-1 2.11816E-1 2.32226E-1 3.51737E-1 3.61132E-1 4.13536E-1 3.67141E-1 2.86033E-1 2.37877E-1 1.9252E-1 1.90944E-1 2.66334E-1 2.86054E-1 2.44102E-1 1.36299E-1 1.3252E-1 1.42709E-1 1.67379E-1 2.05783E-1 2.52585E-1 2.74511E-1 2.94076E-1 3.47013E-1 4.04554E-1 4.78949E-1 3.43364E-1 3.21004E-1 4.1638E-1 3.95092E-1
3.81855E-1 2.86472E-1 2.86936E-1 3.22483E-1 1.56969E-1 2.60571E-1 2.40605E-1 2.17896E-1 1.76348E-1 1.70986E-1 1.89566E-1 2.11724E-1 2.87293E-1 2.21659E-1 4.20009E-1 2.86392E-1 2.80047E-1 2.35878E-1 2.40876E-1 2.88158E-1 3.96373E-1 3.36632E-1 4.28334E-1 4.59591E-1 2.63752E-1 3.2665E-1 3.54732E-1 3.76425E-1 3.27559E-1 2.41126E-1 2.00672E-1 2.33869E-1 2.09553E-1 2.3482E-1 4.01542E-1 3.74115E-1 1.54882E-1 3.51332E-1 2.45753E-1 2.05408E-1 1.64949E-1 1.63557E-1 2.06897E-1 2.74353E-1 2.54111E-1 1.48448E-1 1.51226E-1 1.69902E-1 1.92017E-1 2.24023E-1 2.83972E-1 3.09111E-1 3.23405E-1 3.47557E-1 4.29166E-1 5.61223E-1 4.0816E-1 3.40046E-1 2.44391E-1 2.68321E-1
3.31736E-1 3.33012E-1 3.47295E-1 1.25561E-1 2.37424E-1 2.50854E-1 2.22216E-1 2.0642E-1 1.61465E-1 1.58691E-1 1.84286E-1 2.02007E-1 2.16912E-1 3.05039E-1 2.13262E-1 2.52853E-1 2.92369E-1 3.41477E-1 3.93609E-1 3.48988E-1 3.73532E-1 3.97707E-1 3.65222E-1 2.9093E-1 2.19182E-1 2.96569E-1 3.98538E-1 3.71427E-1 3.07793E-1 6.37608E-2 2.45757E-1 2.08356E-1 2.16568E-1 3.09614E-1 3.55936E-1 2.48106E-1 9.23884E-2 3.56664E-1 2.36236E-1 1.69551E-1 1.36665E-1 1.42045E-1 2.0006E-1 2.92317E-1 1.67359E-1 1.55183E-1 1.99498E-1 2.09609E-1 2.05723E-1 2.37009E-1 3.15236E-1 3.52067E-1 3.60688E-1 3.99023E-1 4.36995E-1 5.10916E-1 5.6065E-1 4.22972E-1 2.70344E-1 4.08629E-1
3.12968E-1 3.65097E-1 3.66308E-1 1.40847E-1 2.17983E-1 2.2613E-1 2.01001E-1 1.80975E-1 1.6512E-1 1.54619E-1 2.06653E-1 2.29267E-1 2.33927E-1 2.07703E-1 4.13221E-2 2.26492E-1 4.42085E-1 4.23322E-1 3.74875E-1 3.41537E-1 3.42778E-1 2.30009E-1 2.06119E-1 2.15419E-1 2.57283E-1 2.97338E-1 4.2063E-1 3.47212E-1 2.91221E-1 9.22785E-2 2.37196E-1 1.83913E-1 1.93649E-1 2.71648E-1 3.25212E-1 1.59221E-1 1.08339E-1 3.44947E-1 1.78262E-1 1.59141E-1 1.38703E-1 1.75159E-1 2.47608E-1 2.99779E-1 2.17161E-1 2.18031E-1 3.09545E-1 2.73059E-1 2.52887E-1 2.65865E-1 3.15818E-1 2.01927E-1 3.74269E-1 4.55647E-1 5.38601E-1 5.61247E-1 4.97676E-1 4.26906E-1 5.184E-1 4.54897E-1
2.1102E-1 2.87593E-1 2.06808E-1 1.14388E-1 1.64661E-1 2.14541E-1 1.94745E-1 1.89663E-1 1.8029E-1 1.59629E-1 1.60986E-1 1.91542E-1 2.7421E-1 2.17349E-1 2.02679E-1 3.94653E-1 3.70091E-1 3.70545E-1 3.49147E-1 2.80199E-1 2.5032E-1 2.80195E-1 2.93952E-1 3.31923E-1 3.99538E-1 3.18825E-1 4.31351E-1 3.75607E-1 2.94948E-1 9.06643E-2 1.87539E-1 1.50412E-1 1.36578E-1 2.10538E-1 2.43965E-1 1.00363E-1 3.62275E-2 2.52967E-1 1.23622E-1 1.15133E-1 1.08454E-1 1.5558E-1 2.19304E-1 2.90117E-1 2.8878E-1 2.4762E-1 3.33822E-1 2.84678E-1 2.94911E-1 2.38687E-1 2.83556E-1 2.54974E-1 2.57825E-1 3.80513E-1 4.91994E-1 3.0477E-1 3.74419E-1 4.41743E-1 4.10155E-1 3.75482E-1
2.30439E-1 2.60106E-1 1.78653E-1 1.93548E-1 1.52016E-1 2.05669E-1 2.16635E-1 2.05208E-1 2.09443E-1 1.88017E-1 1.76106E-1 1.82499E-1 2.25348E-1 1.87424E-1 1.1015E-1 3.88619E-1 3.7453E-1 3.06487E-1 1.7459E-1 1.6748E-1 2.80648E-1 2.96742E-1 3.15825E-1 3.6042E-1 4.20404E-1 5.02883E-1 4.08577E-1 3.62723E-1 2.75134E-1 1.41934E-1 1.9801E-1 1.59284E-1 1.27306E-1 9.92338E-2 9.26571E-2 8.41017E-2 3.32538E-2 2.28512E-1 2.3388E-1 1.03025E-1 1.13879E-1 1.67469E-1 2.28873E-1 3.31035E-1 3.72989E-1 1.92696E-1 1.78537E-1 1.98334E-1 3.36337E-1 2.81516E-1 2.96007E-1 2.74595E-1 1.65766E-1 4.04999E-1 5.29763E-1 3.90182E-1 3.40077E-1 3.91875E-1 3.7488E-1 4.15127E-1
1.04574E-1 1.10902E-1 8.51514E-2 1.43366E-1 1.61183E-1 2.24371E-1 2.39242E-1 2.30003E-1 2.17628E-1 2.04077E-1 2.03488E-1 1.81271E-1 2.4434E-1 2.31728E-1 3.34919E-1 3.60071E-1 2.18471E-1 1.78903E-1 1.62961E-1 2.14098E-1 3.4282E-1 3.2947E-1 3.51413E-1 3.55812E-1 2.79235E-1 5.61592E-1 4.25063E-1 2.88083E-1 2.68688E-1 2.35685E-1 2.00199E-1 1.73498E-1 1.46979E-1 9.75681E-2 8.04447E-2 6.48602E-2 8.57921E-2 1.30892E-1 1.8617E-1 1.57952E-1 9.14822E-2 7.90295E-2 1.78295E-1 2.73522E-1 4.00889E-1 3.16139E-1 3.96168E-1 4.93048E-1 2.18957E-1 1.79928E-1 3.37169E-1 4.07542E-1 3.79929E-1 3.98908E-1 4.71449E-1 4.06005E-1 3.37191E-1 3.42063E-1 3.15825E-1 3.0727E-1
9.13899E-2 1.13812E-1 1.33148E-1 1.59306E-1 1.66876E-1 2.34137E-1 1.03103E-1 2.43689E-1 2.47916E-1 2.32306E-1 2.3853E-1 2.26478E-1 2.88239E-1 2.87736E-1 2.85801E-1 3.41903E-1 2.20416E-1 2.16955E-1 2.1837E-1 2.87325E-1 4.21133E-1 3.97257E-1 3.51853E-1 3.82648E-1 5.69791E-1 5.47749E-1 3.74438E-1 2.30075E-1 2.60463E-1 2.34633E-1 1.93836E-1 1.7951E-1 1.76469E-1 1.38445E-1 8.50795E-2 6.96967E-2 9.55132E-2 1.68481E-1 1.94053E-1 1.67351E-1 1.58469E-1 1.89349E-1 2.28364E-1 3.72428E-1 3.13402E-1 2.61933E-1 4.49175E-1 4.87963E-1 2.87644E-1 3.24612E-1 3.92796E-1 4.51077E-1 3.95813E-1 3.93451E-1 4.96689E-1 4.42534E-1 1.48138E-1 3.61611E-1 3.79919E-1 3.37725E-1
9.0166E-2 1.31375E-1 1.45841E-1 5.62832E-2 1.90285E-1 2.3428E-1 1.93835E-1 2.23409E-1 2.33753E-1 2.25801E-1 2.04384E-1 2.326E-1 3.40097E-1 1.28887E-1 3.11415E-1 3.61306E-1 2.83541E-1 3.02683E-1 3.03438E-1 3.51172E-1 4.63811E-1 4.54885E-1 4.0409E-1 3.9523E-1 5.56691E-1 5.28579E-1 3.24731E-1 2.60024E-1 2.90577E-1 2.70424E-1 2.29556E-1 2.11452E-1 2.151E-1 2.36434E-1 1.39385E-1 1.02188E-1 8.39519E-2 1.13686E-1 1.57962E-1 3.33154E-1 1.70021E-1 1.78899E-1 2.17065E-1 3.66203E-1 3.93037E-1 2.74999E-1 4.84695E-1 4.95863E-1 2.70793E-1 3.06524E-1 3.93462E-1 5.06421E-1 4.32624E-1 4.41189E-1 5.74669E-1 4.09872E-1 1.39412E-1 3.26884E-1 3.13608E-1 3.51974E-1
1.14737E-1 1.43742E-1 1.49927E-1 1.37779E-1 2.59392E-1 2.275E-1 1.87495E-1 1.53907E-1 2.33291E-1 2.31206E-1 2.8288E-1 2.54367E-1 3.29852E-1 3.21788E-1 3.90866E-1 5.15551E-1 5.16362E-1 4.4538E-1 3.08942E-1 2.70755E-1 2.14E-1 2.31704E-1 4.29533E-1 5.53955E-1 5.51402E-1 4.59439E-1 2.6815E-1 2.1608E-1 2.46356E-1 2.05941E-1 9.91947E-2 8.88022E-2 9.49286E-2 1.41912E-1 1.33782E-1 7.72465E-2 1.21243E-1 1.62402E-1 2.31485E-1 3.49563E-1 2.14717E-1 1.62737E-1 2.07831E-1 3.95471E-1 4.6025E-1 2.17452E-1 4.13155E-1 4.30188E-1 2.7727E-1 2.42844E-1 3.12389E-1 4.0744E-1 3.09583E-1 1.36038E-1 4.49658E-1 3.90594E-1 2.79527E-1 2.49861E-1 1.58811E-1 4.52796E-2
1.25632E-1 1.41775E-1 1.51503E-1 1.1135E-1 2.52117E-1 2.07461E-1 2.22057E-1 2.41868E-1 2.27514E-1 2.39475E-1 3.034E-1 2.82851E-1 2.67834E-1 2.94337E-1 3.39429E-1 5.13904E-1 2.37749E-1 3.15301E-1 5.6448E-1 5.85356E-1 6.3588E-1 6.23346E-1 4.82071E-1 6.21027E-1 5.57671E-1 4.54025E-1 3.69098E-1 2.74812E-1 3.88372E-1 9.00142E-2 1.87811E-1 1.82459E-1 1.72477E-1 2.11769E-1 2.9842E-1 2.94441E-1 7.83151E-2 1.89918E-1 2.02193E-1 3.43131E-1 3.37957E-1 1.57416E-1 2.55231E-1 4.17532E-1 4.85416E-1 2.33548E-1 2.42471E-1 2.75063E-1 4.8983E-1 3.0184E-1 3.43968E-1 3.36566E-1 2.43586E-1 3.42042E-1 4.45033E-1 4.54109E-1 3.15433E-1 3.81792E-1 1.46669E-1 1.7794E-1
1.17769E-1 1.27769E-1 6.41545E-2 1.05796E-1 1.79235E-1 2.09922E-1 2.0662E-1 2.24616E-1 2.46445E-1 2.73634E-1 3.78219E-1 2.08E-1 1.00782E-1 1.42234E-1 7.89808E-2 2.31536E-1 4.07807E-1 3.8315E-1 5.80716E-1 5.41305E-1 6.322E-1 5.84405E-1 6.38912E-1 5.05081E-1 5.3022E-1 2.0007E-1 1.59871E-1 3.22441E-1 1.48449E-1 1.77131E-1 1.7386E-1 1.48671E-1 1.77267E-1 1.55175E-1 2.70728E-1 3.20211E-1 3.62068E-1 1.03169E-1 2.56576E-1 4.03756E-1 3.91125E-1 2.25621E-1 2.19256E-1 4.16458E-1 4.84913E-1 2.33248E-1 3.39639E-1 4.74002E-1 2.66404E-1 2.71489E-1 3.61908E-1 2.52514E-1 4.0647E-1 2.86262E-1 3.83983E-1 4.00855E-1 3.99627E-1 1.99973E-1 2.77461E-1 2.08021E-1
1.13557E-1 1.26485E-1 3.02299E-1 1.85981E-1 8.15713E-2 2.1797E-1 2.21387E-1 2.60107E-1 2.32013E-1 1.36797E-1 3.70404E-1 3.62954E-1 2.99146E-1 3.57522E-1 1.87828E-1 5.02575E-1 5.21215E-1 5.16293E-1 5.32639E-1 5.33539E-1 5.17969E-1 3.709E-1 6.34786E-1 6.10335E-1 4.13266E-1 4.22334E-1 3.73231E-1 4.31278E-1 1.09181E-1 1.84011E-1 1.791E-1 1.31149E-1 1.61387E-1 1.83881E-1 2.41521E-1 3.06305E-1 3.79748E-1 2.55862E-1 2.17305E-1 3.92902E-1 4.35526E-1 4.34573E-1 2.83332E-1 4.08993E-1 4.69843E-1 2.36395E-1 2.98789E-1 5.00503E-1 5.11467E-1 4.23643E-1 3.91592E-1 3.83455E-1 3.31627E-1 2.83633E-1 3.42215E-1 2.75459E-1 2.22178E-1 3.08829E-1 2.07304E-1 1.57844E-1
