Phytophthora/models/20240501_1705_06/Phytophthora_PA3_RUN2_MAXENT_outputs/Phytophthora_PA3_RUN2.asc
ncols         225
nrows         269
xllcorner     473000.0
yllcorner     4429100.0
cellsize      50.0
NODATA_value  -9999
[rows 216 to 242 of 269, columns 120 to 179 of 225]
4.48771E-1 4.03517E-1 3.44332E-1 2.77204E-1 2.21997E-1 1.99822E-1 1.68815E-1 1.44306E-1 1.37062E-1 9.29239E-2 6.75369E-2 5.45536E-2 7.05905E-2 6.99492E-2 8.54589E-2 1.67128E-1 2.94603E-1 2.61974E-1 2.94124E-1 3.19725E-1 4.10893E-1 5.53784E-1 3.96049E-1 5.09022E-1 5.2455E-1 3.49455E-1 3.51298E-1 1.91234E-1 2.09595E-1 1.60023E-1 1.56502E-1 1.6054E-1 3.98649E-1 3.82653E-1 5.18413E-1 1.55746E-1 3.93212E-1 3.37507E-1 3.47261E-1 3.67082E-1 3.67077E-1 4.09593E-1 4.4119E-1 4.37508E-1 5.12304E-1 5.68455E-1 5.04627E-1 4.77596E-1 4.33558E-1 3.89495E-1 2.7257E-1 1.53221E-1 1.36331E-1 1.03884E-1 1.39469E-1 1.30854E-1 2.3989E-1 2.29789E-1 2.11289E-1 2.22943E-1
3.91583E-1 3.44267E-1 3.00879E-1 2.76575E-1 2.3306E-1 2.10691E-1 1.88693E-1 1.51722E-1 1.35258E-1 1.21057E-1 1.00725E-1 1.04646E-1 8.13184E-2 9.62066E-2 9.41202E-2 1.83048E-1 2.03717E-1 2.37063E-1 2.81605E-1 2.83121E-1 2.90765E-1 4.27173E-1 2.8908E-1 5.01363E-1 4.72443E-1 3.65953E-1 1.36095E-1 3.13473E-1 1.74563E-1 1.56008E-1 1.57399E-1 2.07338E-1 3.79995E-1 2.75493E-1 2.72266E-1 4.06352E-1 3.49679E-1 3.25537E-1 3.71689E-1 3.76867E-1 3.96913E-1 4.99814E-1 2.99066E-1 3.3211E-1 5.13572E-1 5.48705E-1 5.16949E-1 4.44939E-1 4.31838E-1 3.8253E-1 2.04733E-1 1.39636E-1 1.43385E-1 1.20385E-1 9.88632E-2 2.13237E-1 1.80607E-1 2.84312E-1 2.4835E-1 3.12347E-1
6.17311E-1 4.72779E-1 3.79966E-1 3.46047E-1 2.83557E-1 2.48107E-1 2.17761E-1 1.59954E-1 1.4187E-1 1.31278E-1 1.25353E-1 1.32982E-1 1.34837E-1 1.36296E-1 1.51182E-1 1.83605E-1 1.95474E-1 2.09605E-1 2.49844E-1 2.55271E-1 2.61797E-1 2.74899E-1 4.67094E-1 4.92576E-1 4.06014E-1 3.49987E-1 3.2888E-1 1.44605E-1 1.80051E-1 1.15877E-1 1.79672E-1 3.63284E-1 1.98061E-1 4.96975E-1 4.38252E-1 3.45625E-1 3.24444E-1 3.55726E-1 4.0618E-1 4.01861E-1 3.85558E-1 4.65917E-1 5.05618E-1 2.54172E-1 4.62998E-1 4.34366E-1 5.21318E-1 4.17776E-1 4.0799E-1 2.83457E-1 1.59877E-1 1.28874E-1 1.3995E-1 8.09099E-2 2.30819E-1 1.58313E-1 1.95885E-1 2.15896E-1 3.52584E-1 3.79096E-1
6.06889E-1 5.7765E-1 5.18289E-1 3.97455E-1 3.03032E-1 2.45535E-1 2.11538E-1 1.67636E-1 1.6362E-1 1.51683E-1 1.49471E-1 1.57198E-1 1.62646E-1 1.61855E-1 1.71043E-1 2.05848E-1 2.42541E-1 2.42171E-1 2.46402E-1 2.35723E-1 2.31708E-1 2.61147E-1 4.4635E-1 3.8787E-1 3.03669E-1 3.42677E-1 2.0147E-1 1.9752E-1 6.09808E-2 1.15244E-1 1.99764E-1 3.24076E-1 2.39406E-1 4.35637E-1 3.543E-1 3.35432E-1 3.5696E-1 4.13319E-1 4.47694E-1 4.52215E-1 3.8701E-1 4.04223E-1 4.31369E-1 5.85164E-1 6.28154E-1 5.19774E-1 5.10337E-1 4.0143E-1 3.68162E-1 1.81177E-1 1.4309E-1 8.69306E-2 1.27684E-1 1.37622E-1 2.01028E-1 1.77038E-1 1.98527E-1 3.11407E-1 5.0137E-1 5.9676E-1
4.31836E-1 4.56875E-1 4.46733E-1 3.9016E-1 3.50872E-1 2.7888E-1 2.29464E-1 1.8265E-1 1.67691E-1 1.53993E-1 1.56456E-1 1.74763E-1 1.79448E-1 1.95834E-1 2.10104E-1 2.64043E-1 3.19908E-1 2.77295E-1 2.60937E-1 2.75102E-1 2.69801E-1 4.13571E-1 4.26362E-1 2.84482E-1 2.93365E-1 3.26242E-1 2.56479E-1 1.87646E-1 1.84686E-1 8.61247E-2 1.29639E-1 2.72454E-1 4.16552E-1 3.77477E-1 3.24189E-1 3.71791E-1 4.04998E-1 4.39458E-1 4.76299E-1 4.81698E-1 4.18444E-1 4.15321E-1 4.55685E-1 5.26968E-1 6.00933E-1 5.18561E-1 4.6196E-1 3.98134E-1 3.15936E-1 1.75302E-1 6.31718E-2 1.64094E-1 1.36387E-1 1.051E-1 1.94623E-1 2.64549E-1 2.28196E-1 2.88084E-1 4.78205E-1 5.97497E-1
1.30505E-1 3.56879E-1 3.41391E-1 3.24991E-1 3.12043E-1 3.05591E-1 2.62666E-1 2.0096E-1 1.82578E-1 1.75284E-1 2.52203E-1 2.75343E-1 2.70085E-1 2.86779E-1 2.97686E-1 3.4534E-1 3.34567E-1 2.73894E-1 2.68256E-1 2.82628E-1 3.6013E-1 4.80894E-1 4.25052E-1 2.97637E-1 3.55295E-1 3.80299E-1 4.02652E-1 2.14856E-1 2.25126E-1 2.21262E-1 3.34569E-1 2.66368E-1 3.69566E-1 2.42927E-1 2.4123E-1 2.92641E-1 3.14071E-1 2.42719E-1 2.19074E-1 3.19728E-1 4.46291E-1 4.15856E-1 4.00791E-1 4.71898E-1 4.77538E-1 3.30027E-1 2.78273E-1 1.86802E-1 4.05001E-1 1.94064E-1 1.26624E-1 1.11371E-1 2.11187E-1 2.04615E-1 1.96841E-1 2.97239E-1 3.73091E-1 4.04053E-1 4.39188E-1 6.38923E-1
3.55065E-1 3.69889E-1 3.72782E-1 3.62744E-1 3.64463E-1 3.60397E-1 3.1199E-1 2.39736E-1 1.97561E-1 2.00434E-1 3.20009E-1 3.62189E-1 3.06268E-1 3.34672E-1 3.52121E-1 4.16865E-1 3.54787E-1 2.94879E-1 3.14308E-1 3.02095E-1 5.47306E-1 5.38369E-1 4.52602E-1 4.14455E-1 5.82436E-1 3.14741E-1 3.01059E-1 2.22342E-1 2.32157E-1 2.56824E-1 3.07376E-1 2.53725E-1 3.47658E-1 2.12451E-1 3.01466E-1 3.075E-1 3.09829E-1 3.34479E-1 3.5248E-1 2.37353E-1 4.62073E-1 4.32968E-1 3.70848E-1 3.15532E-1 2.94354E-1 2.21754E-1 1.90516E-1 1.84679E-1 1.23125E-1 2.36022E-1 1.96402E-1 1.46146E-1 2.41925E-1 3.57877E-1 2.96051E-1 2.83273E-1 4.3257E-1 5.28008E-1 5.40623E-1 5.81763E-1
3.2777E-1 3.3417E-1 4.07164E-1 4.14571E-1 4.1036E-1 4.55929E-1 3.32029E-1 2.58628E-1 2.24792E-1 2.21845E-1 3.22359E-1 5.15547E-1 3.44376E-1 3.88819E-1 4.00712E-1 4.49744E-1 3.78145E-1 3.41939E-1 3.91538E-1 3.7432E-1 6.44869E-1 6.1672E-1 5.53146E-1 6.00574E-1 5.44577E-1 2.31392E-1 3.12069E-1 2.68169E-1 2.39256E-1 2.41926E-1 2.6165E-1 2.55103E-1 2.88957E-1 2.50975E-1 2.54947E-1 2.56287E-1 2.64617E-1 3.02102E-1 3.37349E-1 1.93769E-1 4.68474E-1 4.55671E-1 3.96913E-1 3.48091E-1 2.91756E-1 2.25954E-1 1.96014E-1 1.7037E-1 2.34079E-1 3.33931E-1 4.01828E-1 3.24375E-1 3.76168E-1 4.14594E-1 4.4873E-1 5.46422E-1 4.75014E-1 4.58943E-1 4.62479E-1 4.83821E-1
3.54731E-1 4.05531E-1 5.16297E-1 4.63707E-1 4.99221E-1 4.86663E-1 3.43873E-1 2.89066E-1 2.40861E-1 2.67977E-1 3.46218E-1 5.20822E-1 4.92116E-1 4.5858E-1 4.34646E-1 4.92328E-1 5.30742E-1 4.33833E-1 4.90109E-1 4.46048E-1 6.53667E-1 6.69413E-1 6.25878E-1 3.85276E-1 5.38665E-1 3.92648E-1 3.40218E-1 3.02034E-1 2.41327E-1 2.08032E-1 2.25201E-1 2.51645E-1 2.27383E-1 1.67961E-1 1.92602E-1 2.16369E-1 2.51192E-1 2.99569E-1 3.32305E-1 2.28854E-1 1.95959E-1 4.58714E-1 4.33547E-1 4.08669E-1 3.66107E-1 3.04777E-1 2.39231E-1 1.87767E-1 2.33913E-1 4.65328E-1 4.09774E-1 2.72922E-1 2.3993E-1 2.61514E-1 3.33306E-1 4.42102E-1 4.65565E-1 4.47408E-1 4.16075E-1 4.25457E-1
4.75523E-1 5.63625E-1 6.14464E-1 3.14322E-1 6.0383E-1 4.34094E-1 3.51715E-1 2.93272E-1 2.28193E-1 2.59309E-1 4.09104E-1 5.46253E-1 6.05571E-1 5.53747E-1 5.07767E-1 5.05642E-1 6.31002E-1 5.38922E-1 2.99706E-1 6.4868E-1 6.64721E-1 5.09304E-1 5.0632E-1 5.31972E-1 5.19819E-1 4.05869E-1 3.65412E-1 2.96733E-1 2.40125E-1 3.73771E-1 1.97081E-1 2.49651E-1 1.72084E-1 1.45088E-1 1.95104E-1 2.26384E-1 2.58239E-1 3.40241E-1 3.44155E-1 2.68568E-1 2.80749E-1 4.61397E-1 4.62533E-1 4.63948E-1 4.94233E-1 4.03477E-1 4.773E-1 3.12004E-1 1.93413E-1 3.21478E-1 3.04467E-1 2.89598E-1 3.1778E-1 2.98459E-1 3.24906E-1 3.856E-1 4.15407E-1 4.39958E-1 4.30973E-1 2.06711E-1
4.05864E-1 5.81813E-1 3.37094E-1 5.28322E-1 4.30471E-1 3.85231E-1 3.25407E-1 2.73141E-1 2.15611E-1 2.29064E-1 3.09894E-1 4.84892E-1 5.44364E-1 4.86217E-1 3.9571E-1 2.85848E-1 4.40262E-1 5.50061E-1 6.41267E-1 6.03309E-1 6.27649E-1 5.4927E-1 3.13948E-1 5.19434E-1 4.82707E-1 3.56527E-1 3.18117E-1 2.7303E-1 2.82531E-1 3.28676E-1 1.78652E-1 2.29332E-1 2.0097E-1 1.77189E-1 2.24112E-1 2.3524E-1 3.05124E-1 3.31475E-1 3.02702E-1 2.70417E-1 4.36033E-1 3.08574E-1 3.23129E-1 4.19765E-1 4.40541E-1 5.2154E-1 6.33629E-1 5.92806E-1 1.85654E-1 2.62466E-1 1.85824E-1 1.83486E-1 2.32161E-1 2.81764E-1 3.42364E-1 4.22866E-1 4.41135E-1 4.59212E-1 2.97494E-1 4.72913E-1
3.64935E-1 3.70562E-1 4.50854E-1 3.24421E-1 3.06491E-1 2.8259E-1 3.23672E-1 2.17806E-1 2.44747E-1 3.06699E-1 2.98803E-1 4.9878E-1 5.56232E-1 6.02629E-1 5.06826E-1 5.71563E-1 6.25769E-1 6.7591E-1 6.69176E-1 5.57463E-1 6.52345E-1 5.37291E-1 3.00284E-1 5.03501E-1 4.51926E-1 3.52307E-1 3.22622E-1 2.84299E-1 3.75822E-1 2.87374E-1 1.72264E-1 2.32735E-1 1.66495E-1 1.99964E-1 2.45726E-1 3.03301E-1 3.14356E-1 3.00439E-1 2.95457E-1 2.01043E-1 4.29468E-1 4.24936E-1 3.77301E-1 3.71908E-1 3.81834E-1 3.44088E-1 5.64726E-1 6.19566E-1 3.53491E-1 2.69915E-1 1.9094E-1 1.91749E-1 2.59321E-1 3.1118E-1 3.79784E-1 4.55883E-1 4.524E-1 4.73242E-1 4.15513E-1 4.66642E-1
3.69081E-1 4.98525E-1 4.50291E-1 3.17143E-1 2.87009E-1 2.74345E-1 2.96178E-1 2.19844E-1 1.99696E-1 2.18563E-1 3.6734E-1 4.89987E-1 5.43682E-1 5.90849E-1 4.47404E-1 5.27143E-1 5.67975E-1 6.37214E-1 5.84296E-1 5.62043E-1 6.50342E-1 5.50052E-1 3.00417E-1 4.94214E-1 4.59419E-1 4.14568E-1 3.90455E-1 3.54346E-1 3.73254E-1 2.19459E-1 1.93071E-1 1.98669E-1 2.22557E-1 3.06887E-1 3.53545E-1 3.91003E-1 3.36024E-1 2.94176E-1 2.82318E-1 2.99192E-1 4.24609E-1 4.14029E-1 4.40745E-1 4.22888E-1 3.87144E-1 3.86601E-1 4.77891E-1 6.30928E-1 5.96254E-1 4.85967E-1 3.04275E-1 2.64249E-1 3.40115E-1 3.37339E-1 4.30039E-1 4.81112E-1 4.66474E-1 2.56044E-1 5.25372E-1 5.27962E-1
3.1675E-1 4.58338E-1 3.49977E-1 2.87287E-1 2.58674E-1 2.70969E-1 2.62634E-1 2.14554E-1 1.79867E-1 1.90938E-1 3.03428E-1 4.65356E-1 5.05205E-1 5.57578E-1 3.69053E-1 3.75045E-1 4.06995E-1 4.30556E-1 6.54099E-1 6.30628E-1 4.32183E-1 3.08192E-1 5.99826E-1 5.07278E-1 6.19582E-1 5.8144E-1 4.57899E-1 3.55176E-1 3.77037E-1 1.67581E-1 2.52561E-1 2.53316E-1 2.37879E-1 3.88338E-1 3.78003E-1 3.59805E-1 3.18899E-1 3.46264E-1 1.99864E-1 3.79649E-1 4.39858E-1 3.98684E-1 4.18963E-1 4.1056E-1 4.28717E-1 5.31831E-1 6.0596E-1 5.44243E-1 6.4948E-1 5.70356E-1 5.02078E-1 4.81715E-1 5.37564E-1 4.9166E-1 4.63943E-1 4.90294E-1 3.56777E-1 5.22661E-1 5.21815E-1 4.87651E-1
2.86833E-1 3.73387E-1 2.1732E-1 2.2458E-1 2.4606E-1 2.54172E-1 2.2183E-1 1.79546E-1 1.5775E-1 1.79876E-1 2.19386E-1 4.22279E-1 4.62182E-1 4.32662E-1 3.01663E-1 3.55725E-1 3.77807E-1 4.32501E-1 4.36147E-1 4.15364E-1 6.51277E-1 6.38915E-1 6.40922E-1 6.25653E-1 6.01848E-1 3.32137E-1 4.26468E-1 3.4477E-1 2.77835E-1 2.03106E-1 2.78838E-1 2.61232E-1 3.24999E-1 3.61163E-1 3.14032E-1 3.30097E-1 3.33403E-1 1.36445E-1 3.78546E-1 2.34519E-1 2.94516E-1 4.13099E-1 4.04964E-1 4.14636E-1 6.05816E-1 7.47302E-1 6.86645E-1 2.74719E-1 5.06748E-1 3.85771E-1 3.22755E-1 2.88716E-1 3.3045E-1 3.62411E-1 4.4115E-1 4.83336E-1 3.86709E-1 5.33886E-1 5.10113E-1 4.51682E-1
1.84676E-1 1.76137E-1 1.7747E-1 1.81337E-1 1.72979E-1 2.09377E-1 1.75486E-1 1.36778E-1 1.35438E-1 1.71212E-1 2.68221E-1 3.45667E-1 4.07877E-1 2.92439E-1 2.89956E-1 3.59813E-1 3.74737E-1 4.59373E-1 3.47808E-1 5.81172E-1 5.71069E-1 5.57393E-1 5.47698E-1 5.17622E-1 3.19261E-1 2.60349E-1 2.23243E-1 3.64846E-1 1.53591E-1 2.27966E-1 2.8132E-1 2.75679E-1 2.62427E-1 2.37294E-1 2.90419E-1 3.57781E-1 3.87064E-1 2.62362E-1 4.44371E-1 4.24363E-1 2.19051E-1 1.5534E-1 3.58626E-1 4.24331E-1 5.87266E-1 5.7083E-1 4.3872E-1 1.67092E-1 4.25761E-1 3.15232E-1 2.12771E-1 2.43834E-1 3.0803E-1 3.61143E-1 4.4416E-1 3.09158E-1 5.90195E-1 5.82425E-1 5.23479E-1 4.5986E-1
1.48642E-1 1.4744E-1 1.6385E-1 1.59063E-1 1.3848E-1 1.93771E-1 1.75089E-1 1.57603E-1 1.61311E-1 1.73759E-1 2.96632E-1 3.24347E-1 4.32134E-1 2.74399E-1 3.08654E-1 3.79679E-1 3.87259E-1 4.08132E-1 3.95984E-1 5.28172E-1 5.01311E-1 5.0444E-1 3.35237E-1 2.75675E-1 2.52452E-1 2.29886E-1 4.11954E-1 2.24788E-1 1.95565E-1 2.61175E-1 2.795E-1 2.34936E-1 2.24539E-1 2.57741E-1 3.01805E-1 3.66957E-1 4.05081E-1 4.64039E-1 5.0155E-1 3.77616E-1 3.73511E-1 3.57803E-1 3.55242E-1 5.44675E-1 4.19818E-1 3.77782E-1 3.67645E-1 3.79115E-1 3.61443E-1 3.0284E-1 2.15185E-1 2.65822E-1 3.43846E-1 4.22387E-1 2.29021E-1 5.90243E-1 5.94687E-1 5.56255E-1 4.95316E-1 4.50274E-1
2.36523E-1 2.23766E-1 1.94071E-1 1.55829E-1 1.49613E-1 1.86042E-1 1.90328E-1 1.70583E-1 1.92482E-1 3.10493E-1 2.9087E-1 3.29271E-1 3.89186E-1 2.69883E-1 3.25924E-1 4.07942E-1 4.07162E-1 2.7403E-1 3.87252E-1 4.01578E-1 4.84319E-1 2.84351E-1 2.64493E-1 2.58858E-1 2.74933E-1 4.10889E-1 3.29323E-1 1.93538E-1 2.44193E-1 2.16698E-1 2.70617E-1 2.09361E-1 2.02903E-1 2.64106E-1 3.23308E-1 3.88937E-1 3.50746E-1 6.59528E-1 4.13604E-1 3.19445E-1 3.5906E-1 3.47196E-1 3.77452E-1 4.92386E-1 6.12762E-1 4.02163E-1 5.81126E-1 4.96097E-1 4.27033E-1 3.10663E-1 2.46118E-1 3.03969E-1 3.7152E-1 4.15476E-1 5.28237E-1 6.20118E-1 5.89092E-1 5.38712E-1 4.70606E-1 4.42622E-1
2.67438E-1 2.34215E-1 2.15965E-1 1.92227E-1 2.04741E-1 2.65192E-1 2.38248E-1 1.93621E-1 1.98066E-1 3.26782E-1 3.02731E-1 3.29372E-1 3.6245E-1 2.67767E-1 3.00854E-1 3.73687E-1 3.76047E-1 3.5545E-1 3.51558E-1 3.01693E-1 4.4799E-1 4.5631E-1 4.08119E-1 3.55358E-1 3.19353E-1 2.57669E-1 2.33532E-1 1.98934E-1 2.78534E-1 2.90465E-1 2.90319E-1 1.92786E-1 2.24486E-1 3.17829E-1 3.8085E-1 4.8326E-1 5.94772E-1 5.73699E-1 3.67225E-1 3.64887E-1 3.47646E-1 3.35973E-1 2.41681E-1 6.14275E-1 1.25267E-1 3.9822E-1 3.51014E-1 4.05816E-1 4.77031E-1 4.00475E-1 3.23254E-1 3.24711E-1 3.46479E-1 4.4449E-1 3.81917E-1 6.63254E-1 6.13346E-1 5.43996E-1 4.86019E-1 4.50349E-1
2.14755E-1 2.42202E-1 2.47792E-1 2.41486E-1 2.7383E-1 3.15961E-1 2.84094E-1 2.38146E-1 2.12839E-1 2.81178E-1 3.62396E-1 4.08246E-1 2.41958E-1 2.3809E-1 2.82514E-1 3.27609E-1 3.53569E-1 3.20905E-1 3.02217E-1 1.7644E-1 4.43281E-1 4.12968E-1 3.78994E-1 3.39967E-1 3.01601E-1 2.8996E-1 3.26775E-1 3.34428E-1 3.31178E-1 2.45283E-1 1.87669E-1 1.74466E-1 2.10239E-1 2.92239E-1 3.66639E-1 5.90158E-1 6.34114E-1 2.2488E-1 4.05471E-1 3.88614E-1 3.74914E-1 3.84483E-1 2.95897E-1 5.70811E-1 1.71978E-1 3.76648E-1 4.47693E-1 4.21267E-1 3.66931E-1 2.96713E-1 2.98504E-1 2.55876E-1 3.54849E-1 4.94794E-1 3.67751E-1 6.38557E-1 6.11702E-1 5.70982E-1 4.83482E-1 4.2086E-1
2.69773E-1 3.29978E-1 3.46759E-1 3.23244E-1 3.57005E-1 3.45168E-1 3.00546E-1 2.78671E-1 2.49471E-1 3.34473E-1 4.59904E-1 4.96892E-1 3.65223E-1 2.64668E-1 2.66782E-1 3.03508E-1 3.12408E-1 2.89869E-1 2.86404E-1 3.50905E-1 4.30364E-1 4.15214E-1 4.06739E-1 3.99362E-1 4.15778E-1 3.68036E-1 4.01411E-1 3.8848E-1 3.83592E-1 2.30071E-1 2.11975E-1 2.27871E-1 2.04326E-1 3.17647E-1 4.24481E-1 5.8352E-1 5.9522E-1 4.4381E-1 3.3012E-1 4.02045E-1 2.83678E-1 4.63834E-1 5.97801E-1 5.30323E-1 1.78045E-1 2.458E-1 3.45867E-1 3.47009E-1 2.6747E-1 2.51649E-1 3.52909E-1 3.7446E-1 4.55932E-1 5.68753E-1 4.06723E-1 7.01609E-1 6.88739E-1 6.08901E-1 5.42141E-1 4.8221E-1
3.52005E-1 3.52019E-1 3.87377E-1 3.65275E-1 3.85955E-1 3.81388E-1 3.41227E-1 3.55075E-1 3.28222E-1 4.06295E-1 5.11119E-1 5.39539E-1 4.22622E-1 2.96179E-1 2.70526E-1 2.68011E-1 2.62577E-1 2.51949E-1 2.47616E-1 2.3564E-1 4.73846E-1 4.46887E-1 4.60633E-1 3.31397E-1 3.95083E-1 4.1926E-1 4.55006E-1 4.3724E-1 4.47577E-1 3.03721E-1 3.13585E-1 2.52981E-1 2.35694E-1 4.81222E-1 5.29826E-1 5.94419E-1 3.922E-1 4.44537E-1 1.87433E-1 2.52243E-1 3.86283E-1 6.03037E-1 6.32348E-1 5.11021E-1 5.11187E-1 4.74063E-1 3.58018E-1 3.5772E-1 2.88775E-1 3.11854E-1 4.55071E-1 5.57893E-1 5.82656E-1 5.6629E-1 3.98737E-1 7.65071E-1 7.05537E-1 6.40317E-1 5.94224E-1 5.11066E-1
2.48303E-1 3.00313E-1 2.76331E-1 1.65081E-1 1.63608E-1 1.88543E-1 2.2988E-1 3.60905E-1 3.97269E-1 5.0817E-1 5.39947E-1 5.936E-1 4.469E-1 3.42592E-1 2.97911E-1 2.63524E-1 2.21861E-1 2.36803E-1 2.74592E-1 2.38328E-1 4.22305E-1 4.45016E-1 3.1763E-1 3.50153E-1 5.21116E-1 4.65387E-1 4.99668E-1 5.11179E-1 5.14878E-1 3.64602E-1 3.29414E-1 2.77619E-1 3.68224E-1 5.21236E-1 5.69531E-1 5.56656E-1 3.81173E-1 4.16835E-1 4.31566E-1 5.46432E-1 4.65556E-1 6.81931E-1 6.33439E-1 5.12868E-1 4.65583E-1 2.90242E-1 3.61179E-1 3.309E-1 3.43061E-1 4.26257E-1 5.91315E-1 7.1609E-1 7.77018E-1 7.26275E-1 7.43141E-1 7.23975E-1 7.38369E-1 6.87531E-1 6.2979E-1 5.45345E-1
5.8872E-1 5.46836E-1 4.10572E-1 3.4477E-1 3.86485E-1 3.82272E-1 3.5345E-1 2.05066E-1 2.26789E-1 5.41504E-1 5.42423E-1 6.27526E-1 4.79382E-1 3.85985E-1 3.34703E-1 3.11025E-1 2.78749E-1 2.60268E-1 2.78937E-1 2.70992E-1 3.93235E-1 3.35393E-1 3.08358E-1 3.68671E-1 5.53942E-1 5.04297E-1 5.30318E-1 5.75382E-1 6.05753E-1 4.18021E-1 3.56539E-1 3.33924E-1 5.39569E-1 5.45873E-1 4.65338E-1 2.36032E-1 4.11516E-1 2.41081E-1 4.64666E-1 6.04106E-1 6.86049E-1 6.47233E-1 5.80724E-1 4.36475E-1 1.80669E-1 2.52339E-1 3.21105E-1 3.44103E-1 4.68959E-1 5.78161E-1 7.97336E-1 8.74555E-1 6.34637E-1 6.33111E-1 7.28316E-1 6.83377E-1 7.32348E-1 6.95938E-1 6.43485E-1 5.74371E-1
3.99766E-1 3.20532E-1 2.75231E-1 3.07382E-1 3.69305E-1 3.74995E-1 2.53586E-1 4.34757E-1 3.99318E-1 5.17304E-1 3.14473E-1 5.03492E-1 4.50246E-1 4.174E-1 3.69149E-1 3.47889E-1 3.25133E-1 3.03644E-1 3.05508E-1 2.69069E-1 3.79889E-1 3.17527E-1 3.74599E-1 4.05831E-1 5.65629E-1 5.2157E-1 5.46202E-1 6.18024E-1 4.95767E-1 3.92618E-1 3.65021E-1 4.23647E-1 2.51762E-1 4.0542E-1 3.88512E-1 4.10169E-1 2.86602E-1 3.67531E-1 5.03497E-1 6.14357E-1 6.62659E-1 6.06276E-1 4.92555E-1 2.68433E-1 2.62813E-1 2.95206E-1 4.02683E-1 5.03104E-1 6.21391E-1 6.76031E-1 8.11451E-1 8.44886E-1 5.96301E-1 7.71427E-1 3.85683E-1 7.03732E-1 7.39329E-1 6.99696E-1 6.56079E-1 5.60709E-1
4.37792E-1 3.71162E-1 3.6232E-1 4.48719E-1 4.89841E-1 4.47154E-1 2.4734E-1 5.06276E-1 6.22958E-1 5.8805E-1 6.93501E-1 5.78305E-1 4.29003E-1 5.6155E-1 5.17064E-1 4.00184E-1 3.73101E-1 3.50937E-1 4.23021E-1 3.53838E-1 2.61795E-1 2.4571E-1 3.08115E-1 4.1442E-1 4.46071E-1 5.03991E-1 5.77549E-1 5.30686E-1 4.29404E-1 2.34733E-1 2.14921E-1 4.74281E-1 5.48326E-1 4.40155E-1 3.90875E-1 4.44606E-1 4.90738E-1 3.21041E-1 5.56385E-1 6.3933E-1 6.42596E-1 5.82701E-1 4.9495E-1 1.83521E-1 3.64258E-1 4.04359E-1 5.0684E-1 6.04667E-1 7.12278E-1 7.49747E-1 6.1665E-1 6.91898E-1 3.83043E-1 5.14621E-1 5.21614E-1 7.28588E-1 7.56812E-1 7.27491E-1 6.96218E-1 6.80441E-1
3.92091E-1 3.83674E-1 4.17815E-1 4.87566E-1 5.03853E-1 2.68108E-1 4.29215E-1 4.59157E-1 6.24274E-1 5.62315E-1 7.17147E-1 6.31257E-1 5.6582E-1 5.84843E-1 5.30574E-1 4.17377E-1 3.49972E-1 3.32587E-1 3.57517E-1 4.10737E-1 1.54205E-1 2.72007E-1 3.53568E-1 3.77222E-1 3.97574E-1 5.01861E-1 5.142E-1 3.81043E-1 4.33722E-1 2.88175E-1 2.76121E-1 5.81951E-1 5.65694E-1 5.77716E-1 4.18955E-1 4.44949E-1 4.91493E-1 3.9373E-1 5.81359E-1 6.58929E-1 4.69357E-1 4.40809E-1 3.35754E-1 1.97082E-1 3.83435E-1 2.87753E-1 4.48232E-1 5.89643E-1 5.7279E-1 5.31905E-1 5.3663E-1 3.31312E-1 5.32019E-1 5.91622E-1 5.72375E-1 7.73066E-1 7.15921E-1 7.40589E-1 7.147E-1 7.15404E-1
