Phytophthora/models/20240506_1522_03/Phytophthora_PA3_RUN8_MAXENT_outputs/Phytophthora_PA3_RUN8.asc
ncols         225
nrows         269
xllcorner     473009.9838
yllcorner     4429051.1748
cellsize      50.0
NODATA_value  -9999
[rows 156 to 181 of 269, columns 0 to 59 of 225]
-9999 -9999 -9999 -9999 -9999 -9999 -9999 2.15629E-1 3.14101E-1 4.00065E-1 3.79571E-1 4.58449E-1 5.58938E-1 6.47748E-1 7.1968E-1 7.15331E-1 7.25242E-1 7.49439E-1 6.97065E-1 6.09335E-1 4.64249E-1 3.82065E-1 3.21532E-1 3.07373E-1 3.36584E-1 3.56822E-1 3.77393E-1 4.13583E-1 4.67796E-1 5.16451E-1 5.35021E-1 5.49906E-1 4.21279E-1 4.74247E-1 3.60752E-1 4.50367E-1 5.09507E-1 5.602E-1 3.82281E-1 6.08214E-1 5.34068E-1 4.81E-1 4.51619E-1 4.5628E-1 4.80084E-1 4.6292E-1 5.11005E-1 4.839E-1 4.52284E-1 4.14662E-1 3.94282E-1 3.92205E-1 4.50054E-1 4.07421E-1 3.79258E-1 3.79631E-1 4.36704E-1 3.19699E-1 4.99265E-1 4.67182E-1
-9999 -9999 -9999 -9999 -9999 -9999 -9999 2.28048E-1 1.80007E-1 2.74311E-1 3.51693E-1 4.51235E-1 5.47631E-1 6.7463E-1 6.76983E-1 7.15746E-1 7.37918E-1 7.3168E-1 7.02292E-1 5.77702E-1 4.59395E-1 3.86603E-1 3.27995E-1 3.50065E-1 3.84243E-1 4.08783E-1 4.2915E-1 4.55231E-1 5.09493E-1 5.63537E-1 5.52119E-1 2.48908E-1 5.82158E-1 4.15665E-1 3.91651E-1 4.9186E-1 5.93555E-1 3.38008E-1 5.12669E-1 5.22984E-1 4.86173E-1 4.62205E-1 4.70895E-1 3.917E-1 4.2496E-1 4.06008E-1 4.51079E-1 4.28714E-1 4.18661E-1 4.37226E-1 4.59459E-1 4.31263E-1 5.28592E-1 5.05595E-1 4.73146E-1 2.0277E-1 4.52367E-1 4.70395E-1 4.04677E-1 1.47339E-1
-9999 -9999 -9999 -9999 -9999 -9999 -9999 -9999 2.23163E-1 2.87688E-1 3.83665E-1 4.62648E-1 5.84849E-1 5.90611E-1 6.2845E-1 6.71648E-1 6.83623E-1 6.74412E-1 6.1409E-1 5.24027E-1 4.34182E-1 3.72153E-1 3.43813E-1 3.86946E-1 4.28776E-1 4.64312E-1 4.91723E-1 5.19091E-1 5.51356E-1 6.19399E-1 4.39809E-1 1.87938E-1 6.01473E-1 4.55288E-1 4.40899E-1 5.61102E-1 4.35806E-1 3.88626E-1 4.59722E-1 4.98406E-1 5.01216E-1 5.12724E-1 4.20291E-1 3.44741E-1 3.65614E-1 3.55779E-1 3.7634E-1 3.69571E-1 3.62376E-1 3.7553E-1 4.01198E-1 4.85952E-1 5.63946E-1 5.74692E-1 6.30099E-1 4.79765E-1 4.60585E-1 4.11908E-1 1.70062E-1 4.26324E-1
-9999 -9999 -9999 -9999 -9999 -9999 -9999 -9999 2.73903E-1 3.69094E-1 4.79118E-1 5.74807E-1 5.99032E-1 6.37307E-1 6.81112E-1 6.68012E-1 6.67765E-1 6.63289E-1 5.83225E-1 5.103E-1 4.51272E-1 3.95787E-1 3.67042E-1 4.13322E-1 4.63396E-1 5.07121E-1 5.49016E-1 5.78705E-1 5.70077E-1 3.12337E-1 6.08522E-1 2.28914E-1 4.15998E-1 3.98613E-1 3.4814E-1 2.40607E-1 3.21873E-1 4.46102E-1 5.02466E-1 5.20822E-1 5.22879E-1 4.54142E-1 3.93628E-1 3.32582E-1 3.56154E-1 3.6023E-1 3.67232E-1 3.24881E-1 3.3163E-1 3.71608E-1 3.51513E-1 3.49101E-1 4.30261E-1 5.25407E-1 2.97602E-1 2.14492E-1 1.65233E-1 1.85552E-1 5.28101E-1 5.38719E-1
-9999 -9999 -9999 -9999 -9999 -9999 -9999 -9999 3.99876E-1 4.72269E-1 4.36965E-1 5.09395E-1 6.16991E-1 6.83607E-1 6.98107E-1 6.95884E-1 7.005E-1 6.78198E-1 6.13609E-1 5.58723E-1 4.90151E-1 4.06647E-1 3.80616E-1 4.35772E-1 4.89475E-1 5.39121E-1 5.99302E-1 2.37586E-1 5.25402E-1 6.09477E-1 5.92832E-1 6.31353E-1 3.46761E-1 3.10248E-1 3.79267E-1 5.09604E-1 4.30122E-1 4.1248E-1 4.72911E-1 5.02754E-1 4.69042E-1 4.17877E-1 3.78502E-1 3.61044E-1 4.03995E-1 4.14519E-1 4.09208E-1 3.63266E-1 3.11779E-1 3.32541E-1 3.93943E-1 5.29185E-1 4.82545E-1 1.69114E-1 2.95469E-1 5.26257E-1 4.75757E-1 5.08676E-1 5.36516E-1 5.72925E-1
-9999 -9999 -9999 -9999 -9999 -9999 -9999 2.98675E-1 3.50138E-1 4.23796E-1 4.82593E-1 5.8543E-1 6.90339E-1 7.2868E-1 7.42992E-1 7.14018E-1 7.1133E-1 6.8553E-1 6.52178E-1 5.65544E-1 4.77611E-1 4.15731E-1 3.96328E-1 4.50539E-1 5.16053E-1 5.73682E-1 6.65515E-1 2.75108E-1 5.73306E-1 5.77547E-1 3.68844E-1 5.41503E-1 4.98977E-1 2.04714E-1 5.08929E-1 5.34548E-1 5.02523E-1 5.16153E-1 5.57968E-1 5.24518E-1 5.32119E-1 4.7277E-1 4.06691E-1 4.04317E-1 4.57495E-1 4.75884E-1 4.57271E-1 3.84318E-1 4.1727E-1 3.28088E-1 3.77618E-1 4.32908E-1 5.45344E-1 5.05361E-1 3.55566E-1 5.46524E-1 4.99205E-1 5.38309E-1 5.38911E-1 5.87959E-1
-9999 -9999 -9999 -9999 -9999 -9999 -9999 3.43137E-1 4.11981E-1 1.4063E-1 5.23806E-1 5.53326E-1 6.46401E-1 7.45373E-1 7.52807E-1 4.93817E-1 2.61013E-1 2.66458E-1 5.1805E-1 5.19632E-1 4.76367E-1 4.42922E-1 4.16115E-1 4.51267E-1 5.23602E-1 5.96407E-1 6.91849E-1 5.61272E-1 5.77922E-1 5.62777E-1 5.29868E-1 6.18199E-1 6.51359E-1 6.73984E-1 5.75637E-1 2.18436E-1 5.97762E-1 6.02384E-1 5.73608E-1 5.6498E-1 5.6617E-1 4.87246E-1 4.28108E-1 4.43085E-1 5.09005E-1 5.41845E-1 5.19407E-1 4.35836E-1 4.22473E-1 3.81897E-1 4.12282E-1 4.41357E-1 4.90548E-1 5.8027E-1 6.47986E-1 2.36988E-1 5.86192E-1 5.66355E-1 6.41726E-1 3.17792E-1
-9999 -9999 -9999 -9999 -9999 -9999 9.1612E-2 3.60736E-1 3.89079E-1 3.28755E-1 3.63793E-1 5.04325E-1 6.01107E-1 6.87428E-1 7.04612E-1 7.04929E-1 4.81192E-1 6.79541E-1 1.98677E-1 5.47347E-1 5.2483E-1 4.72487E-1 4.33584E-1 4.39514E-1 5.10728E-1 5.71236E-1 6.56116E-1 6.57513E-1 5.65453E-1 5.09545E-1 4.32261E-1 4.53165E-1 5.10274E-1 5.30934E-1 6.0384E-1 6.38222E-1 2.40564E-1 6.12513E-1 6.08613E-1 6.37134E-1 6.20653E-1 5.31097E-1 4.92052E-1 5.0074E-1 5.81717E-1 6.11256E-1 5.85541E-1 5.21214E-1 4.23525E-1 4.10647E-1 4.3529E-1 4.65337E-1 4.89202E-1 6.19578E-1 5.58139E-1 6.36148E-1 5.95711E-1 3.59956E-1 5.49805E-1 3.88314E-1
-9999 -9999 -9999 -9999 -9999 1.1948E-2 5.78401E-2 2.26517E-1 2.24812E-1 2.75198E-1 3.88188E-1 4.87033E-1 5.38572E-1 6.19377E-1 5.81981E-1 3.59159E-1 5.80378E-1 4.02845E-1 2.19718E-1 5.26686E-1 5.40073E-1 4.8029E-1 4.39576E-1 4.21103E-1 4.86101E-1 5.2354E-1 5.9954E-1 5.95506E-1 5.1563E-1 5.87788E-1 4.13259E-1 4.13199E-1 4.49416E-1 4.50001E-1 5.33294E-1 5.64435E-1 5.80447E-1 2.63752E-1 6.47583E-1 5.49305E-1 6.49861E-1 5.82019E-1 5.74898E-1 5.61133E-1 6.24456E-1 2.01323E-1 6.24147E-1 5.55009E-1 4.46721E-1 4.19302E-1 4.3193E-1 4.40982E-1 3.90306E-1 5.02178E-1 4.12715E-1 4.88531E-1 4.989E-1 4.15021E-1 3.03639E-1 2.97317E-1
-9999 -9999 -9999 -9999 -9999 8.18813E-3 5.12724E-2 3.16449E-1 3.68652E-1 4.62367E-1 4.8884E-1 4.77021E-1 5.01444E-1 5.3689E-1 5.19846E-1 5.17286E-1 5.47526E-1 5.32542E-1 5.27094E-1 5.01973E-1 5.31664E-1 4.95567E-1 4.4865E-1 4.1146E-1 4.52186E-1 4.68716E-1 5.29433E-1 4.87241E-1 5.84893E-1 3.53948E-1 3.24401E-1 3.81287E-1 4.38125E-1 4.8316E-1 5.22536E-1 5.32075E-1 5.31692E-1 3.78082E-1 5.1881E-1 6.46898E-1 6.06088E-1 3.0655E-1 4.57995E-1 5.38032E-1 3.3884E-1 5.07568E-1 6.24406E-1 5.7662E-1 5.1529E-1 4.6104E-1 4.31334E-1 5.03465E-1 5.04445E-1 4.33573E-1 3.65217E-1 4.99702E-1 4.9743E-1 3.41572E-1 3.18469E-1 2.99472E-1
-9999 -9999 -9999 -9999 5.41809E-3 5.89268E-3 4.07213E-2 4.84651E-1 5.34418E-1 5.66678E-1 5.5265E-1 5.13105E-1 4.90448E-1 4.15211E-1 5.15523E-1 4.4755E-1 4.83052E-1 5.06436E-1 4.91765E-1 4.78468E-1 4.89646E-1 4.56874E-1 4.63284E-1 4.10312E-1 4.22793E-1 4.22458E-1 4.61212E-1 4.95631E-1 4.13076E-1 3.67149E-1 4.12764E-1 4.70342E-1 5.19286E-1 5.91439E-1 5.92061E-1 5.73739E-1 4.59757E-1 3.09103E-1 6.01948E-1 5.82117E-1 6.08431E-1 5.89857E-1 4.98225E-1 6.51888E-1 6.57947E-1 6.54616E-1 6.34507E-1 5.72086E-1 5.05424E-1 4.88475E-1 4.11732E-1 5.26159E-1 2.92193E-1 4.16622E-1 3.76593E-1 2.50669E-1 4.1524E-1 3.36145E-1 3.33542E-1 3.2698E-1
-9999 -9999 -9999 -9999 7.52336E-3 5.3964E-3 3.98786E-2 6.07027E-1 6.31451E-1 6.31409E-1 5.9783E-1 5.506E-1 5.32144E-1 5.54926E-1 4.51054E-1 4.47931E-1 4.89647E-1 5.17731E-1 5.0095E-1 4.98024E-1 4.60682E-1 4.1421E-1 4.6991E-1 4.00853E-1 4.5415E-1 4.47387E-1 2.9096E-1 4.59427E-1 4.47997E-1 4.78163E-1 5.0254E-1 5.62725E-1 6.28165E-1 6.85494E-1 6.46862E-1 2.8637E-1 6.32816E-1 5.95703E-1 5.70539E-1 6.14206E-1 5.31428E-1 5.72729E-1 6.4769E-1 6.35821E-1 6.35629E-1 6.38703E-1 6.29065E-1 5.78434E-1 4.78731E-1 3.88797E-1 3.33759E-1 4.1454E-1 4.35726E-1 4.60243E-1 4.25199E-1 3.61461E-1 4.22555E-1 4.2885E-1 4.1999E-1 4.02585E-1
-9999 -9999 -9999 -9999 5.43404E-3 7.88234E-3 6.01978E-2 5.53918E-1 5.98406E-1 5.97863E-1 5.61792E-1 5.23057E-1 4.02795E-1 4.87072E-1 4.20509E-1 4.14986E-1 4.08164E-1 4.26998E-1 4.21973E-1 4.09947E-1 4.04453E-1 3.97214E-1 4.47807E-1 3.5218E-1 3.89745E-1 2.96002E-1 4.6522E-1 4.45928E-1 4.8172E-1 5.52703E-1 6.12531E-1 6.73759E-1 7.04286E-1 7.08283E-1 2.89286E-1 6.40425E-1 6.34658E-1 5.48387E-1 6.20553E-1 5.55505E-1 5.12686E-1 5.33465E-1 5.80261E-1 5.92848E-1 6.08443E-1 6.39524E-1 6.15079E-1 5.60556E-1 4.96848E-1 4.25187E-1 3.79079E-1 3.74007E-1 3.99558E-1 4.38657E-1 4.31854E-1 4.92434E-1 4.00322E-1 4.0686E-1 4.75107E-1 5.05642E-1
-9999 -9999 -9999 -9999 7.00255E-3 1.30376E-2 8.17333E-2 4.78568E-1 5.37951E-1 5.5406E-1 5.32754E-1 4.92795E-1 3.09085E-1 4.67497E-1 4.21238E-1 3.83554E-1 3.22708E-1 3.19327E-1 3.4286E-1 3.50213E-1 3.77416E-1 3.81963E-1 3.7744E-1 3.8186E-1 3.2487E-1 4.17533E-1 4.48109E-1 5.15202E-1 5.62457E-1 5.97609E-1 6.43015E-1 6.8293E-1 4.96373E-1 3.48414E-1 6.21104E-1 6.76219E-1 5.71012E-1 5.83373E-1 5.95288E-1 5.21425E-1 4.9642E-1 5.20476E-1 5.4692E-1 5.40028E-1 5.60467E-1 6.47712E-1 6.03512E-1 4.69986E-1 4.3097E-1 3.89457E-1 3.4538E-1 3.86512E-1 4.08107E-1 4.73447E-1 5.69698E-1 4.18334E-1 4.31553E-1 4.87844E-1 5.21484E-1 5.4757E-1
-9999 -9999 -9999 2.89325E-3 5.44656E-3 2.56714E-2 9.85293E-2 3.85117E-1 4.52905E-1 4.84442E-1 1.28877E-1 1.77693E-1 4.35957E-1 4.57398E-1 3.77992E-1 3.31378E-1 2.70497E-1 2.41401E-1 1.6392E-1 2.98025E-1 2.38336E-1 2.18864E-1 2.49613E-1 2.74977E-1 2.75157E-1 3.30297E-1 4.60762E-1 5.35014E-1 5.69587E-1 5.77421E-1 3.96339E-1 1.67957E-1 6.23239E-1 6.52382E-1 6.79498E-1 5.76283E-1 5.82819E-1 6.24497E-1 5.48112E-1 5.00833E-1 4.80795E-1 4.97154E-1 5.03887E-1 5.07331E-1 5.19916E-1 6.20974E-1 5.14187E-1 3.70247E-1 3.57169E-1 3.24315E-1 3.47984E-1 4.05751E-1 4.35471E-1 4.78486E-1 4.01146E-1 4.68079E-1 5.11257E-1 5.56919E-1 6.20777E-1 6.45394E-1
-9999 -9999 -9999 9.78151E-3 1.88347E-2 6.00689E-2 1.18931E-1 2.96366E-1 3.56397E-1 3.75261E-1 3.58907E-1 3.74921E-1 3.92204E-1 3.23564E-1 3.02974E-1 1.50989E-1 2.37677E-1 1.49891E-1 2.02377E-1 1.60734E-1 1.65192E-1 2.17908E-1 2.75542E-1 3.18189E-1 3.18506E-1 3.5888E-1 4.40866E-1 1.91908E-1 1.76844E-1 3.40274E-1 5.80599E-1 5.90062E-1 6.11268E-1 6.80447E-1 6.22936E-1 5.84432E-1 6.32273E-1 5.85225E-1 5.16233E-1 4.79807E-1 4.59605E-1 4.66115E-1 4.61571E-1 4.67945E-1 4.76961E-1 5.08994E-1 4.19781E-1 2.9496E-1 2.94782E-1 3.28884E-1 3.74209E-1 3.35007E-1 3.00258E-1 2.55265E-1 2.76398E-1 3.6129E-1 4.7364E-1 5.12046E-1 3.954E-1 3.08349E-1
-9999 -9999 -9999 9.95387E-2 1.09385E-1 1.41092E-1 1.63699E-1 2.30495E-1 2.57135E-1 2.59244E-1 2.34869E-1 2.47774E-1 2.49127E-1 2.46075E-1 1.52309E-1 1.10984E-1 1.58941E-1 1.21442E-1 1.06327E-1 1.52309E-1 2.01421E-1 2.84392E-1 3.78593E-1 4.12206E-1 4.17664E-1 4.16636E-1 2.2649E-1 5.10659E-1 5.4029E-1 5.57154E-1 5.51779E-1 5.75353E-1 6.46412E-1 6.06079E-1 5.81951E-1 5.89844E-1 6.33502E-1 5.67072E-1 5.0854E-1 4.82396E-1 4.73794E-1 4.54186E-1 4.27462E-1 4.03405E-1 3.85278E-1 3.89196E-1 3.64625E-1 2.74544E-1 2.78035E-1 3.41035E-1 1.8247E-1 3.8367E-1 2.48714E-1 2.44786E-1 2.26753E-1 2.12339E-1 2.93476E-1 3.49926E-1 2.93828E-1 4.17082E-1
-9999 -9999 -9999 1.11603E-1 1.11291E-1 1.12547E-1 1.70664E-1 2.73392E-1 2.9168E-1 2.63112E-1 2.22716E-1 2.40174E-1 1.7455E-1 2.51794E-1 1.40184E-1 1.05059E-1 1.24054E-1 9.01965E-2 1.28172E-1 1.95222E-1 2.87266E-1 3.76378E-1 4.59467E-1 5.00463E-1 5.04892E-1 5.56241E-1 4.45247E-1 5.72581E-1 5.44001E-1 5.44003E-1 5.21932E-1 5.71411E-1 6.31023E-1 6.12413E-1 5.90779E-1 6.16564E-1 5.8896E-1 5.69565E-1 5.84956E-1 5.51487E-1 5.30276E-1 5.09199E-1 4.73485E-1 4.3498E-1 4.45678E-1 4.2038E-1 4.30109E-1 4.02122E-1 3.60512E-1 3.78493E-1 3.35507E-1 2.59615E-1 2.69891E-1 2.98309E-1 2.77051E-1 2.51855E-1 5.44126E-2 2.37639E-1 1.2844E-1 3.78329E-1
-9999 -9999 -9999 8.33174E-2 9.15493E-2 1.25741E-1 1.89215E-1 2.98326E-1 3.10735E-1 3.01105E-1 2.53015E-1 2.91675E-1 3.85735E-1 1.8694E-1 1.68223E-1 1.53248E-1 1.26302E-1 1.35599E-1 1.95931E-1 2.71778E-1 3.98774E-1 5.24601E-1 6.14385E-1 6.15204E-1 6.43185E-1 2.93851E-1 6.84076E-1 6.49299E-1 5.88902E-1 5.43375E-1 5.09039E-1 5.02878E-1 5.79867E-1 5.79316E-1 5.4789E-1 6.06161E-1 6.09388E-1 5.73127E-1 6.1517E-1 5.78128E-1 5.62517E-1 5.68826E-1 5.27188E-1 4.87808E-1 5.17485E-1 5.30081E-1 5.22052E-1 2.92562E-1 2.44435E-1 3.56439E-1 3.08931E-1 3.1814E-1 3.34393E-1 3.45666E-1 1.69366E-1 1.26146E-1 2.47473E-1 2.04716E-1 1.32202E-1 2.14337E-1
2.5506E-2 3.37793E-2 5.23571E-2 8.67123E-2 1.2709E-1 1.98027E-1 2.84212E-1 3.3943E-1 1.04141E-1 9.36207E-2 2.5324E-1 9.39881E-2 7.60059E-2 2.2513E-1 2.26203E-1 2.29131E-1 2.10679E-1 2.70839E-1 3.38934E-1 3.80131E-1 4.62714E-1 5.59171E-1 6.44195E-1 2.21487E-1 4.60898E-1 3.05358E-1 6.9876E-1 6.68907E-1 6.04996E-1 5.29376E-1 4.85489E-1 4.47701E-1 5.48987E-1 5.1874E-1 5.1472E-1 6.42768E-1 5.55862E-1 5.18729E-1 5.82491E-1 5.763E-1 5.631E-1 5.85379E-1 5.87778E-1 5.62383E-1 3.84225E-1 5.59617E-1 4.84509E-1 3.01024E-1 2.79477E-1 2.86399E-1 2.80123E-1 3.18121E-1 3.79946E-1 3.01009E-1 1.94432E-1 3.08396E-1 2.71102E-1 3.09283E-1 3.49046E-1 4.32617E-1
2.97228E-2 5.05587E-2 6.71907E-2 9.61129E-2 1.37211E-1 2.33467E-1 2.85086E-1 3.08774E-1 3.07216E-1 8.33457E-2 2.27273E-1 1.60761E-1 1.15228E-1 2.96394E-1 3.06286E-1 3.10005E-1 2.80873E-1 3.14819E-1 3.57679E-1 4.20008E-1 4.9274E-1 6.19034E-1 6.75434E-1 4.33639E-1 6.72617E-1 3.87043E-1 6.97957E-1 7.05412E-1 6.29287E-1 5.47137E-1 4.857E-1 4.28593E-1 4.50622E-1 5.03299E-1 4.88064E-1 5.42684E-1 5.26285E-1 4.6447E-1 5.41139E-1 5.64879E-1 5.79975E-1 6.18743E-1 5.84414E-1 6.74791E-1 4.96877E-1 4.53225E-1 3.72248E-1 3.3578E-1 3.13914E-1 3.41967E-1 3.25859E-1 3.45061E-1 3.0435E-1 2.34514E-1 3.63155E-1 3.73347E-1 3.0524E-1 3.10807E-1 3.69752E-1 4.4531E-1
-9999 9.59193E-2 1.09715E-1 1.35257E-1 1.95549E-1 2.32629E-1 2.77422E-1 2.85732E-1 2.88497E-1 3.07409E-1 3.27752E-1 3.28304E-1 3.31762E-1 2.69463E-1 2.3797E-1 2.23787E-1 2.47308E-1 3.3298E-1 3.64731E-1 4.21712E-1 4.07279E-1 4.8251E-1 4.94232E-1 5.55291E-1 6.05109E-1 2.71095E-1 6.96876E-1 7.48833E-1 6.74554E-1 6.07234E-1 5.36503E-1 4.71576E-1 4.19619E-1 5.67048E-1 4.39519E-1 4.14107E-1 4.35698E-1 4.13236E-1 5.16773E-1 5.85125E-1 6.31296E-1 5.23027E-1 6.24048E-1 5.49869E-1 4.36149E-1 4.78486E-1 4.77755E-1 4.72104E-1 4.94491E-1 5.04359E-1 4.2905E-1 2.52581E-1 2.34596E-1 4.80025E-1 2.10207E-1 4.383E-1 3.56234E-1 3.02026E-1 3.76451E-1 4.26205E-1
-9999 -9999 1.44332E-1 1.96334E-1 2.51762E-1 2.77176E-1 2.98876E-1 2.83405E-1 2.6187E-1 2.69346E-1 2.65892E-1 2.37604E-1 2.84603E-1 2.97842E-1 3.05917E-1 3.18753E-1 2.80842E-1 3.30757E-1 3.95773E-1 1.22017E-1 3.84874E-1 3.27254E-1 1.2094E-1 4.75932E-1 6.58333E-1 4.44889E-1 3.81626E-1 7.30945E-1 7.14239E-1 6.80846E-1 6.05288E-1 5.17646E-1 4.35369E-1 5.2819E-1 5.2669E-1 4.00335E-1 4.36465E-1 5.25763E-1 6.06386E-1 1.56611E-1 5.51976E-1 5.5873E-1 4.94723E-1 5.02181E-1 5.37364E-1 4.60179E-1 5.35315E-1 4.95559E-1 5.55515E-1 6.08822E-1 1.7261E-1 5.31434E-1 5.19956E-1 4.98568E-1 1.89439E-1 4.84152E-1 4.05638E-1 3.38714E-1 3.41159E-1 3.94934E-1
-9999 -9999 -9999 2.36339E-1 2.78996E-1 3.10022E-1 3.31748E-1 3.19258E-1 2.74348E-1 2.46769E-1 2.41946E-1 2.89732E-1 3.0413E-1 3.07433E-1 3.11518E-1 3.23894E-1 3.80392E-1 4.48722E-1 4.41841E-1 4.85887E-1 2.65037E-1 3.99223E-1 5.33788E-1 5.77159E-1 6.50154E-1 5.84461E-1 3.2936E-1 6.43418E-1 6.87306E-1 6.23874E-1 6.00584E-1 6.15704E-1 4.77872E-1 5.23348E-1 6.16308E-1 4.66298E-1 4.30254E-1 5.90502E-1 5.83687E-1 4.43283E-1 5.32331E-1 4.52064E-1 4.33261E-1 4.91797E-1 4.02407E-1 3.4777E-1 2.18166E-1 4.98389E-1 3.0379E-1 2.9964E-1 5.835E-1 5.45518E-1 5.12946E-1 5.40862E-1 3.08971E-1 4.96866E-1 4.4401E-1 3.9922E-1 3.7474E-1 3.41732E-1
-9999 -9999 -9999 2.51999E-1 2.93402E-1 3.30203E-1 1.61728E-1 6.61572E-2 2.92217E-1 2.7535E-1 1.37406E-1 2.22278E-1 2.29183E-1 2.76221E-1 3.18309E-1 3.47258E-1 4.20427E-1 4.78389E-1 4.8373E-1 5.37809E-1 6.22189E-1 2.12783E-1 5.51706E-1 5.00045E-1 5.77685E-1 5.10962E-1 5.52137E-1 5.54581E-1 5.72986E-1 6.33193E-1 5.58372E-1 5.31218E-1 5.75642E-1 5.29413E-1 6.16971E-1 5.88483E-1 4.71208E-1 6.15133E-1 5.41217E-1 4.70979E-1 5.95913E-1 5.37393E-1 5.07559E-1 5.2645E-1 5.34063E-1 5.07677E-1 1.33147E-1 1.98752E-1 6.18149E-1 6.093E-1 5.81214E-1 5.03523E-1 5.00314E-1 5.15994E-1 5.02966E-1 4.89031E-1 4.78998E-1 4.89004E-1 3.34212E-1 2.94699E-1
-9999 -9999 -9999 -9999 2.82316E-1 3.23005E-1 3.03691E-1 2.66998E-1 2.51328E-1 2.8137E-1 2.22674E-1 1.75147E-1 2.12532E-1 2.99033E-1 3.43321E-1 4.26743E-1 5.13697E-1 5.48861E-1 5.00498E-1 3.50932E-1 2.58452E-1 3.69758E-1 1.42511E-1 4.12584E-1 4.32663E-1 3.44939E-1 4.34061E-1 4.64624E-1 4.83169E-1 5.08334E-1 5.55742E-1 4.46942E-1 4.19377E-1 5.55455E-1 6.16674E-1 6.24078E-1 5.65171E-1 6.31809E-1 6.64004E-1 7.28222E-1 6.13962E-1 4.91378E-1 4.44413E-1 4.7389E-1 4.87139E-1 4.75676E-1 4.801E-1 4.97038E-1 5.44106E-1 4.01077E-1 3.50024E-1 3.7452E-1 4.48649E-1 4.74895E-1 4.65395E-1 4.46927E-1 5.03041E-1 3.79211E-1 3.23177E-1 3.27377E-1
