Phytophthora/models/20240506_1522_03/Phytophthora_PA3_RUN8_MAXENT_outputs/Phytophthora_PA3_RUN8.asc
ncols         225
nrows         269
xllcorner     473009.9838
yllcorner     4429051.1748
cellsize      50.0
NODATA_value  -9999
[rows 130 to 155 of 269, columns 0 to 59 of 225]
-9999 -9999 -9999 -9999 -9999 -9999 -9999 -9999 -9999 -9999 1.10551E-2 4.046E-2 1.92625E-1 6.42529E-2 1.02266E-1 7.81069E-2 1.7196E-1 1.23325E-1 1.69407E-1 9.02513E-2 8.60237E-2 1.96179E-1 1.46022E-1 1.08266E-1 1.40158E-1 2.17807E-1 1.6325E-1 1.17811E-1 1.47017E-1 2.07893E-1 9.01005E-2 1.69424E-1 1.20858E-1 1.05597E-1 9.24602E-2 8.23864E-2 1.16926E-1 1.23027E-1 8.3624E-2 8.44595E-2 1.03697E-1 1.11739E-1 1.27447E-1 9.86356E-2 9.0528E-2 8.29771E-2 9.80963E-2 1.19186E-1 1.73705E-1 1.6942E-1 6.03792E-2 1.50946E-1 1.59026E-1 1.18345E-1 9.38965E-2 7.64361E-2 5.16454E-2 4.99879E-2 8.0909E-2 1.02903E-1
-9999 -9999 -9999 -9999 -9999 -9999 -9999 -9999 -9999 2.51569E-2 1.27461E-2 5.30113E-2 3.76412E-2 1.56802E-1 1.54645E-1 1.36181E-1 2.34341E-1 1.51088E-1 2.32723E-1 1.30901E-1 1.45872E-1 3.32012E-1 9.09633E-2 2.06068E-1 7.29821E-2 1.17444E-1 2.57882E-1 1.16231E-1 1.00828E-1 2.0247E-1 1.69372E-1 1.77796E-1 1.50504E-1 1.17486E-1 1.00379E-1 1.0779E-1 1.16058E-1 1.56443E-1 1.20964E-1 1.28775E-1 1.66023E-1 1.67923E-1 1.58301E-1 1.18902E-1 1.03606E-1 9.88384E-2 1.11041E-1 1.48758E-1 1.52722E-1 1.6325E-1 1.00889E-1 1.74734E-1 1.6827E-1 1.15718E-1 8.69381E-2 7.36948E-2 5.25535E-2 5.38998E-2 7.9183E-2 1.29193E-1
-9999 -9999 -9999 -9999 -9999 -9999 -9999 -9999 -9999 5.1328E-2 2.0553E-2 9.59313E-3 1.62663E-1 7.16875E-2 2.40653E-1 2.23147E-1 1.34895E-1 1.72691E-1 1.65304E-1 1.70558E-1 2.19194E-1 2.7677E-1 1.45913E-1 1.31339E-1 2.52861E-1 3.2911E-2 4.43183E-2 1.66739E-1 1.34508E-1 9.77891E-2 1.84936E-1 1.97969E-1 5.9907E-2 9.02951E-2 1.04847E-1 1.30256E-1 1.47504E-1 1.73467E-1 1.83202E-1 2.04131E-1 2.23792E-1 2.10002E-1 1.74068E-1 1.45912E-1 1.16599E-1 1.23877E-1 1.3847E-1 1.56673E-1 1.75357E-1 1.57794E-1 2.52764E-2 1.92511E-1 1.42587E-1 1.04629E-1 8.24537E-2 6.89011E-2 5.55603E-2 6.01774E-2 1.08822E-1 1.47892E-1
-9999 -9999 -9999 -9999 -9999 -9999 -9999 -9999 -9999 4.19516E-2 2.53628E-2 1.15348E-2 4.88807E-2 2.49411E-1 6.31429E-2 2.16469E-1 3.2032E-1 2.40685E-1 2.14239E-1 2.35125E-1 2.82128E-1 3.33847E-1 3.52142E-1 3.31011E-1 2.72608E-1 2.38132E-1 2.30915E-1 4.25369E-2 2.92568E-2 1.341E-1 1.64146E-1 1.81408E-1 9.56327E-2 7.76534E-2 8.50875E-2 8.83065E-2 1.28526E-1 1.48468E-1 1.93716E-1 2.34542E-1 2.4135E-1 2.2662E-1 1.92282E-1 1.6405E-1 1.57545E-1 1.84523E-1 1.46697E-1 1.47278E-1 1.76665E-1 7.49792E-2 1.80502E-1 1.84776E-1 1.42331E-1 1.10763E-1 9.1758E-2 7.67749E-2 6.41317E-2 5.82621E-2 5.80998E-2 1.5133E-1
-9999 -9999 -9999 -9999 -9999 -9999 -9999 -9999 -9999 3.97152E-2 2.75148E-2 6.2806E-2 1.18902E-1 3.04944E-1 3.24388E-1 3.57533E-1 2.26744E-1 3.50945E-1 2.90137E-1 3.4712E-1 3.3525E-1 3.77465E-1 3.72262E-1 3.07462E-1 2.70283E-1 2.52189E-1 2.33845E-1 2.23568E-1 2.02328E-1 3.32621E-2 3.77865E-2 2.20985E-1 1.87355E-1 8.46518E-2 9.51082E-2 7.24722E-2 9.87342E-2 1.30853E-1 1.60835E-1 1.35229E-1 1.41231E-1 2.31578E-1 2.07016E-1 2.0804E-1 2.31948E-1 1.54708E-1 1.55547E-1 1.89813E-1 1.62796E-1 3.44866E-2 1.85293E-1 2.24367E-1 1.69824E-1 1.30376E-1 1.08122E-1 9.09423E-2 7.17545E-2 6.38258E-2 1.09211E-1 1.74657E-1
-9999 -9999 -9999 -9999 -9999 -9999 -9999 -9999 -9999 3.54668E-2 1.90217E-2 8.67229E-2 9.96702E-2 3.43353E-1 3.06811E-1 3.37035E-1 1.21115E-1 3.42826E-1 3.85876E-1 3.75797E-1 3.89897E-1 4.52786E-1 4.18833E-1 3.26633E-1 2.60096E-1 2.32673E-1 2.03366E-1 1.80887E-1 1.93658E-1 1.68385E-1 9.11182E-2 4.76225E-2 1.82207E-1 1.42818E-1 9.26017E-2 8.50133E-2 1.0337E-1 1.19263E-1 1.64705E-1 5.20985E-2 2.30249E-1 2.20957E-1 2.46077E-1 2.76341E-1 1.67678E-1 1.43583E-1 1.93515E-1 5.95133E-2 3.05424E-2 1.22588E-1 1.04353E-1 6.44835E-2 1.92578E-1 1.50898E-1 1.22991E-1 1.00943E-1 7.60244E-2 6.52492E-2 8.72043E-2 8.54021E-2
-9999 -9999 -9999 -9999 -9999 -9999 -9999 -9999 -9999 5.20864E-2 4.008E-2 8.54702E-2 1.97707E-1 1.86799E-1 3.11645E-1 3.10712E-1 1.59583E-1 1.21642E-1 4.01163E-1 3.97395E-1 5.08687E-1 4.80388E-1 4.53836E-1 3.48431E-1 2.89066E-1 2.45523E-1 1.97905E-1 1.73976E-1 1.85415E-1 2.00501E-1 1.98045E-1 2.10754E-1 4.43964E-2 1.52164E-1 1.21164E-1 1.25711E-1 1.49364E-1 1.71712E-1 2.11789E-1 4.85707E-2 2.48508E-1 2.46126E-1 3.32485E-1 4.40565E-2 1.02142E-1 1.58755E-1 3.68514E-2 2.84585E-2 1.54947E-1 1.53976E-1 2.48044E-1 6.62467E-2 2.18108E-1 1.71882E-1 1.37305E-1 1.1344E-1 9.20456E-2 7.56034E-2 8.53487E-2 1.87135E-1
-9999 -9999 -9999 -9999 -9999 -9999 -9999 -9999 -9999 6.63582E-2 3.35337E-2 5.56487E-2 2.69695E-1 2.57695E-1 1.41974E-1 2.90354E-1 2.81322E-1 4.2903E-1 8.67638E-2 2.51648E-1 2.05734E-1 2.28995E-1 1.07193E-1 1.83717E-1 3.27392E-1 2.87099E-1 2.3541E-1 2.08024E-1 2.21767E-1 2.33078E-1 2.23159E-1 2.0728E-1 7.61632E-2 1.7601E-1 1.58233E-1 1.7623E-1 2.05819E-1 5.96134E-2 2.45162E-1 2.59096E-1 9.33394E-2 2.1701E-1 9.20339E-2 2.68635E-1 1.91079E-1 1.36993E-1 1.52912E-1 1.44916E-1 1.49675E-1 1.53082E-1 2.77405E-1 1.01655E-1 2.28604E-1 1.90925E-1 1.64127E-1 1.38678E-1 1.12544E-1 9.41665E-2 1.0277E-1 1.44309E-1
-9999 -9999 -9999 -9999 -9999 -9999 -9999 -9999 -9999 6.55125E-2 2.62297E-2 4.91332E-2 2.71694E-1 3.19425E-1 3.57065E-1 2.75767E-1 1.0349E-1 1.99244E-1 3.55693E-1 3.77782E-1 3.66499E-1 3.93377E-1 3.8112E-1 3.81591E-1 2.35354E-1 9.98222E-2 1.41933E-1 2.5298E-1 4.79892E-2 8.47064E-2 5.24285E-2 2.17706E-1 9.7853E-2 2.40879E-1 2.14233E-1 2.29568E-1 6.18052E-2 1.80849E-1 2.86582E-1 9.85182E-2 2.77538E-1 3.20289E-1 3.11439E-1 2.29121E-1 1.68331E-1 1.5761E-1 1.53017E-1 1.42604E-1 1.46575E-1 1.69822E-1 2.65691E-1 8.95638E-2 2.81667E-1 2.3612E-1 2.03252E-1 1.69158E-1 1.34216E-1 1.101E-1 1.21012E-1 1.4274E-1
-9999 -9999 -9999 -9999 -9999 -9999 -9999 -9999 -9999 4.65137E-2 2.35684E-2 4.71036E-2 2.70878E-1 3.1919E-1 3.59785E-1 3.68856E-1 4.28677E-1 4.25204E-1 1.12056E-1 4.50744E-1 4.54996E-1 4.04395E-1 3.6357E-1 3.43765E-1 3.08345E-1 3.06555E-1 2.1947E-1 1.44581E-1 2.79834E-1 2.53809E-1 2.51514E-1 7.62406E-2 7.85944E-2 7.63684E-2 2.77045E-1 2.56805E-1 2.68009E-1 2.89577E-1 7.89745E-2 3.1181E-1 3.21309E-1 2.29075E-1 3.13129E-1 1.93735E-1 1.53812E-1 1.48336E-1 1.46875E-1 1.38432E-1 1.41595E-1 1.84459E-1 2.58412E-1 2.78123E-1 2.00794E-1 8.6347E-2 2.33103E-1 1.86523E-1 1.44902E-1 1.20619E-1 1.41628E-1 1.4811E-1
-9999 -9999 -9999 -9999 -9999 -9999 -9999 -9999 -9999 4.81707E-2 2.45386E-2 4.82054E-2 2.70806E-1 3.1436E-1 3.39381E-1 3.58477E-1 3.99356E-1 3.97497E-1 4.91553E-1 4.49114E-1 2.63244E-1 2.49028E-1 3.97717E-1 3.39798E-1 3.03688E-1 3.17242E-1 3.10622E-1 2.91749E-1 2.56618E-1 2.29371E-1 2.39947E-1 2.53507E-1 2.61879E-1 2.4561E-1 8.64044E-2 2.97809E-1 2.90185E-1 1.73533E-1 3.67093E-1 3.16433E-1 3.01961E-1 2.02981E-1 2.28298E-1 1.78223E-1 1.55969E-1 1.44577E-1 1.37971E-1 1.31928E-1 1.46645E-1 2.05786E-1 2.13722E-1 2.62946E-1 2.86662E-1 2.74227E-1 2.43766E-1 1.96376E-1 1.61313E-1 1.28731E-1 1.33099E-1 1.58029E-1
-9999 -9999 -9999 -9999 -9999 -9999 -9999 -9999 -9999 4.55955E-2 2.34686E-2 4.92041E-2 2.75434E-1 3.0835E-1 3.3242E-1 3.49843E-1 3.67332E-1 4.05077E-1 2.68498E-1 4.56553E-1 4.88819E-1 1.25602E-1 2.61004E-1 3.80089E-1 3.56717E-1 3.3936E-1 2.88647E-1 2.55874E-1 2.36506E-1 2.15546E-1 2.2769E-1 2.37005E-1 2.42886E-1 2.81659E-1 2.52455E-1 3.40646E-1 2.52555E-1 1.15745E-1 3.79691E-1 3.72088E-1 2.22706E-1 2.34216E-1 1.95633E-1 1.80344E-1 1.63331E-1 1.40976E-1 1.32626E-1 1.32061E-1 1.59579E-1 2.54834E-1 1.814E-1 2.96594E-1 2.65857E-1 2.73664E-1 2.37827E-1 1.95789E-1 1.63837E-1 1.63697E-1 1.3941E-1 1.5478E-1
-9999 -9999 -9999 -9999 -9999 -9999 -9999 -9999 3.08973E-1 4.4403E-2 2.30968E-2 5.1934E-2 2.50371E-1 2.70222E-1 3.09946E-1 3.27157E-1 3.56011E-1 3.51946E-1 5.04654E-1 4.23285E-1 4.52811E-1 4.46113E-1 4.30793E-1 1.86928E-1 4.31327E-1 3.97933E-1 3.04618E-1 2.49054E-1 2.18784E-1 1.95952E-1 2.1286E-1 2.14932E-1 2.21949E-1 2.91996E-1 3.66141E-1 1.07412E-1 2.8024E-1 3.76244E-1 3.88569E-1 3.07925E-1 1.91089E-1 2.73691E-1 2.29954E-1 2.21161E-1 1.97967E-1 1.82688E-1 1.82476E-1 1.783E-1 2.30808E-1 1.77446E-1 2.00077E-1 3.22451E-1 2.85721E-1 2.78663E-1 2.2786E-1 1.91912E-1 1.75629E-1 1.77627E-1 1.71683E-1 1.91162E-1
-9999 -9999 -9999 -9999 -9999 -9999 -9999 -9999 3.68902E-2 1.7609E-2 2.07289E-2 5.89967E-2 2.35139E-1 2.48721E-1 2.73977E-1 3.0313E-1 3.27324E-1 2.58755E-1 3.8969E-1 3.29773E-1 3.6008E-1 3.79248E-1 4.05385E-1 4.53681E-1 2.42927E-1 2.40847E-1 3.02636E-1 2.77438E-1 2.48335E-1 2.11226E-1 1.94143E-1 1.93187E-1 2.18561E-1 2.96417E-1 3.36794E-1 3.25522E-1 1.47575E-1 3.65288E-1 3.96478E-1 2.14504E-1 1.96949E-1 3.03462E-1 2.69782E-1 2.58849E-1 2.50779E-1 2.39726E-1 2.44426E-1 2.71983E-1 1.96235E-1 1.58403E-1 2.60758E-1 2.503E-1 2.82486E-1 2.70061E-1 2.24912E-1 2.04559E-1 1.97382E-1 2.06486E-1 2.13385E-1 2.33813E-1
-9999 -9999 -9999 -9999 -9999 -9999 -9999 -9999 9.55021E-3 1.194E-2 2.30001E-2 6.69562E-2 2.19824E-1 2.27926E-1 2.53105E-1 2.81756E-1 3.39193E-1 2.69771E-1 3.13415E-1 3.71714E-1 3.7971E-1 3.67143E-1 3.41086E-1 3.40349E-1 3.36936E-1 1.11125E-1 3.23494E-1 3.0881E-1 2.83248E-1 2.4888E-1 2.39061E-1 2.07882E-1 2.38784E-1 2.98941E-1 3.16452E-1 3.25742E-1 1.12237E-1 3.61717E-1 3.21661E-1 1.45796E-1 2.42021E-1 3.08856E-1 2.98571E-1 3.09652E-1 3.22124E-1 3.17197E-1 3.61012E-1 2.31355E-1 1.98682E-1 2.59297E-1 3.02824E-1 2.89711E-1 3.57547E-1 3.75058E-1 2.83368E-1 2.53692E-1 2.26053E-1 2.23625E-1 2.35956E-1 2.62953E-1
-9999 -9999 -9999 -9999 -9999 -9999 -9999 -9999 6.99865E-3 1.26318E-2 3.07127E-2 8.1472E-2 2.30322E-1 2.60484E-1 2.47907E-1 2.29054E-1 2.38975E-1 2.77502E-1 3.45105E-1 3.09313E-1 3.35443E-1 3.24234E-1 2.87402E-1 2.73424E-1 2.83688E-1 3.20741E-1 8.02064E-2 3.45404E-1 3.21576E-1 2.96244E-1 3.01856E-1 2.55401E-1 2.87914E-1 3.06093E-1 3.10643E-1 1.15062E-1 3.33125E-1 3.76265E-1 2.22837E-1 1.34264E-1 2.78866E-1 2.94819E-1 2.89609E-1 1.66886E-1 4.15899E-1 4.21207E-1 2.97118E-1 2.56266E-1 3.17781E-1 3.5895E-1 3.33582E-1 3.87165E-1 4.24877E-1 4.37518E-1 3.40222E-1 3.03292E-1 2.72092E-1 2.26797E-1 2.43478E-1 2.79011E-1
-9999 -9999 -9999 -9999 -9999 -9999 -9999 8.23097E-3 1.8646E-2 2.73185E-2 6.66758E-2 1.03565E-1 2.19699E-1 2.04442E-1 1.84911E-1 1.63709E-1 2.54268E-1 2.27912E-1 2.96176E-1 3.16912E-1 3.00144E-1 2.12262E-1 3.53748E-1 3.64017E-1 3.2755E-1 2.91519E-1 3.49667E-1 1.13658E-1 3.51877E-1 3.32191E-1 3.38991E-1 3.24394E-1 3.44479E-1 3.34354E-1 2.01567E-1 2.62004E-1 3.46477E-1 2.91793E-1 1.43079E-1 1.37055E-1 2.81015E-1 2.69895E-1 2.93475E-1 3.8379E-1 3.45947E-1 3.02413E-1 2.73842E-1 3.52246E-1 3.92781E-1 3.78916E-1 3.91393E-1 4.3727E-1 4.66284E-1 4.77532E-1 3.89798E-1 3.54115E-1 3.1145E-1 2.46256E-1 2.29215E-1 2.71615E-1
-9999 -9999 -9999 -9999 -9999 -9999 -9999 1.16787E-1 1.73071E-1 1.87935E-1 1.43335E-1 2.3198E-1 1.38532E-1 1.11442E-1 1.08728E-1 1.15895E-1 1.08028E-1 2.03417E-1 3.08926E-1 3.30971E-1 3.50211E-1 2.57724E-1 2.65041E-1 2.99869E-1 3.72045E-1 3.70233E-1 8.97545E-2 3.70588E-1 1.12236E-1 3.10867E-1 3.67296E-1 3.57487E-1 3.61023E-1 8.46827E-2 3.51344E-1 3.86176E-1 3.67632E-1 2.46737E-1 1.41006E-1 1.95278E-1 2.73058E-1 2.93485E-1 3.8201E-1 2.37315E-1 3.85818E-1 3.59341E-1 4.30122E-1 4.3065E-1 4.24727E-1 4.62837E-1 5.26866E-1 4.55542E-1 4.96712E-1 1.53927E-1 1.67436E-1 1.87784E-1 3.5176E-1 2.82897E-1 2.45184E-1 2.74064E-1
-9999 -9999 -9999 -9999 -9999 -9999 -9999 1.60814E-1 2.66383E-1 2.43232E-1 2.23527E-1 1.85158E-1 1.92396E-1 1.77993E-1 1.46096E-1 1.25363E-1 2.12575E-1 3.4799E-1 2.87254E-1 3.26778E-1 3.56776E-1 3.67594E-1 3.43124E-1 3.42781E-1 3.60254E-1 3.62398E-1 3.90588E-1 2.37462E-1 3.84902E-1 1.00256E-1 1.70638E-1 3.45592E-1 1.49865E-1 3.98805E-1 4.12987E-1 4.02417E-1 3.40603E-1 1.95362E-1 1.32166E-1 2.43712E-1 2.98238E-1 4.03541E-1 3.5471E-1 2.24217E-1 4.09482E-1 5.01436E-1 5.16166E-1 4.54616E-1 5.07875E-1 5.37795E-1 4.14477E-1 2.70008E-1 2.98384E-1 4.46817E-1 4.22019E-1 3.97569E-1 3.57009E-1 2.94288E-1 2.6083E-1 2.93173E-1
-9999 -9999 -9999 -9999 -9999 -9999 1.5964E-1 1.45348E-1 2.65273E-1 1.93325E-1 1.98485E-1 2.54546E-1 3.00916E-1 2.80157E-1 2.5818E-1 2.50452E-1 2.95446E-1 2.98737E-1 2.59097E-1 2.92906E-1 3.14862E-1 3.12102E-1 2.97199E-1 3.24943E-1 3.45663E-1 3.57918E-1 3.8404E-1 4.28492E-1 9.78753E-2 4.40435E-1 3.34809E-1 2.19543E-1 3.88138E-1 4.50984E-1 4.16641E-1 3.9479E-1 3.17541E-1 1.16959E-1 1.6647E-1 2.8298E-1 2.74279E-1 2.41938E-1 3.45478E-1 2.32335E-1 4.96693E-1 1.31027E-1 1.59473E-1 1.71219E-1 2.53304E-1 1.43579E-1 1.45395E-1 5.02199E-1 5.1996E-1 4.13025E-1 3.85311E-1 3.6871E-1 3.43448E-1 2.98419E-1 2.6393E-1 3.34309E-1
-9999 -9999 -9999 -9999 -9999 -9999 1.83974E-1 1.42085E-1 2.17424E-1 2.32558E-1 3.04325E-1 3.64064E-1 4.01933E-1 3.79728E-1 3.71547E-1 3.51807E-1 3.23157E-1 3.42078E-1 2.68366E-1 2.79575E-1 2.89061E-1 2.97674E-1 3.00635E-1 3.21128E-1 3.2742E-1 3.48226E-1 3.95833E-1 4.31145E-1 4.35775E-1 4.5908E-1 3.63659E-1 2.89336E-1 4.99049E-1 4.59494E-1 4.05433E-1 3.9262E-1 2.70388E-1 5.35412E-2 1.79855E-1 2.02513E-1 2.44856E-1 3.70324E-1 5.0777E-1 1.68246E-1 4.41391E-1 5.16523E-1 5.7555E-1 5.55435E-1 5.59016E-1 5.43955E-1 3.07734E-1 5.00314E-1 4.48025E-1 3.67059E-1 3.39183E-1 3.31217E-1 3.22943E-1 2.88491E-1 2.62338E-1 3.63009E-1
-9999 -9999 -9999 -9999 -9999 2.33871E-1 1.82148E-1 3.08128E-1 2.51247E-1 3.1913E-1 4.04101E-1 4.49003E-1 4.74168E-1 4.61677E-1 4.47865E-1 4.16074E-1 3.829E-1 4.19641E-1 3.30764E-1 2.89222E-1 2.81622E-1 2.95245E-1 3.03178E-1 3.03951E-1 3.17505E-1 3.58575E-1 3.93307E-1 4.06234E-1 4.39336E-1 5.0182E-1 3.76844E-1 1.5536E-1 5.0191E-1 4.72752E-1 3.79512E-1 3.73472E-1 3.63367E-1 1.35981E-1 2.39197E-1 3.54766E-1 4.72518E-1 4.10267E-1 1.65277E-1 4.89382E-1 5.18948E-1 5.27729E-1 5.37849E-1 5.47113E-1 5.60359E-1 4.10293E-1 4.69725E-1 5.04925E-1 4.21219E-1 3.67344E-1 3.00368E-1 3.09287E-1 3.09443E-1 2.77424E-1 2.72089E-1 2.19909E-1
-9999 -9999 -9999 -9999 -9999 2.77531E-1 1.53209E-1 3.51173E-1 3.57779E-1 4.2039E-1 4.82833E-1 5.17434E-1 5.49599E-1 5.45009E-1 5.22744E-1 4.83594E-1 4.65971E-1 4.83046E-1 3.83508E-1 3.50905E-1 3.24146E-1 3.04291E-1 2.95647E-1 2.7387E-1 3.11482E-1 3.51126E-1 3.82177E-1 3.87353E-1 4.26678E-1 5.43636E-1 3.30227E-1 1.63154E-1 5.46771E-1 4.69645E-1 4.07215E-1 4.06168E-1 3.42174E-1 3.81081E-1 4.52592E-1 4.52204E-1 4.17923E-1 2.16722E-1 5.10447E-1 5.19998E-1 5.57383E-1 5.59349E-1 5.60805E-1 4.75373E-1 2.23531E-1 5.69027E-1 5.39976E-1 4.36213E-1 4.2595E-1 4.08823E-1 2.91216E-1 3.03008E-1 3.03494E-1 2.92511E-1 3.10372E-1 3.70464E-1
-9999 -9999 -9999 -9999 -9999 -9999 2.7037E-1 3.98076E-1 4.16832E-1 4.57968E-1 5.02344E-1 5.44303E-1 5.77988E-1 5.99611E-1 6.05393E-1 5.87572E-1 6.04171E-1 5.58905E-1 4.58959E-1 4.40949E-1 4.06939E-1 3.5788E-1 2.78332E-1 2.27455E-1 2.87042E-1 2.97829E-1 3.48954E-1 3.6791E-1 4.15272E-1 5.037E-1 4.69247E-1 2.49593E-1 5.72215E-1 4.68729E-1 4.71534E-1 4.02509E-1 3.53983E-1 3.75232E-1 4.26411E-1 4.66408E-1 3.36484E-1 5.12976E-1 5.37007E-1 5.31767E-1 5.60169E-1 3.14978E-1 3.30927E-1 6.06756E-1 6.08207E-1 5.00839E-1 4.82198E-1 4.31456E-1 3.98559E-1 1.77495E-1 3.76628E-1 3.08932E-1 3.11819E-1 3.25029E-1 3.49465E-1 3.90647E-1
-9999 -9999 -9999 -9999 -9999 -9999 1.58297E-1 2.93541E-1 5.0845E-1 4.96019E-1 5.07077E-1 5.44397E-1 5.9043E-1 6.40352E-1 3.26127E-1 4.14663E-1 4.99053E-1 6.27232E-1 5.55424E-1 5.46755E-1 4.64356E-1 3.65037E-1 2.87054E-1 2.57774E-1 2.63996E-1 2.76727E-1 3.2288E-1 3.78855E-1 4.1972E-1 4.76953E-1 5.55284E-1 4.0748E-1 5.58048E-1 5.24869E-1 4.83582E-1 3.37193E-1 3.78475E-1 4.48542E-1 4.94487E-1 1.31148E-1 5.5635E-1 5.60636E-1 5.01329E-1 4.8752E-1 5.45996E-1 6.06883E-1 5.8788E-1 5.79588E-1 5.26665E-1 4.56522E-1 4.25762E-1 3.8691E-1 3.49441E-1 3.30127E-1 2.77162E-1 3.78664E-1 3.45528E-1 3.62268E-1 4.67829E-1 5.15899E-1
-9999 -9999 -9999 -9999 -9999 -9999 -9999 1.78291E-1 3.01489E-1 4.97066E-1 4.80615E-1 5.11288E-1 5.76516E-1 6.45012E-1 6.94811E-1 7.34801E-1 7.32861E-1 3.68336E-1 6.70994E-1 6.13795E-1 4.70827E-1 3.65232E-1 3.03842E-1 2.73731E-1 2.89652E-1 3.03069E-1 3.33358E-1 3.75002E-1 4.31586E-1 4.85762E-1 5.63078E-1 5.86346E-1 4.92327E-1 5.62031E-1 4.21216E-1 3.77744E-1 4.39069E-1 5.09827E-1 2.10164E-1 5.73036E-1 5.97976E-1 5.27441E-1 4.46661E-1 4.90013E-1 5.54924E-1 5.33069E-1 5.44377E-1 5.23375E-1 4.68793E-1 4.30559E-1 4.0432E-1 3.75103E-1 3.66214E-1 3.98417E-1 1.42121E-1 4.29089E-1 3.8033E-1 4.18425E-1 4.13714E-1 5.19279E-1
