Phytophthora/models/20240506_1522_03/Phytophthora_PA3_RUN8_MAXENT_outputs/Phytophthora_PA3_RUN8.asc
ncols         225
nrows         269
xllcorner     473009.9838
yllcorner     4429051.1748
cellsize      50.0
NODATA_value  -9999
[rows 104 to 129 of 269, columns 60 to 119 of 225]
1.04548E-1 1.3698E-1 1.58649E-1 1.4197E-1 7.0805E-2 1.1883E-1 1.28815E-1 1.82743E-2 2.24573E-1 1.50065E-1 1.40533E-1 1.27776E-1 1.17055E-1 9.58668E-2 5.66007E-2 5.87362E-2 7.493E-2 4.21553E-2 3.18823E-2 2.13251E-1 1.73855E-1 2.14105E-1 1.81927E-1 1.38088E-1 1.49177E-1 1.39755E-1 1.36449E-1 1.11594E-1 1.45128E-1 1.15492E-1 1.08641E-1 1.69164E-1 2.02962E-1 1.60666E-1 8.1247E-2 -9999 1.39697E-1 1.6457E-1 2.5487E-1 3.19118E-1 1.48627E-1 1.47078E-1 2.56151E-1 1.03009E-1 4.68581E-1 2.48559E-1 5.82231E-1 4.05007E-1 4.25381E-1 3.56802E-1 3.16637E-1 2.91606E-1 2.69421E-1 2.25197E-1 4.42289E-1 1.55843E-1 1.82477E-1 4.37478E-1 5.05558E-1 2.73137E-1
9.75989E-2 1.21088E-1 1.70496E-1 1.61923E-1 1.34343E-1 1.37388E-1 3.2186E-2 1.07941E-1 1.91948E-1 1.23485E-1 1.13078E-1 1.05312E-1 1.02003E-1 9.24195E-2 6.21862E-2 6.22874E-2 6.63616E-2 9.65922E-2 1.33879E-1 7.94003E-2 2.02147E-1 1.95937E-1 1.38648E-1 1.16791E-1 1.15812E-1 1.02737E-1 1.04059E-1 1.09754E-1 1.39623E-1 1.62098E-1 2.1702E-1 1.08872E-1 6.85635E-2 1.40211E-1 1.05275E-1 1.12636E-1 1.63688E-1 2.37355E-1 7.8064E-2 2.4951E-1 4.34689E-1 4.06048E-1 3.85018E-1 4.80874E-1 9.36061E-2 6.45239E-1 3.53695E-1 3.82289E-1 4.72172E-1 3.32668E-1 3.11652E-1 2.83052E-1 2.94863E-1 3.06402E-1 4.48337E-1 3.62672E-1 4.21865E-1 2.91977E-1 1.68851E-1 3.80282E-1
1.13608E-1 9.63675E-2 1.38925E-1 1.46273E-1 2.09845E-1 6.81621E-2 1.64206E-1 1.38631E-1 1.89156E-1 1.03772E-1 9.51594E-2 9.29043E-2 8.10185E-2 9.41167E-2 7.56505E-2 7.42374E-2 8.18798E-2 9.39158E-2 1.88573E-1 1.03965E-1 2.21444E-1 1.35194E-1 1.15758E-1 1.11748E-1 1.23269E-1 1.26281E-1 1.14894E-1 2.27397E-1 1.72486E-1 1.18388E-1 2.45928E-1 1.18997E-1 1.02602E-1 1.93449E-1 1.23264E-1 1.82526E-1 2.76151E-1 3.56437E-1 4.09181E-1 4.65687E-1 1.89472E-1 4.80034E-1 4.39245E-1 4.94618E-1 4.50241E-1 9.83908E-2 2.74934E-1 2.7996E-1 5.57017E-1 2.7339E-1 2.8445E-1 2.58738E-1 2.61943E-1 3.42859E-1 2.29695E-1 1.29672E-1 2.65341E-1 4.57602E-1 3.21713E-1 1.06094E-1
1.33223E-1 9.33484E-2 6.69087E-2 1.16895E-1 1.08469E-1 1.03504E-1 1.87006E-1 1.62032E-1 1.35716E-1 9.47705E-2 8.10275E-2 7.85646E-2 6.5038E-2 7.313E-2 7.93269E-2 8.37974E-2 1.04613E-1 1.23907E-1 1.49498E-1 1.84351E-1 1.53335E-1 1.19789E-1 1.07585E-1 1.31672E-1 1.82145E-1 2.11304E-1 2.29575E-1 2.37556E-1 1.73899E-1 1.6631E-1 2.84354E-1 1.82015E-1 1.97061E-1 2.91365E-1 2.23707E-1 2.75878E-1 3.77265E-1 4.13995E-1 4.23991E-1 4.7709E-1 5.39835E-1 2.36333E-1 4.58233E-1 5.69297E-1 3.26374E-1 3.35183E-1 6.72625E-2 2.78698E-1 3.242E-1 3.17902E-1 3.47509E-1 3.19679E-1 3.13884E-1 3.02731E-1 2.90459E-1 3.48022E-1 1.47908E-1 3.70938E-1 3.45648E-1 3.65834E-1
1.16578E-1 4.67176E-2 3.59306E-2 7.51426E-2 3.91138E-2 1.87441E-1 1.66889E-1 1.61625E-1 1.8151E-1 1.02638E-1 8.23664E-2 8.24269E-2 7.03255E-2 7.44291E-2 7.81906E-2 8.14044E-2 9.10314E-2 1.02193E-1 1.34889E-1 2.09329E-1 1.1848E-1 1.12616E-1 1.40132E-1 1.8972E-1 2.27314E-1 2.09267E-1 2.57981E-1 3.19236E-1 2.701E-1 3.03756E-1 2.92387E-1 2.42083E-1 2.85355E-1 3.38918E-1 3.12676E-1 2.87851E-1 3.4223E-1 3.63405E-1 3.85666E-1 4.43044E-1 5.24601E-1 5.49624E-1 2.51066E-1 2.79972E-1 4.3178E-1 3.15348E-1 2.2737E-1 1.89612E-1 1.82908E-1 2.04401E-1 1.59958E-1 1.08701E-1 1.53835E-1 1.64886E-1 2.48681E-1 2.16662E-1 4.21192E-1 3.94472E-1 1.60746E-1 4.33984E-1
9.8913E-2 1.37716E-1 2.51294E-2 5.58982E-2 1.03171E-1 1.26451E-1 1.31872E-1 1.49429E-1 5.62327E-2 1.58899E-1 1.01392E-1 9.99147E-2 8.80964E-2 8.95142E-2 9.0277E-2 9.4201E-2 9.99425E-2 9.97405E-2 6.45432E-2 1.30521E-1 1.05096E-1 1.44131E-1 1.83443E-1 2.2029E-1 2.32669E-1 2.56717E-1 2.85798E-1 3.33567E-1 3.30404E-1 3.37662E-1 3.2632E-1 3.1402E-1 3.49752E-1 3.62543E-1 3.44283E-1 3.05156E-1 3.12875E-1 3.47156E-1 3.65105E-1 3.97885E-1 3.84079E-1 3.75322E-1 3.03277E-1 1.43351E-1 4.15144E-1 3.45718E-1 2.31529E-1 4.92345E-1 4.27357E-1 4.13569E-1 3.66643E-1 3.70494E-1 3.70101E-1 3.21506E-1 1.80661E-1 6.45289E-2 7.6498E-2 8.98821E-2 3.05197E-1 6.01769E-2
9.62873E-2 1.19588E-1 7.81299E-2 7.91351E-2 1.13328E-1 1.11665E-1 1.05842E-1 1.50121E-1 3.36145E-2 1.47512E-1 1.24824E-1 1.17057E-1 1.05631E-1 1.0415E-1 1.05614E-1 1.03937E-1 1.06748E-1 1.08757E-1 1.1278E-1 1.16004E-1 1.26406E-1 1.7516E-1 2.06271E-1 2.32266E-1 2.60995E-1 3.17389E-1 3.22577E-1 3.54204E-1 3.75422E-1 3.80441E-1 3.74383E-1 3.74773E-1 3.98508E-1 3.94214E-1 3.73168E-1 3.20807E-1 2.43626E-1 3.03474E-1 3.33375E-1 3.56721E-1 2.97894E-1 2.23435E-1 2.94457E-1 5.4307E-1 1.61821E-1 3.6715E-1 3.67773E-1 4.27089E-1 3.87433E-1 3.84482E-1 3.53805E-1 3.32004E-1 3.02953E-1 2.66977E-1 2.45462E-1 2.61573E-1 2.6791E-1 3.21109E-1 3.29966E-1 1.87309E-1
1.04211E-1 8.08913E-2 6.0959E-2 1.24656E-1 1.09933E-1 1.01544E-1 1.05915E-1 1.34044E-1 1.77215E-1 1.60457E-1 1.69682E-1 1.39578E-1 1.31504E-1 1.2584E-1 1.22529E-1 1.19148E-1 1.23671E-1 8.0111E-2 1.54707E-1 1.34124E-1 1.43683E-1 1.85032E-1 2.32189E-1 1.44686E-1 1.08839E-1 1.03987E-1 5.99368E-2 1.54127E-1 1.71131E-1 2.23777E-1 1.3781E-1 1.28995E-1 3.05673E-1 4.24922E-1 3.98051E-1 3.74146E-1 3.56564E-1 3.54887E-1 3.64648E-1 1.25465E-1 4.69441E-2 1.40618E-1 4.0405E-1 5.12986E-1 1.48066E-1 2.86456E-1 3.40651E-1 3.59684E-1 4.04079E-1 4.1018E-1 3.28799E-1 3.03225E-1 3.35847E-1 3.33731E-1 3.0991E-1 2.83006E-1 2.65494E-1 2.83189E-1 3.38729E-1 3.80267E-1
1.04185E-1 3.82246E-2 1.21572E-1 1.18234E-1 1.05161E-1 9.24833E-2 1.10986E-1 1.38985E-1 1.97995E-1 7.8324E-2 1.4222E-1 8.97461E-2 1.51837E-1 1.42992E-1 1.30298E-1 6.2169E-2 3.37827E-2 2.48628E-2 6.20899E-2 1.38471E-1 1.57291E-1 1.92314E-1 7.77639E-2 2.72104E-1 2.65369E-1 2.64672E-1 2.9709E-1 3.63865E-1 3.39706E-1 3.04967E-1 3.25702E-1 3.59265E-1 2.75446E-1 2.90072E-1 4.58542E-1 3.96798E-1 3.71541E-1 3.74808E-1 2.00311E-1 1.43895E-1 9.95578E-2 9.82748E-2 1.28043E-1 1.68666E-1 4.28782E-1 4.65748E-1 3.5927E-1 2.77516E-1 9.94321E-2 2.57059E-1 2.4535E-1 2.91028E-1 3.86432E-1 3.17842E-1 4.01984E-1 3.14923E-1 2.53934E-1 2.44242E-1 3.07025E-1 3.1676E-1
8.03292E-2 1.56611E-1 1.44825E-1 1.34096E-1 1.21E-1 1.27817E-1 1.26597E-1 1.35067E-1 2.78118E-2 9.54899E-2 1.90437E-1 1.49868E-1 1.42547E-1 1.57152E-1 1.36537E-1 1.68471E-1 1.38546E-1 8.23657E-2 1.27772E-1 7.13269E-2 5.5779E-2 4.88096E-2 1.3742E-1 2.7842E-1 2.64014E-1 3.0375E-1 3.7863E-1 3.59631E-1 2.6822E-1 2.37531E-1 3.3731E-1 3.56744E-1 3.87948E-1 4.61183E-1 1.70557E-1 1.83338E-1 1.26462E-1 9.22764E-2 2.91012E-1 2.85758E-1 2.59087E-1 2.71479E-1 3.08933E-1 4.75537E-1 3.61677E-1 3.18323E-1 7.19564E-2 4.61673E-1 1.95237E-1 5.30801E-2 8.06692E-2 3.84692E-1 2.12435E-1 5.07217E-1 4.62382E-1 3.83255E-1 3.27238E-1 3.36654E-1 3.57242E-1 4.25404E-1
4.7935E-2 1.89174E-1 1.76375E-1 1.60763E-1 1.67888E-1 1.82977E-1 1.5431E-1 8.45209E-2 1.11881E-1 1.26654E-1 1.09831E-1 1.74386E-1 1.66188E-1 1.54764E-1 1.48237E-1 1.9234E-1 4.43309E-2 1.46489E-1 1.11078E-1 1.57051E-1 2.01137E-1 2.33673E-1 2.54943E-1 2.81767E-1 3.05606E-1 3.33624E-1 3.49569E-1 2.73441E-1 2.39119E-1 2.50594E-1 3.13405E-1 3.60088E-1 4.09723E-1 4.70901E-1 5.29242E-1 2.19883E-1 5.19416E-1 4.91709E-1 4.57324E-1 3.97865E-1 3.13863E-1 2.44727E-1 3.09626E-1 1.67543E-1 4.75723E-1 2.99553E-1 1.35892E-1 3.56029E-1 3.81892E-2 1.72716E-1 1.79694E-1 4.15584E-1 2.14217E-1 5.07429E-1 3.77159E-1 3.24563E-1 3.19812E-1 3.00742E-1 2.14638E-1 2.35864E-1
2.37836E-1 2.2669E-1 2.17759E-1 2.32373E-1 2.38219E-1 2.55319E-1 2.07144E-1 6.40896E-2 1.45261E-1 1.21677E-1 1.58995E-1 1.75343E-1 1.87318E-1 1.84577E-1 1.64997E-1 1.70023E-1 9.89476E-2 1.27763E-1 1.47282E-1 1.69849E-1 1.97758E-1 2.36658E-1 2.71687E-1 3.25571E-1 3.54243E-1 3.08795E-1 2.50708E-1 2.51179E-1 2.44779E-1 2.73716E-1 3.30521E-1 3.49458E-1 4.35113E-1 5.14109E-1 5.79281E-1 5.89965E-1 3.07951E-1 3.0731E-1 4.32345E-1 5.28589E-1 4.83114E-1 4.57158E-1 1.77724E-1 4.22355E-1 4.15515E-1 3.67264E-1 3.04571E-1 9.00405E-2 1.18807E-1 3.67125E-2 3.41704E-1 4.18554E-1 3.4015E-1 3.38418E-1 2.28987E-1 2.31606E-1 2.69748E-1 2.65708E-1 2.19223E-1 2.6785E-1
2.75916E-1 2.87751E-1 3.14205E-1 3.2987E-1 3.28104E-1 2.50666E-1 9.55938E-2 2.40798E-1 1.92928E-1 1.59265E-1 1.92039E-1 1.08839E-1 2.73321E-1 2.5799E-1 2.31703E-1 2.53331E-1 2.41081E-1 1.35899E-1 1.73185E-1 1.99374E-1 2.1689E-1 2.52717E-1 3.07142E-1 3.35133E-1 3.33127E-1 2.30868E-1 2.23146E-1 2.16094E-1 2.5016E-1 2.84979E-1 3.15295E-1 3.62703E-1 4.53157E-1 5.13937E-1 5.73705E-1 6.28416E-1 3.27206E-1 6.76627E-1 6.2806E-1 1.76813E-1 2.07933E-1 1.6661E-1 2.83217E-1 4.00532E-1 3.957E-1 3.43381E-1 2.97756E-1 2.61575E-1 3.68577E-1 1.99574E-1 9.75439E-2 3.06615E-1 3.22269E-1 2.70411E-1 2.47014E-1 2.71812E-1 2.62835E-1 2.61105E-1 6.55163E-2 3.73672E-1
2.94961E-1 2.66687E-1 2.02253E-1 1.43971E-1 1.60528E-1 3.74985E-1 3.18613E-1 2.66377E-1 2.23946E-1 1.88168E-1 2.11981E-1 2.89854E-1 3.40564E-1 1.29082E-1 3.2359E-1 2.14378E-1 2.14559E-1 1.87572E-1 2.0341E-1 2.04799E-1 2.19708E-1 2.52825E-1 3.26333E-1 3.0632E-1 2.45882E-1 2.48635E-1 2.20491E-1 2.36714E-1 2.91237E-1 3.23763E-1 3.45422E-1 3.8928E-1 4.5983E-1 5.1359E-1 5.8489E-1 6.5748E-1 5.09047E-1 7.2058E-1 6.67314E-1 3.69704E-1 4.99765E-1 4.62575E-1 4.00894E-1 3.40665E-1 3.38109E-1 2.64105E-1 2.31948E-1 2.07658E-1 2.06731E-1 3.17108E-1 1.57799E-1 1.28206E-1 3.573E-1 3.35551E-1 3.16384E-1 2.88436E-1 2.36843E-1 2.33065E-1 2.66576E-1 1.78678E-1
3.5475E-1 4.19998E-1 4.29475E-1 3.8194E-1 1.06942E-1 3.45665E-1 2.9759E-1 2.57714E-1 2.1394E-1 1.97699E-1 2.11409E-1 2.40878E-1 5.73113E-2 3.78555E-1 2.36671E-1 2.87269E-1 2.06122E-1 2.06251E-1 1.97318E-1 1.76485E-1 1.96334E-1 2.17678E-1 2.39627E-1 2.95996E-1 2.45961E-1 2.84973E-1 2.75196E-1 3.13409E-1 3.55654E-1 4.00617E-1 3.98325E-1 4.11255E-1 4.78829E-1 5.36396E-1 6.13168E-1 6.67367E-1 6.86299E-1 2.31134E-1 2.99222E-1 3.5756E-1 4.84342E-1 4.20501E-1 3.82404E-1 3.34929E-1 2.93274E-1 2.34597E-1 2.06773E-1 1.85192E-1 1.75867E-1 3.37705E-1 2.2792E-1 3.3178E-1 1.64294E-1 2.46838E-1 3.61902E-1 2.71386E-1 2.60877E-1 2.11425E-1 2.40666E-1 1.96258E-1
3.613E-1 4.33274E-1 3.72163E-1 3.51566E-1 1.08702E-1 3.4989E-1 2.9616E-1 2.39264E-1 2.00011E-1 2.24628E-1 2.49426E-1 2.58569E-1 2.42132E-1 1.31449E-1 2.7009E-1 2.20273E-1 2.45796E-1 2.44353E-1 1.92045E-1 1.5567E-1 1.71655E-1 2.19949E-1 2.35526E-1 2.95807E-1 3.14227E-1 3.34018E-1 3.39547E-1 3.82964E-1 4.38453E-1 4.71042E-1 4.55217E-1 4.38954E-1 4.5391E-1 5.3436E-1 6.15307E-1 3.87754E-1 6.53079E-1 2.89987E-1 6.13976E-1 5.23238E-1 4.23153E-1 3.86291E-1 3.61113E-1 3.33992E-1 2.84731E-1 2.05701E-1 1.83116E-1 1.77533E-1 2.12765E-1 2.98535E-1 2.9202E-1 3.19539E-1 3.96656E-1 3.99342E-1 2.15379E-1 2.08705E-1 2.69674E-1 2.09236E-1 2.26014E-1 2.64788E-1
1.00656E-1 4.39937E-1 3.40411E-1 3.41708E-1 1.77019E-1 3.47535E-1 2.96206E-1 2.30582E-1 1.95583E-1 2.2488E-1 2.95797E-1 3.20567E-1 3.45297E-1 9.3941E-2 2.95563E-1 2.54312E-1 2.72277E-1 2.33352E-1 1.87976E-1 1.60152E-1 1.91858E-1 2.52219E-1 2.82092E-1 2.97323E-1 3.84114E-1 3.97373E-1 4.14216E-1 4.63874E-1 5.11788E-1 5.26423E-1 5.05475E-1 4.77844E-1 3.79297E-1 4.83604E-1 5.82497E-1 6.332E-1 6.36743E-1 5.44695E-1 1.7997E-1 5.03579E-1 3.82227E-1 3.40737E-1 3.45397E-1 3.39271E-1 2.68297E-1 1.89156E-1 1.81762E-1 1.75381E-1 2.03827E-1 2.47E-1 2.69752E-1 2.76139E-1 3.34156E-1 3.5533E-1 3.4867E-1 3.38742E-1 2.79536E-1 1.79402E-1 2.15889E-1 2.52887E-1
3.71634E-1 3.91897E-1 3.16188E-1 3.51157E-1 1.12619E-1 3.32962E-1 2.89766E-1 1.82108E-1 1.41526E-1 1.34638E-1 1.75151E-1 2.44164E-1 3.11719E-1 1.2448E-1 3.97247E-1 2.85776E-1 2.67877E-1 2.30999E-1 2.04983E-1 1.9196E-1 2.45834E-1 2.80521E-1 2.80721E-1 4.08302E-1 4.60698E-1 4.60859E-1 4.98095E-1 5.44132E-1 5.74745E-1 5.67947E-1 5.42772E-1 4.45775E-1 3.39553E-1 4.24157E-1 5.71518E-1 6.29981E-1 6.34564E-1 5.81236E-1 5.13092E-1 4.43284E-1 3.62173E-1 3.12796E-1 3.24522E-1 2.83687E-1 2.69446E-1 1.99509E-1 1.92787E-1 1.99889E-1 2.26523E-1 2.55626E-1 2.76294E-1 2.55244E-1 2.63434E-1 2.9333E-1 3.06495E-1 3.74352E-1 2.54318E-1 1.75156E-1 2.89664E-1 2.72507E-1
3.01981E-1 3.20316E-1 3.39391E-1 3.67304E-1 1.48297E-1 3.12272E-1 2.75768E-1 2.3761E-1 1.66238E-1 1.45145E-1 1.56082E-1 1.83876E-1 2.47965E-1 1.08462E-1 3.11358E-1 2.82128E-1 2.76627E-1 2.62404E-1 2.47896E-1 2.55929E-1 2.91422E-1 3.13687E-1 4.06613E-1 4.84012E-1 4.54168E-1 5.23492E-1 5.84213E-1 6.03316E-1 6.11324E-1 5.87024E-1 4.07441E-1 3.89382E-1 2.96564E-1 4.23828E-1 5.53862E-1 6.076E-1 2.44165E-1 5.40205E-1 4.29869E-1 3.75071E-1 3.18327E-1 2.75803E-1 2.78626E-1 2.77694E-1 2.82644E-1 2.29065E-1 2.3442E-1 2.29452E-1 2.52512E-1 2.85094E-1 3.11442E-1 2.86387E-1 2.6433E-1 2.64401E-1 3.02751E-1 3.78622E-1 2.34896E-1 2.34964E-1 1.37393E-1 1.64269E-1
2.32472E-1 2.79685E-1 3.27354E-1 8.67997E-2 2.81395E-1 2.71544E-1 2.50332E-1 2.19834E-1 1.81495E-1 1.68369E-1 1.79344E-1 1.98829E-1 2.16231E-1 3.12417E-1 1.32177E-1 2.64424E-1 2.88905E-1 3.20065E-1 3.10491E-1 2.64874E-1 2.67422E-1 3.38824E-1 4.12224E-1 4.14542E-1 4.03493E-1 4.56575E-1 6.24019E-1 5.91059E-1 5.96798E-1 1.49921E-1 5.18747E-1 4.04725E-1 3.33974E-1 4.54994E-1 4.69678E-1 4.98996E-1 1.56506E-1 5.16563E-1 3.96576E-1 3.06195E-1 2.57846E-1 2.39968E-1 2.71825E-1 3.02675E-1 2.48965E-1 2.3507E-1 2.66014E-1 2.62495E-1 2.66724E-1 3.08473E-1 3.44988E-1 3.24325E-1 2.91862E-1 2.94437E-1 3.03345E-1 3.33419E-1 3.63619E-1 2.37544E-1 1.71021E-1 3.75215E-1
2.01702E-1 2.61349E-1 2.98339E-1 1.03185E-1 2.49585E-1 2.29942E-1 2.09622E-1 1.94072E-1 1.71178E-1 1.61904E-1 1.75379E-1 2.05832E-1 2.26108E-1 2.61961E-1 3.35544E-2 2.5314E-1 3.31099E-1 2.71755E-1 2.39483E-1 2.50376E-1 2.96801E-1 2.92746E-1 3.42807E-1 4.06398E-1 5.15828E-1 3.8893E-1 6.29793E-1 5.71988E-1 5.70537E-1 2.31525E-1 4.96202E-1 4.22454E-1 3.57632E-1 3.47845E-1 4.16032E-1 3.95841E-1 2.22582E-1 4.73036E-1 3.47008E-1 2.66581E-1 2.31809E-1 2.42304E-1 2.81861E-1 2.8267E-1 2.77879E-1 2.7449E-1 3.23989E-1 3.0549E-1 2.87441E-1 3.09776E-1 3.46993E-1 1.3989E-1 2.98835E-1 3.0668E-1 3.33841E-1 3.51617E-1 2.58773E-1 1.29966E-1 3.40451E-1 3.44396E-1
1.86871E-1 2.27286E-1 2.4937E-1 1.22178E-1 2.25413E-1 2.14743E-1 2.07056E-1 2.06883E-1 1.90659E-1 1.63698E-1 1.565E-1 1.74962E-1 2.15493E-1 2.59046E-1 2.17976E-1 2.47422E-1 1.7882E-1 1.93019E-1 2.4712E-1 2.51934E-1 2.21261E-1 3.06377E-1 3.81646E-1 4.70296E-1 5.86968E-1 3.31647E-1 6.19783E-1 5.56858E-1 5.50155E-1 2.00149E-1 4.78851E-1 4.12223E-1 3.63436E-1 3.65394E-1 4.31082E-1 3.50174E-1 7.22474E-2 3.90668E-1 3.02774E-1 2.35718E-1 2.25978E-1 2.4207E-1 2.86812E-1 2.77108E-1 3.53888E-1 3.26395E-1 3.72068E-1 3.57525E-1 3.38804E-1 2.95988E-1 3.23231E-1 2.35475E-1 2.05436E-1 3.07471E-1 3.45598E-1 2.0232E-1 2.96585E-1 2.93901E-1 3.12596E-1 3.23549E-1
1.36137E-1 1.68997E-1 1.33896E-1 2.11979E-1 1.93952E-1 2.05951E-1 2.33145E-1 2.37565E-1 2.12251E-1 1.83372E-1 1.59264E-1 1.64339E-1 1.94912E-1 2.17993E-1 1.71376E-1 2.40455E-1 2.2568E-1 2.21907E-1 1.84709E-1 2.01425E-1 2.71448E-1 3.69474E-1 4.66024E-1 5.48738E-1 6.3529E-1 5.85862E-1 5.98578E-1 5.30198E-1 5.24168E-1 3.19813E-1 4.77624E-1 4.121E-1 3.55075E-1 2.81785E-1 2.69962E-1 2.94308E-1 7.33828E-2 3.35842E-1 3.41204E-1 2.2458E-1 2.3125E-1 2.571E-1 3.02617E-1 2.75451E-1 3.54129E-1 1.68338E-1 1.38484E-1 1.23014E-1 3.54876E-1 3.29386E-1 3.01401E-1 2.50184E-1 9.80935E-2 3.06711E-1 3.30478E-1 3.01751E-1 2.39937E-1 2.22045E-1 2.465E-1 2.78403E-1
9.28066E-2 1.05058E-1 6.90277E-2 1.74481E-1 1.91661E-1 2.2489E-1 2.63938E-1 2.70414E-1 2.2991E-1 1.93866E-1 1.69223E-1 1.51689E-1 1.90639E-1 2.2024E-1 2.41195E-1 2.19318E-1 1.81798E-1 1.5532E-1 1.86709E-1 2.73026E-1 3.64005E-1 4.52347E-1 5.53611E-1 6.0473E-1 4.51683E-1 6.59203E-1 5.78379E-1 4.78743E-1 4.94745E-1 4.94396E-1 4.52745E-1 4.05741E-1 3.54119E-1 2.71097E-1 2.26563E-1 2.19846E-1 2.36346E-1 2.01388E-1 1.90395E-1 2.95887E-1 1.45329E-1 8.31688E-2 1.77134E-1 1.62054E-1 3.4525E-1 3.37128E-1 3.90094E-1 4.14842E-1 2.07974E-1 1.42012E-1 3.16886E-1 3.69906E-1 3.40729E-1 2.9397E-1 2.94662E-1 2.86357E-1 2.32025E-1 2.0615E-1 2.17002E-1 2.3765E-1
8.1977E-2 1.12766E-1 1.38406E-1 1.96694E-1 1.97942E-1 2.32917E-1 7.76258E-2 2.75538E-1 2.28555E-1 2.00572E-1 1.83257E-1 1.71781E-1 2.05746E-1 2.284E-1 1.83817E-1 2.40328E-1 2.03359E-1 2.11833E-1 2.72994E-1 3.63911E-1 4.30278E-1 4.96184E-1 5.37857E-1 5.70787E-1 6.70431E-1 6.07227E-1 5.15484E-1 4.04066E-1 4.36503E-1 4.3383E-1 3.98647E-1 3.82269E-1 3.69845E-1 2.99333E-1 2.22926E-1 2.11169E-1 2.31525E-1 2.93765E-1 1.79031E-1 1.39393E-1 2.92014E-1 2.7298E-1 2.86153E-1 2.62702E-1 3.53247E-1 2.73455E-1 3.19474E-1 3.50023E-1 2.74673E-1 2.81903E-1 2.96439E-1 3.1512E-1 2.86005E-1 2.66036E-1 2.91438E-1 2.93406E-1 5.70005E-2 2.11174E-1 2.29513E-1 2.68989E-1
8.79983E-2 1.30466E-1 1.67104E-1 4.51882E-2 2.13413E-1 2.16743E-1 1.74636E-1 2.07149E-1 2.27842E-1 2.05505E-1 1.74745E-1 1.7501E-1 2.47307E-1 8.91841E-2 1.66788E-1 3.12255E-1 2.71381E-1 2.99571E-1 3.60945E-1 4.28427E-1 4.85766E-1 5.48935E-1 5.59942E-1 5.45757E-1 5.61393E-1 5.50973E-1 4.41416E-1 3.96422E-1 4.38494E-1 4.55222E-1 4.31001E-1 4.12245E-1 3.96282E-1 3.59547E-1 2.95852E-1 2.74348E-1 1.69703E-1 1.4608E-1 1.23753E-1 3.51649E-1 2.97499E-1 2.64177E-1 2.72742E-1 2.45638E-1 3.40888E-1 2.77256E-1 3.2422E-1 3.04127E-1 2.2526E-1 2.23781E-1 2.4434E-1 2.8951E-1 2.78827E-1 2.8662E-1 3.14223E-1 2.74528E-1 5.7591E-2 2.00793E-1 2.31499E-1 3.03617E-1
