Phytophthora/models/20240506_1522_03/Phytophthora_PA3_RUN8_MAXENT_outputs/Phytophthora_PA3_RUN8.asc
ncols         225
nrows         269
xllcorner     473009.9838
yllcorner     4429051.1748
cellsize      50.0
NODATA_value  -9999
[rows 182 to 207 of 269, columns 60 to 119 of 225]
4.39615E-1 4.59981E-1 4.75828E-1 5.21356E-1 5.34392E-1 5.60725E-1 5.69126E-1 6.293E-1 3.24003E-1 5.90333E-1 6.21521E-1 6.0819E-1 5.78722E-1 5.23379E-1 4.59551E-1 4.22752E-1 4.08846E-1 3.16716E-1 1.57967E-1 1.17023E-1 1.01562E-1 8.90599E-2 7.59695E-2 1.07009E-1 2.25949E-1 2.56124E-1 3.09062E-1 3.58368E-1 5.29938E-1 6.48409E-1 4.1254E-1 5.06703E-1 4.52966E-1 5.42756E-1 4.62873E-1 5.36001E-1 5.96398E-1 4.23401E-1 6.34255E-1 5.83953E-1 5.53608E-1 5.2287E-1 4.56673E-1 4.03366E-1 3.92513E-1 4.33979E-1 4.59512E-1 4.85196E-1 4.81254E-1 5.24047E-1 3.67276E-1 5.46084E-1 5.14548E-1 5.53184E-1 3.97408E-1 3.98874E-1 4.07734E-1 1.07766E-1 1.93957E-1 2.21719E-1
4.94673E-1 5.20594E-1 5.30636E-1 5.46478E-1 5.88041E-1 2.28891E-1 5.02715E-1 2.2736E-1 6.67996E-1 6.48942E-1 5.88243E-1 5.49803E-1 5.38776E-1 4.73878E-1 3.94463E-1 3.34796E-1 3.10561E-1 2.87379E-1 2.29312E-1 1.16063E-1 8.95995E-2 7.99206E-2 7.30694E-2 1.50876E-1 2.83123E-1 3.25262E-1 3.54186E-1 3.68582E-1 5.43649E-1 3.18263E-1 5.81689E-1 5.02102E-1 5.41017E-1 5.7983E-1 4.69341E-1 5.06916E-1 5.7507E-1 4.30557E-1 2.46174E-1 5.68243E-1 5.05809E-1 4.59923E-1 3.96699E-1 3.53309E-1 3.85434E-1 4.36403E-1 4.7139E-1 4.90643E-1 4.78158E-1 4.10821E-1 3.11294E-1 4.71135E-1 4.85559E-1 4.55002E-1 4.31078E-1 3.63247E-1 2.43423E-1 1.86543E-1 1.9105E-1 2.20921E-1
5.02658E-1 5.64977E-1 5.62941E-1 5.71168E-1 2.3669E-1 6.50358E-1 6.65122E-1 6.71964E-1 6.2309E-1 6.11197E-1 5.4469E-1 4.95962E-1 4.68958E-1 4.107E-1 3.33773E-1 2.56587E-1 2.11997E-1 1.5817E-1 1.45288E-1 1.67354E-1 7.40839E-2 7.2565E-2 8.02153E-2 1.22377E-1 3.21065E-1 3.23549E-1 3.56717E-1 4.3286E-1 4.89856E-1 3.41805E-1 5.21056E-1 5.25E-1 3.12997E-1 5.43614E-1 4.89111E-1 4.79185E-1 5.13137E-1 4.86092E-1 5.73027E-1 4.01675E-1 5.51059E-1 4.15202E-1 3.72037E-1 3.43119E-1 3.52652E-1 4.39298E-1 4.94301E-1 5.04497E-1 2.19306E-1 1.47624E-1 4.48692E-1 4.03945E-1 3.63401E-1 2.89263E-1 4.37429E-1 3.94591E-1 1.01212E-1 3.31851E-1 3.28936E-1 1.48078E-1
4.41101E-1 5.09208E-1 3.40768E-1 5.62823E-1 6.19506E-1 6.87816E-1 6.87794E-1 5.99273E-1 5.84485E-1 5.68411E-1 4.91074E-1 4.54319E-1 4.12718E-1 3.37244E-1 2.69801E-1 1.93794E-1 1.3536E-1 1.11079E-1 1.25223E-1 1.14418E-1 8.54426E-2 9.40313E-2 1.26327E-1 8.38053E-2 3.20606E-1 3.36408E-1 4.13478E-1 5.12986E-1 3.8986E-1 5.36269E-1 5.14246E-1 6.11135E-1 4.10049E-1 5.20339E-1 5.06981E-1 4.88452E-1 4.96547E-1 4.90216E-1 2.9385E-1 3.8588E-1 5.32367E-1 3.8179E-1 3.77678E-1 3.50887E-1 3.29557E-1 3.73851E-1 4.86671E-1 5.63122E-1 2.88466E-1 4.3241E-1 3.91479E-1 3.68575E-1 3.72467E-1 2.61986E-1 3.74066E-1 2.92857E-1 3.42006E-1 3.05281E-1 2.52891E-1 2.89097E-1
3.85426E-1 1.88509E-1 5.41924E-1 5.94075E-1 6.35059E-1 6.61511E-1 6.27267E-1 5.36594E-1 5.5909E-1 5.46813E-1 4.55447E-1 4.25774E-1 4.10106E-1 3.41348E-1 2.64962E-1 1.9879E-1 1.42087E-1 9.70345E-2 8.40069E-2 8.28263E-2 9.82704E-2 1.382E-1 1.26109E-1 2.42618E-1 3.20686E-1 3.41361E-1 4.32632E-1 5.18675E-1 5.99361E-1 5.84261E-1 6.0153E-1 5.44093E-1 5.51314E-1 1.8511E-1 3.7856E-1 4.9304E-1 4.57186E-1 4.64034E-1 1.65708E-1 5.14878E-1 5.30784E-1 3.68967E-1 3.74244E-1 3.71633E-1 3.36663E-1 3.485E-1 3.66558E-1 4.62614E-1 2.20713E-1 5.14311E-1 3.7291E-1 3.29589E-1 3.80508E-1 2.5155E-1 3.78689E-1 2.02247E-1 3.61914E-1 3.05594E-1 3.44057E-1 1.10492E-1
6.10638E-1 5.97575E-1 5.88739E-1 5.76242E-1 6.38756E-1 6.27282E-1 5.55813E-1 4.92569E-1 4.87796E-1 5.22624E-1 5.6453E-1 4.72102E-1 4.47988E-1 3.632E-1 2.62259E-1 1.78798E-1 1.14014E-1 7.56116E-2 8.4076E-2 9.48738E-2 9.52676E-2 1.05289E-1 1.17274E-1 1.57883E-1 2.69551E-1 3.03519E-1 3.96053E-1 4.75288E-1 5.66486E-1 5.96403E-1 5.5572E-1 5.40798E-1 5.4397E-1 5.14278E-1 5.13166E-1 2.31289E-1 2.05089E-1 4.23005E-1 3.89854E-1 2.40948E-1 4.92521E-1 3.34476E-1 3.3746E-1 3.89233E-1 3.52045E-1 2.9435E-1 8.95725E-2 6.65826E-2 2.92701E-1 3.015E-1 3.09676E-1 2.04818E-1 2.97963E-1 2.85287E-1 3.92561E-1 9.38784E-2 3.57477E-1 3.06546E-1 3.21917E-1 1.92004E-1
5.11594E-1 5.04398E-1 4.94026E-1 5.01265E-1 4.79033E-1 4.72906E-1 3.94393E-1 3.56845E-1 3.42475E-1 4.54448E-1 2.78095E-1 4.35529E-1 4.09821E-1 3.36439E-1 2.35627E-1 1.6226E-1 1.07775E-1 8.35415E-2 1.05057E-1 5.30214E-2 1.04269E-1 8.51406E-2 9.08344E-2 1.23173E-1 2.89917E-1 3.72914E-1 4.54111E-1 4.95852E-1 5.23346E-1 5.6213E-1 4.91057E-1 4.98016E-1 4.97128E-1 4.62661E-1 4.62413E-1 4.88887E-1 2.78264E-1 4.69977E-2 4.88387E-2 3.01417E-1 2.09121E-1 3.12953E-1 3.2023E-1 3.75299E-1 3.61488E-1 8.9246E-2 3.40442E-1 1.03999E-1 1.24342E-1 1.24383E-1 1.39574E-1 1.60993E-1 2.90179E-1 3.98373E-1 3.84952E-1 9.29217E-2 3.37626E-1 2.82594E-1 2.86542E-1 3.38076E-1
4.26269E-1 4.24102E-1 4.05646E-1 4.27845E-1 3.43062E-1 3.41068E-1 2.80193E-1 2.65493E-1 2.8661E-1 3.23986E-1 3.7527E-1 4.89049E-1 4.03281E-1 3.25841E-1 2.18537E-1 1.56768E-1 1.0545E-1 9.12353E-2 9.16652E-2 8.11256E-2 7.70508E-2 9.76994E-2 1.18702E-1 1.31849E-1 2.32106E-1 3.62907E-1 3.91171E-1 4.8687E-1 5.87184E-1 5.19739E-1 4.6264E-1 4.62775E-1 4.6685E-1 4.60737E-1 1.54478E-1 2.7077E-1 2.24156E-1 1.74696E-1 1.38626E-1 1.6426E-1 1.66647E-1 1.6313E-1 3.45658E-1 3.38589E-1 3.43054E-1 3.78741E-1 3.42645E-1 3.1413E-1 2.58925E-1 1.09084E-1 8.66088E-2 8.52431E-2 1.27491E-1 2.08787E-1 1.59582E-1 3.38056E-1 3.15121E-1 2.48882E-1 2.5963E-1 3.00354E-1
3.62825E-1 3.41152E-1 3.23957E-1 3.71564E-1 2.54669E-1 2.87973E-1 2.42205E-1 2.12291E-1 2.14268E-1 2.25384E-1 1.36056E-1 3.00375E-1 2.42592E-1 2.18002E-1 1.44863E-1 1.13639E-1 1.19828E-1 1.12033E-1 8.39683E-2 7.90376E-2 9.34848E-2 1.29501E-1 1.6501E-1 1.84901E-1 2.4237E-1 3.61068E-1 3.24944E-1 3.78833E-1 6.76812E-1 4.54144E-1 4.59238E-1 4.3443E-1 4.19696E-1 1.58104E-1 5.20939E-1 4.09732E-1 1.64869E-1 1.18736E-1 1.42626E-1 1.71405E-1 1.47248E-1 1.63393E-1 2.14419E-1 2.9275E-1 2.83064E-1 3.59346E-1 2.77625E-1 2.5179E-1 1.70752E-1 2.20556E-1 8.48437E-2 8.49801E-2 1.0587E-1 1.24046E-1 2.78433E-1 1.73888E-1 2.82893E-1 2.18453E-1 2.52837E-1 2.75022E-1
3.30252E-1 2.70195E-1 3.1107E-1 1.35158E-1 1.33296E-1 1.42921E-1 1.02613E-1 1.05502E-1 1.84972E-1 1.81285E-1 8.25862E-2 9.25712E-2 1.16662E-1 1.15107E-1 9.70412E-2 7.37173E-2 5.37752E-2 4.44836E-2 6.31269E-2 8.45291E-2 9.93896E-2 1.40103E-1 1.85576E-1 2.26632E-1 2.68499E-1 2.93835E-1 3.7977E-1 1.83845E-1 6.60668E-1 3.81786E-1 4.26465E-1 3.50928E-1 2.82496E-1 3.84849E-1 1.95705E-1 1.53339E-1 3.99331E-1 1.25835E-1 1.46549E-1 1.86087E-1 1.84262E-1 1.44966E-1 1.803E-1 2.40641E-1 1.99119E-1 3.34329E-1 2.57375E-1 2.23834E-1 1.96557E-1 2.04816E-1 1.37132E-1 1.0549E-1 8.55238E-2 9.40453E-2 1.27002E-1 1.00931E-1 2.7997E-1 2.40241E-1 2.45118E-1 2.28716E-1
3.02464E-1 2.59378E-1 2.33514E-1 2.08366E-1 8.01651E-2 6.00491E-2 1.7796E-1 1.69375E-1 1.4741E-1 7.27912E-2 7.29003E-2 9.19607E-2 1.12231E-1 7.91664E-2 1.17029E-1 1.14185E-1 5.12586E-2 1.25145E-1 6.84764E-2 9.67664E-2 1.13995E-1 2.52175E-1 3.58382E-1 1.82408E-1 3.74661E-1 3.64739E-1 3.91604E-1 4.21189E-1 4.76878E-1 4.22378E-1 4.25852E-1 3.38266E-1 2.51786E-1 4.80887E-1 1.7658E-1 2.33366E-1 3.9212E-1 2.55724E-1 2.56724E-1 2.22014E-1 1.92462E-1 1.36139E-1 1.14686E-1 1.37585E-1 1.46573E-1 2.01906E-1 2.44051E-1 1.8899E-1 1.72144E-1 1.74691E-1 1.80656E-1 1.92191E-1 1.70975E-1 1.35607E-1 1.34945E-1 2.32538E-1 3.672E-1 2.78695E-1 2.28842E-1 2.34683E-1
2.83058E-1 2.08874E-1 2.03743E-1 1.01095E-1 7.52125E-2 1.21164E-1 1.44647E-1 1.77637E-1 1.18229E-1 1.50736E-1 8.65736E-2 2.83729E-2 1.08052E-1 9.21584E-2 6.40352E-2 6.73265E-2 1.03351E-1 1.34189E-1 8.4673E-2 1.25093E-1 2.26228E-1 2.46868E-1 9.59318E-2 4.43065E-1 4.17662E-1 4.01902E-1 3.91286E-1 4.79827E-1 7.05775E-1 5.86256E-1 4.31907E-1 3.24186E-1 2.72139E-1 4.05701E-1 2.06068E-1 3.34574E-1 3.32734E-1 3.02456E-1 2.71809E-1 2.17852E-1 1.99506E-1 1.56068E-1 1.48848E-1 1.6361E-1 1.77496E-1 2.05237E-1 2.21464E-1 1.64533E-1 1.84416E-1 1.95694E-1 2.05522E-1 2.15037E-1 2.18878E-1 2.24395E-1 1.81765E-1 1.85122E-1 1.1412E-1 2.7104E-1 2.1658E-1 2.14215E-1
2.42617E-1 1.87549E-1 9.59921E-2 8.89915E-2 8.12463E-2 1.6505E-1 6.73628E-2 1.23718E-1 5.55729E-2 2.55867E-2 4.02498E-2 5.66781E-2 6.0296E-2 6.32287E-2 6.85748E-2 8.28632E-2 4.70959E-2 2.47721E-2 5.02813E-2 2.7706E-2 8.74664E-2 7.43207E-2 3.24697E-1 4.12617E-1 3.82171E-1 3.82336E-1 3.68014E-1 4.487E-1 6.31511E-1 6.58801E-1 4.3258E-1 3.46606E-1 2.81359E-1 4.15884E-1 1.67388E-1 3.09169E-1 2.72229E-1 2.55941E-1 2.47335E-1 1.92202E-1 1.73223E-1 1.45603E-1 1.35268E-1 1.53757E-1 1.11409E-1 9.56974E-2 1.53855E-1 1.88878E-1 2.10077E-1 2.20639E-1 2.3343E-1 2.3504E-1 2.39082E-1 2.49698E-1 1.67852E-1 8.53502E-2 1.90373E-1 2.34907E-1 2.09933E-1 2.12941E-1
1.71428E-1 1.36497E-1 1.01948E-1 9.15362E-2 1.10617E-1 1.45718E-1 1.47997E-1 5.32924E-2 9.82589E-2 8.2436E-2 6.70013E-2 6.09594E-2 5.49083E-2 5.15658E-2 6.13838E-2 7.42581E-2 1.34029E-2 9.51451E-2 1.37148E-1 2.13751E-1 3.26762E-1 3.32198E-1 3.20495E-1 3.83214E-1 4.22232E-1 4.1695E-1 3.23561E-1 3.73893E-1 4.72682E-1 6.10864E-1 4.09326E-1 3.67124E-1 2.73543E-1 3.69789E-1 2.309E-1 2.47156E-1 2.11614E-1 2.0601E-1 2.12556E-1 1.85632E-1 1.57762E-1 1.2203E-1 1.14519E-1 1.02134E-1 1.14303E-1 6.75828E-2 1.8729E-1 2.04581E-1 2.34691E-1 2.4198E-1 2.72036E-1 2.69135E-1 2.57241E-1 2.09202E-1 4.82621E-2 1.90678E-1 2.60462E-1 1.77612E-1 2.61022E-1 2.44136E-1
6.17185E-2 1.4028E-1 1.11319E-1 1.09078E-1 1.45752E-1 1.77273E-1 3.59592E-2 1.65801E-1 1.38346E-1 1.08237E-1 9.8039E-2 7.49556E-2 4.44106E-2 4.09635E-2 4.7316E-2 7.29896E-2 7.55808E-2 1.5576E-1 1.65053E-1 2.19665E-1 2.78056E-1 3.20995E-1 3.4703E-1 4.33432E-1 3.65819E-1 2.31038E-1 1.84229E-1 2.27438E-1 4.28291E-1 6.21009E-1 5.04125E-1 4.07663E-1 3.32243E-1 3.64812E-1 2.91918E-1 2.19892E-1 1.75584E-1 1.62218E-1 1.47742E-1 1.62513E-1 8.03723E-2 1.33548E-1 1.09436E-1 1.32325E-1 1.03918E-1 1.36989E-1 2.09281E-1 1.96228E-1 2.6242E-1 2.62478E-1 2.79294E-1 3.18055E-1 2.38549E-1 6.64302E-2 2.21027E-1 3.99559E-2 3.80282E-2 1.1019E-1 6.90671E-2 1.93667E-1
1.88245E-1 1.43146E-1 1.44381E-1 1.37341E-1 1.41131E-1 1.72889E-1 6.1107E-2 1.25975E-1 7.29873E-2 6.30845E-2 5.21393E-2 4.2E-2 3.74468E-2 4.24937E-2 6.10087E-2 1.55365E-1 1.1662E-1 1.57556E-1 1.71464E-1 1.82172E-1 2.38208E-1 3.05693E-1 3.50015E-1 1.72842E-1 2.85145E-1 1.59122E-1 1.37778E-1 1.77555E-1 4.52736E-1 5.69489E-1 4.84156E-1 4.0697E-1 3.7198E-1 3.21614E-1 1.91601E-1 1.79277E-1 1.59271E-1 1.40687E-1 1.19017E-1 9.06681E-2 9.30872E-2 1.04811E-1 4.78471E-2 1.0551E-1 1.15495E-1 1.75067E-1 2.14589E-1 2.43087E-1 3.01894E-1 2.97357E-1 5.98329E-2 7.17181E-2 8.33461E-2 2.43037E-1 2.42825E-1 1.81369E-1 1.08134E-1 1.045E-1 1.87799E-1 1.18922E-1
1.23279E-1 1.10763E-1 1.12768E-1 5.06398E-2 3.49171E-2 4.50226E-2 5.20034E-2 6.47354E-2 5.12297E-2 4.2435E-2 3.86794E-2 3.62737E-2 4.4684E-2 9.55378E-2 1.65354E-1 5.69387E-2 1.82917E-1 1.94769E-1 2.06701E-1 1.94108E-1 2.41377E-1 3.48074E-1 3.61426E-1 2.6276E-1 2.17386E-1 1.6497E-1 2.07283E-1 3.00734E-1 4.36136E-1 4.99575E-1 4.11516E-1 3.85905E-1 3.86587E-1 2.76237E-1 2.21165E-1 1.65799E-1 1.36482E-1 1.19114E-1 1.05138E-1 7.32625E-2 6.80828E-2 8.93415E-2 7.84898E-2 1.49094E-1 1.381E-1 1.90621E-1 2.32215E-1 2.81607E-1 3.49073E-1 2.4738E-1 2.5479E-1 2.29154E-1 5.1561E-2 2.63313E-1 2.16818E-1 2.07232E-1 1.94706E-1 1.62233E-1 8.49376E-2 1.53914E-1
1.01329E-1 1.01367E-1 8.96336E-2 1.19683E-1 1.02276E-1 6.33466E-2 5.94432E-2 4.75377E-2 4.89444E-2 4.71195E-2 4.41429E-2 5.7719E-2 1.35796E-1 1.71088E-1 2.32516E-1 4.42768E-2 2.13902E-1 2.24286E-1 2.44724E-1 2.45643E-1 2.7477E-1 1.61016E-1 2.06487E-1 1.87739E-1 1.44357E-1 1.67188E-1 2.96499E-1 3.4686E-1 4.92189E-1 4.74162E-1 2.71819E-1 2.28896E-1 2.43714E-1 3.07823E-1 2.06024E-1 1.59651E-1 1.25055E-1 1.00842E-1 1.04171E-1 8.54576E-2 7.06815E-2 7.23253E-2 1.35599E-1 2.10272E-1 1.57441E-1 1.96922E-1 2.42837E-1 3.13604E-1 3.61357E-1 3.21649E-1 2.62433E-1 2.63887E-1 4.31712E-2 2.40694E-1 1.61075E-1 1.22679E-1 9.55959E-2 1.87314E-1 6.86755E-2 8.90876E-2
1.03568E-1 9.87041E-2 1.83234E-2 1.00381E-1 5.92297E-2 4.97518E-2 5.42469E-2 4.60854E-2 4.78073E-2 4.65622E-2 5.189E-2 1.31589E-1 6.60442E-2 1.30385E-1 2.55392E-1 1.8535E-1 1.92091E-1 2.97738E-1 2.89867E-1 3.21788E-1 6.29413E-2 2.17227E-1 1.22749E-1 1.13995E-1 1.74047E-1 3.46646E-1 3.68898E-1 4.71803E-1 6.04988E-1 5.29117E-1 4.54241E-1 3.38596E-1 2.63451E-1 3.11247E-1 2.31074E-1 2.02392E-1 1.45542E-1 1.16864E-1 1.21302E-1 1.20285E-1 1.00644E-1 9.06626E-2 1.80378E-1 2.16738E-1 1.84353E-1 2.02521E-1 2.6299E-1 3.59347E-1 3.15434E-1 2.87935E-1 2.75404E-1 3.15157E-1 6.59338E-2 2.46057E-1 1.70446E-1 1.3677E-1 1.1099E-1 1.81581E-1 8.89652E-2 9.81766E-2
1.05274E-1 1.72204E-2 7.32405E-2 5.92213E-2 5.12205E-2 4.23042E-2 5.45675E-2 6.11094E-2 6.73172E-2 6.99401E-2 1.12733E-1 1.52326E-1 1.45502E-1 1.91839E-1 2.89839E-1 3.43718E-1 2.91939E-1 3.65972E-1 3.40835E-1 3.26259E-1 1.56102E-1 1.85852E-1 1.61476E-1 2.01511E-1 2.9889E-1 3.60402E-1 4.57175E-1 6.01052E-1 6.71528E-1 5.80791E-1 5.00978E-1 4.20827E-1 2.82022E-1 2.08738E-1 2.534E-1 1.15619E-1 2.36961E-1 1.38654E-1 1.41187E-1 1.42492E-1 1.33302E-1 1.26346E-1 1.33716E-1 2.01305E-1 1.86349E-1 2.60765E-1 3.67531E-1 4.11255E-1 3.17325E-1 2.90517E-1 2.87892E-1 3.56364E-1 1.56718E-1 2.77339E-1 2.33552E-1 1.99365E-1 1.91221E-1 1.81407E-1 1.35106E-1 1.17022E-1
1.00824E-1 7.31093E-2 9.81248E-2 8.11056E-2 7.12401E-2 6.89341E-2 6.9108E-2 7.22381E-2 8.15023E-2 1.03648E-1 1.53656E-1 2.21769E-1 2.63834E-1 2.91702E-1 3.72224E-1 2.12243E-1 4.72859E-1 4.517E-1 4.12219E-1 2.7506E-1 2.33768E-1 2.02193E-1 1.94292E-1 2.75475E-1 4.02584E-1 4.92876E-1 5.45411E-1 7.09155E-1 7.32588E-1 6.43898E-1 5.61233E-1 4.65799E-1 3.78001E-1 2.52702E-1 1.81184E-1 2.2107E-1 1.8622E-1 2.15982E-1 1.68824E-1 1.69678E-1 1.56548E-1 1.66125E-1 1.64034E-1 2.28333E-1 1.98577E-1 3.57693E-1 4.14766E-1 4.395E-1 3.78955E-1 3.52676E-1 3.12119E-1 4.36191E-1 3.371E-1 3.36019E-1 3.0022E-1 2.57884E-1 2.23516E-1 1.78873E-1 1.29537E-1 1.17417E-1
1.14334E-1 2.0944E-1 1.71315E-1 1.38542E-1 1.21449E-1 9.6863E-2 7.77902E-2 6.97258E-2 8.47231E-2 1.27475E-1 1.80207E-1 2.56407E-1 3.38648E-1 3.72251E-1 1.90256E-1 2.75331E-1 5.12291E-1 4.81965E-1 4.562E-1 2.4301E-1 3.62025E-1 2.64807E-1 2.63814E-1 3.72632E-1 4.73854E-1 5.61674E-1 5.71276E-1 6.69589E-1 7.57356E-1 7.31819E-1 6.15616E-1 5.10234E-1 4.40375E-1 3.31293E-1 2.50204E-1 2.00402E-1 2.1037E-1 1.5055E-1 9.80398E-2 1.88922E-1 1.76081E-1 1.73635E-1 1.74605E-1 1.90163E-1 1.69999E-1 3.91671E-1 4.314E-1 4.34849E-1 3.11382E-1 3.9665E-1 3.54663E-1 5.03999E-1 4.95616E-1 1.72611E-1 3.41219E-1 2.84966E-1 2.31391E-1 1.8415E-1 1.44006E-1 1.1427E-1
3.42971E-1 2.81873E-1 2.31542E-1 1.87127E-1 1.41067E-1 1.04436E-1 8.09403E-2 6.51898E-2 9.53061E-2 1.46185E-1 2.05277E-1 2.90369E-1 3.85986E-1 4.65677E-1 4.46603E-1 5.17896E-1 5.46718E-1 5.22247E-1 5.11665E-1 3.15133E-1 3.89217E-1 3.08474E-1 3.40987E-1 4.7088E-1 5.51833E-1 6.10355E-1 6.53486E-1 6.68159E-1 7.4838E-1 7.15116E-1 7.07402E-1 5.53659E-1 4.90998E-1 4.05032E-1 3.20187E-1 2.4562E-1 2.03098E-1 1.91905E-1 1.62872E-1 1.40571E-1 2.16789E-1 1.79701E-1 1.85117E-1 2.01779E-1 2.91233E-1 3.69246E-1 3.92761E-1 3.82848E-1 1.09018E-1 3.32535E-1 4.40841E-1 3.4293E-1 1.13273E-1 3.34831E-1 3.55628E-1 2.83634E-1 2.33905E-1 1.95278E-1 1.58144E-1 1.28866E-1
3.4866E-1 3.40847E-1 2.88004E-1 2.18162E-1 1.58084E-1 1.10986E-1 8.49968E-2 6.79358E-2 1.00778E-1 1.58822E-1 2.17164E-1 3.06926E-1 4.04456E-1 4.76718E-1 5.22014E-1 5.2777E-1 5.57228E-1 5.41433E-1 5.33406E-1 4.61399E-1 4.23134E-1 3.86116E-1 4.68482E-1 5.50368E-1 6.15598E-1 6.47713E-1 6.7465E-1 6.547E-1 5.54294E-1 7.52084E-1 6.53755E-1 6.86374E-1 5.77959E-1 4.81179E-1 3.98327E-1 3.26109E-1 3.06289E-1 2.55288E-1 1.87138E-1 9.81009E-2 2.00577E-1 2.29688E-1 2.06145E-1 2.0555E-1 2.51525E-1 2.30257E-1 3.16118E-1 3.84496E-1 3.6403E-1 2.48616E-1 2.85991E-1 1.60246E-1 1.23554E-1 3.96976E-1 3.70105E-1 3.21268E-1 2.71218E-1 2.21877E-1 1.75027E-1 1.60195E-1
3.26464E-1 5.18666E-1 3.97231E-1 2.86622E-1 2.06942E-1 1.48017E-1 1.00994E-1 7.55201E-2 1.11511E-1 1.74274E-1 2.20368E-1 3.10299E-1 4.08008E-1 4.71664E-1 5.14857E-1 5.37192E-1 5.78613E-1 5.41718E-1 5.52157E-1 5.07095E-1 4.49833E-1 4.18277E-1 4.84559E-1 5.60775E-1 6.2279E-1 6.69696E-1 6.81741E-1 6.86485E-1 5.25712E-1 5.95253E-1 6.85699E-1 3.83274E-1 4.00519E-1 4.25139E-1 1.58483E-1 1.95295E-1 1.63531E-1 1.11578E-1 8.20671E-2 1.53045E-1 1.30818E-1 1.93412E-1 1.82907E-1 2.41008E-1 2.4258E-1 3.24745E-1 3.5511E-1 3.7963E-1 3.78136E-1 3.77205E-1 5.13756E-1 2.76939E-1 4.7163E-1 3.86714E-1 3.74503E-1 2.19398E-1 8.99534E-2 1.94138E-1 1.3509E-1 5.30729E-2
5.63054E-1 3.54216E-1 5.7848E-1 4.11359E-1 2.81422E-1 1.98691E-1 1.3642E-1 9.75548E-2 1.37637E-1 1.97899E-1 2.44832E-1 3.09817E-1 4.00312E-1 4.55214E-1 5.01555E-1 5.27245E-1 5.67655E-1 4.68007E-1 3.41669E-1 4.93234E-1 4.39984E-1 3.99483E-1 4.46325E-1 5.28787E-1 5.7165E-1 6.52834E-1 6.99068E-1 6.77896E-1 6.92951E-1 3.81301E-1 5.78261E-1 3.97145E-1 4.12813E-1 3.90346E-1 2.98635E-1 2.32927E-1 1.34845E-1 1.00743E-1 8.18072E-2 6.82487E-2 7.3594E-2 1.04434E-1 1.49468E-1 1.65912E-1 6.7718E-2 1.72509E-1 2.98357E-1 3.63141E-1 3.70196E-1 3.92743E-1 4.12875E-1 1.17992E-1 2.9457E-1 3.01215E-1 3.23363E-1 2.24267E-1 1.87761E-1 1.32439E-1 8.50248E-2 8.83056E-2
