Phytophthora/models/20240429_1812_56/Phytophthora_PA1_RUN6_MAXENT_outputs/Phytophthora_PA1_RUN6.asc
ncols         225
nrows         269
xllcorner     473000.0
yllcorner     4429100.0
cellsize      50.0
NODATA_value  -9999
[rows 108 to 134 of 269, columns 60 to 119 of 225]
9.56957E-2 9.97223E-2 1.0229E-1 1.41724E-1 1.78696E-1 2.60974E-1 2.61057E-1 1.34728E-1 1.57244E-1 1.31164E-1 7.37637E-2 7.51591E-2 6.49519E-2 6.33307E-2 7.11256E-2 1.28144E-1 1.47208E-1 1.63915E-1 1.7458E-1 1.23047E-1 1.31845E-1 9.21442E-2 6.94387E-2 7.42956E-2 1.09297E-1 1.41049E-1 8.45805E-2 1.63628E-1 1.74491E-1 1.67993E-1 1.94243E-1 9.19006E-2 9.22145E-2 1.39584E-1 1.90079E-1 3.3685E-1 3.85337E-1 4.23288E-1 4.57447E-1 4.89319E-1 5.04744E-1 4.27967E-1 5.14641E-1 5.19812E-1 1.06447E-1 1.79514E-1 7.90247E-2 2.71524E-1 3.56215E-1 3.94436E-1 4.45338E-1 4.41708E-1 4.67449E-1 4.78378E-1 4.43648E-1 3.32552E-1 9.75332E-2 3.34008E-1 4.39324E-1 4.40205E-1
6.81546E-2 1.00944E-1 8.77936E-2 1.08757E-1 1.1829E-1 2.4248E-1 2.50222E-1 2.23515E-1 1.69201E-1 1.27266E-1 7.01016E-2 7.60661E-2 6.78026E-2 6.40449E-2 7.52873E-2 1.2631E-1 1.31781E-1 1.45878E-1 1.4491E-1 1.9691E-1 1.10151E-1 8.90127E-2 1.03453E-1 1.35393E-1 1.5222E-1 1.27736E-1 1.6704E-1 2.16024E-1 2.15466E-1 2.13272E-1 1.8365E-1 1.42322E-1 1.8677E-1 2.08632E-1 2.16678E-1 3.05463E-1 3.48263E-1 3.8014E-1 4.27771E-1 4.77579E-1 5.39464E-1 5.43669E-1 4.51458E-1 2.75192E-1 2.96561E-1 1.88981E-1 1.73839E-1 3.02223E-1 4.26687E-1 4.41804E-1 4.05349E-1 3.37074E-1 4.44499E-1 4.35522E-1 4.20189E-1 3.63581E-1 4.67283E-1 4.22775E-1 2.29131E-1 4.71299E-1
9.62628E-2 1.13175E-1 5.81062E-2 1.1532E-1 1.31603E-1 2.06632E-1 1.92305E-1 2.04241E-1 9.00953E-2 1.62247E-1 8.80598E-2 9.11207E-2 8.43153E-2 8.10394E-2 9.30022E-2 1.51851E-1 1.59382E-1 1.53384E-1 7.40866E-2 9.65073E-2 1.01303E-1 1.34824E-1 1.50671E-1 1.73045E-1 1.60371E-1 1.97774E-1 2.11182E-1 2.48462E-1 2.47558E-1 2.42357E-1 2.40917E-1 2.34368E-1 2.5222E-1 2.40627E-1 2.47307E-1 3.28118E-1 3.75276E-1 4.29517E-1 4.49132E-1 4.80386E-1 4.85739E-1 5.01535E-1 3.62153E-1 2.99734E-1 2.01289E-1 2.0321E-1 1.5779E-1 4.42948E-1 4.50846E-1 4.58635E-1 4.46104E-1 4.51481E-1 4.67274E-1 4.47172E-1 4.11878E-1 2.90175E-1 3.25083E-1 3.34905E-1 4.46334E-1 1.93217E-1
1.17458E-1 1.23827E-1 1.2369E-1 1.26556E-1 1.36628E-1 1.64442E-1 1.46317E-1 1.61718E-1 7.02015E-2 2.0008E-1 1.85887E-1 1.84162E-1 1.70411E-1 1.72152E-1 1.75871E-1 1.45754E-1 1.53174E-1 1.49026E-1 9.39581E-2 9.01002E-2 1.40505E-1 1.75531E-1 1.75415E-1 1.81445E-1 1.72164E-1 2.16082E-1 2.03829E-1 2.07044E-1 2.06842E-1 2.08813E-1 2.19781E-1 2.14605E-1 2.16177E-1 2.11576E-1 1.85388E-1 1.37613E-1 1.24692E-1 1.59214E-1 1.68153E-1 2.14438E-1 3.12089E-1 2.6055E-1 2.98206E-1 3.07751E-1 1.4193E-1 2.14656E-1 3.62592E-1 4.01822E-1 3.88194E-1 4.22016E-1 5.3254E-1 5.32222E-1 5.13013E-1 5.04257E-1 4.77592E-1 3.94967E-1 4.02664E-1 4.30905E-1 4.23315E-1 2.65387E-1
1.2755E-1 1.24331E-1 1.24471E-1 1.30432E-1 1.30752E-1 1.50953E-1 1.47833E-1 1.71496E-1 2.16542E-1 1.746E-1 2.1519E-1 2.0353E-1 1.97095E-1 1.97722E-1 2.03523E-1 1.61308E-1 1.61217E-1 8.7642E-2 1.70434E-1 1.22491E-1 1.70768E-1 1.87275E-1 1.86006E-1 2.01929E-1 1.69279E-1 1.51049E-1 8.42045E-2 1.95206E-1 1.98316E-1 2.15123E-1 1.67292E-1 1.46841E-1 2.19497E-1 2.22339E-1 2.00316E-1 1.49701E-1 1.55248E-1 1.71205E-1 1.77054E-1 1.66381E-1 1.28757E-1 2.83724E-1 3.38836E-1 2.76359E-1 1.37911E-1 3.75327E-1 3.77145E-1 4.07489E-1 4.34706E-1 4.67622E-1 5.33721E-1 5.04156E-1 5.28187E-1 5.41983E-1 5.21832E-1 4.01502E-1 4.10279E-1 4.24514E-1 4.51471E-1 3.73364E-1
1.24807E-1 1.01757E-1 1.25659E-1 1.25663E-1 1.17966E-1 1.36656E-1 1.6129E-1 1.93985E-1 2.16725E-1 1.26397E-1 2.37395E-1 1.99779E-1 1.96089E-1 2.00878E-1 2.05033E-1 1.7018E-1 1.2169E-1 8.68566E-2 1.58571E-1 1.19505E-1 1.8248E-1 1.94006E-1 1.52822E-1 2.18068E-1 1.99592E-1 1.78225E-1 1.95353E-1 2.42338E-1 1.9667E-1 1.66519E-1 2.07336E-1 2.12639E-1 1.78791E-1 2.00417E-1 2.04014E-1 1.65572E-1 1.74171E-1 1.80891E-1 1.74577E-1 1.90629E-1 2.39659E-1 2.21735E-1 2.35276E-1 1.39304E-1 2.0382E-1 3.98116E-1 4.00672E-1 3.36361E-1 2.85205E-1 3.34756E-1 4.40777E-1 4.70166E-1 5.08106E-1 5.51495E-1 5.31233E-1 3.78507E-1 3.62545E-1 3.80855E-1 4.19378E-1 3.97461E-1
1.24818E-1 1.25364E-1 1.25007E-1 1.13908E-1 1.09369E-1 1.52266E-1 1.71851E-1 1.81439E-1 9.81077E-2 1.41561E-1 8.73768E-2 1.29458E-1 1.94766E-1 1.9898E-1 2.06466E-1 1.75121E-1 1.94843E-1 9.58125E-2 6.70207E-2 1.09845E-1 1.33965E-1 1.06056E-1 1.96682E-1 2.27137E-1 2.15711E-1 2.03478E-1 2.37177E-1 2.04482E-1 1.23546E-1 1.00316E-1 8.3088E-2 9.5619E-2 1.56706E-1 2.07328E-1 1.34419E-1 1.05792E-1 1.00823E-1 8.87827E-2 1.30072E-1 1.68665E-1 2.6736E-1 2.8201E-1 3.09142E-1 3.47676E-1 2.93032E-1 2.08442E-1 6.96777E-2 3.98548E-1 2.9465E-1 2.18711E-1 3.5733E-1 5.39554E-1 4.97101E-1 5.6868E-1 5.38477E-1 4.06511E-1 4.02126E-1 4.38076E-1 3.42657E-1 3.89125E-1
8.15939E-2 1.253E-1 1.16899E-1 1.04974E-1 1.18942E-1 1.69552E-1 1.7447E-1 1.53959E-1 1.64582E-1 1.67178E-1 9.93322E-2 1.88477E-1 1.90787E-1 1.92132E-1 1.95953E-1 1.9514E-1 8.76006E-2 1.02298E-1 7.85139E-2 1.08492E-1 1.82251E-1 1.94712E-1 1.99727E-1 2.27526E-1 2.15341E-1 2.21243E-1 1.73434E-1 1.36035E-1 9.86255E-2 8.86344E-2 7.25442E-2 1.2309E-1 1.73777E-1 2.14678E-1 2.05547E-1 1.07494E-1 1.64828E-1 1.67987E-1 1.67565E-1 2.05075E-1 3.16666E-1 2.56029E-1 3.28754E-1 2.87458E-1 3.03112E-1 2.15504E-1 1.71516E-1 2.52555E-1 1.64529E-1 3.19261E-1 5.11248E-1 5.51673E-1 5.05778E-1 6.30873E-1 5.89664E-1 4.44555E-1 4.68073E-1 5.0502E-1 4.82983E-1 4.10297E-1
3.05242E-1 2.97327E-1 2.7611E-1 2.9551E-1 3.11703E-1 3.34975E-1 3.17427E-1 2.7587E-1 3.0945E-1 3.05801E-1 3.19537E-1 3.28265E-1 3.62143E-1 3.67668E-1 3.677E-1 4.07177E-1 3.44505E-1 2.44661E-1 2.79079E-1 2.72231E-1 2.32963E-1 2.9007E-1 2.91355E-1 2.90649E-1 3.09336E-1 1.52982E-1 1.23088E-1 1.28772E-1 1.13466E-1 1.39593E-1 2.00505E-1 2.19064E-1 2.62449E-1 3.01056E-1 3.11256E-1 3.29352E-1 2.93044E-1 2.80835E-1 3.39455E-1 4.06882E-1 5.65699E-1 5.61766E-1 5.1518E-1 5.70156E-1 5.25558E-1 3.02935E-1 2.23659E-1 1.04013E-1 2.86137E-1 1.69546E-1 6.69121E-1 6.9125E-1 7.02972E-1 6.88789E-1 5.89683E-1 4.52814E-1 5.16051E-1 5.56287E-1 5.42059E-1 3.75743E-1
3.02458E-1 3.02901E-1 3.07589E-1 3.18424E-1 3.18072E-1 3.2796E-1 2.6446E-1 3.13771E-1 3.15196E-1 2.926E-1 3.5263E-1 1.8606E-1 4.01829E-1 3.85911E-1 3.89389E-1 3.57591E-1 3.47238E-1 2.36058E-1 3.15255E-1 3.21294E-1 2.51777E-1 2.70285E-1 2.83618E-1 3.03564E-1 2.13999E-1 1.06266E-1 9.33082E-2 8.16126E-2 8.98572E-2 1.32646E-1 1.75076E-1 2.03938E-1 2.47924E-1 2.78997E-1 3.14875E-1 3.45062E-1 2.74223E-1 3.56358E-1 3.48354E-1 2.34878E-1 4.70757E-1 4.43191E-1 5.6616E-1 5.77271E-1 5.33808E-1 3.42092E-1 2.86983E-1 2.14426E-1 3.32327E-1 3.40037E-1 5.80388E-1 6.40977E-1 6.31063E-1 6.30092E-1 6.09424E-1 4.90194E-1 5.21874E-1 5.61877E-1 3.964E-1 5.48252E-1
2.98101E-1 3.14071E-1 3.02915E-1 2.37002E-1 2.68353E-1 3.06681E-1 3.12603E-1 3.16154E-1 3.00093E-1 2.85684E-1 3.8057E-1 3.68808E-1 4.61739E-1 3.40333E-1 4.04292E-1 2.65055E-1 2.91368E-1 2.86664E-1 2.89511E-1 2.61277E-1 2.20452E-1 2.3101E-1 2.72376E-1 2.52948E-1 1.27493E-1 1.20977E-1 8.06541E-2 8.46994E-2 1.16378E-1 1.31945E-1 1.65617E-1 1.92496E-1 2.24011E-1 2.52161E-1 2.92806E-1 3.47729E-1 3.43122E-1 3.6131E-1 3.54204E-1 4.07248E-1 5.62699E-1 5.80271E-1 5.75605E-1 5.57843E-1 5.17893E-1 2.67947E-1 2.58267E-1 2.28276E-1 1.28133E-1 3.99043E-1 6.00482E-1 6.13497E-1 6.43381E-1 6.76104E-1 6.61893E-1 5.36642E-1 5.31558E-1 5.50566E-1 5.50073E-1 5.94773E-1
3.07477E-1 3.36237E-1 3.34708E-1 3.12394E-1 1.96438E-1 3.1147E-1 3.01895E-1 2.90731E-1 2.68342E-1 2.76483E-1 3.707E-1 3.85477E-1 1.69444E-1 4.32674E-1 2.69218E-1 3.74864E-1 2.98696E-1 2.93693E-1 2.63017E-1 2.27335E-1 1.79893E-1 1.80872E-1 2.25372E-1 1.646E-1 1.33071E-1 1.45989E-1 1.13242E-1 1.33562E-1 1.46959E-1 1.72416E-1 1.96889E-1 2.0218E-1 2.3843E-1 2.73221E-1 3.12187E-1 3.5009E-1 3.47871E-1 1.75015E-1 2.65389E-1 4.07651E-1 5.59887E-1 5.61562E-1 5.57402E-1 5.2425E-1 4.51047E-1 2.24021E-1 2.10562E-1 1.94121E-1 1.41816E-1 3.76912E-1 6.23645E-1 6.61026E-1 6.17911E-1 6.75651E-1 6.62677E-1 5.34289E-1 5.34234E-1 5.24787E-1 5.33263E-1 5.41639E-1
3.22321E-1 3.84867E-1 3.27755E-1 3.12375E-1 2.07961E-1 3.12222E-1 3.06282E-1 2.76636E-1 2.47139E-1 2.83417E-1 3.73805E-1 3.96278E-1 4.07357E-1 3.15878E-1 3.21345E-1 2.60265E-1 3.2414E-1 3.09628E-1 2.40064E-1 1.72222E-1 1.42241E-1 1.65501E-1 2.43904E-1 1.6178E-1 1.82062E-1 1.68277E-1 1.56961E-1 1.63073E-1 1.88244E-1 2.12414E-1 2.34255E-1 2.17136E-1 2.39271E-1 2.78049E-1 3.14763E-1 3.26925E-1 3.51226E-1 2.39059E-1 3.593E-1 4.06438E-1 5.46542E-1 5.3814E-1 5.23402E-1 4.99545E-1 4.24103E-1 1.97165E-1 1.82569E-1 1.89064E-1 2.20889E-1 3.44752E-1 6.33816E-1 6.60009E-1 6.75171E-1 6.77892E-1 6.61155E-1 5.33196E-1 5.38378E-1 5.35309E-1 5.3336E-1 5.71204E-1
2.18426E-1 4.06164E-1 3.30286E-1 3.30446E-1 3.20849E-1 3.38512E-1 3.2695E-1 3.06561E-1 2.77416E-1 3.27573E-1 4.69744E-1 5.0089E-1 5.02511E-1 3.06635E-1 4.31815E-1 3.69836E-1 4.25959E-1 3.58104E-1 3.00689E-1 2.27874E-1 2.30619E-1 2.7977E-1 2.07914E-1 2.35132E-1 3.34021E-1 2.72617E-1 2.57865E-1 2.68744E-1 2.98129E-1 3.38227E-1 4.48939E-1 4.19159E-1 3.92122E-1 4.41479E-1 4.90824E-1 4.10696E-1 4.08927E-1 4.26514E-1 2.27675E-1 4.00125E-1 4.67276E-1 4.4902E-1 4.43787E-1 4.23036E-1 3.63959E-1 2.71677E-1 2.83978E-1 2.93467E-1 3.28189E-1 3.72066E-1 4.56656E-1 4.92308E-1 5.30915E-1 5.53567E-1 5.73522E-1 6.07167E-1 5.92592E-1 5.53333E-1 5.75941E-1 6.13849E-1
4.10456E-1 3.78916E-1 3.30644E-1 3.48743E-1 2.48964E-1 3.46182E-1 3.16936E-1 2.60404E-1 2.48889E-1 2.59488E-1 3.82838E-1 4.69276E-1 5.20747E-1 3.50737E-1 5.17887E-1 4.17675E-1 4.15487E-1 3.44393E-1 3.23183E-1 2.71799E-1 2.7981E-1 2.72895E-1 2.31586E-1 3.66499E-1 3.5647E-1 2.84208E-1 3.04481E-1 3.16794E-1 3.4114E-1 3.65709E-1 4.7725E-1 4.54126E-1 4.14128E-1 4.12923E-1 4.8253E-1 4.18376E-1 4.29443E-1 4.1582E-1 3.81245E-1 3.89894E-1 4.48737E-1 4.19813E-1 4.17362E-1 3.84614E-1 3.39781E-1 2.79114E-1 2.8596E-1 3.15417E-1 3.55398E-1 3.91808E-1 4.61994E-1 4.66944E-1 4.76002E-1 5.00462E-1 5.37384E-1 6.18776E-1 5.96012E-1 5.81538E-1 5.8646E-1 6.13489E-1
4.08688E-1 3.60938E-1 3.65698E-1 3.62047E-1 2.94735E-1 3.45645E-1 3.07568E-1 2.71146E-1 2.34553E-1 2.42683E-1 3.50738E-1 3.97483E-1 4.61852E-1 3.91686E-1 5.23209E-1 4.16917E-1 4.46663E-1 3.98323E-1 3.72368E-1 3.43725E-1 3.09194E-1 2.68409E-1 3.24278E-1 3.6125E-1 2.84546E-1 3.13589E-1 3.5511E-1 3.51961E-1 3.61769E-1 3.51952E-1 4.53644E-1 4.69278E-1 4.3178E-1 4.22772E-1 5.17382E-1 4.20432E-1 3.10792E-1 4.09672E-1 3.55031E-1 3.57221E-1 4.19453E-1 3.89979E-1 3.77958E-1 4.01488E-1 3.91469E-1 3.28994E-1 3.40381E-1 3.53188E-1 3.87195E-1 4.33385E-1 5.06278E-1 5.11274E-1 5.02081E-1 4.80467E-1 5.43286E-1 6.41152E-1 6.28726E-1 5.95196E-1 5.63354E-1 6.15525E-1
3.6662E-1 3.75652E-1 3.85862E-1 2.37743E-1 2.95726E-1 3.36141E-1 2.93386E-1 2.60645E-1 2.29491E-1 2.43844E-1 3.52321E-1 3.95038E-1 4.31089E-1 4.59311E-1 3.7536E-1 4.17471E-1 4.74364E-1 4.63759E-1 4.52885E-1 3.60932E-1 2.80723E-1 2.94587E-1 2.91067E-1 2.65321E-1 2.65646E-1 3.58674E-1 3.75789E-1 3.56171E-1 3.51805E-1 1.71103E-1 4.50289E-1 4.53174E-1 4.31681E-1 4.54908E-1 4.99537E-1 3.77332E-1 2.38956E-1 4.11895E-1 3.55249E-1 3.21288E-1 3.76433E-1 3.70559E-1 4.04673E-1 4.50752E-1 3.89228E-1 3.68E-1 3.99006E-1 4.03882E-1 4.104E-1 4.6305E-1 5.1663E-1 5.21472E-1 5.31057E-1 5.15384E-1 5.43467E-1 6.21006E-1 6.45541E-1 6.2696E-1 5.96555E-1 6.16333E-1
3.495E-1 3.94835E-1 3.93633E-1 3.02151E-1 3.05908E-1 3.03927E-1 2.72025E-1 2.43639E-1 2.19367E-1 2.35266E-1 3.50111E-1 3.98668E-1 4.26517E-1 4.31842E-1 1.60107E-1 4.62437E-1 5.4182E-1 5.21481E-1 4.36293E-1 3.4408E-1 2.26842E-1 1.91606E-1 2.08853E-1 2.5305E-1 3.36802E-1 3.82801E-1 3.81114E-1 3.48374E-1 3.4577E-1 2.69011E-1 4.49701E-1 4.36908E-1 4.16486E-1 4.54861E-1 4.89807E-1 3.37856E-1 3.42811E-1 4.14356E-1 3.35337E-1 3.22486E-1 3.9818E-1 4.26535E-1 4.64357E-1 4.92418E-1 4.47366E-1 4.27308E-1 4.70824E-1 4.5653E-1 4.37156E-1 4.73478E-1 5.20861E-1 4.94402E-1 5.39246E-1 5.55147E-1 5.94572E-1 6.40064E-1 6.41432E-1 6.08811E-1 6.38304E-1 6.39863E-1
4.57871E-1 5.22341E-1 4.73406E-1 4.59287E-1 4.43469E-1 4.71916E-1 4.25151E-1 4.31E-1 4.22024E-1 3.90565E-1 4.1306E-1 4.71119E-1 5.43577E-1 5.42009E-1 4.14934E-1 3.92747E-1 3.59465E-1 3.36632E-1 2.62898E-1 2.00515E-1 1.62669E-1 2.00103E-1 2.06288E-1 2.98422E-1 4.16137E-1 3.87161E-1 4.52247E-1 4.21502E-1 4.11518E-1 2.82919E-1 3.9257E-1 3.69744E-1 3.38191E-1 4.00636E-1 3.77935E-1 2.44004E-1 1.21084E-1 3.2269E-1 2.52261E-1 2.49012E-1 3.31097E-1 3.68493E-1 4.04172E-1 4.3791E-1 4.33424E-1 4.25754E-1 4.54107E-1 4.33058E-1 4.39318E-1 4.26095E-1 4.69216E-1 4.6803E-1 4.78267E-1 4.95974E-1 5.15689E-1 4.10597E-1 3.98765E-1 4.30187E-1 4.20644E-1 4.20515E-1
4.74466E-1 4.30158E-1 4.01182E-1 3.81237E-1 4.0342E-1 4.77932E-1 4.83673E-1 4.79051E-1 4.6864E-1 4.35225E-1 4.07895E-1 4.52972E-1 5.0681E-1 5.10023E-1 3.25484E-1 4.4382E-1 3.28135E-1 2.71936E-1 1.78378E-1 1.63795E-1 2.02737E-1 2.35699E-1 2.57705E-1 3.67062E-1 4.16253E-1 4.92255E-1 4.46685E-1 4.10315E-1 4.04689E-1 3.80808E-1 3.92713E-1 3.77981E-1 3.34562E-1 3.09792E-1 3.20995E-1 2.3037E-1 1.53864E-1 3.09925E-1 3.10695E-1 2.60594E-1 3.48212E-1 3.74365E-1 3.99679E-1 4.47249E-1 4.56673E-1 4.41747E-1 3.72939E-1 3.40881E-1 4.18596E-1 4.36714E-1 4.70076E-1 4.78415E-1 3.57967E-1 4.97755E-1 5.19647E-1 4.09985E-1 3.96713E-1 4.01969E-1 3.8594E-1 4.17866E-1
2.44198E-1 2.70596E-1 3.01364E-1 3.48313E-1 4.57727E-1 5.16391E-1 5.15722E-1 5.14131E-1 4.93482E-1 4.64871E-1 4.40295E-1 4.28085E-1 4.9012E-1 5.01179E-1 5.13297E-1 4.0181E-1 2.82498E-1 2.3416E-1 1.98826E-1 2.47214E-1 2.95611E-1 2.98913E-1 3.28784E-1 3.94255E-1 4.14554E-1 4.93244E-1 4.42723E-1 3.73652E-1 3.96174E-1 3.90686E-1 3.96142E-1 3.78613E-1 3.41025E-1 3.09354E-1 2.99317E-1 2.23518E-1 2.34347E-1 2.8578E-1 3.15421E-1 2.83564E-1 3.5416E-1 2.9358E-1 4.0519E-1 4.52444E-1 4.62826E-1 4.38177E-1 4.66917E-1 4.98833E-1 4.22732E-1 4.13527E-1 4.80057E-1 4.91856E-1 4.85505E-1 4.9354E-1 4.83148E-1 4.14488E-1 3.94723E-1 4.00775E-1 3.72999E-1 3.86617E-1
2.54705E-1 3.18424E-1 3.78678E-1 4.39612E-1 4.72313E-1 5.27823E-1 4.09154E-1 5.22294E-1 5.23535E-1 4.93563E-1 4.74367E-1 4.52293E-1 4.85177E-1 4.85648E-1 4.69583E-1 3.6795E-1 2.98737E-1 2.98515E-1 3.0636E-1 3.55903E-1 3.75481E-1 3.67932E-1 3.57599E-1 3.97168E-1 4.69129E-1 4.92952E-1 4.15354E-1 3.38853E-1 3.72438E-1 3.81076E-1 3.84988E-1 3.75565E-1 3.73093E-1 3.52393E-1 3.02792E-1 2.20771E-1 2.42103E-1 2.75933E-1 3.21504E-1 2.97096E-1 3.60614E-1 3.78113E-1 3.95808E-1 4.61702E-1 4.2585E-1 4.13535E-1 4.73785E-1 4.91763E-1 4.18562E-1 4.42872E-1 4.94063E-1 5.05701E-1 4.82297E-1 4.89143E-1 5.03085E-1 4.25411E-1 2.61593E-1 4.04747E-1 4.09404E-1 4.28248E-1
2.73075E-1 4.14666E-1 4.3478E-1 3.06851E-1 4.84831E-1 5.31898E-1 5.17799E-1 5.10649E-1 5.23966E-1 5.02472E-1 4.71091E-1 4.93788E-1 5.4442E-1 2.94424E-1 5.22875E-1 3.97514E-1 3.14329E-1 3.31608E-1 3.40271E-1 3.76662E-1 4.17817E-1 4.16076E-1 4.0525E-1 3.86723E-1 4.54779E-1 4.63126E-1 3.78166E-1 3.57741E-1 3.95682E-1 4.04324E-1 4.05223E-1 4.03285E-1 4.10456E-1 4.25557E-1 3.51624E-1 2.42241E-1 2.46913E-1 2.80769E-1 2.61107E-1 3.5807E-1 3.67244E-1 3.56075E-1 3.63329E-1 4.29428E-1 4.31185E-1 4.19775E-1 4.99426E-1 4.86764E-1 3.88076E-1 4.14252E-1 4.63316E-1 5.12258E-1 5.07577E-1 5.09485E-1 5.44006E-1 4.14197E-1 2.65876E-1 3.91651E-1 3.87859E-1 3.73089E-1
2.44201E-1 3.3895E-1 3.39487E-1 3.6163E-1 4.17644E-1 5.01532E-1 4.91192E-1 4.84513E-1 4.95169E-1 4.85725E-1 5.24198E-1 5.27748E-1 5.64292E-1 4.84374E-1 6.06296E-1 5.73431E-1 5.26763E-1 4.63759E-1 4.74625E-1 4.99832E-1 3.21496E-1 3.1972E-1 4.81158E-1 5.31458E-1 5.25612E-1 4.04838E-1 3.3214E-1 3.11057E-1 3.46067E-1 3.49457E-1 3.38369E-1 3.38278E-1 3.80998E-1 4.05214E-1 3.96282E-1 2.75719E-1 3.05745E-1 3.21753E-1 3.52579E-1 3.97986E-1 2.85723E-1 2.47743E-1 2.53272E-1 3.40016E-1 3.85198E-1 3.21908E-1 3.96514E-1 4.03662E-1 3.39417E-1 3.07476E-1 3.24904E-1 3.63722E-1 3.36162E-1 2.08569E-1 4.062E-1 4.56729E-1 4.29767E-1 4.30823E-1 3.92673E-1 1.21288E-1
2.96396E-1 3.27777E-1 2.58144E-1 2.22911E-1 3.99693E-1 4.85238E-1 4.92231E-1 4.8898E-1 4.83452E-1 5.00425E-1 5.57615E-1 5.4215E-1 5.4378E-1 5.66438E-1 4.86564E-1 5.52718E-1 3.18247E-1 4.08948E-1 5.22748E-1 5.22055E-1 4.92918E-1 4.34696E-1 4.96037E-1 5.49793E-1 5.28005E-1 3.87754E-1 3.80342E-1 3.5057E-1 3.90104E-1 2.07704E-1 3.86838E-1 3.88667E-1 3.83996E-1 4.03628E-1 4.2674E-1 3.9095E-1 2.49256E-1 3.31271E-1 3.40504E-1 3.7136E-1 3.15721E-1 2.23134E-1 2.52246E-1 3.40756E-1 3.85151E-1 3.25179E-1 3.59019E-1 3.60962E-1 4.04594E-1 3.40709E-1 3.38049E-1 3.69294E-1 3.42978E-1 3.50207E-1 4.10711E-1 4.75197E-1 4.37941E-1 4.64783E-1 2.66871E-1 2.1639E-1
2.79362E-1 3.09734E-1 1.50623E-1 3.48103E-1 3.6961E-1 4.88074E-1 4.59852E-1 4.77644E-1 4.99375E-1 5.11702E-1 5.73006E-1 5.48438E-1 3.55235E-1 4.71152E-1 2.39441E-1 4.65207E-1 5.32084E-1 5.0988E-1 6.25453E-1 5.5506E-1 5.20943E-1 4.16161E-1 4.69528E-1 5.56647E-1 4.99836E-1 3.04201E-1 3.02078E-1 3.85241E-1 2.74261E-1 3.20472E-1 3.82213E-1 3.57082E-1 3.84839E-1 3.70313E-1 4.15139E-1 3.91867E-1 4.05216E-1 2.63964E-1 3.57822E-1 4.12174E-1 3.51222E-1 2.64668E-1 2.37261E-1 3.27355E-1 3.68406E-1 3.21644E-1 3.60315E-1 4.09005E-1 3.02032E-1 3.51218E-1 3.43234E-1 3.54244E-1 3.65095E-1 3.32611E-1 3.66946E-1 4.3812E-1 4.47185E-1 2.51242E-1 3.62073E-1 1.97445E-1
2.64343E-1 2.96957E-1 3.88362E-1 3.17412E-1 2.85664E-1 4.94373E-1 4.85816E-1 5.03571E-1 5.05499E-1 4.2099E-1 5.81033E-1 5.71699E-1 5.57258E-1 5.82032E-1 3.50561E-1 5.47927E-1 5.62788E-1 5.35559E-1 5.73837E-1 5.15247E-1 4.28639E-1 3.47239E-1 5.64216E-1 5.04285E-1 4.31078E-1 3.91593E-1 3.75487E-1 4.04622E-1 3.00326E-1 3.25266E-1 3.76909E-1 3.25848E-1 3.44692E-1 3.55129E-1 3.70524E-1 3.66135E-1 4.1441E-1 3.85398E-1 3.47738E-1 3.92205E-1 3.80135E-1 3.5339E-1 2.69402E-1 3.03764E-1 3.40769E-1 2.96567E-1 3.32933E-1 4.13443E-1 4.17303E-1 3.84276E-1 3.5189E-1 3.53595E-1 3.74261E-1 3.33831E-1 3.55348E-1 3.7333E-1 2.73692E-1 3.0499E-1 2.03399E-1 1.48888E-1
