Phytophthora/models/20240429_1812_56/Phytophthora_PA1_RUN6_MAXENT_outputs/Phytophthora_PA1_RUN6.asc
ncols         225
nrows         269
xllcorner     473000.0
yllcorner     4429100.0
cellsize      50.0
NODATA_value  -9999
[rows 135 to 161 of 269, columns 0 to 59 of 225]
-9999 -9999 -9999 -9999 -9999 -9999 -9999 -9999 -9999 -9999 3.73284E-1 4.2659E-1 3.51616E-1 3.92634E-1 3.80999E-1 4.2565E-1 5.09948E-1 4.61553E-1 3.52586E-1 4.93905E-1 5.38959E-1 5.70462E-1 5.48782E-1 4.69787E-1 4.06489E-1 2.72031E-1 2.78757E-1 2.95298E-1 2.72974E-1 1.34366E-1 1.28404E-1 3.8948E-1 3.98522E-1 1.09003E-1 1.13743E-1 7.34027E-2 1.17855E-1 1.62045E-1 2.05699E-1 2.62985E-1 3.53672E-1 3.68695E-1 3.49465E-1 3.54323E-1 3.57934E-1 2.85746E-1 2.8974E-1 2.4187E-1 2.21313E-1 1.44629E-1 3.08371E-1 3.17545E-1 2.78938E-1 2.33587E-1 2.12055E-1 2.37429E-1 2.00418E-1 1.99091E-1 2.65752E-1 2.97293E-1
-9999 -9999 -9999 -9999 -9999 -9999 -9999 -9999 -9999 -9999 3.63952E-1 5.50327E-1 3.27977E-1 4.55448E-1 4.25673E-1 4.26109E-1 3.31478E-1 4.26272E-1 5.29961E-1 5.64123E-1 6.20996E-1 6.58876E-1 6.39524E-1 5.29654E-1 4.12635E-1 2.22821E-1 2.14447E-1 2.08599E-1 2.34575E-1 2.47501E-1 2.65037E-1 1.79928E-1 -9999 -9999 1.08793E-1 1.20621E-1 1.47505E-1 1.6291E-1 2.0925E-1 2.01552E-1 4.0993E-1 4.03397E-1 4.23292E-1 4.76509E-1 4.47249E-1 2.73996E-1 2.39996E-1 2.06065E-1 1.41848E-1 2.81006E-1 4.15544E-1 3.22912E-1 3.78326E-1 3.53958E-1 3.07012E-1 2.53512E-1 2.13442E-1 2.29612E-1 2.76543E-1 2.00823E-1
-9999 -9999 -9999 -9999 -9999 -9999 -9999 -9999 -9999 -9999 4.90273E-1 4.23879E-1 3.88541E-1 3.85761E-1 4.0514E-1 4.04839E-1 3.72682E-1 3.35594E-1 5.60801E-1 5.81011E-1 6.76994E-1 7.09162E-1 5.94169E-1 5.2569E-1 4.66556E-1 2.40417E-1 2.20607E-1 2.22026E-1 2.4451E-1 2.79096E-1 2.80758E-1 2.81266E-1 -9999 1.49468E-1 1.63257E-1 1.82594E-1 2.14391E-1 2.58009E-1 3.42352E-1 2.00458E-1 4.06227E-1 4.17134E-1 4.72408E-1 3.40506E-1 3.53732E-1 1.75533E-1 1.35307E-1 1.32043E-1 2.63982E-1 2.83923E-1 4.34496E-1 3.3348E-1 3.87969E-1 3.65635E-1 3.14163E-1 2.65406E-1 2.39292E-1 2.50451E-1 2.92178E-1 3.89402E-1
-9999 -9999 -9999 -9999 -9999 -9999 -9999 -9999 -9999 -9999 3.98393E-1 3.47602E-1 3.4942E-1 3.6761E-1 3.71156E-1 4.08661E-1 3.22198E-1 5.57581E-1 3.79895E-1 5.81855E-1 5.88809E-1 6.10969E-1 3.62392E-1 5.28072E-1 4.91155E-1 2.77341E-1 2.70812E-1 2.89216E-1 2.99931E-1 3.17367E-1 3.09956E-1 2.99748E-1 2.72194E-1 2.23234E-1 2.24683E-1 2.51971E-1 2.7373E-1 2.30955E-1 3.50457E-1 3.62257E-1 3.46605E-1 4.66928E-1 3.77373E-1 3.32369E-1 2.52261E-1 1.87484E-1 2.32622E-1 2.57271E-1 2.63053E-1 2.75821E-1 4.35641E-1 4.27623E-1 3.81213E-1 3.68789E-1 3.37947E-1 2.97754E-1 2.64409E-1 2.69655E-1 3.11149E-1 3.58551E-1
-9999 -9999 -9999 -9999 -9999 -9999 -9999 -9999 -9999 -9999 2.89438E-1 3.27629E-1 3.82348E-1 4.03237E-1 4.16373E-1 4.24512E-1 2.93809E-1 5.48861E-1 5.64089E-1 5.82337E-1 6.17518E-1 5.37446E-1 5.35213E-1 5.52764E-1 4.88096E-1 2.07798E-1 2.74063E-1 2.98996E-1 1.59616E-1 2.60031E-1 1.71064E-1 2.89654E-1 2.93144E-1 3.17804E-1 3.24585E-1 3.16128E-1 2.21732E-1 3.38087E-1 3.58765E-1 2.97385E-1 3.93993E-1 4.75878E-1 4.71664E-1 3.27251E-1 2.60502E-1 2.04789E-1 2.53174E-1 2.42917E-1 2.36417E-1 2.71242E-1 4.36168E-1 3.79613E-1 4.00868E-1 3.74916E-1 3.69289E-1 3.21477E-1 2.86104E-1 2.87946E-1 3.34347E-1 3.74029E-1
-9999 -9999 -9999 -9999 -9999 -9999 -9999 -9999 -9999 -9999 2.63113E-1 2.97282E-1 3.74799E-1 4.19992E-1 4.59667E-1 4.6146E-1 5.61002E-1 5.57609E-1 3.92455E-1 5.92148E-1 6.61374E-1 5.94216E-1 5.52028E-1 5.57378E-1 4.82175E-1 2.95698E-1 3.02394E-1 3.34916E-1 3.32072E-1 3.22479E-1 3.16471E-1 2.39337E-1 2.54053E-1 2.35524E-1 3.37408E-1 3.40841E-1 3.38602E-1 3.35902E-1 2.30025E-1 3.52433E-1 4.25878E-1 4.64758E-1 3.89045E-1 2.76428E-1 2.37536E-1 1.88257E-1 2.23075E-1 2.10549E-1 2.0515E-1 2.59449E-1 4.31662E-1 4.37625E-1 3.8556E-1 3.03283E-1 3.69337E-1 3.25161E-1 2.83039E-1 3.01579E-1 3.49357E-1 3.74184E-1
-9999 -9999 -9999 -9999 -9999 -9999 -9999 -9999 -9999 -9999 2.66064E-1 2.88477E-1 3.72985E-1 4.07064E-1 4.36364E-1 4.63541E-1 5.44336E-1 5.63739E-1 5.99219E-1 6.13456E-1 6.25748E-1 5.40905E-1 4.8952E-1 4.68949E-1 4.4333E-1 4.14772E-1 4.2393E-1 4.42099E-1 4.0749E-1 3.82936E-1 2.99354E-1 3.06707E-1 3.13408E-1 3.20467E-1 2.50173E-1 4.16982E-1 4.10899E-1 4.06884E-1 4.53381E-1 4.15477E-1 4.38261E-1 4.07276E-1 3.11802E-1 2.70514E-1 2.87986E-1 3.10244E-1 3.17342E-1 3.04501E-1 3.18658E-1 3.94015E-1 5.29534E-1 5.56596E-1 4.98801E-1 4.98387E-1 4.63352E-1 3.18518E-1 2.76529E-1 3.06419E-1 3.53308E-1 3.76089E-1
-9999 -9999 -9999 -9999 -9999 -9999 -9999 -9999 -9999 -9999 2.10625E-1 2.6294E-1 3.91677E-1 4.16173E-1 4.65866E-1 4.83446E-1 5.07593E-1 5.3854E-1 3.73607E-1 6.43089E-1 5.97725E-1 3.50492E-1 4.64512E-1 4.79538E-1 5.01278E-1 4.58715E-1 4.13336E-1 4.17515E-1 4.19379E-1 3.84193E-1 2.83727E-1 3.00496E-1 3.08131E-1 3.22657E-1 3.66908E-1 4.18512E-1 4.08209E-1 3.19324E-1 4.57023E-1 4.48844E-1 3.98096E-1 3.62898E-1 2.87491E-1 2.68239E-1 2.76915E-1 2.91088E-1 2.74391E-1 2.62994E-1 2.99809E-1 4.23614E-1 4.91334E-1 5.15729E-1 4.5164E-1 4.75585E-1 4.28103E-1 2.93117E-1 2.68767E-1 3.08499E-1 3.45293E-1 3.58512E-1
-9999 -9999 -9999 -9999 -9999 -9999 -9999 -9999 -9999 7.23587E-4 1.72566E-1 2.57002E-1 3.28974E-1 3.40296E-1 4.11139E-1 4.34959E-1 4.70224E-1 3.878E-1 5.51705E-1 5.30963E-1 5.30177E-1 5.01685E-1 4.96701E-1 4.82565E-1 5.19367E-1 4.71404E-1 3.98454E-1 3.76066E-1 3.82454E-1 3.37688E-1 2.55489E-1 2.65919E-1 2.76876E-1 3.19603E-1 3.83275E-1 3.02956E-1 4.04625E-1 4.06097E-1 4.52851E-1 4.29512E-1 3.65537E-1 3.58384E-1 3.26301E-1 3.15039E-1 3.15671E-1 3.38146E-1 3.17143E-1 2.9065E-1 3.24105E-1 3.86459E-1 4.44729E-1 4.2153E-1 4.39187E-1 4.41274E-1 3.83659E-1 2.63663E-1 2.64254E-1 3.05676E-1 3.43778E-1 3.655E-1
-9999 -9999 -9999 -9999 -9999 -9999 -9999 -9999 -9999 5.80751E-4 1.70985E-1 2.58637E-1 3.15763E-1 3.28692E-1 3.55689E-1 3.96851E-1 4.24655E-1 2.84011E-1 5.61246E-1 4.96682E-1 4.59617E-1 4.7386E-1 4.90841E-1 5.3736E-1 5.59266E-1 4.26932E-1 3.95087E-1 4.36276E-1 4.07432E-1 3.478E-1 2.22435E-1 2.29188E-1 2.61915E-1 3.16601E-1 3.77343E-1 4.08639E-1 3.74134E-1 4.06845E-1 4.51379E-1 4.1097E-1 3.51515E-1 3.50454E-1 3.56582E-1 3.54334E-1 3.56921E-1 3.81941E-1 3.73971E-1 3.67203E-1 3.35745E-1 3.42444E-1 3.9511E-1 3.59577E-1 4.07371E-1 4.00334E-1 3.52734E-1 2.57594E-1 2.74928E-1 3.10265E-1 3.44613E-1 3.64703E-1
-9999 -9999 -9999 -9999 -9999 -9999 -9999 -9999 -9999 5.30274E-4 1.56479E-1 2.26943E-1 2.52907E-1 2.68667E-1 3.01494E-1 3.509E-1 3.96497E-1 4.06685E-1 5.01749E-1 4.1387E-1 4.22354E-1 4.25671E-1 4.16439E-1 4.23683E-1 4.08764E-1 2.83103E-1 3.96578E-1 4.55886E-1 4.43454E-1 3.87735E-1 2.67223E-1 2.39226E-1 2.75536E-1 3.18797E-1 3.62799E-1 3.99973E-1 3.11449E-1 4.24749E-1 4.38503E-1 3.91036E-1 3.61589E-1 3.81492E-1 3.64683E-1 3.51321E-1 3.94339E-1 4.40351E-1 4.57455E-1 4.14305E-1 3.58774E-1 3.80087E-1 3.93013E-1 4.05368E-1 4.77408E-1 5.04016E-1 4.18234E-1 3.06206E-1 2.91915E-1 3.14183E-1 3.53496E-1 3.6435E-1
-9999 -9999 -9999 -9999 -9999 -9999 -9999 -9999 6.42186E-2 8.30839E-2 1.39618E-1 1.79385E-1 2.09608E-1 2.32835E-1 2.24239E-1 2.24906E-1 2.25986E-1 3.96015E-1 3.43531E-1 3.47835E-1 3.22069E-1 3.29619E-1 3.24072E-1 3.04848E-1 3.32929E-1 3.84946E-1 2.84622E-1 4.59085E-1 4.74618E-1 4.3332E-1 3.59548E-1 3.17707E-1 3.65719E-1 3.7148E-1 3.76036E-1 3.46463E-1 4.15479E-1 4.64077E-1 4.28408E-1 3.88145E-1 4.21316E-1 4.25308E-1 4.10079E-1 4.29759E-1 5.0008E-1 5.89527E-1 5.54301E-1 5.08574E-1 4.90988E-1 4.67083E-1 4.27999E-1 4.78671E-1 5.27956E-1 5.36775E-1 4.74682E-1 4.4366E-1 4.26683E-1 4.0105E-1 4.3888E-1 4.73369E-1
-9999 -9999 -9999 -9999 -9999 -9999 -9999 -9999 8.30728E-2 8.11262E-2 1.56028E-1 1.13602E-1 1.32319E-1 1.26967E-1 1.55339E-1 1.21252E-1 2.11032E-1 2.4082E-1 3.31224E-1 3.71473E-1 3.42283E-1 3.66287E-1 4.01107E-1 4.33061E-1 4.44266E-1 4.2374E-1 4.55209E-1 3.5714E-1 4.68633E-1 4.55615E-1 4.05717E-1 3.95491E-1 4.0496E-1 3.72024E-1 3.67582E-1 4.33074E-1 4.36057E-1 4.44576E-1 3.99317E-1 3.59061E-1 4.14993E-1 3.8996E-1 4.19582E-1 4.48287E-1 5.35456E-1 5.30307E-1 5.5297E-1 5.11862E-1 4.95565E-1 4.97814E-1 4.55252E-1 5.39825E-1 5.60433E-1 5.13051E-1 4.84716E-1 4.63347E-1 4.53983E-1 4.27187E-1 4.17829E-1 4.44818E-1
-9999 -9999 -9999 -9999 -9999 -9999 -9999 -9999 9.06649E-2 8.99625E-2 1.17776E-1 1.59271E-1 9.0806E-2 8.10587E-2 8.3691E-2 1.07283E-1 9.93182E-2 1.81928E-1 3.27277E-1 3.95106E-1 3.75554E-1 4.0374E-1 4.46214E-1 4.48008E-1 4.75251E-1 4.60229E-1 2.90921E-1 4.65122E-1 3.56409E-1 4.51587E-1 4.22505E-1 4.23506E-1 3.78454E-1 2.15381E-1 3.87098E-1 4.68539E-1 4.43244E-1 4.30584E-1 3.84682E-1 3.72738E-1 3.87522E-1 4.16076E-1 4.41936E-1 5.18148E-1 5.1817E-1 5.31304E-1 5.87758E-1 5.24713E-1 5.35622E-1 5.62985E-1 5.60187E-1 5.63534E-1 5.62891E-1 3.6296E-1 4.15245E-1 4.52781E-1 4.65187E-1 4.42584E-1 4.02017E-1 4.00001E-1
-9999 -9999 -9999 -9999 -9999 -9999 -9999 9.5148E-2 6.87229E-2 1.36702E-1 1.29917E-1 1.27193E-1 1.40052E-1 1.4284E-1 1.17916E-1 9.90122E-2 1.52765E-1 4.39378E-1 2.68358E-1 3.61725E-1 3.63905E-1 3.85152E-1 3.69317E-1 3.99556E-1 4.68586E-1 4.63877E-1 4.65557E-1 4.70785E-1 4.67052E-1 2.88052E-1 4.27003E-1 4.28373E-1 3.19401E-1 3.83063E-1 4.26717E-1 4.66543E-1 4.38637E-1 4.03338E-1 3.61483E-1 3.80841E-1 4.02638E-1 4.84522E-1 5.16256E-1 4.43277E-1 4.83194E-1 5.46903E-1 5.71801E-1 5.38305E-1 5.75693E-1 5.86319E-1 5.632E-1 5.6291E-1 5.50051E-1 4.92462E-1 4.80897E-1 4.55173E-1 4.63114E-1 4.3631E-1 3.96845E-1 3.56399E-1
-9999 -9999 -9999 -9999 -9999 -9999 -9999 9.35254E-2 9.71857E-2 1.22115E-1 1.40302E-1 2.01484E-1 2.68749E-1 2.59545E-1 2.5394E-1 2.35247E-1 3.40254E-1 3.91161E-1 2.81613E-1 3.31623E-1 3.12842E-1 3.17878E-1 3.01532E-1 3.7132E-1 4.3043E-1 4.36654E-1 4.59632E-1 4.80521E-1 2.86755E-1 4.7591E-1 4.35481E-1 4.11032E-1 3.79061E-1 4.13644E-1 4.11965E-1 4.39366E-1 4.08064E-1 3.68355E-1 3.6311E-1 3.88019E-1 4.32501E-1 4.38136E-1 4.77737E-1 3.98471E-1 4.95947E-1 3.47898E-1 3.94786E-1 4.13038E-1 5.39542E-1 3.87642E-1 3.91206E-1 5.64909E-1 5.58426E-1 4.9089E-1 4.74416E-1 4.48297E-1 4.41186E-1 4.1965E-1 3.81908E-1 3.7473E-1
-9999 -9999 -9999 -9999 -9999 -9999 -9999 7.44775E-2 1.64333E-1 2.28777E-1 2.851E-1 3.74017E-1 4.46564E-1 4.45043E-1 4.7326E-1 4.47603E-1 4.33961E-1 4.66843E-1 3.35217E-1 3.70951E-1 3.82494E-1 4.08171E-1 4.08095E-1 4.79877E-1 4.77497E-1 4.78119E-1 5.2663E-1 5.62326E-1 5.71839E-1 5.63278E-1 5.39776E-1 5.37926E-1 5.34853E-1 5.2099E-1 4.70055E-1 4.67559E-1 4.30018E-1 4.4119E-1 4.14062E-1 4.59611E-1 5.68017E-1 5.74288E-1 5.98107E-1 4.56274E-1 6.26701E-1 6.63794E-1 7.0482E-1 7.1028E-1 7.11193E-1 6.97554E-1 6.42186E-1 6.44193E-1 5.947E-1 5.32959E-1 5.10964E-1 4.9771E-1 4.90694E-1 4.69702E-1 4.33605E-1 4.53437E-1
-9999 -9999 -9999 -9999 -9999 -9999 1.52592E-1 1.71636E-1 2.3439E-1 3.35888E-1 3.9581E-1 4.40091E-1 4.95726E-1 5.17264E-1 5.41556E-1 5.12438E-1 5.00008E-1 5.50735E-1 4.07126E-1 3.70549E-1 3.57563E-1 3.85156E-1 3.99575E-1 4.22122E-1 4.338E-1 4.57178E-1 5.03393E-1 5.36138E-1 5.73672E-1 5.83803E-1 5.46283E-1 4.46918E-1 5.46693E-1 5.11254E-1 4.28281E-1 4.24507E-1 3.88085E-1 2.8116E-1 4.07465E-1 4.71401E-1 5.76859E-1 5.61377E-1 4.86029E-1 6.10462E-1 6.49562E-1 6.73231E-1 7.06112E-1 7.14813E-1 7.1718E-1 6.97699E-1 6.4398E-1 6.28837E-1 5.89273E-1 5.30141E-1 4.60396E-1 4.54731E-1 4.43971E-1 4.24389E-1 4.21691E-1 2.78898E-1
-9999 -9999 -9999 -9999 -9999 -9999 1.31101E-1 3.59568E-1 3.89183E-1 4.92989E-1 5.08072E-1 5.34957E-1 5.83933E-1 6.151E-1 6.24693E-1 5.62829E-1 5.64728E-1 6.08925E-1 5.18507E-1 4.84118E-1 4.41071E-1 3.97046E-1 3.64232E-1 3.35113E-1 3.95918E-1 4.15913E-1 4.63117E-1 4.82506E-1 5.19944E-1 5.84507E-1 5.5043E-1 4.80334E-1 5.50744E-1 4.87778E-1 4.20542E-1 4.40449E-1 3.76645E-1 3.28859E-1 4.13441E-1 4.55354E-1 5.89776E-1 5.62073E-1 6.25296E-1 6.42887E-1 6.74319E-1 7.07748E-1 7.11182E-1 7.12854E-1 5.85105E-1 6.67873E-1 6.36954E-1 5.83305E-1 5.82769E-1 5.28695E-1 4.10306E-1 4.10955E-1 3.85297E-1 3.8489E-1 4.36588E-1 3.81598E-1
-9999 -9999 -9999 -9999 -9999 -9999 -9999 3.32504E-1 4.71533E-1 5.41713E-1 5.05573E-1 5.52481E-1 5.86206E-1 6.2887E-1 6.45949E-1 6.07661E-1 6.39684E-1 6.3278E-1 5.49332E-1 5.41212E-1 4.83654E-1 4.19559E-1 3.07719E-1 2.30079E-1 3.3594E-1 3.59016E-1 4.19072E-1 4.5045E-1 5.15788E-1 5.66198E-1 5.52232E-1 5.06668E-1 5.40045E-1 4.88556E-1 4.6356E-1 4.5091E-1 3.21904E-1 3.7464E-1 4.32474E-1 4.78701E-1 6.08676E-1 6.22393E-1 6.41566E-1 6.41318E-1 6.81855E-1 6.79755E-1 6.89122E-1 7.14203E-1 7.03399E-1 6.48435E-1 6.04494E-1 5.87247E-1 5.65603E-1 3.041E-1 4.28494E-1 3.85322E-1 3.87665E-1 4.09036E-1 4.61899E-1 4.04158E-1
-9999 -9999 -9999 -9999 -9999 -9999 -9999 3.64346E-1 4.97483E-1 5.63215E-1 5.23702E-1 5.61176E-1 6.15151E-1 6.68056E-1 5.75822E-1 6.0727E-1 6.54078E-1 6.2541E-1 5.95044E-1 5.96167E-1 5.38646E-1 4.49992E-1 3.65571E-1 3.01069E-1 2.92733E-1 3.11869E-1 3.69429E-1 4.44716E-1 5.05521E-1 5.40973E-1 5.22484E-1 5.44215E-1 5.23844E-1 5.10944E-1 4.95429E-1 2.97511E-1 3.68798E-1 4.67345E-1 4.84979E-1 3.06742E-1 6.45398E-1 6.57583E-1 6.28913E-1 6.15468E-1 6.81094E-1 7.0665E-1 7.11304E-1 7.09876E-1 6.71051E-1 6.10886E-1 5.35798E-1 5.11623E-1 4.82696E-1 4.85825E-1 3.49454E-1 4.37247E-1 4.2903E-1 4.50683E-1 5.24617E-1 4.74152E-1
-9999 -9999 -9999 -9999 -9999 -9999 -9999 -9999 3.06647E-1 4.98412E-1 4.15115E-1 4.42315E-1 5.23299E-1 6.15118E-1 6.72443E-1 7.79751E-1 7.73817E-1 6.93483E-1 7.68889E-1 7.41701E-1 5.49684E-1 4.69855E-1 4.25448E-1 3.59897E-1 3.75663E-1 3.62917E-1 4.1208E-1 4.65129E-1 5.29651E-1 5.75776E-1 6.27971E-1 6.34179E-1 6.26146E-1 6.33701E-1 4.60353E-1 4.31861E-1 5.1801E-1 5.84291E-1 4.78738E-1 6.18095E-1 6.56836E-1 6.26337E-1 5.81092E-1 5.6972E-1 6.14311E-1 5.75671E-1 6.20925E-1 5.74814E-1 5.44788E-1 5.38165E-1 5.70734E-1 5.45143E-1 5.40119E-1 5.66562E-1 3.59293E-1 5.09994E-1 4.54001E-1 4.72949E-1 4.44354E-1 4.80036E-1
-9999 -9999 -9999 -9999 -9999 -9999 -9999 -9999 3.89675E-1 3.91813E-1 2.836E-1 3.81911E-1 5.13078E-1 6.01166E-1 6.80298E-1 7.71849E-1 7.58246E-1 7.75796E-1 7.79827E-1 7.25456E-1 5.50928E-1 5.01016E-1 4.26873E-1 3.99959E-1 4.37247E-1 4.21197E-1 4.5906E-1 5.0224E-1 5.58139E-1 6.02909E-1 6.29797E-1 6.34157E-1 6.33472E-1 5.23677E-1 3.79174E-1 5.65589E-1 5.74544E-1 6.04719E-1 6.1708E-1 6.4789E-1 6.28754E-1 5.95674E-1 5.52714E-1 5.00558E-1 5.46966E-1 5.18105E-1 5.75251E-1 5.60517E-1 5.09988E-1 4.89545E-1 5.2059E-1 5.28888E-1 5.84127E-1 5.84749E-1 6.35663E-1 5.38822E-1 4.91646E-1 3.22278E-1 4.6621E-1 3.70753E-1
-9999 -9999 -9999 -9999 -9999 -9999 -9999 -9999 2.12705E-1 2.52918E-1 3.01464E-1 4.04411E-1 5.14711E-1 5.81685E-1 6.42403E-1 7.43578E-1 7.49684E-1 7.70333E-1 7.43949E-1 6.76151E-1 5.03645E-1 4.76761E-1 4.16543E-1 4.49464E-1 4.90098E-1 4.75666E-1 5.1265E-1 5.44993E-1 5.98243E-1 6.42412E-1 6.34244E-1 6.11867E-1 6.2345E-1 4.65941E-1 4.47628E-1 5.77452E-1 6.13913E-1 6.31319E-1 6.32899E-1 6.00882E-1 6.13647E-1 5.5457E-1 5.07045E-1 4.49326E-1 4.85757E-1 4.59032E-1 5.04302E-1 5.02403E-1 4.95793E-1 4.96105E-1 5.51487E-1 5.57606E-1 6.54092E-1 6.59159E-1 6.75228E-1 4.16092E-1 3.75157E-1 4.07557E-1 3.03905E-1 2.51041E-1
-9999 -9999 -9999 -9999 -9999 -9999 -9999 -9999 -9999 2.70944E-1 3.23362E-1 3.90463E-1 5.11834E-1 5.49742E-1 5.81145E-1 7.12835E-1 7.31338E-1 7.35893E-1 6.84985E-1 6.45856E-1 4.85682E-1 4.56723E-1 4.28643E-1 4.88798E-1 5.32321E-1 5.22426E-1 5.58613E-1 5.86736E-1 6.08881E-1 6.45253E-1 6.25746E-1 5.80242E-1 5.84585E-1 5.33546E-1 5.00737E-1 6.12366E-1 6.52929E-1 5.92709E-1 5.56688E-1 5.70019E-1 6.08539E-1 5.13468E-1 4.56502E-1 3.83976E-1 4.03276E-1 3.86022E-1 4.08692E-1 4.23022E-1 4.3102E-1 4.96762E-1 6.05924E-1 6.45563E-1 6.76386E-1 7.09061E-1 6.73455E-1 3.63132E-1 3.67252E-1 3.00472E-1 2.4664E-1 3.3237E-1
-9999 -9999 -9999 -9999 -9999 -9999 -9999 -9999 -9999 3.89548E-1 4.0387E-1 5.01967E-1 5.61724E-1 6.00625E-1 6.2892E-1 7.35001E-1 7.30973E-1 7.28517E-1 6.86604E-1 6.38938E-1 5.20135E-1 4.79565E-1 4.58431E-1 5.13904E-1 5.61297E-1 5.54375E-1 5.98202E-1 6.04926E-1 6.04678E-1 5.68873E-1 6.17439E-1 4.22217E-1 5.18395E-1 5.69441E-1 5.50566E-1 5.68216E-1 4.8747E-1 4.4736E-1 5.16761E-1 5.40861E-1 5.77337E-1 4.88445E-1 4.3005E-1 3.68151E-1 3.92963E-1 3.80565E-1 3.93349E-1 3.76366E-1 3.98591E-1 5.18862E-1 6.28182E-1 6.72083E-1 7.01855E-1 7.0917E-1 5.06774E-1 3.4107E-1 2.69384E-1 2.72396E-1 5.25129E-1 5.40397E-1
-9999 -9999 -9999 -9999 -9999 -9999 -9999 -9999 -9999 4.11132E-1 4.43488E-1 4.73538E-1 5.56831E-1 6.51432E-1 6.88507E-1 7.62478E-1 7.44121E-1 7.58178E-1 7.11158E-1 6.9129E-1 6.00514E-1 5.18571E-1 5.17816E-1 5.7938E-1 6.25964E-1 6.39867E-1 6.7222E-1 5.29754E-1 6.62756E-1 6.78918E-1 5.73446E-1 5.46671E-1 4.31568E-1 4.11531E-1 5.13147E-1 5.58504E-1 4.21684E-1 4.69473E-1 5.39086E-1 5.4906E-1 5.18439E-1 4.68672E-1 4.36461E-1 4.32396E-1 4.88555E-1 5.35734E-1 5.41147E-1 5.37545E-1 5.28962E-1 5.51841E-1 5.60343E-1 6.20158E-1 6.93311E-1 6.88811E-1 4.84473E-1 4.76266E-1 4.01837E-1 3.46139E-1 5.45805E-1 5.81436E-1
