Phytophthora/models/20240429_1812_56/Phytophthora_PA1_RUN6_MAXENT_outputs/Phytophthora_PA1_RUN6.asc
ncols         225
nrows         269
xllcorner     473000.0
yllcorner     4429100.0
cellsize      50.0
NODATA_value  -9999
[rows 108 to 134 of 269, columns 0 to 59 of 225]
-9999 -9999 -9999 -9999 -9999 -9999 -9999 -9999 -9999 -9999 -9999 1.3188E-1 1.33808E-1 1.75639E-1 1.83705E-1 1.46234E-1 1.32968E-1 1.10235E-1 1.02311E-1 1.19211E-1 1.5624E-1 1.93256E-1 1.91914E-1 1.63535E-1 1.16999E-1 1.29628E-1 1.25572E-1 1.23378E-1 1.35767E-1 1.35328E-1 1.07945E-1 9.71907E-2 9.45188E-2 9.63679E-2 9.28084E-2 5.3066E-2 6.23363E-2 6.01233E-2 3.35321E-2 5.50257E-2 3.73885E-2 3.66199E-2 3.68449E-2 4.0135E-2 5.00204E-2 7.53452E-2 6.33576E-2 6.38435E-2 5.29192E-2 8.03928E-2 5.98307E-2 5.83493E-2 5.25208E-2 6.13375E-2 4.99896E-2 5.27907E-2 5.37194E-2 7.77406E-2 9.53571E-2 9.14854E-2
-9999 -9999 -9999 -9999 -9999 -9999 -9999 -9999 -9999 -9999 1.13572E-1 1.34313E-1 1.53932E-1 1.89911E-1 1.87319E-1 1.27553E-1 1.09117E-1 9.41918E-2 1.1231E-1 1.32483E-1 1.69289E-1 1.91451E-1 7.98612E-2 1.39688E-1 1.08361E-1 1.18781E-1 1.20844E-1 1.19735E-1 1.3313E-1 1.09704E-1 8.26243E-2 9.60802E-2 1.11448E-1 1.15878E-1 1.07432E-1 6.17967E-2 6.53118E-2 5.99772E-2 3.01523E-2 2.85392E-2 3.64075E-2 3.60153E-2 3.83305E-2 4.06759E-2 5.86577E-2 1.06334E-1 9.50807E-2 7.21333E-2 3.50509E-2 8.44939E-2 6.0974E-2 6.27535E-2 7.501E-2 6.92033E-2 5.08323E-2 6.59483E-2 5.55328E-2 9.34984E-2 9.53169E-2 6.95864E-2
-9999 -9999 -9999 -9999 -9999 -9999 -9999 -9999 -9999 -9999 1.39217E-1 1.53334E-1 2.00063E-1 2.19021E-1 1.93689E-1 1.25174E-1 9.79132E-2 1.06679E-1 1.2442E-1 1.45657E-1 1.87566E-1 1.16923E-1 1.42514E-1 1.20861E-1 1.1572E-1 1.24898E-1 1.22082E-1 1.10842E-1 1.07648E-1 9.00515E-2 9.33604E-2 1.10088E-1 1.30336E-1 1.35557E-1 1.22953E-1 6.67611E-2 6.55701E-2 6.09086E-2 5.99822E-2 5.59715E-2 1.98017E-2 3.54312E-2 1.52634E-2 2.17142E-2 4.80047E-2 1.09693E-1 1.13239E-1 8.70561E-2 6.29796E-2 9.34321E-2 5.57908E-2 6.63143E-2 8.30324E-2 7.51611E-2 5.6988E-2 7.82488E-2 8.0733E-2 8.66156E-2 6.75762E-2 5.92635E-2
-9999 -9999 -9999 -9999 -9999 -9999 -9999 -9999 -9999 3.12335E-1 3.97081E-1 4.25626E-1 3.71293E-1 5.14272E-1 4.65235E-1 3.43337E-1 3.23733E-1 3.5646E-1 3.8766E-1 3.55465E-1 1.80984E-1 1.86068E-1 1.49483E-1 1.35617E-1 1.28009E-1 1.01946E-1 1.0049E-1 1.0338E-1 1.18798E-1 1.47462E-1 3.91079E-1 4.24625E-1 4.41656E-1 4.44389E-1 4.61676E-1 3.54807E-1 4.45297E-1 4.24542E-1 4.05394E-1 3.34172E-1 5.88764E-2 4.86701E-2 8.52336E-2 8.86139E-2 4.2639E-2 1.05654E-1 1.38895E-1 1.2202E-1 1.10898E-1 1.38169E-1 1.48374E-1 1.2829E-1 1.8114E-1 1.77417E-1 1.25016E-1 9.56206E-2 8.22995E-2 5.8257E-2 5.29781E-2 5.76786E-2
-9999 -9999 -9999 -9999 -9999 -9999 -9999 -9999 2.27555E-1 2.91703E-1 3.61188E-1 3.57329E-1 5.00037E-1 4.77921E-1 4.31097E-1 3.14374E-1 3.43666E-1 4.10108E-1 4.25703E-1 4.18347E-1 1.94155E-1 1.44809E-1 1.25431E-1 1.33317E-1 1.2791E-1 1.11569E-1 1.19655E-1 1.26818E-1 1.45771E-1 1.70178E-1 4.0802E-1 4.37713E-1 4.46822E-1 3.31443E-1 4.8254E-1 4.90301E-1 4.64849E-1 4.12224E-1 3.98752E-1 3.47744E-1 8.97557E-2 6.42869E-2 8.82075E-2 9.08291E-2 9.82076E-2 1.05506E-1 1.22675E-1 1.17059E-1 1.06338E-1 1.02227E-1 1.60639E-1 1.59618E-1 1.83193E-1 1.837E-1 1.46221E-1 9.71341E-2 7.10579E-2 5.04118E-2 5.63706E-2 6.65475E-2
-9999 -9999 -9999 -9999 -9999 -9999 -9999 -9999 2.7883E-1 2.89769E-1 3.7474E-1 4.60906E-1 5.17313E-1 4.61983E-1 3.95567E-1 3.25295E-1 3.63988E-1 4.20231E-1 4.62283E-1 3.00332E-1 1.41843E-1 1.11028E-1 1.18338E-1 1.43993E-1 1.64821E-1 1.46252E-1 1.53925E-1 1.57801E-1 1.66898E-1 1.91925E-1 4.61216E-1 4.43043E-1 4.39053E-1 4.41397E-1 4.96998E-1 4.91479E-1 4.63864E-1 4.34646E-1 4.28411E-1 3.36182E-1 9.44176E-2 8.82094E-2 8.98184E-2 8.58846E-2 9.9115E-2 1.07459E-1 1.13176E-1 1.21767E-1 1.2361E-1 1.00415E-1 1.79548E-1 1.60936E-1 1.83471E-1 1.8285E-1 1.58336E-1 1.05802E-1 6.80124E-2 5.76502E-2 5.94629E-2 7.40682E-2
-9999 -9999 -9999 -9999 -9999 -9999 -9999 -9999 2.8778E-1 2.95235E-1 2.24584E-1 4.65423E-1 4.91957E-1 4.24967E-1 3.67851E-1 3.28885E-1 3.69741E-1 4.06316E-1 2.76795E-1 2.47093E-1 1.14235E-1 1.11457E-1 1.30955E-1 1.51527E-1 1.475E-1 1.32921E-1 1.7124E-1 9.48512E-2 9.90146E-2 1.76831E-1 4.62525E-1 4.39691E-1 3.02853E-1 4.47238E-1 4.95896E-1 4.95822E-1 4.6831E-1 4.39466E-1 4.2743E-1 3.59829E-1 1.01029E-1 9.29699E-2 9.38705E-2 9.45841E-2 1.02032E-1 8.32205E-2 1.0978E-1 1.12587E-1 1.36254E-1 6.68044E-2 1.78797E-1 1.8294E-1 1.82451E-1 1.84642E-1 1.63384E-1 8.68579E-2 7.05689E-2 5.83131E-2 6.38939E-2 9.3191E-2
-9999 -9999 -9999 -9999 -9999 -9999 -9999 2.28053E-1 2.60419E-1 2.99014E-1 4.09577E-1 4.78604E-1 4.55251E-1 3.95446E-1 3.4803E-1 3.38007E-1 3.71413E-1 2.20775E-1 2.08089E-1 2.01167E-1 9.90175E-2 1.20521E-1 1.41881E-1 8.16249E-2 1.88122E-1 1.58409E-1 1.75288E-1 1.61763E-1 1.61934E-1 1.89942E-1 4.55532E-1 4.36789E-1 4.39766E-1 4.63366E-1 5.03936E-1 5.03621E-1 4.68533E-1 4.37868E-1 3.79771E-1 2.40021E-1 6.55836E-2 9.61519E-2 9.45347E-2 9.95429E-2 1.07579E-1 1.06099E-1 1.0728E-1 1.07999E-1 1.34237E-1 1.25704E-1 1.69634E-1 1.835E-1 1.24015E-1 1.84647E-1 1.71275E-1 9.07225E-2 7.22122E-2 6.32437E-2 8.19042E-2 1.08989E-1
-9999 -9999 -9999 -9999 -9999 -9999 1.82523E-1 1.81599E-1 1.94409E-1 1.38322E-1 3.27376E-1 3.76211E-1 3.39135E-1 2.85421E-1 2.73633E-1 3.62773E-1 3.09681E-1 2.31538E-1 2.32017E-1 2.56889E-1 1.79492E-1 2.0231E-1 2.2978E-1 2.93256E-1 2.69368E-1 2.13803E-1 2.1898E-1 2.08198E-1 2.06447E-1 2.25626E-1 3.45653E-1 3.24832E-1 3.17369E-1 3.54431E-1 3.76517E-1 4.45911E-1 3.89525E-1 3.99769E-1 4.01843E-1 4.26767E-1 4.38643E-1 4.07997E-1 4.00728E-1 4.14248E-1 4.36549E-1 4.45464E-1 4.47439E-1 4.58799E-1 5.16372E-1 4.77778E-1 4.47917E-1 4.75137E-1 4.63019E-1 4.32053E-1 4.18357E-1 3.05892E-1 2.62967E-1 2.29074E-1 2.40211E-1 2.61261E-1
-9999 -9999 -9999 -9999 -9999 -9999 -9999 3.0042E-1 3.14855E-1 3.44469E-1 3.89939E-1 3.53375E-1 3.07464E-1 2.69795E-1 2.69112E-1 2.81144E-1 2.39021E-1 2.04005E-1 2.10894E-1 1.84867E-1 1.33608E-1 1.96334E-1 2.923E-1 2.92763E-1 2.55743E-1 1.87108E-1 1.97949E-1 1.91837E-1 1.92114E-1 1.98353E-1 3.03007E-1 2.86754E-1 2.91051E-1 3.20841E-1 3.33322E-1 3.99617E-1 3.49147E-1 3.6168E-1 3.82945E-1 4.15089E-1 4.41187E-1 4.29459E-1 4.31505E-1 4.4314E-1 4.43134E-1 4.39619E-1 3.43828E-1 4.36121E-1 2.42227E-1 4.54767E-1 4.80619E-1 4.8344E-1 4.77803E-1 4.31155E-1 3.93431E-1 2.87385E-1 2.28782E-1 2.15397E-1 2.18823E-1 2.53824E-1
-9999 -9999 -9999 -9999 -9999 -9999 -9999 -9999 3.60816E-1 3.70778E-1 3.73419E-1 3.19292E-1 2.79955E-1 2.54753E-1 2.25215E-1 2.28266E-1 1.93116E-1 2.10474E-1 2.35901E-1 2.77284E-1 1.95038E-1 2.54236E-1 2.86927E-1 2.61964E-1 2.32548E-1 1.48026E-1 1.63141E-1 1.60188E-1 1.6429E-1 1.64289E-1 2.80692E-1 2.62077E-1 2.97079E-1 2.83946E-1 2.56374E-1 2.81823E-1 3.235E-1 3.77223E-1 4.15314E-1 4.31882E-1 4.59148E-1 4.35301E-1 2.63933E-1 4.64518E-1 4.65621E-1 4.47783E-1 4.48544E-1 5.27661E-1 3.90135E-1 4.8049E-1 4.03887E-1 3.03576E-1 3.68357E-1 2.23175E-1 2.7387E-1 2.25613E-1 1.95072E-1 2.36386E-1 2.95836E-1 3.37835E-1
-9999 -9999 -9999 -9999 -9999 -9999 -9999 -9999 -9999 3.53619E-1 3.36659E-1 3.05677E-1 3.04834E-1 2.85714E-1 3.28866E-1 1.58405E-1 2.06617E-1 2.64213E-1 3.14075E-1 3.30755E-1 2.12141E-1 2.45568E-1 2.52581E-1 2.30197E-1 2.01962E-1 1.37647E-1 1.38075E-1 1.3138E-1 1.38076E-1 1.50328E-1 2.71413E-1 2.49211E-1 2.4269E-1 2.52593E-1 2.42044E-1 3.05605E-1 3.41344E-1 3.90047E-1 4.19474E-1 3.14328E-1 4.6125E-1 4.30108E-1 4.48933E-1 4.6408E-1 4.47646E-1 4.35819E-1 4.23634E-1 4.74445E-1 4.86809E-1 4.32896E-1 3.29412E-1 2.62307E-1 1.66912E-1 1.67709E-1 1.54582E-1 1.30115E-1 6.83917E-2 2.16644E-1 2.15144E-1 3.18985E-1
-9999 -9999 -9999 -9999 -9999 -9999 -9999 -9999 -9999 -9999 3.28677E-1 3.41192E-1 3.42081E-1 2.62074E-1 2.34799E-1 1.76501E-1 2.03057E-1 2.53362E-1 2.81623E-1 3.21365E-1 2.20148E-1 2.38371E-1 2.09329E-1 1.95053E-1 1.70816E-1 1.27732E-1 1.4333E-1 1.26008E-1 9.869E-2 1.16854E-1 2.06026E-1 2.0466E-1 2.31989E-1 2.16846E-1 2.35333E-1 3.50539E-1 3.6331E-1 4.1103E-1 4.22287E-1 3.36382E-1 4.63148E-1 4.14624E-1 4.45868E-1 4.29643E-1 3.86472E-1 3.90303E-1 4.48486E-1 4.28302E-1 3.53424E-1 2.8279E-1 2.0079E-1 1.98676E-1 1.73616E-1 1.71188E-1 1.49986E-1 1.82861E-1 2.50111E-1 3.33307E-1 3.68656E-1 3.56482E-1
-9999 -9999 -9999 -9999 -9999 -9999 -9999 -9999 -9999 -9999 -9999 2.94303E-1 3.81169E-1 4.77582E-1 2.83647E-1 1.97079E-1 1.49434E-1 1.77342E-1 2.02508E-1 2.57495E-1 4.06942E-1 3.9657E-1 3.59052E-1 3.39016E-1 3.64506E-1 3.93351E-1 4.31632E-1 3.93163E-1 3.21417E-1 2.63664E-1 2.37026E-1 2.3406E-1 2.68963E-1 2.676E-1 3.21228E-1 4.01623E-1 3.86788E-1 4.35125E-1 4.5209E-1 5.18901E-1 5.08204E-1 4.40419E-1 4.85762E-1 4.65553E-1 3.94919E-1 3.83729E-1 2.84435E-1 3.34391E-1 2.11366E-1 2.03609E-1 2.03659E-1 2.34969E-1 2.23424E-1 2.00209E-1 1.3774E-1 3.1297E-1 3.57436E-1 4.15684E-1 4.22938E-1 4.11827E-1
-9999 -9999 -9999 -9999 -9999 -9999 -9999 -9999 -9999 -9999 -9999 -9999 2.81173E-1 4.62202E-1 3.49013E-1 2.2463E-1 1.55796E-1 1.76873E-1 1.96734E-1 2.66949E-1 4.22736E-1 4.23871E-1 3.87185E-1 3.88444E-1 4.08584E-1 4.33185E-1 4.85413E-1 4.43833E-1 3.92511E-1 2.51083E-1 1.94441E-1 1.9636E-1 2.17105E-1 2.80528E-1 3.09021E-1 4.28686E-1 4.24135E-1 4.588E-1 3.86358E-1 5.18033E-1 4.60827E-1 4.0685E-1 4.36745E-1 4.16269E-1 1.95121E-1 2.57464E-1 3.41304E-1 2.01053E-1 2.10061E-1 2.57271E-1 2.91268E-1 3.29957E-1 3.43673E-1 3.2158E-1 4.16488E-1 3.5958E-1 4.16018E-1 4.23286E-1 4.16238E-1 4.38647E-1
-9999 -9999 -9999 -9999 -9999 -9999 -9999 -9999 -9999 -9999 -9999 -9999 4.96728E-1 2.794E-1 3.32755E-1 1.74546E-1 1.40311E-1 1.64663E-1 2.06652E-1 2.69115E-1 3.59656E-1 4.27517E-1 4.2723E-1 4.25043E-1 4.4401E-1 4.58265E-1 4.40276E-1 4.74101E-1 3.94117E-1 2.19414E-1 1.56417E-1 1.65706E-1 1.97577E-1 2.53078E-1 3.09934E-1 3.06614E-1 4.3222E-1 4.96315E-1 4.96224E-1 4.85907E-1 4.32438E-1 3.87327E-1 4.16182E-1 2.94911E-1 3.56381E-1 2.78398E-1 2.19211E-1 1.67649E-1 2.219E-1 2.88996E-1 3.29209E-1 3.66708E-1 3.8856E-1 2.73513E-1 4.21238E-1 4.2144E-1 4.22743E-1 4.09168E-1 4.11665E-1 4.75419E-1
-9999 -9999 -9999 -9999 -9999 -9999 -9999 -9999 -9999 -9999 -9999 -9999 -9999 3.33471E-1 2.44743E-1 1.44969E-1 1.33949E-1 2.06633E-1 2.93485E-1 3.34796E-1 3.28022E-1 4.25668E-1 4.28577E-1 3.95024E-1 4.39278E-1 4.71633E-1 5.36718E-1 4.90607E-1 3.61733E-1 1.30931E-1 9.48019E-2 1.13941E-1 1.48027E-1 2.06375E-1 3.43063E-1 4.37665E-1 2.72616E-1 2.84599E-1 5.1263E-1 4.44685E-1 4.13505E-1 3.77242E-1 3.9555E-1 2.25292E-1 2.61205E-1 1.8804E-1 1.41301E-1 1.70537E-1 2.40565E-1 3.33849E-1 3.86776E-1 4.20701E-1 4.36584E-1 4.25427E-1 4.29441E-1 4.12077E-1 3.94197E-1 3.78325E-1 4.21901E-1 4.40647E-1
-9999 -9999 -9999 -9999 -9999 -9999 -9999 -9999 -9999 -9999 -9999 -9999 -9999 -9999 1.93614E-1 1.28544E-1 1.39181E-1 2.31489E-1 2.90699E-1 3.35014E-1 4.2662E-1 4.32121E-1 4.43222E-1 4.4004E-1 3.1795E-1 4.76968E-1 5.37809E-1 3.55324E-1 2.41839E-1 1.57525E-1 8.64429E-2 1.10392E-1 1.59377E-1 2.59561E-1 3.73982E-1 4.43754E-1 4.4585E-1 5.13286E-1 5.10521E-1 4.04587E-1 3.91804E-1 3.09211E-1 2.72689E-1 2.1168E-1 1.41892E-1 8.80763E-2 1.15467E-1 1.99681E-1 2.73757E-1 3.45627E-1 4.12356E-1 4.36883E-1 4.32223E-1 4.31697E-1 4.35444E-1 3.87101E-1 3.64108E-1 3.52785E-1 3.90529E-1 3.90417E-1
-9999 -9999 -9999 -9999 -9999 -9999 -9999 -9999 -9999 -9999 -9999 -9999 -9999 -9999 1.6867E-1 1.63594E-1 1.86935E-1 3.0607E-1 3.37405E-1 4.03717E-1 5.31357E-1 5.39007E-1 4.25016E-1 5.53148E-1 5.54534E-1 3.98323E-1 3.01435E-1 1.95825E-1 1.44841E-1 1.05992E-1 6.53003E-2 9.87179E-2 1.70871E-1 2.36747E-1 2.79708E-1 3.86013E-1 4.01818E-1 4.59242E-1 4.41565E-1 3.33302E-1 2.33509E-1 2.73763E-1 1.13646E-1 1.00847E-1 7.00064E-2 7.59052E-2 9.99719E-2 1.73147E-1 2.41317E-1 3.06816E-1 3.8727E-1 4.0743E-1 4.0166E-1 4.05522E-1 4.09893E-1 3.62885E-1 3.23899E-1 2.79646E-1 3.40453E-1 4.10539E-1
-9999 -9999 -9999 -9999 -9999 -9999 -9999 -9999 -9999 -9999 -9999 -9999 -9999 -9999 1.74669E-1 1.65552E-1 2.0954E-1 3.19384E-1 3.47028E-1 4.14954E-1 5.38535E-1 4.48101E-1 5.78824E-1 6.09867E-1 3.21205E-1 1.40581E-1 2.78342E-1 1.88423E-1 1.45568E-1 1.14832E-1 9.13688E-2 1.37883E-1 1.54181E-1 2.00521E-1 2.55535E-1 3.44602E-1 3.58946E-1 4.12111E-1 3.96197E-1 2.28656E-1 2.96538E-1 1.62157E-1 9.423E-2 8.23591E-2 6.56438E-2 1.01748E-1 1.59675E-1 2.42973E-1 2.55266E-1 3.36648E-1 4.03179E-1 4.0881E-1 3.08798E-1 4.19392E-1 4.04134E-1 3.56231E-1 3.18818E-1 2.85671E-1 3.47473E-1 2.92897E-1
-9999 -9999 -9999 -9999 -9999 -9999 -9999 -9999 -9999 -9999 -9999 -9999 -9999 -9999 1.92024E-1 2.2495E-1 2.91792E-1 3.35407E-1 3.70488E-1 4.15772E-1 4.45904E-1 4.97849E-1 2.33308E-1 4.91874E-1 4.32369E-1 2.50446E-1 1.62379E-1 1.63017E-1 1.37225E-1 1.09771E-1 9.66475E-2 1.33044E-1 1.50599E-1 1.85198E-1 2.1579E-1 2.95223E-1 3.1484E-1 3.59526E-1 3.28552E-1 2.37316E-1 1.25583E-1 1.06368E-1 8.76312E-2 8.16093E-2 1.02162E-1 1.46347E-1 2.47573E-1 2.95541E-1 3.2438E-1 3.67428E-1 4.16256E-1 4.05474E-1 2.57557E-1 4.29204E-1 4.01005E-1 3.48096E-1 2.98233E-1 2.53021E-1 2.79454E-1 1.68142E-1
-9999 -9999 -9999 -9999 -9999 -9999 -9999 -9999 -9999 -9999 -9999 -9999 -9999 2.84991E-1 2.86698E-1 3.4247E-1 3.07685E-1 3.42143E-1 3.77885E-1 4.02867E-1 4.4478E-1 2.35822E-1 2.58464E-1 2.73702E-1 2.50416E-1 1.43919E-1 1.06668E-1 2.02221E-1 1.72384E-1 1.59409E-1 1.25559E-1 1.61396E-1 1.17938E-1 1.32927E-1 1.72952E-1 2.40761E-1 2.7774E-1 1.48763E-1 2.19087E-1 1.33045E-1 1.10225E-1 1.27136E-1 1.4421E-1 1.26838E-1 1.50611E-1 1.8104E-1 2.68573E-1 3.21071E-1 3.59583E-1 4.13107E-1 4.21378E-1 4.05049E-1 4.18E-1 4.34811E-1 3.84325E-1 3.39032E-1 2.92282E-1 2.47732E-1 2.63381E-1 -9999
-9999 -9999 -9999 -9999 -9999 -9999 -9999 -9999 -9999 -9999 -9999 -9999 3.13823E-1 1.10333E-1 1.59718E-1 1.43228E-1 3.28999E-1 3.46062E-1 1.77208E-1 1.81291E-1 1.92403E-1 2.17669E-1 2.2309E-1 1.53864E-1 1.66261E-1 2.42655E-1 4.06042E-1 1.05181E-1 1.89943E-1 2.46994E-1 2.0413E-1 2.04621E-1 1.6342E-1 1.49844E-1 1.38237E-1 1.87295E-1 2.04581E-1 1.13113E-1 1.6777E-1 1.44888E-1 1.7355E-1 2.12137E-1 2.55219E-1 2.09128E-1 2.12216E-1 2.23425E-1 2.74959E-1 3.22876E-1 3.86928E-1 4.31622E-1 4.19312E-1 3.78372E-1 4.45045E-1 4.12944E-1 3.59894E-1 3.14377E-1 2.70228E-1 2.34096E-1 2.52195E-1 2.11842E-1
-9999 -9999 -9999 -9999 -9999 -9999 -9999 -9999 -9999 -9999 -9999 2.75631E-1 4.78097E-1 1.77425E-1 1.89876E-1 1.62157E-1 4.4662E-1 3.79945E-1 2.39329E-1 1.77569E-1 1.94707E-1 3.68455E-1 2.68819E-1 3.10918E-1 2.21006E-1 4.17841E-1 2.95545E-1 1.08769E-1 1.56911E-1 2.86836E-1 1.4971E-1 3.36467E-1 2.4121E-1 2.50525E-1 2.09048E-1 1.50575E-1 1.91381E-1 2.23627E-1 1.53424E-1 1.63674E-1 2.29467E-1 2.31119E-1 2.77876E-1 1.86815E-1 1.8746E-1 1.33196E-1 1.73516E-1 2.1672E-1 2.86805E-1 2.88916E-1 2.51364E-1 2.64388E-1 2.99748E-1 2.37351E-1 2.12517E-1 2.25514E-1 1.89187E-1 1.8023E-1 2.19273E-1 2.35501E-1
-9999 -9999 -9999 -9999 -9999 -9999 -9999 -9999 -9999 -9999 3.12339E-1 2.10587E-1 1.44253E-1 2.41543E-1 2.42848E-1 2.52265E-1 3.61156E-1 3.86217E-1 4.36265E-1 2.10644E-1 2.22872E-1 5.91965E-1 4.26089E-1 3.21364E-1 2.65455E-1 2.52628E-1 3.65477E-1 1.52071E-1 1.29625E-1 3.75984E-1 3.56277E-1 2.95613E-1 2.55183E-1 2.69567E-1 2.40287E-1 1.79437E-1 1.58665E-1 2.80006E-1 2.31355E-1 2.25482E-1 3.27379E-1 2.99096E-1 2.95827E-1 2.28587E-1 2.10162E-1 1.54734E-1 1.84319E-1 2.34573E-1 2.85549E-1 2.71127E-1 2.30675E-1 2.88006E-1 3.10232E-1 2.34649E-1 1.97806E-1 2.03608E-1 1.66459E-1 1.73198E-1 1.55834E-1 2.91942E-1
-9999 -9999 -9999 -9999 -9999 -9999 -9999 -9999 -9999 -9999 3.88319E-1 1.99872E-1 2.10158E-1 2.01237E-1 2.90633E-1 3.28269E-1 1.77992E-1 1.56466E-1 1.50236E-1 1.7598E-1 3.09679E-1 3.32921E-1 3.09685E-1 4.01071E-1 3.18988E-1 7.45819E-2 1.10105E-1 1.80569E-1 1.73087E-1 1.20417E-1 3.87645E-1 3.95553E-1 7.80096E-2 1.50587E-1 2.30441E-1 1.65418E-1 2.75182E-1 2.73946E-1 2.59478E-1 3.1447E-1 3.476E-1 3.61852E-1 3.03848E-1 2.89309E-1 2.18782E-1 1.84157E-1 2.01078E-1 2.76312E-1 2.94765E-1 2.58673E-1 1.26404E-1 3.16956E-1 2.74905E-1 2.2374E-1 1.8707E-1 2.02126E-1 1.64192E-1 1.69233E-1 1.80263E-1 2.89408E-1
-9999 -9999 -9999 -9999 -9999 -9999 -9999 -9999 -9999 2.9114E-3 3.60139E-1 2.61503E-1 1.70516E-1 2.95455E-1 1.99127E-1 4.16033E-1 4.04534E-1 2.881E-1 2.44082E-1 2.06425E-1 4.4908E-1 4.77408E-1 4.78006E-1 4.84794E-1 3.91871E-1 2.28012E-1 2.39426E-1 1.40363E-1 1.07875E-1 1.81035E-1 1.23347E-1 3.98362E-1 1.42461E-1 1.44923E-1 1.12058E-1 -9999 1.9831E-1 2.38901E-1 2.67329E-1 3.07544E-1 3.08513E-1 3.41095E-1 3.28639E-1 2.98463E-1 2.72013E-1 2.19422E-1 2.69897E-1 2.69015E-1 2.43129E-1 2.50317E-1 2.5904E-1 3.16557E-1 2.56144E-1 2.18069E-1 1.9519E-1 2.17141E-1 1.81378E-1 1.6699E-1 1.17594E-1 2.83984E-1
