Phytophthora/models/20240429_1812_56/Phytophthora_PA1_RUN6_MAXENT_outputs/Phytophthora_PA1_RUN6.asc
ncols         225
nrows         269
xllcorner     473000.0
yllcorner     4429100.0
cellsize      50.0
NODATA_value  -9999
[rows 189 to 215 of 269, columns 0 to 59 of 225]
-9999 -9999 -9999 -9999 -9999 -9999 -9999 -9999 -9999 -9999 -9999 -9999 -9999 -9999 -9999 -9999 6.9738E-1 8.49366E-1 8.94042E-1 8.61353E-1 6.82573E-1 6.44728E-1 6.35316E-1 6.59395E-1 6.66815E-1 7.09027E-1 6.84923E-1 6.34812E-1 6.08015E-1 5.52146E-1 6.14667E-1 6.30068E-1 7.10463E-1 8.14026E-1 6.38934E-1 5.23309E-1 5.79074E-1 6.84711E-1 7.05733E-1 7.02063E-1 5.15959E-1 3.95905E-1 3.02038E-1 3.35708E-1 4.14089E-1 7.25789E-1 8.06335E-1 8.06663E-1 7.66224E-1 7.85867E-1 5.99672E-1 4.62325E-1 4.85872E-1 5.39312E-1 5.03418E-1 5.53068E-1 5.76257E-1 5.96151E-1 7.35636E-1 7.21002E-1
-9999 -9999 -9999 -9999 -9999 -9999 -9999 -9999 -9999 -9999 -9999 -9999 -9999 -9999 -9999 8.18165E-1 8.4833E-1 8.73794E-1 8.95287E-1 8.36253E-1 6.2949E-1 5.78807E-1 6.03017E-1 6.17981E-1 4.40248E-1 6.81488E-1 6.42852E-1 5.96966E-1 5.81212E-1 5.26942E-1 6.29118E-1 6.86335E-1 7.45686E-1 7.74549E-1 7.90796E-1 7.53908E-1 5.65512E-1 6.83037E-1 6.95793E-1 6.99971E-1 4.69056E-1 3.02646E-1 2.62477E-1 3.26511E-1 4.12132E-1 7.22019E-1 7.73234E-1 7.72236E-1 8.00348E-1 5.8444E-1 4.42869E-1 4.07234E-1 4.78834E-1 5.44741E-1 5.96237E-1 6.67002E-1 7.36842E-1 7.3794E-1 7.39588E-1 6.95912E-1
-9999 -9999 -9999 -9999 -9999 -9999 -9999 -9999 -9999 -9999 -9999 -9999 -9999 -9999 -9999 5.56959E-1 5.80754E-1 6.26675E-1 6.70906E-1 5.56655E-1 4.72196E-1 4.90657E-1 5.1476E-1 5.22872E-1 5.17512E-1 4.65633E-1 4.56596E-1 3.84263E-1 3.67434E-1 3.93372E-1 5.45867E-1 5.95505E-1 6.19968E-1 6.26506E-1 5.20852E-1 6.1317E-1 6.52626E-1 6.40692E-1 6.65585E-1 6.96175E-1 6.00082E-1 4.81085E-1 4.45945E-1 5.56145E-1 5.30815E-1 4.47404E-1 4.66353E-1 3.30341E-1 3.45663E-1 3.00917E-1 3.34775E-1 3.49281E-1 4.52027E-1 5.12323E-1 5.83775E-1 7.49075E-1 7.88902E-1 7.93651E-1 7.89572E-1 7.41172E-1
-9999 -9999 -9999 -9999 -9999 -9999 -9999 -9999 -9999 -9999 -9999 -9999 -9999 -9999 -9999 -9999 6.56017E-1 6.27337E-1 6.27615E-1 5.46005E-1 5.0217E-1 4.87882E-1 4.76481E-1 4.48066E-1 3.68529E-1 4.08213E-1 4.04212E-1 3.85059E-1 4.11946E-1 4.70656E-1 6.00289E-1 5.99269E-1 6.50515E-1 6.7857E-1 6.76701E-1 4.3707E-1 6.47727E-1 6.93096E-1 7.07047E-1 5.59003E-1 4.19875E-1 4.35768E-1 4.3138E-1 4.9412E-1 4.65493E-1 3.67698E-1 2.93584E-1 2.86031E-1 1.86381E-1 1.76198E-1 2.7127E-1 3.43322E-1 4.42318E-1 4.93534E-1 5.13896E-1 7.39067E-1 7.69944E-1 8.09663E-1 8.02477E-1 7.41185E-1
-9999 -9999 -9999 -9999 -9999 -9999 -9999 -9999 -9999 -9999 -9999 -9999 -9999 -9999 -9999 -9999 5.83755E-1 5.46521E-1 5.86361E-1 5.49571E-1 5.15674E-1 4.72712E-1 4.05941E-1 3.96701E-1 3.9093E-1 3.53609E-1 3.88541E-1 4.3347E-1 4.68781E-1 5.38829E-1 6.47803E-1 6.60045E-1 6.76899E-1 6.86352E-1 6.85815E-1 4.18618E-1 7.13326E-1 7.30793E-1 6.78221E-1 4.70567E-1 4.53536E-1 5.2039E-1 4.31921E-1 1.97267E-1 3.67153E-1 2.86969E-1 1.97304E-1 1.72994E-1 1.62479E-1 1.71438E-1 3.46821E-1 4.03383E-1 4.57609E-1 5.05959E-1 5.86695E-1 7.10567E-1 5.96024E-1 7.91736E-1 8.09674E-1 7.51533E-1
-9999 -9999 -9999 -9999 -9999 -9999 -9999 -9999 -9999 -9999 -9999 -9999 -9999 -9999 -9999 -9999 -9999 4.9931E-1 5.43464E-1 5.39419E-1 5.05658E-1 4.21995E-1 3.51281E-1 3.56079E-1 3.57078E-1 3.66662E-1 4.24456E-1 4.77152E-1 5.16234E-1 5.86111E-1 6.90703E-1 6.89728E-1 6.90976E-1 6.89276E-1 6.58382E-1 4.18683E-1 5.23187E-1 6.08292E-1 5.34702E-1 5.18296E-1 6.31266E-1 3.76087E-1 4.265E-1 2.66345E-1 2.01454E-1 1.49131E-1 1.51229E-1 1.43817E-1 1.45286E-1 2.17677E-1 4.09557E-1 4.24096E-1 4.53658E-1 5.14759E-1 6.40679E-1 7.88625E-1 7.90252E-1 7.91882E-1 7.84244E-1 7.51109E-1
-9999 -9999 -9999 -9999 -9999 -9999 -9999 -9999 -9999 -9999 -9999 -9999 -9999 -9999 -9999 -9999 -9999 -9999 -9999 -9999 -9999 -9999 3.0628E-1 3.2809E-1 3.81733E-1 3.94028E-1 4.51374E-1 5.03691E-1 5.52937E-1 6.09128E-1 6.91188E-1 6.204E-1 5.83553E-1 6.11664E-1 5.44702E-1 7.25268E-1 7.3906E-1 6.88855E-1 6.47039E-1 6.73619E-1 6.00845E-1 5.77914E-1 3.0162E-1 1.82875E-1 9.43907E-2 7.04179E-2 9.55755E-2 1.21306E-1 1.3128E-1 2.19171E-1 3.70449E-1 4.35221E-1 4.74622E-1 5.80527E-1 6.92451E-1 7.65091E-1 7.77658E-1 7.71231E-1 7.63342E-1 7.11856E-1
-9999 -9999 -9999 -9999 -9999 -9999 -9999 -9999 -9999 -9999 -9999 -9999 -9999 -9999 -9999 -9999 -9999 -9999 -9999 -9999 -9999 -9999 -9999 -9999 4.8414E-1 4.83164E-1 5.31825E-1 5.77231E-1 6.32102E-1 6.85766E-1 7.1795E-1 7.00897E-1 7.16682E-1 7.05436E-1 6.98821E-1 6.04635E-1 6.62772E-1 5.17265E-1 4.25158E-1 4.70986E-1 2.85695E-1 1.80492E-1 1.17036E-1 7.95864E-2 4.37504E-2 7.48796E-2 8.02632E-2 1.23531E-1 1.88687E-1 2.80899E-1 3.79917E-1 4.24706E-1 4.68703E-1 5.96818E-1 6.79965E-1 6.70208E-1 6.83715E-1 6.78071E-1 6.55701E-1 6.34634E-1
-9999 -9999 -9999 -9999 -9999 -9999 -9999 -9999 -9999 -9999 -9999 -9999 -9999 -9999 -9999 -9999 -9999 -9999 -9999 -9999 -9999 -9999 -9999 -9999 -9999 -9999 5.21888E-1 5.67603E-1 6.11172E-1 6.58502E-1 7.20567E-1 7.3881E-1 5.69619E-1 4.95964E-1 6.84055E-1 5.91012E-1 5.04909E-1 4.34421E-1 4.59738E-1 5.42921E-1 1.86281E-1 1.2769E-1 1.1516E-1 9.55299E-2 7.21106E-2 1.2607E-1 1.24299E-1 2.04914E-1 2.60438E-1 2.685E-1 3.55555E-1 4.185E-1 4.61798E-1 6.1243E-1 6.38281E-1 6.28994E-1 6.40464E-1 6.31699E-1 6.18642E-1 6.03663E-1
-9999 -9999 -9999 -9999 -9999 -9999 -9999 -9999 -9999 -9999 -9999 -9999 -9999 -9999 -9999 -9999 -9999 -9999 -9999 -9999 -9999 -9999 -9999 -9999 -9999 -9999 -9999 5.31704E-1 5.72099E-1 6.19664E-1 6.53001E-1 7.03291E-1 5.62438E-1 7.12222E-1 6.49211E-1 7.11644E-1 3.57311E-1 5.33575E-1 4.74877E-1 2.28958E-1 1.72611E-1 2.11946E-1 1.61613E-1 1.25838E-1 1.26778E-1 2.05782E-1 2.44881E-1 3.34756E-1 3.21434E-1 3.30503E-1 3.70113E-1 4.06739E-1 5.14873E-1 5.5641E-1 5.75318E-1 5.74048E-1 5.89609E-1 5.75904E-1 5.31717E-1 5.27366E-1
-9999 -9999 -9999 -9999 -9999 -9999 -9999 -9999 -9999 -9999 -9999 -9999 -9999 -9999 -9999 -9999 -9999 -9999 -9999 -9999 -9999 -9999 -9999 -9999 -9999 -9999 -9999 5.45371E-1 5.72779E-1 6.13311E-1 6.6094E-1 6.8175E-1 6.21252E-1 6.67748E-1 6.09015E-1 7.21817E-1 2.54525E-1 3.35404E-1 4.04685E-1 4.18348E-1 1.54982E-1 2.97408E-1 1.89951E-1 1.73684E-1 2.27414E-1 3.40412E-1 4.0814E-1 4.79784E-1 3.41123E-1 3.2326E-1 4.84816E-1 5.16906E-1 4.90117E-1 4.98782E-1 5.11915E-1 4.98066E-1 5.63949E-1 6.49672E-1 5.29575E-1 5.01187E-1
-9999 -9999 -9999 -9999 -9999 -9999 -9999 -9999 -9999 -9999 -9999 -9999 -9999 -9999 -9999 -9999 -9999 -9999 -9999 -9999 -9999 -9999 -9999 -9999 -9999 -9999 -9999 5.83012E-1 6.09862E-1 6.4891E-1 5.14997E-1 6.8291E-1 6.73077E-1 6.69915E-1 6.92584E-1 3.74147E-1 3.22648E-1 2.74752E-1 4.1448E-1 5.3315E-1 3.25463E-1 3.2685E-1 2.69712E-1 2.54737E-1 2.39369E-1 4.20917E-1 5.32725E-1 4.81455E-1 4.09179E-1 4.66877E-1 6.06617E-1 5.8718E-1 5.59387E-1 5.21213E-1 5.0982E-1 5.09554E-1 5.414E-1 2.43166E-1 3.40195E-1 3.80839E-1
-9999 -9999 -9999 -9999 -9999 -9999 -9999 -9999 -9999 -9999 -9999 -9999 -9999 -9999 -9999 -9999 -9999 -9999 -9999 -9999 -9999 -9999 -9999 -9999 -9999 -9999 6.13885E-1 6.60953E-1 6.76514E-1 6.07783E-1 7.26791E-1 -9999 3.9459E-1 6.8228E-1 5.58368E-1 3.17344E-1 3.45545E-1 3.01909E-1 5.86718E-1 5.3898E-1 4.11838E-1 9.72714E-2 3.03186E-1 2.71243E-1 2.7973E-1 6.00073E-1 6.34109E-1 6.07956E-1 6.08315E-1 6.1242E-1 6.00346E-1 5.7501E-1 5.51941E-1 5.0149E-1 3.89873E-1 1.30133E-1 2.4977E-1 3.21763E-1 3.16243E-1 3.58554E-1
-9999 -9999 -9999 -9999 -9999 -9999 -9999 -9999 -9999 -9999 -9999 -9999 -9999 -9999 -9999 -9999 -9999 -9999 -9999 -9999 -9999 -9999 -9999 -9999 -9999 -9999 5.72193E-1 5.43956E-1 4.50681E-1 -9999 -9999 -9999 4.51673E-1 4.82228E-1 3.26455E-1 2.4282E-1 1.73616E-1 3.06541E-1 6.13666E-1 6.20828E-1 2.88124E-1 3.78999E-1 1.79427E-1 1.20424E-1 2.9271E-1 6.00036E-1 6.48274E-1 6.43438E-1 6.56805E-1 6.66272E-1 6.5714E-1 6.26683E-1 6.09648E-1 3.48094E-1 3.06813E-1 2.69279E-1 2.87132E-1 3.3385E-1 3.13539E-1 3.62835E-1
-9999 -9999 -9999 -9999 -9999 -9999 -9999 -9999 -9999 -9999 -9999 -9999 -9999 -9999 -9999 -9999 -9999 -9999 -9999 -9999 -9999 -9999 -9999 -9999 -9999 -9999 -9999 5.26608E-1 -9999 -9999 -9999 -9999 2.41365E-1 2.70298E-1 3.1235E-1 2.35472E-1 2.12062E-1 2.06306E-1 2.03085E-1 1.72615E-1 4.17646E-1 2.66003E-1 3.26465E-1 2.45137E-1 1.80982E-1 5.46995E-1 6.51137E-1 6.90587E-1 7.00127E-1 7.14866E-1 6.9045E-1 6.70666E-1 3.73226E-1 3.97331E-1 2.54148E-1 2.90765E-1 3.15539E-1 3.60884E-1 3.59175E-1 5.04743E-1
-9999 -9999 -9999 -9999 -9999 -9999 -9999 -9999 -9999 -9999 -9999 -9999 -9999 -9999 -9999 -9999 -9999 -9999 -9999 -9999 -9999 -9999 -9999 -9999 -9999 -9999 -9999 -9999 -9999 -9999 -9999 -9999 -9999 2.65904E-1 3.24297E-1 2.56871E-1 2.00646E-1 1.94513E-1 5.61679E-1 5.21183E-1 3.47963E-1 2.26362E-1 2.69908E-1 2.27044E-1 2.7392E-1 5.49329E-1 4.75828E-1 6.3283E-1 6.83123E-1 5.44663E-1 5.86096E-1 3.58264E-1 3.23121E-1 3.06849E-1 2.55231E-1 3.01325E-1 3.16805E-1 3.95029E-1 6.50364E-1 6.95698E-1
-9999 -9999 -9999 -9999 -9999 -9999 -9999 -9999 -9999 -9999 -9999 -9999 -9999 -9999 -9999 -9999 -9999 -9999 -9999 -9999 -9999 -9999 -9999 -9999 -9999 -9999 -9999 -9999 -9999 -9999 -9999 -9999 -9999 -9999 3.47541E-1 1.81682E-1 2.25369E-1 3.65771E-1 2.66614E-1 4.69288E-1 3.91513E-1 3.19087E-1 1.93376E-1 1.95527E-1 3.18926E-1 6.51575E-1 5.40214E-1 7.13612E-1 5.52254E-1 3.52473E-1 4.4928E-1 5.00525E-1 3.94696E-1 3.6018E-1 3.03859E-1 3.66538E-1 4.09379E-1 6.95535E-1 6.18815E-1 7.07861E-1
-9999 -9999 -9999 -9999 -9999 -9999 -9999 -9999 -9999 -9999 -9999 -9999 -9999 -9999 -9999 -9999 -9999 -9999 -9999 -9999 -9999 -9999 -9999 -9999 -9999 -9999 -9999 -9999 -9999 -9999 -9999 -9999 -9999 -9999 4.31276E-1 1.90751E-1 1.96746E-1 5.3543E-1 3.8864E-1 5.15581E-1 5.39173E-1 4.78576E-1 3.26648E-1 2.95277E-1 4.12394E-1 3.02234E-1 7.0235E-1 4.1354E-1 3.56845E-1 3.39479E-1 1.65948E-1 2.81967E-1 2.35692E-1 2.29828E-1 1.89947E-1 2.23903E-1 3.64343E-1 5.36898E-1 5.50614E-1 6.3285E-1
-9999 -9999 -9999 -9999 -9999 -9999 -9999 -9999 -9999 -9999 -9999 -9999 -9999 -9999 -9999 -9999 -9999 -9999 -9999 -9999 -9999 -9999 -9999 -9999 -9999 -9999 -9999 -9999 -9999 -9999 -9999 -9999 -9999 -9999 -9999 2.43808E-1 2.54297E-1 1.96036E-1 4.95023E-1 3.85208E-1 4.08816E-1 3.41776E-1 3.34084E-1 3.23761E-1 3.29474E-1 5.44659E-1 5.22057E-1 6.50967E-1 1.90666E-1 4.47253E-1 2.80629E-1 3.09713E-1 2.67712E-1 2.80701E-1 3.0457E-1 3.36862E-1 5.32735E-1 5.49188E-1 3.43969E-1 6.72456E-1
-9999 -9999 -9999 -9999 -9999 -9999 -9999 -9999 -9999 -9999 -9999 -9999 -9999 -9999 -9999 -9999 -9999 -9999 -9999 -9999 -9999 -9999 -9999 -9999 -9999 -9999 -9999 -9999 -9999 -9999 -9999 -9999 -9999 -9999 -9999 1.87152E-1 2.31497E-1 2.10943E-1 4.89831E-1 3.37367E-1 3.72777E-1 3.2169E-1 2.80854E-1 3.29108E-1 3.0881E-1 4.87291E-1 5.1308E-1 7.07354E-1 2.86755E-1 3.06818E-1 1.29979E-1 2.57996E-1 2.38034E-1 2.05966E-1 2.23451E-1 2.55419E-1 4.75003E-1 3.86284E-1 2.33252E-1 5.45627E-1
-9999 -9999 -9999 -9999 -9999 -9999 -9999 -9999 -9999 -9999 -9999 -9999 -9999 -9999 -9999 -9999 -9999 -9999 -9999 -9999 -9999 -9999 -9999 -9999 -9999 -9999 -9999 -9999 -9999 -9999 -9999 -9999 -9999 -9999 -9999 -9999 3.01854E-1 3.19913E-1 4.51009E-1 4.08549E-1 3.89653E-1 3.4438E-1 3.00112E-1 3.92937E-1 5.4876E-1 4.72023E-1 5.36295E-1 5.9808E-1 6.03623E-1 4.478E-1 2.63449E-1 2.87386E-1 2.34035E-1 2.7291E-1 2.8967E-1 2.65137E-1 1.9404E-1 5.31239E-1 4.48227E-1 5.25343E-1
-9999 -9999 -9999 -9999 -9999 -9999 -9999 -9999 -9999 -9999 -9999 -9999 -9999 -9999 -9999 -9999 -9999 -9999 -9999 -9999 -9999 -9999 -9999 -9999 -9999 -9999 -9999 -9999 -9999 -9999 -9999 -9999 -9999 -9999 -9999 -9999 2.94058E-1 2.92158E-1 3.7584E-1 1.77109E-1 4.21315E-1 3.38909E-1 3.2885E-1 4.70724E-1 1.42428E-1 5.74625E-1 6.28154E-1 5.56024E-1 7.59755E-1 3.03743E-1 2.85621E-1 2.78399E-1 2.16187E-1 2.42151E-1 2.49288E-1 2.78342E-1 2.33662E-1 2.78706E-1 5.18159E-1 5.27043E-1
-9999 -9999 -9999 -9999 -9999 -9999 -9999 -9999 -9999 -9999 -9999 -9999 -9999 -9999 -9999 -9999 -9999 -9999 -9999 -9999 -9999 -9999 -9999 -9999 -9999 -9999 -9999 -9999 -9999 -9999 -9999 -9999 -9999 -9999 -9999 -9999 2.79688E-1 2.58348E-1 2.25952E-1 1.96344E-1 5.67152E-1 4.67263E-1 4.63776E-1 6.103E-1 3.0056E-1 2.90535E-1 2.7919E-1 6.55661E-1 6.99057E-1 3.66579E-1 4.02591E-1 4.45282E-1 4.05552E-1 4.42053E-1 3.92091E-1 3.55021E-1 3.2532E-1 5.22038E-1 5.23273E-1 5.92312E-1
-9999 -9999 -9999 -9999 -9999 -9999 -9999 -9999 -9999 -9999 -9999 -9999 -9999 -9999 -9999 -9999 -9999 -9999 -9999 -9999 -9999 -9999 -9999 -9999 -9999 -9999 -9999 -9999 -9999 -9999 -9999 -9999 -9999 -9999 -9999 -9999 1.73248E-1 1.99292E-1 2.26146E-1 2.33802E-1 6.17271E-1 5.11371E-1 5.03066E-1 5.21755E-1 4.28284E-1 2.8697E-1 2.80287E-1 3.28435E-1 2.97567E-1 3.50124E-1 3.59368E-1 3.57233E-1 3.83013E-1 4.65362E-1 4.0559E-1 3.5031E-1 3.31933E-1 5.60123E-1 5.73786E-1 5.95384E-1
-9999 -9999 -9999 -9999 -9999 -9999 -9999 -9999 -9999 -9999 -9999 -9999 -9999 -9999 -9999 -9999 -9999 -9999 -9999 -9999 -9999 -9999 -9999 -9999 -9999 -9999 -9999 -9999 -9999 -9999 -9999 -9999 -9999 -9999 -9999 -9999 -9999 2.70167E-1 3.08492E-1 3.39844E-1 6.61232E-1 5.77029E-1 5.47028E-1 5.35407E-1 2.9668E-1 3.77347E-1 3.4923E-1 3.69333E-1 2.90954E-1 2.54622E-1 2.87558E-1 3.40906E-1 3.4724E-1 4.04819E-1 3.42223E-1 3.90269E-1 4.38591E-1 5.49885E-1 5.66704E-1 5.92751E-1
-9999 -9999 -9999 -9999 -9999 -9999 -9999 -9999 -9999 -9999 -9999 -9999 -9999 -9999 -9999 -9999 -9999 -9999 -9999 -9999 -9999 -9999 -9999 -9999 -9999 -9999 -9999 -9999 -9999 -9999 -9999 -9999 -9999 -9999 -9999 -9999 -9999 -9999 3.27816E-1 3.72686E-1 4.31051E-1 6.83956E-1 5.65419E-1 5.32132E-1 4.21974E-1 3.61547E-1 3.66652E-1 4.12731E-1 3.56382E-1 2.97899E-1 2.89785E-1 3.89575E-1 3.89918E-1 2.90024E-1 3.97983E-1 4.00782E-1 5.52332E-1 5.17691E-1 5.49183E-1 5.78344E-1
-9999 -9999 -9999 -9999 -9999 -9999 -9999 -9999 -9999 -9999 -9999 -9999 -9999 -9999 -9999 -9999 -9999 -9999 -9999 -9999 -9999 -9999 -9999 -9999 -9999 -9999 -9999 -9999 -9999 -9999 -9999 -9999 -9999 -9999 -9999 -9999 -9999 -9999 -9999 -9999 2.77369E-1 3.19892E-1 5.81517E-1 6.09893E-1 6.40756E-1 7.19216E-1 4.21832E-1 4.38339E-1 3.77447E-1 3.43198E-1 2.97029E-1 3.46422E-1 3.36117E-1 4.46662E-1 4.07252E-1 5.63351E-1 5.27813E-1 4.87313E-1 5.07973E-1 5.37007E-1
