Phytophthora/models/20240501_1942_05/Phytophthora_PA3_RUN8_MAXENT_outputs/Phytophthora_PA3_RUN8.asc
ncols         225
nrows         269
xllcorner     473000.0
yllcorner     4429100.0
cellsize      50.0
NODATA_value  -9999
[rows 27 to 53 of 269, columns 0 to 59 of 225]
-9999 -9999 -9999 -9999 -9999 -9999 -9999 -9999 -9999 -9999 -9999 -9999 -9999 -9999 -9999 -9999 -9999 -9999 -9999 -9999 -9999 -9999 -9999 -9999 -9999 -9999 -9999 -9999 -9999 -9999 -9999 -9999 -9999 -9999 -9999 -9999 -9999 -9999 1.15248E-2 9.82842E-3 1.97581E-2 8.84556E-3 2.81745E-2 2.68373E-2 2.64603E-2 1.19592E-2 3.3666E-2 3.01352E-2 2.92781E-2 3.20518E-2 6.65057E-3 2.50256E-2 1.77142E-2 1.27402E-2 1.3542E-2 1.12333E-2 1.08955E-2 9.18139E-3 8.33558E-3 7.70591E-3
-9999 -9999 -9999 -9999 -9999 -9999 -9999 -9999 -9999 -9999 -9999 -9999 -9999 -9999 -9999 -9999 -9999 -9999 -9999 -9999 -9999 -9999 -9999 -9999 -9999 -9999 -9999 -9999 -9999 -9999 -9999 -9999 -9999 -9999 -9999 -9999 -9999 -9999 1.43716E-2 7.35396E-3 1.00715E-2 1.23675E-2 1.8348E-2 2.37035E-2 2.8684E-2 3.21401E-2 5.38818E-3 3.34344E-2 2.71621E-2 1.62515E-2 1.72044E-2 1.56482E-2 1.07392E-2 7.49723E-3 7.1866E-3 6.9776E-3 7.2264E-3 8.04812E-3 8.24067E-3 7.38853E-3
-9999 -9999 -9999 -9999 -9999 -9999 -9999 -9999 -9999 -9999 -9999 -9999 -9999 -9999 -9999 -9999 -9999 -9999 -9999 -9999 -9999 -9999 -9999 -9999 -9999 -9999 -9999 -9999 -9999 -9999 -9999 -9999 -9999 -9999 -9999 -9999 -9999 -9999 9.17531E-3 8.72361E-3 1.17388E-2 1.28936E-2 2.16555E-2 1.24639E-2 1.10045E-2 5.8345E-3 1.61684E-2 8.18604E-3 9.1758E-3 2.67588E-3 1.76379E-2 1.34104E-2 9.8988E-3 8.51199E-3 8.19068E-3 8.58317E-3 2.45139E-2 8.36215E-3 5.08566E-3 1.74317E-2
-9999 -9999 -9999 -9999 -9999 -9999 -9999 -9999 -9999 -9999 -9999 -9999 -9999 -9999 -9999 -9999 -9999 -9999 -9999 -9999 -9999 -9999 -9999 -9999 -9999 -9999 -9999 -9999 -9999 -9999 -9999 -9999 -9999 -9999 -9999 -9999 9.03455E-3 5.41232E-3 8.27817E-3 8.60499E-3 1.26255E-2 2.25938E-2 7.31746E-3 2.54231E-2 3.05282E-2 2.58801E-2 8.67281E-3 1.80553E-2 1.64849E-2 1.36693E-2 1.24991E-2 9.08014E-3 7.18855E-3 8.02018E-3 1.0974E-2 1.11591E-2 2.96702E-3 1.54556E-2 1.84129E-2 1.62098E-2
-9999 -9999 -9999 -9999 -9999 -9999 -9999 -9999 -9999 -9999 -9999 -9999 -9999 -9999 -9999 -9999 -9999 -9999 -9999 -9999 -9999 -9999 -9999 -9999 -9999 -9999 -9999 -9999 -9999 -9999 -9999 -9999 -9999 -9999 -9999 1.05088E-2 1.12282E-2 1.45949E-2 2.36811E-2 1.4487E-2 4.42888E-3 6.76169E-3 1.5291E-2 2.06488E-2 1.85327E-2 2.7427E-2 8.17639E-3 2.04174E-2 1.6554E-2 1.51819E-2 1.47401E-2 1.1877E-2 1.06583E-2 1.63974E-2 2.35703E-2 3.05017E-2 4.13181E-3 2.32123E-2 1.82127E-2 2.01631E-2
-9999 -9999 -9999 -9999 -9999 -9999 -9999 -9999 -9999 -9999 -9999 -9999 -9999 -9999 -9999 -9999 -9999 -9999 -9999 -9999 -9999 -9999 -9999 -9999 -9999 -9999 -9999 -9999 -9999 -9999 -9999 -9999 -9999 -9999 1.49543E-2 1.69E-2 2.2122E-2 3.10209E-2 9.96871E-3 3.45846E-2 2.62137E-2 2.60223E-2 2.17029E-2 1.55439E-2 1.24671E-2 2.12274E-2 2.0388E-2 4.11264E-3 2.11789E-2 1.6522E-2 2.03471E-2 1.39219E-2 2.02502E-2 1.90961E-2 2.33578E-2 2.84094E-2 1.19486E-2 2.27073E-2 2.0248E-2 2.2577E-2
-9999 -9999 -9999 -9999 -9999 -9999 -9999 -9999 -9999 -9999 -9999 -9999 -9999 -9999 -9999 -9999 -9999 -9999 -9999 -9999 -9999 -9999 -9999 -9999 -9999 -9999 -9999 -9999 -9999 -9999 -9999 -9999 1.19081E-2 1.20148E-2 1.29308E-2 1.5308E-2 3.37418E-2 3.59056E-2 6.02949E-3 3.9424E-2 2.05026E-2 1.52565E-2 9.71221E-3 8.22577E-3 8.24097E-3 1.38791E-2 1.41599E-2 1.39867E-2 1.35079E-2 5.45415E-3 2.77662E-2 2.87423E-2 2.31534E-2 1.84301E-2 2.14501E-2 2.46464E-2 2.59544E-2 1.7441E-2 2.1599E-2 4.28851E-3
-9999 -9999 -9999 -9999 -9999 -9999 -9999 -9999 -9999 -9999 -9999 -9999 -9999 -9999 -9999 -9999 -9999 -9999 -9999 -9999 -9999 -9999 -9999 -9999 -9999 -9999 -9999 -9999 -9999 -9999 -9999 1.41593E-2 1.36113E-2 1.34442E-2 1.9134E-2 2.95359E-2 3.28307E-2 3.38571E-2 3.54035E-2 3.25216E-2 2.05398E-2 1.03314E-2 9.49507E-3 9.32398E-3 9.84672E-3 1.35378E-2 1.40003E-2 1.48779E-2 2.05763E-2 1.64767E-2 3.46859E-2 2.84539E-2 2.27099E-2 2.05862E-2 2.1687E-2 2.32531E-2 2.48391E-2 6.20205E-3 1.78538E-2 1.15891E-2
-9999 -9999 -9999 -9999 -9999 -9999 -9999 -9999 -9999 -9999 -9999 -9999 -9999 -9999 -9999 -9999 -9999 -9999 -9999 -9999 -9999 -9999 -9999 -9999 -9999 -9999 -9999 -9999 -9999 -9999 2.21425E-2 1.70537E-2 1.67814E-2 2.31359E-2 3.07181E-2 3.37509E-2 3.2222E-2 1.0893E-2 2.71256E-2 4.00785E-2 1.08463E-2 9.93148E-3 8.85119E-3 9.36328E-3 1.12491E-2 1.64989E-2 1.48648E-2 1.72902E-2 2.87126E-2 3.28513E-2 9.70592E-3 2.73142E-2 2.28745E-2 2.10937E-2 2.53388E-2 2.70165E-2 1.15758E-2 1.09036E-2 7.0825E-3 1.78753E-2
-9999 -9999 -9999 -9999 -9999 -9999 -9999 -9999 -9999 -9999 -9999 -9999 -9999 -9999 -9999 -9999 -9999 -9999 -9999 -9999 -9999 -9999 -9999 -9999 -9999 -9999 -9999 -9999 -9999 -9999 3.91691E-2 2.52952E-2 2.95713E-2 3.83216E-2 3.62771E-2 2.7617E-2 7.45555E-3 3.2918E-2 1.78195E-2 2.12022E-2 1.40818E-2 1.49891E-2 1.49437E-2 1.61593E-2 1.48452E-2 2.38695E-2 2.37325E-2 2.21276E-2 2.34979E-2 2.62264E-2 8.44498E-3 2.34405E-2 1.8834E-2 1.8356E-2 2.0825E-2 9.95291E-3 1.88291E-2 1.66863E-2 1.55947E-2 2.50416E-3
-9999 -9999 -9999 -9999 -9999 -9999 -9999 -9999 -9999 -9999 -9999 -9999 -9999 -9999 -9999 -9999 -9999 -9999 -9999 -9999 -9999 -9999 -9999 -9999 -9999 -9999 -9999 -9999 -9999 8.05794E-4 3.86883E-2 3.44652E-2 4.29642E-2 9.37521E-3 6.42951E-3 3.36805E-2 2.21794E-2 4.32524E-2 2.78698E-2 1.56531E-2 1.48299E-2 4.86762E-3 1.69396E-2 1.63247E-2 2.57353E-2 2.85021E-2 2.48829E-2 2.24657E-2 2.20486E-2 2.62937E-2 5.41675E-3 2.43307E-2 1.94185E-2 2.12135E-2 1.41524E-2 1.93172E-2 1.64573E-2 1.35643E-2 1.3412E-2 1.1917E-2
-9999 -9999 -9999 -9999 -9999 -9999 -9999 -9999 -9999 -9999 -9999 -9999 -9999 -9999 -9999 -9999 -9999 -9999 -9999 -9999 -9999 -9999 -9999 -9999 -9999 -9999 -9999 -9999 -9999 -9999 1.3563E-2 4.19224E-2 6.00756E-3 1.42219E-2 3.41684E-2 5.09921E-3 2.98299E-2 2.14677E-2 1.75399E-2 1.99362E-2 4.7343E-3 1.73993E-2 1.69731E-2 1.87553E-2 2.91452E-2 3.01359E-2 2.9386E-2 2.53311E-2 2.1467E-2 2.55985E-2 2.59261E-2 1.29301E-2 2.15985E-2 1.11239E-2 1.63944E-2 1.99138E-2 1.58607E-2 1.10551E-2 1.24127E-2 1.26828E-2
-9999 -9999 -9999 -9999 -9999 -9999 -9999 -9999 -9999 -9999 -9999 -9999 -9999 -9999 -9999 -9999 -9999 -9999 -9999 -9999 -9999 -9999 -9999 -9999 -9999 -9999 -9999 -9999 -9999 -9999 3.21813E-2 1.49387E-2 1.9972E-2 3.57426E-2 2.16998E-2 2.77916E-2 9.95847E-3 3.84419E-3 1.50047E-2 2.39941E-2 1.10111E-2 1.81379E-2 1.84509E-2 2.79624E-2 2.1537E-2 1.29223E-2 2.17193E-2 2.82659E-2 2.50876E-2 2.60953E-2 2.94238E-2 1.28065E-2 2.32578E-2 4.66996E-3 2.31667E-2 2.16432E-2 1.38372E-2 1.13846E-2 1.17644E-2 1.36972E-2
-9999 -9999 -9999 -9999 -9999 -9999 -9999 -9999 -9999 -9999 -9999 -9999 -9999 -9999 -9999 -9999 -9999 -9999 -9999 -9999 -9999 -9999 -9999 -9999 -9999 -9999 -9999 -9999 -9999 -9999 3.15023E-2 5.11568E-2 5.35859E-2 4.27559E-2 2.36116E-2 1.58658E-2 2.05259E-2 2.38159E-2 1.47149E-2 3.48412E-3 1.91505E-2 1.78896E-2 2.31906E-2 2.93254E-2 2.28392E-2 2.9977E-2 2.98275E-2 6.0368E-3 1.46444E-2 1.53255E-2 5.9123E-3 1.34501E-2 1.02892E-2 2.40629E-2 2.23203E-2 1.93477E-2 1.17115E-2 9.94411E-3 1.05062E-2 1.21149E-2
-9999 -9999 -9999 -9999 -9999 -9999 -9999 -9999 -9999 -9999 -9999 -9999 -9999 -9999 -9999 -9999 -9999 -9999 -9999 -9999 -9999 -9999 -9999 -9999 -9999 -9999 -9999 -9999 -9999 -9999 3.17955E-2 2.63938E-2 2.43139E-2 2.15656E-2 1.81059E-2 2.00356E-2 2.16257E-2 2.43706E-2 2.97291E-2 2.63808E-2 2.05821E-2 2.11894E-2 2.47082E-2 2.68576E-2 2.56917E-2 2.12909E-2 2.2887E-2 2.38791E-2 2.32168E-2 2.38882E-2 2.77843E-2 5.11191E-3 7.15927E-3 2.25375E-2 1.97925E-2 2.08033E-2 1.44108E-2 1.1801E-2 1.17461E-2 1.13985E-2
-9999 -9999 -9999 -9999 -9999 -9999 -9999 -9999 -9999 -9999 -9999 -9999 -9999 -9999 -9999 -9999 -9999 -9999 -9999 -9999 -9999 -9999 -9999 -9999 -9999 -9999 -9999 -9999 -9999 2.77195E-2 1.82765E-2 1.76823E-2 1.85266E-2 1.62874E-2 1.72132E-2 1.82855E-2 1.86448E-2 1.74586E-2 2.5558E-2 2.54406E-2 2.8423E-2 2.99377E-2 2.60522E-2 2.41995E-2 2.22287E-2 1.87516E-2 2.18722E-2 2.17581E-2 2.49696E-2 2.16811E-2 2.62528E-2 2.80699E-2 8.40673E-3 2.48333E-2 2.12975E-2 1.98895E-2 1.63568E-2 1.43917E-2 1.20561E-2 1.06538E-2
-9999 -9999 -9999 -9999 -9999 -9999 -9999 -9999 -9999 -9999 -9999 -9999 -9999 -9999 -9999 -9999 -9999 -9999 -9999 -9999 -9999 -9999 -9999 -9999 -9999 -9999 3.86174E-2 2.19599E-2 2.67583E-2 2.0486E-2 1.96551E-2 2.30156E-2 2.50326E-2 3.01535E-2 2.94409E-2 2.75566E-2 2.67929E-2 2.5048E-2 3.1823E-2 4.07866E-2 3.30451E-2 3.1993E-2 3.00437E-2 2.91905E-2 2.62468E-2 2.16715E-2 2.41368E-2 2.42754E-2 1.47339E-2 2.21474E-2 2.36818E-2 2.51655E-2 2.15063E-2 6.75791E-3 2.44743E-2 2.2503E-2 2.18854E-2 1.90515E-2 1.39873E-2 1.30003E-2
-9999 -9999 -9999 -9999 -9999 -9999 -9999 -9999 -9999 -9999 -9999 -9999 -9999 -9999 -9999 -9999 -9999 -9999 -9999 -9999 -9999 -9999 -9999 -9999 -9999 4.48788E-2 3.09898E-2 1.8211E-2 1.57538E-2 1.47993E-2 1.44909E-2 1.77571E-2 2.36583E-2 4.44169E-2 4.2728E-2 3.62912E-2 3.64277E-2 3.85394E-2 4.36836E-2 4.42124E-2 8.18933E-3 1.63796E-2 5.91782E-3 5.17005E-3 7.23085E-3 8.56409E-3 7.84847E-3 5.91808E-3 4.37425E-3 2.47517E-2 2.74005E-2 2.22856E-2 2.45713E-2 2.32893E-2 1.10137E-2 5.7062E-3 5.26104E-3 2.13024E-2 1.69757E-2 1.61731E-2
-9999 -9999 -9999 -9999 -9999 -9999 -9999 -9999 -9999 -9999 -9999 -9999 -9999 -9999 -9999 -9999 -9999 -9999 -9999 -9999 -9999 -9999 -9999 -9999 2.49532E-3 3.3008E-2 2.83214E-2 2.04013E-2 1.96606E-2 1.83249E-2 1.97463E-2 1.92606E-2 2.34242E-2 3.75445E-2 3.92165E-2 4.68535E-2 4.2694E-2 4.72373E-2 5.0721E-2 4.88873E-2 1.42735E-2 2.84805E-2 3.12915E-2 3.08745E-2 2.70008E-2 3.55641E-3 4.78471E-3 2.72123E-2 2.50643E-2 5.65275E-3 2.97141E-2 2.32683E-2 2.12298E-2 2.25452E-2 2.50477E-2 2.90536E-2 2.46518E-2 4.91937E-3 1.87287E-2 1.03925E-2
-9999 -9999 -9999 -9999 -9999 -9999 -9999 -9999 -9999 -9999 -9999 -9999 -9999 -9999 -9999 -9999 -9999 -9999 -9999 -9999 -9999 -9999 -9999 -9999 4.81141E-3 4.64965E-2 2.5652E-2 2.36004E-2 2.43478E-2 2.68256E-2 2.57048E-2 3.00522E-2 1.13734E-2 1.08889E-2 2.72542E-2 5.20435E-2 5.09001E-2 5.48694E-2 2.17318E-2 1.48747E-2 4.25048E-2 3.64035E-2 3.73062E-2 3.42969E-2 3.23214E-2 2.32769E-2 2.49814E-2 2.47332E-2 1.75628E-2 1.98635E-2 2.6312E-2 1.89711E-2 1.54934E-2 1.67781E-2 1.86105E-2 2.23913E-2 2.54373E-2 2.71389E-2 4.06743E-3 1.99001E-2
-9999 -9999 -9999 -9999 -9999 -9999 -9999 -9999 -9999 -9999 -9999 -9999 -9999 -9999 -9999 -9999 -9999 -9999 -9999 -9999 -9999 -9999 -9999 -9999 6.6366E-3 4.77644E-2 5.55903E-3 1.92039E-2 3.91531E-2 3.80457E-2 7.65599E-3 3.52683E-2 4.6469E-2 4.61452E-2 4.93817E-2 5.20406E-2 4.79476E-2 1.16995E-2 6.15131E-2 5.51586E-2 4.19634E-2 3.89013E-2 3.51059E-2 3.29951E-2 3.00984E-2 2.16478E-2 2.27503E-2 2.67048E-2 7.70171E-3 2.7032E-2 2.29429E-2 1.74148E-2 1.45335E-2 1.36848E-2 1.23227E-2 1.75995E-2 1.82914E-2 1.82602E-2 4.56216E-3 1.34152E-2
-9999 -9999 -9999 -9999 -9999 -9999 -9999 -9999 -9999 -9999 -9999 -9999 -9999 -9999 -9999 -9999 -9999 -9999 -9999 -9999 -9999 -9999 -9999 1.37391E-2 2.9415E-2 2.86766E-2 2.56944E-2 2.83845E-2 3.3186E-2 6.20196E-2 5.02413E-2 4.80795E-2 4.64746E-2 4.46215E-2 4.45976E-2 5.28122E-2 5.85979E-2 5.81398E-2 5.08419E-2 4.73275E-2 3.57645E-2 3.86533E-2 3.20684E-2 2.95993E-2 2.70281E-2 2.10279E-2 2.59619E-2 2.806E-2 6.24078E-3 2.08336E-2 1.98423E-2 1.86876E-2 1.70269E-2 1.55138E-2 1.32728E-2 1.53837E-2 1.40598E-2 1.57137E-2 4.0564E-3 1.1607E-2
-9999 -9999 -9999 -9999 -9999 -9999 -9999 -9999 -9999 -9999 -9999 -9999 -9999 -9999 -9999 -9999 -9999 -9999 -9999 -9999 -9999 -9999 -9999 1.43041E-2 1.92202E-2 2.03305E-2 2.19338E-2 3.64564E-2 4.39975E-2 5.23802E-2 4.63988E-2 4.2564E-2 4.00544E-2 3.77633E-2 3.98749E-2 4.47317E-2 4.81838E-2 4.76784E-2 4.23482E-2 3.90501E-2 3.14367E-2 4.12374E-2 3.90481E-2 3.77508E-2 3.51281E-2 2.58001E-2 2.80891E-2 2.62141E-2 7.06217E-3 1.95708E-2 1.90332E-2 1.44009E-2 1.90079E-2 1.63722E-2 1.14974E-2 1.3619E-2 1.06575E-2 1.22618E-2 1.08705E-2 4.98235E-3
-9999 -9999 -9999 -9999 -9999 -9999 -9999 -9999 -9999 -9999 -9999 -9999 -9999 -9999 -9999 -9999 -9999 -9999 -9999 -9999 -9999 -9999 -9999 9.13284E-3 1.01678E-2 1.97471E-2 2.75908E-2 3.56925E-2 3.84381E-2 4.66479E-2 3.95696E-2 3.49665E-2 3.17214E-2 3.07585E-2 3.41597E-2 3.62132E-2 3.8179E-2 3.75844E-2 3.40164E-2 3.68468E-2 3.57533E-2 4.56178E-2 4.48488E-2 5.15068E-2 4.28264E-2 2.84278E-2 2.9566E-2 2.72334E-2 4.5717E-3 1.28228E-2 1.1949E-2 1.13263E-2 1.8334E-2 2.07734E-2 5.85552E-3 1.77818E-2 1.27961E-2 1.2063E-2 1.07518E-2 1.09239E-2
-9999 -9999 -9999 -9999 -9999 -9999 -9999 -9999 -9999 -9999 -9999 -9999 -9999 -9999 -9999 -9999 -9999 -9999 -9999 -9999 -9999 -9999 1.39148E-2 2.12067E-2 1.62367E-2 3.09097E-2 4.2036E-2 4.51621E-2 4.70803E-2 4.54809E-2 4.04998E-2 3.62333E-2 3.47238E-2 3.29823E-2 3.40981E-2 3.50604E-2 3.57107E-2 3.78225E-2 4.3031E-2 5.41076E-2 6.53403E-2 7.77491E-2 6.70519E-2 8.36404E-2 6.59078E-2 3.1838E-2 3.61312E-2 1.72396E-2 2.3551E-2 2.39798E-2 3.03913E-2 2.60318E-2 2.76712E-2 2.64902E-2 6.22057E-3 3.25001E-2 2.30342E-2 1.44649E-2 9.75724E-3 1.15619E-2
-9999 -9999 -9999 -9999 -9999 -9999 -9999 -9999 -9999 -9999 -9999 -9999 -9999 -9999 -9999 -9999 -9999 -9999 -9999 -9999 -9999 -9999 1.03157E-2 1.08785E-2 1.6699E-2 3.06231E-2 3.56004E-2 3.50751E-2 3.86773E-2 3.76124E-2 3.36397E-2 3.16012E-2 3.26464E-2 2.79029E-2 2.78622E-2 2.82915E-2 3.38487E-2 4.18504E-2 4.57321E-2 5.8617E-2 7.20394E-2 4.60997E-2 3.41538E-2 6.2583E-2 5.43571E-2 3.48131E-2 3.53692E-2 3.59865E-2 1.47504E-2 7.14152E-3 3.75085E-2 3.39091E-2 2.18783E-2 5.445E-3 3.24401E-2 3.2351E-2 2.97177E-2 2.10267E-2 1.205E-2 1.39409E-2
-9999 -9999 -9999 -9999 -9999 -9999 -9999 -9999 -9999 -9999 -9999 -9999 -9999 -9999 -9999 -9999 -9999 -9999 -9999 -9999 -9999 -9999 1.10631E-2 1.65793E-2 2.13665E-2 2.5278E-2 2.6013E-2 2.5242E-2 2.89999E-2 2.89171E-2 2.65731E-2 2.56055E-2 2.6809E-2 2.35618E-2 2.72862E-2 3.58236E-2 4.96813E-2 5.97581E-2 5.79438E-2 6.34621E-2 2.60847E-2 6.13655E-2 4.26552E-2 4.41189E-2 5.29601E-2 3.55024E-2 3.46867E-2 2.85856E-2 3.56284E-2 1.28323E-2 2.51992E-2 3.98412E-2 1.51845E-2 3.82481E-2 3.60695E-2 3.87769E-2 5.3022E-3 1.04883E-2 1.43486E-2 1.3883E-2
