Phytophthora/models/20240501_1942_05/Phytophthora_PA3_RUN8_MAXENT_outputs/Phytophthora_PA3_RUN8.asc
ncols         225
nrows         269
xllcorner     473000.0
yllcorner     4429100.0
cellsize      50.0
NODATA_value  -9999
[rows 81 to 107 of 269, columns 0 to 59 of 225]
-9999 -9999 -9999 -9999 -9999 -9999 -9999 -9999 -9999 -9999 -9999 -9999 -9999 -9999 -9999 -9999 -9999 -9999 -9999 -9999 -9999 -9999 -9999 -9999 -9999 -9999 -9999 -9999 -9999 -9999 -9999 -9999 5.38473E-3 4.20173E-3 4.82182E-3 6.07492E-3 8.53792E-3 1.34705E-2 1.30302E-2 8.64513E-3 3.02108E-2 3.01371E-2 3.29632E-2 3.58463E-2 3.36035E-2 3.32444E-2 4.11301E-2 1.62307E-2 1.2115E-2 2.71992E-2 1.5286E-2 4.91053E-2 4.26574E-2 4.79319E-2 9.80594E-3 7.83744E-2 7.53659E-2 2.15503E-2 8.11722E-2 5.6726E-2
-9999 -9999 -9999 -9999 -9999 -9999 -9999 -9999 -9999 -9999 -9999 -9999 -9999 -9999 -9999 -9999 -9999 -9999 -9999 -9999 -9999 -9999 -9999 -9999 -9999 -9999 -9999 -9999 -9999 -9999 -9999 -9999 7.58032E-3 7.74783E-3 7.0469E-3 7.53194E-3 1.0179E-2 1.46339E-2 6.6113E-3 2.16167E-2 6.74637E-3 2.85687E-2 2.3825E-2 4.44084E-2 4.18465E-2 3.55001E-2 3.99238E-2 4.75552E-2 4.84057E-2 4.9228E-2 3.17242E-2 5.48339E-2 4.88997E-2 5.51695E-2 5.73453E-2 2.46988E-2 1.74458E-2 7.84116E-2 7.24105E-2 7.4619E-2
-9999 -9999 -9999 -9999 -9999 -9999 -9999 -9999 -9999 -9999 -9999 -9999 -9999 -9999 -9999 -9999 -9999 -9999 -9999 -9999 -9999 -9999 -9999 -9999 -9999 -9999 -9999 -9999 -9999 -9999 -9999 -9999 8.43142E-3 1.04232E-2 9.82377E-3 1.21505E-2 1.00738E-2 1.54584E-2 9.00768E-3 2.13312E-2 2.08143E-2 7.47858E-3 1.02465E-2 5.07401E-2 3.49358E-2 3.92793E-2 3.78117E-2 4.58115E-2 4.30419E-2 5.01202E-2 3.62433E-2 3.72558E-2 5.83788E-2 5.25934E-2 6.50333E-2 9.99208E-2 1.47154E-2 8.24387E-2 7.05947E-2 7.23041E-2
-9999 -9999 -9999 -9999 -9999 -9999 -9999 -9999 -9999 -9999 -9999 -9999 -9999 -9999 -9999 -9999 -9999 -9999 -9999 -9999 -9999 -9999 -9999 -9999 -9999 -9999 -9999 -9999 -9999 -9999 -9999 -9999 -9999 1.19609E-2 1.5812E-2 2.41031E-2 2.15868E-2 2.17385E-2 9.07238E-3 2.75551E-2 2.97572E-2 3.94234E-2 5.91662E-2 3.41426E-2 1.47269E-2 4.52051E-2 4.31618E-2 5.07761E-2 5.47319E-2 5.5421E-2 5.1077E-2 2.33497E-2 5.77791E-2 5.56223E-2 6.7532E-2 1.03895E-1 2.62355E-2 1.00106E-1 6.79989E-2 7.74629E-2
-9999 -9999 -9999 -9999 -9999 -9999 -9999 -9999 -9999 -9999 -9999 -9999 -9999 -9999 -9999 -9999 -9999 -9999 -9999 -9999 -9999 -9999 -9999 -9999 -9999 -9999 -9999 -9999 -9999 -9999 -9999 -9999 -9999 1.49121E-2 1.93346E-2 3.05192E-2 3.78596E-2 3.61845E-2 1.2707E-2 3.87614E-2 4.78858E-2 5.052E-2 5.54719E-2 5.29787E-2 5.57919E-2 8.52712E-3 4.68618E-2 5.13373E-2 6.48051E-2 3.25089E-2 1.59753E-2 5.54456E-2 5.03877E-2 5.74585E-2 7.59188E-2 6.31443E-2 2.36418E-2 8.02786E-2 7.40503E-2 7.58353E-2
-9999 -9999 -9999 -9999 -9999 -9999 -9999 -9999 -9999 -9999 -9999 -9999 -9999 -9999 -9999 -9999 -9999 -9999 -9999 -9999 -9999 -9999 -9999 -9999 -9999 -9999 -9999 -9999 -9999 -9999 -9999 -9999 -9999 -9999 5.87265E-2 3.74428E-2 3.12408E-2 3.6111E-2 1.16746E-2 4.26543E-2 4.45012E-2 4.063E-2 4.24566E-2 4.35352E-2 5.29255E-2 2.5358E-2 5.39876E-2 2.58275E-2 2.8609E-2 7.59126E-2 4.44605E-2 1.09951E-2 5.3524E-2 5.31113E-2 6.72981E-2 2.26202E-2 1.91121E-2 4.97621E-2 6.26665E-2 5.32353E-2
-9999 -9999 -9999 -9999 -9999 -9999 -9999 -9999 -9999 -9999 -9999 -9999 -9999 -9999 -9999 -9999 -9999 -9999 -9999 -9999 -9999 -9999 -9999 -9999 -9999 -9999 -9999 -9999 -9999 -9999 -9999 -9999 -9999 -9999 4.26021E-2 3.72952E-2 4.56095E-2 1.55554E-2 3.69956E-2 5.56036E-2 4.611E-2 4.65239E-2 4.29966E-2 4.48907E-2 5.78988E-2 6.42393E-2 1.37886E-2 5.57614E-2 5.46192E-2 6.68483E-2 5.31128E-2 5.84333E-2 1.29938E-2 5.28254E-2 6.81454E-2 7.09147E-2 6.75122E-2 1.8442E-2 7.0446E-2 6.07828E-2
-9999 -9999 -9999 -9999 -9999 -9999 -9999 -9999 -9999 -9999 -9999 -9999 -9999 -9999 -9999 -9999 -9999 -9999 -9999 -9999 -9999 -9999 -9999 -9999 -9999 -9999 -9999 -9999 -9999 -9999 -9999 -9999 -9999 -9999 4.80381E-2 4.33527E-2 1.88044E-2 6.1622E-2 5.52821E-2 5.33887E-2 5.65389E-2 5.74563E-2 5.46876E-2 5.1818E-2 6.67736E-2 5.8172E-2 5.9708E-2 5.43001E-2 4.88339E-2 3.85651E-2 4.08907E-2 4.69914E-2 5.02719E-2 2.30885E-2 1.8086E-2 5.50455E-2 7.68164E-2 7.75148E-2 2.76363E-2 6.50181E-2
-9999 -9999 -9999 -9999 -9999 -9999 -9999 -9999 -9999 -9999 -9999 -9999 -9999 -9999 -9999 -9999 -9999 -9999 -9999 -9999 -9999 -9999 -9999 -9999 -9999 -9999 -9999 -9999 -9999 -9999 -9999 -9999 -9999 -9999 5.41782E-2 4.78007E-2 6.0736E-2 2.39766E-2 5.92379E-2 5.55593E-2 6.27929E-2 2.03483E-2 6.39924E-2 6.33497E-2 8.32924E-2 1.20692E-2 6.37298E-2 5.21315E-2 4.56801E-2 3.72934E-2 3.52042E-2 3.76091E-2 4.19898E-2 4.50292E-2 5.88552E-2 6.95645E-2 2.10961E-2 1.30211E-2 2.16763E-2 6.07812E-2
-9999 -9999 -9999 -9999 -9999 -9999 -9999 -9999 -9999 -9999 -9999 -9999 -9999 -9999 -9999 -9999 -9999 -9999 -9999 -9999 -9999 -9999 -9999 -9999 -9999 -9999 -9999 -9999 -9999 -9999 -9999 -9999 -9999 -9999 5.22546E-2 4.88646E-2 5.98168E-2 4.21048E-2 6.83374E-2 5.71692E-2 6.75521E-2 1.9802E-2 7.15842E-2 7.07172E-2 1.00108E-1 3.06244E-2 6.41365E-2 5.20778E-2 4.49693E-2 3.85703E-2 3.02674E-2 3.17915E-2 3.38237E-2 3.69213E-2 4.51473E-2 5.69117E-2 6.30142E-2 5.90861E-2 2.09798E-2 3.62488E-2
-9999 -9999 -9999 -9999 -9999 -9999 -9999 -9999 -9999 -9999 -9999 -9999 -9999 -9999 -9999 -9999 -9999 -9999 -9999 -9999 -9999 -9999 -9999 -9999 -9999 -9999 -9999 -9999 -9999 -9999 -9999 -9999 -9999 2.6385E-2 4.03056E-2 4.41853E-2 5.73579E-2 5.78738E-2 6.20284E-2 5.78665E-2 6.09686E-2 6.40693E-2 7.94551E-2 7.7594E-2 9.31647E-2 3.90842E-2 7.09042E-2 5.78683E-2 4.73691E-2 4.19992E-2 2.50801E-2 2.16167E-2 2.32083E-2 2.78308E-2 3.50238E-2 4.63238E-2 5.29159E-2 2.50807E-2 2.65393E-2 4.91866E-2
-9999 -9999 -9999 -9999 -9999 -9999 -9999 -9999 -9999 -9999 -9999 -9999 -9999 -9999 -9999 -9999 -9999 -9999 -9999 -9999 -9999 -9999 2.29197E-2 2.58688E-2 -9999 -9999 -9999 -9999 -9999 -9999 2.55116E-2 3.05503E-2 3.17219E-2 3.42819E-2 4.3158E-2 4.06386E-2 5.48377E-2 6.20421E-2 2.31431E-2 6.25907E-2 6.06843E-2 8.37238E-2 5.4038E-2 7.92941E-2 5.91738E-2 4.66859E-2 7.79945E-2 6.00329E-2 5.75033E-2 4.89574E-2 3.14417E-2 2.53214E-2 2.4949E-2 3.34739E-2 4.59371E-2 1.554E-2 1.35553E-2 4.58618E-2 3.25348E-2 1.24346E-2
-9999 -9999 -9999 -9999 -9999 -9999 -9999 -9999 -9999 -9999 -9999 -9999 -9999 -9999 -9999 -9999 -9999 -9999 3.04441E-4 6.21876E-4 1.70282E-2 2.25994E-2 2.46139E-2 2.8725E-2 1.02471E-2 2.08786E-3 1.5352E-3 1.08986E-3 9.32315E-4 1.08818E-3 3.32925E-2 4.12037E-2 4.85795E-2 4.21172E-2 4.61677E-2 4.63379E-2 5.92123E-2 3.64982E-2 3.22188E-2 6.46558E-2 6.21029E-2 7.67571E-2 3.84086E-2 2.85182E-2 1.74174E-2 8.32361E-2 8.37243E-2 7.09786E-2 6.60033E-2 5.4625E-2 3.96552E-2 2.04793E-2 2.08012E-2 1.92492E-2 5.82078E-3 -9999 3.0468E-2 4.92289E-2 4.72615E-2 4.76375E-2
-9999 -9999 -9999 -9999 -9999 -9999 -9999 -9999 -9999 -9999 -9999 -9999 -9999 -9999 -9999 -9999 -9999 4.03775E-4 3.43569E-4 5.75971E-4 1.44103E-2 2.10364E-2 2.43651E-2 2.97108E-2 1.22138E-2 6.76031E-4 2.10556E-4 9.67885E-4 1.07773E-3 1.38101E-3 4.49518E-2 5.26283E-2 6.39118E-2 5.75883E-2 6.27262E-2 5.26542E-2 1.61821E-2 2.9489E-2 1.33849E-2 6.19554E-2 5.81167E-2 6.84727E-2 8.08711E-2 6.56968E-2 5.70084E-2 2.40753E-2 8.37677E-2 6.5383E-2 4.9313E-2 4.64614E-2 1.44151E-2 1.77088E-2 2.10476E-2 3.65987E-3 2.11261E-2 2.0404E-2 2.01779E-2 -9999 3.81521E-2 1.27039E-2
-9999 -9999 -9999 -9999 -9999 -9999 -9999 -9999 -9999 -9999 -9999 -9999 -9999 -9999 3.74873E-4 4.43121E-4 4.63962E-4 5.59773E-4 4.78291E-4 7.10078E-4 1.57494E-2 2.24849E-2 3.06577E-2 3.84489E-2 1.74961E-2 1.04266E-3 1.01367E-3 4.47729E-4 1.22702E-3 1.65664E-3 4.93995E-2 5.99216E-2 4.8766E-2 6.6806E-2 7.41645E-2 1.91357E-2 6.61338E-2 2.78662E-2 6.46724E-2 5.76725E-2 5.50575E-2 6.6192E-2 7.29697E-2 6.28842E-2 5.70007E-2 2.7149E-2 1.82171E-2 1.96463E-2 2.50257E-2 4.37002E-2 4.31578E-2 3.53412E-2 1.96314E-2 3.03401E-2 2.30081E-2 1.87464E-2 1.50235E-2 1.13149E-2 1.60898E-2 3.17194E-2
-9999 -9999 -9999 -9999 -9999 -9999 -9999 -9999 -9999 -9999 -9999 -9999 9.61966E-3 1.15284E-2 1.64413E-2 2.18696E-2 2.39353E-2 2.80613E-2 2.89941E-2 2.84515E-2 2.01768E-2 2.20309E-2 2.75978E-2 3.49541E-2 4.16962E-2 4.66176E-2 4.8607E-2 2.83059E-2 4.43296E-2 4.85255E-2 6.58341E-2 7.89513E-2 4.74818E-2 7.57648E-2 8.95515E-2 1.89029E-2 9.64363E-2 3.49165E-2 8.9815E-2 7.96373E-2 9.81997E-2 1.23169E-1 1.19176E-1 2.45777E-2 4.85471E-2 7.87869E-2 6.33968E-2 5.69797E-2 6.00658E-2 5.90969E-2 7.14892E-2 7.32207E-2 6.73845E-2 6.16345E-2 4.63103E-2 3.00377E-2 1.97163E-2 1.95621E-2 2.07201E-2 3.07988E-2
-9999 -9999 -9999 -9999 -9999 -9999 -9999 -9999 -9999 -9999 -9999 1.47361E-2 1.79349E-2 2.52951E-2 3.23018E-2 4.28447E-2 5.26062E-2 5.57469E-2 5.18281E-2 4.62026E-2 3.71724E-2 3.17179E-2 3.27111E-2 3.87999E-2 4.54496E-2 5.48745E-2 6.85429E-2 7.23097E-2 4.34644E-2 7.56035E-2 7.81752E-2 8.64038E-2 5.84698E-2 8.37012E-2 8.52666E-2 2.12805E-2 9.41355E-2 7.24181E-2 8.88478E-2 9.03442E-2 6.43172E-2 2.50752E-2 4.69145E-2 1.0921E-1 1.01976E-1 9.93435E-2 7.26294E-2 5.87239E-2 5.47637E-2 5.74236E-2 6.90145E-2 6.83697E-2 6.14023E-2 5.97886E-2 5.63654E-2 5.41127E-2 3.05932E-2 2.73188E-2 2.79054E-2 3.16032E-2
-9999 -9999 -9999 -9999 -9999 -9999 -9999 -9999 -9999 -9999 -9999 2.1647E-2 2.72578E-2 3.63914E-2 4.50321E-2 6.10627E-2 4.72664E-2 7.01151E-2 6.36281E-2 5.43751E-2 4.45597E-2 3.95311E-2 3.32603E-2 3.79214E-2 4.33843E-2 5.18737E-2 5.94031E-2 7.28471E-2 3.56999E-2 8.766E-2 9.24723E-2 8.93186E-2 9.20316E-2 2.08914E-2 9.03694E-2 4.27155E-2 1.00383E-1 2.72156E-2 9.02454E-2 3.70709E-2 1.05268E-1 1.14256E-1 9.95101E-2 9.94615E-2 1.08399E-1 1.00891E-1 5.42394E-2 5.1101E-2 5.4838E-2 7.58428E-2 1.01719E-1 8.72162E-2 7.54994E-2 7.74681E-2 7.77542E-2 7.26799E-2 6.9938E-2 5.52492E-2 4.57681E-2 4.10616E-2
-9999 -9999 -9999 -9999 -9999 -9999 -9999 -9999 -9999 -9999 -9999 2.57279E-2 3.14085E-2 3.85652E-2 4.83685E-2 6.5794E-2 4.90949E-2 5.32273E-2 7.2917E-2 6.69293E-2 5.29633E-2 4.50638E-2 3.58642E-2 3.53065E-2 4.01076E-2 4.67121E-2 5.76506E-2 7.57805E-2 8.94845E-2 3.49657E-2 1.10726E-1 1.05794E-1 9.22509E-2 9.06021E-2 2.15326E-2 4.42533E-2 6.70252E-2 2.06452E-2 4.00753E-2 3.61766E-2 9.65835E-2 9.08541E-2 8.63178E-2 1.02701E-1 4.02626E-2 6.94132E-2 4.48551E-2 4.95055E-2 6.21059E-2 8.26804E-2 9.29173E-2 2.70449E-2 8.63546E-2 5.51059E-2 8.26895E-2 8.98875E-2 8.12215E-2 6.73421E-2 5.65994E-2 4.94885E-2
-9999 -9999 -9999 -9999 -9999 -9999 -9999 -9999 -9999 -9999 -9999 2.57405E-2 3.15296E-2 3.81744E-2 5.0165E-2 7.12037E-2 8.44619E-2 2.09515E-2 8.87578E-2 7.88737E-2 6.01479E-2 4.80428E-2 3.83949E-2 3.33323E-2 3.51085E-2 4.14471E-2 5.7639E-2 7.15474E-2 8.32097E-2 9.04448E-2 1.09089E-1 4.87426E-2 3.31486E-2 9.15822E-2 1.00519E-1 9.01792E-2 9.19521E-2 6.75814E-2 4.4161E-2 8.55534E-2 8.3965E-2 1.00492E-1 1.00088E-1 3.98716E-2 1.00999E-1 5.93733E-2 5.24845E-2 4.98758E-2 6.28624E-2 7.51813E-2 8.85975E-2 9.35535E-2 7.69661E-2 9.31708E-2 5.02226E-2 3.16859E-2 8.84174E-2 7.9102E-2 7.2163E-2 6.17341E-2
-9999 -9999 -9999 -9999 -9999 -9999 -9999 -9999 -9999 -9999 -9999 2.68123E-2 3.2871E-2 4.15455E-2 6.13384E-2 1.02127E-1 1.23253E-1 2.9278E-2 1.28732E-1 1.06326E-1 8.92906E-2 7.06163E-2 5.6065E-2 4.24079E-2 4.54133E-2 5.28697E-2 6.28401E-2 7.39669E-2 7.99771E-2 8.45376E-2 9.02319E-2 1.06279E-1 2.62897E-2 9.36205E-2 7.36971E-2 7.38639E-2 8.58234E-2 2.9555E-2 2.02864E-2 7.70712E-2 7.21896E-2 3.99088E-2 5.76208E-2 7.20643E-2 7.6655E-2 4.85999E-2 4.09537E-2 3.72487E-2 3.60757E-2 4.63752E-2 6.85143E-2 7.69852E-2 7.59921E-2 7.6513E-2 1.07519E-1 6.80417E-2 3.54407E-2 9.3749E-2 8.83102E-2 7.70329E-2
-9999 -9999 -9999 -9999 -9999 -9999 -9999 -9999 -9999 -9999 -9999 3.08746E-2 4.17663E-2 5.81573E-2 7.1072E-2 1.10269E-1 1.30579E-1 5.64392E-2 1.56247E-1 1.37133E-1 1.00269E-1 7.17331E-2 5.72705E-2 4.42545E-2 4.02375E-2 4.57162E-2 5.09884E-2 6.23126E-2 6.12663E-2 9.00771E-2 1.02109E-1 1.01373E-1 6.46662E-2 9.32169E-2 7.37573E-2 7.77781E-2 8.84738E-2 3.05845E-2 7.3094E-2 3.20544E-2 4.01418E-2 4.2183E-2 4.85747E-2 4.77509E-2 1.39362E-2 6.05753E-2 4.75155E-2 3.92532E-2 3.51452E-2 4.09406E-2 6.04363E-2 6.51772E-2 6.49782E-2 6.69288E-2 9.64018E-2 9.44137E-2 9.28219E-2 2.89498E-2 2.65938E-2 5.70036E-2
-9999 -9999 -9999 -9999 -9999 -9999 -9999 -9999 -9999 -9999 -9999 3.6996E-2 5.27772E-2 6.41455E-2 7.72929E-2 1.20106E-1 1.35499E-1 1.55036E-1 1.07896E-1 1.16824E-1 8.71375E-2 6.75074E-2 5.38564E-2 4.30414E-2 4.52881E-2 5.78973E-2 6.59071E-2 6.46329E-2 7.03566E-2 9.49824E-2 9.92161E-2 3.08302E-2 3.30957E-2 8.58183E-2 7.81564E-2 7.87218E-2 7.84937E-2 2.9782E-2 8.04174E-2 6.68516E-2 6.09603E-2 5.30883E-2 3.91566E-2 5.24997E-2 6.62656E-2 1.49513E-2 6.27388E-2 4.56287E-2 4.0783E-2 4.19048E-2 5.05258E-2 5.4631E-2 5.53392E-2 5.67366E-2 8.48333E-2 9.72732E-2 8.62775E-2 9.30982E-2 9.83571E-2 9.4385E-2
-9999 -9999 -9999 -9999 -9999 -9999 -9999 -9999 -9999 -9999 -9999 2.9479E-2 2.95755E-2 3.298E-2 5.92207E-2 1.15338E-1 3.48296E-2 1.47765E-1 1.16416E-1 9.8456E-2 7.9431E-2 6.40908E-2 5.10485E-2 4.79722E-2 7.1921E-2 6.93557E-2 7.83743E-2 7.32122E-2 7.09447E-2 8.43434E-2 9.18442E-2 5.55495E-2 9.0833E-2 8.3173E-2 7.4343E-2 7.78534E-2 8.48172E-2 8.21388E-2 5.11425E-2 7.20147E-2 5.16196E-2 4.42092E-2 3.31575E-2 5.11398E-2 4.85412E-2 2.18577E-2 7.53236E-2 5.06316E-2 4.74168E-2 4.21898E-2 4.14335E-2 4.51651E-2 4.65545E-2 4.83458E-2 7.19101E-2 8.1541E-2 7.95799E-2 7.60751E-2 8.20849E-2 8.42147E-2
-9999 -9999 -9999 -9999 -9999 -9999 -9999 -9999 -9999 -9999 -9999 4.18922E-2 5.41951E-2 4.74946E-2 6.73747E-2 8.98781E-2 8.26582E-2 1.14854E-1 9.41306E-2 8.31503E-2 6.66752E-2 5.74765E-2 5.43765E-2 6.14641E-2 8.7078E-2 8.66905E-2 7.00165E-2 6.68087E-2 7.43349E-2 3.53719E-2 1.75965E-2 9.39178E-2 8.60856E-2 7.24008E-2 6.31825E-2 6.62051E-2 7.36786E-2 9.01242E-2 3.22514E-2 6.98033E-2 5.59511E-2 4.53578E-2 3.96391E-2 5.03917E-2 5.26327E-2 4.4816E-2 1.3956E-2 4.94277E-2 4.05928E-2 3.74431E-2 4.3968E-2 4.55902E-2 4.44069E-2 4.33316E-2 6.63636E-2 7.50636E-2 6.25793E-2 6.40387E-2 6.93408E-2 7.07331E-2
-9999 -9999 -9999 -9999 -9999 -9999 -9999 -9999 -9999 -9999 -9999 6.25539E-2 8.41406E-2 9.64243E-2 4.88119E-2 6.73395E-2 9.7289E-2 8.41546E-2 6.6866E-2 5.55193E-2 6.20136E-2 6.80909E-2 6.65453E-2 1.02199E-1 8.85028E-2 7.43404E-2 5.96671E-2 3.21921E-2 3.29167E-2 7.71165E-2 8.71441E-2 8.44061E-2 7.46216E-2 5.85936E-2 5.12288E-2 5.89289E-2 6.74286E-2 8.40884E-2 4.10578E-2 8.01458E-2 4.13882E-2 3.35422E-2 2.72576E-2 3.26891E-2 3.46397E-2 4.02241E-2 3.81434E-2 -9999 4.10019E-2 3.9068E-2 3.94201E-2 3.9636E-2 3.78046E-2 3.48979E-2 4.99987E-2 6.85519E-2 6.53566E-2 6.66643E-2 7.29086E-2 7.5263E-2
-9999 -9999 -9999 -9999 -9999 -9999 -9999 -9999 -9999 -9999 -9999 8.64432E-2 1.03338E-1 1.10031E-1 1.09402E-1 9.79548E-2 8.86774E-2 7.10939E-2 5.70395E-2 5.4599E-2 7.17803E-2 7.97072E-2 1.01392E-1 3.75971E-2 1.13805E-1 3.65881E-2 1.20978E-2 6.80178E-2 6.65468E-2 6.88691E-2 7.90958E-2 7.5034E-2 6.53707E-2 5.2794E-2 5.18574E-2 5.65193E-2 7.29994E-2 8.35891E-2 3.30423E-2 7.88946E-2 4.29248E-2 3.6778E-2 3.3245E-2 3.53621E-2 3.31478E-2 3.23825E-2 3.37007E-2 4.07512E-2 2.69138E-2 4.80467E-2 4.77731E-2 4.59794E-2 4.27743E-2 5.09998E-2 5.96426E-2 5.53366E-2 5.3494E-2 6.50425E-2 7.68382E-2 9.31095E-2
