Phytophthora/models/20240501_1942_05/Phytophthora_PA3_RUN8_MAXENT_outputs/Phytophthora_PA3_RUN8.asc
ncols         225
nrows         269
xllcorner     473000.0
yllcorner     4429100.0
cellsize      50.0
NODATA_value  -9999
[rows 162 to 188 of 269, columns 60 to 119 of 225]
3.61005E-1 1.80701E-1 4.07467E-1 3.20878E-1 3.68281E-1 2.99785E-1 3.713E-1 3.73756E-1 3.78571E-1 4.25427E-1 1.74943E-1 2.97594E-1 4.41208E-1 1.54231E-1 4.90915E-1 3.31208E-1 4.82641E-1 4.06036E-1 4.15147E-1 4.49802E-1 4.53562E-1 4.46489E-1 4.93412E-1 3.09168E-1 5.87019E-1 5.16451E-1 2.32511E-1 2.11491E-1 5.54272E-1 4.84047E-1 4.53497E-1 4.01161E-1 4.55801E-1 4.88084E-1 4.52991E-1 4.46633E-1 4.39562E-1 4.50972E-1 4.25166E-1 4.16916E-1 3.67015E-1 2.24021E-1 9.78248E-2 2.61291E-1 3.30895E-1 3.24856E-1 2.96277E-1 2.46202E-1 2.17855E-1 1.94899E-1 1.50188E-1 2.18795E-1 1.45341E-1 1.01659E-1 1.20048E-1 2.01317E-1 2.6069E-1 2.86851E-1 3.02739E-1 4.04089E-1
1.45446E-1 4.23491E-1 4.40693E-1 3.6648E-1 3.26532E-1 2.39042E-1 8.4615E-2 1.52163E-1 2.55199E-1 3.6378E-1 4.70409E-1 4.17599E-1 4.17103E-1 4.41637E-1 4.62205E-1 4.09684E-1 4.95609E-1 4.07743E-1 3.8039E-1 4.05331E-1 4.0333E-1 4.15179E-1 5.25848E-1 5.55414E-1 5.13552E-1 5.06125E-1 1.62954E-1 2.55568E-1 5.37084E-1 4.65432E-1 4.32797E-1 3.84287E-1 3.93501E-1 3.65471E-1 3.73704E-1 4.02286E-1 4.3011E-1 4.90137E-1 5.25455E-1 5.37367E-1 1.11414E-1 4.18903E-1 3.907E-1 3.81609E-1 3.52575E-1 3.74776E-1 3.49387E-1 3.23436E-1 2.98209E-1 2.51047E-1 1.93161E-1 2.73344E-1 1.36184E-1 1.13054E-1 1.61028E-1 1.64969E-1 2.41685E-1 3.02542E-1 4.09398E-1 4.12964E-1
3.39661E-1 3.31302E-1 3.14953E-1 3.37496E-1 2.34678E-1 1.73467E-1 3.86286E-1 4.30038E-1 4.75053E-1 1.49207E-1 4.60607E-1 4.03135E-1 3.44355E-1 3.5926E-1 3.88361E-1 -9999 4.32279E-1 3.71806E-1 3.77289E-1 3.84815E-1 3.59414E-1 3.8849E-1 3.66011E-1 5.63193E-1 4.99094E-1 5.23043E-1 3.05426E-1 2.5027E-1 5.44018E-1 4.7538E-1 4.38862E-1 3.79975E-1 4.1029E-1 4.50655E-1 4.04402E-1 4.65852E-1 5.1799E-1 5.69212E-1 6.05201E-1 5.31552E-1 4.57714E-1 3.97246E-1 3.13081E-1 2.98182E-1 2.8238E-1 3.06573E-1 3.08901E-1 2.97372E-1 2.77262E-1 2.29967E-1 1.8504E-1 1.12577E-1 2.62764E-1 2.93636E-1 3.00637E-1 2.54945E-1 2.99981E-1 4.37737E-1 4.99106E-1 1.36078E-1
2.51048E-1 2.83089E-1 3.72627E-1 4.46251E-1 4.10453E-1 3.91201E-1 4.23995E-1 4.19999E-1 4.66954E-1 4.77127E-1 3.58023E-1 4.23446E-1 3.57524E-1 2.86232E-1 2.93344E-1 3.4715E-1 4.28496E-1 3.89896E-1 4.35367E-1 4.43691E-1 4.0061E-1 3.79115E-1 5.27956E-1 5.81016E-1 5.31688E-1 4.31079E-1 5.36287E-1 2.04671E-1 5.30635E-1 4.71341E-1 4.54554E-1 4.70184E-1 3.93693E-1 4.19834E-1 4.12179E-1 4.90281E-1 5.53553E-1 6.12526E-1 3.07104E-1 4.18289E-1 4.8272E-1 4.26325E-1 3.38385E-1 3.05615E-1 2.88474E-1 3.02475E-1 2.89094E-1 2.97319E-1 2.82984E-1 2.5611E-1 2.49359E-1 2.6735E-1 2.72939E-1 2.93721E-1 2.98503E-1 3.03542E-1 4.53362E-1 3.96066E-1 3.7827E-1 3.32328E-1
2.91433E-1 3.37412E-1 4.05852E-1 4.49406E-1 4.59504E-1 4.22662E-1 4.2471E-1 4.3352E-1 4.77899E-1 5.0166E-1 3.23451E-1 4.73724E-1 4.3141E-1 3.77838E-1 4.10333E-1 5.6252E-1 4.18199E-1 5.65553E-1 6.03866E-1 5.82191E-1 5.07125E-1 4.43552E-1 4.80317E-1 3.61755E-1 6.01986E-1 1.96815E-1 4.75842E-1 4.53695E-1 3.80463E-1 4.69868E-1 4.96317E-1 5.3218E-1 5.10113E-1 3.82229E-1 3.68711E-1 3.94972E-1 4.59674E-1 4.1631E-1 3.83659E-1 4.1984E-1 4.60879E-1 4.63312E-1 4.05194E-1 3.44625E-1 3.09531E-1 3.2364E-1 3.12293E-1 3.1695E-1 3.35136E-1 3.27043E-1 2.86689E-1 3.04845E-1 3.31811E-1 3.63343E-1 4.22392E-1 5.13081E-1 5.2658E-1 3.32174E-1 1.27491E-1 3.62112E-1
3.50868E-1 3.91715E-1 4.27635E-1 4.39424E-1 4.86752E-1 4.63722E-1 4.70786E-1 4.8244E-1 4.77167E-1 5.04783E-1 1.87531E-1 3.75813E-1 4.9284E-1 4.44113E-1 4.51586E-1 6.04727E-1 6.42933E-1 6.53044E-1 6.58969E-1 6.21387E-1 5.09103E-1 4.79415E-1 4.70672E-1 5.96145E-1 6.23926E-1 4.49006E-1 4.49924E-1 4.72538E-1 2.00271E-1 5.29053E-1 5.28962E-1 5.7546E-1 3.80099E-1 3.57914E-1 3.76257E-1 3.89735E-1 4.25247E-1 1.31735E-1 4.07844E-1 4.06706E-1 4.85885E-1 4.61492E-1 4.19567E-1 3.58101E-1 3.16525E-1 3.18897E-1 3.09126E-1 3.0307E-1 3.28088E-1 2.98377E-1 2.77197E-1 3.0595E-1 3.40454E-1 4.01041E-1 5.06136E-1 3.65575E-1 4.07457E-1 1.39242E-1 2.6141E-1 2.21847E-1
4.16676E-1 4.78962E-1 5.01777E-1 4.98348E-1 5.35523E-1 5.23432E-1 5.25544E-1 5.27671E-1 4.94026E-1 4.81279E-1 5.0928E-1 5.17345E-1 2.8422E-1 1.76471E-1 4.54405E-1 6.018E-1 6.90676E-1 4.60252E-1 7.16208E-1 7.0586E-1 5.63031E-1 4.93951E-1 4.67032E-1 5.4236E-1 6.04816E-1 4.12415E-1 4.08377E-1 4.52446E-1 5.04993E-1 2.60663E-1 5.80059E-1 1.31853E-1 3.89368E-1 3.78218E-1 3.97401E-1 3.89425E-1 1.09189E-1 3.91722E-1 3.69399E-1 3.77391E-1 5.01843E-1 4.43591E-1 4.11523E-1 3.53355E-1 3.27358E-1 3.28137E-1 3.37014E-1 3.14397E-1 2.81688E-1 2.93557E-1 2.90072E-1 3.31434E-1 3.73552E-1 4.67745E-1 2.42755E-1 5.18055E-1 1.27298E-1 3.4321E-1 2.65548E-1 2.29771E-1
4.75884E-1 5.68523E-1 5.54458E-1 5.44123E-1 5.8124E-1 1.47474E-1 1.71011E-1 1.75726E-1 5.06048E-1 5.09986E-1 4.169E-1 4.39911E-1 4.36128E-1 4.3782E-1 2.65061E-1 1.92978E-1 2.57936E-1 4.71821E-1 3.19841E-1 6.42282E-1 6.27919E-1 5.79069E-1 5.16784E-1 4.39268E-1 5.45827E-1 4.14785E-1 3.8819E-1 4.44292E-1 5.10473E-1 4.41036E-1 5.28829E-1 3.34442E-1 1.6671E-1 9.06233E-2 2.59991E-1 2.85257E-1 1.37994E-1 4.68593E-1 4.80398E-1 4.93017E-1 5.33691E-1 4.78537E-1 4.25623E-1 3.84406E-1 3.61231E-1 3.47581E-1 3.05414E-1 2.57482E-1 2.70733E-1 3.05324E-1 3.03849E-1 3.51352E-1 4.28338E-1 3.72142E-1 6.14643E-1 4.54435E-1 1.57645E-1 3.89954E-1 3.34912E-1 3.82401E-1
4.73938E-1 5.28059E-1 5.55998E-1 3.55497E-1 2.39586E-1 5.13952E-1 4.98935E-1 4.97415E-1 4.90079E-1 4.9976E-1 5.36474E-1 5.44278E-1 4.50189E-1 1.03507E-1 4.53797E-1 5.06381E-1 4.61548E-1 4.24541E-1 4.71152E-1 2.06246E-1 4.74851E-1 4.93684E-1 3.1272E-1 4.85409E-1 5.92035E-1 4.60211E-1 4.75935E-1 5.43186E-1 2.50847E-1 4.49028E-1 3.42573E-1 3.59641E-1 4.59382E-1 4.79275E-1 1.531E-1 1.45313E-1 5.02194E-1 3.71179E-1 3.23912E-1 5.25617E-1 5.65235E-1 5.18653E-1 4.61092E-1 4.17179E-1 3.86953E-1 3.56445E-1 3.1057E-1 2.49436E-1 2.59115E-1 3.13035E-1 3.44656E-1 3.87489E-1 4.80853E-1 4.50101E-1 5.47231E-1 4.85009E-1 3.66463E-1 4.30503E-1 4.01393E-1 3.7179E-1
6.47668E-1 6.80924E-1 6.8996E-1 6.71652E-1 3.19614E-1 5.97449E-1 5.48394E-1 5.45586E-1 5.57356E-1 5.74018E-1 5.59185E-1 5.48175E-1 5.50587E-1 4.01355E-1 3.84609E-1 5.16085E-1 4.87454E-1 4.52453E-1 2.016E-1 4.63499E-1 8.90013E-2 4.90189E-1 5.32164E-1 4.89462E-1 3.88193E-1 1.75684E-1 4.25471E-1 5.7498E-1 4.30621E-1 2.82159E-1 3.18433E-1 3.29963E-1 4.47834E-1 4.92155E-1 5.42945E-1 4.93048E-1 5.63533E-1 5.73445E-1 4.51463E-1 3.25288E-1 5.52757E-1 4.88352E-1 4.29402E-1 3.83909E-1 3.47505E-1 3.00736E-1 2.80293E-1 2.20774E-1 2.13112E-1 2.41786E-1 2.70626E-1 3.51695E-1 4.77335E-1 5.06982E-1 4.83288E-1 4.84917E-1 3.29457E-1 4.35833E-1 3.97613E-1 3.56841E-1
1.92712E-1 2.75778E-1 4.249E-1 2.58345E-1 6.53028E-1 5.53061E-1 5.20276E-1 5.04003E-1 5.25484E-1 5.55103E-1 5.10448E-1 5.56151E-1 5.99372E-1 1.82791E-1 4.98431E-1 5.09988E-1 6.43829E-1 2.11241E-1 4.61968E-1 5.03477E-1 3.74446E-1 2.39357E-1 2.85681E-1 1.94488E-1 2.57852E-1 5.05295E-1 2.51433E-1 4.11319E-1 3.94025E-1 3.69742E-1 4.13128E-1 4.87443E-1 4.65974E-1 5.08785E-1 3.26321E-1 5.39961E-1 4.9779E-1 4.83536E-1 5.50336E-1 5.75593E-1 5.76838E-1 4.77583E-1 4.40908E-1 3.8931E-1 3.54927E-1 2.99707E-1 2.77432E-1 2.1014E-1 1.91082E-1 2.19555E-1 2.57885E-1 3.13223E-1 4.2957E-1 4.57387E-1 4.9374E-1 4.83758E-1 1.98254E-1 4.60666E-1 4.1834E-1 3.55781E-1
5.08343E-1 5.02933E-1 5.62424E-1 6.78818E-1 6.19548E-1 5.12719E-1 4.95169E-1 4.70357E-1 5.08345E-1 5.2323E-1 4.96468E-1 5.48681E-1 6.0089E-1 1.56196E-1 4.63214E-1 2.66804E-1 3.6612E-1 5.79864E-1 5.81667E-1 5.53242E-1 4.87699E-1 2.38189E-1 3.16628E-1 5.43835E-1 3.20201E-1 2.07418E-1 7.67554E-2 3.33952E-1 3.71545E-1 3.34217E-1 3.80516E-1 3.56818E-1 4.00128E-1 4.47292E-1 2.34829E-1 5.28949E-1 4.52287E-1 4.18964E-1 5.22394E-1 5.39355E-1 5.1332E-1 4.52461E-1 4.11611E-1 3.76887E-1 3.43823E-1 2.93573E-1 2.70169E-1 1.74071E-1 2.6821E-1 2.22097E-1 2.48789E-1 2.94003E-1 3.84346E-1 3.83795E-1 4.95163E-1 5.22634E-1 1.42433E-1 4.75682E-1 4.08883E-1 3.72339E-1
4.37953E-1 4.37031E-1 6.31198E-1 6.1705E-1 5.69658E-1 4.78681E-1 4.69642E-1 4.75369E-1 4.94257E-1 5.24808E-1 4.85906E-1 5.31264E-1 5.7696E-1 1.84858E-1 2.52122E-1 7.13976E-1 7.01982E-1 6.63675E-1 6.19341E-1 4.01915E-1 2.44823E-1 5.07901E-1 4.79777E-1 5.1689E-1 4.2238E-1 4.0837E-1 3.95711E-1 2.92651E-1 3.51871E-1 3.07695E-1 3.44926E-1 3.59816E-1 2.13704E-1 1.75432E-1 4.02246E-1 4.28919E-1 3.64733E-1 3.39994E-1 5.16296E-1 5.26056E-1 5.16076E-1 4.57664E-1 4.28056E-1 3.62105E-1 3.20967E-1 2.82125E-1 2.5442E-1 2.87362E-1 2.98162E-1 2.96224E-1 2.89733E-1 3.13494E-1 3.73356E-1 2.78895E-1 5.40211E-1 3.636E-1 4.51061E-1 4.63889E-1 4.0792E-1 3.84321E-1
5.73376E-1 6.71843E-1 5.31949E-1 5.65674E-1 5.32561E-1 4.92913E-1 5.07867E-1 4.81724E-1 4.96101E-1 4.82029E-1 4.88515E-1 5.54846E-1 5.79111E-1 2.46359E-1 6.12917E-1 6.83908E-1 6.57167E-1 6.59017E-1 6.56511E-1 6.2436E-1 5.09527E-1 5.00472E-1 5.12781E-1 2.93364E-1 4.16351E-1 3.79321E-1 3.92867E-1 1.13245E-1 3.53394E-1 3.24772E-1 3.61327E-1 2.03722E-1 2.57661E-1 2.98875E-1 2.71204E-1 2.83975E-1 2.42986E-1 2.87023E-1 3.70436E-1 4.36737E-1 4.4877E-1 4.26337E-1 3.77513E-1 3.08051E-1 2.99576E-1 2.63377E-1 2.68017E-1 3.04568E-1 3.21144E-1 3.41245E-1 3.38349E-1 3.59343E-1 4.04349E-1 1.77299E-1 3.80928E-1 3.64697E-1 1.99149E-1 4.4423E-1 4.26473E-1 3.80975E-1
4.47051E-1 4.51885E-1 6.40929E-1 5.91953E-1 5.71848E-1 5.60003E-1 5.65615E-1 5.59264E-1 5.40211E-1 5.09207E-1 5.46186E-1 6.00714E-1 4.24215E-1 5.50567E-1 4.75311E-1 6.58822E-1 6.34816E-1 5.89239E-1 5.84907E-1 5.93538E-1 5.87095E-1 2.35722E-1 6.08738E-1 -9999 5.04492E-1 4.89465E-1 5.18271E-1 5.28022E-1 2.5237E-1 5.12451E-1 4.47958E-1 1.6199E-1 4.01106E-1 3.19119E-1 3.19569E-1 3.76235E-1 3.78208E-1 3.49944E-1 4.51033E-1 5.09006E-1 4.76626E-1 4.22445E-1 3.84127E-1 3.29574E-1 3.08121E-1 2.45907E-1 2.5841E-1 2.7725E-1 3.0417E-1 3.46018E-1 3.8784E-1 4.26257E-1 4.83754E-1 3.69137E-1 4.24477E-1 3.8012E-1 1.31962E-1 4.48857E-1 4.17276E-1 3.44181E-1
6.56888E-1 6.57001E-1 2.11209E-1 6.04441E-1 6.0058E-1 5.95792E-1 5.92902E-1 5.99281E-1 5.15066E-1 4.64676E-1 5.03334E-1 5.42026E-1 5.91081E-1 4.01057E-1 6.76262E-1 3.28349E-1 6.51301E-1 6.10565E-1 6.11796E-1 5.5735E-1 2.4792E-1 6.0734E-1 2.95445E-1 5.75622E-1 5.00505E-1 4.26867E-1 4.14429E-1 4.08066E-1 4.35447E-1 4.89287E-1 4.44811E-1 2.18482E-1 3.77866E-1 2.90048E-1 2.91998E-1 4.09882E-1 -9999 -9999 5.96387E-1 5.70668E-1 5.10161E-1 4.64524E-1 4.26915E-1 3.70932E-1 3.27875E-1 2.60097E-1 2.66507E-1 2.83418E-1 3.2482E-1 3.70019E-1 4.14634E-1 4.63493E-1 5.53796E-1 5.582E-1 4.76697E-1 4.35128E-1 4.34578E-1 4.66328E-1 4.33924E-1 3.53932E-1
6.00365E-1 6.17301E-1 6.20505E-1 5.5069E-1 3.59692E-1 6.41822E-1 6.18242E-1 6.09501E-1 4.88685E-1 5.50657E-1 5.81925E-1 6.23254E-1 3.27553E-1 6.71512E-1 6.51491E-1 6.48589E-1 3.07989E-1 6.45358E-1 6.24102E-1 2.92932E-1 5.77332E-1 6.0112E-1 6.74577E-1 6.60328E-1 4.87227E-1 4.15385E-1 4.5686E-1 4.59389E-1 3.31699E-1 5.40248E-1 4.75056E-1 2.85536E-1 4.36179E-1 3.58451E-1 3.17175E-1 4.00493E-1 6.08463E-1 2.21884E-1 6.51965E-1 6.03906E-1 5.50982E-1 5.07282E-1 4.67382E-1 3.98855E-1 3.49788E-1 2.90264E-1 2.86493E-1 3.11651E-1 3.57817E-1 4.05658E-1 4.43369E-1 5.17379E-1 6.56876E-1 4.67583E-1 4.91617E-1 4.16402E-1 4.78777E-1 2.2687E-1 4.38817E-1 4.24865E-1
5.58452E-1 5.70126E-1 5.7726E-1 6.27063E-1 2.90264E-1 6.98871E-1 6.57038E-1 4.6557E-1 5.30154E-1 6.36731E-1 6.51353E-1 2.91189E-1 6.53412E-1 6.47986E-1 6.2291E-1 6.41902E-1 6.46321E-1 4.17864E-1 3.25142E-1 6.3098E-1 5.67912E-1 5.88033E-1 5.18417E-1 6.31795E-1 4.75505E-1 4.27209E-1 4.65149E-1 5.05954E-1 2.4919E-1 5.43414E-1 4.40787E-1 5.27168E-1 5.07583E-1 4.70522E-1 4.68969E-1 5.69989E-1 6.06674E-1 2.31004E-1 4.22155E-1 6.26603E-1 5.67338E-1 5.17998E-1 4.80823E-1 4.23859E-1 3.72008E-1 2.94888E-1 3.03619E-1 3.35325E-1 3.77484E-1 4.35664E-1 4.71197E-1 5.43515E-1 4.60663E-1 6.10639E-1 4.51577E-1 3.89804E-1 4.92265E-1 1.72435E-1 4.16932E-1 4.39612E-1
5.19008E-1 5.27946E-1 5.70553E-1 6.45363E-1 7.29624E-1 4.41041E-1 6.38954E-1 5.65439E-1 6.31616E-1 6.82029E-1 5.32431E-1 6.76317E-1 6.46352E-1 6.10687E-1 5.83505E-1 6.02182E-1 6.13519E-1 6.07933E-1 6.13464E-1 6.03024E-1 5.67376E-1 5.61475E-1 4.97542E-1 5.39494E-1 4.48431E-1 4.99375E-1 5.70237E-1 3.28301E-1 6.00274E-1 5.61642E-1 3.04551E-1 5.38045E-1 4.99832E-1 4.43947E-1 4.38634E-1 5.45387E-1 5.58383E-1 6.12982E-1 6.72371E-1 2.86546E-1 5.82445E-1 5.19832E-1 4.90317E-1 4.34115E-1 3.88028E-1 2.92162E-1 3.09938E-1 3.58055E-1 4.11068E-1 4.66378E-1 5.13288E-1 5.95974E-1 1.827E-1 5.24442E-1 4.43714E-1 4.11305E-1 5.01979E-1 2.12951E-1 3.32298E-1 4.00611E-1
4.94909E-1 5.26797E-1 5.77774E-1 6.8749E-1 7.30707E-1 6.91979E-1 4.62839E-1 7.05101E-1 6.84966E-1 7.19302E-1 4.47124E-1 6.61847E-1 6.148E-1 5.59512E-1 5.32671E-1 5.97693E-1 6.18338E-1 6.08768E-1 5.85968E-1 5.89632E-1 6.01285E-1 5.96924E-1 6.92031E-1 6.43316E-1 5.9584E-1 6.00921E-1 6.40557E-1 6.04613E-1 6.00903E-1 5.8098E-1 1.99567E-1 4.54355E-1 4.57576E-1 3.97929E-1 3.67207E-1 4.50111E-1 4.785E-1 5.57809E-1 4.50348E-1 2.39808E-1 5.49098E-1 4.98394E-1 4.65021E-1 4.20213E-1 3.67099E-1 3.1725E-1 3.35166E-1 3.72279E-1 4.11186E-1 4.78272E-1 5.32594E-1 3.91266E-1 2.52516E-1 5.71112E-1 4.62469E-1 4.38834E-1 4.85314E-1 1.79614E-1 4.52531E-1 4.02515E-1
5.05913E-1 5.22356E-1 5.46683E-1 6.23591E-1 6.80322E-1 6.88868E-1 5.96822E-1 4.30729E-1 7.2541E-1 3.35472E-1 6.7396E-1 6.38176E-1 5.92681E-1 5.48944E-1 5.02848E-1 5.62464E-1 5.85269E-1 5.75051E-1 5.42528E-1 5.10479E-1 4.83365E-1 4.9025E-1 5.35667E-1 4.81409E-1 6.30637E-1 5.62098E-1 5.94169E-1 5.82988E-1 5.8937E-1 5.82297E-1 1.51178E-1 4.08293E-1 4.07963E-1 3.8341E-1 3.59805E-1 4.46321E-1 4.88624E-1 5.45859E-1 5.55737E-1 5.49177E-1 5.27257E-1 5.03607E-1 4.57732E-1 4.10964E-1 3.5327E-1 3.58533E-1 3.8093E-1 4.1279E-1 4.40617E-1 4.88736E-1 5.51167E-1 2.61268E-1 4.38066E-1 5.60064E-1 4.44146E-1 4.29349E-1 4.69132E-1 1.82981E-1 4.67796E-1 4.02234E-1
5.59731E-1 5.82669E-1 6.22297E-1 6.6114E-1 6.74929E-1 7.06937E-1 7.10351E-1 7.34454E-1 4.19826E-1 6.55946E-1 6.49358E-1 6.1732E-1 5.63156E-1 5.22901E-1 4.8676E-1 5.26002E-1 5.45395E-1 4.95593E-1 3.93312E-1 4.05677E-1 4.42072E-1 4.51815E-1 4.5632E-1 4.29984E-1 6.25489E-1 5.51992E-1 5.94711E-1 5.96276E-1 6.01611E-1 5.87884E-1 3.05902E-1 4.55389E-1 4.03794E-1 4.01702E-1 3.7219E-1 4.83384E-1 5.24477E-1 3.64952E-1 6.58701E-1 5.29179E-1 4.96719E-1 4.79577E-1 4.31509E-1 3.95522E-1 3.90236E-1 4.1187E-1 4.38596E-1 4.7523E-1 4.81038E-1 5.22039E-1 3.80473E-1 5.5233E-1 5.36684E-1 5.92089E-1 4.55593E-1 4.62506E-1 5.1096E-1 1.63911E-1 2.8404E-1 3.94828E-1
6.1167E-1 6.38921E-1 6.65379E-1 6.94847E-1 7.1923E-1 3.33917E-1 6.11167E-1 3.10147E-1 7.31714E-1 6.99574E-1 6.15743E-1 5.71767E-1 5.32359E-1 4.92081E-1 4.5945E-1 4.87543E-1 4.88103E-1 4.86192E-1 3.20798E-1 3.76969E-1 4.35809E-1 4.21988E-1 4.33637E-1 5.80448E-1 6.534E-1 5.92242E-1 6.00576E-1 5.31611E-1 5.71934E-1 2.55951E-1 4.4894E-1 4.47273E-1 5.02075E-1 4.55206E-1 4.13698E-1 4.92906E-1 5.44899E-1 3.91405E-1 2.93934E-1 5.49959E-1 4.75733E-1 4.51511E-1 4.01464E-1 3.73465E-1 4.17696E-1 4.4575E-1 4.81302E-1 5.15644E-1 5.16675E-1 4.53303E-1 3.73439E-1 5.43514E-1 5.6647E-1 5.48999E-1 5.60678E-1 4.70816E-1 3.4074E-1 2.8515E-1 3.0913E-1 3.86673E-1
6.54948E-1 6.78623E-1 7.04658E-1 7.24854E-1 3.52921E-1 7.17718E-1 7.18949E-1 7.35721E-1 6.78022E-1 6.53406E-1 5.62537E-1 5.24465E-1 4.92741E-1 4.63719E-1 4.33403E-1 4.35264E-1 4.35325E-1 4.35175E-1 -9999 3.76588E-1 3.99004E-1 4.04669E-1 4.38742E-1 5.29819E-1 6.44199E-1 5.50868E-1 5.56198E-1 5.76173E-1 5.00471E-1 3.0015E-1 4.02425E-1 4.40431E-1 2.43813E-1 4.83412E-1 4.33578E-1 4.91833E-1 5.28558E-1 5.38471E-1 6.11735E-1 3.96676E-1 5.79066E-1 4.37135E-1 4.05826E-1 4.02188E-1 4.43344E-1 4.86274E-1 5.26068E-1 5.53358E-1 2.67498E-1 1.92876E-1 5.4976E-1 5.06486E-1 5.14584E-1 4.3662E-1 6.04407E-1 5.46937E-1 1.78285E-1 4.55685E-1 5.02331E-1 2.96013E-1
4.20671E-1 5.88433E-1 4.53415E-1 6.62475E-1 6.69883E-1 6.80535E-1 6.83609E-1 6.05674E-1 5.78493E-1 5.58542E-1 4.9414E-1 4.64541E-1 4.55196E-1 4.39121E-1 4.33364E-1 5.23628E-1 -9999 -9999 4.50028E-1 4.25098E-1 3.4519E-1 3.78138E-1 4.50496E-1 2.55538E-1 5.8815E-1 4.86854E-1 5.14289E-1 5.51866E-1 3.26924E-1 4.70969E-1 4.23581E-1 5.53238E-1 3.96589E-1 5.22298E-1 4.84538E-1 3.85479E-1 4.0429E-1 4.15313E-1 2.69569E-1 3.26838E-1 4.59012E-1 3.19245E-1 3.16115E-1 3.29255E-1 3.56782E-1 4.06346E-1 4.90976E-1 5.412E-1 2.94854E-1 4.60313E-1 4.49847E-1 4.31363E-1 4.5387E-1 3.21112E-1 5.33834E-1 4.28254E-1 5.03989E-1 4.80873E-1 3.92091E-1 4.79997E-1
4.72439E-1 2.49104E-1 6.04596E-1 6.5358E-1 6.54932E-1 6.5501E-1 6.12297E-1 5.3492E-1 5.41214E-1 5.28838E-1 4.66837E-1 4.37207E-1 4.51479E-1 4.55754E-1 4.57135E-1 5.49215E-1 5.06351E-1 4.58264E-1 4.24566E-1 3.93769E-1 3.76017E-1 4.36734E-1 4.07817E-1 6.11348E-1 5.45329E-1 4.3725E-1 4.76195E-1 4.92058E-1 5.39251E-1 5.5695E-1 5.01266E-1 5.03833E-1 5.25135E-1 1.97348E-1 3.73182E-1 4.1049E-1 4.11793E-1 4.32221E-1 1.60448E-1 5.45681E-1 5.04219E-1 3.4721E-1 3.40525E-1 3.57519E-1 3.92363E-1 4.30434E-1 4.51247E-1 5.07682E-1 2.98701E-1 5.70804E-1 4.69809E-1 4.41713E-1 4.55054E-1 3.03365E-1 5.43578E-1 3.36602E-1 5.23962E-1 4.83277E-1 5.34474E-1 2.10008E-1
6.91553E-1 6.62248E-1 6.31501E-1 6.00158E-1 6.36727E-1 6.12198E-1 5.38164E-1 4.82566E-1 4.71224E-1 5.45612E-1 5.90957E-1 4.99125E-1 4.8798E-1 4.87764E-1 4.71812E-1 5.51848E-1 5.11381E-1 4.4968E-1 4.69761E-1 4.86981E-1 3.73034E-1 3.60584E-1 3.86719E-1 3.78077E-1 4.15056E-1 3.34869E-1 3.77035E-1 3.86876E-1 5.21994E-1 5.41461E-1 4.61271E-1 4.81418E-1 5.04294E-1 5.16582E-1 5.13811E-1 2.01153E-1 2.09657E-1 4.57785E-1 5.35254E-1 4.28441E-1 5.18221E-1 3.72904E-1 3.27907E-1 4.04793E-1 4.29843E-1 4.2677E-1 1.70156E-1 1.2768E-1 4.3189E-1 4.66183E-1 4.41203E-1 3.10474E-1 4.1005E-1 3.86863E-1 5.49326E-1 1.76087E-1 5.31006E-1 4.83332E-1 5.29026E-1 3.40743E-1
