Phytophthora/models/20240501_1942_05/Phytophthora_PA3_RUN8_MAXENT_outputs/Phytophthora_PA3_RUN8.asc
ncols         225
nrows         269
xllcorner     473000.0
yllcorner     4429100.0
cellsize      50.0
NODATA_value  -9999
[rows 54 to 80 of 269, columns 0 to 59 of 225]
-9999 -9999 -9999 -9999 -9999 -9999 -9999 -9999 -9999 -9999 -9999 -9999 -9999 -9999 -9999 -9999 -9999 -9999 -9999 -9999 -9999 -9999 1.59084E-2 7.52985E-3 1.8931E-2 2.35761E-2 1.97408E-2 2.09401E-2 2.50269E-2 2.5097E-2 2.31677E-2 2.24317E-2 2.65663E-2 2.91042E-2 4.02989E-2 5.15076E-2 2.65423E-2 6.58349E-2 4.13497E-2 6.89352E-2 1.78268E-2 4.2485E-2 3.03842E-2 3.79452E-2 5.76609E-2 1.29667E-2 3.27318E-2 3.03925E-2 3.52966E-2 1.9491E-2 3.04797E-2 4.12987E-2 3.52151E-2 3.48508E-2 1.32358E-2 2.09943E-2 1.9655E-2 1.61478E-2 1.52741E-2 2.05561E-2
-9999 -9999 -9999 -9999 -9999 -9999 -9999 -9999 -9999 -9999 -9999 -9999 -9999 -9999 -9999 -9999 -9999 -9999 -9999 -9999 -9999 -9999 1.19538E-2 9.5252E-3 9.78181E-3 1.6499E-2 2.45467E-2 2.14983E-2 2.27541E-2 2.02138E-2 2.08325E-2 2.47298E-2 3.13596E-2 3.80923E-2 9.825E-3 5.29904E-2 5.66842E-2 5.08943E-2 5.1209E-2 9.16989E-3 4.72457E-2 2.84801E-2 3.83103E-2 5.07648E-2 3.38024E-2 2.11977E-2 3.48662E-2 3.77322E-2 7.90273E-3 2.98359E-2 3.79481E-2 3.22794E-2 3.35074E-2 9.02132E-3 2.27834E-2 8.87458E-3 1.45561E-2 1.30106E-2 1.10441E-2 1.6787E-2
-9999 -9999 -9999 -9999 -9999 -9999 -9999 -9999 -9999 -9999 -9999 -9999 -9999 -9999 -9999 -9999 -9999 -9999 -9999 -9999 -9999 -9999 8.04263E-3 7.16585E-3 9.6285E-3 1.03183E-2 2.5557E-3 1.50243E-2 1.8942E-2 2.49357E-2 3.01579E-2 3.6833E-2 2.64831E-2 2.30727E-2 6.01549E-2 4.809E-2 4.77805E-2 5.23042E-2 1.4074E-2 3.72163E-2 3.8883E-2 5.03095E-2 4.18241E-2 4.7724E-2 3.5421E-2 2.12194E-2 2.5871E-2 1.13118E-2 3.27308E-2 3.04095E-2 3.30873E-2 3.5251E-2 6.5689E-3 2.77073E-2 2.1167E-2 2.07931E-2 1.86866E-2 1.7211E-2 1.71184E-2 1.22681E-2
-9999 -9999 -9999 -9999 -9999 -9999 -9999 -9999 -9999 -9999 -9999 -9999 -9999 -9999 -9999 -9999 -9999 -9999 -9999 -9999 -9999 8.20485E-3 7.30515E-3 5.82892E-3 5.16276E-3 6.64077E-3 5.0842E-3 1.08347E-2 1.57416E-2 6.18136E-3 1.04343E-2 2.80852E-2 4.31674E-2 3.75325E-2 4.46103E-2 4.43298E-2 4.61894E-2 3.86697E-2 7.4995E-3 2.8398E-2 5.82448E-3 2.09597E-2 1.12845E-2 3.37763E-2 2.11961E-2 1.89983E-2 2.14076E-2 2.63376E-2 2.23046E-2 2.30514E-2 2.55243E-2 7.56574E-3 1.41698E-2 1.80531E-2 1.50758E-2 1.88696E-2 6.14421E-3 1.84529E-2 1.0522E-2 2.01792E-2
-9999 -9999 -9999 -9999 -9999 -9999 -9999 -9999 -9999 -9999 -9999 -9999 -9999 -9999 -9999 -9999 -9999 -9999 1.03477E-4 2.26471E-4 4.98894E-3 5.40008E-3 7.48527E-3 6.23326E-3 5.74528E-3 1.06738E-2 1.70248E-2 9.27841E-3 1.26626E-2 2.06925E-2 2.78763E-2 2.88384E-2 4.11461E-2 2.93378E-2 4.03982E-2 4.03856E-2 4.90778E-2 3.7115E-2 8.29505E-3 3.64908E-2 6.78563E-3 3.25989E-2 6.09571E-3 3.30968E-2 2.87449E-2 1.89463E-2 1.67058E-2 1.58355E-2 1.6991E-2 2.01768E-2 1.4819E-2 1.95583E-2 1.6611E-2 1.61307E-2 1.67995E-2 2.10212E-2 6.67757E-3 1.77151E-2 6.44859E-3 2.04345E-2
-9999 -9999 -9999 -9999 -9999 -9999 -9999 -9999 -9999 -9999 -9999 -9999 -9999 -9999 -9999 -9999 8.28295E-5 8.85884E-5 8.59322E-5 2.03981E-4 4.78091E-3 5.12056E-3 8.25278E-3 1.05043E-2 1.30035E-2 1.39211E-2 1.87572E-2 1.02182E-2 1.34503E-2 1.94842E-2 2.3791E-2 2.70115E-2 2.67517E-2 2.93521E-2 3.72352E-2 3.69174E-2 1.53058E-2 2.4426E-2 3.51807E-2 2.82753E-2 2.12335E-2 1.54916E-2 2.87266E-2 1.40344E-2 4.51701E-3 9.50622E-3 1.73631E-2 2.00264E-2 1.66963E-2 1.64963E-2 2.00036E-2 1.83424E-2 1.62235E-2 1.62207E-2 1.65011E-2 1.43474E-2 1.72557E-2 1.54838E-2 1.24042E-2 1.87103E-2
-9999 -9999 -9999 -9999 -9999 -9999 -9999 -9999 -9999 -9999 -9999 -9999 -9999 -9999 -9999 1.5718E-4 8.22289E-5 6.21368E-5 5.72242E-5 1.38472E-4 6.27438E-3 8.35753E-3 8.91192E-3 1.03896E-2 1.41874E-2 1.76281E-2 1.03968E-2 1.20873E-2 1.63659E-2 2.12934E-2 2.6475E-2 3.0751E-2 3.36776E-2 3.67949E-2 4.42572E-2 3.85272E-2 4.40034E-2 3.92161E-2 3.69607E-2 2.87393E-2 2.55149E-2 1.81127E-2 2.38676E-2 2.98334E-2 3.26919E-2 1.29581E-2 6.0449E-3 6.07019E-3 8.27525E-3 1.50093E-2 1.67878E-2 1.77578E-2 1.82776E-2 9.92086E-3 6.74314E-3 7.60291E-3 2.65875E-2 2.18381E-2 3.39377E-3 1.8057E-2
-9999 -9999 -9999 -9999 -9999 -9999 -9999 -9999 -9999 -9999 -9999 -9999 -9999 -9999 5.4611E-3 2.29251E-3 2.66122E-3 2.60077E-3 2.38779E-3 2.3189E-3 4.34359E-3 7.46183E-3 8.85393E-3 1.13941E-2 1.64449E-2 1.69355E-2 3.37202E-2 2.009E-2 2.35541E-2 2.80069E-2 2.90788E-2 3.61212E-2 3.88734E-2 4.01638E-2 5.31446E-2 2.30571E-2 4.44777E-2 3.42429E-2 3.21705E-2 2.86733E-2 2.13949E-2 2.64741E-2 1.93807E-2 1.69832E-2 2.08686E-2 2.77295E-2 2.37123E-2 2.40574E-2 2.39036E-2 1.0056E-2 1.13364E-2 1.5487E-2 4.4351E-3 2.01061E-2 2.3828E-2 2.3926E-2 2.29826E-2 2.09715E-2 1.71508E-2 1.416E-2
-9999 -9999 -9999 -9999 -9999 -9999 -9999 -9999 -9999 -9999 -9999 -9999 -9999 2.25917E-3 5.03316E-3 2.4098E-3 3.10094E-3 3.23537E-3 3.41334E-3 3.23838E-3 4.52991E-3 6.31386E-3 1.45495E-2 1.08694E-2 1.01764E-2 1.36726E-2 1.38844E-2 2.68223E-2 3.21705E-2 4.00108E-2 4.16675E-2 3.99047E-2 5.16415E-2 5.27127E-2 5.6096E-2 1.56286E-2 4.31361E-2 3.17785E-2 2.53892E-2 2.57857E-2 2.10279E-2 2.2043E-2 1.90482E-2 1.81365E-2 1.87414E-2 2.13725E-2 1.90574E-2 1.94032E-2 1.81187E-2 2.86431E-3 1.95724E-3 1.91457E-3 5.75312E-3 1.6383E-2 2.18821E-2 2.54298E-2 4.18737E-3 2.02436E-2 1.62217E-2 1.19011E-2
-9999 -9999 -9999 -9999 -9999 -9999 -9999 -9999 -9999 -9999 -9999 -9999 -9999 8.03944E-3 6.04584E-3 3.45942E-3 4.17804E-3 4.5588E-3 5.18365E-3 5.50624E-3 8.02162E-3 1.89809E-2 9.75445E-3 1.07846E-2 1.3507E-2 3.02316E-2 2.1958E-2 3.70954E-2 4.12515E-2 4.49903E-2 4.37566E-2 4.56102E-2 5.26006E-2 3.72607E-2 1.80386E-2 4.36045E-2 3.65213E-2 2.66482E-2 2.24943E-2 2.28293E-2 2.05291E-2 2.35208E-2 1.94985E-2 2.00179E-2 1.73723E-2 1.99099E-2 1.76715E-2 2.01119E-2 2.12316E-2 6.05794E-3 9.80927E-3 1.04607E-2 2.41343E-2 2.01326E-2 2.28115E-2 5.73602E-3 1.98451E-2 4.39075E-3 2.22925E-3 1.62063E-2
-9999 -9999 -9999 -9999 -9999 -9999 -9999 -9999 -9999 -9999 -9999 -9999 -9999 8.28505E-3 6.41078E-3 4.18683E-3 4.95262E-3 5.54859E-3 6.28527E-3 7.36045E-3 1.06729E-2 1.18434E-2 1.3732E-2 1.63852E-2 2.86866E-2 3.05708E-2 3.08946E-2 3.6658E-2 4.46451E-2 5.51449E-2 5.41227E-2 5.25522E-2 4.94136E-2 2.95321E-2 4.7916E-2 3.57528E-2 3.31337E-2 2.52961E-2 2.75885E-2 3.03985E-2 2.32295E-2 2.72328E-2 2.42157E-2 2.32738E-2 1.93614E-2 2.61055E-2 2.50404E-2 1.97805E-2 1.80091E-2 1.29025E-2 5.17818E-3 3.92376E-3 2.48153E-2 9.33242E-3 2.11506E-3 1.32511E-2 3.98014E-3 4.08495E-3 1.38688E-2 1.40599E-2
-9999 -9999 -9999 -9999 -9999 -9999 -9999 -9999 -9999 -9999 -9999 -9999 7.45357E-3 9.84269E-3 7.93715E-3 5.12794E-3 5.87531E-3 6.77903E-3 7.49365E-3 9.22611E-3 1.30534E-2 1.23687E-2 1.58441E-2 1.97921E-2 3.16262E-2 4.42491E-2 3.57722E-2 4.3182E-2 4.8776E-2 5.33877E-2 5.30449E-2 5.59636E-2 2.93064E-2 6.09055E-2 4.6455E-2 3.29529E-2 3.11283E-2 2.82872E-2 3.00944E-2 3.60732E-2 2.51664E-2 5.49087E-3 8.11638E-3 2.30612E-2 1.93983E-2 2.25568E-2 1.40421E-2 2.42997E-2 2.32417E-2 2.12711E-2 1.52147E-2 1.16478E-2 2.37784E-3 6.27295E-3 1.27431E-2 6.30822E-3 1.63692E-2 1.77995E-2 1.45232E-2 1.28624E-2
-9999 -9999 -9999 -9999 -9999 -9999 -9999 -9999 -9999 -9999 -9999 -9999 9.86533E-3 1.77236E-2 1.1867E-2 9.4104E-3 1.04431E-2 1.20556E-2 1.50685E-2 1.74712E-2 1.77263E-2 1.07224E-2 2.37252E-2 2.18123E-2 1.75699E-2 2.91846E-2 5.30651E-2 4.58627E-2 4.38271E-2 4.61655E-2 3.27511E-2 1.1018E-2 2.90066E-2 2.71207E-2 2.73051E-2 1.63335E-2 1.9385E-2 1.89549E-2 1.91798E-2 2.60755E-2 3.24424E-2 3.79121E-2 2.28252E-2 2.00767E-2 1.14698E-2 1.37115E-2 9.80962E-3 2.76451E-2 2.8001E-2 2.53906E-2 3.25252E-3 6.93915E-3 1.60682E-2 4.53056E-3 1.77223E-2 1.65402E-2 1.30444E-2 1.27812E-2 1.33799E-2 1.68637E-2
-9999 -9999 -9999 -9999 -9999 -9999 -9999 -9999 -9999 -9999 1.80436E-3 1.02044E-2 4.76748E-3 1.29874E-2 9.60827E-3 8.31469E-3 1.11595E-2 1.34401E-2 1.79324E-2 2.55074E-2 1.91426E-2 1.21524E-2 2.32889E-2 2.25007E-2 1.89025E-2 2.15879E-2 5.33194E-2 4.12369E-2 4.6975E-2 5.56963E-2 3.88563E-2 2.34961E-2 3.11721E-2 2.47662E-2 2.38573E-2 1.84866E-2 2.23029E-2 2.25785E-2 2.57192E-2 2.80618E-2 3.82601E-2 3.70868E-2 4.36934E-2 3.82879E-2 3.28513E-2 3.07825E-2 3.08935E-2 2.9132E-2 1.39749E-2 7.35209E-3 2.21021E-2 2.08977E-2 1.9754E-2 1.32647E-2 1.26866E-2 1.37366E-2 1.0897E-2 1.11819E-2 1.35987E-2 6.24269E-3
-9999 -9999 -9999 -9999 -9999 -9999 -9999 -9999 -9999 1.41295E-4 3.8291E-3 4.0704E-3 1.16433E-2 6.1933E-3 8.22024E-3 7.14374E-3 1.01551E-2 1.36603E-2 1.93375E-2 2.72974E-2 2.24155E-2 1.51988E-2 2.01027E-2 1.89779E-2 1.65071E-2 1.98835E-2 6.27457E-2 2.93524E-2 3.80257E-2 5.74131E-2 3.64259E-2 1.76451E-2 2.94059E-2 2.35771E-2 2.16108E-2 2.03202E-2 2.44441E-2 7.47374E-3 3.11772E-2 3.17636E-2 3.76876E-2 3.52308E-2 3.67963E-2 3.64893E-2 3.52991E-2 3.10114E-2 3.15068E-2 3.13023E-2 3.43966E-2 3.08843E-2 7.50739E-3 1.97931E-2 1.78406E-2 4.34799E-3 1.05441E-2 1.39975E-2 1.23301E-2 1.0723E-2 1.19567E-2 1.51995E-2
-9999 -9999 -9999 -9999 -9999 -9999 -9999 -9999 -9999 -9999 6.01741E-3 4.66133E-3 3.91026E-3 5.00976E-3 9.25859E-3 9.85682E-3 1.1686E-2 1.8375E-2 2.27496E-2 3.10568E-2 2.82757E-2 2.81256E-2 3.09295E-2 3.2996E-2 2.02208E-2 2.56283E-2 2.10508E-2 2.91891E-2 2.5938E-2 3.78469E-2 3.40748E-2 2.41241E-2 3.26311E-2 2.79456E-2 2.17657E-2 2.18973E-2 2.56815E-2 3.13734E-2 5.91146E-3 3.82763E-2 4.60556E-2 4.01631E-2 3.6472E-2 3.26909E-2 3.31453E-2 3.06735E-2 3.17475E-2 3.23249E-2 3.46837E-2 4.39015E-3 2.05882E-2 7.45854E-3 1.75346E-2 1.42637E-2 6.3698E-3 3.22308E-3 1.34387E-2 1.19719E-2 1.03004E-2 1.26254E-2
-9999 -9999 -9999 -9999 -9999 -9999 -9999 -9999 -9999 -9999 -9999 -9999 -9999 -9999 1.55201E-2 1.47421E-2 1.75042E-2 2.26685E-2 2.55312E-2 2.88378E-2 2.66399E-2 2.91448E-2 3.44569E-2 4.04022E-2 4.82883E-2 4.08003E-2 2.48317E-2 3.7953E-2 3.67415E-2 3.9885E-2 3.86558E-2 3.75781E-2 3.85537E-2 3.20129E-2 2.30598E-2 1.99433E-2 2.29182E-2 2.6216E-2 3.58963E-2 2.25492E-2 1.35279E-2 3.99984E-2 4.03388E-2 3.59723E-2 3.70298E-2 3.43257E-2 3.56283E-2 3.16917E-2 1.34399E-2 2.81366E-2 1.7204E-2 1.68861E-2 3.44606E-3 1.16348E-2 1.08197E-2 1.28685E-2 5.85295E-3 1.13553E-2 1.06646E-2 1.30095E-2
-9999 -9999 -9999 -9999 -9999 -9999 -9999 -9999 -9999 -9999 -9999 -9999 -9999 -9999 -9999 -9999 -9999 -9999 -9999 3.42053E-2 2.55081E-2 3.05856E-2 3.56831E-2 4.11622E-2 4.72245E-2 5.74479E-2 3.93299E-2 3.12147E-2 4.15789E-2 5.34417E-2 4.23802E-2 1.3571E-2 4.20925E-2 3.53157E-2 2.54599E-2 1.77647E-2 1.85735E-2 2.02912E-2 1.88837E-2 2.44878E-2 3.8152E-2 2.81219E-2 1.36257E-2 9.82914E-3 1.10104E-2 1.24678E-2 9.74318E-3 7.05673E-3 3.20429E-2 2.39393E-2 1.36297E-2 1.45794E-2 9.33019E-3 2.80071E-3 1.05941E-2 1.05821E-2 1.07559E-2 1.06346E-2 1.06572E-2 1.29209E-2
-9999 -9999 -9999 -9999 -9999 -9999 -9999 -9999 -9999 -9999 -9999 -9999 -9999 -9999 -9999 -9999 -9999 -9999 -9999 -9999 2.46729E-2 3.36298E-2 3.78041E-2 4.27677E-2 4.8343E-2 5.51355E-2 6.08746E-2 3.89107E-2 2.10079E-2 7.21483E-2 4.38853E-2 2.47632E-2 4.14585E-2 3.71695E-2 2.79457E-2 1.96812E-2 1.71951E-2 1.86246E-2 1.83991E-2 2.0799E-2 3.07656E-2 3.04143E-2 3.50111E-2 2.11304E-2 3.35371E-2 3.13206E-2 1.16639E-2 3.08035E-2 2.52849E-2 1.88787E-2 1.10342E-2 1.15779E-2 1.08821E-2 8.53798E-3 4.43258E-3 1.24111E-2 1.1544E-2 1.13654E-2 1.2141E-2 1.46686E-2
-9999 -9999 -9999 -9999 -9999 -9999 -9999 -9999 -9999 -9999 -9999 -9999 -9999 -9999 -9999 -9999 -9999 -9999 -9999 -9999 -9999 3.59351E-2 3.68298E-2 3.93954E-2 4.48207E-2 4.92995E-2 5.18795E-2 6.10124E-2 7.45955E-2 1.19073E-2 7.5658E-3 1.69134E-2 2.36232E-2 3.80011E-2 3.13953E-2 2.36732E-2 1.97027E-2 1.71072E-2 1.64262E-2 2.10242E-2 3.09985E-2 2.98906E-2 5.49663E-3 3.41833E-2 1.74588E-2 1.46524E-2 3.17109E-2 2.77006E-2 2.23659E-2 1.77128E-2 1.2059E-2 1.06471E-2 9.31903E-3 1.00686E-2 5.80834E-3 1.38882E-2 1.2018E-2 1.03007E-2 1.34936E-2 1.80785E-2
-9999 -9999 -9999 -9999 -9999 -9999 -9999 -9999 -9999 -9999 -9999 -9999 -9999 -9999 -9999 -9999 -9999 -9999 -9999 -9999 -9999 -9999 3.61858E-2 3.60699E-2 3.85968E-2 4.1465E-2 4.67904E-2 5.61402E-2 6.22331E-2 5.0418E-2 3.16873E-2 3.35835E-2 1.43065E-2 9.50255E-3 2.11752E-2 2.42084E-2 2.01273E-2 1.9609E-2 1.77746E-2 2.17869E-2 3.04036E-2 1.02464E-2 3.15802E-2 3.04421E-2 3.1851E-2 2.79617E-2 2.63768E-2 4.95757E-3 1.58295E-2 2.14185E-2 1.54667E-2 1.36484E-2 1.22753E-2 1.24861E-2 7.44333E-3 1.6351E-2 1.40531E-2 1.16641E-2 1.45902E-2 1.99012E-2
-9999 -9999 -9999 -9999 -9999 -9999 -9999 -9999 -9999 -9999 -9999 -9999 -9999 -9999 -9999 -9999 -9999 -9999 -9999 -9999 -9999 -9999 -9999 2.96551E-2 3.11148E-2 3.41444E-2 4.06806E-2 4.73062E-2 4.52823E-2 3.66848E-2 2.49497E-2 2.72836E-2 2.7737E-2 3.21002E-2 2.82281E-2 8.69571E-3 2.55112E-2 2.43341E-2 2.04831E-2 2.24552E-2 7.27825E-3 3.00218E-2 2.76849E-2 2.53465E-2 2.7722E-2 2.19163E-2 2.12067E-2 2.44089E-2 2.15194E-2 7.83734E-3 1.00485E-2 4.32654E-3 2.07562E-3 7.43137E-3 8.18675E-3 1.7378E-2 1.5054E-2 1.44409E-2 1.62473E-2 2.08434E-2
-9999 -9999 -9999 -9999 -9999 -9999 -9999 -9999 -9999 -9999 -9999 -9999 -9999 -9999 -9999 -9999 -9999 -9999 -9999 -9999 -9999 -9999 -9999 -9999 -9999 2.74541E-2 3.30419E-2 3.73128E-2 3.60809E-2 3.29794E-2 1.5083E-2 1.69974E-2 1.88519E-2 2.34831E-2 2.6149E-2 3.5436E-2 1.50852E-2 1.717E-2 2.91682E-2 2.42924E-2 3.23918E-2 3.53955E-2 3.18599E-2 2.85449E-2 2.79098E-2 2.71856E-2 2.76267E-2 2.90859E-2 3.66662E-2 2.3486E-2 1.58467E-2 3.07853E-2 1.43194E-2 2.62084E-2 2.93765E-2 3.70057E-2 3.48296E-2 4.2588E-2 4.44724E-2 6.86608E-3
-9999 -9999 -9999 -9999 -9999 -9999 -9999 -9999 -9999 -9999 -9999 -9999 -9999 -9999 -9999 -9999 -9999 -9999 -9999 -9999 -9999 -9999 -9999 -9999 -9999 -9999 -9999 2.91099E-2 2.79193E-2 3.07662E-2 1.48806E-2 1.4123E-2 1.45571E-2 7.14828E-3 1.44051E-2 2.77638E-2 3.05884E-2 1.0018E-2 2.55782E-2 2.50397E-2 3.5214E-2 6.94719E-3 2.41882E-2 3.59517E-2 3.66005E-2 3.60997E-2 3.65524E-2 3.46593E-2 3.78115E-2 4.10466E-2 3.60162E-2 3.27611E-2 1.17884E-2 3.34551E-2 3.01206E-2 3.37654E-2 3.82893E-2 5.12845E-2 2.41749E-2 2.78997E-2
-9999 -9999 -9999 -9999 -9999 -9999 -9999 -9999 -9999 -9999 -9999 -9999 -9999 -9999 -9999 -9999 -9999 -9999 -9999 -9999 -9999 -9999 -9999 -9999 -9999 -9999 -9999 -9999 -9999 2.48195E-2 1.07204E-2 9.24597E-3 5.06015E-3 4.98091E-3 6.1503E-3 1.05053E-2 1.98444E-2 2.86252E-2 9.14503E-3 3.30516E-2 8.16896E-3 2.96573E-2 4.11371E-2 1.89641E-2 2.45579E-2 6.34607E-3 2.52041E-2 3.77107E-2 3.75973E-2 3.90611E-2 3.19962E-2 3.57888E-2 1.84956E-2 3.45656E-2 3.56594E-2 3.78454E-2 3.80847E-2 4.30924E-2 4.61959E-2 3.12884E-2
-9999 -9999 -9999 -9999 -9999 -9999 -9999 -9999 -9999 -9999 -9999 -9999 -9999 -9999 -9999 -9999 -9999 -9999 -9999 -9999 -9999 -9999 -9999 -9999 -9999 -9999 -9999 -9999 -9999 -9999 -9999 2.7481E-3 2.60416E-3 2.53602E-3 4.37813E-3 8.40835E-3 1.35591E-2 1.85812E-2 7.79635E-3 9.43767E-3 3.89316E-2 3.77135E-2 4.03871E-2 4.15322E-2 4.18871E-2 4.1548E-2 1.82455E-2 4.11951E-2 4.23107E-2 4.84614E-2 4.29349E-2 4.4475E-2 2.2715E-2 3.42123E-2 4.28669E-2 4.6081E-2 4.28503E-2 4.97763E-2 4.47618E-2 3.74825E-2
-9999 -9999 -9999 -9999 -9999 -9999 -9999 -9999 -9999 -9999 -9999 -9999 -9999 -9999 -9999 -9999 -9999 -9999 -9999 -9999 -9999 -9999 -9999 -9999 -9999 -9999 -9999 -9999 -9999 -9999 -9999 2.81992E-3 2.93197E-3 2.47801E-3 9.21992E-3 6.02775E-3 9.49267E-3 1.49155E-2 1.15486E-2 1.49144E-2 3.16747E-2 2.95327E-2 3.4176E-2 3.0538E-2 2.37133E-2 3.80997E-2 4.65278E-2 2.1045E-2 4.65368E-2 5.8968E-2 9.97404E-3 1.36216E-2 4.85892E-2 2.14291E-2 3.57796E-2 5.69775E-2 5.80592E-2 6.51281E-2 6.147E-2 4.6198E-2
