Phytophthora/models/20240604_1618_19/Phytophthora_PA3_RUN9_MAXENT_outputs/projMaxent.asc
ncols         225
nrows         269
xllcorner     473009.9838
yllcorner     4429051.1748
cellsize      50.0
NODATA_value  -9999
[rows 182 to 207 of 269, columns 59 to 117 of 225]
2.99601E-1 3.42482E-1 3.36701E-1 3.1683E-1 2.3298E-1 3.26794E-1 4.01311E-1 3.95257E-1 4.35081E-1 6.07313E-1 5.28338E-1 3.89174E-1 4.40298E-1 3.73646E-1 3.64187E-1 3.4026E-1 5.25493E-1 6.63765E-1 6.86656E-1 6.78381E-1 5.61987E-1 4.53993E-1 3.20428E-1 3.11929E-1 2.46393E-1 3.76484E-1 5.00432E-1 4.23513E-1 6.60994E-1 8.21431E-1 8.16008E-1 6.70104E-1 6.13084E-1 4.4707E-1 2.08054E-1 4.20871E-1 7.89073E-1 8.22518E-1 8.99026E-1 8.89548E-1 8.19516E-1 8.05569E-1 7.64195E-1 4.00539E-1 4.9864E-1 5.15694E-1 6.70355E-1 6.87389E-1 7.61596E-1 7.33308E-1 8.23982E-1 8.49613E-1 8.68159E-1 9.15818E-1 8.50545E-1 7.73649E-1 7.88132E-1 7.15302E-1 5.97874E-1
4.80044E-1 4.76079E-1 3.5331E-1 3.40782E-1 3.1521E-1 3.20286E-1 3.72406E-1 4.44748E-1 4.64748E-1 5.99464E-1 5.58794E-1 3.95718E-1 3.07033E-1 3.20519E-1 2.56599E-1 2.62171E-1 4.29594E-1 5.35656E-1 4.37656E-1 4.39826E-1 1.94207E-1 3.19502E-1 3.94732E-1 3.49639E-1 3.8945E-1 4.62043E-1 5.81676E-1 3.56654E-1 5.1137E-1 8.21423E-1 5.9415E-1 5.67755E-1 4.59173E-1 4.70539E-1 4.95503E-1 6.11395E-1 7.48116E-1 8.39652E-1 8.85485E-1 8.11416E-1 8.36805E-1 8.03554E-1 7.50828E-1 6.30769E-1 5.16927E-1 6.10845E-1 7.6767E-1 8.10009E-1 8.28859E-1 7.73532E-1 8.43422E-1 8.49738E-1 8.49454E-1 8.55827E-1 8.01958E-1 8.20424E-1 7.74589E-1 5.62425E-1 6.46616E-1
4.64695E-1 5.85073E-1 4.22963E-1 3.46302E-1 3.15574E-1 3.35948E-1 4.26091E-1 5.49919E-1 6.48876E-1 6.72526E-1 4.83765E-1 4.66311E-1 2.96798E-1 2.83417E-1 2.30663E-1 2.0033E-1 2.54921E-1 2.55683E-1 2.00165E-1 1.52409E-1 1.06612E-1 1.89699E-1 2.20477E-1 2.43558E-1 2.05992E-1 3.43078E-1 3.08004E-1 2.1091E-1 3.86561E-1 5.18426E-1 3.56865E-1 4.04433E-1 6.31342E-1 6.31108E-1 6.46533E-1 6.82024E-1 7.50399E-1 8.27989E-1 8.40294E-1 9.0483E-1 6.67366E-1 8.63044E-1 7.55516E-1 6.72733E-1 5.88845E-1 7.38912E-1 8.20001E-1 8.60266E-1 8.57178E-1 7.31545E-1 7.73625E-1 8.46506E-1 8.34762E-1 7.9448E-1 5.37692E-1 8.50355E-1 8.40941E-1 6.8158E-1 6.46668E-1
3.44879E-1 3.26072E-1 3.75476E-1 3.52041E-1 3.35497E-1 3.87445E-1 6.31669E-1 7.45345E-1 5.67243E-1 5.98819E-1 4.46357E-1 5.55423E-1 3.59243E-1 1.75008E-1 1.97121E-1 1.42057E-1 1.47752E-1 1.10156E-1 1.01539E-1 1.35842E-1 9.7397E-2 9.24923E-2 1.27174E-1 1.43977E-1 1.11329E-1 2.7822E-1 1.88577E-1 2.08825E-1 3.43901E-1 5.17615E-1 4.30521E-1 4.06079E-1 3.48977E-1 6.10408E-1 6.63033E-1 7.30797E-1 7.76376E-1 8.30635E-1 8.12916E-1 7.78836E-1 7.82866E-1 8.74653E-1 7.15765E-1 7.38827E-1 5.73821E-1 6.35603E-1 8.26997E-1 8.97496E-1 9.15073E-1 8.52699E-1 7.99009E-1 7.78139E-1 8.24324E-1 7.96037E-1 6.26732E-1 8.32447E-1 7.56434E-1 6.80558E-1 6.45206E-1
3.35904E-1 3.09968E-1 2.73866E-1 3.75002E-1 2.99915E-1 3.69093E-1 4.61213E-1 4.71886E-1 3.27608E-1 3.4844E-1 5.26202E-1 5.73204E-1 4.60604E-1 2.93412E-1 4.09178E-1 2.55179E-1 1.36208E-1 1.33763E-1 1.05056E-1 9.12204E-2 1.08756E-1 9.10036E-2 1.45465E-1 1.72315E-1 4.08554E-1 2.43154E-1 1.4651E-1 1.66183E-1 5.31951E-1 6.34382E-1 6.20795E-1 3.95999E-1 5.04364E-1 7.21564E-1 7.71983E-1 8.38637E-1 8.37955E-1 8.50046E-1 8.67042E-1 8.39985E-1 9.54887E-1 8.9277E-1 7.33412E-1 7.77954E-1 7.20552E-1 6.51746E-1 7.96466E-1 8.60994E-1 9.12278E-1 9.38911E-1 9.0963E-1 8.25707E-1 8.01593E-1 8.22576E-1 6.08786E-1 8.43631E-1 7.9581E-1 7.5415E-1 6.50987E-1
2.29649E-1 2.82809E-1 2.67426E-1 3.25544E-1 2.84492E-1 2.83253E-1 2.76931E-1 2.40657E-1 2.1826E-1 3.12101E-1 4.3519E-1 4.35147E-1 3.522E-1 2.95206E-1 3.92606E-1 3.41841E-1 1.67066E-1 1.46689E-1 1.27802E-1 1.35037E-1 1.16781E-1 7.95773E-2 7.43695E-2 2.53648E-1 2.32522E-1 1.55539E-1 1.52219E-1 2.26827E-1 7.27805E-1 6.33284E-1 5.88384E-1 5.70563E-1 6.15553E-1 7.04229E-1 7.68244E-1 8.46158E-1 8.49945E-1 8.52763E-1 8.78424E-1 9.76429E-1 9.92952E-1 9.23689E-1 6.39334E-1 7.92278E-1 8.38865E-1 6.82946E-1 8.3521E-1 8.58979E-1 8.14756E-1 8.81054E-1 9.48582E-1 8.27203E-1 6.59562E-1 8.29278E-1 8.01012E-1 8.55259E-1 7.92341E-1 7.86412E-1 7.07904E-1
2.17163E-1 2.25881E-1 1.87843E-1 1.99742E-1 2.27878E-1 3.02465E-1 1.98366E-1 1.65588E-1 1.21823E-1 2.221E-1 4.20916E-1 2.39095E-1 2.89482E-1 2.73213E-1 3.15789E-1 3.87195E-1 1.90414E-1 1.4304E-1 1.92231E-1 2.16953E-1 4.94675E-2 1.46149E-1 1.41868E-1 1.69153E-1 1.90922E-1 2.30731E-1 2.64631E-1 5.50556E-1 6.72014E-1 6.24038E-1 5.58843E-1 5.89143E-1 6.84339E-1 7.9596E-1 8.17108E-1 8.45767E-1 8.87491E-1 7.65601E-1 7.54575E-1 9.43072E-1 9.66249E-1 5.67302E-1 6.40259E-1 8.00448E-1 8.57793E-1 8.27429E-1 6.59617E-1 6.97353E-1 6.84049E-1 6.73145E-1 7.32957E-1 7.9337E-1 6.54561E-1 7.77421E-1 9.39004E-1 8.5765E-1 8.1612E-1 8.41304E-1 7.97296E-1
1.89386E-1 1.88753E-1 4.33264E-1 2.72128E-1 1.98589E-1 3.09867E-1 1.6691E-1 1.24072E-1 1.11827E-1 1.41298E-1 3.48919E-1 5.51406E-1 4.36578E-1 3.50742E-1 3.39577E-1 4.7137E-1 2.20993E-1 1.22092E-1 2.01034E-1 1.61356E-1 1.75875E-1 2.24771E-1 1.53919E-1 1.77447E-1 2.51155E-1 4.35844E-1 5.5049E-1 8.11092E-1 7.49701E-1 6.24053E-1 5.98712E-1 6.97279E-1 7.5727E-1 7.98748E-1 8.19823E-1 5.19412E-1 8.2586E-1 8.64492E-1 8.65528E-1 8.40747E-1 6.19517E-1 4.54482E-1 6.02457E-1 8.38341E-1 8.42474E-1 8.57663E-1 8.38299E-1 6.8556E-1 6.64508E-1 6.45068E-1 6.24262E-1 5.03295E-1 5.57352E-1 6.02554E-1 7.36296E-1 3.96835E-1 6.792E-1 8.43219E-1 7.68338E-1
1.79808E-1 1.80018E-1 3.82158E-1 2.92997E-1 2.77376E-1 3.81039E-1 2.27797E-1 1.85548E-1 1.88147E-1 1.01141E-1 1.97089E-1 3.03223E-1 7.35009E-1 3.4122E-1 2.17723E-1 1.60093E-1 9.09133E-2 1.12494E-1 1.93678E-1 1.76041E-1 1.52082E-1 1.52653E-1 1.51979E-1 2.36091E-1 4.40824E-1 6.84652E-1 6.80523E-1 6.88106E-1 7.23937E-1 6.46019E-1 5.06043E-1 7.83464E-1 7.90834E-1 8.31467E-1 6.99989E-1 8.30558E-1 6.55433E-1 6.92178E-1 6.83629E-1 6.99853E-1 6.99706E-1 6.85808E-1 7.6574E-1 6.63055E-1 7.33849E-1 7.25567E-1 8.68788E-1 7.26838E-1 6.34256E-1 5.34484E-1 5.77145E-1 4.85001E-1 2.7423E-1 5.31071E-1 6.53243E-1 5.53105E-1 4.37631E-1 8.333E-1 7.84806E-1
2.50404E-1 2.15685E-1 2.49399E-1 5.57746E-1 1.3352E-1 1.83693E-1 2.15457E-1 1.09263E-1 1.09455E-1 2.23167E-1 2.17994E-1 1.67079E-1 6.91721E-1 1.92128E-1 9.39328E-2 9.48869E-2 1.25013E-1 1.28037E-1 1.54291E-1 1.72173E-1 1.2743E-1 1.82851E-1 1.88756E-1 2.63859E-1 3.55303E-1 4.23475E-1 4.26796E-1 3.17068E-1 6.7343E-1 6.59459E-1 6.52237E-1 7.28055E-1 7.90625E-1 8.02768E-1 8.01016E-1 7.10605E-1 5.69548E-1 5.81115E-1 5.36976E-1 4.95078E-1 6.14164E-1 6.37125E-1 7.1361E-1 7.65944E-1 7.39619E-1 7.07018E-1 8.51806E-1 7.85526E-1 6.33864E-1 5.28412E-1 5.12547E-1 4.81668E-1 4.20613E-1 2.94339E-1 5.09239E-1 5.33759E-1 2.78521E-1 8.26615E-1 8.1807E-1
5.48446E-1 3.2651E-1 2.99433E-1 3.58505E-1 1.75871E-1 1.03036E-1 1.61124E-1 4.26551E-1 4.1576E-1 2.61492E-1 1.53894E-1 1.99461E-1 4.14673E-1 1.76652E-1 1.10476E-1 1.10061E-1 1.18528E-1 1.60042E-1 1.92423E-1 2.739E-1 2.88105E-1 3.8418E-1 3.39985E-1 3.01136E-1 4.60697E-1 4.36102E-1 2.80787E-1 2.88093E-1 6.5273E-1 6.64255E-1 6.64518E-1 7.08665E-1 8.05669E-1 8.0571E-1 7.58555E-1 5.07315E-1 5.12305E-1 4.94971E-1 4.57174E-1 5.6335E-1 5.62125E-1 5.39848E-1 5.47945E-1 4.76022E-1 6.14207E-1 7.21744E-1 6.72425E-1 7.50424E-1 6.35036E-1 4.70179E-1 3.67165E-1 5.13583E-1 5.64408E-1 4.84825E-1 3.85911E-1 5.16032E-1 6.41859E-1 7.99214E-1 8.48854E-1
6.85427E-1 3.4091E-1 1.80796E-1 4.34719E-1 1.51721E-1 8.30465E-2 1.56657E-1 5.51896E-1 6.93762E-1 4.79692E-1 3.12678E-1 2.96921E-1 2.98401E-1 1.80142E-1 1.58486E-1 1.76666E-1 2.64308E-1 4.5025E-1 3.36292E-1 3.59114E-1 5.06443E-1 6.25307E-1 5.1609E-1 4.86401E-1 6.68573E-1 4.06692E-1 3.11903E-1 5.37646E-1 6.32973E-1 6.56629E-1 6.6322E-1 6.86238E-1 7.77879E-1 7.75384E-1 7.16737E-1 4.90204E-1 4.44724E-1 4.69645E-1 4.59502E-1 4.95531E-1 4.92319E-1 4.87465E-1 4.35274E-1 4.11046E-1 4.94114E-1 5.1201E-1 6.59195E-1 5.08826E-1 5.60495E-1 5.28242E-1 5.01351E-1 6.15653E-1 6.43824E-1 5.35934E-1 5.54787E-1 5.8584E-1 8.18383E-1 5.96221E-1 8.49039E-1
4.69006E-1 4.34039E-1 2.77747E-1 6.30293E-1 1.9592E-1 6.88407E-2 1.14056E-1 4.3117E-1 5.53916E-1 6.75452E-1 5.56676E-1 3.34485E-1 2.83112E-1 2.18046E-1 1.87958E-1 2.33638E-1 3.05982E-1 3.36911E-1 3.26632E-1 4.38064E-1 5.83777E-1 6.01837E-1 6.1648E-1 6.241E-1 6.9445E-1 4.79906E-1 3.72115E-1 6.45425E-1 6.63651E-1 6.38413E-1 6.45258E-1 6.94187E-1 6.83707E-1 7.31837E-1 6.27479E-1 4.11768E-1 3.69718E-1 4.29595E-1 5.00572E-1 5.60848E-1 4.55599E-1 4.89239E-1 3.69679E-1 3.70089E-1 5.07883E-1 2.13069E-1 2.51823E-1 5.26499E-1 6.07978E-1 5.94424E-1 6.15443E-1 6.32066E-1 6.84373E-1 6.70536E-1 6.88428E-1 6.91503E-1 7.10363E-1 7.32914E-1 8.1874E-1
3.25965E-1 2.47435E-1 4.46743E-1 4.15629E-1 1.31715E-1 9.56983E-2 1.18767E-1 4.83443E-1 8.71298E-1 8.36411E-1 7.91336E-1 4.51521E-1 1.65992E-1 1.50562E-1 2.1511E-1 2.57479E-1 2.83383E-1 3.09784E-1 6.31993E-1 6.34359E-1 6.35492E-1 6.33701E-1 5.79822E-1 4.11295E-1 5.98394E-1 7.87193E-1 5.96994E-1 5.39157E-1 7.63181E-1 6.42871E-1 6.08008E-1 5.95935E-1 5.69501E-1 5.43304E-1 4.58852E-1 3.82547E-1 3.04218E-1 3.86833E-1 4.81461E-1 5.17565E-1 5.04112E-1 4.60544E-1 3.04591E-1 4.42454E-1 3.84817E-1 3.51407E-1 3.80664E-1 5.61984E-1 6.58258E-1 6.87399E-1 6.95807E-1 5.86987E-1 8.05736E-1 8.55683E-1 7.29E-1 6.34682E-1 7.20457E-1 7.09664E-1 5.68962E-1
5.63546E-1 1.57106E-1 4.83665E-1 2.23365E-1 1.27763E-1 1.88379E-1 3.2062E-1 7.79904E-1 8.79012E-1 8.84484E-1 8.47366E-1 7.0792E-1 1.99731E-1 1.73017E-1 1.86008E-1 2.22377E-1 3.01578E-1 3.55414E-1 6.48586E-1 6.23559E-1 4.63679E-1 3.98724E-1 3.37534E-1 2.41557E-1 4.99915E-1 7.71347E-1 5.45379E-1 4.81749E-1 6.46858E-1 5.49071E-1 5.5313E-1 5.40608E-1 5.14402E-1 4.71305E-1 4.09058E-1 3.39357E-1 2.69297E-1 2.42584E-1 3.29286E-1 3.92956E-1 4.3092E-1 2.29781E-1 2.29183E-1 3.14893E-1 4.52796E-1 4.62515E-1 5.39494E-1 6.01495E-1 6.48707E-1 8.31711E-1 8.188E-1 8.82181E-1 9.06795E-1 8.98969E-1 7.91425E-1 6.93151E-1 6.7876E-1 8.00537E-1 6.63645E-1
4.6595E-1 4.42576E-1 2.20952E-1 2.05741E-1 2.37454E-1 3.33095E-1 3.60403E-1 8.22022E-1 8.6153E-1 8.25187E-1 4.76708E-1 2.0579E-1 1.92473E-1 1.9453E-1 2.82387E-1 3.20843E-1 3.79196E-1 4.11901E-1 6.05564E-1 4.47101E-1 3.04446E-1 2.49099E-1 2.1895E-1 2.01924E-1 2.77384E-1 3.32101E-1 1.10202E-1 2.59644E-1 4.61159E-1 4.81999E-1 4.85119E-1 4.74151E-1 4.60249E-1 4.63352E-1 3.48385E-1 2.87893E-1 2.33242E-1 2.23647E-1 2.70288E-1 2.81228E-1 2.85287E-1 3.05171E-1 3.38605E-1 1.78993E-1 4.13653E-1 4.8187E-1 5.60393E-1 6.24195E-1 6.70292E-1 8.60866E-1 8.37602E-1 8.35921E-1 8.8672E-1 9.4598E-1 8.18599E-1 6.8245E-1 6.83793E-1 7.71267E-1 5.82122E-1
6.35462E-1 2.84504E-1 1.39781E-1 1.40568E-1 4.00465E-1 8.29491E-1 5.31599E-1 6.50284E-1 5.49089E-1 2.79935E-1 2.90432E-1 2.17594E-1 2.83104E-1 2.70155E-1 3.17203E-1 4.5255E-1 5.1078E-1 5.99933E-1 5.69155E-1 5.95629E-1 5.94344E-1 2.57481E-1 1.63977E-1 2.32968E-1 3.10194E-1 1.47658E-1 1.02213E-1 3.16414E-1 3.85048E-1 4.04036E-1 4.23164E-1 5.19493E-1 5.49857E-1 5.07553E-1 2.83231E-1 2.32611E-1 1.83688E-1 1.70587E-1 1.84565E-1 9.87112E-2 9.39204E-2 2.46149E-1 3.66633E-1 3.84423E-1 4.73164E-1 4.72307E-1 5.63948E-1 6.32313E-1 7.37724E-1 8.74278E-1 8.66239E-1 6.99546E-1 8.56663E-1 7.04572E-1 8.65663E-1 8.31288E-1 6.7875E-1 6.66517E-1 6.53258E-1
2.81661E-1 2.05093E-1 1.15506E-1 1.51021E-1 4.48648E-1 5.56969E-1 3.06629E-1 2.82879E-1 3.32596E-1 4.14361E-1 5.3594E-1 5.43397E-1 5.22187E-1 5.66416E-1 6.17345E-1 6.50033E-1 6.14528E-1 5.81945E-1 6.0516E-1 7.42088E-1 7.3418E-1 6.39464E-1 3.49059E-1 1.91172E-1 1.34714E-1 7.41796E-2 1.11884E-1 3.77211E-1 3.97429E-1 4.6259E-1 3.81217E-1 3.48936E-1 4.41181E-1 3.18152E-1 3.01546E-1 2.01673E-1 1.43644E-1 1.11724E-1 1.03211E-1 1.20942E-1 1.22986E-1 1.7012E-1 2.99967E-1 5.41237E-1 4.12256E-1 4.31375E-1 5.86439E-1 7.24088E-1 8.39762E-1 8.75719E-1 8.55269E-1 6.80495E-1 6.9425E-1 3.70366E-1 5.53533E-1 8.20112E-1 6.45144E-1 6.12383E-1 6.1578E-1
3.81898E-1 2.61768E-1 2.52016E-1 3.97342E-1 3.11244E-1 3.79069E-1 4.23632E-1 4.47467E-1 4.44561E-1 4.32108E-1 4.67408E-1 4.66343E-1 4.57999E-1 3.96713E-1 5.52042E-1 6.52395E-1 6.75579E-1 4.77376E-1 6.88095E-1 7.49016E-1 8.14125E-1 5.8576E-1 3.6059E-1 1.31982E-1 8.14538E-2 2.38242E-1 4.2515E-1 4.68245E-1 6.14025E-1 6.46669E-1 4.76235E-1 4.14975E-1 3.71666E-1 4.59149E-1 4.84269E-1 3.08404E-1 2.53911E-1 1.43482E-1 1.33905E-1 1.45303E-1 1.58811E-1 1.85256E-1 2.59357E-1 5.14238E-1 3.61955E-1 3.58364E-1 5.28587E-1 6.93055E-1 8.62912E-1 8.42409E-1 7.8106E-1 6.80006E-1 8.04047E-1 4.15917E-1 5.22954E-1 6.58626E-1 6.05283E-1 5.54192E-1 5.62398E-1
1.43339E-1 2.47382E-1 5.30471E-1 6.79422E-1 4.87712E-1 2.79301E-1 3.64707E-1 5.90318E-1 4.59078E-1 4.01883E-1 3.4615E-1 2.97373E-1 2.54625E-1 3.43658E-1 4.73697E-1 7.58499E-1 8.09615E-1 5.88631E-1 7.85702E-1 7.40202E-1 9.25832E-1 9.01489E-1 3.49904E-1 1.80876E-1 1.30321E-1 4.47284E-1 4.92683E-1 6.25453E-1 7.35103E-1 7.44643E-1 6.30282E-1 5.02431E-1 4.33117E-1 2.67911E-1 3.97186E-1 4.51499E-1 2.48054E-1 3.3124E-1 1.82909E-1 2.11542E-1 2.30609E-1 2.17768E-1 3.10272E-1 3.17362E-1 2.96315E-1 4.22279E-1 7.74082E-1 8.75693E-1 9.06802E-1 8.32507E-1 7.0064E-1 6.71985E-1 8.70815E-1 7.26307E-1 6.26901E-1 6.69684E-1 6.22021E-1 5.68405E-1 5.00221E-1
3.0543E-1 5.53728E-1 5.83569E-1 5.0436E-1 5.05354E-1 4.46289E-1 3.58218E-1 3.95046E-1 3.31728E-1 3.43907E-1 3.31615E-1 2.69404E-1 2.76065E-1 3.6853E-1 4.92127E-1 7.9633E-1 7.19078E-1 5.64768E-1 7.27082E-1 7.12192E-1 9.57905E-1 8.86757E-1 3.66469E-1 1.78919E-1 3.65291E-1 5.01688E-1 5.48752E-1 6.67595E-1 7.93514E-1 8.27379E-1 7.68689E-1 6.91921E-1 4.28709E-1 3.09127E-1 2.4288E-1 2.68254E-1 4.08769E-1 5.1059E-1 3.2435E-1 2.84886E-1 2.71587E-1 2.81485E-1 3.59188E-1 3.00544E-1 4.34004E-1 3.59579E-1 8.52081E-1 9.31661E-1 9.11186E-1 8.01447E-1 7.76159E-1 6.7755E-1 8.94877E-1 7.34377E-1 7.14236E-1 7.2561E-1 6.43154E-1 5.91316E-1 5.22917E-1
3.20759E-1 4.00894E-1 3.28103E-1 3.4357E-1 3.73428E-1 3.30094E-1 2.93142E-1 3.43815E-1 3.24276E-1 3.47281E-1 3.46235E-1 2.66395E-1 2.94606E-1 3.92329E-1 3.47434E-1 4.55166E-1 4.74488E-1 5.8795E-1 6.76779E-1 5.89251E-1 2.16022E-1 5.1933E-1 3.03249E-1 1.71482E-1 4.97489E-1 5.48961E-1 5.97895E-1 6.32891E-1 8.28324E-1 8.95135E-1 8.65629E-1 7.82875E-1 4.99251E-1 3.49272E-1 3.74363E-1 3.47473E-1 4.43035E-1 5.13877E-1 4.51271E-1 3.78011E-1 3.54452E-1 3.79583E-1 4.16205E-1 4.86216E-1 6.38342E-1 4.13824E-1 9.31263E-1 9.45813E-1 8.99278E-1 8.11513E-1 8.66627E-1 8.12963E-1 9.23366E-1 9.12817E-1 7.93658E-1 7.53749E-1 6.61744E-1 6.22925E-1 5.52738E-1
7.28841E-1 8.38254E-1 5.55766E-1 3.32792E-1 3.26956E-1 3.97211E-1 5.47661E-1 5.89025E-1 3.67544E-1 3.62866E-1 4.7215E-1 3.28393E-1 3.2773E-1 3.67487E-1 3.77225E-1 4.611E-1 4.01119E-1 5.93753E-1 8.09605E-1 8.04658E-1 1.61084E-1 3.73998E-1 1.4767E-1 1.95708E-1 5.36536E-1 6.39189E-1 5.74301E-1 6.60972E-1 6.84619E-1 8.48946E-1 9.32595E-1 8.78544E-1 6.89271E-1 5.61079E-1 4.81421E-1 4.94298E-1 4.14919E-1 5.18938E-1 4.29725E-1 6.30415E-1 6.13319E-1 4.54478E-1 4.80912E-1 5.1181E-1 6.44137E-1 7.83627E-1 8.76178E-1 9.05518E-1 8.53852E-1 7.28309E-1 8.88843E-1 9.01568E-1 7.52005E-1 8.50829E-1 7.8373E-1 8.05501E-1 7.07142E-1 6.88023E-1 6.51953E-1
8.77209E-1 6.30434E-1 7.07351E-1 3.83839E-1 5.84175E-1 5.61156E-1 5.35687E-1 5.67937E-1 5.09323E-1 5.72326E-1 6.82471E-1 5.54197E-1 4.88268E-1 5.96988E-1 6.58677E-1 7.35519E-1 5.57041E-1 5.72318E-1 7.13005E-1 7.31079E-1 1.53094E-1 1.66556E-1 7.12397E-2 8.75243E-2 5.0192E-1 7.47937E-1 6.81318E-1 6.72703E-1 6.85883E-1 8.51552E-1 9.08474E-1 9.67199E-1 8.583E-1 7.84909E-1 7.19447E-1 7.08471E-1 7.03755E-1 6.9566E-1 6.83402E-1 6.86969E-1 5.52551E-1 5.37412E-1 5.76946E-1 6.08826E-1 6.82813E-1 6.92084E-1 5.28916E-1 6.94385E-1 7.16989E-1 7.29409E-1 8.5158E-1 9.25354E-1 7.61833E-1 8.51222E-1 8.334E-1 8.66551E-1 8.05616E-1 7.84319E-1 7.592E-1
7.53079E-1 4.38605E-1 7.71475E-1 5.61081E-1 6.54345E-1 7.02644E-1 6.88723E-1 6.19307E-1 5.29182E-1 6.0393E-1 6.6781E-1 6.95939E-1 7.48049E-1 6.89238E-1 6.85849E-1 7.46365E-1 7.99107E-1 5.12469E-1 3.78003E-1 4.70996E-1 1.31164E-1 1.32159E-1 7.93534E-2 1.1449E-1 2.58766E-1 7.63212E-1 7.94515E-1 7.65077E-1 7.2432E-1 7.49752E-1 8.63694E-1 9.53845E-1 8.48069E-1 7.21837E-1 8.88255E-1 6.74356E-1 8.7337E-1 9.01163E-1 9.23791E-1 8.67126E-1 7.17968E-1 5.18328E-1 6.18765E-1 6.96977E-1 6.80024E-1 7.44085E-1 8.08076E-1 7.56053E-1 6.92244E-1 7.06973E-1 7.38989E-1 8.7125E-1 9.06032E-1 9.56808E-1 9.42936E-1 9.1889E-1 6.60716E-1 3.19364E-1 6.16839E-1
5.94862E-1 7.65927E-1 7.33287E-1 8.67307E-1 7.74451E-1 7.70791E-1 7.43877E-1 6.83294E-1 5.59474E-1 4.78854E-1 4.60679E-1 5.65253E-1 7.2466E-1 6.22271E-1 6.6925E-1 7.01973E-1 7.46213E-1 5.91593E-1 2.64702E-1 2.20177E-1 1.88294E-1 1.26104E-1 1.1511E-1 1.29332E-1 2.01284E-1 4.92646E-1 8.00525E-1 8.33923E-1 7.80834E-1 7.7611E-1 7.46792E-1 8.40626E-1 8.59089E-1 7.09506E-1 7.24569E-1 8.57639E-1 8.25285E-1 7.67361E-1 6.97217E-1 6.45587E-1 6.33829E-1 6.13452E-1 5.39817E-1 5.50001E-1 5.893E-1 3.62176E-1 5.57831E-1 7.05827E-1 6.92669E-1 6.80211E-1 7.24872E-1 5.38724E-1 9.89831E-1 9.96437E-1 9.94817E-1 9.81044E-1 7.94547E-1 8.63604E-1 8.08263E-1
