Phytophthora/models/20240604_1618_19/Phytophthora_PA3_RUN9_MAXENT_outputs/projMaxent.asc
ncols         225
nrows         269
xllcorner     473009.9838
yllcorner     4429051.1748
cellsize      50.0
NODATA_value  -9999
[rows 156 to 181 of 269, columns 118 to 176 of 225]
4.23776E-1 4.03943E-1 4.17343E-1 3.77913E-1 3.57883E-1 3.59454E-1 2.71854E-1 2.25274E-1 2.16592E-1 2.39487E-1 3.23437E-1 3.76966E-1 3.98481E-1 2.81803E-1 3.872E-1 3.84304E-1 2.90316E-1 2.42008E-1 2.54229E-1 1.83895E-1 1.8124E-1 2.54572E-1 5.1615E-1 5.96453E-1 5.50032E-1 2.80253E-1 2.13007E-1 2.05847E-1 3.41601E-1 3.68805E-1 1.36833E-1 4.42964E-1 1.99225E-1 2.66826E-1 4.82901E-1 5.64166E-1 6.2383E-1 6.66463E-1 5.46773E-1 4.81783E-1 3.07232E-1 1.4186E-1 1.63886E-1 2.22027E-1 1.80031E-1 2.31271E-1 3.51209E-1 3.10176E-1 1.49614E-1 1.69021E-1 1.77825E-1 2.31835E-1 3.09964E-1 3.39787E-1 3.8108E-1 4.88063E-1 4.72E-1 2.62566E-1 2.64652E-1
4.31459E-1 4.41391E-1 4.60998E-1 4.85502E-1 4.52521E-1 3.90474E-1 3.35418E-1 1.81756E-1 2.08337E-1 2.47078E-1 3.50917E-1 3.38346E-1 2.45389E-1 2.72229E-1 2.24132E-1 2.15327E-1 1.83607E-1 2.35436E-1 3.03214E-1 2.93536E-1 3.19112E-1 2.63954E-1 3.74977E-1 5.97278E-1 5.33084E-1 3.10436E-1 2.63037E-1 3.08762E-1 5.29835E-1 4.58291E-1 3.24579E-1 3.03895E-1 1.88224E-1 2.77977E-1 5.99105E-1 6.96017E-1 5.13864E-1 3.18909E-1 3.99338E-1 4.11463E-1 2.26059E-1 1.50999E-1 2.23666E-1 2.86415E-1 2.6183E-1 2.9005E-1 5.57539E-1 4.32075E-1 8.78955E-2 2.09964E-1 2.68272E-1 3.40634E-1 3.84468E-1 3.39191E-1 3.66804E-1 4.14668E-1 5.25087E-1 4.69983E-1 2.26114E-1
4.84124E-1 5.56493E-1 5.63473E-1 5.02912E-1 4.37365E-1 3.86024E-1 2.66172E-1 1.49882E-1 1.3927E-1 2.24767E-1 2.521E-1 2.63289E-1 1.60862E-1 1.68676E-1 1.96173E-1 1.59268E-1 1.50847E-1 2.27782E-1 3.06921E-1 3.81493E-1 3.90831E-1 3.45839E-1 4.93731E-1 5.52579E-1 7.26082E-1 5.73734E-1 5.99665E-1 6.89985E-1 8.09758E-1 7.7944E-1 2.53093E-1 2.07668E-1 2.11853E-1 2.64978E-1 4.71125E-1 4.36483E-1 2.69396E-1 2.77589E-1 2.04264E-1 2.11137E-1 1.51602E-1 1.05513E-1 1.78085E-1 2.56769E-1 3.14188E-1 2.61004E-1 5.78411E-1 5.40604E-1 1.18713E-1 2.49944E-1 3.16654E-1 4.5399E-1 5.9441E-1 4.30087E-1 3.52545E-1 3.53202E-1 4.93614E-1 3.77903E-1 1.58121E-1
2.84857E-1 3.50759E-1 4.07869E-1 3.82496E-1 3.51382E-1 2.49154E-1 1.8352E-1 1.34493E-1 1.66057E-1 1.6473E-1 1.43926E-1 1.9246E-1 2.13426E-1 2.07685E-1 1.71648E-1 1.40222E-1 1.16942E-1 4.17732E-1 6.83095E-1 5.09266E-1 5.20722E-1 5.74588E-1 5.94703E-1 5.53047E-1 6.48307E-1 7.22199E-1 6.03539E-1 5.93137E-1 8.53668E-1 7.16563E-1 2.76965E-1 2.28769E-1 2.08778E-1 2.24244E-1 2.34312E-1 1.51839E-1 1.70188E-1 2.05599E-1 2.04558E-1 1.74267E-1 1.46301E-1 1.0529E-1 1.45036E-1 2.49504E-1 2.33977E-1 3.16817E-1 4.5679E-1 4.99886E-1 1.2304E-1 2.46761E-1 3.47696E-1 4.29677E-1 4.58175E-1 5.93813E-1 6.30167E-1 4.53486E-1 3.3788E-1 2.5547E-1 1.51676E-1
9.95773E-2 1.36034E-1 2.54038E-1 1.87332E-1 1.6457E-1 1.62076E-1 1.36137E-1 1.62534E-1 1.63982E-1 1.4863E-1 1.49756E-1 2.06701E-1 2.44356E-1 2.17099E-1 1.54477E-1 1.99805E-1 1.91076E-1 4.12962E-1 7.7542E-1 6.666E-1 5.56724E-1 6.65736E-1 6.52063E-1 5.81314E-1 5.51672E-1 3.73862E-1 2.57075E-1 1.31316E-1 4.54086E-1 6.58515E-1 2.49562E-1 3.14866E-1 1.47418E-1 1.27407E-1 1.18432E-1 7.70405E-2 1.196E-1 1.38241E-1 1.44531E-1 1.09086E-1 1.17787E-1 1.6512E-1 1.41747E-1 2.29038E-1 2.48848E-1 4.12996E-1 6.26921E-1 5.24196E-1 1.60107E-1 3.1502E-1 4.05058E-1 4.73177E-1 4.92748E-1 7.53638E-1 8.25135E-1 4.77698E-1 2.12433E-1 1.88686E-1 1.43876E-1
1.10565E-1 2.11868E-1 1.14296E-1 1.40918E-1 1.12984E-1 1.25295E-1 1.16072E-1 1.31852E-1 1.20055E-1 1.14072E-1 1.0396E-1 1.37452E-1 1.722E-1 2.10253E-1 2.35237E-1 4.09072E-1 5.06931E-1 6.90337E-1 8.87147E-1 8.2791E-1 7.82741E-1 7.84118E-1 5.66361E-1 3.36645E-1 3.22113E-1 1.6258E-1 1.14923E-1 1.19996E-1 2.04682E-1 4.87886E-1 3.54444E-1 2.26921E-1 1.15026E-1 1.24056E-1 7.53188E-2 5.60479E-2 1.12294E-1 9.88899E-2 1.04852E-1 9.49808E-2 9.08586E-2 3.67931E-1 3.81185E-1 3.73138E-1 5.45711E-1 7.23834E-1 7.48099E-1 6.84709E-1 6.01632E-1 5.55228E-1 5.6658E-1 5.29123E-1 5.24134E-1 5.60336E-1 8.01535E-1 4.441E-1 2.52237E-1 1.19291E-1 2.53141E-1
2.22216E-1 2.61877E-1 1.26591E-1 1.69916E-1 1.27668E-1 1.18184E-1 9.70839E-2 1.15449E-1 1.3167E-1 1.25067E-1 1.20522E-1 1.92502E-1 3.429E-1 2.65433E-1 4.07983E-1 5.02312E-1 4.60663E-1 5.29516E-1 8.92198E-1 9.7026E-1 6.16995E-1 7.43881E-1 3.03145E-1 1.12886E-1 2.08022E-1 1.67946E-1 1.1217E-1 1.55537E-1 1.74661E-1 2.39928E-1 1.60265E-1 1.55125E-1 1.11506E-1 9.44664E-2 5.44072E-2 4.73758E-2 6.96195E-2 8.32532E-2 8.52069E-2 8.52359E-2 6.58027E-2 2.58808E-1 3.67809E-1 4.82251E-1 6.21077E-1 6.71032E-1 7.78539E-1 8.14823E-1 3.42317E-1 4.77036E-1 4.43979E-1 1.97644E-1 2.72685E-1 3.17049E-1 4.91913E-1 7.08115E-1 2.55947E-1 3.81003E-1 4.85379E-1
2.74796E-1 2.48026E-1 9.48417E-2 1.37167E-1 1.11481E-1 1.04417E-1 8.73592E-2 1.07157E-1 7.38987E-2 7.79168E-2 1.06253E-1 1.95863E-1 3.03406E-1 4.19356E-1 5.75019E-1 6.08972E-1 4.95661E-1 4.7668E-1 5.66639E-1 6.70978E-1 7.93324E-1 6.55554E-1 3.03042E-1 3.05353E-1 4.85178E-1 2.51642E-1 3.43387E-1 4.59578E-1 2.56917E-1 1.21433E-1 1.41644E-1 6.75468E-2 9.43506E-2 7.92505E-2 7.69936E-2 9.12626E-2 9.57114E-2 1.17762E-1 1.35739E-1 1.45745E-1 1.16832E-1 2.78543E-1 2.93013E-1 1.78732E-1 3.64483E-1 5.02636E-1 7.42282E-1 5.94419E-1 5.71656E-1 7.39987E-1 7.23129E-1 5.63363E-1 3.79795E-1 5.13283E-1 9.11718E-1 8.57265E-1 8.01627E-1 7.91538E-1 8.26625E-1
2.10385E-1 1.99541E-1 1.5607E-1 1.06611E-1 8.02255E-2 7.097E-2 1.03892E-1 1.51372E-1 1.54705E-1 9.33892E-2 1.20191E-1 2.32487E-1 2.40969E-1 3.12742E-1 6.69419E-1 6.51013E-1 3.44135E-1 2.27622E-1 2.93849E-1 3.41012E-1 3.15741E-1 5.46505E-1 5.84452E-1 5.73787E-1 6.11697E-1 5.52165E-1 5.2806E-1 5.15353E-1 3.44725E-1 1.4995E-1 1.66747E-1 8.70678E-2 1.18889E-1 1.22439E-1 1.05759E-1 1.63014E-1 1.7815E-1 1.91863E-1 2.55382E-1 4.04678E-1 3.82771E-1 4.06626E-1 4.63266E-1 2.94241E-1 3.36332E-1 4.13617E-1 7.60729E-1 8.71354E-1 8.96594E-1 7.83981E-1 7.25472E-1 5.5351E-1 3.45009E-1 3.7587E-1 5.361E-1 6.1054E-1 7.17363E-1 8.89146E-1 9.12133E-1
2.12952E-1 1.49812E-1 1.52921E-1 1.41593E-1 5.9653E-2 4.79388E-2 8.47175E-2 1.42074E-1 2.04716E-1 1.52444E-1 2.00363E-1 4.03868E-1 3.5366E-1 5.02071E-1 6.65555E-1 4.48454E-1 3.70296E-1 3.4403E-1 2.18134E-1 2.45985E-1 4.01727E-1 5.75648E-1 5.6309E-1 5.86212E-1 6.14141E-1 6.88929E-1 7.2828E-1 6.4368E-1 3.75558E-1 2.79389E-1 1.98206E-1 1.19883E-1 3.57019E-1 4.09404E-1 2.2222E-1 2.19684E-1 1.92407E-1 1.75538E-1 2.61036E-1 3.64604E-1 5.3718E-1 5.19902E-1 5.06599E-1 4.97144E-1 3.0053E-1 3.32235E-1 7.47655E-1 7.57038E-1 8.05287E-1 7.99906E-1 6.43696E-1 3.91894E-1 3.37251E-1 3.21186E-1 4.52507E-1 5.16191E-1 7.26777E-1 7.91381E-1 7.85028E-1
7.68426E-2 3.77533E-2 6.63388E-2 1.34569E-1 8.20533E-2 5.33452E-2 5.20804E-2 7.31715E-2 1.15139E-1 1.63732E-1 2.30386E-1 3.55772E-1 4.05472E-1 5.19739E-1 5.59374E-1 2.8741E-1 1.71674E-1 2.45972E-1 3.62772E-1 4.38865E-1 5.12155E-1 5.8324E-1 5.85048E-1 5.91177E-1 5.94155E-1 6.59531E-1 7.76272E-1 7.74601E-1 6.80164E-1 6.00824E-1 3.17082E-1 5.65907E-1 7.76674E-1 2.53451E-1 2.39596E-1 2.2443E-1 2.53117E-1 2.79257E-1 3.16918E-1 5.29897E-1 5.66547E-1 5.61212E-1 6.16293E-1 5.2364E-1 3.98505E-1 4.35897E-1 4.40045E-1 6.63204E-1 6.80697E-1 5.09992E-1 3.42583E-1 4.47666E-1 4.47943E-1 3.81095E-1 5.33934E-1 6.3163E-1 5.91844E-1 5.07729E-1 3.35849E-1
3.22158E-2 2.32392E-2 4.10789E-2 6.91504E-2 1.03254E-1 1.11282E-1 9.73879E-2 1.13498E-1 1.3973E-1 1.14656E-1 1.89737E-1 3.7852E-1 4.23357E-1 4.41751E-1 3.99035E-1 2.75058E-1 3.82667E-1 4.35753E-1 5.55779E-1 5.81064E-1 5.79907E-1 5.75835E-1 5.69608E-1 5.46889E-1 5.41161E-1 6.09898E-1 6.99056E-1 7.78251E-1 7.97537E-1 8.00521E-1 7.71767E-1 7.35402E-1 7.45457E-1 3.27583E-1 1.26187E-1 4.39064E-1 8.22072E-1 7.50933E-1 6.28259E-1 6.28982E-1 6.31571E-1 5.96345E-1 6.1519E-1 5.20624E-1 3.66791E-1 4.20244E-1 6.39009E-1 7.5653E-1 5.41096E-1 3.2373E-1 4.80379E-1 6.81888E-1 6.05176E-1 5.64251E-1 6.00804E-1 6.84692E-1 3.65036E-1 2.73957E-1 2.84909E-1
1.92458E-2 2.79359E-2 4.02389E-2 3.83448E-2 6.97354E-2 1.44623E-1 1.52105E-1 1.9575E-1 2.44887E-1 1.17241E-1 1.74177E-1 3.91563E-1 5.69909E-1 6.45001E-1 5.74361E-1 4.04894E-1 4.80454E-1 5.71254E-1 4.54419E-1 4.72554E-1 5.65974E-1 5.1456E-1 3.61376E-1 4.60314E-1 3.80318E-1 3.60075E-1 5.5823E-1 6.33891E-1 5.39782E-1 5.84678E-1 5.64455E-1 6.4114E-1 6.9554E-1 2.64809E-1 2.02637E-1 2.35725E-1 8.28691E-1 8.11516E-1 7.51275E-1 4.63635E-1 6.50918E-1 5.95554E-1 6.00008E-1 4.95287E-1 4.36275E-1 4.2125E-1 6.97303E-1 9.49247E-1 7.76645E-1 6.10721E-1 6.0771E-1 5.21248E-1 5.31227E-1 5.36823E-1 5.51253E-1 5.06377E-1 2.97281E-1 2.08467E-1 1.91228E-1
2.14222E-2 1.6586E-2 2.07304E-2 2.18557E-2 3.46653E-2 7.03812E-2 8.05435E-2 1.30437E-1 2.68954E-1 2.14585E-1 3.92695E-1 4.48631E-1 6.9705E-1 7.93535E-1 7.73446E-1 6.1145E-1 5.73029E-1 4.43162E-1 3.37653E-1 3.32554E-1 4.66736E-1 4.46691E-1 4.00777E-1 5.35801E-1 4.3385E-1 5.068E-1 5.91536E-1 6.5908E-1 5.94425E-1 5.89839E-1 5.70848E-1 6.11936E-1 4.43153E-1 1.83625E-1 1.66127E-1 4.94903E-1 8.81625E-1 8.48004E-1 6.21021E-1 2.17172E-1 4.48157E-1 5.95455E-1 5.92948E-1 3.17049E-1 3.38826E-1 3.73629E-1 5.60351E-1 9.20139E-1 5.77266E-1 7.11838E-1 8.1065E-1 8.1265E-1 5.88353E-1 6.37662E-1 3.86055E-1 2.17644E-1 1.93757E-1 1.59562E-1 1.4565E-1
1.11139E-1 5.31884E-2 2.74036E-2 1.85452E-2 1.39503E-2 1.99074E-2 1.38356E-2 2.64339E-2 6.42345E-2 2.01451E-1 4.27029E-1 3.96606E-1 5.10059E-1 6.83485E-1 4.54701E-1 4.56788E-1 5.91379E-1 5.42791E-1 5.05374E-1 5.48548E-1 6.45337E-1 4.84222E-1 3.52085E-1 5.83281E-1 6.49299E-1 5.72405E-1 7.03765E-1 7.80032E-1 6.25976E-1 5.85503E-1 6.03938E-1 6.15741E-1 5.327E-1 3.18537E-1 3.1154E-1 4.11879E-1 5.97924E-1 4.1134E-1 1.76486E-1 1.65743E-1 5.54042E-1 5.67692E-1 5.60687E-1 4.12145E-1 3.62346E-1 2.79729E-1 6.21298E-1 7.11635E-1 7.87009E-1 8.16445E-1 8.21105E-1 8.22919E-1 8.14451E-1 7.53337E-1 3.70375E-1 2.43878E-1 1.90101E-1 1.74711E-1 1.88509E-1
2.80096E-1 1.72755E-1 5.53449E-2 2.17821E-2 1.37314E-2 2.03126E-2 1.25617E-2 7.65398E-3 1.52001E-2 6.78159E-2 2.24092E-1 5.11115E-1 7.61749E-1 8.25007E-1 4.78454E-1 4.7787E-1 5.26569E-1 4.51007E-1 4.25231E-1 5.21781E-1 6.96232E-1 5.54981E-1 4.50852E-1 5.53335E-1 6.66853E-1 6.01774E-1 5.89235E-1 8.02282E-1 7.87241E-1 6.35659E-1 6.21358E-1 6.0459E-1 6.44132E-1 5.95956E-1 6.16812E-1 5.31199E-1 4.8102E-1 3.69496E-1 1.60392E-1 2.31918E-1 5.19448E-1 5.37617E-1 5.38317E-1 3.99899E-1 5.2138E-1 3.67955E-1 5.44289E-1 6.33325E-1 7.08722E-1 6.6544E-1 7.89277E-1 7.93722E-1 7.82005E-1 6.01893E-1 2.8879E-1 2.44775E-1 1.92131E-1 2.02524E-1 2.60333E-1
3.38612E-1 1.58593E-1 1.20784E-1 6.48437E-2 1.3494E-2 1.87703E-2 7.83454E-3 3.21268E-3 6.34933E-3 1.74197E-2 5.63481E-2 2.13826E-1 5.49704E-1 6.59328E-1 7.07504E-1 5.37704E-1 6.65152E-1 4.04406E-1 3.92406E-1 3.45984E-1 4.87766E-1 5.28502E-1 6.98667E-1 5.64332E-1 6.73212E-1 5.52141E-1 4.88449E-1 7.52348E-1 7.53304E-1 6.48088E-1 6.28814E-1 6.9289E-1 6.97075E-1 7.36761E-1 6.96265E-1 4.62984E-1 3.79578E-1 3.59548E-1 2.32776E-1 3.21491E-1 5.11886E-1 5.70725E-1 5.73259E-1 3.8708E-1 4.42654E-1 6.15326E-1 2.8056E-1 4.08686E-1 5.23277E-1 5.8989E-1 7.22375E-1 8.08112E-1 7.89267E-1 6.09933E-1 3.90389E-1 2.89598E-1 2.56233E-1 2.5173E-1 3.19406E-1
2.9525E-1 2.03994E-1 1.93635E-1 2.04063E-1 4.62333E-2 1.51735E-2 8.40524E-3 2.13997E-3 3.08549E-3 9.47934E-3 1.71729E-2 4.10251E-2 1.31157E-1 2.39822E-1 2.98169E-1 6.08045E-1 5.15507E-1 4.72727E-1 2.96742E-1 2.48575E-1 2.54972E-1 5.8241E-1 4.68016E-1 6.36449E-1 6.21041E-1 5.2864E-1 4.5868E-1 5.27287E-1 5.97665E-1 6.06381E-1 6.72212E-1 7.67559E-1 7.4715E-1 8.01587E-1 8.00261E-1 8.01117E-1 7.36729E-1 4.51879E-1 2.87068E-1 5.17226E-1 5.80102E-1 5.93692E-1 5.60164E-1 4.29615E-1 4.56233E-1 6.76518E-1 1.71217E-1 3.75062E-1 3.98206E-1 5.52658E-1 8.2615E-1 8.16141E-1 6.33981E-1 6.59705E-1 5.19309E-1 3.85405E-1 3.2423E-1 4.37215E-1 4.69371E-1
3.98047E-1 3.12664E-1 4.04976E-1 2.95056E-1 1.45085E-1 2.43519E-2 1.30551E-2 4.13573E-3 3.00001E-3 9.64616E-3 1.4637E-2 3.09307E-2 4.986E-2 7.80604E-2 1.4554E-1 1.25362E-1 5.80988E-1 6.65051E-1 3.8293E-1 2.37051E-1 3.07498E-1 3.5547E-1 6.36489E-1 4.18144E-1 5.57184E-1 6.91379E-1 4.67873E-1 5.50741E-1 7.77604E-1 6.99252E-1 6.91807E-1 7.87476E-1 7.91238E-1 8.2505E-1 6.93076E-1 8.24698E-1 7.65198E-1 6.37648E-1 5.21409E-1 5.79801E-1 5.81373E-1 4.72148E-1 4.9839E-1 3.97635E-1 4.14274E-1 4.39577E-1 4.3228E-1 2.53822E-1 2.59826E-1 4.32302E-1 7.38358E-1 6.36286E-1 4.2468E-1 3.69058E-1 4.77366E-1 6.54634E-1 3.57312E-1 4.55184E-1 4.40931E-1
6.76047E-1 5.94573E-1 6.95844E-1 5.28059E-1 1.53065E-1 4.35076E-2 1.67739E-2 8.76875E-3 3.50459E-3 6.91238E-3 1.1009E-2 1.90276E-2 2.62184E-2 2.82527E-2 6.80767E-2 8.1297E-2 1.74384E-1 3.44587E-1 6.5471E-1 2.71836E-1 3.43878E-1 3.83752E-1 5.31596E-1 4.78486E-1 4.7654E-1 7.27558E-1 3.9197E-1 3.70745E-1 4.79578E-1 7.55365E-1 7.95748E-1 8.10807E-1 8.12643E-1 7.31767E-1 8.93892E-1 8.14165E-1 7.30772E-1 6.43513E-1 4.2318E-1 5.89346E-1 5.47469E-1 5.12664E-1 6.01413E-1 5.47733E-1 4.99811E-1 4.1274E-1 2.86084E-1 2.87041E-1 2.45017E-1 3.33092E-1 5.14646E-1 5.78134E-1 3.68142E-1 2.91042E-1 2.70801E-1 4.51352E-1 6.50239E-1 6.68441E-1 5.17273E-1
7.91406E-1 6.60533E-1 7.59031E-1 5.23679E-1 1.70568E-1 9.66929E-2 3.94645E-2 1.58109E-2 6.47567E-3 5.43894E-3 8.27838E-3 1.27786E-2 1.69284E-2 1.67753E-2 3.7568E-2 1.06005E-1 7.90556E-2 1.54186E-1 2.70064E-1 2.94178E-1 4.16399E-1 3.53264E-1 4.73294E-1 5.70949E-1 2.94779E-1 4.79332E-1 5.45191E-1 3.93433E-1 6.87233E-1 7.89272E-1 6.88273E-1 6.19143E-1 5.56472E-1 6.2433E-1 8.00948E-1 7.67056E-1 7.22006E-1 6.73585E-1 5.98288E-1 6.00213E-1 5.89392E-1 5.43275E-1 5.84731E-1 6.39279E-1 6.72453E-1 4.17653E-1 3.94328E-1 3.70337E-1 3.18711E-1 2.89538E-1 3.89619E-1 3.26989E-1 3.40639E-1 2.34577E-1 1.77656E-1 2.14234E-1 3.80975E-1 6.05656E-1 5.71715E-1
8.16457E-1 7.95052E-1 8.2329E-1 3.81887E-1 1.459E-1 1.08729E-1 8.46975E-2 5.12986E-2 3.55588E-2 1.1531E-2 5.07658E-3 5.78681E-3 7.44195E-3 7.80923E-3 2.06419E-2 4.83534E-2 4.80576E-2 1.03618E-1 1.59555E-1 2.05813E-1 4.18847E-1 3.43552E-1 4.99963E-1 6.51787E-1 4.41769E-1 4.65557E-1 6.28646E-1 8.14876E-1 7.6448E-1 8.05087E-1 2.79295E-1 6.2701E-1 6.50726E-1 8.85764E-1 9.44033E-1 7.76866E-1 7.66897E-1 6.8094E-1 5.8793E-1 6.00574E-1 5.221E-1 5.84707E-1 5.97306E-1 6.12087E-1 6.12763E-1 3.97419E-1 5.22844E-1 2.88297E-1 5.17542E-1 4.55619E-1 3.87357E-1 3.73569E-1 3.86929E-1 2.02704E-1 1.29978E-1 1.77969E-1 2.28064E-1 3.24605E-1 4.13878E-1
8.06573E-1 8.16021E-1 7.8925E-1 3.11813E-1 1.64545E-1 1.28907E-1 1.07653E-1 1.37427E-1 1.80581E-1 5.95732E-2 1.05403E-2 5.13391E-3 5.19337E-3 8.43235E-3 2.36915E-2 8.67431E-2 6.16093E-2 6.7211E-2 1.4786E-1 2.47317E-1 3.90734E-1 3.2358E-1 5.61922E-1 7.89827E-1 5.41994E-1 6.90677E-1 6.15205E-1 8.10115E-1 7.23835E-1 8.12016E-1 7.12683E-1 7.88538E-1 7.85467E-1 7.88568E-1 9.49592E-1 9.01647E-1 7.80944E-1 7.01477E-1 6.08747E-1 5.04251E-1 5.52545E-1 6.10425E-1 6.03929E-1 5.28917E-1 5.2931E-1 5.28355E-1 5.36515E-1 4.00355E-1 9.24269E-1 5.65415E-1 7.00434E-1 4.46948E-1 2.69991E-1 2.66267E-1 1.93465E-1 1.89352E-1 1.52045E-1 1.7521E-1 2.50851E-1
6.62712E-1 8.11722E-1 6.12689E-1 2.53832E-1 2.1022E-1 1.75377E-1 1.37041E-1 2.48124E-1 2.39348E-1 1.53743E-1 3.99118E-2 9.94476E-3 4.98889E-3 1.64823E-2 2.54641E-2 6.27324E-2 7.35575E-2 1.14177E-1 2.28196E-1 3.01422E-1 3.69109E-1 3.9527E-1 6.63456E-1 8.24357E-1 5.82871E-1 7.98043E-1 2.94197E-1 1.16882E-1 6.33066E-1 7.68472E-1 7.05246E-1 5.41775E-1 7.27696E-1 6.61178E-1 6.87872E-1 8.47531E-1 8.8318E-1 7.79373E-1 6.42032E-1 5.8675E-1 5.74496E-1 6.45129E-1 6.77419E-1 6.21011E-1 5.49485E-1 4.87662E-1 4.91843E-1 6.15257E-1 8.48386E-1 6.34433E-1 5.18518E-1 2.75688E-1 2.59363E-1 3.3278E-1 3.90427E-1 1.78358E-1 1.39105E-1 1.47804E-1 1.54729E-1
6.35262E-1 6.91893E-1 8.83492E-1 3.20337E-1 2.14926E-1 1.84426E-1 1.74313E-1 4.08308E-1 2.87369E-1 1.81896E-1 9.12262E-2 3.72237E-2 2.01967E-2 2.14957E-2 4.41143E-2 4.8741E-2 7.89945E-2 1.44072E-1 2.07227E-1 2.61186E-1 2.7612E-1 4.95113E-1 4.89188E-1 7.27413E-1 8.30788E-1 6.2091E-1 1.4788E-1 1.52702E-1 1.9004E-1 6.08329E-1 3.76497E-1 1.57578E-1 3.12134E-1 5.10342E-1 3.81603E-1 3.51774E-1 7.95588E-1 7.34178E-1 6.47275E-1 5.71513E-1 5.37828E-1 6.22176E-1 6.11491E-1 6.05702E-1 4.8757E-1 4.84138E-1 2.09896E-1 4.6467E-1 4.90244E-1 4.09263E-1 4.31762E-1 3.23809E-1 2.94685E-1 5.06264E-1 4.66993E-1 3.3286E-1 2.9087E-1 1.75433E-1 2.06305E-1
6.38022E-1 6.46653E-1 9.31878E-1 8.4185E-1 3.34104E-1 3.64914E-1 3.76325E-1 4.49493E-1 3.27592E-1 2.3226E-1 1.33286E-1 5.43781E-2 3.94133E-2 3.7876E-2 7.59079E-2 8.9562E-2 9.93838E-2 1.17489E-1 1.5734E-1 2.02677E-1 2.38429E-1 4.35166E-1 2.62588E-1 3.30646E-1 5.76685E-1 3.31657E-1 1.9699E-1 1.17638E-1 8.17869E-2 1.21244E-1 9.85295E-2 8.19835E-2 6.32054E-2 7.85715E-2 1.78305E-1 2.84308E-1 6.81718E-1 5.15603E-1 4.2603E-1 4.69404E-1 5.01255E-1 4.57591E-1 6.48038E-1 7.04705E-1 4.32088E-1 4.85002E-1 4.23202E-1 4.66297E-1 1.66083E-1 1.96314E-1 2.14372E-1 2.54095E-1 2.08891E-1 2.19975E-1 3.02952E-1 2.37433E-1 3.68407E-1 3.18851E-1 2.90523E-1
