Phytophthora/models/20240604_1618_19/Phytophthora_PA3_RUN9_MAXENT_outputs/projMaxent.asc
ncols         225
nrows         269
xllcorner     473009.9838
yllcorner     4429051.1748
cellsize      50.0
NODATA_value  -9999
[rows 156 to 181 of 269, columns 0 to 58 of 225]
-9999 -9999 -9999 -9999 -9999 -9999 -9999 -9999 2.04074E-1 1.60353E-1 4.87408E-1 7.54002E-1 9.52129E-1 9.71199E-1 9.86789E-1 9.92177E-1 9.8652E-1 9.90214E-1 9.91245E-1 9.77456E-1 8.42578E-1 6.43393E-1 6.31172E-1 6.85614E-1 7.38373E-1 6.07985E-1 6.14393E-1 9.2996E-1 9.27582E-1 8.89575E-1 8.91928E-1 7.60261E-1 6.56786E-1 4.82325E-1 4.25904E-1 7.27429E-1 9.4732E-1 9.6958E-1 9.75776E-1 9.83794E-1 9.87197E-1 9.87847E-1 8.69016E-1 4.80623E-1 4.79171E-1 7.92118E-1 7.95478E-1 6.75853E-1 5.94298E-1 5.2417E-1 6.38613E-1 6.24942E-1 7.30058E-1 8.02935E-1 9.74973E-1 9.80165E-1 7.74416E-1 5.81646E-1 8.27487E-1
-9999 -9999 -9999 -9999 -9999 -9999 -9999 -9999 7.26278E-2 1.39023E-1 6.41347E-1 8.01417E-1 8.9615E-1 9.73045E-1 9.88738E-1 8.79911E-1 9.85903E-1 9.93948E-1 9.85051E-1 9.60789E-1 4.87829E-1 4.9675E-1 7.08016E-1 7.9774E-1 8.47045E-1 6.89922E-1 7.65256E-1 9.45017E-1 9.24587E-1 9.41995E-1 8.98692E-1 8.80536E-1 7.66199E-1 5.4221E-1 5.81374E-1 9.08045E-1 9.74708E-1 9.92456E-1 9.97387E-1 9.97519E-1 9.95817E-1 9.84153E-1 6.15122E-1 4.53431E-1 5.80787E-1 7.05365E-1 7.85976E-1 7.46194E-1 6.83013E-1 7.73398E-1 7.6348E-1 7.75684E-1 7.88665E-1 8.62433E-1 9.66955E-1 9.18982E-1 8.03034E-1 8.39873E-1 5.35763E-1
-9999 -9999 -9999 -9999 -9999 -9999 -9999 -9999 7.61414E-2 1.87612E-1 5.89081E-1 8.02918E-1 9.30877E-1 9.81235E-1 8.41601E-1 8.49713E-1 9.84602E-1 9.89732E-1 9.67741E-1 9.45997E-1 7.44864E-1 6.26323E-1 7.73813E-1 8.688E-1 9.11653E-1 8.58293E-1 9.45729E-1 9.52283E-1 9.26934E-1 8.50207E-1 6.9257E-1 9.08321E-1 8.60623E-1 7.38282E-1 9.03811E-1 9.85416E-1 9.9968E-1 9.99718E-1 9.69743E-1 9.57307E-1 8.55252E-1 8.88344E-1 6.89102E-1 5.88999E-1 6.6553E-1 4.32928E-1 5.17138E-1 5.76885E-1 7.27161E-1 8.39271E-1 9.34221E-1 9.21749E-1 8.96984E-1 9.23394E-1 9.24112E-1 9.14948E-1 8.40105E-1 5.26372E-1 1.9951E-1
-9999 -9999 -9999 -9999 -9999 -9999 -9999 -9999 1.41123E-1 2.13992E-1 4.15474E-1 8.9704E-1 9.7244E-1 9.91034E-1 8.95252E-1 9.8667E-1 9.85463E-1 9.84026E-1 9.64766E-1 9.48894E-1 8.97835E-1 7.19201E-1 8.53212E-1 8.96551E-1 9.36159E-1 9.54317E-1 9.65256E-1 9.4603E-1 8.22804E-1 6.83082E-1 5.89331E-1 6.22876E-1 8.48818E-1 9.28127E-1 9.96573E-1 9.9349E-1 9.84986E-1 8.13057E-1 7.12848E-1 6.08517E-1 7.50448E-1 8.25432E-1 7.66597E-1 4.52404E-1 3.64161E-1 3.45791E-1 3.2499E-1 2.93626E-1 6.66386E-1 8.33916E-1 9.50673E-1 9.86408E-1 9.90345E-1 9.82548E-1 9.17692E-1 8.12878E-1 6.30685E-1 2.43962E-1 1.95146E-1
-9999 -9999 -9999 -9999 -9999 -9999 -9999 -9999 -9999 3.55332E-1 5.2255E-1 8.28651E-1 9.73262E-1 9.93137E-1 9.92489E-1 9.91253E-1 9.87709E-1 9.91712E-1 9.79385E-1 9.72369E-1 8.5263E-1 7.57478E-1 8.52077E-1 9.17484E-1 9.45622E-1 9.61985E-1 9.72715E-1 8.54708E-1 6.38602E-1 5.2296E-1 4.43224E-1 6.21861E-1 8.72007E-1 8.51069E-1 8.18272E-1 6.81594E-1 6.04151E-1 6.08887E-1 6.67101E-1 6.79479E-1 7.61688E-1 6.18342E-1 4.2306E-1 3.13841E-1 3.3907E-1 3.72039E-1 3.48097E-1 3.1337E-1 5.14596E-1 7.77986E-1 8.19452E-1 7.80542E-1 9.80096E-1 9.9197E-1 8.46272E-1 8.16715E-1 5.10772E-1 1.8228E-1 2.34541E-1
-9999 -9999 -9999 -9999 -9999 -9999 -9999 -9999 1.80869E-1 4.20009E-1 3.8217E-1 6.61868E-1 9.27612E-1 9.92717E-1 9.92463E-1 9.88662E-1 9.89476E-1 9.95694E-1 9.88761E-1 9.27964E-1 6.32064E-1 5.99552E-1 6.50227E-1 9.26956E-1 8.62479E-1 9.61465E-1 9.76538E-1 7.64411E-1 5.44479E-1 4.33123E-1 1.68771E-1 3.84803E-1 5.88334E-1 6.30593E-1 5.70183E-1 5.59955E-1 6.5701E-1 7.15745E-1 7.51166E-1 8.93957E-1 9.3841E-1 6.47793E-1 3.94775E-1 2.8695E-1 3.39792E-1 4.02178E-1 3.85597E-1 3.5466E-1 3.56504E-1 4.2413E-1 6.27813E-1 6.73994E-1 8.66874E-1 9.91477E-1 8.8829E-1 7.35647E-1 4.78494E-1 2.24333E-1 3.6332E-1
-9999 -9999 -9999 -9999 -9999 -9999 -9999 9.61003E-2 1.94741E-1 1.49627E-1 2.65136E-1 5.32224E-1 8.89082E-1 9.91023E-1 9.94169E-1 9.93698E-1 9.94217E-1 9.89138E-1 9.85875E-1 8.97867E-1 6.54067E-1 6.92822E-1 7.41274E-1 8.50904E-1 7.8699E-1 9.69107E-1 9.73038E-1 7.62237E-1 5.33997E-1 4.13104E-1 6.30072E-1 4.806E-1 6.54944E-1 7.99282E-1 8.37071E-1 8.22179E-1 7.87543E-1 7.51074E-1 7.35996E-1 8.82192E-1 9.58832E-1 5.68701E-1 5.13584E-1 3.48844E-1 4.35095E-1 4.05215E-1 3.2778E-1 4.08393E-1 5.15532E-1 5.61265E-1 6.71435E-1 7.24687E-1 8.21762E-1 8.43381E-1 8.38478E-1 7.10592E-1 6.53979E-1 6.25561E-1 2.89324E-1
-9999 -9999 -9999 -9999 -9999 -9999 5.09046E-2 5.35538E-2 7.78591E-2 1.8341E-1 2.68031E-1 7.21932E-1 9.26802E-1 9.2935E-1 9.95575E-1 9.95378E-1 9.80357E-1 9.94076E-1 9.62609E-1 8.69917E-1 8.68613E-1 9.141E-1 9.10577E-1 8.09617E-1 8.14844E-1 7.25921E-1 8.65349E-1 7.06845E-1 5.06786E-1 3.22495E-1 6.19593E-1 7.08152E-1 7.5373E-1 7.86737E-1 7.44932E-1 7.06071E-1 7.41895E-1 8.45985E-1 7.18105E-1 8.95549E-1 9.56154E-1 4.94453E-1 3.96286E-1 4.02058E-1 5.26288E-1 5.89461E-1 4.82888E-1 3.73306E-1 4.74704E-1 7.23975E-1 7.0365E-1 7.01973E-1 8.3282E-1 8.78477E-1 7.30783E-1 8.35184E-1 7.33165E-1 2.00611E-1 2.46116E-1
-9999 -9999 -9999 -9999 -9999 -9999 1.09225E-1 1.00612E-1 1.2323E-1 2.50552E-1 4.57104E-1 7.76517E-1 6.76109E-1 8.11182E-1 9.31315E-1 8.81219E-1 9.97357E-1 9.87356E-1 9.67765E-1 9.7425E-1 9.66556E-1 8.43883E-1 9.30487E-1 8.98405E-1 9.20619E-1 6.8927E-1 7.69434E-1 6.26859E-1 3.52026E-1 3.08013E-1 2.77644E-1 4.76689E-1 4.98033E-1 5.5728E-1 6.57223E-1 5.88042E-1 6.4109E-1 7.81719E-1 8.627E-1 9.51572E-1 9.18121E-1 6.32803E-1 3.80249E-1 4.73902E-1 5.49961E-1 6.59637E-1 6.24864E-1 4.29766E-1 2.71492E-1 4.71519E-1 3.92672E-1 7.54691E-1 7.95924E-1 8.52311E-1 8.72454E-1 4.6526E-1 3.15601E-1 1.77325E-1 1.20304E-1
-9999 -9999 -9999 -9999 -9999 1.23562E-1 2.15511E-1 2.11332E-1 2.86055E-1 6.8536E-1 4.83863E-1 5.70049E-1 5.77343E-1 5.50035E-1 9.24818E-1 8.77505E-1 8.43995E-1 8.9753E-1 8.97763E-1 9.45418E-1 8.14968E-1 5.68371E-1 9.21681E-1 8.81486E-1 7.10293E-1 5.83537E-1 7.17013E-1 4.8869E-1 3.85056E-1 2.54881E-1 2.53841E-1 3.46391E-1 4.26653E-1 4.88589E-1 6.39448E-1 7.04256E-1 5.79027E-1 6.27891E-1 9.57116E-1 9.41909E-1 9.21083E-1 6.29711E-1 6.69195E-1 6.38643E-1 7.09819E-1 7.57802E-1 4.54875E-1 3.71499E-1 2.90248E-1 2.6027E-1 5.7518E-1 7.10456E-1 6.88445E-1 3.83998E-1 5.01594E-1 2.98994E-1 2.26959E-1 1.74811E-1 1.69305E-1
-9999 -9999 -9999 -9999 -9999 1.37476E-1 2.92757E-1 3.05969E-1 4.69702E-1 8.52887E-1 6.62434E-1 7.10431E-1 4.22635E-1 2.86214E-1 5.55494E-1 6.25314E-1 5.66194E-1 7.8523E-1 7.15618E-1 7.66364E-1 6.11206E-1 4.72357E-1 5.24932E-1 4.4906E-1 3.91271E-1 6.22976E-1 7.68755E-1 4.45307E-1 3.0378E-1 2.72606E-1 3.62061E-1 4.00788E-1 4.90596E-1 6.47181E-1 6.71156E-1 6.97927E-1 5.33369E-1 5.8948E-1 9.21933E-1 9.39888E-1 7.99604E-1 5.37066E-1 7.48888E-1 8.03883E-1 8.48884E-1 6.96876E-1 4.19784E-1 3.33184E-1 2.24366E-1 3.66409E-1 6.91994E-1 6.41685E-1 3.23442E-1 8.49083E-2 9.02387E-2 5.92059E-2 1.87293E-1 2.0045E-1 3.70519E-1
-9999 -9999 -9999 -9999 -9999 1.63851E-1 2.52815E-1 3.10591E-1 5.17651E-1 6.78055E-1 9.04972E-1 7.75486E-1 4.12884E-1 3.77829E-1 5.23717E-1 7.3899E-1 6.62721E-1 7.10719E-1 5.82052E-1 5.4324E-1 3.93589E-1 4.9214E-1 5.31259E-1 4.63373E-1 3.81756E-1 4.42194E-1 3.36625E-1 3.98566E-1 3.40695E-1 3.70705E-1 5.07717E-1 5.52292E-1 7.85811E-1 8.72154E-1 8.91017E-1 7.62193E-1 6.07087E-1 6.26607E-1 7.63976E-1 7.7051E-1 4.77903E-1 5.39182E-1 8.11052E-1 7.38963E-1 6.26197E-1 4.92752E-1 5.27968E-1 3.95815E-1 2.41166E-1 4.58752E-1 5.67765E-1 3.37099E-1 9.36536E-2 5.9824E-2 1.13387E-1 1.12019E-1 2.17948E-1 3.48792E-1 7.49398E-1
-9999 -9999 -9999 -9999 -9999 2.11476E-1 2.83191E-1 3.53663E-1 4.75709E-1 4.99508E-1 8.08985E-1 5.98473E-1 2.47171E-1 3.52891E-1 6.78624E-1 7.60928E-1 7.5947E-1 6.84592E-1 5.55102E-1 2.7748E-1 2.50533E-1 2.89765E-1 2.76196E-1 2.43773E-1 2.26364E-1 1.41805E-1 4.85394E-1 3.25728E-1 4.48267E-1 6.03951E-1 7.50445E-1 7.60366E-1 8.79962E-1 8.56588E-1 7.39442E-1 5.80162E-1 6.07911E-1 6.54958E-1 7.01115E-1 5.09863E-1 3.0969E-1 4.2217E-1 6.798E-1 5.37189E-1 4.04191E-1 3.14106E-1 4.08869E-1 2.64988E-1 1.81405E-1 1.46149E-1 1.90546E-1 3.25552E-1 8.92287E-2 6.34411E-2 1.01295E-1 1.19596E-1 2.63145E-1 4.89193E-1 4.5892E-1
-9999 -9999 -9999 -9999 2.36295E-1 2.77576E-1 2.91319E-1 4.00879E-1 4.98005E-1 5.88438E-1 7.09554E-1 3.94506E-1 2.5074E-1 4.69245E-1 5.38343E-1 3.4733E-1 3.1123E-1 3.28972E-1 3.66865E-1 2.69614E-1 1.98181E-1 2.21434E-1 2.10442E-1 2.58186E-1 2.70586E-1 3.35611E-1 3.4073E-1 4.06035E-1 5.07579E-1 6.37148E-1 8.11319E-1 7.65496E-1 8.60969E-1 6.68897E-1 5.38119E-1 5.96335E-1 6.48851E-1 6.86983E-1 7.26903E-1 5.02428E-1 2.94549E-1 3.91008E-1 5.8683E-1 4.20031E-1 3.07434E-1 2.40143E-1 2.73404E-1 1.89107E-1 1.55017E-1 1.11284E-1 1.67993E-1 2.65688E-1 1.06559E-1 1.16936E-1 1.30139E-1 1.59861E-1 3.20347E-1 3.39929E-1 3.97568E-1
-9999 -9999 -9999 -9999 1.13165E-1 2.47649E-1 3.74566E-1 4.52508E-1 7.73217E-1 8.68932E-1 8.59293E-1 4.76603E-1 6.08457E-1 5.96234E-1 4.95105E-1 3.69423E-1 2.34983E-1 2.57919E-1 1.56787E-1 1.63163E-1 1.63835E-1 1.54363E-1 1.83662E-1 2.71326E-1 3.17294E-1 4.01925E-1 5.34889E-1 7.36231E-1 6.23001E-1 7.21569E-1 6.77741E-1 5.36585E-1 6.30668E-1 5.08127E-1 5.2217E-1 6.69853E-1 6.26633E-1 6.28858E-1 7.11976E-1 4.40131E-1 2.95879E-1 3.29775E-1 3.61687E-1 2.72179E-1 2.27788E-1 2.89633E-1 2.23807E-1 1.8187E-1 1.58787E-1 1.28199E-1 3.52709E-1 3.58556E-1 1.48649E-1 1.68379E-1 3.10297E-1 4.02589E-1 4.31237E-1 4.59702E-1 4.25571E-1
-9999 -9999 -9999 -9999 1.58253E-1 2.06236E-1 3.52112E-1 6.44944E-1 8.58935E-1 9.3946E-1 9.35193E-1 7.07542E-1 8.87105E-1 5.36755E-1 3.75159E-1 2.20432E-1 3.34206E-1 1.82013E-1 1.53154E-1 1.11263E-1 1.28762E-1 1.72975E-1 2.91336E-1 4.08717E-1 4.17839E-1 4.81975E-1 7.75501E-1 8.92687E-1 7.2526E-1 7.13681E-1 6.0167E-1 4.92493E-1 4.69067E-1 5.19812E-1 5.54817E-1 5.84558E-1 5.77438E-1 4.99255E-1 4.29104E-1 2.99882E-1 2.49455E-1 2.2629E-1 2.06411E-1 1.90841E-1 2.02441E-1 2.57618E-1 1.69474E-1 1.68713E-1 2.05028E-1 3.12636E-1 2.84069E-1 1.56882E-1 1.53357E-1 1.9245E-1 3.01475E-1 5.33219E-1 4.64638E-1 4.16373E-1 4.19996E-1
-9999 -9999 -9999 -9999 1.40604E-1 2.00185E-1 3.33806E-1 6.10588E-1 8.22673E-1 8.69398E-1 8.00877E-1 6.52649E-1 5.64318E-1 4.40553E-1 2.25845E-1 3.29505E-1 3.44605E-1 2.02377E-1 1.32757E-1 2.09418E-1 3.83988E-1 4.76268E-1 6.50005E-1 6.92866E-1 7.30203E-1 7.10158E-1 8.48275E-1 7.51342E-1 5.50553E-1 5.06717E-1 4.78637E-1 5.84807E-1 6.36813E-1 6.42331E-1 5.91866E-1 4.95023E-1 5.28249E-1 4.32099E-1 3.00372E-1 2.29476E-1 2.05595E-1 1.57566E-1 1.19973E-1 1.4148E-1 1.21907E-1 1.26471E-1 1.27534E-1 1.36838E-1 1.82297E-1 3.13819E-1 8.93341E-2 2.30571E-1 2.66227E-1 2.12845E-1 2.59239E-1 3.31791E-1 3.50945E-1 4.66303E-1 4.34959E-1
-9999 -9999 -9999 1.02072E-1 1.48544E-1 3.39636E-1 4.6262E-1 5.84096E-1 7.71711E-1 8.14206E-1 5.36429E-1 4.80928E-1 6.97183E-1 5.48659E-1 3.07999E-1 3.16456E-1 3.2838E-1 2.33999E-1 2.01499E-1 4.11022E-1 6.06143E-1 6.12231E-1 6.02236E-1 5.91018E-1 8.68709E-1 8.76875E-1 8.17444E-1 5.3228E-1 4.63927E-1 4.93279E-1 3.98496E-1 5.58565E-1 7.91895E-1 6.93887E-1 5.34854E-1 4.00137E-1 3.45171E-1 3.10088E-1 3.54454E-1 3.19836E-1 2.05806E-1 2.04934E-1 1.52496E-1 1.55405E-1 1.34622E-1 1.48656E-1 2.4294E-1 2.11921E-1 3.20709E-1 2.51418E-1 2.34526E-1 2.7015E-1 2.57422E-1 2.46534E-1 3.42954E-1 5.50469E-1 3.62483E-1 6.15507E-1 5.61604E-1
-9999 -9999 -9999 1.65743E-1 1.97205E-1 2.49489E-1 3.58339E-1 5.12723E-1 9.0311E-1 6.38946E-1 5.40256E-1 8.23413E-1 9.7017E-1 5.6673E-1 3.46033E-1 3.93682E-1 3.57125E-1 3.11625E-1 3.20432E-1 4.85991E-1 4.20014E-1 4.08763E-1 4.11213E-1 4.7709E-1 6.97035E-1 7.87263E-1 6.15078E-1 5.71621E-1 5.03993E-1 3.86384E-1 3.02843E-1 5.35293E-1 6.20552E-1 4.79772E-1 4.69788E-1 3.08522E-1 2.50875E-1 2.0525E-1 2.70379E-1 3.11169E-1 2.84625E-1 3.16564E-1 3.03282E-1 3.43889E-1 2.2496E-1 2.03072E-1 2.31766E-1 1.19104E-1 1.40583E-1 2.85406E-1 2.90487E-1 3.14646E-1 3.52935E-1 2.9691E-1 4.52664E-1 5.17925E-1 4.10024E-1 4.86903E-1 7.03936E-1
4.44467E-2 7.71689E-2 1.6164E-1 2.80578E-1 2.78583E-1 2.53769E-1 3.43815E-1 4.91829E-1 8.32107E-1 8.16971E-1 8.65908E-1 9.21518E-1 9.43771E-1 8.9835E-1 6.46645E-1 5.40259E-1 3.8611E-1 5.35696E-1 5.04887E-1 4.26571E-1 4.35623E-1 4.90674E-1 4.44994E-1 3.94455E-1 5.41E-1 4.73002E-1 5.28479E-1 5.93585E-1 4.59779E-1 2.31994E-1 1.79299E-1 2.28117E-1 3.34847E-1 3.23225E-1 3.36667E-1 3.07999E-1 3.29763E-1 2.63633E-1 3.9818E-1 4.68707E-1 4.26329E-1 4.14895E-1 4.30866E-1 4.66617E-1 1.87952E-1 3.56206E-1 1.77628E-1 1.28507E-1 2.24689E-1 2.25704E-1 2.04099E-1 3.6799E-1 4.72361E-1 3.38467E-1 4.83124E-1 4.40553E-1 3.57723E-1 4.6063E-1 5.43535E-1
-9999 1.26255E-1 2.18812E-1 3.26233E-1 3.66197E-1 3.65057E-1 5.07126E-1 6.50543E-1 6.88709E-1 9.5366E-1 9.65351E-1 6.60156E-1 9.05817E-1 9.75571E-1 7.24137E-1 5.25486E-1 5.11E-1 5.63248E-1 7.91559E-1 7.96956E-1 6.85162E-1 5.39383E-1 5.90862E-1 5.34693E-1 3.97754E-1 3.26544E-1 5.52886E-1 5.95901E-1 4.22229E-1 3.00043E-1 2.01888E-1 1.25781E-1 1.64171E-1 2.57298E-1 4.27072E-1 3.65287E-1 4.60872E-1 4.70395E-1 6.29396E-1 5.1738E-1 4.53763E-1 5.66396E-1 3.84793E-1 3.21069E-1 2.70458E-1 1.99894E-1 2.72132E-1 2.00778E-1 1.63808E-1 2.34264E-1 3.10748E-1 4.71506E-1 5.56356E-1 4.51433E-1 4.00543E-1 3.22653E-1 2.55157E-1 2.59647E-1 3.87155E-1
-9999 -9999 2.82023E-1 3.70846E-1 4.23038E-1 4.68073E-1 7.60022E-1 8.01752E-1 5.92774E-1 7.99762E-1 8.8955E-1 9.38559E-1 9.81683E-1 9.22868E-1 7.50728E-1 6.62759E-1 6.25404E-1 6.02157E-1 8.55204E-1 8.44523E-1 6.17467E-1 5.97584E-1 6.51264E-1 4.33313E-1 2.4262E-1 3.09945E-1 4.63743E-1 6.07944E-1 8.25254E-1 8.39393E-1 6.3587E-1 4.41186E-1 3.71348E-1 5.03025E-1 4.46895E-1 3.85235E-1 4.59624E-1 6.63213E-1 7.81019E-1 8.54374E-1 7.28491E-1 5.3138E-1 3.554E-1 2.4562E-1 4.13724E-1 3.50492E-1 4.51241E-1 9.94463E-2 1.10379E-1 1.86146E-1 3.46326E-1 4.69919E-1 3.46723E-1 3.84378E-1 3.8766E-1 3.99152E-1 2.63952E-1 2.30637E-1 2.63805E-1
-9999 -9999 -9999 5.25384E-1 5.76966E-1 6.01699E-1 8.95711E-1 7.90189E-1 5.71419E-1 6.30656E-1 7.10295E-1 9.55782E-1 9.90944E-1 9.81219E-1 8.08276E-1 5.4893E-1 4.10137E-1 4.85475E-1 6.65144E-1 6.49033E-1 6.03282E-1 5.94365E-1 4.4687E-1 3.75544E-1 1.64355E-1 1.98253E-1 2.67655E-1 7.18111E-1 9.03252E-1 9.12077E-1 8.1934E-1 7.08167E-1 5.59232E-1 4.76338E-1 3.2915E-1 4.37209E-1 6.40864E-1 9.22351E-1 9.44939E-1 9.60657E-1 9.66467E-1 5.57618E-1 3.82575E-1 4.80587E-1 6.25961E-1 6.05612E-1 4.03386E-1 1.13164E-1 1.46035E-1 2.51048E-1 3.82757E-1 3.32482E-1 2.73149E-1 2.81224E-1 3.46845E-1 3.75224E-1 3.08372E-1 2.34861E-1 2.23073E-1
-9999 -9999 -9999 6.55764E-1 7.21573E-1 6.87912E-1 8.90014E-1 9.65097E-1 9.48373E-1 8.28159E-1 5.13502E-1 6.52212E-1 8.62412E-1 9.70617E-1 9.5754E-1 5.82196E-1 4.10799E-1 4.14512E-1 4.38566E-1 5.37487E-1 5.22962E-1 4.74019E-1 3.04262E-1 3.2227E-1 2.16208E-1 1.58036E-1 2.835E-1 8.6184E-1 9.34251E-1 9.51832E-1 9.29212E-1 7.73615E-1 5.58492E-1 3.33006E-1 2.31946E-1 5.76147E-1 7.95546E-1 8.72557E-1 9.91837E-1 9.93394E-1 8.76093E-1 8.46704E-1 5.04093E-1 8.12546E-1 5.88829E-1 6.45734E-1 2.4361E-1 1.63227E-1 1.81527E-1 3.74365E-1 4.67796E-1 3.92783E-1 3.06882E-1 4.13028E-1 5.22055E-1 5.59958E-1 5.84983E-1 3.68173E-1 2.91161E-1
-9999 -9999 -9999 -9999 7.20722E-1 7.75878E-1 9.37715E-1 9.38026E-1 9.66183E-1 9.52409E-1 3.32951E-1 4.90949E-1 5.19396E-1 7.97643E-1 6.20249E-1 4.19221E-1 3.95205E-1 3.56005E-1 3.94434E-1 5.1039E-1 5.34749E-1 3.57132E-1 3.12322E-1 4.03527E-1 4.33834E-1 3.55147E-1 4.28076E-1 9.05796E-1 8.97237E-1 8.9443E-1 9.37396E-1 6.53371E-1 5.08498E-1 4.04854E-1 3.5482E-1 6.89789E-1 9.04795E-1 8.83622E-1 8.7177E-1 9.93903E-1 8.74635E-1 8.58577E-1 8.50056E-1 8.6898E-1 3.32715E-1 2.05605E-1 1.50502E-1 1.84539E-1 2.21259E-1 3.96467E-1 3.83398E-1 4.2413E-1 5.07563E-1 5.01995E-1 6.39213E-1 8.27723E-1 8.21337E-1 8.44136E-1 3.91361E-1
-9999 -9999 -9999 -9999 -9999 -9999 9.10091E-1 8.66004E-1 9.5146E-1 9.24983E-1 8.07416E-1 8.20796E-1 8.19685E-1 6.43852E-1 5.16711E-1 3.89689E-1 3.00124E-1 3.34025E-1 3.37886E-1 3.70673E-1 3.35192E-1 3.29625E-1 3.04613E-1 3.29938E-1 5.59696E-1 6.9174E-1 4.25624E-1 8.36414E-1 8.02926E-1 8.23744E-1 8.22646E-1 7.79445E-1 6.20643E-1 3.33458E-1 3.37098E-1 7.66479E-1 9.15759E-1 8.19076E-1 8.53535E-1 6.63476E-1 3.09118E-1 4.64589E-1 6.4604E-1 6.24275E-1 2.99186E-1 1.49151E-1 1.64761E-1 3.05531E-1 2.73274E-1 2.81587E-1 3.41388E-1 2.63243E-1 5.63228E-1 7.62646E-1 6.86818E-1 7.52131E-1 8.15816E-1 8.45787E-1 6.78985E-1
