Phytophthora/models/20240604_1618_19/Phytophthora_PA3_RUN9_MAXENT_outputs/projMaxent.asc
ncols         225
nrows         269
xllcorner     473009.9838
yllcorner     4429051.1748
cellsize      50.0
NODATA_value  -9999
[rows 52 to 77 of 269, columns 0 to 58 of 225]
-9999 -9999 -9999 -9999 -9999 -9999 -9999 -9999 -9999 -9999 -9999 -9999 -9999 -9999 -9999 -9999 -9999 -9999 -9999 -9999 -9999 -9999 5.52845E-3 7.62074E-3 3.16852E-2 5.06577E-2 2.14044E-2 1.15112E-2 2.2011E-2 1.17958E-2 1.2945E-2 2.0535E-2 6.40402E-2 6.72302E-2 8.85329E-2 1.16058E-1 1.4535E-1 1.66618E-1 1.71376E-1 1.86686E-1 3.79875E-1 3.62523E-1 2.07348E-1 1.59085E-1 1.50063E-1 1.38808E-1 9.46519E-2 1.22443E-1 1.2601E-1 1.08552E-1 1.19852E-1 1.16335E-1 9.41147E-2 1.09623E-1 1.06461E-1 1.0259E-1 4.75471E-2 4.17052E-2 3.01193E-2
-9999 -9999 -9999 -9999 -9999 -9999 -9999 -9999 -9999 -9999 -9999 -9999 -9999 -9999 -9999 -9999 -9999 -9999 -9999 -9999 -9999 -9999 5.62376E-3 3.24377E-3 1.16154E-2 2.69983E-2 1.18467E-2 8.65034E-3 2.26115E-2 1.48186E-2 1.3417E-2 1.27737E-2 6.72823E-2 8.30331E-2 1.21066E-1 1.45478E-1 9.14501E-2 1.58025E-1 1.09372E-1 1.03004E-1 2.55153E-1 2.29738E-1 9.29983E-2 1.35812E-1 1.40449E-1 1.17902E-1 1.20161E-1 8.42566E-2 1.19701E-1 1.40661E-1 1.63226E-1 1.22757E-1 1.38749E-1 1.34906E-1 1.19673E-1 5.69418E-2 2.46999E-2 2.17036E-2 3.25245E-2
-9999 -9999 -9999 -9999 -9999 -9999 -9999 -9999 -9999 -9999 -9999 -9999 -9999 -9999 -9999 -9999 -9999 -9999 -9999 -9999 -9999 -9999 5.66604E-3 9.11285E-3 1.29038E-2 1.711E-2 3.88808E-2 3.18565E-2 3.50628E-2 1.59117E-2 1.12123E-2 1.48768E-2 8.69876E-2 1.3854E-1 5.27339E-2 1.51635E-1 1.41619E-1 1.38695E-1 9.28967E-2 1.14685E-1 1.72021E-1 1.2211E-1 6.63684E-2 6.61619E-2 2.47974E-1 2.8423E-1 2.87207E-1 2.83633E-1 2.57974E-1 2.78601E-1 1.30805E-1 8.12009E-2 8.32225E-2 9.09488E-2 1.07424E-1 5.51445E-2 4.40776E-2 1.88081E-2 2.9264E-2
-9999 -9999 -9999 -9999 -9999 -9999 -9999 -9999 -9999 -9999 -9999 -9999 -9999 -9999 -9999 -9999 -9999 -9999 -9999 -9999 -9999 -9999 1.71396E-3 5.5603E-3 9.67429E-3 2.52571E-2 2.03767E-2 4.69128E-2 3.73943E-2 3.73996E-2 2.46113E-2 2.89876E-2 1.19647E-1 1.10913E-1 2.04834E-1 1.7843E-1 1.61202E-1 1.64633E-1 1.40528E-1 1.60563E-1 1.19387E-1 1.3155E-1 1.13015E-1 1.30424E-1 2.12878E-1 2.90881E-1 2.07395E-1 1.2193E-1 1.42827E-1 8.80412E-2 5.39477E-2 7.66681E-2 4.35486E-2 3.61527E-2 6.90526E-2 3.95992E-2 4.17415E-2 1.27359E-2 1.05763E-2
-9999 -9999 -9999 -9999 -9999 -9999 -9999 -9999 -9999 -9999 -9999 -9999 -9999 -9999 -9999 -9999 -9999 -9999 -9999 -9999 -9999 8.36976E-4 1.25881E-3 2.32774E-3 1.69096E-3 4.53815E-3 2.0385E-2 3.72255E-2 2.76282E-2 1.61538E-2 2.17529E-2 2.22359E-2 1.56234E-1 2.03603E-1 1.92682E-1 1.48526E-1 8.32781E-2 8.99481E-2 1.23447E-1 1.69785E-1 6.2593E-2 9.17886E-2 9.72299E-2 1.0072E-1 7.03396E-2 7.32497E-2 6.18137E-2 4.43015E-2 3.49622E-2 2.945E-2 2.8554E-2 4.15812E-2 4.38178E-2 5.23222E-2 3.84608E-2 2.81196E-2 2.84047E-2 1.10052E-2 1.023E-2
-9999 -9999 -9999 -9999 -9999 -9999 -9999 -9999 -9999 -9999 -9999 -9999 -9999 -9999 -9999 -9999 -9999 -9999 3.84513E-4 3.88418E-4 4.93783E-4 7.94605E-4 1.55761E-3 9.2057E-4 8.01913E-4 2.5824E-3 1.00137E-2 1.44236E-2 1.37738E-2 2.77081E-2 4.54075E-2 2.75892E-2 4.0653E-2 1.07249E-1 1.182E-1 6.77775E-2 2.55243E-2 2.37385E-2 8.87342E-2 1.08767E-1 3.34367E-2 7.68205E-2 8.0763E-2 5.28919E-2 3.54156E-2 3.57496E-2 4.59589E-2 3.12731E-2 2.11687E-2 8.3987E-2 4.45264E-2 2.60182E-2 1.77383E-2 3.81301E-2 3.88802E-2 2.0867E-2 1.08033E-2 1.22025E-2 2.06299E-2
-9999 -9999 -9999 -9999 -9999 -9999 -9999 -9999 -9999 -9999 -9999 -9999 -9999 -9999 -9999 -9999 2.88737E-5 1.06402E-4 2.7754E-4 3.05685E-4 8.3034E-4 1.50438E-3 3.8535E-3 2.76077E-3 3.48499E-3 3.12487E-3 1.8634E-2 2.39835E-2 1.21734E-2 1.59402E-2 2.20095E-2 2.63E-2 6.84312E-2 5.97386E-2 3.14206E-2 1.80935E-2 2.16663E-2 2.80876E-2 5.1734E-2 5.64446E-2 2.62161E-2 5.29514E-2 8.93623E-2 7.27934E-2 4.25824E-2 3.84711E-2 3.2505E-2 3.93817E-2 7.04212E-2 7.26834E-2 3.91491E-2 2.33936E-2 1.19548E-2 8.13301E-3 1.31484E-2 1.67386E-2 1.99946E-2 1.71898E-2 2.91496E-2
-9999 -9999 -9999 -9999 -9999 -9999 -9999 -9999 -9999 -9999 -9999 -9999 -9999 -9999 1.6557E-5 3.00775E-5 5.6356E-5 1.12786E-4 2.32063E-4 7.30118E-4 2.6461E-3 3.66058E-3 3.24073E-3 1.01604E-2 1.26353E-2 1.52631E-2 3.50191E-2 4.82027E-2 2.23294E-2 1.81801E-2 1.78919E-2 3.55618E-2 8.3912E-2 3.98705E-2 1.85575E-2 1.5517E-2 1.97794E-2 3.76022E-2 4.02288E-2 4.19395E-2 2.8781E-2 3.90573E-2 3.67243E-2 3.99329E-2 8.09336E-2 7.3394E-2 4.40423E-2 5.28487E-2 6.20299E-2 6.36241E-2 2.26687E-2 3.86978E-2 5.77884E-2 1.22388E-2 1.20809E-2 1.0115E-2 8.87167E-3 1.86943E-2 2.41359E-2
-9999 -9999 -9999 -9999 -9999 -9999 -9999 -9999 -9999 -9999 -9999 -9999 -9999 1.11977E-5 3.13586E-5 6.43851E-5 1.71197E-4 1.86758E-4 1.86659E-4 1.46272E-3 2.66801E-3 4.23507E-3 4.7081E-3 1.13133E-2 1.85264E-2 2.30034E-2 3.67043E-2 4.93309E-2 2.49432E-2 1.88558E-2 1.51101E-2 2.91899E-2 7.3678E-2 4.15247E-2 1.67737E-2 1.92594E-2 2.18639E-2 2.89842E-2 2.40454E-2 3.36303E-2 4.35032E-2 4.52486E-2 3.79687E-2 2.34187E-2 4.75011E-2 6.02355E-2 5.83765E-2 2.5974E-2 2.2822E-2 3.58905E-2 2.25834E-2 2.4722E-2 5.35731E-2 1.85998E-2 1.35984E-2 1.07443E-2 1.04355E-2 1.17144E-2 1.47823E-2
-9999 -9999 -9999 -9999 -9999 -9999 -9999 -9999 -9999 -9999 -9999 -9999 -9999 5.58996E-6 5.51488E-5 1.17783E-4 1.46896E-4 1.62069E-4 3.55514E-4 1.45978E-3 1.84089E-3 3.37543E-3 6.32627E-3 1.18185E-2 1.80679E-2 2.87038E-2 4.3202E-2 5.10642E-2 6.22693E-2 3.83322E-2 3.9623E-2 4.37435E-2 4.66491E-2 2.6734E-2 1.69754E-2 1.41727E-2 2.4954E-2 2.5654E-2 1.94276E-2 2.12216E-2 2.32639E-2 1.7989E-2 2.85188E-2 2.26571E-2 2.33372E-2 4.85031E-2 4.8694E-2 2.08031E-2 2.43174E-2 2.62736E-2 1.91546E-2 1.2425E-2 2.3094E-2 1.02051E-2 9.79421E-3 8.20082E-3 1.03347E-2 8.42264E-3 9.08516E-3
-9999 -9999 -9999 -9999 -9999 -9999 -9999 -9999 -9999 -9999 -9999 -9999 -9999 1.68407E-5 6.39614E-5 1.62921E-4 1.43731E-4 1.90763E-4 1.33584E-3 1.75841E-3 2.46422E-3 2.81668E-3 5.169E-3 8.52051E-3 1.25297E-2 2.78874E-2 4.6698E-2 5.84313E-2 6.86994E-2 7.26899E-2 8.08204E-2 4.38287E-2 2.54716E-2 1.92392E-2 1.23981E-2 9.88873E-3 1.18318E-2 1.67921E-2 1.21885E-2 1.50048E-2 2.31825E-2 2.08351E-2 2.2612E-2 2.19236E-2 1.67016E-2 2.29071E-2 2.1461E-2 2.37049E-2 2.2219E-2 2.5131E-2 1.33709E-2 8.09448E-3 6.12517E-3 9.10946E-3 3.04073E-2 1.54793E-2 1.09366E-2 9.47152E-3 6.40865E-3
-9999 -9999 -9999 -9999 -9999 -9999 -9999 -9999 -9999 -9999 -9999 -9999 2.8347E-5 3.25817E-5 1.35773E-4 2.38673E-4 1.97231E-4 3.56735E-4 1.72263E-3 2.33247E-3 3.36832E-3 4.56712E-3 6.1238E-3 8.44486E-3 1.25146E-2 2.92212E-2 4.476E-2 5.86849E-2 6.59598E-2 7.80246E-2 7.94636E-2 2.67478E-2 3.13647E-2 2.80006E-2 1.41057E-2 1.41711E-2 1.77828E-2 1.63504E-2 9.3824E-3 1.20313E-2 1.79345E-2 2.65317E-2 2.37166E-2 1.40887E-2 1.21065E-2 1.16679E-2 2.45831E-2 3.95046E-2 2.82602E-2 2.10631E-2 9.49673E-3 7.71898E-3 3.4677E-3 9.5082E-3 1.28945E-2 2.41258E-2 1.86369E-2 1.4963E-2 1.4023E-2
-9999 -9999 -9999 -9999 -9999 -9999 -9999 -9999 -9999 -9999 -9999 -9999 4.8239E-5 8.08173E-5 2.64426E-4 3.63715E-4 3.65943E-4 2.11707E-3 2.38889E-3 3.15357E-3 4.38142E-3 5.89471E-3 7.91758E-3 1.02708E-2 2.40626E-2 3.87217E-2 4.45435E-2 5.8077E-2 4.73291E-2 4.39544E-2 2.55144E-2 1.74189E-2 1.82475E-2 2.87473E-2 1.33494E-2 1.41435E-2 1.42287E-2 9.59331E-3 8.82848E-3 1.55252E-2 1.59588E-2 2.61815E-2 2.58821E-2 1.57907E-2 1.21423E-2 1.11583E-2 1.9911E-2 4.08843E-2 3.81961E-2 1.45476E-2 7.29729E-3 5.0559E-3 3.29678E-3 8.41106E-3 8.51517E-3 7.5815E-3 2.29556E-2 1.57522E-2 2.02302E-2
-9999 -9999 -9999 -9999 -9999 -9999 -9999 -9999 -9999 -9999 -9999 -9999 2.45712E-4 1.96631E-4 2.7829E-4 3.9869E-4 8.34282E-4 2.22634E-3 2.69964E-3 3.864E-3 5.40878E-3 7.33804E-3 9.72284E-3 1.44271E-2 3.00568E-2 4.38281E-2 7.15657E-2 5.97718E-2 6.31629E-2 2.22761E-2 1.64239E-2 2.01016E-2 2.51315E-2 3.42651E-2 1.65574E-2 1.33265E-2 8.57927E-3 7.92578E-3 7.63627E-3 8.21367E-3 1.04393E-2 1.20536E-2 1.87016E-2 2.92135E-2 3.366E-2 3.30457E-2 3.65452E-2 1.51766E-2 1.21164E-2 6.08175E-3 5.41498E-3 5.95175E-3 5.96847E-3 6.01605E-3 1.07075E-2 4.75629E-3 7.50399E-3 7.42162E-3 1.70322E-2
-9999 -9999 -9999 -9999 -9999 -9999 -9999 -9999 -9999 -9999 2.49637E-6 2.83934E-5 4.80131E-5 2.88562E-4 2.90591E-4 3.47641E-4 7.95213E-4 3.71381E-3 3.69301E-3 4.48494E-3 6.28667E-3 8.61151E-3 1.3144E-2 2.4562E-2 3.15707E-2 4.24185E-2 8.61595E-2 6.69311E-2 6.26798E-2 3.00298E-2 1.39161E-2 1.99788E-2 1.56511E-2 1.78217E-2 1.19566E-2 1.1475E-2 8.42571E-3 5.8231E-3 6.24078E-3 7.49614E-3 9.99658E-3 1.36488E-2 2.18269E-2 2.41391E-2 2.55744E-2 2.58086E-2 2.90994E-2 2.90031E-2 1.1617E-2 1.33939E-2 2.38586E-2 1.18698E-2 1.08479E-2 1.22286E-2 9.06767E-3 7.12326E-3 7.99906E-3 6.92118E-3 1.38205E-2
-9999 -9999 -9999 -9999 -9999 -9999 -9999 -9999 5.25105E-6 6.83223E-6 8.99469E-6 1.27E-5 4.15579E-5 2.00344E-4 2.64427E-4 3.6783E-4 4.88335E-4 2.11813E-3 4.32823E-3 5.13978E-3 7.21292E-3 9.86501E-3 1.41519E-2 2.08962E-2 2.60073E-2 4.04117E-2 5.63943E-2 5.40356E-2 3.2855E-2 2.9274E-2 1.64368E-2 1.24936E-2 8.56392E-3 1.03065E-2 1.12411E-2 1.60474E-2 1.18158E-2 6.68057E-3 7.26566E-3 1.35748E-2 1.61411E-2 1.77779E-2 2.71903E-2 2.53393E-2 2.52234E-2 1.9346E-2 2.01874E-2 2.47045E-2 2.6874E-2 2.67505E-2 2.30695E-2 8.84927E-3 1.18457E-2 6.34655E-3 6.76271E-3 5.66229E-3 5.28888E-3 5.80812E-3 6.51164E-3
-9999 -9999 -9999 -9999 -9999 -9999 -9999 -9999 -9999 -9999 2.82957E-5 4.53167E-5 6.27937E-5 1.90361E-4 2.87477E-4 3.32699E-4 5.63378E-4 3.26757E-3 4.34559E-3 5.70646E-3 8.1002E-3 1.10928E-2 1.44834E-2 1.80925E-2 2.14502E-2 3.95726E-2 4.96408E-2 2.6698E-2 1.35001E-2 1.83358E-2 1.05261E-2 8.51925E-3 8.24025E-3 6.03288E-3 6.40718E-3 9.02594E-3 1.49621E-2 1.37828E-2 7.89109E-3 1.41987E-2 1.57215E-2 2.51067E-2 2.24632E-2 2.5144E-2 2.33729E-2 1.3017E-2 1.27722E-2 1.6075E-2 1.91206E-2 2.28736E-2 1.53426E-2 6.26544E-3 8.10208E-3 5.3535E-3 7.35162E-3 1.19409E-2 7.17154E-3 4.34613E-3 7.36606E-3
-9999 -9999 -9999 -9999 -9999 -9999 -9999 -9999 -9999 -9999 -9999 -9999 -9999 3.56759E-4 3.58157E-4 3.32772E-4 6.28455E-4 3.68257E-3 5.13209E-3 6.06199E-3 8.65449E-3 1.2165E-2 1.54373E-2 1.89134E-2 2.2342E-2 2.75785E-2 4.54988E-2 1.85558E-2 1.42076E-2 1.13271E-2 6.61747E-3 6.17474E-3 6.41384E-3 6.11106E-3 4.9724E-3 7.56399E-3 7.7295E-3 1.16319E-2 1.21278E-2 1.07954E-2 1.02273E-2 1.46139E-2 1.16729E-2 1.53943E-2 1.97603E-2 1.64516E-2 1.72832E-2 2.5412E-2 2.20332E-2 2.74469E-2 2.29259E-2 1.35281E-2 3.72728E-3 6.01934E-3 1.2177E-2 2.4724E-2 2.48347E-2 9.17827E-3 2.08022E-2
-9999 -9999 -9999 -9999 -9999 -9999 -9999 -9999 -9999 -9999 -9999 -9999 -9999 -9999 -9999 -9999 -9999 -9999 -9999 5.11762E-3 8.83146E-3 1.96405E-2 2.39764E-2 2.46763E-2 2.60682E-2 2.65215E-2 4.06968E-2 2.09294E-2 1.78877E-2 1.53362E-2 6.58173E-3 8.27706E-3 6.59842E-3 9.54681E-3 5.77803E-3 5.46231E-3 4.97947E-3 8.29551E-3 8.77437E-3 1.15469E-2 8.05582E-3 7.45311E-3 8.06913E-3 1.18538E-2 2.50888E-2 2.23834E-2 2.20699E-2 2.52327E-2 2.88176E-2 1.77967E-2 1.65689E-2 1.71974E-2 4.5382E-3 2.50654E-3 6.2325E-3 8.50712E-3 1.24747E-2 1.42281E-2 1.16375E-2
-9999 -9999 -9999 -9999 -9999 -9999 -9999 -9999 -9999 -9999 -9999 -9999 -9999 -9999 -9999 -9999 -9999 -9999 -9999 -9999 6.14558E-3 1.47614E-2 2.5863E-2 3.0736E-2 3.54606E-2 2.91156E-2 1.26211E-2 1.23137E-2 1.04993E-2 1.09346E-2 6.10754E-3 8.04811E-3 5.4441E-3 7.17379E-3 1.38256E-2 1.23159E-2 7.57496E-3 1.26514E-2 9.81869E-3 1.03249E-2 7.79868E-3 8.8044E-3 6.9066E-3 8.60904E-3 9.21548E-3 1.3572E-2 1.73126E-2 2.18533E-2 1.12074E-2 7.99654E-3 1.48457E-2 1.16584E-2 3.63478E-3 2.93514E-3 4.33396E-3 7.5613E-3 9.36731E-3 8.57396E-3 7.81412E-3
-9999 -9999 -9999 -9999 -9999 -9999 -9999 -9999 -9999 -9999 -9999 -9999 -9999 -9999 -9999 -9999 -9999 -9999 -9999 -9999 -9999 2.07969E-2 1.96918E-2 2.89125E-2 3.29054E-2 1.92611E-2 1.28685E-2 1.35099E-2 1.32894E-2 8.98645E-3 6.2566E-3 8.14003E-3 6.90839E-3 6.29026E-3 1.59423E-2 1.36125E-2 1.90249E-2 1.87683E-2 9.00485E-3 8.86406E-3 1.38894E-2 1.68851E-2 1.40331E-2 1.98067E-2 8.8416E-3 1.43674E-2 2.44902E-2 1.93509E-2 8.49739E-3 8.72897E-3 2.11303E-2 9.71648E-3 3.37697E-3 3.22842E-3 4.75173E-3 6.70598E-3 8.55297E-3 1.27066E-2 8.21607E-3
-9999 -9999 -9999 -9999 -9999 -9999 -9999 -9999 -9999 -9999 -9999 -9999 -9999 -9999 -9999 -9999 -9999 -9999 -9999 -9999 -9999 -9999 2.28169E-2 2.5768E-2 2.07371E-2 6.10077E-3 7.22292E-3 1.16937E-2 1.55778E-2 1.41372E-2 7.5803E-3 9.74457E-3 1.14941E-2 6.98933E-3 1.02184E-2 1.98465E-2 2.55605E-2 1.83167E-2 8.5742E-3 5.78141E-3 1.21963E-2 2.34796E-2 2.50433E-2 2.5938E-2 2.97385E-2 2.79618E-2 2.53618E-2 2.10665E-2 2.42682E-2 2.44409E-2 2.5114E-2 1.35535E-2 5.1444E-3 4.77322E-3 7.9812E-3 7.08996E-3 1.36363E-2 2.90113E-2 2.18076E-2
-9999 -9999 -9999 -9999 -9999 -9999 -9999 -9999 -9999 -9999 -9999 -9999 -9999 -9999 -9999 -9999 -9999 -9999 -9999 -9999 -9999 -9999 -9999 2.01251E-2 1.18388E-2 6.12052E-3 5.63716E-3 9.66429E-3 9.16385E-3 9.21551E-3 1.21074E-2 2.49962E-2 1.9E-2 1.55985E-2 1.41869E-2 1.52904E-2 1.63287E-2 1.28334E-2 6.3534E-3 9.87193E-3 1.56284E-2 2.52251E-2 1.819E-2 1.33774E-2 2.68075E-2 2.33871E-2 2.23877E-2 2.34269E-2 2.42949E-2 2.39045E-2 2.34389E-2 1.47722E-2 5.56061E-3 7.52539E-3 1.20959E-2 8.80442E-3 1.69969E-2 2.43612E-2 2.14546E-2
-9999 -9999 -9999 -9999 -9999 -9999 -9999 -9999 -9999 -9999 -9999 -9999 -9999 -9999 -9999 -9999 -9999 -9999 -9999 -9999 -9999 -9999 -9999 -9999 4.89643E-3 7.13077E-3 8.62592E-3 1.03768E-2 1.27186E-2 1.69468E-2 3.37644E-2 5.75284E-2 7.26644E-2 8.19693E-2 3.6265E-2 1.75679E-2 2.08606E-2 2.7464E-2 1.23935E-2 1.82692E-2 2.29123E-2 2.29917E-2 1.18007E-2 1.28857E-2 2.17345E-2 2.10351E-2 2.1044E-2 1.06858E-2 2.495E-2 1.86969E-2 1.86174E-2 1.67274E-2 1.0027E-2 1.05068E-2 1.79478E-2 1.30117E-2 2.97078E-2 4.16952E-2 4.56506E-2
-9999 -9999 -9999 -9999 -9999 -9999 -9999 -9999 -9999 -9999 -9999 -9999 -9999 -9999 -9999 -9999 -9999 -9999 -9999 -9999 -9999 -9999 -9999 -9999 -9999 -9999 1.08105E-2 1.32412E-2 2.1211E-2 3.74643E-2 4.49263E-2 3.75095E-2 1.02161E-1 3.5798E-2 5.65594E-2 5.68608E-2 4.77945E-2 4.48004E-2 2.895E-2 2.6049E-2 2.95778E-2 2.64756E-2 2.85354E-2 2.49303E-2 2.41939E-2 2.34795E-2 1.58344E-2 1.50742E-2 1.20759E-2 8.25263E-3 6.5694E-3 9.06528E-3 1.61399E-2 1.57101E-2 2.11044E-2 2.88811E-2 3.70739E-2 4.67581E-2 4.52179E-2
-9999 -9999 -9999 -9999 -9999 -9999 -9999 -9999 -9999 -9999 -9999 -9999 -9999 -9999 -9999 -9999 -9999 -9999 -9999 -9999 -9999 -9999 -9999 -9999 -9999 -9999 -9999 -9999 -9999 6.70421E-2 4.1064E-2 2.03232E-2 3.78637E-2 4.76173E-2 2.82965E-2 1.88396E-2 3.87619E-2 5.53861E-2 3.7253E-2 3.70106E-2 2.88663E-2 1.61849E-2 2.7876E-2 2.57131E-2 2.52832E-2 1.23874E-2 1.0165E-2 9.71245E-3 9.00246E-3 5.40129E-3 7.47571E-3 1.45714E-2 1.17984E-2 1.98356E-2 2.01632E-2 2.84893E-2 2.60107E-2 4.27885E-2 2.34858E-2
