Phytophthora/models/20240429_1812_56/Phytophthora_PA1_RUN1_MAXENT_outputs/Phytophthora_PA1_RUN1.asc
ncols         225
nrows         269
xllcorner     473000.0
yllcorner     4429100.0
cellsize      50.0
NODATA_value  -9999
[rows 189 to 215 of 269, columns 0 to 59 of 225]
-9999 -9999 -9999 -9999 -9999 -9999 -9999 -9999 -9999 -9999 -9999 -9999 -9999 -9999 -9999 -9999 7.09756E-1 8.39341E-1 8.73357E-1 8.30156E-1 6.14553E-1 5.76828E-1 5.71577E-1 5.99653E-1 6.04312E-1 6.65862E-1 6.45334E-1 5.8499E-1 5.66668E-1 5.27402E-1 6.65458E-1 6.61995E-1 7.50345E-1 8.65334E-1 6.722E-1 5.30321E-1 5.74654E-1 6.14238E-1 6.7592E-1 6.85248E-1 4.85605E-1 4.00142E-1 3.12085E-1 3.29883E-1 4.07612E-1 7.31377E-1 7.86289E-1 8.1421E-1 7.97967E-1 7.98736E-1 6.42399E-1 5.50871E-1 5.16675E-1 5.44945E-1 5.38694E-1 5.74434E-1 5.60388E-1 5.68122E-1 6.63642E-1 6.64581E-1
-9999 -9999 -9999 -9999 -9999 -9999 -9999 -9999 -9999 -9999 -9999 -9999 -9999 -9999 -9999 8.18332E-1 8.30576E-1 8.56503E-1 8.80054E-1 8.17861E-1 5.81492E-1 5.23462E-1 5.39436E-1 5.50333E-1 4.58004E-1 6.238E-1 5.88129E-1 5.39359E-1 5.38718E-1 5.02837E-1 6.70674E-1 7.2263E-1 7.89174E-1 8.1847E-1 8.48033E-1 7.60428E-1 5.5977E-1 6.49318E-1 6.79251E-1 6.90882E-1 4.73819E-1 3.21601E-1 2.78051E-1 3.21812E-1 3.99736E-1 7.1444E-1 7.58802E-1 7.97567E-1 8.22834E-1 6.96894E-1 5.57901E-1 5.15613E-1 5.27404E-1 5.53525E-1 5.83024E-1 6.19763E-1 6.5152E-1 6.58216E-1 6.84545E-1 6.50201E-1
-9999 -9999 -9999 -9999 -9999 -9999 -9999 -9999 -9999 -9999 -9999 -9999 -9999 -9999 -9999 5.55546E-1 5.60859E-1 5.94424E-1 6.4687E-1 5.32185E-1 4.61022E-1 4.53229E-1 4.8945E-1 4.74961E-1 4.61755E-1 4.65352E-1 4.77503E-1 4.06828E-1 4.04793E-1 4.22181E-1 5.76508E-1 6.22526E-1 6.46362E-1 6.36957E-1 5.74114E-1 6.5526E-1 6.25558E-1 6.19304E-1 6.64738E-1 7.08611E-1 6.08084E-1 4.85013E-1 4.51006E-1 5.25601E-1 4.95887E-1 3.80523E-1 4.41318E-1 2.97396E-1 4.30323E-1 3.73384E-1 4.5168E-1 4.6923E-1 5.24679E-1 5.65998E-1 6.10816E-1 7.26397E-1 7.58599E-1 7.72393E-1 7.80807E-1 7.28202E-1
-9999 -9999 -9999 -9999 -9999 -9999 -9999 -9999 -9999 -9999 -9999 -9999 -9999 -9999 -9999 -9999 6.36875E-1 6.09246E-1 5.70298E-1 4.86532E-1 4.56481E-1 4.55294E-1 4.5578E-1 4.19515E-1 3.75358E-1 4.22788E-1 4.33265E-1 4.28973E-1 4.50783E-1 4.97627E-1 6.27436E-1 6.23481E-1 6.80552E-1 7.02068E-1 6.99877E-1 3.68176E-1 6.42237E-1 6.84864E-1 7.08914E-1 6.25274E-1 4.87774E-1 4.68503E-1 4.53675E-1 5.05358E-1 4.91699E-1 3.68222E-1 2.85006E-1 3.897E-1 2.49179E-1 2.59364E-1 3.89951E-1 4.47186E-1 5.00027E-1 5.38602E-1 5.66396E-1 7.16989E-1 7.65036E-1 8.09446E-1 8.08434E-1 7.37203E-1
-9999 -9999 -9999 -9999 -9999 -9999 -9999 -9999 -9999 -9999 -9999 -9999 -9999 -9999 -9999 -9999 5.75612E-1 5.24316E-1 5.20685E-1 4.77608E-1 4.97913E-1 4.63957E-1 4.00667E-1 3.80267E-1 3.6658E-1 3.67999E-1 4.05659E-1 4.51876E-1 4.97887E-1 5.55475E-1 6.61938E-1 6.76064E-1 6.9828E-1 7.05347E-1 7.03718E-1 3.45851E-1 7.0557E-1 7.47563E-1 7.07527E-1 5.19076E-1 4.91487E-1 5.47218E-1 5.89486E-1 2.25678E-1 4.76535E-1 3.94854E-1 3.1887E-1 2.40534E-1 2.1802E-1 2.34818E-1 4.24619E-1 4.70724E-1 5.10025E-1 5.43862E-1 6.00949E-1 7.00723E-1 5.88972E-1 7.83164E-1 8.22916E-1 7.58098E-1
-9999 -9999 -9999 -9999 -9999 -9999 -9999 -9999 -9999 -9999 -9999 -9999 -9999 -9999 -9999 -9999 -9999 4.51102E-1 4.77484E-1 4.79976E-1 5.13696E-1 4.16684E-1 3.56181E-1 3.48769E-1 3.5334E-1 3.7937E-1 4.31572E-1 4.8903E-1 5.38282E-1 6.03114E-1 7.07664E-1 7.01112E-1 7.04747E-1 7.01377E-1 6.94695E-1 4.77302E-1 5.28669E-1 6.73322E-1 5.79568E-1 5.43484E-1 6.39506E-1 3.63271E-1 5.48138E-1 4.08602E-1 3.73693E-1 2.68E-1 2.40355E-1 2.13309E-1 2.08659E-1 2.68726E-1 4.58908E-1 4.7E-1 4.94536E-1 5.41873E-1 6.25519E-1 7.588E-1 7.75427E-1 7.92317E-1 7.92498E-1 7.66103E-1
-9999 -9999 -9999 -9999 -9999 -9999 -9999 -9999 -9999 -9999 -9999 -9999 -9999 -9999 -9999 -9999 -9999 -9999 -9999 -9999 -9999 -9999 3.28217E-1 3.36229E-1 3.80055E-1 4.05961E-1 4.52114E-1 5.1398E-1 5.80571E-1 6.16566E-1 6.92176E-1 6.39087E-1 6.05984E-1 6.35885E-1 5.86003E-1 7.44984E-1 7.41624E-1 6.67832E-1 6.24203E-1 6.8879E-1 6.80205E-1 6.25408E-1 3.83201E-1 2.97168E-1 2.14435E-1 1.72025E-1 2.01283E-1 1.99473E-1 2.03671E-1 2.79416E-1 4.41537E-1 4.76045E-1 4.98908E-1 5.61829E-1 6.43069E-1 7.49903E-1 7.75428E-1 7.76328E-1 7.72788E-1 7.19956E-1
-9999 -9999 -9999 -9999 -9999 -9999 -9999 -9999 -9999 -9999 -9999 -9999 -9999 -9999 -9999 -9999 -9999 -9999 -9999 -9999 -9999 -9999 -9999 -9999 4.71499E-1 4.46888E-1 4.7692E-1 5.38207E-1 6.19077E-1 6.70386E-1 7.29422E-1 7.12117E-1 7.33586E-1 7.29974E-1 7.9748E-1 6.99544E-1 7.28999E-1 6.12911E-1 4.49824E-1 5.58251E-1 3.27701E-1 2.1449E-1 1.53168E-1 1.17656E-1 9.51407E-2 1.73759E-1 1.91143E-1 2.3198E-1 2.76217E-1 3.4996E-1 4.75432E-1 4.97753E-1 5.23578E-1 5.89845E-1 6.51468E-1 6.52668E-1 6.73581E-1 6.72016E-1 6.527E-1 6.45943E-1
-9999 -9999 -9999 -9999 -9999 -9999 -9999 -9999 -9999 -9999 -9999 -9999 -9999 -9999 -9999 -9999 -9999 -9999 -9999 -9999 -9999 -9999 -9999 -9999 -9999 -9999 4.74451E-1 5.34882E-1 5.95827E-1 6.53E-1 7.48655E-1 7.72066E-1 6.28349E-1 4.77873E-1 7.41052E-1 6.81426E-1 6.33158E-1 5.45966E-1 5.97272E-1 5.96088E-1 2.22274E-1 1.67034E-1 1.49908E-1 1.31579E-1 1.19117E-1 2.16035E-1 2.09686E-1 2.69387E-1 3.14393E-1 3.28804E-1 4.42246E-1 4.77673E-1 5.0136E-1 5.87508E-1 6.41595E-1 6.2763E-1 6.3923E-1 6.36148E-1 6.34242E-1 6.08003E-1
-9999 -9999 -9999 -9999 -9999 -9999 -9999 -9999 -9999 -9999 -9999 -9999 -9999 -9999 -9999 -9999 -9999 -9999 -9999 -9999 -9999 -9999 -9999 -9999 -9999 -9999 -9999 4.98805E-1 5.52592E-1 6.01687E-1 6.61794E-1 7.24476E-1 6.53417E-1 7.61215E-1 6.85893E-1 7.52144E-1 5.33338E-1 6.33284E-1 5.867E-1 2.5616E-1 2.19394E-1 2.19263E-1 1.81644E-1 1.51808E-1 1.59986E-1 2.78446E-1 3.05627E-1 3.75516E-1 3.70367E-1 3.70244E-1 4.53061E-1 4.63364E-1 5.28017E-1 5.72931E-1 5.95631E-1 5.93297E-1 6.09479E-1 6.10635E-1 6.17997E-1 6.14992E-1
-9999 -9999 -9999 -9999 -9999 -9999 -9999 -9999 -9999 -9999 -9999 -9999 -9999 -9999 -9999 -9999 -9999 -9999 -9999 -9999 -9999 -9999 -9999 -9999 -9999 -9999 -9999 4.99899E-1 5.4732E-1 5.96831E-1 6.88501E-1 7.16022E-1 6.99928E-1 6.81022E-1 6.09746E-1 7.38132E-1 4.15655E-1 5.12141E-1 5.18427E-1 4.83331E-1 9.03983E-2 2.72126E-1 1.95019E-1 1.74807E-1 2.10717E-1 3.44845E-1 4.19431E-1 4.92904E-1 3.74015E-1 3.63E-1 5.12688E-1 5.29204E-1 5.45038E-1 5.58537E-1 5.57174E-1 5.38586E-1 6.06416E-1 7.17833E-1 6.59474E-1 6.30875E-1
-9999 -9999 -9999 -9999 -9999 -9999 -9999 -9999 -9999 -9999 -9999 -9999 -9999 -9999 -9999 -9999 -9999 -9999 -9999 -9999 -9999 -9999 -9999 -9999 -9999 -9999 -9999 5.36429E-1 5.86643E-1 6.44088E-1 5.30395E-1 7.05547E-1 6.52742E-1 6.69881E-1 6.70557E-1 5.50811E-1 4.83663E-1 4.2327E-1 5.19805E-1 5.53992E-1 3.56677E-1 2.96663E-1 2.34035E-1 2.14554E-1 2.29283E-1 4.2424E-1 5.44201E-1 4.5362E-1 4.00734E-1 4.3673E-1 5.98159E-1 6.04013E-1 5.92882E-1 5.77052E-1 5.70795E-1 5.49948E-1 5.64658E-1 3.97362E-1 4.95646E-1 5.08735E-1
-9999 -9999 -9999 -9999 -9999 -9999 -9999 -9999 -9999 -9999 -9999 -9999 -9999 -9999 -9999 -9999 -9999 -9999 -9999 -9999 -9999 -9999 -9999 -9999 -9999 -9999 5.87619E-1 6.42645E-1 6.70863E-1 6.82571E-1 7.65458E-1 -9999 4.8688E-1 6.95992E-1 6.257E-1 4.32412E-1 4.53671E-1 3.62883E-1 5.37006E-1 5.24104E-1 4.79436E-1 1.0397E-1 2.97019E-1 2.64138E-1 2.95099E-1 6.06487E-1 6.26609E-1 5.49312E-1 5.35069E-1 5.57349E-1 5.44271E-1 5.28387E-1 5.2557E-1 5.00081E-1 4.41177E-1 1.09882E-1 3.86073E-1 4.09664E-1 4.1897E-1 4.59516E-1
-9999 -9999 -9999 -9999 -9999 -9999 -9999 -9999 -9999 -9999 -9999 -9999 -9999 -9999 -9999 -9999 -9999 -9999 -9999 -9999 -9999 -9999 -9999 -9999 -9999 -9999 6.15638E-1 5.89828E-1 3.89167E-1 -9999 -9999 -9999 4.97984E-1 5.81866E-1 4.7435E-1 3.51177E-1 2.56877E-1 3.98001E-1 5.71554E-1 6.26682E-1 3.41608E-1 3.54983E-1 2.20945E-1 9.43268E-2 4.11074E-1 6.11751E-1 6.10571E-1 5.77465E-1 5.96849E-1 6.12411E-1 6.04866E-1 5.77184E-1 5.88803E-1 2.90479E-1 3.72806E-1 3.7526E-1 3.88085E-1 4.1263E-1 4.14218E-1 4.61098E-1
-9999 -9999 -9999 -9999 -9999 -9999 -9999 -9999 -9999 -9999 -9999 -9999 -9999 -9999 -9999 -9999 -9999 -9999 -9999 -9999 -9999 -9999 -9999 -9999 -9999 -9999 -9999 5.47681E-1 -9999 -9999 -9999 -9999 3.58373E-1 4.23247E-1 4.57381E-1 3.35008E-1 3.04305E-1 3.2604E-1 3.29967E-1 2.89653E-1 4.10139E-1 2.53652E-1 3.40761E-1 2.40095E-1 1.71402E-1 5.50372E-1 6.16662E-1 6.63528E-1 6.6513E-1 6.71085E-1 6.43691E-1 6.55516E-1 3.46993E-1 4.6901E-1 3.52932E-1 3.84686E-1 4.08599E-1 4.4098E-1 4.50922E-1 5.30344E-1
-9999 -9999 -9999 -9999 -9999 -9999 -9999 -9999 -9999 -9999 -9999 -9999 -9999 -9999 -9999 -9999 -9999 -9999 -9999 -9999 -9999 -9999 -9999 -9999 -9999 -9999 -9999 -9999 -9999 -9999 -9999 -9999 -9999 4.03245E-1 4.61144E-1 3.25562E-1 2.96145E-1 3.13648E-1 4.92051E-1 4.71726E-1 3.53989E-1 2.11023E-1 2.50982E-1 2.5189E-1 2.8683E-1 5.9854E-1 4.13967E-1 6.49826E-1 7.26809E-1 4.68141E-1 6.56115E-1 5.22567E-1 4.36104E-1 3.89945E-1 3.51556E-1 3.89816E-1 4.11547E-1 4.71215E-1 5.82839E-1 6.40745E-1
-9999 -9999 -9999 -9999 -9999 -9999 -9999 -9999 -9999 -9999 -9999 -9999 -9999 -9999 -9999 -9999 -9999 -9999 -9999 -9999 -9999 -9999 -9999 -9999 -9999 -9999 -9999 -9999 -9999 -9999 -9999 -9999 -9999 -9999 4.58964E-1 2.51391E-1 3.06354E-1 3.96661E-1 3.56473E-1 4.2647E-1 3.51729E-1 3.17538E-1 1.94969E-1 2.1715E-1 3.34024E-1 7.0942E-1 6.44395E-1 7.62953E-1 6.70807E-1 4.85131E-1 5.93351E-1 6.15288E-1 4.95995E-1 4.21019E-1 3.82055E-1 4.32529E-1 4.70847E-1 6.30679E-1 5.68843E-1 6.77265E-1
-9999 -9999 -9999 -9999 -9999 -9999 -9999 -9999 -9999 -9999 -9999 -9999 -9999 -9999 -9999 -9999 -9999 -9999 -9999 -9999 -9999 -9999 -9999 -9999 -9999 -9999 -9999 -9999 -9999 -9999 -9999 -9999 -9999 -9999 4.88854E-1 2.94476E-1 2.90191E-1 5.07254E-1 4.19259E-1 5.22197E-1 5.43244E-1 4.82164E-1 3.48483E-1 3.38322E-1 4.62152E-1 2.36263E-1 7.0137E-1 5.85914E-1 5.61201E-1 4.58104E-1 2.82958E-1 4.21616E-1 3.70119E-1 3.01639E-1 2.68148E-1 2.90214E-1 3.83421E-1 5.00336E-1 5.21887E-1 6.28068E-1
-9999 -9999 -9999 -9999 -9999 -9999 -9999 -9999 -9999 -9999 -9999 -9999 -9999 -9999 -9999 -9999 -9999 -9999 -9999 -9999 -9999 -9999 -9999 -9999 -9999 -9999 -9999 -9999 -9999 -9999 -9999 -9999 -9999 -9999 -9999 3.37242E-1 3.33033E-1 2.90918E-1 4.93415E-1 3.57021E-1 3.9217E-1 3.35736E-1 3.66039E-1 3.77124E-1 4.3442E-1 5.84246E-1 4.80523E-1 6.77735E-1 3.04508E-1 5.68095E-1 3.88353E-1 4.43026E-1 4.00833E-1 3.65371E-1 3.60702E-1 3.68722E-1 5.11023E-1 5.38053E-1 3.70477E-1 6.99538E-1
-9999 -9999 -9999 -9999 -9999 -9999 -9999 -9999 -9999 -9999 -9999 -9999 -9999 -9999 -9999 -9999 -9999 -9999 -9999 -9999 -9999 -9999 -9999 -9999 -9999 -9999 -9999 -9999 -9999 -9999 -9999 -9999 -9999 -9999 -9999 2.76768E-1 3.16444E-1 3.01972E-1 4.87982E-1 3.02401E-1 3.52718E-1 3.18282E-1 3.03571E-1 3.87501E-1 3.70639E-1 4.56278E-1 4.53376E-1 7.01416E-1 3.33223E-1 4.35491E-1 2.06026E-1 3.66325E-1 3.73863E-1 2.95334E-1 3.18472E-1 3.22237E-1 4.49018E-1 3.50288E-1 2.16739E-1 5.08082E-1
-9999 -9999 -9999 -9999 -9999 -9999 -9999 -9999 -9999 -9999 -9999 -9999 -9999 -9999 -9999 -9999 -9999 -9999 -9999 -9999 -9999 -9999 -9999 -9999 -9999 -9999 -9999 -9999 -9999 -9999 -9999 -9999 -9999 -9999 -9999 -9999 3.35419E-1 3.39385E-1 4.31713E-1 4.08743E-1 3.90974E-1 3.64006E-1 3.50054E-1 4.8523E-1 6.0458E-1 4.17582E-1 4.82932E-1 5.65355E-1 6.16765E-1 5.71953E-1 3.82432E-1 3.87209E-1 3.58584E-1 3.62197E-1 3.78565E-1 3.24679E-1 2.82661E-1 4.64408E-1 4.03697E-1 5.02831E-1
-9999 -9999 -9999 -9999 -9999 -9999 -9999 -9999 -9999 -9999 -9999 -9999 -9999 -9999 -9999 -9999 -9999 -9999 -9999 -9999 -9999 -9999 -9999 -9999 -9999 -9999 -9999 -9999 -9999 -9999 -9999 -9999 -9999 -9999 -9999 -9999 3.46265E-1 3.26116E-1 3.51937E-1 2.51129E-1 4.51449E-1 3.46785E-1 3.52097E-1 5.59265E-1 2.67404E-1 5.06555E-1 6.04181E-1 4.98818E-1 7.7324E-1 4.8952E-1 4.31655E-1 3.99956E-1 3.14871E-1 3.24428E-1 3.45922E-1 3.33576E-1 3.0005E-1 3.27923E-1 4.94159E-1 4.75435E-1
-9999 -9999 -9999 -9999 -9999 -9999 -9999 -9999 -9999 -9999 -9999 -9999 -9999 -9999 -9999 -9999 -9999 -9999 -9999 -9999 -9999 -9999 -9999 -9999 -9999 -9999 -9999 -9999 -9999 -9999 -9999 -9999 -9999 -9999 -9999 -9999 3.9013E-1 3.6721E-1 3.24154E-1 3.08469E-1 5.61704E-1 4.59074E-1 4.72188E-1 6.67598E-1 4.33338E-1 3.48092E-1 3.62222E-1 5.98905E-1 6.46998E-1 5.20692E-1 5.28308E-1 5.55745E-1 4.85425E-1 4.89059E-1 4.55386E-1 4.12333E-1 3.88616E-1 4.92337E-1 5.02598E-1 5.75515E-1
-9999 -9999 -9999 -9999 -9999 -9999 -9999 -9999 -9999 -9999 -9999 -9999 -9999 -9999 -9999 -9999 -9999 -9999 -9999 -9999 -9999 -9999 -9999 -9999 -9999 -9999 -9999 -9999 -9999 -9999 -9999 -9999 -9999 -9999 -9999 -9999 2.79978E-1 3.0989E-1 3.33653E-1 3.44072E-1 6.00506E-1 4.90542E-1 4.9453E-1 5.44361E-1 5.36892E-1 3.62387E-1 3.53715E-1 3.99806E-1 4.07466E-1 4.86026E-1 4.97803E-1 4.5108E-1 4.89237E-1 5.1082E-1 4.45491E-1 3.9666E-1 3.93838E-1 5.05047E-1 5.64484E-1 5.76265E-1
-9999 -9999 -9999 -9999 -9999 -9999 -9999 -9999 -9999 -9999 -9999 -9999 -9999 -9999 -9999 -9999 -9999 -9999 -9999 -9999 -9999 -9999 -9999 -9999 -9999 -9999 -9999 -9999 -9999 -9999 -9999 -9999 -9999 -9999 -9999 -9999 -9999 3.6129E-1 3.99983E-1 4.31174E-1 6.51369E-1 5.61599E-1 5.32272E-1 5.2908E-1 4.8105E-1 4.79046E-1 4.07832E-1 4.04254E-1 3.71257E-1 3.67137E-1 4.18946E-1 4.2974E-1 4.4271E-1 4.5285E-1 4.02735E-1 4.3134E-1 4.49162E-1 4.97525E-1 5.44169E-1 5.75655E-1
-9999 -9999 -9999 -9999 -9999 -9999 -9999 -9999 -9999 -9999 -9999 -9999 -9999 -9999 -9999 -9999 -9999 -9999 -9999 -9999 -9999 -9999 -9999 -9999 -9999 -9999 -9999 -9999 -9999 -9999 -9999 -9999 -9999 -9999 -9999 -9999 -9999 -9999 4.11969E-1 4.61119E-1 5.08285E-1 6.85987E-1 5.44317E-1 5.0269E-1 5.53096E-1 4.90242E-1 4.40967E-1 4.40734E-1 3.96879E-1 3.62374E-1 4.02065E-1 4.70851E-1 4.53137E-1 3.20934E-1 4.40506E-1 4.39097E-1 4.98146E-1 4.93455E-1 5.32508E-1 5.69945E-1
-9999 -9999 -9999 -9999 -9999 -9999 -9999 -9999 -9999 -9999 -9999 -9999 -9999 -9999 -9999 -9999 -9999 -9999 -9999 -9999 -9999 -9999 -9999 -9999 -9999 -9999 -9999 -9999 -9999 -9999 -9999 -9999 -9999 -9999 -9999 -9999 -9999 -9999 -9999 -9999 4.0452E-1 4.35825E-1 5.82572E-1 5.9078E-1 6.20718E-1 6.76088E-1 5.39096E-1 4.78099E-1 4.31524E-1 3.98326E-1 3.94349E-1 4.23061E-1 4.03923E-1 4.60798E-1 4.459E-1 4.98933E-1 4.94741E-1 4.65976E-1 4.92228E-1 5.29238E-1
