Phytophthora/models/20240429_1812_56/Phytophthora_PA1_RUN1_MAXENT_outputs/Phytophthora_PA1_RUN1.asc
ncols         225
nrows         269
xllcorner     473000.0
yllcorner     4429100.0
cellsize      50.0
NODATA_value  -9999
[rows 108 to 134 of 269, columns 120 to 179 of 225]
3.72025E-1 3.57818E-1 3.71079E-1 3.84554E-1 -9999 -9999 -9999 -9999 -9999 -9999 -9999 -9999 -9999 -9999 -9999 -9999 -9999 -9999 -9999 -9999 -9999 -9999 -9999 -9999 -9999 -9999 -9999 -9999 -9999 -9999 -9999 -9999 -9999 -9999 -9999 3.10924E-1 1.91782E-1 2.91911E-1 3.38958E-1 3.30103E-1 3.18687E-1 3.28494E-1 3.3594E-1 3.98309E-1 3.06035E-1 2.75027E-1 1.95221E-1 2.74691E-1 3.26024E-1 3.31635E-1 3.32892E-1 3.13562E-1 2.99633E-1 2.27947E-1 2.14384E-1 1.99728E-1 1.98688E-1 1.98774E-1 2.21466E-1 2.46699E-1
3.98184E-1 2.2479E-1 3.45759E-1 3.72603E-1 4.10478E-1 -9999 -9999 -9999 -9999 -9999 -9999 -9999 -9999 -9999 -9999 -9999 -9999 -9999 -9999 -9999 -9999 -9999 -9999 -9999 -9999 -9999 -9999 -9999 -9999 -9999 -9999 -9999 2.61303E-1 2.65012E-1 3.56557E-1 3.03583E-1 3.15353E-1 2.78207E-1 3.0331E-1 3.06114E-1 3.30286E-1 3.35868E-1 2.79834E-1 3.4657E-1 3.39781E-1 1.46757E-1 2.00659E-1 1.916E-1 2.96612E-1 3.09092E-1 3.12526E-1 3.09945E-1 2.65634E-1 2.24242E-1 2.41764E-1 2.08481E-1 2.00388E-1 1.91432E-1 2.02756E-1 2.13756E-1
2.39719E-1 3.30708E-1 2.21869E-1 3.60539E-1 4.0093E-1 5.63547E-1 -9999 -9999 -9999 -9999 -9999 -9999 -9999 -9999 -9999 -9999 -9999 -9999 -9999 -9999 -9999 -9999 -9999 -9999 -9999 -9999 -9999 -9999 -9999 -9999 -9999 -9999 2.12669E-1 2.77979E-1 3.11316E-1 3.15226E-1 3.08187E-1 2.3329E-1 2.03436E-1 2.15085E-1 2.91931E-1 2.98665E-1 3.07369E-1 3.05603E-1 2.95586E-1 1.24386E-1 1.28846E-1 1.4456E-1 2.60309E-1 2.65831E-1 2.75974E-1 2.47516E-1 2.20542E-1 2.16188E-1 2.092E-1 1.80968E-1 1.60548E-1 1.65877E-1 1.718E-1 1.87014E-1
3.6405E-1 3.4377E-1 3.57174E-1 3.96711E-1 4.37994E-1 5.49585E-1 6.03289E-1 -9999 -9999 -9999 -9999 -9999 -9999 -9999 -9999 -9999 -9999 -9999 -9999 -9999 -9999 -9999 -9999 -9999 -9999 -9999 -9999 -9999 -9999 -9999 -9999 -9999 3.23185E-1 3.87542E-1 3.63695E-1 2.6784E-1 2.56771E-1 2.42513E-1 1.6332E-1 1.56754E-1 1.69329E-1 2.23589E-1 2.27824E-1 2.25949E-1 2.24193E-1 2.44622E-2 8.09988E-2 1.09324E-1 1.74775E-1 1.79929E-1 1.81024E-1 1.71286E-1 1.44671E-1 1.38238E-1 1.28255E-1 1.12163E-1 1.09763E-1 1.14252E-1 1.14018E-1 1.1972E-1
3.09648E-1 3.06717E-1 3.86154E-1 4.18206E-1 4.65325E-1 3.9425E-1 5.54714E-1 5.03801E-1 -9999 -9999 -9999 -9999 -9999 -9999 -9999 -9999 -9999 -9999 -9999 -9999 -9999 -9999 -9999 -9999 -9999 -9999 -9999 -9999 -9999 -9999 -9999 2.67684E-1 3.30198E-1 3.58193E-1 3.07161E-1 1.99964E-1 2.21931E-1 2.02886E-1 1.21513E-1 1.30335E-1 1.37912E-1 1.3687E-1 1.66559E-1 1.96235E-1 8.86189E-2 9.79823E-2 7.66676E-2 1.22936E-1 1.48522E-1 1.51207E-1 1.50168E-1 1.28157E-1 1.09144E-1 1.26117E-1 9.70444E-2 8.65399E-2 9.71941E-2 9.9484E-2 9.48339E-2 1.0046E-1
3.06209E-1 3.78291E-1 3.93789E-1 3.97539E-1 4.65997E-1 4.82004E-1 6.21343E-1 5.69E-1 -9999 -9999 -9999 -9999 -9999 -9999 -9999 -9999 -9999 -9999 -9999 -9999 -9999 -9999 -9999 -9999 -9999 -9999 -9999 -9999 -9999 -9999 2.80994E-1 2.89046E-1 3.20232E-1 3.14928E-1 2.72485E-1 1.73378E-1 2.03744E-1 1.76405E-1 1.01177E-1 1.12017E-1 1.24333E-1 1.24418E-1 1.20087E-1 1.69468E-1 4.06538E-2 9.3859E-2 7.58668E-2 1.14365E-1 1.27523E-1 1.27017E-1 1.26052E-1 1.02666E-1 1.16728E-1 9.17934E-2 7.18314E-2 8.08056E-2 8.27659E-2 8.45976E-2 7.97764E-2 8.49635E-2
3.31784E-1 3.83164E-1 4.10288E-1 4.06124E-1 4.47515E-1 5.49989E-1 4.28464E-1 6.02557E-1 -9999 -9999 -9999 -9999 -9999 -9999 -9999 -9999 -9999 -9999 -9999 -9999 -9999 -9999 -9999 -9999 -9999 -9999 -9999 -9999 -9999 -9999 2.64795E-1 2.94025E-1 3.1301E-1 3.25691E-1 2.91099E-1 1.96993E-1 2.401E-1 2.03218E-1 1.21592E-1 1.28402E-1 1.40257E-1 1.34794E-1 1.25993E-1 1.26151E-1 1.45854E-1 8.24387E-2 7.0788E-2 1.01032E-1 1.04688E-1 1.03677E-1 9.69355E-2 9.49206E-2 7.82782E-2 6.03738E-2 5.99066E-2 7.01285E-2 7.17531E-2 7.32434E-2 8.04599E-2 1.03868E-1
3.78028E-1 3.95195E-1 4.1094E-1 4.20937E-1 4.52161E-1 5.97444E-1 4.33453E-1 6.61276E-1 -9999 -9999 -9999 -9999 -9999 -9999 -9999 -9999 -9999 -9999 -9999 -9999 -9999 -9999 -9999 -9999 -9999 -9999 -9999 -9999 -9999 -9999 2.98388E-1 2.65177E-1 2.89495E-1 3.1501E-1 2.93619E-1 1.92775E-1 1.83132E-1 1.807E-1 1.57775E-1 1.48171E-1 1.61535E-1 1.56463E-1 1.45048E-1 1.4029E-1 1.18341E-1 7.01496E-2 6.13729E-2 8.53538E-2 8.4481E-2 8.03461E-2 7.54789E-2 5.79598E-2 5.38751E-2 5.25143E-2 5.6314E-2 6.20555E-2 6.54633E-2 7.61616E-2 9.05547E-2 1.22892E-1
3.24993E-1 5.33439E-1 5.52543E-1 5.5914E-1 5.95704E-1 7.42833E-1 7.28538E-1 6.37287E-1 -9999 -9999 -9999 -9999 -9999 -9999 -9999 -9999 -9999 -9999 -9999 -9999 -9999 -9999 -9999 -9999 -9999 -9999 -9999 -9999 -9999 -9999 -9999 3.21152E-1 3.39245E-1 3.71912E-1 3.80826E-1 3.94464E-1 4.13409E-1 4.20012E-1 4.33574E-1 3.41062E-1 2.40157E-1 2.24929E-1 2.05059E-1 1.88471E-1 1.59618E-1 3.05648E-2 1.39351E-1 1.28077E-1 1.08341E-1 9.67136E-2 9.45731E-2 8.74538E-2 9.51228E-2 9.72246E-2 9.5191E-2 9.24825E-2 1.145E-1 1.35414E-1 1.49726E-1 1.7839E-1
2.79281E-1 4.73423E-1 5.55994E-1 4.92126E-1 5.86774E-1 7.1167E-1 3.67524E-1 5.86112E-1 -9999 -9999 -9999 -9999 -9999 -9999 -9999 -9999 -9999 -9999 -9999 -9999 -9999 -9999 -9999 -9999 -9999 -9999 -9999 -9999 -9999 -9999 -9999 -9999 3.58676E-1 3.73774E-1 3.79271E-1 3.13118E-1 4.20177E-1 4.49673E-1 4.9964E-1 5.01606E-1 3.04489E-1 2.59259E-1 2.24601E-1 2.05714E-1 1.78536E-1 1.60587E-1 1.65469E-1 1.45592E-1 1.14337E-1 9.03479E-2 9.59291E-2 8.16092E-2 8.31986E-2 9.86516E-2 1.1441E-1 1.12449E-1 1.40692E-1 1.65476E-1 1.75613E-1 2.0352E-1
6.08117E-1 3.1424E-1 4.17975E-1 6.84372E-1 5.89518E-1 6.62581E-1 6.1805E-1 4.68906E-1 -9999 -9999 -9999 -9999 -9999 -9999 -9999 -9999 -9999 -9999 -9999 -9999 -9999 -9999 -9999 -9999 -9999 -9999 -9999 -9999 -9999 -9999 -9999 -9999 3.72918E-1 3.87734E-1 3.94271E-1 4.07722E-1 4.40027E-1 2.671E-1 4.37227E-1 4.96496E-1 4.00086E-1 3.57918E-1 2.66594E-1 2.47321E-1 2.59491E-1 2.26695E-1 1.55254E-1 1.42659E-1 1.05207E-1 1.0838E-1 1.21677E-1 9.88163E-2 9.03025E-2 1.08691E-1 1.51038E-1 1.33899E-1 1.62711E-1 1.82492E-1 1.96918E-1 2.39715E-1
5.97755E-1 6.46059E-1 7.05186E-1 5.43473E-1 6.29913E-1 3.46072E-1 5.63501E-1 -9999 -9999 -9999 -9999 -9999 -9999 -9999 -9999 -9999 -9999 -9999 -9999 -9999 -9999 -9999 -9999 -9999 -9999 -9999 3.87009E-1 -9999 -9999 -9999 -9999 -9999 3.52282E-1 3.58137E-1 3.90593E-1 4.40094E-1 4.61432E-1 5.06169E-1 5.17063E-1 5.17296E-1 4.39304E-1 4.03051E-1 3.72333E-1 3.48832E-1 2.99521E-1 1.79411E-1 8.75802E-2 1.23875E-1 1.28708E-1 1.42064E-1 1.44815E-1 1.15024E-1 1.04312E-1 1.27657E-1 1.80426E-1 1.3644E-1 1.70074E-1 1.91795E-1 2.21843E-1 2.82681E-1
5.32738E-1 6.30596E-1 3.48272E-1 2.69313E-1 5.46291E-1 6.40347E-1 -9999 -9999 -9999 -9999 -9999 -9999 -9999 -9999 -9999 -9999 -9999 -9999 -9999 -9999 -9999 -9999 -9999 -9999 -9999 3.12399E-1 2.76282E-1 -9999 -9999 -9999 -9999 -9999 3.61329E-1 3.28585E-1 3.57812E-1 3.92428E-1 4.54402E-1 5.35648E-1 5.37615E-1 5.03991E-1 4.38956E-1 4.36905E-1 4.13135E-1 3.44386E-1 2.60739E-1 2.35775E-1 7.55695E-2 1.69756E-1 1.59709E-1 1.80057E-1 1.77877E-1 1.30101E-1 1.13567E-1 1.74437E-1 1.67542E-1 1.23812E-1 1.5061E-1 1.92108E-1 2.61399E-1 3.11642E-1
6.48216E-1 6.18903E-1 5.51336E-1 4.33501E-1 4.95393E-1 5.73312E-1 -9999 -9999 -9999 -9999 -9999 -9999 -9999 -9999 -9999 -9999 -9999 -9999 -9999 -9999 -9999 -9999 -9999 -9999 5.1527E-1 4.91663E-1 3.04059E-1 3.58281E-1 4.16341E-1 3.8243E-1 3.79664E-1 -9999 -9999 3.75924E-1 3.48267E-1 3.19631E-1 3.83429E-1 4.78614E-1 5.23874E-1 4.78724E-1 3.71837E-1 3.84268E-1 3.62351E-1 2.85476E-1 1.79474E-1 1.71332E-1 2.25875E-1 9.13885E-2 2.03518E-1 2.09399E-1 1.8947E-1 1.17824E-1 1.10125E-1 1.33017E-1 1.17845E-1 1.48745E-1 1.73986E-1 2.45595E-1 2.99316E-1 3.40709E-1
6.53979E-1 6.56356E-1 4.49128E-1 4.17868E-1 4.55782E-1 6.11495E-1 -9999 -9999 -9999 -9999 -9999 -9999 -9999 -9999 -9999 -9999 -9999 -9999 -9999 -9999 -9999 -9999 -9999 -9999 5.59485E-1 4.99421E-1 3.09577E-1 4.34551E-1 4.20939E-1 3.84404E-1 4.06194E-1 4.68999E-1 4.37928E-1 3.92027E-1 3.31996E-1 2.9306E-1 3.48986E-1 3.79656E-1 4.97534E-1 4.87172E-1 3.7143E-1 3.74519E-1 2.11385E-1 1.75013E-1 1.55815E-1 1.9671E-1 2.44265E-1 2.46946E-1 2.50677E-1 2.5473E-1 2.26746E-1 1.34966E-1 1.61064E-1 1.26493E-1 9.1318E-2 1.2066E-1 1.73771E-1 2.53171E-1 2.84177E-1 3.2384E-1
6.54264E-1 6.57704E-1 6.55574E-1 5.80476E-1 6.1362E-1 6.60601E-1 -9999 -9999 -9999 -9999 -9999 -9999 -9999 -9999 -9999 -9999 -9999 -9999 -9999 -9999 -9999 -9999 -9999 -9999 -9999 -9999 5.23678E-1 4.30736E-1 4.21571E-1 3.55626E-1 4.31893E-1 4.72678E-1 4.32539E-1 3.89193E-1 3.60706E-1 3.21734E-1 3.68141E-1 3.73034E-1 3.90799E-1 3.60063E-1 2.84109E-1 2.73488E-1 2.25281E-1 1.60025E-1 1.31842E-1 2.18404E-1 2.67305E-1 2.60819E-1 2.81236E-1 1.59557E-1 2.44328E-1 1.95839E-1 1.64381E-1 9.34841E-2 9.43928E-2 1.31539E-1 1.93728E-1 2.39268E-1 2.64072E-1 2.94583E-1
6.51223E-1 6.55933E-1 6.01748E-1 6.65696E-1 6.95341E-1 6.85776E-1 6.47132E-1 6.16342E-1 -9999 -9999 6.91236E-1 -9999 -9999 -9999 -9999 -9999 -9999 -9999 -9999 -9999 -9999 -9999 -9999 -9999 -9999 -9999 -9999 3.78719E-1 4.75454E-1 4.04563E-1 4.45267E-1 4.6746E-1 4.31275E-1 4.02925E-1 4.3713E-1 4.181E-1 3.88487E-1 2.87068E-1 2.5232E-1 2.75861E-1 2.32471E-1 2.28982E-1 1.96067E-1 1.64074E-1 1.64919E-1 2.14271E-1 2.64814E-1 2.6479E-1 2.60354E-1 3.05234E-1 1.18681E-1 2.07112E-1 1.66073E-1 9.62693E-2 1.05445E-1 1.4119E-1 1.73896E-1 2.28743E-1 2.46115E-1 2.64724E-1
6.61818E-1 6.83107E-1 7.16262E-1 5.24575E-1 7.00905E-1 5.99957E-1 5.74317E-1 5.94385E-1 5.73832E-1 5.47723E-1 5.1199E-1 -9999 -9999 -9999 -9999 -9999 -9999 -9999 -9999 -9999 -9999 -9999 -9999 -9999 -9999 -9999 -9999 5.19155E-1 3.55699E-1 4.69866E-1 4.36287E-1 4.44437E-1 4.11304E-1 4.18286E-1 4.50335E-1 3.65162E-1 2.58362E-1 2.4252E-1 2.46655E-1 2.56767E-1 1.99269E-1 2.29661E-1 2.49542E-1 2.45929E-1 2.56911E-1 2.49917E-1 2.6805E-1 2.44864E-1 2.19457E-1 2.04222E-1 1.45379E-1 1.51688E-1 1.3516E-1 1.0692E-1 1.12408E-1 1.30161E-1 1.66203E-1 2.06237E-1 1.92442E-1 1.63888E-1
5.61298E-1 5.4991E-1 5.3702E-1 5.22169E-1 4.00743E-1 4.50204E-1 4.42393E-1 4.66935E-1 4.73622E-1 4.48307E-1 4.35111E-1 -9999 -9999 -9999 -9999 -9999 -9999 -9999 -9999 -9999 -9999 -9999 -9999 -9999 -9999 -9999 -9999 3.38773E-1 1.97438E-1 2.98352E-1 3.77317E-1 3.78321E-1 3.53961E-1 3.93785E-1 3.44333E-1 3.00158E-1 1.92623E-1 2.11281E-1 2.32933E-1 2.62147E-1 2.20973E-1 2.25124E-1 2.16309E-1 2.17521E-1 2.31153E-1 2.14102E-1 1.92301E-1 1.75719E-1 1.57776E-1 1.44488E-1 1.39391E-1 5.20537E-2 7.94493E-2 9.05509E-2 1.06233E-1 1.2365E-1 1.20959E-1 1.62089E-1 1.13904E-1 1.62662E-1
6.19597E-1 4.76308E-1 3.61825E-1 3.45557E-1 3.32187E-1 3.9396E-1 4.02523E-1 4.49743E-1 4.47486E-1 4.2196E-1 4.42668E-1 -9999 -9999 -9999 -9999 -9999 -9999 -9999 -9999 -9999 -9999 -9999 -9999 -9999 -9999 -9999 -9999 3.18547E-1 2.7713E-1 1.84645E-1 3.60378E-1 3.91915E-1 3.81135E-1 4.02553E-1 2.66185E-1 9.80631E-2 2.06407E-1 2.45651E-1 2.68701E-1 2.78521E-1 2.01769E-1 2.05615E-1 2.16385E-1 2.05984E-1 1.9221E-1 1.88091E-1 1.77478E-1 1.53698E-1 1.40389E-1 1.31178E-1 1.30799E-1 9.37162E-2 7.14708E-2 8.66622E-2 1.08019E-1 2.04076E-1 1.79238E-1 1.06408E-1 1.3525E-1 2.1623E-1
5.02657E-1 3.87438E-1 3.25295E-1 2.80036E-1 2.7235E-1 3.76894E-1 3.8697E-1 4.36152E-1 4.09041E-1 3.505E-1 6.6048E-1 5.77698E-1 -9999 -9999 -9999 -9999 -9999 -9999 -9999 -9999 -9999 -9999 -9999 -9999 -9999 -9999 -9999 3.031E-1 3.03492E-1 3.07528E-1 2.8496E-1 3.50885E-1 3.90188E-1 4.04112E-1 3.14289E-1 2.48938E-1 2.72793E-1 2.49949E-1 2.56831E-1 2.73183E-1 1.98832E-1 1.46293E-1 2.09135E-1 2.12743E-1 1.87207E-1 1.67837E-1 1.72966E-1 1.54121E-1 1.44758E-1 1.36561E-1 7.23722E-2 9.07245E-2 8.9659E-2 9.49936E-2 1.20765E-1 1.63527E-1 2.05905E-1 1.56295E-1 1.88659E-1 2.62565E-1
3.61742E-1 4.28129E-1 3.60935E-1 3.09905E-1 2.97004E-1 3.83808E-1 4.05319E-1 4.65783E-1 5.04861E-1 6.02134E-1 6.62428E-1 6.39852E-1 6.33861E-1 -9999 -9999 -9999 -9999 -9999 -9999 -9999 -9999 -9999 -9999 -9999 -9999 -9999 -9999 3.24994E-1 3.0486E-1 2.95226E-1 3.4739E-1 3.52743E-1 3.87997E-1 4.005E-1 2.59626E-1 2.78226E-1 2.64417E-1 2.29319E-1 2.34149E-1 2.73696E-1 2.07766E-1 1.56652E-1 2.16677E-1 2.14081E-1 1.85339E-1 1.5674E-1 1.52192E-1 1.43169E-1 1.50052E-1 1.73529E-1 1.19197E-1 1.05441E-1 1.10285E-1 1.16879E-1 1.38715E-1 2.00062E-1 1.25584E-1 2.0988E-1 1.91437E-1 2.51117E-1
4.15325E-1 4.18316E-1 3.51622E-1 2.96133E-1 2.72596E-1 3.5917E-1 3.69616E-1 5.24348E-1 5.25282E-1 6.129E-1 6.5748E-1 6.63893E-1 6.48661E-1 6.24476E-1 -9999 -9999 -9999 -9999 -9999 -9999 -9999 -9999 -9999 -9999 -9999 -9999 -9999 2.53446E-1 2.52454E-1 2.75653E-1 3.62547E-1 2.23724E-1 3.83097E-1 3.91177E-1 3.85428E-1 3.20454E-1 2.60326E-1 2.2476E-1 2.45135E-1 2.48382E-1 2.02261E-1 2.35627E-1 2.36331E-1 2.16223E-1 1.92124E-1 1.64938E-1 1.57101E-1 1.38494E-1 1.2995E-1 1.25724E-1 1.97987E-1 1.35609E-1 1.33656E-1 1.40724E-1 1.61287E-1 2.1964E-1 1.31102E-1 2.41276E-1 2.17169E-1 2.30795E-1
2.12193E-1 2.25241E-1 1.92424E-1 1.55443E-1 1.62552E-1 -9999 4.66892E-1 4.58118E-1 4.80383E-1 5.21258E-1 6.50308E-1 6.6184E-1 6.84971E-1 6.48332E-1 5.88621E-1 6.01094E-1 -9999 -9999 -9999 -9999 -9999 -9999 -9999 -9999 -9999 -9999 -9999 3.79173E-1 4.13069E-1 3.78418E-1 3.4341E-1 3.30402E-1 3.39115E-1 2.03138E-1 3.71999E-1 4.48524E-1 3.46966E-1 3.32405E-1 3.34986E-1 3.35113E-1 2.75541E-1 3.36137E-1 3.61098E-1 3.64861E-1 3.0608E-1 1.86509E-1 1.68979E-1 1.44747E-1 1.07484E-1 9.56239E-2 1.28392E-1 5.45502E-2 1.49293E-1 1.588E-1 1.89233E-1 1.80272E-1 2.73726E-1 2.43818E-1 2.17354E-1 2.02877E-1
2.13719E-1 2.15939E-1 1.8521E-1 1.74894E-1 2.91858E-1 5.10352E-1 4.97431E-1 4.68638E-1 4.64631E-1 3.88463E-1 5.82265E-1 6.7046E-1 6.96621E-1 6.91335E-1 6.02741E-1 5.86255E-1 -9999 -9999 -9999 -9999 -9999 -9999 -9999 -9999 -9999 -9999 -9999 -9999 4.48684E-1 -9999 -9999 -9999 -9999 3.64748E-1 3.75014E-1 3.52884E-1 3.16404E-1 3.16961E-1 3.25336E-1 3.5642E-1 2.99213E-1 3.11605E-1 3.57164E-1 4.35091E-1 3.84612E-1 2.02568E-1 1.76024E-1 1.40702E-1 1.1482E-1 1.0939E-1 1.40915E-1 1.6491E-1 1.19385E-1 1.79342E-1 2.26569E-1 2.16708E-1 2.45218E-1 2.50806E-1 2.17326E-1 2.23486E-1
2.25261E-1 2.07294E-1 1.77766E-1 2.04664E-1 3.32526E-1 5.03983E-1 5.06617E-1 3.05934E-1 3.2777E-1 5.21658E-1 6.6216E-1 6.73527E-1 6.8947E-1 6.63771E-1 6.91031E-1 6.32793E-1 -9999 -9999 -9999 -9999 -9999 -9999 -9999 -9999 -9999 -9999 -9999 -9999 -9999 -9999 -9999 -9999 -9999 -9999 3.78163E-1 3.77595E-1 3.49951E-1 2.8509E-1 3.0284E-1 3.24418E-1 2.87321E-1 3.11799E-1 2.97923E-1 3.42386E-1 4.07251E-1 2.33587E-1 1.86489E-1 1.32677E-1 1.24988E-1 1.1908E-1 1.47112E-1 1.67434E-1 4.92843E-2 2.02335E-1 1.5598E-1 1.87157E-1 2.32803E-1 2.40831E-1 2.72189E-1 2.37461E-1
1.90595E-1 1.78453E-1 1.60478E-1 2.52025E-1 3.42016E-1 5.15085E-1 5.23229E-1 3.94605E-1 5.16439E-1 5.15179E-1 6.60332E-1 6.44055E-1 6.45782E-1 6.30894E-1 6.52446E-1 -9999 -9999 -9999 -9999 -9999 -9999 -9999 -9999 -9999 -9999 -9999 -9999 -9999 -9999 -9999 -9999 -9999 -9999 -9999 3.59034E-1 4.38609E-1 4.16695E-1 2.98149E-1 2.98516E-1 3.39663E-1 2.9317E-1 3.0616E-1 1.94513E-1 3.3726E-1 3.97453E-1 2.5346E-1 1.92698E-1 1.32847E-1 1.31498E-1 1.56816E-1 1.80761E-1 1.88818E-1 2.09678E-1 1.44171E-1 2.23254E-1 1.15948E-1 1.96604E-1 3.11128E-1 2.95618E-1 2.68624E-1
