Phytophthora/models/20240429_1812_56/Phytophthora_PA1_RUN1_MAXENT_outputs/Phytophthora_PA1_RUN1.asc
ncols         225
nrows         269
xllcorner     473000.0
yllcorner     4429100.0
cellsize      50.0
NODATA_value  -9999
[rows 162 to 188 of 269, columns 60 to 119 of 225]
3.23645E-1 1.62603E-1 3.80297E-1 2.71747E-1 3.72574E-1 3.7186E-1 3.8931E-1 3.66053E-1 3.39106E-1 3.36635E-1 3.50565E-1 4.76657E-1 4.96795E-1 4.20771E-1 6.08579E-1 5.22234E-1 6.13489E-1 5.88102E-1 6.07699E-1 6.32801E-1 6.40878E-1 6.64562E-1 6.89931E-1 4.88675E-1 7.43125E-1 5.95603E-1 5.45432E-1 5.07512E-1 6.44135E-1 6.29484E-1 6.61122E-1 6.37958E-1 6.75261E-1 6.72607E-1 5.8178E-1 5.75209E-1 5.63616E-1 5.59695E-1 5.34325E-1 5.27247E-1 4.49251E-1 4.21504E-1 3.27036E-1 4.30791E-1 4.23736E-1 4.45866E-1 4.28761E-1 3.86752E-1 3.49162E-1 2.82979E-1 1.44097E-1 2.64778E-1 1.84989E-1 1.22775E-1 1.39122E-1 1.97597E-1 2.65008E-1 3.15001E-1 3.77778E-1 4.83249E-1
1.11759E-1 3.94697E-1 3.86195E-1 3.60669E-1 3.23112E-1 2.71674E-1 2.0938E-1 2.83438E-1 3.31364E-1 4.02401E-1 4.68599E-1 5.00974E-1 5.33697E-1 5.6111E-1 5.99641E-1 5.69553E-1 6.33841E-1 5.72824E-1 5.65461E-1 5.95037E-1 5.98483E-1 6.09844E-1 7.15308E-1 7.37776E-1 6.58853E-1 5.94107E-1 4.43556E-1 5.60291E-1 6.33415E-1 6.43117E-1 6.49464E-1 6.18723E-1 6.04278E-1 5.4119E-1 5.03931E-1 5.31615E-1 5.52218E-1 5.86961E-1 6.08934E-1 5.79111E-1 3.01483E-1 4.91799E-1 5.0356E-1 5.14711E-1 4.93828E-1 4.9072E-1 4.63685E-1 4.33652E-1 3.98336E-1 3.16955E-1 1.66372E-1 2.26441E-1 1.82277E-1 1.35792E-1 1.64998E-1 2.60098E-1 3.35779E-1 3.73568E-1 4.9923E-1 4.43419E-1
3.49313E-1 3.44507E-1 3.29572E-1 3.28851E-1 3.36481E-1 3.09911E-1 3.28523E-1 3.49892E-1 4.06906E-1 3.04179E-1 4.80364E-1 4.93808E-1 4.99031E-1 5.3635E-1 5.51057E-1 -9999 5.49768E-1 5.02452E-1 5.74781E-1 5.78049E-1 5.61199E-1 5.92755E-1 5.78419E-1 7.34779E-1 6.50746E-1 5.93061E-1 6.10453E-1 5.60584E-1 6.53783E-1 6.537E-1 6.49024E-1 6.04149E-1 6.03096E-1 5.84277E-1 5.59761E-1 6.03788E-1 6.29798E-1 6.59106E-1 6.45644E-1 6.15597E-1 5.13111E-1 4.80988E-1 4.37813E-1 4.16965E-1 4.12704E-1 4.30152E-1 4.12875E-1 3.93437E-1 3.65978E-1 2.88452E-1 1.55157E-1 1.08715E-1 2.53457E-1 2.28743E-1 3.02086E-1 3.18447E-1 3.68133E-1 5.19321E-1 5.22196E-1 2.88456E-1
2.91521E-1 3.14139E-1 3.71285E-1 4.20811E-1 3.81608E-1 3.56545E-1 3.74699E-1 3.59684E-1 4.23441E-1 4.34839E-1 4.8418E-1 5.03055E-1 4.67875E-1 4.65816E-1 4.80796E-1 4.78604E-1 5.74724E-1 5.66668E-1 6.32698E-1 6.29248E-1 5.86463E-1 5.91296E-1 7.44568E-1 7.18165E-1 6.61005E-1 5.94756E-1 6.10468E-1 4.97301E-1 6.51218E-1 6.64598E-1 6.82162E-1 6.74424E-1 5.70038E-1 5.95263E-1 6.00953E-1 6.58785E-1 6.98072E-1 7.01251E-1 6.16622E-1 6.51899E-1 5.46304E-1 5.22981E-1 4.49518E-1 4.12779E-1 3.93823E-1 4.04442E-1 3.80037E-1 3.71201E-1 3.50307E-1 2.91757E-1 1.81196E-1 2.15525E-1 2.78068E-1 3.24104E-1 3.58487E-1 3.66388E-1 5.39306E-1 4.28066E-1 4.27673E-1 3.75661E-1
3.21027E-1 3.49533E-1 3.82895E-1 3.95045E-1 4.00482E-1 3.95376E-1 4.02525E-1 3.97567E-1 4.73206E-1 4.99876E-1 5.74796E-1 6.00037E-1 5.99896E-1 6.04276E-1 6.21472E-1 7.20211E-1 5.84388E-1 7.39347E-1 7.92054E-1 7.47874E-1 6.51272E-1 5.76785E-1 6.63889E-1 5.26869E-1 7.25268E-1 5.30647E-1 6.16484E-1 6.21384E-1 6.45282E-1 6.68648E-1 6.90018E-1 7.04426E-1 5.65861E-1 5.65135E-1 5.51334E-1 5.21849E-1 5.5424E-1 5.37002E-1 4.62655E-1 4.52054E-1 5.31213E-1 5.22403E-1 4.71709E-1 4.1884E-1 3.78652E-1 3.52849E-1 3.37268E-1 3.28571E-1 3.28956E-1 3.07098E-1 2.75059E-1 3.30625E-1 3.81085E-1 4.27375E-1 4.76807E-1 5.68721E-1 5.35122E-1 4.25706E-1 3.10895E-1 3.94342E-1
3.30798E-1 3.69369E-1 3.9003E-1 3.85239E-1 4.14139E-1 4.30107E-1 4.41031E-1 4.48501E-1 4.74036E-1 5.07618E-1 4.57717E-1 5.92332E-1 6.0803E-1 6.13885E-1 6.85912E-1 8.10779E-1 8.06529E-1 8.11988E-1 8.36992E-1 7.91982E-1 6.67622E-1 6.1337E-1 6.44999E-1 7.56479E-1 7.70602E-1 5.96714E-1 6.26577E-1 6.3697E-1 5.71031E-1 6.75031E-1 6.29968E-1 6.01902E-1 5.32113E-1 5.50447E-1 5.24274E-1 4.73341E-1 4.55021E-1 3.24536E-1 4.48153E-1 4.58388E-1 5.31854E-1 5.07624E-1 4.68241E-1 4.14041E-1 3.63356E-1 3.25782E-1 3.09249E-1 2.94534E-1 3.25568E-1 3.24519E-1 3.14554E-1 3.7014E-1 4.19301E-1 4.73477E-1 5.5642E-1 4.1616E-1 3.38681E-1 2.71628E-1 2.68949E-1 2.48153E-1
3.67245E-1 4.14288E-1 4.3372E-1 4.21706E-1 4.34135E-1 4.42195E-1 4.57119E-1 4.52348E-1 4.7939E-1 5.22023E-1 5.81789E-1 6.00311E-1 6.03403E-1 5.53932E-1 6.65913E-1 8.05237E-1 8.48684E-1 6.44573E-1 8.49485E-1 8.34509E-1 7.02993E-1 6.49219E-1 6.34715E-1 7.18759E-1 7.4245E-1 5.72034E-1 6.01053E-1 6.62131E-1 6.60746E-1 6.49449E-1 6.58549E-1 3.80935E-1 5.07068E-1 5.03675E-1 4.92065E-1 4.11037E-1 2.60264E-1 3.91649E-1 4.07214E-1 4.24081E-1 5.32666E-1 4.80898E-1 4.46079E-1 3.90379E-1 3.47332E-1 3.02291E-1 3.13968E-1 3.16817E-1 3.25112E-1 3.58614E-1 3.32762E-1 3.90239E-1 4.3664E-1 4.98485E-1 2.67027E-1 4.84927E-1 2.37369E-1 2.97641E-1 2.7054E-1 2.22376E-1
4.24228E-1 4.86286E-1 4.40564E-1 4.08818E-1 4.34852E-1 2.59067E-1 2.98028E-1 3.05925E-1 4.69416E-1 5.18463E-1 5.76395E-1 5.96084E-1 6.11958E-1 5.78379E-1 6.09737E-1 6.36494E-1 7.38992E-1 8.36177E-1 7.88452E-1 8.27041E-1 7.19997E-1 6.94649E-1 6.69574E-1 5.74134E-1 6.62653E-1 5.72628E-1 5.96435E-1 6.38964E-1 6.51662E-1 6.89352E-1 6.40016E-1 5.74603E-1 4.50634E-1 3.03593E-1 4.61442E-1 4.03087E-1 2.89885E-1 4.18381E-1 4.27498E-1 5.00399E-1 5.69421E-1 5.09737E-1 4.65295E-1 4.09954E-1 3.82597E-1 3.26839E-1 3.23738E-1 3.07053E-1 3.63543E-1 4.0679E-1 3.64963E-1 4.24981E-1 4.9018E-1 4.36403E-1 5.83869E-1 3.51629E-1 2.67555E-1 3.31662E-1 2.949E-1 2.97951E-1
4.19739E-1 4.26932E-1 3.93904E-1 3.86924E-1 3.43975E-1 4.59088E-1 4.599E-1 4.57688E-1 4.69767E-1 5.05438E-1 5.78697E-1 5.95886E-1 5.79727E-1 3.43757E-1 5.86648E-1 7.29556E-1 7.03219E-1 6.71654E-1 6.92432E-1 6.29624E-1 6.52285E-1 6.1718E-1 4.57083E-1 6.35542E-1 7.03316E-1 5.97382E-1 6.47169E-1 7.05703E-1 3.122E-1 5.34801E-1 5.04893E-1 5.68972E-1 5.96952E-1 5.67908E-1 3.78301E-1 3.0174E-1 4.61356E-1 4.72084E-1 4.8429E-1 5.11518E-1 6.31226E-1 5.73888E-1 5.20322E-1 4.5922E-1 4.27402E-1 3.59566E-1 3.40025E-1 3.20198E-1 3.69687E-1 4.35376E-1 4.36393E-1 4.81346E-1 5.40248E-1 5.1071E-1 4.81554E-1 3.82943E-1 3.56326E-1 3.68051E-1 3.3426E-1 3.1318E-1
6.25022E-1 5.86273E-1 5.92513E-1 5.43689E-1 4.92615E-1 6.45477E-1 6.36447E-1 6.41997E-1 6.4629E-1 6.49007E-1 6.04003E-1 5.79146E-1 5.85362E-1 3.85971E-1 5.99736E-1 7.23344E-1 7.00923E-1 6.28252E-1 5.93611E-1 6.49387E-1 3.85665E-1 6.53107E-1 6.79953E-1 5.95448E-1 6.55513E-1 4.02189E-1 4.8731E-1 6.0866E-1 5.04476E-1 3.89594E-1 3.90525E-1 4.18678E-1 5.57323E-1 5.74901E-1 5.65695E-1 5.7526E-1 5.55387E-1 5.31045E-1 4.92633E-1 4.90473E-1 5.95932E-1 5.19523E-1 4.55311E-1 3.92922E-1 3.54686E-1 2.82439E-1 2.62011E-1 2.51117E-1 2.90239E-1 3.40312E-1 3.84381E-1 5.00404E-1 6.0152E-1 6.19042E-1 4.69758E-1 4.09444E-1 3.83753E-1 3.89839E-1 3.86171E-1 3.4758E-1
3.83344E-1 4.62453E-1 5.3988E-1 3.74807E-1 6.15583E-1 6.59982E-1 6.27403E-1 6.12347E-1 6.20717E-1 6.39309E-1 5.41161E-1 5.21572E-1 5.34583E-1 3.64153E-1 4.83429E-1 5.77341E-1 7.37044E-1 5.74316E-1 6.78737E-1 7.05958E-1 6.25505E-1 6.36994E-1 6.65957E-1 5.70347E-1 5.80342E-1 4.52278E-1 4.99547E-1 5.09149E-1 5.3116E-1 4.94059E-1 5.15771E-1 5.64318E-1 5.59052E-1 5.68679E-1 5.25448E-1 5.20046E-1 5.18591E-1 4.93823E-1 5.15266E-1 5.69279E-1 6.4965E-1 5.09145E-1 4.75624E-1 3.99962E-1 3.6565E-1 2.7582E-1 2.27049E-1 2.4898E-1 2.80058E-1 3.32848E-1 3.72423E-1 4.45526E-1 5.48601E-1 5.59594E-1 4.84465E-1 4.25664E-1 3.42955E-1 4.38153E-1 4.32629E-1 3.28448E-1
4.85648E-1 4.92027E-1 5.16698E-1 5.75999E-1 6.31224E-1 6.30432E-1 6.20424E-1 5.89806E-1 6.19773E-1 6.09465E-1 5.0711E-1 5.27606E-1 4.95297E-1 3.03321E-1 4.47699E-1 5.06772E-1 6.25747E-1 6.98495E-1 7.4689E-1 7.30788E-1 6.34524E-1 5.95209E-1 6.32197E-1 6.58827E-1 2.90313E-1 4.16125E-1 2.30979E-1 4.14087E-1 5.0448E-1 4.54485E-1 4.89199E-1 4.74903E-1 4.73732E-1 5.02393E-1 4.43362E-1 5.14611E-1 4.89049E-1 4.40638E-1 5.47048E-1 5.90068E-1 5.72896E-1 4.80724E-1 4.58193E-1 3.97905E-1 3.57569E-1 2.69161E-1 2.30043E-1 1.63068E-1 2.98914E-1 3.47717E-1 3.56837E-1 4.07307E-1 4.78723E-1 4.46976E-1 4.82354E-1 4.7188E-1 2.83096E-1 4.48834E-1 4.01301E-1 3.25864E-1
4.47473E-1 4.34296E-1 5.9676E-1 6.11275E-1 6.02124E-1 5.93601E-1 6.0247E-1 6.02448E-1 6.15326E-1 5.93058E-1 4.85275E-1 5.2217E-1 5.21673E-1 3.09331E-1 3.96796E-1 6.56036E-1 7.03824E-1 7.33449E-1 7.36025E-1 7.20483E-1 5.90228E-1 6.38339E-1 6.50308E-1 6.61317E-1 4.96017E-1 4.84397E-1 4.52609E-1 4.18132E-1 4.22523E-1 3.924E-1 4.21939E-1 4.15108E-1 3.81447E-1 3.65755E-1 4.26461E-1 4.54006E-1 3.91502E-1 3.63836E-1 5.61037E-1 5.76141E-1 5.63228E-1 4.81706E-1 4.71938E-1 3.70059E-1 3.16456E-1 2.64942E-1 2.30336E-1 2.3762E-1 3.21563E-1 3.74327E-1 3.88253E-1 4.23786E-1 4.67184E-1 3.41737E-1 5.4846E-1 3.22415E-1 4.65483E-1 4.07442E-1 4.00892E-1 3.66616E-1
4.83972E-1 5.52167E-1 6.13503E-1 6.25454E-1 6.09749E-1 6.52427E-1 6.40339E-1 6.06505E-1 5.7944E-1 5.46306E-1 4.98822E-1 5.51877E-1 5.18153E-1 4.11975E-1 5.5081E-1 7.05483E-1 7.09602E-1 7.34543E-1 7.42228E-1 7.2613E-1 6.49466E-1 6.60168E-1 6.7281E-1 3.82593E-1 4.90046E-1 4.84972E-1 4.44875E-1 2.94737E-1 3.89903E-1 3.71892E-1 4.02068E-1 3.61473E-1 3.55319E-1 3.45824E-1 3.33658E-1 3.208E-1 2.7417E-1 2.9954E-1 3.69707E-1 4.90281E-1 4.85843E-1 4.36242E-1 3.86673E-1 2.99412E-1 2.99441E-1 2.61424E-1 2.6417E-1 2.98869E-1 3.58205E-1 4.01198E-1 4.19102E-1 4.5654E-1 4.94192E-1 1.70247E-1 4.04624E-1 3.48648E-1 3.41053E-1 3.66048E-1 4.19498E-1 3.71411E-1
5.86332E-1 6.12838E-1 6.45982E-1 6.62571E-1 6.73376E-1 6.78837E-1 6.87508E-1 6.36681E-1 5.80802E-1 5.49579E-1 5.50671E-1 5.74334E-1 5.35375E-1 4.88141E-1 5.83395E-1 6.17046E-1 6.41385E-1 6.37677E-1 6.69222E-1 6.93568E-1 7.23332E-1 6.18111E-1 7.1294E-1 -9999 5.9051E-1 5.75463E-1 5.82054E-1 5.5482E-1 4.67802E-1 4.9852E-1 4.28721E-1 3.1525E-1 3.8491E-1 3.59257E-1 3.41022E-1 3.90467E-1 4.02417E-1 3.90354E-1 4.96044E-1 5.30849E-1 4.68069E-1 4.102E-1 3.63456E-1 3.10129E-1 2.92888E-1 2.09105E-1 2.27701E-1 2.72794E-1 3.26714E-1 3.86773E-1 4.58925E-1 5.05358E-1 5.445E-1 2.53197E-1 3.75797E-1 3.55727E-1 2.4738E-1 4.46636E-1 4.66024E-1 3.99192E-1
6.31112E-1 6.22994E-1 4.4812E-1 6.43275E-1 6.55462E-1 6.90557E-1 7.25403E-1 6.68612E-1 5.33297E-1 4.81853E-1 4.86898E-1 5.14791E-1 4.92582E-1 4.6939E-1 5.88172E-1 5.24882E-1 6.38601E-1 6.63527E-1 6.80447E-1 6.85014E-1 6.30909E-1 7.48918E-1 5.89204E-1 5.84518E-1 6.1153E-1 5.19592E-1 4.75534E-1 4.71615E-1 4.7199E-1 4.46981E-1 3.96821E-1 3.73837E-1 3.69581E-1 3.24368E-1 3.07186E-1 4.21282E-1 -9999 -9999 5.68073E-1 5.61254E-1 4.85095E-1 4.3324E-1 4.0917E-1 3.45607E-1 3.16331E-1 2.31135E-1 2.48818E-1 2.91332E-1 3.41301E-1 3.96167E-1 4.74793E-1 5.29623E-1 5.59808E-1 4.66563E-1 4.1556E-1 4.31913E-1 4.38376E-1 4.64267E-1 4.99196E-1 4.20986E-1
6.35922E-1 6.44934E-1 6.42062E-1 6.39867E-1 6.22766E-1 6.93564E-1 7.52227E-1 6.72024E-1 5.0078E-1 5.34558E-1 5.34647E-1 5.31232E-1 4.46405E-1 5.56348E-1 5.70291E-1 6.25826E-1 5.16719E-1 6.45171E-1 6.61631E-1 6.05275E-1 7.23423E-1 7.58417E-1 7.45331E-1 6.69262E-1 6.02522E-1 5.16654E-1 5.34755E-1 4.99241E-1 4.88459E-1 4.75866E-1 4.05049E-1 3.87905E-1 4.01771E-1 3.45784E-1 3.20339E-1 4.35311E-1 6.22539E-1 4.56041E-1 6.72068E-1 6.181E-1 5.50571E-1 4.8662E-1 4.46114E-1 3.65346E-1 2.99183E-1 2.3006E-1 2.70935E-1 3.34198E-1 3.91643E-1 4.51001E-1 5.16959E-1 5.8173E-1 6.49393E-1 5.33799E-1 4.39841E-1 4.07595E-1 4.4413E-1 4.51051E-1 5.38356E-1 5.18485E-1
6.03659E-1 6.17998E-1 6.42365E-1 6.67013E-1 5.43774E-1 7.18702E-1 6.62559E-1 4.91684E-1 5.27517E-1 5.99407E-1 5.51142E-1 4.38447E-1 5.51021E-1 5.81723E-1 5.77131E-1 6.32702E-1 6.45741E-1 6.53075E-1 6.14744E-1 6.99735E-1 7.46026E-1 7.65125E-1 6.62796E-1 7.02925E-1 5.7674E-1 4.86728E-1 5.17533E-1 4.98068E-1 4.29884E-1 4.87701E-1 4.16483E-1 4.28502E-1 4.48746E-1 4.45302E-1 4.62745E-1 6.27247E-1 6.31114E-1 5.04225E-1 6.98055E-1 6.42234E-1 5.97775E-1 5.18759E-1 4.77969E-1 3.9419E-1 3.1931E-1 2.50759E-1 2.89198E-1 3.40225E-1 3.93943E-1 4.74955E-1 5.42943E-1 5.82072E-1 5.01194E-1 4.83218E-1 4.23131E-1 3.80541E-1 4.3419E-1 3.77581E-1 5.14032E-1 5.35835E-1
5.53846E-1 5.74028E-1 6.24345E-1 6.88507E-1 7.43226E-1 6.69797E-1 5.78663E-1 5.34618E-1 5.90053E-1 6.37212E-1 5.697E-1 5.88959E-1 5.92404E-1 5.88675E-1 5.66783E-1 6.05337E-1 6.52948E-1 6.71223E-1 6.93254E-1 7.33282E-1 7.9372E-1 7.73361E-1 6.76016E-1 6.03146E-1 5.4132E-1 5.23238E-1 5.60787E-1 5.52584E-1 5.62214E-1 5.41168E-1 4.38899E-1 4.5001E-1 4.62745E-1 4.52413E-1 4.67386E-1 6.2157E-1 6.59885E-1 7.02955E-1 7.43012E-1 5.55883E-1 5.93086E-1 5.30427E-1 5.01247E-1 4.16181E-1 3.59344E-1 2.71451E-1 3.16969E-1 3.7874E-1 4.42701E-1 5.1168E-1 5.91629E-1 6.12414E-1 3.13529E-1 4.14571E-1 3.99034E-1 3.77865E-1 4.30455E-1 3.94346E-1 4.61059E-1 5.17822E-1
5.08641E-1 5.48105E-1 6.11944E-1 7.42122E-1 7.47783E-1 6.12945E-1 5.65563E-1 5.98138E-1 6.56835E-1 6.55084E-1 5.82916E-1 6.02628E-1 5.93333E-1 5.58843E-1 5.4555E-1 6.54759E-1 6.90436E-1 7.1053E-1 7.33156E-1 7.67694E-1 7.96283E-1 7.92127E-1 7.97383E-1 6.40806E-1 6.34095E-1 6.07789E-1 6.27509E-1 5.77152E-1 5.79049E-1 5.37156E-1 3.63603E-1 4.16989E-1 4.46921E-1 4.50132E-1 4.39E-1 5.48497E-1 6.06329E-1 6.77988E-1 7.01266E-1 5.00154E-1 5.67048E-1 5.28925E-1 4.88379E-1 4.12698E-1 3.58119E-1 3.05572E-1 3.4431E-1 3.92209E-1 4.45189E-1 5.313E-1 5.93828E-1 6.13107E-1 1.88538E-1 4.83272E-1 4.27198E-1 4.1173E-1 4.5008E-1 3.0284E-1 4.78566E-1 4.70799E-1
5.0935E-1 5.34272E-1 5.83442E-1 6.32873E-1 6.47995E-1 6.10441E-1 6.16885E-1 5.98828E-1 6.81012E-1 5.38542E-1 6.08475E-1 6.16781E-1 5.75574E-1 5.4865E-1 5.23119E-1 6.23968E-1 6.57139E-1 6.82062E-1 7.2911E-1 7.07405E-1 6.7063E-1 6.76722E-1 6.99518E-1 4.85599E-1 6.67827E-1 5.71995E-1 5.85413E-1 5.64748E-1 5.61705E-1 5.15425E-1 2.8617E-1 3.87142E-1 3.9377E-1 4.3815E-1 4.55778E-1 5.6874E-1 6.21053E-1 6.55892E-1 7.03674E-1 5.84042E-1 5.85115E-1 5.4232E-1 4.70846E-1 4.07406E-1 3.61109E-1 3.44208E-1 3.81056E-1 4.19197E-1 4.71095E-1 5.40732E-1 6.0049E-1 5.19428E-1 4.25056E-1 5.29562E-1 4.03609E-1 4.17522E-1 4.55343E-1 3.31081E-1 4.72802E-1 4.87385E-1
5.59782E-1 5.71738E-1 5.74919E-1 5.91458E-1 6.20915E-1 6.34837E-1 6.57057E-1 6.97102E-1 6.16084E-1 6.94952E-1 6.00959E-1 6.07452E-1 5.57344E-1 5.26029E-1 5.07929E-1 5.95662E-1 6.30543E-1 6.51026E-1 5.55185E-1 5.68249E-1 6.15484E-1 6.38805E-1 6.29406E-1 4.7219E-1 6.54317E-1 5.81901E-1 6.14016E-1 6.02981E-1 5.85061E-1 5.1223E-1 3.88229E-1 3.99987E-1 3.75483E-1 4.91952E-1 5.03878E-1 6.20074E-1 6.462E-1 6.99903E-1 7.25736E-1 6.00546E-1 5.69138E-1 5.28565E-1 4.54952E-1 4.01911E-1 3.91353E-1 3.85335E-1 4.12269E-1 4.53044E-1 4.84672E-1 5.15255E-1 5.49304E-1 5.81388E-1 5.79937E-1 5.53774E-1 4.23949E-1 4.49825E-1 4.66212E-1 3.07282E-1 4.63606E-1 4.85898E-1
6.12724E-1 6.16314E-1 6.3582E-1 6.05966E-1 6.14471E-1 5.18487E-1 6.93504E-1 5.57393E-1 7.02006E-1 7.07668E-1 6.1229E-1 5.54251E-1 5.43106E-1 5.09615E-1 4.82721E-1 5.52379E-1 5.76021E-1 5.693E-1 4.2297E-1 5.02038E-1 5.90429E-1 5.99164E-1 6.17199E-1 6.61604E-1 6.91883E-1 6.31459E-1 6.2342E-1 5.57546E-1 5.46117E-1 4.44506E-1 3.97775E-1 4.15748E-1 4.28043E-1 5.17731E-1 5.24914E-1 6.17986E-1 6.40345E-1 6.65895E-1 3.88357E-1 5.95399E-1 5.53223E-1 5.05825E-1 4.27155E-1 3.90624E-1 4.20096E-1 4.29058E-1 4.71512E-1 5.01731E-1 4.99076E-1 5.07111E-1 5.44433E-1 5.76154E-1 6.01539E-1 4.59835E-1 5.05632E-1 4.04752E-1 2.44775E-1 3.76793E-1 4.55853E-1 4.60127E-1
6.14231E-1 6.19874E-1 6.11413E-1 5.95021E-1 5.14311E-1 7.00872E-1 7.56382E-1 7.33653E-1 6.98133E-1 7.0762E-1 5.76876E-1 5.21959E-1 4.94932E-1 4.84133E-1 4.65677E-1 5.15013E-1 5.11579E-1 5.06772E-1 -9999 5.27699E-1 5.46416E-1 5.52701E-1 6.0658E-1 6.14937E-1 6.60047E-1 5.82557E-1 5.58176E-1 5.41887E-1 5.15355E-1 4.5876E-1 3.78017E-1 3.93127E-1 4.32378E-1 5.14569E-1 5.49318E-1 6.07499E-1 6.38063E-1 6.50223E-1 7.04545E-1 4.90154E-1 6.34359E-1 4.79571E-1 4.37871E-1 4.31524E-1 4.76794E-1 5.00234E-1 5.45918E-1 5.10487E-1 4.34222E-1 3.66029E-1 5.44879E-1 5.61985E-1 5.30909E-1 3.34185E-1 5.47421E-1 4.44854E-1 2.95789E-1 3.73141E-1 4.04424E-1 4.58142E-1
4.1372E-1 5.29112E-1 5.79926E-1 5.99273E-1 6.23347E-1 7.10233E-1 7.17944E-1 6.33636E-1 6.3901E-1 6.3415E-1 5.40582E-1 4.99454E-1 4.47316E-1 4.02036E-1 3.90801E-1 4.67214E-1 -9999 -9999 4.59638E-1 4.54284E-1 4.15572E-1 4.57314E-1 5.15677E-1 2.44703E-1 5.93927E-1 5.28205E-1 5.34031E-1 4.9709E-1 4.57869E-1 4.22749E-1 4.09448E-1 5.4643E-1 5.54425E-1 5.67514E-1 5.69247E-1 4.88628E-1 5.10392E-1 4.74837E-1 4.72619E-1 4.1259E-1 5.27136E-1 3.8716E-1 3.83222E-1 3.46764E-1 3.87657E-1 4.37004E-1 5.70753E-1 5.49174E-1 4.15646E-1 4.35161E-1 4.55144E-1 4.52576E-1 4.34471E-1 2.55929E-1 4.09072E-1 3.30364E-1 3.40351E-1 3.40656E-1 3.52802E-1 3.89364E-1
4.55142E-1 4.35173E-1 6.16417E-1 6.27712E-1 6.82962E-1 6.94482E-1 6.48794E-1 5.763E-1 6.40849E-1 6.19775E-1 5.17722E-1 4.93985E-1 4.73369E-1 4.5889E-1 4.48206E-1 5.20321E-1 4.97401E-1 4.67367E-1 4.54988E-1 4.51215E-1 4.45995E-1 5.04007E-1 4.88316E-1 6.38488E-1 6.02767E-1 4.93881E-1 5.00073E-1 4.92884E-1 4.76503E-1 4.78306E-1 5.03129E-1 5.78388E-1 5.86521E-1 4.82948E-1 5.88872E-1 4.89249E-1 5.30066E-1 5.36798E-1 4.10414E-1 6.14382E-1 5.56236E-1 4.04636E-1 4.23642E-1 3.96461E-1 4.22813E-1 4.54066E-1 4.76538E-1 5.62026E-1 5.54824E-1 5.84079E-1 4.41326E-1 4.24257E-1 4.55056E-1 2.54179E-1 4.2014E-1 3.38689E-1 3.63561E-1 3.54405E-1 3.75057E-1 2.93208E-1
5.98263E-1 6.28382E-1 6.68402E-1 6.56524E-1 7.08987E-1 6.55271E-1 5.63999E-1 5.30336E-1 5.83623E-1 6.56886E-1 6.51546E-1 5.54868E-1 5.45643E-1 5.28359E-1 5.02427E-1 5.7038E-1 5.41643E-1 5.17785E-1 5.23817E-1 5.25615E-1 4.1314E-1 3.65937E-1 5.10153E-1 5.17138E-1 5.2594E-1 4.07821E-1 4.15031E-1 4.16811E-1 4.65573E-1 5.15093E-1 4.94518E-1 5.54875E-1 5.87932E-1 5.85766E-1 5.96441E-1 4.80735E-1 4.72261E-1 5.35359E-1 6.28557E-1 6.12918E-1 5.61388E-1 3.91562E-1 4.01405E-1 4.82569E-1 4.51278E-1 4.60169E-1 4.12988E-1 3.06021E-1 4.61389E-1 5.79544E-1 4.6501E-1 3.21296E-1 4.24954E-1 3.55291E-1 4.1428E-1 2.38625E-1 3.79149E-1 3.60347E-1 3.80578E-1 3.49388E-1
