Phytophthora/models/20240429_1812_56/Phytophthora_PA1_RUN1_MAXENT_outputs/Phytophthora_PA1_RUN1.asc
ncols         225
nrows         269
xllcorner     473000.0
yllcorner     4429100.0
cellsize      50.0
NODATA_value  -9999
[rows 54 to 80 of 269, columns 0 to 59 of 225]
-9999 -9999 -9999 -9999 -9999 -9999 -9999 -9999 -9999 -9999 -9999 -9999 -9999 -9999 -9999 -9999 -9999 -9999 -9999 -9999 -9999 -9999 1.44276E-2 9.6998E-3 2.14095E-2 2.0665E-2 1.88501E-2 1.92111E-2 2.85738E-2 2.56317E-2 2.94169E-2 3.08009E-2 3.94388E-2 4.18705E-2 5.39967E-2 7.26658E-2 3.4533E-2 8.25873E-2 3.80744E-2 5.76137E-2 6.36799E-2 5.38897E-2 4.64856E-2 5.62327E-2 6.14406E-2 1.78793E-2 1.69858E-2 1.58369E-2 1.65738E-2 2.47907E-2 2.78802E-2 2.74771E-2 2.49329E-2 2.3916E-2 2.48515E-2 2.71672E-2 2.17294E-2 1.95566E-2 1.87543E-2 2.03447E-2
-9999 -9999 -9999 -9999 -9999 -9999 -9999 -9999 -9999 -9999 -9999 -9999 -9999 -9999 -9999 -9999 -9999 -9999 -9999 -9999 -9999 -9999 1.68328E-2 1.53882E-2 1.28502E-2 1.38936E-2 2.60596E-2 2.24387E-2 2.89499E-2 2.22589E-2 2.85596E-2 3.42019E-2 4.83212E-2 5.39768E-2 1.15991E-2 7.4901E-2 7.20379E-2 6.25914E-2 4.69108E-2 2.82283E-2 6.06336E-2 3.71026E-2 4.91923E-2 7.45101E-2 9.15334E-2 2.81416E-2 2.90514E-2 2.62318E-2 1.5843E-2 2.4991E-2 2.62821E-2 2.5658E-2 2.29107E-2 1.56912E-2 1.6555E-2 2.08113E-2 1.75326E-2 1.70693E-2 1.60221E-2 1.98176E-2
-9999 -9999 -9999 -9999 -9999 -9999 -9999 -9999 -9999 -9999 -9999 -9999 -9999 -9999 -9999 -9999 -9999 -9999 -9999 -9999 -9999 -9999 8.33694E-3 9.02762E-3 1.12046E-2 1.33078E-2 4.17988E-3 1.78827E-2 1.99597E-2 2.41316E-2 3.62404E-2 5.12575E-2 4.76408E-2 3.06589E-2 8.09147E-2 8.00008E-2 8.46048E-2 8.76084E-2 5.02005E-2 6.77639E-2 6.11827E-2 5.7642E-2 4.23265E-2 6.77755E-2 5.23441E-2 1.98246E-2 1.92349E-2 1.84938E-2 1.94422E-2 2.08684E-2 2.45165E-2 2.27869E-2 1.1724E-2 1.78526E-2 1.71637E-2 2.01989E-2 1.67121E-2 1.60565E-2 1.48203E-2 1.75573E-2
-9999 -9999 -9999 -9999 -9999 -9999 -9999 -9999 -9999 -9999 -9999 -9999 -9999 -9999 -9999 -9999 -9999 -9999 -9999 -9999 -9999 1.03173E-2 7.6723E-3 6.59708E-3 6.03373E-3 7.93391E-3 8.91632E-3 1.37453E-2 1.80045E-2 5.71735E-3 1.02214E-2 2.53257E-2 9.7783E-2 6.59863E-2 7.53887E-2 8.25611E-2 7.46994E-2 6.49123E-2 3.57866E-2 6.22771E-2 2.76255E-2 5.70086E-2 3.70057E-2 4.37104E-2 3.26414E-2 1.61385E-2 1.69926E-2 1.80066E-2 1.72315E-2 1.72626E-2 1.66756E-2 1.21204E-2 1.29549E-2 1.31497E-2 1.27302E-2 1.7456E-2 1.47753E-2 1.58579E-2 1.62757E-2 2.13466E-2
-9999 -9999 -9999 -9999 -9999 -9999 -9999 -9999 -9999 -9999 -9999 -9999 -9999 -9999 -9999 -9999 -9999 -9999 3.57576E-3 4.91497E-3 4.75673E-3 7.24587E-3 9.23578E-3 6.38225E-3 5.6809E-3 1.37549E-2 1.88729E-2 1.40998E-2 1.73836E-2 2.55242E-2 3.92785E-2 3.51827E-2 5.42326E-2 5.04057E-2 7.23409E-2 7.35612E-2 6.78661E-2 5.49434E-2 3.4409E-2 5.94466E-2 2.94787E-2 5.37058E-2 2.60344E-2 5.01866E-2 3.47721E-2 1.23309E-2 1.38117E-2 1.11839E-2 1.42533E-2 1.58666E-2 1.75469E-2 1.29422E-2 1.2164E-2 1.23631E-2 1.39058E-2 1.73882E-2 1.54092E-2 1.61591E-2 1.36071E-2 2.30371E-2
-9999 -9999 -9999 -9999 -9999 -9999 -9999 -9999 -9999 -9999 -9999 -9999 -9999 -9999 -9999 -9999 1.44583E-3 2.13503E-3 2.96524E-3 5.43838E-3 4.42405E-3 5.2839E-3 9.41132E-3 1.13629E-2 9.33681E-3 1.43889E-2 3.09921E-2 1.50871E-2 1.8934E-2 2.66955E-2 4.05723E-2 4.01327E-2 4.1544E-2 4.32828E-2 5.66898E-2 5.70276E-2 5.42386E-2 5.47415E-2 4.65208E-2 4.95389E-2 3.59699E-2 3.91595E-2 4.64359E-2 4.94072E-2 1.48399E-2 1.14569E-2 1.05497E-2 1.18258E-2 1.15944E-2 1.45428E-2 1.80577E-2 1.52512E-2 1.25226E-2 1.13666E-2 1.19392E-2 1.56005E-2 1.50403E-2 1.44286E-2 1.97769E-2 2.55821E-2
-9999 -9999 -9999 -9999 -9999 -9999 -9999 -9999 -9999 -9999 -9999 -9999 -9999 -9999 -9999 2.58852E-3 2.03178E-3 1.84018E-3 1.79916E-3 3.97599E-3 6.51288E-3 7.38766E-3 9.26955E-3 1.19609E-2 1.44834E-2 1.31487E-2 1.68828E-2 1.68064E-2 2.12918E-2 2.7011E-2 4.40761E-2 4.85445E-2 5.07778E-2 4.91905E-2 5.82718E-2 5.20158E-2 5.45704E-2 6.12943E-2 5.55062E-2 4.83588E-2 3.66943E-2 3.80232E-2 3.69938E-2 4.66368E-2 3.93996E-2 1.30212E-2 9.83837E-3 8.98704E-3 9.27895E-3 1.0437E-2 1.31266E-2 1.64664E-2 1.29199E-2 1.08877E-2 9.75075E-3 1.35162E-2 1.87031E-2 1.54138E-2 1.13194E-2 2.59731E-2
-9999 -9999 -9999 -9999 -9999 -9999 -9999 -9999 -9999 -9999 -9999 -9999 -9999 -9999 6.70348E-3 3.72128E-3 4.30404E-3 4.43135E-3 4.17741E-3 4.29591E-3 6.24252E-3 9.55922E-3 1.09311E-2 1.52119E-2 2.33226E-2 2.32202E-2 5.4789E-2 3.33233E-2 3.75237E-2 3.98163E-2 3.90931E-2 5.2484E-2 5.32038E-2 4.91542E-2 5.83457E-2 4.82055E-2 4.84441E-2 4.75776E-2 4.38116E-2 4.04844E-2 2.73323E-2 3.27932E-2 2.68672E-2 2.42992E-2 2.86591E-2 2.79675E-2 2.54223E-2 2.51878E-2 2.37053E-2 2.06556E-2 8.52429E-3 9.42248E-3 7.91049E-3 9.39204E-3 1.15857E-2 1.61769E-2 1.7269E-2 1.58264E-2 1.73805E-2 2.00388E-2
-9999 -9999 -9999 -9999 -9999 -9999 -9999 -9999 -9999 -9999 -9999 -9999 -9999 2.25206E-3 5.03956E-3 3.84887E-3 4.49799E-3 4.81991E-3 5.00215E-3 5.09889E-3 6.00533E-3 7.80034E-3 1.38262E-2 1.31082E-2 1.36119E-2 2.11384E-2 2.48497E-2 3.89688E-2 4.64881E-2 5.22886E-2 5.20002E-2 4.98848E-2 6.79951E-2 6.75073E-2 5.56979E-2 4.40363E-2 4.8754E-2 4.44495E-2 3.5209E-2 3.64247E-2 2.53706E-2 2.64324E-2 2.49085E-2 2.3585E-2 2.53932E-2 2.50807E-2 2.39143E-2 2.35739E-2 1.98821E-2 8.33345E-3 3.45482E-3 3.2301E-3 6.67486E-3 1.05161E-2 1.28021E-2 1.75782E-2 9.31052E-3 1.64057E-2 1.72471E-2 1.86793E-2
-9999 -9999 -9999 -9999 -9999 -9999 -9999 -9999 -9999 -9999 -9999 -9999 -9999 8.51885E-3 6.0873E-3 4.84009E-3 5.61216E-3 6.17727E-3 6.65951E-3 7.15096E-3 8.53131E-3 1.80053E-2 1.52166E-2 1.72645E-2 2.01004E-2 3.84742E-2 3.28605E-2 4.75115E-2 5.42898E-2 5.22945E-2 5.03632E-2 5.06204E-2 5.14632E-2 4.99133E-2 4.19252E-2 4.44501E-2 4.35202E-2 3.74118E-2 3.02023E-2 3.11708E-2 2.53708E-2 2.73436E-2 2.46469E-2 2.42292E-2 2.29329E-2 2.29701E-2 2.11557E-2 2.42422E-2 2.13998E-2 1.51311E-2 6.08518E-3 6.14592E-3 1.21867E-2 1.65771E-2 1.19371E-2 1.2273E-2 1.87112E-2 1.29275E-2 7.76583E-3 1.98075E-2
-9999 -9999 -9999 -9999 -9999 -9999 -9999 -9999 -9999 -9999 -9999 -9999 -9999 5.98783E-3 6.83387E-3 5.63294E-3 6.36984E-3 6.906E-3 7.60801E-3 8.30244E-3 1.02677E-2 1.78732E-2 2.18654E-2 2.81446E-2 3.67981E-2 4.01416E-2 3.60315E-2 4.37799E-2 5.82187E-2 6.60987E-2 6.20604E-2 6.06727E-2 5.0122E-2 4.18332E-2 4.69825E-2 4.64145E-2 4.11667E-2 3.42405E-2 3.6563E-2 3.866E-2 2.60112E-2 2.71091E-2 2.75008E-2 2.73927E-2 2.55464E-2 3.09868E-2 2.78437E-2 2.29969E-2 2.07687E-2 1.54815E-2 6.10839E-3 5.59319E-3 1.03194E-2 7.11317E-3 5.70938E-3 2.37235E-2 1.29757E-2 1.38889E-2 1.83694E-2 2.08784E-2
-9999 -9999 -9999 -9999 -9999 -9999 -9999 -9999 -9999 -9999 -9999 -9999 8.42169E-3 9.00682E-3 8.30471E-3 6.93887E-3 7.76553E-3 8.53199E-3 8.98898E-3 9.82E-3 1.23525E-2 1.89832E-2 2.48294E-2 3.43312E-2 4.86873E-2 5.90763E-2 3.81109E-2 4.87325E-2 5.82477E-2 6.15033E-2 6.09854E-2 5.4988E-2 6.21344E-2 5.44396E-2 5.09873E-2 4.34128E-2 3.79058E-2 3.52212E-2 3.88933E-2 3.7004E-2 2.29148E-2 1.42461E-2 2.08275E-2 2.38356E-2 2.26995E-2 2.32218E-2 2.41873E-2 2.54931E-2 2.63276E-2 2.01938E-2 7.81106E-3 7.22593E-3 3.46324E-3 1.19171E-2 1.14378E-2 1.92667E-2 2.16246E-2 2.6947E-2 2.52809E-2 2.24653E-2
-9999 -9999 -9999 -9999 -9999 -9999 -9999 -9999 -9999 -9999 -9999 -9999 1.17889E-2 2.16418E-2 1.4032E-2 1.15036E-2 1.19309E-2 1.30284E-2 1.4342E-2 1.44341E-2 1.36707E-2 1.43599E-2 2.8023E-2 3.34503E-2 3.35945E-2 6.34798E-2 7.3262E-2 5.447E-2 5.42018E-2 5.48537E-2 3.79462E-2 3.2849E-2 3.36932E-2 3.64401E-2 3.54909E-2 2.14405E-2 2.38771E-2 2.38266E-2 2.34598E-2 2.46389E-2 2.35656E-2 2.68866E-2 2.36044E-2 2.45814E-2 2.28744E-2 2.223E-2 2.12139E-2 2.28167E-2 2.24476E-2 1.95318E-2 4.98347E-3 9.27859E-3 1.09427E-2 8.81433E-3 1.61433E-2 2.21759E-2 2.20008E-2 2.35186E-2 2.74251E-2 3.11519E-2
-9999 -9999 -9999 -9999 -9999 -9999 -9999 -9999 -9999 -9999 1.94881E-3 9.54956E-3 5.94942E-3 1.62622E-2 1.37042E-2 1.20938E-2 1.41464E-2 1.53387E-2 1.77671E-2 2.0405E-2 1.58016E-2 1.77737E-2 3.49799E-2 4.39204E-2 3.69944E-2 4.30705E-2 8.20779E-2 5.99527E-2 6.36834E-2 6.40021E-2 4.13909E-2 3.63673E-2 3.93391E-2 3.46466E-2 3.01798E-2 2.27346E-2 2.66585E-2 2.4658E-2 2.70621E-2 2.8336E-2 3.12485E-2 3.14546E-2 3.3369E-2 2.67145E-2 2.51071E-2 2.39052E-2 2.44793E-2 2.52063E-2 2.48886E-2 1.44557E-2 1.19359E-2 1.20921E-2 1.3499E-2 1.36846E-2 1.58272E-2 2.36124E-2 2.02434E-2 2.21717E-2 2.54569E-2 2.9151E-2
-9999 -9999 -9999 -9999 -9999 -9999 -9999 -9999 -9999 3.08583E-3 5.77402E-3 6.50264E-3 1.12182E-2 8.49123E-3 1.03445E-2 9.77523E-3 1.23568E-2 1.53952E-2 1.91348E-2 2.13526E-2 1.72739E-2 2.19224E-2 3.56575E-2 3.41376E-2 2.93924E-2 3.84251E-2 7.65967E-2 4.44788E-2 5.98032E-2 6.628E-2 3.86015E-2 3.38719E-2 3.80569E-2 3.21253E-2 2.69712E-2 2.37888E-2 2.57121E-2 1.87933E-2 2.90356E-2 3.25354E-2 3.45386E-2 3.11085E-2 3.35311E-2 3.0535E-2 3.04005E-2 2.7624E-2 2.90981E-2 2.79596E-2 3.0885E-2 2.40789E-2 1.24632E-2 1.36593E-2 1.39335E-2 9.70792E-3 1.52926E-2 2.21936E-2 2.25201E-2 2.10404E-2 2.25371E-2 2.49801E-2
-9999 -9999 -9999 -9999 -9999 -9999 -9999 -9999 -9999 -9999 8.81477E-3 8.03015E-3 5.29821E-3 6.84993E-3 1.07879E-2 1.12667E-2 1.32928E-2 1.79891E-2 2.09354E-2 2.35248E-2 2.4501E-2 3.37235E-2 3.97943E-2 4.61386E-2 3.22216E-2 5.20191E-2 3.99822E-2 4.28149E-2 4.3152E-2 5.19974E-2 3.60274E-2 3.59975E-2 4.10831E-2 3.5676E-2 2.76257E-2 2.53554E-2 2.94818E-2 3.25287E-2 1.84178E-2 3.73451E-2 3.88179E-2 3.44679E-2 3.4922E-2 3.00618E-2 3.27042E-2 3.02055E-2 3.49763E-2 3.46496E-2 3.17338E-2 1.05215E-2 1.3526E-2 1.29639E-2 1.32905E-2 1.4439E-2 1.53389E-2 1.40702E-2 2.14909E-2 2.28728E-2 2.19585E-2 2.61388E-2
-9999 -9999 -9999 -9999 -9999 -9999 -9999 -9999 -9999 -9999 -9999 -9999 -9999 -9999 1.38908E-2 1.48443E-2 1.71021E-2 2.24098E-2 2.28E-2 2.29969E-2 2.8889E-2 3.53087E-2 3.94738E-2 4.44037E-2 5.02617E-2 4.51148E-2 4.3088E-2 5.15069E-2 5.3655E-2 5.24617E-2 3.9065E-2 4.51543E-2 4.64578E-2 4.0724E-2 3.0516E-2 2.47442E-2 2.77499E-2 3.13772E-2 4.58916E-2 3.40297E-2 2.96481E-2 3.04613E-2 3.44636E-2 3.09614E-2 3.42184E-2 3.0461E-2 3.5258E-2 3.02036E-2 3.40537E-2 2.61901E-2 1.42106E-2 1.31529E-2 8.13112E-3 1.42537E-2 1.59105E-2 2.12973E-2 1.99207E-2 2.08092E-2 2.12596E-2 2.53779E-2
-9999 -9999 -9999 -9999 -9999 -9999 -9999 -9999 -9999 -9999 -9999 -9999 -9999 -9999 -9999 -9999 -9999 -9999 -9999 2.44968E-2 3.06541E-2 3.93011E-2 4.33978E-2 4.78769E-2 5.60343E-2 6.20705E-2 4.74765E-2 4.95157E-2 5.63191E-2 5.97465E-2 4.68339E-2 4.11711E-2 4.87128E-2 4.66459E-2 3.34738E-2 2.16977E-2 2.24753E-2 2.47623E-2 2.69198E-2 3.07165E-2 3.35734E-2 3.09766E-2 3.08973E-2 2.28663E-2 2.84772E-2 3.21064E-2 2.72097E-2 2.14392E-2 3.19328E-2 2.35482E-2 1.30692E-2 1.36063E-2 1.20055E-2 9.16867E-3 1.54173E-2 2.20214E-2 2.17426E-2 2.26603E-2 2.08952E-2 2.45419E-2
-9999 -9999 -9999 -9999 -9999 -9999 -9999 -9999 -9999 -9999 -9999 -9999 -9999 -9999 -9999 -9999 -9999 -9999 -9999 -9999 3.04233E-2 4.2896E-2 4.68289E-2 4.98571E-2 5.92316E-2 6.41571E-2 5.56852E-2 6.10994E-2 6.16368E-2 7.84999E-2 5.88172E-2 5.44627E-2 4.52224E-2 4.82194E-2 3.62832E-2 2.60832E-2 2.24541E-2 2.61792E-2 2.51324E-2 2.70493E-2 3.40395E-2 3.05037E-2 3.20504E-2 3.08293E-2 3.66776E-2 3.41182E-2 3.41809E-2 3.39042E-2 3.02264E-2 2.30707E-2 1.17124E-2 1.29764E-2 1.27814E-2 1.23327E-2 1.41753E-2 2.16273E-2 2.45445E-2 2.54838E-2 2.59039E-2 2.79262E-2
-9999 -9999 -9999 -9999 -9999 -9999 -9999 -9999 -9999 -9999 -9999 -9999 -9999 -9999 -9999 -9999 -9999 -9999 -9999 -9999 -9999 4.55306E-2 4.6498E-2 4.60631E-2 5.67647E-2 5.86678E-2 7.22776E-2 9.31941E-2 1.05119E-1 4.02041E-2 2.31569E-2 4.07397E-2 4.16022E-2 4.61387E-2 4.28963E-2 3.63557E-2 2.85494E-2 2.5411E-2 2.51812E-2 2.86163E-2 3.34892E-2 2.91336E-2 1.59156E-2 3.44528E-2 4.10954E-2 3.87386E-2 3.65299E-2 3.46441E-2 2.92287E-2 2.34282E-2 1.3149E-2 1.26268E-2 1.27675E-2 1.40114E-2 1.46275E-2 2.11089E-2 2.28641E-2 2.02262E-2 2.80119E-2 3.53264E-2
-9999 -9999 -9999 -9999 -9999 -9999 -9999 -9999 -9999 -9999 -9999 -9999 -9999 -9999 -9999 -9999 -9999 -9999 -9999 -9999 -9999 -9999 4.46932E-2 4.13234E-2 4.87712E-2 5.44155E-2 7.36481E-2 1.00677E-1 1.06379E-1 6.14446E-2 4.2912E-2 4.67669E-2 3.94715E-2 3.62704E-2 4.49819E-2 3.51245E-2 3.13763E-2 3.395E-2 3.07911E-2 3.20382E-2 3.13984E-2 2.59419E-2 3.76772E-2 3.77255E-2 4.31014E-2 3.44269E-2 2.87874E-2 1.6193E-2 2.78971E-2 2.42155E-2 1.28098E-2 1.33843E-2 1.48563E-2 1.60906E-2 1.74554E-2 2.52238E-2 2.63779E-2 2.18264E-2 2.72037E-2 3.49605E-2
-9999 -9999 -9999 -9999 -9999 -9999 -9999 -9999 -9999 -9999 -9999 -9999 -9999 -9999 -9999 -9999 -9999 -9999 -9999 -9999 -9999 -9999 -9999 3.41375E-2 4.08113E-2 4.885E-2 7.13242E-2 9.09242E-2 8.17708E-2 5.90633E-2 4.40413E-2 5.05787E-2 4.43561E-2 5.05754E-2 5.38089E-2 3.2034E-2 3.83435E-2 4.3097E-2 3.90231E-2 3.21345E-2 2.26991E-2 3.52351E-2 4.33385E-2 3.84843E-2 4.21321E-2 3.05582E-2 2.90513E-2 3.17014E-2 2.96095E-2 2.28523E-2 1.31184E-2 9.87042E-3 6.37627E-3 1.57155E-2 1.84682E-2 2.70217E-2 2.65128E-2 2.48892E-2 2.67682E-2 3.31978E-2
-9999 -9999 -9999 -9999 -9999 -9999 -9999 -9999 -9999 -9999 -9999 -9999 -9999 -9999 -9999 -9999 -9999 -9999 -9999 -9999 -9999 -9999 -9999 -9999 -9999 5.09504E-2 7.28537E-2 9.29904E-2 9.20344E-2 7.61341E-2 4.5859E-2 4.9563E-2 5.3355E-2 7.4236E-2 6.25346E-2 4.87475E-2 4.61035E-2 4.99924E-2 4.49693E-2 3.61368E-2 3.70612E-2 3.74809E-2 4.37527E-2 3.62205E-2 3.57164E-2 3.78004E-2 3.88766E-2 4.221E-2 5.21178E-2 4.40822E-2 3.65472E-2 3.56349E-2 3.64991E-2 4.34327E-2 5.42867E-2 8.64822E-2 8.13166E-2 8.98026E-2 7.82144E-2 4.10362E-2
-9999 -9999 -9999 -9999 -9999 -9999 -9999 -9999 -9999 -9999 -9999 -9999 -9999 -9999 -9999 -9999 -9999 -9999 -9999 -9999 -9999 -9999 -9999 -9999 -9999 -9999 -9999 7.17755E-2 7.27723E-2 8.0115E-2 4.95589E-2 3.6712E-2 4.25299E-2 3.86607E-2 4.58337E-2 4.57495E-2 5.06356E-2 4.03179E-2 3.30625E-2 3.84651E-2 4.00708E-2 2.11634E-2 4.10454E-2 3.70817E-2 3.94149E-2 4.17558E-2 4.45992E-2 5.08048E-2 5.44507E-2 4.76339E-2 4.28919E-2 3.98848E-2 3.14955E-2 4.25E-2 5.22076E-2 6.82546E-2 7.81862E-2 9.65434E-2 7.08467E-2 3.20566E-2
-9999 -9999 -9999 -9999 -9999 -9999 -9999 -9999 -9999 -9999 -9999 -9999 -9999 -9999 -9999 -9999 -9999 -9999 -9999 -9999 -9999 -9999 -9999 -9999 -9999 -9999 -9999 -9999 -9999 6.45506E-2 3.49504E-2 2.95402E-2 1.82574E-2 2.34406E-2 2.81865E-2 2.72591E-2 3.86721E-2 3.95436E-2 3.42789E-2 4.27923E-2 2.40054E-2 3.40382E-2 4.43031E-2 3.3347E-2 3.58385E-2 1.9244E-2 4.38242E-2 4.66481E-2 5.89348E-2 5.6883E-2 4.75713E-2 4.64803E-2 3.76782E-2 4.05949E-2 5.06787E-2 7.05712E-2 7.36169E-2 7.83398E-2 6.83185E-2 3.98043E-2
-9999 -9999 -9999 -9999 -9999 -9999 -9999 -9999 -9999 -9999 -9999 -9999 -9999 -9999 -9999 -9999 -9999 -9999 -9999 -9999 -9999 -9999 -9999 -9999 -9999 -9999 -9999 -9999 -9999 -9999 -9999 1.00227E-2 1.02677E-2 1.06487E-2 1.86643E-2 2.02048E-2 2.91895E-2 3.40908E-2 2.8786E-2 3.08304E-2 3.46414E-2 3.91954E-2 5.05965E-2 3.80722E-2 3.56684E-2 4.37562E-2 3.82633E-2 4.76419E-2 6.62976E-2 7.03489E-2 5.57098E-2 5.29811E-2 4.50319E-2 4.3181E-2 5.02963E-2 7.61665E-2 6.7923E-2 5.69235E-2 6.07048E-2 4.3387E-2
-9999 -9999 -9999 -9999 -9999 -9999 -9999 -9999 -9999 -9999 -9999 -9999 -9999 -9999 -9999 -9999 -9999 -9999 -9999 -9999 -9999 -9999 -9999 -9999 -9999 -9999 -9999 -9999 -9999 -9999 -9999 9.04719E-3 9.66281E-3 8.984E-3 2.94229E-2 1.36067E-2 1.96355E-2 2.94808E-2 3.2841E-2 3.2878E-2 2.87115E-2 2.63951E-2 3.74349E-2 3.09406E-2 2.44092E-2 4.49339E-2 4.20508E-2 4.64938E-2 6.22277E-2 8.19543E-2 3.73721E-2 4.72548E-2 5.95711E-2 5.46104E-2 5.62172E-2 8.43278E-2 7.21207E-2 6.49403E-2 1.04464E-1 5.28583E-2
