Phytophthora/models/20240429_1812_56/Phytophthora_PA2_RUN2_MAXENT_outputs/Phytophthora_PA2_RUN2.asc
ncols         225
nrows         269
xllcorner     473000.0
yllcorner     4429100.0
cellsize      50.0
NODATA_value  -9999
[rows 81 to 107 of 269, columns 60 to 119 of 225]
6.02701E-2 8.3587E-3 4.93657E-2 4.03734E-2 2.02197E-2 2.2871E-2 2.97153E-2 4.73433E-2 4.35826E-2 6.18638E-2 2.64488E-2 1.04782E-1 1.26329E-2 1.04048E-1 1.29973E-1 2.35965E-1 2.38822E-1 2.37625E-1 2.24761E-1 2.05566E-1 9.04024E-2 -9999 8.1E-2 7.26867E-2 6.63702E-2 7.73081E-2 9.81768E-2 1.24316E-1 1.51552E-1 2.08457E-1 2.25576E-1 1.88192E-1 1.56208E-1 1.76641E-1 2.13195E-1 3.68371E-1 3.9726E-1 4.02326E-1 3.86193E-1 4.01742E-1 4.22666E-1 4.37317E-1 4.64459E-1 2.28444E-1 4.27816E-1 3.45739E-1 1.53037E-1 5.87629E-1 5.42524E-1 4.26637E-1 3.78558E-1 2.26242E-1 2.67476E-1 2.40516E-1 3.01505E-1 -9999 -9999 -9999 -9999 -9999
7.70306E-2 7.13338E-2 5.47247E-2 3.37541E-2 3.35473E-2 3.10451E-2 3.02158E-2 3.99095E-2 4.19759E-2 5.22888E-2 8.15841E-2 9.64138E-2 9.89838E-2 8.91045E-2 1.01275E-1 1.58182E-1 1.67115E-1 2.24529E-1 2.22915E-1 1.95312E-1 8.46712E-2 -9999 7.90935E-2 7.96555E-2 6.93899E-2 7.83428E-2 9.58182E-2 1.16478E-1 1.34651E-1 1.6482E-1 2.30545E-1 1.97574E-1 1.79131E-1 1.74328E-1 2.03613E-1 4.03532E-1 4.36662E-1 4.33716E-1 4.23789E-1 4.20884E-1 4.52119E-1 4.03744E-1 4.61081E-1 4.37097E-1 4.31157E-1 4.77383E-1 4.53083E-1 1.3317E-1 1.95586E-1 1.1277E-1 4.12616E-1 1.04314E-1 4.50317E-1 2.08843E-1 2.34453E-1 5.60844E-2 2.26976E-1 -9999 -9999 -9999
6.909E-2 5.80199E-2 6.26943E-2 4.673E-2 3.9624E-2 3.86511E-2 4.49288E-2 4.49048E-2 4.89284E-2 5.99323E-2 7.39669E-2 8.0356E-2 8.30313E-2 8.37753E-2 9.28854E-2 1.46257E-1 1.752E-1 2.16887E-1 2.34263E-1 2.11368E-1 2.7999E-2 1.01057E-1 -9999 9.65413E-2 8.5387E-2 7.88132E-2 8.80757E-2 1.04667E-1 1.20751E-1 1.50182E-1 2.28464E-1 2.18665E-1 2.25185E-1 1.11794E-1 2.22494E-1 8.38394E-2 4.58277E-1 4.06162E-1 4.21263E-1 4.17069E-1 4.53848E-1 4.38236E-1 4.30454E-1 4.10866E-1 4.07541E-1 4.49078E-1 3.3654E-1 8.65377E-2 3.49694E-1 3.669E-1 4.07348E-1 2.38059E-1 3.96167E-1 4.40422E-2 3.50233E-1 2.58284E-1 2.30165E-1 2.00255E-1 -9999 -9999
7.65603E-2 9.41745E-2 8.00181E-2 6.56647E-2 4.59844E-2 4.30879E-2 4.85535E-2 1.82195E-2 2.40281E-2 1.02453E-2 8.96513E-2 8.70065E-2 8.11729E-2 7.62207E-2 8.50027E-2 1.7415E-1 2.08453E-1 2.48441E-1 2.51767E-1 2.34421E-1 1.01958E-1 1.22422E-1 -9999 9.42013E-2 9.38091E-2 9.24667E-2 9.86371E-2 9.2721E-2 1.05471E-1 1.29781E-1 1.83605E-1 2.20726E-1 1.87331E-1 1.72578E-1 7.93278E-2 4.48115E-1 4.11126E-1 3.30531E-1 3.58038E-1 3.70843E-1 4.06272E-1 3.8759E-1 3.82369E-1 3.61061E-1 3.60794E-1 4.18557E-1 2.62909E-1 1.05767E-1 3.49114E-1 4.53384E-1 4.12764E-1 3.54277E-1 3.74985E-1 3.58866E-1 3.08516E-1 2.46706E-1 2.40113E-1 2.19444E-1 -9999 -9999
8.98881E-2 1.09469E-1 1.10089E-1 8.28017E-2 5.91722E-2 4.27439E-2 4.47492E-2 4.83181E-2 5.09453E-2 6.33915E-2 2.57328E-2 9.63021E-2 9.0566E-2 8.61534E-2 9.03112E-2 1.68557E-1 2.09343E-1 2.53717E-1 2.68194E-1 2.85535E-1 1.98374E-1 1.42657E-1 1.16388E-1 -9999 8.17229E-2 9.71371E-2 1.18956E-1 1.09489E-1 1.17373E-1 1.28995E-1 1.8089E-1 1.91157E-1 1.79863E-1 2.01062E-1 2.64487E-1 4.69465E-1 3.88085E-1 3.32534E-1 3.18212E-1 3.28648E-1 3.73314E-1 3.58387E-1 3.59163E-1 3.37246E-1 3.82154E-1 2.58601E-1 4.40905E-1 3.24431E-1 4.14701E-1 4.25099E-1 4.00908E-1 3.52792E-1 3.50747E-1 3.33905E-1 3.12574E-1 2.63008E-1 2.67077E-1 2.59046E-1 2.2178E-1 -9999
5.64793E-2 6.73522E-2 7.82611E-2 5.59969E-2 4.86858E-2 4.08079E-2 3.26189E-2 3.62491E-2 3.53947E-2 4.65672E-2 7.70277E-2 9.78003E-3 9.01877E-2 8.39778E-2 9.37719E-2 1.57839E-1 1.81791E-1 2.18091E-1 2.43261E-1 2.85792E-1 2.6898E-2 2.07014E-1 1.73561E-1 1.42852E-1 1.35814E-1 1.93082E-1 2.44563E-1 2.56222E-1 2.39479E-1 2.38179E-1 1.33504E-1 2.09512E-1 2.30972E-1 2.39371E-1 3.2794E-1 1.04935E-1 4.74543E-1 4.57848E-1 4.19293E-1 3.98027E-1 3.83948E-1 3.61765E-1 3.5391E-1 3.98318E-1 5.26588E-1 5.31632E-1 4.96998E-1 2.31241E-1 4.82202E-1 1.14617E-1 4.58783E-1 4.03172E-1 3.64569E-1 3.66279E-1 3.66593E-1 3.92958E-1 3.93431E-1 3.72938E-1 3.39236E-1 -9999
5.35271E-2 6.45394E-2 6.70314E-2 6.10456E-2 6.22944E-2 5.05172E-2 3.68605E-2 3.37116E-2 3.27347E-2 3.85874E-2 6.47158E-2 8.9146E-2 9.53679E-2 9.60593E-2 1.04067E-1 1.69434E-1 1.67916E-1 1.78055E-1 2.11195E-1 2.28876E-1 1.68661E-1 6.12324E-2 2.02607E-1 1.71496E-1 1.71679E-1 2.32902E-1 2.86633E-1 3.11611E-1 2.76583E-1 2.65405E-1 2.1919E-1 2.09418E-1 2.31457E-1 2.34977E-1 2.75509E-1 4.74758E-1 2.72479E-1 4.99743E-1 4.62236E-1 4.33986E-1 4.12449E-1 4.37277E-1 4.00284E-1 4.03067E-1 3.63375E-1 5.02313E-1 1.62008E-1 5.76073E-1 5.23282E-1 5.23644E-1 5.13549E-1 5.05737E-1 4.60876E-1 4.65133E-1 4.40169E-1 4.73492E-1 4.8348E-1 4.70394E-1 4.23744E-1 3.17968E-1
6.08523E-2 5.65903E-2 6.70604E-2 6.96311E-2 7.48292E-2 6.19268E-2 4.61272E-2 4.01103E-2 3.4469E-2 3.75874E-2 6.00973E-2 8.17111E-2 9.12562E-2 5.05017E-2 1.30032E-1 2.04564E-1 1.88742E-1 1.71515E-1 1.68043E-1 1.99652E-1 9.18312E-2 2.61907E-1 2.41868E-1 2.17763E-1 2.12558E-1 2.9058E-1 3.42559E-1 3.0233E-1 2.52376E-1 2.28863E-1 1.88969E-1 2.0614E-1 2.67516E-1 2.53199E-1 2.20872E-1 4.88193E-1 5.05227E-1 3.33329E-1 4.46074E-1 4.1675E-1 4.31164E-1 4.61148E-1 4.67618E-1 4.1392E-1 2.19737E-1 4.40568E-1 4.06401E-1 3.66365E-1 3.49574E-1 4.96155E-1 5.07592E-1 2.73418E-1 3.20135E-1 5.11151E-1 4.98387E-1 2.3754E-1 5.31927E-1 5.12181E-1 4.00804E-1 3.05765E-1
6.59334E-2 5.72175E-2 7.30611E-2 7.9377E-2 2.16189E-2 7.20417E-2 6.06074E-2 5.34858E-2 4.31073E-2 3.90745E-2 5.9498E-2 7.13387E-2 7.3792E-2 9.35237E-2 1.20524E-1 1.19033E-1 1.95806E-1 1.71093E-1 1.50216E-1 1.52687E-1 2.20581E-1 9.57262E-2 2.49197E-1 2.34304E-1 1.89925E-1 3.8067E-1 2.94258E-1 2.66239E-1 2.15956E-1 1.61205E-1 1.77002E-1 2.42047E-1 3.15357E-1 -9999 2.19241E-1 5.23174E-1 4.76961E-1 3.99539E-1 2.6954E-1 4.672E-1 4.8436E-1 4.99174E-1 5.26712E-1 5.38764E-1 5.02502E-1 4.95599E-1 5.03111E-1 4.33168E-1 4.16347E-1 5.28949E-1 5.02434E-1 3.25331E-1 4.71959E-1 5.03541E-1 4.87599E-1 5.45283E-1 5.32482E-1 4.96068E-1 3.76968E-1 3.07809E-1
6.60024E-2 6.3572E-2 7.78883E-2 8.62838E-2 9.43239E-2 9.83428E-2 7.92134E-2 6.77545E-2 5.36826E-2 4.98208E-2 5.36681E-2 6.49027E-2 6.18313E-2 7.87512E-2 1.02501E-1 2.13393E-1 2.18749E-1 1.94059E-1 1.72189E-1 1.41149E-1 2.04298E-1 8.96731E-2 2.43716E-1 2.28954E-1 1.03454E-1 3.44702E-1 2.53579E-1 2.13844E-1 2.05063E-1 2.10336E-1 1.96976E-1 -9999 -9999 -9999 -9999 4.61321E-1 4.3044E-1 3.76548E-1 4.21325E-1 4.73649E-1 4.10062E-1 5.53327E-1 5.43175E-1 5.79234E-1 6.17424E-1 2.25137E-1 4.05543E-1 4.92302E-1 4.64477E-1 5.62344E-1 4.6037E-1 4.74611E-1 4.75979E-1 4.93453E-1 4.69014E-1 5.00339E-1 4.89628E-1 4.2192E-1 3.46254E-1 3.43199E-1
9.3333E-2 1.02275E-1 1.21119E-1 1.10127E-1 1.16884E-1 1.23852E-1 8.19444E-2 8.79207E-2 6.54524E-2 6.86485E-2 7.13911E-2 7.70027E-2 7.89265E-2 9.107E-2 1.1275E-1 1.98667E-1 2.09378E-1 1.80352E-1 1.98144E-1 1.56938E-1 2.01164E-1 1.06519E-1 2.62112E-1 3.51676E-1 3.75766E-1 2.50051E-1 2.03333E-1 1.72576E-1 1.82877E-1 -9999 -9999 -9999 -9999 -9999 -9999 3.74515E-1 3.48265E-1 3.44199E-1 3.51011E-1 3.82904E-1 4.44647E-1 5.26714E-1 5.72534E-1 6.06753E-1 2.00776E-1 4.9909E-1 3.79326E-1 4.45871E-1 1.18001E-1 5.21393E-1 3.8291E-1 3.76772E-1 2.242E-1 4.15812E-1 4.73566E-1 4.87826E-1 4.63231E-1 3.14785E-1 3.44336E-1 3.81408E-1
1.13078E-1 1.34993E-1 1.46413E-1 1.16386E-1 1.10364E-1 7.09336E-2 9.52029E-2 2.86819E-2 7.6776E-2 7.56559E-2 8.89245E-2 1.13208E-1 1.1183E-1 1.27562E-1 1.43696E-1 2.03321E-1 2.98511E-2 2.49622E-1 2.41879E-1 2.12561E-1 2.42235E-1 3.32248E-1 3.58797E-1 4.78913E-2 2.82133E-1 2.34271E-1 2.07539E-1 1.73618E-1 -9999 -9999 -9999 -9999 -9999 -9999 -9999 3.86592E-1 3.49339E-1 3.40474E-1 3.34098E-1 3.47339E-1 3.98177E-1 4.55208E-1 5.49975E-1 5.32331E-1 3.25528E-1 5.1087E-2 2.7786E-1 4.22639E-1 5.14109E-1 5.30285E-1 6.80175E-2 2.95305E-1 3.16467E-1 2.8641E-1 3.17874E-1 5.30976E-1 3.9631E-1 3.40525E-1 3.53584E-1 4.03153E-1
1.14369E-1 1.48194E-1 5.13965E-2 6.54365E-2 1.07146E-1 7.61718E-2 8.75596E-2 1.1929E-1 8.97481E-2 7.75864E-2 9.37141E-2 1.34938E-1 1.57036E-1 1.75894E-1 3.35227E-2 1.28037E-1 2.45669E-1 2.57052E-1 2.63778E-1 2.46145E-1 2.86707E-1 3.60669E-1 1.06566E-1 2.70575E-1 2.32914E-1 2.59624E-1 2.28868E-1 1.86835E-1 -9999 -9999 -9999 -9999 -9999 -9999 -9999 -9999 4.11295E-1 3.985E-1 3.70206E-1 3.5607E-1 3.97422E-1 -9999 -9999 5.66218E-1 4.57642E-1 2.64687E-1 3.03845E-1 3.26044E-1 5.44151E-1 4.4554E-1 3.23298E-1 3.00947E-1 2.71541E-1 1.51158E-1 4.72655E-1 2.50012E-1 4.2536E-1 3.67864E-1 3.91109E-1 4.10871E-1
9.49149E-2 1.27047E-1 1.4609E-1 1.22089E-1 1.141E-1 8.71798E-2 2.03669E-2 1.24288E-1 5.62758E-2 9.91617E-2 1.11082E-1 1.32233E-1 9.30788E-2 1.81688E-1 1.78766E-1 8.21953E-2 2.34908E-1 2.39448E-1 2.31317E-1 2.24639E-1 1.9983E-1 3.11528E-1 3.41253E-1 2.50696E-1 2.4628E-1 3.89453E-2 2.24105E-1 1.72212E-1 -9999 -9999 -9999 -9999 -9999 -9999 -9999 -9999 4.76666E-1 4.57912E-1 4.37929E-1 -9999 -9999 -9999 -9999 3.02109E-1 3.54443E-1 2.2381E-1 2.71071E-1 2.97819E-1 3.97914E-1 4.22403E-1 3.37081E-1 2.83932E-1 2.41137E-1 1.44319E-1 4.9677E-1 1.63196E-1 4.41637E-1 3.90441E-1 4.31169E-1 1.15469E-1
7.84877E-2 6.25092E-2 1.22478E-1 1.21688E-1 1.01937E-1 7.25973E-2 8.30269E-2 1.15205E-1 1.17785E-1 1.01537E-1 5.44837E-2 1.41455E-2 1.28109E-1 1.49398E-1 1.6359E-1 2.03175E-1 5.85609E-2 4.35798E-2 2.38967E-1 2.20032E-1 1.80593E-1 1.7715E-1 2.16826E-1 1.76875E-1 1.74409E-1 1.17118E-1 2.32775E-1 1.45269E-1 2.0441E-1 -9999 -9999 -9999 -9999 -9999 -9999 5.76784E-1 -9999 -9999 -9999 -9999 -9999 -9999 -9999 3.30616E-1 2.41209E-1 2.18441E-1 2.42017E-1 2.87314E-1 1.37692E-1 7.75753E-2 1.59174E-1 2.93863E-1 2.59252E-1 2.19345E-1 1.60659E-1 5.11409E-1 3.28088E-1 4.35713E-1 9.44714E-2 4.37196E-1
1.29763E-1 1.59978E-1 1.34735E-1 2.22755E-1 1.67993E-1 1.30926E-1 1.42368E-1 1.53142E-1 1.63023E-1 2.24411E-1 2.39225E-1 2.62933E-1 3.8502E-2 1.92793E-1 1.74821E-1 1.65012E-1 1.80728E-1 2.00661E-1 2.27847E-1 1.04882E-1 9.92591E-2 1.42075E-1 1.30448E-1 1.40858E-1 1.3884E-1 2.52404E-1 1.47002E-1 1.55316E-1 1.64389E-1 -9999 -9999 -9999 -9999 -9999 -9999 -9999 -9999 -9999 -9999 -9999 -9999 -9999 -9999 3.26694E-1 3.23113E-1 3.64792E-1 3.43628E-1 3.85257E-1 2.48003E-1 8.96072E-2 5.46579E-1 5.05243E-1 5.0883E-1 5.80586E-1 1.50144E-1 5.18189E-1 5.08859E-1 5.16512E-1 4.85626E-1 4.13865E-1
9.35034E-2 1.09328E-1 1.07311E-1 1.36533E-1 1.25585E-1 1.13197E-1 1.14531E-1 1.23047E-1 1.25986E-1 1.397E-1 1.91484E-1 2.34412E-1 2.75697E-1 2.35995E-1 1.84507E-1 1.36414E-1 1.49436E-1 1.51914E-1 1.22175E-1 1.53272E-1 1.24029E-1 1.0942E-1 9.91909E-2 1.11382E-1 1.14004E-1 2.37064E-1 1.4388E-1 1.70821E-1 1.46865E-1 -9999 -9999 -9999 -9999 -9999 -9999 -9999 -9999 -9999 -9999 -9999 -9999 -9999 -9999 1.55566E-1 3.59713E-1 4.06428E-1 3.98707E-1 4.04409E-1 4.18516E-1 4.80956E-1 5.9873E-1 5.5111E-1 3.10775E-1 6.96866E-1 6.78976E-1 4.24198E-1 3.63592E-1 1.87087E-1 1.17592E-1 3.71022E-1
9.8535E-2 9.75979E-2 9.20991E-2 4.03866E-2 9.96326E-2 9.92168E-2 1.00539E-1 1.04625E-1 1.08595E-1 1.19406E-1 1.39971E-1 2.03999E-1 2.73692E-1 1.78597E-1 2.63195E-1 1.60857E-1 1.34449E-1 1.78673E-1 1.80013E-1 1.38838E-1 1.34821E-1 1.45584E-1 1.40732E-1 1.66406E-1 1.62854E-1 5.23892E-2 1.79894E-1 1.78408E-1 1.94714E-1 1.50688E-1 -9999 -9999 -9999 -9999 -9999 -9999 -9999 -9999 -9999 -9999 -9999 -9999 -9999 3.48327E-1 2.35255E-1 4.50359E-1 4.52197E-1 4.65054E-1 4.62138E-1 3.39793E-1 2.22653E-1 6.93081E-1 6.78176E-1 7.07479E-1 6.08859E-1 3.37136E-1 3.25942E-1 1.82838E-1 3.45813E-1 3.3863E-1
1.26121E-1 1.25807E-1 1.20824E-1 1.16161E-1 1.02723E-1 9.32421E-2 8.94217E-2 9.28879E-2 9.15219E-2 1.08515E-1 1.3155E-1 1.58568E-1 2.61132E-1 2.95111E-1 2.55375E-1 1.97768E-1 1.79385E-1 4.92008E-2 4.57036E-2 9.21004E-2 1.12364E-1 1.23557E-1 1.22224E-1 1.50384E-1 1.60064E-1 1.84082E-1 4.13385E-2 1.42263E-1 2.4859E-1 9.72906E-2 1.49385E-1 -9999 -9999 -9999 -9999 -9999 -9999 -9999 -9999 -9999 -9999 -9999 -9999 3.37968E-1 3.61811E-1 4.5331E-1 4.60503E-1 2.87451E-1 3.60194E-1 1.01855E-1 4.2893E-1 4.70194E-1 6.47232E-1 2.93111E-1 4.84949E-1 3.03099E-1 3.30561E-1 2.35278E-1 3.78298E-1 3.35323E-1
1.48101E-1 1.41265E-1 1.37754E-1 1.38493E-1 8.06118E-2 1.21459E-1 1.00591E-1 1.00454E-1 9.98667E-2 1.17637E-1 1.38286E-1 1.64884E-1 6.76723E-2 2.34985E-1 2.40483E-1 2.02059E-1 1.50124E-1 1.17252E-1 8.0666E-2 8.77512E-2 1.12072E-1 1.33116E-1 1.36158E-1 1.77813E-1 1.87242E-1 1.6487E-1 2.32365E-1 1.00988E-1 2.4167E-1 1.06711E-1 2.02264E-1 -9999 -9999 -9999 -9999 -9999 -9999 -9999 -9999 -9999 -9999 -9999 3.5634E-1 1.67214E-1 3.66908E-1 4.31009E-1 4.25021E-1 4.57002E-1 4.51379E-1 3.48701E-1 2.88327E-1 3.95095E-1 4.6792E-1 4.29146E-1 4.11579E-1 2.82831E-1 3.43816E-1 7.99961E-2 3.73366E-1 3.0041E-1
1.33389E-1 1.3293E-1 1.23497E-1 1.18484E-1 1.31838E-1 6.9297E-2 1.6157E-1 1.29868E-1 1.23108E-1 1.37632E-1 1.59028E-1 1.91349E-1 9.40034E-2 2.24508E-1 1.98728E-1 1.31864E-1 1.05054E-1 5.04251E-2 7.03964E-2 9.68408E-2 1.88576E-1 1.52309E-1 1.94329E-1 2.297E-1 2.21524E-1 1.5095E-1 1.43455E-1 1.18028E-1 1.00872E-1 1.01775E-1 2.39729E-1 2.12016E-1 -9999 -9999 -9999 -9999 -9999 -9999 -9999 -9999 -9999 3.00307E-1 3.09151E-1 3.11171E-1 4.31543E-1 4.68692E-1 4.83466E-1 5.35501E-1 3.94332E-1 4.53406E-1 3.33557E-1 3.21376E-1 5.38534E-1 4.21971E-1 4.04278E-1 4.79234E-1 4.63334E-1 4.50892E-1 4.8513E-1 4.15051E-1
1.54173E-1 1.54905E-1 1.52648E-1 1.34117E-1 1.28142E-1 2.21627E-1 1.36263E-1 1.54336E-1 1.44731E-1 1.62301E-1 1.7485E-1 2.02512E-1 2.131E-1 2.13893E-1 2.42763E-1 1.20511E-1 5.48918E-2 1.77416E-2 7.16382E-2 1.13434E-1 1.86631E-1 2.13308E-1 2.50461E-1 2.77992E-1 2.30919E-1 1.62184E-1 1.67027E-1 9.27327E-2 1.16815E-1 9.87544E-2 2.03565E-1 1.94121E-1 -9999 -9999 -9999 -9999 -9999 -9999 -9999 -9999 2.47064E-1 2.80834E-1 2.78592E-1 3.15126E-1 1.72155E-1 2.68047E-1 2.06487E-1 4.46109E-1 6.00361E-2 2.36616E-1 4.41121E-1 3.61244E-1 5.79526E-1 5.60329E-1 5.17322E-1 4.83701E-1 2.48819E-1 1.45041E-1 1.61196E-1 4.69573E-1
1.60116E-1 1.71492E-1 1.80388E-1 1.62811E-1 1.69743E-1 2.24202E-1 1.33078E-1 2.11878E-1 1.76619E-1 1.86841E-1 2.14284E-1 1.75486E-1 8.28402E-2 1.83615E-1 2.21385E-2 1.29999E-1 5.96564E-2 3.22261E-2 1.07429E-1 1.26979E-1 2.91065E-1 3.09117E-1 2.749E-1 1.8547E-1 1.73264E-1 1.51985E-1 1.62622E-1 1.32674E-1 1.08853E-1 1.49392E-1 1.09549E-1 1.39232E-1 1.75557E-1 -9999 -9999 -9999 -9999 -9999 -9999 5.44889E-2 2.09706E-1 2.5866E-1 2.59455E-1 2.89009E-1 2.99488E-1 3.65387E-1 2.55328E-1 1.48579E-1 4.23942E-1 3.39742E-1 8.85875E-2 5.31588E-1 3.03256E-1 5.89372E-1 5.70681E-1 4.56106E-1 4.69343E-1 5.15971E-1 5.64684E-1 3.5529E-1
1.3413E-1 1.52319E-1 1.23107E-1 1.49992E-1 1.64817E-1 2.26875E-1 2.66617E-1 2.80789E-1 2.14107E-1 5.78283E-2 2.2167E-1 1.99502E-1 1.80832E-1 1.64916E-1 1.31736E-1 1.09637E-1 2.79812E-2 1.12304E-1 1.31404E-1 1.79911E-1 3.76971E-1 3.40089E-1 2.3087E-1 2.05746E-1 2.03964E-1 1.58762E-1 1.63829E-1 1.35072E-1 1.00161E-1 1.42171E-1 9.97611E-2 1.23909E-1 1.44414E-1 -9999 -9999 -9999 -9999 -9999 -9999 1.24329E-1 3.09834E-1 3.34804E-1 3.34581E-1 3.39402E-1 3.52272E-1 4.73007E-1 3.65576E-1 9.91174E-2 4.84379E-1 3.83171E-1 4.63483E-1 4.54299E-1 4.33281E-1 2.77734E-1 3.89702E-1 5.37917E-1 4.88777E-1 4.93199E-1 5.48205E-1 3.40796E-1
1.13986E-1 1.49416E-1 1.61671E-1 1.37444E-1 1.57959E-1 2.06703E-1 2.31841E-1 3.84917E-2 2.51472E-1 2.33537E-1 2.04805E-1 1.6936E-1 1.64635E-1 1.64198E-1 1.16627E-1 1.07115E-1 1.36794E-1 1.3503E-1 5.41685E-2 2.53553E-1 4.07317E-1 3.68173E-1 2.8789E-1 1.9624E-1 1.85271E-1 1.38296E-1 1.22137E-1 9.07591E-2 6.86842E-2 6.52215E-2 9.83595E-2 1.06788E-1 1.38415E-1 1.09253E-1 -9999 -9999 -9999 1.4688E-1 1.60808E-1 2.32841E-1 1.88585E-1 2.32279E-1 3.80734E-1 1.18628E-1 4.67789E-1 4.20992E-1 6.363E-1 4.2251E-1 5.11569E-1 4.47518E-1 4.43606E-1 4.50826E-1 4.43138E-1 2.50193E-1 5.87068E-1 3.43022E-1 4.19632E-1 5.08229E-1 5.94264E-1 5.44716E-1
1.13892E-1 1.54719E-1 2.0362E-1 1.66112E-1 1.55983E-1 2.35302E-1 6.56261E-2 1.65E-1 3.26013E-1 2.07278E-1 1.30332E-1 1.21009E-1 1.15047E-1 1.05542E-1 1.00805E-1 1.77201E-1 1.93582E-1 2.63274E-1 3.44307E-1 1.87797E-1 3.79611E-1 3.0717E-1 1.81734E-1 1.35893E-1 1.18063E-1 1.03113E-1 9.79896E-2 7.45374E-2 7.3475E-2 1.20804E-1 1.64294E-1 6.19192E-2 4.98564E-2 6.10328E-2 9.48972E-2 2.17208E-1 2.86864E-1 3.79793E-1 1.46749E-1 4.96922E-1 4.9492E-1 4.9201E-1 4.89458E-1 6.1032E-1 1.93265E-1 6.39522E-1 3.14235E-1 3.90002E-1 5.0273E-1 4.11449E-1 4.03835E-1 4.07404E-1 4.40282E-1 3.4126E-1 5.04418E-1 4.58148E-1 4.93992E-1 5.86967E-1 3.07959E-1 4.81856E-1
1.08933E-1 1.38066E-1 1.95744E-1 2.09057E-1 2.03241E-1 2.83837E-1 2.66932E-1 1.59339E-1 2.94437E-1 1.80475E-1 1.13395E-1 1.19515E-1 1.01373E-1 8.69721E-2 9.1618E-2 1.59646E-1 1.86159E-1 2.12857E-1 2.68655E-1 2.64706E-1 3.41746E-1 1.99434E-1 1.52003E-1 1.23279E-1 1.14826E-1 1.13389E-1 8.53414E-2 1.35947E-1 1.24408E-1 9.48457E-2 1.5715E-1 7.54248E-2 6.18248E-2 1.03399E-1 1.06874E-1 2.54118E-1 3.45792E-1 3.97044E-1 4.49924E-1 5.16359E-1 3.17393E-1 5.47078E-1 5.13399E-1 5.81E-1 3.15093E-1 1.38741E-1 2.89381E-1 3.00665E-1 4.98403E-1 3.61146E-1 3.8135E-1 3.69603E-1 4.05972E-1 4.95728E-1 2.01061E-1 1.88556E-1 5.34775E-1 6.12288E-1 5.46642E-1 1.93336E-1
